1:           1.901157e-01 0.115270873  1.646221e-01 1.276565e-01 1.705108e-01 1.136947e-01 0.1181293641 1           
2:           1.000000e-09 0.000000001  1.000000e-09 3.707178e-01 1.000000e-09 6.292822e-01 0.0000000010 1           
3:           1.575388e-01 0.104426207  1.000000e-09 2.266951e-01 4.998810e-01 1.145896e-02 0.0000000010 1           
4:           2.144069e-01 0.153964809  3.872734e-02 2.405233e-02 1.215671e-01 2.164434e-01 0.2308380328 1           
5:           2.555337e-01 0.000000001  1.000000e-09 1.000000e-09 7.444662e-01 1.000000e-09 0.0000000010 1           
6:           1.000000e+00 0.000000001  1.000000e-09 1.000000e-09 1.000000e-09 1.000000e-09 0.0000000010 1           
7:           1.000000e-09 0.000000001  1.000000e-09 4.465765e-01 1.000000e-09 1.000000e-09 0.5534235295 1           
8:           1.000000e-09 0.000000001  1.000000e-09 1.000000e-09 1.000000e-09 1.000000e+00 0.0000000010 1           
9:           1.401021e-01 0.047205854  2.653808e-01 1.923728e-01 5.153260e-02 6.839831e-02 0.2350076159 1           
10:          1.000000e-09 0.000000001  1.000000e-09 1.000000e-09 4.686614e-01 5.313386e-01 0.0000000010 1           
11:          2.190195e-01 0.052236533  5.820532e-02 7.362304e-02 1.789619e-01 2.341533e-01 0.1838004579 1           
12:          1.000000e-09 0.000000001  1.000000e-09 1.000000e-09 1.000000e-09 1.000000e+00 0.0000000010 1           
13:          1.000000e-09 0.000000001  1.000000e-09 1.000000e-09 1.000000e-09 4.240452e-01 0.5759547810 1           
14:          2.962316e-01 0.199166962  1.000000e-09 3.699907e-01 1.346107e-01 1.000000e-09 0.0000000010 1           
15:          1.000000e-09 0.000000001  2.779827e-01 1.000000e-09 3.256312e-01 1.462669e-01 0.2501192456 1           
16:          1.000000e-09 0.000000001  1.000000e-09 1.000000e-09 1.000000e-09 1.000000e+00 0.0000000010 1           
17:          1.000000e-09 0.000000001  1.000000e-09 1.000000e-09 1.000000e-09 1.000000e-09 0.9999999940 1           
18:          2.020418e-01 0.000000001  1.000000e-09 2.534751e-01 4.019656e-01 1.425175e-01 0.0000000010 1           
19:          1.000000e-09 0.000000001  1.000000e-09 1.000000e+00 1.000000e-09 1.000000e-09 0.0000000010 1           
20:          4.062898e-01 0.502216899  1.000000e-09 9.149329e-02 1.000000e-09 1.000000e-09 0.0000000010 1           
21:          4.037629e-01 0.000000001  1.000000e-09 1.000000e-09 1.000000e-09 1.000000e-09 0.5962370855 1           
22:          3.491909e-01 0.000000001  1.000033e-09 1.000191e-09 1.000000e-09 2.956691e-01 0.3551400016 1           
23:          5.316749e-01 0.000000001  1.000000e-09 1.000000e-09 1.000000e-09 1.000000e-09 0.4683251050 1           
24:          1.330998e-02 0.000000001  1.000000e-09 3.780099e-01 6.086801e-01 1.000000e-09 0.0000000010 1           
25:          1.000000e-09 0.000000001  1.000000e-09 1.000000e-09 1.000000e-09 1.000000e-09 0.9999999940 1           
26:          4.001305e-01 0.000000001  1.000000e-09 1.000000e-09 4.633860e-01 1.000000e-09 0.1364834245 1           
27:          1.000000e+00 0.000000001  1.000000e-09 1.000000e-09 1.000000e-09 1.000000e-09 0.0000000010 1           
28:          2.213182e-02 0.260831878  1.995071e-01 2.204750e-01 1.435856e-02 1.623305e-01 0.1203651688 1           
29:          1.780202e-01 0.103633252  1.245038e-01 1.376776e-01 1.096982e-01 2.015025e-01 0.1449644981 1           
30:          1.000000e-09 0.000000001  1.000000e-09 1.000000e+00 1.000000e-09 1.000000e-09 0.0000000010 1           
31:          1.239938e-01 0.045649517  1.272348e-01 2.280028e-01 1.521742e-01 1.238171e-01 0.1991278359 1           
32:          1.793801e-01 0.175059219  8.333426e-02 1.960894e-01 1.712001e-01 3.317555e-02 0.1617612716 1           
33:          5.609649e-06 0.000000001  1.000000e-09 7.403671e-01 1.000000e-09 2.596273e-01 0.0000000010 1           
34:          2.889540e-01 0.000000001  1.002914e-09 1.000000e-09 7.110460e-01 1.007587e-09 0.0000000010 1           
35:          1.000000e+00 0.000000001  1.000000e-09 1.000000e-09 1.000000e-09 1.000000e-09 0.0000000010 1           
36:          4.796416e-01 0.000000001  1.000000e-09 1.643048e-01 1.000000e-09 3.560537e-01 0.0000000010 1           
37:          1.000000e-09 0.000000001  1.000000e-09 1.000000e-09 1.000000e-09 1.000000e+00 0.0000000010 1           
38:          1.000000e-09 0.000000001  1.000000e-09 1.000000e-09 1.000000e-09 1.000000e-09 0.9999999940 1           
39:          1.000000e-09 0.000000001  1.000000e-09 1.179013e-07 5.177404e-01 4.822594e-01 0.0000000010 1           
40:          1.000000e-09 0.000000001  1.000000e-09 1.000000e+00 1.000000e-09 1.000000e-09 0.0000000010 1           
41:          9.179790e-02 0.024439580  1.371614e-01 3.803760e-02 1.541720e-01 2.964948e-01 0.2578966430 1           
42:          1.000000e-09 0.000000001  1.000000e-09 1.000000e-09 1.000000e+00 1.000000e-09 0.0000000010 1           
43:          1.000000e-09 0.000000001  1.000000e-09 1.000000e+00 1.000000e-09 1.000000e-09 0.0000000010 1           
44:          1.000000e-09 0.000000001  1.000000e-09 1.000000e-09 1.000000e-09 1.000000e+00 0.0000000010 1           
45:          1.000000e-09 0.000000001  1.000000e-09 5.000730e-01 1.027960e-04 4.998242e-01 0.0000000010 1           
46:          1.807604e-01 0.145777176  1.041936e-01 1.251214e-01 1.003956e-01 1.772010e-01 0.1665507280 1           
47:          1.000000e-09 0.000000001  1.000000e-09 5.000001e-01 1.000000e-09 4.999999e-01 0.0000000010 1           
48:          1.000000e-09 0.000000001  1.000000e-09 3.268761e-01 6.731239e-01 1.000000e-09 0.0000000010 1           
49:          1.000000e-09 0.999913664  1.000000e-09 1.000000e-09 8.633094e-05 1.000000e-09 0.0000000010 1           
50:          1.000000e-09 0.000000001  1.000000e-09 1.000000e-09 1.000000e-09 1.000000e+00 0.0000000010 1           
51:          2.080433e-01 0.000000001  1.000000e-09 2.516151e-01 3.093747e-01 1.000000e-09 0.2309668186 1           
52:          1.000000e-09 0.000000001  1.000000e-09 1.000000e-09 1.000000e+00 1.000000e-09 0.0000000010 1           
53:          1.287143e-01 0.043804457  2.538295e-01 2.301553e-01 6.996872e-02 2.257619e-01 0.0477658676 1           
54:          3.673751e-01 0.000000001  1.000000e-09 3.560451e-01 1.000000e-09 1.000000e-09 0.2765798462 1           
55:          1.000000e-09 0.000000001  1.000000e-09 1.000000e-09 1.000000e-09 1.000000e+00 0.0000000010 1           
56:          1.000000e-09 0.000000001  1.000000e-09 1.000000e+00 1.000000e-09 1.000000e-09 0.0000000010 1           
57:          1.000000e+00 0.000000001  1.000000e-09 1.000000e-09 1.000000e-09 1.000000e-09 0.0000000010 1           
58:          1.722880e-01 0.079168386  2.322498e-01 3.124337e-02 2.178519e-02 2.978873e-01 0.1653779523 1           
59:          3.977419e-01 0.000000001  1.000000e-09 6.022581e-01 1.000000e-09 1.000000e-09 0.0000000010 1           
60:          1.624993e-01 0.324930568  9.876658e-02 9.535467e-02 5.608995e-02 1.359775e-01 0.1263814538 1           
61:          1.000000e-09 0.000000001  1.000000e-09 1.000000e-09 1.000000e-09 1.000000e+00 0.0000000010 1           
62:          1.000000e-09 0.000000001  1.000000e+00 1.000000e-09 1.000000e-09 1.000000e-09 0.0000000010 1           
63:          2.609469e-01 0.131871855  1.849884e-01 2.263479e-01 7.419685e-02 6.569444e-02 0.0559536604 1           
64:          1.000000e-09 0.000000001  1.000000e-09 1.000000e-09 1.000000e-09 1.000000e+00 0.0000000010 1           
65:          2.338860e-01 0.023631552  1.934368e-01 3.828501e-02 1.428122e-02 1.578917e-01 0.3385877587 1           
66:          1.000000e-09 0.000000001  1.000000e-09 2.075163e-01 7.924837e-01 1.000000e-09 0.0000000010 1           
67:          1.582191e-01 0.051208116  3.087007e-01 1.034018e-01 2.046113e-01 1.655227e-01 0.0083363268 1           
68:          1.000000e-09 0.000000001  1.000000e-09 1.000000e-09 3.502979e-01 6.497021e-01 0.0000000010 1           
69:          1.000000e-09 0.999999994  1.000000e-09 1.000000e-09 1.000000e-09 1.000000e-09 0.0000000010 1           
70:          1.000000e-09 0.000000001  1.000000e-09 1.000000e-09 1.000000e-09 1.000000e+00 0.0000000010 1           
71:          2.636508e-01 0.060635207  1.698567e-02 9.273276e-02 1.043641e-01 2.805991e-01 0.1810322497 1           
72:          2.923143e-01 0.000000001  1.000034e-09 1.000187e-09 1.000000e-09 3.369326e-01 0.3707530515 1           
73:          1.000000e-09 0.493094705  1.000000e-09 1.000000e-09 1.000000e-09 5.069053e-01 0.0000000010 1           
74:          6.521750e-02 0.055849741  3.988851e-02 2.399467e-01 1.002550e-01 4.556209e-01 0.0432216559 1           
75:          1.196594e-01 0.165280632  1.149943e-01 7.981962e-02 2.222845e-01 1.309627e-01 0.1669987993 1           
76:          6.402605e-01 0.000000001  1.000000e-09 1.000000e-09 3.597395e-01 1.000000e-09 0.0000000010 1           
77:          2.889540e-01 0.000000001  1.002914e-09 1.000000e-09 7.110460e-01 1.007587e-09 0.0000000010 1           
78:          3.117611e-01 0.000000001  1.000050e-09 1.000310e-09 1.000000e-09 3.852862e-01 0.3029527030 1           
79:          1.000000e-09 0.000000001  1.000000e-09 1.000000e-09 1.000000e-09 1.000000e+00 0.0000000010 1           
80:          1.000000e+00 0.000000001  1.000000e-09 1.000000e-09 1.000000e-09 1.000000e-09 0.0000000010 1           
81:          1.429338e-01 0.220992998  2.379145e-01 9.389875e-02 1.221553e-01 1.245971e-01 0.0575074296 1           
82:          1.000000e-09 0.000000001  1.000000e-09 1.000000e-09 1.000000e-09 1.000000e+00 0.0000000010 1           
83:          1.000000e-09 0.000000001  1.000000e-09 1.000000e-09 1.000000e-09 1.000000e-09 0.9999999940 1           
84:          1.524892e-01 0.107468379  8.951300e-02 1.657284e-01 2.084897e-01 7.160207e-02 0.2047092393 1           
85:          1.000000e+00 0.000000001  1.000000e-09 1.000000e-09 1.000000e-09 1.000000e-09 0.0000000010 1           
86:          1.000000e-09 0.000000001  1.000000e-09 1.000000e-09 1.000000e-09 1.000000e-09 0.9999999940 1           
87:          1.000000e-09 0.000000001  1.000000e-09 1.000000e-09 1.000000e-09 1.000000e+00 0.0000000010 1           
88:          4.121652e-02 0.114547245  1.008913e-01 1.951863e-01 2.230591e-01 1.912734e-01 0.1338262691 1           
89:          1.000000e-09 0.000000001  4.288473e-01 1.000000e-09 5.518410e-04 4.388216e-02 0.5267187436 1           
90:          1.000000e-09 0.000000001  1.000000e+00 1.000000e-09 1.000000e-09 1.000000e-09 0.0000000010 1           
91:          1.178290e-01 0.000000001  1.000057e-09 1.000238e-09 1.000000e-09 4.179463e-01 0.4642246550 1           
92:          1.000000e-09 0.000000001  1.000000e-09 3.662972e-01 6.425352e-02 5.694492e-01 0.0000000010 1           
93:          2.156938e-01 0.000000001  1.000000e-09 1.000000e-09 1.000000e-09 1.000000e-09 0.7843061943 1           
94:          1.000000e-09 0.000000001  1.000000e-09 1.000000e-09 1.000000e-09 1.000000e-09 0.9999999940 1           
95:          1.000000e-09 0.000000001  1.000000e-09 1.000000e-09 1.000000e-09 1.000000e-09 0.9999999940 1           
96:          1.742186e-01 0.000000001  1.000038e-09 1.000156e-09 1.000000e-09 3.519186e-01 0.4738627591 1           
97:          5.319513e-02 0.437526336  2.971681e-01 1.000000e-09 1.000000e-09 1.000000e-09 0.2121104836 1           
98:          4.417895e-01 0.259931043  1.000000e-09 1.006231e-01 1.000000e-09 1.976563e-01 0.0000000010 1           
99:          2.370674e-01 0.532689428  1.000000e-09 1.000000e-09 1.000000e-09 9.011595e-02 0.1401272604 1           
100:         4.288465e-01 0.000000001  1.644527e-01 1.000000e-09 1.000000e-09 1.000000e-09 0.4067007471 1           
101:         1.505560e-01 0.000000001  2.706110e-01 1.000000e-09 4.151759e-01 1.636571e-01 0.0000000010 1           
102:         1.000000e-09 0.496700832  3.559408e-01 1.000000e-09 1.473584e-01 1.000000e-09 0.0000000010 1           
103:         1.000000e-09 0.999999994  1.000000e-09 1.000000e-09 1.000000e-09 1.000000e-09 0.0000000010 1           
104:         1.000000e+00 0.000000001  1.000000e-09 1.000000e-09 1.000000e-09 1.000000e-09 0.0000000010 1           
105:         6.190003e-02 0.089150106  2.250416e-01 4.509415e-02 3.085038e-01 1.726517e-01 0.0976587165 1           
106:         6.718800e-01 0.000000001  3.281200e-01 1.000000e-09 1.000000e-09 1.000000e-09 0.0000000010 1           
107:         2.933209e-01 0.000000001  1.000000e-09 3.749293e-01 1.000000e-09 1.000000e-09 0.3317498018 1           
108:         1.534859e-01 0.142593872  1.674078e-01 9.173367e-02 1.769583e-01 1.733561e-01 0.0944643822 1           
109:         2.378338e-01 0.000000001  1.000000e-09 1.000000e-09 5.310482e-01 2.311180e-01 0.0000000010 1           
110:         1.000000e-09 0.000000001  1.000000e-09 6.394966e-02 9.360503e-01 1.000000e-09 0.0000000010 1           
111:         4.104788e-01 0.000000001  1.000000e-09 1.167667e-04 3.799990e-01 1.000000e-09 0.2094054339 1           
112:         5.041267e-02 0.199089100  1.718870e-01 2.304726e-01 1.248377e-01 1.267457e-01 0.0965551923 1           
113:         1.000000e-09 0.000000001  1.000000e-09 4.537285e-01 1.000000e-09 1.000000e-09 0.5462715087 1           
114:         4.571232e-01 0.486289322  1.000000e-09 5.658752e-02 1.000000e-09 1.000000e-09 0.0000000010 1           
115:         1.000000e-09 0.337347766  1.000000e-09 2.217428e-01 1.000000e-09 3.543451e-01 0.0865642593 1           
116:         5.411200e-02 0.435833500  2.926570e-01 1.000000e-09 1.000000e-09 1.000000e-09 0.2173975095 1           
117:         7.595409e-02 0.000000001  3.089741e-01 2.025396e-01 3.032589e-01 1.087951e-01 0.0004781938 1           
118:         1.000000e-09 0.999981972  1.000000e-09 1.000000e-09 1.802252e-05 1.000000e-09 0.0000000010 1           
119:         5.026472e-01 0.000000001  4.973528e-01 1.000000e-09 1.000000e-09 1.000000e-09 0.0000000010 1           
120:         4.322672e-02 0.430081325  2.964822e-01 1.000000e-09 1.000000e-09 1.000000e-09 0.2302097948 1           
121:         1.000000e-09 0.999999994  1.000000e-09 1.000000e-09 1.000000e-09 1.000000e-09 0.0000000010 1           
122:         4.772254e-02 0.460598185  4.916793e-01 1.000000e-09 1.000000e-09 1.000000e-09 0.0000000010 1           
123:         4.617218e-02 0.461947562  4.918803e-01 1.000000e-09 1.000000e-09 1.000000e-09 0.0000000010 1           
124:         1.954917e-01 0.122848556  6.901015e-02 1.028267e-01 2.316652e-01 6.306786e-02 0.2150897943 1           
125:         2.021478e-01 0.000000001  1.000000e-09 7.366099e-01 1.000000e-09 6.124225e-02 0.0000000010 1           
126:         5.410763e-02 0.435833391  2.926629e-01 1.000000e-09 1.000000e-09 1.000000e-09 0.2173960709 1           
127:         1.228779e-01 0.009609189  6.155304e-02 2.560319e-01 2.722288e-01 1.903065e-01 0.0873925822 1           
128:         1.203159e-01 0.254193253  7.563464e-02 5.977258e-02 7.572439e-02 1.876625e-01 0.2266967065 1           
129:         3.939074e-01 0.000000001  1.000000e-09 1.000000e-09 1.000000e-09 2.462201e-02 0.5814706096 1           
130:         1.000000e+00 0.000000001  1.000000e-09 1.000000e-09 1.000000e-09 1.000000e-09 0.0000000010 1           
131:         1.000000e-09 0.000000001  1.000000e-09 4.632564e-01 4.490951e-01 8.764851e-02 0.0000000010 1           
132:         1.000000e-09 0.312944311  3.232848e-01 1.000000e-09 1.000000e-09 5.678760e-02 0.3069833129 1           
133:         1.000000e-09 0.000000001  1.000000e-09 1.000000e-09 1.000000e-09 1.000000e+00 0.0000000010 1           
134:         8.746586e-02 0.370305204  3.086317e-01 1.000000e-09 1.094190e-01 1.000000e-09 0.1241783058 1           
135:         1.000000e-09 0.139866933  1.000000e-09 1.000000e-09 2.645649e-01 3.551820e-01 0.2403861899 1           
136:         4.087764e-01 0.000000001  2.600233e-01 1.000000e-09 3.312003e-01 1.000000e-09 0.0000000010 1           
137:         1.000000e-09 0.000000001  1.000000e-09 1.000000e-09 1.000000e+00 1.000000e-09 0.0000000010 1           
138:         1.000000e-09 0.447557209  5.042685e-01 1.000000e-09 1.000000e-09 4.817432e-02 0.0000000010 1           
139:         1.000000e-09 0.000000001  1.000000e-09 1.000000e-09 1.000000e+00 1.000000e-09 0.0000000010 1           
140:         1.000000e-09 0.000000001  1.000000e-09 1.000000e-09 1.000000e+00 1.000000e-09 0.0000000010 1           
141:         1.580870e-01 0.431239450  1.550244e-01 1.000000e-09 1.000000e-09 1.000000e-09 0.2556490946 1           
142:         8.646591e-02 0.175047509  1.579777e-01 1.416332e-01 2.116510e-01 1.415231e-01 0.0857015508 1           
143:         1.000000e-09 0.000000001  1.000000e-09 1.000000e-09 1.000000e+00 1.000000e-09 0.0000000010 1           
144:         2.240180e-01 0.388028090  1.000000e-09 1.000000e-09 1.000000e-09 1.000000e-09 0.3879538762 1           
145:         2.972307e-02 0.536325219  2.952187e-01 1.000000e-09 1.000000e-09 1.387330e-01 0.0000000010 1           
146:         6.337243e-01 0.000000001  1.000000e-09 1.000000e-09 1.000000e-09 1.000000e-09 0.3662756927 1           
147:         2.735224e-01 0.000000001  5.034944e-01 1.000000e-09 1.000000e-09 1.407995e-01 0.0821837611 1           
148:         3.403934e-01 0.000000001  2.372073e-01 1.000000e-09 1.000000e-09 4.223993e-01 0.0000000010 1           
149:         2.562728e-01 0.000000001  1.000053e-09 1.000260e-09 1.000000e-09 3.287805e-01 0.4149466978 1           
150:         1.000000e-09 0.000000001  1.000000e-09 1.000000e-09 1.000000e-09 1.000000e+00 0.0000000010 1           
151:         5.957446e-02 0.292106906  7.343417e-02 1.739100e-01 2.890481e-02 2.605485e-01 0.1115211318 1           
152:         7.103849e-02 0.021324482  4.257917e-01 1.000000e-09 2.841521e-01 1.976932e-01 0.0000000010 1           
153:         1.222755e-01 0.227916145  3.083573e-01 2.478795e-02 1.000000e-09 3.166631e-01 0.0000000010 1           
154:         5.943890e-02 0.064831319  1.217799e-01 2.990541e-01 2.731261e-01 1.808280e-01 0.0009416696 1           
155:         1.000000e-09 0.407419367  4.336681e-01 1.589126e-01 1.000000e-09 1.000000e-09 0.0000000010 1           
156:         2.605188e-01 0.002268701  1.457803e-01 2.283166e-01 1.644906e-01 1.349391e-01 0.0636859633 1           
157:         4.079013e-01 0.000000001  1.000000e-09 4.645995e-01 1.000000e-09 1.274993e-01 0.0000000010 1           
158:         1.000000e-09 0.000000001  1.000000e-09 5.999932e-01 1.000000e-09 4.000068e-01 0.0000000010 1           
159:         1.000000e-09 0.000000001  4.048407e-01 1.000000e-09 5.951593e-01 1.000000e-09 0.0000000010 1           
160:         3.791554e-01 0.000000001  1.000000e-09 1.000000e-09 1.000000e-09 6.208445e-01 0.0000000010 1           
161:         1.000000e-09 0.000000001  1.000000e-09 4.998946e-01 1.000000e-09 5.001054e-01 0.0000000010 1           
162:         1.000000e-09 0.000000001  1.377139e-01 1.623593e-01 6.272669e-01 1.000000e-09 0.0726599037 1           
163:         2.848857e-01 0.000000001  1.000000e-09 1.000000e-09 3.900674e-01 2.161362e-01 0.1089107116 1           
164:         4.284473e-01 0.000000001  1.000000e-09 1.000000e-09 2.837853e-01 2.877675e-01 0.0000000010 1           
165:         2.575603e-01 0.000000001  1.000000e-09 1.000000e-09 1.000000e-09 7.424397e-01 0.0000000010 1           
166:         5.051193e-01 0.000000001  1.000000e-09 2.295397e-01 1.000000e-09 2.653410e-01 0.0000000010 1           
167:         6.769513e-02 0.112556626  2.413709e-01 1.402194e-01 8.417389e-02 2.357404e-01 0.1182437031 1           
168:         1.000000e-09 0.000000001  1.000000e-09 7.017501e-02 9.298250e-01 1.000000e-09 0.0000000010 1           
169:         1.000000e-09 0.000000001  1.745564e-01 4.229649e-01 4.024787e-01 1.000000e-09 0.0000000010 1           
170:         5.254504e-02 0.239203398  2.214064e-01 2.014090e-01 1.966249e-02 1.212802e-02 0.2536456316 1           
171:         2.515398e-01 0.000000001  1.000000e-09 2.619467e-01 1.000000e-09 1.795298e-01 0.3069836304 1           
172:         1.000000e-09 0.000000001  1.000000e-09 5.000001e-01 1.000000e-09 4.999999e-01 0.0000000010 1           
173:         6.216478e-02 0.937835214  1.000000e-09 1.000000e-09 1.000000e-09 1.000000e-09 0.0000000010 1           
174:         2.104399e-01 0.000000001  1.000000e-09 1.000000e-09 5.524178e-01 1.000000e-09 0.2371423087 1           
175:         3.257291e-01 0.000000001  1.000000e-09 2.984948e-01 3.757761e-01 1.000000e-09 0.0000000010 1           
176:         4.843364e-01 0.000000001  1.000000e-09 5.736495e-02 1.000000e-09 1.000000e-09 0.4582985986 1           
177:         1.000000e-09 0.000000001  1.000000e-09 1.719317e-01 4.375298e-01 3.905385e-01 0.0000000010 1           
178:         1.439803e-01 0.000000001  1.000000e-09 2.018378e-01 5.281857e-01 1.000000e-09 0.1259962940 1           
179:         5.713888e-01 0.000000001  1.000000e-09 4.286112e-01 1.000000e-09 1.000000e-09 0.0000000010 1           
180:         3.229807e-01 0.000000001  1.000000e-09 3.876982e-02 6.382495e-01 1.000000e-09 0.0000000010 1           
181:         2.431873e-01 0.000000001  2.767433e-01 1.000000e-09 7.101202e-02 4.090574e-01 0.0000000010 1           
182:         1.000000e-09 0.000000001  1.000000e-09 1.000000e+00 1.000000e-09 1.000000e-09 0.0000000010 1           
183:         9.993269e-02 0.082007095  1.000000e-09 2.447537e-01 5.363639e-01 3.694257e-02 0.0000000010 1           
184:         1.123875e-01 0.000000001  1.000000e-09 4.404930e-01 4.471195e-01 1.000000e-09 0.0000000010 1           
185:         2.693761e-01 0.346821472  1.000000e-09 3.838024e-01 1.000000e-09 1.000000e-09 0.0000000010 1           
186:         1.000000e-09 0.000000001  3.189096e-01 1.000000e-09 1.000000e-09 1.000000e-09 0.6810904170 1           
187:         7.198157e-02 0.000000001  1.000000e-09 3.700269e-01 1.000000e-09 1.000000e-09 0.5579915167 1           
188:         1.000000e-09 0.241448807  1.000000e-09 3.527229e-01 2.773442e-01 1.000000e-09 0.1284841465 1           
189:         1.000000e-09 0.000000001  1.000000e-09 1.000000e-09 3.517119e-01 3.381395e-01 0.3101485278 1           
190:         4.055421e-01 0.000000001  1.000000e-09 1.000000e-09 5.032090e-01 1.000000e-09 0.0912488529 1           
191:         6.344921e-02 0.000000001  1.000041e-09 1.000104e-09 1.000000e-09 2.884291e-01 0.6481216431 1           
192:         1.000000e-09 0.107151462  1.000000e-09 4.004539e-01 1.000000e-09 4.923947e-01 0.0000000010 1           
193:         1.000000e-09 0.000000001  1.000000e-09 1.000000e-09 3.815016e-01 6.184984e-01 0.0000000010 1           
194:         2.204970e-01 0.353093233  4.260977e-01 1.000000e-09 3.120669e-04 1.000000e-09 0.0000000010 1           
195:         2.021081e-01 0.106121585  1.610593e-01 2.165778e-01 2.147014e-02 1.450082e-01 0.1476549265 1           
196:         1.000000e-09 0.273613780  2.358385e-01 1.000000e-09 1.000000e-09 1.000000e-09 0.4905477519 1           
197:         1.000000e-09 0.999999994  1.000000e-09 1.000000e-09 1.000000e-09 1.000000e-09 0.0000000010 1           
198:         2.160342e-01 0.000000001  1.000000e-09 9.844647e-02 1.000000e-09 6.855194e-01 0.0000000010 1           
199:         1.000000e-09 0.000000001  1.000000e-09 1.000000e-09 1.000000e-09 1.000000e+00 0.0000000010 1           
200:         1.369467e-01 0.125953580  2.087088e-01 2.049315e-01 7.269427e-02 2.125086e-01 0.0382565642 1           
201:         5.145378e-01 0.000000001  4.854622e-01 1.000000e-09 1.000000e-09 1.000000e-09 0.0000000010 1           
202:         8.000029e-03 0.366194833  3.718035e-01 1.000000e-09 1.000000e-09 2.540017e-01 0.0000000010 1           
203:         1.000000e-09 0.000000001  1.000000e-09 1.000000e+00 1.000000e-09 1.000000e-09 0.0000000010 1           
204:         1.000000e-09 0.000000001  1.000000e-09 1.000000e-09 1.000000e-09 1.000000e+00 0.0000000010 1           
205:         2.293757e-01 0.066831978  2.138214e-01 2.402228e-01 9.368741e-02 2.877103e-02 0.1272896408 1           
206:         2.242293e-01 0.000000001  1.000036e-09 1.000184e-09 1.000000e-09 3.964042e-01 0.3793665110 1           
207:         1.935676e-01 0.509801804  2.966306e-01 1.000000e-09 1.000000e-09 1.000000e-09 0.0000000010 1           
208:         1.000000e-09 0.000000001  1.000000e-09 1.000000e-09 1.000000e-09 1.000000e+00 0.0000000010 1           
209:         1.000000e-09 0.999999994  1.000000e-09 1.000000e-09 1.000000e-09 1.000000e-09 0.0000000010 1           
210:         1.000000e-09 0.000000001  1.000000e-09 1.000000e-09 1.000000e-09 1.000000e+00 0.0000000010 1           
211:         4.197760e-01 0.000000001  1.000064e-09 1.000285e-09 1.000000e-09 9.230225e-02 0.4879217438 1           
212:         1.000000e-09 0.282880968  1.000000e-09 1.000000e-09 7.171190e-01 1.000000e-09 0.0000000010 1           
213:         1.000000e-09 0.000000001  1.000000e-09 1.000000e-09 1.000000e-09 1.000000e-09 0.9999999940 1           
214:         1.000000e-09 0.000000001  8.338399e-01 1.000000e-09 1.000000e-09 1.000000e-09 0.1661600830 1           
215:         1.631621e-01 0.000000001  4.639149e-01 1.220702e-02 3.607160e-01 1.000000e-09 0.0000000010 1           
216:         1.000000e-09 0.000000001  1.000000e-09 1.000000e-09 1.000000e-09 1.000000e+00 0.0000000010 1           
217:         8.231066e-02 0.000000001  1.000000e-09 3.025075e-01 1.000000e-09 6.151818e-01 0.0000000010 1           
218:         3.486044e-01 0.000000001  1.000000e-09 1.000000e-09 1.000000e-09 1.000000e-09 0.6513956240 1           
219:         1.452874e-02 0.489004256  4.384633e-01 1.000000e-09 5.800372e-02 1.000000e-09 0.0000000010 1           
220:         1.000000e+00 0.000000001  1.000000e-09 1.000000e-09 1.000000e-09 1.000000e-09 0.0000000010 1           
221:         1.000000e+00 0.000000001  1.000000e-09 1.000000e-09 1.000000e-09 1.000000e-09 0.0000000010 1           
222:         1.000000e-09 0.000000001  1.000000e-09 1.000000e-09 1.000000e-09 1.000000e+00 0.0000000010 1           
223:         1.000000e-09 0.999917632  1.000000e-09 1.000000e-09 8.236260e-05 1.000000e-09 0.0000000010 1           
224:         2.143006e-01 0.072072823  1.165759e-01 2.731707e-02 9.381808e-02 2.906022e-01 0.1853133899 1           
225:         1.000000e-09 0.999994153  1.000000e-09 1.000000e-09 5.842277e-06 1.000000e-09 0.0000000010 1           
226:         3.610744e-01 0.220241071  1.000000e-09 1.000000e-09 1.000000e-09 4.186846e-01 0.0000000010 1           
227:         5.345628e-01 0.000000001  1.000030e-09 1.000205e-09 1.000000e-09 1.566589e-01 0.3087782929 1           
228:         1.000000e-09 0.000000001  1.000000e-09 4.999245e-01 1.000000e-09 5.000755e-01 0.0000000010 1           
229:         1.000000e-09 0.000000001  1.000000e-09 1.000000e-09 1.000000e-09 6.626762e-01 0.3373237945 1           
230:         4.408486e-01 0.000000001  1.000000e-09 1.000000e-09 1.000000e-09 1.000000e-09 0.5591514301 1           
231:         5.822218e-01 0.000000001  1.000000e-09 1.000000e-09 7.379541e-02 3.439828e-01 0.0000000010 1           
232:         1.000000e-09 0.999999994  1.000000e-09 1.000000e-09 1.000000e-09 1.000000e-09 0.0000000010 1           
233:         1.000000e-09 0.000000001  1.000000e-09 1.000000e-09 1.000000e-09 5.584542e-01 0.4415458171 1           
234:         2.473164e-02 0.180360014  1.121454e-01 1.014886e-02 2.192351e-01 2.526852e-01 0.2006938181 1           
235:         1.000000e-09 0.545668541  3.052027e-01 1.000000e-09 1.491287e-01 1.000000e-09 0.0000000010 1           
236:         1.000000e-09 0.000000001  1.000000e-09 1.000000e-09 1.000000e-09 1.164015e-07 0.9999998786 1           
237:         1.000000e-09 0.000000001  1.000000e-09 1.000000e-09 1.000000e-09 1.000000e-09 0.9999999940 1           
238:         9.420334e-01 0.000000001  1.000000e-09 1.000000e-09 1.000000e-09 5.796663e-02 0.0000000010 1           
239:         1.000000e-09 0.467137802  4.105699e-01 1.000000e-09 1.222923e-01 1.000000e-09 0.0000000010 1           
240:         1.000000e-09 0.303437788  1.157938e-01 2.170730e-01 1.000000e-09 1.311228e-02 0.3505831537 1           
241:         1.000000e-09 0.000000001  1.000000e-09 1.000000e-09 1.000000e-09 1.000000e+00 0.0000000010 1           
242:         1.000000e-09 0.999999443  1.000000e-09 1.000000e-09 5.515659e-07 1.000000e-09 0.0000000010 1           
243:         1.000000e-09 0.643269376  1.000000e-09 1.000000e-09 1.000000e-09 1.000000e-09 0.3567306189 1           
244:         1.000000e-09 0.372835046  3.407875e-01 1.000000e-09 1.000000e-09 1.071042e-02 0.2756670665 1           
245:         5.502825e-01 0.449717513  1.000000e-09 1.000000e-09 1.000000e-09 1.000000e-09 0.0000000010 1           
246:         1.000000e-09 0.000000001  3.012566e-01 1.000000e-09 1.000000e-09 1.000000e-09 0.6987434329 1           
247:         1.875593e-01 0.073364294  1.000000e-09 3.754020e-01 1.000000e-09 3.636745e-01 0.0000000010 1           
248:         1.000000e-09 0.000000001  4.242521e-01 1.000000e-09 5.757479e-01 1.000000e-09 0.0000000010 1           
249:         1.303186e-01 0.000000001  2.968411e-01 5.728403e-01 1.000000e-09 1.000000e-09 0.0000000010 1           
250:         6.492097e-02 0.003849911  1.112625e-01 1.122465e-01 3.841319e-01 2.819688e-02 0.2953913708 1           
251:         1.000000e-09 0.000000001  1.000000e-09 1.000000e-09 1.000000e-09 1.000000e-09 0.9999999940 1           
252:         1.000000e-09 0.000000001  1.000000e+00 1.000000e-09 1.000000e-09 1.000000e-09 0.0000000010 1           
253:         3.453430e-01 0.391900240  1.000000e-09 1.000000e-09 1.000000e-09 1.699636e-01 0.0927931574 1           
254:         1.000000e-09 0.000000001  1.000000e-09 1.000000e-09 1.000000e-09 1.000000e-09 0.9999999940 1           
255:         7.708910e-01 0.000000001  1.000000e-09 1.000000e-09 1.000000e-09 1.000000e-09 0.2291089856 1           
256:         1.000000e-09 0.000000001  1.000000e-09 1.000000e-09 1.000000e-09 1.000000e+00 0.0000000010 1           
257:         1.000000e-09 0.000000001  1.000000e-09 1.000000e-09 1.000000e-09 1.000000e+00 0.0000000010 1           
258:         1.000000e-09 0.000000001  1.000000e-09 1.000000e-09 1.000000e-09 1.000000e+00 0.0000000010 1           
259:         1.000000e-09 0.000000001  1.000000e-09 1.000000e-09 1.000000e-09 1.000000e+00 0.0000000010 1           
260:         1.000000e-09 0.000000001  1.000000e-09 1.000000e-09 1.000000e-09 1.000000e+00 0.0000000010 1           
261:         7.992985e-02 0.106409202  2.051765e-01 1.005614e-01 2.638512e-02 2.369126e-01 0.2446252716 1           
262:         1.000000e-09 0.000000001  1.000000e-09 1.000000e-09 1.000000e-09 1.000000e+00 0.0000000010 1           
                          
                          
1:           1.901157e-01 0.115270873  1.646221e-01 1.276565e-01 1.705108e-01 1.136947e-01 0.1181293641 1           
2:           1.000000e-09 0.000000001  1.000000e-09 3.707178e-01 1.000000e-09 6.292822e-01 0.0000000010 1           
3:           1.575388e-01 0.104426207  1.000000e-09 2.266951e-01 4.998810e-01 1.145896e-02 0.0000000010 1           
4:           2.144069e-01 0.153964809  3.872734e-02 2.405233e-02 1.215671e-01 2.164434e-01 0.2308380328 1           
5:           2.555337e-01 0.000000001  1.000000e-09 1.000000e-09 7.444662e-01 1.000000e-09 0.0000000010 1           
6:           1.000000e+00 0.000000001  1.000000e-09 1.000000e-09 1.000000e-09 1.000000e-09 0.0000000010 1           
7:           1.000000e-09 0.000000001  1.000000e-09 4.465765e-01 1.000000e-09 1.000000e-09 0.5534235295 1           
8:           1.000000e-09 0.000000001  1.000000e-09 1.000000e-09 1.000000e-09 1.000000e+00 0.0000000010 1           
9:           1.401021e-01 0.047205854  2.653808e-01 1.923728e-01 5.153260e-02 6.839831e-02 0.2350076159 1           
10:          1.000000e-09 0.000000001  1.000000e-09 1.000000e-09 4.686614e-01 5.313386e-01 0.0000000010 1           
11:          2.190195e-01 0.052236533  5.820532e-02 7.362304e-02 1.789619e-01 2.341533e-01 0.1838004579 1           
12:          1.000000e-09 0.000000001  1.000000e-09 1.000000e-09 1.000000e-09 1.000000e+00 0.0000000010 1           
13:          1.000000e-09 0.000000001  1.000000e-09 1.000000e-09 1.000000e-09 4.240452e-01 0.5759547810 1           
14:          2.962316e-01 0.199166962  1.000000e-09 3.699907e-01 1.346107e-01 1.000000e-09 0.0000000010 1           
15:          1.000000e-09 0.000000001  2.779827e-01 1.000000e-09 3.256312e-01 1.462669e-01 0.2501192456 1           
16:          1.000000e-09 0.000000001  1.000000e-09 1.000000e-09 1.000000e-09 1.000000e+00 0.0000000010 1           
17:          1.000000e-09 0.000000001  1.000000e-09 1.000000e-09 1.000000e-09 1.000000e-09 0.9999999940 1           
18:          2.020418e-01 0.000000001  1.000000e-09 2.534751e-01 4.019656e-01 1.425175e-01 0.0000000010 1           
19:          1.000000e-09 0.000000001  1.000000e-09 1.000000e+00 1.000000e-09 1.000000e-09 0.0000000010 1           
20:          4.062898e-01 0.502216899  1.000000e-09 9.149329e-02 1.000000e-09 1.000000e-09 0.0000000010 1           
21:          4.037629e-01 0.000000001  1.000000e-09 1.000000e-09 1.000000e-09 1.000000e-09 0.5962370855 1           
22:          3.491909e-01 0.000000001  1.000033e-09 1.000191e-09 1.000000e-09 2.956691e-01 0.3551400016 1           
23:          5.316749e-01 0.000000001  1.000000e-09 1.000000e-09 1.000000e-09 1.000000e-09 0.4683251050 1           
24:          1.330998e-02 0.000000001  1.000000e-09 3.780099e-01 6.086801e-01 1.000000e-09 0.0000000010 1           
25:          1.000000e-09 0.000000001  1.000000e-09 1.000000e-09 1.000000e-09 1.000000e-09 0.9999999940 1           
26:          4.001305e-01 0.000000001  1.000000e-09 1.000000e-09 4.633860e-01 1.000000e-09 0.1364834245 1           
27:          1.000000e+00 0.000000001  1.000000e-09 1.000000e-09 1.000000e-09 1.000000e-09 0.0000000010 1           
28:          2.213182e-02 0.260831878  1.995071e-01 2.204750e-01 1.435856e-02 1.623305e-01 0.1203651688 1           
29:          1.780202e-01 0.103633252  1.245038e-01 1.376776e-01 1.096982e-01 2.015025e-01 0.1449644981 1           
30:          1.000000e-09 0.000000001  1.000000e-09 1.000000e+00 1.000000e-09 1.000000e-09 0.0000000010 1           
31:          1.239938e-01 0.045649517  1.272348e-01 2.280028e-01 1.521742e-01 1.238171e-01 0.1991278359 1           
32:          1.793801e-01 0.175059219  8.333426e-02 1.960894e-01 1.712001e-01 3.317555e-02 0.1617612716 1           
33:          5.609649e-06 0.000000001  1.000000e-09 7.403671e-01 1.000000e-09 2.596273e-01 0.0000000010 1           
34:          2.889540e-01 0.000000001  1.002914e-09 1.000000e-09 7.110460e-01 1.007587e-09 0.0000000010 1           
35:          1.000000e+00 0.000000001  1.000000e-09 1.000000e-09 1.000000e-09 1.000000e-09 0.0000000010 1           
36:          4.796416e-01 0.000000001  1.000000e-09 1.643048e-01 1.000000e-09 3.560537e-01 0.0000000010 1           
37:          1.000000e-09 0.000000001  1.000000e-09 1.000000e-09 1.000000e-09 1.000000e+00 0.0000000010 1           
38:          1.000000e-09 0.000000001  1.000000e-09 1.000000e-09 1.000000e-09 1.000000e-09 0.9999999940 1           
39:          1.000000e-09 0.000000001  1.000000e-09 1.179013e-07 5.177404e-01 4.822594e-01 0.0000000010 1           
40:          1.000000e-09 0.000000001  1.000000e-09 1.000000e+00 1.000000e-09 1.000000e-09 0.0000000010 1           
41:          9.179790e-02 0.024439580  1.371614e-01 3.803760e-02 1.541720e-01 2.964948e-01 0.2578966430 1           
42:          1.000000e-09 0.000000001  1.000000e-09 1.000000e-09 1.000000e+00 1.000000e-09 0.0000000010 1           
43:          1.000000e-09 0.000000001  1.000000e-09 1.000000e+00 1.000000e-09 1.000000e-09 0.0000000010 1           
44:          1.000000e-09 0.000000001  1.000000e-09 1.000000e-09 1.000000e-09 1.000000e+00 0.0000000010 1           
45:          1.000000e-09 0.000000001  1.000000e-09 5.000730e-01 1.027960e-04 4.998242e-01 0.0000000010 1           
46:          1.807604e-01 0.145777176  1.041936e-01 1.251214e-01 1.003956e-01 1.772010e-01 0.1665507280 1           
47:          1.000000e-09 0.000000001  1.000000e-09 5.000001e-01 1.000000e-09 4.999999e-01 0.0000000010 1           
48:          1.000000e-09 0.000000001  1.000000e-09 3.268761e-01 6.731239e-01 1.000000e-09 0.0000000010 1           
49:          1.000000e-09 0.999913664  1.000000e-09 1.000000e-09 8.633094e-05 1.000000e-09 0.0000000010 1           
50:          1.000000e-09 0.000000001  1.000000e-09 1.000000e-09 1.000000e-09 1.000000e+00 0.0000000010 1           
51:          2.080433e-01 0.000000001  1.000000e-09 2.516151e-01 3.093747e-01 1.000000e-09 0.2309668186 1           
52:          1.000000e-09 0.000000001  1.000000e-09 1.000000e-09 1.000000e+00 1.000000e-09 0.0000000010 1           
53:          1.287143e-01 0.043804457  2.538295e-01 2.301553e-01 6.996872e-02 2.257619e-01 0.0477658676 1           
54:          3.673751e-01 0.000000001  1.000000e-09 3.560451e-01 1.000000e-09 1.000000e-09 0.2765798462 1           
55:          1.000000e-09 0.000000001  1.000000e-09 1.000000e-09 1.000000e-09 1.000000e+00 0.0000000010 1           
56:          1.000000e-09 0.000000001  1.000000e-09 1.000000e+00 1.000000e-09 1.000000e-09 0.0000000010 1           
57:          1.000000e+00 0.000000001  1.000000e-09 1.000000e-09 1.000000e-09 1.000000e-09 0.0000000010 1           
58:          1.722880e-01 0.079168386  2.322498e-01 3.124337e-02 2.178519e-02 2.978873e-01 0.1653779523 1           
59:          3.977419e-01 0.000000001  1.000000e-09 6.022581e-01 1.000000e-09 1.000000e-09 0.0000000010 1           
60:          1.624993e-01 0.324930568  9.876658e-02 9.535467e-02 5.608995e-02 1.359775e-01 0.1263814538 1           
61:          1.000000e-09 0.000000001  1.000000e-09 1.000000e-09 1.000000e-09 1.000000e+00 0.0000000010 1           
62:          1.000000e-09 0.000000001  1.000000e+00 1.000000e-09 1.000000e-09 1.000000e-09 0.0000000010 1           
63:          2.609469e-01 0.131871855  1.849884e-01 2.263479e-01 7.419685e-02 6.569444e-02 0.0559536604 1           
64:          1.000000e-09 0.000000001  1.000000e-09 1.000000e-09 1.000000e-09 1.000000e+00 0.0000000010 1           
65:          2.338860e-01 0.023631552  1.934368e-01 3.828501e-02 1.428122e-02 1.578917e-01 0.3385877587 1           
66:          1.000000e-09 0.000000001  1.000000e-09 2.075163e-01 7.924837e-01 1.000000e-09 0.0000000010 1           
67:          1.582191e-01 0.051208116  3.087007e-01 1.034018e-01 2.046113e-01 1.655227e-01 0.0083363268 1           
68:          1.000000e-09 0.000000001  1.000000e-09 1.000000e-09 3.502979e-01 6.497021e-01 0.0000000010 1           
69:          1.000000e-09 0.999999994  1.000000e-09 1.000000e-09 1.000000e-09 1.000000e-09 0.0000000010 1           
70:          1.000000e-09 0.000000001  1.000000e-09 1.000000e-09 1.000000e-09 1.000000e+00 0.0000000010 1           
71:          2.636508e-01 0.060635207  1.698567e-02 9.273276e-02 1.043641e-01 2.805991e-01 0.1810322497 1           
72:          2.923143e-01 0.000000001  1.000034e-09 1.000187e-09 1.000000e-09 3.369326e-01 0.3707530515 1           
73:          1.000000e-09 0.493094705  1.000000e-09 1.000000e-09 1.000000e-09 5.069053e-01 0.0000000010 1           
74:          6.521750e-02 0.055849741  3.988851e-02 2.399467e-01 1.002550e-01 4.556209e-01 0.0432216559 1           
75:          1.196594e-01 0.165280632  1.149943e-01 7.981962e-02 2.222845e-01 1.309627e-01 0.1669987993 1           
76:          6.402605e-01 0.000000001  1.000000e-09 1.000000e-09 3.597395e-01 1.000000e-09 0.0000000010 1           
