  1:   0.1927  0.1130  0.1669  0.1245  0.1689  0.1198  0.1141  1
  2:   0.0000  0.0610  0.0000  0.3727  0.0000  0.5664  0.0000  1
  3:   0.1828  0.0940  0.0000  0.2287  0.4499  0.0245  0.0201  1
  4:   0.2024  0.1422  0.0692  0.0217  0.1237  0.2057  0.2350  1
  5:   0.2592  0.0000  0.0000  0.0000  0.6700  0.0468  0.0240  1
  6:   1.0000  0.0000  0.0000  0.0000  0.0000  0.0000  0.0000  1
  7:   0.0000  0.0000  0.0000  0.4316  0.0411  0.0000  0.5273  1
  8:   0.0000  0.0000  0.0000  0.0000  0.0000  1.0000  0.0000  1
  9:   0.1367  0.0725  0.2696  0.1780  0.0517  0.0650  0.2266  1
 10:   0.0000  0.0486  0.0000  0.0000  0.4218  0.5296  0.0000  1
 11:   0.2099  0.0607  0.0749  0.0772  0.1733  0.2338  0.1701  1
 12:   0.0000  0.0000  0.0000  0.0000  0.0000  1.0000  0.0000  1
 13:   0.0000  0.0000  0.0000  0.0000  0.0648  0.3816  0.5535  1
 14:   0.2666  0.1793  0.0000  0.3578  0.1323  0.0640  0.0000  1
 15:   0.0320  0.0000  0.2770  0.0000  0.2931  0.1316  0.2663  1
 16:   0.0000  0.0000  0.0000  0.0000  0.0000  1.0000  0.0000  1
 17:   0.0000  0.0000  0.0000  0.0000  0.0000  0.0000  1.0000  1
 18:   0.2186  0.0000  0.0000  0.2625  0.3618  0.1306  0.0265  1
 19:   0.0000  0.0000  0.0000  1.0000  0.0000  0.0000  0.0000  1
 20:   0.4149  0.4785  0.0000  0.0975  0.0000  0.0091  0.0000  1
 21:   0.3634  0.0000  0.0099  0.0000  0.0417  0.0033  0.5816  1
 22:   0.3143  0.0192  0.0105  0.0613  0.0035  0.2661  0.3251  1
 23:   0.4785  0.0000  0.0005  0.0101  0.0278  0.0117  0.4715  1
 24:   0.0269  0.0000  0.0000  0.3736  0.5580  0.0000  0.0416  1
 25:   0.0000  0.0000  0.0000  0.0000  0.0236  0.0000  0.9764  1
 26:   0.3607  0.0000  0.0000  0.0000  0.4425  0.0412  0.1556  1
 27:   0.9000  0.0000  0.0000  0.0000  0.0000  0.1000  0.0000  1
 28:   0.0432  0.2430  0.1868  0.2215  0.0165  0.1614  0.1276  1
 29:   0.1654  0.1083  0.1234  0.1468  0.1054  0.2065  0.1443  1
 30:   0.0000  0.0000  0.0000  0.9000  0.0000  0.0000  0.1000  1
 31:   0.1335  0.0486  0.1381  0.2076  0.1521  0.1332  0.1869  1
 32:   0.1895  0.1730  0.1001  0.1984  0.1555  0.0354  0.1481  1
 33:   0.0000  0.0000  0.0000  0.6663  0.0504  0.2766  0.0066  1
 34:   0.2988  0.0000  0.0000  0.0000  0.6399  0.0413  0.0200  1
 35:   0.9216  0.0000  0.0000  0.0000  0.0000  0.0784  0.0000  1
 36:   0.4423  0.0000  0.0000  0.1569  0.0590  0.3204  0.0214  1
 37:   0.0000  0.1000  0.0000  0.0000  0.0000  0.9000  0.0000  1
 38:   0.0000  0.0000  0.0000  0.0000  0.0000  0.0000  1.0000  1
 39:   0.0376  0.0000  0.0000  0.0000  0.5284  0.4340  0.0000  1
 40:   0.0000  0.0000  0.0000  1.0000  0.0000  0.0000  0.0000  1
 41:   0.1014  0.0255  0.1503  0.0353  0.1626  0.2765  0.2483  1
 42:   0.0701  0.0000  0.0000  0.0000  0.9066  0.0233  0.0000  1
 43:   0.0000  0.0000  0.0000  1.0000  0.0000  0.0000  0.0000  1
 44:   0.0000  0.1000  0.0000  0.0000  0.0000  0.9000  0.0000  1
 45:   0.0000  0.0000  0.0000  0.4804  0.0698  0.4498  0.0000  1
 46:   0.1731  0.1511  0.1114  0.1200  0.1044  0.1749  0.1651  1
 47:   0.0000  0.0000  0.0000  0.5000  0.0000  0.5000  0.0000  1
 48:   0.0409  0.0000  0.0000  0.3320  0.6058  0.0000  0.0214  1
 49:   0.0255  0.8999  0.0000  0.0000  0.0001  0.0745  0.0000  1
 50:   0.0000  0.0000  0.0000  0.0000  0.0000  1.0000  0.0000  1
 51:   0.2013  0.0000  0.0000  0.2532  0.2980  0.0139  0.2335  1
 52:   0.0479  0.0000  0.0000  0.0000  0.9000  0.0000  0.0521  1
 53:   0.1261  0.0469  0.2509  0.2332  0.0768  0.2145  0.0515  1
 54:   0.3306  0.0000  0.0000  0.3700  0.0000  0.0000  0.2994  1
 55:   0.0000  0.0000  0.0000  0.0000  0.0000  1.0000  0.0000  1
 56:   0.0000  0.0000  0.0000  1.0000  0.0000  0.0000  0.0000  1
 57:   0.9000  0.0000  0.0000  0.0733  0.0000  0.0267  0.0000  1
 58:   0.1598  0.0903  0.2129  0.0458  0.0338  0.2888  0.1685  1
 59:   0.3580  0.0000  0.0000  0.6112  0.0000  0.0309  0.0000  1
 60:   0.1486  0.3092  0.1017  0.1105  0.0509  0.1435  0.1356  1
 61:   0.0000  0.1000  0.0000  0.0000  0.0000  0.9000  0.0000  1
 62:   0.0000  0.0000  1.0000  0.0000  0.0000  0.0000  0.0000  1
 63:   0.2438  0.1307  0.1781  0.2366  0.0753  0.0713  0.0643  1
 64:   0.0000  0.0000  0.0000  0.0000  0.0000  1.0000  0.0000  1
 65:   0.2223  0.0498  0.1782  0.0444  0.0301  0.1629  0.3123  1
 66:   0.0000  0.0000  0.0000  0.2080  0.7132  0.0435  0.0352  1
 67:   0.1572  0.0647  0.2800  0.1139  0.1944  0.1650  0.0248  1
 68:   0.0502  0.0215  0.0000  0.0000  0.3436  0.5847  0.0000  1
 69:   0.1000  0.9000  0.0000  0.0000  0.0000  0.0000  0.0000  1
 70:   0.0000  0.1000  0.0000  0.0000  0.0000  0.9000  0.0000  1
 71:   0.2631  0.0594  0.0231  0.0941  0.1209  0.2572  0.1822  1
 72:   0.2631  0.0202  0.0401  0.0306  0.0038  0.3032  0.3390  1
 73:   0.0471  0.4967  0.0000  0.0000  0.0000  0.4562  0.0000  1
 74:   0.0786  0.0552  0.0538  0.2269  0.1099  0.4212  0.0545  1
 75:   0.1303  0.1702  0.1040  0.0859  0.2045  0.1410  0.1640  1
 76:   0.5762  0.0000  0.0000  0.0000  0.3238  0.0000  0.1000  1
 77:   0.3076  0.0000  0.0000  0.0000  0.6399  0.0481  0.0044  1
 78:   0.2806  0.0416  0.0420  0.0037  0.0090  0.3468  0.2763  1
 79:   0.0147  0.0314  0.0000  0.0000  0.0540  0.9000  0.0000  1
 80:   0.9000  0.0000  0.0000  0.0000  0.0000  0.1000  0.0000  1
 81:   0.1302  0.2047  0.2338  0.0918  0.1365  0.1331  0.0699  1
 82:   0.0000  0.1000  0.0000  0.0000  0.0000  0.9000  0.0000  1
 83:   0.0000  0.0000  0.0000  0.0000  0.0000  0.0000  1.0000  1
 84:   0.1601  0.1110  0.1003  0.1511  0.2136  0.0675  0.1964  1
 85:   0.9000  0.0000  0.0000  0.0000  0.0000  0.1000  0.0000  1
 86:   0.0000  0.0000  0.0000  0.0000  0.1000  0.0000  0.9000  1
 87:   0.0000  0.0000  0.0000  0.0000  0.0000  1.0000  0.0000  1
 88:   0.0401  0.1213  0.1082  0.1927  0.2202  0.1871  0.1304  1
 89:   0.0000  0.0000  0.4310  0.0000  0.0555  0.0395  0.4740  1
 90:   0.0000  0.0000  1.0000  0.0000  0.0000  0.0000  0.0000  1
 91:   0.1060  0.0519  0.0198  0.0259  0.0003  0.3762  0.4200  1
 92:   0.0327  0.0000  0.0000  0.3619  0.0929  0.5125  0.0000  1
 93:   0.1941  0.0000  0.0000  0.0000  0.0000  0.0000  0.8059  1
 94:   0.0000  0.0000  0.0000  0.0000  0.0264  0.0000  0.9736  1
 95:   0.0000  0.0000  0.0000  0.0000  0.0000  0.0000  1.0000  1
 96:   0.1568  0.0425  0.0095  0.0298  0.0114  0.3167  0.4333  1
 97:   0.0642  0.4204  0.2949  0.0000  0.0000  0.0146  0.2059  1
 98:   0.3976  0.2821  0.0000  0.1424  0.0000  0.1779  0.0000  1
 99:   0.2267  0.5225  0.0000  0.0000  0.0216  0.0811  0.1481  1
100:   0.3860  0.0000  0.1631  0.0000  0.0000  0.0255  0.4254  1
101:   0.1621  0.0000  0.2714  0.0000  0.4022  0.1644  0.0000  1
102:   0.0400  0.4689  0.3522  0.0000  0.1326  0.0063  0.0000  1
103:   0.0000  0.9000  0.0000  0.0000  0.0000  0.1000  0.0000  1
104:   1.0000  0.0000  0.0000  0.0000  0.0000  0.0000  0.0000  1
105:   0.0758  0.1062  0.2236  0.0483  0.2878  0.1629  0.0954  1
106:   0.6047  0.0000  0.3352  0.0601  0.0000  0.0000  0.0000  1
107:   0.2640  0.0000  0.0000  0.3847  0.0000  0.0000  0.3513  1
108:   0.1490  0.1462  0.1591  0.0975  0.1754  0.1715  0.1013  1
109:   0.2573  0.0000  0.0000  0.0000  0.5347  0.2080  0.0000  1
110:   0.0650  0.0000  0.0000  0.0576  0.8696  0.0079  0.0000  1
111:   0.3694  0.0000  0.0000  0.0001  0.3420  0.0556  0.2329  1
112:   0.0738  0.1854  0.1906  0.2204  0.1219  0.1195  0.0883  1
113:   0.0000  0.0000  0.0000  0.4187  0.0463  0.0000  0.5350  1
114:   0.4114  0.4846  0.0000  0.0874  0.0000  0.0167  0.0000  1
115:   0.0000  0.3431  0.0000  0.1996  0.0605  0.3189  0.0779  1
116:   0.0650  0.4188  0.2904  0.0000  0.0000  0.0145  0.2113  1
117:   0.0684  0.0000  0.2948  0.1823  0.2853  0.1491  0.0202  1
118:   0.0177  0.9000  0.0000  0.0000  0.0000  0.0823  0.0000  1
119:   0.4524  0.0000  0.4985  0.0491  0.0000  0.0000  0.0000  1
120:   0.0557  0.4126  0.2942  0.0000  0.0000  0.0136  0.2239  1
121:   0.0479  0.9521  0.0000  0.0000  0.0000  0.0000  0.0000  1
122:   0.0626  0.4412  0.4797  0.0000  0.0000  0.0165  0.0000  1
123:   0.0612  0.4424  0.4800  0.0000  0.0000  0.0164  0.0000  1
124:   0.1849  0.1272  0.0655  0.1125  0.2256  0.0710  0.2133  1
125:   0.1819  0.0000  0.0000  0.7243  0.0226  0.0712  0.0000  1
126:   0.0650  0.4188  0.2904  0.0000  0.0000  0.0145  0.2113  1
127:   0.1197  0.0087  0.0666  0.2578  0.2509  0.1917  0.1046  1
128:   0.1145  0.2489  0.0692  0.0757  0.0953  0.1893  0.2072  1
129:   0.3545  0.0000  0.0000  0.0223  0.0322  0.0222  0.5689  1
130:   1.0000  0.0000  0.0000  0.0000  0.0000  0.0000  0.0000  1
131:   0.0000  0.0000  0.0000  0.4169  0.4745  0.0924  0.0162  1
132:   0.0000  0.3233  0.3214  0.0000  0.0000  0.0511  0.3042  1
133:   0.0000  0.1000  0.0000  0.0000  0.0000  0.9000  0.0000  1
134:   0.0966  0.3580  0.3005  0.0000  0.0985  0.0166  0.1298  1
135:   0.0082  0.1259  0.0000  0.0000  0.3146  0.3350  0.2163  1
136:   0.3731  0.0000  0.2588  0.0000  0.3037  0.0488  0.0156  1
137:   0.0000  0.0000  0.0000  0.0000  0.9000  0.1000  0.0000  1
138:   0.0175  0.4332  0.4920  0.0000  0.0000  0.0573  0.0000  1
139:   0.0000  0.0000  0.0000  0.0000  1.0000  0.0000  0.0000  1
140:   0.0500  0.0000  0.0000  0.0000  0.9000  0.0500  0.0000  1
141:   0.1581  0.4170  0.1569  0.0000  0.0000  0.0188  0.2491  1
142:   0.0913  0.1741  0.1575  0.1410  0.1947  0.1459  0.0954  1
143:   0.0000  0.0000  0.0000  0.0000  1.0000  0.0000  0.0000  1
144:   0.2016  0.3919  0.0000  0.0000  0.0000  0.0211  0.3854  1
145:   0.0552  0.5218  0.2938  0.0000  0.0000  0.1292  0.0000  1
146:   0.5704  0.0000  0.0014  0.0000  0.0440  0.0202  0.3640  1
147:   0.2462  0.0000  0.5004  0.0000  0.0190  0.1310  0.1034  1
148:   0.3327  0.0000  0.2390  0.0073  0.0232  0.3827  0.0151  1
149:   0.2306  0.0342  0.0178  0.0392  0.0060  0.2959  0.3762  1
150:   0.0000  0.1000  0.0000  0.0000  0.0000  0.9000  0.0000  1
151:   0.0718  0.2790  0.0681  0.1707  0.0408  0.2468  0.1228  1
152:   0.1021  0.0192  0.4277  0.0000  0.2557  0.1953  0.0000  1
153:   0.1100  0.2546  0.3058  0.0420  0.0025  0.2850  0.0000  1
154:   0.0589  0.0656  0.1287  0.3023  0.2575  0.1731  0.0138  1
155:   0.0225  0.3900  0.4241  0.1573  0.0000  0.0061  0.0000  1
156:   0.2539  0.0060  0.1463  0.2262  0.1591  0.1322  0.0764  1
157:   0.3815  0.0000  0.0000  0.4617  0.0000  0.1265  0.0303  1
158:   0.0000  0.0380  0.0000  0.6020  0.0000  0.3600  0.0000  1
159:   0.0000  0.0000  0.4067  0.0000  0.5933  0.0000  0.0000  1
160:   0.3847  0.0565  0.0000  0.0000  0.0000  0.5588  0.0000  1
161:   0.0000  0.0483  0.0000  0.5016  0.0000  0.4501  0.0000  1
162:   0.0422  0.0000  0.1383  0.1461  0.5822  0.0000  0.0912  1
163:   0.3147  0.0000  0.0000  0.0000  0.3511  0.1945  0.1397  1
164:   0.4207  0.0000  0.0000  0.0000  0.2853  0.2940  0.0000  1
165:   0.2801  0.0028  0.0000  0.0000  0.0489  0.6682  0.0000  1
166:   0.4546  0.0000  0.0000  0.2567  0.0499  0.2388  0.0000  1
167:   0.0735  0.1051  0.2391  0.1370  0.0894  0.2334  0.1224  1
168:   0.0000  0.0000  0.0000  0.0632  0.9043  0.0000  0.0326  1
169:   0.0000  0.0000  0.1692  0.4111  0.3622  0.0350  0.0225  1
170:   0.0511  0.2268  0.2144  0.1896  0.0470  0.0162  0.2549  1
171:   0.2395  0.0019  0.0000  0.2714  0.0238  0.1616  0.3019  1
172:   0.0000  0.0000  0.0000  0.5000  0.0000  0.5000  0.0000  1
173:   0.0559  0.8441  0.0820  0.0000  0.0180  0.0000  0.0000  1
174:   0.2182  0.0000  0.0000  0.0000  0.5084  0.0083  0.2651  1
175:   0.3212  0.0000  0.0000  0.3037  0.3543  0.0208  0.0000  1
176:   0.4359  0.0000  0.0000  0.0779  0.0000  0.0192  0.4670  1
177:   0.0549  0.0000  0.0000  0.1739  0.3938  0.3515  0.0259  1
178:   0.1522  0.0000  0.0000  0.2009  0.4877  0.0272  0.1321  1
179:   0.5142  0.0000  0.0000  0.4389  0.0000  0.0000  0.0468  1
180:   0.3096  0.0000  0.0000  0.0349  0.5839  0.0717  0.0000  1
181:   0.2244  0.0000  0.2762  0.0000  0.1259  0.3682  0.0053  1
182:   0.0000  0.0000  0.0000  0.9000  0.0000  0.0000  0.1000  1
183:   0.1215  0.0738  0.0000  0.2430  0.4827  0.0616  0.0174  1
184:   0.1360  0.0000  0.0000  0.4282  0.4024  0.0334  0.0000  1
185:   0.2792  0.3252  0.0000  0.3890  0.0000  0.0066  0.0000  1
186:   0.0000  0.0000  0.3214  0.0000  0.0031  0.0000  0.6755  1
187:   0.0648  0.0000  0.0000  0.3535  0.0230  0.0000  0.5587  1
188:   0.0333  0.2308  0.0000  0.3433  0.2496  0.0000  0.1430  1
189:   0.0314  0.0000  0.0000  0.0000  0.3336  0.3125  0.3224  1
190:   0.3813  0.0000  0.0000  0.0000  0.4627  0.0345  0.1215  1
191:   0.0571  0.0291  0.0171  0.0509  0.0015  0.2596  0.5847  1
192:   0.0000  0.1366  0.0000  0.3983  0.0220  0.4432  0.0000  1
193:   0.0000  0.0000  0.0000  0.0000  0.4434  0.5566  0.0000  1
194:   0.2546  0.3178  0.4274  0.0000  0.0003  0.0000  0.0000  1
195:   0.1977  0.1029  0.1458  0.2093  0.0360  0.1492  0.1591  1
196:   0.0000  0.2822  0.2419  0.0000  0.0000  0.0000  0.4760  1
197:   0.0000  1.0000  0.0000  0.0000  0.0000  0.0000  0.0000  1
198:   0.1944  0.0070  0.0000  0.0886  0.0930  0.6170  0.0000  1
199:   0.0000  0.1000  0.0000  0.0000  0.0000  0.9000  0.0000  1
200:   0.1406  0.1344  0.1913  0.1979  0.0791  0.2118  0.0450  1
201:   0.4631  0.0000  0.4813  0.0000  0.0000  0.0556  0.0000  1
202:   0.0072  0.3775  0.3595  0.0000  0.0000  0.2558  0.0000  1
203:   0.0000  0.0000  0.0000  1.0000  0.0000  0.0000  0.0000  1
204:   0.0000  0.1000  0.0000  0.0000  0.0000  0.9000  0.0000  1
205:   0.2258  0.0618  0.2085  0.2322  0.0961  0.0425  0.1331  1
206:   0.2018  0.0357  0.0051  0.0395  0.0111  0.3568  0.3501  1
207:   0.1924  0.4899  0.2956  0.0000  0.0000  0.0221  0.0000  1
208:   0.0000  0.1000  0.0000  0.0000  0.0000  0.9000  0.0000  1
209:   0.0000  1.0000  0.0000  0.0000  0.0000  0.0000  0.0000  1
210:   0.0000  0.1000  0.0000  0.0000  0.0000  0.9000  0.0000  1
211:   0.3778  0.0181  0.0533  0.0245  0.0040  0.0831  0.4392  1
212:   0.0829  0.2546  0.0000  0.0000  0.6454  0.0000  0.0171  1
213:   0.0000  0.0000  0.0000  0.0000  0.0000  0.0000  1.0000  1
214:   0.0000  0.0000  0.8505  0.0000  0.0000  0.0000  0.1495  1
215:   0.1468  0.0000  0.4568  0.0110  0.3290  0.0389  0.0174  1
216:   0.0000  0.1000  0.0000  0.0000  0.0000  0.9000  0.0000  1
217:   0.0741  0.0000  0.0000  0.2723  0.0000  0.6537  0.0000  1
218:   0.3137  0.0000  0.0000  0.0000  0.0000  0.0000  0.6863  1
219:   0.0381  0.4734  0.4363  0.0000  0.0522  0.0000  0.0000  1
220:   1.0000  0.0000  0.0000  0.0000  0.0000  0.0000  0.0000  1
221:   0.9000  0.0000  0.0000  0.0000  0.0000  0.1000  0.0000  1
222:   0.0000  0.1000  0.0000  0.0000  0.0000  0.9000  0.0000  1
223:   0.0055  0.8999  0.0000  0.0000  0.0001  0.0945  0.0000  1
224:   0.2298  0.0781  0.1152  0.0411  0.0993  0.2658  0.1708  1
225:   0.0262  0.9000  0.0000  0.0000  0.0000  0.0738  0.0000  1
226:   0.3250  0.2525  0.0000  0.0020  0.0166  0.4039  0.0000  1
227:   0.4811  0.0070  0.0321  0.0514  0.0055  0.1410  0.2818  1
228:   0.0000  0.0000  0.0000  0.4499  0.1000  0.4501  0.0000  1
229:   0.0174  0.0303  0.0000  0.0000  0.0129  0.5964  0.3430  1
230:   0.3968  0.0000  0.0000  0.0000  0.0000  0.0352  0.5680  1
231:   0.5240  0.0000  0.0000  0.0000  0.1196  0.3564  0.0000  1
232:   0.0000  1.0000  0.0000  0.0000  0.0000  0.0000  0.0000  1
233:   0.0000  0.0546  0.0000  0.0000  0.0000  0.5026  0.4428  1
234:   0.0463  0.1815  0.1032  0.0205  0.2242  0.2383  0.1859  1
235:   0.0750  0.4911  0.2997  0.0000  0.1342  0.0000  0.0000  1
236:   0.0000  0.0000  0.0000  0.0000  0.1000  0.0000  0.9000  1
237:   0.0000  0.0000  0.0000  0.0000  0.0495  0.0000  0.9505  1
238:   0.9478  0.0000  0.0000  0.0000  0.0000  0.0522  0.0000  1
239:   0.0355  0.4424  0.4121  0.0000  0.1101  0.0000  0.0000  1
240:   0.0000  0.3143  0.1155  0.2121  0.0000  0.0118  0.3464  1
241:   0.0000  0.1000  0.0000  0.0000  0.0000  0.9000  0.0000  1
242:   0.0228  0.9000  0.0000  0.0000  0.0000  0.0772  0.0000  1
243:   0.0203  0.6426  0.0000  0.0000  0.0000  0.0000  0.3372  1
244:   0.0000  0.3812  0.3470  0.0000  0.0140  0.0096  0.2481  1
245:   0.5314  0.4326  0.0000  0.0000  0.0000  0.0359  0.0000  1
246:   0.0000  0.0000  0.3099  0.0000  0.0071  0.0000  0.6830  1
247:   0.1688  0.0876  0.0000  0.3616  0.0048  0.3772  0.0000  1
248:   0.0000  0.0000  0.4279  0.0000  0.5721  0.0000  0.0000  1
249:   0.1173  0.0000  0.2903  0.5924  0.0000  0.0000  0.0000  1
250:   0.0681  0.0172  0.1064  0.1083  0.3678  0.0445  0.2878  1
251:   0.0000  0.0000  0.0000  0.0000  0.0000  0.0000  1.0000  1
252:   0.0000  0.0000  1.0000  0.0000  0.0000  0.0000  0.0000  1
253:   0.3108  0.4019  0.0000  0.0000  0.0000  0.2038  0.0835  1
254:   0.0000  0.0000  0.0000  0.0000  0.1000  0.0000  0.9000  1
255:   0.6938  0.0000  0.0000  0.0000  0.0000  0.0000  0.3062  1
256:   0.0000  0.1000  0.0000  0.0000  0.0000  0.9000  0.0000  1
257:   0.0206  0.0235  0.0000  0.0000  0.0558  0.9000  0.0000  1
258:   0.1000  0.0000  0.0000  0.0000  0.0000  0.9000  0.0000  1
259:   0.0000  0.0000  0.0000  0.0000  0.0000  1.0000  0.0000  1
260:   0.0000  0.1000  0.0000  0.0000  0.0000  0.9000  0.0000  1
261:   0.0780  0.1027  0.2005  0.1112  0.0346  0.2297  0.2432  1
262:   0.1000  0.0000  0.0000  0.0000  0.0000  0.9000  0.0000  1
