1:           0.119243599  6.373100e-02 1.417258e-01 0.061428611  1.695485e-01 0.007219888  8.357154e-02 1.480974e-01 1.806390e-01 2.479471e-02 1           
2:           0.000000001  1.000000e-09 6.292832e-01 0.000000001  1.000000e-09 0.000000001  3.707168e-01 1.000000e-09 1.000000e-09 1.000000e-09 1           
3:           0.000000001  5.587141e-02 1.000000e-09 0.000000001  1.000000e-09 0.441795424  3.704435e-01 3.954450e-02 1.000000e-09 9.234516e-02 1           
4:           0.102946653  1.039243e-01 1.395278e-01 0.061856655  1.675718e-01 0.127265408  6.933733e-02 6.622695e-02 9.277710e-02 6.856607e-02 1           
5:           0.000000001  1.000000e-09 1.000000e-09 0.000000001  1.000000e-09 0.511707994  2.074888e-01 2.808032e-01 1.000000e-09 1.000000e-09 1           
6:           0.000000001  1.000000e-09 1.000000e-09 0.000000001  9.019115e-01 0.098088485  1.000000e-09 1.000000e-09 1.000000e-09 1.000000e-09 1           
7:           0.312674056  1.000000e-09 7.190465e-02 0.000000001  1.385104e-01 0.000000001  3.173863e-01 1.000000e-09 1.000000e-09 1.595245e-01 1           
8:           0.000000001  1.000000e-09 2.779771e-01 0.000000001  1.000000e-09 0.000000001  1.000000e-09 4.828969e-02 6.666716e-01 7.061630e-03 1           
9:           0.006077905  5.235724e-02 2.646272e-02 0.136262723  1.624013e-01 0.120793284  1.618545e-01 1.251328e-01 7.285145e-02 1.358061e-01 1           
10:          0.000000001  1.000000e-09 5.244201e-02 0.000000001  1.000000e-09 0.000000001  1.000000e-09 5.000795e-01 4.025385e-01 4.494008e-02 1           
11:          0.005341819  9.461467e-02 5.156356e-02 0.058126411  1.784482e-01 0.177485015  4.979177e-02 4.835332e-02 1.317044e-01 2.045709e-01 1           
12:          0.000000001  1.000000e-09 2.517957e-01 0.000000001  1.000000e-09 0.000000001  1.000000e-09 3.475893e-02 6.385575e-01 7.488784e-02 1           
13:          0.000000001  1.000000e-09 3.024830e-01 0.000000001  1.000000e-09 0.000000001  1.000000e-09 2.398058e-01 1.000000e-09 4.577112e-01 1           
14:          0.125646049  1.000000e-09 1.000000e-09 0.000000001  1.000000e-09 0.000000001  4.789890e-01 3.953649e-01 1.000000e-09 1.000000e-09 1           
15:          0.095605433  1.000000e-09 1.000000e-09 0.259174428  1.000000e-09 0.365344932  1.000000e-09 1.000000e-09 1.000000e-09 2.798752e-01 1           
16:          0.000000001  1.000000e-09 9.067905e-01 0.000000001  1.000000e-09 0.000000001  1.000000e-09 2.029838e-02 4.380092e-02 2.911016e-02 1           
17:          0.000000001  1.000000e-09 1.000000e+00 0.000000001  1.000000e-09 0.000000001  1.000000e-09 1.000000e-09 1.000000e-09 1.000000e-09 1           
18:          0.000000001  1.000000e-09 1.000000e-09 0.000000001  1.000000e-09 0.364961355  4.297290e-01 1.027365e-04 1.000000e-09 2.052069e-01 1           
19:          0.000000001  1.000000e-09 1.000000e-09 0.000000001  1.000000e-09 0.000000001  1.000000e+00 1.000000e-09 1.000000e-09 1.000000e-09 1           
20:          0.000000001  2.832529e-01 1.484289e-01 0.000000001  5.683180e-01 0.000000001  1.000000e-09 1.000000e-09 2.198159e-07 1.000000e-09 1           
21:          0.549909803  1.000000e-09 1.364143e-01 0.000000001  3.136759e-01 0.000000001  1.000000e-09 1.000000e-09 1.000000e-09 1.000000e-09 1           
22:          0.206005300  1.000000e-09 1.073140e-01 0.397001452  6.147886e-03 0.000000001  1.669199e-01 1.000000e-09 1.157481e-01 8.632888e-04 1           
23:          0.550777351  1.000000e-09 1.414310e-01 0.000000001  3.049616e-01 0.000000001  2.830049e-03 1.000000e-09 1.000000e-09 1.000000e-09 1           
24:          0.000000001  1.000000e-09 1.261018e-01 0.000000001  4.079385e-02 0.481009550  3.520948e-01 2.208098e-09 1.000000e-09 1.000000e-09 1           
25:          0.279723169  1.000000e-09 2.602151e-01 0.000000001  1.000000e-09 0.000000001  1.000000e-09 1.000000e-09 1.000000e-09 4.600617e-01 1           
26:          0.053503679  1.000000e-09 1.593392e-08 0.000000001  4.683182e-09 0.445823931  4.505739e-01 5.009842e-02 1.000000e-09 1.000000e-09 1           
27:          0.000000001  1.000000e-09 2.927964e-01 0.000000001  1.000000e-09 0.000000001  7.072036e-01 1.000000e-09 1.000000e-09 1.000000e-09 1           
28:          0.120448066  1.668959e-01 2.394708e-02 0.062695547  7.768480e-02 0.108502005  7.652676e-03 1.604586e-01 8.458871e-02 1.871266e-01 1           
29:          0.150515985  1.512610e-01 3.522244e-02 0.119246625  1.602661e-01 0.143146962  1.003479e-01 3.768577e-02 4.005509e-02 6.225210e-02 1           
30:          0.000000001  1.000000e-09 1.000000e+00 0.000000001  1.000000e-09 0.000000001  1.000000e-09 1.000000e-09 1.000000e-09 1.000000e-09 1           
31:          0.088000042  8.020191e-02 1.313896e-01 0.108907315  1.349390e-01 0.023038622  2.746165e-02 1.416202e-01 1.631289e-01 1.013128e-01 1           
32:          0.121444921  1.178697e-01 6.023637e-02 0.151905859  5.490599e-02 0.032747014  1.096116e-01 1.416885e-01 6.533828e-02 1.442518e-01 1           
33:          0.000000001  1.000000e-09 1.000000e+00 0.000000001  1.000000e-09 0.000000001  1.000000e-09 1.000000e-09 1.000000e-09 1.000000e-09 1           
34:          0.000000001  1.000000e-09 1.059139e-01 0.068363764  2.061208e-01 0.225516898  1.000000e-09 1.251332e-03 3.915933e-01 1.240051e-03 1           
35:          0.000000001  1.000000e-09 3.417775e-01 0.074634919  3.762638e-01 0.000000001  2.073238e-01 1.000000e-09 1.000000e-09 1.000000e-09 1           
36:          0.000000001  1.000000e-09 3.713324e-01 0.000000001  6.286676e-01 0.000000001  1.000000e-09 1.000000e-09 1.000000e-09 1.000000e-09 1           
37:          0.000000001  1.000000e-09 9.285932e-01 0.000000001  1.000000e-09 0.000000001  1.000000e-09 1.000000e-09 7.127340e-02 1.333732e-04 1           
38:          0.048193816  1.000000e-09 1.000000e-09 0.000000001  1.000000e-09 0.000000001  1.000000e-09 1.000000e-09 1.000000e-09 9.518062e-01 1           
39:          0.000000001  1.000000e-09 3.807693e-02 0.000000001  3.545897e-01 0.000000001  1.000000e-09 6.073334e-01 1.000000e-09 1.000000e-09 1           
40:          0.000000001  1.000000e-09 1.000000e-09 0.000000001  1.000000e-09 0.000000001  1.000000e+00 1.000000e-09 1.000000e-09 1.000000e-09 1           
41:          0.010766021  7.526853e-02 1.736618e-01 0.170511166  1.184363e-01 0.043937620  3.528151e-02 1.903099e-01 2.544769e-02 1.563794e-01 1           
42:          0.000000001  1.000000e-09 1.000000e-09 0.000000001  1.000000e-09 0.999999991  1.000000e-09 1.000002e-09 1.000000e-09 1.000000e-09 1           
43:          0.000000001  1.000000e-09 1.000000e-09 0.000000001  2.496023e-01 0.000000001  7.400718e-01 1.000000e-09 1.032595e-02 1.000000e-09 1           
44:          0.000000001  9.117696e-02 9.313191e-02 0.000000001  1.000000e-09 0.000000001  1.000000e-09 8.156911e-01 1.000000e-09 1.000000e-09 1           
45:          0.000000001  1.000000e-09 1.000000e-09 0.000000001  2.179036e-02 0.000000001  3.092102e-01 6.689995e-01 1.000000e-09 1.000000e-09 1           
46:          0.090958120  9.568776e-02 6.019984e-02 0.026922281  5.036409e-02 0.150162931  1.576032e-01 1.730271e-01 1.754415e-01 1.963319e-02 1           
47:          0.000000001  1.000000e-09 1.090842e-01 0.000000001  1.000000e-09 0.000000001  5.000000e-01 7.111409e-02 7.248412e-02 2.473176e-01 1           
48:          0.000000001  1.000000e-09 1.000000e-09 0.000000001  1.000000e-09 0.377285823  3.316736e-01 2.910405e-01 1.000000e-09 1.000000e-09 1           
49:          0.000000001  3.011881e-01 1.000000e-09 0.000000001  1.000000e-09 0.690111000  1.000000e-09 8.700887e-03 1.000000e-09 1.000000e-09 1           
50:          0.000000001  1.000000e-09 6.163891e-01 0.000000001  1.000000e-09 0.000000001  1.000000e-09 2.703095e-02 2.990276e-01 5.755231e-02 1           
51:          0.214173626  1.000000e-09 1.000000e-09 0.000000001  1.000000e-09 0.351765929  3.853231e-01 4.873734e-02 1.000000e-09 1.000000e-09 1           
52:          0.000000001  1.000000e-09 1.000000e-09 0.000000001  1.000000e-09 0.999999991  1.000000e-09 1.000000e-09 1.000000e-09 1.000000e-09 1           
53:          0.066771652  1.911724e-01 1.840151e-02 0.027322775  7.550410e-02 0.028347136  7.497725e-02 1.998158e-01 1.203302e-01 1.973572e-01 1           
54:          0.339476198  1.000000e-09 6.918069e-02 0.000000001  1.790942e-01 0.000000001  4.122489e-01 1.000000e-09 1.000000e-09 1.000000e-09 1           
55:          0.000000001  1.000000e-09 2.944019e-01 0.000000001  1.000000e-09 0.000000001  1.000000e-09 8.166306e-02 5.602215e-01 6.371351e-02 1           
56:          0.000000001  1.000000e-09 1.000000e-09 0.000000001  1.000000e-09 0.000000001  1.000000e+00 1.000000e-09 1.000000e-09 1.000000e-09 1           
57:          0.000000001  1.000000e-09 1.000000e-09 0.000000001  1.000000e-09 0.000000001  1.000000e+00 1.000000e-09 1.000000e-09 1.000000e-09 1           
58:          0.102914601  5.335228e-02 9.635740e-02 0.165770614  8.637035e-02 0.090386182  1.306217e-01 9.646727e-02 8.240573e-02 9.535388e-02 1           
59:          0.000000001  1.000000e-09 2.927439e-01 0.000000001  1.000000e-09 0.000000001  7.072560e-01 1.000000e-09 1.000000e-09 1.000000e-09 1           
60:          0.012007105  1.024483e-01 1.634445e-01 0.008052889  4.716700e-02 0.036053945  1.460593e-01 2.002982e-01 2.121780e-01 7.229080e-02 1           
61:          0.000000001  1.005003e-01 7.152690e-02 0.000000001  1.000000e-09 0.000000001  1.000000e-09 8.279728e-01 1.000000e-09 1.000000e-09 1           
62:          0.000000001  1.000000e-09 1.000000e-09 0.999999991  1.000000e-09 0.000000001  1.000000e-09 1.000000e-09 1.000000e-09 1.000000e-09 1           
63:          0.013827613  1.345284e-01 9.384027e-02 0.105124319  1.390266e-01 0.120186780  1.252633e-01 7.785883e-02 8.931578e-02 1.010281e-01 1           
64:          0.000000001  1.000000e-09 1.612221e-01 0.000000001  1.000000e-09 0.000000001  1.000000e-09 1.316071e-01 6.682003e-01 3.897043e-02 1           
65:          0.021483232  8.732295e-02 4.661037e-02 0.026586464  1.609797e-01 0.035366343  1.285837e-01 1.744971e-01 2.161185e-01 1.024517e-01 1           
66:          0.000000001  1.000000e-09 1.000000e-09 0.000000001  1.000000e-09 0.538886675  2.456536e-01 1.643055e-01 1.000000e-09 5.115416e-02 1           
67:          0.055721222  1.375798e-01 1.517206e-01 0.081912418  2.354651e-02 0.017280305  1.836669e-01 1.239503e-01 1.081981e-01 1.164238e-01 1           
68:          0.000000001  1.000000e-09 1.000000e-09 0.000000001  1.000000e-09 0.000000001  1.000000e-09 3.714330e-01 1.000000e-09 6.285670e-01 1           
69:          0.000000001  1.000000e-09 1.000000e-09 0.000000001  1.000000e-09 0.334129666  1.000000e-09 6.658703e-01 1.000000e-09 1.000000e-09 1           
70:          0.000000001  1.000000e-09 1.000000e+00 0.000000001  1.000000e-09 0.000000001  1.000000e-09 1.000000e-09 1.000000e-09 1.000000e-09 1           
71:          0.097924225  1.006258e-01 9.483543e-02 0.085210289  9.565485e-02 0.038558373  2.135708e-01 1.216771e-01 9.496554e-02 5.697751e-02 1           
72:          0.232755978  1.000000e-09 2.112769e-01 0.284602655  6.378169e-02 0.000000001  5.418310e-02 1.000000e-09 1.526650e-01 7.346925e-04 1           
73:          0.000000001  1.072444e-02 4.871374e-01 0.000000001  1.000000e-09 0.000000001  1.000000e-09 5.021381e-01 1.000000e-09 1.000000e-09 1           
74:          0.051183830  1.580413e-02 1.610206e-01 0.141572101  9.701862e-02 0.043519461  1.783223e-01 9.190397e-02 1.594907e-01 6.016423e-02 1           
75:          0.126050258  5.469042e-02 7.012604e-02 0.036093475  1.420390e-01 0.092017173  9.941579e-02 1.653777e-01 1.762547e-01 3.793552e-02 1           
76:          0.000000001  1.000000e-09 5.000000e-01 0.000000001  3.943673e-01 0.105632713  1.000000e-09 1.000000e-09 1.000000e-09 1.000000e-09 1           
77:          0.000000001  1.000000e-09 2.339556e-01 0.354260512  1.124991e-01 0.033247753  1.000000e-09 8.799564e-03 2.366954e-01 2.054206e-02 1           
78:          0.271877702  1.000000e-09 7.553945e-02 0.156368222  1.493362e-01 0.000000001  2.347042e-01 1.000000e-09 1.121741e-01 1.000003e-09 1           
79:          0.000000001  5.106183e-02 2.635203e-01 0.000000001  2.635203e-01 0.000000001  1.000000e-09 1.000000e-09 1.000000e-09 4.218976e-01 1           
80:          0.000000001  1.000000e-09 1.000000e-09 0.000000001  1.000000e-09 0.000000001  1.000000e+00 1.000000e-09 1.000000e-09 1.000000e-09 1           
81:          0.023851906  9.445425e-02 3.780220e-02 0.084278797  1.742002e-01 0.127174267  9.846497e-02 1.466107e-01 1.182473e-01 9.491543e-02 1           
82:          0.000000001  5.397892e-01 3.234073e-01 0.000000001  1.000000e-09 0.000000001  1.000000e-09 1.368035e-01 1.000000e-09 1.000000e-09 1           
83:          0.014105238  1.000000e-09 1.000000e-09 0.000000001  1.000000e-09 0.000000001  1.000000e-09 1.000000e-09 1.000000e-09 9.858948e-01 1           
84:          0.204169886  1.398740e-01 8.773234e-02 0.025904476  7.151622e-03 0.043125224  1.505243e-01 1.036388e-01 1.867911e-01 5.108822e-02 1           
85:          0.000000001  1.000000e-09 1.000000e-09 0.000000001  1.000000e-09 0.000000001  1.000000e+00 1.000000e-09 1.000000e-09 1.000000e-09 1           
86:          0.000000001  1.000000e-09 1.000000e-09 0.000000001  1.000000e+00 0.000000001  1.000000e-09 1.000000e-09 1.000000e-09 1.000000e-09 1           
87:          0.000000001  1.000000e-09 6.208276e-01 0.000000001  1.000000e-09 0.000000001  1.000000e-09 6.357271e-02 2.297220e-01 8.587770e-02 1           
88:          0.113198379  5.426175e-02 2.864103e-03 0.103358461  1.626413e-01 0.080940188  1.177859e-01 1.007075e-01 1.288909e-01 1.353515e-01 1           
89:          0.000000001  1.000000e-09 1.000000e-09 0.383773109  6.162269e-01 0.000000001  1.000000e-09 1.000000e-09 1.000000e-09 1.000000e-09 1           
90:          0.000000001  1.000000e-09 1.000000e-09 0.999999991  1.000000e-09 0.000000001  1.000000e-09 1.000000e-09 1.000000e-09 1.000000e-09 1           
91:          0.197886124  1.000000e-09 5.359442e-02 0.309968168  3.402579e-01 0.000000001  1.234156e-02 1.000000e-09 8.595187e-02 1.000008e-09 1           
92:          0.000000001  1.000000e-09 1.000000e-09 0.000000001  1.000000e-09 0.000000001  2.655473e-01 2.344527e-01 1.000000e-09 5.000000e-01 1           
93:          0.647367439  1.000000e-09 4.147111e-02 0.000000001  1.000000e-09 0.311161442  1.000000e-09 1.000000e-09 1.000000e-09 1.000000e-09 1           
94:          0.000000001  1.000000e-09 1.000000e-09 0.000000001  1.000000e-09 0.472445476  1.000000e-09 1.000000e-09 1.000000e-09 5.275545e-01 1           
95:          0.999999991  1.000000e-09 1.000000e-09 0.000000001  1.000000e-09 0.000000001  1.000000e-09 1.000000e-09 1.000000e-09 1.000000e-09 1           
96:          0.085031819  1.000000e-09 1.222042e-01 0.206377379  2.305091e-01 0.000000001  2.767890e-01 1.000000e-09 7.866407e-02 4.244612e-04 1           
97:          0.220159653  1.071768e-01 1.000000e-09 0.000000001  1.000000e-09 0.288891121  1.000000e-09 1.000000e-09 3.837724e-01 1.000000e-09 1           
98:          0.000000001  2.025845e-01 2.319004e-01 0.000000001  1.442278e-01 0.000000001  2.841870e-01 1.000000e-09 1.371002e-01 1.000000e-09 1           
99:          0.000000001  4.705591e-01 3.039603e-01 0.000000001  2.254806e-01 0.000000001  1.000000e-09 1.000000e-09 1.000000e-09 1.000000e-09 1           
100:         0.284584557  1.000000e-09 4.649908e-01 0.250424635  1.000000e-09 0.000000001  1.000000e-09 1.000000e-09 1.000000e-09 1.000000e-09 1           
101:         0.000000001  1.000000e-09 1.000000e-09 0.321404883  9.720561e-02 0.000000001  1.000000e-09 5.813895e-01 1.000000e-09 1.000000e-09 1           
102:         0.000000001  2.108234e-01 1.000000e-09 0.202225724  1.000000e-09 0.175845326  1.000000e-09 1.815848e-01 2.295207e-01 1.000000e-09 1           
103:         0.000000001  1.000000e-09 1.000000e-09 0.000000001  1.000000e-09 0.000000001  1.000000e-09 1.000000e+00 1.000000e-09 1.000000e-09 1           
104:         0.000000001  1.000000e-09 1.000000e-09 0.000000001  9.021936e-01 0.097806345  1.000000e-09 1.000000e-09 1.000000e-09 1.000000e-09 1           
105:         0.134159292  1.386347e-01 4.802927e-03 0.175296751  9.162580e-02 0.082441303  1.266613e-01 2.647098e-02 5.996210e-02 1.599449e-01 1           
106:         0.000000001  1.000000e-09 1.224229e-01 0.386339909  1.000000e-09 0.000000001  4.912372e-01 1.000000e-09 1.000000e-09 1.000000e-09 1           
107:         0.000000001  1.000000e-09 1.000000e-09 0.000000001  2.172441e-01 0.059493127  3.699922e-01 1.000000e-09 1.000000e-09 3.532706e-01 1           
108:         0.119021291  1.259483e-01 1.608794e-01 0.125896122  9.980522e-02 0.014971060  2.439012e-01 4.046125e-03 5.286119e-02 5.267000e-02 1           
109:         0.000000001  1.000000e-09 1.000000e-09 0.000000001  5.000397e-01 0.000000001  1.000000e-09 4.999603e-01 1.000000e-09 1.000000e-09 1           
110:         0.000000001  1.000000e-09 1.000000e-09 0.000000001  2.044061e-01 0.000000001  1.000000e-09 7.955939e-01 1.000000e-09 1.000000e-09 1           
111:         0.327748312  1.000000e-09 8.012321e-02 0.000000001  1.000000e-09 0.089699743  2.471676e-01 2.552612e-01 1.000000e-09 1.000000e-09 1           
112:         0.025145036  1.359225e-01 1.152964e-01 0.107684575  7.620597e-03 0.057025086  5.176928e-02 2.239176e-01 2.332322e-01 4.238667e-02 1           
113:         0.422221032  1.000000e-09 8.032507e-02 0.000000001  4.974539e-01 0.000000001  1.000000e-09 1.000000e-09 1.000000e-09 1.000000e-09 1           
114:         0.000000001  4.965995e-01 2.527904e-03 0.000000001  2.181208e-03 0.000000001  4.986913e-01 9.818102e-08 1.000000e-09 1.000000e-09 1           
115:         0.000000001  3.980255e-01 1.000000e-09 0.000000001  6.019745e-01 0.000000001  1.000000e-09 1.000000e-09 1.000000e-09 1.000000e-09 1           
116:         0.220513965  1.065555e-01 1.000000e-09 0.000000001  1.000000e-09 0.289345566  1.000000e-09 1.000000e-09 3.835850e-01 1.000000e-09 1           
117:         0.000000001  1.000000e-09 6.241749e-01 0.211244364  1.645807e-01 0.000000001  1.000000e-09 1.000000e-09 1.000000e-09 1.000000e-09 1           
118:         0.000000001  6.770545e-01 1.000000e-09 0.000000001  1.000000e-09 0.320114761  1.000000e-09 2.830778e-03 1.000000e-09 1.000000e-09 1           
119:         0.000000001  1.000000e-09 1.000000e-09 0.499968227  1.000000e-09 0.000000001  5.000318e-01 1.000000e-09 1.000000e-09 1.000000e-09 1           
120:         0.227500458  1.081498e-01 1.000000e-09 0.000000001  1.000000e-09 0.290524109  1.000000e-09 1.000000e-09 3.738256e-01 1.000000e-09 1           
121:         0.000000001  1.000000e+00 1.000000e-09 0.000000001  1.000000e-09 0.000000001  1.000000e-09 1.000000e-09 1.000000e-09 1.000000e-09 1           
122:         0.000000001  2.264160e-01 1.000000e-09 0.345490278  8.606774e-02 0.008936208  1.000000e-09 1.242213e-01 2.088684e-01 1.000000e-09 1           
123:         0.000000001  2.318825e-01 1.000000e-09 0.344856040  8.579598e-02 0.015798730  1.000000e-09 1.139756e-01 2.076911e-01 1.000000e-09 1           
124:         0.144905830  1.841145e-01 3.612863e-02 0.014363258  1.195015e-02 0.172017150  5.499779e-02 8.178284e-02 1.142095e-01 1.855303e-01 1           
125:         0.000000001  1.000000e-09 5.001021e-01 0.000000001  1.000000e-09 0.000000001  4.998979e-01 1.000000e-09 1.000000e-09 1.000000e-09 1           
126:         0.220514060  1.065553e-01 1.000000e-09 0.000000001  1.000000e-09 0.289345688  1.000000e-09 1.000000e-09 3.835849e-01 1.000000e-09 1           
127:         0.137329965  5.240345e-02 1.809671e-01 0.169263270  6.509882e-02 0.007994348  1.377702e-01 1.137102e-01 8.028040e-02 5.518228e-02 1           
128:         0.138237059  1.132046e-01 7.041386e-02 0.263810665  1.334989e-01 0.047056983  5.091874e-02 7.720770e-03 1.411097e-01 3.402870e-02 1           
129:         0.564942724  1.000000e-09 1.848952e-01 0.000000001  2.501621e-01 0.000000001  1.000000e-09 1.000000e-09 1.000000e-09 1.000000e-09 1           
130:         0.000000001  1.000000e-09 1.000000e-09 0.000000001  8.273444e-01 0.172655580  1.000000e-09 1.000000e-09 1.000000e-09 1.000000e-09 1           
131:         0.000000001  1.000000e-09 5.003992e-01 0.000000001  1.000000e-09 0.000000001  1.000000e-09 4.996008e-01 1.000000e-09 1.000000e-09 1           
132:         0.299125041  1.000000e-09 1.203213e-01 0.000000001  1.000000e-09 0.000000001  1.000000e-09 1.000000e-09 3.903282e-01 1.902254e-01 1           
133:         0.000000001  1.000000e-09 9.339083e-01 0.000000001  1.000000e-09 0.000000001  1.000000e-09 1.000000e-09 6.573566e-02 3.559999e-04 1           
134:         0.000000001  1.000000e-09 9.628677e-02 0.000000001  1.000000e-09 0.439578991  1.000000e-09 1.000000e-09 4.641342e-01 1.000000e-09 1           
135:         0.245593709  1.000000e-09 1.257402e-01 0.000000001  1.000000e-09 0.000000001  1.000000e-09 6.286660e-01 1.000000e-09 1.000000e-09 1           
136:         0.000000001  1.000000e-09 3.324419e-01 0.334143391  1.000000e-09 0.000000001  1.000000e-09 3.334147e-01 1.000000e-09 1.000000e-09 1           
137:         0.000000001  1.000000e-09 1.000000e-09 0.000000001  1.000000e-09 0.000000001  1.000000e-09 1.000000e+00 1.000000e-09 1.000000e-09 1           
138:         0.000000001  4.245617e-01 1.000001e-09 0.500001376  1.000000e-09 0.000000001  1.000000e-09 7.543690e-02 1.000000e-09 1.000000e-09 1           
139:         0.000000001  1.000000e-09 1.000000e-09 0.000000001  1.166051e-01 0.877216109  1.000000e-09 6.178825e-03 1.000000e-09 1.000000e-09 1           
140:         0.000000001  1.000000e-09 1.000000e-09 0.000000001  1.000000e-09 0.499999999  1.000000e-09 5.000000e-01 1.000000e-09 1.000000e-09 1           
141:         0.232419039  3.531415e-01 1.000000e-09 0.149065581  1.647491e-01 0.076516537  1.000000e-09 1.000000e-09 2.410821e-02 1.000000e-09 1           
142:         0.136780682  8.595616e-02 1.509724e-01 0.005586277  8.548725e-02 0.089708255  1.205054e-01 8.737877e-02 1.020193e-01 1.356055e-01 1           
143:         0.000000001  1.000000e-09 1.000000e-09 0.000000001  1.029028e-01 0.892496956  1.000000e-09 4.600189e-03 1.000000e-09 1.000000e-09 1           
144:         0.525198090  4.748019e-01 1.000000e-09 0.000000001  1.000000e-09 0.000000001  1.000000e-09 1.000000e-09 1.000000e-09 1.000000e-09 1           
145:         0.000000001  3.909972e-01 1.000000e-09 0.158077869  1.489917e-01 0.000000001  1.000000e-09 1.256002e-01 1.763330e-01 1.000000e-09 1           
146:         0.299511369  1.000000e-09 5.402243e-01 0.058739696  1.015246e-01 0.000000001  1.000000e-09 1.000000e-09 1.000000e-09 1.000000e-09 1           
147:         0.000000001  1.000000e-09 5.000513e-01 0.499948643  1.000000e-09 0.000000001  1.000000e-09 1.000000e-09 1.000000e-09 1.000000e-09 1           
148:         0.000000001  1.000000e-09 1.826048e-01 0.239316772  3.457417e-01 0.000000001  2.838915e-06 1.000000e-09 1.000000e-09 2.323338e-01 1           
149:         0.190249462  1.000000e-09 2.307367e-01 0.254578980  2.923699e-01 0.000000001  2.566519e-02 1.000000e-09 6.399763e-03 1.000006e-09 1           
150:         0.000000001  1.000000e-09 1.000000e+00 0.000000001  1.000000e-09 0.000000001  1.000000e-09 1.000000e-09 1.000000e-09 1.000000e-09 1           
151:         0.171310575  1.385553e-01 2.991649e-02 0.048000706  1.260413e-01 0.094760929  7.931199e-02 1.254375e-01 1.407716e-01 4.589369e-02 1           
152:         0.000000001  1.000000e-09 1.000000e-09 0.362925592  1.194070e-01 0.000000001  1.000000e-09 3.427463e-01 1.314947e-01 4.342631e-02 1           
153:         0.000000001  1.000000e-09 4.825690e-01 0.000000001  1.000000e-09 0.000000001  1.000000e-09 1.000000e-09 5.174310e-01 1.000000e-09 1           
154:         0.150637093  1.402724e-02 2.744932e-02 0.182555165  6.523946e-02 0.161923440  9.241981e-02 1.498579e-01 1.045171e-01 5.137352e-02 1           
155:         0.000000001  2.963734e-01 1.000000e-09 0.326878903  1.175593e-02 0.058656414  1.675518e-01 7.782259e-09 1.387835e-01 1.000000e-09 1           
156:         0.158354289  1.207048e-01 7.667510e-02 0.098190634  1.431572e-01 0.128390457  2.325881e-02 1.456956e-01 5.732917e-02 4.824393e-02 1           
157:         0.000000001  1.000000e-09 5.740370e-01 0.000000001  1.601738e-01 0.000000001  2.657891e-01 1.000000e-09 1.000000e-09 1.000000e-09 1           
158:         0.000000001  1.000000e-09 1.000000e-09 0.000000001  1.000000e-09 0.000000001  5.000000e-01 1.000000e-09 5.000000e-01 1.000000e-09 1           
159:         0.000000001  1.000000e-09 1.000000e-09 0.341004006  1.000000e-09 0.000000001  1.000000e-09 6.589960e-01 1.000000e-09 1.000000e-09 1           
160:         0.000000001  1.000000e-09 7.651046e-02 0.000000001  2.928924e-01 0.000000001  1.000000e-09 6.305971e-01 1.000000e-09 1.000000e-09 1           
161:         0.000000001  1.000000e-09 4.991331e-01 0.000000001  1.000000e-09 0.000000001  4.994076e-01 1.000000e-09 1.459251e-03 1.000000e-09 1           
162:         0.000000001  1.000000e-09 1.000000e-09 0.114716578  3.787285e-01 0.440464747  1.000000e-09 6.609018e-02 1.000000e-09 1.000000e-09 1           
163:         0.000000001  1.000000e-09 2.072858e-01 0.000000001  3.497444e-01 0.191359553  1.000000e-09 1.000000e-09 1.000000e-09 2.516103e-01 1           
164:         0.000000001  5.095997e-02 1.513546e-01 0.000000001  2.928732e-01 0.000000001  9.598688e-02 3.208526e-01 8.797266e-02 1.000000e-09 1           
165:         0.000000001  1.000000e-09 8.887714e-02 0.000000001  5.974524e-01 0.000000001  1.000000e-09 1.000000e-09 1.000000e-09 3.136705e-01 1           
166:         0.000000001  1.000000e-09 3.320075e-01 0.000000001  3.340438e-01 0.000000001  3.339487e-01 1.000000e-09 1.000000e-09 1.000000e-09 1           
167:         0.031611254  1.095053e-01 1.744372e-01 0.118149748  2.999399e-02 0.122011982  9.836945e-02 5.961847e-02 1.298893e-01 1.264133e-01 1           
168:         0.000000001  1.000000e-09 1.000000e-09 0.000000001  4.337019e-01 0.500060658  1.000000e-09 6.623742e-02 1.000000e-09 1.000000e-09 1           
169:         0.000000001  1.000000e-09 1.602305e-01 0.183459698  1.000000e-09 0.000000001  2.616638e-01 3.946460e-01 1.000000e-09 1.000000e-09 1           
170:         0.050396043  6.348725e-02 6.710878e-02 0.027187315  1.923244e-01 0.099815923  1.602361e-01 8.616710e-02 1.648273e-01 8.844979e-02 1           
171:         0.238269471  1.000000e-09 1.000000e-09 0.000000001  1.997154e-01 0.000000001  3.279404e-01 1.000000e-09 1.000000e-09 2.340747e-01 1           
172:         0.000000001  1.000000e-09 8.506762e-02 0.000000001  1.000000e-09 0.000000001  5.000000e-01 2.891530e-01 5.019110e-02 7.558825e-02 1           
173:         0.488413762  1.693080e-02 2.586047e-02 0.122852413  2.196783e-01 0.090293283  1.000000e-09 3.445055e-04 3.094978e-02 4.676661e-03 1           
174:         0.000000001  1.000000e-09 4.854751e-01 0.000000001  1.000000e-09 0.489843159  1.000000e-09 2.468169e-02 1.000000e-09 1.000000e-09 1           
175:         0.000000001  1.000000e-09 4.659616e-02 0.000000001  1.408117e-01 0.038238759  3.603415e-01 4.140119e-01 1.000000e-09 1.000000e-09 1           
176:         0.375872346  1.000000e-09 3.948244e-01 0.000000001  1.000000e-09 0.000000001  2.293032e-01 1.000000e-09 1.000000e-09 1.000000e-09 1           
177:         0.000000001  1.000000e-09 1.000000e-09 0.000000001  1.638023e-01 0.049226845  1.938585e-01 1.000000e-09 1.000000e-09 5.931124e-01 1           
178:         0.132119117  1.000000e-09 1.000000e-09 0.000000001  1.000000e-09 0.412424251  2.965089e-01 1.589477e-01 1.000000e-09 1.000000e-09 1           
179:         0.000000001  1.000000e-09 1.030617e-01 0.183465616  1.335811e-01 0.000000001  5.798916e-01 1.000000e-09 1.000000e-09 1.000000e-09 1           
180:         0.000000001  1.000000e-09 1.000000e-09 0.000000001  1.000000e-09 0.000000001  3.093417e-01 6.906583e-01 1.000000e-09 1.000000e-09 1           
181:         0.000000001  1.000000e-09 1.682138e-01 0.179543518  5.235152e-01 0.000000001  1.000000e-09 1.000000e-09 1.000000e-09 1.287275e-01 1           
182:         0.000000001  1.000000e-09 1.000000e+00 0.000000001  1.000000e-09 0.000000001  1.000000e-09 1.000000e-09 1.000000e-09 1.000000e-09 1           
183:         0.000000001  1.000000e-09 1.000000e-09 0.000000001  1.000000e-09 0.198579243  3.347634e-01 3.001014e-01 1.000000e-09 1.665559e-01 1           
184:         0.000000001  1.000000e-09 3.285741e-02 0.000000001  6.358489e-02 0.114017944  3.560699e-01 4.334698e-01 1.000000e-09 1.000000e-09 1           
185:         0.000000001  2.778610e-01 1.000000e-09 0.000000001  2.717107e-01 0.000000001  4.293567e-01 2.107162e-02 1.000000e-09 1.000000e-09 1           
186:         0.288753054  1.000000e-09 1.000000e-09 0.295117604  1.000000e-09 0.000000001  1.000000e-09 1.000000e-09 1.000000e-09 4.161293e-01 1           
187:         0.341329022  1.000000e-09 4.735845e-01 0.000000001  1.850865e-01 0.000000001  1.000000e-09 1.000000e-09 1.000000e-09 1.000000e-09 1           
188:         0.000000001  1.769703e-01 1.000000e-09 0.000000001  1.923827e-02 0.318316333  3.417674e-01 1.000000e-09 1.000000e-09 1.437077e-01 1           
189:         0.000000001  1.000000e-09 2.530462e-01 0.000000001  1.000000e-09 0.000000001  1.000000e-09 3.511558e-01 1.000000e-09 3.957980e-01 1           
190:         0.045566746  1.000000e-09 2.007969e-01 0.000000001  1.310022e-01 0.430460617  1.668853e-01 2.528822e-02 1.000000e-09 1.000000e-09 1           
191:         0.181446580  1.000000e-09 1.525568e-01 0.306834024  3.269925e-01 0.000000001  1.942586e-02 1.000000e-09 1.185681e-02 8.873739e-04 1           
192:         0.000000001  2.095650e-01 4.623128e-01 0.000000001  1.000000e-09 0.000000001  2.525908e-01 1.000000e-09 1.000000e-09 7.553146e-02 1           
193:         0.000000001  1.000000e-09 1.000000e-09 0.000000001  1.000000e-09 0.000000001  1.000000e-09 1.000000e+00 1.000000e-09 1.000000e-09 1           
194:         0.000000001  1.000000e-09 1.000000e-09 0.348893365  3.245710e-01 0.144391048  1.000000e-09 1.821446e-01 1.000000e-09 1.000000e-09 1           
195:         0.040052311  1.421662e-01 1.530932e-01 0.075647877  1.643821e-01 0.036814132  1.617893e-01 1.884983e-01 3.223662e-02 5.320026e-03 1           
196:         0.450456630  1.632073e-05 1.000000e-09 0.000000001  1.000000e-09 0.000000001  1.000000e-09 1.000000e-09 2.907331e-01 2.587940e-01 1           
197:         0.000000001  1.000000e+00 1.000000e-09 0.000000001  1.000000e-09 0.000000001  1.000000e-09 1.000000e-09 1.000000e-09 1.000000e-09 1           
198:         0.000000001  1.000000e-09 5.000000e-01 0.000000001  1.000000e-09 0.000000001  1.000000e-09 1.000000e-09 5.000000e-01 1.000000e-09 1           
199:         0.000000001  1.000000e-09 1.711271e-01 0.000000001  1.000000e-09 0.000000001  1.000000e-09 8.288728e-01 1.000000e-09 1.000000e-09 1           
200:         0.114846392  1.287197e-01 1.392456e-01 0.025584188  1.399121e-01 0.095911141  3.129883e-02 2.970360e-02 1.544411e-01 1.403373e-01 1           
201:         0.000000001  1.000000e-09 1.000000e-09 0.499999999  1.000000e-09 0.000000001  5.000000e-01 1.000000e-09 1.000000e-09 1.000000e-09 1           
202:         0.000000001  1.000000e-09 3.332697e-01 0.000000001  1.000000e-09 0.000000001  1.000000e-09 2.053590e-01 4.613712e-01 1.000000e-09 1           
203:         0.000000001  1.000000e-09 1.000000e-09 0.000000001  2.445974e-01 0.000000001  7.437527e-01 1.000000e-09 1.164986e-02 1.000000e-09 1           
204:         0.000000001  1.000000e-09 1.000000e+00 0.000000001  1.000000e-09 0.000000001  1.000000e-09 1.000000e-09 1.000000e-09 1.000000e-09 1           
205:         0.063100619  6.858986e-02 1.298947e-01 0.049693842  9.667873e-02 0.080680662  2.006714e-01 9.540923e-03 1.913478e-01 1.098015e-01 1           
206:         0.010657496  1.000000e-09 1.921634e-01 0.301464513  3.004319e-01 0.000000001  1.538340e-01 1.000000e-09 4.074761e-02 7.010359e-04 1           
207:         0.018248209  3.105228e-01 1.000000e-09 0.134508764  2.396718e-01 0.000000001  1.000000e-09 2.296570e-02 2.740828e-01 1.000000e-09 1           
208:         0.000000001  3.272911e-03 1.439829e-02 0.000000001  1.000000e-09 0.000000001  1.000000e-09 9.823288e-01 1.000000e-09 1.000000e-09 1           
209:         0.000000001  1.000000e+00 1.000000e-09 0.000000001  1.000000e-09 0.000000001  1.000000e-09 1.000000e-09 1.000000e-09 1.000000e-09 1           
210:         0.000000001  1.000000e-09 2.304755e-01 0.000000001  1.000000e-09 0.000000001  1.000000e-09 7.695245e-01 1.000000e-09 1.000000e-09 1           
211:         0.143367838  1.000000e-09 9.074259e-03 0.418047747  1.999044e-01 0.000000001  1.558294e-01 1.000000e-09 7.377642e-02 1.000006e-09 1           
212:         0.000000001  3.369393e-01 1.000000e-09 0.000000001  1.402729e-01 0.522787782  1.000000e-09 1.000000e-09 1.000000e-09 1.000000e-09 1           
213:         0.030102525  1.000000e-09 1.000000e-09 0.000000001  1.000000e-09 0.000000001  1.000000e-09 1.000000e-09 1.000000e-09 9.698975e-01 1           
214:         0.275251331  1.000000e-09 1.000000e-09 0.724748661  1.000000e-09 0.000000001  1.000000e-09 1.000000e-09 1.000000e-09 1.000000e-09 1           
215:         0.000000001  1.000000e-09 1.285455e-01 0.499999996  1.000000e-09 0.000000001  1.000000e-09 3.714545e-01 1.000000e-09 1.000000e-09 1           
216:         0.000000001  8.585472e-02 3.541897e-02 0.000000001  1.000000e-09 0.000000001  1.000000e-09 8.787263e-01 1.000000e-09 1.000000e-09 1           
217:         0.000000001  1.000000e-09 1.000000e-09 0.000000001  1.000000e-09 0.000000001  1.000000e-09 1.000000e-09 1.000000e+00 1.000000e-09 1           
218:         0.000000001  1.000000e-09 1.000000e-09 0.263266166  1.000000e-09 0.226188584  1.000000e-09 1.000000e-09 1.000000e-09 5.105452e-01 1           
219:         0.000000001  1.000000e-09 1.000000e-09 0.000000001  5.275845e-01 0.034865616  1.000000e-09 1.000000e-09 4.375499e-01 1.000000e-09 1           
220:         0.000000001  1.000000e-09 1.000000e-09 0.000000001  1.000000e+00 0.000000001  1.000000e-09 1.000000e-09 1.000000e-09 1.000000e-09 1           
221:         0.000000001  1.000000e-09 3.771159e-01 0.000000001  1.000000e-09 0.000000001  6.228841e-01 1.000000e-09 1.000000e-09 1.000000e-09 1           
222:         0.000000001  2.448946e-02 2.668046e-02 0.000000001  1.000000e-09 0.000000001  1.000000e-09 9.488301e-01 1.000000e-09 1.000000e-09 1           
223:         0.000000001  3.686122e-01 1.000000e-09 0.000000001  1.000000e-09 0.630347529  1.000000e-09 1.040266e-03 1.000000e-09 1.000000e-09 1           
224:         0.162255587  1.085242e-01 4.755454e-02 0.068249267  1.249312e-01 0.149825883  2.099022e-01 6.136062e-02 8.111040e-03 5.928548e-02 1           
225:         0.000000001  1.344776e-01 1.000000e-09 0.000000001  1.000000e-09 0.865357780  1.000000e-09 1.646426e-04 1.000000e-09 1.000000e-09 1           
226:         0.000000001  1.211440e-01 6.162730e-01 0.000000001  1.000000e-09 0.000000001  1.000000e-09 1.000000e-09 2.625830e-01 2.820143e-09 1           
227:         0.269158269  1.000000e-09 2.502647e-02 0.006759996  2.893365e-01 0.000000001  2.354474e-01 1.000000e-09 1.731386e-01 1.132728e-03 1           
228:         0.000000001  1.000000e-09 2.929321e-01 0.000000001  7.070679e-01 0.000000001  1.000000e-09 1.000000e-09 1.000000e-09 1.000000e-09 1           
229:         0.000000001  1.000000e-09 2.296851e-01 0.000000001  6.787652e-02 0.000000001  1.000000e-09 1.000000e-09 1.000000e-09 7.024384e-01 1           
230:         0.999999991  1.000000e-09 1.000000e-09 0.000000001  1.000000e-09 0.000000001  1.000000e-09 1.000000e-09 1.000000e-09 1.000000e-09 1           
231:         0.000000001  1.000000e-09 2.287140e-01 0.000000001  1.000000e-09 0.000000001  2.712860e-01 5.000000e-01 1.000000e-09 1.000000e-09 1           
232:         0.000000001  1.000000e+00 1.000000e-09 0.000000001  1.000000e-09 0.000000001  1.000000e-09 1.000000e-09 1.000000e-09 1.000000e-09 1           
233:         0.000000001  1.000000e-09 9.289844e-02 0.000000001  1.000000e-09 0.000000001  1.000000e-09 4.072604e-01 1.000000e-09 4.998412e-01 1           
234:         0.090406153  1.337872e-01 2.023449e-02 0.060881761  2.296633e-01 0.048705884  2.061408e-01 4.078668e-02 5.200656e-04 1.688738e-01 1           
235:         0.000000001  1.000000e-09 1.000000e-09 0.331171691  1.000000e-09 0.169014586  1.000000e-09 4.998137e-01 1.000000e-09 1.000000e-09 1           
236:         0.000000001  7.464991e-01 6.337522e-02 0.000000001  1.000000e-09 0.000000001  1.000000e-09 6.337508e-02 6.337527e-02 6.337533e-02 1           
237:         0.561777657  1.000000e-09 1.000000e-09 0.000000001  1.000000e-09 0.000000001  1.000000e-09 1.000000e-09 1.000000e-09 4.382223e-01 1           
238:         0.000000001  1.000000e-09 2.376370e-04 0.000000001  5.000000e-01 0.000000001  1.000000e-09 4.997624e-01 1.000000e-09 1.000000e-09 1           
239:         0.000000001  4.721819e-01 1.000000e-09 0.400008696  1.000000e-09 0.127809388  1.000000e-09 1.000000e-09 1.000000e-09 1.000000e-09 1           
240:         0.185397818  2.323500e-01 1.000000e-09 0.120385981  2.680310e-01 0.000000001  1.000000e-09 1.000000e-09 2.236149e-02 1.714738e-01 1           
241:         0.000000001  1.000000e-09 1.000000e+00 0.000000001  1.000000e-09 0.000000001  1.000000e-09 1.000000e-09 1.000000e-09 1.000000e-09 1           
242:         0.000000001  4.944724e-01 1.000000e-09 0.000000001  1.000000e-09 0.505283581  1.000000e-09 2.440401e-04 1.000000e-09 1.000000e-09 1           
243:         0.000000001  6.541599e-01 1.000000e-09 0.000000001  1.000000e-09 0.000000001  1.000000e-09 1.000000e-09 1.000000e-09 3.458401e-01 1           
244:         0.408498785  8.293610e-02 1.000000e-09 0.000000001  1.000000e-09 0.000000001  1.000000e-09 1.000000e-09 3.997195e-01 1.088456e-01 1           
245:         0.000000001  1.825619e-01 2.071931e-01 0.000000001  4.165454e-01 0.000000001  4.673730e-03 1.000000e-09 1.890258e-01 1.000000e-09 1           
246:         0.000000001  1.000000e-09 1.000000e-09 0.297425964  1.000000e-09 0.702574028  1.000000e-09 1.000000e-09 1.000000e-09 1.000000e-09 1           
247:         0.000000001  1.111044e-01 2.482160e-01 0.000000001  3.159184e-01 0.000000001  1.062975e-01 1.407998e-01 7.766392e-02 1.000000e-09 1           
248:         0.000000001  1.000000e-09 1.000000e-09 0.406929176  7.914671e-02 0.444078570  1.000000e-09 6.984554e-02 1.000000e-09 1.000000e-09 1           
249:         0.000000001  1.000000e-09 2.404041e-01 0.253100468  5.331007e-02 0.000000001  4.531854e-01 1.000000e-09 1.000000e-09 1.000000e-09 1           
250:         0.137489436  1.437223e-01 4.731453e-02 0.051169685  1.390509e-01 0.107305751  7.934264e-02 1.142273e-01 4.675950e-02 1.336179e-01 1           
251:         0.410128696  1.000000e-09 1.000000e-09 0.000000001  1.000000e-09 0.000000001  1.000000e-09 1.000000e-09 1.000000e-09 5.898713e-01 1           
252:         0.000000001  1.000000e-09 1.000000e-09 0.999999991  1.000000e-09 0.000000001  1.000000e-09 1.000000e-09 1.000000e-09 1.000000e-09 1           
253:         0.000000001  2.155158e-01 4.065461e-01 0.000000001  1.000000e-09 0.000000001  1.600674e-02 7.741648e-02 2.143607e-01 7.015418e-02 1           
254:         0.358767046  1.000000e-09 7.445021e-02 0.000000001  1.337852e-01 0.000000001  1.000000e-09 1.000000e-09 1.000000e-09 4.329976e-01 1           
