  1:   0.6170  0.0000  0.3830  1
  2:   0.0000  0.0004  0.9996  1
  3:   0.0000  0.0944  0.9056  1
  4:   0.0000  0.0563  0.9437  1
  5:   0.1606  0.0232  0.8161  1
  6:   0.0062  0.0000  0.9938  1
  7:   0.0007  0.2329  0.7664  1
  8:   0.5912  0.4088  0.0000  1
  9:   0.0013  0.0693  0.9294  1
 10:   0.5316  0.4684  0.0000  1
 11:   1.0000  0.0000  0.0000  1
 12:   0.0000  0.0892  0.9108  1
 13:   0.0000  0.3521  0.6479  1
 14:   0.0000  0.0000  1.0000  1
 15:   0.1412  0.0000  0.8588  1
 16:   0.4769  0.0000  0.5231  1
 17:   0.0000  0.0000  1.0000  1
 18:   0.0000  0.0955  0.9045  1
 19:   0.2509  0.0000  0.7491  1
 20:   0.2607  0.0010  0.7383  1
 21:   0.1956  0.0237  0.7807  1
 22:   0.0000  0.5420  0.4580  1
 23:   0.9998  0.0000  0.0002  1
 24:   0.3170  0.0000  0.6830  1
 25:   0.1084  0.0000  0.8916  1
 26:   0.1795  0.8205  0.0000  1
 27:   0.5644  0.0000  0.4356  1
 28:   0.5165  0.1550  0.3285  1
 29:   0.5184  0.0000  0.4816  1
 30:   0.4509  0.0000  0.5491  1
 31:   0.3484  0.0000  0.6516  1
 32:   0.0000  0.2976  0.7024  1
 33:   0.0606  0.3466  0.5928  1
 34:   0.0638  0.1868  0.7494  1
 35:   0.0000  0.0123  0.9877  1
 36:   0.0000  0.0000  1.0000  1
 37:   0.0000  0.0000  1.0000  1
 38:   0.0251  0.2471  0.7277  1
 39:   0.5914  0.0000  0.4086  1
 40:   0.0000  0.0000  1.0000  1
 41:   0.0000  0.0000  1.0000  1
 42:   0.0000  0.3584  0.6416  1
 43:   1.0000  0.0000  0.0000  1
 44:   1.0000  0.0000  0.0000  1
 45:   1.0000  0.0000  0.0000  1
 46:   0.0000  1.0000  0.0000  1
 47:   0.8939  0.0000  0.1061  1
 48:   1.0000  0.0000  0.0000  1
 49:   0.9561  0.0439  0.0000  1
 50:   1.0000  0.0000  0.0000  1
 51:   0.5917  0.4083  0.0000  1
 52:   0.1714  0.8286  0.0000  1
 53:   1.0000  0.0000  0.0000  1
 54:   1.0000  0.0000  0.0000  1
 55:   1.0000  0.0000  0.0000  1
 56:   1.0000  0.0000  0.0000  1
 57:   0.5197  0.4803  0.0000  1
 58:   0.0000  1.0000  0.0000  1
 59:   0.3263  0.6737  0.0000  1
 60:   0.0000  1.0000  0.0000  1
 61:   0.0000  1.0000  0.0000  1
 62:   0.4248  0.5752  0.0000  1
 63:   0.3466  0.6534  0.0000  1
 64:   0.4290  0.5710  0.0000  1
 65:   0.0000  0.4005  0.5995  1
 66:   0.4179  0.0000  0.5821  1
 67:   0.3343  0.4851  0.1805  1
 68:   0.6664  0.3336  0.0000  1
 69:   0.0000  0.0564  0.9436  1
 70:   0.0000  0.1535  0.8465  1
 71:   0.7795  0.2205  0.0000  1
 72:   0.7112  0.2888  0.0000  1
 73:   0.4243  0.5757  0.0000  1
 74:   1.0000  0.0000  0.0000  1
 75:   0.3884  0.6116  0.0000  1
 76:   0.6793  0.3207  0.0000  1
 77:   1.0000  0.0000  0.0000  1
 78:   0.8568  0.1432  0.0000  1
 79:   0.0000  1.0000  0.0000  1
 80:   0.0000  0.4692  0.5308  1
 81:   0.4358  0.5642  0.0000  1
 82:   0.0000  1.0000  0.0000  1
 83:   0.0000  1.0000  0.0000  1
 84:   0.2461  0.7539  0.0000  1
 85:   0.6595  0.3405  0.0000  1
 86:   0.0000  1.0000  0.0000  1
 87:   0.4400  0.5217  0.0382  1
 88:   0.2252  0.0410  0.7339  1
 89:   0.0000  1.0000  0.0000  1
 90:   0.0000  0.3205  0.6795  1
 91:   1.0000  0.0000  0.0000  1
 92:   0.7021  0.2979  0.0000  1
 93:   0.6183  0.3817  0.0000  1
 94:   0.5134  0.4866  0.0000  1
 95:   1.0000  0.0000  0.0000  1
 96:   0.5643  0.4357  0.0000  1
 97:   0.8659  0.1341  0.0000  1
 98:   0.0000  1.0000  0.0000  1
 99:   0.4289  0.5711  0.0000  1
100:   0.3242  0.6758  0.0000  1
101:   0.7962  0.2038  0.0000  1
102:   0.0000  0.1043  0.8957  1
103:   0.0000  0.6077  0.3923  1
104:   0.0000  0.0000  1.0000  1
105:   0.0000  0.0000  1.0000  1
106:   0.2218  0.0000  0.7782  1
107:   0.0000  0.0775  0.9225  1
108:   0.0000  0.0000  1.0000  1
109:   0.0000  0.0000  1.0000  1
110:   0.1182  0.0000  0.8818  1
111:   0.0000  0.0000  1.0000  1
112:   0.0000  0.0970  0.9030  1
113:   0.0000  0.0000  1.0000  1
114:   0.2456  0.0000  0.7544  1
115:   0.0000  0.0000  1.0000  1
116:   0.0000  0.0000  1.0000  1
117:   0.0000  0.0918  0.9082  1
118:   0.5238  0.0000  0.4762  1
119:   0.1371  0.0000  0.8629  1
120:   0.0520  0.0000  0.9480  1
121:   0.3558  0.0000  0.6442  1
122:   0.0000  0.2032  0.7968  1
123:   0.0000  0.4493  0.5507  1
124:   0.0000  0.2249  0.7751  1
125:   0.0000  0.1288  0.8712  1
126:   0.0000  0.1840  0.8160  1
127:   0.0000  0.0000  1.0000  1
128:   0.0000  0.0458  0.9542  1
129:   0.0000  0.0000  1.0000  1
130:   0.0000  0.2045  0.7955  1
131:   0.6162  0.3838  0.0000  1
132:   0.0000  1.0000  0.0000  1
133:   0.0000  1.0000  0.0000  1
134:   0.0000  1.0000  0.0000  1
135:   0.2535  0.7465  0.0000  1
136:   1.0000  0.0000  0.0000  1
137:   1.0000  0.0000  0.0000  1
138:   0.9667  0.0333  0.0000  1
139:   1.0000  0.0000  0.0000  1
140:   0.3195  0.6805  0.0000  1
141:   0.5983  0.4017  0.0000  1
142:   0.7891  0.0000  0.2109  1
143:   0.6515  0.3485  0.0000  1
144:   0.0000  1.0000  0.0000  1
145:   0.5383  0.4617  0.0000  1
146:   0.3481  0.6519  0.0000  1
147:   1.0000  0.0000  0.0000  1
148:   0.0000  1.0000  0.0000  1
149:   0.3798  0.6202  0.0000  1
150:   0.0003  0.6310  0.3688  1
151:   0.1704  0.5039  0.3257  1
152:   0.0000  1.0000  0.0000  1
153:   1.0000  0.0000  0.0000  1
154:   0.0000  1.0000  0.0000  1
155:   1.0000  0.0000  0.0000  1
156:   0.8768  0.0000  0.1232  1
157:   0.9296  0.0704  0.0000  1
158:   0.1752  0.8248  0.0000  1
159:   0.0000  0.6802  0.3198  1
160:   0.0000  1.0000  0.0000  1
161:   0.0000  1.0000  0.0000  1
162:   1.0000  0.0000  0.0000  1
163:   0.4784  0.5207  0.0009  1
164:   0.2165  0.7835  0.0000  1
165:   0.3022  0.4852  0.2126  1
166:   0.3306  0.6694  0.0000  1
167:   0.4885  0.5115  0.0000  1
168:   0.6278  0.3722  0.0000  1
169:   0.0193  0.9807  0.0000  1
170:   0.2446  0.7554  0.0000  1
171:   0.0000  1.0000  0.0000  1
172:   0.0000  1.0000  0.0000  1
173:   0.7386  0.2614  0.0000  1
174:   0.4862  0.5138  0.0000  1
175:   1.0000  0.0000  0.0000  1
176:   1.0000  0.0000  0.0000  1
177:   1.0000  0.0000  0.0000  1
178:   1.0000  0.0000  0.0000  1
179:   1.0000  0.0000  0.0000  1
180:   1.0000  0.0000  0.0000  1
181:   0.0000  0.3503  0.6497  1

  1:   0.2473  0.4796  0.2730  1
  2:   0.0000  0.0000  1.0000  1
  3:   0.0329  0.0000  0.9671  1
  4:   0.0000  0.0000  1.0000  1
  5:   0.1676  0.0112  0.8212  1
  6:   0.0000  0.0000  1.0000  1
  7:   0.2517  0.0000  0.7483  1
  8:   0.3285  0.6715  0.0000  1
  9:   0.0000  0.0648  0.9352  1
 10:   0.4884  0.5116  0.0000  1
 11:   1.0000  0.0000  0.0000  1
 12:   0.0000  0.0000  1.0000  1
 13:   0.0000  0.1554  0.8446  1
 14:   0.2444  0.0000  0.7556  1
 15:   0.0000  0.0806  0.9194  1
 16:   0.4825  0.0000  0.5175  1
 17:   0.0002  0.0000  0.9998  1
 18:   0.0000  0.0565  0.9435  1
 19:   0.0000  0.1157  0.8843  1
 20:   0.3253  0.0000  0.6747  1
 21:   0.3420  0.0000  0.6580  1
 22:   0.0000  0.3711  0.6289  1
 23:   0.8164  0.0513  0.1323  1
 24:   0.4157  0.0000  0.5843  1
 25:   0.0060  0.0000  0.9940  1
 26:   1.0000  0.0000  0.0000  1
 27:   1.0000  0.0000  0.0000  1
 28:   0.3710  0.3361  0.2929  1
 29:   0.4377  0.0443  0.5180  1
 30:   0.1705  0.1864  0.6431  1
 31:   0.4454  0.0000  0.5546  1
 32:   0.0000  0.0000  1.0000  1
 33:   0.4887  0.0000  0.5113  1
 34:   0.0000  0.2097  0.7903  1
 35:   0.0000  0.0000  1.0000  1
 36:   0.0000  0.0000  1.0000  1
 37:   0.0000  0.0000  1.0000  1
 38:   0.1884  0.1233  0.6883  1
 39:   0.5540  0.0000  0.4460  1
 40:   0.0000  0.0000  1.0000  1
 41:   0.0000  0.0000  1.0000  1
 42:   0.0000  0.2801  0.7199  1
 43:   1.0000  0.0000  0.0000  1
 44:   1.0000  0.0000  0.0000  1
 45:   0.5579  0.4421  0.0000  1
 46:   0.2779  0.7221  0.0000  1
 47:   1.0000  0.0000  0.0000  1
 48:   1.0000  0.0000  0.0000  1
 49:   0.3796  0.6204  0.0000  1
 50:   0.6840  0.0002  0.3158  1
 51:   0.6408  0.3592  0.0000  1
 52:   1.0000  0.0000  0.0000  1
 53:   1.0000  0.0000  0.0000  1
 54:   1.0000  0.0000  0.0000  1
 55:   1.0000  0.0000  0.0000  1
 56:   0.3441  0.6558  0.0000  1
 57:   0.3588  0.0000  0.6412  1
 58:   0.0000  1.0000  0.0000  1
 59:   0.4389  0.5611  0.0000  1
 60:   0.0000  1.0000  0.0000  1
 61:   0.0000  1.0000  0.0000  1
 62:   0.0000  1.0000  0.0000  1
 63:   0.1064  0.8936  0.0000  1
 64:   0.0000  1.0000  0.0000  1
 65:   0.0000  0.2824  0.7176  1
 66:   0.2069  0.0000  0.7931  1
 67:   0.0000  0.7686  0.2314  1
 68:   0.0000  1.0000  0.0000  1
 69:   0.0000  0.0000  1.0000  1
 70:   0.0000  0.1151  0.8849  1
 71:   0.2363  0.7637  0.0000  1
 72:   0.4617  0.5383  0.0000  1
 73:   0.1587  0.8413  0.0000  1
 74:   0.3749  0.6251  0.0000  1
 75:   0.2625  0.7375  0.0000  1
 76:   0.0002  0.9998  0.0000  1
 77:   0.0000  1.0000  0.0000  1
 78:   0.4764  0.5236  0.0000  1
 79:   0.0000  1.0000  0.0000  1
 80:   0.3205  0.1130  0.5665  1
 81:   0.3916  0.6084  0.0000  1
 82:   0.0000  1.0000  0.0000  1
 83:   0.0000  1.0000  0.0000  1
 84:   0.0000  1.0000  0.0000  1
 85:   0.3506  0.6494  0.0000  1
 86:   0.0000  1.0000  0.0000  1
 87:   0.0000  1.0000  0.0000  1
 88:   0.0003  0.2407  0.7590  1
 89:   0.0000  1.0000  0.0000  1
 90:   0.0000  0.3356  0.6644  1
 91:   0.1883  0.8117  0.0000  1
 92:   0.3689  0.6311  0.0000  1
 93:   0.1624  0.8376  0.0000  1
 94:   0.1309  0.8691  0.0000  1
 95:   0.2068  0.7932  0.0000  1
 96:   0.3637  0.6363  0.0000  1
 97:   0.3129  0.6871  0.0000  1
 98:   0.0000  1.0000  0.0000  1
 99:   0.0000  1.0000  0.0000  1
100:   0.0000  1.0000  0.0000  1
101:   0.5613  0.4387  0.0000  1
102:   0.0000  0.0084  0.9916  1
103:   0.4177  0.0000  0.5823  1
104:   0.0000  0.0000  1.0000  1
105:   0.0000  0.0000  1.0000  1
106:   0.2073  0.0000  0.7927  1
107:   0.0339  0.0000  0.9661  1
108:   0.0000  0.0000  1.0000  1
109:   0.0000  0.0000  1.0000  1
110:   0.0000  0.1491  0.8509  1
111:   0.0579  0.0000  0.9421  1
112:   0.0000  0.1065  0.8935  1
113:   0.0000  0.0000  1.0000  1
114:   0.0850  0.0000  0.9150  1
115:   0.0000  0.0000  1.0000  1
116:   0.0000  0.0000  1.0000  1
117:   0.0000  0.0000  1.0000  1
118:   0.2571  0.2164  0.5265  1
119:   0.0000  0.0880  0.9120  1
120:   0.2391  0.0000  0.7609  1
121:   0.1124  0.1932  0.6944  1
122:   0.0003  0.1341  0.8656  1
123:   0.0000  0.3553  0.6447  1
124:   0.0000  0.2628  0.7372  1
125:   0.1354  0.0000  0.8646  1
126:   0.0136  0.0000  0.9864  1
127:   0.0000  0.0000  1.0000  1
128:   0.2282  0.0000  0.7718  1
129:   0.0000  0.0000  1.0000  1
130:   0.0000  0.0000  1.0000  1
131:   0.0000  1.0000  0.0000  1
132:   0.0000  1.0000  0.0000  1
133:   0.0000  1.0000  0.0000  1
134:   0.0000  1.0000  0.0000  1
135:   0.0000  1.0000  0.0000  1
136:   0.0000  1.0000  0.0000  1
137:   0.2272  0.7728  0.0000  1
138:   0.2202  0.7798  0.0000  1
139:   1.0000  0.0000  0.0000  1
140:   0.1671  0.8329  0.0000  1
141:   0.3056  0.6944  0.0000  1
142:   0.0000  0.6412  0.3588  1
143:   0.0000  0.7129  0.2871  1
144:   0.0000  1.0000  0.0000  1
145:   0.0000  1.0000  0.0000  1
146:   0.6016  0.3984  0.0000  1
147:   0.3986  0.6014  0.0000  1
148:   0.0000  0.7332  0.2668  1
149:   0.1126  0.8874  0.0000  1
150:   0.0989  0.5476  0.3534  1
151:   0.1382  0.5017  0.3601  1
152:   0.1948  0.8052  0.0000  1
153:   0.1682  0.8318  0.0000  1
154:   0.0000  1.0000  0.0000  1
155:   0.2346  0.7654  0.0000  1
156:   0.2825  0.5669  0.1506  1
157:   0.1277  0.7908  0.0815  1
158:   1.0000  0.0000  0.0000  1
159:   0.0000  0.6271  0.3729  1
160:   0.0000  1.0000  0.0000  1
161:   0.0000  1.0000  0.0000  1
162:   0.4287  0.5713  0.0000  1
163:   0.1940  0.7971  0.0089  1
164:   0.0000  1.0000  0.0000  1
165:   0.0000  0.8345  0.1655  1
166:   0.0000  1.0000  0.0000  1
167:   0.2066  0.7934  0.0000  1
168:   0.0000  1.0000  0.0000  1
169:   0.0000  1.0000  0.0000  1
170:   0.0000  1.0000  0.0000  1
171:   0.0000  1.0000  0.0000  1
172:   0.0000  1.0000  0.0000  1
173:   0.5821  0.4179  0.0000  1
174:   0.0000  1.0000  0.0000  1
175:   0.9991  0.0009  0.0000  1
176:   0.7695  0.2305  0.0000  1
177:   1.0000  0.0000  0.0000  1
178:   1.0000  0.0000  0.0000  1
179:   1.0000  0.0000  0.0000  1
180:   1.0000  0.0000  0.0000  1
181:   0.0000  0.0000  1.0000  1

  1:   0.6170  0.0000  0.3830  1
  2:   0.0000  0.0004  0.9996  1
  3:   0.0000  0.0944  0.9056  1
  4:   0.0000  0.0563  0.9437  1
  5:   0.1606  0.0232  0.8161  1
  6:   0.0062  0.0000  0.9938  1
  7:   0.0007  0.2329  0.7664  1
  8:   0.5912  0.4088  0.0000  1
  9:   0.0013  0.0693  0.9294  1
 10:   0.5316  0.4684  0.0000  1
 11:   1.0000  0.0000  0.0000  1
 12:   0.0000  0.0892  0.9108  1
 13:   0.0000  0.3521  0.6479  1
 14:   0.0000  0.0000  1.0000  1
 15:   0.1412  0.0000  0.8588  1
 16:   0.4769  0.0000  0.5231  1
 17:   0.0000  0.0000  1.0000  1
 18:   0.0000  0.0955  0.9045  1
 19:   0.2509  0.0000  0.7491  1
 20:   0.2607  0.0010  0.7383  1
 21:   0.1956  0.0237  0.7807  1
 22:   0.0000  0.5420  0.4580  1
 23:   0.9998  0.0000  0.0002  1
 24:   0.3170  0.0000  0.6830  1
 25:   0.1084  0.0000  0.8916  1
 26:   0.1795  0.8205  0.0000  1
 27:   0.5644  0.0000  0.4356  1
 28:   0.5165  0.1550  0.3285  1
 29:   0.5184  0.0000  0.4816  1
 30:   0.4509  0.0000  0.5491  1
 31:   0.3484  0.0000  0.6516  1
 32:   0.0000  0.2976  0.7024  1
 33:   0.0606  0.3466  0.5928  1
 34:   0.0638  0.1868  0.7494  1
 35:   0.0000  0.0123  0.9877  1
 36:   0.0000  0.0000  1.0000  1
 37:   0.0000  0.0000  1.0000  1
 38:   0.0251  0.2471  0.7277  1
 39:   0.5914  0.0000  0.4086  1
 40:   0.0000  0.0000  1.0000  1
 41:   0.0000  0.0000  1.0000  1
 42:   0.0000  0.3584  0.6416  1
 43:   1.0000  0.0000  0.0000  1
 44:   1.0000  0.0000  0.0000  1
 45:   1.0000  0.0000  0.0000  1
 46:   0.0000  1.0000  0.0000  1
 47:   0.8939  0.0000  0.1061  1
 48:   1.0000  0.0000  0.0000  1
 49:   0.9561  0.0439  0.0000  1
 50:   1.0000  0.0000  0.0000  1
 51:   0.5917  0.4083  0.0000  1
 52:   0.1714  0.8286  0.0000  1
 53:   1.0000  0.0000  0.0000  1
 54:   1.0000  0.0000  0.0000  1
 55:   1.0000  0.0000  0.0000  1
 56:   1.0000  0.0000  0.0000  1
 57:   0.5197  0.4803  0.0000  1
 58:   0.0000  1.0000  0.0000  1
 59:   0.3263  0.6737  0.0000  1
 60:   0.0000  1.0000  0.0000  1
 61:   0.0000  1.0000  0.0000  1
 62:   0.4248  0.5752  0.0000  1
 63:   0.3466  0.6534  0.0000  1
 64:   0.4290  0.5710  0.0000  1
 65:   0.0000  0.4005  0.5995  1
 66:   0.4179  0.0000  0.5821  1
 67:   0.3343  0.4851  0.1805  1
 68:   0.6664  0.3336  0.0000  1
 69:   0.0000  0.0564  0.9436  1
 70:   0.0000  0.1535  0.8465  1
 71:   0.7795  0.2205  0.0000  1
 72:   0.7112  0.2888  0.0000  1
 73:   0.4243  0.5757  0.0000  1
 74:   1.0000  0.0000  0.0000  1
 75:   0.3884  0.6116  0.0000  1
 76:   0.6793  0.3207  0.0000  1
 77:   1.0000  0.0000  0.0000  1
 78:   0.8568  0.1432  0.0000  1
 79:   0.0000  1.0000  0.0000  1
 80:   0.0000  0.4692  0.5308  1
 81:   0.4358  0.5642  0.0000  1
 82:   0.0000  1.0000  0.0000  1
 83:   0.0000  1.0000  0.0000  1
 84:   0.2461  0.7539  0.0000  1
 85:   0.6595  0.3405  0.0000  1
 86:   0.0000  1.0000  0.0000  1
 87:   0.4400  0.5217  0.0382  1
 88:   0.2252  0.0410  0.7339  1
 89:   0.0000  1.0000  0.0000  1
 90:   0.0000  0.3205  0.6795  1
 91:   1.0000  0.0000  0.0000  1
 92:   0.7021  0.2979  0.0000  1
 93:   0.6183  0.3817  0.0000  1
 94:   0.5134  0.4866  0.0000  1
 95:   1.0000  0.0000  0.0000  1
 96:   0.5643  0.4357  0.0000  1
 97:   0.8659  0.1341  0.0000  1
 98:   0.0000  1.0000  0.0000  1
 99:   0.4289  0.5711  0.0000  1
100:   0.3242  0.6758  0.0000  1
101:   0.7962  0.2038  0.0000  1
102:   0.0000  0.1043  0.8957  1
103:   0.0000  0.6077  0.3923  1
104:   0.0000  0.0000  1.0000  1
105:   0.0000  0.0000  1.0000  1
106:   0.2218  0.0000  0.7782  1
107:   0.0000  0.0775  0.9225  1
108:   0.0000  0.0000  1.0000  1
109:   0.0000  0.0000  1.0000  1
110:   0.1182  0.0000  0.8818  1
111:   0.0000  0.0000  1.0000  1
112:   0.0000  0.0970  0.9030  1
113:   0.0000  0.0000  1.0000  1
114:   0.2456  0.0000  0.7544  1
115:   0.0000  0.0000  1.0000  1
116:   0.0000  0.0000  1.0000  1
117:   0.0000  0.0918  0.9082  1
118:   0.5238  0.0000  0.4762  1
119:   0.1371  0.0000  0.8629  1
120:   0.0520  0.0000  0.9480  1
121:   0.3558  0.0000  0.6442  1
122:   0.0000  0.2032  0.7968  1
123:   0.0000  0.4493  0.5507  1
124:   0.0000  0.2249  0.7751  1
125:   0.0000  0.1288  0.8712  1
126:   0.0000  0.1840  0.8160  1
127:   0.0000  0.0000  1.0000  1
128:   0.0000  0.0458  0.9542  1
129:   0.0000  0.0000  1.0000  1
130:   0.0000  0.2045  0.7955  1
131:   0.6162  0.3838  0.0000  1
132:   0.0000  1.0000  0.0000  1
133:   0.0000  1.0000  0.0000  1
134:   0.0000  1.0000  0.0000  1
135:   0.2535  0.7465  0.0000  1
136:   1.0000  0.0000  0.0000  1
137:   1.0000  0.0000  0.0000  1
138:   0.9667  0.0333  0.0000  1
139:   1.0000  0.0000  0.0000  1
140:   0.3195  0.6805  0.0000  1
141:   0.5983  0.4017  0.0000  1
142:   0.7891  0.0000  0.2109  1
143:   0.6515  0.3485  0.0000  1
144:   0.0000  1.0000  0.0000  1
145:   0.5383  0.4617  0.0000  1
146:   0.3481  0.6519  0.0000  1
147:   1.0000  0.0000  0.0000  1
148:   0.0000  1.0000  0.0000  1
149:   0.3798  0.6202  0.0000  1
150:   0.0003  0.6310  0.3688  1
151:   0.1704  0.5039  0.3257  1
152:   0.0000  1.0000  0.0000  1
153:   1.0000  0.0000  0.0000  1
154:   0.0000  1.0000  0.0000  1
155:   1.0000  0.0000  0.0000  1
156:   0.8768  0.0000  0.1232  1
157:   0.9296  0.0704  0.0000  1
158:   0.1752  0.8248  0.0000  1
159:   0.0000  0.6802  0.3198  1
160:   0.0000  1.0000  0.0000  1
161:   0.0000  1.0000  0.0000  1
162:   1.0000  0.0000  0.0000  1
163:   0.4784  0.5207  0.0009  1
164:   0.2165  0.7835  0.0000  1
165:   0.3022  0.4852  0.2126  1
166:   0.3306  0.6694  0.0000  1
167:   0.4885  0.5115  0.0000  1
168:   0.6278  0.3722  0.0000  1
169:   0.0193  0.9807  0.0000  1
170:   0.2446  0.7554  0.0000  1
171:   0.0000  1.0000  0.0000  1
172:   0.0000  1.0000  0.0000  1
173:   0.7386  0.2614  0.0000  1
174:   0.4862  0.5138  0.0000  1
175:   1.0000  0.0000  0.0000  1
176:   1.0000  0.0000  0.0000  1
177:   1.0000  0.0000  0.0000  1
178:   1.0000  0.0000  0.0000  1
179:   1.0000  0.0000  0.0000  1
180:   1.0000  0.0000  0.0000  1
181:   0.0000  0.3503  0.6497  1

  1:   0.6170  0.0000  0.3830  1
  2:   0.0000  0.0004  0.9996  1
  3:   0.0000  0.0944  0.9056  1
  4:   0.0000  0.0563  0.9437  1
  5:   0.1606  0.0232  0.8161  1
  6:   0.0062  0.0000  0.9938  1
  7:   0.0007  0.2329  0.7664  1
  8:   0.5912  0.4088  0.0000  1
  9:   0.0013  0.0693  0.9294  1
 10:   0.5316  0.4684  0.0000  1
 11:   1.0000  0.0000  0.0000  1
 12:   0.0000  0.0892  0.9108  1
 13:   0.0000  0.3521  0.6479  1
 14:   0.0000  0.0000  1.0000  1
 15:   0.1412  0.0000  0.8588  1
 16:   0.4769  0.0000  0.5231  1
 17:   0.0000  0.0000  1.0000  1
 18:   0.0000  0.0955  0.9045  1
 19:   0.2509  0.0000  0.7491  1
 20:   0.2607  0.0010  0.7383  1
 21:   0.1956  0.0237  0.7807  1
 22:   0.0000  0.5420  0.4580  1
 23:   0.9998  0.0000  0.0002  1
 24:   0.3170  0.0000  0.6830  1
 25:   0.1084  0.0000  0.8916  1
 26:   0.1795  0.8205  0.0000  1
 27:   0.5644  0.0000  0.4356  1
 28:   0.5165  0.1550  0.3285  1
 29:   0.5184  0.0000  0.4816  1
 30:   0.4509  0.0000  0.5491  1
 31:   0.3484  0.0000  0.6516  1
 32:   0.0000  0.2976  0.7024  1
 33:   0.0606  0.3466  0.5928  1
 34:   0.0638  0.1868  0.7494  1
 35:   0.0000  0.0123  0.9877  1
 36:   0.0000  0.0000  1.0000  1
 37:   0.0000  0.0000  1.0000  1
 38:   0.0251  0.2471  0.7277  1
 39:   0.5914  0.0000  0.4086  1
 40:   0.0000  0.0000  1.0000  1
 41:   0.0000  0.0000  1.0000  1
 42:   0.0000  0.3584  0.6416  1
 43:   1.0000  0.0000  0.0000  1
 44:   1.0000  0.0000  0.0000  1
 45:   1.0000  0.0000  0.0000  1
 46:   0.0000  1.0000  0.0000  1
 47:   0.8939  0.0000  0.1061  1
 48:   1.0000  0.0000  0.0000  1
 49:   0.9561  0.0439  0.0000  1
 50:   1.0000  0.0000  0.0000  1
 51:   0.5917  0.4083  0.0000  1
 52:   0.1714  0.8286  0.0000  1
 53:   1.0000  0.0000  0.0000  1
 54:   1.0000  0.0000  0.0000  1
 55:   1.0000  0.0000  0.0000  1
 56:   1.0000  0.0000  0.0000  1
 57:   0.5197  0.4803  0.0000  1
 58:   0.0000  1.0000  0.0000  1
 59:   0.3263  0.6737  0.0000  1
 60:   0.0000  1.0000  0.0000  1
 61:   0.0000  1.0000  0.0000  1
 62:   0.4248  0.5752  0.0000  1
 63:   0.3466  0.6534  0.0000  1
 64:   0.4290  0.5710  0.0000  1
 65:   0.0000  0.4005  0.5995  1
 66:   0.4179  0.0000  0.5821  1
 67:   0.3343  0.4851  0.1805  1
 68:   0.6664  0.3336  0.0000  1
 69:   0.0000  0.0564  0.9436  1
 70:   0.0000  0.1535  0.8465  1
 71:   0.7795  0.2205  0.0000  1
 72:   0.7112  0.2888  0.0000  1
 73:   0.4243  0.5757  0.0000  1
 74:   1.0000  0.0000  0.0000  1
 75:   0.3884  0.6116  0.0000  1
 76:   0.6793  0.3207  0.0000  1
 77:   1.0000  0.0000  0.0000  1
 78:   0.8568  0.1432  0.0000  1
 79:   0.0000  1.0000  0.0000  1
 80:   0.0000  0.4692  0.5308  1
 81:   0.4358  0.5642  0.0000  1
 82:   0.0000  1.0000  0.0000  1
 83:   0.0000  1.0000  0.0000  1
 84:   0.2461  0.7539  0.0000  1
 85:   0.6595  0.3405  0.0000  1
 86:   0.0000  1.0000  0.0000  1
 87:   0.4400  0.5217  0.0382  1
 88:   0.2252  0.0410  0.7339  1
 89:   0.0000  1.0000  0.0000  1
 90:   0.0000  0.3205  0.6795  1
 91:   1.0000  0.0000  0.0000  1
 92:   0.7021  0.2979  0.0000  1
 93:   0.6183  0.3817  0.0000  1
 94:   0.5134  0.4866  0.0000  1
 95:   1.0000  0.0000  0.0000  1
 96:   0.5643  0.4357  0.0000  1
 97:   0.8659  0.1341  0.0000  1
 98:   0.0000  1.0000  0.0000  1
 99:   0.4289  0.5711  0.0000  1
100:   0.3242  0.6758  0.0000  1
101:   0.7962  0.2038  0.0000  1
102:   0.0000  0.1043  0.8957  1
103:   0.0000  0.6077  0.3923  1
104:   0.0000  0.0000  1.0000  1
105:   0.0000  0.0000  1.0000  1
106:   0.2218  0.0000  0.7782  1
107:   0.0000  0.0775  0.9225  1
108:   0.0000  0.0000  1.0000  1
109:   0.0000  0.0000  1.0000  1
110:   0.1182  0.0000  0.8818  1
111:   0.0000  0.0000  1.0000  1
112:   0.0000  0.0970  0.9030  1
113:   0.0000  0.0000  1.0000  1
114:   0.2456  0.0000  0.7544  1
115:   0.0000  0.0000  1.0000  1
116:   0.0000  0.0000  1.0000  1
117:   0.0000  0.0918  0.9082  1
118:   0.5238  0.0000  0.4762  1
119:   0.1371  0.0000  0.8629  1
120:   0.0520  0.0000  0.9480  1
121:   0.3558  0.0000  0.6442  1
122:   0.0000  0.2032  0.7968  1
123:   0.0000  0.4493  0.5507  1
124:   0.0000  0.2249  0.7751  1
125:   0.0000  0.1288  0.8712  1
126:   0.0000  0.1840  0.8160  1
127:   0.0000  0.0000  1.0000  1
128:   0.0000  0.0458  0.9542  1
129:   0.0000  0.0000  1.0000  1
130:   0.0000  0.2045  0.7955  1
131:   0.6162  0.3838  0.0000  1
132:   0.0000  1.0000  0.0000  1
133:   0.0000  1.0000  0.0000  1
134:   0.0000  1.0000  0.0000  1
135:   0.2535  0.7465  0.0000  1
136:   1.0000  0.0000  0.0000  1
137:   1.0000  0.0000  0.0000  1
138:   0.9667  0.0333  0.0000  1
139:   1.0000  0.0000  0.0000  1
140:   0.3195  0.6805  0.0000  1
141:   0.5983  0.4017  0.0000  1
142:   0.7891  0.0000  0.2109  1
143:   0.6515  0.3485  0.0000  1
144:   0.0000  1.0000  0.0000  1
145:   0.5383  0.4617  0.0000  1
146:   0.3481  0.6519  0.0000  1
147:   1.0000  0.0000  0.0000  1
148:   0.0000  1.0000  0.0000  1
149:   0.3798  0.6202  0.0000  1
150:   0.0003  0.6310  0.3688  1
151:   0.1704  0.5039  0.3257  1
152:   0.0000  1.0000  0.0000  1
153:   1.0000  0.0000  0.0000  1
154:   0.0000  1.0000  0.0000  1
155:   1.0000  0.0000  0.0000  1
156:   0.8768  0.0000  0.1232  1
157:   0.9296  0.0704  0.0000  1
158:   0.1752  0.8248  0.0000  1
159:   0.0000  0.6802  0.3198  1
160:   0.0000  1.0000  0.0000  1
161:   0.0000  1.0000  0.0000  1
162:   1.0000  0.0000  0.0000  1
163:   0.4784  0.5207  0.0009  1
164:   0.2165  0.7835  0.0000  1
165:   0.3022  0.4852  0.2126  1
166:   0.3306  0.6694  0.0000  1
167:   0.4885  0.5115  0.0000  1
168:   0.6278  0.3722  0.0000  1
169:   0.0193  0.9807  0.0000  1
170:   0.2446  0.7554  0.0000  1
171:   0.0000  1.0000  0.0000  1
172:   0.0000  1.0000  0.0000  1
173:   0.7386  0.2614  0.0000  1
174:   0.4862  0.5138  0.0000  1
175:   1.0000  0.0000  0.0000  1
176:   1.0000  0.0000  0.0000  1
177:   1.0000  0.0000  0.0000  1
178:   1.0000  0.0000  0.0000  1
179:   1.0000  0.0000  0.0000  1
180:   1.0000  0.0000  0.0000  1
181:   0.0000  0.3503  0.6497  1

  1:   0.6170  0.0000  0.3830  1
  2:   0.0000  0.0004  0.9996  1
  3:   0.0000  0.0944  0.9056  1
  4:   0.0000  0.0563  0.9437  1
  5:   0.1606  0.0232  0.8161  1
  6:   0.0062  0.0000  0.9938  1
  7:   0.0007  0.2329  0.7664  1
  8:   0.5912  0.4088  0.0000  1
  9:   0.0013  0.0693  0.9294  1
 10:   0.5316  0.4684  0.0000  1
 11:   1.0000  0.0000  0.0000  1
 12:   0.0000  0.0892  0.9108  1
 13:   0.0000  0.3521  0.6479  1
 14:   0.0000  0.0000  1.0000  1
 15:   0.1412  0.0000  0.8588  1
 16:   0.4769  0.0000  0.5231  1
 17:   0.0000  0.0000  1.0000  1
 18:   0.0000  0.0955  0.9045  1
 19:   0.2509  0.0000  0.7491  1
 20:   0.2607  0.0010  0.7383  1
 21:   0.1956  0.0237  0.7807  1
 22:   0.0000  0.5420  0.4580  1
 23:   0.9998  0.0000  0.0002  1
 24:   0.3170  0.0000  0.6830  1
 25:   0.1084  0.0000  0.8916  1
 26:   0.1795  0.8205  0.0000  1
 27:   0.5644  0.0000  0.4356  1
 28:   0.5165  0.1550  0.3285  1
 29:   0.5184  0.0000  0.4816  1
 30:   0.4509  0.0000  0.5491  1
 31:   0.3484  0.0000  0.6516  1
 32:   0.0000  0.2976  0.7024  1
 33:   0.0606  0.3466  0.5928  1
 34:   0.0638  0.1868  0.7494  1
 35:   0.0000  0.0123  0.9877  1
 36:   0.0000  0.0000  1.0000  1
 37:   0.0000  0.0000  1.0000  1
 38:   0.0251  0.2471  0.7277  1
 39:   0.5914  0.0000  0.4086  1
 40:   0.0000  0.0000  1.0000  1
 41:   0.0000  0.0000  1.0000  1
 42:   0.0000  0.3584  0.6416  1
 43:   1.0000  0.0000  0.0000  1
 44:   1.0000  0.0000  0.0000  1
 45:   1.0000  0.0000  0.0000  1
 46:   0.0000  1.0000  0.0000  1
 47:   0.8939  0.0000  0.1061  1
 48:   1.0000  0.0000  0.0000  1
 49:   0.9561  0.0439  0.0000  1
 50:   1.0000  0.0000  0.0000  1
 51:   0.5917  0.4083  0.0000  1
 52:   0.1714  0.8286  0.0000  1
 53:   1.0000  0.0000  0.0000  1
 54:   1.0000  0.0000  0.0000  1
 55:   1.0000  0.0000  0.0000  1
 56:   1.0000  0.0000  0.0000  1
 57:   0.5197  0.4803  0.0000  1
 58:   0.0000  1.0000  0.0000  1
 59:   0.3263  0.6737  0.0000  1
 60:   0.0000  1.0000  0.0000  1
 61:   0.0000  1.0000  0.0000  1
 62:   0.4248  0.5752  0.0000  1
 63:   0.3466  0.6534  0.0000  1
 64:   0.4290  0.5710  0.0000  1
 65:   0.0000  0.4005  0.5995  1
 66:   0.4179  0.0000  0.5821  1
 67:   0.3343  0.4851  0.1805  1
 68:   0.6664  0.3336  0.0000  1
 69:   0.0000  0.0564  0.9436  1
 70:   0.0000  0.1535  0.8465  1
 71:   0.7795  0.2205  0.0000  1
 72:   0.7112  0.2888  0.0000  1
 73:   0.4243  0.5757  0.0000  1
 74:   1.0000  0.0000  0.0000  1
 75:   0.3884  0.6116  0.0000  1
 76:   0.6793  0.3207  0.0000  1
 77:   1.0000  0.0000  0.0000  1
 78:   0.8568  0.1432  0.0000  1
 79:   0.0000  1.0000  0.0000  1
 80:   0.0000  0.4692  0.5308  1
 81:   0.4358  0.5642  0.0000  1
 82:   0.0000  1.0000  0.0000  1
 83:   0.0000  1.0000  0.0000  1
 84:   0.2461  0.7539  0.0000  1
 85:   0.6595  0.3405  0.0000  1
 86:   0.0000  1.0000  0.0000  1
 87:   0.4400  0.5217  0.0382  1
 88:   0.2252  0.0410  0.7339  1
 89:   0.0000  1.0000  0.0000  1
 90:   0.0000  0.3205  0.6795  1
 91:   1.0000  0.0000  0.0000  1
 92:   0.7021  0.2979  0.0000  1
 93:   0.6183  0.3817  0.0000  1
 94:   0.5134  0.4866  0.0000  1
 95:   1.0000  0.0000  0.0000  1
 96:   0.5643  0.4357  0.0000  1
 97:   0.8659  0.1341  0.0000  1
 98:   0.0000  1.0000  0.0000  1
 99:   0.4289  0.5711  0.0000  1
100:   0.3242  0.6758  0.0000  1
101:   0.7962  0.2038  0.0000  1
102:   0.0000  0.1043  0.8957  1
103:   0.0000  0.6077  0.3923  1
104:   0.0000  0.0000  1.0000  1
105:   0.0000  0.0000  1.0000  1
106:   0.2218  0.0000  0.7782  1
107:   0.0000  0.0775  0.9225  1
108:   0.0000  0.0000  1.0000  1
109:   0.0000  0.0000  1.0000  1
110:   0.1182  0.0000  0.8818  1
111:   0.0000  0.0000  1.0000  1
112:   0.0000  0.0970  0.9030  1
113:   0.0000  0.0000  1.0000  1
114:   0.2456  0.0000  0.7544  1
115:   0.0000  0.0000  1.0000  1
116:   0.0000  0.0000  1.0000  1
117:   0.0000  0.0918  0.9082  1
118:   0.5238  0.0000  0.4762  1
119:   0.1371  0.0000  0.8629  1
120:   0.0520  0.0000  0.9480  1
121:   0.3558  0.0000  0.6442  1
122:   0.0000  0.2032  0.7968  1
123:   0.0000  0.4493  0.5507  1
124:   0.0000  0.2249  0.7751  1
125:   0.0000  0.1288  0.8712  1
126:   0.0000  0.1840  0.8160  1
127:   0.0000  0.0000  1.0000  1
128:   0.0000  0.0458  0.9542  1
129:   0.0000  0.0000  1.0000  1
130:   0.0000  0.2045  0.7955  1
131:   0.6162  0.3838  0.0000  1
132:   0.0000  1.0000  0.0000  1
133:   0.0000  1.0000  0.0000  1
134:   0.0000  1.0000  0.0000  1
135:   0.2535  0.7465  0.0000  1
136:   1.0000  0.0000  0.0000  1
137:   1.0000  0.0000  0.0000  1
138:   0.9667  0.0333  0.0000  1
139:   1.0000  0.0000  0.0000  1
140:   0.3195  0.6805  0.0000  1
141:   0.5983  0.4017  0.0000  1
142:   0.7891  0.0000  0.2109  1
143:   0.6515  0.3485  0.0000  1
144:   0.0000  1.0000  0.0000  1
145:   0.5383  0.4617  0.0000  1
146:   0.3481  0.6519  0.0000  1
147:   1.0000  0.0000  0.0000  1
148:   0.0000  1.0000  0.0000  1
149:   0.3798  0.6202  0.0000  1
150:   0.0003  0.6310  0.3688  1
151:   0.1704  0.5039  0.3257  1
152:   0.0000  1.0000  0.0000  1
153:   1.0000  0.0000  0.0000  1
154:   0.0000  1.0000  0.0000  1
155:   1.0000  0.0000  0.0000  1
156:   0.8768  0.0000  0.1232  1
157:   0.9296  0.0704  0.0000  1
158:   0.1752  0.8248  0.0000  1
159:   0.0000  0.6802  0.3198  1
160:   0.0000  1.0000  0.0000  1
161:   0.0000  1.0000  0.0000  1
162:   1.0000  0.0000  0.0000  1
163:   0.4784  0.5207  0.0009  1
164:   0.2165  0.7835  0.0000  1
165:   0.3022  0.4852  0.2126  1
166:   0.3306  0.6694  0.0000  1
167:   0.4885  0.5115  0.0000  1
168:   0.6278  0.3722  0.0000  1
169:   0.0193  0.9807  0.0000  1
170:   0.2446  0.7554  0.0000  1
171:   0.0000  1.0000  0.0000  1
172:   0.0000  1.0000  0.0000  1
173:   0.7386  0.2614  0.0000  1
174:   0.4862  0.5138  0.0000  1
175:   1.0000  0.0000  0.0000  1
176:   1.0000  0.0000  0.0000  1
177:   1.0000  0.0000  0.0000  1
178:   1.0000  0.0000  0.0000  1
179:   1.0000  0.0000  0.0000  1
180:   1.0000  0.0000  0.0000  1
181:   0.0000  0.3503  0.6497  1

  1:   0.6170  0.0000  0.3830  1
  2:   0.0000  0.0004  0.9996  1
  3:   0.0000  0.0944  0.9056  1
  4:   0.0000  0.0563  0.9437  1
  5:   0.1606  0.0232  0.8161  1
  6:   0.0062  0.0000  0.9938  1
  7:   0.0007  0.2329  0.7664  1
  8:   0.5912  0.4088  0.0000  1
  9:   0.0013  0.0693  0.9294  1
 10:   0.5316  0.4684  0.0000  1
 11:   1.0000  0.0000  0.0000  1
 12:   0.0000  0.0892  0.9108  1
 13:   0.0000  0.3521  0.6479  1
 14:   0.0000  0.0000  1.0000  1
 15:   0.1412  0.0000  0.8588  1
 16:   0.4769  0.0000  0.5231  1
 17:   0.0000  0.0000  1.0000  1
 18:   0.0000  0.0955  0.9045  1
 19:   0.2509  0.0000  0.7491  1
 20:   0.2607  0.0010  0.7383  1
 21:   0.1956  0.0237  0.7807  1
 22:   0.0000  0.5420  0.4580  1
 23:   0.9998  0.0000  0.0002  1
 24:   0.3170  0.0000  0.6830  1
 25:   0.1084  0.0000  0.8916  1
 26:   0.1795  0.8205  0.0000  1
 27:   0.5644  0.0000  0.4356  1
 28:   0.5165  0.1550  0.3285  1
 29:   0.5184  0.0000  0.4816  1
 30:   0.4509  0.0000  0.5491  1
 31:   0.3484  0.0000  0.6516  1
 32:   0.0000  0.2976  0.7024  1
 33:   0.0606  0.3466  0.5928  1
 34:   0.0638  0.1868  0.7494  1
 35:   0.0000  0.0123  0.9877  1
 36:   0.0000  0.0000  1.0000  1
 37:   0.0000  0.0000  1.0000  1
 38:   0.0251  0.2471  0.7277  1
 39:   0.5914  0.0000  0.4086  1
 40:   0.0000  0.0000  1.0000  1
 41:   0.0000  0.0000  1.0000  1
 42:   0.0000  0.3584  0.6416  1
 43:   1.0000  0.0000  0.0000  1
 44:   1.0000  0.0000  0.0000  1
 45:   1.0000  0.0000  0.0000  1
 46:   0.0000  1.0000  0.0000  1
 47:   0.8939  0.0000  0.1061  1
 48:   1.0000  0.0000  0.0000  1
 49:   0.9561  0.0439  0.0000  1
 50:   1.0000  0.0000  0.0000  1
 51:   0.5917  0.4083  0.0000  1
 52:   0.1714  0.8286  0.0000  1
 53:   1.0000  0.0000  0.0000  1
 54:   1.0000  0.0000  0.0000  1
 55:   1.0000  0.0000  0.0000  1
 56:   1.0000  0.0000  0.0000  1
 57:   0.5197  0.4803  0.0000  1
 58:   0.0000  1.0000  0.0000  1
 59:   0.3263  0.6737  0.0000  1
 60:   0.0000  1.0000  0.0000  1
 61:   0.0000  1.0000  0.0000  1
 62:   0.4248  0.5752  0.0000  1
 63:   0.3466  0.6534  0.0000  1
 64:   0.4290  0.5710  0.0000  1
 65:   0.0000  0.4005  0.5995  1
 66:   0.4179  0.0000  0.5821  1
 67:   0.3343  0.4851  0.1805  1
 68:   0.6664  0.3336  0.0000  1
 69:   0.0000  0.0564  0.9436  1
 70:   0.0000  0.1535  0.8465  1
 71:   0.7795  0.2205  0.0000  1
 72:   0.7112  0.2888  0.0000  1
 73:   0.4243  0.5757  0.0000  1
 74:   1.0000  0.0000  0.0000  1
 75:   0.3884  0.6116  0.0000  1
 76:   0.6793  0.3207  0.0000  1
 77:   1.0000  0.0000  0.0000  1
 78:   0.8568  0.1432  0.0000  1
 79:   0.0000  1.0000  0.0000  1
 80:   0.0000  0.4692  0.5308  1
 81:   0.4358  0.5642  0.0000  1
 82:   0.0000  1.0000  0.0000  1
 83:   0.0000  1.0000  0.0000  1
 84:   0.2461  0.7539  0.0000  1
 85:   0.6595  0.3405  0.0000  1
 86:   0.0000  1.0000  0.0000  1
 87:   0.4400  0.5217  0.0382  1
 88:   0.2252  0.0410  0.7339  1
 89:   0.0000  1.0000  0.0000  1
 90:   0.0000  0.3205  0.6795  1
 91:   1.0000  0.0000  0.0000  1
 92:   0.7021  0.2979  0.0000  1
 93:   0.6183  0.3817  0.0000  1
 94:   0.5134  0.4866  0.0000  1
 95:   1.0000  0.0000  0.0000  1
 96:   0.5643  0.4357  0.0000  1
 97:   0.8659  0.1341  0.0000  1
 98:   0.0000  1.0000  0.0000  1
 99:   0.4289  0.5711  0.0000  1
100:   0.3242  0.6758  0.0000  1
101:   0.7962  0.2038  0.0000  1
102:   0.0000  0.1043  0.8957  1
103:   0.0000  0.6077  0.3923  1
104:   0.0000  0.0000  1.0000  1
105:   0.0000  0.0000  1.0000  1
106:   0.2218  0.0000  0.7782  1
107:   0.0000  0.0775  0.9225  1
108:   0.0000  0.0000  1.0000  1
109:   0.0000  0.0000  1.0000  1
110:   0.1182  0.0000  0.8818  1
111:   0.0000  0.0000  1.0000  1
112:   0.0000  0.0970  0.9030  1
113:   0.0000  0.0000  1.0000  1
114:   0.2456  0.0000  0.7544  1
115:   0.0000  0.0000  1.0000  1
116:   0.0000  0.0000  1.0000  1
117:   0.0000  0.0918  0.9082  1
118:   0.5238  0.0000  0.4762  1
119:   0.1371  0.0000  0.8629  1
120:   0.0520  0.0000  0.9480  1
121:   0.3558  0.0000  0.6442  1
122:   0.0000  0.2032  0.7968  1
123:   0.0000  0.4493  0.5507  1
124:   0.0000  0.2249  0.7751  1
125:   0.0000  0.1288  0.8712  1
126:   0.0000  0.1840  0.8160  1
127:   0.0000  0.0000  1.0000  1
128:   0.0000  0.0458  0.9542  1
129:   0.0000  0.0000  1.0000  1
130:   0.0000  0.2045  0.7955  1
131:   0.6162  0.3838  0.0000  1
132:   0.0000  1.0000  0.0000  1
133:   0.0000  1.0000  0.0000  1
134:   0.0000  1.0000  0.0000  1
135:   0.2535  0.7465  0.0000  1
136:   1.0000  0.0000  0.0000  1
137:   1.0000  0.0000  0.0000  1
138:   0.9667  0.0333  0.0000  1
139:   1.0000  0.0000  0.0000  1
140:   0.3195  0.6805  0.0000  1
141:   0.5983  0.4017  0.0000  1
142:   0.7891  0.0000  0.2109  1
143:   0.6515  0.3485  0.0000  1
144:   0.0000  1.0000  0.0000  1
145:   0.5383  0.4617  0.0000  1
146:   0.3481  0.6519  0.0000  1
147:   1.0000  0.0000  0.0000  1
148:   0.0000  1.0000  0.0000  1
149:   0.3798  0.6202  0.0000  1
150:   0.0003  0.6310  0.3688  1
151:   0.1704  0.5039  0.3257  1
152:   0.0000  1.0000  0.0000  1
153:   1.0000  0.0000  0.0000  1
154:   0.0000  1.0000  0.0000  1
155:   1.0000  0.0000  0.0000  1
156:   0.8768  0.0000  0.1232  1
157:   0.9296  0.0704  0.0000  1
158:   0.1752  0.8248  0.0000  1
159:   0.0000  0.6802  0.3198  1
160:   0.0000  1.0000  0.0000  1
161:   0.0000  1.0000  0.0000  1
162:   1.0000  0.0000  0.0000  1
163:   0.4784  0.5207  0.0009  1
164:   0.2165  0.7835  0.0000  1
165:   0.3022  0.4852  0.2126  1
166:   0.3306  0.6694  0.0000  1
167:   0.4885  0.5115  0.0000  1
168:   0.6278  0.3722  0.0000  1
169:   0.0193  0.9807  0.0000  1
170:   0.2446  0.7554  0.0000  1
171:   0.0000  1.0000  0.0000  1
172:   0.0000  1.0000  0.0000  1
173:   0.7386  0.2614  0.0000  1
174:   0.4862  0.5138  0.0000  1
175:   1.0000  0.0000  0.0000  1
176:   1.0000  0.0000  0.0000  1
177:   1.0000  0.0000  0.0000  1
178:   1.0000  0.0000  0.0000  1
179:   1.0000  0.0000  0.0000  1
180:   1.0000  0.0000  0.0000  1
181:   0.0000  0.3503  0.6497  1

  1:   0.6170  0.0000  0.3830  1
  2:   0.0000  0.0004  0.9996  1
  3:   0.0000  0.0944  0.9056  1
  4:   0.0000  0.0563  0.9437  1
  5:   0.1606  0.0232  0.8161  1
  6:   0.0062  0.0000  0.9938  1
  7:   0.0007  0.2329  0.7664  1
  8:   0.5912  0.4088  0.0000  1
  9:   0.0013  0.0693  0.9294  1
 10:   0.5316  0.4684  0.0000  1
 11:   1.0000  0.0000  0.0000  1
 12:   0.0000  0.0892  0.9108  1
 13:   0.0000  0.3521  0.6479  1
 14:   0.0000  0.0000  1.0000  1
 15:   0.1412  0.0000  0.8588  1
 16:   0.4769  0.0000  0.5231  1
 17:   0.0000  0.0000  1.0000  1
 18:   0.0000  0.0955  0.9045  1
 19:   0.2509  0.0000  0.7491  1
 20:   0.2607  0.0010  0.7383  1
 21:   0.1956  0.0237  0.7807  1
 22:   0.0000  0.5420  0.4580  1
 23:   0.9998  0.0000  0.0002  1
 24:   0.3170  0.0000  0.6830  1
 25:   0.1084  0.0000  0.8916  1
 26:   0.1795  0.8205  0.0000  1
 27:   0.5644  0.0000  0.4356  1
 28:   0.5165  0.1550  0.3285  1
 29:   0.5184  0.0000  0.4816  1
 30:   0.4509  0.0000  0.5491  1
 31:   0.3484  0.0000  0.6516  1
 32:   0.0000  0.2976  0.7024  1
 33:   0.0606  0.3466  0.5928  1
 34:   0.0638  0.1868  0.7494  1
 35:   0.0000  0.0123  0.9877  1
 36:   0.0000  0.0000  1.0000  1
 37:   0.0000  0.0000  1.0000  1
 38:   0.0251  0.2471  0.7277  1
 39:   0.5914  0.0000  0.4086  1
 40:   0.0000  0.0000  1.0000  1
 41:   0.0000  0.0000  1.0000  1
 42:   0.0000  0.3584  0.6416  1
 43:   1.0000  0.0000  0.0000  1
 44:   1.0000  0.0000  0.0000  1
 45:   1.0000  0.0000  0.0000  1
 46:   0.0000  1.0000  0.0000  1
 47:   0.8939  0.0000  0.1061  1
 48:   1.0000  0.0000  0.0000  1
 49:   0.9561  0.0439  0.0000  1
 50:   1.0000  0.0000  0.0000  1
 51:   0.5917  0.4083  0.0000  1
 52:   0.1714  0.8286  0.0000  1
 53:   1.0000  0.0000  0.0000  1
 54:   1.0000  0.0000  0.0000  1
 55:   1.0000  0.0000  0.0000  1
 56:   1.0000  0.0000  0.0000  1
 57:   0.5197  0.4803  0.0000  1
 58:   0.0000  1.0000  0.0000  1
 59:   0.3263  0.6737  0.0000  1
 60:   0.0000  1.0000  0.0000  1
 61:   0.0000  1.0000  0.0000  1
 62:   0.4248  0.5752  0.0000  1
 63:   0.3466  0.6534  0.0000  1
 64:   0.4290  0.5710  0.0000  1
 65:   0.0000  0.4005  0.5995  1
 66:   0.4179  0.0000  0.5821  1
 67:   0.3343  0.4851  0.1805  1
 68:   0.6664  0.3336  0.0000  1
 69:   0.0000  0.0564  0.9436  1
 70:   0.0000  0.1535  0.8465  1
 71:   0.7795  0.2205  0.0000  1
 72:   0.7112  0.2888  0.0000  1
 73:   0.4243  0.5757  0.0000  1
 74:   1.0000  0.0000  0.0000  1
 75:   0.3884  0.6116  0.0000  1
 76:   0.6793  0.3207  0.0000  1
 77:   1.0000  0.0000  0.0000  1
 78:   0.8568  0.1432  0.0000  1
 79:   0.0000  1.0000  0.0000  1
 80:   0.0000  0.4692  0.5308  1
 81:   0.4358  0.5642  0.0000  1
 82:   0.0000  1.0000  0.0000  1
 83:   0.0000  1.0000  0.0000  1
 84:   0.2461  0.7539  0.0000  1
 85:   0.6595  0.3405  0.0000  1
 86:   0.0000  1.0000  0.0000  1
 87:   0.4400  0.5217  0.0382  1
 88:   0.2252  0.0410  0.7339  1
 89:   0.0000  1.0000  0.0000  1
 90:   0.0000  0.3205  0.6795  1
 91:   1.0000  0.0000  0.0000  1
 92:   0.7021  0.2979  0.0000  1
 93:   0.6183  0.3817  0.0000  1
 94:   0.5134  0.4866  0.0000  1
 95:   1.0000  0.0000  0.0000  1
 96:   0.5643  0.4357  0.0000  1
 97:   0.8659  0.1341  0.0000  1
 98:   0.0000  1.0000  0.0000  1
 99:   0.4289  0.5711  0.0000  1
100:   0.3242  0.6758  0.0000  1
101:   0.7962  0.2038  0.0000  1
102:   0.0000  0.1043  0.8957  1
103:   0.0000  0.6077  0.3923  1
104:   0.0000  0.0000  1.0000  1
105:   0.0000  0.0000  1.0000  1
106:   0.2218  0.0000  0.7782  1
107:   0.0000  0.0775  0.9225  1
108:   0.0000  0.0000  1.0000  1
109:   0.0000  0.0000  1.0000  1
110:   0.1182  0.0000  0.8818  1
111:   0.0000  0.0000  1.0000  1
112:   0.0000  0.0970  0.9030  1
113:   0.0000  0.0000  1.0000  1
114:   0.2456  0.0000  0.7544  1
115:   0.0000  0.0000  1.0000  1
116:   0.0000  0.0000  1.0000  1
117:   0.0000  0.0918  0.9082  1
118:   0.5238  0.0000  0.4762  1
119:   0.1371  0.0000  0.8629  1
120:   0.0520  0.0000  0.9480  1
121:   0.3558  0.0000  0.6442  1
122:   0.0000  0.2032  0.7968  1
123:   0.0000  0.4493  0.5507  1
124:   0.0000  0.2249  0.7751  1
125:   0.0000  0.1288  0.8712  1
126:   0.0000  0.1840  0.8160  1
127:   0.0000  0.0000  1.0000  1
128:   0.0000  0.0458  0.9542  1
129:   0.0000  0.0000  1.0000  1
130:   0.0000  0.2045  0.7955  1
131:   0.6162  0.3838  0.0000  1
132:   0.0000  1.0000  0.0000  1
133:   0.0000  1.0000  0.0000  1
134:   0.0000  1.0000  0.0000  1
135:   0.2535  0.7465  0.0000  1
136:   1.0000  0.0000  0.0000  1
137:   1.0000  0.0000  0.0000  1
138:   0.9667  0.0333  0.0000  1
139:   1.0000  0.0000  0.0000  1
140:   0.3195  0.6805  0.0000  1
141:   0.5983  0.4017  0.0000  1
142:   0.7891  0.0000  0.2109  1
143:   0.6515  0.3485  0.0000  1
144:   0.0000  1.0000  0.0000  1
145:   0.5383  0.4617  0.0000  1
146:   0.3481  0.6519  0.0000  1
147:   1.0000  0.0000  0.0000  1
148:   0.0000  1.0000  0.0000  1
149:   0.3798  0.6202  0.0000  1
150:   0.0003  0.6310  0.3688  1
151:   0.1704  0.5039  0.3257  1
152:   0.0000  1.0000  0.0000  1
153:   1.0000  0.0000  0.0000  1
154:   0.0000  1.0000  0.0000  1
155:   1.0000  0.0000  0.0000  1
156:   0.8768  0.0000  0.1232  1
157:   0.9296  0.0704  0.0000  1
158:   0.1752  0.8248  0.0000  1
159:   0.0000  0.6802  0.3198  1
160:   0.0000  1.0000  0.0000  1
161:   0.0000  1.0000  0.0000  1
162:   1.0000  0.0000  0.0000  1
163:   0.4784  0.5207  0.0009  1
164:   0.2165  0.7835  0.0000  1
165:   0.3022  0.4852  0.2126  1
166:   0.3306  0.6694  0.0000  1
167:   0.4885  0.5115  0.0000  1
168:   0.6278  0.3722  0.0000  1
169:   0.0193  0.9807  0.0000  1
170:   0.2446  0.7554  0.0000  1
171:   0.0000  1.0000  0.0000  1
172:   0.0000  1.0000  0.0000  1
173:   0.7386  0.2614  0.0000  1
174:   0.4862  0.5138  0.0000  1
175:   1.0000  0.0000  0.0000  1
176:   1.0000  0.0000  0.0000  1
177:   1.0000  0.0000  0.0000  1
178:   1.0000  0.0000  0.0000  1
179:   1.0000  0.0000  0.0000  1
180:   1.0000  0.0000  0.0000  1
181:   0.0000  0.3503  0.6497  1

  1:   0.6170  0.0000  0.3830  1
  2:   0.0000  0.0004  0.9996  1
  3:   0.0000  0.0944  0.9056  1
  4:   0.0000  0.0563  0.9437  1
  5:   0.1606  0.0232  0.8161  1
  6:   0.0062  0.0000  0.9938  1
  7:   0.0007  0.2329  0.7664  1
  8:   0.5912  0.4088  0.0000  1
  9:   0.0013  0.0693  0.9294  1
 10:   0.5316  0.4684  0.0000  1
 11:   1.0000  0.0000  0.0000  1
 12:   0.0000  0.0892  0.9108  1
 13:   0.0000  0.3521  0.6479  1
 14:   0.0000  0.0000  1.0000  1
 15:   0.1412  0.0000  0.8588  1
 16:   0.4769  0.0000  0.5231  1
 17:   0.0000  0.0000  1.0000  1
 18:   0.0000  0.0955  0.9045  1
 19:   0.2509  0.0000  0.7491  1
 20:   0.2607  0.0010  0.7383  1
 21:   0.1956  0.0237  0.7807  1
 22:   0.0000  0.5420  0.4580  1
 23:   0.9998  0.0000  0.0002  1
 24:   0.3170  0.0000  0.6830  1
 25:   0.1084  0.0000  0.8916  1
 26:   0.1795  0.8205  0.0000  1
 27:   0.5644  0.0000  0.4356  1
 28:   0.5165  0.1550  0.3285  1
 29:   0.5184  0.0000  0.4816  1
 30:   0.4509  0.0000  0.5491  1
 31:   0.3484  0.0000  0.6516  1
 32:   0.0000  0.2976  0.7024  1
 33:   0.0606  0.3466  0.5928  1
 34:   0.0638  0.1868  0.7494  1
 35:   0.0000  0.0123  0.9877  1
 36:   0.0000  0.0000  1.0000  1
 37:   0.0000  0.0000  1.0000  1
 38:   0.0251  0.2471  0.7277  1
 39:   0.5914  0.0000  0.4086  1
 40:   0.0000  0.0000  1.0000  1
 41:   0.0000  0.0000  1.0000  1
 42:   0.0000  0.3584  0.6416  1
 43:   1.0000  0.0000  0.0000  1
 44:   1.0000  0.0000  0.0000  1
 45:   1.0000  0.0000  0.0000  1
 46:   0.0000  1.0000  0.0000  1
 47:   0.8939  0.0000  0.1061  1
 48:   1.0000  0.0000  0.0000  1
 49:   0.9561  0.0439  0.0000  1
 50:   1.0000  0.0000  0.0000  1
 51:   0.5917  0.4083  0.0000  1
 52:   0.1714  0.8286  0.0000  1
 53:   1.0000  0.0000  0.0000  1
 54:   1.0000  0.0000  0.0000  1
 55:   1.0000  0.0000  0.0000  1
 56:   1.0000  0.0000  0.0000  1
 57:   0.5197  0.4803  0.0000  1
 58:   0.0000  1.0000  0.0000  1
 59:   0.3263  0.6737  0.0000  1
 60:   0.0000  1.0000  0.0000  1
 61:   0.0000  1.0000  0.0000  1
 62:   0.4248  0.5752  0.0000  1
 63:   0.3466  0.6534  0.0000  1
 64:   0.4290  0.5710  0.0000  1
 65:   0.0000  0.4005  0.5995  1
 66:   0.4179  0.0000  0.5821  1
 67:   0.3343  0.4851  0.1805  1
 68:   0.6664  0.3336  0.0000  1
 69:   0.0000  0.0564  0.9436  1
 70:   0.0000  0.1535  0.8465  1
 71:   0.7795  0.2205  0.0000  1
 72:   0.7112  0.2888  0.0000  1
 73:   0.4243  0.5757  0.0000  1
 74:   1.0000  0.0000  0.0000  1
 75:   0.3884  0.6116  0.0000  1
 76:   0.6793  0.3207  0.0000  1
 77:   1.0000  0.0000  0.0000  1
 78:   0.8568  0.1432  0.0000  1
 79:   0.0000  1.0000  0.0000  1
 80:   0.0000  0.4692  0.5308  1
 81:   0.4358  0.5642  0.0000  1
 82:   0.0000  1.0000  0.0000  1
 83:   0.0000  1.0000  0.0000  1
 84:   0.2461  0.7539  0.0000  1
 85:   0.6595  0.3405  0.0000  1
 86:   0.0000  1.0000  0.0000  1
 87:   0.4400  0.5217  0.0382  1
 88:   0.2252  0.0410  0.7339  1
 89:   0.0000  1.0000  0.0000  1
 90:   0.0000  0.3205  0.6795  1
 91:   1.0000  0.0000  0.0000  1
 92:   0.7021  0.2979  0.0000  1
 93:   0.6183  0.3817  0.0000  1
 94:   0.5134  0.4866  0.0000  1
 95:   1.0000  0.0000  0.0000  1
 96:   0.5643  0.4357  0.0000  1
 97:   0.8659  0.1341  0.0000  1
 98:   0.0000  1.0000  0.0000  1
 99:   0.4289  0.5711  0.0000  1
100:   0.3242  0.6758  0.0000  1
101:   0.7962  0.2038  0.0000  1
102:   0.0000  0.1043  0.8957  1
103:   0.0000  0.6077  0.3923  1
104:   0.0000  0.0000  1.0000  1
105:   0.0000  0.0000  1.0000  1
106:   0.2218  0.0000  0.7782  1
107:   0.0000  0.0775  0.9225  1
108:   0.0000  0.0000  1.0000  1
109:   0.0000  0.0000  1.0000  1
110:   0.1182  0.0000  0.8818  1
111:   0.0000  0.0000  1.0000  1
112:   0.0000  0.0970  0.9030  1
113:   0.0000  0.0000  1.0000  1
114:   0.2456  0.0000  0.7544  1
115:   0.0000  0.0000  1.0000  1
116:   0.0000  0.0000  1.0000  1
117:   0.0000  0.0918  0.9082  1
118:   0.5238  0.0000  0.4762  1
119:   0.1371  0.0000  0.8629  1
120:   0.0520  0.0000  0.9480  1
121:   0.3558  0.0000  0.6442  1
122:   0.0000  0.2032  0.7968  1
123:   0.0000  0.4493  0.5507  1
124:   0.0000  0.2249  0.7751  1
125:   0.0000  0.1288  0.8712  1
126:   0.0000  0.1840  0.8160  1
127:   0.0000  0.0000  1.0000  1
128:   0.0000  0.0458  0.9542  1
129:   0.0000  0.0000  1.0000  1
130:   0.0000  0.2045  0.7955  1
131:   0.6162  0.3838  0.0000  1
132:   0.0000  1.0000  0.0000  1
133:   0.0000  1.0000  0.0000  1
134:   0.0000  1.0000  0.0000  1
135:   0.2535  0.7465  0.0000  1
136:   1.0000  0.0000  0.0000  1
137:   1.0000  0.0000  0.0000  1
138:   0.9667  0.0333  0.0000  1
139:   1.0000  0.0000  0.0000  1
140:   0.3195  0.6805  0.0000  1
141:   0.5983  0.4017  0.0000  1
142:   0.7891  0.0000  0.2109  1
143:   0.6515  0.3485  0.0000  1
144:   0.0000  1.0000  0.0000  1
145:   0.5383  0.4617  0.0000  1
146:   0.3481  0.6519  0.0000  1
147:   1.0000  0.0000  0.0000  1
148:   0.0000  1.0000  0.0000  1
149:   0.3798  0.6202  0.0000  1
150:   0.0003  0.6310  0.3688  1
151:   0.1704  0.5039  0.3257  1
152:   0.0000  1.0000  0.0000  1
153:   1.0000  0.0000  0.0000  1
154:   0.0000  1.0000  0.0000  1
155:   1.0000  0.0000  0.0000  1
156:   0.8768  0.0000  0.1232  1
157:   0.9296  0.0704  0.0000  1
158:   0.1752  0.8248  0.0000  1
159:   0.0000  0.6802  0.3198  1
160:   0.0000  1.0000  0.0000  1
161:   0.0000  1.0000  0.0000  1
162:   1.0000  0.0000  0.0000  1
163:   0.4784  0.5207  0.0009  1
164:   0.2165  0.7835  0.0000  1
165:   0.3022  0.4852  0.2126  1
166:   0.3306  0.6694  0.0000  1
167:   0.4885  0.5115  0.0000  1
168:   0.6278  0.3722  0.0000  1
169:   0.0193  0.9807  0.0000  1
170:   0.2446  0.7554  0.0000  1
171:   0.0000  1.0000  0.0000  1
172:   0.0000  1.0000  0.0000  1
173:   0.7386  0.2614  0.0000  1
174:   0.4862  0.5138  0.0000  1
175:   1.0000  0.0000  0.0000  1
176:   1.0000  0.0000  0.0000  1
177:   1.0000  0.0000  0.0000  1
178:   1.0000  0.0000  0.0000  1
179:   1.0000  0.0000  0.0000  1
180:   1.0000  0.0000  0.0000  1
181:   0.0000  0.3503  0.6497  1

  1:   0.2473  0.4796  0.2730  1
  2:   0.0000  0.0000  1.0000  1
  3:   0.0329  0.0000  0.9671  1
  4:   0.0000  0.0000  1.0000  1
  5:   0.1676  0.0112  0.8212  1
  6:   0.0000  0.0000  1.0000  1
  7:   0.2517  0.0000  0.7483  1
  8:   0.3285  0.6715  0.0000  1
  9:   0.0000  0.0648  0.9352  1
 10:   0.4884  0.5116  0.0000  1
 11:   1.0000  0.0000  0.0000  1
 12:   0.0000  0.0000  1.0000  1
 13:   0.0000  0.1554  0.8446  1
 14:   0.2444  0.0000  0.7556  1
 15:   0.0000  0.0806  0.9194  1
 16:   0.4825  0.0000  0.5175  1
 17:   0.0002  0.0000  0.9998  1
 18:   0.0000  0.0565  0.9435  1
 19:   0.0000  0.1157  0.8843  1
 20:   0.3253  0.0000  0.6747  1
 21:   0.3420  0.0000  0.6580  1
 22:   0.0000  0.3711  0.6289  1
 23:   0.8164  0.0513  0.1323  1
 24:   0.4157  0.0000  0.5843  1
 25:   0.0060  0.0000  0.9940  1
 26:   1.0000  0.0000  0.0000  1
 27:   1.0000  0.0000  0.0000  1
 28:   0.3710  0.3361  0.2929  1
 29:   0.4377  0.0443  0.5180  1
 30:   0.1705  0.1864  0.6431  1
 31:   0.4454  0.0000  0.5546  1
 32:   0.0000  0.0000  1.0000  1
 33:   0.4887  0.0000  0.5113  1
 34:   0.0000  0.2097  0.7903  1
 35:   0.0000  0.0000  1.0000  1
 36:   0.0000  0.0000  1.0000  1
 37:   0.0000  0.0000  1.0000  1
 38:   0.1884  0.1233  0.6883  1
 39:   0.5540  0.0000  0.4460  1
 40:   0.0000  0.0000  1.0000  1
 41:   0.0000  0.0000  1.0000  1
 42:   0.0000  0.2801  0.7199  1
 43:   1.0000  0.0000  0.0000  1
 44:   1.0000  0.0000  0.0000  1
 45:   0.5579  0.4421  0.0000  1
 46:   0.2779  0.7221  0.0000  1
 47:   1.0000  0.0000  0.0000  1
 48:   1.0000  0.0000  0.0000  1
 49:   0.3796  0.6204  0.0000  1
 50:   0.6840  0.0002  0.3158  1
 51:   0.6408  0.3592  0.0000  1
 52:   1.0000  0.0000  0.0000  1
 53:   1.0000  0.0000  0.0000  1
 54:   1.0000  0.0000  0.0000  1
 55:   1.0000  0.0000  0.0000  1
 56:   0.3441  0.6558  0.0000  1
 57:   0.3588  0.0000  0.6412  1
 58:   0.0000  1.0000  0.0000  1
 59:   0.4389  0.5611  0.0000  1
 60:   0.0000  1.0000  0.0000  1
 61:   0.0000  1.0000  0.0000  1
 62:   0.0000  1.0000  0.0000  1
 63:   0.1064  0.8936  0.0000  1
 64:   0.0000  1.0000  0.0000  1
 65:   0.0000  0.2824  0.7176  1
 66:   0.2069  0.0000  0.7931  1
 67:   0.0000  0.7686  0.2314  1
 68:   0.0000  1.0000  0.0000  1
 69:   0.0000  0.0000  1.0000  1
 70:   0.0000  0.1151  0.8849  1
 71:   0.2363  0.7637  0.0000  1
 72:   0.4617  0.5383  0.0000  1
 73:   0.1587  0.8413  0.0000  1
 74:   0.3749  0.6251  0.0000  1
 75:   0.2625  0.7375  0.0000  1
 76:   0.0002  0.9998  0.0000  1
 77:   0.0000  1.0000  0.0000  1
 78:   0.4764  0.5236  0.0000  1
 79:   0.0000  1.0000  0.0000  1
 80:   0.3205  0.1130  0.5665  1
 81:   0.3916  0.6084  0.0000  1
 82:   0.0000  1.0000  0.0000  1
 83:   0.0000  1.0000  0.0000  1
 84:   0.0000  1.0000  0.0000  1
 85:   0.3506  0.6494  0.0000  1
 86:   0.0000  1.0000  0.0000  1
 87:   0.0000  1.0000  0.0000  1
 88:   0.0003  0.2407  0.7590  1
 89:   0.0000  1.0000  0.0000  1
 90:   0.0000  0.3356  0.6644  1
 91:   0.1883  0.8117  0.0000  1
 92:   0.3689  0.6311  0.0000  1
 93:   0.1624  0.8376  0.0000  1
 94:   0.1309  0.8691  0.0000  1
 95:   0.2068  0.7932  0.0000  1
 96:   0.3637  0.6363  0.0000  1
 97:   0.3129  0.6871  0.0000  1
 98:   0.0000  1.0000  0.0000  1
 99:   0.0000  1.0000  0.0000  1
100:   0.0000  1.0000  0.0000  1
101:   0.5613  0.4387  0.0000  1
102:   0.0000  0.0084  0.9916  1
103:   0.4177  0.0000  0.5823  1
104:   0.0000  0.0000  1.0000  1
105:   0.0000  0.0000  1.0000  1
106:   0.2073  0.0000  0.7927  1
107:   0.0339  0.0000  0.9661  1
108:   0.0000  0.0000  1.0000  1
109:   0.0000  0.0000  1.0000  1
110:   0.0000  0.1491  0.8509  1
111:   0.0579  0.0000  0.9421  1
112:   0.0000  0.1065  0.8935  1
113:   0.0000  0.0000  1.0000  1
114:   0.0850  0.0000  0.9150  1
115:   0.0000  0.0000  1.0000  1
116:   0.0000  0.0000  1.0000  1
117:   0.0000  0.0000  1.0000  1
118:   0.2571  0.2164  0.5265  1
119:   0.0000  0.0880  0.9120  1
120:   0.2391  0.0000  0.7609  1
121:   0.1124  0.1932  0.6944  1
122:   0.0003  0.1341  0.8656  1
123:   0.0000  0.3553  0.6447  1
124:   0.0000  0.2628  0.7372  1
125:   0.1354  0.0000  0.8646  1
126:   0.0136  0.0000  0.9864  1
127:   0.0000  0.0000  1.0000  1
128:   0.2282  0.0000  0.7718  1
129:   0.0000  0.0000  1.0000  1
130:   0.0000  0.0000  1.0000  1
131:   0.0000  1.0000  0.0000  1
132:   0.0000  1.0000  0.0000  1
133:   0.0000  1.0000  0.0000  1
134:   0.0000  1.0000  0.0000  1
135:   0.0000  1.0000  0.0000  1
136:   0.0000  1.0000  0.0000  1
137:   0.2272  0.7728  0.0000  1
138:   0.2202  0.7798  0.0000  1
139:   1.0000  0.0000  0.0000  1
140:   0.1671  0.8329  0.0000  1
141:   0.3056  0.6944  0.0000  1
142:   0.0000  0.6412  0.3588  1
143:   0.0000  0.7129  0.2871  1
144:   0.0000  1.0000  0.0000  1
145:   0.0000  1.0000  0.0000  1
146:   0.6016  0.3984  0.0000  1
147:   0.3986  0.6014  0.0000  1
148:   0.0000  0.7332  0.2668  1
149:   0.1126  0.8874  0.0000  1
150:   0.0989  0.5476  0.3534  1
151:   0.1382  0.5017  0.3601  1
152:   0.1948  0.8052  0.0000  1
153:   0.1682  0.8318  0.0000  1
154:   0.0000  1.0000  0.0000  1
155:   0.2346  0.7654  0.0000  1
156:   0.2825  0.5669  0.1506  1
157:   0.1277  0.7908  0.0815  1
158:   1.0000  0.0000  0.0000  1
159:   0.0000  0.6271  0.3729  1
160:   0.0000  1.0000  0.0000  1
161:   0.0000  1.0000  0.0000  1
162:   0.4287  0.5713  0.0000  1
163:   0.1940  0.7971  0.0089  1
164:   0.0000  1.0000  0.0000  1
165:   0.0000  0.8345  0.1655  1
166:   0.0000  1.0000  0.0000  1
167:   0.2066  0.7934  0.0000  1
168:   0.0000  1.0000  0.0000  1
169:   0.0000  1.0000  0.0000  1
170:   0.0000  1.0000  0.0000  1
171:   0.0000  1.0000  0.0000  1
172:   0.0000  1.0000  0.0000  1
173:   0.5821  0.4179  0.0000  1
174:   0.0000  1.0000  0.0000  1
175:   0.9991  0.0009  0.0000  1
176:   0.7695  0.2305  0.0000  1
177:   1.0000  0.0000  0.0000  1
178:   1.0000  0.0000  0.0000  1
179:   1.0000  0.0000  0.0000  1
180:   1.0000  0.0000  0.0000  1
181:   0.0000  0.0000  1.0000  1

  1:   0.2473  0.4796  0.2730  1
  2:   0.0000  0.0000  1.0000  1
  3:   0.0329  0.0000  0.9671  1
  4:   0.0000  0.0000  1.0000  1
  5:   0.1676  0.0112  0.8212  1
  6:   0.0000  0.0000  1.0000  1
  7:   0.2517  0.0000  0.7483  1
  8:   0.3285  0.6715  0.0000  1
  9:   0.0000  0.0648  0.9352  1
 10:   0.4884  0.5116  0.0000  1
 11:   1.0000  0.0000  0.0000  1
 12:   0.0000  0.0000  1.0000  1
 13:   0.0000  0.1554  0.8446  1
 14:   0.2444  0.0000  0.7556  1
 15:   0.0000  0.0806  0.9194  1
 16:   0.4825  0.0000  0.5175  1
 17:   0.0002  0.0000  0.9998  1
 18:   0.0000  0.0565  0.9435  1
 19:   0.0000  0.1157  0.8843  1
 20:   0.3253  0.0000  0.6747  1
 21:   0.3420  0.0000  0.6580  1
 22:   0.0000  0.3711  0.6289  1
 23:   0.8164  0.0513  0.1323  1
 24:   0.4157  0.0000  0.5843  1
 25:   0.0060  0.0000  0.9940  1
 26:   1.0000  0.0000  0.0000  1
 27:   1.0000  0.0000  0.0000  1
 28:   0.3710  0.3361  0.2929  1
 29:   0.4377  0.0443  0.5180  1
 30:   0.1705  0.1864  0.6431  1
 31:   0.4454  0.0000  0.5546  1
 32:   0.0000  0.0000  1.0000  1
 33:   0.4887  0.0000  0.5113  1
 34:   0.0000  0.2097  0.7903  1
 35:   0.0000  0.0000  1.0000  1
 36:   0.0000  0.0000  1.0000  1
 37:   0.0000  0.0000  1.0000  1
 38:   0.1884  0.1233  0.6883  1
 39:   0.5540  0.0000  0.4460  1
 40:   0.0000  0.0000  1.0000  1
 41:   0.0000  0.0000  1.0000  1
 42:   0.0000  0.2801  0.7199  1
 43:   1.0000  0.0000  0.0000  1
 44:   1.0000  0.0000  0.0000  1
 45:   0.5579  0.4421  0.0000  1
 46:   0.2779  0.7221  0.0000  1
 47:   1.0000  0.0000  0.0000  1
 48:   1.0000  0.0000  0.0000  1
 49:   0.3796  0.6204  0.0000  1
 50:   0.6840  0.0002  0.3158  1
 51:   0.6408  0.3592  0.0000  1
 52:   1.0000  0.0000  0.0000  1
 53:   1.0000  0.0000  0.0000  1
 54:   1.0000  0.0000  0.0000  1
 55:   1.0000  0.0000  0.0000  1
 56:   0.3441  0.6558  0.0000  1
 57:   0.3588  0.0000  0.6412  1
 58:   0.0000  1.0000  0.0000  1
 59:   0.4389  0.5611  0.0000  1
 60:   0.0000  1.0000  0.0000  1
 61:   0.0000  1.0000  0.0000  1
 62:   0.0000  1.0000  0.0000  1
 63:   0.1064  0.8936  0.0000  1
 64:   0.0000  1.0000  0.0000  1
 65:   0.0000  0.2824  0.7176  1
 66:   0.2069  0.0000  0.7931  1
 67:   0.0000  0.7686  0.2314  1
 68:   0.0000  1.0000  0.0000  1
 69:   0.0000  0.0000  1.0000  1
 70:   0.0000  0.1151  0.8849  1
 71:   0.2363  0.7637  0.0000  1
 72:   0.4617  0.5383  0.0000  1
 73:   0.1587  0.8413  0.0000  1
 74:   0.3749  0.6251  0.0000  1
 75:   0.2625  0.7375  0.0000  1
 76:   0.0002  0.9998  0.0000  1
 77:   0.0000  1.0000  0.0000  1
 78:   0.4764  0.5236  0.0000  1
 79:   0.0000  1.0000  0.0000  1
 80:   0.3205  0.1130  0.5665  1
 81:   0.3916  0.6084  0.0000  1
 82:   0.0000  1.0000  0.0000  1
 83:   0.0000  1.0000  0.0000  1
 84:   0.0000  1.0000  0.0000  1
 85:   0.3506  0.6494  0.0000  1
 86:   0.0000  1.0000  0.0000  1
 87:   0.0000  1.0000  0.0000  1
 88:   0.0003  0.2407  0.7590  1
 89:   0.0000  1.0000  0.0000  1
 90:   0.0000  0.3356  0.6644  1
 91:   0.1883  0.8117  0.0000  1
 92:   0.3689  0.6311  0.0000  1
 93:   0.1624  0.8376  0.0000  1
 94:   0.1309  0.8691  0.0000  1
 95:   0.2068  0.7932  0.0000  1
 96:   0.3637  0.6363  0.0000  1
 97:   0.3129  0.6871  0.0000  1
 98:   0.0000  1.0000  0.0000  1
 99:   0.0000  1.0000  0.0000  1
100:   0.0000  1.0000  0.0000  1
101:   0.5613  0.4387  0.0000  1
102:   0.0000  0.0084  0.9916  1
103:   0.4177  0.0000  0.5823  1
104:   0.0000  0.0000  1.0000  1
105:   0.0000  0.0000  1.0000  1
106:   0.2073  0.0000  0.7927  1
107:   0.0339  0.0000  0.9661  1
108:   0.0000  0.0000  1.0000  1
109:   0.0000  0.0000  1.0000  1
110:   0.0000  0.1491  0.8509  1
111:   0.0579  0.0000  0.9421  1
112:   0.0000  0.1065  0.8935  1
113:   0.0000  0.0000  1.0000  1
114:   0.0850  0.0000  0.9150  1
115:   0.0000  0.0000  1.0000  1
116:   0.0000  0.0000  1.0000  1
117:   0.0000  0.0000  1.0000  1
118:   0.2571  0.2164  0.5265  1
119:   0.0000  0.0880  0.9120  1
120:   0.2391  0.0000  0.7609  1
121:   0.1124  0.1932  0.6944  1
122:   0.0003  0.1341  0.8656  1
123:   0.0000  0.3553  0.6447  1
124:   0.0000  0.2628  0.7372  1
125:   0.1354  0.0000  0.8646  1
126:   0.0136  0.0000  0.9864  1
127:   0.0000  0.0000  1.0000  1
128:   0.2282  0.0000  0.7718  1
129:   0.0000  0.0000  1.0000  1
130:   0.0000  0.0000  1.0000  1
131:   0.0000  1.0000  0.0000  1
132:   0.0000  1.0000  0.0000  1
133:   0.0000  1.0000  0.0000  1
134:   0.0000  1.0000  0.0000  1
135:   0.0000  1.0000  0.0000  1
136:   0.0000  1.0000  0.0000  1
137:   0.2272  0.7728  0.0000  1
138:   0.2202  0.7798  0.0000  1
139:   1.0000  0.0000  0.0000  1
140:   0.1671  0.8329  0.0000  1
141:   0.3056  0.6944  0.0000  1
142:   0.0000  0.6412  0.3588  1
143:   0.0000  0.7129  0.2871  1
144:   0.0000  1.0000  0.0000  1
145:   0.0000  1.0000  0.0000  1
146:   0.6016  0.3984  0.0000  1
147:   0.3986  0.6014  0.0000  1
148:   0.0000  0.7332  0.2668  1
149:   0.1126  0.8874  0.0000  1
150:   0.0989  0.5476  0.3534  1
151:   0.1382  0.5017  0.3601  1
152:   0.1948  0.8052  0.0000  1
153:   0.1682  0.8318  0.0000  1
154:   0.0000  1.0000  0.0000  1
155:   0.2346  0.7654  0.0000  1
156:   0.2825  0.5669  0.1506  1
157:   0.1277  0.7908  0.0815  1
158:   1.0000  0.0000  0.0000  1
159:   0.0000  0.6271  0.3729  1
160:   0.0000  1.0000  0.0000  1
161:   0.0000  1.0000  0.0000  1
162:   0.4287  0.5713  0.0000  1
163:   0.1940  0.7971  0.0089  1
164:   0.0000  1.0000  0.0000  1
165:   0.0000  0.8345  0.1655  1
166:   0.0000  1.0000  0.0000  1
167:   0.2066  0.7934  0.0000  1
168:   0.0000  1.0000  0.0000  1
169:   0.0000  1.0000  0.0000  1
170:   0.0000  1.0000  0.0000  1
171:   0.0000  1.0000  0.0000  1
172:   0.0000  1.0000  0.0000  1
173:   0.5821  0.4179  0.0000  1
174:   0.0000  1.0000  0.0000  1
175:   0.9991  0.0009  0.0000  1
176:   0.7695  0.2305  0.0000  1
177:   1.0000  0.0000  0.0000  1
178:   1.0000  0.0000  0.0000  1
179:   1.0000  0.0000  0.0000  1
180:   1.0000  0.0000  0.0000  1
181:   0.0000  0.0000  1.0000  1

