1:           2.840178e-01 1.346056e-01 0.388854422  0.192522175  1           
2:           1.000000e-09 1.000000e-09 0.603206782  0.396793216  1           
3:           3.109768e-02 4.244964e-01 0.458613661  0.085792258  1           
4:           5.312801e-03 4.813529e-01 0.193577161  0.319757121  1           
5:           2.156726e-01 5.680175e-01 0.216309969  0.000000001  1           
6:           1.000000e+00 1.000000e-09 0.000000001  0.000000001  1           
7:           1.000000e-09 3.362288e-01 0.625820404  0.037950749  1           
8:           1.000000e-09 1.000000e+00 0.000000001  0.000000001  1           
9:           2.096388e-01 4.276278e-01 0.086931925  0.275801460  1           
10:          1.000000e-09 5.278187e-01 0.000000001  0.472181285  1           
11:          1.623956e-01 2.764400e-01 0.392314501  0.168849907  1           
12:          1.000000e-09 1.000000e+00 0.000000001  0.000000001  1           
13:          1.000000e-09 5.784963e-01 0.153358723  0.268144933  1           
14:          9.257029e-02 1.546856e-01 0.752744079  0.000000001  1           
15:          2.634959e-01 4.419478e-01 0.117802094  0.176754177  1           
16:          1.000000e-09 1.000000e+00 0.000000001  0.000000001  1           
17:          1.000000e-09 1.569758e-01 0.843024203  0.000000001  1           
18:          1.000000e-09 3.556340e-01 0.544619289  0.099746714  1           
19:          1.000000e-09 1.000000e-09 0.999999997  0.000000001  1           
20:          1.000000e-09 1.000000e-09 0.541902748  0.458097250  1           
21:          1.000000e-09 3.055676e-01 0.576093815  0.118338598  1           
22:          1.000000e-09 1.000000e-09 0.319747925  0.680252073  1           
23:          1.000000e-09 2.165255e-01 0.783474454  0.000000001  1           
24:          1.000000e-09 4.074871e-01 0.592512910  0.000000001  1           
25:          1.000000e-09 6.388025e-01 0.361197485  0.000000001  1           
26:          1.000000e-09 4.519569e-01 0.548043130  0.000000001  1           
27:          1.000000e-09 1.000000e-09 0.999999997  0.000000001  1           
28:          8.482755e-02 4.768816e-01 0.345688297  0.092602581  1           
29:          1.051199e-01 3.611783e-01 0.351679255  0.182022557  1           
30:          1.000000e-09 1.000000e-09 0.999999997  0.000000001  1           
31:          3.425166e-01 4.370821e-01 0.104244863  0.116156358  1           
32:          1.097969e-01 2.668928e-01 0.349201721  0.274108661  1           
33:          1.000000e-09 1.000000e-09 0.999999997  0.000000001  1           
34:          5.000013e-01 4.999987e-01 0.000000001  0.000000001  1           
35:          1.000000e-09 1.000000e-09 0.999999997  0.000000001  1           
36:          1.000000e-09 9.422444e-02 0.796589663  0.109185899  1           
37:          1.000000e-09 1.000000e-09 0.000000001  0.999999997  1           
38:          1.000000e-09 1.000000e+00 0.000000001  0.000000001  1           
39:          1.000000e-09 4.437469e-01 0.342834212  0.213418866  1           
40:          1.000000e-09 1.000000e-09 0.999999997  0.000000001  1           
41:          1.129987e-01 3.860275e-01 0.243499422  0.257474354  1           
42:          1.000000e-09 1.000000e+00 0.000000001  0.000000001  1           
43:          1.000000e-09 1.000000e-09 0.999999997  0.000000001  1           
44:          1.000000e-09 1.000000e-09 0.000000001  0.999999997  1           
45:          1.000000e-09 1.198711e-01 0.678538569  0.201590313  1           
46:          2.154353e-01 3.553261e-01 0.168519363  0.260719189  1           
47:          1.000000e-09 3.690105e-01 0.630989482  0.000000001  1           
48:          1.000000e-09 5.942076e-01 0.405792382  0.000000001  1           
49:          1.000000e+00 1.000378e-09 0.000000001  0.000000001  1           
50:          1.000000e-09 1.000000e+00 0.000000001  0.000000001  1           
51:          1.000000e-09 3.687332e-01 0.631266824  0.000000001  1           
52:          1.000000e-09 1.000000e+00 0.000000001  0.000000001  1           
53:          2.804334e-01 3.592217e-01 0.273185662  0.087159262  1           
54:          1.000000e-09 1.807388e-01 0.819261217  0.000000001  1           
55:          1.000000e-09 1.000000e+00 0.000000001  0.000000001  1           
56:          1.000000e-09 1.000000e-09 0.999999997  0.000000001  1           
57:          1.000000e-09 1.000000e-09 0.999999997  0.000000001  1           
58:          2.582959e-01 2.526185e-01 0.064421070  0.424664540  1           
59:          1.000000e-09 1.000000e-09 0.999999997  0.000000001  1           
60:          4.430579e-01 1.148650e-01 0.166991951  0.275085118  1           
61:          1.000000e-09 1.000000e-09 0.000000001  0.999999997  1           
62:          1.000000e+00 1.000000e-09 0.000000001  0.000000001  1           
63:          2.179400e-01 2.618306e-01 0.289535044  0.230694445  1           
64:          1.000000e-09 1.000000e+00 0.000000001  0.000000001  1           
65:          3.556390e-01 2.890614e-01 0.234748872  0.120550693  1           
66:          1.000000e-09 7.910963e-01 0.208903656  0.000000001  1           
67:          3.242720e-01 2.164264e-01 0.176096251  0.283205276  1           
68:          1.000000e-09 5.063610e-01 0.000000001  0.493639011  1           
69:          9.804635e-01 1.000000e-09 0.000000001  0.019536499  1           
70:          1.000000e-09 1.000000e-09 0.000000001  0.999999997  1           
71:          2.865996e-01 1.544036e-01 0.272758672  0.286238180  1           
72:          1.000000e-09 1.000000e-09 0.039107018  0.960892980  1           
73:          3.568687e-01 1.000000e-09 0.000000001  0.643131299  1           
74:          3.628089e-01 6.878975e-02 0.205855337  0.362546033  1           
75:          3.349014e-01 3.824589e-02 0.333840445  0.293012307  1           
76:          1.000000e-09 1.095579e-01 0.890442059  0.000000001  1           
77:          5.000012e-01 4.999988e-01 0.000000001  0.000000001  1           
78:          1.000000e-09 1.000000e-09 0.330289179  0.669710819  1           
79:          1.000000e-09 1.000000e-09 0.053510246  0.946489752  1           
80:          1.000000e-09 1.000000e-09 0.999999997  0.000000001  1           
81:          4.672091e-03 3.602271e-01 0.259290855  0.375809917  1           
82:          1.000000e-09 1.000000e-09 0.000000001  0.999999997  1           
83:          1.000000e-09 1.000000e+00 0.000000001  0.000000001  1           
84:          6.907531e-02 3.876690e-01 0.107508367  0.435747326  1           
85:          1.000000e-09 1.000000e-09 0.999999997  0.000000001  1           
86:          1.000000e-09 4.600232e-01 0.511689960  0.028286835  1           
87:          1.000000e-09 1.000000e+00 0.000000001  0.000000001  1           
88:          2.096708e-01 1.943205e-01 0.381598449  0.214410222  1           
89:          2.846408e-01 3.005076e-01 0.388604315  0.026247352  1           
90:          5.518935e-01 1.000000e-09 0.448106523  0.000000001  1           
91:          1.000000e-09 1.000000e-09 0.471491209  0.528508789  1           
92:          1.000000e-09 4.535154e-01 0.333615028  0.212869527  1           
93:          1.000000e-09 4.957315e-01 0.504268458  0.000000001  1           
94:          1.000000e-09 1.000000e+00 0.000000001  0.000000001  1           
95:          1.000000e-09 4.682920e-01 0.531707990  0.000000001  1           
96:          1.000000e-09 1.000000e-09 0.009185660  0.990814338  1           
97:          3.936500e-01 1.577799e-01 0.000000001  0.448570068  1           
98:          1.000000e-09 1.000000e-09 0.510381211  0.489618787  1           
99:          1.000000e-09 1.000000e-09 0.345678230  0.654321768  1           
100:         1.802724e-01 2.925617e-01 0.527165932  0.000000001  1           
101:         4.063152e-01 1.596077e-01 0.179638862  0.254438267  1           
102:         5.300655e-01 7.065120e-02 0.000000001  0.399283264  1           
103:         1.645444e-01 4.723764e-01 0.000000001  0.363079218  1           
104:         1.000000e+00 1.000000e-09 0.000000001  0.000000001  1           
105:         7.328126e-02 4.246359e-01 0.385030910  0.117051920  1           
106:         2.834981e-01 1.000000e-09 0.716501926  0.000000001  1           
107:         1.000000e-09 2.680846e-01 0.731915387  0.000000001  1           
108:         9.064946e-02 4.020523e-01 0.151196708  0.356101545  1           
109:         1.000000e-09 4.406175e-01 0.540104581  0.019277911  1           
110:         1.000000e-09 5.827496e-01 0.417250411  0.000000001  1           
111:         1.000000e-09 4.269051e-01 0.573094884  0.000000001  1           
112:         8.429174e-02 3.946826e-01 0.388901254  0.132124444  1           
113:         1.000000e-09 3.377162e-01 0.662283764  0.000000001  1           
114:         1.000000e-09 1.000000e-09 0.518340852  0.481659146  1           
115:         1.000000e-09 1.000000e-09 0.269793121  0.730206877  1           
116:         3.899327e-01 1.639987e-01 0.000000001  0.446068651  1           
117:         2.417851e-01 3.135929e-01 0.444621997  0.000000001  1           
118:         1.000000e+00 1.000378e-09 0.000000001  0.000000001  1           
119:         4.513493e-01 1.000000e-09 0.548650650  0.000000001  1           
120:         3.808360e-01 1.746146e-01 0.000000001  0.444549424  1           
121:         1.000000e-09 2.686492e-01 0.000000001  0.731350823  1           
122:         5.325079e-01 1.000000e-09 0.000000001  0.467492057  1           
123:         5.318978e-01 1.000000e-09 0.000000001  0.468102161  1           
124:         1.556857e-01 1.895352e-01 0.256703668  0.398075402  1           
125:         1.000000e-09 1.000000e-09 0.999999997  0.000000001  1           
126:         3.899347e-01 1.639978e-01 0.000000001  0.446067503  1           
127:         2.080445e-01 4.461371e-01 0.228273185  0.117545158  1           
128:         2.680446e-01 2.688668e-01 0.243971091  0.219117449  1           
129:         1.000000e-09 3.405853e-01 0.659414718  0.000000001  1           
130:         1.000000e+00 1.000000e-09 0.000000001  0.000000001  1           
131:         1.000000e-09 3.742219e-01 0.625778146  0.000000001  1           
132:         3.101980e-01 1.768734e-01 0.000874889  0.512053680  1           
133:         1.000000e-09 1.000000e-09 0.000000001  0.999999997  1           
134:         4.070090e-01 1.875426e-01 0.000000001  0.405448440  1           
135:         1.000000e-09 4.026434e-01 0.000000001  0.597356590  1           
136:         4.089743e-01 5.389047e-02 0.537135210  0.000000001  1           
137:         1.000000e-09 1.000000e+00 0.000000001  0.000000001  1           
138:         5.034989e-01 1.000000e-09 0.000000001  0.496501128  1           
139:         1.000000e-09 1.000000e+00 0.000000001  0.000000001  1           
140:         5.000013e-01 4.999987e-01 0.000000001  0.000000001  1           
141:         2.817971e-01 2.055379e-01 0.073220202  0.439444770  1           
142:         4.773002e-02 2.871168e-01 0.119963747  0.545189456  1           
143:         1.000000e-09 1.000000e+00 0.000000001  0.000000001  1           
144:         1.095726e-05 3.081251e-01 0.279406677  0.412457315  1           
145:         3.663428e-01 1.000000e-09 0.000000001  0.633657193  1           
146:         1.000000e-09 1.000000e-09 0.936839390  0.063160608  1           
147:         3.961143e-01 1.000000e-09 0.603885695  0.000000001  1           
148:         2.226531e-01 5.576911e-02 0.430732837  0.290844978  1           
149:         1.000000e-09 1.000000e-09 0.277562053  0.722437945  1           
150:         1.000000e-09 1.000000e-09 0.000000001  0.999999997  1           
151:         3.751134e-02 1.701233e-01 0.589723722  0.202641606  1           
152:         5.488335e-01 3.491609e-02 0.104898631  0.311351743  1           
153:         2.195910e-01 1.000000e-09 0.220246072  0.560162956  1           
154:         3.274157e-01 3.524860e-01 0.139117169  0.180981152  1           
155:         4.470689e-01 1.000000e-09 0.185034117  0.367896941  1           
156:         1.086264e-01 1.601524e-01 0.361225502  0.369995716  1           
157:         1.000000e-09 1.000000e-09 0.999999997  0.000000001  1           
158:         1.000000e-09 1.000000e-09 0.999999997  0.000000001  1           
159:         3.483444e-01 6.516556e-01 0.000000001  0.000000001  1           
160:         2.695330e-01 1.000000e-09 0.000000001  0.730467002  1           
161:         1.000000e-09 1.000000e-09 0.820854737  0.179145261  1           
162:         1.378987e-01 5.057318e-01 0.356369451  0.000000001  1           
163:         1.000000e-09 3.942978e-01 0.451471681  0.154230478  1           
164:         1.179666e-01 1.765377e-01 0.477081628  0.228414033  1           
165:         1.000000e-09 1.000000e-09 0.399334313  0.600665685  1           
166:         1.000000e-09 1.000000e-09 0.836802436  0.163197562  1           
167:         2.962137e-01 2.540035e-01 0.177716057  0.272066683  1           
168:         1.000000e-09 5.970017e-01 0.402998335  0.000000001  1           
169:         1.452301e-01 3.007337e-01 0.554036233  0.000000001  1           
170:         3.170325e-01 3.180403e-01 0.093469060  0.271458139  1           
171:         1.000000e-09 1.446829e-01 0.658057809  0.197259310  1           
172:         1.000000e-09 3.490618e-01 0.650938246  0.000000001  1           
173:         3.706952e-01 1.000000e-09 0.000000001  0.629304795  1           
174:         1.000000e-09 5.897295e-01 0.410270489  0.000000001  1           
175:         1.000000e-09 2.972338e-01 0.702766180  0.000000001  1           
176:         1.000000e-09 2.806971e-01 0.719302873  0.000000001  1           
177:         1.000000e-09 3.838017e-01 0.331826513  0.284371793  1           
178:         2.208201e-02 4.826697e-01 0.495248259  0.000000001  1           
179:         1.000000e-09 1.000000e-09 0.999999997  0.000000001  1           
180:         2.478353e-02 4.502603e-01 0.524956189  0.000000001  1           
181:         2.038697e-01 1.627334e-01 0.385099255  0.248297650  1           
182:         1.000000e-09 1.000000e-09 0.999999997  0.000000001  1           
183:         1.000000e-09 5.106030e-01 0.403080060  0.086316958  1           
184:         1.000000e-09 2.773242e-01 0.722675826  0.000000001  1           
185:         8.608501e-02 1.200972e-01 0.565918562  0.227899225  1           
186:         2.159709e-01 5.358578e-01 0.248171328  0.000000001  1           
187:         1.000000e-09 3.545186e-01 0.645481404  0.000000001  1           
188:         1.000000e-09 3.484917e-01 0.448106121  0.203402156  1           
189:         1.000000e-09 5.499149e-01 0.196019802  0.254065282  1           
190:         1.031255e-07 4.790540e-01 0.520945932  0.000000001  1           
191:         1.000000e-09 1.000000e-09 0.385405074  0.614594924  1           
192:         1.000000e-09 1.000000e-09 0.510704871  0.489295127  1           
193:         1.000000e-09 4.523829e-01 0.107972057  0.439645048  1           
194:         6.740101e-01 1.000000e-09 0.245399923  0.080589961  1           
195:         9.826567e-02 2.322594e-01 0.537750440  0.131724512  1           
196:         2.556020e-01 3.594985e-01 0.000000001  0.384899466  1           
197:         1.000000e-09 1.000000e-09 0.000000001  0.999999997  1           
198:         1.000000e-09 1.000000e-09 0.372098820  0.627901178  1           
199:         1.000000e-09 1.000000e-09 0.000000001  0.999999997  1           
200:         3.688823e-01 3.677318e-01 0.128370050  0.135015871  1           
201:         5.639429e-01 1.000000e-09 0.436057112  0.000000001  1           
202:         3.766928e-01 1.000000e-09 0.000000001  0.623307183  1           
203:         1.000000e-09 1.000000e-09 0.999999997  0.000000001  1           
204:         1.000000e-09 1.000000e-09 0.000000001  0.999999997  1           
205:         2.790013e-01 2.222408e-01 0.216416905  0.282340941  1           
206:         1.000000e-09 1.000000e-09 0.104002934  0.895997064  1           
207:         4.491815e-01 1.000000e-09 0.019830656  0.530987862  1           
208:         1.000000e-09 1.000000e-09 0.000000001  0.999999997  1           
209:         1.000000e-09 1.000000e-09 0.000000001  0.999999997  1           
210:         1.000000e-09 1.000000e-09 0.000000001  0.999999997  1           
211:         1.000000e-09 1.000000e-09 0.151965243  0.848034755  1           
212:         1.000000e-09 5.971984e-01 0.165995162  0.236806457  1           
213:         1.000000e-09 1.000000e+00 0.000000001  0.000000001  1           
214:         6.215052e-01 1.000000e-09 0.166379465  0.212115345  1           
215:         5.084236e-01 4.645075e-02 0.445125663  0.000000001  1           
216:         1.000000e-09 1.000000e-09 0.000000001  0.999999997  1           
217:         1.000000e-09 1.000000e-09 0.575919788  0.424080210  1           
218:         1.227875e-01 4.756806e-01 0.357679217  0.043852684  1           
219:         4.805836e-01 1.000000e-09 0.000000001  0.519416351  1           
220:         5.681853e-01 1.000000e-09 0.431814659  0.000000001  1           
221:         1.000000e-09 1.000000e-09 0.999999997  0.000000001  1           
222:         1.000000e-09 1.000000e-09 0.000000001  0.999999997  1           
223:         1.000000e+00 1.000378e-09 0.000000001  0.000000001  1           
224:         3.613649e-01 2.479048e-01 0.295100975  0.095629276  1           
225:         1.000000e+00 1.000378e-09 0.000000001  0.000000001  1           
226:         1.000000e-09 1.000000e-09 0.386356814  0.613643184  1           
227:         1.000000e-09 1.000000e-09 0.601553482  0.398446516  1           
228:         1.000000e-09 1.000000e-09 0.658451225  0.341548773  1           
229:         1.000000e-09 3.638746e-01 0.000000001  0.636125408  1           
230:         3.159064e-02 4.621937e-01 0.506215647  0.000000001  1           
231:         1.000000e-09 1.995994e-01 0.768041820  0.032358797  1           
232:         1.000000e-09 1.000000e-09 0.000000001  0.999999997  1           
233:         1.000000e-09 5.398171e-01 0.000000001  0.460182921  1           
234:         5.618740e-01 2.774478e-01 0.021696720  0.138981445  1           
235:         1.000000e+00 1.000000e-09 0.000000001  0.000000001  1           
236:         1.000000e-09 1.000000e-09 0.000000001  0.999999997  1           
237:         1.000000e-09 6.680104e-01 0.000000001  0.331989613  1           
238:         4.679804e-01 1.000000e-09 0.000000001  0.532019600  1           
239:         4.851701e-01 1.677715e-01 0.000000001  0.347058420  1           
240:         9.651763e-02 1.908243e-01 0.253817964  0.458840075  1           
241:         1.000000e-09 1.000000e-09 0.000000001  0.999999997  1           
242:         1.000000e+00 1.000378e-09 0.000000001  0.000000001  1           
243:         1.000000e-09 3.192026e-01 0.000000001  0.680797373  1           
244:         2.884913e-01 1.000000e-09 0.000000001  0.711508676  1           
245:         1.000000e-09 1.000000e-09 0.543034898  0.456965100  1           
246:         2.877185e-01 7.122815e-01 0.000000001  0.000000001  1           
247:         1.000000e-09 1.000000e-09 0.763542702  0.236457296  1           
248:         4.180875e-01 5.819125e-01 0.000000001  0.000000001  1           
249:         3.214419e-01 1.000000e-09 0.678558065  0.000000001  1           
250:         3.595663e-01 2.990193e-02 0.274225009  0.336306744  1           
251:         1.000000e-09 5.814713e-01 0.000000001  0.418528717  1           
252:         1.000000e+00 1.000000e-09 0.000000001  0.000000001  1           
253:         1.000000e-09 2.636433e-02 0.409014737  0.564620932  1           
254:         1.000000e-09 4.133416e-01 0.042458830  0.544199559  1           
255:         1.000000e-09 1.000000e-09 0.999999997  0.000000001  1           
256:         1.000000e-09 1.000000e-09 0.000000001  0.999999997  1           
257:         1.000000e-09 3.253112e-01 0.000000001  0.674688833  1           
258:         1.000000e-09 4.877617e-01 0.000000001  0.512238268  1           
259:         1.000000e-09 1.000000e+00 0.000000001  0.000000001  1           
260:         1.000000e-09 1.000000e-09 0.000000001  0.999999997  1           
261:         2.420057e-01 2.169675e-01 0.324227785  0.216798935  1           
262:         1.000000e-09 8.189267e-02 0.013443703  0.904663630  1           
                 
                 
1:           2.840178e-01 1.346056e-01 0.388854422  0.192522175  1           
2:           1.000000e-09 1.000000e-09 0.603206782  0.396793216  1           
3:           3.109768e-02 4.244964e-01 0.458613661  0.085792258  1           
4:           5.312801e-03 4.813529e-01 0.193577161  0.319757121  1           
5:           2.156726e-01 5.680175e-01 0.216309969  0.000000001  1           
6:           1.000000e+00 1.000000e-09 0.000000001  0.000000001  1           
7:           1.000000e-09 3.362288e-01 0.625820404  0.037950749  1           
8:           1.000000e-09 1.000000e+00 0.000000001  0.000000001  1           
9:           2.096388e-01 4.276278e-01 0.086931925  0.275801460  1           
10:          1.000000e-09 5.278187e-01 0.000000001  0.472181285  1           
11:          1.623956e-01 2.764400e-01 0.392314501  0.168849907  1           
12:          1.000000e-09 1.000000e+00 0.000000001  0.000000001  1           
13:          1.000000e-09 5.784963e-01 0.153358723  0.268144933  1           
14:          9.257029e-02 1.546856e-01 0.752744079  0.000000001  1           
15:          2.634959e-01 4.419478e-01 0.117802094  0.176754177  1           
16:          1.000000e-09 1.000000e+00 0.000000001  0.000000001  1           
17:          1.000000e-09 1.569758e-01 0.843024203  0.000000001  1           
18:          1.000000e-09 3.556340e-01 0.544619289  0.099746714  1           
19:          1.000000e-09 1.000000e-09 0.999999997  0.000000001  1           
20:          1.000000e-09 1.000000e-09 0.541902748  0.458097250  1           
21:          1.000000e-09 3.055676e-01 0.576093815  0.118338598  1           
22:          1.000000e-09 1.000000e-09 0.319747925  0.680252073  1           
23:          1.000000e-09 2.165255e-01 0.783474454  0.000000001  1           
24:          1.000000e-09 4.074871e-01 0.592512910  0.000000001  1           
25:          1.000000e-09 6.388025e-01 0.361197485  0.000000001  1           
26:          1.000000e-09 4.519569e-01 0.548043130  0.000000001  1           
27:          1.000000e-09 1.000000e-09 0.999999997  0.000000001  1           
28:          8.482755e-02 4.768816e-01 0.345688297  0.092602581  1           
29:          1.051199e-01 3.611783e-01 0.351679255  0.182022557  1           
30:          1.000000e-09 1.000000e-09 0.999999997  0.000000001  1           
31:          3.425166e-01 4.370821e-01 0.104244863  0.116156358  1           
32:          1.097969e-01 2.668928e-01 0.349201721  0.274108661  1           
33:          1.000000e-09 1.000000e-09 0.999999997  0.000000001  1           
34:          5.000013e-01 4.999987e-01 0.000000001  0.000000001  1           
35:          1.000000e-09 1.000000e-09 0.999999997  0.000000001  1           
36:          1.000000e-09 9.422444e-02 0.796589663  0.109185899  1           
37:          1.000000e-09 1.000000e-09 0.000000001  0.999999997  1           
38:          1.000000e-09 1.000000e+00 0.000000001  0.000000001  1           
39:          1.000000e-09 4.437469e-01 0.342834212  0.213418866  1           
40:          1.000000e-09 1.000000e-09 0.999999997  0.000000001  1           
41:          1.129987e-01 3.860275e-01 0.243499422  0.257474354  1           
42:          1.000000e-09 1.000000e+00 0.000000001  0.000000001  1           
43:          1.000000e-09 1.000000e-09 0.999999997  0.000000001  1           
44:          1.000000e-09 1.000000e-09 0.000000001  0.999999997  1           
45:          1.000000e-09 1.198711e-01 0.678538569  0.201590313  1           
46:          2.154353e-01 3.553261e-01 0.168519363  0.260719189  1           
47:          1.000000e-09 3.690105e-01 0.630989482  0.000000001  1           
48:          1.000000e-09 5.942076e-01 0.405792382  0.000000001  1           
49:          1.000000e+00 1.000378e-09 0.000000001  0.000000001  1           
50:          1.000000e-09 1.000000e+00 0.000000001  0.000000001  1           
51:          1.000000e-09 3.687332e-01 0.631266824  0.000000001  1           
52:          1.000000e-09 1.000000e+00 0.000000001  0.000000001  1           
53:          2.804334e-01 3.592217e-01 0.273185662  0.087159262  1           
54:          1.000000e-09 1.807388e-01 0.819261217  0.000000001  1           
55:          1.000000e-09 1.000000e+00 0.000000001  0.000000001  1           
56:          1.000000e-09 1.000000e-09 0.999999997  0.000000001  1           
57:          1.000000e-09 1.000000e-09 0.999999997  0.000000001  1           
58:          2.582959e-01 2.526185e-01 0.064421070  0.424664540  1           
59:          1.000000e-09 1.000000e-09 0.999999997  0.000000001  1           
60:          4.430579e-01 1.148650e-01 0.166991951  0.275085118  1           
61:          1.000000e-09 1.000000e-09 0.000000001  0.999999997  1           
62:          1.000000e+00 1.000000e-09 0.000000001  0.000000001  1           
63:          2.179400e-01 2.618306e-01 0.289535044  0.230694445  1           
64:          1.000000e-09 1.000000e+00 0.000000001  0.000000001  1           
65:          3.556390e-01 2.890614e-01 0.234748872  0.120550693  1           
66:          1.000000e-09 7.910963e-01 0.208903656  0.000000001  1           
67:          3.242720e-01 2.164264e-01 0.176096251  0.283205276  1           
68:          1.000000e-09 5.063610e-01 0.000000001  0.493639011  1           
69:          9.804635e-01 1.000000e-09 0.000000001  0.019536499  1           
70:          1.000000e-09 1.000000e-09 0.000000001  0.999999997  1           
71:          2.865996e-01 1.544036e-01 0.272758672  0.286238180  1           
72:          1.000000e-09 1.000000e-09 0.039107018  0.960892980  1           
73:          3.568687e-01 1.000000e-09 0.000000001  0.643131299  1           
74:          3.628089e-01 6.878975e-02 0.205855337  0.362546033  1           
75:          3.349014e-01 3.824589e-02 0.333840445  0.293012307  1           
76:          1.000000e-09 1.095579e-01 0.890442059  0.000000001  1           
77:          5.000012e-01 4.999988e-01 0.000000001  0.000000001  1           
78:          1.000000e-09 1.000000e-09 0.330289179  0.669710819  1           
79:          1.000000e-09 1.000000e-09 0.053510246  0.946489752  1           
80:          1.000000e-09 1.000000e-09 0.999999997  0.000000001  1           
81:          4.672091e-03 3.602271e-01 0.259290855  0.375809917  1           
82:          1.000000e-09 1.000000e-09 0.000000001  0.999999997  1           
83:          1.000000e-09 1.000000e+00 0.000000001  0.000000001  1           
84:          6.907531e-02 3.876690e-01 0.107508367  0.435747326  1           
85:          1.000000e-09 1.000000e-09 0.999999997  0.000000001  1           
86:          1.000000e-09 4.600232e-01 0.511689960  0.028286835  1           
87:          1.000000e-09 1.000000e+00 0.000000001  0.000000001  1           
88:          2.096708e-01 1.943205e-01 0.381598449  0.214410222  1           
89:          2.846408e-01 3.005076e-01 0.388604315  0.026247352  1           
90:          5.518935e-01 1.000000e-09 0.448106523  0.000000001  1           
91:          1.000000e-09 1.000000e-09 0.471491209  0.528508789  1           
92:          1.000000e-09 4.535154e-01 0.333615028  0.212869527  1           
93:          1.000000e-09 4.957315e-01 0.504268458  0.000000001  1           
94:          1.000000e-09 1.000000e+00 0.000000001  0.000000001  1           
95:          1.000000e-09 4.682920e-01 0.531707990  0.000000001  1           
96:          1.000000e-09 1.000000e-09 0.009185660  0.990814338  1           
97:          3.936500e-01 1.577799e-01 0.000000001  0.448570068  1           
98:          1.000000e-09 1.000000e-09 0.510381211  0.489618787  1           
99:          1.000000e-09 1.000000e-09 0.345678230  0.654321768  1           
100:         1.802724e-01 2.925617e-01 0.527165932  0.000000001  1           
101:         4.063152e-01 1.596077e-01 0.179638862  0.254438267  1           
102:         5.300655e-01 7.065120e-02 0.000000001  0.399283264  1           
103:         1.645444e-01 4.723764e-01 0.000000001  0.363079218  1           
104:         1.000000e+00 1.000000e-09 0.000000001  0.000000001  1           
105:         7.328126e-02 4.246359e-01 0.385030910  0.117051920  1           
106:         2.834981e-01 1.000000e-09 0.716501926  0.000000001  1           
107:         1.000000e-09 2.680846e-01 0.731915387  0.000000001  1           
108:         9.064946e-02 4.020523e-01 0.151196708  0.356101545  1           
109:         1.000000e-09 4.406175e-01 0.540104581  0.019277911  1           
110:         1.000000e-09 5.827496e-01 0.417250411  0.000000001  1           
111:         1.000000e-09 4.269051e-01 0.573094884  0.000000001  1           
112:         8.429174e-02 3.946826e-01 0.388901254  0.132124444  1           
113:         1.000000e-09 3.377162e-01 0.662283764  0.000000001  1           
114:         1.000000e-09 1.000000e-09 0.518340852  0.481659146  1           
115:         1.000000e-09 1.000000e-09 0.269793121  0.730206877  1           
116:         3.899327e-01 1.639987e-01 0.000000001  0.446068651  1           
117:         2.417851e-01 3.135929e-01 0.444621997  0.000000001  1           
118:         1.000000e+00 1.000378e-09 0.000000001  0.000000001  1           
119:         4.513493e-01 1.000000e-09 0.548650650  0.000000001  1           
120:         3.808360e-01 1.746146e-01 0.000000001  0.444549424  1           
121:         1.000000e-09 2.686492e-01 0.000000001  0.731350823  1           
122:         5.325079e-01 1.000000e-09 0.000000001  0.467492057  1           
123:         5.318978e-01 1.000000e-09 0.000000001  0.468102161  1           
124:         1.556857e-01 1.895352e-01 0.256703668  0.398075402  1           
125:         1.000000e-09 1.000000e-09 0.999999997  0.000000001  1           
126:         3.899347e-01 1.639978e-01 0.000000001  0.446067503  1           
127:         2.080445e-01 4.461371e-01 0.228273185  0.117545158  1           
128:         2.680446e-01 2.688668e-01 0.243971091  0.219117449  1           
129:         1.000000e-09 3.405853e-01 0.659414718  0.000000001  1           
130:         1.000000e+00 1.000000e-09 0.000000001  0.000000001  1           
131:         1.000000e-09 3.742219e-01 0.625778146  0.000000001  1           
132:         3.101980e-01 1.768734e-01 0.000874889  0.512053680  1           
133:         1.000000e-09 1.000000e-09 0.000000001  0.999999997  1           
134:         4.070090e-01 1.875426e-01 0.000000001  0.405448440  1           
135:         1.000000e-09 4.026434e-01 0.000000001  0.597356590  1           
136:         4.089743e-01 5.389047e-02 0.537135210  0.000000001  1           
137:         1.000000e-09 1.000000e+00 0.000000001  0.000000001  1           
138:         5.034989e-01 1.000000e-09 0.000000001  0.496501128  1           
139:         1.000000e-09 1.000000e+00 0.000000001  0.000000001  1           
140:         5.000013e-01 4.999987e-01 0.000000001  0.000000001  1           
141:         2.817971e-01 2.055379e-01 0.073220202  0.439444770  1           
142:         4.773002e-02 2.871168e-01 0.119963747  0.545189456  1           
143:         1.000000e-09 1.000000e+00 0.000000001  0.000000001  1           
144:         1.095726e-05 3.081251e-01 0.279406677  0.412457315  1           
145:         3.663428e-01 1.000000e-09 0.000000001  0.633657193  1           
146:         1.000000e-09 1.000000e-09 0.936839390  0.063160608  1           
147:         3.961143e-01 1.000000e-09 0.603885695  0.000000001  1           
148:         2.226531e-01 5.576911e-02 0.430732837  0.290844978  1           
149:         1.000000e-09 1.000000e-09 0.277562053  0.722437945  1           
150:         1.000000e-09 1.000000e-09 0.000000001  0.999999997  1           
151:         3.751134e-02 1.701233e-01 0.589723722  0.202641606  1           
152:         5.488335e-01 3.491609e-02 0.104898631  0.311351743  1           
153:         2.195910e-01 1.000000e-09 0.220246072  0.560162956  1           
154:         3.274157e-01 3.524860e-01 0.139117169  0.180981152  1           
155:         4.470689e-01 1.000000e-09 0.185034117  0.367896941  1           
156:         1.086264e-01 1.601524e-01 0.361225502  0.369995716  1           
157:         1.000000e-09 1.000000e-09 0.999999997  0.000000001  1           
158:         1.000000e-09 1.000000e-09 0.999999997  0.000000001  1           
159:         3.483444e-01 6.516556e-01 0.000000001  0.000000001  1           
160:         2.695330e-01 1.000000e-09 0.000000001  0.730467002  1           
161:         1.000000e-09 1.000000e-09 0.820854737  0.179145261  1           
162:         1.378987e-01 5.057318e-01 0.356369451  0.000000001  1           
163:         1.000000e-09 3.942978e-01 0.451471681  0.154230478  1           
164:         1.179666e-01 1.765377e-01 0.477081628  0.228414033  1           
165:         1.000000e-09 1.000000e-09 0.399334313  0.600665685  1           
166:         1.000000e-09 1.000000e-09 0.836802436  0.163197562  1           
167:         2.962137e-01 2.540035e-01 0.177716057  0.272066683  1           
168:         1.000000e-09 5.970017e-01 0.402998335  0.000000001  1           
169:         1.452301e-01 3.007337e-01 0.554036233  0.000000001  1           
170:         3.170325e-01 3.180403e-01 0.093469060  0.271458139  1           
171:         1.000000e-09 1.446829e-01 0.658057809  0.197259310  1           
172:         1.000000e-09 3.490618e-01 0.650938246  0.000000001  1           
173:         3.706952e-01 1.000000e-09 0.000000001  0.629304795  1           
174:         1.000000e-09 5.897295e-01 0.410270489  0.000000001  1           
175:         1.000000e-09 2.972338e-01 0.702766180  0.000000001  1           
176:         1.000000e-09 2.806971e-01 0.719302873  0.000000001  1           
177:         1.000000e-09 3.838017e-01 0.331826513  0.284371793  1           
178:         2.208201e-02 4.826697e-01 0.495248259  0.000000001  1           
179:         1.000000e-09 1.000000e-09 0.999999997  0.000000001  1           
180:         2.478353e-02 4.502603e-01 0.524956189  0.000000001  1           
181:         2.038697e-01 1.627334e-01 0.385099255  0.248297650  1           
182:         1.000000e-09 1.000000e-09 0.999999997  0.000000001  1           
183:         1.000000e-09 5.106030e-01 0.403080060  0.086316958  1           
184:         1.000000e-09 2.773242e-01 0.722675826  0.000000001  1           
185:         8.608501e-02 1.200972e-01 0.565918562  0.227899225  1           
186:         2.159709e-01 5.358578e-01 0.248171328  0.000000001  1           
187:         1.000000e-09 3.545186e-01 0.645481404  0.000000001  1           
188:         1.000000e-09 3.484917e-01 0.448106121  0.203402156  1           
189:         1.000000e-09 5.499149e-01 0.196019802  0.254065282  1           
190:         1.031255e-07 4.790540e-01 0.520945932  0.000000001  1           
191:         1.000000e-09 1.000000e-09 0.385405074  0.614594924  1           
192:         1.000000e-09 1.000000e-09 0.510704871  0.489295127  1           
193:         1.000000e-09 4.523829e-01 0.107972057  0.439645048  1           
194:         6.740101e-01 1.000000e-09 0.245399923  0.080589961  1           
195:         9.826567e-02 2.322594e-01 0.537750440  0.131724512  1           
196:         2.556020e-01 3.594985e-01 0.000000001  0.384899466  1           
197:         1.000000e-09 1.000000e-09 0.000000001  0.999999997  1           
198:         1.000000e-09 1.000000e-09 0.372098820  0.627901178  1           
199:         1.000000e-09 1.000000e-09 0.000000001  0.999999997  1           
200:         3.688823e-01 3.677318e-01 0.128370050  0.135015871  1           
201:         5.639429e-01 1.000000e-09 0.436057112  0.000000001  1           
202:         3.766928e-01 1.000000e-09 0.000000001  0.623307183  1           
203:         1.000000e-09 1.000000e-09 0.999999997  0.000000001  1           
204:         1.000000e-09 1.000000e-09 0.000000001  0.999999997  1           
205:         2.790013e-01 2.222408e-01 0.216416905  0.282340941  1           
206:         1.000000e-09 1.000000e-09 0.104002934  0.895997064  1           
207:         4.491815e-01 1.000000e-09 0.019830656  0.530987862  1           
208:         1.000000e-09 1.000000e-09 0.000000001  0.999999997  1           
209:         1.000000e-09 1.000000e-09 0.000000001  0.999999997  1           
210:         1.000000e-09 1.000000e-09 0.000000001  0.999999997  1           
211:         1.000000e-09 1.000000e-09 0.151965243  0.848034755  1           
212:         1.000000e-09 5.971984e-01 0.165995162  0.236806457  1           
213:         1.000000e-09 1.000000e+00 0.000000001  0.000000001  1           
214:         6.215052e-01 1.000000e-09 0.166379465  0.212115345  1           
215:         5.084236e-01 4.645075e-02 0.445125663  0.000000001  1           
216:         1.000000e-09 1.000000e-09 0.000000001  0.999999997  1           
217:         1.000000e-09 1.000000e-09 0.575919788  0.424080210  1           
218:         1.227875e-01 4.756806e-01 0.357679217  0.043852684  1           
219:         4.805836e-01 1.000000e-09 0.000000001  0.519416351  1           
220:         5.681853e-01 1.000000e-09 0.431814659  0.000000001  1           
221:         1.000000e-09 1.000000e-09 0.999999997  0.000000001  1           
222:         1.000000e-09 1.000000e-09 0.000000001  0.999999997  1           
223:         1.000000e+00 1.000378e-09 0.000000001  0.000000001  1           
224:         3.613649e-01 2.479048e-01 0.295100975  0.095629276  1           
225:         1.000000e+00 1.000378e-09 0.000000001  0.000000001  1           
226:         1.000000e-09 1.000000e-09 0.386356814  0.613643184  1           
227:         1.000000e-09 1.000000e-09 0.601553482  0.398446516  1           
228:         1.000000e-09 1.000000e-09 0.658451225  0.341548773  1           
229:         1.000000e-09 3.638746e-01 0.000000001  0.636125408  1           
230:         3.159064e-02 4.621937e-01 0.506215647  0.000000001  1           
231:         1.000000e-09 1.995994e-01 0.768041820  0.032358797  1           
232:         1.000000e-09 1.000000e-09 0.000000001  0.999999997  1           
233:         1.000000e-09 5.398171e-01 0.000000001  0.460182921  1           
234:         5.618740e-01 2.774478e-01 0.021696720  0.138981445  1           
235:         1.000000e+00 1.000000e-09 0.000000001  0.000000001  1           
236:         1.000000e-09 1.000000e-09 0.000000001  0.999999997  1           
237:         1.000000e-09 6.680104e-01 0.000000001  0.331989613  1           
238:         4.679804e-01 1.000000e-09 0.000000001  0.532019600  1           
239:         4.851701e-01 1.677715e-01 0.000000001  0.347058420  1           
240:         9.651763e-02 1.908243e-01 0.253817964  0.458840075  1           
241:         1.000000e-09 1.000000e-09 0.000000001  0.999999997  1           
242:         1.000000e+00 1.000378e-09 0.000000001  0.000000001  1           
243:         1.000000e-09 3.192026e-01 0.000000001  0.680797373  1           
