  1:   1.0000  0.0000  0.0000  0.0000  0.0000  1
  2:   0.0000  0.0000  0.0000  0.8263  0.1737  1
  3:   0.0000  0.0000  0.0000  0.8099  0.1901  1
  4:   0.0000  0.0000  0.0000  0.7743  0.2257  1
  5:   0.0000  0.0000  0.0000  0.8401  0.1599  1
  6:   0.0000  0.4598  0.5402  0.0000  0.0000  1
  7:   0.0000  0.9582  0.0337  0.0033  0.0048  1
  8:   0.0067  0.0000  0.0274  0.3891  0.5768  1
  9:   0.0000  0.0000  0.0000  0.7733  0.2267  1
 10:   0.0000  0.0000  1.0000  0.0000  0.0000  1
 11:   0.0000  0.0000  0.0000  0.7741  0.2259  1
 12:   0.0000  0.0000  0.0000  0.7072  0.2928  1
 13:   0.0000  0.0000  0.0000  0.7561  0.2439  1
 14:   0.0000  0.3305  0.3187  0.0061  0.3447  1
 15:   0.0000  0.0000  0.0000  0.5353  0.4647  1
 16:   0.0000  0.8827  0.0877  0.0000  0.0297  1
 17:   0.0035  0.0000  0.0000  0.7672  0.2293  1
 18:   0.0000  0.0000  0.0000  0.8510  0.1490  1
 19:   0.0000  0.9150  0.0114  0.0000  0.0737  1
 20:   0.0000  0.0000  0.0000  0.6890  0.3110  1
 21:   0.0000  0.0000  0.0000  0.8108  0.1892  1
 22:   0.0000  0.0000  0.0000  0.7426  0.2574  1
 23:   0.0000  0.7585  0.2267  0.0000  0.0148  1
 24:   0.0000  0.9393  0.0607  0.0000  0.0000  1
 25:   0.0845  0.0000  0.0000  0.7287  0.1869  1
 26:   0.0000  0.0000  0.6755  0.0000  0.3245  1
 27:   0.0000  0.0000  0.0000  0.7530  0.2470  1
 28:   0.0000  0.8469  0.1531  0.0000  0.0000  1
 29:   0.0013  0.0000  0.0000  0.7818  0.2169  1
 30:   0.0000  0.0000  0.0000  0.8022  0.1978  1
 31:   0.8429  0.0125  0.0000  0.1317  0.0128  1
 32:   0.0066  0.0000  0.9392  0.0000  0.0541  1
 33:   0.0000  0.6620  0.2034  0.0595  0.0751  1
 34:   0.0000  0.0000  1.0000  0.0000  0.0000  1
 35:   0.0000  0.8604  0.0117  0.0083  0.1197  1
 36:   0.0000  0.0000  0.7000  0.0000  0.3000  1
 37:   0.0000  0.2752  0.5389  0.0415  0.1444  1
 38:   0.0000  0.0000  0.0000  0.6131  0.3869  1
 39:   0.0655  0.8048  0.0961  0.0000  0.0336  1
 40:   0.0000  0.0000  0.0384  0.3366  0.6249  1
 41:   0.0000  0.0000  0.0000  0.7300  0.2700  1
 42:   0.0000  0.0000  0.0000  0.8183  0.1817  1
 43:   0.0012  0.0128  0.0100  0.7505  0.2255  1
 44:   0.0000  0.0776  0.6481  0.0782  0.1961  1
 45:   0.0249  0.1250  0.5142  0.0050  0.3308  1
 46:   0.0000  0.0000  0.0000  0.8085  0.1915  1
 47:   0.0866  0.9036  0.0097  0.0000  0.0000  1
 48:   0.0000  0.2346  0.7602  0.0000  0.0052  1
 49:   0.0588  0.8782  0.0000  0.0000  0.0630  1
 50:   0.0000  0.4022  0.2917  0.0348  0.2712  1
 51:   0.0000  0.0000  0.0000  0.8602  0.1398  1
 52:   0.0000  0.0000  0.0000  0.6759  0.3241  1
 53:   0.0000  0.0000  0.9598  0.0000  0.0402  1
 54:   1.0000  0.0000  0.0000  0.0000  0.0000  1
 55:   0.0000  0.9597  0.0000  0.0403  0.0000  1
 56:   1.0000  0.0000  0.0000  0.0000  0.0000  1
 57:   0.0000  0.0000  1.0000  0.0000  0.0000  1
 58:   0.0000  0.2569  0.3496  0.0792  0.3142  1
 59:   0.0019  0.0000  0.0000  0.6659  0.3322  1
 60:   0.0000  0.0000  0.9494  0.0506  0.0000  1
 61:   0.0000  0.0000  1.0000  0.0000  0.0000  1
 62:   0.0000  0.0000  0.0000  0.7536  0.2464  1
 63:   0.0427  0.5159  0.4206  0.0000  0.0208  1
 64:   0.0000  0.8226  0.1723  0.0000  0.0051  1
 65:   0.1138  0.0000  0.8243  0.0000  0.0619  1
 66:   0.0000  0.0000  0.0000  0.7496  0.2504  1
 67:   0.8852  0.0000  0.0516  0.0000  0.0632  1
 68:   1.0000  0.0000  0.0000  0.0000  0.0000  1
 69:   0.0000  0.0000  1.0000  0.0000  0.0000  1
 70:   0.0000  0.0000  0.9599  0.0000  0.0401  1
 71:   0.0000  0.0038  0.0000  0.8068  0.1894  1
 72:   0.1230  0.0000  0.0000  0.7118  0.1652  1
 73:   0.0038  0.0564  0.0000  0.6881  0.2518  1
 74:   0.0297  0.0000  0.9401  0.0000  0.0303  1
 75:   0.0000  0.1514  0.7969  0.0467  0.0050  1
 76:   0.0000  0.0000  1.0000  0.0000  0.0000  1
 77:   0.0111  0.0071  0.0233  0.6934  0.2650  1
 78:   1.0000  0.0000  0.0000  0.0000  0.0000  1
 79:   0.0000  0.0000  1.0000  0.0000  0.0000  1
 80:   0.0000  0.0000  0.0000  0.6746  0.3254  1
 81:   1.0000  0.0000  0.0000  0.0000  0.0000  1
 82:   0.0000  1.0000  0.0000  0.0000  0.0000  1
 83:   0.0000  0.6784  0.1591  0.0492  0.1132  1
 84:   0.0127  0.0000  0.8407  0.0000  0.1467  1
 85:   0.0000  0.1894  0.8106  0.0000  0.0000  1
 86:   0.0000  1.0000  0.0000  0.0000  0.0000  1
 87:   0.0000  0.0000  0.1684  0.5685  0.2631  1
 88:   0.0000  0.9638  0.0000  0.0000  0.0362  1
 89:   0.0000  0.0000  1.0000  0.0000  0.0000  1
 90:   0.0000  0.0000  0.0000  0.8583  0.1417  1
 91:   0.0000  0.7592  0.2408  0.0000  0.0000  1
 92:   0.0000  0.7393  0.1850  0.0000  0.0757  1
 93:   0.9378  0.0000  0.0000  0.0000  0.0622  1
 94:   1.0000  0.0000  0.0000  0.0000  0.0000  1
 95:   0.1100  0.7384  0.0000  0.1440  0.0076  1
 96:   0.0000  0.0000  0.0000  0.6844  0.3156  1
 97:   0.0000  0.5817  0.2077  0.0531  0.1575  1
 98:   0.0000  0.3370  0.4561  0.1916  0.0153  1
 99:   0.0033  0.5479  0.0000  0.2399  0.2090  1
100:   0.2321  0.0000  0.0719  0.1542  0.5417  1
101:   0.0000  0.0000  0.0831  0.3864  0.5305  1
102:   0.0190  0.0000  0.0000  0.8511  0.1298  1
103:   0.0836  0.5775  0.2415  0.0000  0.0973  1
104:   0.2923  0.0926  0.0000  0.3627  0.2524  1
105:   0.0000  0.0910  0.0405  0.5650  0.3035  1
106:   0.0000  0.0000  0.0000  0.6870  0.3130  1
107:   0.0066  0.0000  0.0952  0.3023  0.5958  1
108:   0.0435  0.0000  0.0000  0.7475  0.2090  1
109:   0.0000  0.2923  0.7077  0.0000  0.0000  1
110:   0.0274  0.0000  0.0000  0.7773  0.1953  1
111:   0.0000  0.0085  0.0001  0.6552  0.3362  1
112:   0.0000  0.7943  0.1794  0.0000  0.0263  1
113:   0.0000  0.7046  0.0722  0.1189  0.1043  1
114:   0.0582  0.3591  0.2889  0.0629  0.2309  1
115:   0.0000  0.5723  0.3611  0.0115  0.0551  1
116:   0.1157  0.0000  0.1109  0.2955  0.4779  1
117:   0.1517  0.0000  0.0000  0.2489  0.5994  1
118:   0.0000  0.8241  0.0000  0.0000  0.1759  1
119:   0.1221  0.0000  0.0000  0.8596  0.0183  1
120:   0.2325  0.0000  0.0000  0.2995  0.4680  1
121:   0.0000  0.0000  0.0260  0.8257  0.1483  1
122:   0.0000  0.0000  0.1193  0.3931  0.4876  1
123:   0.1261  0.0000  0.0000  0.2124  0.6615  1
124:   0.0000  0.2487  0.4668  0.0000  0.2846  1
125:   0.0000  0.6898  0.1941  0.0700  0.0462  1
126:   0.0000  0.0000  0.0000  0.6585  0.3415  1
127:   0.0000  0.9634  0.0000  0.0366  0.0000  1
128:   1.0000  0.0000  0.0000  0.0000  0.0000  1
129:   0.0000  0.0000  0.0000  0.7255  0.2745  1
130:   0.8840  0.0000  0.0000  0.0633  0.0527  1
131:   0.0000  0.0000  0.0000  0.8355  0.1645  1
132:   0.0000  0.0000  0.7000  0.0000  0.3000  1
133:   0.7469  0.0000  0.0000  0.1363  0.1168  1
134:   0.7942  0.0000  0.0154  0.1239  0.0665  1
135:   0.0170  0.0000  0.0379  0.2495  0.6956  1
136:   1.0000  0.0000  0.0000  0.0000  0.0000  1
137:   0.0000  0.0000  0.0000  0.8127  0.1873  1
138:   0.0000  0.7383  0.1772  0.0000  0.0845  1
139:   0.7944  0.0203  0.0000  0.1853  0.0000  1
140:   0.1135  0.0682  0.0000  0.5765  0.2418  1
141:   0.0144  0.0000  0.9856  0.0000  0.0000  1
142:   0.8415  0.1585  0.0000  0.0000  0.0000  1
143:   0.1743  0.0000  0.0350  0.1616  0.6290  1
144:   0.9866  0.0000  0.0000  0.0134  0.0000  1
145:   0.8585  0.0000  0.0000  0.1415  0.0000  1
146:   0.1429  0.8571  0.0000  0.0000  0.0000  1
147:   0.0000  0.2932  0.5687  0.0354  0.1027  1
148:   0.8359  0.0000  0.1641  0.0000  0.0000  1
149:   0.2381  0.0000  0.0000  0.1994  0.5625  1
150:   0.0125  0.0000  0.0214  0.3249  0.6411  1
151:   0.0000  0.9160  0.0000  0.0451  0.0389  1
152:   0.0700  0.0894  0.0511  0.2673  0.5222  1
153:   0.0406  0.0000  0.0000  0.8011  0.1583  1
154:   0.1198  0.0000  0.0000  0.4354  0.4448  1
155:   0.1615  0.0252  0.0000  0.5643  0.2490  1
156:   0.2003  0.0000  0.0000  0.6519  0.1478  1
157:   0.0000  0.0000  0.0436  0.4366  0.5198  1
158:   0.0000  0.9408  0.0000  0.0380  0.0211  1
159:   0.0000  0.1801  0.0148  0.3781  0.4270  1
160:   1.0000  0.0000  0.0000  0.0000  0.0000  1
161:   0.0000  0.3138  0.3758  0.1230  0.1874  1
162:   0.0000  0.9067  0.0491  0.0141  0.0301  1
163:   0.8321  0.0000  0.0000  0.1229  0.0450  1
164:   1.0000  0.0000  0.0000  0.0000  0.0000  1
165:   0.0103  0.4241  0.1794  0.1747  0.2115  1
166:   0.0000  0.0000  0.0000  0.8401  0.1599  1
167:   0.0000  0.0000  0.2177  0.2048  0.5775  1
168:   0.1474  0.2507  0.4523  0.0000  0.1495  1
169:   0.0762  0.0000  0.0023  0.3464  0.5751  1
170:   0.0000  0.3532  0.3828  0.2640  0.0000  1
171:   0.0001  0.0000  0.3735  0.4246  0.2018  1
172:   0.0000  0.0123  0.0000  0.3995  0.5882  1
173:   0.9101  0.0000  0.0000  0.0724  0.0175  1
174:   0.0000  0.0000  0.0000  0.4536  0.5464  1
175:   0.2038  0.0000  0.0000  0.6840  0.1122  1
176:   0.1183  0.1152  0.1032  0.3580  0.3053  1
177:   1.0000  0.0000  0.0000  0.0000  0.0000  1
178:   0.1329  0.0000  0.2975  0.1339  0.4357  1
179:   0.0000  0.0000  0.0842  0.4957  0.4201  1
180:   0.0000  0.0000  0.1996  0.3113  0.4891  1
181:   0.0237  0.0000  0.0000  0.2763  0.7000  1
182:   0.0000  0.0000  0.0000  0.4424  0.5576  1
183:   1.0000  0.0000  0.0000  0.0000  0.0000  1
184:   0.3852  0.4805  0.0308  0.0915  0.0120  1
185:   0.0002  0.0000  0.0000  0.2998  0.7000  1
186:   0.0000  0.0000  0.0177  0.4701  0.5122  1
187:   0.0000  0.0000  0.9138  0.0254  0.0608  1
188:   0.2571  0.0940  0.6261  0.0000  0.0229  1
189:   0.0000  0.5761  0.1841  0.0000  0.2398  1
190:   0.1165  0.0000  0.0563  0.2234  0.6039  1
191:   1.0000  0.0000  0.0000  0.0000  0.0000  1
192:   0.0000  0.5388  0.4325  0.0000  0.0286  1
193:   0.8407  0.0000  0.0000  0.1593  0.0000  1
194:   0.0209  0.0000  0.2673  0.1433  0.5686  1
195:   0.0128  0.8344  0.1454  0.0072  0.0002  1
196:   0.0000  0.0000  0.0065  0.7823  0.2113  1
197:   0.4590  0.3728  0.0000  0.1682  0.0000  1
198:   0.0237  0.0000  0.0000  0.3447  0.6316  1
199:   0.0000  0.0140  0.2915  0.1544  0.5402  1
200:   0.0000  0.7216  0.0000  0.2784  0.0000  1
201:   0.1675  0.3415  0.0783  0.0000  0.4127  1
202:   1.0000  0.0000  0.0000  0.0000  0.0000  1
203:   1.0000  0.0000  0.0000  0.0000  0.0000  1
204:   1.0000  0.0000  0.0000  0.0000  0.0000  1
205:   0.6618  0.0000  0.0000  0.0000  0.3382  1
206:   0.0000  0.5939  0.1789  0.1545  0.0727  1
207:   0.0000  0.2617  0.0000  0.5910  0.1472  1
208:   0.6500  0.2573  0.0000  0.0927  0.0000  1
209:   0.0000  0.0000  0.0000  0.4190  0.5810  1
210:   1.0000  0.0000  0.0000  0.0000  0.0000  1
211:   0.8527  0.0000  0.1473  0.0000  0.0000  1
212:   0.0000  1.0000  0.0000  0.0000  0.0000  1
213:   1.0000  0.0000  0.0000  0.0000  0.0000  1
214:   0.0048  0.7681  0.2271  0.0000  0.0000  1
215:   0.8760  0.0000  0.0000  0.1240  0.0000  1
216:   0.0000  0.1923  0.5622  0.0000  0.2455  1
217:   0.9976  0.0000  0.0000  0.0000  0.0024  1
218:   0.0000  0.3906  0.5480  0.0000  0.0614  1
219:   0.0044  0.0000  0.4349  0.2454  0.3153  1
220:   0.6940  0.0000  0.0168  0.2719  0.0172  1
221:   1.0000  0.0000  0.0000  0.0000  0.0000  1
222:   1.0000  0.0000  0.0000  0.0000  0.0000  1
223:   0.0357  0.0000  0.0151  0.6127  0.3364  1
224:   1.0000  0.0000  0.0000  0.0000  0.0000  1
225:   1.0000  0.0000  0.0000  0.0000  0.0000  1
226:   0.9352  0.0000  0.0648  0.0000  0.0000  1
227:   0.9961  0.0039  0.0000  0.0000  0.0000  1
228:   0.0000  0.8902  0.0378  0.0194  0.0526  1
229:   0.0000  0.9298  0.0000  0.0010  0.0692  1
230:   0.3286  0.0000  0.0023  0.4559  0.2132  1
