1:           1.000000e+00 1.000000e-09 1.000000e-09 1.000000e-09 1.000000e-09 1           
2:           1.000000e-09 1.000000e-09 1.000000e-09 1.000000e+00 1.000000e-09 1           
3:           1.000000e-09 1.000000e-09 1.000000e-09 6.738142e-01 3.261858e-01 1           
4:           1.000000e-09 1.000000e-09 1.000000e-09 8.916942e-01 1.083058e-01 1           
5:           1.000000e-09 1.000000e-09 1.000000e-09 1.000000e+00 1.000000e-09 1           
6:           1.000000e-09 4.559940e-01 5.440060e-01 1.000000e-09 1.000000e-09 1           
7:           1.000000e-09 9.580096e-01 4.199036e-02 1.000000e-09 1.000000e-09 1           
8:           1.000000e-09 1.000000e-09 1.000000e-09 1.983237e-01 8.016763e-01 1           
9:           1.000000e-09 1.000000e-09 1.000000e-09 6.510297e-01 3.489703e-01 1           
10:          1.000000e-09 1.000000e-09 1.000000e+00 1.000000e-09 1.000000e-09 1           
11:          1.000000e-09 1.000000e-09 1.000000e-09 8.259841e-01 1.740159e-01 1           
12:          1.000000e-09 1.000000e-09 1.000000e-09 7.605920e-01 2.394080e-01 1           
13:          1.000000e-09 1.000000e-09 1.000000e-09 8.802165e-01 1.197835e-01 1           
14:          1.000000e-09 5.046366e-01 4.333630e-01 1.000000e-09 6.200040e-02 1           
15:          1.000000e-09 1.000000e-09 1.000000e-09 3.155137e-01 6.844863e-01 1           
16:          1.000000e-09 8.942526e-01 1.057474e-01 1.000000e-09 1.000000e-09 1           
17:          1.735403e-02 1.000000e-09 1.000000e-09 8.868885e-01 9.575751e-02 1           
18:          1.000000e-09 1.000000e-09 1.000000e-09 9.989566e-01 1.043429e-03 1           
19:          1.000000e-09 9.397612e-01 4.524433e-09 1.000000e-09 6.023882e-02 1           
20:          1.000000e-09 1.000000e-09 1.000000e-09 7.224357e-01 2.775643e-01 1           
21:          1.000000e-09 1.000000e-09 1.000000e-09 8.881767e-01 1.118233e-01 1           
22:          1.000000e-09 1.000000e-09 1.000000e-09 6.363799e-01 3.636201e-01 1           
23:          1.000000e-09 7.530386e-01 2.469614e-01 1.000000e-09 1.000000e-09 1           
24:          1.000000e-09 9.123667e-01 8.763334e-02 1.000000e-09 1.000000e-09 1           
25:          8.343852e-02 1.000000e-09 1.000000e-09 7.438883e-01 1.726732e-01 1           
26:          1.000000e-09 1.000000e-09 9.319537e-01 1.000000e-09 6.804626e-02 1           
27:          1.000000e-09 1.000000e-09 1.000000e-09 7.515121e-01 2.484879e-01 1           
28:          1.000000e-09 8.380727e-01 1.619273e-01 1.000000e-09 1.000000e-09 1           
29:          6.441611e-03 1.000000e-09 1.000000e-09 8.675184e-01 1.260399e-01 1           
30:          1.000000e-09 1.000000e-09 1.000000e-09 9.010864e-01 9.891362e-02 1           
31:          7.901464e-01 1.000000e-09 1.000000e-09 2.098536e-01 1.000000e-09 1           
32:          1.000000e-09 1.000000e-09 9.003451e-01 1.000000e-09 9.965489e-02 1           
33:          1.000000e-09 6.267578e-01 2.161000e-01 8.087848e-02 7.626370e-02 1           
34:          1.000000e-09 1.000000e-09 1.000000e+00 1.000000e-09 1.000000e-09 1           
35:          1.000000e-09 8.718603e-01 1.000000e-09 1.000000e-09 1.281397e-01 1           
36:          1.000000e-09 1.000000e-09 1.000000e+00 1.000000e-09 1.000000e-09 1           
37:          1.000000e-09 2.943413e-01 5.822832e-01 4.351313e-02 7.986230e-02 1           
38:          1.000000e-09 1.000000e-09 1.000000e-09 7.209239e-01 2.790761e-01 1           
39:          4.640925e-02 7.929227e-01 1.225874e-01 1.000000e-09 3.808062e-02 1           
40:          1.000000e-09 1.000000e-09 1.000000e-09 1.000000e-09 1.000000e+00 1           
41:          1.000000e-09 1.000000e-09 1.000000e-09 7.586161e-01 2.413838e-01 1           
42:          1.000000e-09 1.000000e-09 1.000000e-09 1.000000e+00 1.000000e-09 1           
43:          1.000000e-09 1.000000e-09 1.000000e-09 6.221526e-01 3.778474e-01 1           
44:          1.000000e-09 1.466204e-01 6.049989e-01 1.000000e-09 2.483807e-01 1           
45:          5.420051e-02 2.152580e-01 7.222620e-01 8.279447e-03 1.000000e-09 1           
46:          1.000000e-09 1.000000e-09 1.000000e-09 7.394751e-01 2.605249e-01 1           
47:          9.473769e-02 9.052623e-01 1.000000e-09 1.000000e-09 1.000000e-09 1           
48:          1.000000e-09 2.363757e-01 7.636243e-01 1.000000e-09 1.000000e-09 1           
49:          7.456257e-02 9.254372e-01 1.969918e-07 1.000000e-09 1.000000e-09 1           
50:          1.000000e-09 5.325484e-01 4.074139e-01 6.003766e-02 1.000000e-09 1           
51:          1.000000e-09 1.000000e-09 1.000000e-09 8.058865e-01 1.941135e-01 1           
52:          1.000000e-09 1.000000e-09 1.000000e-09 6.655483e-01 3.344517e-01 1           
53:          1.000000e-09 1.000000e-09 9.265325e-01 1.000000e-09 7.346749e-02 1           
54:          1.000000e+00 1.000000e-09 1.000000e-09 1.000000e-09 1.000000e-09 1           
55:          1.000000e-09 1.000000e+00 1.000000e-09 1.000000e-09 1.000000e-09 1           
56:          1.000000e+00 1.000000e-09 1.000000e-09 1.000000e-09 1.000000e-09 1           
57:          1.000000e-09 1.000000e-09 1.000000e+00 1.000000e-09 1.000000e-09 1           
58:          1.000000e-09 3.927643e-01 4.801234e-01 1.271123e-01 1.000000e-09 1           
59:          1.000000e-09 1.000000e-09 1.000000e-09 6.140013e-01 3.859987e-01 1           
60:          1.000000e-09 1.000000e-09 9.227421e-01 7.725788e-02 1.000000e-09 1           
61:          1.000000e-09 1.000000e-09 1.000000e+00 1.000000e-09 1.000000e-09 1           
62:          1.000000e-09 1.000000e-09 1.000000e-09 8.890058e-01 1.109942e-01 1           
63:          4.536695e-02 5.169325e-01 4.097099e-01 1.000000e-09 2.799067e-02 1           
64:          1.000000e-09 8.199853e-01 1.800147e-01 1.000000e-09 1.000000e-09 1           
65:          1.094908e-01 1.000000e-09 8.105682e-01 1.000000e-09 7.994104e-02 1           
66:          1.000000e-09 1.000000e-09 1.000000e-09 7.643803e-01 2.356197e-01 1           
67:          8.204699e-01 1.000000e-09 7.790971e-02 1.000000e-09 1.016204e-01 1           
68:          1.000000e+00 1.000000e-09 1.000000e-09 1.000000e-09 1.000000e-09 1           
69:          1.000000e-09 1.000000e-09 1.000000e+00 1.000000e-09 1.000000e-09 1           
70:          1.000000e-09 1.000000e-09 1.000000e+00 1.000000e-09 1.000000e-09 1           
71:          1.000000e-09 1.000000e-09 1.000000e-09 1.000000e+00 1.000000e-09 1           
72:          1.153033e-01 1.000000e-09 1.000000e-09 6.863436e-01 1.983530e-01 1           
73:          2.943282e-07 5.663927e-02 1.000000e-09 6.913920e-01 2.519684e-01 1           
74:          3.147616e-02 1.000000e-09 9.229762e-01 1.000000e-09 4.554764e-02 1           
75:          1.000000e-09 1.911227e-01 7.769723e-01 3.190493e-02 1.000000e-09 1           
76:          1.000000e-09 1.000000e-09 1.000000e+00 1.000000e-09 1.000000e-09 1           
77:          1.566993e-02 3.691301e-09 1.831720e-02 7.787810e-01 1.872319e-01 1           
78:          1.000000e+00 1.000000e-09 1.000000e-09 1.000000e-09 1.000000e-09 1           
79:          1.000000e-09 1.000000e-09 1.000000e+00 1.000000e-09 1.000000e-09 1           
80:          1.000000e-09 1.000000e-09 1.000000e-09 7.387209e-01 2.612791e-01 1           
81:          1.000000e+00 1.000000e-09 1.000000e-09 1.000000e-09 1.000000e-09 1           
82:          1.000000e-09 1.000000e+00 1.000000e-09 1.000000e-09 1.000000e-09 1           
83:          1.000000e-09 6.898598e-01 1.540033e-01 1.000000e-09 1.561369e-01 1           
84:          1.000000e-09 1.000000e-09 7.984563e-01 1.000000e-09 2.015437e-01 1           
85:          1.000000e-09 1.880744e-01 8.119256e-01 1.000000e-09 1.000000e-09 1           
86:          1.000000e-09 1.000000e+00 1.000000e-09 1.000000e-09 1.000000e-09 1           
87:          1.000000e-09 1.000000e-09 1.142810e-01 5.624195e-01 3.232995e-01 1           
88:          1.000000e-09 1.000000e+00 1.000000e-09 1.000000e-09 1.000000e-09 1           
89:          1.000000e-09 1.000000e-09 1.000000e+00 1.000000e-09 1.000000e-09 1           
90:          1.000000e-09 1.000000e-09 1.000000e-09 9.540944e-01 4.590561e-02 1           
91:          1.000000e-09 7.522638e-01 2.477362e-01 1.000000e-09 1.000000e-09 1           
92:          1.000000e-09 7.337225e-01 2.662775e-01 1.000000e-09 1.000000e-09 1           
93:          1.000000e+00 1.000000e-09 1.000000e-09 1.000000e-09 1.000000e-09 1           
94:          1.000000e+00 1.000000e-09 1.000000e-09 1.000000e-09 1.000000e-09 1           
95:          1.131291e-01 7.411476e-01 1.000000e-09 1.457234e-01 1.000000e-09 1           
96:          1.000000e-09 1.000000e-09 1.000000e-09 8.902588e-01 1.097412e-01 1           
97:          1.000000e-09 6.021035e-01 2.195407e-01 6.724282e-03 1.716314e-01 1           
98:          1.000000e-09 3.002387e-01 4.852539e-01 2.145074e-01 1.000000e-09 1           
99:          1.000000e-09 5.872257e-01 1.000000e-09 1.362326e-01 2.765418e-01 1           
100:         2.078453e-01 1.000000e-09 1.000000e-09 1.000000e-09 7.921547e-01 1           
101:         1.000000e-09 1.000000e-09 1.000000e-09 1.000000e-09 1.000000e+00 1           
102:         1.000000e-09 1.000000e-09 1.000000e-09 8.979711e-01 1.020289e-01 1           
103:         7.441324e-02 6.037784e-01 3.218084e-01 1.000000e-09 1.000000e-09 1           
104:         3.378484e-01 9.557945e-02 1.000000e-09 4.160441e-01 1.505280e-01 1           
105:         1.000000e-09 1.857601e-01 1.000139e-09 4.253521e-01 3.888878e-01 1           
106:         1.000000e-09 1.000000e-09 1.000000e-09 5.017516e-01 4.982484e-01 1           
107:         1.000000e-09 1.000000e-09 1.000000e-09 1.000000e-09 1.000000e+00 1           
108:         5.188912e-02 1.000000e-09 1.000000e-09 9.481109e-01 1.000000e-09 1           
109:         1.000000e-09 2.708126e-01 7.291874e-01 1.757240e-08 1.000000e-09 1           
110:         3.232923e-02 1.000000e-09 1.000000e-09 8.822059e-01 8.546487e-02 1           
111:         1.000000e-09 1.000000e-09 1.000000e-09 4.214931e-01 5.785069e-01 1           
112:         1.000000e-09 8.064503e-01 1.935497e-01 1.000000e-09 1.000000e-09 1           
113:         1.000000e-09 7.737087e-01 1.000000e-09 1.691165e-02 2.093796e-01 1           
114:         5.867670e-02 3.489588e-01 2.526434e-01 1.000000e-09 3.397211e-01 1           
115:         1.000000e-09 6.000275e-01 3.754900e-01 2.448255e-02 1.000000e-09 1           
116:         1.000000e-09 1.000000e-09 1.000000e-09 1.383868e-09 1.000000e+00 1           
117:         1.224367e-01 1.000000e-09 1.000000e-09 1.000000e-09 8.775633e-01 1           
118:         1.000000e-09 8.165897e-01 1.000000e-09 1.000000e-09 1.834103e-01 1           
119:         1.202098e-01 1.000000e-09 1.000000e-09 7.883063e-01 9.148398e-02 1           
120:         2.347634e-01 1.000000e-09 1.000000e-09 1.000000e-09 7.652366e-01 1           
121:         1.000000e-09 1.000000e-09 4.581204e-02 9.541825e-01 5.419086e-06 1           
122:         1.000000e-09 1.000000e-09 1.000000e-09 1.832630e-05 9.999817e-01 1           
123:         1.000000e-09 1.000000e-09 1.000000e-09 1.000000e-09 1.000000e+00 1           
124:         1.000000e-09 2.816903e-01 4.537968e-01 1.000000e-09 2.645129e-01 1           
125:         1.000000e-09 7.097024e-01 2.125939e-01 7.770375e-02 1.000000e-09 1           
126:         1.000000e-09 1.000000e-09 1.000000e-09 5.922136e-01 4.077864e-01 1           
127:         1.000000e-09 1.000000e+00 1.000000e-09 1.000000e-09 1.000000e-09 1           
128:         1.000000e+00 1.000000e-09 1.000000e-09 1.000000e-09 1.000000e-09 1           
129:         1.000000e-09 1.000000e-09 1.000000e-09 1.000000e+00 1.000000e-09 1           
130:         1.000000e+00 1.000000e-09 1.000000e-09 1.000000e-09 1.000000e-09 1           
131:         1.000000e-09 1.000000e-09 1.000000e-09 1.000000e+00 1.000000e-09 1           
132:         1.000000e-09 1.000000e-09 1.000000e+00 1.000000e-09 1.000000e-09 1           
133:         7.649284e-01 1.000000e-09 1.000000e-09 2.350716e-01 1.009159e-09 1           
134:         7.733551e-01 1.000000e-09 1.000000e-09 1.000000e-09 2.266449e-01 1           
135:         1.000000e-09 1.000000e-09 1.000000e-09 1.000000e-09 1.000000e+00 1           
136:         1.000000e+00 1.000000e-09 1.000000e-09 1.000000e-09 1.000000e-09 1           
137:         1.000000e-09 1.000000e-09 1.000000e-09 8.887254e-01 1.112746e-01 1           
138:         1.000000e-09 7.352459e-01 2.647541e-01 1.000000e-09 1.000000e-09 1           
139:         7.397565e-01 1.000000e-09 1.000000e-09 2.602435e-01 1.000000e-09 1           
140:         1.730943e-01 2.986564e-02 1.000000e-09 6.466071e-01 1.504330e-01 1           
141:         1.000000e-09 1.000000e-09 1.000000e+00 1.000000e-09 1.000000e-09 1           
142:         8.934442e-01 1.065558e-01 1.000000e-09 1.000000e-09 1.000000e-09 1           
143:         1.916550e-05 1.000000e-09 1.000000e-09 1.000000e-09 9.999808e-01 1           
144:         1.000000e+00 1.000000e-09 1.000000e-09 1.000000e-09 1.000000e-09 1           
145:         7.940327e-01 1.000000e-09 1.000000e-09 2.059673e-01 1.000000e-09 1           
146:         1.467756e-01 8.532244e-01 1.000000e-09 1.000000e-09 1.000000e-09 1           
147:         1.000000e-09 3.116218e-01 5.903141e-01 1.970420e-08 9.806409e-02 1           
148:         7.734490e-01 1.000000e-09 2.265510e-01 1.000000e-09 1.000000e-09 1           
149:         2.589372e-01 1.000000e-09 1.000000e-09 1.000000e-09 7.410628e-01 1           
150:         7.493498e-08 1.000000e-09 1.000000e-09 2.943004e-01 7.056995e-01 1           
151:         1.000000e-09 9.459480e-01 1.000000e-09 3.003222e-06 5.404901e-02 1           
152:         5.615609e-02 1.691223e-01 1.949137e-04 1.310493e-01 6.434773e-01 1           
153:         5.596735e-02 1.000000e-09 1.000000e-09 9.374605e-01 6.572179e-03 1           
154:         7.128280e-02 1.000000e-09 1.000000e-09 4.429208e-01 4.857964e-01 1           
155:         2.676737e-01 1.000000e-09 1.000000e-09 5.856534e-01 1.466730e-01 1           
156:         2.145662e-01 1.000000e-09 1.000000e-09 7.854338e-01 1.000000e-09 1           
157:         1.000000e-09 1.000000e-09 1.000000e-09 1.000000e-09 1.000000e+00 1           
158:         1.000000e-09 1.000000e+00 1.000000e-09 1.000000e-09 1.000000e-09 1           
159:         1.000000e-09 2.968227e-01 1.557289e-05 4.415772e-01 2.615845e-01 1           
160:         1.000000e+00 1.000000e-09 1.000000e-09 1.000000e-09 1.000000e-09 1           
161:         1.000000e-09 3.675534e-01 3.470843e-01 1.000000e-09 2.853622e-01 1           
162:         1.000000e-09 9.445156e-01 5.548438e-02 1.000000e-09 1.000000e-09 1           
163:         8.116700e-01 1.000000e-09 1.000000e-09 1.883300e-01 1.000000e-09 1           
164:         1.000000e+00 1.000000e-09 1.000000e-09 1.000000e-09 1.000000e-09 1           
165:         4.115976e-02 5.959034e-01 2.142599e-01 1.000000e-09 1.486769e-01 1           
166:         1.000000e-09 1.000000e-09 1.000000e-09 9.030367e-01 9.696330e-02 1           
167:         1.000000e-09 1.000000e-09 1.000000e-09 1.000000e-09 1.000000e+00 1           
168:         1.067515e-01 2.167484e-01 3.875308e-01 1.000000e-09 2.889693e-01 1           
169:         1.000000e-09 1.000000e-09 1.000000e-09 1.000000e-09 1.000000e+00 1           
170:         1.000000e-09 3.584625e-01 3.867728e-01 2.547647e-01 1.000000e-09 1           
171:         1.000000e-09 1.000000e-09 2.807198e-01 2.430974e-01 4.761827e-01 1           
172:         1.000000e-09 6.166676e-02 1.000000e-09 5.846833e-01 3.536500e-01 1           
173:         9.118903e-01 1.000000e-09 1.000000e-09 8.591486e-02 2.194793e-03 1           
174:         1.000000e-09 1.000000e-09 1.000000e-09 4.526120e-01 5.473880e-01 1           
175:         2.241495e-01 1.000000e-09 1.000000e-09 7.276633e-01 4.818721e-02 1           
176:         2.245787e-01 1.321541e-01 1.475924e-01 4.956748e-01 1.000000e-09 1           
177:         1.000000e+00 1.000000e-09 1.000000e-09 1.000000e-09 1.000000e-09 1           
178:         5.753043e-02 1.000000e-09 1.679601e-01 1.000000e-09 7.745095e-01 1           
179:         1.000000e-09 1.000000e-09 1.000000e-09 3.490120e-01 6.509880e-01 1           
180:         1.000000e-09 1.000000e-09 1.180441e-01 1.000000e-09 8.819559e-01 1           
181:         1.000000e-09 1.000000e-09 1.000000e-09 1.000000e-09 1.000000e+00 1           
182:         1.000000e-09 1.000000e-09 1.000000e-09 3.779795e-01 6.220205e-01 1           
183:         1.000000e+00 1.000000e-09 1.000000e-09 1.000000e-09 1.000000e-09 1           
184:         2.862085e-01 3.686386e-01 1.077768e-01 2.373761e-01 1.000000e-09 1           
185:         1.000000e-09 1.000000e-09 1.000000e-09 1.000000e-09 1.000000e+00 1           
186:         1.000000e-09 1.000000e-09 1.000000e-09 3.067198e-08 1.000000e+00 1           
187:         1.000000e-09 1.000000e-09 8.944237e-01 1.000000e-09 1.055763e-01 1           
188:         3.099381e-01 1.602357e-01 5.298262e-01 1.000000e-09 1.000000e-09 1           
189:         1.000000e-09 5.833367e-01 2.581189e-01 1.000000e-09 1.585444e-01 1           
190:         1.000000e-09 1.000000e-09 1.000000e-09 1.000000e-09 1.000000e+00 1           
191:         1.000000e+00 1.000000e-09 1.000000e-09 1.000000e-09 1.000000e-09 1           
192:         1.000000e-09 5.434173e-01 4.565827e-01 1.000000e-09 1.000000e-09 1           
193:         6.944003e-01 1.000000e-09 1.000000e-09 3.055997e-01 1.000000e-09 1           
194:         1.000000e-09 1.000000e-09 8.040957e-02 1.000000e-09 9.195904e-01 1           
195:         2.947403e-06 8.517046e-01 1.472366e-01 1.000000e-09 1.055898e-03 1           
196:         1.000000e-09 1.000000e-09 1.000000e-09 7.105734e-01 2.894266e-01 1           
197:         4.304927e-01 4.812231e-01 1.000000e-09 8.828412e-02 1.000000e-09 1           
198:         1.178046e-04 1.000000e-09 1.000000e-09 1.000000e-09 9.998822e-01 1           
199:         1.000000e-09 1.000000e-09 2.198270e-01 1.000000e-09 7.801730e-01 1           
200:         1.000000e-09 7.216679e-01 1.000000e-09 2.783321e-01 1.000000e-09 1           
201:         1.000000e-09 3.521733e-01 5.963498e-09 1.000000e-09 6.478267e-01 1           
202:         1.000000e+00 1.000000e-09 1.000000e-09 1.000000e-09 1.000000e-09 1           
203:         1.000000e+00 1.000000e-09 1.000000e-09 1.000000e-09 1.000000e-09 1           
204:         1.000000e+00 1.000000e-09 1.000000e-09 1.000000e-09 1.000000e-09 1           
205:         6.165491e-01 1.000000e-09 1.000000e-09 1.000000e-09 3.834509e-01 1           
206:         1.000000e-09 5.225828e-01 3.055819e-01 1.718352e-01 1.000000e-09 1           
207:         1.000000e-09 2.452214e-01 1.000000e-09 7.547786e-01 1.000000e-09 1           
208:         6.200241e-01 3.178647e-01 1.000000e-09 6.211120e-02 1.000000e-09 1           
209:         1.000000e-09 1.000000e-09 1.000000e-09 5.949735e-01 4.050265e-01 1           
210:         1.000000e+00 1.000000e-09 1.000000e-09 1.000000e-09 1.000000e-09 1           
211:         8.509718e-01 1.000000e-09 1.490282e-01 1.000000e-09 1.000000e-09 1           
212:         1.000000e-09 1.000000e+00 1.000000e-09 1.000000e-09 1.000000e-09 1           
213:         1.000000e+00 1.000000e-09 1.000000e-09 1.000000e-09 1.000000e-09 1           
214:         1.042718e-04 7.637211e-01 2.361747e-01 1.000000e-09 1.000000e-09 1           
215:         8.248139e-01 1.000000e-09 1.000000e-09 1.751861e-01 1.000000e-09 1           
216:         1.000000e-09 2.717022e-01 7.282978e-01 1.000000e-09 1.000000e-09 1           
217:         1.000000e+00 1.000000e-09 1.000000e-09 1.000000e-09 1.000000e-09 1           
218:         1.000000e-09 3.445224e-01 5.749933e-01 1.000000e-09 8.048430e-02 1           
219:         1.000000e-09 1.000000e-09 3.080177e-01 1.000000e-09 6.919823e-01 1           
220:         8.205536e-01 1.000000e-09 1.000000e-09 1.794464e-01 1.000000e-09 1           
221:         1.000000e+00 1.000000e-09 1.000000e-09 1.000000e-09 1.000000e-09 1           
222:         1.000000e+00 1.000000e-09 1.000000e-09 1.000000e-09 1.000000e-09 1           
223:         1.000000e-09 1.000000e-09 1.000000e-09 4.332440e-01 5.667560e-01 1           
224:         1.000000e+00 1.000000e-09 1.000000e-09 1.000000e-09 1.000000e-09 1           
225:         1.000000e+00 1.000000e-09 1.000000e-09 1.000000e-09 1.000000e-09 1           
226:         1.000000e+00 1.000000e-09 1.000000e-09 1.000000e-09 1.000000e-09 1           
227:         1.000000e+00 1.000000e-09 1.000000e-09 1.000000e-09 1.000000e-09 1           
228:         1.000000e-09 8.619580e-01 1.000000e-09 1.000000e-09 1.380420e-01 1           
229:         1.000000e-09 8.072040e-01 1.000000e-09 1.000000e-09 1.927960e-01 1           
230:         3.749417e-01 1.000000e-09 1.165984e-02 6.133973e-01 1.138769e-06 1           
                    
                    
1:           1.000000e+00 1.000000e-09 1.000000e-09 1.000000e-09 1.000000e-09 1           
2:           1.000000e-09 1.000000e-09 3.135442e-01 6.864557e-01 1.000000e-09 1           
3:           1.000000e-09 1.000000e-09 1.000000e-09 1.000000e+00 1.000000e-09 1           
4:           1.000000e-09 1.000000e-09 3.818429e-01 6.181571e-01 1.000000e-09 1           
5:           1.000000e-09 1.000000e-09 3.009535e-01 6.990465e-01 1.000000e-09 1           
6:           1.000000e-09 4.681000e-01 1.000000e-09 1.000000e-09 5.319000e-01 1           
7:           1.000000e-09 9.654295e-01 1.000000e-09 1.000000e-09 3.457050e-02 1           
8:           1.000000e-09 1.000000e-09 7.832774e-01 2.167226e-01 1.000000e-09 1           
9:           1.000000e-09 1.000000e-09 1.188285e-01 8.811715e-01 1.000000e-09 1           
10:          1.000000e-09 1.000000e-09 1.000000e-09 1.000000e-09 1.000000e+00 1           
11:          1.000000e-09 1.000000e-09 2.623923e-01 7.376076e-01 1.000000e-09 1           
12:          1.000000e-09 1.000000e-09 4.347942e-01 5.652058e-01 1.000000e-09 1           
13:          1.000000e-09 1.000000e-09 4.056085e-01 5.943915e-01 1.000000e-09 1           
14:          1.000000e-09 4.127914e-01 1.250218e-01 1.000000e-09 4.621867e-01 1           
15:          1.000000e-09 1.000000e-09 4.979247e-01 5.020753e-01 1.000000e-09 1           
16:          1.000000e-09 8.870457e-01 1.000000e-09 1.000000e-09 1.129543e-01 1           
17:          1.000000e-09 1.000000e-09 3.370271e-01 6.629729e-01 1.000000e-09 1           
18:          1.000000e-09 1.000000e-09 2.001171e-01 7.998829e-01 1.000000e-09 1           
19:          1.000000e-09 9.432347e-01 1.000000e-09 1.000000e-09 5.676525e-02 1           
20:          1.000000e-09 1.000000e-09 3.593311e-01 6.406689e-01 1.000000e-09 1           
21:          1.000000e-09 1.000000e-09 2.449257e-01 7.550743e-01 1.000000e-09 1           
22:          1.000000e-09 1.000000e-09 2.072947e-01 7.927053e-01 1.000000e-09 1           
23:          1.000000e-09 7.577445e-01 1.000000e-09 1.000000e-09 2.422555e-01 1           
24:          1.000000e-09 9.591178e-01 1.000000e-09 1.000000e-09 4.088223e-02 1           
25:          8.837826e-02 1.000000e-09 1.799284e-01 7.316934e-01 1.000000e-09 1           
26:          1.000000e-09 1.000000e-09 1.000000e-09 1.000000e-09 1.000000e+00 1           
27:          1.000000e-09 1.000000e-09 2.815492e-01 7.184508e-01 1.000000e-09 1           
28:          1.000000e-09 8.334964e-01 1.000000e-09 1.000000e-09 1.665036e-01 1           
29:          1.000000e-09 1.000000e-09 2.863309e-01 7.136691e-01 1.000000e-09 1           
30:          1.000000e-09 1.000000e-09 2.089468e-01 7.910532e-01 1.000000e-09 1           
31:          7.389189e-01 6.245380e-02 6.423378e-02 1.343935e-01 1.000000e-09 1           
32:          3.321597e-02 1.000000e-09 1.000000e-09 1.000000e-09 9.667840e-01 1           
33:          1.000000e-09 6.397870e-01 9.865438e-02 3.956631e-02 2.219923e-01 1           
34:          1.000000e-09 1.000000e-09 1.000000e-09 1.000000e-09 1.000000e+00 1           
35:          1.000000e-09 8.796990e-01 6.188034e-02 1.000000e-09 5.842066e-02 1           
36:          1.000000e-09 1.000000e-09 1.000000e-09 1.000000e-09 1.000000e+00 1           
37:          1.000000e-09 2.887688e-01 3.023258e-02 7.256363e-02 6.084350e-01 1           
38:          1.000000e-09 1.000000e-09 7.589195e-01 2.410805e-01 1.000000e-09 1           
39:          8.682271e-02 8.059029e-01 1.000000e-09 1.000000e-09 1.072744e-01 1           
40:          1.000000e-09 1.000000e-09 6.247171e-01 3.009342e-01 7.434875e-02 1           
41:          1.000000e-09 1.000000e-09 3.852927e-01 6.147073e-01 1.000000e-09 1           
42:          1.000000e-09 1.000000e-09 3.496007e-01 6.503993e-01 1.000000e-09 1           
43:          3.319275e-03 1.000000e-09 1.000000e-09 9.757221e-01 2.095865e-02 1           
44:          1.000000e-09 2.332480e-02 1.000000e-09 1.913808e-01 7.852944e-01 1           
45:          1.000000e-09 9.832568e-02 1.540505e-01 1.000000e-09 7.476238e-01 1           
46:          1.000000e-09 1.000000e-09 1.000000e-09 1.000000e+00 1.000000e-09 1           
47:          8.704109e-02 9.129589e-01 1.000000e-09 1.000000e-09 1.000000e-09 1           
48:          1.000000e-09 2.407924e-01 1.000000e-09 1.000000e-09 7.592075e-01 1           
49:          6.236572e-02 9.376343e-01 1.000000e-09 1.000000e-09 1.000000e-09 1           
50:          1.000000e-09 5.402629e-01 4.939372e-02 1.000000e-09 4.103434e-01 1           
51:          1.000000e-09 1.000000e-09 4.001174e-02 9.599883e-01 1.000000e-09 1           
52:          1.000000e-09 1.000000e-09 3.947221e-01 6.052779e-01 1.000000e-09 1           
53:          1.000000e-09 1.000000e-09 1.000000e-09 1.000000e-09 1.000000e+00 1           
54:          1.000000e+00 1.000000e-09 1.000000e-09 1.000000e-09 1.000000e-09 1           
55:          1.000000e-09 1.000000e+00 1.000000e-09 1.000000e-09 1.000000e-09 1           
56:          1.000000e+00 1.000000e-09 1.000000e-09 1.000000e-09 1.000000e-09 1           
57:          1.000000e-09 1.000000e-09 1.000000e-09 1.000000e-09 1.000000e+00 1           
58:          1.000000e-09 4.034191e-01 7.109178e-02 3.333903e-02 4.921501e-01 1           
59:          4.701218e-03 1.000000e-09 3.718771e-01 6.234217e-01 1.000000e-09 1           
60:          1.000000e-09 1.000000e-09 1.000000e-09 7.892928e-02 9.210707e-01 1           
61:          1.000000e-09 1.000000e-09 1.000000e-09 1.000000e-09 1.000000e+00 1           
62:          1.000000e-09 1.000000e-09 3.801691e-01 6.198309e-01 1.000000e-09 1           
63:          7.194869e-02 5.172460e-01 1.000000e-09 1.000000e-09 4.108054e-01 1           
64:          1.000000e-09 8.075232e-01 2.034493e-03 1.000000e-09 1.904423e-01 1           
65:          1.323641e-01 1.000000e-09 1.000000e-09 1.000000e-09 8.676359e-01 1           
66:          1.000000e-09 1.000000e-09 3.091972e-01 6.908028e-01 1.000000e-09 1           
67:          1.000000e+00 1.000000e-09 1.000000e-09 1.000000e-09 1.000000e-09 1           
68:          1.000000e+00 1.000000e-09 1.000000e-09 1.000000e-09 1.000000e-09 1           
69:          1.000000e-09 1.000000e-09 1.000000e-09 1.000000e-09 1.000000e+00 1           
70:          1.000000e-09 1.000000e-09 1.000000e-09 1.000000e-09 1.000000e+00 1           
71:          1.000000e-09 1.000000e-09 3.642401e-01 6.357599e-01 1.000000e-09 1           
72:          1.370272e-01 1.000000e-09 1.000000e-09 8.629728e-01 1.000000e-09 1           
73:          1.885133e-02 5.261154e-02 2.041827e-01 7.243544e-01 1.000000e-09 1           
74:          5.264850e-02 1.000000e-09 4.941711e-02 1.000000e-09 8.979344e-01 1           
75:          1.000000e-09 1.961095e-01 2.509789e-02 1.000000e-09 7.787926e-01 1           
76:          1.000000e-09 1.000000e-09 1.000000e-09 1.000000e-09 1.000000e+00 1           
77:          1.000000e-09 3.543002e-02 6.051256e-01 3.594444e-01 1.000000e-09 1           
78:          1.000000e+00 1.000000e-09 1.000000e-09 1.000000e-09 1.000000e-09 1           
79:          1.000000e-09 1.000000e-09 1.000000e-09 1.000000e-09 1.000000e+00 1           
80:          1.000000e-09 1.000000e-09 5.466609e-01 4.533391e-01 1.000000e-09 1           
81:          1.000000e+00 1.000000e-09 1.000000e-09 1.000000e-09 1.000000e-09 1           
82:          1.000000e-09 1.000000e+00 1.000000e-09 1.000000e-09 1.000000e-09 1           
83:          1.000000e-09 6.679235e-01 1.000000e-09 1.320235e-01 2.000530e-01 1           
84:          1.000000e-09 1.000000e-09 1.578470e-03 1.000000e-09 9.984215e-01 1           
85:          1.000000e-09 1.921035e-01 1.000000e-09 1.000000e-09 8.078965e-01 1           
86:          1.000000e-09 1.000000e+00 1.000000e-09 1.000000e-09 1.000000e-09 1           
87:          1.000000e-09 1.000000e-09 1.798080e-01 6.427523e-01 1.774397e-01 1           
88:          1.000000e-09 9.346352e-01 6.536485e-02 1.000000e-09 1.000000e-09 1           
89:          1.000000e-09 1.000000e-09 1.000000e-09 1.000000e-09 1.000000e+00 1           
90:          1.000000e-09 1.000000e-09 1.000000e-09 1.000000e+00 1.000000e-09 1           
91:          1.000000e-09 7.577257e-01 1.000000e-09 1.000000e-09 2.422743e-01 1           
92:          1.000000e-09 7.357864e-01 1.000000e-09 1.000000e-09 2.642136e-01 1           
93:          6.892012e-01 1.000000e-09 3.107988e-01 1.000000e-09 1.000000e-09 1           
94:          1.000000e+00 1.000000e-09 1.000000e-09 1.000000e-09 1.000000e-09 1           
95:          9.349393e-02 7.587118e-01 3.791981e-02 1.098744e-01 1.000000e-09 1           
96:          1.000000e-09 1.000000e-09 1.000000e+00 1.000000e-09 1.000000e-09 1           
97:          1.000000e-09 5.741993e-01 1.435679e-01 1.318194e-02 2.690509e-01 1           
98:          1.000000e-09 3.660153e-01 1.000000e-09 1.610401e-01 4.729446e-01 1           
99:          1.000000e-09 5.253192e-01 2.679425e-01 2.067383e-01 1.000000e-09 1           
100:         2.043243e-01 1.000000e-09 7.163986e-01 1.000000e-09 7.927713e-02 1           
101:         1.000000e-09 1.000000e-09 1.527439e-01 7.000355e-01 1.472207e-01 1           
102:         1.000000e-09 1.000000e-09 2.692619e-01 7.307381e-01 1.000000e-09 1           
103:         9.443801e-02 6.024631e-01 1.000000e-09 1.000000e-09 3.030989e-01 1           
104:         2.055868e-01 7.966041e-02 5.534243e-01 1.613285e-01 1.000000e-09 1           
105:         1.000000e-09 1.037297e-01 2.707476e-01 5.482769e-01 7.724571e-02 1           
106:         1.000000e-09 1.000000e-09 1.491270e-01 8.508730e-01 1.000000e-09 1           
107:         3.293361e-02 1.000000e-09 4.792268e-01 3.207630e-01 1.670765e-01 1           
108:         1.000000e-09 1.000000e-09 6.879001e-01 3.120999e-01 1.000000e-09 1           
109:         1.000000e-09 2.768837e-01 1.000000e-09 1.000000e-09 7.231163e-01 1           
110:         1.000000e-09 1.000000e-09 4.831856e-01 5.168144e-01 1.000000e-09 1           
111:         1.000000e-09 1.000000e-09 1.000000e-09 9.999997e-01 3.233258e-07 1           
112:         1.000000e-09 8.046187e-01 1.000000e-09 1.000000e-09 1.953813e-01 1           
113:         1.000000e-09 5.626101e-01 1.000000e-09 2.710434e-01 1.663465e-01 1           
114:         4.595753e-02 3.282763e-01 3.209998e-01 1.000000e-09 3.047664e-01 1           
115:         1.000000e-09 4.450188e-01 1.631205e-01 1.000000e-09 3.918607e-01 1           
116:         1.778081e-01 1.000000e-09 2.043645e-01 3.914085e-01 2.264189e-01 1           
117:         7.154991e-02 1.000000e-09 9.284501e-01 1.000000e-09 1.000000e-09 1           
118:         1.000000e-09 6.670987e-01 3.329012e-01 1.000000e-09 1.000000e-09 1           
119:         1.153265e-01 1.000000e-09 1.000000e-09 8.846735e-01 1.000000e-09 1           
120:         2.194891e-01 1.000000e-09 4.458414e-01 3.346695e-01 1.000000e-09 1           
121:         1.000000e-09 1.000000e-09 1.179323e-01 8.543447e-01 2.772300e-02 1           
122:         1.000000e-09 1.000000e-09 2.501698e-01 5.519918e-01 1.978384e-01 1           
123:         1.925454e-01 1.000000e-09 8.074546e-01 1.000000e-09 1.000000e-09 1           
124:         7.473792e-06 2.547700e-01 1.000000e-09 1.000000e-09 7.452225e-01 1           
125:         1.000000e-09 7.402700e-01 4.966376e-02 1.428193e-06 2.100648e-01 1           
126:         1.000000e-09 1.000000e-09 3.726705e-01 6.273295e-01 1.000000e-09 1           
127:         1.000000e-09 1.000000e+00 1.000000e-09 1.000000e-09 1.000000e-09 1           
128:         1.000000e+00 1.000000e-09 1.000000e-09 1.000000e-09 1.000000e-09 1           
129:         1.000000e-09 1.000000e-09 1.000000e+00 1.000000e-09 1.000000e-09 1           
130:         8.621054e-01 1.000000e-09 1.000000e-09 1.378946e-01 1.000000e-09 1           
131:         1.000000e-09 1.000000e-09 2.158545e-01 7.841455e-01 1.000000e-09 1           
132:         1.000000e-09 1.000000e-09 1.000000e-09 1.000000e-09 1.000000e+00 1           
133:         8.614685e-01 1.000000e-09 1.000000e-09 1.385315e-01 1.000000e-09 1           
134:         7.952304e-01 1.000000e-09 1.000000e-09 2.047696e-01 1.000000e-09 1           
135:         1.000000e-09 1.000000e-09 1.000000e+00 1.000000e-09 1.000000e-09 1           
136:         1.000000e+00 1.000000e-09 1.000000e-09 1.000000e-09 1.000000e-09 1           
137:         1.243478e-04 1.000000e-09 9.145859e-02 9.084171e-01 1.000000e-09 1           
138:         1.000000e-09 7.961303e-01 1.000000e-09 1.000000e-09 2.038697e-01 1           
139:         7.445736e-01 1.000000e-09 1.000000e-09 2.554264e-01 1.000000e-09 1           
140:         1.180414e-01 3.723686e-02 3.272829e-01 5.174389e-01 1.000000e-09 1           
141:         5.127516e-02 1.000000e-09 1.000000e-09 1.000000e-09 9.487248e-01 1           
142:         7.849109e-01 2.150891e-01 1.000000e-09 1.000000e-09 1.000000e-09 1           
143:         2.833199e-01 1.000000e-09 6.452493e-01 1.000000e-09 7.143084e-02 1           
144:         1.000000e+00 1.000000e-09 1.000000e-09 1.000000e-09 1.000000e-09 1           
145:         7.857389e-01 1.000000e-09 1.000000e-09 2.142611e-01 1.000000e-09 1           
146:         1.620948e-01 8.379052e-01 1.000000e-09 1.000000e-09 1.000000e-09 1           
147:         1.000000e-09 2.420218e-01 1.466107e-01 1.000000e-09 6.113674e-01 1           
148:         9.440570e-01 1.000000e-09 1.000000e-09 1.000000e-09 5.594299e-02 1           
149:         1.000000e-09 1.000000e-09 1.000000e+00 1.000000e-09 1.000000e-09 1           
150:         1.000000e-09 1.000000e-09 1.000000e+00 1.000000e-09 1.000000e-09 1           
151:         1.000000e-09 9.144391e-01 1.000000e-09 8.556092e-02 1.000000e-09 1           
152:         1.450338e-01 1.000000e-09 5.084087e-01 2.014590e-01 1.450984e-01 1           
153:         1.000000e-09 1.000000e-09 3.857166e-01 6.142834e-01 1.000000e-09 1           
154:         1.356974e-01 1.000000e-09 6.766564e-01 1.876462e-01 1.000000e-09 1           
155:         1.428693e-01 3.141190e-02 4.323510e-01 3.933678e-01 1.000000e-09 1           
156:         1.620224e-01 1.000000e-09 3.444596e-01 4.935180e-01 1.000000e-09 1           
157:         1.000000e-09 1.000000e-09 9.883609e-02 8.149723e-01 8.619159e-02 1           
158:         1.000000e-09 9.694082e-01 3.059183e-02 1.000000e-09 1.000000e-09 1           
159:         1.000000e-09 1.000000e-09 9.554842e-01 1.000000e-09 4.451578e-02 1           
160:         1.000000e+00 1.000000e-09 1.000000e-09 1.000000e-09 1.000000e-09 1           
161:         1.000000e-09 2.490665e-01 1.000000e-09 2.737566e-01 4.771769e-01 1           
162:         1.000000e-09 8.729552e-01 1.000000e-09 7.029549e-02 5.674931e-02 1           
163:         7.748241e-01 1.000000e-09 2.251759e-01 1.000000e-09 1.000000e-09 1           
164:         1.000000e+00 1.000000e-09 1.000000e-09 1.000000e-09 1.000000e-09 1           
165:         1.000000e-09 4.129510e-01 1.000000e-09 2.950387e-01 2.920103e-01 1           
166:         1.000000e-09 1.000000e-09 1.726140e-01 8.273860e-01 1.000000e-09 1           
167:         1.000000e-09 1.000000e-09 3.372197e-01 2.135251e-01 4.492551e-01 1           
168:         1.673514e-01 2.285270e-01 1.000000e-09 1.000000e-09 6.041216e-01 1           
169:         1.482420e-01 1.000000e-09 3.757169e-01 4.760411e-01 1.000000e-09 1           
170:         1.000000e-09 4.201827e-01 1.000000e-09 2.775949e-01 3.022224e-01 1           
171:         1.000000e-09 1.000000e-09 1.000000e-09 5.946601e-01 4.053399e-01 1           
172:         1.000000e-09 1.000000e-09 1.000000e+00 1.000000e-09 1.000000e-09 1           
173:         9.147275e-01 1.000000e-09 8.527249e-02 1.000000e-09 1.000000e-09 1           
174:         1.000000e-09 1.000000e-09 1.000000e+00 1.000000e-09 1.000000e-09 1           
175:         4.414684e-02 1.000000e-09 3.613935e-01 5.944597e-01 1.000000e-09 1           
176:         1.750625e-02 2.036926e-01 6.415312e-01 1.065362e-01 3.073382e-02 1           
177:         1.000000e+00 1.000000e-09 1.000000e-09 1.000000e-09 1.000000e-09 1           
178:         2.561707e-01 1.000000e-09 2.386891e-01 1.346600e-01 3.704802e-01 1           
179:         1.000000e-09 1.000000e-09 3.341509e-01 5.187845e-01 1.470646e-01 1           
180:         1.000000e-09 1.000000e-09 3.060249e-01 3.647824e-01 3.291927e-01 1           
181:         1.000000e-09 1.000000e-09 1.000000e+00 1.000000e-09 1.000000e-09 1           
182:         1.000000e-09 1.000000e-09 1.000000e+00 1.000000e-09 1.000000e-09 1           
183:         1.000000e+00 1.000000e-09 1.000000e-09 1.000000e-09 1.000000e-09 1           
184:         4.028798e-01 5.060353e-01 1.000000e-09 8.363438e-02 7.450535e-03 1           
185:         1.000000e-09 1.000000e-09 1.000000e+00 1.000000e-09 1.000000e-09 1           
186:         1.000000e-09 1.000000e-09 3.066859e-01 6.049388e-01 8.837527e-02 1           
187:         1.000000e-09 1.000000e-09 5.665629e-02 1.000000e-09 9.433437e-01 1           
188:         2.303435e-01 8.036454e-02 1.142505e-01 1.000000e-09 5.750415e-01 1           
189:         1.000000e-09 6.344250e-01 1.000000e-09 1.000000e-09 3.655750e-01 1           
190:         2.945140e-01 1.000000e-09 5.192085e-01 1.368091e-01 4.946833e-02 1           
191:         1.000000e+00 1.000000e-09 1.000000e-09 1.000000e-09 1.000000e-09 1           
192:         1.000000e-09 5.308996e-01 1.000000e-09 1.000000e-09 4.691004e-01 1           
193:         1.000000e+00 1.000000e-09 1.000000e-09 1.000000e-09 1.000000e-09 1           
194:         1.043479e-01 1.000000e-09 5.518501e-01 1.000000e-09 3.438020e-01 1           
195:         1.000000e-09 8.387320e-01 1.000000e-09 1.043950e-02 1.508285e-01 1           
196:         1.000000e-09 1.000000e-09 1.000000e-09 9.675984e-01 3.240157e-02 1           
197:         4.484657e-01 5.515343e-01 1.000000e-09 1.000000e-09 1.000000e-09 1           
198:         5.525220e-02 1.000000e-09 6.579000e-01 2.868478e-01 1.000000e-09 1           
199:         1.000000e-09 1.000000e-09 8.006667e-01 1.000000e-09 1.993333e-01 1           
200:         1.000000e-09 7.201014e-01 1.000000e-09 2.798986e-01 1.000000e-09 1           
201:         3.864821e-01 2.218308e-01 1.000000e-09 1.000000e-09 3.916871e-01 1           
202:         1.000000e+00 1.000000e-09 1.000000e-09 1.000000e-09 1.000000e-09 1           
203:         1.000000e+00 1.000000e-09 1.000000e-09 1.000000e-09 1.000000e-09 1           
204:         1.000000e+00 1.000000e-09 1.000000e-09 1.000000e-09 1.000000e-09 1           
