1:           2.921600e-01 7.078400e-01 1           
2:           1.000000e+00 1.000000e-09 1           
3:           1.000000e+00 1.000000e-09 1           
4:           1.000000e+00 1.000000e-09 1           
5:           8.551297e-01 1.448703e-01 1           
6:           1.000000e+00 1.000000e-09 1           
7:           9.980716e-01 1.928435e-03 1           
8:           1.000000e-09 1.000000e+00 1           
9:           9.351981e-01 6.480185e-02 1           
10:          1.000000e-09 1.000000e+00 1           
11:          1.000000e-09 1.000000e+00 1           
12:          1.000000e+00 1.000000e-09 1           
13:          9.940987e-01 5.901271e-03 1           
14:          1.000000e+00 1.000000e-09 1           
15:          1.000000e+00 1.000000e-09 1           
16:          6.608271e-01 3.391729e-01 1           
17:          1.000000e+00 1.000000e-09 1           
18:          1.000000e+00 1.000000e-09 1           
19:          8.888385e-01 1.111615e-01 1           
20:          6.756197e-01 3.243803e-01 1           
21:          8.230449e-01 1.769551e-01 1           
22:          6.640577e-01 3.359423e-01 1           
23:          3.854445e-01 6.145555e-01 1           
24:          8.783088e-01 1.216912e-01 1           
25:          1.000000e+00 1.000000e-09 1           
26:          1.000000e-09 1.000000e+00 1           
27:          5.796714e-01 4.203286e-01 1           
28:          3.802316e-01 6.197684e-01 1           
29:          4.471453e-01 5.528547e-01 1           
30:          6.498726e-01 3.501274e-01 1           
31:          8.187091e-01 1.812909e-01 1           
32:          1.000000e+00 1.000000e-09 1           
33:          6.390493e-01 3.609507e-01 1           
34:          8.659430e-01 1.340570e-01 1           
35:          1.000000e+00 1.000000e-09 1           
36:          1.000000e+00 1.000000e-09 1           
37:          1.000000e+00 1.000000e-09 1           
38:          7.361097e-01 2.638903e-01 1           
39:          5.675059e-01 4.324941e-01 1           
40:          1.000000e+00 1.000000e-09 1           
41:          1.000000e+00 1.000000e-09 1           
42:          7.923707e-01 2.076293e-01 1           
43:          2.344873e-09 1.000000e+00 1           
44:          1.149559e-01 8.850441e-01 1           
45:          1.000000e-09 1.000000e+00 1           
46:          1.275519e-07 9.999999e-01 1           
47:          1.000000e+00 1.000000e-09 1           
48:          3.506326e-01 6.493674e-01 1           
49:          1.000000e-09 1.000000e+00 1           
50:          1.000000e-09 1.000000e+00 1           
51:          1.000000e-09 1.000000e+00 1           
52:          1.000000e-09 1.000000e+00 1           
53:          1.000000e-09 1.000000e+00 1           
54:          1.000000e-09 1.000000e+00 1           
55:          4.827722e-02 9.517228e-01 1           
56:          1.000000e-09 1.000000e+00 1           
57:          1.000000e-09 1.000000e+00 1           
58:          1.000000e-09 1.000000e+00 1           
59:          1.000000e-09 1.000000e+00 1           
60:          1.000000e-09 1.000000e+00 1           
61:          1.000000e-09 1.000000e+00 1           
62:          1.000000e-09 1.000000e+00 1           
63:          1.000000e-09 1.000000e+00 1           
64:          1.000000e-09 1.000000e+00 1           
65:          8.926976e-01 1.073024e-01 1           
66:          1.000000e+00 1.000000e-09 1           
67:          1.920627e-01 8.079373e-01 1           
68:          1.000000e-09 1.000000e+00 1           
69:          1.000000e+00 1.000000e-09 1           
70:          9.275905e-01 7.240953e-02 1           
71:          1.000000e-09 1.000000e+00 1           
72:          1.000000e-09 1.000000e+00 1           
73:          1.000000e-09 1.000000e+00 1           
74:          1.000000e-09 1.000000e+00 1           
75:          1.000000e-09 1.000000e+00 1           
76:          1.000000e-09 1.000000e+00 1           
77:          1.000000e-09 1.000000e+00 1           
78:          9.808754e-02 9.019125e-01 1           
79:          1.000000e-09 1.000000e+00 1           
80:          6.456085e-01 3.543915e-01 1           
81:          1.000000e-09 1.000000e+00 1           
82:          1.000000e-09 1.000000e+00 1           
83:          1.000000e-09 1.000000e+00 1           
84:          1.000000e-09 1.000000e+00 1           
85:          1.000000e-09 1.000000e+00 1           
86:          1.000000e-09 1.000000e+00 1           
87:          1.350131e-01 8.649869e-01 1           
88:          7.771203e-01 2.228797e-01 1           
89:          1.000000e-09 1.000000e+00 1           
90:          8.853848e-01 1.146152e-01 1           
91:          7.122699e-08 9.999999e-01 1           
92:          1.000000e-09 1.000000e+00 1           
93:          1.000000e-09 1.000000e+00 1           
94:          1.000000e-09 1.000000e+00 1           
95:          1.000000e-09 1.000000e+00 1           
96:          1.000000e-09 1.000000e+00 1           
97:          1.000000e-09 1.000000e+00 1           
98:          1.000000e-09 1.000000e+00 1           
99:          1.000000e-09 1.000000e+00 1           
100:         1.000000e-09 1.000000e+00 1           
101:         2.772896e-02 9.722710e-01 1           
102:         1.000000e+00 1.000000e-09 1           
103:         5.636316e-01 4.363684e-01 1           
104:         1.000000e+00 1.000000e-09 1           
105:         1.000000e+00 1.000000e-09 1           
106:         9.999545e-01 4.554039e-05 1           
107:         1.000000e+00 4.375259e-09 1           
108:         1.000000e+00 1.000000e-09 1           
109:         1.000000e+00 1.000000e-09 1           
110:         1.000000e+00 1.000000e-09 1           
111:         1.000000e+00 1.000000e-09 1           
112:         8.861823e-01 1.138177e-01 1           
113:         1.000000e+00 1.000000e-09 1           
114:         1.000000e+00 1.000000e-09 1           
115:         1.000000e+00 1.000000e-09 1           
116:         1.000000e+00 1.000000e-09 1           
117:         1.000000e+00 1.000000e-09 1           
118:         5.141646e-01 4.858354e-01 1           
119:         9.999997e-01 3.187385e-07 1           
120:         1.000000e+00 1.000000e-09 1           
121:         7.655381e-01 2.344619e-01 1           
122:         9.637905e-01 3.620950e-02 1           
123:         6.981631e-01 3.018369e-01 1           
124:         9.000188e-01 9.998121e-02 1           
125:         1.000000e+00 1.686292e-08 1           
126:         1.000000e+00 1.000000e-09 1           
127:         1.000000e+00 1.000000e-09 1           
128:         1.000000e+00 1.000000e-09 1           
129:         1.000000e+00 1.000000e-09 1           
130:         1.000000e+00 1.000000e-09 1           
131:         1.000000e-09 1.000000e+00 1           
132:         1.000000e-09 1.000000e+00 1           
133:         1.000000e-09 1.000000e+00 1           
134:         1.000000e-09 1.000000e+00 1           
135:         1.000000e-09 1.000000e+00 1           
136:         1.000000e-09 1.000000e+00 1           
137:         1.000000e-09 1.000000e+00 1           
138:         1.000000e-09 1.000000e+00 1           
139:         1.000000e-09 1.000000e+00 1           
140:         5.590167e-03 9.944098e-01 1           
141:         1.000000e-09 1.000000e+00 1           
142:         3.745817e-01 6.254183e-01 1           
143:         1.616361e-01 8.383639e-01 1           
144:         1.000000e-09 1.000000e+00 1           
145:         1.243989e-09 1.000000e+00 1           
146:         1.000000e-09 1.000000e+00 1           
147:         1.000000e-09 1.000000e+00 1           
148:         1.000000e-09 1.000000e+00 1           
149:         1.000000e-09 1.000000e+00 1           
150:         3.201235e-01 6.798765e-01 1           
151:         3.521580e-01 6.478420e-01 1           
152:         1.000000e-09 1.000000e+00 1           
153:         1.000000e-09 1.000000e+00 1           
154:         1.000000e-09 1.000000e+00 1           
155:         1.000000e-09 1.000000e+00 1           
156:         1.675986e-01 8.324014e-01 1           
157:         1.527364e-01 8.472636e-01 1           
158:         1.000000e-09 1.000000e+00 1           
159:         4.305678e-01 5.694322e-01 1           
160:         1.000000e-09 1.000000e+00 1           
161:         1.000000e-09 1.000000e+00 1           
162:         1.000000e-09 1.000000e+00 1           
163:         3.375241e-04 9.996625e-01 1           
164:         1.000000e-09 1.000000e+00 1           
165:         2.304227e-01 7.695773e-01 1           
166:         1.000000e-09 1.000000e+00 1           
167:         1.000000e-09 1.000000e+00 1           
168:         1.000000e-09 1.000000e+00 1           
169:         1.000000e-09 1.000000e+00 1           
170:         7.961804e-02 9.203820e-01 1           
171:         1.000000e-09 1.000000e+00 1           
172:         1.000000e-09 1.000000e+00 1           
173:         1.000000e-09 1.000000e+00 1           
174:         1.000000e-09 1.000000e+00 1           
175:         1.000000e-09 1.000000e+00 1           
176:         1.000000e-09 1.000000e+00 1           
177:         1.000000e-09 1.000000e+00 1           
178:         1.000000e-09 1.000000e+00 1           
179:         1.000000e-09 1.000000e+00 1           
180:         1.000000e-09 1.000000e+00 1           
181:         1.000000e+00 1.047002e-08 1           
           
           
1:           2.921600e-01 7.078400e-01 1           
2:           1.000000e+00 1.000000e-09 1           
3:           1.000000e+00 1.000000e-09 1           
4:           1.000000e+00 1.000000e-09 1           
5:           8.551297e-01 1.448703e-01 1           
6:           1.000000e+00 1.000000e-09 1           
7:           9.980716e-01 1.928435e-03 1           
8:           1.000000e-09 1.000000e+00 1           
9:           9.351981e-01 6.480185e-02 1           
10:          1.000000e-09 1.000000e+00 1           
11:          1.000000e-09 1.000000e+00 1           
12:          1.000000e+00 1.000000e-09 1           
13:          9.940987e-01 5.901271e-03 1           
14:          1.000000e+00 1.000000e-09 1           
15:          1.000000e+00 1.000000e-09 1           
16:          6.608271e-01 3.391729e-01 1           
17:          1.000000e+00 1.000000e-09 1           
18:          1.000000e+00 1.000000e-09 1           
19:          8.888385e-01 1.111615e-01 1           
20:          6.756197e-01 3.243803e-01 1           
21:          8.230449e-01 1.769551e-01 1           
22:          6.640577e-01 3.359423e-01 1           
23:          3.854445e-01 6.145555e-01 1           
24:          8.783088e-01 1.216912e-01 1           
25:          1.000000e+00 1.000000e-09 1           
26:          1.000000e-09 1.000000e+00 1           
27:          5.796714e-01 4.203286e-01 1           
28:          3.802316e-01 6.197684e-01 1           
29:          4.471453e-01 5.528547e-01 1           
30:          6.498726e-01 3.501274e-01 1           
31:          8.187091e-01 1.812909e-01 1           
32:          1.000000e+00 1.000000e-09 1           
33:          6.390493e-01 3.609507e-01 1           
34:          8.659430e-01 1.340570e-01 1           
35:          1.000000e+00 1.000000e-09 1           
36:          1.000000e+00 1.000000e-09 1           
37:          1.000000e+00 1.000000e-09 1           
38:          7.361097e-01 2.638903e-01 1           
39:          5.675059e-01 4.324941e-01 1           
40:          1.000000e+00 1.000000e-09 1           
41:          1.000000e+00 1.000000e-09 1           
42:          7.923707e-01 2.076293e-01 1           
43:          2.344873e-09 1.000000e+00 1           
44:          1.149559e-01 8.850441e-01 1           
45:          1.000000e-09 1.000000e+00 1           
46:          1.275519e-07 9.999999e-01 1           
47:          1.000000e+00 1.000000e-09 1           
48:          3.506326e-01 6.493674e-01 1           
49:          1.000000e-09 1.000000e+00 1           
50:          1.000000e-09 1.000000e+00 1           
51:          1.000000e-09 1.000000e+00 1           
52:          1.000000e-09 1.000000e+00 1           
53:          1.000000e-09 1.000000e+00 1           
54:          1.000000e-09 1.000000e+00 1           
55:          4.827722e-02 9.517228e-01 1           
56:          1.000000e-09 1.000000e+00 1           
57:          1.000000e-09 1.000000e+00 1           
58:          1.000000e-09 1.000000e+00 1           
59:          1.000000e-09 1.000000e+00 1           
60:          1.000000e-09 1.000000e+00 1           
61:          1.000000e-09 1.000000e+00 1           
62:          1.000000e-09 1.000000e+00 1           
63:          1.000000e-09 1.000000e+00 1           
64:          1.000000e-09 1.000000e+00 1           
65:          8.926976e-01 1.073024e-01 1           
66:          1.000000e+00 1.000000e-09 1           
67:          1.920627e-01 8.079373e-01 1           
68:          1.000000e-09 1.000000e+00 1           
69:          1.000000e+00 1.000000e-09 1           
70:          9.275905e-01 7.240953e-02 1           
71:          1.000000e-09 1.000000e+00 1           
72:          1.000000e-09 1.000000e+00 1           
73:          1.000000e-09 1.000000e+00 1           
74:          1.000000e-09 1.000000e+00 1           
75:          1.000000e-09 1.000000e+00 1           
76:          1.000000e-09 1.000000e+00 1           
77:          1.000000e-09 1.000000e+00 1           
78:          9.808754e-02 9.019125e-01 1           
79:          1.000000e-09 1.000000e+00 1           
80:          6.456085e-01 3.543915e-01 1           
81:          1.000000e-09 1.000000e+00 1           
82:          1.000000e-09 1.000000e+00 1           
83:          1.000000e-09 1.000000e+00 1           
84:          1.000000e-09 1.000000e+00 1           
85:          1.000000e-09 1.000000e+00 1           
86:          1.000000e-09 1.000000e+00 1           
87:          1.350131e-01 8.649869e-01 1           
88:          7.771203e-01 2.228797e-01 1           
89:          1.000000e-09 1.000000e+00 1           
90:          8.853848e-01 1.146152e-01 1           
91:          7.122699e-08 9.999999e-01 1           
92:          1.000000e-09 1.000000e+00 1           
93:          1.000000e-09 1.000000e+00 1           
94:          1.000000e-09 1.000000e+00 1           
95:          1.000000e-09 1.000000e+00 1           
96:          1.000000e-09 1.000000e+00 1           
97:          1.000000e-09 1.000000e+00 1           
98:          1.000000e-09 1.000000e+00 1           
99:          1.000000e-09 1.000000e+00 1           
100:         1.000000e-09 1.000000e+00 1           
101:         2.772896e-02 9.722710e-01 1           
102:         1.000000e+00 1.000000e-09 1           
103:         5.636316e-01 4.363684e-01 1           
104:         1.000000e+00 1.000000e-09 1           
105:         1.000000e+00 1.000000e-09 1           
106:         9.999545e-01 4.554039e-05 1           
107:         1.000000e+00 4.375259e-09 1           
108:         1.000000e+00 1.000000e-09 1           
109:         1.000000e+00 1.000000e-09 1           
110:         1.000000e+00 1.000000e-09 1           
111:         1.000000e+00 1.000000e-09 1           
112:         8.861823e-01 1.138177e-01 1           
113:         1.000000e+00 1.000000e-09 1           
114:         1.000000e+00 1.000000e-09 1           
115:         1.000000e+00 1.000000e-09 1           
116:         1.000000e+00 1.000000e-09 1           
117:         1.000000e+00 1.000000e-09 1           
118:         5.141646e-01 4.858354e-01 1           
119:         9.999997e-01 3.187385e-07 1           
120:         1.000000e+00 1.000000e-09 1           
121:         7.655381e-01 2.344619e-01 1           
122:         9.637905e-01 3.620950e-02 1           
123:         6.981631e-01 3.018369e-01 1           
124:         9.000188e-01 9.998121e-02 1           
125:         1.000000e+00 1.686292e-08 1           
126:         1.000000e+00 1.000000e-09 1           
127:         1.000000e+00 1.000000e-09 1           
128:         1.000000e+00 1.000000e-09 1           
129:         1.000000e+00 1.000000e-09 1           
130:         1.000000e+00 1.000000e-09 1           
131:         1.000000e-09 1.000000e+00 1           
132:         1.000000e-09 1.000000e+00 1           
133:         1.000000e-09 1.000000e+00 1           
134:         1.000000e-09 1.000000e+00 1           
135:         1.000000e-09 1.000000e+00 1           
136:         1.000000e-09 1.000000e+00 1           
137:         1.000000e-09 1.000000e+00 1           
138:         1.000000e-09 1.000000e+00 1           
139:         1.000000e-09 1.000000e+00 1           
140:         5.590167e-03 9.944098e-01 1           
141:         1.000000e-09 1.000000e+00 1           
142:         3.745817e-01 6.254183e-01 1           
143:         1.616361e-01 8.383639e-01 1           
144:         1.000000e-09 1.000000e+00 1           
145:         1.243989e-09 1.000000e+00 1           
146:         1.000000e-09 1.000000e+00 1           
147:         1.000000e-09 1.000000e+00 1           
148:         1.000000e-09 1.000000e+00 1           
149:         1.000000e-09 1.000000e+00 1           
150:         3.201235e-01 6.798765e-01 1           
151:         3.521580e-01 6.478420e-01 1           
152:         1.000000e-09 1.000000e+00 1           
153:         1.000000e-09 1.000000e+00 1           
154:         1.000000e-09 1.000000e+00 1           
155:         1.000000e-09 1.000000e+00 1           
156:         1.675986e-01 8.324014e-01 1           
157:         1.527364e-01 8.472636e-01 1           
158:         1.000000e-09 1.000000e+00 1           
159:         4.305678e-01 5.694322e-01 1           
160:         1.000000e-09 1.000000e+00 1           
161:         1.000000e-09 1.000000e+00 1           
162:         1.000000e-09 1.000000e+00 1           
163:         3.375241e-04 9.996625e-01 1           
164:         1.000000e-09 1.000000e+00 1           
165:         2.304227e-01 7.695773e-01 1           
166:         1.000000e-09 1.000000e+00 1           
167:         1.000000e-09 1.000000e+00 1           
168:         1.000000e-09 1.000000e+00 1           
169:         1.000000e-09 1.000000e+00 1           
170:         7.961804e-02 9.203820e-01 1           
171:         1.000000e-09 1.000000e+00 1           
172:         1.000000e-09 1.000000e+00 1           
173:         1.000000e-09 1.000000e+00 1           
174:         1.000000e-09 1.000000e+00 1           
175:         1.000000e-09 1.000000e+00 1           
176:         1.000000e-09 1.000000e+00 1           
177:         1.000000e-09 1.000000e+00 1           
178:         1.000000e-09 1.000000e+00 1           
179:         1.000000e-09 1.000000e+00 1           
180:         1.000000e-09 1.000000e+00 1           
181:         1.000000e+00 1.047002e-08 1           
           
           
1:           2.921600e-01 7.078400e-01 1           
2:           1.000000e+00 1.000000e-09 1           
3:           1.000000e+00 1.000000e-09 1           
4:           1.000000e+00 1.000000e-09 1           
5:           8.551297e-01 1.448703e-01 1           
6:           1.000000e+00 1.000000e-09 1           
7:           9.980716e-01 1.928435e-03 1           
8:           1.000000e-09 1.000000e+00 1           
9:           9.351981e-01 6.480185e-02 1           
10:          1.000000e-09 1.000000e+00 1           
11:          1.000000e-09 1.000000e+00 1           
12:          1.000000e+00 1.000000e-09 1           
13:          9.940987e-01 5.901271e-03 1           
14:          1.000000e+00 1.000000e-09 1           
15:          1.000000e+00 1.000000e-09 1           
16:          6.608271e-01 3.391729e-01 1           
17:          1.000000e+00 1.000000e-09 1           
18:          1.000000e+00 1.000000e-09 1           
19:          8.888385e-01 1.111615e-01 1           
20:          6.756197e-01 3.243803e-01 1           
21:          8.230449e-01 1.769551e-01 1           
22:          6.640577e-01 3.359423e-01 1           
23:          3.854445e-01 6.145555e-01 1           
24:          8.783088e-01 1.216912e-01 1           
25:          1.000000e+00 1.000000e-09 1           
26:          1.000000e-09 1.000000e+00 1           
27:          5.796714e-01 4.203286e-01 1           
28:          3.802316e-01 6.197684e-01 1           
29:          4.471453e-01 5.528547e-01 1           
30:          6.498726e-01 3.501274e-01 1           
31:          8.187091e-01 1.812909e-01 1           
32:          1.000000e+00 1.000000e-09 1           
33:          6.390493e-01 3.609507e-01 1           
34:          8.659430e-01 1.340570e-01 1           
35:          1.000000e+00 1.000000e-09 1           
36:          1.000000e+00 1.000000e-09 1           
37:          1.000000e+00 1.000000e-09 1           
38:          7.361097e-01 2.638903e-01 1           
39:          5.675059e-01 4.324941e-01 1           
40:          1.000000e+00 1.000000e-09 1           
41:          1.000000e+00 1.000000e-09 1           
42:          7.923707e-01 2.076293e-01 1           
43:          2.344873e-09 1.000000e+00 1           
44:          1.149559e-01 8.850441e-01 1           
45:          1.000000e-09 1.000000e+00 1           
46:          1.275519e-07 9.999999e-01 1           
47:          1.000000e+00 1.000000e-09 1           
48:          3.506326e-01 6.493674e-01 1           
49:          1.000000e-09 1.000000e+00 1           
50:          1.000000e-09 1.000000e+00 1           
51:          1.000000e-09 1.000000e+00 1           
52:          1.000000e-09 1.000000e+00 1           
53:          1.000000e-09 1.000000e+00 1           
54:          1.000000e-09 1.000000e+00 1           
55:          4.827722e-02 9.517228e-01 1           
56:          1.000000e-09 1.000000e+00 1           
57:          1.000000e-09 1.000000e+00 1           
58:          1.000000e-09 1.000000e+00 1           
59:          1.000000e-09 1.000000e+00 1           
60:          1.000000e-09 1.000000e+00 1           
61:          1.000000e-09 1.000000e+00 1           
62:          1.000000e-09 1.000000e+00 1           
63:          1.000000e-09 1.000000e+00 1           
64:          1.000000e-09 1.000000e+00 1           
65:          8.926976e-01 1.073024e-01 1           
66:          1.000000e+00 1.000000e-09 1           
67:          1.920627e-01 8.079373e-01 1           
68:          1.000000e-09 1.000000e+00 1           
69:          1.000000e+00 1.000000e-09 1           
70:          9.275905e-01 7.240953e-02 1           
71:          1.000000e-09 1.000000e+00 1           
72:          1.000000e-09 1.000000e+00 1           
73:          1.000000e-09 1.000000e+00 1           
74:          1.000000e-09 1.000000e+00 1           
75:          1.000000e-09 1.000000e+00 1           
76:          1.000000e-09 1.000000e+00 1           
77:          1.000000e-09 1.000000e+00 1           
78:          9.808754e-02 9.019125e-01 1           
79:          1.000000e-09 1.000000e+00 1           
80:          6.456085e-01 3.543915e-01 1           
81:          1.000000e-09 1.000000e+00 1           
82:          1.000000e-09 1.000000e+00 1           
83:          1.000000e-09 1.000000e+00 1           
84:          1.000000e-09 1.000000e+00 1           
85:          1.000000e-09 1.000000e+00 1           
86:          1.000000e-09 1.000000e+00 1           
87:          1.350131e-01 8.649869e-01 1           
88:          7.771203e-01 2.228797e-01 1           
89:          1.000000e-09 1.000000e+00 1           
90:          8.853848e-01 1.146152e-01 1           
91:          7.122699e-08 9.999999e-01 1           
92:          1.000000e-09 1.000000e+00 1           
93:          1.000000e-09 1.000000e+00 1           
94:          1.000000e-09 1.000000e+00 1           
95:          1.000000e-09 1.000000e+00 1           
96:          1.000000e-09 1.000000e+00 1           
97:          1.000000e-09 1.000000e+00 1           
98:          1.000000e-09 1.000000e+00 1           
99:          1.000000e-09 1.000000e+00 1           
100:         1.000000e-09 1.000000e+00 1           
101:         2.772896e-02 9.722710e-01 1           
102:         1.000000e+00 1.000000e-09 1           
103:         5.636316e-01 4.363684e-01 1           
104:         1.000000e+00 1.000000e-09 1           
105:         1.000000e+00 1.000000e-09 1           
106:         9.999545e-01 4.554039e-05 1           
107:         1.000000e+00 4.375259e-09 1           
108:         1.000000e+00 1.000000e-09 1           
109:         1.000000e+00 1.000000e-09 1           
110:         1.000000e+00 1.000000e-09 1           
111:         1.000000e+00 1.000000e-09 1           
112:         8.861823e-01 1.138177e-01 1           
113:         1.000000e+00 1.000000e-09 1           
114:         1.000000e+00 1.000000e-09 1           
115:         1.000000e+00 1.000000e-09 1           
116:         1.000000e+00 1.000000e-09 1           
117:         1.000000e+00 1.000000e-09 1           
118:         5.141646e-01 4.858354e-01 1           
119:         9.999997e-01 3.187385e-07 1           
120:         1.000000e+00 1.000000e-09 1           
121:         7.655381e-01 2.344619e-01 1           
122:         9.637905e-01 3.620950e-02 1           
123:         6.981631e-01 3.018369e-01 1           
124:         9.000188e-01 9.998121e-02 1           
125:         1.000000e+00 1.686292e-08 1           
126:         1.000000e+00 1.000000e-09 1           
127:         1.000000e+00 1.000000e-09 1           
128:         1.000000e+00 1.000000e-09 1           
129:         1.000000e+00 1.000000e-09 1           
130:         1.000000e+00 1.000000e-09 1           
131:         1.000000e-09 1.000000e+00 1           
132:         1.000000e-09 1.000000e+00 1           
133:         1.000000e-09 1.000000e+00 1           
134:         1.000000e-09 1.000000e+00 1           
135:         1.000000e-09 1.000000e+00 1           
136:         1.000000e-09 1.000000e+00 1           
137:         1.000000e-09 1.000000e+00 1           
138:         1.000000e-09 1.000000e+00 1           
139:         1.000000e-09 1.000000e+00 1           
140:         5.590167e-03 9.944098e-01 1           
141:         1.000000e-09 1.000000e+00 1           
142:         3.745817e-01 6.254183e-01 1           
143:         1.616361e-01 8.383639e-01 1           
144:         1.000000e-09 1.000000e+00 1           
145:         1.243989e-09 1.000000e+00 1           
146:         1.000000e-09 1.000000e+00 1           
147:         1.000000e-09 1.000000e+00 1           
148:         1.000000e-09 1.000000e+00 1           
149:         1.000000e-09 1.000000e+00 1           
150:         3.201235e-01 6.798765e-01 1           
151:         3.521580e-01 6.478420e-01 1           
152:         1.000000e-09 1.000000e+00 1           
153:         1.000000e-09 1.000000e+00 1           
154:         1.000000e-09 1.000000e+00 1           
155:         1.000000e-09 1.000000e+00 1           
156:         1.675986e-01 8.324014e-01 1           
157:         1.527364e-01 8.472636e-01 1           
158:         1.000000e-09 1.000000e+00 1           
159:         4.305678e-01 5.694322e-01 1           
160:         1.000000e-09 1.000000e+00 1           
161:         1.000000e-09 1.000000e+00 1           
162:         1.000000e-09 1.000000e+00 1           
163:         3.375241e-04 9.996625e-01 1           
164:         1.000000e-09 1.000000e+00 1           
165:         2.304227e-01 7.695773e-01 1           
166:         1.000000e-09 1.000000e+00 1           
167:         1.000000e-09 1.000000e+00 1           
168:         1.000000e-09 1.000000e+00 1           
169:         1.000000e-09 1.000000e+00 1           
170:         7.961804e-02 9.203820e-01 1           
171:         1.000000e-09 1.000000e+00 1           
172:         1.000000e-09 1.000000e+00 1           
173:         1.000000e-09 1.000000e+00 1           
174:         1.000000e-09 1.000000e+00 1           
175:         1.000000e-09 1.000000e+00 1           
176:         1.000000e-09 1.000000e+00 1           
177:         1.000000e-09 1.000000e+00 1           
178:         1.000000e-09 1.000000e+00 1           
179:         1.000000e-09 1.000000e+00 1           
180:         1.000000e-09 1.000000e+00 1           
181:         1.000000e+00 1.047002e-08 1           
           
           
1:           2.921600e-01 7.078400e-01 1           
2:           1.000000e+00 1.000000e-09 1           
3:           1.000000e+00 1.000000e-09 1           
4:           1.000000e+00 1.000000e-09 1           
5:           8.551297e-01 1.448703e-01 1           
6:           1.000000e+00 1.000000e-09 1           
7:           9.980716e-01 1.928435e-03 1           
8:           1.000000e-09 1.000000e+00 1           
9:           9.351981e-01 6.480185e-02 1           
10:          1.000000e-09 1.000000e+00 1           
11:          1.000000e-09 1.000000e+00 1           
12:          1.000000e+00 1.000000e-09 1           
13:          9.940987e-01 5.901271e-03 1           
14:          1.000000e+00 1.000000e-09 1           
15:          1.000000e+00 1.000000e-09 1           
16:          6.608271e-01 3.391729e-01 1           
17:          1.000000e+00 1.000000e-09 1           
18:          1.000000e+00 1.000000e-09 1           
19:          8.888385e-01 1.111615e-01 1           
20:          6.756197e-01 3.243803e-01 1           
21:          8.230449e-01 1.769551e-01 1           
22:          6.640577e-01 3.359423e-01 1           
23:          3.854445e-01 6.145555e-01 1           
24:          8.783088e-01 1.216912e-01 1           
25:          1.000000e+00 1.000000e-09 1           
26:          1.000000e-09 1.000000e+00 1           
27:          5.796714e-01 4.203286e-01 1           
28:          3.802316e-01 6.197684e-01 1           
29:          4.471453e-01 5.528547e-01 1           
30:          6.498726e-01 3.501274e-01 1           
31:          8.187091e-01 1.812909e-01 1           
32:          1.000000e+00 1.000000e-09 1           
33:          6.390493e-01 3.609507e-01 1           
34:          8.659430e-01 1.340570e-01 1           
35:          1.000000e+00 1.000000e-09 1           
36:          1.000000e+00 1.000000e-09 1           
37:          1.000000e+00 1.000000e-09 1           
38:          7.361097e-01 2.638903e-01 1           
39:          5.675059e-01 4.324941e-01 1           
40:          1.000000e+00 1.000000e-09 1           
41:          1.000000e+00 1.000000e-09 1           
42:          7.923707e-01 2.076293e-01 1           
43:          2.344873e-09 1.000000e+00 1           
44:          1.149559e-01 8.850441e-01 1           
45:          1.000000e-09 1.000000e+00 1           
46:          1.275519e-07 9.999999e-01 1           
47:          1.000000e+00 1.000000e-09 1           
48:          3.506326e-01 6.493674e-01 1           
49:          1.000000e-09 1.000000e+00 1           
50:          1.000000e-09 1.000000e+00 1           
51:          1.000000e-09 1.000000e+00 1           
52:          1.000000e-09 1.000000e+00 1           
53:          1.000000e-09 1.000000e+00 1           
54:          1.000000e-09 1.000000e+00 1           
55:          4.827722e-02 9.517228e-01 1           
56:          1.000000e-09 1.000000e+00 1           
57:          1.000000e-09 1.000000e+00 1           
58:          1.000000e-09 1.000000e+00 1           
59:          1.000000e-09 1.000000e+00 1           
60:          1.000000e-09 1.000000e+00 1           
61:          1.000000e-09 1.000000e+00 1           
62:          1.000000e-09 1.000000e+00 1           
63:          1.000000e-09 1.000000e+00 1           
64:          1.000000e-09 1.000000e+00 1           
65:          8.926976e-01 1.073024e-01 1           
66:          1.000000e+00 1.000000e-09 1           
67:          1.920627e-01 8.079373e-01 1           
68:          1.000000e-09 1.000000e+00 1           
69:          1.000000e+00 1.000000e-09 1           
70:          9.275905e-01 7.240953e-02 1           
71:          1.000000e-09 1.000000e+00 1           
72:          1.000000e-09 1.000000e+00 1           
73:          1.000000e-09 1.000000e+00 1           
74:          1.000000e-09 1.000000e+00 1           
75:          1.000000e-09 1.000000e+00 1           
76:          1.000000e-09 1.000000e+00 1           
77:          1.000000e-09 1.000000e+00 1           
78:          9.808754e-02 9.019125e-01 1           
79:          1.000000e-09 1.000000e+00 1           
80:          6.456085e-01 3.543915e-01 1           
81:          1.000000e-09 1.000000e+00 1           
82:          1.000000e-09 1.000000e+00 1           
83:          1.000000e-09 1.000000e+00 1           
84:          1.000000e-09 1.000000e+00 1           
85:          1.000000e-09 1.000000e+00 1           
86:          1.000000e-09 1.000000e+00 1           
87:          1.350131e-01 8.649869e-01 1           
88:          7.771203e-01 2.228797e-01 1           
89:          1.000000e-09 1.000000e+00 1           
90:          8.853848e-01 1.146152e-01 1           
91:          7.122699e-08 9.999999e-01 1           
92:          1.000000e-09 1.000000e+00 1           
93:          1.000000e-09 1.000000e+00 1           
94:          1.000000e-09 1.000000e+00 1           
95:          1.000000e-09 1.000000e+00 1           
96:          1.000000e-09 1.000000e+00 1           
97:          1.000000e-09 1.000000e+00 1           
98:          1.000000e-09 1.000000e+00 1           
99:          1.000000e-09 1.000000e+00 1           
100:         1.000000e-09 1.000000e+00 1           
101:         2.772896e-02 9.722710e-01 1           
102:         1.000000e+00 1.000000e-09 1           
103:         5.636316e-01 4.363684e-01 1           
104:         1.000000e+00 1.000000e-09 1           
105:         1.000000e+00 1.000000e-09 1           
106:         9.999545e-01 4.554039e-05 1           
107:         1.000000e+00 4.375259e-09 1           
108:         1.000000e+00 1.000000e-09 1           
109:         1.000000e+00 1.000000e-09 1           
110:         1.000000e+00 1.000000e-09 1           
111:         1.000000e+00 1.000000e-09 1           
112:         8.861823e-01 1.138177e-01 1           
113:         1.000000e+00 1.000000e-09 1           
114:         1.000000e+00 1.000000e-09 1           
115:         1.000000e+00 1.000000e-09 1           
116:         1.000000e+00 1.000000e-09 1           
117:         1.000000e+00 1.000000e-09 1           
118:         5.141646e-01 4.858354e-01 1           
119:         9.999997e-01 3.187385e-07 1           
120:         1.000000e+00 1.000000e-09 1           
121:         7.655381e-01 2.344619e-01 1           
122:         9.637905e-01 3.620950e-02 1           
123:         6.981631e-01 3.018369e-01 1           
124:         9.000188e-01 9.998121e-02 1           
125:         1.000000e+00 1.686292e-08 1           
126:         1.000000e+00 1.000000e-09 1           
127:         1.000000e+00 1.000000e-09 1           
128:         1.000000e+00 1.000000e-09 1           
129:         1.000000e+00 1.000000e-09 1           
130:         1.000000e+00 1.000000e-09 1           
131:         1.000000e-09 1.000000e+00 1           
132:         1.000000e-09 1.000000e+00 1           
133:         1.000000e-09 1.000000e+00 1           
134:         1.000000e-09 1.000000e+00 1           
135:         1.000000e-09 1.000000e+00 1           
136:         1.000000e-09 1.000000e+00 1           
137:         1.000000e-09 1.000000e+00 1           
138:         1.000000e-09 1.000000e+00 1           
139:         1.000000e-09 1.000000e+00 1           
140:         5.590167e-03 9.944098e-01 1           
141:         1.000000e-09 1.000000e+00 1           
142:         3.745817e-01 6.254183e-01 1           
143:         1.616361e-01 8.383639e-01 1           
144:         1.000000e-09 1.000000e+00 1           
145:         1.243989e-09 1.000000e+00 1           
146:         1.000000e-09 1.000000e+00 1           
147:         1.000000e-09 1.000000e+00 1           
148:         1.000000e-09 1.000000e+00 1           
149:         1.000000e-09 1.000000e+00 1           
150:         3.201235e-01 6.798765e-01 1           
151:         3.521580e-01 6.478420e-01 1           
152:         1.000000e-09 1.000000e+00 1           
153:         1.000000e-09 1.000000e+00 1           
154:         1.000000e-09 1.000000e+00 1           
155:         1.000000e-09 1.000000e+00 1           
156:         1.675986e-01 8.324014e-01 1           
157:         1.527364e-01 8.472636e-01 1           
158:         1.000000e-09 1.000000e+00 1           
159:         4.305678e-01 5.694322e-01 1           
160:         1.000000e-09 1.000000e+00 1           
161:         1.000000e-09 1.000000e+00 1           
162:         1.000000e-09 1.000000e+00 1           
163:         3.375241e-04 9.996625e-01 1           
164:         1.000000e-09 1.000000e+00 1           
165:         2.304227e-01 7.695773e-01 1           
166:         1.000000e-09 1.000000e+00 1           
167:         1.000000e-09 1.000000e+00 1           
168:         1.000000e-09 1.000000e+00 1           
169:         1.000000e-09 1.000000e+00 1           
170:         7.961804e-02 9.203820e-01 1           
171:         1.000000e-09 1.000000e+00 1           
172:         1.000000e-09 1.000000e+00 1           
173:         1.000000e-09 1.000000e+00 1           
174:         1.000000e-09 1.000000e+00 1           
175:         1.000000e-09 1.000000e+00 1           
176:         1.000000e-09 1.000000e+00 1           
177:         1.000000e-09 1.000000e+00 1           
178:         1.000000e-09 1.000000e+00 1           
179:         1.000000e-09 1.000000e+00 1           
180:         1.000000e-09 1.000000e+00 1           
181:         1.000000e+00 1.047002e-08 1           
           
           
1:           2.921600e-01 7.078400e-01 1           
2:           1.000000e+00 1.000000e-09 1           
3:           1.000000e+00 1.000000e-09 1           
4:           1.000000e+00 1.000000e-09 1           
5:           8.551297e-01 1.448703e-01 1           
6:           1.000000e+00 1.000000e-09 1           
7:           9.980716e-01 1.928435e-03 1           
8:           1.000000e-09 1.000000e+00 1           
9:           9.351981e-01 6.480185e-02 1           
10:          1.000000e-09 1.000000e+00 1           
11:          1.000000e-09 1.000000e+00 1           
12:          1.000000e+00 1.000000e-09 1           
13:          9.940987e-01 5.901271e-03 1           
14:          1.000000e+00 1.000000e-09 1           
15:          1.000000e+00 1.000000e-09 1           
16:          6.608271e-01 3.391729e-01 1           
17:          1.000000e+00 1.000000e-09 1           
18:          1.000000e+00 1.000000e-09 1           
19:          8.888385e-01 1.111615e-01 1           
20:          6.756197e-01 3.243803e-01 1           
21:          8.230449e-01 1.769551e-01 1           
22:          6.640577e-01 3.359423e-01 1           
23:          3.854445e-01 6.145555e-01 1           
24:          8.783088e-01 1.216912e-01 1           
25:          1.000000e+00 1.000000e-09 1           
26:          1.000000e-09 1.000000e+00 1           
27:          5.796714e-01 4.203286e-01 1           
28:          3.802316e-01 6.197684e-01 1           
29:          4.471453e-01 5.528547e-01 1           
30:          6.498726e-01 3.501274e-01 1           
31:          8.187091e-01 1.812909e-01 1           
32:          1.000000e+00 1.000000e-09 1           
33:          6.390493e-01 3.609507e-01 1           
34:          8.659430e-01 1.340570e-01 1           
35:          1.000000e+00 1.000000e-09 1           
36:          1.000000e+00 1.000000e-09 1           
37:          1.000000e+00 1.000000e-09 1           
38:          7.361097e-01 2.638903e-01 1           
39:          5.675059e-01 4.324941e-01 1           
40:          1.000000e+00 1.000000e-09 1           
41:          1.000000e+00 1.000000e-09 1           
42:          7.923707e-01 2.076293e-01 1           
43:          2.344873e-09 1.000000e+00 1           
44:          1.149559e-01 8.850441e-01 1           
45:          1.000000e-09 1.000000e+00 1           
46:          1.275519e-07 9.999999e-01 1           
47:          1.000000e+00 1.000000e-09 1           
48:          3.506326e-01 6.493674e-01 1           
49:          1.000000e-09 1.000000e+00 1           
50:          1.000000e-09 1.000000e+00 1           
51:          1.000000e-09 1.000000e+00 1           
52:          1.000000e-09 1.000000e+00 1           
53:          1.000000e-09 1.000000e+00 1           
54:          1.000000e-09 1.000000e+00 1           
55:          4.827722e-02 9.517228e-01 1           
56:          1.000000e-09 1.000000e+00 1           
57:          1.000000e-09 1.000000e+00 1           
58:          1.000000e-09 1.000000e+00 1           
59:          1.000000e-09 1.000000e+00 1           
60:          1.000000e-09 1.000000e+00 1           
61:          1.000000e-09 1.000000e+00 1           
62:          1.000000e-09 1.000000e+00 1           
63:          1.000000e-09 1.000000e+00 1           
64:          1.000000e-09 1.000000e+00 1           
65:          8.926976e-01 1.073024e-01 1           
66:          1.000000e+00 1.000000e-09 1           
67:          1.920627e-01 8.079373e-01 1           
68:          1.000000e-09 1.000000e+00 1           
69:          1.000000e+00 1.000000e-09 1           
70:          9.275905e-01 7.240953e-02 1           
71:          1.000000e-09 1.000000e+00 1           
72:          1.000000e-09 1.000000e+00 1           
73:          1.000000e-09 1.000000e+00 1           
74:          1.000000e-09 1.000000e+00 1           
75:          1.000000e-09 1.000000e+00 1           
76:          1.000000e-09 1.000000e+00 1           
77:          1.000000e-09 1.000000e+00 1           
78:          9.808754e-02 9.019125e-01 1           
79:          1.000000e-09 1.000000e+00 1           
80:          6.456085e-01 3.543915e-01 1           
81:          1.000000e-09 1.000000e+00 1           
82:          1.000000e-09 1.000000e+00 1           
83:          1.000000e-09 1.000000e+00 1           
84:          1.000000e-09 1.000000e+00 1           
85:          1.000000e-09 1.000000e+00 1           
86:          1.000000e-09 1.000000e+00 1           
87:          1.350131e-01 8.649869e-01 1           
88:          7.771203e-01 2.228797e-01 1           
89:          1.000000e-09 1.000000e+00 1           
90:          8.853848e-01 1.146152e-01 1           
91:          7.122699e-08 9.999999e-01 1           
92:          1.000000e-09 1.000000e+00 1           
93:          1.000000e-09 1.000000e+00 1           
94:          1.000000e-09 1.000000e+00 1           
95:          1.000000e-09 1.000000e+00 1           
96:          1.000000e-09 1.000000e+00 1           
97:          1.000000e-09 1.000000e+00 1           
98:          1.000000e-09 1.000000e+00 1           
99:          1.000000e-09 1.000000e+00 1           
100:         1.000000e-09 1.000000e+00 1           
101:         2.772896e-02 9.722710e-01 1           
102:         1.000000e+00 1.000000e-09 1           
103:         5.636316e-01 4.363684e-01 1           
104:         1.000000e+00 1.000000e-09 1           
105:         1.000000e+00 1.000000e-09 1           
106:         9.999545e-01 4.554039e-05 1           
107:         1.000000e+00 4.375259e-09 1           
108:         1.000000e+00 1.000000e-09 1           
109:         1.000000e+00 1.000000e-09 1           
110:         1.000000e+00 1.000000e-09 1           
111:         1.000000e+00 1.000000e-09 1           
112:         8.861823e-01 1.138177e-01 1           
113:         1.000000e+00 1.000000e-09 1           
114:         1.000000e+00 1.000000e-09 1           
115:         1.000000e+00 1.000000e-09 1           
116:         1.000000e+00 1.000000e-09 1           
117:         1.000000e+00 1.000000e-09 1           
118:         5.141646e-01 4.858354e-01 1           
119:         9.999997e-01 3.187385e-07 1           
120:         1.000000e+00 1.000000e-09 1           
121:         7.655381e-01 2.344619e-01 1           
122:         9.637905e-01 3.620950e-02 1           
123:         6.981631e-01 3.018369e-01 1           
124:         9.000188e-01 9.998121e-02 1           
125:         1.000000e+00 1.686292e-08 1           
126:         1.000000e+00 1.000000e-09 1           
127:         1.000000e+00 1.000000e-09 1           
128:         1.000000e+00 1.000000e-09 1           
129:         1.000000e+00 1.000000e-09 1           
130:         1.000000e+00 1.000000e-09 1           
131:         1.000000e-09 1.000000e+00 1           
132:         1.000000e-09 1.000000e+00 1           
133:         1.000000e-09 1.000000e+00 1           
134:         1.000000e-09 1.000000e+00 1           
135:         1.000000e-09 1.000000e+00 1           
136:         1.000000e-09 1.000000e+00 1           
137:         1.000000e-09 1.000000e+00 1           
138:         1.000000e-09 1.000000e+00 1           
139:         1.000000e-09 1.000000e+00 1           
140:         5.590167e-03 9.944098e-01 1           
141:         1.000000e-09 1.000000e+00 1           
142:         3.745817e-01 6.254183e-01 1           
143:         1.616361e-01 8.383639e-01 1           
144:         1.000000e-09 1.000000e+00 1           
145:         1.243989e-09 1.000000e+00 1           
146:         1.000000e-09 1.000000e+00 1           
147:         1.000000e-09 1.000000e+00 1           
148:         1.000000e-09 1.000000e+00 1           
149:         1.000000e-09 1.000000e+00 1           
150:         3.201235e-01 6.798765e-01 1           
151:         3.521580e-01 6.478420e-01 1           
152:         1.000000e-09 1.000000e+00 1           
153:         1.000000e-09 1.000000e+00 1           
154:         1.000000e-09 1.000000e+00 1           
155:         1.000000e-09 1.000000e+00 1           
156:         1.675986e-01 8.324014e-01 1           
157:         1.527364e-01 8.472636e-01 1           
158:         1.000000e-09 1.000000e+00 1           
159:         4.305678e-01 5.694322e-01 1           
160:         1.000000e-09 1.000000e+00 1           
161:         1.000000e-09 1.000000e+00 1           
162:         1.000000e-09 1.000000e+00 1           
163:         3.375241e-04 9.996625e-01 1           
164:         1.000000e-09 1.000000e+00 1           
165:         2.304227e-01 7.695773e-01 1           
166:         1.000000e-09 1.000000e+00 1           
167:         1.000000e-09 1.000000e+00 1           
168:         1.000000e-09 1.000000e+00 1           
169:         1.000000e-09 1.000000e+00 1           
170:         7.961804e-02 9.203820e-01 1           
171:         1.000000e-09 1.000000e+00 1           
172:         1.000000e-09 1.000000e+00 1           
173:         1.000000e-09 1.000000e+00 1           
174:         1.000000e-09 1.000000e+00 1           
175:         1.000000e-09 1.000000e+00 1           
176:         1.000000e-09 1.000000e+00 1           
177:         1.000000e-09 1.000000e+00 1           
178:         1.000000e-09 1.000000e+00 1           
179:         1.000000e-09 1.000000e+00 1           
180:         1.000000e-09 1.000000e+00 1           
181:         1.000000e+00 1.047002e-08 1           
           
           
1:           2.921600e-01 7.078400e-01 1           
2:           1.000000e+00 1.000000e-09 1           
3:           1.000000e+00 1.000000e-09 1           
4:           1.000000e+00 1.000000e-09 1           
5:           8.551297e-01 1.448703e-01 1           
6:           1.000000e+00 1.000000e-09 1           
7:           9.980716e-01 1.928435e-03 1           
8:           1.000000e-09 1.000000e+00 1           
9:           9.351981e-01 6.480185e-02 1           
10:          1.000000e-09 1.000000e+00 1           
11:          1.000000e-09 1.000000e+00 1           
12:          1.000000e+00 1.000000e-09 1           
13:          9.940987e-01 5.901271e-03 1           
14:          1.000000e+00 1.000000e-09 1           
15:          1.000000e+00 1.000000e-09 1           
16:          6.608271e-01 3.391729e-01 1           
17:          1.000000e+00 1.000000e-09 1           
18:          1.000000e+00 1.000000e-09 1           
19:          8.888385e-01 1.111615e-01 1           
20:          6.756197e-01 3.243803e-01 1           
21:          8.230449e-01 1.769551e-01 1           
22:          6.640577e-01 3.359423e-01 1           
23:          3.854445e-01 6.145555e-01 1           
24:          8.783088e-01 1.216912e-01 1           
25:          1.000000e+00 1.000000e-09 1           
26:          1.000000e-09 1.000000e+00 1           
27:          5.796714e-01 4.203286e-01 1           
28:          3.802316e-01 6.197684e-01 1           
29:          4.471453e-01 5.528547e-01 1           
30:          6.498726e-01 3.501274e-01 1           
31:          8.187091e-01 1.812909e-01 1           
32:          1.000000e+00 1.000000e-09 1           
33:          6.390493e-01 3.609507e-01 1           
34:          8.659430e-01 1.340570e-01 1           
35:          1.000000e+00 1.000000e-09 1           
36:          1.000000e+00 1.000000e-09 1           
37:          1.000000e+00 1.000000e-09 1           
38:          7.361097e-01 2.638903e-01 1           
39:          5.675059e-01 4.324941e-01 1           
40:          1.000000e+00 1.000000e-09 1           
41:          1.000000e+00 1.000000e-09 1           
42:          7.923707e-01 2.076293e-01 1           
43:          2.344873e-09 1.000000e+00 1           
44:          1.149559e-01 8.850441e-01 1           
45:          1.000000e-09 1.000000e+00 1           
46:          1.275519e-07 9.999999e-01 1           
47:          1.000000e+00 1.000000e-09 1           
48:          3.506326e-01 6.493674e-01 1           
49:          1.000000e-09 1.000000e+00 1           
50:          1.000000e-09 1.000000e+00 1           
51:          1.000000e-09 1.000000e+00 1           
52:          1.000000e-09 1.000000e+00 1           
53:          1.000000e-09 1.000000e+00 1           
54:          1.000000e-09 1.000000e+00 1           
55:          4.827722e-02 9.517228e-01 1           
56:          1.000000e-09 1.000000e+00 1           
57:          1.000000e-09 1.000000e+00 1           
58:          1.000000e-09 1.000000e+00 1           
59:          1.000000e-09 1.000000e+00 1           
60:          1.000000e-09 1.000000e+00 1           
61:          1.000000e-09 1.000000e+00 1           
62:          1.000000e-09 1.000000e+00 1           
63:          1.000000e-09 1.000000e+00 1           
64:          1.000000e-09 1.000000e+00 1           
65:          8.926976e-01 1.073024e-01 1           
66:          1.000000e+00 1.000000e-09 1           
67:          1.920627e-01 8.079373e-01 1           
68:          1.000000e-09 1.000000e+00 1           
69:          1.000000e+00 1.000000e-09 1           
70:          9.275905e-01 7.240953e-02 1           
71:          1.000000e-09 1.000000e+00 1           
72:          1.000000e-09 1.000000e+00 1           
73:          1.000000e-09 1.000000e+00 1           
74:          1.000000e-09 1.000000e+00 1           
75:          1.000000e-09 1.000000e+00 1           
76:          1.000000e-09 1.000000e+00 1           
77:          1.000000e-09 1.000000e+00 1           
78:          9.808754e-02 9.019125e-01 1           
79:          1.000000e-09 1.000000e+00 1           
80:          6.456085e-01 3.543915e-01 1           
81:          1.000000e-09 1.000000e+00 1           
82:          1.000000e-09 1.000000e+00 1           
83:          1.000000e-09 1.000000e+00 1           
84:          1.000000e-09 1.000000e+00 1           
85:          1.000000e-09 1.000000e+00 1           
86:          1.000000e-09 1.000000e+00 1           
87:          1.350131e-01 8.649869e-01 1           
88:          7.771203e-01 2.228797e-01 1           
89:          1.000000e-09 1.000000e+00 1           
90:          8.853848e-01 1.146152e-01 1           
91:          7.122699e-08 9.999999e-01 1           
92:          1.000000e-09 1.000000e+00 1           
93:          1.000000e-09 1.000000e+00 1           
94:          1.000000e-09 1.000000e+00 1           
95:          1.000000e-09 1.000000e+00 1           
96:          1.000000e-09 1.000000e+00 1           
97:          1.000000e-09 1.000000e+00 1           
98:          1.000000e-09 1.000000e+00 1           
99:          1.000000e-09 1.000000e+00 1           
100:         1.000000e-09 1.000000e+00 1           
101:         2.772896e-02 9.722710e-01 1           
102:         1.000000e+00 1.000000e-09 1           
103:         5.636316e-01 4.363684e-01 1           
104:         1.000000e+00 1.000000e-09 1           
105:         1.000000e+00 1.000000e-09 1           
106:         9.999545e-01 4.554039e-05 1           
107:         1.000000e+00 4.375259e-09 1           
108:         1.000000e+00 1.000000e-09 1           
109:         1.000000e+00 1.000000e-09 1           
110:         1.000000e+00 1.000000e-09 1           
111:         1.000000e+00 1.000000e-09 1           
112:         8.861823e-01 1.138177e-01 1           
113:         1.000000e+00 1.000000e-09 1           
114:         1.000000e+00 1.000000e-09 1           
115:         1.000000e+00 1.000000e-09 1           
116:         1.000000e+00 1.000000e-09 1           
117:         1.000000e+00 1.000000e-09 1           
118:         5.141646e-01 4.858354e-01 1           
119:         9.999997e-01 3.187385e-07 1           
120:         1.000000e+00 1.000000e-09 1           
121:         7.655381e-01 2.344619e-01 1           
122:         9.637905e-01 3.620950e-02 1           
123:         6.981631e-01 3.018369e-01 1           
124:         9.000188e-01 9.998121e-02 1           
125:         1.000000e+00 1.686292e-08 1           
126:         1.000000e+00 1.000000e-09 1           
127:         1.000000e+00 1.000000e-09 1           
128:         1.000000e+00 1.000000e-09 1           
129:         1.000000e+00 1.000000e-09 1           
130:         1.000000e+00 1.000000e-09 1           
131:         1.000000e-09 1.000000e+00 1           
132:         1.000000e-09 1.000000e+00 1           
133:         1.000000e-09 1.000000e+00 1           
134:         1.000000e-09 1.000000e+00 1           
135:         1.000000e-09 1.000000e+00 1           
136:         1.000000e-09 1.000000e+00 1           
137:         1.000000e-09 1.000000e+00 1           
138:         1.000000e-09 1.000000e+00 1           
139:         1.000000e-09 1.000000e+00 1           
140:         5.590167e-03 9.944098e-01 1           
141:         1.000000e-09 1.000000e+00 1           
142:         3.745817e-01 6.254183e-01 1           
143:         1.616361e-01 8.383639e-01 1           
144:         1.000000e-09 1.000000e+00 1           
145:         1.243989e-09 1.000000e+00 1           
146:         1.000000e-09 1.000000e+00 1           
147:         1.000000e-09 1.000000e+00 1           
148:         1.000000e-09 1.000000e+00 1           
149:         1.000000e-09 1.000000e+00 1           
150:         3.201235e-01 6.798765e-01 1           
151:         3.521580e-01 6.478420e-01 1           
152:         1.000000e-09 1.000000e+00 1           
153:         1.000000e-09 1.000000e+00 1           
154:         1.000000e-09 1.000000e+00 1           
155:         1.000000e-09 1.000000e+00 1           
156:         1.675986e-01 8.324014e-01 1           
157:         1.527364e-01 8.472636e-01 1           
158:         1.000000e-09 1.000000e+00 1           
159:         4.305678e-01 5.694322e-01 1           
160:         1.000000e-09 1.000000e+00 1           
161:         1.000000e-09 1.000000e+00 1           
162:         1.000000e-09 1.000000e+00 1           
163:         3.375241e-04 9.996625e-01 1           
164:         1.000000e-09 1.000000e+00 1           
165:         2.304227e-01 7.695773e-01 1           
166:         1.000000e-09 1.000000e+00 1           
167:         1.000000e-09 1.000000e+00 1           
168:         1.000000e-09 1.000000e+00 1           
169:         1.000000e-09 1.000000e+00 1           
170:         7.961804e-02 9.203820e-01 1           
171:         1.000000e-09 1.000000e+00 1           
172:         1.000000e-09 1.000000e+00 1           
173:         1.000000e-09 1.000000e+00 1           
174:         1.000000e-09 1.000000e+00 1           
175:         1.000000e-09 1.000000e+00 1           
176:         1.000000e-09 1.000000e+00 1           
177:         1.000000e-09 1.000000e+00 1           
178:         1.000000e-09 1.000000e+00 1           
179:         1.000000e-09 1.000000e+00 1           
180:         1.000000e-09 1.000000e+00 1           
181:         1.000000e+00 1.047002e-08 1           
           
           
1:           2.921600e-01 7.078400e-01 1           
2:           1.000000e+00 1.000000e-09 1           
3:           1.000000e+00 1.000000e-09 1           
4:           1.000000e+00 1.000000e-09 1           
5:           8.551297e-01 1.448703e-01 1           
6:           1.000000e+00 1.000000e-09 1           
7:           9.980716e-01 1.928435e-03 1           
8:           1.000000e-09 1.000000e+00 1           
9:           9.351981e-01 6.480185e-02 1           
10:          1.000000e-09 1.000000e+00 1           
11:          1.000000e-09 1.000000e+00 1           
12:          1.000000e+00 1.000000e-09 1           
13:          9.940987e-01 5.901271e-03 1           
14:          1.000000e+00 1.000000e-09 1           
15:          1.000000e+00 1.000000e-09 1           
16:          6.608271e-01 3.391729e-01 1           
17:          1.000000e+00 1.000000e-09 1           
18:          1.000000e+00 1.000000e-09 1           
19:          8.888385e-01 1.111615e-01 1           
20:          6.756197e-01 3.243803e-01 1           
21:          8.230449e-01 1.769551e-01 1           
22:          6.640577e-01 3.359423e-01 1           
23:          3.854445e-01 6.145555e-01 1           
24:          8.783088e-01 1.216912e-01 1           
25:          1.000000e+00 1.000000e-09 1           
26:          1.000000e-09 1.000000e+00 1           
27:          5.796714e-01 4.203286e-01 1           
28:          3.802316e-01 6.197684e-01 1           
29:          4.471453e-01 5.528547e-01 1           
30:          6.498726e-01 3.501274e-01 1           
31:          8.187091e-01 1.812909e-01 1           
32:          1.000000e+00 1.000000e-09 1           
33:          6.390493e-01 3.609507e-01 1           
34:          8.659430e-01 1.340570e-01 1           
35:          1.000000e+00 1.000000e-09 1           
36:          1.000000e+00 1.000000e-09 1           
37:          1.000000e+00 1.000000e-09 1           
38:          7.361097e-01 2.638903e-01 1           
39:          5.675059e-01 4.324941e-01 1           
40:          1.000000e+00 1.000000e-09 1           
41:          1.000000e+00 1.000000e-09 1           
42:          7.923707e-01 2.076293e-01 1           
43:          2.344873e-09 1.000000e+00 1           
44:          1.149559e-01 8.850441e-01 1           
45:          1.000000e-09 1.000000e+00 1           
46:          1.275519e-07 9.999999e-01 1           
47:          1.000000e+00 1.000000e-09 1           
48:          3.506326e-01 6.493674e-01 1           
49:          1.000000e-09 1.000000e+00 1           
50:          1.000000e-09 1.000000e+00 1           
51:          1.000000e-09 1.000000e+00 1           
52:          1.000000e-09 1.000000e+00 1           
53:          1.000000e-09 1.000000e+00 1           
54:          1.000000e-09 1.000000e+00 1           
55:          4.827722e-02 9.517228e-01 1           
56:          1.000000e-09 1.000000e+00 1           
57:          1.000000e-09 1.000000e+00 1           
58:          1.000000e-09 1.000000e+00 1           
59:          1.000000e-09 1.000000e+00 1           
60:          1.000000e-09 1.000000e+00 1           
61:          1.000000e-09 1.000000e+00 1           
62:          1.000000e-09 1.000000e+00 1           
63:          1.000000e-09 1.000000e+00 1           
64:          1.000000e-09 1.000000e+00 1           
65:          8.926976e-01 1.073024e-01 1           
66:          1.000000e+00 1.000000e-09 1           
67:          1.920627e-01 8.079373e-01 1           
68:          1.000000e-09 1.000000e+00 1           
69:          1.000000e+00 1.000000e-09 1           
70:          9.275905e-01 7.240953e-02 1           
71:          1.000000e-09 1.000000e+00 1           
72:          1.000000e-09 1.000000e+00 1           
73:          1.000000e-09 1.000000e+00 1           
74:          1.000000e-09 1.000000e+00 1           
75:          1.000000e-09 1.000000e+00 1           
76:          1.000000e-09 1.000000e+00 1           
77:          1.000000e-09 1.000000e+00 1           
78:          9.808754e-02 9.019125e-01 1           
79:          1.000000e-09 1.000000e+00 1           
80:          6.456085e-01 3.543915e-01 1           
81:          1.000000e-09 1.000000e+00 1           
82:          1.000000e-09 1.000000e+00 1           
83:          1.000000e-09 1.000000e+00 1           
84:          1.000000e-09 1.000000e+00 1           
85:          1.000000e-09 1.000000e+00 1           
86:          1.000000e-09 1.000000e+00 1           
87:          1.350131e-01 8.649869e-01 1           
88:          7.771203e-01 2.228797e-01 1           
89:          1.000000e-09 1.000000e+00 1           
90:          8.853848e-01 1.146152e-01 1           
91:          7.122699e-08 9.999999e-01 1           
92:          1.000000e-09 1.000000e+00 1           
93:          1.000000e-09 1.000000e+00 1           
94:          1.000000e-09 1.000000e+00 1           
95:          1.000000e-09 1.000000e+00 1           
96:          1.000000e-09 1.000000e+00 1           
97:          1.000000e-09 1.000000e+00 1           
98:          1.000000e-09 1.000000e+00 1           
99:          1.000000e-09 1.000000e+00 1           
100:         1.000000e-09 1.000000e+00 1           
101:         2.772896e-02 9.722710e-01 1           
102:         1.000000e+00 1.000000e-09 1           
103:         5.636316e-01 4.363684e-01 1           
104:         1.000000e+00 1.000000e-09 1           
105:         1.000000e+00 1.000000e-09 1           
106:         9.999545e-01 4.554039e-05 1           
107:         1.000000e+00 4.375259e-09 1           
108:         1.000000e+00 1.000000e-09 1           
109:         1.000000e+00 1.000000e-09 1           
110:         1.000000e+00 1.000000e-09 1           
111:         1.000000e+00 1.000000e-09 1           
112:         8.861823e-01 1.138177e-01 1           
113:         1.000000e+00 1.000000e-09 1           
114:         1.000000e+00 1.000000e-09 1           
115:         1.000000e+00 1.000000e-09 1           
116:         1.000000e+00 1.000000e-09 1           
117:         1.000000e+00 1.000000e-09 1           
118:         5.141646e-01 4.858354e-01 1           
119:         9.999997e-01 3.187385e-07 1           
120:         1.000000e+00 1.000000e-09 1           
121:         7.655381e-01 2.344619e-01 1           
122:         9.637905e-01 3.620950e-02 1           
123:         6.981631e-01 3.018369e-01 1           
124:         9.000188e-01 9.998121e-02 1           
125:         1.000000e+00 1.686292e-08 1           
126:         1.000000e+00 1.000000e-09 1           
127:         1.000000e+00 1.000000e-09 1           
128:         1.000000e+00 1.000000e-09 1           
129:         1.000000e+00 1.000000e-09 1           
130:         1.000000e+00 1.000000e-09 1           
131:         1.000000e-09 1.000000e+00 1           
132:         1.000000e-09 1.000000e+00 1           
133:         1.000000e-09 1.000000e+00 1           
134:         1.000000e-09 1.000000e+00 1           
135:         1.000000e-09 1.000000e+00 1           
136:         1.000000e-09 1.000000e+00 1           
137:         1.000000e-09 1.000000e+00 1           
138:         1.000000e-09 1.000000e+00 1           
139:         1.000000e-09 1.000000e+00 1           
140:         5.590167e-03 9.944098e-01 1           
141:         1.000000e-09 1.000000e+00 1           
142:         3.745817e-01 6.254183e-01 1           
143:         1.616361e-01 8.383639e-01 1           
144:         1.000000e-09 1.000000e+00 1           
145:         1.243989e-09 1.000000e+00 1           
146:         1.000000e-09 1.000000e+00 1           
147:         1.000000e-09 1.000000e+00 1           
148:         1.000000e-09 1.000000e+00 1           
149:         1.000000e-09 1.000000e+00 1           
150:         3.201235e-01 6.798765e-01 1           
151:         3.521580e-01 6.478420e-01 1           
152:         1.000000e-09 1.000000e+00 1           
153:         1.000000e-09 1.000000e+00 1           
154:         1.000000e-09 1.000000e+00 1           
155:         1.000000e-09 1.000000e+00 1           
156:         1.675986e-01 8.324014e-01 1           
157:         1.527364e-01 8.472636e-01 1           
158:         1.000000e-09 1.000000e+00 1           
159:         4.305678e-01 5.694322e-01 1           
160:         1.000000e-09 1.000000e+00 1           
161:         1.000000e-09 1.000000e+00 1           
162:         1.000000e-09 1.000000e+00 1           
163:         3.375241e-04 9.996625e-01 1           
164:         1.000000e-09 1.000000e+00 1           
165:         2.304227e-01 7.695773e-01 1           
166:         1.000000e-09 1.000000e+00 1           
167:         1.000000e-09 1.000000e+00 1           
168:         1.000000e-09 1.000000e+00 1           
169:         1.000000e-09 1.000000e+00 1           
170:         7.961804e-02 9.203820e-01 1           
171:         1.000000e-09 1.000000e+00 1           
172:         1.000000e-09 1.000000e+00 1           
173:         1.000000e-09 1.000000e+00 1           
174:         1.000000e-09 1.000000e+00 1           
175:         1.000000e-09 1.000000e+00 1           
176:         1.000000e-09 1.000000e+00 1           
177:         1.000000e-09 1.000000e+00 1           
178:         1.000000e-09 1.000000e+00 1           
179:         1.000000e-09 1.000000e+00 1           
180:         1.000000e-09 1.000000e+00 1           
181:         1.000000e+00 1.047002e-08 1           
           
           
1:           2.921600e-01 7.078400e-01 1           
2:           1.000000e+00 1.000000e-09 1           
3:           1.000000e+00 1.000000e-09 1           
4:           1.000000e+00 1.000000e-09 1           
5:           8.551297e-01 1.448703e-01 1           
6:           1.000000e+00 1.000000e-09 1           
7:           9.980716e-01 1.928435e-03 1           
8:           1.000000e-09 1.000000e+00 1           
9:           9.351981e-01 6.480185e-02 1           
10:          1.000000e-09 1.000000e+00 1           
11:          1.000000e-09 1.000000e+00 1           
12:          1.000000e+00 1.000000e-09 1           
13:          9.940987e-01 5.901271e-03 1           
14:          1.000000e+00 1.000000e-09 1           
15:          1.000000e+00 1.000000e-09 1           
16:          6.608271e-01 3.391729e-01 1           
17:          1.000000e+00 1.000000e-09 1           
18:          1.000000e+00 1.000000e-09 1           
19:          8.888385e-01 1.111615e-01 1           
20:          6.756197e-01 3.243803e-01 1           
21:          8.230449e-01 1.769551e-01 1           
22:          6.640577e-01 3.359423e-01 1           
23:          3.854445e-01 6.145555e-01 1           
24:          8.783088e-01 1.216912e-01 1           
25:          1.000000e+00 1.000000e-09 1           
26:          1.000000e-09 1.000000e+00 1           
27:          5.796714e-01 4.203286e-01 1           
28:          3.802316e-01 6.197684e-01 1           
29:          4.471453e-01 5.528547e-01 1           
30:          6.498726e-01 3.501274e-01 1           
31:          8.187091e-01 1.812909e-01 1           
32:          1.000000e+00 1.000000e-09 1           
33:          6.390493e-01 3.609507e-01 1           
34:          8.659430e-01 1.340570e-01 1           
35:          1.000000e+00 1.000000e-09 1           
36:          1.000000e+00 1.000000e-09 1           
37:          1.000000e+00 1.000000e-09 1           
38:          7.361097e-01 2.638903e-01 1           
39:          5.675059e-01 4.324941e-01 1           
40:          1.000000e+00 1.000000e-09 1           
41:          1.000000e+00 1.000000e-09 1           
42:          7.923707e-01 2.076293e-01 1           
43:          2.344873e-09 1.000000e+00 1           
44:          1.149559e-01 8.850441e-01 1           
45:          1.000000e-09 1.000000e+00 1           
46:          1.275519e-07 9.999999e-01 1           
47:          1.000000e+00 1.000000e-09 1           
48:          3.506326e-01 6.493674e-01 1           
49:          1.000000e-09 1.000000e+00 1           
50:          1.000000e-09 1.000000e+00 1           
51:          1.000000e-09 1.000000e+00 1           
52:          1.000000e-09 1.000000e+00 1           
53:          1.000000e-09 1.000000e+00 1           
54:          1.000000e-09 1.000000e+00 1           
55:          4.827722e-02 9.517228e-01 1           
56:          1.000000e-09 1.000000e+00 1           
57:          1.000000e-09 1.000000e+00 1           
58:          1.000000e-09 1.000000e+00 1           
59:          1.000000e-09 1.000000e+00 1           
60:          1.000000e-09 1.000000e+00 1           
61:          1.000000e-09 1.000000e+00 1           
62:          1.000000e-09 1.000000e+00 1           
63:          1.000000e-09 1.000000e+00 1           
64:          1.000000e-09 1.000000e+00 1           
65:          8.926976e-01 1.073024e-01 1           
66:          1.000000e+00 1.000000e-09 1           
67:          1.920627e-01 8.079373e-01 1           
68:          1.000000e-09 1.000000e+00 1           
69:          1.000000e+00 1.000000e-09 1           
70:          9.275905e-01 7.240953e-02 1           
71:          1.000000e-09 1.000000e+00 1           
72:          1.000000e-09 1.000000e+00 1           
73:          1.000000e-09 1.000000e+00 1           
74:          1.000000e-09 1.000000e+00 1           
75:          1.000000e-09 1.000000e+00 1           
76:          1.000000e-09 1.000000e+00 1           
77:          1.000000e-09 1.000000e+00 1           
78:          9.808754e-02 9.019125e-01 1           
79:          1.000000e-09 1.000000e+00 1           
80:          6.456085e-01 3.543915e-01 1           
81:          1.000000e-09 1.000000e+00 1           
82:          1.000000e-09 1.000000e+00 1           
83:          1.000000e-09 1.000000e+00 1           
84:          1.000000e-09 1.000000e+00 1           
85:          1.000000e-09 1.000000e+00 1           
86:          1.000000e-09 1.000000e+00 1           
87:          1.350131e-01 8.649869e-01 1           
88:          7.771203e-01 2.228797e-01 1           
89:          1.000000e-09 1.000000e+00 1           
90:          8.853848e-01 1.146152e-01 1           
91:          7.122699e-08 9.999999e-01 1           
92:          1.000000e-09 1.000000e+00 1           
93:          1.000000e-09 1.000000e+00 1           
94:          1.000000e-09 1.000000e+00 1           
95:          1.000000e-09 1.000000e+00 1           
96:          1.000000e-09 1.000000e+00 1           
97:          1.000000e-09 1.000000e+00 1           
98:          1.000000e-09 1.000000e+00 1           
99:          1.000000e-09 1.000000e+00 1           
100:         1.000000e-09 1.000000e+00 1           
101:         2.772896e-02 9.722710e-01 1           
102:         1.000000e+00 1.000000e-09 1           
103:         5.636316e-01 4.363684e-01 1           
104:         1.000000e+00 1.000000e-09 1           
105:         1.000000e+00 1.000000e-09 1           
106:         9.999545e-01 4.554039e-05 1           
107:         1.000000e+00 4.375259e-09 1           
108:         1.000000e+00 1.000000e-09 1           
109:         1.000000e+00 1.000000e-09 1           
110:         1.000000e+00 1.000000e-09 1           
111:         1.000000e+00 1.000000e-09 1           
112:         8.861823e-01 1.138177e-01 1           
113:         1.000000e+00 1.000000e-09 1           
114:         1.000000e+00 1.000000e-09 1           
115:         1.000000e+00 1.000000e-09 1           
116:         1.000000e+00 1.000000e-09 1           
117:         1.000000e+00 1.000000e-09 1           
118:         5.141646e-01 4.858354e-01 1           
119:         9.999997e-01 3.187385e-07 1           
120:         1.000000e+00 1.000000e-09 1           
121:         7.655381e-01 2.344619e-01 1           
122:         9.637905e-01 3.620950e-02 1           
123:         6.981631e-01 3.018369e-01 1           
124:         9.000188e-01 9.998121e-02 1           
125:         1.000000e+00 1.686292e-08 1           
126:         1.000000e+00 1.000000e-09 1           
127:         1.000000e+00 1.000000e-09 1           
128:         1.000000e+00 1.000000e-09 1           
129:         1.000000e+00 1.000000e-09 1           
130:         1.000000e+00 1.000000e-09 1           
131:         1.000000e-09 1.000000e+00 1           
132:         1.000000e-09 1.000000e+00 1           
133:         1.000000e-09 1.000000e+00 1           
134:         1.000000e-09 1.000000e+00 1           
135:         1.000000e-09 1.000000e+00 1           
136:         1.000000e-09 1.000000e+00 1           
137:         1.000000e-09 1.000000e+00 1           
138:         1.000000e-09 1.000000e+00 1           
139:         1.000000e-09 1.000000e+00 1           
140:         5.590167e-03 9.944098e-01 1           
141:         1.000000e-09 1.000000e+00 1           
142:         3.745817e-01 6.254183e-01 1           
143:         1.616361e-01 8.383639e-01 1           
144:         1.000000e-09 1.000000e+00 1           
145:         1.243989e-09 1.000000e+00 1           
146:         1.000000e-09 1.000000e+00 1           
147:         1.000000e-09 1.000000e+00 1           
148:         1.000000e-09 1.000000e+00 1           
149:         1.000000e-09 1.000000e+00 1           
150:         3.201235e-01 6.798765e-01 1           
151:         3.521580e-01 6.478420e-01 1           
152:         1.000000e-09 1.000000e+00 1           
153:         1.000000e-09 1.000000e+00 1           
154:         1.000000e-09 1.000000e+00 1           
155:         1.000000e-09 1.000000e+00 1           
156:         1.675986e-01 8.324014e-01 1           
157:         1.527364e-01 8.472636e-01 1           
158:         1.000000e-09 1.000000e+00 1           
159:         4.305678e-01 5.694322e-01 1           
160:         1.000000e-09 1.000000e+00 1           
161:         1.000000e-09 1.000000e+00 1           
162:         1.000000e-09 1.000000e+00 1           
163:         3.375241e-04 9.996625e-01 1           
164:         1.000000e-09 1.000000e+00 1           
165:         2.304227e-01 7.695773e-01 1           
166:         1.000000e-09 1.000000e+00 1           
167:         1.000000e-09 1.000000e+00 1           
168:         1.000000e-09 1.000000e+00 1           
169:         1.000000e-09 1.000000e+00 1           
170:         7.961804e-02 9.203820e-01 1           
171:         1.000000e-09 1.000000e+00 1           
172:         1.000000e-09 1.000000e+00 1           
173:         1.000000e-09 1.000000e+00 1           
174:         1.000000e-09 1.000000e+00 1           
175:         1.000000e-09 1.000000e+00 1           
176:         1.000000e-09 1.000000e+00 1           
177:         1.000000e-09 1.000000e+00 1           
178:         1.000000e-09 1.000000e+00 1           
179:         1.000000e-09 1.000000e+00 1           
180:         1.000000e-09 1.000000e+00 1           
181:         1.000000e+00 1.047002e-08 1           
           
           
1:           2.921600e-01 7.078400e-01 1           
2:           1.000000e+00 1.000000e-09 1           
3:           1.000000e+00 1.000000e-09 1           
4:           1.000000e+00 1.000000e-09 1           
5:           8.551297e-01 1.448703e-01 1           
6:           1.000000e+00 1.000000e-09 1           
7:           9.980716e-01 1.928435e-03 1           
8:           1.000000e-09 1.000000e+00 1           
9:           9.351981e-01 6.480185e-02 1           
10:          1.000000e-09 1.000000e+00 1           
11:          1.000000e-09 1.000000e+00 1           
12:          1.000000e+00 1.000000e-09 1           
13:          9.940987e-01 5.901271e-03 1           
14:          1.000000e+00 1.000000e-09 1           
15:          1.000000e+00 1.000000e-09 1           
16:          6.608271e-01 3.391729e-01 1           
17:          1.000000e+00 1.000000e-09 1           
18:          1.000000e+00 1.000000e-09 1           
19:          8.888385e-01 1.111615e-01 1           
20:          6.756197e-01 3.243803e-01 1           
21:          8.230449e-01 1.769551e-01 1           
22:          6.640577e-01 3.359423e-01 1           
23:          3.854445e-01 6.145555e-01 1           
24:          8.783088e-01 1.216912e-01 1           
25:          1.000000e+00 1.000000e-09 1           
26:          1.000000e-09 1.000000e+00 1           
27:          5.796714e-01 4.203286e-01 1           
28:          3.802316e-01 6.197684e-01 1           
29:          4.471453e-01 5.528547e-01 1           
30:          6.498726e-01 3.501274e-01 1           
31:          8.187091e-01 1.812909e-01 1           
32:          1.000000e+00 1.000000e-09 1           
33:          6.390493e-01 3.609507e-01 1           
34:          8.659430e-01 1.340570e-01 1           
35:          1.000000e+00 1.000000e-09 1           
36:          1.000000e+00 1.000000e-09 1           
37:          1.000000e+00 1.000000e-09 1           
38:          7.361097e-01 2.638903e-01 1           
39:          5.675059e-01 4.324941e-01 1           
40:          1.000000e+00 1.000000e-09 1           
41:          1.000000e+00 1.000000e-09 1           
42:          7.923707e-01 2.076293e-01 1           
43:          2.344873e-09 1.000000e+00 1           
44:          1.149559e-01 8.850441e-01 1           
45:          1.000000e-09 1.000000e+00 1           
46:          1.275519e-07 9.999999e-01 1           
47:          1.000000e+00 1.000000e-09 1           
48:          3.506326e-01 6.493674e-01 1           
49:          1.000000e-09 1.000000e+00 1           
50:          1.000000e-09 1.000000e+00 1           
51:          1.000000e-09 1.000000e+00 1           
52:          1.000000e-09 1.000000e+00 1           
53:          1.000000e-09 1.000000e+00 1           
54:          1.000000e-09 1.000000e+00 1           
55:          4.827722e-02 9.517228e-01 1           
56:          1.000000e-09 1.000000e+00 1           
57:          1.000000e-09 1.000000e+00 1           
58:          1.000000e-09 1.000000e+00 1           
59:          1.000000e-09 1.000000e+00 1           
60:          1.000000e-09 1.000000e+00 1           
61:          1.000000e-09 1.000000e+00 1           
62:          1.000000e-09 1.000000e+00 1           
63:          1.000000e-09 1.000000e+00 1           
64:          1.000000e-09 1.000000e+00 1           
65:          8.926976e-01 1.073024e-01 1           
66:          1.000000e+00 1.000000e-09 1           
67:          1.920627e-01 8.079373e-01 1           
68:          1.000000e-09 1.000000e+00 1           
69:          1.000000e+00 1.000000e-09 1           
70:          9.275905e-01 7.240953e-02 1           
71:          1.000000e-09 1.000000e+00 1           
72:          1.000000e-09 1.000000e+00 1           
73:          1.000000e-09 1.000000e+00 1           
74:          1.000000e-09 1.000000e+00 1           
75:          1.000000e-09 1.000000e+00 1           
76:          1.000000e-09 1.000000e+00 1           
77:          1.000000e-09 1.000000e+00 1           
78:          9.808754e-02 9.019125e-01 1           
79:          1.000000e-09 1.000000e+00 1           
80:          6.456085e-01 3.543915e-01 1           
81:          1.000000e-09 1.000000e+00 1           
82:          1.000000e-09 1.000000e+00 1           
83:          1.000000e-09 1.000000e+00 1           
84:          1.000000e-09 1.000000e+00 1           
85:          1.000000e-09 1.000000e+00 1           
86:          1.000000e-09 1.000000e+00 1           
87:          1.350131e-01 8.649869e-01 1           
88:          7.771203e-01 2.228797e-01 1           
89:          1.000000e-09 1.000000e+00 1           
90:          8.853848e-01 1.146152e-01 1           
91:          7.122699e-08 9.999999e-01 1           
92:          1.000000e-09 1.000000e+00 1           
93:          1.000000e-09 1.000000e+00 1           
94:          1.000000e-09 1.000000e+00 1           
95:          1.000000e-09 1.000000e+00 1           
96:          1.000000e-09 1.000000e+00 1           
97:          1.000000e-09 1.000000e+00 1           
98:          1.000000e-09 1.000000e+00 1           
99:          1.000000e-09 1.000000e+00 1           
100:         1.000000e-09 1.000000e+00 1           
101:         2.772896e-02 9.722710e-01 1           
102:         1.000000e+00 1.000000e-09 1           
103:         5.636316e-01 4.363684e-01 1           
104:         1.000000e+00 1.000000e-09 1           
105:         1.000000e+00 1.000000e-09 1           
106:         9.999545e-01 4.554039e-05 1           
107:         1.000000e+00 4.375259e-09 1           
108:         1.000000e+00 1.000000e-09 1           
109:         1.000000e+00 1.000000e-09 1           
110:         1.000000e+00 1.000000e-09 1           
111:         1.000000e+00 1.000000e-09 1           
112:         8.861823e-01 1.138177e-01 1           
113:         1.000000e+00 1.000000e-09 1           
114:         1.000000e+00 1.000000e-09 1           
115:         1.000000e+00 1.000000e-09 1           
116:         1.000000e+00 1.000000e-09 1           
117:         1.000000e+00 1.000000e-09 1           
118:         5.141646e-01 4.858354e-01 1           
119:         9.999997e-01 3.187385e-07 1           
120:         1.000000e+00 1.000000e-09 1           
121:         7.655381e-01 2.344619e-01 1           
122:         9.637905e-01 3.620950e-02 1           
123:         6.981631e-01 3.018369e-01 1           
124:         9.000188e-01 9.998121e-02 1           
125:         1.000000e+00 1.686292e-08 1           
126:         1.000000e+00 1.000000e-09 1           
127:         1.000000e+00 1.000000e-09 1           
128:         1.000000e+00 1.000000e-09 1           
129:         1.000000e+00 1.000000e-09 1           
130:         1.000000e+00 1.000000e-09 1           
131:         1.000000e-09 1.000000e+00 1           
132:         1.000000e-09 1.000000e+00 1           
133:         1.000000e-09 1.000000e+00 1           
134:         1.000000e-09 1.000000e+00 1           
135:         1.000000e-09 1.000000e+00 1           
136:         1.000000e-09 1.000000e+00 1           
137:         1.000000e-09 1.000000e+00 1           
138:         1.000000e-09 1.000000e+00 1           
139:         1.000000e-09 1.000000e+00 1           
140:         5.590167e-03 9.944098e-01 1           
141:         1.000000e-09 1.000000e+00 1           
142:         3.745817e-01 6.254183e-01 1           
143:         1.616361e-01 8.383639e-01 1           
144:         1.000000e-09 1.000000e+00 1           
145:         1.243989e-09 1.000000e+00 1           
146:         1.000000e-09 1.000000e+00 1           
147:         1.000000e-09 1.000000e+00 1           
148:         1.000000e-09 1.000000e+00 1           
149:         1.000000e-09 1.000000e+00 1           
150:         3.201235e-01 6.798765e-01 1           
151:         3.521580e-01 6.478420e-01 1           
152:         1.000000e-09 1.000000e+00 1           
153:         1.000000e-09 1.000000e+00 1           
154:         1.000000e-09 1.000000e+00 1           
155:         1.000000e-09 1.000000e+00 1           
156:         1.675986e-01 8.324014e-01 1           
157:         1.527364e-01 8.472636e-01 1           
158:         1.000000e-09 1.000000e+00 1           
159:         4.305678e-01 5.694322e-01 1           
160:         1.000000e-09 1.000000e+00 1           
161:         1.000000e-09 1.000000e+00 1           
162:         1.000000e-09 1.000000e+00 1           
163:         3.375241e-04 9.996625e-01 1           
164:         1.000000e-09 1.000000e+00 1           
165:         2.304227e-01 7.695773e-01 1           
166:         1.000000e-09 1.000000e+00 1           
167:         1.000000e-09 1.000000e+00 1           
168:         1.000000e-09 1.000000e+00 1           
169:         1.000000e-09 1.000000e+00 1           
170:         7.961804e-02 9.203820e-01 1           
171:         1.000000e-09 1.000000e+00 1           
172:         1.000000e-09 1.000000e+00 1           
173:         1.000000e-09 1.000000e+00 1           
174:         1.000000e-09 1.000000e+00 1           
175:         1.000000e-09 1.000000e+00 1           
176:         1.000000e-09 1.000000e+00 1           
177:         1.000000e-09 1.000000e+00 1           
178:         1.000000e-09 1.000000e+00 1           
179:         1.000000e-09 1.000000e+00 1           
180:         1.000000e-09 1.000000e+00 1           
181:         1.000000e+00 1.047002e-08 1           
           
           
1:           2.921600e-01 7.078400e-01 1           
2:           1.000000e+00 1.000000e-09 1           
3:           1.000000e+00 1.000000e-09 1           
4:           1.000000e+00 1.000000e-09 1           
5:           8.551297e-01 1.448703e-01 1           
6:           1.000000e+00 1.000000e-09 1           
7:           9.980716e-01 1.928435e-03 1           
8:           1.000000e-09 1.000000e+00 1           
9:           9.351981e-01 6.480185e-02 1           
10:          1.000000e-09 1.000000e+00 1           
11:          1.000000e-09 1.000000e+00 1           
12:          1.000000e+00 1.000000e-09 1           
13:          9.940987e-01 5.901271e-03 1           
14:          1.000000e+00 1.000000e-09 1           
15:          1.000000e+00 1.000000e-09 1           
16:          6.608271e-01 3.391729e-01 1           
17:          1.000000e+00 1.000000e-09 1           
18:          1.000000e+00 1.000000e-09 1           
19:          8.888385e-01 1.111615e-01 1           
20:          6.756197e-01 3.243803e-01 1           
21:          8.230449e-01 1.769551e-01 1           
22:          6.640577e-01 3.359423e-01 1           
23:          3.854445e-01 6.145555e-01 1           
24:          8.783088e-01 1.216912e-01 1           
25:          1.000000e+00 1.000000e-09 1           
26:          1.000000e-09 1.000000e+00 1           
27:          5.796714e-01 4.203286e-01 1           
28:          3.802316e-01 6.197684e-01 1           
29:          4.471453e-01 5.528547e-01 1           
30:          6.498726e-01 3.501274e-01 1           
31:          8.187091e-01 1.812909e-01 1           
32:          1.000000e+00 1.000000e-09 1           
33:          6.390493e-01 3.609507e-01 1           
34:          8.659430e-01 1.340570e-01 1           
35:          1.000000e+00 1.000000e-09 1           
36:          1.000000e+00 1.000000e-09 1           
37:          1.000000e+00 1.000000e-09 1           
38:          7.361097e-01 2.638903e-01 1           
39:          5.675059e-01 4.324941e-01 1           
40:          1.000000e+00 1.000000e-09 1           
41:          1.000000e+00 1.000000e-09 1           
42:          7.923707e-01 2.076293e-01 1           
43:          2.344873e-09 1.000000e+00 1           
44:          1.149559e-01 8.850441e-01 1           
45:          1.000000e-09 1.000000e+00 1           
46:          1.275519e-07 9.999999e-01 1           
47:          1.000000e+00 1.000000e-09 1           
48:          3.506326e-01 6.493674e-01 1           
49:          1.000000e-09 1.000000e+00 1           
50:          1.000000e-09 1.000000e+00 1           
51:          1.000000e-09 1.000000e+00 1           
52:          1.000000e-09 1.000000e+00 1           
53:          1.000000e-09 1.000000e+00 1           
54:          1.000000e-09 1.000000e+00 1           
55:          4.827722e-02 9.517228e-01 1           
56:          1.000000e-09 1.000000e+00 1           
57:          1.000000e-09 1.000000e+00 1           
58:          1.000000e-09 1.000000e+00 1           
59:          1.000000e-09 1.000000e+00 1           
60:          1.000000e-09 1.000000e+00 1           
61:          1.000000e-09 1.000000e+00 1           
62:          1.000000e-09 1.000000e+00 1           
63:          1.000000e-09 1.000000e+00 1           
64:          1.000000e-09 1.000000e+00 1           
65:          8.926976e-01 1.073024e-01 1           
66:          1.000000e+00 1.000000e-09 1           
67:          1.920627e-01 8.079373e-01 1           
68:          1.000000e-09 1.000000e+00 1           
69:          1.000000e+00 1.000000e-09 1           
70:          9.275905e-01 7.240953e-02 1           
71:          1.000000e-09 1.000000e+00 1           
72:          1.000000e-09 1.000000e+00 1           
73:          1.000000e-09 1.000000e+00 1           
74:          1.000000e-09 1.000000e+00 1           
75:          1.000000e-09 1.000000e+00 1           
76:          1.000000e-09 1.000000e+00 1           
77:          1.000000e-09 1.000000e+00 1           
78:          9.808754e-02 9.019125e-01 1           
79:          1.000000e-09 1.000000e+00 1           
80:          6.456085e-01 3.543915e-01 1           
81:          1.000000e-09 1.000000e+00 1           
82:          1.000000e-09 1.000000e+00 1           
83:          1.000000e-09 1.000000e+00 1           
84:          1.000000e-09 1.000000e+00 1           
85:          1.000000e-09 1.000000e+00 1           
86:          1.000000e-09 1.000000e+00 1           
87:          1.350131e-01 8.649869e-01 1           
88:          7.771203e-01 2.228797e-01 1           
89:          1.000000e-09 1.000000e+00 1           
90:          8.853848e-01 1.146152e-01 1           
91:          7.122699e-08 9.999999e-01 1           
92:          1.000000e-09 1.000000e+00 1           
93:          1.000000e-09 1.000000e+00 1           
94:          1.000000e-09 1.000000e+00 1           
95:          1.000000e-09 1.000000e+00 1           
96:          1.000000e-09 1.000000e+00 1           
97:          1.000000e-09 1.000000e+00 1           
98:          1.000000e-09 1.000000e+00 1           
99:          1.000000e-09 1.000000e+00 1           
100:         1.000000e-09 1.000000e+00 1           
101:         2.772896e-02 9.722710e-01 1           
102:         1.000000e+00 1.000000e-09 1           
103:         5.636316e-01 4.363684e-01 1           
104:         1.000000e+00 1.000000e-09 1           
105:         1.000000e+00 1.000000e-09 1           
106:         9.999545e-01 4.554039e-05 1           
107:         1.000000e+00 4.375259e-09 1           
108:         1.000000e+00 1.000000e-09 1           
109:         1.000000e+00 1.000000e-09 1           
110:         1.000000e+00 1.000000e-09 1           
111:         1.000000e+00 1.000000e-09 1           
112:         8.861823e-01 1.138177e-01 1           
113:         1.000000e+00 1.000000e-09 1           
114:         1.000000e+00 1.000000e-09 1           
115:         1.000000e+00 1.000000e-09 1           
116:         1.000000e+00 1.000000e-09 1           
117:         1.000000e+00 1.000000e-09 1           
118:         5.141646e-01 4.858354e-01 1           
119:         9.999997e-01 3.187385e-07 1           
120:         1.000000e+00 1.000000e-09 1           
121:         7.655381e-01 2.344619e-01 1           
122:         9.637905e-01 3.620950e-02 1           
123:         6.981631e-01 3.018369e-01 1           
124:         9.000188e-01 9.998121e-02 1           
125:         1.000000e+00 1.686292e-08 1           
126:         1.000000e+00 1.000000e-09 1           
127:         1.000000e+00 1.000000e-09 1           
128:         1.000000e+00 1.000000e-09 1           
129:         1.000000e+00 1.000000e-09 1           
130:         1.000000e+00 1.000000e-09 1           
131:         1.000000e-09 1.000000e+00 1           
132:         1.000000e-09 1.000000e+00 1           
133:         1.000000e-09 1.000000e+00 1           
134:         1.000000e-09 1.000000e+00 1           
135:         1.000000e-09 1.000000e+00 1           
136:         1.000000e-09 1.000000e+00 1           
137:         1.000000e-09 1.000000e+00 1           
138:         1.000000e-09 1.000000e+00 1           
139:         1.000000e-09 1.000000e+00 1           
140:         5.590167e-03 9.944098e-01 1           
141:         1.000000e-09 1.000000e+00 1           
142:         3.745817e-01 6.254183e-01 1           
143:         1.616361e-01 8.383639e-01 1           
144:         1.000000e-09 1.000000e+00 1           
145:         1.243989e-09 1.000000e+00 1           
146:         1.000000e-09 1.000000e+00 1           
147:         1.000000e-09 1.000000e+00 1           
148:         1.000000e-09 1.000000e+00 1           
149:         1.000000e-09 1.000000e+00 1           
150:         3.201235e-01 6.798765e-01 1           
151:         3.521580e-01 6.478420e-01 1           
152:         1.000000e-09 1.000000e+00 1           
153:         1.000000e-09 1.000000e+00 1           
154:         1.000000e-09 1.000000e+00 1           
155:         1.000000e-09 1.000000e+00 1           
156:         1.675986e-01 8.324014e-01 1           
157:         1.527364e-01 8.472636e-01 1           
158:         1.000000e-09 1.000000e+00 1           
159:         4.305678e-01 5.694322e-01 1           
160:         1.000000e-09 1.000000e+00 1           
161:         1.000000e-09 1.000000e+00 1           
162:         1.000000e-09 1.000000e+00 1           
163:         3.375241e-04 9.996625e-01 1           
164:         1.000000e-09 1.000000e+00 1           
165:         2.304227e-01 7.695773e-01 1           
166:         1.000000e-09 1.000000e+00 1           
167:         1.000000e-09 1.000000e+00 1           
168:         1.000000e-09 1.000000e+00 1           
169:         1.000000e-09 1.000000e+00 1           
170:         7.961804e-02 9.203820e-01 1           
171:         1.000000e-09 1.000000e+00 1           
172:         1.000000e-09 1.000000e+00 1           
173:         1.000000e-09 1.000000e+00 1           
174:         1.000000e-09 1.000000e+00 1           
175:         1.000000e-09 1.000000e+00 1           
176:         1.000000e-09 1.000000e+00 1           
177:         1.000000e-09 1.000000e+00 1           
178:         1.000000e-09 1.000000e+00 1           
179:         1.000000e-09 1.000000e+00 1           
180:         1.000000e-09 1.000000e+00 1           
181:         1.000000e+00 1.047002e-08 1           
