  1:   0.2922  0.7078  1
  2:   1.0000  0.0000  1
  3:   1.0000  0.0000  1
  4:   1.0000  0.0000  1
  5:   0.8551  0.1449  1
  6:   1.0000  0.0000  1
  7:   0.9981  0.0019  1
  8:   0.0000  1.0000  1
  9:   0.9352  0.0648  1
 10:   0.0000  1.0000  1
 11:   0.0000  1.0000  1
 12:   1.0000  0.0000  1
 13:   0.9941  0.0059  1
 14:   1.0000  0.0000  1
 15:   1.0000  0.0000  1
 16:   0.6608  0.3392  1
 17:   1.0000  0.0000  1
 18:   1.0000  0.0000  1
 19:   0.8888  0.1112  1
 20:   0.6756  0.3244  1
 21:   0.8230  0.1770  1
 22:   0.6641  0.3359  1
 23:   0.3854  0.6146  1
 24:   0.8783  0.1217  1
 25:   1.0000  0.0000  1
 26:   0.0000  1.0000  1
 27:   0.5797  0.4203  1
 28:   0.3802  0.6198  1
 29:   0.4471  0.5529  1
 30:   0.6499  0.3501  1
 31:   0.8187  0.1813  1
 32:   1.0000  0.0000  1
 33:   0.6390  0.3610  1
 34:   0.8659  0.1341  1
 35:   1.0000  0.0000  1
 36:   1.0000  0.0000  1
 37:   1.0000  0.0000  1
 38:   0.7361  0.2639  1
 39:   0.5675  0.4325  1
 40:   1.0000  0.0000  1
 41:   1.0000  0.0000  1
 42:   0.7924  0.2076  1
 43:   0.0000  1.0000  1
 44:   0.1150  0.8850  1
 45:   0.0000  1.0000  1
 46:   0.0000  1.0000  1
 47:   1.0000  0.0000  1
 48:   0.3506  0.6494  1
 49:   0.0000  1.0000  1
 50:   0.0000  1.0000  1
 51:   0.0000  1.0000  1
 52:   0.0000  1.0000  1
 53:   0.0000  1.0000  1
 54:   0.0000  1.0000  1
 55:   0.0483  0.9517  1
 56:   0.0000  1.0000  1
 57:   0.0000  1.0000  1
 58:   0.0000  1.0000  1
 59:   0.0000  1.0000  1
 60:   0.0000  1.0000  1
 61:   0.0000  1.0000  1
 62:   0.0000  1.0000  1
 63:   0.0000  1.0000  1
 64:   0.0000  1.0000  1
 65:   0.8927  0.1073  1
 66:   1.0000  0.0000  1
 67:   0.1921  0.8079  1
 68:   0.0000  1.0000  1
 69:   1.0000  0.0000  1
 70:   0.9276  0.0724  1
 71:   0.0000  1.0000  1
 72:   0.0000  1.0000  1
 73:   0.0000  1.0000  1
 74:   0.0000  1.0000  1
 75:   0.0000  1.0000  1
 76:   0.0000  1.0000  1
 77:   0.0000  1.0000  1
 78:   0.0981  0.9019  1
 79:   0.0000  1.0000  1
 80:   0.6456  0.3544  1
 81:   0.0000  1.0000  1
 82:   0.0000  1.0000  1
 83:   0.0000  1.0000  1
 84:   0.0000  1.0000  1
 85:   0.0000  1.0000  1
 86:   0.0000  1.0000  1
 87:   0.1350  0.8650  1
 88:   0.7771  0.2229  1
 89:   0.0000  1.0000  1
 90:   0.8854  0.1146  1
 91:   0.0000  1.0000  1
 92:   0.0000  1.0000  1
 93:   0.0000  1.0000  1
 94:   0.0000  1.0000  1
 95:   0.0000  1.0000  1
 96:   0.0000  1.0000  1
 97:   0.0000  1.0000  1
 98:   0.0000  1.0000  1
 99:   0.0000  1.0000  1
100:   0.0000  1.0000  1
101:   0.0277  0.9723  1
102:   1.0000  0.0000  1
103:   0.5636  0.4364  1
104:   1.0000  0.0000  1
105:   1.0000  0.0000  1
106:   1.0000  0.0000  1
107:   1.0000  0.0000  1
108:   1.0000  0.0000  1
109:   1.0000  0.0000  1
110:   1.0000  0.0000  1
111:   1.0000  0.0000  1
112:   0.8862  0.1138  1
113:   1.0000  0.0000  1
114:   1.0000  0.0000  1
115:   1.0000  0.0000  1
116:   1.0000  0.0000  1
117:   1.0000  0.0000  1
118:   0.5142  0.4858  1
119:   1.0000  0.0000  1
120:   1.0000  0.0000  1
121:   0.7655  0.2345  1
122:   0.9638  0.0362  1
123:   0.6982  0.3018  1
124:   0.9000  0.1000  1
125:   1.0000  0.0000  1
126:   1.0000  0.0000  1
127:   1.0000  0.0000  1
128:   1.0000  0.0000  1
129:   1.0000  0.0000  1
130:   1.0000  0.0000  1
131:   0.0000  1.0000  1
132:   0.0000  1.0000  1
133:   0.0000  1.0000  1
134:   0.0000  1.0000  1
135:   0.0000  1.0000  1
136:   0.0000  1.0000  1
137:   0.0000  1.0000  1
138:   0.0000  1.0000  1
139:   0.0000  1.0000  1
140:   0.0056  0.9944  1
141:   0.0000  1.0000  1
142:   0.3746  0.6254  1
143:   0.1616  0.8384  1
144:   0.0000  1.0000  1
145:   0.0000  1.0000  1
146:   0.0000  1.0000  1
147:   0.0000  1.0000  1
148:   0.0000  1.0000  1
149:   0.0000  1.0000  1
150:   0.3201  0.6799  1
151:   0.3522  0.6478  1
152:   0.0000  1.0000  1
153:   0.0000  1.0000  1
154:   0.0000  1.0000  1
155:   0.0000  1.0000  1
156:   0.1676  0.8324  1
157:   0.1527  0.8473  1
158:   0.0000  1.0000  1
159:   0.4306  0.5694  1
160:   0.0000  1.0000  1
161:   0.0000  1.0000  1
162:   0.0000  1.0000  1
163:   0.0003  0.9997  1
164:   0.0000  1.0000  1
165:   0.2304  0.7696  1
166:   0.0000  1.0000  1
167:   0.0000  1.0000  1
168:   0.0000  1.0000  1
169:   0.0000  1.0000  1
170:   0.0796  0.9204  1
171:   0.0000  1.0000  1
172:   0.0000  1.0000  1
173:   0.0000  1.0000  1
174:   0.0000  1.0000  1
175:   0.0000  1.0000  1
176:   0.0000  1.0000  1
177:   0.0000  1.0000  1
178:   0.0000  1.0000  1
179:   0.0000  1.0000  1
180:   0.0000  1.0000  1
181:   1.0000  0.0000  1

  1:   0.2922  0.7078  1
  2:   1.0000  0.0000  1
  3:   1.0000  0.0000  1
  4:   1.0000  0.0000  1
  5:   0.8551  0.1449  1
  6:   1.0000  0.0000  1
  7:   0.9981  0.0019  1
  8:   0.0000  1.0000  1
  9:   0.9352  0.0648  1
 10:   0.0000  1.0000  1
 11:   0.0000  1.0000  1
 12:   1.0000  0.0000  1
 13:   0.9941  0.0059  1
 14:   1.0000  0.0000  1
 15:   1.0000  0.0000  1
 16:   0.6608  0.3392  1
 17:   1.0000  0.0000  1
 18:   1.0000  0.0000  1
 19:   0.8888  0.1112  1
 20:   0.6756  0.3244  1
 21:   0.8230  0.1770  1
 22:   0.6641  0.3359  1
 23:   0.3854  0.6146  1
 24:   0.8783  0.1217  1
 25:   1.0000  0.0000  1
 26:   0.0000  1.0000  1
 27:   0.5797  0.4203  1
 28:   0.3802  0.6198  1
 29:   0.4471  0.5529  1
 30:   0.6499  0.3501  1
 31:   0.8187  0.1813  1
 32:   1.0000  0.0000  1
 33:   0.6390  0.3610  1
 34:   0.8659  0.1341  1
 35:   1.0000  0.0000  1
 36:   1.0000  0.0000  1
 37:   1.0000  0.0000  1
 38:   0.7361  0.2639  1
 39:   0.5675  0.4325  1
 40:   1.0000  0.0000  1
 41:   1.0000  0.0000  1
 42:   0.7924  0.2076  1
 43:   0.0000  1.0000  1
 44:   0.1150  0.8850  1
 45:   0.0000  1.0000  1
 46:   0.0000  1.0000  1
 47:   1.0000  0.0000  1
 48:   0.3506  0.6494  1
 49:   0.0000  1.0000  1
 50:   0.0000  1.0000  1
 51:   0.0000  1.0000  1
 52:   0.0000  1.0000  1
 53:   0.0000  1.0000  1
 54:   0.0000  1.0000  1
 55:   0.0483  0.9517  1
 56:   0.0000  1.0000  1
 57:   0.0000  1.0000  1
 58:   0.0000  1.0000  1
 59:   0.0000  1.0000  1
 60:   0.0000  1.0000  1
 61:   0.0000  1.0000  1
 62:   0.0000  1.0000  1
 63:   0.0000  1.0000  1
 64:   0.0000  1.0000  1
 65:   0.8927  0.1073  1
 66:   1.0000  0.0000  1
 67:   0.1921  0.8079  1
 68:   0.0000  1.0000  1
 69:   1.0000  0.0000  1
 70:   0.9276  0.0724  1
 71:   0.0000  1.0000  1
 72:   0.0000  1.0000  1
 73:   0.0000  1.0000  1
 74:   0.0000  1.0000  1
 75:   0.0000  1.0000  1
 76:   0.0000  1.0000  1
 77:   0.0000  1.0000  1
 78:   0.0981  0.9019  1
 79:   0.0000  1.0000  1
 80:   0.6456  0.3544  1
 81:   0.0000  1.0000  1
 82:   0.0000  1.0000  1
 83:   0.0000  1.0000  1
 84:   0.0000  1.0000  1
 85:   0.0000  1.0000  1
 86:   0.0000  1.0000  1
 87:   0.1350  0.8650  1
 88:   0.7771  0.2229  1
 89:   0.0000  1.0000  1
 90:   0.8854  0.1146  1
 91:   0.0000  1.0000  1
 92:   0.0000  1.0000  1
 93:   0.0000  1.0000  1
 94:   0.0000  1.0000  1
 95:   0.0000  1.0000  1
 96:   0.0000  1.0000  1
 97:   0.0000  1.0000  1
 98:   0.0000  1.0000  1
 99:   0.0000  1.0000  1
100:   0.0000  1.0000  1
101:   0.0277  0.9723  1
102:   1.0000  0.0000  1
103:   0.5636  0.4364  1
104:   1.0000  0.0000  1
105:   1.0000  0.0000  1
106:   1.0000  0.0000  1
107:   1.0000  0.0000  1
108:   1.0000  0.0000  1
109:   1.0000  0.0000  1
110:   1.0000  0.0000  1
111:   1.0000  0.0000  1
112:   0.8862  0.1138  1
113:   1.0000  0.0000  1
114:   1.0000  0.0000  1
115:   1.0000  0.0000  1
116:   1.0000  0.0000  1
117:   1.0000  0.0000  1
118:   0.5142  0.4858  1
119:   1.0000  0.0000  1
120:   1.0000  0.0000  1
121:   0.7655  0.2345  1
122:   0.9638  0.0362  1
123:   0.6982  0.3018  1
124:   0.9000  0.1000  1
125:   1.0000  0.0000  1
126:   1.0000  0.0000  1
127:   1.0000  0.0000  1
128:   1.0000  0.0000  1
129:   1.0000  0.0000  1
130:   1.0000  0.0000  1
131:   0.0000  1.0000  1
132:   0.0000  1.0000  1
133:   0.0000  1.0000  1
134:   0.0000  1.0000  1
135:   0.0000  1.0000  1
136:   0.0000  1.0000  1
137:   0.0000  1.0000  1
138:   0.0000  1.0000  1
139:   0.0000  1.0000  1
140:   0.0056  0.9944  1
141:   0.0000  1.0000  1
142:   0.3746  0.6254  1
143:   0.1616  0.8384  1
144:   0.0000  1.0000  1
145:   0.0000  1.0000  1
146:   0.0000  1.0000  1
147:   0.0000  1.0000  1
148:   0.0000  1.0000  1
149:   0.0000  1.0000  1
150:   0.3201  0.6799  1
151:   0.3522  0.6478  1
152:   0.0000  1.0000  1
153:   0.0000  1.0000  1
154:   0.0000  1.0000  1
155:   0.0000  1.0000  1
156:   0.1676  0.8324  1
157:   0.1527  0.8473  1
158:   0.0000  1.0000  1
159:   0.4306  0.5694  1
160:   0.0000  1.0000  1
161:   0.0000  1.0000  1
162:   0.0000  1.0000  1
163:   0.0003  0.9997  1
164:   0.0000  1.0000  1
165:   0.2304  0.7696  1
166:   0.0000  1.0000  1
167:   0.0000  1.0000  1
168:   0.0000  1.0000  1
169:   0.0000  1.0000  1
170:   0.0796  0.9204  1
171:   0.0000  1.0000  1
172:   0.0000  1.0000  1
173:   0.0000  1.0000  1
174:   0.0000  1.0000  1
175:   0.0000  1.0000  1
176:   0.0000  1.0000  1
177:   0.0000  1.0000  1
178:   0.0000  1.0000  1
179:   0.0000  1.0000  1
180:   0.0000  1.0000  1
181:   1.0000  0.0000  1

  1:   0.2922  0.7078  1
  2:   1.0000  0.0000  1
  3:   1.0000  0.0000  1
  4:   1.0000  0.0000  1
  5:   0.8551  0.1449  1
  6:   1.0000  0.0000  1
  7:   0.9981  0.0019  1
  8:   0.0000  1.0000  1
  9:   0.9352  0.0648  1
 10:   0.0000  1.0000  1
 11:   0.0000  1.0000  1
 12:   1.0000  0.0000  1
 13:   0.9941  0.0059  1
 14:   1.0000  0.0000  1
 15:   1.0000  0.0000  1
 16:   0.6608  0.3392  1
 17:   1.0000  0.0000  1
 18:   1.0000  0.0000  1
 19:   0.8888  0.1112  1
 20:   0.6756  0.3244  1
 21:   0.8230  0.1770  1
 22:   0.6641  0.3359  1
 23:   0.3854  0.6146  1
 24:   0.8783  0.1217  1
 25:   1.0000  0.0000  1
 26:   0.0000  1.0000  1
 27:   0.5797  0.4203  1
 28:   0.3802  0.6198  1
 29:   0.4471  0.5529  1
 30:   0.6499  0.3501  1
 31:   0.8187  0.1813  1
 32:   1.0000  0.0000  1
 33:   0.6390  0.3610  1
 34:   0.8659  0.1341  1
 35:   1.0000  0.0000  1
 36:   1.0000  0.0000  1
 37:   1.0000  0.0000  1
 38:   0.7361  0.2639  1
 39:   0.5675  0.4325  1
 40:   1.0000  0.0000  1
 41:   1.0000  0.0000  1
 42:   0.7924  0.2076  1
 43:   0.0000  1.0000  1
 44:   0.1150  0.8850  1
 45:   0.0000  1.0000  1
 46:   0.0000  1.0000  1
 47:   1.0000  0.0000  1
 48:   0.3506  0.6494  1
 49:   0.0000  1.0000  1
 50:   0.0000  1.0000  1
 51:   0.0000  1.0000  1
 52:   0.0000  1.0000  1
 53:   0.0000  1.0000  1
 54:   0.0000  1.0000  1
 55:   0.0483  0.9517  1
 56:   0.0000  1.0000  1
 57:   0.0000  1.0000  1
 58:   0.0000  1.0000  1
 59:   0.0000  1.0000  1
 60:   0.0000  1.0000  1
 61:   0.0000  1.0000  1
 62:   0.0000  1.0000  1
 63:   0.0000  1.0000  1
 64:   0.0000  1.0000  1
 65:   0.8927  0.1073  1
 66:   1.0000  0.0000  1
 67:   0.1921  0.8079  1
 68:   0.0000  1.0000  1
 69:   1.0000  0.0000  1
 70:   0.9276  0.0724  1
 71:   0.0000  1.0000  1
 72:   0.0000  1.0000  1
 73:   0.0000  1.0000  1
 74:   0.0000  1.0000  1
 75:   0.0000  1.0000  1
 76:   0.0000  1.0000  1
 77:   0.0000  1.0000  1
 78:   0.0981  0.9019  1
 79:   0.0000  1.0000  1
 80:   0.6456  0.3544  1
 81:   0.0000  1.0000  1
 82:   0.0000  1.0000  1
 83:   0.0000  1.0000  1
 84:   0.0000  1.0000  1
 85:   0.0000  1.0000  1
 86:   0.0000  1.0000  1
 87:   0.1350  0.8650  1
 88:   0.7771  0.2229  1
 89:   0.0000  1.0000  1
 90:   0.8854  0.1146  1
 91:   0.0000  1.0000  1
 92:   0.0000  1.0000  1
 93:   0.0000  1.0000  1
 94:   0.0000  1.0000  1
 95:   0.0000  1.0000  1
 96:   0.0000  1.0000  1
 97:   0.0000  1.0000  1
 98:   0.0000  1.0000  1
 99:   0.0000  1.0000  1
100:   0.0000  1.0000  1
101:   0.0277  0.9723  1
102:   1.0000  0.0000  1
103:   0.5636  0.4364  1
104:   1.0000  0.0000  1
105:   1.0000  0.0000  1
106:   1.0000  0.0000  1
107:   1.0000  0.0000  1
108:   1.0000  0.0000  1
109:   1.0000  0.0000  1
110:   1.0000  0.0000  1
111:   1.0000  0.0000  1
112:   0.8862  0.1138  1
113:   1.0000  0.0000  1
114:   1.0000  0.0000  1
115:   1.0000  0.0000  1
116:   1.0000  0.0000  1
117:   1.0000  0.0000  1
118:   0.5142  0.4858  1
119:   1.0000  0.0000  1
120:   1.0000  0.0000  1
121:   0.7655  0.2345  1
122:   0.9638  0.0362  1
123:   0.6982  0.3018  1
124:   0.9000  0.1000  1
125:   1.0000  0.0000  1
126:   1.0000  0.0000  1
127:   1.0000  0.0000  1
128:   1.0000  0.0000  1
129:   1.0000  0.0000  1
130:   1.0000  0.0000  1
131:   0.0000  1.0000  1
132:   0.0000  1.0000  1
133:   0.0000  1.0000  1
134:   0.0000  1.0000  1
135:   0.0000  1.0000  1
136:   0.0000  1.0000  1
137:   0.0000  1.0000  1
138:   0.0000  1.0000  1
139:   0.0000  1.0000  1
140:   0.0056  0.9944  1
141:   0.0000  1.0000  1
142:   0.3746  0.6254  1
143:   0.1616  0.8384  1
144:   0.0000  1.0000  1
145:   0.0000  1.0000  1
146:   0.0000  1.0000  1
147:   0.0000  1.0000  1
148:   0.0000  1.0000  1
149:   0.0000  1.0000  1
150:   0.3201  0.6799  1
151:   0.3522  0.6478  1
152:   0.0000  1.0000  1
153:   0.0000  1.0000  1
154:   0.0000  1.0000  1
155:   0.0000  1.0000  1
156:   0.1676  0.8324  1
157:   0.1527  0.8473  1
158:   0.0000  1.0000  1
159:   0.4306  0.5694  1
160:   0.0000  1.0000  1
161:   0.0000  1.0000  1
162:   0.0000  1.0000  1
163:   0.0003  0.9997  1
164:   0.0000  1.0000  1
165:   0.2304  0.7696  1
166:   0.0000  1.0000  1
167:   0.0000  1.0000  1
168:   0.0000  1.0000  1
169:   0.0000  1.0000  1
170:   0.0796  0.9204  1
171:   0.0000  1.0000  1
172:   0.0000  1.0000  1
173:   0.0000  1.0000  1
174:   0.0000  1.0000  1
175:   0.0000  1.0000  1
176:   0.0000  1.0000  1
177:   0.0000  1.0000  1
178:   0.0000  1.0000  1
179:   0.0000  1.0000  1
180:   0.0000  1.0000  1
181:   1.0000  0.0000  1

  1:   0.2922  0.7078  1
  2:   1.0000  0.0000  1
  3:   1.0000  0.0000  1
  4:   1.0000  0.0000  1
  5:   0.8551  0.1449  1
  6:   1.0000  0.0000  1
  7:   0.9981  0.0019  1
  8:   0.0000  1.0000  1
  9:   0.9352  0.0648  1
 10:   0.0000  1.0000  1
 11:   0.0000  1.0000  1
 12:   1.0000  0.0000  1
 13:   0.9941  0.0059  1
 14:   1.0000  0.0000  1
 15:   1.0000  0.0000  1
 16:   0.6608  0.3392  1
 17:   1.0000  0.0000  1
 18:   1.0000  0.0000  1
 19:   0.8888  0.1112  1
 20:   0.6756  0.3244  1
 21:   0.8230  0.1770  1
 22:   0.6641  0.3359  1
 23:   0.3854  0.6146  1
 24:   0.8783  0.1217  1
 25:   1.0000  0.0000  1
 26:   0.0000  1.0000  1
 27:   0.5797  0.4203  1
 28:   0.3802  0.6198  1
 29:   0.4471  0.5529  1
 30:   0.6499  0.3501  1
 31:   0.8187  0.1813  1
 32:   1.0000  0.0000  1
 33:   0.6390  0.3610  1
 34:   0.8659  0.1341  1
 35:   1.0000  0.0000  1
 36:   1.0000  0.0000  1
 37:   1.0000  0.0000  1
 38:   0.7361  0.2639  1
 39:   0.5675  0.4325  1
 40:   1.0000  0.0000  1
 41:   1.0000  0.0000  1
 42:   0.7924  0.2076  1
 43:   0.0000  1.0000  1
 44:   0.1150  0.8850  1
 45:   0.0000  1.0000  1
 46:   0.0000  1.0000  1
 47:   1.0000  0.0000  1
 48:   0.3506  0.6494  1
 49:   0.0000  1.0000  1
 50:   0.0000  1.0000  1
 51:   0.0000  1.0000  1
 52:   0.0000  1.0000  1
 53:   0.0000  1.0000  1
 54:   0.0000  1.0000  1
 55:   0.0483  0.9517  1
 56:   0.0000  1.0000  1
 57:   0.0000  1.0000  1
 58:   0.0000  1.0000  1
 59:   0.0000  1.0000  1
 60:   0.0000  1.0000  1
 61:   0.0000  1.0000  1
 62:   0.0000  1.0000  1
 63:   0.0000  1.0000  1
 64:   0.0000  1.0000  1
 65:   0.8927  0.1073  1
 66:   1.0000  0.0000  1
 67:   0.1921  0.8079  1
 68:   0.0000  1.0000  1
 69:   1.0000  0.0000  1
 70:   0.9276  0.0724  1
 71:   0.0000  1.0000  1
 72:   0.0000  1.0000  1
 73:   0.0000  1.0000  1
 74:   0.0000  1.0000  1
 75:   0.0000  1.0000  1
 76:   0.0000  1.0000  1
 77:   0.0000  1.0000  1
 78:   0.0981  0.9019  1
 79:   0.0000  1.0000  1
 80:   0.6456  0.3544  1
 81:   0.0000  1.0000  1
 82:   0.0000  1.0000  1
 83:   0.0000  1.0000  1
 84:   0.0000  1.0000  1
 85:   0.0000  1.0000  1
 86:   0.0000  1.0000  1
 87:   0.1350  0.8650  1
 88:   0.7771  0.2229  1
 89:   0.0000  1.0000  1
 90:   0.8854  0.1146  1
 91:   0.0000  1.0000  1
 92:   0.0000  1.0000  1
 93:   0.0000  1.0000  1
 94:   0.0000  1.0000  1
 95:   0.0000  1.0000  1
 96:   0.0000  1.0000  1
 97:   0.0000  1.0000  1
 98:   0.0000  1.0000  1
 99:   0.0000  1.0000  1
100:   0.0000  1.0000  1
101:   0.0277  0.9723  1
102:   1.0000  0.0000  1
103:   0.5636  0.4364  1
104:   1.0000  0.0000  1
105:   1.0000  0.0000  1
106:   1.0000  0.0000  1
107:   1.0000  0.0000  1
108:   1.0000  0.0000  1
109:   1.0000  0.0000  1
110:   1.0000  0.0000  1
111:   1.0000  0.0000  1
112:   0.8862  0.1138  1
113:   1.0000  0.0000  1
114:   1.0000  0.0000  1
115:   1.0000  0.0000  1
116:   1.0000  0.0000  1
117:   1.0000  0.0000  1
118:   0.5142  0.4858  1
119:   1.0000  0.0000  1
120:   1.0000  0.0000  1
121:   0.7655  0.2345  1
122:   0.9638  0.0362  1
123:   0.6982  0.3018  1
124:   0.9000  0.1000  1
125:   1.0000  0.0000  1
126:   1.0000  0.0000  1
127:   1.0000  0.0000  1
128:   1.0000  0.0000  1
129:   1.0000  0.0000  1
130:   1.0000  0.0000  1
131:   0.0000  1.0000  1
132:   0.0000  1.0000  1
133:   0.0000  1.0000  1
134:   0.0000  1.0000  1
135:   0.0000  1.0000  1
136:   0.0000  1.0000  1
137:   0.0000  1.0000  1
138:   0.0000  1.0000  1
139:   0.0000  1.0000  1
140:   0.0056  0.9944  1
141:   0.0000  1.0000  1
142:   0.3746  0.6254  1
143:   0.1616  0.8384  1
144:   0.0000  1.0000  1
145:   0.0000  1.0000  1
146:   0.0000  1.0000  1
147:   0.0000  1.0000  1
148:   0.0000  1.0000  1
149:   0.0000  1.0000  1
150:   0.3201  0.6799  1
151:   0.3522  0.6478  1
152:   0.0000  1.0000  1
153:   0.0000  1.0000  1
154:   0.0000  1.0000  1
155:   0.0000  1.0000  1
156:   0.1676  0.8324  1
157:   0.1527  0.8473  1
158:   0.0000  1.0000  1
159:   0.4306  0.5694  1
160:   0.0000  1.0000  1
161:   0.0000  1.0000  1
162:   0.0000  1.0000  1
163:   0.0003  0.9997  1
164:   0.0000  1.0000  1
165:   0.2304  0.7696  1
166:   0.0000  1.0000  1
167:   0.0000  1.0000  1
168:   0.0000  1.0000  1
169:   0.0000  1.0000  1
170:   0.0796  0.9204  1
171:   0.0000  1.0000  1
172:   0.0000  1.0000  1
173:   0.0000  1.0000  1
174:   0.0000  1.0000  1
175:   0.0000  1.0000  1
176:   0.0000  1.0000  1
177:   0.0000  1.0000  1
178:   0.0000  1.0000  1
179:   0.0000  1.0000  1
180:   0.0000  1.0000  1
181:   1.0000  0.0000  1

  1:   0.2922  0.7078  1
  2:   1.0000  0.0000  1
  3:   1.0000  0.0000  1
  4:   1.0000  0.0000  1
  5:   0.8551  0.1449  1
  6:   1.0000  0.0000  1
  7:   0.9981  0.0019  1
  8:   0.0000  1.0000  1
  9:   0.9352  0.0648  1
 10:   0.0000  1.0000  1
 11:   0.0000  1.0000  1
 12:   1.0000  0.0000  1
 13:   0.9941  0.0059  1
 14:   1.0000  0.0000  1
 15:   1.0000  0.0000  1
 16:   0.6608  0.3392  1
 17:   1.0000  0.0000  1
 18:   1.0000  0.0000  1
 19:   0.8888  0.1112  1
 20:   0.6756  0.3244  1
 21:   0.8230  0.1770  1
 22:   0.6641  0.3359  1
 23:   0.3854  0.6146  1
 24:   0.8783  0.1217  1
 25:   1.0000  0.0000  1
 26:   0.0000  1.0000  1
 27:   0.5797  0.4203  1
 28:   0.3802  0.6198  1
 29:   0.4471  0.5529  1
 30:   0.6499  0.3501  1
 31:   0.8187  0.1813  1
 32:   1.0000  0.0000  1
 33:   0.6390  0.3610  1
 34:   0.8659  0.1341  1
 35:   1.0000  0.0000  1
 36:   1.0000  0.0000  1
 37:   1.0000  0.0000  1
 38:   0.7361  0.2639  1
 39:   0.5675  0.4325  1
 40:   1.0000  0.0000  1
 41:   1.0000  0.0000  1
 42:   0.7924  0.2076  1
 43:   0.0000  1.0000  1
 44:   0.1150  0.8850  1
 45:   0.0000  1.0000  1
 46:   0.0000  1.0000  1
 47:   1.0000  0.0000  1
 48:   0.3506  0.6494  1
 49:   0.0000  1.0000  1
 50:   0.0000  1.0000  1
 51:   0.0000  1.0000  1
 52:   0.0000  1.0000  1
 53:   0.0000  1.0000  1
 54:   0.0000  1.0000  1
 55:   0.0483  0.9517  1
 56:   0.0000  1.0000  1
 57:   0.0000  1.0000  1
 58:   0.0000  1.0000  1
 59:   0.0000  1.0000  1
 60:   0.0000  1.0000  1
 61:   0.0000  1.0000  1
 62:   0.0000  1.0000  1
 63:   0.0000  1.0000  1
 64:   0.0000  1.0000  1
 65:   0.8927  0.1073  1
 66:   1.0000  0.0000  1
 67:   0.1921  0.8079  1
 68:   0.0000  1.0000  1
 69:   1.0000  0.0000  1
 70:   0.9276  0.0724  1
 71:   0.0000  1.0000  1
 72:   0.0000  1.0000  1
 73:   0.0000  1.0000  1
 74:   0.0000  1.0000  1
 75:   0.0000  1.0000  1
 76:   0.0000  1.0000  1
 77:   0.0000  1.0000  1
 78:   0.0981  0.9019  1
 79:   0.0000  1.0000  1
 80:   0.6456  0.3544  1
 81:   0.0000  1.0000  1
 82:   0.0000  1.0000  1
 83:   0.0000  1.0000  1
 84:   0.0000  1.0000  1
 85:   0.0000  1.0000  1
 86:   0.0000  1.0000  1
 87:   0.1350  0.8650  1
 88:   0.7771  0.2229  1
 89:   0.0000  1.0000  1
 90:   0.8854  0.1146  1
 91:   0.0000  1.0000  1
 92:   0.0000  1.0000  1
 93:   0.0000  1.0000  1
 94:   0.0000  1.0000  1
 95:   0.0000  1.0000  1
 96:   0.0000  1.0000  1
 97:   0.0000  1.0000  1
 98:   0.0000  1.0000  1
 99:   0.0000  1.0000  1
100:   0.0000  1.0000  1
101:   0.0277  0.9723  1
102:   1.0000  0.0000  1
103:   0.5636  0.4364  1
104:   1.0000  0.0000  1
105:   1.0000  0.0000  1
106:   1.0000  0.0000  1
107:   1.0000  0.0000  1
108:   1.0000  0.0000  1
109:   1.0000  0.0000  1
110:   1.0000  0.0000  1
111:   1.0000  0.0000  1
112:   0.8862  0.1138  1
113:   1.0000  0.0000  1
114:   1.0000  0.0000  1
115:   1.0000  0.0000  1
116:   1.0000  0.0000  1
117:   1.0000  0.0000  1
118:   0.5142  0.4858  1
119:   1.0000  0.0000  1
120:   1.0000  0.0000  1
121:   0.7655  0.2345  1
122:   0.9638  0.0362  1
123:   0.6982  0.3018  1
124:   0.9000  0.1000  1
125:   1.0000  0.0000  1
126:   1.0000  0.0000  1
127:   1.0000  0.0000  1
128:   1.0000  0.0000  1
129:   1.0000  0.0000  1
130:   1.0000  0.0000  1
131:   0.0000  1.0000  1
132:   0.0000  1.0000  1
133:   0.0000  1.0000  1
134:   0.0000  1.0000  1
135:   0.0000  1.0000  1
136:   0.0000  1.0000  1
137:   0.0000  1.0000  1
138:   0.0000  1.0000  1
139:   0.0000  1.0000  1
140:   0.0056  0.9944  1
141:   0.0000  1.0000  1
142:   0.3746  0.6254  1
143:   0.1616  0.8384  1
144:   0.0000  1.0000  1
145:   0.0000  1.0000  1
146:   0.0000  1.0000  1
147:   0.0000  1.0000  1
148:   0.0000  1.0000  1
149:   0.0000  1.0000  1
150:   0.3201  0.6799  1
151:   0.3522  0.6478  1
152:   0.0000  1.0000  1
153:   0.0000  1.0000  1
154:   0.0000  1.0000  1
155:   0.0000  1.0000  1
156:   0.1676  0.8324  1
157:   0.1527  0.8473  1
158:   0.0000  1.0000  1
159:   0.4306  0.5694  1
160:   0.0000  1.0000  1
161:   0.0000  1.0000  1
162:   0.0000  1.0000  1
163:   0.0003  0.9997  1
164:   0.0000  1.0000  1
165:   0.2304  0.7696  1
166:   0.0000  1.0000  1
167:   0.0000  1.0000  1
168:   0.0000  1.0000  1
169:   0.0000  1.0000  1
170:   0.0796  0.9204  1
171:   0.0000  1.0000  1
172:   0.0000  1.0000  1
173:   0.0000  1.0000  1
174:   0.0000  1.0000  1
175:   0.0000  1.0000  1
176:   0.0000  1.0000  1
177:   0.0000  1.0000  1
178:   0.0000  1.0000  1
179:   0.0000  1.0000  1
180:   0.0000  1.0000  1
181:   1.0000  0.0000  1

  1:   0.2922  0.7078  1
  2:   1.0000  0.0000  1
  3:   1.0000  0.0000  1
  4:   1.0000  0.0000  1
  5:   0.8551  0.1449  1
  6:   1.0000  0.0000  1
  7:   0.9981  0.0019  1
  8:   0.0000  1.0000  1
  9:   0.9352  0.0648  1
 10:   0.0000  1.0000  1
 11:   0.0000  1.0000  1
 12:   1.0000  0.0000  1
 13:   0.9941  0.0059  1
 14:   1.0000  0.0000  1
 15:   1.0000  0.0000  1
 16:   0.6608  0.3392  1
 17:   1.0000  0.0000  1
 18:   1.0000  0.0000  1
 19:   0.8888  0.1112  1
 20:   0.6756  0.3244  1
 21:   0.8230  0.1770  1
 22:   0.6641  0.3359  1
 23:   0.3854  0.6146  1
 24:   0.8783  0.1217  1
 25:   1.0000  0.0000  1
 26:   0.0000  1.0000  1
 27:   0.5797  0.4203  1
 28:   0.3802  0.6198  1
 29:   0.4471  0.5529  1
 30:   0.6499  0.3501  1
 31:   0.8187  0.1813  1
 32:   1.0000  0.0000  1
 33:   0.6390  0.3610  1
 34:   0.8659  0.1341  1
 35:   1.0000  0.0000  1
 36:   1.0000  0.0000  1
 37:   1.0000  0.0000  1
 38:   0.7361  0.2639  1
 39:   0.5675  0.4325  1
 40:   1.0000  0.0000  1
 41:   1.0000  0.0000  1
 42:   0.7924  0.2076  1
 43:   0.0000  1.0000  1
 44:   0.1150  0.8850  1
 45:   0.0000  1.0000  1
 46:   0.0000  1.0000  1
 47:   1.0000  0.0000  1
 48:   0.3506  0.6494  1
 49:   0.0000  1.0000  1
 50:   0.0000  1.0000  1
 51:   0.0000  1.0000  1
 52:   0.0000  1.0000  1
 53:   0.0000  1.0000  1
 54:   0.0000  1.0000  1
 55:   0.0483  0.9517  1
 56:   0.0000  1.0000  1
 57:   0.0000  1.0000  1
 58:   0.0000  1.0000  1
 59:   0.0000  1.0000  1
 60:   0.0000  1.0000  1
 61:   0.0000  1.0000  1
 62:   0.0000  1.0000  1
 63:   0.0000  1.0000  1
 64:   0.0000  1.0000  1
 65:   0.8927  0.1073  1
 66:   1.0000  0.0000  1
 67:   0.1921  0.8079  1
 68:   0.0000  1.0000  1
 69:   1.0000  0.0000  1
 70:   0.9276  0.0724  1
 71:   0.0000  1.0000  1
 72:   0.0000  1.0000  1
 73:   0.0000  1.0000  1
 74:   0.0000  1.0000  1
 75:   0.0000  1.0000  1
 76:   0.0000  1.0000  1
 77:   0.0000  1.0000  1
 78:   0.0981  0.9019  1
 79:   0.0000  1.0000  1
 80:   0.6456  0.3544  1
 81:   0.0000  1.0000  1
 82:   0.0000  1.0000  1
 83:   0.0000  1.0000  1
 84:   0.0000  1.0000  1
 85:   0.0000  1.0000  1
 86:   0.0000  1.0000  1
 87:   0.1350  0.8650  1
 88:   0.7771  0.2229  1
 89:   0.0000  1.0000  1
 90:   0.8854  0.1146  1
 91:   0.0000  1.0000  1
 92:   0.0000  1.0000  1
 93:   0.0000  1.0000  1
 94:   0.0000  1.0000  1
 95:   0.0000  1.0000  1
 96:   0.0000  1.0000  1
 97:   0.0000  1.0000  1
 98:   0.0000  1.0000  1
 99:   0.0000  1.0000  1
100:   0.0000  1.0000  1
101:   0.0277  0.9723  1
102:   1.0000  0.0000  1
103:   0.5636  0.4364  1
104:   1.0000  0.0000  1
105:   1.0000  0.0000  1
106:   1.0000  0.0000  1
107:   1.0000  0.0000  1
108:   1.0000  0.0000  1
109:   1.0000  0.0000  1
110:   1.0000  0.0000  1
111:   1.0000  0.0000  1
112:   0.8862  0.1138  1
113:   1.0000  0.0000  1
114:   1.0000  0.0000  1
115:   1.0000  0.0000  1
116:   1.0000  0.0000  1
117:   1.0000  0.0000  1
118:   0.5142  0.4858  1
119:   1.0000  0.0000  1
120:   1.0000  0.0000  1
121:   0.7655  0.2345  1
122:   0.9638  0.0362  1
123:   0.6982  0.3018  1
124:   0.9000  0.1000  1
125:   1.0000  0.0000  1
126:   1.0000  0.0000  1
127:   1.0000  0.0000  1
128:   1.0000  0.0000  1
129:   1.0000  0.0000  1
130:   1.0000  0.0000  1
131:   0.0000  1.0000  1
132:   0.0000  1.0000  1
133:   0.0000  1.0000  1
134:   0.0000  1.0000  1
135:   0.0000  1.0000  1
136:   0.0000  1.0000  1
137:   0.0000  1.0000  1
138:   0.0000  1.0000  1
139:   0.0000  1.0000  1
140:   0.0056  0.9944  1
141:   0.0000  1.0000  1
142:   0.3746  0.6254  1
143:   0.1616  0.8384  1
144:   0.0000  1.0000  1
145:   0.0000  1.0000  1
146:   0.0000  1.0000  1
147:   0.0000  1.0000  1
148:   0.0000  1.0000  1
149:   0.0000  1.0000  1
150:   0.3201  0.6799  1
151:   0.3522  0.6478  1
152:   0.0000  1.0000  1
153:   0.0000  1.0000  1
154:   0.0000  1.0000  1
155:   0.0000  1.0000  1
156:   0.1676  0.8324  1
157:   0.1527  0.8473  1
158:   0.0000  1.0000  1
159:   0.4306  0.5694  1
160:   0.0000  1.0000  1
161:   0.0000  1.0000  1
162:   0.0000  1.0000  1
163:   0.0003  0.9997  1
164:   0.0000  1.0000  1
165:   0.2304  0.7696  1
166:   0.0000  1.0000  1
167:   0.0000  1.0000  1
168:   0.0000  1.0000  1
169:   0.0000  1.0000  1
170:   0.0796  0.9204  1
171:   0.0000  1.0000  1
172:   0.0000  1.0000  1
173:   0.0000  1.0000  1
174:   0.0000  1.0000  1
175:   0.0000  1.0000  1
176:   0.0000  1.0000  1
177:   0.0000  1.0000  1
178:   0.0000  1.0000  1
179:   0.0000  1.0000  1
180:   0.0000  1.0000  1
181:   1.0000  0.0000  1

  1:   0.2922  0.7078  1
  2:   1.0000  0.0000  1
  3:   1.0000  0.0000  1
  4:   1.0000  0.0000  1
  5:   0.8551  0.1449  1
  6:   1.0000  0.0000  1
  7:   0.9981  0.0019  1
  8:   0.0000  1.0000  1
  9:   0.9352  0.0648  1
 10:   0.0000  1.0000  1
 11:   0.0000  1.0000  1
 12:   1.0000  0.0000  1
 13:   0.9941  0.0059  1
 14:   1.0000  0.0000  1
 15:   1.0000  0.0000  1
 16:   0.6608  0.3392  1
 17:   1.0000  0.0000  1
 18:   1.0000  0.0000  1
 19:   0.8888  0.1112  1
 20:   0.6756  0.3244  1
 21:   0.8230  0.1770  1
 22:   0.6641  0.3359  1
 23:   0.3854  0.6146  1
 24:   0.8783  0.1217  1
 25:   1.0000  0.0000  1
 26:   0.0000  1.0000  1
 27:   0.5797  0.4203  1
 28:   0.3802  0.6198  1
 29:   0.4471  0.5529  1
 30:   0.6499  0.3501  1
 31:   0.8187  0.1813  1
 32:   1.0000  0.0000  1
 33:   0.6390  0.3610  1
 34:   0.8659  0.1341  1
 35:   1.0000  0.0000  1
 36:   1.0000  0.0000  1
 37:   1.0000  0.0000  1
 38:   0.7361  0.2639  1
 39:   0.5675  0.4325  1
 40:   1.0000  0.0000  1
 41:   1.0000  0.0000  1
 42:   0.7924  0.2076  1
 43:   0.0000  1.0000  1
 44:   0.1150  0.8850  1
 45:   0.0000  1.0000  1
 46:   0.0000  1.0000  1
 47:   1.0000  0.0000  1
 48:   0.3506  0.6494  1
 49:   0.0000  1.0000  1
 50:   0.0000  1.0000  1
 51:   0.0000  1.0000  1
 52:   0.0000  1.0000  1
 53:   0.0000  1.0000  1
 54:   0.0000  1.0000  1
 55:   0.0483  0.9517  1
 56:   0.0000  1.0000  1
 57:   0.0000  1.0000  1
 58:   0.0000  1.0000  1
 59:   0.0000  1.0000  1
 60:   0.0000  1.0000  1
 61:   0.0000  1.0000  1
 62:   0.0000  1.0000  1
 63:   0.0000  1.0000  1
 64:   0.0000  1.0000  1
 65:   0.8927  0.1073  1
 66:   1.0000  0.0000  1
 67:   0.1921  0.8079  1
 68:   0.0000  1.0000  1
 69:   1.0000  0.0000  1
 70:   0.9276  0.0724  1
 71:   0.0000  1.0000  1
 72:   0.0000  1.0000  1
 73:   0.0000  1.0000  1
 74:   0.0000  1.0000  1
 75:   0.0000  1.0000  1
 76:   0.0000  1.0000  1
 77:   0.0000  1.0000  1
 78:   0.0981  0.9019  1
 79:   0.0000  1.0000  1
 80:   0.6456  0.3544  1
 81:   0.0000  1.0000  1
 82:   0.0000  1.0000  1
 83:   0.0000  1.0000  1
 84:   0.0000  1.0000  1
 85:   0.0000  1.0000  1
 86:   0.0000  1.0000  1
 87:   0.1350  0.8650  1
 88:   0.7771  0.2229  1
 89:   0.0000  1.0000  1
 90:   0.8854  0.1146  1
 91:   0.0000  1.0000  1
 92:   0.0000  1.0000  1
 93:   0.0000  1.0000  1
 94:   0.0000  1.0000  1
 95:   0.0000  1.0000  1
 96:   0.0000  1.0000  1
 97:   0.0000  1.0000  1
 98:   0.0000  1.0000  1
 99:   0.0000  1.0000  1
100:   0.0000  1.0000  1
101:   0.0277  0.9723  1
102:   1.0000  0.0000  1
103:   0.5636  0.4364  1
104:   1.0000  0.0000  1
105:   1.0000  0.0000  1
106:   1.0000  0.0000  1
107:   1.0000  0.0000  1
108:   1.0000  0.0000  1
109:   1.0000  0.0000  1
110:   1.0000  0.0000  1
111:   1.0000  0.0000  1
112:   0.8862  0.1138  1
113:   1.0000  0.0000  1
114:   1.0000  0.0000  1
115:   1.0000  0.0000  1
116:   1.0000  0.0000  1
117:   1.0000  0.0000  1
118:   0.5142  0.4858  1
119:   1.0000  0.0000  1
120:   1.0000  0.0000  1
121:   0.7655  0.2345  1
122:   0.9638  0.0362  1
123:   0.6982  0.3018  1
124:   0.9000  0.1000  1
125:   1.0000  0.0000  1
126:   1.0000  0.0000  1
127:   1.0000  0.0000  1
128:   1.0000  0.0000  1
129:   1.0000  0.0000  1
130:   1.0000  0.0000  1
131:   0.0000  1.0000  1
132:   0.0000  1.0000  1
133:   0.0000  1.0000  1
134:   0.0000  1.0000  1
135:   0.0000  1.0000  1
136:   0.0000  1.0000  1
137:   0.0000  1.0000  1
138:   0.0000  1.0000  1
139:   0.0000  1.0000  1
140:   0.0056  0.9944  1
141:   0.0000  1.0000  1
142:   0.3746  0.6254  1
143:   0.1616  0.8384  1
144:   0.0000  1.0000  1
145:   0.0000  1.0000  1
146:   0.0000  1.0000  1
147:   0.0000  1.0000  1
148:   0.0000  1.0000  1
149:   0.0000  1.0000  1
150:   0.3201  0.6799  1
151:   0.3522  0.6478  1
152:   0.0000  1.0000  1
153:   0.0000  1.0000  1
154:   0.0000  1.0000  1
155:   0.0000  1.0000  1
156:   0.1676  0.8324  1
157:   0.1527  0.8473  1
158:   0.0000  1.0000  1
159:   0.4306  0.5694  1
160:   0.0000  1.0000  1
161:   0.0000  1.0000  1
162:   0.0000  1.0000  1
163:   0.0003  0.9997  1
164:   0.0000  1.0000  1
165:   0.2304  0.7696  1
166:   0.0000  1.0000  1
167:   0.0000  1.0000  1
168:   0.0000  1.0000  1
169:   0.0000  1.0000  1
170:   0.0796  0.9204  1
171:   0.0000  1.0000  1
172:   0.0000  1.0000  1
173:   0.0000  1.0000  1
174:   0.0000  1.0000  1
175:   0.0000  1.0000  1
176:   0.0000  1.0000  1
177:   0.0000  1.0000  1
178:   0.0000  1.0000  1
179:   0.0000  1.0000  1
180:   0.0000  1.0000  1
181:   1.0000  0.0000  1

  1:   0.2922  0.7078  1
  2:   1.0000  0.0000  1
  3:   1.0000  0.0000  1
  4:   1.0000  0.0000  1
  5:   0.8551  0.1449  1
  6:   1.0000  0.0000  1
  7:   0.9981  0.0019  1
  8:   0.0000  1.0000  1
  9:   0.9352  0.0648  1
 10:   0.0000  1.0000  1
 11:   0.0000  1.0000  1
 12:   1.0000  0.0000  1
 13:   0.9941  0.0059  1
 14:   1.0000  0.0000  1
 15:   1.0000  0.0000  1
 16:   0.6608  0.3392  1
 17:   1.0000  0.0000  1
 18:   1.0000  0.0000  1
 19:   0.8888  0.1112  1
 20:   0.6756  0.3244  1
 21:   0.8230  0.1770  1
 22:   0.6641  0.3359  1
 23:   0.3854  0.6146  1
 24:   0.8783  0.1217  1
 25:   1.0000  0.0000  1
 26:   0.0000  1.0000  1
 27:   0.5797  0.4203  1
 28:   0.3802  0.6198  1
 29:   0.4471  0.5529  1
 30:   0.6499  0.3501  1
 31:   0.8187  0.1813  1
 32:   1.0000  0.0000  1
 33:   0.6390  0.3610  1
 34:   0.8659  0.1341  1
 35:   1.0000  0.0000  1
 36:   1.0000  0.0000  1
 37:   1.0000  0.0000  1
 38:   0.7361  0.2639  1
 39:   0.5675  0.4325  1
 40:   1.0000  0.0000  1
 41:   1.0000  0.0000  1
 42:   0.7924  0.2076  1
 43:   0.0000  1.0000  1
 44:   0.1150  0.8850  1
 45:   0.0000  1.0000  1
 46:   0.0000  1.0000  1
 47:   1.0000  0.0000  1
 48:   0.3506  0.6494  1
 49:   0.0000  1.0000  1
 50:   0.0000  1.0000  1
 51:   0.0000  1.0000  1
 52:   0.0000  1.0000  1
 53:   0.0000  1.0000  1
 54:   0.0000  1.0000  1
 55:   0.0483  0.9517  1
 56:   0.0000  1.0000  1
 57:   0.0000  1.0000  1
 58:   0.0000  1.0000  1
 59:   0.0000  1.0000  1
 60:   0.0000  1.0000  1
 61:   0.0000  1.0000  1
 62:   0.0000  1.0000  1
 63:   0.0000  1.0000  1
 64:   0.0000  1.0000  1
 65:   0.8927  0.1073  1
 66:   1.0000  0.0000  1
 67:   0.1921  0.8079  1
 68:   0.0000  1.0000  1
 69:   1.0000  0.0000  1
 70:   0.9276  0.0724  1
 71:   0.0000  1.0000  1
 72:   0.0000  1.0000  1
 73:   0.0000  1.0000  1
 74:   0.0000  1.0000  1
 75:   0.0000  1.0000  1
 76:   0.0000  1.0000  1
 77:   0.0000  1.0000  1
 78:   0.0981  0.9019  1
 79:   0.0000  1.0000  1
 80:   0.6456  0.3544  1
 81:   0.0000  1.0000  1
 82:   0.0000  1.0000  1
 83:   0.0000  1.0000  1
 84:   0.0000  1.0000  1
 85:   0.0000  1.0000  1
 86:   0.0000  1.0000  1
 87:   0.1350  0.8650  1
 88:   0.7771  0.2229  1
 89:   0.0000  1.0000  1
 90:   0.8854  0.1146  1
 91:   0.0000  1.0000  1
 92:   0.0000  1.0000  1
 93:   0.0000  1.0000  1
 94:   0.0000  1.0000  1
 95:   0.0000  1.0000  1
 96:   0.0000  1.0000  1
 97:   0.0000  1.0000  1
 98:   0.0000  1.0000  1
 99:   0.0000  1.0000  1
100:   0.0000  1.0000  1
101:   0.0277  0.9723  1
102:   1.0000  0.0000  1
103:   0.5636  0.4364  1
104:   1.0000  0.0000  1
105:   1.0000  0.0000  1
106:   1.0000  0.0000  1
107:   1.0000  0.0000  1
108:   1.0000  0.0000  1
109:   1.0000  0.0000  1
110:   1.0000  0.0000  1
111:   1.0000  0.0000  1
112:   0.8862  0.1138  1
113:   1.0000  0.0000  1
114:   1.0000  0.0000  1
115:   1.0000  0.0000  1
116:   1.0000  0.0000  1
117:   1.0000  0.0000  1
118:   0.5142  0.4858  1
119:   1.0000  0.0000  1
120:   1.0000  0.0000  1
121:   0.7655  0.2345  1
122:   0.9638  0.0362  1
123:   0.6982  0.3018  1
124:   0.9000  0.1000  1
125:   1.0000  0.0000  1
126:   1.0000  0.0000  1
127:   1.0000  0.0000  1
128:   1.0000  0.0000  1
129:   1.0000  0.0000  1
130:   1.0000  0.0000  1
131:   0.0000  1.0000  1
132:   0.0000  1.0000  1
133:   0.0000  1.0000  1
134:   0.0000  1.0000  1
135:   0.0000  1.0000  1
136:   0.0000  1.0000  1
137:   0.0000  1.0000  1
138:   0.0000  1.0000  1
139:   0.0000  1.0000  1
140:   0.0056  0.9944  1
141:   0.0000  1.0000  1
142:   0.3746  0.6254  1
143:   0.1616  0.8384  1
144:   0.0000  1.0000  1
145:   0.0000  1.0000  1
146:   0.0000  1.0000  1
147:   0.0000  1.0000  1
148:   0.0000  1.0000  1
149:   0.0000  1.0000  1
150:   0.3201  0.6799  1
151:   0.3522  0.6478  1
152:   0.0000  1.0000  1
153:   0.0000  1.0000  1
154:   0.0000  1.0000  1
155:   0.0000  1.0000  1
156:   0.1676  0.8324  1
157:   0.1527  0.8473  1
158:   0.0000  1.0000  1
159:   0.4306  0.5694  1
160:   0.0000  1.0000  1
161:   0.0000  1.0000  1
162:   0.0000  1.0000  1
163:   0.0003  0.9997  1
164:   0.0000  1.0000  1
165:   0.2304  0.7696  1
166:   0.0000  1.0000  1
167:   0.0000  1.0000  1
168:   0.0000  1.0000  1
169:   0.0000  1.0000  1
170:   0.0796  0.9204  1
171:   0.0000  1.0000  1
172:   0.0000  1.0000  1
173:   0.0000  1.0000  1
174:   0.0000  1.0000  1
175:   0.0000  1.0000  1
176:   0.0000  1.0000  1
177:   0.0000  1.0000  1
178:   0.0000  1.0000  1
179:   0.0000  1.0000  1
180:   0.0000  1.0000  1
181:   1.0000  0.0000  1

  1:   0.2922  0.7078  1
  2:   1.0000  0.0000  1
  3:   1.0000  0.0000  1
  4:   1.0000  0.0000  1
  5:   0.8551  0.1449  1
  6:   1.0000  0.0000  1
  7:   0.9981  0.0019  1
  8:   0.0000  1.0000  1
  9:   0.9352  0.0648  1
 10:   0.0000  1.0000  1
 11:   0.0000  1.0000  1
 12:   1.0000  0.0000  1
 13:   0.9941  0.0059  1
 14:   1.0000  0.0000  1
 15:   1.0000  0.0000  1
 16:   0.6608  0.3392  1
 17:   1.0000  0.0000  1
 18:   1.0000  0.0000  1
 19:   0.8888  0.1112  1
 20:   0.6756  0.3244  1
 21:   0.8230  0.1770  1
 22:   0.6641  0.3359  1
 23:   0.3854  0.6146  1
 24:   0.8783  0.1217  1
 25:   1.0000  0.0000  1
 26:   0.0000  1.0000  1
 27:   0.5797  0.4203  1
 28:   0.3802  0.6198  1
 29:   0.4471  0.5529  1
 30:   0.6499  0.3501  1
 31:   0.8187  0.1813  1
 32:   1.0000  0.0000  1
 33:   0.6390  0.3610  1
 34:   0.8659  0.1341  1
 35:   1.0000  0.0000  1
 36:   1.0000  0.0000  1
 37:   1.0000  0.0000  1
 38:   0.7361  0.2639  1
 39:   0.5675  0.4325  1
 40:   1.0000  0.0000  1
 41:   1.0000  0.0000  1
 42:   0.7924  0.2076  1
 43:   0.0000  1.0000  1
 44:   0.1150  0.8850  1
 45:   0.0000  1.0000  1
 46:   0.0000  1.0000  1
 47:   1.0000  0.0000  1
 48:   0.3506  0.6494  1
 49:   0.0000  1.0000  1
 50:   0.0000  1.0000  1
 51:   0.0000  1.0000  1
 52:   0.0000  1.0000  1
 53:   0.0000  1.0000  1
 54:   0.0000  1.0000  1
 55:   0.0483  0.9517  1
 56:   0.0000  1.0000  1
 57:   0.0000  1.0000  1
 58:   0.0000  1.0000  1
 59:   0.0000  1.0000  1
 60:   0.0000  1.0000  1
 61:   0.0000  1.0000  1
 62:   0.0000  1.0000  1
 63:   0.0000  1.0000  1
 64:   0.0000  1.0000  1
 65:   0.8927  0.1073  1
 66:   1.0000  0.0000  1
 67:   0.1921  0.8079  1
 68:   0.0000  1.0000  1
 69:   1.0000  0.0000  1
 70:   0.9276  0.0724  1
 71:   0.0000  1.0000  1
 72:   0.0000  1.0000  1
 73:   0.0000  1.0000  1
 74:   0.0000  1.0000  1
 75:   0.0000  1.0000  1
 76:   0.0000  1.0000  1
 77:   0.0000  1.0000  1
 78:   0.0981  0.9019  1
 79:   0.0000  1.0000  1
 80:   0.6456  0.3544  1
 81:   0.0000  1.0000  1
 82:   0.0000  1.0000  1
 83:   0.0000  1.0000  1
 84:   0.0000  1.0000  1
 85:   0.0000  1.0000  1
 86:   0.0000  1.0000  1
 87:   0.1350  0.8650  1
 88:   0.7771  0.2229  1
 89:   0.0000  1.0000  1
 90:   0.8854  0.1146  1
 91:   0.0000  1.0000  1
 92:   0.0000  1.0000  1
 93:   0.0000  1.0000  1
 94:   0.0000  1.0000  1
 95:   0.0000  1.0000  1
 96:   0.0000  1.0000  1
 97:   0.0000  1.0000  1
 98:   0.0000  1.0000  1
 99:   0.0000  1.0000  1
100:   0.0000  1.0000  1
101:   0.0277  0.9723  1
102:   1.0000  0.0000  1
103:   0.5636  0.4364  1
104:   1.0000  0.0000  1
105:   1.0000  0.0000  1
106:   1.0000  0.0000  1
107:   1.0000  0.0000  1
108:   1.0000  0.0000  1
109:   1.0000  0.0000  1
110:   1.0000  0.0000  1
111:   1.0000  0.0000  1
112:   0.8862  0.1138  1
113:   1.0000  0.0000  1
114:   1.0000  0.0000  1
115:   1.0000  0.0000  1
116:   1.0000  0.0000  1
117:   1.0000  0.0000  1
118:   0.5142  0.4858  1
119:   1.0000  0.0000  1
120:   1.0000  0.0000  1
121:   0.7655  0.2345  1
122:   0.9638  0.0362  1
123:   0.6982  0.3018  1
124:   0.9000  0.1000  1
125:   1.0000  0.0000  1
126:   1.0000  0.0000  1
127:   1.0000  0.0000  1
128:   1.0000  0.0000  1
129:   1.0000  0.0000  1
130:   1.0000  0.0000  1
131:   0.0000  1.0000  1
132:   0.0000  1.0000  1
133:   0.0000  1.0000  1
134:   0.0000  1.0000  1
135:   0.0000  1.0000  1
136:   0.0000  1.0000  1
137:   0.0000  1.0000  1
138:   0.0000  1.0000  1
139:   0.0000  1.0000  1
140:   0.0056  0.9944  1
141:   0.0000  1.0000  1
142:   0.3746  0.6254  1
143:   0.1616  0.8384  1
144:   0.0000  1.0000  1
145:   0.0000  1.0000  1
146:   0.0000  1.0000  1
147:   0.0000  1.0000  1
148:   0.0000  1.0000  1
149:   0.0000  1.0000  1
150:   0.3201  0.6799  1
151:   0.3522  0.6478  1
152:   0.0000  1.0000  1
153:   0.0000  1.0000  1
154:   0.0000  1.0000  1
155:   0.0000  1.0000  1
156:   0.1676  0.8324  1
157:   0.1527  0.8473  1
158:   0.0000  1.0000  1
159:   0.4306  0.5694  1
160:   0.0000  1.0000  1
161:   0.0000  1.0000  1
162:   0.0000  1.0000  1
163:   0.0003  0.9997  1
164:   0.0000  1.0000  1
165:   0.2304  0.7696  1
166:   0.0000  1.0000  1
167:   0.0000  1.0000  1
168:   0.0000  1.0000  1
169:   0.0000  1.0000  1
170:   0.0796  0.9204  1
171:   0.0000  1.0000  1
172:   0.0000  1.0000  1
173:   0.0000  1.0000  1
174:   0.0000  1.0000  1
175:   0.0000  1.0000  1
176:   0.0000  1.0000  1
177:   0.0000  1.0000  1
178:   0.0000  1.0000  1
179:   0.0000  1.0000  1
180:   0.0000  1.0000  1
181:   1.0000  0.0000  1

  1:   0.2922  0.7078  1
  2:   1.0000  0.0000  1
  3:   1.0000  0.0000  1
  4:   1.0000  0.0000  1
  5:   0.8551  0.1449  1
  6:   1.0000  0.0000  1
  7:   0.9981  0.0019  1
  8:   0.0000  1.0000  1
  9:   0.9352  0.0648  1
 10:   0.0000  1.0000  1
 11:   0.0000  1.0000  1
 12:   1.0000  0.0000  1
 13:   0.9941  0.0059  1
 14:   1.0000  0.0000  1
 15:   1.0000  0.0000  1
 16:   0.6608  0.3392  1
 17:   1.0000  0.0000  1
 18:   1.0000  0.0000  1
 19:   0.8888  0.1112  1
 20:   0.6756  0.3244  1
 21:   0.8230  0.1770  1
 22:   0.6641  0.3359  1
 23:   0.3854  0.6146  1
 24:   0.8783  0.1217  1
 25:   1.0000  0.0000  1
 26:   0.0000  1.0000  1
 27:   0.5797  0.4203  1
 28:   0.3802  0.6198  1
 29:   0.4471  0.5529  1
 30:   0.6499  0.3501  1
 31:   0.8187  0.1813  1
 32:   1.0000  0.0000  1
 33:   0.6390  0.3610  1
 34:   0.8659  0.1341  1
 35:   1.0000  0.0000  1
 36:   1.0000  0.0000  1
 37:   1.0000  0.0000  1
 38:   0.7361  0.2639  1
 39:   0.5675  0.4325  1
 40:   1.0000  0.0000  1
 41:   1.0000  0.0000  1
 42:   0.7924  0.2076  1
 43:   0.0000  1.0000  1
 44:   0.1150  0.8850  1
 45:   0.0000  1.0000  1
 46:   0.0000  1.0000  1
 47:   1.0000  0.0000  1
 48:   0.3506  0.6494  1
 49:   0.0000  1.0000  1
 50:   0.0000  1.0000  1
 51:   0.0000  1.0000  1
 52:   0.0000  1.0000  1
 53:   0.0000  1.0000  1
 54:   0.0000  1.0000  1
 55:   0.0483  0.9517  1
 56:   0.0000  1.0000  1
 57:   0.0000  1.0000  1
 58:   0.0000  1.0000  1
 59:   0.0000  1.0000  1
 60:   0.0000  1.0000  1
 61:   0.0000  1.0000  1
 62:   0.0000  1.0000  1
 63:   0.0000  1.0000  1
 64:   0.0000  1.0000  1
 65:   0.8927  0.1073  1
 66:   1.0000  0.0000  1
 67:   0.1921  0.8079  1
 68:   0.0000  1.0000  1
 69:   1.0000  0.0000  1
 70:   0.9276  0.0724  1
 71:   0.0000  1.0000  1
 72:   0.0000  1.0000  1
 73:   0.0000  1.0000  1
 74:   0.0000  1.0000  1
 75:   0.0000  1.0000  1
 76:   0.0000  1.0000  1
 77:   0.0000  1.0000  1
 78:   0.0981  0.9019  1
 79:   0.0000  1.0000  1
 80:   0.6456  0.3544  1
 81:   0.0000  1.0000  1
 82:   0.0000  1.0000  1
 83:   0.0000  1.0000  1
 84:   0.0000  1.0000  1
 85:   0.0000  1.0000  1
 86:   0.0000  1.0000  1
 87:   0.1350  0.8650  1
 88:   0.7771  0.2229  1
 89:   0.0000  1.0000  1
 90:   0.8854  0.1146  1
 91:   0.0000  1.0000  1
 92:   0.0000  1.0000  1
 93:   0.0000  1.0000  1
 94:   0.0000  1.0000  1
 95:   0.0000  1.0000  1
 96:   0.0000  1.0000  1
 97:   0.0000  1.0000  1
 98:   0.0000  1.0000  1
 99:   0.0000  1.0000  1
100:   0.0000  1.0000  1
101:   0.0277  0.9723  1
102:   1.0000  0.0000  1
103:   0.5636  0.4364  1
104:   1.0000  0.0000  1
105:   1.0000  0.0000  1
106:   1.0000  0.0000  1
107:   1.0000  0.0000  1
108:   1.0000  0.0000  1
109:   1.0000  0.0000  1
110:   1.0000  0.0000  1
111:   1.0000  0.0000  1
112:   0.8862  0.1138  1
113:   1.0000  0.0000  1
114:   1.0000  0.0000  1
115:   1.0000  0.0000  1
116:   1.0000  0.0000  1
117:   1.0000  0.0000  1
118:   0.5142  0.4858  1
119:   1.0000  0.0000  1
120:   1.0000  0.0000  1
121:   0.7655  0.2345  1
122:   0.9638  0.0362  1
123:   0.6982  0.3018  1
124:   0.9000  0.1000  1
125:   1.0000  0.0000  1
126:   1.0000  0.0000  1
127:   1.0000  0.0000  1
128:   1.0000  0.0000  1
129:   1.0000  0.0000  1
130:   1.0000  0.0000  1
131:   0.0000  1.0000  1
132:   0.0000  1.0000  1
133:   0.0000  1.0000  1
134:   0.0000  1.0000  1
135:   0.0000  1.0000  1
136:   0.0000  1.0000  1
137:   0.0000  1.0000  1
138:   0.0000  1.0000  1
139:   0.0000  1.0000  1
140:   0.0056  0.9944  1
141:   0.0000  1.0000  1
142:   0.3746  0.6254  1
143:   0.1616  0.8384  1
144:   0.0000  1.0000  1
145:   0.0000  1.0000  1
146:   0.0000  1.0000  1
147:   0.0000  1.0000  1
148:   0.0000  1.0000  1
149:   0.0000  1.0000  1
150:   0.3201  0.6799  1
151:   0.3522  0.6478  1
152:   0.0000  1.0000  1
153:   0.0000  1.0000  1
154:   0.0000  1.0000  1
155:   0.0000  1.0000  1
156:   0.1676  0.8324  1
157:   0.1527  0.8473  1
158:   0.0000  1.0000  1
159:   0.4306  0.5694  1
160:   0.0000  1.0000  1
161:   0.0000  1.0000  1
162:   0.0000  1.0000  1
163:   0.0003  0.9997  1
164:   0.0000  1.0000  1
165:   0.2304  0.7696  1
166:   0.0000  1.0000  1
167:   0.0000  1.0000  1
168:   0.0000  1.0000  1
169:   0.0000  1.0000  1
170:   0.0796  0.9204  1
171:   0.0000  1.0000  1
172:   0.0000  1.0000  1
173:   0.0000  1.0000  1
174:   0.0000  1.0000  1
175:   0.0000  1.0000  1
176:   0.0000  1.0000  1
177:   0.0000  1.0000  1
178:   0.0000  1.0000  1
179:   0.0000  1.0000  1
180:   0.0000  1.0000  1
181:   1.0000  0.0000  1

