1:           1.000000e-09 1.000000e-09 1.000000e-09 1.000000e+00 1.000000e-09 1.000000e-09 1.000000e-09 1.000000e-09 1           
2:           1.000000e-09 1.000000e-09 1.000000e-09 1.000000e-09 1.000000e+00 1.000000e-09 1.000000e-09 1.000000e-09 1           
3:           1.000000e-09 1.000000e-09 1.000000e-09 1.000000e-09 1.000000e-09 1.000000e-09 1.000000e-09 1.000000e+00 1           
4:           1.000000e-09 1.000000e-09 1.017733e-01 1.000000e-09 8.619206e-01 1.000000e-09 1.000000e-09 3.630614e-02 1           
5:           1.000000e-09 1.000000e-09 1.000000e-09 1.000000e-09 1.000000e+00 1.000000e-09 1.000000e-09 1.000000e-09 1           
6:           2.413304e-01 1.922799e-01 1.000000e-09 1.000000e-09 1.000000e-09 5.663897e-01 1.000000e-09 1.000000e-09 1           
7:           6.480774e-01 2.705420e-01 1.000000e-09 1.000000e-09 1.000000e-09 4.229609e-02 2.435977e-09 3.908453e-02 1           
8:           1.000000e-09 1.000000e-09 8.188581e-01 1.000000e-09 1.811419e-01 1.000000e-09 1.000000e-09 1.000000e-09 1           
9:           1.000000e-09 1.000000e-09 1.000000e-09 1.000000e-09 1.000000e-09 1.000000e-09 1.000000e-09 1.000000e+00 1           
10:          1.000000e-09 1.000000e-09 1.000000e-09 1.000000e-09 1.000000e-09 1.000000e+00 1.000000e-09 1.000000e-09 1           
11:          1.000000e-09 1.000000e-09 1.000000e-09 1.000000e-09 7.521252e-01 1.000000e-09 1.000000e-09 2.478748e-01 1           
12:          1.000000e-09 1.000000e-09 1.801437e-01 1.000000e-09 8.198563e-01 1.000000e-09 1.000000e-09 1.000000e-09 1           
13:          1.000000e-09 1.000000e-09 1.285265e-01 1.000000e-09 8.714735e-01 1.000000e-09 1.000000e-09 1.000000e-09 1           
14:          1.000000e-09 1.000000e-09 1.000000e-09 1.000000e-09 1.000000e-09 1.000000e-09 1.000000e+00 1.000000e-09 1           
15:          1.000000e-09 1.000000e-09 6.369990e-01 1.000000e-09 1.000000e-09 1.000000e-09 1.000000e-09 3.630010e-01 1           
16:          1.000000e-09 1.000000e+00 1.000000e-09 1.000000e-09 1.000000e-09 1.000000e-09 1.000000e-09 1.000000e-09 1           
17:          1.000000e-09 1.000000e-09 7.180258e-02 3.239723e-02 8.432711e-01 1.000000e-09 1.000000e-09 5.252906e-02 1           
18:          1.000000e-09 1.000000e-09 1.000000e-09 1.000000e-09 8.695922e-01 1.000000e-09 1.000000e-09 1.304078e-01 1           
19:          4.871623e-01 3.571498e-01 1.000000e-09 1.000000e-09 1.000000e-09 1.000000e-09 1.556879e-01 1.000000e-09 1           
20:          1.000000e-09 1.000000e-09 2.551451e-01 1.000000e-09 6.484025e-01 1.000000e-09 1.000000e-09 9.645232e-02 1           
21:          1.000000e-09 1.000000e-09 1.000000e-09 1.000000e-09 7.973566e-01 1.000000e-09 1.000000e-09 2.026434e-01 1           
22:          1.000000e-09 1.000000e-09 1.000000e-09 1.000000e-09 1.000000e-09 1.000000e-09 1.000000e-09 1.000000e+00 1           
23:          1.000000e-09 1.000000e+00 1.000000e-09 1.000000e-09 1.000000e-09 1.000000e-09 1.000000e-09 1.000000e-09 1           
24:          5.060735e-01 3.929795e-01 1.000000e-09 1.000000e-09 1.000000e-09 1.009470e-01 1.000000e-09 1.000000e-09 1           
25:          1.000000e-09 1.000000e-09 8.402233e-02 1.000000e-09 3.176833e-01 1.000000e-09 1.000000e-09 5.982943e-01 1           
26:          1.000000e-09 1.000000e-09 1.000000e-09 1.000000e-09 1.000000e-09 1.000000e-09 1.000000e+00 1.000000e-09 1           
27:          1.000000e-09 1.000000e-09 1.373211e-01 1.000000e-09 5.912549e-01 1.000000e-09 1.000000e-09 2.714241e-01 1           
28:          5.537011e-01 2.875721e-01 1.000000e-09 1.000000e-09 1.000000e-09 1.587268e-01 1.000000e-09 1.000000e-09 1           
29:          1.000000e-09 1.000000e-09 5.261290e-02 1.000000e-09 9.473871e-01 1.000000e-09 1.000000e-09 1.000000e-09 1           
30:          1.000000e-09 1.000000e-09 2.484980e-02 1.000000e-09 8.320984e-01 1.000000e-09 1.000000e-09 1.430518e-01 1           
31:          1.818994e-01 1.000000e-09 1.000000e-09 8.181006e-01 1.000000e-09 1.000000e-09 1.000000e-09 1.000000e-09 1           
32:          1.000000e-09 1.000000e-09 7.705775e-02 1.000000e-09 1.000000e-09 9.229422e-01 1.000000e-09 1.000000e-09 1           
33:          5.062843e-01 2.057372e-01 1.144284e-01 1.000000e-09 1.000000e-09 1.735501e-01 1.000000e-09 1.000000e-09 1           
34:          1.000000e-09 1.000000e-09 1.000000e-09 1.000000e-09 1.000000e-09 1.000000e+00 1.000000e-09 1.000000e-09 1           
35:          1.389622e-01 8.610378e-01 1.000000e-09 1.000000e-09 1.000000e-09 1.000000e-09 1.000000e-09 1.000000e-09 1           
36:          1.000000e-09 1.000000e-09 1.000000e-09 1.000000e-09 1.000000e-09 1.000000e-09 1.000000e+00 1.000000e-09 1           
37:          1.369793e-01 1.085803e-01 8.424590e-02 1.000000e-09 1.000000e-09 3.987651e-01 2.714293e-01 1.000000e-09 1           
38:          1.000000e-09 1.000000e-09 3.318184e-01 1.000000e-09 6.681816e-01 1.000000e-09 1.000000e-09 1.000000e-09 1           
39:          6.006839e-01 1.541286e-01 3.975674e-02 4.877687e-02 1.000000e-09 1.566539e-01 1.000000e-09 1.000000e-09 1           
40:          1.000000e-09 1.000000e-09 1.000000e+00 1.000000e-09 1.000000e-09 1.000000e-09 1.000000e-09 1.000000e-09 1           
41:          1.000000e-09 1.000000e-09 6.720760e-02 1.000000e-09 5.282682e-01 1.000000e-09 1.000000e-09 4.045242e-01 1           
42:          1.000000e-09 1.000000e-09 1.000000e-09 1.000000e-09 9.239446e-01 1.000000e-09 1.000000e-09 7.605541e-02 1           
43:          2.627408e-02 1.000000e-09 2.086760e-01 1.000000e-09 4.536530e-01 1.000000e-09 1.000000e-09 3.113970e-01 1           
44:          7.208750e-03 1.000000e-09 6.632992e-02 1.000000e-09 1.000000e-09 5.554531e-01 2.254533e-01 1.455550e-01 1           
45:          1.000000e-09 1.000000e-09 1.000000e-09 1.000000e-09 1.000000e-09 1.000000e-09 1.000000e+00 1.000000e-09 1           
46:          1.000000e-09 1.000000e-09 1.000000e-09 1.000000e-09 3.444700e-01 1.000000e-09 1.000000e-09 6.555300e-01 1           
47:          1.000000e-09 1.000000e+00 1.000000e-09 1.000000e-09 1.000000e-09 1.000000e-09 1.000000e-09 1.000000e-09 1           
48:          1.491418e-01 6.023169e-02 1.000000e-09 1.000000e-09 1.000000e-09 7.906265e-01 1.000000e-09 1.000000e-09 1           
49:          6.127362e-01 1.098904e-01 1.000000e-09 2.798925e-02 1.000000e-09 1.000000e-09 2.493841e-01 1.000000e-09 1           
50:          1.304566e-01 1.000000e-09 1.000000e-09 1.000000e-09 1.000000e-09 1.000000e-09 8.695434e-01 1.000000e-09 1           
51:          1.000000e-09 1.000000e-09 1.000000e-09 1.000000e-09 1.000000e-09 1.000000e-09 1.000000e-09 1.000000e+00 1           
52:          1.000000e-09 1.000000e-09 3.165282e-01 1.000000e-09 6.834718e-01 1.000000e-09 1.000000e-09 1.000000e-09 1           
53:          1.000000e-09 1.000000e-09 1.000000e-09 1.000000e-09 1.000000e-09 1.000000e+00 1.000000e-09 1.000000e-09 1           
54:          1.000000e-09 1.000000e-09 1.000000e-09 1.000000e+00 1.000000e-09 1.000000e-09 1.000000e-09 1.000000e-09 1           
55:          1.000000e+00 1.000000e-09 1.000000e-09 1.000000e-09 1.000000e-09 1.000000e-09 1.000000e-09 1.000000e-09 1           
56:          1.000000e-09 1.000000e-09 1.000000e-09 1.000000e+00 1.000000e-09 1.000000e-09 1.000000e-09 1.000000e-09 1           
57:          1.000000e-09 1.000000e-09 1.000000e-09 1.000000e-09 1.000000e-09 1.000000e+00 1.000000e-09 1.000000e-09 1           
58:          1.000000e-09 1.000000e-09 1.000000e-09 1.000000e-09 1.000000e-09 1.000000e-09 1.000000e+00 1.000000e-09 1           
59:          1.000000e-09 1.000000e-09 3.910366e-01 1.000000e-09 6.089531e-01 1.000000e-09 1.000000e-09 1.026776e-05 1           
60:          8.485563e-02 1.000000e-09 1.000000e-09 1.000000e-09 1.000000e-09 9.151444e-01 1.000000e-09 1.000000e-09 1           
61:          1.000000e-09 1.000000e-09 1.000000e-09 1.000000e-09 1.000000e-09 1.000000e+00 1.000000e-09 1.000000e-09 1           
62:          1.000000e-09 1.000000e-09 1.607216e-01 1.000000e-09 7.084811e-01 1.000000e-09 1.000000e-09 1.307973e-01 1           
63:          4.168357e-01 7.502454e-02 2.155767e-02 2.810615e-02 1.000000e-09 4.584759e-01 1.000000e-09 1.000000e-09 1           
64:          1.701054e-01 8.298871e-01 1.000000e-09 1.000000e-09 1.000000e-09 7.492838e-06 1.000000e-09 1.000000e-09 1           
65:          1.000000e-09 1.000000e-09 4.724601e-07 1.093926e-01 1.000000e-09 8.240052e-01 6.660173e-02 1.000000e-09 1           
66:          1.000000e-09 1.000000e-09 2.671743e-01 1.000000e-09 5.343656e-01 1.000000e-09 1.000000e-09 1.984601e-01 1           
67:          1.000000e-09 1.000000e-09 3.934431e-02 8.837731e-01 1.000000e-09 7.688261e-02 1.000000e-09 1.000000e-09 1           
68:          1.000000e-09 1.000000e-09 1.000000e-09 1.000000e+00 1.000000e-09 1.000000e-09 1.000000e-09 1.000000e-09 1           
69:          1.000000e-09 1.000000e-09 1.000000e-09 1.000000e-09 1.000000e-09 1.000000e+00 1.000000e-09 1.000000e-09 1           
70:          1.000000e-09 1.000000e-09 1.000000e-09 1.000000e-09 1.000000e-09 8.648451e-01 1.351549e-01 1.000000e-09 1           
71:          8.568346e-02 1.000000e-09 9.053788e-02 1.000000e-09 8.237787e-01 1.000000e-09 1.000000e-09 1.000000e-09 1           
72:          1.000000e-09 1.000000e-09 3.417781e-03 4.808489e-02 3.425567e-01 1.000000e-09 1.000000e-09 6.059407e-01 1           
73:          4.221404e-02 1.000000e-09 1.834843e-01 1.000000e-09 3.440861e-01 1.000000e-09 1.000000e-09 4.302155e-01 1           
74:          1.000000e-09 1.000000e-09 1.000000e-09 1.000000e-09 1.000000e-09 1.000000e+00 1.000000e-09 1.000000e-09 1           
75:          1.000000e-09 2.496947e-01 1.000000e-09 1.000000e-09 1.000000e-09 7.222438e-01 1.000000e-09 2.806145e-02 1           
76:          1.000000e-09 1.000000e-09 1.000000e-09 1.000000e-09 1.000000e-09 1.000000e+00 1.000000e-09 1.000000e-09 1           
77:          7.815196e-08 1.000000e-09 2.023593e-01 1.000000e-09 7.704282e-01 5.486223e-08 2.721232e-02 1.000000e-09 1           
78:          1.000000e-09 1.000000e-09 1.000000e-09 1.000000e+00 1.000000e-09 1.000000e-09 1.000000e-09 1.000000e-09 1           
79:          1.000000e-09 1.000000e-09 1.000000e-09 1.000000e-09 1.000000e-09 1.000000e+00 1.000000e-09 1.000000e-09 1           
80:          1.000000e-09 1.000000e-09 2.177875e-01 1.000000e-09 7.822125e-01 1.000000e-09 1.000000e-09 1.000000e-09 1           
81:          1.000000e-09 1.000000e-09 1.000000e-09 1.000000e+00 1.000000e-09 1.000000e-09 1.000000e-09 1.000000e-09 1           
82:          1.777685e-01 8.222315e-01 1.000000e-09 1.000000e-09 1.000000e-09 1.000000e-09 1.000000e-09 1.000000e-09 1           
83:          8.588083e-01 1.000000e-09 1.000000e-09 1.000000e-09 1.000000e-09 5.103976e-03 8.380286e-02 5.228484e-02 1           
84:          1.000000e-09 1.000000e-09 2.588096e-01 1.000000e-09 1.000000e-09 6.738322e-01 6.735816e-02 1.000000e-09 1           
85:          1.718434e-01 1.000000e-09 1.000000e-09 1.000000e-09 1.000000e-09 8.281566e-01 1.000000e-09 1.000000e-09 1           
86:          7.968492e-01 2.031508e-01 1.000000e-09 1.000000e-09 1.000000e-09 1.000000e-09 1.000000e-09 1.000000e-09 1           
87:          1.000000e-09 1.000000e-09 2.521128e-01 1.000000e-09 4.556326e-01 1.939952e-01 1.000000e-09 9.825947e-02 1           
88:          1.000000e+00 1.000000e-09 1.000000e-09 1.000000e-09 1.000000e-09 1.000000e-09 1.000000e-09 1.000000e-09 1           
89:          1.000000e-09 1.000000e-09 1.000000e-09 1.000000e-09 1.000000e-09 1.000000e+00 1.000000e-09 1.000000e-09 1           
90:          1.000000e-09 1.000000e-09 9.968723e-03 1.000000e-09 8.038741e-01 1.000000e-09 1.000000e-09 1.861572e-01 1           
91:          5.989734e-01 1.738750e-01 1.000000e-09 1.000000e-09 1.000000e-09 2.271516e-01 1.000000e-09 1.000000e-09 1           
92:          3.503748e-04 7.548172e-01 1.000000e-09 1.000000e-09 1.000000e-09 1.000000e-09 1.593370e-01 8.549537e-02 1           
93:          1.000000e-09 1.000000e-09 1.000000e-09 1.000000e+00 1.000000e-09 1.000000e-09 1.000000e-09 1.000000e-09 1           
94:          1.000000e-09 1.000000e-09 1.000000e-09 1.000000e+00 1.000000e-09 1.000000e-09 1.000000e-09 1.000000e-09 1           
95:          5.299632e-01 2.150778e-01 1.000000e-09 1.099700e-01 1.000000e-09 1.000000e-09 1.000000e-09 1.449890e-01 1           
96:          1.000000e-09 1.000000e-09 1.000000e-09 1.000000e-09 9.088706e-01 1.000000e-09 1.000000e-09 9.112935e-02 1           
97:          1.000000e-09 8.726966e-01 1.273034e-01 1.000000e-09 1.000000e-09 1.000000e-09 1.000000e-09 1.000000e-09 1           
98:          6.687498e-01 1.000000e-09 3.682759e-02 1.000000e-09 1.000000e-09 2.943705e-01 5.205807e-05 1.468455e-08 1           
99:          6.782749e-01 1.000000e-09 1.369094e-01 1.000000e-09 1.000000e-09 1.000000e-09 1.000000e-09 1.848157e-01 1           
100:         1.000000e-09 1.000000e-09 8.519061e-01 9.143415e-02 1.000000e-09 5.665977e-02 1.000000e-09 1.000000e-09 1           
101:         1.000000e-09 1.000000e-09 1.000000e+00 1.000000e-09 1.000000e-09 1.000000e-09 1.000000e-09 1.000000e-09 1           
102:         1.000000e-09 3.716746e-09 1.000000e-09 4.806101e-02 3.726445e-01 1.000000e-09 1.000000e-09 5.792945e-01 1           
103:         1.400698e-01 3.209838e-01 1.000000e-09 1.033726e-01 1.000000e-09 7.628147e-02 3.592924e-01 1.000000e-09 1           
104:         7.794070e-02 5.883818e-07 2.780457e-01 2.080127e-01 4.360004e-01 1.000000e-09 1.000000e-09 1.000000e-09 1           
105:         1.000000e-09 1.000000e-09 1.000000e-09 1.000000e-09 1.000000e-09 1.000000e-09 1.519841e-01 8.480159e-01 1           
106:         1.000000e-09 1.000000e-09 2.486582e-01 1.000000e-09 2.496180e-01 1.000000e-09 1.000000e-09 5.017238e-01 1           
107:         1.000000e-09 1.000000e-09 1.000000e+00 1.000000e-09 1.000000e-09 1.000000e-09 1.000000e-09 1.000000e-09 1           
108:         1.000000e-09 1.000000e-09 1.000000e-09 3.576050e-02 9.642395e-01 1.000000e-09 1.000000e-09 1.000000e-09 1           
109:         1.000000e-09 1.990272e-01 1.000000e-09 1.000000e-09 1.000000e-09 7.057327e-01 1.000000e-09 9.524017e-02 1           
110:         1.000000e-09 1.000000e-09 7.033300e-02 3.075274e-02 7.075518e-01 1.000000e-09 1.000000e-09 1.913624e-01 1           
111:         1.000000e-09 1.000000e-09 2.711659e-01 1.000000e-09 1.984714e-01 1.000000e-09 1.000000e-09 5.303627e-01 1           
112:         8.607592e-01 3.033860e-09 1.000000e-09 1.000000e-09 1.000000e-09 1.266320e-01 1.260878e-02 1.000000e-09 1           
113:         4.463089e-01 3.115395e-01 1.288212e-01 1.000000e-09 1.000000e-09 1.000000e-09 1.000000e-09 1.133304e-01 1           
114:         4.113271e-01 1.690871e-05 2.825320e-01 3.142378e-02 1.000000e-09 2.187877e-01 1.000000e-09 5.591258e-02 1           
115:         1.000000e-09 1.000000e+00 1.000000e-09 1.000000e-09 1.000000e-09 1.000000e-09 1.000000e-09 1.000000e-09 1           
116:         1.000000e-09 1.000000e-09 6.455849e-01 9.537905e-05 1.508758e-01 1.000000e-09 1.122120e-01 9.123199e-02 1           
117:         1.000000e-09 1.000000e-09 8.973734e-01 1.026266e-01 1.000000e-09 1.000000e-09 1.000000e-09 1.000000e-09 1           
118:         5.747927e-01 2.022164e-01 2.229909e-01 1.000000e-09 1.000000e-09 1.000000e-09 1.000000e-09 1.000000e-09 1           
119:         1.000000e-09 1.000000e-09 1.000000e-09 1.453557e-01 1.000000e-09 1.000000e-09 1.000000e-09 8.546443e-01 1           
120:         1.000000e-09 1.000000e-09 5.379534e-01 1.078628e-01 1.000000e-09 1.000000e-09 1.000000e-09 3.541838e-01 1           
121:         1.000000e-09 1.000000e-09 1.000000e-09 1.000000e-09 5.739713e-01 1.000000e-09 5.043328e-02 3.755954e-01 1           
122:         1.000000e-09 1.000000e-09 4.342112e-01 1.000000e-09 1.000000e-09 5.140723e-02 1.000000e-09 5.143816e-01 1           
123:         1.000000e-09 1.000000e-09 1.000000e+00 1.000000e-09 1.000000e-09 1.000000e-09 1.000000e-09 1.000000e-09 1           
124:         1.000000e-09 1.550317e-01 2.947437e-07 1.000000e-09 1.000000e-09 2.398172e-01 6.051508e-01 1.000000e-09 1           
125:         3.323405e-01 3.526772e-01 1.000000e-09 1.000000e-09 7.775010e-02 1.215498e-01 1.156823e-01 1.185032e-08 1           
126:         1.000000e-09 1.000000e-09 2.727994e-01 1.000000e-09 2.944944e-01 1.000000e-09 1.000000e-09 4.327062e-01 1           
127:         9.997090e-01 2.909911e-04 1.000000e-09 1.000000e-09 1.000000e-09 1.000000e-09 1.000000e-09 1.000000e-09 1           
128:         1.000000e-09 1.000000e-09 1.000000e-09 1.000000e+00 1.000000e-09 1.000000e-09 1.000000e-09 1.000000e-09 1           
129:         1.000000e-09 1.000000e-09 1.000000e-09 1.000000e-09 1.000000e+00 1.000000e-09 1.000000e-09 1.000000e-09 1           
130:         1.000000e-09 1.000000e-09 1.000000e-09 7.857397e-01 1.000000e-09 1.000000e-09 1.000000e-09 2.142603e-01 1           
131:         1.000000e-09 1.000000e-09 1.000000e-09 1.000000e-09 1.000000e+00 1.000000e-09 1.000000e-09 1.000000e-09 1           
132:         1.000000e-09 1.000000e-09 1.000000e-09 1.000000e-09 1.000000e-09 1.000000e-09 1.000000e+00 1.000000e-09 1           
133:         1.000000e-09 1.000000e-09 1.000000e-09 7.402223e-01 2.597777e-01 1.000000e-09 1.000000e-09 1.000000e-09 1           
134:         1.000000e-09 1.000000e-09 1.068443e-01 7.122739e-01 1.000000e-09 1.000000e-09 1.000000e-09 1.808818e-01 1           
135:         1.000000e-09 1.000000e-09 1.000000e+00 1.000000e-09 1.000000e-09 1.000000e-09 1.000000e-09 1.000000e-09 1           
136:         1.000000e-09 1.000000e-09 1.000000e-09 1.000000e+00 1.000000e-09 1.000000e-09 1.000000e-09 1.000000e-09 1           
137:         1.000000e-09 1.000000e-09 1.402179e-01 1.000000e-09 5.548536e-01 1.000000e-09 1.000000e-09 3.049285e-01 1           
138:         2.123990e-01 3.869238e-01 1.000000e-09 1.000000e-09 1.000000e-09 1.686083e-01 2.320689e-01 1.000000e-09 1           
139:         2.689720e-01 1.000000e-09 1.000000e-09 7.310280e-01 1.000000e-09 1.000000e-09 1.000000e-09 1.000000e-09 1           
140:         1.000000e-09 2.176911e-01 1.772034e-01 3.891099e-02 5.661945e-01 1.000000e-09 1.000000e-09 1.000000e-09 1           
141:         1.000000e-09 1.000000e-09 1.000000e-09 1.000000e-09 1.000000e-09 1.000000e+00 1.000000e-09 1.000000e-09 1           
142:         1.781339e-01 1.000000e-09 1.000000e-09 8.218661e-01 1.000000e-09 1.000000e-09 1.000000e-09 1.000000e-09 1           
143:         1.000000e-09 1.000000e-09 1.000000e+00 1.000000e-09 1.000000e-09 1.000000e-09 1.000000e-09 1.000000e-09 1           
144:         1.000000e-09 1.000000e-09 1.000000e-09 1.000000e+00 1.000000e-09 1.000000e-09 1.000000e-09 1.000000e-09 1           
145:         1.000000e-09 1.000000e-09 1.000000e-09 7.796726e-01 2.203274e-01 1.000000e-09 1.000000e-09 1.000000e-09 1           
146:         1.000000e-09 8.514381e-01 1.000000e-09 1.485619e-01 1.000000e-09 1.000000e-09 1.000000e-09 1.000000e-09 1           
147:         3.432743e-01 1.000000e-09 1.901359e-01 1.000000e-09 1.000000e-09 4.665898e-01 1.000000e-09 1.000000e-09 1           
148:         1.000000e-09 1.000000e-09 1.000000e-09 8.082955e-01 1.000000e-09 1.917045e-01 1.000000e-09 1.000000e-09 1           
149:         1.000000e-09 1.000000e-09 1.000000e+00 1.000000e-09 1.000000e-09 1.000000e-09 1.000000e-09 1.000000e-09 1           
150:         1.000000e-09 1.000000e-09 1.000000e+00 1.000000e-09 1.000000e-09 1.000000e-09 1.000000e-09 1.000000e-09 1           
151:         1.000000e+00 1.000000e-09 1.000000e-09 1.000000e-09 1.000000e-09 1.000000e-09 1.000000e-09 1.000000e-09 1           
152:         1.000000e-09 2.381549e-01 7.618451e-01 1.000000e-09 1.000000e-09 1.000000e-09 1.000000e-09 1.000000e-09 1           
153:         1.789693e-01 1.000000e-09 1.368247e-01 1.000000e-09 6.840048e-01 1.000000e-09 1.000000e-09 2.012262e-04 1           
154:         1.000000e-09 1.000000e-09 5.394355e-01 1.679780e-02 4.437667e-01 1.000000e-09 1.000000e-09 1.000000e-09 1           
155:         1.000000e-09 4.471421e-02 2.316977e-01 1.038806e-01 6.197074e-01 1.000000e-09 1.000000e-09 1.000000e-09 1           
156:         1.000000e-09 1.000000e-09 1.254581e-04 2.056637e-01 7.942108e-01 1.000000e-09 1.000000e-09 1.000000e-09 1           
157:         1.000000e-09 1.000000e-09 4.995420e-01 1.000000e-09 1.000000e-09 1.000000e-09 1.000000e-09 5.004580e-01 1           
158:         5.922832e-01 3.575874e-01 1.000000e-09 1.000000e-09 1.000000e-09 1.000000e-09 5.012942e-02 1.000000e-09 1           
159:         2.583275e-01 1.000000e-09 6.828170e-02 1.000000e-09 5.171952e-01 1.000000e-09 1.561956e-01 1.000000e-09 1           
160:         1.000000e-09 1.000000e-09 1.000000e-09 1.000000e+00 1.000000e-09 1.000000e-09 1.000000e-09 1.000000e-09 1           
161:         1.667077e-09 2.404840e-01 2.441832e-01 3.495008e-02 1.000000e-09 3.138763e-01 1.665065e-01 1.000000e-09 1           
162:         1.000000e+00 1.000000e-09 1.000000e-09 1.000000e-09 1.000000e-09 1.000000e-09 1.000000e-09 1.000000e-09 1           
163:         1.000000e-09 1.000000e-09 1.000000e-09 7.948367e-01 2.051632e-01 1.000000e-09 1.000000e-09 8.611673e-09 1           
164:         1.000000e-09 1.000000e-09 1.000000e-09 1.000000e+00 1.000000e-09 1.000000e-09 1.000000e-09 1.000000e-09 1           
165:         3.757590e-05 1.000000e-09 1.000000e-09 1.000000e-09 1.000000e-09 1.000000e-09 6.074794e-01 3.924830e-01 1           
166:         1.000000e-09 1.000000e-09 1.000000e-09 1.000000e-09 8.592745e-01 1.000000e-09 1.000000e-09 1.407255e-01 1           
167:         1.000000e-09 1.000000e-09 1.000000e+00 1.000000e-09 1.000000e-09 1.000000e-09 1.000000e-09 1.000000e-09 1           
168:         1.000000e-09 3.476329e-01 2.706501e-01 8.574821e-02 1.000000e-09 2.248546e-01 7.111408e-02 1.000000e-09 1           
169:         1.000000e-09 1.000000e-09 8.358124e-01 1.000000e-09 1.000000e-09 1.000000e-09 1.000000e-09 1.641876e-01 1           
170:         5.076837e-01 1.000000e-09 1.000000e-09 1.000000e-09 9.804635e-02 3.942700e-01 1.000000e-09 1.000000e-09 1           
171:         1.000000e-09 1.000000e-09 1.000000e-09 1.000000e-09 1.000000e-09 2.882559e-01 1.000000e-09 7.117441e-01 1           
172:         1.000000e-09 1.000000e-09 4.698681e-01 1.000000e-09 4.789129e-01 1.000000e-09 5.121902e-02 1.000000e-09 1           
173:         1.000000e-09 1.000000e-09 1.000000e-09 8.143462e-01 1.000000e-09 1.000000e-09 1.000000e-09 1.856538e-01 1           
174:         1.000000e-09 1.000000e-09 5.894751e-01 1.000000e-09 4.105249e-01 1.000000e-09 1.000000e-09 1.000000e-09 1           
175:         1.074237e-07 1.000000e-09 1.000000e-09 2.730608e-01 1.369325e-06 1.000000e-09 1.000000e-09 7.269377e-01 1           
176:         1.000000e-09 3.198395e-01 1.719242e-01 6.579079e-02 4.424455e-01 1.000000e-09 1.000000e-09 1.000000e-09 1           
177:         1.000000e-09 1.000000e-09 1.000000e-09 1.000000e+00 1.000000e-09 1.000000e-09 1.000000e-09 1.000000e-09 1           
178:         1.000000e-09 1.000000e-09 8.422340e-01 1.526229e-01 1.000000e-09 5.143149e-03 1.000000e-09 1.000000e-09 1           
179:         3.528421e-01 1.000000e-09 6.471579e-01 1.000000e-09 1.000000e-09 1.000000e-09 1.000000e-09 1.000000e-09 1           
180:         1.000000e-09 1.000000e-09 5.388942e-01 1.000000e-09 1.000000e-09 4.066528e-02 1.330485e-01 2.873921e-01 1           
181:         1.000000e-09 1.000000e-09 1.000000e+00 1.000000e-09 1.000000e-09 1.000000e-09 1.000000e-09 1.000000e-09 1           
182:         1.000000e-09 1.000000e-09 6.818641e-01 1.000000e-09 1.335913e-01 1.000000e-09 1.000000e-09 1.845447e-01 1           
183:         1.000000e-09 1.000000e-09 1.000000e-09 1.000000e+00 1.000000e-09 1.000000e-09 1.000000e-09 1.000000e-09 1           
184:         5.351780e-01 1.000000e-09 1.000000e-09 3.721993e-01 9.262267e-02 1.000000e-09 1.388898e-09 1.000000e-09 1           
185:         1.000000e-09 1.000000e-09 1.000000e+00 1.000000e-09 1.000000e-09 1.000000e-09 1.000000e-09 1.000000e-09 1           
186:         1.000000e-09 1.000000e-09 2.630626e-01 1.000000e-09 1.000000e-09 1.000000e-09 1.000000e-09 7.369374e-01 1           
187:         1.000000e-09 1.000000e-09 1.185213e-01 1.000000e-09 1.000000e-09 8.765993e-01 4.879344e-03 1.000000e-09 1           
188:         1.000000e-09 1.816602e-06 1.000000e-09 2.206039e-01 1.000000e-09 7.793943e-01 1.000000e-09 1.000000e-09 1           
189:         3.909450e-01 1.259765e-09 1.927658e-01 1.000000e-09 1.000000e-09 1.000000e-09 4.162892e-01 1.000000e-09 1           
190:         1.000000e-09 1.000000e-09 1.000000e+00 1.000000e-09 1.000000e-09 1.000000e-09 1.000000e-09 1.000000e-09 1           
191:         1.000000e-09 1.000000e-09 1.000000e-09 1.000000e+00 1.000000e-09 1.000000e-09 1.000000e-09 1.000000e-09 1           
192:         1.000000e-09 8.353291e-01 1.000000e-09 1.000000e-09 1.000000e-09 1.646709e-01 6.345681e-09 1.000000e-09 1           
193:         1.000000e-09 1.000000e-09 1.000000e-09 6.792333e-01 3.207666e-01 1.000000e-09 1.000000e-09 1.000000e-09 1           
194:         1.000000e-09 1.000000e-09 9.444018e-01 1.000000e-09 1.000000e-09 5.559817e-02 1.000000e-09 1.000000e-09 1           
195:         9.973709e-01 1.000000e-09 1.000000e-09 1.000000e-09 1.000000e-09 2.629117e-03 1.000000e-09 1.000000e-09 1           
196:         1.000000e-09 1.293272e-01 1.200680e-09 1.000000e-09 3.243270e-01 2.950210e-03 5.321120e-09 5.433956e-01 1           
197:         5.921508e-01 1.000000e-09 1.000000e-09 4.078492e-01 1.000000e-09 1.000000e-09 1.000000e-09 1.000000e-09 1           
198:         1.000000e-09 1.000000e-09 1.000000e+00 1.000000e-09 1.000000e-09 1.000000e-09 1.000000e-09 1.000000e-09 1           
199:         1.000000e-09 1.000000e-09 7.144917e-01 1.000000e-09 1.000000e-09 2.855083e-01 1.000000e-09 1.000000e-09 1           
200:         1.000000e+00 1.000000e-09 1.000000e-09 1.000000e-09 1.000000e-09 1.000000e-09 1.000000e-09 1.000000e-09 1           
201:         2.067820e-01 1.032703e-01 6.649496e-01 1.000000e-09 1.000000e-09 1.506564e-06 2.499661e-02 1.000000e-09 1           
202:         1.000000e-09 1.000000e-09 1.000000e-09 1.000000e+00 1.000000e-09 1.000000e-09 1.000000e-09 1.000000e-09 1           
203:         1.000000e-09 1.000000e-09 1.000000e-09 1.000000e+00 1.000000e-09 1.000000e-09 1.000000e-09 1.000000e-09 1           
204:         1.000000e-09 1.000000e-09 1.000000e-09 1.000000e+00 1.000000e-09 1.000000e-09 1.000000e-09 1.000000e-09 1           
205:         1.000000e-09 1.000000e-09 5.934248e-01 2.521411e-01 1.000000e-09 1.000000e-09 1.544341e-01 1.000000e-09 1           
206:         1.000000e-09 8.020048e-01 1.000000e-09 1.000000e-09 1.979952e-01 1.000000e-09 1.000000e-09 1.000000e-09 1           
207:         2.304248e-01 7.661964e-03 1.000000e-09 1.000000e-09 7.619132e-01 1.000000e-09 1.000000e-09 1.000000e-09 1           
208:         4.365127e-01 1.000000e-09 1.000000e-09 5.634873e-01 1.000000e-09 1.000000e-09 1.000000e-09 1.000000e-09 1           
209:         1.000000e-09 1.000000e-09 5.535397e-01 1.000000e-09 4.464603e-01 1.000000e-09 1.000000e-09 1.000000e-09 1           
210:         1.000000e-09 1.000000e-09 1.000000e-09 1.000000e+00 1.000000e-09 1.000000e-09 1.000000e-09 1.000000e-09 1           
211:         1.000000e-09 1.000000e-09 1.000000e-09 8.727028e-01 1.000000e-09 1.272972e-01 1.000000e-09 1.000000e-09 1           
212:         1.000000e+00 1.000000e-09 1.000000e-09 1.000000e-09 1.000000e-09 1.000000e-09 1.000000e-09 1.000000e-09 1           
213:         1.000000e-09 1.000000e-09 1.000000e-09 1.000000e+00 1.000000e-09 1.000000e-09 1.000000e-09 1.000000e-09 1           
214:         7.096229e-01 4.684042e-04 1.000000e-09 2.645357e-03 1.000000e-09 2.872633e-01 1.000000e-09 1.000000e-09 1           
215:         1.121437e-09 1.000000e-09 1.000000e-09 8.630892e-01 1.369108e-01 1.000000e-09 1.000000e-09 1.060739e-08 1           
216:         1.000000e-09 1.820561e-08 1.000000e-09 1.000000e-09 1.000000e-09 1.806587e-01 8.193412e-01 1.000000e-09 1           
217:         1.000000e-09 1.000000e-09 1.000000e-09 1.000000e+00 1.000000e-09 1.000000e-09 1.000000e-09 1.000000e-09 1           
218:         1.000000e-09 4.917290e-01 8.176058e-05 1.000000e-09 1.000000e-09 5.081893e-01 1.000000e-09 1.000000e-09 1           
219:         1.000000e-09 1.000000e-09 6.335594e-08 1.000000e-09 1.000000e-09 4.022945e-01 1.000000e-09 5.977054e-01 1           
220:         1.000000e-09 1.000000e-09 1.000000e-09 6.464331e-01 1.000000e-09 2.787963e-02 1.000000e-09 3.256872e-01 1           
221:         1.000000e-09 1.000000e-09 1.000000e-09 9.058285e-01 1.000000e-09 1.000000e-09 1.000000e-09 9.417151e-02 1           
222:         1.000000e-09 1.000000e-09 1.000000e-09 1.000000e+00 1.000000e-09 1.000000e-09 1.000000e-09 1.000000e-09 1           
223:         7.214032e-06 1.000000e-09 5.938191e-01 1.000000e-09 4.061737e-01 1.000000e-09 1.000000e-09 1.000000e-09 1           
224:         1.000000e-09 1.000000e-09 1.000000e-09 1.000000e+00 1.000000e-09 1.000000e-09 1.000000e-09 1.000000e-09 1           
225:         1.000000e-09 1.000000e-09 1.000000e-09 1.000000e+00 1.000000e-09 1.000000e-09 1.000000e-09 1.000000e-09 1           
226:         1.000000e-09 1.000000e-09 1.000000e-09 7.893737e-01 1.000000e-09 2.106263e-01 1.000000e-09 1.000000e-09 1           
227:         1.000000e-09 1.000000e-09 1.000000e-09 1.000000e+00 1.000000e-09 1.000000e-09 1.000000e-09 1.000000e-09 1           
228:         8.736250e-09 8.888436e-01 1.000000e-09 1.000000e-09 1.000000e-09 1.000000e-09 1.000000e-09 1.111564e-01 1           
229:         1.000000e+00 1.000000e-09 1.000000e-09 1.000000e-09 1.000000e-09 1.000000e-09 1.000000e-09 1.000000e-09 1           
230:         1.000000e-09 1.000000e-09 9.070591e-01 1.000000e-09 1.790627e-06 1.000000e-09 9.293911e-02 1.000000e-09 1           
                             
                             
1:           1.000000e-09 1.000000e-09 1.000000e-09 1.000000e+00 1.000000e-09 0.000000001  1.000000e-09 0.000000001  1           
2:           1.000000e-09 1.000000e-09 1.000000e+00 1.000000e-09 1.000000e-09 0.000000001  1.000000e-09 0.000000001  1           
3:           1.000000e-09 1.000000e+00 1.000000e-09 1.000000e-09 1.000000e-09 0.000000001  1.000000e-09 0.000000001  1           
4:           1.000000e-09 4.072474e-02 8.624863e-01 1.000000e-09 9.678897e-02 0.000000001  1.000000e-09 0.000000001  1           
5:           1.000000e-09 1.000000e-09 1.000000e+00 1.000000e-09 1.000000e-09 0.000000001  1.000000e-09 0.000000001  1           
6:           1.000000e-09 2.109966e-02 1.000000e-09 1.000000e-09 1.000000e-09 0.056537705  5.159048e-01 0.406457803  1           
7:           1.000000e-09 4.465734e-02 1.000000e-09 1.000000e-09 1.000000e-09 0.351049138  1.309057e-02 0.591202951  1           
8:           1.000000e-09 1.000000e-09 1.748185e-01 1.000000e-09 8.251815e-01 0.000000001  1.000000e-09 0.000000001  1           
9:           1.000000e-09 1.000000e+00 1.000000e-09 1.000000e-09 1.000000e-09 0.000000001  1.000000e-09 0.000000001  1           
10:          1.000000e-09 1.000000e-09 1.000000e-09 1.000000e-09 1.000000e-09 0.000000001  1.000000e+00 0.000000001  1           
11:          1.000000e-09 2.451870e-01 7.548130e-01 1.000000e-09 1.000000e-09 0.000000001  1.000000e-09 0.000000001  1           
12:          1.000000e-09 1.000000e-09 8.207612e-01 1.000000e-09 1.792388e-01 0.000000001  1.000000e-09 0.000000001  1           
13:          1.000000e-09 1.000000e-09 8.698587e-01 1.000000e-09 1.301412e-01 0.000000001  1.000000e-09 0.000000001  1           
14:          1.000000e+00 1.000000e-09 1.000000e-09 1.000000e-09 1.000000e-09 0.000000001  1.000000e-09 0.000000001  1           
15:          1.000000e-09 3.500719e-01 4.091546e-03 1.000000e-09 6.458366e-01 0.000000001  1.000000e-09 0.000000001  1           
16:          1.000000e-09 1.000000e-09 1.000000e-09 1.000000e-09 1.000000e-09 0.000000001  1.000000e-09 0.999999993  1           
17:          1.000000e-09 4.844617e-02 8.595236e-01 3.859432e-02 5.343585e-02 0.000000001  1.000000e-09 0.000000001  1           
18:          1.000000e-09 1.509736e-01 8.490264e-01 1.000000e-09 1.000000e-09 0.000000001  1.000000e-09 0.000000001  1           
19:          7.922583e-02 1.000000e-09 1.000000e-09 1.000000e-09 1.000000e-09 0.339067003  1.000000e-09 0.581707161  1           
20:          1.000000e-09 7.763326e-02 6.537124e-01 1.000000e-09 2.686543e-01 0.000000001  1.000000e-09 0.000000001  1           
21:          1.000000e-09 1.962581e-01 8.037419e-01 1.000000e-09 1.000000e-09 0.000000001  1.000000e-09 0.000000001  1           
22:          1.000000e-09 1.000000e+00 1.000000e-09 1.000000e-09 1.000000e-09 0.000000001  1.000000e-09 0.000000001  1           
23:          1.000000e-09 1.000000e-09 1.000000e-09 1.000000e-09 1.000000e-09 0.000000001  9.669448e-02 0.903305512  1           
24:          1.000000e-09 1.000000e-09 1.000000e-09 1.000000e-09 1.000000e-09 0.494656638  7.216210e-02 0.433181255  1           
25:          1.000000e-09 5.867270e-01 3.282548e-01 1.000000e-09 8.501814e-02 0.000000001  1.000000e-09 0.000000001  1           
26:          1.000000e+00 1.000000e-09 1.000000e-09 1.000000e-09 1.000000e-09 0.000000001  1.000000e-09 0.000000001  1           
27:          1.000000e-09 2.775501e-01 5.724281e-01 1.000000e-09 1.500218e-01 0.000000001  1.000000e-09 0.000000001  1           
28:          1.000000e-09 1.000000e-09 1.000000e-09 1.000000e-09 1.000000e-09 0.271091574  1.513509e-02 0.713773328  1           
29:          1.000000e-09 1.000000e-09 9.591017e-01 1.000000e-09 4.089827e-02 0.000000001  1.000000e-09 0.000000001  1           
30:          1.000000e-09 1.640247e-01 8.095411e-01 1.000000e-09 2.643425e-02 0.000000001  1.000000e-09 0.000000001  1           
31:          1.000000e-09 1.000000e-09 1.000000e-09 8.705378e-01 1.000000e-09 0.129462233  1.000000e-09 0.000000001  1           
32:          1.000000e-09 1.000000e-09 1.000000e-09 1.000000e-09 8.573852e-02 0.000000001  9.142615e-01 0.000000001  1           
33:          1.000000e-09 1.544104e-09 1.047588e-01 1.000000e-09 1.000000e-09 0.113079798  1.441339e-01 0.638027484  1           
34:          1.000000e-09 1.000000e-09 1.000000e-09 1.000000e-09 1.000000e-09 0.000000001  1.000000e+00 0.000000001  1           
35:          1.000000e-09 1.000000e-09 1.000000e-09 1.000000e-09 1.000000e-09 0.223244880  1.000000e-09 0.776755114  1           
36:          1.000000e+00 1.000000e-09 1.000000e-09 1.000000e-09 1.000000e-09 0.000000001  1.000000e-09 0.000000001  1           
37:          2.881837e-01 1.000000e-09 1.000000e-09 1.000000e-09 1.033533e-01 0.211463904  3.969990e-01 0.000000001  1           
38:          1.000000e-09 1.000000e-09 6.768657e-01 1.000000e-09 3.231343e-01 0.000000001  1.000000e-09 0.000000001  1           
39:          1.000000e-09 1.000000e-09 1.000000e-09 1.416192e-02 3.525189e-02 0.245280667  1.000000e-09 0.705305516  1           
40:          1.000000e-09 1.000000e-09 1.000000e-09 1.000000e-09 1.000000e+00 0.000000001  1.000000e-09 0.000000001  1           
41:          1.000000e-09 3.867563e-01 5.413701e-01 1.000000e-09 7.187354e-02 0.000000001  1.000000e-09 0.000000001  1           
42:          1.000000e-09 6.354387e-02 9.364561e-01 1.000000e-09 1.000000e-09 0.000000001  1.000000e-09 0.000000001  1           
43:          1.000000e-09 3.978700e-01 3.608018e-01 1.000000e-09 2.413282e-01 0.000000001  1.000000e-09 0.000000001  1           
44:          1.888473e-01 6.039923e-02 1.000000e-09 1.000000e-09 1.090590e-01 0.141195604  5.004989e-01 0.000000001  1           
45:          1.000000e+00 1.000000e-09 1.000000e-09 1.000000e-09 1.000000e-09 0.000000001  1.000000e-09 0.000000001  1           
46:          1.000000e-09 6.787091e-01 3.212909e-01 1.000000e-09 1.000000e-09 0.000000001  1.000000e-09 0.000000001  1           
47:          1.000000e-09 1.000000e-09 1.000000e-09 1.000000e-09 1.000000e-09 0.157576457  1.000000e-09 0.842423537  1           
48:          1.000000e-09 1.000000e-09 1.000000e-09 1.000000e-09 1.000000e-09 0.000000001  7.287663e-01 0.271233704  1           
49:          1.937918e-01 1.314484e-02 1.000000e-09 2.728466e-03 1.000000e-09 0.259390806  1.000000e-09 0.530944097  1           
50:          1.000000e+00 1.000000e-09 1.000000e-09 1.000000e-09 1.000000e-09 0.000000001  1.000000e-09 0.000000001  1           
51:          1.000000e-09 1.000000e+00 1.000000e-09 1.000000e-09 1.000000e-09 0.000000001  1.000000e-09 0.000000001  1           
52:          1.000000e-09 1.000000e-09 7.016204e-01 1.000000e-09 2.983795e-01 0.000000001  1.000000e-09 0.000000001  1           
53:          1.000000e-09 1.000000e-09 1.000000e-09 1.000000e-09 1.000000e-09 0.000000001  1.000000e+00 0.000000001  1           
54:          1.000000e-09 1.000000e-09 1.000000e-09 1.000000e+00 1.000000e-09 0.000000001  1.000000e-09 0.000000001  1           
55:          1.000000e-09 1.000000e-09 1.000000e-09 1.000000e-09 1.000000e-09 0.999999993  1.000000e-09 0.000000001  1           
56:          1.000000e-09 1.000000e-09 1.000000e-09 1.000000e+00 1.000000e-09 0.000000001  1.000000e-09 0.000000001  1           
57:          1.000000e-09 1.000000e-09 1.000000e-09 1.000000e-09 1.000000e-09 0.000000001  1.000000e+00 0.000000001  1           
58:          1.000000e+00 1.000000e-09 1.000000e-09 1.000000e-09 1.000000e-09 0.000000001  1.000000e-09 0.000000001  1           
59:          1.000000e-09 1.000000e-09 6.090588e-01 1.000000e-09 3.909412e-01 0.000000001  1.000000e-09 0.000000001  1           
60:          1.000000e-09 1.000000e-09 1.000000e-09 1.000000e-09 1.000000e-09 0.097274408  9.027256e-01 0.000000001  1           
61:          1.000000e-09 1.000000e-09 1.000000e-09 1.000000e-09 1.000000e-09 0.000000001  1.000000e+00 0.000000001  1           
62:          1.000000e-09 1.561827e-01 6.937995e-01 1.000000e-09 1.500177e-01 0.000000001  1.000000e-09 0.000000001  1           
63:          1.000000e-09 1.000000e-09 1.000000e-09 1.000000e-09 5.024820e-02 0.566401338  3.833505e-01 0.000000001  1           
64:          1.000000e-09 1.000000e-09 1.000000e-09 1.000000e-09 1.000000e-09 0.162642790  6.727450e-02 0.770082701  1           
65:          6.137442e-02 1.000000e-09 1.000000e-09 8.620610e-02 8.394208e-02 0.000000001  7.684774e-01 0.000000001  1           
66:          1.000000e-09 3.082033e-01 4.199220e-01 1.000000e-09 2.718747e-01 0.000000001  1.000000e-09 0.000000001  1           
67:          1.000000e-09 1.000000e-09 1.000000e-09 9.458771e-01 1.734441e-02 0.000000001  3.677851e-02 0.000000001  1           
68:          1.000000e-09 1.000000e-09 1.000000e-09 1.000000e+00 1.000000e-09 0.000000001  1.000000e-09 0.000000001  1           
69:          1.000000e-09 1.000000e-09 1.000000e-09 1.000000e-09 1.000000e-09 0.000000001  1.000000e+00 0.000000001  1           
70:          1.288438e-01 1.000000e-09 1.000000e-09 1.000000e-09 1.000000e-09 0.000000001  8.711562e-01 0.000000001  1           
71:          1.000000e-09 1.479525e-02 7.946292e-01 1.000000e-09 1.241053e-01 0.066470190  1.000000e-09 0.000000001  1           
72:          1.000000e-09 6.172124e-01 3.192509e-01 3.701162e-02 2.652504e-02 0.000000001  1.000000e-09 0.000000001  1           
73:          1.000000e-09 4.575197e-01 3.049653e-01 1.000000e-09 1.459068e-01 0.000000001  1.000000e-09 0.091608201  1           
74:          1.000000e-09 1.000000e-09 1.000000e-09 1.000000e-09 1.000000e-09 0.000000001  1.000000e+00 0.000000001  1           
