1:           2.827180e-03 1.003067e-01 8.478837e-02 7.268119e-02 1.971834e-02 0.1203985346 1.121748e-01 0.129043563  1.048263e-01 2.137424e-02 6.161105e-02 3.816954e-02 1.320801e-01 1           
2:           3.311343e-01 1.000000e-09 4.002541e-01 2.234193e-01 1.000000e-09 0.0000000010 1.000000e-09 0.045192345  1.000000e-09 1.000000e-09 1.000000e-09 1.000000e-09 1.000000e-09 1           
3:           6.131433e-06 1.000000e-09 1.000000e-09 1.000000e-09 1.000000e-09 0.0000000010 1.000000e-09 0.333330890  1.000000e-09 3.333299e-01 3.333330e-01 1.000000e-09 1.000000e-09 1           
4:           5.371530e-02 7.986795e-02 1.765735e-02 9.304809e-02 6.231521e-02 0.1317208692 1.157317e-01 0.148816351  1.488174e-01 3.890513e-02 3.857048e-03 6.831632e-02 3.723136e-02 1           
5:           1.000000e-09 1.000000e-09 1.000000e-09 1.000000e-09 1.000000e-09 0.0000000010 1.000000e-09 0.000000001  1.000000e-09 5.008413e-01 4.991587e-01 1.000000e-09 1.000000e-09 1           
6:           1.000000e-09 1.000000e-09 1.000000e-09 1.000000e-09 8.166827e-01 0.0320130984 1.000000e-09 0.000000001  1.000000e-09 9.981620e-04 1.000000e-09 1.000000e-09 1.503061e-01 1           
7:           3.359811e-01 1.000000e-09 1.269823e-01 1.000000e-09 1.000000e-09 0.0000000010 3.651618e-01 0.000000001  1.535282e-01 1.000000e-09 1.000000e-09 1.000000e-09 1.834662e-02 1           
8:           1.000000e-09 1.000000e-09 1.609285e-01 2.327037e-01 1.000000e-09 0.0000000010 1.000000e-09 0.000000001  1.216886e-01 1.000000e-09 3.659715e-02 4.480821e-01 1.000000e-09 1           
9:           1.004111e-01 2.680090e-02 5.325219e-02 8.881315e-03 8.676525e-02 0.0266422634 1.171392e-01 0.150731360  7.091167e-02 1.046023e-01 9.881921e-02 8.944026e-02 6.560307e-02 1           
10:          1.000000e-09 1.000000e-09 3.337905e-01 6.604675e-02 1.000000e-09 0.0000000010 1.000000e-09 0.000000001  6.785711e-03 1.000000e-09 5.000794e-01 9.329758e-02 1.000000e-09 1           
11:          1.448282e-01 4.013122e-02 9.424060e-02 1.013267e-01 1.253867e-01 0.0270159046 1.318576e-01 0.004439863  3.713326e-02 4.908796e-02 3.479002e-02 1.705751e-01 3.918681e-02 1           
12:          1.000000e-09 1.000000e-09 5.476538e-01 9.209573e-02 1.000000e-09 0.0000000010 1.000000e-09 0.000000001  1.337629e-01 1.000000e-09 8.608570e-02 1.404018e-01 1.000000e-09 1           
13:          1.000000e-09 1.000000e-09 6.970791e-01 1.000000e-09 1.000000e-09 0.0000000010 1.968605e-01 0.000000001  1.000000e-09 1.000000e-09 1.000000e-09 1.000000e-09 1.060604e-01 1           
14:          4.113034e-01 9.335277e-02 1.000000e-09 1.000000e-09 1.000000e-09 0.0000000010 6.301174e-02 0.000000001  1.000000e-09 4.323321e-01 1.000000e-09 1.000000e-09 1.000000e-09 1           
15:          1.000000e-09 1.000000e-09 1.000000e-09 1.000000e-09 3.483241e-01 0.0000000010 8.808761e-02 0.063587182  1.000000e-09 1.000000e-09 1.000000e-09 1.000000e-09 5.000012e-01 1           
16:          1.000000e-09 1.000000e-09 4.444445e-01 3.345811e-01 1.000000e-09 0.0000000010 1.000000e-09 0.000000001  4.868183e-02 1.000000e-09 1.130613e-02 1.609864e-01 1.000000e-09 1           
17:          1.000000e-09 1.000000e-09 1.000000e-09 1.000000e-09 1.000000e-09 0.0000000010 1.000000e-09 0.000000001  1.000000e+00 1.000000e-09 1.000000e-09 1.000000e-09 1.000000e-09 1           
18:          2.225776e-01 1.000000e-09 1.000000e-09 1.000000e-09 1.000000e-09 0.0000000010 1.000000e-09 0.270092560  1.000000e-09 9.527567e-02 1.596376e-01 1.000000e-09 2.524166e-01 1           
19:          1.000000e+00 1.000000e-09 1.000000e-09 1.000000e-09 1.000000e-09 0.0000000010 1.000000e-09 0.000000001  1.000000e-09 1.000000e-09 1.000000e-09 1.000000e-09 1.000000e-09 1           
20:          1.000000e-09 1.000000e-09 1.000000e-09 1.000000e-09 1.000000e-09 0.6093366213 1.000000e-09 0.000000001  3.906634e-01 1.000000e-09 1.000000e-09 1.000000e-09 1.000000e-09 1           
21:          1.000000e-09 5.253871e-01 1.000000e-09 1.000000e-09 1.000000e-09 0.0000000010 1.000000e-09 0.000000001  1.000000e-09 1.000000e-09 1.000000e-09 1.000000e-09 4.746128e-01 1           
22:          1.450922e-02 7.004536e-02 3.950328e-03 9.714329e-02 1.000000e-09 0.3736621910 1.000000e-09 0.000000001  2.543792e-01 1.000000e-09 1.000000e-09 9.038262e-02 9.592774e-02 1           
23:          2.775677e-02 2.764370e-01 1.000000e-09 1.000000e-09 1.000000e-09 0.0000000010 1.000000e-09 0.000000001  2.728313e-01 1.000000e-09 1.000000e-09 1.000000e-09 4.229749e-01 1           
24:          1.894957e-01 1.000000e-09 5.632653e-02 1.000000e-09 1.000000e-09 0.0000000010 1.000000e-09 0.173300425  4.013173e-02 1.000000e-09 1.903311e-01 1.000000e-09 3.504145e-01 1           
25:          1.000000e-09 1.000000e-09 4.040851e-01 1.000000e-09 1.000000e-09 0.0000000010 1.000000e-09 0.000000001  1.000000e-09 1.000000e-09 5.924108e-05 1.000000e-09 5.958556e-01 1           
26:          4.040260e-01 4.849840e-02 1.000000e-09 1.000000e-09 1.000000e-09 0.0000000010 3.508016e-01 0.000000001  1.000000e-09 5.336852e-02 9.719497e-02 1.000000e-09 4.611053e-02 1           
27:          5.000000e-01 1.000000e-09 1.000000e-09 1.000000e-09 1.000000e-09 0.0000000010 1.000000e-09 0.000000001  1.000000e-09 5.000000e-01 1.000000e-09 1.000000e-09 1.000000e-09 1           
28:          1.190872e-01 1.169267e-01 8.121675e-02 3.012987e-02 2.419401e-02 0.1305035074 1.745055e-02 0.107235915  3.646697e-02 1.369607e-01 6.311078e-02 1.085494e-01 2.816772e-02 1           
29:          1.198566e-01 1.151735e-03 1.479331e-01 1.019464e-01 5.712084e-03 0.0507244263 4.607168e-02 0.130475481  1.433104e-01 6.170696e-02 8.963587e-02 8.413628e-02 1.733895e-02 1           
30:          1.000000e-09 1.000000e-09 1.000000e-09 1.000000e-09 1.000000e-09 0.0000000010 1.000000e-09 0.000000001  9.943951e-01 1.000000e-09 1.000000e-09 1.000000e-09 5.604920e-03 1           
31:          1.180593e-01 8.313203e-03 1.491670e-01 6.777103e-02 5.049921e-02 0.0825966079 6.917677e-02 0.018197166  2.070258e-01 7.614857e-02 8.010814e-02 5.039826e-02 2.253887e-02 1           
32:          2.973604e-02 8.865940e-02 9.305228e-02 1.021589e-01 1.035844e-01 0.0115918548 1.887895e-02 0.088983696  8.804812e-02 1.402350e-01 5.004758e-02 1.378870e-01 4.713684e-02 1           
33:          1.000000e-09 1.000000e-09 2.596646e-01 1.000000e-09 1.000000e-09 0.0000000010 1.000000e-09 0.000000001  4.806709e-01 2.596646e-01 1.000000e-09 1.000000e-09 1.000000e-09 1           
34:          1.000000e-09 1.000000e-09 4.976500e-02 1.800260e-01 7.867132e-02 0.1055816978 1.000000e-09 0.000000001  2.257603e-01 7.967044e-02 1.175205e-02 3.269669e-02 2.360766e-01 1           
35:          1.000000e-09 1.000000e-09 1.000000e-09 1.000000e-09 1.000000e-09 0.0000000010 1.000000e-09 0.000000001  2.046656e-01 7.953344e-01 1.000000e-09 1.000000e-09 1.000000e-09 1           
36:          1.000000e-09 1.000000e-09 2.281169e-01 1.000000e-09 1.000000e-09 0.0971191028 1.000000e-09 0.000000001  6.141091e-01 1.000000e-09 1.000000e-09 1.000000e-09 6.065495e-02 1           
37:          1.000000e-09 1.000000e-09 1.415880e-01 2.638016e-02 1.000000e-09 0.0000000010 1.000000e-09 0.000000001  2.437587e-01 1.000000e-09 1.000000e-09 5.882731e-01 1.000000e-09 1           
38:          1.000000e-09 1.000000e-09 1.000000e-09 1.000000e-09 1.000000e-09 0.0000000010 2.797992e-01 0.000000001  1.000000e-09 1.000000e-09 1.000000e-09 1.000000e-09 7.202008e-01 1           
39:          1.000000e-09 1.000000e-09 6.241406e-01 1.000000e-09 1.000000e-09 0.0000000010 1.000000e-09 0.375859409  1.000000e-09 1.000000e-09 1.000000e-09 1.000000e-09 1.000000e-09 1           
40:          1.000000e+00 1.000000e-09 1.000000e-09 1.000000e-09 1.000000e-09 0.0000000010 1.000000e-09 0.000000001  1.000000e-09 1.000000e-09 1.000000e-09 1.000000e-09 1.000000e-09 1           
41:          4.117540e-02 7.436524e-02 1.279359e-01 6.665758e-02 6.975686e-02 0.1008092211 7.445003e-02 0.063597834  7.359076e-02 5.034950e-02 5.297263e-02 8.046888e-02 1.238701e-01 1           
42:          1.000000e-09 1.000000e-09 1.000000e-09 1.000000e-09 1.000000e-09 0.0000000010 2.164425e-08 0.000000001  1.000000e-09 1.000000e-09 1.000000e+00 1.000000e-09 1.000000e-09 1           
43:          5.254392e-01 1.000000e-09 1.000000e-09 1.000000e-09 1.000000e-09 0.4745528689 1.000000e-09 0.000000001  7.885192e-06 1.000000e-09 1.000000e-09 1.000000e-09 1.000000e-09 1           
44:          1.000000e-09 4.683162e-02 2.745410e-02 2.355235e-01 1.000000e-09 0.0000000010 1.000000e-09 0.412307575  1.000000e-09 2.778832e-01 1.000000e-09 1.000000e-09 1.000000e-09 1           
45:          3.007709e-01 1.000000e-09 6.585547e-01 1.000000e-09 1.000000e-09 0.0000000010 1.000000e-09 0.040674402  1.000000e-09 1.000000e-09 1.000000e-09 1.000000e-09 1.000000e-09 1           
46:          9.488847e-02 8.592358e-02 1.221849e-01 2.972334e-02 1.597165e-02 0.0649199930 3.465235e-02 0.019765629  1.196799e-01 2.629300e-02 9.559517e-02 1.297293e-01 1.606726e-01 1           
47:          1.633076e-01 1.000000e-09 2.026131e-01 1.970501e-01 1.000000e-09 0.0000000010 1.000000e-09 0.336692441  5.570999e-02 1.000000e-09 1.535066e-03 4.309165e-02 1.000000e-09 1           
48:          1.000000e-09 1.000000e-09 1.000000e-09 1.000000e-09 1.000000e-09 0.0000000010 1.000000e-09 0.554225830  1.000000e-09 1.000000e-09 4.457742e-01 1.000000e-09 1.000000e-09 1           
49:          1.000000e-09 1.000000e-09 1.000000e-09 1.000000e-09 1.445670e-01 0.0000000010 1.000035e-09 0.462615348  1.000000e-09 3.640209e-01 2.879668e-02 1.000000e-09 1.000000e-09 1           
50:          1.000000e-09 1.000000e-09 2.647410e-01 2.629581e-01 1.000000e-09 0.0000000010 1.000000e-09 0.000000001  4.055195e-02 1.000000e-09 4.296024e-02 3.887887e-01 1.000000e-09 1           
51:          3.852077e-01 1.000000e-09 1.000000e-09 1.000000e-09 1.000000e-09 0.0000000010 3.619047e-01 0.000000001  1.000000e-09 1.241158e-01 1.000000e-09 1.000000e-09 1.287719e-01 1           
52:          1.000000e-09 1.000000e-09 1.000000e-09 1.000000e-09 1.000000e-09 0.0000000010 1.000000e+00 0.000000001  1.000000e-09 1.000000e-09 1.000000e-09 1.000000e-09 1.000000e-09 1           
53:          7.258168e-02 1.016704e-01 5.048034e-02 3.968117e-02 1.225243e-02 0.1248340383 1.097563e-01 0.075215390  3.373923e-02 1.382475e-01 7.125017e-02 1.236480e-01 4.664338e-02 1           
54:          5.004527e-01 1.000000e-09 1.000000e-09 1.000000e-09 1.000000e-09 0.0000000010 1.000000e-09 0.000000001  1.532628e-08 1.000000e-09 1.000000e-09 1.000000e-09 4.995472e-01 1           
55:          1.000000e-09 1.000000e-09 2.492846e-01 3.590003e-01 1.000000e-09 0.0000000010 1.000000e-09 0.000000001  2.022872e-02 1.000000e-09 4.945364e-02 3.220328e-01 1.000000e-09 1           
56:          1.000000e+00 1.000000e-09 1.000000e-09 1.000000e-09 1.000000e-09 0.0000000010 1.000000e-09 0.000000001  1.000000e-09 1.000000e-09 1.000000e-09 1.000000e-09 1.000000e-09 1           
57:          1.000000e+00 1.000000e-09 1.000000e-09 1.000000e-09 1.000000e-09 0.0000000010 1.000000e-09 0.000000001  1.000000e-09 1.000000e-09 1.000000e-09 1.000000e-09 1.000000e-09 1           
58:          1.355436e-01 5.692094e-02 1.339838e-01 1.111098e-01 6.627972e-02 0.0197978262 6.574269e-02 0.139031836  1.562502e-02 6.187552e-02 2.476364e-02 5.520974e-02 1.141158e-01 1           
59:          5.999936e-01 1.000000e-09 1.000000e-09 1.000000e-09 1.000000e-09 0.0000000010 1.000000e-09 0.000000001  4.000064e-01 1.000000e-09 1.000000e-09 1.000000e-09 1.000000e-09 1           
60:          4.178699e-02 6.816271e-02 1.018985e-01 1.595634e-02 5.966978e-02 0.0945379588 6.587711e-02 0.050941333  6.574855e-02 1.240057e-01 6.830441e-02 1.234062e-01 1.197044e-01 1           
61:          1.000000e-09 3.251851e-01 7.135406e-02 1.025515e-02 1.000000e-09 0.0000000010 1.000000e-09 0.197507257  1.000000e-09 3.956985e-01 1.000000e-09 1.000000e-09 1.000000e-09 1           
62:          1.000000e-09 1.000000e-09 1.000000e-09 1.000000e-09 1.000000e+00 0.0000000010 1.000000e-09 0.000000001  1.000000e-09 1.000000e-09 1.000000e-09 1.000000e-09 1.000000e-09 1           
63:          2.513629e-02 8.958328e-02 3.207856e-02 2.189748e-02 8.210609e-02 0.1259753886 8.079184e-02 0.099495661  1.307762e-01 1.097416e-01 5.600643e-02 5.581296e-02 9.059815e-02 1           
64:          1.000000e-09 1.000000e-09 1.264945e-02 3.910814e-01 1.000000e-09 0.0000000010 1.000000e-09 0.000000001  1.608305e-01 1.000000e-09 1.027006e-01 3.327380e-01 1.000000e-09 1           
65:          9.905985e-02 1.189558e-01 4.562494e-02 4.469746e-02 7.110011e-02 0.0717025917 1.376357e-01 0.104380024  9.442014e-02 7.286813e-02 8.512471e-02 2.828914e-02 2.614142e-02 1           
66:          1.000000e-09 1.000000e-09 1.000000e-09 1.000000e-09 1.000000e-09 0.0000000010 1.841657e-01 0.378699104  1.000000e-09 1.000000e-09 4.371352e-01 1.000000e-09 1.000000e-09 1           
67:          1.623528e-01 3.343769e-02 3.397086e-02 5.739590e-02 1.746538e-01 0.1772303660 1.257449e-02 0.023781947  2.501715e-02 1.153989e-01 1.274776e-01 7.210385e-03 4.949805e-02 1           
68:          1.000000e-09 1.000000e-09 1.926627e-01 3.071138e-01 1.000000e-09 0.0000000010 1.000000e-09 0.147657328  1.000000e-09 1.000000e-09 3.525662e-01 1.000000e-09 1.000000e-09 1           
69:          1.000000e-09 1.000000e-09 1.000000e-09 1.000000e-09 1.000000e-09 0.0000000010 1.000000e-09 0.000000001  1.000000e-09 1.000000e+00 1.000000e-09 1.000000e-09 1.000000e-09 1           
70:          1.000000e-09 1.000000e-09 7.970703e-01 2.029297e-01 1.000000e-09 0.0000000010 1.000000e-09 0.000000001  1.000000e-09 1.000000e-09 1.000000e-09 1.000000e-09 1.000000e-09 1           
71:          9.284445e-02 2.721751e-02 1.577345e-01 1.385071e-01 1.103746e-01 0.0295055404 3.300986e-02 0.039409343  1.265509e-01 2.542909e-02 8.830065e-02 8.818933e-02 4.292722e-02 1           
72:          5.039682e-02 5.060061e-02 1.031550e-02 1.226335e-01 1.000000e-09 0.0616900509 1.000000e-09 0.000000001  1.361518e-01 1.000000e-09 1.000000e-09 3.998130e-01 1.683987e-01 1           
73:          1.000000e-09 5.744748e-02 3.101715e-01 1.195185e-01 1.000000e-09 0.0000000010 1.000000e-09 0.222204150  1.000000e-09 2.906584e-01 1.000000e-09 1.000000e-09 1.000000e-09 1           
74:          1.678994e-01 1.795010e-01 7.739408e-02 5.979475e-02 3.345542e-03 0.1066702204 8.786993e-02 0.050213728  4.642096e-02 3.782575e-02 1.071774e-01 2.473236e-02 5.115500e-02 1           
75:          9.395884e-02 4.977623e-02 9.291599e-02 8.232494e-02 1.096855e-01 0.0213390676 1.064233e-01 0.101694937  1.037844e-01 7.384698e-02 4.157640e-02 8.323026e-02 3.944307e-02 1           
76:          1.000000e-09 1.000000e-09 1.000000e-09 1.000000e-09 1.000000e-09 0.0000000010 1.000000e-09 0.000000001  1.000000e-09 1.000000e-09 1.000000e-09 1.000000e-09 1.000000e+00 1           
77:          1.000000e-09 1.000000e-09 2.453648e-01 3.652245e-03 2.485945e-01 0.1434859607 1.000000e-09 0.000000001  2.557551e-02 7.638986e-02 8.545468e-03 2.168619e-01 3.152971e-02 1           
78:          2.049103e-01 1.941991e-01 7.067009e-03 2.978206e-02 1.000000e-09 0.0301604604 1.000000e-09 0.000000001  1.612289e-01 1.000000e-09 1.000000e-09 1.797568e-01 1.928953e-01 1           
79:          1.000000e-09 1.000000e-09 5.444147e-01 1.462379e-01 1.000000e-09 0.0000000010 1.000000e-09 0.309347399  1.000000e-09 1.000000e-09 1.000000e-09 1.000000e-09 1.000000e-09 1           
80:          3.308215e-05 1.000000e-09 1.000000e-09 1.000000e-09 1.000000e-09 0.0000000010 1.000000e-09 0.000000001  1.000000e-09 9.999669e-01 1.000000e-09 1.000000e-09 1.000000e-09 1           
81:          6.581629e-02 1.263540e-01 1.280549e-01 1.441254e-01 9.367231e-02 0.0138706791 8.419138e-02 0.021065522  1.261376e-01 6.420444e-02 8.440076e-02 4.572595e-02 2.380821e-03 1           
82:          1.000000e-09 3.958382e-01 3.650226e-02 2.467251e-01 1.000000e-09 0.0000000010 1.000000e-09 0.142462984  1.000000e-09 1.784714e-01 1.000000e-09 1.000000e-09 1.000000e-09 1           
83:          1.000000e-09 1.000000e-09 1.000000e-09 1.000000e-09 1.000000e-09 0.0000000010 4.884665e-02 0.000000001  1.000000e-09 1.000000e-09 1.000000e-09 1.000000e-09 9.511533e-01 1           
84:          7.227868e-02 8.038429e-02 5.933538e-02 1.142137e-01 8.256773e-02 0.0629683283 6.964538e-02 0.092057300  5.041924e-02 2.705164e-02 1.273440e-01 6.357401e-02 9.816028e-02 1           
85:          1.990300e-04 1.000000e-09 1.000000e-09 1.000000e-09 1.000000e-09 0.0000000010 1.000000e-09 0.000000001  1.000000e-09 9.998010e-01 1.000000e-09 1.000000e-09 1.000000e-09 1           
86:          1.000000e-09 1.000000e-09 1.000000e+00 1.000000e-09 1.000000e-09 0.0000000010 1.000000e-09 0.000000001  1.000000e-09 1.000000e-09 1.000000e-09 1.000000e-09 1.000000e-09 1           
87:          1.000000e-09 1.000000e-09 2.549970e-01 1.427502e-01 1.000000e-09 0.0000000010 1.000000e-09 0.000000001  7.544218e-02 1.000000e-09 8.912315e-02 4.376875e-01 1.000000e-09 1           
88:          7.900496e-02 2.496828e-02 5.324624e-02 7.041825e-02 1.433713e-01 0.1187752944 2.152571e-02 0.069219487  6.172050e-02 9.891980e-02 7.298887e-02 9.132525e-02 9.451609e-02 1           
89:          1.000000e-09 2.641266e-01 3.916434e-01 1.000000e-09 5.737112e-03 0.0000000010 1.000000e-09 0.000000001  1.000000e-09 1.000000e-09 1.000000e-09 3.384929e-01 1.000000e-09 1           
90:          1.000000e-09 1.000000e-09 1.000000e-09 1.000000e-09 1.000000e-09 0.0000000010 1.000000e-09 0.000000001  1.000000e-09 1.000000e-09 1.000000e-09 1.000000e+00 1.000000e-09 1           
91:          3.040824e-01 1.229234e-01 1.447607e-02 3.829941e-02 1.000000e-09 0.0167022401 1.000000e-09 0.000000001  3.960090e-01 1.000000e-09 1.000000e-09 8.411329e-02 2.339409e-02 1           
92:          1.000000e-09 1.000000e-09 5.985882e-02 1.000000e-09 1.000000e-09 0.0000000010 1.000000e-09 0.499894126  1.000000e-09 1.000000e-09 4.402470e-01 1.000000e-09 1.000000e-09 1           
93:          1.000000e-09 1.000000e-09 1.000000e-09 1.000000e-09 1.000000e-09 0.0000000010 1.000000e-09 0.000000001  1.000000e-09 1.000000e-09 1.000000e-09 1.000000e-09 1.000000e+00 1           
94:          1.000000e-09 1.000000e-09 1.000000e-09 1.000000e-09 1.000000e-09 0.0000000010 6.228841e-01 0.000000001  1.000000e-09 1.000000e-09 3.771159e-01 1.000000e-09 1.000000e-09 1           
95:          1.000000e-09 1.000000e-09 1.000000e-09 1.000000e-09 1.000000e-09 0.0000000010 1.000000e-09 0.000000001  1.000000e-09 1.000000e-09 1.000000e-09 1.000000e-09 1.000000e+00 1           
96:          5.449332e-02 2.680074e-01 1.103415e-03 9.978184e-02 1.000000e-09 0.1633650459 1.000000e-09 0.000000001  2.492431e-01 1.000000e-09 1.000000e-09 1.615086e-01 2.497239e-03 1           
97:          1.000000e-09 1.000000e-09 1.000000e-09 1.000000e-09 7.996382e-02 0.3687251678 3.125039e-01 0.000000001  1.000000e-09 3.855813e-03 1.000000e-09 2.349513e-01 1.000000e-09 1           
98:          4.871520e-01 4.712272e-03 1.355955e-07 4.937895e-01 1.000000e-09 0.0060062165 1.000000e-09 0.000000001  8.339894e-03 1.000000e-09 1.000000e-09 1.000000e-09 1.000000e-09 1           
99:          1.000000e-09 3.050212e-01 1.000000e-09 2.105329e-01 1.000000e-09 0.2758901182 1.000000e-09 0.000000001  9.977592e-02 7.599944e-02 1.000000e-09 1.000000e-09 3.278043e-02 1           
100:         1.000000e-09 1.000000e-09 3.024118e-02 1.000000e-09 1.000000e-09 0.0000000010 1.000000e-09 0.000000001  9.287337e-02 1.040409e-01 1.000000e-09 2.746446e-01 4.981999e-01 1           
101:         1.000000e-09 1.000000e-09 5.512539e-01 1.000000e-09 3.031827e-01 0.0000000010 1.000000e-09 0.000000001  1.000000e-09 1.455634e-01 1.000000e-09 2.072696e-09 1.000000e-09 1           
102:         1.000000e-09 1.000000e-09 1.000000e-09 2.050260e-01 4.822193e-01 0.1464884676 1.000000e-09 0.000000001  1.000000e-09 1.000000e-09 1.662662e-01 1.000000e-09 1.000000e-09 1           
103:         1.000000e-09 1.000000e-09 1.773024e-01 1.466659e-03 1.000000e-09 0.0000000010 1.000000e-09 0.178769057  1.000000e-09 6.424615e-01 3.586306e-07 1.000000e-09 1.000000e-09 1           
104:         1.000000e-09 1.000000e-09 1.000000e-09 1.000000e-09 6.300456e-01 0.2806648551 1.000000e-09 0.000000001  1.000000e-09 2.196180e-03 1.000000e-09 1.000000e-09 8.709339e-02 1           
105:         9.968124e-02 1.186599e-01 5.476742e-02 1.941301e-02 1.324624e-01 0.0436767691 2.212969e-02 0.125610761  7.893672e-02 1.386436e-01 5.130085e-03 7.850610e-02 8.238241e-02 1           
106:         4.857446e-01 1.000000e-09 1.000000e-09 1.000000e-09 1.000000e-09 0.0000000010 1.000000e-09 0.000000001  1.000000e-09 1.000000e-09 1.000000e-09 5.142554e-01 1.000000e-09 1           
107:         4.996469e-01 1.000000e-09 1.000000e-09 1.000000e-09 1.000000e-09 0.0002268554 1.000000e-09 0.000000001  2.796162e-04 1.000000e-09 1.000000e-09 1.000000e-09 4.998466e-01 1           
108:         6.612644e-02 4.065020e-02 1.105960e-01 8.519043e-03 1.147368e-01 0.0819087886 8.068177e-02 0.070782527  6.569208e-02 4.739602e-02 1.147433e-01 7.957019e-02 1.185969e-01 1           
109:         1.000000e-09 1.000000e-09 5.222562e-01 1.000000e-09 1.000000e-09 0.0000000010 1.000000e-09 0.000000001  7.867174e-02 2.256306e-01 1.734414e-01 1.000000e-09 1.000000e-09 1           
110:         1.000000e-09 1.000000e-09 1.728793e-01 1.000000e-09 1.000000e-09 0.0000000010 1.000000e-09 0.493234906  1.000000e-09 1.000000e-09 3.338857e-01 1.000000e-09 1.000000e-09 1           
111:         1.000000e-09 1.000000e-09 1.000000e-09 1.000000e-09 1.000000e-09 0.0000000010 1.000000e-09 0.000000001  3.363663e-01 2.907982e-01 2.039514e-01 1.000000e-09 1.688840e-01 1           
112:         1.320265e-01 1.285896e-01 5.988682e-02 6.673526e-02 5.088023e-02 0.0173392422 1.356102e-01 0.109680940  2.368202e-02 3.799757e-02 9.977481e-02 7.501316e-02 6.278371e-02 1           
113:         1.000000e-09 1.000000e-09 3.079959e-01 1.000000e-09 1.000000e-09 0.0000000010 1.000000e-09 0.000000001  2.994148e-01 1.000000e-09 1.000000e-09 1.000000e-09 3.925893e-01 1           
114:         1.756219e-03 1.507191e-01 1.000000e-09 1.069731e-05 1.000000e-09 0.4874762247 1.000000e-09 0.000000001  1.000000e-09 3.600378e-01 1.000000e-09 1.000000e-09 1.000000e-09 1           
115:         1.000000e-09 4.722986e-01 1.000000e-09 9.450847e-02 1.000000e-09 0.3796715520 1.000000e-09 0.000000001  5.352139e-02 1.000000e-09 1.000000e-09 1.000000e-09 1.000000e-09 1           
116:         1.000000e-09 1.000000e-09 1.000000e-09 1.000000e-09 7.674031e-02 0.3684193165 3.150653e-01 0.000000001  1.000000e-09 4.427619e-03 1.000000e-09 2.353474e-01 1.000000e-09 1           
117:         1.000000e-09 1.000000e-09 1.000000e-09 1.000000e-09 1.000000e-09 0.0000000010 1.000000e-09 0.000000001  6.005202e-01 1.000000e-09 1.000000e-09 3.512052e-01 4.827458e-02 1           
118:         1.000000e-09 1.000000e-09 1.000000e-09 1.000000e-09 1.648310e-01 0.0000000010 1.000031e-09 0.265351996  1.000000e-09 5.133601e-01 5.645698e-02 1.000000e-09 1.000000e-09 1           
119:         4.202683e-01 1.000000e-09 1.000000e-09 1.000000e-09 1.000000e-09 0.0000000010 1.000000e-09 0.000000001  1.000000e-09 1.000000e-09 1.000000e-09 5.797317e-01 1.000000e-09 1           
120:         1.000000e-09 1.000000e-09 1.000000e-09 1.000000e-09 7.514484e-02 0.3504552203 3.197021e-01 0.000000001  1.000000e-09 1.350531e-02 1.000000e-09 2.411925e-01 1.000000e-09 1           
121:         1.000000e-09 1.000000e-09 1.000000e-09 4.617066e-01 1.000000e-09 0.0000000010 1.000000e-09 0.538293417  1.000000e-09 1.000000e-09 1.000000e-09 1.000000e-09 1.000000e-09 1           
122:         1.000000e-09 1.000000e-09 1.000000e-09 1.034369e-01 3.681657e-01 0.2666776230 1.000000e-09 0.000000001  1.334736e-01 1.014465e-02 1.000000e-09 1.181015e-01 1.000000e-09 1           
123:         1.000000e-09 1.000000e-09 1.000000e-09 1.032204e-01 3.682534e-01 0.2668695799 1.000000e-09 0.000000001  1.332364e-01 9.904864e-03 1.000000e-09 1.185154e-01 1.000000e-09 1           
124:         1.211978e-01 3.901218e-03 1.140077e-01 8.709442e-02 4.167690e-04 0.0465335089 1.319930e-01 0.079791993  6.345592e-02 1.173968e-01 2.346256e-02 8.127725e-02 1.294711e-01 1           
125:         3.711274e-01 1.000000e-09 1.000000e-09 1.000000e-09 1.000000e-09 0.0000000010 1.000000e-09 0.000000001  6.288726e-01 1.000000e-09 1.000000e-09 1.000000e-09 1.000000e-09 1           
126:         1.000000e-09 1.000000e-09 1.000000e-09 1.000000e-09 7.674520e-02 0.3684188026 3.150641e-01 0.000000001  1.000000e-09 4.424897e-03 1.000000e-09 2.353470e-01 1.000000e-09 1           
127:         1.369459e-01 4.283395e-02 5.396078e-02 5.703889e-02 2.310777e-02 0.1634655155 8.483822e-02 0.136192142  7.323744e-02 1.400944e-01 7.517761e-02 9.001229e-03 4.106184e-03 1           
128:         1.083615e-01 9.207623e-02 5.792371e-02 6.529114e-02 2.398789e-02 0.0470897000 7.034651e-02 0.041770879  1.628911e-01 1.146295e-01 2.510276e-02 7.635877e-02 1.141703e-01 1           
129:         1.000000e-09 5.406741e-01 1.000000e-09 1.000000e-09 1.000000e-09 0.0000000010 1.000000e-09 0.000000001  1.000000e-09 1.000000e-09 1.000000e-09 1.000000e-09 4.593259e-01 1           
130:         1.000000e-09 1.000000e-09 1.000000e-09 1.000000e-09 4.895938e-01 0.1025877370 1.000000e-09 0.000000001  1.000000e-09 2.984949e-04 1.000000e-09 1.000000e-09 4.075200e-01 1           
131:         1.000000e-09 1.000000e-09 6.665268e-01 1.000000e-09 1.000000e-09 0.0000000010 1.000000e-09 0.000000001  3.334732e-01 4.363265e-09 1.000000e-09 1.000000e-09 1.000000e-09 1           
132:         1.000000e-09 1.000000e-09 1.000000e-09 4.026231e-01 1.000000e-09 0.0000000010 1.000000e-09 0.000000001  1.000000e-09 1.000000e-09 1.000000e-09 3.457368e-01 2.516401e-01 1           
133:         1.000000e-09 1.000000e-09 7.690867e-02 9.692783e-02 1.000000e-09 0.0000000010 1.000000e-09 0.000000001  2.859302e-01 1.000000e-09 1.000000e-09 5.402333e-01 1.000000e-09 1           
134:         1.000000e-09 1.000000e-09 1.000000e-09 4.309181e-02 1.043480e-01 0.3068409136 1.000000e-09 0.000000001  1.000000e-09 5.191265e-02 2.511045e-01 2.285483e-01 1.415387e-02 1           
135:         1.000000e-09 6.949429e-01 1.000000e-09 1.000000e-09 1.000000e-09 0.0000000010 3.050571e-01 0.000000001  1.000000e-09 1.000000e-09 1.000000e-09 1.000000e-09 1.000000e-09 1           
136:         1.000000e-09 1.000000e-09 1.080627e-01 1.000000e-09 1.000000e-09 0.0000000010 1.000000e-09 0.000000001  1.154392e-01 4.608532e-01 1.000000e-09 3.156449e-01 1.000000e-09 1           
137:         1.000000e-09 1.000000e-09 1.000000e-09 1.000000e-09 1.000000e-09 0.0000000010 1.000000e-09 0.000000001  1.000000e-09 1.000000e-09 1.000000e+00 1.000000e-09 1.000000e-09 1           
138:         1.000000e-09 1.000000e-09 1.000000e-09 3.814683e-01 3.176015e-01 0.0000000010 1.000000e-09 0.000000001  1.000000e-09 1.361822e-01 1.000000e-09 1.647480e-01 1.000000e-09 1           
139:         1.000000e-09 1.000000e-09 2.472299e-02 1.000000e-09 1.000000e-09 0.0000000010 6.415072e-02 0.000000001  1.000000e-09 1.000000e-09 9.111263e-01 1.000000e-09 1.000000e-09 1           
140:         1.000000e-09 1.000000e-09 1.000000e-09 1.000000e-09 2.848896e-06 0.0000000010 1.000000e-09 0.000000001  1.000000e-09 4.999972e-01 5.000000e-01 1.000000e-09 1.000000e-09 1           
141:         1.000000e-09 2.552001e-07 1.000000e-09 1.000000e-09 9.724114e-02 0.3986569468 3.312019e-01 0.000000001  1.000000e-09 1.062853e-01 1.000000e-09 6.661441e-02 7.323179e-09 1           
142:         4.181064e-02 1.571872e-03 9.239760e-02 1.198383e-01 7.606877e-02 0.0654857263 1.082737e-02 0.160255126  1.530242e-01 7.097311e-02 1.767394e-02 5.496173e-02 1.351115e-01 1           
143:         1.000000e-09 1.000000e-09 1.491950e-01 1.000000e-09 1.000000e-09 0.0000000010 3.436212e-01 0.000000001  1.000000e-09 1.000000e-09 5.071838e-01 1.000000e-09 1.000000e-09 1           
144:         1.000000e-09 1.000000e-09 1.000000e-09 3.958684e-01 1.000000e-09 0.0000000010 1.041316e-01 0.000000001  1.000000e-09 2.529505e-01 1.000000e-09 1.000000e-09 2.470495e-01 1           
145:         1.000000e-09 2.815986e-01 1.000000e-09 3.752500e-01 3.360266e-01 0.0000000010 1.000000e-09 0.000000001  1.000000e-09 7.124702e-03 1.000000e-09 1.000000e-09 1.000000e-09 1           
146:         1.000000e-09 4.179487e-01 1.000000e-09 1.000000e-09 1.000000e-09 0.0000000010 1.000000e-09 0.000000001  2.570776e-01 1.512866e-01 1.000000e-09 1.000000e-09 1.736872e-01 1           
147:         1.000000e-09 1.000000e-09 1.121030e-02 1.000000e-09 1.000000e-09 0.0000000010 1.000000e-09 0.000000001  7.681149e-02 1.000000e-09 1.000000e-09 5.960735e-01 3.159047e-01 1           
148:         1.000000e-09 1.000000e-09 1.802844e-01 1.000000e-09 2.462144e-01 0.1037965841 1.000000e-09 0.000000001  3.912842e-01 1.000000e-09 1.000000e-09 1.000000e-09 7.842048e-02 1           
149:         3.174565e-01 3.372712e-02 2.668203e-03 8.089359e-02 1.000000e-09 0.0367372013 1.000000e-09 0.000000001  2.084478e-01 1.000000e-09 1.000000e-09 2.068093e-01 1.132603e-01 1           
150:         1.000000e-09 8.918269e-01 3.498965e-02 7.318342e-02 1.000000e-09 0.0000000010 1.000000e-09 0.000000001  1.000000e-09 1.000000e-09 1.000000e-09 1.000000e-09 1.000000e-09 1           
151:         1.509872e-02 1.377323e-01 3.963854e-02 1.643832e-01 1.952212e-02 0.1641492307 7.822365e-03 0.042419709  1.151090e-01 4.835408e-02 6.995727e-02 1.627338e-01 1.307971e-02 1           
152:         1.000000e-09 1.000000e-09 1.000000e-09 1.000000e-09 5.156784e-01 0.0000000010 1.000000e-09 0.000000001  4.843216e-01 1.000000e-09 1.000000e-09 1.000000e-09 1.000000e-09 1           
153:         1.000000e-09 1.000000e-09 1.000000e-09 3.868558e-01 1.000000e-09 0.0470735908 1.000000e-09 0.000000001  2.259824e-01 1.000000e-09 1.000000e-09 3.400883e-01 1.000000e-09 1           
154:         3.951821e-02 4.295597e-02 8.134953e-02 3.112191e-02 6.054727e-02 0.0505281120 1.256750e-01 0.005975221  1.198360e-01 6.876567e-02 9.690110e-03 1.838455e-01 1.801915e-01 1           
155:         1.292039e-01 1.000000e-09 1.000000e-09 4.905877e-02 3.272399e-01 0.2957041696 1.000000e-09 0.075103415  1.000000e-09 1.000000e-09 1.000000e-09 1.236898e-01 1.000000e-09 1           
156:         5.079860e-02 5.335871e-02 1.388177e-01 3.545967e-02 4.450833e-02 0.0083742541 6.530527e-02 0.101029589  2.999760e-02 1.073732e-01 1.361363e-01 1.173160e-01 1.115248e-01 1           
157:         6.847149e-02 1.000000e-09 1.000000e-09 1.000000e-09 1.000000e-09 0.0000000010 1.000000e-09 0.276025011  2.071705e-01 4.483330e-01 1.000000e-09 1.000000e-09 1.000000e-09 1           
158:         5.000001e-01 1.000000e-09 1.000000e-09 1.000000e-09 1.000000e-09 0.0000000010 1.000000e-09 0.000000001  4.999999e-01 1.000000e-09 1.000000e-09 1.000000e-09 1.000000e-09 1           
159:         1.000000e-09 1.000000e-09 1.793334e-01 1.000000e-09 2.581651e-02 0.0000000010 1.000000e-09 0.000000001  1.000000e-09 1.000000e-09 4.111172e-01 3.837329e-01 1.000000e-09 1           
160:         1.000000e-09 1.000000e-09 4.076878e-01 9.231218e-02 1.000000e-09 0.0000000010 1.000000e-09 0.000000001  1.000000e-09 5.000000e-01 1.000000e-09 1.000000e-09 1.000000e-09 1           
161:         4.995098e-01 1.000000e-09 4.993373e-01 1.002545e-07 1.000000e-09 0.0000000010 1.000000e-09 0.000000001  1.152880e-03 1.000000e-09 1.000000e-09 1.000000e-09 1.000000e-09 1           
162:         1.000000e-09 1.000000e-09 4.319688e-01 1.000000e-09 1.301568e-01 0.0000000010 1.000000e-09 0.000000001  1.000000e-09 1.000000e-09 4.378744e-01 1.000000e-09 1.000000e-09 1           
163:         1.000000e-09 1.000000e-09 6.962929e-02 1.000000e-09 1.000000e-09 0.1993275760 1.000000e-09 0.081086433  8.577907e-02 1.000000e-09 9.224096e-02 1.000000e-09 4.719367e-01 1           
164:         1.000000e-09 1.000000e-09 1.872332e-01 1.000000e-09 1.000000e-09 0.1237781686 1.000000e-09 0.075621663  2.230887e-01 3.902782e-01 1.000000e-09 1.000000e-09 1.000000e-09 1           
165:         1.000000e-09 1.000000e-09 6.079609e-01 1.000000e-09 1.000000e-09 0.3920391184 1.000000e-09 0.000000001  1.000000e-09 1.000000e-09 1.000000e-09 1.000000e-09 1.000000e-09 1           
166:         3.098983e-01 3.229912e-01 1.763731e-01 1.000000e-09 1.000000e-09 0.0000000010 1.000000e-09 0.000000001  1.907374e-01 1.000000e-09 1.000000e-09 1.000000e-09 1.000000e-09 1           
167:         9.600963e-02 2.363548e-02 7.821644e-02 1.547051e-01 1.008910e-01 0.0253646428 8.832409e-02 0.035080069  1.368079e-01 1.357006e-02 8.987145e-02 5.722490e-02 1.002993e-01 1           
168:         1.000000e-09 1.000000e-09 4.995969e-01 1.000000e-09 1.000000e-09 0.0000000010 1.050690e-03 0.000000001  1.000000e-09 1.000000e-09 4.993524e-01 1.000000e-09 1.000000e-09 1           
169:         1.000000e-09 1.000000e-09 1.000000e-09 1.000000e-09 1.000000e-09 0.0000000010 1.000000e-09 0.436354301  1.462103e-01 1.000000e-09 1.000000e-09 3.008076e-01 1.166278e-01 1           
170:         1.127724e-01 7.620473e-02 8.815704e-02 2.645018e-02 2.781634e-02 0.0949438195 7.051595e-02 0.014962142  8.175999e-02 1.358367e-01 8.451570e-02 7.770292e-02 1.083622e-01 1           
171:         2.896167e-01 2.557762e-01 1.000000e-09 1.000000e-09 1.000000e-09 0.0700113229 1.000000e-09 0.090110495  1.000000e-09 1.000000e-09 1.000000e-09 1.000000e-09 2.944853e-01 1           
172:         2.088115e-01 1.000000e-09 2.162690e-01 1.648715e-01 1.000000e-09 0.0000000010 1.000000e-09 0.291188488  7.590813e-02 1.000000e-09 4.648213e-04 4.248652e-02 1.000000e-09 1           
173:         1.000000e-09 1.221376e-01 4.872049e-04 1.155378e-04 4.495910e-01 0.0305940798 3.770702e-01 0.000000001  4.900693e-04 1.110074e-02 1.000000e-09 3.315065e-04 8.081990e-03 1           
174:         1.000000e-09 1.000000e-09 3.092568e-01 1.000000e-09 1.000000e-09 0.0000000010 3.950490e-02 0.000000001  1.000000e-09 1.791756e-01 1.626399e-01 1.000000e-09 3.094228e-01 1           
175:         1.731775e-01 1.000000e-09 2.956582e-01 1.000000e-09 1.000000e-09 0.0000000010 1.000000e-09 0.164924264  1.000000e-09 3.662400e-01 1.000000e-09 1.000000e-09 1.000000e-09 1           
176:         2.046827e-01 1.000000e-09 1.000000e-09 1.000000e-09 1.000000e-09 0.0000000010 1.000000e-09 0.000000001  3.889012e-01 1.000000e-09 1.000000e-09 1.317700e-08 4.064160e-01 1           
177:         1.000000e-09 1.000000e-09 1.000000e-09 1.000000e-09 1.000000e-09 0.0000000010 1.000000e-09 0.633211923  1.000000e-09 1.000000e-09 1.000000e-09 1.000000e-09 3.667881e-01 1           
178:         1.613264e-01 1.000000e-09 1.000000e-09 1.000000e-09 1.000000e-09 0.0000000010 3.095621e-01 0.101352143  1.000000e-09 2.946688e-01 1.330905e-01 1.000000e-09 1.000000e-09 1           
179:         5.714837e-01 1.000000e-09 1.000000e-09 1.000000e-09 1.000000e-09 0.0000000010 1.000000e-09 0.000000001  1.000000e-09 1.000000e-09 1.000000e-09 1.000000e-09 4.285163e-01 1           
180:         1.000000e-09 1.000000e-09 1.000000e-09 1.000000e-09 1.000000e-09 0.0000000010 1.000000e-09 0.000000001  2.120970e-01 3.939516e-01 3.939514e-01 1.000000e-09 1.000000e-09 1           
181:         1.000000e-09 1.000000e-09 4.419885e-01 1.000000e-09 1.890538e-01 0.0000000010 1.000000e-09 0.000000001  2.778572e-01 1.000000e-09 1.000000e-09 1.000000e-09 9.110049e-02 1           
182:         1.000000e-09 1.000000e-09 1.000000e-09 1.000000e-09 1.000000e-09 0.0000000010 1.000000e-09 0.000000001  9.974117e-01 1.000000e-09 1.000000e-09 1.000000e-09 2.588247e-03 1           
183:         7.147521e-02 1.000000e-09 1.000000e-09 1.000000e-09 1.000000e-09 0.0000000010 1.000000e-09 0.356878509  1.000000e-09 1.913321e-01 3.803142e-01 1.000000e-09 1.000000e-09 1           
184:         1.878821e-02 1.000000e-09 1.000000e-09 1.000000e-09 1.000000e-09 0.0000000010 1.000000e-09 0.301961444  2.923427e-01 3.869077e-01 1.000000e-09 1.000000e-09 1.000000e-09 1           
185:         2.826781e-01 1.000000e-09 1.000000e-09 1.000000e-09 1.000000e-09 0.2796166015 1.000000e-09 0.229369996  1.506996e-02 1.932653e-01 1.000000e-09 1.000000e-09 1.000000e-09 1           
186:         1.000000e-09 1.000000e-09 2.633109e-02 1.000000e-09 1.000000e-09 0.0000000010 2.780275e-05 0.000000001  1.000000e-09 1.000000e-09 2.401548e-01 4.107372e-01 3.227491e-01 1           
187:         1.000000e-09 1.000000e-09 1.000000e-09 1.000000e-09 1.000000e-09 0.0000000010 1.000000e-09 0.000000001  5.929499e-01 1.000000e-09 1.000000e-09 1.000000e-09 4.070501e-01 1           
188:         3.522591e-02 1.000000e-09 1.000000e-09 1.000000e-09 1.000000e-09 0.2033299866 1.000000e-09 0.330675049  1.000000e-09 1.000000e-09 1.531247e-01 1.000000e-09 2.776444e-01 1           
189:         1.000000e-09 1.000000e-09 2.991361e-01 1.000000e-09 1.000000e-09 0.0000000010 5.915637e-02 0.212621442  2.566541e-02 1.000000e-09 1.402070e-01 1.000000e-09 2.632138e-01 1           
190:         1.000000e-09 1.000000e-09 1.209211e-01 1.000000e-09 1.000000e-09 0.0000000010 1.000000e-09 0.000000001  1.209211e-01 2.906416e-01 2.875334e-01 1.000000e-09 1.799828e-01 1           
191:         6.766622e-02 2.252696e-01 2.925012e-02 6.099207e-02 1.000000e-09 0.0741752917 1.000000e-09 0.000000001  2.039084e-01 1.000000e-09 1.000000e-09 2.732429e-01 6.549540e-02 1           
192:         2.300938e-01 1.000000e-09 3.348220e-01 2.881301e-01 1.000000e-09 0.0000000010 1.000000e-09 0.121805347  2.514881e-02 1.000000e-09 1.000000e-09 1.000000e-09 1.000000e-09 1           
193:         1.000000e-09 1.000000e-09 1.000000e+00 1.000000e-09 1.000000e-09 0.0000000010 1.000000e-09 0.000000001  1.000000e-09 1.000000e-09 1.000000e-09 1.000000e-09 1.000000e-09 1           
194:         1.000000e-09 1.000000e-09 1.000000e-09 1.000000e-09 5.000675e-01 0.4999324557 1.000000e-09 0.000000001  1.000000e-09 6.514410e-08 1.000000e-09 1.000000e-09 1.000000e-09 1           
195:         1.083203e-01 4.191049e-02 1.276590e-01 4.482289e-02 1.514703e-01 0.0887316509 5.284647e-02 0.007063217  3.558920e-02 1.415993e-01 6.269981e-02 1.047175e-01 3.256989e-02 1           
196:         1.000000e-09 1.000000e-09 1.000000e-09 2.766843e-01 1.000000e-09 0.0000000010 4.139188e-01 0.000000001  1.000000e-09 1.000000e-09 1.000000e-09 3.093968e-01 1.000000e-09 1           
197:         1.000000e-09 1.000000e-09 1.000000e-09 1.000000e+00 1.000000e-09 0.0000000010 1.000000e-09 0.000000001  1.000000e-09 1.000000e-09 1.000000e-09 1.000000e-09 1.000000e-09 1           
198:         1.000000e-09 1.000000e-09 2.174429e-02 4.782557e-01 1.000000e-09 0.0000000010 1.000000e-09 0.000000001  5.000000e-01 1.000000e-09 1.000000e-09 1.000000e-09 1.000000e-09 1           
199:         1.000000e-09 1.000000e-09 7.923988e-01 2.076012e-01 1.000000e-09 0.0000000010 1.000000e-09 0.000000001  1.000000e-09 1.000000e-09 1.000000e-09 1.000000e-09 1.000000e-09 1           
200:         1.007001e-01 3.968455e-02 5.847531e-02 9.177531e-02 9.565937e-02 0.1030223092 6.683568e-02 0.072825961  1.022015e-01 6.781731e-02 8.463634e-02 5.601699e-02 6.034924e-02 1           
201:         1.247488e-03 1.000000e-09 1.000000e-09 1.000000e-09 1.000000e-09 0.0000000010 1.000000e-09 0.000000001  1.000000e-09 4.987525e-01 1.000000e-09 5.000000e-01 1.000000e-09 1           
202:         1.000000e-09 1.000000e-09 5.118265e-02 4.998941e-01 1.000000e-09 0.0000000010 1.000000e-09 0.000000001  1.000000e-09 1.000000e-09 1.000000e-09 4.489233e-01 1.000000e-09 1           
203:         8.311366e-01 1.000000e-09 1.000000e-09 1.000000e-09 1.000000e-09 0.1688513740 1.000000e-09 0.000000001  1.201595e-05 1.000000e-09 1.000000e-09 1.000000e-09 1.000000e-09 1           
204:         1.000000e-09 1.000000e-09 5.031517e-01 4.968483e-01 1.000000e-09 0.0000000010 1.000000e-09 0.000000001  1.000000e-09 1.000000e-09 1.000000e-09 1.000000e-09 1.000000e-09 1           
