1:           1.642598e-01 0.0119373459 0.1737396661 6.483512e-02 9.532111e-02 5.679748e-03 1.047842e-01 1.027912e-01 5.341686e-02 5.924224e-02 0.163992749  1           
2:           1.000000e-09 0.0000000010 0.0000000010 1.000000e-09 3.761823e-02 1.000000e-09 7.027491e-01 2.596327e-01 1.006656e-09 1.000000e-09 0.000000001  1           
3:           1.000000e-09 0.0000000010 0.2790498516 1.000000e-09 4.156718e-01 3.052784e-01 1.000000e-09 1.000000e-09 1.000000e-09 1.000000e-09 0.000000001  1           
4:           9.539282e-02 0.0033294580 0.1181272172 9.985190e-02 8.559375e-02 2.322151e-02 1.417886e-01 1.321039e-01 1.519695e-01 1.234498e-01 0.025171599  1           
5:           1.000000e-09 0.0000000010 0.1800869588 1.000000e-09 2.987062e-01 4.536706e-01 1.000000e-09 1.000000e-09 1.000000e-09 2.071313e-02 0.046823061  1           
6:           1.000000e-09 0.2718597917 0.7281401993 1.000000e-09 1.000000e-09 1.000000e-09 1.000000e-09 1.000000e-09 1.000000e-09 1.000000e-09 0.000000001  1           
7:           5.530975e-02 0.0000000010 0.0000000010 2.819458e-01 1.206874e-06 1.000000e-09 1.600023e-01 3.756080e-01 1.000000e-09 1.000000e-09 0.127132959  1           
8:           1.000000e-09 0.0000000010 0.0000000010 5.443164e-01 1.000000e-09 1.270268e-01 1.373521e-02 1.000000e-09 5.749208e-02 2.574295e-01 0.000000001  1           
9:           1.664833e-01 0.0467053466 0.0453560611 1.235405e-01 1.918902e-01 6.886645e-02 1.298096e-01 4.627690e-02 9.616156e-02 7.074099e-02 0.014169131  1           
10:          1.000000e-09 0.0000000010 0.0000000010 2.819356e-01 1.000000e-09 4.489016e-02 1.136074e-03 1.000000e-09 2.168559e-01 4.551822e-01 0.000000001  1           
11:          6.686841e-02 0.0590593066 0.1308084028 1.066239e-01 6.300066e-02 4.360124e-02 1.446690e-01 1.058881e-01 1.824894e-02 1.186061e-01 0.142625928  1           
12:          1.000000e-09 0.0000000010 0.0000000010 4.974935e-01 1.000000e-09 5.525511e-02 1.108035e-01 1.000000e-09 6.744314e-02 2.690047e-01 0.000000001  1           
13:          1.000000e-09 0.0000000010 0.0000000010 3.696093e-01 1.000000e-09 2.379224e-01 1.565830e-01 2.358853e-01 1.000000e-09 1.000000e-09 0.000000001  1           
14:          9.583571e-02 0.0000000010 0.0000000010 1.000000e-09 6.784187e-01 1.000000e-09 1.000000e-09 1.000000e-09 1.000000e-09 2.257456e-01 0.000000001  1           
15:          1.000000e-09 0.0000000010 0.1788242759 1.000000e-09 1.000000e-09 2.957942e-01 1.000000e-09 1.000000e-09 1.862371e-01 1.000000e-09 0.339144421  1           
16:          1.000000e-09 0.0000000010 0.0000000010 3.960071e-01 1.000000e-09 3.397865e-01 1.335529e-02 1.000000e-09 6.812190e-02 1.827292e-01 0.000000001  1           
17:          1.000000e-09 0.0000000010 0.0000000010 1.000000e-09 1.000000e-09 1.000000e-09 1.000000e+00 1.000000e-09 1.000000e-09 1.000000e-09 0.000000001  1           
18:          1.000000e-09 0.0000000010 0.2695557145 3.444644e-02 2.967273e-01 1.000000e-09 1.000000e-09 2.141520e-01 1.000000e-09 1.000000e-09 0.185118569  1           
19:          1.000000e-09 0.0000000010 0.0000000010 1.000000e-09 1.000000e-09 1.000000e-09 1.000000e-09 1.000000e+00 1.000000e-09 1.000000e-09 0.000000001  1           
20:          2.391400e-01 0.0002459452 0.2683188176 3.118716e-01 9.122961e-02 1.000000e-09 8.919407e-02 1.000000e-09 1.000000e-09 1.000000e-09 0.000000001  1           
21:          1.000000e-09 0.0000000010 0.0000000010 2.599592e-01 1.000000e-09 1.000000e-09 1.545814e-01 1.000000e-09 1.000000e-09 1.000000e-09 0.585459352  1           
22:          1.787856e-01 0.0000000010 0.0000000010 1.029299e-01 1.000000e-09 1.000000e-09 2.120918e-01 2.788876e-02 1.367021e-01 1.000000e-09 0.341601870  1           
23:          1.000000e-09 0.0000000010 0.0000000010 2.497602e-01 1.000000e-09 1.000000e-09 1.630029e-01 1.000000e-09 1.000000e-09 1.000000e-09 0.587236925  1           
24:          1.000000e-09 0.0000000010 0.0014397078 2.899630e-01 1.134808e-01 1.000000e-09 6.062931e-02 3.040003e-01 1.000000e-09 1.000000e-09 0.230486955  1           
25:          1.000000e-09 0.0000000010 0.0000000010 1.000000e-09 1.000000e-09 2.367375e-01 3.211243e-01 2.367697e-01 1.000000e-09 1.000000e-09 0.205368407  1           
26:          1.000000e-09 0.0000000010 0.0000000010 4.855248e-03 4.950430e-01 5.044079e-03 3.811243e-09 4.886969e-01 1.000000e-09 2.412015e-04 0.006119612  1           
27:          1.000000e-09 0.0000000010 0.0000000010 1.000000e-09 7.071069e-01 1.000000e-09 2.928931e-01 1.000000e-09 1.000000e-09 1.000000e-09 0.000000001  1           
28:          6.637280e-02 0.0395860490 0.1325033259 1.712793e-01 7.898382e-02 1.743781e-01 3.558230e-02 9.307821e-02 9.003180e-02 1.138165e-01 0.004387765  1           
29:          3.081743e-02 0.0146107122 0.1157069198 3.935053e-02 2.780325e-01 9.076008e-02 1.926467e-01 1.108480e-01 1.274458e-02 7.546704e-02 0.039015524  1           
30:          1.000000e-09 0.0000000010 0.0000000010 1.000000e-09 1.000000e-09 1.000000e-09 1.000000e+00 1.000000e-09 1.000000e-09 1.000000e-09 0.000000001  1           
31:          3.966594e-02 0.1661386794 0.1558337782 1.763586e-02 2.828328e-02 6.595882e-02 9.276756e-02 1.232634e-01 6.962042e-02 1.095922e-01 0.131240046  1           
32:          1.916215e-01 0.1891471054 0.1666450044 2.134459e-02 9.913875e-02 1.219384e-02 3.138506e-02 1.585933e-01 4.293113e-02 7.304342e-02 0.013956293  1           
33:          1.000000e-09 0.0000000010 0.0000000010 1.000000e-09 1.000000e-09 1.000000e-09 1.000000e+00 1.000000e-09 1.000000e-09 1.000000e-09 0.000000001  1           
34:          1.000000e-09 0.2139015379 0.2861060448 4.845785e-02 1.000000e-09 1.144466e-01 1.840192e-01 1.000000e-09 3.205287e-03 1.498635e-01 0.000000001  1           
35:          1.000000e-09 0.0000000010 0.1624299431 1.000000e-09 3.731029e-01 1.000000e-09 3.111473e-01 1.000000e-09 6.243152e-07 1.000000e-09 0.153319202  1           
36:          1.000000e-09 0.0000000010 0.0000000010 7.070387e-01 1.000000e-09 1.000000e-09 1.401477e-01 1.000000e-09 1.000000e-09 1.000000e-09 0.152813545  1           
37:          1.000000e-09 0.0000000010 0.0000000010 3.828404e-02 1.000000e-09 1.000000e-09 1.686572e-01 1.000000e-09 7.930588e-01 1.000000e-09 0.000000001  1           
38:          1.000000e-09 0.0000000010 0.0000000010 1.000000e-09 1.000000e-09 3.802433e-02 1.000000e-09 8.316009e-01 1.000000e-09 1.000000e-09 0.130374769  1           
39:          1.000000e-09 0.0000000010 0.0000000010 3.545851e-01 1.000000e-09 1.000000e-09 3.807562e-02 1.000000e-09 1.000000e-09 6.073392e-01 0.000000001  1           
40:          1.000000e-09 0.0000000010 0.0000000010 1.000000e-09 1.000000e+00 1.000000e-09 1.000000e-09 1.000000e-09 1.000000e-09 1.000000e-09 0.000000001  1           
41:          1.228627e-01 0.1245772057 0.0139410998 2.270503e-02 1.070174e-01 1.058922e-01 1.686555e-01 6.019040e-02 1.658316e-01 5.668975e-02 0.051637006  1           
42:          1.000000e-09 0.0000000010 0.0000000010 1.000000e-09 1.000000e-09 3.226627e-02 1.000000e-09 1.000000e-09 1.000000e-09 9.677337e-01 0.000000001  1           
43:          1.000000e-09 0.0000000010 0.0000000010 6.569314e-01 3.430686e-01 1.000000e-09 1.000000e-09 1.000000e-09 1.000000e-09 1.000000e-09 0.000000001  1           
44:          6.308042e-01 0.0000000010 0.0075025373 1.000000e-09 1.000000e-09 1.000000e-09 2.014632e-01 1.000000e-09 1.000117e-09 1.602301e-01 0.000000001  1           
45:          1.000000e-09 0.0000000010 0.0000000010 2.729522e-01 2.273846e-01 1.000000e-09 1.000000e-09 1.000000e-09 1.000000e-09 4.996632e-01 0.000000001  1           
46:          8.069295e-02 0.0938796426 0.0588588305 1.178892e-01 1.343300e-01 1.358162e-01 1.034204e-01 1.313600e-01 3.473406e-02 9.944631e-02 0.009572311  1           
47:          1.000000e-09 0.0000000010 0.0000000010 5.086150e-02 2.070791e-02 6.469064e-02 1.491377e-01 4.779215e-01 7.347828e-02 1.632025e-01 0.000000001  1           
48:          1.000000e-09 0.0000000010 0.0000000010 1.000000e-09 4.246794e-01 2.783112e-01 1.000000e-09 2.222068e-01 1.000000e-09 7.480254e-02 0.000000001  1           
49:          1.000000e-09 0.0001367654 0.4742475248 1.000000e-09 3.514921e-01 1.056621e-01 1.000000e-09 1.000000e-09 1.000000e-09 6.846146e-02 0.000000001  1           
50:          1.000000e-09 0.0000000010 0.0000000010 1.949278e-01 1.000000e-09 8.640657e-02 3.430933e-01 1.000000e-09 9.000770e-02 2.855647e-01 0.000000001  1           
51:          1.000000e-09 0.0000000010 0.0000000010 5.893546e-02 3.190694e-01 1.004423e-09 1.000000e-09 1.227262e-01 1.000000e-09 1.224505e-01 0.376818445  1           
52:          1.000000e-09 0.0000000010 0.0000000010 1.000000e-09 1.000000e-09 1.000000e+00 1.000000e-09 1.000000e-09 1.000000e-09 1.000000e-09 0.000000001  1           
53:          8.710613e-02 0.0109612128 0.0935244251 1.492074e-01 7.351433e-03 4.305846e-02 3.291343e-02 1.333366e-01 1.828510e-01 1.936960e-01 0.065993829  1           
54:          1.000000e-09 0.0000000010 0.0000000010 1.801012e-02 2.553555e-01 1.000000e-09 2.292817e-01 1.133925e-01 1.000000e-09 1.000000e-09 0.383960258  1           
55:          1.000000e-09 0.0000000010 0.0000000010 4.723238e-01 1.000000e-09 2.585693e-02 3.624677e-01 1.000000e-09 6.599100e-02 7.336060e-02 0.000000001  1           
56:          1.000000e-09 0.0000000010 0.0000000010 1.000000e-09 1.000000e-09 1.000000e-09 1.000000e-09 1.000000e+00 1.000000e-09 1.000000e-09 0.000000001  1           
57:          1.000000e-09 0.0000000010 0.0000000010 1.000000e-09 1.000000e+00 1.000000e-09 1.000000e-09 1.000000e-09 1.000000e-09 1.000000e-09 0.000000001  1           
58:          9.400904e-02 0.0206532602 0.0750903898 1.019029e-01 1.262090e-01 5.982980e-02 1.393235e-01 1.403409e-01 5.142374e-02 8.933382e-02 0.101883659  1           
59:          1.000000e-09 0.0000000010 0.0000000010 3.591372e-01 4.971518e-01 1.000000e-09 1.437110e-01 1.000000e-09 1.000000e-09 1.000000e-09 0.000000001  1           
60:          1.245606e-01 0.0840615216 0.0733786034 7.895718e-02 1.053912e-01 8.483996e-02 1.255442e-01 1.302579e-01 9.902390e-02 7.814310e-02 0.015841805  1           
61:          7.965030e-01 0.0000000010 0.0041330384 1.000000e-09 1.000000e-09 1.000000e-09 4.821509e-02 1.000000e-09 1.000144e-09 1.511488e-01 0.000000001  1           
62:          1.000000e-09 0.9999999900 0.0000000010 1.000000e-09 1.000000e-09 1.000000e-09 1.000000e-09 1.000000e-09 1.000000e-09 1.000000e-09 0.000000001  1           
63:          1.485097e-01 0.0833815260 0.0856819165 8.075145e-02 7.255573e-02 8.144918e-02 3.283208e-02 1.818535e-01 1.036069e-01 8.086223e-02 0.048515800  1           
64:          1.000000e-09 0.0000000010 0.0000000010 2.778431e-01 1.000000e-09 1.571599e-01 6.939518e-02 1.000000e-09 2.199547e-01 2.756471e-01 0.000000001  1           
65:          9.191046e-03 0.1765815590 0.1251955333 4.192157e-02 1.600929e-01 1.330991e-01 9.284837e-02 1.300594e-01 6.457577e-02 5.076118e-02 0.015673629  1           
66:          1.000000e-09 0.0000000010 0.0000000010 1.000000e-09 3.926582e-02 7.017714e-01 1.000000e-09 2.589628e-01 1.000000e-09 1.000000e-09 0.000000001  1           
67:          3.663102e-02 0.1441543667 0.0933875956 1.008964e-01 1.678407e-01 1.788797e-01 3.850050e-02 4.911694e-02 1.216567e-01 4.660926e-02 0.022326937  1           
68:          1.000000e-09 0.0000000010 0.4991671558 4.994627e-01 1.000000e-09 9.484468e-04 1.000000e-09 1.000000e-09 1.000000e-09 4.216811e-04 0.000000001  1           
69:          1.000000e-09 0.0000000010 0.9999999900 1.000000e-09 1.000000e-09 1.000000e-09 1.000000e-09 1.000000e-09 1.000000e-09 1.000000e-09 0.000000001  1           
70:          1.000000e-09 0.0000000010 0.0000000010 1.000000e-09 1.000000e-09 1.000000e-09 1.000000e+00 1.000000e-09 1.000275e-09 1.000000e-09 0.000000001  1           
71:          3.799548e-02 0.0990066775 0.1107344038 1.115030e-01 1.307572e-01 1.320148e-01 5.543905e-02 1.304957e-01 1.082172e-01 6.455417e-02 0.019282404  1           
72:          9.651868e-02 0.0000000010 0.0000000010 1.752564e-01 1.000000e-09 1.000000e-09 3.046595e-01 1.941656e-02 1.723735e-01 1.000000e-09 0.231775428  1           
73:          4.485963e-01 0.0000000010 0.0476758970 1.000000e-09 1.000000e-09 1.000000e-09 3.855201e-02 1.000000e-09 1.000059e-09 4.651758e-01 0.000000001  1           
74:          1.144862e-01 0.0179274558 0.0670409096 1.062164e-01 7.401504e-02 5.723422e-02 7.387060e-02 1.393244e-01 7.674219e-02 1.386508e-01 0.134491768  1           
75:          1.299666e-01 0.0815182274 0.0240696539 6.645070e-03 4.007065e-02 1.398626e-01 9.629806e-02 1.735606e-01 4.746962e-02 1.827192e-01 0.077819629  1           
76:          1.000000e-09 0.0000000010 0.0000000010 1.000000e-09 1.000000e-09 1.000000e-09 1.986570e-01 1.000000e-09 1.000000e-09 1.000000e-09 0.801342971  1           
77:          1.000000e-09 0.1853021049 0.3146948446 7.701759e-02 1.000000e-09 1.838651e-01 3.687522e-02 1.000000e-09 4.367024e-02 1.585749e-01 0.000000001  1           
78:          1.208120e-01 0.0000000010 0.0000000010 1.742636e-01 1.000000e-09 1.000000e-09 2.592158e-01 2.530549e-03 6.574273e-03 1.000000e-09 0.436603747  1           
79:          3.219855e-01 0.0000000010 0.4403107039 1.188529e-01 1.000000e-09 1.000000e-09 1.188508e-01 1.000000e-09 1.000000e-09 1.000000e-09 0.000000001  1           
80:          1.000000e-09 0.0000000010 0.0000000010 1.000000e-09 1.000000e+00 1.000000e-09 1.000000e-09 1.000000e-09 1.000000e-09 1.000000e-09 0.000000001  1           
81:          1.845746e-01 0.1093954766 0.1671905612 1.119119e-01 3.633348e-02 3.079087e-02 1.149899e-01 1.474102e-01 1.086396e-02 7.260814e-03 0.079278315  1           
82:          4.908131e-01 0.0000000010 0.0017987833 1.000000e-09 1.000000e-09 1.000000e-09 4.815692e-01 1.000000e-09 1.000118e-09 2.581893e-02 0.000000001  1           
83:          1.000000e-09 0.0000000010 0.0000000010 1.000000e-09 1.000000e-09 3.249477e-02 1.000000e-09 8.863962e-01 1.000000e-09 1.000000e-09 0.081109045  1           
84:          2.414564e-02 0.1764712362 0.0839669518 5.418867e-02 9.868401e-02 3.781262e-02 6.478877e-02 1.057685e-01 1.151654e-01 1.809880e-01 0.058020204  1           
85:          1.000000e-09 0.0000000010 0.0000000010 1.000000e-09 1.000000e+00 1.000000e-09 1.000000e-09 1.000000e-09 1.000000e-09 1.000000e-09 0.000000001  1           
86:          1.000000e-09 0.0000000010 0.0000000010 1.000889e-09 1.000000e-09 1.000000e-09 1.000000e-09 1.000000e+00 1.000000e-09 1.000000e-09 0.000000001  1           
87:          1.000000e-09 0.0000000010 0.0000000010 8.473977e-02 1.000000e-09 8.577379e-02 3.350670e-01 1.000000e-09 1.460332e-01 3.483862e-01 0.000000001  1           
88:          2.813516e-02 0.0269809990 0.0450415835 1.734139e-01 1.832213e-01 5.474358e-02 2.104717e-01 1.280977e-02 7.213679e-02 6.901329e-02 0.124031941  1           
89:          1.000000e-09 0.0000000010 0.0000000010 1.001297e-09 1.000000e-09 1.000000e-09 1.000000e-09 6.162153e-01 3.837847e-01 1.000000e-09 0.000000001  1           
90:          1.000000e-09 0.0000000010 0.0000000010 1.000000e-09 1.000000e-09 1.000000e-09 1.000000e-09 1.000000e-09 1.000000e+00 1.000000e-09 0.000000001  1           
91:          3.057467e-02 0.0000000010 0.0000000010 1.545099e-01 1.000000e-09 1.000000e-09 2.428585e-01 3.082610e-03 2.402061e-01 1.000000e-09 0.328768285  1           
92:          1.000000e-09 0.0000000010 0.2606522928 1.000054e-09 1.000000e-09 7.876615e-02 1.000000e-09 4.997392e-01 1.000000e-09 1.608423e-01 0.000000001  1           
93:          1.000000e-09 0.0000000010 0.0000000010 1.000000e-09 1.000000e-09 1.000000e-09 1.000000e-09 1.000000e-09 1.000000e-09 1.000000e-09 0.999999990  1           
94:          1.000000e-09 0.0000000010 0.0000000010 1.000000e-09 1.000000e-09 1.000000e+00 1.000000e-09 1.000000e-09 1.000000e-09 1.000000e-09 0.000000001  1           
95:          1.000000e-09 0.0000000010 0.0000000010 1.000000e-09 1.000000e-09 1.000000e-09 1.000000e-09 1.000000e-09 1.000000e-09 1.000000e-09 0.999999990  1           
96:          1.314138e-02 0.0000000010 0.0000000010 1.098647e-01 1.000000e-09 1.000000e-09 3.483335e-01 3.165719e-02 1.968045e-01 1.000000e-09 0.300198713  1           
97:          2.289457e-01 0.3048509888 0.0000000010 2.911189e-02 1.000000e-09 9.071145e-02 1.000000e-09 1.000000e-09 1.646343e-01 1.000000e-09 0.181745693  1           
98:          4.528390e-01 0.0000000010 0.0000000010 1.800806e-01 1.867431e-01 1.000000e-09 1.803372e-01 1.000000e-09 1.000000e-09 1.000000e-09 0.000000001  1           
99:          3.957009e-01 0.0000000010 0.2533803603 1.000000e-09 1.000000e-09 1.000000e-09 3.509188e-01 1.000000e-09 1.000000e-09 1.000000e-09 0.000000001  1           
100:         1.000000e-09 0.0789747262 0.0000000010 1.000000e-09 1.000000e-09 1.000000e-09 4.671179e-01 1.000000e-09 1.000000e-09 1.000000e-09 0.453907375  1           
101:         1.000000e-09 0.0000000010 0.2605476268 1.000000e-09 1.000000e-09 1.000000e-09 1.000000e-09 1.000000e-09 4.383867e-01 3.010657e-01 0.000000001  1           
102:         1.000000e-09 0.6115355126 0.0000000010 1.000000e-09 1.000000e-09 1.000000e-09 1.000000e-09 1.000000e-09 1.000000e-09 3.884645e-01 0.000000001  1           
103:         1.000000e-09 0.0000000010 0.0000000010 1.000000e-09 1.000000e-09 1.000000e-09 1.000000e-09 1.000000e-09 1.000000e-09 1.000000e+00 0.000000001  1           
104:         1.000000e-09 0.7031848014 0.2968151896 1.000000e-09 1.000000e-09 1.000000e-09 1.000000e-09 1.000000e-09 1.000000e-09 1.000000e-09 0.000000001  1           
105:         4.288852e-03 0.0336846915 0.1608430765 1.443877e-01 1.349654e-01 7.222874e-02 6.396369e-02 8.203269e-02 1.340749e-01 9.714626e-02 0.072384018  1           
106:         1.000000e-09 0.0000000010 0.0000000010 1.000000e-09 1.000000e-09 1.000000e-09 3.534668e-01 1.000000e-09 6.465332e-01 1.000000e-09 0.000000001  1           
107:         1.000000e-09 0.0000000010 0.0086046605 3.651642e-01 5.435488e-02 1.000000e-09 1.000000e-09 3.370823e-01 1.000000e-09 1.000000e-09 0.234793967  1           
108:         1.144111e-01 0.0655153784 0.0776872827 1.480572e-02 1.335648e-01 1.649599e-01 1.574448e-01 6.046864e-02 6.551976e-02 3.015183e-02 0.115470730  1           
109:         1.000000e-09 0.0000000010 0.2605142111 5.001124e-01 1.000000e-09 1.000000e-09 1.000000e-09 1.000000e-09 1.000000e-09 2.393734e-01 0.000000001  1           
110:         1.000000e-09 0.0000000010 0.0000000010 2.046178e-01 1.000000e-09 1.000000e-09 1.000000e-09 1.000000e-09 1.000000e-09 7.953822e-01 0.000000001  1           
111:         1.000000e-09 0.0000000010 0.0000000010 1.000000e-09 2.806861e-01 1.916782e-01 3.261347e-01 1.000000e-09 1.000000e-09 1.000000e-09 0.201501002  1           
112:         8.004847e-02 0.1300366416 0.1430245324 1.398137e-01 6.782722e-02 1.096172e-02 1.329225e-01 3.054724e-02 7.760083e-02 5.080157e-02 0.136415527  1           
113:         1.000000e-09 0.0000000010 0.0000000010 3.603527e-01 1.000000e-09 1.000000e-09 2.092329e-01 2.712471e-01 1.000000e-09 1.000000e-09 0.159167314  1           
114:         4.943461e-01 0.0000000010 0.0054265213 7.008831e-04 4.995167e-01 1.000000e-09 6.911030e-07 1.000000e-09 1.000000e-09 9.124319e-06 0.000000001  1           
115:         4.796665e-01 0.0000000010 0.0000000010 5.203335e-01 1.000000e-09 1.000000e-09 1.000000e-09 1.000000e-09 1.000000e-09 1.000000e-09 0.000000001  1           
116:         2.288046e-01 0.3006761420 0.0000000010 2.863473e-02 1.000000e-09 9.387231e-02 1.000000e-09 1.000000e-09 1.644530e-01 1.000000e-09 0.183559166  1           
117:         1.000000e-09 0.1874544761 0.0000000010 1.696384e-01 1.000000e-09 8.530896e-03 6.343762e-01 1.000000e-09 1.000000e-09 1.000000e-09 0.000000001  1           
118:         1.000000e-09 0.0019287492 0.2928202118 1.000000e-09 3.558259e-01 2.380586e-01 1.000000e-09 1.000000e-09 1.000000e-09 1.113665e-01 0.000000001  1           
119:         1.000000e-09 0.1426247503 0.0000000010 3.678321e-02 1.593174e-01 1.000000e-09 1.000000e-09 1.000000e-09 4.878841e-01 1.000000e-09 0.173390541  1           
120:         2.378872e-01 0.2742857964 0.0000000010 1.000000e-09 1.000000e-09 1.187579e-01 1.000000e-09 1.000000e-09 1.871005e-01 1.000000e-09 0.181968572  1           
121:         4.618144e-01 0.0000000010 0.5381855677 1.000000e-09 1.000000e-09 1.000000e-09 1.000000e-09 1.000000e-09 1.000000e-09 1.000000e-09 0.000000001  1           
122:         1.776314e-02 0.5415368278 0.0000000010 1.044784e-01 1.000000e-09 1.000000e-09 2.040981e-01 1.000000e-09 1.321235e-01 1.000000e-09 0.000000001  1           
123:         2.276419e-02 0.5397115253 0.0000000010 1.032823e-01 1.000000e-09 1.000000e-09 2.003422e-01 1.000000e-09 1.338998e-01 1.000000e-09 0.000000001  1           
124:         5.438968e-03 0.0565873174 0.0114550825 2.115311e-01 4.192967e-02 1.099738e-01 2.436620e-02 2.320963e-01 4.795884e-03 2.395797e-01 0.062246050  1           
125:         1.000000e-09 0.0000000010 0.0000000010 2.740055e-01 4.519935e-01 1.000000e-09 2.740010e-01 1.000000e-09 1.000000e-09 1.000000e-09 0.000000001  1           
126:         2.288032e-01 0.3006820633 0.0000000010 2.863393e-02 1.000000e-09 9.386968e-02 1.000000e-09 1.000000e-09 1.644513e-01 1.000000e-09 0.183559881  1           
127:         1.187938e-01 0.1414113200 0.0652683530 2.313520e-02 1.578603e-01 5.205121e-02 2.637276e-02 1.496950e-01 9.407179e-02 1.652266e-01 0.006113711  1           
128:         8.796720e-02 0.0923106562 0.1240012283 8.991360e-02 1.049788e-01 1.395393e-01 1.182716e-01 5.477437e-02 1.729190e-02 8.871512e-02 0.082236175  1           
129:         1.000000e-09 0.0000000010 0.0000000010 5.554195e-06 1.000000e-09 1.000000e-09 3.590734e-01 2.903347e-01 2.138923e-02 1.000000e-09 0.329197166  1           
130:         1.000000e-09 0.0891459136 0.9108540774 1.000000e-09 1.000000e-09 1.000000e-09 1.000000e-09 1.000000e-09 1.000000e-09 1.000000e-09 0.000000001  1           
131:         1.000000e-09 0.0000000010 0.0000000010 1.000000e-09 1.000000e-09 1.000000e-09 5.003965e-01 1.000000e-09 1.000000e-09 4.996035e-01 0.000000001  1           
132:         3.639100e-01 0.0000000010 0.0000000010 1.000000e-09 1.000000e-09 1.000000e-09 1.000000e-09 1.021652e-01 3.236189e-01 1.000000e-09 0.210305833  1           
133:         1.000000e-09 0.0000000010 0.0000000010 5.205819e-01 1.000000e-09 1.000000e-09 2.658558e-01 1.000000e-09 2.135623e-01 1.000000e-09 0.000000001  1           
134:         1.018032e-01 0.3334042522 0.0064630751 8.751822e-02 1.000000e-09 1.423953e-01 1.000000e-09 1.000000e-09 2.094106e-01 1.000000e-09 0.119005376  1           
135:         3.234587e-01 0.0000000010 0.0000000010 1.000000e-09 1.000000e-09 1.000000e-09 7.993275e-02 1.000000e-09 1.000000e-09 5.966085e-01 0.000000001  1           
136:         1.000000e-09 0.0000000010 0.2499862003 1.000000e-09 1.000000e-09 1.000000e-09 1.665790e-01 1.000000e-09 5.000342e-01 8.340054e-02 0.000000001  1           
137:         1.000000e-09 0.0000000010 0.0000000010 1.000000e-09 1.000000e-09 1.879674e-01 1.000000e-09 1.000000e-09 1.000000e-09 8.120326e-01 0.000000001  1           
138:         7.169527e-02 0.4617621721 0.0536751162 1.000000e-09 1.000000e-09 1.000000e-09 2.260441e-01 1.000000e-09 1.868233e-01 1.000000e-09 0.000000001  1           
139:         1.000000e-09 0.0000000010 0.0000000010 1.000455e-09 1.000000e-09 2.511145e-03 1.000000e-09 9.448695e-01 1.000000e-09 5.261933e-02 0.000000001  1           
140:         1.000000e-09 0.0013044519 0.4986905175 1.000000e-09 1.000000e-09 1.443028e-01 1.000000e-09 1.000000e-09 1.000000e-09 3.557023e-01 0.000000001  1           
141:         2.612782e-01 0.2824066978 0.0000000010 7.859063e-02 3.125333e-02 7.709999e-02 1.000000e-09 1.000000e-09 1.000000e-09 1.000000e-09 0.269371157  1           
142:         8.170469e-02 0.1139720698 0.1468168396 8.932664e-02 8.943158e-02 1.204516e-01 1.662813e-02 1.266410e-01 1.513293e-01 4.549279e-02 0.018205316  1           
143:         1.000000e-09 0.0000000010 0.0000000010 1.000433e-09 1.000000e-09 9.339541e-02 1.000000e-09 6.962703e-01 1.000000e-09 2.103343e-01 0.000000001  1           
144:         4.756437e-01 0.0000000010 0.0000000010 1.000000e-09 1.000000e-09 1.000000e-09 1.000000e-09 1.000000e-09 1.000000e-09 1.000000e-09 0.524356301  1           
145:         3.384126e-01 0.0604072642 0.2790152989 1.000000e-09 1.000000e-09 1.000000e-09 1.000000e-09 1.000000e-09 2.810532e-01 4.111158e-02 0.000000001  1           
146:         1.000000e-09 0.0000000010 0.0000000010 1.000000e-09 1.000000e-09 1.000000e-09 5.959055e-01 1.000000e-09 1.000000e-09 1.000000e-09 0.404094473  1           
147:         1.000000e-09 0.1036066217 0.0000000010 1.000000e-09 1.000000e-09 1.000000e-09 2.941015e-01 1.000000e-09 3.923545e-01 1.000000e-09 0.209937388  1           
148:         1.000000e-09 0.1988608906 0.0601806334 3.267145e-01 1.000000e-09 1.000000e-09 2.414498e-01 1.000000e-09 1.000000e-09 1.000000e-09 0.172794159  1           
149:         1.484940e-01 0.0000000010 0.0000000010 3.354327e-01 1.000000e-09 1.000000e-09 1.358117e-02 8.472831e-03 3.035435e-01 1.000000e-09 0.190475799  1           
150:         3.708343e-01 0.0000000010 0.0000000010 1.000000e-09 1.000000e-09 1.000000e-09 6.291657e-01 1.000000e-09 1.000126e-09 1.000000e-09 0.000000001  1           
151:         6.022354e-02 0.1312075397 0.1276962341 4.949396e-02 2.110427e-02 7.774416e-02 5.060388e-02 1.567518e-01 1.329624e-01 1.874051e-01 0.004807110  1           
152:         1.000000e-09 0.3292122876 0.1631656284 1.834407e-01 1.000000e-09 1.000000e-09 4.722733e-02 1.000000e-09 2.769540e-01 1.000000e-09 0.000000001  1           
153:         3.149711e-01 0.0000000010 0.0000000010 2.606819e-01 1.000000e-09 1.000000e-09 1.000000e-09 1.000000e-09 4.243470e-01 1.000000e-09 0.000000001  1           
154:         1.506663e-02 0.0068731003 0.1582469153 1.344645e-01 8.458952e-02 9.534864e-02 3.503098e-02 6.876796e-02 1.027313e-01 6.100057e-02 0.237879844  1           
155:         6.938017e-02 0.4746136273 0.0000000010 4.300070e-02 1.316239e-01 1.000000e-09 1.131832e-01 3.512815e-02 1.330702e-01 1.000000e-09 0.000000001  1           
156:         7.689557e-02 0.1859266966 0.0856803649 5.726963e-02 8.025704e-02 3.620852e-02 1.374151e-01 3.505554e-02 1.184772e-01 1.472653e-01 0.039549035  1           
157:         1.000000e-09 0.0000000010 0.1405963097 1.000000e-09 2.993571e-01 1.000000e-09 5.600465e-01 1.000000e-09 1.000000e-09 1.000000e-09 0.000000001  1           
158:         1.000000e-09 0.0000000010 0.0000000010 6.764066e-01 3.235934e-01 1.000000e-09 1.000000e-09 1.000000e-09 1.000000e-09 1.000000e-09 0.000000001  1           
159:         1.000000e-09 0.0000000010 0.0000000010 1.000736e-09 1.000000e-09 5.006638e-01 1.000000e-09 1.000000e-09 4.069550e-01 9.238123e-02 0.000000001  1           
160:         1.000000e-09 0.0000000010 0.5000249276 1.000000e-09 1.000000e-09 1.000000e-09 4.331986e-01 1.000000e-09 1.000560e-09 6.677649e-02 0.000000001  1           
161:         1.000000e-09 0.0000000010 0.0000000010 2.155728e-01 2.842231e-01 1.000000e-09 1.048559e-01 1.553271e-05 3.953326e-01 1.000000e-09 0.000000001  1           
162:         1.000000e-09 0.1171854660 0.0000000010 4.255881e-01 1.000000e-09 4.038522e-01 1.000000e-09 3.128937e-02 1.000000e-09 2.208489e-02 0.000000001  1           
163:         1.000000e-09 0.0000000010 0.3767684271 2.342535e-01 1.000000e-09 1.000000e-09 1.000000e-09 1.000000e-09 1.000000e-09 1.000000e-09 0.388978103  1           
164:         1.000000e-09 0.0000000010 0.3908177395 2.311187e-01 1.476599e-01 1.000000e-09 1.921497e-01 1.000000e-09 3.825383e-02 1.000000e-09 0.000000001  1           
165:         1.000000e-09 0.0000000010 0.4541474644 5.458525e-01 1.000000e-09 1.000000e-09 1.000000e-09 1.000000e-09 1.000000e-09 1.000000e-09 0.000000001  1           
166:         1.000000e-09 0.0000000010 0.0000000010 4.865919e-01 2.812666e-02 1.000000e-09 3.211199e-01 1.000000e-09 1.641616e-01 1.000000e-09 0.000000001  1           
167:         1.762684e-01 0.0716401134 0.1439310836 1.534240e-01 5.697033e-03 5.881176e-02 1.651319e-01 3.180139e-02 5.329448e-03 6.279882e-02 0.125166123  1           
168:         1.000000e-09 0.0000000010 0.0000000010 4.995085e-01 1.000000e-09 8.486964e-03 1.000000e-09 4.906319e-01 1.000000e-09 1.372619e-03 0.000000001  1           
169:         1.000000e-09 0.1074681822 0.0000000010 1.000000e-09 1.817470e-01 1.000000e-09 4.251869e-01 1.765071e-01 1.000000e-09 1.090908e-01 0.000000001  1           
170:         2.374951e-01 0.0513223011 0.1242585119 5.618888e-02 3.986376e-03 1.643303e-01 6.290434e-02 8.311700e-02 6.663496e-02 2.505144e-03 0.147257033  1           
171:         1.681128e-01 0.0000000010 0.0000000010 1.503824e-01 1.533654e-01 1.000000e-09 1.000000e-09 1.882932e-01 1.000000e-09 1.000000e-09 0.339846138  1           
172:         1.000000e-09 0.0000000010 0.0000000010 7.731869e-02 6.315033e-03 8.427925e-02 1.399787e-01 4.933113e-01 8.706712e-03 1.900903e-01 0.000000001  1           
173:         4.160267e-01 0.2598697762 0.0249337487 7.259562e-03 1.000000e-09 1.212726e-02 1.256797e-02 1.000000e-09 4.716652e-02 4.770656e-03 0.215277782  1           
174:         1.000000e-09 0.0000000010 0.0278499643 1.000000e-09 1.000000e-09 2.395016e-01 2.249050e-01 1.000000e-09 1.000000e-09 2.472123e-01 0.260531090  1           
175:         1.000000e-09 0.0000000010 0.2152860643 1.000000e-09 3.189283e-01 1.000000e-09 3.575847e-01 4.707066e-02 1.000000e-09 6.113020e-02 0.000000001  1           
176:         1.000000e-09 0.0000000010 0.0000000010 2.586215e-01 1.000000e-09 1.000000e-09 3.218108e-01 1.000000e-09 1.000000e-09 1.000000e-09 0.419567724  1           
177:         1.000000e-09 0.0000000010 0.5762574788 1.000000e-09 1.000000e-09 1.000000e-09 1.000000e-09 4.237425e-01 1.000000e-09 1.000000e-09 0.000000001  1           
178:         7.413482e-08 0.0000000010 0.0435286520 1.000000e-09 4.454689e-01 3.130961e-01 1.000000e-09 1.000000e-09 1.000000e-09 8.859201e-06 0.197897435  1           
179:         1.000000e-09 0.0000000010 0.0000000010 1.000000e-09 3.713955e-01 1.000000e-09 1.342671e-01 3.644690e-02 1.000000e-09 1.000000e-09 0.457890476  1           
180:         1.000000e-09 0.0000000010 0.0000000010 4.522284e-03 4.224958e-01 1.000000e-09 1.000000e-09 1.000000e-09 1.000000e-09 5.729819e-01 0.000000001  1           
181:         1.000000e-09 0.1572684385 0.0000000010 6.044436e-01 1.000000e-09 1.000000e-09 9.333813e-02 1.000000e-09 1.000000e-09 1.000000e-09 0.144949842  1           
182:         1.000000e-09 0.0000000010 0.0000000010 1.000000e-09 1.000000e-09 1.000000e-09 1.000000e+00 1.000000e-09 1.000000e-09 1.000000e-09 0.000000001  1           
183:         1.000000e-09 0.0000000010 0.1735613379 1.000000e-09 4.427646e-01 3.836740e-01 1.000000e-09 1.000000e-09 1.000000e-09 1.000000e-09 0.000000001  1           
184:         1.000000e-09 0.0000000010 0.1977671394 1.000000e-09 4.914489e-01 1.000000e-09 1.039108e-01 1.000000e-09 1.000000e-09 2.068731e-01 0.000000001  1           
185:         1.464990e-01 0.0000000010 0.2106043821 1.753184e-01 4.675782e-01 1.000000e-09 1.000000e-09 1.000000e-09 1.000000e-09 1.000000e-09 0.000000001  1           
186:         1.000000e-09 0.0000000010 0.0000000010 1.000000e-09 1.000000e-09 3.815203e-01 1.000000e-09 2.784073e-02 3.765127e-01 1.000000e-09 0.214126348  1           
187:         1.000000e-09 0.0000000010 0.0000000010 2.581446e-01 1.000000e-09 1.000000e-09 4.314680e-01 1.000000e-09 1.000000e-09 1.000000e-09 0.310387440  1           
188:         1.351011e-01 0.0000000010 0.2405718874 3.207318e-02 2.217708e-01 8.959673e-03 1.000000e-09 2.555384e-01 1.000000e-09 1.000000e-09 0.105985023  1           
189:         1.000000e-09 0.0000000010 0.1832612762 1.000000e-09 1.000000e-09 3.911997e-01 4.255390e-01 1.000000e-09 1.000000e-09 1.000000e-09 0.000000001  1           
190:         1.000000e-09 0.0000000010 0.0000000010 2.357179e-01 7.956165e-02 1.344702e-01 1.000000e-09 1.000000e-09 1.000000e-09 1.848935e-01 0.365356668  1           
191:         1.115403e-01 0.0000000010 0.0000000010 4.111524e-01 1.000000e-09 1.000000e-09 6.819242e-03 3.506599e-02 3.596561e-01 1.000000e-09 0.075765929  1           
192:         2.500058e-01 0.0000000010 0.0000000010 1.000000e-09 1.000000e-09 1.000000e-09 4.966952e-01 2.532989e-01 1.000000e-09 1.000000e-09 0.000000001  1           
193:         1.000000e-09 0.0000000010 0.0000000010 1.000000e-09 1.000000e-09 1.000000e-09 1.000000e-09 1.000000e-09 1.000000e-09 1.000000e+00 0.000000001  1           
194:         1.000000e-09 0.5000538102 0.1287281453 1.890361e-01 1.000000e-09 1.000000e-09 1.585454e-01 1.000000e-09 2.363659e-02 1.000000e-09 0.000000001  1           
195:         1.492956e-01 0.0988902790 0.0423742151 1.710597e-02 1.271140e-02 2.062940e-01 1.693959e-01 1.677970e-01 8.762072e-03 2.568805e-02 0.101685388  1           
196:         3.124715e-01 0.0000000010 0.0000000010 1.000000e-09 1.000000e-09 2.943595e-01 1.000000e-09 1.000000e-09 2.526544e-01 1.000000e-09 0.140514674  1           
197:         7.890943e-01 0.0000000010 0.1054497640 1.000000e-09 1.000000e-09 1.000000e-09 1.000000e-09 1.000000e-09 1.000000e-09 1.054560e-01 0.000000001  1           
198:         1.000000e-09 0.0000000010 0.0000000010 4.999867e-01 1.000000e-09 1.000000e-09 2.547292e-02 1.000000e-09 4.745403e-01 1.000000e-09 0.000000001  1           
199:         1.000000e-09 0.0000000010 0.0000000010 1.000000e-09 1.000000e-09 1.000000e-09 7.219255e-01 1.000000e-09 1.000373e-09 2.780745e-01 0.000000001  1           
200:         1.347953e-01 0.0649980330 0.0570470281 1.184778e-01 2.916666e-02 9.652067e-02 1.909093e-01 1.245015e-01 3.130048e-02 1.089937e-01 0.043289518  1           
201:         1.000000e-09 0.0000000010 0.0000000010 1.000000e-09 5.000691e-01 1.000000e-09 1.000000e-09 1.000000e-09 4.999309e-01 1.000000e-09 0.000000001  1           
202:         3.922393e-01 0.0000000010 0.0000000010 1.000000e-09 1.000000e-09 1.000000e-09 9.886350e-04 1.000000e-09 4.995847e-01 1.071874e-01 0.000000001  1           
203:         1.000000e-09 0.0000000010 0.0000000010 9.476945e-01 5.230544e-02 1.000000e-09 1.000000e-09 1.000000e-09 1.000000e-09 1.000000e-09 0.000000001  1           
204:         1.000000e-09 0.0000000010 0.0000000010 1.000000e-09 1.000000e-09 1.000000e-09 1.000000e+00 1.000000e-09 1.000298e-09 1.000000e-09 0.000000001  1           
205:         5.603603e-02 0.0111154516 0.0021405529 1.036272e-01 9.823170e-02 1.066162e-01 1.004309e-01 1.410193e-01 1.122721e-01 1.417714e-01 0.126739158  1           
206:         1.363645e-01 0.0000000010 0.0000000010 2.189168e-01 1.000000e-09 1.000000e-09 2.235675e-01 1.147522e-02 2.051017e-01 1.000000e-09 0.204574247  1           
207:         2.568337e-01 0.2980608880 0.0544331500 1.222772e-01 3.695415e-02 1.000000e-09 1.000000e-09 1.000000e-09 2.314409e-01 1.000000e-09 0.000000001  1           
208:         1.346249e-02 0.0000000010 0.0002431043 1.000000e-09 1.000000e-09 1.000000e-09 8.613328e-01 1.000000e-09 1.000223e-09 1.249616e-01 0.000000001  1           
209:         1.000000e+00 0.0000000010 0.0000000010 1.000000e-09 1.000000e-09 1.000000e-09 1.000000e-09 1.000000e-09 1.000000e-09 1.000000e-09 0.000000001  1           
210:         1.000000e-09 0.0000000010 0.0000000010 1.000000e-09 1.000000e-09 1.000000e-09 7.728196e-01 1.000000e-09 1.000433e-09 2.271804e-01 0.000000001  1           
211:         8.681641e-02 0.0000000010 0.0000000010 3.554118e-01 1.000000e-09 1.000000e-09 2.099058e-01 4.369359e-04 1.683946e-01 1.000000e-09 0.179034555  1           
212:         1.000000e-09 0.0000000010 0.5025093169 1.000000e-09 1.485218e-01 3.489688e-01 1.000000e-09 1.000000e-09 1.000000e-09 1.000000e-09 0.000000001  1           
213:         1.000000e-09 0.0000000010 0.0000000010 1.000000e-09 1.000000e-09 2.495846e-02 1.000000e-09 7.553500e-01 1.000000e-09 1.000000e-09 0.219691482  1           
214:         1.000000e-09 0.0000000010 0.0000000010 1.000000e-09 1.000000e-09 1.000000e-09 1.000000e-09 1.000000e-09 7.009873e-01 1.000000e-09 0.299012667  1           
215:         1.000000e-09 0.2007588382 0.0000000010 1.000000e-09 8.309366e-03 9.814397e-02 2.616526e-01 1.000000e-09 3.610228e-01 7.011249e-02 0.000000001  1           
216:         4.984311e-01 0.0000000010 0.0090344525 1.000000e-09 1.000000e-09 1.000000e-09 4.371907e-01 1.000000e-09 1.000142e-09 5.534377e-02 0.000000001  1           
217:         1.000000e-09 0.0000000010 0.0000000010 1.000000e+00 1.000000e-09 1.000000e-09 1.000000e-09 1.000000e-09 1.000000e-09 1.000000e-09 0.000000001  1           
218:         1.000000e-09 0.0000000010 0.0000000010 1.000000e-09 1.000000e-09 1.000000e-09 1.000000e-09 1.000000e-09 1.000000e-09 1.000000e-09 0.999999990  1           
219:         1.000000e-09 0.7348505866 0.1535193767 1.010970e-09 1.000000e-09 1.014381e-01 1.000000e-09 1.000000e-09 1.000000e-09 1.019191e-02 0.000000001  1           
220:         1.000000e-09 0.0000000010 0.5774052614 4.225947e-01 1.000000e-09 1.000000e-09 1.000000e-09 1.000000e-09 1.000000e-09 1.000000e-09 0.000000001  1           
221:         1.000000e-09 0.0000000010 0.0000000010 1.000000e-09 6.228310e-01 1.000000e-09 3.771689e-01 1.000000e-09 1.000000e-09 1.000000e-09 0.000000001  1           
222:         7.433091e-01 0.0000000010 0.0011784792 1.000000e-09 1.000000e-09 1.000000e-09 1.751469e-01 1.000000e-09 1.000144e-09 8.036546e-02 0.000000001  1           
223:         1.000000e-09 0.0036065811 0.1526355456 1.000000e-09 5.872819e-01 5.887162e-02 1.000000e-09 1.000000e-09 1.000000e-09 1.976043e-01 0.000000001  1           
224:         1.568480e-01 0.1153062004 0.0779903908 1.164365e-02 1.471454e-01 6.638174e-02 1.031540e-01 1.169778e-01 6.020394e-02 5.055310e-02 0.093795831  1           
225:         1.000000e-09 0.0007466845 0.3445039794 1.000000e-09 2.256214e-01 2.737678e-02 1.000000e-09 1.000000e-09 1.000000e-09 4.017512e-01 0.000000001  1           
226:         4.271219e-01 0.0000000010 0.0000000010 1.000000e-09 1.000000e-09 1.000000e-09 3.931618e-01 1.000000e-09 1.797163e-01 1.000000e-09 0.000000001  1           
227:         1.672622e-01 0.0000000010 0.0000000010 1.819780e-02 1.000000e-09 1.000000e-09 2.011379e-01 9.079035e-03 3.270200e-01 1.000000e-09 0.277302991  1           
228:         1.000000e-09 0.0000000010 0.0000000010 7.070772e-01 1.000000e-09 1.000000e-09 2.929228e-01 1.000000e-09 1.000000e-09 1.000000e-09 0.000000001  1           
229:         1.647237e-01 0.0000000010 0.3224844782 1.000000e-09 1.000000e-09 1.000000e-09 1.000000e-09 5.127918e-01 1.000000e-09 1.000000e-09 0.000000001  1           
230:         1.000000e-09 0.0000000010 0.0000000010 1.000000e-09 1.000000e-09 1.000000e-09 1.000000e-09 1.000000e-09 1.000000e-09 1.000000e-09 0.999999990  1           
231:         1.000000e-09 0.0000000010 0.0000000010 1.000000e-09 2.714307e-01 1.000000e-09 2.287115e-01 1.000000e-09 1.000000e-09 4.998578e-01 0.000000001  1           
232:         1.000000e+00 0.0000000010 0.0000000010 1.000000e-09 1.000000e-09 1.000000e-09 1.000000e-09 1.000000e-09 1.000000e-09 1.000000e-09 0.000000001  1           
233:         1.000000e-09 0.0000000010 0.0000000010 1.000000e-09 1.000000e-09 4.998477e-01 4.901738e-01 1.000000e-09 1.000459e-09 9.978510e-03 0.000000001  1           
234:         8.284551e-03 0.0417431005 0.1660838734 7.354153e-02 1.228247e-01 3.820170e-02 5.105661e-02 1.228307e-01 1.772331e-01 2.920622e-02 0.168993978  1           
235:         1.000000e-09 0.4014608067 0.5985391843 1.000000e-09 1.000000e-09 1.000000e-09 1.000000e-09 1.000000e-09 1.000000e-09 1.000000e-09 0.000000001  1           
