  1:   0.1643  0.0119  0.1737  0.0648  0.0953  0.0057  0.1048  0.1028  0.0534  0.0592  0.1640  1
  2:   0.0000  0.0000  0.0000  0.0000  0.0376  0.0000  0.7027  0.2596  0.0000  0.0000  0.0000  1
  3:   0.0000  0.0000  0.2790  0.0000  0.4157  0.3053  0.0000  0.0000  0.0000  0.0000  0.0000  1
  4:   0.0954  0.0033  0.1181  0.0999  0.0856  0.0232  0.1418  0.1321  0.1520  0.1234  0.0252  1
  5:   0.0000  0.0000  0.1801  0.0000  0.2987  0.4537  0.0000  0.0000  0.0000  0.0207  0.0468  1
  6:   0.0000  0.2719  0.7281  0.0000  0.0000  0.0000  0.0000  0.0000  0.0000  0.0000  0.0000  1
  7:   0.0553  0.0000  0.0000  0.2819  0.0000  0.0000  0.1600  0.3756  0.0000  0.0000  0.1271  1
  8:   0.0000  0.0000  0.0000  0.5443  0.0000  0.1270  0.0137  0.0000  0.0575  0.2574  0.0000  1
  9:   0.1665  0.0467  0.0454  0.1235  0.1919  0.0689  0.1298  0.0463  0.0962  0.0707  0.0142  1
 10:   0.0000  0.0000  0.0000  0.2819  0.0000  0.0449  0.0011  0.0000  0.2169  0.4552  0.0000  1
 11:   0.0669  0.0591  0.1308  0.1066  0.0630  0.0436  0.1447  0.1059  0.0182  0.1186  0.1426  1
 12:   0.0000  0.0000  0.0000  0.4975  0.0000  0.0553  0.1108  0.0000  0.0674  0.2690  0.0000  1
 13:   0.0000  0.0000  0.0000  0.3696  0.0000  0.2379  0.1566  0.2359  0.0000  0.0000  0.0000  1
 14:   0.0958  0.0000  0.0000  0.0000  0.6784  0.0000  0.0000  0.0000  0.0000  0.2257  0.0000  1
 15:   0.0000  0.0000  0.1788  0.0000  0.0000  0.2958  0.0000  0.0000  0.1862  0.0000  0.3391  1
 16:   0.0000  0.0000  0.0000  0.3960  0.0000  0.3398  0.0134  0.0000  0.0681  0.1827  0.0000  1
 17:   0.0000  0.0000  0.0000  0.0000  0.0000  0.0000  1.0000  0.0000  0.0000  0.0000  0.0000  1
 18:   0.0000  0.0000  0.2696  0.0344  0.2967  0.0000  0.0000  0.2142  0.0000  0.0000  0.1851  1
 19:   0.0000  0.0000  0.0000  0.0000  0.0000  0.0000  0.0000  1.0000  0.0000  0.0000  0.0000  1
 20:   0.2391  0.0002  0.2683  0.3119  0.0912  0.0000  0.0892  0.0000  0.0000  0.0000  0.0000  1
 21:   0.0000  0.0000  0.0000  0.2600  0.0000  0.0000  0.1546  0.0000  0.0000  0.0000  0.5855  1
 22:   0.1788  0.0000  0.0000  0.1029  0.0000  0.0000  0.2121  0.0279  0.1367  0.0000  0.3416  1
 23:   0.0000  0.0000  0.0000  0.2498  0.0000  0.0000  0.1630  0.0000  0.0000  0.0000  0.5872  1
 24:   0.0000  0.0000  0.0014  0.2900  0.1135  0.0000  0.0606  0.3040  0.0000  0.0000  0.2305  1
 25:   0.0000  0.0000  0.0000  0.0000  0.0000  0.2367  0.3211  0.2368  0.0000  0.0000  0.2054  1
 26:   0.0000  0.0000  0.0000  0.0049  0.4950  0.0050  0.0000  0.4887  0.0000  0.0002  0.0061  1
 27:   0.0000  0.0000  0.0000  0.0000  0.7071  0.0000  0.2929  0.0000  0.0000  0.0000  0.0000  1
 28:   0.0664  0.0396  0.1325  0.1713  0.0790  0.1744  0.0356  0.0931  0.0900  0.1138  0.0044  1
 29:   0.0308  0.0146  0.1157  0.0394  0.2780  0.0908  0.1926  0.1108  0.0127  0.0755  0.0390  1
 30:   0.0000  0.0000  0.0000  0.0000  0.0000  0.0000  1.0000  0.0000  0.0000  0.0000  0.0000  1
 31:   0.0397  0.1661  0.1558  0.0176  0.0283  0.0660  0.0928  0.1233  0.0696  0.1096  0.1312  1
 32:   0.1916  0.1891  0.1666  0.0213  0.0991  0.0122  0.0314  0.1586  0.0429  0.0730  0.0140  1
 33:   0.0000  0.0000  0.0000  0.0000  0.0000  0.0000  1.0000  0.0000  0.0000  0.0000  0.0000  1
 34:   0.0000  0.2139  0.2861  0.0485  0.0000  0.1144  0.1840  0.0000  0.0032  0.1499  0.0000  1
 35:   0.0000  0.0000  0.1624  0.0000  0.3731  0.0000  0.3111  0.0000  0.0000  0.0000  0.1533  1
 36:   0.0000  0.0000  0.0000  0.7070  0.0000  0.0000  0.1401  0.0000  0.0000  0.0000  0.1528  1
 37:   0.0000  0.0000  0.0000  0.0383  0.0000  0.0000  0.1687  0.0000  0.7931  0.0000  0.0000  1
 38:   0.0000  0.0000  0.0000  0.0000  0.0000  0.0380  0.0000  0.8316  0.0000  0.0000  0.1304  1
 39:   0.0000  0.0000  0.0000  0.3546  0.0000  0.0000  0.0381  0.0000  0.0000  0.6073  0.0000  1
 40:   0.0000  0.0000  0.0000  0.0000  1.0000  0.0000  0.0000  0.0000  0.0000  0.0000  0.0000  1
 41:   0.1229  0.1246  0.0139  0.0227  0.1070  0.1059  0.1687  0.0602  0.1658  0.0567  0.0516  1
 42:   0.0000  0.0000  0.0000  0.0000  0.0000  0.0323  0.0000  0.0000  0.0000  0.9677  0.0000  1
 43:   0.0000  0.0000  0.0000  0.6569  0.3431  0.0000  0.0000  0.0000  0.0000  0.0000  0.0000  1
 44:   0.6308  0.0000  0.0075  0.0000  0.0000  0.0000  0.2015  0.0000  0.0000  0.1602  0.0000  1
 45:   0.0000  0.0000  0.0000  0.2730  0.2274  0.0000  0.0000  0.0000  0.0000  0.4997  0.0000  1
 46:   0.0807  0.0939  0.0589  0.1179  0.1343  0.1358  0.1034  0.1314  0.0347  0.0994  0.0096  1
 47:   0.0000  0.0000  0.0000  0.0509  0.0207  0.0647  0.1491  0.4779  0.0735  0.1632  0.0000  1
 48:   0.0000  0.0000  0.0000  0.0000  0.4247  0.2783  0.0000  0.2222  0.0000  0.0748  0.0000  1
 49:   0.0000  0.0001  0.4742  0.0000  0.3515  0.1057  0.0000  0.0000  0.0000  0.0685  0.0000  1
 50:   0.0000  0.0000  0.0000  0.1949  0.0000  0.0864  0.3431  0.0000  0.0900  0.2856  0.0000  1
 51:   0.0000  0.0000  0.0000  0.0589  0.3191  0.0000  0.0000  0.1227  0.0000  0.1225  0.3768  1
 52:   0.0000  0.0000  0.0000  0.0000  0.0000  1.0000  0.0000  0.0000  0.0000  0.0000  0.0000  1
 53:   0.0871  0.0110  0.0935  0.1492  0.0074  0.0431  0.0329  0.1333  0.1829  0.1937  0.0660  1
 54:   0.0000  0.0000  0.0000  0.0180  0.2554  0.0000  0.2293  0.1134  0.0000  0.0000  0.3840  1
 55:   0.0000  0.0000  0.0000  0.4723  0.0000  0.0259  0.3625  0.0000  0.0660  0.0734  0.0000  1
 56:   0.0000  0.0000  0.0000  0.0000  0.0000  0.0000  0.0000  1.0000  0.0000  0.0000  0.0000  1
 57:   0.0000  0.0000  0.0000  0.0000  1.0000  0.0000  0.0000  0.0000  0.0000  0.0000  0.0000  1
 58:   0.0940  0.0207  0.0751  0.1019  0.1262  0.0598  0.1393  0.1403  0.0514  0.0893  0.1019  1
 59:   0.0000  0.0000  0.0000  0.3591  0.4972  0.0000  0.1437  0.0000  0.0000  0.0000  0.0000  1
 60:   0.1246  0.0841  0.0734  0.0790  0.1054  0.0848  0.1255  0.1303  0.0990  0.0781  0.0158  1
 61:   0.7965  0.0000  0.0041  0.0000  0.0000  0.0000  0.0482  0.0000  0.0000  0.1511  0.0000  1
 62:   0.0000  1.0000  0.0000  0.0000  0.0000  0.0000  0.0000  0.0000  0.0000  0.0000  0.0000  1
 63:   0.1485  0.0834  0.0857  0.0808  0.0726  0.0814  0.0328  0.1819  0.1036  0.0809  0.0485  1
 64:   0.0000  0.0000  0.0000  0.2778  0.0000  0.1572  0.0694  0.0000  0.2200  0.2756  0.0000  1
 65:   0.0092  0.1766  0.1252  0.0419  0.1601  0.1331  0.0928  0.1301  0.0646  0.0508  0.0157  1
 66:   0.0000  0.0000  0.0000  0.0000  0.0393  0.7018  0.0000  0.2590  0.0000  0.0000  0.0000  1
 67:   0.0366  0.1442  0.0934  0.1009  0.1678  0.1789  0.0385  0.0491  0.1217  0.0466  0.0223  1
 68:   0.0000  0.0000  0.4992  0.4995  0.0000  0.0009  0.0000  0.0000  0.0000  0.0004  0.0000  1
 69:   0.0000  0.0000  1.0000  0.0000  0.0000  0.0000  0.0000  0.0000  0.0000  0.0000  0.0000  1
 70:   0.0000  0.0000  0.0000  0.0000  0.0000  0.0000  1.0000  0.0000  0.0000  0.0000  0.0000  1
 71:   0.0380  0.0990  0.1107  0.1115  0.1308  0.1320  0.0554  0.1305  0.1082  0.0646  0.0193  1
 72:   0.0965  0.0000  0.0000  0.1753  0.0000  0.0000  0.3047  0.0194  0.1724  0.0000  0.2318  1
 73:   0.4486  0.0000  0.0477  0.0000  0.0000  0.0000  0.0386  0.0000  0.0000  0.4652  0.0000  1
 74:   0.1145  0.0179  0.0670  0.1062  0.0740  0.0572  0.0739  0.1393  0.0767  0.1387  0.1345  1
 75:   0.1300  0.0815  0.0241  0.0066  0.0401  0.1399  0.0963  0.1736  0.0475  0.1827  0.0778  1
 76:   0.0000  0.0000  0.0000  0.0000  0.0000  0.0000  0.1987  0.0000  0.0000  0.0000  0.8013  1
 77:   0.0000  0.1853  0.3147  0.0770  0.0000  0.1839  0.0369  0.0000  0.0437  0.1586  0.0000  1
 78:   0.1208  0.0000  0.0000  0.1743  0.0000  0.0000  0.2592  0.0025  0.0066  0.0000  0.4366  1
 79:   0.3220  0.0000  0.4403  0.1189  0.0000  0.0000  0.1189  0.0000  0.0000  0.0000  0.0000  1
 80:   0.0000  0.0000  0.0000  0.0000  1.0000  0.0000  0.0000  0.0000  0.0000  0.0000  0.0000  1
 81:   0.1846  0.1094  0.1672  0.1119  0.0363  0.0308  0.1150  0.1474  0.0109  0.0073  0.0793  1
 82:   0.4908  0.0000  0.0018  0.0000  0.0000  0.0000  0.4816  0.0000  0.0000  0.0258  0.0000  1
 83:   0.0000  0.0000  0.0000  0.0000  0.0000  0.0325  0.0000  0.8864  0.0000  0.0000  0.0811  1
 84:   0.0241  0.1765  0.0840  0.0542  0.0987  0.0378  0.0648  0.1058  0.1152  0.1810  0.0580  1
 85:   0.0000  0.0000  0.0000  0.0000  1.0000  0.0000  0.0000  0.0000  0.0000  0.0000  0.0000  1
 86:   0.0000  0.0000  0.0000  0.0000  0.0000  0.0000  0.0000  1.0000  0.0000  0.0000  0.0000  1
 87:   0.0000  0.0000  0.0000  0.0847  0.0000  0.0858  0.3351  0.0000  0.1460  0.3484  0.0000  1
 88:   0.0281  0.0270  0.0450  0.1734  0.1832  0.0547  0.2105  0.0128  0.0721  0.0690  0.1240  1
 89:   0.0000  0.0000  0.0000  0.0000  0.0000  0.0000  0.0000  0.6162  0.3838  0.0000  0.0000  1
 90:   0.0000  0.0000  0.0000  0.0000  0.0000  0.0000  0.0000  0.0000  1.0000  0.0000  0.0000  1
 91:   0.0306  0.0000  0.0000  0.1545  0.0000  0.0000  0.2429  0.0031  0.2402  0.0000  0.3288  1
 92:   0.0000  0.0000  0.2607  0.0000  0.0000  0.0788  0.0000  0.4997  0.0000  0.1608  0.0000  1
 93:   0.0000  0.0000  0.0000  0.0000  0.0000  0.0000  0.0000  0.0000  0.0000  0.0000  1.0000  1
 94:   0.0000  0.0000  0.0000  0.0000  0.0000  1.0000  0.0000  0.0000  0.0000  0.0000  0.0000  1
 95:   0.0000  0.0000  0.0000  0.0000  0.0000  0.0000  0.0000  0.0000  0.0000  0.0000  1.0000  1
 96:   0.0131  0.0000  0.0000  0.1099  0.0000  0.0000  0.3483  0.0317  0.1968  0.0000  0.3002  1
 97:   0.2289  0.3049  0.0000  0.0291  0.0000  0.0907  0.0000  0.0000  0.1646  0.0000  0.1817  1
 98:   0.4528  0.0000  0.0000  0.1801  0.1867  0.0000  0.1803  0.0000  0.0000  0.0000  0.0000  1
 99:   0.3957  0.0000  0.2534  0.0000  0.0000  0.0000  0.3509  0.0000  0.0000  0.0000  0.0000  1
100:   0.0000  0.0790  0.0000  0.0000  0.0000  0.0000  0.4671  0.0000  0.0000  0.0000  0.4539  1
101:   0.0000  0.0000  0.2605  0.0000  0.0000  0.0000  0.0000  0.0000  0.4384  0.3011  0.0000  1
102:   0.0000  0.6115  0.0000  0.0000  0.0000  0.0000  0.0000  0.0000  0.0000  0.3885  0.0000  1
103:   0.0000  0.0000  0.0000  0.0000  0.0000  0.0000  0.0000  0.0000  0.0000  1.0000  0.0000  1
104:   0.0000  0.7032  0.2968  0.0000  0.0000  0.0000  0.0000  0.0000  0.0000  0.0000  0.0000  1
105:   0.0043  0.0337  0.1608  0.1444  0.1350  0.0722  0.0640  0.0820  0.1341  0.0971  0.0724  1
106:   0.0000  0.0000  0.0000  0.0000  0.0000  0.0000  0.3535  0.0000  0.6465  0.0000  0.0000  1
107:   0.0000  0.0000  0.0086  0.3652  0.0544  0.0000  0.0000  0.3371  0.0000  0.0000  0.2348  1
108:   0.1144  0.0655  0.0777  0.0148  0.1336  0.1650  0.1574  0.0605  0.0655  0.0302  0.1155  1
109:   0.0000  0.0000  0.2605  0.5001  0.0000  0.0000  0.0000  0.0000  0.0000  0.2394  0.0000  1
110:   0.0000  0.0000  0.0000  0.2046  0.0000  0.0000  0.0000  0.0000  0.0000  0.7954  0.0000  1
111:   0.0000  0.0000  0.0000  0.0000  0.2807  0.1917  0.3261  0.0000  0.0000  0.0000  0.2015  1
112:   0.0800  0.1300  0.1430  0.1398  0.0678  0.0110  0.1329  0.0305  0.0776  0.0508  0.1364  1
113:   0.0000  0.0000  0.0000  0.3604  0.0000  0.0000  0.2092  0.2712  0.0000  0.0000  0.1592  1
114:   0.4943  0.0000  0.0054  0.0007  0.4995  0.0000  0.0000  0.0000  0.0000  0.0000  0.0000  1
115:   0.4797  0.0000  0.0000  0.5203  0.0000  0.0000  0.0000  0.0000  0.0000  0.0000  0.0000  1
116:   0.2288  0.3007  0.0000  0.0286  0.0000  0.0939  0.0000  0.0000  0.1645  0.0000  0.1836  1
117:   0.0000  0.1875  0.0000  0.1696  0.0000  0.0085  0.6344  0.0000  0.0000  0.0000  0.0000  1
118:   0.0000  0.0019  0.2928  0.0000  0.3558  0.2381  0.0000  0.0000  0.0000  0.1114  0.0000  1
119:   0.0000  0.1426  0.0000  0.0368  0.1593  0.0000  0.0000  0.0000  0.4879  0.0000  0.1734  1
120:   0.2379  0.2743  0.0000  0.0000  0.0000  0.1188  0.0000  0.0000  0.1871  0.0000  0.1820  1
121:   0.4618  0.0000  0.5382  0.0000  0.0000  0.0000  0.0000  0.0000  0.0000  0.0000  0.0000  1
122:   0.0178  0.5415  0.0000  0.1045  0.0000  0.0000  0.2041  0.0000  0.1321  0.0000  0.0000  1
123:   0.0228  0.5397  0.0000  0.1033  0.0000  0.0000  0.2003  0.0000  0.1339  0.0000  0.0000  1
124:   0.0054  0.0566  0.0115  0.2115  0.0419  0.1100  0.0244  0.2321  0.0048  0.2396  0.0622  1
125:   0.0000  0.0000  0.0000  0.2740  0.4520  0.0000  0.2740  0.0000  0.0000  0.0000  0.0000  1
126:   0.2288  0.3007  0.0000  0.0286  0.0000  0.0939  0.0000  0.0000  0.1645  0.0000  0.1836  1
127:   0.1188  0.1414  0.0653  0.0231  0.1579  0.0521  0.0264  0.1497  0.0941  0.1652  0.0061  1
128:   0.0880  0.0923  0.1240  0.0899  0.1050  0.1395  0.1183  0.0548  0.0173  0.0887  0.0822  1
129:   0.0000  0.0000  0.0000  0.0000  0.0000  0.0000  0.3591  0.2903  0.0214  0.0000  0.3292  1
130:   0.0000  0.0891  0.9109  0.0000  0.0000  0.0000  0.0000  0.0000  0.0000  0.0000  0.0000  1
131:   0.0000  0.0000  0.0000  0.0000  0.0000  0.0000  0.5004  0.0000  0.0000  0.4996  0.0000  1
132:   0.3639  0.0000  0.0000  0.0000  0.0000  0.0000  0.0000  0.1022  0.3236  0.0000  0.2103  1
133:   0.0000  0.0000  0.0000  0.5206  0.0000  0.0000  0.2659  0.0000  0.2136  0.0000  0.0000  1
134:   0.1018  0.3334  0.0065  0.0875  0.0000  0.1424  0.0000  0.0000  0.2094  0.0000  0.1190  1
135:   0.3235  0.0000  0.0000  0.0000  0.0000  0.0000  0.0799  0.0000  0.0000  0.5966  0.0000  1
136:   0.0000  0.0000  0.2500  0.0000  0.0000  0.0000  0.1666  0.0000  0.5000  0.0834  0.0000  1
137:   0.0000  0.0000  0.0000  0.0000  0.0000  0.1880  0.0000  0.0000  0.0000  0.8120  0.0000  1
138:   0.0717  0.4618  0.0537  0.0000  0.0000  0.0000  0.2260  0.0000  0.1868  0.0000  0.0000  1
139:   0.0000  0.0000  0.0000  0.0000  0.0000  0.0025  0.0000  0.9449  0.0000  0.0526  0.0000  1
140:   0.0000  0.0013  0.4987  0.0000  0.0000  0.1443  0.0000  0.0000  0.0000  0.3557  0.0000  1
141:   0.2613  0.2824  0.0000  0.0786  0.0313  0.0771  0.0000  0.0000  0.0000  0.0000  0.2694  1
142:   0.0817  0.1140  0.1468  0.0893  0.0894  0.1205  0.0166  0.1266  0.1513  0.0455  0.0182  1
143:   0.0000  0.0000  0.0000  0.0000  0.0000  0.0934  0.0000  0.6963  0.0000  0.2103  0.0000  1
144:   0.4756  0.0000  0.0000  0.0000  0.0000  0.0000  0.0000  0.0000  0.0000  0.0000  0.5244  1
145:   0.3384  0.0604  0.2790  0.0000  0.0000  0.0000  0.0000  0.0000  0.2811  0.0411  0.0000  1
146:   0.0000  0.0000  0.0000  0.0000  0.0000  0.0000  0.5959  0.0000  0.0000  0.0000  0.4041  1
147:   0.0000  0.1036  0.0000  0.0000  0.0000  0.0000  0.2941  0.0000  0.3924  0.0000  0.2099  1
148:   0.0000  0.1989  0.0602  0.3267  0.0000  0.0000  0.2414  0.0000  0.0000  0.0000  0.1728  1
149:   0.1485  0.0000  0.0000  0.3354  0.0000  0.0000  0.0136  0.0085  0.3035  0.0000  0.1905  1
150:   0.3708  0.0000  0.0000  0.0000  0.0000  0.0000  0.6292  0.0000  0.0000  0.0000  0.0000  1
151:   0.0602  0.1312  0.1277  0.0495  0.0211  0.0777  0.0506  0.1568  0.1330  0.1874  0.0048  1
152:   0.0000  0.3292  0.1632  0.1834  0.0000  0.0000  0.0472  0.0000  0.2770  0.0000  0.0000  1
153:   0.3150  0.0000  0.0000  0.2607  0.0000  0.0000  0.0000  0.0000  0.4243  0.0000  0.0000  1
154:   0.0151  0.0069  0.1582  0.1345  0.0846  0.0953  0.0350  0.0688  0.1027  0.0610  0.2379  1
155:   0.0694  0.4746  0.0000  0.0430  0.1316  0.0000  0.1132  0.0351  0.1331  0.0000  0.0000  1
156:   0.0769  0.1859  0.0857  0.0573  0.0803  0.0362  0.1374  0.0351  0.1185  0.1473  0.0395  1
157:   0.0000  0.0000  0.1406  0.0000  0.2994  0.0000  0.5600  0.0000  0.0000  0.0000  0.0000  1
158:   0.0000  0.0000  0.0000  0.6764  0.3236  0.0000  0.0000  0.0000  0.0000  0.0000  0.0000  1
159:   0.0000  0.0000  0.0000  0.0000  0.0000  0.5007  0.0000  0.0000  0.4070  0.0924  0.0000  1
160:   0.0000  0.0000  0.5000  0.0000  0.0000  0.0000  0.4332  0.0000  0.0000  0.0668  0.0000  1
161:   0.0000  0.0000  0.0000  0.2156  0.2842  0.0000  0.1049  0.0000  0.3953  0.0000  0.0000  1
162:   0.0000  0.1172  0.0000  0.4256  0.0000  0.4039  0.0000  0.0313  0.0000  0.0221  0.0000  1
163:   0.0000  0.0000  0.3768  0.2343  0.0000  0.0000  0.0000  0.0000  0.0000  0.0000  0.3890  1
164:   0.0000  0.0000  0.3908  0.2311  0.1477  0.0000  0.1921  0.0000  0.0383  0.0000  0.0000  1
165:   0.0000  0.0000  0.4541  0.5459  0.0000  0.0000  0.0000  0.0000  0.0000  0.0000  0.0000  1
166:   0.0000  0.0000  0.0000  0.4866  0.0281  0.0000  0.3211  0.0000  0.1642  0.0000  0.0000  1
167:   0.1763  0.0716  0.1439  0.1534  0.0057  0.0588  0.1651  0.0318  0.0053  0.0628  0.1252  1
168:   0.0000  0.0000  0.0000  0.4995  0.0000  0.0085  0.0000  0.4906  0.0000  0.0014  0.0000  1
169:   0.0000  0.1075  0.0000  0.0000  0.1817  0.0000  0.4252  0.1765  0.0000  0.1091  0.0000  1
170:   0.2375  0.0513  0.1243  0.0562  0.0040  0.1643  0.0629  0.0831  0.0666  0.0025  0.1473  1
171:   0.1681  0.0000  0.0000  0.1504  0.1534  0.0000  0.0000  0.1883  0.0000  0.0000  0.3398  1
172:   0.0000  0.0000  0.0000  0.0773  0.0063  0.0843  0.1400  0.4933  0.0087  0.1901  0.0000  1
173:   0.4160  0.2599  0.0249  0.0073  0.0000  0.0121  0.0126  0.0000  0.0472  0.0048  0.2153  1
174:   0.0000  0.0000  0.0278  0.0000  0.0000  0.2395  0.2249  0.0000  0.0000  0.2472  0.2605  1
175:   0.0000  0.0000  0.2153  0.0000  0.3189  0.0000  0.3576  0.0471  0.0000  0.0611  0.0000  1
176:   0.0000  0.0000  0.0000  0.2586  0.0000  0.0000  0.3218  0.0000  0.0000  0.0000  0.4196  1
177:   0.0000  0.0000  0.5763  0.0000  0.0000  0.0000  0.0000  0.4237  0.0000  0.0000  0.0000  1
178:   0.0000  0.0000  0.0435  0.0000  0.4455  0.3131  0.0000  0.0000  0.0000  0.0000  0.1979  1
179:   0.0000  0.0000  0.0000  0.0000  0.3714  0.0000  0.1343  0.0364  0.0000  0.0000  0.4579  1
180:   0.0000  0.0000  0.0000  0.0045  0.4225  0.0000  0.0000  0.0000  0.0000  0.5730  0.0000  1
181:   0.0000  0.1573  0.0000  0.6044  0.0000  0.0000  0.0933  0.0000  0.0000  0.0000  0.1449  1
182:   0.0000  0.0000  0.0000  0.0000  0.0000  0.0000  1.0000  0.0000  0.0000  0.0000  0.0000  1
183:   0.0000  0.0000  0.1736  0.0000  0.4428  0.3837  0.0000  0.0000  0.0000  0.0000  0.0000  1
184:   0.0000  0.0000  0.1978  0.0000  0.4914  0.0000  0.1039  0.0000  0.0000  0.2069  0.0000  1
185:   0.1465  0.0000  0.2106  0.1753  0.4676  0.0000  0.0000  0.0000  0.0000  0.0000  0.0000  1
186:   0.0000  0.0000  0.0000  0.0000  0.0000  0.3815  0.0000  0.0278  0.3765  0.0000  0.2141  1
187:   0.0000  0.0000  0.0000  0.2581  0.0000  0.0000  0.4315  0.0000  0.0000  0.0000  0.3104  1
188:   0.1351  0.0000  0.2406  0.0321  0.2218  0.0090  0.0000  0.2555  0.0000  0.0000  0.1060  1
189:   0.0000  0.0000  0.1833  0.0000  0.0000  0.3912  0.4255  0.0000  0.0000  0.0000  0.0000  1
190:   0.0000  0.0000  0.0000  0.2357  0.0796  0.1345  0.0000  0.0000  0.0000  0.1849  0.3654  1
191:   0.1115  0.0000  0.0000  0.4112  0.0000  0.0000  0.0068  0.0351  0.3597  0.0000  0.0758  1
192:   0.2500  0.0000  0.0000  0.0000  0.0000  0.0000  0.4967  0.2533  0.0000  0.0000  0.0000  1
193:   0.0000  0.0000  0.0000  0.0000  0.0000  0.0000  0.0000  0.0000  0.0000  1.0000  0.0000  1
194:   0.0000  0.5001  0.1287  0.1890  0.0000  0.0000  0.1585  0.0000  0.0236  0.0000  0.0000  1
195:   0.1493  0.0989  0.0424  0.0171  0.0127  0.2063  0.1694  0.1678  0.0088  0.0257  0.1017  1
196:   0.3125  0.0000  0.0000  0.0000  0.0000  0.2944  0.0000  0.0000  0.2527  0.0000  0.1405  1
197:   0.7891  0.0000  0.1054  0.0000  0.0000  0.0000  0.0000  0.0000  0.0000  0.1055  0.0000  1
198:   0.0000  0.0000  0.0000  0.5000  0.0000  0.0000  0.0255  0.0000  0.4745  0.0000  0.0000  1
199:   0.0000  0.0000  0.0000  0.0000  0.0000  0.0000  0.7219  0.0000  0.0000  0.2781  0.0000  1
200:   0.1348  0.0650  0.0570  0.1185  0.0292  0.0965  0.1909  0.1245  0.0313  0.1090  0.0433  1
201:   0.0000  0.0000  0.0000  0.0000  0.5001  0.0000  0.0000  0.0000  0.4999  0.0000  0.0000  1
202:   0.3922  0.0000  0.0000  0.0000  0.0000  0.0000  0.0010  0.0000  0.4996  0.1072  0.0000  1
203:   0.0000  0.0000  0.0000  0.9477  0.0523  0.0000  0.0000  0.0000  0.0000  0.0000  0.0000  1
204:   0.0000  0.0000  0.0000  0.0000  0.0000  0.0000  1.0000  0.0000  0.0000  0.0000  0.0000  1
205:   0.0560  0.0111  0.0021  0.1036  0.0982  0.1066  0.1004  0.1410  0.1123  0.1418  0.1267  1
206:   0.1364  0.0000  0.0000  0.2189  0.0000  0.0000  0.2236  0.0115  0.2051  0.0000  0.2046  1
207:   0.2568  0.2981  0.0544  0.1223  0.0370  0.0000  0.0000  0.0000  0.2314  0.0000  0.0000  1
208:   0.0135  0.0000  0.0002  0.0000  0.0000  0.0000  0.8613  0.0000  0.0000  0.1250  0.0000  1
209:   1.0000  0.0000  0.0000  0.0000  0.0000  0.0000  0.0000  0.0000  0.0000  0.0000  0.0000  1
210:   0.0000  0.0000  0.0000  0.0000  0.0000  0.0000  0.7728  0.0000  0.0000  0.2272  0.0000  1
211:   0.0868  0.0000  0.0000  0.3554  0.0000  0.0000  0.2099  0.0004  0.1684  0.0000  0.1790  1
212:   0.0000  0.0000  0.5025  0.0000  0.1485  0.3490  0.0000  0.0000  0.0000  0.0000  0.0000  1
213:   0.0000  0.0000  0.0000  0.0000  0.0000  0.0250  0.0000  0.7554  0.0000  0.0000  0.2197  1
214:   0.0000  0.0000  0.0000  0.0000  0.0000  0.0000  0.0000  0.0000  0.7010  0.0000  0.2990  1
215:   0.0000  0.2008  0.0000  0.0000  0.0083  0.0981  0.2617  0.0000  0.3610  0.0701  0.0000  1
216:   0.4984  0.0000  0.0090  0.0000  0.0000  0.0000  0.4372  0.0000  0.0000  0.0553  0.0000  1
217:   0.0000  0.0000  0.0000  1.0000  0.0000  0.0000  0.0000  0.0000  0.0000  0.0000  0.0000  1
218:   0.0000  0.0000  0.0000  0.0000  0.0000  0.0000  0.0000  0.0000  0.0000  0.0000  1.0000  1
219:   0.0000  0.7349  0.1535  0.0000  0.0000  0.1014  0.0000  0.0000  0.0000  0.0102  0.0000  1
220:   0.0000  0.0000  0.5774  0.4226  0.0000  0.0000  0.0000  0.0000  0.0000  0.0000  0.0000  1
221:   0.0000  0.0000  0.0000  0.0000  0.6228  0.0000  0.3772  0.0000  0.0000  0.0000  0.0000  1
222:   0.7433  0.0000  0.0012  0.0000  0.0000  0.0000  0.1751  0.0000  0.0000  0.0804  0.0000  1
223:   0.0000  0.0036  0.1526  0.0000  0.5873  0.0589  0.0000  0.0000  0.0000  0.1976  0.0000  1
224:   0.1568  0.1153  0.0780  0.0116  0.1471  0.0664  0.1032  0.1170  0.0602  0.0506  0.0938  1
225:   0.0000  0.0007  0.3445  0.0000  0.2256  0.0274  0.0000  0.0000  0.0000  0.4018  0.0000  1
226:   0.4271  0.0000  0.0000  0.0000  0.0000  0.0000  0.3932  0.0000  0.1797  0.0000  0.0000  1
227:   0.1673  0.0000  0.0000  0.0182  0.0000  0.0000  0.2011  0.0091  0.3270  0.0000  0.2773  1
228:   0.0000  0.0000  0.0000  0.7071  0.0000  0.0000  0.2929  0.0000  0.0000  0.0000  0.0000  1
229:   0.1647  0.0000  0.3225  0.0000  0.0000  0.0000  0.0000  0.5128  0.0000  0.0000  0.0000  1
230:   0.0000  0.0000  0.0000  0.0000  0.0000  0.0000  0.0000  0.0000  0.0000  0.0000  1.0000  1
231:   0.0000  0.0000  0.0000  0.0000  0.2714  0.0000  0.2287  0.0000  0.0000  0.4999  0.0000  1
232:   1.0000  0.0000  0.0000  0.0000  0.0000  0.0000  0.0000  0.0000  0.0000  0.0000  0.0000  1
233:   0.0000  0.0000  0.0000  0.0000  0.0000  0.4998  0.4902  0.0000  0.0000  0.0100  0.0000  1
234:   0.0083  0.0417  0.1661  0.0735  0.1228  0.0382  0.0511  0.1228  0.1772  0.0292  0.1690  1
235:   0.0000  0.4015  0.5985  0.0000  0.0000  0.0000  0.0000  0.0000  0.0000  0.0000  0.0000  1
236:   0.5002  0.0000  0.0000  0.1181  0.0000  0.0195  0.0419  0.0000  0.2653  0.0550  0.0000  1
237:   0.0800  0.0000  0.0000  0.0000  0.0000  0.3711  0.0000  0.2285  0.0000  0.0000  0.3204  1
238:   0.0000  0.0000  1.0000  0.0000  0.0000  0.0000  0.0000  0.0000  0.0000  0.0000  0.0000  1
239:   0.0000  0.7841  0.0000  0.0000  0.0000  0.1080  0.0000  0.0000  0.0000  0.1080  0.0000  1
240:   0.3315  0.1240  0.0000  0.2146  0.0000  0.0000  0.0000  0.0000  0.0000  0.0000  0.3299  1
241:   0.4211  0.0000  0.0000  0.0000  0.0000  0.0000  0.5789  0.0000  0.0000  0.0000  0.0000  1
242:   0.0000  0.0022  0.1800  0.0000  0.2905  0.0040  0.0000  0.0000  0.0000  0.5232  0.0000  1
243:   0.6860  0.0000  0.0000  0.0000  0.0000  0.3140  0.0000  0.0000  0.0000  0.0000  0.0000  1
244:   0.5931  0.0000  0.0000  0.0000  0.0000  0.0000  0.0000  0.0000  0.4069  0.0000  0.0000  1
245:   0.2536  0.0131  0.3874  0.0262  0.2866  0.0000  0.0330  0.0000  0.0000  0.0000  0.0000  1
246:   0.0000  0.0000  0.0000  0.0000  0.0000  0.0708  0.0000  0.6363  0.2929  0.0000  0.0000  1
247:   0.0686  0.0000  0.1261  0.2155  0.2844  0.0000  0.0045  0.0000  0.1635  0.1374  0.0000  1
248:   0.0000  0.0000  0.0000  0.0000  0.0000  0.4191  0.0000  0.1463  0.4070  0.0275  0.0000  1
249:   0.0000  0.0000  0.0000  0.1269  0.3421  0.0000  0.1553  0.0000  0.3757  0.0000  0.0000  1
250:   0.1478  0.2002  0.1485  0.0140  0.0021  0.0146  0.0346  0.1705  0.1189  0.1067  0.0421  1
251:   0.0000  0.0000  0.0000  0.0000  0.0000  0.0000  0.0000  0.7231  0.0000  0.0000  0.2769  1
252:   0.0000  0.0000  0.0000  0.0000  0.0000  0.0000  0.0000  0.0000  1.0000  0.0000  0.0000  1
253:   0.3412  0.1037  0.0000  0.0586  0.1320  0.0016  0.3473  0.0000  0.0000  0.0156  0.0000  1
254:   0.1567  0.0000  0.0000  0.8433  0.0000  0.0000  0.0000  0.0000  0.0000  0.0000  0.0000  1
255:   0.0000  0.0000  0.0000  0.0000  0.0000  0.0000  0.1035  0.0000  0.0000  0.0000  0.8965  1
256:   0.7900  0.0000  0.0000  0.0000  0.0000  0.0000  0.2100  0.0000  0.0000  0.0000  0.0000  1
257:   0.0005  0.0000  0.2980  0.7015  0.0000  0.0000  0.0000  0.0000  0.0000  0.0000  0.0000  1
258:   0.0000  0.0000  1.0000  0.0000  0.0000  0.0000  0.0000  0.0000  0.0000  0.0000  0.0000  1
259:   0.0000  0.0000  0.0000  0.4727  0.0000  0.1624  0.0059  0.0000  0.0398  0.3192  0.0000  1
260:   0.4948  0.0000  0.0029  0.0000  0.0000  0.0000  0.4333  0.0000  0.0000  0.0691  0.0000  1
261:   0.1579  0.0637  0.1262  0.0508  0.0435  0.0461  0.1062  0.0900  0.0803  0.1613  0.0740  1
262:   0.0000  0.0000  1.0000  0.0000  0.0000  0.0000  0.0000  0.0000  0.0000  0.0000  0.0000  1
