1:           1.708461e-01 1.302631e-01 2.977953e-02 0.224274607  2.212124e-01 1.588518e-01 3.995660e-02 2.481578e-02 1           
2:           1.000000e-09 1.000000e-09 6.934676e-01 0.000000001  1.000000e-09 1.000000e-09 1.000000e-09 3.065324e-01 1           
3:           1.000000e-09 2.766372e-01 1.000000e-09 0.000000001  1.000000e-09 3.292589e-01 1.000000e-09 3.941038e-01 1           
4:           1.782191e-01 1.407058e-01 1.487050e-01 0.206464909  1.292869e-01 1.053030e-01 5.161241e-02 3.970286e-02 1           
5:           1.000000e-09 3.849605e-01 1.000000e-09 0.000000001  1.000000e-09 6.150395e-01 1.000000e-09 1.000000e-09 1           
6:           1.000000e-09 1.000000e-09 1.000000e-09 0.000000001  1.000000e-09 1.000000e-09 1.000000e+00 1.000000e-09 1           
7:           5.267662e-01 1.000000e-09 1.000000e-09 0.113778289  3.594555e-01 1.000000e-09 1.000000e-09 1.000000e-09 1           
8:           1.000000e-09 1.000000e-09 9.969828e-01 0.000000001  3.002363e-03 1.481246e-05 1.000000e-09 1.000000e-09 1           
9:           8.535855e-02 2.227525e-01 1.760208e-01 0.073291732  2.824044e-02 1.525496e-01 1.931582e-01 6.862813e-02 1           
10:          1.000000e-09 1.000000e-09 4.831325e-01 0.000000001  1.678958e-02 5.000779e-01 1.000000e-09 1.000000e-09 1           
11:          1.339951e-01 8.250905e-02 2.270380e-01 0.032760273  3.248646e-02 2.834921e-01 9.566513e-02 1.120539e-01 1           
12:          1.000000e-09 1.000000e-09 5.801870e-01 0.000000001  4.064279e-01 1.338508e-02 1.000000e-09 1.000000e-09 1           
13:          3.390108e-05 1.000000e-09 1.823642e-01 0.000000001  3.912348e-01 4.263671e-01 1.000000e-09 1.000000e-09 1           
14:          1.000000e-09 5.454002e-01 1.213568e-02 0.000000001  1.000000e-09 1.000000e-09 1.000000e-09 4.424642e-01 1           
15:          4.370299e-01 1.000000e-09 1.000000e-09 0.000000001  1.000000e-09 1.236205e-01 2.702554e-01 1.690942e-01 1           
16:          1.000000e-09 1.000000e-09 9.741900e-01 0.000000001  2.371203e-02 2.097993e-03 1.000000e-09 1.000000e-09 1           
17:          1.000000e-09 1.000000e-09 1.000000e+00 0.000000001  1.000000e-09 1.000000e-09 1.000000e-09 1.000000e-09 1           
18:          1.858986e-01 3.292621e-01 1.000000e-09 0.000000001  1.000000e-09 1.564584e-01 1.000000e-09 3.283809e-01 1           
19:          1.000000e+00 1.000000e-09 1.000000e-09 0.000000001  1.000000e-09 1.000000e-09 1.000000e-09 1.000000e-09 1           
20:          1.000000e-09 3.908972e-01 1.000000e-09 0.337643723  2.714591e-01 1.000000e-09 1.000000e-09 1.000000e-09 1           
21:          1.401458e-01 4.406236e-01 1.384495e-01 0.073034327  1.000000e-09 2.077467e-01 1.000000e-09 1.000000e-09 1           
22:          1.883490e-01 2.362859e-01 1.167319e-01 0.347336066  1.112972e-01 1.000000e-09 1.000000e-09 1.000000e-09 1           
23:          3.257828e-01 6.007916e-01 7.342563e-02 0.000000001  1.000000e-09 1.000000e-09 1.000000e-09 1.000000e-09 1           
24:          4.733596e-01 1.820673e-01 1.000000e-09 0.000000001  2.785902e-01 6.355181e-09 1.000000e-09 6.598287e-02 1           
25:          6.113795e-01 1.000000e-09 1.172672e-03 0.000000001  1.130584e-01 2.743894e-01 1.000000e-09 1.000000e-09 1           
26:          1.000000e-09 4.887007e-01 1.000000e-09 0.000000001  3.503793e-02 4.762614e-01 1.000000e-09 1.000000e-09 1           
27:          1.000000e-09 9.350087e-01 6.499131e-02 0.000000001  1.000000e-09 1.000000e-09 1.000000e-09 1.000000e-09 1           
28:          3.971326e-02 9.135459e-02 8.809888e-03 0.163648486  1.920884e-01 9.061659e-02 2.056587e-01 2.081100e-01 1           
29:          1.865813e-01 3.537642e-02 1.058650e-01 0.186446127  1.626720e-01 1.857722e-02 1.621567e-01 1.423252e-01 1           
30:          1.000000e-09 1.000000e-09 1.000000e+00 0.000000001  1.000000e-09 1.000000e-09 1.000000e-09 1.000000e-09 1           
31:          1.749774e-01 1.152077e-01 1.101359e-01 0.147254655  2.201756e-01 7.300372e-02 1.192862e-01 3.995878e-02 1           
32:          1.360645e-01 1.027443e-01 1.712273e-01 0.121895237  2.186859e-03 1.686110e-01 1.213659e-01 1.759048e-01 1           
33:          1.000000e-09 1.000000e-09 1.000000e+00 0.000000001  1.000000e-09 1.000000e-09 1.000000e-09 1.000000e-09 1           
34:          1.000000e-09 1.000000e-09 2.170565e-02 0.000000001  4.364743e-01 4.181825e-02 5.000017e-01 1.000000e-09 1           
35:          1.000000e-09 1.000000e+00 1.000000e-09 0.000000001  1.000000e-09 1.000000e-09 1.000000e-09 1.000000e-09 1           
36:          1.000000e-09 2.980192e-01 2.401901e-02 0.000000001  6.779618e-01 1.000000e-09 1.000000e-09 1.000000e-09 1           
37:          1.000000e-09 1.000000e-09 6.944848e-01 0.000000001  3.055152e-01 1.000000e-09 1.000000e-09 1.000000e-09 1           
38:          2.586810e-01 1.000000e-09 1.000000e-09 0.000000001  1.000000e-09 7.413190e-01 1.000000e-09 1.000000e-09 1           
39:          1.000000e-09 1.000000e-09 2.606894e-01 0.000000001  3.056778e-01 3.437296e-02 1.000000e-09 3.992598e-01 1           
40:          1.000000e-09 1.000000e-09 1.000000e-09 0.000000001  1.000000e-09 1.000000e-09 1.000000e-09 1.000000e+00 1           
41:          1.732269e-02 2.307823e-01 1.286098e-01 0.099534781  5.778320e-02 1.654362e-02 2.019408e-01 2.474829e-01 1           
42:          1.000000e-09 1.000000e-09 1.000000e-09 0.000000001  1.000000e-09 1.000000e+00 1.000000e-09 1.000000e-09 1           
43:          1.000000e-09 1.000000e-09 1.000000e-09 0.000000001  1.000000e+00 1.000000e-09 1.000000e-09 1.000000e-09 1           
44:          1.000000e-09 1.000000e-09 6.638870e-01 0.336113038  1.000000e-09 1.000000e-09 1.000000e-09 1.000000e-09 1           
45:          1.000000e-09 1.000000e-09 1.127768e-01 0.000000001  5.199544e-01 1.000000e-09 1.000000e-09 3.672688e-01 1           
46:          2.935465e-02 1.301950e-01 4.896142e-02 0.115314932  1.878056e-01 9.029469e-02 1.661378e-01 2.319359e-01 1           
47:          9.999715e-01 1.000000e-09 5.558519e-06 0.000000001  5.985189e-06 1.694435e-05 1.000000e-09 1.000000e-09 1           
48:          1.000000e-09 1.000000e-09 1.000000e-09 0.000000001  1.000000e-09 3.955918e-01 1.000000e-09 6.044082e-01 1           
49:          1.000000e-09 1.000000e-09 1.000000e-09 0.000000001  1.000000e-09 2.885332e-01 6.358590e-01 7.560781e-02 1           
50:          1.000000e-09 1.000000e-09 5.233707e-01 0.000000001  4.692621e-01 7.367243e-03 1.000000e-09 1.000000e-09 1           
51:          1.787693e-01 4.173271e-01 1.000000e-09 0.000000001  1.000000e-09 2.182686e-01 1.000000e-09 1.856349e-01 1           
52:          1.000000e-09 1.000000e-09 1.000000e-09 0.000000001  1.000000e-09 1.000000e+00 1.000000e-09 1.000000e-09 1           
53:          3.386717e-02 2.521094e-01 1.274057e-01 0.178723323  2.186821e-01 7.168401e-02 6.346955e-02 5.405867e-02 1           
54:          5.365196e-01 4.634804e-01 1.000000e-09 0.000000001  1.000000e-09 1.000000e-09 1.000000e-09 1.000000e-09 1           
55:          1.000000e-09 1.000000e-09 5.245091e-01 0.000000001  4.690660e-01 6.424906e-03 1.000000e-09 1.000000e-09 1           
56:          1.000000e+00 1.000000e-09 1.000000e-09 0.000000001  1.000000e-09 1.000000e-09 1.000000e-09 1.000000e-09 1           
57:          1.000000e-09 1.000000e+00 1.000000e-09 0.000000001  1.000000e-09 1.000000e-09 1.000000e-09 1.000000e-09 1           
58:          2.319478e-01 1.489936e-01 1.747140e-01 0.032448015  7.565187e-02 1.551519e-01 9.874273e-02 8.235020e-02 1           
59:          6.007748e-09 4.680272e-01 4.978993e-02 0.000000001  2.480316e-01 1.000000e-09 1.000000e-09 2.341513e-01 1           
60:          8.610933e-02 2.409480e-01 5.541395e-02 0.015523049  8.474760e-02 9.537741e-02 2.564369e-01 1.654437e-01 1           
61:          1.000000e-09 1.000000e-09 7.466709e-01 0.253329077  1.000000e-09 1.000000e-09 1.000000e-09 1.000000e-09 1           
62:          1.000000e-09 1.000000e-09 1.000000e-09 0.000000001  1.000000e-09 1.000000e-09 1.000000e+00 1.000000e-09 1           
63:          2.601407e-02 1.564859e-01 6.538327e-02 0.297142022  2.818784e-02 1.276936e-01 1.763780e-01 1.227153e-01 1           
64:          1.000000e-09 1.000000e-09 9.445092e-01 0.000000001  5.199270e-02 3.498094e-03 1.000000e-09 1.000000e-09 1           
65:          1.452749e-01 1.522277e-01 1.449860e-01 0.155703420  1.173457e-01 1.061935e-01 1.654416e-01 1.282725e-02 1           
66:          1.000000e-09 1.000000e-09 1.000000e-09 0.000000001  1.000000e-09 7.046343e-01 1.000000e-09 2.953657e-01 1           
67:          1.209250e-01 1.567235e-01 1.722801e-01 0.143160974  1.526375e-02 6.922495e-02 2.399647e-01 8.245697e-02 1           
68:          1.000000e-09 1.000000e-09 1.000000e-09 0.081619569  4.181601e-01 2.086954e-01 1.000000e-09 2.915249e-01 1           
69:          1.000000e-09 2.309840e-01 1.000000e-09 0.000000001  1.000000e-09 1.000000e-09 6.588424e-01 1.101736e-01 1           
70:          1.000000e-09 1.000000e-09 1.000000e+00 0.000000001  1.000000e-09 1.000000e-09 1.000000e-09 1.000000e-09 1           
71:          2.365641e-01 9.241469e-02 1.153742e-01 0.013057812  1.605962e-01 1.131819e-01 9.427189e-02 1.745392e-01 1           
72:          1.183073e-01 1.685922e-01 1.883191e-01 0.254893442  2.698880e-01 1.000000e-09 1.000000e-09 1.000000e-09 1           
73:          1.000000e-09 1.000000e-09 4.500248e-01 0.073320147  1.000000e-09 1.000000e-09 1.000000e-09 4.766551e-01 1           
74:          2.797975e-01 1.916242e-02 4.465568e-02 0.047682641  1.509967e-01 3.032972e-01 6.579966e-03 1.478279e-01 1           
75:          3.420811e-02 9.506978e-02 8.373584e-02 0.161997061  1.851304e-01 1.587495e-01 1.110706e-01 1.700387e-01 1           
76:          1.000000e-09 4.737954e-01 5.262046e-01 0.000000001  1.000000e-09 1.000000e-09 1.000000e-09 1.000000e-09 1           
77:          1.000000e-09 1.000000e-09 3.373098e-02 0.000000001  4.408597e-01 2.540763e-02 5.000016e-01 1.000000e-09 1           
78:          2.073655e-02 3.525268e-01 9.409799e-02 0.177048466  3.555902e-01 1.000000e-09 1.000000e-09 1.000000e-09 1           
79:          1.000000e-09 1.000000e-09 2.166505e-01 0.375517117  6.791897e-02 1.000000e-09 1.000000e-09 3.399134e-01 1           
80:          1.000000e-09 1.000000e+00 1.000000e-09 0.000000001  1.000000e-09 1.000000e-09 1.000000e-09 1.000000e-09 1           
81:          1.380197e-01 3.303106e-02 2.068714e-01 0.127638101  1.047961e-01 1.443122e-01 5.765684e-02 1.876746e-01 1           
82:          1.000000e-09 1.000000e-09 9.096622e-01 0.090337802  1.000000e-09 1.000000e-09 1.000000e-09 1.000000e-09 1           
83:          9.871347e-02 1.000000e-09 1.000000e-09 0.000000001  1.000000e-09 9.012865e-01 1.000000e-09 1.000000e-09 1           
84:          1.220825e-01 1.156720e-01 1.950209e-01 0.072755091  1.149217e-01 1.873583e-01 1.601234e-01 3.206616e-02 1           
85:          1.000000e-09 1.000000e+00 1.000000e-09 0.000000001  1.000000e-09 1.000000e-09 1.000000e-09 1.000000e-09 1           
86:          1.000000e-09 1.000000e-09 1.000000e-09 0.000000001  1.000000e+00 1.000000e-09 1.000000e-09 1.000000e-09 1           
87:          1.000000e-09 1.000000e-09 9.012175e-01 0.000000001  9.710005e-02 1.682483e-03 1.000000e-09 1.000000e-09 1           
88:          2.116466e-01 1.898263e-01 8.383035e-02 0.081692224  1.501136e-01 1.018835e-02 1.216404e-01 1.510623e-01 1           
89:          1.000000e-09 1.000000e-09 1.000000e-09 0.000000001  6.695685e-01 1.000000e-09 3.304315e-01 1.000000e-09 1           
90:          1.000000e-09 4.999538e-01 1.000000e-09 0.000000001  1.000000e-09 1.000000e-09 5.000462e-01 1.000000e-09 1           
91:          7.966822e-04 6.319032e-01 4.366320e-02 0.155298052  1.683389e-01 1.000000e-09 1.000000e-09 1.000000e-09 1           
92:          1.000000e-09 1.000000e-09 1.000000e-09 0.000000001  5.001065e-01 1.000941e-09 1.000000e-09 4.998935e-01 1           
93:          7.828858e-01 2.171142e-01 1.000000e-09 0.000000001  1.000000e-09 1.000000e-09 1.000000e-09 1.000000e-09 1           
94:          1.000000e-09 1.000000e-09 1.000000e-09 0.000000001  1.000000e-09 1.000000e+00 1.000000e-09 1.000000e-09 1           
95:          1.000000e+00 1.000000e-09 1.000000e-09 0.000000001  1.000000e-09 1.000000e-09 1.000000e-09 1.000000e-09 1           
96:          2.197074e-02 3.386587e-01 1.201909e-01 0.253918433  2.652612e-01 1.000000e-09 1.000000e-09 1.000000e-09 1           
97:          1.000000e-09 1.860749e-01 1.000000e-09 0.353445492  1.000000e-09 1.797975e-01 2.806821e-01 1.000000e-09 1           
98:          1.000000e-09 4.842880e-01 1.000000e-09 0.470721343  4.499068e-02 1.000000e-09 1.000000e-09 1.000000e-09 1           
99:          1.000000e-09 2.192912e-01 2.695914e-01 0.511117443  1.000000e-09 1.000000e-09 1.000000e-09 1.000000e-09 1           
100:         2.718452e-01 2.162072e-01 3.539431e-01 0.000000001  1.000000e-09 1.000000e-09 1.580045e-01 1.000000e-09 1           
101:         1.000000e-09 1.000000e-09 2.355844e-01 0.000000001  3.451073e-01 1.000000e-09 4.193084e-01 1.000000e-09 1           
102:         1.000000e-09 1.000000e-09 1.000000e-09 0.293096724  1.121757e-01 1.000000e-09 5.171824e-01 7.754518e-02 1           
103:         1.000000e-09 1.000000e-09 3.339380e-01 0.000000001  1.000000e-09 4.386563e-01 1.000000e-09 2.274057e-01 1           
104:         1.000000e-09 1.000000e-09 1.000000e-09 0.000000001  1.000000e-09 1.000000e-09 1.000000e+00 1.000000e-09 1           
105:         2.282165e-01 5.102894e-02 1.897692e-01 0.082120414  1.244404e-01 8.235688e-02 1.624325e-01 7.963515e-02 1           
106:         1.000000e-09 7.146404e-01 4.235514e-02 0.000000001  1.000000e-09 1.000000e-09 2.430044e-01 1.000000e-09 1           
107:         5.259864e-01 4.157028e-01 1.000000e-09 0.000000001  3.821315e-02 1.000000e-09 1.000000e-09 2.009759e-02 1           
108:         2.955666e-02 1.573288e-01 1.300180e-01 0.045046519  1.973164e-01 1.152329e-01 1.416990e-01 1.838017e-01 1           
109:         1.000000e-09 1.781687e-01 1.000000e-09 0.000000001  5.172986e-01 3.045327e-01 1.000000e-09 1.000000e-09 1           
110:         1.000000e-09 1.000000e-09 1.000000e-09 0.000000001  2.749687e-01 1.616366e-01 1.000000e-09 5.633946e-01 1           
111:         1.000000e-09 3.858245e-01 2.051180e-01 0.000000001  1.000000e-09 4.090575e-01 1.000000e-09 1.000000e-09 1           
112:         1.695054e-01 1.804855e-01 6.315413e-02 0.112647224  5.863017e-02 1.753573e-01 4.508754e-02 1.951328e-01 1           
113:         4.997915e-01 1.000000e-09 2.939225e-03 0.000000001  4.972692e-01 1.000000e-09 1.000000e-09 1.000000e-09 1           
114:         1.000000e-09 4.898893e-01 1.000000e-09 0.467345434  4.276525e-02 1.000000e-09 1.000000e-09 1.132561e-09 1           
115:         1.000000e-09 1.000000e-09 1.000000e-09 0.479470842  5.205292e-01 1.000000e-09 1.000000e-09 1.000000e-09 1           
116:         1.000000e-09 1.868308e-01 1.000000e-09 0.351266903  1.000000e-09 1.854990e-01 2.764033e-01 1.000000e-09 1           
117:         1.000000e-09 1.000000e-09 5.220700e-01 0.000000001  2.544170e-01 1.000000e-09 2.235130e-01 1.000000e-09 1           
118:         1.000000e-09 1.000000e-09 1.000000e-09 0.000000001  1.000000e-09 6.100862e-01 3.541864e-01 3.572732e-02 1           
119:         1.000000e-09 6.108245e-01 1.000000e-09 0.000000001  1.000000e-09 1.000000e-09 3.891755e-01 1.000000e-09 1           
120:         1.000000e-09 1.605466e-01 1.000000e-09 0.357015802  1.000000e-09 1.936616e-01 2.887760e-01 1.000000e-09 1           
121:         1.000000e-09 1.000000e-09 1.000000e-09 0.507881752  1.000000e-09 1.000000e-09 1.000000e-09 4.921182e-01 1           
122:         1.000000e-09 2.135592e-02 1.000000e-09 0.326942006  1.658008e-01 1.000000e-09 4.859013e-01 1.000000e-09 1           
123:         1.000000e-09 2.363269e-02 1.000000e-09 0.330221600  1.614723e-01 1.000000e-09 4.846734e-01 1.000000e-09 1           
124:         1.312677e-01 9.888420e-02 9.443897e-02 0.248481351  6.647145e-03 1.243969e-01 6.574718e-02 2.301365e-01 1           
125:         1.000000e-09 1.000000e-09 4.153287e-01 0.000000001  2.834417e-01 1.000000e-09 1.000000e-09 3.012296e-01 1           
126:         1.000000e-09 1.868290e-01 1.000000e-09 0.351266665  1.000000e-09 1.854977e-01 2.764067e-01 1.000000e-09 1           
127:         1.728439e-01 1.745138e-01 1.442465e-01 0.132047273  1.281465e-01 7.119840e-02 1.675431e-01 9.460559e-03 1           
128:         1.563339e-01 2.350596e-02 2.091025e-01 0.161653220  1.230530e-01 2.797494e-02 1.120762e-01 1.863003e-01 1           
129:         4.999320e-01 2.545004e-01 3.066135e-02 0.000000001  2.149062e-01 1.000000e-09 1.000000e-09 1.000000e-09 1           
130:         1.000000e-09 1.000000e-09 1.000000e-09 0.000000001  1.000000e-09 1.000000e-09 1.000000e+00 1.000000e-09 1           
131:         1.000000e-09 1.000000e-09 6.671920e-01 0.000000001  3.328080e-01 1.000000e-09 1.000000e-09 1.000000e-09 1           
132:         2.988750e-01 1.000000e-09 1.000000e-09 0.430222122  1.000000e-09 1.000000e-09 2.709029e-01 1.000000e-09 1           
133:         1.000000e-09 1.000000e-09 9.970727e-01 0.000000001  2.927244e-03 1.000000e-09 1.000000e-09 1.000000e-09 1           
134:         1.000000e-09 1.831148e-01 1.000000e-09 0.297109009  2.012711e-02 2.098838e-01 2.897653e-01 1.000000e-09 1           
135:         1.000000e-09 1.000000e-09 2.534595e-01 0.329230924  9.476810e-02 3.225414e-01 1.000000e-09 1.000000e-09 1           
136:         1.000000e-09 4.004658e-07 6.227339e-01 0.000000001  1.000000e-09 1.000000e-09 3.772657e-01 1.000000e-09 1           
137:         1.000000e-09 1.000000e-09 1.000000e-09 0.000000001  1.000000e-09 1.000000e+00 1.000000e-09 1.000000e-09 1           
138:         1.000000e-09 1.000000e-09 9.971640e-02 0.393803060  1.000000e-09 1.000000e-09 5.064805e-01 1.000000e-09 1           
139:         1.000000e-09 1.000000e-09 1.000000e-09 0.000000001  1.000000e+00 1.000077e-09 1.000000e-09 1.000000e-09 1           
140:         1.000000e-09 1.000000e-09 1.000000e-09 0.000000001  1.000000e-09 4.999987e-01 5.000013e-01 1.000000e-09 1           
141:         1.000000e-09 2.553682e-01 1.000000e-09 0.343098545  1.000000e-09 2.407297e-01 1.608036e-01 1.000000e-09 1           
142:         5.913285e-02 4.970119e-02 1.594148e-01 0.198941590  7.859524e-02 3.023558e-02 2.057844e-01 2.181944e-01 1           
143:         1.000000e-09 1.000000e-09 1.000000e-09 0.000000001  1.000000e+00 1.000082e-09 1.000000e-09 1.000000e-09 1           
144:         3.013050e-01 1.987895e-01 1.000000e-09 0.419030467  1.000000e-09 8.087504e-02 1.000000e-09 1.000000e-09 1           
145:         1.000000e-09 1.000000e-09 1.000000e-09 0.578213587  2.053794e-02 1.000000e-09 4.012485e-01 1.000000e-09 1           
146:         1.000000e-09 5.026067e-01 4.973933e-01 0.000000001  1.000000e-09 1.000000e-09 1.000000e-09 1.000000e-09 1           
147:         1.000000e-09 2.006240e-02 6.141098e-01 0.000000001  1.000000e-09 1.000000e-09 3.658278e-01 1.000000e-09 1           
148:         1.000000e-09 2.645713e-01 1.180005e-01 0.133818244  2.854929e-01 1.000000e-09 1.981170e-01 1.000000e-09 1           
149:         7.257409e-02 2.929374e-01 7.457713e-02 0.274678432  2.852330e-01 1.000000e-09 1.000000e-09 1.000000e-09 1           
150:         1.000000e-09 1.000000e-09 6.880749e-01 0.311925122  1.000000e-09 1.000000e-09 1.000000e-09 1.000000e-09 1           
151:         1.738537e-01 1.089984e-01 1.672966e-02 0.124634639  9.524891e-02 1.837450e-01 1.447372e-01 1.520526e-01 1           
152:         1.000000e-09 2.571834e-02 7.889566e-02 0.021972813  2.940784e-01 1.000000e-09 4.758104e-01 1.035244e-01 1           
153:         1.000000e-09 9.966622e-02 1.171699e-01 0.365606343  2.370890e-01 1.000000e-09 1.804686e-01 1.000000e-09 1           
154:         4.219084e-02 1.006212e-02 2.392074e-01 0.125379076  2.760067e-01 2.951277e-02 1.296327e-01 1.480084e-01 1           
155:         1.000000e-09 7.151758e-02 1.000000e-09 0.281166761  5.723932e-02 1.000000e-09 4.278291e-01 1.622472e-01 1           
156:         1.874092e-01 1.065389e-01 9.084951e-02 0.198628697  1.626804e-01 8.967441e-03 1.736879e-01 7.123798e-02 1           
157:         1.032798e-07 1.935861e-01 5.699417e-01 0.000000001  1.000000e-09 1.000000e-09 1.000000e-09 2.364721e-01 1           
158:         1.000000e-09 1.000000e-09 1.000000e-09 0.000000001  6.907307e-01 1.000000e-09 1.000000e-09 3.092693e-01 1           
159:         1.000000e-09 1.000000e-09 1.000000e-09 0.000000001  6.345941e-01 2.169218e-06 3.654037e-01 1.000000e-09 1           
160:         1.000000e-09 3.109207e-01 6.890793e-01 0.000000001  1.000000e-09 1.000000e-09 1.000000e-09 1.000000e-09 1           
161:         1.000000e-09 1.000000e-09 3.354675e-01 0.000000001  3.718661e-01 1.000000e-09 1.000000e-09 2.926663e-01 1           
162:         1.000000e-09 1.000000e-09 1.000000e-09 0.000000001  4.523692e-01 4.164916e-01 1.311392e-01 1.000000e-09 1           
163:         1.000000e-09 3.870634e-01 1.000000e-09 0.000000001  1.000000e-09 4.078109e-01 1.000000e-09 2.051257e-01 1           
164:         1.000000e-09 4.425148e-01 1.328988e-01 0.000000001  1.088216e-01 1.681656e-02 1.000000e-09 2.989481e-01 1           
165:         1.000000e-09 1.994821e-01 1.000000e-09 0.281641963  5.188760e-01 1.000000e-09 1.000000e-09 1.000000e-09 1           
166:         1.000000e-09 3.849476e-01 2.607881e-01 0.000000001  3.542643e-01 1.000000e-09 1.000000e-09 1.000000e-09 1           
167:         1.600715e-01 1.996344e-02 1.264668e-01 0.300574867  1.440820e-01 1.172223e-01 9.458993e-02 3.702921e-02 1           
168:         1.000000e-09 1.000000e-09 1.000000e-09 0.000000001  4.999475e-01 5.000525e-01 1.000000e-09 1.000000e-09 1           
169:         2.232219e-01 1.000000e-09 3.901784e-01 0.000000001  1.000000e-09 1.000000e-09 1.631507e-01 2.234490e-01 1           
170:         1.649840e-01 5.798741e-02 1.742666e-02 0.106183204  2.044302e-01 1.722216e-01 1.933312e-01 8.343573e-02 1           
171:         3.343491e-01 3.990295e-01 1.000000e-09 0.128438609  3.233620e-07 1.000000e-09 1.000000e-09 1.381825e-01 1           
172:         9.999999e-01 1.000000e-09 3.099391e-08 0.000000001  3.099503e-08 3.099618e-08 1.000000e-09 1.000000e-09 1           
173:         1.000000e-09 4.972188e-01 6.484502e-08 0.502722509  1.270136e-08 1.000000e-09 5.860743e-05 1.000000e-09 1           
174:         1.000000e-09 1.791672e-01 3.122498e-01 0.000000001  1.000000e-09 5.085830e-01 1.000000e-09 1.000000e-09 1           
175:         1.000000e-09 3.427711e-01 2.679377e-01 0.000000001  1.000000e-09 1.000000e-09 1.000000e-09 3.892912e-01 1           
176:         3.602752e-01 3.804449e-01 2.592667e-01 0.000000001  1.313410e-05 1.000000e-09 1.000000e-09 1.000000e-09 1           
177:         1.000000e-09 1.043700e-01 1.000000e-09 0.000000001  1.000000e-09 3.795991e-01 1.000000e-09 5.160309e-01 1           
178:         1.000000e-09 3.341364e-01 1.000000e-09 0.000000001  1.000000e-09 3.845040e-01 1.000000e-09 2.813597e-01 1           
179:         5.223193e-01 4.776807e-01 1.000000e-09 0.000000001  1.000000e-09 1.000000e-09 1.000000e-09 1.000000e-09 1           
180:         1.000000e-09 3.374285e-01 1.000000e-09 0.000000001  2.596516e-01 2.897878e-01 1.000000e-09 1.131321e-01 1           
181:         1.000000e-09 1.000000e-09 8.047871e-02 0.000000001  6.634766e-01 1.000000e-09 2.560446e-01 1.000000e-09 1           
182:         1.000000e-09 1.000000e-09 1.000000e+00 0.000000001  1.000000e-09 1.000000e-09 1.000000e-09 1.000000e-09 1           
183:         9.463563e-03 1.806473e-01 1.000000e-09 0.000000001  1.000000e-09 3.702404e-01 1.000000e-09 4.396487e-01 1           
184:         1.000000e-09 2.636346e-01 2.881257e-01 0.000000001  1.000000e-09 1.000000e-09 1.000000e-09 4.482396e-01 1           
185:         1.000000e-09 4.368291e-01 1.000000e-09 0.113046690  1.000000e-09 1.000000e-09 1.000000e-09 4.501242e-01 1           
186:         4.818107e-01 1.000000e-09 1.000000e-09 0.000000001  1.000000e-09 2.609077e-01 2.572816e-01 1.000000e-09 1           
187:         3.747505e-01 1.000000e-09 3.656480e-01 0.000000001  2.596016e-01 1.000000e-09 1.000000e-09 1.000000e-09 1           
188:         2.347171e-01 1.976092e-01 1.000000e-09 0.127135584  1.000000e-09 1.357952e-01 1.000000e-09 3.047429e-01 1           
189:         1.000000e-09 1.000000e-09 4.329261e-01 0.031806724  1.000000e-09 4.317062e-01 1.000000e-09 1.035610e-01 1           
190:         1.000000e-09 4.697051e-01 1.000000e-09 0.000000001  5.307228e-02 4.772226e-01 1.000000e-09 1.000000e-09 1           
191:         1.500022e-02 8.732869e-02 1.666883e-01 0.257681639  4.733012e-01 1.000000e-09 1.000000e-09 1.000000e-09 1           
192:         1.000000e-09 1.000000e-09 5.272431e-01 0.195687941  1.000000e-09 1.000000e-09 1.000000e-09 2.770690e-01 1           
193:         1.000000e-09 1.000000e-09 5.538313e-01 0.000000001  4.461687e-01 1.000000e-09 1.000000e-09 1.000000e-09 1           
194:         1.000000e-09 4.697546e-01 1.000000e-09 0.000000001  1.000000e-09 1.000000e-09 5.302454e-01 1.000000e-09 1           
195:         5.316575e-02 1.588708e-01 1.084710e-01 0.024921585  2.187468e-01 2.050911e-01 1.937310e-01 3.700201e-02 1           
196:         9.493277e-02 1.000000e-09 1.000000e-09 0.349630111  1.000000e-09 3.009442e-01 2.544929e-01 1.000000e-09 1           
197:         1.000000e-09 1.000000e-09 1.000000e-09 0.999999993  1.000000e-09 1.000000e-09 1.000000e-09 1.000000e-09 1           
198:         1.000000e-09 1.000000e-09 5.000004e-01 0.000000001  4.999996e-01 1.000000e-09 1.000000e-09 1.000000e-09 1           
199:         1.000000e-09 1.000000e-09 1.000000e+00 0.000000001  1.000000e-09 1.000000e-09 1.000000e-09 1.000000e-09 1           
200:         6.595410e-02 1.643258e-01 1.506480e-01 0.153663016  1.392486e-01 1.839192e-01 8.118920e-02 6.105203e-02 1           
201:         1.000000e-09 5.342373e-01 1.000000e-09 0.000000001  1.000000e-09 1.000000e-09 4.657627e-01 1.000000e-09 1           
202:         1.000000e-09 1.000000e-09 2.828907e-01 0.417609074  1.000000e-09 1.000000e-09 2.995002e-01 1.000000e-09 1           
203:         1.000000e-09 1.000000e-09 1.000000e-09 0.000000001  1.000000e+00 1.000000e-09 1.000000e-09 1.000000e-09 1           
204:         1.000000e-09 1.000000e-09 1.000000e+00 0.000000001  1.000000e-09 1.000000e-09 1.000000e-09 1.000000e-09 1           
205:         1.124981e-01 5.156830e-03 4.596341e-02 0.063933294  2.768304e-01 1.635918e-01 1.918798e-01 1.401464e-01 1           
206:         4.951255e-03 4.333710e-01 1.249546e-01 0.095517385  3.412058e-01 1.000000e-09 1.000000e-09 1.000000e-09 1           
207:         1.000000e-09 1.761108e-01 1.000000e-09 0.396587917  9.043312e-02 1.000000e-09 3.368682e-01 1.000000e-09 1           
208:         1.000000e-09 1.000000e-09 8.828744e-01 0.117125579  1.000000e-09 1.000000e-09 1.000000e-09 1.000000e-09 1           
209:         1.000000e-09 1.000000e-09 1.000000e-09 0.999999993  1.000000e-09 1.000000e-09 1.000000e-09 1.000000e-09 1           
210:         1.000000e-09 1.000000e-09 1.000000e+00 0.000000001  1.000000e-09 1.000000e-09 1.000000e-09 1.000000e-09 1           
211:         3.396713e-02 1.929043e-01 8.156304e-03 0.123911647  6.410607e-01 1.000000e-09 1.000000e-09 1.000000e-09 1           
212:         1.000000e-09 1.000000e-09 1.000000e-09 0.000000001  1.000000e-09 3.340597e-01 1.000000e-09 6.659403e-01 1           
213:         1.168302e-01 1.000000e-09 1.000000e-09 0.000000001  1.000000e-09 8.831698e-01 1.000000e-09 1.000000e-09 1           
214:         1.000000e-09 2.750729e-01 1.258918e-01 0.097963188  1.686038e-06 1.000000e-09 5.010703e-01 1.000000e-09 1           
215:         1.000000e-09 1.000000e-09 4.994231e-01 0.000000001  1.000000e-09 1.000000e-09 5.005769e-01 1.000000e-09 1           
216:         1.000000e-09 1.000000e-09 1.238071e-01 0.876192867  1.000000e-09 1.000000e-09 1.000000e-09 1.000000e-09 1           
217:         1.000000e-09 1.000000e-09 1.000000e-09 0.000000001  1.000000e+00 1.000000e-09 1.000000e-09 1.000000e-09 1           
218:         5.365532e-01 3.648437e-01 1.000000e-09 0.000000001  1.000000e-09 8.745773e-03 8.985729e-02 1.000000e-09 1           
219:         1.000000e-09 1.000000e-09 1.000000e-09 0.454800911  7.794606e-06 5.189198e-06 5.451861e-01 1.000000e-09 1           
220:         1.000000e-09 1.000000e+00 1.000000e-09 0.000000001  1.000000e-09 1.000000e-09 1.000000e-09 1.000000e-09 1           
221:         1.000000e-09 8.282289e-01 1.717710e-01 0.000000001  1.000000e-09 1.000000e-09 1.000000e-09 1.000000e-09 1           
222:         1.000000e-09 1.000000e-09 6.357793e-01 0.364220703  1.000000e-09 1.000000e-09 1.000000e-09 1.000000e-09 1           
223:         1.000000e-09 1.000000e-09 1.000000e-09 0.000000001  1.000000e-09 2.451906e-01 6.814624e-01 7.334703e-02 1           
224:         5.850785e-02 2.751891e-01 1.498666e-01 0.001590043  2.968810e-01 9.397545e-02 2.998132e-02 9.400863e-02 1           
225:         1.000000e-09 1.000000e-09 1.000000e-09 0.000000001  1.000000e-09 7.177419e-01 2.187825e-01 6.347555e-02 1           
226:         1.000000e-09 2.054956e-01 3.487393e-01 0.445765112  1.000000e-09 1.000000e-09 1.000000e-09 1.000000e-09 1           
227:         9.574486e-02 3.694552e-01 1.580134e-02 0.132074867  3.869237e-01 1.000000e-09 1.000000e-09 1.000000e-09 1           
228:         1.000000e-09 1.000000e-09 2.929317e-01 0.000000001  7.070683e-01 1.000000e-09 1.000000e-09 1.000000e-09 1           
229:         4.254235e-01 1.000000e-09 1.000000e-09 0.318802159  1.000000e-09 1.000000e-09 1.000000e-09 2.557743e-01 1           
230:         6.738479e-01 3.261521e-01 1.000000e-09 0.000000001  1.000000e-09 1.000000e-09 1.000000e-09 1.000000e-09 1           
231:         1.000000e-09 2.763804e-01 4.878974e-01 0.000000001  2.357222e-01 1.000000e-09 1.000000e-09 1.000000e-09 1           
232:         1.000000e-09 1.000000e-09 1.000000e-09 0.999999993  1.000000e-09 1.000000e-09 1.000000e-09 1.000000e-09 1           
233:         1.000000e-09 1.000000e-09 5.001569e-01 0.000000001  1.000000e-09 4.998431e-01 1.000000e-09 1.000000e-09 1           
234:         3.976139e-02 9.982589e-02 1.198387e-01 0.100122004  1.975411e-01 2.552899e-02 1.364667e-01 2.809152e-01 1           
235:         1.000000e-09 1.000000e-09 1.478807e-01 0.000000001  1.000000e-09 1.000000e-09 8.521193e-01 1.000000e-09 1           
236:         1.000000e-09 1.000000e-09 3.538362e-01 0.643919290  2.241657e-03 2.827420e-06 1.000000e-09 1.000000e-09 1           
237:         2.934107e-01 1.000000e-09 1.000000e-09 0.199385788  1.000000e-09 5.072035e-01 1.000000e-09 1.000000e-09 1           
238:         1.000000e-09 6.072850e-01 3.927150e-01 0.000000001  1.000000e-09 1.000000e-09 1.000000e-09 1.000000e-09 1           
239:         1.000000e-09 1.000000e-09 1.000000e-09 0.315990711  1.000000e-09 9.050252e-02 5.634483e-01 3.005850e-02 1           
240:         3.359722e-01 1.000000e-09 1.000000e-09 0.375308677  2.121001e-01 1.000000e-09 7.661905e-02 1.000000e-09 1           
241:         1.000000e-09 1.000000e-09 5.377520e-01 0.462247987  1.000000e-09 1.000000e-09 1.000000e-09 1.000000e-09 1           
242:         1.000000e-09 1.000000e-09 1.000000e-09 0.000000001  1.000000e-09 2.700705e-01 7.137748e-01 1.615465e-02 1           
243:         1.000000e-09 1.000000e-09 1.000000e-09 0.684562554  1.000000e-09 3.154374e-01 1.000000e-09 1.000000e-09 1           
244:         1.000000e-09 1.000000e-09 1.000000e-09 0.589818806  1.180516e-01 1.000000e-09 2.921296e-01 1.000000e-09 1           
245:         1.000000e-09 5.954110e-01 1.000000e-09 0.404589035  1.000000e-09 1.000000e-09 1.000000e-09 1.000000e-09 1           
246:         1.000000e-09 1.000000e-09 1.000000e-09 0.000000001  1.000000e-09 6.884641e-01 3.115359e-01 1.000000e-09 1           
247:         1.000000e-09 1.000000e-09 3.169472e-01 0.164933823  4.856738e-01 1.000000e-09 1.000000e-09 3.244515e-02 1           
248:         1.000000e-09 1.000000e-09 1.000000e-09 0.000000001  5.564375e-01 1.006697e-09 4.435625e-01 1.000000e-09 1           
249:         1.000000e-09 4.226907e-01 2.278801e-01 0.000000001  8.690181e-02 1.000000e-09 2.625275e-01 1.000000e-09 1           
250:         1.019583e-02 2.012521e-01 2.013274e-01 0.048533393  1.934551e-01 2.032115e-01 7.149381e-03 1.348753e-01 1           
251:         1.000000e+00 1.000000e-09 1.000000e-09 0.000000001  1.000000e-09 1.000000e-09 1.000000e-09 1.000000e-09 1           
252:         1.000000e-09 1.000000e-09 1.000000e-09 0.000000001  1.000000e-09 1.000000e-09 1.000000e+00 1.000000e-09 1           
253:         1.000000e-09 2.649902e-01 2.350066e-01 0.428464987  1.080534e-09 7.153819e-02 1.000000e-09 1.000000e-09 1           
254:         1.000000e-09 1.000000e-09 1.000000e-09 0.163650155  8.363498e-01 1.000000e-09 1.000000e-09 1.000000e-09 1           
255:         1.000000e-09 6.059868e-01 3.940132e-01 0.000000001  1.000000e-09 1.000000e-09 1.000000e-09 1.000000e-09 1           
256:         1.000000e-09 1.000000e-09 7.472943e-01 0.252705683  1.000000e-09 1.000000e-09 1.000000e-09 1.000000e-09 1           
257:         1.000000e-09 1.000000e-09 1.000000e-09 0.184991233  7.350475e-01 1.000000e-09 1.000000e-09 7.996125e-02 1           
258:         1.000000e-09 1.000000e-09 1.000000e-09 0.000000001  1.000000e-09 1.000000e-09 1.000000e-09 1.000000e+00 1           
259:         1.000000e-09 1.000000e-09 6.703039e-01 0.000000001  3.291490e-01 5.471169e-04 1.000000e-09 1.000000e-09 1           
260:         1.000000e-09 1.000000e-09 4.661198e-01 0.533880231  1.000000e-09 1.000000e-09 1.000000e-09 1.000000e-09 1           
261:         1.020527e-01 1.149369e-01 1.514425e-01 0.219039193  1.223368e-01 1.062981e-01 6.630471e-02 1.175890e-01 1           
262:         1.000000e-09 1.000000e-09 1.000000e-09 0.000000001  1.000000e-09 1.000000e-09 1.000000e-09 1.000000e+00 1           
                             
                             
1:           1.708461e-01 1.302631e-01 2.977953e-02 0.224274607  2.212124e-01 1.588518e-01 3.995660e-02 2.481578e-02 1           
2:           1.000000e-09 1.000000e-09 6.934676e-01 0.000000001  1.000000e-09 1.000000e-09 1.000000e-09 3.065324e-01 1           
3:           1.000000e-09 2.766372e-01 1.000000e-09 0.000000001  1.000000e-09 3.292589e-01 1.000000e-09 3.941038e-01 1           
4:           1.782191e-01 1.407058e-01 1.487050e-01 0.206464909  1.292869e-01 1.053030e-01 5.161241e-02 3.970286e-02 1           
5:           1.000000e-09 3.849605e-01 1.000000e-09 0.000000001  1.000000e-09 6.150395e-01 1.000000e-09 1.000000e-09 1           
6:           1.000000e-09 1.000000e-09 1.000000e-09 0.000000001  1.000000e-09 1.000000e-09 1.000000e+00 1.000000e-09 1           
7:           5.267662e-01 1.000000e-09 1.000000e-09 0.113778289  3.594555e-01 1.000000e-09 1.000000e-09 1.000000e-09 1           
8:           1.000000e-09 1.000000e-09 9.969828e-01 0.000000001  3.002363e-03 1.481246e-05 1.000000e-09 1.000000e-09 1           
9:           8.535855e-02 2.227525e-01 1.760208e-01 0.073291732  2.824044e-02 1.525496e-01 1.931582e-01 6.862813e-02 1           
10:          1.000000e-09 1.000000e-09 4.831325e-01 0.000000001  1.678958e-02 5.000779e-01 1.000000e-09 1.000000e-09 1           
11:          1.339951e-01 8.250905e-02 2.270380e-01 0.032760273  3.248646e-02 2.834921e-01 9.566513e-02 1.120539e-01 1           
12:          1.000000e-09 1.000000e-09 5.801870e-01 0.000000001  4.064279e-01 1.338508e-02 1.000000e-09 1.000000e-09 1           
13:          3.390108e-05 1.000000e-09 1.823642e-01 0.000000001  3.912348e-01 4.263671e-01 1.000000e-09 1.000000e-09 1           
14:          1.000000e-09 5.454002e-01 1.213568e-02 0.000000001  1.000000e-09 1.000000e-09 1.000000e-09 4.424642e-01 1           
15:          4.370299e-01 1.000000e-09 1.000000e-09 0.000000001  1.000000e-09 1.236205e-01 2.702554e-01 1.690942e-01 1           
16:          1.000000e-09 1.000000e-09 9.741900e-01 0.000000001  2.371203e-02 2.097993e-03 1.000000e-09 1.000000e-09 1           
17:          1.000000e-09 1.000000e-09 1.000000e+00 0.000000001  1.000000e-09 1.000000e-09 1.000000e-09 1.000000e-09 1           
18:          1.858986e-01 3.292621e-01 1.000000e-09 0.000000001  1.000000e-09 1.564584e-01 1.000000e-09 3.283809e-01 1           
19:          1.000000e+00 1.000000e-09 1.000000e-09 0.000000001  1.000000e-09 1.000000e-09 1.000000e-09 1.000000e-09 1           
20:          1.000000e-09 3.908972e-01 1.000000e-09 0.337643723  2.714591e-01 1.000000e-09 1.000000e-09 1.000000e-09 1           
21:          1.401458e-01 4.406236e-01 1.384495e-01 0.073034327  1.000000e-09 2.077467e-01 1.000000e-09 1.000000e-09 1           
22:          1.883490e-01 2.362859e-01 1.167319e-01 0.347336066  1.112972e-01 1.000000e-09 1.000000e-09 1.000000e-09 1           
23:          3.257828e-01 6.007916e-01 7.342563e-02 0.000000001  1.000000e-09 1.000000e-09 1.000000e-09 1.000000e-09 1           
24:          4.733596e-01 1.820673e-01 1.000000e-09 0.000000001  2.785902e-01 6.355181e-09 1.000000e-09 6.598287e-02 1           
25:          6.113795e-01 1.000000e-09 1.172672e-03 0.000000001  1.130584e-01 2.743894e-01 1.000000e-09 1.000000e-09 1           
26:          1.000000e-09 4.887007e-01 1.000000e-09 0.000000001  3.503793e-02 4.762614e-01 1.000000e-09 1.000000e-09 1           
27:          1.000000e-09 9.350087e-01 6.499131e-02 0.000000001  1.000000e-09 1.000000e-09 1.000000e-09 1.000000e-09 1           
28:          3.971326e-02 9.135459e-02 8.809888e-03 0.163648486  1.920884e-01 9.061659e-02 2.056587e-01 2.081100e-01 1           
29:          1.865813e-01 3.537642e-02 1.058650e-01 0.186446127  1.626720e-01 1.857722e-02 1.621567e-01 1.423252e-01 1           
30:          1.000000e-09 1.000000e-09 1.000000e+00 0.000000001  1.000000e-09 1.000000e-09 1.000000e-09 1.000000e-09 1           
31:          1.749774e-01 1.152077e-01 1.101359e-01 0.147254655  2.201756e-01 7.300372e-02 1.192862e-01 3.995878e-02 1           
32:          1.360645e-01 1.027443e-01 1.712273e-01 0.121895237  2.186859e-03 1.686110e-01 1.213659e-01 1.759048e-01 1           
33:          1.000000e-09 1.000000e-09 1.000000e+00 0.000000001  1.000000e-09 1.000000e-09 1.000000e-09 1.000000e-09 1           
34:          1.000000e-09 1.000000e-09 2.170565e-02 0.000000001  4.364743e-01 4.181825e-02 5.000017e-01 1.000000e-09 1           
35:          1.000000e-09 1.000000e+00 1.000000e-09 0.000000001  1.000000e-09 1.000000e-09 1.000000e-09 1.000000e-09 1           
36:          1.000000e-09 2.980192e-01 2.401901e-02 0.000000001  6.779618e-01 1.000000e-09 1.000000e-09 1.000000e-09 1           
37:          1.000000e-09 1.000000e-09 6.944848e-01 0.000000001  3.055152e-01 1.000000e-09 1.000000e-09 1.000000e-09 1           
38:          2.586810e-01 1.000000e-09 1.000000e-09 0.000000001  1.000000e-09 7.413190e-01 1.000000e-09 1.000000e-09 1           
39:          1.000000e-09 1.000000e-09 2.606894e-01 0.000000001  3.056778e-01 3.437296e-02 1.000000e-09 3.992598e-01 1           
40:          1.000000e-09 1.000000e-09 1.000000e-09 0.000000001  1.000000e-09 1.000000e-09 1.000000e-09 1.000000e+00 1           
41:          1.732269e-02 2.307823e-01 1.286098e-01 0.099534781  5.778320e-02 1.654362e-02 2.019408e-01 2.474829e-01 1           
42:          1.000000e-09 1.000000e-09 1.000000e-09 0.000000001  1.000000e-09 1.000000e+00 1.000000e-09 1.000000e-09 1           
