1:           1.000000e-09 1.000000e-09 1.000000e-09 1.000000e+00 1.000000e-09 1.000000e-09 1           
2:           1.000000e-09 1.000000e+00 1.000000e-09 1.000000e-09 1.000000e-09 1.000000e-09 1           
3:           1.000000e-09 1.000000e+00 1.000000e-09 1.000000e-09 1.000000e-09 1.000000e-09 1           
4:           1.000000e-09 8.775040e-01 1.000000e-09 1.000000e-09 1.000000e-09 1.224960e-01 1           
5:           1.000000e-09 1.000000e+00 1.000000e-09 1.000000e-09 1.000000e-09 1.000000e-09 1           
6:           5.690900e-01 1.000000e-09 4.309100e-01 1.000000e-09 1.000000e-09 1.000000e-09 1           
7:           3.330905e-02 1.000000e-09 9.499597e-01 1.000000e-09 1.673127e-02 1.000000e-09 1           
8:           1.000000e-09 1.833996e-01 1.000000e-09 1.000000e-09 1.000000e-09 8.166004e-01 1           
9:           1.000000e-09 9.524301e-01 1.000000e-09 1.000000e-09 1.000000e-09 4.756992e-02 1           
10:          1.000000e+00 1.000000e-09 1.000000e-09 1.000000e-09 1.000000e-09 1.000000e-09 1           
11:          1.000000e-09 9.581621e-01 1.000000e-09 1.000000e-09 1.000000e-09 4.183791e-02 1           
12:          1.000000e-09 8.050520e-01 1.000000e-09 1.000000e-09 1.000000e-09 1.949480e-01 1           
13:          1.000000e-09 8.989316e-01 1.000000e-09 1.000000e-09 1.000000e-09 1.010684e-01 1           
14:          1.000000e-09 1.000000e-09 1.000000e-09 1.000000e-09 1.000000e+00 1.000000e-09 1           
15:          1.000000e-09 3.916205e-01 1.000000e-09 1.000000e-09 1.000000e-09 6.083795e-01 1           
16:          8.334124e-02 1.000000e-09 8.287451e-01 1.000000e-09 8.791368e-02 1.000000e-09 1           
17:          1.000000e-09 8.498836e-01 1.000000e-09 5.111929e-04 1.000000e-09 1.496052e-01 1           
18:          1.000000e-09 1.000000e+00 1.000000e-09 1.000000e-09 1.000000e-09 1.000000e-09 1           
19:          1.000000e-09 1.000000e-09 8.439023e-01 1.000000e-09 1.560976e-01 1.000000e-09 1           
20:          1.000000e-09 7.110775e-01 1.000000e-09 1.000000e-09 1.000000e-09 2.889225e-01 1           
21:          1.000000e-09 1.000000e+00 1.000000e-09 1.000000e-09 1.000000e-09 1.000000e-09 1           
22:          1.000000e-09 9.099509e-01 1.000000e-09 1.000000e-09 1.000000e-09 9.004912e-02 1           
23:          2.139165e-01 1.000000e-09 7.480352e-01 1.000000e-09 3.804835e-02 1.000000e-09 1           
24:          1.183098e-01 1.000000e-09 8.816902e-01 1.000000e-09 1.000000e-09 1.000000e-09 1           
25:          1.000000e-09 8.693728e-01 1.000000e-09 9.419953e-02 1.000000e-09 3.642764e-02 1           
26:          1.000000e-09 1.000000e-09 1.000000e-09 1.000000e-09 1.000000e+00 1.000000e-09 1           
27:          1.000000e-09 8.439392e-01 1.000000e-09 1.000000e-09 1.000000e-09 1.560608e-01 1           
28:          1.519742e-01 1.000000e-09 8.480258e-01 1.000000e-09 1.000000e-09 1.000000e-09 1           
29:          1.000000e-09 8.800845e-01 1.000000e-09 6.613697e-03 1.000000e-09 1.133018e-01 1           
30:          1.000000e-09 9.475906e-01 1.000000e-09 1.000000e-09 1.000000e-09 5.240935e-02 1           
31:          1.000000e-09 1.457525e-01 1.000000e-09 8.542475e-01 1.000000e-09 1.000000e-09 1           
32:          9.159618e-01 1.000000e-09 1.000000e-09 1.000000e-09 1.000000e-09 8.403818e-02 1           
33:          1.868324e-01 1.000000e-09 6.724916e-01 1.000000e-09 1.000000e-09 1.406760e-01 1           
34:          1.000000e+00 1.000000e-09 1.000000e-09 1.000000e-09 1.000000e-09 1.000000e-09 1           
35:          1.000000e-09 1.000000e-09 8.027142e-01 1.000000e-09 1.122899e-01 8.499584e-02 1           
36:          1.000000e-09 1.000000e-09 1.000000e-09 1.000000e-09 1.000000e+00 1.000000e-09 1           
37:          4.123488e-01 1.000000e-09 2.201699e-01 1.000000e-09 2.672730e-01 1.002083e-01 1           
38:          1.000000e-09 6.825051e-01 1.000000e-09 1.000000e-09 1.000000e-09 3.174949e-01 1           
39:          1.114247e-01 1.000000e-09 7.861384e-01 6.534563e-02 1.068166e-03 3.602314e-02 1           
40:          1.000000e-09 1.000000e-09 1.000000e-09 1.000000e-09 1.000000e-09 1.000000e+00 1           
41:          1.000000e-09 8.886696e-01 1.000000e-09 1.000000e-09 1.000000e-09 1.113304e-01 1           
42:          1.000000e-09 1.000000e+00 1.000000e-09 1.000000e-09 1.000000e-09 1.000000e-09 1           
43:          1.000000e-09 6.677940e-01 4.623977e-04 1.000000e-09 1.000000e-09 3.317436e-01 1           
44:          5.279273e-01 1.832733e-06 5.211269e-02 1.000000e-09 2.624989e-01 1.574593e-01 1           
45:          1.000000e-09 1.000000e-09 1.000000e-09 1.000000e-09 1.000000e+00 1.000000e-09 1           
46:          1.000000e-09 9.739913e-01 1.000000e-09 1.000000e-09 1.000000e-09 2.600865e-02 1           
47:          5.436584e-02 1.000000e-09 8.614636e-01 8.417051e-02 1.000000e-09 1.000000e-09 1           
48:          7.875032e-01 1.000000e-09 2.124968e-01 1.000000e-09 1.000000e-09 1.000000e-09 1           
49:          1.000000e-09 1.000000e-09 7.471204e-01 4.072648e-02 2.121531e-01 1.000000e-09 1           
50:          1.000000e-09 1.000000e-09 1.275111e-01 1.000000e-09 8.724889e-01 1.000000e-09 1           
51:          1.000000e-09 1.000000e+00 1.000000e-09 1.000000e-09 1.000000e-09 1.000000e-09 1           
52:          1.000000e-09 6.445699e-01 1.000000e-09 1.000000e-09 1.000000e-09 3.554301e-01 1           
53:          1.000000e+00 1.000000e-09 1.000000e-09 1.000000e-09 1.000000e-09 1.000000e-09 1           
54:          1.000000e-09 1.000000e-09 1.000000e-09 1.000000e+00 1.000000e-09 1.000000e-09 1           
55:          1.000000e-09 1.000000e-09 1.000000e+00 1.000000e-09 1.000000e-09 1.000000e-09 1           
56:          1.000000e-09 1.000000e-09 1.000000e-09 1.000000e+00 1.000000e-09 1.000000e-09 1           
57:          1.000000e+00 1.000000e-09 1.000000e-09 1.000000e-09 1.000000e-09 1.000000e-09 1           
58:          1.000000e-09 1.000000e-09 1.000000e-09 1.000000e-09 1.000000e+00 1.000000e-09 1           
59:          1.000000e-09 6.122073e-01 1.000000e-09 1.000000e-09 1.000000e-09 3.877927e-01 1           
60:          1.000000e+00 1.000000e-09 1.000000e-09 1.000000e-09 1.000000e-09 1.000000e-09 1           
61:          1.000000e+00 1.000000e-09 1.000000e-09 1.000000e-09 1.000000e-09 1.000000e-09 1           
62:          1.000000e-09 8.377577e-01 1.000000e-09 1.000000e-09 1.000000e-09 1.622423e-01 1           
63:          4.400792e-01 1.000000e-09 4.949556e-01 5.409733e-02 1.086785e-02 1.000000e-09 1           
64:          1.658495e-01 1.000000e-09 8.263219e-01 1.000000e-09 7.828675e-03 1.000000e-09 1           
65:          7.961729e-01 1.000000e-09 1.000000e-09 1.009930e-01 6.540140e-02 3.743262e-02 1           
66:          1.000000e-09 6.940666e-01 1.000000e-09 1.000000e-09 1.000000e-09 3.059334e-01 1           
67:          1.056435e-01 1.000000e-09 1.000000e-09 8.943521e-01 1.000000e-09 4.400296e-06 1           
68:          1.000000e-09 1.000000e-09 1.000000e-09 1.000000e+00 1.000000e-09 1.000000e-09 1           
69:          1.000000e+00 1.000000e-09 1.000000e-09 1.000000e-09 1.000000e-09 1.000000e-09 1           
70:          8.735688e-01 1.000000e-09 1.000000e-09 1.000000e-09 1.264312e-01 1.000000e-09 1           
71:          1.000000e-09 9.206513e-01 1.000000e-09 1.000000e-09 1.000000e-09 7.934873e-02 1           
72:          1.000000e-09 7.728789e-01 1.000000e-09 1.316160e-01 1.000000e-09 9.550512e-02 1           
73:          1.000000e-09 6.773437e-01 5.885459e-02 1.000000e-09 1.000000e-09 2.638017e-01 1           
74:          1.000000e+00 1.000000e-09 1.000000e-09 1.000000e-09 1.000000e-09 1.000000e-09 1           
75:          7.818054e-01 7.202394e-02 1.461707e-01 1.000000e-09 1.000000e-09 1.000000e-09 1           
76:          1.000000e+00 1.000000e-09 1.000000e-09 1.000000e-09 1.000000e-09 1.000000e-09 1           
77:          1.000000e-09 7.173575e-01 2.424213e-02 3.838989e-03 1.000000e-09 2.545614e-01 1           
78:          1.000000e-09 1.000000e-09 1.000000e-09 1.000000e+00 1.000000e-09 1.000000e-09 1           
79:          1.000000e+00 1.000000e-09 1.000000e-09 1.000000e-09 1.000000e-09 1.000000e-09 1           
80:          1.000000e-09 7.612846e-01 1.000000e-09 1.000000e-09 1.000000e-09 2.387154e-01 1           
81:          1.000000e-09 1.000000e-09 1.000000e-09 1.000000e+00 1.000000e-09 1.000000e-09 1           
82:          1.000000e-09 1.000000e-09 1.000000e+00 1.000000e-09 1.000000e-09 1.000000e-09 1           
83:          1.387608e-01 1.000000e-09 6.315130e-01 1.000000e-09 9.516258e-02 1.345636e-01 1           
84:          6.705804e-01 1.000000e-09 1.000000e-09 1.000000e-09 7.891792e-02 2.505017e-01 1           
85:          8.194873e-01 1.000000e-09 1.805127e-01 1.000000e-09 1.000000e-09 1.000000e-09 1           
86:          1.000000e-09 1.000000e-09 1.000000e+00 1.000000e-09 1.000000e-09 1.000000e-09 1           
87:          1.961602e-01 5.439247e-01 1.000000e-09 1.000000e-09 1.000000e-09 2.599151e-01 1           
88:          1.000000e-09 1.000000e-09 9.160424e-01 1.000000e-09 8.395758e-02 1.000000e-09 1           
89:          1.000000e+00 1.000000e-09 1.000000e-09 1.000000e-09 1.000000e-09 1.000000e-09 1           
90:          1.000000e-09 1.000000e+00 1.000000e-09 1.000000e-09 1.000000e-09 1.000000e-09 1           
91:          2.603335e-01 1.000000e-09 7.396665e-01 1.000000e-09 1.000000e-09 1.000000e-09 1           
92:          3.736422e-02 1.000000e-09 7.158252e-01 1.000000e-09 2.468105e-01 1.000000e-09 1           
93:          1.000000e-09 1.000000e-09 1.000000e-09 1.000000e+00 1.000000e-09 1.000000e-09 1           
94:          1.000000e-09 1.000000e-09 1.000000e-09 1.000000e+00 1.000000e-09 1.000000e-09 1           
95:          1.000000e-09 1.668173e-01 7.135305e-01 1.145656e-01 5.086619e-03 1.000000e-09 1           
96:          1.000000e-09 9.208907e-01 1.000000e-09 1.000000e-09 1.000000e-09 7.910931e-02 1           
97:          1.677233e-01 5.842124e-02 5.425552e-01 1.000000e-09 1.171247e-01 1.141756e-01 1           
98:          3.676080e-01 1.624429e-01 4.009867e-01 1.000000e-09 6.896239e-02 1.000000e-09 1           
99:          1.000000e-09 2.240317e-01 5.305669e-01 1.000000e-09 1.000000e-09 2.454014e-01 1           
100:         3.541468e-02 1.000000e-09 1.000000e-09 1.257174e-01 1.000000e-09 8.388679e-01 1           
101:         1.000000e-09 1.000000e-09 1.000000e-09 1.000000e-09 1.000000e-09 1.000000e+00 1           
102:         1.000000e-09 9.955364e-01 1.000000e-09 4.463563e-03 1.000000e-09 1.000000e-09 1           
103:         1.101286e-01 1.000000e-09 4.697135e-01 9.877611e-02 3.213818e-01 1.000000e-09 1           
104:         1.000000e-09 3.612674e-01 1.009648e-01 2.398961e-01 1.000000e-09 2.978717e-01 1           
105:         2.749769e-02 7.886443e-01 1.000000e-09 1.000000e-09 1.763798e-01 7.478198e-03 1           
106:         1.000000e-09 5.602010e-01 1.000000e-09 1.000000e-09 1.000000e-09 4.397990e-01 1           
107:         1.000000e-09 1.000000e-09 1.000000e-09 1.000000e-09 1.000000e-09 1.000000e+00 1           
108:         1.000000e-09 9.448688e-01 1.000000e-09 5.513124e-02 1.000000e-09 1.000000e-09 1           
109:         7.298937e-01 1.000000e-09 2.701063e-01 1.000000e-09 1.000000e-09 1.000000e-09 1           
110:         1.000000e-09 8.793208e-01 1.000000e-09 2.994599e-02 1.000000e-09 9.073325e-02 1           
111:         1.000000e-09 5.349666e-01 1.000000e-09 1.000000e-09 1.000000e-09 4.650334e-01 1           
112:         1.564783e-01 1.000000e-09 7.628187e-01 1.000000e-09 8.070295e-02 1.000000e-09 1           
113:         3.593294e-02 5.399657e-02 7.290228e-01 1.000000e-09 1.000000e-09 1.810476e-01 1           
114:         2.844489e-01 4.541918e-02 3.272701e-01 4.169444e-02 1.000000e-09 3.011674e-01 1           
115:         3.789917e-01 1.000000e-09 5.417535e-01 1.000000e-09 2.018504e-02 5.906981e-02 1           
116:         1.000000e-09 2.103991e-01 1.000000e-09 1.000000e-09 1.191032e-01 6.704978e-01 1           
117:         1.000000e-09 1.000000e-09 1.000000e-09 1.003604e-01 1.000000e-09 8.996396e-01 1           
118:         1.000000e-09 1.000000e-09 7.361324e-01 1.000000e-09 1.000000e-09 2.638676e-01 1           
119:         1.000000e-09 8.620216e-01 1.000000e-09 1.379784e-01 1.000000e-09 1.000000e-09 1           
120:         1.000000e-09 1.000000e-09 1.000000e-09 2.152858e-01 1.000000e-09 7.847142e-01 1           
121:         1.000000e-09 9.469574e-01 1.000000e-09 1.000000e-09 5.304256e-02 1.000000e-09 1           
122:         7.312993e-02 3.226519e-01 1.000000e-09 1.000000e-09 1.000000e-09 6.042182e-01 1           
123:         1.000000e-09 1.000000e-09 1.000000e-09 1.000000e-09 1.000000e-09 1.000000e+00 1           
124:         2.464321e-01 1.000000e-09 1.591089e-01 1.000000e-09 4.975987e-01 9.686023e-02 1           
125:         1.505832e-01 8.432101e-02 6.450422e-01 1.000000e-09 1.200536e-01 1.000000e-09 1           
126:         1.000000e-09 6.402875e-01 1.000000e-09 1.000000e-09 1.000000e-09 3.597125e-01 1           
127:         1.000000e-09 1.000000e-09 1.000000e+00 1.000000e-09 1.000000e-09 1.000000e-09 1           
128:         1.000000e-09 1.000000e-09 1.000000e-09 1.000000e+00 1.000000e-09 1.000000e-09 1           
129:         1.000000e-09 1.000000e+00 1.000000e-09 1.000000e-09 1.000000e-09 1.000000e-09 1           
130:         1.000000e-09 1.000000e-09 1.000000e-09 8.244249e-01 1.755751e-01 1.000000e-09 1           
131:         1.000000e-09 9.365347e-01 1.000000e-09 1.000000e-09 1.000000e-09 6.346534e-02 1           
132:         1.000000e-09 1.000000e-09 1.000000e-09 1.000000e-09 1.000000e+00 1.000000e-09 1           
133:         1.000000e-09 6.065718e-04 1.000000e-09 7.506141e-01 1.000000e-09 2.487793e-01 1           
134:         1.000000e-09 1.000000e-09 1.000000e-09 7.292424e-01 1.000000e-09 2.707576e-01 1           
135:         1.000000e-09 1.000000e-09 1.000000e-09 1.000000e-09 1.000000e-09 1.000000e+00 1           
136:         1.000000e-09 1.000000e-09 1.000000e-09 1.000000e+00 1.000000e-09 1.000000e-09 1           
137:         1.000000e-09 8.677401e-01 1.000000e-09 1.000000e-09 1.000000e-09 1.322599e-01 1           
138:         1.294155e-01 1.000000e-09 6.172766e-01 1.000000e-09 2.533079e-01 1.000000e-09 1           
139:         1.000000e-09 1.554004e-01 1.146530e-07 8.445995e-01 1.000000e-09 1.000000e-09 1           
140:         1.000000e-09 5.645026e-01 9.182288e-02 7.191260e-02 1.000000e-09 2.717619e-01 1           
141:         1.000000e+00 1.000000e-09 1.000000e-09 1.000000e-09 1.000000e-09 1.000000e-09 1           
142:         1.000000e-09 1.000000e-09 1.696248e-01 8.303752e-01 1.000000e-09 1.000000e-09 1           
143:         1.000000e-09 1.000000e-09 1.000000e-09 1.000000e-09 1.000000e-09 1.000000e+00 1           
144:         1.000000e-09 1.000000e-09 1.000000e-09 1.000000e+00 1.000000e-09 1.000000e-09 1           
145:         1.000000e-09 9.694756e-02 1.000000e-09 9.030524e-01 1.000000e-09 1.000000e-09 1           
146:         1.000000e-09 1.000000e-09 8.513161e-01 1.486839e-01 1.000000e-09 1.000000e-09 1           
147:         4.811877e-01 1.000000e-09 3.405210e-01 1.000000e-09 1.337807e-02 1.649132e-01 1           
148:         2.118571e-01 1.000000e-09 1.000000e-09 7.881429e-01 1.000000e-09 1.000000e-09 1           
149:         1.000000e-09 1.000000e-09 1.000000e-09 1.029803e-02 1.000000e-09 9.897020e-01 1           
150:         1.000000e-09 1.000000e-09 1.000000e-09 1.000000e-09 1.000000e-09 1.000000e+00 1           
151:         1.000000e-09 1.000000e-09 8.584719e-01 1.000000e-09 1.000000e-09 1.415281e-01 1           
152:         1.000000e-09 1.000000e-09 7.600887e-02 1.000000e-09 1.367073e-01 7.872838e-01 1           
153:         1.000000e-09 7.808581e-01 1.000000e-09 1.307812e-03 1.000000e-09 2.178341e-01 1           
154:         1.000000e-09 3.422797e-01 1.000000e-09 1.223743e-01 1.000000e-09 5.353460e-01 1           
155:         1.000000e-09 5.371011e-01 1.000000e-09 8.660236e-02 1.000000e-09 3.762965e-01 1           
156:         1.000000e-09 7.415934e-01 1.000000e-09 2.584065e-01 1.000000e-09 1.045180e-07 1           
157:         1.000000e-09 1.000000e-09 1.000000e-09 1.000000e-09 1.000000e-09 1.000000e+00 1           
158:         1.000000e-09 7.920600e-02 8.823750e-01 1.000000e-09 3.841897e-02 1.000000e-09 1           
159:         4.999870e-03 5.068382e-01 1.575062e-01 1.000000e-09 2.361719e-01 9.448378e-02 1           
160:         1.000000e-09 1.000000e-09 1.000000e-09 1.000000e+00 1.000000e-09 1.000000e-09 1           
161:         3.175736e-01 1.000000e-09 2.918650e-01 1.000000e-09 8.976867e-02 3.007927e-01 1           
162:         3.273808e-02 1.000000e-09 8.518298e-01 1.000000e-09 1.154321e-01 1.000000e-09 1           
163:         1.000000e-09 1.979461e-01 1.000000e-09 8.020539e-01 1.000000e-09 1.000000e-09 1           
164:         1.000000e-09 1.000000e-09 1.000000e-09 1.000000e+00 1.000000e-09 1.000000e-09 1           
165:         1.000000e-09 1.310812e-01 2.579378e-01 1.000000e-09 4.720831e-01 1.388979e-01 1           
166:         1.000000e-09 1.000000e+00 1.000000e-09 1.000000e-09 1.000000e-09 1.000000e-09 1           
167:         1.000000e-09 1.000000e-09 1.000000e-09 1.000000e-09 1.000000e-09 1.000000e+00 1           
168:         3.260439e-01 1.000000e-09 1.987525e-01 4.746164e-02 7.404263e-02 3.536993e-01 1           
169:         1.000000e-09 1.000000e-09 1.000000e-09 1.000000e-09 1.000000e-09 1.000000e+00 1           
170:         3.769889e-01 1.940355e-01 4.289755e-01 1.000000e-09 1.000000e-09 1.000000e-09 1           
171:         3.327714e-01 2.787416e-01 1.000000e-09 1.000000e-09 1.000000e-09 3.884870e-01 1           
172:         1.000000e-09 1.000000e-09 1.000000e-09 1.000000e-09 5.290428e-02 9.470957e-01 1           
173:         1.000000e-09 1.000000e-09 1.000000e-09 9.094554e-01 1.000000e-09 9.054457e-02 1           
174:         1.000000e-09 3.301726e-01 1.000000e-09 1.000000e-09 1.000000e-09 6.698274e-01 1           
175:         1.000000e-09 7.902644e-01 1.000000e-09 2.097356e-01 1.000000e-09 1.000000e-09 1           
176:         1.013858e-01 3.797070e-01 3.945597e-09 5.195755e-02 1.769268e-01 2.900230e-01 1           
177:         1.000000e-09 1.000000e-09 1.000000e-09 1.000000e+00 1.000000e-09 1.000000e-09 1           
178:         1.386873e-01 1.000000e-09 1.000000e-09 5.649188e-02 1.000000e-09 8.048208e-01 1           
179:         1.000000e-09 3.233682e-01 6.076127e-02 1.000000e-09 1.000000e-09 6.158705e-01 1           
180:         1.000000e-09 1.082649e-01 1.000000e-09 1.000000e-09 2.569279e-01 6.348071e-01 1           
181:         1.000000e-09 1.000000e-09 1.000000e-09 1.000000e-09 1.000000e-09 1.000000e+00 1           
182:         1.000000e-09 2.668674e-01 1.000000e-09 1.000000e-09 1.000000e-09 7.331326e-01 1           
183:         1.000000e-09 1.000000e-09 1.000000e-09 1.000000e+00 1.000000e-09 1.000000e-09 1           
184:         2.063625e-02 4.818851e-02 4.822449e-01 4.167274e-01 3.220302e-02 1.000000e-09 1           
185:         1.000000e-09 1.000000e-09 1.000000e-09 1.000000e-09 1.000000e-09 1.000000e+00 1           
186:         1.000000e-09 5.245082e-01 1.000000e-09 1.000000e-09 4.754918e-01 1.000000e-09 1           
187:         8.742577e-01 1.000000e-09 1.000000e-09 1.000000e-09 1.076935e-02 1.149729e-01 1           
188:         8.305111e-01 1.000000e-09 4.699358e-05 1.694419e-01 1.000000e-09 1.000000e-09 1           
189:         2.820898e-03 1.000000e-09 5.372292e-01 1.000000e-09 4.599467e-01 3.204677e-06 1           
190:         1.000000e-09 1.000000e-09 1.000000e-09 1.000000e-09 1.000000e-09 1.000000e+00 1           
191:         1.000000e-09 1.000000e-09 1.000000e-09 1.000000e+00 1.000000e-09 1.000000e-09 1           
192:         4.101407e-01 1.000000e-09 5.331797e-01 1.000000e-09 5.667965e-02 1.000000e-09 1           
193:         1.000000e-09 1.000000e-09 1.000000e-09 1.000000e+00 1.000000e-09 1.000000e-09 1           
194:         5.966827e-02 1.000000e-09 1.000000e-09 1.000000e-09 1.000000e-09 9.403317e-01 1           
195:         1.323936e-01 1.000000e-09 8.676064e-01 1.000000e-09 1.000000e-09 1.000000e-09 1           
196:         3.316864e-08 8.818947e-01 1.000000e-09 1.000000e-09 2.745491e-09 1.181052e-01 1           
197:         1.000000e-09 1.000000e-09 5.524743e-01 4.475257e-01 1.000000e-09 1.000000e-09 1           
198:         1.000000e-09 1.000000e-09 1.000000e-09 1.000000e-09 1.000000e-09 1.000000e+00 1           
199:         2.846205e-01 1.000000e-09 1.000000e-09 1.000000e-09 1.000000e-09 7.153795e-01 1           
200:         1.000000e-09 2.170275e-01 7.829725e-01 1.000000e-09 1.000000e-09 1.000000e-09 1           
201:         1.000000e-09 1.000000e-09 2.653070e-01 1.000000e-09 1.000000e-09 7.346930e-01 1           
202:         1.000000e-09 1.000000e-09 1.000000e-09 1.000000e+00 1.000000e-09 1.000000e-09 1           
203:         1.000000e-09 1.000000e-09 1.000000e-09 1.000000e+00 1.000000e-09 1.000000e-09 1           
204:         1.000000e-09 1.000000e-09 1.000000e-09 1.000000e+00 1.000000e-09 1.000000e-09 1           
205:         1.000000e-09 1.000000e-09 1.000000e-09 3.456432e-01 1.705194e-01 4.838375e-01 1           
206:         7.333174e-02 1.931515e-01 6.023812e-01 1.000000e-09 1.311356e-01 1.000000e-09 1           
207:         1.000000e-09 7.182691e-01 2.817309e-01 1.000000e-09 1.000000e-09 3.846657e-08 1           
208:         1.000000e-09 1.000000e-09 3.078068e-01 6.921932e-01 1.000000e-09 1.000000e-09 1           
209:         1.000000e-09 1.000000e-09 1.000000e-09 1.000000e-09 1.000000e-09 1.000000e+00 1           
210:         1.000000e-09 1.000000e-09 1.000000e-09 1.000000e+00 1.000000e-09 1.000000e-09 1           
211:         1.354866e-01 1.000000e-09 1.000000e-09 8.645134e-01 1.000000e-09 1.000000e-09 1           
212:         1.000000e-09 1.000000e-09 1.000000e+00 1.000000e-09 9.773415e-09 1.000000e-09 1           
213:         1.000000e-09 1.000000e-09 1.000000e-09 1.000000e+00 1.000000e-09 1.000000e-09 1           
214:         2.949225e-01 1.000000e-09 7.050775e-01 2.290036e-08 1.000000e-09 1.000000e-09 1           
215:         1.000000e-09 1.127039e-01 1.000000e-09 8.872961e-01 1.000000e-09 1.000000e-09 1           
216:         1.628901e-01 1.000000e-09 2.254223e-02 1.000000e-09 8.145676e-01 1.000000e-09 1           
217:         1.000000e-09 1.000000e-09 1.000000e-09 1.000000e+00 1.000000e-09 1.000000e-09 1           
218:         5.348064e-01 1.000000e-09 4.191304e-01 1.000000e-09 1.000000e-09 4.606322e-02 1           
219:         3.596373e-01 1.000000e-09 1.000000e-09 3.595583e-02 1.000000e-09 6.044069e-01 1           
220:         3.279348e-02 3.039735e-01 1.000000e-09 6.632330e-01 1.000000e-09 1.000000e-09 1           
221:         1.000000e-09 1.000000e-09 1.000000e-09 1.000000e+00 1.000000e-09 1.000000e-09 1           
222:         1.000000e-09 1.000000e-09 1.000000e-09 1.000000e+00 1.000000e-09 1.000000e-09 1           
223:         1.000000e-09 4.298264e-01 1.000000e-09 1.000000e-09 1.000000e-09 5.701736e-01 1           
224:         1.000000e-09 1.000000e-09 1.000000e-09 1.000000e+00 1.000000e-09 1.000000e-09 1           
225:         1.000000e-09 1.000000e-09 1.000000e-09 1.000000e+00 1.000000e-09 1.000000e-09 1           
226:         2.039144e-01 1.000000e-09 1.000000e-09 7.960856e-01 1.000000e-09 1.000000e-09 1           
227:         1.000000e-09 1.000000e-09 1.000000e-09 1.000000e+00 1.000000e-09 1.000000e-09 1           
228:         1.000000e-09 1.000000e-09 9.236048e-01 1.000000e-09 1.000000e-09 7.639516e-02 1           
229:         1.000000e-09 1.000000e-09 8.123770e-01 1.000000e-09 1.000000e-09 1.876230e-01 1           
230:         1.000000e-09 8.722222e-02 1.000000e-09 1.808584e-01 8.890500e-02 6.430144e-01 1           
                       
                       
1:           1.000000e-09 0.000000001  1.000000e+00 1.000000e-09 1.000000e-09 1.000000e-09 1           
2:           3.502711e-01 0.000000001  1.000000e-09 6.497289e-01 1.000000e-09 1.000000e-09 1           
3:           4.284491e-01 0.000000001  1.000000e-09 5.715509e-01 1.000000e-09 1.000000e-09 1           
4:           4.044823e-01 0.000000001  1.000000e-09 5.955177e-01 1.000000e-09 1.000000e-09 1           
5:           3.096374e-01 0.000000001  1.000000e-09 6.903626e-01 1.000000e-09 1.000000e-09 1           
6:           1.000000e-09 0.558596306  1.000000e-09 1.000000e-09 1.000000e-09 4.414037e-01 1           
7:           1.000000e-09 0.028599007  1.000000e-09 5.076314e-05 1.357558e-02 9.577747e-01 1           
8:           8.664687e-01 0.000000001  1.000000e-09 1.335313e-01 1.000000e-09 1.000000e-09 1           
9:           4.531856e-01 0.000000001  1.000000e-09 5.468144e-01 1.000000e-09 1.000000e-09 1           
10:          1.000000e-09 0.999999995  1.000000e-09 1.000000e-09 1.000000e-09 1.000000e-09 1           
11:          4.577273e-01 0.000000001  1.000000e-09 5.422727e-01 1.000000e-09 1.000000e-09 1           
12:          5.279520e-01 0.000000001  1.000000e-09 4.720480e-01 1.000000e-09 1.000000e-09 1           
13:          4.522760e-01 0.000000001  1.000000e-09 5.477240e-01 1.000000e-09 1.000000e-09 1           
14:          1.000000e-09 0.000000001  1.000000e-09 1.000000e-09 1.000000e+00 1.000000e-09 1           
15:          7.698857e-01 0.000000001  1.000000e-09 2.301143e-01 1.000000e-09 1.000000e-09 1           
16:          1.000000e-09 0.065576948  1.000000e-09 1.000000e-09 6.869927e-02 8.657238e-01 1           
17:          4.648168e-01 0.000000001  1.000000e-09 5.351832e-01 1.000000e-09 1.000000e-09 1           
18:          3.547275e-01 0.000000001  1.000000e-09 6.452725e-01 1.000000e-09 1.000000e-09 1           
19:          3.328305e-02 0.000000001  1.000000e-09 1.000000e-09 1.206249e-01 8.460920e-01 1           
20:          6.098935e-01 0.000000001  1.000000e-09 3.901065e-01 1.000000e-09 1.000000e-09 1           
21:          3.699916e-01 0.000000001  1.000000e-09 6.300084e-01 1.000000e-09 1.000000e-09 1           
22:          4.847131e-01 0.000000001  1.000000e-09 5.152869e-01 1.000000e-09 1.000000e-09 1           
23:          1.000000e-09 0.212537937  1.000000e-09 1.000000e-09 2.615291e-02 7.613091e-01 1           
24:          1.000000e-09 0.104750727  1.000000e-09 9.384325e-03 1.000000e-09 8.858649e-01 1           
25:          3.851516e-01 0.000000001  8.901374e-02 5.258347e-01 1.000000e-09 1.000000e-09 1           
26:          1.000000e-09 0.000000001  1.000000e-09 1.000000e-09 1.000000e+00 1.000000e-09 1           
27:          4.739949e-01 0.000000001  1.000000e-09 5.260051e-01 1.000000e-09 1.000000e-09 1           
28:          1.000000e-09 0.134427136  1.000000e-09 1.000000e-09 1.000000e-09 8.655729e-01 1           
29:          4.232845e-01 0.000000001  6.205013e-08 5.767154e-01 1.000000e-09 1.000000e-09 1           
30:          4.528568e-01 0.000000001  1.000000e-09 5.471432e-01 1.000000e-09 1.000000e-09 1           
31:          1.000000e-09 0.000000001  7.944553e-01 2.055447e-01 1.000000e-09 1.000000e-09 1           
32:          1.012200e-01 0.898780006  1.000000e-09 1.000000e-09 1.000000e-09 1.000000e-09 1           
33:          1.333566e-01 0.160813975  1.000000e-09 4.932442e-03 1.000000e-09 7.008969e-01 1           
34:          1.000000e-09 0.999999995  1.000000e-09 1.000000e-09 1.000000e-09 1.000000e-09 1           
35:          1.021342e-01 0.000000001  1.000000e-09 1.000000e-09 7.743372e-02 8.204320e-01 1           
36:          1.000000e-09 0.000000001  1.000000e-09 1.000000e-09 1.000000e+00 1.000000e-09 1           
37:          1.127982e-01 0.378997362  1.000000e-09 1.000000e-09 2.598147e-01 2.483897e-01 1           
38:          5.586182e-01 0.000000001  1.000000e-09 4.413818e-01 1.000000e-09 1.000000e-09 1           
39:          4.758768e-02 0.092176234  5.521616e-02 1.000000e-09 1.809126e-06 8.050181e-01 1           
40:          1.000000e+00 0.000000001  1.000000e-09 1.000000e-09 1.000000e-09 1.000000e-09 1           
41:          4.797032e-01 0.000000001  1.000000e-09 5.202968e-01 1.000000e-09 1.000000e-09 1           
42:          3.677275e-01 0.000000001  1.000000e-09 6.322725e-01 1.000000e-09 1.000000e-09 1           
43:          4.999677e-01 0.006034690  1.000000e-09 4.700745e-01 1.000000e-09 2.392310e-02 1           
44:          1.717647e-01 0.522313586  1.000000e-09 1.000000e-09 2.619543e-01 4.396746e-02 1           
45:          1.000000e-09 0.000000001  1.000000e-09 1.000000e-09 1.000000e+00 1.000000e-09 1           
46:          4.587893e-01 0.000000001  1.000000e-09 5.412106e-01 1.000000e-09 1.000000e-09 1           
47:          1.000000e-09 0.012131926  8.973328e-02 1.000000e-09 1.000000e-09 8.981348e-01 1           
48:          1.000000e-09 0.775865891  1.000000e-09 1.000000e-09 1.000000e-09 2.241341e-01 1           
49:          1.000000e-09 0.000000001  5.666294e-02 1.000000e-09 2.060283e-01 7.373088e-01 1           
50:          1.000000e-09 0.000000001  1.000000e-09 9.531487e-02 9.046851e-01 1.000000e-09 1           
51:          3.138092e-01 0.000000001  1.000000e-09 6.861908e-01 1.000000e-09 1.000000e-09 1           
52:          5.772768e-01 0.000000001  1.000000e-09 4.227232e-01 1.000000e-09 1.000000e-09 1           
53:          6.927512e-02 0.930724872  1.000000e-09 1.000000e-09 1.000000e-09 1.000000e-09 1           
54:          1.000000e-09 0.000000001  1.000000e+00 1.000000e-09 1.000000e-09 1.000000e-09 1           
55:          1.000000e-09 0.000000001  1.000000e-09 1.216488e-01 1.000000e-09 8.783512e-01 1           
56:          1.000000e-09 0.000000001  1.000000e+00 1.000000e-09 1.000000e-09 1.000000e-09 1           
57:          1.000000e-09 0.999999995  1.000000e-09 1.000000e-09 1.000000e-09 1.000000e-09 1           
58:          1.000000e-09 0.000000001  1.000000e-09 1.000000e-09 1.000000e+00 1.000000e-09 1           
59:          6.019833e-01 0.000000001  1.000000e-09 3.980167e-01 1.000000e-09 1.000000e-09 1           
60:          1.000000e-09 0.933776790  1.000000e-09 6.622321e-02 1.000000e-09 1.000000e-09 1           
61:          1.000000e-09 0.999999995  1.000000e-09 1.000000e-09 1.000000e-09 1.000000e-09 1           
62:          4.537310e-01 0.000000001  1.000000e-09 5.462690e-01 1.000000e-09 1.000000e-09 1           
63:          1.000000e-09 0.417030626  5.535733e-02 1.000000e-09 1.033276e-06 5.276110e-01 1           
64:          1.000000e-09 0.167220186  1.000000e-09 1.000000e-09 2.995222e-08 8.327798e-01 1           
65:          1.683260e-03 0.812696991  1.200993e-01 1.000000e-09 6.552048e-02 1.000000e-09 1           
66:          4.525591e-01 0.000000001  1.000000e-09 5.474409e-01 1.000000e-09 1.000000e-09 1           
67:          1.629220e-01 0.039117108  7.979609e-01 1.000000e-09 1.000000e-09 1.000000e-09 1           
68:          1.000000e-09 0.000000001  1.000000e+00 1.000000e-09 1.000000e-09 1.000000e-09 1           
69:          1.000000e-09 0.999999995  1.000000e-09 1.000000e-09 1.000000e-09 1.000000e-09 1           
70:          1.000000e-09 0.871783302  1.000000e-09 1.000000e-09 1.282167e-01 1.000000e-09 1           
71:          3.628900e-01 0.000000001  1.000000e-09 6.371100e-01 1.000000e-09 1.000000e-09 1           
72:          4.141963e-01 0.000000001  1.175144e-01 4.682893e-01 1.000000e-09 1.000000e-09 1           
73:          5.420994e-01 0.000000001  1.000000e-09 3.969614e-01 1.000000e-09 6.093922e-02 1           
74:          1.000000e-09 0.999999995  1.000000e-09 1.000000e-09 1.000000e-09 1.000000e-09 1           
75:          1.000000e-09 0.841352607  1.000000e-09 1.353829e-01 1.000000e-09 2.326446e-02 1           
76:          1.000000e-09 0.999999995  1.000000e-09 1.000000e-09 1.000000e-09 1.000000e-09 1           
77:          2.866259e-01 0.035986839  1.170220e-02 6.656851e-01 1.000000e-09 1.000000e-09 1           
78:          1.000000e-09 0.000000001  1.000000e+00 1.000000e-09 1.000000e-09 1.000000e-09 1           
79:          1.000000e-09 0.999999995  1.000000e-09 1.000000e-09 1.000000e-09 1.000000e-09 1           
80:          5.435217e-01 0.000000001  1.000000e-09 4.564783e-01 1.000000e-09 1.000000e-09 1           
81:          1.000000e-09 0.000000001  1.000000e+00 1.000000e-09 1.000000e-09 1.000000e-09 1           
82:          1.000000e-09 0.000000001  1.000000e-09 1.000000e-09 1.000000e-09 1.000000e+00 1           
83:          1.685123e-01 0.115514963  1.000000e-09 1.000000e-09 7.483156e-02 6.411412e-01 1           
84:          2.484108e-01 0.676005051  1.719838e-03 1.000000e-09 7.386435e-02 1.000000e-09 1           
85:          1.000000e-09 0.815092856  1.000000e-09 1.000000e-09 1.000000e-09 1.849071e-01 1           
86:          1.000000e-09 0.000000001  1.000000e-09 1.000000e-09 1.000000e-09 1.000000e+00 1           
87:          4.364211e-01 0.200274640  1.000000e-09 3.633042e-01 1.000000e-09 1.000000e-09 1           
88:          1.000000e-09 0.000000001  1.000000e-09 1.000000e-09 7.538781e-02 9.246122e-01 1           
89:          1.000000e-09 0.999999995  1.000000e-09 1.000000e-09 1.000000e-09 1.000000e-09 1           
90:          4.261310e-01 0.000000001  1.000000e-09 5.738690e-01 1.000000e-09 1.000000e-09 1           
91:          1.000000e-09 0.241738108  1.000000e-09 1.000000e-09 1.000000e-09 7.582619e-01 1           
92:          1.000000e-09 0.045012105  1.000000e-09 1.000000e-09 2.341963e-01 7.207916e-01 1           
93:          1.000000e-09 0.000000001  1.000000e+00 1.000000e-09 1.000000e-09 1.000000e-09 1           
94:          1.000000e-09 0.000000001  1.000000e+00 1.000000e-09 1.000000e-09 1.000000e-09 1           
95:          1.000000e-09 0.000000001  1.251382e-01 1.798377e-01 1.663003e-02 6.783942e-01 1           
96:          3.006215e-01 0.000000001  1.000000e-09 6.993785e-01 1.000000e-09 1.000000e-09 1           
97:          1.808669e-01 0.134185877  1.000000e-09 5.045390e-04 8.895423e-02 5.954885e-01 1           
98:          1.000000e-09 0.388189276  1.000000e-09 2.468673e-01 6.269406e-02 3.022494e-01 1           
99:          2.822558e-01 0.000000001  1.000000e-09 1.878895e-01 2.474755e-02 5.051071e-01 1           
100:         8.012478e-01 0.055469004  1.432831e-01 1.000000e-09 1.000000e-09 1.000000e-09 1           
101:         1.000000e+00 0.000000001  1.000000e-09 1.000000e-09 1.000000e-09 1.000000e-09 1           
102:         2.419187e-01 0.000000001  4.644605e-03 7.534367e-01 1.000000e-09 1.000000e-09 1           
103:         1.000000e-09 0.078857372  1.047750e-01 1.000000e-09 3.086875e-01 5.076801e-01 1           
104:         3.376175e-01 0.000000001  3.022476e-01 2.632956e-01 1.000000e-09 9.683934e-02 1           
105:         4.544996e-01 0.000000001  1.000000e-09 3.784868e-01 1.670136e-01 1.000000e-09 1           
106:         6.413068e-01 0.000000001  1.000000e-09 3.586932e-01 1.000000e-09 1.000000e-09 1           
107:         1.000000e+00 0.000000001  1.000000e-09 1.000000e-09 1.000000e-09 1.000000e-09 1           
108:         1.856365e-01 0.000000001  7.027310e-02 7.440904e-01 1.000000e-09 1.000000e-09 1           
109:         1.000000e-09 0.711534400  1.000000e-09 1.000000e-09 1.000000e-09 2.884656e-01 1           
110:         2.826728e-01 0.000000001  3.283588e-02 6.844913e-01 1.000000e-09 1.000000e-09 1           
111:         7.169200e-01 0.000000001  1.000000e-09 2.830800e-01 1.000000e-09 1.000000e-09 1           
112:         1.000000e-09 0.154942896  1.000000e-09 1.000000e-09 6.515216e-02 7.799049e-01 1           
113:         2.013715e-01 0.020009742  1.000000e-09 4.651172e-02 1.000000e-09 7.321070e-01 1           
114:         3.333281e-01 0.267131108  4.813361e-02 1.000000e-09 1.000000e-09 3.514072e-01 1           
115:         1.000000e-09 0.373162226  1.000000e-09 5.338972e-03 5.487066e-09 6.214988e-01 1           
116:         6.553056e-01 0.048359051  7.026614e-02 1.328159e-01 9.325331e-02 1.000000e-09 1           
117:         7.968239e-01 0.000000001  2.031696e-01 6.473194e-06 1.000000e-09 1.000000e-09 1           
118:         1.930197e-01 0.000000001  1.000000e-09 1.000000e-09 1.000000e-09 8.069803e-01 1           
119:         1.000000e-09 0.000000001  1.646545e-01 8.353455e-01 1.000000e-09 1.000000e-09 1           
120:         7.524250e-01 0.000000001  2.475750e-01 1.000000e-09 1.000000e-09 1.000000e-09 1           
121:         4.147668e-01 0.000000001  1.000000e-09 5.361425e-01 4.909065e-02 1.000000e-09 1           
122:         9.391341e-01 0.060865124  1.000000e-09 7.563670e-07 1.000000e-09 1.000000e-09 1           
123:         1.000000e+00 0.000000001  1.000000e-09 1.000000e-09 1.000000e-09 1.000000e-09 1           
124:         1.252157e-01 0.225278467  1.000000e-09 1.000000e-09 4.744220e-01 1.750838e-01 1           
125:         1.000000e-09 0.157408471  1.000000e-09 1.369593e-01 1.120239e-01 5.936083e-01 1           
126:         6.001669e-01 0.000000001  1.000000e-09 3.998331e-01 1.000000e-09 1.000000e-09 1           
127:         1.000000e-09 0.000000001  1.000000e-09 1.365345e-01 1.000000e-09 8.634655e-01 1           
128:         1.000000e-09 0.000000001  1.000000e+00 1.000000e-09 1.000000e-09 1.000000e-09 1           
129:         2.248247e-01 0.000000001  1.000000e-09 7.751753e-01 1.000000e-09 1.000000e-09 1           
130:         1.000000e-09 0.000000001  8.289106e-01 1.000000e-09 1.710894e-01 1.000000e-09 1           
131:         3.609188e-01 0.000000001  1.000000e-09 6.390812e-01 1.000000e-09 1.000000e-09 1           
132:         1.000000e-09 0.000000001  1.000000e-09 1.000000e-09 1.000000e+00 1.000000e-09 1           
133:         2.039602e-01 0.000000001  6.875226e-01 1.085172e-01 1.000000e-09 1.000000e-09 1           
134:         2.112365e-01 0.000000001  7.874365e-01 1.327035e-03 1.000000e-09 1.000000e-09 1           
135:         9.653457e-01 0.000000001  3.465430e-02 1.000000e-09 1.000000e-09 1.000000e-09 1           
136:         1.000000e-09 0.000000001  1.000000e+00 1.000000e-09 1.000000e-09 1.000000e-09 1           
137:         4.516639e-01 0.000000001  1.000000e-09 5.483361e-01 1.000000e-09 1.000000e-09 1           
138:         1.000000e-09 0.108962684  1.000000e-09 1.000000e-09 2.439416e-01 6.470957e-01 1           
139:         1.000000e-09 0.000000001  7.256233e-01 2.743767e-01 1.000000e-09 1.000000e-09 1           
140:         4.739657e-01 0.000000001  7.525728e-02 3.042215e-01 1.000000e-09 1.465556e-01 1           
141:         1.000000e-09 0.999999995  1.000000e-09 1.000000e-09 1.000000e-09 1.000000e-09 1           
142:         1.000000e-09 0.000000001  8.284210e-01 1.000000e-09 1.000000e-09 1.715790e-01 1           
143:         1.000000e+00 0.000000001  1.000000e-09 1.000000e-09 1.000000e-09 1.000000e-09 1           
144:         1.000000e-09 0.000000001  9.998552e-01 1.447853e-04 1.000000e-09 1.000000e-09 1           
145:         1.000000e-09 0.000000001  8.129203e-01 1.870797e-01 1.000000e-09 1.000000e-09 1           
146:         1.000000e-09 0.000000001  1.526157e-01 1.000000e-09 1.000000e-09 8.473843e-01 1           
147:         1.713830e-01 0.468438906  1.000000e-09 1.000000e-09 1.260528e-02 3.475728e-01 1           
148:         1.000000e-09 0.211609278  7.883907e-01 1.000000e-09 1.000000e-09 1.000000e-09 1           
149:         6.993539e-01 0.000000001  3.006461e-01 1.000000e-09 1.000000e-09 1.000000e-09 1           
150:         1.000000e+00 0.000000001  1.000000e-09 1.000000e-09 1.000000e-09 1.000000e-09 1           
