0.00000000099999999926 0.00000000099999999926 0.99999999200000011523 0.00000000099999999926 0.00000000099999999926 0.00000000099999999926 0.00000000099999999926 0.00000000099999999926 0.00000000099999999926 
0.00000000099999999951 0.38223957445037320957 0.00000000099999999951 0.00000000099999999951 0.00000000099999999951 0.00000000099999999951 0.00000000099999999951 0.61776041854962659983 0.00000000099999999951 
0.00000000099999999894 0.00000000099999999894 0.00000000099999999894 0.00000000099999999894 0.00000000099999999894 0.00000000099999999894 0.99999999199999989319 0.00000000099999999894 0.00000000099999999894 
0.00000000099999999942 0.50923320467559296532 0.00000000099999999942 0.00000000099999999942 0.00000000099999999942 0.00000000099999999942 0.00000000637984376318 0.49076678294456343998 0.00000000099999999942 
0.00000000099999999950 0.40899096279779145746 0.00000000099999999950 0.00000000099999999950 0.00000000099999999950 0.00000000099999999950 0.00000000099999999950 0.59100903020220829642 0.00000000099999999950 
0.25613486952735003976 0.00000000099999999981 0.00000000099999999981 0.18344870896808163074 0.00000000099999999981 0.00000000099999999981 0.00000000099999999981 0.00000000099999999981 0.56041641550456822163 
0.52253198376614662379 0.00009033004796589276 0.00000000099999999991 0.40105262457358303863 0.00000000099999999991 0.00157649696336940111 0.03840226351003387523 0.00000000099999999991 0.03634629813890107031 
0.00000000099999999958 0.17408473623412099029 0.00000000099999999958 0.00000000099999999958 0.82591525676587906890 0.00000000099999999958 0.00000000099999999958 0.00000000099999999958 0.00000000099999999958 
0.00000000099999999923 0.00000000099999999923 0.00000000099999999923 0.00000000099999999923 0.00000000099999999923 0.00000000099999999923 0.99999999199999989319 0.00000000099999999923 0.00000000099999999923 
0.00000000099999999939 0.00000000099999999939 0.00000000099999999939 0.00000000099999999939 0.00000000099999999939 0.00000000099999999939 0.00000000099999999939 0.00000000099999999939 0.99999999200000000421 
0.00000000099999999954 0.27941794483328524779 0.00000000099999999954 0.00000000099999999954 0.00000000099999999954 0.00000000099999999954 0.29814657150011286690 0.42243547766660166642 0.00000000099999999954 
0.00000000099999999957 0.32647206443547299726 0.00000000099999999957 0.00000000099999999957 0.05708354331598140124 0.00000000099999999957 0.00000000099999999957 0.61644438624854536179 0.00000000099999999957 
0.00000000099999999954 0.42630531160676138347 0.00000000099999999954 0.00000000099999999954 0.00000033974400701924 0.00000000099999999954 0.00000000099999999954 0.57369434264923147015 0.00000000099999999954 
0.00000000099999999936 0.00000000099999999936 0.00000000099999999936 0.00000000099999999936 0.00000000099999999936 0.99999999200000011523 0.00000000099999999936 0.00000000099999999936 0.00000000099999999936 
0.00000000099999999963 0.08179517758701518315 0.00000000099999999963 0.00000000099999999963 0.54648585035369778851 0.00000000099999999963 0.27819055802773462460 0.09352840903155230923 0.00000000099999999963 
0.00000000099999999949 0.00000000099999999949 0.00000000099999999949 0.99999999200000011523 0.00000000099999999949 0.00000000099999999949 0.00000000099999999949 0.00000000099999999949 0.00000000099999999949 
0.00000000099999999971 0.49584452985447902140 0.00000000099999999971 0.00000000099999999971 0.00000303178229584859 0.00000000099999999971 0.00000000099999999971 0.50415243236322493381 0.00000000099999999971 
0.00000000099999999947 0.35857858823296390183 0.00000000099999999947 0.00000000099999999947 0.00000000099999999947 0.00000000099999999947 0.06365635649993300893 0.57776504926710281485 0.00000000099999999947 
0.34699125236517291970 0.00000000099999999988 0.00000000099999999988 0.53994242858561192211 0.00000000099999999988 0.11306631304921520298 0.00000000099999999988 0.00000000099999999988 0.00000000099999999988 
0.00000000099999999959 0.25856646044171394117 0.00000000099999999959 0.00000000099999999959 0.20393132997417812158 0.00000000099999999959 0.04631219844928494839 0.49119000613482299844 0.00000000099999999959 
0.00000000099999999963 0.43741369724080408909 0.00000000099999999963 0.00000000099999999963 0.00000000099999999963 0.00000000099999999963 0.32261484475164664554 0.23997145200754918526 0.00000000099999999963 
0.00000000099999999950 0.00000000099999999950 0.00000000099999999950 0.00000000099999999950 0.00000000099999999950 0.00000000099999999950 0.99999999199999989319 0.00000000099999999950 0.00000000099999999950 
0.00000000099999999969 0.00000000099999999969 0.00000000099999999969 0.92673112377865463074 0.00000000099999999969 0.00000000099999999969 0.00000000099999999969 0.00000000099999999969 0.07326886922134544233 
0.47420201410543383336 0.01308449118731772921 0.00000000099999999987 0.41733058997849686866 0.00000000099999999987 0.00000000099999999987 0.00000000099999999987 0.00000000099999999987 0.09538289972875167722 
0.00000000099999999977 0.11210033228834721808 0.00000000099999999977 0.00000000099999999977 0.03326576298430426737 0.00000000099999999977 0.54779393025830658281 0.30683996946904179559 0.00000000099999999977 
0.00000000099999999900 0.00000000099999999900 0.00000000099999999900 0.00000000099999999900 0.00000000099999999900 0.99999999200000000421 0.00000000099999999900 0.00000000099999999900 0.00000000099999999900 
0.00000000099999999966 0.19144411930704069436 0.00000000099999999966 0.00000000099999999966 0.02139931419837899293 0.00000000099999999966 0.21958408089363679050 0.56757248060094356301 0.00000000099999999966 
0.34861148384284285084 0.00000000099999999988 0.00000000099999999988 0.55482953044721305957 0.00000000099999999988 0.00000000099999999988 0.00000000099999999988 0.00000000099999999988 0.09655897970994417601 
0.00000000099999999973 0.49273815260338893474 0.00000000099999999973 0.00000000099999999973 0.00000000099999999973 0.00000000099999999973 0.00000000099999999973 0.50726184039661093017 0.00000000099999999973 
0.00000000099999999958 0.30409887221880899100 0.00000000099999999958 0.00000000099999999958 0.00000000099999999958 0.00000000099999999958 0.00000000099999999958 0.69590112078119081840 0.00000000099999999958 
0.17171102147966443852 0.00000000099999999968 0.81726930252573581903 0.00000000099999999968 0.00000000099999999968 0.00000000099999999968 0.00000000099999999968 0.01101966999459991214 0.00000000099999999968 
0.00000000099999999981 0.00000000099999999981 0.00000000099999999981 0.00000000099999999981 0.07375166874113411875 0.00000000099999999981 0.00000000099999999981 0.00000000099999999981 0.92624832425886582943 
0.24239805880364551083 0.17608817727601999703 0.00000000099999999989 0.39657336112588525978 0.00000000099999999989 0.00000000099999999989 0.00000000099999999989 0.00000000099999999989 0.18494039779444948479 
0.00000000099999999954 0.00000000099999999954 0.00000000099999999954 0.00000000099999999954 0.00000000099999999954 0.00000000099999999954 0.00000000099999999954 0.00000000099999999954 0.99999999200000000421 
0.05745535905223790596 0.05105891180152770381 0.00000000099999999982 0.89148572314623453217 0.00000000099999999982 0.00000000099999999982 0.00000000099999999982 0.00000000099999999982 0.00000000099999999982 
0.00000000099999999907 0.00000000099999999907 0.00000000099999999907 0.00000000099999999907 0.00000000099999999907 0.99999999200000011523 0.00000000099999999907 0.00000000099999999907 0.00000000099999999907 
0.17215340552368124660 0.00000000099999999994 0.00000000099999999994 0.00000000099999999994 0.12710233140021975906 0.29510760206924968596 0.00000000099999999994 0.00000000099999999994 0.40563665600684939427 
0.00000000099999999984 0.35512346313388859498 0.00000000099999999984 0.00000000099999999984 0.27187905966082681619 0.00000000099999999984 0.37299747120528459199 0.00000000099999999984 0.00000000099999999984 
0.33461607335113302542 0.00000000099999999996 0.01828313151701168801 0.51247755570986841533 0.04873521926835543139 0.00000000099999999996 0.00000000099999999996 0.02917466199473441740 0.05671335515889722179 
0.00000000099999999982 0.00000000099999999982 0.00000000099999999982 0.00000000099999999982 0.99885519594536875676 0.00000000099999999982 0.00114479705463136662 0.00000000099999999982 0.00000000099999999982 
0.00000000099999999972 0.23946492504897104459 0.00000000099999999972 0.00000000099999999972 0.03453589948318062930 0.00000000099999999972 0.58479531940996754003 0.14120385105788069158 0.00000000099999999972 
0.00000000099999999974 0.32695972469855816289 0.00000000099999999974 0.00000000099999999974 0.00000000099999999974 0.00000000099999999974 0.29503482335289243910 0.37800544594854929015 0.00000000099999999974 
0.03068051972703634070 0.13102469363478677633 0.00000000099999999989 0.00000000099999999989 0.23684915985157733997 0.00000000099999999989 0.00000000310820030681 0.60144561967839926808 0.00000000099999999989 
0.03628328342889332314 0.00000000099999999992 0.00000000099999999992 0.00000000099999999992 0.00000000099999999992 0.22317764097875139595 0.16959587521307387115 0.00000000099999999992 0.57094319537928139852 
0.00000000099999999941 0.00000000099999999941 0.00000000099999999941 0.00000000099999999941 0.00000000099999999941 0.99999999200000011523 0.00000000099999999941 0.00000000099999999941 0.00000000099999999941 
0.00000000099999999981 0.00000000099999999981 0.00000000099999999981 0.00000000099999999981 0.00000000099999999981 0.00000000099999999981 0.59824319765965627838 0.40175679534034347551 0.00000000099999999981 
0.07321409320894223249 0.06809749168917482443 0.00000000099999999987 0.85868840910188304338 0.00000000099999999987 0.00000000099999999987 0.00000000099999999987 0.00000000099999999987 0.00000000099999999987 
0.18172156334662825650 0.00000000099999999983 0.00000000099999999983 0.00000000099999999983 0.00000000099999999983 0.00000000099999999983 0.00000000099999999983 0.00000000099999999983 0.81827842965337160841 
0.48078547254117848242 0.00000000099999999991 0.02908883559402811181 0.29044237317032467471 0.00000000099999999991 0.19968331369446865042 0.00000000099999999991 0.00000000099999999991 0.00000000099999999991 
0.13535995709936149423 0.00000000099999999956 0.00000000099999999956 0.00000000099999999956 0.00000000099999999956 0.86464003590063853721 0.00000000099999999956 0.00000000099999999956 0.00000000099999999956 
0.00000000099999999946 0.00000000099999999946 0.00000000099999999946 0.00000000099999999946 0.00000000099999999946 0.00000000099999999946 0.99999999200000000421 0.00000000099999999946 0.00000000099999999946 
0.00000000099999999974 0.49677281324600747192 0.00000000099999999974 0.00000000099999999974 0.21891598861610392368 0.00000000099999999974 0.00000000099999999974 0.28431119213788852429 0.00000000099999999974 
0.00000000099999999977 0.00000000099999999977 0.00000000099999999977 0.00000000099999999977 0.00000000099999999977 0.00000000099999999977 0.00000000099999999977 0.00000000099999999977 0.99999999200000000421 
0.00000000099999999981 0.00000000099999999981 0.99999999200000011523 0.00000000099999999981 0.00000000099999999981 0.00000000099999999981 0.00000000099999999981 0.00000000099999999981 0.00000000099999999981 
0.99999999200000011523 0.00000000099999999959 0.00000000099999999959 0.00000000099999999959 0.00000000099999999959 0.00000000099999999959 0.00000000099999999959 0.00000000099999999959 0.00000000099999999959 
0.00000000099999999981 0.00000000099999999981 0.99999999200000000421 0.00000000099999999981 0.00000000099999999981 0.00000000099999999981 0.00000000099999999981 0.00000000099999999981 0.00000000099999999981 
0.00000000099999999961 0.00000000099999999961 0.00000000099999999961 0.00000000099999999961 0.00000000099999999961 0.00000000099999999961 0.00000000099999999961 0.00000000099999999961 0.99999999200000000421 
0.00000000099999999944 0.00000000099999999944 0.00000000099999999944 0.00000000099999999944 0.00000000099999999944 0.99999999200000011523 0.00000000099999999944 0.00000000099999999944 0.00000000099999999944 
0.00000000099999999981 0.46616328143315988175 0.00000000099999999981 0.00000000099999999981 0.18226992801842059611 0.00000000099999999981 0.00000000099999999981 0.35156678454841944204 0.00000000099999999981 
0.00000000099999999970 0.08397871167654635816 0.00000000099999999970 0.00000000099999999970 0.00000000099999999970 0.00000000099999999970 0.00000000099999999970 0.00000000099999999970 0.91602128132345372880 
0.00000000099999999959 0.00000000099999999959 0.00000000099999999959 0.00000000099999999959 0.00000000099999999959 0.00000000099999999959 0.00000000099999999959 0.00000000099999999959 0.99999999199999989319 
0.00000000099999999977 0.55741684523429846365 0.00000000099999999977 0.00000000099999999977 0.00000000099999999977 0.00000000099999999977 0.12056743930495808503 0.32201570946074348223 0.00000000099999999977 
0.40656768677393018141 0.00530937716806484904 0.01179594093956225047 0.09020912114989879105 0.05256739742415406091 0.00000000099999999994 0.00000000099999999994 0.00000000099999999994 0.43355047354438996932 
0.18004789941551085919 0.00008352981482168238 0.00000000099999999985 0.73880130646989938814 0.00000000099999999985 0.00000000099999999985 0.00000000099999999985 0.00000000099999999985 0.08106725929976810185 
0.00000000099999999981 0.00000000099999999981 0.08517807844961418351 0.00000000099999999981 0.12621421341611510636 0.06185883040204571276 0.00000000099999999981 0.00000000099999999981 0.72674887273222499307 
0.00000000099999999984 0.68535179791069633648 0.00000000099999999984 0.00000000099999999984 0.04286688995478264708 0.00000000099999999984 0.00000000099999999984 0.27178130613452111675 0.00000000099999999984 
0.00000000099999999985 0.00000000099999999985 0.91808927136943796476 0.00000000099999999985 0.00000000099999999985 0.00000000099999999985 0.00000000099999999985 0.00000000099999999985 0.08191072163056212219 
0.00000000099999999967 0.00000000099999999967 0.99999999200000000421 0.00000000099999999967 0.00000000099999999967 0.00000000099999999967 0.00000000099999999967 0.00000000099999999967 0.00000000099999999967 
0.00000000099999999976 0.00000000099999999976 0.00000000099999999976 0.00000000099999999976 0.00000000099999999976 0.00000000099999999976 0.00000000099999999976 0.00000000099999999976 0.99999999200000000421 
0.00000000099999999982 0.00000000099999999982 0.00000000099999999982 0.00000000099999999982 0.00000000099999999982 0.14240204785691046308 0.00000000099999999982 0.00000000099999999982 0.85759794514308951285 
0.01475569713437217302 0.41904242370736138890 0.00000000099999999983 0.00000000099999999983 0.00000000099999999983 0.00000000099999999983 0.00000000099999999983 0.56620187315826631114 0.00000000099999999983 
0.00000000099999999990 0.14616703843612710578 0.03004526042268902686 0.00000000099999999990 0.06845096716678014670 0.00000000099999999990 0.70969187180416415384 0.04564485817023957587 0.00000000099999999990 
0.00000000099999999991 0.26367400797665596635 0.00000000467574176633 0.07019623634735307205 0.00299978662871465710 0.00000000099999999991 0.24834580573322401209 0.41478415563831033674 0.00000000099999999991 
0.00000000099999999979 0.00000023698345051811 0.00000000099999999979 0.00000000099999999979 0.00000000099999999979 0.00000000099999999979 0.00000000099999999979 0.00000000099999999979 0.99999975601654933488 
0.00000000099999999984 0.00000000099999999984 0.00000000099999999984 0.22313811002493252889 0.00000000099999999984 0.00000000099999999984 0.08306333185328661217 0.00000000099999999984 0.69379855212178087598 
0.00000000099999999956 0.00000000099999999956 0.00000000099999999956 0.00000000099999999956 0.00000000099999999956 0.00000000099999999956 0.00000000099999999956 0.00000000099999999956 0.99999999199999989319 
0.00000000099999999982 0.96174334394070148946 0.00000000099999999982 0.00000000099999999982 0.00000000099999999982 0.00000000099999999982 0.00000000099999999982 0.00000000099999999982 0.03825664905929858361 
0.00000000099999999963 0.00000000099999999963 0.99999999200000011523 0.00000000099999999963 0.00000000099999999963 0.00000000099999999963 0.00000000099999999963 0.00000000099999999963 0.00000000099999999963 
0.00000000099999999962 0.00000000099999999962 0.00000000099999999962 0.00000000099999999962 0.00000000099999999962 0.00000000099999999962 0.00000000099999999962 0.00000000099999999962 0.99999999200000000421 
0.00000000099999999985 0.52708383146528337004 0.00000000099999999985 0.00000000099999999985 0.10150588781892576351 0.00000000099999999985 0.00000000099999999985 0.37141027471579096675 0.00000000099999999985 
0.00000000099999999973 0.00000000099999999973 0.99999999200000000421 0.00000000099999999973 0.00000000099999999973 0.00000000099999999973 0.00000000099999999973 0.00000000099999999973 0.00000000099999999973 
0.25458611385187418508 0.00000000099999999983 0.00000000099999999983 0.74541387914812584636 0.00000000099999999983 0.00000000099999999983 0.00000000099999999983 0.00000000099999999983 0.00000000099999999983 
0.81894350043245667248 0.00000000099999999985 0.00000000099999999985 0.00000000099999999985 0.18105649256754338672 0.00000000099999999985 0.00000000099999999985 0.00000000099999999985 0.00000000099999999985 
0.00000000099999999979 0.00000000099999999979 0.00000000099999999979 0.00000000099999999979 0.28177051573217137825 0.05929995736858282435 0.00000000099999999979 0.00000000099999999979 0.65892952089924561321 
0.15184452199741468870 0.00000000099999999988 0.00000000099999999988 0.00000000099999999988 0.00000000099999999988 0.00000000099999999988 0.00000000099999999988 0.00000000099999999988 0.84815547100258525948 
0.86999945394724464975 0.00000000099999999992 0.01955332661181794635 0.11044721344093749726 0.00000000099999999992 0.00000000099999999992 0.00000000099999999992 0.00000000099999999992 0.00000000099999999992 
0.00000000099999999984 0.34595662385062331268 0.00000000099999999984 0.00000000099999999984 0.04141282427933241916 0.00000000099999999984 0.00000000099999999984 0.38380687761540410730 0.22882366925464001084 
0.85176473760479010089 0.10947897508690090929 0.00000000099999999990 0.00674806786539289705 0.03200821444291604423 0.00000000099999999990 0.00000000099999999990 0.00000000099999999990 0.00000000099999999990 
0.00000000099999999974 0.00000000099999999974 0.00000000099999999974 0.00000000099999999974 0.00000000099999999974 0.00000000099999999974 0.00000000099999999974 0.00000000099999999974 0.99999999200000000421 
0.00000000099999999980 0.31583657953436672372 0.00000000099999999980 0.00000000099999999980 0.00000000099999999980 0.00000000099999999980 0.00000000099999999980 0.68416341346563291914 0.00000000099999999980 
0.63179604012747980768 0.00000000099999999990 0.00000000099999999990 0.13369543723382393274 0.00000000099999999990 0.00000000099999999990 0.00000000099999999990 0.00000000099999999990 0.23450851663869637376 
0.14405158142581753200 0.00000000099999999992 0.00000000099999999992 0.57898787503261539555 0.00000000099999999992 0.16339205732840114682 0.11356848121316596989 0.00000000099999999992 0.00000000099999999992 
0.00000000099999999982 0.04756839854678856366 0.95243159445321157186 0.00000000099999999982 0.00000000099999999982 0.00000000099999999982 0.00000000099999999982 0.00000000099999999982 0.00000000099999999982 
0.00000000099999999954 0.00000000099999999954 0.99999999200000000421 0.00000000099999999954 0.00000000099999999954 0.00000000099999999954 0.00000000099999999954 0.00000000099999999954 0.00000000099999999954 
0.79596415173652290687 0.00000000099999999992 0.09377079199209958915 0.00000000099999999992 0.00000000099999999992 0.00000000099999999992 0.11026505027137757653 0.00000000099999999992 0.00000000099999999992 
0.00000000099999999977 0.91755490807554129784 0.00000000099999999977 0.00000000099999999977 0.00000000099999999977 0.00000000099999999977 0.08244508492445869197 0.00000000099999999977 0.00000000099999999977 
0.00000000099999999991 0.01912611852349737490 0.00000000099999999991 0.81738529780206603537 0.10589880318668314085 0.00000000099999999991 0.00000000099999999991 0.00000000099999999991 0.05758977548775341682 
0.48989036213189601776 0.18311730804656431437 0.00000000099999999991 0.00000000099999999991 0.00000000099999999991 0.06697477360613852959 0.00000000099999999991 0.00000000099999999991 0.26001755121540126581 
0.71085192271795105690 0.00000000099999999991 0.00000000099999999991 0.00000000099999999991 0.10116029349447265562 0.00000000099999999991 0.18798777778757633228 0.00000000099999999991 0.00000000099999999991 
0.00000000099999999989 0.00000000099999999989 0.21945682298122670684 0.00000000099999999989 0.41796950876504695982 0.00000000099999999989 0.00000000099999999989 0.35139848040192483980 0.01117518285180150485 
0.00000000099999999988 0.00000000099999999988 0.00000000099999999988 0.00000000099999999988 0.78257463822365502804 0.00000000099999999988 0.00000000099999999988 0.21742535477634497565 0.00000000099999999988 
0.00000000099999999992 0.00000000099999999992 0.00000000099999999992 0.00000000099999999992 0.00000000099999999992 0.00000000099999999992 0.00000000099999999992 0.99999999200000000421 0.00000000099999999992 
0.00000000099999999987 0.00000000099999999987 0.07995591181150069060 0.79290591371985530422 0.00000000099999999987 0.12713816846864400834 0.00000000099999999987 0.00000000099999999987 0.00000000099999999987 
0.00000000099999999992 0.38294237736162844987 0.19826511857342066225 0.10279460597598863436 0.12147346129804967307 0.00000000099999999992 0.00000000099999999992 0.19452443279091255479 0.00000000099999999992 
0.00000000099999999993 0.00000000099999999993 0.00000000099999999993 0.07797669816116768737 0.00000000099999999993 0.09320004589164955500 0.60341172492681394157 0.22541152602036867991 0.00000000099999999993 
0.00000000099999999981 0.00000000099999999981 0.00000000099999999981 0.00000000099999999981 0.25463313359886063925 0.00000000099999999981 0.14065779735692232610 0.60470906304421701005 0.00000000099999999981 
0.00000000099999999969 0.00000000099999999969 0.00000000099999999969 0.00000000099999999969 0.99999999200000011523 0.00000000099999999969 0.00000000099999999969 0.00000000099999999969 0.00000000099999999969 
0.00000000099999999981 0.99999999200000022626 0.00000000099999999981 0.00000000099999999981 0.00000000099999999981 0.00000000099999999981 0.00000000099999999981 0.00000000099999999981 0.00000000099999999981 
0.20740217019120418818 0.15493653887829381133 0.00000000099999999994 0.00000896597880772251 0.00000000099999999994 0.00000000099999999994 0.00000000099999999994 0.00000000099999999994 0.63765231995169424639 
0.00000000099999999982 0.51787113696563014109 0.00000166225114982172 0.00000000099999999982 0.00000000099999999982 0.00000000099999999982 0.11346660139259183431 0.36866059439062820458 0.00000000099999999982 
0.00000000099999999984 0.00116500998581516978 0.00000000099999999984 0.00000000099999999984 0.36491063843896798247 0.00000000099999999984 0.63392434557521681882 0.00000000099999999984 0.00000000099999999984 
0.87384293518014655167 0.00000000099999999992 0.00000000099999999992 0.00000000099999999992 0.00000000099999999992 0.00000000099999999992 0.00000000099999999992 0.00000000099999999992 0.12615705781985361855 
0.15333123885301036537 0.00000000099999999993 0.00000000099999999993 0.52932762837321412075 0.00000000099999999993 0.00000000099999999993 0.00000000099999999993 0.31734112677377551703 0.00000000099999999993 
0.00000000099999999994 0.00000000099999999994 0.00000000099999999994 0.60477516886400262131 0.32576900103868239311 0.00000000099999999994 0.06945582409731514140 0.00000000099999999994 0.00000000099999999994 
0.00000000099999999993 0.08266714189100629606 0.00000000099999999993 0.72980572079756023118 0.00000000099999999993 0.00000000099999999993 0.00000000099999999993 0.00000000099999999993 0.18752713131143353142 
0.00000000099999999988 0.00000000099999999988 0.00000000099999999988 0.00000000099999999988 0.74286037759073386688 0.00000000099999999988 0.00000000099999999988 0.25713961540926610905 0.00000000099999999988 
0.00000000099999999985 0.00000000099999999985 0.08758046228174237724 0.00000000099999999985 0.69833811069978724007 0.00000000099999999985 0.00000000099999999985 0.21408142101847049688 0.00000000099999999985 
0.00000000099999999990 0.10643431286370295952 0.00000000099999999990 0.79294106985109868990 0.10062461128519838149 0.00000000099999999990 0.00000000099999999990 0.00000000099999999990 0.00000000099999999990 
0.00000000099999999987 0.00000000099999999987 0.00000000099999999987 0.00000000099999999987 0.00000000099999999987 0.00000000099999999987 0.00000000099999999987 0.99999999199999989319 0.00000000099999999987 
0.00000000099999999989 0.00000000099999999989 0.16236177446701480220 0.00000000099999999989 0.42568065301615964913 0.00000000099999999989 0.41195756651682574612 0.00000000099999999989 0.00000000099999999989 
0.00000000099999999991 0.47922257191460759795 0.00000000099999999991 0.00000000099999999991 0.00000000099999999991 0.04542900741940381765 0.00000000099999999991 0.47534841466598837245 0.00000000099999999991 
0.00000000099999999994 0.00000000099999999994 0.00000000099999999994 0.00000000099999999994 0.42413211412879614493 0.00000000099999999994 0.50744884421426450505 0.00000000099999999994 0.06841903565693940870 
0.00000000099999999974 0.00000000099999999974 0.00000000099999999974 0.00000000099999999974 0.99999999200000011523 0.00000000099999999974 0.00000000099999999974 0.00000000099999999974 0.00000000099999999974 
0.00000000099999999990 0.00000000099999999990 0.00000000099999999990 0.45547306563892042686 0.05738205511736169800 0.44277124505494341866 0.00000000099999999990 0.00000000099999999990 0.04437362918877459095 
0.48541786344493315086 0.00000000099999999995 0.00000000099999999995 0.10123360863339425642 0.00000000099999999995 0.16292308421391460405 0.00000000099999999995 0.13925581834981820561 0.11116962135793981292 
0.00000000099999999987 0.00000000099999999987 0.00000000099999999987 0.00000000099999999987 0.33626657999579773195 0.00000000099999999987 0.34426627827710437613 0.31946713572709778406 0.00000000099999999987 
0.99999999200000022626 0.00000000099999999976 0.00000000099999999976 0.00000000099999999976 0.00000000099999999976 0.00000000099999999976 0.00000000099999999976 0.00000000099999999976 0.00000000099999999976 
0.00000000099999999972 0.00000000099999999972 0.99999999200000000421 0.00000000099999999972 0.00000000099999999972 0.00000000099999999972 0.00000000099999999972 0.00000000099999999972 0.00000000099999999972 
0.00000000099999999972 0.99999999200000022626 0.00000000099999999972 0.00000000099999999972 0.00000000099999999972 0.00000000099999999972 0.00000000099999999972 0.00000000099999999972 0.00000000099999999972 
0.00000000099999999987 0.00000000099999999987 0.79424832547035273400 0.00000000099999999987 0.00000000099999999987 0.00000000099999999987 0.20575166752964718642 0.00000000099999999987 0.00000000099999999987 
0.00000000099999999976 0.99999999200000022626 0.00000000099999999976 0.00000000099999999976 0.00000000099999999976 0.00000000099999999976 0.00000000099999999976 0.00000000099999999976 0.00000000099999999976 
0.00000000099999999965 0.00000000099999999965 0.00000000099999999965 0.00000000099999999965 0.00000000099999999965 0.99999999200000011523 0.00000000099999999965 0.00000000099999999965 0.00000000099999999965 
0.00000000099999999995 0.13166133835347304526 0.73674061464670670407 0.00000000099999999995 0.00000000099999999995 0.00000000099999999995 0.00000000099999999995 0.13159804099982039260 0.00000000099999999995 
0.00000000099999999990 0.00000000099999999990 0.73047948155877140408 0.00000000099999999990 0.10066166238203919092 0.00000000099999999990 0.00000000099999999990 0.16885885005918940815 0.00000000099999999990 
0.00000000099999999990 0.00000000099999999990 0.00000000099999999990 0.00000000099999999990 0.85767161201300734508 0.00000000099999999990 0.00000000099999999990 0.14232838098699265861 0.00000000099999999990 
0.00000000099999999986 0.00000000099999999986 0.99999999200000000421 0.00000000099999999986 0.00000000099999999986 0.00000000099999999986 0.00000000099999999986 0.00000000099999999986 0.00000000099999999986 
0.00000000099999999990 0.22575578856790304294 0.00000000099999999990 0.00000000099999999990 0.03535474355197146951 0.00000000099999999990 0.30587507795911983433 0.43301438492100546851 0.00000000099999999990 
0.23077330986492372578 0.00000000099999999994 0.00000000099999999994 0.52388045530883764478 0.00000000099999999994 0.19641832981077475551 0.00000000099999999994 0.00000000099999999994 0.04892790001546382106 
0.11836409781510623396 0.18691871990922753755 0.69471717627566631492 0.00000000099999999982 0.00000000099999999982 0.00000000099999999982 0.00000000099999999982 0.00000000099999999982 0.00000000099999999982 
0.00000000099999999994 0.01903469291608667069 0.00000000099999999994 0.26233748059853218004 0.13970099984074216271 0.00000000099999999994 0.00000000099999999994 0.57892682164463882266 0.00000000099999999994 
0.00000000099999999982 0.00000000099999999982 0.00000000099999999982 0.00000000099999999982 0.00000000099999999982 0.00000000099999999982 0.00000000099999999982 0.00000000099999999982 0.99999999200000000421 
0.14772022465658166124 0.03145537814088960465 0.82082439120252881359 0.00000000099999999989 0.00000000099999999989 0.00000000099999999989 0.00000000099999999989 0.00000000099999999989 0.00000000099999999989 
0.00000000099999999985 0.00000000099999999985 0.00000000099999999985 0.00000000099999999985 0.86810698407103104035 0.00000000099999999985 0.00000000099999999985 0.13189300892896904660 0.00000000099999999985 
0.00000000099999999989 0.00000000099999999989 0.99999999200000011523 0.00000000099999999989 0.00000000099999999989 0.00000000099999999989 0.00000000099999999989 0.00000000099999999989 0.00000000099999999989 
0.00000000099999999983 0.23431112637139248078 0.76568886662860768944 0.00000000099999999983 0.00000000099999999983 0.00000000099999999983 0.00000000099999999983 0.00000000099999999983 0.00000000099999999983 
0.00000000099999999987 0.00000000099999999987 0.16032093246438935963 0.83967906053561058854 0.00000000099999999987 0.00000000099999999987 0.00000000099999999987 0.00000000099999999987 0.00000000099999999987 
0.00000000099999999996 0.00000000099999999996 0.00000000099999999996 0.25605402737658067291 0.02775900627796736714 0.00000004459971075721 0.00000000099999999996 0.22788758918602156078 0.48829932855971952543 
0.00000000099999999993 0.00000000099999999993 0.85703652890208381621 0.00000000099999999993 0.00000000099999999993 0.00000000099999999993 0.00000000099999999993 0.00000000099999999993 0.14296346409791629850 
0.00000000099999999986 0.00000000099999999986 0.00000000099999999986 0.00000000099999999986 0.99999999200000000421 0.00000000099999999986 0.00000000099999999986 0.00000000099999999986 0.00000000099999999986 
0.00000000099999999987 0.00000000099999999987 0.00000000099999999987 0.00000000099999999987 0.99999999200000000421 0.00000000099999999987 0.00000000099999999987 0.00000000099999999987 0.00000000099999999987 
0.99999999200000011523 0.00000000099999999987 0.00000000099999999987 0.00000000099999999987 0.00000000099999999987 0.00000000099999999987 0.00000000099999999987 0.00000000099999999987 0.00000000099999999987 
0.00000000099999999995 0.00000000099999999995 0.19921411942588387878 0.14703056019951757372 0.00000000099999999995 0.00000000099999999995 0.00000000099999999995 0.65375531437459843964 0.00000000099999999995 
0.00000000099999999982 0.99999999200000022626 0.00000000099999999982 0.00000000099999999982 0.00000000099999999982 0.00000000099999999982 0.00000000099999999982 0.00000000099999999982 0.00000000099999999982 
0.00000000099999999982 0.99999999200000011523 0.00000000099999999982 0.00000000099999999982 0.00000000099999999982 0.00000000099999999982 0.00000000099999999982 0.00000000099999999982 0.00000000099999999982 
0.00000000099999999992 0.00000000099999999992 0.07063268291759579320 0.00000000099999999992 0.34697001847586800283 0.00000000099999999992 0.00000000099999999992 0.58239729260653616549 0.00000000099999999992 
0.00000000099999999980 0.99999999200000011523 0.00000000099999999980 0.00000000099999999980 0.00000000099999999980 0.00000000099999999980 0.00000000099999999980 0.00000000099999999980 0.00000000099999999980 
0.00000000099999999991 0.00000000099999999991 0.00000000099999999991 0.00000000099999999991 0.47517006891978030847 0.00000000099999999991 0.52482992408021966746 0.00000000099999999991 0.00000000099999999991 
0.36514194582015757629 0.14340930969555060193 0.00000000099999999995 0.49144873848429188046 0.00000000099999999995 0.00000000099999999995 0.00000000099999999995 0.00000000099999999995 0.00000000099999999995 
0.19289206221238461292 0.73116498897514115018 0.00000000099999999992 0.00000000099999999992 0.00000000099999999992 0.07594294281247440659 0.00000000099999999992 0.00000000099999999992 0.00000000099999999992 
0.00000000099999999985 0.00000000099999999985 0.99999999200000011523 0.00000000099999999985 0.00000000099999999985 0.00000000099999999985 0.00000000099999999985 0.00000000099999999985 0.00000000099999999985 
0.00000000099999999998 0.30456779043813858587 0.02695006004225684523 0.23076750766684189786 0.02102924537890533269 0.13268291941268287037 0.00000000099999999998 0.00000000099999999998 0.28400247406117434812 
0.99999999200000022626 0.00000000099999999980 0.00000000099999999980 0.00000000099999999980 0.00000000099999999980 0.00000000099999999980 0.00000000099999999980 0.00000000099999999980 0.00000000099999999980 
0.00000000099999999987 0.00000000099999999987 0.31630799356145011814 0.00000000099999999987 0.00000000099999999987 0.00000000099999999987 0.00000000099999999987 0.68369199943854974677 0.00000000099999999987 
0.00000000099999999991 0.00000000099999999991 0.99999999200000000421 0.00000000099999999991 0.00000000099999999991 0.00000000099999999991 0.00000000099999999991 0.00000000099999999991 0.00000000099999999991 
0.00000000099999999995 0.00000000099999999995 0.00000000099999999995 0.00000000099999999995 0.00000003507017104699 0.58961371904709436453 0.04225767499528934601 0.36812856588744524711 0.00000000099999999995 
0.00000000099999999991 0.28490469505197918432 0.00000000099999999991 0.00000000099999999991 0.03513428073113829264 0.00000000099999999991 0.00000000099999999991 0.67996101821688226252 0.00000000099999999991 
0.00000000099999999983 0.00000000099999999983 0.00000000099999999983 0.00000000099999999983 0.99999999200000000421 0.00000000099999999983 0.00000000099999999983 0.00000000099999999983 0.00000000099999999983 
0.00000000099999999995 0.00000000099999999995 0.05000085676836145410 0.24887300951137189542 0.38342626795519507699 0.06442829329709202912 0.00000000099999999995 0.00000000099999999995 0.25327156846797960199 
0.00000000099999999985 0.00000000099999999985 0.00000000099999999985 0.00000000099999999985 0.99999999200000000421 0.00000000099999999985 0.00000000099999999985 0.00000000099999999985 0.00000000099999999985 
0.48668402999238596918 0.04137107065836513609 0.00000000099999999992 0.00000000099999999992 0.00000000099999999992 0.00000000099999999992 0.00000000099999999992 0.06749068839052815849 0.40445420595872094705 
0.00000000099999999996 0.00000000099999999996 0.00000000099999999996 0.00000000099999999996 0.18201649177681503144 0.00000000099999999996 0.27905037167848678603 0.25194324538113993528 0.28698988616355830539 
0.00000000099999999988 0.99999999200000022626 0.00000000099999999988 0.00000000099999999988 0.00000000099999999988 0.00000000099999999988 0.00000000099999999988 0.00000000099999999988 0.00000000099999999988 
0.00000000099999999990 0.00000000099999999990 0.83300863438682326567 0.00000000099999999990 0.00000000099999999990 0.00000000099999999990 0.00000000099999999990 0.16699135861317671026 0.00000000099999999990 
0.00000000099999999977 0.99999999200000022626 0.00000000099999999977 0.00000000099999999977 0.00000000099999999977 0.00000000099999999977 0.00000000099999999977 0.00000000099999999977 0.00000000099999999977 
0.00000000099999999994 0.09281711767985079131 0.20518175223061571599 0.00000000099999999994 0.00000000099999999994 0.00000000099999999994 0.70200112408953341259 0.00000000099999999994 0.00000000099999999994 
0.00000000099999999997 0.00000000099999999997 0.00000000099999999997 0.18701243088048899454 0.59663360447654456564 0.00000000099999999997 0.00000000099999999997 0.21635395864296663726 0.00000000099999999997 
0.00000000099999999987 0.00000000099999999987 0.99999999200000011523 0.00000000099999999987 0.00000000099999999987 0.00000000099999999987 0.00000000099999999987 0.00000000099999999987 0.00000000099999999987 
0.00000000099999999991 0.00000000099999999991 0.09143751271617751863 0.00000000099999999991 0.90856248028382247117 0.00000000099999999991 0.00000000099999999991 0.00000000099999999991 0.00000000099999999991 
0.00000000597807539387 0.42373575792074408275 0.00000000099999999992 0.00000000099999999992 0.57626423010118055235 0.00000000099999999992 0.00000000099999999992 0.00000000099999999992 0.00000000099999999992 
0.00000000099999999996 0.00000000099999999996 0.00000000099999999996 0.00000000099999999996 0.42173408589265720670 0.14747656630282793278 0.36307534009842207245 0.00877899833058941662 0.05893500537550332152 
0.00000000099999999996 0.00000000099999999996 0.00000000099999999996 0.00000000099999999996 0.83622612472514379345 0.00000000099999999996 0.00000000099999999996 0.16377386827485612697 0.00000000099999999996 
0.00000000099999999991 0.00000000099999999991 0.00000000099999999991 0.00000000099999999991 0.37806341911697477487 0.00000000099999999991 0.00000000099999999991 0.62193657388302514555 0.00000000099999999991 
0.00000000099999999986 0.00000000099999999986 0.99999999200000000421 0.00000000099999999986 0.00000000099999999986 0.00000000099999999986 0.00000000099999999986 0.00000000099999999986 0.00000000099999999986 
0.18843740215553317352 0.81156259084446691343 0.00000000099999999990 0.00000000099999999990 0.00000000099999999990 0.00000000099999999990 0.00000000099999999990 0.00000000099999999990 0.00000000099999999990 
0.00000000099999999990 0.38597122051890447869 0.00000000099999999990 0.00000000099999999990 0.61402877248109566377 0.00000000099999999990 0.00000000099999999990 0.00000000099999999990 0.00000000099999999990 
0.00000000099999999995 0.00000000099999999995 0.00000000099999999995 0.00000000099999999995 0.22513060776199975144 0.00000000099999999995 0.77486938523800030776 0.00000000099999999995 0.00000000099999999995 
0.00000000099999999996 0.00000000099999999996 0.00000000099999999996 0.00000000099999999996 0.11169774747489444322 0.00731532115242643482 0.00000000099999999996 0.00000000099999999996 0.88098692537267919711 
0.00000000099999999994 0.00000000099999999994 0.13752000685196758001 0.54240236718020085060 0.00000000099999999994 0.00000000099999999994 0.00000000099999999994 0.00000000099999999994 0.32007761996783168357 
0.26040061701843431052 0.00000000099999999994 0.00000000099999999994 0.36023417561629417216 0.00044570694142247495 0.37838999248240334783 0.00000000099999999994 0.00000000099999999994 0.00052950394144581883 
0.00000000099999999983 0.00000000099999999983 0.00000000099999999983 0.00000000099999999983 0.99999999200000000421 0.00000000099999999983 0.00000000099999999983 0.00000000099999999983 0.00000000099999999983 
0.00000000099999999983 0.00000000099999999983 0.99999999200000011523 0.00000000099999999983 0.00000000099999999983 0.00000000099999999983 0.00000000099999999983 0.00000000099999999983 0.00000000099999999983 
0.00000000099999999994 0.00000000099999999994 0.00000000099999999994 0.75614973672542751260 0.00000000099999999994 0.00024782470251465875 0.00000000099999999994 0.00000000099999999994 0.24360243257205796419 
