0.00000000099999999922 0.00000000099999999922 0.00000000099999999922 0.00000000099999999922 0.00000000099999999922 0.00000000099999999922 0.00000000099999999922 0.00000000099999999922 0.99999999099999992147 0.00000000099999999922 
0.00000000099999999957 0.00000000099999999957 0.00000000099999999957 0.00000000099999999957 0.00000000099999999957 0.28596046390786544755 0.71403952809213455666 0.00000000099999999957 0.00000000099999999957 0.00000000099999999957 
0.00000000099999999892 0.99999999100000014352 0.00000000099999999892 0.00000000099999999892 0.00000000099999999892 0.00000000099999999892 0.00000000099999999892 0.00000000099999999892 0.00000000099999999892 0.00000000099999999892 
0.10443239399439604997 0.03070900352646972753 0.00000000099999999946 0.00000000099999999946 0.00000000099999999946 0.20638595692224198652 0.65847263955689228077 0.00000000099999999946 0.00000000099999999946 0.00000000099999999946 
0.00000000099999999955 0.00000000099999999955 0.00000000099999999955 0.00000000099999999955 0.00000000099999999955 0.28470820996808682279 0.65310989199135693895 0.06218189104055604766 0.00000000099999999955 0.00000000099999999955 
0.00000000099999999962 0.00000000099999999962 0.70981196952447456194 0.00000000099999999962 0.29018802247552555329 0.00000000099999999962 0.00000000099999999962 0.00000000099999999962 0.00000000099999999962 0.00000000099999999962 
0.00000000099999999988 0.09094749850472788610 0.06670578857727915700 0.00000000099999999988 0.84234670591799298833 0.00000000099999999988 0.00000000099999999988 0.00000000099999999988 0.00000000099999999988 0.00000000099999999988 
0.83625528805066873250 0.00000000099999999964 0.00000000099999999964 0.00000000099999999964 0.00000000099999999964 0.16374470394933135498 0.00000000099999999964 0.00000000099999999964 0.00000000099999999964 0.00000000099999999964 
0.00000000099999999921 0.99999999100000025454 0.00000000099999999921 0.00000000099999999921 0.00000000099999999921 0.00000000099999999921 0.00000000099999999921 0.00000000099999999921 0.00000000099999999921 0.00000000099999999921 
0.00000000099999999922 0.00000000099999999922 0.99999999100000003249 0.00000000099999999922 0.00000000099999999922 0.00000000099999999922 0.00000000099999999922 0.00000000099999999922 0.00000000099999999922 0.00000000099999999922 
0.00000000099999999954 0.19322351096907122714 0.00000000099999999954 0.00000000099999999954 0.00000000099999999954 0.00000000099999999954 0.80677648103092880483 0.00000000099999999954 0.00000000099999999954 0.00000000099999999954 
0.17305454600132291754 0.00000000099999999950 0.00000000099999999950 0.00000000099999999950 0.00000000099999999950 0.00000000099999999950 0.82694544599867714219 0.00000000099999999950 0.00000000099999999950 0.00000000099999999950 
0.07434159440271373431 0.00000000099999999954 0.00000000099999999954 0.00000000099999999954 0.00000000099999999954 0.06555153460431198398 0.86010686399297431315 0.00000000099999999954 0.00000000099999999954 0.00000000099999999954 
0.00000000099999999931 0.00000000099999999931 0.00000000099999999931 0.99999999100000003249 0.00000000099999999931 0.00000000099999999931 0.00000000099999999931 0.00000000099999999931 0.00000000099999999931 0.00000000099999999931 
0.40769777244866567401 0.32179940474327894950 0.00000000099999999954 0.00000000099999999954 0.00000000099999999954 0.00000000099999999954 0.00000000099999999954 0.27050281580805562998 0.00000000099999999954 0.00000000099999999954 
0.00000000099999999969 0.00000000099999999969 0.18511340186132949071 0.00654896021279565907 0.80833763092587485044 0.00000000099999999969 0.00000000099999999969 0.00000000099999999969 0.00000000099999999969 0.00000000099999999969 
0.00000000099999999966 0.00000000099999999966 0.00000000099999999966 0.00000000099999999966 0.00000000099999999966 0.00000000099999999966 0.83889540677473450891 0.16110458522526541203 0.00000000099999999966 0.00000000099999999966 
0.00000000099999999948 0.01738765329100502161 0.00000000099999999948 0.00000000099999999948 0.00000000099999999948 0.00000000099999999948 0.98261233870899500342 0.00000000099999999948 0.00000000099999999948 0.00000000099999999948 
0.04142176270667918825 0.00000000099999999990 0.00000000099999999990 0.15282361416275355714 0.80569240646202977540 0.00000000099999999990 0.00006221066853743647 0.00000000099999999990 0.00000000099999999990 0.00000000099999999990 
0.18863010140145533566 0.00000007768115160162 0.00000000099999999952 0.00000000099999999952 0.00000000099999999952 0.00000000099999999952 0.81136981391739304570 0.00000000099999999952 0.00000000099999999952 0.00000000099999999952 
0.00000000099999999967 0.15300221929946883348 0.00000000099999999967 0.00000000099999999967 0.00000000099999999967 0.00000000099999999967 0.84699777270053133726 0.00000000099999999967 0.00000000099999999967 0.00000000099999999967 
0.00000000099999999941 0.99999999100000014352 0.00000000099999999941 0.00000000099999999941 0.00000000099999999941 0.00000000099999999941 0.00000000099999999941 0.00000000099999999941 0.00000000099999999941 0.00000000099999999941 
0.00000000099999999981 0.00000000099999999981 0.15385600960492495926 0.01371138548652632572 0.71786069932588614240 0.00000000099999999981 0.00000000099999999981 0.00000000099999999981 0.00000000099999999981 0.11457189958266272845 
0.00000000099999999990 0.00000000099999999990 0.21179743553871679951 0.00000000099999999990 0.78820255646128334348 0.00000000099999999990 0.00000000099999999990 0.00000000099999999990 0.00000000099999999990 0.00000000099999999990 
0.17779434171427660472 0.55947471594828179775 0.00000000099999999971 0.00000000099999999971 0.00000000099999999971 0.05582374296755945181 0.20690719336988222521 0.00000000099999999971 0.00000000099999999971 0.00000000099999999971 
0.00000000099999999894 0.00000000099999999894 0.00000000099999999894 0.99999999100000003249 0.00000000099999999894 0.00000000099999999894 0.00000000099999999894 0.00000000099999999894 0.00000000099999999894 0.00000000099999999894 
0.00000000099999999961 0.23550390787672503823 0.00000000099999999961 0.00000000099999999961 0.00000000099999999961 0.02475437303546380516 0.56093665026789929495 0.17880506281991190298 0.00000000099999999961 0.00000000099999999961 
0.00000000099999999990 0.00000000099999999990 0.00000000099999999990 0.00000000099999999990 0.83276621155002150676 0.00000000099999999990 0.00000000099999999990 0.00000000099999999990 0.00000000099999999990 0.16723378044997858072 
0.00000000099999999970 0.00000000099999999970 0.00000000099999999970 0.00000000099999999970 0.00000000099999999970 0.13942945096599176913 0.70065981791456122263 0.15991072411944698417 0.00000000099999999970 0.00000000099999999970 
0.00000000099999999962 0.00000000099999999962 0.00000000099999999962 0.00000000099999999962 0.00000000099999999962 0.10429002782419498352 0.79813271241022343272 0.09757725276558167071 0.00000000099999999962 0.00000000099999999962 
0.00000000099999999956 0.00000000099999999956 0.00000000099999999956 0.00000000099999999956 0.00000000099999999956 0.19335857600738720619 0.00000000099999999956 0.00000000099999999956 0.80664141599261274251 0.00000000099999999956 
0.00000000099999999939 0.00000000099999999939 0.99999999100000014352 0.00000000099999999939 0.00000000099999999939 0.00000000099999999939 0.00000000099999999939 0.00000000099999999939 0.00000000099999999939 0.00000000099999999939 
0.12856654269630291010 0.00000000099999999989 0.10763726047396610097 0.00000000099999999989 0.58046962409679125905 0.05572848555214977156 0.00000000099999999989 0.00000000099999999989 0.00000000099999999989 0.12759808218079018993 
0.00000000099999999930 0.00000000099999999930 0.00000000099999999930 0.00000000099999999930 0.00000000099999999930 0.00000000099999999930 0.00000000099999999930 0.00000000099999999930 0.00000000099999999930 0.99999999100000003249 
0.00000000099999999984 0.00000000099999999984 0.00000000099999999984 0.00000000099999999984 0.83561941441750298143 0.00000000099999999984 0.00000000099999999984 0.16438057758249716156 0.00000000099999999984 0.00000000099999999984 
0.00000000099999999895 0.00000000099999999895 0.00000000099999999895 0.99999999100000003249 0.00000000099999999895 0.00000000099999999895 0.00000000099999999895 0.00000000099999999895 0.00000000099999999895 0.00000000099999999895 
0.00000000099999999989 0.00000000099999999989 0.11128170528557035368 0.21639632908420738944 0.15066201464611830851 0.07623453349439104909 0.00000000099999999989 0.07840252469210280684 0.00000000099999999989 0.36702288879761024720 
0.48119988698604110322 0.00000000099999999976 0.00000000099999999976 0.00000000099999999976 0.00000000099999999976 0.07829834201988489228 0.44050176399407386940 0.00000000099999999976 0.00000000099999999976 0.00000000099999999976 
0.08012910938324893650 0.00000000099999999995 0.00000000099999999995 0.00701067907679973033 0.72735149295332146568 0.00000000099999999995 0.00000000099999999995 0.02686768866991037438 0.00265119751720288956 0.15598982839951661128 
0.57158255274066638307 0.00000000099999999977 0.00000000099999999977 0.00000000099999999977 0.00000000099999999977 0.00000000099999999977 0.00000000099999999977 0.42841743925933384318 0.00000000099999999977 0.00000000099999999977 
0.00000000099999999968 0.32761186059534974646 0.00000000099999999968 0.00000000099999999968 0.00000000099999999968 0.00000072006139743329 0.57498776722085598312 0.09739964612239682129 0.00000000099999999968 0.00000000099999999968 
0.00000000099999999960 0.00000000099999999960 0.00000000099999999960 0.00000000099999999960 0.00000000099999999960 0.00000000099999999960 0.99999999100000003249 0.00000000099999999960 0.00000000099999999960 0.00000000099999999960 
0.00000000099999999965 0.00000000099999999965 0.00000000099999999965 0.00000000099999999965 0.00000000099999999965 0.38830534454537607436 0.00000000099999999965 0.61169464745462376332 0.00000000099999999965 0.00000000099999999965 
0.00000000099999999988 0.11422186922986171664 0.00000000099999999988 0.29462435219330312952 0.00000000099999999988 0.00000000099999999988 0.00000000099999999988 0.08400623727427632137 0.00000000099999999988 0.50714753530255862746 
0.00000000099999999932 0.00000000099999999932 0.00000000099999999932 0.99999999100000003249 0.00000000099999999932 0.00000000099999999932 0.00000000099999999932 0.00000000099999999932 0.00000000099999999932 0.00000000099999999932 
0.00000000099999999977 0.56771348259179266194 0.00000000099999999977 0.00000000099999999977 0.00000000099999999977 0.00000000099999999977 0.37692459909317999056 0.05536191131502742752 0.00000000099999999977 0.00000000099999999977 
0.00000000099999999990 0.00000000099999999990 0.00000000099999999990 0.00000000099999999990 0.78608897947945666207 0.00000000099999999990 0.00000000099999999990 0.07375396897776538563 0.03964195639553116240 0.10051508914724674448 
0.00000000099999999959 0.00000000099999999959 0.99999999100000014352 0.00000000099999999959 0.00000000099999999959 0.00000000099999999959 0.00000000099999999959 0.00000000099999999959 0.00000000099999999959 0.00000000099999999959 
0.00000000099999999989 0.04405902494340877690 0.06203902863422641745 0.21227566709041975623 0.63986980517662461754 0.00000000099999999989 0.00000000099999999989 0.00000000099999999989 0.04175646915532062187 0.00000000099999999989 
0.00000000099999999946 0.00000000099999999946 0.00000000099999999946 0.90643059073284337757 0.00000000099999999946 0.09356940126715664052 0.00000000099999999946 0.00000000099999999946 0.00000000099999999946 0.00000000099999999946 
0.00000000099999999946 0.99999999100000025454 0.00000000099999999946 0.00000000099999999946 0.00000000099999999946 0.00000000099999999946 0.00000000099999999946 0.00000000099999999946 0.00000000099999999946 0.00000000099999999946 
0.33077006278386378302 0.00000000099999999975 0.00000000099999999975 0.00000000099999999975 0.00000000099999999975 0.19804082885868803943 0.43142851205578475193 0.03976059030166337327 0.00000000099999999975 0.00000000099999999975 
0.00000000099999999952 0.00000000099999999952 0.99999999100000003249 0.00000000099999999952 0.00000000099999999952 0.00000000099999999952 0.00000000099999999952 0.00000000099999999952 0.00000000099999999952 0.00000000099999999952 
0.00000000099999999981 0.00000000099999999981 0.00000000099999999981 0.00000000099999999981 0.00000000099999999981 0.00000000099999999981 0.00000000099999999981 0.00000000099999999981 0.99999999100000003249 0.00000000099999999981 
0.00000000099999999980 0.00000082761602574909 0.00000000099999999980 0.00000000099999999980 0.99999916438397429275 0.00000000099999999980 0.00000000099999999980 0.00000000099999999980 0.00000000099999999980 0.00000000099999999980 
0.00000000099999999979 0.00000000099999999979 0.00000000099999999979 0.00000000099999999979 0.00000000099999999979 0.00000000099999999979 0.00000000099999999979 0.00000000099999999979 0.99999999099999992147 0.00000000099999999979 
0.00000000099999999957 0.00000000099999999957 0.00000000099999999957 0.00000000099999999957 0.00000000099999999957 0.00000000099999999957 0.00000000099999999957 0.00000000099999999957 0.00000000099999999957 0.99999999100000003249 
0.00000000099999999934 0.00000000099999999934 0.00000000099999999934 0.99999999100000003249 0.00000000099999999934 0.00000000099999999934 0.00000000099999999934 0.00000000099999999934 0.00000000099999999934 0.00000000099999999934 
0.15823272314397834881 0.00000000099999999975 0.00000000099999999975 0.00000000099999999975 0.00000000099999999975 0.00000000099999999975 0.65719057854242157735 0.18457669131360002202 0.00000000099999999975 0.00000000099999999975 
0.00000000099999999944 0.00000000099999999944 0.00000000099999999944 0.00000000099999999944 0.00000000099999999944 0.00000000099999999944 0.00000000099999999944 0.00000000099999999944 0.00000000099999999944 0.99999999099999992147 
0.00000000099999999940 0.00000000099999999940 0.00000000099999999940 0.00000000099999999940 0.00000000099999999940 0.00000000099999999940 0.00000000099999999940 0.00000000099999999940 0.00000000099999999940 0.99999999100000003249 
0.16124569603319674482 0.00286691336647835896 0.00000000099999999970 0.00000000099999999970 0.00000000099999999970 0.00000000099999999970 0.83588738360032499575 0.00000000099999999970 0.00000000099999999970 0.00000000099999999970 
0.00000000099999999992 0.00000000099999999992 0.17924402066069050621 0.00000000099999999992 0.53312483104701446912 0.00000000099999999992 0.00000000099999999992 0.06041096573636461908 0.01413847644075438836 0.21308170111517601986 
0.02808833716892363344 0.00000000099999999986 0.00000000099999999986 0.00000000099999999986 0.79081424148443535405 0.00000000099999999986 0.00000000099999999986 0.00000000099999999986 0.00000000099999999986 0.18109741434664117232 
0.00000000099999999984 0.00000000099999999984 0.15209270769903476817 0.00000000099999999984 0.00000000099999999984 0.00000000099999999984 0.00000000099999999984 0.08243868047947508493 0.08632233208056271090 0.67914627374092761958 
0.48295588309758963330 0.08879049894857743430 0.00000000099999999975 0.00000000099999999975 0.00000000099999999975 0.40356199003516796120 0.02469162191866516518 0.00000000099999999975 0.00000000099999999975 0.00000000099999999975 
0.00000000099999999984 0.00000000099999999984 0.09464941100930250595 0.00000000099999999984 0.00000000099999999984 0.00000000099999999984 0.00000000099999999984 0.00000000099999999984 0.90535058099069742887 0.00000000099999999984 
0.00000000099999999962 0.00000000099999999962 0.00000000099999999962 0.00000000099999999962 0.00000000099999999962 0.00000000099999999962 0.00000000099999999962 0.00000000099999999962 0.99999999099999992147 0.00000000099999999962 
0.00000000099999999968 0.00000000099999999968 0.72298591670122391850 0.00000000099999999968 0.00000000099999999968 0.00000000099999999968 0.00000000099999999968 0.00000000099999999968 0.00000000099999999968 0.27701407529877625224 
0.00000000099999999982 0.00000000099999999982 0.18688345408017806304 0.11463552384745445689 0.00000000099999999982 0.00000000099999999982 0.00000000099999999982 0.02714498742307181259 0.00000000099999999982 0.67133602864929553533 
0.29514078153881079247 0.00000000099999999970 0.00000000099999999970 0.00000000099999999970 0.00000000099999999970 0.35342770096075176722 0.35143151050043724970 0.00000000099999999970 0.00000000099999999970 0.00000000099999999970 
0.00000000099999999991 0.54265177487941407275 0.00000000099999999991 0.00000000099999999991 0.00000000099999999991 0.13333643729234492814 0.23139979796495435682 0.05364742037288984522 0.03896456449039699399 0.00000000099999999991 
0.25113302520000740925 0.39218438587416498686 0.00000000099999999983 0.00000000099999999983 0.05386684541944761900 0.00000000099999999983 0.30281573750638007825 0.00000000099999999983 0.00000000099999999983 0.00000000099999999983 
0.10583246445237266820 0.00000000099999999978 0.16959417862365103180 0.00000000099999999978 0.00000000099999999978 0.00000000099999999978 0.00000000099999999978 0.00000000099999999978 0.00000000099999999978 0.72457334992397604001 
0.00000000099999999977 0.18102324095418870220 0.00000000099999999977 0.00000000099999999977 0.00000000099999999977 0.00000000099999999977 0.00000000099999999977 0.00000000099999999977 0.00000000099999999977 0.81897675104581124650 
0.00000000099999999942 0.00000000099999999942 0.00000000099999999942 0.00000000099999999942 0.00000000099999999942 0.00000000099999999942 0.00000000099999999942 0.00000000099999999942 0.00000000099999999942 0.99999999099999992147 
0.00000000099999999974 0.00000000099999999974 0.00000000099999999974 0.00000000099999999974 0.00000000099999999974 0.99999999100000014352 0.00000000099999999974 0.00000000099999999974 0.00000000099999999974 0.00000000099999999974 
0.00000000099999999957 0.00000000099999999957 0.00000000099999999957 0.00000000099999999957 0.00000000099999999957 0.00000000099999999957 0.00000000099999999957 0.00000000099999999957 0.99999999099999992147 0.00000000099999999957 
0.00000000099999999954 0.00000000099999999954 0.99999999100000003249 0.00000000099999999954 0.00000000099999999954 0.00000000099999999954 0.00000000099999999954 0.00000000099999999954 0.00000000099999999954 0.00000000099999999954 
0.17361498554246315718 0.00000000099999999981 0.00000000099999999981 0.00000000099999999981 0.00000000099999999981 0.00000000099999999981 0.82638500645753687479 0.00000000099999999981 0.00000000099999999981 0.00000000099999999981 
0.00000000099999999973 0.00000000099999999973 0.00000000099999999973 0.00000000099999999973 0.00000000099999999973 0.00000000099999999973 0.00000000099999999973 0.00000000099999999973 0.99999999099999992147 0.00000000099999999973 
0.00000000099999999983 0.00000000099999999983 0.00000000099999999983 0.00000000099999999983 0.99999999100000014352 0.00000000099999999983 0.00000000099999999983 0.00000000099999999983 0.00000000099999999983 0.00000000099999999983 
0.00000000099999999988 0.00000000099999999988 0.18008008799302030467 0.00000000099999999988 0.51361837292596368432 0.00000000099999999988 0.00000000099999999988 0.30630153208101623674 0.00000000099999999988 0.00000000099999999988 
0.20823581396344079120 0.00000000099999999981 0.44613968296606693054 0.06391536997909511020 0.00000000099999999981 0.00000000099999999981 0.00000000099999999981 0.00000000099999999981 0.00000000099999999981 0.28170912709139728225 
0.00000000099999999984 0.00000000099999999984 0.00000000099999999984 0.05879196300067603131 0.12158877309365766217 0.00000000099999999984 0.00000000099999999984 0.00000000099999999984 0.00000000099999999984 0.81961925690566628244 
0.00000000099999999985 0.00000000099999999985 0.00000000099999999985 0.00000000099999999985 0.88882477626133238324 0.11117521573866756546 0.00000000099999999985 0.00000000099999999985 0.00000000099999999985 0.00000000099999999985 
0.20564270537007872663 0.00000000099999999983 0.00000000099999999983 0.00000000099999999983 0.00000000099999999983 0.00000000099999999983 0.61414767829243421815 0.00000000099999999983 0.00000000099999999983 0.18020960933748719768 
0.09501091105563135020 0.00000000099999999986 0.00000000099999999986 0.05700183875201358247 0.84798724319235518898 0.00000000099999999986 0.00000000099999999986 0.00000000099999999986 0.00000000099999999986 0.00000000099999999986 
0.00000000099999999960 0.00000000099999999960 0.00000000099999999960 0.00000000099999999960 0.00000000099999999960 0.00000000099999999960 0.00000000099999999960 0.00000000099999999960 0.00000000099999999960 0.99999999100000003249 
0.13115643990007400110 0.00000000099999999982 0.00000000099999999982 0.00000000099999999982 0.00000000099999999982 0.33631982910423241506 0.53252372399569358752 0.00000000099999999982 0.00000000099999999982 0.00000000099999999982 
0.00000000099999999986 0.00000000099999999986 0.30523656166963530900 0.00000000099999999986 0.63845271491378685624 0.05482667265948142771 0.00000000099999999986 0.00000000099999999986 0.00000000099999999986 0.00148404475709668191 
0.00000000099999999990 0.04225383109242271396 0.31385396134712767457 0.13749183308816931293 0.50640036847228031558 0.00000000099999999990 0.00000000099999999990 0.00000000099999999990 0.00000000099999999990 0.00000000099999999990 
0.00000000099999999977 0.00000000099999999977 0.00000000099999999977 0.00000000099999999977 0.00000000099999999977 0.00000000099999999977 0.00000000099999999977 0.00000000099999999977 0.99999999099999992147 0.00000000099999999977 
0.00000000099999999952 0.00000000099999999952 0.00000000099999999952 0.00000000099999999952 0.00000000099999999952 0.00000000099999999952 0.00000000099999999952 0.00000000099999999952 0.99999999099999992147 0.00000000099999999952 
0.00000000099999999992 0.07835597027021524996 0.15145603665877360733 0.00000000099999999992 0.49254810615761202008 0.20778363826503082334 0.00000000099999999992 0.00000000099999999992 0.06985624364836812150 0.00000000099999999992 
0.00000000099999999971 0.00000000099999999971 0.00000000099999999971 0.00000000099999999971 0.00000000099999999971 0.99999999100000003249 0.00000000099999999971 0.00000000099999999971 0.00000000099999999971 0.00000000099999999971 
0.00000000099999999995 0.00000000099999999995 0.00000000099999999995 0.05194535261417031896 0.52246559510770074208 0.09620312071030268086 0.00000000099999999995 0.14293423221131776324 0.00000000099999999995 0.18645169435650846279 
0.00000000099999999993 0.00000000099999999993 0.00000000569139045351 0.08975980248934951888 0.32143071840127201977 0.24219183033149227491 0.00000000099999999993 0.00000000099999999993 0.00000000099999999993 0.34661763808649576069 
0.32073260293952710054 0.16906800848450972974 0.00000000099999999991 0.00000000099999999991 0.41305644572342598009 0.09714293685253734545 0.00000000099999999991 0.00000000099999999991 0.00000000099999999991 0.00000000099999999991 
0.91197238851016282357 0.00000000099999999980 0.08802760348983734717 0.00000000099999999980 0.00000000099999999980 0.00000000099999999980 0.00000000099999999980 0.00000000099999999980 0.00000000099999999980 0.00000000099999999980 
0.41967760067402126722 0.03491017238854492166 0.00000000099999999985 0.00000000099999999985 0.00000000099999999985 0.00000000099999999985 0.00000000099999999985 0.54541221993743382868 0.00000000099999999985 0.00000000099999999985 
0.00000002845062118734 0.65560590374307037287 0.00000000099999999993 0.00000000099999999993 0.00000000099999999993 0.34439406080630863283 0.00000000099999999993 0.00000000099999999993 0.00000000099999999993 0.00000000099999999993 
0.00000000099999999987 0.00000000099999999987 0.00000000099999999987 0.32505730940257460126 0.46456427804506444934 0.00000000099999999987 0.00000000099999999987 0.00000000099999999987 0.16470394834865650924 0.04567445820370455434 
0.29836000137778700969 0.00000000099999999988 0.00000000099999999988 0.00000000099999999988 0.07993137617427793773 0.00000000099999999988 0.47469220712060389289 0.00000000099999999988 0.14701640932733101019 0.00000000099999999988 
0.00000000099999999992 0.85618051176768716903 0.00000000099999999992 0.14381948023231297396 0.00000000099999999992 0.00000000099999999992 0.00000000099999999992 0.00000000099999999992 0.00000000099999999992 0.00000000099999999992 
0.00000000099999999976 0.31914548140826198841 0.00000000099999999976 0.00000000099999999976 0.00000000099999999976 0.68085451059173796029 0.00000000099999999976 0.00000000099999999976 0.00000000099999999976 0.00000000099999999976 
0.44283633309292919078 0.00000000099999999973 0.00000000099999999973 0.00000000099999999973 0.00000000099999999973 0.00000000099999999973 0.00000000099999999973 0.55716365890707053588 0.00000000099999999973 0.00000000099999999973 
0.10184310355560038941 0.00000000099999999989 0.00000000099999999989 0.00000000099999999989 0.00000000099999999989 0.11448911578657489096 0.78287447983079161418 0.00000000099999999989 0.00079329482703294305 0.00000000099999999989 
0.00000000099999999983 0.00000000099999999983 0.99999999100000003249 0.00000000099999999983 0.00000000099999999983 0.00000000099999999983 0.00000000099999999983 0.00000000099999999983 0.00000000099999999983 0.00000000099999999983 
0.00000000099999999945 0.00000000099999999945 0.00000000099999999945 0.00000000099999999945 0.00000000099999999945 0.99999999100000014352 0.00000000099999999945 0.00000000099999999945 0.00000000099999999945 0.00000000099999999945 
0.00000000099999999980 0.00000000099999999980 0.00000000099999999980 0.00000000099999999980 0.00000000099999999980 0.00000000099999999980 0.41075443893670193773 0.58924555306329806648 0.00000000099999999980 0.00000000099999999980 
0.00000000099999999992 0.00000000099999999992 0.00000000099999999992 0.05988312508235498627 0.78774778043518878246 0.00000000099999999992 0.00000000099999999992 0.00000000099999999992 0.00000000099999999992 0.15236908748245647782 
0.00000000099999999995 0.00000000099999999995 0.00000000099999999995 0.00000000099999999995 0.57076924270697393382 0.00000000099999999995 0.20298927626347193498 0.06986497122087705069 0.00000000099999999995 0.15637650380867709754 
0.36039150015244852954 0.06116755636242054983 0.00000000099999999995 0.00000000099999999995 0.25720766623023094688 0.00000000099999999995 0.00000000099999999995 0.00000000099999999995 0.03877401928985326623 0.28245925296504670321 
0.00000000099999999992 0.00000000099999999992 0.32398908699424566748 0.00000000099999999992 0.53373722012236468615 0.00000000099999999992 0.00000000099999999992 0.14227368588338973332 0.00000000099999999992 0.00000000099999999992 
0.00000000099999999969 0.00000000099999999969 0.00000000099999999969 0.00000000099999999969 0.00000000099999999969 0.00000000099999999969 0.00000000099999999969 0.99999999099999992147 0.00000000099999999969 0.00000000099999999969 
0.91940690237839073351 0.00000000099999999981 0.00000000099999999981 0.00000000099999999981 0.00000000099999999981 0.00000000099999999981 0.00000000099999999981 0.00000000099999999981 0.08059308962160949275 0.00000000099999999981 
0.38365188086286616809 0.00000000099999999980 0.00000000099999999980 0.00000000099999999980 0.61634811113713383612 0.00000000099999999980 0.00000000099999999980 0.00000000099999999980 0.00000000099999999980 0.00000000099999999980 
0.00000000099999999980 0.00000000099999999980 0.00000000099999999980 0.00000000099999999980 0.00000000099999999980 0.99999999100000003249 0.00000000099999999980 0.00000000099999999980 0.00000000099999999980 0.00000000099999999980 
0.45073735610200893476 0.39460464906232772808 0.00000000099999999986 0.00000000099999999986 0.00000000099999999986 0.04798898073871441655 0.00000000099999999986 0.00000000099999999986 0.10666900809694912500 0.00000000099999999986 
0.00000000099999999992 0.42846533795609548223 0.00000000099999999992 0.04950390527308044797 0.00000000099999999992 0.06220208007651276821 0.45982867069431121454 0.00000000099999999992 0.00000000099999999992 0.00000000099999999992 
0.49504207243601860977 0.50495791956398172751 0.00000000099999999993 0.00000000099999999993 0.00000000099999999993 0.00000000099999999993 0.00000000099999999993 0.00000000099999999993 0.00000000099999999993 0.00000000099999999993 
0.99999999100000025454 0.00000000099999999975 0.00000000099999999975 0.00000000099999999975 0.00000000099999999975 0.00000000099999999975 0.00000000099999999975 0.00000000099999999975 0.00000000099999999975 0.00000000099999999975 
0.00000000099999999990 0.00000000099999999990 0.43938421221866069688 0.42529726982228721610 0.13531851095905203519 0.00000000099999999990 0.00000000099999999990 0.00000000099999999990 0.00000000099999999990 0.00000000099999999990 
0.00000000099999999992 0.00000000099999999992 0.00000000099999999992 0.11004643092032481699 0.57335103772755291462 0.19490247822573553149 0.00000000099999999992 0.00000000099999999992 0.00000000099999999992 0.12170004712638693434 
0.19392311477571730349 0.31844053968381452746 0.00000000099999999984 0.00000000099999999984 0.00000000099999999984 0.00000000099999999984 0.28884937196662369141 0.19878696757384445304 0.00000000099999999984 0.00000000099999999984 
0.00000000099999999979 0.00000000099999999979 0.00000000099999999979 0.00000000099999999979 0.84472243609439623402 0.15527755590560388121 0.00000000099999999979 0.00000000099999999979 0.00000000099999999979 0.00000000099999999979 
0.00000000099999999965 0.00000000099999999965 0.00000000099999999965 0.00000000099999999965 0.00000000099999999965 0.00000000099999999965 0.00000000099999999965 0.00000000099999999965 0.99999999100000003249 0.00000000099999999965 
0.00000000099999999983 0.00000000099999999983 0.00000000099999999983 0.00000000099999999983 0.00000000099999999983 0.99999999100000003249 0.00000000099999999983 0.00000000099999999983 0.00000000099999999983 0.00000000099999999983 
0.00000000099999999987 0.21663973561906857412 0.00000000099999999987 0.00000000099999999987 0.00000000099999999987 0.00000000099999999987 0.00000000099999999987 0.00000000099999999987 0.78336025638093143009 0.00000000099999999987 
0.00000000099999999980 0.00000000099999999980 0.00000000099999999980 0.00000000099999999980 0.00000000099999999980 0.00000000099999999980 0.99999999100000003249 0.00000000099999999980 0.00000000099999999980 0.00000000099999999980 
0.00000000099999999961 0.00000000099999999961 0.00000000099999999961 0.99999999100000014352 0.00000000099999999961 0.00000000099999999961 0.00000000099999999961 0.00000000099999999961 0.00000000099999999961 0.00000000099999999961 
0.00000000099999999988 0.00000000099999999988 0.00000000099999999988 0.00000000099999999988 0.00000000099999999988 0.00000000099999999988 0.00000000099999999988 0.53091597920768551777 0.46908401279231437542 0.00000000099999999988 
0.00000000099999999990 0.00000000099999999990 0.00000000099999999990 0.00000000099999999990 0.00000000099999999990 0.32993763107948825830 0.00000000099999999990 0.00000000099999999990 0.67006236092051152387 0.00000000099999999990 
0.99999999100000014352 0.00000000099999999983 0.00000000099999999983 0.00000000099999999983 0.00000000099999999983 0.00000000099999999983 0.00000000099999999983 0.00000000099999999983 0.00000000099999999983 0.00000000099999999983 
0.00000000099999999984 0.00000000099999999984 0.00000000099999999984 0.00000000099999999984 0.00000000099999999984 0.00000000099999999984 0.00000000099999999984 0.00000000099999999984 0.99999999100000003249 0.00000000099999999984 
0.23517408555236302137 0.20685273557645419973 0.00000000099999999986 0.00000000099999999986 0.00000000099999999986 0.38781964739537250209 0.17015352547581014120 0.00000000099999999986 0.00000000099999999986 0.00000000099999999986 
0.00000000099999999990 0.00000000099999999990 0.38952776405405997728 0.07222275201524477883 0.53824947693069535859 0.00000000099999999990 0.00000000099999999990 0.00000000099999999990 0.00000000099999999990 0.00000000099999999990 
0.00000000099999999975 0.00000000099999999975 0.00000000099999999975 0.00000000099999999975 0.00000000099999999975 0.43819046314914406048 0.00000000099999999975 0.00000000099999999975 0.56180952885085577719 0.00000000099999999975 
0.29143643055165180389 0.00000000099999999992 0.00000000099999999992 0.00000000099999999992 0.07208452713910136478 0.00000000099999999992 0.63647899835317822692 0.00000000099999999992 0.00000003795606860977 0.00000000099999999992 
0.00000000099999999971 0.00000000099999999971 0.00000000099999999971 0.00000000099999999971 0.00000000099999999971 0.00000000099999999971 0.00000000099999999971 0.00000000099999999971 0.00000000099999999971 0.99999999099999992147 
0.00000000099999999987 0.00000000099999999987 0.00000000099999999987 0.00000000099999999987 0.18334700366868608712 0.00000000099999999987 0.00000000099999999987 0.00000000099999999987 0.81665298833131394485 0.00000000099999999987 
0.99999999100000014352 0.00000000099999999986 0.00000000099999999986 0.00000000099999999986 0.00000000099999999986 0.00000000099999999986 0.00000000099999999986 0.00000000099999999986 0.00000000099999999986 0.00000000099999999986 
0.00000000099999999986 0.00000000099999999986 0.00000000099999999986 0.00000000099999999986 0.00000000099999999986 0.00000000099999999986 0.00000000099999999986 0.00000000099999999986 0.99999999099999992147 0.00000000099999999986 
0.00000000099999999978 0.00000000099999999978 0.00000000099999999978 0.00000000099999999978 0.00000000099999999978 0.20938292222550750066 0.00000000099999999978 0.15680882115043287550 0.63380824962405957201 0.00000000099999999978 
0.00000000099999999988 0.00000000099999999988 0.00000000099999999988 0.00000000099999999988 0.63931148398828341328 0.03507437840065063400 0.00000000099999999988 0.00000000099999999988 0.13646690291476817891 0.18914722869629768676 
0.24376756612613270647 0.00000000099999999995 0.10625598944033147475 0.00000000099999999995 0.28705181607068713801 0.00000000099999999995 0.00000000099999999995 0.00000000099999999995 0.00000000099999999995 0.36292462236284872557 
0.00000000099999999990 0.00000000099999999990 0.00000000099999999990 0.00000000099999999990 0.00000000099999999990 0.00000000099999999990 0.00000000099999999990 0.00000000099999999990 0.99999999100000003249 0.00000000099999999990 
0.99999999100000014352 0.00000000099999999973 0.00000000099999999973 0.00000000099999999973 0.00000000099999999973 0.00000000099999999973 0.00000000099999999973 0.00000000099999999973 0.00000000099999999973 0.00000000099999999973 
0.99999999100000014352 0.00000000099999999977 0.00000000099999999977 0.00000000099999999977 0.00000000099999999977 0.00000000099999999977 0.00000000099999999977 0.00000000099999999977 0.00000000099999999977 0.00000000099999999977 
0.20409973201216558003 0.00000000099999999991 0.00000000099999999991 0.00000000099999999991 0.74594235496852090428 0.04995790601931351937 0.00000000099999999991 0.00000000099999999991 0.00000000099999999991 0.00000000099999999991 
0.99999999100000014352 0.00000000099999999992 0.00000000099999999992 0.00000000099999999992 0.00000000099999999992 0.00000000099999999992 0.00000000099999999992 0.00000000099999999992 0.00000000099999999992 0.00000000099999999992 
0.24239853477937195469 0.00000000099999999989 0.00000000099999999989 0.00000000099999999989 0.00000000099999999989 0.30989688062472003915 0.44770457759590809310 0.00000000099999999989 0.00000000099999999989 0.00000000099999999989 
0.87020614475867086313 0.00000000099999999981 0.00000000099999999981 0.00000000099999999981 0.00000000099999999981 0.00000000099999999981 0.00000000099999999981 0.12979384724132939088 0.00000000099999999981 0.00000000099999999981 
0.00000000099999999977 0.00000000099999999977 0.00000000099999999977 0.00000000099999999977 0.00000000099999999977 0.00000000099999999977 0.00000000099999999977 0.99999999099999992147 0.00000000099999999977 0.00000000099999999977 
0.99999999100000014352 0.00000000099999999980 0.00000000099999999980 0.00000000099999999980 0.00000000099999999980 0.00000000099999999980 0.00000000099999999980 0.00000000099999999980 0.00000000099999999980 0.00000000099999999980 
0.00000000099999999992 0.67256013463289265886 0.00000000099999999992 0.00000000099999999992 0.00000000099999999992 0.00000000099999999992 0.00000000099999999992 0.32743985736710762291 0.00000000099999999992 0.00000000099999999992 
0.00000000099999999993 0.00000000099999999993 0.00000000099999999993 0.06359956649483892999 0.77717105594956747971 0.00000000099999999993 0.15922937055559360786 0.00000000099999999993 0.00000000099999999993 0.00000000099999999993 
0.45293717319433907109 0.00000000099999999994 0.00000000099999999994 0.18769310153317839140 0.00000000099999999994 0.35936971827248254119 0.00000000099999999994 0.00000000099999999994 0.00000000099999999994 0.00000000099999999994 
0.00000000099999999982 0.00000000099999999982 0.00000000099999999982 0.00000000099999999982 0.00000000099999999982 0.00000000099999999982 0.00000000099999999982 0.00000000099999999982 0.99999999100000003249 0.00000000099999999982 
0.17203900512365094544 0.00000000099999999997 0.00000000099999999997 0.21173711229489017294 0.12555476305270227289 0.00000000099999999997 0.00000000099999999997 0.09127248941419080497 0.00000000099999999997 0.39939662511456597294 
0.00000000099999999993 0.00000000099999999993 0.00000000099999999993 0.07916738440613366179 0.74022968810368638959 0.14086894950597450560 0.00000000099999999993 0.00000000099999999993 0.00000000099999999993 0.03973397198420543924 
0.00000000099999999992 0.00000000099999999992 0.00000000099999999992 0.00000000099999999992 0.00000000099999999992 0.02283076500964779931 0.28163954020721743143 0.00000000099999999992 0.69552968778313462028 0.00000000099999999992 
0.00000000099999999987 0.00000000099999999987 0.00000000099999999987 0.00000000099999999987 0.00000000099999999987 0.00000000099999999987 0.00000000099999999987 0.00000000099999999987 0.99999999099999992147 0.00000000099999999987 
0.00000000099999999991 0.13294527807231987238 0.00000000099999999991 0.45510147639374104456 0.00005315900311333546 0.00000000099999999991 0.00000000099999999991 0.41190008053082571848 0.00000000099999999991 0.00000000099999999991 
0.00000000099999999979 0.00000000099999999979 0.00000000099999999979 0.00000000099999999979 0.00000000099999999979 0.99999999100000003249 0.00000000099999999979 0.00000000099999999979 0.00000000099999999979 0.00000000099999999979 
0.99999999100000025454 0.00000000099999999986 0.00000000099999999986 0.00000000099999999986 0.00000000099999999986 0.00000000099999999986 0.00000000099999999986 0.00000000099999999986 0.00000000099999999986 0.00000000099999999986 
0.00000000099999999989 0.00000000099999999989 0.00000000099999999989 0.00000000099999999989 0.00000032528559223208 0.00000000099999999989 0.00000000099999999989 0.64894089749380823307 0.00000000099999999989 0.35105877022059944759 
0.00000000099999999980 0.00000000099999999980 0.00000000099999999980 0.00000000099999999980 0.00000000099999999980 0.00000000099999999980 0.00000000099999999980 0.99999999099999992147 0.00000000099999999980 0.00000000099999999980 
0.00000000099999999988 0.00000000099999999988 0.00000000099999999988 0.00000000099999999988 0.27959381249707471184 0.26376638709801170091 0.00000000099999999988 0.00000000099999999988 0.00000000099999999988 0.45663979340491372971 
0.00000000099999999993 0.62459784949830954304 0.37540214250169051668 0.00000000099999999993 0.00000000099999999993 0.00000000099999999993 0.00000000099999999993 0.00000000099999999993 0.00000000099999999993 0.00000000099999999993 
0.99999999100000014352 0.00000000099999999988 0.00000000099999999988 0.00000000099999999988 0.00000000099999999988 0.00000000099999999988 0.00000000099999999988 0.00000000099999999988 0.00000000099999999988 0.00000000099999999988 
0.00000000099999999984 0.00000000099999999984 0.00000000099999999984 0.00000000099999999984 0.00000000099999999984 0.42402976075200182748 0.00000000099999999984 0.00000000099999999984 0.57597023124799806570 0.00000000099999999984 
