0.00000000099999999981 0.99999999800000005656 0.00000000099999999981 
0.00000000099999999985 0.00000000099999999985 0.99999999799999994554 
0.00000000099999999984 0.00000000099999999984 0.99999999800000005656 
0.00000000099999999982 0.00000000099999999982 0.99999999800000005656 
0.00000000099999999989 0.00000000099999999989 0.99999999800000005656 
0.99999999800000005656 0.00000000099999999995 0.00000000099999999995 
0.86564021102059751644 0.00000000099999999994 0.13435978797940248408 
0.00000000099999999998 0.10000134932043767966 0.89999864967956233475 
0.00000000099999999993 0.00000000099999999993 0.99999999799999994554 
0.99999999799999994554 0.00000000099999999991 0.00000000099999999991 
0.00000000099999999985 0.00000000099999999985 0.99999999800000005656 
0.00000000099999999988 0.00000000099999999988 0.99999999800000005656 
0.00000000099999999986 0.00000000099999999986 0.99999999799999994554 
0.98797724422862354121 0.00000000099999999999 0.01202275477137639166 
0.00000000099999999994 0.00000000099999999994 0.99999999800000005656 
0.99999999800000005656 0.00000000099999999994 0.00000000099999999994 
0.00000000099999999993 0.00000000099999999993 0.99999999800000005656 
0.00000000099999999984 0.00000000099999999984 0.99999999800000005656 
0.92981024196324757458 0.00000000099999999994 0.07018975703675232880 
0.00000000099999999987 0.00000000099999999987 0.99999999800000005656 
0.00000000099999999989 0.00000000099999999989 0.99999999799999994554 
0.00000000099999999991 0.00000000099999999991 0.99999999799999994554 
0.99999999799999994554 0.00000000099999999995 0.00000000099999999995 
0.92410355441486857764 0.00000000099999999998 0.07589644458513132574 
0.00000000099999999997 0.07597183515444577706 0.92402816384555430673 
0.99999999800000005656 0.00000000099999999996 0.00000000099999999996 
0.00000000099999999989 0.00000000099999999989 0.99999999800000005656 
0.91579817988098177750 0.00000000099999999998 0.08420181911901826466 
0.00000000099999999994 0.00000000099999999994 0.99999999800000005656 
0.00000000099999999986 0.00000000099999999986 0.99999999799999994554 
0.00000000099999999995 0.76852692601139649398 0.23147307298860356206 
0.90462535400240473571 0.09537464499759533421 0.00000000099999999998 
0.80738142450464078781 0.00000000099999999998 0.19261857449535924047 
0.93911699709304075068 0.06088300190695926373 0.00000000099999999996 
0.87453795677523893382 0.00000000099999999996 0.12546204222476101120 
0.99999999800000005656 0.00000000099999999990 0.00000000099999999990 
0.88623989487844756496 0.02470001819898490908 0.08906008692256747739 
0.00000000099999999997 0.00000000099999999997 0.99999999800000005656 
0.94327836576013623926 0.00000000100000000000 0.05672163323986377514 
0.00000000099999999999 0.01366233546388776789 0.98633766353611218580 
0.00000000099999999991 0.00000000099999999991 0.99999999800000005656 
0.00000000099999999990 0.00000000099999999990 0.99999999800000005656 
0.02341489747082110134 0.01125856118924413105 0.96532654133993478496 
0.83178974518368420377 0.00598641076081736674 0.16222384405549830633 
0.95951886970838062840 0.04048112929161922641 0.00000000099999999998 
0.00000000099999999996 0.00000000099999999996 0.99999999799999994554 
0.89737447947208615062 0.10011063722318042091 0.00251488330473350957 
0.99999999799999994554 0.00000000099999999996 0.00000000099999999996 
0.87869456122164368850 0.05019118726384371593 0.07111425151451244986 
0.94319828340002231926 0.00000000099999999997 0.05680171559997757719 
0.00000000099999999993 0.00000000099999999993 0.99999999799999994554 
0.00000000099999999994 0.00000000099999999994 0.99999999800000005656 
0.91531067643217567387 0.08468932256782416013 0.00000000099999999998 
0.00000000099999999995 0.99999999799999994554 0.00000000099999999995 
0.94196111685965810967 0.00000000099999999998 0.05803888214034184923 
0.00000000099999999996 0.99999999800000005656 0.00000000099999999996 
0.97621102038109874854 0.02378897861890114790 0.00000000099999999997 
0.91276492906021533535 0.00000000099999999999 0.08723506993978469293 
0.00000000099999999996 0.01278318427897299700 0.98721681472102706945 
0.99999999799999994554 0.00000000099999999997 0.00000000099999999997 
0.98510631862680220205 0.01489368037319770827 0.00000000099999999994 
0.00000000099999999993 0.00000000099999999993 0.99999999800000005656 
0.91146994463333363967 0.08853005436666644412 0.00000000100000000000 
0.97537368312035876983 0.02462631587964114396 0.00000000099999999999 
0.77013261945564437383 0.18443389822716552140 0.04543348231718993130 
0.00000000099999999995 0.00000000099999999995 0.99999999800000005656 
0.00000000099999999997 0.99999999800000005656 0.00000000099999999997 
0.00000000099999999992 0.99999999800000005656 0.00000000099999999992 
0.95823063750944503791 0.04176936149055494180 0.00000000099999999997 
0.92257734946772063100 0.07742264953227945279 0.00000000100000000000 
0.00000000099999999994 0.00000000099999999994 0.99999999800000005656 
0.00000000099999999998 0.12090846567399569922 0.87909153332600431519 
0.00000000099999999999 0.00000000099999999999 0.99999999800000005656 
0.79581237395684489844 0.20418762504315499107 0.00000000099999999999 
0.99999999800000005656 0.00000000099999999998 0.00000000099999999998 
0.99999999800000005656 0.00000000099999999994 0.00000000099999999994 
0.00000030463886999659 0.02541362906459209911 0.97458606629653787845 
0.00000000099999999991 0.99999999799999994554 0.00000000099999999991 
0.99999999800000005656 0.00000000099999999993 0.00000000099999999993 
0.00000000099999999996 0.00000000099999999996 0.99999999800000005656 
0.00000000099999999993 0.99999999799999994554 0.00000000099999999993 
0.97515805443546710318 0.02484194456453289734 0.00000000100000000000 
0.84409200345661816733 0.00000000099999999997 0.15590799554338180544 
0.80749503403144162750 0.15804781685909366495 0.03445714910946472836 
0.99141119882657247064 0.00858880017342754203 0.00000000099999999998 
0.91143911330214699706 0.00000000099999999998 0.08856088569785304510 
0.00000000100000000000 0.02103962593326374683 0.97896037306673622247 
0.93425100594722421121 0.00000000099999999998 0.06574899305277584483 
0.98980653997248824183 0.01019345902751170839 0.00000000099999999998 
0.00000000099999999994 0.00000000099999999994 0.99999999799999994554 
0.99999999800000005656 0.00000000099999999998 0.00000000099999999998 
0.99999999799999994554 0.00000000099999999997 0.00000000099999999997 
0.00000000099999999995 0.99999999800000005656 0.00000000099999999995 
0.00000000099999999988 0.99999999799999994554 0.00000000099999999988 
0.70888516734234419125 0.02601621343492851665 0.26509861922272737189 
0.00000000099999999994 0.00000000099999999994 0.99999999799999994554 
0.82306813082265273263 0.00000000099999999998 0.17693186817734732341 
0.82991180645217210721 0.00000000099999999999 0.17008819254782803210 
0.49668960527499844693 0.00000000099999999999 0.50331039372500163687 
0.07236891816031496005 0.38522415536065029995 0.54240692647903465673 
0.00153513762515374106 0.00000000100000000000 0.99846486137484613543 
0.00000000099999999999 0.00000000099999999999 0.99999999800000005656 
0.95230331850779370573 0.04769668049220624623 0.00000000099999999999 
0.07612011315987296523 0.28676188565267507480 0.63711800118745198773 
0.18109718837016572368 0.00000000099999999998 0.81890281062983438787 
0.00000000099999999995 0.00000000099999999995 0.99999999800000005656 
0.00000001178241154803 0.02117368436388092010 0.97882630385370761328 
0.00000000099999999998 0.04140822409838509910 0.95859177490161495694 
0.99999999800000005656 0.00000000099999999999 0.00000000099999999999 
0.00000000099999999995 0.03414017026712155845 0.96585982873287834494 
0.00000003309911959189 0.00000000099999999998 0.99999996590088036097 
0.96741337948972305760 0.00000000099999999999 0.03258661951027682496 
0.72575957070341257094 0.00000000099999999998 0.27424042829658740184 
0.66331968842177757573 0.10056793680205067254 0.23611237477617175173 
0.93155682426174513111 0.00000000100000000000 0.06844317473825474452 
0.12692589855831626355 0.20206666852134677614 0.67100743292033682152 
0.00000000099999999998 0.20338046715800284225 0.79661953184199707501 
0.90696865747046107042 0.00000000100000000000 0.09303134152953893010 
0.00000000099999999999 0.11774644371769034390 0.88225355528230964275 
0.00000000099999999998 0.22696101712491648095 0.77303898187508357509 
0.02840702193977286821 0.00000000099999999998 0.97159297706022718089 
0.06239122099806213018 0.08322430263708004150 0.85438447636485781445 
0.00000000099999999998 0.28365517933662176553 0.71634481966337804071 
0.93557977225682853462 0.06442022674317150754 0.00000000099999999999 
0.90031551897573525167 0.00000000099999999999 0.09968448002426477661 
0.00000000099999999997 0.00000000099999999997 0.99999999799999994554 
0.96215725202142399208 0.00000000099999999997 0.03784274697857598069 
0.00000000099999999994 0.99999999799999994554 0.00000000099999999994 
0.00000000099999999996 0.00000000099999999996 0.99999999799999994554 
0.00000000099999999999 0.99999999799999994554 0.00000000099999999999 
0.00000000099999999996 0.00000000099999999996 0.99999999800000005656 
0.99999999799999994554 0.00000000099999999995 0.00000000099999999995 
0.00000000099999999999 0.83919234676005782791 0.16080765223994228363 
0.00000000099999999998 0.84026772945542949067 0.15973226954457053761 
0.05765481787850620238 0.09122884964531317864 0.85111633247618068143 
0.00000000099999999996 0.99999999799999994554 0.00000000099999999996 
0.00000000099999999996 0.00000000099999999996 0.99999999799999994554 
0.99999999800000005656 0.00000000099999999999 0.00000000099999999999 
0.00000000099999999998 0.76644150667520516418 0.23355849232479486410 
0.00000000100000000000 0.12246624993410008819 0.87753374906589975968 
0.75967864593430667330 0.24032135306569341049 0.00000000099999999999 
0.00000000099999999998 0.99999999799999994554 0.00000000099999999998 
0.00000000099999999999 0.44192277154402787032 0.55807722745597199143 
0.00000000099999999997 0.99999999799999994554 0.00000000099999999997 
0.00000000099999999997 0.78455356158753608575 0.21544643741246397028 
0.85104170488034036612 0.14895829411965966216 0.00000000099999999999 
0.95842254823673023179 0.00000000099999999999 0.04157745076326992834 
0.00001963211550984268 0.99998036688449021270 0.00000000099999999999 
0.00000000099999999999 0.35629535379821847263 0.64370464520178150014 
0.00000000099999999999 0.06448643634208493791 0.93551356265791507649 
0.75190474295971410079 0.00000000099999999999 0.24809525604028598300 
0.20796949653263893665 0.22641887511499808605 0.56561162835236311608 
0.00000000099999999998 0.00347270098118226955 0.99652729801881778648 
0.00000000099999999998 0.21149736683976877449 0.78850263216023130930 
0.02745292834594514550 0.12188977719307669823 0.85065729446097815281 
0.00000000099999999998 0.20345562279171852671 0.79654437620828133504 
0.00000000099999999999 0.00934552947541502678 0.99065446952458502405 
0.75413913770766483058 0.00000000099999999999 0.24586086129233530873 
0.21683969275110631658 0.00000000099999999999 0.78316030624889365619 
0.00000000099999999996 0.99999999800000005656 0.00000000099999999996 
0.76419899900941290483 0.00000000100000000000 0.23580099999058706794 
0.81461638708916872531 0.00000000099999999997 0.18538361191083127522 
0.00000000099999999999 0.67993395173807069654 0.32006604726192927624 
0.00000000099999999998 0.99999999800000005656 0.00000000099999999998 
0.66788653250431195829 0.00000000100000000000 0.33211346649568818101 
0.00000000099999999997 0.00000000099999999997 0.99999999800000005656 
0.18224276318552257159 0.11886578089534734215 0.69889145591913015565 
0.68970133308956327323 0.31029866591043675506 0.00000000099999999999 
0.00000000099999999999 0.15931835095892193932 0.84068164804107814447 
0.78256822264744274609 0.00000000099999999997 0.21743177635255725444 
0.23897803077626819657 0.09369254845845562119 0.66732942076527623776 
0.00000000099999999999 0.00000000099999999999 0.99999999800000005656 
0.00000000099999999998 0.89668842947035765079 0.10331156952964226647 
0.00000000099999999996 0.00000000099999999996 0.99999999800000005656 
0.00000000099999999999 0.10145105241704251153 0.89854894658295758614 
0.28308795843599332542 0.17765890282274712786 0.53925313874125957447 
0.00000000099999999997 0.99999999800000005656 0.00000000099999999997 
0.16987697375861582350 0.33204355025306103721 0.49807947598832325031 
0.07661784990173289844 0.00000000100000000000 0.92338214909826710208 
0.24290939258303267945 0.00000000099999999999 0.75709060641696723781 
0.00000000099999999999 0.06447543704082028815 0.93552456195917976789 
0.00000000099999999997 0.00000000099999999997 0.99999999799999994554 
0.00000000099999999997 0.99999999800000005656 0.00000000099999999997 
0.50668900276867290255 0.29041556709134153103 0.20289543013998559418 
0.00000000099999999999 0.00000001317297336041 0.99999998582702653849 
0.00000000099999999999 0.00000000099999999999 0.99999999800000005656 
0.91715922632451385432 0.00000000099999999999 0.08284077267548603518 
0.76026803141583576551 0.23973196758416423502 0.00000000099999999999 
0.99999999800000005656 0.00000000099999999998 0.00000000099999999998 
0.00000000099999999999 0.36985135458562906630 0.63014864441437090647 
0.00000000099999999995 0.99999999800000005656 0.00000000099999999995 
0.99999999799999994554 0.00000000099999999998 0.00000000099999999998 
0.00000000099999999997 0.99999999800000005656 0.00000000099999999997 
0.10636221631694744993 0.29322605125458034436 0.60041173242847223346 
0.90608753333120650719 0.00080840041113318709 0.09310406625766033673 
0.00000000099999999999 0.00000000099999999999 0.99999999799999994554 
0.00000000100000000000 0.44696170649529709529 0.55303829250470282197 
0.00000000099999999999 0.05131859401956077871 0.94868140498043906916 
0.60106129073709801958 0.00000000100000000000 0.39893870826290200871 
0.30673823190392079940 0.00000000099999999999 0.69326176709607911786 
0.59909301603687437066 0.40090698296312554660 0.00000000100000000000 
0.00000000099999999997 0.99999999799999994554 0.00000000099999999997 
0.00000000099999999998 0.99999999800000005656 0.00000000099999999998 
0.00000000099999999997 0.99999999799999994554 0.00000000099999999997 
0.00000000100000000000 0.99999999799999994554 0.00000000100000000000 
0.79786087566881147559 0.00000000100000000000 0.20213912333118866371 
0.19488958514873808148 0.00000000100000000000 0.80511041385126180803 
0.20183516218736452519 0.55463017489791877068 0.24353466291471673189 
0.00000000099999999999 0.00000000099999999999 0.99999999799999994554 
0.00000000099999999998 0.99999999800000005656 0.00000000099999999998 
0.00000000099999999998 0.99999999800000005656 0.00000000099999999998 
0.96640957045242470436 0.00000000099999999999 0.03359042854757542107 
0.00000000099999999998 0.99999999800000005656 0.00000000099999999998 
0.99999999799999994554 0.00000000099999999999 0.00000000099999999999 
0.00000000099999999999 0.82295445019734525527 0.17704554880265468975 
0.99999999799999994554 0.00000000099999999998 0.00000000099999999998 
0.00000000099999999998 0.99999999799999994554 0.00000000099999999998 
0.99999999799999994554 0.00000000100000000000 0.00000000100000000000 
0.34328339929848639134 0.24611804862742583944 0.41059855207408763045 
0.00000000099999999999 0.76144952459361048280 0.23855047440638960099 
0.00000000099999999999 0.99999999800000005656 0.00000000099999999999 
0.00000000099999999997 0.99999999800000005656 0.00000000099999999997 
0.00000000100000000000 0.06909261761423947379 0.93090738138576045735 
0.00000000099999999998 0.99999999800000005656 0.00000000099999999998 
0.00000000099999999999 0.99999999799999994554 0.00000000099999999999 
0.00000000099999999999 0.99999999800000005656 0.00000000099999999999 
0.04108048288380285878 0.95891951611619707929 0.00000000099999999999 
0.99999999800000005656 0.00000000099999999999 0.00000000099999999999 
0.96193464267354966690 0.00000000100000000000 0.03806535632645041689 
0.00000005068993877371 0.35174119681985099861 0.64825875249021036595 
