0.00000000099999999973 0.00000000099999999973 0.99999999699999986280 0.00000000099999999973 
0.00000000099999999980 0.99999999699999997382 0.00000000099999999980 0.00000000099999999980 
0.00000000099999999978 0.99999999699999997382 0.00000000099999999978 0.00000000099999999978 
0.00000000099999999973 0.99999999699999997382 0.00000000099999999973 0.00000000099999999973 
0.00000000099999999983 0.99999999700000008485 0.00000000099999999983 0.00000000099999999983 
0.53056637997288869091 0.00000000099999999992 0.00000000099999999992 0.46943361802711136566 
0.04976333200826500019 0.00000000099999999997 0.00000000099999999997 0.95023666599173495229 
0.09961172878464273628 0.89994762331968380931 0.00044064689567335834 0.00000000099999999995 
0.00000000099999999987 0.99999999700000008485 0.00000000099999999987 0.00000000099999999987 
0.99999999699999997382 0.00000000099999999973 0.00000000099999999973 0.00000000099999999973 
0.00000000099999999975 0.99999999700000008485 0.00000000099999999975 0.00000000099999999975 
0.00000000099999999980 0.99999999700000008485 0.00000000099999999980 0.00000000099999999980 
0.00000000099999999976 0.99999999699999997382 0.00000000099999999976 0.00000000099999999976 
0.09773816863281077627 0.00000000099999999997 0.00000000099999999997 0.90226182936718934968 
0.00000000099999999989 0.99999999700000008485 0.00000000099999999989 0.00000000099999999989 
0.03659261352520623567 0.00000000099999999990 0.00000000099999999990 0.96340738447479379314 
0.00000000099999999989 0.99999999700000008485 0.00000000099999999989 0.00000000099999999989 
0.00000000099999999974 0.99999999699999997382 0.00000000099999999974 0.00000000099999999974 
0.00000000099999999993 0.00000000099999999993 0.00000000099999999993 0.99999999700000008485 
0.00000000099999999980 0.99999999699999997382 0.00000000099999999980 0.00000000099999999980 
0.00000000099999999982 0.99999999699999997382 0.00000000099999999982 0.00000000099999999982 
0.00000000099999999986 0.99999999699999997382 0.00000000099999999986 0.00000000099999999986 
0.19362046372748997758 0.00000000099999999993 0.00000000099999999993 0.80637953427250996796 
0.10776723657992551275 0.00000000099999999996 0.00000000099999999996 0.89223276142007457157 
0.00000000099999999995 0.92070458191011672611 0.07929541608988331658 0.00000000099999999995 
0.49092081316036989547 0.00000000099999999993 0.00000000099999999993 0.50907918483963010559 
0.00000000099999999981 0.99999999699999997382 0.00000000099999999981 0.00000000099999999981 
0.13306163518508976051 0.00000000099999999994 0.00000000099999999994 0.86693836281491032381 
0.00000000099999999990 0.99999999700000008485 0.00000000099999999990 0.00000000099999999990 
0.00000000099999999978 0.99999999699999997382 0.00000000099999999978 0.00000000099999999978 
0.00000000099999999987 0.00000000099999999987 0.99999999699999997382 0.00000000099999999987 
0.99999999699999997382 0.00000000099999999994 0.00000000099999999994 0.00000000099999999994 
0.23854232528786289969 0.12146203605625556510 0.00000000099999999998 0.63999563765588152187 
0.99999999700000008485 0.00000000099999999983 0.00000000099999999983 0.00000000099999999983 
0.00000000099999999997 0.00000000099999999997 0.00000000099999999997 0.99999999700000008485 
0.50419954519923959602 0.00000000099999999989 0.00000000099999999989 0.49580045280076046055 
0.56743980931305859627 0.07319565526062551952 0.00003238567449707323 0.35933214975181893003 
0.00000000099999999994 0.99999999699999997382 0.00000000099999999994 0.00000000099999999994 
0.10339125958501813041 0.00000000099999999999 0.04986792810842622520 0.84674081130655565186 
0.08231168577103657735 0.91768831222896340982 0.00000000099999999997 0.00000000099999999997 
0.00000000099999999984 0.99999999700000008485 0.00000000099999999984 0.00000000099999999984 
0.00000000099999999985 0.99999999700000008485 0.00000000099999999985 0.00000000099999999985 
0.03760751855663540394 0.96145685072710840302 0.00000000100000000000 0.00093562971625614879 
0.61101410384735077574 0.14210103129910892084 0.00000000099999999999 0.24688486385354030395 
0.35483985921491928428 0.00000000099999999997 0.03001724900075273747 0.61514289078432782265 
0.00000000099999999994 0.99999999700000008485 0.00000000099999999994 0.00000000099999999994 
0.06860762515295308617 0.00000000099999999999 0.07853002568346152679 0.85286234816358552635 
0.77052000306193624279 0.00000000099999999995 0.00000000099999999995 0.22947999493806386928 
0.00000000099999999997 0.00000000099999999997 0.02616388790743735121 0.97383611009256265678 
0.00000000677371637583 0.00000000099999999997 0.00000000099999999997 0.99999999122628357995 
0.00000000099999999989 0.99999999699999997382 0.00000000099999999989 0.00000000099999999989 
0.00000000099999999991 0.99999999699999997382 0.00000000099999999991 0.00000000099999999991 
0.99999999700000008485 0.00000000099999999990 0.00000000099999999990 0.00000000099999999990 
0.00000000099999999993 0.00000000099999999993 0.99999999699999997382 0.00000000099999999993 
0.00000000099999999995 0.00000000099999999995 0.00000000099999999995 0.99999999699999997382 
0.00000000099999999992 0.00000000099999999992 0.99999999699999986280 0.00000000099999999992 
0.99999999699999997382 0.00000000099999999984 0.00000000099999999984 0.00000000099999999984 
0.00000000099999999999 0.00000000099999999999 0.04355024492930500979 0.95644975307069501902 
0.00000000099999999994 0.99999999700000008485 0.00000000099999999994 0.00000000099999999994 
0.99999999699999997382 0.00000000099999999994 0.00000000099999999994 0.00000000099999999994 
0.99999999699999997382 0.00000000099999999985 0.00000000099999999985 0.00000000099999999985 
0.00000000099999999989 0.99999999700000008485 0.00000000099999999989 0.00000000099999999989 
0.48111996770503451248 0.00000000099999999999 0.02997734901209497815 0.48890268228287042662 
0.14555925640633712859 0.00000000099999999996 0.00000000099999999996 0.85444074159366278920 
0.90543021224826136795 0.00000000099999999993 0.09456978575173859147 0.00000000099999999993 
0.00000000099999999992 0.99999999699999997382 0.00000000099999999992 0.00000000099999999992 
0.12657832169850527504 0.00000000099999999995 0.87342167630149469826 0.00000000099999999995 
0.00000000099999999988 0.00000000099999999988 0.99999999699999986280 0.00000000099999999988 
0.99999999700000008485 0.00000000099999999989 0.00000000099999999989 0.00000000099999999989 
0.99999999699999997382 0.00000000099999999992 0.00000000099999999992 0.00000000099999999992 
0.00000000099999999991 0.99999999700000008485 0.00000000099999999991 0.00000000099999999991 
0.00000000099999999997 0.87484332453281854480 0.12515667346718151176 0.00000000099999999997 
0.00000000099999999996 0.95441406167092657231 0.00000000099999999996 0.04558593632907349119 
0.99999999700000008485 0.00000000099999999992 0.00000000099999999992 0.00000000099999999992 
0.77406813826001552581 0.00000000099999999997 0.00000000099999999997 0.22593185973998441973 
0.99999999700000008485 0.00000000099999999983 0.00000000099999999983 0.00000000099999999983 
0.05804131669909640134 0.94184804681667144699 0.00011063548423219950 0.00000000100000000000 
0.00000000099999999987 0.00000000099999999987 0.99999999699999997382 0.00000000099999999987 
0.99999999699999997382 0.00000000099999999985 0.00000000099999999985 0.00000000099999999985 
0.00000000099999999994 0.99999999699999997382 0.00000000099999999994 0.00000000099999999994 
0.00000000099999999990 0.00000000099999999990 0.99999999699999997382 0.00000000099999999990 
0.00000000099999999996 0.00000000099999999996 0.00000000099999999996 0.99999999699999997382 
0.19080256288115327035 0.05365464701303586381 0.00000000099999999997 0.75554278910581096351 
0.96966230126995556216 0.00000000099999999997 0.03033769673004453257 0.00000000099999999997 
0.79801199145456347406 0.00000000099999999996 0.00000000099999999996 0.20198800654543658251 
0.00000000099999999997 0.00000000099999999997 0.00000000099999999997 0.99999999699999997382 
0.23731031893461723703 0.76268967906538287505 0.00000000099999999994 0.00000000099999999994 
0.00000000099999999997 0.00000000099999999997 0.00000000099999999997 0.99999999700000008485 
0.99999999699999997382 0.00000000099999999989 0.00000000099999999989 0.00000000099999999989 
0.00000000099999999990 0.99999999700000008485 0.00000000099999999990 0.00000000099999999990 
0.25004323889281798721 0.00000000099999999997 0.00000000099999999997 0.74995675910718195833 
0.01914373667404991805 0.00000000099999999997 0.00000000099999999997 0.98085626132595005178 
0.00000000099999999991 0.00000000099999999991 0.99999999699999997382 0.00000000099999999991 
0.00000000099999999984 0.00000000099999999984 0.99999999699999986280 0.00000000099999999984 
0.00000000099999999999 0.15254295262176498227 0.04826905419658045898 0.79918799218165459397 
0.00000000099999999990 0.99999999700000008485 0.00000000099999999990 0.00000000099999999990 
0.17804836967961404359 0.15808430002204612586 0.00000000099999999998 0.66386732929833969230 
0.37466094554790041471 0.13961144003796002733 0.00000000099999999999 0.48572761341413944747 
0.00000000099999999999 0.39449676494642621494 0.01428572151248289242 0.59121751254109078388 
0.13872799824814324721 0.51487433280621730525 0.34639766794563942032 0.00000000099999999999 
0.18401657586546898981 0.81598342213453101124 0.00000000099999999996 0.00000000099999999996 
0.00000000099999999998 0.99999999700000008485 0.00000000099999999998 0.00000000099999999998 
0.18136430807337802773 0.00000000099999999998 0.06062840146151925874 0.75800728946510265160 
0.00000000099999999997 0.58334319602475337430 0.33131045035214751193 0.08534635262309907267 
0.03591335651856356059 0.81433377768678505415 0.00000000099999999998 0.14975286479465138578 
0.00000000099999999995 0.99999999700000008485 0.00000000099999999995 0.00000000099999999995 
0.19412655885868002059 0.80587343914131992495 0.00000000099999999997 0.00000000099999999997 
0.00000000099999999995 0.95010249200586871510 0.04989750599413130677 0.00000000099999999995 
0.65544018746253174257 0.00000000099999999998 0.00000000099999999998 0.34455981053746825848 
0.00000000099999999990 0.96519832118374637719 0.03480167681625362386 0.00000000099999999990 
0.00000000099999999998 0.96990798937404354430 0.00000000099999999998 0.03009200862595655390 
0.18631318792622433844 0.00000000099999999997 0.00000000099999999997 0.81368681007377574588 
0.08962682713711717097 0.17507976897276783523 0.00000000099999999999 0.73529340289011491105 
0.39167968553285825717 0.20644485708551291170 0.07694129396621944561 0.32493416341540942716 
0.28308002334472659456 0.03679963853436205717 0.00006437860375639132 0.68005595951715480663 
0.21196164484706836451 0.60261788278579586642 0.18542047136713582511 0.00000000099999999998 
0.00000000099999999996 0.83010015291897321088 0.16989984508102676242 0.00000000099999999996 
0.00008116428415483102 0.01679324008334964757 0.02568420297174220379 0.95744139266075323214 
0.00000000099999999997 0.84684863162474299791 0.15315136637525705865 0.00000000099999999997 
0.00000000099999999997 0.77226564292217536600 0.22773435507782471832 0.00000000099999999997 
0.02039536089382879003 0.97960463710617118327 0.00000000099999999998 0.00000000099999999998 
0.20714406581153096965 0.79285593218846894814 0.00000000099999999998 0.00000000099999999998 
0.00000000099999999997 0.70998263875124301148 0.29001735924875698958 0.00000000099999999997 
0.48491451216141856495 0.00000000099999999999 0.00000000099999999999 0.51508548583858149161 
0.14719014942025562820 0.00828912223171314293 0.00000000100000000000 0.84452072734803129705 
0.00000000099999999994 0.99999999700000008485 0.00000000099999999994 0.00000000099999999994 
0.00000000099999999995 0.00000000099999999995 0.00000000099999999995 0.99999999699999997382 
0.00000000099999999989 0.00000000099999999989 0.99999999699999986280 0.00000000099999999989 
0.00000000099999999995 0.99999999699999997382 0.00000000099999999995 0.00000000099999999995 
0.00000000099999999998 0.00000000099999999998 0.85103471554567033941 0.14896528245432963389 
0.00000000099999999993 0.99999999699999997382 0.00000000099999999993 0.00000000099999999993 
0.19928021979762328142 0.00000000099999999995 0.00000000099999999995 0.80071977820237660861 
0.00000000099999999999 0.21567569370105907356 0.78432430429894084423 0.00000000099999999999 
0.06188977619874198866 0.16029702174683752025 0.77781320105442042223 0.00000000099999999998 
0.15476579347018831756 0.81611697699645457948 0.02911722853335708266 0.00000000099999999999 
0.00000000099999999995 0.00000000099999999995 0.99999999699999997382 0.00000000099999999995 
0.00000000099999999994 0.99999999699999997382 0.00000000099999999994 0.00000000099999999994 
0.03628582729991648020 0.00000000099999999998 0.00000000099999999998 0.96371417070008347228 
0.00000000099999999995 0.00000000099999999995 0.99999999699999986280 0.00000000099999999995 
0.00000000099999999999 0.87432607910213921976 0.12567391605113606423 0.00000000384672476108 
0.99999999699999997382 0.00000000099999999994 0.00000000099999999994 0.00000000099999999994 
0.00000000099999999997 0.00000000099999999997 0.99999999699999997382 0.00000000099999999997 
0.08020660298416364131 0.53590207523602995110 0.38389132077980636648 0.00000000099999999997 
0.00001200219336883899 0.00000000099999999997 0.99998799580663111364 0.00000000099999999997 
0.00000000099999999994 0.00000000099999999994 0.99999999699999986280 0.00000000099999999994 
0.00000000099999999998 0.00000000099999999998 0.13280587627093587422 0.86719412172906407132 
0.56120271378803043838 0.10981127123018145919 0.00000000099999999999 0.32898601398178811683 
0.16727725171461571563 0.00000000099999999998 0.83272274628538422991 0.00000000099999999998 
0.00000000099999999998 0.67490011905202429432 0.32509987894797565122 0.00000000099999999998 
0.07815851274672766524 0.89923630385397412823 0.02260518239929805787 0.00000000099999999999 
0.00000000099999999997 0.08633885130306491462 0.00000000099999999997 0.91366114669693521133 
0.05264255467182654691 0.62279662020972004211 0.17216799427698947778 0.15239283084146404423 
0.00000000099999999997 0.95586543985771887932 0.04413455814228122581 0.00000000099999999997 
0.00000000099999999996 0.82572211712329668387 0.17427788087670331718 0.00000000099999999996 
0.00000000099999999999 0.84860007762796196840 0.12029833574648689243 0.03110158562555120215 
0.00000000099999999996 0.82633574283066502097 0.17366425516933495232 0.00000000099999999996 
0.08447739559494034378 0.91552260240505967115 0.00000000099999999998 0.00000000099999999998 
0.00000000099999999998 0.00000000099999999998 0.00000000099999999998 0.99999999700000008485 
0.02909142926135588336 0.71118368544012067201 0.00000000099999999999 0.25972488429852358394 
0.00000000099999999995 0.00000000099999999995 0.99999999699999997382 0.00000000099999999995 
0.40791579481010570296 0.22792531863650308810 0.00000000100000000000 0.36415888555339115396 
0.05327472714402275294 0.00000000099999999997 0.00000000099999999997 0.94672527085597724117 
0.00000000099999999997 0.00000000099999999997 0.99999999699999997382 0.00000000099999999997 
0.00000000099999999996 0.00000000099999999996 0.99999999699999986280 0.00000000099999999996 
0.00000000100000000000 0.05326366284334106693 0.10606489834784055271 0.84067143780881836701 
0.00000000099999999994 0.99999999700000008485 0.00000000099999999994 0.00000000099999999994 
0.48442495044145783556 0.51557504755854222100 0.00000000099999999998 0.00000000099999999998 
0.64856084398874747077 0.00000000099999999999 0.12538240467035979830 0.22605675034089284248 
0.01608267752056773831 0.85590351402773046097 0.12801380745170184983 0.00000000099999999999 
0.35020491559833305528 0.18925105763820113114 0.00000000099999999997 0.46054402576346586962 
0.40700073829587629648 0.59299925970412370457 0.00000000099999999999 0.00000000099999999999 
0.00000000099999999998 0.94135059454551461844 0.00000000099999999998 0.05864940345448538261 
0.00000000099999999995 0.08971563816318169071 0.91028435983681821320 0.00000000099999999995 
0.00000000099999999995 0.99999999700000008485 0.00000000099999999995 0.00000000099999999995 
0.00000000099999999998 0.84163965132857476714 0.15836034667142526167 0.00000000099999999998 
0.10287804856457138936 0.55000536421248091834 0.15308254142160676592 0.19403404580134092638 
0.00000000099999999994 0.00000000099999999994 0.99999999699999997382 0.00000000099999999994 
0.46470069927706114665 0.36897687402586304417 0.16632242569707575419 0.00000000099999999998 
0.17898437624003071811 0.82101562175996922743 0.00000000099999999999 0.00000000099999999999 
0.30307395799189146279 0.69692604000810864928 0.00000000099999999998 0.00000000099999999998 
0.00000000099999999998 0.92377965607285505989 0.07622034192714505219 0.00000000099999999998 
0.00000000099999999995 0.99999999699999997382 0.00000000099999999995 0.00000000099999999995 
0.00000000099999999995 0.00000000099999999995 0.99999999699999986280 0.00000000099999999995 
0.13037398605233013749 0.02648378766001353163 0.44782242502222707747 0.39531980126542920484 
0.00000000099999999998 0.99999952167968542138 0.00000047632031453780 0.00000000099999999998 
0.06032098049170827453 0.93967901750829163632 0.00000000099999999999 0.00000000099999999999 
0.91598316601688833938 0.08401683198311173106 0.00000000099999999999 0.00000000099999999999 
0.77673080402049954341 0.00000000099999999999 0.22326919397950045765 0.00000000099999999999 
0.21781169097723637740 0.00000000099999999997 0.00000000099999999997 0.78218830702276354039 
0.17080798397212318407 0.65959795295833778539 0.16959406206953900331 0.00000000099999999998 
0.00000000099999999994 0.00000000099999999994 0.99999999699999997382 0.00000000099999999994 
0.39427120018528055700 0.00000000099999999998 0.00000000099999999998 0.60572879781471933303 
0.00000000099999999995 0.00000000099999999995 0.99999999699999997382 0.00000000099999999995 
0.53637212662497957272 0.46362787137502048385 0.00000000099999999998 0.00000000099999999998 
0.15020321503885758485 0.00000000100000000000 0.00002601782389275070 0.84977076613724966681 
0.00000000099999999998 0.99999999700000008485 0.00000000099999999998 0.00000000099999999998 
0.00000000099999999999 0.00000000099999999999 0.45741981903222672656 0.54258017896777321898 
0.00000000099999999997 0.96011522508190982883 0.03988477291809021386 0.00000000099999999997 
0.44052751628994490929 0.55947246069188183437 0.00000000100000000000 0.00000002201817336396 
0.00000000099999999998 0.19775083506602145200 0.00000000099999999998 0.80224916293397852129 
0.37243143880235912713 0.00000000100000000000 0.26595163563255003192 0.36161692456509086924 
0.00000000099999999996 0.00000000099999999996 0.99999999699999997382 0.00000000099999999996 
0.00000000099999999996 0.00000000099999999996 0.99999999699999997382 0.00000000099999999996 
0.00000000099999999996 0.00000000099999999996 0.99999999699999997382 0.00000000099999999996 
0.00000000099999999999 0.00000000099999999999 0.99999999699999997382 0.00000000099999999999 
0.10116084061383920356 0.16423589253670314858 0.00000000100000000000 0.73460326584945767614 
0.00000000099999999999 0.77644803264790351882 0.00000000099999999999 0.22355196535209650999 
0.00000000099999999999 0.00000000099999999999 0.72308808205691843529 0.27691191594308156576 
0.00000000099999999998 0.99999999700000008485 0.00000000099999999998 0.00000000099999999998 
0.00000000099999999997 0.00000000099999999997 0.99999999699999997382 0.00000000099999999997 
0.16106184761104908043 0.00000000099999999998 0.83893815038895092062 0.00000000099999999998 
0.00000000099999999997 0.00000000099999999997 0.00000000099999999997 0.99999999700000008485 
0.00000000099999999996 0.00000000099999999996 0.99999999699999986280 0.00000000099999999996 
0.30691442388345951953 0.00000000099999999999 0.00000006218059811391 0.69308551293594233833 
0.00000000099999999998 0.00013284119638571186 0.99986715680361415437 0.00000000099999999998 
0.04376077500677497817 0.00000000099999999998 0.00000000099999999998 0.95623922299322494656 
0.00000000099999999997 0.00000000099999999997 0.99999999699999986280 0.00000000099999999997 
0.62859098237009336518 0.00000301929757925259 0.00000153126670589918 0.37140446706562157964 
0.60754354232152274484 0.38929784232842634673 0.00315861435005103950 0.00000000100000000000 
0.06384348905801762175 0.32394664562033226307 0.61220986432165014346 0.00000000100000000000 
0.00000000099999999998 0.00000000099999999998 0.99999999699999986280 0.00000000099999999998 
0.00000000099999999995 0.00000000099999999995 0.99999999699999986280 0.00000000099999999995 
0.00524698887456469774 0.93482081158040530866 0.05993219854502987443 0.00000000100000000000 
0.00000000099999999996 0.00000000099999999996 0.99999999699999986280 0.00000000099999999996 
0.00000000099999999998 0.00000000099999999998 0.99999999699999997382 0.00000000099999999998 
0.16677348749503134728 0.00000000099999999998 0.83322651050496854275 0.00000000099999999998 
0.00000000099999999999 0.00000000099999999999 0.99891478389802701443 0.00108521410197297383 
0.03261112551765458362 0.06093816169771405084 0.00000000099999999999 0.90645071178463132444 
0.00000000099999999999 0.12390316527795773582 0.00000000099999999999 0.87609683272204219584 
0.00000175507792751172 0.67440434417687256108 0.32559389974519986621 0.00000000100000000000 
