0.99999998800000011734 0.00000000099999999889 0.00000000099999999889 0.00000000099999999889 0.00000000099999999889 0.00000000099999999889 0.00000000099999999889 0.00000000099999999889 0.00000000099999999889 0.00000000099999999889 0.00000000099999999889 0.00000000099999999889 0.00000000099999999889 
0.00000000099999999920 0.46833418812301147449 0.00000000099999999920 0.00000000099999999920 0.00000000099999999920 0.48958338019506481009 0.00000000099999999920 0.00000000099999999920 0.00000000099999999920 0.00000000099999999920 0.00000000099999999920 0.00000000099999999920 0.04208242168192377619 
0.00000000099999999837 0.00000000099999999837 0.00000000099999999837 0.00000000099999999837 0.00000000099999999837 0.00000000099999999837 0.00000000099999999837 0.99999998799999989529 0.00000000099999999837 0.00000000099999999837 0.00000000099999999837 0.00000000099999999837 0.00000000099999999837 
0.00000000099999999912 0.41751262392527971334 0.00000000099999999912 0.00000000099999999912 0.00000000099999999912 0.49257136757381797532 0.00000000099999999912 0.00000000099999999912 0.00000000099999999912 0.08991599850090233048 0.00000000099999999912 0.00000000099999999912 0.00000000099999999912 
0.00000000099999999920 0.56294996845926803530 0.00000000099999999920 0.00000000099999999920 0.00000000099999999920 0.43705002054073210926 0.00000000099999999920 0.00000000099999999920 0.00000000099999999920 0.00000000099999999920 0.00000000099999999920 0.00000000099999999920 0.00000000099999999920 
0.00000000099999999962 0.00000000099999999962 0.00000000099999999962 0.13431853954194367118 0.00000000099999999962 0.00000000099999999962 0.65576073380790755873 0.00000000099999999962 0.00000000099999999962 0.00000000099999999962 0.20992071665014880311 0.00000000099999999962 0.00000000099999999962 
0.00000000099999999957 0.00000000099999999957 0.00000000099999999957 0.27852206175381322151 0.00000000099999999957 0.00000000099999999957 0.00000000099999999957 0.00000000099999999957 0.00000000099999999957 0.00000000099999999957 0.72147792724618664550 0.00000000099999999957 0.00000000099999999957 
0.00000000099999999912 0.00000000099999999912 0.00000000099999999912 0.00000000099999999912 0.00000000099999999912 0.00000000099999999912 0.00000000099999999912 0.00000000099999999912 0.00000000099999999912 0.00000000099999999912 0.00000000099999999912 0.00000000099999999912 0.99999998800000000632 
0.00000000099999999878 0.00000000099999999878 0.00000000099999999878 0.00000000099999999878 0.00000000099999999878 0.00000000099999999878 0.00000000099999999878 0.99999998800000000632 0.00000000099999999878 0.00000000099999999878 0.00000000099999999878 0.00000000099999999878 0.00000000099999999878 
0.00000000099999999894 0.00000000099999999894 0.00000000099999999894 0.00000000099999999894 0.00000000099999999894 0.00000000099999999894 0.99999998799999989529 0.00000000099999999894 0.00000000099999999894 0.00000000099999999894 0.00000000099999999894 0.00000000099999999894 0.00000000099999999894 
0.00000000099999999924 0.36016179539504017404 0.00000000099999999924 0.00000000099999999924 0.00000000099999999924 0.36551561007258276392 0.00000000099999999924 0.27432258453237717832 0.00000000099999999924 0.00000000099999999924 0.00000000099999999924 0.00000000099999999924 0.00000000099999999924 
0.00000000099999999931 0.40954118025572033845 0.00000000099999999931 0.00000000099999999931 0.00000000099999999931 0.52131104729674071496 0.00000000099999999931 0.00000000099999999931 0.00000000099999999931 0.03643036742674347211 0.00000000099999999931 0.00000000099999999931 0.03271739602079547921 
0.00000000099999999915 0.46380183683286729801 0.00000000099999999915 0.00000000099999999915 0.00000000099999999915 0.39416634994142191184 0.00000000099999999915 0.00000000099999999915 0.00000000099999999915 0.14203180322571079541 0.00000000099999999915 0.00000000099999999915 0.00000000099999999915 
0.00000000099999999906 0.00000000099999999906 0.00000000099999999906 0.00000000099999999906 0.99999998800000022836 0.00000000099999999906 0.00000000099999999906 0.00000000099999999906 0.00000000099999999906 0.00000000099999999906 0.00000000099999999906 0.00000000099999999906 0.00000000099999999906 
0.00000000099999999940 0.28793969152414033985 0.00000000099999999940 0.00000000099999999940 0.00000000099999999940 0.00011974551096044447 0.00000000099999999940 0.28728795007724838850 0.00000000099999999940 0.00000000099999999940 0.00000000099999999940 0.00000000099999999940 0.42465260388765091459 
0.00000000099999999914 0.00000000099999999914 0.99999998800000011734 0.00000000099999999914 0.00000000099999999914 0.00000000099999999914 0.00000000099999999914 0.00000000099999999914 0.00000000099999999914 0.00000000099999999914 0.00000000099999999914 0.00000000099999999914 0.00000000099999999914 
0.00000000099999999945 0.60154571765007180950 0.00000000099999999945 0.00000000099999999945 0.00000000099999999945 0.36677286050750457225 0.00000000099999999945 0.00000000099999999945 0.00000000099999999945 0.00000000099999999945 0.00000000099999999945 0.00000000099999999945 0.03168141184242400515 
0.00000000099999999919 0.40209146312452359595 0.00000000099999999919 0.00000000099999999919 0.00000000099999999919 0.51810667349423566996 0.00000000099999999919 0.07980185338124072547 0.00000000099999999919 0.00000000099999999919 0.00000000099999999919 0.00000000099999999919 0.00000000099999999919 
0.00000000099999999974 0.00000000099999999974 0.00000000099999999974 0.20330602061430635974 0.07099825345507095042 0.00000000099999999974 0.00000000099999999974 0.00000000099999999974 0.00000000099999999974 0.00000000099999999974 0.67434588335089529210 0.05134983357972726370 0.00000000099999999974 
0.00000000099999999928 0.20471587075063346628 0.00000000099999999928 0.00000000099999999928 0.00000000099999999928 0.50901589344801412285 0.00000000099999999928 0.00000000099999999928 0.00000000099999999928 0.09628384997192426797 0.00000000099999999928 0.00000000099999999928 0.18998437682942814764 
0.00000000099999999939 0.28782443887076764044 0.00000000099999999939 0.00000000099999999939 0.00000000099999999939 0.45610442231638198551 0.00000000099999999939 0.23731032545475111428 0.00000000099999999939 0.00000000099999999939 0.00000000099999999939 0.00000000099999999939 0.01876080435809930266 
0.00000000099999999916 0.00000000099999999916 0.00000000099999999916 0.00000000099999999916 0.00000000099999999916 0.00000000099999999916 0.00000000099999999916 0.99999998800000011734 0.00000000099999999916 0.00000000099999999916 0.00000000099999999916 0.00000000099999999916 0.00000000099999999916 
0.00000000099999999945 0.00000000099999999945 0.99999998800000011734 0.00000000099999999945 0.00000000099999999945 0.00000000099999999945 0.00000000099999999945 0.00000000099999999945 0.00000000099999999945 0.00000000099999999945 0.00000000099999999945 0.00000000099999999945 0.00000000099999999945 
0.00000000099999999978 0.00000000099999999978 0.12305751323445965340 0.57485602766369503502 0.00000000099999999978 0.00000000099999999978 0.08315896337412163886 0.00000000099999999978 0.00000000099999999978 0.00000000099999999978 0.21892153566645763951 0.00000595206126608200 0.00000000099999999978 
0.00000000099999999939 0.00000000099999999939 0.00000000099999999939 0.00000000099999999939 0.00000000099999999939 0.32007080158746453735 0.00000000099999999939 0.38014568763291484155 0.00000000099999999939 0.00000000099999999939 0.00000000099999999939 0.00000000099999999939 0.29978350077962084841 
0.00000000099999999857 0.00000000099999999857 0.00000000099999999857 0.00000000099999999857 0.99999998800000011734 0.00000000099999999857 0.00000000099999999857 0.00000000099999999857 0.00000000099999999857 0.00000000099999999857 0.00000000099999999857 0.00000000099999999857 0.00000000099999999857 
0.00000000099999999938 0.37676990347243116686 0.00000000099999999938 0.00000000099999999938 0.00000000099999999938 0.35749554405272310209 0.00000000099999999938 0.22926928681979177882 0.00000000099999999938 0.03646525665505404717 0.00000000099999999938 0.00000000099999999938 0.00000000099999999938 
0.00000000099999999940 0.00000000099999999940 0.00000000099999999940 0.00000000099999999940 0.00000000099999999940 0.00000000099999999940 0.00000000099999999940 0.00000000099999999940 0.00000000099999999940 0.00000000099999999940 0.99999998800000000632 0.00000000099999999940 0.00000000099999999940 
0.00000000099999999950 0.53839463650177810106 0.00000000099999999950 0.00000000099999999950 0.00000000099999999950 0.43281971633988336468 0.00000000099999999950 0.00000000099999999950 0.00000000099999999950 0.02878563715833870607 0.00000000099999999950 0.00000000099999999950 0.00000000099999999950 
0.00000000099999999929 0.34494339504308774158 0.00000000099999999929 0.00000000099999999929 0.00000000099999999929 0.65505659395691240299 0.00000000099999999929 0.00000000099999999929 0.00000000099999999929 0.00000000099999999929 0.00000000099999999929 0.00000000099999999929 0.00000000099999999929 
0.78550628152371193558 0.00000000099999999945 0.00000000099999999945 0.00000000099999999945 0.00000000099999999945 0.21449370747628820899 0.00000000099999999945 0.00000000099999999945 0.00000000099999999945 0.00000000099999999945 0.00000000099999999945 0.00000000099999999945 0.00000000099999999945 
0.00000000099999999909 0.00000000099999999909 0.00000000099999999909 0.00000000099999999909 0.00000000099999999909 0.00000000099999999909 0.99999998800000011734 0.00000000099999999909 0.00000000099999999909 0.00000000099999999909 0.00000000099999999909 0.00000000099999999909 0.00000000099999999909 
0.00000000099999999977 0.00000000099999999977 0.00000000099999999977 0.12355015271355654360 0.00000000099999999977 0.00000000099999999977 0.00000000099999999977 0.00000000099999999977 0.05098517854104758773 0.00000000099999999977 0.82546465874539587393 0.00000000099999999977 0.00000000099999999977 
0.00000000099999999902 0.00000000099999999902 0.00000000099999999902 0.00000000099999999902 0.00000000099999999902 0.00000000099999999902 0.00000000099999999902 0.00000000099999999902 0.99999998800000000632 0.00000000099999999902 0.00000000099999999902 0.00000000099999999902 0.00000000099999999902 
0.00000000099999999970 0.00000000099999999970 0.73065369275169222973 0.00000000099999999970 0.00000000099999999970 0.00000000099999999970 0.00000000099999999970 0.00000000099999999970 0.00000000099999999970 0.00000000099999999970 0.26934629624830797034 0.00000000099999999970 0.00000000099999999970 
0.00000000099999999865 0.00000000099999999865 0.00000000099999999865 0.00000000099999999865 0.99999998800000011734 0.00000000099999999865 0.00000000099999999865 0.00000000099999999865 0.00000000099999999865 0.00000000099999999865 0.00000000099999999865 0.00000000099999999865 0.00000000099999999865 
0.00000000099999999982 0.00000000099999999982 0.13941126388917035595 0.04466059870057108305 0.19310894285729987563 0.00000000099999999982 0.04449839799253277328 0.00000000099999999982 0.34414220401418565976 0.00000000099999999982 0.00000000099999999982 0.12799496708616994733 0.10618361946007005836 
0.00000000099999999964 0.00000000099999999964 0.00000000099999999964 0.00000000099999999964 0.00000000099999999964 0.30291297571661218724 0.00000000099999999964 0.00000000099999999964 0.00000000099999999964 0.00000000099999999964 0.00000000099999999964 0.00000000099999999964 0.69708701328338751324 
0.00000000099999999957 0.00000000099999999957 0.00000000099999999957 0.00000000099999999957 0.00000000099999999957 0.00000000099999999957 0.00000000099999999957 0.00000000099999999957 0.00000000099999999957 0.00000000099999999957 0.99999998800000000632 0.00000000099999999957 0.00000000099999999957 
0.00000000099999999963 0.31509863414977018481 0.00000000099999999963 0.00000000099999999963 0.00000000099999999963 0.00000000099999999963 0.00000000099999999963 0.00000000099999999963 0.00000000099999999963 0.00000000099999999963 0.00000000099999999963 0.00000000099999999963 0.68490135485022962669 
0.00000000099999999949 0.27789505720475676798 0.00000000099999999949 0.00000000099999999949 0.00000000099999999949 0.15451383390267314777 0.00000000099999999949 0.46730411426564300026 0.00000000099999999949 0.10028698562692689444 0.00000000099999999949 0.00000000099999999949 0.00000000099999999949 
0.00000000099999999959 0.26848814316906255417 0.00000000099999999959 0.00000000099999999959 0.00000000099999999959 0.52912954693292768571 0.00000000099999999959 0.20238229989800979314 0.00000000099999999959 0.00000000099999999959 0.00000000099999999959 0.00000000099999999959 0.00000000099999999959 
0.00000000099999999944 0.00000000099999999944 0.00000000099999999944 0.00000000099999999944 0.00000000099999999944 0.43473301562750282789 0.00000000099999999944 0.00000000099999999944 0.00000000099999999944 0.56526697337249720565 0.00000000099999999944 0.00000000099999999944 0.00000000099999999944 
0.00000000099999999987 0.00000000099999999987 0.00000000099999999987 0.00000000099999999987 0.24602177827885465811 0.00000000099999999987 0.00000000099999999987 0.12043695101631932132 0.47652729140203980984 0.00000000099999999987 0.00000000099999999987 0.15701397030278627098 0.00000000099999999987 
0.00000000099999999913 0.00000000099999999913 0.00000000099999999913 0.00000000099999999913 0.99999998800000011734 0.00000000099999999913 0.00000000099999999913 0.00000000099999999913 0.00000000099999999913 0.00000000099999999913 0.00000000099999999913 0.00000000099999999913 0.00000000099999999913 
0.00000000099999999966 0.00000000099999999966 0.00000000099999999966 0.00000000099999999966 0.00000000099999999966 0.32947102325382870980 0.00000000099999999966 0.67052896574617126824 0.00000000099999999966 0.00000000099999999966 0.00000000099999999966 0.00000000099999999966 0.00000000099999999966 
0.00000000099999999956 0.00000000099999999956 0.99999998800000011734 0.00000000099999999956 0.00000000099999999956 0.00000000099999999956 0.00000000099999999956 0.00000000099999999956 0.00000000099999999956 0.00000000099999999956 0.00000000099999999956 0.00000000099999999956 0.00000000099999999956 
0.00000000099999999955 0.00000000099999999955 0.00000000099999999955 0.00000000099999999955 0.00000000099999999955 0.00000000099999999955 0.99999998800000000632 0.00000000099999999955 0.00000000099999999955 0.00000000099999999955 0.00000000099999999955 0.00000000099999999955 0.00000000099999999955 
0.00000000099999999969 0.00000000099999999969 0.00000000099999999969 0.00000000099999999969 0.21112880734135319738 0.00000000099999999969 0.00000000099999999969 0.00000000099999999969 0.00000000099999999969 0.00000000099999999969 0.78887118165864689168 0.00000000099999999969 0.00000000099999999969 
0.00000000099999999928 0.00000000099999999928 0.00000000099999999928 0.00000000099999999928 0.90692778620670533307 0.09307220279329479762 0.00000000099999999928 0.00000000099999999928 0.00000000099999999928 0.00000000099999999928 0.00000000099999999928 0.00000000099999999928 0.00000000099999999928 
0.00000000099999999912 0.00000000099999999912 0.00000000099999999912 0.00000000099999999912 0.00000000099999999912 0.00000000099999999912 0.00000000099999999912 0.99999998800000011734 0.00000000099999999912 0.00000000099999999912 0.00000000099999999912 0.00000000099999999912 0.00000000099999999912 
0.00000000099999999961 0.33578836230246167371 0.00000000099999999961 0.00000000099999999961 0.00000000099999999961 0.33392420578317377755 0.00000000099999999961 0.00000000099999999961 0.00000000099999999961 0.30875772883782154343 0.00000000099999999961 0.00000000099999999961 0.02152969407654319045 
0.00000000099999999940 0.00000000099999999940 0.00000000099999999940 0.00000000099999999940 0.00000000099999999940 0.00000000099999999940 0.99999998800000011734 0.00000000099999999940 0.00000000099999999940 0.00000000099999999940 0.00000000099999999940 0.00000000099999999940 0.00000000099999999940 
0.99999998800000033938 0.00000000099999999974 0.00000000099999999974 0.00000000099999999974 0.00000000099999999974 0.00000000099999999974 0.00000000099999999974 0.00000000099999999974 0.00000000099999999974 0.00000000099999999974 0.00000000099999999974 0.00000000099999999974 0.00000000099999999974 
0.00000000099999999906 0.00000000099999999906 0.00000000099999999906 0.00000000099999999906 0.00000000099999999906 0.00000000099999999906 0.00000000099999999906 0.00000000099999999906 0.00000000099999999906 0.00000000099999999906 0.00000000099999999906 0.99999998800000000632 0.00000000099999999906 
0.99999998800000033938 0.00000000099999999968 0.00000000099999999968 0.00000000099999999968 0.00000000099999999968 0.00000000099999999968 0.00000000099999999968 0.00000000099999999968 0.00000000099999999968 0.00000000099999999968 0.00000000099999999968 0.00000000099999999968 0.00000000099999999968 
0.00000000099999999960 0.00000000099999999960 0.00000000099999999960 0.00000000099999999960 0.00000000099999999960 0.00000000099999999960 0.30520741889304808803 0.00000000099999999960 0.69479257010695194552 0.00000000099999999960 0.00000000099999999960 0.00000000099999999960 0.00000000099999999960 
0.00000000099999999911 0.00000000099999999911 0.00000000099999999911 0.00000000099999999911 0.99999998800000011734 0.00000000099999999911 0.00000000099999999911 0.00000000099999999911 0.00000000099999999911 0.00000000099999999911 0.00000000099999999911 0.00000000099999999911 0.00000000099999999911 
0.00000000099999999950 0.53229123009189138749 0.00000000099999999950 0.00000000099999999950 0.00000000099999999950 0.00000000099999999950 0.00000000099999999950 0.00000000099999999950 0.00000000099999999950 0.46770875890810881259 0.00000000099999999950 0.00000000099999999950 0.00000000099999999950 
0.00000000099999999925 0.00000000099999999925 0.00000000099999999925 0.00000000099999999925 0.00000000099999999925 0.00000000099999999925 0.00000000099999999925 0.00000000099999999925 0.99999998800000011734 0.00000000099999999925 0.00000000099999999925 0.00000000099999999925 0.00000000099999999925 
0.00000000099999999920 0.00000000099999999920 0.00000000099999999920 0.00000000099999999920 0.00000000099999999920 0.00000000099999999920 0.00000000099999999920 0.00000000099999999920 0.99999998800000000632 0.00000000099999999920 0.00000000099999999920 0.00000000099999999920 0.00000000099999999920 
0.00000000099999999953 0.35674908029216828576 0.00000000099999999953 0.00000000099999999953 0.00000000099999999953 0.38789676561023439527 0.00000000099999999953 0.00000000099999999953 0.00000000099999999953 0.25535414409759732424 0.00000000099999999953 0.00000000099999999953 0.00000000099999999953 
0.00000000099999999974 0.00000000099999999974 0.00000000099999999974 0.00000000099999999974 0.00000000099999999974 0.00000000099999999974 0.00000000099999999974 0.00000000099999999974 0.00000000099999999974 0.00000000099999999974 0.00000000099999999974 0.87985715902067884731 0.12014282997932120012 
0.00000000099999999948 0.00000000099999999948 0.99999998800000011734 0.00000000099999999948 0.00000000099999999948 0.00000000099999999948 0.00000000099999999948 0.00000000099999999948 0.00000000099999999948 0.00000000099999999948 0.00000000099999999948 0.00000000099999999948 0.00000000099999999948 
0.07505042154689935130 0.00000000099999999968 0.00000000099999999968 0.00000000099999999968 0.00000000099999999968 0.00000000099999999968 0.00000000099999999968 0.00000000099999999968 0.76599457515722224610 0.00000000099999999968 0.00000000099999999968 0.00000000099999999968 0.15895499329587844950 
0.00000000099999999961 0.00000000099999999961 0.00000000099999999961 0.00000000099999999961 0.00000000099999999961 0.73883966739468853735 0.00000000099999999961 0.00000000099999999961 0.00000000099999999961 0.00000000099999999961 0.00000000099999999961 0.00000000099999999961 0.26116032160531166273 
0.99370824002890811855 0.00000000099999999974 0.00000000099999999974 0.00000000099999999974 0.00000000099999999974 0.00000000099999999974 0.00000000099999999974 0.00000000099999999974 0.00000000099999999974 0.00000000099999999974 0.00000000099999999974 0.00000000099999999974 0.00629174897109221077 
0.99999998800000022836 0.00000000099999999944 0.00000000099999999944 0.00000000099999999944 0.00000000099999999944 0.00000000099999999944 0.00000000099999999944 0.00000000099999999944 0.00000000099999999944 0.00000000099999999944 0.00000000099999999944 0.00000000099999999944 0.00000000099999999944 
0.00000000099999999951 0.00000000099999999951 0.00000000099999999951 0.00000000099999999951 0.00000000099999999951 0.00000000099999999951 0.99999998800000000632 0.00000000099999999951 0.00000000099999999951 0.00000000099999999951 0.00000000099999999951 0.00000000099999999951 0.00000000099999999951 
0.00000000099999999968 0.00000000099999999968 0.00000000099999999968 0.00000000099999999968 0.07398176000748765690 0.00000000099999999968 0.12181900598545418457 0.00000000099999999968 0.80419922400705823318 0.00000000099999999968 0.00000000099999999968 0.00000000099999999968 0.00000000099999999968 
0.00000000099999999935 0.00000000099999999935 0.00000000099999999935 0.00000000099999999935 0.00000000099999999935 0.99999998800000011734 0.00000000099999999935 0.00000000099999999935 0.00000000099999999935 0.00000000099999999935 0.00000000099999999935 0.00000000099999999935 0.00000000099999999935 
0.00000000099999999977 0.00000000099999999977 0.00000000099999999977 0.00000000099999999977 0.00000000099999999977 0.32969509028738352985 0.00000000099999999977 0.44256679004620386175 0.00000000099999999977 0.00000000099999999977 0.00000000099999999977 0.00000000099999999977 0.22773810966641255815 
0.00000000099999999974 0.00000000099999999974 0.00000000099999999974 0.00000000099999999974 0.00000000099999999974 0.35154284837102789396 0.00000000099999999974 0.13082157306227479299 0.00000000099999999974 0.46339028947560101379 0.05424528009109622073 0.00000000099999999974 0.00000000099999999974 
0.00000000099999999976 0.00000000099999999976 0.00000000099999999976 0.00000000099999999976 0.00000000099999999976 0.00000000099999999976 0.44350160285368828150 0.00000000099999999976 0.48184369744491434284 0.00000000099999999976 0.00000000099999999976 0.00000000099999999976 0.07465468970139750582 
0.00000000099999999966 0.16563212953318040555 0.00000000099999999966 0.00000000099999999966 0.00000000099999999966 0.00000000099999999966 0.00000000099999999966 0.00000000099999999966 0.83436785946681957249 0.00000000099999999966 0.00000000099999999966 0.00000000099999999966 0.00000000099999999966 
0.00000000099999999925 0.00000000099999999925 0.00000000099999999925 0.00000000099999999925 0.00000000099999999925 0.00000000099999999925 0.00000000099999999925 0.00000000099999999925 0.99999998800000000632 0.00000000099999999925 0.00000000099999999925 0.00000000099999999925 0.00000000099999999925 
0.00000000099999999975 0.25937823668555881618 0.00000000099999999975 0.00000000099999999975 0.00000000099999999975 0.29800494889413614574 0.00000000099999999975 0.00000000099999999975 0.00000000099999999975 0.00000000099999999975 0.00000000099999999975 0.00000000099999999975 0.44261680442030526539 
0.99999998800000022836 0.00000000099999999944 0.00000000099999999944 0.00000000099999999944 0.00000000099999999944 0.00000000099999999944 0.00000000099999999944 0.00000000099999999944 0.00000000099999999944 0.00000000099999999944 0.00000000099999999944 0.00000000099999999944 0.00000000099999999944 
0.00000000099999999941 0.00000000099999999941 0.00000000099999999941 0.00000000099999999941 0.00000000099999999941 0.00000000099999999941 0.99999998800000011734 0.00000000099999999941 0.00000000099999999941 0.00000000099999999941 0.00000000099999999941 0.00000000099999999941 0.00000000099999999941 
0.00000000099999999973 0.66269357738837031402 0.00000000099999999973 0.00000000099999999973 0.00000000099999999973 0.27390704961537859496 0.00000000099999999973 0.00000000099999999973 0.00000000099999999973 0.05589433367166526251 0.00000000099999999973 0.00000000099999999973 0.00750503032458607611 
0.99999998800000022836 0.00000000099999999961 0.00000000099999999961 0.00000000099999999961 0.00000000099999999961 0.00000000099999999961 0.00000000099999999961 0.00000000099999999961 0.00000000099999999961 0.00000000099999999961 0.00000000099999999961 0.00000000099999999961 0.00000000099999999961 
0.00000000099999999968 0.00000000099999999968 0.76829917647133016967 0.23170081252867008592 0.00000000099999999968 0.00000000099999999968 0.00000000099999999968 0.00000000099999999968 0.00000000099999999968 0.00000000099999999968 0.00000000099999999968 0.00000000099999999968 0.00000000099999999968 
0.00000000099999999982 0.00000000099999999982 0.00000000099999999982 0.75077915476633627634 0.00000000099999999982 0.00000000099999999982 0.00000000099999999982 0.00000000099999999982 0.00000000099999999982 0.20269525833207288623 0.04652557690159084269 0.00000000099999999982 0.00000000099999999982 
0.00000000099999999972 0.00000000099999999972 0.00000000099999999972 0.00000000099999999972 0.05178427497687088099 0.00000000099999999972 0.39837517491225815647 0.00000000099999999972 0.31684902213502452728 0.00000000099999999972 0.00000000099999999972 0.00000000099999999972 0.23299151897584641224 
0.00000000099999999977 0.00000000099999999977 0.00000000099999999977 0.00000000099999999977 0.00000000099999999977 0.00000000099999999977 0.02671774953383855913 0.00000000099999999977 0.73747424862705612814 0.00000000099999999977 0.15683909864791326094 0.07896889419119201836 0.00000000099999999977 
0.00000000099999999929 0.00000000099999999929 0.00000000099999999929 0.00000000099999999929 0.00000000099999999929 0.00000000099999999929 0.00000000099999999929 0.00000000099999999929 0.00000000099999999929 0.00000000099999999929 0.00000000099999999929 0.99999998800000000632 0.00000000099999999929 
0.00000000099999999972 0.11572008999388151695 0.00000000099999999972 0.00000000099999999972 0.00000000099999999972 0.36568272030115689386 0.00000000099999999972 0.00000000099999999972 0.22521979438128414408 0.29337738632367732494 0.00000000099999999972 0.00000000099999999972 0.00000000099999999972 
0.00000000099999999976 0.00000000099999999976 0.00000000099999999976 0.62245013504053448017 0.00000000099999999976 0.00000000099999999976 0.00000000099999999976 0.00000000099999999976 0.00000000099999999976 0.00000000099999999976 0.37754985395946571991 0.00000000099999999976 0.00000000099999999976 
0.00000000099999999953 0.00000000099999999953 0.00000000099999999953 0.00000000099999999953 0.00000000099999999953 0.00000000099999999953 0.13506898815248524759 0.00000000099999999953 0.86493100084751484147 0.00000000099999999953 0.00000000099999999953 0.00000000099999999953 0.00000000099999999953 
0.00000000099999999960 0.00000000099999999960 0.00000000099999999960 0.00000000099999999960 0.00000000099999999960 0.81281938431710809567 0.00000000099999999960 0.00000000099999999960 0.00000000099999999960 0.18718060468289202114 0.00000000099999999960 0.00000000099999999960 0.00000000099999999960 
0.00000000099999999973 0.00000000099999999973 0.00000000099999999973 0.85066177687818722575 0.00000000099999999973 0.00000000099999999973 0.14933821212181294658 0.00000000099999999973 0.00000000099999999973 0.00000000099999999973 0.00000000099999999973 0.00000000099999999973 0.00000000099999999973 
0.00000000099999999986 0.00000000099999999986 0.36186275508147353053 0.45895241768582878406 0.11856477608608320673 0.00000000099999999986 0.06062004214661464996 0.00000000099999999986 0.00000000099999999986 0.00000000099999999986 0.00000000099999999986 0.00000000099999999986 0.00000000099999999986 
0.99999998800000033938 0.00000000099999999969 0.00000000099999999969 0.00000000099999999969 0.00000000099999999969 0.00000000099999999969 0.00000000099999999969 0.00000000099999999969 0.00000000099999999969 0.00000000099999999969 0.00000000099999999969 0.00000000099999999969 0.00000000099999999969 
0.99999998800000022836 0.00000000099999999929 0.00000000099999999929 0.00000000099999999929 0.00000000099999999929 0.00000000099999999929 0.00000000099999999929 0.00000000099999999929 0.00000000099999999929 0.00000000099999999929 0.00000000099999999929 0.00000000099999999929 0.00000000099999999929 
0.00000000099999999971 0.00000000099999999971 0.00000000099999999971 0.99999998800000011734 0.00000000099999999971 0.00000000099999999971 0.00000000099999999971 0.00000000099999999971 0.00000000099999999971 0.00000000099999999971 0.00000000099999999971 0.00000000099999999971 0.00000000099999999971 
0.00000000099999999958 0.99999998800000022836 0.00000000099999999958 0.00000000099999999958 0.00000000099999999958 0.00000000099999999958 0.00000000099999999958 0.00000000099999999958 0.00000000099999999958 0.00000000099999999958 0.00000000099999999958 0.00000000099999999958 0.00000000099999999958 
0.00000000099999999970 0.00000000099999999970 0.99999998800000022836 0.00000000099999999970 0.00000000099999999970 0.00000000099999999970 0.00000000099999999970 0.00000000099999999970 0.00000000099999999970 0.00000000099999999970 0.00000000099999999970 0.00000000099999999970 0.00000000099999999970 
0.00000000099999999989 0.00000000099999999989 0.00000000099999999989 0.46960164039871515884 0.00267374311751386508 0.00000000099999999989 0.00000000099999999989 0.00000000099999999989 0.14448151935208211616 0.00000000099999999989 0.38324308813168889154 0.00000000099999999989 0.00000000099999999989 
0.00000000099999999971 0.00000000099999999971 0.00000000099999999971 0.00000000099999999971 0.00000000099999999971 0.00000000099999999971 0.00000000099999999971 0.00000000099999999971 0.00000000099999999971 0.23013237271049480359 0.00000000099999999971 0.76986761628950528547 0.00000000099999999971 
0.00000000099999999976 0.00000000099999999976 0.00000000099999999976 0.00000000099999999976 0.00000000099999999976 0.00000000099999999976 0.00000000099999999976 0.00000000099999999976 0.00000000099999999976 0.38056080153055027449 0.00000000099999999976 0.00000000099999999976 0.61943918746944981457 
0.00000000099999999980 0.99999972937610970281 0.00000000099999999980 0.00000000099999999980 0.00000000099999999980 0.00000000099999999980 0.00000000099999999980 0.00000000099999999980 0.00000000099999999980 0.00000000099999999980 0.00000000099999999980 0.00000000099999999980 0.00000025962389047171 
0.00000000099999999980 0.00000000099999999980 0.00000000099999999980 0.00000000099999999980 0.00000000099999999980 0.99999998800000011734 0.00000000099999999980 0.00000000099999999980 0.00000000099999999980 0.00000000099999999980 0.00000000099999999980 0.00000000099999999980 0.00000000099999999980 
0.08724079824318159426 0.00000000099999999979 0.00000000099999999979 0.00000000099999999979 0.18477905067195110611 0.00000000099999999979 0.00000000099999999979 0.00000000099999999979 0.00000000099999999979 0.00000000099999999979 0.72798014108486719387 0.00000000099999999979 0.00000000099999999979 
0.03533248359172855985 0.08382356351542954997 0.13181584056179015962 0.00000000099999999985 0.00000000099999999985 0.20567660435476839420 0.00000000099999999985 0.00000000099999999985 0.00000000099999999985 0.54335149997628306995 0.00000000099999999985 0.00000000099999999985 0.00000000099999999985 
0.00000000099999999985 0.28009401534142142065 0.00000000099999999985 0.00000000099999999985 0.05585066667459379075 0.00000000099999999985 0.00000000099999999985 0.57971093659005279441 0.00000000099999999985 0.00000000099999999985 0.08434437239393192953 0.00000000099999999985 0.00000000099999999985 
0.00000000099999999942 0.00000000099999999942 0.00000000099999999942 0.00000000099999999942 0.00000000099999999942 0.00000000099999999942 0.00000000099999999942 0.00000000099999999942 0.00000000099999999942 0.99999998800000000632 0.00000000099999999942 0.00000000099999999942 0.00000000099999999942 
0.00000000099999999966 0.00000000099999999966 0.00000000099999999966 0.00000000099999999966 0.00000000099999999966 0.00000000099999999966 0.00000000099999999966 0.00000000099999999966 0.00000000099999999966 0.70963012370796862971 0.00000000099999999966 0.00000000099999999966 0.29036986529203151486 
0.00000000132114424097 0.41130986826438353798 0.00000000099999999986 0.00000000099999999986 0.00000000099999999986 0.41859218683382470871 0.00000000099999999986 0.00000000099999999986 0.00000000099999999986 0.13902644606502592706 0.00000000099999999986 0.03107148951562164682 0.00000000099999999986 
0.00000000099999999988 0.00000000099999999988 0.00000000099999999988 0.20166160391705834076 0.00000000099999999988 0.00000000099999999988 0.79833838508294163727 0.00000000099999999988 0.00000000099999999988 0.00000000099999999988 0.00000000099999999988 0.00000000099999999988 0.00000000099999999988 
0.00000000099999999967 0.71897013427775158245 0.00000000099999999967 0.00000000099999999967 0.00000000099999999967 0.14423362937983344456 0.00000000099999999967 0.00000000099999999967 0.00000000099999999967 0.13679622634241525581 0.00000000099999999967 0.00000000099999999967 0.00000000099999999967 
0.00000000099999999976 0.00000000099999999976 0.00000000099999999976 0.00000000099999999976 0.00000000099999999976 0.45945888163245030000 0.00000000099999999976 0.00000000119965990106 0.00000000099999999976 0.54054110716788961177 0.00000000099999999976 0.00000000099999999976 0.00000000099999999976 
0.00000000099999999964 0.00000000099999999964 0.00000000099999999964 0.00000000099999999964 0.00000000099999999964 0.00000000099999999964 0.00000000099999999964 0.00000000099999999964 0.00000000099999999964 0.00000000099999999964 0.00000000099999999964 0.99999998799999989529 0.00000000099999999964 
0.00000000099999999987 0.00000000099999999987 0.02906214125548133367 0.00000000099999999987 0.00000000099999999987 0.29604620797458769399 0.00000000099999999987 0.00000000099999999987 0.12890239712417619899 0.05165309895068453949 0.35461623717241280707 0.13971991052265722577 0.00000000099999999987 
0.00000000099999999984 0.00000000099999999984 0.00000000099999999984 0.00000000099999999984 0.00000000099999999984 0.00000000099999999984 0.00000000099999999984 0.00000000099999999984 0.00000000099999999984 0.00000000099999999984 0.56455379555262030777 0.00000000099999999984 0.43544619344737967026 
0.00000000099999999988 0.00000000099999999988 0.31890899313934806258 0.00000000099999999988 0.00000000099999999988 0.00000000099999999988 0.29725559669652301675 0.00000000099999999988 0.00000000099999999988 0.00000000099999999988 0.00000000099999999988 0.38383540016412892593 0.00000000099999999988 
0.00000000099999999979 0.16683117121789359238 0.00000000099999999979 0.00000000099999999979 0.00769613071874556808 0.00000000099999999979 0.09931031313719634879 0.00000000099999999979 0.00000000099999999979 0.72616237592616439400 0.00000000099999999979 0.00000000099999999979 0.00000000099999999979 
0.08102200415956181678 0.00000000099999999974 0.00000000099999999974 0.00000000099999999974 0.00000000099999999974 0.00000000099999999974 0.00000000099999999974 0.00000000099999999974 0.00000000099999999974 0.45156228772800888205 0.00000000099999999974 0.00000000099999999974 0.46741569811242933419 
0.00000000099999999971 0.00000000099999999971 0.00000000099999999971 0.00000000099999999971 0.00000000099999999971 0.00000000099999999971 0.00000000099999999971 0.00000000099999999971 0.00000000099999999971 0.00000000099999999971 0.75803853759077932661 0.00000000099999999971 0.24196145140922065142 
0.00000000099999999982 0.00000000099999999982 0.00000000099999999982 0.00000000099999999982 0.00000000099999999982 0.39293394722685309750 0.00000000099999999982 0.00000000099999999982 0.00000000099999999982 0.60706604177314671400 0.00000000099999999982 0.00000000099999999982 0.00000000099999999982 
0.00000000099999999969 0.00000000099999999969 0.00000000099999999969 0.00000000099999999969 0.00000000099999999969 0.00000000099999999969 0.00000000099999999969 0.00000000099999999969 0.00000000099999999969 0.99999998800000011734 0.00000000099999999969 0.00000000099999999969 0.00000000099999999969 
0.00000000099999999962 0.99999998800000033938 0.00000000099999999962 0.00000000099999999962 0.00000000099999999962 0.00000000099999999962 0.00000000099999999962 0.00000000099999999962 0.00000000099999999962 0.00000000099999999962 0.00000000099999999962 0.00000000099999999962 0.00000000099999999962 
0.00000000099999999990 0.00000000099999999990 0.00000000099999999990 0.00000000099999999990 0.00003606180938535378 0.00000000099999999990 0.00000076795552329648 0.64124666297875854148 0.00000000099999999990 0.14545280316319625369 0.00000000099999999990 0.00000000099999999990 0.21326369609313650111 
0.00000000099999999957 0.00000000099999999957 0.00000000099999999957 0.00000000099999999957 0.00000000099999999957 0.00000000099999999957 0.00000000099999999957 0.00000000099999999957 0.00000000099999999957 0.00000000099999999957 0.00000000099999999957 0.00000000099999999957 0.99999998800000000632 
0.00000000099999999982 0.00000000099999999982 0.00000000099999999982 0.00000000099999999982 0.36172965827635505942 0.00000000099999999982 0.42892305147483872352 0.00000000099999999982 0.00000000099999999982 0.00000000099999999982 0.20934728024880619457 0.00000000099999999982 0.00000000099999999982 
0.00000000099999999984 0.00000000099999999984 0.00000000099999999984 0.00000000099999999984 0.00000000099999999984 0.00000000099999999984 0.00000000099999999984 0.00000000099999999984 0.00000000099999999984 0.00000000099999999984 0.00000000099999999984 0.99999998799999989529 0.00000000099999999984 
0.00000000099999999962 0.00000000099999999962 0.00000000099999999962 0.00000000099999999962 0.00000000099999999962 0.00000000099999999962 0.00000000099999999962 0.00000000099999999962 0.00000000099999999962 0.99999998800000011734 0.00000000099999999962 0.00000000099999999962 0.00000000099999999962 
0.00000000099999999967 0.00000000099999999967 0.00000000099999999967 0.99999998800000022836 0.00000000099999999967 0.00000000099999999967 0.00000000099999999967 0.00000000099999999967 0.00000000099999999967 0.00000000099999999967 0.00000000099999999967 0.00000000099999999967 0.00000000099999999967 
0.99999997808915297437 0.00000000099999999964 0.00000000099999999964 0.00000000099999999964 0.00000000099999999964 0.00000001091084734467 0.00000000099999999964 0.00000000099999999964 0.00000000099999999964 0.00000000099999999964 0.00000000099999999964 0.00000000099999999964 0.00000000099999999964 
0.00000000099999999961 0.99999998800000022836 0.00000000099999999961 0.00000000099999999961 0.00000000099999999961 0.00000000099999999961 0.00000000099999999961 0.00000000099999999961 0.00000000099999999961 0.00000000099999999961 0.00000000099999999961 0.00000000099999999961 0.00000000099999999961 
0.77197532074515662348 0.00000000099999999979 0.00000000099999999979 0.00000000099999999979 0.00000000099999999979 0.00000000099999999979 0.00000000099999999979 0.22802466825484360435 0.00000000099999999979 0.00000000099999999979 0.00000000099999999979 0.00000000099999999979 0.00000000099999999979 
0.00000000099999999980 0.30604242596873432181 0.00000000099999999980 0.00000000099999999980 0.00000000099999999980 0.55722456827474531327 0.00000000099999999980 0.00000000099999999980 0.00000000099999999980 0.13673299575652048121 0.00000000099999999980 0.00000000099999999980 0.00000000099999999980 
0.00000000099999999949 0.00000000099999999949 0.00000000099999999949 0.00000000099999999949 0.99999998800000022836 0.00000000099999999949 0.00000000099999999949 0.00000000099999999949 0.00000000099999999949 0.00000000099999999949 0.00000000099999999949 0.00000000099999999949 0.00000000099999999949 
0.36474673955077901999 0.63525324944922112458 0.00000000099999999981 0.00000000099999999981 0.00000000099999999981 0.00000000099999999981 0.00000000099999999981 0.00000000099999999981 0.00000000099999999981 0.00000000099999999981 0.00000000099999999981 0.00000000099999999981 0.00000000099999999981 
