0.81578076645262520561 0.00000000099999999992 0.18421923254737493370 
0.00000000099999999990 0.00000000099999999990 0.99999999800000005656 
0.00000000099999999987 0.00000000099999999987 0.99999999800000005656 
0.00000000099999999981 0.00000000099999999981 0.99999999799999994554 
0.00000000099999999989 0.00000000099999999989 0.99999999799999994554 
0.42394346624731810147 0.57605653275268198232 0.00000000099999999995 
0.00000000099999999999 0.98535994519459946250 0.01464005380540066639 
0.11375753888340958686 0.00000000099999999995 0.88624246011659046918 
0.00000000099999999990 0.00000000099999999990 0.99999999799999994554 
0.99999999800000005656 0.00000000099999999988 0.00000000099999999988 
0.00000000099999999982 0.00000000099999999982 0.99999999799999994554 
0.00000000099999999985 0.00000000099999999985 0.99999999800000005656 
0.00000000099999999981 0.00000000099999999981 0.99999999799999994554 
0.03950431625259659407 0.96049568274740337870 0.00000000099999999998 
0.00000000099999999992 0.00000000099999999992 0.99999999800000005656 
0.00000000099999999993 0.99999999799999994554 0.00000000099999999993 
0.00000000099999999990 0.00000000099999999990 0.99999999800000005656 
0.00000000099999999980 0.00000000099999999980 0.99999999799999994554 
0.00000000099999999996 0.99999999799999994554 0.00000000099999999996 
0.00000000099999999985 0.00000000099999999985 0.99999999799999994554 
0.00000000099999999986 0.00000000099999999986 0.99999999800000005656 
0.00000000099999999990 0.00000000099999999990 0.99999999800000005656 
0.11701286997722902539 0.88298712902277098902 0.00000000099999999995 
0.00000000099999999998 0.99999999799999994554 0.00000000099999999998 
0.05311469130504600789 0.00000000099999999997 0.94688530769495404815 
0.36911015167314065177 0.63088984732685915446 0.00000000099999999996 
0.00000000099999999984 0.00000000099999999984 0.99999999800000005656 
0.01193036076099220424 0.98806963823900773036 0.00000000099999999997 
0.00000000099999999990 0.00000000099999999990 0.99999999800000005656 
0.00000000099999999984 0.00000000099999999984 0.99999999800000005656 
0.37224317779509741300 0.00000000099999999999 0.62775682120490272631 
0.99999999799999994554 0.00000000099999999996 0.00000000099999999996 
0.16855380939701775089 0.71656880944653966736 0.11487738115644256787 
0.99999999799999994554 0.00000000099999999989 0.00000000099999999989 
0.00000000099999999998 0.99999999799999994554 0.00000000099999999998 
0.42589521140348024497 0.57410478759651972780 0.00000000099999999993 
0.51927871956412452459 0.44857185194490595270 0.03214942849096946720 
0.00000000099999999994 0.00000000099999999994 0.99999999799999994554 
0.10094113738686746884 0.89905886161313253169 0.00000000100000000000 
0.06788571618287177201 0.00000000099999999998 0.93211428281712827015 
0.00000000099999999988 0.00000000099999999988 0.99999999799999994554 
0.00000000099999999990 0.00000000099999999990 0.99999999799999994554 
0.03091194792080771692 0.01047442210239597944 0.95861362997679633313 
0.51956307483702224292 0.37363223239049819790 0.10680469277247962856 
0.28572980754570859174 0.71427019145429138103 0.00000000099999999997 
0.00000000099999999998 0.00000000099999999998 0.99999999800000005656 
0.00000000100000000000 0.94411879970278189678 0.05588119929721806906 
0.64819724204672113377 0.35180275695327895003 0.00000000099999999997 
0.00000000099999999996 0.99999999800000005656 0.00000000099999999996 
0.00000000099999999997 0.99999999799999994554 0.00000000099999999997 
0.00000000099999999992 0.00000000099999999992 0.99999999799999994554 
0.00000000099999999994 0.00000000099999999994 0.99999999799999994554 
0.99999999800000005656 0.00000000099999999996 0.00000000099999999996 
0.81776249364145014997 0.00000000099999999998 0.18223750535854996158 
0.00000000099999999997 0.99999999800000005656 0.00000000099999999997 
0.69143649379131966182 0.00000000099999999998 0.30856350520868036647 
0.99999999799999994554 0.00000000099999999993 0.00000000099999999993 
0.03406289993109817837 0.96593709906890190542 0.00000000099999999999 
0.00000000099999999994 0.00000000099999999994 0.99999999800000005656 
0.88383806087236616023 0.11616193812763388193 0.00000000099999999998 
0.99999999799999994554 0.00000000099999999991 0.00000000099999999991 
0.00000000099999999990 0.00000000099999999990 0.99999999799999994554 
0.47204393933219018775 0.52795605966780967400 0.00000000099999999998 
0.05952387569431238923 0.94047612330568752803 0.00000000099999999997 
0.99999999799999994554 0.00000000099999999994 0.00000000099999999994 
0.00000000099999999993 0.00000000099999999993 0.99999999800000005656 
0.99999999799999994554 0.00000000099999999995 0.00000000099999999995 
0.70954718381404258132 0.00000000099999999997 0.29045281518595744696 
0.99999999799999994554 0.00000000099999999995 0.00000000099999999995 
0.98965385903797975509 0.01034613996202025585 0.00000000099999999996 
0.00000000099999999993 0.00000000099999999993 0.99999999799999994554 
0.08069779883339486815 0.00000000099999999998 0.91930220016660513238 
0.00000000099999999997 0.04459049295824833031 0.95540950604175156613 
0.99999999799999994554 0.00000000099999999994 0.00000000099999999994 
0.68468262245581590353 0.31531737654418395822 0.00000000099999999999 
0.99999999799999994554 0.00000000099999999990 0.00000000099999999990 
0.06374647938494314159 0.00000000099999999999 0.93625351961505687282 
0.96849401743333840553 0.00000000099999999996 0.03150598156666170602 
0.99999999799999994554 0.00000000099999999994 0.00000000099999999994 
0.00000000099999999995 0.00000000099999999995 0.99999999799999994554 
0.71509678697923939605 0.00000000099999999997 0.28490321202076063223 
0.00000000099999999998 0.99999999799999994554 0.00000000099999999998 
0.00000000099999999999 0.99999999799999994554 0.00000000099999999999 
0.99999999799999994554 0.00000000099999999997 0.00000000099999999997 
0.76257190610643765805 0.23742809289356228697 0.00000000099999999997 
0.00000000099999999999 0.99999999799999994554 0.00000000099999999999 
0.22746991673824595859 0.00000000099999999996 0.77253008226175412521 
0.00000000099999999998 0.99999999800000005656 0.00000000099999999998 
0.99999999800000005656 0.00000000099999999992 0.00000000099999999992 
0.00000000099999999993 0.00000000099999999993 0.99999999800000005656 
0.20338170241454303633 0.79661829658545701971 0.00000000099999999998 
0.02767877273102505725 0.97232122626897488082 0.00000000099999999999 
0.59052221575980323731 0.00000000099999999998 0.40947778324019684648 
0.99999999800000005656 0.00000000099999999994 0.00000000099999999994 
0.00002359757508040324 0.80300097676085624432 0.19697542566406328612 
0.00000000099999999993 0.00000000099999999993 0.99999999800000005656 
0.11482561012767306119 0.73030689554889072213 0.15486749432343621669 
0.23323570335550483645 0.65723564390446542749 0.10952865274002969442 
0.00000000099999999999 0.57925589806597244102 0.42074410093402764277 
0.33924739509806278726 0.00000000099999999998 0.66075260390193724103 
0.20613787753230641830 0.00000000099999999998 0.79386212146769352671 
0.00000000099999999998 0.00000000099999999998 0.99999999799999994554 
0.31338200383211883837 0.68661799516788102338 0.00000000099999999998 
0.00000000099999999999 0.09690498672392154622 0.90309501227607846818 
0.02027616816287527296 0.16535096312233826810 0.81437286871478653527 
0.00000000099999999996 0.00000000099999999996 0.99999999799999994554 
0.27281429655521532984 0.00000000099999999997 0.72718570244478464293 
0.00000000099999999998 0.00000000099999999998 0.99999999799999994554 
0.43656928918604065437 0.56343070981395926289 0.00000000099999999999 
0.00000000099999999990 0.00000000099999999990 0.99999999799999994554 
0.00000000100000000000 0.03693008739671808233 0.96306991160328192514 
0.12166306212530461628 0.87833693687469538425 0.00000000099999999999 
0.05885378957834275920 0.74291142405753407552 0.19823478636412314446 
0.33636104822688722704 0.45076223887009364555 0.21287671290301918292 
0.20837651305885951381 0.75117574918683238661 0.04044773775430803020 
0.33013476096483906908 0.00000000099999999999 0.66986523803516084818 
0.14083231178323799004 0.00000000099999999997 0.85916768721676195497 
0.00010492787543345345 0.93361808725352968263 0.06627698487103689251 
0.00000000099999999998 0.00000000099999999998 0.99999999800000005656 
0.04837309651637283076 0.00000000099999999998 0.95162690248362724610 
0.03163721698270824390 0.00000000100000000000 0.96836278201729164561 
0.20463707061796895803 0.00000000099999999999 0.79536292838203104250 
0.25388647882711434800 0.00000000099999999997 0.74611352017288568028 
0.55553200060993013221 0.44446799839006972954 0.00000000099999999998 
0.11791339154496047192 0.85309384437311541749 0.02899276408192411059 
0.00000000099999999995 0.00000000099999999995 0.99999999799999994554 
0.00000000099999999997 0.99999999800000005656 0.00000000099999999997 
0.50586356105541807615 0.00000000099999999998 0.49413643794458195213 
0.00000000099999999996 0.00000000099999999996 0.99999999799999994554 
0.91630863834119247180 0.00000000099999999999 0.08369136065880759812 
0.00000000099999999995 0.00000000099999999995 0.99999999799999994554 
0.03151170686309599095 0.96848829213690401652 0.00000000099999999997 
0.70136513685414292318 0.00000000099999999999 0.29863486214585721612 
0.54420631052381385206 0.00000000099999999998 0.45579368847618623173 
0.17257272669340281701 0.00000000099999999999 0.82742727230659718352 
0.68622802918619685286 0.00000000099999999999 0.31377196981380317542 
0.00000000099999999995 0.00000000099999999995 0.99999999800000005656 
0.00000000099999999998 0.99999999800000005656 0.00000000099999999998 
0.32448461750406593085 0.03220323669708000797 0.64331214579885409588 
0.02567439767857224858 0.05922959178254758733 0.91509601053888023348 
0.99999999799999994554 0.00000000099999999994 0.00000000099999999994 
0.39838002978623504591 0.36193271662204962169 0.23968725359171533240 
0.39672801964951809328 0.00000000099999999997 0.60327197935048193500 
0.40728022844326239316 0.00000000099999999999 0.59271977055673763513 
0.37407613320718435812 0.00000000099999999998 0.62592386579281567016 
0.22525578039984750500 0.77474421860015252328 0.00000000099999999999 
0.56216422415765476828 0.39843548872215484025 0.03940028712019040535 
0.90543872240825340469 0.00000028013024834417 0.09456099746149826402 
0.00000000099999999999 0.00000000099999999999 0.99999999800000005656 
0.09479145332253487155 0.00000000099999999999 0.90520854567746522612 
0.00000000099999999999 0.90579560719435214811 0.09420439180564796344 
0.23979950259758056608 0.11216253085237923304 0.64803796655004020089 
0.00000000099999999997 0.00000000099999999997 0.99999999799999994554 
0.00000000099999999997 0.00000000099999999997 0.99999999800000005656 
0.03358798404912418517 0.00000024433277580697 0.96641177161809999063 
0.00000000099999999997 0.00000000099999999997 0.99999999799999994554 
0.09777394115960873211 0.00000000099999999998 0.90222605784039133781 
0.00000000099999999999 0.99999999799999994554 0.00000000099999999999 
0.00000000100000000000 0.28693059108151008907 0.71306940791848993921 
0.74806245486960665225 0.00000000099999999998 0.25193754413039343154 
0.39467358200761876175 0.42497590118885830712 0.18035051680352304215 
0.00000000099999999998 0.99999999800000005656 0.00000000099999999998 
0.18119625864562624584 0.00000000100000000000 0.81880374035437386571 
0.36350768153398776983 0.00000000100000000000 0.63649231746601231396 
0.05852621328916363108 0.75489806254713676115 0.18657572416369958002 
0.00000000099999999995 0.00000000099999999995 0.99999999799999994554 
0.56626027289461977610 0.00000000099999999999 0.43373972610538036321 
0.70445368358800708464 0.29554631541199277711 0.00000000099999999999 
0.09825279799008110326 0.00000000099999999998 0.90174720100991889726 
0.25089719356034761999 0.56862490131773446578 0.18047790512191796974 
0.44838310622058047406 0.00000000100000000000 0.55161689277941960974 
0.00000000099999999998 0.05225959549516007857 0.94774040350483990114 
0.34966783362590586615 0.00000000099999999999 0.65033216537409421765 
0.00000000099999999997 0.00000000099999999997 0.99999999799999994554 
0.00000000099999999998 0.00000000099999999998 0.99999999800000005656 
0.00240065646952354215 0.34162061558285089502 0.65597872794762557280 
0.57064205752354735246 0.00000000099999999999 0.42935794147645278684 
0.58663498179814654865 0.00000000099999999999 0.41336501720185353514 
0.18009878510193869094 0.00000000100000000000 0.81990121389806136509 
0.32180395507878178929 0.00000000100000000000 0.67819604392121823899 
0.00000000099999999999 0.00000000099999999999 0.99999999799999994554 
0.00000000099999999996 0.00000000099999999996 0.99999999800000005656 
0.62600294030945768942 0.00000000099999999999 0.37399705869054233887 
0.34682140608490347189 0.34686285800816829550 0.30631573590692828812 
0.00000000099999999998 0.00000000099999999998 0.99999999800000005656 
0.00000000099999999999 0.00000000099999999999 0.99999999799999994554 
0.92368348175863301819 0.00000000100000000000 0.07631651724136702397 
0.99999982689281852188 0.00000017210718137261 0.00000000099999999999 
0.22440962596464356094 0.77559037303535638408 0.00000000099999999998 
0.26697342923503580847 0.00000000099999999998 0.73302656976496416430 
0.99999999799999994554 0.00000000099999999998 0.00000000099999999998 
0.27596267249933342791 0.72403732650066665588 0.00000000099999999999 
0.41928837552184095028 0.00000000099999999999 0.58071162347815885596 
0.55706786036473099344 0.00000000099999999998 0.44293213863526897933 
0.07035829993427350493 0.92964169906572635682 0.00000000100000000000 
0.00000000099999999999 0.00000000099999999999 0.99999999800000005656 
0.16816115245134527489 0.48472057326766776475 0.34711827428098679382 
0.00000000099999999997 0.00000000099999999997 0.99999999799999994554 
0.36134882810325968938 0.21098073952202092696 0.42767043237471930039 
0.00000000099999999999 0.74622090491535275625 0.25377909408464710550 
0.82041886453238488386 0.17958113446761500565 0.00000000100000000000 
0.99999999799999994554 0.00000000099999999997 0.00000000099999999997 
0.52765546477681823934 0.00000000099999999998 0.47234453422318173343 
0.82347412940627762179 0.00000000099999999999 0.17652586959372240649 
0.63163237882299061443 0.00001211339876281361 0.36835550777824649371 
0.00041351365034624291 0.81315788221256368740 0.18642860413709000378 
0.00000000099999999999 0.22250197035966962078 0.77749802864033035199 
0.33574880479757035490 0.22123802892341326576 0.44301316627901632383 
0.00000000099999999998 0.00000000099999999998 0.99999999799999994554 
0.99999999800000005656 0.00000000099999999999 0.00000000099999999999 
0.50813245469216250516 0.00000000099999999998 0.49186754430783763414 
0.00000000099999999998 0.99999999800000005656 0.00000000099999999998 
0.69808862032351426397 0.00000000099999999999 0.30191137867648581983 
0.25544692879492164606 0.74455307020507821569 0.00000000099999999999 
0.30734331085863475508 0.06438381962432908334 0.62827286951703609219 
0.02491684029098927000 0.97508315870901063338 0.00000000099999999999 
0.99999999799999994554 0.00000000099999999998 0.00000000099999999998 
0.68309128926247075775 0.31690870973752927053 0.00000000100000000000 
0.62828517427867114353 0.00000000100000000000 0.37171482472132877373 
0.40488489082760464877 0.00000000100000000000 0.59511510817239532400 
0.43353008777628787573 0.00000000099999999999 0.56646991122371215255 
0.99999999800000005656 0.00000000099999999998 0.00000000099999999998 
0.03544570030002476557 0.00000000100000000000 0.96455429869997511005 
0.74426326749755300494 0.03858888845423918273 0.21714784404820797192 
0.99999999799999994554 0.00000000099999999999 0.00000000099999999999 
0.85245343752128865944 0.00000000099999999999 0.14754656147871145211 
0.63093328220382915994 0.00203585166302513608 0.36703086613314572784 
0.01274517114953240514 0.91724665117384851509 0.07000817767661912661 
0.00000000100000000000 0.88303779193420073312 0.11696220706579928128 
0.00000000100000000000 0.00000000100000000000 0.99999999800000005656 
