0.00000000099999999957 0.00000000099999999957 0.00000000099999999957 0.00000000099999999957 0.99999999499999991937 0.00000000099999999957 
0.00000000099999999974 0.00000000099999999974 0.00000000099999999974 0.99999999500000003039 0.00000000099999999974 0.00000000099999999974 
0.00000000099999999968 0.00000000099999999968 0.00000000099999999968 0.99999999500000003039 0.00000000099999999968 0.00000000099999999968 
0.12944713020838508055 0.00000000099999999963 0.00000000099999999963 0.87055286579161494931 0.00000000099999999963 0.00000000099999999963 
0.00000000099999999976 0.00000000099999999976 0.00000000099999999976 0.99999999500000003039 0.00000000099999999976 0.00000000099999999976 
0.00000000099999999984 0.00000000099999999984 0.55697956354476907403 0.00000000099999999984 0.00000000099999999984 0.44302043245523087256 
0.00000000099999999994 0.01382586053737545374 0.02694114429709393993 0.00000000099999999994 0.00000000099999999994 0.95923299216553059576 
0.80680351173845488155 0.00000000099999999981 0.00000000099999999981 0.19319648426154514831 0.00000000099999999981 0.00000000099999999981 
0.00000000099999999980 0.00000000099999999980 0.00000000099999999980 0.99999999499999991937 0.00000000099999999980 0.00000000099999999980 
0.00000000099999999966 0.00000000099999999966 0.99999999499999991937 0.00000000099999999966 0.00000000099999999966 0.00000000099999999966 
0.04973228244254797314 0.00000000099999999967 0.00000000099999999967 0.95026771355745209835 0.00000000099999999967 0.00000000099999999967 
0.16233353168656255994 0.00000000099999999970 0.00000000099999999970 0.83766646431343738666 0.00000000099999999970 0.00000000099999999970 
0.14431153979709046564 0.00000000099999999967 0.00000000099999999967 0.85568845620290945320 0.00000000099999999967 0.00000000099999999967 
0.00000000099999999960 0.99999999500000003039 0.00000000099999999960 0.00000000099999999960 0.00000000099999999960 0.00000000099999999960 
0.49599339499150296717 0.00000000099999999975 0.00000000099999999975 0.50400660100849703493 0.00000000099999999975 0.00000000099999999975 
0.00000000099999999987 0.07108837216229399458 0.07206633730174949459 0.00000000099999999987 0.00000000099999999987 0.85684528753595667894 
0.14395988045035199021 0.00000000099999999981 0.00000000099999999981 0.85555914141194722156 0.00048097513770063087 0.00000000099999999981 
0.00000000099999999963 0.00000000099999999963 0.00000000099999999963 0.99999999499999991937 0.00000000099999999963 0.00000000099999999963 
0.00000000099999999992 0.13619465499147212495 0.00000000099999999992 0.00000000099999999992 0.00000000099999999992 0.86380534100852790491 
0.29340064626712991647 0.00000000099999999968 0.00000000099999999968 0.70659934973286997462 0.00000000099999999968 0.00000000099999999968 
0.00000000099999999975 0.00000000099999999975 0.00000000099999999975 0.99999999500000003039 0.00000000099999999975 0.00000000099999999975 
0.06679622279288750797 0.00000000099999999981 0.00000000099999999981 0.93320377320711256353 0.00000000099999999981 0.00000000099999999981 
0.00000000099999999990 0.03638438994986298997 0.20221286964372059414 0.00000000099999999990 0.00000000099999999990 0.76140273740641650768 
0.00000000099999999993 0.00000000099999999993 0.10242500280027556914 0.00000000099999999993 0.00000000099999999993 0.89757499319972433582 
0.00000000099999999988 0.00000000099999999988 0.00000000099999999988 0.89997658947356273806 0.10002340652643722241 0.00000000099999999988 
0.00000000099999999943 0.99999999500000003039 0.00000000099999999943 0.00000000099999999943 0.00000000099999999943 0.00000000099999999943 
0.14272154294296351962 0.00000000099999999976 0.00000000099999999976 0.85727845305703664902 0.00000000099999999976 0.00000000099999999976 
0.00000000099999999994 0.00000000099999999994 0.14448949428197579992 0.00000000099999999994 0.00000000099999999994 0.85551050171802422994 
0.10180104112468980893 0.00000000099999999988 0.00000000099999999988 0.88964307109935725215 0.00855588477595282428 0.00000000099999999988 
0.00000000099999999973 0.00000000099999999973 0.00000000099999999973 0.99999999499999991937 0.00000000099999999973 0.00000000099999999973 
0.00000000099999999975 0.00000000099999999975 0.00000000099999999975 0.00000000099999999975 0.99999999499999991937 0.00000000099999999975 
0.07509440757399650501 0.00000000099999999990 0.92490558842600367750 0.00000000099999999990 0.00000000099999999990 0.00000000099999999990 
0.14623792428279316913 0.00000000099999999995 0.18047305671903168811 0.00000000099999999995 0.00000000099999999995 0.67328901599817514434 
0.00000000099999999974 0.00000000099999999974 0.99999999500000003039 0.00000000099999999974 0.00000000099999999974 0.00000000099999999974 
0.07151007178326296287 0.10247160841850753987 0.00000000099999999996 0.00000000099999999996 0.00000000099999999996 0.82601831679822956822 
0.00000000099999999947 0.99999999500000003039 0.00000000099999999947 0.00000000099999999947 0.00000000099999999947 0.00000000099999999947 
0.07654045478396399871 0.28708237584223139649 0.42920385756862805549 0.00860030430237752712 0.00000000099999999999 0.19857300650279902099 
0.36285845120658916096 0.00000000099999999989 0.00000000099999999989 0.63714154479341078563 0.00000000099999999989 0.00000000099999999989 
0.06067032941705409466 0.00000000099999999998 0.08329134247318598083 0.00000000099999999998 0.05790936349641711417 0.79812896261334287384 
0.54224925281024727308 0.00000000099999999994 0.00000000099999999994 0.45775074318975272902 0.00000000099999999994 0.00000000099999999994 
0.09969079913521870784 0.00000000099999999979 0.00000000099999999979 0.90030919686478116937 0.00000000099999999979 0.00000000099999999979 
0.03705573936245573630 0.00000000099999999982 0.00000000099999999982 0.96294425663754423805 0.00000000099999999982 0.00000000099999999982 
0.31089755075018987718 0.00000000099999999995 0.00000000099999999995 0.68910244524981012493 0.00000000099999999995 0.00000000099999999995 
0.07612377562039521206 0.24461382764193612127 0.57275045643894395564 0.08214154213979087127 0.00000000099999999998 0.02437039715893391661 
0.00000000099999999967 0.99999999500000014141 0.00000000099999999967 0.00000000099999999967 0.00000000099999999967 0.00000000099999999967 
0.00355712707903647765 0.00000000099999999993 0.00000000099999999993 0.99644286892096345376 0.00000000099999999993 0.00000000099999999993 
0.07737169100082522122 0.00000000099999999994 0.03542938655963809302 0.00000000099999999994 0.01113989471797909199 0.87605902572155747166 
0.00000000099999999993 0.00000000099999999993 0.78323339705467909244 0.00000000099999999993 0.00000000099999999993 0.21676659894532096517 
0.00000000099999999996 0.20821577312658776093 0.00000000099999999996 0.00000000099999999996 0.03282857408894690465 0.75895564978446528048 
0.00000000099999999972 0.99999999500000014141 0.00000000099999999972 0.00000000099999999972 0.00000000099999999972 0.00000000099999999972 
0.00000000099999999981 0.00000000099999999981 0.00000000099999999981 0.99999999499999991937 0.00000000099999999981 0.00000000099999999981 
0.39210828145102410991 0.00000000099999999981 0.00000000099999999981 0.60789171454897594771 0.00000000099999999981 0.00000000099999999981 
0.00000000099999999986 0.00000000099999999986 0.99999999500000003039 0.00000000099999999986 0.00000000099999999986 0.00000000099999999986 
0.00000000099999999988 0.00000000099999999988 0.00000000099999999988 0.00000000099999999988 0.99999999499999991937 0.00000000099999999988 
0.00000000099999999986 0.00000000099999999986 0.00000000099999999986 0.00000000099999999986 0.00000000099999999986 0.99999999499999991937 
0.00000000099999999988 0.00000000099999999988 0.00000000099999999988 0.00000000099999999988 0.99999999499999991937 0.00000000099999999988 
0.00000000099999999976 0.00000000099999999976 0.99999999500000003039 0.00000000099999999976 0.00000000099999999976 0.00000000099999999976 
0.00000000099999999963 0.99999999500000014141 0.00000000099999999963 0.00000000099999999963 0.00000000099999999963 0.00000000099999999963 
0.35490104508596137523 0.00000000099999999986 0.00000000099999999986 0.64509895091403857137 0.00000000099999999986 0.00000000099999999986 
0.00000000099999999987 0.00000000099999999987 0.99999999499999991937 0.00000000099999999987 0.00000000099999999987 0.00000000099999999987 
0.00000000099999999976 0.00000000099999999976 0.99999999500000003039 0.00000000099999999976 0.00000000099999999976 0.00000000099999999976 
0.24779997471222392491 0.00000000099999999980 0.00000000099999999980 0.75220002128777618822 0.00000000099999999980 0.00000000099999999980 
0.00000000099999999999 0.01242664140164474046 0.43462377413918296121 0.00000000099999999999 0.05308686320505631023 0.49986271925411601691 
0.00000000099999999994 0.02172145981149730537 0.15694729066850227062 0.00000000099999999994 0.00000000099999999994 0.82133124652000055743 
0.00000000099999999993 0.06128742453313521660 0.82815120387394214330 0.00000000099999999993 0.11056136859292281516 0.00000000099999999993 
0.37870760082197379992 0.00000000099999999987 0.00000000099999999987 0.62129239517802625770 0.00000000099999999987 0.00000000099999999987 
0.00000000099999999992 0.00000000099999999992 0.00000163247853925603 0.00000000099999999992 0.99999836352146076468 0.00000000099999999992 
0.00000000099999999981 0.00000000099999999981 0.00000000099999999981 0.00000000099999999981 0.99999999499999991937 0.00000000099999999981 
0.00000000099999999986 0.00000000099999999986 0.99999999499999991937 0.00000000099999999986 0.00000000099999999986 0.00000000099999999986 
0.00000000099999999989 0.12450338541496322464 0.87549661058503669420 0.00000000099999999989 0.00000000099999999989 0.00000000099999999989 
0.13454010445292050036 0.00000000099999999987 0.00000000099999999987 0.86545989154707947399 0.00000000099999999987 0.00000000099999999987 
0.07730372159302821566 0.00000000099999999996 0.00785801778839938757 0.78613809467968753797 0.12870016393888492057 0.00000000099999999996 
0.34999875252653367408 0.00000000099999999988 0.00000000099999999988 0.59429536218209699783 0.00000000099999999988 0.05570588229136939212 
0.00000000099999999988 0.00000000099999999988 0.99999999500000003039 0.00000000099999999988 0.00000000099999999988 0.00000000099999999988 
0.00000000099999999992 0.00000000099999999992 0.76571459177073075697 0.05681329578813756886 0.00000000099999999992 0.17747210944113162023 
0.00000000099999999974 0.00000000099999999974 0.99999999499999991937 0.00000000099999999974 0.00000000099999999974 0.00000000099999999974 
0.28881996158803069363 0.00000000099999999999 0.00000000099999999999 0.68540666433177477312 0.02577337108019442380 0.00000000099999999999 
0.00000000099999999978 0.00000000099999999978 0.00000000099999999978 0.00000000099999999978 0.99999999499999991937 0.00000000099999999978 
0.00000000099999999977 0.00000000099999999977 0.99999999499999991937 0.00000000099999999977 0.00000000099999999977 0.00000000099999999977 
0.22118427185104569399 0.00000000099999999991 0.00000000099999999991 0.77881572414895439138 0.00000000099999999991 0.00000000099999999991 
0.00000000099999999984 0.00000000099999999984 0.00000000099999999984 0.00000000099999999984 0.99999999499999991937 0.00000000099999999984 
0.00000000099999999990 0.00000000099999999990 0.00000000099999999990 0.00000000099999999990 0.00000000099999999990 0.99999999499999991937 
0.15617909093711748736 0.09210799569274592813 0.13875536075054489826 0.00000000099999999996 0.00000000099999999996 0.61295755061959167342 
0.23578021887433386894 0.07464012938367643735 0.68957964874198973693 0.00000000099999999991 0.00000000099999999991 0.00000000099999999991 
0.00000000099999999994 0.00000000099999999994 0.81391055650695021129 0.00000000099999999994 0.00000000099999999994 0.18608943949304990184 
0.00000000099999999994 0.00000000099999999994 0.00000000099999999994 0.00000000099999999994 0.00000000099999999994 0.99999999499999991937 
0.19406984381299416387 0.00000000099999999989 0.21776272981431621378 0.58816742337268967944 0.00000000099999999989 0.00000000099999999989 
0.00000000099999999997 0.09087590235676253070 0.00000000099999999997 0.00000000099999999997 0.00000000099999999997 0.90912409364323742977 
0.00000000099999999985 0.00000000099999999985 0.99999999499999991937 0.00000000099999999985 0.00000000099999999985 0.00000000099999999985 
0.00000000099999999987 0.00000000099999999987 0.00000000099999999987 0.99999999500000003039 0.00000000099999999987 0.00000000099999999987 
0.00000000099999999995 0.00000000099999999995 0.25599390523149767596 0.00000000099999999995 0.00000000099999999995 0.74400609076850221513 
0.00000000099999999997 0.24185299069033772135 0.00000734305274527425 0.00000000099999999997 0.00000000099999999997 0.75813966325691695136 
0.00000000099999999988 0.00000000099999999988 0.00000000099999999988 0.00000000099999999988 0.99999999500000003039 0.00000000099999999988 
0.00000000099999999977 0.00000000099999999977 0.00000000099999999977 0.00000000099999999977 0.99999999500000003039 0.00000000099999999977 
0.00000000099999999998 0.01276957063013568067 0.00000000099999999998 0.16936263424330827432 0.11084115634517033300 0.70702663678138566450 
0.10027318927102202295 0.00000000099999999987 0.00000000099999999987 0.89972680672897786813 0.00000000099999999987 0.00000000099999999987 
0.14190827467837602294 0.09151020724494023095 0.14995872099140486466 0.03103829705678164477 0.00000000099999999998 0.58558449902849718516 
0.00000000099999999999 0.07002841769357120993 0.36450002911838652597 0.15605150236283832355 0.00000000099999999999 0.40942004882520405262 
0.34944051223577493603 0.00000000099999999996 0.00000000099999999996 0.16387720723290241653 0.00000000099999999996 0.48668227753132259350 
0.83473771820024511570 0.00000000099999999994 0.09415429425357273174 0.00000000099999999994 0.07110798454618211251 0.00000000099999999994 
0.42687603277284769110 0.00000000099999999994 0.16833112499257643635 0.40479283923457592964 0.00000000099999999994 0.00000000099999999994 
0.00000000099999999996 0.00000000099999999996 0.00000000099999999996 0.94526062661012422161 0.05473936938987568335 0.00000000099999999996 
0.00000000099999999996 0.28245260425200552357 0.08919963215700825454 0.00000000099999999996 0.11041168879450867502 0.51793607279647746466 
0.39680346528689613983 0.00000000099999999993 0.00000000099999999993 0.33250450912574736062 0.16771576557291215104 0.10297625801444421079 
0.00000000099999999998 0.15689674992924751429 0.03497936980326950274 0.80812387726748302619 0.00000000099999999998 0.00000000099999999998 
0.46613026834050286240 0.00000000099999999984 0.00000000099999999984 0.53386972765949702868 0.00000000099999999984 0.00000000099999999984 
0.99999999500000014141 0.00000000099999999985 0.00000000099999999985 0.00000000099999999985 0.00000000099999999985 0.00000000099999999985 
0.17903518579966415381 0.00000000099999999994 0.00000000099999999994 0.77901304638337531827 0.04195176481696057114 0.00000000099999999994 
0.00000000099999999998 0.00000000099999999998 0.72203883801615797999 0.00000000099999999998 0.00000000099999999998 0.27796115798384191109 
0.09174089271063327888 0.00000000099999999984 0.00000000099999999984 0.87642473428039979755 0.03183437000896686964 0.00000000099999999984 
0.39427901019765371204 0.00000000099999999993 0.00000000099999999993 0.60572098580234634557 0.00000000099999999993 0.00000000099999999993 
0.00000000099999999996 0.07934558312107815869 0.15967552274778842869 0.00000000099999999996 0.00000000099999999996 0.76097889113113348358 
0.23815874549109292135 0.00000000099999999998 0.00000000099999999998 0.00000010168473927563 0.00000000099999999998 0.76184114982416784034 
0.34072127282491998512 0.00000000099999999998 0.28460548688597286926 0.00000000099999999998 0.04304351513107492616 0.33162972315803224133 
0.15839989135824639188 0.02368897224915447741 0.31005340988412827263 0.00000000099999999998 0.00000000099999999998 0.50785772450847088688 
0.44728275413029877638 0.12199313151682329714 0.08146968033901580419 0.27401801620758914346 0.07523641680627299322 0.00000000099999999998 
0.89603166994109395560 0.00000000099999999991 0.00000000099999999991 0.00000000099999999991 0.10396832605890611589 0.00000000099999999991 
0.31157387791035240365 0.00000000099999999993 0.00000000099999999993 0.00000000099999999993 0.00000000099999999993 0.68842611808964737641 
0.00475106693048686201 0.00000000099999999996 0.00000000099999999996 0.80799142399199663789 0.18725750607751642796 0.00000000099999999996 
0.81610181534777104240 0.00000000099999999993 0.00000000099999999993 0.00000000099999999993 0.18389818065222909849 0.00000000099999999993 
0.00000000099999999994 0.05218185012164006792 0.00000000099999999994 0.94781814587835999664 0.00000000099999999994 0.00000000099999999994 
0.48044902602738265296 0.00000000099999999997 0.10655353893999262860 0.41299743203262478941 0.00000000099999999997 0.00000000099999999997 
0.99999999500000003039 0.00000000099999999988 0.00000000099999999988 0.00000000099999999988 0.00000000099999999988 0.00000000099999999988 
0.06247965976274774680 0.50152403446056859071 0.26916643326048406148 0.00000000099999999997 0.00000000099999999997 0.16682987051619971308 
0.00000000099999999998 0.11418500135008441410 0.14814992072531449341 0.07524917126541903756 0.00000000099999999998 0.66241590465918198660 
0.43037358397975233881 0.00000000099999999990 0.00000000099999999990 0.56962641202024755227 0.00000000099999999990 0.00000000099999999990 
0.00000000099999999989 0.00000000099999999989 0.00000000099999999989 0.00000000099999999989 0.00000000099999999989 0.99999999499999991937 
0.00000000099999999980 0.00000000099999999980 0.00000000099999999980 0.00000000099999999980 0.99999999499999991937 0.00000000099999999980 
0.00000000099999999991 0.00000000099999999991 0.00000000099999999991 0.99999999499999991937 0.00000000099999999991 0.00000000099999999991 
0.00000000099999999995 0.17787836357727360159 0.00000000099999999995 0.00000000099999999995 0.82212163242272640051 0.00000000099999999995 
0.18496481174780368684 0.00000000099999999990 0.00000000099999999990 0.81503518425219623200 0.00000000099999999990 0.00000000099999999990 
0.00000000099999999979 0.99999999500000003039 0.00000000099999999979 0.00000000099999999979 0.00000000099999999979 0.00000000099999999979 
0.39056018070572839918 0.00000000099999999996 0.00000000099999999996 0.00000000099999999996 0.60943981529427138089 0.00000000099999999996 
0.31248690805931028658 0.00000000099999999994 0.00000000099999999994 0.00000000099999999994 0.68751308794068954899 0.00000000099999999994 
0.99999999500000014141 0.00000000099999999991 0.00000000099999999991 0.00000000099999999991 0.00000000099999999991 0.00000000099999999991 
0.00000000099999999992 0.00000000099999999992 0.00000000099999999992 0.00000000099999999992 0.99999999500000003039 0.00000000099999999992 
0.19628522303976356222 0.00000000099999999991 0.00000000099999999991 0.80371477296023641212 0.00000000099999999991 0.00000000099999999991 
0.00000000099999999996 0.18285707399407880036 0.09095910771147079632 0.00000000099999999996 0.00000000099999999996 0.72618381529445030775 
0.00000000099999999991 0.00000000099999999991 0.00000000099999999991 0.00460223996527641364 0.99539775603472357979 0.00000000099999999991 
0.35050638059617184039 0.00000000099999999997 0.00000000099999999997 0.50030341965788849290 0.03386580197133123860 0.11532439577460840141 
0.00000000099999999990 0.00000000099999999990 0.99999999500000003039 0.00000000099999999990 0.00000000099999999990 0.00000000099999999990 
0.00000000099999999993 0.00000000099999999993 0.00000000099999999993 0.00000000099999999993 0.83304115953278756734 0.16695883646721251803 
0.99999999500000003039 0.00000000099999999987 0.00000000099999999987 0.00000000099999999987 0.00000000099999999987 0.00000000099999999987 
0.00000000099999999992 0.00000000099999999992 0.00000000099999999992 0.00000000099999999992 0.99999999499999991937 0.00000000099999999992 
0.00000000099999999991 0.00000000099999999991 0.00000000099999999991 0.00000000099999999991 0.99999999499999991937 0.00000000099999999991 
0.00000000099999999994 0.00000000099999999994 0.00000000099999999994 0.00000000099999999994 0.12743375891198721606 0.87256623708801273054 
0.15164206308583205729 0.02953988552855792149 0.48013932942669346193 0.00002258574485480671 0.00000000099999999999 0.33865613521406168207 
0.00000000099999999996 0.00000000099999999996 0.09668948231177298958 0.00000000099999999996 0.90331051368822701253 0.00000000099999999996 
0.99999999500000014141 0.00000000099999999990 0.00000000099999999990 0.00000000099999999990 0.00000000099999999990 0.00000000099999999990 
0.99999999500000014141 0.00000000099999999988 0.00000000099999999988 0.00000000099999999988 0.00000000099999999988 0.00000000099999999988 
0.19496232691245257707 0.00000000099999999993 0.00000000099999999993 0.00000000099999999993 0.00000000099999999993 0.80503766908754748055 
0.87214611837486566426 0.00000000099999999999 0.00000000099999999999 0.00000000099999999999 0.00000000099999999999 0.12785387762513436560 
0.22058979919566276684 0.00000000099999999995 0.00000000099999999995 0.75943772313454960265 0.01997247466978768066 0.00000000099999999995 
0.99999999500000014141 0.00000000099999999991 0.00000000099999999991 0.00000000099999999991 0.00000000099999999991 0.00000000099999999991 
0.38564072191978121529 0.00000000099999999996 0.00000000099999999996 0.52968106105621026725 0.08467821402400847741 0.00000000099999999996 
0.52429071283316386332 0.00000000099999999994 0.00000000099999999994 0.47570928316683613879 0.00000000099999999994 0.00000000099999999994 
0.50147700455267385511 0.00000000099999999995 0.00000082315606380686 0.49852216929126225153 0.00000000099999999995 0.00000000099999999995 
0.00000000099999999998 0.04630999629989231148 0.00000000099999999998 0.10516975942097248065 0.00000000099999999998 0.84852024127913527884 
0.00000079785181613352 0.28135838728200068815 0.01659124231169184158 0.56563686597897155917 0.00000000099999999999 0.13641270557551979370 
0.00000000099999999992 0.00000000099999999992 0.00000000099999999992 0.00000000099999999992 0.99999999500000003039 0.00000000099999999992 
0.31436134663841136527 0.08509746084665044397 0.31159403255517192921 0.00000000100000000000 0.00000000100000000000 0.28894715795976638750 
0.00000000099999999997 0.16218272367270783474 0.02375407129816558063 0.00000000099999999997 0.00000000099999999997 0.81406320202912652029 
0.00000000099999999994 0.00000000099999999994 0.00000000099999999994 0.12032967898706474486 0.87967031701293529888 0.00000000099999999994 
0.00000000099999999993 0.00000000099999999993 0.00000000099999999993 0.00000000099999999993 0.99999999499999991937 0.00000000099999999993 
0.17493663410070689479 0.43644690182758505426 0.00000000099999999998 0.09452869526357814134 0.00000000099999999998 0.29408776680813003557 
0.00000000099999999993 0.00000000099999999993 0.00000000099999999993 0.99999999500000003039 0.00000000099999999993 0.00000000099999999993 
0.99999999500000003039 0.00000000099999999992 0.00000000099999999992 0.00000000099999999992 0.00000000099999999992 0.00000000099999999992 
0.37100477345399007767 0.03955473350422514939 0.35556569035577012539 0.00000000099999999998 0.00000015009589045947 0.23387465159012421623 
0.99999999500000014141 0.00000000099999999990 0.00000000099999999990 0.00000000099999999990 0.00000000099999999990 0.00000000099999999990 
0.00000000099999999994 0.00000000099999999994 0.36398165821637268325 0.20750660552437777406 0.00000000099999999994 0.42851173325924946100 
0.34666669119824755629 0.00000000099999999998 0.35138368841965755829 0.30194961738209497026 0.00000000099999999998 0.00000000099999999998 
0.99999999500000003039 0.00000000099999999994 0.00000000099999999994 0.00000000099999999994 0.00000000099999999994 0.00000000099999999994 
0.20629253379399234425 0.00000000099999999991 0.00000000099999999991 0.00000000099999999991 0.79370746220600763010 0.00000000099999999991 
0.58243974787457475362 0.00000000099999999992 0.00000000099999999992 0.41756024812542530400 0.00000000099999999992 0.00000000099999999992 
0.00000000099999999996 0.00000000099999999996 0.00000000099999999996 0.77528105887052545242 0.22471893712947441091 0.00000000099999999996 
0.39499763645456092975 0.17608778863193935704 0.10085532339371798549 0.32805924951978182591 0.00000000100000000000 0.00000000100000000000 
0.00000000099999999992 0.00000000099999999992 0.00000000099999999992 0.00000000099999999992 0.99999999499999991937 0.00000000099999999992 
0.80267465778987667768 0.00000000099999999996 0.15616473156424082180 0.00000000099999999996 0.04116060764588243270 0.00000000099999999996 
0.46655210173124234130 0.00000000099999999999 0.08089589416904889585 0.45255200109970872280 0.00000000099999999999 0.00000000099999999999 
0.32547336258005332699 0.16468104462088106743 0.14856040839401837839 0.36128518240504731152 0.00000000099999999997 0.00000000099999999997 
0.99999999500000003039 0.00000000099999999996 0.00000000099999999996 0.00000000099999999996 0.00000000099999999996 0.00000000099999999996 
0.65311668165461866931 0.00000000099999999993 0.00000000099999999993 0.34688331434538138831 0.00000000099999999993 0.00000000099999999993 
0.00000000099999999991 0.00000000099999999991 0.00000000099999999991 0.00000000099999999991 0.99999999499999991937 0.00000000099999999991 
0.00000000100000000000 0.08221319219925508903 0.03082162733870021099 0.03057718549738763780 0.45059314794964244744 0.40579484601501464303 
0.99999999500000003039 0.00000000099999999993 0.00000000099999999993 0.00000000099999999993 0.00000000099999999993 0.00000000099999999993 
0.00000000099999999997 0.46080184203552332356 0.00000000099999999997 0.53919815396447667855 0.00000000099999999997 0.00000000099999999997 
0.10691185090966821847 0.00000000099999999998 0.89308814509033174200 0.00000000099999999998 0.00000000099999999998 0.00000000099999999998 
0.00000000099999999997 0.00000000099999999997 0.81068697980120385527 0.00000000099999999997 0.18931301619879595255 0.00000000099999999997 
0.00000000099999999996 0.46853845267044347267 0.00000000099999999996 0.00000000099999999996 0.00000000099999999996 0.53146154332955630739 
0.99999999500000014141 0.00000000099999999988 0.00000000099999999988 0.00000000099999999988 0.00000000099999999988 0.00000000099999999988 
0.00000000099999999990 0.00000000099999999990 0.00000000099999999990 0.00000000099999999990 0.99999999499999991937 0.00000000099999999990 
0.00000000099999999997 0.07638036563275506230 0.39650105724994466616 0.00000000099999999997 0.00000000099999999997 0.52711857411730012046 
0.00000000099999999990 0.00000000099999999990 0.00000000099999999990 0.00000000099999999990 0.99999999499999991937 0.00000000099999999990 
0.92456097015202953759 0.00000000099999999990 0.07543902584797056166 0.00000000099999999990 0.00000000099999999990 0.00000000099999999990 
0.00000000099999999999 0.00000000099999999999 0.13511529153574677875 0.00000000099999999999 0.00000000099999999999 0.86488470446425336213 
0.13333520411600191524 0.00000000099999999998 0.00000000099999999998 0.86666479188399803135 0.00000000099999999998 0.00000000099999999998 
0.00000000099999999996 0.00000000099999999996 0.00000000099999999996 0.00000000099999999996 0.44548236222230314096 0.55451763377769680563 
0.99999999500000003039 0.00000000099999999991 0.00000000099999999991 0.00000000099999999991 0.00000000099999999991 0.00000000099999999991 
0.65472752313265769608 0.00000000099999999998 0.34527247286734241705 0.00000000099999999998 0.00000000099999999998 0.00000000099999999998 
0.00000000099999999997 0.00000000099999999997 0.00000000099999999997 0.25921458223114818287 0.00000000099999999997 0.74078541376885165270 
0.73655453809935444998 0.00000000099999999998 0.00000000099999999998 0.00000000099999999998 0.00000000099999999998 0.26344545790064577417 
0.00000000099999999993 0.00000000099999999993 0.00000000099999999993 0.00000000099999999993 0.99999999500000003039 0.00000000099999999993 
0.00000000099999999994 0.00000000099999999994 0.00000000099999999994 0.00000000099999999994 0.99999999500000003039 0.00000000099999999994 
0.00000000099999999994 0.00000000099999999994 0.00000000099999999994 0.00000000099999999994 0.99999999499999991937 0.00000000099999999994 
0.46059543024443255765 0.18301772509696465074 0.00000000099999999998 0.00000000099999999998 0.35638684165860273767 0.00000000099999999998 
0.00000000099999999999 0.36748943160225738813 0.02246266336565453520 0.00000000099999999999 0.00000000099999999999 0.61004790203208814070 
0.02019215669206727778 0.00000000099999999997 0.00000000099999999997 0.69739903030339434054 0.00000000099999999997 0.28240881000453832428 
0.00000000099999999998 0.00000000099999999998 0.00000000099999999998 0.00000000099999999998 0.76063828263053812062 0.23936171336946196475 
0.99999999500000003039 0.00000000099999999993 0.00000000099999999993 0.00000000099999999993 0.00000000099999999993 0.00000000099999999993 
0.40386144984204053188 0.00000000099999999995 0.00000000099999999995 0.00000000099999999995 0.59613854615795935921 0.00000000099999999995 
0.00000000099999999996 0.00000000099999999996 0.13925173534426993349 0.00000000099999999996 0.86074826065573017964 0.00000000099999999996 
0.00000000099999999997 0.00000000099999999997 0.00000000099999999997 0.00000000099999999997 0.00000000099999999997 0.99999999500000003039 
0.00000000099999999993 0.00000000099999999993 0.00000000099999999993 0.00000000099999999993 0.99999999500000003039 0.00000000099999999993 
0.00000000099999999998 0.00000000099999999998 0.30243695244724311255 0.00000000099999999998 0.00000000648103487106 0.69756303807172204134 
0.00000000099999999997 0.00000000099999999997 0.00000000099999999997 0.00000000099999999997 0.99999999499999991937 0.00000000099999999997 
0.00000000099999999999 0.80404672411493549600 0.15588813138348586729 0.00000000099999999999 0.00000000099999999999 0.04006514150157869381 
0.00000000099999999996 0.00000000099999999996 0.00000000099999999996 0.00000000099999999996 0.99999999499999991937 0.00000000099999999996 
0.00863201611503709720 0.00000000099999999999 0.53691940611624600077 0.00000000099999999999 0.00000000099999999999 0.45444857476871686197 
0.64863747420675443855 0.00000000099999999999 0.35136248732707781040 0.00000000099999999999 0.00000003546616787300 0.00000000099999999999 
0.00000000099999999998 0.00000000099999999998 0.04320584045773172288 0.30451439235051597221 0.65227976419175237588 0.00000000099999999998 
0.00000000099999999997 0.00000000099999999997 0.00000000099999999997 0.00000000099999999997 0.99999999500000003039 0.00000000099999999997 
0.00000000099999999991 0.00000000099999999991 0.00000000099999999991 0.00000000099999999991 0.99999999499999991937 0.00000000099999999991 
0.56318488093856133858 0.00000000099999999997 0.00000000099999999997 0.43681511506143871904 0.00000000099999999997 0.00000000099999999997 
0.00000000099999999995 0.00000000099999999995 0.00000000099999999995 0.00000000099999999995 0.99999999499999991937 0.00000000099999999995 
0.00000000099999999997 0.00000000099999999997 0.00000000099999999997 0.00000000099999999997 0.99999999499999991937 0.00000000099999999997 
0.00000000099999999997 0.00000000099999999997 0.19447205095855579771 0.00000000099999999997 0.80552794504144409338 0.00000000099999999997 
0.00000000099999999998 0.00000000099999999998 0.00000000099999999998 0.00000000099999999998 0.99999999499999991937 0.00000000099999999998 
0.05880548058797444022 0.00000000099999999998 0.00000000099999999998 0.00000000099999999998 0.00000000099999999998 0.94119451541202558964 
0.12346122030269530978 0.00000000099999999998 0.00000000099999999998 0.00000000099999999998 0.00000000099999999998 0.87653877569730453967 
0.99999999500000003039 0.00000000099999999998 0.00000000099999999998 0.00000000099999999998 0.00000000099999999998 0.00000000099999999998 
