0.00000000099999999893 0.00000000099999999893 0.00000000099999999893 0.00000000099999999893 0.99999998800000011734 0.00000000099999999893 0.00000000099999999893 0.00000000099999999893 0.00000000099999999893 0.00000000099999999893 0.00000000099999999893 0.00000000099999999893 0.00000000099999999893 
0.09216553746486014220 0.00000000099999999935 0.26238408743389740607 0.00000000099999999935 0.00000000099999999935 0.00000000099999999935 0.02997694525931015458 0.00000000099999999935 0.32375596313478127719 0.00000000099999999935 0.29171745870715098947 0.00000000099999999935 0.00000000099999999935 
0.00000000099999999858 0.00000000099999999858 0.00000000099999999858 0.00000000099999999858 0.00000000099999999858 0.00000000099999999858 0.00000000099999999858 0.99999998799999989529 0.00000000099999999858 0.00000000099999999858 0.00000000099999999858 0.00000000099999999858 0.00000000099999999858 
0.10445603162608262104 0.00000000099999999921 0.03423365076156235226 0.00000000099999999921 0.00000000099999999921 0.00000000099999999921 0.24647316503948135669 0.00000000099999999921 0.40517282144086635975 0.00000000099999999921 0.20966432313200730753 0.00000000099999999921 0.00000000099999999921 
0.00000000099999999925 0.00000000099999999925 0.35282407084545364118 0.00000000099999999925 0.00000000099999999925 0.00000000099999999925 0.00000000099999999925 0.00000000099999999925 0.34086963456615859691 0.00000000099999999925 0.30630628458838760064 0.00000000099999999925 0.00000000099999999925 
0.00000000099999999976 0.13140405359825815812 0.00000000099999999976 0.00000000099999999976 0.00000000099999999976 0.30339218792074684750 0.00000000099999999976 0.00000000099999999976 0.00000000099999999976 0.08573599114243685149 0.00000000099999999976 0.47946775833855803661 0.00000000099999999976 
0.00000000099999999966 0.44534529834725500308 0.09519266746716611993 0.00000000099999999966 0.00000000099999999966 0.45946202418557891001 0.00000000099999999966 0.00000000099999999966 0.00000000099999999966 0.00000000099999999966 0.00000000099999999966 0.00000000099999999966 0.00000000099999999966 
0.34536926441849480351 0.00000000099999999952 0.00000000099999999952 0.65463072458150539656 0.00000000099999999952 0.00000000099999999952 0.00000000099999999952 0.00000000099999999952 0.00000000099999999952 0.00000000099999999952 0.00000000099999999952 0.00000000099999999952 0.00000000099999999952 
0.00000000099999999895 0.00000000099999999895 0.00000000099999999895 0.00000000099999999895 0.00000000099999999895 0.00000000099999999895 0.00000000099999999895 0.99999998799999989529 0.00000000099999999895 0.00000000099999999895 0.00000000099999999895 0.00000000099999999895 0.00000000099999999895 
0.00000000099999999916 0.00000000099999999916 0.00000000099999999916 0.00000000099999999916 0.00000000099999999916 0.00000000099999999916 0.00000000099999999916 0.00000000099999999916 0.00000000099999999916 0.00000000099999999916 0.00000000099999999916 0.99999998799999989529 0.00000000099999999916 
0.19037442237420273972 0.00000000099999999942 0.00000000099999999942 0.00000000099999999942 0.00000000099999999942 0.00000000099999999942 0.00000000099999999942 0.27666240258586105583 0.49871854032468282414 0.00000000099999999942 0.03424462571525344057 0.00000000099999999942 0.00000000099999999942 
0.32986488325467711036 0.00000000099999999942 0.00000000099999999942 0.00000000099999999942 0.00000000099999999942 0.00000000099999999942 0.00000000099999999942 0.00000000099999999942 0.45237820837749276315 0.00000000099999999942 0.21775689836783002074 0.00000000099999999942 0.00000000099999999942 
0.00000000099999999931 0.00000000099999999931 0.03063402357348264660 0.00000000099999999931 0.00000000099999999931 0.00000000099999999931 0.08688273264983577271 0.00000000099999999931 0.88248323377668169698 0.00000000099999999931 0.00000000099999999931 0.00000000099999999931 0.00000000099999999931 
0.00000000099999999899 0.00000000099999999899 0.00000000099999999899 0.00000000099999999899 0.00000000099999999899 0.00000000099999999899 0.00000000099999999899 0.00000000099999999899 0.00000000099999999899 0.00000000099999999899 0.00000000099999999899 0.00000000099999999899 0.99999998800000000632 
0.10020930284662002419 0.00000000099999999949 0.23894759577422949870 0.43793982037909623406 0.00000000099999999949 0.00000000099999999949 0.06250902530274332625 0.16039424769731097653 0.00000000099999999949 0.00000000099999999949 0.00000000099999999949 0.00000000099999999949 0.00000000099999999949 
0.00000000099999999923 0.00000000099999999923 0.00000000099999999923 0.00000000099999999923 0.00000000099999999923 0.22491647021510569049 0.00000000099999999923 0.00000000099999999923 0.00000000099999999923 0.77508351878489445408 0.00000000099999999923 0.00000000099999999923 0.00000000099999999923 
0.11649888103619129853 0.00000000099999999954 0.00000000099999999954 0.07131069750533633456 0.00000000099999999954 0.00000000099999999954 0.19958548125079844660 0.00000000099999999954 0.47625531873614146416 0.00000000099999999954 0.13634961347153254363 0.00000000099999999954 0.00000000099999999954 
0.04486506769160170799 0.00000000099999999932 0.00000000099999999932 0.00000000099999999932 0.00000000099999999932 0.00000000099999999932 0.00000000099999999932 0.11395815877576984110 0.54660377336838772422 0.00000000099999999932 0.29457299116424073837 0.00000000099999999932 0.00000000099999999932 
0.00000000099999999983 0.43105426177140454547 0.00000000099999999983 0.00000000099999999983 0.00000000099999999983 0.54159108962738655713 0.00000000099999999983 0.00000000099999999983 0.00000000099999999983 0.00000000099999999983 0.00000000099999999983 0.00000000099999999983 0.02735463860120895124 
0.21014572365304629020 0.00000000099999999948 0.00000000099999999948 0.00000000099999999948 0.00000000099999999948 0.00000000099999999948 0.00000000099999999948 0.10308787934345647885 0.44982085395051379928 0.00000000099999999948 0.23694553405298343640 0.00000000099999999948 0.00000000099999999948 
0.17216371732007978990 0.00000000099999999948 0.00000000099999999948 0.00000000099999999948 0.00000000099999999948 0.00000000099999999948 0.15620119767917614584 0.33527000043087001879 0.33636507556987421674 0.00000000099999999948 0.00000000099999999948 0.00000000099999999948 0.00000000099999999948 
0.00000000099999999933 0.00000000099999999933 0.25971211801694160659 0.00000000099999999933 0.00000000099999999933 0.00000000099999999933 0.00000000099999999933 0.74028787098305826042 0.00000000099999999933 0.00000000099999999933 0.00000000099999999933 0.00000000099999999933 0.00000000099999999933 
0.00000000099999999933 0.00000000099999999933 0.00000000099999999933 0.00000000099999999933 0.00000000099999999933 0.00000000099999999933 0.00000000099999999933 0.00000000099999999933 0.00000000099999999933 0.99999998800000000632 0.00000000099999999933 0.00000000099999999933 0.00000000099999999933 
0.03377631162946389404 0.38876835410393539849 0.00000000099999999976 0.00000000099999999976 0.00000000099999999976 0.32354366905833387147 0.00000000099999999976 0.00000000099999999976 0.00000000099999999976 0.21598109582353208769 0.00000000099999999976 0.03793056138473480110 0.00000000099999999976 
0.00000000099999999963 0.00000000099999999963 0.00000000099999999963 0.00000000099999999963 0.00000000099999999963 0.00000000099999999963 0.09736962307708152409 0.65925018046157668472 0.00000000099999999963 0.00000000099999999963 0.24338018646134190748 0.00000000099999999963 0.00000000099999999963 
0.00000000099999999851 0.00000000099999999851 0.00000000099999999851 0.00000000099999999851 0.00000000099999999851 0.00000000099999999851 0.00000000099999999851 0.00000000099999999851 0.00000000099999999851 0.00000000099999999851 0.00000000099999999851 0.00000000099999999851 0.99999998799999989529 
0.00000000099999999951 0.00000000099999999951 0.10938086142872592565 0.03769030561640872301 0.00000000099999999951 0.00000000099999999951 0.00000000099999999951 0.20877819870424169091 0.46098181194354287404 0.00000000099999999951 0.18316881430708087386 0.00000000099999999951 0.00000000099999999951 
0.00000000099999999955 0.28694102199300769440 0.00000000099999999955 0.00000000099999999955 0.00000000099999999955 0.71305896700699222812 0.00000000099999999955 0.00000000099999999955 0.00000000099999999955 0.00000000099999999955 0.00000000099999999955 0.00000000099999999955 0.00000000099999999955 
0.00000000099999999957 0.00000000099999999957 0.00000000099999999957 0.00000013369932743715 0.00000000099999999957 0.00000000099999999957 0.31064638108278436190 0.00000000099999999957 0.68935347521788836733 0.00000000099999999957 0.00000000099999999957 0.00000000099999999957 0.00000000099999999957 
0.06049328717613487727 0.00000000099999999954 0.00000000099999999954 0.00000000099999999954 0.00000000099999999954 0.00000000099999999954 0.00000000099999999954 0.01823739027453539704 0.64359137670494903638 0.00000000099999999954 0.27767793684438085711 0.00000000099999999954 0.00000000099999999954 
0.03872011297866543439 0.11917121532416644070 0.03941730601398484718 0.00000000099999999962 0.80269135668318347676 0.00000000099999999962 0.00000000099999999962 0.00000000099999999962 0.00000000099999999962 0.00000000099999999962 0.00000000099999999962 0.00000000099999999962 0.00000000099999999962 
0.06263931783320193791 0.00000000099999999968 0.00000000099999999968 0.06041795424410666138 0.00000000099999999968 0.00000000099999999968 0.00000000099999999968 0.00000000099999999968 0.00000000099999999968 0.00000000099999999968 0.00000000099999999968 0.87694271792269129495 0.00000000099999999968 
0.00000000099999999951 0.00000000099999999951 0.00000000099999999951 0.00000000099999999951 0.00000000099999999951 0.68059187500428608431 0.31940811399571411577 0.00000000099999999951 0.00000000099999999951 0.00000000099999999951 0.00000000099999999951 0.00000000099999999951 0.00000000099999999951 
0.00000000099999999931 0.00000000099999999931 0.00000000099999999931 0.00000000099999999931 0.00000000099999999931 0.00000000099999999931 0.00000000099999999931 0.00000000099999999931 0.00000000099999999931 0.00000000099999999931 0.00000000099999999931 0.99999998799999989529 0.00000000099999999931 
0.00000000099999999969 0.00000000099999999969 0.00000000099999999969 0.00000000099999999969 0.00000000099999999969 0.00000000099999999969 0.00000000099999999969 0.00000000099999999969 0.00000000099999999969 0.99999998800000011734 0.00000000099999999969 0.00000000099999999969 0.00000000099999999969 
0.00000000099999999860 0.00000000099999999860 0.00000000099999999860 0.00000000099999999860 0.00000000099999999860 0.00000000099999999860 0.00000000099999999860 0.00000000099999999860 0.00000000099999999860 0.00000000099999999860 0.00000000099999999860 0.00000000099999999860 0.99999998799999989529 
0.00000000099999999977 0.16722135946416771812 0.00000000099999999977 0.11929045958860647059 0.00000000099999999977 0.00000000099999999977 0.00000000099999999977 0.00000000099999999977 0.00000000099999999977 0.14628012557571132279 0.00000000099999999977 0.31113105835012777600 0.25607698902138648078 
0.99999998800000033938 0.00000000099999999951 0.00000000099999999951 0.00000000099999999951 0.00000000099999999951 0.00000000099999999951 0.00000000099999999951 0.00000000099999999951 0.00000000099999999951 0.00000000099999999951 0.00000000099999999951 0.00000000099999999951 0.00000000099999999951 
0.00000000099999999980 0.30325288955954377013 0.00000000099999999980 0.00000000099999999980 0.00000000099999999980 0.68186371499894626869 0.00000000099999999980 0.00000000099999999980 0.00000000099999999980 0.00000000099999999980 0.01488338544150993176 0.00000000099999999980 0.00000000099999999980 
0.00000000099999999970 0.00000000099999999970 0.00000000099999999970 0.83413627278895707828 0.00000000099999999970 0.00000000099999999970 0.16586371621104312180 0.00000000099999999970 0.00000000099999999970 0.00000000099999999970 0.00000000099999999970 0.00000000099999999970 0.00000000099999999970 
0.29633875814524013315 0.00000000099999999956 0.04302106356943132676 0.00000000099999999956 0.00000000099999999956 0.00000000099999999956 0.00000000099999999956 0.35076448953866345981 0.30987567974666491155 0.00000000099999999956 0.00000000099999999956 0.00000000099999999956 0.00000000099999999956 
0.37699979912822090267 0.00000000099999999954 0.00000000099999999954 0.00000000099999999954 0.00000000099999999954 0.00000000099999999954 0.00000000099999999954 0.17897087691011651089 0.44402931396166250844 0.00000000099999999954 0.00000000099999999954 0.00000000099999999954 0.00000000099999999954 
0.02750815203752646557 0.00000000099999999967 0.00000000099999999967 0.19882667267327899796 0.00000000099999999967 0.00000000099999999967 0.00000000099999999967 0.15799988475082807349 0.18577020734109497835 0.00000000099999999967 0.42989507519727154783 0.00000000099999999967 0.00000000099999999967 
0.00000000099999999987 0.03603433046311521615 0.00000000099999999987 0.02584854687515087540 0.00000000099999999987 0.00000000099999999987 0.00000000099999999987 0.15843255030173358788 0.00000000099999999987 0.09463110250835347903 0.00000000099999999987 0.45779101108670300357 0.22726245176494380695 
0.00000000099999999910 0.00000000099999999910 0.00000000099999999910 0.00000000099999999910 0.00000000099999999910 0.00000000099999999910 0.00000000099999999910 0.00000000099999999910 0.00000000099999999910 0.00000000099999999910 0.00000000099999999910 0.00000000099999999910 0.99999998800000000632 
0.00000000099999999960 0.00000000099999999960 0.00000000099999999960 0.00000000099999999960 0.00000000099999999960 0.00000000099999999960 0.00000000099999999960 0.60388662928729774926 0.32324578861546537922 0.00000000099999999960 0.07286757209723693229 0.00000000099999999960 0.00000000099999999960 
0.00000000099999999957 0.00000000099999999957 0.00000000099999999957 0.00000000099999999957 0.00000000099999999957 0.00000000099999999957 0.00000000099999999957 0.00000000099999999957 0.00000000099999999957 0.99999998800000000632 0.00000000099999999957 0.00000000099999999957 0.00000000099999999957 
0.00000000099999999973 0.00000000099999999973 0.00000000099999999973 0.00000000099999999973 0.00000000099999999973 0.10361889072294107328 0.00000000099999999973 0.00000000099999999973 0.00000000099999999973 0.09821855296548571979 0.06671310407163794087 0.73144944323993521529 0.00000000099999999973 
0.00000000099999999971 0.19853328188333449478 0.00000000099999999971 0.00000000099999999971 0.00000000099999999971 0.62636571469271473678 0.00000000099999999971 0.00000000099999999971 0.00000000099999999971 0.00000000099999999971 0.00000000099999999971 0.00000000099999999971 0.17510099342395094024 
0.00000000099999999935 0.00000000099999999935 0.00000000099999999935 0.00000000099999999935 0.00000000099999999935 0.00000000099999999935 0.10217265239547647371 0.00000000099999999935 0.00000000099999999935 0.00000000099999999935 0.00000000099999999935 0.00000000099999999935 0.89782733660452351820 
0.00000000099999999930 0.00000000099999999930 0.00000000099999999930 0.00000000099999999930 0.00000000099999999930 0.00000000099999999930 0.00000000099999999930 0.99999998800000011734 0.00000000099999999930 0.00000000099999999930 0.00000000099999999930 0.00000000099999999930 0.00000000099999999930 
0.14736822099607355119 0.00000000099999999969 0.00000000099999999969 0.08163962934625679235 0.00000000099999999969 0.00000000099999999969 0.36389036848020789305 0.00000000099999999969 0.40710177217746196243 0.00000000099999999969 0.00000000099999999969 0.00000000099999999969 0.00000000099999999969 
0.00000000099999999958 0.00000000099999999958 0.00000000099999999958 0.10482637904326840006 0.00000000099999999958 0.00000000099999999958 0.00000000099999999958 0.00000000099999999958 0.00000000099999999958 0.00000000099999999958 0.00000000099999999958 0.89517360995673156410 0.00000000099999999958 
0.00000000099999999973 0.00000000099999999973 0.00000000099999999973 0.00000000099999999973 0.99999998800000011734 0.00000000099999999973 0.00000000099999999973 0.00000000099999999973 0.00000000099999999973 0.00000000099999999973 0.00000000099999999973 0.00000000099999999973 0.00000000099999999973 
0.00000000099999999927 0.99999998800000022836 0.00000000099999999927 0.00000000099999999927 0.00000000099999999927 0.00000000099999999927 0.00000000099999999927 0.00000000099999999927 0.00000000099999999927 0.00000000099999999927 0.00000000099999999927 0.00000000099999999927 0.00000000099999999927 
0.00000000099999999974 0.00000000099999999974 0.00000000099999999974 0.00000000099999999974 0.99999998800000011734 0.00000000099999999974 0.00000000099999999974 0.00000000099999999974 0.00000000099999999974 0.00000000099999999974 0.00000000099999999974 0.00000000099999999974 0.00000000099999999974 
0.00000000099999999943 0.00000000099999999943 0.00000000099999999943 0.00000000099999999943 0.00000000099999999943 0.00000000099999999943 0.00000000099999999943 0.00000000099999999943 0.00000000099999999943 0.00000000099999999943 0.00000000099999999943 0.99999998800000000632 0.00000000099999999943 
0.00000000099999999920 0.00000000099999999920 0.00000000099999999920 0.00000000099999999920 0.00000000099999999920 0.00000000099999999920 0.00000000099999999920 0.00000000099999999920 0.00000000099999999920 0.00000000099999999920 0.00000000099999999920 0.00000000099999999920 0.99999998800000000632 
0.14950541884470275322 0.00000000099999999973 0.00000000099999999973 0.07885521799512582031 0.00000000099999999973 0.00000000099999999973 0.06408875693102641935 0.00000000099999999973 0.65596777345500723033 0.00000000099999999973 0.05158282477413789202 0.00000000099999999973 0.00000000099999999973 
0.00000000099999999942 0.00000000099999999942 0.00000000099999999942 0.00000000099999999942 0.00000000099999999942 0.00000000099999999942 0.12515441142906807981 0.00000000099999999942 0.00000000099999999942 0.00000000099999999942 0.00000000099999999942 0.87484557757093195374 0.00000000099999999942 
0.00000000099999999938 0.00000000099999999938 0.00000000099999999938 0.00000000099999999938 0.00000000099999999938 0.00000000099999999938 0.00000000099999999938 0.00000000099999999938 0.00000000099999999938 0.00000000099999999938 0.00000000099999999938 0.99999998799999989529 0.00000000099999999938 
0.00000000099999999956 0.00000000099999999956 0.00000000099999999956 0.00000000099999999956 0.00000000099999999956 0.00000000099999999956 0.34678582474169961092 0.00000000099999999956 0.65321416425830036712 0.00000000099999999956 0.00000000099999999956 0.00000000099999999956 0.00000000099999999956 
0.09235645515521216653 0.59127875298535292892 0.00000000099999999980 0.00000000099999999980 0.00722297528767699547 0.00000052002181724662 0.00000000099999999980 0.00000000099999999980 0.00000000099999999980 0.00000000099999999980 0.00000000099999999980 0.30914128854994088469 0.00000000099999999980 
0.00000000099999999948 0.00000000099999999948 0.00000000099999999948 0.00000000099999999948 0.00000000099999999948 0.00000000099999999948 0.00000000099999999948 0.00000000099999999948 0.00000000099999999948 0.99999998800000000632 0.00000000099999999948 0.00000000099999999948 0.00000000099999999948 
0.00000000099999999961 0.00000000099999999961 0.00000000099999999961 0.16742518974853964897 0.07768599768897159474 0.00000000099999999961 0.00000000099999999961 0.00000000099999999961 0.00000000099999999961 0.00000000099999999961 0.00000000099999999961 0.68414465335182406136 0.07074415021066458864 
0.00000000099999999929 0.00000000099999999929 0.00000000099999999929 0.00000000099999999929 0.00000000099999999929 0.00000000099999999929 0.99999998800000000632 0.00000000099999999929 0.00000000099999999929 0.00000000099999999929 0.00000000099999999929 0.00000000099999999929 0.00000000099999999929 
0.00000000099999999975 0.00000000099999999975 0.00000000099999999975 0.07867638775802873741 0.92132360124197132389 0.00000000099999999975 0.00000000099999999975 0.00000000099999999975 0.00000000099999999975 0.00000000099999999975 0.00000000099999999975 0.00000000099999999975 0.00000000099999999975 
0.00000000099999999950 0.00000000099999999950 0.00000000099999999950 0.00000000099999999950 0.99999998800000022836 0.00000000099999999950 0.00000000099999999950 0.00000000099999999950 0.00000000099999999950 0.00000000099999999950 0.00000000099999999950 0.00000000099999999950 0.00000000099999999950 
0.00000000099999999963 0.00000000099999999963 0.00000000099999999963 0.00000000099999999963 0.00000000099999999963 0.00000000099999999963 0.00000000099999999963 0.00000000099999999963 0.00000000099999999963 0.00000000099999999963 0.00000000099999999963 0.99999998800000000632 0.00000000099999999963 
0.00000000099999999976 0.00000000099999999976 0.00000000099999999976 0.00000000099999999976 0.00000000099999999976 0.00000000099999999976 0.00000000099999999976 0.00000000099999999976 0.00000000099999999976 0.00000000099999999976 0.00000000099999999976 0.86601798642985483578 0.13398200257014522552 
0.39073371949076152188 0.00000000099999999955 0.00000000099999999955 0.00000000099999999955 0.00000000099999999955 0.00000000099999999955 0.00740849789040208279 0.00000000099999999955 0.00000000099999999955 0.00000000099999999955 0.60185777261883621758 0.00000000099999999955 0.00000000099999999955 
0.00000000099999999972 0.00000000099999999972 0.00000000099999999972 0.00000000099999999972 0.00000000099999999972 0.00000000099999999972 0.00000000099999999972 0.99999998800000011734 0.00000000099999999972 0.00000000099999999972 0.00000000099999999972 0.00000000099999999972 0.00000000099999999972 
0.00000000099999999969 0.00000000099999999969 0.00000000099999999969 0.00000000099999999969 0.00000000099999999969 0.00000000099999999969 0.43517763632565109599 0.07939263792851454504 0.00000000099999999969 0.00000000099999999969 0.48542971574583454464 0.00000000099999999969 0.00000000099999999969 
0.00000000099999999967 0.00000000099999999967 0.00000000099999999967 0.00000000099999999967 0.00000000099999999967 0.00000000099999999967 0.08595725767009029794 0.00000000099999999967 0.00000000099999999967 0.00000000099999999967 0.00000000099999999967 0.91404273132990954132 0.00000000099999999967 
0.00000000099999999972 0.00000000099999999972 0.24139516059516830104 0.00000000099999999972 0.00000000099999999972 0.00000000099999999972 0.00000000099999999972 0.00000000099999999972 0.00000000099999999972 0.00000000315464579807 0.00000000099999999972 0.75860482625018577085 0.00000000099999999972 
0.00000000099999999932 0.00000000099999999932 0.00000000099999999932 0.00000000099999999932 0.00000000099999999932 0.00000000099999999932 0.00000000099999999932 0.00000000099999999932 0.00000000099999999932 0.00000000099999999932 0.00000000099999999932 0.99999998799999989529 0.00000000099999999932 
0.99999998800000022836 0.00000000099999999938 0.00000000099999999938 0.00000000099999999938 0.00000000099999999938 0.00000000099999999938 0.00000000099999999938 0.00000000099999999938 0.00000000099999999938 0.00000000099999999938 0.00000000099999999938 0.00000000099999999938 0.00000000099999999938 
0.00000000099999999944 0.00000000099999999944 0.00000000099999999944 0.00000000099999999944 0.99999998800000011734 0.00000000099999999944 0.00000000099999999944 0.00000000099999999944 0.00000000099999999944 0.00000000099999999944 0.00000000099999999944 0.00000000099999999944 0.00000000099999999944 
0.00000000099999999945 0.00000000099999999945 0.00000000099999999945 0.00000000099999999945 0.00000000099999999945 0.00000000099999999945 0.00000000099999999945 0.00000000099999999945 0.00000000099999999945 0.00000000099999999945 0.00000000099999999945 0.99999998799999989529 0.00000000099999999945 
0.04138342436578015815 0.00000000099999999969 0.00000000099999999969 0.00000000099999999969 0.00000000099999999969 0.00000000099999999969 0.00000000099999999969 0.00000000099999999969 0.95861656463421995866 0.00000000099999999969 0.00000000099999999969 0.00000000099999999969 0.00000000099999999969 
0.00000000099999999962 0.00000000099999999962 0.00000000099999999962 0.00000000099999999962 0.99999998800000022836 0.00000000099999999962 0.00000000099999999962 0.00000000099999999962 0.00000000099999999962 0.00000000099999999962 0.00000000099999999962 0.00000000099999999962 0.00000000099999999962 
0.00000000099999999974 0.14578199332945529498 0.00000000099999999974 0.00000000099999999974 0.00000000099999999974 0.00000000099999999974 0.00000000099999999974 0.00000000099999999974 0.00000000099999999974 0.85421799567054468305 0.00000000099999999974 0.00000000099999999974 0.00000000099999999974 
0.00000000099999999973 0.72382148101488341663 0.00000000099999999973 0.27617850798511678345 0.00000000099999999973 0.00000000099999999973 0.00000000099999999973 0.00000000099999999973 0.00000000099999999973 0.00000000099999999973 0.00000000099999999973 0.00000000099999999973 0.00000000099999999973 
0.00000000099999999966 0.00000000099999999966 0.00000000099999999966 0.33258621215069611443 0.00000000099999999966 0.00000000099999999966 0.00000000099999999966 0.00000000099999999966 0.00000000099999999966 0.00000000099999999966 0.00000000099999999966 0.60753762976368896886 0.05987614808561455421 
0.00000000099999999976 0.00000000099999999976 0.00000000099999999976 0.00000000099999999976 0.00000000099999999976 0.22925330512409750061 0.00000000099999999976 0.00000000099999999976 0.00000000099999999976 0.00000000099999999976 0.00000000099999999976 0.77074668387590239416 0.00000000099999999976 
0.00000000099999999973 0.88514133487836432757 0.00000000099999999973 0.00000000099999999973 0.00000000099999999973 0.00000000099999999973 0.00000000099999999973 0.00000000099999999973 0.00000000099999999973 0.00000000099999999973 0.11485865412163598354 0.00000000099999999973 0.00000000099999999973 
0.05374615619341092249 0.00000000099999999975 0.00000000099999999975 0.07790863312927073792 0.00000000099999999975 0.00000000099999999975 0.32581962873077036091 0.00000000099999999975 0.37213820449455659034 0.00000000099999999975 0.00000000099999999975 0.17038736945199142725 0.00000000099999999975 
0.10276378942084844759 0.56318184736113852118 0.00000000099999999977 0.00000000099999999977 0.00000000099999999977 0.33405435321801318915 0.00000000099999999977 0.00000000099999999977 0.00000000099999999977 0.00000000099999999977 0.00000000099999999977 0.00000000099999999977 0.00000000099999999977 
0.00000000099999999962 0.00000000099999999962 0.00000000099999999962 0.00000000099999999962 0.00000000099999999962 0.00000000099999999962 0.00000000099999999962 0.00000000099999999962 0.00000000099999999962 0.00000000099999999962 0.00000000099999999962 0.99999998800000000632 0.00000000099999999962 
0.16269504511231042132 0.00000000099999999971 0.00000000099999999971 0.00000000099999999971 0.00000000099999999971 0.00000000099999999971 0.38016005485646559015 0.00000000099999999971 0.00000000099999999971 0.00000000099999999971 0.45714489003122404931 0.00000000099999999971 0.00000000099999999971 
0.00000000099999999980 0.58065097227700512850 0.00000000099999999980 0.00000000099999999980 0.00000000099999999980 0.00000000099999999980 0.03916515138828136761 0.00000000099999999980 0.00000000099999999980 0.20465179295955182592 0.00000000099999999980 0.17553207437516199496 0.00000000099999999980 
0.00000000099999999986 0.25354369378459779005 0.00000000099999999986 0.00000000099999999986 0.00000000099999999986 0.00000000099999999986 0.00000000099999999986 0.02057012851799836992 0.00000000099999999986 0.57373618310228680084 0.00000000099999999986 0.00000000099999999986 0.15214998559511683229 
0.26136212087932914061 0.00000000099999999957 0.00000000099999999957 0.00000000099999999957 0.73863786812067089294 0.00000000099999999957 0.00000000099999999957 0.00000000099999999957 0.00000000099999999957 0.00000000099999999957 0.00000000099999999957 0.00000000099999999957 0.00000000099999999957 
0.00000000099999999930 0.00000000099999999930 0.00000000099999999930 0.00000000099999999930 0.99999998800000011734 0.00000000099999999930 0.00000000099999999930 0.00000000099999999930 0.00000000099999999930 0.00000000099999999930 0.00000000099999999930 0.00000000099999999930 0.00000000099999999930 
0.00000000099999999987 0.80247453385691636107 0.00000000099999999987 0.00000000099999999987 0.09345957480919074578 0.00000000099999999987 0.00000000099999999987 0.07049578813563552038 0.00000000099999999987 0.00000000099999999987 0.03357009419825759955 0.00000000099999999987 0.00000000099999999987 
0.00000000099999999944 0.00000000099999999944 0.99999998800000011734 0.00000000099999999944 0.00000000099999999944 0.00000000099999999944 0.00000000099999999944 0.00000000099999999944 0.00000000099999999944 0.00000000099999999944 0.00000000099999999944 0.00000000099999999944 0.00000000099999999944 
0.00000000099999999975 0.00000000099999999975 0.00000000099999999975 0.00000000099999999975 0.00000000099999999975 0.00000000099999999975 0.00000000099999999975 0.00000000099999999975 0.00000000099999999975 0.99999998800000011734 0.00000000099999999975 0.00000000099999999975 0.00000000099999999975 
0.00000000099999999981 0.40155784171788783121 0.00000000099999999981 0.00000000099999999981 0.00000000099999999981 0.00000000099999999981 0.32864336757449819082 0.00000000099999999981 0.00000000099999999981 0.00000000099999999981 0.00000000099999999981 0.17335702612015768675 0.09644175558745626820 
0.00000000099999999986 0.49540809874515512323 0.00000000099999999986 0.00000000099999999986 0.00000000099999999986 0.20249285183222384688 0.00000000099999999986 0.14781748373326508705 0.00000000099999999986 0.00000000099999999986 0.15428155668935572553 0.00000000099999999986 0.00000000099999999986 
0.00000000099999999982 0.00000000099999999982 0.00000000099999999982 0.37662464086049657341 0.23660446112909816474 0.02720343996281264498 0.00000000099999999982 0.00000000099999999982 0.00000000099999999982 0.00000000099999999982 0.35956744904759263548 0.00000000099999999982 0.00000000099999999982 
0.00000000099999999971 0.00000000099999999971 0.29280168411508816773 0.70719830488491197684 0.00000000099999999971 0.00000000099999999971 0.00000000099999999971 0.00000000099999999971 0.00000000099999999971 0.00000000099999999971 0.00000000099999999971 0.00000000099999999971 0.00000000099999999971 
0.00000000099999999982 0.00000000099999999982 0.99999998800000011734 0.00000000099999999982 0.00000000099999999982 0.00000000099999999982 0.00000000099999999982 0.00000000099999999982 0.00000000099999999982 0.00000000099999999982 0.00000000099999999982 0.00000000099999999982 0.00000000099999999982 
0.00000000099999999966 0.00000000099999999966 0.00000000099999999966 0.00000000099999999966 0.00000000099999999966 0.99999998800000011734 0.00000000099999999966 0.00000000099999999966 0.00000000099999999966 0.00000000099999999966 0.00000000099999999966 0.00000000099999999966 0.00000000099999999966 
0.08964811478556040936 0.00000000099999999990 0.00000000099999999990 0.00000000099999999990 0.26678757834191896281 0.00000000099999999990 0.10163444863152289177 0.00000000099999999990 0.44692202012386983423 0.09500783011712771176 0.00000000099999999990 0.00000000099999999990 0.00000000099999999990 
0.00000000099999999959 0.00000000099999999959 0.99999998800000011734 0.00000000099999999959 0.00000000099999999959 0.00000000099999999959 0.00000000099999999959 0.00000000099999999959 0.00000000099999999959 0.00000000099999999959 0.00000000099999999959 0.00000000099999999959 0.00000000099999999959 
0.00000000099999999951 0.00000000099999999951 0.00000000099999999951 0.00000000099999999951 0.00000000099999999951 0.00000000099999999951 0.00000000099999999951 0.00000000099999999951 0.00000000099999999951 0.00000000099999999951 0.99999998799999989529 0.00000000099999999951 0.00000000099999999951 
0.00000000099999999948 0.00000000099999999948 0.00000000099999999948 0.99999998800000011734 0.00000000099999999948 0.00000000099999999948 0.00000000099999999948 0.00000000099999999948 0.00000000099999999948 0.00000000099999999948 0.00000000099999999948 0.00000000099999999948 0.00000000099999999948 
0.00000000099999999974 0.00000000099999999974 0.00000000099999999974 0.00000000099999999974 0.00000000099999999974 0.00000000099999999974 0.41294109411809826193 0.00000000099999999974 0.58705889488190188263 0.00000000099999999974 0.00000000099999999974 0.00000000099999999974 0.00000000099999999974 
0.00000000099999999980 0.00000000099999999980 0.00000000099999999980 0.00000000099999999980 0.00000000099999999980 0.05220861204800427563 0.37445559248839332955 0.00000000099999999980 0.00000000099999999980 0.00000000099999999980 0.00000000099999999980 0.57333578546360219885 0.00000000099999999980 
0.00000000099999999955 0.00000000099999999955 0.60504974577440784334 0.00000000099999999955 0.00000000099999999955 0.00000000099999999955 0.00000000099999999955 0.00000000099999999955 0.00000000099999999955 0.00000000099999999955 0.39495024322559235674 0.00000000099999999955 0.00000000099999999955 
0.00000000099999999978 0.00000000099999999978 0.00000000099999999978 0.32912709931970568489 0.00000000099999999978 0.00000000099999999978 0.00000000099999999978 0.53850737890987010470 0.13236551177042421568 0.00000000099999999978 0.00000000099999999978 0.00000000099999999978 0.00000000099999999978 
0.00000000099999999981 0.91836607707801376499 0.00000000099999999981 0.00000000099999999981 0.00000000099999999981 0.00000000099999999981 0.00000000099999999981 0.00000000099999999981 0.00000000099999999981 0.00000000099999999981 0.00000000099999999981 0.08163391192198644897 0.00000000099999999981 
0.00000000099999999990 0.33823043075933523216 0.00000000099999999990 0.00001937951187923281 0.00000000099999999990 0.45011399944444330234 0.00000000099999999990 0.00000000099999999990 0.21163618128434225074 0.00000000099999999990 0.00000000099999999990 0.00000000099999999990 0.00000000099999999990 
0.00000000099999999989 0.11566245129687507953 0.00000000099999999989 0.35956487357803773586 0.00000000099999999989 0.43795383512738794707 0.08681883099769940881 0.00000000099999999989 0.00000000099999999989 0.00000000099999999989 0.00000000099999999989 0.00000000099999999989 0.00000000099999999989 
0.00000000099999999973 0.00000000099999999973 0.00000000099999999973 0.00000000099999999973 0.00000000099999999973 0.00000000099999999973 0.00000000099999999973 0.00000000099999999973 0.00000000099999999973 0.99999998800000011734 0.00000000099999999973 0.00000000099999999973 0.00000000099999999973 
0.00000000099999999976 0.00000000099999999976 0.00000000099999999976 0.69628012545413708878 0.00000000099999999976 0.00000000099999999976 0.00000000099999999976 0.00000000099999999976 0.30371986354586311130 0.00000000099999999976 0.00000000099999999976 0.00000000099999999976 0.00000000099999999976 
0.00000000099999999983 0.00000000099999999983 0.11032444053706097487 0.54342974632524554401 0.12135370202602654977 0.00000000099999999983 0.00000000099999999983 0.00000000099999999983 0.00000000099999999983 0.00000000099999999983 0.22489210211166688058 0.00000000099999999983 0.00000000099999999983 
0.00000000099999999970 0.00000000099999999970 0.00000000099999999970 0.00000000099999999970 0.00000000099999999970 0.99999998800000022836 0.00000000099999999970 0.00000000099999999970 0.00000000099999999970 0.00000000099999999970 0.00000000099999999970 0.00000000099999999970 0.00000000099999999970 
0.00000000099999999976 0.00000000099999999976 0.00000000099999999976 0.00000000099999999976 0.00000000099999999976 0.00000000099999999976 0.00000000099999999976 0.00000000099999999976 0.00000000099999999976 0.00000000099999999976 0.99999998799999989529 0.00000000099999999976 0.00000000099999999976 
0.00000000099999999971 0.00000000099999999971 0.99999998800000022836 0.00000000099999999971 0.00000000099999999971 0.00000000099999999971 0.00000000099999999971 0.00000000099999999971 0.00000000099999999971 0.00000000099999999971 0.00000000099999999971 0.00000000099999999971 0.00000000099999999971 
0.00000000099999999956 0.00000000099999999956 0.99999998800000011734 0.00000000099999999956 0.00000000099999999956 0.00000000099999999956 0.00000000099999999956 0.00000000099999999956 0.00000000099999999956 0.00000000099999999956 0.00000000099999999956 0.00000000099999999956 0.00000000099999999956 
0.00000000099999999989 0.00000000099999999989 0.00000000099999999989 0.36393159220787585362 0.00000000099999999989 0.00000000099999999989 0.00000000099999999989 0.60450430388239873025 0.00000000099999999989 0.00000000099999999989 0.00000000099999999989 0.00000000099999999989 0.03156409390972525486 
0.00000000099999999959 0.00000000099999999959 0.00000000099999999959 0.99999998800000011734 0.00000000099999999959 0.00000000099999999959 0.00000000099999999959 0.00000000099999999959 0.00000000099999999959 0.00000000099999999959 0.00000000099999999959 0.00000000099999999959 0.00000000099999999959 
0.00000000099999999972 0.00000000099999999972 0.00000000099999999972 0.10085051034978843865 0.00000000099999999972 0.75466703772489396318 0.00000000099999999972 0.00000000099999999972 0.00000000099999999972 0.00000000099999999972 0.00000000099999999972 0.00000000099999999972 0.14448244192531783936 
0.00000000099999999988 0.80946416610019367166 0.00000000099999999988 0.00000000099999999988 0.00000000099999999988 0.00000000099999999988 0.00000000099999999988 0.00000000099999999988 0.00000000099999999988 0.00000000099999999988 0.10222667458057679846 0.05953896933771744837 0.02877018098151237421 
0.00000000099999999983 0.00000000099999999983 0.00000000099999999983 0.00000000099999999983 0.00000000099999999983 0.00000000099999999983 0.00000000099999999983 0.00000000099999999983 0.99999998800000000632 0.00000000099999999983 0.00000000099999999983 0.00000000099999999983 0.00000000099999999983 
0.00000000099999999959 0.99999998800000022836 0.00000000099999999959 0.00000000099999999959 0.00000000099999999959 0.00000000099999999959 0.00000000099999999959 0.00000000099999999959 0.00000000099999999959 0.00000000099999999959 0.00000000099999999959 0.00000000099999999959 0.00000000099999999959 
0.00000000099999999960 0.00000000099999999960 0.00000000099999999960 0.00000000099999999960 0.99999998800000011734 0.00000000099999999960 0.00000000099999999960 0.00000000099999999960 0.00000000099999999960 0.00000000099999999960 0.00000000099999999960 0.00000000099999999960 0.00000000099999999960 
0.99999998800000033938 0.00000000099999999951 0.00000000099999999951 0.00000000099999999951 0.00000000099999999951 0.00000000099999999951 0.00000000099999999951 0.00000000099999999951 0.00000000099999999951 0.00000000099999999951 0.00000000099999999951 0.00000000099999999951 0.00000000099999999951 
0.00000000099999999979 0.00000000099999999979 0.00000000099999999979 0.00000000099999999979 0.79163881225422028098 0.00000000099999999979 0.00000000099999999979 0.20836117674577986358 0.00000000099999999979 0.00000000099999999979 0.00000000099999999979 0.00000000099999999979 0.00000000099999999979 
0.00000000099999999945 0.00000000099999999945 0.00000000099999999945 0.00000000099999999945 0.00000000099999999945 0.00000000099999999945 0.99999998800000000632 0.00000000099999999945 0.00000000099999999945 0.00000000099999999945 0.00000000099999999945 0.00000000099999999945 0.00000000099999999945 
0.00000000099999999948 0.00000000099999999948 0.00000000099999999948 0.00000000099999999948 0.00000000099999999948 0.00000000099999999948 0.00000000099999999948 0.00000000099999999948 0.00000000099999999948 0.00000000099999999948 0.00000000099999999948 0.00000000099999999948 0.99999998799999989529 
0.00000000099999999981 0.00000000099999999981 0.00000000099999999981 0.00000000099999999981 0.37110236328516521542 0.00000000099999999981 0.00000000099999999981 0.00000000099999999981 0.00000000099999999981 0.00000000099999999981 0.62889762571483476261 0.00000000099999999981 0.00000000099999999981 
