0.00000000099999999908 0.99999999000000028282 0.00000000099999999908 0.00000000099999999908 0.00000000099999999908 0.00000000099999999908 0.00000000099999999908 0.00000000099999999908 0.00000000099999999908 0.00000000099999999908 0.00000000099999999908 
0.00000000099999999943 0.00000000099999999943 0.00000000099999999943 0.00000000099999999943 0.00000000099999999943 0.00000000099999999943 0.00000000099999999943 0.10969428198425630605 0.89030570901574379583 0.00000000099999999943 0.00000000099999999943 
0.00000000099999999864 0.00000000099999999864 0.99999999000000006077 0.00000000099999999864 0.00000000099999999864 0.00000000099999999864 0.00000000099999999864 0.00000000099999999864 0.00000000099999999864 0.00000000099999999864 0.00000000099999999864 
0.00000000099999999925 0.00000000099999999925 0.00000000099999999925 0.00000000099999999925 0.00000000099999999925 0.00000000099999999925 0.00000000099999999925 0.24284903528537737927 0.75715095571462254220 0.00000000099999999925 0.00000000099999999925 
0.00000000099999999945 0.00000000099999999945 0.00000000099999999945 0.00000000099999999945 0.00000000099999999945 0.00000000099999999945 0.00000000099999999945 0.09075499984451951274 0.90924499115548051975 0.00000000099999999945 0.00000000099999999945 
0.00000000099999999982 0.00000000099999999982 0.00000000099999999982 0.06148076199107537637 0.54781933447162478590 0.00000002860224791044 0.00000121123823212600 0.00000000099999999982 0.00000000099999999982 0.39069865769681982881 0.00000000099999999982 
0.00000000099999999941 0.00000000099999999941 0.00000000099999999941 0.00000000099999999941 0.00000000099999999941 0.00000000099999999941 0.00000000099999999941 0.00000000099999999941 0.00000000099999999941 0.99999998999999994975 0.00000000099999999941 
0.00000000099999999964 0.00000000099999999964 0.00000000099999999964 0.00000000099999999964 0.00000000099999999964 0.00000000099999999964 0.00000000099999999964 0.06523212676339153193 0.20601982507605962058 0.00000000099999999964 0.72874804016054883782 
0.00000000099999999895 0.00000000099999999895 0.99999998999999994975 0.00000000099999999895 0.00000000099999999895 0.00000000099999999895 0.00000000099999999895 0.00000000099999999895 0.00000000099999999895 0.00000000099999999895 0.00000000099999999895 
0.00000000099999999934 0.00000000099999999934 0.00000000099999999934 0.00000000099999999934 0.99999999000000006077 0.00000000099999999934 0.00000000099999999934 0.00000000099999999934 0.00000000099999999934 0.00000000099999999934 0.00000000099999999934 
0.00000000099999999937 0.00000000099999999937 0.25511073394536570857 0.00000000099999999937 0.00000000099999999937 0.00000000099999999937 0.00000000099999999937 0.14336358591926842698 0.60152567213536578539 0.00000000099999999937 0.00000000099999999937 
0.00000000099999999946 0.00000000099999999946 0.00000000099999999946 0.00000000099999999946 0.00000000099999999946 0.00000000099999999946 0.00000000099999999946 0.25280294396754920960 0.67049774875655476780 0.00000000099999999946 0.07669929927589597130 
0.00000000099999999936 0.00000000099999999936 0.00000000099999999936 0.00000000099999999936 0.00000000099999999936 0.00000000099999999936 0.00000000099999999936 0.18393689474393654093 0.81606309625606354707 0.00000000099999999936 0.00000000099999999936 
0.99999999000000017180 0.00000000099999999918 0.00000000099999999918 0.00000000099999999918 0.00000000099999999918 0.00000000099999999918 0.00000000099999999918 0.00000000099999999918 0.00000000099999999918 0.00000000099999999918 0.00000000099999999918 
0.00000000099999999942 0.00000000099999999942 0.29187340553914126184 0.00000000099999999942 0.00000000099999999942 0.00000000099999999942 0.00000000099999999942 0.00000000099999999942 0.12708284802285227388 0.00000000099999999942 0.58104373843800627419 
0.00000000099999999942 0.00000000099999999942 0.00000000099999999942 0.99999999000000006077 0.00000000099999999942 0.00000000099999999942 0.00000000099999999942 0.00000000099999999942 0.00000000099999999942 0.00000000099999999942 0.00000000099999999942 
0.00000000099999999960 0.00874318035364172672 0.05959633209564818568 0.00000000099999999960 0.00000000099999999960 0.00000000099999999960 0.00000000099999999960 0.06714381290449389361 0.75247061864489428462 0.00000000099999999960 0.11204605000132196457 
0.00000000099999999932 0.00000000099999999932 0.09195465383694050032 0.00000000099999999932 0.00000000099999999932 0.00000000099999999932 0.00000000099999999932 0.23211353667348341712 0.67593180148957610065 0.00000000099999999932 0.00000000099999999932 
0.00000070179603222762 0.00000000099999999971 0.00000000099999999971 0.00000000099999999971 0.00000000099999999971 0.00000000099999999971 0.00000000099999999971 0.00000000099999999971 0.00000000099999999971 0.99999928920396785603 0.00000000099999999971 
0.00000000099999999943 0.00000000099999999943 0.05724232594443059291 0.00000000099999999943 0.00000000099999999943 0.00000000099999999943 0.00000000099999999943 0.17263221850067075880 0.61101515422768837293 0.00000000099999999943 0.15911029432721029986 
0.00000000099999999955 0.00000000099999999955 0.21613653104583607778 0.00000000099999999955 0.00000000099999999955 0.00000000099999999955 0.00000000099999999955 0.00000000099999999955 0.75437598156477292388 0.00000000099999999955 0.02948747938939092275 
0.00000000099999999934 0.00000000099999999934 0.99999999000000006077 0.00000000099999999934 0.00000000099999999934 0.00000000099999999934 0.00000000099999999934 0.00000000099999999934 0.00000000099999999934 0.00000000099999999934 0.00000000099999999934 
0.00000000099999999966 0.00000000099999999966 0.00000000099999999966 0.88074483843059070409 0.00000000099999999966 0.11925515256940946718 0.00000000099999999966 0.00000000099999999966 0.00000000099999999966 0.00000000099999999966 0.00000000099999999966 
0.00000000099999999975 0.00000000099999999975 0.00000000099999999975 0.06073054420842693979 0.00000000099999999975 0.45043524662695177962 0.14769275966930114907 0.00000000099999999975 0.00000000099999999975 0.34114144249532019071 0.00000000099999999975 
0.00000000099999999964 0.00000000099999999964 0.58499057901192286213 0.00000000099999999964 0.00000000099999999964 0.00000000099999999964 0.00000000099999999964 0.00000000099999999964 0.23338045469620355421 0.00000000099999999964 0.18162895829187361563 
0.99999999000000017180 0.00000000099999999879 0.00000000099999999879 0.00000000099999999879 0.00000000099999999879 0.00000000099999999879 0.00000000099999999879 0.00000000099999999879 0.00000000099999999879 0.00000000099999999879 0.00000000099999999879 
0.00000000099999999950 0.00000000099999999950 0.26123480712160612738 0.00000000099999999950 0.00000000099999999950 0.00000000099999999950 0.00000000099999999950 0.17809764301596286984 0.48533284375540153288 0.00000000099999999950 0.07533469910702933481 
0.00000000099999999959 0.00000000099999999959 0.00000000099999999959 0.00000000099999999959 0.00000000099999999959 0.00000000099999999959 0.00000000099999999959 0.00000000099999999959 0.00000000099999999959 0.99999999000000006077 0.00000000099999999959 
0.00000000099999999967 0.00000000099999999967 0.00000000099999999967 0.00000000099999999967 0.00000000099999999967 0.00000000099999999967 0.00000000099999999967 0.06494459092888681118 0.87000114750348012116 0.00000000099999999967 0.06505425356763305800 
0.00000000099999999944 0.00000000099999999944 0.04277735480507145055 0.00000000099999999944 0.00000000099999999944 0.00000000099999999944 0.00000000099999999944 0.19249286254260028484 0.68268356131092933214 0.00000000099999999944 0.08204621434139891534 
0.00000000099999999964 0.87794984902194084242 0.00000000099999999964 0.00000000099999999964 0.00000000099999999964 0.00000000099999999964 0.12205014197805942600 0.00000000099999999964 0.00000000099999999964 0.00000000099999999964 0.00000000099999999964 
0.00000000099999999974 0.00000000099999999974 0.00000000099999999974 0.00000000099999999974 0.90345585951682050307 0.00000000099999999974 0.00000000099999999974 0.00000000099999999974 0.00000000099999999974 0.00000000099999999974 0.09654413148317966820 
0.00000000099999999973 0.00000000099999999973 0.00000000099999999973 0.00000000099999999973 0.00000000099999999973 0.00000000099999999973 0.00000000099999999973 0.00000000099999999973 0.00000000099999999973 0.99999999000000006077 0.00000000099999999973 
0.00000000099999999943 0.00000000099999999943 0.00000000099999999943 0.00000000099999999943 0.99999999000000017180 0.00000000099999999943 0.00000000099999999943 0.00000000099999999943 0.00000000099999999943 0.00000000099999999943 0.00000000099999999943 
0.00000000099999999974 0.00000000099999999974 0.00000000099999999974 0.99999999000000017180 0.00000000099999999974 0.00000000099999999974 0.00000000099999999974 0.00000000099999999974 0.00000000099999999974 0.00000000099999999974 0.00000000099999999974 
0.99999999000000006077 0.00000000099999999890 0.00000000099999999890 0.00000000099999999890 0.00000000099999999890 0.00000000099999999890 0.00000000099999999890 0.00000000099999999890 0.00000000099999999890 0.00000000099999999890 0.00000000099999999890 
0.25411034091423073678 0.00000000099999999985 0.00000000099999999985 0.16111177116154840050 0.32275397598721072834 0.00000000099999999985 0.16032996170536850666 0.00000000099999999985 0.00000000099999999985 0.00000000099999999985 0.10169394423164172803 
0.00000000099999999980 0.00000000099999999980 0.00000000099999999980 0.00000000099999999980 0.00000000099999999980 0.00000000099999999980 0.00000000099999999980 0.00000000099999999980 0.67372265989382007501 0.00000000099999999980 0.32627733110618006851 
0.00000000099999999980 0.00000000099999999980 0.00000000099999999980 0.00000000099999999980 0.00000000099999999980 0.35797604649941516808 0.00000000099999999980 0.00000000099999999980 0.00000000099999999980 0.64202394450058464237 0.00000000099999999980 
0.00000000099999999951 0.00000000099999999951 0.00000000099999999951 0.00000000099999999951 0.00000000099999999951 0.00000000099999999951 0.00000000099999999951 0.00000000099999999951 0.00000000099999999951 0.00000000099999999951 0.99999999000000006077 
0.00000000099999999963 0.00000000099999999963 0.41351698776439471672 0.00000000099999999963 0.00000000099999999963 0.00000000099999999963 0.00000000099999999963 0.11830451209303746718 0.46817849214256768153 0.00000000099999999963 0.00000000099999999963 
0.00000000099999999967 0.00000000099999999967 0.09266586714182520335 0.00000000099999999967 0.00000000099999999967 0.00000000099999999967 0.00000000099999999967 0.00000000099999999967 0.90733412385817480139 0.00000000099999999967 0.00000000099999999967 
0.00000000099999999971 0.00000000099999999971 0.00000000099999999971 0.00000000099999999971 0.00000000099999999971 0.00000000099999999971 0.00000000099999999971 0.73053764246930374959 0.26946234853069611637 0.00000000099999999971 0.00000000099999999971 
0.16482346271961650919 0.00000000099999999982 0.00000000099999999982 0.00000000099999999982 0.37648657694927739614 0.00000000099999999982 0.29637097331065703765 0.00000000099999999982 0.00000000099999999982 0.00000000099999999982 0.16231898002044903295 
0.99999999000000017180 0.00000000099999999926 0.00000000099999999926 0.00000000099999999926 0.00000000099999999926 0.00000000099999999926 0.00000000099999999926 0.00000000099999999926 0.00000000099999999926 0.00000000099999999926 0.00000000099999999926 
0.00000000099999999971 0.00000000099999999971 0.58855458566063822978 0.00000000099999999971 0.00000000099999999971 0.00000000099999999971 0.00000000099999999971 0.21630389397768595705 0.19514151236167587289 0.00000000099999999971 0.00000000099999999971 
0.00000000099999999961 0.00000000099999999961 0.00000000099999999961 0.99999999000000006077 0.00000000099999999961 0.00000000099999999961 0.00000000099999999961 0.00000000099999999961 0.00000000099999999961 0.00000000099999999961 0.00000000099999999961 
0.00000000099999999981 0.00000000099999999981 0.00000000099999999981 0.04418404818477486562 0.75135474214906228241 0.00000000099999999981 0.00000000099999999981 0.07009364417297325733 0.00000000099999999981 0.13436755849318968159 0.00000000099999999981 
0.17581178903974647998 0.00000000099999999973 0.00000000099999999973 0.00000000099999999973 0.00000000099999999973 0.00000000099999999973 0.00000000099999999973 0.00000000099999999973 0.00000000099999999973 0.82418820196025355251 0.00000000099999999973 
0.99999999000000028282 0.00000000099999999941 0.00000000099999999941 0.00000000099999999941 0.00000000099999999941 0.00000000099999999941 0.00000000099999999941 0.00000000099999999941 0.00000000099999999941 0.00000000099999999941 0.00000000099999999941 
0.00000000099999999929 0.00000000099999999929 0.99999999000000006077 0.00000000099999999929 0.00000000099999999929 0.00000000099999999929 0.00000000099999999929 0.00000000099999999929 0.00000000099999999929 0.00000000099999999929 0.00000000099999999929 
0.00000000099999999969 0.00000000099999999969 0.00000000099999999969 0.00000000099999999969 0.00000000099999999969 0.00000000099999999969 0.00000000099999999969 0.35168084885555006558 0.62152210652261330459 0.00000000099999999969 0.02679703662183668261 
0.00000000099999999969 0.00000000099999999969 0.00000000099999999969 0.00000000099999999969 0.91184361140881753371 0.00000000099999999969 0.00000000099999999969 0.00000000099999999969 0.00000000099999999969 0.00000000099999999969 0.08815637959118255429 
0.00000000099999999977 0.99999999000000028282 0.00000000099999999977 0.00000000099999999977 0.00000000099999999977 0.00000000099999999977 0.00000000099999999977 0.00000000099999999977 0.00000000099999999977 0.00000000099999999977 0.00000000099999999977 
0.00000000099999999936 0.00000000099999999936 0.00000000099999999936 0.00000000099999999936 0.00000000099999999936 0.00000000099999999936 0.99999999000000006077 0.00000000099999999936 0.00000000099999999936 0.00000000099999999936 0.00000000099999999936 
0.00000000099999999972 0.99999999000000028282 0.00000000099999999972 0.00000000099999999972 0.00000000099999999972 0.00000000099999999972 0.00000000099999999972 0.00000000099999999972 0.00000000099999999972 0.00000000099999999972 0.00000000099999999972 
0.00000000099999999957 0.00000000099999999957 0.00000000099999999957 0.00000000099999999957 0.99999999000000017180 0.00000000099999999957 0.00000000099999999957 0.00000000099999999957 0.00000000099999999957 0.00000000099999999957 0.00000000099999999957 
0.99999999000000028282 0.00000000099999999929 0.00000000099999999929 0.00000000099999999929 0.00000000099999999929 0.00000000099999999929 0.00000000099999999929 0.00000000099999999929 0.00000000099999999929 0.00000000099999999929 0.00000000099999999929 
0.00000000099999999972 0.00000000099999999972 0.00000000141452059413 0.00000000099999999972 0.00000000099999999972 0.00000000099999999972 0.00000000099999999972 0.43270357656300095783 0.55272148847263946614 0.00000000099999999972 0.01457492654983888296 
0.00000000099999999969 0.00000000099999999969 0.00000000099999999969 0.00000000099999999969 0.91059519431962043789 0.00000000099999999969 0.08940479668037962235 0.00000000099999999969 0.00000000099999999969 0.00000000099999999969 0.00000000099999999969 
0.00000000099999999951 0.00000000099999999951 0.00000000099999999951 0.00000000099999999951 0.99999999000000006077 0.00000000099999999951 0.00000000099999999951 0.00000000099999999951 0.00000000099999999951 0.00000000099999999951 0.00000000099999999951 
0.00000000099999999967 0.00000000099999999967 0.03090992274390800404 0.00000000099999999967 0.00000000099999999967 0.00000000099999999967 0.00000000099999999967 0.22574381682385830095 0.74334625243223384494 0.00000000099999999967 0.00000000099999999967 
0.00000000099999999982 0.00000000099999999982 0.00000000099999999982 0.00000000099999999982 0.26502908767657734623 0.05042878001899018386 0.59689789889460398431 0.00000000099999999982 0.00000000099999999982 0.00000000099999999982 0.08764422640982851009 
0.00000000099999999953 0.00000000099999999953 0.00000000099999999953 0.99999999000000017180 0.00000000099999999953 0.00000000099999999953 0.00000000099999999953 0.00000000099999999953 0.00000000099999999953 0.00000000099999999953 0.00000000099999999953 
0.06176333338872587453 0.07463977504784492789 0.00000000099999999976 0.00000000099999999976 0.73985617901776123961 0.00000000099999999976 0.00000000099999999976 0.00000000099999999976 0.00000000099999999976 0.00000000099999999976 0.12374070554566801716 
0.00000000099999999976 0.00000000099999999976 0.00000000099999999976 0.00000000099999999976 0.00000000099999999976 0.00000000099999999976 0.00000000099999999976 0.49724239057245711582 0.50275760042754291668 0.00000000099999999976 0.00000000099999999976 
0.00000000099999999976 0.70563548011937959892 0.00000000099999999976 0.00000000099999999976 0.00000000099999999976 0.00000000099999999976 0.00000000099999999976 0.00000000099999999976 0.00000000099999999976 0.00000000099999999976 0.29436451088062071113 
0.00000000099999999963 0.98444055545997299905 0.00000000099999999963 0.00000000099999999963 0.00000000099999999963 0.00000000099999999963 0.00000000099999999963 0.00000000099999999963 0.00000000099999999963 0.00000000099999999963 0.01555943554002716354 
0.00000000099999999971 0.00000000099999999971 0.00000000099999999971 0.00000000099999999971 0.93569196046467240091 0.00000000099999999971 0.00000000099999999971 0.00000000099999999971 0.00000000099999999971 0.00000000099999999971 0.06430803053532774261 
0.11682353167045778086 0.00000000099999999979 0.00000000099999999979 0.00000000099999999979 0.88317645932954225163 0.00000000099999999979 0.00000000099999999979 0.00000000099999999979 0.00000000099999999979 0.00000000099999999979 0.00000000099999999979 
0.00000000099999999979 0.00000000099999999979 0.00000000099999999979 0.00000000099999999979 0.00000000099999999979 0.00000000099999999979 0.07858129038583859527 0.25576544009024970716 0.65888047171432750915 0.00000000099999999979 0.00677279080958426843 
0.00000000099999999980 0.00194072299198297447 0.51027921367065653957 0.00000000099999999980 0.00000000099999999980 0.00000000099999999980 0.00000000099999999980 0.00000000099999999980 0.32146086935040413257 0.00000000099999999980 0.16631918698695671854 
0.00000000099999999980 0.00000000099999999980 0.33014083138199024070 0.00000000099999999980 0.00000000099999999980 0.00000000099999999980 0.00000000099999999980 0.55011186276187795663 0.00002559137824324950 0.09934164053215482904 0.02038006794573363895 
0.00000000099999999979 0.00000000099999999979 0.00000000099999999979 0.00000000099999999979 0.93166851016786333961 0.04956962975559899703 0.00000000099999999979 0.01876185207653775083 0.00000000099999999979 0.00000000099999999979 0.00000000099999999979 
0.00000000099999999982 0.00000000099999999982 0.06571592392286544626 0.20299268540355155932 0.73129138267358317904 0.00000000099999999982 0.00000000099999999982 0.00000000099999999982 0.00000000099999999982 0.00000000099999999982 0.00000000099999999982 
0.00000000099999999948 0.00000000099999999948 0.00000000099999999948 0.00000000099999999948 0.99999999000000006077 0.00000000099999999948 0.00000000099999999948 0.00000000099999999948 0.00000000099999999948 0.00000000099999999948 0.00000000099999999948 
0.00000000099999999990 0.00000000099999999990 0.00000000099999999990 0.00000000099999999990 0.00000000099999999990 0.00000000099999999990 0.00000000099999999990 0.00000000099999999990 0.82450962448297770990 0.00000000099999999990 0.17549036651702223932 
0.00000000099999999957 0.99999999000000028282 0.00000000099999999957 0.00000000099999999957 0.00000000099999999957 0.00000000099999999957 0.00000000099999999957 0.00000000099999999957 0.00000000099999999957 0.00000000099999999957 0.00000000099999999957 
0.00000000099999999957 0.00000000099999999957 0.00000000099999999957 0.00000000099999999957 0.99999999000000006077 0.00000000099999999957 0.00000000099999999957 0.00000000099999999957 0.00000000099999999957 0.00000000099999999957 0.00000000099999999957 
0.00000000099999999978 0.00000000099999999978 0.00000000099999999978 0.00000000099999999978 0.00000000099999999978 0.00000000099999999978 0.00000000099999999978 0.05072624467372507939 0.79692456656643817503 0.00000000099999999978 0.15234918075983686081 
0.00000000099999999966 0.99999999000000028282 0.00000000099999999966 0.00000000099999999966 0.00000000099999999966 0.00000000099999999966 0.00000000099999999966 0.00000000099999999966 0.00000000099999999966 0.00000000099999999966 0.00000000099999999966 
0.00000000099999999982 0.00000000099999999982 0.00000000099999999982 0.60114009754990294088 0.00000000099999999982 0.22534162788407563482 0.17351826656602156729 0.00000000099999999982 0.00000000099999999982 0.00000000099999999982 0.00000000099999999982 
0.02353576961360420022 0.00000000099999999990 0.00000000099999999990 0.00000000099999999990 0.00000000099999999990 0.31694470847445849193 0.65951933444492161218 0.00000000099999999990 0.00000000099999999990 0.00000018046701571005 0.00000000099999999990 
0.04791946125507542953 0.00000000099999999975 0.00000000099999999975 0.00000000099999999975 0.63086124203064575244 0.00000000099999999975 0.00000000099999999975 0.00000000099999999975 0.00000000099999999975 0.00000000099999999975 0.32121928871427907204 
0.00000000099999999990 0.00000000099999999990 0.00000000099999999990 0.00000000099999999990 0.80391696177612614882 0.04096575350975292101 0.00000000099999999990 0.00000000099999999990 0.00000000099999999990 0.15511727671412092744 0.00000000099999999990 
0.00000000099999999980 0.00000000099999999980 0.00000000099999999980 0.14197690149622185785 0.00000000099999999980 0.00000000099999999980 0.85802308950377825791 0.00000000099999999980 0.00000000099999999980 0.00000000099999999980 0.00000000099999999980 
0.00000000099999999979 0.00000000099999999979 0.00000000099999999979 0.00000000099999999979 0.18042439033354143452 0.00000000099999999979 0.00000000099999999979 0.00000000099999999979 0.62610912355633929760 0.00000000099999999979 0.19346647811011924434 
0.00000000099999999981 0.00000000099999999981 0.00000000099999999981 0.00000000099999999981 0.00000000099999999981 0.42996644867084626851 0.10747957151587690661 0.00000000099999999981 0.00000000099999999981 0.46255397181327673195 0.00000000099999999981 
0.00000000099999999970 0.00000000099999999970 0.00000000099999999970 0.00000000099999999970 0.99999999000000006077 0.00000000099999999970 0.00000000099999999970 0.00000000099999999970 0.00000000099999999970 0.00000000099999999970 0.00000000099999999970 
0.00000000099999999971 0.00000000099999999971 0.00000000099999999971 0.00000000099999999971 0.00000000099999999971 0.00000000099999999971 0.00000000099999999971 0.43011580705001384306 0.56988418394998618943 0.00000000099999999971 0.00000000099999999971 
0.00000000099999999987 0.00000000099999999987 0.00000000099999999987 0.11807508402454917895 0.19000424805271434736 0.00000000099999999987 0.51824303761823353742 0.00000000099999999987 0.00000000099999999987 0.17367762330450292607 0.00000000099999999987 
0.00000000099999999970 0.00000000099999999970 0.00000000099999999970 0.00000000099999999970 0.00000000099999999970 0.99999999000000006077 0.00000000099999999970 0.00000000099999999970 0.00000000099999999970 0.00000000099999999970 0.00000000099999999970 
0.00000000099999999971 0.99999999000000028282 0.00000000099999999971 0.00000000099999999971 0.00000000099999999971 0.00000000099999999971 0.00000000099999999971 0.00000000099999999971 0.00000000099999999971 0.00000000099999999971 0.00000000099999999971 
0.00000000099999999947 0.99999999000000017180 0.00000000099999999947 0.00000000099999999947 0.00000000099999999947 0.00000000099999999947 0.00000000099999999947 0.00000000099999999947 0.00000000099999999947 0.00000000099999999947 0.00000000099999999947 
0.00000000099999999990 0.05471744666878597396 0.12123810792219308352 0.00000000099999999990 0.00000000099999999990 0.00000000099999999990 0.82404443740902111326 0.00000000099999999990 0.00000000099999999990 0.00000000099999999990 0.00000000099999999990 
0.00000000099999999976 0.00000000099999999976 0.09848945476222023543 0.00000000099999999976 0.00000000099999999976 0.00000000099999999976 0.00000000099999999976 0.00000000099999999976 0.90151053623777976931 0.00000000099999999976 0.00000000099999999976 
0.00000000099999999977 0.00000000099999999977 0.00000000099999999977 0.99999999000000017180 0.00000000099999999977 0.00000000099999999977 0.00000000099999999977 0.00000000099999999977 0.00000000099999999977 0.00000000099999999977 0.00000000099999999977 
0.07816556792514683938 0.00000000099999999994 0.00000000099999999994 0.00000000099999999994 0.20559433793187073536 0.00000000099999999994 0.27871241717636480173 0.00000000099999999994 0.04964967652868896436 0.38787799443792853049 0.00000000099999999994 
0.00000000099999999985 0.00000000099999999985 0.00000000099999999985 0.00000000099999999985 0.00000000099999999985 0.00000000099999999985 0.71979711824790759689 0.28020287275209249112 0.00000000099999999985 0.00000000099999999985 0.00000000099999999985 
0.00000000099999999981 0.01576282390720375876 0.00000000099999999981 0.00000000099999999981 0.00000000099999999981 0.00000000099999999981 0.00000000099999999981 0.36777528296373140915 0.00000000099999999981 0.00000000099999999981 0.61646188512906474610 
0.00000000099999999970 0.00000000099999999970 0.00000000099999999970 0.00000000099999999970 0.00000000099999999970 0.00000000099999999970 0.00000000099999999970 0.00000000099999999970 0.00000000099999999970 0.00000000099999999970 0.99999998999999994975 
0.00000000099999999993 0.00000004991577453165 0.33772164007717841994 0.00000000099999999993 0.00000000099999999993 0.25613904713272722669 0.00000000099999999993 0.40613925587431981556 0.00000000099999999993 0.00000000099999999993 0.00000000099999999993 
0.00000000099999999959 0.00000000099999999959 0.00000000099999999959 0.00000000099999999959 0.00000000099999999959 0.99999999000000006077 0.00000000099999999959 0.00000000099999999959 0.00000000099999999959 0.00000000099999999959 0.00000000099999999959 
0.00000000099999999991 0.20207089919562640223 0.00000000099999999991 0.11096487444004998757 0.00000000099999999991 0.00000000099999999991 0.00000000099999999991 0.41514881994172259105 0.27181539942260102283 0.00000000099999999991 0.00000000099999999991 
0.13584993229872055487 0.00000000099999999990 0.86415005870127958865 0.00000000099999999990 0.00000000099999999990 0.00000000099999999990 0.00000000099999999990 0.00000000099999999990 0.00000000099999999990 0.00000000099999999990 0.00000000099999999990 
0.00000000099999999938 0.00000000099999999938 0.00000000099999999938 0.00000000099999999938 0.00000000099999999938 0.00000000099999999938 0.00000000099999999938 0.99999998999999994975 0.00000000099999999938 0.00000000099999999938 0.00000000099999999938 
0.00000000099999999966 0.00000000099999999966 0.00000000099999999966 0.00000000099999999966 0.00000000099999999966 0.00000000099999999966 0.00000000099999999966 0.34158930368480461270 0.00000000099999999966 0.00000000099999999966 0.65841068731519525326 
0.00000000099999999985 0.03555585115610362945 0.00000000099999999985 0.00000000099999999985 0.00000000099999999985 0.00000000099999999985 0.00000000099999999985 0.00000000099999999985 0.96444413984389631977 0.00000000099999999985 0.00000000099999999985 
0.00000000099999999990 0.00000000099999999990 0.00000000099999999990 0.00000000099999999990 0.65869358878287420644 0.00000000099999999990 0.00000000099999999990 0.10029779376482067521 0.00000000099999999990 0.24100860945230512256 0.00000000099999999990 
0.00000000099999999969 0.00000000099999999969 0.02983886836810129353 0.00000000099999999969 0.00000000099999999969 0.00000000099999999969 0.00000000099999999969 0.41233165173260694081 0.55782947189929177334 0.00000000099999999969 0.00000000099999999969 
0.00000000099999999980 0.00000000099999999980 0.46175404624875787674 0.00000000099999999980 0.00000000099999999980 0.00000000099999999980 0.00000000099999999980 0.00000000099999999980 0.19716433994659043893 0.00000000099999999980 0.34108160580465157752 
0.00000000099999999977 0.00000000099999999977 0.00000000099999999977 0.00000000099999999977 0.00000000099999999977 0.00000000099999999977 0.99999999000000006077 0.00000000099999999977 0.00000000099999999977 0.00000000099999999977 0.00000000099999999977 
0.00000000099999999970 0.00000000099999999970 0.00000000099999999970 0.00000000099999999970 0.00000000099999999970 0.99999999000000006077 0.00000000099999999970 0.00000000099999999970 0.00000000099999999970 0.00000000099999999970 0.00000000099999999970 
0.00000000099999999993 0.00000000099999999993 0.00000000099999999993 0.18760532998572548857 0.00000000099999999993 0.46110246444503333318 0.00000000099999999993 0.00000000099999999993 0.00000000099999999993 0.00842053561529847519 0.34287166295394283511 
0.00000000099999999983 0.00000000099999999983 0.00000000099999999983 0.99999999000000017180 0.00000000099999999983 0.00000000099999999983 0.00000000099999999983 0.00000000099999999983 0.00000000099999999983 0.00000000099999999983 0.00000000099999999983 
0.00000000099999999993 0.15494218103194803970 0.06784283405909463660 0.00000000099999999993 0.00000000099999999993 0.00000000099999999993 0.00000000099999999993 0.23807541114791247461 0.00000000099999999993 0.00000000099999999993 0.53913956676104490828 
0.00000000099999999983 0.11340971095210204689 0.00000000099999999983 0.00000000099999999983 0.00000000099999999983 0.05879092756873371961 0.00000000099999999983 0.55403863658153462701 0.00000000099999999983 0.00000000099999999983 0.27376071789762962405 
0.00000000099999999978 0.00000000099999999978 0.00000000099999999978 0.00000000099999999978 0.00000000099999999978 0.00000000099999999978 0.00000000099999999978 0.00000000099999999978 0.00000000099999999978 0.90276140201318189060 0.09723858898681822516 
0.00000000099999999979 0.00000000099999999979 0.00000000099999999979 0.00000000099999999979 0.00000000099999999979 0.00000000099999999979 0.00000000099999999979 0.99999999000000006077 0.00000000099999999979 0.00000000099999999979 0.00000000099999999979 
0.00000000099999999982 0.05817851659207382703 0.00000000099999999982 0.00000000099999999982 0.00000000099999999982 0.00000000099999999982 0.00000000099999999982 0.94182147440792618465 0.00000000099999999982 0.00000000099999999982 0.00000000099999999982 
0.04975260113750262086 0.00000000099999999987 0.30079074030146757401 0.00000000099999999987 0.00000000099999999987 0.00000000099999999987 0.00000000099999999987 0.00000001749599644377 0.64945663406503340020 0.00000000099999999987 0.00000000099999999987 
0.00000000099999999990 0.00000000099999999990 0.49630496135046914263 0.00000000099999999990 0.00003115590185620406 0.00000000099999999990 0.00000000099999999990 0.00000000099999999990 0.00000000099999999990 0.00000000099999999990 0.50366387474767460031 
0.00000000099999999959 0.00000000099999999959 0.00000000099999999959 0.00000000099999999959 0.00000000099999999959 0.00000000099999999959 0.00000000099999999959 0.00000000099999999959 0.00000000099999999959 0.00000000099999999959 0.99999998999999994975 
0.37850711354604377190 0.00000000099999999987 0.00000000099999999987 0.00000000099999999987 0.12310160604066820722 0.00000000099999999987 0.00000000099999999987 0.00000000099999999987 0.00000000099999999987 0.28852302178886790607 0.20986825162442018788 
0.00000000099999999987 0.00000000099999999987 0.00000000099999999987 0.00000000099999999987 0.00000000099999999987 0.00000000099999999987 0.99999999000000006077 0.00000000099999999987 0.00000000099999999987 0.00000000099999999987 0.00000000099999999987 
0.00000000099999999980 0.00000000099999999980 0.00000000099999999980 0.00000000099999999980 0.00000000099999999980 0.00000000099999999980 0.00000000099999999980 0.99999999000000006077 0.00000000099999999980 0.00000000099999999980 0.00000000099999999980 
0.00000000099999999970 0.00000000099999999970 0.00000000099999999970 0.00000000099999999970 0.00000000099999999970 0.00000000099999999970 0.99999999000000006077 0.00000000099999999970 0.00000000099999999970 0.00000000099999999970 0.00000000099999999970 
0.00000000099999999961 0.99999999000000028282 0.00000000099999999961 0.00000000099999999961 0.00000000099999999961 0.00000000099999999961 0.00000000099999999961 0.00000000099999999961 0.00000000099999999961 0.00000000099999999961 0.00000000099999999961 
0.00000000099999999980 0.00000000099999999980 0.00000000099999999980 0.00000000099999999980 0.00000000099999999980 0.00000000099999999980 0.00000000099999999980 0.00000000099999999980 0.99999998999999994975 0.00000000099999999980 0.00000000099999999980 
0.00000000099999999983 0.78491014667172975816 0.21508984432827032984 0.00000000099999999983 0.00000000099999999983 0.00000000099999999983 0.00000000099999999983 0.00000000099999999983 0.00000000099999999983 0.00000000099999999983 0.00000000099999999983 
0.00000000099999999977 0.00000000099999999977 0.00000000099999999977 0.00000000099999999977 0.00000000099999999977 0.00000000099999999977 0.00000000099999999977 0.22679433155776396180 0.77320565944223595967 0.00000000099999999977 0.00000000099999999977 
0.99999999000000017180 0.00000000099999999958 0.00000000099999999958 0.00000000099999999958 0.00000000099999999958 0.00000000099999999958 0.00000000099999999958 0.00000000099999999958 0.00000000099999999958 0.00000000099999999958 0.00000000099999999958 
0.00000000099999999989 0.59107805829408588405 0.00000000099999999989 0.00000000099999999989 0.00000000099999999989 0.00000000099999999989 0.00000000099999999989 0.40892192095265100793 0.00000001275326333323 0.00000000099999999989 0.00000000099999999989 
0.00000000099999999983 0.59826329997580718345 0.00000000099999999983 0.00000000099999999983 0.00938175830701323821 0.00000000099999999983 0.00000000099999999983 0.39235493371717961031 0.00000000099999999983 0.00000000099999999983 0.00000000099999999983 
0.00000000099999999981 0.00000000099999999981 0.00000000099999999981 0.00000000099999999981 0.00000000099999999981 0.00000000099999999981 0.00000000099999999981 0.14964628707722449352 0.00000000099999999981 0.00000000099999999981 0.85035370392277553897 
0.00000000099999999983 0.99999999000000028282 0.00000000099999999983 0.00000000099999999983 0.00000000099999999983 0.00000000099999999983 0.00000000099999999983 0.00000000099999999983 0.00000000099999999983 0.00000000099999999983 0.00000000099999999983 
0.00000000099999999986 0.00000000099999999986 0.20039146305098892720 0.00000000099999999986 0.00000000099999999986 0.00000000099999999986 0.00000000099999999986 0.23169067666102169389 0.56791785228798941088 0.00000000099999999986 0.00000000099999999986 
0.00000000099999999976 0.00000000099999999976 0.00000000099999999976 0.00000000099999999976 0.00000000099999999976 0.99999999000000017180 0.00000000099999999976 0.00000000099999999976 0.00000000099999999976 0.00000000099999999976 0.00000000099999999976 
0.00000000099999999981 0.74646216824168665216 0.00000000099999999981 0.00000000099999999981 0.00000000099999999981 0.00000000099999999981 0.25353782275831354687 0.00000000099999999981 0.00000000099999999981 0.00000000099999999981 0.00000000099999999981 
0.00000000099999999980 0.00000000099999999980 0.00000000099999999980 0.00000000099999999980 0.00000000099999999980 0.47533314765721035311 0.00000000099999999980 0.52466684334278956836 0.00000000099999999980 0.00000000099999999980 0.00000000099999999980 
0.00000000099999999974 0.00000000099999999974 0.00000000099999999974 0.00000000099999999974 0.99999999000000017180 0.00000000099999999974 0.00000000099999999974 0.00000000099999999974 0.00000000099999999974 0.00000000099999999974 0.00000000099999999974 
0.00000000099999999984 0.82409254788089103538 0.00000000099999999984 0.00000000099999999984 0.00000000099999999984 0.00000000099999999984 0.00000000099999999984 0.00000000099999999984 0.00000000099999999984 0.17590744311910921915 0.00000000099999999984 
0.00000000099999999978 0.00000000099999999978 0.00000000099999999978 0.00000000099999999978 0.00000000099999999978 0.00000000099999999978 0.00000000099999999978 0.73245330016276399832 0.00000000099999999978 0.00000000099999999978 0.26754669083723597867 
0.00000000099999999985 0.99999999000000028282 0.00000000099999999985 0.00000000099999999985 0.00000000099999999985 0.00000000099999999985 0.00000000099999999985 0.00000000099999999985 0.00000000099999999985 0.00000000099999999985 0.00000000099999999985 
0.00000000099999999982 0.79542464719912875371 0.00000000099999999982 0.00000000099999999982 0.00000000099999999982 0.00000000099999999982 0.00000000099999999982 0.00000000099999999982 0.20457534380087144532 0.00000000099999999982 0.00000000099999999982 
0.00000000099999999970 0.00000000099999999970 0.00000000099999999970 0.00000000099999999970 0.00000000099999999970 0.99999999000000017180 0.00000000099999999970 0.00000000099999999970 0.00000000099999999970 0.00000000099999999970 0.00000000099999999970 
0.00000000099999999994 0.00000000099999999994 0.00000000099999999994 0.14171305493677838205 0.33901026832547681567 0.00000000099999999994 0.00000000099999999994 0.00000000099999999994 0.00000000099999999994 0.30976383837074927818 0.20951283136699522247 
0.00000000099999999993 0.77623579227014338766 0.00000000099999999993 0.00000000099999999993 0.22350748784300408789 0.00025671188685271194 0.00000000099999999993 0.00000000099999999993 0.00000000099999999993 0.00000000099999999993 0.00000000099999999993 
0.00000000099999999988 0.33691351113864020927 0.00000000099999999988 0.00000000099999999988 0.00000000099999999988 0.00000000099999999988 0.00000000099999999988 0.00000000099999999988 0.00000000099999999988 0.00000000099999999988 0.66308647986135960117 
0.00000000099999999984 0.00000000099999999984 0.00000000099999999984 0.00000000099999999984 0.00000000099999999984 0.00000000099999999984 0.00000000099999999984 0.53048206363360683735 0.00000000099999999984 0.00000000099999999984 0.46951792736639319514 
0.00000000099999999981 0.00000000099999999981 0.00000000099999999981 0.00000000099999999981 0.00000000099999999981 0.37698195744489254588 0.57822277602787730544 0.04479525852723015289 0.00000000099999999981 0.00000000099999999981 0.00000000099999999981 
0.00006070196254427566 0.02236553246209135523 0.00000000099999999997 0.00000617509911208010 0.00000000099999999997 0.29251583229262351216 0.00000000099999999997 0.68505175218362868161 0.00000000099999999997 0.00000000099999999997 0.00000000099999999997 
0.00000000099999999991 0.04005294986755689873 0.00000000099999999991 0.00000000099999999991 0.00000000099999999991 0.00000000099999999991 0.13009004286793982019 0.00000000099999999991 0.82985699926450340325 0.00000000099999999991 0.00000000099999999991 
0.00000000099999999984 0.12854336617984882252 0.00000000099999999984 0.00000000099999999984 0.00000000099999999984 0.00000000099999999984 0.00000000099999999984 0.00000000099999999984 0.56867836734648324892 0.00000000099999999984 0.30277825847366801604 
0.00000000099999999983 0.00000000099999999983 0.00000000099999999983 0.00000000099999999983 0.00000000099999999983 0.00000000099999999983 0.00000000099999999983 0.99999999000000006077 0.00000000099999999983 0.00000000099999999983 0.00000000099999999983 
0.00000000099999999988 0.21286926498420136178 0.00000000099999999988 0.00000000099999999988 0.00000000099999999988 0.00000000099999999988 0.00000000099999999988 0.00000000099999999988 0.78713072601579858745 0.00000000099999999988 0.00000000099999999988 
0.00000000099999999980 0.00000000099999999980 0.00000000099999999980 0.00000000099999999980 0.00000000099999999980 0.00000000099999999980 0.00000000099999999980 0.00000000099999999980 0.00000000099999999980 0.00000000099999999980 0.99999999000000006077 
