0.99999998900000020008 0.00000000099999999901 0.00000000099999999901 0.00000000099999999901 0.00000000099999999901 0.00000000099999999901 0.00000000099999999901 0.00000000099999999901 0.00000000099999999901 0.00000000099999999901 0.00000000099999999901 0.00000000099999999901 
0.00000000099999999936 0.00000000099999999936 0.00000000099999999936 0.45284748522579765240 0.00000000099999999936 0.00000000099999999936 0.00000000099999999936 0.00000000099999999936 0.00000000099999999936 0.00000000099999999936 0.00000000099999999936 0.54715250477420218633 
0.00000000099999999855 0.00000000099999999855 0.00000000099999999855 0.00000000099999999855 0.99999998899999997803 0.00000000099999999855 0.00000000099999999855 0.00000000099999999855 0.00000000099999999855 0.00000000099999999855 0.00000000099999999855 0.00000000099999999855 
0.00000000099999999915 0.13323544897779257545 0.00000000099999999915 0.53241461947845658553 0.00000000099999999915 0.00000000099999999915 0.00000000099999999915 0.00000000099999999915 0.00000000099999999915 0.00000000099999999915 0.00000000099999999915 0.33434992254375101028 
0.00000000099999999925 0.00000000099999999925 0.00000000099999999925 0.44353919487190662796 0.00000000099999999925 0.00000000099999999925 0.00000000099999999925 0.00000000099999999925 0.00000000099999999925 0.00000000099999999925 0.00000000099999999925 0.55646079512809321077 
0.00000000099999999959 0.00000000099999999959 0.00000000099999999959 0.00000000099999999959 0.00000000099999999959 0.00000000099999999959 0.00000000099999999959 0.00000000110328757063 0.74727415408704112032 0.00000000099999999959 0.25272583580967133976 0.00000000099999999959 
0.00000000099999999974 0.00000000099999999974 0.28345946528086413130 0.00000000099999999974 0.00000000099999999974 0.00000000099999999974 0.00000000099999999974 0.00000000099999999974 0.00338994771587790419 0.00000000099999999974 0.71315057800325776238 0.00000000099999999974 
0.00000000099999999943 0.55593993501301908200 0.00000000099999999943 0.00000000099999999943 0.00000000099999999943 0.00000000099999999943 0.00000000099999999943 0.00000000099999999943 0.00000000099999999943 0.44406005498698114531 0.00000000099999999943 0.00000000099999999943 
0.00000000099999999895 0.00000000099999999895 0.00000000099999999895 0.00000000099999999895 0.99999998900000008906 0.00000000099999999895 0.00000000099999999895 0.00000000099999999895 0.00000000099999999895 0.00000000099999999895 0.00000000099999999895 0.00000000099999999895 
0.00000000099999999902 0.00000000099999999902 0.00000000099999999902 0.00000000099999999902 0.00000000099999999902 0.00000000099999999902 0.00000000099999999902 0.00000000099999999902 0.99999998900000008906 0.00000000099999999902 0.00000000099999999902 0.00000000099999999902 
0.00000000099999999938 0.13540913868636553219 0.00000000099999999938 0.43543318782203072059 0.27400708569423587457 0.00000000099999999938 0.00000000099999999938 0.00000000099999999938 0.00000000099999999938 0.00622963399603962062 0.00000000099999999938 0.14892094680132836326 
0.00000000099999999935 0.33295527487558845836 0.00000000099999999935 0.39907103285675632476 0.00000000099999999935 0.00000000099999999935 0.00000000099999999935 0.00000000099999999935 0.00000000099999999935 0.00000000099999999935 0.00000000099999999935 0.26797368326765536040 
0.00000000099999999930 0.18281204866725306313 0.00000000099999999930 0.55153387595587421988 0.00000000099999999930 0.00000000099999999930 0.00000000099999999930 0.00000000099999999930 0.00000000099999999930 0.00000000099999999930 0.00000000099999999930 0.26565406637687299929 
0.00000000099999999910 0.00000000099999999910 0.00000000099999999910 0.00000000099999999910 0.00000000099999999910 0.99999998900000008906 0.00000000099999999910 0.00000000099999999910 0.00000000099999999910 0.00000000099999999910 0.00000000099999999910 0.00000000099999999910 
0.00000000099999999951 0.35018148251034364460 0.00000000099999999951 0.00000000099999999951 0.33586543913983624154 0.00000000099999999951 0.00000000099999999951 0.00000000099999999951 0.00000000099999999951 0.26782626324802621953 0.00000000099999999951 0.04612680710179380139 
0.00000000099999999928 0.00000000099999999928 0.00000000099999999928 0.00000000099999999928 0.00000000099999999928 0.00000000099999999928 0.00000000099999999928 0.99999998900000008906 0.00000000099999999928 0.00000000099999999928 0.00000000099999999928 0.00000000099999999928 
0.00000000099999999955 0.09540787547635726229 0.00000000099999999955 0.45703983982891344118 0.00000000099999999955 0.00000000099999999955 0.00000000099999999955 0.00000000099999999955 0.00000000099999999955 0.19937343782527316982 0.00000000099999999955 0.24817883886945632521 
0.00000000099999999935 0.00000000273575051017 0.00000000099999999935 0.56773112396914537925 0.09690243978373004607 0.00000000099999999935 0.00000000099999999935 0.00000000099999999935 0.00000000099999999935 0.00000000099999999935 0.00000000099999999935 0.33536642551137429979 
0.00000000099999999973 0.00000000099999999973 0.33419781935944103957 0.00000000099999999973 0.00000000099999999973 0.07963208720812736674 0.00000000099999999973 0.03169785682777830765 0.00000000099999999973 0.00000000099999999973 0.55447222860465317229 0.00000000099999999973 
0.00000000099999999946 0.26417633277859636776 0.00000000099999999946 0.57214913543529422046 0.04009907351905057232 0.00000000099999999946 0.00000000099999999946 0.00000000099999999946 0.00000000099999999946 0.01881011707757709872 0.00000000099999999946 0.10476533418948187626 
0.00000000099999999952 0.06265357633383764058 0.00000000099999999952 0.58214057070429070517 0.24529542338187379502 0.00000000099999999952 0.00000000099999999952 0.00000000099999999952 0.00000000099999999952 0.01143400631404789362 0.00000000099999999952 0.09847641626594996755 
0.00000000099999999922 0.00000000099999999922 0.00000000099999999922 0.00000000099999999922 0.99999998900000020008 0.00000000099999999922 0.00000000099999999922 0.00000000099999999922 0.00000000099999999922 0.00000000099999999922 0.00000000099999999922 0.00000000099999999922 
0.00000000099999999952 0.00000000099999999952 0.00000000099999999952 0.00000000099999999952 0.00000000099999999952 0.00000000099999999952 0.00000000099999999952 0.99999998899999997803 0.00000000099999999952 0.00000000099999999952 0.00000000099999999952 0.00000000099999999952 
0.00000000099999999986 0.00000000099999999986 0.07259797333679007814 0.00000000099999999986 0.00000000099999999986 0.00000000099999999986 0.00000000099999999986 0.27290490530331540375 0.16740893052337407765 0.00000000099999999986 0.48708818283652050019 0.00000000099999999986 
0.00000000099999999965 0.14823150437174714700 0.00000000099999999965 0.24941467565502867254 0.60235381097322426847 0.00000000099999999965 0.00000000099999999965 0.00000000099999999965 0.00000000099999999965 0.00000000099999999965 0.00000000099999999965 0.00000000099999999965 
0.00000000099999999870 0.00000000099999999870 0.00000000099999999870 0.00000000099999999870 0.00000000099999999870 0.99999998900000008906 0.00000000099999999870 0.00000000099999999870 0.00000000099999999870 0.00000000099999999870 0.00000000099999999870 0.00000000099999999870 
0.00000000099999999950 0.06487853350844553779 0.00000000099999999950 0.25983981638860453867 0.26981444351925293335 0.00000000099999999950 0.00000000099999999950 0.00000000099999999950 0.00000000099999999950 0.09596538701238724323 0.00000000099999999950 0.30950181257130998658 
0.00000000099999999964 0.00000000099999999964 0.37051383034730916988 0.00000000099999999964 0.00000000099999999964 0.00000000099999999964 0.07103584398588667914 0.15549274402936713591 0.00000000099999999964 0.00000000099999999964 0.40295757363743683888 0.00000000099999999964 
0.00000000099999999960 0.00000000099999999960 0.00000000099999999960 0.53349624437205667160 0.00000000099999999960 0.00000000099999999960 0.00000000099999999960 0.00000000099999999960 0.00000000099999999960 0.16722058771193948346 0.00000000099999999960 0.29928315891600409948 
0.00000000099999999949 0.00000000099999999949 0.00000000099999999949 0.57294498612631572509 0.00000000099999999949 0.00000000099999999949 0.00000000099999999949 0.00000000099999999949 0.00000000099999999949 0.00077663542899177442 0.00000000099999999949 0.42627836944469249536 
0.79893100672489214542 0.00000000099999999954 0.00000000099999999954 0.00000000099999999954 0.00000000099999999954 0.00000000099999999954 0.00000000099999999954 0.00000000099999999954 0.00000000099999999954 0.00000000099999999954 0.16681566526813962348 0.03425331900696845788 
0.00000000099999999921 0.00000000099999999921 0.00000000099999999921 0.00000000099999999921 0.00000000099999999921 0.00000000099999999921 0.00000000099999999921 0.00000000099999999921 0.99999998899999997803 0.00000000099999999921 0.00000000099999999921 0.00000000099999999921 
0.00000000099999999991 0.00000000099999999991 0.22037987744100262510 0.00000000099999999991 0.00000000099999999991 0.00000000099999999991 0.17940972655954615100 0.24730004699345409236 0.00985921663748640445 0.00000089048134684636 0.29912987533065182877 0.04392036155651199425 
0.00000000099999999922 0.00000000099999999922 0.00000000099999999922 0.00000000099999999922 0.00000000099999999922 0.00000000099999999922 0.99999998900000008906 0.00000000099999999922 0.00000000099999999922 0.00000000099999999922 0.00000000099999999922 0.00000000099999999922 
0.00000000099999999964 0.00000000099999999964 0.00000000099999999964 0.00000000099999999964 0.00000000099999999964 0.00000000099999999964 0.00000000099999999964 0.97339219618630379305 0.00000000099999999964 0.02660779381369630936 0.00000000099999999964 0.00000000099999999964 
0.00000000099999999873 0.00000000099999999873 0.00000000099999999873 0.00000000099999999873 0.00000000099999999873 0.99999998899999997803 0.00000000099999999873 0.00000000099999999873 0.00000000099999999873 0.00000000099999999873 0.00000000099999999873 0.00000000099999999873 
0.00000000099999999980 0.00000000099999999980 0.06404676865662961571 0.00000000099999999980 0.00000000099999999980 0.16686209918547337261 0.37653946834622814555 0.13603360707974973542 0.05745016557462094553 0.17926835036207453000 0.01979953579522356066 0.00000000099999999980 
0.00000000099999999965 0.66183387378822111646 0.00000000099999999965 0.33816611621177911085 0.00000000099999999965 0.00000000099999999965 0.00000000099999999965 0.00000000099999999965 0.00000000099999999965 0.00000000099999999965 0.00000000099999999965 0.00000000099999999965 
0.00391736372799248236 0.00000000099999999988 0.26419916104178958749 0.00000000099999999988 0.00000000099999999988 0.00000000099999999988 0.00000000099999999988 0.06538091613752505804 0.12417312852739707807 0.00000000099999999988 0.54232942356529567629 0.00000000099999999988 
0.00000000099999999970 0.54291391622071916157 0.00000000099999999970 0.00000000099999999970 0.00000000099999999970 0.00000000099999999970 0.00000000099999999970 0.00000000099999999970 0.00000000099999999970 0.45708607377928101023 0.00000000099999999970 0.00000000099999999970 
0.00000000099999999957 0.25557061709619083301 0.00000000099999999957 0.23313068912123727228 0.46851312882763984646 0.00000000099999999957 0.00000000099999999957 0.00000000099999999957 0.00000000099999999957 0.00992000608570630868 0.00000000099999999957 0.03286555186922585775 
0.00000000099999999959 0.13702030929454450670 0.00000000099999999959 0.65804275096069420048 0.13248516248768865688 0.00000000099999999959 0.00000000099999999959 0.00000000099999999959 0.00000000099999999959 0.00000000099999999959 0.00000000099999999959 0.07245176925707265403 
0.00000000099999999955 0.00000000099999999955 0.00000000099999999955 0.00177319367201907011 0.00000000099999999955 0.00000000099999999955 0.00000000099999999955 0.00000000099999999955 0.00000000099999999955 0.56083075289998840507 0.00000000099999999955 0.43739604442799245865 
0.00000000099999999988 0.00000000099999999988 0.00000000099999999988 0.00000000099999999988 0.16647915035494331715 0.26825632365970797366 0.40737112671704028832 0.00000000099999999988 0.13541030937335976625 0.00000000099999999988 0.02248308289494862361 0.00000000099999999988 
0.00000000099999999918 0.00000000099999999918 0.00000000099999999918 0.00000000099999999918 0.00000000099999999918 0.99999998900000020008 0.00000000099999999918 0.00000000099999999918 0.00000000099999999918 0.00000000099999999918 0.00000000099999999918 0.00000000099999999918 
0.00000000099999999968 0.00000000099999999968 0.00000000099999999968 0.27563095793880032502 0.71085580196317454948 0.00000000099999999968 0.00000000099999999968 0.00000000099999999968 0.00000000099999999968 0.01351323109802510074 0.00000000099999999968 0.00000000099999999968 
0.00000000099999999967 0.00000000099999999967 0.00000000099999999967 0.00000000099999999967 0.00000000099999999967 0.00000000099999999967 0.00000000099999999967 0.99999998899999997803 0.00000000099999999967 0.00000000099999999967 0.00000000099999999967 0.00000000099999999967 
0.00000000099999999953 0.00000000099999999953 0.00000000099999999953 0.00000000099999999953 0.00000000099999999953 0.00000000099999999953 0.00000000099999999953 0.00000000099999999953 0.99999998900000008906 0.00000000099999999953 0.00000000099999999953 0.00000000099999999953 
0.00000000099999999981 0.00000000099999999981 0.25705440635553378215 0.00000000099999999981 0.00000000099999999981 0.27119868640059113796 0.00000000099999999981 0.13605919081921533098 0.00000016601886057773 0.00000000099999999981 0.33568754340579903817 0.00000000099999999981 
0.00000000099999999937 0.00000000099999999937 0.00000000099999999937 0.00000000099999999937 0.00000000099999999937 0.88788576082364922826 0.00000000099999999937 0.00000000099999999937 0.00000000099999999937 0.00000000099999999937 0.11211422917635087415 0.00000000099999999937 
0.00000000099999999923 0.00000000099999999923 0.00000000099999999923 0.00000000099999999923 0.99999998900000020008 0.00000000099999999923 0.00000000099999999923 0.00000000099999999923 0.00000000099999999923 0.00000000099999999923 0.00000000099999999923 0.00000000099999999923 
0.00000000099999999973 0.29188326335684222634 0.00000000099999999973 0.45343057334387665280 0.00000000099999999973 0.00000000099999999973 0.00000000099999999973 0.00000000099999999973 0.00000000099999999973 0.08151493923101453543 0.00000000099999999973 0.17317121606826665903 
0.00000000099999999943 0.00000000099999999943 0.00000000099999999943 0.00000000099999999943 0.00000000099999999943 0.00000000099999999943 0.00000000099999999943 0.00000000099999999943 0.99999998900000008906 0.00000000099999999943 0.00000000099999999943 0.00000000099999999943 
0.99999964293725807085 0.00000000099999999976 0.00000034706274211930 0.00000000099999999976 0.00000000099999999976 0.00000000099999999976 0.00000000099999999976 0.00000000099999999976 0.00000000099999999976 0.00000000099999999976 0.00000000099999999976 0.00000000099999999976 
0.00000000099999999943 0.00000000099999999943 0.00000000099999999943 0.00000000099999999943 0.00000000099999999943 0.00000000099999999943 0.00000000099999999943 0.00000000099999999943 0.00000000099999999943 0.00000000099999999943 0.99999998899999997803 0.00000000099999999943 
0.99999998900000031110 0.00000000099999999973 0.00000000099999999973 0.00000000099999999973 0.00000000099999999973 0.00000000099999999973 0.00000000099999999973 0.00000000099999999973 0.00000000099999999973 0.00000000099999999973 0.00000000099999999973 0.00000000099999999973 
0.00000000099999999955 0.00000000099999999955 0.00000000099999999955 0.00000000099999999955 0.00000000099999999955 0.00000000099999999955 0.99999989351903106893 0.00000000099999999955 0.00000009648096884875 0.00000000099999999955 0.00000000099999999955 0.00000000099999999955 
0.00000000099999999920 0.00000000099999999920 0.00000000099999999920 0.00000000099999999920 0.00000000099999999920 0.99999998900000008906 0.00000000099999999920 0.00000000099999999920 0.00000000099999999920 0.00000000099999999920 0.00000000099999999920 0.00000000099999999920 
0.00000000099999999971 0.26864415674396474598 0.00000000099999999971 0.37076916228583750579 0.00000000099999999971 0.00000000099999999971 0.00000000099999999971 0.00000000099999999971 0.00000000099999999971 0.19146225825242643714 0.00000000099999999971 0.16912441471777156510 
0.00000000099999999938 0.00000000099999999938 0.00000000099999999938 0.00000000099999999938 0.00000000099999999938 0.00000000099999999938 0.99999998899999997803 0.00000000099999999938 0.00000000099999999938 0.00000000099999999938 0.00000000099999999938 0.00000000099999999938 
0.00000000099999999928 0.00000000099999999928 0.00000000099999999928 0.00000000099999999928 0.00000000099999999928 0.00000000099999999928 0.99999998899999997803 0.00000000099999999928 0.00000000099999999928 0.00000000099999999928 0.00000000099999999928 0.00000000099999999928 
0.00000000099999999956 0.22439915437673543797 0.00000000099999999956 0.77560082852781375706 0.00000000809545088741 0.00000000099999999956 0.00000000099999999956 0.00000000099999999956 0.00000000099999999956 0.00000000099999999956 0.00000000099999999956 0.00000000099999999956 
0.00000000099999999985 0.00000000099999999985 0.16012626912929123213 0.00000000099999999985 0.00000000099999999985 0.00000000099999999985 0.00000000099999999985 0.00000000099999999985 0.39877945725427593748 0.00000000099999999985 0.44109426461643291839 0.00000000099999999985 
0.00000000099999999961 0.00000000099999999961 0.00000000099999999961 0.00000000099999999961 0.00000000099999999961 0.00000000099999999961 0.00000000099999999961 0.99999998900000008906 0.00000000099999999961 0.00000000099999999961 0.00000000099999999961 0.00000000099999999961 
0.00000000099999999966 0.00000000099999999966 0.38949382764418633007 0.00000000099999999966 0.00000000099999999966 0.00000000099999999966 0.61050616235581378621 0.00000000099999999966 0.00000000099999999966 0.00000000099999999966 0.00000000099999999966 0.00000000099999999966 
0.00000000099999999979 0.31983951258981901944 0.00000000099999999979 0.45343499111442847616 0.20150303725027904345 0.00000000099999999979 0.00000000099999999979 0.00000000099999999979 0.00000000099999999979 0.00000000099999999979 0.00000000099999999979 0.02522245104547353456 
0.85997057706820190237 0.00000000099999999981 0.00000000099999999981 0.00000000099999999981 0.00000000099999999981 0.00000000099999999981 0.00000000099999999981 0.00000000099999999981 0.14002941293179829718 0.00000000099999999981 0.00000000099999999981 0.00000000099999999981 
0.99999998900000020008 0.00000000099999999957 0.00000000099999999957 0.00000000099999999957 0.00000000099999999957 0.00000000099999999957 0.00000000099999999957 0.00000000099999999957 0.00000000099999999957 0.00000000099999999957 0.00000000099999999957 0.00000000099999999957 
0.00000000099999999962 0.00000000099999999962 0.10406138439289860931 0.00000000099999999962 0.00000000099999999962 0.00000000099999999962 0.11738506179692029252 0.00000000099999999962 0.77855354481018124169 0.00000000099999999962 0.00000000099999999962 0.00000000099999999962 
0.00000000099999999971 0.00000000099999999971 0.00000000099999999971 0.00000000099999999971 0.00000000099999999971 0.04964438885304253701 0.81885184024121671076 0.00000000099999999971 0.13150376190574078472 0.00000000099999999971 0.00000000099999999971 0.00000000099999999971 
0.00000000099999999968 0.17373552718106516357 0.00000000099999999968 0.64139689847164604863 0.00000000099999999968 0.00000000099999999968 0.00000000099999999968 0.00000000099999999968 0.00000000099999999968 0.00000000099999999968 0.00000000099999999968 0.18486756534728901458 
0.00000000102495943939 0.00000000099999999980 0.04224770842166357399 0.31866010737079469850 0.51660443275316503264 0.00000000099999999980 0.00000000099999999980 0.00000000099999999980 0.00000000099999999980 0.12248774342941730342 0.00000000099999999980 0.00000000099999999980 
0.03091217173411436869 0.00000000099999999981 0.07915733649903562708 0.46344974060262972282 0.23936119966396726677 0.00000000099999999981 0.00000000099999999981 0.00000000099999999981 0.00000000099999999981 0.00000000099999999981 0.00000000099999999981 0.18711954450025319874 
0.01245559232286641907 0.01751615542842855158 0.00000000099999999979 0.00000000099999999979 0.00000000099999999979 0.00000000099999999979 0.78253653967484504417 0.00000000099999999979 0.18749170457385988531 0.00000000099999999979 0.00000000099999999979 0.00000000099999999979 
0.00000000099999999965 0.00000000099999999965 0.00000000099999999965 0.00000000099999999965 0.00000000099999999965 0.00000000099999999965 0.99999998899999997803 0.00000000099999999965 0.00000000099999999965 0.00000000099999999965 0.00000000099999999965 0.00000000099999999965 
0.00000000099999999935 0.00000000099999999935 0.00000000099999999935 0.00000000099999999935 0.00000000099999999935 0.00000000099999999935 0.99999998899999997803 0.00000000099999999935 0.00000000099999999935 0.00000000099999999935 0.00000000099999999935 0.00000000099999999935 
0.00000000099999999979 0.65241738444236074823 0.00000000099999999979 0.00000000099999999979 0.00000000099999999979 0.00000000099999999979 0.00000000099999999979 0.00000000099999999979 0.00000000099999999979 0.34758260555763936805 0.00000000099999999979 0.00000000099999999979 
0.99999998900000020008 0.00000000099999999949 0.00000000099999999949 0.00000000099999999949 0.00000000099999999949 0.00000000099999999949 0.00000000099999999949 0.00000000099999999949 0.00000000099999999949 0.00000000099999999949 0.00000000099999999949 0.00000000099999999949 
0.00000000099999999945 0.00000000099999999945 0.00000000099999999945 0.00000000099999999945 0.00000000099999999945 0.00000000099999999945 0.00000000099999999945 0.00000000099999999945 0.99999998899999997803 0.00000000099999999945 0.00000000099999999945 0.00000000099999999945 
0.00000000099999999977 0.35451480748292896195 0.00000000099999999977 0.27827945108205742741 0.00000000099999999977 0.00000000099999999977 0.00000000099999999977 0.00000000099999999977 0.00000000099999999977 0.10758750225078582419 0.00000000099999999977 0.25961823118422783230 
0.99999998900000031110 0.00000000099999999965 0.00000000099999999965 0.00000000099999999965 0.00000000099999999965 0.00000000099999999965 0.00000000099999999965 0.00000000099999999965 0.00000000099999999965 0.00000000099999999965 0.00000000099999999965 0.00000000099999999965 
0.00000000099999999975 0.00000000099999999975 0.00000000099999999975 0.00000000099999999975 0.00000000099999999975 0.00000000099999999975 0.00000000099999999975 0.77548211096637487127 0.00000000099999999975 0.00000000099999999975 0.22451787903362505072 0.00000000099999999975 
0.00000000099999999980 0.00000000099999999980 0.47604116932810602858 0.00000000099999999980 0.00000000099999999980 0.00000000099999999980 0.00000000099999999980 0.00000000099999999980 0.00000000099999999980 0.00000000099999999980 0.52395882067189381015 0.00000000099999999980 
0.00000000099999999974 0.00000000099999999974 0.44038225412237558265 0.00000000099999999974 0.00000000099999999974 0.00000000099999999974 0.23251173725108029156 0.00000000099999999974 0.32710599962654413053 0.00000000099999999974 0.00000000099999999974 0.00000000099999999974 
0.00000000099999999981 0.00000000099999999981 0.02332570782176949381 0.00000000099999999981 0.00000000099999999981 0.00000000099999999981 0.74699166831311758497 0.00000000099999999981 0.10372935031739602407 0.00000000099999999981 0.12595326554771696381 0.00000000099999999981 
0.00000000099999999985 0.00000000099999999985 0.28423241157330714213 0.00000000099999999985 0.00000000099999999985 0.00000000099999999985 0.00000000099999999985 0.00000000099999999985 0.00000000099999999985 0.00000000099999999985 0.71576757842669258558 0.00000000099999999985 
0.00000000099999999977 0.00000000099999999977 0.00000000099999999977 0.73310468017829888421 0.00000000099999999977 0.00000000099999999977 0.00000000099999999977 0.00000000099999999977 0.26689530982170128759 0.00000000099999999977 0.00000000099999999977 0.00000000099999999977 
0.00000000099999999984 0.10810759207177877972 0.08799359591335112474 0.00000000099999999984 0.00000000099999999984 0.00000000099999999984 0.00000000099999999984 0.00000000099999999984 0.00000000099999999984 0.00000000099999999984 0.80389880301487015579 0.00000000099999999984 
0.00000000099999999953 0.00000000099999999953 0.00000000099999999953 0.00000000099999999953 0.00000000099999999953 0.00000000099999999953 0.99999998900000008906 0.00000000099999999953 0.00000000099999999953 0.00000000099999999953 0.00000000099999999953 0.00000000099999999953 
0.00000000099999999973 0.00000000099999999973 0.00000000099999999973 0.60884771235765744457 0.00000000099999999973 0.00000000099999999973 0.00000000099999999973 0.00000000099999999973 0.00000000099999999973 0.04583445464990869300 0.00000000099999999973 0.34531782399243404758 
0.00000000099999999980 0.00000000099999999980 0.00000000099999999980 0.00000000099999999980 0.00000000099999999980 0.00000000099999999980 0.00000000099999999980 0.16347411068560951941 0.23966845744962483877 0.13467279824592115478 0.46218462561884443573 0.00000000099999999980 
0.00000000099999999990 0.00000000099999999990 0.00000000099999999990 0.00000000099999999990 0.00781880263948806463 0.16856940912059673043 0.00000000099999999990 0.38261964148206573100 0.19806060469429243032 0.00000000099999999990 0.24293153506355702476 0.00000000099999999990 
0.73868641337495077881 0.26131357662504955952 0.00000000099999999960 0.00000000099999999960 0.00000000099999999960 0.00000000099999999960 0.00000000099999999960 0.00000000099999999960 0.00000000099999999960 0.00000000099999999960 0.00000000099999999960 0.00000000099999999960 
0.99999998900000020008 0.00000000099999999938 0.00000000099999999938 0.00000000099999999938 0.00000000099999999938 0.00000000099999999938 0.00000000099999999938 0.00000000099999999938 0.00000000099999999938 0.00000000099999999938 0.00000000099999999938 0.00000000099999999938 
0.11956541912214110890 0.07960256576346533275 0.00000000099999999994 0.00000000099999999994 0.09898066432506553991 0.00000000099999999994 0.00000000099999999994 0.00000000099999999994 0.03374427450981713761 0.00000000099999999994 0.66810706927951080125 0.00000000099999999994 
0.00000000099999999962 0.60163315068559208854 0.00000000099999999962 0.00000000099999999962 0.00000000099999999962 0.00000000099999999962 0.00000000099999999962 0.00000000099999999962 0.00000000099999999962 0.00000000099999999962 0.00000000099999999962 0.39836683931440830531 
0.00000000099999999979 0.00000000099999999979 0.00000000099999999979 0.00000000099999999979 0.00000000099999999979 0.00000000099999999979 0.00000000099999999979 0.99999998899999997803 0.00000000099999999979 0.00000000099999999979 0.00000000099999999979 0.00000000099999999979 
0.00000000099999999993 0.06079724570532833022 0.11527879340483654369 0.00000000099999999993 0.00000000099999999993 0.11986064787799868836 0.17548745367258242189 0.00000000099999999993 0.03420941403463198527 0.00000000099999999993 0.49436643930462204066 0.00000000099999999993 
0.00000000099999999990 0.19898123561547265137 0.00000007999943241919 0.10243840457014896650 0.17772398514209586384 0.00000000099999999990 0.00000000099999999990 0.00000000099999999990 0.00000000099999999990 0.00000000099999999990 0.52085628767284997132 0.00000000099999999990 
0.00000000099999999978 0.76266707041770642750 0.23733291958229371654 0.00000000099999999978 0.00000000099999999978 0.00000000099999999978 0.00000000099999999978 0.00000000099999999978 0.00000000099999999978 0.00000000099999999978 0.00000000099999999978 0.00000000099999999978 
0.00000000099999999960 0.00000000099999999960 0.00000000099999999960 0.00000000099999999960 0.00000000099999999960 0.00000000099999999960 0.00000000099999999960 0.00000000099999999960 0.00000000099999999960 0.99999998900000008906 0.00000000099999999960 0.00000000099999999960 
0.00000000099999999991 0.00000000099999999991 0.00000000099999999991 0.36948315606902376595 0.05281853838851829214 0.00000000099999999991 0.00000000099999999991 0.00000000099999999991 0.00000000099999999991 0.00000000099999999991 0.00000000099999999991 0.57769829654245763439 
0.09757712855515079942 0.00000000099999999987 0.00000000099999999987 0.00000000099999999987 0.00000000099999999987 0.32308628191174382227 0.09961284801676770218 0.38801237779495656444 0.00000000099999999987 0.00000000099999999987 0.09171135672138103212 0.00000000099999999987 
0.14402795335623777562 0.42744029075231876336 0.00000000099999999984 0.31840259756213634690 0.00000000099999999984 0.00000000099999999984 0.00000000099999999984 0.11012915032930714609 0.00000000099999999984 0.00000000099999999984 0.00000000099999999984 0.00000000099999999984 
0.00000000099999999989 0.03249216936924084753 0.00000000099999999989 0.00000000099999999989 0.35403108037937081054 0.10935958614042191883 0.00045610781982892131 0.00000000099999999989 0.00000000099999999989 0.00000000099999999989 0.00000000099999999989 0.50366104929113730826 
0.00000000099999999948 0.00000000099999999948 0.00000000099999999948 0.00000000099999999948 0.00000000099999999948 0.00000000099999999948 0.00000000099999999948 0.00000000099999999948 0.00000000099999999948 0.00000000099999999948 0.00000000099999999948 0.99999998899999997803 
0.00000000099999999975 0.00000000099999999975 0.31643188834544511145 0.00000000099999999975 0.00000000099999999975 0.00000000099999999975 0.00000000099999999975 0.00000000099999999975 0.00000000099999999975 0.68356810165455461625 0.00000000099999999975 0.00000000099999999975 
0.00000000099999999987 0.35215325424039739532 0.00000000099999999987 0.57295237237875074054 0.00000000099999999987 0.00000000099999999987 0.00000000099999999987 0.00000000099999999987 0.00000000099999999987 0.00000000099999999987 0.00000000099999999987 0.07489436438085195213 
0.00000000099999999992 0.00000000099999999992 0.02047690816863462215 0.00000000099999999992 0.00000000103455718910 0.12959820087521581322 0.00000000099999999992 0.01751307498717887337 0.83241180765294808808 0.00000000099999999992 0.00000000128146535463 0.00000000099999999992 
0.00000000099999999944 0.00000000099999999944 0.00000000099999999944 0.00000000099999999944 0.00000000099999999944 0.00000000099999999944 0.00000000099999999944 0.00000000099999999944 0.00000000099999999944 0.00000000099999999944 0.00000000099999999944 0.99999998899999997803 
0.00000000099999999971 0.00000000099999999971 0.31310447195073148885 0.68689551804926862744 0.00000000099999999971 0.00000000099999999971 0.00000000099999999971 0.00000000099999999971 0.00000000099999999971 0.00000000099999999971 0.00000000099999999971 0.00000000099999999971 
0.00000000099999999990 0.00000000099999999990 0.00000000099999999990 0.00000000099999999990 0.00000000099999999990 0.14134990687497406281 0.00000000099999999990 0.17077804463844428740 0.17221893874804866664 0.00000000099999999990 0.51565310173853295961 0.00000000099999999990 
0.00000000099999999985 0.00000000099999999985 0.48658449143268101000 0.09810119019840393695 0.00000000099999999985 0.00000000099999999985 0.00000000099999999985 0.00000000099999999985 0.00000000099999999985 0.00000000099999999985 0.41531430936891516881 0.00000000099999999985 
0.00000000099999999991 0.00000000099999999991 0.77555355332861120043 0.00000000099999999991 0.00000000099999999991 0.00000000099999999991 0.00689468605135710403 0.00000000099999999991 0.00000000099999999991 0.00000000099999999991 0.21755175162003170808 0.00000000099999999991 
0.00000000099999999983 0.00000000099999999983 0.00000000099999999983 0.00000000099999999983 0.00000000099999999983 0.00000000099999999983 0.00000000099999999983 0.76769242834832607247 0.23230756165167398830 0.00000000099999999983 0.00000000099999999983 0.00000000099999999983 
0.00000000099999999960 0.00000000099999999960 0.00000000099999999960 0.00000000099999999960 0.00000000099999999960 0.00000000099999999960 0.00000000099999999960 0.00000000099999999960 0.00000000099999999960 0.99999998899999997803 0.00000000099999999960 0.00000000099999999960 
0.07731403553043808552 0.92268595446956225281 0.00000000099999999977 0.00000000099999999977 0.00000000099999999977 0.00000000099999999977 0.00000000099999999977 0.00000000099999999977 0.00000000099999999977 0.00000000099999999977 0.00000000099999999977 0.00000000099999999977 
0.00000000099999999982 0.16857261895976569099 0.29982620836032103373 0.00000000099999999982 0.00000000099999999982 0.00000000099999999982 0.00000000099999999982 0.53160116367991328001 0.00000000099999999982 0.00000000099999999982 0.00000000099999999982 0.00000000099999999982 
0.00000000099999999982 0.00000000099999999982 0.00000000099999999982 0.00000000099999999982 0.00000000099999999982 0.00000000099999999982 0.00000000099999999982 0.00000000099999999982 0.00000000099999999982 0.00000000099999999982 0.00000000099999999982 0.99999998900000008906 
0.12741658680731793307 0.44674547224667204848 0.00000000099999999982 0.00000000099999999982 0.42583793194601016197 0.00000000099999999982 0.00000000099999999982 0.00000000099999999982 0.00000000099999999982 0.00000000099999999982 0.00000000099999999982 0.00000000099999999982 
0.00000000099999999973 0.00000000099999999973 0.00000000099999999973 0.00000000099999999973 0.00000000099999999973 0.00000000099999999973 0.00000000099999999973 0.00000000099999999973 0.00000000099999999973 0.00000000099999999973 0.00000000099999999973 0.99999998900000008906 
0.00000000099999999991 0.15500443616782624834 0.10192309957390986719 0.00000000099999999991 0.74220486604105029294 0.00000000499355853029 0.00086758178961053676 0.00000000099999999991 0.00000000543404443313 0.00000000099999999991 0.00000000099999999991 0.00000000099999999991 
0.00000000099999999970 0.60549049792228137878 0.39450949207771873750 0.00000000099999999970 0.00000000099999999970 0.00000000099999999970 0.00000000099999999970 0.00000000099999999970 0.00000000099999999970 0.00000000099999999970 0.00000000099999999970 0.00000000099999999970 
0.00000000099999999957 0.00000000099999999957 0.99999998900000020008 0.00000000099999999957 0.00000000099999999957 0.00000000099999999957 0.00000000099999999957 0.00000000099999999957 0.00000000099999999957 0.00000000099999999957 0.00000000099999999957 0.00000000099999999957 
0.00000000099999999996 0.11422559728938054546 0.00000000099999999996 0.00000000099999999996 0.00000000099999999996 0.23216029759618903028 0.00000277270136483808 0.00010621237995626263 0.09795642091490974757 0.00000000099999999996 0.55538186810132261773 0.00016682601687681347 
0.00000000099999999985 0.00000000099999999985 0.08327495272712162611 0.43082969677019383736 0.48589534150268470780 0.00000000099999999985 0.00000000099999999985 0.00000000099999999985 0.00000000099999999985 0.00000000099999999985 0.00000000099999999985 0.00000000099999999985 
0.00000000099999999968 0.00000000099999999968 0.00000000099999999968 0.00000000099999999968 0.00000000099999999968 0.00000000099999999968 0.00000000099999999968 0.00000000099999999968 0.00000000099999999968 0.00000000099999999968 0.99999998899999986701 0.00000000099999999968 
0.99999998900000020008 0.00000000099999999957 0.00000000099999999957 0.00000000099999999957 0.00000000099999999957 0.00000000099999999957 0.00000000099999999957 0.00000000099999999957 0.00000000099999999957 0.00000000099999999957 0.00000000099999999957 0.00000000099999999957 
0.00000000099999999972 0.99999998900000020008 0.00000000099999999972 0.00000000099999999972 0.00000000099999999972 0.00000000099999999972 0.00000000099999999972 0.00000000099999999972 0.00000000099999999972 0.00000000099999999972 0.00000000099999999972 0.00000000099999999972 
0.77816168487468839743 0.00000000099999999980 0.00000000099999999980 0.00000000099999999980 0.22183830512531191315 0.00000000099999999980 0.00000000099999999980 0.00000000099999999980 0.00000000099999999980 0.00000000099999999980 0.00000000099999999980 0.00000000099999999980 
0.00000000099999999958 0.00000000099999999958 0.00000000099999999958 0.99999998900000008906 0.00000000099999999958 0.00000000099999999958 0.00000000099999999958 0.00000000099999999958 0.00000000099999999958 0.00000000099999999958 0.00000000099999999958 0.00000000099999999958 
0.00000000099999999953 0.00000000099999999953 0.00000000099999999953 0.00000000099999999953 0.00000000099999999953 0.99999998900000020008 0.00000000099999999953 0.00000000099999999953 0.00000000099999999953 0.00000000099999999953 0.00000000099999999953 0.00000000099999999953 
0.40648233022085950017 0.00000000099999999981 0.00000000099999999981 0.00000000099999999981 0.00000000099999999981 0.00000000099999999981 0.00000000099999999981 0.00000000099999999981 0.00000000099999999981 0.00000000099999999981 0.00000000099999999981 0.59351765977914017203 
0.67296054635466162619 0.00000000099999999983 0.00000000099999999983 0.00000000099999999983 0.00000000099999999983 0.00000000099999999983 0.00000000099999999983 0.00000000099999999983 0.00000000099999999983 0.25438400826864943083 0.00000000099999999983 0.07265543637668916976 
0.00000000099999999978 0.79509618507198898119 0.20490380492801132939 0.00000000099999999978 0.00000000099999999978 0.00000000099999999978 0.00000000099999999978 0.00000000099999999978 0.00000000099999999978 0.00000000099999999978 0.00000000099999999978 0.00000000099999999978 
0.99999998900000031110 0.00000000099999999981 0.00000000099999999981 0.00000000099999999981 0.00000000099999999981 0.00000000099999999981 0.00000000099999999981 0.00000000099999999981 0.00000000099999999981 0.00000000099999999981 0.00000000099999999981 0.00000000099999999981 
0.00000000099999999985 0.00000000099999999985 0.00000000099999999985 0.43291645506118059394 0.40079194610420121325 0.00000000099999999985 0.00000000099999999985 0.00000000099999999985 0.00000000099999999985 0.16629158983461833632 0.00000000099999999985 0.00000000099999999985 
0.00000000099999999990 0.00000000099999999990 0.00000000099999999990 0.00000000099999999990 0.00000000099999999990 0.11511286394577185943 0.00000000099999999990 0.25991751062957324514 0.35301584973231892040 0.00000000099999999990 0.27195376769233609027 0.00000000099999999990 
0.70455522460897679338 0.00000000099999999979 0.00000000099999999979 0.00000000099999999979 0.00000000099999999979 0.00000000099999999979 0.00000000099999999979 0.00000000099999999979 0.00000000099999999979 0.11195045390580045386 0.18349431248522285465 0.00000000099999999979 
0.00516764027346074649 0.14280315832363763007 0.08434049550336424061 0.51518348351002374308 0.00000000099999999989 0.00000000099999999989 0.00000000099999999989 0.25250521538951381517 0.00000000099999999989 0.00000000099999999989 0.00000000099999999989 0.00000000099999999989 
0.00000000099999999962 0.00000000099999999962 0.00000000099999999962 0.00000000099999999962 0.00000000099999999962 0.00000000099999999962 0.99999998899999997803 0.00000000099999999962 0.00000000099999999962 0.00000000099999999962 0.00000000099999999962 0.00000000099999999962 
0.82550234215168272200 0.00000000099999999985 0.00000000099999999985 0.00000000099999999985 0.00000000099999999985 0.00000000099999999985 0.00000000099999999985 0.00000000099999999985 0.00000000099999999985 0.00000000099999999985 0.17449764784831756081 0.00000000099999999985 
0.00000000099999999980 0.00000000099999999980 0.99999998900000008906 0.00000000099999999980 0.00000000099999999980 0.00000000099999999980 0.00000000099999999980 0.00000000099999999980 0.00000000099999999980 0.00000000099999999980 0.00000000099999999980 0.00000000099999999980 
0.99999998900000020008 0.00000000099999999983 0.00000000099999999983 0.00000000099999999983 0.00000000099999999983 0.00000000099999999983 0.00000000099999999983 0.00000000099999999983 0.00000000099999999983 0.00000000099999999983 0.00000000099999999983 0.00000000099999999983 
