0.99999999000000028282 0.00000000099999999911 0.00000000099999999911 0.00000000099999999911 0.00000000099999999911 0.00000000099999999911 0.00000000099999999911 0.00000000099999999911 0.00000000099999999911 0.00000000099999999911 0.00000000099999999911 
0.00000000099999999937 0.00000000099999999937 0.00000000099999999937 0.55087499780688764517 0.00000003404219420247 0.00000000099999999937 0.00000000099999999937 0.00000000099999999937 0.00000000099999999937 0.00000000099999999937 0.44912496015091829538 
0.00000000099999999871 0.00000000099999999871 0.00000000099999999871 0.00000000099999999871 0.00000000099999999871 0.00000000099999999871 0.00000000099999999871 0.00000000099999999871 0.00000000099999999871 0.99999998999999983873 0.00000000099999999871 
0.00000000099999999933 0.00000000099999999933 0.00000000099999999933 0.43941988479922361455 0.00000000099999999933 0.00000000099999999933 0.11324681914146758621 0.00000000099999999933 0.00000000099999999933 0.03059433504567206016 0.41673895401363664215 
0.00000000099999999936 0.00000000099999999936 0.00000000099999999936 0.48595503018756619484 0.00000000099999999936 0.00000000099999999936 0.00000000099999999936 0.00000000099999999936 0.00000000099999999936 0.00000000099999999936 0.51404496081243367112 
0.00000000099999999955 0.00000000099999999955 0.70075358947486621197 0.00000000099999999955 0.00000000099999999955 0.00000000099999999955 0.00000000099999999955 0.29924640152513376501 0.00000000099999999955 0.00000000099999999955 0.00000000099999999955 
0.00000000099999999975 0.00000000099999999975 0.00000000099999999975 0.00000000099999999975 0.00000000099999999975 0.00000000099999999975 0.00000000099999999975 0.99999998999999994975 0.00000000099999999975 0.00000000099999999975 0.00000000099999999975 
0.00000000099999999958 0.00000000099999999958 0.00000000099999999958 0.00000000099999999958 0.67028112127098637973 0.00000000099999999958 0.15323478546482907636 0.00000000099999999958 0.00000000099999999958 0.00000000099999999958 0.17648408526418460363 
0.00000000099999999904 0.00000000099999999904 0.00000000099999999904 0.00000000099999999904 0.00000000099999999904 0.00000000099999999904 0.00000000099999999904 0.00000000099999999904 0.00000000099999999904 0.99999998999999994975 0.00000000099999999904 
0.00000000099999999913 0.00000000099999999913 0.99999999000000006077 0.00000000099999999913 0.00000000099999999913 0.00000000099999999913 0.00000000099999999913 0.00000000099999999913 0.00000000099999999913 0.00000000099999999913 0.00000000099999999913 
0.00000000099999999944 0.00000000099999999944 0.00000000099999999944 0.35188398534905712678 0.00000000099999999944 0.00000000099999999944 0.05716789674771141638 0.00000000099999999944 0.00000000099999999944 0.24096683319686446056 0.34998127770636688894 
0.00000000099999999949 0.00000000099999999949 0.00000000099999999949 0.56357828430402856501 0.00615069887554623839 0.00000000099999999949 0.00000000099999999949 0.00000000099999999949 0.00000000099999999949 0.00000000099999999949 0.43027100882042523811 
0.00000000099999999943 0.00000000099999999943 0.00000000099999999943 0.38357996843015573774 0.00000000099999999943 0.00000000099999999943 0.00000000099999999943 0.00000000099999999943 0.00000000099999999943 0.00000000099999999943 0.61642002256984418374 
0.00000000099999999920 0.00000000099999999920 0.00000000099999999920 0.00000000099999999920 0.00000000099999999920 0.00000000099999999920 0.00000000099999999920 0.00000000099999999920 0.99999999000000006077 0.00000000099999999920 0.00000000099999999920 
0.00000000099999999957 0.00000000099999999957 0.00000000099999999957 0.00000000099999999957 0.24350884917171292110 0.00000000099999999957 0.19861486685530305163 0.00000000099999999957 0.00000000099999999957 0.24909577090174173097 0.30878050607124218896 
0.00000000099999999948 0.99999999000000017180 0.00000000099999999948 0.00000000099999999948 0.00000000099999999948 0.00000000099999999948 0.00000000099999999948 0.00000000099999999948 0.00000000099999999948 0.00000000099999999948 0.00000000099999999948 
0.00000000099999999960 0.00000000099999999960 0.00000000099999999960 0.34930044053977749030 0.00000000099999999960 0.00000000099999999960 0.08686379007104338967 0.00000000099999999960 0.00000000099999999960 0.00000000099999999960 0.56383576138917890219 
0.00000000099999999936 0.00000000099999999936 0.00000000099999999936 0.50311039241069288597 0.00000000099999999936 0.00000000099999999936 0.00000000099999999936 0.00000000099999999936 0.00000000099999999936 0.05656168133584797697 0.44032791825345918291 
0.00000000099999999980 0.00000000099999999980 0.00000000099999999980 0.00000000099999999980 0.00966600956155682332 0.00000000099999999980 0.00000000099999999980 0.90586080047224037948 0.08447318196620276498 0.00000000099999999980 0.00000000099999999980 
0.00000000099999999949 0.00000000099999999949 0.00000000099999999949 0.51442867908386480380 0.20572637721803438415 0.00000000099999999949 0.01401758791964226487 0.00000000099999999949 0.00000000099999999949 0.00000000394254136603 0.26582734583591727251 
0.00000000099999999949 0.00000000099999999949 0.00000000099999999949 0.28654745456537716874 0.00000000099999999949 0.00000000099999999949 0.23124447544758022777 0.00000000099999999949 0.00000000099999999949 0.24348458778045931061 0.23872347520658324105 
0.00000000099999999931 0.00000000099999999931 0.00000000099999999931 0.00000000099999999931 0.00000000099999999931 0.00000000099999999931 0.00000000099999999931 0.00000000099999999931 0.00000000099999999931 0.99999999000000006077 0.00000000099999999931 
0.00000000099999999961 0.99999999000000017180 0.00000000099999999961 0.00000000099999999961 0.00000000099999999961 0.00000000099999999961 0.00000000099999999961 0.00000000099999999961 0.00000000099999999961 0.00000000099999999961 0.00000000099999999961 
0.00000000099999999986 0.43255552704499189431 0.15034588781014449066 0.00074751540646270163 0.00000000099999999986 0.00000000099999999986 0.00000000099999999986 0.41635106273840105651 0.00000000099999999986 0.00000000099999999986 0.00000000099999999986 
0.00000000099999999966 0.00000000099999999966 0.00000000099999999966 0.29065902629632855980 0.15454936036911026687 0.00000000099999999966 0.08988577101508256340 0.00000000099999999966 0.00000000099999999966 0.46490583531947865525 0.00000000099999999966 
0.00000000099999999882 0.00000000099999999882 0.00000000099999999882 0.00000000099999999882 0.00000000099999999882 0.00000000099999999882 0.00000000099999999882 0.00000000099999999882 0.99999998999999994975 0.00000000099999999882 0.00000000099999999882 
0.00000000099999999950 0.00000000099999999950 0.00000000099999999950 0.39910087184574744024 0.04682659508491592015 0.00000000099999999950 0.00000000099999999950 0.00000000099999999950 0.00000000099999999950 0.13908180240660586446 0.41499072366273065393 
0.00000000099999999985 0.12006755717027600694 0.14196887795024831780 0.00000000099999999985 0.00000000099999999985 0.00000000099999999985 0.00000000099999999985 0.73796355687947567947 0.00000000099999999985 0.00000000099999999985 0.00000000099999999985 
0.00000000099999999960 0.00000000099999999960 0.00000000099999999960 0.38595224441468062304 0.00000000099999999960 0.00000000099999999960 0.06453258791106500358 0.00000000099999999960 0.00000000099999999960 0.00000000099999999960 0.54951515967425401676 
0.00000000099999999947 0.00000000099999999947 0.00000000099999999947 0.66607235499045658322 0.00000000099999999947 0.00000000099999999947 0.00000000099999999947 0.00000000099999999947 0.00000000099999999947 0.00000000099999999947 0.33392763600954356029 
0.79643150438565657456 0.00000000099999999955 0.00000000099999999955 0.07926407070172927782 0.00000000099999999955 0.00000000099999999955 0.00000000099999999955 0.12430441691261427672 0.00000000099999999955 0.00000000099999999955 0.00000000099999999955 
0.00000000099999999927 0.00000000099999999927 0.99999999000000006077 0.00000000099999999927 0.00000000099999999927 0.00000000099999999927 0.00000000099999999927 0.00000000099999999927 0.00000000099999999927 0.00000000099999999927 0.00000000099999999927 
0.00000000099999999982 0.17674390240819679021 0.20453369722976136313 0.00000000099999999982 0.00000000099999999982 0.00000000186198261938 0.22608954189325047857 0.39263285060680869210 0.00000000099999999982 0.00000000099999999982 0.00000000099999999982 
0.00000000099999999924 0.00000000099999999924 0.00000000099999999924 0.00000000099999999924 0.00000000099999999924 0.99999999000000006077 0.00000000099999999924 0.00000000099999999924 0.00000000099999999924 0.00000000099999999924 0.00000000099999999924 
0.00000000099999999989 0.63904305403803296493 0.00000000099999999989 0.00000000099999999989 0.05954014817130300757 0.00000000099999999989 0.00000000099999999989 0.27182850480960046857 0.00000002116411082954 0.02957421521590615152 0.00001405160104670627 
0.00000000099999999888 0.00000000099999999888 0.00000000099999999888 0.00000000099999999888 0.00000000099999999888 0.00000000099999999888 0.00000000099999999888 0.00000000099999999888 0.99999998999999994975 0.00000000099999999888 0.00000000099999999888 
0.00000000099999999992 0.00000000099999999992 0.01343944873775362696 0.00000000099999999992 0.12190423062409569410 0.41889181912411160846 0.00000000099999999992 0.16764265383280074762 0.27812184168123849082 0.00000000099999999992 0.00000000099999999992 
0.00000000099999999979 0.00000000099999999979 0.00000000099999999979 0.37589971084670698032 0.25984285370714593766 0.00000000099999999979 0.05547827148831022126 0.00000000099999999979 0.00000000099999999979 0.00000000099999999979 0.30877915695783697547 
0.00000000099999999985 0.00001501564037055533 0.11781676958678467815 0.11084046315060037957 0.02958625405687143398 0.00000000099999999985 0.00000000099999999985 0.74174149156537294569 0.00000000099999999985 0.00000000099999999985 0.00000000099999999985 
0.00000000099999999977 0.00000000099999999977 0.00000000099999999977 0.00000000099999999977 0.00000000099999999977 0.00000000099999999977 0.55430470356744088178 0.00000000099999999977 0.00000000099999999977 0.00000000099999999977 0.44569528743255920622 
0.00000000099999999963 0.00000000099999999963 0.00000000099999999963 0.26678092140890646844 0.00117243710691129874 0.00000000099999999963 0.00000000099999999963 0.00000000099999999963 0.00000000099999999963 0.38848094648835534981 0.34356568799582665186 
0.00000000099999999965 0.00000000099999999965 0.00000000099999999965 0.60389972148899595528 0.00000000099999999965 0.00000000099999999965 0.00000000099999999965 0.00000000099999999965 0.00000000099999999965 0.05687896204017528490 0.33922130847082876404 
0.00000000099999999963 0.00000000099999999963 0.00000000099999999963 0.62745604872722848810 0.37254393989822315314 0.00000000099999999963 0.00000000099999999963 0.00000000099999999963 0.00000000099999999963 0.00000000337454851300 0.00000000099999999963 
0.00000000099999999989 0.00000000099999999989 0.00000000099999999989 0.00000000099999999989 0.00000000099999999989 0.52392309933706415759 0.00000000099999999989 0.00000000099999999989 0.29387738978794536449 0.18219950287499053765 0.00000000099999999989 
0.00000000099999999930 0.00000000099999999930 0.00000000099999999930 0.00000000099999999930 0.00000000099999999930 0.00000000099999999930 0.00000000099999999930 0.00000000099999999930 0.99999999000000006077 0.00000000099999999930 0.00000000099999999930 
0.00000000099999999976 0.00000000099999999976 0.00000000099999999976 0.37692270266444050097 0.00000000099999999976 0.00000000099999999976 0.00000000099999999976 0.00000000099999999976 0.00000000099999999976 0.62307708091495450642 0.00000020842060494361 
0.00000019722321317105 0.80472312292038761239 0.00000000099999999988 0.00000000099999999988 0.00000000102471647087 0.04337800216445895224 0.00000000099999999988 0.05663841934111033677 0.00000000099999999988 0.00000000099999999988 0.09526025232611362581 
0.00000000099999999957 0.00000000099999999957 0.99999999000000006077 0.00000000099999999957 0.00000000099999999957 0.00000000099999999957 0.00000000099999999957 0.00000000099999999957 0.00000000099999999957 0.00000000099999999957 0.00000000099999999957 
0.05842824888062957828 0.00000000099999999986 0.00002068572705591008 0.00000000099999999986 0.00000000099999999986 0.00000000099999999986 0.00000000099999999986 0.72350329478677055661 0.21804776360554403714 0.00000000099999999986 0.00000000099999999986 
0.00000000099999999943 0.00000000099999999943 0.00000000099999999943 0.09017275904199376080 0.00000000099999999943 0.00000000099999999943 0.00702322555992998272 0.00000000099999999943 0.90280400739807631361 0.00000000099999999943 0.00000000099999999943 
0.00000000099999999932 0.00000000099999999932 0.00000000099999999932 0.00000000099999999932 0.00000000099999999932 0.00000000099999999932 0.05151231156772825837 0.00000000099999999932 0.00000000099999999932 0.94848767943227163535 0.00000000099999999932 
0.00000000099999999967 0.00000000099999999967 0.00000000099999999967 0.27228201442680888267 0.18595064164251076666 0.00000000099999999967 0.32961330436152108669 0.00000000099999999967 0.00000000099999999967 0.00000000099999999967 0.21215403256915923991 
0.00000000099999999953 0.00000000099999999953 0.99999999000000006077 0.00000000099999999953 0.00000000099999999953 0.00000000099999999953 0.00000000099999999953 0.00000000099999999953 0.00000000099999999953 0.00000000099999999953 0.00000000099999999953 
0.99999999000000017180 0.00000000099999999977 0.00000000099999999977 0.00000000099999999977 0.00000000099999999977 0.00000000099999999977 0.00000000099999999977 0.00000000099999999977 0.00000000099999999977 0.00000000099999999977 0.00000000099999999977 
0.00000000099999999952 0.00000000099999999952 0.00000000099999999952 0.00000000099999999952 0.00000000099999999952 0.00000000099999999952 0.00000000099999999952 0.99999998999999994975 0.00000000099999999952 0.00000000099999999952 0.00000000099999999952 
0.99999999000000028282 0.00000000099999999974 0.00000000099999999974 0.00000000099999999974 0.00000000099999999974 0.00000000099999999974 0.00000000099999999974 0.00000000099999999974 0.00000000099999999974 0.00000000099999999974 0.00000000099999999974 
0.00000000099999999967 0.00000000099999999967 0.25731507506147033304 0.00000000099999999967 0.00000000099999999967 0.74268491593852969945 0.00000000099999999967 0.00000000099999999967 0.00000000099999999967 0.00000000099999999967 0.00000000099999999967 
0.00000000099999999925 0.00000000099999999925 0.00000000099999999925 0.00000000099999999925 0.00000000099999999925 0.00000000099999999925 0.00000000099999999925 0.00000000099999999925 0.99999998999999994975 0.00000000099999999925 0.00000000099999999925 
0.00000000099999999976 0.00000000099999999976 0.00000000099999999976 0.07939493723005046355 0.10408752230776931180 0.00000000099999999976 0.14041582054151605097 0.00000000099999999976 0.00000000099999999976 0.14740893669464655291 0.52869277722601748515 
0.00000000099999999941 0.00000000099999999941 0.00000000099999999941 0.00000000099999999941 0.00000000099999999941 0.99999999000000006077 0.00000000099999999941 0.00000000099999999941 0.00000000099999999941 0.00000000099999999941 0.00000000099999999941 
0.00000000099999999938 0.00000000099999999938 0.00000000099999999938 0.00000000099999999938 0.00000000099999999938 0.99999999000000017180 0.00000000099999999938 0.00000000099999999938 0.00000000099999999938 0.00000000099999999938 0.00000000099999999938 
0.00000000099999999968 0.00000000099999999968 0.00000000099999999968 0.21190151666454595802 0.00000000099999999968 0.00000000099999999968 0.29034598795265115223 0.00000000099999999968 0.00000000099999999968 0.10933592183536812448 0.38841656654743483834 
0.06088140839877261012 0.02571971692126924502 0.30315117230978344542 0.00000000099999999990 0.00070878270959224198 0.04039128719225439784 0.00000000099999999990 0.56914762746832803231 0.00000000099999999990 0.00000000099999999990 0.00000000099999999990 
0.00000000099999999971 0.76484711865821930488 0.00000000099999999971 0.00000000099999999971 0.00000000099999999971 0.06960973612127178967 0.16554313722050914559 0.00000000099999999971 0.00000000099999999971 0.00000000099999999971 0.00000000099999999971 
0.03967722014377296491 0.00000000099999999975 0.00000000099999999975 0.00000000099999999975 0.18758135525885191730 0.77274141659737516363 0.00000000099999999975 0.00000000099999999975 0.00000000099999999975 0.00000000099999999975 0.00000000099999999975 
0.00000000099999999948 0.00000000099999999948 0.00000000099999999948 0.00000000099999999948 0.00000000099999999948 0.00000000099999999948 0.99999998999999994975 0.00000000099999999948 0.00000000099999999948 0.00000000099999999948 0.00000000099999999948 
0.94857921750620555201 0.00000000099999999982 0.05142077349379464007 0.00000000099999999982 0.00000000099999999982 0.00000000099999999982 0.00000000099999999982 0.00000000099999999982 0.00000000099999999982 0.00000000099999999982 0.00000000099999999982 
0.99999999000000017180 0.00000000099999999957 0.00000000099999999957 0.00000000099999999957 0.00000000099999999957 0.00000000099999999957 0.00000000099999999957 0.00000000099999999957 0.00000000099999999957 0.00000000099999999957 0.00000000099999999957 
0.00000000099999999958 0.00000000099999999958 0.99999999000000006077 0.00000000099999999958 0.00000000099999999958 0.00000000099999999958 0.00000000099999999958 0.00000000099999999958 0.00000000099999999958 0.00000000099999999958 0.00000000099999999958 
0.00000000099999999972 0.00000000099999999972 0.00000000099999999972 0.00000000099999999972 0.00000000099999999972 0.89758082992258869659 0.00000000099999999972 0.00000000099999999972 0.10241916107741137754 0.00000000099999999972 0.00000000099999999972 
0.00000000099999999959 0.00000000099999999959 0.00000000099999999959 0.82226285574587310023 0.00000000099999999959 0.00000000099999999959 0.17773713525412696002 0.00000000099999999959 0.00000000099999999959 0.00000000099999999959 0.00000000099999999959 
0.00000000099999999980 0.00000000099999999980 0.00000000099999999980 0.30676586484273776767 0.20295002646493826015 0.00000000099999999980 0.12032101777230444495 0.00000000099999999980 0.00000000099999999980 0.36996308392001947540 0.00000000099999999980 
0.00000000099999999984 0.00000000099999999984 0.00000000099999999984 0.12633023663665043923 0.12490111764636765979 0.00000000099999999984 0.18209614346156843823 0.04049696286073441176 0.00000000099999999984 0.38816635612892508300 0.13800917826575390124 
0.00000000099999999977 0.00000000099999999977 0.38442556968573604603 0.00000000099999999977 0.00000000099999999977 0.54231027994114744395 0.07326414237311643096 0.00000000099999999977 0.00000000099999999977 0.00000000099999999977 0.00000000099999999977 
0.00000000099999999972 0.00000000099999999972 0.00000000099999999972 0.00000000099999999972 0.00000000099999999972 0.83480134745094691784 0.00000000099999999972 0.00000000099999999972 0.00000000099999999972 0.01137241519898143059 0.15382622935007173037 
0.00000000099999999939 0.00000000099999999939 0.00000000099999999939 0.00000000099999999939 0.00000000099999999939 0.99999999000000017180 0.00000000099999999939 0.00000000099999999939 0.00000000099999999939 0.00000000099999999939 0.00000000099999999939 
0.00000000099999999983 0.00000000099999999983 0.00000000099999999983 0.00000000099999999983 0.00000000099999999983 0.00000000099999999983 0.72900982570565575624 0.00000000099999999983 0.00000000099999999983 0.00000896341176892982 0.27098120288257526722 
0.99999999000000028282 0.00000000099999999955 0.00000000099999999955 0.00000000099999999955 0.00000000099999999955 0.00000000099999999955 0.00000000099999999955 0.00000000099999999955 0.00000000099999999955 0.00000000099999999955 0.00000000099999999955 
0.00000000099999999951 0.00000000099999999951 0.99999999000000017180 0.00000000099999999951 0.00000000099999999951 0.00000000099999999951 0.00000000099999999951 0.00000000099999999951 0.00000000099999999951 0.00000000099999999951 0.00000000099999999951 
0.00000000099999999982 0.00000000099999999982 0.00000000099999999982 0.21438589930593637822 0.00007401801739745946 0.00000000099999999982 0.10169333989701870302 0.00000000099999999982 0.00000000099999999982 0.00000000099999999982 0.68384673577964727453 
0.99999999000000028282 0.00000000099999999968 0.00000000099999999968 0.00000000099999999968 0.00000000099999999968 0.00000000099999999968 0.00000000099999999968 0.00000000099999999968 0.00000000099999999968 0.00000000099999999968 0.00000000099999999968 
0.00000000099999999978 0.63430296303077982056 0.00000000099999999978 0.00000000099999999978 0.00000000099999999978 0.00000000099999999978 0.00000000099999999978 0.36569702796922043397 0.00000000099999999978 0.00000000099999999978 0.00000000099999999978 
0.00000000099999999992 0.15717147042172047167 0.22971674992260016079 0.00000000099999999992 0.00000000975735874418 0.00000000099999999992 0.00000000099999999992 0.33240171442987820338 0.11572970638061000348 0.02730113032625142849 0.13767921476158101468 
0.00000000099999999976 0.00000000099999999976 0.33774205279850511019 0.00000000099999999976 0.30073699979277401795 0.29732627995422383771 0.00000000099999999976 0.00000000099999999976 0.06419466045449720437 0.00000000099999999976 0.00000000099999999976 
0.00000000099999999984 0.00000000099999999984 0.11905107490295951944 0.00000000099999999984 0.00000000099999999984 0.72386386223227250358 0.00000000099999999984 0.15708505486476806445 0.00000000099999999984 0.00000000099999999984 0.00000000099999999984 
0.00000000099999999986 0.00000000099999999986 0.00000000099999999986 0.00000000099999999986 0.00000000099999999986 0.00000000099999999986 0.00000000099999999986 0.99999999000000006077 0.00000000099999999986 0.00000000099999999986 0.00000000099999999986 
0.00000000099999999979 0.00000000099999999979 0.00000000099999999979 0.39777923336993342707 0.00061686456954734088 0.22757183110256795633 0.37403206395795141059 0.00000000099999999979 0.00000000099999999979 0.00000000099999999979 0.00000000099999999979 
0.00000000099999999993 0.18828400716047077879 0.00000000099999999993 0.00000000099999999993 0.03657198687792495573 0.00000000099999999993 0.00000058402368949233 0.69652046127983247015 0.07862295465808230577 0.00000000099999999993 0.00000000099999999993 
0.00000000099999999959 0.00000000099999999959 0.00000000099999999959 0.00000000099999999959 0.00000000099999999959 0.99999999000000017180 0.00000000099999999959 0.00000000099999999959 0.00000000099999999959 0.00000000099999999959 0.00000000099999999959 
0.00000000099999999963 0.00000000099999999963 0.00000000099999999963 0.65964939955195889265 0.00000000099999999963 0.00000000099999999963 0.34035059144804125086 0.00000000099999999963 0.00000000099999999963 0.00000000099999999963 0.00000000099999999963 
0.00000000099999999989 0.13503423209231812940 0.21916753101175603935 0.00000000099999999989 0.00000000099999999989 0.11370045463558134391 0.00000000099999999989 0.53209777526034429673 0.00000000099999999989 0.00000000099999999989 0.00000000099999999989 
0.00000000099999999989 0.83405442356531001025 0.00000000099999999989 0.00000000099999999989 0.00000000099999999989 0.00000000099999999989 0.00000000099999999989 0.00000008418431593987 0.16594548383724769258 0.00000000141312649654 0.00000000099999999989 
0.99999999000000017180 0.00000000099999999977 0.00000000099999999977 0.00000000099999999977 0.00000000099999999977 0.00000000099999999977 0.00000000099999999977 0.00000000099999999977 0.00000000099999999977 0.00000000099999999977 0.00000000099999999977 
0.99999999000000017180 0.00000000099999999944 0.00000000099999999944 0.00000000099999999944 0.00000000099999999944 0.00000000099999999944 0.00000000099999999944 0.00000000099999999944 0.00000000099999999944 0.00000000099999999944 0.00000000099999999944 
0.10761473022168448199 0.22888003633134260117 0.04918427609019419833 0.00000000099999999992 0.00000000099999999992 0.00000000099999999992 0.00000000099999999992 0.43640826680489347433 0.00000000099999999992 0.17791268455188508080 0.00000000099999999992 
0.00000000099999999966 0.00000000099999999966 0.00000000099999999966 0.00000000099999999966 0.00000000099999999966 0.00000000099999999966 0.00000000099999999966 0.00000000099999999966 0.00000000099999999966 0.08104536675400764167 0.91895462424599239082 
0.00000000099999999988 0.75813695113373402723 0.00000000099999999988 0.00000000099999999988 0.05695244061617472237 0.05754331635601869777 0.12736728489407259102 0.00000000099999999988 0.00000000099999999988 0.00000000099999999988 0.00000000099999999988 
0.00000000099999999989 0.00000000099999999989 0.00230538842769725067 0.00000000099999999989 0.00000000099999999989 0.20603820587612831083 0.21534949238188361154 0.51420019920166692984 0.06210670811262395535 0.00000000099999999989 0.00000000099999999989 
0.00000000099999999995 0.25504711934849944033 0.00000000099999999995 0.00000000099999999995 0.07431561201287326113 0.00000000099999999995 0.01777605811343019662 0.24531273194937935900 0.00225853482076172375 0.40528993875505564537 0.00000000099999999995 
0.00000000099999999978 0.00000000099999999978 0.00000000099999999978 0.00000000099999999978 0.99999999000000006077 0.00000000099999999978 0.00000000099999999978 0.00000000099999999978 0.00000000099999999978 0.00000000099999999978 0.00000000099999999978 
0.00000000099999999982 0.00000000099999999982 0.00000000099999999982 0.00000000099999999982 0.00000000099999999982 0.00000000099999999982 0.00000000099999999982 0.00000000099999999982 0.00000000099999999982 0.00013622483616142821 0.99986376616383854099 
0.00000000099999999985 0.00000000099999999985 0.00000000099999999985 0.99999999000000017180 0.00000000099999999985 0.00000000099999999985 0.00000000099999999985 0.00000000099999999985 0.00000000099999999985 0.00000000099999999985 0.00000000099999999985 
0.04383866635797414174 0.66297202258864407209 0.00000000099999999986 0.00000000099999999986 0.00000000099999999986 0.00000000099999999986 0.00000000099999999986 0.00000000099999999986 0.29318930305338197773 0.00000000099999999986 0.00000000099999999986 
0.17557709324895726111 0.10497766263576346901 0.00000000099999999989 0.02387079593430842944 0.18443080124446842305 0.00000000099999999989 0.00000000099999999989 0.00000000099999999989 0.00000000099999999989 0.00000000099999999989 0.51114364093650233034 
0.00000000099999999991 0.00000000223260184378 0.00000000099999999991 0.00000000099999999991 0.00000000099999999991 0.00000000099999999991 0.00000000099999999991 0.00000000099999999991 0.13616954156953606225 0.68406079610674475067 0.17976965309111722635 
0.00000000099999999974 0.00000000099999999974 0.00000000099999999974 0.15345794096404735685 0.36474650827738430703 0.00000000099999999974 0.00000000099999999974 0.00000000099999999974 0.00000000099999999974 0.42833088781194850192 0.05346465594661983095 
0.00000000099999999972 0.00000000099999999972 0.00000000099999999972 0.00000000099999999972 0.99999999000000006077 0.00000000099999999972 0.00000000099999999972 0.00000000099999999972 0.00000000099999999972 0.00000000099999999972 0.00000000099999999972 
0.00000000099999999983 0.00000000099999999983 0.00000000099999999983 0.00000000239560278695 0.00001522749343490989 0.00000000099999999983 0.27629975074650320321 0.00000000099999999983 0.00000000099999999983 0.00000000099999999983 0.72368501236445903491 
0.00000000099999999989 0.00000000099999999989 0.69567028366052074961 0.00000000099999999989 0.00000000099999999989 0.03592155943550766339 0.12159728139307116046 0.14681086851090027756 0.00000000099999999989 0.00000000099999999989 0.00000000099999999989 
0.00000000099999999973 0.00000000099999999973 0.00000000099999999973 0.14878679762747662463 0.00000000099999999973 0.00000000099999999973 0.00000000099999999973 0.00000000099999999973 0.00000000099999999973 0.09051244648995949993 0.76070074788256392129 
0.00000000099999999981 0.00000000099999999981 0.00000000099999999981 0.29676704269832310246 0.39218801588719126583 0.00000000099999999981 0.13500814866860097463 0.00000000099999999981 0.00000000099999999981 0.17603678574588471628 0.00000000099999999981 
0.00000000099999999989 0.00000000099999999989 0.00000000099999999989 0.00000000099999999989 0.00000000099999999989 0.11219359165054808292 0.00000000099999999989 0.88780639934945193570 0.00000000099999999989 0.00000000099999999989 0.00000000099999999989 
0.00000000099999999986 0.66511628106586540010 0.00000000099999999986 0.33488370993413485444 0.00000000099999999986 0.00000000099999999986 0.00000000099999999986 0.00000000099999999986 0.00000000099999999986 0.00000000099999999986 0.00000000099999999986 
0.00000000099999999994 0.61813286534600053734 0.00000000099999999994 0.00000000099999999994 0.37773733726372527020 0.00412761753374699027 0.00000217285652731034 0.00000000099999999994 0.00000000099999999994 0.00000000099999999994 0.00000000099999999994 
0.00000000099999999986 0.70600370200582995839 0.29399628899417024064 0.00000000099999999986 0.00000000099999999986 0.00000000099999999986 0.00000000099999999986 0.00000000099999999986 0.00000000099999999986 0.00000000099999999986 0.00000000099999999986 
0.00000000099999999993 0.00000000099999999993 0.00000066464447856018 0.00370788135490263127 0.58293069206577596830 0.00000000099999999993 0.00000000099999999993 0.00000000099999999993 0.06430201665796461685 0.14964788604931311689 0.19941085422756540946 
0.14804777161563376087 0.00000000099999999985 0.00000000099999999985 0.00000000099999999985 0.58527635673588551679 0.00000000099999999985 0.00000000099999999985 0.00000000099999999985 0.00000000099999999985 0.21578292443419347379 0.05089294021428733550 
0.00000000099999999985 0.00048167344686516364 0.00000000099999999985 0.00000000099999999985 0.27123963985670801469 0.00000000099999999985 0.00000006962313515656 0.72827861007329164345 0.00000000099999999985 0.00000000099999999985 0.00000000099999999985 
0.00028428377403823111 0.00000000099999999990 0.00000000099999999990 0.64675185055813666501 0.00000000099999999990 0.00000000099999999990 0.00000000099999999990 0.00000000099999999990 0.00000000099999999990 0.35296385766782523152 0.00000000099999999990 
0.10115404735288600901 0.00000000099999999983 0.00000000099999999983 0.00000000099999999983 0.50410135556508905985 0.00000000099999999983 0.00794261471611181283 0.00000000099999999983 0.00000000099999999983 0.38680197536591320873 0.00000000099999999983 
0.00000000099999999967 0.00000000099999999967 0.00000000099999999967 0.00000000099999999967 0.00000000099999999967 0.00000000099999999967 0.00000000099999999967 0.00000000099999999967 0.00000000099999999967 0.00000000099999999967 0.99999999000000006077 
0.00000000099999999991 0.00000000099999999991 0.03399929176288567917 0.00000000099999999991 0.17203638368671464454 0.00000000099999999991 0.00000000099999999991 0.00000000099999999991 0.01238908559589732387 0.78157523195450229192 0.00000000099999999991 
0.00000000099999999967 0.00000000099999999967 0.00000000099999999967 0.00000000099999999967 0.99999999000000017180 0.00000000099999999967 0.00000000099999999967 0.00000000099999999967 0.00000000099999999967 0.00000000099999999967 0.00000000099999999967 
0.00000000099999999987 0.00000000099999999987 0.50377844422877327002 0.00000000099999999987 0.00000038242416401036 0.00000000099999999987 0.00000000099999999987 0.00000000099999999987 0.49622116534706278701 0.00000000099999999987 0.00000000099999999987 
0.00000000099999999993 0.10676871899709049207 0.00000000099999999993 0.10000960238118317136 0.00000000099999999993 0.12452187978822507053 0.00000000099999999993 0.58212198737198217469 0.08657780546151909451 0.00000000099999999993 0.00000000099999999993 
0.00000000099999999982 0.00000000099999999982 0.00000000099999999982 0.00000000099999999982 0.27202590244266855457 0.00000000099999999982 0.00000000099999999982 0.00000000099999999982 0.00000000099999999982 0.54139039198069260905 0.18658369757663881283 
0.00000000099999999970 0.00000000099999999970 0.00000000099999999970 0.00000000099999999970 0.00000000099999999970 0.00000000099999999970 0.00000000099999999970 0.99999999000000006077 0.00000000099999999970 0.00000000099999999970 0.00000000099999999970 
0.99999999000000028282 0.00000000099999999964 0.00000000099999999964 0.00000000099999999964 0.00000000099999999964 0.00000000099999999964 0.00000000099999999964 0.00000000099999999964 0.00000000099999999964 0.00000000099999999964 0.00000000099999999964 
0.00000000099999999972 0.00000000099999999972 0.00000000099999999972 0.00000000099999999972 0.00000000099999999972 0.00000000099999999972 0.00000000099999999972 0.00000000099999999972 0.00000000099999999972 0.00000000099999999972 0.99999998999999994975 
0.76817887783208205210 0.00000000099999999982 0.00000000099999999982 0.00000000099999999982 0.00000000099999999982 0.00000000099999999982 0.00000000099999999982 0.00000000099999999982 0.00000000099999999982 0.23182111316791809141 0.00000000099999999982 
0.00000000099999999957 0.00000000099999999957 0.00000000099999999957 0.00000000099999999957 0.00000000099999999957 0.00000000099999999957 0.99999998999999994975 0.00000000099999999957 0.00000000099999999957 0.00000000099999999957 0.00000000099999999957 
0.00000000099999999957 0.00000000099999999957 0.00000000099999999957 0.00000000099999999957 0.00000000099999999957 0.00000000099999999957 0.00000000099999999957 0.00000000099999999957 0.99999998999999994975 0.00000000099999999957 0.00000000099999999957 
0.47659834150594204694 0.00000000099999999987 0.00000000099999999987 0.00000000099999999987 0.00000000099999999987 0.00000000099999999987 0.00000000099999999987 0.00000000099999999987 0.00000000099999999987 0.00000000099999999987 0.52340164949405765249 
0.64131009708298014615 0.00000000099999999988 0.00000000099999999988 0.00000000099999999988 0.25258294846729828498 0.00000000099999999988 0.00000000099999999988 0.00000000099999999988 0.00000000099999999988 0.10610694644972192002 0.00000000099999999988 
0.00000000099999999977 0.00000000099999999977 0.00000000099999999977 0.00000000099999999977 0.99999999000000017180 0.00000000099999999977 0.00000000099999999977 0.00000000099999999977 0.00000000099999999977 0.00000000099999999977 0.00000000099999999977 
0.99999999000000017180 0.00000000099999999982 0.00000000099999999982 0.00000000099999999982 0.00000000099999999982 0.00000000099999999982 0.00000000099999999982 0.00000000099999999982 0.00000000099999999982 0.00000000099999999982 0.00000000099999999982 
0.00000000099999999978 0.00000000099999999978 0.00000000099999999978 0.90174430228799262732 0.09825568871200741905 0.00000000099999999978 0.00000000099999999978 0.00000000099999999978 0.00000000099999999978 0.00000000099999999978 0.00000000099999999978 
0.00000000099999999986 0.53450142562951130643 0.27242227537967478312 0.00000000099999999986 0.00000000099999999986 0.00000000099999999986 0.00000000099999999986 0.00002948547921942426 0.19304680651159461524 0.00000000099999999986 0.00000000099999999986 
0.68783097034709295148 0.00000000099999999978 0.00000000099999999978 0.00000052550019153664 0.00000000099999999978 0.00000000099999999978 0.31216849615271563545 0.00000000099999999978 0.00000000099999999978 0.00000000099999999978 0.00000000099999999978 
0.00000000099999999988 0.19238324806025799973 0.00000000099999999988 0.54625620384232709270 0.26136054009741493953 0.00000000099999999988 0.00000000099999999988 0.00000000099999999988 0.00000000099999999988 0.00000000099999999988 0.00000000099999999988 
0.00000000099999999965 0.00000000099999999965 0.00000000099999999965 0.00000000099999999965 0.00000000099999999965 0.99999999000000017180 0.00000000099999999965 0.00000000099999999965 0.00000000099999999965 0.00000000099999999965 0.00000000099999999965 
0.82523922196469334800 0.00000000099999999985 0.00000000099999999985 0.00000000099999999985 0.00000000099999999985 0.00000000099999999985 0.00001045411533315954 0.17475031591997347569 0.00000000099999999985 0.00000000099999999985 0.00000000099999999985 
0.00000000099999999971 0.00000000099999999971 0.00000000099999999971 0.00000000099999999971 0.99999999000000017180 0.00000000099999999971 0.00000000099999999971 0.00000000099999999971 0.00000000099999999971 0.00000000099999999971 0.00000000099999999971 
0.99999999000000017180 0.00000000099999999986 0.00000000099999999986 0.00000000099999999986 0.00000000099999999986 0.00000000099999999986 0.00000000099999999986 0.00000000099999999986 0.00000000099999999986 0.00000000099999999986 0.00000000099999999986 
0.77925004333428049552 0.00000000099999999979 0.00000000099999999979 0.00000000099999999979 0.00000000099999999979 0.00000000099999999979 0.22074994766571981453 0.00000000099999999979 0.00000000099999999979 0.00000000099999999979 0.00000000099999999979 
0.00006989800309841732 0.99993009299690172043 0.00000000099999999981 0.00000000099999999981 0.00000000099999999981 0.00000000099999999981 0.00000000099999999981 0.00000000099999999981 0.00000000099999999981 0.00000000099999999981 0.00000000099999999981 
0.00000000099999999994 0.00000000099999999994 0.02464114998637918080 0.00000000099999999994 0.23910703241210862213 0.39087303122704908365 0.00000000099999999994 0.34537877937446304077 0.00000000099999999994 0.00000000099999999994 0.00000000099999999994 
0.95238439759593518374 0.00000000099999999991 0.00000000099999999991 0.00000000099999999991 0.00000000099999999991 0.04761559340406498753 0.00000000099999999991 0.00000000099999999991 0.00000000099999999991 0.00000000099999999991 0.00000000099999999991 
0.00000000099999999977 0.00000000099999999977 0.00000000099999999977 0.00000000099999999977 0.99999999000000017180 0.00000000099999999977 0.00000000099999999977 0.00000000099999999977 0.00000000099999999977 0.00000000099999999977 0.00000000099999999977 
0.00000000099999999974 0.00000000099999999974 0.00000000099999999974 0.00000000099999999974 0.99999999000000017180 0.00000000099999999974 0.00000000099999999974 0.00000000099999999974 0.00000000099999999974 0.00000000099999999974 0.00000000099999999974 
0.00000000099999999986 0.46392894535961159974 0.00000000099999999986 0.00000000099999999986 0.00000000099999999986 0.00000000099999999986 0.24587733114604759521 0.29019371549434064272 0.00000000099999999986 0.00000000099999999986 0.00000000099999999986 
0.14585063581179535941 0.16487254044931903829 0.09409398624917662823 0.00000000099999999996 0.00000000099999999996 0.00000000099999999996 0.00000000099999999996 0.00000000099999999996 0.00000000099999999996 0.00000000881891032045 0.59518282267079858361 
0.00000000099999999977 0.00000000099999999977 0.00000000099999999977 0.00000000099999999977 0.00000000099999999977 0.00000000099999999977 0.99999999000000006077 0.00000000099999999977 0.00000000099999999977 0.00000000099999999977 0.00000000099999999977 
0.00000000099999999972 0.00000000099999999972 0.00000000099999999972 0.00000000099999999972 0.00000000099999999972 0.00000000099999999972 0.99999998999999994975 0.00000000099999999972 0.00000000099999999972 0.00000000099999999972 0.00000000099999999972 
0.00000000099999999985 0.00000000099999999985 0.00000000099999999985 0.00000000099999999985 0.00000000099999999985 0.00000000099999999985 0.00000000099999999985 0.00000000099999999985 0.00000000099999999985 0.00000000099999999985 0.99999998999999994975 
0.00000000099999999968 0.00000000099999999968 0.00000000099999999968 0.00000000099999999968 0.00000000099999999968 0.00000000099999999968 0.99999998999999994975 0.00000000099999999968 0.00000000099999999968 0.00000000099999999968 0.00000000099999999968 
0.00000000099999999990 0.00000000099999999990 0.00000000100249349529 0.00000000099999999990 0.19571131773229416551 0.00000000099999999990 0.00000000099999999990 0.00000000099999999990 0.00000000099999999990 0.80428867326521236158 0.00000000099999999990 
