0.00000000099999999935 0.99999999300000008695 0.00000000099999999935 0.00000000099999999935 0.00000000099999999935 0.00000000099999999935 0.00000000099999999935 0.00000000099999999935 
0.00000000099999999956 0.00000000099999999956 0.00000000099999999956 0.00000000099999999956 0.00000000099999999956 0.00000000099999999956 0.99999999299999986491 0.00000000099999999956 
0.00000000099999999907 0.00000000099999999907 0.00000000099999999907 0.99999999300000008695 0.00000000099999999907 0.00000000099999999907 0.00000000099999999907 0.00000000099999999907 
0.00000000099999999949 0.00000000099999999949 0.09962901067932974919 0.03677962569075352017 0.00000000099999999949 0.00000000099999999949 0.86359135862991665000 0.00000000099999999949 
0.00000000099999999957 0.00000000099999999957 0.00000000099999999957 0.00000000099999999957 0.00000000099999999957 0.00000000099999999957 0.99999999299999997593 0.00000000099999999957 
0.21421199592899614617 0.00000000099999999982 0.00000000099999999982 0.00000000099999999982 0.00000000099999999982 0.24806015896740560289 0.00000000099999999982 0.53772784010359830908 
0.59664935613541436599 0.00000000099999999992 0.00000000099999999992 0.03306877436972936041 0.00577902727353649028 0.32480143740136635522 0.00000000099999999992 0.03970140181995357453 
0.00000000099999999973 0.00000000099999999973 0.83718168238554391269 0.00000000099999999973 0.00000000099999999973 0.00000000099999999973 0.16281831161445620149 0.00000000099999999973 
0.00000000099999999932 0.00000000099999999932 0.00000000099999999932 0.99999999299999997593 0.00000000099999999932 0.00000000099999999932 0.00000000099999999932 0.00000000099999999932 
0.00000000099999999948 0.00000000099999999948 0.00000000099999999948 0.00000000099999999948 0.00000000099999999948 0.00000000099999999948 0.00000000099999999948 0.99999999299999997593 
0.00000000099999999959 0.00000000099999999959 0.01228527492178611326 0.24231649836808696885 0.00000000099999999959 0.00000000099999999959 0.74539822171012670715 0.00000000099999999959 
0.00000000099999999961 0.00000000099999999961 0.15295426968750222563 0.00000000099999999961 0.00000000099999999961 0.00000000099999999961 0.84704572431249769426 0.00000000099999999961 
0.00000000099999999956 0.00000000099999999956 0.13555747542436827335 0.00000000099999999956 0.00000000099999999956 0.00000000099999999956 0.86444251857563181307 0.00000000099999999956 
0.00000000099999999942 0.00000000099999999942 0.00000000099999999942 0.00000000099999999942 0.99999999300000008695 0.00000000099999999942 0.00000000099999999942 0.00000000099999999942 
0.00000000099999999966 0.00000000099999999966 0.55728824608983407174 0.44235003720271209859 0.00000000099999999966 0.00000000099999999966 0.00036171170745373830 0.00000000099999999966 
0.13032034367169720301 0.00000000099999999973 0.00000000099999999973 0.00000000099999999973 0.00000000099999999973 0.86967965032830285566 0.00000000099999999973 0.00000000099999999973 
0.00000000099999999975 0.04164199149843209047 0.03486306553804963126 0.04144906799636237371 0.00000000099999999975 0.00000000099999999975 0.88204587096715592054 0.00000000099999999975 
0.00000000099999999954 0.00000000099999999954 0.00000000099999999954 0.12969226927624813439 0.00000000099999999954 0.00000000099999999954 0.87030772472375184101 0.00000000099999999954 
0.43392718142636860224 0.00000000099999999989 0.00000000099999999989 0.00000000099999999989 0.11033941128986524127 0.45573340228376618688 0.00000000099999999989 0.00000000099999999989 
0.00000000099999999959 0.00000000099999999959 0.29086751522023235328 0.06055302711872259658 0.00000000099999999959 0.00000000099999999959 0.64857945266104499726 0.00000000099999999959 
0.00000000099999999969 0.00000000099999999969 0.00000000099999999969 0.22590427654384731548 0.00000000099999999969 0.00000000099999999969 0.77409571745615268767 0.00000000099999999969 
0.00000000099999999955 0.00000000099999999955 0.00000000099999999955 0.99999999299999997593 0.00000000099999999955 0.00000000099999999955 0.00000000099999999955 0.00000000099999999955 
0.00000000099999999977 0.00000000099999999977 0.00000000099999999977 0.00000000099999999977 0.00000000099999999977 0.86510843448210017481 0.00000000099999999977 0.13489155951790005039 
0.47797746767872573148 0.00000000099999999984 0.00000000099999999984 0.00000000099999999984 0.00000000099999999984 0.50622614601944704305 0.00000000099999999984 0.01579638130182714484 
0.00000000099999999979 0.00000000099999999979 0.08015295182293402654 0.59941905072097345641 0.00000000099999999979 0.00000000099999999979 0.32042799245609232539 0.00000000099999999979 
0.00000000099999999915 0.00000000099999999915 0.00000000099999999915 0.00000000099999999915 0.99999999299999997593 0.00000000099999999915 0.00000000099999999915 0.00000000099999999915 
0.00000000099999999966 0.00000000099999999966 0.13444620422222128275 0.26851746012259719576 0.00000000099999999966 0.00000000099999999966 0.59703633065518135759 0.00000000099999999966 
0.57248749478098448495 0.00000000099999999987 0.00000000099999999987 0.00000000099999999987 0.00000000099999999987 0.28098557783406730159 0.00000000099999999987 0.14652692238494838262 
0.00000000099999999978 0.00000000099999999978 0.05459009832560684367 0.00000000099999999978 0.00000000099999999978 0.00000000099999999978 0.94540989567439326358 0.00000000099999999978 
0.00000000099999999966 0.00000000099999999966 0.00000000099999999966 0.15403425355400515717 0.00000000099999999966 0.00000000099999999966 0.84596574044599481823 0.00000000099999999966 
0.16892476638258410726 0.83107522761741614570 0.00000000099999999971 0.00000000099999999971 0.00000000099999999971 0.00000000099999999971 0.00000000099999999971 0.00000000099999999971 
0.00000000099999999986 0.00000000099999999986 0.00928971809429347470 0.00000000099999999986 0.00000000099999999986 0.00000000099999999986 0.00000000099999999986 0.99071027590570659438 
0.54669601723393712600 0.00000000099999999996 0.05988335427530282890 0.00000000099999999996 0.00000000099999999996 0.19462219807594746679 0.00000000099999999996 0.19879842641481268450 
0.00000000099999999960 0.00000000099999999960 0.00000000099999999960 0.00000000099999999960 0.00000000099999999960 0.00000000099999999960 0.00000000099999999960 0.99999999299999997593 
0.14571216859508548391 0.00000000099999999993 0.05371752556850040161 0.00000000099999999993 0.00000000099999999993 0.80057030083641411711 0.00000000099999999993 0.00000000099999999993 
0.00000000099999999922 0.00000000099999999922 0.00000000099999999922 0.00000000099999999922 0.99999999299999997593 0.00000000099999999922 0.00000000099999999922 0.00000000099999999922 
0.15034109738035900117 0.00000000099999999999 0.06541308808479616432 0.00000000099999999999 0.29668083552930302194 0.07132651931142977575 0.00000000099999999999 0.41623845669411208004 
0.00000000099999999982 0.00000000099999999982 0.38617381173872078470 0.00000000099999999982 0.00000000099999999982 0.00000000099999999982 0.61382618226127916294 0.00000000099999999982 
0.48869752740589278428 0.02541188961427328849 0.05531437764207582097 0.00000000099999999995 0.00000000099999999995 0.34313802685218086630 0.00000000099999999995 0.08743817548557732133 
0.00000000099999999985 0.00000000099999999985 0.59346903073812029561 0.40653096326187970755 0.00000000099999999985 0.00000000099999999985 0.00000000099999999985 0.00000000099999999985 
0.00000000099999999973 0.00000000099999999973 0.07146866389408085274 0.38834960077373548160 0.00000000099999999973 0.00000000099999999973 0.54018173033218352952 0.00000000099999999973 
0.00000000099999999974 0.00000000099999999974 0.00000000099999999974 0.05560892953280051343 0.00000000099999999974 0.00000000099999999974 0.94439106446719944810 0.00000000099999999974 
0.03891062052604374322 0.00000000099999999987 0.22808748499875866611 0.31042882911930513856 0.00000000099999999987 0.00000000099999999987 0.42257306135589250973 0.00000000099999999987 
0.00000000099999999994 0.00000000099999999994 0.00000000099999999994 0.18529424891645215889 0.23116778431412435268 0.00000000099999999994 0.00000000099999999994 0.58353796176942340779 
0.00000000099999999948 0.00000000099999999948 0.00000000099999999948 0.00000000099999999948 0.99999999299999997593 0.00000000099999999948 0.00000000099999999948 0.00000000099999999948 
0.00000000099999999980 0.00000000099999999980 0.00000000099999999980 0.64604057665454917014 0.00000000099999999980 0.00000000099999999980 0.35395941734545066648 0.00000000099999999980 
0.14068374202627656477 0.04557577967291493587 0.03488099565084781806 0.00000000099999999992 0.00000000099999999992 0.77885947864996074586 0.00000000099999999992 0.00000000099999999992 
0.16704131736576968703 0.00000000099999999989 0.00000000099999999989 0.00000000099999999989 0.00000000099999999989 0.00516094734280674646 0.00000000099999999989 0.82779773029142345031 
0.51273877885549856703 0.00000000099999999993 0.00000000099999999993 0.00000000099999999993 0.22287283708342306432 0.26438837906107848230 0.00000000099999999993 0.00000000099999999993 
0.11068496820982830220 0.00000000099999999961 0.00000000099999999961 0.00000000099999999961 0.88931502579017174259 0.00000000099999999961 0.00000000099999999961 0.00000000099999999961 
0.00000000099999999959 0.00000000099999999959 0.00000000099999999959 0.99999999299999997593 0.00000000099999999959 0.00000000099999999959 0.00000000099999999959 0.00000000099999999959 
0.00000000099999999976 0.00000000099999999976 0.30438561334789593360 0.00000000099999999976 0.00000000099999999976 0.00000000099999999976 0.69561438065210390302 0.00000000099999999976 
0.00000000099999999978 0.00000000099999999978 0.00000000099999999978 0.00000000099999999978 0.00000000099999999978 0.00000000099999999978 0.00000000099999999978 0.99999999299999997593 
0.00000000099999999983 0.99999999300000019797 0.00000000099999999983 0.00000000099999999983 0.00000000099999999983 0.00000000099999999983 0.00000000099999999983 0.00000000099999999983 
0.83170737784998205466 0.00000000099999999978 0.00000000099999999978 0.00000000099999999978 0.00000000099999999978 0.16829261615001817054 0.00000000099999999978 0.00000000099999999978 
0.00000000099999999982 0.99999999300000019797 0.00000000099999999982 0.00000000099999999982 0.00000000099999999982 0.00000000099999999982 0.00000000099999999982 0.00000000099999999982 
0.00000000099999999966 0.00000000099999999966 0.00000000099999999966 0.00000000099999999966 0.00000000099999999966 0.00000000099999999966 0.00000000099999999966 0.99999999300000008695 
0.00000000099999999950 0.00000000099999999950 0.00000000099999999950 0.00000000099999999950 0.99999999299999997593 0.00000000099999999950 0.00000000099999999950 0.00000000099999999950 
0.00000000099999999983 0.00000000099999999983 0.30696858847778651924 0.05057802074377921314 0.00000000099999999983 0.00000000099999999983 0.64245338577843413841 0.00000000099999999983 
0.08594884043932744799 0.00000000099999999978 0.00000000099999999978 0.00000000099999999978 0.00000000099999999978 0.00000000099999999978 0.00000000099999999978 0.91405115356067256904 
0.00000000099999999966 0.00000000099999999966 0.00000000099999999966 0.00000000099999999966 0.00000000099999999966 0.00000000099999999966 0.00000000099999999966 0.99999999300000008695 
0.00000000099999999975 0.00000000099999999975 0.21753955150485929093 0.09032518357104278584 0.00000000099999999975 0.00000000099999999975 0.69213525992409785648 0.00000000099999999975 
0.29804589455503399664 0.01684345788224765605 0.00429381588049672185 0.00000000099999999996 0.00000000099999999996 0.24312811122570424094 0.00000000099999999996 0.43768871745651743987 
0.33906044281033109744 0.00000000099999999988 0.00000000099999999988 0.00000000099999999988 0.00000000099999999988 0.53549963801080946446 0.00000000099999999988 0.12543991417885938522 
0.00000000099999999987 0.10621588748451697704 0.00000000099999999987 0.00000000099999999987 0.07208085709055825352 0.00000000099999999987 0.00000000099999999987 0.82170325042492464718 
0.00000000099999999983 0.00000000099999999983 0.36645736345698776137 0.19185854800741347637 0.00000000099999999983 0.00000000099999999983 0.44168408353559879265 0.00000000099999999983 
0.00000000099999999987 0.95081471981063991894 0.00000000099999999987 0.00000000099999999987 0.00000000099999999987 0.00000000099999999987 0.00000000099999999987 0.04918527418936017442 
0.00000000099999999971 0.99999999300000008695 0.00000000099999999971 0.00000000099999999971 0.00000000099999999971 0.00000000099999999971 0.00000000099999999971 0.00000000099999999971 
0.00000000099999999979 0.00000000099999999979 0.00000000099999999979 0.00000000099999999979 0.00000000099999999979 0.00000000099999999979 0.00000000099999999979 0.99999999299999997593 
0.00000000099999999984 0.00000000099999999984 0.00000000099999999984 0.00000000099999999984 0.13407408606658094419 0.00000000099999999984 0.00000000099999999984 0.86592590793341905897 
0.00000000099999999985 0.00000000099999999985 0.16678632428222622819 0.00000000099999999985 0.00000000099999999985 0.00000000099999999985 0.83321366971777377497 0.00000000099999999985 
0.00000000099999999991 0.03989354673933738493 0.00000000106231207769 0.60477653549318555193 0.00000000099999999991 0.00000000099999999991 0.35532991270516500748 0.00000000099999999991 
0.05518366631089322016 0.00000000099999999988 0.22332247726243917296 0.38537277079656856449 0.00000000099999999988 0.00000000099999999988 0.33612108163009885020 0.00000000099999999988 
0.00000000099999999981 0.00000000099999999981 0.00000000099999999981 0.00000000099999999981 0.00000000099999999981 0.00000000099999999981 0.00000000099999999981 0.99999999299999997593 
0.00000000099999999984 0.00000000099999999984 0.00000000099999999984 0.00000000099999999984 0.00000000099999999984 0.31348947506541435803 0.00000000099999999984 0.68651051893458547859 
0.00000000099999999963 0.00000000099999999963 0.00000000099999999963 0.00000000099999999963 0.00000000099999999963 0.00000000099999999963 0.00000000099999999963 0.99999999300000008695 
0.00000944377078097955 0.00000000099999999998 0.23907886287180368790 0.00000000099999999998 0.02530159671583020325 0.00000000099999999998 0.73561009264158505605 0.00000000099999999998 
0.00000000099999999967 0.99999999300000008695 0.00000000099999999967 0.00000000099999999967 0.00000000099999999967 0.00000000099999999967 0.00000000099999999967 0.00000000099999999967 
0.00000000099999999968 0.00000000099999999968 0.00000000099999999968 0.00000000099999999968 0.00000000099999999968 0.00000000099999999968 0.00000000099999999968 0.99999999299999997593 
0.00000000099999999986 0.00000000099999999986 0.16699796024412494333 0.00000000099999999986 0.00000000099999999986 0.00000000099999999986 0.83300203375587500432 0.00000000099999999986 
0.00000000099999999977 0.99999999300000008695 0.00000000099999999977 0.00000000099999999977 0.00000000099999999977 0.00000000099999999977 0.00000000099999999977 0.00000000099999999977 
0.20935551462435955661 0.00000000099999999984 0.00000000099999999984 0.00000000099999999984 0.00000000099999999984 0.79064447937564041879 0.00000000099999999984 0.00000000099999999984 
0.99999999300000019797 0.00000000099999999984 0.00000000099999999984 0.00000000099999999984 0.00000000099999999984 0.00000000099999999984 0.00000000099999999984 0.00000000099999999984 
0.00000000099999999985 0.00000000099999999985 0.21834894289805548140 0.00000000099999999985 0.07262231204403671314 0.00000000099999999985 0.00000000099999999985 0.70902874005790772483 
0.14615164837528141217 0.00000000099999999990 0.00000000099999999990 0.00000000099999999990 0.00000000099999999990 0.00000000099999999990 0.00000000099999999990 0.85384834562471845221 
0.82247331616736496507 0.00000000099999999992 0.00000000099999999992 0.00000000099999999992 0.00000000099999999992 0.17752667783263517687 0.00000000099999999992 0.00000000099999999992 
0.00000000099999999985 0.00000000099999999985 0.13768669958220625116 0.04056055326300192498 0.00000000099999999985 0.00000000099999999985 0.58043459961156051996 0.24131814354323119498 
0.48544458804276263697 0.00000000099999999992 0.00000000099999999992 0.00000000099999999992 0.02154970178577583426 0.49300570517146152794 0.00000000099999999992 0.00000000099999999992 
0.00000000099999999977 0.00000000099999999977 0.00000000099999999977 0.00000000099999999977 0.00000000099999999977 0.00000000099999999977 0.00000000099999999977 0.99999999299999997593 
0.00000000099999999985 0.00000000099999999985 0.00000000099999999985 0.19676235525522700609 0.00000000099999999985 0.00000000099999999985 0.80323763874477294156 0.00000000099999999985 
0.72859614683934215140 0.00000000099999999989 0.00000000099999999989 0.00000000099999999989 0.00000000099999999989 0.09061168284632362124 0.00000000099999999989 0.18079216531433436876 
0.00000000099999999986 0.00000000099999999986 0.00000000099999999986 0.00000000099999999986 0.00000000099999999986 0.99999999299999997593 0.00000000099999999986 0.00000000099999999986 
0.00000000099999999981 0.99999999300000019797 0.00000000099999999981 0.00000000099999999981 0.00000000099999999981 0.00000000099999999981 0.00000000099999999981 0.00000000099999999981 
0.00000000099999999961 0.99999999300000008695 0.00000000099999999961 0.00000000099999999961 0.00000000099999999961 0.00000000099999999961 0.00000000099999999961 0.00000000099999999961 
0.00000000099999999995 0.05276767517016144049 0.00000000099999999995 0.14228544906450690810 0.00000000099999999995 0.80494687076533166792 0.00000000099999999995 0.00000000099999999995 
0.00000000099999999986 0.00000000099999999986 0.09683875940375707980 0.09484038381393747330 0.00000000099999999986 0.00000000099999999986 0.80832085178230550504 0.00000000099999999986 
0.00000000099999999991 0.00000000099999999991 0.17911205243483704908 0.00000000099999999991 0.00000000099999999991 0.74698169832256589018 0.00000000099999999991 0.07390624424259702174 
0.65520668803428783189 0.00000000099999999995 0.03952804989664052138 0.00000000099999999995 0.01696149520411206757 0.00000000099999999995 0.00000000099999999995 0.28830376286495967841 
0.72541123827785514155 0.00000000099999999988 0.15407769720696809501 0.12051105951517684933 0.00000000099999999988 0.00000000099999999988 0.00000000099999999988 0.00000000099999999988 
0.00000000099999999989 0.04323297083779538419 0.82843359970463459341 0.00000000099999999989 0.00000000099999999989 0.00000000099999999989 0.00000000099999999989 0.12833342445757023320 
0.00000000099999999992 0.00000000099999999992 0.39316951057787180579 0.29400580743540360995 0.00000000099999999992 0.00000000099999999992 0.14314358249382436172 0.16968109549290033566 
0.00000000099999999996 0.05528813713638144889 0.00000000099999999996 0.57271140728425296018 0.00000000099999999996 0.00000000099999999996 0.37200045057936553805 0.00000000099999999996 
0.00000000099999999987 0.00000000099999999987 0.00000000099999999987 0.00000000099999999987 0.00000000099999999987 0.99999999299999997593 0.00000000099999999987 0.00000000099999999987 
0.00000000099999999992 0.14523551696604469763 0.33255519682663814418 0.00000000099999999992 0.00000000099999999992 0.09121795125545205385 0.43099133095186487052 0.00000000099999999992 
0.00000000099999999993 0.00000000099999999993 0.00000000099999999993 0.81123184550943450155 0.05042328768187892551 0.13834486180868663108 0.00000000099999999993 0.00000000099999999993 
0.00000000099999999984 0.00000000099999999984 0.26138222905574259869 0.47976912040045582852 0.00000000099999999984 0.00000000099999999984 0.25884864554380154766 0.00000000099999999984 
0.00000000099999999982 0.00000000099999999982 0.99999999300000008695 0.00000000099999999982 0.00000000099999999982 0.00000000099999999982 0.00000000099999999982 0.00000000099999999982 
0.00000000099999999991 0.03668448093386032782 0.02134966155808382116 0.00000000099999999991 0.00000000099999999991 0.00000000099999999991 0.94196585250805586753 0.00000000099999999991 
0.12536395920045051433 0.00000000099999999996 0.00000000099999999996 0.08541972942949968561 0.00000000099999999996 0.11381628565174728429 0.00000000099999999996 0.67540002171830237909 
0.00000000099999999982 0.03142481333492840034 0.06511827481365357884 0.20431379042894415310 0.00000000099999999982 0.00000000099999999982 0.69914311742247381432 0.00000000099999999982 
0.00000000099999999988 0.00000000099999999988 0.27880071859294636161 0.50094914657556322002 0.00000000099999999988 0.00000000099999999988 0.22025012983149055978 0.00000000099999999988 
0.56156016645831330347 0.00000000099999999995 0.00000000099999999995 0.00000000099999999995 0.10506055163397932939 0.19636642553277741663 0.00000000099999999995 0.13701285237493002200 
0.92169840833022176341 0.00000000099999999996 0.07808774551235192485 0.00021384115742631137 0.00000000099999999996 0.00000000099999999996 0.00000000099999999996 0.00000000099999999996 
0.57958362550246167455 0.00449030351683750006 0.27269335149738682667 0.00000000099999999996 0.00000000099999999996 0.00000000099999999996 0.00000000099999999996 0.14323271548331406589 
0.00000000099999999987 0.00000000099999999987 0.00000000099999999987 0.00000000099999999987 0.00000000099999999987 0.99999999300000008695 0.00000000099999999987 0.00000000099999999987 
0.00000000099999999996 0.11861271914945790973 0.41683169672192904587 0.16780814908475322200 0.09080935015780830510 0.00000000099999999996 0.13022124276614754912 0.07571684011990391372 
0.00000000099999999986 0.09436912695352238367 0.90563086704647777214 0.00000000099999999986 0.00000000099999999986 0.00000000099999999986 0.00000000099999999986 0.00000000099999999986 
0.40332578831548110410 0.00000000099999999991 0.26601000591948953389 0.00000000099999999991 0.00000000099999999991 0.33066420076502939240 0.00000000099999999991 0.00000000099999999991 
0.00000000099999999994 0.15722469694850838007 0.00000000099999999994 0.84277529705149167860 0.00000000099999999994 0.00000000099999999994 0.00000000099999999994 0.00000000099999999994 
0.00000000099999999988 0.09463396898982096017 0.56733950443947700482 0.33802652157070212091 0.00000000099999999988 0.00000000099999999988 0.00000000099999999988 0.00000000099999999988 
0.00000000099999999991 0.00000000099999999991 0.00000000099999999991 0.37455113080211405174 0.04673121891618890744 0.00000000099999999991 0.57871764528169700181 0.00000000099999999991 
0.00000000099999999995 0.00000000099999999995 0.37361106075418676342 0.54982237608253003991 0.00000000099999999995 0.00000000099999999995 0.00000000099999999995 0.07656655816328329645 
0.00000000099999999981 0.00000000099999999981 0.99999999300000008695 0.00000000099999999981 0.00000000099999999981 0.00000000099999999981 0.00000000099999999981 0.00000000099999999981 
0.18219201881465066362 0.00000000099999999995 0.00000000099999999995 0.00000000099999999995 0.55810610473032229439 0.00000000099999999995 0.00000000099999999995 0.25970187145502721116 
0.32205595386946556102 0.00000000099999999997 0.00000000099999999997 0.00000000099999999997 0.10381946059539971794 0.36265272879691801133 0.08098445778193065492 0.13048739595628611188 
0.00000000099999999988 0.00000000099999999988 0.38409393110590944742 0.39258379986435115727 0.00000000099999999988 0.00000000099999999988 0.22332226402973948121 0.00000000099999999988 
0.00000000099999999982 0.00000000099999999982 0.00000000099999999982 0.00000000099999999982 0.00000000099999999982 0.99999999299999997593 0.00000000099999999982 0.00000000099999999982 
0.00000000099999999974 0.99999999300000019797 0.00000000099999999974 0.00000000099999999974 0.00000000099999999974 0.00000000099999999974 0.00000000099999999974 0.00000000099999999974 
0.00000000099999999988 0.00000000099999999988 0.00000000099999999988 0.00000000099999999988 0.00000000099999999988 0.00000000099999999988 0.99999999299999986491 0.00000000099999999988 
0.00000000099999999990 0.79116301898962637651 0.00000000099999999990 0.20883697501037368216 0.00000000099999999990 0.00000000099999999990 0.00000000099999999990 0.00000000099999999990 
0.00000000099999999986 0.00000000099999999986 0.00002985773035662310 0.00000000099999999986 0.00000000099999999986 0.00000000099999999986 0.99997013626964337263 0.00000000099999999986 
0.00000000099999999970 0.00000000099999999970 0.00000000099999999970 0.00000000099999999970 0.99999999299999997593 0.00000000099999999970 0.00000000099999999970 0.00000000099999999970 
0.00000000099999999995 0.74749769236252383564 0.00000000099999999995 0.00000000099999999995 0.00000000099999999995 0.00000000099999999995 0.25250230163747622303 0.00000000099999999995 
0.00000000099999999992 0.72794676348015829870 0.09010008270395980512 0.18195314881588192657 0.00000000099999999992 0.00000000099999999992 0.00000000099999999992 0.00000000099999999992 
0.00000000099999999985 0.00000000099999999985 0.99999999300000008695 0.00000000099999999985 0.00000000099999999985 0.00000000099999999985 0.00000000099999999985 0.00000000099999999985 
0.00000000099999999988 0.99999999300000008695 0.00000000099999999988 0.00000000099999999988 0.00000000099999999988 0.00000000099999999988 0.00000000099999999988 0.00000000099999999988 
0.00000000099999999988 0.00000000099999999988 0.17641346580856703818 0.26781803860334685297 0.00000000099999999988 0.00000000099999999988 0.55576849058808608373 0.00000000099999999988 
0.00000000099999999991 0.00000000099999999991 0.00000000099999999991 0.00000000099999999991 0.13633353507274711958 0.86366645892725291134 0.00000000099999999991 0.00000000099999999991 
0.34212228233484143214 0.65787771166515873755 0.00000000099999999982 0.00000000099999999982 0.00000000099999999982 0.00000000099999999982 0.00000000099999999982 0.00000000099999999982 
0.00000000099999999995 0.02077358046163212124 0.30875080645064678642 0.00000000099999999995 0.00000000099999999995 0.12048621473818603433 0.54998939434953486582 0.00000000099999999995 
0.00000000099999999985 0.00000000099999999985 0.00000000099999999985 0.00000000099999999985 0.00000000099999999985 0.00000000099999999985 0.00000000099999999985 0.99999999299999997593 
0.18848417333842540367 0.81151582066157468276 0.00000000099999999990 0.00000000099999999990 0.00000000099999999990 0.00000000099999999990 0.00000000099999999990 0.00000000099999999990 
0.00000000099999999982 0.00000000099999999982 0.99999999300000008695 0.00000000099999999982 0.00000000099999999982 0.00000000099999999982 0.00000000099999999982 0.00000000099999999982 
0.00000000099999999990 0.99999999300000008695 0.00000000099999999990 0.00000000099999999990 0.00000000099999999990 0.00000000099999999990 0.00000000099999999990 0.00000000099999999990 
0.15513136171710009692 0.84001424196491303320 0.00000000099999999987 0.00000000099999999987 0.00000000099999999987 0.00000000099999999987 0.00485439131798691848 0.00000000099999999987 
0.00000000099999999986 0.05516331881241944707 0.00000000099999999986 0.00000000099999999986 0.00000000099999999986 0.94483667518758052140 0.00000000099999999986 0.00000000099999999986 
0.33522984349633538903 0.00000000099999999998 0.18457059108915765955 0.00009724336021275935 0.00000000099999999998 0.00000000099999999998 0.00000000099999999998 0.48010231805429437468 
0.00000000099999999993 0.99807700512756059030 0.00000000099999999993 0.00000000099999999993 0.00000000099999999993 0.00000000099999999993 0.00000000099999999993 0.00192298887243949699 
0.00000000099999999980 0.00000000099999999980 0.99999999299999997593 0.00000000099999999980 0.00000000099999999980 0.00000000099999999980 0.00000000099999999980 0.00000000099999999980 
0.00000000099999999984 0.00000000099999999984 0.99999999299999997593 0.00000000099999999984 0.00000000099999999984 0.00000000099999999984 0.00000000099999999984 0.00000000099999999984 
0.99999999300000008695 0.00000000099999999989 0.00000000099999999989 0.00000000099999999989 0.00000000099999999989 0.00000000099999999989 0.00000000099999999989 0.00000000099999999989 
0.00000000099999999997 0.06871246586838067327 0.23330064974213482465 0.09570397518735473952 0.00000000099999999997 0.35049479940998085059 0.25178810679214869150 0.00000000099999999997 
0.08015962165299948816 0.00000000099999999993 0.22756718741685053042 0.00000000099999999993 0.00000000099999999993 0.00000000099999999993 0.69227318593014997017 0.00000000099999999993 
0.00000000099999999990 0.00000008147566947467 0.56346927146695957589 0.00000000099999999990 0.00000000099999999990 0.00000000099999999990 0.43653064205737107661 0.00000000099999999990 
0.00000000099999999996 0.08157768769975820566 0.31814330132098606052 0.00000000099999999996 0.00000000099999999996 0.00000000099999999996 0.60027900597925565318 0.00000000099999999996 
0.00000000099999999992 0.00000000099999999992 0.34117819689233558345 0.00000000099999999992 0.00000000099999999992 0.00000000099999999992 0.65882179710766430869 0.00000000099999999992 
0.00000000099999999991 0.00000000099999999991 0.21889714883145899860 0.78110284516854111558 0.00000000099999999991 0.00000000099999999991 0.00000000099999999991 0.00000000099999999991 
0.65383992986588435059 0.00000000099999999998 0.00000000099999999998 0.00000000099999999998 0.00335178315198611304 0.34280828198212970337 0.00000000099999999998 0.00000000099999999998 
0.23229539914061153594 0.00000000099999999995 0.00000000099999999995 0.00000000099999999995 0.22270560484511670030 0.00000000099999999995 0.54499899101427162762 0.00000000099999999995 
0.00000000099999999989 0.99999999300000019797 0.00000000099999999989 0.00000000099999999989 0.00000000099999999989 0.00000000099999999989 0.00000000099999999989 0.00000000099999999989 
0.51970217633576198946 0.00000000099999999998 0.15853750251460640985 0.00000000099999999998 0.05758511989113483664 0.00000000099999999998 0.00000000099999999998 0.26417519725849669676 
0.99999999300000008695 0.00000000099999999980 0.00000000099999999980 0.00000000099999999980 0.00000000099999999980 0.00000000099999999980 0.00000000099999999980 0.00000000099999999980 
0.00000000099999999994 0.99817871349502684808 0.00000000099999999994 0.00182127974334687654 0.00000000099999999994 0.00000000099999999994 0.00000000176162636678 0.00000000099999999994 
0.00000000099999999992 0.99999999300000019797 0.00000000099999999992 0.00000000099999999992 0.00000000099999999992 0.00000000099999999992 0.00000000099999999992 0.00000000099999999992 
0.27087923106466960110 0.00000000099999999996 0.00274547407486783017 0.24004774471034628913 0.48632754615011630772 0.00000000099999999996 0.00000000099999999996 0.00000000099999999996 
0.00000000099999999991 0.00000000099999999991 0.14003214842397812556 0.34997081090186704655 0.00000000099999999991 0.00000000099999999991 0.50999703567415477501 0.00000000099999999991 
0.00000000099999999987 0.00000000099999999987 0.99999999299999997593 0.00000000099999999987 0.00000000099999999987 0.00000000099999999987 0.00000000099999999987 0.00000000099999999987 
0.26255282290540526979 0.04215384496245382778 0.32718638109758485522 0.00000000099999999996 0.03181292417880288853 0.00000000099999999996 0.00000000099999999996 0.33629402385575324352 
0.00000000099999999987 0.00000000099999999987 0.99999999300000008695 0.00000000099999999987 0.00000000099999999987 0.00000000099999999987 0.00000000099999999987 0.00000000099999999987 
0.49907773871543636979 0.00000000099999999992 0.00000000099999999992 0.00000000099999999992 0.00000000099999999992 0.00000000099999999992 0.10906119320199056388 0.39186106308257301345 
0.00000000099999999996 0.00000000099999999996 0.00000000099999999996 0.69484101806760112385 0.00000000099999999996 0.00000000099999999996 0.00000000099999999996 0.30515897593239899033 
0.00000000099999999994 0.00000000099999999994 0.41699273206009979109 0.00000000099999999994 0.04832813230301719054 0.00000000099999999994 0.53467913063688288222 0.00000000099999999994 
0.00000000099999999989 0.85526989438315292880 0.14473009961684724090 0.00000000099999999989 0.00000000099999999989 0.00000000099999999989 0.00000000099999999989 0.00000000099999999989 
0.00000000099999999989 0.00000000099999999989 0.59398532847731133621 0.00000000099999999989 0.00000000099999999989 0.00000000099999999989 0.40601466552268861143 0.00000000099999999989 
0.00000000099999999995 0.29778614405479048033 0.00000000099999999995 0.70214926189659265798 0.00000000099999999995 0.00000000099999999995 0.00006458904861679535 0.00000000099999999995 
0.00000000099999999997 0.00000000099999999997 0.36224866545069955848 0.00000000099999999997 0.00000000099999999997 0.36301944832978982891 0.27473188121951058749 0.00000000099999999997 
0.00000000099999999988 0.99999999300000019797 0.00000000099999999988 0.00000000099999999988 0.00000000099999999988 0.00000000099999999988 0.00000000099999999988 0.00000000099999999988 
0.00000000099999999994 0.13064066238280538923 0.68325010054164447837 0.00000000099999999994 0.00000000099999999994 0.00000000099999999994 0.00000000099999999994 0.18610923207555021830 
0.41222108249638633737 0.00000000099999999992 0.58777891150361372130 0.00000000099999999992 0.00000000099999999992 0.00000000099999999992 0.00000000099999999992 0.00000000099999999992 
0.00000000099999999996 0.00000000099999999996 0.27898388735997681209 0.47529078044099082323 0.15852621603170857778 0.00000000099999999996 0.00000000099999999996 0.08719911216732376125 
0.00000000099999999995 0.00000000099999999995 0.99999999300000008695 0.00000000099999999995 0.00000000099999999995 0.00000000099999999995 0.00000000099999999995 0.00000000099999999995 
0.00000000099999999991 0.00000000099999999991 0.99999999300000008695 0.00000000099999999991 0.00000000099999999991 0.00000000099999999991 0.00000000099999999991 0.00000000099999999991 
0.00000000099999999988 0.99999999300000008695 0.00000000099999999988 0.00000000099999999988 0.00000000099999999988 0.00000000099999999988 0.00000000099999999988 0.00000000099999999988 
0.66569472021400077910 0.33430527378599944610 0.00000000099999999994 0.00000000099999999994 0.00000000099999999994 0.00000000099999999994 0.00000000099999999994 0.00000000099999999994 
0.00000000099999999989 0.00000000099999999989 0.99999999300000008695 0.00000000099999999989 0.00000000099999999989 0.00000000099999999989 0.00000000099999999989 0.00000000099999999989 
0.00000000099999999996 0.00000000099999999996 0.28535527718732622837 0.71464471681267383030 0.00000000099999999996 0.00000000099999999996 0.00000000099999999996 0.00000000099999999996 
0.00000000099999999996 0.00000000099999999996 0.11991513839147875664 0.00000000099999999996 0.01548567437547642041 0.00000000099999999996 0.00000000099999999996 0.86459918223304488283 
0.00000000099999999995 0.16463884515985791057 0.00000000099999999995 0.00000000099999999995 0.00000000099999999995 0.23820807535052596071 0.00000000099999999995 0.59715307448961618686 
0.42415000658889706608 0.00000000099999999995 0.00000000099999999995 0.00000000099999999995 0.44714394255775741227 0.00000000099999999995 0.00000000099999999995 0.12870604585334544101 
0.00000000099999999985 0.00000000099999999985 0.99999999299999997593 0.00000000099999999985 0.00000000099999999985 0.00000000099999999985 0.00000000099999999985 0.00000000099999999985 
0.00000000099999999985 0.99999999300000019797 0.00000000099999999985 0.00000000099999999985 0.00000000099999999985 0.00000000099999999985 0.00000000099999999985 0.00000000099999999985 
0.00000000099999999997 0.00000000099999999997 0.00000037750600170818 0.00000000099999999997 0.15650749556400783691 0.56588977916059657325 0.00000000099999999997 0.27760234376939402212 
0.00000000099999999986 0.66672171615544373324 0.00000000099999999986 0.00000000099999999986 0.00000000099999999986 0.00000000099999999986 0.33327827784455626992 0.00000000099999999986 
0.00000000099999999985 0.00000000099999999985 0.89309876699976764591 0.00000000099999999985 0.00000000099999999985 0.00000000099999999985 0.00000000099999999985 0.10690122700023232949 
0.99999999300000019797 0.00000000099999999990 0.00000000099999999990 0.00000000099999999990 0.00000000099999999990 0.00000000099999999990 0.00000000099999999990 0.00000000099999999990 
0.00000000099999999997 0.00000000099999999997 0.00000000099999999997 0.54424964195359826213 0.05343658915056467146 0.00000000099999999997 0.40231371405341498360 0.00000005084242207556 
0.59845074117183338913 0.40154925282816683607 0.00000000099999999992 0.00000000099999999992 0.00000000099999999992 0.00000000099999999992 0.00000000099999999992 0.00000000099999999992 
0.00000000099999999987 0.00000000099999999987 0.99999999299999997593 0.00000000099999999987 0.00000000099999999987 0.00000000099999999987 0.00000000099999999987 0.00000000099999999987 
0.00000000099999999997 0.00000000099999999997 0.72005615374099007919 0.00000000099999999997 0.00000000099999999997 0.00000000099999999997 0.00000000099999999997 0.27994384025901014601 
0.99999999300000008695 0.00000000099999999994 0.00000000099999999994 0.00000000099999999994 0.00000000099999999994 0.00000000099999999994 0.00000000099999999994 0.00000000099999999994 
0.60950360058909525129 0.00000000099999999996 0.39049639341090486289 0.00000000099999999996 0.00000000099999999996 0.00000000099999999996 0.00000000099999999996 0.00000000099999999996 
0.00000000099999999989 0.99999999300000008695 0.00000000099999999989 0.00000000099999999989 0.00000000099999999989 0.00000000099999999989 0.00000000099999999989 0.00000000099999999989 
0.00000000099999999992 0.99999999300000019797 0.00000000099999999992 0.00000000099999999992 0.00000000099999999992 0.00000000099999999992 0.00000000099999999992 0.00000000099999999992 
0.00000000099999999991 0.99999999300000008695 0.00000000099999999991 0.00000000099999999991 0.00000000099999999991 0.00000000099999999991 0.00000000099999999991 0.00000000099999999991 
0.00000000099999999996 0.35035771240779278735 0.46961673872117676298 0.00000000099999999996 0.18002554387103045230 0.00000000099999999996 0.00000000099999999996 0.00000000099999999996 
0.00000000099999999991 0.00000000099999999991 0.00000000099999999991 0.00000000099999999991 0.00000000099999999991 0.99999999300000008695 0.00000000099999999991 0.00000000099999999991 
0.25412507608840417817 0.00000000099999999997 0.00000000099999999997 0.00000000099999999997 0.00000000099999999997 0.00000204928737722624 0.74587286962421850411 0.00000000099999999997 
0.58397298525281826631 0.41602700874718173685 0.00000000099999999993 0.00000000099999999993 0.00000000099999999993 0.00000000099999999993 0.00000000099999999993 0.00000000099999999993 
0.00000000099999999990 0.00000000099999999990 0.99999999299999997593 0.00000000099999999990 0.00000000099999999990 0.00000000099999999990 0.00000000099999999990 0.00000000099999999990 
0.00000000099999999992 0.99999999300000008695 0.00000000099999999992 0.00000000099999999992 0.00000000099999999992 0.00000000099999999992 0.00000000099999999992 0.00000000099999999992 
0.00000000099999999993 0.87416854531992849164 0.00000000099999999993 0.00000000099999999993 0.00000000099999999993 0.00000000099999999993 0.00000000099999999993 0.12583144868007181683 
0.99999999300000019797 0.00000000099999999994 0.00000000099999999994 0.00000000099999999994 0.00000000099999999994 0.00000000099999999994 0.00000000099999999994 0.00000000099999999994 
0.00000000099999999991 0.99999999300000019797 0.00000000099999999991 0.00000000099999999991 0.00000000099999999991 0.00000000099999999991 0.00000000099999999991 0.00000000099999999991 
0.00000000099999999996 0.00000000099999999996 0.00000050379485181305 0.00000000099999999996 0.00000000099999999996 0.67216712455751781441 0.00000000099999999996 0.32783236664763043544 
0.29997346651695760977 0.70002652748304261543 0.00000000099999999995 0.00000000099999999995 0.00000000099999999995 0.00000000099999999995 0.00000000099999999995 0.00000000099999999995 
0.00000000099999999998 0.00000000099999999998 0.00000000099999999998 0.00000000099999999998 0.77514786604214602761 0.06635533757989665882 0.00000000099999999998 0.15849679137795716355 
