0.00000000099999999982 0.99999999800000005656 0.00000000099999999982 
0.99999999799999994554 0.00000000099999999985 0.00000000099999999985 
0.99999999800000005656 0.00000000099999999984 0.00000000099999999984 
0.99999999799999994554 0.00000000099999999983 0.00000000099999999983 
0.99999999799999994554 0.00000000099999999989 0.00000000099999999989 
0.00000000099999999995 0.00000000099999999995 0.99999999800000005656 
0.12868462360615753881 0.00000000099999999995 0.87131537539384240620 
0.96576561037992791903 0.03423438862007210925 0.00000000099999999998 
0.99999999799999994554 0.00000000099999999993 0.00000000099999999993 
0.00000000099999999990 0.00000000099999999990 0.99999999799999994554 
0.99999999799999994554 0.00000000099999999985 0.00000000099999999985 
0.99999999800000005656 0.00000000099999999987 0.00000000099999999987 
0.99999999800000005656 0.00000000099999999986 0.00000000099999999986 
0.00748632926306532637 0.00000000099999999999 0.99251366973693477824 
0.99999999799999994554 0.00000000099999999993 0.00000000099999999993 
0.00000000099999999994 0.00000000099999999994 0.99999999799999994554 
0.99999999800000005656 0.00000000099999999993 0.00000000099999999993 
0.99999999799999994554 0.00000000099999999984 0.00000000099999999984 
0.06539811322796365567 0.00000000099999999995 0.93460188577203628935 
0.99999999799999994554 0.00000000099999999987 0.00000000099999999987 
0.99999999799999994554 0.00000000099999999989 0.00000000099999999989 
0.99999999799999994554 0.00000000099999999991 0.00000000099999999991 
0.00000000099999999995 0.00000000099999999995 0.99999999799999994554 
0.06969842960719355163 0.00000000099999999998 0.93030156939280650441 
0.92029386154806469555 0.07970613745193534661 0.00000000099999999998 
0.00000000099999999995 0.00000000099999999995 0.99999999800000005656 
0.99999999800000005656 0.00000000099999999990 0.00000000099999999990 
0.08028755045869682971 0.00000000099999999998 0.91971244854130329571 
0.99999999799999994554 0.00000000099999999995 0.00000000099999999995 
0.99999999800000005656 0.00000000099999999986 0.00000000099999999986 
0.00000000100015097572 0.99999999799984906623 0.00000000099999999994 
0.00000000099999999999 0.07779405247764240028 0.92220594652235754474 
0.18863469971068697051 0.00000000099999999999 0.81136529928931300226 
0.00000000099999999996 0.04959421148778068306 0.95040578751221926890 
0.12077852537757913232 0.00000000099999999996 0.87922147362242086821 
0.00000000099999999989 0.00000000099999999989 0.99999999799999994554 
0.09429042757136305020 0.00596709824422917822 0.89974247418440778112 
0.99999999800000005656 0.00000000099999999997 0.00000000099999999997 
0.03867335522087327060 0.01271454338979505737 0.94861210138933160785 
0.99999999799999994554 0.00000000099999999998 0.00000000099999999998 
0.99999999799999994554 0.00000000099999999991 0.00000000099999999991 
0.99999999799999994554 0.00000000099999999990 0.00000000099999999990 
0.96292301070513097727 0.01580996928445881772 0.02126702001041030216 
0.16457690452951426185 0.00338218306332519446 0.83204091240716060440 
0.00000000099999999998 0.03447663410302329035 0.96552336489697676569 
0.99999999799999994554 0.00000000099999999996 0.00000000099999999996 
0.00000864866564625869 0.10010466343321433591 0.89988668790113945928 
0.00000000099999999995 0.00000000099999999995 0.99999999800000005656 
0.06748604088204039619 0.04954333941758121834 0.88297061970037826750 
0.05124753998657698151 0.00000000099999999998 0.94875245901342308841 
0.99999999799999994554 0.00000000099999999993 0.00000000099999999993 
0.99999999799999994554 0.00000000099999999994 0.00000000099999999994 
0.00000000099999999999 0.06954927331270056856 0.93045072568729947360 
0.00000000099999999995 0.99999999800000005656 0.00000000099999999995 
0.04456959553002084323 0.00000000099999999998 0.95543040346997909484 
0.00000000099999999995 0.99999999799999994554 0.00000000099999999995 
0.00000000099999999997 0.00890665353633606285 0.99109334546366401053 
0.08198575803861397893 0.00000000100000000000 0.91801424096138606323 
0.99999999799999994554 0.00000000099999999996 0.00000000099999999996 
0.00000000099999999997 0.00000000099999999997 0.99999999800000005656 
0.00000000099999999994 0.00000000099999999994 0.99999999799999994554 
0.99999999799999994554 0.00000000099999999993 0.00000000099999999993 
0.00000000659188015508 0.08097787242513289352 0.91902212098298685650 
0.00000000099999999999 0.02889949349297957909 0.97110050550702042838 
0.04950083532943810177 0.15107454629586786199 0.79942461837469391828 
0.99999999799999994554 0.00000000099999999996 0.00000000099999999996 
0.00000000099999999997 0.99999999799999994554 0.00000000099999999997 
0.00000000099999999992 0.99999999799999994554 0.00000000099999999992 
0.00000000099999999997 0.01727898845949708134 0.98272101054050298163 
0.03174374767877785608 0.00000461275806192495 0.96825163956316029346 
0.99999999800000005656 0.00000000099999999995 0.00000000099999999995 
0.87775203438722060323 0.12224796461277945281 0.00000000099999999998 
0.99999999800000005656 0.00000000099999999998 0.00000000099999999998 
0.00000000099999999998 0.18593780128889017544 0.81406219771110988059 
0.00000000099999999997 0.00000000099999999997 0.99999999799999994554 
0.00000000099999999993 0.00000000099999999993 0.99999999799999994554 
0.97169996991747420445 0.02830002908252584465 0.00000000100000000000 
0.00000000099999999991 0.99999999799999994554 0.00000000099999999991 
0.00000000099999999993 0.00000000099999999993 0.99999999799999994554 
0.99999999799999994554 0.00000000099999999996 0.00000000099999999996 
0.00000000099999999994 0.99999999800000005656 0.00000000099999999994 
0.00000000100000000000 0.03079913524003295017 0.96920086375996716832 
0.15165359812177656162 0.00000000099999999997 0.84834640087822354992 
0.03942042623216090308 0.10401691252325738490 0.85656266124458180222 
0.00000000099999999997 0.00000000099999999997 0.99999999800000005656 
0.08460732354755069740 0.00000000099999999998 0.91539267545244940028 
0.99999999800000005656 0.00000000099999999999 0.00000000099999999999 
0.06117110220432994683 0.00000000099999999999 0.93882889679567016472 
0.00000000099999999998 0.00000000099999999998 0.99999999799999994554 
0.99999999800000005656 0.00000000099999999994 0.00000000099999999994 
0.00000000099999999998 0.00000000099999999998 0.99999999800000005656 
0.00000000099999999997 0.00000000099999999997 0.99999999799999994554 
0.00000000099999999995 0.99999999800000005656 0.00000000099999999995 
0.00000000099999999989 0.99999999800000005656 0.00000000099999999989 
0.26376791550036948752 0.02088790069695728793 0.71534418380267328352 
0.99999999799999994554 0.00000000099999999994 0.00000000099999999994 
0.17738012067543393324 0.00000000099999999998 0.82261987832456606728 
0.16271916540440861665 0.00000000099999999999 0.83728083359559146714 
0.49977559116103553727 0.00000000099999999999 0.50022440783896449101 
0.54365605931403171436 0.38124131820562817685 0.07510262248034024757 
0.99489693769894826936 0.00000000100000000000 0.00510306130105180663 
0.99999991371430818621 0.00000008528569174770 0.00000000099999999999 
0.00000000099999999999 0.03709131811804251833 0.96290868088195746832 
0.62609874220932015820 0.29727075426466387231 0.07663050352601601112 
0.82044901770209066605 0.00000000099999999998 0.17955098129790938999 
0.99999999799999994554 0.00000000099999999995 0.00000000099999999995 
0.99999999800000005656 0.00000000100000000000 0.00000000100000000000 
0.95509125539428529894 0.04490874360571452117 0.00000000099999999998 
0.00000000099999999999 0.00000000099999999999 0.99999999800000005656 
0.95923094511067275025 0.04076905388932727109 0.00000000099999999995 
0.99999999800000005656 0.00000000099999999998 0.00000000099999999998 
0.03168053093628860756 0.00000000099999999999 0.96831946806371138603 
0.26987702951714370725 0.00000000099999999998 0.73012296948285637654 
0.23691960900113182009 0.09532223273455117663 0.66775815826431694777 
0.06833392787043378325 0.00000000100000000000 0.93166607112956634218 
0.65955905972129036385 0.21574780904158699646 0.12469313123712270908 
0.82735092190447445670 0.17264907709552554382 0.00000000099999999998 
0.09327592452983998750 0.00000000100000000000 0.90672407447016001303 
0.84327804504339276548 0.15672195395660726280 0.00000000099999999999 
0.78277713697447881547 0.21722286202552121281 0.00000000099999999998 
0.97151431013287137262 0.00000000099999999998 0.02848568886712868342 
0.89845994336139711756 0.01429559276005595153 0.08724446387854688234 
0.73296570509023772910 0.26703429390976224367 0.00000000099999999998 
0.00000000099999999999 0.01582194961820344511 0.98417804938179653806 
0.08927881673409622520 0.00000000099999999999 0.91072118226590381695 
0.99999999799999994554 0.00000000099999999996 0.00000000099999999996 
0.02859128567507245033 0.00000000099999999998 0.97140871332492761958 
0.00000000099999999993 0.99999999800000005656 0.00000000099999999993 
0.99999999800000005656 0.00000000099999999996 0.00000000099999999996 
0.00000000100000000000 0.92170732972999414034 0.07829266927000601284 
0.99999999799999994554 0.00000000099999999996 0.00000000099999999996 
0.00000000099999999995 0.00000000099999999995 0.99999999800000005656 
0.19498200836783383116 0.80501799063216605834 0.00000000099999999999 
0.18347454131395563026 0.81652545768604434251 0.00000000099999999998 
0.86983029125689492744 0.07019545920632945524 0.05997424953677570753 
0.00000000099999999997 0.99999999800000005656 0.00000000099999999997 
0.99999999800000005656 0.00000000099999999997 0.00000000099999999997 
0.00000000099999999999 0.00000000099999999999 0.99999999799999994554 
0.00000000099999999998 0.99999999800000005656 0.00000000099999999998 
0.88567609316791240381 0.11432390583208759671 0.00000000100000000000 
0.00000000099999999999 0.22290616465078752495 0.77709383434921242007 
0.00000000099999999998 0.99999999800000005656 0.00000000099999999998 
0.58310283268058593631 0.41689716631941398095 0.00000000099999999999 
0.00000000099999999997 0.99999999800000005656 0.00000000099999999997 
0.00000000099999999997 0.99999999799999994554 0.00000000099999999997 
0.00000000099999999999 0.13276057761446943828 0.86723942138553045123 
0.03935962564915799350 0.00000000099999999999 0.96064037335084195846 
0.00000000099999999999 0.99996865275374313686 0.00003134624625696388 
0.68125676591348671707 0.31874323308651331121 0.00000000099999999999 
0.96948132829856048520 0.03051867070143953614 0.00000000099999999999 
0.24242755880975414007 0.00000000099999999999 0.75757244019024583270 
0.61740000243197601382 0.15531455580348599299 0.22728544176453802095 
0.96341711660401296857 0.03658288239598703889 0.00000000099999999998 
0.79641930660177118195 0.20358069239822867980 0.00000000099999999998 
0.83853962516465108123 0.13416041006642490108 0.02729996476892408361 
0.79917976782058142149 0.20082023117941866230 0.00000000099999999998 
0.99999755313504068432 0.00000244586495925125 0.00000000099999999999 
0.23219746465048229922 0.00000000099999999999 0.76780253434951772906 
0.78026841782707390127 0.00000000099999999999 0.21973158117292607150 
0.00000000099999999997 0.99999999800000005656 0.00000000099999999997 
0.23403415536208727055 0.00000000100000000000 0.76596584363791275774 
0.17055300096137002153 0.00000000099999999998 0.82944699803862997900 
0.00000053176313566062 0.99999946723686428118 0.00000000099999999999 
0.00000000099999999998 0.99999999799999994554 0.00000000099999999998 
0.33374902914406390231 0.00000000100000000000 0.66625096985593601495 
0.99999999799999994554 0.00000000099999999997 0.00000000099999999997 
0.82095662648170319997 0.00000002633724016212 0.17904334718105660573 
0.00000000099999999999 0.20569515014009781551 0.79430484885990226829 
0.86673877640524421562 0.13326122259475584042 0.00000000099999999999 
0.20463408396720983440 0.00000000099999999997 0.79536591503279019388 
0.70613977492917034962 0.04565291755540585444 0.24820730751542385839 
0.99999999799999994554 0.00000000099999999999 0.00000000099999999999 
0.10176636451937746963 0.89823363448062254477 0.00000000099999999998 
0.99999999799999994554 0.00000000099999999996 0.00000000099999999996 
0.86079553714372647466 0.13920446185627352587 0.00000000099999999999 
0.52533116768213705683 0.19220311020307540018 0.28246572211478765402 
0.00000000099999999997 0.99999999800000005656 0.00000000099999999997 
0.51634783279413820622 0.30968128130958955113 0.17397088589627218713 
0.93474805999956156466 0.00000000100000000000 0.06525193900043851913 
0.76419835442416517157 0.00000000099999999999 0.23580164457583488447 
0.92739671524308753270 0.07260328375691230129 0.00000000099999999999 
0.99999999799999994554 0.00000000099999999997 0.00000000099999999997 
0.00000000099999999997 0.99999999799999994554 0.00000000099999999997 
0.04844317102050077484 0.42626162554498941981 0.52529520343450986086 
0.99999341955016729511 0.00000657944983280595 0.00000000099999999999 
0.99999999799999994554 0.00000000099999999999 0.00000000099999999999 
0.08333005322653321001 0.00000000099999999999 0.91666994577346683215 
0.00000000099999999999 0.26204925468354939300 0.73795074431645057977 
0.00000000099999999997 0.00000000099999999997 0.99999999799999994554 
0.73394312269101757984 0.26605687630898250395 0.00000000099999999999 
0.00000000099999999996 0.99999999800000005656 0.00000000099999999996 
0.00000000099999999998 0.00000000099999999998 0.99999999800000005656 
0.00000000099999999997 0.99999999799999994554 0.00000000099999999997 
0.67321181667238561008 0.19944367225029208113 0.12734451107732233655 
0.08451491569289898420 0.00000321908703962727 0.91548186522006136379 
0.99999999800000005656 0.00000000099999999999 0.00000000099999999999 
0.55122149612726989432 0.44877850287272996743 0.00000000100000000000 
0.95914074847886954256 0.04085925052113043021 0.00000000099999999999 
0.40020026415736947856 0.00000033916334882749 0.59979939667928161562 
0.68176477793653023074 0.00000000100000000000 0.31823522106346974203 
0.00000000100000000000 0.34292998701431559594 0.65707001198568426581 
0.00000000099999999997 0.99999999800000005656 0.00000000099999999997 
0.00000000099999999998 0.99999999799999994554 0.00000000099999999998 
0.00000000099999999997 0.99999999799999994554 0.00000000099999999997 
0.00000000100000000000 0.99999999799999994554 0.00000000100000000000 
0.00000538595369015685 0.22537401180202129569 0.77462060224428852528 
0.80374703085626197918 0.00000000100000000000 0.19625296814373807686 
0.08776380949481588090 0.73272986760122982286 0.17950632290395426849 
0.99999999799999994554 0.00000000099999999999 0.00000000099999999999 
0.00000000099999999998 0.99999999800000005656 0.00000000099999999998 
0.00000000099999999998 0.99999999799999994554 0.00000000099999999998 
0.00061634642569583398 0.00000000099999999999 0.99938365257430417099 
0.00000000099999999998 0.99999999800000005656 0.00000000099999999998 
0.00000000099999999999 0.00000000099999999999 0.99999999800000005656 
0.00000472861181114391 0.99999527038818869507 0.00000000099999999999 
0.00000000099999999998 0.00000000099999999998 0.99999999799999994554 
0.00000000099999999998 0.99999999800000005656 0.00000000099999999998 
0.00000051918124478333 0.00003569909534292914 0.99996378172341227053 
0.42054815589229127548 0.22623865464645498413 0.35321318946125374039 
0.29049768418441762607 0.70950231481558245772 0.00000000099999999999 
0.00000000099999999999 0.99999999799999994554 0.00000000099999999999 
0.00000000099999999997 0.99999999800000005656 0.00000000099999999997 
0.97173541294753684738 0.02826458605246320172 0.00000000100000000000 
0.00000000099999999998 0.99999999799999994554 0.00000000099999999998 
0.00000000099999999999 0.99999999799999994554 0.00000000099999999999 
0.00000000099999999999 0.99999999799999994554 0.00000000099999999999 
0.00000000099999999999 0.96873629054576981812 0.03126370845423014772 
0.00000000099999999999 0.00000000099999999999 0.99999999799999994554 
0.03041660247092114674 0.00000000100000000000 0.96958339652907887807 
0.68613737362959492661 0.31385218788409602331 0.00001043848630897592 
