0.00000000099999999973 0.99999999700000008485 0.00000000099999999973 0.00000000099999999973 
0.99999999700000008485 0.00000000099999999980 0.00000000099999999980 0.00000000099999999980 
0.99999999700000008485 0.00000000099999999978 0.00000000099999999978 0.00000000099999999978 
0.99999999699999997382 0.00000000099999999973 0.00000000099999999973 0.00000000099999999973 
0.99999999699999997382 0.00000000099999999983 0.00000000099999999983 0.00000000099999999983 
0.00000000099999999992 0.00000000099999999992 0.47737719913847365127 0.52262279886152629427 
0.00000000099999999994 0.00000000099999999994 0.97298823337957407453 0.02701176462042585366 
0.87117696318491510965 0.03908126078788615870 0.00000000099999999995 0.08974177502719878075 
0.99999999700000008485 0.00000000099999999988 0.00000000099999999988 0.00000000099999999988 
0.00000000099999999974 0.00000000099999999974 0.00000000099999999974 0.99999999700000008485 
0.99999999700000008485 0.00000000099999999975 0.00000000099999999975 0.00000000099999999975 
0.99999999700000008485 0.00000000099999999980 0.00000000099999999980 0.00000000099999999980 
0.99999999699999997382 0.00000000099999999977 0.00000000099999999977 0.00000000099999999977 
0.00000000099999999999 0.00000000099999999999 0.52964873814690438536 0.47035125985309539365 
0.99999999699999997382 0.00000000099999999989 0.00000000099999999989 0.00000000099999999989 
0.00000000099999999990 0.00000000099999999990 0.90285052073007365792 0.09714947726992620436 
0.99999999699999997382 0.00000000099999999989 0.00000000099999999989 0.00000000099999999989 
0.99999999700000008485 0.00000000099999999974 0.00000000099999999974 0.00000000099999999974 
0.00000000099999999994 0.00000000099999999994 0.96754229151455262148 0.03245770648544725467 
0.99999999699999997382 0.00000000099999999980 0.00000000099999999980 0.00000000099999999980 
0.99999999700000008485 0.00000000099999999982 0.00000000099999999982 0.00000000099999999982 
0.99999999700000008485 0.00000000099999999986 0.00000000099999999986 0.00000000099999999986 
0.00000000099999999993 0.00000000099999999993 0.75898823709538243421 0.24101176090461737256 
0.00000000099999999995 0.00000000099999999995 0.99984622062956729494 0.00015377737043268885 
0.92083745701611618983 0.07916254098388378346 0.00000000099999999995 0.00000000099999999995 
0.00000000099999999988 0.00000000099999999988 0.00000000099999999988 0.99999999699999997382 
0.99999999699999997382 0.00000000099999999982 0.00000000099999999982 0.00000000099999999982 
0.00000000099999999993 0.00000000099999999993 0.84897468823031563279 0.15102530976968442378 
0.99999999699999997382 0.00000000099999999990 0.00000000099999999990 0.00000000099999999990 
0.99999999700000008485 0.00000000099999999978 0.00000000099999999978 0.00000000099999999978 
0.00000000099999999989 0.99999999700000008485 0.00000000099999999989 0.00000000099999999989 
0.00000000099999999994 0.00000000099999999994 0.00000000099999999994 0.99999999699999997382 
0.10759531412215876667 0.00000000099999999999 0.68011396836664628207 0.21229071651119507669 
0.00000000099999999986 0.00000000099999999986 0.00000000099999999986 0.99999999700000008485 
0.02548155585648313043 0.00000000099999999998 0.93636828525463045025 0.03815015788888648229 
0.00000000099999999984 0.00000000099999999984 0.00000000099999999984 0.99999999699999997382 
0.08278350279041203630 0.00000161327438970263 0.30842076405777596460 0.60879411987742237944 
0.99999999699999997382 0.00000000099999999994 0.00000000099999999994 0.00000000099999999994 
0.00000000099999999999 0.07621152819824868196 0.82600525597078311435 0.09778321483096819033 
0.90868727443191144033 0.00000000099999999996 0.00000000099999999996 0.09131272356808854684 
0.99999999699999997382 0.00000000099999999985 0.00000000099999999985 0.00000000099999999985 
0.99999999699999997382 0.00000000099999999985 0.00000000099999999985 0.00000000099999999985 
0.95813144253407389606 0.01351886322394802234 0.02834969324197811683 0.00000000100000000000 
0.14888258233201107084 0.00000000099999999999 0.11044398894454671156 0.74067342772344224588 
0.00000000099999999999 0.04269305139292656204 0.21710699113819068029 0.74019995646888281371 
0.99999999700000008485 0.00000000099999999994 0.00000000099999999994 0.00000000099999999994 
0.00000000099999999997 0.07731594555973124450 0.92268405244026863166 0.00000000099999999997 
0.00000000099999999995 0.00000000099999999995 0.24816352044992071035 0.75183647755007931845 
0.00000000099999999998 0.04850490357237332434 0.95149509442762669753 0.00000000099999999998 
0.00000000099999999998 0.00000000099999999998 0.59045418833241458678 0.40954580966758524774 
0.99999999700000008485 0.00000000099999999989 0.00000000099999999989 0.00000000099999999989 
0.99999999699999997382 0.00000000099999999991 0.00000000099999999991 0.00000000099999999991 
0.00000000099999999992 0.00000000099999999992 0.00000000099999999992 0.99999999700000008485 
0.00000000099999999993 0.99999999699999997382 0.00000000099999999993 0.00000000099999999993 
0.00000000099999999993 0.00000000099999999993 0.99999999699999997382 0.00000000099999999993 
0.00000000099999999992 0.99999999699999997382 0.00000000099999999992 0.00000000099999999992 
0.00000000099999999988 0.00000000099999999988 0.00000000099999999988 0.99999999699999997382 
0.06000186309936742651 0.00000000099999999999 0.45935313794924131914 0.48064499795139126181 
0.99997946067465293130 0.00002053732534698252 0.00000000099999999993 0.00000000099999999993 
0.00000000099999999997 0.00000000099999999997 0.09531788101868593488 0.90468211698131406617 
0.00000000099999999984 0.00000000099999999984 0.00000000099999999984 0.99999999700000008485 
0.99999999700000008485 0.00000000099999999988 0.00000000099999999988 0.00000000099999999988 
0.00000000099999999999 0.04673376929123216478 0.52597318341064647207 0.42729304629812142613 
0.00000000099999999996 0.00000000099999999996 0.81388815508797862641 0.18611184291202120811 
0.00000000099999999994 0.10605603772443598920 0.00000000099999999994 0.89394396027556410900 
0.99999999699999997382 0.00000000099999999993 0.00000000099999999993 0.00000000099999999993 
0.00000000099999999995 0.89231970344446298604 0.00000000099999999995 0.10768029455553702889 
0.00000000099999999988 0.99999999700000008485 0.00000000099999999988 0.00000000099999999988 
0.00000000099999999991 0.00000000099999999991 0.00000000099999999991 0.99999999699999997382 
0.00000000099999999993 0.00000000099999999993 0.00000000099999999993 0.99999999700000008485 
0.99999999699999997382 0.00000000099999999992 0.00000000099999999992 0.00000000099999999992 
0.87586604685093916167 0.12413395114906083938 0.00000000099999999997 0.00000000099999999997 
0.94601956140268839146 0.00000000099999999995 0.05398043659731169980 0.00000000099999999995 
0.00000000099999999994 0.04247851826480680826 0.00000000099999999994 0.95752147973519330382 
0.00000000099999999997 0.00000000099999999997 0.23899427976383427752 0.76100571823616569578 
0.00000000099999999985 0.00000000099999999985 0.00000000099999999985 0.99999999699999997382 
0.94353504404218069279 0.00682489345015427091 0.00000000099999999999 0.04964006150766499953 
0.00000000099999999986 0.99999999700000008485 0.00000000099999999986 0.00000000099999999986 
0.00000000099999999986 0.00000000099999999986 0.00000000099999999986 0.99999999699999997382 
0.99999999700000008485 0.00000000099999999994 0.00000000099999999994 0.00000000099999999994 
0.00000000099999999990 0.99999999699999997382 0.00000000099999999990 0.00000000099999999990 
0.00000000099999999996 0.00000000099999999996 0.99999999699999986280 0.00000000099999999996 
0.07464763409355795742 0.00000000099999999998 0.72502568326493388451 0.20032668164150815859 
0.00000000099999999994 0.00000000099999999994 0.00000000099999999994 0.99999999699999997382 
0.00000000099999999996 0.00000000099999999996 0.19637149607439410848 0.80362850192560597584 
0.00000000099999999996 0.00000000099999999996 0.99999999699999997382 0.00000000099999999996 
0.80734094791259425339 0.00000000099999999995 0.00000000099999999995 0.19265905008740574766 
0.00000000099999999997 0.00000000099999999997 0.99999999699999997382 0.00000000099999999997 
0.00000000099999999990 0.00000000099999999990 0.00000000099999999990 0.99999999699999997382 
0.99999999699999997382 0.00000000099999999990 0.00000000099999999990 0.00000000099999999990 
0.00000000099999999997 0.00000000099999999997 0.77415789904506404628 0.22584209895493589926 
0.00000000099999999997 0.00000000099999999997 0.74764351071264778525 0.25235648728735227131 
0.00000000099999999991 0.99999999699999997382 0.00000000099999999991 0.00000000099999999991 
0.00000000099999999984 0.99999999699999997382 0.00000000099999999984 0.00000000099999999984 
0.12912205820131883449 0.09892603655096131321 0.77195190424771986670 0.00000000099999999999 
0.99999999700000008485 0.00000000099999999991 0.00000000099999999991 0.00000000099999999991 
0.15833030580246826302 0.00000000099999999998 0.59001859780456011872 0.25165109539297148000 
0.13348730431876715263 0.00000000099999999999 0.44154747417207829141 0.42496522050915458424 
0.40603030573911341738 0.01145507784686150381 0.58251461541402504984 0.00000000099999999999 
0.51545025979678815720 0.35174040974112458224 0.00000000099999999999 0.13280932946208739986 
0.82999875907831466293 0.00000000099999999997 0.00000000099999999997 0.17000123892168525486 
0.99999999699999997382 0.00000000099999999998 0.00000000099999999998 0.00000000099999999998 
0.00000000099999999998 0.04046968416081625497 0.64597034837815081598 0.31355996646103301284 
0.58712307226526505577 0.31803483627001222223 0.09484209046472268090 0.00000000099999999997 
0.81443399418523720890 0.00000000099999999998 0.11340763621916401249 0.07215836859559891792 
0.99999999700000008485 0.00000000099999999993 0.00000000099999999993 0.00000000099999999993 
0.83962784339702667413 0.00000000099999999997 0.00000000099999999997 0.16037215460297346570 
0.95162181492718944664 0.04837818307281049196 0.00000000099999999995 0.00000000099999999995 
0.00000000099999999998 0.00000000099999999998 0.30210728491047500466 0.69789271308952505191 
0.96434679373888076981 0.03565320426111931451 0.00000000099999999990 0.00000000099999999990 
0.97211840293907714194 0.00000000099999999998 0.02787483274607902711 0.00000676331484390774 
0.00000000099999999997 0.00000000099999999997 0.80797254650169691992 0.19202745149830305338 
0.16692069929013597651 0.00000000099999999999 0.72793871972570778350 0.10514057998415612949 
0.19645029928888207982 0.08273799773799052348 0.36083623022199179387 0.35997547275113572773 
0.04053258156750107200 0.00000000100000000000 0.60621399913886520050 0.35325341829363393620 
0.58356059428207873729 0.17838423090194169274 0.00000000099999999998 0.23805517381597965376 
0.82627210883628621207 0.17372788916371376122 0.00000000099999999996 0.00000000099999999996 
0.00000000100000000000 0.00000000433038354260 0.99977207991577188295 0.00022791475384452162 
0.85660384166259684324 0.14339615633740313005 0.00000000099999999998 0.00000000099999999998 
0.77479711201310985658 0.22520288598689017223 0.00000000099999999997 0.00000000099999999997 
0.97000379266825909053 0.00000000099999999997 0.00000000099999999997 0.02999620533174096257 
0.80241763038922131468 0.00000000099999999997 0.00000000099999999997 0.19758236761077885291 
0.71299689301512292339 0.28700310498487724420 0.00000000099999999997 0.00000000099999999997 
0.00000000099999999998 0.00000000099999999998 0.24929375065561470981 0.75070624734438529124 
0.00036283901999632973 0.00000000100000000000 0.78637929148667495838 0.21325786849332875605 
0.99999999699999997382 0.00000000099999999994 0.00000000099999999994 0.00000000099999999994 
0.00000000099999999993 0.00000000099999999993 0.99999999699999986280 0.00000000099999999993 
0.00000000099999999988 0.99999999699999997382 0.00000000099999999988 0.00000000099999999988 
0.99999999699999997382 0.00000000099999999994 0.00000000099999999994 0.00000000099999999994 
0.00000000099999999998 0.99999999699999997382 0.00000000099999999998 0.00000000099999999998 
0.99999999700000008485 0.00000000099999999993 0.00000000099999999993 0.00000000099999999993 
0.00000000099999999992 0.00000000099999999992 0.00000000099999999992 0.99999999700000008485 
0.21748257805400433851 0.78251741994599566254 0.00000000099999999999 0.00000000099999999999 
0.16099822159471896543 0.83900177640528106338 0.00000000099999999998 0.00000000099999999998 
0.80920262088126682087 0.04171974831540167794 0.00000000099999999998 0.14907762980333150171 
0.00000000099999999995 0.99999999700000008485 0.00000000099999999995 0.00000000099999999995 
0.99999999700000008485 0.00000000099999999994 0.00000000099999999994 0.00000000099999999994 
0.00000000099999999998 0.00000000099999999998 0.82560908188029458188 0.17439091611970528040 
0.00000000099999999995 0.99950004820025439844 0.00049994979974574898 0.00000000099999999995 
0.85073176656344595692 0.11196140084631843459 0.03730683159023546330 0.00000000099999999999 
0.00000000099999999995 0.00000284604334712076 0.00000000099999999995 0.99999715195665273004 
0.00000000099999999997 0.88528623991588806241 0.11471375808411204966 0.00000000099999999997 
0.54772843000664139801 0.39114662822113627216 0.00000000099999999997 0.06112494077222233729 
0.00000000099999999995 0.99999999700000008485 0.00000000099999999995 0.00000000099999999995 
0.00000000099999999994 0.99999999700000008485 0.00000000099999999994 0.00000000099999999994 
0.00000000099999999997 0.12174824611637750926 0.87825175188362236689 0.00000000099999999997 
0.05626743264835600694 0.00000000099999999999 0.30553880539385802617 0.63819376095778590496 
0.00000000099999999998 0.84313354973791576619 0.00000000099999999998 0.15686644826208429038 
0.66549571306463672915 0.33450428493536332741 0.00000000099999999998 0.00000000099999999998 
0.85932120804303191441 0.06679658814552560941 0.00000000099999999999 0.07388220281144258772 
0.00000992089214289637 0.00000000099999999997 0.99999007710785703384 0.00000000099999999997 
0.65070646206461046912 0.08202230155391571076 0.00000000100000000000 0.26727123538147384840 
0.95539363155322554189 0.04460636644677440366 0.00000000099999999997 0.00000000099999999997 
0.82619873777456576125 0.17380126022543421205 0.00000000099999999996 0.00000000099999999996 
0.84734851487397611081 0.12116758628856168223 0.03148389783746217280 0.00000000099999999999 
0.83120720460353636483 0.16879279339646363622 0.00000000099999999996 0.00000000099999999996 
0.92481391358429754224 0.00000000099999999997 0.00000000099999999997 0.07518608441570258372 
0.00000000099999999998 0.00000000099999999998 0.99999999699999997382 0.00000000099999999998 
0.70377115614484297978 0.00000000099999999999 0.27063537191797792936 0.02559347093717927527 
0.00000000099999999995 0.99999999700000008485 0.00000000099999999995 0.00000000099999999995 
0.22211069893539800435 0.00000000100000000000 0.33874518914000933956 0.43914411092459260111 
0.00000000099999999997 0.00000000099999999997 0.94160601185806991342 0.05839398614193003212 
0.00000000099999999997 0.99999999700000008485 0.00000000099999999997 0.00000000099999999997 
0.00000000099999999996 0.99999999700000008485 0.00000000099999999996 0.00000000099999999996 
0.22086454477556768938 0.00000000208755505434 0.52080481299348491131 0.25833064014339235381 
0.99999999699999997382 0.00000000099999999994 0.00000000099999999994 0.00000000099999999994 
0.50921154837621707134 0.00000000099999999998 0.00000000099999999998 0.49078844962378309624 
0.00000000099999999999 0.14860024166867910611 0.22846411764872021077 0.62293563968260057262 
0.86696012507967890048 0.11928700686458930391 0.00000000099999999999 0.01375286705573196266 
0.15566570684875150055 0.00000000099999999997 0.50938740022515183181 0.33494689192609644612 
0.58159730398091880055 0.00000000099999999999 0.00000000099999999999 0.41840269401908114499 
0.93960386607031320949 0.00000000099999999998 0.06039613192968673605 0.00000000099999999998 
0.09030386503640107365 0.90969613296359896903 0.00000000099999999995 0.00000000099999999995 
0.99999999699999997382 0.00000000099999999995 0.00000000099999999995 0.00000000099999999995 
0.83574702321324012555 0.16425297478675998653 0.00000000099999999998 0.00000000099999999998 
0.55311542232458288382 0.15291086777810042330 0.15902147090669074836 0.13495223899062580575 
0.00000000099999999994 0.99999999700000008485 0.00000000099999999994 0.00000000099999999994 
0.39554887608819760958 0.19417444218338325568 0.00000000099999999999 0.41027668072841910751 
0.82915544755697090373 0.00000000099999999999 0.00000000099999999999 0.17084455044302912508 
0.66003891917263057820 0.00000000099999999997 0.00000000099999999997 0.33996107882736936734 
0.92451940567882306965 0.07548059232117686201 0.00000000099999999998 0.00000000099999999998 
0.99999999699999997382 0.00000000099999999995 0.00000000099999999995 0.00000000099999999995 
0.00000000099999999995 0.99999999700000008485 0.00000000099999999995 0.00000000099999999995 
0.00000000127624407008 0.43497268822295637181 0.49785401497886511146 0.06717329552193437858 
0.99996647930445525798 0.00003351869554480846 0.00000000099999999998 0.00000000099999999998 
0.91253646373533203739 0.00000000099999999999 0.00000000099999999999 0.08746353426466801917 
0.06910423448262770219 0.00000000099999999998 0.00000000099999999998 0.93089576351737235438 
0.00000000099999999999 0.30307405115736679724 0.11388938618902449962 0.58303656165360862040 
0.00000000099999999997 0.00000000099999999997 0.63497186248008830045 0.36502813551991175611 
0.63022887944664884863 0.16592411833785200570 0.00000000099999999998 0.20384700121549906293 
0.00000000099999999993 0.99999999700000008485 0.00000000099999999993 0.00000000099999999993 
0.00000000099999999998 0.00000000099999999998 0.53891788662772466267 0.46108211137227528287 
0.00000000099999999995 0.99999999699999997382 0.00000000099999999995 0.00000000099999999995 
0.45064781360566158463 0.00793853007076587673 0.00000000099999999998 0.54141365532357255130 
0.00000000099999999999 0.00000000099999999999 0.85109799251433848610 0.14890200548566140393 
0.99999999700000008485 0.00000000099999999998 0.00000000099999999998 0.00000000099999999998 
0.00000000099999999999 0.43979303533058899944 0.56020696266941083508 0.00000000099999999999 
0.96289176429160028281 0.03710823370839977375 0.00000000099999999997 0.00000000099999999997 
0.49763164697220513277 0.00000000100000000000 0.05905888102161176850 0.44330947100618306456 
0.13210398815957841157 0.00000000099999999998 0.86789600984042147847 0.00000000099999999998 
0.00000000100000000000 0.18125509651633073260 0.00001017794699851435 0.81873472453667073268 
0.00000000099999999996 0.99999999699999997382 0.00000000099999999996 0.00000000099999999996 
0.00000000099999999996 0.99999999700000008485 0.00000000099999999996 0.00000000099999999996 
0.00000000099999999996 0.99999999699999997382 0.00000000099999999996 0.00000000099999999996 
0.00000000099999999999 0.99999999699999997382 0.00000000099999999999 0.00000000099999999999 
0.17229268403387579256 0.00000000100000000000 0.73168776647094124765 0.09601954849518297419 
0.73481009784944328889 0.00000000099999999999 0.26518990015055660114 0.00000000099999999999 
0.00000000099999999999 0.70065040810297463114 0.29934958989702542542 0.00000000099999999999 
0.99999999699999997382 0.00000000099999999998 0.00000000099999999998 0.00000000099999999998 
0.00000000099999999997 0.99999999700000008485 0.00000000099999999997 0.00000000099999999997 
0.00000000099999999997 0.83554747094574433053 0.00000000099999999997 0.16445252705425564277 
0.00000000099999999998 0.00000000099999999998 0.99999999699999997382 0.00000000099999999998 
0.00000000099999999996 0.99999999700000008485 0.00000000099999999996 0.00000000099999999996 
0.00000000099999999999 0.00000000099999999999 0.78998767747253795246 0.21001232052746188206 
0.00000000099999999998 0.99999999699999997382 0.00000000099999999998 0.00000000099999999998 
0.00000000099999999998 0.00000000099999999998 0.26840283338187603812 0.73159716461812396293 
0.00000000099999999997 0.99999999700000008485 0.00000000099999999997 0.00000000099999999997 
0.00000027378347101467 0.00000000100000000000 0.39203297350466898008 0.60796675171185987629 
0.39114896992759368155 0.00001404455836077009 0.00000000100000000000 0.60883698451404544283 
0.19512421433988474950 0.80487577967715928651 0.00000000099999999999 0.00000000498295612284 
0.00000000099999999998 0.99999999699999997382 0.00000000099999999998 0.00000000099999999998 
0.00000000099999999995 0.99999999700000008485 0.00000000099999999995 0.00000000099999999995 
0.93857395824953149255 0.06018277957292895997 0.00000000100000000000 0.00124326117753951549 
0.00000000099999999996 0.99999999699999997382 0.00000000099999999996 0.00000000099999999996 
0.00000000099999999998 0.99999999699999997382 0.00000000099999999998 0.00000000099999999998 
0.00000000099999999999 0.99953574255446531183 0.00000000099999999999 0.00046425544553472734 
0.00000000099999999999 0.99519614691776903115 0.00000422508109830701 0.00479962700113264768 
0.06856827233252379972 0.00000000099999999999 0.92598897562578441622 0.00544275104169178632 
0.00000012337038099674 0.00000000099999999999 0.99999987462961892337 0.00000000099999999999 
0.65740829645866849518 0.31103398353221034522 0.00000000100000000000 0.03155771900912125727 
