0.00000000099999999982 0.00000000099999999982 0.99999999799999994554 
0.99999999799999994554 0.00000000099999999985 0.00000000099999999985 
0.99999999799999994554 0.00000000099999999984 0.00000000099999999984 
0.99999999799999994554 0.00000000099999999982 0.00000000099999999982 
0.99999999799999994554 0.00000000099999999989 0.00000000099999999989 
0.00000000099999999995 0.99999999799999994554 0.00000000099999999995 
0.12967346829856049584 0.87032653070143939367 0.00000000099999999995 
0.96146149364966360107 0.00000000099999999998 0.03853850535033631619 
0.99999999800000005656 0.00000000099999999993 0.00000000099999999993 
0.00000000099999999990 0.99999999800000005656 0.00000000099999999990 
0.99999999799999994554 0.00000000099999999985 0.00000000099999999985 
0.99999999800000005656 0.00000000099999999987 0.00000000099999999987 
0.99999999800000005656 0.00000000099999999986 0.00000000099999999986 
0.00791148303069153826 0.99208851596930847094 0.00000000099999999999 
0.99999999799999994554 0.00000000099999999993 0.00000000099999999993 
0.00000000099999999994 0.99999999800000005656 0.00000000099999999994 
0.99999999800000005656 0.00000000099999999993 0.00000000099999999993 
0.99999999799999994554 0.00000000099999999984 0.00000000099999999984 
0.06597882264483510839 0.93402117635516490601 0.00000000099999999995 
0.99999999799999994554 0.00000000099999999987 0.00000000099999999987 
0.99999999799999994554 0.00000000099999999989 0.00000000099999999989 
0.99999999800000005656 0.00000000099999999991 0.00000000099999999991 
0.00000000099999999995 0.99999999800000005656 0.00000000099999999995 
0.07041874396539905823 0.92958125503460098393 0.00000000099999999998 
0.92075939523674954490 0.00000000099999999997 0.07924060376325051114 
0.00000000099999999995 0.99999999800000005656 0.00000000099999999995 
0.99999999800000005656 0.00000000099999999990 0.00000000099999999990 
0.08081785308904078369 0.91918214591095914745 0.00000000099999999998 
0.99999999799999994554 0.00000000099999999994 0.00000000099999999994 
0.99999999800000005656 0.00000000099999999986 0.00000000099999999986 
0.07013434344672070386 0.00000000099999999995 0.92986565555327926891 
0.00000000099999999999 0.91984383542611891649 0.08015616357388118118 
0.18922619943006233068 0.81077379956993755883 0.00000000099999999999 
0.00000000099999999996 0.94833662186833489471 0.05166337713166504336 
0.12115889587064830601 0.87884110312935159737 0.00000000099999999996 
0.00000000099999999990 0.99999999800000005656 0.00000000099999999990 
0.09195477039604686709 0.89515405613530096840 0.01289117346865211768 
0.99999999800000005656 0.00000000099999999997 0.00000000099999999997 
0.04139929722049316002 0.94771434542538768309 0.01088635735411917251 
0.99999999800000005656 0.00000000099999999998 0.00000000099999999998 
0.99999999799999994554 0.00000000099999999991 0.00000000099999999991 
0.99999999799999994554 0.00000000099999999990 0.00000000099999999990 
0.96366853409405817121 0.01844547032729402028 0.01788599557864783973 
0.16474412147971120857 0.83182927898531444644 0.00342659953497415114 
0.00000000099999999998 0.96562505075096116691 0.03437494824903884749 
0.99999999800000005656 0.00000000099999999996 0.00000000099999999996 
0.00000000100000000000 0.89854438656275581465 0.10145561243724429690 
0.00000000099999999995 0.99999999800000005656 0.00000000099999999995 
0.06856883768499553999 0.88235344641780411035 0.04907771589720022476 
0.05183154059657858748 0.94816845840342134366 0.00000000099999999998 
0.99999999800000005656 0.00000000099999999993 0.00000000099999999993 
0.99999999799999994554 0.00000000099999999994 0.00000000099999999994 
0.00000000099999999999 0.92816272320697512654 0.07183727579302484623 
0.00000000099999999995 0.00000000099999999995 0.99999999800000005656 
0.04648669083650684014 0.95351330816349311181 0.00000000099999999998 
0.00000000099999999996 0.00000000099999999996 0.99999999799999994554 
0.00000000099999999997 0.98920559606169011779 0.01079440293830989661 
0.08255491660302793910 0.91744508239697197816 0.00000000099999999999 
0.99999999800000005656 0.00000000099999999996 0.00000000099999999996 
0.00000000099999999997 0.99999999799999994554 0.00000000099999999997 
0.00000000099999999994 0.99999999759482394168 0.00000000140517597664 
0.99999999800000005656 0.00000000099999999993 0.00000000099999999993 
0.00000000100000000000 0.91690861863762140871 0.08309138036237859182 
0.00000000099999999999 0.97109794455812215030 0.02890205444187791961 
0.04910107563303865025 0.79628900306065675263 0.15460992130630454855 
0.99999999799999994554 0.00000000099999999996 0.00000000099999999996 
0.00000000099999999997 0.00000000099999999997 0.99999999800000005656 
0.00000000099999999992 0.00000000099999999992 0.99999999799999994554 
0.00000000099999999997 0.98088059010823203110 0.01911940889176794167 
0.02140549522155568707 0.95088850574081884570 0.02770599903762550539 
0.99999999799999994554 0.00000000099999999995 0.00000000099999999995 
0.87747630528544584561 0.00000000099999999998 0.12252369371455418268 
0.99999999799999994554 0.00000000099999999998 0.00000000099999999998 
0.00000000099999999998 0.81066063923210485154 0.18933935976789509348 
0.00000000099999999997 0.99999999799999994554 0.00000000099999999997 
0.00000000099999999993 0.99999999800000005656 0.00000000099999999993 
0.97197538000452599061 0.00000000100000000000 0.02802461899547388502 
0.00000000099999999991 0.00000000099999999991 0.99999999800000005656 
0.00000000099999999993 0.99999999800000005656 0.00000000099999999993 
0.99999999800000005656 0.00000000099999999996 0.00000000099999999996 
0.00000000099999999994 0.00000000099999999994 0.99999999800000005656 
0.00000000100000000000 0.96934125936592074879 0.03065873963407914765 
0.15193967960692592034 0.84806031939307402467 0.00000000099999999997 
0.03873899566595393612 0.85007685493914153518 0.11118414939490443849 
0.00000000099999999998 0.99999999799999994554 0.00000000099999999998 
0.08529735182565853502 0.91470264717434157653 0.00000000099999999998 
0.99999999800000005656 0.00000000099999999999 0.00000000099999999999 
0.06183415451348465292 0.93816584448651541006 0.00000000099999999998 
0.00000000099999999998 0.99999999799999994554 0.00000000099999999998 
0.99999999800000005656 0.00000000099999999994 0.00000000099999999994 
0.00000000099999999998 0.99999999800000005656 0.00000000099999999998 
0.00000000099999999997 0.99999999800000005656 0.00000000099999999997 
0.00000000099999999995 0.00000000099999999995 0.99999999800000005656 
0.00000000099999999989 0.00000000099999999989 0.99999999799999994554 
0.26477160206853844748 0.71506856528561657527 0.02015983264584510562 
0.99999999799999994554 0.00000000099999999994 0.00000000099999999994 
0.17718627945312745431 0.82281371954687243520 0.00000000099999999998 
0.16337315173157299086 0.83662684726842695415 0.00000000099999999999 
0.50026243290385219442 0.49973756609614766733 0.00000000099999999999 
0.54648181997681322120 0.07330103393320402949 0.38021714608998274931 
0.99980999106963730494 0.00019000793036267070 0.00000000100000000000 
0.99999999799999994554 0.00000000099999999999 0.00000000099999999999 
0.00000000099999999999 0.95910865884334539633 0.04089134015665468053 
0.62495186743461772494 0.07644273916345917241 0.29860539340192299163 
0.82057820666224123851 0.17942179233775859548 0.00000000099999999998 
0.99999999799999994554 0.00000000099999999995 0.00000000099999999995 
0.99999999800000005656 0.00000000100000000000 0.00000000100000000000 
0.95615759477274842038 0.00000000099999999998 0.04384240422725159403 
0.00000000099999999999 0.99999999800000005656 0.00000000099999999999 
0.95997040086058271768 0.00000000099999999995 0.04002959813941733835 
0.99999999799999994554 0.00000000099999999998 0.00000000099999999998 
0.03227119166897904345 0.96772880733102084605 0.00000000099999999999 
0.27067453352127618382 0.72932546547872378895 0.00000000099999999998 
0.23820076852746432938 0.66716701523621557701 0.09463221623632003809 
0.06861918710560412082 0.93138081189439581031 0.00000000100000000000 
0.65787293920936051883 0.12470753422291296075 0.21741952656772658981 
0.82725351356116016976 0.00000000099999999998 0.17274648543883980301 
0.09344405233924975296 0.90655594666075012267 0.00000000100000000000 
0.85366431124156572086 0.00000000099999999999 0.14633568775843444620 
0.78141903306029469878 0.00000000099999999998 0.21858096593970527399 
0.97175387490627895826 0.02824612409372109084 0.00000000099999999998 
0.88935657832160053271 0.08027989573258703659 0.03036352594581246192 
0.73721073952011684227 0.00000000099999999998 0.26278925947988313050 
0.00000000099999999999 0.98261381725600627224 0.01738618174399373523 
0.09032280113580898329 0.90967719786419098948 0.00000000099999999999 
0.99999999799999994554 0.00000000099999999996 0.00000000099999999996 
0.02999437789202172994 0.97000562110797827753 0.00000000099999999998 
0.00000000099999999993 0.00000000099999999993 0.99999999800000005656 
0.99999999800000005656 0.00000000099999999996 0.00000000099999999996 
0.00000000100000000000 0.07358314692046542815 0.92641685207953450298 
0.99999999799999994554 0.00000000099999999996 0.00000000099999999996 
0.00000000099999999995 0.99999999799999994554 0.00000000099999999995 
0.19298988575582068372 0.00000000099999999999 0.80701011324417937232 
0.18151357003285589764 0.00000000099999999998 0.81848642896714418615 
0.86758441927274909666 0.05904602620942005914 0.07336955451783068460 
0.00000000099999999996 0.00000000099999999996 0.99999999799999994554 
0.99999999799999994554 0.00000000099999999997 0.00000000099999999997 
0.00000000099999999999 0.99999999799999994554 0.00000000099999999999 
0.00000000099999999998 0.00000000099999999998 0.99999999800000005656 
0.88402881640228048177 0.00000000100000000000 0.11597118259771947713 
0.00000000099999999999 0.77510816049326403121 0.22489183850673613585 
0.00000000099999999998 0.00000000099999999998 0.99999999799999994554 
0.57599099731893688148 0.00000000099999999999 0.42400900168106320232 
0.00000000099999999997 0.00000000099999999997 0.99999999799999994554 
0.00000000099999999997 0.00000000099999999997 0.99999999799999994554 
0.00000000099999999999 0.86468559674308775875 0.13531440225691235280 
0.03948329463899771796 0.96051670436100233808 0.00000000099999999999 
0.00000000099999999999 0.00000010137571519277 0.99999989762428476148 
0.67355974091425507844 0.00000000099999999999 0.32644025808574483882 
0.97183771655813200319 0.00000000099999999999 0.02816228244186796265 
0.24298784910266474357 0.75701214989733511818 0.00000000099999999999 
0.61441384450924219074 0.22617582186197213168 0.15941033362878570534 
0.97044760142293140515 0.00000000099999999998 0.02955239757706868906 
0.79347503804037067265 0.00000000099999999998 0.20652496095962927236 
0.79195656821737137054 0.00000000099999999999 0.20804343078262862998 
0.79221981402295704733 0.00000000099999999998 0.20778018497704281442 
0.99999999723970922627 0.00000000099999999999 0.00000000176029076569 
0.23310473032106915348 0.76689526867893076378 0.00000000099999999999 
0.78073167340335747344 0.21926832559664241606 0.00000000099999999999 
0.00000000099999999997 0.00000000099999999997 0.99999999800000005656 
0.23435406402649852642 0.76564593497350152962 0.00000000100000000000 
0.17221576355578321893 0.82778423544421664282 0.00000000099999999998 
0.00000000099999999999 0.00000000099999999999 0.99999999800000005656 
0.00000000099999999998 0.00000000099999999998 0.99999999799999994554 
0.33419825615362191984 0.66580174284637805293 0.00000000100000000000 
0.99999999799999994554 0.00000000099999999997 0.00000000099999999997 
0.81888247571293648619 0.18111752328706343107 0.00000000100000000000 
0.00000000099999999999 0.78443149237519638195 0.21556850662480361858 
0.86220544726046055573 0.00000000099999999999 0.13779455173953950031 
0.20647426786192482617 0.79352573113807511884 0.00000000099999999997 
0.70390340512956117713 0.24775456823290339936 0.04834202663753527779 
0.99999999800000005656 0.00000000099999999999 0.00000000099999999999 
0.10099416032739241822 0.00000000099999999998 0.89900583867260763782 
0.99999999800000005656 0.00000000099999999996 0.00000000099999999996 
0.86795977342502528273 0.00000000099999999999 0.13204022557497466228 
0.52227687610394490925 0.28117758237383810860 0.19654554152221689889 
0.00000000099999999997 0.00000000099999999997 0.99999999799999994554 
0.51741240265800880760 0.17384084490241613619 0.30874675243957505621 
0.93279793658999443640 0.06720206241000545311 0.00000000100000000000 
0.76368288330463118818 0.23631711569536867357 0.00000000099999999999 
0.92972995057941687502 0.00000000099999999999 0.07027004842058312550 
0.99999999799999994554 0.00000000099999999997 0.00000000099999999997 
0.00000000099999999997 0.00000000099999999997 0.99999999799999994554 
0.05390870222491827429 0.52064909897635858194 0.42544219879872308132 
0.99999999800000005656 0.00000000099999999999 0.00000000099999999999 
0.99999999800000005656 0.00000000099999999999 0.00000000099999999999 
0.08329629455464243604 0.91670370444535764776 0.00000000099999999999 
0.00000000099999999999 0.74024437598744341482 0.25975562301255672448 
0.00000000099999999997 0.99999999800000005656 0.00000000099999999997 
0.72184726509614483003 0.00000000099999999999 0.27815273390385519825 
0.00000000099999999996 0.00000000099999999996 0.99999999799999994554 
0.00000000099999999998 0.99999999800000005656 0.00000000099999999998 
0.00000000099999999997 0.00000000099999999997 0.99999999800000005656 
0.66771622112178175001 0.12621779921686204773 0.20606597966135617450 
0.08594872797307036294 0.91405126016967930269 0.00000001185725041022 
0.99999999799999994554 0.00000000099999999999 0.00000000099999999999 
0.55104931425389680477 0.00000000100000000000 0.44895068474610333453 
0.95911824867128769867 0.00000000099999999999 0.04088175032871233655 
0.40078882294919632168 0.59921117605080354007 0.00000000100000000000 
0.68278134171264937002 0.31721865728735060275 0.00000000100000000000 
0.00000000100000000000 0.65183782823001434892 0.34816217076998567936 
0.00000000099999999997 0.00000000099999999997 0.99999999800000005656 
0.00000000099999999998 0.00000000099999999998 0.99999999800000005656 
0.00000000099999999997 0.00000000099999999997 0.99999999799999994554 
0.00000000100000000000 0.00000000100000000000 0.99999999800000005656 
0.00000309341366476132 0.77408841763727809226 0.22590848894905715682 
0.80403909707077381164 0.19596090192922607787 0.00000000100000000000 
0.13133124248212119101 0.17961103397310013152 0.68905772354477867747 
0.99999999800000005656 0.00000000099999999999 0.00000000099999999999 
0.00000000099999999998 0.00000000099999999998 0.99999999800000005656 
0.00000000099999999998 0.00000000099999999998 0.99999999799999994554 
0.02723590305073566448 0.97276409594926427360 0.00000000099999999999 
0.00000000099999999998 0.00000000099999999998 0.99999999800000005656 
0.00000000099999999999 0.99999999799999994554 0.00000000099999999999 
0.00000000099999999999 0.00000000099999999999 0.99999999799999994554 
0.00000000099999999998 0.99999999799999994554 0.00000000099999999998 
0.00000000099999999998 0.00000000099999999998 0.99999999799999994554 
0.00000000100000000000 0.99999992050165076307 0.00000007849834937566 
0.41341960542602829154 0.34922972437125782141 0.23735067020271380378 
0.28629992833064304980 0.00000000099999999999 0.71370007066935703399 
0.00000000099999999999 0.00000000099999999999 0.99999999799999994554 
0.00000000099999999997 0.00000000099999999997 0.99999999799999994554 
0.96879374001313733888 0.00000000100000000000 0.03120625898686276919 
0.00000000099999999998 0.00000000099999999998 0.99999999800000005656 
0.00000000099999999999 0.00000000099999999999 0.99999999799999994554 
0.00000000099999999999 0.00000000099999999999 0.99999999800000005656 
0.00000000099999999999 0.02043457205934302162 0.97956542694065695809 
0.00000000099999999999 0.99999999799999994554 0.00000000099999999999 
0.03177401071862596266 0.96822598828137407256 0.00000000100000000000 
0.68417821839003800655 0.00000000353503822520 0.31582177807492378685 
