0.00000000099999999917 0.00000000099999999917 0.00000000099999999917 0.00000000099999999917 0.00000000099999999917 0.99999999100000003249 0.00000000099999999917 0.00000000099999999917 0.00000000099999999917 0.00000000099999999917 
0.00000000099999999943 0.00000000099999999943 0.00000000099999999943 0.00000000099999999943 0.37390537899958403711 0.00000000099999999943 0.00000000099999999943 0.62609461300041591159 0.00000000099999999943 0.00000000099999999943 
0.00000000099999999877 0.00000000099999999877 0.00000000099999999877 0.00000000099999999877 0.00000000099999999877 0.00000000099999999877 0.00000000099999999877 0.00000000099999999877 0.00000000099999999877 0.99999999099999992147 
0.00000000099999999937 0.00000000099999999937 0.00000000099999999937 0.00000000099999999937 0.44185615940360045695 0.00000000099999999937 0.00000000099999999937 0.52686927988900522646 0.00000000099999999937 0.03127455370739408436 
0.00000000099999999944 0.00000000099999999944 0.00000000099999999944 0.00000000099999999944 0.33923473268254206170 0.00000000099999999944 0.00000000099999999944 0.66076525931745788700 0.00000000099999999944 0.00000000099999999944 
0.71863280252139905002 0.17285700121418171027 0.10851018926441934054 0.00000000099999999962 0.00000000099999999962 0.00000000099999999962 0.00000000099999999962 0.00000000099999999962 0.00000000099999999962 0.00000000099999999962 
0.04806860556623766129 0.50151890303349100364 0.39719745642029352650 0.00000000099999999990 0.00000000099999999990 0.00000000099999999990 0.00875182617911797467 0.00000000099999999990 0.00000000099999999990 0.04446320380086001001 
0.00000000099999999948 0.00000000099999999948 0.00000000099999999948 0.00000000099999999948 0.21701428164211811200 0.00000000099999999948 0.00000000099999999948 0.00000000099999999948 0.78298571035788200323 0.00000000099999999948 
0.00000000099999999907 0.00000000099999999907 0.00000000099999999907 0.00000000099999999907 0.00000000099999999907 0.00000000099999999907 0.00000000099999999907 0.00000000099999999907 0.00000000099999999907 0.99999999099999992147 
0.99999999100000014352 0.00000000099999999920 0.00000000099999999920 0.00000000099999999920 0.00000000099999999920 0.00000000099999999920 0.00000000099999999920 0.00000000099999999920 0.00000000099999999920 0.00000000099999999920 
0.00000000099999999943 0.00000000099999999943 0.00000000099999999943 0.00000000099999999943 0.36406314646695697723 0.00000000099999999943 0.00000000099999999943 0.38072462162838971445 0.00000000099999999943 0.25521222490465322874 
0.00000000099999999950 0.00000000099999999950 0.00000000099999999950 0.00000000099999999950 0.50467975362430717023 0.00000000099999999950 0.00000000099999999950 0.49532023837569288949 0.00000000099999999950 0.00000000099999999950 
0.00000000099999999944 0.00000000099999999944 0.00000000099999999944 0.00000000099999999944 0.39585189746090115870 0.00000000099999999944 0.00000000099999999944 0.60414809453909879000 0.00000000099999999944 0.00000000099999999944 
0.00000000099999999927 0.00000000099999999927 0.00000000099999999927 0.00000000099999999927 0.00000000099999999927 0.00000000099999999927 0.99999999099999992147 0.00000000099999999927 0.00000000099999999927 0.00000000099999999927 
0.00000000099999999958 0.00000000099999999958 0.00000000099999999958 0.00000000099999999958 0.08400844006540336695 0.00000000099999999958 0.00000000099999999958 0.08669545272492218402 0.40575943008347231666 0.42353667112620224655 
0.00000000099999999945 0.99999999100000014352 0.00000000099999999945 0.00000000099999999945 0.00000000099999999945 0.00000000099999999945 0.00000000099999999945 0.00000000099999999945 0.00000000099999999945 0.00000000099999999945 
0.00000000099999999965 0.00000000099999999965 0.00000000099999999965 0.00000000099999999965 0.41100136618165211688 0.00000000099999999965 0.00000000099999999965 0.58899862581229622815 0.00000000100605157260 0.00000000099999999965 
0.00000000099999999938 0.00000000099999999938 0.00000000099999999938 0.00000000099999999938 0.35232279828826429391 0.00000000099999999938 0.00000000099999999938 0.59535214477597708793 0.00000000099999999938 0.05232504993575867042 
0.00000000099999999981 0.68213279579440111444 0.20746759782328780264 0.00000000099999999981 0.00000000099999999981 0.00000000099999999981 0.11039959938231132253 0.00000000099999999981 0.00000000099999999981 0.00000000099999999981 
0.00000000099999999950 0.00000000099999999950 0.00000000099999999950 0.00000000099999999950 0.34223120362612635681 0.00000000099999999950 0.00000000099999999950 0.48408519878646744106 0.17139328131419265255 0.00229031027321352975 
0.00000000099999999952 0.00000000099999999952 0.00000000099999999952 0.00000000099999999952 0.46619952512533202604 0.00000000099999999952 0.00000000099999999952 0.19734451352816459457 0.00000000099999999952 0.33645595434650349409 
0.00000000099999999933 0.00000000099999999933 0.00000000099999999933 0.00000000099999999933 0.00000000099999999933 0.00000000099999999933 0.00000000099999999933 0.00000000099999999933 0.00000000099999999933 0.99999999099999992147 
0.03729792111872275162 0.83303492201599349531 0.00000000099999999971 0.12966714986528393716 0.00000000099999999971 0.00000000099999999971 0.00000000099999999971 0.00000000099999999971 0.00000000099999999971 0.00000000099999999971 
0.20026994679955140155 0.31677444950301159032 0.48295559669743715059 0.00000000099999999983 0.00000000099999999983 0.00000000099999999983 0.00000000099999999983 0.00000000099999999983 0.00000000099999999983 0.00000000099999999983 
0.00000000099999999973 0.00000000099999999973 0.00000000099999999973 0.00000000099999999973 0.22024714279867249611 0.02445276326421276167 0.00000000099999999973 0.16450246395796411236 0.00000000099999999973 0.59079762397915069894 
0.00000000099999999892 0.00000000099999999892 0.00000000099999999892 0.00000000099999999892 0.00000000099999999892 0.00000000099999999892 0.99999999099999981045 0.00000000099999999892 0.00000000099999999892 0.00000000099999999892 
0.00000000099999999956 0.00000000099999999956 0.00000000099999999956 0.00000000099999999956 0.22320857538374566653 0.00000000099999999956 0.00000000099999999956 0.47115371402767114439 0.06038418763246324733 0.24525351695612004899 
0.00000000099999999977 0.77128999794739938611 0.16481106498590430975 0.06389893006669647435 0.00000000099999999977 0.00000000099999999977 0.00000000099999999977 0.00000000099999999977 0.00000000099999999977 0.00000000099999999977 
0.00000000099999999967 0.00000000099999999967 0.00000000099999999967 0.00000000099999999967 0.35711696714416607534 0.00000000099999999967 0.00000000099999999967 0.62516068083367026809 0.01772234502216348331 0.00000000099999999967 
0.00000000099999999952 0.00000000099999999952 0.00000000099999999952 0.00000000099999999952 0.32736612348220600621 0.00000000099999999952 0.00000000099999999952 0.67263386851779405351 0.00000000099999999952 0.00000000099999999952 
0.00000000099999999959 0.00000000099999999959 0.10616823024488752925 0.00000000099999999959 0.09458615228477540438 0.79924561047033726435 0.00000000099999999959 0.00000000099999999959 0.00000000099999999959 0.00000000099999999959 
0.99999999100000014352 0.00000000099999999933 0.00000000099999999933 0.00000000099999999933 0.00000000099999999933 0.00000000099999999933 0.00000000099999999933 0.00000000099999999933 0.00000000099999999933 0.00000000099999999933 
0.18807444254931618421 0.46648100667726505320 0.20899384785901470307 0.02945878510338141923 0.01145322452029209209 0.00000000099999999993 0.00000000099999999993 0.07366650848071079616 0.02187218181001974321 0.00000000099999999993 
0.00000000099999999931 0.00000000099999999931 0.00000000099999999931 0.99999999100000003249 0.00000000099999999931 0.00000000099999999931 0.00000000099999999931 0.00000000099999999931 0.00000000099999999931 0.00000000099999999931 
0.00000000099999999967 0.99999999100000025454 0.00000000099999999967 0.00000000099999999967 0.00000000099999999967 0.00000000099999999967 0.00000000099999999967 0.00000000099999999967 0.00000000099999999967 0.00000000099999999967 
0.00000000099999999900 0.00000000099999999900 0.00000000099999999900 0.00000000099999999900 0.00000000099999999900 0.00000000099999999900 0.99999999099999992147 0.00000000099999999900 0.00000000099999999900 0.00000000099999999900 
0.10040157983137992792 0.00000000184090031385 0.15398974004259027848 0.33610050550209502607 0.00000000099999999994 0.00000000099999999994 0.29897066447588527272 0.00000000099999999994 0.11053750430714923136 0.00000000099999999994 
0.00000000099999999976 0.00000000099999999976 0.00000000099999999976 0.00000000099999999976 0.76700247728238224454 0.00000000099999999976 0.00000000099999999976 0.00000000099999999976 0.23299751471761767641 0.00000000099999999976 
0.15482680459556680264 0.51200613605604383682 0.27529521036515630650 0.00000000099999999996 0.00000000099999999996 0.05787184298323337639 0.00000000099999999996 0.00000000099999999996 0.00000000099999999996 0.00000000099999999996 
0.00000000099999999984 0.00000000099999999984 0.00000000099999999984 0.00000000099999999984 0.11418141293854247587 0.00000000099999999984 0.00000000099999999984 0.00000000099999999984 0.36745156039878651422 0.51836701966267106911 
0.00000000099999999966 0.00000000099999999966 0.00000000099999999966 0.00000000099999999966 0.38638993826719647551 0.00000000099999999966 0.00000000099999999966 0.14443668763233705188 0.00082209895516281619 0.46835126914530372799 
0.00000000099999999963 0.00000000099999999963 0.00000000099999999963 0.00000000099999999963 0.53308274465004990006 0.00000000099999999963 0.00000000099999999963 0.39778814108426596707 0.00000000099999999963 0.06912910726568412267 
0.00000000099999999983 0.00000000099999999983 0.00000000100488152583 0.00000000099999999983 0.03754419043786875326 0.00000000099999999983 0.00000000099999999983 0.68825473171241413617 0.27420107084483558157 0.00000000099999999983 
0.00000000099999999988 0.00000000099999999988 0.01365934912835776831 0.51888426685310973241 0.00000000099999999988 0.00000000099999999988 0.28718943352689441095 0.00000000099999999988 0.00000000099999999988 0.18026694449163829792 
0.00000000099999999934 0.00000000099999999934 0.00000000099999999934 0.00000000099999999934 0.00000000099999999934 0.00000000099999999934 0.99999999100000003249 0.00000000099999999934 0.00000000099999999934 0.00000000099999999934 
0.00000000099999999979 0.00000000099999999979 0.00000000099999999979 0.00000000099999999979 0.06998807934942813391 0.00000000099999999979 0.00000000099999999979 0.37131173409247336670 0.00000000099999999979 0.55870017955809847532 
0.00000000099999999983 0.99999999100000014352 0.00000000099999999983 0.00000000099999999983 0.00000000099999999983 0.00000000099999999983 0.00000000099999999983 0.00000000099999999983 0.00000000099999999983 0.00000000099999999983 
0.99999999100000014352 0.00000000099999999963 0.00000000099999999963 0.00000000099999999963 0.00000000099999999963 0.00000000099999999963 0.00000000099999999963 0.00000000099999999963 0.00000000099999999963 0.00000000099999999963 
0.04365846329248083274 0.58261074432120629751 0.08925394658766454270 0.00000000099999999993 0.00000000099999999993 0.00000000099999999993 0.22017268563657660385 0.00000000099999999993 0.00000000099999999993 0.06430415516207184379 
0.00000000099999999947 0.00000000099999999947 0.14182385516649859136 0.00000000099999999947 0.00000000099999999947 0.00000000099999999947 0.85817613683350135734 0.00000000099999999947 0.00000000099999999947 0.00000000099999999947 
0.00000000099999999940 0.00000000099999999940 0.00000000099999999940 0.00000000099999999940 0.00000000099999999940 0.00000000099999999940 0.00000000099999999940 0.00000000099999999940 0.00000000099999999940 0.99999999099999992147 
0.00000000099999999972 0.00000000099999999972 0.00000000099999999972 0.00000000099999999972 0.42488450883710981998 0.00000000099999999972 0.00000000099999999972 0.39612730453821903831 0.17898817962467092335 0.00000000099999999972 
0.99999999100000025454 0.00000000099999999954 0.00000000099999999954 0.00000000099999999954 0.00000000099999999954 0.00000000099999999954 0.00000000099999999954 0.00000000099999999954 0.00000000099999999954 0.00000000099999999954 
0.00000000099999999979 0.00000000099999999979 0.00000000099999999979 0.00000000099999999979 0.00000000099999999979 0.99999999100000014352 0.00000000099999999979 0.00000000099999999979 0.00000000099999999979 0.00000000099999999979 
0.00000000099999999946 0.00000000099999999946 0.99999999100000003249 0.00000000099999999946 0.00000000099999999946 0.00000000099999999946 0.00000000099999999946 0.00000000099999999946 0.00000000099999999946 0.00000000099999999946 
0.00000000099999999980 0.00000000099999999980 0.00000000099999999980 0.00000000099999999980 0.00000000099999999980 0.99999999100000014352 0.00000000099999999980 0.00000000099999999980 0.00000000099999999980 0.00000000099999999980 
0.15366065902380424135 0.00000000099999999963 0.00000000099999999963 0.84633933297619601266 0.00000000099999999963 0.00000000099999999963 0.00000000099999999963 0.00000000099999999963 0.00000000099999999963 0.00000000099999999963 
0.00000000099999999932 0.00000000099999999932 0.00000000099999999932 0.00000000099999999932 0.00000000099999999932 0.00000000099999999932 0.99999999099999992147 0.00000000099999999932 0.00000000099999999932 0.00000000099999999932 
0.00000000099999999979 0.00000000099999999979 0.00000000099999999979 0.00000000099999999979 0.26954790415396678860 0.00000000099999999979 0.00000000099999999979 0.53778594620850994623 0.19266608647383581809 0.00000005716368742634 
0.00000000099999999950 0.00000000099999999950 0.00000000099999999950 0.99999999100000014352 0.00000000099999999950 0.00000000099999999950 0.00000000099999999950 0.00000000099999999950 0.00000000099999999950 0.00000000099999999950 
0.00000000099999999943 0.00000000099999999943 0.00000000099999999943 0.99999999100000003249 0.00000000099999999943 0.00000000099999999943 0.00000000099999999943 0.00000000099999999943 0.00000000099999999943 0.00000000099999999943 
0.00000000099999999972 0.00000000099999999972 0.00000000099999999972 0.00000000099999999972 0.42002383590570629979 0.00000000099999999972 0.00000000099999999972 0.52645813627765092324 0.02382342100799130641 0.02969460080865133494 
0.22167764088670124933 0.03669670241174716879 0.42344408395243909871 0.25893528126870196671 0.05924519742332238353 0.00000000099999999991 0.00000000099999999991 0.00000000099999999991 0.00000109005708828987 0.00000000099999999991 
0.00000000099999999979 0.82175132171168097095 0.00869596189100756492 0.14303722129020796094 0.02651548910710358614 0.00000000099999999979 0.00000000099999999979 0.00000000099999999979 0.00000000099999999979 0.00000000099999999979 
0.00000000099999999975 0.00000000099999999975 0.00000000099999999975 0.74409378263387926378 0.00000000099999999975 0.05740564825530009713 0.00000000099999999975 0.00000000099999999975 0.19850056211082062196 0.00000000099999999975 
0.00000000099999999981 0.00000000099999999981 0.00000000099999999981 0.00000000099999999981 0.55257550369650276778 0.00000000099999999981 0.00000000099999999981 0.27541754523159761581 0.14246070315752168423 0.02954624191437796310 
0.00015745487226319891 0.00000000099999999982 0.00000000099999999982 0.00000000099999999982 0.00000000099999999982 0.99984253712773685230 0.00000000099999999982 0.00000000099999999982 0.00000000099999999982 0.00000000099999999982 
0.00000000099999999960 0.00000000099999999960 0.00000000099999999960 0.00000000099999999960 0.00000000099999999960 0.99999999100000003249 0.00000000099999999960 0.00000000099999999960 0.00000000099999999960 0.00000000099999999960 
0.68284500477900123006 0.00000000099999999974 0.00000000099999999974 0.31715498722099899620 0.00000000099999999974 0.00000000099999999974 0.00000000099999999974 0.00000000099999999974 0.00000000099999999974 0.00000000099999999974 
0.16763812210524864366 0.00000000099999999980 0.00000000099999999980 0.68286866285271197174 0.00000000099999999980 0.00000000099999999980 0.14237176153065969619 0.00000000099999999980 0.00000000099999999980 0.00712144751137975748 
0.00000000099999999978 0.00000000099999999978 0.00000000099999999978 0.00000000099999999978 0.54923640417504382416 0.00000000099999999978 0.00000000099999999978 0.45076358782495623556 0.00000000099999999978 0.00000000099999999978 
0.00000000099999999988 0.00000000099999999988 0.00000000099999999988 0.00000000099999999988 0.19981301623979053073 0.06267421670959937019 0.00000000099999999988 0.18268091246201345612 0.03024595821859096118 0.52458589137000566360 
0.00000000099999999985 0.07917307274665566497 0.00000000099999999985 0.00000000099999999985 0.12791787083045563778 0.02420081335128634187 0.00000000099999999985 0.55496182206122601777 0.04836930980737331326 0.16537710720300299871 
0.26137685726085790883 0.00000000099999999981 0.00000000099999999981 0.73862312689928200093 0.00000000099999999981 0.00000000883986008972 0.00000000099999999981 0.00000000099999999981 0.00000000099999999981 0.00000000099999999981 
0.00000000099999999976 0.00000000099999999976 0.00000000099999999976 0.80789950859896730861 0.00000000099999999976 0.00000000099999999976 0.00000000099999999976 0.00000000099999999976 0.00000000099999999976 0.19210048340103294540 
0.00000000099999999944 0.00000000099999999944 0.00000000099999999944 0.99999999100000003249 0.00000000099999999944 0.00000000099999999944 0.00000000099999999944 0.00000000099999999944 0.00000000099999999944 0.00000000099999999944 
0.00000000099999999978 0.00000000099999999978 0.00000000099999999978 0.00000000099999999978 0.87297413223912800895 0.00000000099999999978 0.00000000099999999978 0.00000000099999999978 0.12702585976087210629 0.00000000099999999978 
0.00000000099999999958 0.00000000099999999958 0.00000000099999999958 0.00000000099999999958 0.00000000099999999958 0.99999999100000003249 0.00000000099999999958 0.00000000099999999958 0.00000000099999999958 0.00000000099999999958 
0.99999999100000014352 0.00000000099999999958 0.00000000099999999958 0.00000000099999999958 0.00000000099999999958 0.00000000099999999958 0.00000000099999999958 0.00000000099999999958 0.00000000099999999958 0.00000000099999999958 
0.00000000099999999984 0.00000000099999999984 0.00000000099999999984 0.00000000099999999984 0.53409196111108359073 0.00000000099999999984 0.00000000099999999984 0.46590579921898056526 0.00000223266993575539 0.00000000099999999984 
0.00000000099999999970 0.00000000099999999970 0.00000000099999999970 0.00000000099999999970 0.00000000099999999970 0.99999999100000003249 0.00000000099999999970 0.00000000099999999970 0.00000000099999999970 0.00000000099999999970 
0.00000000099999999976 0.90108389775170405489 0.09891609424829611585 0.00000000099999999976 0.00000000099999999976 0.00000000099999999976 0.00000000099999999976 0.00000000099999999976 0.00000000099999999976 0.00000000099999999976 
0.00000000712563290961 0.00000000099999999983 0.70328791519702371637 0.00000000099999999983 0.00000000099999999983 0.00000000099999999983 0.00000000099999999983 0.00000000099999999983 0.29671207067734339802 0.00000000099999999983 
0.30061141804988261717 0.00000000099999999979 0.00000000099999999979 0.37114219774410478481 0.00000000099999999979 0.00000000099999999979 0.05274460898878025050 0.00000000099999999979 0.27550176921723229517 0.00000000099999999979 
0.00000000099999999987 0.00000000099999999987 0.13704463547781367549 0.84511986738020994370 0.00000000099999999987 0.00000000099999999987 0.01783549014197639143 0.00000000099999999987 0.00000000099999999987 0.00000000099999999987 
0.14101456149844474042 0.00000000099999999989 0.85898543050155529155 0.00000000099999999989 0.00000000099999999989 0.00000000099999999989 0.00000000099999999989 0.00000000099999999989 0.00000000099999999989 0.00000000099999999989 
0.00000000099999999982 0.00000000099999999982 0.00000000099999999982 0.21719344459668057934 0.25011161178925822579 0.00000000099999999982 0.00000000099999999982 0.43056492712760524588 0.10213001048645582725 0.00000000099999999982 
0.00000000099999999983 0.00000000099999999983 0.87844683963823222417 0.00000000099999999983 0.12155315236176789107 0.00000000099999999983 0.00000000099999999983 0.00000000099999999983 0.00000000099999999983 0.00000000099999999983 
0.00000000099999999961 0.00000000099999999961 0.00000000099999999961 0.99999999100000003249 0.00000000099999999961 0.00000000099999999961 0.00000000099999999961 0.00000000099999999961 0.00000000099999999961 0.00000000099999999961 
0.00000000099999999976 0.00000000099999999976 0.00000000099999999976 0.00000000099999999976 0.30378242081444917222 0.00000000099999999976 0.00000000099999999976 0.69621757118555094301 0.00000000099999999976 0.00000000099999999976 
0.27235091997439753175 0.11305668586818487520 0.58376209874989082316 0.03083028940752688060 0.00000000099999999987 0.00000000099999999987 0.00000000099999999987 0.00000000099999999987 0.00000000099999999987 0.00000000099999999987 
0.31410977400662110082 0.25804070667543421713 0.23242417041560142765 0.00000000099999999992 0.00000000099999999992 0.00000000099999999992 0.15481218936119020557 0.00000000099999999992 0.00000000099999999992 0.04061315454115319717 
0.00000000099999999968 0.00000000099999999968 0.00000000099999999968 0.00000000099999999968 0.27822561061158640472 0.72177438138841365500 0.00000000099999999968 0.00000000099999999968 0.00000000099999999968 0.00000000099999999968 
0.00000000099999999950 0.00000000099999999950 0.00000000099999999950 0.00000000099999999950 0.00000000099999999950 0.99999999100000003249 0.00000000099999999950 0.00000000099999999950 0.00000000099999999950 0.00000000099999999950 
0.06569873617861121673 0.00000000099999999992 0.69881784221165788029 0.00000000099999999992 0.00000000099999999992 0.08304886054286099439 0.00000000099999999992 0.00000000099999999992 0.00000000099999999992 0.15243455506687006440 
0.00000000099999999970 0.00000000099999999970 0.00000000099999999970 0.00000000099999999970 0.87898881708359366538 0.00000000099999999970 0.00000000099999999970 0.00000000099999999970 0.00000000099999999970 0.12101117491640643598 
0.00000000099999999990 0.82469601675009740482 0.00000000099999999990 0.02511506670155253668 0.00000000099999999990 0.00000000099999999990 0.00000000099999999990 0.00000000099999999990 0.15018890954835018015 0.00000000099999999990 
0.05782319332292383540 0.00000000099999999989 0.41796812964368629251 0.22983099371613938122 0.22673833990118327786 0.00000000099999999989 0.06763933841606722952 0.00000000099999999989 0.00000000099999999989 0.00000000099999999989 
0.00000000099999999990 0.00000000099999999990 0.68067310997222052471 0.00000000099999999990 0.00000000099999999990 0.00000000099999999990 0.00000000099999999990 0.00000000099999999990 0.12341864205204761129 0.19590824097573186768 
0.10167609476444879057 0.00000000099999999988 0.00000000099999999988 0.00000000099999999988 0.00000000099999999988 0.26554160298700912879 0.00000000099999999988 0.00000000099999999988 0.63278206792642066603 0.00000022832212138014 
0.00000000099999999990 0.00000000099999999990 0.00000000099999999990 0.05693041637494024310 0.00000000099999999990 0.00000000099999999990 0.00000000099999999990 0.28947224995604364794 0.34783760122010387583 0.30575972644891230567 
0.00000000099999999994 0.00000000099999999994 0.00000000099999999994 0.00000000099999999994 0.19813173600645433980 0.00000000099999999994 0.00000000099999999994 0.44388604866444592023 0.00000000099999999994 0.35798220832909977140 
0.00000000099999999987 0.67581751992763761105 0.00000000099999999987 0.00000000099999999987 0.00000000099999999987 0.11939407284762877659 0.20478840022473371318 0.00000000099999999987 0.00000000099999999987 0.00000000099999999987 
0.00000000099999999988 0.11712184537494119141 0.00000000099999999988 0.00000000099999999988 0.29111140705545307528 0.14480884545346553449 0.00000000099999999988 0.16614869602077944610 0.28080920109536072760 0.00000000099999999988 
0.00000000099999999990 0.05012509531071373398 0.00000000099999999990 0.00000000099999999990 0.00000000099999999990 0.00000000099999999990 0.10380894551430172590 0.12711410444328244407 0.00000000099999999990 0.71895184873170203677 
0.00000000099999999969 0.00000000099999999969 0.00000000099999999969 0.00000000099999999969 0.00000000099999999969 0.00000000099999999969 0.00000000099999999969 0.61502304648645877982 0.25785859110238190661 0.12711835541115923398 
0.00000000099999999963 0.00000000099999999963 0.00000000099999999963 0.00000000099999999963 0.00000000099999999963 0.00000000099999999963 0.00000000099999999963 0.00000000099999999963 0.99999999100000003249 0.00000000099999999963 
0.00000000099999999985 0.00000000099999999985 0.00000000099999999985 0.00000000099999999985 0.68924619515461338359 0.00000000099999999985 0.00000000099999999985 0.31075379684538673164 0.00000000099999999985 0.00000000099999999985 
0.99999999100000025454 0.00000000099999999986 0.00000000099999999986 0.00000000099999999986 0.00000000099999999986 0.00000000099999999986 0.00000000099999999986 0.00000000099999999986 0.00000000099999999986 0.00000000099999999986 
0.00000000099999999975 0.00000000099999999975 0.00000000099999999975 0.00000000099999999975 0.46185969174075364174 0.00000000099999999975 0.00000000099999999975 0.38804185883656061584 0.00000000099999999975 0.15009844242268571834 
0.00000000099999999985 0.00000000099999999985 0.00000000099999999985 0.00000000099999999985 0.11770407640485348877 0.00000000099999999985 0.00000000099999999985 0.30037296785546846456 0.34198112872162134135 0.23994182101805675011 
0.00000000099999999993 0.00000000099999999993 0.84852945828388492977 0.15147053371611521322 0.00000000099999999993 0.00000000099999999993 0.00000000099999999993 0.00000000099999999993 0.00000000099999999993 0.00000000099999999993 
0.00000000099999999990 0.16045650569430638943 0.33858855372139551321 0.15899203911043119364 0.00000000099999999990 0.00000000099999999990 0.00000000099999999990 0.34196289547386699015 0.00000000099999999990 0.00000000099999999990 
0.00000000099999999995 0.26555785743446996827 0.06207088750558565488 0.26685261624579631468 0.00000000117980751213 0.00068483879920108476 0.00000000099999999995 0.00000000099999999995 0.34153085994283982618 0.06330293589229987750 
0.39922962038626885750 0.19236575836658592609 0.27930377348982582397 0.00000000099999999993 0.03779083846128244301 0.00000000099999999993 0.00000000099999999993 0.00000000099999999993 0.09131000429603707003 0.00000000099999999993 
0.00000924620239453908 0.00000000099999999995 0.00000000099999999995 0.00000000099999999995 0.00000000099999999995 0.09103092388806123536 0.09644283525511182509 0.17532433249217271864 0.46203136593952121025 0.17516129222273837951 
0.00000000099999999986 0.00000000099999999986 0.00000000099999999986 0.00000000099999999986 0.05305719871179168101 0.16509124632080476869 0.00000000099999999986 0.00000000099999999986 0.64485365790212589854 0.13699789106527782145 
0.00000000099999999986 0.88099377857497640498 0.00000000099999999986 0.00000000099999999986 0.02490863653404080946 0.00000000099999999986 0.00000000099999999986 0.00000000099999999986 0.09409757789098294190 0.00000000099999999986 
0.00000000099999999982 0.00000000099999999982 0.00000000099999999982 0.00000000099999999982 0.00000000099999999982 0.00000000099999999982 0.00000000099999999982 0.99999999100000003249 0.00000000099999999982 0.00000000099999999982 
0.00000000099999999985 0.00000000099999999985 0.00000000099999999985 0.00000000099999999985 0.00000000099999999985 0.11748166675872845355 0.00000000099999999985 0.00000000099999999985 0.49136574343060585024 0.39115258281066583868 
0.00000000099999999986 0.00000000099999999986 0.00000000099999999986 0.00000000099999999986 0.00000000099999999986 0.00000000099999999986 0.04298779049685472198 0.76973176316502167627 0.00000000099999999986 0.18728043933812371646 
0.00000000099999999994 0.00000000099999999994 0.00000000099999999994 0.00000000099999999994 0.00000000099999999994 0.00000000099999999994 0.05561660572426615351 0.00000000099999999994 0.37220633115230394861 0.57217705612342983912 
0.00000000099999999971 0.00000000099999999971 0.00000000099999999971 0.00000000099999999971 0.00000000099999999971 0.00000000099999999971 0.00000000099999999971 0.00000000099999999971 0.99999999099999992147 0.00000000099999999971 
0.32106293874362862306 0.28481760827201302311 0.00000000099999999987 0.00000000099999999987 0.00000000099999999987 0.00000000099999999987 0.33194961797894273481 0.00000000099999999987 0.06216982900541568463 0.00000000099999999987 
0.00017299742697106913 0.00000000099999999997 0.60587157926145907005 0.09410590422909330399 0.03951218852261011855 0.00000000099999999997 0.23487087709466841767 0.02546644946519812172 0.00000000099999999997 0.00000000099999999997 
0.00000000099999999983 0.00000000099999999983 0.00000000099999999983 0.00000000099999999983 0.00000000099999999983 0.00000000099999999983 0.00000000099999999983 0.35924678936126042128 0.31471770285925620980 0.32603550077948334485 
0.00000000099999999975 0.00000000099999999975 0.99999999100000003249 0.00000000099999999975 0.00000000099999999975 0.00000000099999999975 0.00000000099999999975 0.00000000099999999975 0.00000000099999999975 0.00000000099999999975 
0.00000000099999999967 0.00000000099999999967 0.00000000099999999967 0.00000000099999999967 0.00000000099999999967 0.99999999100000014352 0.00000000099999999967 0.00000000099999999967 0.00000000099999999967 0.00000000099999999967 
0.00000000099999999964 0.00000000099999999964 0.00000000099999999964 0.00000000099999999964 0.99999999100000014352 0.00000000099999999964 0.00000000099999999964 0.00000000099999999964 0.00000000099999999964 0.00000000099999999964 
0.00000000099999999986 0.00000000099999999986 0.00000000099999999986 0.00000000099999999986 0.00000000099999999986 0.79229230377137371821 0.00000000099999999986 0.00000000099999999986 0.00000000099999999986 0.20770768822862639702 
0.00000000099999999983 0.00000000099999999983 0.00000000099999999983 0.00000000099999999983 0.59324041877822708546 0.00000000099999999983 0.00000000099999999983 0.40675957322177302977 0.00000000099999999983 0.00000000099999999983 
0.00000000099999999962 0.00000000099999999962 0.00000000099999999962 0.00000000099999999962 0.00000000099999999962 0.00000000099999999962 0.99999999100000003249 0.00000000099999999962 0.00000000099999999962 0.00000000099999999962 
0.00000000099999999989 0.00000000099999999989 0.00000000099999999989 0.00000000099999999989 0.00000000099999999989 0.62242712767335595103 0.00000000099999999989 0.37757286432664399767 0.00000000099999999989 0.00000000099999999989 
0.00000000099999999985 0.00000000099999999985 0.00000000099999999985 0.00000000099999999985 0.00000000099999999985 0.65186071058411687584 0.00000000099999999985 0.17579854223321808582 0.17234074018266501427 0.00000000099999999985 
0.00000000099999999981 0.00000000099999999981 0.00000000099999999981 0.00000000099999999981 0.00000000099999999981 0.00000000099999999981 0.00000000099999999981 0.00000000099999999981 0.99999999099999992147 0.00000000099999999981 
0.00000000099999999985 0.00000000099999999985 0.00000000099999999985 0.00000000099999999985 0.00000000099999999985 0.99999999100000003249 0.00000000099999999985 0.00000000099999999985 0.00000000099999999985 0.00000000099999999985 
0.00000000099999999988 0.00000000099999999988 0.00000000099999999988 0.00000000099999999988 0.41844378307358126579 0.00000000099999999988 0.00000000099999999988 0.43300830650893057383 0.00000538819604773861 0.14854251622144029610 
0.39659071801176903893 0.27523230143354976418 0.25732105312195524549 0.00000000099999999990 0.00000000099999999990 0.00000000099999999990 0.07085592143272617660 0.00000000099999999990 0.00000000099999999990 0.00000000099999999990 
0.00000000099999999980 0.00000000099999999980 0.31636946120374875857 0.00000000099999999980 0.01257838154716049012 0.67105215024909070642 0.00000000099999999980 0.00000000099999999980 0.00000000099999999980 0.00000000099999999980 
0.00000000099999999992 0.16751981226572351669 0.00000000099999999992 0.00000000099999999992 0.24858388008062631824 0.04720394646378936465 0.00000000099999999992 0.38567372789605508521 0.15101862829380582887 0.00000000099999999992 
0.00000000099999999971 0.00000000099999999971 0.00000000099999999971 0.99999999100000003249 0.00000000099999999971 0.00000000099999999971 0.00000000099999999971 0.00000000099999999971 0.00000000099999999971 0.00000000099999999971 
0.00000000099999999988 0.00000000099999999988 0.18337302143841602287 0.00000000099999999988 0.00030281591398068704 0.81632415564760330007 0.00000000099999999988 0.00000000099999999988 0.00000000099999999988 0.00000000099999999988 
0.00000000099999999974 0.00000000099999999974 0.00000000099999999974 0.00000000099999999974 0.00000000099999999974 0.00000000099999999974 0.00000000099999999974 0.00000000099999999974 0.99999999100000003249 0.00000000099999999974 
0.00000000099999999987 0.00000000099999999987 0.00000000099999999987 0.00000000099999999987 0.00000000099999999987 0.99999999100000014352 0.00000000099999999987 0.00000000099999999987 0.00000000099999999987 0.00000000099999999987 
0.00000000099999999982 0.00000000099999999982 0.00000000099999999982 0.00000000099999999982 0.19805541710254057075 0.78197335093783559845 0.00000000099999999982 0.00000000099999999982 0.01997122495962391428 0.00000000099999999982 
0.00000000099999999987 0.00000000099999999987 0.56970797968438890990 0.25884986413026184193 0.00000000099999999987 0.17144214918534930736 0.00000000099999999987 0.00000000099999999987 0.00000000099999999987 0.00000000099999999987 
0.07239980303015855490 0.40434744312763942764 0.00000000099999999997 0.43478999207597973653 0.00000000136149915249 0.00000000099999999997 0.00000034790924220859 0.00000000099999999997 0.08846240849548084317 0.00000000099999999997 
0.00000000099999999991 0.00000000099999999991 0.00000000099999999991 0.03207459692757999581 0.00000000099999999991 0.96792539507241992514 0.00000000099999999991 0.00000000099999999991 0.00000000099999999991 0.00000000099999999991 
0.00000000099999999980 0.00000000099999999980 0.00000000099999999980 0.00000000099999999980 0.33817761472858093308 0.00000000099999999980 0.00000000099999999980 0.00000000099999999980 0.66182237727141890460 0.00000000099999999980 
0.00000000099999999979 0.00000000099999999979 0.00000000099999999979 0.00000000099999999979 0.00000000099999999979 0.00000000099999999979 0.00000000099999999979 0.00000000099999999979 0.99999999100000003249 0.00000000099999999979 
0.00000000099999999984 0.00000000099999999984 0.99999999100000014352 0.00000000099999999984 0.00000000099999999984 0.00000000099999999984 0.00000000099999999984 0.00000000099999999984 0.00000000099999999984 0.00000000099999999984 
0.19467385179235940917 0.08384103700449867247 0.00000000099999999996 0.00000000099999999996 0.00000000099999999996 0.18928597271597658036 0.00000000099999999996 0.53219913248716532728 0.00000000099999999996 0.00000000099999999996 
0.00000000099999999974 0.00000000099999999974 0.00000000099999999974 0.00000000099999999974 0.99999999100000014352 0.00000000099999999974 0.00000000099999999974 0.00000000099999999974 0.00000000099999999974 0.00000000099999999974 
0.00000000099999999984 0.00000000099999999984 0.00000000099999999984 0.00000000099999999984 0.81152892534590348461 0.00000000099999999984 0.00000000099999999984 0.00000000099999999984 0.18847106665409651960 0.00000000099999999984 
0.00000000099999999992 0.04603792260059285518 0.00000000099999999992 0.00000000099999999992 0.10481972911651590841 0.16232183231036967364 0.00000000099999999992 0.52023809757523542530 0.16658241339728602215 0.00000000099999999992 
0.00000000099999999990 0.00000000099999999990 0.00000000099999999990 0.00000000099999999990 0.70243861372413185507 0.21952759644985284093 0.00000000099999999990 0.05502137490516875729 0.02301240892084662967 0.00000000099999999990 
0.00000000099999999989 0.00000000099999999989 0.00000000099999999989 0.00000000099999999989 0.00000000099999999989 0.00000000099999999989 0.00000000099999999989 0.00000000099999999989 0.22053571992897311183 0.77946427207102697565 
0.00000000099999999994 0.55587469136967482264 0.29968655917887943030 0.00000000099999999994 0.14443874245144583401 0.00000000099999999994 0.00000000099999999994 0.00000000099999999994 0.00000000099999999994 0.00000000099999999994 
0.09300006278879055510 0.00000000099999999989 0.00000000099999999989 0.00000000099999999989 0.90699992921120942135 0.00000000099999999989 0.00000000099999999989 0.00000000099999999989 0.00000000099999999989 0.00000000099999999989 
0.00000000099999999984 0.00000000099999999984 0.00000000099999999984 0.00000000099999999984 0.00000000099999999984 0.99999999100000014352 0.00000000099999999984 0.00000000099999999984 0.00000000099999999984 0.00000000099999999984 
0.00000000099999999998 0.12164421264298649894 0.00000000099999999998 0.47492513554179982549 0.00000000099999999998 0.00000000099999999998 0.19684587904881595266 0.20658476676639772607 0.00000000099999999998 0.00000000099999999998 
0.00000000099999999979 0.00000000099999999979 0.99999999100000003249 0.00000000099999999979 0.00000000099999999979 0.00000000099999999979 0.00000000099999999979 0.00000000099999999979 0.00000000099999999979 0.00000000099999999979 
0.00000000099999999991 0.00000000099999999991 0.00000000099999999991 0.00000000099999999991 0.21854777166728911464 0.78145219978482605150 0.00000000099999999991 0.00000002154788476039 0.00000000099999999991 0.00000000099999999991 
0.00000000099999999988 0.00000000099999999988 0.00000000099999999988 0.00000000099999999988 0.00000000099999999988 0.99999999100000003249 0.00000000099999999988 0.00000000099999999988 0.00000000099999999988 0.00000000099999999988 
0.00000000099999999995 0.00000000099999999995 0.13645733736426168825 0.00000000099999999995 0.00000000099999999995 0.00000000099999999995 0.52442225441323231383 0.15139132005182856511 0.07147405584868948836 0.11625502732198786382 
0.00000000099999999988 0.00000000099999999988 0.00000000099999999988 0.00000000099999999988 0.43285138448068122274 0.00000000099999999988 0.00000000099999999988 0.40875819494702608781 0.00000000099999999988 0.15839041357229258211 
0.00000000099999999981 0.00000000099999999981 0.00000000099999999981 0.00000000099999999981 0.00000000099999999981 0.00000000099999999981 0.00000000099999999981 0.00000000099999999981 0.99999999100000003249 0.00000000099999999981 
0.00000000099999999993 0.00000000099999999993 0.10658657554165024139 0.36168971432210678119 0.00000000099999999993 0.00000000099999999993 0.00202673208347933136 0.00000000099999999993 0.52969697205276344842 0.00000000099999999993 
0.00000000099999999981 0.00000000099999999981 0.00000000099999999981 0.00000000099999999981 0.00000000099999999981 0.00000000099999999981 0.00000000099999999981 0.00000000099999999981 0.99999999100000003249 0.00000000099999999981 
0.00000000099999999989 0.00000000099999999989 0.45663997608979911558 0.37841447353531343367 0.00000000099999999989 0.00000000099999999989 0.00000000099999999989 0.16494554337488756546 0.00000000099999999989 0.00000000099999999989 
0.25474358321407958305 0.00000000099999999993 0.00000000099999999993 0.00000000099999999993 0.00000000099999999993 0.00000000099999999993 0.00000000099999999993 0.00000000099999999993 0.32668671931374404505 0.41856969047217629232 
0.00000000099999999987 0.00000000099999999987 0.00000000099999999987 0.00000000099999999987 0.99999999100000014352 0.00000000099999999987 0.00000000099999999987 0.00000000099999999987 0.00000000099999999987 0.00000000099999999987 
0.00000000099999999986 0.00000000099999999986 0.00000000099999999986 0.00000000099999999986 0.00000000099999999986 0.80051658722110707878 0.00000000099999999986 0.00000000099999999986 0.19948340477889289768 0.00000000099999999986 
