0.99999999200000022626 0.00000000099999999931 0.00000000099999999931 0.00000000099999999931 0.00000000099999999931 0.00000000099999999931 0.00000000099999999931 0.00000000099999999931 0.00000000099999999931 
0.00000000099999999957 0.48984440584862798396 0.00000000099999999957 0.00000000099999999957 0.00000000099999999957 0.00000000099999999957 0.00000000099999999957 0.51015558715137165890 0.00000000099999999957 
0.00000000099999999903 0.00000000099999999903 0.00000000099999999903 0.00000000099999999903 0.99999999200000011523 0.00000000099999999903 0.00000000099999999903 0.00000000099999999903 0.00000000099999999903 
0.00000000099999999949 0.47908809113526956702 0.00000000099999999949 0.00000000099999999949 0.00000000099999999949 0.14040100148988138296 0.00000000099999999949 0.38051090137484905318 0.00000000099999999949 
0.00000000099999999955 0.45049175823389286943 0.00000000099999999955 0.00000000099999999955 0.00000000099999999955 0.00000000099999999955 0.00000000099999999955 0.54950823476610699547 0.00000000099999999955 
0.00000000099999999979 0.00000000099999999979 0.55063510449808572567 0.37705356257023897593 0.00000000099999999979 0.07231132693167531544 0.00000000099999999979 0.00000000099999999979 0.00000000099999999979 
0.00000000099999999990 0.00000000099999999990 0.02795071852698837941 0.89161434455775301355 0.06145531323690114206 0.01897961867835748148 0.00000000099999999990 0.00000000099999999990 0.00000000099999999990 
0.00000000099999999969 0.00000000099999999969 0.00000000099999999969 0.00000000099999999969 0.25087959084177186009 0.00000000099999999969 0.00000000099999999969 0.00000000099999999969 0.74912040215822794931 
0.00000000099999999926 0.00000000099999999926 0.00000000099999999926 0.00000000099999999926 0.99999999200000000421 0.00000000099999999926 0.00000000099999999926 0.00000000099999999926 0.00000000099999999926 
0.00000000099999999942 0.00000000099999999942 0.99999999200000011523 0.00000000099999999942 0.00000000099999999942 0.00000000099999999942 0.00000000099999999942 0.00000000099999999942 0.00000000099999999942 
0.00000000099999999958 0.40645765610354206432 0.00000000099999999958 0.00000000099999999958 0.24975021464937052773 0.00000000099999999958 0.00000000099999999958 0.34379212324708724458 0.00000000099999999958 
0.00000000099999999966 0.56578873426420550619 0.00000000099999999966 0.00000000099999999966 0.00000000099999999966 0.00000000099999999966 0.00000000099999999966 0.43036658313471870541 0.00384467660107592818 
0.00000000099999999961 0.47024190217279332460 0.00000000099999999961 0.00000000099999999961 0.00000000099999999961 0.00000000099999999961 0.00000000099999999961 0.52975809082720648480 0.00000000099999999961 
0.00000000099999999935 0.00000000099999999935 0.00000000099999999935 0.00000000099999999935 0.00000000099999999935 0.00000000099999999935 0.99999999200000000421 0.00000000099999999935 0.00000000099999999935 
0.00000000099999999974 0.03245749318180279203 0.00000000099999999974 0.00000000099999999974 0.17722363288279374682 0.16259004575487689959 0.00000000099999999974 0.34832852418908255565 0.27940029999144394557 
0.00000000099999999977 0.00000000099999999977 0.07570773537634703509 0.88211416981857293518 0.00000000099999999977 0.00000000099999999977 0.04217808880508021330 0.00000000099999999977 0.00000000099999999977 
0.00000000099999999972 0.38925709627887494779 0.00000000099999999972 0.00000000099999999972 0.00000000099999999972 0.13447804711339481076 0.00000000099999999972 0.47626485060773016134 0.00000000099999999972 
0.00000000099999999954 0.55891605868433635873 0.00000000099999999954 0.00000000099999999954 0.08978872182614439090 0.00000000099999999954 0.00000000099999999954 0.35129521348951930904 0.00000000099999999954 
0.00000000099999999992 0.00000000099999999992 0.00000000099999999992 0.86496766800175084455 0.00000000099999999992 0.00000000099999999992 0.11468705952797254854 0.00000000099999999992 0.02034526647027677659 
0.00000000099999999967 0.56357046802553822928 0.00000000099999999967 0.00000000099999999967 0.05518890877578204457 0.00000000099999999967 0.00000000099999999967 0.22362689114363240583 0.15761372705504739233 
0.00000000099999999964 0.53664025935169235026 0.00000000099999999964 0.00000000099999999964 0.25772315429936432096 0.00000000099999999964 0.00000000099999999964 0.20563658034894344295 0.00000000099999999964 
0.00000000099999999956 0.00000000099999999956 0.00000000099999999956 0.00000000099999999956 0.99999999200000011523 0.00000000099999999956 0.00000000099999999956 0.00000000099999999956 0.00000000099999999956 
0.00000000099999999985 0.00000000099999999985 0.21825299084433166796 0.76218981375828120939 0.00000000099999999985 0.00000000099999999985 0.01955718939738728193 0.00000000099999999985 0.00000000099999999985 
0.00000000099999999991 0.02496065403906382388 0.11798215057877672884 0.85705718938215946778 0.00000000099999999991 0.00000000099999999991 0.00000000099999999991 0.00000000099999999991 0.00000000099999999991 
0.00000000099999999976 0.37420586586859438949 0.00000000099999999976 0.00000000099999999976 0.43545815642894653008 0.00000000099999999976 0.00000000099999999976 0.06165933284281106125 0.12867663985964800100 
0.00000000099999999903 0.00000000099999999903 0.00000000099999999903 0.00000000099999999903 0.00000000099999999903 0.00000000099999999903 0.99999999199999989319 0.00000000099999999903 0.00000000099999999903 
0.00000000099999999969 0.34206832990465524391 0.00000000099999999969 0.00000000099999999969 0.24520274498956468046 0.00000000099999999969 0.00000000099999999969 0.35592027491264355277 0.05680864519313657407 
0.00000000099999999986 0.06562821743424934740 0.14873084282425694247 0.78564093374149379656 0.00000000099999999986 0.00000000099999999986 0.00000000099999999986 0.00000000099999999986 0.00000000099999999986 
0.00000000099999999979 0.44363399902741934566 0.00000000099999999979 0.00000000099999999979 0.00000000099999999979 0.00000000099999999979 0.00000000099999999979 0.52550760184109857054 0.03085839313148181287 
0.00000000099999999966 0.67625449059786568728 0.00000000099999999966 0.00000000099999999966 0.00000000099999999966 0.00000000099999999966 0.00000000099999999966 0.32374550240213451069 0.00000000099999999966 
0.79867675392069370499 0.20132323907930632645 0.00000000099999999964 0.00000000099999999964 0.00000000099999999964 0.00000000099999999964 0.00000000099999999964 0.00000000099999999964 0.00000000099999999964 
0.00000000099999999988 0.00000000099999999988 0.91038360083515068588 0.00000000099999999988 0.00000000099999999988 0.00000000099999999988 0.00000000099999999988 0.00662569031030520693 0.08299070285454424045 
0.00000000099999999990 0.02040191122945964400 0.20681770650359007635 0.54740413686397981774 0.00000000099999999990 0.22537624040297038475 0.00000000099999999990 0.00000000099999999990 0.00000000099999999990 
0.00000000099999999962 0.00000000099999999962 0.99999999200000000421 0.00000000099999999962 0.00000000099999999962 0.00000000099999999962 0.00000000099999999962 0.00000000099999999962 0.00000000099999999962 
0.00000000099999999991 0.01799154017020109311 0.00000000099999999991 0.85875147650610217376 0.00000000099999999991 0.00000000099999999991 0.03876577509849530451 0.00000000099999999991 0.08449120322520148330 
0.00000000099999999904 0.00000000099999999904 0.00000000099999999904 0.00000000099999999904 0.00000000099999999904 0.00000000099999999904 0.99999999199999989319 0.00000000099999999904 0.00000000099999999904 
0.00000000099999999993 0.00000020091842520345 0.37853166441008512244 0.23202790080676080620 0.00000000099999999993 0.00000000099999999993 0.23867550743229987154 0.00000000099999999993 0.15076472243242905469 
0.00000000099999999986 0.32076753352989428869 0.00000000099999999986 0.00000000099999999986 0.19460787063462678392 0.00000000099999999986 0.00000000099999999986 0.29246989251360089312 0.19215469832187789812 
0.00001066127951222743 0.14784218508332458430 0.10919966184890052274 0.74218057905766254834 0.00000000099999999992 0.00000000099999999992 0.00076690873060022155 0.00000000099999999992 0.00000000099999999992 
0.00000000099999999983 0.00000000099999999983 0.00000000099999999983 0.00000000099999999983 0.00000000099999999983 0.00000000099999999983 0.00000000099999999983 0.41775407718642160182 0.58224591581357820758 
0.00000000099999999976 0.18139159972753465810 0.00000000099999999976 0.00000000099999999976 0.50286302217810541215 0.00000000099999999976 0.00000000099999999976 0.31574537209436004392 0.00000000099999999976 
0.00000000099999999970 0.55505654170619400656 0.00000000099999999970 0.00000000099999999970 0.19397751715191816069 0.00000000099999999970 0.00000000099999999970 0.25096593514188786367 0.00000000099999999970 
0.00000000099999999976 0.44517606361168426954 0.00000000099999999976 0.00000000099999999976 0.00000000099999999976 0.43259887642029459798 0.00000000099999999976 0.00000000099999999976 0.12222505396802103850 
0.00000000099999999991 0.00000000099999999991 0.57613048262003885291 0.00000000099999999991 0.18683265887673078387 0.00000000099999999991 0.23703685250323047740 0.00000000099999999991 0.00000000099999999991 
0.00000000099999999941 0.00000000099999999941 0.00000000099999999941 0.00000000099999999941 0.00000000099999999941 0.00000000099999999941 0.99999999200000000421 0.00000000099999999941 0.00000000099999999941 
0.00000000099999999982 0.19016419769286715957 0.00000000099999999982 0.00000000099999999982 0.66623577790336774296 0.01389679352246336874 0.00000000099999999982 0.12970322588130162034 0.00000000099999999982 
0.08063246553977683473 0.00000000099999999989 0.00000000149980086286 0.90540094832127182567 0.00000000099999999989 0.01396657963915046499 0.00000000099999999989 0.00000000099999999989 0.00000000099999999989 
0.00000000099999999981 0.00000000099999999981 0.81336253179371065247 0.00000000099999999981 0.00000000099999999981 0.18663746120628943448 0.00000000099999999981 0.00000000099999999981 0.00000000099999999981 
0.05785849294055959297 0.00000000099999999995 0.00000000099999999995 0.70433220971773435881 0.02042131759729539503 0.00000619205545131291 0.21738178368895952342 0.00000000099999999995 0.00000000099999999995 
0.00000000099999999955 0.07806133918883138845 0.00000000099999999955 0.00000000099999999955 0.00000000099999999955 0.00000000099999999955 0.92193865381116868463 0.00000000099999999955 0.00000000099999999955 
0.00000000099999999946 0.00000000099999999946 0.00000000099999999946 0.00000000099999999946 0.99999999200000000421 0.00000000099999999946 0.00000000099999999946 0.00000000099999999946 0.00000000099999999946 
0.00000000099999999977 0.34561482633901680073 0.00000000099999999977 0.00000000099999999977 0.00000000099999999977 0.13731102728309960148 0.00000000099999999977 0.37455761227934725177 0.14251652909853629314 
0.00000000099999999973 0.00000000099999999973 0.82379570770391818968 0.00000000099999999973 0.00000000099999999973 0.00000000099999999973 0.00000000099999999973 0.00000000099999999973 0.17620428529608189727 
0.99999999200000011523 0.00000000099999999982 0.00000000099999999982 0.00000000099999999982 0.00000000099999999982 0.00000000099999999982 0.00000000099999999982 0.00000000099999999982 0.00000000099999999982 
0.00000000099999999983 0.00000000099999999983 0.00000000099999999983 0.96333353413962408140 0.03666645886037594310 0.00000000099999999983 0.00000000099999999983 0.00000000099999999983 0.00000000099999999983 
0.99999999200000011523 0.00000000099999999980 0.00000000099999999980 0.00000000099999999980 0.00000000099999999980 0.00000000099999999980 0.00000000099999999980 0.00000000099999999980 0.00000000099999999980 
0.00000000099999999961 0.00000000099999999961 0.99999999200000000421 0.00000000099999999961 0.00000000099999999961 0.00000000099999999961 0.00000000099999999961 0.00000000099999999961 0.00000000099999999961 
0.00000000099999999942 0.00000000099999999942 0.00000000099999999942 0.00000000099999999942 0.00000000099999999942 0.00000000099999999942 0.99999999199999989319 0.00000000099999999942 0.00000000099999999942 
0.00000000099999999983 0.21648930323104195739 0.00000000099999999983 0.00000000099999999983 0.00000000099999999983 0.27855009381654716183 0.00000000099999999983 0.48723406026432991567 0.01772653768808110999 
0.00000000099999999967 0.08689877462785025597 0.91310121837214974772 0.00000000099999999967 0.00000000099999999967 0.00000000099999999967 0.00000000099999999967 0.00000000099999999967 0.00000000099999999967 
0.00000000099999999955 0.00000000099999999955 0.99999999200000000421 0.00000000099999999955 0.00000000099999999955 0.00000000099999999955 0.00000000099999999955 0.00000000099999999955 0.00000000099999999955 
0.00000000099999999978 0.52089733988729303160 0.00000000099999999978 0.00000000099999999978 0.00000000099999999978 0.09865258680887564746 0.00000000099999999978 0.38045006730383146287 0.00000000099999999978 
0.07200963013686571823 0.00000000099999999996 0.40102527179364683141 0.51947392059617925053 0.00745025399084089154 0.00000000099999999996 0.00000000099999999996 0.00000000099999999996 0.00004091948246744426 
0.00000000099999999981 0.00000000099999999981 0.11574618488950515205 0.75283372550625571318 0.00000000099999999981 0.00000000099999999981 0.00000000692761157713 0.00000000099999999981 0.13142007767662769457 
0.07262731202370659167 0.00000000099999999976 0.66473260658328070516 0.00000000099999999976 0.00000000099999999976 0.00000000099999999976 0.05973785785951977317 0.00000000099999999976 0.20290221853349293957 
0.00000000099999999974 0.52954885729451439680 0.00000000099999999974 0.00000000099999999974 0.00000000099999999974 0.47045113570548557913 0.00000000099999999974 0.00000000099999999974 0.00000000099999999974 
0.99999999200000011523 0.00000000099999999985 0.00000000099999999985 0.00000000099999999985 0.00000000099999999985 0.00000000099999999985 0.00000000099999999985 0.00000000099999999985 0.00000000099999999985 
0.99999999200000011523 0.00000000099999999966 0.00000000099999999966 0.00000000099999999966 0.00000000099999999966 0.00000000099999999966 0.00000000099999999966 0.00000000099999999966 0.00000000099999999966 
0.00000000099999999976 0.00000000099999999976 0.94903224543867314988 0.00000000099999999976 0.00000000099999999976 0.00000000099999999976 0.00000000099999999976 0.00000000099999999976 0.05096774756132697870 
0.00000000099999999986 0.00000000099999999986 0.88828151868905491639 0.00000000099999999986 0.00000000099999999986 0.00000000099999999986 0.11171847431094501790 0.00000000099999999986 0.00000000099999999986 
0.00000000099999999958 0.99999999200000022626 0.00000000099999999958 0.00000000099999999958 0.00000000099999999958 0.00000000099999999958 0.00000000099999999958 0.00000000099999999958 0.00000000099999999958 
0.00000000099999999986 0.25799220712209014472 0.00000000099999999986 0.00000000099999999986 0.51074710939034273505 0.00000000099999999986 0.00000000099999999986 0.00000000099999999986 0.23126067748756709563 
0.00000000099999999986 0.32537828339470825645 0.00000000099999999986 0.00000000099999999986 0.10131842268921731343 0.52327340139294675758 0.00000000099999999986 0.05002988752312764742 0.00000000099999999986 
0.00000000099999999981 0.00000000099999999981 0.94081859555212032920 0.00000000099999999981 0.00000000099999999981 0.00000000099999999981 0.00000000099999999981 0.05918139744787975082 0.00000000099999999981 
0.00000000099999999979 0.00000000099999999979 0.79513543489444893364 0.00000000099999999979 0.00000000099999999979 0.00000000099999999979 0.00000000099999999979 0.20486455810555112556 0.00000000099999999979 
0.00000000099999999954 0.00000000099999999954 0.99999999200000000421 0.00000000099999999954 0.00000000099999999954 0.00000000099999999954 0.00000000099999999954 0.00000000099999999954 0.00000000099999999954 
0.00000000099999999993 0.43172930724088598442 0.00000000099999999993 0.00000000099999999993 0.00001699069744234700 0.00000000099999999993 0.00000000099999999993 0.31432638272793550493 0.25392731433373599836 
0.99999999200000022626 0.00000000099999999965 0.00000000099999999965 0.00000000099999999965 0.00000000099999999965 0.00000000099999999965 0.00000000099999999965 0.00000000099999999965 0.00000000099999999965 
0.00000000099999999963 0.00000000099999999963 0.99999999200000011523 0.00000000099999999963 0.00000000099999999963 0.00000000099999999963 0.00000000099999999963 0.00000000099999999963 0.00000000099999999963 
0.00000000099999999981 0.26833742706125357502 0.00000000099999999981 0.00000000099999999981 0.00000000099999999981 0.00000000099999999981 0.00000000099999999981 0.73166256593874612335 0.00000000099999999981 
0.99999999200000011523 0.00000000099999999976 0.00000000099999999976 0.00000000099999999976 0.00000000099999999976 0.00000000099999999976 0.00000000099999999976 0.00000000099999999976 0.00000000099999999976 
0.00000000099999999982 0.00000000099999999982 0.00000000099999999982 0.99999999200000011523 0.00000000099999999982 0.00000000099999999982 0.00000000099999999982 0.00000000099999999982 0.00000000099999999982 
0.00000000099999999996 0.00000000099999999996 0.05066804184299553149 0.57939489719883618957 0.12211573966993265195 0.00000000102897210693 0.08145097403141271508 0.00000000101273976106 0.16637034321511104396 
0.00000000099999999977 0.00000000099999999977 0.57087996613005109747 0.00000000099999999977 0.00000000099999999977 0.00000000099999999977 0.05379409892855067932 0.00000000099999999977 0.37532592894139821249 
0.00000000099999999984 0.00000000099999999984 0.86711161464595543080 0.00000000099999999984 0.00000000099999999984 0.13288837835404448962 0.00000000099999999984 0.00000000099999999984 0.00000000099999999984 
0.00000000099999999983 0.00000000099999999983 0.00000000099999999983 0.83742129302163093030 0.00000000099999999983 0.16257869997836918441 0.00000000099999999983 0.00000000099999999983 0.00000000099999999983 
0.00000000099999999985 0.55569026675442656504 0.23502023110649311599 0.00000000099999999985 0.00000000099999999985 0.00000000099999999985 0.00000000099999999985 0.02990632134260983246 0.17938317579647067301 
0.00928945521399504939 0.00000000099999999992 0.00000000099999999992 0.92560752729142481421 0.00000000099999999992 0.00000000099999999992 0.06510301149458025405 0.00000000099999999992 0.00000000099999999992 
0.00000000099999999979 0.00000000099999999979 0.99999999200000011523 0.00000000099999999979 0.00000000099999999979 0.00000000099999999979 0.00000000099999999979 0.00000000099999999979 0.00000000099999999979 
0.00000000099999999976 0.79503999488373688909 0.00000000099999999976 0.00000000099999999976 0.00000000099999999976 0.20495999811626325338 0.00000000099999999976 0.00000000099999999976 0.00000000099999999976 
0.00000000099999999991 0.00000000099999999991 0.21927912825484058290 0.78072086474515955956 0.00000000099999999991 0.00000000099999999991 0.00000000099999999991 0.00000000099999999991 0.00000000099999999991 
0.00000000099999999993 0.00000000099999999993 0.00000000099999999993 0.71761695040993012107 0.03634333869690146296 0.00000000099999999993 0.19807237505634922581 0.00000000099999999993 0.04796733083681910953 
0.99999999200000011523 0.00000000099999999979 0.00000000099999999979 0.00000000099999999979 0.00000000099999999979 0.00000000099999999979 0.00000000099999999979 0.00000000099999999979 0.00000000099999999979 
0.99999999200000022626 0.00000000099999999959 0.00000000099999999959 0.00000000099999999959 0.00000000099999999959 0.00000000099999999959 0.00000000099999999959 0.00000000099999999959 0.00000000099999999959 
0.11321598933905414885 0.00000000099999999996 0.00000000099999999996 0.71172996998661086643 0.17505403467433494624 0.00000000099999999996 0.00000000099999999996 0.00000000099999999996 0.00000000099999999996 
0.00000000099999999975 0.00000000099999999975 0.00000000099999999975 0.00000000099999999975 0.00000000099999999975 0.00000000099999999975 0.00000000099999999975 0.99999999199999989319 0.00000000099999999975 
0.00000000099999999996 0.04710802855553499618 0.11255906226582200469 0.61143703543045768711 0.00000000099999999996 0.00000000099999999996 0.05637530248406470018 0.00000000099999999996 0.17252056726412065557 
0.00000000099999999992 0.24489602308733743330 0.34574606808194469076 0.28867314289954904005 0.02354333671590665145 0.00000000099999999992 0.09714142521526214491 0.00000000099999999992 0.00000000099999999992 
0.00000000099999999973 0.00000000099999999973 0.00000000099999999973 0.00000000099999999973 0.00000000099999999973 0.99999999200000011523 0.00000000099999999973 0.00000000099999999973 0.00000000099999999973 
0.04212924827557736063 0.00000000099999999986 0.00000000099999999986 0.00000000099999999986 0.00000000099999999986 0.28154977074754700128 0.00000000099999999986 0.00000000099999999986 0.67632097497687559962 
0.00000000099999999985 0.00000000099999999985 0.00000000099999999985 0.00000000099999999985 0.00000000099999999985 0.00000000099999999985 0.00000000099999999985 0.99999999199999989319 0.00000000099999999985 
0.00000000099999999989 0.99999999200000022626 0.00000000099999999989 0.00000000099999999989 0.00000000099999999989 0.00000000099999999989 0.00000000099999999989 0.00000000099999999989 0.00000000099999999989 
0.13690704272202366965 0.00000000099999999989 0.10887533109234122375 0.48281573361377200237 0.00000000099999999989 0.00000000099999999989 0.27140188757186312074 0.00000000099999999989 0.00000000099999999989 
0.15153163166763317093 0.25176518570584016654 0.00000000099999999991 0.00000000099999999991 0.00000000099999999991 0.28060032155254549524 0.00000000099999999991 0.20981785079103260072 0.10628500628294848540 
0.00000000099999999993 0.00000000099999999993 0.00000000099999999993 0.00000000099999999993 0.57362082666503988460 0.00000000099999999993 0.12400735003793049438 0.30237181729702961031 0.00000000099999999993 
0.00000000099999999951 0.00000000099999999951 0.00000000099999999951 0.00000000099999999951 0.00000000099999999951 0.99999999200000000421 0.00000000099999999951 0.00000000099999999951 0.00000000099999999951 
0.00000000099999999974 0.00000000099999999974 0.00000000099999999974 0.00000000099999999974 0.00000000099999999974 0.00000000099999999974 0.00000000099999999974 0.00000000099999999974 0.99999999200000000421 
0.00000000099999999989 0.79130358704865777497 0.00000000099999999989 0.00000000099999999989 0.00000000099999999989 0.00000000099999999989 0.00000000099999999989 0.20869640595134239525 0.00000000099999999989 
0.00000000099999999991 0.00000000099999999991 0.67169058602417763826 0.07756272816467309206 0.00000000099999999991 0.25074667304149672598 0.00000000776965263591 0.00000000099999999991 0.00000000099999999991 
0.00000000099999999972 0.00000000099999999972 0.00000000099999999972 0.00000000099999999972 0.00000000099999999972 0.48384996577748984325 0.00000000099999999972 0.51615002722251013267 0.00000000099999999972 
0.00000000099999999984 0.51274794636009690674 0.00000000099999999984 0.00000000099999999984 0.00000000099999999984 0.00000000099999999984 0.00000000099999999984 0.00000000099999999984 0.48725204663990334675 
0.00000000099999999994 0.00000000099999999994 0.15477322901019407997 0.81139410489761742973 0.00000000099999999994 0.00000000099999999994 0.03383266009218860448 0.00000000099999999994 0.00000000099999999994 
0.00000000099999999992 0.21750376786022984632 0.12777871206455782005 0.43376703493480461837 0.00000000099999999992 0.22095048014040771789 0.00000000099999999992 0.00000000099999999992 0.00000000099999999992 
0.06335785605162269629 0.00000000099999999995 0.21065382638456731090 0.31385826735096628015 0.05689907244222845717 0.00000000099999999995 0.00000000099999999995 0.00000000099999999995 0.35523097377061518820 
0.00000000099999999995 0.03030455308142314744 0.32882743885584397869 0.48712910019853911114 0.00000000099999999995 0.13297015338918846683 0.02076875047500515575 0.00000000099999999995 0.00000000099999999995 
0.12099729694935572322 0.14679804307929159024 0.00000000099999999995 0.00000000099999999995 0.00000000099999999995 0.00000000099999999995 0.00000000099999999995 0.17587278441735523793 0.55633187055399724308 
0.17579083208500201341 0.09549506882060332380 0.00000000099999999992 0.00000000099999999992 0.00000000099999999992 0.35493962168526038692 0.00000000099999999992 0.00000000099999999992 0.37377447240913413973 
0.00000000099999999990 0.00000000099999999990 0.00000000099999999990 0.76877602221775043212 0.00000000099999999990 0.00000000099999999990 0.00000000099999999990 0.00000000099999999990 0.23122397078224957157 
0.00000000099999999981 0.00000000099999999981 0.00000000099999999981 0.00000000099999999981 0.00000000099999999981 0.99999999200000011523 0.00000000099999999981 0.00000000099999999981 0.00000000099999999981 
0.00000000099999999981 0.00000000099999999981 0.00000000099999999981 0.00000000099999999981 0.00000000099999999981 0.99999999200000000421 0.00000000099999999981 0.00000000099999999981 0.00000000099999999981 
0.00000000099999999976 0.00000000099999999976 0.00000000099999999976 0.00000000099999999976 0.00000000099999999976 0.00000000099999999976 0.00000000099999999976 0.99999999199999989319 0.00000000099999999976 
0.00000000099999999994 0.00000000099999999994 0.05378010978900338301 0.00000000099999999994 0.66397111810731890280 0.00000000099999999994 0.00000000099999999994 0.00000000099999999994 0.28224876610367782837 
0.00000000099999999974 0.00000000099999999974 0.00000000099999999974 0.00000000099999999974 0.00000000099999999974 0.00000000099999999974 0.00000000099999999974 0.00000000099999999974 0.99999999199999989319 
0.00000000099999999987 0.00000000099999999987 0.16871133381493849668 0.11691324551842344204 0.00000000099999999987 0.00000000099999999987 0.37656846788566039619 0.00000000099999999987 0.33780694778097775099 
0.00000000099999999994 0.20176558548937803539 0.11172965852141067411 0.59276738731046940689 0.00000000099999999994 0.00000000099999999994 0.09373736367874190012 0.00000000099999999994 0.00000000099999999994 
0.00000000099999999989 0.12539802462962904017 0.00000000099999999989 0.00000000099999999989 0.03919000545944846536 0.48573324867921530146 0.00000000099999999989 0.34940760659948610911 0.00027111063222119410 
0.00000000099999999985 0.00000000099999999985 0.00000000099999999985 0.99999999200000000421 0.00000000099999999985 0.00000000099999999985 0.00000000099999999985 0.00000000099999999985 0.00000000099999999985 
0.91917294877868715997 0.08082704422131307964 0.00000000099999999978 0.00000000099999999978 0.00000000099999999978 0.00000000099999999978 0.00000000099999999978 0.00000000099999999978 0.00000000099999999978 
0.00000000099999999978 0.00000000099999999978 0.00000000099999999978 0.00000000099999999978 0.00000000099999999978 0.00000000099999999978 0.00000000099999999978 0.99999999200000000421 0.00000000099999999978 
0.77572272702107236686 0.00000000099999999986 0.00000000099999999986 0.00000000099999999986 0.22427726597892791438 0.00000000099999999986 0.00000000099999999986 0.00000000099999999986 0.00000000099999999986 
0.00000000099999999986 0.52709722676713366418 0.00000000099999999986 0.00000000099999999986 0.00000000099999999986 0.24478415944330514376 0.00000000099999999986 0.22811860778956116746 0.00000000099999999986 
0.00000000099999999964 0.00000000099999999964 0.00000000099999999964 0.00000000099999999964 0.00000000099999999964 0.00000000099999999964 0.99999999199999989319 0.00000000099999999964 0.00000000099999999964 
0.35911532024272074803 0.00000000099999999989 0.00000000099999999989 0.00000000099999999989 0.00000000099999999989 0.00000000099999999989 0.00000000099999999989 0.64088467275727900585 0.00000000099999999989 
0.59232268122050257819 0.00000000099999999988 0.00000000099999999988 0.00000000099999999988 0.00000000099999999988 0.35945540324056468595 0.00000000099999999988 0.00000000099999999988 0.04822190953893285698 
0.00000000099999999984 0.00000000099999999984 0.00000000099999999984 0.00000000099999999984 0.00000000099999999984 0.00000000099999999984 0.00000000099999999984 0.00000000099999999984 0.99999999200000000421 
0.99999999200000011523 0.00000000099999999986 0.00000000099999999986 0.00000000099999999986 0.00000000099999999986 0.00000000099999999986 0.00000000099999999986 0.00000000099999999986 0.00000000099999999986 
0.00000000099999999989 0.49300926501960284920 0.00000000099999999989 0.00000000099999999989 0.18924275277213506441 0.22920795569016128024 0.00000000099999999989 0.00000000099999999989 0.08854002151810072552 
0.00000000099999999992 0.00000000099999999992 0.14189176492728711176 0.69051599119963991136 0.00000000099999999992 0.00000000099999999992 0.16759223787307295228 0.00000000099999999992 0.00000000099999999992 
0.68252031830788739697 0.31747967469211263447 0.00000000099999999986 0.00000000099999999986 0.00000000099999999986 0.00000000099999999986 0.00000000099999999986 0.00000000099999999986 0.00000000099999999986 
0.04097510971146443859 0.42999448979838450491 0.00000000099999999997 0.03365701841446128162 0.00000000099999999997 0.34116237255051440336 0.00000000099999999997 0.00014696483817641309 0.15406404168699888713 
0.05662633083311348348 0.00000000099999999984 0.94337366216688667286 0.00000000099999999984 0.00000000099999999984 0.00000000099999999984 0.00000000099999999984 0.00000000099999999984 0.00000000099999999984 
0.83630431094272317250 0.00000000099999999989 0.00000000099999999989 0.16369568205727694221 0.00000000099999999989 0.00000000099999999989 0.00000000099999999989 0.00000000099999999989 0.00000000099999999989 
0.00000000099999999985 0.00000000099999999985 0.00000000099999999985 0.00000000099999999985 0.00000000099999999985 0.00000000099999999985 0.00000000099999999985 0.00000000099999999985 0.99999999200000000421 
0.69370755121708371771 0.30629244178291648026 0.00000000099999999987 0.00000000099999999987 0.00000000099999999987 0.00000000099999999987 0.00000000099999999987 0.00000000099999999987 0.00000000099999999987 
0.75375502491669410521 0.24624496808330600950 0.00000000099999999985 0.00000000099999999985 0.00000000099999999985 0.00000000099999999985 0.00000000099999999985 0.00000000099999999985 0.00000000099999999985 
0.18657438139347323758 0.00000000099999999987 0.00000000099999999987 0.81342561160652693264 0.00000000099999999987 0.00000000099999999987 0.00000000099999999987 0.00000000099999999987 0.00000000099999999987 
0.00000000099999999995 0.09040111938953129811 0.49940622845771098781 0.12223064449416269628 0.00000000099999999995 0.23479723816449388218 0.00000000099999999995 0.00000000099999999995 0.05316476549410115160 
0.99762218313004069614 0.00000000099999999991 0.00237780986995940642 0.00000000099999999991 0.00000000099999999991 0.00000000099999999991 0.00000000099999999991 0.00000000099999999991 0.00000000099999999991 
0.18970262317938743624 0.14323881536598639941 0.00000000099999999989 0.00000000099999999989 0.00000000099999999989 0.00000000099999999989 0.00000000099999999989 0.00000000099999999989 0.66705855545462588996 
0.00000000099999999988 0.00003133021275923693 0.00000000099999999988 0.00000000099999999988 0.00000000099999999988 0.37217430069158652373 0.00000000099999999988 0.00000000099999999988 0.62779436309565406216 
0.00000000099999999987 0.00000000099999999987 0.00000000099999999987 0.65873209860069503740 0.00000000099999999987 0.34126789439930504955 0.00000000099999999987 0.00000000099999999987 0.00000000099999999987 
0.12702865438338212245 0.00000000099999999996 0.06179632143452248871 0.00000000099999999996 0.00000000099999999996 0.00000000099999999996 0.00000000099999999996 0.81117501818209536424 0.00000000099999999996 
0.00000000099999999982 0.99999999200000022626 0.00000000099999999982 0.00000000099999999982 0.00000000099999999982 0.00000000099999999982 0.00000000099999999982 0.00000000099999999982 0.00000000099999999982 
0.15362681326819097039 0.00000000099999999992 0.00000000099999999992 0.00000000099999999992 0.00000000099999999992 0.00005107981145773452 0.00000000099999999992 0.84632210092035120574 0.00000000099999999992 
0.00000000099999999991 0.00000000099999999991 0.00000000099999999991 0.00000000099999999991 0.00000000099999999991 0.00000000099999999991 0.00000000099999999991 0.99999999200000000421 0.00000000099999999991 
0.12430879005014791594 0.66812691131505963504 0.00000000099999999992 0.00000000099999999992 0.00000000099999999992 0.00000000099999999992 0.00000000099999999992 0.20756429263479275749 0.00000000099999999992 
0.00000000099999999993 0.00000000099999999993 0.00000000099999999993 0.00000000099999999993 0.69616310870701525459 0.00000000099999999993 0.00000000099999999993 0.00000000099999999993 0.30383688429298488787 
0.00000000099999999995 0.21805075965223200130 0.00000000099999999995 0.72727866889691583641 0.00000000099999999995 0.00000000099999999995 0.05467056545085220709 0.00000000099999999995 0.00000000099999999995 
0.00000000099999999993 0.00000000099999999993 0.00000000099999999993 0.00000000099999999993 0.00000000099999999993 0.00000000099999999993 0.09221603856819034217 0.90778395443180959212 0.00000000099999999993 
0.99999999200000011523 0.00000000099999999984 0.00000000099999999984 0.00000000099999999984 0.00000000099999999984 0.00000000099999999984 0.00000000099999999984 0.00000000099999999984 0.00000000099999999984 
0.00000000099999999996 0.00000000099999999996 0.42911422502217411168 0.00000000099999999996 0.00000000099999999996 0.36316467274410596522 0.20772109623372003728 0.00000000099999999996 0.00000000099999999996 
0.00000000099999999987 0.03433038706324530176 0.03518936162125097661 0.54125831999845686049 0.00000000099999999987 0.38922192631704688459 0.00000000099999999987 0.00000000099999999987 0.00000000099999999987 
0.24348253962311094956 0.75651745337688902637 0.00000000099999999987 0.00000000099999999987 0.00000000099999999987 0.00000000099999999987 0.00000000099999999987 0.00000000099999999987 0.00000000099999999987 
0.99999942477240899574 0.00000056822759123080 0.00000000099999999990 0.00000000099999999990 0.00000000099999999990 0.00000000099999999990 0.00000000099999999990 0.00000000099999999990 0.00000000099999999990 
0.00000000099999999996 0.00000000099999999996 0.00000000099999999996 0.00000000099999999996 0.00000000099999999996 0.23392926644983638718 0.53337016454422847556 0.23091745760417353717 0.00178310640176165846 
0.00000000099999999993 0.99702876040112398126 0.00000000099999999993 0.00000000099999999993 0.00297123259887631559 0.00000000099999999993 0.00000000099999999993 0.00000000099999999993 0.00000000099999999993 
0.00000000099999999981 0.00000000099999999981 0.00000000099999999981 0.00000000099999999981 0.00000000099999999981 0.00000000099999999981 0.00000000099999999981 0.00000000099999999981 0.99999999200000000421 
0.00000000099999999993 0.00000000099999999993 0.17764416078478700856 0.26270352223956816573 0.00000000099999999993 0.00000000099999999993 0.00883762078962770092 0.00000000099999999993 0.55081469118601700252 
0.00000000099999999989 0.00000000099999999989 0.00000000099999999989 0.00000000099999999989 0.00000003639925032469 0.00000000099999999989 0.00000000099999999989 0.00000000099999999989 0.99999995660074969539 
0.00000000099999999992 0.07752200860343028133 0.33939276477116409048 0.43267305726221155782 0.00000000099999999992 0.00000000099999999992 0.00000000099999999992 0.15041216436319412852 0.00000000099999999992 
0.00000000099999999994 0.00000000099999999994 0.00000000099999999994 0.00000000099999999994 0.00861314315543994409 0.53753592513809067555 0.00000000099999999994 0.00000000099999999994 0.45385092570646939913 
0.00000000099999999990 0.00000000099999999990 0.00000000099999999990 0.00000000099999999990 0.00000000099999999990 0.00000000099999999990 0.00000000099999999990 0.99999999199999989319 0.00000000099999999990 
0.35957305378874632185 0.00000000099999999982 0.00000000099999999982 0.00000000099999999982 0.00000000099999999982 0.64042693921125370959 0.00000000099999999982 0.00000000099999999982 0.00000000099999999982 
0.00000000099999999992 0.47563276788971869946 0.00000000099999999992 0.00000000099999999992 0.00000000099999999992 0.00000000099999999992 0.00000000099999999992 0.22082063429428866463 0.30354659181599236151 
0.20304826939551418041 0.28518071484175233632 0.00000000099999999993 0.00000000099999999993 0.51177100976273359745 0.00000000099999999993 0.00000000099999999993 0.00000000099999999993 0.00000000099999999993 
0.00000000099999999992 0.31564419236114549250 0.00000000099999999992 0.00000000099999999992 0.00000000099999999992 0.00000000099999999992 0.00000000099999999992 0.00000000099999999992 0.68435580063885426139 
0.73315872541192339540 0.00000000099999999988 0.00000000099999999988 0.00000000099999999988 0.00000000099999999988 0.00000000099999999988 0.00000000099999999988 0.26684126758807680257 0.00000000099999999988 
0.14984004999781475043 0.00000000099999999993 0.00000000099999999993 0.00000000099999999993 0.00000000099999999993 0.00000000099999999993 0.00000000099999999993 0.00000000099999999993 0.85015994300218511448 
0.00000000099999999989 0.38392305077444005557 0.00000000099999999989 0.00000000099999999989 0.00000000099999999989 0.00000000099999999989 0.00000000099999999989 0.00000000099999999989 0.61607694222555975383 
0.00000000099999999989 0.00000000099999999989 0.00000000099999999989 0.00000000099999999989 0.00000000099999999989 0.00000000099999999989 0.00000000099999999989 0.99999999199999989319 0.00000000099999999989 
0.00000000099999999994 0.00000000099999999994 0.00000000099999999994 0.00000000099999999994 0.00000000099999999994 0.42599998442493652862 0.00000000099999999994 0.00000000099999999994 0.57400000857506350282 
0.00000000099999999989 0.00000000099999999989 0.00000000099999999989 0.00000000099999999989 0.00000000099999999989 0.99999999116790272424 0.00000000099999999989 0.00000000099999999989 0.00000000183209729927 
0.99999999200000011523 0.00000000099999999985 0.00000000099999999985 0.00000000099999999985 0.00000000099999999985 0.00000000099999999985 0.00000000099999999985 0.00000000099999999985 0.00000000099999999985 
0.27838579310071615014 0.04088004202198655679 0.00000000099999999997 0.49052339254103971555 0.00000000099999999997 0.00000000099999999997 0.00000267527687404560 0.19020809305938338185 0.00000000099999999997 
0.00000000099999999991 0.00000000099999999991 0.00000000099999999991 0.00000000099999999991 0.00000000099999999991 0.99999999200000011523 0.00000000099999999991 0.00000000099999999991 0.00000000099999999991 
0.00000000099999999995 0.00000000099999999995 0.00000000099999999995 0.00000000099999999995 0.82766945907250399905 0.00000000099999999995 0.00000000099999999995 0.00000000099999999995 0.17233053392749603239 
0.00000000099999999993 0.00000000099999999993 0.80981400787046942114 0.00000000099999999993 0.00000000099999999993 0.00000000099999999993 0.00000000099999999993 0.00000000099999999993 0.19018598512953061030 
0.19330479548584580951 0.00000000099999999994 0.80669519751415430520 0.00000000099999999994 0.00000000099999999994 0.00000000099999999994 0.00000000099999999994 0.00000000099999999994 0.00000000099999999994 
0.00000000099999999993 0.00000000099999999993 0.08325764917009612076 0.35492297717444371008 0.00000000099999999993 0.18225551697945785445 0.37956385167600237285 0.00000000099999999993 0.00000000099999999993 
0.00000000099999999984 0.00000000099999999984 0.00000000099999999984 0.00000000099999999984 0.00000000099999999984 0.00000000099999999984 0.00000000099999999984 0.00000000099999999984 0.99999999199999989319 
0.99999999200000011523 0.00000000099999999984 0.00000000099999999984 0.00000000099999999984 0.00000000099999999984 0.00000000099999999984 0.00000000099999999984 0.00000000099999999984 0.00000000099999999984 
0.00000000099999999995 0.00000000099999999995 0.36827809393345012356 0.48655051302002477742 0.00000000099999999995 0.00157485532744430583 0.05922939426352446385 0.00000000099999999995 0.08436713945555632255 
