0.00000000099999999892 0.00000000099999999892 0.00000000099999999892 0.00000000099999999892 0.00000000099999999892 0.00000000099999999892 0.00000000099999999892 0.00000000099999999892 0.00000000099999999892 0.00000000099999999892 0.00000000099999999892 0.99999998799999989529 0.00000000099999999892 
0.00000000099999999917 0.00000000099999999917 0.00000000099999999917 0.00000000099999999917 0.00000000099999999917 0.55430033281040536064 0.00000000099999999917 0.44569965618959478393 0.00000000099999999917 0.00000000099999999917 0.00000000099999999917 0.00000000099999999917 0.00000000099999999917 
0.00000000099999999838 0.00000000099999999838 0.00000000099999999838 0.00000000099999999838 0.00000000099999999838 0.00000000099999999838 0.00000000099999999838 0.00000000099999999838 0.00000000099999999838 0.99999998799999989529 0.00000000099999999838 0.00000000099999999838 0.00000000099999999838 
0.00000000099999999911 0.00000000099999999911 0.00000000099999999911 0.00000000099999999911 0.00000000099999999911 0.49713800672179836448 0.00000000099999999911 0.39113421768983241966 0.00000000099999999911 0.00000000226262128958 0.11172776432574800520 0.00000000099999999911 0.00000000099999999911 
0.00000000099999999919 0.00000000099999999919 0.00000000099999999919 0.00000000099999999919 0.00000000099999999919 0.51501352202589678608 0.00000000099999999919 0.48498646697410330297 0.00000000099999999919 0.00000000099999999919 0.00000000099999999919 0.00000000099999999919 0.00000000099999999919 
0.72755727675888393069 0.08248087203662200773 0.00000000099999999947 0.18996184120449446930 0.00000000099999999947 0.00000000099999999947 0.00000000099999999947 0.00000000099999999947 0.00000000099999999947 0.00000000099999999947 0.00000000099999999947 0.00000000099999999947 0.00000000099999999947 
0.00000000099999999973 0.07755098510960287128 0.00000000099999999973 0.76020472364280267108 0.00000000099999999973 0.00000000099999999973 0.00000000099999999973 0.00000000099999999973 0.00000000099999999973 0.00000000099999999973 0.08449510334106666298 0.00000000099999999973 0.07774917890652797980 
0.00000000099999999948 0.00000000099999999948 0.00000000099999999948 0.00000000099999999948 0.00000000099999999948 0.00000000099999999948 0.00000000099999999948 0.00000000099999999948 0.64718868618625025046 0.00000000099999999948 0.35281130281374994961 0.00000000099999999948 0.00000000099999999948 
0.00000000099999999875 0.00000000099999999875 0.00000000099999999875 0.00000000099999999875 0.00000000099999999875 0.00000000099999999875 0.00000000099999999875 0.00000000099999999875 0.00000000099999999875 0.99999998800000000632 0.00000000099999999875 0.00000000099999999875 0.00000000099999999875 
0.99999998800000022836 0.00000000099999999899 0.00000000099999999899 0.00000000099999999899 0.00000000099999999899 0.00000000099999999899 0.00000000099999999899 0.00000000099999999899 0.00000000099999999899 0.00000000099999999899 0.00000000099999999899 0.00000000099999999899 0.00000000099999999899 
0.00000000099999999929 0.00000000099999999929 0.00000000099999999929 0.00000000099999999929 0.00000000099999999929 0.36775515814537612647 0.00000000099999999929 0.29618936177494453732 0.00000000099999999929 0.26654329194264175795 0.06951217913703751361 0.00000000099999999929 0.00000000099999999929 
0.00000000099999999930 0.00000000099999999930 0.00000000099999999930 0.00000000099999999930 0.00000000099999999930 0.58922920034490477992 0.00000000099999999930 0.39351214661268013595 0.01725864304241512409 0.00000000099999999930 0.00000000099999999930 0.00000000099999999930 0.00000000099999999930 
0.00000000099999999925 0.00000000099999999925 0.00000000099999999925 0.00000000099999999925 0.00000000099999999925 0.41209595266247683876 0.00000000099999999925 0.48054940671140644604 0.09878104493312633849 0.00000000099999999925 0.00857358669299023400 0.00000000099999999925 0.00000000099999999925 
0.00000000099999999898 0.00000000099999999898 0.99999998800000011734 0.00000000099999999898 0.00000000099999999898 0.00000000099999999898 0.00000000099999999898 0.00000000099999999898 0.00000000099999999898 0.00000000099999999898 0.00000000099999999898 0.00000000099999999898 0.00000000099999999898 
0.00000000099999999944 0.00000000099999999944 0.00000000099999999944 0.00000000099999999944 0.00000000099999999944 0.00000000099999999944 0.00000000099999999944 0.26614890476500302485 0.24355328411762411367 0.22357654287978118157 0.26672125923759154587 0.00000000099999999944 0.00000000099999999944 
0.00000000099999999949 0.00000000099999999949 0.00000000099999999949 0.76687046459853014380 0.16593501130400992172 0.00000000099999999949 0.00000000099999999949 0.00000000099999999949 0.00000000099999999949 0.00000000099999999949 0.00000000099999999949 0.00000000099999999949 0.06719451409746013404 
0.00000000099999999945 0.00000000099999999945 0.00000000099999999945 0.00000000099999999945 0.00000000099999999945 0.32102994480614310824 0.00000000099999999945 0.49235975155637168310 0.00000000099999999945 0.00014276381247330013 0.18646753082501194010 0.00000000099999999945 0.00000000099999999945 
0.00000000099999999923 0.00000000099999999923 0.00000000099999999923 0.00000000099999999923 0.00000000099999999923 0.54162013892747751242 0.00000000099999999923 0.33195927568027733257 0.00000000099999999923 0.06114579420491881440 0.06527478218732646331 0.00000000099999999923 0.00000000099999999923 
0.00000000099999999962 0.00000000099999999962 0.02554131795908723412 0.97445867104091299371 0.00000000099999999962 0.00000000099999999962 0.00000000099999999962 0.00000000099999999962 0.00000000099999999962 0.00000000099999999962 0.00000000099999999962 0.00000000099999999962 0.00000000099999999962 
0.00000000099999999933 0.00000000099999999933 0.00000000099999999933 0.00000000099999999933 0.00000000099999999933 0.52639958168873912658 0.00000000099999999933 0.17230958030843337991 0.22023748065239748262 0.00000467328436664757 0.08104867606606350194 0.00000000099999999933 0.00000000099999999933 
0.00000000099999999939 0.00000000099999999939 0.00000000099999999939 0.00000000099999999939 0.00000000099999999939 0.37172045988286500640 0.00000000099999999939 0.13206693185716597561 0.00000000099999999939 0.23167088437060906481 0.26454171488935995793 0.00000000099999999939 0.00000000099999999939 
0.00000000099999999920 0.00000000099999999920 0.00000000099999999920 0.00000000099999999920 0.00000000099999999920 0.00000000099999999920 0.00000000099999999920 0.00006927031446599318 0.00000000099999999920 0.99993071868553407011 0.00000000099999999920 0.00000000099999999920 0.00000000099999999920 
0.04938862595075219075 0.00000000099999999965 0.00000000099999999965 0.72610248754773953905 0.21373313484365821791 0.00000000099999999965 0.00000000099999999965 0.00000000099999999965 0.00000000099999999965 0.00000000099999999965 0.00000000099999999965 0.00000000099999999965 0.01077574265785034152 
0.13408819622675111072 0.30070520957581375887 0.00000000099999999973 0.31801590199377088863 0.00000000099999999973 0.00000000099999999973 0.00000000099999999973 0.00000000099999999973 0.00000000099999999973 0.00000000099999999973 0.00000000099999999973 0.00000000099999999973 0.24719068320366444080 
0.00000000099999999960 0.00000000099999999960 0.00000000099999999960 0.00000000099999999960 0.00000000099999999960 0.34090628420712543178 0.00000000099999999960 0.00003072341279228628 0.00000288082539140871 0.65903862757071451917 0.00002147598397641364 0.00000000099999999960 0.00000000099999999960 
0.00000000099999999860 0.00000000099999999860 0.99999998800000000632 0.00000000099999999860 0.00000000099999999860 0.00000000099999999860 0.00000000099999999860 0.00000000099999999860 0.00000000099999999860 0.00000000099999999860 0.00000000099999999860 0.00000000099999999860 0.00000000099999999860 
0.00000000099999999936 0.00000000099999999936 0.00000000099999999936 0.00000000099999999936 0.00000000099999999936 0.36041820080916514568 0.00000000099999999936 0.35790555300643545067 0.09472824258613773973 0.18694799459826152987 0.00000000099999999936 0.00000000099999999936 0.00000000099999999936 
0.00000000099999999960 0.00000000099999999960 0.00000000099999999960 0.89938580986886718094 0.00000000099999999960 0.00000000099999999960 0.10061417913113300526 0.00000000099999999960 0.00000000099999999960 0.00000000099999999960 0.00000000099999999960 0.00000000099999999960 0.00000000099999999960 
0.00000000099999999955 0.00000000099999999955 0.00000000099999999955 0.00000000099999999955 0.00000000099999999955 0.42768718607726580183 0.00000000099999999955 0.43101782052952208879 0.00022390821489456662 0.00000000099999999955 0.14107107617831743385 0.00000000099999999955 0.00000000099999999955 
0.00000000099999999931 0.00000000099999999931 0.00000000099999999931 0.00000000099999999931 0.00000000099999999931 0.77050732948115396859 0.00000000099999999931 0.22949265951884609271 0.00000000099999999931 0.00000000099999999931 0.00000000099999999931 0.00000000099999999931 0.00000000099999999931 
0.00000000099999999944 0.00000000099999999944 0.00000000099999999944 0.00000000099999999944 0.00000000099999999944 0.16841604927988856888 0.00000000099999999944 0.00000000099999999944 0.00000000099999999944 0.00000000099999999944 0.00000000099999999944 0.83158393972011135364 0.00000000099999999944 
0.99999998800000022836 0.00000000099999999913 0.00000000099999999913 0.00000000099999999913 0.00000000099999999913 0.00000000099999999913 0.00000000099999999913 0.00000000099999999913 0.00000000099999999913 0.00000000099999999913 0.00000000099999999913 0.00000000099999999913 0.00000000099999999913 
0.03019317710106764197 0.00000000099999999976 0.00000000099999999976 0.49163053818766971892 0.00000000099999999976 0.00000000099999999976 0.16306776041955933776 0.00000000099999999976 0.00000000099999999976 0.00000000099999999976 0.19846970223301829694 0.00000000099999999976 0.11663881405868516128 
0.00000000099999999911 0.00000000099999999911 0.00000000099999999911 0.00000000099999999911 0.00000000099999999911 0.00000000099999999911 0.99999998800000000632 0.00000000099999999911 0.00000000099999999911 0.00000000099999999911 0.00000000099999999911 0.00000000099999999911 0.00000000099999999911 
0.00000000099999999958 0.00000000099999999958 0.00000000099999999958 0.99999998800000022836 0.00000000099999999958 0.00000000099999999958 0.00000000099999999958 0.00000000099999999958 0.00000000099999999958 0.00000000099999999958 0.00000000099999999958 0.00000000099999999958 0.00000000099999999958 
0.00000000099999999870 0.00000000099999999870 0.99999998800000011734 0.00000000099999999870 0.00000000099999999870 0.00000000099999999870 0.00000000099999999870 0.00000000099999999870 0.00000000099999999870 0.00000000099999999870 0.00000000099999999870 0.00000000099999999870 0.00000000099999999870 
0.00000000099999999913 0.00000000099999999913 0.00000000099999999913 0.00000000099999999913 0.99999998800000011734 0.00000000099999999913 0.00000000099999999913 0.00000000099999999913 0.00000000099999999913 0.00000000099999999913 0.00000000099999999913 0.00000000099999999913 0.00000000099999999913 
0.00000000099999999976 0.00000000099999999976 0.00000000099999999976 0.00000000099999999976 0.00000000099999999976 0.34911897866917557254 0.00000000099999999976 0.41519482013746117355 0.16702370182032527657 0.00000000099999999976 0.06866249037303798208 0.00000000099999999976 0.00000000099999999976 
0.00000000099999999972 0.00000000099999999972 0.00000000099999999972 0.46818495305008622775 0.00000000099999999972 0.11210195744359111036 0.00000000099999999972 0.00000000099999999972 0.00000000099999999972 0.00000000099999999972 0.00000000099999999972 0.00000000099999999972 0.41971307950632275041 
0.00000000099999999977 0.00000000099999999977 0.00000000099999999977 0.00000000099999999977 0.00000000099999999977 0.00000000099999999977 0.00000000099999999977 0.40650765834107760455 0.00000000099999999977 0.00000000099999999977 0.59349233065892248451 0.00000000099999999977 0.00000000099999999977 
0.00000000099999999950 0.00000000099999999950 0.00000000099999999950 0.00000000099999999950 0.00000000099999999950 0.19543606097059662563 0.00000000099999999950 0.40094748204101748890 0.03103410690074107775 0.37258234108764481940 0.00000000099999999950 0.00000000099999999950 0.00000000099999999950 
0.00000000099999999957 0.00000000099999999957 0.00000000099999999957 0.00000000099999999957 0.00000000099999999957 0.56448313442987629873 0.00000000099999999957 0.36177520487324865694 0.00000000099999999957 0.07374165069687517449 0.00000000099999999957 0.00000000099999999957 0.00000000099999999957 
0.00000000099999999957 0.00000000099999999957 0.00000000099999999957 0.00000000099999999957 0.00000000099999999957 0.53330122231563503732 0.00000000099999999957 0.00000000099999999957 0.46669876668436510725 0.00000000099999999957 0.00000000099999999957 0.00000000099999999957 0.00000000099999999957 
0.00000000099999999939 0.00000000099999999939 0.00000000099999999939 0.00000000099999999939 0.99999998800000022836 0.00000000099999999939 0.00000000099999999939 0.00000000099999999939 0.00000000099999999939 0.00000000099999999939 0.00000000099999999939 0.00000000099999999939 0.00000000099999999939 
0.00000000099999999908 0.00000000099999999908 0.99999998800000022836 0.00000000099999999908 0.00000000099999999908 0.00000000099999999908 0.00000000099999999908 0.00000000099999999908 0.00000000099999999908 0.00000000099999999908 0.00000000099999999908 0.00000000099999999908 0.00000000099999999908 
0.00000000099999999969 0.00000000099999999969 0.00000000099999999969 0.00000000099999999969 0.00000000099999999969 0.40781513644769390448 0.00000000099999999969 0.00000000099999999969 0.00000000099999999969 0.59218485255230601805 0.00000000099999999969 0.00000000099999999969 0.00000000099999999969 
0.00000000099999999974 0.00000006502226832819 0.00000000099999999974 0.99999992397773185271 0.00000000099999999974 0.00000000099999999974 0.00000000099999999974 0.00000000099999999974 0.00000000099999999974 0.00000000099999999974 0.00000000099999999974 0.00000000099999999974 0.00000000099999999974 
0.99999998800000022836 0.00000000099999999947 0.00000000099999999947 0.00000000099999999947 0.00000000099999999947 0.00000000099999999947 0.00000000099999999947 0.00000000099999999947 0.00000000099999999947 0.00000000099999999947 0.00000000099999999947 0.00000000099999999947 0.00000000099999999947 
0.03339176023111042890 0.03599568937954662068 0.22460923084530054483 0.51377090006001346900 0.00000000099999999988 0.00000000099999999988 0.00000000099999999988 0.00000000099999999988 0.00000000099999999988 0.00000837459062026659 0.00000000099999999988 0.00234407600036051246 0.18987996289304837072 
0.00000000099999999933 0.00000000099999999933 0.91802655548640987870 0.00000000099999999933 0.00000000099999999933 0.00000000099999999933 0.00000000099999999933 0.00000000099999999933 0.00000000099999999933 0.00000000099999999933 0.08197343351359018260 0.00000000099999999933 0.00000000099999999933 
0.00000000099999999910 0.00000000099999999910 0.00000000099999999910 0.00000000099999999910 0.00000000099999999910 0.00000000099999999910 0.00000000099999999910 0.00000000099999999910 0.00000000099999999910 0.99999998800000000632 0.00000000099999999910 0.00000000099999999910 0.00000000099999999910 
0.00000000099999999956 0.00000000099999999956 0.00000000099999999956 0.00000000099999999956 0.00000000099999999956 0.24929113854740161949 0.00000000099999999956 0.26560940927345644269 0.23544591194323288841 0.00000000099999999956 0.24965353123590905415 0.00000000099999999956 0.00000000099999999956 
0.99999998800000022836 0.00000000099999999937 0.00000000099999999937 0.00000000099999999937 0.00000000099999999937 0.00000000099999999937 0.00000000099999999937 0.00000000099999999937 0.00000000099999999937 0.00000000099999999937 0.00000000099999999937 0.00000000099999999937 0.00000000099999999937 
0.00000000099999999972 0.00000000099999999972 0.00000000099999999972 0.00000000099999999972 0.00000000099999999972 0.00000000099999999972 0.00000000099999999972 0.00000000099999999972 0.00000000099999999972 0.00000000099999999972 0.00000000099999999972 0.99999998799999989529 0.00000000099999999972 
0.00000000099999999925 0.99999998800000033938 0.00000000099999999925 0.00000000099999999925 0.00000000099999999925 0.00000000099999999925 0.00000000099999999925 0.00000000099999999925 0.00000000099999999925 0.00000000099999999925 0.00000000099999999925 0.00000000099999999925 0.00000000099999999925 
0.00000000099999999970 0.00000000099999999970 0.00000000099999999970 0.00000000099999999970 0.00000000099999999970 0.00000000099999999970 0.00000000099999999970 0.00000000099999999970 0.00000000099999999970 0.00000000099999999970 0.00000000099999999970 0.99999998800000000632 0.00000000099999999970 
0.00000000099999999932 0.00000000099999999932 0.00000000099999999932 0.00000000099999999932 0.00000000099999999932 0.00000000099999999932 0.99999998800000011734 0.00000000099999999932 0.00000000099999999932 0.00000000099999999932 0.00000000099999999932 0.00000000099999999932 0.00000000099999999932 
0.00000000099999999907 0.00000000099999999907 0.99999998800000022836 0.00000000099999999907 0.00000000099999999907 0.00000000099999999907 0.00000000099999999907 0.00000000099999999907 0.00000000099999999907 0.00000000099999999907 0.00000000099999999907 0.00000000099999999907 0.00000000099999999907 
0.00000000099999999963 0.00000000099999999963 0.00000000099999999963 0.00000000099999999963 0.00000000099999999963 0.16869275844549327936 0.00000000099999999963 0.33026703405797597224 0.23642821016292009384 0.00000066341186056149 0.26461132592175018452 0.00000000099999999963 0.00000000099999999963 
0.00000000099999999923 0.00000000099999999923 0.00000000099999999923 0.00000000099999999923 0.00000000099999999923 0.00000000099999999923 0.99999998800000011734 0.00000000099999999923 0.00000000099999999923 0.00000000099999999923 0.00000000099999999923 0.00000000099999999923 0.00000000099999999923 
0.00000000099999999927 0.00000000099999999927 0.00000000099999999927 0.00000000099999999927 0.00000000099999999927 0.00000000099999999927 0.99999998800000011734 0.00000000099999999927 0.00000000099999999927 0.00000000099999999927 0.00000000099999999927 0.00000000099999999927 0.00000000099999999927 
0.00000000099999999958 0.00000000099999999958 0.00000000099999999958 0.00000000099999999958 0.00000000099999999958 0.32226591181872860092 0.00000000099999999958 0.21877445073432755240 0.11176918526162386847 0.00115430838352391331 0.34603613580179609643 0.00000000099999999958 0.00000000099999999958 
0.00000000099999999964 0.99999998800000022836 0.00000000099999999964 0.00000000099999999964 0.00000000099999999964 0.00000000099999999964 0.00000000099999999964 0.00000000099999999964 0.00000000099999999964 0.00000000099999999964 0.00000000099999999964 0.00000000099999999964 0.00000000099999999964 
0.00000000099999999977 0.00000000099999999977 0.00000000099999999977 0.60164940699642599498 0.20215874120649107715 0.00000000099999999977 0.00000000099999999977 0.00000000099999999977 0.00000000099999999977 0.00000000099999999977 0.00927543624342351374 0.00000000099999999977 0.18691640655365951429 
0.00000000099999999947 0.00000000099999999947 0.00000000099999999947 0.00000000099999999947 0.99999998800000022836 0.00000000099999999947 0.00000000099999999947 0.00000000099999999947 0.00000000099999999947 0.00000000099999999947 0.00000000099999999947 0.00000000099999999947 0.00000000099999999947 
0.00000000099999999937 0.00000000099999999937 0.00000000099999999937 0.00000000099999999937 0.00000000099999999937 0.00000000099999999937 0.00000000099999999937 0.00000000099999999937 0.00000000099999999937 0.00000000099999999937 0.99999998799999989529 0.00000000099999999937 0.00000000099999999937 
0.00000000099999999975 0.00000000099999999975 0.00000000099999999975 0.00000000099999999975 0.00000000099999999975 0.00000000099999999975 0.00000000099999999975 0.00000000099999999975 0.00000000099999999975 0.00000000099999999975 0.00000000099999999975 0.99999998800000000632 0.00000000099999999975 
0.00000000099999999947 0.00000000099999999947 0.00000000099999999947 0.00000000099999999947 0.00000000099999999947 0.00000000099999999947 0.00000000099999999947 0.00000000099999999947 0.00000000099999999947 0.00000000099999999947 0.00000000099999999947 0.99999998800000000632 0.00000000099999999947 
0.75105011685376188435 0.00000000099999999963 0.00000000099999999963 0.00000000099999999963 0.00000000099999999963 0.00000000099999999963 0.24894987214623826022 0.00000000099999999963 0.00000000099999999963 0.00000000099999999963 0.00000000099999999963 0.00000000099999999963 0.00000000099999999963 
0.00000000099999999945 0.00000000099999999945 0.00000000099999999945 0.00000000099999999945 0.69193746032373026900 0.00000000099999999945 0.30806252867626982006 0.00000000099999999945 0.00000000099999999945 0.00000000099999999945 0.00000000099999999945 0.00000000099999999945 0.00000000099999999945 
0.00000000099999999945 0.00000000099999999945 0.00000000099999999945 0.00000000099999999945 0.00000000099999999945 0.99999998800000022836 0.00000000099999999945 0.00000000099999999945 0.00000000099999999945 0.00000000099999999945 0.00000000099999999945 0.00000000099999999945 0.00000000099999999945 
0.00022708806683354384 0.00000000099999999983 0.00000000099999999983 0.00000000099999999983 0.00000000099999999983 0.26803485858803915987 0.00000000099999999983 0.00000059636562657163 0.00000000291909733158 0.66434666870803094074 0.04794474415782936511 0.01944603519454295160 0.00000000099999999983 
0.00000000099999999976 0.00000000099999999976 0.00000000099999999976 0.07400280591956852339 0.00000000099999999976 0.17536690084820141800 0.00000000099999999976 0.10127233646354114049 0.21841106439573948483 0.29918050228974413240 0.13176638308320537396 0.00000000099999999976 0.00000000099999999976 
0.15092603520384978433 0.00000000099999999971 0.00000000099999999971 0.00000000099999999971 0.00000000099999999971 0.00000000099999999971 0.83981805904020556675 0.00000000099999999971 0.00925589575594466980 0.00000000099999999971 0.00000000099999999971 0.00000000099999999971 0.00000000099999999971 
0.00000000099999999960 0.22194522211925077348 0.00000000099999999960 0.00000000099999999960 0.00000000099999999960 0.00000000099999999960 0.77782315230957732588 0.00023161557117207547 0.00000000099999999960 0.00000000099999999960 0.00000000099999999960 0.00000000099999999960 0.00000000099999999960 
0.00000000099999999926 0.00000000099999999926 0.00000000099999999926 0.00000000099999999926 0.00000000099999999926 0.00000000099999999926 0.99999998800000011734 0.00000000099999999926 0.00000000099999999926 0.00000000099999999926 0.00000000099999999926 0.00000000099999999926 0.00000000099999999926 
0.00000000099999999956 0.00000000099999999956 0.00000000099999999956 0.00000000099999999956 0.00000000099999999956 0.00000000099999999956 0.00000000099999999956 0.00000000099999999956 0.00000000099999999956 0.00000000099999999956 0.99999998800000000632 0.00000000099999999956 0.00000000099999999956 
0.00000000099999999944 0.00000000099999999944 0.00000000099999999944 0.00000000099999999944 0.00000000099999999944 0.00000000099999999944 0.00000000099999999944 0.00000000099999999944 0.00000000099999999944 0.00000000099999999944 0.00000000099999999944 0.99999998799999989529 0.00000000099999999944 
0.80854686011121701394 0.00000000099999999951 0.00000000099999999951 0.00000000099999999951 0.00000000099999999951 0.00000000099999999951 0.19145312888878332491 0.00000000099999999951 0.00000000099999999951 0.00000000099999999951 0.00000000099999999951 0.00000000099999999951 0.00000000099999999951 
0.00000000099999999964 0.00000000099999999964 0.00000000099999999964 0.00000000099999999964 0.00000000099999999964 0.00000000099999999964 0.00000000099999999964 0.69591973180629462803 0.00000000318357061650 0.00000000099999999964 0.30408025501013469238 0.00000000099999999964 0.00000000099999999964 
0.00000000099999999962 0.00000000099999999962 0.00000000099999999962 0.00000000099999999962 0.00000000099999999962 0.00000000099999999962 0.00000000099999999962 0.00000000099999999962 0.00000000099999999962 0.00000000099999999962 0.00000000099999999962 0.99999998800000000632 0.00000000099999999962 
0.00000000099999999967 0.00000000099999999967 0.00000000099999999967 0.99999998800000022836 0.00000000099999999967 0.00000000099999999967 0.00000000099999999967 0.00000000099999999967 0.00000000099999999967 0.00000000099999999967 0.00000000099999999967 0.00000000099999999967 0.00000000099999999967 
0.00000000099999999945 0.00000000099999999945 0.00000000099999999945 0.00000000099999999945 0.00000000099999999945 0.00000000099999999945 0.00000000099999999945 0.00000000099999999945 0.00000000099999999945 0.00000000099999999945 0.00000000099999999945 0.00000000099999999945 0.99999998800000000632 
0.00000000099999999957 0.00000000099999999957 0.00000000099999999957 0.00000000099999999957 0.99999998800000011734 0.00000000099999999957 0.00000000099999999957 0.00000000099999999957 0.00000000099999999957 0.00000000099999999957 0.00000000099999999957 0.00000000099999999957 0.00000000099999999957 
0.00000000099999999969 0.00000000099999999969 0.00000000099999999969 0.00000000099999999969 0.00000000099999999969 0.00000000099999999969 0.76572373265145687871 0.00000000099999999969 0.00000000099999999969 0.00000000099999999969 0.00000000099999999969 0.00000000099999999969 0.23427625634854321035 
0.00000000099999999938 0.99999998800000033938 0.00000000099999999938 0.00000000099999999938 0.00000000099999999938 0.00000000099999999938 0.00000000099999999938 0.00000000099999999938 0.00000000099999999938 0.00000000099999999938 0.00000000099999999938 0.00000000099999999938 0.00000000099999999938 
0.00000000099999999975 0.00000000099999999975 0.00000000099999999975 0.00000000099999999975 0.00000000099999999975 0.50659542234166587971 0.28618225576100425611 0.00000000099999999975 0.00000000099999999975 0.00000000099999999975 0.20722231189732984169 0.00000000099999999975 0.00000000099999999975 
0.00000000099999999959 0.14802947473695424185 0.00000000099999999959 0.00000000099999999959 0.00000000099999999959 0.00000000099999999959 0.00000000099999999959 0.00000000099999999959 0.00000000099999999959 0.00000000099999999959 0.00000000099999999959 0.00000000099999999959 0.85197051426304581945 
0.00000000099999999946 0.00000000099999999946 0.00000000099999999946 0.00000000099999999946 0.00000000099999999946 0.00000000099999999946 0.99999998800000000632 0.00000000099999999946 0.00000000099999999946 0.00000000099999999946 0.00000000099999999946 0.00000000099999999946 0.00000000099999999946 
0.00000000099999999953 0.00000000099999999953 0.00000000099999999953 0.00000000099999999953 0.00000000099999999953 0.71893727953211727932 0.00000000099999999953 0.00000000099999999953 0.00000000099999999953 0.00000000099999999953 0.28106270946788297627 0.00000000099999999953 0.00000000099999999953 
0.24449073929741016453 0.24833875517748987827 0.00000000099999999987 0.39514567147439438877 0.03424302963141009903 0.00000000099999999987 0.07778178101580410231 0.00000000099999999987 0.00000000099999999987 0.00000000099999999987 0.00000000099999999987 0.00000000099999999987 0.00000001640349154240 
0.17677092016452061740 0.47339823003038344895 0.06610113883044532734 0.00000000099999999985 0.00000000099999999985 0.00000000099999999985 0.00000000099999999985 0.00000000099999999985 0.00000000099999999985 0.00000000099999999985 0.00000000099999999985 0.00000000099999999985 0.28372970197465086084 
0.00000000099999999972 0.00000000099999999972 0.00000000099999999972 0.00000000099999999972 0.00000000099999999972 0.00000000099999999972 0.00000000099999999972 0.07245739301909477625 0.00000000099999999972 0.00000000099999999972 0.00000000099999999972 0.92754259598090516015 0.00000000099999999972 
0.00000000099999999933 0.00000000099999999933 0.00000000099999999933 0.00000000099999999933 0.00000000099999999933 0.00000000099999999933 0.00000000099999999933 0.00000000099999999933 0.00000000099999999933 0.00000000099999999933 0.00000000099999999933 0.99999998800000000632 0.00000000099999999933 
0.00000000099999999963 0.99999998800000033938 0.00000000099999999963 0.00000000099999999963 0.00000000099999999963 0.00000000099999999963 0.00000000099999999963 0.00000000099999999963 0.00000000099999999963 0.00000000099999999963 0.00000000099999999963 0.00000000099999999963 0.00000000099999999963 
0.00000000099999999950 0.00000000099999999950 0.00000000099999999950 0.00000000099999999950 0.00000000099999999950 0.00000000099999999950 0.00000000099999999950 0.99999998800000000632 0.00000000099999999950 0.00000000099999999950 0.00000000099999999950 0.00000000099999999950 0.00000000099999999950 
0.00000000099999999986 0.00000000099999999986 0.00000000099999999986 0.69944357275056456835 0.16919804732379875589 0.00000000099999999986 0.00000000099999999986 0.00000000099999999986 0.00000000099999999986 0.00000000099999999986 0.13135836992563668102 0.00000000099999999986 0.00000000099999999986 
0.00000000099999999987 0.00040908277374063950 0.04687607986712705177 0.00000000099999999987 0.00000000099999999987 0.00000000099999999987 0.24641990517400491623 0.00000000099999999987 0.00000000099999999987 0.00000000099999999987 0.23704056467537651387 0.00000000099999999987 0.46925435950975091792 
0.00000000099999999986 0.25341301841924301907 0.00000000099999999986 0.05665849255981419974 0.00000000099999999986 0.12210423065417796984 0.00000000099999999986 0.00000000099999999986 0.24381885034268688250 0.05839058130558906490 0.00000000099999999986 0.00000000099999999986 0.26561481971848877048 
0.14225491466137263341 0.00000000099999999980 0.00000000099999999980 0.00000000099999999980 0.00000000099999999980 0.00000000099999999980 0.00000000099999999980 0.00000000099999999980 0.67705203808021519052 0.00000000099999999980 0.00000000099999999980 0.18069303725841212582 0.00000000099999999980 
0.00000000099999999975 0.00000000099999999975 0.00000000099999999975 0.00000000099999999975 0.00000000099999999975 0.00000000099999999975 0.00000000099999999975 0.99999998800000000632 0.00000000099999999975 0.00000000099999999975 0.00000000099999999975 0.00000000099999999975 0.00000000099999999975 
0.00000000099999999981 0.00000000099999999981 0.00000000099999999981 0.00000000099999999981 0.00000000099999999981 0.99999998800000011734 0.00000000099999999981 0.00000000099999999981 0.00000000099999999981 0.00000000099999999981 0.00000000099999999981 0.00000000099999999981 0.00000000099999999981 
0.00000000099999999985 0.00000000099999999985 0.22388624706650897545 0.33466640235919342672 0.00000000099999999985 0.00000000099999999985 0.00917264747376153600 0.00000000099999999985 0.00000000099999999985 0.00000000099999999985 0.00000000099999999985 0.13516093560117178884 0.29711375949936436047 
0.00000000099999999987 0.08354728452077762879 0.00000000099999999987 0.00000000099999999987 0.00000000099999999987 0.20238333661085880499 0.00000000099999999987 0.19380354428760959706 0.32170119232346167104 0.00000000099999999987 0.00000000099999999987 0.19856463425729226069 0.00000000099999999987 
0.00000000099999999985 0.00000000099999999985 0.11655420778607766819 0.00000000099999999985 0.00000000099999999985 0.00000000099999999985 0.00000002259250442037 0.41511632079302129839 0.00000000099999999985 0.46832943982839658759 0.00000000099999999985 0.00000000099999999985 0.00000000099999999985 
0.00000000099999999969 0.00000000099999999969 0.00000000099999999969 0.00000000099999999969 0.00000000099999999969 0.22432403606943704388 0.00000000099999999969 0.00000000099999999969 0.51801415357749436286 0.25766180035306873730 0.00000000099999999969 0.00000000099999999969 0.00000000099999999969 
0.00000000099999999965 0.00000000099999999965 0.00000000099999999965 0.00000000099999999965 0.00000000099999999965 0.00000000099999999965 0.00000000099999999965 0.00000000099999999965 0.99999998800000000632 0.00000000099999999965 0.00000000099999999965 0.00000000099999999965 0.00000000099999999965 
0.00000000099999999977 0.00000000099999999977 0.00000000099999999977 0.00000000099999999977 0.00000000099999999977 0.31704884721350767851 0.00000000099999999977 0.18871322215257427257 0.00000000099999999977 0.00000000099999999977 0.44177385873021113305 0.00000000099999999977 0.05246406290370703857 
0.99999998007391033283 0.00000000099999999977 0.00000000099999999977 0.00000000099999999977 0.00000000099999999977 0.00000000099999999977 0.00000000099999999977 0.00000000099999999977 0.00000000099999999977 0.00000000099999999977 0.00000000892608996960 0.00000000099999999977 0.00000000099999999977 
0.00000000099999999963 0.00000000099999999963 0.00000000099999999963 0.00000000099999999963 0.00000000099999999963 0.18913131638150496028 0.00000000099999999963 0.81086867261849504551 0.00000000099999999963 0.00000000099999999963 0.00000000099999999963 0.00000000099999999963 0.00000000099999999963 
0.00000000099999999980 0.00000000099999999980 0.00000000099999999980 0.00000000099999999980 0.00000000099999999980 0.29715741699503361861 0.00000000099999999980 0.00000000099999999980 0.28014664260055333056 0.38898563759917792471 0.03371029380523512392 0.00000000099999999980 0.00000000099999999980 
0.00000000099999999981 0.60859714294571887194 0.00000000099999999981 0.00000000099999999981 0.39140284605428149467 0.00000000099999999981 0.00000000099999999981 0.00000000099999999981 0.00000000099999999981 0.00000000099999999981 0.00000000099999999981 0.00000000099999999981 0.00000000099999999981 
0.00000000099999999962 0.00000000099999999962 0.00000000099999999962 0.00000000099999999962 0.00000000099999999962 0.00000000099999999962 0.00000000099999999962 0.00000000099999999962 0.00000000099999999962 0.00000000099999999962 0.00000000099999999962 0.00000000099999999962 0.99999998800000000632 
0.00000000099999999989 0.00000000099999999989 0.00000000099999999989 0.00000000099999999989 0.00000000099999999989 0.00000000099999999989 0.00000000099999999989 0.00000000099999999989 0.00000000099999999989 0.00001212831981023988 0.27934138547869585834 0.00000000099999999989 0.72064647620149391294 
0.27926269695358291179 0.57942297550751753477 0.00000000099999999982 0.12245665439635922134 0.00000000099999999982 0.00000000099999999982 0.00000000099999999982 0.00000000099999999982 0.01885766414254050338 0.00000000099999999982 0.00000000099999999982 0.00000000099999999982 0.00000000099999999982 
0.13041246019268989964 0.00000000099999999984 0.00000000099999999984 0.00000000099999999984 0.00000000099999999984 0.00000000099999999984 0.00000000099999999984 0.13706522259360823246 0.73252230507199433962 0.00000000314170769355 0.00000000099999999984 0.00000000099999999984 0.00000000099999999984 
0.00000000099999999975 0.00000000099999999975 0.00000000099999999975 0.00000000099999999975 0.00000000099999999975 0.00000000099999999975 0.00000000099999999975 0.00000000099999999975 0.89746879814640656559 0.00000000099999999975 0.00000000099999999975 0.10253119085359342633 0.00000000099999999975 
0.00000000099999999978 0.00000000099999999978 0.00000000099999999978 0.85266079575419340131 0.00000000099999999978 0.00000000099999999978 0.00000000099999999978 0.00000000099999999978 0.14733919324580674326 0.00000000099999999978 0.00000000099999999978 0.00000000099999999978 0.00000000099999999978 
0.00000000099999999981 0.00000000099999999981 0.00000000099999999981 0.00000000099999999981 0.00000000099999999981 0.99999998800000022836 0.00000000099999999981 0.00000000099999999981 0.00000000099999999981 0.00000000099999999981 0.00000000099999999981 0.00000000099999999981 0.00000000099999999981 
0.00000000099999999980 0.00000000099999999980 0.00000000099999999980 0.00000000099999999980 0.00000000099999999980 0.00000000099999999980 0.00000000099999999980 0.00000000099999999980 0.83314154296633791130 0.00000000143890388871 0.00000000099999999980 0.16685844559475826454 0.00000000099999999980 
0.00000000099999999962 0.00000000099999999962 0.00000000099999999962 0.00000000099999999962 0.00000000099999999962 0.00000000099999999962 0.00000000099999999962 0.99999998800000000632 0.00000000099999999962 0.00000000099999999962 0.00000000099999999962 0.00000000099999999962 0.00000000099999999962 
0.00000000099999999987 0.00000000099999999987 0.00000000099999999987 0.00000000099999999987 0.09456085789959203791 0.00000000099999999987 0.00000000099999999987 0.00000000099999999987 0.27168214223743475388 0.63375698986297313020 0.00000000099999999987 0.00000000099999999987 0.00000000099999999987 
0.00000000099999999969 0.00000000099999999969 0.00000000099999999969 0.00000000099999999969 0.00000000099999999969 0.00000000099999999969 0.00000000099999999969 0.00000000099999999969 0.99999998800000011734 0.00000000099999999969 0.00000000099999999969 0.00000000099999999969 0.00000000099999999969 
0.40703798529797741157 0.00000000099999999984 0.38218712135602322943 0.11269740173228456892 0.00000000099999999984 0.00000000099999999984 0.00000000099999999984 0.00000000099999999984 0.00000000099999999984 0.00000000099999999984 0.00000000099999999984 0.00000000099999999984 0.09807748261371512788 
0.00000000099999999988 0.52477987259132152786 0.12061486477179725330 0.00000000099999999988 0.12257332280652326328 0.17485074635254610476 0.00000000099999999988 0.00000000099999999988 0.00000000099999999988 0.00000000099999999988 0.00000000099999999988 0.00000000099999999988 0.05718118547781216726 
0.00000000099999999969 0.00000000099999999969 0.00000000099999999969 0.00000000099999999969 0.00000000099999999969 0.00000000099999999969 0.00000000099999999969 0.00000000099999999969 0.99999998800000000632 0.00000000099999999969 0.00000000099999999969 0.00000000099999999969 0.00000000099999999969 
0.00000000099999999959 0.99999998800000033938 0.00000000099999999959 0.00000000099999999959 0.00000000099999999959 0.00000000099999999959 0.00000000099999999959 0.00000000099999999959 0.00000000099999999959 0.00000000099999999959 0.00000000099999999959 0.00000000099999999959 0.00000000099999999959 
0.00000000099999999956 0.00000000099999999956 0.00000000099999999956 0.00000000099999999956 0.00000000099999999956 0.00000000099999999956 0.00000000099999999956 0.00000000099999999956 0.00000000099999999956 0.00000000099999999956 0.00000000099999999956 0.99999998800000000632 0.00000000099999999956 
0.00000000099999999960 0.00000000099999999960 0.00000000099999999960 0.00000000099999999960 0.00000000099999999960 0.00000000099999999960 0.00000000099999999960 0.99999998800000000632 0.00000000099999999960 0.00000000099999999960 0.00000000099999999960 0.00000000099999999960 0.00000000099999999960 
0.00000000099999999979 0.00000000099999999979 0.00000000099999999979 0.00000000099999999979 0.00000000099999999979 0.00000000099999999979 0.00000000099999999979 0.00000000099999999979 0.00000000099999999979 0.23046716964431193664 0.00000000099999999979 0.76953281935568818017 0.00000000099999999979 
0.00000000099999999949 0.00000000099999999949 0.00000000099999999949 0.00000000099999999949 0.00000000099999999949 0.00000000099999999949 0.00000000099999999949 0.00000000099999999949 0.00000000099999999949 0.00000000099999999949 0.99999998799999989529 0.00000000099999999949 0.00000000099999999949 
0.00000000099999999952 0.00000000099999999952 0.99999998800000011734 0.00000000099999999952 0.00000000099999999952 0.00000000099999999952 0.00000000099999999952 0.00000000099999999952 0.00000000099999999952 0.00000000099999999952 0.00000000099999999952 0.00000000099999999952 0.00000000099999999952 
0.00000000099999999983 0.06896389684947665244 0.00000000099999999983 0.00000000099999999983 0.00000000099999999983 0.00000000099999999983 0.00000000099999999983 0.49078248532536233872 0.00000000099999999983 0.00000000099999999983 0.00000000099999999983 0.44025360782516109737 0.00000000099999999983 
