0.00000000099999999906 0.00000000099999999906 0.00000000099999999906 0.00000000099999999906 0.00000000099999999906 0.99999998900000008906 0.00000000099999999906 0.00000000099999999906 0.00000000099999999906 0.00000000099999999906 0.00000000099999999906 0.00000000099999999906 
0.00000000099999999932 0.00000000099999999932 0.00000000099999999932 0.00000000099999999932 0.00000000099999999932 0.00000000099999999932 0.00000000099999999932 0.38430633168850658610 0.00000000099999999932 0.61569365831149347468 0.00000000099999999932 0.00000000099999999932 
0.00000000099999999858 0.00000000099999999858 0.00000000099999999858 0.00000000099999999858 0.00000000099999999858 0.00000000099999999858 0.00000000099999999858 0.00000000099999999858 0.00000000099999999858 0.00000000099999999858 0.00000000099999999858 0.99999998899999997803 
0.00897112634856626380 0.00000000099999999933 0.00000000099999999933 0.00000000099999999933 0.00000000099999999933 0.00000000099999999933 0.14492223438602014340 0.40632873088206683532 0.00000000099999999933 0.40865107251561932911 0.00000000099999999933 0.03112682886772748930 
0.00000000099999999926 0.00000000099999999926 0.00000000099999999926 0.00000000099999999926 0.00000000099999999926 0.00000000099999999926 0.00000000099999999926 0.29848968486075944107 0.00000000099999999926 0.70151030513924061971 0.00000000099999999926 0.00000000099999999926 
0.00000000099999999954 0.72579134438690962039 0.27420864561309055141 0.00000000099999999954 0.00000000099999999954 0.00000000099999999954 0.00000000099999999954 0.00000000099999999954 0.00000000099999999954 0.00000000099999999954 0.00000000099999999954 0.00000000099999999954 
0.00000000099999999946 0.00000000099999999946 0.00000000099999999946 0.00000000099999999946 0.00000000099999999946 0.00000000099999999946 0.00000000099999999946 0.00000000099999999946 0.00000000099999999946 0.00000000099999999946 0.99999998899999997803 0.00000000099999999946 
0.00000000099999999942 0.00000000099999999942 0.00000000099999999942 0.71649671310586093842 0.00000000099999999942 0.00000000099999999942 0.00000000099999999942 0.28350327689413923338 0.00000000099999999942 0.00000000099999999942 0.00000000099999999942 0.00000000099999999942 
0.00000000099999999895 0.00000000099999999895 0.00000000099999999895 0.00000000099999999895 0.00000000099999999895 0.00000000099999999895 0.00000000099999999895 0.00000000099999999895 0.00000000099999999895 0.00000000099999999895 0.00000000099999999895 0.99999998899999997803 
0.00000000099999999906 0.99999998900000020008 0.00000000099999999906 0.00000000099999999906 0.00000000099999999906 0.00000000099999999906 0.00000000099999999906 0.00000000099999999906 0.00000000099999999906 0.00000000099999999906 0.00000000099999999906 0.00000000099999999906 
0.08354031792476261653 0.00000000099999999942 0.00000000099999999942 0.00000000099999999942 0.00000000099999999942 0.00000000099999999942 0.00000000099999999942 0.42821243849332113474 0.00000000099999999942 0.19432652505815384281 0.00000000099999999942 0.29392071052376245177 
0.20745674363468397106 0.00000000099999999944 0.00000000099999999944 0.00000000099999999944 0.00000000099999999944 0.00000000099999999944 0.00000000099999999944 0.42101840572252957617 0.00000000099999999944 0.37152484164278659629 0.00000000099999999944 0.00000000099999999944 
0.12450844003096711576 0.00000000099999999937 0.00000000099999999937 0.00000000099999999937 0.00000000099999999937 0.00000000099999999937 0.00000000099999999937 0.42376259568353241702 0.00000000099999999937 0.45172895528550049971 0.00000000099999999937 0.00000000099999999937 
0.00000000099999999909 0.00000000099999999909 0.00000000099999999909 0.00000000099999999909 0.99999998900000008906 0.00000000099999999909 0.00000000099999999909 0.00000000099999999909 0.00000000099999999909 0.00000000099999999909 0.00000000099999999909 0.00000000099999999909 
0.00000000099999999953 0.00000000099999999953 0.00000000099999999953 0.47297726072547974230 0.00000000099999999953 0.00000000099999999953 0.12616841108442242159 0.15704335751666848031 0.00000000099999999953 0.00078330067880732666 0.00000000099999999953 0.24302766299462186250 
0.00000000099999999964 0.16814797279056106771 0.83185201720943913184 0.00000000099999999964 0.00000000099999999964 0.00000000099999999964 0.00000000099999999964 0.00000000099999999964 0.00000000099999999964 0.00000000099999999964 0.00000000099999999964 0.00000000099999999964 
0.00000000099999999956 0.00000000099999999956 0.00000000099999999956 0.10424523987167556849 0.00000000099999999956 0.00000000099999999956 0.00000000099999999956 0.34945686587104712872 0.00000000099999999956 0.54629788525727740467 0.00000000099999999956 0.00000000099999999956 
0.00000000099999999938 0.00000000099999999938 0.00000000099999999938 0.00000000099999999938 0.00000000099999999938 0.00000000099999999938 0.03592505697162131501 0.36939756008849961022 0.00000000099999999938 0.49905849983975958395 0.00000000099999999938 0.09561887510011948810 
0.00000000099999999960 0.00000000099999999960 0.00000000099999999960 0.00000000099999999960 0.01835850343192729425 0.00000000099999999960 0.00000000099999999960 0.00000000099999999960 0.00000000099999999960 0.00000000099999999960 0.98164148656807270754 0.00000000099999999960 
0.24971211976510407360 0.00000000099999999947 0.00000000099999999947 0.00000000099999999947 0.00000000099999999947 0.00000000099999999947 0.00000000099999999947 0.32486792685779397605 0.00000000099999999947 0.37209379476573561929 0.00000000099999999947 0.05332615061136646711 
0.00000000099999999957 0.00000000099999999957 0.00000000099999999957 0.01706422059976202971 0.00000000099999999957 0.00000000099999999957 0.00000000099999999957 0.43246797528102948194 0.00000000099999999957 0.27516624393550032091 0.00000000099999999957 0.27530155218370816472 
0.00000000099999999931 0.00000000099999999931 0.00000000099999999931 0.00000000099999999931 0.00000000099999999931 0.00000000099999999931 0.00000000099999999931 0.00000000099999999931 0.00000000099999999931 0.00000000099999999931 0.00000000099999999931 0.99999998900000008906 
0.00000000099999999978 0.00000000913592221800 0.73514661865914510130 0.00000000099999999978 0.00000000099999999978 0.00000000099999999978 0.00000000099999999978 0.00000000099999999978 0.26485336320493285678 0.00000000099999999978 0.00000000099999999978 0.00000000099999999978 
0.00000000099999999979 0.14756193794386801565 0.45951876871575958461 0.00000000099999999979 0.00000000099999999979 0.00000000099999999979 0.00000000099999999979 0.00000000099999999979 0.00000000099999999979 0.00000000099999999979 0.39291928434037243223 0.00000000099999999979 
0.00000000099999999968 0.00000000099999999968 0.00000000099999999968 0.13439846854899051287 0.00000000099999999968 0.00000000099999999968 0.00000000099999999968 0.15727068998037041503 0.00000000099999999968 0.11089463955337586221 0.00000000099999999968 0.59743619391726310308 
0.00000000099999999869 0.00000000099999999869 0.00000000099999999869 0.00000000099999999869 0.99999998900000008906 0.00000000099999999869 0.00000000099999999869 0.00000000099999999869 0.00000000099999999869 0.00000000099999999869 0.00000000099999999869 0.00000000099999999869 
0.01898231971373911392 0.00000000099999999952 0.00000000099999999952 0.09287589508579888187 0.00000000099999999952 0.00000000099999999952 0.00340744545269213014 0.30867851517364441882 0.00000000099999999952 0.37162579470584661268 0.00000000099999999952 0.20443002386827868744 
0.00000000099999999954 0.00000000099999999954 0.00000000099999999954 0.00000000099999999954 0.00000000099999999954 0.00000000099999999954 0.00000000099999999954 0.00000000099999999954 0.00000000099999999954 0.00000000099999999954 0.99999998899999997803 0.00000000099999999954 
0.11213670165636850651 0.00000000099999999959 0.00000000099999999959 0.00006798837779618096 0.00000000099999999959 0.00000000099999999959 0.00000000099999999959 0.28859197656834922885 0.00000000099999999959 0.59920332539748599743 0.00000000099999999959 0.00000000099999999959 
0.00000000099999999950 0.00000000099999999950 0.00000000099999999950 0.05821901476903813127 0.00000000099999999950 0.00000000099999999950 0.13487202709776818788 0.29048209846745687290 0.00000000099999999950 0.46021680871185494111 0.00000000099999999950 0.05621004395388182889 
0.00000000099999999948 0.00000000099999999948 0.00000000099999999948 0.00000000099999999948 0.00000000099999999948 0.75855152634102462894 0.24144846365897551510 0.00000000099999999948 0.00000000099999999948 0.00000000099999999948 0.00000000099999999948 0.00000000099999999948 
0.00000000099999999924 0.99999998900000031110 0.00000000099999999924 0.00000000099999999924 0.00000000099999999924 0.00000000099999999924 0.00000000099999999924 0.00000000099999999924 0.00000000099999999924 0.00000000099999999924 0.00000000099999999924 0.00000000099999999924 
0.00000000564376189087 0.05243046028460391500 0.00000000099999999978 0.00000000099999999978 0.00000000099999999978 0.00000000099999999978 0.00000000099999999978 0.00000000099999999978 0.10144735148071380715 0.13156537595600303892 0.71455679963491736117 0.00000000099999999978 
0.00000000099999999918 0.00000000099999999918 0.00000000099999999918 0.00000000099999999918 0.00000000099999999918 0.00000000099999999918 0.00000000099999999918 0.00000000099999999918 0.99999998899999997803 0.00000000099999999918 0.00000000099999999918 0.00000000099999999918 
0.00000000099999999985 0.00000000099999999985 0.45255024442717090016 0.09789513343579278604 0.00000000099999999985 0.00000000099999999985 0.00000000099999999985 0.00000000099999999985 0.00000000099999999985 0.00000000099999999985 0.44955461313703642956 0.00000000099999999985 
0.00000000099999999876 0.00000000099999999876 0.00000000099999999876 0.00000000099999999876 0.99999998900000008906 0.00000000099999999876 0.00000000099999999876 0.00000000099999999876 0.00000000099999999876 0.00000000099999999876 0.00000000099999999876 0.00000000099999999876 
0.00000000099999999989 0.06042266978866452087 0.05510833746609288680 0.05829284793813069299 0.26169434778590616730 0.00000000099999999989 0.06915432918988187461 0.00000000344735169743 0.38669577699360729861 0.00000000099999999989 0.10863168339036470555 0.00000000099999999989 
0.39162180500933874150 0.00000000099999999970 0.00000000099999999970 0.00000000099999999970 0.00000000099999999970 0.00000000099999999970 0.00000000099999999970 0.60837818499066109723 0.00000000099999999970 0.00000000099999999970 0.00000000099999999970 0.00000000099999999970 
0.00000000099999999979 0.00000000099999999979 0.00000000099999999979 0.00000073753774286327 0.00000000099999999979 0.00000000099999999979 0.03620128869286637352 0.00000000099999999979 0.00000000099999999979 0.00000000099999999979 0.96379796476939072480 0.00000000099999999979 
0.00000000099999999959 0.00000000099999999959 0.00000000099999999959 0.99999998900000008906 0.00000000099999999959 0.00000000099999999959 0.00000000099999999959 0.00000000099999999959 0.00000000099999999959 0.00000000099999999959 0.00000000099999999959 0.00000000099999999959 
0.23991711944942556434 0.00000000099999999956 0.00000000099999999956 0.00000000099999999956 0.00000000099999999956 0.00000000099999999956 0.00000000099999999956 0.30599944674248907850 0.00000000099999999956 0.00000004625095145145 0.00000000099999999956 0.45408337955713395928 
0.00000000099999999957 0.00000000099999999957 0.00000000099999999957 0.00000000099999999957 0.00000000099999999957 0.00000000099999999957 0.00000000099999999957 0.57723575372568380892 0.00000000099999999957 0.35032781125424367064 0.00000000099999999957 0.07243642602007258069 
0.16188262023541086232 0.00000000099999999943 0.00000000099999999943 0.00000000099999999943 0.00000000099999999943 0.00000000099999999943 0.83811736976458917070 0.00000000099999999943 0.00000000099999999943 0.00000000099999999943 0.00000000099999999943 0.00000000099999999943 
0.00000000099999999986 0.00000000099999999986 0.00520878598647102255 0.00000000099999999986 0.28061034072299756437 0.00000000099999999986 0.00000000099999999986 0.00000000099999999986 0.52790807857692512162 0.00000000099999999986 0.00000000099999999986 0.18627278671360625317 
0.00000000099999999916 0.00000000099999999916 0.00000000099999999916 0.00000000099999999916 0.99999998900000020008 0.00000000099999999916 0.00000000099999999916 0.00000000099999999916 0.00000000099999999916 0.00000000099999999916 0.00000000099999999916 0.00000000099999999916 
0.06182707691073017348 0.00000000099999999970 0.00000000099999999970 0.00000000099999999970 0.00000000099999999970 0.00000000099999999970 0.15402206122758657636 0.08241897276642311254 0.00000000099999999970 0.13033031742035966483 0.00000000099999999970 0.57140156467490044179 
0.02312516682932373377 0.00000000099999999984 0.73860627392362632193 0.00000000099999999984 0.00000000099999999984 0.08792155197858700366 0.00000000099999999984 0.00000000099999999984 0.00220773817520061085 0.00000000099999999984 0.14813926209326250261 0.00000000099999999984 
0.00000000099999999953 0.99999998900000031110 0.00000000099999999953 0.00000000099999999953 0.00000000099999999953 0.00000000099999999953 0.00000000099999999953 0.00000000099999999953 0.00000000099999999953 0.00000000099999999953 0.00000000099999999953 0.00000000099999999953 
0.00000000099999999981 0.00000000099999999981 0.17493186704786445329 0.00000000099999999981 0.21002456208655503889 0.00000000099999999981 0.00000000099999999981 0.00000000099999999981 0.00000000099999999981 0.00000000099999999981 0.61504356186558029052 0.00000000099999999981 
0.00000000099999999938 0.00000000099999999938 0.00000000099999999938 0.00000000099999999938 0.90532728859154587564 0.00000000099999999938 0.09467270140845421289 0.00000000099999999938 0.00000000099999999938 0.00000000099999999938 0.00000000099999999938 0.00000000099999999938 
0.00000000099999999927 0.00000000099999999927 0.00000000099999999927 0.00000000099999999927 0.00000000099999999927 0.00000000099999999927 0.00000000099999999927 0.00000000099999999927 0.00000000099999999927 0.00000000099999999927 0.00000000099999999927 0.99999998899999997803 
0.42016022055805934965 0.00000000099999999967 0.00000000099999999967 0.00000000099999999967 0.00000000099999999967 0.00000000099999999967 0.10007155043295457020 0.32803331836894972229 0.00000000099999999967 0.15173490264003633432 0.00000000099999999967 0.00000000099999999967 
0.00000000099999999943 0.99999998900000031110 0.00000000099999999943 0.00000000099999999943 0.00000000099999999943 0.00000000099999999943 0.00000000099999999943 0.00000000099999999943 0.00000000099999999943 0.00000000099999999943 0.00000000099999999943 0.00000000099999999943 
0.00000000099999999977 0.00000000099999999977 0.00000000099999999977 0.00000000099999999977 0.00000000099999999977 0.99999998900000008906 0.00000000099999999977 0.00000000099999999977 0.00000000099999999977 0.00000000099999999977 0.00000000099999999977 0.00000000099999999977 
0.00000000099999999955 0.00000000099999999955 0.99999998900000020008 0.00000000099999999955 0.00000000099999999955 0.00000000099999999955 0.00000000099999999955 0.00000000099999999955 0.00000000099999999955 0.00000000099999999955 0.00000000099999999955 0.00000000099999999955 
0.00000000099999999974 0.00000000099999999974 0.00000000099999999974 0.00000000099999999974 0.00000000099999999974 0.99999998900000008906 0.00000000099999999974 0.00000000099999999974 0.00000000099999999974 0.00000000099999999974 0.00000000099999999974 0.00000000099999999974 
0.00000000099999999959 0.18044527472238966470 0.00000000099999999959 0.00000000099999999959 0.00000000099999999959 0.00000000099999999959 0.00000000099999999959 0.00000000099999999959 0.81955471527761036832 0.00000000099999999959 0.00000000099999999959 0.00000000099999999959 
0.00000000099999999920 0.00000000099999999920 0.00000000099999999920 0.00000000099999999920 0.99999998900000008906 0.00000000099999999920 0.00000000099999999920 0.00000000099999999920 0.00000000099999999920 0.00000000099999999920 0.00000000099999999920 0.00000000099999999920 
0.25820838986435051821 0.00000000099999999970 0.00000000099999999970 0.00000000099999999970 0.00000000099999999970 0.00000000099999999970 0.00000000099999999970 0.19900944190116665045 0.00000000099999999970 0.54278215923448269731 0.00000000099999999970 0.00000000099999999970 
0.00000000099999999934 0.00000000099999999934 0.00000000099999999934 0.00000000099999999934 0.00000000099999999934 0.00000000099999999934 0.00000000099999999934 0.00000000099999999934 0.99999998900000008906 0.00000000099999999934 0.00000000099999999934 0.00000000099999999934 
0.00000000099999999925 0.00000000099999999925 0.00000000099999999925 0.00000000099999999925 0.00000000099999999925 0.00000000099999999925 0.00000000099999999925 0.00000000099999999925 0.99999998899999997803 0.00000000099999999925 0.00000000099999999925 0.00000000099999999925 
0.10901248093851829968 0.00000000099999999968 0.00000000099999999968 0.00000000099999999968 0.00000000099999999968 0.00000000099999999968 0.08897787939867780882 0.38701471507329804345 0.00000000099999999968 0.40067099718019627552 0.00000000099999999968 0.01432392040930965602 
0.00000000099999999985 0.11319572738651609289 0.52540011579856349400 0.00000000099999999985 0.00000000099999999985 0.00000000099999999985 0.00000000099999999985 0.12315188312154114192 0.19719360671298555299 0.00000000099999999985 0.04105865998039372189 0.00000000099999999985 
0.00000000099999999979 0.00000000099999999979 0.35384394394211188262 0.00000000099999999979 0.00000000099999999979 0.00000000099999999979 0.00000000099999999979 0.00000000099999999979 0.16502675668416427746 0.00000000099999999979 0.48112929037372370589 0.00000000099999999979 
0.00000000099999999973 0.08295845291464301607 0.00000000099999999973 0.12347197585555692856 0.00000000099999999973 0.08719587363446881789 0.00000000099999999973 0.00000000099999999973 0.70637368959533131108 0.00000000099999999973 0.00000000099999999973 0.00000000099999999973 
0.00000000099999999948 0.00000000099999999948 0.00000000099999999948 0.00000000099999999948 0.00000000099999999948 0.00000000099999999948 0.99999998899999997803 0.00000000099999999948 0.00000000099999999948 0.00000000099999999948 0.00000000099999999948 0.00000000099999999948 
0.00000000099999999975 0.00000000099999999975 0.00000000099999999975 0.16729397324202519015 0.00000000099999999975 0.83270601675797495389 0.00000000099999999975 0.00000000099999999975 0.00000000099999999975 0.00000000099999999975 0.00000000099999999975 0.00000000099999999975 
0.00000000099999999953 0.00000000099999999953 0.00000000099999999953 0.00000000099999999953 0.00000000099999999953 0.99999998900000008906 0.00000000099999999953 0.00000000099999999953 0.00000000099999999953 0.00000000099999999953 0.00000000099999999953 0.00000000099999999953 
0.00000000099999999958 0.99999998900000020008 0.00000000099999999958 0.00000000099999999958 0.00000000099999999958 0.00000000099999999958 0.00000000099999999958 0.00000000099999999958 0.00000000099999999958 0.00000000099999999958 0.00000000099999999958 0.00000000099999999958 
0.00000000099999999972 0.00000000384001158530 0.00000000099999999972 0.00000000099999999972 0.12705995930614780165 0.00000000099999999972 0.00000000099999999972 0.00000000099999999972 0.87294002785384072762 0.00000000099999999972 0.00000000099999999972 0.00000000099999999972 
0.00000000099999999959 0.00000000099999999959 0.00000000099999999959 0.00000000099999999959 0.00000000099999999959 0.00000000099999999959 0.59757232900418177923 0.40242766099581822603 0.00000000099999999959 0.00000000099999999959 0.00000000099999999959 0.00000000099999999959 
0.00000000099999999981 0.00000000099999999981 0.00000000099999999981 0.00000000099999999981 0.00000000099999999981 0.01559932577618008097 0.27146536740130339238 0.14026086142236426912 0.00000000099999999981 0.00000000099999999981 0.00000000099999999981 0.57267443740015211429 
0.08191569429309365769 0.00000000099999999966 0.00000000099999999966 0.00000000099999999966 0.00000000099999999966 0.00000000099999999966 0.00000000099999999966 0.00000000099999999966 0.00000000099999999966 0.91808429570690641697 0.00000000099999999966 0.00000000099999999966 
0.00000000099999999974 0.25038601333282878292 0.00000000099999999974 0.05427877122167897722 0.00000000099999999974 0.00000000099999999974 0.00000000099999999974 0.00000000099999999974 0.69533520644549218215 0.00000000099999999974 0.00000000099999999974 0.00000000099999999974 
0.00000000099999999968 0.00000000099999999968 0.20402206739669545565 0.00000000099999999968 0.00000000099999999968 0.00000000099999999968 0.00000000099999999968 0.00000000099999999968 0.79597792260330468839 0.00000000099999999968 0.00000000099999999968 0.00000000099999999968 
0.00000000099999999932 0.00000000099999999932 0.00000000099999999932 0.00000000099999999932 0.00000000099999999932 0.00000000099999999932 0.00000000099999999932 0.00000000099999999932 0.99999998899999997803 0.00000000099999999932 0.00000000099999999932 0.00000000099999999932 
0.00000000099999999975 0.00000000099999999975 0.00000000099999999975 0.08660742871094440076 0.00000000099999999975 0.00000000099999999975 0.13696346951374160916 0.77642909277531402257 0.00000000099999999975 0.00000000099999999975 0.00000000099999999975 0.00000000099999999975 
0.00000000099999999951 0.00000000099999999951 0.00000000099999999951 0.00000000099999999951 0.00000000099999999951 0.99999998900000008906 0.00000000099999999951 0.00000000099999999951 0.00000000099999999951 0.00000000099999999951 0.00000000099999999951 0.00000000099999999951 
0.00000000099999999947 0.99999998900000031110 0.00000000099999999947 0.00000000099999999947 0.00000000099999999947 0.00000000099999999947 0.00000000099999999947 0.00000000099999999947 0.00000000099999999947 0.00000000099999999947 0.00000000099999999947 0.00000000099999999947 
0.38274696999853852208 0.00000000099999999975 0.00000000099999999975 0.00000000099999999975 0.00000000099999999975 0.00000000099999999975 0.00000000099999999975 0.36307996473758202827 0.00000000099999999975 0.25417305626387942663 0.00000000099999999975 0.00000000099999999975 
0.00000000099999999966 0.00000000099999999966 0.00000000099999999966 0.00000000099999999966 0.00000000099999999966 0.99999998900000008906 0.00000000099999999966 0.00000000099999999966 0.00000000099999999966 0.00000000099999999966 0.00000000099999999966 0.00000000099999999966 
0.00000000099999999984 0.00000000099999999984 0.71300238342122135293 0.00000000099999999984 0.00000000099999999984 0.00000000099999999984 0.00000000099999999984 0.00000000099999999984 0.00000000099999999984 0.00000000099999999984 0.28699760657877859682 0.00000000099999999984 
0.10930099363256219613 0.24298937200103856715 0.00000000099999999989 0.00000000099999999989 0.09016267149265451419 0.00000000099999999989 0.00000000099999999989 0.00000000099999999989 0.00000000099999999989 0.00000000099999999989 0.43203707966323728895 0.12550987621050735399 
0.00000000099999999973 0.35817193967423488488 0.00000000099999999973 0.22993099015475965130 0.04800794552615653132 0.00000000099999999973 0.00000000099999999973 0.00000000099999999973 0.36388911664484907549 0.00000000099999999973 0.00000000099999999973 0.00000000099999999973 
0.00000000099999999983 0.06196840230864755772 0.00000000099999999983 0.00000000099999999983 0.00000000099999999983 0.00000000099999999983 0.03692792606926358079 0.00000000099999999983 0.79270996832704720969 0.00053887316923341628 0.10785482312580825515 0.00000000099999999983 
0.00000000099999999969 0.00000000099999999969 0.79529727123349847062 0.00000000099999999969 0.00000000099999999969 0.00000000099999999969 0.20470271876650170118 0.00000000099999999969 0.00000000099999999969 0.00000000099999999969 0.00000000099999999969 0.00000000099999999969 
0.28764531970908441272 0.00000000099999999978 0.00000000099999999978 0.14558439428313418862 0.00000000099999999978 0.00000000099999999978 0.00000000099999999978 0.15271319093670387979 0.11801521065537080857 0.29604187741570670012 0.00000000099999999978 0.00000000099999999978 
0.00000000099999999969 0.00000000099999999969 0.00000000099999999969 0.00000000099999999969 0.00000000099999999969 0.00000000099999999969 0.00000000099999999969 0.00000000099999999969 0.00000000099999999969 0.00000000099999999969 0.99999998899999997803 0.00000000099999999969 
0.00000000099999999953 0.00000000099999999953 0.00000000099999999953 0.00000000099999999953 0.00000000099999999953 0.00000000099999999953 0.00000000099999999953 0.00000000099999999953 0.99999998900000008906 0.00000000099999999953 0.00000000099999999953 0.00000000099999999953 
0.25147616808875300487 0.00000000099999999966 0.00000000099999999966 0.00000000099999999966 0.00000000099999999966 0.00000000099999999966 0.58127785352306449163 0.16724596938818231395 0.00000000099999999966 0.00000000099999999966 0.00000000099999999966 0.00000000099999999966 
0.00000000099999999982 0.29432559845719030722 0.40458601146193351461 0.00000000099999999982 0.00000000099999999982 0.00000000099999999982 0.06496933877285339387 0.00000000099999999982 0.00000000099999999982 0.00000000099999999982 0.23611904330802283014 0.00000000099999999982 
0.00000000099999999980 0.00000000099999999980 0.99999998900000020008 0.00000000099999999980 0.00000000099999999980 0.00000000099999999980 0.00000000099999999980 0.00000000099999999980 0.00000000099999999980 0.00000000099999999980 0.00000000099999999980 0.00000000099999999980 
0.00000000099999999967 0.00000000099999999967 0.00000000099999999967 0.00000000099999999967 0.00000000099999999967 0.95912510376782766919 0.00000000099999999967 0.04087488623217248179 0.00000000099999999967 0.00000000099999999967 0.00000000099999999967 0.00000000099999999967 
0.00000000099999999940 0.00000000099999999940 0.00000000099999999940 0.00000000099999999940 0.00000000099999999940 0.99999998900000020008 0.00000000099999999940 0.00000000099999999940 0.00000000099999999940 0.00000000099999999940 0.00000000099999999940 0.00000000099999999940 
0.00000000099999999988 0.00000000099999999988 0.78544645858455686138 0.00000000099999999988 0.00000000099999999988 0.10855062930227082907 0.00000000099999999988 0.00000000099999999988 0.00000000099999999988 0.00000000099999999988 0.00000000099999999988 0.10600290311317235592 
0.00000000099999999956 0.00000000099999999956 0.00000000099999999956 0.00000000099999999956 0.00000000099999999956 0.00000000099999999956 0.00000000099999999956 0.99999998899999997803 0.00000000099999999956 0.00000000099999999956 0.00000000099999999956 0.00000000099999999956 
0.07023843911233297599 0.00000000099999999992 0.54352848465293757130 0.00000000213819307271 0.01640589572888048395 0.00000000099999999992 0.00000000099999999992 0.00000000099999999992 0.19728518080063875417 0.17254199156701727214 0.00000000099999999992 0.00000000099999999992 
0.00000000099999999986 0.00000000099999999986 0.00000000099999999986 0.00000000099999999986 0.00000000099999999986 0.00000000099999999986 0.00000000099999999986 0.00000000099999999986 0.26501885062074376220 0.00000000099999999986 0.60810790295144867557 0.12687323742780753921 
0.00000000099999999993 0.00000000099999999993 0.33290001315634970558 0.00000000099999999993 0.06595821064422820179 0.00000000099999999993 0.36569614979337572436 0.08474089116958694046 0.00000000099999999993 0.00000000099999999993 0.00000000099999999993 0.15070472823645947313 
0.82599095644400610805 0.08599984137679578255 0.00000000099999999985 0.00000000099999999985 0.00000000099999999985 0.08800919317919832230 0.00000000099999999985 0.00000000099999999985 0.00000000099999999985 0.00000000099999999985 0.00000000099999999985 0.00000000099999999985 
0.00000000099999999958 0.00000000099999999958 0.00000000099999999958 0.99999998900000008906 0.00000000099999999958 0.00000000099999999958 0.00000000099999999958 0.00000000099999999958 0.00000000099999999958 0.00000000099999999958 0.00000000099999999958 0.00000000099999999958 
0.44467814172061898015 0.00000000099999999988 0.00000000099999999988 0.00000000099999999988 0.00000000099999999988 0.00000000099999999988 0.00000000099999999988 0.00000000099999999988 0.00000000099999999988 0.55532184827938080307 0.00000000099999999988 0.00000000099999999988 
0.00000000099999999989 0.00000000099999999989 0.32054333034382154199 0.00000000099999999989 0.18974242888127665352 0.08088345839402780180 0.00000000099999999989 0.00000000099999999989 0.17535803540713137960 0.00009104594629343873 0.23338169502744907091 0.00000000099999999989 
0.99999914808777146114 0.00000000099999999980 0.00000084191222890036 0.00000000099999999980 0.00000000099999999980 0.00000000099999999980 0.00000000099999999980 0.00000000099999999980 0.00000000099999999980 0.00000000099999999980 0.00000000099999999980 0.00000000099999999980 
0.00000000099999999988 0.00000000099999999988 0.00843340887206393656 0.00000000099999999988 0.12293606031152801150 0.00000000099999999988 0.00000000099999999988 0.00000000099999999988 0.00000000099999999988 0.40841759009497891064 0.00000000099999999988 0.46021293272142926867 
0.00000000099999999974 0.00000000099999999974 0.00000000099999999974 0.05940245925878617772 0.00000000099999999974 0.00000000099999999974 0.69694104308851023699 0.00000000099999999974 0.00000000099999999974 0.05416254836012184687 0.00000000099999999974 0.18949394129258181896 
0.65192990976792619673 0.00000000099999999961 0.00000000099999999961 0.34807008023207414160 0.00000000099999999961 0.00000000099999999961 0.00000000099999999961 0.00000000099999999961 0.00000000099999999961 0.00000000099999999961 0.00000000099999999961 0.00000000099999999961 
0.00000000099999999983 0.00000000099999999983 0.00000000099999999983 0.00000000099999999983 0.00000000099999999983 0.00000000099999999983 0.00000000099999999983 0.67031874865217122572 0.00000000099999999983 0.32968124134782866852 0.00000000099999999983 0.00000000099999999983 
0.00000000099999999982 0.99999998900000020008 0.00000000099999999982 0.00000000099999999982 0.00000000099999999982 0.00000000099999999982 0.00000000099999999982 0.00000000099999999982 0.00000000099999999982 0.00000000099999999982 0.00000000099999999982 0.00000000099999999982 
0.00000000099999999950 0.00000000099999999950 0.00000000099999999950 0.00000000099999999950 0.00000000099999999950 0.00000000099999999950 0.53104384168016227630 0.46895614831983772897 0.00000000099999999950 0.00000000099999999950 0.00000000099999999950 0.00000000099999999950 
0.21888655169116244537 0.00000000099999999983 0.00000000099999999983 0.00000000099999999983 0.00000000099999999983 0.00000000099999999983 0.00000000099999999983 0.04095419206062826667 0.00000000099999999983 0.26787209086865199081 0.00000000099999999983 0.47228715737955734300 
0.00000000099999999986 0.00000000099999999986 0.85003576072867303992 0.04313667803689413827 0.00000000099999999986 0.00000000099999999986 0.00000000099999999986 0.00000000099999999986 0.10682755223443293757 0.00000000099999999986 0.00000000099999999986 0.00000000099999999986 
0.00000000099999999983 0.00000000099999999983 0.20408068598903586488 0.00000000099999999983 0.00000000099999999983 0.00000000099999999983 0.00000000099999999983 0.00000000099999999983 0.24531861012348035733 0.49833498034385803610 0.05226571554362563488 0.00000000099999999983 
0.00000000099999999981 0.00000000099999999981 0.00000000249311920938 0.56311110630942540212 0.00000000099999999981 0.00000000099999999981 0.00000000099999999981 0.00000000099999999981 0.15407576035528708358 0.00000000099999999981 0.28281312284216825192 0.00000000099999999981 
0.00000000099999999991 0.40666191431928094824 0.49834600483464075449 0.02444508815410794192 0.00000000099999999991 0.00000000099999999991 0.00000000099999999991 0.07054698469197044630 0.00000000099999999991 0.00000000099999999991 0.00000000099999999991 0.00000000099999999991 
0.57868422254466911347 0.00000000099999999976 0.00000000099999999976 0.42131576745533116934 0.00000000099999999976 0.00000000099999999976 0.00000000099999999976 0.00000000099999999976 0.00000000099999999976 0.00000000099999999976 0.00000000099999999976 0.00000000099999999976 
0.44002787197392706497 0.00000000099999999976 0.00000000099999999976 0.49337391637313365855 0.00000000099999999976 0.06659820265293944774 0.00000000099999999976 0.00000000099999999976 0.00000000099999999976 0.00000000099999999976 0.00000000099999999976 0.00000000099999999976 
0.00000000099999999980 0.00000000099999999980 0.00000000099999999980 0.04239738465472561030 0.00000000099999999980 0.00000000099999999980 0.00000000099999999980 0.00000000099999999980 0.00000000099999999980 0.00000000099999999980 0.95760260534527441578 0.00000000099999999980 
0.00000000099999999972 0.00000000099999999972 0.00000000099999999972 0.00000000099999999972 0.00000000099999999972 0.00000000099999999972 0.99999998899999997803 0.00000000099999999972 0.00000000099999999972 0.00000000099999999972 0.00000000099999999972 0.00000000099999999972 
0.00000000099999999975 0.00000000099999999975 0.00000000099999999975 0.00000000099999999975 0.00000000099999999975 0.00000000099999999975 0.99999998899999997803 0.00000000099999999975 0.00000000099999999975 0.00000000099999999975 0.00000000099999999975 0.00000000099999999975 
0.00000000099999999969 0.00000000099999999969 0.00000000099999999969 0.00000000099999999969 0.00000000099999999969 0.00000000099999999969 0.00000000099999999969 0.00000000099999999969 0.00000000099999999969 0.99999998899999997803 0.00000000099999999969 0.00000000099999999969 
0.26862249640228502701 0.00000000099999999990 0.00000000099999999990 0.14663701163998241195 0.00004578381412894640 0.00000000099999999990 0.00000000099999999990 0.00000000099999999990 0.02543021638757004751 0.00000000099999999990 0.00000000099999999990 0.55926448475603340871 
0.00000000099999999953 0.00000000099999999953 0.00000000099999999953 0.99999998900000008906 0.00000000099999999953 0.00000000099999999953 0.00000000099999999953 0.00000000099999999953 0.00000000099999999953 0.00000000099999999953 0.00000000099999999953 0.00000000099999999953 
0.00000000099999999980 0.33859537350813811996 0.00000000099999999980 0.22062067823203376782 0.27221956563581806154 0.00000000099999999980 0.00000000099999999980 0.00000000099999999980 0.00000000099999999980 0.00000000099999999980 0.16856437462401005489 0.00000000099999999980 
0.00000000099999999995 0.00000000099999999995 0.60498578177779482878 0.00000000099999999995 0.06540955393734264323 0.00000000099999999995 0.12272867735889657348 0.07157946706924947500 0.13308587415893788353 0.00000000099999999995 0.00221063969777871667 0.00000000099999999995 
0.77157859980021648028 0.00000000099999999975 0.00000000099999999975 0.00000000099999999975 0.00000000099999999975 0.00000000099999999975 0.00000000099999999975 0.00000000099999999975 0.00000000099999999975 0.00000000099999999975 0.00000000099999999975 0.22842139019978377479 
0.00000000099999999976 0.00000000099999999976 0.58969933694777210142 0.00000000099999999976 0.00000000099999999976 0.00000000099999999976 0.00000000099999999976 0.00000000099999999976 0.00000000099999999976 0.00000000099999999976 0.41030065305222795935 0.00000000099999999976 
0.00000000099999999966 0.00000000099999999966 0.00000000099999999966 0.00000000099999999966 0.00000000099999999966 0.99999998900000008906 0.00000000099999999966 0.00000000099999999966 0.00000000099999999966 0.00000000099999999966 0.00000000099999999966 0.00000000099999999966 
0.00000000099999999961 0.00000000099999999961 0.00000000099999999961 0.00000000099999999961 0.00000000099999999961 0.00000000099999999961 0.00000000099999999961 0.99999998900000008906 0.00000000099999999961 0.00000000099999999961 0.00000000099999999961 0.00000000099999999961 
0.00000000099999999981 0.00000000099999999981 0.00000000099999999981 0.00000000099999999981 0.00000000099999999981 0.78670046062042864321 0.00000000099999999981 0.00000000099999999981 0.00000000099999999981 0.00000000099999999981 0.00000000099999999981 0.21329952937957161185 
0.00000000099999999979 0.00000000099999999979 0.00000000099999999979 0.00000000099999999979 0.00000000099999999979 0.00000000099999999979 0.12814136945744986074 0.53119869444384326673 0.00000000099999999979 0.34065992709870701605 0.00000000099999999979 0.00000000099999999979 
0.00000000099999999952 0.00000000099999999952 0.00000000099999999952 0.00000000099999999952 0.99999998900000020008 0.00000000099999999952 0.00000000099999999952 0.00000000099999999952 0.00000000099999999952 0.00000000099999999952 0.00000000099999999952 0.00000000099999999952 
0.00000000099999999992 0.00000000099999999992 0.18299453473363930245 0.00000000099999999992 0.00000000099999999992 0.64557718126229168831 0.00022056247571475906 0.17120771348640978493 0.00000000099999999992 0.00000000104194426396 0.00000000099999999992 0.00000000099999999992 
0.00000000099999999980 0.00000000099999999980 0.00000000099999999980 0.08553985366377192534 0.00000000099999999980 0.39520316828879070714 0.51925696904743745552 0.00000000099999999980 0.00000000099999999980 0.00000000099999999980 0.00000000099999999980 0.00000000099999999980 
0.99999998900000020008 0.00000000099999999971 0.00000000099999999971 0.00000000099999999971 0.00000000099999999971 0.00000000099999999971 0.00000000099999999971 0.00000000099999999971 0.00000000099999999971 0.00000000099999999971 0.00000000099999999971 0.00000000099999999971 
0.00000000099999999980 0.00000000099999999980 0.00000000099999999980 0.00000000099999999980 0.00000000099999999980 0.99999998900000020008 0.00000000099999999980 0.00000000099999999980 0.00000000099999999980 0.00000000099999999980 0.00000000099999999980 0.00000000099999999980 
0.00000000099999999973 0.00000000099999999973 0.00000000099999999973 0.00000000099999999973 0.00000000099999999973 0.00000000099999999973 0.85820954668256854703 0.14179044331743145824 0.00000000099999999973 0.00000000099999999973 0.00000000099999999973 0.00000000099999999973 
0.00000000099999999978 0.26145937447464817627 0.73854061552535199553 0.00000000099999999978 0.00000000099999999978 0.00000000099999999978 0.00000000099999999978 0.00000000099999999978 0.00000000099999999978 0.00000000099999999978 0.00000000099999999978 0.00000000099999999978 
0.00000000099999999965 0.00000000099999999965 0.00000000099999999965 0.00000000099999999965 0.00000000099999999965 0.33051136569947231481 0.66948862430052769046 0.00000000099999999965 0.00000000099999999965 0.00000000099999999965 0.00000000099999999965 0.00000000099999999965 
0.46324673188287424086 0.00000000099999999984 0.05509521055981271564 0.00000000099999999984 0.00000000099999999984 0.00000000099999999984 0.00000000099999999984 0.00000000099999999984 0.00000000099999999984 0.48165804855731331191 0.00000000099999999984 0.00000000099999999984 
0.00000000099999999963 0.00000000099999999963 0.00000000099999999963 0.00000000099999999963 0.00000000099999999963 0.00000000099999999963 0.00000000099999999963 0.00000000099999999963 0.99999998900000008906 0.00000000099999999963 0.00000000099999999963 0.00000000099999999963 
0.00000000099999999981 0.00000000099999999981 0.00000000099999999981 0.00000000099999999981 0.00000000099999999981 0.79554406550089329375 0.00000000099999999981 0.00000000099999999981 0.00000000099999999981 0.00000000099999999981 0.20445592449910682253 0.00000000099999999981 
0.99999998900000020008 0.00000000099999999967 0.00000000099999999967 0.00000000099999999967 0.00000000099999999967 0.00000000099999999967 0.00000000099999999967 0.00000000099999999967 0.00000000099999999967 0.00000000099999999967 0.00000000099999999967 0.00000000099999999967 
0.00000000099999999985 0.00000000099999999985 0.00000000099999999985 0.13971940459252363276 0.00000000099999999985 0.68890355085367660504 0.00000000099999999985 0.00000000099999999985 0.00000000099999999985 0.17137703555379976694 0.00000000099999999985 0.00000000099999999985 
