0.00000000099999999973 0.99999999700000008485 0.00000000099999999973 0.00000000099999999973 
0.99999999699999997382 0.00000000099999999980 0.00000000099999999980 0.00000000099999999980 
0.99999999699999997382 0.00000000099999999977 0.00000000099999999977 0.00000000099999999977 
0.99999999700000008485 0.00000000099999999974 0.00000000099999999974 0.00000000099999999974 
0.99999999700000008485 0.00000000099999999983 0.00000000099999999983 0.00000000099999999983 
0.00000000099999999992 0.00000000099999999992 0.47838030394406716450 0.52161969405593278104 
0.00000000099999999994 0.00000000099999999994 0.97217224798573154132 0.02782775001426839034 
0.88034538625624825237 0.02726786800009491779 0.00000000099999999995 0.09238674474365686506 
0.99999999699999997382 0.00000000099999999987 0.00000000099999999987 0.00000000099999999987 
0.00000000099999999974 0.00000000099999999974 0.00000000099999999974 0.99999999700000008485 
0.99999999700000008485 0.00000000099999999975 0.00000000099999999975 0.00000000099999999975 
0.99999999699999997382 0.00000000099999999980 0.00000000099999999980 0.00000000099999999980 
0.99999999699999997382 0.00000000099999999977 0.00000000099999999977 0.00000000099999999977 
0.00000356005855801535 0.00000000099999999999 0.53112657085121439682 0.46886986809022762612 
0.99999999700000008485 0.00000000099999999989 0.00000000099999999989 0.00000000099999999989 
0.00000000099999999990 0.00000000099999999990 0.90387072021900216612 0.09612927778099779330 
0.99999999566944308693 0.00000000233055683449 0.00000000099999999989 0.00000000099999999989 
0.99999999700000008485 0.00000000099999999974 0.00000000099999999974 0.00000000099999999974 
0.00000000099999999994 0.00000000099999999994 0.96651510182508115765 0.03348489617491878789 
0.99999999700000008485 0.00000000099999999980 0.00000000099999999980 0.00000000099999999980 
0.99999999700000008485 0.00000000099999999982 0.00000000099999999982 0.00000000099999999982 
0.99999999699999997382 0.00000000099999999986 0.00000000099999999986 0.00000000099999999986 
0.00000000099999999993 0.00000000099999999993 0.76026169557107192709 0.23973830242892804621 
0.00000000099999999995 0.00000000099999999995 0.99987629301412661587 0.00012370498587320410 
0.92074666454022691120 0.07925333345977311761 0.00000000099999999995 0.00000000099999999995 
0.00000000099999999988 0.00000000099999999988 0.00000000099999999988 0.99999999700000008485 
0.99999999700000008485 0.00000000099999999982 0.00000000099999999982 0.00000000099999999982 
0.00000000099999999993 0.00000000099999999993 0.84899636093641195345 0.15100363706358804761 
0.99999999700000008485 0.00000000099999999990 0.00000000099999999990 0.00000000099999999990 
0.99999999700000008485 0.00000000099999999978 0.00000000099999999978 0.00000000099999999978 
0.00000000099999999988 0.99999999700000008485 0.00000000099999999988 0.00000000099999999988 
0.00000000099999999994 0.00000000099999999994 0.00000000099999999994 0.99999999699999997382 
0.11014310107930638805 0.00000000099999999999 0.67755296323827274296 0.21230393468242089727 
0.00000000099999999986 0.00000000099999999986 0.00000000099999999986 0.99999999699999997382 
0.02856974662324102132 0.00000000099999999998 0.93159269219156148889 0.03983756018519760134 
0.00000000099999999984 0.00000000099999999984 0.00000000099999999984 0.99999999699999997382 
0.08317432197092855528 0.00000763218123260780 0.31102281993900393608 0.60579522590883483346 
0.99999999699999997382 0.00000000099999999994 0.00000000099999999994 0.00000000099999999994 
0.00000000099999999999 0.07911017902064447493 0.82268882465437009888 0.09820099532498552386 
0.90872035696587272202 0.00000000099999999996 0.00000000099999999996 0.09127964103412729291 
0.99999999699999997382 0.00000000099999999985 0.00000000099999999985 0.00000000099999999985 
0.99999999699999997382 0.00000000099999999985 0.00000000099999999985 0.00000000099999999985 
0.95803741759506022557 0.01382873074223921542 0.02813380128770223698 0.00000005037499831090 
0.14910395405684864767 0.00000000099999999999 0.10986074898221465101 0.74103529596093664633 
0.00000000099999999999 0.04150248199628582546 0.21699865116265898424 0.74149886584105506593 
0.99999999700000008485 0.00000000099999999994 0.00000000099999999994 0.00000000099999999994 
0.00000000099999999997 0.07850569016887259943 0.92149430783112729060 0.00000000099999999997 
0.00000000099999999995 0.00000000099999999995 0.24845155562769580260 0.75154844237230422621 
0.00000000099999999998 0.04755523564723628666 0.95244476235276376297 0.00000000099999999998 
0.00000000099999999998 0.00000000099999999998 0.59019269614991543005 0.40980730185008451549 
0.99999999700000008485 0.00000000099999999989 0.00000000099999999989 0.00000000099999999989 
0.99999999699999997382 0.00000000099999999991 0.00000000099999999991 0.00000000099999999991 
0.00000000099999999992 0.00000000099999999992 0.00000000099999999992 0.99999999700000008485 
0.00000000099999999993 0.99999999700000008485 0.00000000099999999993 0.00000000099999999993 
0.00000000099999999993 0.00000000099999999993 0.99999999699999986280 0.00000000099999999993 
0.00000000099999999992 0.99999999699999997382 0.00000000099999999992 0.00000000099999999992 
0.00000000099999999988 0.00000000099999999988 0.00000000099999999988 0.99999999700000008485 
0.06209961474233699485 0.00000000099999999999 0.45682791946215911549 0.48107246479550408447 
0.99898992737233072159 0.00101007062766928250 0.00000000099999999993 0.00000000099999999993 
0.00000000099999999997 0.00000000099999999997 0.09455114918236025290 0.90544884881763976203 
0.00000000099999999984 0.00000000099999999984 0.00000000099999999984 0.99999999700000008485 
0.99999999699999997382 0.00000000099999999988 0.00000000099999999988 0.00000000099999999988 
0.00000000099999999999 0.04328500877735674823 0.52801827167927362083 0.42869671854336977024 
0.00000000099999999996 0.00000000099999999996 0.81380070712692731405 0.18619929087307271476 
0.00000000099999999994 0.10856241980433133099 0.00000000099999999994 0.89143757819566871170 
0.99999999700000008485 0.00000000099999999993 0.00000000099999999993 0.00000000099999999993 
0.00000000099999999995 0.89475722182038797126 0.00000000099999999995 0.10524277617961214082 
0.00000000099999999988 0.99999999700000008485 0.00000000099999999988 0.00000000099999999988 
0.00000000099999999990 0.00000000099999999990 0.00000000099999999990 0.99999999700000008485 
0.00000000099999999993 0.00000000099999999993 0.00000000099999999993 0.99999999700000008485 
0.99999999700000008485 0.00000000099999999992 0.00000000099999999992 0.00000000099999999992 
0.87601037168001749667 0.12398962631998257378 0.00000000099999999997 0.00000000099999999997 
0.94615139939845249728 0.00000000099999999995 0.05384859860154760786 0.00000000099999999995 
0.00000000099999999995 0.04641763665231831565 0.00000000099999999995 0.95358236134768170622 
0.00000000099999999996 0.00000000099999999996 0.23865707204331709779 0.76134292595668306980 
0.00000000099999999985 0.00000000099999999985 0.00000000099999999985 0.99999999699999997382 
0.94461226969013190047 0.00457002383895755478 0.00000000100000000000 0.05081770547091056522 
0.00000000099999999986 0.99999999699999997382 0.00000000099999999986 0.00000000099999999986 
0.00000000099999999986 0.00000000099999999986 0.00000000099999999986 0.99999999699999997382 
0.99999999700000008485 0.00000000099999999994 0.00000000099999999994 0.00000000099999999994 
0.00000000099999999990 0.99999999699999997382 0.00000000099999999990 0.00000000099999999990 
0.00000000099999999996 0.00000000099999999996 0.99999999699999986280 0.00000000099999999996 
0.07587810333434119592 0.00000000099999999997 0.72726539524699318484 0.19685650041866561977 
0.00000000099999999994 0.00000000099999999994 0.00000000099999999994 0.99999999700000008485 
0.00000000099999999996 0.00000000099999999996 0.19569660453106976772 0.80430339346893031660 
0.00000000099999999996 0.00000000099999999996 0.99999999699999997382 0.00000000099999999996 
0.80485593463966287331 0.00000000099999999995 0.00000000099999999995 0.19514406336033715550 
0.00000000099999999997 0.00000000099999999997 0.99999999699999986280 0.00000000099999999997 
0.00000000099999999990 0.00000000099999999990 0.00000000099999999990 0.99999999700000008485 
0.99999999700000008485 0.00000000099999999990 0.00000000099999999990 0.00000000099999999990 
0.00000000099999999997 0.00000000099999999997 0.77811451563391920150 0.22188548236608082731 
0.00000000099999999997 0.00000000099999999997 0.75310806749029390872 0.24689193050970603682 
0.00000000099999999991 0.99999999700000008485 0.00000000099999999991 0.00000000099999999991 
0.00000000099999999984 0.99999999699999997382 0.00000000099999999984 0.00000000099999999984 
0.13121567027417421758 0.09510348500316988252 0.77368084372265577553 0.00000000099999999999 
0.99999999700000008485 0.00000000099999999991 0.00000000099999999991 0.00000000099999999991 
0.15937761807771005929 0.00000000099999999998 0.58974179696888961999 0.25088058395340034901 
0.13418176073019638661 0.00000000099999999999 0.43815108102952327052 0.42766715724028042667 
0.41021170143349888759 0.01091033477287761330 0.57887796279362346841 0.00000000099999999999 
0.50992906572149498956 0.35817138856917096756 0.00000000099999999999 0.13189954470933418218 
0.82904764659649587966 0.00000000099999999997 0.00000000099999999997 0.17095235140350412140 
0.99978990040474080558 0.00021009759525911269 0.00000000099999999998 0.00000000099999999998 
0.00000000099999999998 0.05320773075370663352 0.63275342523862854183 0.31403884300766493620 
0.57793444781695846313 0.32856481403377851835 0.09350073714926306068 0.00000000099999999997 
0.81434382532726579118 0.00000000099999999999 0.11340053398662831852 0.07225563968610584920 
0.99999999699999997382 0.00000000099999999993 0.00000000099999999993 0.00000000099999999993 
0.83805135498021088303 0.00000000099999999997 0.00000000099999999997 0.16194864301978909027 
0.95084653078852865438 0.04915346721147142300 0.00000000099999999995 0.00000000099999999995 
0.00000000099999999998 0.00000000099999999998 0.30403290596958998382 0.69596709203041007274 
0.96489518885408009918 0.03510480914591990187 0.00000000099999999990 0.00000000099999999990 
0.97220903018321391809 0.00000000099999999998 0.02778476469108833585 0.00000620412569777794 
0.00000000099999999997 0.00000000099999999997 0.80944950177537189351 0.19055049622462805203 
0.16939210875797519607 0.00000000099999999999 0.72086201115526393757 0.10974587908676101955 
0.19718884038464482011 0.08186259630571551815 0.35924268727163621850 0.36170587603800341547 
0.04138884883824538868 0.00000000100000000000 0.60570017108387719240 0.35291097907787744026 
0.58311927957748710405 0.18007864447308502553 0.00000000099999999998 0.23680207494942789870 
0.82591137538566594678 0.17408862261433408203 0.00000000099999999996 0.00000000099999999996 
0.00000028258735958536 0.00464540379523510540 0.99513026627660183809 0.00022404734080354397 
0.85222514307817887058 0.14777485492182121374 0.00000000099999999998 0.00000000099999999998 
0.77346275342326697988 0.22653724457673315995 0.00000000099999999997 0.00000000099999999997 
0.96983752917016241568 0.00000000099999999997 0.00000000099999999997 0.03016246882983761313 
0.80219047237814933293 0.00000000099999999997 0.00000000099999999997 0.19780952562185086241 
0.70680429669500532963 0.29319570130499467142 0.00000000099999999997 0.00000000099999999997 
0.00000000099999999998 0.00000000099999999998 0.25753417441268944277 0.74246582358731039175 
0.01902606172785241759 0.00000000100000000000 0.77336113783641047270 0.20761279943573723861 
0.99999999700000008485 0.00000000099999999994 0.00000000099999999994 0.00000000099999999994 
0.00000000099999999993 0.00000000099999999993 0.99999999699999997382 0.00000000099999999993 
0.00000000099999999988 0.99999999699999997382 0.00000000099999999988 0.00000000099999999988 
0.99999999700000008485 0.00000000099999999994 0.00000000099999999994 0.00000000099999999994 
0.00000000099999999999 0.85560425639638715278 0.14439574160361284827 0.00000000099999999999 
0.99999999699999997382 0.00000000099999999993 0.00000000099999999993 0.00000000099999999993 
0.00000000099999999992 0.00000000099999999992 0.00000000099999999992 0.99999999700000008485 
0.21650417672103661193 0.78349582127896344463 0.00000000099999999999 0.00000000099999999999 
0.17252902877307921270 0.82572741295951490592 0.00000000099999999998 0.00174355726740594674 
0.80981913895967927441 0.04013386037522202049 0.00000000099999999998 0.15004699966509876807 
0.00000000099999999995 0.99999999699999997382 0.00000000099999999995 0.00000000099999999995 
0.99999999700000008485 0.00000000099999999994 0.00000000099999999994 0.00000000099999999994 
0.00000000099999999998 0.00000000099999999998 0.83056200706187355287 0.16943799093812642043 
0.00000000099999999995 0.99999937239656588872 0.00000062560343407286 0.00000000099999999995 
0.85142121191169017891 0.11642527900870169866 0.03215350807960794255 0.00000000099999999999 
0.00000000099999999995 0.00104151377668048879 0.00000000099999999995 0.99895848422331945393 
0.00000000099999999997 0.89521536700013670806 0.10478463099986336238 0.00000000099999999997 
0.54404548023714993654 0.39480472790469456346 0.00000000099999999997 0.06114979085815552828 
0.00000000099999999995 0.99999999699999997382 0.00000000099999999995 0.00000000099999999995 
0.00000000099999999994 0.99999999699999997382 0.00000000099999999994 0.00000000099999999994 
0.00000000099999999997 0.12210900184959601333 0.87789099615040400160 0.00000000099999999997 
0.05997586908194676297 0.00000000099999999999 0.29845293372410935939 0.64157119619394387122 
0.00000000099999999998 0.84299911281660777629 0.00000000099999999998 0.15700088518339222476 
0.66698403871451217295 0.33301595928548777259 0.00000000099999999998 0.00000000099999999998 
0.86999775666400103180 0.05222010536171241279 0.00000000099999999999 0.07778213697428676410 
0.02857775073573362232 0.00000000099999999996 0.97142224726426640302 0.00000000099999999996 
0.64896172178374933459 0.08591933378898626572 0.00000001905617361048 0.26511892537109071899 
0.95554187206347140915 0.04445812593652856415 0.00000000099999999997 0.00000000099999999997 
0.82725410343446381667 0.17274589456553610112 0.00000000099999999996 0.00000000099999999996 
0.85240825575953171889 0.11602055527890181574 0.03157118796156635487 0.00000000099999999999 
0.82811762836250990549 0.17188236963749004005 0.00000000099999999996 0.00000000099999999996 
0.92427017453476134623 0.00000000099999999997 0.00000000099999999997 0.07572982346523879360 
0.00000000099999999998 0.00000000099999999998 0.99999999699999986280 0.00000000099999999998 
0.70497364271389562074 0.00000000099999999999 0.26714149410019683017 0.02788486218590754268 
0.00000000099999999995 0.99999999699999997382 0.00000000099999999995 0.00000000099999999995 
0.22406322476903345331 0.00000006124310932000 0.33414815789329777029 0.44178855609455952580 
0.00000000099999999997 0.00000000099999999997 0.94254414899646843384 0.05745584900353162966 
0.00000000299947691702 0.99999999500052316748 0.00000000099999999997 0.00000000099999999997 
0.00000000099999999996 0.99999999700000008485 0.00000000099999999996 0.00000000099999999996 
0.21862148019150698386 0.00000228274849876536 0.52573165654972431327 0.25564458051026989205 
0.99999999699999997382 0.00000000099999999994 0.00000000099999999994 0.00000000099999999994 
0.50919832003965392886 0.00000000099999999998 0.00000000099999999998 0.49080167796034618322 
0.00000000099999999999 0.14261634463274053264 0.22712005505867224886 0.63026359930858721903 
0.86157375524649559839 0.12563530472277620320 0.00000000099999999999 0.01279093903072831689 
0.15538966548566307546 0.00000000099999999997 0.51182658406241532401 0.33278374945192157330 
0.58197052137762128599 0.00000000342885153355 0.00000000099999999999 0.41802947419352731728 
0.93949083771171837398 0.00000000099999999998 0.06050916028828162013 0.00000000099999999998 
0.09044871727884144785 0.90955128072115865034 0.00000000099999999995 0.00000000099999999995 
0.99999999700000008485 0.00000000099999999995 0.00000000099999999995 0.00000000099999999995 
0.84469442572396069568 0.15530557227603919435 0.00000000099999999998 0.00000000099999999998 
0.54824869105773887945 0.15995133271111294793 0.15784573255646097700 0.13395424367468727889 
0.00000000099999999994 0.99999999700000008485 0.00000000099999999994 0.00000000099999999994 
0.39648954809554770584 0.19754283826970023275 0.00000000099999999999 0.40596761263475200643 
0.82926680152739129515 0.00000000099999999999 0.00000000099999999999 0.17073319647260884468 
0.66138215883245099480 0.00000000099999999997 0.00000000099999999997 0.33861783916754900625 
0.92324758643446835915 0.07675241156553165578 0.00000000099999999998 0.00000000099999999998 
0.99999999699999997382 0.00000000099999999995 0.00000000099999999995 0.00000000099999999995 
0.00000000099999999995 0.99999999699999997382 0.00000000099999999995 0.00000000099999999995 
0.00012704047629432823 0.44567555540838205141 0.49786856488627656558 0.05632883922904700219 
0.99954374881085317206 0.00045624918914679793 0.00000000099999999998 0.00000000099999999998 
0.91356712500087988715 0.00000000099999999999 0.00000000099999999999 0.08643287299912015553 
0.06901106553003366617 0.00000000099999999998 0.00000000099999999998 0.93098893246996627937 
0.00000000099999999999 0.31631007178844855465 0.09131916951518700976 0.59237075769636460265 
0.00000000099999999997 0.00000000099999999997 0.64122893313961704109 0.35877106486038279343 
0.63047139496313819862 0.16678465397593841835 0.00000000099999999998 0.20274395006092349458 
0.00000000099999999993 0.99999999699999997382 0.00000000099999999993 0.00000000099999999993 
0.00000000099999999998 0.00000000099999999998 0.53668562604106218039 0.46331437195893782066 
0.00000000099999999995 0.99999999699999997382 0.00000000099999999995 0.00000000099999999995 
0.44776923460715356562 0.01295725447022056526 0.00000000099999999998 0.53927350992262590434 
0.00000000099999999999 0.00000000099999999999 0.85504713265107201714 0.14495286534892798391 
0.99999999699999997382 0.00000000099999999998 0.00000000099999999998 0.00000000099999999998 
0.00000000099999999999 0.44320123820850576557 0.55679875979149429099 0.00000000099999999999 
0.96342836583801216843 0.03657163216198792283 0.00000000099999999997 0.00000000099999999997 
0.50552253767061261502 0.00000026760409343501 0.05050322941294496659 0.44397396531234906147 
0.13368063049261111330 0.00000000099999999998 0.86631936750738880448 0.00000000099999999998 
0.00000000100000000000 0.23898198103839482509 0.21351028616321049425 0.54750773179839473670 
0.00000000099999999996 0.99999999700000008485 0.00000000099999999996 0.00000000099999999996 
0.00000000099999999996 0.99999999699999997382 0.00000000099999999996 0.00000000099999999996 
0.00000000099999999996 0.99999999700000008485 0.00000000099999999996 0.00000000099999999996 
0.00000001163940314202 0.99999998636059694856 0.00000000099999999999 0.00000000099999999999 
0.17422631934231708195 0.00000000100000000000 0.74066237097025922065 0.08511130868742380895 
0.73648789883650289667 0.00000000099999999999 0.26351209916349710438 0.00000000099999999999 
0.00000000099999999999 0.70184699214339973938 0.29815300585660015065 0.00000000099999999999 
0.99999999699999997382 0.00000000099999999998 0.00000000099999999998 0.00000000099999999998 
0.00000000099999999997 0.99999999699999997382 0.00000000099999999997 0.00000000099999999997 
0.00000000099999999997 0.83508045364735628002 0.00000000099999999997 0.16491954435264383205 
0.00000000099999999998 0.00000000099999999998 0.99999999699999997382 0.00000000099999999998 
0.00000000099999999996 0.99999999699999997382 0.00000000099999999996 0.00000000099999999996 
0.00000000099999999999 0.00029380080258266101 0.78171091745931464700 0.21799528073810270357 
0.00106771655502679625 0.99893228144497314691 0.00000000099999999998 0.00000000099999999998 
0.00000000099999999998 0.00000000099999999998 0.26924697980774603412 0.73075301819225402244 
0.00000000099999999997 0.99999999699999997382 0.00000000099999999997 0.00000000099999999997 
0.00000002438049940735 0.00001105609512544372 0.38550164795772401405 0.61448727156665117199 
0.39721184496123096430 0.00014440478756275025 0.00000000100000000000 0.60264374925120633986 
0.31553368853560381790 0.63538874224802033286 0.00000000100000000000 0.04907756821637590527 
0.00000000099999999998 0.99999999699999997382 0.00000000099999999998 0.00000000099999999998 
0.00000000099999999995 0.99999999699999997382 0.00000000099999999995 0.00000000099999999995 
0.93365835031175470338 0.05401020310005195946 0.00000000100000000000 0.01233144558819333075 
0.00000000099999999996 0.99999999700000008485 0.00000000099999999996 0.00000000099999999996 
0.00000000099999999998 0.99999999699999997382 0.00000000099999999998 0.00000000099999999998 
0.00000000099999999999 0.99071358699158440508 0.00000000099999999999 0.00928641100841558209 
0.00000000099999999999 0.99807041158606069065 0.00118027312484692871 0.00074931428909231904 
0.06963820868119177665 0.00000000099999999999 0.92885390745177520699 0.00150788286703302274 
0.00501580457518095973 0.00000000099999999999 0.99498419342481891903 0.00000000099999999999 
0.65667186279717748576 0.31172437628875870885 0.00000000100000000000 0.03160375991406388224 
