0.99999999600000000211 0.00000000099999999965 0.00000000099999999965 0.00000000099999999965 0.00000000099999999965 
0.00000000099999999978 0.00000000099999999978 0.00000000099999999978 0.99999999600000000211 0.00000000099999999978 
0.00000000099999999974 0.00000000099999999974 0.00000000099999999974 0.67381420786063861428 0.32618578913936130403 
0.00000000099999999973 0.00000000099999999973 0.00000000099999999973 0.89169415381345085159 0.10830584318654912224 
0.00000000099999999980 0.00000000099999999980 0.00000000099999999980 0.99999999600000000211 0.00000000099999999980 
0.00000000099999999991 0.45599397687035447824 0.54400602012964549559 0.00000000099999999991 0.00000000099999999991 
0.00000000099999999995 0.95800963777842995661 0.04199035922157008660 0.00000000099999999995 0.00000000099999999995 
0.00000000099999999988 0.00000000099999999988 0.00000000099999999988 0.19832373945385167735 0.80167625754614835198 
0.00000000099999999982 0.00000000099999999982 0.00000000099999999982 0.65102967017926727245 0.34897032682073264587 
0.00000000099999999972 0.00000000099999999972 0.99999999600000000211 0.00000000099999999972 0.00000000099999999972 
0.00000000099999999976 0.00000000099999999976 0.00000000099999999976 0.82598406735606288986 0.17401592964393713947 
0.00000000099999999979 0.00000000099999999979 0.00000000099999999979 0.76059197961003510713 0.23940801738996481118 
0.00000000099999999978 0.00000000099999999978 0.00000000099999999978 0.88021653053635906527 0.11978346646364083916 
0.00000000099999999998 0.50463663720164808613 0.43336295966599330809 0.00000000099999999998 0.06200040113235872480 
0.00000000099999999979 0.00000000099999999979 0.00000000099999999979 0.31551370831628533509 0.68448628868371474976 
0.00000000099999999986 0.89425255490633404065 0.10574744209366600256 0.00000000099999999986 0.00000000099999999986 
0.01735403146805835142 0.00000000099999999989 0.00000000099999999989 0.88688846087933093099 0.09575750565261068048 
0.00000000099999999977 0.00000000099999999977 0.00000000099999999977 0.99895656812189359552 0.00104342887810638979 
0.00000000099999999993 0.93976117030514472184 0.00000000452443290184 0.00000000099999999993 0.06023882317042236756 
0.00000000099999999979 0.00000000099999999979 0.00000000099999999979 0.72243565334393100574 0.27756434365606880155 
0.00000000099999999985 0.00000000099999999985 0.00000000099999999985 0.88817665864388839481 0.11182333835611166228 
0.00000000099999999984 0.00000000099999999984 0.00000000099999999984 0.63637986677729907470 0.36362013022270089913 
0.00000000099999999990 0.75303857516157812757 0.24696142183842184625 0.00000000099999999990 0.00000000099999999990 
0.00000000099999999993 0.91236665701143782048 0.08763333998856213947 0.00000000099999999993 0.00000000099999999993 
0.08343852285656433443 0.00000000099999999994 0.00000000099999999994 0.74388828724387501268 0.17267318789956079272 
0.00000000099999999988 0.00000000099999999988 0.93195373637878364814 0.00000000099999999988 0.06804626062121642283 
0.00000000099999999981 0.00000000099999999981 0.00000000099999999981 0.75151211469211265381 0.24848788230788734777 
0.00000000099999999993 0.83807273923935299287 0.16192725776064700871 0.00000000099999999993 0.00000000099999999993 
0.00644161147504695823 0.00000000099999999990 0.00000000099999999990 0.86751844922689902440 0.12603993729805398893 
0.00000000099999999979 0.00000000099999999979 0.00000000099999999979 0.90108638103864080460 0.09891361596135907208 
0.79014642693869530099 0.00000000099999999986 0.00000000099999999986 0.20985357006130461732 0.00000000099999999986 
0.00000000099999999990 0.00000000099999999990 0.90034510884252505480 0.00000000099999999990 0.09965488815747497453 
0.00000000099999999998 0.62675783552175756697 0.21609998306653252498 0.08087848048484881647 0.07626369992686106436 
0.00000000099999999983 0.00000000099999999983 0.99999999599999989108 0.00000000099999999983 0.00000000099999999983 
0.00000000099999999994 0.87186028027374795624 0.00000000099999999994 0.00000000099999999994 0.12813971672625204534 
0.00000000099999999980 0.00000000099999999980 0.99999999599999989108 0.00000000099999999980 0.00000000099999999980 
0.00000000100000000000 0.29434132397946899395 0.58228324439613932118 0.04351312898675707003 0.07986230163763470558 
0.00000000099999999993 0.00000000099999999993 0.00000000099999999993 0.72092387042758554472 0.27907612657241448462 
0.04640924719008412275 0.79292272310805334001 0.12258741268158047932 0.00000000099999999999 0.03808061602028188497 
0.00000000099999999986 0.00000000099999999986 0.00000000099999999986 0.00000000099999999986 0.99999999599999989108 
0.00000000099999999985 0.00000000099999999985 0.00000000099999999985 0.75861614812168320920 0.24138384887831668135 
0.00000000099999999987 0.00000000099999999987 0.00000000099999999987 0.99999999599999989108 0.00000000099999999987 
0.00000000099999999998 0.00000000099999999998 0.00000000099999999998 0.62215259238697329103 0.37784740461302673831 
0.00000000099999999995 0.14662035167269046876 0.60499892889556017295 0.00000000099999999995 0.24838071743174949813 
0.05420050893983913848 0.21525799335575049320 0.72226204988732867207 0.00827944681708157534 0.00000000100000000000 
0.00000000099999999993 0.00000000099999999993 0.00000000099999999993 0.73947508892439750561 0.26052490807560252373 
0.09473768707648405618 0.90526230992351586213 0.00000000099999999995 0.00000000099999999995 0.00000000099999999995 
0.00000000099999999995 0.23637569761183555017 0.76362429938816445141 0.00000000099999999995 0.00000000099999999995 
0.07456257335916861850 0.92543722764898195265 0.00000019699184936833 0.00000000099999999997 0.00000000099999999997 
0.00000000099999999996 0.53254841744786984847 0.40741392466870840483 0.06003765588342176163 0.00000000099999999996 
0.00000000099999999990 0.00000000099999999990 0.00000000099999999990 0.80588654185246799688 0.19411345514753203245 
0.00000000099999999989 0.00000000099999999989 0.00000000099999999989 0.66554834122626227444 0.33445165577373758836 
0.00000000099999999992 0.00000000099999999992 0.92653250211278515014 0.00000000099999999992 0.07346749488721486532 
0.99999999600000011313 0.00000000099999999991 0.00000000099999999991 0.00000000099999999991 0.00000000099999999991 
0.00000000099999999989 0.99999999600000000211 0.00000000099999999989 0.00000000099999999989 0.00000000099999999989 
0.99999999600000000211 0.00000000099999999991 0.00000000099999999991 0.00000000099999999991 0.00000000099999999991 
0.00000000099999999986 0.00000000099999999986 0.99999999599999989108 0.00000000099999999986 0.00000000099999999986 
0.00000000099999999996 0.39276432843176145582 0.48012339190429204061 0.12711227766394633809 0.00000000099999999996 
0.00000000099999999991 0.00000000099999999991 0.00000000099999999991 0.61400125139056604961 0.38599874560943397972 
0.00000000099999999990 0.00000000099999999990 0.92274211494701530167 0.07725788205298456113 0.00000000099999999990 
0.00000000099999999977 0.00000000099999999977 0.99999999600000000211 0.00000000099999999977 0.00000000099999999977 
0.00000000099999999989 0.00000000099999999989 0.00000000099999999989 0.88900575870299325398 0.11099423829700667821 
0.04536695383326551367 0.51693248166894389950 0.40970989311245092912 0.00000000099999999999 0.02799067038533975885 
0.00000000099999999994 0.81998533579428567464 0.18001466120571438245 0.00000000099999999994 0.00000000099999999994 
0.10949076856359361842 0.00000000099999999994 0.81056818876014880004 0.00000000099999999994 0.07994104067625755483 
0.00000000099999999992 0.00000000099999999992 0.00000000099999999992 0.76438029721579425768 0.23561969978420566063 
0.82046988853765634442 0.00000000099999999994 0.07790971264067397817 0.00000000099999999994 0.10162039682166967847 
0.99999999600000000211 0.00000000099999999984 0.00000000099999999984 0.00000000099999999984 0.00000000099999999984 
0.00000000099999999990 0.00000000099999999990 0.99999999599999989108 0.00000000099999999990 0.00000000099999999990 
0.00000000099999999992 0.00000000099999999992 0.99999999599999989108 0.00000000099999999992 0.00000000099999999992 
0.00000000099999999992 0.00000000099999999992 0.00000000099999999992 0.99999999599999989108 0.00000000099999999992 
0.11530333334370064524 0.00000000099999999997 0.00000000099999999997 0.68634362889125144491 0.19835303576504798029 
0.00000029432823375159 0.05663926828227391908 0.00000000099999999996 0.69139201905210689869 0.25196841733738545299 
0.03147615710113724208 0.00000000099999999994 0.92297619902972671824 0.00000000099999999994 0.04554764186913595053 
0.00000000099999999995 0.19112274452283611881 0.77697232492202128462 0.03190492855514267395 0.00000000099999999995 
0.00000000099999999981 0.00000000099999999981 0.99999999599999989108 0.00000000099999999981 0.00000000099999999981 
0.01566993374529193975 0.00000000369130147439 0.01831719751404099067 0.77878100668618577274 0.18723185836317982056 
0.99999999600000000211 0.00000000099999999982 0.00000000099999999982 0.00000000099999999982 0.00000000099999999982 
0.00000000099999999981 0.00000000099999999981 0.99999999600000000211 0.00000000099999999981 0.00000000099999999981 
0.00000000099999999994 0.00000000099999999994 0.00000000099999999994 0.73872094387090658785 0.26127905312909344149 
0.99999999600000011313 0.00000000099999999987 0.00000000099999999987 0.00000000099999999987 0.00000000099999999987 
0.00000000099999999995 0.99999999600000000211 0.00000000099999999995 0.00000000099999999995 0.00000000099999999995 
0.00000000099999999996 0.68985981517657435358 0.15400327539525948684 0.00000000099999999996 0.15613690742816610513 
0.00000000099999999991 0.00000000099999999991 0.79845631626458213326 0.00000000099999999991 0.20154368073541789608 
0.00000000099999999994 0.18807442738114404923 0.81192556961885586908 0.00000000099999999994 0.00000000099999999994 
0.00000000099999999996 0.99999999600000011313 0.00000000099999999996 0.00000000099999999996 0.00000000099999999996 
0.00000000099999999995 0.00000000099999999995 0.11428099705306148104 0.56241945095035239532 0.32329954999658622183 
0.00000000099999999997 0.99999999600000000211 0.00000000099999999997 0.00000000099999999997 0.00000000099999999997 
0.00000000099999999988 0.00000000099999999988 0.99999999600000000211 0.00000000099999999988 0.00000000099999999988 
0.00000000099999999991 0.00000000099999999991 0.00000000099999999991 0.95409438397871171311 0.04590561302128830234 
0.00000000099999999996 0.75226383796703777396 0.24773615903296225538 0.00000000099999999996 0.00000000099999999996 
0.00000000099999999996 0.73372252014928773800 0.26627747685071229133 0.00000000099999999996 0.00000000099999999996 
0.99999999600000011313 0.00000000099999999990 0.00000000099999999990 0.00000000099999999990 0.00000000099999999990 
0.99999999600000011313 0.00000000099999999979 0.00000000099999999979 0.00000000099999999979 0.00000000099999999979 
0.11312905925463428991 0.74114755033667412132 0.00000000099999999998 0.14572338840869153431 0.00000000099999999998 
0.00000000099999999991 0.00000000099999999991 0.00000000099999999991 0.89025876059784303518 0.10974123640215688313 
0.00000000099999999998 0.60210352750434936731 0.21954074948054599914 0.00672428247191261558 0.17163143954319215467 
0.00000000099999999997 0.30023874423938073930 0.48525389158611259566 0.21450736217450652732 0.00000000099999999997 
0.00000000099999999997 0.58722566061756142908 0.00000000099999999997 0.13623256153778592892 0.27654177584465267081 
0.20784528950301239814 0.00000000099999999995 0.00000000099999999995 0.00000000099999999995 0.79215470749698746467 
0.00000000099999999990 0.00000000099999999990 0.00000000099999999990 0.00000000099999999990 0.99999999600000000211 
0.00000000099999999998 0.00000000099999999998 0.00000000099999999998 0.89797108545484172204 0.10202891154515832117 
0.07441323845732013276 0.60377838011524664896 0.32180837942743323321 0.00000000099999999997 0.00000000099999999997 
0.33784844648209738649 0.09557944562505990560 0.00000000099999999997 0.41604409440417938759 0.15052801248866329309 
0.00000000099999999998 0.18576013297263826995 0.00000000100013949909 0.42535206774783146377 0.38888779727939082331 
0.00000000099999999989 0.00000000099999999989 0.00000000099999999989 0.50175161422939007494 0.49824838277060984337 
0.00000000099999999985 0.00000000099999999985 0.00000000099999999985 0.00000000099999999985 0.99999999600000000211 
0.05188912058563376756 0.00000000099999999994 0.00000000099999999994 0.94811087641436619933 0.00000000099999999994 
0.00000000099999999999 0.27081257392124896688 0.72918740650635260891 0.00000001757239819680 0.00000000099999999999 
0.03232923270231916058 0.00000000099999999990 0.00000000099999999990 0.88220589543733196614 0.08546486986034886046 
0.00000000099999999992 0.00000000099999999992 0.00000000099999999992 0.42149305994213215332 0.57850693705786782051 
0.00000000099999999996 0.80645029739462614771 0.19354969960537402041 0.00000000099999999996 0.00000000099999999996 
0.00000000099999999999 0.77370871916666672519 0.00000000099999999999 0.01691164516022021849 0.20937963367311299145 
0.05867670020430217070 0.34895880522753552899 0.25264337067538139570 0.00000000100000000000 0.33972112289278089126 
0.00000000100000000000 0.60002747957682578406 0.37548997202414813312 0.02448254639902611510 0.00000000100000000000 
0.00000000099999999996 0.00000000099999999996 0.00000000099999999996 0.00000000138386796380 0.99999999561613195365 
0.12243667412236894365 0.00000000099999999993 0.00000000099999999993 0.00000000099999999993 0.87756332287763094691 
0.00000000099999999997 0.81658966312661362963 0.00000000099999999997 0.00000000099999999997 0.18341033387338651073 
0.12020976543931784219 0.00000000099999999998 0.00000000099999999998 0.78830625067563608876 0.09148398188504604234 
0.23476342888735976522 0.00000000099999999994 0.00000000099999999994 0.00000000099999999994 0.76523656811264040289 
0.00000000099999999997 0.00000000099999999997 0.04581203955674045120 0.95418253935748498229 0.00000541908577468972 
0.00000000099999999997 0.00000000099999999997 0.00000000099999999997 0.00001832629569561824 0.99998167070430432624 
0.00000000099999999988 0.00000000099999999988 0.00000000099999999988 0.00000000099999999988 0.99999999599999989108 
0.00000000099999999996 0.28169025926179969144 0.45379680954014550709 0.00000000099999999996 0.26451292919805474702 
0.00000000099999999998 0.70970239068353035972 0.21259386009903311066 0.07770374721743650293 0.00000000099999999998 
0.00000000099999999994 0.00000000099999999994 0.00000000099999999994 0.59221362759794315966 0.40778636940205675865 
0.00000000099999999991 0.99999999600000000211 0.00000000099999999991 0.00000000099999999991 0.00000000099999999991 
0.99999999600000011313 0.00000000099999999985 0.00000000099999999985 0.00000000099999999985 0.00000000099999999985 
0.00000000099999999994 0.00000000099999999994 0.00000000099999999994 0.99999999599999989108 0.00000000099999999994 
0.99999999600000011313 0.00000000099999999996 0.00000000099999999996 0.00000000099999999996 0.00000000099999999996 
0.00000000099999999994 0.00000000099999999994 0.00000000099999999994 0.99999999599999989108 0.00000000099999999994 
0.00000000099999999990 0.00000000099999999990 0.99999999599999989108 0.00000000099999999990 0.00000000099999999990 
0.76492838160759113464 0.00000000099999999998 0.00000000099999999998 0.23507161538324974903 0.00000000100915916495 
0.77335506424511679668 0.00000000099999999996 0.00000000099999999996 0.00000000099999999996 0.22664493275488337143 
0.00000000099999999993 0.00000000099999999993 0.00000000099999999993 0.00000000099999999993 0.99999999600000000211 
0.99999999600000000211 0.00000000099999999993 0.00000000099999999993 0.00000000099999999993 0.00000000099999999993 
0.00000000099999999994 0.00000000099999999994 0.00000000099999999994 0.88872542156589418028 0.11127457543410575191 
0.00000000099999999997 0.73524591536294758853 0.26475408163705255182 0.00000000099999999997 0.00000000099999999997 
0.73975651543810505562 0.00000000099999999992 0.00000000099999999992 0.26024348156189486270 0.00000000099999999992 
0.17309429703612536078 0.02986564362310594259 0.00000000099999999999 0.64660708371338493361 0.15043297462738364212 
0.00000000099999999993 0.00000000099999999993 0.99999999600000000211 0.00000000099999999993 0.00000000099999999993 
0.89344416572494944617 0.10655583127505059704 0.00000000099999999996 0.00000000099999999996 0.00000000099999999996 
0.00001916549680097752 0.00000000099999999993 0.00000000099999999993 0.00000000099999999993 0.99998083150319916346 
0.99999999600000000211 0.00000000099999999994 0.00000000099999999994 0.00000000099999999994 0.00000000099999999994 
0.79403269125019781960 0.00000000099999999993 0.00000000099999999993 0.20596730574980226525 0.00000000099999999993 
0.14677558705739496281 0.85322440994260506653 0.00000000099999999995 0.00000000099999999995 0.00000000099999999995 
0.00000000099999999999 0.31162175401405334263 0.59031413373790941890 0.00000001970419724024 0.09806409154384009008 
0.77344902991499642209 0.00000000099999999997 0.22655096708500371827 0.00000000099999999997 0.00000000099999999997 
0.25893724532286110929 0.00000000099999999995 0.00000000099999999995 0.00000000099999999995 0.74106275167713875351 
0.00000007493498396340 0.00000000099999999997 0.00000000099999999997 0.29430038235899141918 0.70569954070602458618 
0.00000000099999999996 0.94594798485897835238 0.00000000099999999996 0.00000300322166528330 0.05404900991935650961 
0.05615609262085180520 0.16912233802210785427 0.00019491373422349744 0.13104933495829887424 0.64347732066451790445 
0.05596734899409402941 0.00000000099999999997 0.00000000099999999997 0.93746046964094342790 0.00657217936496248909 
0.07128279695799219495 0.00000000099999999995 0.00000000099999999995 0.44292080363349606298 0.48579639740851188190 
0.26767365005610993522 0.00000000099999999998 0.00000000099999999998 0.58565335164317378069 0.14667299630071611860 
0.21456618280244796337 0.00000000099999999996 0.00000000099999999996 0.78543381419755209372 0.00000000099999999996 
0.00000000099999999993 0.00000000099999999993 0.00000000099999999993 0.00000000099999999993 0.99999999599999989108 
0.00000000099999999997 0.99999999600000000211 0.00000000099999999997 0.00000000099999999997 0.00000000099999999997 
0.00000000099999999999 0.29682272027133715930 0.00001557289065570602 0.44157722996566051155 0.26158447587234667786 
0.99999999600000011313 0.00000000099999999993 0.00000000099999999993 0.00000000099999999993 0.00000000099999999993 
0.00000000100000000000 0.36755343155308073388 0.34708432374017061939 0.00000000100000000000 0.28536224270674870329 
0.00000000099999999996 0.94451561244103832138 0.05548438455896175653 0.00000000099999999996 0.00000000099999999996 
0.81166995393943719428 0.00000000099999999996 0.00000000099999999996 0.18833004306056289057 0.00000000099999999996 
0.99999999600000000211 0.00000000099999999995 0.00000000099999999995 0.00000000099999999995 0.00000000099999999995 
0.04115976377488758664 0.59590340364942373519 0.21425993131580556295 0.00000000100000000000 0.14867690025988328228 
0.00000000099999999995 0.00000000099999999995 0.00000000099999999995 0.90303669931346541855 0.09696329768653466630 
0.00000000099999999992 0.00000000099999999992 0.00000000099999999992 0.00000000099999999992 0.99999999600000000211 
0.10675146429526104208 0.21674840703988906832 0.38753083618980654901 0.00000000099999999998 0.28896929147504341051 
0.00000000099999999992 0.00000000099999999992 0.00000000099999999992 0.00000000099999999992 0.99999999599999989108 
0.00000000099999999995 0.35846251554128799599 0.38677275656775705892 0.25476472589095483512 0.00000000099999999995 
0.00000000099999999999 0.00000000099999999999 0.28071983530219823955 0.24309743627270866129 0.47618272642509312798 
0.00000000099999999998 0.06166676063166556809 0.00000000099999999998 0.58468328516403134110 0.35364995220430300860 
0.91189034357167120248 0.00000000099999999995 0.00000000099999999995 0.08591486096616515744 0.00219479346216376386 
0.00000000099999999994 0.00000000099999999994 0.00000000099999999994 0.45261203118353543484 0.54738796581646465000 
0.22414951033234015165 0.00000000099999999998 0.00000000099999999998 0.72766328264231816547 0.04818720502534164923 
0.22457869527795520925 0.13215407348026778078 0.14759238240387806407 0.49567484783789900193 0.00000000100000000000 
0.99999999600000011313 0.00000000099999999993 0.00000000099999999993 0.00000000099999999993 0.00000000099999999993 
0.05753042740779253095 0.00000000099999999997 0.16796008213595461922 0.00000000099999999997 0.77450948845625289252 
0.00000000099999999997 0.00000000099999999997 0.00000000099999999997 0.34901197600393701892 0.65098802099606301041 
0.00000000099999999998 0.00000000099999999998 0.11804408967705876110 0.00000000099999999998 0.88195590732294126823 
0.00000000099999999996 0.00000000099999999996 0.00000000099999999996 0.00000000099999999996 0.99999999600000000211 
0.00000000099999999995 0.00000000099999999995 0.00000000099999999995 0.37797953995605904076 0.62202045704394093306 
0.99999999600000011313 0.00000000099999999992 0.00000000099999999992 0.00000000099999999992 0.00000000099999999992 
0.28620852890068043672 0.36863857069382099940 0.10777679449719175520 0.23737610490830685084 0.00000000100000000000 
0.00000000099999999996 0.00000000099999999996 0.00000000099999999996 0.00000000099999999996 0.99999999600000000211 
0.00000000099999999998 0.00000000099999999998 0.00000000099999999998 0.00000003067198158594 0.99999996632801846363 
0.00000000099999999997 0.00000000099999999997 0.89442374692794190949 0.00000000099999999997 0.10557625007205807821 
0.30993812460167774470 0.16023572229034555026 0.52982615110797670610 0.00000000099999999998 0.00000000099999999998 
0.00000000099999999996 0.58333668116554682204 0.25811889293425288594 0.00000000099999999996 0.15854442390020026532 
0.00000000099999999994 0.00000000099999999994 0.00000000099999999994 0.00000000099999999994 0.99999999600000000211 
0.99999999600000000211 0.00000000099999999992 0.00000000099999999992 0.00000000099999999992 0.00000000099999999992 
0.00000000099999999998 0.54341726596413519879 0.45658273103586471953 0.00000000099999999998 0.00000000099999999998 
0.69440026273119304090 0.00000000099999999993 0.00000000099999999993 0.30559973426880698844 0.00000000099999999993 
0.00000000099999999993 0.00000000099999999993 0.08040957417754797387 0.00000000099999999993 0.91959042282245195832 
0.00000294740261882817 0.85170460006013526399 0.14723655359773579754 0.00000000100000000000 0.00105589793951016550 
0.00000000099999999998 0.00000000099999999998 0.00000000099999999998 0.71057340730688856034 0.28942658969311135797 
0.43049273447322228270 0.48122314049288744675 0.00000000099999999997 0.08828412303389016058 0.00000000099999999997 
0.00011780456075237658 0.00000000099999999994 0.00000000099999999994 0.00000000099999999994 0.99988219243924769675 
0.00000000099999999998 0.00000000099999999998 0.21982697991543195815 0.00000000099999999998 0.78017301708456809894 
0.00000000099999999998 0.72166785661391119611 0.00000000099999999998 0.27833214038608872221 0.00000000099999999998 
0.00000000099999999998 0.35217332375201748640 0.00000000596349784653 0.00000000099999999998 0.64782666828448454144 
0.99999999600000000211 0.00000000099999999994 0.00000000099999999994 0.00000000099999999994 0.00000000099999999994 
0.99999999600000011313 0.00000000099999999996 0.00000000099999999996 0.00000000099999999996 0.00000000099999999996 
0.99999999600000011313 0.00000000099999999995 0.00000000099999999995 0.00000000099999999995 0.00000000099999999995 
0.61654914342771438562 0.00000000099999999998 0.00000000099999999998 0.00000000099999999998 0.38345085357228564371 
0.00000000099999999998 0.52258281781049242820 0.30558193136981315341 0.17183524881969447495 0.00000000099999999998 
0.00000000099999999999 0.24522137936317636719 0.00000000099999999999 0.75477861763682352336 0.00000000099999999999 
0.62002414359163882107 0.31786465714158657070 0.00000000099999999998 0.06211119726677458153 0.00000000099999999998 
0.00000000099999999997 0.00000000099999999997 0.00000000099999999997 0.59497348122953064298 0.40502651577046927533 
0.99999999600000000211 0.00000000099999999996 0.00000000099999999996 0.00000000099999999996 0.00000000099999999996 
0.85097177843079541137 0.00000000099999999997 0.14902821856920464572 0.00000000099999999997 0.00000000099999999997 
0.00000000099999999997 0.99999999600000000211 0.00000000099999999997 0.00000000099999999997 0.00000000099999999997 
0.99999999600000000211 0.00000000099999999995 0.00000000099999999995 0.00000000099999999995 0.00000000099999999995 
0.00010427176394186596 0.76372105737127315983 0.23617466886478497012 0.00000000099999999998 0.00000000099999999998 
0.82481393702248007038 0.00000000099999999998 0.00000000099999999998 0.17518605997752006997 0.00000000099999999998 
0.00000000099999999997 0.27170215511998385693 0.72829784188001622791 0.00000000099999999997 0.00000000099999999997 
0.99999999600000000211 0.00000000099999999996 0.00000000099999999996 0.00000000099999999996 0.00000000099999999996 
0.00000000099999999999 0.34452236782440309737 0.57499332956845328191 0.00000000099999999999 0.08048430060714359402 
0.00000000099999999999 0.00000000099999999999 0.30801767806098506730 0.00000000099999999999 0.69198231893901496203 
0.82055356151928471320 0.00000000099999999999 0.00000000099999999999 0.17944643548071514960 0.00000000099999999999 
0.99999999600000000211 0.00000000099999999997 0.00000000099999999997 0.00000000099999999997 0.00000000099999999997 
0.99999999600000011313 0.00000000099999999993 0.00000000099999999993 0.00000000099999999993 0.00000000099999999993 
0.00000000099999999998 0.00000000099999999998 0.00000000099999999998 0.43324400397798434881 0.56675599302201562502 
0.99999999600000000211 0.00000000099999999995 0.00000000099999999995 0.00000000099999999995 0.00000000099999999995 
0.99999999600000000211 0.00000000099999999997 0.00000000099999999997 0.00000000099999999997 0.00000000099999999997 
0.99999999600000011313 0.00000000099999999998 0.00000000099999999998 0.00000000099999999998 0.00000000099999999998 
0.99999999600000011313 0.00000000099999999998 0.00000000099999999998 0.00000000099999999998 0.00000000099999999998 
0.00000000099999999998 0.86195801369449420726 0.00000000099999999998 0.00000000099999999998 0.13804198330550573881 
0.00000000099999999998 0.80720404216412744436 0.00000000099999999998 0.00000000099999999998 0.19279595483587275151 
0.37494172382635021501 0.00000000100000000000 0.01165984083568791935 0.61339729556907374164 0.00000113876888820184 
