0.00000000099999999953 0.00000000099999999953 0.99999999500000003039 0.00000000099999999953 0.00000000099999999953 0.00000000099999999953 
0.35027112451021386041 0.00000000099999999975 0.00000000099999999975 0.64972887148978619720 0.00000000099999999975 0.00000000099999999975 
0.42844910303594463397 0.00000000099999999968 0.00000000099999999968 0.57155089296405536814 0.00000000099999999968 0.00000000099999999968 
0.40448228102850269927 0.00000000099999999962 0.00000000099999999962 0.59551771497149719181 0.00000000099999999962 0.00000000099999999962 
0.30963744015941419008 0.00000000099999999980 0.00000000099999999980 0.69036255584058570101 0.00000000099999999980 0.00000000099999999980 
0.00000000099999999987 0.55859630564118589735 0.00000000099999999987 0.00000000099999999987 0.00000000099999999987 0.44140369035881416027 
0.00000000099999999995 0.02859900675554064714 0.00000000099999999995 0.00005076313682026946 0.01357557506171752637 0.95777465304592157569 
0.86646874126292960927 0.00000000099999999986 0.00000000099999999986 0.13353125473707047610 0.00000000099999999986 0.00000000099999999986 
0.45318555217696615545 0.00000000099999999979 0.00000000099999999979 0.54681444382303390217 0.00000000099999999979 0.00000000099999999979 
0.00000000099999999965 0.99999999500000003039 0.00000000099999999965 0.00000000099999999965 0.00000000099999999965 0.00000000099999999965 
0.45772730876842843140 0.00000000099999999965 0.00000000099999999965 0.54227268723157162622 0.00000000099999999965 0.00000000099999999965 
0.52795199832583994404 0.00000000099999999968 0.00000000099999999968 0.47204799767416005807 0.00000000099999999968 0.00000000099999999968 
0.45227600576217086292 0.00000000099999999967 0.00000000099999999967 0.54772399023782902816 0.00000000099999999967 0.00000000099999999967 
0.00000000099999999959 0.00000000099999999959 0.00000000099999999959 0.00000000099999999959 0.99999999500000003039 0.00000000099999999959 
0.76988565968570210618 0.00000000099999999972 0.00000000099999999972 0.23011433631429811797 0.00000000099999999972 0.00000000099999999972 
0.00000000099999999986 0.06557694832795581130 0.00000000099999999986 0.00000000099999999986 0.06869926680433792454 0.86572378186770626574 
0.46481680536861197384 0.00000000099999999981 0.00000000099999999981 0.53518319063138797276 0.00000000099999999981 0.00000000099999999981 
0.35472749506506784378 0.00000000099999999967 0.00000000099999999967 0.64527250093493204730 0.00000000099999999967 0.00000000099999999967 
0.03328304830002148246 0.00000000099999999989 0.00000000099999999989 0.00000000099999999989 0.12062490146096521704 0.84609204723901321188 
0.60989350027560573775 0.00000000099999999967 0.00000000099999999967 0.39010649572439437538 0.00000000099999999967 0.00000000099999999967 
0.36999163163612142080 0.00000000099999999977 0.00000000099999999977 0.63000836436387852579 0.00000000099999999977 0.00000000099999999977 
0.48471314152414057830 0.00000000099999999979 0.00000000099999999979 0.51528685447585942381 0.00000000099999999979 0.00000000099999999979 
0.00000000099999999989 0.21253793745346852284 0.00000000099999999989 0.00000000099999999989 0.02615291178818817189 0.76130914775834335195 
0.00000000099999999993 0.10475072656427594775 0.00000000099999999993 0.00938432525420257804 0.00000000099999999993 0.88586494518152136823 
0.38515157290879831198 0.00000000099999999988 0.08901374424744047664 0.52583467984376119908 0.00000000099999999988 0.00000000099999999988 
0.00000000099999999940 0.00000000099999999940 0.00000000099999999940 0.00000000099999999940 0.99999999500000003039 0.00000000099999999940 
0.47399494311262690971 0.00000000099999999974 0.00000000099999999974 0.52600505288737309240 0.00000000099999999974 0.00000000099999999974 
0.00000000099999999992 0.13442713646467835398 0.00000000099999999992 0.00000000099999999992 0.00000000099999999992 0.86557285953532159262 
0.42328449313773330864 0.00000000099999999989 0.00000006205013326184 0.57671544181213352243 0.00000000099999999989 0.00000000099999999989 
0.45285676982862876905 0.00000000099999999971 0.00000000099999999971 0.54714322617137123306 0.00000000099999999971 0.00000000099999999971 
0.00000000099999999977 0.00000000099999999977 0.79445525047471898805 0.20554474552528104181 0.00000000099999999977 0.00000000099999999977 
0.10121999044838143889 0.89878000555161863261 0.00000000099999999986 0.00000000099999999986 0.00000000099999999986 0.00000000099999999986 
0.13335664144504591477 0.16081397516343037823 0.00000000099999999996 0.00493244199062014763 0.00000000099999999996 0.70089693940090358470 
0.00000000099999999973 0.99999999500000003039 0.00000000099999999973 0.00000000099999999973 0.00000000099999999973 0.00000000099999999973 
0.10213422975113421731 0.00000000099999999992 0.00000000099999999992 0.00000000099999999992 0.07743371833281394168 0.82043204891605181484 
0.00000000099999999944 0.00000000099999999944 0.00000000099999999944 0.00000000099999999944 0.99999999500000003039 0.00000000099999999944 
0.11279819494111570366 0.37899736233403397145 0.00000000099999999998 0.00000000099999999998 0.25981472938596933409 0.24838971133888082532 
0.55861820098560888148 0.00000000099999999989 0.00000000099999999989 0.44138179501439117614 0.00000000099999999989 0.00000000099999999989 
0.04758768101527977024 0.09217623357768686687 0.05521616095278576025 0.00000000099999999998 0.00000180912564241086 0.80501811432860503892 
0.99999999500000014141 0.00000000099999999982 0.00000000099999999982 0.00000000099999999982 0.00000000099999999982 0.00000000099999999982 
0.47970318745492812607 0.00000000099999999977 0.00000000099999999977 0.52029680854507198706 0.00000000099999999977 0.00000000099999999977 
0.36772751152173438483 0.00000000099999999982 0.00000000099999999982 0.63227248447826556177 0.00000000099999999982 0.00000000099999999982 
0.49996767276909848121 0.00603469005139029620 0.00000000099999999996 0.47007453423599254716 0.00000000099999999996 0.02392310094351867561 
0.17176465575113394890 0.52231358606966737934 0.00000000099999999998 0.00000000099999999998 0.26195429446367468618 0.04396746171552414623 
0.00000000099999999965 0.00000000099999999965 0.00000000099999999965 0.00000000099999999965 0.99999999499999991937 0.00000000099999999965 
0.45878934891311839994 0.00000000099999999991 0.00000000099999999991 0.54121064708688160216 0.00000000099999999991 0.00000000099999999991 
0.00000000099999999991 0.01213192561843107371 0.08973328276700637263 0.00000000099999999991 0.00000000099999999991 0.89813478861456252922 
0.00000000099999999992 0.77586589110579873285 0.00000000099999999992 0.00000000099999999992 0.00000000099999999992 0.22413410489420126925 
0.00000000099999999995 0.00000000099999999995 0.05666294471911904190 0.00000000099999999995 0.20602825719533943150 0.73730879508554147961 
0.00000000099999999974 0.00000000099999999974 0.00000000099999999974 0.09531486538720686241 0.90468513061279320908 0.00000000099999999974 
0.31380917896746240991 0.00000000099999999988 0.00000000099999999988 0.68619081703253770321 0.00000000099999999988 0.00000000099999999988 
0.57727684058323547323 0.00000000099999999982 0.00000000099999999982 0.42272315541676452888 0.00000000099999999982 0.00000000099999999982 
0.06927512437137114953 0.93072487162862893584 0.00000000099999999984 0.00000000099999999984 0.00000000099999999984 0.00000000099999999984 
0.00000000099999999987 0.00000000099999999987 0.99999999500000003039 0.00000000099999999987 0.00000000099999999987 0.00000000099999999987 
0.00000000099999999987 0.00000000099999999987 0.00000000099999999987 0.12164877092346025600 0.00000000099999999987 0.87835122507653973223 
0.00000000099999999989 0.00000000099999999989 0.99999999499999991937 0.00000000099999999989 0.00000000099999999989 0.00000000099999999989 
0.00000000099999999975 0.99999999500000003039 0.00000000099999999975 0.00000000099999999975 0.00000000099999999975 0.00000000099999999975 
0.00000000099999999965 0.00000000099999999965 0.00000000099999999965 0.00000000099999999965 0.99999999500000003039 0.00000000099999999965 
0.60198330457906601421 0.00000000099999999986 0.00000000099999999986 0.39801669142093398790 0.00000000099999999986 0.00000000099999999986 
0.00000000099999999985 0.93377679040558025925 0.00000000099999999985 0.06622320559441990939 0.00000000099999999985 0.00000000099999999985 
0.00000000099999999975 0.99999999500000003039 0.00000000099999999975 0.00000000099999999975 0.00000000099999999975 0.00000000099999999975 
0.45373102073683674318 0.00000000099999999982 0.00000000099999999982 0.54626897526316331444 0.00000000099999999982 0.00000000099999999982 
0.00000000099999999999 0.41703062591050571450 0.05535733274445560348 0.00000000099999999999 0.00000103327558467831 0.52761100606945376956 
0.00000000099999999993 0.16722018555633674786 0.00000000099999999993 0.00000000099999999993 0.00000002995221923479 0.83277978149144404885 
0.00168325996171196516 0.81269699112400717311 0.12009926843183565959 0.00000000099999999991 0.06552047848244532680 0.00000000099999999991 
0.45255908970000474634 0.00000000099999999989 0.00000000099999999989 0.54744090629999520026 0.00000000099999999989 0.00000000099999999989 
0.16292201255563643070 0.03911710804465730329 0.79796087639970625371 0.00000000099999999990 0.00000000099999999990 0.00000000099999999990 
0.00000000099999999980 0.00000000099999999980 0.99999999499999991937 0.00000000099999999980 0.00000000099999999980 0.00000000099999999980 
0.00000000099999999985 0.99999999500000003039 0.00000000099999999985 0.00000000099999999985 0.00000000099999999985 0.00000000099999999985 
0.00000000099999999990 0.87178330192922315334 0.00000000099999999990 0.00000000099999999990 0.12821669407077679326 0.00000000099999999990 
0.36289003087685284266 0.00000000099999999988 0.00000000099999999988 0.63710996512314710394 0.00000000099999999988 0.00000000099999999988 
0.41419627383112078700 0.00000000099999999993 0.11751438646638460994 0.46828933670249456300 0.00000000099999999993 0.00000000099999999993 
0.54209935182157864553 0.00000000099999999990 0.00000000099999999990 0.39696142376055698620 0.00000000099999999990 0.06093922141786458496 
0.00000000099999999987 0.99999999500000014141 0.00000000099999999987 0.00000000099999999987 0.00000000099999999987 0.00000000099999999987 
0.00000000099999999993 0.84135260665365207977 0.00000000099999999993 0.13538293392859160336 0.00000000099999999993 0.02326445641775642600 
0.00000000099999999973 0.99999999500000003039 0.00000000099999999973 0.00000000099999999973 0.00000000099999999973 0.00000000099999999973 
0.28662588349166751023 0.03598683914160389491 0.01170220302390118441 0.66568507234282736640 0.00000000099999999999 0.00000000099999999999 
0.00000000099999999976 0.00000000099999999976 0.99999999500000003039 0.00000000099999999976 0.00000000099999999976 0.00000000099999999976 
0.00000000099999999977 0.99999999500000014141 0.00000000099999999977 0.00000000099999999977 0.00000000099999999977 0.00000000099999999977 
0.54352167849189025883 0.00000000099999999989 0.00000000099999999989 0.45647831750810985429 0.00000000099999999989 0.00000000099999999989 
0.00000000099999999983 0.00000000099999999983 0.99999999499999991937 0.00000000099999999983 0.00000000099999999983 0.00000000099999999983 
0.00000000099999999990 0.00000000099999999990 0.00000000099999999990 0.00000000099999999990 0.00000000099999999990 0.99999999499999991937 
0.16851229118200455881 0.11551496253468884756 0.00000000099999999995 0.00000000099999999995 0.07483155926700746363 0.64114118501629913105 
0.24841075679963209311 0.67600505082985551386 0.00171983811192973264 0.00000000099999999989 0.07386435225858274667 0.00000000099999999989 
0.00000000099999999994 0.81509285581749191252 0.00000000099999999994 0.00000000099999999994 0.00000000099999999994 0.18490714018250825612 
0.00000000099999999993 0.00000000099999999993 0.00000000099999999993 0.00000000099999999993 0.00000000099999999993 0.99999999500000003039 
0.43642112795570847661 0.20027463983500831679 0.00000000099999999989 0.36330422920928323594 0.00000000099999999989 0.00000000099999999989 
0.00000000099999999995 0.00000000099999999995 0.00000000099999999995 0.00000000099999999995 0.07538780579915309310 0.92461219020084706166 
0.00000000099999999985 0.99999999500000003039 0.00000000099999999985 0.00000000099999999985 0.00000000099999999985 0.00000000099999999985 
0.42613098786144404384 0.00000000099999999986 0.00000000099999999986 0.57386900813855601378 0.00000000099999999986 0.00000000099999999986 
0.00000000099999999994 0.24173810814648155620 0.00000000099999999994 0.00000000099999999994 0.00000000099999999994 0.75826188785351844590 
0.00000000099999999997 0.04501210455143213329 0.00000000099999999997 0.00000000099999999997 0.23419625582416825349 0.72079163662439971194 
0.00000000099999999988 0.00000000099999999988 0.99999999499999991937 0.00000000099999999988 0.00000000099999999988 0.00000000099999999988 
0.00000000099999999972 0.00000000099999999972 0.99999999500000003039 0.00000000099999999972 0.00000000099999999972 0.00000000099999999972 
0.00000000099999999999 0.00000000099999999999 0.12513816346516670741 0.17983765419297251253 0.01663002718572417077 0.67839415315613660340 
0.30062149521909203864 0.00000000099999999987 0.00000000099999999987 0.69937850078090779693 0.00000000099999999987 0.00000000099999999987 
0.18086689500487554416 0.13418587686468502751 0.00000000099999999998 0.00050453899318303713 0.08895422627582520725 0.59548846186143111758 
0.00000000099999999997 0.38818927579821299600 0.00000000099999999997 0.24686725994598415768 0.06269406115408056313 0.30224940110172227037 
0.28225584948112841799 0.00000000099999999998 0.00000000099999999998 0.18788951074146448272 0.02474755297058282844 0.50510708480682420252 
0.80124784651603520036 0.05546900372138900692 0.14328314676257564164 0.00000000099999999992 0.00000000099999999992 0.00000000099999999992 
0.99999999500000003039 0.00000000099999999987 0.00000000099999999987 0.00000000099999999987 0.00000000099999999987 0.00000000099999999987 
0.24191872042330195280 0.00000000099999999997 0.00464460450324874312 0.75343667207344944270 0.00000000099999999997 0.00000000099999999997 
0.00000000099999999996 0.07885737153440040836 0.10477503558142350903 0.00000000099999999996 0.30868748265691275945 0.50768010822726339359 
0.33761746990072305508 0.00000000099999999994 0.30224763302630641704 0.26329555948119026665 0.00000000099999999994 0.09683933559178022066 
0.45449960167252007048 0.00000000099999999998 0.00000000099999999998 0.37848676219112720176 0.16701363313635261831 0.00000000099999999998 
0.64130683040170088915 0.00000000099999999985 0.00000000099999999985 0.35869316559829922397 0.00000000099999999985 0.00000000099999999985 
0.99999999500000003039 0.00000000099999999979 0.00000000099999999979 0.00000000099999999979 0.00000000099999999979 0.00000000099999999979 
0.18563652070322358978 0.00000000099999999993 0.07027310420733838547 0.74409037208943795694 0.00000000099999999993 0.00000000099999999993 
0.00000000099999999998 0.71153440008376289683 0.00000000099999999998 0.00000000099999999998 0.00000000099999999998 0.28846559591623738283 
0.28267281495733775909 0.00000000099999999984 0.03283587952860342329 0.68449130251405887471 0.00000000099999999984 0.00000000099999999984 
0.71692000079694229164 0.00000000099999999991 0.00000000099999999991 0.28307999520305776597 0.00000000099999999991 0.00000000099999999991 
0.00000000099999999996 0.15494289583885767492 0.00000000099999999996 0.00000000099999999996 0.06515216173356196128 0.77990493942758043477 
0.20137152295944166225 0.02000974241549649188 0.00000000099999999998 0.04651171892057711504 0.00000000099999999998 0.73210701370448483249 
0.33332806338431625326 0.26713110844945570088 0.04813360623541780570 0.00000000099999999997 0.00000000099999999997 0.35140721993081031060 
0.00000000099999999999 0.37316222563190415418 0.00000000099999999999 0.00533897153654965765 0.00000000548706556860 0.62149879534448038143 
0.65530560609632804159 0.04835905149414548160 0.07026614331048841589 0.13281588604215990856 0.09325331205687792391 0.00000000099999999998 
0.79682387545819710617 0.00000000099999999994 0.20316964834733855505 0.00000647319446430299 0.00000000099999999994 0.00000000099999999994 
0.19301968901618393737 0.00000000099999999994 0.00000000099999999994 0.00000000099999999994 0.00000000099999999994 0.80698030698381617576 
0.00000000099999999996 0.00000000099999999996 0.16465446157216315215 0.83534553442783687771 0.00000000099999999996 0.00000000099999999996 
0.75242498980754290994 0.00000000099999999993 0.24757500619245728646 0.00000000099999999993 0.00000000099999999993 0.00000000099999999993 
0.41476681872629406200 0.00000000099999999995 0.00000000099999999995 0.53614252853875155047 0.04909064973495428502 0.00000000099999999995 
0.93913411676386149285 0.06086512386911201167 0.00000000099999999998 0.00000075636702649681 0.00000000099999999998 0.00000000099999999998 
0.99999999500000003039 0.00000000099999999985 0.00000000099999999985 0.00000000099999999985 0.00000000099999999985 0.00000000099999999985 
0.12521574783641384321 0.22527846674843879371 0.00000000099999999995 0.00000000099999999995 0.47442196612523135357 0.17508381728991592730 
0.00000000099999999998 0.15740847053691536805 0.00000000099999999998 0.13695930906433143037 0.11202393658599478499 0.59360828181275837601 
0.60016686731359125684 0.00000000099999999991 0.00000000099999999991 0.39983312868640885629 0.00000000099999999991 0.00000000099999999991 
0.00000000099999999989 0.00000000099999999989 0.00000000099999999989 0.13653448691622038780 0.00000000099999999989 0.86346550908377961431 
0.00000000099999999981 0.00000000099999999981 0.99999999499999991937 0.00000000099999999981 0.00000000099999999981 0.00000000099999999981 
0.22482472607189415981 0.00000000099999999992 0.00000000099999999992 0.77517526992810592557 0.00000000099999999992 0.00000000099999999992 
0.00000000099999999995 0.00000000099999999995 0.82891059118208088030 0.00000000099999999995 0.17108940481791903854 0.00000000099999999995 
0.36091880732370490437 0.00000000099999999991 0.00000000099999999991 0.63908118867629515325 0.00000000099999999991 0.00000000099999999991 
0.00000000099999999978 0.00000000099999999978 0.00000000099999999978 0.00000000099999999978 0.99999999500000003039 0.00000000099999999978 
0.20396019047784910705 0.00000000099999999997 0.68752264528841311453 0.10851716123373776612 0.00000000099999999997 0.00000000099999999997 
0.21123647402420539509 0.00000000099999999996 0.78743648751116590567 0.00132703546462871252 0.00000000099999999996 0.00000000099999999996 
0.96534569801916658704 0.00000000099999999996 0.03465429798083335955 0.00000000099999999996 0.00000000099999999996 0.00000000099999999996 
0.00000000099999999991 0.00000000099999999991 0.99999999499999991937 0.00000000099999999991 0.00000000099999999991 0.00000000099999999991 
0.45166390795057631546 0.00000000099999999991 0.00000000099999999991 0.54833608804942357562 0.00000000099999999991 0.00000000099999999991 
0.00000000099999999997 0.10896268368548672756 0.00000000099999999997 0.00000000099999999997 0.24394160126208958017 0.64709571205242366609 
0.00000000099999999988 0.00000000099999999988 0.72562332713062471790 0.27437666886937533972 0.00000000099999999988 0.00000000099999999988 
0.47396569409119093663 0.00000000099999999996 0.07525727699786095848 0.30422147110869296460 0.00000000099999999996 0.14655555580225523848 
0.00000000099999999990 0.99999999500000003039 0.00000000099999999990 0.00000000099999999990 0.00000000099999999990 0.00000000099999999990 
0.00000000099999999993 0.00000000099999999993 0.82842103699073621481 0.00000000099999999993 0.00000000099999999993 0.17157895900926373178 
0.99999999500000014141 0.00000000099999999989 0.00000000099999999989 0.00000000099999999989 0.00000000099999999989 0.00000000099999999989 
0.00000000099999999993 0.00000000099999999993 0.99985521065194205015 0.00014478534805793052 0.00000000099999999993 0.00000000099999999993 
0.00000000099999999989 0.00000000099999999989 0.81292033931100615707 0.18707965668899373402 0.00000000099999999989 0.00000000099999999989 
0.00000000099999999994 0.00000000099999999994 0.15261573775247394558 0.00000000099999999994 0.00000000099999999994 0.84738425824752605653 
0.17138303397547788309 0.46843890609931865265 0.00000000099999999999 0.00000000099999999999 0.01260527726258860864 0.34757278066261493299 
0.00000000099999999997 0.21160927797563752750 0.78839071802436255787 0.00000000099999999997 0.00000000099999999997 0.00000000099999999997 
0.69935386437478508359 0.00000000099999999995 0.30064613162521497403 0.00000000099999999995 0.00000000099999999995 0.00000000099999999995 
0.99999999500000014141 0.00000000099999999993 0.00000000099999999993 0.00000000099999999993 0.00000000099999999993 0.00000000099999999993 
0.14333850745066012422 0.00000000099999999995 0.00000000099999999995 0.00000000563629829767 0.00000000099999999995 0.85666148391304164367 
0.78657877223695260582 0.00000000099999999998 0.00000000099999999998 0.00000000099999999998 0.17066369246135149051 0.04275753230169599545 
0.00205150812264232605 0.00000000099999999995 0.12777050681546067712 0.87017798206189700405 0.00000000099999999995 0.00000000099999999995 
0.67566574253987976562 0.00000000099999999992 0.07307098170182793617 0.25126327275829241081 0.00000000099999999992 0.00000000099999999992 
0.46831184492083965942 0.00000000099999999998 0.12997304114367280725 0.36835933502387591121 0.00000000099999999998 0.03335577691161176195 
0.21077119923670559198 0.00000000099999999994 0.25473254998837824292 0.53449624777491611116 0.00000000099999999994 0.00000000099999999994 
0.99999999500000003039 0.00000000099999999993 0.00000000099999999993 0.00000000099999999993 0.00000000099999999993 0.00000000099999999993 
0.00000000099999999998 0.00000000099999999998 0.00000000099999999998 0.16602011561589111177 0.05554255768409589039 0.77843732370001317289 
0.00000161249467665434 0.00000000099999999998 0.00000000099999999998 0.51565385091215487634 0.48434453359316825827 0.00000000099999999998 
0.00000000099999999991 0.00000000099999999991 0.99999999500000003039 0.00000000099999999991 0.00000000099999999991 0.00000000099999999991 
0.28585074861732068241 0.33735750056268493102 0.00000000100000000000 0.00004492847080299034 0.09306156156892189668 0.28368525978026948309 
0.00000000099999999997 0.03052281945390533657 0.00000000099999999997 0.03822093987942118409 0.11338226110862240081 0.81787397755805091304 
0.00000000099999999994 0.00000000099999999994 0.72095870732295264105 0.27904128867704747208 0.00000000099999999994 0.00000000099999999994 
0.00000000099999999994 0.00000000099999999994 0.99999999499999991937 0.00000000099999999994 0.00000000099999999994 0.00000000099999999994 
0.16447965880459256005 0.00000000099999999998 0.00000000099999999998 0.10098256446254953722 0.46614311708905581400 0.26839465764380199264 
0.33016562130202686820 0.00000000099999999993 0.00000000099999999993 0.66983437469797313391 0.00000000099999999993 0.00000000099999999993 
0.99999999500000003039 0.00000000099999999991 0.00000000099999999991 0.00000000099999999991 0.00000000099999999991 0.00000000099999999991 
0.14209938493502236034 0.30655570638401580252 0.15288640389106286643 0.00000000099999999998 0.11065734248449018984 0.28780116130540878139 
0.99999999500000014141 0.00000000099999999990 0.00000000099999999990 0.00000000099999999990 0.00000000099999999990 0.00000000099999999990 
0.00000000099999999992 0.45596418167610291983 0.00000000099999999992 0.36523369237288583200 0.00000000099999999992 0.17880212295101130526 
0.44975731565105087073 0.35472360062726837615 0.00000000099999999998 0.19551908072168069919 0.00000000099999999998 0.00000000099999999998 
0.94972944311281459751 0.00000000099999999994 0.00000000099999999994 0.00000000099999999994 0.05027055288718557113 0.00000000099999999994 
0.00000000099999999992 0.00000000099999999992 0.86534790097177338719 0.13465209502822653165 0.00000000099999999992 0.00000000099999999992 
0.75866228165858673460 0.00000000099999999992 0.00000000099999999992 0.24133771434141340628 0.00000000099999999992 0.00000000099999999992 
0.05452070872348936670 0.00000000099999999996 0.36690409348699537517 0.57857519478951535685 0.00000000099999999996 0.00000000099999999996 
0.00002450048745474516 0.10473928267066565101 0.29286016006689441493 0.39357548343551296277 0.20880057233947207918 0.00000000100000000000 
0.00000000099999999992 0.00000000099999999992 0.99999999499999991937 0.00000000099999999992 0.00000000099999999992 0.00000000099999999992 
0.75561832184999710993 0.17114631867966678680 0.07323535647033606322 0.00000000099999999995 0.00000000099999999995 0.00000000099999999995 
0.68935886868093609881 0.04233504279059140119 0.00000000099999999997 0.26830608552847240444 0.00000000099999999997 0.00000000099999999997 
0.74870020211321264281 0.00000000099999999995 0.00000000099999999995 0.00000000099999999995 0.25129979388678741481 0.00000000099999999995 
0.99999999500000014141 0.00000000099999999994 0.00000000099999999994 0.00000000099999999994 0.00000000099999999994 0.00000000099999999994 
0.74561403829350192396 0.00000000099999999994 0.00000000099999999994 0.25438595770649818917 0.00000000099999999994 0.00000000099999999994 
0.00000000099999999991 0.00000000099999999991 0.99999999500000003039 0.00000000099999999991 0.00000000099999999991 0.00000000099999999991 
0.00000000100000000000 0.00000000100000000000 0.36723895543230444805 0.10761586374972527402 0.04189500005081032291 0.48325017876715986587 
0.99999999500000014141 0.00000000099999999994 0.00000000099999999994 0.00000000099999999994 0.00000000099999999994 0.00000000099999999994 
0.00000000099999999997 0.00000000099999999997 0.00000000099999999997 0.48307986294198601573 0.51692013305801387535 0.00000000099999999997 
0.11600402470261464427 0.87562129334413962845 0.00000000099999999997 0.00000000099999999997 0.00837467895324570284 0.00000000099999999997 
0.00000000099999999997 0.79287191431490755544 0.20712807787232848100 0.00000000099999999997 0.00000000099999999997 0.00000000481276414463 
0.22113236216684398205 0.00000000099999999994 0.00000000099999999994 0.00000000099999999994 0.27827747590757001550 0.50059015892558589300 
0.99999999500000014141 0.00000000099999999989 0.00000000099999999989 0.00000000099999999989 0.00000000099999999989 0.00000000099999999989 
0.00000000099999999989 0.00000000099999999989 0.99999999499999991937 0.00000000099999999989 0.00000000099999999989 0.00000000099999999989 
0.00000000099999999997 0.40897206319352435999 0.00000000099999999997 0.00000000099999999997 0.04525586314758022616 0.54577207065889543625 
0.00000000099999999990 0.00000000099999999990 0.66620834070935419646 0.33379165529064580564 0.00000000099999999990 0.00000000099999999990 
0.88567240227012422604 0.11432759372987581770 0.00000000099999999990 0.00000000099999999990 0.00000000099999999990 0.00000000099999999990 
0.00000000103702434950 0.13613709863374298670 0.02739796703326263100 0.00014116479208089373 0.00000000100000000000 0.83632376750388903730 
0.49901622285396357581 0.00000000099999999997 0.00000000099999999997 0.50098377314603637078 0.00000000099999999997 0.00000000099999999997 
0.00000000099999999997 0.00000000099999999997 0.45426916274933243356 0.38315438268633283947 0.00000000099999999997 0.16257645156433486733 
0.99988339259940794967 0.00000000099999999992 0.00011660340059206211 0.00000000099999999992 0.00000000099999999992 0.00000000099999999992 
0.75467592971285757386 0.24532406628714256702 0.00000000099999999997 0.00000000099999999997 0.00000000099999999997 0.00000000099999999997 
0.00000000099999999997 0.00000000099999999997 0.00000000099999999997 0.40372298291957819938 0.00000000099999999997 0.59627701308042180273 
0.65599713182798835565 0.00000000099999999997 0.00000000099999999997 0.00000000099999999997 0.00000000099999999997 0.34400286417201175748 
0.00000000099999999993 0.00000000099999999993 0.99999999500000003039 0.00000000099999999993 0.00000000099999999993 0.00000000099999999993 
0.00000000099999999995 0.00000000099999999995 0.99999999499999991937 0.00000000099999999995 0.00000000099999999995 0.00000000099999999995 
0.00000000099999999993 0.00000000099999999993 0.99999999500000003039 0.00000000099999999993 0.00000000099999999993 0.00000000099999999993 
0.48048067667120814006 0.00000000099999999997 0.35597303546690262088 0.00000000099999999997 0.16354628486188912961 0.00000000099999999997 
0.00000000099999999998 0.11365933651744940247 0.00000000099999999998 0.19563376014316566365 0.15241110034578464472 0.53829580099360019307 
0.14445895716507051176 0.00000000099999999998 0.00000000099999999998 0.58417872384542124387 0.00000000099999999998 0.27136231598950827371 
0.00000000099999999998 0.00000000099999999998 0.64697604230333771724 0.18075566514238303184 0.00000000099999999998 0.17226828955427911372 
0.99999999500000003039 0.00000000099999999994 0.00000000099999999994 0.00000000099999999994 0.00000000099999999994 0.00000000099999999994 
0.00000000099999999994 0.00000000099999999994 0.99999999499999991937 0.00000000099999999994 0.00000000099999999994 0.00000000099999999994 
0.00000000099999999995 0.13237761138896195212 0.86762238461103802223 0.00000000099999999995 0.00000000099999999995 0.00000000099999999995 
0.00000000099999999998 0.00000000099999999998 0.00000000099999999998 0.00010088976136164603 0.00004164867438507981 0.99985745856425323197 
0.00000000099999999993 0.00000000099999999993 0.99999999500000003039 0.00000000099999999993 0.00000000099999999993 0.00000000099999999993 
0.00000000099999999997 0.27389160328628525676 0.00003942700543439691 0.00000000099999999997 0.00000000099999999997 0.72606896670828025009 
0.00000000099999999997 0.00000000099999999997 0.80676844480753240330 0.19323155119246762657 0.00000000099999999997 0.00000000099999999997 
0.00000000108880388648 0.15490007135563649276 0.00000000099999999999 0.00000000099999999999 0.80681653173886858088 0.03828339381669096375 
0.00000000099999999995 0.00000000099999999995 0.99999999499999991937 0.00000000099999999995 0.00000000099999999995 0.00000000099999999995 
0.00865311092355368003 0.53899597170442892224 0.00000000099999999998 0.00000000099999999998 0.00000000099999999998 0.45235091437201757625 
0.63433229145374647739 0.36566770454625358022 0.00000000099999999998 0.00000000099999999998 0.00000000099999999998 0.00000000099999999998 
0.00000000099999999997 0.02605429571023899771 0.68153768582824447719 0.29240801546151651280 0.00000000099999999997 0.00000000099999999997 
0.00000000099999999997 0.00000000099999999997 0.99999999500000003039 0.00000000099999999997 0.00000000099999999997 0.00000000099999999997 
0.00000000099999999991 0.00000000099999999991 0.99999999500000003039 0.00000000099999999991 0.00000000099999999991 0.00000000099999999991 
0.75630065548439817658 0.00000000099999999997 0.00000000099999999997 0.24369934051560185329 0.00000000099999999997 0.00000000099999999997 
0.00000000099999999994 0.00000000099999999994 0.99999999499999991937 0.00000000099999999994 0.00000000099999999994 0.00000000099999999994 
0.00000000099999999996 0.00000000099999999996 0.99999999499999991937 0.00000000099999999996 0.00000000099999999996 0.00000000099999999996 
0.00000000156971216664 0.17972102703627215736 0.82027896839401559514 0.00000000099999999997 0.00000000099999999997 0.00000000099999999997 
0.00000000099999999998 0.00000000099999999998 0.99999993531079800491 0.00000000099999999998 0.00000000099999999998 0.00000006068920191151 
0.08000969044865441360 0.00000000099999999997 0.00000000099999999997 0.00000000099999999997 0.00000000099999999997 0.91999030555134553300 
0.06318774357881568049 0.00000000099999999998 0.00000000099999999998 0.00000000099999999998 0.00000000099999999998 0.93681225242118437713 
0.09334147318538912885 0.00000000099999999999 0.43284416257727842403 0.45600083481967373933 0.01781352741765854578 0.00000000099999999999 
