0.00000000099999999957 0.00000000099999999957 0.00000000099999999957 0.99999999500000003039 0.00000000099999999957 0.00000000099999999957 
0.00000000099999999973 0.99999999500000014141 0.00000000099999999973 0.00000000099999999973 0.00000000099999999973 0.00000000099999999973 
0.00000000099999999971 0.99999999500000014141 0.00000000099999999971 0.00000000099999999971 0.00000000099999999971 0.00000000099999999971 
0.00000000099999999962 0.87750401359138363588 0.00000000099999999962 0.00000000099999999962 0.00000000099999999962 0.12249598240861654663 
0.00000000099999999975 0.99999999500000014141 0.00000000099999999975 0.00000000099999999975 0.00000000099999999975 0.00000000099999999975 
0.56908999690216877099 0.00000000099999999984 0.43090999909783117561 0.00000000099999999984 0.00000000099999999984 0.00000000099999999984 
0.03330904577246606574 0.00000000099999999994 0.94995968302308797515 0.00000000099999999994 0.01673126820444588783 0.00000000099999999994 
0.00000000099999999981 0.18339955170352367775 0.00000000099999999981 0.00000000099999999981 0.00000000099999999981 0.81660044429647626885 
0.00000000099999999980 0.95243007715382399514 0.00000000099999999980 0.00000000099999999980 0.00000000099999999980 0.04756991884617620819 
0.99999999500000003039 0.00000000099999999968 0.00000000099999999968 0.00000000099999999968 0.00000000099999999968 0.00000000099999999968 
0.00000000099999999967 0.95816208837330096859 0.00000000099999999967 0.00000000099999999967 0.00000000099999999967 0.04183790762669906127 
0.00000000099999999970 0.80505199846149988474 0.00000000099999999970 0.00000000099999999970 0.00000000099999999970 0.19494799753850011736 
0.00000000099999999968 0.89893160287855300439 0.00000000099999999968 0.00000000099999999968 0.00000000099999999968 0.10106839312144698384 
0.00000000099999999959 0.00000000099999999959 0.00000000099999999959 0.00000000099999999959 0.99999999500000003039 0.00000000099999999959 
0.00000000099999999972 0.39162045095641551118 0.00000000099999999972 0.00000000099999999972 0.00000000099999999972 0.60837954504358426888 
0.08334123503468349181 0.00000000099999999987 0.82874508245499223236 0.00000000099999999987 0.08791367951032426353 0.00000000099999999987 
0.00000000099999999982 0.84988355797452452833 0.00000000099999999982 0.00051119290972094099 0.00000000099999999982 0.14960524611575448661 
0.00000000099999999963 0.99999999500000014141 0.00000000099999999963 0.00000000099999999963 0.00000000099999999963 0.00000000099999999963 
0.00000000099999999992 0.00000000099999999992 0.84390234762396143520 0.00000000099999999992 0.15609764837603842813 0.00000000099999999992 
0.00000000099999999969 0.71107747510480268094 0.00000000099999999969 0.00000000099999999969 0.00000000099999999969 0.28892252089519737668 
0.00000000099999999976 0.99999999500000003039 0.00000000099999999976 0.00000000099999999976 0.00000000099999999976 0.00000000099999999976 
0.00000000099999999981 0.90995087498846183305 0.00000000099999999981 0.00000000099999999981 0.00000000099999999981 0.09004912101153828008 
0.21391645103494882907 0.00000000099999999990 0.74803519656869155163 0.00000000099999999990 0.03804834939635973884 0.00000000099999999990 
0.11830984599715081707 0.00000000099999999992 0.88169015000284922667 0.00000000099999999992 0.00000000099999999992 0.00000000099999999992 
0.00000000099999999987 0.86937282258625425690 0.00000000099999999987 0.09419953181511754592 0.00000000099999999987 0.03642764259862844856 
0.00000000099999999942 0.00000000099999999942 0.00000000099999999942 0.00000000099999999942 0.99999999500000003039 0.00000000099999999942 
0.00000000099999999975 0.84393919589932897551 0.00000000099999999975 0.00000000099999999975 0.00000000099999999975 0.15606080010067097108 
0.15197422696210310944 0.00000000099999999994 0.84802576903789683715 0.00000000099999999994 0.00000000099999999994 0.00000000099999999994 
0.00000000099999999988 0.88008452947552506807 0.00000000099999999988 0.00661369740695394795 0.00000000099999999988 0.11330177011752101679 
0.00000000099999999973 0.94759064556000582868 0.00000000099999999973 0.00000000099999999973 0.00000000099999999973 0.05240935043999432608 
0.00000000099999999979 0.14575249706361970148 0.00000000099999999979 0.85424749893638018960 0.00000000099999999979 0.00000000099999999979 
0.91596181636871787379 0.00000000099999999989 0.00000000099999999989 0.00000000099999999989 0.00000000099999999989 0.08403817963128229485 
0.18683239426652789583 0.00000000099999999995 0.67249162144355190129 0.00000000099999999995 0.00000000099999999995 0.14067598128992039874 
0.99999999500000014141 0.00000000099999999974 0.00000000099999999974 0.00000000099999999974 0.00000000099999999974 0.00000000099999999974 
0.00000000099999999995 0.00000000099999999995 0.80271422977353057426 0.00000000099999999995 0.11228992628879670701 0.08499584093767270643 
0.00000000099999999946 0.00000000099999999946 0.00000000099999999946 0.00000000099999999946 0.99999999499999991937 0.00000000099999999946 
0.41234879048999706352 0.00000000099999999999 0.22016992043325525619 0.00000000099999999999 0.26727302570341215926 0.10020826137333541106 
0.00000000099999999989 0.68250509287794869362 0.00000000099999999989 0.00000000099999999989 0.00000000099999999989 0.31749490312205153053 
0.11142468713266071023 0.00000000099999999998 0.78613838102486255366 0.06534562760493391187 0.00106816619821253856 0.03602313703933022332 
0.00000000099999999986 0.00000000099999999986 0.00000000099999999986 0.00000000099999999986 0.00000000099999999986 0.99999999500000003039 
0.00000000099999999979 0.88866964053114894106 0.00000000099999999979 0.00000000099999999979 0.00000000099999999979 0.11133035546885106104 
0.00000000099999999983 0.99999999500000003039 0.00000000099999999983 0.00000000099999999983 0.00000000099999999983 0.00000000099999999983 
0.00000000099999999995 0.66779404875631998006 0.00046239770444623580 0.00000000099999999995 0.00000000099999999995 0.33174355053923382242 
0.52792725680489593909 0.00000183273288994694 0.05211268737931595146 0.00000000099999999997 0.26249891460070573501 0.15745930748219225115 
0.00000000099999999966 0.00000000099999999966 0.00000000099999999966 0.00000000099999999966 0.99999999499999991937 0.00000000099999999966 
0.00000000099999999993 0.97399134853275259882 0.00000000099999999993 0.00000000099999999993 0.00000000099999999993 0.02600864746724737900 
0.05436584412057971633 0.00000000099999999994 0.86146363989504304293 0.08417051298437726314 0.00000000099999999994 0.00000000099999999994 
0.78750318855425571751 0.00000000099999999993 0.21249680744574431235 0.00000000099999999993 0.00000000099999999993 0.00000000099999999993 
0.00000000099999999996 0.00000000099999999996 0.74712039202324731502 0.04072647939249475491 0.21215312558425777900 0.00000000099999999996 
0.00000000099999999976 0.00000000099999999976 0.12751106091695474376 0.00000000099999999976 0.87248893508304514732 0.00000000099999999976 
0.00000000099999999981 0.99999999500000014141 0.00000000099999999981 0.00000000099999999981 0.00000000099999999981 0.00000000099999999981 
0.00000000099999999982 0.64456993741407031528 0.00000000099999999982 0.00000000099999999982 0.00000000099999999982 0.35543005858592979784 
0.99999999500000003039 0.00000000099999999987 0.00000000099999999987 0.00000000099999999987 0.00000000099999999987 0.00000000099999999987 
0.00000000099999999988 0.00000000099999999988 0.00000000099999999988 0.99999999500000003039 0.00000000099999999988 0.00000000099999999988 
0.00000000099999999986 0.00000000099999999986 0.99999999500000003039 0.00000000099999999986 0.00000000099999999986 0.00000000099999999986 
0.00000000099999999989 0.00000000099999999989 0.00000000099999999989 0.99999999500000003039 0.00000000099999999989 0.00000000099999999989 
0.99999999500000014141 0.00000000099999999976 0.00000000099999999976 0.00000000099999999976 0.00000000099999999976 0.00000000099999999976 
0.00000000099999999963 0.00000000099999999963 0.00000000099999999963 0.00000000099999999963 0.99999999500000003039 0.00000000099999999963 
0.00000000099999999985 0.61220733850284236865 0.00000000099999999985 0.00000000099999999985 0.00000000099999999985 0.38779265749715768896 
0.99999999500000014141 0.00000000099999999987 0.00000000099999999987 0.00000000099999999987 0.00000000099999999987 0.00000000099999999987 
0.99999999500000003039 0.00000000099999999976 0.00000000099999999976 0.00000000099999999976 0.00000000099999999976 0.00000000099999999976 
0.00000000099999999982 0.83775770922250258899 0.00000000099999999982 0.00000000099999999982 0.00000000099999999982 0.16224228677749757965 
0.44007924511592344530 0.00000000099999999998 0.49495556548634467298 0.05409733277251152495 0.01086785462522031620 0.00000000099999999998 
0.16584945042654264391 0.00000000099999999994 0.82632187181656302499 0.00000000099999999994 0.00782867475689427890 0.00000000099999999994 
0.79617293683584278163 0.00000000099999999993 0.00000000099999999993 0.10099303942002949008 0.06540139688169704923 0.03743262486243058990 
0.00000000099999999987 0.69406655143548612319 0.00000000099999999987 0.00000000099999999987 0.00000000099999999987 0.30593344456451398994 
0.10564347032447092556 0.00000000099999999993 0.00000000099999999993 0.89435212637971306382 0.00000000099999999993 0.00000440029581599988 
0.00000000099999999981 0.00000000099999999981 0.00000000099999999981 0.99999999500000003039 0.00000000099999999981 0.00000000099999999981 
0.99999999500000003039 0.00000000099999999986 0.00000000099999999986 0.00000000099999999986 0.00000000099999999986 0.00000000099999999986 
0.87356877101932828289 0.00000000099999999989 0.00000000099999999989 0.00000000099999999989 0.12643122498067188575 0.00000000099999999989 
0.00000000099999999988 0.92065126728463930750 0.00000000099999999988 0.00000000099999999988 0.00000000099999999988 0.07934872871536073624 
0.00000000099999999995 0.77287885288158386654 0.00000000099999999995 0.13161601948449347388 0.00000000099999999995 0.09550512463392271667 
0.00000000099999999990 0.67734368930890387350 0.05885458976707273748 0.00000000099999999990 0.00000000099999999990 0.26380171792402340447 
0.99999999500000014141 0.00000000099999999988 0.00000000099999999988 0.00000000099999999988 0.00000000099999999988 0.00000000099999999988 
0.78180538486425088518 0.07202393597113432300 0.14617067616461465462 0.00000000099999999993 0.00000000099999999993 0.00000000099999999993 
0.99999999500000014141 0.00000000099999999974 0.00000000099999999974 0.00000000099999999974 0.00000000099999999974 0.00000000099999999974 
0.00000000099999999999 0.71735750349864924047 0.02424212820192224102 0.00383898911027864961 0.00000000099999999999 0.25456137718915000656 
0.00000000099999999978 0.00000000099999999978 0.00000000099999999978 0.99999999499999991937 0.00000000099999999978 0.00000000099999999978 
0.99999999500000003039 0.00000000099999999977 0.00000000099999999977 0.00000000099999999977 0.00000000099999999977 0.00000000099999999977 
0.00000000099999999990 0.76128455746333689724 0.00000000099999999990 0.00000000099999999990 0.00000000099999999990 0.23871543853666316037 
0.00000000099999999984 0.00000000099999999984 0.00000000099999999984 0.99999999500000003039 0.00000000099999999984 0.00000000099999999984 
0.00000000099999999991 0.00000000099999999991 0.99999999499999991937 0.00000000099999999991 0.00000000099999999991 0.00000000099999999991 
0.13876080937232648793 0.00000000099999999996 0.63151302471358150559 0.00000000099999999996 0.09516258002377958602 0.13456358389031247702 
0.67058041653104216717 0.00000000099999999991 0.00000000099999999991 0.00000000099999999991 0.07891792475939576890 0.25050165570956217653 
0.81948732250949074540 0.00000000099999999994 0.18051267349050936772 0.00000000099999999994 0.00000000099999999994 0.00000000099999999994 
0.00000000099999999994 0.00000000099999999994 0.99999999499999991937 0.00000000099999999994 0.00000000099999999994 0.00000000099999999994 
0.19616017046565184523 0.54392470225401923223 0.00000000099999999989 0.00000000099999999989 0.00000000099999999989 0.25991512428032897963 
0.00000000099999999997 0.00000000099999999997 0.91604241211393699906 0.00000000099999999997 0.08395758388606301692 0.00000000099999999997 
0.99999999500000014141 0.00000000099999999986 0.00000000099999999986 0.00000000099999999986 0.00000000099999999986 0.00000000099999999986 
0.00000000099999999987 0.99999999500000003039 0.00000000099999999987 0.00000000099999999987 0.00000000099999999987 0.00000000099999999987 
0.26033350514332942449 0.00000000099999999994 0.73966649085667057761 0.00000000099999999994 0.00000000099999999994 0.00000000099999999994 
0.03736421910120952400 0.00000000099999999997 0.71582524900655075673 0.00000000099999999997 0.24681052889223975555 0.00000000099999999997 
0.00000000099999999987 0.00000000099999999987 0.00000000099999999987 0.99999999500000003039 0.00000000099999999987 0.00000000099999999987 
0.00000000099999999975 0.00000000099999999975 0.00000000099999999975 0.99999999499999991937 0.00000000099999999975 0.00000000099999999975 
0.00000000099999999999 0.16681732813974226026 0.71353045856547447912 0.11456559181513986667 0.00508661947964339761 0.00000000099999999999 
0.00000000099999999987 0.92089068812296182021 0.00000000099999999987 0.00000000099999999987 0.00000000099999999987 0.07910930787703823741 
0.16772328186019286322 0.05842124366292510834 0.54255519408691310623 0.00000000099999999998 0.11712469767733880988 0.11417558171263003652 
0.36760796390006089673 0.16244294909132281357 0.40098669498234434938 0.00000000099999999998 0.06896239002627196912 0.00000000099999999998 
0.00000000099999999997 0.22403170272986511202 0.53056691358809193737 0.00000000099999999997 0.00000000099999999997 0.24540138068204289667 
0.03541468267682636173 0.00000000099999999993 0.00000000099999999993 0.12571742779457095729 0.00000000099999999993 0.83886788652860277971 
0.00000000099999999991 0.00000000099999999991 0.00000000099999999991 0.00000000099999999991 0.00000000099999999991 0.99999999500000003039 
0.00000000099999999997 0.99553643340003616924 0.00000000099999999997 0.00446356259996395603 0.00000000099999999997 0.00000000099999999997 
0.11012858993920865425 0.00000000099999999996 0.46971353285539779732 0.09877611195498865737 0.32138176325040485048 0.00000000099999999996 
0.00000000099999999993 0.36126737567185046585 0.10096476676842999765 0.23989611777218469713 0.00000000099999999993 0.29787173778753484044 
0.02749768752805206370 0.78864432198344147640 0.00000000099999999998 0.00000000099999999998 0.17637979029787981267 0.00747819819062677318 
0.00000000099999999985 0.56020103763763706706 0.00000000099999999985 0.00000000099999999985 0.00000000099999999985 0.43979895836236310158 
0.00000000099999999982 0.00000000099999999982 0.00000000099999999982 0.00000000099999999982 0.00000000099999999982 0.99999999500000003039 
0.00000000099999999993 0.94486875605753883889 0.00000000099999999993 0.05513123994246122567 0.00000000099999999993 0.00000000099999999993 
0.72989372717842282423 0.00000000099999999997 0.27010626882157717787 0.00000000099999999997 0.00000000099999999997 0.00000000099999999997 
0.00000000099999999984 0.87932076490938515523 0.00000000099999999984 0.02994598562970609071 0.00000000099999999984 0.09073324646090887013 
0.00000000099999999992 0.53496661513615728634 0.00000000099999999992 0.00000000099999999992 0.00000000099999999992 0.46503338086384288230 
0.15647833496631854966 0.00000000099999999996 0.76281870776855287275 0.00000000099999999996 0.08070295426512846815 0.00000000099999999996 
0.03593293889444392625 0.05399656891119389984 0.72902284681923534837 0.00000000099999999998 0.00000000099999999998 0.18104764337512682659 
0.28444893314349445346 0.04541918032489525997 0.32727009336275214579 0.04169443638809190722 0.00000000099999999998 0.30116735578076642144 
0.37899166269401585172 0.00000000099999999999 0.54175348822367908053 0.00000000099999999999 0.02018503820566312085 0.05906980887664194796 
0.00000000099999999998 0.21039906349147485809 0.00000000099999999998 0.00000000099999999998 0.11910317558603321364 0.67049775792249199924 
0.00000000099999999991 0.00000000099999999991 0.00000000099999999991 0.10036043813686279513 0.00000000099999999991 0.89963955786313720697 
0.00000000099999999994 0.00000000099999999994 0.73613242824704117062 0.00000000099999999994 0.00000000099999999994 0.26386756775295877597 
0.00000000099999999996 0.86202155862922980045 0.00000000099999999996 0.13797843737077017390 0.00000000099999999996 0.00000000099999999996 
0.00000000099999999993 0.00000000099999999993 0.00000000099999999993 0.21528576601405621793 0.00000000099999999993 0.78471422998594364540 
0.00000000099999999995 0.94695743882062199948 0.00000000099999999995 0.00000000099999999995 0.05304255717937804426 0.00000000099999999995 
0.07312992891723464617 0.32265191073013821388 0.00000000099999999997 0.00000000099999999997 0.00000000099999999997 0.60421815735262696112 
0.00000000099999999987 0.00000000099999999987 0.00000000099999999987 0.00000000099999999987 0.00000000099999999987 0.99999999500000003039 
0.24643211907680517836 0.00000000099999999997 0.15910892210567348370 0.00000000099999999997 0.49759873042076030458 0.09686022639676092338 
0.15058319372824216509 0.08432100871259724795 0.64504218846285166222 0.00000000099999999998 0.12005360709630888416 0.00000000099999999998 
0.00000000099999999990 0.64028753224740808658 0.00000000099999999990 0.00000000099999999990 0.00000000099999999990 0.35971246375259213757 
0.00000000099999999989 0.00000000099999999989 0.99999999500000003039 0.00000000099999999989 0.00000000099999999989 0.00000000099999999989 
0.00000000099999999980 0.00000000099999999980 0.00000000099999999980 0.99999999499999991937 0.00000000099999999980 0.00000000099999999980 
0.00000000099999999991 0.99999999500000014141 0.00000000099999999991 0.00000000099999999991 0.00000000099999999991 0.00000000099999999991 
0.00000000099999999995 0.00000000099999999995 0.00000000099999999995 0.82442489178892452983 0.17557510421107530574 0.00000000099999999995 
0.00000000099999999990 0.93653466099473869910 0.00000000099999999990 0.00000000099999999990 0.00000000099999999990 0.06346533500526140015 
0.00000000099999999979 0.00000000099999999979 0.00000000099999999979 0.00000000099999999979 0.99999999500000003039 0.00000000099999999979 
0.00000000099999999997 0.00060657175474332153 0.00000000099999999997 0.75061408420247566209 0.00000000099999999997 0.24877934104278098815 
0.00000000099999999994 0.00000000099999999994 0.00000000099999999994 0.72924244336075405570 0.00000000099999999994 0.27075755263924600191 
0.00000000099999999990 0.00000000099999999990 0.00000000099999999990 0.00000000099999999990 0.00000000099999999990 0.99999999499999991937 
0.00000000099999999991 0.00000000099999999991 0.00000000099999999991 0.99999999499999991937 0.00000000099999999991 0.00000000099999999991 
0.00000000099999999992 0.86774010338987284108 0.00000000099999999992 0.00000000099999999992 0.00000000099999999992 0.13225989261012713327 
0.12941549004478308804 0.00000000099999999996 0.61727658844927679738 0.00000000099999999996 0.25330791850593997738 0.00000000099999999996 
0.00000000099999999990 0.15540042408953219644 0.00000011465303941245 0.84459945825742843706 0.00000000099999999990 0.00000000099999999990 
0.00000000099999999997 0.56450263222658625395 0.09182288142730346547 0.07191259874177458045 0.00000000099999999997 0.27176188560433572894 
0.99999999500000003039 0.00000000099999999990 0.00000000099999999990 0.00000000099999999990 0.00000000099999999990 0.00000000099999999990 
0.00000000099999999993 0.00000000099999999993 0.16962476569060394582 0.83037523030939608404 0.00000000099999999993 0.00000000099999999993 
0.00000000099999999989 0.00000000099999999989 0.00000000099999999989 0.00000000099999999989 0.00000000099999999989 0.99999999500000003039 
0.00000000099999999992 0.00000000099999999992 0.00000000099999999992 0.99999999499999991937 0.00000000099999999992 0.00000000099999999992 
0.00000000099999999991 0.09694756388224090582 0.00000000099999999991 0.90305243211775898526 0.00000000099999999991 0.00000000099999999991 
0.00000000099999999994 0.00000000099999999994 0.85131605738748028500 0.14868393861251980037 0.00000000099999999994 0.00000000099999999994 
0.48118766335381868426 0.00000000099999999999 0.34052102049856225463 0.00000000099999999999 0.01337807341930512088 0.16491324072831409220 
0.21185706765442297028 0.00000000099999999996 0.00000000099999999996 0.78814292834557697631 0.00000000099999999996 0.00000000099999999996 
0.00000000099999999993 0.00000000099999999993 0.00000000099999999993 0.01029803394880143309 0.00000000099999999993 0.98970196205119864707 
0.00000000099999999990 0.00000000099999999990 0.00000000099999999990 0.00000000099999999990 0.00000000099999999990 0.99999999500000003039 
0.00000000099999999994 0.00000000099999999994 0.85847190218314994858 0.00000000099999999994 0.00000000099999999994 0.14152809381684994250 
0.00000000099999999999 0.00000000099999999999 0.07600887473280348861 0.00000000099999999999 0.13670730559708765828 0.78728381667010882694 
0.00000000099999999994 0.78085807737939871842 0.00000000099999999994 0.00130781186889765574 0.00000000099999999994 0.21783410775170375384 
0.00000000099999999992 0.34227971647520039067 0.00000000099999999992 0.12237432982055711228 0.00000000099999999992 0.53534595070424229046 
0.00000000099999999997 0.53710113797005676339 0.00000000099999999997 0.08660236063008494578 0.00000000099999999997 0.37629649839985840343 
0.00000000099999999994 0.74159336846488743689 0.00000000099999999994 0.25840652401712999042 0.00000000099999999994 0.00000010451798262031 
0.00000000099999999992 0.00000000099999999992 0.00000000099999999992 0.00000000099999999992 0.00000000099999999992 0.99999999500000003039 
0.00000000099999999998 0.07920600007827237332 0.88237502555195290732 0.00000000099999999998 0.03841897136977476951 0.00000000099999999998 
0.00499987017583247879 0.50683824124088872054 0.15750616936129530066 0.00000000099999999999 0.23617193964822705277 0.09448377857375669930 
0.00000000099999999992 0.00000000099999999992 0.00000000099999999992 0.99999999499999991937 0.00000000099999999992 0.00000000099999999992 
0.31757360979599802420 0.00000000100000000000 0.29186502256485791218 0.00000000100000000000 0.08976866803922532723 0.30079269759991872357 
0.03273808329580141230 0.00000000099999999996 0.85182982926403416624 0.00000000099999999996 0.11543208444016427039 0.00000000099999999996 
0.00000000099999999994 0.19794608805010452390 0.00000000099999999994 0.80205390794989539494 0.00000000099999999994 0.00000000099999999994 
0.00000000099999999993 0.00000000099999999993 0.00000000099999999993 0.99999999500000003039 0.00000000099999999993 0.00000000099999999993 
0.00000000099999999998 0.13108115487281063460 0.25793779779268333208 0.00000000099999999998 0.47208312973871469076 0.13889791559579134361 
0.00000000099999999993 0.99999999500000014141 0.00000000099999999993 0.00000000099999999993 0.00000000099999999993 0.00000000099999999993 
0.00000000099999999992 0.00000000099999999992 0.00000000099999999992 0.00000000099999999992 0.00000000099999999992 0.99999999499999991937 
0.32604387387700656253 0.00000000099999999998 0.19875251695841084087 0.04746164193705565415 0.07404262789193423455 0.35369933833559263903 
0.00000000099999999990 0.00000000099999999990 0.00000000099999999990 0.00000000099999999990 0.00000000099999999990 0.99999999500000003039 
0.37698893929000948377 0.19403551505286525947 0.42897554265712523058 0.00000000099999999993 0.00000000099999999993 0.00000000099999999993 
0.33277142263278958190 0.27874158823893180337 0.00000000099999999998 0.00000000099999999998 0.00000000099999999998 0.38848698612827864407 
0.00000000099999999995 0.00000000099999999995 0.00000000099999999995 0.00000000099999999995 0.05290427533805357185 0.94709572066194647189 
0.00000000099999999992 0.00000000099999999992 0.00000000099999999992 0.90945542281237212734 0.00000000099999999992 0.09054457318762790252 
0.00000000099999999992 0.33017259947136023968 0.00000000099999999992 0.00000000099999999992 0.00000000099999999992 0.66982739652863976243 
0.00000000099999999996 0.79026444290713149243 0.00000000099999999996 0.20973555309286845416 0.00000000099999999996 0.00000000099999999996 
0.10138576097916321417 0.37970695966724066217 0.00000000394559674055 0.05195755002964601299 0.17692675607255631265 0.29002296930579696266 
0.00000000099999999992 0.00000000099999999992 0.00000000099999999992 0.99999999500000003039 0.00000000099999999992 0.00000000099999999992 
0.13868731973346648534 0.00000000099999999996 0.00000000099999999996 0.05649187665236241052 0.00000000099999999996 0.80482080061417105021 
0.00000000099999999998 0.32336822268850767825 0.06076127274374030357 0.00000000099999999998 0.00000000099999999998 0.61587050156775191567 
0.00000000099999999997 0.10826490704888784566 0.00000000099999999997 0.00000000099999999997 0.25692794916435424124 0.63480714078675792855 
0.00000000099999999995 0.00000000099999999995 0.00000000099999999995 0.00000000099999999995 0.00000000099999999995 0.99999999500000003039 
0.00000000099999999993 0.26686738888059896579 0.00000000099999999993 0.00000000099999999993 0.00000000099999999993 0.73313260711940086978 
0.00000000099999999991 0.00000000099999999991 0.00000000099999999991 0.99999999500000003039 0.00000000099999999991 0.00000000099999999991 
0.02063624811308844426 0.04818850622842859449 0.48224485324311783252 0.41672736830809192776 0.03220302310727320150 0.00000000100000000000 
0.00000000099999999994 0.00000000099999999994 0.00000000099999999994 0.00000000099999999994 0.00000000099999999994 0.99999999500000003039 
0.00000000099999999997 0.52450816455498783242 0.00000000099999999997 0.00000000099999999997 0.47549183144501222520 0.00000000099999999997 
0.87425774471821793288 0.00000000099999999998 0.00000000099999999998 0.00000000099999999998 0.01076934937350101408 0.11497290290828103554 
0.83051105409076597663 0.00000000099999999997 0.00004699358278646176 0.16944194932644751628 0.00000000099999999997 0.00000000099999999997 
0.00282089824735718125 0.00000000099999999996 0.53722917858960517190 0.00000000099999999996 0.45994671648562118760 0.00000320467741664850 
0.00000000099999999989 0.00000000099999999989 0.00000000099999999989 0.00000000099999999989 0.00000000099999999989 0.99999999499999991937 
0.00000000099999999990 0.00000000099999999990 0.00000000099999999990 0.99999999500000003039 0.00000000099999999990 0.00000000099999999990 
0.41014065035558905370 0.00000000099999999997 0.53317970022275495978 0.00000000099999999997 0.05667964642165587708 0.00000000099999999997 
0.00000000099999999989 0.00000000099999999989 0.00000000099999999989 0.99999999500000003039 0.00000000099999999989 0.00000000099999999989 
0.05966827054231262778 0.00000000099999999990 0.00000000099999999990 0.00000000099999999990 0.00000000099999999990 0.94033172545768750616 
0.13239363832994457959 0.00000000099999999999 0.86760635767005556129 0.00000000099999999999 0.00000000099999999999 0.00000000099999999999 
0.00000003316864432348 0.88189472994294759722 0.00000000099999999998 0.00000000099999999998 0.00000000274549116497 0.11810523214291701599 
0.00000000099999999996 0.00000000099999999996 0.55247433374048138255 0.44752566225951867507 0.00000000099999999996 0.00000000099999999996 
0.00000000099999999991 0.00000000099999999991 0.00000000099999999991 0.00000000099999999991 0.00000000099999999991 0.99999999500000003039 
0.28462046024053050397 0.00000000099999999998 0.00000000099999999998 0.00000000099999999998 0.00000000099999999998 0.71537953575946955365 
0.00000000099999999997 0.21702752021170915175 0.78297247578829087811 0.00000000099999999997 0.00000000099999999997 0.00000000099999999997 
0.00000000099999999998 0.00000000099999999998 0.26530696689729144078 0.00000000099999999998 0.00000000099999999998 0.73469302910270850582 
0.00000000099999999993 0.00000000099999999993 0.00000000099999999993 0.99999999499999991937 0.00000000099999999993 0.00000000099999999993 
0.00000000099999999994 0.00000000099999999994 0.00000000099999999994 0.99999999500000003039 0.00000000099999999994 0.00000000099999999994 
0.00000000099999999994 0.00000000099999999994 0.00000000099999999994 0.99999999500000003039 0.00000000099999999994 0.00000000099999999994 
0.00000000099999999998 0.00000000099999999998 0.00000000099999999998 0.34564318044665409690 0.17051936066467224262 0.48383745588867371756 
0.07333173551269205059 0.19315147515973413173 0.60238120303045517012 0.00000000099999999998 0.13113558429711871800 0.00000000099999999998 
0.00000000099999999997 0.71826910162692414463 0.28173085690650584434 0.00000000099999999997 0.00000000099999999997 0.00000003846657006027 
0.00000000099999999997 0.00000000099999999997 0.30780681891499761527 0.69219317708500249786 0.00000000099999999997 0.00000000099999999997 
0.00000000099999999994 0.00000000099999999994 0.00000000099999999994 0.00000000099999999994 0.00000000099999999994 0.99999999500000003039 
0.00000000099999999995 0.00000000099999999995 0.00000000099999999995 0.99999999499999991937 0.00000000099999999995 0.00000000099999999995 
0.13548655062536829607 0.00000000099999999996 0.00000000099999999996 0.86451344537463181705 0.00000000099999999996 0.00000000099999999996 
0.00000000099999999997 0.00000000099999999997 0.99999998622658547998 0.00000000099999999997 0.00000000977341453282 0.00000000099999999997 
0.00000000099999999993 0.00000000099999999993 0.00000000099999999993 0.99999999499999991937 0.00000000099999999993 0.00000000099999999993 
0.29492245171644726476 0.00000000099999999998 0.70507752238318910365 0.00000002290036350365 0.00000000099999999998 0.00000000099999999998 
0.00000000099999999997 0.11270390370547860026 0.00000000099999999997 0.88729609229452133246 0.00000000099999999997 0.00000000099999999997 
0.16289013849041719673 0.00000000099999999999 0.02254223156581499146 0.00000000099999999999 0.81456762694376771972 0.00000000099999999999 
0.00000000099999999996 0.00000000099999999996 0.00000000099999999996 0.99999999499999991937 0.00000000099999999996 0.00000000099999999996 
0.53480639395844498107 0.00000000099999999998 0.41913038064382140968 0.00000000099999999998 0.00000000099999999998 0.04606322239773365940 
0.35963725459230633241 0.00000000099999999999 0.00000000099999999999 0.03595582506745744616 0.00000000099999999999 0.60440691734023610504 
0.03279348363691531043 0.30397354103616630594 0.00000000099999999998 0.66323297232691846848 0.00000000099999999998 0.00000000099999999998 
0.00000000099999999997 0.00000000099999999997 0.00000000099999999997 0.99999999500000003039 0.00000000099999999997 0.00000000099999999997 
0.00000000099999999991 0.00000000099999999991 0.00000000099999999991 0.99999999500000003039 0.00000000099999999991 0.00000000099999999991 
0.00000000099999999997 0.42982643197625142184 0.00000000099999999997 0.00000000099999999997 0.00000000099999999997 0.57017356402374841373 
0.00000000099999999994 0.00000000099999999994 0.00000000099999999994 0.99999999500000003039 0.00000000099999999994 0.00000000099999999994 
0.00000000099999999997 0.00000000099999999997 0.00000000099999999997 0.99999999499999991937 0.00000000099999999997 0.00000000099999999997 
0.20391438983500470572 0.00000000099999999997 0.00000000099999999997 0.79608560616499524087 0.00000000099999999997 0.00000000099999999997 
0.00000000099999999998 0.00000000099999999998 0.00000000099999999998 0.99999999499999991937 0.00000000099999999998 0.00000000099999999998 
0.00000000099999999998 0.00000000099999999998 0.92360484066988546292 0.00000000099999999998 0.00000000099999999998 0.07639515533011459469 
0.00000000099999999998 0.00000000099999999998 0.81237703754915013832 0.00000000099999999998 0.00000000099999999998 0.18762295845084978052 
0.00000000099999999999 0.08722221539721147776 0.00000000099999999999 0.18085839971906969570 0.08890499685453137624 0.64301438602918736809 
