0.00000000099999999947 0.00000000099999999947 0.00000000099999999947 0.99999999399999994765 0.00000000099999999947 0.00000000099999999947 0.00000000099999999947 
0.00000000099999999968 0.00000000099999999968 0.46536824453317593431 0.00000000099999999968 0.07308192697974147389 0.00000000099999999968 0.46154982448708259390 
0.00000000099999999959 0.00000000099999999959 0.18064568414227633042 0.00000000099999999959 0.00000000099999999959 0.00000000099999999959 0.81935431085772358895 
0.00000000099999999961 0.00000000099999999961 0.57890700359138813624 0.00000000099999999961 0.02234152804383293320 0.00000000099999999961 0.39875146436477892919 
0.00000000099999999974 0.00000000099999999974 0.47767066765249144300 0.00000000099999999974 0.05601738281476302539 0.00000000099999999974 0.46631194553274563086 
0.43413608126451341818 0.00000000099999999982 0.00000000099999999982 0.00000000099999999982 0.00000000099999999982 0.55395683733168488150 0.01190707740380159314 
0.92616487797573077145 0.00330012066760806619 0.00000000099999999993 0.00000000099999999993 0.00000000099999999993 0.02955062875530807195 0.04098436960135319607 
0.00000000099999999970 0.00000000099999999970 0.17347665990143382175 0.00000000099999999970 0.82652333509856623639 0.00000000099999999970 0.00000000099999999970 
0.00000000099999999975 0.00000000099999999975 0.19858238564095392897 0.00000000099999999975 0.00000000099999999975 0.00000000099999999975 0.80141760935904615692 
0.00000000099999999955 0.00000000099999999955 0.00000000099999999955 0.00000000099999999955 0.00000000099999999955 0.99999999399999994765 0.00000000099999999955 
0.00000000099999999964 0.00000000099999999964 0.50382631492595164602 0.00000000099999999964 0.00000000099999999964 0.00000000099999999964 0.49617368007404855090 
0.00000000099999999969 0.00000000099999999969 0.56462823952254914683 0.00000000099999999969 0.05013596952603618928 0.00000000099999999969 0.38523578695141486028 
0.00000000099999999967 0.00000000099999999967 0.56527640542114965250 0.00000000099999999967 0.00000021013610409834 0.00000000099999999967 0.43472338044274627666 
0.00000000099999999952 0.99999999400000016969 0.00000000099999999952 0.00000000099999999952 0.00000000099999999952 0.00000000099999999952 0.00000000099999999952 
0.00000000099999999971 0.00000000099999999971 0.00000000099999999971 0.00000000099999999971 0.51505451986824557498 0.00000000099999999971 0.48494547513175462194 
0.85900372911915812146 0.06391728432032747764 0.00000000099999999982 0.00000000099999999982 0.00000000099999999982 0.07707898256051454178 0.00000000099999999982 
0.00000000099999999978 0.00000000099999999978 0.50143887320530677876 0.00000000099999999978 0.14336517033525425502 0.00000000099999999978 0.35519595245943907935 
0.00000000099999999959 0.00000000099999999959 0.48520400607136054960 0.00000000099999999959 0.00000000099999999959 0.00000000099999999959 0.51479598892863942527 
0.84281501948027492954 0.12420246714404672983 0.00000000099999999991 0.00000000099999999991 0.00000000099999999991 0.00000000099999999991 0.03298250937567846763 
0.00000000099999999969 0.00000000099999999969 0.42345115438171054834 0.00000000099999999969 0.22414197138192490377 0.00000000099999999969 0.35240687023636468878 
0.00000000099999999973 0.00000000099999999973 0.61429040903571985321 0.00000000099999999973 0.00000000099999999973 0.00000000099999999973 0.38570958596428023268 
0.00000000099999999979 0.00000000099999999979 0.26921971592543814111 0.00000000099999999979 0.00000250065079466492 0.00000000099999999979 0.73077777942376720421 
0.76826585057575225157 0.02575453914895528551 0.00000000099999999987 0.00000000099999999987 0.00000000099999999987 0.20597960627529254829 0.00000000099999999987 
0.83983027541979149433 0.00000000099999999991 0.05338073545292803396 0.00000000099999999991 0.00000000099999999991 0.10678898512728060566 0.00000000099999999991 
0.00000000099999999987 0.00000000099999999987 0.33588087743523198370 0.08984511250720066122 0.00000000099999999987 0.00000000099999999987 0.57427400605756728780 
0.00000000099999999930 0.99999999400000005867 0.00000000099999999930 0.00000000099999999930 0.00000000099999999930 0.00000000099999999930 0.00000000099999999930 
0.00000000099999999973 0.00000000099999999973 0.34009447067747372584 0.00000000099999999973 0.07505069459118754449 0.00000000099999999973 0.58485483073133859300 
0.83185872258138193747 0.00000000099999999992 0.02648942032703567595 0.00000000099999999992 0.00000000099999999992 0.14165185309158248583 0.00000000099999999992 
0.00000000099999999987 0.00000000099999999987 0.53663642470805517082 0.00000000099999999987 0.06465258459162281923 0.00000000099999999987 0.39871098670032184552 
0.00000000099999999971 0.00000000099999999971 0.43990448331854337116 0.00000000099999999971 0.00000000099999999971 0.00000000099999999971 0.56009551168145654820 
0.00000000099999999976 0.00000000099999999976 0.14844888290995877922 0.85155111209004130668 0.00000000099999999976 0.00000000099999999976 0.00000000099999999976 
0.00000000099999999990 0.00000000099999999990 0.00000000099999999990 0.00000000099999999990 0.05327958118833590884 0.94672041381166405216 0.00000000099999999990 
0.66073774097373372260 0.00000000099999999996 0.01552175575369368898 0.00000000099999999996 0.10861964637235316244 0.18653445788521624826 0.02858639701500301222 
0.00000000099999999969 0.00000000099999999969 0.00000000099999999969 0.00000000099999999969 0.00000000099999999969 0.99999999399999994765 0.00000000099999999969 
0.83513973387896378586 0.08926618583888683289 0.00000010128084943006 0.00000000099999999994 0.07559397600129989792 0.00000000099999999994 0.00000000099999999994 
0.00000000099999999932 0.99999999400000016969 0.00000000099999999932 0.00000000099999999932 0.00000000099999999932 0.00000000099999999932 0.00000000099999999932 
0.22138437114868286804 0.27547947639906433803 0.00000216247958312085 0.00000000099999999996 0.11956665520869602659 0.38356733276397353416 0.00000000099999999996 
0.00000000099999999989 0.00000000099999999989 0.59558145672095574863 0.00000000099999999989 0.26854511806010367136 0.00000000099999999989 0.13587342121894052660 
0.79125973819005335219 0.00000077271892119285 0.00000000099999999998 0.07969322939121371852 0.03382361094488126052 0.09522264675493047337 0.00000000099999999998 
0.00000000099999999991 0.00000000099999999991 0.00000000099999999991 0.00000000099999999991 0.58130026539938450814 0.00000000099999999991 0.41869972960061546674 
0.00000000099999999978 0.00000000099999999978 0.53168965978072657563 0.00000000099999999978 0.01553263143229541808 0.00000000099999999978 0.45277770478697798584 
0.00000000099999999977 0.00000000099999999977 0.61667612451118436478 0.00000000099999999977 0.00000000099999999977 0.00000000099999999977 0.38332387048881561009 
0.00000000099999999989 0.00000000099999999989 0.16708710998113887602 0.00000000099999999989 0.29920530425937841290 0.00000000099999999989 0.53370758175948262991 
0.00000000099999999991 0.22742375228031297407 0.00000000099999999991 0.00000000099999999991 0.00000000099999999991 0.58647888611050136287 0.18609735760918574843 
0.00000000099999999959 0.99999999400000005867 0.00000000099999999959 0.00000000099999999959 0.00000000099999999959 0.00000000099999999959 0.00000000099999999959 
0.00000000099999999987 0.00000000099999999987 0.26174610324084068846 0.00000000099999999987 0.00000000099999999987 0.00000000099999999987 0.73825389175915911988 
0.88208255412659919426 0.00000000099999999991 0.00000000099999999991 0.00656381514005593969 0.10312186167277241633 0.00823176606057263172 0.00000000099999999991 
0.18109652016796956575 0.00000000099999999990 0.00000000099999999990 0.00000000099999999990 0.00000000099999999990 0.77958102692527420086 0.03932244890675627019 
0.73911206445549004762 0.19582740159102596245 0.00000000099999999995 0.06506052995348406143 0.00000000099999999995 0.00000000099999999995 0.00000000099999999995 
0.00000000099999999966 0.99999999400000016969 0.00000000099999999966 0.00000000099999999966 0.00000000099999999966 0.00000000099999999966 0.00000000099999999966 
0.00000000099999999979 0.00000000099999999979 0.44404774756927523072 0.00000000099999999979 0.00000000099999999979 0.00000000099999999979 0.55595224743072479967 
0.00000000099999999982 0.00000000099999999982 0.50776049911399467884 0.00000000099999999982 0.26071257435648559353 0.00000000099999999982 0.23152692252951964647 
0.00000000099999999982 0.00000000099999999982 0.00000000099999999982 0.00000000099999999982 0.09078276180549926799 0.90921723319450065137 0.00000000099999999982 
0.00000000099999999986 0.00000000099999999986 0.00000000099999999986 0.99999999400000005867 0.00000000099999999986 0.00000000099999999986 0.00000000099999999986 
0.99999999400000005867 0.00000000099999999984 0.00000000099999999984 0.00000000099999999984 0.00000000099999999984 0.00000000099999999984 0.00000000099999999984 
0.00000000099999999988 0.00000000099999999988 0.00000000099999999988 0.99999999400000005867 0.00000000099999999988 0.00000000099999999988 0.00000000099999999988 
0.00000000099999999971 0.00000000099999999971 0.00000000099999999971 0.00000000099999999971 0.00000000099999999971 0.99999999400000005867 0.00000000099999999971 
0.00000000099999999954 0.99999999400000016969 0.00000000099999999954 0.00000000099999999954 0.00000000099999999954 0.00000000099999999954 0.00000000099999999954 
0.00000000099999999987 0.00000000099999999987 0.45072497339850225995 0.00000000099999999987 0.19018963095169624800 0.00000000099999999987 0.35908539164980152192 
0.00000000099999999977 0.00000000099999999977 0.08659535563316742013 0.00000000099999999977 0.00000000099999999977 0.91340463936683247148 0.00000000099999999977 
0.00000000099999999970 0.00000000099999999970 0.00000000099999999970 0.00000000099999999970 0.00000000099999999970 0.99999999399999994765 0.00000000099999999970 
0.00000000099999999981 0.00000000099999999981 0.52024483116864539411 0.00000000099999999981 0.06696169837791626778 0.00000000099999999981 0.41279346645343828470 
0.53508800217760565943 0.00000000099999999996 0.05490354668587715814 0.01855073268089219365 0.00000000099999999996 0.39145771545562507709 0.00000000099999999996 
0.80976320862832129599 0.01681164860724253599 0.00000000099999999991 0.00000000099999999991 0.02423631211027816104 0.14918882765415811265 0.00000000099999999991 
0.00000000099999999988 0.03998242545208131188 0.00000000099999999988 0.07846715021157238401 0.15170890749329760117 0.72984151384304862820 0.00000000099999999988 
0.00000000099999999987 0.00000000099999999987 0.41210977060774028891 0.00000000099999999987 0.24362673550303048930 0.00000000099999999987 0.34426348988922922389 
0.00000000099999999988 0.00000000099999999988 0.00000000099999999988 0.99999999399999994765 0.00000000099999999988 0.00000000099999999988 0.00000000099999999988 
0.00000000099999999975 0.00000000099999999975 0.00000000099999999975 0.99999999400000005867 0.00000000099999999975 0.00000000099999999975 0.00000000099999999975 
0.00000000099999999983 0.00000000099999999983 0.00000000099999999983 0.00000000099999999983 0.00000000099999999983 0.99999999400000005867 0.00000000099999999983 
0.00000000099999999987 0.12634591063650962850 0.00000000099999999987 0.00000000099999999987 0.00000000099999999987 0.87365408436349034638 0.00000000099999999987 
0.00000000099999999989 0.00000000099999999989 0.51890268741524581131 0.00000000099999999989 0.00000860144686942696 0.00000000099999999989 0.48108870713788476348 
0.00000000099999999994 0.00000000099999999994 0.28895013632799793069 0.11959456606382125321 0.01768010877331297956 0.00000000099999999994 0.57377518583486797343 
0.06328667098529440482 0.00000000099999999989 0.00000000099999999989 0.00000000099999999989 0.31187942617617187002 0.00000000099999999989 0.62483389883853357460 
0.00000000099999999985 0.00000000099999999985 0.00000000099999999985 0.00000000099999999985 0.00000000099999999985 0.99999999399999994765 0.00000000099999999985 
0.18049765197859493626 0.00000000099999999991 0.04345737509867363124 0.00000000099999999991 0.00000000099999999991 0.77604496892273133746 0.00000000099999999991 
0.00000000099999999968 0.00000000099999999968 0.00000000099999999968 0.00000000099999999968 0.00000000099999999968 0.99999999399999994765 0.00000000099999999968 
0.00000000099999999996 0.00000000099999999996 0.94451904617548165799 0.00000000099999999996 0.00000000099999999996 0.05548094882451829607 0.00000000099999999996 
0.00000000099999999972 0.00000000099999999972 0.00000000099999999972 0.99999999400000005867 0.00000000099999999972 0.00000000099999999972 0.00000000099999999972 
0.00000000099999999971 0.00000000099999999971 0.00000000099999999971 0.00000000099999999971 0.00000000099999999971 0.99999999400000005867 0.00000000099999999971 
0.00000000099999999993 0.00000000099999999993 0.65751848352700148492 0.00000000099999999993 0.08551432507442960351 0.00000000099999999993 0.25696718739856883040 
0.00000000099999999981 0.00000000099999999981 0.00000000099999999981 0.99999999399999994765 0.00000000099999999981 0.00000000099999999981 0.00000000099999999981 
0.99999999400000005867 0.00000000099999999987 0.00000000099999999987 0.00000000099999999987 0.00000000099999999987 0.00000000099999999987 0.00000000099999999987 
0.65462792223892718457 0.00000000099999999992 0.00000000099999999992 0.00000000099999999992 0.34537207276107295684 0.00000000099999999992 0.00000000099999999992 
0.00000000099999999987 0.06331735728314072387 0.00000000099999999987 0.00000000099999999987 0.28702761180774438721 0.64965502690911469674 0.00000000099999999987 
0.12094698756294752773 0.00000000099999999988 0.00000000099999999988 0.00000000099999999988 0.00000000099999999988 0.81166372838644895715 0.06738928005060343396 
0.99999999400000016969 0.00000000099999999992 0.00000000099999999992 0.00000000099999999992 0.00000000099999999992 0.00000000099999999992 0.00000000099999999992 
0.00000000099999999989 0.00000000099999999989 0.43250772687279875894 0.00000000099999999989 0.00000188808156944154 0.24878362834809247817 0.31870675369753920236 
0.83593868589791187063 0.08920786882119913219 0.07485344128088911031 0.00000000099999999993 0.00000000099999999993 0.00000000099999999993 0.00000000099999999993 
0.00000000099999999984 0.00000000099999999984 0.00000000099999999984 0.00000000099999999984 0.00000000099999999984 0.99999999400000005867 0.00000000099999999984 
0.00000000099999999984 0.00000000099999999984 0.31051522394530339799 0.00000000099999999984 0.00000000099999999984 0.00000000099999999984 0.68948477105469652138 
0.75408674505637363072 0.00000000099999999994 0.00000000099999999994 0.00000000099999999994 0.00569028520036814461 0.24022296574325818774 0.00000000099999999994 
0.73785210288979685700 0.21530444567145470836 0.00000000099999999996 0.00000000099999999996 0.00000000099999999996 0.04684344743874849920 0.00000000099999999996 
0.00000000099999999982 0.00000000099999999982 0.21104770619880880433 0.78895228880119128156 0.00000000099999999982 0.00000000099999999982 0.00000000099999999982 
0.00000000099999999968 0.00000000099999999968 0.00000000099999999968 0.99999999400000005867 0.00000000099999999968 0.00000000099999999968 0.00000000099999999968 
0.71921966549633520316 0.00066919659928798192 0.04539762532712359605 0.10102913175489421083 0.00000000099999999998 0.00000000099999999998 0.13368437882235914560 
0.00000000099999999985 0.00000000099999999985 0.99999999399999994765 0.00000000099999999985 0.00000000099999999985 0.00000000099999999985 0.00000000099999999985 
0.53961075593579543863 0.09923180217199714659 0.09231961460345752823 0.00000000099999999997 0.10846868320827177112 0.16036914208047803321 0.00000000099999999997 
0.30227558764786166545 0.08845512572958259823 0.28312310366124970873 0.00000000099999999995 0.00000000099999999995 0.32614617996130618183 0.00000000099999999995 
0.50603613598069541180 0.00000000099999999996 0.00000000099999999996 0.00000000099999999996 0.24293871368867109295 0.00000000099999999996 0.25102514633063371940 
0.00000000099999999993 0.00000000099999999993 0.00000000099999999993 0.29862997643753924626 0.64831672349952673695 0.00000000099999999993 0.05305329606293412992 
0.00000000099999999993 0.00000000099999999993 0.00000000099999999993 0.00000000099999999993 0.49319716154058063085 0.00000000099999999993 0.50680283345941934403 
0.00000000099999999996 0.00000000099999999996 0.24293398059185336568 0.00437169741197261218 0.00000000099999999996 0.00000000099999999996 0.75269431799617403378 
0.49954744229901443253 0.26376639458132516980 0.00000000099999999994 0.13816801472904552406 0.00000000099999999994 0.09851814539061495846 0.00000000099999999994 
0.08889210550602742733 0.00000000099999999993 0.41869582829314910821 0.22766113744206248337 0.26475092575876096879 0.00000000099999999993 0.00000000099999999993 
0.00000000099999999994 0.15095498453282896190 0.00000000276232324745 0.00000000099999999994 0.00000000099999999994 0.00000000099999999994 0.84904500870484778119 
0.00000000099999999980 0.00000000099999999980 0.00000000099999999980 0.00000000099999999980 0.28093417149835908653 0.00000000099999999980 0.71906582350164072182 
0.00000000099999999978 0.00000000099999999978 0.00000000099999999978 0.00000000099999999978 0.99999999399999994765 0.00000000099999999978 0.00000000099999999978 
0.00000000099999999988 0.00000000099999999988 0.99999999400000005867 0.00000000099999999988 0.00000000099999999988 0.00000000099999999988 0.00000000099999999988 
0.26861624858916710590 0.00017017697017084369 0.00000000099999999998 0.00000000099999999998 0.03811796251422525095 0.69309560892643684582 0.00000000099999999998 
0.00000000099999999984 0.00000000099999999984 0.41106147539341963970 0.03114114479933857357 0.03093458668045410628 0.00000000099999999984 0.52686279012678771672 
0.00000000099999999991 0.00000000099999999991 0.20813183805122831282 0.00000000099999999991 0.34899247874736255559 0.00000000099999999991 0.44287567920140896716 
0.79926119443171839141 0.05037910268921103052 0.00000000099999999995 0.00000000099999999995 0.00000000099999999995 0.15035969887907055242 0.00000000099999999995 
0.51908067645652478106 0.00000000099999999995 0.00000000099999999995 0.00000000099999999995 0.10288196093956392119 0.11586221016080136548 0.26217514944310993386 
0.31833048694558607750 0.00000000099999999996 0.00000000099999999996 0.05011206120841294603 0.42208639514910734070 0.20947105369689345000 0.00000000099999999996 
0.47904678328174249424 0.02298704477195795751 0.08223125602187168759 0.00000000099999999996 0.09623080964046748509 0.31950410428396047724 0.00000000099999999996 
0.00000000099999999998 0.10585614019158492982 0.13184141228046930561 0.07172328373622631481 0.45168933086433737945 0.06182305564347596871 0.17706677628390607437 
0.00000000099999999992 0.00000000099999999992 0.08290100666290250997 0.13648664343988589631 0.78061234589721162358 0.00000000099999999992 0.00000000099999999992 
0.71323659808625594625 0.00000000099999999991 0.00000000099999999991 0.00000000099999999991 0.28676339691374419516 0.00000000099999999991 0.00000000099999999991 
0.00000000099999999991 0.00000000099999999991 0.00000000099999999991 0.00000000099999999991 0.00000000099999999991 0.00000000099999999991 0.99999999399999994765 
0.00000000099999999992 0.00000000099999999992 0.00000000099999999992 0.11834649822253304197 0.51484217100482487783 0.00000000099999999992 0.36681132677264211006 
0.00000000099999999991 0.04702981330696901635 0.14750880063467242120 0.00000000099999999991 0.00000000099999999991 0.00000000099999999991 0.80546138205835848822 
0.00000000099999999998 0.00113016292284356880 0.05288522886552097374 0.00000000099999999998 0.52036314190343491148 0.07223361299822635140 0.35338785130997429906 
0.00000000099999999982 0.00000000099999999982 0.00000000099999999982 0.00000000099999999982 0.99999999399999994765 0.00000000099999999982 0.00000000099999999982 
0.15494562204263878646 0.44242004455501049431 0.00000000099999999994 0.00000000099999999994 0.18424595368548513097 0.21838837671686578412 0.00000000099999999994 
0.67632947288024813925 0.09825074127416494330 0.05404555428228961789 0.00000000099999999998 0.00000000099999999998 0.13790417257810386187 0.03347005698519353589 
0.00000000099999999990 0.00000000099999999990 0.20604856428394785484 0.00000000099999999990 0.35862519481349736106 0.00000000099999999990 0.43532623690255489723 
0.99999999400000005867 0.00000000099999999986 0.00000000099999999986 0.00000000099999999986 0.00000000099999999986 0.00000000099999999986 0.00000000099999999986 
0.00000000099999999978 0.00000000099999999978 0.00000000099999999978 0.99999999400000005867 0.00000000099999999978 0.00000000099999999978 0.00000000099999999978 
0.00000000099999999979 0.00000000099999999979 0.99999999399999994765 0.00000000099999999979 0.00000000099999999979 0.00000000099999999979 0.00000000099999999979 
0.00000000099999999992 0.00000000099999999992 0.00000000099999999992 0.79419045614801775379 0.00000000099999999992 0.00000000099999999992 0.20580953885198230435 
0.00000000099999999990 0.00000000099999999990 0.76913934059665600707 0.00000000099999999990 0.23064704584919815122 0.00000000099999999990 0.00021360955414580283 
0.00000000099999999974 0.99999999400000005867 0.00000000099999999974 0.00000000099999999974 0.00000000099999999974 0.00000000099999999974 0.00000000099999999974 
0.00000000099999999997 0.00000000099999999997 0.10291857854295406727 0.63856823782482030616 0.17151886762915735662 0.00000000099999999997 0.08699431300306841031 
0.00000000099999999992 0.00000000099999999992 0.00000000099999999992 0.61867191759574680088 0.20993163460001101894 0.00000000099999999992 0.17139644380424221004 
0.00000000099999999988 0.00000000099999999988 0.00000000099999999988 0.00000000099999999988 0.99999999400000005867 0.00000000099999999988 0.00000000099999999988 
0.00000000099999999989 0.00000000099999999989 0.00000000099999999989 0.99999999399999994765 0.00000000099999999989 0.00000000099999999989 0.00000000099999999989 
0.00000000099999999990 0.00000000099999999990 0.29508467253424675025 0.00000000099999999990 0.10504115867457458622 0.00000000099999999990 0.59987416479117861012 
0.72958489567274364962 0.14215973716104174374 0.00000000099999999995 0.00000000099999999995 0.00000000099999999995 0.12825536316621460875 0.00000000099999999995 
0.00000000099999999988 0.00000000099999999988 0.26131871911736309633 0.73868127588263687855 0.00000000099999999988 0.00000000099999999988 0.00000000099999999988 
0.12202037054143639871 0.00000000099999999996 0.27153306947170230412 0.05247046181656966901 0.31894839766673449555 0.00000000099999999996 0.23502769850355709202 
0.00000000099999999988 0.00000000099999999988 0.00000000099999999988 0.00000000099999999988 0.00000000099999999988 0.99999999399999994765 0.00000000099999999988 
0.18729720340085448393 0.00000000099999999992 0.00330360478405284080 0.80939918781509267998 0.00000000099999999992 0.00000000099999999992 0.00000000099999999992 
0.00000000099999999985 0.00000000099999999985 0.00000000099999999985 0.00000000099999999985 0.99999999399999994765 0.00000000099999999985 0.00000000099999999985 
0.00000000099999999991 0.00000000099999999991 0.00000000099999999991 0.99999999400000005867 0.00000000099999999991 0.00000000099999999991 0.00000000099999999991 
0.00000000099999999988 0.00000000099999999988 0.19501053204295429322 0.73318804521377911598 0.07180141874326652351 0.00000000099999999988 0.00000000099999999988 
0.82863083456605413080 0.00000000099999999991 0.00000000099999999991 0.17136916043394606612 0.00000000099999999991 0.00000000099999999991 0.00000000099999999991 
0.35093799370833067552 0.00004582131906842761 0.00000000099999999998 0.00000000099999999998 0.19783010088388813807 0.45118608085433814514 0.00000000123437457795 
0.00000000099999999994 0.00000000099999999994 0.00000000099999999994 0.99999608951403451407 0.00000000099999999994 0.00000390548596541755 0.00000000099999999994 
0.00000000099999999991 0.00000000099999999991 0.19661004079702509850 0.00000228366467261853 0.80338767153830226153 0.00000000099999999991 0.00000000099999999991 
0.00000000099999999987 0.00000000099999999987 0.00000000099999999987 0.00000000099999999987 0.99999999400000005867 0.00000000099999999987 0.00000000099999999987 
0.76382116568130342671 0.00000000099999999994 0.00000000099999999994 0.00000000099999999994 0.19966720512224755968 0.00000000099999999994 0.03651162519644916143 
0.00000178945677138833 0.12429659825380595661 0.00000000099999999999 0.12174176748535316117 0.00000000099999999999 0.10372821294308456896 0.65023162986098503868 
0.00000000099999999987 0.00000000099999999987 0.99999999400000005867 0.00000000099999999987 0.00000000099999999987 0.00000000099999999987 0.00000000099999999987 
0.00000000099999999992 0.00000000099999999992 0.54819751589443299622 0.00865466212281522027 0.44314781798275171276 0.00000000099999999992 0.00000000099999999992 
0.00000000099999999996 0.00000000099999999996 0.37195163195867003703 0.12901470568169950970 0.31329176679809217498 0.00000000099999999996 0.18574189256153841865 
0.00000000099999999995 0.00000000099999999995 0.63525844665758068874 0.15259226804529951727 0.18217489379094797819 0.00000000099999999995 0.02997438850617173411 
0.00000000099999999993 0.00000000099999999993 0.00000000099999999993 0.00000000099999999993 0.60403985120795500308 0.00000000099999999993 0.39596014379204519384 
0.72071884789945972472 0.04211789170523891346 0.23716325639530153047 0.00000000099999999997 0.00000000099999999997 0.00000000099999999997 0.00000000099999999997 
0.00000000099999999994 0.10954011560061387154 0.83652063619537442296 0.00000000099999999994 0.00000000099999999994 0.05393924420401171455 0.00000000099999999994 
0.00000000099999999989 0.00000000099999999989 0.00000000099999999989 0.99999999400000005867 0.00000000099999999989 0.00000000099999999989 0.00000000099999999989 
0.19572803166617983028 0.14819451995304697145 0.11395160889266946203 0.00589570085525353491 0.13147290933295491255 0.37372848784483991835 0.03102874145505536002 
0.68959525349911299230 0.07822502613904765145 0.00000000099999999994 0.00000000099999999994 0.00000000099999999994 0.03483946304162831298 0.19734025432021121138 
0.00000000099999999994 0.00000000099999999994 0.19860439850122243999 0.80139559649877767367 0.00000000099999999994 0.00000000099999999994 0.00000000099999999994 
0.00000000099999999991 0.00000000099999999991 0.00000000099999999991 0.99999999399999994765 0.00000000099999999991 0.00000000099999999991 0.00000000099999999991 
0.00002532845423170910 0.49079806184440250005 0.00000000099999999995 0.00000000099999999995 0.18405039072554360557 0.00000000099999999995 0.32512621597582219701 
0.00000000099999999992 0.00000000099999999992 0.00000000099999999992 0.00000000099999999992 0.37746866123336131338 0.00000000099999999992 0.62253133376663860599 
0.00000000099999999988 0.00000000099999999988 0.00000000099999999988 0.00000000099999999988 0.99999999399999994765 0.00000000099999999988 0.00000000099999999988 
0.21163229013308579307 0.00006351467072194768 0.00000000099999999995 0.00012245850751408101 0.54448270259004216687 0.24369903209863583160 0.00000000099999999995 
0.00000000099999999987 0.00000000099999999987 0.00000000099999999987 0.00000000099999999987 0.99999999399999994765 0.00000000099999999987 0.00000000099999999987 
0.44884286886469415556 0.00000000099999999993 0.07614624741303455124 0.00000000099999999993 0.00000000099999999993 0.32788562795316250620 0.14712525276910884409 
0.00000000099999999997 0.00000000099999999997 0.00000000099999999997 0.00000000099999999997 0.33286883074456180553 0.27706416824867363680 0.39006699700676450426 
0.00000000099999999992 0.00000000099999999992 0.99999999399999994765 0.00000000099999999992 0.00000000099999999992 0.00000000099999999992 0.00000000099999999992 
0.00000000099999999989 0.00000000099999999989 0.00000000099999999989 0.65176604715060260098 0.34823394784939737390 0.00000000099999999989 0.00000000099999999989 
0.00000000099999999984 0.00000000099999999984 0.99999999400000005867 0.00000000099999999984 0.00000000099999999984 0.00000000099999999984 0.00000000099999999984 
0.00000000099999999996 0.00000000099999999996 0.50355080169516586164 0.14650256801621075464 0.00000000099999999996 0.00000000099999999996 0.34994662628862344134 
0.19565712110565580684 0.00000000099999999998 0.19082779913223196777 0.00000000099999999998 0.61051742282345711210 0.00000000099999999998 0.00299765393865506630 
0.00000000099999999992 0.00000000099999999992 0.00000000099999999992 0.82034708655573507219 0.17965290844426484718 0.00000000099999999992 0.00000000099999999992 
0.00000000099999999994 0.00000000099999999994 0.00000000099999999994 0.09194367848825703293 0.90805631651174290031 0.00000000099999999994 0.00000000099999999994 
0.00000000099999999995 0.00000000099999999995 0.44234586653115043342 0.00000000099999999995 0.51702340376089461760 0.04063072570795498578 0.00000000099999999995 
0.00000000099999999997 0.15637800136506596616 0.00000000099999999997 0.00000000099999999997 0.37690767760523752328 0.02638298596379342470 0.44033133206590308051 
0.00000000099999999995 0.00000000099999999995 0.99999999399999994765 0.00000000099999999995 0.00000000099999999995 0.00000000099999999995 0.00000000099999999995 
0.00000000099999999993 0.00000000099999999993 0.19321619833710185210 0.00000000099999999993 0.80561401957540479390 0.00000000099999999993 0.00116977808749345129 
0.00000000099999999989 0.00000000099999999989 0.00000000099999999989 0.99999999399999994765 0.00000000099999999989 0.00000000099999999989 0.00000000099999999989 
0.24348027794272097957 0.00000019259022690972 0.75651952546705214520 0.00000000099999999996 0.00000000099999999996 0.00000000099999999996 0.00000000099999999996 
0.00000000099999999992 0.00000000099999999992 0.00000000099999999992 0.00000000099999999992 0.99999999400000005867 0.00000000099999999992 0.00000000099999999992 
0.00000000099999999997 0.40928191071507874499 0.29885080260249552442 0.00000000099999999997 0.00005694955629953423 0.00000000099999999997 0.29181033412612633615 
0.00000000099999999997 0.01116435319404098479 0.00000000099999999997 0.00000000099999999997 0.11196766595366959562 0.87686797685228945465 0.00000000099999999997 
0.00000001157014255941 0.00000000099999999996 0.00000000099999999996 0.20623371255758951581 0.00000000099999999996 0.79376627187226789228 0.00000000099999999996 
0.43472790423018015105 0.32282442319583998236 0.00000000099999999994 0.00000000099999999994 0.00000000099999999994 0.01945303822215167788 0.22299463135182820417 
0.00000000099999999987 0.00000000099999999987 0.00000000099999999987 0.00000000099999999987 0.99999999399999994765 0.00000000099999999987 0.00000000099999999987 
0.00000000099999999987 0.00000000099999999987 0.00000000099999999987 0.99999999400000005867 0.00000000099999999987 0.00000000099999999987 0.00000000099999999987 
0.53551023929886498731 0.07936134546175820093 0.00000000099999999997 0.00000000099999999997 0.00000896574577285874 0.38511944649360396742 0.00000000099999999997 
0.00000000099999999987 0.00000000099999999987 0.35142307899165498020 0.64857691600834488366 0.00000000099999999987 0.00000000099999999987 0.00000000099999999987 
0.00000000099999999987 0.00000000099999999987 0.00000000099999999987 0.00000000099999999987 0.94669848257620325960 0.05330151242379667365 0.00000000099999999987 
0.85394808222690088417 0.00000000099999999999 0.00000000099999999999 0.00000000099999999999 0.00000000099999999999 0.14055575610433332367 0.00549615766876605880 
0.00000000099999999994 0.00000000099999999994 0.00000000099999999994 0.00000000099999999994 0.00000000099999999994 0.00000000099999999994 0.99999999400000005867 
0.18252496368065310173 0.00000000099999999996 0.00000000099999999996 0.46454207301696925914 0.00000000099999999996 0.00000000099999999996 0.35293295930237778002 
0.00000000099999999990 0.00000000099999999990 0.00000000099999999990 0.00000000099999999990 0.99999999399999994765 0.00000000099999999990 0.00000000099999999990 
0.00000000099999999997 0.00000000099999999997 0.00000000099999999997 0.00000000099999999997 0.77935857715000400603 0.22064141784999591334 0.00000000099999999997 
0.47314366313645395135 0.08703350193847400607 0.43982283092507229449 0.00000000099999999997 0.00000000099999999997 0.00000000099999999997 0.00000000099999999997 
0.21714611988386497976 0.00000000099999999996 0.00000000099999999996 0.00000000099999999996 0.78285387511613502287 0.00000000099999999996 0.00000000099999999996 
0.00000000099999999991 0.00000000099999999991 0.00000000099999999991 0.99999999399999994765 0.00000000099999999991 0.00000000099999999991 0.00000000099999999991 
0.00000000099999999994 0.00000000099999999994 0.00000000099999999994 0.99999999400000005867 0.00000000099999999994 0.00000000099999999994 0.00000000099999999994 
0.00000000099999999993 0.00000000099999999993 0.00000000099999999993 0.99999999400000005867 0.00000000099999999993 0.00000000099999999993 0.00000000099999999993 
0.00000000099999999997 0.15798634798545674318 0.00000000099999999997 0.19774808678667343820 0.64426556122786982073 0.00000000099999999997 0.00000000099999999997 
0.75092349154247084453 0.07721843351693702395 0.17185807094059221689 0.00000000099999999996 0.00000000099999999996 0.00000000099999999996 0.00000000099999999996 
0.26012925546412918321 0.00000000099999999997 0.59826088206470362518 0.00000000099999999997 0.14160985847116716596 0.00000000099999999997 0.00000000099999999997 
0.00000000099999999996 0.00000000099999999996 0.00000000099999999996 0.75080969102780947821 0.00000000099999999996 0.00000000099999999996 0.24919030397219046891 
0.00000000099999999993 0.00000000099999999993 0.51220914518466842402 0.00000000099999999993 0.48779084981533149534 0.00000000099999999993 0.00000000099999999993 
0.00000000099999999994 0.00000000099999999994 0.00000000099999999994 0.55852789216491904867 0.44147210283508098172 0.00000000099999999994 0.00000000099999999994 
0.00000000099999999993 0.00000000099999999993 0.00000000099999999993 0.71879932816290270647 0.28120066683709737942 0.00000000099999999993 0.00000000099999999993 
0.96274919157121219282 0.03725072711186888652 0.00000000099999999997 0.00000000099999999997 0.00000000099999999997 0.00000000099999999997 0.00000007731691895789 
0.00000000099999999992 0.00000000099999999992 0.00000000099999999992 0.99999999399999994765 0.00000000099999999992 0.00000000099999999992 0.00000000099999999992 
0.65762933209800722434 0.00000000099999999997 0.00000000099999999997 0.11481311737590615962 0.00000000099999999997 0.22755754652608664590 0.00000000099999999997 
0.00000000099999999996 0.00000000099999999996 0.18216578677724556967 0.81783420822275454398 0.00000000099999999996 0.00000000099999999996 0.00000000099999999996 
0.00000000099999999996 0.77087145268716950053 0.00000000099999999996 0.00000000099999999996 0.00000000099999999996 0.00012252063084519703 0.22900602268198547162 
0.00000000099999999995 0.00000000099999999995 0.00000000099999999995 0.99999999399999994765 0.00000000099999999995 0.00000000099999999995 0.00000000099999999995 
0.43887791057632613567 0.00000000099999999998 0.00000000099999999998 0.00000000099999999998 0.18256470925311460429 0.37855737617055923439 0.00000000099999999998 
0.00000000099999999997 0.00000000099999999997 0.00000000099999999997 0.00000000099999999997 0.52146261993102660526 0.28741165813981367494 0.19112571792915977742 
0.00000000099999999997 0.00000000099999999997 0.00000000099999999997 0.69528127618537938215 0.00000000099999999997 0.02946653835611386454 0.27525218145850682827 
0.00000000099999999996 0.00000000099999999996 0.00000000099999999996 0.88186768727737518958 0.00000000099999999996 0.00000000099999999996 0.11813230772262481305 
0.00000000099999999989 0.00000000099999999989 0.00000000099999999989 0.99999999399999994765 0.00000000099999999989 0.00000000099999999989 0.00000000099999999989 
0.00000000099999999996 0.00000000099999999996 0.00000000099999999996 0.00000000099999999996 0.51357818536381660834 0.00000000099999999996 0.48642180963618331102 
0.00000000099999999993 0.00000000099999999993 0.00000000099999999993 0.98385083606525858269 0.01614915893474124300 0.00000000099999999993 0.00000000099999999993 
0.00000000099999999996 0.00000000099999999996 0.00000000099999999996 0.99999999400000005867 0.00000000099999999996 0.00000000099999999996 0.00000000099999999996 
0.00000000099999999996 0.00000000099999999996 0.00000000099999999996 0.81427452386915444293 0.00000000099999999996 0.18572547113084539316 0.00000000099999999996 
0.00000000099999999997 0.00000000099999999997 0.00000000099999999997 0.99999999400000005867 0.00000000099999999997 0.00000000099999999997 0.00000000099999999997 
0.90034080889510470502 0.00000000099999999996 0.00000000099999999996 0.00000000099999999996 0.00000000099999999996 0.00000000099999999996 0.09965918610489543639 
0.75571452441426656410 0.00000000099999999997 0.00000000099999999997 0.00000000099999999997 0.24428547058573349404 0.00000000099999999997 0.00000000099999999997 
0.00000000099999999999 0.00000000099999999999 0.58925302572034776727 0.00006570603465788096 0.41068126424499429294 0.00000000099999999999 0.00000000099999999999 
