0.00000000099999999936 0.00000000099999999936 0.00000000099999999936 0.99999999300000008695 0.00000000099999999936 0.00000000099999999936 0.00000000099999999936 0.00000000099999999936 
0.01059788727938147310 0.00000000099999999963 0.61438811613849686477 0.00000000099999999963 0.37501399158212167517 0.00000000099999999963 0.00000000099999999963 0.00000000099999999963 
0.00000000099999999928 0.00000000099999999928 0.00000000099999999928 0.00000000099999999928 0.99999999300000008695 0.00000000099999999928 0.00000000099999999928 0.00000000099999999928 
0.11625031750760474181 0.00000000099999999949 0.61377363376135396500 0.00000000099999999949 0.26997604373104128195 0.00000000099999999949 0.00000000099999999949 0.00000000099999999949 
0.00000000099999999966 0.00000000099999999966 0.62463823790166161931 0.00000000099999999966 0.37536175609833832834 0.00000000099999999966 0.00000000099999999966 0.00000000099999999966 
0.00000000099999999979 0.00475880666417391029 0.00000000099999999979 0.00000000099999999979 0.01701161810033427479 0.00000000099999999979 0.44836448755056829141 0.52986508368492357679 
0.00000000099999999992 0.23483637850534502811 0.00000000099999999992 0.00000000099999999992 0.01087028893007871248 0.00000000099999999992 0.73799286345823766897 0.01630046510633859080 
0.81351473689944653334 0.00000000099999999973 0.18648525710055358084 0.00000000099999999973 0.00000000099999999973 0.00000000099999999973 0.00000000099999999973 0.00000000099999999973 
0.00000000099999999953 0.00000000099999999953 0.00000000099999999953 0.00000000099999999953 0.99999999299999997593 0.00000000099999999953 0.00000000099999999953 0.00000000099999999953 
0.00000000099999999952 0.00000000099999999952 0.00000000099999999952 0.00000000099999999952 0.00000000099999999952 0.00000000099999999952 0.00000000099999999952 0.99999999300000008695 
0.04919340164880203065 0.00000000099999999957 0.47447359815405676375 0.00000000099999999957 0.47633299519714128456 0.00000000099999999957 0.00000000099999999957 0.00000000099999999957 
0.20043124606250672937 0.00000000099999999960 0.47932889921301807812 0.00000000099999999960 0.32023984972447527841 0.00000000099999999960 0.00000000099999999960 0.00000000099999999960 
0.19880305380809309979 0.00000000099999999955 0.55879387861992546593 0.00000000099999999955 0.24240306257198160345 0.00000000099999999955 0.00000000099999999955 0.00000000099999999955 
0.00000000099999999945 0.00000000099999999945 0.00000000099999999945 0.00000000099999999945 0.00000000099999999945 0.99999999299999997593 0.00000000099999999945 0.00000000099999999945 
0.63671249636945936867 0.00000000099999999957 0.00000000099999999957 0.00000000099999999957 0.36328749763054069000 0.00000000099999999957 0.00000000099999999957 0.00000000099999999957 
0.00000000099999999962 0.00000000099999999962 0.00000000099999999962 0.00000000099999999962 0.00000000099999999962 0.00000000099999999962 0.99999999299999986491 0.00000000099999999962 
0.15350332137180228154 0.00000000099999999971 0.57122534330909158218 0.00000000099999999971 0.27527133031910627770 0.00000000099999999971 0.00000000099999999971 0.00000000099999999971 
0.00000000099999999954 0.00000000099999999954 0.49131330161021996572 0.00000000099999999954 0.50868669238977992642 0.00000000099999999954 0.00000000099999999954 0.00000000099999999954 
0.00000000099999999986 0.19562184774529745024 0.00000000099999999986 0.00000000099999999986 0.00000000099999999986 0.08804656008901300124 0.71633158716568956503 0.00000000099999999986 
0.28983673292804812416 0.00000000099999999961 0.40886624628361134537 0.00000000099999999961 0.30129701578834044984 0.00000000099999999961 0.00000000099999999961 0.00000000099999999961 
0.00000000099999999969 0.00000000099999999969 0.58568015892665392652 0.00000000099999999969 0.41431983507334602113 0.00000000099999999969 0.00000000099999999969 0.00000000099999999969 
0.06750670912205940233 0.00000000099999999967 0.00000000099999999967 0.00000000099999999967 0.93249328487794069797 0.00000000099999999967 0.00000000099999999967 0.00000000099999999967 
0.00000000099999999980 0.00000000099999999980 0.00000000099999999980 0.00000000099999999980 0.00000000099999999980 0.00000000099999999980 0.82847323509431614053 0.17152675890568369610 
0.00000000099999999991 0.43110296711507450906 0.00036999719539669069 0.00000000099999999991 0.00000000099999999991 0.00000000099999999991 0.49582079000980627814 0.07270624167972251917 
0.07185164508914537729 0.00000000099999999982 0.22541963433200751243 0.08043823970317084959 0.62229047687567617952 0.00000000099999999982 0.00000000099999999982 0.00000000099999999982 
0.00000000099999999915 0.00000000099999999915 0.00000000099999999915 0.00000000099999999915 0.00000000099999999915 0.99999999299999997593 0.00000000099999999915 0.00000000099999999915 
0.19357806076870015533 0.00000000099999999964 0.27885411359954859201 0.00000000099999999964 0.52756782063175122754 0.00000000099999999964 0.00000000099999999964 0.00000000099999999964 
0.00000000099999999980 0.00000006961468644355 0.00000000099999999980 0.00000000099999999980 0.00000000099999999980 0.00000000099999999980 0.96687560655561177736 0.03312431882970170993 
0.14366812069052065093 0.00000000099999999980 0.61101336669377104283 0.00000000099999999980 0.24531850761570830888 0.00000000099999999980 0.00000000099999999980 0.00000000099999999980 
0.08450506110891223277 0.00000000099999999963 0.43849746121255411824 0.00000000099999999963 0.47699747267853370714 0.00000000099999999963 0.00000000099999999963 0.00000000099999999963 
0.00000000099999999975 0.00000000099999999975 0.07108094282609500603 0.80831007746110505874 0.12060897471279999338 0.00000000099999999975 0.00000000099999999975 0.00000000099999999975 
0.08864514543369009236 0.00000000099999999984 0.00000000099999999984 0.00000000099999999984 0.00000000099999999984 0.00000000099999999984 0.00000000099999999984 0.91135484856630977202 
0.00000000099999999993 0.00000000099999999993 0.07909554800941209773 0.00000000099999999993 0.03216596448219420645 0.00000000099999999993 0.74940704836375837683 0.13933143514463519619 
0.00000000099999999961 0.00000000099999999961 0.00000000099999999961 0.00000000099999999961 0.00000000099999999961 0.00000000099999999961 0.00000000099999999961 0.99999999299999997593 
0.00000000099999999981 0.00000000099999999981 0.00000000099999999981 0.00000000099999999981 0.00000000099999999981 0.00000000099999999981 0.99999999299999986491 0.00000000099999999981 
0.00000000099999999921 0.00000000099999999921 0.00000000099999999921 0.00000000099999999921 0.00000000099999999921 0.99999999299999997593 0.00000000099999999921 0.00000000099999999921 
0.09731579132066685289 0.22459399361383539095 0.00000000099999999997 0.00000000099999999997 0.00000000099999999997 0.29235206705190036613 0.00000000099999999997 0.38573814401359740600 
0.42860790203190229919 0.00000000099999999986 0.57139209196809770397 0.00000000099999999986 0.00000000099999999986 0.00000000099999999986 0.00000000099999999986 0.00000000099999999986 
0.02886659599902735573 0.03846052914678176060 0.00000000099999999996 0.05660308573122919268 0.00000000099999999996 0.00000000099999999996 0.87606163634068268120 0.00000814978227890767 
0.99999999300000019797 0.00000000099999999978 0.00000000099999999978 0.00000000099999999978 0.00000000099999999978 0.00000000099999999978 0.00000000099999999978 0.00000000099999999978 
0.13018174537249815881 0.00000000099999999972 0.39510468881194166224 0.00000000099999999972 0.47471356081556015383 0.00000000099999999972 0.00000000099999999972 0.00000000099999999972 
0.00000000099999999977 0.00000000099999999977 0.66018815359304927615 0.00000000099999999977 0.33981184040695078252 0.00000000099999999977 0.00000000099999999977 0.00000000099999999977 
0.25356694059299950128 0.00000000099999999993 0.17446171330924420406 0.00000000099999999993 0.55464742479012618670 0.00000000099999999993 0.01732391730762987414 0.00000000099999999993 
0.10967500087123571717 0.15328914676933161343 0.00000000099999999990 0.00000000099999999990 0.06117785840268431807 0.19201531946999786382 0.00000000099999999990 0.48384267148675047521 
0.00000000099999999951 0.00000000099999999951 0.00000000099999999951 0.00000000099999999951 0.00000000099999999951 0.99999999300000008695 0.00000000099999999951 0.00000000099999999951 
0.00000000099999999985 0.00000000099999999985 0.21084061008042090379 0.00000000099999999985 0.78915938391957907161 0.00000000099999999985 0.00000000099999999985 0.00000000099999999985 
0.00000000099999999989 0.10197580817042847801 0.00000000099999999989 0.04629681456699191039 0.00000000099999999989 0.00000000099999999989 0.85172737226257955179 0.00000000099999999989 
0.00000000099999999990 0.00042803956136224088 0.00000000099999999990 0.00000000099999999990 0.00000000099999999990 0.00000000099999999990 0.23553239082646043601 0.76403956461217725771 
0.00000000099999999993 0.07887000338058665350 0.00000000099999999993 0.00000000099999999993 0.01063086086703620044 0.19097707675274577799 0.71952205499963139967 0.00000000099999999993 
0.00000000099999999963 0.00000000099999999963 0.00000000099999999963 0.00000000099999999963 0.00000000099999999963 0.99999999300000008695 0.00000000099999999963 0.00000000099999999963 
0.00000000099999999970 0.00000000099999999970 0.25243961297663181087 0.00000000099999999970 0.74756038102336819229 0.00000000099999999970 0.00000000099999999970 0.00000000099999999970 
0.37473391516414300551 0.00000000099999999976 0.62341398710702200514 0.00000000099999999976 0.00185209272883488747 0.00000000099999999976 0.00000000099999999976 0.00000000099999999976 
0.00000000099999999979 0.00000000099999999979 0.00000000099999999979 0.00000000099999999979 0.00000000099999999979 0.00000000099999999979 0.00000000099999999979 0.99999999300000008695 
0.00000000099999999983 0.00000000099999999983 0.00000000099999999983 0.99999999299999997593 0.00000000099999999983 0.00000000099999999983 0.00000000099999999983 0.00000000099999999983 
0.00000000099999999959 0.99999999300000008695 0.00000000099999999959 0.00000000099999999959 0.00000000099999999959 0.00000000099999999959 0.00000000099999999959 0.00000000099999999959 
0.00000000099999999985 0.00000000099999999985 0.00000000099999999985 0.99999999300000008695 0.00000000099999999985 0.00000000099999999985 0.00000000099999999985 0.00000000099999999985 
0.00000000099999999967 0.00000000099999999967 0.00000000099999999967 0.00000000099999999967 0.00000000099999999967 0.00000000099999999967 0.00000000099999999967 0.99999999300000008695 
0.00000000099999999951 0.00000000099999999951 0.00000000099999999951 0.00000000099999999951 0.00000000099999999951 0.99999999299999997593 0.00000000099999999951 0.00000000099999999951 
0.37636832092305561037 0.00000000099999999980 0.43433497311320029555 0.00000000099999999980 0.18929670096374415222 0.00000000099999999980 0.00000000099999999980 0.00000000099999999980 
0.00000000099999999975 0.00000000099999999975 0.08548833697719628033 0.00000000099999999975 0.00000000099999999975 0.00000000099999999975 0.00000000099999999975 0.91451165702280368119 
0.00000000099999999965 0.00000000099999999965 0.00000000099999999965 0.00000000099999999965 0.00000000099999999965 0.00000000099999999965 0.00000000099999999965 0.99999999300000008695 
0.17598445608200957713 0.00000000099999999977 0.46354953140517268784 0.00000000099999999977 0.36046600751281787645 0.00000000099999999977 0.00000000099999999977 0.00000000099999999977 
0.00000000099999999987 0.90761349743735497686 0.00000000099999999987 0.00000000099999999987 0.00000000099999999987 0.00000000099999999987 0.00000000099999999987 0.09238649656264516508 
0.00000000099999999988 0.00000000099999999988 0.00000000099999999988 0.00000000099999999988 0.00000000099999999988 0.00000000099999999988 0.87673164909497891539 0.12326834490502103225 
0.00000000099999999987 0.00000000099999999987 0.00000000099999999987 0.11787354005826104764 0.00000000099999999987 0.07315061053058814766 0.00000000099999999987 0.80897584441115089060 
0.24257025604310081257 0.00000000099999999984 0.45307855098945454264 0.00000000099999999984 0.30435118796744470293 0.00000000099999999984 0.00000000099999999984 0.00000000099999999984 
0.01140286022340111262 0.00000000099999999987 0.00000000099999999987 0.89350571220669006145 0.00000000099999999987 0.00000000099999999987 0.00000000099999999987 0.09509142256990900377 
0.00000000099999999970 0.00000000099999999970 0.00000000099999999970 0.99999999300000008695 0.00000000099999999970 0.00000000099999999970 0.00000000099999999970 0.00000000099999999970 
0.00000000099999999980 0.00000000099999999980 0.00000000099999999980 0.00000000099999999980 0.00000000099999999980 0.00000000099999999980 0.00000000099999999980 0.99999999300000008695 
0.00000000099999999985 0.00000000099999999985 0.00000000099999999985 0.00000000099999999985 0.00000000099999999985 0.12150440345072051340 0.00000000099999999985 0.87849559054927961466 
0.10474596287229630265 0.00000000099999999986 0.41416099084735974456 0.00000000099999999986 0.48109304128034391379 0.00000000099999999986 0.00000000099999999986 0.00000000099999999986 
0.01357254673626995256 0.00000000099999999991 0.27056351546225732019 0.12294574005874775446 0.59291819374272491938 0.00000000099999999991 0.00000000099999999991 0.00000000099999999991 
0.18440734211732792702 0.00000000099999999989 0.19256519552209652724 0.01126741492186560979 0.53045928945113229869 0.00000000099999999989 0.08130075498757756425 0.00000000099999999989 
0.00000000099999999984 0.00000000099999999984 0.00000000099999999984 0.00000000099999999984 0.00000000099999999984 0.00000000099999999984 0.00000000099999999984 0.99999999300000008695 
0.00000000099999999992 0.02217303496980249644 0.01509616082831350022 0.00000000099999999992 0.00000170603215860113 0.00000000099999999992 0.25282456772431244341 0.70990452744541299168 
0.00000000099999999963 0.00000000099999999963 0.00000000099999999963 0.00000000099999999963 0.00000000099999999963 0.00000000099999999963 0.00000000099999999963 0.99999999299999997593 
0.00000000099999999996 0.00000000099999999996 0.82978540547410284400 0.00000000099999999996 0.11470455403714205356 0.00000000099999999996 0.00000000099999999996 0.05551003548875513977 
0.00000000099999999968 0.00000000099999999968 0.00000000099999999968 0.99999999300000008695 0.00000000099999999968 0.00000000099999999968 0.00000000099999999968 0.00000000099999999968 
0.00000000099999999968 0.00000000099999999968 0.00000000099999999968 0.00000000099999999968 0.00000000099999999968 0.00000000099999999968 0.00000000099999999968 0.99999999299999997593 
0.32295704126200253103 0.00000000099999999984 0.67704295273799752763 0.00000000099999999984 0.00000000099999999984 0.00000000099999999984 0.00000000099999999984 0.00000000099999999984 
0.00000000099999999976 0.00000000099999999976 0.00000000099999999976 0.99999999300000008695 0.00000000099999999976 0.00000000099999999976 0.00000000099999999976 0.00000000099999999976 
0.00000000099999999985 0.13556031511633784281 0.00000000099999999985 0.00000000099999999985 0.00000000099999999985 0.00000000099999999985 0.86443967888366202157 0.00000000099999999985 
0.00000000099999999993 0.84149607149993022048 0.00000000099999999993 0.00000000099999999993 0.00000000099999999993 0.15850391526462503933 0.00000000823544484796 0.00000000099999999993 
0.24836543128471180730 0.00000000099999999985 0.00000000099999999985 0.00000000099999999985 0.00000000099999999985 0.06293535276155978742 0.00000000099999999985 0.68869921095372832465 
0.00000000099999999990 0.00000000099999999990 0.00000000099999999990 0.00000000099999999990 0.01773108444058045172 0.00000000099999999990 0.19428007829727303446 0.78798883226214644360 
0.00000000099999999970 0.99999999300000019797 0.00000000099999999970 0.00000000099999999970 0.00000000099999999970 0.00000000099999999970 0.00000000099999999970 0.00000000099999999970 
0.17788112575887471412 0.00000000099999999985 0.35930979501940785159 0.00000000099999999985 0.24213316081994865070 0.00000000099999999985 0.00000000099999999985 0.22067591440176878570 
0.00000000099999999990 0.70765932150214272411 0.00000000099999999990 0.00000000099999999990 0.00000000099999999990 0.00000000099999999990 0.29234067249785739007 0.00000000099999999990 
0.00000000099999999980 0.00000000099999999980 0.00000000099999999980 0.00000000099999999980 0.00000000099999999980 0.00000000099999999980 0.00000000099999999980 0.99999999299999997593 
0.00000000099999999981 0.00000000099999999981 0.18602704645498618907 0.00000000099999999981 0.81397294754501370306 0.00000000099999999981 0.00000000099999999981 0.00000000099999999981 
0.00000000099999999990 0.54662089530328727971 0.00000000099999999990 0.00000000099999999990 0.00000000099999999990 0.00000000099999999990 0.23322677634076308117 0.22015232335594966950 
0.00000000099999999993 0.84183021266977808850 0.00000000099999999993 0.00000000099999999993 0.00000000099999999993 0.15816974621553647751 0.00000000099999999993 0.00000003611468557511 
0.00000000099999999983 0.00000000099999999983 0.00000000423790199814 0.99999998976209814039 0.00000000099999999983 0.00000000099999999983 0.00000000099999999983 0.00000000099999999983 
0.00000000099999999960 0.00000000099999999960 0.00000000099999999960 0.99999999300000008695 0.00000000099999999960 0.00000000099999999960 0.00000000099999999960 0.00000000099999999960 
0.00000000099999999993 0.81984052522154271525 0.00000000099999999993 0.05158837439793283880 0.12857109538052452491 0.00000000099999999993 0.00000000099999999993 0.00000000099999999993 
0.00000000099999999984 0.00000000099999999984 0.87305994844245182751 0.00000000099999999984 0.12694004555754823116 0.00000000099999999984 0.00000000099999999984 0.00000000099999999984 
0.08162385188254905888 0.00000000099999999994 0.10482925140554510968 0.00000000099999999994 0.00000000099999999994 0.00000000099999999994 0.69852178031731271268 0.11502511239459312087 
0.00000000099999999996 0.43423199786631100361 0.17802224409352421231 0.00000000099999999996 0.00000000099999999996 0.12184203342468973019 0.00000000099999999996 0.26590372061547506988 
0.18566991950736802530 0.66744388826666767311 0.00000000099999999991 0.00000000099999999991 0.14688618722596441524 0.00000000099999999991 0.00000000099999999991 0.00000000099999999991 
0.83248798230031106904 0.00000000099999999988 0.00000000099999999988 0.16751154791858821613 0.00000000099999999988 0.00000000099999999988 0.00000000099999999988 0.00000046478110091313 
0.99999999300000008695 0.00000000099999999984 0.00000000099999999984 0.00000000099999999984 0.00000000099999999984 0.00000000099999999984 0.00000000099999999984 0.00000000099999999984 
0.00000000099999999995 0.00000000099999999995 0.00000000099999999995 0.04937259827789517580 0.86051215167302519404 0.00000000099999999995 0.09011524504907963973 0.00000000099999999995 
0.00000000099999999992 0.00000000099999999992 0.00000000099999999992 0.10849517574888059568 0.00000000099999999992 0.21981441850752622691 0.67169040074359320780 0.00000000099999999992 
0.24141557409568242809 0.06203082469311747837 0.44068499210448253134 0.24526140117559416809 0.00000000099999999992 0.00000000099999999992 0.01060720493112345467 0.00000000099999999992 
0.00000000099999999993 0.00000000099999999993 0.00000000099999999993 0.00000000099999999993 0.86087795414581635978 0.13718598696733080855 0.00193605388685282216 0.00000000099999999993 
0.26107415361936114895 0.00000000099999999981 0.00000000099999999981 0.00000000099999999981 0.73892584038063879870 0.00000000099999999981 0.00000000099999999981 0.00000000099999999981 
0.99999999300000008695 0.00000000099999999973 0.00000000099999999973 0.00000000099999999973 0.00000000099999999973 0.00000000099999999973 0.00000000099999999973 0.00000000099999999973 
0.00000000099999999985 0.00000000099999999985 0.99999999300000008695 0.00000000099999999985 0.00000000099999999985 0.00000000099999999985 0.00000000099999999985 0.00000000099999999985 
0.00000000099999999995 0.00000000099999999995 0.00000000099999999995 0.00000000099999999995 0.04898925208310161289 0.00000000099999999995 0.27207251927257447566 0.67893822364432387939 
0.08071127675073705432 0.00000000099999999982 0.38862459076607830388 0.02999181042128316182 0.50067231806190160004 0.00000000099999999982 0.00000000099999999982 0.00000000099999999982 
0.45747218690875146585 0.00000000099999999990 0.22127166484923355139 0.00000000099999999990 0.32125614324201501315 0.00000000099999999990 0.00000000099999999990 0.00000000099999999990 
0.00000000099999999989 0.91831724132254266557 0.00000000099999999989 0.00000000099999999989 0.00000000099999999989 0.00000000099999999989 0.00000000099999999989 0.08168275267745742085 
0.12904200825116385332 0.38096713012114680197 0.00000000099999999996 0.00000000099999999996 0.07385416710427006315 0.00000000099999999996 0.41613669052341933918 0.00000000099999999996 
0.27567791498595323185 0.17094075970015409904 0.00000000099999999997 0.01474944613796815365 0.04860812813741436506 0.00000000099999999997 0.31160606219117248372 0.17841768684733777528 
0.00000000099999999993 0.58267667512122278684 0.00000000099999999993 0.00000000099999999993 0.00000000099999999993 0.00000000099999999993 0.13015123959634972151 0.28717208028242768858 
0.99999999300000019797 0.00000000099999999987 0.00000000099999999987 0.00000000099999999987 0.00000000099999999987 0.00000000099999999987 0.00000000099999999987 0.00000000099999999987 
0.90542855364342056390 0.00000000099999999986 0.00000000099999999986 0.09457144035657946701 0.00000000099999999986 0.00000000099999999986 0.00000000099999999986 0.00000000099999999986 
0.12271020091680558128 0.00000000099999999988 0.00000000099999999988 0.00000000099999999988 0.00000000099999999988 0.00000000099999999988 0.87728979308319443575 0.00000000099999999988 
0.00000000099999999993 0.00000000099999999993 0.00000000099999999993 0.09166914587214451682 0.90833084812785547246 0.00000000099999999993 0.00000000099999999993 0.00000000099999999993 
0.58869250710615073086 0.00000000099999999988 0.00000000099999999988 0.12501372565665869185 0.28629376223719077421 0.00000000099999999988 0.00000000099999999988 0.00000000099999999988 
0.00000000099999999991 0.00000000099999999991 0.32108538717335455281 0.00000000099999999991 0.62633687396614456944 0.05257773386050075548 0.00000000099999999991 0.00000000099999999991 
0.45708165618082235993 0.00000000099999999997 0.00000000099999999997 0.00000000099999999997 0.46528867532658857442 0.00000054676474080453 0.00000000099999999997 0.07762911772784807096 
0.99999999300000008695 0.00000000099999999980 0.00000000099999999980 0.00000000099999999980 0.00000000099999999980 0.00000000099999999980 0.00000000099999999980 0.00000000099999999980 
0.00002206615968413543 0.00000000099999999992 0.00000000099999999992 0.00000000099999999992 0.00000000099999999992 0.46784603232986404775 0.37751204984555458699 0.15461984766489730858 
0.00000000099999999996 0.78337617455326535865 0.00000000099999999996 0.00000000099999999996 0.04976968833345471466 0.09380496701182068631 0.00000000099999999996 0.07304916610145918698 
0.43016888486165344441 0.00000000099999999988 0.00000001847873030647 0.00000000099999999988 0.56983109165961620679 0.00000000099999999988 0.00000000099999999988 0.00000000099999999988 
0.00000000099999999979 0.99999999300000008695 0.00000000099999999979 0.00000000099999999979 0.00000000099999999979 0.00000000099999999979 0.00000000099999999979 0.00000000099999999979 
0.00000000099999999974 0.00000000099999999974 0.00000000099999999974 0.99999999300000008695 0.00000000099999999974 0.00000000099999999974 0.00000000099999999974 0.00000000099999999974 
0.00000000099999999982 0.00000000099999999982 0.99999999300000008695 0.00000000099999999982 0.00000000099999999982 0.00000000099999999982 0.00000000099999999982 0.00000000099999999982 
0.00000000099999999990 0.00000002195975726522 0.00000000099999999990 0.78595771664012137325 0.21404225640012133902 0.00000000099999999990 0.00000000099999999990 0.00000000099999999990 
0.00000000099999999983 0.00000000099999999983 0.99999999299999997593 0.00000000099999999983 0.00000000099999999983 0.00000000099999999983 0.00000000099999999983 0.00000000099999999983 
0.00000000099999999970 0.00000000099999999970 0.00000000099999999970 0.00000000099999999970 0.00000000099999999970 0.99999999300000008695 0.00000000099999999970 0.00000000099999999970 
0.00000000099999999996 0.14256216572449351143 0.13663940707774610561 0.72079842219776057988 0.00000000099999999996 0.00000000099999999996 0.00000000099999999996 0.00000000099999999996 
0.09363097245243859335 0.00000000099999999993 0.00000000099999999993 0.72633883583423031194 0.16194174689617774066 0.00000000099999999993 0.00000000099999999993 0.01808844081715341515 
0.99999999300000019797 0.00000000099999999987 0.00000000099999999987 0.00000000099999999987 0.00000000099999999987 0.00000000099999999987 0.00000000099999999987 0.00000000099999999987 
0.00000000099999999988 0.00000000099999999988 0.00000000099999999988 0.99999999300000008695 0.00000000099999999988 0.00000000099999999988 0.00000000099999999988 0.00000000099999999988 
0.14453255072173984419 0.00000000099999999988 0.24465361104217206445 0.00000000099999999988 0.61081383323608806624 0.00000000099999999988 0.00000000099999999988 0.00000000099999999988 
0.00000000099999999994 0.35437198439446065956 0.00000000099999999994 0.00000000099999999994 0.00000000099999999994 0.14874378489768305678 0.43383449273170548999 0.06304973397615072639 
0.00000000099999999985 0.00000000099999999985 0.26163373163570241564 0.73836626236429758752 0.00000000099999999985 0.00000000099999999985 0.00000000099999999985 0.00000000099999999985 
0.24308478660569973751 0.00000000099999999996 0.30517369023319773635 0.09048962194562715222 0.20287261573023213090 0.00000000099999999996 0.15837928248524318908 0.00000000099999999996 
0.00000000099999999983 0.00000000099999999983 0.00000000099999999983 0.00000000099999999983 0.00000000099999999983 0.00000000099999999983 0.00000000099999999983 0.99999999299999997593 
0.00000000099999999992 0.00000000114582552475 0.00000000099999999992 0.84266086920435390173 0.00000000099999999992 0.00000000099999999992 0.15733912464982066637 0.00000000099999999992 
0.99999999300000008695 0.00000000099999999984 0.00000000099999999984 0.00000000099999999984 0.00000000099999999984 0.00000000099999999984 0.00000000099999999984 0.00000000099999999984 
0.00000000099999999990 0.00000000099999999990 0.00000000099999999990 0.99999999299999997593 0.00000000099999999990 0.00000000099999999990 0.00000000099999999990 0.00000000099999999990 
0.00000000099999999985 0.00000000099999999985 0.19840247438224445364 0.80159751961775571605 0.00000000099999999985 0.00000000099999999985 0.00000000099999999985 0.00000000099999999985 
0.00000000099999999988 0.95921309258698028710 0.00000000099999999988 0.04078690141301995892 0.00000000099999999988 0.00000000099999999988 0.00000000099999999988 0.00000000099999999988 
0.16372095148969526002 0.00000000099999999995 0.00000000099999999995 0.00000000099999999995 0.00000000099999999995 0.00000000099999999995 0.43187171604061241892 0.40440732746969226818 
0.00000000099999999995 0.00000000099999999995 0.00000000099999999995 0.80964089846398212824 0.00000000099999999995 0.00000000099999999995 0.00000000099999999995 0.19035909553601784716 
0.99999999300000008695 0.00000000099999999987 0.00000000099999999987 0.00000000099999999987 0.00000000099999999987 0.00000000099999999987 0.00000000099999999987 0.00000000099999999987 
0.99999999300000019797 0.00000000099999999988 0.00000000099999999988 0.00000000099999999988 0.00000000099999999988 0.00000000099999999988 0.00000000099999999988 0.00000000099999999988 
0.00000000099999999986 0.99999999300000019797 0.00000000099999999986 0.00000000099999999986 0.00000000099999999986 0.00000000099999999986 0.00000000099999999986 0.00000000099999999986 
0.84842709388764347977 0.15156975069813372059 0.00000000099999999998 0.00000000099999999998 0.00000315041422288801 0.00000000099999999998 0.00000000099999999998 0.00000000099999999998 
0.17648420513054816072 0.00000000099999999993 0.82351578886945187019 0.00000000099999999993 0.00000000099999999993 0.00000000099999999993 0.00000000099999999993 0.00000000099999999993 
0.37122591371864832599 0.00000000099999999990 0.58549384542429894207 0.04328023585705285253 0.00000000099999999990 0.00000000099999999990 0.00000000099999999990 0.00000000099999999990 
0.28754157743869535047 0.00000000099999999996 0.40193732454847863611 0.20343621837920455864 0.05341070379242604527 0.00000000099999999996 0.05367417284119553600 0.00000000099999999996 
0.00000000099999999992 0.00000000099999999992 0.82749732231160288976 0.17250267168839697463 0.00000000099999999992 0.00000000099999999992 0.00000000099999999992 0.00000000099999999992 
0.53678283362223244701 0.00000000099999999990 0.00000000099999999990 0.00000000099999999990 0.46321716037776761166 0.00000000099999999990 0.00000000099999999990 0.00000000099999999990 
0.00000000099999999996 0.00000000099999999996 0.26098751405110043322 0.00000000099999999996 0.00000000099999999996 0.00000000099999999996 0.73901247994889929238 0.00000000099999999996 
0.00000000099999999995 0.00000000099999999995 0.76965783205633631070 0.00000000099999999995 0.00000000099999999995 0.18216694925363435820 0.00000000099999999995 0.04817521369002926435 
0.00000000099999999988 0.00000000099999999988 0.00000000099999999988 0.99999999300000008695 0.00000000099999999988 0.00000000099999999988 0.00000000099999999988 0.00000000099999999988 
0.10263142516368525814 0.00000769194558748724 0.16402155282061531283 0.02449892298416778136 0.00000000100000000000 0.16249573173901321610 0.20885939391430566325 0.33748528043262515652 
0.00000000099999999985 0.99999999300000019797 0.00000000099999999985 0.00000000099999999985 0.00000000099999999985 0.00000000099999999985 0.00000000099999999985 0.00000000099999999985 
0.00000000099999999993 0.00000000099999999993 0.00000000099999999993 0.81449049920639615685 0.18550949479360384631 0.00000000099999999993 0.00000000099999999993 0.00000000099999999993 
0.00000000099999999992 0.00000000099999999992 0.00000000099999999992 0.99999999300000008695 0.00000000099999999992 0.00000000099999999992 0.00000000099999999992 0.00000000099999999992 
0.06919587573123202329 0.00000000099999999997 0.00000000099999999997 0.00000000099999999997 0.25848619474824968689 0.45341632923517855014 0.21890159628533961689 0.00000000099999999997 
0.23466030752401012549 0.00000000099999999991 0.00000000220168717726 0.00000000099999999991 0.76533968527430273898 0.00000000099999999991 0.00000000099999999991 0.00000000099999999991 
0.99999999300000008695 0.00000000099999999987 0.00000000099999999987 0.00000000099999999987 0.00000000099999999987 0.00000000099999999987 0.00000000099999999987 0.00000000099999999987 
0.24448197436550767048 0.55243473392132957933 0.00000000099999999996 0.08391887367920816687 0.00000000099999999996 0.11846491747012008466 0.00000000099999999996 0.00069949756383456453 
0.99999999300000019797 0.00000000099999999989 0.00000000099999999989 0.00000000099999999989 0.00000000099999999989 0.00000000099999999989 0.00000000099999999989 0.00000000099999999989 
0.00000000099999999991 0.00000000099999999991 0.30190970868281852280 0.00000000099999999991 0.00000000099999999991 0.00000000099999999991 0.31451757320610151947 0.38357271311107993261 
0.00000000099999999995 0.00000000099999999995 0.00000000099999999995 0.00000000099999999995 0.62136843482525461191 0.00000000099999999995 0.00000000099999999995 0.37863155917474539125 
0.16897530865728516147 0.00000000099999999992 0.83102468233891912952 0.00000000099999999992 0.00000000099999999992 0.00000000400379586609 0.00000000099999999992 0.00000000099999999992 
0.00008193948942090090 0.00000000099999999991 0.07249268759593843758 0.92742536791464069701 0.00000000099999999991 0.00000000099999999991 0.00000000099999999991 0.00000000099999999991 
0.34101218817346962142 0.00000000099999999987 0.65898780582653049276 0.00000000099999999987 0.00000000099999999987 0.00000000099999999987 0.00000000099999999987 0.00000000099999999987 
0.00000000099999999995 0.00000000099999999995 0.39467074104367438903 0.15563059789059938143 0.44969865606572612116 0.00000000099999999995 0.00000000099999999995 0.00000000099999999995 
0.00001740205132004848 0.38953883230999630793 0.55291857910247832475 0.05752518253620537980 0.00000000099999999998 0.00000000099999999998 0.00000000099999999998 0.00000000099999999998 
0.00000000099999999988 0.00000000099999999988 0.00000000099999999988 0.99999999299999997593 0.00000000099999999988 0.00000000099999999988 0.00000000099999999988 0.00000000099999999988 
0.74384030265203737731 0.00000000099999999994 0.00000000099999999994 0.10420691580548234467 0.00000000099999999994 0.00000000099999999994 0.00000000099999999994 0.15195277654248037780 
0.50334664545799134849 0.00000000099999999996 0.42725840814450427585 0.00000000099999999996 0.00000000099999999996 0.00000000099999999996 0.00000000099999999996 0.06939494139750465584 
0.59912257313724837093 0.00000000099999999995 0.00000000099999999995 0.00000000099999999995 0.25667369183975558000 0.14420373002299605170 0.00000000099999999995 0.00000000099999999995 
0.99999999300000008695 0.00000000099999999993 0.00000000099999999993 0.00000000099999999993 0.00000000099999999993 0.00000000099999999993 0.00000000099999999993 0.00000000099999999993 
0.86429375713371103807 0.00000000099999999991 0.13570623686628915938 0.00000000099999999991 0.00000000099999999991 0.00000000099999999991 0.00000000099999999991 0.00000000099999999991 
0.00000000099999999988 0.00000000099999999988 0.00000000099999999988 0.99999999299999997593 0.00000000099999999988 0.00000000099999999988 0.00000000099999999988 0.00000000099999999988 
0.00000000099999999996 0.18684141904273937618 0.73164072656674905559 0.00001747335979391485 0.00000000099999999996 0.06407806022288328740 0.00000000099999999996 0.01742231780783452463 
0.99999999300000008695 0.00000000099999999991 0.00000000099999999991 0.00000000099999999991 0.00000000099999999991 0.00000000099999999991 0.00000000099999999991 0.00000000099999999991 
0.42315826329049166521 0.00000000099999999996 0.00000000099999999996 0.00000000099999999996 0.57684065358205072194 0.00000107812745748260 0.00000000099999999996 0.00000000099999999996 
0.11602708175378392830 0.00000000099999999996 0.00000000099999999996 0.00000000099999999996 0.00000000099999999996 0.00632510343310136672 0.00000000099999999996 0.87764780981311474317 
0.00000000099999999996 0.00000000099999999996 0.00000000099999999996 0.21978196091779936272 0.00000000099999999996 0.00000000099999999996 0.15429253083031446714 0.62592550325188622828 
0.00306345974580160248 0.00037055815371595652 0.00000000099999999993 0.00000000099999999993 0.00000000099999999993 0.44851573376871872734 0.54805024412818836854 0.00000000120357539117 
0.99999999300000008695 0.00000000099999999989 0.00000000099999999989 0.00000000099999999989 0.00000000099999999989 0.00000000099999999989 0.00000000099999999989 0.00000000099999999989 
0.00000000099999999985 0.00000000099999999985 0.00000000099999999985 0.99999999299999997593 0.00000000099999999985 0.00000000099999999985 0.00000000099999999985 0.00000000099999999985 
0.00000000099999999995 0.00000000099999999995 0.00000000099999999995 0.00000000099999999995 0.00000000099999999995 0.01784212717806658854 0.66458531988650715316 0.31757254793542621929 
0.00000000099999999985 0.00000000099999999985 0.36650611264577154236 0.63349388135422857182 0.00000000099999999985 0.00000000099999999985 0.00000000099999999985 0.00000000099999999985 
0.91737740464267725216 0.00000000099999999984 0.00000000099999999984 0.00000000099999999984 0.00000000099999999984 0.00000000099999999984 0.00000000099999999984 0.08262258935732290366 
0.00000000099999999995 0.99999999300000008695 0.00000000099999999995 0.00000000099999999995 0.00000000099999999995 0.00000000099999999995 0.00000000099999999995 0.00000000099999999995 
0.00000000099999999996 0.00000000099999999996 0.08198757102669609886 0.00000000099999999996 0.84330760618372402337 0.00000000099999999996 0.07301588677248493919 0.00168893201709505278 
0.00000000099999999994 0.00000000099999999994 0.00000001521012700164 0.43267826975068818252 0.00000000099999999994 0.00000000099999999994 0.56732171003918485663 0.00000000099999999994 
0.99999999300000008695 0.00000000099999999989 0.00000000099999999989 0.00000000099999999989 0.00000000099999999989 0.00000000099999999989 0.00000000099999999989 0.00000000099999999989 
0.76801735667280879305 0.00000000099999999997 0.00000000099999999997 0.00000000099999999997 0.00000000099999999997 0.00000000099999999997 0.00000002068437330181 0.23198261764281796760 
0.00000000099999999997 0.01040692091738716282 0.46380089189894940782 0.00000000099999999997 0.00000000099999999997 0.11815014289993196195 0.40764204028373141053 0.00000000099999999997 
0.40897699273092746886 0.59102300126907270084 0.00000000099999999997 0.00000000099999999997 0.00000000099999999997 0.00000000099999999997 0.00000000099999999997 0.00000000099999999997 
0.00000000099999999990 0.00000000099999999990 0.00000000099999999990 0.99999999300000008695 0.00000000099999999990 0.00000000099999999990 0.00000000099999999990 0.00000000099999999990 
0.00000000099999999992 0.00000000099999999992 0.00000000099999999992 0.99999999299999997593 0.00000000099999999992 0.00000000099999999992 0.00000000099999999992 0.00000000099999999992 
0.00000000099999999991 0.00000000099999999991 0.00000000099999999991 0.99999999299999997593 0.00000000099999999991 0.00000000099999999991 0.00000000099999999991 0.00000000099999999991 
0.54580077023313433582 0.00000000099999999996 0.00000000099999999996 0.29148148198132850517 0.00000000099999999996 0.16271774278553727267 0.00000000099999999996 0.00000000099999999996 
0.00000000099999999997 0.00000000099999999997 0.16736255789224763202 0.00000000099999999997 0.00000000099999999997 0.06612023870621713817 0.76651719840153520469 0.00000000099999999997 
0.00014986943457115243 0.00000000099999999997 0.71781212891707935064 0.00000000099999999997 0.00000084216319146045 0.00000000099999999997 0.28203715548515806422 0.00000000099999999997 
0.00000000099999999996 0.00000000099999999996 0.00000000099999999996 0.68208026626071238674 0.27177084073788376761 0.00000000099999999996 0.04614888800140396624 0.00000000099999999996 
0.56035124548613990392 0.00000000099999999993 0.43964874851386021026 0.00000000099999999993 0.00000000099999999993 0.00000000099999999993 0.00000000099999999993 0.00000000099999999993 
0.00000000099999999992 0.00000000099999999992 0.00000000099999999992 0.99999999299999997593 0.00000000099999999992 0.00000000099999999992 0.00000000099999999992 0.00000000099999999992 
0.00000000099999999993 0.00000000099999999993 0.00000000099999999993 0.86938577093272428886 0.00000000099999999993 0.00000000099999999993 0.00000000099999999993 0.13061422306727571430 
0.00000000099999999997 0.00000000099999999997 0.00000000099999999997 0.00000000099999999997 0.00000000099999999997 0.14701746566446965980 0.85298252833553023233 0.00000000099999999997 
0.00000000099999999991 0.00000000099999999991 0.00000000099999999991 0.99999999300000008695 0.00000000099999999991 0.00000000099999999991 0.00000000099999999991 0.00000000099999999991 
0.00000000099999999994 0.00000000099999999994 0.00000000099999999994 0.00000000099999999994 0.00000000099999999994 0.00000000099999999994 0.83282780352555363379 0.16717219047444631386 
0.00000000099999999996 0.00000000099999999996 0.16134262476075578174 0.83865736923924416590 0.00000000099999999996 0.00000000099999999996 0.00000000099999999996 0.00000000099999999996 
0.00000000099999999997 0.00000000099999999997 0.00000000099999999997 0.00000000099999999997 0.00000000099999999997 0.74883316750927930716 0.15781974236529031086 0.09334708512543052339 
