0.00000000099999999973 0.00000000099999999973 0.99999999699999986280 0.00000000099999999973 
0.00000000099999999980 0.99999999700000008485 0.00000000099999999980 0.00000000099999999980 
0.00000000099999999977 0.99999999699999997382 0.00000000099999999977 0.00000000099999999977 
0.00000000099999999974 0.99999999700000008485 0.00000000099999999974 0.00000000099999999974 
0.00000000099999999983 0.99999999700000008485 0.00000000099999999983 0.00000000099999999983 
0.52172467818235412906 0.00000000099999999992 0.00000000099999999992 0.47827531981764592750 
0.02789127018580288275 0.00000000099999999994 0.00000000099999999994 0.97210872781419721544 
0.09224429748650610217 0.88048207937001832235 0.02727362214347564540 0.00000000099999999995 
0.00000000099999999987 0.99999999700000008485 0.00000000099999999987 0.00000000099999999987 
0.99999999699999997382 0.00000000099999999974 0.00000000099999999974 0.00000000099999999974 
0.00000000099999999975 0.99999999700000008485 0.00000000099999999975 0.00000000099999999975 
0.00000000099999999980 0.99999999700000008485 0.00000000099999999980 0.00000000099999999980 
0.00000000099999999977 0.99999999700000008485 0.00000000099999999977 0.00000000099999999977 
0.46893281934642994102 0.00000022149862982850 0.00000000099999999999 0.53106695815494020518 
0.00000000099999999989 0.99999999700000008485 0.00000000099999999989 0.00000000099999999989 
0.09626164933958333836 0.00000000099999999990 0.00000000099999999990 0.90373834866041657943 
0.00000000099999999989 0.99999999699999997382 0.00000000099999999989 0.00000000099999999989 
0.00000000099999999974 0.99999999699999997382 0.00000000099999999974 0.00000000099999999974 
0.03375615712897580417 0.00000000099999999994 0.00000000099999999994 0.96624384087102421770 
0.00000000099999999980 0.99999999699999997382 0.00000000099999999980 0.00000000099999999980 
0.00000000099999999982 0.99999999700000008485 0.00000000099999999982 0.00000000099999999982 
0.00000000099999999986 0.99999999699999997382 0.00000000099999999986 0.00000000099999999986 
0.23988972718693227226 0.00000000099999999993 0.00000000099999999993 0.76011027081306759001 
0.00056430672265005361 0.00000000099999999995 0.00000000099999999995 0.99943569127734999125 
0.00000000099999999995 0.92073998656175781719 0.07926001143824210060 0.00000000099999999995 
0.99999999699999997382 0.00000000099999999988 0.00000000099999999988 0.00000000099999999988 
0.00000000099999999982 0.99999999700000008485 0.00000000099999999982 0.00000000099999999982 
0.15115002767277063711 0.00000000099999999993 0.00000000099999999993 0.84884997032722941945 
0.00000000099999999990 0.99999999699999997382 0.00000000099999999990 0.00000000099999999990 
0.00000000099999999978 0.99999999699999997382 0.00000000099999999978 0.00000000099999999978 
0.00000000099999999988 0.00000000099999999988 0.99999999699999997382 0.00000000099999999988 
0.99999999699999997382 0.00000000099999999994 0.00000000099999999994 0.00000000099999999994 
0.21250201601654319927 0.11012405617258330670 0.00000000099999999999 0.67737392681087338353 
0.99999999699999997382 0.00000000099999999986 0.00000000099999999986 0.00000000099999999986 
0.04004946703915408107 0.02856789459186633712 0.00000000099999999998 0.93138263736897952683 
0.99999999699999997382 0.00000000099999999984 0.00000000099999999984 0.00000000099999999984 
0.60591476123213849903 0.08317308194439511360 0.00003530065642490562 0.31087685616704147096 
0.00000000099999999994 0.99999999699999997382 0.00000000099999999994 0.00000000099999999994 
0.09838426530541558024 0.00000000099999999999 0.07906591340290511361 0.82254982029167933444 
0.09130631160634068710 0.90869368639365932783 0.00000000099999999996 0.00000000099999999996 
0.00000000099999999985 0.99999999700000008485 0.00000000099999999985 0.00000000099999999985 
0.00000000099999999985 0.99999999700000008485 0.00000000099999999985 0.00000000099999999985 
0.00000003311901899556 0.95805720292320351028 0.01380832846144982792 0.02813443549632756516 
0.74105328684197580014 0.14909993829800413656 0.00000000099999999999 0.10984677386002006383 
0.74148110025459024186 0.00000000099999999999 0.04156070222600408842 0.21695819651940570494 
0.00000000099999999994 0.99999999700000008485 0.00000000099999999994 0.00000000099999999994 
0.00000000099999999997 0.00000000099999999997 0.07854562270182012529 0.92145437529817997291 
0.75162201978096032651 0.00000000099999999995 0.00000000099999999995 0.24837797821903986883 
0.00000000099999999998 0.00000000099999999998 0.04780775762513706645 0.95219224037486283052 
0.40990238133694523182 0.00000000099999999998 0.00000000099999999998 0.59009761666305471373 
0.00000000099999999989 0.99999999700000008485 0.00000000099999999989 0.00000000099999999989 
0.00000000099999999991 0.99999999700000008485 0.00000000099999999991 0.00000000099999999991 
0.99999999700000008485 0.00000000099999999992 0.00000000099999999992 0.00000000099999999992 
0.00000000099999999993 0.00000000099999999993 0.99999999699999997382 0.00000000099999999993 
0.00000000099999999993 0.00000000099999999993 0.00000000099999999993 0.99999999700000008485 
0.00000000099999999992 0.00000000099999999992 0.99999999699999997382 0.00000000099999999992 
0.99999999699999997382 0.00000000099999999988 0.00000000099999999988 0.00000000099999999988 
0.48118786827904497239 0.06207354937165976416 0.00000000099999999999 0.45673858134929529173 
0.00000000099999999993 0.99896520425817203481 0.00103479374182780643 0.00000000099999999993 
0.90545973389159495337 0.00000000099999999997 0.00000000099999999997 0.09454026410840511707 
0.99999999699999997382 0.00000000099999999984 0.00000000099999999984 0.00000000099999999984 
0.00000000099999999988 0.99999999699999997382 0.00000000099999999988 0.00000000099999999988 
0.42877109465286011858 0.00000000099999999999 0.04324627758247205633 0.52798262676466778398 
0.18625683098468617804 0.00000000099999999996 0.00000000099999999996 0.81374316701531379525 
0.89140466909522531047 0.00000000099999999994 0.10859532890477466283 0.00000000099999999994 
0.00000000099999999993 0.99999999700000008485 0.00000000099999999993 0.00000000099999999993 
0.10512344079520831441 0.00000000099999999995 0.89487655720479164501 0.00000000099999999995 
0.00000000099999999988 0.00000000099999999988 0.99999999699999997382 0.00000000099999999988 
0.99999999699999997382 0.00000000099999999990 0.00000000099999999990 0.00000000099999999990 
0.99999999700000008485 0.00000000099999999993 0.00000000099999999993 0.00000000099999999993 
0.00000000099999999992 0.99999999700000008485 0.00000000099999999992 0.00000000099999999992 
0.00000000099999999997 0.87602954928044496352 0.12397044871955498202 0.00000000099999999997 
0.00000000099999999995 0.94616065740111410243 0.00000000099999999995 0.05383934059888589863 
0.95365782163798007431 0.00000000099999999995 0.04634217636201994756 0.00000000099999999995 
0.76144559117307342166 0.00000000099999999996 0.00000000099999999996 0.23855440682692663490 
0.99999999699999997382 0.00000000099999999985 0.00000000099999999985 0.00000000099999999985 
0.05070974460746503765 0.94467149704092068241 0.00461875735161423277 0.00000000100000000000 
0.00000000099999999986 0.00000000099999999986 0.99999999699999986280 0.00000000099999999986 
0.99999999699999997382 0.00000000099999999986 0.00000000099999999986 0.00000000099999999986 
0.00000000099999999994 0.99999999700000008485 0.00000000099999999994 0.00000000099999999994 
0.00000000099999999990 0.00000000099999999990 0.99999999699999986280 0.00000000099999999990 
0.00000000099999999996 0.00000000099999999996 0.00000000099999999996 0.99999999700000008485 
0.19693672306268777961 0.07579028255528302838 0.00000000099999999997 0.72727299338202922030 
0.99999999700000008485 0.00000000099999999994 0.00000000099999999994 0.00000000099999999994 
0.80431000809931108009 0.00000000099999999996 0.00000000099999999996 0.19568998990068883770 
0.00000000099999999996 0.00000000099999999996 0.00000000099999999996 0.99999999699999997382 
0.19509886520243591157 0.80490113279756403397 0.00000000099999999995 0.00000000099999999995 
0.00000000099999999997 0.00000000099999999997 0.00000000099999999997 0.99999999699999997382 
0.99999999700000008485 0.00000000099999999990 0.00000000099999999990 0.00000000099999999990 
0.00000000099999999990 0.99999999700000008485 0.00000000099999999990 0.00000000099999999990 
0.22203722795216868091 0.00000000099999999997 0.00000000099999999997 0.77796277004783132014 
0.24720840315141903720 0.00000000099999999997 0.00000000099999999997 0.75279159484858093609 
0.00000000099999999991 0.00000000099999999991 0.99999999699999997382 0.00000000099999999991 
0.00000000099999999984 0.00000000099999999984 0.99999999699999997382 0.00000000099999999984 
0.00000000099999999999 0.13113841874374684848 0.09522790403158963579 0.77363367622466350237 
0.00000000099999999991 0.99999999700000008485 0.00000000099999999991 0.00000000099999999991 
0.25104477157659871311 0.15935724385400792946 0.00000000099999999998 0.58959798356939330244 
0.42777554575462162223 0.13420924333131598050 0.00000000099999999999 0.43801520991406256433 
0.00000000099999999999 0.41024679434263816580 0.01094596832536018187 0.57880723633200170664 
0.13187468813218053421 0.50969756606499272422 0.35842774480282679761 0.00000000099999999999 
0.17098439506129395338 0.82901560293870601992 0.00000000099999999997 0.00000000099999999997 
0.00000000099999999998 0.99999999364496205967 0.00000000435503787832 0.00000000099999999998 
0.31446846925011084917 0.00000000099999999998 0.05321076449884338394 0.63232076525104574660 
0.00000000099999999997 0.57849688029097856568 0.32797464697692041424 0.09352847173210093734 
0.07236798102163888302 0.81433213924947522866 0.00000000099999999999 0.11329987872888577782 
0.00000000099999999993 0.99999999699999997382 0.00000000099999999993 0.00000000099999999993 
0.16196054322925412805 0.83803945477074592851 0.00000000099999999997 0.00000000099999999997 
0.00000000099999999995 0.95084008080973558830 0.04915991719026438500 0.00000000099999999995 
0.69609411143668387112 0.00000000099999999998 0.00000000099999999998 0.30390588656331612993 
0.00000000099999999990 0.96488981878468493836 0.03511017921531502800 0.00000000099999999990 
0.00003565971459357855 0.97218795075208452872 0.00000000099999999998 0.02777638853332178859 
0.19051172967572696515 0.00000000099999999997 0.00000000099999999997 0.80948826832427300815 
0.11012690424080895379 0.16925420123558521102 0.00000000099999999999 0.72061889352360575245 
0.36175006195335773773 0.19718800491850860257 0.08191138447020553104 0.35915054865792817029 
0.35312031267455751271 0.04135581065246418664 0.00000000100000000000 0.60552387567297816240 
0.23680279795889105920 0.58324765480069074020 0.17994954624041814562 0.00000000099999999998 
0.00000000099999999996 0.82577268129368452954 0.17422731670631555478 0.00000000099999999996 
0.00024716066738343900 0.00000000925736690279 0.00492642362511921776 0.99482640645013042935 
0.00000000099999999998 0.85213381405212851316 0.14786618394787151565 0.00000000099999999998 
0.00000000099999999997 0.77336428882135443974 0.22663570917864564458 0.00000000099999999997 
0.03019802238604980468 0.96980197561395031780 0.00000000099999999997 0.00000000099999999997 
0.19786936194382309662 0.80213063605617695995 0.00000000099999999997 0.00000000099999999997 
0.00000000099999999997 0.70656568164150246325 0.29343431635849748229 0.00000000099999999997 
0.74251580989454157855 0.00000000099999999998 0.00000000099999999998 0.25748418810545842250 
0.20767346384755838717 0.01903825796056582420 0.00000000100000000000 0.77328827719187576140 
0.00000000099999999994 0.99999999700000008485 0.00000000099999999994 0.00000000099999999994 
0.00000000099999999993 0.00000000099999999993 0.00000000099999999993 0.99999999700000008485 
0.00000000099999999988 0.00000000099999999988 0.99999999699999997382 0.00000000099999999988 
0.00000000099999999994 0.99999999699999997382 0.00000000099999999994 0.00000000099999999994 
0.00000000099999999999 0.00000000099999999999 0.85563780288268198593 0.14436219511731801513 
0.00000000099999999993 0.99999999699999997382 0.00000000099999999993 0.00000000099999999993 
0.99999999699999997382 0.00000000099999999992 0.00000000099999999992 0.00000000099999999992 
0.00000000099999999999 0.21641163245815825400 0.78358836554184174705 0.00000000099999999999 
0.00000001848719627837 0.17284070443902815883 0.82715927607377559561 0.00000000099999999998 
0.15004384740629139738 0.80989795098038552812 0.04005820061332298482 0.00000000099999999998 
0.00000000099999999995 0.00000000099999999995 0.99999999699999986280 0.00000000099999999995 
0.00000000099999999994 0.99999999700000008485 0.00000000099999999994 0.00000000099999999994 
0.16998914375181886638 0.00000000099999999998 0.00000000099999999998 0.83001085424818110692 
0.00000000099999999995 0.00000000099999999995 0.99958383660681893179 0.00041616139318114375 
0.00000000099999999999 0.85138425941265682972 0.11647423961517201774 0.03214149997217114613 
0.99892886184879048361 0.00000000099999999995 0.00107113615120958531 0.00000000099999999995 
0.00000000099999999997 0.00000000099999999997 0.89537941039219559602 0.10462058760780425237 
0.06109920051086819431 0.54390973189056102122 0.39499106659857080581 0.00000000099999999997 
0.00000000099999999995 0.00000000099999999995 0.99999999699999986280 0.00000000099999999995 
0.00000000099999999994 0.00000000099999999994 0.99999999699999986280 0.00000000099999999994 
0.00000000099999999997 0.00000000099999999997 0.12228919634343334011 0.87771080165656678584 
0.64171552555704081122 0.05983344230141098008 0.00000000099999999999 0.29845103114154825086 
0.15696824950539128851 0.00000000099999999998 0.84303174849460871254 0.00000000099999999998 
0.00000000099999999998 0.66730565310416001257 0.33269434489583993297 0.00000000099999999998 
0.07751781418152373093 0.86995040539336498941 0.05253177942511128018 0.00000000099999999999 
0.00000000099999999996 0.02834720986364765508 0.00000000099999999996 0.97165278813635225230 
0.26529434342851987427 0.64890763761088054995 0.08579801796059940977 0.00000000100000000000 
0.00000000099999999997 0.95560129674248817100 0.04439870125751186475 0.00000000099999999997 
0.00000000099999999996 0.82725794898594740001 0.17274204901405260104 0.00000000099999999996 
0.00000000099999999999 0.85247540264149823663 0.11595224905234499668 0.03157234730615687129 
0.00000000099999999996 0.82828395976477930951 0.17171603823522060828 0.00000000099999999996 
0.07568814992551206600 0.92431184807448785179 0.00000000099999999997 0.00000000099999999997 
0.00000000099999999998 0.00000000099999999998 0.00000000099999999998 0.99999999700000008485 
0.02788113760164720456 0.70490851353884509400 0.00000000099999999999 0.26721034785950775747 
0.00000000099999999995 0.00000000099999999995 0.99999999699999986280 0.00000000099999999995 
0.44208655431675408787 0.22394722365288935451 0.00000011584094787127 0.33396610618940875126 
0.05746630333508750965 0.00000000099999999997 0.00000000099999999997 0.94253369466491254691 
0.00000000099999999997 0.00000007392143989817 0.99999992407855997634 0.00000000099999999997 
0.00000000099999999996 0.00000000099999999996 0.99999999699999997382 0.00000000099999999996 
0.25575979817338412303 0.21868785732072731909 0.00000812967914018735 0.52554421482674840149 
0.00000000099999999994 0.99999999700000008485 0.00000000099999999994 0.00000000099999999994 
0.49079607885520931676 0.50920391914479079531 0.00000000099999999998 0.00000000099999999998 
0.63001126764599568730 0.00000000099999999999 0.14279787689035400300 0.22719085446365039349 
0.01283091809696608292 0.86166130982170319186 0.12550777108133068238 0.00000000099999999999 
0.33287381930311871203 0.15534082078648753233 0.00000000099999999997 0.51178535891039378392 
0.41817042071916660229 0.58182957728083350979 0.00000000099999999999 0.00000000099999999999 
0.00000000099999999998 0.93949736032617481296 0.00000000099999999998 0.06050263767382533381 
0.00000000099999999995 0.09042263920091686558 0.90957735879908319099 0.00000000099999999995 
0.00000000099999999995 0.99999999700000008485 0.00000000099999999995 0.00000000099999999995 
0.00000000099999999998 0.84469250472538659480 0.15530749327461332299 0.00000000099999999998 
0.13406390940810875012 0.54838053454583912671 0.15977844477126287859 0.15777711127478930009 
0.00000000099999999994 0.00000000099999999994 0.99999999699999997382 0.00000000099999999994 
0.40594285263837387445 0.39642377201552719823 0.19763337434609892784 0.00000000099999999999 
0.17072045820892939316 0.82927953979107060789 0.00000000099999999999 0.00000000099999999999 
0.33866070806189302322 0.66133928993810708885 0.00000000099999999997 0.00000000099999999997 
0.00000000099999999998 0.92330371721617354730 0.07669628078382648151 0.00000000099999999998 
0.00000000099999999995 0.99999999699999997382 0.00000000099999999995 0.00000000099999999995 
0.00000000099999999995 0.00000000099999999995 0.99999999699999997382 0.00000000099999999995 
0.05688980407172560677 0.00035957594509208429 0.44537332850653366112 0.49737729147664866414 
0.00000000099999999998 0.99960613528129083072 0.00039386271870923869 0.00000000099999999998 
0.08649813559982956479 0.91350186240017039463 0.00000000099999999999 0.00000000099999999999 
0.93097446729071287042 0.06902553070928713064 0.00000000099999999998 0.00000000099999999998 
0.59180936199564992961 0.00000000099999999999 0.31648133579332554666 0.09170930121102462140 
0.35898680119364501095 0.00000000099999999997 0.00000000099999999997 0.64101319680635493459 
0.20283711568466122888 0.63063987431603329981 0.16652300899930524980 0.00000000099999999998 
0.00000000099999999993 0.00000000099999999993 0.99999999699999997382 0.00000000099999999993 
0.46349237639515850073 0.00000000099999999998 0.00000000099999999998 0.53650762160484144481 
0.00000000099999999995 0.00000000099999999995 0.99999999699999986280 0.00000000099999999995 
0.53910040951744087057 0.44768004939390326768 0.01321954008865583105 0.00000000099999999998 
0.14497132012345162466 0.00000000099999999999 0.00000000099999999999 0.85502867787654845966 
0.00000000099999999998 0.99999999699999997382 0.00000000099999999998 0.00000000099999999998 
0.00000000099999999999 0.00000000099999999999 0.44312883004331188319 0.55687116795668800684 
0.00000000099999999997 0.96353024797610420382 0.03646975002389592213 0.00000000099999999997 
0.44410044154687927653 0.50343248016820063562 0.00000000663959350185 0.05246707164532644907 
0.00000000099999999998 0.13352685775250230926 0.00000000099999999998 0.86647314024749755301 
0.54760648782902898724 0.00000000100000000000 0.23888969249574668052 0.21350381867522436052 
0.00000000099999999996 0.00000000099999999996 0.99999999699999986280 0.00000000099999999996 
0.00000000099999999996 0.00000000099999999996 0.99999999699999986280 0.00000000099999999996 
0.00000000099999999996 0.00000000099999999996 0.99999999699999997382 0.00000000099999999996 
0.00000000099999999999 0.00000000099999999999 0.99999999699999997382 0.00000000099999999999 
0.08683720441282170854 0.17406196788146185983 0.00000000100000000000 0.73910082670571652930 
0.00000000099999999999 0.73649384902569470235 0.00000000099999999999 0.26350614897430524319 
0.00000000099999999999 0.00000000099999999999 0.70159061559034563427 0.29840938240965420025 
0.00000000099999999998 0.99999999700000008485 0.00000000099999999998 0.00000000099999999998 
0.00000000099999999997 0.00000000099999999997 0.99999999699999986280 0.00000000099999999997 
0.16479517444964045247 0.00000000099999999997 0.83520482355035952082 0.00000000099999999997 
0.00000000099999999998 0.00000000099999999998 0.00000000099999999998 0.99999999700000008485 
0.00000000099999999996 0.00000000099999999996 0.99999999699999986280 0.00000000099999999996 
0.21776729631846494795 0.00000000099999999999 0.00073413484383544911 0.78149856783769944268 
0.00000000099999999998 0.01587245278115722788 0.98412754521884282521 0.00000000099999999998 
0.73094205174642734590 0.00000000099999999998 0.00000000099999999998 0.26905794625357265515 
0.00000000099999999997 0.00000000099999999997 0.99999999699999986280 0.00000000099999999997 
0.61488976325578970084 0.00000001499851912776 0.00000059172383839928 0.38510963002185283344 
0.60280998070698366131 0.39704768497700709817 0.00014233331600922686 0.00000000100000000000 
0.04823155927776191787 0.31562342236528595496 0.63614501735695205831 0.00000000100000000000 
0.00000000099999999998 0.00000000099999999998 0.99999999699999986280 0.00000000099999999998 
0.00000000099999999995 0.00000000099999999995 0.99999999699999986280 0.00000000099999999995 
0.01209967136141877966 0.93341265981174592614 0.05448766782683532595 0.00000000100000000000 
0.00000000099999999996 0.00000000099999999996 0.99999999699999997382 0.00000000099999999996 
0.00000000099999999998 0.00000000099999999998 0.99999999699999997382 0.00000000099999999998 
0.00411503963494078487 0.00000000099999999999 0.99588495836505908088 0.00000000099999999999 
0.00124336094369871465 0.00000000099999999999 0.99740934314534346328 0.00134729491095774562 
0.00395785480167065891 0.06884643527515266204 0.00000000099999999999 0.92719570892317659805 
0.00000000099999999999 0.00369369706099331816 0.00000000099999999999 0.99630630093900673927 
0.03180334920689116551 0.65545740846288047532 0.31273924133022834582 0.00000000100000000000 
