0.00000000099999999936 0.00000000099999999936 0.00000000099999999936 0.99999999299999997593 0.00000000099999999936 0.00000000099999999936 0.00000000099999999936 0.00000000099999999936 
0.00000000099999999957 0.00000000099999999957 0.99999999300000008695 0.00000000099999999957 0.00000000099999999957 0.00000000099999999957 0.00000000099999999957 0.00000000099999999957 
0.00000000099999999910 0.99999999300000019797 0.00000000099999999910 0.00000000099999999910 0.00000000099999999910 0.00000000099999999910 0.00000000099999999910 0.00000000099999999910 
0.00000000099999999950 0.04072473714774038633 0.86248628790301506974 0.00000000099999999950 0.09678896994924461594 0.00000000099999999950 0.00000000099999999950 0.00000000099999999950 
0.00000000099999999959 0.00000000099999999959 0.99999999300000008695 0.00000000099999999959 0.00000000099999999959 0.00000000099999999959 0.00000000099999999959 0.00000000099999999959 
0.00000000099999999980 0.02109966381804033800 0.00000000099999999980 0.00000000099999999980 0.00000000099999999980 0.05653770523086806138 0.51590482381948321589 0.40645780313160856378 
0.00000000099999999989 0.04465733535939979404 0.00000000099999999989 0.00000000099999999989 0.00000000099999999989 0.35104913768372753013 0.01309057174359367498 0.59120295121327903765 
0.00000000099999999974 0.00000000099999999974 0.17481851745908333351 0.00000000099999999974 0.82518147654091666965 0.00000000099999999974 0.00000000099999999974 0.00000000099999999974 
0.00000000099999999937 0.99999999300000019797 0.00000000099999999937 0.00000000099999999937 0.00000000099999999937 0.00000000099999999937 0.00000000099999999937 0.00000000099999999937 
0.00000000099999999951 0.00000000099999999951 0.00000000099999999951 0.00000000099999999951 0.00000000099999999951 0.00000000099999999951 0.99999999299999997593 0.00000000099999999951 
0.00000000099999999959 0.24518700769965645625 0.75481298630034354691 0.00000000099999999959 0.00000000099999999959 0.00000000099999999959 0.00000000099999999959 0.00000000099999999959 
0.00000000099999999960 0.00000000099999999960 0.82076116152285949479 0.00000000099999999960 0.17923883247714045286 0.00000000099999999960 0.00000000099999999960 0.00000000099999999960 
0.00000000099999999956 0.00000000099999999956 0.86985874850352962184 0.00000000099999999956 0.13014124549647043683 0.00000000099999999956 0.00000000099999999956 0.00000000099999999956 
0.99999999300000008695 0.00000000099999999943 0.00000000099999999943 0.00000000099999999943 0.00000000099999999943 0.00000000099999999943 0.00000000099999999943 0.00000000099999999943 
0.00000000099999999962 0.35007187872559086816 0.00409154582301798301 0.00000000099999999962 0.64583657045139108988 0.00000000099999999962 0.00000000099999999962 0.00000000099999999962 
0.00000000099999999956 0.00000000099999999956 0.00000000099999999956 0.00000000099999999956 0.00000000099999999956 0.00000000099999999956 0.00000000099999999956 0.99999999300000008695 
0.00000000099999999974 0.04844616959785814220 0.85952364980744944134 0.03859432440123464897 0.05343585219345774184 0.00000000099999999974 0.00000000099999999974 0.00000000099999999974 
0.00000000099999999954 0.15097363696873347672 0.84902635703126660971 0.00000000099999999954 0.00000000099999999954 0.00000000099999999954 0.00000000099999999954 0.00000000099999999954 
0.07922583098393172485 0.00000000099999999986 0.00000000099999999986 0.00000000099999999986 0.00000000099999999986 0.33906700313186172169 0.00000000099999999986 0.58170716088420637568 
0.00000000099999999960 0.07763325540602042385 0.65371242109057570158 0.00000000099999999960 0.26865431850340398823 0.00000000099999999960 0.00000000099999999960 0.00000000099999999960 
0.00000000099999999970 0.19625812452019542054 0.80374186947980474915 0.00000000099999999970 0.00000000099999999970 0.00000000099999999970 0.00000000099999999970 0.00000000099999999970 
0.00000000099999999956 0.99999999300000019797 0.00000000099999999956 0.00000000099999999956 0.00000000099999999956 0.00000000099999999956 0.00000000099999999956 0.00000000099999999956 
0.00000000099999999977 0.00000000099999999977 0.00000000099999999977 0.00000000099999999977 0.00000000099999999977 0.00000000099999999977 0.09669448228134401579 0.90330551171865614002 
0.00000000099999999987 0.00000000099999999987 0.00000000099999999987 0.00000000099999999987 0.00000000099999999987 0.49465663836024509337 0.07216210188348004539 0.43318125475627483612 
0.00000000099999999978 0.58672704499284700219 0.32825481063046402230 0.00000000099999999978 0.08501813937668906140 0.00000000099999999978 0.00000000099999999978 0.00000000099999999978 
0.99999999300000008695 0.00000000099999999917 0.00000000099999999917 0.00000000099999999917 0.00000000099999999917 0.00000000099999999917 0.00000000099999999917 0.00000000099999999917 
0.00000000099999999965 0.27755007609943643798 0.57242810776797903305 0.00000000099999999965 0.15002181113258450385 0.00000000099999999965 0.00000000099999999965 0.00000000099999999965 
0.00000000099999999983 0.00000000099999999983 0.00000000099999999983 0.00000000099999999983 0.00000000099999999983 0.27109157400493627543 0.01513509272286456958 0.71377332827219908129 
0.00000000099999999977 0.00000000099999999977 0.95910172731526888157 0.00000000099999999977 0.04089826668473102445 0.00000000099999999977 0.00000000099999999977 0.00000000099999999977 
0.00000000099999999964 0.16402467120749697482 0.80954106963676997211 0.00000000099999999964 0.02643425415573309734 0.00000000099999999964 0.00000000099999999964 0.00000000099999999964 
0.00000000099999999973 0.00000000099999999973 0.00000000099999999973 0.87053776095578194738 0.00000000099999999973 0.12946223304421802802 0.00000000099999999973 0.00000000099999999973 
0.00000000099999999983 0.00000000099999999983 0.00000000099999999983 0.00000000099999999983 0.08573852185306170270 0.00000000099999999983 0.91426147214693831433 0.00000000099999999983 
0.00000000099999999994 0.00000000154410384655 0.10475882395006554104 0.00000000099999999994 0.00000000099999999994 0.11307979823915562112 0.14413388949995767363 0.63802748376671725161 
0.00000000099999999960 0.00000000099999999960 0.00000000099999999960 0.00000000099999999960 0.00000000099999999960 0.00000000099999999960 0.99999999299999986491 0.00000000099999999960 
0.00000000099999999989 0.00000000099999999989 0.00000000099999999989 0.00000000099999999989 0.00000000099999999989 0.22324487990188682240 0.00000000099999999989 0.77675511409811315300 
0.99999999300000008695 0.00000000099999999922 0.00000000099999999922 0.00000000099999999922 0.00000000099999999922 0.00000000099999999922 0.00000000099999999922 0.00000000099999999922 
0.28818372076991116693 0.00000000099999999994 0.00000000099999999994 0.00000000099999999994 0.10335333552700191884 0.21146390423987723728 0.39699903546320947090 0.00000000099999999994 
0.00000000099999999984 0.00000000099999999984 0.67686569660714401842 0.00000000099999999984 0.32313429739285598474 0.00000000099999999984 0.00000000099999999984 0.00000000099999999984 
0.00000000099999999996 0.00000000099999999996 0.00000000099999999996 0.01416191927533758631 0.03525189343732300362 0.24528066700502521025 0.00000000099999999996 0.70530551628231419325 
0.00000000099999999979 0.00000000099999999979 0.00000000099999999979 0.00000000099999999979 0.99999999299999997593 0.00000000099999999979 0.00000000099999999979 0.00000000099999999979 
0.00000000099999999974 0.38675633350708782388 0.54137012506984794058 0.00000000099999999974 0.07187353642306430757 0.00000000099999999974 0.00000000099999999974 0.00000000099999999974 
0.00000000099999999973 0.06354386969746704528 0.93645612430253299951 0.00000000099999999973 0.00000000099999999973 0.00000000099999999973 0.00000000099999999973 0.00000000099999999973 
0.00000000099999999992 0.39787002055921261157 0.36080178447343452808 0.00000000099999999992 0.24132818996735272421 0.00000000099999999992 0.00000000099999999992 0.00000000099999999992 
0.18884727240917592583 0.06039923014941325080 0.00000000099999999992 0.00000000099999999992 0.10905901624737802946 0.14119560424332927573 0.50049887395070347118 0.00000000099999999992 
0.99999999300000008695 0.00000000099999999951 0.00000000099999999951 0.00000000099999999951 0.00000000099999999951 0.00000000099999999951 0.00000000099999999951 0.00000000099999999951 
0.00000000099999999981 0.67870908576065391848 0.32129090823934614018 0.00000000099999999981 0.00000000099999999981 0.00000000099999999981 0.00000000099999999981 0.00000000099999999981 
0.00000000099999999989 0.00000000099999999989 0.00000000099999999989 0.00000000099999999989 0.00000000099999999989 0.15757645685086010823 0.00000000099999999989 0.84242353714913997820 
0.00000000099999999989 0.00000000099999999989 0.00000000099999999989 0.00000000099999999989 0.00000000099999999989 0.00000000099999999989 0.72876629030654838104 0.27123370369345156661 
0.19379178942137156860 0.01314483820201524551 0.00000000099999999995 0.00272846616394797252 0.00000000099999999995 0.25939080649116957877 0.00000000099999999995 0.53094409672149556201 
0.99999999300000019797 0.00000000099999999962 0.00000000099999999962 0.00000000099999999962 0.00000000099999999962 0.00000000099999999962 0.00000000099999999962 0.00000000099999999962 
0.00000000099999999958 0.99999999300000019797 0.00000000099999999958 0.00000000099999999958 0.00000000099999999958 0.00000000099999999958 0.00000000099999999958 0.00000000099999999958 
0.00000000099999999976 0.00000000099999999976 0.70162044612046814418 0.00000000099999999976 0.29837954787953185898 0.00000000099999999976 0.00000000099999999976 0.00000000099999999976 
0.00000000099999999980 0.00000000099999999980 0.00000000099999999980 0.00000000099999999980 0.00000000099999999980 0.00000000099999999980 0.99999999299999986491 0.00000000099999999980 
0.00000000099999999984 0.00000000099999999984 0.00000000099999999984 0.99999999299999997593 0.00000000099999999984 0.00000000099999999984 0.00000000099999999984 0.00000000099999999984 
0.00000000099999999962 0.00000000099999999962 0.00000000099999999962 0.00000000099999999962 0.00000000099999999962 0.99999999299999997593 0.00000000099999999962 0.00000000099999999962 
0.00000000099999999983 0.00000000099999999983 0.00000000099999999983 0.99999999300000008695 0.00000000099999999983 0.00000000099999999983 0.00000000099999999983 0.00000000099999999983 
0.00000000099999999967 0.00000000099999999967 0.00000000099999999967 0.00000000099999999967 0.00000000099999999967 0.00000000099999999967 0.99999999299999997593 0.00000000099999999967 
0.99999999300000019797 0.00000000099999999950 0.00000000099999999950 0.00000000099999999950 0.00000000099999999950 0.00000000099999999950 0.00000000099999999950 0.00000000099999999950 
0.00000000099999999980 0.00000000099999999980 0.60905878116613665352 0.00000000099999999980 0.39094121283386340515 0.00000000099999999980 0.00000000099999999980 0.00000000099999999980 
0.00000000099999999978 0.00000000099999999978 0.00000000099999999978 0.00000000099999999978 0.00000000099999999978 0.09727440774678879076 0.90272558625321108750 0.00000000099999999978 
0.00000000099999999965 0.00000000099999999965 0.00000000099999999965 0.00000000099999999965 0.00000000099999999965 0.00000000099999999965 0.99999999299999997593 0.00000000099999999965 
0.00000000099999999977 0.15618270270340692263 0.69379954357632978024 0.00000000099999999977 0.15001774872026332752 0.00000000099999999977 0.00000000099999999977 0.00000000099999999977 
0.00000000099999999991 0.00000000099999999991 0.00000000099999999991 0.00000000099999999991 0.05024820385705128234 0.56640133838368711405 0.38335045275926166175 0.00000000099999999991 
0.00000000099999999987 0.00000000099999999987 0.00000000099999999987 0.00000000099999999987 0.00000000099999999987 0.16264278990445274475 0.06727450449202582172 0.77008270060352146391 
0.06137442304973113327 0.00000000099999999987 0.00000000099999999987 0.08620609567829294606 0.08394208122659052584 0.00000000099999999987 0.76847739604538534142 0.00000000099999999987 
0.00000000099999999984 0.30820326143958931553 0.41992204141896227743 0.00000000099999999984 0.27187469214144849294 0.00000000099999999984 0.00000000099999999984 0.00000000099999999984 
0.00000000099999999987 0.00000000099999999987 0.00000000099999999987 0.94587707287375022425 0.01734441385293293558 0.00000000099999999987 0.03677850827331684974 0.00000000099999999987 
0.00000000099999999971 0.00000000099999999971 0.00000000099999999971 0.99999999299999997593 0.00000000099999999971 0.00000000099999999971 0.00000000099999999971 0.00000000099999999971 
0.00000000099999999981 0.00000000099999999981 0.00000000099999999981 0.00000000099999999981 0.00000000099999999981 0.00000000099999999981 0.99999999299999997593 0.00000000099999999981 
0.12884383734540966193 0.00000000099999999985 0.00000000099999999985 0.00000000099999999985 0.00000000099999999985 0.00000000099999999985 0.87115615665459034123 0.00000000099999999985 
0.00000000099999999986 0.01479525336685808684 0.79462921334872671508 0.00000000099999999986 0.12410533925081004836 0.06647019003360510325 0.00000000099999999986 0.00000000099999999986 
0.00000000099999999990 0.61721242586398539220 0.31925091154832968554 0.03701161937029542881 0.02652503921738960310 0.00000000099999999990 0.00000000099999999990 0.00000000099999999990 
0.00000000099999999988 0.45751968344941390532 0.30496531192940512511 0.00000000099999999988 0.14590679927407929073 0.00000000099999999988 0.00000000099999999988 0.09160820134710175033 
0.00000000099999999982 0.00000000099999999982 0.00000000099999999982 0.00000000099999999982 0.00000000099999999982 0.00000000099999999982 0.99999999299999997593 0.00000000099999999982 
0.00000000099999999989 0.04434221133511625362 0.00000000099999999989 0.00000000099999999989 0.00000000099999999989 0.00000000099999999989 0.68323711565073375063 0.27242066801415010247 
0.00000000099999999964 0.00000000099999999964 0.00000000099999999964 0.00000000099999999964 0.00000000099999999964 0.00000000099999999964 0.99999999299999986491 0.00000000099999999964 
0.00000000099999999996 0.00000000099999999996 0.74481479040187192897 0.00000000099999999996 0.21540017524165447349 0.03978502935647358629 0.00000000099999999996 0.00000000099999999996 
0.00000000099999999968 0.00000000099999999968 0.00000000099999999968 0.99999999299999997593 0.00000000099999999968 0.00000000099999999968 0.00000000099999999968 0.00000000099999999968 
0.00000000099999999969 0.00000000099999999969 0.00000000099999999969 0.00000000099999999969 0.00000000099999999969 0.00000000099999999969 0.99999999299999986491 0.00000000099999999969 
0.00000000099999999984 0.00000000099999999984 0.80111182234898103971 0.00000000099999999984 0.19888817165101893569 0.00000000099999999984 0.00000000099999999984 0.00000000099999999984 
0.00000000099999999977 0.00000000099999999977 0.00000000099999999977 0.99999999300000008695 0.00000000099999999977 0.00000000099999999977 0.00000000099999999977 0.00000000099999999977 
0.00000000099999999987 0.00000000099999999987 0.00000000099999999987 0.00000000099999999987 0.00000000099999999987 0.35122156165084339463 0.00000000099999999987 0.64877843234915666404 
0.00000000099999999989 0.00000000099999999989 0.00000000099999999989 0.00000000099999999989 0.00000000099999999989 0.99999999300000008695 0.00000000099999999989 0.00000000099999999989 
0.06158660787133711512 0.00000000099999999985 0.00000000099999999985 0.00000000099999999985 0.26756283080495779636 0.00000000099999999985 0.67085055632370504952 0.00000000099999999985 
0.00000000099999999990 0.00000000099999999990 0.00000000099999999990 0.00000000099999999990 0.00000000099999999990 0.00000000099999999990 0.76981328046960473266 0.23018671353039532601 
0.00000000099999999993 0.00000000099999999993 0.00000000099999999993 0.00000000099999999993 0.00000000099999999993 0.83382866841405067770 0.00000000099999999993 0.16617132558594926994 
0.00000000099999999985 0.04430568177445654010 0.56431746686494277387 0.00000000099999999985 0.17132521047330778741 0.00000000099999999985 0.22005163688729292848 0.00000000099999999985 
0.00000000099999999986 0.00000000099999999986 0.00000000099999999986 0.00000000099999999986 0.00000000099999999986 0.99999999300000008695 0.00000000099999999986 0.00000000099999999986 
0.00000000099999999980 0.00000000099999999980 0.00000000099999999980 0.00000000099999999980 0.00000000099999999980 0.00000000099999999980 0.99999999299999997593 0.00000000099999999980 
0.00000000099999999984 0.35983743198661871654 0.64016256201338128662 0.00000000099999999984 0.00000000099999999984 0.00000000099999999984 0.00000000099999999984 0.00000000099999999984 
0.00000000099999999990 0.00000000099999999990 0.00000000099999999990 0.00000000099999999990 0.00000000099999999990 0.66187370154576985470 0.21207273700513207260 0.12605355644909821411 
0.17031465112821461694 0.06703123972481818404 0.00000000099999999995 0.00000000099999999995 0.00000000099999999995 0.24037641176738777649 0.00000000099999999995 0.52227769337957952178 
0.00000000099999999983 0.00000000099999999983 0.00000000099999999983 0.99999999300000008695 0.00000000099999999983 0.00000000099999999983 0.00000000099999999983 0.00000000099999999983 
0.00000000099999999962 0.00000000099999999962 0.00000000099999999962 0.99999999299999997593 0.00000000099999999962 0.00000000099999999962 0.00000000099999999962 0.00000000099999999962 
0.00000137755335144813 0.15274570521580860261 0.00000000099999999996 0.08009794833861787200 0.00000000099999999996 0.76715496489222212428 0.00000000099999999996 0.00000000099999999996 
0.00000000099999999987 0.09173575830960489785 0.90826423569039516082 0.00000000099999999987 0.00000000099999999987 0.00000000099999999987 0.00000000099999999987 0.00000000099999999987 
0.00000000099999999994 0.00000000099999999994 0.00000000891887352405 0.00000000099999999994 0.14568966964707041889 0.00000000099999999994 0.05938485509915497618 0.79492546233490113394 
0.10528414657396319154 0.00000000099999999997 0.00000000099999999997 0.00000000099999999997 0.07705531527586012563 0.55564525536489994817 0.26201527878527669513 0.00000000099999999997 
0.00000000099999999992 0.19549331167815234278 0.00000000099999999992 0.00000000099999999992 0.18711655684682862444 0.61739012647501900766 0.00000000099999999992 0.00000000099999999992 
0.00000000099999999988 0.00000000099999999988 0.00000000099999999988 0.10625972859501359169 0.84171700342240529658 0.00000000099999999988 0.00000000099999999988 0.05202326298258121845 
0.00000000099999999986 0.00000000099999999986 0.00000000099999999986 0.00000000099999999986 0.99999999299999997593 0.00000000099999999986 0.00000000099999999986 0.00000000099999999986 
0.00000000099999999995 0.82633531478295130235 0.00000000099999999995 0.04699414733850403730 0.00000000099999999995 0.00000000099999999995 0.00000000099999999995 0.12667053287854476706 
0.15957893997953803700 0.00000000099999999990 0.00000000099999999990 0.09097197495992048744 0.00000000099999999990 0.00000000099999999990 0.00000000099999999990 0.74944908006054133942 
0.00000000099999999992 0.00000000099999999992 0.45803596478725888685 0.19832359001375685081 0.24958675441691161034 0.02698299708418104917 0.00000000099999999992 0.06707069069789173277 
0.00000000099999999992 0.80279661956447789795 0.00000000099999999992 0.00000000099999999992 0.00000000099999999992 0.00000000099999999992 0.00000000099999999992 0.19720337443552224399 
0.00000000099999999981 0.69073609018915604896 0.00000000099999999981 0.00000000099999999981 0.30926390381084412073 0.00000000099999999981 0.00000000099999999981 0.00000000099999999981 
0.00000000099999999977 0.00000000099999999977 0.00000000099999999977 0.00000000099999999977 0.99999999299999997593 0.00000000099999999977 0.00000000099999999977 0.00000000099999999977 
0.00000000099999999988 0.00000000099999999988 0.94568090673678795177 0.00000000099999999988 0.00000000099999999988 0.05431908726321208608 0.00000000099999999988 0.00000000099999999988 
0.00000000099999999994 0.07202309240806113733 0.00000000099999999994 0.00000000099999999994 0.00000000099999999994 0.00000000099999999994 0.65077475608090407100 0.27720214651103486370 
0.00000000099999999982 0.27490350576205135891 0.62585307913840171334 0.03104779213229425655 0.06819561896725263861 0.00000000099999999982 0.00000000099999999982 0.00000000099999999982 
0.00000000099999999988 0.45644983002085492974 0.23324638255713778245 0.00000000099999999988 0.31030378242200723493 0.00000000099999999988 0.00000000099999999988 0.00000000099999999988 
0.00000000099999999991 0.00000000099999999991 0.00000000099999999991 0.00000000099999999991 0.00000000099999999991 0.89966661277906923022 0.10033338122093080069 0.00000000099999999991 
0.00000000099999999996 0.08677668312783301530 0.00000000099999999996 0.00000000099999999996 0.09935576546220921401 0.29050930190405427345 0.00000000099999999996 0.52335824550590348547 
0.00000000099999999997 0.06902416163297535323 0.00000000099999999997 0.00000000099999999997 0.23960278868170786781 0.12601187661508231330 0.04638285394250812876 0.51897831612772626908 
0.00000000099999999996 0.00000000099999999996 0.02910662273877377346 0.00000000099999999996 0.02383459320631726303 0.33514801505907415580 0.33418994480559782723 0.27772082119023688840 
0.08272109213894580926 0.09773034016915249644 0.12614334533969387420 0.00000000099999999996 0.69340521835220791935 0.00000000099999999996 0.00000000099999999996 0.00000000099999999996 
0.00000000099999999987 0.00000000099999999987 0.00000000099999999987 0.10180699433377973784 0.89819299966622023756 0.00000000099999999987 0.00000000099999999987 0.00000000099999999987 
0.00000000099999999988 0.00000000099999999988 0.00000000099999999988 0.00000000099999999988 0.10191772369146320787 0.00000000099999999988 0.00000000099999999988 0.89808227030853682304 
0.00000000099999999993 0.85112642738063293280 0.00000000099999999993 0.14887356661936709812 0.00000000099999999993 0.00000000099999999993 0.00000000099999999993 0.00000000099999999993 
0.00000000099999999988 0.35911627511702298721 0.00000000099999999988 0.10363767327690460995 0.53724604660607233608 0.00000000099999999988 0.00000000099999999988 0.00000000099999999988 
0.05172046492727423728 0.37540635308137337844 0.57287317699135253957 0.00000000099999999992 0.00000000099999999992 0.00000000099999999992 0.00000000099999999992 0.00000000099999999992 
0.00000000099999999995 0.49517944422556353645 0.00000000099999999995 0.00000000099999999995 0.45223731194590804927 0.00000000099999999995 0.05258323882852834752 0.00000000099999999995 
0.00000000099999999980 0.00000000099999999980 0.00000000099999999980 0.00000000099999999980 0.99999999299999997593 0.00000000099999999980 0.00000000099999999980 0.00000000099999999980 
0.38633118010246825236 0.00000000099999999991 0.00000000099999999991 0.00000000099999999991 0.00000000099999999991 0.00000000099999999991 0.00000000099999999991 0.61366881389753147324 
0.00000000099999999995 0.03785956513047718935 0.00000000099999999995 0.00000000099999999995 0.00000000099999999995 0.88269097527945949988 0.07944945459006341748 0.00000000099999999995 
0.00000000099999999989 0.47808597701128252577 0.23992332546743105892 0.00000000099999999989 0.28199069252128644569 0.00000000099999999989 0.00000000099999999989 0.00000000099999999989 
0.00000000099999999977 0.00000000099999999977 0.00000000099999999977 0.00000000099999999977 0.00000000099999999977 0.99999999300000008695 0.00000000099999999977 0.00000000099999999977 
0.00000000099999999975 0.00000000099999999975 0.00000000099999999975 0.99999999300000008695 0.00000000099999999975 0.00000000099999999975 0.00000000099999999975 0.00000000099999999975 
0.00000000099999999987 0.00000000099999999987 0.99999999300000008695 0.00000000099999999987 0.00000000099999999987 0.00000000099999999987 0.00000000099999999987 0.00000000099999999987 
0.00000000099999999990 0.20834683627181496690 0.00000000099999999990 0.79165315772818511952 0.00000000099999999990 0.00000000099999999990 0.00000000099999999990 0.00000000099999999990 
0.00000000099999999985 0.00000000099999999985 0.99999999299999997593 0.00000000099999999985 0.00000000099999999985 0.00000000099999999985 0.00000000099999999985 0.00000000099999999985 
0.99999999300000008695 0.00000000099999999970 0.00000000099999999970 0.00000000099999999970 0.00000000099999999970 0.00000000099999999970 0.00000000099999999970 0.00000000099999999970 
0.00000000099999999996 0.00000000099999999996 0.26272203317836895220 0.73727796082163099545 0.00000000099999999996 0.00000000099999999996 0.00000000099999999996 0.00000000099999999996 
0.00000000099999999992 0.18038455639188460955 0.00000000099999999992 0.69207958047257700507 0.12752561686564917176 0.00000000099999999992 0.00001024226988926520 0.00000000099999999992 
0.00000000099999999986 0.00000000099999999986 0.00000000099999999986 0.00000000099999999986 0.99999999300000008695 0.00000000099999999986 0.00000000099999999986 0.00000000099999999986 
0.00000000099999999988 0.00000000099999999988 0.00000000099999999988 0.99999999299999997593 0.00000000099999999988 0.00000000099999999988 0.00000000099999999988 0.00000000099999999988 
0.00000000099999999989 0.38027183820155474603 0.47377152629150837138 0.00000000099999999989 0.14595663050693702401 0.00000000099999999989 0.00000000099999999989 0.00000000099999999989 
0.14590678600718212654 0.00000000099999999995 0.00000000099999999995 0.00000000099999999995 0.00000000099999999995 0.34557626351817788413 0.10470171379392510802 0.40381523268071489730 
0.00000000099999999985 0.00000000099999999985 0.00000000099999999985 0.72273702596329336689 0.00000000099999999985 0.27726296803670663627 0.00000000099999999985 0.00000000099999999985 
0.00000000099999999995 0.00000000099999999995 0.59784622236688755859 0.05803587969881694036 0.17549659871569028846 0.00000000099999999995 0.00000000099999999995 0.16862129521860527714 
0.00000000099999999984 0.00000000099999999984 0.00000000099999999984 0.00000000099999999984 0.00000000099999999984 0.00000000099999999984 0.99999999299999997593 0.00000000099999999984 
0.00000000099999999991 0.00000000099999999991 0.00000000099999999991 0.85056197566131486187 0.00000000099999999991 0.14943801833868519680 0.00000000099999999991 0.00000000099999999991 
0.00000000099999999984 0.00000000099999999984 0.00000000099999999984 0.00000000099999999984 0.99999999300000008695 0.00000000099999999984 0.00000000099999999984 0.00000000099999999984 
0.00000000099999999990 0.00000000099999999990 0.00000000099999999990 0.99999999299999997593 0.00000000099999999990 0.00000000099999999990 0.00000000099999999990 0.00000000099999999990 
0.00000000099999999987 0.00000000099999999987 0.21192881322043682912 0.78109262821002278798 0.00000000099999999987 0.00697855356954031440 0.00000000099999999987 0.00000000099999999987 
0.00000000099999999992 0.00000000099999999992 0.00000000099999999992 0.16773211848519165024 0.00000000099999999992 0.57018597824804928553 0.00000000099999999992 0.26208189826675898360 
0.00000000099999999996 0.00000000099999999996 0.00000000099999999996 0.00000000099999999996 0.14520291398019746776 0.00000000099999999996 0.38240946585467650021 0.47238761516512606242 
0.00000000099999999994 0.00000000099999999994 0.00000000099999999994 0.85565732018629103717 0.00000000099999999994 0.00000000099999999994 0.14434267381370896599 0.00000000099999999994 
0.00000000099999999985 0.00000000099999999985 0.00000000099999999985 0.00000000099999999985 0.99999999299999997593 0.00000000099999999985 0.00000000099999999985 0.00000000099999999985 
0.00000000099999999987 0.00000000099999999987 0.00000000099999999987 0.00000000099999999987 0.99999999299999997593 0.00000000099999999987 0.00000000099999999987 0.00000000099999999987 
0.00000000099999999986 0.00000000099999999986 0.00000000099999999986 0.00000000099999999986 0.00000000099999999986 0.99999999299999997593 0.00000000099999999986 0.00000000099999999986 
0.00000000099999999998 0.00000000099999999998 0.00000634673956504776 0.00000255747253052416 0.75354033627379990445 0.00000000099999999998 0.00000000099999999998 0.24645075551410455805 
0.00000000099999999993 0.02463778955493713466 0.71340633154947330485 0.00000000099999999993 0.14316267853769107377 0.11879319635789856169 0.00000000099999999993 0.00000000099999999993 
0.00000000099999999989 0.00000000099999999989 0.46589149231278009777 0.00988990212890596826 0.52421860055831392966 0.00000000099999999989 0.00000000099999999989 0.00000000099999999989 
0.00000000099999999996 0.00000000099999999996 0.61181444674701035424 0.14876553218963592395 0.20497286884375859328 0.00000000099999999996 0.00000000099999999996 0.03444714821959506124 
0.00000000099999999993 0.00000000099999999993 0.79215917889277176478 0.15246213866795418901 0.05537867743927401415 0.00000000099999999993 0.00000000099999999993 0.00000000099999999993 
0.00000000099999999990 0.53078352975234477373 0.00000000099999999990 0.00000000099999999990 0.46921646424765539596 0.00000000099999999990 0.00000000099999999990 0.00000000099999999990 
0.00581346559739577811 0.00000000099999999998 0.02852922638578898537 0.00000000099999999998 0.00000000099999999998 0.52542928542831335292 0.00000000099999999998 0.44022801858850185708 
0.38244616970229183828 0.00000000099999999996 0.61755382429770822039 0.00000000099999999996 0.00000000099999999996 0.00000000099999999996 0.00000000099999999996 0.00000000099999999996 
0.00000000099999999989 0.00000000099999999989 0.00000000099999999989 0.99999999299999997593 0.00000000099999999989 0.00000000099999999989 0.00000000099999999989 0.00000000099999999989 
0.16283123154710826830 0.00000000100000000000 0.00000000100000000000 0.05106046296405786916 0.23393149146755010115 0.01035636901101538200 0.28941140954714927869 0.25240903346311899247 
0.00000000099999999986 0.00000000099999999986 0.00000000099999999986 0.00000000099999999986 0.00000000099999999986 0.99999999299999997593 0.00000000099999999986 0.00000000099999999986 
0.00000000099999999993 0.15228646823371475016 0.00000000099999999993 0.84771352576628522524 0.00000000099999999993 0.00000000099999999993 0.00000000099999999993 0.00000000099999999993 
0.00000000099999999991 0.00000000099999999991 0.00000000099999999991 0.99999999300000008695 0.00000000099999999991 0.00000000099999999991 0.00000000099999999991 0.00000000099999999991 
0.42501605517958646052 0.30650616440355071823 0.00000000099999999997 0.00000000099999999997 0.00000000099999999997 0.00000000099999999997 0.00000000099999999997 0.26847777541686285163 
0.00000000099999999991 0.34252113720735644087 0.61379470127417867786 0.00000000099999999991 0.04368415651846490472 0.00000000099999999991 0.00000000099999999991 0.00000000099999999991 
0.00000000099999999987 0.00000000099999999987 0.00000000099999999987 0.00000000099999999987 0.99999999299999997593 0.00000000099999999987 0.00000000099999999987 0.00000000099999999987 
0.06623731697017844200 0.00000000099999999997 0.00000000099999999997 0.04201601417755474605 0.31923532054199721397 0.00000000099999999997 0.24750682424468917198 0.32500452106558025411 
0.00000000099999999988 0.00000000099999999988 0.00000000099999999988 0.00000000099999999988 0.99999999299999997593 0.00000000099999999988 0.00000000099999999988 0.00000000099999999988 
0.00000000099999999993 0.00000000099999999993 0.22322286902820245857 0.00000000099999999993 0.00000000099999999993 0.20699290412064247358 0.34547469610722486566 0.22430952674393020430 
0.00000000099999999996 0.51166027380644041322 0.00000000099999999996 0.00000000099999999996 0.18341016495216563853 0.00000000099999999996 0.30492955624139395088 0.00000000099999999996 
0.04936849803640475792 0.00000000099999999994 0.58744411227647808094 0.00000000099999999994 0.36318738468711714296 0.00000000099999999994 0.00000000099999999994 0.00000000099999999994 
0.00000000099999999990 0.21541907928241091352 0.00000000099999999990 0.78458077344920462703 0.00000014226838447812 0.00000000099999999990 0.00000000099999999990 0.00000000099999999990 
0.00000000099999999989 0.00000000099999999989 0.41876641265740227604 0.00000000099999999989 0.58123358134259761609 0.00000000099999999989 0.00000000099999999989 0.00000000099999999989 
0.00000000099999999995 0.58250915287032922762 0.18068035445631036584 0.23681048767336049243 0.00000000099999999995 0.00000000099999999995 0.00000000099999999995 0.00000000099999999995 
0.00000000099999999997 0.00000000099999999997 0.44124475372952509655 0.00000000099999999997 0.10184276159299723852 0.45691247967747761205 0.00000000099999999997 0.00000000099999999997 
0.00000000099999999989 0.00000000099999999989 0.00000000099999999989 0.99999999299999997593 0.00000000099999999989 0.00000000099999999989 0.00000000099999999989 0.00000000099999999989 
0.00000000099999999994 0.00000000099999999994 0.00000000099999999994 0.10266855208185790560 0.73203784148222972306 0.00000000099999999994 0.16529360143591240173 0.00000000099999999994 
0.00000000099999999994 0.00000000099999999994 0.00000000099999999994 0.00000000099999999994 0.61941511430413898065 0.38058487969586102251 0.00000000099999999994 0.00000000099999999994 
0.15876189905910620404 0.26471518578995451021 0.00000000099999999996 0.00000000099999999996 0.57652248154594232243 0.00000000099999999996 0.00000042960499676221 0.00000000099999999996 
0.00000000099999999993 0.00000000099999999993 0.00000000099999999993 0.00000000099999999993 0.99999999300000008695 0.00000000099999999993 0.00000000099999999993 0.00000000099999999993 
0.00000000099999999991 0.00000499735951564343 0.17476453204064754110 0.00000000099999999991 0.82523046559983692649 0.00000000099999999991 0.00000000099999999991 0.00000000099999999991 
0.00000000099999999988 0.00000000099999999988 0.00000000099999999988 0.99999999299999997593 0.00000000099999999988 0.00000000099999999988 0.00000000099999999988 0.00000000099999999988 
0.00000000099999999996 0.00000000099999999996 0.06906243700004467689 0.27203503115988092453 0.07522508379084695551 0.58367744404922750068 0.00000000099999999996 0.00000000099999999996 
0.00000000099999999991 0.00000000099999999991 0.00000000099999999991 0.00000000099999999991 0.99999999299999997593 0.00000000099999999991 0.00000000099999999991 0.00000000099999999991 
0.00000000099999999996 0.66108980504530123756 0.00000000099999999996 0.00000000099999999996 0.33891018895469876560 0.00000000099999999996 0.00000000099999999996 0.00000000099999999996 
0.00355508640609304878 0.00000000099999999996 0.00000000099999999996 0.00000000099999999996 0.11950225350835262661 0.00000000099999999996 0.87694265508555424571 0.00000000099999999996 
0.00000000099999999995 0.00000000099999999995 0.00000000099999999995 0.13744409609373603454 0.00000000099999999995 0.00000000099999999995 0.32154284011184858239 0.54101305879441541347 
0.28944529384225442525 0.00000000099999999992 0.00000000099999999992 0.00000000099999999992 0.00000000099999999992 0.00000000099999999992 0.00000000529746859440 0.71055469586027686368 
0.00000000099999999987 0.00000000099999999987 0.00000000099999999987 0.00000000099999999987 0.99999999300000008695 0.00000000099999999987 0.00000000099999999987 0.00000000099999999987 
0.00000000099999999985 0.00000000099999999985 0.00000000099999999985 0.99999999299999997593 0.00000000099999999985 0.00000000099999999985 0.00000000099999999985 0.00000000099999999985 
0.00041852255448432391 0.00000000099999999994 0.00000000099999999994 0.00000000099999999994 0.00000000099999999994 0.00000000099999999994 0.24117487497784373396 0.75840659746767191685 
0.00000000099999999986 0.00000000099999999986 0.31121804694438692795 0.68878194705561301969 0.00000000099999999986 0.00000000099999999986 0.00000000099999999986 0.00000000099999999986 
0.00000000099999999984 0.00000000099999999984 0.00000000099999999984 0.00000000099999999984 0.93750027032164939822 0.00000000099999999984 0.06249972367835063269 0.00000000099999999984 
0.00000000099999999994 0.00000000099999999994 0.00000000099999999994 0.00000000099999999994 0.00000000099999999994 0.97923629405450740570 0.02076369994549258358 0.00000000099999999994 
0.00000000099999999995 0.50320716623626238206 0.22389768805886384184 0.00000000099999999995 0.00000000099999999995 0.00000000099999999995 0.00000000099999999995 0.27289514070487391750 
0.00000000099999999994 0.00000000099999999994 0.00000000099999999994 0.45577155149964482250 0.00000000099999999994 0.00000000099999999994 0.00000000099999999994 0.54422844250035495861 
0.00000000099999999988 0.00000000099999999988 0.00000000099999999988 0.00000000099999999988 0.99999999299999997593 0.00000000099999999988 0.00000000099999999988 0.00000000099999999988 
0.00000000099999999997 0.00000000099999999997 0.00000000099999999997 0.00000000099999999997 0.74479543181859331202 0.00000000099999999997 0.25520456218140658011 0.00000000099999999997 
0.00000000099999999995 0.00000000099999999995 0.00000000099999999995 0.00000000099999999995 0.00000000099999999995 0.99999999300000008695 0.00000000099999999995 0.00000000099999999995 
0.00000000099999999997 0.00000000099999999997 0.00000000099999999997 0.00000000099999999997 0.56565032714057661423 0.36098179728805673827 0.00000000099999999997 0.07336787057136676116 
0.00000000099999999990 0.00000000099999999990 0.00000000099999999990 0.99999999299999997593 0.00000000099999999990 0.00000000099999999990 0.00000000099999999990 0.00000000099999999990 
0.00000000099999999992 0.00000000099999999992 0.00000000099999999992 0.99999999299999997593 0.00000000099999999992 0.00000000099999999992 0.00000000099999999992 0.00000000099999999992 
0.00000000099999999992 0.00000000099999999992 0.00000000099999999992 0.99999999300000008695 0.00000000099999999992 0.00000000099999999992 0.00000000099999999992 0.00000000099999999992 
0.14968323027589358620 0.00000000099999999996 0.00000000099999999996 0.29270632696102694137 0.55761043776307950282 0.00000000099999999996 0.00000000099999999996 0.00000000099999999996 
0.00000000099999999994 0.00000000099999999994 0.00000000099999999994 0.00000000099999999994 0.00000000099999999994 0.99999999299999997593 0.00000000099999999994 0.00000000099999999994 
0.00000000099999999996 0.00000000099999999996 0.77256892567577484243 0.00000000099999999996 0.00000000099999999996 0.00000000099999999996 0.00000000099999999996 0.22743106832422510521 
0.00000000099999999997 0.21638131533609833435 0.00000000099999999997 0.77882513165380384823 0.00000000099999999997 0.00000000099999999997 0.00000000099999999997 0.00479354801009791200 
0.00000000099999999993 0.00000000099999999993 0.41011130157745467884 0.00000000099999999993 0.58988869242254537983 0.00000000099999999993 0.00000000099999999993 0.00000000099999999993 
0.00000000099999999993 0.00000000099999999993 0.00000000099999999993 0.99999999299999997593 0.00000000099999999993 0.00000000099999999993 0.00000000099999999993 0.00000000099999999993 
0.00000000099999999993 0.00000000099999999993 0.00000000099999999993 0.86879120443650648120 0.00000000099999999993 0.00000000099999999993 0.13120878956349343869 0.00000000099999999993 
0.14013716130978448593 0.00000000099999999997 0.00000000099999999997 0.00000000099999999997 0.00000000099999999997 0.00000000099999999997 0.00000000099999999997 0.85986283269021557274 
0.00000000099999999991 0.00000000099999999991 0.00000000099999999991 0.99999999299999997593 0.00000000099999999991 0.00000000099999999991 0.00000000099999999991 0.00000000099999999991 
0.00000000099999999994 0.00000000099999999994 0.00000000099999999994 0.00000000099999999994 0.00000000099999999994 0.00000000099999999994 0.12609695353093153258 0.87390304046906852609 
0.00000000099999999996 0.00000023652545498462 0.13440500542002264961 0.86559475305452249216 0.00000000099999999996 0.00000000099999999996 0.00000000099999999996 0.00000000099999999996 
0.69648932410323849407 0.00000000099999999996 0.00000000099999999996 0.00000000099999999996 0.00000000099999999996 0.00000000099999999996 0.00000000099999999996 0.30351066989676173113 
