0.00000000099999999957 0.00000000099999999957 0.00000000099999999957 0.99999999499999991937 0.00000000099999999957 0.00000000099999999957 
0.00000000099999999978 0.40862918699129502365 0.00000000099999999978 0.00000000099999999978 0.00000000099999999978 0.59137080900870486744 
0.00000000099999999953 0.99999999500000014141 0.00000000099999999953 0.00000000099999999953 0.00000000099999999953 0.00000000099999999953 
0.00000000099999999971 0.30888300609877522573 0.09778627371614945218 0.00000000099999999971 0.00000000099999999971 0.59333071718507524039 
0.00000000099999999980 0.42776389185600827147 0.00000000099999999980 0.00000000099999999980 0.00000000099999999980 0.57223610414399161961 
0.53689312819202328342 0.00093322475646588578 0.00000000099999999989 0.00000000099999999989 0.46217364405151090123 0.00000000099999999989 
0.02993033551676813411 0.04127517231608130582 0.00000000099999999994 0.00000000099999999994 0.92879448916715057205 0.00000000099999999994 
0.00000000099999999979 0.00000000099999999979 0.82786061747104389141 0.00000000099999999979 0.00000000099999999979 0.17213937852895616620 
0.00000000099999999969 0.99999999500000003039 0.00000000099999999969 0.00000000099999999969 0.00000000099999999969 0.00000000099999999969 
0.99999999500000014141 0.00000000099999999963 0.00000000099999999963 0.00000000099999999963 0.00000000099999999963 0.00000000099999999963 
0.00000000099999999975 0.53718173568419280706 0.00000000099999999975 0.00000000099999999975 0.00000000099999999975 0.46281826031580741709 
0.00000000099999999978 0.31988223001106208532 0.14847399787609866229 0.00000000099999999978 0.00000000099999999978 0.53164376911283905969 
0.00000000099999999976 0.36908192245267423814 0.08736876723296449487 0.00000000099999999976 0.00000000099999999976 0.54354930731436135183 
0.48893752408012736144 0.00000000099999999997 0.00077098918837409500 0.00000000099999999997 0.42387715796736080698 0.08641432676413782210 
0.00000000099999999975 0.46955511602726807130 0.53044487997273204183 0.00000000099999999975 0.00000000099999999975 0.00000000099999999975 
0.10993674894953238408 0.00000000099999999980 0.00000000099999999980 0.00000000099999999980 0.89006324705046746537 0.00000000099999999980 
0.00000000099999999986 0.35158704431705672944 0.12979199229001892046 0.00005152408268371991 0.00000000099999999986 0.51856943731024052191 
0.00000000099999999974 0.55272493172063297262 0.00000000099999999974 0.00000000099999999974 0.00000000099999999974 0.44727506427936708500 
0.00000000099999999993 0.00000000099999999993 0.06188461359713390286 0.00000000099999999993 0.93811538240286607149 0.00000000099999999993 
0.00000000099999999978 0.40041464187394615326 0.20259555123976075164 0.00000000099999999978 0.00000000099999999978 0.39698980388629312444 
0.00000000099999999980 0.47920111926304298500 0.00000000099999999980 0.00000000099999999980 0.00000000099999999980 0.52079887673695690609 
0.00000000099999999985 0.92920559070344754815 0.00839463848954787907 0.00000000099999999985 0.00000000099999999985 0.06239976780700464548 
0.23619309319977135897 0.00000000099999999985 0.00000000099999999985 0.00000000099999999985 0.76380690280022855987 0.00000000099999999985 
0.08593063555646117402 0.00000000099999999992 0.00000000099999999992 0.00000000099999999992 0.87942139543682384950 0.03464796600671508908 
0.00000000099999999993 0.66967841794818261381 0.00000000099999999993 0.09138920533399834401 0.00000000099999999993 0.23893237371781914091 
0.94307563088865875578 0.00000000099999999983 0.05692436511134132959 0.00000000099999999983 0.00000000099999999983 0.00000000099999999983 
0.00000000099999999981 0.57882735474206459259 0.13565726780179590549 0.00000000099999999981 0.00000000099999999981 0.28551537445613950350 
0.15382594183575060143 0.00000000099999999992 0.00000000099999999992 0.00000000099999999992 0.84617405416424928966 0.00000000099999999992 
0.00000000099999999989 0.37608657523708727277 0.08494398191227738038 0.00756431268664487649 0.00000000099999999989 0.53140512816399032570 
0.00000000099999999980 0.55271585197790196187 0.00000000099999999980 0.00000000099999999980 0.00000000099999999980 0.44728414402209804024 
0.00000000099999999982 0.00000000099999999982 0.00000000099999999982 0.82149562299500700213 0.00000000099999999982 0.17850437300499308324 
0.90725988591096984326 0.00000000099999999989 0.09274011008903020048 0.00000000099999999989 0.00000000099999999989 0.00000000099999999989 
0.16637807716994440499 0.00000000099999999997 0.16758274353918792277 0.00000000099999999997 0.65606804099966375965 0.00997113629120385467 
0.99999999500000003039 0.00000000099999999979 0.00000000099999999979 0.00000000099999999979 0.00000000099999999979 0.00000000099999999979 
0.00000000099999999994 0.00000000099999999994 0.13101579820222694628 0.00000000099999999994 0.86898419779777313909 0.00000000099999999994 
0.99999999500000014141 0.00000000099999999973 0.00000000099999999973 0.00000000099999999973 0.00000000099999999973 0.00000000099999999973 
0.62302172340979899978 0.03345101942241816839 0.01527408954138701098 0.00000000099999999999 0.24204103373796220788 0.08621213288843374012 
0.00000000099999999993 0.00000000099999999993 0.25506188945355973141 0.00000000099999999993 0.00000000099999999993 0.74493810654644021518 
0.07580207992342290202 0.00000000099999999998 0.07692287854169159445 0.05016042723114838564 0.79711461230373703568 0.00000000099999999998 
0.00000000099999999991 0.40257236237036048143 0.59742763362963957618 0.00000000099999999991 0.00000000099999999991 0.00000000099999999991 
0.00000000099999999985 0.53370080913224027253 0.02131022803073084199 0.00000000099999999985 0.00000000099999999985 0.44498895983702901891 
0.00000000099999999983 0.38009583129185786632 0.00000000099999999983 0.00000000099999999983 0.00000000099999999983 0.61990416470814202476 
0.00000000099999999994 0.46988658151241208261 0.32167728470540907226 0.00000000099999999994 0.00000000099999999994 0.20843613078217890222 
0.77446869908477589117 0.22553129691522411093 0.00000000099999999995 0.00000000099999999995 0.00000000099999999995 0.00000000099999999995 
0.77735370236013900946 0.00000000099999999996 0.00000890560417177512 0.00000000099999999996 0.11733522842477199510 0.10530216161091728033 
0.00000000099999999989 0.85327410423011840201 0.00000000099999999989 0.00000000099999999989 0.00000000099999999989 0.14672589176988176662 
0.00000000099999999995 0.00000000099999999995 0.03497470464848828620 0.05652447235954807109 0.90850081999196352633 0.00000000099999999995 
0.76279389970185851322 0.00000000099999999992 0.00000000099999999992 0.00000000099999999992 0.23720609629814154440 0.00000000099999999992 
0.00000000099999999996 0.00000000099999999996 0.00000000099999999996 0.07741411021954835991 0.92258588578045164219 0.00000000099999999996 
0.42114096055434419030 0.00000138189739739097 0.00000000099999999997 0.00000000099999999997 0.50953632514406110854 0.06932133040419728720 
0.00000000099999999983 0.81067216851447332360 0.00000000099999999983 0.00000000099999999983 0.00000000099999999983 0.18932782748552673402 
0.00000000099999999986 0.10160288523086105639 0.35161096898955646051 0.00000000099999999986 0.00000000099999999986 0.54678614277958237366 
0.92330111150663263242 0.00000000099999999989 0.07669888449336746683 0.00000000099999999989 0.00000000099999999989 0.00000000099999999989 
0.00000000099999999989 0.00000000099999999989 0.00000000099999999989 0.99999999499999991937 0.00000000099999999989 0.00000000099999999989 
0.00000000099999999988 0.00000000099999999988 0.00000000099999999988 0.00000000099999999988 0.99999999500000003039 0.00000000099999999988 
0.00000000099999999991 0.00000000099999999991 0.00000000099999999991 0.99999999499999991937 0.00000000099999999991 0.00000000099999999991 
0.99999999500000003039 0.00000000099999999984 0.00000000099999999984 0.00000000099999999984 0.00000000099999999984 0.00000000099999999984 
0.49352452040490180085 0.00000000099999999996 0.00000000099999999996 0.00000000099999999996 0.35649780313469170423 0.14997767346040641323 
0.00000000099999999991 0.34477588522213997724 0.30122169186498171101 0.00000000099999999991 0.00000000099999999991 0.35400241991287817456 
0.91624215791853058644 0.00000000099999999985 0.00000000099999999985 0.00000000099999999985 0.00000000099999999985 0.08375783808146952669 
0.99999999500000014141 0.00000000099999999971 0.00000000099999999971 0.00000000099999999971 0.00000000099999999971 0.00000000099999999971 
0.00000000099999999987 0.43756629958762360832 0.13423259861270958604 0.00000000099999999987 0.00000000099999999987 0.42820109879966677946 
0.39544949230648634986 0.00000000099999999999 0.00000000099999999999 0.05044697023923946227 0.51519613606860559241 0.03890739938566863121 
0.18664847689326502511 0.00000000099999999992 0.00000000099999999992 0.00000000099999999992 0.81335151910673497699 0.00000000099999999992 
0.85693538960935855542 0.00000000099999999992 0.00000000099999999992 0.14306460639064158546 0.00000000099999999992 0.00000000099999999992 
0.00000000099999999991 0.28575194201654730008 0.32647966182379556388 0.00000000099999999991 0.00000000099999999991 0.38776839315965710986 
0.00000000099999999991 0.00000000099999999991 0.00000000099999999991 0.99999999500000003039 0.00000000099999999991 0.00000000099999999991 
0.00000000099999999979 0.00000000099999999979 0.00000000099999999979 0.99999999499999991937 0.00000000099999999979 0.00000000099999999979 
0.99999999500000014141 0.00000000099999999986 0.00000000099999999986 0.00000000099999999986 0.00000000099999999986 0.00000000099999999986 
0.99999999500000003039 0.00000000099999999989 0.00000000099999999989 0.00000000099999999989 0.00000000099999999989 0.00000000099999999989 
0.00000000099999999992 0.35503887479722950893 0.12528465333643654112 0.00000000099999999992 0.00000000099999999992 0.51967646886633367398 
0.00000000099999999997 0.60877637724467426050 0.07319600775916025592 0.11982840332002167583 0.00000000099999999997 0.19819920967614371166 
0.00000000099999999994 0.62902979537466063853 0.29632082801525794213 0.00000000099999999994 0.06995972713415872513 0.00468964747592269266 
0.89023097101986270463 0.00000000099999999992 0.10976902498013731135 0.00000000099999999992 0.00000000099999999992 0.00000000099999999992 
0.78524435745687148902 0.00000000099999999994 0.00000000099999999994 0.00000000099999999994 0.15295315528038225250 0.06180248426274628087 
0.99999999500000014141 0.00000000099999999975 0.00000000099999999975 0.00000000099999999975 0.00000000099999999975 0.00000000099999999975 
0.00000000099999999997 0.09665777732315782023 0.16803916866782617201 0.00000000099999999997 0.00000000099999999997 0.73530305100901582893 
0.00000000099999999978 0.00000000099999999978 0.00000000099999999978 0.99999999500000003039 0.00000000099999999978 0.00000000099999999978 
0.99999999500000003039 0.00000000099999999976 0.00000000099999999976 0.00000000099999999976 0.00000000099999999976 0.00000000099999999976 
0.00000000099999999994 0.11643801583198634675 0.23954259328376611982 0.00000000099999999994 0.00000000099999999994 0.64401938788424761828 
0.00000000099999999984 0.00000000099999999984 0.00000000099999999984 0.99999999500000003039 0.00000000099999999984 0.00000000099999999984 
0.00000000099999999991 0.00000000099999999991 0.00000000099999999991 0.00000000099999999991 0.99999999499999991937 0.00000000099999999991 
0.19059045666131854690 0.20543101028783508633 0.00000000099999999994 0.00000000099999999994 0.60397853005084622957 0.00000000099999999994 
0.76224094573823097942 0.00000000099999999986 0.23775905026176907819 0.00000000099999999986 0.00000000099999999986 0.00000000099999999986 
0.80774506889121133746 0.01497753717005805355 0.00000000099999999991 0.00000000099999999991 0.17727739093873062792 0.00000000099999999991 
0.00000000099999999994 0.00000000099999999994 0.05503178663566116180 0.00000000099999999994 0.94496820936433889582 0.00000000099999999994 
0.09165392811543905671 0.38158726789675323499 0.29651588859993632807 0.00000000099999999995 0.00000000099999999995 0.23024291338787150618 
0.00000000099999999996 0.00000000099999999996 0.00000000099999999996 0.00000000099999999996 0.95609421669952932010 0.04390577930047064731 
0.99999999500000003039 0.00000000099999999986 0.00000000099999999986 0.00000000099999999986 0.00000000099999999986 0.00000000099999999986 
0.00000000099999999989 0.68235966439412010232 0.00000000099999999989 0.00000000099999999989 0.00000000099999999989 0.31764033160588006632 
0.24810816735705443214 0.00000000099999999996 0.00000000099999999996 0.00000000099999999996 0.75189182864294545894 0.00000000099999999996 
0.26265901199469587901 0.01342770182695026196 0.00000000099999999995 0.00000000099999999995 0.72391328317835368367 0.00000000099999999995 
0.00000000099999999988 0.00000000099999999988 0.00000000099999999988 0.82329750781705102192 0.00000000099999999988 0.17670248818294898019 
0.00000000099999999972 0.00000000099999999972 0.00000000099999999972 0.99999999500000003039 0.00000000099999999972 0.00000000099999999972 
0.00000000099999999998 0.16403926867542065193 0.00000000099999999998 0.08979217635845226919 0.74616855196612696943 0.00000000099999999998 
0.00000000099999999990 0.09390136491572141642 0.00000000099999999990 0.00000000099999999990 0.00000000099999999990 0.90609863108427868283 
0.28965212998572908987 0.00000000099999999998 0.01727720763554975447 0.00000000099999999998 0.54339628519471316892 0.14967437518400789065 
0.50298723296318148535 0.00000000099999999996 0.00000000099999999996 0.00000000099999999996 0.25778715480331387822 0.23922560923350474904 
0.00000000099999999997 0.28028866092751925088 0.16985226711384193710 0.00000000099999999997 0.54985906895863856381 0.00000000099999999997 
0.00000000099999999994 0.00000000099999999994 0.73713927881461782654 0.26286071718538217556 0.00000000099999999994 0.00000000099999999994 
0.00000000099999999989 0.00000000099999999989 0.99999999499999991937 0.00000000099999999989 0.00000000099999999989 0.00000000099999999989 
0.00000000099999999997 0.76072642031672133012 0.00000000099999999997 0.02483837973653787307 0.00000000099999999997 0.21443519694674095799 
0.28963601550108691862 0.00000000099999999995 0.00000000099999999995 0.11227646411304816054 0.59808751738586474200 0.00000000099999999995 
0.00000000099999999997 0.00000000099999999997 0.22552274393192489610 0.21945864799177103310 0.08030960115407510813 0.47470900492222889433 
0.00522494984026503160 0.86085210996640215697 0.00000000099999999996 0.00000000099999999996 0.13392293719333275837 0.00000000099999999996 
0.00000000099999999986 0.56882256065334846351 0.43117743534665164962 0.00000000099999999986 0.00000000099999999986 0.00000000099999999986 
0.00000000099999999983 0.00000000099999999983 0.99999999499999991937 0.00000000099999999983 0.00000000099999999983 0.00000000099999999983 
0.00000000099999999991 0.00000000099999999991 0.00000000099999999991 0.00000000099999999991 0.00000000099999999991 0.99999999500000003039 
0.72376823662650602298 0.06992774051598282803 0.00000000099999999997 0.00000000099999999997 0.20630401985751112282 0.00000000099999999997 
0.00000000099999999990 0.37058349085275360535 0.07675547871209997819 0.02624620009602340182 0.00000000099999999990 0.52641482833912289774 
0.00000000099999999995 0.68470192730390844194 0.19095524856817500114 0.00000000099999999995 0.00000000099999999995 0.12434282112791665564 
0.19865561063269415731 0.00000000099999999995 0.00000000099999999995 0.00000000099999999995 0.80134438536730590030 0.00000000099999999995 
0.00000000183677151001 0.19365453855826494922 0.12264714097493459311 0.00000000099999999997 0.68369831663002889055 0.00000000099999999997 
0.26090892594342596222 0.04565442954828202032 0.30434825654973551856 0.05482606638432449553 0.33426232057423183042 0.00000000099999999999 
0.30788833601175985555 0.00000000099999999996 0.11082713762118547030 0.00000000099999999996 0.50591339791876743792 0.07537112644828733443 
0.00000000099999999998 0.25695721273791194417 0.67378891474489011060 0.00000000099999999998 0.00000000099999999998 0.06925386951719787743 
0.00000000099999999991 0.00000000099999999991 0.91064711877559878506 0.08935287722440118929 0.00000000099999999991 0.00000000099999999991 
0.00000000099999999991 0.00000000099999999991 0.34945636085491837974 0.00000000099999999991 0.65054363514508162236 0.00000000099999999991 
0.00000000099999999995 0.86291864116877747826 0.00000000099999999995 0.13708135483122255160 0.00000000099999999995 0.00000000099999999995 
0.00000000099999999993 0.27155955273767840019 0.63848749917015890087 0.08995294509216265888 0.00000000099999999993 0.00000000099999999993 
0.02766490907957371015 0.71189509488022373329 0.00000000099999999996 0.00000000099999999996 0.00000000099999999996 0.26043999304020271079 
0.13007161065201741645 0.56880963742196433142 0.30111874892601830922 0.00000000099999999997 0.00000000099999999997 0.00000000099999999997 
0.00000000099999999986 0.00000000099999999986 0.99999999499999991937 0.00000000099999999986 0.00000000099999999986 0.00000000099999999986 
0.51495333966322176522 0.00000000099999999995 0.21433990426276525176 0.00000000099999999995 0.27070675307401287357 0.00000000099999999995 
0.21238807930530537171 0.02343232878584070727 0.00000000099999999998 0.00000000099999999998 0.69318945708236745507 0.07099013282648640455 
0.00000000099999999993 0.52241514246822629008 0.30583096701491879754 0.00000000099999999993 0.00000000099999999993 0.17175388751685488620 
0.00000000099999999990 0.00000000099999999990 0.00000000099999999990 0.00000000099999999990 0.99999999499999991937 0.00000000099999999990 
0.00000000099999999983 0.00000000099999999983 0.00000000099999999983 0.99999999500000003039 0.00000000099999999983 0.00000000099999999983 
0.00000000099999999987 0.00000000099999999987 0.00000000099999999987 0.00000000099999999987 0.00000000099999999987 0.99999999500000003039 
0.00000000099999999991 0.21998382497385426948 0.00000000099999999991 0.78001617102614573263 0.00000000099999999991 0.00000000099999999991 
0.00000000099999999993 0.09837834239372771072 0.15700208258600897859 0.00000000099999999993 0.00000000099999999993 0.74461957202026329838 
0.99999999500000014141 0.00000000099999999986 0.00000000099999999986 0.00000000099999999986 0.00000000099999999986 0.00000000099999999986 
0.00000000099999999998 0.00000000099999999998 0.12215498591070302059 0.70524367284348643548 0.00000000099999999998 0.17260133824581061490 
0.00000000099999999993 0.08724927520556322036 0.29441382230948281995 0.61833689948495385025 0.00000000099999999993 0.00000000099999999993 
0.00000000099999999993 0.00000000099999999993 0.99999999500000003039 0.00000000099999999993 0.00000000099999999993 0.00000000099999999993 
0.00000000099999999992 0.00000000099999999992 0.00000000099999999992 0.99999999500000003039 0.00000000099999999992 0.00000000099999999992 
0.00000000099999999994 0.57125392563383126099 0.09799919993399583418 0.00000000099999999994 0.00000000099999999994 0.33074687143217307295 
0.24733969317747306338 0.00000000099999999995 0.00000000099999999995 0.00000000099999999995 0.75266030282252682770 0.00000000099999999995 
0.00000000099999999990 0.00000000099999999990 0.00000000099999999990 0.71666067996634541526 0.00000000099999999990 0.28333931603365458685 
0.00000000099999999998 0.22495381706961653512 0.30796718599270067607 0.07368476599510731528 0.12194901907129357399 0.27144521087128209436 
0.96020553819107945515 0.00000000099999999991 0.00000000099999999991 0.03979445780892045675 0.00000000099999999991 0.00000000099999999991 
0.00000000099999999995 0.00000000099999999995 0.00000000099999999995 0.81228947593933586990 0.18771052006066410445 0.00000000099999999995 
0.00000000099999999987 0.00000000099999999987 0.99999999499999991937 0.00000000099999999987 0.00000000099999999987 0.00000000099999999987 
0.00000000099999999993 0.00000000099999999993 0.00000000099999999993 0.99999999499999991937 0.00000000099999999993 0.00000000099999999993 
0.00000000099999999992 0.00000000099999999992 0.00000000099999999992 0.78729434881343707264 0.00000000099999999992 0.21270564718656292946 
0.00000000099999999993 0.00000000099999999993 0.00000000099999999993 0.15505247236570637859 0.84494752363429359576 0.00000000099999999993 
0.54000679708199872398 0.00000000099999999998 0.14657187795874662695 0.00000000099999999998 0.31342132195925470617 0.00000000099999999998 
0.00072933587492762504 0.00000000099999999995 0.00000000099999999995 0.99927066012507237414 0.00000000099999999995 0.00000000099999999995 
0.00000000099999999991 0.00000000099999999991 0.99999999500000003039 0.00000000099999999991 0.00000000099999999991 0.00000000099999999991 
0.00000000099999999991 0.00000000099999999991 0.99999999499999991937 0.00000000099999999991 0.00000000099999999991 0.00000000099999999991 
0.00000000099999999994 0.00000000099999999994 0.13018016978717611432 0.00000000099999999994 0.86981982621282383228 0.00000000099999999994 
0.00000000099999999998 0.00000000099999999998 0.89135110378861059921 0.00000000099999999998 0.10864889221138925024 0.00000000099999999998 
0.00000000099999999995 0.00000000099999999995 0.00000000099999999995 0.00000000099999999995 0.00000000099999999995 0.99999999499999991937 
0.00000000099999999994 0.00000000099999999994 0.54092560337069450771 0.00000000099999999994 0.00000000099999999994 0.45907439262930549440 
0.00000000099999999998 0.18218209176780225667 0.13706928277369642699 0.27236769631166857231 0.00000000099999999998 0.40838092714683288387 
0.00000000099999999996 0.00000000099999999996 0.37977733873979119261 0.01848407314713980745 0.00000000099999999996 0.60173858511306910213 
0.00000000099999999994 0.39516368408022345404 0.60483631191977660357 0.00000000099999999994 0.00000000099999999994 0.00000000099999999994 
0.00000000099999999997 0.00000000099999999997 0.00000000099999999997 0.00000000099999999997 0.85510772167470228133 0.14489227432529774853 
0.10086870271700530688 0.00000000099999999996 0.00000000099999999996 0.00000000099999999996 0.00000000099999999996 0.89913129328299468135 
0.00000000099999999992 0.00000000099999999992 0.00000000099999999992 0.99999999499999991937 0.00000000099999999992 0.00000000099999999992 
0.24585340800996408062 0.00000000099999999998 0.41292113086862847204 0.00000000099999999998 0.34122545812140742116 0.00000000099999999998 
0.05506803079262868189 0.03708627406799343273 0.00000000099999999996 0.00000000099999999996 0.90784569213937793553 0.00000000099999999996 
0.00000000099999999996 0.00016161311090163115 0.00000000099999999996 0.77339951922789940131 0.00000000099999999996 0.22643886466119908518 
0.00000000099999999993 0.00000000099999999993 0.00000000099999999993 0.99999999500000003039 0.00000000099999999993 0.00000000099999999993 
0.29810074597101343663 0.41864790976760829500 0.00000000099999999997 0.00000000099999999997 0.28325134126137813118 0.00000000099999999997 
0.00000000099999999994 0.64995322493501628269 0.34996375040036142856 0.00000000099999999994 0.00000000099999999994 0.00008302166462244473 
0.00000000099999999990 0.00000000099999999990 0.99999999500000003039 0.00000000099999999990 0.00000000099999999990 0.00000000099999999990 
0.27901976388408639140 0.00000000099999999996 0.46957476510606011022 0.05235303528359821351 0.19905243372625530673 0.00000000099999999996 
0.00000000099999999995 0.37862797541617193575 0.62137202058382801084 0.00000000099999999995 0.00000000099999999995 0.00000000099999999995 
0.42489189133219285033 0.00000000099999999994 0.00000000099999999994 0.00000000099999999994 0.32001418230796579989 0.25509392335984121258 
0.20902398228877977493 0.32018414760944169384 0.47079186710177844954 0.00000000099999999998 0.00000000099999999998 0.00000000099999999998 
0.00000000099999999993 0.00000000099999999993 0.00000000099999999993 0.00000000099999999993 0.00000000099999999993 0.99999999500000003039 
0.00000000099999999993 0.00000000099999999993 0.27443793335261401634 0.72556206264738609679 0.00000000099999999993 0.00000000099999999993 
0.00000000099999999991 0.00000000099999999991 0.00000000229151240973 0.00000000099999999991 0.00000000099999999991 0.99999999370848768887 
0.00000000099999999997 0.47845145654765131038 0.00000000099999999997 0.12986307077718114988 0.00000000099999999997 0.39168546967516754131 
0.14467694130223951454 0.00000000099999999999 0.00000093851710629113 0.00004513910161969153 0.10101148721984444523 0.75426549285918997878 
0.00000000099999999992 0.00000000099999999992 0.00000000099999999992 0.99999999500000003039 0.00000000099999999992 0.00000000099999999992 
0.00000000099999999996 0.00000000099999999996 0.88452045685015845411 0.11547953914984142310 0.00000000099999999996 0.00000000099999999996 
0.00000000774768962519 0.00000000099999999997 0.55137192601102746892 0.00000000099999999997 0.00000000099999999997 0.44862806324128307045 
0.18077154231453790301 0.31035711275329641579 0.50887134193216565503 0.00000000099999999996 0.00000000099999999996 0.00000000099999999996 
0.00000000099999999997 0.00000000099999999997 0.00000000099999999997 0.00000000099999999997 0.00000000099999999997 0.99999999500000003039 
0.00000000099999999994 0.00000000099999999994 0.83422864816265718257 0.00000000099999999994 0.00000000099999999994 0.16577134783734293055 
0.00000000099999999991 0.00000000099999999991 0.00000000099999999991 0.99999999499999991937 0.00000000099999999991 0.00000000099999999991 
0.06309496766700546655 0.00000000099999999997 0.00000000099999999997 0.11021122005102940156 0.19091163412633144203 0.63578217615563381582 
0.00000000099999999994 0.00000000099999999994 0.99999999500000003039 0.00000000099999999994 0.00000000099999999994 0.00000000099999999994 
0.00000000099999999998 0.65955447476410344887 0.34044552123589660875 0.00000000099999999998 0.00000000099999999998 0.00000000099999999998 
0.91143188986546808117 0.00000000099999999996 0.08856810613453203196 0.00000000099999999996 0.00000000099999999996 0.00000000099999999996 
0.52812413347825670762 0.00000000099999999997 0.00000000099999999997 0.31612440590998597267 0.15575145761175734904 0.00000000099999999997 
0.34516260893550726463 0.00000000099999999995 0.00000000099999999995 0.00000000099999999995 0.65483738706449257094 0.00000000099999999995 
0.00000000099999999988 0.00000000099999999988 0.99999999500000003039 0.00000000099999999988 0.00000000099999999988 0.00000000099999999988 
0.00000000099999999990 0.00000000099999999990 0.00000000099999999990 0.99999999500000003039 0.00000000099999999990 0.00000000099999999990 
0.39689293660833768751 0.00000000099999999996 0.09930113340154669843 0.00000000099999999996 0.50380592699011561564 0.00000000099999999996 
0.00000000099999999990 0.00000000099999999990 0.00000000099999999990 0.64321276432056773142 0.00000000099999999990 0.35678723167943232619 
0.00000000099999999988 0.00000000099999999988 0.99999999499999991937 0.00000000099999999988 0.00000000099999999988 0.00000000099999999988 
0.16306754497021819228 0.04507022087658495157 0.00000000099999999999 0.00000000099999999999 0.79186223115319687160 0.00000000099999999999 
0.01762402553915248110 0.96498127426311952615 0.01739469719772810535 0.00000000099999999998 0.00000000099999999998 0.00000000099999999998 
0.00000000099999999997 0.00000000099999999997 0.00000000099999999997 0.44468636069029887636 0.55531363530970090370 0.00000000099999999997 
0.00000000099999999996 0.36957604759282786100 0.57220195006166918450 0.05822199934550300465 0.00000000099999999996 0.00000000099999999996 
0.20865546292974812559 0.00000000099999999998 0.79134453307025187652 0.00000000099999999998 0.00000000099999999998 0.00000000099999999998 
0.00000000099999999998 0.00000000099999999998 0.00000000099999999998 0.00000000099999999998 0.61128843624975448545 0.38871155975024557216 
0.00000000099999999997 0.00000000099999999997 0.74158072721546763884 0.00000000099999999997 0.25841926878453230776 0.00000000099999999997 
0.00000000099999999992 0.00000000099999999992 0.00000000099999999992 0.99999999500000003039 0.00000000099999999992 0.00000000099999999992 
0.00000000099999999995 0.00000000099999999995 0.00000000099999999995 0.99999999499999991937 0.00000000099999999995 0.00000000099999999995 
0.00000000099999999994 0.00000000099999999994 0.00000000099999999994 0.99999999499999991937 0.00000000099999999994 0.00000000099999999994 
0.00000000099999999997 0.00000000099999999997 0.72186863122826616657 0.27813136477173389105 0.00000000099999999997 0.00000000099999999997 
0.12887072527930787391 0.00000000099999999996 0.00000000099999999996 0.00000000099999999996 0.66573047028806309200 0.20539880143262889689 
0.00000000099999999999 0.00000000099999999999 0.15962292255299823096 0.00000000099999999999 0.22890249049027969197 0.61147458395672205089 
0.00000000099999999997 0.23359533743422844498 0.00000000099999999997 0.76640293496519773520 0.00000172460057376094 0.00000000099999999997 
0.00000000099999999998 0.00000000099999999998 0.00000001087805347107 0.00000000099999999998 0.00000000099999999998 0.99999998512194643308 
0.00000000099999999995 0.00000000099999999995 0.00000000099999999995 0.99999999499999991937 0.00000000099999999995 0.00000000099999999995 
0.14715992932705679319 0.00000000099999999996 0.00000000099999999996 0.85284006667294331994 0.00000000099999999996 0.00000000099999999996 
0.00000000099999999997 0.00000000099999999997 0.00000000099999999997 0.00000000099999999997 0.99999999499999991937 0.00000000099999999997 
0.00000000099999999994 0.00000000099999999994 0.00000000099999999994 0.99999999499999991937 0.00000000099999999994 0.00000000099999999994 
0.18657778179197523349 0.00000000099999999998 0.00000000099999999998 0.08722609054437534259 0.72619612466364935610 0.00000000099999999998 
0.00000000099999999997 0.00000000099999999997 0.00000000099999999997 0.83580990414655076393 0.00000000099999999997 0.16419009185344926594 
0.73166325372789275949 0.00000000099999999997 0.00000000099999999997 0.00000000099999999997 0.26833674227210735364 0.00000000099999999997 
0.00000000099999999995 0.00000000099999999995 0.00000000099999999995 0.99999999499999991937 0.00000000099999999995 0.00000000099999999995 
0.46990068663356271417 0.00000000099999999999 0.16488280924165676922 0.00000000099999999999 0.36521650112478054595 0.00000000099999999999 
0.31864274677633191990 0.27419637391170703644 0.40716087631196101748 0.00000000099999999998 0.00000000099999999998 0.00000000099999999998 
0.00015153727182507759 0.30817571082091849144 0.00000000099999999997 0.69167274890725649605 0.00000000099999999997 0.00000000099999999997 
0.00000000099999999997 0.00804307595838526547 0.00000000099999999997 0.99195692004161484245 0.00000000099999999997 0.00000000099999999997 
0.00000000099999999991 0.00000000099999999991 0.00000000099999999991 0.99999999499999991937 0.00000000099999999991 0.00000000099999999991 
0.00000000099999999997 0.00000000099999999997 0.99999999499999991937 0.00000000099999999997 0.00000000099999999997 0.00000000099999999997 
0.00000000099999999994 0.00000000099999999994 0.00000000099999999994 0.99999999500000003039 0.00000000099999999994 0.00000000099999999994 
0.00000000099999999996 0.00000000099999999996 0.00000000099999999996 0.99999999500000003039 0.00000000099999999996 0.00000000099999999996 
0.00000000099999999997 0.00000000099999999997 0.00000000099999999997 0.99999999500000003039 0.00000000099999999997 0.00000000099999999997 
0.00000000099999999997 0.00000000099999999997 0.00000000099999999997 0.99999999499999991937 0.00000000099999999997 0.00000000099999999997 
0.00000000099999999997 0.12377840035405951458 0.00000000099999999997 0.00000000099999999997 0.87622159564594048753 0.00000000099999999997 
0.00000000099999999996 0.00000000099999999996 0.35310944988559517244 0.00000000099999999996 0.64689054611440466314 0.00000000099999999996 
0.00000000099999999999 0.00000000099999999999 0.45956142473942623861 0.00000015676425352044 0.00000000099999999999 0.54043841549632010146 
