0.99999999400000016969 0.00000000099999999944 0.00000000099999999944 0.00000000099999999944 0.00000000099999999944 0.00000000099999999944 0.00000000099999999944 
0.00000000099999999967 0.00000000099999999967 0.00000000099999999967 0.99999999400000005867 0.00000000099999999967 0.00000000099999999967 0.00000000099999999967 
0.00000000099999999959 0.00000000099999999959 0.00000000099999999959 0.99999999399999994765 0.00000000099999999959 0.00000000099999999959 0.00000000099999999959 
0.00000000099999999954 0.00000000099999999954 0.00000000099999999954 0.87137752298747994661 0.00000000099999999954 0.12862247201252002826 0.00000000099999999954 
0.00000000099999999968 0.00000000099999999968 0.00000000099999999968 0.99999999399999994765 0.00000000099999999968 0.00000000099999999968 0.00000000099999999968 
0.00000000099999999982 0.19594691769078564914 0.25663276231577858422 0.00000000099999999982 0.00000000099999999982 0.00000000099999999982 0.54742031599343565773 
0.00000000099999999989 0.70627928176361687296 0.27596434988372758879 0.00000000099999999989 0.00000000099999999989 0.00000000099999999989 0.01775636435265553689 
0.00000000099999999976 0.00000000099999999976 0.00000000099999999976 0.18727825428475056158 0.00000000099999999976 0.81272174071524927452 0.00000000099999999976 
0.00000000099999999974 0.00000000099999999974 0.00000000099999999974 0.99999999399999994765 0.00000000099999999974 0.00000000099999999974 0.00000000099999999974 
0.00000000099999999959 0.00000000099999999959 0.00000000099999999959 0.00000000099999999959 0.00000000099999999959 0.00000000099999999959 0.99999999400000005867 
0.00000000099999999957 0.00000000099999999957 0.00000000099999999957 0.93806382308536229164 0.00000000099999999957 0.06193617191463769017 0.00000000099999999957 
0.00000000099999999963 0.00000000099999999963 0.00000000099999999963 0.84372599965996586402 0.00000000099999999963 0.15627399534003402759 0.00000000099999999963 
0.00000000099999999959 0.00000000099999999959 0.00000000099999999959 0.88508903373573222240 0.00000000099999999959 0.11491096126426766921 0.00000000099999999959 
0.00000000099999999952 0.00000000099999999952 0.00000000099999999952 0.00000000099999999952 0.99999999399999994765 0.00000000099999999952 0.00000000099999999952 
0.00000000099999999968 0.00000000099999999968 0.00000000099999999968 0.48289755964364550200 0.00000000099999999968 0.51710243535635447287 0.00000000099999999968 
0.00000000099999999984 0.23442379017599657143 0.69097787479664596333 0.00000000099999999984 0.00000000099999999984 0.00000000099999999984 0.07459833102735760613 
0.01887804948719935469 0.00000000099999999977 0.00000000099999999977 0.91591370782980074949 0.00000000099999999977 0.06520823868300000548 0.00000000099999999977 
0.00000000099999999953 0.00000000099999999953 0.00000000099999999953 0.99999999400000005867 0.00000000099999999953 0.00000000099999999953 0.00000000099999999953 
0.00000000099999999986 0.55276244724128931196 0.33249874301378062880 0.00000000099999999986 0.11473880574493020013 0.00000000099999999986 0.00000000099999999986 
0.00000000099999999960 0.00000000099999999960 0.00000000099999999960 0.69085317296398374154 0.00000000099999999960 0.30914682203601612231 0.00000000099999999960 
0.00000000099999999969 0.00000000099999999969 0.00000000099999999969 0.99999999399999994765 0.00000000099999999969 0.00000000099999999969 0.00000000099999999969 
0.00000000099999999977 0.00000000099999999977 0.00000000099999999977 0.93741090725857956212 0.00000000099999999977 0.06258908774142046827 0.00000000099999999977 
0.00000000099999999988 0.08842336132907326063 0.68525039069307591699 0.00000000099999999988 0.00000000103454581445 0.00000000099999999988 0.22632624394330505546 
0.00000000099999999986 0.49086090114131669671 0.42902884937865637394 0.00000000099999999986 0.00000000099999999986 0.00000000099999999986 0.08011024548002701473 
0.08795221160868982313 0.00000000099999999985 0.00000000099999999985 0.86766782283116938856 0.00000000099999999985 0.04437996156014070714 0.00000000099999999985 
0.00000000099999999929 0.00000000099999999929 0.00000000099999999929 0.00000000099999999929 0.99999999400000005867 0.00000000099999999929 0.00000000099999999929 
0.00000000099999999969 0.00000000099999999969 0.00000000099999999969 0.87389371801932036465 0.00000000099999999969 0.12610627698067961022 0.00000000099999999969 
0.00000000099999999988 0.68645637183138108472 0.19554476866587761075 0.00000000099999999988 0.00000000099999999988 0.00000000099999999988 0.11799885550274138990 
0.01010107259532481289 0.00000000099999999984 0.00000000099999999984 0.90273733599199978972 0.00000000099999999984 0.08716158741267536481 0.00000000099999999984 
0.00000000099999999964 0.00000000099999999964 0.00000000099999999964 0.99999999399999994765 0.00000000099999999964 0.00000000099999999964 0.00000000099999999964 
0.80757646556232853818 0.11970081143354105446 0.00000000099999999976 0.07272271900413053436 0.00000000099999999976 0.00000000099999999976 0.00000000099999999976 
0.00000000099999999987 0.00000000099999999987 0.00000000099999999987 0.00000000099999999987 0.00000000099999999987 0.00000541181537145575 0.99999458318462841611 
0.00000000099999999993 0.78963392429724188482 0.00000000099999999993 0.00000000099999999993 0.00000000099999999993 0.00000000099999999993 0.21036607070275842313 
0.00000000099999999968 0.00000000099999999968 0.00000000099999999968 0.00000000099999999968 0.00000000099999999968 0.00000000099999999968 0.99999999399999994765 
0.00000000099999999996 0.31650154029145377566 0.62279218046574413847 0.00000000099999999996 0.04850822929425114421 0.01219804694855093283 0.00000000099999999996 
0.00000000099999999936 0.00000000099999999936 0.00000000099999999936 0.00000000099999999936 0.99999999400000005867 0.00000000099999999936 0.00000000099999999936 
0.00000000099999999999 0.12130455165429404607 0.15411968090032032719 0.00578345978911831704 0.27159747654198440614 0.05153079272718352755 0.39566403738709948756 
0.00000000099999999986 0.00000000099999999986 0.00000000099999999986 0.58439542757594420408 0.00000000099999999986 0.41560456742405582631 0.00000000099999999986 
0.05375912960885305403 0.78511463149776361536 0.12041386651512053785 0.00000000099999999995 0.00000000099999999995 0.00000000099999999995 0.04071236937826271801 
0.00000000099999999990 0.00000000099999999990 0.00000000099999999990 0.36692102244782520692 0.00000000099999999990 0.63307897255217460142 0.00000000099999999990 
0.00000000099999999974 0.00000000099999999974 0.00000000099999999974 0.89231760363096623845 0.00000000099999999974 0.10768239136903368092 0.00000000099999999974 
0.00000000099999999979 0.00000000099999999979 0.00000000099999999979 0.97479187189632898747 0.00000000099999999979 0.02520812310367086945 0.00000000099999999979 
0.00000000099999999991 0.03542476560642177086 0.00000000099999999991 0.71289643191388596399 0.00000000099999999991 0.25167879847969232276 0.00000000099999999991 
0.00000000099999999995 0.00000000099999999995 0.16078595647034929494 0.02013535073858617810 0.23438521507703277691 0.09608296632665608294 0.48861050938737576876 
0.00000000099999999958 0.00000000099999999958 0.00000000099999999958 0.00000000099999999958 0.99999999400000005867 0.00000000099999999958 0.00000000099999999958 
0.00000000099999999988 0.00000000099999999988 0.04488780144509268988 0.95511210730766793464 0.00000000099999999988 0.00000008724723932751 0.00000000099999999988 
0.08875825954593256906 0.00000000099999999990 0.87840343428337919196 0.00000000099999999990 0.00000000099999999990 0.00000000099999999990 0.03283830217068836599 
0.00000000099999999992 0.14272207858038929440 0.06828595324216241158 0.00000000099999999992 0.00000000099999999992 0.00000000099999999992 0.78899196417744821286 
0.00000000099999999994 0.49339477330274722489 0.29689092821346291240 0.00000000099999999994 0.20971429448379000360 0.00000000099999999994 0.00000000099999999994 
0.00000000099999999967 0.12211827849155938719 0.00000000099999999967 0.00000000099999999967 0.87788171650844060157 0.00000000099999999967 0.00000000099999999967 
0.00000000099999999978 0.00000000099999999978 0.00000000099999999978 0.99999999400000005867 0.00000000099999999978 0.00000000099999999978 0.00000000099999999978 
0.00000000099999999978 0.00000000099999999978 0.00000000099999999978 0.58647200452536329962 0.00000000099999999978 0.41352799047463667526 0.00000000099999999978 
0.00000000099999999981 0.00000000099999999981 0.00000000099999999981 0.00000000099999999981 0.00000000099999999981 0.00000000099999999981 0.99999999400000005867 
0.99999999400000016969 0.00000000099999999985 0.00000000099999999985 0.00000000099999999985 0.00000000099999999985 0.00000000099999999985 0.00000000099999999985 
0.00000000099999999981 0.00000000099999999981 0.99999999399999994765 0.00000000099999999981 0.00000000099999999981 0.00000000099999999981 0.00000000099999999981 
0.99999999400000005867 0.00000000099999999987 0.00000000099999999987 0.00000000099999999987 0.00000000099999999987 0.00000000099999999987 0.00000000099999999987 
0.00000000099999999973 0.00000000099999999973 0.00000000099999999973 0.00000000099999999973 0.00000000099999999973 0.00000000099999999973 0.99999999400000005867 
0.00000000099999999957 0.00000000099999999957 0.00000000099999999957 0.00000000099999999957 0.99999999400000005867 0.00000000099999999957 0.00000000099999999957 
0.00000000099999999982 0.00000000099999999982 0.00000000099999999982 0.64632783813183725119 0.00000000099999999982 0.35367215686816266818 0.00000000099999999982 
0.00000000099999999978 0.11176996325242778696 0.00000000099999999978 0.00000000099999999978 0.00000000099999999978 0.00000000099999999978 0.88823003174757209077 
0.00000000099999999973 0.00000000099999999973 0.00000000099999999973 0.00000000099999999973 0.00000000099999999973 0.00000000099999999973 0.99999999400000005867 
0.00000000099999999977 0.00000000099999999977 0.00000000099999999977 0.78709800842415522659 0.00000000099999999977 0.21290198657584460951 0.00000000099999999977 
0.00000000106994444025 0.17342268845489353102 0.48955597450682031280 0.00000000099999999997 0.00000000099999999997 0.00000000099999999997 0.33702133296834174692 
0.00000000099999999994 0.50384508921468806886 0.33632350535705124450 0.00000000099999999994 0.02704547963998560345 0.00000000099999999994 0.13278592278827508477 
0.11321608537792637872 0.00000000099999999990 0.00000000099999999990 0.00000000099999999990 0.06595338622812950413 0.00002215358483927312 0.82080837180910481976 
0.00000000099999999984 0.00000000099999999984 0.00000000099999999984 0.62064979559943600496 0.00000000099999999984 0.37935019940056391441 0.00000000099999999984 
0.91361715640869700650 0.00000000099999999989 0.00000000099999999989 0.00000000099999999989 0.00000000099999999989 0.00000000099999999989 0.08638283859130317655 
0.99999999400000016969 0.00000000099999999976 0.00000000099999999976 0.00000000099999999976 0.00000000099999999976 0.00000000099999999976 0.00000000099999999976 
0.00000000099999999984 0.00000000099999999984 0.00000000099999999984 0.00000000099999999984 0.00000000099999999984 0.00000000099999999984 0.99999999400000005867 
0.00000000099999999986 0.00000000099999999986 0.00000000099999999986 0.00000000099999999986 0.13980083017733122008 0.00000000099999999986 0.86019916482266867153 
0.00000000099999999987 0.00000007404020152443 0.00000000099999999987 0.87827300752274128914 0.00000000099999999987 0.12172691443705703496 0.00000000099999999987 
0.13769077936471593726 0.00000000099999999993 0.00000000099999999993 0.86230921563528417639 0.00000000099999999993 0.00000000099999999993 0.00000000099999999993 
0.00000000099999999988 0.05943248753677826679 0.00000000099999999988 0.70972209507653316596 0.00000000099999999988 0.23084541338668845833 0.00000000099999999988 
0.00000000099999999983 0.00000000099999999983 0.00000000099999999983 0.00000000099999999983 0.00000000099999999983 0.10063304038479159441 0.89936695461520843597 
0.00000000099999999986 0.00000000099999999986 0.31042657263848144611 0.00000000099999999986 0.00000000099999999986 0.00000000099999999986 0.68957342236151841774 
0.00000000099999999970 0.00000000099999999970 0.00000000099999999970 0.00000000099999999970 0.00000000099999999970 0.00000000099999999970 0.99999999399999994765 
0.00000000099999999997 0.03848413505922367722 0.00000000099999999997 0.65705444102703380871 0.00000000099999999997 0.30446141991374259250 0.00000000099999999997 
0.99999999400000016969 0.00000000099999999973 0.00000000099999999973 0.00000000099999999973 0.00000000099999999973 0.00000000099999999973 0.00000000099999999973 
0.00000000099999999974 0.00000000099999999974 0.00000000099999999974 0.00000000099999999974 0.00000000099999999974 0.00000000099999999974 0.99999999399999994765 
0.00000000099999999988 0.00000000099999999988 0.00000000099999999988 0.78790401106184426716 0.00000000099999999988 0.21209598393815562445 0.00000000099999999988 
0.99999999400000016969 0.00000000099999999980 0.00000000099999999980 0.00000000099999999980 0.00000000099999999980 0.00000000099999999980 0.00000000099999999980 
0.00000000099999999989 0.27228437927818960329 0.72771561572181042710 0.00000000099999999989 0.00000000099999999989 0.00000000099999999989 0.00000000099999999989 
0.00000000099999999991 0.92031966953435273560 0.00000000099999999991 0.00000000099999999991 0.07968032546564751684 0.00000000099999999991 0.00000000099999999991 
0.00000000099999999990 0.00000000099999999990 0.00000000099999999990 0.00000000099999999990 0.07258695136540352366 0.21051908522996429229 0.71689395940463229717 
0.00000000099999999990 0.20181886273137350507 0.00000000099999999990 0.00000000099999999990 0.00000000099999999990 0.00000000099999999990 0.79818113226862652532 
0.00000000099999999987 0.16720048271734552769 0.83279951228265447494 0.00000000099999999987 0.00000000099999999987 0.00000000099999999987 0.00000000099999999987 
0.00000000099999999986 0.00000000099999999986 0.00000000099999999986 0.56314702734275068341 0.00000000099999999986 0.22859751900731098417 0.20825544964993833452 
0.00000000099999999993 0.80186793942639567057 0.13394341283952673760 0.00000000099999999993 0.06418864373407770496 0.00000000099999999993 0.00000000099999999993 
0.00000000099999999983 0.00000000099999999983 0.00000000099999999983 0.00000000099999999983 0.00000000099999999983 0.00000000099999999983 0.99999999399999994765 
0.00000000099999999984 0.00000000099999999984 0.00000000099999999984 0.99999999400000005867 0.00000000099999999984 0.00000000099999999984 0.00000000099999999984 
0.00000000099999999992 0.40552529801762920991 0.38491101994827170429 0.00000000099999999992 0.00000000099999999992 0.00000000099999999992 0.20956367803409908790 
0.00000000099999999985 0.00000000099999999985 0.99999999400000005867 0.00000000099999999985 0.00000000099999999985 0.00000000099999999985 0.00000000099999999985 
0.99999999400000016969 0.00000000099999999985 0.00000000099999999985 0.00000000099999999985 0.00000000099999999985 0.00000000099999999985 0.00000000099999999985 
0.99999999400000016969 0.00000000099999999968 0.00000000099999999968 0.00000000099999999968 0.00000000099999999968 0.00000000099999999968 0.00000000099999999968 
0.09460036449752141918 0.00000000099999999992 0.90539963050247862508 0.00000000099999999992 0.00000000099999999992 0.00000000099999999992 0.00000000099999999992 
0.00000000099999999983 0.00000000099999999983 0.00000000099999999983 0.79942424241843657029 0.00000000099999999983 0.20057575258156346010 0.00000000099999999983 
0.00000000099999999994 0.00000000099999999994 0.67397253522952316196 0.00000000099999999994 0.00000000099999999994 0.18582941453910606366 0.14019804623137083199 
0.00000000099999999997 0.58834940796579215938 0.00000000099999999997 0.03234885169744103339 0.09840059205499214479 0.00000000099999999997 0.28090114528177484443 
0.00000000099999999996 0.46828553116948468116 0.11404170418097794859 0.06042723037492888499 0.00000000099999999996 0.35724553127460845214 0.00000000099999999996 
0.11599599922616356251 0.00000000099999999993 0.00000000099999999993 0.00000000099999999993 0.00000000099999999993 0.76828110207416122623 0.11572289469967508846 
0.00000000099999999992 0.00000000099999999992 0.00000000099999999992 0.42503281575873586018 0.00000000099999999992 0.40083878857117316574 0.17412839167009083741 
0.00000000099999999995 0.00000000099999999995 0.00000000099999999995 0.99999999399999994765 0.00000000099999999995 0.00000000099999999995 0.00000000099999999995 
0.13890892142495944728 0.35811441304336411040 0.16828202064303277030 0.00000000099999999996 0.33469464188864367360 0.00000000099999999996 0.00000000099999999996 
0.19486807117411017454 0.00000000099999999993 0.10748671591258071589 0.33671325375681560033 0.00000000099999999993 0.36093195615649353858 0.00000000099999999993 
0.00000000099999999996 0.00000000099999999996 0.11696104151889925860 0.76321730466889581290 0.08283035156797016740 0.00000000099999999996 0.03699129924423487370 
0.00000000099999999984 0.00000000099999999984 0.00000000099999999984 0.67192968300314814822 0.00000000099999999984 0.32807031199685166012 0.00000000099999999984 
0.00000000099999999983 0.00000000099999999983 0.00000000099999999983 0.00000000099999999983 0.00000000099999999983 0.99999999400000005867 0.00000000099999999983 
0.04553878393409729192 0.00000000099999999993 0.00000000099999999993 0.80069516417584718493 0.00000000099999999993 0.15376604789005543505 0.00000000099999999993 
0.00000000099999999997 0.00000000099999999997 0.29747671454760155063 0.00000000099999999997 0.00000000099999999997 0.00000000099999999997 0.70252328045239853527 
0.02802558246065734587 0.00000000099999999982 0.00000000099999999982 0.85976691336757993245 0.00000000099999999982 0.11220750017176268909 0.00000000099999999982 
0.00000000099999999992 0.06128123653268004178 0.00000000099999999992 0.61860892321157279206 0.00000000099999999992 0.32010983625574718214 0.00000000099999999992 
0.00000000099999999996 0.00000000099999999996 0.78948429911273698689 0.00000000099999999996 0.00000000099999999996 0.00000000099999999996 0.21051569588726301574 
0.00000000099999999991 0.99999999400000016969 0.00000000099999999991 0.00000000099999999991 0.00000000099999999991 0.00000000099999999991 0.00000000099999999991 
0.05767000211802266602 0.80864324082892768963 0.00000000099999999996 0.00000000099999999996 0.00000000099999999996 0.13368675305304958401 0.00000000099999999996 
0.00000000099999999992 0.00000000099999999992 0.80375310405104205547 0.00000000099999999992 0.00000000099999999992 0.00000000099999999992 0.19624689094895791941 
0.06320550191642253235 0.00000000099999999996 0.00000000099999999996 0.24277574528592146819 0.13768401243211692009 0.47914952024375356832 0.07718521812178549824 
0.09339412695952802046 0.00000000099999999986 0.00000000099999999986 0.00000000099999999986 0.00000000099999999986 0.90660586804047205156 0.00000000099999999986 
0.00000000099999999994 0.82753088824335319096 0.00000000099999999994 0.00000000099999999994 0.00000000099999999994 0.17246910675664681167 0.00000000099999999994 
0.15965019791141021877 0.00000000099999999995 0.00000000099999999995 0.84034979708858981162 0.00000000099999999995 0.00000000099999999995 0.00000000099999999995 
0.20378968069362302096 0.00000000099999999991 0.00000000099999999991 0.00000000099999999991 0.00000000099999999991 0.79621031430637678739 0.00000000099999999991 
0.00000000099999999991 0.00000111242974000508 0.00000000099999999991 0.95430561995148532883 0.04569326361877475151 0.00000000099999999991 0.00000000099999999991 
0.00000000099999999996 0.00000000099999999996 0.00000000099999999996 0.37464084932417596185 0.00000000099999999996 0.51990989960528211089 0.10544924707054197099 
0.00000000099999999985 0.00000000099999999985 0.00000000099999999985 0.00000000099999999985 0.00000000099999999985 0.99999999400000005867 0.00000000099999999985 
0.00000000099999999995 0.30434710614713539334 0.00000000099999999995 0.00000000099999999995 0.49606235431297573957 0.00000000099999999995 0.19959053553988881369 
0.00000000099999999998 0.19344741960957828608 0.59074504889347556613 0.02737440602199578410 0.07079340964876439102 0.00000000099999999998 0.11763971382618609862 
0.00000000099999999988 0.00000000099999999988 0.00000000099999999988 0.53369247988889600975 0.00000000099999999988 0.46630751511110385410 0.00000000099999999988 
0.00000000099999999981 0.00000000099999999981 0.99999999399999994765 0.00000000099999999981 0.00000000099999999981 0.00000000099999999981 0.00000000099999999981 
0.99999999400000016969 0.00000000099999999975 0.00000000099999999975 0.00000000099999999975 0.00000000099999999975 0.00000000099999999975 0.00000000099999999975 
0.00000000099999999989 0.00000000099999999989 0.00000000099999999989 0.99999999399999994765 0.00000000099999999989 0.00000000099999999989 0.00000000099999999989 
0.84547203491316946788 0.00000000099999999994 0.15452624977343917823 0.00000000099999999994 0.00000171131339134273 0.00000000099999999994 0.00000000099999999994 
0.00000000099999999988 0.00000000099999999988 0.00000000099999999988 0.85800086258685170915 0.00000000099999999988 0.14199913241314823797 0.00000000099999999988 
0.00000000099999999976 0.00000000099999999976 0.00000000099999999976 0.00000000099999999976 0.99999999400000005867 0.00000000099999999976 0.00000000099999999976 
0.76212745200257148159 0.00000000099999999994 0.23787254299742852104 0.00000000099999999994 0.00000000099999999994 0.00000000099999999994 0.00000000099999999994 
0.78218017935251571426 0.00000000099999999995 0.00000000099999999995 0.10333234379732317287 0.00000000099999999995 0.10750817147986982403 0.00697930237029127654 
0.00000000099999999988 0.00000000099999999988 0.00000000099999999988 0.00000000099999999988 0.00000000099999999988 0.99999999400000005867 0.00000000099999999988 
0.99999999400000005867 0.00000000099999999989 0.00000000099999999989 0.00000000099999999989 0.00000000099999999989 0.00000000099999999989 0.00000000099999999989 
0.00000000099999999988 0.00000000099999999988 0.00000000099999999988 0.81104172438016652880 0.00000000099999999988 0.18895827061983344608 0.00000000099999999988 
0.00000000099999999992 0.00000000099999999992 0.99999999400000005867 0.00000000099999999992 0.00000000099999999992 0.00000000099999999992 0.00000000099999999992 
0.73645997454993339382 0.26354002045006669208 0.00000000099999999986 0.00000000099999999986 0.00000000099999999986 0.00000000099999999986 0.00000000099999999986 
0.03928963371821950906 0.00000000099999999996 0.15040304766843415329 0.46351165755567941273 0.00000000099999999996 0.34679565805766704445 0.00000000099999999996 
0.00000000099999999986 0.00000000099999999986 0.00000000099999999986 0.00000000099999999986 0.00000000099999999986 0.00000000099999999986 0.99999999399999994765 
0.79918272649782196027 0.20081726850217809788 0.00000000099999999991 0.00000000099999999991 0.00000000099999999991 0.00000000099999999991 0.00000000099999999991 
0.00000000099999999986 0.00000000099999999986 0.00000000099999999986 0.00000000099999999986 0.00000000099999999986 0.99999999400000005867 0.00000000099999999986 
0.99999999400000016969 0.00000000099999999991 0.00000000099999999991 0.00000000099999999991 0.00000000099999999991 0.00000000099999999991 0.00000000099999999991 
0.84535980921439823899 0.15464018578560187467 0.00000000099999999988 0.00000000099999999988 0.00000000099999999988 0.00000000099999999988 0.00000000099999999988 
0.08643350506666502842 0.00000000099999999988 0.91356648993333500197 0.00000000099999999988 0.00000000099999999988 0.00000000099999999988 0.00000000099999999988 
0.00000000099999999997 0.44435905393163094290 0.00000000099999999997 0.00000000099999999997 0.00000000099999999997 0.13233497938280880390 0.42330596268556025530 
0.85138085241441674444 0.00000000099999999995 0.00000000099999999995 0.00000000099999999995 0.00000000099999999995 0.00000000099999999995 0.14861914258558331370 
0.00000000099999999986 0.00000000099999999986 0.00000000099999999986 0.00000000099999999986 0.00000000099999999986 0.99999999399999994765 0.00000000099999999986 
0.00000000099999999988 0.00000000099999999988 0.00000000099999999988 0.00000000099999999988 0.00000000099999999988 0.99999999400000005867 0.00000000099999999988 
0.00000000099999999993 0.59223241130924142439 0.38678772492756391399 0.00000000099999999993 0.00000000099999999993 0.02097985976319469842 0.00000000099999999993 
0.17660889798514448068 0.00000000099999999997 0.35137193819227480196 0.36149434665014856805 0.00000000099999999997 0.11052481417243215089 0.00000000099999999997 
0.00000000099999999992 0.12965143494572523020 0.00000000099999999992 0.60484908800921388661 0.00000000099999999992 0.26549947304506088530 0.00000000099999999992 
0.08301658638768809328 0.00000000099999999990 0.00000000099999999990 0.21360495049632144404 0.00000000099999999990 0.70337845911599028437 0.00000000099999999990 
0.06242635861319559970 0.00000000099999999995 0.00000000099999999995 0.49370685282026738339 0.00000000099999999995 0.44386678456653683167 0.00000000099999999995 
0.00000000099999999993 0.00000000099999999993 0.00000000099999999993 0.35685910872962789409 0.00000000099999999993 0.64314088627037191426 0.00000000099999999993 
0.00000000099999999993 0.00000000099999999993 0.00000000099999999993 0.43245646410754123856 0.00000000099999999993 0.56754353089245856978 0.00000000099999999993 
0.00000000099999999999 0.74647533116780795392 0.00000000099999999999 0.00000000099999999999 0.16514554552501936602 0.00000000099999999999 0.08837911930717275155 
0.00000000099999999998 0.17406655602714790620 0.00000000099999999998 0.52101310758142638235 0.26655967575377526035 0.03836065763765043879 0.00000000099999999998 
0.99999999400000005867 0.00000000099999999990 0.00000000099999999990 0.00000000099999999990 0.00000000099999999990 0.00000000099999999990 0.00000000099999999990 
0.00000000099999999998 0.53244790619120196951 0.00000000099999999998 0.00000000099999999998 0.04163903453824961687 0.19283826770486020563 0.23307478856568836223 
0.00000000099999999992 0.99999992393065362251 0.00000000099999999992 0.00000000099999999992 0.00000000099999999992 0.00000000099999999992 0.00000007106934662086 
0.80734434437347546432 0.00000000099999999994 0.00000000099999999994 0.19265565062652453832 0.00000000099999999994 0.00000000099999999994 0.00000000099999999994 
0.99999999400000016969 0.00000000099999999992 0.00000000099999999992 0.00000000099999999992 0.00000000099999999992 0.00000000099999999992 0.00000000099999999992 
0.00000000099999999997 0.45692598812774809502 0.00000000099999999997 0.00000000099999999997 0.47105895070240805245 0.07201505716984360483 0.00000000099999999997 
0.00000000099999999991 0.00000000099999999991 0.00000000099999999991 0.89925192669762377129 0.00000000099999999991 0.10074806830237609256 0.00000000099999999991 
0.00000000099999999991 0.00000000099999999991 0.00000000099999999991 0.00000000099999999991 0.00000000099999999991 0.99999999400000005867 0.00000000099999999991 
0.13451645474224538379 0.00000000099999999997 0.86548269286522538923 0.00000000099999999997 0.00000078019979243596 0.00000000130708845820 0.00000006888564823976 
0.00000000099999999988 0.00000000099999999988 0.00000000099999999988 0.00000000099999999988 0.00000000099999999988 0.99999999400000005867 0.00000000099999999988 
0.00000000099999999993 0.59767257081041857969 0.00000000099999999993 0.06858120911279066978 0.00000000099999999993 0.00000000099999999993 0.33374621607679083590 
0.00000000099999999997 0.00000000099999999997 0.00000000099999999997 0.55866531741628433494 0.00000000099999999997 0.00000000099999999997 0.44133467758371569545 
0.00000000099999999993 0.00000000099999999993 0.00000000099999999993 0.00000000099999999993 0.00000000099999999993 0.99999999399999994765 0.00000000099999999993 
0.90848103785351697059 0.00000000099999999990 0.00000000099999999990 0.00000000099999999990 0.00000000099999999990 0.09151895714648326796 0.00000000099999999990 
0.00000000099999999991 0.00000000099999999991 0.00000000099999999991 0.00000114716745948237 0.00000000099999999991 0.99999884783254056053 0.00000000099999999991 
0.20315918622957976347 0.00000148751643542702 0.00000000099999999996 0.79683932225398479421 0.00000000099999999996 0.00000000099999999996 0.00000000099999999996 
0.00000000099999999999 0.00000000099999999999 0.43785907513017441328 0.18871009667985891300 0.00000000099999999999 0.37342702061800592261 0.00000380457196071070 
0.99999999400000016969 0.00000000099999999990 0.00000000099999999990 0.00000000099999999990 0.00000000099999999990 0.00000000099999999990 0.00000000099999999990 
0.07288923219723671132 0.00000000099999999994 0.00000000099999999994 0.00000000099999999994 0.00000000099999999994 0.72564473476793966977 0.20146602903482357938 
0.00000000099999999993 0.41825365701665234708 0.00000000099999999993 0.00000000099999999993 0.00000000099999999993 0.58174633798334751678 0.00000000099999999993 
0.00000000099999999996 0.00000000099999999996 0.00000000099999999996 0.43226670979443004850 0.17251164304165739205 0.24007992929957930328 0.15514171486433303571 
0.00000000099999999995 0.00000000099999999995 0.00000000099999999995 0.00000000099999999995 0.00000000099999999995 0.99999999399999994765 0.00000000099999999995 
0.00000000099999999992 0.00000000099999999992 0.00000000099999999992 0.00000010196035626983 0.00000000099999999992 0.99999989303964365028 0.00000000099999999992 
0.99999999400000016969 0.00000000099999999989 0.00000000099999999989 0.00000000099999999989 0.00000000099999999989 0.00000000099999999989 0.00000000099999999989 
0.43392940869889218281 0.56607058630110784758 0.00000000099999999998 0.00000000099999999998 0.00000000099999999998 0.00000000099999999998 0.00000000099999999998 
0.00000000099999999991 0.00000000099999999991 0.00000000099999999991 0.00000000099999999991 0.00000000099999999991 0.99999999399999994765 0.00000000099999999991 
0.00000000099999999996 0.00000000099999999996 0.00000000099999999996 0.52849640485059157236 0.47150358994767521681 0.00000000120173308674 0.00000000099999999996 
0.00000000099999999997 0.00000000099999999997 0.00000000099999999997 0.00000000099999999997 0.01145819721241910644 0.10320894870265906462 0.88533285008492190737 
0.00000064666240177634 0.77080567721348014487 0.00000000099999999996 0.00000000099999999996 0.00000000099999999996 0.00000000099999999996 0.22919367212411820289 
0.00000000099999999995 0.51871404160587375465 0.00000000099999999995 0.00000000099999999995 0.42373414278747834061 0.00000000099999999995 0.05755181160664805257 
0.00000000099999999986 0.00000000099999999986 0.00000000099999999986 0.00000000099999999986 0.00000000099999999986 0.99999999399999994765 0.00000000099999999986 
0.99999999400000016969 0.00000000099999999987 0.00000000099999999987 0.00000000099999999987 0.00000000099999999987 0.00000000099999999987 0.00000000099999999987 
0.00000000099999999997 0.55657251085934977830 0.00491488654050014576 0.00000000099999999997 0.03874680938022895954 0.00000000099999999997 0.39976579021992120211 
0.99999999400000016969 0.00000000099999999988 0.00000000099999999988 0.00000000099999999988 0.00000000099999999988 0.00000000099999999988 0.00000000099999999988 
0.00000000099999999988 0.00000000099999999988 0.00000000099999999988 0.00000000099999999988 0.00000000099999999988 0.88179430045444828767 0.11820569454555178435 
0.00000000099999999999 0.00000000099999999999 0.82425446803338398016 0.00000000099999999999 0.00000000099999999999 0.00000000099999999999 0.17574552696661602247 
0.00000000099999999997 0.00000000099999999997 0.00000000099999999997 0.97464991187148408702 0.00000000099999999997 0.00000000099999999997 0.02535008312851594336 
0.37688187658729827012 0.62311811841270181578 0.00000000099999999993 0.00000000099999999993 0.00000000099999999993 0.00000000099999999993 0.00000000099999999993 
0.00000000099999999989 0.00000000099999999989 0.00000000099999999989 0.00000000099999999989 0.00000000099999999989 0.99999999400000005867 0.00000000099999999989 
0.00000000099999999997 0.00000000099999999997 0.00000000099999999997 0.00000000099999999997 0.00000000099999999997 0.67992357578092843529 0.32007641921907170612 
0.00000000099999999995 0.99999999400000016969 0.00000000099999999995 0.00000000099999999995 0.00000000099999999995 0.00000000099999999995 0.00000000099999999995 
0.00000000099999999998 0.00000000099999999998 0.36524910092081908086 0.00000000099999999998 0.00000000099999999998 0.63475089407918094953 0.00000000099999999998 
0.99999999400000016969 0.00000000099999999991 0.00000000099999999991 0.00000000099999999991 0.00000000099999999991 0.00000000099999999991 0.00000000099999999991 
0.99999999400000016969 0.00000000099999999992 0.00000000099999999992 0.00000000099999999992 0.00000000099999999992 0.00000000099999999992 0.00000000099999999992 
0.99999999400000005867 0.00000000099999999992 0.00000000099999999992 0.00000000099999999992 0.00000000099999999992 0.00000000099999999992 0.00000000099999999992 
0.41906795758070342073 0.00000000099999999998 0.00000000099999999998 0.00000000099999999998 0.17975650181927582683 0.40117553660002064353 0.00000000099999999998 
0.00000000099999999997 0.00000000099999999997 0.78706801911407731076 0.00000000099999999997 0.14068512279912129270 0.07224685408680146803 0.00000000099999999997 
0.00000000099999999996 0.39487847702228712210 0.00000000099999999996 0.60512151797771274175 0.00000000099999999996 0.00000000099999999996 0.00000000099999999996 
0.45324350294245679960 0.54675649205754328630 0.00000000099999999994 0.00000000099999999994 0.00000000099999999994 0.00000000099999999994 0.00000000099999999994 
0.00000000099999999991 0.00000000099999999991 0.00000000099999999991 0.00000000099999999991 0.00000000099999999991 0.99999999399999994765 0.00000000099999999991 
0.99999999400000005867 0.00000000099999999994 0.00000000099999999994 0.00000000099999999994 0.00000000099999999994 0.00000000099999999994 0.00000000099999999994 
0.86794197316916132934 0.00000000099999999994 0.00000000099999999994 0.00000000099999999994 0.00000000099999999994 0.00000000099999999994 0.13205802183083886758 
0.00000000099999999996 0.99999999400000005867 0.00000000099999999996 0.00000000099999999996 0.00000000099999999996 0.00000000099999999996 0.00000000099999999996 
0.99999999400000016969 0.00000000099999999991 0.00000000099999999991 0.00000000099999999991 0.00000000099999999991 0.00000000099999999991 0.00000000099999999991 
0.00000000099999999996 0.81309541013776009954 0.00000000099999999996 0.00000000099999999996 0.00000000099999999996 0.00000000099999999996 0.18690458486224006962 
0.72879624966673084430 0.27120374533326924160 0.00000000099999999995 0.00000000099999999995 0.00000000099999999995 0.00000000099999999995 0.00000000099999999995 
0.00000000099999999998 0.01215796922130427810 0.00000000099999999998 0.00000000099999999998 0.81284744607566172814 0.00000000099999999998 0.17499458070303397506 
0.99999999400000005867 0.00000000099999999994 0.00000000099999999994 0.00000000099999999994 0.00000000099999999994 0.00000000099999999994 0.00000000099999999994 
0.00000000099999999997 0.52721326124015333026 0.00000000099999999997 0.00000000099999999997 0.00000000099999999997 0.00000000099999999997 0.47278673375984670013 
0.03608836379890365681 0.00000000099999999998 0.00000000099999999998 0.00000000099999999998 0.00000000099999999998 0.60972167768458307435 0.35418995451651330564 
0.64879771986061274269 0.00000000099999999997 0.03640829658189445595 0.27714454696025608849 0.00000000099999999997 0.00000000099999999997 0.03764943359723695038 
0.99999999400000005867 0.00000000099999999996 0.00000000099999999996 0.00000000099999999996 0.00000000099999999996 0.00000000099999999996 0.00000000099999999996 
0.99999999400000016969 0.00000000099999999990 0.00000000099999999990 0.00000000099999999990 0.00000000099999999990 0.00000000099999999990 0.00000000099999999990 
0.00000000099999999996 0.00000000099999999996 0.38180910931216521798 0.00000048253544236185 0.00000000099999999996 0.61819040415239234765 0.00000000099999999996 
0.99999999400000005867 0.00000000099999999993 0.00000000099999999993 0.00000000099999999993 0.00000000099999999993 0.00000000099999999993 0.00000000099999999993 
0.99999999400000016969 0.00000000099999999996 0.00000000099999999996 0.00000000099999999996 0.00000000099999999996 0.00000000099999999996 0.00000000099999999996 
0.82138573124789349134 0.00000000099999999996 0.00000000099999999996 0.00000000099999999996 0.00000000099999999996 0.00000000099999999996 0.17861426375210667783 
0.99999987710891458104 0.00000000099999999998 0.00000011789108557006 0.00000000099999999998 0.00000000099999999998 0.00000000099999999998 0.00000000099999999998 
0.00000000099999999996 0.00000000099999999996 0.99999999400000005867 0.00000000099999999996 0.00000000099999999996 0.00000000099999999996 0.00000000099999999996 
0.00000000099999999997 0.28879816502864025241 0.71120182997135972247 0.00000000099999999997 0.00000000099999999997 0.00000000099999999997 0.00000000099999999997 
0.00000000099999999997 0.00000000099999999997 0.00000000099999999997 0.00000000099999999997 0.00000000099999999997 0.99999999399999994765 0.00000000099999999997 
