0.00000000099999999918 0.00000000099999999918 0.00000000099999999918 0.00000000099999999918 0.00000000099999999918 0.99999999100000003249 0.00000000099999999918 0.00000000099999999918 0.00000000099999999918 0.00000000099999999918 
0.18205343196362042124 0.00000000099999999947 0.00000000099999999947 0.44274349533240653365 0.37520306570397321533 0.00000000099999999947 0.00000000099999999947 0.00000000099999999947 0.00000000099999999947 0.00000000099999999947 
0.99999999100000025454 0.00000000099999999905 0.00000000099999999905 0.00000000099999999905 0.00000000099999999905 0.00000000099999999905 0.00000000099999999905 0.00000000099999999905 0.00000000099999999905 0.00000000099999999905 
0.09568781364443250392 0.00000000099999999936 0.06133811259663005805 0.33905962265552563872 0.50391444510341187879 0.00000000099999999936 0.00000000099999999936 0.00000000099999999936 0.00000000099999999936 0.00000000099999999936 
0.13267926172166480403 0.00000000099999999945 0.00000000099999999945 0.44682023584601976429 0.42050049543231549087 0.00000000099999999945 0.00000000099999999945 0.00000000099999999945 0.00000000099999999945 0.00000000099999999945 
0.00000000099999999963 0.00000000099999999963 0.00000000099999999963 0.00000000099999999963 0.00000000099999999963 0.00000000099999999963 0.70944329077601042677 0.19419477430355949754 0.00000000099999999963 0.09636192792043014876 
0.00000000099999999988 0.00000065317552099500 0.00000000099999999988 0.00000000099999999988 0.04905925613998481788 0.00000000099999999988 0.00000000099999999988 0.27498067533319286992 0.02322644556330918930 0.65273296478799203157 
0.00000000099999999977 0.00000000099999999977 0.00000000099999999977 0.80786083304318723197 0.19213915895681296653 0.00000000099999999977 0.00000000099999999977 0.00000000099999999977 0.00000000099999999977 0.00000000099999999977 
0.99999999100000025454 0.00000000099999999924 0.00000000099999999924 0.00000000099999999924 0.00000000099999999924 0.00000000099999999924 0.00000000099999999924 0.00000000099999999924 0.00000000099999999924 0.00000000099999999924 
0.00000000099999999923 0.00000000099999999923 0.00000000099999999923 0.00000000099999999923 0.00000000099999999923 0.00000000099999999923 0.99999999099999992147 0.00000000099999999923 0.00000000099999999923 0.00000000099999999923 
0.39722625409352169124 0.00000000099999999944 0.07381597371814466180 0.23065348913758157434 0.29830427705075207578 0.00000000099999999944 0.00000000099999999944 0.00000000099999999944 0.00000000099999999944 0.00000000099999999944 
0.13997990095141185640 0.00000000099999999949 0.12801508081534410111 0.44506270127484853782 0.28694231095839567436 0.00000000099999999949 0.00000000099999999949 0.00000000099999999949 0.00000000099999999949 0.00000000099999999949 
0.00000000099999999940 0.00000000099999999940 0.21329759855096533383 0.29880081899618077257 0.48790157545285406382 0.00000000099999999940 0.00000000099999999940 0.00000000099999999940 0.00000000099999999940 0.00000000099999999940 
0.00000000099999999924 0.99999999100000014352 0.00000000099999999924 0.00000000099999999924 0.00000000099999999924 0.00000000099999999924 0.00000000099999999924 0.00000000099999999924 0.00000000099999999924 0.00000000099999999924 
0.19838868888195998474 0.00000000099999999964 0.08831228557071242602 0.61296759122651744978 0.10033142832081035078 0.00000000099999999964 0.00000000099999999964 0.00000000099999999964 0.00000000099999999964 0.00000000099999999964 
0.00000000099999999970 0.00000000099999999970 0.00000000099999999970 0.00000000099999999970 0.00000000099999999970 0.00000000099999999970 0.14874947571820096304 0.63521573522521490585 0.00000000099999999970 0.21603478205658421807 
0.12712078859731373859 0.00000000099999999965 0.00000097334585974653 0.49908090045847514071 0.37379733159835148992 0.00000000099999999965 0.00000000099999999965 0.00000000099999999965 0.00000000099999999965 0.00000000099999999965 
0.33980170175573548574 0.00000000099999999941 0.00000000099999999941 0.39491767811103040131 0.26528061313323397785 0.00000000099999999941 0.00000000099999999941 0.00000000099999999941 0.00000000099999999941 0.00000000099999999941 
0.00090294266996915806 0.12979867867010036475 0.00000000099999999983 0.00000000099999999983 0.00000000099999999983 0.00000000099999999983 0.00000000099999999983 0.30971002949829679052 0.00000000099999999983 0.55958834316163363898 
0.14517126367191673930 0.00000000099999999950 0.22925333201692824070 0.40686905251816418705 0.21870634579299083611 0.00000000099999999950 0.00000000099999999950 0.00000000099999999950 0.00000000099999999950 0.00000000099999999950 
0.36172508545767545485 0.00000000099999999960 0.00000000099999999960 0.28726802067134493690 0.35100688687097952867 0.00000000099999999960 0.00000000099999999960 0.00000000099999999960 0.00000000099999999960 0.00000000099999999960 
0.94104778599549965268 0.00000000099999999953 0.05895220600450057358 0.00000000099999999953 0.00000000099999999953 0.00000000099999999953 0.00000000099999999953 0.00000000099999999953 0.00000000099999999953 0.00000000099999999953 
0.00000000099999999976 0.00000000099999999976 0.00000000099999999976 0.00000000099999999976 0.00000000099999999976 0.00000000099999999976 0.10020575715390586669 0.63611270565492916695 0.15208997585889916238 0.11159155533226579327 
0.00000000099999999980 0.00000000099999999980 0.00000000099999999980 0.00000000099999999980 0.00000000099999999980 0.00000000099999999980 0.15998464364244716074 0.41135336610193623530 0.00000000099999999980 0.42866198325561671867 
0.49638938473074950553 0.00000000099999999977 0.00000000099999999977 0.42492055309737097879 0.07869005517187963039 0.00000000099999999977 0.00000000099999999977 0.00000000099999999977 0.00000000099999999977 0.00000000099999999977 
0.00000000099999999892 0.99999999100000014352 0.00000000099999999892 0.00000000099999999892 0.00000000099999999892 0.00000000099999999892 0.00000000099999999892 0.00000000099999999892 0.00000000099999999892 0.00000000099999999892 
0.32796991654681123540 0.00000000099999999950 0.13326833971349663632 0.38830284885614446688 0.15045888888354772006 0.00000000099999999950 0.00000000099999999950 0.00000000099999999950 0.00000000099999999950 0.00000000099999999950 
0.00000000099999999980 0.00000000099999999980 0.00000000099999999980 0.00000000099999999980 0.00000000099999999980 0.00000000099999999980 0.00000000099999999980 0.18380252959331552787 0.14104623094753657164 0.67515123245914776540 
0.00000000099999999970 0.00000000099999999970 0.16123761317700144313 0.37480026387381126796 0.46396211594918723709 0.00000000099999999970 0.00000000099999999970 0.00000000099999999970 0.00000000099999999970 0.00000000099999999970 
0.32095825342992051477 0.00000000099999999952 0.00500646992700265209 0.44389598113070782848 0.23013928951236919951 0.00000000099999999952 0.00000000099999999952 0.00000000099999999952 0.00000000099999999952 0.00000000099999999952 
0.00000000099999999964 0.00000000099999999964 0.00000000099999999964 0.00000000099999999964 0.05314228686901081855 0.79761525322314741349 0.00000000099999999964 0.00000000099999999964 0.00000000099999999964 0.14924245290784188267 
0.00000000099999999937 0.00000000099999999937 0.00000000099999999937 0.00000000099999999937 0.00000000099999999937 0.00000000099999999937 0.99999999100000003249 0.00000000099999999937 0.00000000099999999937 0.00000000099999999937 
0.00000000099999999986 0.00000000099999999986 0.06954074014685551752 0.00000000099999999986 0.00006224990636483993 0.00000000099999999986 0.23106795925147644022 0.00000000099999999986 0.00000000099999999986 0.69932904469530310365 
0.00000000099999999929 0.00000000099999999929 0.00000000099999999929 0.00000000099999999929 0.00000000099999999929 0.00000000099999999929 0.00000000099999999929 0.00000000099999999929 0.99999999100000003249 0.00000000099999999929 
0.00000000099999999990 0.03330489480709510064 0.00628088307495591313 0.07102087542108292961 0.00000000099999999990 0.00000000099999999990 0.00000000099999999990 0.56329910733368238063 0.00000000099999999990 0.32609423436318363265 
0.00000000099999999901 0.99999999100000014352 0.00000000099999999901 0.00000000099999999901 0.00000000099999999901 0.00000000099999999901 0.00000000099999999901 0.00000000099999999901 0.00000000099999999901 0.00000000099999999901 
0.07928968682330569950 0.25822981546241075002 0.00000000099999999995 0.00000000185108194592 0.00000000099999999995 0.00000000099999999995 0.08629153964920967257 0.13465798634897277464 0.37617690397591857510 0.06535406288910057537 
0.30759582518786987571 0.00000000099999999987 0.06756741401029789373 0.26958241633380974900 0.35525433846802245696 0.00000000099999999987 0.00000000099999999987 0.00000000099999999987 0.00000000099999999987 0.00000000099999999987 
0.00000000099999999989 0.00000000099999999989 0.06440292133546229869 0.00000000099999999989 0.00000000099999999989 0.00000000099999999989 0.00000000099999999989 0.00000000099999999989 0.11185608285434012199 0.82374098881019741647 
0.00000000099999999976 0.00000000099999999976 0.00000000099999999976 0.99999999100000003249 0.00000000099999999976 0.00000000099999999976 0.00000000099999999976 0.00000000099999999976 0.00000000099999999976 0.00000000099999999976 
0.64784435669835027660 0.00000000099999999968 0.11345116753284600897 0.00785972030141968321 0.23084474946738414713 0.00000000099999999968 0.00000000099999999968 0.00000000099999999968 0.00000000099999999968 0.00000000099999999968 
0.47031266711266611624 0.00000000099999999972 0.14828217649168878856 0.04044750526689669390 0.34095764512874848773 0.00000000099999999972 0.00000000099999999972 0.00000000099999999972 0.00000000099999999972 0.00000000099999999972 
0.40743353405832838376 0.00000000099999999974 0.47475121282572885217 0.11781524611594278162 0.00000000099999999974 0.00000000099999999974 0.00000000099999999974 0.00000000099999999974 0.00000000099999999974 0.00000000099999999974 
0.14795527076599565564 0.29612302615414370921 0.00000000099999999989 0.01442230147801471137 0.00000000099999999989 0.00000000099999999989 0.00000000099999999989 0.03201267715205855652 0.50948671944978718429 0.00000000099999999989 
0.00000000099999999933 0.99999999100000014352 0.00000000099999999933 0.00000000099999999933 0.00000000099999999933 0.00000000099999999933 0.00000000099999999933 0.00000000099999999933 0.00000000099999999933 0.00000000099999999933 
0.99999999100000014352 0.00000000099999999977 0.00000000099999999977 0.00000000099999999977 0.00000000099999999977 0.00000000099999999977 0.00000000099999999977 0.00000000099999999977 0.00000000099999999977 0.00000000099999999977 
0.00000000099999999985 0.00000000099999999985 0.00000000099999999985 0.00000000099999999985 0.00000000099999999985 0.10891599360350044667 0.06766087723838008772 0.82342312215811941378 0.00000000099999999985 0.00000000099999999985 
0.00000000099999999964 0.00000000099999999964 0.00000000099999999964 0.00000000099999999964 0.00000000099999999964 0.00000000099999999964 0.99999999099999992147 0.00000000099999999964 0.00000000099999999964 0.00000000099999999964 
0.00000000099999999991 0.21156220769932904124 0.00000000099999999991 0.00000000099999999991 0.00000000099999999991 0.00010328781336697550 0.05865009936955675740 0.29209958752318376796 0.00000000099999999991 0.43758481259456349921 
0.00000000099999999950 0.86492884662133495688 0.00000000099999999950 0.00000000099999999950 0.00000000099999999950 0.00000000099999999950 0.00000000099999999950 0.00000000099999999950 0.00000000099999999950 0.13507114537866526938 
0.84390729683308374209 0.00000000099999999951 0.00000000099999999951 0.00000000099999999951 0.15609269516691637314 0.00000000099999999951 0.00000000099999999951 0.00000000099999999951 0.00000000099999999951 0.00000000099999999951 
0.00000000099999999970 0.00000000099999999970 0.41399872417601835117 0.06322253311053566138 0.52277873571344612991 0.00000000099999999970 0.00000000099999999970 0.00000000099999999970 0.00000000099999999970 0.00000000099999999970 
0.00000000099999999954 0.00000000099999999954 0.00000000099999999954 0.00000000099999999954 0.00000000099999999954 0.00000000099999999954 0.99999999100000003249 0.00000000099999999954 0.00000000099999999954 0.00000000099999999954 
0.00000000099999999979 0.00000000099999999979 0.00000000099999999979 0.00000000099999999979 0.00000000099999999979 0.99999999100000014352 0.00000000099999999979 0.00000000099999999979 0.00000000099999999979 0.00000000099999999979 
0.00000000099999999968 0.00000000099999999968 0.00000000099999999968 0.00000000099999999968 0.00000000099999999968 0.00000000099999999968 0.00000000099999999968 0.99999999099999992147 0.00000000099999999968 0.00000000099999999968 
0.00000000099999999978 0.00000000099999999978 0.00000000099999999978 0.00000000099999999978 0.00000000099999999978 0.99999999100000014352 0.00000000099999999978 0.00000000099999999978 0.00000000099999999978 0.00000000099999999978 
0.00000000099999999957 0.00000000099999999957 0.00000000099999999957 0.00000000099999999957 0.00000000099999999957 0.00000000099999999957 0.00000000099999999957 0.00000000099999999957 0.99999999099999992147 0.00000000099999999957 
0.00000000099999999938 0.99999999100000014352 0.00000000099999999938 0.00000000099999999938 0.00000000099999999938 0.00000000099999999938 0.00000000099999999938 0.00000000099999999938 0.00000000099999999938 0.00000000099999999938 
0.00000000099999999977 0.00000000099999999977 0.31010327256462466572 0.26327352932335490454 0.42662319111202057220 0.00000000099999999977 0.00000000099999999977 0.00000000099999999977 0.00000000099999999977 0.00000000099999999977 
0.00000000099999999946 0.00000000099999999946 0.00000000099999999946 0.00000000099999999946 0.00000000099999999946 0.00000000099999999946 0.00000000099999999946 0.00000000099999999946 0.99999999100000003249 0.00000000099999999946 
0.00000000099999999940 0.00000000099999999940 0.00000000099999999940 0.00000000099999999940 0.00000000099999999940 0.00000000099999999940 0.00000000099999999940 0.00000000099999999940 0.99999999099999992147 0.00000000099999999940 
0.02457396763649181970 0.00000000099999999968 0.36332783157636644455 0.12592793688587319845 0.48617025790126866536 0.00000000099999999968 0.00000000099999999968 0.00000000099999999968 0.00000000099999999968 0.00000000099999999968 
0.00000000099999999993 0.00000000099999999993 0.00000000099999999993 0.00000000099999999993 0.01578839225769720217 0.00000000099999999993 0.21395087968386319877 0.53978640323104154497 0.08563969059924070315 0.14483462922815742990 
0.00000000099999999987 0.00000000099999999987 0.00000000099999999987 0.00000000099999999987 0.00000000099999999987 0.00000000099999999987 0.00000000099999999987 0.33245478560354196906 0.16123734267085298999 0.50630786472560507239 
0.00000000099999999979 0.00000000099999999979 0.00000000099999999979 0.00000000099999999979 0.00000000099999999979 0.10768555545042367283 0.17374816250249663918 0.00000000099999999979 0.71856627504707970555 0.00000000099999999979 
0.00000000099999999975 0.00000000099999999975 0.35179701759013987106 0.00000000099999999975 0.64820297440986018866 0.00000000099999999975 0.00000000099999999975 0.00000000099999999975 0.00000000099999999975 0.00000000099999999975 
0.00000000099999999981 0.00000000099999999981 0.00000000099999999981 0.00005264147004294860 0.00000000099999999981 0.86452965473398679652 0.13541769679597018272 0.00000000099999999981 0.00000000099999999981 0.00000000099999999981 
0.00000000099999999960 0.00000000099999999960 0.00000000099999999960 0.00000000099999999960 0.00000000099999999960 0.99999999100000014352 0.00000000099999999960 0.00000000099999999960 0.00000000099999999960 0.00000000099999999960 
0.00000000099999999968 0.00000000099999999968 0.00000000099999999968 0.00000000099999999968 0.00000000099999999968 0.00000000099999999968 0.81663029171912882020 0.00000000099999999968 0.18336970028087110074 0.00000000099999999968 
0.00000000099999999979 0.15285316965079373541 0.00000000099999999979 0.00000000099999999979 0.00000000099999999979 0.00000000099999999979 0.18318897910365897208 0.00000000099999999979 0.66395784424554704639 0.00000000099999999979 
0.26513700297894299274 0.00000000099999999978 0.10935442268985655356 0.27620477134357884763 0.28158111845264388595 0.00000000099999999978 0.00000000099999999978 0.00000000099999999978 0.00000000099999999978 0.06772267953497777826 
0.99999999100000025454 0.00000000099999999980 0.00000000099999999980 0.00000000099999999980 0.00000000099999999980 0.00000000099999999980 0.00000000099999999980 0.00000000099999999980 0.00000000099999999980 0.00000000099999999980 
0.26320811722749887229 0.00000000099999999982 0.46356294704515316196 0.20801168662411256838 0.00000000099999999982 0.00000000099999999982 0.00000000099999999982 0.00000000099999999982 0.00000000099999999982 0.06521724310323556706 
0.00000000099999999981 0.00000000099999999981 0.00000000099999999981 0.00000000099999999981 0.00000000099999999981 0.00000000099999999981 0.18462005727308355985 0.00000000099999999981 0.81537993472691638885 0.00000000099999999981 
0.00000000099999999972 0.00000000099999999972 0.00000000099999999972 0.00000000099999999972 0.00000000099999999972 0.00000000099999999972 0.00000000099999999972 0.24292066782236190758 0.75707932417763801336 0.00000000099999999972 
0.00000000099999999944 0.00000000099999999944 0.00000000099999999944 0.00000000099999999944 0.00000000099999999944 0.00000000099999999944 0.00000000099999999944 0.00000000099999999944 0.99999999100000003249 0.00000000099999999944 
0.00000000099999999980 0.00000000099999999980 0.00000000099999999980 0.00000000099999999980 0.95855630956493387274 0.00000000099999999980 0.00000000099999999980 0.00000000099999999980 0.04144368243506609678 0.00000000099999999980 
0.00000000099999999959 0.00000000099999999959 0.00000000099999999959 0.00000000099999999959 0.00000000099999999959 0.99999999100000003249 0.00000000099999999959 0.00000000099999999959 0.00000000099999999959 0.00000000099999999959 
0.00000000099999999957 0.00000000099999999957 0.00000000099999999957 0.00000000099999999957 0.00000000099999999957 0.00000000099999999957 0.99999999100000003249 0.00000000099999999957 0.00000000099999999957 0.00000000099999999957 
0.00000000099999999981 0.00000000099999999981 0.00000000099999999981 0.42286202217912932655 0.57713796982087073317 0.00000000099999999981 0.00000000099999999981 0.00000000099999999981 0.00000000099999999981 0.00000000099999999981 
0.00000000099999999971 0.00000000099999999971 0.00000000099999999971 0.00000000099999999971 0.00000000099999999971 0.99999999100000014352 0.00000000099999999971 0.00000000099999999971 0.00000000099999999971 0.00000000099999999971 
0.00000000099999999987 0.00000000099999999987 0.00000000099999999987 0.00000000099999999987 0.00000000099999999987 0.00000000099999999987 0.00000000099999999987 0.74015410290137473304 0.00000000099999999987 0.25984588909862527117 
0.17342242930279067048 0.04819161421964215236 0.00000000099999999989 0.00000000099999999989 0.00000000099999999989 0.00000000099999999989 0.18056004220070820399 0.00000000099999999989 0.00000000099999999989 0.59782590827685899715 
0.00000000099999999988 0.06402477327754778347 0.00032347834741792926 0.05056130840477410238 0.00000000099999999988 0.00000000099999999988 0.51138637316869106630 0.00000000099999999988 0.37370406180156917619 0.00000000099999999988 
0.00000000099999999983 0.00000000099999999983 0.00000001646195169513 0.00000000099999999983 0.00000000099999999983 0.00000000099999999983 0.00000000099999999983 0.00000000099999999983 0.80627235830920007675 0.19372761822884834726 
0.00000000099999999983 0.00000000099999999983 0.00000000099999999983 0.00000000099999999983 0.00000000099999999983 0.00000000099999999983 0.00000000099999999983 0.80774113098069633132 0.00000000099999999983 0.19225886101930367289 
0.00000000099999999980 0.00000000099999999980 0.44000688810205962342 0.13163906579277306896 0.23853594990087656491 0.00000000099999999980 0.00000000099999999980 0.00000000099999999980 0.18981809020429082913 0.00000000099999999980 
0.00000000099999999981 0.00000000099999999981 0.00000000099999999981 0.00000000099999999981 0.09193436954037342845 0.00000000099999999981 0.00000000099999999981 0.00922940235613052724 0.00000000099999999981 0.89883622110349614687 
0.00000000099999999962 0.00000000099999999962 0.00000000099999999962 0.00000000099999999962 0.00000000099999999962 0.00000000099999999962 0.00000000099999999962 0.00000000099999999962 0.99999999100000003249 0.00000000099999999962 
0.54257317201226173964 0.00000000099999999975 0.28103382694880296722 0.00000000099999999975 0.17639299403893538010 0.00000000099999999975 0.00000000099999999975 0.00000000099999999975 0.00000000099999999975 0.00000000099999999975 
0.00000000099999999988 0.00000000099999999988 0.00000000099999999988 0.00000000099999999988 0.00000000099999999988 0.00000000099999999988 0.29982239820783723738 0.41368192419502103352 0.00000000099999999988 0.28649567059714181605 
0.00000000099999999980 0.00000000099999999980 0.00000000099999999980 0.00000000099999999980 0.00000000099999999980 0.00000000099999999980 0.00000000099999999980 0.99999999100000003249 0.00000000099999999980 0.00000000099999999980 
0.00000000099999999979 0.00000000099999999979 0.00000000099999999979 0.00000000099999999979 0.00000000136308439660 0.99999999063691558110 0.00000000099999999979 0.00000000099999999979 0.00000000099999999979 0.00000000099999999979 
0.00000000099999999947 0.00000000099999999947 0.00000000099999999947 0.00000000099999999947 0.00000000099999999947 0.99999999100000014352 0.00000000099999999947 0.00000000099999999947 0.00000000099999999947 0.00000000099999999947 
0.08351776409118714939 0.00000000099999999989 0.00000000099999999989 0.00000000099999999989 0.00000000099999999989 0.09268814971340409714 0.00000000099999999989 0.82379407919540870164 0.00000000099999999989 0.00000000099999999989 
0.00000000099999999974 0.00000000099999999974 0.00000000099999999974 0.00000000099999999974 0.99999999100000014352 0.00000000099999999974 0.00000000099999999974 0.00000000099999999974 0.00000000099999999974 0.00000000099999999974 
0.00000000099999999992 0.00000000099999999992 0.22330240904110340572 0.00000000099999999992 0.00000000099999999992 0.00000000099999999992 0.00000000099999999992 0.63160085208161642623 0.14509673187728008847 0.00000000099999999992 
0.03288902001910314760 0.13287927975951302484 0.00000000099999999991 0.00000000099999999991 0.17175612810953502785 0.00000000099999999991 0.00000000099999999991 0.00000000099999999991 0.24946245196257338383 0.41301311514927518953 
0.00000034502181540248 0.00000000099999999992 0.47165354637043571673 0.00000000099999999992 0.00000000099999999992 0.00000000099999999992 0.00000000099999999992 0.28179341602424395896 0.00000000099999999992 0.24655268658350490418 
0.00000000099999999987 0.00000000099999999987 0.57804140306164286667 0.14879688221595369080 0.00000000099999999987 0.16313290873384192481 0.11002879998856136823 0.00000000099999999987 0.00000000099999999987 0.00000000099999999987 
0.00000000099999999980 0.00000000099999999980 0.00000000099999999980 0.99999999100000003249 0.00000000099999999980 0.00000000099999999980 0.00000000099999999980 0.00000000099999999980 0.00000000099999999980 0.00000000099999999980 
0.00000000099999999984 0.00000000099999999984 0.99999999100000003249 0.00000000099999999984 0.00000000099999999984 0.00000000099999999984 0.00000000099999999984 0.00000000099999999984 0.00000000099999999984 0.00000000099999999984 
0.00000000099999999993 0.27448151787597679929 0.00000000099999999993 0.00000000099999999993 0.00000000099999999993 0.11713632472246850169 0.08656665103632452118 0.23381769072753783023 0.03144016896252807558 0.25655764267516417698 
0.00000000099999999989 0.00000000099999999989 0.25035243737259443852 0.13152053512828670856 0.32611029475629360608 0.20403862859845517397 0.00000000099999999989 0.08797809914437024204 0.00000000099999999989 0.00000000099999999989 
0.53954707300088944333 0.00000000099999999993 0.00000000099999999993 0.24525094276856629349 0.00000000099999999993 0.00000000099999999993 0.02978405702139747674 0.18541792120914676878 0.00000000099999999993 0.00000000099999999993 
0.31454590188501641013 0.00000000099999999972 0.68545409011498370511 0.00000000099999999972 0.00000000099999999972 0.00000000099999999972 0.00000000099999999972 0.00000000099999999972 0.00000000099999999972 0.00000000099999999972 
0.00000000099999999976 0.00000000099999999976 0.99999999100000014352 0.00000000099999999976 0.00000000099999999976 0.00000000099999999976 0.00000000099999999976 0.00000000099999999976 0.00000000099999999976 0.00000000099999999976 
0.00000000099999999979 0.00000000099999999979 0.00000000099999999979 0.00000000099999999979 0.99999999100000014352 0.00000000099999999979 0.00000000099999999979 0.00000000099999999979 0.00000000099999999979 0.00000000099999999979 
0.00000000099999999982 0.00000000099999999982 0.00000000099999999982 0.00000000099999999982 0.00000000099999999982 0.00000000099999999982 0.99999999099999992147 0.00000000099999999982 0.00000000099999999982 0.00000000099999999982 
0.32017608625981808235 0.00000000099999999977 0.10404433417143693630 0.00000000099999999977 0.57577463158807451471 0.00000494198067045968 0.00000000099999999977 0.00000000099999999977 0.00000000099999999977 0.00000000099999999977 
0.53670775691079142256 0.00000000099999999984 0.46329222066375214117 0.00000000099999999984 0.00000001542545663796 0.00000000099999999984 0.00000000099999999984 0.00000000099999999984 0.00000000099999999984 0.00000000099999999984 
0.00000000099999999991 0.00000000878837054129 0.00000000099999999991 0.08866526501784927072 0.00000000099999999991 0.00000000099999999991 0.00000000099999999991 0.73950916837214675237 0.17182555182163344876 0.00000000099999999991 
0.00000000099999999990 0.00000000099999999990 0.29853578774172045973 0.00000000099999999990 0.00000000099999999990 0.00000000099999999990 0.00000000099999999990 0.21753695931466821012 0.00000000099999999990 0.48392724594361119506 
0.13093073418121212170 0.00000000099999999992 0.00000000099999999992 0.00000000099999999992 0.00000000099999999992 0.00000000099999999992 0.00000000099999999992 0.00000000099999999992 0.00000000099999999992 0.86906925781878796577 
0.00000000099999999990 0.00000000099999999990 0.00000000099999999990 0.00000000099999999990 0.00000000099999999990 0.00000000099999999990 0.33391852263308158255 0.66608146936691858819 0.00000000099999999990 0.00000000099999999990 
0.00000000099999999989 0.10131270655785967749 0.54528826307264088857 0.26819415004994956453 0.00000000099999999989 0.00000000099999999989 0.08520487431954998359 0.00000000099999999989 0.00000000099999999989 0.00000000099999999989 
0.00000000099999999979 0.00000000099999999979 0.47837069821764693911 0.44671741894529226613 0.00000000099999999979 0.07491187583706088171 0.00000000099999999979 0.00000000099999999979 0.00000000099999999979 0.00000000099999999979 
0.00000000099999999983 0.00000000099999999983 0.00000000099999999983 0.12861406521345916665 0.00000000099999999983 0.00000000099999999983 0.00000000099999999983 0.00000000099999999983 0.00000000099999999983 0.87138592678654092083 
0.00000000099999999980 0.00000000099999999980 0.99999999100000003249 0.00000000099999999980 0.00000000099999999980 0.00000000099999999980 0.00000000099999999980 0.00000000099999999980 0.00000000099999999980 0.00000000099999999980 
0.00000000099999999977 0.00000000099999999977 0.99999999100000003249 0.00000000099999999977 0.00000000099999999977 0.00000000099999999977 0.00000000099999999977 0.00000000099999999977 0.00000000099999999977 0.00000000099999999977 
0.00000000099999999985 0.00000000099999999985 0.00000000099999999985 0.54184715742107181224 0.45815283457892819197 0.00000000099999999985 0.00000000099999999985 0.00000000099999999985 0.00000000099999999985 0.00000000099999999985 
0.34699180048983446767 0.00000000099999999993 0.00000000099999999993 0.61736699874256328879 0.00000000099999999993 0.00000000099999999993 0.00000013695006864927 0.00000000099999999993 0.03564105781753368341 0.00000000099999999993 
0.00000000099999999976 0.00000000099999999976 0.00000000099999999976 0.99999999100000014352 0.00000000099999999976 0.00000000099999999976 0.00000000099999999976 0.00000000099999999976 0.00000000099999999976 0.00000000099999999976 
0.00000000099999999987 0.33256336764589883304 0.00000000099999999987 0.00000000099999999987 0.00000000099999999987 0.00000000099999999987 0.43378961252272946192 0.00000000099999999987 0.00000000099999999987 0.23364701283137168097 
0.00000000099999999992 0.00000000972465763488 0.26221659372289851664 0.00000000099999999992 0.00000000099999999992 0.00000000099999999992 0.00000000099999999992 0.64584667558906527773 0.09193671496337822713 0.00000000099999999992 
0.00000000099999999966 0.00000000099999999966 0.99999999100000014352 0.00000000099999999966 0.00000000099999999966 0.00000000099999999966 0.00000000099999999966 0.00000000099999999966 0.00000000099999999966 0.00000000099999999966 
0.00000000099999999972 0.00000000099999999972 0.00000000099999999972 0.00000000099999999972 0.00000000099999999972 0.00000000099999999972 0.00000000099999999972 0.99999999100000003249 0.00000000099999999972 0.00000000099999999972 
0.00000000099999999968 0.00000000099999999968 0.00000000099999999968 0.00000000099999999968 0.00000000099999999968 0.99999999100000014352 0.00000000099999999968 0.00000000099999999968 0.00000000099999999968 0.00000000099999999968 
0.00000000099999999973 0.00000000099999999973 0.00000000099999999973 0.00000000099999999973 0.99999999100000003249 0.00000000099999999973 0.00000000099999999973 0.00000000099999999973 0.00000000099999999973 0.00000000099999999973 
0.19884120328713436598 0.00000000099999999985 0.00000000099999999985 0.00000000099999999985 0.00000000099999999985 0.80115878871286583252 0.00000000099999999985 0.00000000099999999985 0.00000000099999999985 0.00000000099999999985 
0.00000000099999999977 0.00000000099999999977 0.00000000099999999977 0.00000000099999999977 0.99999999100000014352 0.00000000099999999977 0.00000000099999999977 0.00000000099999999977 0.00000000099999999977 0.00000000099999999977 
0.00000000099999999961 0.99999999100000025454 0.00000000099999999961 0.00000000099999999961 0.00000000099999999961 0.00000000099999999961 0.00000000099999999961 0.00000000099999999961 0.00000000099999999961 0.00000000099999999961 
0.00000000099999999993 0.00000000099999999993 0.00000000099999999993 0.00000000177379546027 0.10517564770660260687 0.67948353578396636365 0.00000000099999999993 0.21534080873563554714 0.00000000099999999993 0.00000000099999999993 
0.00000000099999999984 0.00000000099999999984 0.42876219123494396790 0.00000000099999999984 0.00000000099999999984 0.57123780076505614733 0.00000000099999999984 0.00000000099999999984 0.00000000099999999984 0.00000000099999999984 
0.00000000099999999983 0.00000000099999999983 0.99999999100000014352 0.00000000099999999983 0.00000000099999999983 0.00000000099999999983 0.00000000099999999983 0.00000000099999999983 0.00000000099999999983 0.00000000099999999983 
0.00000000099999999984 0.00000000099999999984 0.00000000099999999984 0.00000000099999999984 0.00000000099999999984 0.99999999100000003249 0.00000000099999999984 0.00000000099999999984 0.00000000099999999984 0.00000000099999999984 
0.78781473157611969782 0.00000000099999999981 0.21218526042388038966 0.00000000099999999981 0.00000000099999999981 0.00000000099999999981 0.00000000099999999981 0.00000000099999999981 0.00000000099999999981 0.00000000099999999981 
0.00000000099999999984 0.00000000099999999984 0.00000000099999999984 0.00000000099999999984 0.00000000099999999984 0.00000000099999999984 0.25550744834417415952 0.74449254365582573367 0.00000000099999999984 0.00000000099999999984 
0.00000000099999999980 0.00000000099999999980 0.00000000099999999980 0.00000000099999999980 0.24194246768909929979 0.71041660568323916625 0.00000000099999999980 0.00000000099999999980 0.00000000099999999980 0.04764091962766171112 
0.00000000099999999987 0.00000000099999999987 0.33437661943534358056 0.44462153758458317077 0.00000000099999999987 0.00000000099999999987 0.00000000099999999987 0.22100183598007325236 0.00000000099999999987 0.00000000099999999987 
0.00000000099999999968 0.00000000099999999968 0.00000000099999999968 0.00000000099999999968 0.00000000099999999968 0.00000000099999999968 0.00000000099999999968 0.00000000099999999968 0.99999999099999992147 0.00000000099999999968 
0.00000000099999999985 0.00000000099999999985 0.00000000099999999985 0.00000000099999999985 0.00000000099999999985 0.78744035041500193284 0.00000000099999999985 0.00000000099999999985 0.00000000099999999985 0.21255964158499818240 
0.00000000099999999974 0.00000000099999999974 0.99999999100000014352 0.00000000099999999974 0.00000000099999999974 0.00000000099999999974 0.00000000099999999974 0.00000000099999999974 0.00000000099999999974 0.00000000099999999974 
0.00000000099999999987 0.00000000099999999987 0.00000000099999999987 0.00000000099999999987 0.00000000099999999987 0.99999999100000014352 0.00000000099999999987 0.00000000099999999987 0.00000000099999999987 0.00000000099999999987 
0.00000000099999999982 0.00000000099999999982 0.00000000099999999982 0.00000000099999999982 0.21058449472618756548 0.78941549727381254975 0.00000000099999999982 0.00000000099999999982 0.00000000099999999982 0.00000000099999999982 
0.00000000099999999982 0.00000000099999999982 0.00000000099999999982 0.00000000099999999982 0.00000000099999999982 0.11184386809247097438 0.00000000099999999982 0.88815612390752907146 0.00000000099999999982 0.00000000099999999982 
0.00000000099999999992 0.00000000099999999992 0.00000000099999999992 0.14703166097344996799 0.00000000099999999992 0.00000000099999999992 0.09371425448022309423 0.00000000099999999992 0.33206422725419187936 0.42718985129213510321 
0.00000000099999999993 0.00000000099999999993 0.00000000099999999993 0.00000000099999999993 0.00000000099999999993 0.86409703411855576238 0.00000000099999999993 0.00000000099999999993 0.13590295788144418632 0.00000000099999999993 
0.00000000099999999986 0.00000000099999999986 0.52065125880635654276 0.47934873319364351696 0.00000000099999999986 0.00000000099999999986 0.00000000099999999986 0.00000000099999999986 0.00000000099999999986 0.00000000099999999986 
0.00000000099999999986 0.00000000099999999986 0.45662024791452310302 0.54337974408547695671 0.00000000099999999986 0.00000000099999999986 0.00000000099999999986 0.00000000099999999986 0.00000000099999999986 0.00000000099999999986 
0.00000000099999999990 0.00000000099999999990 0.14593578661265413365 0.00000000099999999990 0.00000000099999999990 0.00000000099999999990 0.00000000099999999990 0.38942290315844324544 0.00000000099999999990 0.46464130322890268010 
0.00000000099999999994 0.00000000099999999994 0.20327824201168046003 0.56026011079612403343 0.00000000099999999994 0.00000101222263774980 0.00000000099999999994 0.23646062896955785670 0.00000000099999999994 0.00000000099999999994 
0.00000000099999999984 0.00000000099999999984 0.11433498601435608533 0.00000000099999999984 0.88566500598564401603 0.00000000099999999984 0.00000000099999999984 0.00000000099999999984 0.00000000099999999984 0.00000000099999999984 
0.00000000099999999987 0.00000000099999999987 0.29916201829796673639 0.00000000099999999987 0.69073315230687926114 0.01010482239515403564 0.00000000099999999987 0.00000000099999999987 0.00000000099999999987 0.00000000099999999987 
0.00000000099999999993 0.00000000099999999993 0.21195132362935029113 0.48564019035176730910 0.19470042627963182746 0.06983214826973449529 0.00000000099999999993 0.03787590646951618373 0.00000000099999999993 0.00000000099999999993 
0.00000000099999999987 0.00000000099999999987 0.00000000099999999987 0.00000000099999999987 0.88505744733006430636 0.11494254466993569785 0.00000000099999999987 0.00000000099999999987 0.00000000099999999987 0.00000000099999999987 
0.25946461822663846597 0.00000000099999999991 0.00000000099999999991 0.74053537377336153824 0.00000000099999999991 0.00000000099999999991 0.00000000099999999991 0.00000000099999999991 0.00000000099999999991 0.00000000099999999991 
0.00000000099999999994 0.09508516026358335149 0.16163015935972338544 0.00000000099999999994 0.00000000099999999994 0.00000000099999999994 0.00000000099999999994 0.00287731382880603492 0.00000000099999999994 0.74040736054788702791 
0.00000000099999999993 0.19497143816812786965 0.00000000099999999993 0.00000000099999999993 0.68566213282998411671 0.00000000099999999993 0.00000000099999999993 0.00000000099999999993 0.00000000099999999993 0.11936642200188812835 
0.00000000099999999984 0.00000000099999999984 0.00000000099999999984 0.00000000099999999984 0.00000000099999999984 0.99999999100000014352 0.00000000099999999984 0.00000000099999999984 0.00000000099999999984 0.00000000099999999984 
0.00000000099999999997 0.11858203769348052425 0.06643689424145168831 0.00000000099999999997 0.10513928215918297293 0.00000000099999999997 0.00000000099999999997 0.00000000099999999997 0.41232259422244987856 0.29751918668343485530 
0.00000000099999999987 0.00000000099999999987 0.00000000099999999987 0.00000000099999999987 0.00000000099999999987 0.00000000099999999987 0.00000000099999999987 0.00000000099999999987 0.00000000099999999987 0.99999999100000003249 
0.00000000099999999990 0.00000000099999999990 0.43940418296281802402 0.00000000099999999990 0.00000000099999999990 0.56059580903718209122 0.00000000099999999990 0.00000000099999999990 0.00000000099999999990 0.00000000099999999990 
0.00000000099999999989 0.00000000099999999989 0.00000000099999999989 0.00000000099999999989 0.00000000099999999989 0.99999999100000014352 0.00000000099999999989 0.00000000099999999989 0.00000000099999999989 0.00000000099999999989 
0.00000000099999999992 0.52465924510234096534 0.41802565531958568723 0.05694877101314396728 0.00000000099999999992 0.00000000099999999992 0.00000000099999999992 0.00000000099999999992 0.00000000099999999992 0.00036632256492958546 
0.00000000099999999985 0.00000000099999999985 0.41924734524436974015 0.58075264675563043060 0.00000000099999999985 0.00000000099999999985 0.00000000099999999985 0.00000000099999999985 0.00000000099999999985 0.00000000099999999985 
0.00000000099999999987 0.00000000099999999987 0.00151649378728249229 0.99848349821271753513 0.00000000099999999987 0.00000000099999999987 0.00000000099999999987 0.00000000099999999987 0.00000000099999999987 0.00000000099999999987 
0.00000000099999999994 0.00000000099999999994 0.11684960053759620158 0.00000000099999999994 0.00000000099999999994 0.09087209098227769233 0.00000000099999999994 0.49658799828809835342 0.29569030419202779747 0.00000000099999999994 
0.00000000099999999991 0.00000000099999999991 0.60013598190163275348 0.37767282368390736602 0.02216111418062002847 0.00003007423383981558 0.00000000099999999991 0.00000000099999999991 0.00000000099999999991 0.00000000099999999991 
0.00000000099999999988 0.00000000099999999988 0.00000000099999999988 0.00000000099999999988 0.15580086837555470747 0.00000000099999999988 0.00000000099999999988 0.00000000099999999988 0.41673264287080363788 0.42746648175364171385 
0.00000000099999999991 0.00000000099999999991 0.00000000099999999991 0.58236187011064721730 0.00000000099999999991 0.00000000099999999991 0.41763812188935278691 0.00000000099999999991 0.00000000099999999991 0.00000000099999999991 
0.00000000099999999987 0.00000000099999999987 0.00000000099999999987 0.00000000099999999987 0.99999999100000003249 0.00000000099999999987 0.00000000099999999987 0.00000000099999999987 0.00000000099999999987 0.00000000099999999987 
0.00000000099999999984 0.00000000099999999984 0.39750903862560998947 0.00000000099999999984 0.00000000099999999984 0.60249095337439007025 0.00000000099999999984 0.00000000099999999984 0.00000000099999999984 0.00000000099999999984 
