0.00000000099999999909 0.00000000099999999909 0.99999999000000017180 0.00000000099999999909 0.00000000099999999909 0.00000000099999999909 0.00000000099999999909 0.00000000099999999909 0.00000000099999999909 0.00000000099999999909 0.00000000099999999909 
0.24005563012569131054 0.00000000099999999948 0.00000000099999999948 0.00000000099999999948 0.01414830035297072811 0.00000000099999999948 0.00000000099999999948 0.74579606152133792740 0.00000000099999999948 0.00000000099999999948 0.00000000099999999948 
0.00000000099999999868 0.00000000099999999868 0.00000000099999999868 0.00000000099999999868 0.00000000099999999868 0.99999998999999994975 0.00000000099999999868 0.00000000099999999868 0.00000000099999999868 0.00000000099999999868 0.00000000099999999868 
0.38582458531584712391 0.00000000099999999938 0.00000000099999999938 0.00000000099999999938 0.08695020102473167978 0.03153584833575352048 0.00000000099999999938 0.49568935832366750605 0.00000000099999999938 0.00000000099999999938 0.00000000099999999938 
0.29138223712123212383 0.00000000099999999948 0.00000000099999999948 0.00000000099999999948 0.00000000099999999948 0.00000000099999999948 0.00000000099999999948 0.70861775387876768661 0.00000000099999999948 0.00000000099999999948 0.00000000099999999948 
0.00000000099999999973 0.32758296064292136140 0.00000000099999999973 0.00000000099999999973 0.00000000099999999973 0.02857052240808989271 0.47084250832600516024 0.00000000099999999973 0.00000000099999999973 0.00000000099999999973 0.17300400162298357198 
0.00000000099999999977 0.29849204339731993940 0.00000000099999999977 0.00000000099999999977 0.00000000099999999977 0.00000000099999999977 0.00000000203478428727 0.00000000099999999977 0.54372121155909136636 0.00000000099999999977 0.15778673600880444017 
0.18478007000493892886 0.00000000099999999953 0.00000000099999999953 0.00000000099999999953 0.81521992099506113139 0.00000000099999999953 0.00000000099999999953 0.00000000099999999953 0.00000000099999999953 0.00000000099999999953 0.00000000099999999953 
0.00000000099999999902 0.00000000099999999902 0.00000000099999999902 0.00000000099999999902 0.00000000099999999902 0.99999999000000006077 0.00000000099999999902 0.00000000099999999902 0.00000000099999999902 0.00000000099999999902 0.00000000099999999902 
0.00000000099999999931 0.00000000099999999931 0.00000000099999999931 0.00000000099999999931 0.00000000099999999931 0.00000000099999999931 0.99999998999999994975 0.00000000099999999931 0.00000000099999999931 0.00000000099999999931 0.00000000099999999931 
0.22759943114559594290 0.00000000099999999946 0.00000000099999999946 0.00000000099999999946 0.04576303024985487605 0.26371276407364258043 0.00000000099999999946 0.46292476753090672226 0.00000000099999999946 0.00000000099999999946 0.00000000099999999946 
0.19685660672483862310 0.00000000099999999947 0.00000000099999999947 0.00000000099999999947 0.16420181714363332737 0.00000000099999999947 0.00000000099999999947 0.63894156813152802599 0.00000000099999999947 0.00000000099999999947 0.00000000099999999947 
0.29907605860299940614 0.00000000099999999943 0.00000000099999999943 0.00000000099999999943 0.17856812075323963418 0.00000000099999999943 0.00000000099999999943 0.52235581264376085286 0.00000000099999999943 0.00000000099999999943 0.00000000099999999943 
0.00000000099999999920 0.00000000099999999920 0.00000000099999999920 0.99999999000000017180 0.00000000099999999920 0.00000000099999999920 0.00000000099999999920 0.00000000099999999920 0.00000000099999999920 0.00000000099999999920 0.00000000099999999920 
0.00000000099999999952 0.00000000099999999952 0.00000000099999999952 0.00000000099999999952 0.58538617477760868102 0.39914420256234622864 0.00000000099999999952 0.00000000099999999952 0.00000000099999999952 0.01546961466004502690 0.00000000099999999952 
0.00000000099999999926 0.99999999000000017180 0.00000000099999999926 0.00000000099999999926 0.00000000099999999926 0.00000000099999999926 0.00000000099999999926 0.00000000099999999926 0.00000000099999999926 0.00000000099999999926 0.00000000099999999926 
0.35805754733771288922 0.00000000099999999958 0.00000000099999999958 0.00000000099999999958 0.04150237220805190475 0.00000000099999999958 0.00000000099999999958 0.43696307504028480961 0.00000000099999999958 0.16347699841395016418 0.00000000099999999958 
0.19765070457861164122 0.00000000099999999940 0.00000000099999999940 0.00000000099999999940 0.00000000099999999940 0.08798267348791459497 0.00000000099999999940 0.71436661393347378191 0.00000000099999999940 0.00000000099999999940 0.00000000099999999940 
0.00000000099999999961 0.40981945711869238735 0.00000000099999999961 0.00020957949739672244 0.00000000099999999961 0.00000000099999999961 0.00000000099999999961 0.00000000099999999961 0.58997095538391075564 0.00000000099999999961 0.00000000099999999961 
0.13662983550666873978 0.00000000099999999951 0.00000000099999999951 0.00000000099999999951 0.24305948976995814248 0.03491505699266146678 0.00000000099999999951 0.58539561073071166852 0.00000000099999999951 0.00000000099999999951 0.00000000099999999951 
0.37129861038008205032 0.00000000099999999957 0.00000000099999999957 0.00000000099999999957 0.00000000099999999957 0.24723437586298138702 0.00000000099999999957 0.38146700575693653912 0.00000000099999999957 0.00000000099999999957 0.00000000099999999957 
0.00000000099999999933 0.00000000099999999933 0.00000000099999999933 0.00000000099999999933 0.00000000099999999933 0.99999999000000006077 0.00000000099999999933 0.00000000099999999933 0.00000000099999999933 0.00000000099999999933 0.00000000099999999933 
0.00000000099999999964 0.99867284638153430709 0.00000000099999999964 0.00000000099999999964 0.00000000099999999964 0.00000000099999999964 0.00132714461846579761 0.00000000099999999964 0.00000000099999999964 0.00000000099999999964 0.00000000099999999964 
0.09585550931822117704 0.31554715500000962702 0.00000000099999999983 0.00000000099999999983 0.00000000099999999983 0.00000000099999999983 0.00000005396578328562 0.00000000099999999983 0.00000000099999999983 0.00000000099999999983 0.58859727471598588533 
0.05944831064948451205 0.00000000099999999968 0.00000000099999999968 0.00000000099999999968 0.17552290594048650108 0.49918967945419567833 0.00000000099999999968 0.26583909695583340937 0.00000000099999999968 0.00000000099999999968 0.00000000099999999968 
0.00000000099999999878 0.00000000099999999878 0.00000000099999999878 0.99999998999999994975 0.00000000099999999878 0.00000000099999999878 0.00000000099999999878 0.00000000099999999878 0.00000000099999999878 0.00000000099999999878 0.00000000099999999878 
0.00000000099999999951 0.00000000099999999951 0.00000000099999999951 0.00000000099999999951 0.18624820317007290127 0.20159850367414611227 0.00000000099999999951 0.61215328515578082413 0.00000000099999999951 0.00000000099999999951 0.00000000099999999951 
0.00000000099999999974 0.71663076091192046135 0.00000000099999999974 0.00000000099999999974 0.00000000099999999974 0.00000000099999999974 0.00000000099999999974 0.00000000099999999974 0.28336923008807979318 0.00000000099999999974 0.00000000099999999974 
0.41721946456108582879 0.00000000099999999961 0.00000000099999999961 0.00000000099999999961 0.00000000099999999961 0.00000000099999999961 0.00000000099999999961 0.44092036727937938823 0.00000000099999999961 0.14186016015953456515 0.00000000099999999961 
0.00000000099999999954 0.00000000099999999954 0.00000000099999999954 0.00000000099999999954 0.00000000099999999954 0.00000000099999999954 0.00000000099999999954 0.97711822572205531134 0.00000000099999999954 0.02288176527794475584 0.00000000099999999954 
0.00000000099999999959 0.00000000099999999959 0.82140218094530803583 0.00000000099999999959 0.00000000099999999959 0.00000000099999999959 0.00000000099999999959 0.06603568366378161081 0.11256212739091052411 0.00000000099999999959 0.00000000099999999959 
0.00000000099999999962 0.00000000099999999962 0.00000000099999999962 0.00000000099999999962 0.00000000099999999962 0.00000000099999999962 0.82145452281592468147 0.00000000099999999962 0.00000000099999999962 0.17854546818407524000 0.00000000099999999962 
0.20869109650159350933 0.49168817772210132722 0.00000000099999999985 0.00000000099999999985 0.00000000099999999985 0.00000000099999999985 0.17918655311513206896 0.00000000099999999985 0.00000000099999999985 0.00000000099999999985 0.12043416566117337574 
0.00000000099999999945 0.00000000099999999945 0.00000000099999999945 0.00000000099999999945 0.00000000099999999945 0.00000000099999999945 0.99999999000000006077 0.00000000099999999945 0.00000000099999999945 0.00000000099999999945 0.00000000099999999945 
0.00000000099999999973 0.81090994188058740377 0.00000000099999999973 0.00000000099999999973 0.00000000099999999973 0.00000000099999999973 0.00000000099999999973 0.00000000099999999973 0.18909004911941285076 0.00000000099999999973 0.00000000099999999973 
0.00000000099999999885 0.00000000099999999885 0.00000000099999999885 0.99999998999999994975 0.00000000099999999885 0.00000000099999999885 0.00000000099999999885 0.00000000099999999885 0.00000000099999999885 0.00000000099999999885 0.00000000099999999885 
0.00000000099999999991 0.00000001196979052538 0.00000000099999999991 0.27055451810690772652 0.00000000099999999991 0.00000000099999999991 0.31961320700885459400 0.00000000099999999991 0.23589620786581891321 0.17171594773009496437 0.00222010231853309687 
0.30572692312608573673 0.00000000099999999981 0.00000000099999999981 0.00000000099999999981 0.42465585797977151161 0.00000000099999999981 0.00000000099999999981 0.17087136703624725143 0.09874584485789558719 0.00000000099999999981 0.00000000099999999981 
0.00000000099999999988 0.54067718922581542440 0.00000000099999999988 0.00000000099999999988 0.02630293272982748079 0.00000000099999999988 0.03699714170804136587 0.06746785498611115872 0.15196972742275491330 0.00000000099999999988 0.17658514892744966995 
0.00000000099999999974 0.00000000099999999974 0.00000000099999999974 0.00000000099999999974 0.72278414400194246348 0.00000000099999999974 0.00000000099999999974 0.00000000099999999974 0.00000000099999999974 0.27721584699805768004 0.00000000099999999974 
0.21498972103609170770 0.00000000099999999965 0.00000000099999999965 0.00000000099999999965 0.00000000099999999965 0.45646507889498572075 0.00000000099999999965 0.13390896055528886399 0.09418398243048929641 0.10045225108314428941 0.00000000099999999965 
0.27900245572829102114 0.00000000099999999966 0.00000000099999999966 0.00000000099999999966 0.00000000099999999966 0.07840154321272292670 0.00000000099999999966 0.54220125738434554741 0.10039473667464023088 0.00000000099999999966 0.00000000099999999966 
0.00000000099999999960 0.00000000099999999960 0.00000000099999999960 0.00000000099999999960 0.00000000099999999960 0.00000000099999999960 0.00000000099999999960 0.61770148059547513864 0.00000000099999999960 0.38229851040452483835 0.00000000099999999960 
0.00000000099999999987 0.00000000099999999987 0.00000000099999999987 0.19550040424795003813 0.09675051132151162026 0.09401009792637167461 0.50921564027631960325 0.00000000099999999987 0.04891611202007707659 0.00000000099999999987 0.05560722920776994121 
0.00000000099999999924 0.00000000099999999924 0.00000000099999999924 0.99999999000000017180 0.00000000099999999924 0.00000000099999999924 0.00000000099999999924 0.00000000099999999924 0.00000000099999999924 0.00000000099999999924 0.00000000099999999924 
0.00000000099999999974 0.00000000099999999974 0.00000000099999999974 0.00000000099999999974 0.00000000099999999974 0.60213370816641098582 0.00000000099999999974 0.39786628283358904667 0.00000000099999999974 0.00000000099999999974 0.00000000099999999974 
0.05362865838445438071 0.84557722853534444951 0.00000000099999999982 0.00000000099999999982 0.00000000099999999982 0.00000000099999999982 0.00000000099999999982 0.00000000099999999982 0.10079410508020132664 0.00000000099999999982 0.00000000099999999982 
0.00000000099999999974 0.02139289697435259319 0.00000000099999999974 0.00000000099999999974 0.00000000099999999974 0.00000000099999999974 0.74736699770453818292 0.00000000099999999974 0.00000000099999999974 0.00000000099999999974 0.23124009732110936688 
0.00000000099999999991 0.55897737670610492255 0.00000000099999999991 0.19799510707430315049 0.00000000099999999991 0.09184366669989307841 0.00000000099999999991 0.00000000099999999991 0.07350367836313764780 0.00000000099999999991 0.07768016515656128718 
0.07909493154055616260 0.00000000099999999949 0.00000000099999999949 0.92090505945944400867 0.00000000099999999949 0.00000000099999999949 0.00000000099999999949 0.00000000099999999949 0.00000000099999999949 0.00000000099999999949 0.00000000099999999949 
0.09251792897576587016 0.00000000099999999931 0.00000000099999999931 0.00000000099999999931 0.00000000099999999931 0.90748206202423420397 0.00000000099999999931 0.00000000099999999931 0.00000000099999999931 0.00000000099999999931 0.00000000099999999931 
0.48413238226482419035 0.00000000099999999970 0.00000000099999999970 0.00000000099999999970 0.13199251952973278801 0.00000000099999999970 0.00000000099999999970 0.26860465915371989354 0.00000000099999999970 0.11527043205172311791 0.00000000099999999970 
0.00000000099999999955 0.00000000099999999955 0.00000000099999999955 0.00000000099999999955 0.00000000099999999955 0.00000000099999999955 0.75541035087977492779 0.00000000099999999955 0.00000000099999999955 0.24458964012022502144 0.00000000099999999955 
0.00000000099999999974 0.00000000099999999974 0.79673569511441300062 0.00000000099999999974 0.00000000099999999974 0.00000000099999999974 0.00000000099999999974 0.00000000099999999974 0.00000000099999999974 0.20326429588558700412 0.00000000099999999974 
0.00000000099999999950 0.00000000099999999950 0.00000000099999999950 0.00000000099999999950 0.00000000099999999950 0.00000000099999999950 0.00000000099999999950 0.00000000099999999950 0.56449359205535620809 0.00000000099999999950 0.43550639894464365787 
0.00000000099999999976 0.00000000099999999976 0.99999999000000017180 0.00000000099999999976 0.00000000099999999976 0.00000000099999999976 0.00000000099999999976 0.00000000099999999976 0.00000000099999999976 0.00000000099999999976 0.00000000099999999976 
0.00000000099999999954 0.00000000099999999954 0.00000000099999999954 0.00000000099999999954 0.00000000099999999954 0.00000000099999999954 0.99999999000000006077 0.00000000099999999954 0.00000000099999999954 0.00000000099999999954 0.00000000099999999954 
0.00000000099999999930 0.00000000099999999930 0.00000000099999999930 0.99999999000000006077 0.00000000099999999930 0.00000000099999999930 0.00000000099999999930 0.00000000099999999930 0.00000000099999999930 0.00000000099999999930 0.00000000099999999930 
0.28460667814823864541 0.00000000099999999976 0.00000000099999999976 0.00000000099999999976 0.19693330243851236983 0.02954139391714389468 0.00000000099999999976 0.32105036453844976174 0.00000000099999999976 0.16786825495765533844 0.00000000099999999976 
0.04091339421159657930 0.00000000099999999965 0.00000000099999999965 0.00000000099999999965 0.00000000099999999965 0.00000000099999999965 0.89490036217519708384 0.00000000099999999965 0.06418623561320653537 0.00000000099999999965 0.00000000099999999965 
0.00000000099999999951 0.00000000099999999951 0.00000000099999999951 0.00000000099999999951 0.00000000099999999951 0.00000000099999999951 0.99999998999999994975 0.00000000099999999951 0.00000000099999999951 0.00000000099999999951 0.00000000099999999951 
0.29936009263731599983 0.00000000099999999963 0.00000000099999999963 0.00000000099999999963 0.30000555314812182850 0.11169264194673650392 0.00000000099999999963 0.28894170526782569919 0.00000000099999999963 0.00000000099999999963 0.00000000099999999963 
0.00000000099999999989 0.00000000099999999989 0.00000003613330060661 0.00000000099999999989 0.01787098730095522739 0.00000000099999999989 0.39258518290225791203 0.00000000099999999989 0.41540340693143101847 0.00000000099999999989 0.17414038073205523327 
0.00000000099999999976 0.85642655963716962653 0.00000000099999999976 0.00000000099999999976 0.00000000099999999976 0.00000000099999999976 0.00000000099999999976 0.00000000099999999976 0.14357343136283057250 0.00000000099999999976 0.00000000099999999976 
0.00000000099999999969 0.00000000099999999969 0.04776458484792972525 0.06587064826347666102 0.00000000099999999969 0.00000000099999999969 0.60672996128671874416 0.00000000099999999969 0.00000000099999999969 0.27963479860187484549 0.00000000099999999969 
0.76290718739842677820 0.00000000099999999973 0.00000000099999999973 0.00000000099999999973 0.23709280360157350409 0.00000000099999999973 0.00000000099999999973 0.00000000099999999973 0.00000000099999999973 0.00000000099999999973 0.00000000099999999973 
0.00000000099999999982 0.00000000099999999982 0.79969496495117309287 0.00000000099999999982 0.00000000099999999982 0.00000000099999999982 0.01947490090833317242 0.00000000099999999982 0.00000000099999999982 0.18083012614049365219 0.00000000099999999982 
0.00000000099999999961 0.00000000099999999961 0.99999999000000006077 0.00000000099999999961 0.00000000099999999961 0.00000000099999999961 0.00000000099999999961 0.00000000099999999961 0.00000000099999999961 0.00000000099999999961 0.00000000099999999961 
0.00000000099999999971 0.00000000099999999971 0.00000000099999999971 0.00000000099999999971 0.00000748303353757554 0.00000000099999999971 0.99999250796646244055 0.00000000099999999971 0.00000000099999999971 0.00000000099999999971 0.00000000099999999971 
0.00000000099999999974 0.00000000099999999974 0.00000000099999999974 0.11306353055758479320 0.00000000099999999974 0.00000000099999999974 0.82084487871336575537 0.00000000099999999974 0.00000000099999999974 0.06609158272904940012 0.00000000099999999974 
0.00000000099999999970 0.00000000099999999970 0.00000000099999999970 0.00000000099999999970 0.28355717614112224689 0.00000000099999999970 0.00000000099999999970 0.71644281485887773009 0.00000000099999999970 0.00000000099999999970 0.00000000099999999970 
0.19282745506538198632 0.00000000099999999978 0.00000000099999999978 0.00000000099999999978 0.00000000099999999978 0.55840919562170276969 0.00000000099999999978 0.11856952749585311646 0.00000000099999999978 0.13019381481706215897 0.00000000099999999978 
0.19296200859164472363 0.08251961512456848502 0.00000000099999999986 0.00000000099999999986 0.19004496592560454760 0.36507704930221562822 0.00000000099999999986 0.16417442533935203142 0.00000000099999999986 0.00522193071661451215 0.00000000099999999986 
0.05420411824915989663 0.00000000099999999975 0.00000000099999999975 0.00000000099999999975 0.00000000099999999975 0.00000000099999999975 0.94579587275084020526 0.00000000099999999975 0.00000000099999999975 0.00000000099999999975 0.00000000099999999975 
0.00000000099999999982 0.19085916597324956157 0.00000000099999999982 0.00000000099999999982 0.00000000099999999982 0.06192894395806509272 0.68386316472157782087 0.00000000099999999982 0.06334871834710747995 0.00000000099999999982 0.00000000099999999982 
0.00000000099999999945 0.00000000099999999945 0.00000000099999999945 0.00000000099999999945 0.00000000099999999945 0.00000000099999999945 0.99999999000000006077 0.00000000099999999945 0.00000000099999999945 0.00000000099999999945 0.00000000099999999945 
0.99999999000000017180 0.00000000099999999969 0.00000000099999999969 0.00000000099999999969 0.00000000099999999969 0.00000000099999999969 0.00000000099999999969 0.00000000099999999969 0.00000000099999999969 0.00000000099999999969 0.00000000099999999969 
0.00000000099999999951 0.00000000099999999951 0.99999999000000017180 0.00000000099999999951 0.00000000099999999951 0.00000000099999999951 0.00000000099999999951 0.00000000099999999951 0.00000000099999999951 0.00000000099999999951 0.00000000099999999951 
0.00000000099999999956 0.00000000099999999956 0.00000000099999999956 0.00000000099999999956 0.00000000099999999956 0.00000000099999999956 0.99999998999999994975 0.00000000099999999956 0.00000000099999999956 0.00000000099999999956 0.00000000099999999956 
0.46488062926834922139 0.00000000099999999983 0.00000000099999999983 0.00000000099999999983 0.14449130602188067773 0.00000000099999999983 0.00000000099999999983 0.39062805670977007733 0.00000000099999999983 0.00000000099999999983 0.00000000099999999983 
0.00000000099999999968 0.00000000099999999968 0.99999999000000017180 0.00000000099999999968 0.00000000099999999968 0.00000000099999999968 0.00000000099999999968 0.00000000099999999968 0.00000000099999999968 0.00000000099999999968 0.00000000099999999968 
0.00000000099999999972 0.56535199068727148841 0.00000000099999999972 0.00000000099999999972 0.00000000099999999972 0.00000000099999999972 0.00000000099999999972 0.00000000099999999972 0.43464800031272882164 0.00000000099999999972 0.00000000099999999972 
0.00000000099999999976 0.00000000099999999976 0.00000000099999999976 0.00000000099999999976 0.00000000099999999976 0.00000000099999999976 0.00000000099999999976 0.00000000099999999976 0.00000000099999999976 0.18900410541676232468 0.81099588558323765231 
0.00000000099999999975 0.00000000099999999975 0.00000000099999999975 0.07686565423681804288 0.00000000099999999975 0.00000000099999999975 0.63969458993454098028 0.00000000099999999975 0.00000000099999999975 0.28343974782864100881 0.00000000099999999975 
0.00000000099999999980 0.00000000099999999980 0.00000000099999999980 0.00000000099999999980 0.00000000099999999980 0.00000000099999999980 0.82591239352170875421 0.00000000099999999980 0.00000000099999999980 0.00000000099999999980 0.17408759747829136155 
0.00000000099999999961 0.00000000099999999961 0.00000000099999999961 0.00000000099999999961 0.00000000099999999961 0.00000000099999999961 0.00000000099999999961 0.00000000099999999961 0.00000000099999999961 0.00000000099999999961 0.99999998999999994975 
0.18033595754141587553 0.00000000099999999980 0.00000000099999999980 0.00000000099999999980 0.11159528808658358834 0.00000000099999999980 0.24323962093229178905 0.46482912643970869526 0.00000000099999999980 0.00000000099999999980 0.00000000099999999980 
0.00000000099999999980 0.00000000099999999980 0.00000000099999999980 0.00000000099999999980 0.00000000099999999980 0.00000000099999999980 0.00000000099999999980 0.00000000099999999980 0.26933518788855381754 0.00000000099999999980 0.73066480311144610393 
0.00000000099999999967 0.00000000099999999967 0.00000000099999999967 0.00000000099999999967 0.00000000099999999967 0.00000000099999999967 0.99999999000000006077 0.00000000099999999967 0.00000000099999999967 0.00000000099999999967 0.00000000099999999967 
0.16312083378954575497 0.00000000099999999975 0.00000000099999999975 0.00000000099999999975 0.00000000099999999975 0.00000000099999999975 0.00000000099999999975 0.83687915721045424977 0.00000000099999999975 0.00000000099999999975 0.00000000099999999975 
0.00000000099999999986 0.00000000099999999986 0.00000000099999999986 0.00000000099999999986 0.00000000099999999986 0.00000000099999999986 0.14376326420339091694 0.00000000099999999986 0.00000000099999999986 0.00000000099999999986 0.85623672679660911555 
0.00000000099999999988 0.18245957515199556775 0.00000000099999999988 0.12567780045103191244 0.00000000099999999988 0.00000000099999999988 0.00000000099999999988 0.00000000099999999988 0.00000000099999999988 0.23358950895289251615 0.45827310844407981305 
0.00000000099999999976 0.00000000099999999976 0.99999999000000017180 0.00000000099999999976 0.00000000099999999976 0.00000000099999999976 0.00000000099999999976 0.00000000099999999976 0.00000000099999999976 0.00000000099999999976 0.00000000099999999976 
0.00000000099999999945 0.00000000099999999945 0.99999999000000017180 0.00000000099999999945 0.00000000099999999945 0.00000000099999999945 0.00000000099999999945 0.00000000099999999945 0.00000000099999999945 0.00000000099999999945 0.00000000099999999945 
0.00000000099999999990 0.00000000099999999990 0.04816646671503007487 0.03979831127876828911 0.00000000099999999990 0.18751211113211213588 0.00000000099999999990 0.00000000099999999990 0.06402961216581265491 0.00000000099999999990 0.66049349270827661940 
0.99999998647947918595 0.00000000099999999971 0.00000000099999999971 0.00000000099999999971 0.00000000099999999971 0.00000000452052103498 0.00000000099999999971 0.00000000099999999971 0.00000000099999999971 0.00000000099999999971 0.00000000099999999971 
0.05815938783148379837 0.78806800733251225477 0.00000000099999999986 0.00000000099999999986 0.00000000099999999986 0.00000000099999999986 0.00000000099999999986 0.00000000099999999986 0.00000000099999999986 0.15377259683600411067 0.00000000099999999986 
0.16072667851690244922 0.00000000099999999992 0.00000000099999999992 0.06500445051333360313 0.00000000099999999992 0.00000000099999999992 0.37567222522112747596 0.00000000099999999992 0.39859663874863643374 0.00000000099999999992 0.00000000099999999992 
0.00000000099999999983 0.00000000099999999983 0.00000000099999999983 0.00000000099999999983 0.27362183149443070063 0.11747004398554097837 0.00000000099999999983 0.00000000099999999983 0.00000000099999999983 0.00000000099999999983 0.60890811652002818644 
0.00000000099999999975 0.00000000099999999975 0.00000000099999999975 0.00000000099999999975 0.76632267929990127708 0.00000000099999999975 0.00000000099999999975 0.00000000099999999975 0.00000000099999999975 0.23367731170009886643 0.00000000099999999975 
0.00000000099999999981 0.00000000099999999981 0.00000000099999999981 0.00000000099999999981 0.65138550940039119386 0.00000000099999999981 0.00000000099999999981 0.00000000099999999981 0.00000000099999999981 0.34861448159960889415 0.00000000099999999981 
0.00000000099999999990 0.00000000099999999990 0.00000000099999999990 0.00000000099999999990 0.00000000099999999990 0.00000000099999999990 0.00000000099999999990 0.82335640664791842624 0.00000000099999999990 0.17664358435208146747 0.00000000099999999990 
0.00000000099999999990 0.50762261269288833088 0.10138806024351228185 0.22113411513509403927 0.00000000099999999990 0.00000000099999999990 0.08275503824656740837 0.00000000099999999990 0.00000000099999999990 0.00000000099999999990 0.08710016768193806769 
0.14506918770669344210 0.00000000099999999989 0.19896265828075165860 0.00000000099999999989 0.35870116786007361087 0.00000000099999999989 0.00000000099999999989 0.21206401169238164872 0.08520296846009971226 0.00000000099999999989 0.00000000099999999989 
0.00000000099999999991 0.10311505420019140278 0.00000000099999999991 0.06676122135629367071 0.00000000099999999991 0.83012371644351501399 0.00000000099999999991 0.00000000099999999991 0.00000000099999999991 0.00000000099999999991 0.00000000099999999991 
0.00000000099999999970 0.00000000099999999970 0.00000000099999999970 0.00000000099999999970 0.00000000099999999970 0.17580482042851691693 0.00000000099999999970 0.29032159243197286358 0.00000000099999999970 0.53387357913951016819 0.00000000099999999970 
0.00000000099999999967 0.00000000099999999967 0.00000000099999999967 0.00000000099999999967 0.31997296647084544352 0.00000000099999999967 0.00000000099999999967 0.00000000099999999967 0.00000000099999999967 0.68002702452915442244 0.00000000099999999967 
0.99999999000000028282 0.00000000099999999972 0.00000000099999999972 0.00000000099999999972 0.00000000099999999972 0.00000000099999999972 0.00000000099999999972 0.00000000099999999972 0.00000000099999999972 0.00000000099999999972 0.00000000099999999972 
0.00000000099999999992 0.29363230560403502656 0.00000000099999999992 0.00000000099999999992 0.00000000099999999992 0.01173943051170754474 0.55509216669747196704 0.00000000099999999992 0.00000000099999999992 0.13953529534488079422 0.00000079584190465892 
0.68989343920689893963 0.00000000099999999974 0.00000000099999999974 0.00000000099999999974 0.00000000099999999974 0.18041809642076792053 0.00000000099999999974 0.12968845637233328283 0.00000000099999999974 0.00000000099999999974 0.00000000099999999974 
0.06154594085224788375 0.00000000099999999976 0.00000000099999999976 0.00000000099999999976 0.00000000099999999976 0.00000000099999999976 0.00000000099999999976 0.35318074197585536123 0.00000000099999999976 0.58527330917189668291 0.00000000099999999976 
0.00000000099999999988 0.00000000099999999988 0.00000000099999999988 0.00000000099999999988 0.00000000099999999988 0.00000000099999999988 0.12660233842860132980 0.00000000099999999988 0.00000000099999999988 0.00000000099999999988 0.87339765257139878596 
0.00000000099999999984 0.00000000099999999984 0.00000000099999999984 0.00000000099999999984 0.00000000099999999984 0.00000000099999999984 0.00000000099999999984 0.00000000099999999984 0.00000000099999999984 0.27254258614149745599 0.72745740485850252099 
0.00000000108841645400 0.34473284657587549562 0.00000000099999999995 0.00000000099999999995 0.08200960161684887895 0.06817377502095670061 0.00000000099999999995 0.00000000099999999995 0.00000000099999999995 0.28641899149189220530 0.21866477920601007368 
0.00000000099999999989 0.18865484672983420800 0.00000000099999999989 0.00000000099999999989 0.00000000099999999989 0.00000000099999999989 0.17499042060334929483 0.00000000099999999989 0.00000000099999999989 0.20380149849889253599 0.43255322716792393711 
0.00000000099999999985 0.00000000099999999985 0.00000000099999999985 0.00000000099999999985 0.00000000099999999985 0.00000000099999999985 0.00000000099999999985 0.18342300964646052197 0.03585188940284039089 0.78072509295069902890 0.00000000099999999985 
0.00000000099999999979 0.00000000099999999979 0.09199336826373377685 0.00000000099999999979 0.90800662273626631116 0.00000000099999999979 0.00000000099999999979 0.00000000099999999979 0.00000000099999999979 0.00000000099999999979 0.00000000099999999979 
0.00000000099999999978 0.76981952605411785306 0.00000000099999999978 0.00000000099999999978 0.23018046494588240147 0.00000000099999999978 0.00000000099999999978 0.00000000099999999978 0.00000000099999999978 0.00000000099999999978 0.00000000099999999978 
0.00000000099999999991 0.00000000099999999991 0.00000000099999999991 0.00000000099999999991 0.00000000099999999991 0.00000000099999999991 0.00000000099999999991 0.99786875238619021644 0.00000000099999999991 0.00213123861380980478 0.00000000099999999991 
0.00000000099999999983 0.00000000099999999983 0.16718670318650868944 0.00000000099999999983 0.44935981146929998564 0.38345347734419132912 0.00000000099999999983 0.00000000099999999983 0.00000000099999999983 0.00000000099999999983 0.00000000099999999983 
0.65197861360891562477 0.00000000099999999981 0.00000000099999999981 0.00000000099999999981 0.00000000099999999981 0.00000000099999999981 0.00000000099999999981 0.00000000099999999981 0.00000000099999999981 0.34802137739108446324 0.00000000099999999981 
0.00000000099999999989 0.00000000099999999989 0.00000000099999999989 0.00000000099999999989 0.26116074481351320147 0.65087782147175243797 0.08796142571473439253 0.00000000099999999989 0.00000000099999999989 0.00000000099999999989 0.00000000099999999989 
0.00000000099999999965 0.00000000099999999965 0.00000000099999999965 0.00000000099999999965 0.99999999000000017180 0.00000000099999999965 0.00000000099999999965 0.00000000099999999965 0.00000000099999999965 0.00000000099999999965 0.00000000099999999965 
0.00000000099999999982 0.53727786326978843601 0.00000000099999999982 0.29290993280371241392 0.00000000099999999982 0.00000000099999999982 0.00000000099999999982 0.00000000099999999982 0.00000000099999999982 0.16981219592649920980 0.00000000099999999982 
0.00000000099999999987 0.00000000099999999987 0.00000000099999999987 0.00000000099999999987 0.00000000099999999987 0.00000000099999999987 0.11318247390827430865 0.00000000099999999987 0.77110711801131615051 0.00000000099999999987 0.11571040008040969771 
0.00000972985270274759 0.00000000099999999985 0.00000000099999999985 0.00000000099999999985 0.34655793260636041930 0.44031808196805199973 0.00000000099999999985 0.21311424857288491230 0.00000000099999999985 0.00000000099999999985 0.00000000099999999985 
0.00000000099999999958 0.00000000099999999958 0.00000000099999999958 0.00000000099999999958 0.00000000099999999958 0.00000000099999999958 0.00000000099999999958 0.00000000099999999958 0.99999998999999994975 0.00000000099999999958 0.00000000099999999958 
0.00000000099999999964 0.00000000099999999964 0.99999999000000006077 0.00000000099999999964 0.00000000099999999964 0.00000000099999999964 0.00000000099999999964 0.00000000099999999964 0.00000000099999999964 0.00000000099999999964 0.00000000099999999964 
0.99999999000000028282 0.00000000099999999967 0.00000000099999999967 0.00000000099999999967 0.00000000099999999967 0.00000000099999999967 0.00000000099999999967 0.00000000099999999967 0.00000000099999999967 0.00000000099999999967 0.00000000099999999967 
0.00000000099999999984 0.00000000099999999984 0.77498156962591380204 0.00000000099999999984 0.00000000099999999984 0.20095919471308731907 0.00000000099999999984 0.00000000099999999984 0.02405922766099893861 0.00000000099999999984 0.00000000099999999984 
0.99999999000000028282 0.00000000099999999961 0.00000000099999999961 0.00000000099999999961 0.00000000099999999961 0.00000000099999999961 0.00000000099999999961 0.00000000099999999961 0.00000000099999999961 0.00000000099999999961 0.00000000099999999961 
0.00000000099999999956 0.00000000099999999956 0.00000000099999999956 0.99999999000000017180 0.00000000099999999956 0.00000000099999999956 0.00000000099999999956 0.00000000099999999956 0.00000000099999999956 0.00000000099999999956 0.00000000099999999956 
0.00000000099999999987 0.00000000099999999987 0.52717155868230636262 0.00000000099999999987 0.00000000099999999987 0.00000000099999999987 0.00000000099999999987 0.00000000099999999987 0.00000000099999999987 0.47282843231769366987 0.00000000099999999987 
0.00000000099999999983 0.00000000099999999983 0.59753466539982647010 0.00000000099999999983 0.00000000099999999983 0.00000000099999999983 0.00000000099999999983 0.00000000099999999983 0.00000000099999999983 0.40246532560017361790 0.00000000099999999983 
0.00000000099999999976 0.00000000099999999976 0.00000000099999999976 0.00000000099999999976 0.99999999000000017180 0.00000000099999999976 0.00000000099999999976 0.00000000099999999976 0.00000000099999999976 0.00000000099999999976 0.00000000099999999976 
0.00000000099999999983 0.00000000099999999983 0.99999999000000006077 0.00000000099999999983 0.00000000099999999983 0.00000000099999999983 0.00000000099999999983 0.00000000099999999983 0.00000000099999999983 0.00000000099999999983 0.00000000099999999983 
0.00000000099999999987 0.00000000099999999987 0.02809217122242489359 0.00000000099999999987 0.06856920908271971205 0.29447570989846000300 0.00000000099999999987 0.60886290279639532219 0.00000000099999999987 0.00000000099999999987 0.00000000099999999987 
0.00000000099999999987 0.00000000099999999987 0.00000000099999999987 0.15969768327978153821 0.00000000099999999987 0.00000000099999999987 0.06916937097085770758 0.00000000099999999987 0.00000000099999999987 0.00000000099999999987 0.77113293774936086944 
0.24889606218446400088 0.00000000099999999981 0.72569187765841758342 0.00000000099999999981 0.00000000099999999981 0.00000000099999999981 0.00000000099999999981 0.00000000099999999981 0.02541205215711859686 0.00000000099999999981 0.00000000099999999981 
0.00000000099999999990 0.22676376717456062093 0.05130827145493069286 0.00000000099999999990 0.15074684474377422760 0.00000000099999999990 0.00000000099999999990 0.57118110962673440678 0.00000000099999999990 0.00000000099999999990 0.00000000099999999990 
0.00000000099999999978 0.00000000099999999978 0.00000000099999999978 0.00000000099999999978 0.00000000099999999978 0.00000000099999999978 0.99999999000000006077 0.00000000099999999978 0.00000000099999999978 0.00000000099999999978 0.00000000099999999978 
0.00000000099999999988 0.00000000099999999988 0.87253980169181299953 0.00000000099999999988 0.00000000099999999988 0.00000000099999999988 0.00000000099999999988 0.00000000099999999988 0.12746018930818706072 0.00000000099999999988 0.00000000099999999988 
0.00000000099999999977 0.00000000099999999977 0.00000000099999999977 0.00000000099999999977 0.00000000099999999977 0.00000000099999999977 0.00000000099999999977 0.00000000099999999977 0.00000000099999999977 0.99999998999999994975 0.00000000099999999977 
0.00000000099999999985 0.00000000099999999985 0.99999999000000006077 0.00000000099999999985 0.00000000099999999985 0.00000000099999999985 0.00000000099999999985 0.00000000099999999985 0.00000000099999999985 0.00000000099999999985 0.00000000099999999985 
0.25270563867302930916 0.00000000099999999980 0.74729434148657869486 0.00000000099999999980 0.00000000099999999980 0.00000000099999999980 0.00000000099999999980 0.00000000099999999980 0.00000000099999999980 0.00000001184039225647 0.00000000099999999980 
0.00000000099999999987 0.00000000119817076733 0.17163561330997637033 0.00000000099999999987 0.00000000099999999987 0.00000000099999999987 0.00000000099999999987 0.00000000099999999987 0.30999770236506712928 0.00000000099999999987 0.51836667612678555273 
0.00000000099999999991 0.45055230727957390480 0.00000000099999999991 0.00000000099999999991 0.21208761475645065975 0.00000000099999999991 0.33736006996397549518 0.00000000099999999991 0.00000000099999999991 0.00000000099999999991 0.00000000099999999991 
0.00000000099999999992 0.00000000099999999992 0.72293128912504300843 0.00000000099999999992 0.00000000099999999992 0.00000000099999999992 0.27673244562267990121 0.00000000099999999992 0.00033625725227720609 0.00000000099999999992 0.00000000099999999992 
0.00000000099999999971 0.00000000099999999971 0.00000000099999999971 0.00000000099999999971 0.99999999000000006077 0.00000000099999999971 0.00000000099999999971 0.00000000099999999971 0.00000000099999999971 0.00000000099999999971 0.00000000099999999971 
0.00000000099999999976 0.00000000099999999976 0.00000000099999999976 0.00000000099999999976 0.99999999000000017180 0.00000000099999999976 0.00000000099999999976 0.00000000099999999976 0.00000000099999999976 0.00000000099999999976 0.00000000099999999976 
0.00000000099999999969 0.00000000099999999969 0.00000000099999999969 0.00000000099999999969 0.00000000099999999969 0.00000000099999999969 0.00000000099999999969 0.00000000099999999969 0.00000000099999999969 0.00000000099999999969 0.99999998999999994975 
0.00000000099999999991 0.00000000099999999991 0.00000000099999999991 0.00000000099999999991 0.99999999000000006077 0.00000000099999999991 0.00000000099999999991 0.00000000099999999991 0.00000000099999999991 0.00000000099999999991 0.00000000099999999991 
0.72464935776281236279 0.00000000099999999985 0.00000000099999999985 0.00000000099999999985 0.15019915295540139932 0.00000000099999999985 0.00000000099999999985 0.00000000099999999985 0.12515148128178635312 0.00000000099999999985 0.00000000099999999985 
0.80675632909891004108 0.00000000099999999981 0.00000000099999999981 0.00000000099999999981 0.19324366190109024122 0.00000000099999999981 0.00000000099999999981 0.00000000099999999981 0.00000000099999999981 0.00000000099999999981 0.00000000099999999981 
0.00000000099999999992 0.00000000480936399259 0.24119304637561603255 0.00000000099999999992 0.20173625141101925173 0.00000000099999999992 0.00000000099999999992 0.55707069040400070126 0.00000000099999999992 0.00000000099999999992 0.00000000099999999992 
0.99999999000000028282 0.00000000099999999977 0.00000000099999999977 0.00000000099999999977 0.00000000099999999977 0.00000000099999999977 0.00000000099999999977 0.00000000099999999977 0.00000000099999999977 0.00000000099999999977 0.00000000099999999977 
0.00000000099999999985 0.00000000099999999985 0.00000000099999999985 0.00000000099999999985 0.00000000099999999985 0.58262681573672348012 0.00000000099999999985 0.00000000099999999985 0.00000000099999999985 0.41737317526327660788 0.00000000099999999985 
