0.00000000099999999900 0.00000000099999999900 0.00000000099999999900 0.00000000099999999900 0.00000000099999999900 0.00000000099999999900 0.00000000099999999900 0.00000000099999999900 0.00000000099999999900 0.00000000099999999900 0.99999998899999997803 0.00000000099999999900 
0.00000000099999999937 0.00000000099999999937 0.00000000099999999937 0.00000000099999999937 0.00000000099999999937 0.00000000099999999937 0.00000000099999999937 0.00000000099999999937 0.14724251867593632359 0.00000000099999999937 0.00000000099999999937 0.85275747132406365392 
0.00000000099999999877 0.00000000099999999877 0.99999998899999997803 0.00000000099999999877 0.00000000099999999877 0.00000000099999999877 0.00000000099999999877 0.00000000099999999877 0.00000000099999999877 0.00000000099999999877 0.00000000099999999877 0.00000000099999999877 
0.00000000099999999932 0.00000000099999999932 0.03762188912528108276 0.00000000099999999932 0.00000000099999999932 0.08246869572532224135 0.00000000099999999932 0.00000000099999999932 0.28173799811349303779 0.00000000099999999932 0.00000000099999999932 0.59817140903590360068 
0.00000000099999999931 0.00000000099999999931 0.00000000099999999931 0.00000000099999999931 0.00000000099999999931 0.00000000099999999931 0.00000000099999999931 0.00000000099999999931 0.19189241241967758267 0.00000000099999999931 0.00000000099999999931 0.80810757758032247811 
0.00000000099999999969 0.00000000099999999969 0.01606633157358404798 0.00000000099999999969 0.34611475842718064655 0.00000000099999999969 0.13723657871555947074 0.00000000099999999969 0.00000000099999999969 0.50058232328367568975 0.00000000099999999969 0.00000000099999999969 
0.00000000099999999969 0.00000000099999999969 0.00000000099999999969 0.00000000099999999969 0.76463583548587310545 0.00000000099999999969 0.14368371941828297911 0.00000000099999999969 0.09168043609584410059 0.00000000099999999969 0.00000000099999999969 0.00000000099999999969 
0.00000000099999999951 0.00000000099999999951 0.00000000099999999951 0.00000000099999999951 0.00000000099999999951 0.82258129436006888202 0.00000000099999999951 0.00000000099999999951 0.17741869563993131753 0.00000000099999999951 0.00000000099999999951 0.00000000099999999951 
0.00000000099999999907 0.00000000099999999907 0.99999998900000008906 0.00000000099999999907 0.00000000099999999907 0.00000000099999999907 0.00000000099999999907 0.00000000099999999907 0.00000000099999999907 0.00000000099999999907 0.00000000099999999907 0.00000000099999999907 
0.00000000099999999929 0.00000000099999999929 0.00000000099999999929 0.00000000099999999929 0.00000000099999999929 0.00000000099999999929 0.00000000099999999929 0.00000000099999999929 0.00000000099999999929 0.99999998900000008906 0.00000000099999999929 0.00000000099999999929 
0.00000000099999999943 0.00000000099999999943 0.11569433677552291850 0.00000000099999999943 0.00000000099999999943 0.00000000099999999943 0.00000000099999999943 0.07593331414324780426 0.19165839222268191144 0.00000000099999999943 0.00000000099999999943 0.61671394885854724510 
0.00000000099999999946 0.00000000099999999946 0.00000000099999999946 0.00000000099999999946 0.00000000099999999946 0.14011005788503724800 0.00000000099999999946 0.00000000099999999946 0.12386907244235137449 0.00000000099999999946 0.00000000099999999946 0.73602086067261129898 
0.00000000099999999940 0.00000000099999999940 0.00000000099999999940 0.00000000099999999940 0.00000000099999999940 0.12009838717809501185 0.00000000099999999940 0.00000000099999999940 0.25367655428964741571 0.00000000099999999940 0.00000000099999999940 0.62622504953225754942 
0.00000000099999999912 0.00000000099999999912 0.00000000099999999912 0.99999998900000008906 0.00000000099999999912 0.00000000099999999912 0.00000000099999999912 0.00000000099999999912 0.00000000099999999912 0.00000000099999999912 0.00000000099999999912 0.00000000099999999912 
0.00000000099999999946 0.00000000099999999946 0.31321239218410062977 0.00000000099999999946 0.00000000099999999946 0.50656202229299396311 0.00000000099999999946 0.17797168014576761341 0.00000000099999999946 0.00000000099999999946 0.00000000099999999946 0.00225389737713778274 
0.99999998900000031110 0.00000000099999999920 0.00000000099999999920 0.00000000099999999920 0.00000000099999999920 0.00000000099999999920 0.00000000099999999920 0.00000000099999999920 0.00000000099999999920 0.00000000099999999920 0.00000000099999999920 0.00000000099999999920 
0.00000000099999999964 0.00000000099999999964 0.00000000099999999964 0.00000000099999999964 0.00000000099999999964 0.04959964284632721598 0.00000000099999999964 0.00000000099999999964 0.18160725798742713422 0.00000000099999999964 0.02279594433831668571 0.74599714682792894749 
0.00000000099999999939 0.00000000099999999939 0.06203409293947713399 0.00000000099999999939 0.00000000099999999939 0.00000000099999999939 0.00000000099999999939 0.00000000099999999939 0.05789255452003733149 0.00000000099999999939 0.00000000099999999939 0.88007334354048560865 
0.00000000099999999971 0.00000000099999999971 0.00000000099999999971 0.03148724127008734053 0.70565930605846161061 0.00000000099999999971 0.17433180291849761923 0.08852164175295360038 0.00000000099999999971 0.00000000099999999971 0.00000000099999999971 0.00000000099999999971 
0.00000000099999999947 0.00000000099999999947 0.01349045868623269424 0.00000000099999999947 0.00000000099999999947 0.23382943623367280495 0.00000000099999999947 0.00000000099999999947 0.05557097910144758596 0.00000000099999999947 0.00000000099999999947 0.69710911797864683059 
0.00000000099999999959 0.00000000099999999959 0.10969911625693855306 0.00000000099999999959 0.00000000099999999959 0.00000000099999999959 0.00000000099999999959 0.02561758287924148156 0.27834603388384265843 0.00000000099999999959 0.00000000099999999959 0.58633725897997734933 
0.00000000099999999938 0.00000000099999999938 0.99999998900000020008 0.00000000099999999938 0.00000000099999999938 0.00000000099999999938 0.00000000099999999938 0.00000000099999999938 0.00000000099999999938 0.00000000099999999938 0.00000000099999999938 0.00000000099999999938 
0.85426112286301303378 0.00000000099999999957 0.00000000099999999957 0.00000000099999999957 0.00000000099999999957 0.00000000099999999957 0.14573886713698724904 0.00000000099999999957 0.00000000099999999957 0.00000000099999999957 0.00000000099999999957 0.00000000099999999957 
0.08909035174075390084 0.00000000099999999978 0.00000000099999999978 0.00000000099999999978 0.55208730989463439265 0.00000000099999999978 0.35882231689800814234 0.00000000099999999978 0.00000000099999999978 0.00000001346660359810 0.00000000099999999978 0.00000000099999999978 
0.00000000099999999970 0.00000000099999999970 0.48566111054551769355 0.00000000099999999970 0.00000000099999999970 0.16202044946201279996 0.00000000099999999970 0.00000000099999999970 0.07303126688642534725 0.00000000099999999970 0.00000327049361414536 0.27928389561243016637 
0.00000000099999999866 0.00000000099999999866 0.00000000099999999866 0.99999998899999997803 0.00000000099999999866 0.00000000099999999866 0.00000000099999999866 0.00000000099999999866 0.00000000099999999866 0.00000000099999999866 0.00000000099999999866 0.00000000099999999866 
0.00000000099999999950 0.02411854065767340960 0.11928750279596016248 0.00000000099999999950 0.00000000099999999950 0.16392622520046626344 0.00000000099999999950 0.00000000099999999950 0.00000000099999999950 0.00000000099999999950 0.00000000099999999950 0.69266772334589998827 
0.00000000099999999959 0.00000000099999999959 0.00000000099999999959 0.00000000099999999959 0.99999998900000008906 0.00000000099999999959 0.00000000099999999959 0.00000000099999999959 0.00000000099999999959 0.00000000099999999959 0.00000000099999999959 0.00000000099999999959 
0.00000000099999999965 0.00000000099999999965 0.00000000099999999965 0.00000000099999999965 0.00000000099999999965 0.00000000099999999965 0.00000000099999999965 0.02525203721971504625 0.27674287926831159234 0.00000000099999999965 0.00000000099999999965 0.69800507451197335573 
0.00000000099999999949 0.00000000099999999949 0.00000000099999999949 0.00000000099999999949 0.00000000099999999949 0.00000000099999999949 0.00000000099999999949 0.00000000099999999949 0.00000000099999999949 0.00000000099999999949 0.00000000099999999949 0.99999998900000008906 
0.00000000099999999928 0.61657750089875218436 0.00000000099999999928 0.00000000099999999928 0.00000000099999999928 0.00000000099999999928 0.00000000099999999928 0.00000000099999999928 0.00000000099999999928 0.00000000099999999928 0.38342248910124804295 0.00000000099999999928 
0.00000000099999999953 0.00000000099999999953 0.00000000099999999953 0.00000000099999999953 0.00000000099999999953 0.00000000099999999953 0.00000000099999999953 0.16844998130384791768 0.00000000099999999953 0.83155000869615214310 0.00000000099999999953 0.00000000099999999953 
0.00000000099999999973 0.00000000099999999973 0.00000000099999999973 0.00000000099999999973 0.97638981630872745399 0.00000000099999999973 0.00000000099999999973 0.00000000099999999973 0.02361017369127280455 0.00000000099999999973 0.00000000099999999973 0.00000000099999999973 
0.00000000099999999938 0.00000000099999999938 0.00000000099999999938 0.00000000099999999938 0.00000000099999999938 0.00000000099999999938 0.00000000099999999938 0.00000000099999999938 0.00000000099999999938 0.99999998899999997803 0.00000000099999999938 0.00000000099999999938 
0.99999998900000031110 0.00000000099999999972 0.00000000099999999972 0.00000000099999999972 0.00000000099999999972 0.00000000099999999972 0.00000000099999999972 0.00000000099999999972 0.00000000099999999972 0.00000000099999999972 0.00000000099999999972 0.00000000099999999972 
0.00000000099999999875 0.00000000099999999875 0.00000000099999999875 0.99999998900000008906 0.00000000099999999875 0.00000000099999999875 0.00000000099999999875 0.00000000099999999875 0.00000000099999999875 0.00000000099999999875 0.00000000099999999875 0.00000000099999999875 
0.27929066659671131223 0.00000000099999999986 0.00000000099999999986 0.23036525911251526377 0.00000000099999999986 0.00000000099999999986 0.05084612527574915164 0.11189005121830404577 0.00000000099999999986 0.32756540800480343778 0.00004248379191691301 0.00000000099999999986 
0.00000000099999999977 0.00000000099999999977 0.00000000099999999977 0.00000000099999999977 0.00000000099999999977 0.31297567525947550537 0.00000000099999999977 0.19533483877819907137 0.31520912581107202177 0.00000000099999999977 0.00000000099999999977 0.17648035215125335018 
0.00000000099999999971 0.16042936760775952654 0.00000000099999999971 0.00000000099999999971 0.83957062239224067302 0.00000000099999999971 0.00000000099999999971 0.00000000099999999971 0.00000000099999999971 0.00000000099999999971 0.00000000099999999971 0.00000000099999999971 
0.00000000099999999973 0.00000000099999999973 0.00000000099999999973 0.00000000099999999973 0.00000000099999999973 0.44101936829476368063 0.00000000099999999973 0.39764269466425711252 0.00000000099999999973 0.00000000099999999973 0.00000000099999999973 0.16133792804097921159 
0.00000000099999999960 0.00000000099999999960 0.30803304050472540832 0.00000000099999999960 0.00000000099999999960 0.00000000099999999960 0.00000000099999999960 0.23081363102277085986 0.22049302114210361792 0.00000000099999999960 0.00000000099999999960 0.24066029933040028466 
0.00000000099999999958 0.00000000099999999958 0.00000000099999999958 0.00000000099999999958 0.00000000099999999958 0.00000000099999999958 0.00000000099999999958 0.15491117058644737758 0.06247827205096719017 0.00000000099999999958 0.00000000099999999958 0.78261054836258536760 
0.00000000099999999960 0.22060445638204922991 0.12027273545933984955 0.00000000099999999960 0.00000000099999999960 0.00000000099999999960 0.00000000099999999960 0.34172076093026770849 0.00000000099999999960 0.00000000099999999960 0.00000000099999999960 0.31740203922834314687 
0.01784919464598438629 0.00000000099999999975 0.00000000099999999975 0.18594081202809861764 0.00000000099999999975 0.00000000099999999975 0.07697646212666033050 0.28869838253592861044 0.00000000099999999975 0.43053514166332818025 0.00000000099999999975 0.00000000099999999975 
0.00000000099999999916 0.00000000099999999916 0.00000000099999999916 0.99999998900000020008 0.00000000099999999916 0.00000000099999999916 0.00000000099999999916 0.00000000099999999916 0.00000000099999999916 0.00000000099999999916 0.00000000099999999916 0.00000000099999999916 
0.00000000099999999960 0.00000000099999999960 0.43145208709571286620 0.00000000099999999960 0.00000000099999999960 0.00000000099999999960 0.00000000099999999960 0.28946628818493885804 0.00000000099999999960 0.00000000099999999960 0.00000000099999999960 0.27908161571934819722 
0.99999998900000020008 0.00000000099999999953 0.00000000099999999953 0.00000000099999999953 0.00000000099999999953 0.00000000099999999953 0.00000000099999999953 0.00000000099999999953 0.00000000099999999953 0.00000000099999999953 0.00000000099999999953 0.00000000099999999953 
0.00000000099999999980 0.00000000099999999980 0.00000000099999999980 0.00000000099999999980 0.23913569608330267902 0.01738001420974993882 0.00000000099999999980 0.00277996652132489952 0.00000000099999999980 0.74070431518562251938 0.00000000099999999980 0.00000000099999999980 
0.00000000099999999973 0.00000000099999999973 0.00000000099999999973 0.18541830077681165090 0.66242492635090033382 0.00000000099999999973 0.15215676387228799227 0.00000000099999999973 0.00000000099999999973 0.00000000099999999973 0.00000000099999999973 0.00000000099999999973 
0.00000000099999999939 0.00000000099999999939 0.00000000099999999939 0.99999998900000020008 0.00000000099999999939 0.00000000099999999939 0.00000000099999999939 0.00000000099999999939 0.00000000099999999939 0.00000000099999999939 0.00000000099999999939 0.00000000099999999939 
0.00000000099999999934 0.00000000099999999934 0.81216381483933508534 0.00000000099999999934 0.00000000099999999934 0.00000000099999999934 0.00000000099999999934 0.00000000099999999934 0.18783617516066500319 0.00000000099999999934 0.00000000099999999934 0.00000000099999999934 
0.00000000099999999967 0.00000000099999999967 0.00000000099999999967 0.00000000099999999967 0.00000000099999999967 0.18885091304961287850 0.00000000099999999967 0.10990053476547864686 0.42686520756497337015 0.00000000099999999967 0.00000000099999999967 0.27438333661993519197 
0.00000000099999999968 0.00000000099999999968 0.00000000099999999968 0.00000000099999999968 0.00000000099999999968 0.00000000099999999968 0.00000000099999999968 0.00000000099999999968 0.00000000099999999968 0.99999998899999997803 0.00000000099999999968 0.00000000099999999968 
0.00000000099999999978 0.00000000099999999978 0.00000000099999999978 0.00000000099999999978 0.00000000099999999978 0.00000000099999999978 0.00000000099999999978 0.00000000099999999978 0.00000000099999999978 0.00000000099999999978 0.99999998899999997803 0.00000000099999999978 
0.00000000099999999933 0.00000000099999999933 0.00000000099999999933 0.00000000099999999933 0.00000000099999999933 0.00000000099999999933 0.99999998899999997803 0.00000000099999999933 0.00000000099999999933 0.00000000099999999933 0.00000000099999999933 0.00000000099999999933 
0.00000000099999999971 0.43065218248940362322 0.00000000099999999971 0.00000000099999999971 0.00000000099999999971 0.00000000099999999971 0.00000000099999999971 0.00000000099999999971 0.00000000099999999971 0.00000000099999999971 0.56934780751059610449 0.00000000099999999971 
0.00000000099999999947 0.00000000099999999947 0.00000000099999999947 0.00000000099999999947 0.00000000099999999947 0.00000000099999999947 0.00000000099999999947 0.00000000099999999947 0.00000000099999999947 0.99999998900000008906 0.00000000099999999947 0.00000000099999999947 
0.00000000099999999924 0.00000000099999999924 0.00000000099999999924 0.99999998900000020008 0.00000000099999999924 0.00000000099999999924 0.00000000099999999924 0.00000000099999999924 0.00000000099999999924 0.00000000099999999924 0.00000000099999999924 0.00000000099999999924 
0.00000000099999999968 0.00000000099999999968 0.00000000099999999968 0.00000000099999999968 0.00000000099999999968 0.18602209472779077104 0.00000000099999999968 0.16586522536856490584 0.18846136501111310224 0.00000000099999999968 0.00000000099999999968 0.45965130689253119733 
0.00000000099999999961 0.00000177566415812993 0.00000000099999999961 0.00000000099999999961 0.00000000099999999961 0.00000000099999999961 0.00000000099999999961 0.00000000099999999961 0.08887689551269629951 0.91112131982314548129 0.00000000099999999961 0.00000000099999999961 
0.00000000099999999942 0.00000000099999999942 0.00000000099999999942 0.00000000099999999942 0.00000000099999999942 0.00000000099999999942 0.00000000099999999942 0.00000000099999999942 0.00000000099999999942 0.99999998899999997803 0.00000000099999999942 0.00000000099999999942 
0.00000000099999999963 0.00000000099999999963 0.14612714286565331445 0.00000000099999999963 0.00000000099999999963 0.24256000412280637191 0.00000000099999999963 0.00000000099999999963 0.22822027486036153276 0.00000000099999999963 0.00000000099999999963 0.38309257015117886835 
0.00000000099999999972 0.00000000099999999972 0.00000000099999999972 0.00000000099999999972 0.00000000099999999972 0.00000000099999999972 0.99999998899999997803 0.00000000099999999972 0.00000000099999999972 0.00000000099999999972 0.00000000099999999972 0.00000000099999999972 
0.99999998900000031110 0.00000000099999999948 0.00000000099999999948 0.00000000099999999948 0.00000000099999999948 0.00000000099999999948 0.00000000099999999948 0.00000000099999999948 0.00000000099999999948 0.00000000099999999948 0.00000000099999999948 0.00000000099999999948 
0.00000000099999999976 0.00000000099999999976 0.00000000099999999976 0.06526504379321081128 0.00000000099999999976 0.00000000099999999976 0.00000000099999999976 0.00000000099999999976 0.00000000099999999976 0.78566389885746201749 0.14907104834932710657 0.00000000099999999976 
0.00000000099999999969 0.18867244056094256699 0.16295686538179285363 0.00000000099999999969 0.00000000099999999969 0.01710420458791989118 0.00000000099999999969 0.00000000099999999969 0.63126648146934449812 0.00000000099999999969 0.00000000099999999969 0.00000000099999999969 
0.00000000099999999969 0.00000000099999999969 0.00000000099999999969 0.00000000099999999969 0.00000000099999999969 0.00000000099999999969 0.00000000099999999969 0.00000000099999999969 0.00000000099999999969 0.00000000099999999969 0.99999998899999997803 0.00000000099999999969 
0.00000000099999999943 0.00000000099999999943 0.00000000099999999943 0.00000000099999999943 0.00000000099999999943 0.00000000099999999943 0.00000000099999999943 0.00000000099999999943 0.00000000099999999943 0.00000000099999999943 0.99999998899999986701 0.00000000099999999943 
0.00000000099999999966 0.00000000099999999966 0.00000000099999999966 0.00000000099999999966 0.00000000099999999966 0.01855013730661372179 0.00000000099999999966 0.00000000099999999966 0.00000000099999999966 0.98144985269338635980 0.00000000099999999966 0.00000000099999999966 
0.08026874911172146576 0.00000000099999999979 0.00000000099999999979 0.12976938125332815321 0.00000000099999999979 0.00000000099999999979 0.00000000099999999979 0.00347384930602636418 0.00000000099999999979 0.76654902944537794962 0.01993898388354601453 0.00000000099999999979 
0.00000000099999999968 0.18487173637193493603 0.00000000099999999968 0.00000000099999999968 0.00000000099999999968 0.12425855080499906280 0.00000000099999999968 0.00000000099999999968 0.00000000099999999968 0.00000000099999999968 0.00000000099999999968 0.69086970382306589489 
0.00000000099999999985 0.03766322880254831945 0.51496639297156021620 0.00000000099999999985 0.00000000099999999985 0.00000000099999999985 0.00000000099999999985 0.00023384706579680615 0.07400421381214325467 0.00000000099999999985 0.07637953440628335311 0.29675277694166807274 
0.00000000099999999981 0.00000000099999999981 0.42490837859189067860 0.00000000099999999981 0.07678352908955116130 0.20354246687376209568 0.00000000099999999981 0.08511214767954475291 0.12642214176933991299 0.00000000099999999981 0.00000000099999999981 0.08323132999591140169 
0.00000000099999999975 0.00000000099999999975 0.00000000099999999975 0.00000000099999999975 0.00000000099999999975 0.00000000099999999975 0.00000000099999999975 0.00000000099999999975 0.06239261135951126858 0.93760737864048859791 0.00000000099999999975 0.00000000099999999975 
0.00000000099999999980 0.00000000099999999980 0.00000000099999999980 0.00000000099999999980 0.00000000099999999980 0.00000000099999999980 0.23202286765114160660 0.09929020362027975166 0.00000000099999999980 0.66868691972857874362 0.00000000099999999980 0.00000000099999999980 
0.00000000099999999938 0.00000000099999999938 0.00000000099999999938 0.00000000099999999938 0.00000000099999999938 0.00000000099999999938 0.00000000099999999938 0.00000000099999999938 0.00000000099999999938 0.99999998900000008906 0.00000000099999999938 0.00000000099999999938 
0.00000000099999999970 0.00000000099999999970 0.00000000099999999970 0.00000000099999999970 0.00000000099999999970 0.00000000099999999970 0.00000000099999999970 0.00000000099999999970 0.99999998899999997803 0.00000000099999999970 0.00000000099999999970 0.00000000099999999970 
0.00000000099999999951 0.00000000099999999951 0.00000000099999999951 0.00000000099999999951 0.00000000099999999951 0.00000000099999999951 0.00000000099999999951 0.00000000099999999951 0.00000000099999999951 0.00000000099999999951 0.99999998899999997803 0.00000000099999999951 
0.00000000099999999950 0.00000000099999999950 0.00000000099999999950 0.00000000099999999950 0.00000000099999999950 0.00000000099999999950 0.00000000099999999950 0.00000000099999999950 0.00000000099999999950 0.99999998900000008906 0.00000000099999999950 0.00000000099999999950 
0.00000000099999999980 0.00000000099999999980 0.00000000099999999980 0.00000000099999999980 0.00000000099999999980 0.07674506651803084112 0.00000000099999999980 0.05128293554970042578 0.47072332447795500743 0.00000000099999999980 0.00000000099999999980 0.40124866545431386866 
0.00000000099999999968 0.28814857642717045527 0.00000000099999999968 0.00000000099999999968 0.00000000099999999968 0.00000000099999999968 0.00000000099999999968 0.00000000099999999968 0.00000000099999999968 0.00000000099999999968 0.71185141357282921692 0.00000000099999999968 
0.99999998900000031110 0.00000000099999999971 0.00000000099999999971 0.00000000099999999971 0.00000000099999999971 0.00000000099999999971 0.00000000099999999971 0.00000000099999999971 0.00000000099999999971 0.00000000099999999971 0.00000000099999999971 0.00000000099999999971 
0.00000000099999999980 0.00000000099999999980 0.00000000099999999980 0.00000000099999999980 0.73978026973615051975 0.00000000099999999980 0.00000000099999999980 0.26021972026384965204 0.00000000099999999980 0.00000000099999999980 0.00000000099999999980 0.00000000099999999980 
0.00000008292649892438 0.00000000099999999974 0.00000000099999999974 0.06551476028622928161 0.00000000099999999974 0.21714245442754123716 0.00000000099999999974 0.00000000099999999974 0.00000000099999999974 0.66105105716344803035 0.05629163819628239807 0.00000000099999999974 
0.00000000099999999978 0.00000000099999999978 0.00000000099999999978 0.00000000099999999978 0.21630226841873101407 0.00000000099999999978 0.00000000099999999978 0.00000000099999999978 0.00000000099999999978 0.78369772158126893569 0.00000000099999999978 0.00000000099999999978 
0.00000000099999999951 0.00000000099999999951 0.00000000099999999951 0.00000000099999999951 0.00000000099999999951 0.00000000099999999951 0.99999998899999997803 0.00000000099999999951 0.00000000099999999951 0.00000000099999999951 0.00000000099999999951 0.00000000099999999951 
0.00000000099999999975 0.00000000099999999975 0.00000000099999999975 0.00000000099999999975 0.00000000099999999975 0.25047449537872229497 0.00000000099999999975 0.00000000099999999975 0.00000000099999999975 0.20400810034766986290 0.00000000099999999975 0.54551739527360776361 
0.00000000099999999980 0.00000000099999999980 0.00000000099999999980 0.00000000099999999980 0.53362848019122999244 0.00000000099999999980 0.37088676304088380453 0.00000000099999999980 0.09548474776788619389 0.00000000099999999980 0.00000000099999999980 0.00000000099999999980 
0.00000000099999999968 0.00000000099999999968 0.00000000099999999968 0.00000000099999999968 0.00000000099999999968 0.00000000099999999968 0.00000000099999999968 0.00000000099999999968 0.00000000099999999968 0.99999998900000008906 0.00000000099999999968 0.00000000099999999968 
0.00000000099999999974 0.02241708953249333877 0.25982553079138320795 0.00000000099999999974 0.00000000099999999974 0.00000000099999999974 0.00000000099999999974 0.00000000099999999974 0.00683456664802348755 0.00000000099999999974 0.00000000099999999974 0.71092280502809990228 
0.17219567198120855345 0.03578477136801299502 0.00000000099999999987 0.00000000099999999987 0.28091801447033865058 0.00000000099999999987 0.32813565774089747951 0.00000000099999999987 0.00000000099999999987 0.18296587743954245697 0.00000000099999999987 0.00000000099999999987 
0.00000000099999999977 0.00000000099999999977 0.00000000099999999977 0.00000000099999999977 0.00000000099999999977 0.00000000099999999977 0.89601456161048897986 0.10398542838951092826 0.00000000099999999977 0.00000000099999999977 0.00000000099999999977 0.00000000099999999977 
0.00000000099999999966 0.00000000099999999966 0.00000000099999999966 0.00000000099999999966 0.00000000099999999966 0.00000000099999999966 0.00000000099999999966 0.00000000099999999966 0.00000000099999999966 0.00000000099999999966 0.99999998899999997803 0.00000000099999999966 
0.00000000099999999935 0.00000000099999999935 0.00000000099999999935 0.00000000099999999935 0.00000000099999999935 0.00000000099999999935 0.00000000099999999935 0.00000000099999999935 0.00000000099999999935 0.00000000099999999935 0.99999998899999986701 0.00000000099999999935 
0.00000000099999999976 0.00000000099999999976 0.00000000099999999976 0.00000000099999999976 0.00000000099999999976 0.00000000099999999976 0.99999998900000008906 0.00000000099999999976 0.00000000099999999976 0.00000000099999999976 0.00000000099999999976 0.00000000099999999976 
0.00000000099999999960 0.00000000099999999960 0.00000000099999999960 0.00000000099999999960 0.00000000099999999960 0.00000000099999999960 0.00000000099999999960 0.00000000099999999960 0.99999998900000008906 0.00000000099999999960 0.00000000099999999960 0.00000000099999999960 
0.99999998900000031110 0.00000000099999999972 0.00000000099999999972 0.00000000099999999972 0.00000000099999999972 0.00000000099999999972 0.00000000099999999972 0.00000000099999999972 0.00000000099999999972 0.00000000099999999972 0.00000000099999999972 0.00000000099999999972 
0.00000000099999999986 0.00000000099999999986 0.00000000099999999986 0.05111029778180522370 0.41111891080044821178 0.00000000099999999986 0.09068421859094005777 0.00000000099999999986 0.22633094841253278973 0.22075561741427371376 0.00000000099999999986 0.00000000099999999986 
0.00000000099999999985 0.00000000099999999985 0.17598887906892354827 0.00000000099999999985 0.33830366684652452003 0.24035137336945289199 0.24535607271509912719 0.00000000099999999985 0.00000000099999999985 0.00000000099999999985 0.00000000099999999985 0.00000000099999999985 
0.00000000099999999973 0.00000000099999999973 0.00000000099999999973 0.00000000099999999973 0.00000000099999999973 0.99999998900000020008 0.00000000099999999973 0.00000000099999999973 0.00000000099999999973 0.00000000099999999973 0.00000000099999999973 0.00000000099999999973 
0.00000000099999999967 0.00000000099999999967 0.00000000099999999967 0.00000000099999999967 0.00000000099999999967 0.00000000099999999967 0.00000000099999999967 0.99999998899999997803 0.00000000099999999967 0.00000000099999999967 0.00000000099999999967 0.00000000099999999967 
0.00000000099999999993 0.29157871661659684470 0.64112013108546328510 0.00000000099999999993 0.06730114329794012473 0.00000000099999999993 0.00000000099999999993 0.00000000099999999993 0.00000000099999999993 0.00000000099999999993 0.00000000099999999993 0.00000000099999999993 
0.00000000099999999980 0.00000000099999999980 0.00000000099999999980 0.00797949417317059609 0.82658325597160842158 0.00000000099999999980 0.00000000099999999980 0.00000000099999999980 0.00000000099999999980 0.00000000099999999980 0.16543724085522099054 0.00000000099999999980 
0.11397955399289122491 0.09417424425774956198 0.00000000099999999989 0.00000000099999999989 0.00000000099999999989 0.35389871945204387504 0.00000000099999999989 0.00000000099999999989 0.22253980171984058534 0.00000000099999999989 0.00000000099999999989 0.21540767357747470090 
0.00000000099999999993 0.00000000099999999993 0.84375963737447212676 0.15353473169977316370 0.00000000099999999993 0.00000000099999999993 0.00000000099999999993 0.00270562192575477499 0.00000000099999999993 0.00000000099999999993 0.00000000099999999993 0.00000000099999999993 
0.00000000099999999978 0.00000000099999999978 0.81048058987257864949 0.00000000099999999978 0.00000000099999999978 0.18951940012742143904 0.00000000099999999978 0.00000000099999999978 0.00000000099999999978 0.00000000099999999978 0.00000000099999999978 0.00000000099999999978 
0.00000000099999999959 0.00000000099999999959 0.00000000099999999959 0.00000000099999999959 0.00000000099999999959 0.35983958073168231806 0.00000000099999999959 0.64016040926831763169 0.00000000099999999959 0.00000000099999999959 0.00000000099999999959 0.00000000099999999959 
0.00000000099999999962 0.00000000099999999962 0.00000000099999999962 0.00000000099999999962 0.00000000099999999962 0.00000000099999999962 0.00000000099999999962 0.00000000099999999962 0.99999998899999997803 0.00000000099999999962 0.00000000099999999962 0.00000000099999999962 
0.00000043243258530878 0.00000000099999999992 0.13603844239719120601 0.00000000099999999992 0.20577750342903908254 0.00000000099999999992 0.00000000099999999992 0.00000000099999999992 0.00000000099999999992 0.65818361374118439233 0.00000000099999999992 0.00000000099999999992 
0.00000000099999999967 0.09570043732325199393 0.42802575561593469988 0.00000000099999999967 0.00000000099999999967 0.00000000099999999967 0.00000000099999999967 0.00000000099999999967 0.47627379806081332481 0.00000000099999999967 0.00000000099999999967 0.00000000099999999967 
0.00000000099999999974 0.00000000099999999974 0.00000000099999999974 0.00000000099999999974 0.00000000099999999974 0.00000000099999999974 0.00000000099999999974 0.63349451003557999407 0.00000000099999999974 0.00000000099999999974 0.00000000099999999974 0.36650547996441990017 
0.00000000099999999988 0.00000000099999999988 0.00000000099999999988 0.00000000099999999988 0.00000000099999999988 0.09225963860911573500 0.75761607277993281429 0.00000000099999999988 0.00000000099999999988 0.15012427961095153872 0.00000000099999999988 0.00000000099999999988 
0.00000000099999999984 0.00000000099999999984 0.00000000099999999984 0.00000000099999999984 0.85802657362120793305 0.00000000099999999984 0.00000000099999999984 0.14197341637879221099 0.00000000099999999984 0.00000000099999999984 0.00000000099999999984 0.00000000099999999984 
0.00000000099999999994 0.13239508363014240722 0.09386607379867480117 0.00000000099999999994 0.62059333222395984819 0.15314550234722293376 0.00000000099999999994 0.00000000099999999994 0.00000000099999999994 0.00000000099999999994 0.00000000099999999994 0.00000000099999999994 
0.25305323645993749171 0.00000000099999999986 0.00000000099999999986 0.00000000099999999986 0.00000000099999999986 0.00000000099999999986 0.46944440145655585983 0.12164462675802614755 0.00000000099999999986 0.15585772732548053288 0.00000000099999999986 0.00000000099999999986 
0.00000000099999999973 0.29337701615254502263 0.00000000099999999973 0.00000000099999999973 0.00000000099999999973 0.00000000099999999973 0.00000000099999999973 0.70662297384745498263 0.00000000099999999973 0.00000000099999999973 0.00000000099999999973 0.00000000099999999973 
0.00000000099999999978 0.00000000099999999978 0.00000000099999999978 0.00000000099999999978 0.00000000099999999978 0.92793754238130088385 0.00000000099999999978 0.00000000099999999978 0.00000000099999999978 0.00000000099999999978 0.07206244761869934345 0.00000000099999999978 
0.00000000099999999975 0.00000000099999999975 0.00000000099999999975 0.00000000099999999975 0.77444124995229080000 0.22555874004770942731 0.00000000099999999975 0.00000000099999999975 0.00000000099999999975 0.00000000099999999975 0.00000000099999999975 0.00000000099999999975 
0.00000000099999999986 0.21377859155936798641 0.78622139844063232417 0.00000000099999999986 0.00000000099999999986 0.00000000099999999986 0.00000000099999999986 0.00000000099999999986 0.00000000099999999986 0.00000000099999999986 0.00000000099999999986 0.00000000099999999986 
0.00000000099999999983 0.00000000099999999983 0.32402459240287539988 0.00000000099999999983 0.00000000099999999983 0.28357092441896791790 0.00000000099999999983 0.03754862823232537478 0.20317768870780442136 0.00000000099999999983 0.15167815923802691058 0.00000000099999999983 
0.00000000099999999983 0.00000000099999999983 0.26979892706055719209 0.00000000099999999983 0.00000000099999999983 0.00000000099999999983 0.00000000099999999983 0.14464324905601391724 0.58555781488342895091 0.00000000099999999983 0.00000000099999999983 0.00000000099999999983 
0.00000000099999999987 0.00000000099999999987 0.44783425972042334440 0.00000000099999999987 0.00000000099999999987 0.55216573027957671638 0.00000000099999999987 0.00000000099999999987 0.00000000099999999987 0.00000000099999999987 0.00000000099999999987 0.00000000099999999987 
0.00000000099999999960 0.00000000099999999960 0.00000000099999999960 0.00000000099999999960 0.00000000099999999960 0.99999998900000020008 0.00000000099999999960 0.00000000099999999960 0.00000000099999999960 0.00000000099999999960 0.00000000099999999960 0.00000000099999999960 
0.00000000099999999985 0.00000000099999999985 0.00000000099999999985 0.43795098062879972423 0.36847521873928690272 0.00000000099999999985 0.00000000099999999985 0.10452853490337227216 0.00000000099999999985 0.08904525772854107735 0.00000000099999999985 0.00000000099999999985 
0.00000000099999999987 0.32484943114621078752 0.00000000099999999987 0.00000000099999999987 0.00000000099999999987 0.00000000099999999987 0.60020138322549698717 0.00000000099999999987 0.00000000099999999987 0.07494917662829196636 0.00000000099999999987 0.00000000099999999987 
0.00000000099999999986 0.00000659145311051126 0.43008035197539440375 0.00000000099999999986 0.00000000099999999986 0.32479272580113344171 0.00000000099999999986 0.00000000099999999986 0.03581997489269132806 0.00000000099999999986 0.00000000099999999986 0.20930034887767054452 
0.00000000099999999959 0.00000000099999999959 0.00000000099999999959 0.00000000099999999959 0.00000000099999999959 0.00000000099999999959 0.99999998899999997803 0.00000000099999999959 0.00000000099999999959 0.00000000099999999959 0.00000000099999999959 0.00000000099999999959 
0.00000000099999999977 0.27485133841714376457 0.00000000099999999977 0.00000000099999999977 0.00000000099999999977 0.00000000099999999977 0.00000000099999999977 0.00000000099999999977 0.02069496440620332417 0.00000000099999999977 0.70445368817665265926 0.00000000099999999977 
0.00000000099999999964 0.00000000099999999964 0.00000000099999999964 0.00000000099999999964 0.00000000099999999964 0.00000000099999999964 0.00000000099999999964 0.00000000099999999964 0.99999998899999997803 0.00000000099999999964 0.00000000099999999964 0.00000000099999999964 
0.00000000099999999984 0.00000000099999999984 0.18655888585035648730 0.00000000099999999984 0.00000000099999999984 0.00000000099999999984 0.00309934601446673922 0.00000000099999999984 0.00000000099999999984 0.00000000099999999984 0.81034175913517680900 0.00000000099999999984 
0.00000000099999999960 0.00000000099999999960 0.00000000099999999960 0.00000000099999999960 0.00000000099999999960 0.00000000099999999960 0.00000000099999999960 0.00000000099999999960 0.99999998900000008906 0.00000000099999999960 0.00000000099999999960 0.00000000099999999960 
0.00000000099999999952 0.00000000099999999952 0.00000000099999999952 0.99999998900000008906 0.00000000099999999952 0.00000000099999999952 0.00000000099999999952 0.00000000099999999952 0.00000000099999999952 0.00000000099999999952 0.00000000099999999952 0.00000000099999999952 
0.00000000099999999984 0.00000000099999999984 0.00000000099999999984 0.00000000099999999984 0.00000000099999999984 0.00000000099999999984 0.00000000099999999984 0.31168409314099077001 0.00000000099999999984 0.00000000099999999984 0.68831589685900906872 0.00000000099999999984 
0.00000000099999999990 0.36602460445852319504 0.14178993116666183116 0.00000000099999999990 0.00000000099999999990 0.00000000099999999990 0.00000000099999999990 0.00000000730022237826 0.00000000099999999990 0.00000001383348678451 0.49218543624110588919 0.00000000099999999990 
0.00000000099999999968 0.00000000099999999968 0.00000000099999999968 0.00000000099999999968 0.00000000099999999968 0.99999998900000020008 0.00000000099999999968 0.00000000099999999968 0.00000000099999999968 0.00000000099999999968 0.00000000099999999968 0.00000000099999999968 
0.00000000099999999980 0.00000000099999999980 0.00000000099999999980 0.00000000099999999980 0.00000000099999999980 0.00000000099999999980 0.00000000099999999980 0.00000000099999999980 0.00000000099999999980 0.00000000099999999980 0.99999998899999986701 0.00000000099999999980 
0.00000000099999999982 0.13314916255239689358 0.29448123409015797280 0.00000000099999999982 0.00000000099999999982 0.05885960120257781314 0.00000000099999999982 0.09007955607173916135 0.00000000099999999982 0.00000000099999999982 0.00000000099999999982 0.42343043908312810730 
0.04041336073480251284 0.00000000099999999990 0.00000000099999999990 0.10418350219696459469 0.28472592701834520401 0.00000000099999999990 0.57067719877624023539 0.00000000427364770870 0.00000000099999999990 0.00000000099999999990 0.00000000099999999990 0.00000000099999999990 
0.00000000099999999956 0.99999998900000020008 0.00000000099999999956 0.00000000099999999956 0.00000000099999999956 0.00000000099999999956 0.00000000099999999956 0.00000000099999999956 0.00000000099999999956 0.00000000099999999956 0.00000000099999999956 0.00000000099999999956 
0.01454698591584426860 0.07810303801165056903 0.00000000099999999989 0.00000000099999999989 0.00000000099999999989 0.31578904859023410046 0.00000000099999999989 0.00000000099999999989 0.00000000099999999989 0.00000000099999999989 0.00000000099999999989 0.59156091948227096378 
0.00000000099999999974 0.00000000099999999974 0.00000000099999999974 0.00000000099999999974 0.00000000099999999974 0.00000000099999999974 0.00000000099999999974 0.00000000099999999974 0.00000000099999999974 0.99999998900000008906 0.00000000099999999974 0.00000000099999999974 
0.00000000099999999970 0.99999998900000020008 0.00000000099999999970 0.00000000099999999970 0.00000000099999999970 0.00000000099999999970 0.00000000099999999970 0.00000000099999999970 0.00000000099999999970 0.00000000099999999970 0.00000000099999999970 0.00000000099999999970 
0.00000000099999999973 0.00000000099999999973 0.00000000099999999973 0.00000000099999999973 0.00000000099999999973 0.99999998900000008906 0.00000000099999999973 0.00000000099999999973 0.00000000099999999973 0.00000000099999999973 0.00000000099999999973 0.00000000099999999973 
0.00000000099999999987 0.46562789411776034365 0.00000000099999999987 0.00000000099999999987 0.00000000099999999987 0.00000000099999999987 0.00000000099999999987 0.00000000099999999987 0.00000000099999999987 0.00000000099999999987 0.53437209588223932855 0.00000000099999999987 
