0.00000000099999999942 0.00000000099999999942 0.00000000099999999942 0.00000000099999999942 0.00000000099999999942 0.00000000099999999942 0.99999999400000005867 
0.00000000099999999960 0.81844557467552891961 0.18155442032447124956 0.00000000099999999960 0.00000000099999999960 0.00000000099999999960 0.00000000099999999960 
0.00000000099999999948 0.33943681411003012727 0.66056318088997001414 0.00000000099999999948 0.00000000099999999948 0.00000000099999999948 0.00000000099999999948 
0.00000000099999999952 0.79049563980138615182 0.20950435519861387856 0.00000000099999999952 0.00000000099999999952 0.00000000099999999952 0.00000000099999999952 
0.00000000099999999963 0.95921229457691570275 0.04078770042308451499 0.00000000099999999963 0.00000000099999999963 0.00000000099999999963 0.00000000099999999963 
0.30963972389407895536 0.00000000099999999986 0.00000000099999999986 0.55358722805016258306 0.00000000099999999986 0.13677304405575857471 0.00000000099999999986 
0.58064050201002159746 0.00000000099999999994 0.01661162353217090007 0.02886811218844326232 0.00000000099999999994 0.37387975926936423132 0.00000000099999999994 
0.00000000099999999986 0.32049396028559323790 0.59583497535027196701 0.08367106036413470005 0.00000000099999999986 0.00000000099999999986 0.00000000099999999986 
0.00000000099999999964 0.33013669388696770257 0.66986330111303238333 0.00000000099999999964 0.00000000099999999964 0.00000000099999999964 0.00000000099999999964 
0.00000000099999999953 0.00000000099999999953 0.00000000099999999953 0.99999999399999994765 0.00000000099999999953 0.00000000099999999953 0.00000000099999999953 
0.00000000099999999953 0.59496616951512337756 0.40503382548487670833 0.00000000099999999953 0.00000000099999999953 0.00000000099999999953 0.00000000099999999953 
0.00000000099999999962 0.85677518615394221424 0.14322480884605781615 0.00000000099999999962 0.00000000099999999962 0.00000000099999999962 0.00000000099999999962 
0.00000000099999999957 0.71082456722059494947 0.28917542777940513643 0.00000000099999999957 0.00000000099999999957 0.00000000099999999957 0.00000000099999999957 
0.00000000099999999953 0.00000000099999999953 0.00000000099999999953 0.00000000099999999953 0.99999999400000005867 0.00000000099999999953 0.00000000099999999953 
0.00000000099999999977 0.64650022670886964082 0.35349976829113050059 0.00000000099999999977 0.00000000099999999977 0.00000000099999999977 0.00000000099999999977 
0.00000000099999999968 0.00000000099999999968 0.00000000099999999968 0.00000000099999999968 0.00000000099999999968 0.99999999399999994765 0.00000000099999999968 
0.00000000099999999977 0.74481175113840525359 0.25518824341906637398 0.00000000099999999977 0.00000000099999999977 0.00000000099999999977 0.00000000144252846751 
0.00000000099999999952 0.76117109132528759652 0.23882890367471243387 0.00000000099999999952 0.00000000099999999952 0.00000000099999999952 0.00000000099999999952 
0.39503349045732882860 0.00000000099999999991 0.00003385998240868222 0.00000000099999999991 0.12677893528540648549 0.47815371127485606362 0.00000000099999999991 
0.00000000099999999962 0.57205134333938056912 0.42794865166061951678 0.00000000099999999962 0.00000000099999999962 0.00000000099999999962 0.00000000099999999962 
0.00000000099999999965 0.52538408416419879465 0.47461591083580134676 0.00000000099999999965 0.00000000099999999965 0.00000000099999999965 0.00000000099999999965 
0.00000000099999999971 0.46489621623546606433 0.53510377876453407708 0.00000000099999999971 0.00000000099999999971 0.00000000099999999971 0.00000000099999999971 
0.00000000099999999976 0.00000000099999999976 0.00000000099999999976 0.00000000099999999976 0.00000000099999999976 0.99999999399999994765 0.00000000099999999976 
0.53644424290906089769 0.00000000099999999992 0.00000000099999999992 0.03685693793780274452 0.00000000099999999992 0.42669881515313629050 0.00000000099999999992 
0.00000000099999999985 0.42384311193662455031 0.54902097440768382608 0.00000000099999999985 0.00000000099999999985 0.00000000099999999985 0.02713590965569163960 
0.00000000099999999926 0.00000000099999999926 0.00000000099999999926 0.00000000099999999926 0.99999999399999994765 0.00000000099999999926 0.00000000099999999926 
0.00000000099999999964 0.65020850370710803201 0.34979149129289199838 0.00000000099999999964 0.00000000099999999964 0.00000000099999999964 0.00000000099999999964 
0.36171464781368611874 0.00000000099999999992 0.00000000099999999992 0.08795352687928560675 0.00000000099999999992 0.55033182130702806845 0.00000000099999999992 
0.00000000099999999981 0.66879628597100326814 0.33120370902899681775 0.00000000099999999981 0.00000000099999999981 0.00000000099999999981 0.00000000099999999981 
0.00000000099999999961 0.74235519112185421875 0.25764480387814581164 0.00000000099999999961 0.00000000099999999961 0.00000000099999999961 0.00000000099999999961 
0.13729862893503225196 0.00000000099999999977 0.04353806502897059755 0.00000000099999999977 0.00000000099999999977 0.00000000099999999977 0.81916330203599707627 
0.00000000099999999986 0.00000000099999999986 0.00000000099999999986 0.99999999399999994765 0.00000000099999999986 0.00000000099999999986 0.00000000099999999986 
0.28937533305959534102 0.09191518823278263528 0.00000000099999999997 0.17114561958537932718 0.00000000099999999997 0.44756385612224275361 0.00000000099999999997 
0.00000000099999999965 0.00000000099999999965 0.00000000099999999965 0.99999999400000005867 0.00000000099999999965 0.00000000099999999965 0.00000000099999999965 
0.00000000099999999975 0.00000000099999999975 0.00000000099999999975 0.00000000099999999975 0.00000000099999999975 0.99999999399999994765 0.00000000099999999975 
0.00000000099999999933 0.00000000099999999933 0.00000000099999999933 0.00000000099999999933 0.99999999399999994765 0.00000000099999999933 0.00000000099999999933 
0.02021996472028770447 0.00000000099999999993 0.15580797558606207520 0.40331553408591436227 0.23137339126399433797 0.18928313234374133378 0.00000000099999999993 
0.00000000099999999989 0.61683208721408400166 0.38316790778591625077 0.00000000099999999989 0.00000000099999999989 0.00000000099999999989 0.00000000099999999989 
0.49526719564068633073 0.00000000099999999997 0.00000000099999999997 0.09910713003118561126 0.00891434815736986096 0.32075564336795675535 0.07595568080280136469 
0.00000000099999999993 0.77315276676530519939 0.22684722823469483100 0.00000000099999999993 0.00000000099999999993 0.00000000099999999993 0.00000000099999999993 
0.00000000099999999970 0.55938187368923764087 0.44061812131076250054 0.00000000099999999970 0.00000000099999999970 0.00000000099999999970 0.00000000099999999970 
0.00000000099999999975 0.61651048180120038289 0.38348951319879975852 0.00000000099999999975 0.00000000099999999975 0.00000000099999999975 0.00000000099999999975 
0.00000000099999999991 0.34834592160519511905 0.63291483741951226616 0.00000000099999999991 0.00000000099999999991 0.01873923697529251975 0.00000000099999999991 
0.09258453319150634908 0.00000000099999999993 0.18781138559252744114 0.51186278564338394403 0.20774129257258233672 0.00000000099999999993 0.00000000099999999993 
0.00000000099999999958 0.00000000099999999958 0.00000000099999999958 0.00000000099999999958 0.99999999400000005867 0.00000000099999999958 0.00000000099999999958 
0.00000000099999999988 0.46180363943029917317 0.53819635556970080170 0.00000000099999999988 0.00000000099999999988 0.00000000099999999988 0.00000000099999999988 
0.07880604264407288506 0.00000000099999999988 0.00000000099999999988 0.00000000099999999988 0.00000000099999999988 0.92119395235592704818 0.00000000099999999988 
0.18836077489997890555 0.00000000099999999989 0.00000000099999999989 0.81163922010002109708 0.00000000099999999989 0.00000000099999999989 0.00000000099999999989 
0.53843885721659678900 0.00000000099999999995 0.00000000099999999995 0.00000000099999999995 0.21375361556057292933 0.22228323013729983648 0.02552429408553058207 
0.15362955752540397025 0.00000000099999999969 0.00000000099999999969 0.00000000099999999969 0.84637043747459606013 0.00000000099999999969 0.00000000099999999969 
0.00000000099999999974 0.32531710698436361318 0.67468288801563647272 0.00000000099999999974 0.00000000099999999974 0.00000000099999999974 0.00000000099999999974 
0.00000000099999999984 0.60673512070442647826 0.39326487429557360764 0.00000000099999999984 0.00000000099999999984 0.00000000099999999984 0.00000000099999999984 
0.00000000099999999981 0.00000000099999999981 0.00000000099999999981 0.99999999400000005867 0.00000000099999999981 0.00000000099999999981 0.00000000099999999981 
0.00000000099999999985 0.00000000099999999985 0.00000000099999999985 0.00000000099999999985 0.00000000099999999985 0.00000000099999999985 0.99999999399999994765 
0.99999999400000005867 0.00000000099999999970 0.00000000099999999970 0.00000000099999999970 0.00000000099999999970 0.00000000099999999970 0.00000000099999999970 
0.00000000099999999985 0.00000000099999999985 0.00000000099999999985 0.00000000099999999985 0.00000000099999999985 0.00000000099999999985 0.99999999399999994765 
0.00000000099999999971 0.00000000099999999971 0.00000000099999999971 0.99999999399999994765 0.00000000099999999971 0.00000000099999999971 0.00000000099999999971 
0.00000000099999999959 0.00000000099999999959 0.00000000099999999959 0.00000000099999999959 0.99999999399999994765 0.00000000099999999959 0.00000000099999999959 
0.00000000099999999985 0.84276982966453606316 0.10960791437054465125 0.00000000099999999985 0.00000000099999999985 0.00000000099999999985 0.04762225196491947504 
0.00000000099999999975 0.00000000099999999975 0.09601045650591942537 0.90398953849408070216 0.00000000099999999975 0.00000000099999999975 0.00000000099999999975 
0.00000000099999999973 0.00000000099999999973 0.00000000099999999973 0.99999999399999994765 0.00000000099999999973 0.00000000099999999973 0.00000000099999999973 
0.00000000099999999977 0.49697554849619746120 0.50302444650380251367 0.00000000099999999977 0.00000000099999999977 0.00000000099999999977 0.00000000099999999977 
0.43665504894569473482 0.00000000099999999997 0.00000000099999999997 0.48819505511407568221 0.00000000099999999997 0.06202540010830506073 0.01312449283192452208 
0.00000000099999999982 0.00000000099999999982 0.00000000099999999982 0.00000000099999999982 0.00000000099999999982 0.99999999399999994765 0.00000000099999999982 
0.00000000099999999988 0.00000000099999999988 0.00000000099999999988 0.82221801900178126399 0.06797086488462528164 0.00000000099999999988 0.10981111211359340096 
0.00000000099999999974 0.00000000099999999974 0.99999999400000005867 0.00000000099999999974 0.00000000099999999974 0.00000000099999999974 0.00000000099999999974 
0.00000000099999999987 0.00000000099999999987 0.00000000099999999987 0.11431907120520840015 0.00000000099999999987 0.00000000099999999987 0.88568092379479157472 
0.00000000099999999974 0.00000000099999999974 0.00000000099999999974 0.00000000099999999974 0.00000000099999999974 0.00000000099999999974 0.99999999400000005867 
0.00000000099999999981 0.00000000099999999981 0.00000000099999999981 0.99999999399999994765 0.00000000099999999981 0.00000000099999999981 0.00000000099999999981 
0.00000000099999999987 0.00000000099999999987 0.00000000099999999987 0.89623793718022870536 0.10376205781977117237 0.00000000099999999987 0.00000000099999999987 
0.04245287859219273180 0.46337740255296838709 0.49416971485483895954 0.00000000099999999983 0.00000000099999999983 0.00000000099999999983 0.00000000099999999983 
0.00000000099999999989 0.23409258773042906920 0.73172299419014819044 0.00000000099999999989 0.00000000099999999989 0.00000000099999999989 0.03418441407942272858 
0.04323377868485142606 0.52084953345380191614 0.43006696496247120987 0.00000000099999999991 0.00000000099999999991 0.00000000099999999991 0.00584971989887544952 
0.00000000099999999982 0.00000000099999999982 0.00000000099999999982 0.99999999399999994765 0.00000000099999999982 0.00000000099999999982 0.00000000099999999982 
0.01616878276638396283 0.11980703995000381579 0.00000000099999999991 0.76483293866676405059 0.00000000099999999991 0.09919123561684829726 0.00000000099999999991 
0.00000000099999999970 0.00000000099999999970 0.00000000099999999970 0.99999999399999994765 0.00000000099999999970 0.00000000099999999970 0.00000000099999999970 
0.00000000099999999998 0.46438339974466014137 0.48709062988497098257 0.04835525035923736448 0.00000000099999999998 0.00000000099999999998 0.00017071701113161912 
0.00000000099999999970 0.00000000099999999970 0.00000000099999999970 0.00000000099999999970 0.00000000099999999970 0.00000000099999999970 0.99999999400000005867 
0.00000000099999999973 0.00000000099999999973 0.00000000099999999973 0.99999999399999994765 0.00000000099999999973 0.00000000099999999973 0.00000000099999999973 
0.00000000099999999987 0.77735371027679611711 0.22264628472320396879 0.00000000099999999987 0.00000000099999999987 0.00000000099999999987 0.00000000099999999987 
0.00000000099999999979 0.00000000099999999979 0.00000000099999999979 0.00000000099999999979 0.00000000099999999979 0.00000000099999999979 0.99999999400000005867 
0.22599655918494510054 0.00000000099999999988 0.00000000099999999988 0.00000000099999999988 0.00000000099999999988 0.77400343581505492985 0.00000000099999999988 
0.83306850006326915725 0.00000000099999999992 0.16693149493673081762 0.00000000099999999992 0.00000000099999999992 0.00000000099999999992 0.00000000099999999992 
0.00000000099999999993 0.00000000099999999993 0.00000000099999999993 0.81252089833840734912 0.09707933718989245064 0.02396972636605156429 0.06643003510564871039 
0.16368050079366619487 0.00000000099999999992 0.00000000099999999992 0.83631949420633389103 0.00000000099999999992 0.00000000099999999992 0.00000000099999999992 
0.99999999400000005867 0.00000000099999999988 0.00000000099999999988 0.00000000099999999988 0.00000000099999999988 0.00000000099999999988 0.00000000099999999988 
0.00000000099999999984 0.25702236002081924049 0.50368551659507376783 0.23929211938410699378 0.00000000099999999984 0.00000000099999999984 0.00000000099999999984 
0.85441410234298587056 0.00000000099999999994 0.00000000099999999994 0.00000000099999999994 0.00000029054329912304 0.14558560311371512852 0.00000000099999999994 
0.00000000099999999980 0.00000000099999999980 0.00000000099999999980 0.99999999399999994765 0.00000000099999999980 0.00000000099999999980 0.00000000099999999980 
0.00000000099999999982 0.41909428307667073721 0.58090571192332940420 0.00000000099999999982 0.00000000099999999982 0.00000000099999999982 0.00000000099999999982 
0.57697914525093274563 0.00000000099999999993 0.00000000099999999993 0.19102639195290557761 0.00000000099999999993 0.23199445879616184540 0.00000000099999999993 
0.32078843870666723381 0.00000000099999999997 0.00000000099999999997 0.00000000099999999997 0.20106178896168996895 0.47814976833164263281 0.00000000099999999997 
0.00000000099999999983 0.00000000099999999983 0.00000000099999999983 0.00000000099999999983 0.00000000099999999983 0.00000000099999999983 0.99999999400000005867 
0.00000000099999999965 0.00000000099999999965 0.00000000099999999965 0.00000000099999999965 0.00000000099999999965 0.00000000099999999965 0.99999999399999994765 
0.79193830201617443354 0.10636891365827558231 0.00000000099999999995 0.00000000099999999995 0.00000000099999999995 0.00000000099999999995 0.10169278032555022218 
0.00000000099999999984 0.99999999400000016969 0.00000000099999999984 0.00000000099999999984 0.00000000099999999984 0.00000000099999999984 0.00000000099999999984 
0.00000000099999999992 0.00000000099999999992 0.10234566099144395968 0.02307487175370835294 0.00000000099999999992 0.87457946325484769989 0.00000000099999999992 
0.46876011525618327402 0.00000000099999999996 0.18323129812593572097 0.31247086270796214924 0.03553772090991894061 0.00000000099999999996 0.00000000099999999996 
0.66480393581243768519 0.00000000099999999991 0.33519605918756240071 0.00000000099999999991 0.00000000099999999991 0.00000000099999999991 0.00000000099999999991 
0.00000000099999999995 0.00000000099999999995 0.50434812248379845556 0.12091726514553581551 0.00000000099999999995 0.00000000099999999995 0.37473460837066557838 
0.00000000099999999993 0.54227812824222054733 0.28898553428219331263 0.16873633347558622542 0.00000000099999999993 0.00000000099999999993 0.00000000099999999993 
0.00000000099999999996 0.40354457050284658903 0.59645542449715360789 0.00000000099999999996 0.00000000099999999996 0.00000000099999999996 0.00000000099999999996 
0.00000000099999999994 0.00000000099999999994 0.00000000099999999994 0.00000000099999999994 0.30088665060480507263 0.61297656827631041843 0.08613677711888458044 
0.06696199418658105307 0.55801116629767377741 0.00000000099999999993 0.00000000099999999993 0.00000000099999999993 0.00000002302620820266 0.37502681348953698093 
0.00000000099999999997 0.67179535026105408058 0.16267713505109232530 0.00003015442759540611 0.16549735726025832649 0.00000000099999999997 0.00000000099999999997 
0.00000000099999999986 0.41558530934454879224 0.58441468565545118263 0.00000000099999999986 0.00000000099999999986 0.00000000099999999986 0.00000000099999999986 
0.00000000099999999991 0.02505785766238449383 0.72141506543699529530 0.23379819103301235916 0.00000000099999999991 0.00000000099999999991 0.01972888286760786716 
0.00000000099999999992 0.54185890618066923086 0.41565246767722374699 0.00000000099999999992 0.00000000099999999992 0.00000000099999999992 0.04248862214210704508 
0.30819038092207790003 0.00000000099999999998 0.00716671559342661139 0.66338556219280930826 0.02122942024134546676 0.00002791905034067464 0.00000000099999999998 
0.00000000099999999984 0.93628005147726500734 0.00395280300473451265 0.00000000099999999984 0.00000000099999999984 0.00000000099999999984 0.05976714151800060354 
0.00000000099999999991 0.21565876440044173812 0.78434123059955840329 0.00000000099999999991 0.00000000099999999991 0.00000000099999999991 0.00000000099999999991 
0.84729733974112275696 0.00000000099999999996 0.00000000099999999996 0.15270265525887732894 0.00000000099999999996 0.00000000099999999996 0.00000000099999999996 
0.41626164433067830428 0.00000000099999999995 0.25484306215714047639 0.00000000099999999995 0.00000000099999999995 0.32889528951218122144 0.00000000099999999995 
0.12397682010022305354 0.00000000099999999997 0.31446994898176888755 0.15023989873709270304 0.00000000099999999997 0.41131332918091534356 0.00000000099999999997 
0.00000000099999999991 0.00000000099999999991 0.00000000099999999991 0.00000000099999999991 0.00000000099999999991 0.99999999400000005867 0.00000000099999999991 
0.00000000099999999994 0.13796695041080198063 0.54392931209489658873 0.07177009837228595646 0.15677427650456943198 0.00000000099999999994 0.08955936061744602938 
0.00000000099999999992 0.75651019847409839425 0.00000095318199165185 0.00000000099999999992 0.00000000099999999992 0.00000000099999999992 0.24348884434390999365 
0.00000000099999999992 0.00000000099999999992 0.00000000099999999992 0.00000000099999999992 0.00000000099999999992 0.99999999400000005867 0.00000000099999999992 
0.00000000099999999991 0.00000000099999999991 0.99999999400000005867 0.00000000099999999991 0.00000000099999999991 0.00000000099999999991 0.00000000099999999991 
0.00000000099999999989 0.00000000099999999989 0.86602948167979787453 0.00000000099999999989 0.00000000099999999989 0.00000000099999999989 0.13397051332020215586 
0.00000000099999999993 0.95300073001766105740 0.00000000099999999993 0.00000000099999999993 0.04699926498233903543 0.00000000099999999993 0.00000000099999999993 
0.00000000099999999996 0.27197092940644146397 0.55676284144354193373 0.17126603774132703739 0.00000018840868956107 0.00000000099999999996 0.00000000099999999996 
0.00000000099999999988 0.00000000099999999988 0.89895820199980147613 0.00000000099999999988 0.00000000099999999988 0.00000000099999999988 0.10104179300019847099 
0.00000000099999999993 0.00000000099999999993 0.00000000099999999993 0.00212568415030033346 0.45230858832689080362 0.54556572352280874316 0.00000000099999999993 
0.59113367411896111658 0.04601651086580232225 0.00000000099999999999 0.11825183922254865754 0.24459797279268785664 0.00000000099999999999 0.00000000099999999999 
0.00000000099999999989 0.37530399482882481621 0.62469600017117521418 0.00000000099999999989 0.00000000099999999989 0.00000000099999999989 0.00000000099999999989 
0.99999999400000016969 0.00000000099999999983 0.00000000099999999983 0.00000000099999999983 0.00000000099999999983 0.00000000099999999983 0.00000000099999999983 
0.00000000099999999976 0.00000000099999999976 0.00000000099999999976 0.00000000099999999976 0.00000000099999999976 0.00000000099999999976 0.99999999400000005867 
0.00000000099999999985 0.99999999400000005867 0.00000000099999999985 0.00000000099999999985 0.00000000099999999985 0.00000000099999999985 0.00000000099999999985 
0.14418485663171895506 0.00000000099999999991 0.00000000099999999991 0.00000000099999999991 0.00000000099999999991 0.00000000099999999991 0.85581513836828115860 
0.00000000099999999985 0.21428142029780750111 0.78571857470219264030 0.00000000099999999985 0.00000000099999999985 0.00000000099999999985 0.00000000099999999985 
0.00000000099999999974 0.00000000099999999974 0.00000000099999999974 0.00000000099999999974 0.99999999400000005867 0.00000000099999999974 0.00000000099999999974 
0.00000000099999999993 0.39756592807441926141 0.00000000099999999993 0.00000000099999999993 0.00000000099999999993 0.00000000099999999993 0.60243406692558065796 
0.00000000099999999993 0.00000000099999999993 0.23592773866752961287 0.02893126317604269998 0.00000000099999999993 0.00000000099999999993 0.73514099415642752966 
0.00000000099999999996 0.01540810870364135027 0.68299308431011174214 0.01010662187740833141 0.12326047070671378170 0.00000000099999999996 0.16823171240212486666 
0.00000000099999999988 0.00000000099999999988 0.00000000099999999988 0.00000000099999999988 0.00000000099999999988 0.00000000099999999988 0.99999999400000005867 
0.00000000099999999979 0.00000000099999999979 0.99999999399999994765 0.00000000099999999979 0.00000000099999999979 0.00000000099999999979 0.00000000099999999979 
0.52257173388857669494 0.00000000099999999996 0.00000000099999999996 0.01416920557589064662 0.27398012821137995854 0.18927892932415271710 0.00000000099999999996 
0.00000000099999999986 0.00000000099999999986 0.32114434577999573239 0.00000000099999999986 0.00000000099999999986 0.00000000099999999986 0.67885564922000418697 
0.00000000099999999996 0.60202510230756123288 0.16769956866317992095 0.00000000099999999996 0.00000000099999999996 0.09988043880138830488 0.13039488722787043185 
0.00000000099999999988 0.00000000099999999988 0.00000000099999999988 0.99999999400000005867 0.00000000099999999988 0.00000000099999999988 0.00000000099999999988 
0.16596723334159352303 0.00000000099999999992 0.00000000099999999992 0.00000000099999999992 0.00000000099999999992 0.00000000099999999992 0.83403276165840656287 
0.00000000099999999991 0.00000000099999999991 0.70633294084494258058 0.00000000099999999991 0.00000000099999999991 0.00000000099999999991 0.29366705415505744980 
0.00000000099999999992 0.00000000099999999992 0.00000000099999999992 0.00000000099999999992 0.00000000099999999992 0.00000000099999999992 0.99999999399999994765 
0.00000000099999999986 0.00000000099999999986 0.18821041820348569096 0.00000000099999999986 0.00000000099999999986 0.00000000099999999986 0.81178957679651442270 
0.70667742524354015821 0.00000000099999999993 0.00000000099999999993 0.00000000099999999993 0.00000000099999999993 0.14460076746525585278 0.14872180329120418540 
0.00000000099999999998 0.00000000099999999998 0.08881000014218215499 0.44076824730003866248 0.05384046464450623765 0.41658128491327295340 0.00000000099999999998 
0.00000000099999999996 0.00000000099999999996 0.00000000099999999996 0.21232511269337786541 0.00000000099999999996 0.00000000099999999996 0.78767488230662208171 
0.00000000099999999995 0.48732644431773020077 0.06618213265662990785 0.00000000099999999995 0.00000000099999999995 0.05908383973507515957 0.38740758029056482359 
0.00000000099999999998 0.78502263406601924256 0.00000000099999999998 0.06198328439007864954 0.00000000099999999998 0.00000000099999999998 0.15299407754390223491 
0.99999999400000016969 0.00000000099999999989 0.00000000099999999989 0.00000000099999999989 0.00000000099999999989 0.00000000099999999989 0.00000000099999999989 
0.00000000099999999998 0.59269936210972395951 0.00000000099999999998 0.00000000099999999998 0.00000000099999999998 0.18519229311934548576 0.22210834077093055683 
0.00000000099999999985 0.00000000099999999985 0.99999999400000005867 0.00000000099999999985 0.00000000099999999985 0.00000000099999999985 0.00000000099999999985 
0.00000000099999999992 0.43680551734732064872 0.44577106054208465169 0.00000000099999999992 0.00000000099999999992 0.00000000099999999992 0.11742341811059479884 
0.00000000099999999994 0.73732179363546268558 0.00000000099999999994 0.00000000099999999994 0.00000000099999999994 0.00000000099999999994 0.26267820136453751134 
0.00000000099999999991 0.22059500395298087261 0.77878829148006967209 0.00000000099999999991 0.00000000099999999991 0.00000000099999999991 0.00061670056694965213 
0.00000000099999999994 0.13617343396370912290 0.75878565479229309609 0.10504090724399796353 0.00000000099999999994 0.00000000099999999994 0.00000000099999999994 
0.44062735018414950217 0.00000016098351969381 0.00000000196886947993 0.00000000099999999998 0.01759716153745505968 0.54177532332600630838 0.00000000099999999998 
0.16422332048513280101 0.62571081472049427941 0.00000000099999999997 0.00000000099999999997 0.21006586079437289394 0.00000000099999999997 0.00000000099999999997 
0.00000000099999999989 0.00000000099999999989 0.00000000099999999989 0.00000000099999999989 0.00000000099999999989 0.00000000099999999989 0.99999999399999994765 
0.00000006915550386334 0.00000000099999999999 0.24385387320191193039 0.29897725184132833975 0.22499948020640900270 0.20493764160768832006 0.02723168298715865701 
0.99999999400000005867 0.00000000099999999987 0.00000000099999999987 0.00000000099999999987 0.00000000099999999987 0.00000000099999999987 0.00000000099999999987 
0.00000000099999999994 0.00000119698088973972 0.00000000099999999994 0.00000000099999999994 0.00000000099999999994 0.00000000099999999994 0.99999879801911029098 
0.00000000099999999993 0.00000000099999999993 0.00000000099999999993 0.00000000099999999993 0.00000000099999999993 0.00000000099999999993 0.99999999399999994765 
0.27891655697487205412 0.00000013715891109599 0.20935045010599859228 0.00000000099999999999 0.51172812959127589316 0.00000295359169850086 0.00000177157724374510 
0.00000000099999999991 0.45822984625175944284 0.54177014874824058754 0.00000000099999999991 0.00000000099999999991 0.00000000099999999991 0.00000000099999999991 
0.00000000099999999996 0.37033153036041843720 0.15784850372483999470 0.46709144419262049741 0.00472851872212095431 0.00000000099999999996 0.00000000099999999996 
0.00000000099999999998 0.00000000099999999998 0.00000000099999999998 0.38504397063214529373 0.10373828488205844023 0.33751674010161125672 0.17370100138418492763 
0.00000000099999999991 0.00000000099999999991 0.99999999399999994765 0.00000000099999999991 0.00000000099999999991 0.00000000099999999991 0.00000000099999999991 
0.50866871484089382083 0.10935102124986570415 0.00000000099999999994 0.38198025990924061590 0.00000000099999999994 0.00000000099999999994 0.00000000099999999994 
0.00000000099999999997 0.00000000099999999997 0.67180421839993009758 0.32819577660006982178 0.00000000099999999997 0.00000000099999999997 0.00000000099999999997 
0.00000000099999999994 0.94903850987786209092 0.00000000099999999994 0.00000000099999999994 0.05096148512213811987 0.00000000099999999994 0.00000000099999999994 
0.00000000099999999990 0.00001041485659055611 0.00000000208879221171 0.00000000099999999990 0.00000000099999999990 0.00000000099999999990 0.99998957905461716145 
0.00000000099999999992 0.57588440306415333847 0.42411559193584680294 0.00000000099999999992 0.00000000099999999992 0.00000000099999999992 0.00000000099999999992 
0.00000000099999999995 0.30368424587666420500 0.65629233873520198550 0.00000000099999999995 0.00000000099999999995 0.00000000099999999995 0.04002341138813386712 
0.00000000099999999999 0.41271767758467492460 0.00000981635764950082 0.00000000099999999999 0.00000000099999999999 0.34584436868089402095 0.24142813437678153909 
0.00000000099999999989 0.00000000099999999989 0.00000000099999999989 0.00000000099999999989 0.00000000099999999989 0.00000000099999999989 0.99999999399999994765 
0.00000000099999999995 0.00000000099999999995 0.66277998159587470095 0.33721997152310179136 0.00000000099999999995 0.00000000099999999995 0.00000004288102342969 
0.00000000099999999994 0.00000000099999999994 0.90162549952790926877 0.09837449547209073386 0.00000000099999999994 0.00000000099999999994 0.00000000099999999994 
0.00000000099999999996 0.75346633176562283207 0.00000000099999999996 0.12681092130710219790 0.11972274292727491662 0.00000000099999999996 0.00000000099999999996 
0.00000000099999999993 0.00000000099999999993 0.99999999400000005867 0.00000000099999999993 0.00000000099999999993 0.00000000099999999993 0.00000000099999999993 
0.00000000099999999991 0.99999999400000016969 0.00000000099999999991 0.00000000099999999991 0.00000000099999999991 0.00000000099999999991 0.00000000099999999991 
0.00000000099999999991 0.00000000099999999991 0.00000000099999999991 0.00000000099999999991 0.00000000099999999991 0.00000000099999999991 0.99999999399999994765 
0.00000000826028474090 0.00000000099999999999 0.26454479786793561047 0.00000000099999999999 0.04272428533347393670 0.42074811347134849493 0.27198279306695705149 
0.00000000099999999993 0.00000000099999999993 0.99999999400000005867 0.00000000099999999993 0.00000000099999999993 0.00000000099999999993 0.00000000099999999993 
0.00000000099999999993 0.00000000099999999993 0.99999999399999994765 0.00000000099999999993 0.00000000099999999993 0.00000000099999999993 0.00000000099999999993 
0.00000000099999999998 0.06301259219692950664 0.00000000388435669097 0.91473760310529805828 0.02224979781341586763 0.00000000099999999998 0.00000000099999999998 
0.00000000099999999996 0.00000000099999999996 0.00000000099999999996 0.82153522187696059742 0.00000000099999999996 0.00000263172792646877 0.17846214239511290489 
0.50980412122215679194 0.00000000099999999994 0.00000000099999999994 0.00000000212086100008 0.49019587265698211231 0.00000000099999999994 0.00000000099999999994 
0.00000000099999999995 0.00000000099999999995 0.55741158504448384825 0.08633279426891990460 0.00002957023419912446 0.00000000099999999995 0.35622604745239705437 
0.00000000099999999986 0.00000000099999999986 0.00000000099999999986 0.00000000099999999986 0.00000000099999999986 0.00000000099999999986 0.99999999399999994765 
0.00000000099999999996 0.00000000099999999996 0.00000000099999999996 0.16967315775026078906 0.00100491898106972312 0.82932191926866949405 0.00000000099999999996 
0.00000000099999999989 0.28824394700624139665 0.00000000099999999989 0.00000000099999999989 0.00000000099999999989 0.00000000099999999989 0.71175604799375835618 
0.00000000099999999995 0.26377843071829853994 0.20856773098654027288 0.52552106924690156209 0.00000000099999999995 0.00000000099999999995 0.00213276604825948140 
0.99902073776927968751 0.00000000099999999994 0.00000000099999999994 0.00097925723072036239 0.00000000099999999994 0.00000000099999999994 0.00000000099999999994 
0.00000000099999999994 0.99999999400000005867 0.00000000099999999994 0.00000000099999999994 0.00000000099999999994 0.00000000099999999994 0.00000000099999999994 
0.58189422042653771161 0.00000000099999999994 0.00000000099999999994 0.00000000099999999994 0.00000000099999999994 0.00000000099999999994 0.41810577457346248531 
0.00000000099999999990 0.00000000099999999990 0.92938782239569317500 0.00000000099999999990 0.00000000099999999990 0.00000000099999999990 0.07061217260430691089 
0.00000000099999999997 0.00000000099999999997 0.63396913220790718224 0.31522843815095819009 0.00000000099999999997 0.05080242564113449794 0.00000000099999999997 
0.49730879809197026109 0.00000000099999999996 0.50269119690802988032 0.00000000099999999996 0.00000000099999999996 0.00000000099999999996 0.00000000099999999996 
0.41897046363862022744 0.00000000099999999999 0.00000000099999999999 0.00000000099999999999 0.25232298446352419141 0.08679979539938127708 0.24190675349847434727 
0.00000000099999999992 0.00000000099999999992 0.00000000099999999992 0.00000000099999999992 0.00000000099999999992 0.00000000099999999992 0.99999999400000005867 
0.00000000099999999993 0.00000000099999999993 0.00000000099999999993 0.00000000099999999993 0.00000000099999999993 0.00000000099999999993 0.99999999400000005867 
0.00000000099999999991 0.00000000099999999991 0.00000000099999999991 0.00000000099999999991 0.00000000099999999991 0.00000000099999999991 0.99999999399999994765 
0.00000000099999999998 0.00000000099999999998 0.00000000099999999998 0.00000000099999999998 0.23860155163083099361 0.00000000099999999998 0.76139844336916895351 
0.00000000099999999996 0.26357655168463950401 0.00000000099999999996 0.00000000099999999996 0.00000000099999999996 0.73642344331536024882 0.00000000099999999996 
0.00000000099999999996 0.72780686166013708327 0.00000000099999999996 0.00000000099999999996 0.00000000099999999996 0.27219313333986294712 0.00000000099999999996 
0.42203491181842878177 0.00000000099999999996 0.00000000099999999996 0.00000000099999999996 0.00000000099999999996 0.00000000099999999996 0.57796508318157113759 
0.00000000099999999997 0.47337923399679393555 0.52662076100320609484 0.00000000099999999997 0.00000000099999999997 0.00000000099999999997 0.00000000099999999997 
0.00000000099999999993 0.00000000099999999993 0.00000000099999999993 0.00000000099999999993 0.00000000099999999993 0.00000000099999999993 0.99999999399999994765 
0.00000000099999999994 0.00000000099999999994 0.00000000099999999994 0.13617603861666835452 0.00000000099999999994 0.00000000099999999994 0.86382395638333153709 
0.99996245104884651234 0.00000000099999999997 0.00000000099999999997 0.00000000099999999997 0.00003754395115360983 0.00000000099999999997 0.00000000099999999997 
0.00000000099999999992 0.00000000099999999992 0.00000000099999999992 0.00000000099999999992 0.00000000099999999992 0.00000000099999999992 0.99999999399999994765 
0.00000000099999999995 0.00000000099999999995 0.00000000099999999995 0.18362201301007707865 0.00000000099999999995 0.81637798198992284071 0.00000000099999999995 
0.00000000099999999997 0.00000000099999999997 0.13587042461806253524 0.00000000099999999997 0.00000000099999999997 0.00000000099999999997 0.86412957038193749515 
0.00000000099999999998 0.00000000099999999998 0.00000000099999999998 0.10666965152931295879 0.76768174435680902601 0.12564860011387796179 0.00000000099999999998 
0.00000000099999999994 0.00000000099999999994 0.00000000099999999994 0.00000000099999999994 0.00000000099999999994 0.00000000099999999994 0.99999999399999994765 
0.00000000099999999998 0.00000000099999999998 0.00000000099999999998 0.39505404446055769618 0.00000000099999999998 0.60494595053944211216 0.00000000099999999998 
0.00000000099999999996 0.00000000099999999996 0.78913248334618280033 0.21086751165381717454 0.00000000099999999996 0.00000000099999999996 0.00000000099999999996 
0.01659520084525023531 0.00000000099999999998 0.29258334083995052310 0.05001079614514609278 0.00000000099999999998 0.00000000099999999998 0.64081065916965296303 
0.00000000099999999996 0.00000000099999999996 0.00000000099999999996 0.00000000099999999996 0.00000000099999999996 0.00000000099999999996 0.99999999399999994765 
0.00000000099999999989 0.00000000099999999989 0.00000000099999999989 0.00000000099999999989 0.00000000099999999989 0.00000000099999999989 0.99999999399999994765 
0.00000000099999999998 0.88055342614387765998 0.00000000099999999998 0.00988633914237944771 0.00000000099999999998 0.00000000099999999998 0.10956023071374298983 
0.00000000099999999993 0.00000000099999999993 0.00000000099999999993 0.00000000099999999993 0.00000000099999999993 0.00000000099999999993 0.99999999399999994765 
0.00000000099999999996 0.00000000099999999996 0.00000000099999999996 0.00000000099999999996 0.00000000099999999996 0.00000000099999999996 0.99999999400000005867 
0.00000000099999999995 0.00000000099999999995 0.00000000099999999995 0.21103602854794711874 0.00000000099999999995 0.00000000099999999995 0.78896396645205291165 
0.00008243741096011735 0.00000000099999999998 0.00000000099999999998 0.00000000099999999998 0.00000000099999999998 0.00000000099999999998 0.99991755758903988482 
0.86975987948232624802 0.00000000099999999997 0.13024003435804276663 0.00000000099999999997 0.00000000099999999997 0.00000008215963107516 0.00000000099999999997 
0.99999999400000016969 0.00000000099999999994 0.00000000099999999994 0.00000000099999999994 0.00000000099999999994 0.00000000099999999994 0.00000000099999999994 
0.00000000099999999999 0.64610388705711108148 0.00000000099999999999 0.00000000099999999999 0.00000000099999999999 0.00000000099999999999 0.35389610794288911544 
