0.00000000099999999908 0.00000000099999999908 0.00000000099999999908 0.00000000099999999908 0.00000000099999999908 0.00000000099999999908 0.00000000099999999908 0.00000000099999999908 0.00000000099999999908 0.99999999000000006077 0.00000000099999999908 
0.00000000099999999941 0.00000000099999999941 0.01299645966288594072 0.93315861056342153113 0.05384492177369253757 0.00000000099999999941 0.00000000099999999941 0.00000000099999999941 0.00000000099999999941 0.00000000099999999941 0.00000000099999999941 
0.00000000099999999881 0.00000000099999999881 0.00000000099999999881 0.00000000099999999881 0.00000000099999999881 0.00000000099999999881 0.00000000099999999881 0.00000000099999999881 0.99999998999999983873 0.00000000099999999881 0.00000000099999999881 
0.00000000099999999935 0.00000000099999999935 0.21400287328975373113 0.54231956082122190210 0.20525975497109744117 0.00000000099999999935 0.00000000099999999935 0.00000000099999999935 0.03841780391792698479 0.00000000099999999935 0.00000000099999999935 
0.00000000099999999939 0.00000000099999999939 0.00000405542018244902 0.99999593557981758529 0.00000000099999999939 0.00000000099999999939 0.00000000099999999939 0.00000000099999999939 0.00000000099999999939 0.00000000099999999939 0.00000000099999999939 
0.17450356823816443042 0.00000000099999999977 0.00000000099999999977 0.00000000099999999977 0.00000000099999999977 0.21887639849980941587 0.10859771574284393658 0.00000000099999999977 0.00525497727610649019 0.00000000099999999977 0.49276733424307567200 
0.00000000099999999967 0.00000000099999999967 0.00216032534100271722 0.00000000099999999967 0.00000000099999999967 0.99783966565899728796 0.00000000099999999967 0.00000000099999999967 0.00000000099999999967 0.00000000099999999967 0.00000000099999999967 
0.00000000099999999954 0.58316231228258352814 0.00000000099999999954 0.00000000099999999954 0.41683767871741678190 0.00000000099999999954 0.00000000099999999954 0.00000000099999999954 0.00000000099999999954 0.00000000099999999954 0.00000000099999999954 
0.00000000099999999914 0.00000000099999999914 0.00000000099999999914 0.00000000099999999914 0.00000000099999999914 0.00000000099999999914 0.00000000099999999914 0.00000000099999999914 0.99999998999999994975 0.00000000099999999914 0.00000000099999999914 
0.00000000099999999931 0.00000000099999999931 0.00000000099999999931 0.00000000099999999931 0.00000000099999999931 0.00000000099999999931 0.00000000099999999931 0.00000000099999999931 0.00000000099999999931 0.00000000099999999931 0.99999999000000006077 
0.00000000099999999947 0.01062077047610976606 0.00000000099999999947 0.58680054640694723211 0.18083477153214294608 0.00000000099999999947 0.00000000099999999947 0.00000000099999999947 0.22174390458480006116 0.00000000099999999947 0.00000000099999999947 
0.00000000099999999948 0.05754866479386409883 0.00000000099999999948 0.79638214266358897664 0.14606918454254708140 0.00000000099999999948 0.00000000099999999948 0.00000000099999999948 0.00000000099999999948 0.00000000099999999948 0.00000000099999999948 
0.00000000099999999941 0.01147098185611505373 0.27692166273626617201 0.67330606862904973653 0.03830127977856908478 0.00000000099999999941 0.00000000099999999941 0.00000000099999999941 0.00000000099999999941 0.00000000099999999941 0.00000000099999999941 
0.00000000099999999918 0.00000000099999999918 0.00000000099999999918 0.00000000099999999918 0.00000000099999999918 0.00000000099999999918 0.00000000099999999918 0.99999998999999994975 0.00000000099999999918 0.00000000099999999918 0.00000000099999999918 
0.00000000099999999954 0.50809304748307315691 0.10742054233677483799 0.01341626504447371478 0.13732700475321696354 0.00000000099999999954 0.00000000099999999954 0.00000000099999999954 0.23374313438246135943 0.00000000099999999954 0.00000000099999999954 
0.00000000099999999939 0.00000000099999999939 0.00000000099999999939 0.00000000099999999939 0.00000000099999999939 0.00000000099999999939 0.99999998999999994975 0.00000000099999999939 0.00000000099999999939 0.00000000099999999939 0.00000000099999999939 
0.00000000099999999963 0.00000000099999999963 0.04397812761359762290 0.94945199047021078265 0.00656987391619156137 0.00000000099999999963 0.00000000099999999963 0.00000000099999999963 0.00000000099999999963 0.00000000099999999963 0.00000000099999999963 
0.00000000099999999935 0.00000000099999999935 0.00000000099999999935 0.95005329864431409259 0.00000000099999999935 0.00000000099999999935 0.00000000099999999935 0.00000000099999999935 0.04994669235568608562 0.00000000099999999935 0.00000000099999999935 
0.00000000099999999975 0.00000049410874321566 0.00000000099999999975 0.00000000099999999975 0.00000000099999999975 0.95912810444676033228 0.00000000099999999975 0.04087139344449650102 0.00000000099999999975 0.00000000099999999975 0.00000000099999999975 
0.00000000099999999951 0.12690069901334699587 0.14837783444061303229 0.59715018505934103210 0.12757095116740663210 0.00000000099999999951 0.00000000099999999951 0.00000000099999999951 0.00000032431929247155 0.00000000099999999951 0.00000000099999999951 
0.00000000099999999963 0.00000000099999999963 0.00000000099999999963 0.60709049422526961681 0.15063014838020216679 0.00000000099999999963 0.00000000099999999963 0.00000000099999999963 0.24227934939452827612 0.00000000099999999963 0.00000000099999999963 
0.00000000099999999946 0.00000000099999999946 0.00000000099999999946 0.00000000099999999946 0.00000000099999999946 0.00000000099999999946 0.00000000099999999946 0.00000000099999999946 0.99999998999999994975 0.00000000099999999946 0.00000000099999999946 
0.00000000099999999944 0.00000000099999999944 0.00000000099999999944 0.00000000099999999944 0.00000000099999999944 0.00000000099999999944 0.99999999000000006077 0.00000000099999999944 0.00000000099999999944 0.00000000099999999944 0.00000000099999999944 
0.56403084810788761683 0.00000000099999999976 0.00000000099999999976 0.00000000099999999976 0.00000000099999999976 0.32666244848949088642 0.10930669540262170913 0.00000000099999999976 0.00000000099999999976 0.00000000099999999976 0.00000000099999999976 
0.00000000099999999973 0.02498637966528839682 0.00000000099999999973 0.35551762943898956859 0.05508274487071036785 0.00000000099999999973 0.00000000099999999973 0.00000000099999999973 0.56441321637327834804 0.00000002365173328289 0.00000000099999999973 
0.00000000099999999879 0.00000000099999999879 0.00000000099999999879 0.00000000099999999879 0.00000000099999999879 0.00000000099999999879 0.00000000099999999879 0.99999998999999994975 0.00000000099999999879 0.00000000099999999879 0.00000000099999999879 
0.00000000099999999954 0.06153541910948092525 0.00000000099999999954 0.74021659715355292430 0.00000000099999999954 0.00000000099999999954 0.00000000099999999954 0.00000000099999999954 0.19824797573696634201 0.00000000099999999954 0.00000000099999999954 
0.00000000099999999977 0.00000000099999999977 0.00000000099999999977 0.00000000099999999977 0.00000000099999999977 0.73664989571530281598 0.18038607986441246300 0.00000000099999999977 0.00000000099999999977 0.00000000099999999977 0.08296401642028482237 
0.00000000099999999963 0.00000000099999999963 0.16181836765814289203 0.83818162334185730700 0.00000000099999999963 0.00000000099999999963 0.00000000099999999963 0.00000000099999999963 0.00000000099999999963 0.00000000099999999963 0.00000000099999999963 
0.00000000099999999950 0.00001955642366877730 0.00000000099999999950 0.99998043457633134512 0.00000000099999999950 0.00000000099999999950 0.00000000099999999950 0.00000000099999999950 0.00000000099999999950 0.00000000099999999950 0.00000000099999999950 
0.00000000099999999968 0.00000000099999999968 0.00000000099999999968 0.00000000099999999968 0.03050691726241528540 0.12423445270317201583 0.00000000099999999968 0.00000000099999999968 0.06947265440843714002 0.77578596862597548611 0.00000000099999999968 
0.00000000099999999980 0.09387453520365748871 0.00000000099999999980 0.00000000099999999980 0.00000000099999999980 0.00000000099999999980 0.00000000099999999980 0.00000000099999999980 0.00000000099999999980 0.00000000099999999980 0.90612545579634262705 
0.00000000099999999981 0.00000000099999999981 0.25029377019604204246 0.00000000099999999981 0.00000000099999999981 0.40215092187433199022 0.22177066736730688401 0.00000000099999999981 0.00000000099999999981 0.00000000099999999981 0.12578463356231911474 
0.00000000099999999944 0.00000000099999999944 0.00000000099999999944 0.00000000099999999944 0.00000000099999999944 0.00000000099999999944 0.00000000099999999944 0.00000000099999999944 0.00000000099999999944 0.00000000099999999944 0.99999999000000006077 
0.00000000099999999966 0.00000000099999999966 0.00000000099999999966 0.00000000099999999966 0.00000000099999999966 0.00000000099999999966 0.99999999000000006077 0.00000000099999999966 0.00000000099999999966 0.00000000099999999966 0.00000000099999999966 
0.00000000099999999889 0.00000000099999999889 0.00000000099999999889 0.00000000099999999889 0.00000000099999999889 0.00000000099999999889 0.00000000099999999889 0.99999998999999994975 0.00000000099999999889 0.00000000099999999889 0.00000000099999999889 
0.00000000099999999989 0.10474953396264570504 0.00000000099999999989 0.00000000099999999989 0.00000000099999999989 0.18380204909386180234 0.09350921594325031783 0.27035557292587408806 0.00000000099999999989 0.00000000099999999989 0.34758362207436810376 
0.00000000099999999986 0.06026937612090233626 0.17498037004690411567 0.00000000099999999986 0.76475024583219364249 0.00000000099999999986 0.00000000099999999986 0.00000000099999999986 0.00000000099999999986 0.00000000099999999986 0.00000000099999999986 
0.18912400718820260304 0.04054913046186885139 0.00000000099999999993 0.00000000099999999993 0.00000000099999999993 0.64229491190902077147 0.06994624733120986815 0.00000000099999999993 0.00000000099999999993 0.03519479339071246438 0.02289090471898548931 
0.00000000099999999970 0.99999999000000028282 0.00000000099999999970 0.00000000099999999970 0.00000000099999999970 0.00000000099999999970 0.00000000099999999970 0.00000000099999999970 0.00000000099999999970 0.00000000099999999970 0.00000000099999999970 
0.00000000099999999967 0.00000000099999999967 0.06367686659701507490 0.09612617350608333722 0.34067821228321804039 0.00000000099999999967 0.00000000099999999967 0.00000000099999999967 0.49951874061368362057 0.00000000099999999967 0.00000000099999999967 
0.00000000099999999963 0.00000000099999999963 0.17979818782818102196 0.35573734376489413167 0.38467186370678713159 0.00000000099999999963 0.00000000099999999963 0.00000000099999999963 0.07979259770013782949 0.00000000099999999963 0.00000000099999999963 
0.00000000099999999976 0.32055038437080124458 0.00000000099999999976 0.31600698215881539710 0.00000000099999999976 0.00000000099999999976 0.00000000099999999976 0.00000000099999999976 0.36344262547038358457 0.00000000099999999976 0.00000000099999999976 
0.04023706178259737337 0.11883630547170245806 0.00000000099999999991 0.00000000099999999991 0.00000000099999999991 0.00000000099999999991 0.02310758263639392518 0.20174149171795360824 0.09947815222081124453 0.00000000099999999991 0.51659940117054148345 
0.00000000099999999921 0.00000000099999999921 0.00000000099999999921 0.00000000099999999921 0.00000000099999999921 0.00000000099999999921 0.00000000099999999921 0.99999999000000006077 0.00000000099999999921 0.00000000099999999921 0.00000000099999999921 
0.00000000099999999973 0.00000000099999999973 0.00000000099999999973 0.37968160167502584823 0.00000000099999999973 0.00000000099999999973 0.00000000099999999973 0.00000000099999999973 0.62031838932497407324 0.00000000099999999973 0.00000000099999999973 
0.15342049086134665337 0.00000000099999999982 0.00000000099999999982 0.00000000099999999982 0.00000000099999999982 0.00000000099999999982 0.84657950013865335137 0.00000000099999999982 0.00000000099999999982 0.00000000099999999982 0.00000000099999999982 
0.00000000099999999976 0.00000000099999999976 0.08427563422577059871 0.00000000099999999976 0.00000000099999999976 0.00000000099999999976 0.15344232240091962294 0.00000000099999999976 0.00000000099999999976 0.00000000099999999976 0.76228203537330974093 
0.00000000099999999984 0.00000000099999999984 0.00000000099999999984 0.00000000099999999984 0.00000000099999999984 0.80544868256904622594 0.00000000099999999984 0.18150439059008804943 0.00000000099999999984 0.01304691884086563516 0.00000000099999999984 
0.00000000099999999947 0.00000000099999999947 0.00000000099999999947 0.00000000099999999947 0.00000000099999999947 0.00000000099999999947 0.00000000099999999947 0.99999998999999994975 0.00000000099999999947 0.00000000099999999947 0.00000000099999999947 
0.00000000099999999941 0.00000000099999999941 0.00000000099999999941 0.00000000099999999941 0.00000000099999999941 0.00000000099999999941 0.00000000099999999941 0.00000000099999999941 0.99999998999999994975 0.00000000099999999941 0.00000000099999999941 
0.00000000099999999970 0.10454996408855279921 0.36993037833779479628 0.20402393493350740039 0.32149571564014511882 0.00000000099999999970 0.00000000099999999970 0.00000000099999999970 0.00000000099999999970 0.00000000099999999970 0.00000000099999999970 
0.00000000099999999967 0.00000000099999999967 0.00000000099999999967 0.00000000099999999967 0.00000000099999999967 0.00000000099999999967 0.00000000099999999967 0.00000000099999999967 0.00000000099999999967 0.00000000099999999967 0.99999998999999994975 
0.00000000099999999978 0.00000000099999999978 0.00000000099999999978 0.00000000099999999978 0.00000000099999999978 0.00000000099999999978 0.00000000099999999978 0.00000000099999999978 0.00000000099999999978 0.99999998999999994975 0.00000000099999999978 
0.00000000099999999950 0.00000000099999999950 0.00000000099999999950 0.00000000099999999950 0.00000000099999999950 0.99999999000000006077 0.00000000099999999950 0.00000000099999999950 0.00000000099999999950 0.00000000099999999950 0.00000000099999999950 
0.00000000099999999978 0.00000000099999999978 0.00000000099999999978 0.00000000099999999978 0.00000000099999999978 0.00000000099999999978 0.00000000099999999978 0.00000000099999999978 0.00000000099999999978 0.99999998999999994975 0.00000000099999999978 
0.00000000099999999950 0.00000000099999999950 0.00000000099999999950 0.00000000099999999950 0.00000000099999999950 0.00000000099999999950 0.00000000099999999950 0.00000000099999999950 0.00000000099999999950 0.00000000099999999950 0.99999999000000006077 
0.00000000099999999928 0.00000000099999999928 0.00000000099999999928 0.00000000099999999928 0.00000000099999999928 0.00000000099999999928 0.00000000099999999928 0.99999998999999994975 0.00000000099999999928 0.00000000099999999928 0.00000000099999999928 
0.00000000099999999972 0.17829730732381701697 0.33227024204991068013 0.48943244262627250141 0.00000000099999999972 0.00000000099999999972 0.00000000099999999972 0.00000000099999999972 0.00000000099999999972 0.00000000099999999972 0.00000000099999999972 
0.00000000099999999966 0.00000000099999999966 0.00000000099999999966 0.00000000099999999966 0.07719008212638923949 0.00000000099999999966 0.00000000099999999966 0.00000000099999999966 0.00000000099999999966 0.00000000099999999966 0.92280990887361069586 
0.00000000099999999954 0.00000000099999999954 0.00000000099999999954 0.00000000099999999954 0.00000000099999999954 0.00000000099999999954 0.00000000099999999954 0.00000000099999999954 0.00000000099999999954 0.00000000099999999954 0.99999999000000006077 
0.00000000099999999956 0.00000000099999999956 0.60491296082505241483 0.16505555544961370007 0.21988773615568982245 0.00000000099999999956 0.00000000099999999956 0.00000000099999999956 0.01014374056964411144 0.00000000099999999956 0.00000000099999999956 
0.00000000099999999992 0.02354341074999444922 0.00000000099999999992 0.00000000099999999992 0.03861585317480011742 0.53541339128605180964 0.00000000099999999992 0.00000000099999999992 0.00000000099999999992 0.00000014857687540569 0.40242719021227818521 
0.00000000099999999956 0.00000000099999999956 0.00000000099999999956 0.00000000099999999956 0.00000000099999999956 0.00000000099999999956 0.99999999000000006077 0.00000000099999999956 0.00000000099999999956 0.00000000099999999956 0.00000000099999999956 
0.00000000099999999975 0.12979684558818507800 0.00000000099999999975 0.00000000099999999975 0.00000000099999999975 0.00000000099999999975 0.00000000099999999975 0.05658472594710819981 0.00000000099999999975 0.08155242856900918325 0.73206599289569751488 
0.00000000099999999969 0.00000000099999999969 0.56659007624698098926 0.00000000099999999969 0.43340991475301909874 0.00000000099999999969 0.00000000099999999969 0.00000000099999999969 0.00000000099999999969 0.00000000099999999969 0.00000000099999999969 
0.00000000099999999978 0.23783861882330004089 0.00000000099999999978 0.00000000099999999978 0.00000000099999999978 0.00000000099999999978 0.00000000099999999978 0.00000000099999999978 0.00000000099999999978 0.76216137217669988058 0.00000000099999999978 
0.00000000099999999959 0.00000000099999999959 0.00000000099999999959 0.00000000099999999959 0.00000000099999999959 0.00000000099999999959 0.00000000099999999959 0.00000000099999999959 0.00000000099999999959 0.99999998999999994975 0.00000000099999999959 
0.00000000099999999967 0.00000000099999999967 0.00000000099999999967 0.00000000099999999967 0.00000000099999999967 0.00000000099999999967 0.00000000099999999967 0.00000000099999999967 0.00000000099999999967 0.00000000099999999967 0.99999999000000006077 
0.00000000099999999980 0.00000000099999999980 0.00000000099999999980 0.00000000099999999980 0.00000000099999999980 0.00000000099999999980 0.00000000099999999980 0.13067115632066711450 0.00000000099999999980 0.00000000099999999980 0.86932883467933275146 
0.00000000099999999977 0.00000000099999999977 0.20644623987546292798 0.20194931930376103235 0.35862955426598819297 0.00000000099999999977 0.00000000099999999977 0.00000000099999999977 0.23297487955478796140 0.00000000099999999977 0.00000000099999999977 
0.00000000099999999984 0.00000000099999999984 0.00000000099999999984 0.13525268319221167568 0.12484156780886644655 0.00000000099999999984 0.00000000099999999984 0.00000000099999999984 0.73840383309264145950 0.00150190890628020273 0.00000000099999999984 
0.00000000099999999961 0.00000000099999999961 0.99999999000000017180 0.00000000099999999961 0.00000000099999999961 0.00000000099999999961 0.00000000099999999961 0.00000000099999999961 0.00000000099999999961 0.00000000099999999961 0.00000000099999999961 
0.00000000099999999975 0.00000000099999999975 0.00000000099999999975 0.00000000099999999975 0.00000000099999999975 0.00000000099999999975 0.00000000099999999975 0.00000000099999999975 0.00000000099999999975 0.00000000099999999975 0.99999998999999994975 
0.48242778040304057363 0.00000000099999999975 0.00000000099999999975 0.00000000099999999975 0.00000000099999999975 0.00000000099999999975 0.00000000099999999975 0.00000000099999999975 0.00000000099999999975 0.00000000099999999975 0.51757221059695923682 
0.00000000099999999944 0.00000000099999999944 0.00000000099999999944 0.00000000099999999944 0.00000000099999999944 0.00000000099999999944 0.00000000099999999944 0.00000000099999999944 0.00000000099999999944 0.00000000099999999944 0.99999999000000006077 
0.00000000099999999955 0.00000000099999999955 0.00000000099999999955 0.00000000099999999955 0.99999999000000017180 0.00000000099999999955 0.00000000099999999955 0.00000000099999999955 0.00000000099999999955 0.00000000099999999955 0.00000000099999999955 
0.00000000099999999956 0.00000000099999999956 0.00000000099999999956 0.00000000099999999956 0.00000000099999999956 0.00000000099999999956 0.00000000099999999956 0.00000000099999999956 0.00000000099999999956 0.99999999000000006077 0.00000000099999999956 
0.00000000099999999954 0.00000000099999999954 0.00000000099999999954 0.00000000099999999954 0.00000000099999999954 0.00000000099999999954 0.00000000099999999954 0.00000000099999999954 0.00000000099999999954 0.00000000099999999954 0.99999998999999994975 
0.00000000099999999979 0.12332700785755477957 0.00000000099999999979 0.56890049910086559759 0.30777248504157983522 0.00000000099999999979 0.00000000099999999979 0.00000000099999999979 0.00000000099999999979 0.00000000099999999979 0.00000000099999999979 
0.00000000099999999966 0.00000000099999999966 0.00000000099999999966 0.00000000099999999966 0.00000000099999999966 0.00000000099999999966 0.00000000099999999966 0.00000000099999999966 0.00000000099999999966 0.99999998999999994975 0.00000000099999999966 
0.24116622183934088852 0.00000000099999999979 0.00000000099999999979 0.00000000099999999979 0.00000000099999999979 0.19288343425708637247 0.56595033590357279873 0.00000000099999999979 0.00000000099999999979 0.00000000099999999979 0.00000000099999999979 
0.48008201666880057079 0.00000000099999999990 0.09431915277281430199 0.00000000099999999990 0.00000000099999999990 0.37274076375947784445 0.00000000099999999990 0.05285805979890739054 0.00000000099999999990 0.00000000099999999990 0.00000000099999999990 
0.00000000099999999974 0.28762243499610001818 0.00000000099999999974 0.00000000099999999974 0.00000000099999999974 0.00000000099999999974 0.00000000099999999974 0.05351007200567431399 0.00000000099999999974 0.00000000099999999974 0.65886748499822545000 
0.00000000099999999979 0.00000000099999999979 0.05037156067048814689 0.00000000099999999979 0.00000000099999999979 0.13178170140906439456 0.00000000099999999979 0.00000000099999999979 0.00000000099999999979 0.00000000099999999979 0.81784672992044737949 
0.00000000099999999981 0.00000000099999999981 0.00000000099999999981 0.00000000099999999981 0.00000000099999999981 0.99999999000000006077 0.00000000099999999981 0.00000000099999999981 0.00000000099999999981 0.00000000099999999981 0.00000000099999999981 
0.00000000099999999976 0.34336377952834606919 0.56280460182476754749 0.00000000099999999976 0.00000000099999999976 0.00000000099999999976 0.00000000099999999976 0.00000000099999999976 0.00000000099999999976 0.00000000099999999976 0.09383161064688663733 
0.30286719379484111636 0.00000000099999999983 0.00000000099999999983 0.00000000099999999983 0.10810016183775927878 0.58424909607933661615 0.00000000099999999983 0.00478354128806278683 0.00000000099999999983 0.00000000099999999983 0.00000000099999999983 
0.00000000099999999970 0.00000000099999999970 0.00000000099999999970 0.00000000099999999970 0.00000000099999999970 0.00000000099999999970 0.00000000099999999970 0.00000000099999999970 0.00000000099999999970 0.00000000099999999970 0.99999999000000006077 
0.00000000099999999973 0.00000000099999999973 0.47365134676432496530 0.00000000099999999973 0.07786067288646611462 0.00000000099999999973 0.00000000099999999973 0.00000000099999999973 0.44848797234920895205 0.00000000099999999973 0.00000000099999999973 
0.10490088056828462959 0.00000000099999999987 0.00000000099999999987 0.00000000099999999987 0.00000000099999999987 0.41527339456052642097 0.27241639994736377428 0.00000000099999999987 0.00000000099999999987 0.00917042750957049700 0.19823889141425474203 
0.53561267204521134655 0.00000000099999999991 0.00000000099999999991 0.00000000099999999991 0.00000000099999999991 0.13356485373075124845 0.26173822619632108877 0.06908424102771648645 0.00000000099999999991 0.00000000099999999991 0.00000000099999999991 
0.00000000099999999969 0.00000000099999999969 0.00000000099999999969 0.00000000099999999969 0.18226019595698741971 0.00000000099999999969 0.00000000099999999969 0.00000000099999999969 0.00000000099999999969 0.81773979504301264054 0.00000000099999999969 
0.00000000099999999941 0.00000000099999999941 0.00000000099999999941 0.00000000099999999941 0.00000000099999999941 0.00000000099999999941 0.00000000099999999941 0.00000000099999999941 0.00000000099999999941 0.99999998999999994975 0.00000000099999999941 
0.99999999000000017180 0.00000000099999999963 0.00000000099999999963 0.00000000099999999963 0.00000000099999999963 0.00000000099999999963 0.00000000099999999963 0.00000000099999999963 0.00000000099999999963 0.00000000099999999963 0.00000000099999999963 
0.00000000099999999968 0.00000000099999999968 0.00000000099999999968 0.00000000099999999968 0.80267493233384390461 0.00000000099999999968 0.00000000099999999968 0.00000000099999999968 0.19732505866615612788 0.00000000099999999968 0.00000000099999999968 
0.00000000099999999981 0.00000000099999999981 0.00000000099999999981 0.00000000099999999981 0.00000000099999999981 0.00000000099999999981 0.99999998999999994975 0.00000000099999999981 0.00000000099999999981 0.00000000099999999981 0.00000000099999999981 
0.09785186944330041825 0.00000000099999999990 0.00000000099999999990 0.00000000099999999990 0.14677052389102929197 0.46073858567810954678 0.00000000099999999990 0.00000001974226650919 0.00000000099999999990 0.00000000099999999990 0.29463899524529441054 
0.27843647837802448786 0.00000000099999999990 0.67177684245468205493 0.00000000099999999990 0.00574240259940165480 0.00000000099999999990 0.00000000099999999990 0.04404426956789193187 0.00000000099999999990 0.00000000099999999990 0.00000000099999999990 
0.00000000099999999983 0.77494036436565660875 0.00000000099999999983 0.00000000099999999983 0.00000000099999999983 0.00000000099999999983 0.00000000099999999983 0.00000000099999999983 0.00000000099999999983 0.22505962663434359028 0.00000000099999999983 
0.00000000099999999968 0.99999999000000017180 0.00000000099999999968 0.00000000099999999968 0.00000000099999999968 0.00000000099999999968 0.00000000099999999968 0.00000000099999999968 0.00000000099999999968 0.00000000099999999968 0.00000000099999999968 
0.00000000099999999990 0.00000000099999999990 0.81884427114386304503 0.00000000099999999990 0.11001728772889994568 0.00000000099999999990 0.07113843312723698575 0.00000000099999999990 0.00000000099999999990 0.00000000099999999990 0.00000000099999999990 
0.99999999000000028282 0.00000000099999999974 0.00000000099999999974 0.00000000099999999974 0.00000000099999999974 0.00000000099999999974 0.00000000099999999974 0.00000000099999999974 0.00000000099999999974 0.00000000099999999974 0.00000000099999999974 
0.00001229688895198907 0.00000000099999999990 0.52518401250165214211 0.17244001226752347922 0.11487324552100038055 0.00000000099999999990 0.00000000099999999990 0.00000000099999999990 0.00000000099999999990 0.18749042682087202483 0.00000000099999999990 
0.00000000099999999995 0.00000000099999999995 0.00000000099999999995 0.00030371182681418008 0.00000000099999999995 0.00000000099999999995 0.00000000099999999995 0.15835219751257229026 0.84134408266061355697 0.00000000099999999995 0.00000000099999999995 
0.00000000099999999976 0.06318388899475611831 0.40040554621992352491 0.00000000099999999976 0.00000000099999999976 0.00000000099999999976 0.00000000099999999976 0.00000000099999999976 0.53641055678532034712 0.00000000099999999976 0.00000000099999999976 
0.00000000099999999954 0.99999999000000017180 0.00000000099999999954 0.00000000099999999954 0.00000000099999999954 0.00000000099999999954 0.00000000099999999954 0.00000000099999999954 0.00000000099999999954 0.00000000099999999954 0.00000000099999999954 
0.00000000099999999980 0.00000000099999999980 0.48460834640904359993 0.33397862851704229747 0.18141301707391405129 0.00000000099999999980 0.00000000099999999980 0.00000000099999999980 0.00000000099999999980 0.00000000099999999980 0.00000000099999999980 
0.49736822987694090381 0.00000000099999999987 0.00000000099999999987 0.00000000099999999987 0.00000000099999999987 0.00000000099999999987 0.00000000099999999987 0.00000000099999999987 0.00000000099999999987 0.00000000099999999987 0.50263176112305896215 
0.00000000099999999970 0.00000000099999999970 0.08913378656586706805 0.00000000099999999970 0.49739177123770772493 0.00000000099999999970 0.00000000099999999970 0.00000000099999999970 0.41347443419642526674 0.00000000099999999970 0.00000000099999999970 
0.00000000099999999982 0.25275525493872996741 0.74724473606127017611 0.00000000099999999982 0.00000000099999999982 0.00000000099999999982 0.00000000099999999982 0.00000000099999999982 0.00000000099999999982 0.00000000099999999982 0.00000000099999999982 
0.00000000099999999989 0.00000000099999999989 0.00000000099999999989 0.00000000099999999989 0.00000000099999999989 0.90061893537826831491 0.00000000099999999989 0.00000000099999999989 0.00000000099999999989 0.00000000099999999989 0.09938105562173177310 
0.17591335685125450428 0.00000000099999999981 0.54028920260221879879 0.00000000099999999981 0.00000000099999999981 0.00000000099999999981 0.28379743254652683992 0.00000000099999999981 0.00000000099999999981 0.00000000099999999981 0.00000000099999999981 
0.04778096929229593698 0.35443832598098001796 0.00000000099999999995 0.00000000099999999995 0.00000002541546724643 0.19483613688202980341 0.15379460244083231757 0.00000000099999999995 0.00042482941083659640 0.02965566854352960635 0.21906943903402836815 
0.00000000099999999981 0.00000000099999999981 0.00000000099999999981 0.00000000099999999981 0.00000000099999999981 0.00000000099999999981 0.99999998999999994975 0.00000000099999999981 0.00000000099999999981 0.00000000099999999981 0.00000000099999999981 
0.00000000099999999982 0.99999998724205574341 0.00000000375794455959 0.00000000099999999982 0.00000000099999999982 0.00000000099999999982 0.00000000099999999982 0.00000000099999999982 0.00000000099999999982 0.00000000099999999982 0.00000000099999999982 
0.00000000099999999983 0.79543415695266805887 0.00000000099999999983 0.09750297504434854434 0.00000000099999999983 0.00000000099999999983 0.00000000099999999983 0.00000000099999999983 0.00000000099999999983 0.10706286000298362304 0.00000000099999999983 
0.00000000099999999987 0.00000000099999999987 0.00000000099999999987 0.00000000099999999987 0.14189444371122358901 0.59997728303314912246 0.25812826525562748703 0.00000000099999999987 0.00000000099999999987 0.00000000099999999987 0.00000000099999999987 
0.00000000099999999987 0.00000000099999999987 0.64540223344779168446 0.00000000099999999987 0.00000000099999999987 0.00000000099999999987 0.00000000099999999987 0.00000000099999999987 0.35459775755220840354 0.00000000099999999987 0.00000000099999999987 
0.00000000099999999974 0.00000000099999999974 0.99999999000000006077 0.00000000099999999974 0.00000000099999999974 0.00000000099999999974 0.00000000099999999974 0.00000000099999999974 0.00000000099999999974 0.00000000099999999974 0.00000000099999999974 
0.00000000099999999986 0.00000000099999999986 0.37739485969574637636 0.57849309557621331201 0.00000000099999999986 0.00000000099999999986 0.00000000099999999986 0.04411187028745180289 0.00000016744058858643 0.00000000099999999986 0.00000000099999999986 
0.00000000099999999991 0.58111121595169079601 0.00000000099999999991 0.00000000099999999991 0.00000000099999999991 0.00000000099999999991 0.00000000099999999991 0.00000000099999999991 0.41888877504830945853 0.00000000099999999991 0.00000000099999999991 
0.00000000099999999961 0.99999999000000028282 0.00000000099999999961 0.00000000099999999961 0.00000000099999999961 0.00000000099999999961 0.00000000099999999961 0.00000000099999999961 0.00000000099999999961 0.00000000099999999961 0.00000000099999999961 
0.00000000099999999987 0.20122372750512973472 0.00000000099999999987 0.00000000099999999987 0.00000000099999999987 0.07448131661128182257 0.15587216826603975117 0.41396373943025743802 0.00000000099999999987 0.00000000099999999987 0.15445904218729136770 
0.00000000099999999993 0.00000000099999999993 0.00000000099999999993 0.00000000099999999993 0.13647835172429245709 0.73792569036276667305 0.00000000099999999993 0.00000000099999999993 0.00000000099999999993 0.00000000099999999993 0.12559594991294092958 
0.00000000099999999967 0.00000000099999999967 0.99999999000000017180 0.00000000099999999967 0.00000000099999999967 0.00000000099999999967 0.00000000099999999967 0.00000000099999999967 0.00000000099999999967 0.00000000099999999967 0.00000000099999999967 
0.10374470224550497166 0.00000000099999999978 0.00000000099999999978 0.00000000099999999978 0.00000000099999999978 0.89625528875449511634 0.00000000099999999978 0.00000000099999999978 0.00000000099999999978 0.00000000099999999978 0.00000000099999999978 
0.00000000099999999962 0.00000000099999999962 0.00000000099999999962 0.00000000099999999962 0.00000000099999999962 0.00000000099999999962 0.00000000099999999962 0.00000000099999999962 0.00000000099999999962 0.99999999000000006077 0.00000000099999999962 
0.00000000099999999963 0.00000000099999999963 0.00000000099999999963 0.00000000099999999963 0.99999999000000006077 0.00000000099999999963 0.00000000099999999963 0.00000000099999999963 0.00000000099999999963 0.00000000099999999963 0.00000000099999999963 
0.00001374993345426431 0.00000000099999999986 0.00000000099999999986 0.00000000099999999986 0.00000000099999999986 0.00000000099999999986 0.00000000099999999986 0.00000000099999999986 0.18176382611607996842 0.81822241595046563134 0.00000000099999999986 
0.00000000099999999961 0.00000000099999999961 0.99999999000000006077 0.00000000099999999961 0.00000000099999999961 0.00000000099999999961 0.00000000099999999961 0.00000000099999999961 0.00000000099999999961 0.00000000099999999961 0.00000000099999999961 
0.00000000099999999959 0.00000000099999999959 0.00000000099999999959 0.00000000099999999959 0.00000000099999999959 0.00000000099999999959 0.00000000099999999959 0.99999998999999994975 0.00000000099999999959 0.00000000099999999959 0.00000000099999999959 
0.00000000099999999991 0.00000000099999999991 0.00000000099999999991 0.31517495893610136815 0.00000000099999999991 0.00000000099999999991 0.00000000099999999991 0.00000000099999999991 0.00000000099999999991 0.68482503206389833128 0.00000000099999999991 
0.00000000099999999987 0.00000000105663978064 0.27950469143200867839 0.00000000099999999987 0.00000000099999999987 0.00000000099999999987 0.00000000099999999987 0.00000000099999999987 0.00000000099999999987 0.70396382703359183797 0.01653147347775964227 
0.00000000099999999981 0.99999999000000028282 0.00000000099999999981 0.00000000099999999981 0.00000000099999999981 0.00000000099999999981 0.00000000099999999981 0.00000000099999999981 0.00000000099999999981 0.00000000099999999981 0.00000000099999999981 
0.00000000099999999983 0.00000000099999999983 0.00000000099999999983 0.00000000099999999983 0.00000000099999999983 0.00000000099999999983 0.00000000099999999983 0.00000000099999999983 0.00000000099999999983 0.99999998999999994975 0.00000000099999999983 
0.00000000099999999984 0.00000000099999999984 0.00000000099999999984 0.00000000099999999984 0.33702327046741842320 0.00000000099999999984 0.00000000099999999984 0.00000000099999999984 0.66297672053258149827 0.00000000099999999984 0.00000000099999999984 
0.99999999000000017180 0.00000000099999999967 0.00000000099999999967 0.00000000099999999967 0.00000000099999999967 0.00000000099999999967 0.00000000099999999967 0.00000000099999999967 0.00000000099999999967 0.00000000099999999967 0.00000000099999999967 
0.00000000099999999981 0.00000000099999999981 0.00000000099999999981 0.00000000099999999981 0.27317051548461102062 0.00000000099999999981 0.00000000099999999981 0.00000000099999999981 0.00000000099999999981 0.72682947551538878983 0.00000000099999999981 
0.00000000099999999992 0.00000000099999999992 0.14325766580225066105 0.67698341123943595043 0.00000000099999999992 0.00000000099999999992 0.07896871745076423921 0.00000000099999999992 0.00000000099999999992 0.10079019850754918075 0.00000000099999999992 
0.00000000099999999978 0.00000000099999999978 0.00000000099999999978 0.00000000099999999978 0.00000000099999999978 0.00000000099999999978 0.00000000099999999978 0.00000000099999999978 0.00000000099999999978 0.00000000099999999978 0.99999998999999994975 
0.00000000099999999986 0.00000000099999999986 0.00000000099999999986 0.00000000099999999986 0.00000000099999999986 0.19516415462202041375 0.00000000099999999986 0.00000000099999999986 0.00000000099999999986 0.80483583637797961874 0.00000000099999999986 
0.00000000099999999979 0.99999999000000028282 0.00000000099999999979 0.00000000099999999979 0.00000000099999999979 0.00000000099999999979 0.00000000099999999979 0.00000000099999999979 0.00000000099999999979 0.00000000099999999979 0.00000000099999999979 
0.00000000099999999985 0.00000000099999999985 0.09747428655533892095 0.00000000099999999985 0.00000000099999999985 0.00000000099999999985 0.00000000099999999985 0.00000000099999999985 0.00000000099999999985 0.90252570444466095889 0.00000000099999999985 
0.00000000099999999981 0.00000000099999999981 0.00000000099999999981 0.00000000099999999981 0.21233828881589489335 0.00000000099999999981 0.00000000099999999981 0.00000000099999999981 0.00000000099999999981 0.78766170218410513915 0.00000000099999999981 
0.99999999000000017180 0.00000000099999999974 0.00000000099999999974 0.00000000099999999974 0.00000000099999999974 0.00000000099999999974 0.00000000099999999974 0.00000000099999999974 0.00000000099999999974 0.00000000099999999974 0.00000000099999999974 
0.00000000099999999994 0.16466366590619060939 0.00000000099999999994 0.00000000099999999994 0.00000000099999999994 0.00000000099999999994 0.43011116741038296629 0.00000000156057387693 0.00000000099999999994 0.00000000099999999994 0.40522515812285259118 
0.36377409598478432917 0.00000000099999999990 0.00000000099999999990 0.00000000099999999990 0.00000000099999999990 0.00000000099999999990 0.00000000099999999990 0.00000000099999999990 0.00000000099999999990 0.63620013160896149440 0.00002576440625412025 
0.00000000099999999984 0.28068283869411309039 0.00000000099999999984 0.00000000099999999984 0.61842887276997227097 0.00000000099999999984 0.00000000099999999984 0.00000000099999999984 0.00000000099999999984 0.10088828053591451794 0.00000000099999999984 
0.00000000099999999981 0.00000000099999999981 0.00000000099999999981 0.00000000099999999981 0.99999999000000006077 0.00000000099999999981 0.00000000099999999981 0.00000000099999999981 0.00000000099999999981 0.00000000099999999981 0.00000000099999999981 
0.47989224735941488076 0.00000000099999999979 0.24087404995307029609 0.00000000099999999979 0.00000000099999999979 0.27923369468751496614 0.00000000099999999979 0.00000000099999999979 0.00000000099999999979 0.00000000099999999979 0.00000000099999999979 
0.00000000099999999993 0.40083445878827317355 0.59227812220197550985 0.00000000099999999993 0.00000000099999999993 0.00000000099999999993 0.00000000099999999993 0.00000000099999999993 0.00000000099999999993 0.00688741100975154025 0.00000000099999999993 
0.00000000099999999982 0.00000000099999999982 0.21841720693150465382 0.00000000099999999982 0.78158278406849557296 0.00000000099999999982 0.00000000099999999982 0.00000000099999999982 0.00000000099999999982 0.00000000099999999982 0.00000000099999999982 
0.00000000099999999986 0.28133433495957443915 0.00000000099999999986 0.00000000099999999986 0.71865589544054009341 0.00000000099999999986 0.00000000099999999986 0.00000000099999999986 0.00000000099999999986 0.00000976159988546012 0.00000000099999999986 
0.00000000099999999992 0.00000000167156958948 0.00000000099999999992 0.86281285946112884488 0.00000000099999999992 0.00000000099999999992 0.00000000099999999992 0.00000000099999999992 0.00000000099999999992 0.13718713086730174866 0.00000000099999999992 
0.00000000099999999981 0.00000000099999999981 0.70079213184305799711 0.00000000099999999981 0.29920785915694220192 0.00000000099999999981 0.00000000099999999981 0.00000000099999999981 0.00000000099999999981 0.00000000099999999981 0.00000000099999999981 
0.00000000099999999981 0.99999999000000028282 0.00000000099999999981 0.00000000099999999981 0.00000000099999999981 0.00000000099999999981 0.00000000099999999981 0.00000000099999999981 0.00000000099999999981 0.00000000099999999981 0.00000000099999999981 
