0.00000000099999999912 0.99999999000000017180 0.00000000099999999912 0.00000000099999999912 0.00000000099999999912 0.00000000099999999912 0.00000000099999999912 0.00000000099999999912 0.00000000099999999912 0.00000000099999999912 0.00000000099999999912 
0.58791207088981312090 0.00000000099999999940 0.00000000099999999940 0.00000000099999999940 0.00000000099999999940 0.00000000099999999940 0.00000000099999999940 0.41208792011018702262 0.00000000099999999940 0.00000000099999999940 0.00000000099999999940 
0.00000000099999999875 0.00000000099999999875 0.00000000099999999875 0.00000000099999999875 0.99999999000000006077 0.00000000099999999875 0.00000000099999999875 0.00000000099999999875 0.00000000099999999875 0.00000000099999999875 0.00000000099999999875 
0.43825144717377650938 0.00000000099999999936 0.05773361314753837348 0.00000000099999999936 0.03629042802356161751 0.00000000099999999936 0.00000000099999999936 0.46772450465512355189 0.00000000099999999936 0.00000000099999999936 0.00000000099999999936 
0.54625057312152747180 0.00000000099999999941 0.00000000099999999941 0.00000000099999999941 0.00000000099999999941 0.00000000099999999941 0.00000000099999999941 0.45374941787847272723 0.00000000099999999941 0.00000000099999999941 0.00000000099999999941 
0.00000000099999999957 0.00000000099999999957 0.00000000099999999957 0.13367642190536482838 0.00000000099999999957 0.00000000099999999957 0.00000000099999999957 0.00000000099999999957 0.00000000099999999957 0.14807772394543128325 0.71824584614920372605 
0.00000000099999999984 0.00000000099999999984 0.00000000099999999984 0.77433681511017871113 0.04027234594126692657 0.00000000099999999984 0.00000000099999999984 0.00000000099999999984 0.00000027152007584959 0.18539056042847856798 0.00000000099999999984 
0.00000000099999999943 0.00000000099999999943 0.99999999000000006077 0.00000000099999999943 0.00000000099999999943 0.00000000099999999943 0.00000000099999999943 0.00000000099999999943 0.00000000099999999943 0.00000000099999999943 0.00000000099999999943 
0.00000000099999999910 0.00000000099999999910 0.00000000099999999910 0.00000000099999999910 0.99999999000000006077 0.00000000099999999910 0.00000000099999999910 0.00000000099999999910 0.00000000099999999910 0.00000000099999999910 0.00000000099999999910 
0.00000000099999999913 0.00000000099999999913 0.00000000099999999913 0.00000000099999999913 0.00000000099999999913 0.00000000099999999913 0.00000000099999999913 0.00000000099999999913 0.00000000099999999913 0.00000000099999999913 0.99999998999999994975 
0.34955354792004900144 0.00000000099999999944 0.00000000099999999944 0.00000000099999999944 0.24870860770190844624 0.00000000099999999944 0.00000000099999999944 0.40173783637804261204 0.00000000099999999944 0.00000000099999999944 0.00000000099999999944 
0.48939917211053407531 0.00000000099999999948 0.01769679482116901653 0.00000000099999999948 0.00000000099999999948 0.00000000099999999948 0.00000000099999999948 0.49290402506829694707 0.00000000099999999948 0.00000000099999999948 0.00000000099999999948 
0.40193161681570144239 0.00000000099999999945 0.00000000099999999945 0.00000000099999999945 0.00000000099999999945 0.00000000099999999945 0.00000000099999999945 0.59806837418429836806 0.00000000099999999945 0.00000000099999999945 0.00000000099999999945 
0.00000000099999999919 0.00000000099999999919 0.00000000099999999919 0.00000000099999999919 0.00000000099999999919 0.99999999000000017180 0.00000000099999999919 0.00000000099999999919 0.00000000099999999919 0.00000000099999999919 0.00000000099999999919 
0.06394251215985262415 0.00000000099999999950 0.43355482001065320796 0.00000000099999999950 0.37829479106404373390 0.00000000099999999950 0.12420786976545057645 0.00000000099999999950 0.00000000099999999950 0.00000000099999999950 0.00000000099999999950 
0.00000000099999999953 0.00000000099999999953 0.00000000099999999953 0.93331275670310986925 0.00000000099999999953 0.00000000099999999953 0.00000000099999999953 0.00000000099999999953 0.00000000099999999953 0.00000000099999999953 0.06668723429689026039 
0.32432050636509579533 0.00000000099999999955 0.00000000099999999955 0.00000000099999999955 0.00000000099999999955 0.00000000099999999955 0.13504698488781097243 0.54063250074709323645 0.00000000099999999955 0.00000000099999999955 0.00000000099999999955 
0.43896458181141395638 0.00000000099999999937 0.00000000099999999937 0.00000000099999999937 0.11746153729536579213 0.00000000099999999937 0.00000000099999999937 0.44357387289322014468 0.00000000099999999937 0.00000000099999999937 0.00000000099999999937 
0.00000000099999999966 0.00000000099999999966 0.00000000099999999966 0.97419655421268303019 0.00000000099999999966 0.02580343678731699883 0.00000000099999999966 0.00000000099999999966 0.00000000099999999966 0.00000000099999999966 0.00000000099999999966 
0.46543467269194643832 0.00000000099999999952 0.10400835313722525677 0.00000000099999999952 0.04956350112869633423 0.00000000099999999952 0.05808986304573598991 0.32290360399639589373 0.00000000099999999952 0.00000000099999999952 0.00000000099999999952 
0.32804509228087697092 0.00000000099999999959 0.02881306787682338943 0.00000000099999999959 0.27820775147366633151 0.00000000099999999959 0.00000000099999999959 0.36493408136863336733 0.00000000099999999959 0.00000000099999999959 0.00000000099999999959 
0.00000000099999999933 0.00000000099999999933 0.00000000099999999933 0.00000000099999999933 0.99999999000000006077 0.00000000099999999933 0.00000000099999999933 0.00000000099999999933 0.00000000099999999933 0.00000000099999999933 0.00000000099999999933 
0.00000000099999999972 0.00000000099999999972 0.00000000099999999972 0.76197677334558466811 0.00000000099999999972 0.00000000099999999972 0.00000000099999999972 0.00000000099999999972 0.14736050346828727386 0.00000000099999999972 0.09066271518612803448 
0.00000000099999999983 0.00000000099999999983 0.00000000099999999983 0.31485375237771245915 0.00000000099999999983 0.00000000099999999983 0.00000000099999999983 0.00000000099999999983 0.00000000099999999983 0.49743404144026470703 0.18771219818202261598 
0.20523008709770526603 0.00000000099999999952 0.39428477304112136137 0.00000000099999999952 0.40048513186117362661 0.00000000099999999952 0.00000000099999999952 0.00000000099999999952 0.00000000099999999952 0.00000000099999999952 0.00000000099999999952 
0.00000000099999999881 0.00000000099999999881 0.00000000099999999881 0.00000000099999999881 0.00000000099999999881 0.99999999000000006077 0.00000000099999999881 0.00000000099999999881 0.00000000099999999881 0.00000000099999999881 0.00000000099999999881 
0.46411954939160748879 0.00000000099999999956 0.00000000099999999956 0.00000000099999999956 0.18922037548646128413 0.00000000099999999956 0.00000000099999999956 0.34666006712193125905 0.00000000099999999956 0.00000000099999999956 0.00000000099999999956 
0.00000000099999999972 0.00000000099999999972 0.00000000099999999972 0.94724315443479756293 0.00000000099999999972 0.00000000099999999972 0.00000000099999999972 0.00000000099999999972 0.05275683656520240017 0.00000000099999999972 0.00000000099999999972 
0.39076273358433388783 0.00000000099999999960 0.00000000099999999960 0.00000000099999999960 0.00000000099999999960 0.00000000099999999960 0.09464780698474870024 0.51458945143091727736 0.00000000099999999960 0.00000000099999999960 0.00000000099999999960 
0.73850035713135364634 0.00000000099999999954 0.00000000099999999954 0.00000000099999999954 0.00000000099999999954 0.00000000099999999954 0.00498245734370000599 0.25651717752494651581 0.00000000099999999954 0.00000000099999999954 0.00000000099999999954 
0.17565936390100014841 0.82212256260908278538 0.00000000099999999957 0.00000000099999999957 0.00000000099999999957 0.00000000099999999957 0.00000000099999999957 0.00000000099999999957 0.00000000099999999957 0.00221806548991734884 0.00000000099999999957 
0.00000000099999999928 0.00000000099999999928 0.00000000099999999928 0.00000000099999999928 0.00000000099999999928 0.00000000099999999928 0.00000000099999999928 0.00000000099999999928 0.00000000099999999928 0.00000000099999999928 0.99999999000000006077 
0.02611343106918389070 0.00000000099999999990 0.07547504146264920333 0.45562197512409768896 0.00000000099999999990 0.00000000099999999990 0.04051505220542610253 0.00000000099999999990 0.00099987823844979035 0.20139731731170928963 0.19987730058848404702 
0.00000000099999999921 0.00000000099999999921 0.00000000099999999921 0.00000000099999999921 0.00000000099999999921 0.00000000099999999921 0.00000000099999999921 0.00000000099999999921 0.99999998999999994975 0.00000000099999999921 0.00000000099999999921 
0.00000000099999999975 0.00000000099999999975 0.00000000099999999975 0.99353641274655912774 0.00000000099999999975 0.00000000099999999975 0.00646357825344096547 0.00000000099999999975 0.00000000099999999975 0.00000000099999999975 0.00000000099999999975 
0.00000000099999999888 0.00000000099999999888 0.00000000099999999888 0.00000000099999999888 0.00000000099999999888 0.99999998999999994975 0.00000000099999999888 0.00000000099999999888 0.00000000099999999888 0.00000000099999999888 0.00000000099999999888 
0.00000000099999999991 0.00000000099999999991 0.00000000099999999991 0.07991654256850821980 0.00000000099999999991 0.24413830798854443960 0.16059186926445170873 0.00000000099999999991 0.29454683978969820046 0.12524228106370180469 0.09556415432509575425 
0.19324645771792986482 0.00000000099999999976 0.40761381613628761000 0.00000000099999999976 0.00000000099999999976 0.00000000099999999976 0.00000000099999999976 0.39913971814578264041 0.00000000099999999976 0.00000000099999999976 0.00000000099999999976 
0.14057473079012150485 0.00000000099999999984 0.00000000099999999984 0.58325989889649398901 0.00000000099999999984 0.00000000099999999984 0.00000000099999999984 0.00000000099999999984 0.08779247624987929211 0.13570985767379453724 0.05266303038971070771 
0.00000000099999999974 0.00000000099999999974 0.61764377812571003012 0.00000000099999999974 0.00000000099999999974 0.00000000099999999974 0.38235621287429016890 0.00000000099999999974 0.00000000099999999974 0.00000000099999999974 0.00000000099999999974 
0.19195930493643809100 0.00000000099999999962 0.00000000099999999962 0.00000000099999999962 0.40262937388251357484 0.00000000099999999962 0.02351172554151418487 0.38189958863953432644 0.00000000099999999962 0.00000000099999999962 0.00000000099999999962 
0.48910601737419595603 0.00000000099999999960 0.00000000099999999960 0.00000000099999999960 0.06382276595046960932 0.00000000099999999960 0.00000000099999999960 0.44707120867533450825 0.00000000099999999960 0.00000000099999999960 0.00000000099999999960 
0.64604080375879191500 0.00000000099999999956 0.00000000099999999956 0.00000000099999999956 0.00000000099999999956 0.00000000099999999956 0.35395918724120828402 0.00000000099999999956 0.00000000099999999956 0.00000000099999999956 0.00000000099999999956 
0.00000000099999999988 0.00000000099999999988 0.00000000099999999988 0.00000000099999999988 0.16149013839236922574 0.27873466881868114164 0.00000000099999999988 0.00000000099999999988 0.50397367037424323222 0.05580151541470636245 0.00000000099999999988 
0.00000000099999999926 0.00000000099999999926 0.00000000099999999926 0.00000000099999999926 0.00000000099999999926 0.99999999000000017180 0.00000000099999999926 0.00000000099999999926 0.00000000099999999926 0.00000000099999999926 0.00000000099999999926 
0.18231965576307981869 0.00000000099999999970 0.00000000099999999970 0.00000000099999999970 0.62708393989369892729 0.00000000099999999970 0.00000000099999999970 0.19059639634322145252 0.00000000099999999970 0.00000000099999999970 0.00000000099999999970 
0.00000000099999999980 0.00000000099999999980 0.00000000099999999980 0.94960245516274377486 0.00000000099999999980 0.00000000099999999980 0.00000000099999999980 0.05039753583725629232 0.00000000099999999980 0.00000000099999999980 0.00000000099999999980 
0.00000000099999999955 0.00000000099999999955 0.00000000099999999955 0.00000000099999999955 0.00000000099999999955 0.00000000099999999955 0.00000000099999999955 0.00000000099999999955 0.00000000099999999955 0.00000000099999999955 0.99999999000000006077 
0.00000000099999999989 0.00548191828150863987 0.09787051769519673761 0.55859887862810586601 0.00971734040022206348 0.21809953186315292339 0.00000000099999999989 0.00000000099999999989 0.00000000099999999989 0.06102524380821030409 0.04920656532360356133 
0.05149106106172959829 0.00000000099999999939 0.00000000099999999939 0.00000000099999999939 0.00000000099999999939 0.87020515583064295129 0.00000000099999999939 0.00000000099999999939 0.00000000099999999939 0.07830377510762745463 0.00000000099999999939 
0.00000000099999999941 0.00000000099999999941 0.00000000099999999941 0.00000000099999999941 0.99999999000000006077 0.00000000099999999941 0.00000000099999999941 0.00000000099999999941 0.00000000099999999941 0.00000000099999999941 0.00000000099999999941 
0.33065772825400485679 0.00000000099999999972 0.05680801320805643762 0.00000000099999999972 0.00000000099999999972 0.00000000099999999972 0.14826965031872357814 0.46426460121921497848 0.00000000099999999972 0.00000000099999999972 0.00000000099999999972 
0.00000000099999999947 0.00000000099999999947 0.00000000099999999947 0.00000000099999999947 0.00000000099999999947 0.00000000099999999947 0.00000000099999999947 0.00000000099999999947 0.00000000099999999947 0.00000000099999999947 0.99999999000000006077 
0.00000000099999999978 0.96326790097760373044 0.00000000099999999978 0.00000000099999999978 0.00000000099999999978 0.00000000099999999978 0.03673209002239644777 0.00000000099999999978 0.00000000099999999978 0.00000000099999999978 0.00000000099999999978 
0.00000000099999999946 0.00000000099999999946 0.00000000099999999946 0.00000000099999999946 0.00000000099999999946 0.00000000099999999946 0.00000000099999999946 0.00000000099999999946 0.00000000099999999946 0.99999999000000006077 0.00000000099999999946 
0.00000000099999999976 0.99999999000000017180 0.00000000099999999976 0.00000000099999999976 0.00000000099999999976 0.00000000099999999976 0.00000000099999999976 0.00000000099999999976 0.00000000099999999976 0.00000000099999999976 0.00000000099999999976 
0.00000000099999999958 0.00000000099999999958 0.00000000099999999958 0.00000000099999999958 0.00000000099999999958 0.00000000099999999958 0.00000000099999999958 0.00000000099999999958 0.99999998999999994975 0.00000000099999999958 0.00000000099999999958 
0.00000000099999999925 0.00000000099999999925 0.00000000099999999925 0.00000000099999999925 0.00000000099999999925 0.99999999000000006077 0.00000000099999999925 0.00000000099999999925 0.00000000099999999925 0.00000000099999999925 0.00000000099999999925 
0.13845371426492314448 0.00000000099999999971 0.00002114011594686976 0.00000000099999999971 0.13006714422539308873 0.00000000099999999971 0.20469324732306548587 0.52676474807067141803 0.00000000099999999971 0.00000000099999999971 0.00000000099999999971 
0.00000000099999999943 0.00000000099999999943 0.00000000099999999943 0.00000000099999999943 0.00000000099999999943 0.00000000099999999943 0.00000000099999999943 0.00000000099999999943 0.99999998999999994975 0.00000000099999999943 0.00000000099999999943 
0.00000000099999999938 0.00000000099999999938 0.00000000099999999938 0.00000000099999999938 0.00000000099999999938 0.00000000099999999938 0.00000000099999999938 0.00000000099999999938 0.99999998999999994975 0.00000000099999999938 0.00000000099999999938 
0.24380551052146018365 0.00000000099999999967 0.18460364342897178647 0.00000000099999999967 0.09271820422706068821 0.00000000099999999967 0.00000000099999999967 0.47887263482250730373 0.00000000099999999967 0.00000000099999999967 0.00000000099999999967 
0.00000000099999999993 0.00000000148674779243 0.01765199435806761447 0.00000000099999999993 0.00000000099999999993 0.00000000099999999993 0.00000000099999999993 0.00000083614696690139 0.25767581513651632852 0.50136568864342134777 0.22330565922827994019 
0.00000000099999999979 0.00000000099999999979 0.00856092169789169320 0.82927353919647051050 0.00000000099999999979 0.00000000099999999979 0.00000000099999999979 0.00000000099999999979 0.16216553110563800000 0.00000000099999999979 0.00000000099999999979 
0.00000000099999999969 0.03265147456836739459 0.00000000099999999969 0.00000000099999999969 0.00000000099999999969 0.00000000099999999969 0.28656910403595425851 0.00000000099999999969 0.68077941339567848988 0.00000000099999999969 0.00000000099999999969 
0.37597484555526544669 0.00000000099999999967 0.62402514544473464131 0.00000000099999999967 0.00000000099999999967 0.00000000099999999967 0.00000000099999999967 0.00000000099999999967 0.00000000099999999967 0.00000000099999999967 0.00000000099999999967 
0.00000000099999999984 0.84010216734569442831 0.00000000099999999984 0.00000000099999999984 0.00000000099999999984 0.00000000099999999984 0.00000000099999999984 0.00000000099999999984 0.00000000099999999984 0.00000000099999999984 0.15989782365430585398 
0.00000000099999999960 0.99999999000000017180 0.00000000099999999960 0.00000000099999999960 0.00000000099999999960 0.00000000099999999960 0.00000000099999999960 0.00000000099999999960 0.00000000099999999960 0.00000000099999999960 0.00000000099999999960 
0.00000000099999999970 0.00000000099999999970 0.00000000099999999970 0.00000000099999999970 0.00000000099999999970 0.00000000099999999970 0.00000000099999999970 0.00000000099999999970 0.33192240486242308162 0.00000000099999999970 0.66807758613757683985 
0.00000000099999999979 0.00000000099999999979 0.00000000099999999979 0.00000000099999999979 0.02025621933890854945 0.12967904926021930900 0.00000000099999999979 0.00000000099999999979 0.67877255241385414664 0.00000000099999999979 0.17129217198701807146 
0.63579393173483000901 0.00000000099999999956 0.36420605926517007900 0.00000000099999999956 0.00000000099999999956 0.00000000099999999956 0.00000000099999999956 0.00000000099999999956 0.00000000099999999956 0.00000000099999999956 0.00000000099999999956 
0.30754924722642695833 0.00000000099999999986 0.15630639629586115524 0.00000000099999999986 0.51120628557623815080 0.00000000099999999986 0.02493330905118650367 0.00000475585028731339 0.00000000099999999986 0.00000000099999999986 0.00000000099999999986 
0.03480360487070471853 0.00000000099999999985 0.16150942142450405714 0.08085639324796342620 0.38724717279784537372 0.00000000099999999985 0.00000000811055017064 0.33558339454843244543 0.00000000099999999985 0.00000000099999999985 0.00000000099999999985 
0.00000000099999999979 0.00000000099999999979 0.00000000099999999979 0.00000000099999999979 0.00000000099999999979 0.00000000099999999979 0.00017359054473315436 0.05679994069362474807 0.78165144123523622177 0.00000000099999999979 0.16137502052640595451 
0.00000000099999999974 0.00000000099999999974 0.00000000099999999974 0.00000000099999999974 0.17086510391281448107 0.00000000099999999974 0.00000000099999999974 0.03263453847607616226 0.79650034961110949272 0.00000000099999999974 0.00000000099999999974 
0.00000000099999999937 0.00000000099999999937 0.00000000099999999937 0.00000000099999999937 0.00000000099999999937 0.00000000099999999937 0.00000000099999999937 0.00000000099999999937 0.99999999000000006077 0.00000000099999999937 0.00000000099999999937 
0.17608883882520706687 0.00000000099999999979 0.65997346344818763608 0.00000000099999999979 0.16393768972660544003 0.00000000099999999979 0.00000000099999999979 0.00000000099999999979 0.00000000099999999979 0.00000000099999999979 0.00000000099999999979 
0.00000000099999999953 0.99999999000000028282 0.00000000099999999953 0.00000000099999999953 0.00000000099999999953 0.00000000099999999953 0.00000000099999999953 0.00000000099999999953 0.00000000099999999953 0.00000000099999999953 0.00000000099999999953 
0.00000000099999999952 0.00000000099999999952 0.00000000099999999952 0.00000000099999999952 0.00000000099999999952 0.00000000099999999952 0.00000000099999999952 0.00000000099999999952 0.00000000099999999952 0.00000000099999999952 0.99999999000000006077 
0.32487173577522787671 0.00000000099999999982 0.00000000099999999982 0.00000000099999999982 0.00000000099999999982 0.00000000099999999982 0.00131601786934839259 0.67381223835542369827 0.00000000099999999982 0.00000000099999999982 0.00000000099999999982 
0.00000000099999999967 0.99999999000000017180 0.00000000099999999967 0.00000000099999999967 0.00000000099999999967 0.00000000099999999967 0.00000000099999999967 0.00000000099999999967 0.00000000099999999967 0.00000000099999999967 0.00000000099999999967 
0.00000000099999999967 0.00000000099999999967 0.00000000099999999967 0.99999999000000017180 0.00000000099999999967 0.00000000099999999967 0.00000000099999999967 0.00000000099999999967 0.00000000099999999967 0.00000000099999999967 0.00000000099999999967 
0.00000000099999999976 0.00000000099999999976 0.00000000099999999976 0.10440475679003999310 0.00000000099999999976 0.00000000099999999976 0.35317839144002349805 0.00000000099999999976 0.00000000099999999976 0.54241684376993637429 0.00000000099999999976 
0.00000000099999999976 0.00000000099999999976 0.00000000099999999976 0.00000000099999999976 0.00000000099999999976 0.05679943091634792607 0.28507110875702923458 0.00000000099999999976 0.33320445642601820291 0.00000000099999999976 0.32492499690060466788 
0.00000000099999999984 0.00000000099999999984 0.00000000099999999984 0.00000000099999999984 0.00000000099999999984 0.00000000099999999984 0.00000000099999999984 0.00000000099999999984 0.86230207476489040275 0.13769791623510946321 0.00000000099999999984 
0.00000000099999999974 0.00000000099999999974 0.00000000099999999974 0.00000000099999999974 0.00000000099999999974 0.00000000099999999974 0.00000000099999999974 0.00000000099999999974 0.00000000099999999974 0.99999998999999994975 0.00000000099999999974 
0.41401299551566700385 0.00000000099999999983 0.09315743146785594730 0.00000000099999999983 0.00000000099999999983 0.00000000099999999983 0.04862739415588345632 0.22333167353188609905 0.22087049932870775337 0.00000000099999999983 0.00000000099999999983 
0.00000000099999999981 0.00000000099999999981 0.15035140278455030871 0.07031781822580893127 0.00000000099999999981 0.00000000099999999981 0.00000000099999999981 0.00000000099999999981 0.00000000099999999981 0.77933077098964065321 0.00000000099999999981 
0.00000000099999999955 0.00000000099999999955 0.00000000099999999955 0.00000000099999999955 0.00000000099999999955 0.00000000099999999955 0.00000000099999999955 0.00000000099999999955 0.99999998999999994975 0.00000000099999999955 0.00000000099999999955 
0.99999999000000017180 0.00000000099999999959 0.00000000099999999959 0.00000000099999999959 0.00000000099999999959 0.00000000099999999959 0.00000000099999999959 0.00000000099999999959 0.00000000099999999959 0.00000000099999999959 0.00000000099999999959 
0.00000000099999999981 0.00000000099999999981 0.00000000099999999981 0.00000000099999999981 0.00000000099999999981 0.00000000099999999981 0.00000000099999999981 0.00000000099999999981 0.00000000099999999981 0.73808662589596174541 0.26191336510403828708 
0.00000000099999999993 0.00000000099999999993 0.00000000107190134819 0.22130007418681166276 0.02207591963857733278 0.15579621085544587133 0.00000000099999999993 0.00000000099999999993 0.00000000099999999993 0.27096191455293261452 0.32986587469433109598 
0.00000000099999999974 0.99999999000000028282 0.00000000099999999974 0.00000000099999999974 0.00000000099999999974 0.00000000099999999974 0.00000000099999999974 0.00000000099999999974 0.00000000099999999974 0.00000000099999999974 0.00000000099999999974 
0.00000000099999999947 0.99999999000000028282 0.00000000099999999947 0.00000000099999999947 0.00000000099999999947 0.00000000099999999947 0.00000000099999999947 0.00000000099999999947 0.00000000099999999947 0.00000000099999999947 0.00000000099999999947 
0.00000000099999999991 0.08461311087250553142 0.00000000194315327089 0.00000000099999999991 0.15439401714212114269 0.03750551368074139108 0.00000000099999999991 0.00000000099999999991 0.00000000099999999991 0.72348585443365143188 0.00000149692782702024 
0.00000000099999999973 0.00000000099999999973 0.00000000099999999973 0.00000000099999999973 0.12376045118567126357 0.00000000099999999973 0.00000000099999999973 0.87623953981432878280 0.00000000099999999973 0.00000000099999999973 0.00000000099999999973 
0.00000000099999999992 0.00000000099999999992 0.03880299415442178823 0.73381795976128194603 0.00000000099999999992 0.00000000099999999992 0.12577596707327803882 0.00000000099999999992 0.10160307201101839714 0.00000000099999999992 0.00000000099999999992 
0.00000000099999999989 0.00000000099999999989 0.20146013401254048159 0.00000000099999999989 0.00000000099999999989 0.10906950643651712463 0.00000000099999999989 0.00000000099999999989 0.22764209488680217652 0.46182825766414009605 0.00000000099999999989 
0.00000000099999999981 0.00000000099999999981 0.16820163784677952257 0.00000000099999999981 0.00000009787680730019 0.00000000099999999981 0.00000000099999999981 0.00000000099999999981 0.00000000099999999981 0.83179825627641301722 0.00000000099999999981 
0.00000000099999999980 0.00000000099999999980 0.99999999000000006077 0.00000000099999999980 0.00000000099999999980 0.00000000099999999980 0.00000000099999999980 0.00000000099999999980 0.00000000099999999980 0.00000000099999999980 0.00000000099999999980 
0.00000000099999999980 0.00000000099999999980 0.00000000099999999980 0.00000000099999999980 0.19803051719683026355 0.00000000099999999980 0.54092770851154203804 0.26104176629162767487 0.00000000099999999980 0.00000000099999999980 0.00000000099999999980 
0.99999999000000017180 0.00000000099999999982 0.00000000099999999982 0.00000000099999999982 0.00000000099999999982 0.00000000099999999982 0.00000000099999999982 0.00000000099999999982 0.00000000099999999982 0.00000000099999999982 0.00000000099999999982 
0.00000000099999999991 0.13044059894617898721 0.00000000099999999991 0.54771715202588966420 0.00000000099999999991 0.27645792363659033031 0.03978816079708406145 0.00000000099999999991 0.00559615859425706928 0.00000000099999999991 0.00000000099999999991 
0.00000000099999999984 0.16417358840148188470 0.00000000099999999984 0.06867917376265947338 0.00000000099999999984 0.00000000099999999984 0.00000000099999999984 0.76714722983585881266 0.00000000099999999984 0.00000000099999999984 0.00000000099999999984 
0.00000000099999999991 0.00000000099999999991 0.00000000099999999991 0.00000000099999999991 0.85372092946582212036 0.14627906153417791213 0.00000000099999999991 0.00000000099999999991 0.00000000099999999991 0.00000000099999999991 0.00000000099999999991 
0.25153896520729507325 0.00000000099999999978 0.04676266631643583027 0.00000000099999999978 0.49005049256211863362 0.00000000099999999978 0.21164786891415041103 0.00000000099999999978 0.00000000099999999978 0.00000000099999999978 0.00000000099999999978 
0.00000000099999999962 0.00000000099999999962 0.00000000099999999962 0.00000000099999999962 0.00000000099999999962 0.00000000099999999962 0.99999999000000006077 0.00000000099999999962 0.00000000099999999962 0.00000000099999999962 0.00000000099999999962 
0.00000000099999999967 0.00000000099999999967 0.00000000099999999967 0.00000000099999999967 0.00000000099999999967 0.00000000099999999967 0.00000000099999999967 0.99999999000000006077 0.00000000099999999967 0.00000000099999999967 0.00000000099999999967 
0.00000000099999999984 0.00000000099999999984 0.00000000099999999984 0.00000000099999999984 0.00000000099999999984 0.00000000099999999984 0.00000000099999999984 0.00000000099999999984 0.00000000099999999984 0.00000000099999999984 0.99999999000000006077 
0.18715469477524884767 0.00000000099999999972 0.15184785327874145144 0.00000000099999999972 0.30029004291618915934 0.00000000099999999972 0.00000000099999999972 0.36070740202982060074 0.00000000099999999972 0.00000000099999999972 0.00000000099999999972 
0.41297866979521291597 0.00000000099999999973 0.00000000099999999973 0.00000000099999999973 0.00000000099999999973 0.00000000099999999973 0.58702132120478711652 0.00000000099999999973 0.00000000099999999973 0.00000000099999999973 0.00000000099999999973 
0.00000000099999999986 0.00000000099999999986 0.00000000099999999986 0.00000000099999999986 0.00000000099999999986 0.00000000099999999986 0.00000000099999999986 0.00000000099999999986 0.12185249751964283282 0.87814749348035703314 0.00000000099999999986 
0.00000029972914188901 0.00000000099999999983 0.00000000099999999983 0.00000000099999999983 0.00000000099999999983 0.00000000099999999983 0.35624430350006619506 0.00000000099999999983 0.00000000099999999983 0.64375538877079174771 0.00000000099999999983 
0.00000000099999999991 0.00000000099999999991 0.23528919255882138617 0.00000000099999999991 0.00000000099999999991 0.00000000099999999991 0.35396406122390755566 0.00000000099999999991 0.32366981297358587977 0.08707692624368523759 0.00000000099999999991 
0.00000000099999999989 0.00000000099999999989 0.00000000099999999989 0.00000000099999999989 0.00000000099999999989 0.00000000099999999989 0.00000000099999999989 0.18302077902179172963 0.00000000099999999989 0.33800469226275037249 0.47897452071545792984 
0.20905755019299646080 0.00000000099999999976 0.04949532241032439384 0.00000000099999999976 0.00000000099999999976 0.00000000099999999976 0.74144711939667928835 0.00000000099999999976 0.00000000099999999976 0.00000000099999999976 0.00000000099999999976 
0.00000000099999999986 0.12620202332764218767 0.30006160321722791240 0.00000000099999999986 0.00000000099999999986 0.00000000099999999986 0.30251416086838606168 0.27122220558674375868 0.00000000099999999986 0.00000000099999999986 0.00000000099999999986 
0.00000000099999999978 0.00000000099999999978 0.36210646439707694366 0.63789352660292308883 0.00000000099999999978 0.00000000099999999978 0.00000000099999999978 0.00000000099999999978 0.00000000099999999978 0.00000000099999999978 0.00000000099999999978 
0.53356687874923014459 0.00000000099999999992 0.00000000099999999992 0.00000000099999999992 0.46643219381830314241 0.00000000099999999992 0.00000000099999999992 0.00000000099999999992 0.00000000099999999992 0.00000091943246676027 0.00000000099999999992 
0.00000000099999999984 0.15347880712315936647 0.35415993068363504914 0.00000000099999999984 0.43550354439911315163 0.00000000099999999984 0.00000000099999999984 0.05685771079409243645 0.00000000099999999984 0.00000000099999999984 0.00000000099999999984 
0.00000000099999999986 0.00000000099999999986 0.00000000099999999986 0.00000000099999999986 0.54109858714244207789 0.00000000099999999986 0.03478610872633367684 0.42411529613122417315 0.00000000099999999986 0.00000000099999999986 0.00000000099999999986 
0.00000000099999999994 0.00000000099999999994 0.00000000099999999994 0.00000000099999999994 0.58606114272506848462 0.06495073844386188566 0.30056131277325054407 0.04719464440389930376 0.00123215565391978331 0.00000000099999999994 0.00000000099999999994 
0.00000000099999999971 0.00000000099999999971 0.60834575791934530908 0.00000000099999999971 0.00000000099999999971 0.00000000099999999971 0.39165423308065488994 0.00000000099999999971 0.00000000099999999971 0.00000000099999999971 0.00000000099999999971 
0.00000000099999999982 0.00000000099999999982 0.00000000099999999982 0.12165920684091759141 0.00000000099999999982 0.27623170599772012279 0.38337670482715130449 0.00000000099999999982 0.00000000099999999982 0.00000000099999999982 0.21873237533421119316 
0.11017019543944674143 0.00000000099999999994 0.00000000099999999994 0.36913655320517024805 0.00000000099999999994 0.12125710990754906549 0.00000000099999999994 0.00000000099999999994 0.09658099565561388544 0.30285513979222000724 0.00000000099999999994 
0.00000000099999999985 0.00000000099999999985 0.00000000099999999985 0.00000000099999999985 0.50224333091058992462 0.00000000099999999985 0.10437917120207693134 0.39337748988733312050 0.00000000099999999985 0.00000000099999999985 0.00000000099999999985 
0.00000000099999999977 0.00000000099999999977 0.00000000099999999977 0.62703370751588216603 0.00000000099999999977 0.00000000099999999977 0.00000000099999999977 0.00000000099999999977 0.00000000099999999977 0.37296628348411781095 0.00000000099999999977 
0.00000000099999999961 0.99999999000000028282 0.00000000099999999961 0.00000000099999999961 0.00000000099999999961 0.00000000099999999961 0.00000000099999999961 0.00000000099999999961 0.00000000099999999961 0.00000000099999999961 0.00000000099999999961 
0.00000000099999999969 0.00000000099999999969 0.00000000099999999969 0.00000000099999999969 0.00000000099999999969 0.00000000099999999969 0.00000000099999999969 0.99999999000000006077 0.00000000099999999969 0.00000000099999999969 0.00000000099999999969 
0.00000000099999999984 0.78134811432492845551 0.00000000099999999984 0.00000000099999999984 0.21865187667507182678 0.00000000099999999984 0.00000000099999999984 0.00000000099999999984 0.00000000099999999984 0.00000000099999999984 0.00000000099999999984 
0.14040436884929202721 0.00000000099999999976 0.00000000099999999976 0.00000000099999999976 0.00000000099999999976 0.00000000099999999976 0.00000000099999999976 0.85959562215070806079 0.00000000099999999976 0.00000000099999999976 0.00000000099999999976 
0.00000000099999999957 0.00000000099999999957 0.00000000099999999957 0.00000000099999999957 0.00000000099999999957 0.99999999000000006077 0.00000000099999999957 0.00000000099999999957 0.00000000099999999957 0.00000000099999999957 0.00000000099999999957 
0.00000000099999999985 0.44234556283253451126 0.00000000099999999985 0.00000000099999999985 0.00000000099999999985 0.00000000099999999985 0.00000000099999999985 0.55765442816746546573 0.00000000099999999985 0.00000000099999999985 0.00000000099999999985 
0.00000000099999999988 0.67266473568354179235 0.00000000099999999988 0.00000000099999999988 0.14413717235850864729 0.00000000099999999988 0.18319808395794962008 0.00000000099999999988 0.00000000099999999988 0.00000000099999999988 0.00000000099999999988 
0.00000000099999999980 0.00000000099999999980 0.99999999000000006077 0.00000000099999999980 0.00000000099999999980 0.00000000099999999980 0.00000000099999999980 0.00000000099999999980 0.00000000099999999980 0.00000000099999999980 0.00000000099999999980 
0.00000000099999999982 0.99999999000000028282 0.00000000099999999982 0.00000000099999999982 0.00000000099999999982 0.00000000099999999982 0.00000000099999999982 0.00000000099999999982 0.00000000099999999982 0.00000000099999999982 0.00000000099999999982 
0.64211435339058731131 0.00000000099999999979 0.27911967314616104030 0.00000000099999999979 0.07876596546325179138 0.00000000099999999979 0.00000000099999999979 0.00000000099999999979 0.00000000099999999979 0.00000000099999999979 0.00000000099999999979 
0.00000000099999999984 0.00000000099999999984 0.00000000099999999984 0.00000000099999999984 0.00000000099999999984 0.00000000099999999984 0.00000000099999999984 0.00000000099999999984 0.00000000099999999984 0.42169920341897393357 0.57830078758102609893 
0.00000003924616609705 0.69303125053400638222 0.00000000099999999980 0.00000000099999999980 0.00000000099999999980 0.00000000099999999980 0.00000000099999999980 0.00000000099999999980 0.00000000099999999980 0.30696870221982774929 0.00000000099999999980 
0.30088034381501133074 0.05163070836364051092 0.00000000099999999994 0.07191352140727717834 0.00000000099999999994 0.00000000099999999994 0.07128774476500410184 0.50428767564906684662 0.00000000099999999994 0.00000000099999999994 0.00000000099999999994 
0.00000000099999999969 0.00000000099999999969 0.00000000099999999969 0.00000000099999999969 0.00000000099999999969 0.00000000099999999969 0.00000000099999999969 0.00000000099999999969 0.99999999000000006077 0.00000000099999999969 0.00000000099999999969 
0.00000000099999999986 0.81236856380471222927 0.00000000099999999986 0.18763142719528796976 0.00000000099999999986 0.00000000099999999986 0.00000000099999999986 0.00000000099999999986 0.00000000099999999986 0.00000000099999999986 0.00000000099999999986 
0.00000000099999999979 0.00000000099999999979 0.00000000099999999979 0.00000000099999999979 0.00000000099999999979 0.00000000099999999979 0.99999999000000006077 0.00000000099999999979 0.00000000099999999979 0.00000000099999999979 0.00000000099999999979 
0.00000000099999999984 0.99999999000000017180 0.00000000099999999984 0.00000000099999999984 0.00000000099999999984 0.00000000099999999984 0.00000000099999999984 0.00000000099999999984 0.00000000099999999984 0.00000000099999999984 0.00000000099999999984 
0.20076538889731673776 0.73051647529335683728 0.00000000099999999979 0.00000000099999999979 0.00000000099999999979 0.00000000099999999979 0.06871812780932663733 0.00000000099999999979 0.00000000099999999979 0.00000000099999999979 0.00000000099999999979 
0.00000000099999999986 0.15159145931606560209 0.00000000099999999986 0.53900552441313109853 0.00000000099999999986 0.00000000099999999986 0.00000000099999999986 0.00000000099999999986 0.19952926272656854034 0.10987374654423504028 0.00000000099999999986 
0.00000000099999999994 0.00000000099999999994 0.26972267501762220432 0.27624737977998953253 0.00000000099999999994 0.00000000099999999994 0.00000000099999999994 0.00000000099999999994 0.31637199007899968750 0.00000000099999999994 0.13765794812338869035 
0.26835137115196411317 0.62027876675260573691 0.00000000099999999990 0.00000000099999999990 0.00000000099999999990 0.00000000099999999990 0.00000000099999999990 0.00000000099999999990 0.11136985409543036230 0.00000000099999999990 0.00000000099999999990 
0.00000000099999999971 0.00000000099999999971 0.99999999000000006077 0.00000000099999999971 0.00000000099999999971 0.00000000099999999971 0.00000000099999999971 0.00000000099999999971 0.00000000099999999971 0.00000000099999999971 0.00000000099999999971 
0.00000000099999999978 0.00000000099999999978 0.99999999000000017180 0.00000000099999999978 0.00000000099999999978 0.00000000099999999978 0.00000000099999999978 0.00000000099999999978 0.00000000099999999978 0.00000000099999999978 0.00000000099999999978 
0.00000000099999999978 0.00000000099999999978 0.00000000099999999978 0.00000000099999999978 0.00000000099999999978 0.00000000099999999978 0.00000000099999999978 0.00000000099999999978 0.00000000099999999978 0.99999999000000006077 0.00000000099999999978 
0.00000000099999999996 0.02089321140157736692 0.00000000099999999996 0.00000000099999999996 0.05457708475060442377 0.00000000099999999996 0.00000000099999999996 0.72588957742806092810 0.00000000099999999996 0.00000000099999999996 0.19864011941975734388 
0.00000000099999999980 0.00000000099999999980 0.99999999000000006077 0.00000000099999999980 0.00000000099999999980 0.00000000099999999980 0.00000000099999999980 0.00000000099999999980 0.00000000099999999980 0.00000000099999999980 0.00000000099999999980 
0.00000000099999999982 0.00000000099999999982 0.69114887009023162623 0.00000000099999999982 0.00000000099999999982 0.00000000099999999982 0.00000000099999999982 0.30885112090976857280 0.00000000099999999982 0.00000000099999999982 0.00000000099999999982 
0.00000000099999999975 0.00000000099999999975 0.00000000099999999975 0.00000000099999999975 0.00000000099999999975 0.00000000099999999975 0.00000000099999999975 0.99999998999999994975 0.00000000099999999975 0.00000000099999999975 0.00000000099999999975 
0.00000000099999999980 0.00000000099999999980 0.99999999000000006077 0.00000000099999999980 0.00000000099999999980 0.00000000099999999980 0.00000000099999999980 0.00000000099999999980 0.00000000099999999980 0.00000000099999999980 0.00000000099999999980 
0.00000000099999999986 0.00000000099999999986 0.00000000099999999986 0.00000000099999999986 0.67119254725124621874 0.00000000099999999986 0.32880744374875398028 0.00000000099999999986 0.00000000099999999986 0.00000000099999999986 0.00000000099999999986 
