0.99999999600000000211 0.00000000099999999963 0.00000000099999999963 0.00000000099999999963 0.00000000099999999963 
0.00000000099999999981 0.37005232137850024854 0.62994767562149978080 0.00000000099999999981 0.00000000099999999981 
0.00000000099999999977 0.41625095361618608125 0.58374904338381383706 0.00000000099999999977 0.00000000099999999977 
0.00000000099999999972 0.42555982324890689883 0.57444017375109313051 0.00000000099999999972 0.00000000099999999972 
0.00000000099999999983 0.33232928967130115350 0.66767070732869882033 0.00000000099999999983 0.00000000099999999983 
0.00000000099999999992 0.00000000099999999992 0.00000033769130193768 0.46306004444032783374 0.53693961586837013478 
0.00000000099999999995 0.00000000099999999995 0.01107312474587746585 0.95265728550152928289 0.03626958775259316731 
0.00000000099999999989 0.86605999723805116020 0.13393999976194886914 0.00000000099999999989 0.00000000099999999989 
0.00000000099999999986 0.44364622224749750146 0.55635377475250258339 0.00000000099999999986 0.00000000099999999986 
0.00000000099999999969 0.00000000099999999969 0.00000000099999999969 0.00000000099999999969 0.99999999600000000211 
0.00000000099999999975 0.46200340766440012308 0.53799658933559990626 0.00000000099999999975 0.00000000099999999975 
0.00000000099999999978 0.52636895001356831525 0.47363104698643165857 0.00000000099999999978 0.00000000099999999978 
0.00000000099999999977 0.46259155059072248894 0.53740844640927765141 0.00000000099999999977 0.00000000099999999977 
0.00000000099999999999 0.02426306590923218640 0.02038235618248775138 0.49007811676449214433 0.46527646014378792882 
0.00000000099999999980 0.76069466557802489781 0.23930533142197504826 0.00000000099999999980 0.00000000099999999980 
0.00000000099999999984 0.00000000099999999984 0.00000000099999999984 0.91253988881709136027 0.08746010818290873845 
0.00000000099999999987 0.47593418149638988535 0.52406581550361019950 0.00000000099999999987 0.00000000099999999987 
0.00000000099999999976 0.36242705944482228597 0.63757293755517763234 0.00000000099999999976 0.00000000099999999976 
0.00000000099999999992 0.05422877981671837128 0.00000000099999999992 0.94577121718328160949 0.00000000099999999992 
0.00000000099999999977 0.61213402582801024199 0.38786597117198995388 0.00000000099999999977 0.00000000099999999977 
0.00000000099999999983 0.39273751696907310826 0.60726248003092675454 0.00000000099999999983 0.00000000099999999983 
0.00000000099999999985 0.47737535525731161767 0.52262464174268830064 0.00000000099999999985 0.00000000099999999985 
0.00000000099999999989 0.00000000099999999989 0.00000000099999999989 0.75960778528369732321 0.24039221171630273388 
0.00000000099999999995 0.00000000099999999995 0.00000000099999999995 0.93895595582416591096 0.06104404117583408368 
0.08883566380615699754 0.38778815198279092957 0.52337618221105208782 0.00000000099999999994 0.00000000099999999994 
0.00000000099999999987 0.03621054560236017933 0.00000000099999999987 0.00000000099999999987 0.96378945139763982919 
0.00000000099999999982 0.46998816520709246758 0.53001183179290767278 0.00000000099999999982 0.00000000099999999982 
0.00000000099999999993 0.00000000099999999993 0.00000000099999999993 0.84883993259015777522 0.15116006440984219861 
0.00000000099999999990 0.44796680279924461221 0.55203319420075547264 0.00000000099999999990 0.00000000099999999990 
0.00000000099999999978 0.45410497154301815437 0.54589502545698198599 0.00000000099999999978 0.00000000099999999978 
0.79043244706443027692 0.00000000099999999983 0.20956754993556980793 0.00000000099999999983 0.00000000099999999983 
0.00000000099999999986 0.11392575580244639066 0.00000000099999999986 0.00000000099999999986 0.88607424119755351377 
0.00000000099999999999 0.13355925870509580133 0.01713885733327485603 0.67653666132353518226 0.17276522163809412969 
0.00000000099999999982 0.00000000099999999982 0.00000000099999999982 0.00000000099999999982 0.99999999600000000211 
0.00000000099999999992 0.12706284715671009589 0.00000000099999999992 0.87293714984328996120 0.00000000099999999992 
0.00000000099999999977 0.00000000099999999977 0.00000000099999999977 0.00000000099999999977 0.99999999600000000211 
0.00000000099999999999 0.12811983722176661926 0.00000000820420019969 0.31653543523114480163 0.55534471834288834380 
0.00000000099999999991 0.59769762826086825225 0.40230236873913183260 0.00000000099999999991 0.00000000099999999991 
0.03527524704577140319 0.07681485952266559059 0.00000000099999999998 0.80815665085834276216 0.07975324157322032093 
0.00000000099999999986 0.99999999600000000211 0.00000000099999999986 0.00000000099999999986 0.00000000099999999986 
0.00000000099999999984 0.48228474045632313549 0.51771525654367689384 0.00000000099999999984 0.00000000099999999984 
0.00000000099999999987 0.37246839665300923716 0.62753160034699084768 0.00000000099999999987 0.00000000099999999987 
0.00000000099999999999 0.49990211181363275461 0.47828916106838748057 0.02180872511797974853 0.00000000099999999999 
0.00000000099999999996 0.22562180314463955999 0.00000000099999999996 0.14537016832792132304 0.62900802652743925680 
0.04698883270754191516 0.00000000100000000000 0.01125961985639815574 0.20774312632957048219 0.73400842010648947866 
0.00000000099999999993 0.46471248996847158708 0.53528750703152838675 0.00000000099999999993 0.00000000099999999993 
0.08671168669403764295 0.00000000099999999994 0.00000000099999999994 0.91328831030596235863 0.00000000099999999994 
0.00000000099999999993 0.01728914374122737796 0.00000000099999999993 0.24074052815417062989 0.74197032610460211810 
0.07633704108376827835 0.00000000099999999997 0.00000000099999999997 0.92366295591623182037 0.00000000099999999997 
0.00000000099999999997 0.00000000099999999997 0.07587606524356538262 0.49681795524041355572 0.42730597751602111822 
0.00000000099999999992 0.30993091457148552736 0.69006908242851450197 0.00000000099999999992 0.00000000099999999992 
0.00000000099999999988 0.59424607635690884777 0.40575392064309118156 0.00000000099999999988 0.00000000099999999988 
0.00000000099999999988 0.08485816349254464430 0.00000000099999999988 0.00000000099999999988 0.91514183350745548218 
0.99999999600000011313 0.00000000099999999990 0.00000000099999999990 0.00000000099999999990 0.00000000099999999990 
0.00000000099999999988 0.00000000099999999988 0.13418802224247464161 0.86581197475752524895 0.00000000099999999988 
0.99999999600000000211 0.00000000099999999991 0.00000000099999999991 0.00000000099999999991 0.00000000099999999991 
0.00000000099999999985 0.00000000099999999985 0.00000000099999999985 0.00000000099999999985 0.99999999600000000211 
0.00000000099999999997 0.00000000099999999997 0.15701814533257238415 0.32569012984905026942 0.51729172281837731973 
0.00000000099999999991 0.60202286805245563972 0.39797712894754438961 0.00000000099999999991 0.00000000099999999991 
0.00000000099999999990 0.00000000099999999990 0.06457075401650139157 0.00000000099999999990 0.93542924298349861001 
0.00000000099999999976 0.00000000099999999976 0.00000000099999999976 0.00000000099999999976 0.99999999600000000211 
0.00000000099999999988 0.49393337568909173596 0.50606662131090829337 0.00000000099999999988 0.00000000099999999988 
0.04587231500540443763 0.03463073392747895163 0.00000000099999999999 0.52358198423621871154 0.39591496583089785810 
0.00000000099999999993 0.00000000099999999993 0.00000000099999999993 0.82116854288455520816 0.17883145411544476566 
0.11145895527843235895 0.08903532164596243692 0.00000000099999999992 0.00000000099999999992 0.79950572107560535784 
0.00000000099999999992 0.47131789621065911522 0.52868210078934085860 0.00000000099999999992 0.00000000099999999992 
0.85702026435242506519 0.14297973264757499190 0.00000000099999999992 0.00000000099999999992 0.00000000099999999992 
0.99999999600000011313 0.00000000099999999983 0.00000000099999999983 0.00000000099999999983 0.00000000099999999983 
0.00000000099999999989 0.00000000099999999989 0.00000000099999999989 0.00000000099999999989 0.99999999599999989108 
0.00000000099999999992 0.00000000099999999992 0.00000000099999999992 0.00000000099999999992 0.99999999600000000211 
0.00000000099999999992 0.38836286817056830944 0.61163712882943166438 0.00000000099999999992 0.00000000099999999992 
0.11840187345208169623 0.41836881654529428642 0.46322930800262412943 0.00000000099999999996 0.00000000099999999996 
0.00000000099999999995 0.53513017630360926180 0.40652299394737373417 0.05834682774901709529 0.00000000099999999995 
0.04284435836649636009 0.03753491522114452833 0.00000000099999999994 0.00000000099999999994 0.91962072441235920284 
0.00000000099999999994 0.00000000099999999994 0.13431954233147486155 0.00004038796947904383 0.86564006769904611183 
0.00000000099999999980 0.00000000099999999980 0.00000000099999999980 0.00000000099999999980 0.99999999600000000211 
0.02502451482325421597 0.35522922967313874665 0.60966525115478964469 0.00000000100000000000 0.01008100334881756668 
0.99999999600000000211 0.00000000099999999981 0.00000000099999999981 0.00000000099999999981 0.00000000099999999981 
0.00000000099999999981 0.00000000099999999981 0.00000000099999999981 0.00000000099999999981 0.99999999599999989108 
0.00000000099999999993 0.54616215509289534058 0.45383784190710457773 0.00000000099999999993 0.00000000099999999993 
0.99999999600000011313 0.00000000099999999987 0.00000000099999999987 0.00000000099999999987 0.00000000099999999987 
0.00000000099999999994 0.00000000099999999994 0.00000000099999999994 0.99999999599999989108 0.00000000099999999994 
0.00000000099999999995 0.14253072457535909123 0.00000000099999999995 0.70055726084653613395 0.15691201257810483138 
0.00000000099999999988 0.22666141466416983574 0.00000000099999999988 0.00000000099999999988 0.77333858233583019359 
0.00000000099999999995 0.00000000099999999995 0.00000000099999999995 0.18836566521237607663 0.81163433178762389719 
0.00000000099999999995 0.00000000099999999995 0.00000000099999999995 0.99999999600000000211 0.00000000099999999995 
0.00000000099999999995 0.54164126677141199995 0.34764482339640018216 0.00000000099999999995 0.11071390783218786058 
0.00000000099999999997 0.00000000099999999997 0.00000000099999999997 0.99999999600000000211 0.00000000099999999997 
0.00000000099999999987 0.00000000099999999987 0.00000000099999999987 0.00000000099999999987 0.99999999600000000211 
0.00000000099999999990 0.44173382973995406475 0.55826616726004585356 0.00000000099999999990 0.00000000099999999990 
0.00000000099999999996 0.00000000099999999996 0.00000000099999999996 0.76595691662660203569 0.23404308037339799364 
0.00000000099999999996 0.00000000099999999996 0.00000000099999999996 0.73977103511752828613 0.26022896188247168769 
0.99999999600000000211 0.00000000099999999990 0.00000000099999999990 0.00000000099999999990 0.00000000099999999990 
0.99999999600000011313 0.00000000099999999976 0.00000000099999999976 0.00000000099999999976 0.00000000099999999976 
0.11662660196742076490 0.00000000099999999999 0.16670318193683808516 0.71667021409574105384 0.00000000099999999999 
0.00000000099999999991 0.31219878652857624424 0.68780121047142384061 0.00000000099999999991 0.00000000099999999991 
0.00000000099999999998 0.17976522202681066709 0.00000040276506859301 0.62108121975011476579 0.19915315445800599314 
0.00000000099999999998 0.00000000099999999998 0.25819546202242688038 0.21474691358302985811 0.52705762239454323481 
0.00000000099999999998 0.31049005274737040416 0.14018650245002980959 0.54932344280259970404 0.00000000099999999998 
0.15072176543433299378 0.79998764035613512124 0.00000000099999999994 0.00000000099999999994 0.04929059220953199011 
0.00000000099999999990 0.99999999600000000211 0.00000000099999999990 0.00000000099999999990 0.00000000099999999990 
0.06347170801547805108 0.18526193218056169476 0.75126635780396033848 0.00000000099999999998 0.00000000099999999998 
0.09251291532832051079 0.00000000099999999996 0.00000000099999999996 0.61556981434036628364 0.29191726833131331764 
0.27757462173409019890 0.37205636569180544626 0.25127485500261126372 0.09909415657149299450 0.00000000099999999997 
0.00000000099999999999 0.41266049235365981351 0.40646096925778119058 0.11040928119011338138 0.07046925619844562894 
0.00000000099999999990 0.61183097478280212833 0.38816902221719778998 0.00000000099999999990 0.00000000099999999990 
0.00000000099999999983 0.99999999600000011313 0.00000000099999999983 0.00000000099999999983 0.00000000099999999983 
0.06157603240227402241 0.23797784213332437431 0.70044612346440149331 0.00000000099999999995 0.00000000099999999995 
0.00000000099999999998 0.00000000099999999998 0.00000000099999999998 0.28229811955159334058 0.71770187744840674426 
0.03523512429393526463 0.27178203337023743025 0.69298284033582746577 0.00000000099999999990 0.00000000099999999990 
0.00000000099999999994 0.73509630949908211228 0.26490368750091786154 0.00000000099999999994 0.00000000099999999994 
0.00000000099999999996 0.00000000099999999996 0.00000000099999999996 0.81438605487261550575 0.18561394212738452358 
0.00000000099999999999 0.20810921005535751305 0.01153243587382870444 0.78035835207081372111 0.00000000099999999999 
0.05462107879439700997 0.32934095481220437840 0.00000000099999999999 0.35134643208292226646 0.26469153331047623467 
0.00000000099999999999 0.05150377025388804680 0.00000000099999999999 0.60791478495151518580 0.34058144279459673376 
0.10984430088854650609 0.65993019225582238985 0.13712655505029658354 0.00000000099999999999 0.09309895080533460432 
0.19815228631893627709 0.79383464978442752624 0.00801306189663632956 0.00000000099999999996 0.00000000099999999996 
0.00000000099999999995 0.19604277749551490828 0.00000000099999999995 0.80395721950448495452 0.00000000099999999995 
0.10208349969642462052 0.00000000099999999997 0.89791649730357525616 0.00000000099999999997 0.00000000099999999997 
0.24752226491597931202 0.75247773208402068956 0.00000000099999999995 0.00000000099999999995 0.00000000099999999995 
0.00000000099999999997 0.36792173896365382157 0.59455080142354299610 0.00000000099999999997 0.03752745761280311398 
0.00000000099999999998 0.79196353834687649442 0.13676317525388406726 0.00000000099999999998 0.07127328439923948100 
0.00000000099999999990 0.99999999600000000211 0.00000000099999999990 0.00000000099999999990 0.00000000099999999990 
0.00000000099999999995 0.24221118168152094841 0.00000000099999999995 0.29888519899608684272 0.45890361732239226544 
0.00000000099999999998 0.00000000099999999998 0.13237964460239501352 0.64472914258725655401 0.22289121081034846128 
0.00000000099999999994 0.61818816031905232666 0.38181183668094775818 0.00000000099999999994 0.00000000099999999994 
0.00000000099999999991 0.00000000099999999991 0.12191021671750165711 0.87808978028249839998 0.00000000099999999991 
0.99999999600000000211 0.00000000099999999986 0.00000000099999999986 0.00000000099999999986 0.00000000099999999986 
0.00000000099999999995 0.24826112698088298458 0.75173887001911710026 0.00000000099999999995 0.00000000099999999995 
0.88084085603485939853 0.00000000099999999997 0.11915914096514060305 0.00000000099999999997 0.00000000099999999997 
0.00000000099999999994 0.40438878819253459840 0.59561120880746543094 0.00000000099999999994 0.00000000099999999994 
0.00000000099999999989 0.00000000099999999989 0.00000000099999999989 0.00000000099999999989 0.99999999599999989108 
0.61074416077866389152 0.38925580542228283010 0.00000003179905326992 0.00000000099999999998 0.00000000099999999998 
0.81462265818577650478 0.07058800972909043403 0.11478933008513317326 0.00000000099999999998 0.00000000099999999998 
0.01465884841897682755 0.98534114858102328505 0.00000000099999999996 0.00000000099999999996 0.00000000099999999996 
0.99999999600000011313 0.00000000099999999993 0.00000000099999999993 0.00000000099999999993 0.00000000099999999993 
0.00000000099999999993 0.48911927452971637464 0.51088072247028359918 0.00000000099999999993 0.00000000099999999993 
0.00000000099999999997 0.00000000099999999997 0.00000000099999999997 0.75376477675356223784 0.24623522024643787476 
0.72623496400347786750 0.00000000099999999992 0.27376503299652221735 0.00000000099999999992 0.00000000099999999992 
0.07295841535326703930 0.48749317887139798078 0.30897096724893441388 0.13057743752640063595 0.00000000099999999998 
0.01373612357841197396 0.00000000099999999993 0.00000000099999999993 0.00000000099999999993 0.98626387342158805538 
0.85974603926628678785 0.00000000099999999996 0.00000000099999999996 0.14025395773371315822 0.00000000099999999996 
0.00000000099999999991 0.99999999600000000211 0.00000000099999999991 0.00000000099999999991 0.00000000099999999991 
0.95525729286005944818 0.00000000099999999995 0.04474270413994053258 0.00000000099999999995 0.00000000099999999995 
0.80840055286671808066 0.00000000099999999992 0.19159944413328200419 0.00000000099999999992 0.00000000099999999992 
0.14177276750442374675 0.00000000099999999995 0.00000000099999999995 0.85822722949557617156 0.00000000099999999995 
0.00000000099999999999 0.10534650842015956529 0.00000488388503975919 0.31800077081354710673 0.57664783588125356761 
0.81958179500547567731 0.00000000099999999997 0.00000000099999999997 0.00000000099999999997 0.18041820199452449081 
0.28568178624587914349 0.71431821075412083033 0.00000000099999999996 0.00000000099999999996 0.00000000099999999996 
0.00000000099999999993 0.99999999600000000211 0.00000000099999999993 0.00000000099999999993 0.00000000099999999993 
0.00000000099999999995 0.09375949665766618313 0.00000000099999999995 0.90624050034233372131 0.00000000099999999995 
0.00042685441706747588 0.81428229320330702823 0.00000000099999999999 0.18529085037962542137 0.00000000099999999999 
0.05532826344345841141 0.26624075935265179016 0.67843097520388973010 0.00000000099999999997 0.00000000099999999997 
0.08991688550301722704 0.70753400534042854009 0.20254910715655419229 0.00000000099999999995 0.00000000099999999995 
0.13837934733518944541 0.44398457078696124123 0.38468674646146816531 0.03294933441638128041 0.00000000099999999999 
0.24280925298021660552 0.26304916995400551283 0.49414157506577804924 0.00000000099999999996 0.00000000099999999996 
0.00000000099999999995 0.99999999600000011313 0.00000000099999999995 0.00000000099999999995 0.00000000099999999995 
0.00000000099999999997 0.00000000099999999997 0.11497359222206092466 0.88502640477793914631 0.00000000099999999997 
0.00000000099999999999 0.39222206140221282933 0.35572732032602205621 0.23333059671469250085 0.01872002055707257945 
0.99999999600000000211 0.00000000099999999993 0.00000000099999999993 0.00000000099999999993 0.00000000099999999993 
0.00000052384265619779 0.30591477542525513655 0.00000000100000000000 0.35608945788603879601 0.33799524184604984312 
0.00000000099999999997 0.00000000099999999997 0.00000000099999999997 0.94496138766275683540 0.05503860933724320781 
0.71605415491196500177 0.00000000099999999996 0.28394584208803508307 0.00000000099999999996 0.00000000099999999996 
0.99999999600000000211 0.00000000099999999995 0.00000000099999999995 0.00000000099999999995 0.00000000099999999995 
0.00693811848398862615 0.11210149317621259657 0.10317723663789714339 0.51724511465844347224 0.26053803704345823711 
0.00000000099999999995 0.35332240591133090568 0.64667759108866906814 0.00000000099999999995 0.00000000099999999995 
0.00000000099999999991 0.99999999600000011313 0.00000000099999999991 0.00000000099999999991 0.00000000099999999991 
0.13403989621542541921 0.15979523446553151045 0.00000000099999999998 0.27900370003904079175 0.42716116828000227912 
0.00000000099999999992 0.99999999600000011313 0.00000000099999999992 0.00000000099999999992 0.00000000099999999992 
0.00000000099999999993 0.00000000099999999993 0.39446210263555631093 0.12995234302289057626 0.47558555234155330815 
0.00032099488811989957 0.35529442828208790406 0.29122782664275242981 0.00000000100000000000 0.35315674918703982010 
0.00000000099999999995 0.99999999600000000211 0.00000000099999999995 0.00000000099999999995 0.00000000099999999995 
0.81603506935357827956 0.00000000099999999994 0.18396492764642169426 0.00000000099999999994 0.00000000099999999994 
0.00000000099999999994 0.78990426871976748835 0.21009572828023254099 0.00000000099999999994 0.00000000099999999994 
0.34547162018531607508 0.10089709529228502172 0.55363128252239901528 0.00000000099999999998 0.00000000099999999998 
0.08159734633900846135 0.40376050379072642160 0.22716695867202152392 0.16023587748921913620 0.12723931370902449856 
0.99999999600000011313 0.00000000099999999993 0.00000000099999999993 0.00000000099999999993 0.00000000099999999993 
0.07565535102280269986 0.77695335383214192415 0.00000000099999999997 0.00000000099999999997 0.14739129314505555746 
0.00000000099999999998 0.74356565482744652051 0.25643433702373485961 0.00000000099999999998 0.00000000614881874349 
0.00000000099999999998 0.66246779540477729320 0.12957934525486047850 0.00000000099999999998 0.20795285734036222935 
0.00000000099999999995 0.99999999600000011313 0.00000000099999999995 0.00000000099999999995 0.00000000099999999995 
0.00000000099999999995 0.77739374655455539820 0.22260625044544465889 0.00000000099999999995 0.00000000099999999995 
0.99999999600000000211 0.00000000099999999992 0.00000000099999999992 0.00000000099999999992 0.00000000099999999992 
0.41288775826166068672 0.01160577716654584944 0.09107538971403374151 0.48443107287287689999 0.00000000198488283026 
0.00000000099999999995 0.99999999600000011313 0.00000000099999999995 0.00000000099999999995 0.00000000099999999995 
0.00000000099999999999 0.34374267868159785744 0.65625730994575470767 0.00000000099999999999 0.00000000937264752882 
0.00000000099999999996 0.09231076364567358805 0.00000000099999999996 0.00000000099999999996 0.90768923335432638577 
0.32603027438588161324 0.00000000099999999998 0.00000000099999999998 0.15273828630010138907 0.52123143731401688772 
0.00000000099999999995 0.23656653957415976763 0.00000000099999999995 0.56550224568439477757 0.19793121274144545585 
0.00000000099999999991 0.99999999600000011313 0.00000000099999999991 0.00000000099999999991 0.00000000099999999991 
0.99999999600000011313 0.00000000099999999991 0.00000000099999999991 0.00000000099999999991 0.00000000099999999991 
0.00000000099999999997 0.00000000099999999997 0.00000000099999999997 0.54543890500707314928 0.45456109199292693557 
0.67285815408136506743 0.00000000099999999993 0.32714184291863490639 0.00000000099999999993 0.00000000099999999993 
0.00000000099999999992 0.91425782862097837445 0.00000000099999999992 0.00000000099999999992 0.08574216837902184918 
0.04254477892408838058 0.00000002224852115121 0.01692738412413823806 0.78412867731197366528 0.15639913739127853098 
0.00000000099999999998 0.51125685204872972633 0.48874314495127035851 0.00000000099999999998 0.00000000099999999998 
0.49818411621321112559 0.00000000099999999998 0.50181588078678884823 0.00000000099999999998 0.00000000099999999998 
0.00000000099999999994 0.99999999600000011313 0.00000000099999999994 0.00000000099999999994 0.00000000099999999994 
0.00000000099999999998 0.74676710058193473962 0.00000000099999999998 0.00000000099999999998 0.25323289641806528971 
0.00000000099999999998 0.00000000099999999998 0.40252742304229138792 0.59747257395770847488 0.00000000099999999998 
0.00000000099999999997 0.63851614999947869933 0.00000000099999999997 0.36148384700052127450 0.00000000099999999997 
0.99999999600000011313 0.00000000099999999994 0.00000000099999999994 0.00000000099999999994 0.00000000099999999994 
0.99999999600000000211 0.00000000099999999996 0.00000000099999999996 0.00000000099999999996 0.00000000099999999996 
0.99999999600000011313 0.00000000099999999994 0.00000000099999999994 0.00000000099999999994 0.00000000099999999994 
0.59744554702073959795 0.40255444997926048689 0.00000000099999999998 0.00000000099999999998 0.00000000099999999998 
0.00000000099999999997 0.00000000099999999997 0.22158531691505498062 0.41551309251706691761 0.36290158856787829711 
0.00000000099999999999 0.23574085743398970338 0.51290708674037999160 0.25135205382563019505 0.00000000099999999999 
0.62568358437046367460 0.00000000099999999998 0.15902173629886787176 0.21529467733066845470 0.00000000099999999998 
0.00000000099999999995 0.99999999600000000211 0.00000000099999999995 0.00000000099999999995 0.00000000099999999995 
0.99999999600000000211 0.00000000099999999996 0.00000000099999999996 0.00000000099999999996 0.00000000099999999996 
0.85704993940928164697 0.00000000099999999996 0.00000000099999999996 0.00000000099999999996 0.14295005759071849338 
0.00000000099999999998 0.00000000099999999998 0.00000105776016365321 0.99999893923983629307 0.00000000099999999998 
0.99999999600000011313 0.00000000099999999995 0.00000000099999999995 0.00000000099999999995 0.00000000099999999995 
0.01023897431797763172 0.00000000099999999998 0.00000000099999999998 0.77780897815507810122 0.21195204552694413280 
0.81223433704221448259 0.00000000099999999998 0.18776565995778546347 0.00000000099999999998 0.00000000099999999998 
0.00000000099999999997 0.00000000099999999997 0.00000000099999999997 0.28294948911525141799 0.71705050788474866685 
0.99999999600000011313 0.00000000099999999996 0.00000000099999999996 0.00000000099999999996 0.00000000099999999996 
0.00000000099999999999 0.11623105743844361348 0.00000000099999999999 0.35328709458990043002 0.53048184597165604082 
0.00000000099999999999 0.58962940903281446658 0.00000000099999999999 0.00000000099999999999 0.41037058796718567377 
0.70361834372451870223 0.00000000099999999998 0.29638165327548149364 0.00000000099999999998 0.00000000099999999998 
0.99999999600000000211 0.00000000099999999998 0.00000000099999999998 0.00000000099999999998 0.00000000099999999998 
0.99999999600000000211 0.00000000099999999992 0.00000000099999999992 0.00000000099999999992 0.00000000099999999992 
0.00000000099999999998 0.73926067599438993749 0.26073932100561003633 0.00000000099999999998 0.00000000099999999998 
0.99999999600000000211 0.00000000099999999995 0.00000000099999999995 0.00000000099999999995 0.00000000099999999995 
0.99999999600000000211 0.00000000099999999997 0.00000000099999999997 0.00000000099999999997 0.00000000099999999997 
0.99999999600000000211 0.00000000099999999997 0.00000000099999999997 0.00000000099999999997 0.00000000099999999997 
0.99999999600000000211 0.00000000099999999998 0.00000000099999999998 0.00000000099999999998 0.00000000099999999998 
0.00000000099999999998 0.08340813198037884402 0.00000000099999999998 0.91659186501962108817 0.00000000099999999998 
0.00000000099999999999 0.02071099535148385531 0.00308053443217195340 0.97620846821634410517 0.00000000099999999999 
0.48492934294748230029 0.00000015737076049856 0.51507049674343563517 0.00000000100000000000 0.00000000193832170636 
