0.00000000099999999973 0.99999999699999997382 0.00000000099999999973 0.00000000099999999973 
0.99999999700000008485 0.00000000099999999980 0.00000000099999999980 0.00000000099999999980 
0.99999999699999997382 0.00000000099999999977 0.00000000099999999977 0.00000000099999999977 
0.99999999699999997382 0.00000000099999999974 0.00000000099999999974 0.00000000099999999974 
0.99999999700000008485 0.00000000099999999983 0.00000000099999999983 0.00000000099999999983 
0.00000000099999999992 0.00000000099999999992 0.52210455459660443100 0.47789544340339562556 
0.00000000099999999994 0.00000000099999999994 0.02846292960737830530 0.97153706839262177208 
0.87927997410291625080 0.02926743461549210015 0.09145259028159168080 0.00000000099999999995 
0.99999999699999997382 0.00000000099999999987 0.00000000099999999987 0.00000000099999999987 
0.00000000099999999974 0.00000000099999999974 0.99999999699999997382 0.00000000099999999974 
0.99999999700000008485 0.00000000099999999975 0.00000000099999999975 0.00000000099999999975 
0.99999999699999997382 0.00000000099999999980 0.00000000099999999980 0.00000000099999999980 
0.99999999700000008485 0.00000000099999999977 0.00000000099999999977 0.00000000099999999977 
0.00000000099999999999 0.00000000099999999999 0.46920769595584976841 0.53079230204415017713 
0.99999999699999997382 0.00000000099999999989 0.00000000099999999989 0.00000000099999999989 
0.00000000099999999990 0.00000000099999999990 0.09760043904678797344 0.90239955895321199986 
0.99999999699999997382 0.00000000099999999989 0.00000000099999999989 0.00000000099999999989 
0.99999999700000008485 0.00000000099999999974 0.00000000099999999974 0.00000000099999999974 
0.00000000099999999994 0.00000000099999999994 0.03585963535723217521 0.96414036264276781196 
0.99999999699999997382 0.00000000099999999980 0.00000000099999999980 0.00000000099999999980 
0.99999999700000008485 0.00000000099999999982 0.00000000099999999982 0.00000000099999999982 
0.99999999700000008485 0.00000000099999999986 0.00000000099999999986 0.00000000099999999986 
0.00000000099999999993 0.00000000099999999993 0.24114690723402676387 0.75885309076597318168 
0.00000000099999999995 0.00000000099999999995 0.00154619679794905786 0.99845380120205085017 
0.92074060061719043002 0.07925939738280958491 0.00000000099999999995 0.00000000099999999995 
0.00000000099999999988 0.00000000099999999988 0.99999999699999997382 0.00000000099999999988 
0.99999999700000008485 0.00000000099999999982 0.00000000099999999982 0.00000000099999999982 
0.00000000099999999993 0.00000000099999999993 0.15191035562100765888 0.84808964237899242544 
0.99999999700000008485 0.00000000099999999990 0.00000000099999999990 0.00000000099999999990 
0.99999999700000008485 0.00000000099999999978 0.00000000099999999978 0.00000000099999999978 
0.00000000099999999988 0.99999999699999997382 0.00000000099999999988 0.00000000099999999988 
0.00000000099999999994 0.00000000099999999994 0.99999999699999986280 0.00000000099999999994 
0.10780855872465752721 0.00000000099999999999 0.21400736222237631834 0.67818407805296621049 
0.00000000099999999986 0.00000000099999999986 0.99999999699999997382 0.00000000099999999986 
0.02804871335692725454 0.00000000099999999998 0.04171670759754387420 0.93023457804552889261 
0.00000000099999999984 0.00000000099999999984 0.99999999699999997382 0.00000000099999999984 
0.08325772402001453687 0.00001486576865953498 0.60671901846940745617 0.31000839174191840986 
0.99999999700000008485 0.00000000099999999994 0.00000000099999999994 0.00000000099999999994 
0.00000000099999999999 0.07824162264263302691 0.09980971353762950471 0.82194866281973744115 
0.90869693065269563359 0.00000000099999999996 0.09130306734730442297 0.00000000099999999996 
0.99999999700000008485 0.00000000099999999985 0.00000000099999999985 0.00000000099999999985 
0.99999999699999997382 0.00000000099999999985 0.00000000099999999985 0.00000000099999999985 
0.95796631081430905219 0.01388304493364685664 0.00000000100000000000 0.02815064325204419057 
0.14899391118668250944 0.00000000099999999999 0.74083282412348849810 0.11017326368982903462 
0.00000000099999999999 0.04153876876793709261 0.74140739620630768947 0.21705383402575528784 
0.99999999699999997382 0.00000000099999999994 0.00000000099999999994 0.00000000099999999994 
0.00000000099999999997 0.07856416274752700546 0.00000000099999999997 0.92143583525247307886 
0.00000000099999999995 0.00000000099999999995 0.75194196947358371563 0.24805802852641620215 
0.00000000099999999998 0.04765621435482003676 0.00000000099999999998 0.95234378364518001980 
0.00000000099999999998 0.00000000099999999998 0.41032648688044370822 0.58967351111955623733 
0.99999999699999997382 0.00000000099999999989 0.00000000099999999989 0.00000000099999999989 
0.99999999699999997382 0.00000000099999999991 0.00000000099999999991 0.00000000099999999991 
0.00000000099999999992 0.00000000099999999992 0.99999999699999997382 0.00000000099999999992 
0.00000000099999999993 0.99999999699999997382 0.00000000099999999993 0.00000000099999999993 
0.00000000099999999993 0.00000000099999999993 0.00000000099999999993 0.99999999699999997382 
0.00000000099999999992 0.99999999699999997382 0.00000000099999999992 0.00000000099999999992 
0.00000000099999999988 0.00000000099999999988 0.99999999699999997382 0.00000000099999999988 
0.06146014913282724090 0.00000000099999999999 0.48179582967056955312 0.45674402019660326202 
0.99899394767506388693 0.00100605032493617181 0.00000000099999999993 0.00000000099999999993 
0.00000000099999999997 0.00000000099999999997 0.90554155943214198476 0.09445843856785794690 
0.00000000099999999984 0.00000000099999999984 0.99999999699999986280 0.00000000099999999984 
0.99999999699999997382 0.00000000099999999988 0.00000000099999999988 0.00000000099999999988 
0.00000000099999999999 0.04328113024048507035 0.42958314289471355440 0.52713572586480139659 
0.00000000099999999996 0.00000000099999999996 0.18653432489104715408 0.81346567310895279146 
0.00000000099999999994 0.10856370764960045217 0.89143629035039961828 0.00000000099999999994 
0.99999999700000008485 0.00000000099999999993 0.00000000099999999993 0.00000000099999999993 
0.00000000099999999995 0.89466855610641948804 0.10533144189358042975 0.00000000099999999995 
0.00000000099999999988 0.99999999700000008485 0.00000000099999999988 0.00000000099999999988 
0.00000000099999999990 0.00000000099999999990 0.99999999699999986280 0.00000000099999999990 
0.00000000099999999993 0.00000000099999999993 0.99999999699999986280 0.00000000099999999993 
0.99999999442263165506 0.00000000099999999992 0.00000000099999999992 0.00000000357736834538 
0.87598400986855207151 0.12401598813144805444 0.00000000099999999997 0.00000000099999999997 
0.94605832995184846457 0.00000000099999999995 0.00000000099999999995 0.05394166804815150873 
0.00000000099999999995 0.04635495297915802337 0.95364504502084190829 0.00000000099999999995 
0.00000000099999999996 0.00000000099999999996 0.76185093099577216869 0.23814906700422780461 
0.00000000099999999985 0.00000000099999999985 0.99999999699999986280 0.00000000099999999985 
0.94464376475634992403 0.00511971512336649621 0.05023651912028348487 0.00000000100000000000 
0.00000000099999999986 0.99999999699999997382 0.00000000099999999986 0.00000000099999999986 
0.00000000099999999986 0.00000000099999999986 0.99999999699999986280 0.00000000099999999986 
0.99999999700000008485 0.00000000099999999994 0.00000000099999999994 0.00000000099999999994 
0.00000000099999999990 0.99999999699999997382 0.00000000099999999990 0.00000000099999999990 
0.00000000099999999996 0.00000000099999999996 0.00000000099999999996 0.99999999699999997382 
0.07156683791666118566 0.00000000099999999997 0.19664450884384063190 0.73178865223949818297 
0.00000000099999999994 0.00000000099999999994 0.99999999699999986280 0.00000000099999999994 
0.00000000099999999996 0.00000000099999999996 0.80427558398168141895 0.19572441401831847108 
0.00000000099999999996 0.00000000099999999996 0.00000000099999999996 0.99999999700000008485 
0.80500304804998079611 0.00000000099999999995 0.19499694995001914943 0.00000000099999999995 
0.00000000099999999997 0.00000000099999999997 0.00000000099999999997 0.99999999699999997382 
0.00000000099999999990 0.00000000099999999990 0.99999999699999997382 0.00000000099999999990 
0.99999999700000008485 0.00000000099999999990 0.00000000099999999990 0.00000000099999999990 
0.00000000099999999997 0.00000000099999999997 0.22262110214678920705 0.77737889585321073849 
0.00000000099999999997 0.00000000099999999997 0.24886609006954163448 0.75113390793045842209 
0.00000000099999999991 0.99999999699999997382 0.00000000099999999991 0.00000000099999999991 
0.00000000099999999984 0.99999999700000008485 0.00000000099999999984 0.00000000099999999984 
0.13060270278374391806 0.09495616736987975981 0.00000000099999999999 0.77444112884637628103 
0.99999999699999997382 0.00000000099999999991 0.00000000099999999991 0.00000000099999999991 
0.15948702089974794993 0.00000000099999999998 0.25214393285630898323 0.58836904524394295635 
0.13388846492318770554 0.00000000099999999999 0.42812295076505457736 0.43798858331175771763 
0.40931826819676231377 0.01098129313448679284 0.00000000099999999999 0.57970043766875090085 
0.50990143724292169569 0.35780110596439440585 0.13229745579268403777 0.00000000099999999999 
0.82911545037333511665 0.00000000099999999997 0.17088454762666502318 0.00000000099999999997 
0.99999999700000008485 0.00000000099999999998 0.00000000099999999998 0.00000000099999999998 
0.00000000099999999998 0.05248446692469881103 0.31667572890748740821 0.63083980316781385067 
0.57750485852100175155 0.32856088842830516450 0.00000000099999999997 0.09393425205069309836 
0.81442409432649709444 0.00000000099999999999 0.07335267238233286746 0.11222323229116999699 
0.99999999699999997382 0.00000000099999999993 0.00000000099999999993 0.00000000099999999993 
0.83787366475184688053 0.00000000099999999997 0.16212633324815320379 0.00000000099999999997 
0.95082943941435427160 0.04917055858564577109 0.00000000099999999995 0.00000000099999999995 
0.00000000099999999998 0.00000000099999999998 0.69612599069102221172 0.30387400730897778933 
0.96486054930845521760 0.03513944869154470713 0.00000000099999999990 0.00000000099999999990 
0.97221486772419885014 0.00000000099999999998 0.00005150160883505280 0.02773362966696616208 
0.00000000099999999997 0.00000000099999999997 0.19044894082002261637 0.80955105717997755121 
0.16744808477035266758 0.00000000099999999999 0.11240823745930413058 0.72014367677034318849 
0.19663705452044183408 0.08192588733267783252 0.36135622343364598441 0.36008083471323443225 
0.04111275955069864513 0.00000000100000000000 0.35403959690719366549 0.60484764254210765522 
0.58324197602847793753 0.18001251371245899358 0.23674550925906295840 0.00000000099999999998 
0.82589562303255092957 0.17410437496744909924 0.00000000099999999996 0.00000000099999999996 
0.00000010689974893223 0.00365373192357004370 0.00104829447760309028 0.99529786669907782670 
0.85232891610164174256 0.14767108189835831400 0.00000000099999999998 0.00000000099999999998 
0.77335318984865397685 0.22664680815134596870 0.00000000099999999997 0.00000000099999999997 
0.96976732618780892015 0.00000000099999999997 0.03023267181219096295 0.00000000099999999997 
0.80199634955447118845 0.00000000099999999997 0.19800364844552886812 0.00000000099999999997 
0.70684668462664701494 0.29315331337335304163 0.00000000099999999997 0.00000000099999999997 
0.00000000099999999998 0.00000000099999999998 0.74222327234439666732 0.25777672565560316720 
0.01494235821807161912 0.00000000100000000000 0.20977185894100444652 0.77528578184092400427 
0.99999999700000008485 0.00000000099999999994 0.00000000099999999994 0.00000000099999999994 
0.00000000099999999993 0.00000000099999999993 0.00000000099999999993 0.99999999700000008485 
0.00000000099999999988 0.99999999699999997382 0.00000000099999999988 0.00000000099999999988 
0.99999999699999997382 0.00000000099999999994 0.00000000099999999994 0.00000000099999999994 
0.00000000099999999999 0.85563666395466630998 0.00000000099999999999 0.14436333404533371882 
0.99999999699999997382 0.00000000099999999993 0.00000000099999999993 0.00000000099999999993 
0.00000000099999999992 0.00000000099999999992 0.99999999699999986280 0.00000000099999999992 
0.21645444312460673797 0.78354555487539323533 0.00000000099999999999 0.00000000099999999999 
0.17275372502720584555 0.82724627178693677099 0.00000000218585728744 0.00000000099999999998 
0.80991980099744376176 0.04006720080696819786 0.15001299719558811030 0.00000000099999999998 
0.00000000099999999995 0.99999999699999997382 0.00000000099999999995 0.00000000099999999995 
0.99999999700000008485 0.00000000099999999994 0.00000000099999999994 0.00000000099999999994 
0.00000000099999999998 0.00000000099999999998 0.17214620657750656640 0.82785379142249349016 
0.00000000099999999995 0.99932932693967513327 0.00000000099999999995 0.00067067106032497837 
0.85069836845923541002 0.11625522083965021680 0.00000000099999999999 0.03304640970111436676 
0.00000000099999999995 0.00055725064581603815 0.99944274735418381361 0.00000000099999999995 
0.00000000099999999997 0.89509879289895433185 0.00000000099999999997 0.10490120510104578022 
0.54400956756399376779 0.39492942691665317012 0.06106100451935294465 0.00000000099999999997 
0.00000000099999999995 0.99999999699999997382 0.00000000099999999995 0.00000000099999999995 
0.00000000099999999994 0.99999999700000008485 0.00000000099999999994 0.00000000099999999994 
0.00000000099999999997 0.12133186246530611174 0.00000000099999999997 0.87866813553469402809 
0.05907453675184829583 0.00000000099999999999 0.64261678615035267015 0.29830867609779920802 
0.00000000099999999998 0.84239927993305474541 0.15760071806694520014 0.00000000099999999998 
0.66670925190709207087 0.33329074609290798570 0.00000000099999999998 0.00000000099999999998 
0.86745473503005021687 0.05615729177524112631 0.07638797219470856714 0.00000000099999999999 
0.00000417875578246307 0.00000000099999999997 0.00000000099999999997 0.99999581924421743206 
0.64859104850689686117 0.08512570211077760685 0.26628324838232564353 0.00000000100000000000 
0.95559714722765609629 0.04440285077234401578 0.00000000099999999997 0.00000000099999999997 
0.82708689777733779280 0.17291310022266218049 0.00000000099999999996 0.00000000099999999996 
0.85247358758134406109 0.11593652549924091111 0.00000000099999999999 0.03158988591941502833 
0.82793153307191247325 0.17206846492808755555 0.00000000099999999996 0.00000000099999999996 
0.92448888964196107576 0.00000000099999999997 0.07551110835803880039 0.00000000099999999997 
0.00000000099999999998 0.00000000099999999998 0.00000000099999999998 0.99999999700000008485 
0.70463127193677099758 0.00000000099999999999 0.02780828827276081786 0.26756043879046831346 
0.00000000099999999995 0.99999999700000008485 0.00000000099999999995 0.00000000099999999995 
0.22269521171769732226 0.00000000100000000000 0.44248287170389999368 0.33482191557840274010 
0.00000000099999999997 0.00000000099999999997 0.05744086151494583181 0.94255913648505407210 
0.00000000846266752666 0.99999998953733248985 0.00000000099999999997 0.00000000099999999997 
0.00000000099999999996 0.99999999700000008485 0.00000000099999999996 0.00000000099999999996 
0.21787858197713128039 0.00000092195244419889 0.25613153368112528963 0.52598896238929937486 
0.99999999699999997382 0.00000000099999999994 0.00000000099999999994 0.00000000099999999994 
0.50932510804099118129 0.00000000099999999998 0.49067488995900876425 0.00000000099999999998 
0.00000000099999999999 0.14343300203764672296 0.62871273078032141601 0.22785426618203180604 
0.86173767690496816396 0.12514900787780716684 0.01311331421722461421 0.00000000099999999999 
0.15513646967902333662 0.00000000099999999997 0.33342623755177175360 0.51143729176920493806 
0.58130709366830735085 0.00000000099999999999 0.41869290433169259469 0.00000000099999999999 
0.93941827124349441824 0.00000000099999999998 0.00000000099999999998 0.06058172675650557587 
0.09040853943200166665 0.90959145856799827889 0.00000000099999999995 0.00000000099999999995 
0.99999999700000008485 0.00000000099999999995 0.00000000099999999995 0.00000000099999999995 
0.84475266907536872285 0.15524732892463122269 0.00000000099999999998 0.00000000099999999998 
0.54806145111595294672 0.15983378410571399963 0.13435029169667636606 0.15775447308165663207 
0.00000000099999999994 0.99999999700000008485 0.00000000099999999994 0.00000000099999999994 
0.39629120714604193498 0.19750780332371722925 0.40620098853024078078 0.00000000099999999999 
0.82922393796414173295 0.00000000099999999999 0.17077606003585829586 0.00000000099999999999 
0.66113955419775904954 0.00000000099999999997 0.33886044380224089601 0.00000000099999999997 
0.92359151201314548807 0.07640848598685459625 0.00000000099999999998 0.00000000099999999998 
0.99999999699999997382 0.00000000099999999995 0.00000000099999999995 0.00000000099999999995 
0.00000000099999999995 0.99999999699999997382 0.00000000099999999995 0.00000000099999999995 
0.00000369969915009818 0.44466674605417561006 0.05955353642499145589 0.49577601782168273514 
0.99984847257091880035 0.00015152542908108084 0.00000000099999999998 0.00000000099999999998 
0.91346056370648864853 0.00000000099999999999 0.08653943429351138028 0.00000000099999999999 
0.06904106668403647840 0.00000000099999999998 0.93095893131596341163 0.00000000099999999998 
0.00000000099999999999 0.31686360428606491491 0.59169646809489406802 0.09143992661904100372 
0.00000000099999999997 0.00000000099999999997 0.35987934779985675249 0.64012065020014319305 
0.62986121904480729672 0.16741393049409822313 0.20272484946109450843 0.00000000099999999998 
0.00000000099999999993 0.99999999699999997382 0.00000000099999999993 0.00000000099999999993 
0.00000000099999999998 0.00000000099999999998 0.46438557044399569884 0.53561442755600430221 
0.00000000099999999995 0.99999999699999997382 0.00000000099999999995 0.00000000099999999995 
0.44764094803331772043 0.01368004323853839500 0.53867900772814392152 0.00000000099999999998 
0.00000000099999999999 0.00000000099999999999 0.14501111411925551864 0.85498888388074434364 
0.99999999699999997382 0.00000000099999999998 0.00000000099999999998 0.00000000099999999998 
0.00000000099999999999 0.44286447054776062471 0.00000000099999999999 0.55713552745223926532 
0.96353708235674417892 0.03646291564325583601 0.00000000099999999997 0.00000000099999999997 
0.51544962642270486519 0.00000000100000000000 0.44706943711025892707 0.03748093546703624990 
0.13291297840081894854 0.00000000099999999998 0.00000000099999999998 0.86708701959918110802 
0.00000000100000000000 0.23925159646988242157 0.54634001609991278414 0.21440838643020493359 
0.00000000099999999996 0.99999999699999997382 0.00000000099999999996 0.00000000099999999996 
0.00000000099999999996 0.99999999700000008485 0.00000000099999999996 0.00000000099999999996 
0.00000000099999999996 0.99999999700000008485 0.00000000099999999996 0.00000000099999999996 
0.00000000099999999999 0.99999999699999997382 0.00000000099999999999 0.00000000099999999999 
0.17338278803996395872 0.00000000100000000000 0.09643308816601856015 0.73018412279401745391 
0.73605165438893160879 0.00000000099999999999 0.00000000099999999999 0.26394834361106855880 
0.00000000099999999999 0.70056069795480313545 0.00000000099999999999 0.29943930004519703214 
0.99999999699999997382 0.00000000099999999998 0.00000000099999999998 0.00000000099999999998 
0.00000000099999999997 0.99999999700000008485 0.00000000099999999997 0.00000000099999999997 
0.00000000099999999997 0.83529355634443036571 0.16470644165556955207 0.00000000099999999997 
0.00000000099999999998 0.00000000099999999998 0.00000000099999999998 0.99999999699999997382 
0.00000000099999999996 0.99999999700000008485 0.00000000099999999996 0.00000000099999999996 
0.00000000099999999999 0.00025527130323236099 0.21762348357859656600 0.78212124411817118830 
0.00000343400575454343 0.99999656399424541320 0.00000000099999999998 0.00000000099999999998 
0.00000000099999999998 0.00000000099999999998 0.73198056792248489266 0.26801943007751510839 
0.00000000099999999997 0.99999999699999997382 0.00000000099999999997 0.00000000099999999997 
0.00000022064297175508 0.00000000185066871102 0.61794306720715341807 0.38205671029920607040 
0.39676080166960864259 0.00007756600979864690 0.60316163132059275043 0.00000000100000000000 
0.31572862874820850632 0.63733712441116752156 0.04693424584062392407 0.00000000100000000000 
0.00000000099999999998 0.99999999699999997382 0.00000000099999999998 0.00000000099999999998 
0.00000000099999999995 0.99999999699999997382 0.00000000099999999995 0.00000000099999999995 
0.93394788786104654399 0.05367663483369612687 0.01237547630525739559 0.00000000100000000000 
0.00000000099999999996 0.99999999699999997382 0.00000000099999999996 0.00000000099999999996 
0.00000000099999999998 0.99999999700000008485 0.00000000099999999998 0.00000000099999999998 
0.00000000099999999999 0.99974931107545328413 0.00025068692454667318 0.00000000099999999999 
0.00000000099999999999 0.99530090139054816500 0.00468109892745244022 0.00001799868199940139 
0.06622036991076893364 0.00000000099999999999 0.01236190797095085454 0.92141772111828024183 
0.00000008054300991645 0.00000000099999999999 0.00000000099999999999 0.99999991745699001733 
0.65690951488209203823 0.31124981875336915627 0.03184066536453870888 0.00000000100000000000 
