0.00000000099999999927 0.00000000099999999927 0.99999999200000000421 0.00000000099999999927 0.00000000099999999927 0.00000000099999999927 0.00000000099999999927 0.00000000099999999927 0.00000000099999999927 
0.00000000099999999952 0.00000000099999999952 0.00000000099999999952 0.00000000099999999952 0.00000000099999999952 0.40113903960895130885 0.00000000099999999952 0.59886095339104861157 0.00000000099999999952 
0.00000000099999999895 0.00000000099999999895 0.00000000099999999895 0.00000000099999999895 0.00000000099999999895 0.00000000099999999895 0.00000000099999999895 0.00000000099999999895 0.99999999200000000421 
0.00000000099999999947 0.02180926874862158804 0.00000000099999999947 0.00000000099999999947 0.00000000099999999947 0.37917618750755560653 0.00000000099999999947 0.56510310566137966770 0.03391143308244303628 
0.00000000099999999954 0.00000000099999999954 0.00000000099999999954 0.00000000099999999954 0.00000000099999999954 0.39248328001632026840 0.00000000099999999954 0.60751671298367959650 0.00000000099999999954 
0.26904981954184559179 0.00000000099999999982 0.00000000099999999982 0.53350358581099666111 0.00000000099999999982 0.00000000099999999982 0.19744658864715777802 0.00000000099999999982 0.00000000099999999982 
0.28467044342428626802 0.00000000099999999986 0.00000000099999999986 0.01339299938439029829 0.00000000099999999986 0.05051888925566516697 0.65141766293565828150 0.00000000099999999986 0.00000000099999999986 
0.00000000099999999974 0.80023358974894065465 0.00000000099999999974 0.00000000099999999974 0.00000000099999999974 0.03333515227447871737 0.00000000099999999974 0.16643125197658076297 0.00000000099999999974 
0.00000000099999999924 0.00000000099999999924 0.00000000099999999924 0.00000000099999999924 0.00000000099999999924 0.00000000099999999924 0.00000000099999999924 0.00000000099999999924 0.99999999199999989319 
0.00000000099999999940 0.00000000099999999940 0.00000000099999999940 0.99999999200000000421 0.00000000099999999940 0.00000000099999999940 0.00000000099999999940 0.00000000099999999940 0.00000000099999999940 
0.00000000099999999956 0.01321610006490018911 0.00000000099999999956 0.00000000099999999956 0.00000000099999999956 0.06309476617962182787 0.00000000099999999956 0.60981237779580343972 0.31387675095967454419 
0.00000000099999999961 0.12145658992928239084 0.00000000099999999961 0.00000000099999999961 0.00000000099999999961 0.22241631167437270200 0.00000000099999999961 0.60187586912678492368 0.05425122426955984040 
0.00000000099999999955 0.07596919460467536911 0.00000000099999999955 0.00000000099999999955 0.00000000099999999955 0.25163171923396326912 0.00000000099999999955 0.67239908016136140656 0.00000000099999999955 
0.00000000099999999934 0.00000000099999999934 0.00000000099999999934 0.00000000099999999934 0.99999999200000000421 0.00000000099999999934 0.00000000099999999934 0.00000000099999999934 0.00000000099999999934 
0.00000000099999999967 0.50376255405732717207 0.00000000099999999967 0.00000000099999999967 0.00000000099999999967 0.09677151210709096507 0.00000000099999999967 0.00001042440180863271 0.39945550443377325633 
0.76514943130082402334 0.00000000099999999973 0.00000000099999999973 0.04322998626449702647 0.00000000099999999973 0.00000000099999999973 0.19162057643467911294 0.00000000099999999973 0.00000000099999999973 
0.00000000099999999974 0.00995116399962208548 0.01343904511511881741 0.00000000099999999974 0.00000000099999999974 0.32561122972446276957 0.00000000099999999974 0.65099855616079627119 0.00000000099999999974 
0.00000000099999999952 0.00000000099999999952 0.00000000099999999952 0.00000000099999999952 0.00000000099999999952 0.31957576828577916039 0.00000000099999999952 0.54871335268735399460 0.13171087302686673715 
0.33987551698802204170 0.00000000099999999986 0.00000000099999999986 0.00000000099999999986 0.10198734904469566875 0.00000000099999999986 0.55813712796728209842 0.00000000099999999986 0.00000000099999999986 
0.00000000099999999958 0.28608046115791146979 0.00000000099999999958 0.00000000099999999958 0.00000000099999999958 0.25620713059882377349 0.00000000099999999958 0.41504940639861892526 0.04266299684464572306 
0.00000000099999999966 0.00000000099999999966 0.00000000099999999966 0.00000000099999999966 0.00000000099999999966 0.26445683225489580170 0.00000000099999999966 0.45379598344456689718 0.28174717830053741530 
0.00000000099999999949 0.00000000099999999949 0.00000000099999999949 0.00000000099999999949 0.00000000099999999949 0.00000000099999999949 0.00000000099999999949 0.00000000099999999949 0.99999999199999989319 
0.81694494521012628319 0.00000000099999999974 0.00000000099999999974 0.18305504778987377601 0.00000000099999999974 0.00000000099999999974 0.00000000099999999974 0.00000000099999999974 0.00000000099999999974 
0.48192896867610507394 0.00000000099999999982 0.00000000099999999982 0.02672575033404315722 0.00000000099999999982 0.00000000099999999982 0.49134527498985169913 0.00000000099999999982 0.00000000099999999982 
0.00000000099999999978 0.06396440691590235539 0.00003849963817696815 0.00000000099999999978 0.00000000099999999978 0.22085130544463357771 0.00000000099999999978 0.13859091770625195372 0.57655486629503516216 
0.00000000099999999900 0.00000000099999999900 0.00000000099999999900 0.00000000099999999900 0.99999999200000000421 0.00000000099999999900 0.00000000099999999900 0.00000000099999999900 0.00000000099999999900 
0.00000000099999999964 0.12701986230487438689 0.00000000099999999964 0.00000000099999999964 0.00000000099999999964 0.17450535698160624110 0.00000000099999999964 0.42582043463553131968 0.27265434107798819374 
0.27867840535011390024 0.00000000099999999983 0.00000000099999999983 0.09122644682695398022 0.00000000099999999983 0.00000000099999999983 0.63009514182293202555 0.00000000099999999983 0.00000000099999999983 
0.00000000099999999978 0.03627194668566771640 0.00000000099999999978 0.00000000099999999978 0.00000000099999999978 0.30398566332540555290 0.00000000099999999978 0.65974238398892670610 0.00000000099999999978 
0.00000000099999999961 0.00000000099999999961 0.00000000099999999961 0.00000000099999999961 0.00000000099999999961 0.48205771711995426543 0.00000000099999999961 0.42465066980776783323 0.09329160707227789062 
0.00000000099999999959 0.00000000099999999959 0.77902660412720114991 0.00000000099999999959 0.00000000099999999959 0.22097338887279896480 0.00000000099999999959 0.00000000099999999959 0.00000000099999999959 
0.00000000099999999983 0.00000000099999999983 0.00000000099999999983 0.95881283980542009182 0.00000000099999999983 0.00000000099999999983 0.00000000099999999983 0.04118715319457991880 0.00000000099999999983 
0.12646891735935686385 0.00000000099999999987 0.00000000099999999987 0.15590447940043078434 0.00000000099999999987 0.17912131076127657536 0.53850528747893589010 0.00000000099999999987 0.00000000099999999987 
0.00000000099999999955 0.00000000099999999955 0.00000000099999999955 0.99999999200000000421 0.00000000099999999955 0.00000000099999999955 0.00000000099999999955 0.00000000099999999955 0.00000000099999999955 
0.65244963962590740714 0.02680676864347030647 0.00000000099999999995 0.00000000099999999995 0.06875893353055037571 0.00000000099999999995 0.22857355975971885287 0.00000000099999999995 0.02341109444035303216 
0.00000000099999999906 0.00000000099999999906 0.00000000099999999906 0.00000000099999999906 0.99999999200000011523 0.00000000099999999906 0.00000000099999999906 0.00000000099999999906 0.00000000099999999906 
0.14411854430778187064 0.04413748968970745978 0.00000000099999999996 0.39992573019808719259 0.25658741061806161765 0.05513708405592221418 0.10009373813043967449 0.00000000099999999996 0.00000000099999999996 
0.00000000099999999983 0.33809419346880209556 0.00000000099999999983 0.00000000099999999983 0.00000000099999999983 0.03833572020339596348 0.00000000099999999983 0.62357008032780170126 0.00000000099999999983 
0.27651754772026398976 0.00000000099999999990 0.00000000099999999990 0.07126183189298579412 0.00000000099999999990 0.15595826928124492672 0.49626234610550523652 0.00000000099999999990 0.00000000099999999990 
0.00000000099999999983 0.56949950251622472042 0.00000000099999999983 0.00000000099999999983 0.00000000099999999983 0.00000000099999999983 0.00000000099999999983 0.00000000099999999983 0.43050049048377553307 
0.00000000099999999970 0.05820242482710253490 0.00000000099999999970 0.00000000099999999970 0.00000000099999999970 0.00000000099999999970 0.00000000099999999970 0.51723335006365467326 0.42456421910924269092 
0.00000000099999999973 0.00000000099999999973 0.00000000099999999973 0.00000000099999999973 0.00000000099999999973 0.15421917203585530642 0.00000000099999999973 0.75402689382809107155 0.09175392813605355580 
0.00000000099999999973 0.17946940067619437942 0.00000000099999999973 0.00000000099999999973 0.00000000099999999973 0.82053059232380554100 0.00000000099999999973 0.00000000099999999973 0.00000000099999999973 
0.00000000099999999991 0.00000000099999999991 0.00000000099999999991 0.56915692224020708601 0.24115201745500000619 0.00000000099999999991 0.00000000099999999991 0.00000000099999999991 0.18969105430479302199 
0.00000000099999999938 0.00000000099999999938 0.00000000099999999938 0.00000000099999999938 0.99999999200000011523 0.00000000099999999938 0.00000000099999999938 0.00000000099999999938 0.00000000099999999938 
0.00000000099999999978 0.00000000099999999978 0.00000000099999999978 0.00000000099999999978 0.00000000099999999978 0.00000000099999999978 0.00000000099999999978 0.33941548163604506883 0.66058451136395501813 
0.80095231111202724872 0.00000000099999999989 0.09327979722926610373 0.02214311667195109287 0.00000000099999999989 0.00000000099999999989 0.08362476998675569262 0.00000000099999999989 0.00000000099999999989 
0.12757097926534854970 0.00000000099999999988 0.00000000099999999988 0.77505545600483893853 0.00000000099999999988 0.00963181777567527833 0.08774174195413718402 0.00000000099999999988 0.00000000099999999988 
0.33588598119332907510 0.00000000099999999992 0.00006452431570161404 0.00000000099999999992 0.21552033982711366056 0.00000000099999999992 0.44852914966385570850 0.00000000099999999992 0.00000000099999999992 
0.00000000099999999953 0.00000000099999999953 0.00000000099999999953 0.00000000099999999953 0.85295167905355828708 0.14704831394644174436 0.00000000099999999953 0.00000000099999999953 0.00000000099999999953 
0.00000000099999999951 0.00000000099999999951 0.00000000099999999951 0.00000000099999999951 0.00000000099999999951 0.00000000099999999951 0.00000000099999999951 0.00000000099999999951 0.99999999200000000421 
0.00000000099999999975 0.23325115593132203506 0.00000000099999999975 0.00000000099999999975 0.00000000099999999975 0.26696323797032983638 0.00000000099999999975 0.49978560009834804845 0.00000000099999999975 
0.00000000099999999974 0.00000000099999999974 0.00000000099999999974 0.99999999200000000421 0.00000000099999999974 0.00000000099999999974 0.00000000099999999974 0.00000000099999999974 0.00000000099999999974 
0.00000000099999999981 0.00000000099999999981 0.99999999200000011523 0.00000000099999999981 0.00000000099999999981 0.00000000099999999981 0.00000000099999999981 0.00000000099999999981 0.00000000099999999981 
0.60386723259119423624 0.00000000099999999985 0.00000000099999999985 0.00000000099999999985 0.00000000099999999985 0.00000000099999999985 0.39613276040880596174 0.00000000099999999985 0.00000000099999999985 
0.00000000099999999981 0.00000000099999999981 0.99999999200000000421 0.00000000099999999981 0.00000000099999999981 0.00000000099999999981 0.00000000099999999981 0.00000000099999999981 0.00000000099999999981 
0.00000000099999999961 0.00000000099999999961 0.00000000099999999961 0.99999999200000000421 0.00000000099999999961 0.00000000099999999961 0.00000000099999999961 0.00000000099999999961 0.00000000099999999961 
0.00000000099999999945 0.00000000099999999945 0.00000000099999999945 0.00000000099999999945 0.99999999200000000421 0.00000000099999999945 0.00000000099999999945 0.00000000099999999945 0.00000000099999999945 
0.00000000099999999978 0.31297313936585091643 0.00000000099999999978 0.00000000099999999978 0.00000000099999999978 0.00000000099999999978 0.00000000099999999978 0.58198208587560273930 0.10504476875854619478 
0.00000000099999999974 0.00000000099999999974 0.00000000099999999974 0.88758843363954120775 0.00000000099999999974 0.00000000099999999974 0.11241155936045872654 0.00000000099999999974 0.00000000099999999974 
0.00000000099999999959 0.00000000099999999959 0.00000000099999999959 0.99999999200000011523 0.00000000099999999959 0.00000000099999999959 0.00000000099999999959 0.00000000099999999959 0.00000000099999999959 
0.00000000099999999974 0.18009255950321473305 0.00000000099999999974 0.00000000099999999974 0.00000000099999999974 0.32158560880828712669 0.00000000099999999974 0.48560510809100670970 0.01271671859749143492 
0.40614308635554546845 0.00000000099999999995 0.01521605628066863627 0.37217062042649273756 0.00000000099999999995 0.00000000099999999995 0.18598171949008204806 0.02048851344721105278 0.00000000099999999995 
0.57021301651208511352 0.00000000099999999986 0.00000000099999999986 0.12868708620360264083 0.00000000099999999986 0.00000000099999999986 0.30109989128431235983 0.00000000099999999986 0.00000000099999999986 
0.00000000099999999984 0.00000000099999999984 0.10214096762201700652 0.77877331408166083904 0.07360271450039020114 0.04548299879593199063 0.00000000099999999984 0.00000000099999999984 0.00000000099999999984 
0.00000000099999999965 0.00000000099999999965 0.00000000099999999965 0.00000000099999999965 0.00000000099999999965 0.99999999200000000421 0.00000000099999999965 0.00000000099999999965 0.00000000099999999965 
0.00000000099999999984 0.00000000099999999984 0.99999999200000000421 0.00000000099999999984 0.00000000099999999984 0.00000000099999999984 0.00000000099999999984 0.00000000099999999984 0.00000000099999999984 
0.00000000099999999965 0.00000000099999999965 0.99999999200000011523 0.00000000099999999965 0.00000000099999999965 0.00000000099999999965 0.00000000099999999965 0.00000000099999999965 0.00000000099999999965 
0.00000000099999999975 0.00000000099999999975 0.00000000099999999975 0.99999999200000000421 0.00000000099999999975 0.00000000099999999975 0.00000000099999999975 0.00000000099999999975 0.00000000099999999975 
0.00000000099999999982 0.00000000099999999982 0.00000000099999999982 0.87330171160760217131 0.12669828139239786013 0.00000000099999999982 0.00000000099999999982 0.00000000099999999982 0.00000000099999999982 
0.00000000099999999951 0.00000000099999999951 0.00000000099999999951 0.00000000099999999951 0.00000000099999999951 0.99999999200000011523 0.00000000099999999951 0.00000000099999999951 0.00000000099999999951 
0.00000000099999999989 0.00000000099999999989 0.04822362000630311257 0.00000000099999999989 0.00000000099999999989 0.26321540586588743071 0.00000000099999999989 0.16846059313360564613 0.52010037599420377852 
0.00000000099999999989 0.16984661662535632809 0.00000000099999999989 0.00000000099999999989 0.00000000099999999989 0.24957179289564840330 0.04331930757240964186 0.18921415081714881845 0.34804812808943663693 
0.00000000099999999978 0.00000000099999999978 0.00000000099999999978 0.99999999200000000421 0.00000000099999999978 0.00000000099999999978 0.00000000099999999978 0.00000000099999999978 0.00000000099999999978 
0.29862966700620047211 0.00000000099999999983 0.00000000099999999983 0.70116197353313236551 0.00000000099999999983 0.00000000099999999983 0.00000000099999999983 0.00020835346066711872 0.00000000099999999983 
0.00000000099999999955 0.00000000099999999955 0.00000000099999999955 0.99999999200000000421 0.00000000099999999955 0.00000000099999999955 0.00000000099999999955 0.00000000099999999955 0.00000000099999999955 
0.00000000099999999994 0.13021160267963796664 0.00000000099999999994 0.00702310912228991131 0.00000000099999999994 0.50564973028461090987 0.00000000099999999994 0.35711555291346119834 0.00000000099999999994 
0.00000000099999999963 0.00000000099999999963 0.99999999200000011523 0.00000000099999999963 0.00000000099999999963 0.00000000099999999963 0.00000000099999999963 0.00000000099999999963 0.00000000099999999963 
0.00000000099999999962 0.00000000099999999962 0.00000000099999999962 0.99999999200000011523 0.00000000099999999962 0.00000000099999999962 0.00000000099999999962 0.00000000099999999962 0.00000000099999999962 
0.00000000099999999980 0.02863169199896839837 0.00000000099999999980 0.00000000099999999980 0.00000000099999999980 0.00000000099999999980 0.00000000099999999980 0.97136830100103155328 0.00000000099999999980 
0.00000000099999999975 0.00000000099999999975 0.99999999200000000421 0.00000000099999999975 0.00000000099999999975 0.00000000099999999975 0.00000000099999999975 0.00000000099999999975 0.00000000099999999975 
0.71473663107340035250 0.00000000099999999984 0.00000000099999999984 0.00000000099999999984 0.00000000099999999984 0.00000000099999999984 0.28526336192659978996 0.00000000099999999984 0.00000000099999999984 
0.00000000099999999979 0.00000000099999999979 0.00000000099999999979 0.00000000099999999979 0.00000000099999999979 0.00000000099999999979 0.99999999200000000421 0.00000000099999999979 0.00000000099999999979 
0.00000000099999999980 0.22770836232313676484 0.00000000099999999980 0.70218078494999225381 0.07011084672687102615 0.00000000099999999980 0.00000000099999999980 0.00000000099999999980 0.00000000099999999980 
0.00000000099999999987 0.00000000099999999987 0.00000000099999999987 0.85322588141393529426 0.00000000099999999987 0.00000000099999999987 0.14677411158606465391 0.00000000099999999987 0.00000000099999999987 
0.59260944854576491636 0.00000000099999999990 0.00000000099999999990 0.00000000099999999990 0.00000000099999999990 0.06341395297417551369 0.34397659248005968413 0.00000000099999999990 0.00000000099999999990 
0.00000000099999999985 0.15414839240685299093 0.00000000099999999985 0.23233480528099065276 0.00000000099999999985 0.28178577970189161439 0.00000000099999999985 0.33152146734259907435 0.00020955126766565089 
0.32528062679636127186 0.00000000099999999990 0.00000000099999999990 0.00000000099999999990 0.03117412872711308736 0.00000000099999999990 0.64354523847652556068 0.00000000099999999990 0.00000000099999999990 
0.00000000099999999974 0.00000000099999999974 0.00000000099999999974 0.99999999200000011523 0.00000000099999999974 0.00000000099999999974 0.00000000099999999974 0.00000000099999999974 0.00000000099999999974 
0.00000000099999999983 0.02639081669629323931 0.00000000099999999983 0.00000000099999999983 0.00000000099999999983 0.77431991457915427812 0.00000000099999999983 0.19928926272455235735 0.00000000099999999983 
0.19877312110960382308 0.00000000099999999987 0.00000000099999999987 0.18117484288923596525 0.00000000099999999987 0.00000000099999999987 0.62005203000116004830 0.00000000099999999987 0.00000000099999999987 
0.99999999200000022626 0.00000000099999999980 0.00000000099999999980 0.00000000099999999980 0.00000000099999999980 0.00000000099999999980 0.00000000099999999980 0.00000000099999999980 0.00000000099999999980 
0.00000000099999999979 0.00000000099999999979 0.99999999200000011523 0.00000000099999999979 0.00000000099999999979 0.00000000099999999979 0.00000000099999999979 0.00000000099999999979 0.00000000099999999979 
0.00000000099999999954 0.00000000099999999954 0.99999999200000000421 0.00000000099999999954 0.00000000099999999954 0.00000000099999999954 0.00000000099999999954 0.00000000099999999954 0.00000000099999999954 
0.78252214846520806724 0.00000000099999999993 0.12053413120896512567 0.00000000099999999993 0.00000000099999999993 0.00000000099999999993 0.00000000099999999993 0.00000000099999999993 0.09694371432582687964 
0.00000000099999999983 0.09972512929643063961 0.00000000099999999983 0.00000000099999999983 0.00000000099999999983 0.00000000099999999983 0.00000000099999999983 0.74900412585837528034 0.15127073884519423586 
0.72655549676216690802 0.20341580058049266166 0.00000000099999999989 0.07002869665734050286 0.00000000099999999989 0.00000000099999999989 0.00000000099999999989 0.00000000099999999989 0.00000000099999999989 
0.00000000099999999990 0.00000000099999999990 0.00000000099999999990 0.32905902902100642171 0.04251069297163787009 0.29743527519216561572 0.33099499781519015063 0.00000000099999999990 0.00000000099999999990 
0.14002723972472982950 0.28543385968095896787 0.00000000099999999995 0.00000000099999999995 0.00030185067954293087 0.06558193866851465270 0.35402900006644694164 0.00000000099999999995 0.15462610817980654287 
0.00000000099999999988 0.82885788663930126674 0.05578794104462687919 0.11535416631607188498 0.00000000099999999988 0.00000000099999999988 0.00000000099999999988 0.00000000099999999988 0.00000000099999999988 
0.00000000099999999991 0.33290598082967015614 0.00000000099999999991 0.19539662907957616733 0.00000000099999999991 0.00000000099999999991 0.00000000099999999991 0.22622558184372271173 0.24547180324703096743 
0.00000000099999999983 0.00000000099999999983 0.00000000099999999983 0.00000000099999999983 0.00000000099999999983 0.99999999200000000421 0.00000000099999999983 0.00000000099999999983 0.00000000099999999983 
0.34176357549024294347 0.00000000099999999990 0.13834496040428867492 0.00000000099999999990 0.30692770139334618618 0.00000000099999999990 0.21296375771212225358 0.00000000099999999990 0.00000000099999999990 
0.09575738294625135705 0.26744504049326833783 0.15008559433510471059 0.00000000099999999990 0.00000000099999999990 0.00000000099999999990 0.00000000099999999990 0.48671197722537556940 0.00000000099999999990 
0.04590630012013764694 0.00000000099999999993 0.00000000099999999993 0.00000000099999999993 0.12515261851829648232 0.00000000099999999993 0.00000000099999999993 0.00000000099999999993 0.82894107536156591554 
0.00000000099999999981 0.16304522301124615979 0.00000000099999999981 0.00000000099999999981 0.00000000099999999981 0.39422633141843577143 0.00000000099999999981 0.00000000099999999981 0.44272843957031798867 
0.00000000099999999977 0.99999999200000022626 0.00000000099999999977 0.00000000099999999977 0.00000000099999999977 0.00000000099999999977 0.00000000099999999977 0.00000000099999999977 0.00000000099999999977 
0.00000000099999999989 0.00000000099999999989 0.00000000099999999989 0.00000000099999999989 0.00000000099999999989 0.31387563239211230259 0.00000000099999999989 0.68612436060788750680 0.00000000099999999989 
0.18239559878759117884 0.00000000099999999995 0.00000000099999999995 0.66932095482575248990 0.00000000099999999995 0.02726446932153062455 0.04530981761200737756 0.00000000099999999995 0.07570915545311837636 
0.00000000099999999979 0.00000000099999999979 0.00000000099999999979 0.00000000099999999979 0.00000000099999999979 0.43217082402111928197 0.00000000099999999979 0.47478907417060317586 0.09304009580827746206 
0.00000000099999999987 0.29339858858537420927 0.00000000099999999987 0.00000000099999999987 0.00000000099999999987 0.13052786752633768752 0.00000000099999999987 0.09006865331794855489 0.48600488557033932890 
0.56635386136165311033 0.00000000099999999994 0.00000000099999999994 0.18625596733002544592 0.05903843932130969224 0.00000000099999999994 0.18835172698701188598 0.00000000099999999994 0.00000000099999999994 
0.18985111676725202612 0.00000000099999999994 0.00000000099999999994 0.00000000099999999994 0.00000000099999999994 0.26876837634122274778 0.54138050089152522926 0.00000000099999999994 0.00000000099999999994 
0.19102918123314610588 0.23947993146155530098 0.02710904981985384765 0.20543424249408270832 0.00000000099999999997 0.00000000099999999997 0.26016590324063576523 0.00000000099999999997 0.07678168875072641231 
0.99999999200000011523 0.00000000099999999980 0.00000000099999999980 0.00000000099999999980 0.00000000099999999980 0.00000000099999999980 0.00000000099999999980 0.00000000099999999980 0.00000000099999999980 
0.00000000099999999995 0.47809680400118309551 0.03703002537571296882 0.00000002567849209665 0.12187760442748366008 0.00000000099999999995 0.00000000099999999995 0.15254511905257536752 0.21045041846455270207 
0.00000000099999999983 0.91532827868668553695 0.08467171431331463327 0.00000000099999999983 0.00000000099999999983 0.00000000099999999983 0.00000000099999999983 0.00000000099999999983 0.00000000099999999983 
0.00000000099999999988 0.17775026423399162279 0.00000000099999999988 0.00000000099999999988 0.00000000099999999988 0.00000000099999999988 0.82224972876600832539 0.00000000099999999988 0.00000000099999999988 
0.00000000099999999981 0.00000000099999999981 0.00000000099999999981 0.00000000099999999981 0.00000000099999999981 0.99999999200000000421 0.00000000099999999981 0.00000000099999999981 0.00000000099999999981 
0.00000000099999999986 0.59238290659214587475 0.11801297117137678205 0.00000000099999999986 0.00000000099999999986 0.00000000099999999986 0.00000000099999999986 0.00000000099999999986 0.28960411623647752677 
0.00000000099999999991 0.00000000099999999991 0.00000000099999999991 0.00000000099999999991 0.02630386022413311320 0.08232851394527322675 0.06567573895603134870 0.45620385870766022585 0.36948802416690218475 
0.00000000099999999993 0.35161632531535513824 0.00000000099999999993 0.04786371345330973220 0.01543803265672087990 0.00000000099999999993 0.00000000099999999993 0.00000000099999999993 0.58508192357461419331 
0.00000000099999999977 0.99999999200000011523 0.00000000099999999977 0.00000000099999999977 0.00000000099999999977 0.00000000099999999977 0.00000000099999999977 0.00000000099999999977 0.00000000099999999977 
0.00000000099999999990 0.00000000099999999990 0.00000000099999999990 0.17343920442348043087 0.47932481812744320848 0.00000000099999999990 0.34723597144907636380 0.00000000099999999990 0.00000000099999999990 
0.53845319154619331048 0.00000000099999999996 0.00000000099999999996 0.11620733358604246055 0.08079074926002337287 0.14964080737115498243 0.11490791423658604231 0.00000000099999999996 0.00000000099999999996 
0.00000000099999999987 0.34532012505720710571 0.00000000099999999987 0.00000000099999999987 0.00000000099999999987 0.00000000099999999987 0.00000000099999999987 0.27969658605905067805 0.37498328288374210837 
0.99999999200000022626 0.00000000099999999978 0.00000000099999999978 0.00000000099999999978 0.00000000099999999978 0.00000000099999999978 0.00000000099999999978 0.00000000099999999978 0.00000000099999999978 
0.00000000099999999973 0.00000000099999999973 0.99999999200000011523 0.00000000099999999973 0.00000000099999999973 0.00000000099999999973 0.00000000099999999973 0.00000000099999999973 0.00000000099999999973 
0.00000000099999999980 0.00000000099999999980 0.00000000099999999980 0.00000000099999999980 0.00000000099999999980 0.00000000099999999980 0.00000000099999999980 0.99999999200000000421 0.00000000099999999980 
0.00000000099999999987 0.00000000099999999987 0.77672744805684479363 0.00000000099999999987 0.00000000099999999987 0.00000000099999999987 0.00000000099999999987 0.00000000099999999987 0.22327254494315518230 
0.00000000099999999985 0.00000000099999999985 0.00000000099999999985 0.00000000099999999985 0.00000000099999999985 0.17079321211834347372 0.00000000099999999985 0.82920678088165644670 0.00000000099999999985 
0.00000000099999999965 0.00000000099999999965 0.00000000099999999965 0.00000000099999999965 0.99999999200000000421 0.00000000099999999965 0.00000000099999999965 0.00000000099999999965 0.00000000099999999965 
0.00000000099999999990 0.00000000099999999990 0.59096316692120198777 0.00000000099999999990 0.00000000099999999990 0.00000000099999999990 0.00000000099999999990 0.40903682607879798816 0.00000000099999999990 
0.00000000099999999990 0.00000000099999999990 0.69161599612202717680 0.00621408498783234970 0.00000000099999999990 0.30216991289014027977 0.00000000099999999990 0.00000000099999999990 0.00000000099999999990 
0.00000000099999999982 0.99999999200000022626 0.00000000099999999982 0.00000000099999999982 0.00000000099999999982 0.00000000099999999982 0.00000000099999999982 0.00000000099999999982 0.00000000099999999982 
0.00000000099999999986 0.00000000099999999986 0.99999999200000011523 0.00000000099999999986 0.00000000099999999986 0.00000000099999999986 0.00000000099999999986 0.00000000099999999986 0.00000000099999999986 
0.00000000099999999982 0.19433719139572622203 0.00000000099999999982 0.00000000099999999982 0.00000000099999999982 0.73303395004853932893 0.00000000099999999982 0.00000000099999999982 0.07262885255573443832 
0.89448423046068203934 0.00000000099999999987 0.00000000099999999987 0.00000000099999999987 0.10551576253931817251 0.00000000099999999987 0.00000000099999999987 0.00000000099999999987 0.00000000099999999987 
0.00000000099999999979 0.00000000099999999979 0.56278228770925853297 0.00000000099999999979 0.00000000099999999979 0.43721770529074133194 0.00000000099999999979 0.00000000099999999979 0.00000000099999999979 
0.18622549159724982593 0.27914903731437290535 0.00000000099999999993 0.00000000099999999993 0.00000000099999999993 0.20267892909138549018 0.00000000099999999993 0.33194653699699161464 0.00000000099999999993 
0.00000000099999999983 0.00000000099999999983 0.00000000099999999983 0.99999999200000011523 0.00000000099999999983 0.00000000099999999983 0.00000000099999999983 0.00000000099999999983 0.00000000099999999983 
0.00000000099999999987 0.00000000099999999987 0.66468185254577194510 0.00000000099999999987 0.00000000099999999987 0.23306924050604882481 0.10224890094817931652 0.00000000099999999987 0.00000000099999999987 
0.00000000099999999980 0.99999999200000022626 0.00000000099999999980 0.00000000099999999980 0.00000000099999999980 0.00000000099999999980 0.00000000099999999980 0.00000000099999999980 0.00000000099999999980 
0.00000000099999999990 0.00000000099999999990 0.99999999200000011523 0.00000000099999999990 0.00000000099999999990 0.00000000099999999990 0.00000000099999999990 0.00000000099999999990 0.00000000099999999990 
0.00000000099999999980 0.00000000099999999980 0.70857654732935027031 0.00000000099999999980 0.00000000099999999980 0.29142344567064970562 0.00000000099999999980 0.00000000099999999980 0.00000000099999999980 
0.95011092069858649189 0.00000000099999999982 0.04988907230141371302 0.00000000099999999982 0.00000000099999999982 0.00000000099999999982 0.00000000099999999982 0.00000000099999999982 0.00000000099999999982 
0.00000000127620198464 0.02284046864503386232 0.00000000099999999997 0.52578893674603810471 0.00000051170260142695 0.33360801257884864501 0.11776206605127589877 0.00000000099999999997 0.00000000099999999997 
0.00000000099999999992 0.00000000099999999992 0.99999999200000011523 0.00000000099999999992 0.00000000099999999992 0.00000000099999999992 0.00000000099999999992 0.00000000099999999992 0.00000000099999999992 
0.00000000099999999977 0.99999999200000022626 0.00000000099999999977 0.00000000099999999977 0.00000000099999999977 0.00000000099999999977 0.00000000099999999977 0.00000000099999999977 0.00000000099999999977 
0.00000000099999999983 0.99999999200000022626 0.00000000099999999983 0.00000000099999999983 0.00000000099999999983 0.00000000099999999983 0.00000000099999999983 0.00000000099999999983 0.00000000099999999983 
0.43684900767988282810 0.00000000099999999987 0.00000000099999999987 0.00000000099999999987 0.00000000099999999987 0.25767085576679504832 0.30548013055332218224 0.00000000099999999987 0.00000000099999999987 
0.32464166029535174163 0.05768369593991163474 0.13676585265662088986 0.00000000099999999996 0.00000000099999999996 0.00000000099999999996 0.00000000099999999996 0.36089144395934219522 0.12001734314877381127 
0.00000000099999999990 0.31969076618614578056 0.00000000099999999990 0.00000000099999999990 0.00000000099999999990 0.53924103764675257455 0.00000000099999999990 0.14106819016710142600 0.00000000099999999990 
0.00000000099999999990 0.48587213199092421645 0.00068394223995986501 0.00000000099999999990 0.00000000099999999990 0.12966543876441102845 0.00000000099999999990 0.38377848200470482398 0.00000000099999999990 
0.00000000099999999991 0.14897541717320642030 0.00000000099999999991 0.00000000099999999991 0.00000000099999999991 0.00000000099999999991 0.00000000099999999991 0.85102457582679358339 0.00000000099999999991 
0.00000000099999999989 0.19035985670795449454 0.00000000099999999989 0.00000000099999999989 0.00000000099999999989 0.61450480786931438448 0.00000000099999999989 0.19513532942273120740 0.00000000099999999989 
0.00000000099999999992 0.20476507668577834109 0.00000000099999999992 0.00000000099999999992 0.00000000099999999992 0.00000000099999999992 0.00000000099999999992 0.00000000099999999992 0.79523491631422171810 
0.00000000099999999997 0.00000000099999999997 0.00000000099999999997 0.00000000117064574480 0.21956779454604019586 0.00000000099999999997 0.78043219828331400478 0.00000000099999999997 0.00000000099999999997 
0.00000000099999999993 0.00000000099999999993 0.00000000099999999993 0.00000000099999999993 0.13940709437868337162 0.00000000099999999993 0.17972570612517876909 0.68086719349613789021 0.00000000099999999993 
0.00000000099999999986 0.00000000099999999986 0.99999999200000000421 0.00000000099999999986 0.00000000099999999986 0.00000000099999999986 0.00000000099999999986 0.00000000099999999986 0.00000000099999999986 
0.00000000099999999995 0.00000000099999999995 0.00000000099999999995 0.24246189210249710633 0.00000000099999999995 0.32971336989545213525 0.42782473200205090036 0.00000000099999999995 0.00000000099999999995 
0.00000000099999999980 0.00000000099999999980 0.00000000099999999980 0.00000000099999999980 0.00000000099999999980 0.00000000099999999980 0.99999999200000000421 0.00000000099999999980 0.00000000099999999980 
0.00000000099999999989 0.00000000099999999989 0.33784816433566033922 0.00000000099999999989 0.00000000099999999989 0.66215182866433952569 0.00000000099999999989 0.00000000099999999989 0.00000000099999999989 
0.00000000099999999990 0.00000000099999999990 0.99999999200000011523 0.00000000099999999990 0.00000000099999999990 0.00000000099999999990 0.00000000099999999990 0.00000000099999999990 0.00000000099999999990 
0.00000000099999999994 0.00000001046764387443 0.00000000099999999994 0.00000000099999999994 0.37595697932858557211 0.00000000099999999994 0.55752370742068879661 0.00000000099999999994 0.06651929778308175722 
0.00000000099999999988 0.15659360321877360822 0.00000000099999999988 0.00000000099999999988 0.00000000099999999988 0.84340638978122650649 0.00000000099999999988 0.00000000099999999988 0.00000000099999999988 
0.00000000099999999985 0.99999999200000022626 0.00000000099999999985 0.00000000099999999985 0.00000000099999999985 0.00000000099999999985 0.00000000099999999985 0.00000000099999999985 0.00000000099999999985 
0.64710946369021038471 0.24612256774904706091 0.00787139632886865205 0.06151913557928083420 0.03737743265259321074 0.00000000099999999995 0.00000000099999999995 0.00000000099999999995 0.00000000099999999995 
0.00000000099999999987 0.99999999200000022626 0.00000000099999999987 0.00000000099999999987 0.00000000099999999987 0.00000000099999999987 0.00000000099999999987 0.00000000099999999987 0.00000000099999999987 
0.00000000099999999986 0.00000000099999999986 0.00000000099999999986 0.24331969456530017082 0.00000000099999999986 0.17395206825768333436 0.58272823117701655349 0.00000000099999999986 0.00000000099999999986 
0.00000000099999999996 0.00000000099999999996 0.00000000099999999996 0.34845224067955710145 0.00000000099999999996 0.26586125939824067910 0.00000000099999999996 0.00000000099999999996 0.38568649392220227812 
0.00000000099999999991 0.00000000099999999991 0.00000000099999999991 0.00000000099999999991 0.00000000099999999991 0.00000000099999999991 0.00000000099999999991 0.99999999199999989319 0.00000000099999999991 
0.00000000099999999985 0.00000000099999999985 0.52103570837754697997 0.00000000099999999985 0.00000000099999999985 0.47896428462245299595 0.00000000099999999985 0.00000000099999999985 0.00000000099999999985 
0.00000000099999999987 0.59640282189795135181 0.00000000099999999987 0.00000000099999999987 0.00000000099999999987 0.40359717110204862411 0.00000000099999999987 0.00000000099999999987 0.00000000099999999987 
0.00000000099999999995 0.00000000099999999995 0.27465988754596309951 0.00000000099999999995 0.00000000099999999995 0.06227692492989222312 0.00000000099999999995 0.01181644359983004614 0.65124673892431450550 
0.43778052114209026202 0.28644232343370817917 0.00000000099999999995 0.00000000099999999995 0.00000000099999999995 0.12989189516132257363 0.00000000099999999995 0.14588525526287904333 0.00000000099999999995 
0.00000000099999999989 0.00000000099999999989 0.81867428735359626391 0.00000000099999999989 0.00000000099999999989 0.00000000099999999989 0.00000000099999999989 0.18132570564640382305 0.00000000099999999989 
0.00000000099999999993 0.64786111786942079949 0.16229061189040897006 0.18984826424017031687 0.00000000099999999993 0.00000000099999999993 0.00000000099999999993 0.00000000099999999993 0.00000000099999999993 
0.00000000099999999990 0.47744823439073785787 0.00000000099999999990 0.00000000099999999990 0.00000000099999999990 0.00000000099999999990 0.52255175860926195153 0.00000000099999999990 0.00000000099999999990 
0.00000000099999999995 0.28304523312101026455 0.00000000099999999995 0.04567136201086850061 0.18523403118929229749 0.00000000099999999995 0.00000000099999999995 0.00273230907595977627 0.48331706060286905302 
0.00000000099999999994 0.99999999200000011523 0.00000000099999999994 0.00000000099999999994 0.00000000099999999994 0.00000000099999999994 0.00000000099999999994 0.00000000099999999994 0.00000000099999999994 
0.00000000099999999989 0.99999999200000011523 0.00000000099999999989 0.00000000099999999989 0.00000000099999999989 0.00000000099999999989 0.00000000099999999989 0.00000000099999999989 0.00000000099999999989 
0.00000000099999999986 0.00000000099999999986 0.99999999200000011523 0.00000000099999999986 0.00000000099999999986 0.00000000099999999986 0.00000000099999999986 0.00000000099999999986 0.00000000099999999986 
0.00000000099999999993 0.00000000099999999993 0.33027375133451269962 0.00000000099999999993 0.00000000099999999993 0.00000000099999999993 0.66972624166548722080 0.00000000099999999993 0.00000000099999999993 
0.00000000099999999989 0.99999999200000022626 0.00000000099999999989 0.00000000099999999989 0.00000000099999999989 0.00000000099999999989 0.00000000099999999989 0.00000000099999999989 0.00000000099999999989 
0.00000000099999999995 0.02252247408485946387 0.00000000099999999995 0.00000000099999999995 0.00677071059983673680 0.00000000099999999995 0.00000000099999999995 0.23211856751044190883 0.73858824280486179426 
0.00000000099999999995 0.11536692526583708363 0.00000000099999999995 0.88463306773416294781 0.00000000099999999995 0.00000000099999999995 0.00000000099999999995 0.00000000099999999995 0.00000000099999999995 
0.27577963372698960365 0.00000000099999999994 0.10446696889959389276 0.61975339137341667328 0.00000000099999999994 0.00000000099999999994 0.00000000099999999994 0.00000000099999999994 0.00000000099999999994 
0.00000000099999999991 0.00000000099999999991 0.00000000099999999991 0.00000000099999999991 0.43270247457506400002 0.00000000099999999991 0.56729751842493603142 0.00000000099999999991 0.00000000099999999991 
0.00000000099999999982 0.99999999200000022626 0.00000000099999999982 0.00000000099999999982 0.00000000099999999982 0.00000000099999999982 0.00000000099999999982 0.00000000099999999982 0.00000000099999999982 
0.00000000099999999983 0.00000000099999999983 0.99999999200000000421 0.00000000099999999983 0.00000000099999999983 0.00000000099999999983 0.00000000099999999983 0.00000000099999999983 0.00000000099999999983 
0.42741826860658632681 0.00000000099999999995 0.00000000099999999995 0.26324736127518272299 0.12828807368306552328 0.18104629143516537404 0.00000000099999999995 0.00000000099999999995 0.00000000099999999995 
