0.99999999600000000211 0.00000000099999999963 0.00000000099999999963 0.00000000099999999963 0.00000000099999999963 
0.00000000099999999978 0.00000000099999999978 0.31354424993875606997 0.68645574706124379283 0.00000000099999999978 
0.00000000099999999973 0.00000000099999999973 0.00000000099999999973 0.99999999599999989108 0.00000000099999999973 
0.00000000099999999972 0.00000000099999999972 0.38184293729120077909 0.61815705970879908371 0.00000000099999999972 
0.00000000099999999982 0.00000000099999999982 0.30095346261674033039 0.69904653438325969894 0.00000000099999999982 
0.00000000099999999989 0.46809997007473946873 0.00000000099999999989 0.00000000099999999989 0.53190002692526061612 
0.00000000099999999995 0.96542950099555635557 0.00000000099999999995 0.00000000099999999995 0.03457049600444375009 
0.00000000099999999994 0.00000000099999999994 0.78327742623866025706 0.21672257076133963349 0.00000000099999999994 
0.00000000099999999984 0.00000000099999999984 0.11882850288421380192 0.88117149411578621354 0.00000000099999999984 
0.00000000099999999966 0.00000000099999999966 0.00000000099999999966 0.00000000099999999966 0.99999999599999989108 
0.00000000099999999975 0.00000000099999999975 0.26239234954404933031 0.73760764745595053249 0.00000000099999999975 
0.00000000099999999977 0.00000000099999999977 0.43479421988135469324 0.56520577711864528059 0.00000000099999999977 
0.00000000099999999975 0.00000000099999999975 0.40560846462016791891 0.59439153237983211042 0.00000000099999999975 
0.00000000099999999995 0.41279143211168350946 0.12502183831470906061 0.00000000099999999995 0.46218672757360745873 
0.00000000099999999985 0.00000000099999999985 0.49792469984622045320 0.50207529715377952062 0.00000000099999999985 
0.00000000099999999985 0.88704570785242120579 0.00000000099999999985 0.00000000099999999985 0.11295428914757890682 
0.00000000099999999988 0.00000000099999999988 0.33702712479180468863 0.66297287220819534070 0.00000000099999999988 
0.00000000099999999973 0.00000000099999999973 0.20011711356157371733 0.79988288343842628425 0.00000000099999999973 
0.00000000099999999995 0.94323474911620974748 0.00000000099999999995 0.00000000099999999995 0.05676524788379039982 
0.00000000099999999979 0.00000000099999999979 0.35933114448144393149 0.64066885251855598682 0.00000000099999999979 
0.00000000099999999981 0.00000000099999999981 0.24492569311222017747 0.75507430388777985186 0.00000000099999999981 
0.00000000099999999985 0.00000000099999999985 0.20729465082417050659 0.79270534617582955050 0.00000000099999999985 
0.00000000099999999990 0.75774452915163148514 0.00000000099999999990 0.00000000099999999990 0.24225546784836854419 
0.00000000099999999995 0.95911777124029451436 0.00000000099999999995 0.00000000099999999995 0.04088222575970565376 
0.08837826451398957117 0.00000000099999999993 0.17992835842061444263 0.73169337506539589011 0.00000000099999999993 
0.00000000099999999987 0.00000000099999999987 0.00000000099999999987 0.00000000099999999987 0.99999999600000000211 
0.00000000099999999980 0.00000000099999999980 0.28154923450452945533 0.71845076249547057401 0.00000000099999999980 
0.00000000099999999991 0.83349642604737306240 0.00000000099999999991 0.00000000099999999991 0.16650357095262691143 
0.00000000099999999990 0.00000000099999999990 0.28633092522801034674 0.71366907177198968260 0.00000000099999999990 
0.00000000099999999979 0.00000000099999999979 0.20894682025740940468 0.79105317674259056915 0.00000000099999999979 
0.73891893008814779620 0.06245380336834752133 0.06423377564233324899 0.13439348990117130911 0.00000000099999999990 
0.03321596747097581986 0.00000000099999999993 0.00000000099999999993 0.00000000099999999993 0.96678402952902409151 
0.00000000099999999999 0.63978701334621834729 0.09865437714825006643 0.03956631324140175848 0.22199229526412977975 
0.00000000099999999981 0.00000000099999999981 0.00000000099999999981 0.00000000099999999981 0.99999999599999989108 
0.00000000099999999998 0.87969899534934492547 0.06188033770387031673 0.00000000099999999998 0.05842066494678485600 
0.00000000099999999978 0.00000000099999999978 0.00000000099999999978 0.00000000099999999978 0.99999999600000000211 
0.00000000100000000000 0.28876881255463071607 0.03023258007680517528 0.07256362532756741035 0.60843498104099669188 
0.00000000099999999988 0.00000000099999999988 0.75891952511466209685 0.24108047188533773819 0.00000000099999999988 
0.08682270805882505438 0.80590286154588286482 0.00000000099999999998 0.00000000099999999998 0.10727442839529212348 
0.00000000099999999996 0.00000000099999999996 0.62471706471150989515 0.30093418706554853070 0.07434874622294151969 
0.00000000099999999984 0.00000000099999999984 0.38529265416681918177 0.61470734283318084756 0.00000000099999999984 
0.00000000099999999984 0.00000000099999999984 0.34960074581707439867 0.65039925118292551964 0.00000000099999999984 
0.00331927530235720265 0.00000000099999999998 0.00000000099999999998 0.97572207319410775295 0.02095864950353494918 
0.00000000099999999996 0.02332480313812293829 0.00000000099999999996 0.19138076703452208682 0.78529442782735503492 
0.00000000099999999993 0.09832568084184035995 0.15405053090157314055 0.00000000099999999993 0.74762378625658643116 
0.00000000099999999993 0.00000000099999999993 0.00000000099999999993 0.99999999600000000211 0.00000000099999999993 
0.08704108883351889536 0.91295890816648117561 0.00000000099999999995 0.00000000099999999995 0.00000000099999999995 
0.00000000099999999992 0.24079244905390564946 0.00000000099999999992 0.00000000099999999992 0.75920754794609446314 
0.06236572091955236430 0.93763427608044769279 0.00000000099999999997 0.00000000099999999997 0.00000000099999999997 
0.00000000099999999997 0.54026288554138290898 0.04939372481848260110 0.00000000099999999997 0.41034338764013456036 
0.00000000099999999990 0.00000000099999999990 0.04001174111309858950 0.95998825588690139821 0.00000000099999999990 
0.00000000099999999991 0.00000000099999999991 0.39472206995434244714 0.60527792704565741566 0.00000000099999999991 
0.00000000099999999990 0.00000000099999999990 0.00000000099999999990 0.00000000099999999990 0.99999999599999989108 
0.99999999600000011313 0.00000000099999999990 0.00000000099999999990 0.00000000099999999990 0.00000000099999999990 
0.00000000099999999989 0.99999999600000000211 0.00000000099999999989 0.00000000099999999989 0.00000000099999999989 
0.99999999600000011313 0.00000000099999999992 0.00000000099999999992 0.00000000099999999992 0.00000000099999999992 
0.00000000099999999986 0.00000000099999999986 0.00000000099999999986 0.00000000099999999986 0.99999999600000000211 
0.00000000099999999998 0.40341905055464200025 0.07109178418879523453 0.03333903159874147815 0.49215013265782120433 
0.00470121834559329623 0.00000000099999999993 0.37187712131950606542 0.62342165833490048588 0.00000000099999999993 
0.00000000099999999988 0.00000000099999999988 0.00000000099999999988 0.07892928120849547480 0.92107071579150445739 
0.00000000099999999977 0.00000000099999999977 0.00000000099999999977 0.00000000099999999977 0.99999999600000000211 
0.00000000099999999988 0.00000000099999999988 0.38016909178409863390 0.61983090521590122890 0.00000000099999999988 
0.07194869072815289479 0.51724595642090354097 0.00000000099999999999 0.00000000099999999999 0.41080535085094360692 
0.00000000099999999994 0.80752321198993692875 0.00203449289908696346 0.00000000099999999994 0.19044229311097626844 
0.13236408486610379276 0.00000000099999999992 0.00000000099999999992 0.00000000099999999992 0.86763591213389623658 
0.00000000099999999992 0.00000000099999999992 0.30919717014659314769 0.69080282685340688165 0.00000000099999999992 
0.99999999600000000211 0.00000000099999999994 0.00000000099999999994 0.00000000099999999994 0.00000000099999999994 
0.99999999600000011313 0.00000000099999999984 0.00000000099999999984 0.00000000099999999984 0.00000000099999999984 
0.00000000099999999988 0.00000000099999999988 0.00000000099999999988 0.00000000099999999988 0.99999999599999989108 
0.00000000099999999990 0.00000000099999999990 0.00000000099999999990 0.00000000099999999990 0.99999999599999989108 
0.00000000099999999990 0.00000000099999999990 0.36424009692662040472 0.63575990007337945809 0.00000000099999999990 
0.13702721657046737502 0.00000000099999999995 0.00000000099999999995 0.86297278042953251553 0.00000000099999999995 
0.01885132868591442648 0.05261154248916873055 0.20418271881519819977 0.72435440900971870271 0.00000000099999999996 
0.05264850310005515788 0.00000000099999999993 0.04941710727770751849 0.00000000099999999993 0.89793438762223731775 
0.00000000099999999996 0.19610947209098547606 0.02509789023728208404 0.00000000099999999996 0.77879263567173229177 
0.00000000099999999979 0.00000000099999999979 0.00000000099999999979 0.00000000099999999979 0.99999999600000000211 
0.00000000099999999997 0.03543002410050268697 0.60512557068606587229 0.35944440321343140710 0.00000000099999999997 
0.99999999600000011313 0.00000000099999999983 0.00000000099999999983 0.00000000099999999983 0.00000000099999999983 
0.00000000099999999981 0.00000000099999999981 0.00000000099999999981 0.00000000099999999981 0.99999999599999989108 
0.00000000099999999992 0.00000000099999999992 0.54666091981395981136 0.45333907718604010695 0.00000000099999999992 
0.99999999600000000211 0.00000000099999999987 0.00000000099999999987 0.00000000099999999987 0.00000000099999999987 
0.00000000099999999993 0.99999999600000000211 0.00000000099999999993 0.00000000099999999993 0.00000000099999999993 
0.00000000099999999996 0.66792345840962585868 0.00000000099999999996 0.13202349459552437105 0.20005304499484979908 
0.00000000099999999994 0.00000000099999999994 0.00157847033202873762 0.00000000099999999994 0.99842152666797123750 
0.00000000099999999993 0.19210350391187230867 0.00000000099999999993 0.00000000099999999993 0.80789649308812772066 
0.00000000099999999995 0.99999999600000011313 0.00000000099999999995 0.00000000099999999995 0.00000000099999999995 
0.00000000099999999995 0.00000000099999999995 0.17980802897699643683 0.64275230371919966910 0.17743966530380395064 
0.00000000099999999996 0.93463515156142462637 0.06536484543857554175 0.00000000099999999996 0.00000000099999999996 
0.00000000099999999986 0.00000000099999999986 0.00000000099999999986 0.00000000099999999986 0.99999999599999989108 
0.00000000099999999989 0.00000000099999999989 0.00000000099999999989 0.99999999599999989108 0.00000000099999999989 
0.00000000099999999995 0.75772566826765597181 0.00000000099999999995 0.00000000099999999995 0.24227432873234422406 
0.00000000099999999997 0.73578644004594517813 0.00000000099999999997 0.00000000099999999997 0.26421355695405496222 
0.68920116099211370386 0.00000000099999999987 0.31079883600788632547 0.00000000099999999987 0.00000000099999999987 
0.99999999600000011313 0.00000000099999999977 0.00000000099999999977 0.00000000099999999977 0.00000000099999999977 
0.09349392878065021506 0.75871184083604081838 0.03791980722482707344 0.10987442215848185201 0.00000000099999999999 
0.00000000099999999986 0.00000000099999999986 0.99999999600000000211 0.00000000099999999986 0.00000000099999999986 
0.00000000099999999998 0.57419928126855379613 0.14356791901261581335 0.01318194132186723509 0.26905085739696316116 
0.00000000099999999999 0.36601531716656582338 0.00000000099999999999 0.16104012802306327812 0.47294455281037073302 
0.00000000099999999999 0.52531921343547882675 0.26794246920771153109 0.20673831535680955995 0.00000000099999999999 
0.20432429509008498414 0.00000000099999999997 0.71639857338748380577 0.00000000099999999997 0.07927712952243125277 
0.00000000099999999997 0.00000000099999999997 0.15274386964334729644 0.70003546413036543683 0.14722066422628726778 
0.00000000099999999998 0.00000000099999999998 0.26926188514235660509 0.73073811185764336873 0.00000000099999999998 
0.09443800662203888363 0.60246310707313932564 0.00000000099999999996 0.00000000099999999996 0.30309888430482179178 
0.20558676667866562782 0.07966040506225328943 0.55342432240239336494 0.16132850485668759344 0.00000000099999999997 
0.00000000099999999998 0.10372974311939910097 0.27074763606305574104 0.54827690695936626142 0.07724571285817873056 
0.00000000099999999994 0.00000000099999999994 0.14912702948499045874 0.85087296751500940406 0.00000000099999999994 
0.03293360522477221941 0.00000000099999999997 0.47922682930127136203 0.32076304389696524977 0.16707652057699107218 
0.00000000099999999995 0.00000000099999999995 0.68790007848645562394 0.31209991851354423886 0.00000000099999999995 
0.00000000099999999998 0.27688367408176323137 0.00000000099999999998 0.00000000099999999998 0.72311632291823668695 
0.00000000099999999989 0.00000000099999999989 0.48318562557708089056 0.51681437142291897224 0.00000000099999999989 
0.00000000099999999998 0.00000000099999999998 0.00000000099999999998 0.99999967367417541553 0.00000032332582454275 
0.00000000099999999996 0.80461869913676886679 0.00000000099999999996 0.00000000099999999996 0.19538129786323116255 
0.00000000099999999997 0.56261008521584698894 0.00000000099999999997 0.27104338396691357582 0.16634652881723957507 
0.04595753218753591968 0.32827625979775065801 0.32099979569598446894 0.00000000100000000000 0.30476641131872905799 
0.00000000099999999998 0.44501884540291763992 0.16312048750827562449 0.00000000099999999998 0.39186066508880684767 
0.17780811745467559049 0.00000000099999999998 0.20436452582358921592 0.39140847558334113110 0.22641888013839420180 
0.07154991266854825172 0.00000000099999999992 0.92845008433145170823 0.00000000099999999992 0.00000000099999999992 
0.00000000099999999993 0.66709874714049355315 0.33290124985950647618 0.00000000099999999993 0.00000000099999999993 
0.11532645397804265619 0.00000000099999999996 0.00000000099999999996 0.88467354302195722049 0.00000000099999999996 
0.21948910029155116463 0.00000000099999999996 0.44584135664023183399 0.33466954106821700243 0.00000000099999999996 
0.00000000099999999997 0.00000000099999999997 0.11793227912951700920 0.85434471887268026435 0.02772299999780275526 
0.00000000099999999998 0.00000000099999999998 0.25016984650490248221 0.55199177860073411761 0.19783837289436342899 
0.19254543173989024929 0.00000000099999999994 0.80745456526010983556 0.00000000099999999994 0.00000000099999999994 
0.00000747379153973928 0.25477000887815925978 0.00000000099999999998 0.00000000099999999998 0.74522251533030103854 
0.00000000099999999999 0.74026999643533120121 0.04966375865833081577 0.00000142819296191300 0.21006481571337620728 
0.00000000099999999994 0.00000000099999999994 0.37267048010111669676 0.62732951689888316604 0.00000000099999999994 
0.00000000099999999992 0.99999999600000000211 0.00000000099999999992 0.00000000099999999992 0.00000000099999999992 
0.99999999600000011313 0.00000000099999999987 0.00000000099999999987 0.00000000099999999987 0.00000000099999999987 
0.00000000099999999988 0.00000000099999999988 0.99999999600000000211 0.00000000099999999988 0.00000000099999999988 
0.86210539802735164372 0.00000000099999999997 0.00000000099999999997 0.13789459897264830235 0.00000000099999999997 
0.00000000099999999993 0.00000000099999999993 0.21585452271889912779 0.78414547428110081828 0.00000000099999999993 
0.00000000099999999990 0.00000000099999999990 0.00000000099999999990 0.00000000099999999990 0.99999999600000000211 
0.86146847040013507790 0.00000000099999999998 0.00000000099999999998 0.13853152659986486817 0.00000000099999999998 
0.79523037696806730956 0.00000000099999999995 0.00000000099999999995 0.20476962003193266426 0.00000000099999999995 
0.00000000099999999995 0.00000000099999999995 0.99999999599999989108 0.00000000099999999995 0.00000000099999999995 
0.99999999600000000211 0.00000000099999999994 0.00000000099999999994 0.00000000099999999994 0.00000000099999999994 
0.00012434777003925444 0.00000000099999999995 0.09145859336702311104 0.90841705686293761079 0.00000000099999999995 
0.00000000099999999997 0.79613025269320880639 0.00000000099999999997 0.00000000099999999997 0.20386974430679116743 
0.74457362383619796198 0.00000000099999999994 0.00000000099999999994 0.25542637316380201185 0.00000000099999999994 
0.11804135896243923842 0.03723686402971890935 0.32728291016415456127 0.51743886584368714576 0.00000000099999999999 
0.05127515620259092549 0.00000000099999999992 0.00000000099999999992 0.00000000099999999992 0.94872484079740904139 
0.78491093331295391788 0.21508906368704605594 0.00000000099999999996 0.00000000099999999996 0.00000000099999999996 
0.28331987775630224080 0.00000000099999999996 0.64524928426870109544 0.00000000099999999996 0.07143083597499669257 
0.99999999600000011313 0.00000000099999999995 0.00000000099999999995 0.00000000099999999995 0.00000000099999999995 
0.78573890409009727875 0.00000000099999999992 0.00000000099999999992 0.21426109290990275058 0.00000000099999999992 
0.16209483181653208672 0.83790516518346802588 0.00000000099999999995 0.00000000099999999995 0.00000000099999999995 
0.00000000099999999998 0.24202182360260185434 0.14661074880094682182 0.00000000099999999998 0.61136742559645118611 
0.94405700583599061471 0.00000000099999999996 0.00000000099999999996 0.00000000099999999996 0.05594299116400941463 
0.00000000099999999990 0.00000000099999999990 0.99999999600000000211 0.00000000099999999990 0.00000000099999999990 
0.00000000099999999991 0.00000000099999999991 0.99999999599999989108 0.00000000099999999991 0.00000000099999999991 
0.00000000099999999996 0.91443907493020482047 0.00000000099999999996 0.08556092206979533377 0.00000000099999999996 
0.14503380749040062359 0.00000000100000000000 0.50840871905537921016 0.20145904758141705559 0.14509842487280291690 
0.00000000099999999996 0.00000000099999999996 0.38571663125917216020 0.61428336574082786914 0.00000000099999999996 
0.13569739955940293696 0.00000000099999999996 0.67665643259774510554 0.18764616584285173650 0.00000000099999999996 
0.14286930370738690210 0.03141190060663547751 0.43235095681388802102 0.39336783787208962071 0.00000000099999999999 
0.16202239945862231818 0.00000000099999999996 0.34445960140045039921 0.49351799714092736693 0.00000000099999999996 
0.00000000099999999998 0.00000000099999999998 0.09883609059202848324 0.81497231714337348141 0.08619159026459810580 
0.00000000099999999998 0.96940816697353038300 0.03059183002646959082 0.00000000099999999998 0.00000000099999999998 
0.00000000099999999995 0.00000000099999999995 0.95548422144278466472 0.00000000099999999995 0.04451577555721526747 
0.99999999600000011313 0.00000000099999999994 0.00000000099999999994 0.00000000099999999994 0.00000000099999999994 
0.00000000099999999999 0.24906650229070140257 0.00000000099999999999 0.27375655243791724436 0.47717694327138132637 
0.00000000099999999995 0.87295519536914512049 0.00000000099999999995 0.07029549000998314146 0.05674931262087184319 
0.77482406893215671762 0.00000000099999999997 0.22517592806784322845 0.00000000099999999997 0.00000000099999999997 
0.99999999600000011313 0.00000000099999999995 0.00000000099999999995 0.00000000099999999995 0.00000000099999999995 
0.00000000099999999999 0.41295099269115409513 0.00000000099999999999 0.29503868601729660304 0.29201031929154930289 
0.00000000099999999995 0.00000000099999999995 0.17261396308936521882 0.82738603391063481052 0.00000000099999999995 
0.00000000099999999998 0.00000000099999999998 0.33721974318489661426 0.21352514846158590633 0.44925510635351756372 
0.16735138902166907249 0.22852699221701686105 0.00000000099999999998 0.00000000099999999998 0.60412161676131403976 
0.14824197907330155521 0.00000000099999999998 0.37571692340841700286 0.47604109551828138747 0.00000000099999999998 
0.00000000099999999994 0.42018267619751425990 0.00000000099999999994 0.27759490072742321054 0.30222242107506253062 
0.00000000099999999999 0.00000000099999999999 0.00000000099999999999 0.59466005062366344980 0.40533994637633657954 
0.00000000099999999996 0.00000000099999999996 0.99999999599999989108 0.00000000099999999996 0.00000000099999999996 
0.91472750223672305570 0.00000000099999999995 0.08527249476327704303 0.00000000099999999995 0.00000000099999999995 
0.00000000099999999989 0.00000000099999999989 0.99999999599999989108 0.00000000099999999989 0.00000000099999999989 
0.04414684291080883671 0.00000000099999999998 0.36139347208037297943 0.59445968300881812940 0.00000000099999999998 
0.01750625168059962919 0.20369255954964798905 0.64153120724356949012 0.10653615745702436912 0.03073382406915848783 
0.99999999600000011313 0.00000000099999999993 0.00000000099999999993 0.00000000099999999993 0.00000000099999999993 
0.25617066141840244553 0.00000000099999999998 0.23868913257251944682 0.13465996015621786719 0.37048024485286018548 
0.00000000099999999999 0.00000000099999999999 0.33415086783989639274 0.51878454466758971986 0.14706458549251402723 
0.00000000099999999997 0.00000000099999999997 0.30602492576625511811 0.36478237733355356465 0.32919269490019137381 
0.00000000099999999996 0.00000000099999999996 0.99999999599999989108 0.00000000099999999996 0.00000000099999999996 
0.00000000099999999993 0.00000000099999999993 0.99999999599999989108 0.00000000099999999993 0.00000000099999999993 
0.99999999600000000211 0.00000000099999999993 0.00000000099999999993 0.00000000099999999993 0.00000000099999999993 
0.40287982806202266017 0.50603525978557339915 0.00000000099999999999 0.08363437586090882725 0.00745053529149516339 
0.00000000099999999995 0.00000000099999999995 0.99999999600000000211 0.00000000099999999995 0.00000000099999999995 
0.00000000099999999998 0.00000000099999999998 0.30668593479186612161 0.60493878947926493783 0.08837527372886892774 
0.00000000099999999998 0.00000000099999999998 0.05665628579968726847 0.00000000099999999998 0.94334371120031268454 
0.23034354059982456442 0.08036454032095734223 0.11425046658263077193 0.00000000099999999998 0.57504145149658736358 
0.00000000099999999997 0.63442498595058849364 0.00000000099999999997 0.00000000099999999997 0.36557501104941164671 
0.29451404124808361340 0.00000000099999999998 0.51920853418311974092 0.13680909660377740811 0.04946832696501922422 
0.99999999600000011313 0.00000000099999999992 0.00000000099999999992 0.00000000099999999992 0.00000000099999999992 
0.00000000099999999997 0.53089955592856108435 0.00000000099999999997 0.00000000099999999997 0.46910044107143888947 
0.99999999600000000211 0.00000000099999999994 0.00000000099999999994 0.00000000099999999994 0.00000000099999999994 
0.10434789793333262842 0.00000000099999999997 0.55185009461428069510 0.00000000099999999997 0.34380200545238653875 
0.00000000099999999999 0.83873195396061228646 0.00000000099999999999 0.01043950133461139101 0.15082854270477633052 
0.00000000099999999998 0.00000000099999999998 0.00000000099999999998 0.96759842667006645822 0.03240157032993360581 
0.44846572325727718233 0.55153427374272279149 0.00000000099999999998 0.00000000099999999998 0.00000000099999999998 
0.05525219926672553239 0.00000000099999999996 0.65789995963500713660 0.28684783909826727655 0.00000000099999999996 
0.00000000099999999997 0.00000000099999999997 0.80066672743571132287 0.00000000099999999997 0.19933326956428873422 
0.00000000099999999998 0.72010143481555777267 0.00000000099999999998 0.27989856218444231217 0.00000000099999999998 
0.38648207842533693901 0.22183081054372785768 0.00000000099999999999 0.00000000099999999999 0.39168710903093512110 
0.99999999600000000211 0.00000000099999999994 0.00000000099999999994 0.00000000099999999994 0.00000000099999999994 
0.99999999600000011313 0.00000000099999999995 0.00000000099999999995 0.00000000099999999995 0.00000000099999999995 
0.99999999600000000211 0.00000000099999999994 0.00000000099999999994 0.00000000099999999994 0.00000000099999999994 
0.65019107400616626968 0.00000000099999999999 0.34980892299383375965 0.00000000099999999999 0.00000000099999999999 
0.00000000099999999999 0.84476806309882479518 0.15518329387537468933 0.00000000099999999999 0.00004864102580047829 
0.00000000099999999999 0.25060804822747340115 0.38260106404595717322 0.36679088572656920464 0.00000000099999999999 
0.58681484666531347205 0.25019040540366876968 0.00000000099999999998 0.16299474593101781483 0.00000000099999999998 
0.00000000099999999995 0.00000000099999999995 0.99999999600000000211 0.00000000099999999995 0.00000000099999999995 
0.99999999600000000211 0.00000000099999999996 0.00000000099999999996 0.00000000099999999996 0.00000000099999999996 
0.85200208553666967326 0.00000000099999999996 0.00000000099999999996 0.00000000099999999996 0.14799791146333035607 
0.00000000099999999997 0.99999999600000011313 0.00000000099999999997 0.00000000099999999997 0.00000000099999999997 
0.99999999600000011313 0.00000000099999999995 0.00000000099999999995 0.00000000099999999995 0.00000000099999999995 
0.00838255100996289533 0.78038552074942191261 0.00000017653031105604 0.00000000099999999999 0.21123175071030420025 
0.84812577335104899490 0.00000000099999999998 0.00000000099999999998 0.15187422364895100668 0.00000000099999999998 
0.00000000099999999997 0.26340846037740334173 0.00000000099999999997 0.00000000099999999997 0.73659153662259646556 
0.99999999600000000211 0.00000000099999999995 0.00000000099999999995 0.00000000099999999995 0.00000000099999999995 
0.00000000099999999999 0.36802608750922338743 0.05223061002563964689 0.00000000099999999999 0.57974330046513689041 
0.00000000099999999998 0.00000000099999999998 0.00000000099999999998 0.64939784859477545087 0.35060214840522452295 
0.68499112711642795581 0.00000000099999999998 0.00000000099999999998 0.31500861648277822535 0.00000025440079387685 
0.99999999600000000211 0.00000000099999999997 0.00000000099999999997 0.00000000099999999997 0.00000000099999999997 
0.99999999600000011313 0.00000000099999999994 0.00000000099999999994 0.00000000099999999994 0.00000000099999999994 
0.05614561265160327580 0.00000000100000000000 0.00652757971564470359 0.86446701889479171665 0.07285978773796032704 
0.99999999600000011313 0.00000000099999999995 0.00000000099999999995 0.00000000099999999995 0.00000000099999999995 
0.99999999600000000211 0.00000000099999999997 0.00000000099999999997 0.00000000099999999997 0.00000000099999999997 
0.99999999600000011313 0.00000000099999999998 0.00000000099999999998 0.00000000099999999998 0.00000000099999999998 
0.99996188107506855935 0.00000000396009257365 0.00000000099999999999 0.00000000099999999999 0.00003811296483895475 
0.00000000099999999998 0.90292740122423376103 0.00000000099999999998 0.09707259577576630993 0.00000000099999999998 
0.00000000099999999999 0.87789634062015819982 0.12210365637984177400 0.00000000099999999999 0.00000000099999999999 
0.00000000099999999998 0.00000000099999999998 0.99999999599999989108 0.00000000099999999998 0.00000000099999999998 
