0.00000000099999999935 0.00000000099999999935 0.00000000099999999935 0.99999999300000008695 0.00000000099999999935 0.00000000099999999935 0.00000000099999999935 0.00000000099999999935 
0.00000000099999999956 0.00000000099999999956 0.00000000099999999956 0.00000000099999999956 0.99999999299999997593 0.00000000099999999956 0.00000000099999999956 0.00000000099999999956 
0.00000000099999999907 0.00000000099999999907 0.00000000099999999907 0.00000000099999999907 0.00000000099999999907 0.00000000099999999907 0.00000000099999999907 0.99999999299999997593 
0.00000000099999999949 0.00000000099999999949 0.10177330406489901171 0.00000000099999999949 0.86192055186134841627 0.00000000099999999949 0.00000000099999999949 0.03630613907375265098 
0.00000000099999999957 0.00000000099999999957 0.00000000099999999957 0.00000000099999999957 0.99999999299999997593 0.00000000099999999957 0.00000000099999999957 0.00000000099999999957 
0.24133036373674920938 0.19227990132045302829 0.00000000099999999983 0.00000000099999999983 0.00000000099999999983 0.56638972994279768169 0.00000000099999999983 0.00000000099999999983 
0.64807737635266948750 0.27054199052833871608 0.00000000099999999991 0.00000000099999999991 0.00000000099999999991 0.04229609461421238170 0.00000000243597741005 0.03908453306880192712 
0.00000000099999999974 0.00000000099999999974 0.81885810954495563685 0.00000000099999999974 0.18114188445504428304 0.00000000099999999974 0.00000000099999999974 0.00000000099999999974 
0.00000000099999999934 0.00000000099999999934 0.00000000099999999934 0.00000000099999999934 0.00000000099999999934 0.00000000099999999934 0.00000000099999999934 0.99999999300000008695 
0.00000000099999999949 0.00000000099999999949 0.00000000099999999949 0.00000000099999999949 0.00000000099999999949 0.99999999300000008695 0.00000000099999999949 0.00000000099999999949 
0.00000000099999999958 0.00000000099999999958 0.00000000099999999958 0.00000000099999999958 0.75212524276137560086 0.00000000099999999958 0.00000000099999999958 0.24787475123862451332 
0.00000000099999999961 0.00000000099999999961 0.18014374213107822720 0.00000000099999999961 0.81985625186892185923 0.00000000099999999961 0.00000000099999999961 0.00000000099999999961 
0.00000000099999999956 0.00000000099999999956 0.12852653070690880921 0.00000000099999999956 0.87147346329309127722 0.00000000099999999956 0.00000000099999999956 0.00000000099999999956 
0.00000000099999999945 0.00000000099999999945 0.00000000099999999945 0.00000000099999999945 0.00000000099999999945 0.00000000099999999945 0.99999999299999997593 0.00000000099999999945 
0.00000000099999999962 0.00000000099999999962 0.63699901946541348519 0.00000000099999999962 0.00000000099999999962 0.00000000099999999962 0.00000000099999999962 0.36300097453458657348 
0.00000000099999999965 0.99999999300000008695 0.00000000099999999965 0.00000000099999999965 0.00000000099999999965 0.00000000099999999965 0.00000000099999999965 0.00000000099999999965 
0.00000000099999999976 0.00000000099999999976 0.07180257826260823262 0.03239722707723068779 0.84327113397960806740 0.00000000099999999976 0.00000000099999999976 0.05252905668055298655 
0.00000000099999999953 0.00000000099999999953 0.00000000099999999953 0.00000000099999999953 0.86959218551042904988 0.00000000099999999953 0.00000000099999999953 0.13040780848957109206 
0.48716225372009069883 0.35714982335170936123 0.00000000099999999990 0.00000000099999999990 0.00000000099999999990 0.00000000099999999990 0.15568791792820005360 0.00000000099999999990 
0.00000000099999999960 0.00000000099999999960 0.25514512719923815309 0.00000000099999999960 0.64840254955820475491 0.00000000099999999960 0.00000000099999999960 0.09645231824255709463 
0.00000000099999999970 0.00000000099999999970 0.00000000099999999970 0.00000000099999999970 0.79735662415910202316 0.00000000099999999970 0.00000000099999999970 0.20264336984089795224 
0.00000000099999999956 0.00000000099999999956 0.00000000099999999956 0.00000000099999999956 0.00000000099999999956 0.00000000099999999956 0.00000000099999999956 0.99999999299999997593 
0.00000000099999999970 0.99999999300000008695 0.00000000099999999970 0.00000000099999999970 0.00000000099999999970 0.00000000099999999970 0.00000000099999999970 0.00000000099999999970 
0.50607350846477960893 0.39297948446468278227 0.00000000099999999987 0.00000000099999999987 0.00000000099999999987 0.10094700207053781960 0.00000000099999999987 0.00000000099999999987 
0.00000000099999999978 0.00000000099999999978 0.08402232997007119675 0.00000000099999999978 0.31768332504544688488 0.00000000099999999978 0.00000000099999999978 0.59829433998448189325 
0.00000000099999999916 0.00000000099999999916 0.00000000099999999916 0.00000000099999999916 0.00000000099999999916 0.00000000099999999916 0.99999999299999986491 0.00000000099999999916 
0.00000000099999999965 0.00000000099999999965 0.13732108413509550027 0.00000000099999999965 0.59125485023488866254 0.00000000099999999965 0.00000000099999999965 0.27142406063001606187 
0.55370111271936517383 0.28757207232962983534 0.00000000099999999990 0.00000000099999999990 0.00000000099999999990 0.15872680995100513224 0.00000000099999999990 0.00000000099999999990 
0.00000000099999999979 0.00000000099999999979 0.05261289760364005336 0.00000000099999999979 0.94738709639635998450 0.00000000099999999979 0.00000000099999999979 0.00000000099999999979 
0.00000000099999999965 0.00000000099999999965 0.02484979647439125930 0.00000000099999999965 0.83209840604845242140 0.00000000099999999965 0.00000000099999999965 0.14305179247715646418 
0.18189940755472927547 0.00000000099999999969 0.00000000099999999969 0.81810058644527083871 0.00000000099999999969 0.00000000099999999969 0.00000000099999999969 0.00000000099999999969 
0.00000000099999999982 0.00000000099999999982 0.07705774672189315277 0.00000000099999999982 0.00000000099999999982 0.92294224727810691977 0.00000000099999999982 0.00000000099999999982 
0.50628434692372159542 0.20573718275711661008 0.11442840188110406374 0.00000000099999999993 0.00000000099999999993 0.17355006443805781613 0.00000000099999999993 0.00000000099999999993 
0.00000000099999999961 0.00000000099999999961 0.00000000099999999961 0.00000000099999999961 0.00000000099999999961 0.99999999300000008695 0.00000000099999999961 0.00000000099999999961 
0.13896217195931656607 0.86103782204068357586 0.00000000099999999988 0.00000000099999999988 0.00000000099999999988 0.00000000099999999988 0.00000000099999999988 0.00000000099999999988 
0.00000000099999999922 0.00000000099999999922 0.00000000099999999922 0.00000000099999999922 0.00000000099999999922 0.00000000099999999922 0.99999999299999986491 0.00000000099999999922 
0.13697934204643957834 0.10858034036537901612 0.08424590498858268439 0.00000000099999999998 0.00000000099999999998 0.39876509254892827938 0.27142931705067030457 0.00000000099999999998 
0.00000000099999999984 0.00000000099999999984 0.33181840557356989674 0.00000000099999999984 0.66818158842642993989 0.00000000099999999984 0.00000000099999999984 0.00000000099999999984 
0.60068387957709945546 0.15412857923112502356 0.03975674050717185187 0.04877686598368227711 0.00000000099999999996 0.15665393170092140052 0.00000000099999999996 0.00000000099999999996 
0.00000000099999999979 0.00000000099999999979 0.99999999299999997593 0.00000000099999999979 0.00000000099999999979 0.00000000099999999979 0.00000000099999999979 0.00000000099999999979 
0.00000000099999999973 0.00000000099999999973 0.06720759897494218982 0.00000000099999999973 0.52826815325129627965 0.00000000099999999973 0.00000000099999999973 0.40452424277376169970 
0.00000000099999999974 0.00000000099999999974 0.00000000099999999974 0.00000000099999999974 0.92394458309187532663 0.00000000099999999974 0.00000000099999999974 0.07605541090812460714 
0.02627408484042773051 0.00000000099999999992 0.20867597056401351874 0.00000000099999999992 0.45365296605182608980 0.00000000099999999992 0.00000000099999999992 0.31139697454373260754 
0.00720875031674646834 0.00000000099999999995 0.06632992181055978598 0.00000000099999999995 0.00000000099999999995 0.55545305337430062043 0.22545330879146041614 0.14555496270693263350 
0.00000000099999999949 0.00000000099999999949 0.00000000099999999949 0.00000000099999999949 0.00000000099999999949 0.00000000099999999949 0.99999999299999986491 0.00000000099999999949 
0.00000000099999999979 0.00000000099999999979 0.00000000099999999979 0.00000000099999999979 0.34446997885018454388 0.00000000099999999979 0.00000000099999999979 0.65553001514981545927 
0.00000000099999999977 0.99999999300000019797 0.00000000099999999977 0.00000000099999999977 0.00000000099999999977 0.00000000099999999977 0.00000000099999999977 0.00000000099999999977 
0.14914179753971076869 0.06023169163639186668 0.00000000099999999990 0.00000000099999999990 0.00000000099999999990 0.79062650582389737419 0.00000000099999999990 0.00000000099999999990 
0.61273615194255193206 0.10989044843763028092 0.00000000099999999993 0.02798924712493948072 0.00000000099999999993 0.00000000099999999993 0.24938414849487838820 0.00000000099999999993 
0.13045659264988002102 0.00000000099999999962 0.00000000099999999962 0.00000000099999999962 0.00000000099999999962 0.00000000099999999962 0.86954340135011998214 0.00000000099999999962 
0.00000000099999999956 0.00000000099999999956 0.00000000099999999956 0.00000000099999999956 0.00000000099999999956 0.00000000099999999956 0.00000000099999999956 0.99999999300000008695 
0.00000000099999999976 0.00000000099999999976 0.31652823970298132883 0.00000000099999999976 0.68347175429701856331 0.00000000099999999976 0.00000000099999999976 0.00000000099999999976 
0.00000000099999999979 0.00000000099999999979 0.00000000099999999979 0.00000000099999999979 0.00000000099999999979 0.99999999299999997593 0.00000000099999999979 0.00000000099999999979 
0.00000000099999999984 0.00000000099999999984 0.00000000099999999984 0.99999999299999997593 0.00000000099999999984 0.00000000099999999984 0.00000000099999999984 0.00000000099999999984 
0.99999999300000019797 0.00000000099999999967 0.00000000099999999967 0.00000000099999999967 0.00000000099999999967 0.00000000099999999967 0.00000000099999999967 0.00000000099999999967 
0.00000000099999999982 0.00000000099999999982 0.00000000099999999982 0.99999999299999997593 0.00000000099999999982 0.00000000099999999982 0.00000000099999999982 0.00000000099999999982 
0.00000000099999999966 0.00000000099999999966 0.00000000099999999966 0.00000000099999999966 0.00000000099999999966 0.99999999300000008695 0.00000000099999999966 0.00000000099999999966 
0.00000000099999999951 0.00000000099999999951 0.00000000099999999951 0.00000000099999999951 0.00000000099999999951 0.00000000099999999951 0.99999999299999997593 0.00000000099999999951 
0.00000000099999999981 0.00000000099999999981 0.39103658182040051949 0.00000000099999999981 0.60895314542220324583 0.00000000099999999981 0.00000000099999999981 0.00001026775739622642 
0.08485562609124611133 0.00000000099999999978 0.00000000099999999978 0.00000000099999999978 0.00000000099999999978 0.91514436790875397509 0.00000000099999999978 0.00000000099999999978 
0.00000000099999999965 0.00000000099999999965 0.00000000099999999965 0.00000000099999999965 0.00000000099999999965 0.99999999300000008695 0.00000000099999999965 0.00000000099999999965 
0.00000000099999999976 0.00000000099999999976 0.16072160894104872697 0.00000000099999999976 0.70848107183730024694 0.00000000099999999976 0.00000000099999999976 0.13079731422165105648 
0.41683574846371662659 0.07502454358198963613 0.02155766996006767619 0.02810614737084191073 0.00000000099999999996 0.45847588762338420398 0.00000000099999999996 0.00000000099999999996 
0.17010538094619948035 0.82988712121612862038 0.00000000099999999982 0.00000000099999999982 0.00000000099999999982 0.00000749283767194600 0.00000000099999999982 0.00000000099999999982 
0.00000000099999999987 0.00000000099999999987 0.00000047246014644077 0.10939255887038426551 0.00000000099999999987 0.82400523774764633522 0.06660172692182296517 0.00000000099999999987 
0.00000000099999999985 0.00000000099999999985 0.26717433594441153399 0.00000000099999999985 0.53436557803938489197 0.00000000099999999985 0.00000000099999999985 0.19846008101620371544 
0.00000000099999999987 0.00000000099999999987 0.03934430771378839842 0.88377308002582033453 0.00000000099999999987 0.07688260726039132520 0.00000000099999999987 0.00000000099999999987 
0.00000000099999999971 0.00000000099999999971 0.00000000099999999971 0.99999999299999997593 0.00000000099999999971 0.00000000099999999971 0.00000000099999999971 0.00000000099999999971 
0.00000000099999999979 0.00000000099999999979 0.00000000099999999979 0.00000000099999999979 0.00000000099999999979 0.99999999300000008695 0.00000000099999999979 0.00000000099999999979 
0.00000000099999999986 0.00000000099999999986 0.00000000099999999986 0.00000000099999999986 0.00000000099999999986 0.86484507610419603107 0.13515491789580394433 0.00000000099999999986 
0.08568345769543075918 0.00000000099999999985 0.09053788291668676824 0.00000000099999999985 0.82377865438788244745 0.00000000099999999985 0.00000000099999999985 0.00000000099999999985 
0.00000000099999999991 0.00000000099999999991 0.00341778065309124215 0.04808489286397944068 0.34255667121524963070 0.00000000099999999991 0.00000000099999999991 0.60594065126767959750 
0.04221404362509548203 0.00000000099999999991 0.18348431760697747617 0.00000000099999999991 0.34408610829240865447 0.00000000099999999991 0.00000000099999999991 0.43021552647551852822 
0.00000000099999999981 0.00000000099999999981 0.00000000099999999981 0.00000000099999999981 0.00000000099999999981 0.99999999300000008695 0.00000000099999999981 0.00000000099999999981 
0.00000000099999999988 0.24969470951791589153 0.00000000099999999988 0.00000000099999999988 0.00000000099999999988 0.72224383667481462101 0.00000000099999999988 0.02806144880726936519 
0.00000000099999999962 0.00000000099999999962 0.00000000099999999962 0.00000000099999999962 0.00000000099999999962 0.99999999300000008695 0.00000000099999999962 0.00000000099999999962 
0.00000007815196317624 0.00000000099999999999 0.20235934245181771973 0.00000000099999999999 0.77042819860587485881 0.00000005486222985999 0.02721232292811442618 0.00000000099999999999 
0.00000000099999999968 0.00000000099999999968 0.00000000099999999968 0.99999999300000008695 0.00000000099999999968 0.00000000099999999968 0.00000000099999999968 0.00000000099999999968 
0.00000000099999999968 0.00000000099999999968 0.00000000099999999968 0.00000000099999999968 0.00000000099999999968 0.99999999299999997593 0.00000000099999999968 0.00000000099999999968 
0.00000000099999999984 0.00000000099999999984 0.21778750399760279932 0.00000000099999999984 0.78221249000239723159 0.00000000099999999984 0.00000000099999999984 0.00000000099999999984 
0.00000000099999999976 0.00000000099999999976 0.00000000099999999976 0.99999999300000008695 0.00000000099999999976 0.00000000099999999976 0.00000000099999999976 0.00000000099999999976 
0.17776852104588664050 0.82223147295411347368 0.00000000099999999984 0.00000000099999999984 0.00000000099999999984 0.00000000099999999984 0.00000000099999999984 0.00000000099999999984 
0.85880831353055231414 0.00000000099999999994 0.00000000099999999994 0.00000000099999999994 0.00000000099999999994 0.00510397595780835277 0.08380286221485280795 0.05228484429678672413 
0.00000000099999999985 0.00000000099999999985 0.25880958920780955390 0.00000000099999999985 0.00000000099999999985 0.67383224863460866594 0.06735815715758178279 0.00000000099999999985 
0.17184341119422177901 0.00000000099999999989 0.00000000099999999989 0.00000000099999999989 0.00000000099999999989 0.82815658280577819639 0.00000000099999999989 0.00000000099999999989 
0.79684916461502131035 0.20315082938497883158 0.00000000099999999994 0.00000000099999999994 0.00000000099999999994 0.00000000099999999994 0.00000000099999999994 0.00000000099999999994 
0.00000000099999999985 0.00000000099999999985 0.25211278781560453321 0.00000000099999999985 0.45563256634740179063 0.19399517195125878799 0.00000000099999999985 0.09825946988573495966 
0.99999999300000008695 0.00000000099999999990 0.00000000099999999990 0.00000000099999999990 0.00000000099999999990 0.00000000099999999990 0.00000000099999999990 0.00000000099999999990 
0.00000000099999999977 0.00000000099999999977 0.00000000099999999977 0.00000000099999999977 0.00000000099999999977 0.99999999299999997593 0.00000000099999999977 0.00000000099999999977 
0.00000000099999999985 0.00000000099999999985 0.00996872336667747189 0.00000000099999999985 0.80387406821407259017 0.00000000099999999985 0.00000000099999999985 0.18615720341925004466 
0.59897341398435455240 0.17387497594366135845 0.00000000099999999990 0.00000000099999999990 0.00000000099999999990 0.22715160507198409179 0.00000000099999999990 0.00000000099999999990 
0.00035037476313285663 0.75481722005247853247 0.00000000099999999993 0.00000000099999999993 0.00000000099999999993 0.00000000099999999993 0.15933703130151993799 0.08549536988286871031 
0.00000000099999999982 0.00000000099999999982 0.00000000099999999982 0.99999999300000008695 0.00000000099999999982 0.00000000099999999982 0.00000000099999999982 0.00000000099999999982 
0.00000000099999999961 0.00000000099999999961 0.00000000099999999961 0.99999999300000008695 0.00000000099999999961 0.00000000099999999961 0.00000000099999999961 0.00000000099999999961 
0.52996318341983983391 0.21507778119009116069 0.00000000099999999997 0.10997002002354272499 0.00000000099999999997 0.00000000099999999997 0.00000000099999999997 0.14498901136652642130 
0.00000000099999999986 0.00000000099999999986 0.00000000099999999986 0.00000000099999999986 0.90887064338507217442 0.00000000099999999986 0.00000000099999999986 0.09112935061492791200 
0.00000000099999999989 0.87269660273513705029 0.12730339126486309165 0.00000000099999999989 0.00000000099999999989 0.00000000099999999989 0.00000000099999999989 0.00000000099999999989 
0.66874982346929523480 0.00000000099999999995 0.03682758591691610156 0.00000000099999999995 0.00000000099999999995 0.29437051485575566057 0.00005205807348586555 0.00000001468454723431 
0.67827491051130683886 0.00000000099999999991 0.13690942834922684157 0.00000000099999999991 0.00000000099999999991 0.00000000099999999991 0.00000000099999999991 0.18481565613946632221 
0.00000000099999999989 0.00000000099999999989 0.85190608252412292067 0.09143414580818763626 0.00000000099999999989 0.05665976666768939018 0.00000000099999999989 0.00000000099999999989 
0.00000000099999999985 0.00000000099999999985 0.99999999300000008695 0.00000000099999999985 0.00000000099999999985 0.00000000099999999985 0.00000000099999999985 0.00000000099999999985 
0.00000000099999999997 0.00000000371674646967 0.00000000099999999997 0.04806100907681905982 0.37264453087493659700 0.00000000099999999997 0.00000000099999999997 0.57929445233149789996 
0.14006977937905359943 0.32098379438069374325 0.00000000099999999993 0.10337255198426210934 0.00000000099999999993 0.07628146972128459213 0.35929240153470592967 0.00000000099999999993 
0.07794069847373767679 0.00000058838181504292 0.27804568333463719476 0.20801265929873322125 0.43600036751107684729 0.00000000099999999992 0.00000000099999999992 0.00000000099999999992 
0.00000000099999999994 0.00000000099999999994 0.00000000099999999994 0.00000000099999999994 0.00000000099999999994 0.00000000099999999994 0.15198409940084275926 0.84801589459915727165 
0.00000000099999999984 0.00000000099999999984 0.24865822457899106057 0.00000000099999999984 0.24961796054330481764 0.00000000099999999984 0.00000000099999999984 0.50172380987770404115 
0.00000000099999999979 0.00000000099999999979 0.99999999299999997593 0.00000000099999999979 0.00000000099999999979 0.00000000099999999979 0.00000000099999999979 0.00000000099999999979 
0.00000000099999999990 0.00000000099999999990 0.00000000099999999990 0.03576049967228037141 0.96423949432771960399 0.00000000099999999990 0.00000000099999999990 0.00000000099999999990 
0.00000000099999999995 0.19902716363446551484 0.00000000099999999995 0.00000000099999999995 0.00000000099999999995 0.70573266172019288867 0.00000000099999999995 0.09524016964534172403 
0.00000000099999999983 0.00000000099999999983 0.07033300031778329242 0.03075273533338023293 0.70755181181880189012 0.00000000099999999983 0.00000000099999999983 0.19136244853003461786 
0.00000000099999999988 0.00000000099999999988 0.27116589499203364033 0.00000000099999999988 0.19847144545468603516 0.00000000099999999988 0.00000000099999999988 0.53036265455328024387 
0.86075921426769419487 0.00000000303385969915 0.00000000099999999996 0.00000000099999999996 0.00000000099999999996 0.12663200137153035607 0.01260877732691573910 0.00000000099999999996 
0.44630890609861390006 0.31153948539273790264 0.12882123942766970925 0.00000000099999999997 0.00000000099999999997 0.00000000099999999997 0.00000000099999999997 0.11333036508097871220 
0.41132709931343774956 0.00001690870993295365 0.28253196263479191108 0.03142378156051269661 0.00000000099999999997 0.21878766375356381579 0.00000000099999999997 0.05591258202776083763 
0.00000000099999999987 0.99999999300000019797 0.00000000099999999987 0.00000000099999999987 0.00000000099999999987 0.00000000099999999987 0.00000000099999999987 0.00000000099999999987 
0.00000000099999999997 0.00000000099999999997 0.64558487955264542979 0.00009537905101145756 0.15087579267843509445 0.00000000099999999997 0.11221195418725668502 0.09123199153065131295 
0.00000000099999999986 0.00000000099999999986 0.89737340893983752466 0.10262658506016247850 0.00000000099999999986 0.00000000099999999986 0.00000000099999999986 0.00000000099999999986 
0.57479270082564049016 0.20221639431294544109 0.22299089986141407138 0.00000000099999999991 0.00000000099999999991 0.00000000099999999991 0.00000000099999999991 0.00000000099999999991 
0.00000000099999999994 0.00000000099999999994 0.00000000099999999994 0.14535565302833269863 0.00000000099999999994 0.00000000099999999994 0.00000000099999999994 0.85464434097166719351 
0.00000000099999999988 0.00000000099999999988 0.53795339628317406788 0.10786283610394803434 0.00000000099999999988 0.00000000099999999988 0.00000000099999999988 0.35418376261287803919 
0.00000000099999999992 0.00000000099999999992 0.00000000099999999992 0.00000000099999999992 0.57397129475861352610 0.00000000099999999992 0.05043327554196118390 0.37559542469942525100 
0.00000000099999999994 0.00000000099999999994 0.43421115559465378597 0.00000000099999999994 0.00000000099999999994 0.05140723313476371764 0.00000000099999999994 0.51438160627058249208 
0.00000000099999999981 0.00000000099999999981 0.99999999299999997593 0.00000000099999999981 0.00000000099999999981 0.00000000099999999981 0.00000000099999999981 0.00000000099999999981 
0.00000000099999999995 0.15503166429724365982 0.00000029474371937991 0.00000000099999999995 0.00000000099999999995 0.23981723442396093993 0.60515080253507602670 0.00000000099999999995 
0.33234053563874393911 0.35267721820249237075 0.00000000099999999998 0.00000000099999999998 0.07775010352084123222 0.12154983735081099916 0.11568229143678956938 0.00000001185032184035 
0.00000000099999999988 0.00000000099999999988 0.27279939477181402996 0.00000000099999999988 0.29449438774446934364 0.00000000099999999988 0.00000000099999999988 0.43270621248371660128 
0.99970900291398212545 0.00029099108601799979 0.00000000099999999982 0.00000000099999999982 0.00000000099999999982 0.00000000099999999982 0.00000000099999999982 0.00000000099999999982 
0.00000000099999999973 0.00000000099999999973 0.00000000099999999973 0.99999999299999997593 0.00000000099999999973 0.00000000099999999973 0.00000000099999999973 0.00000000099999999973 
0.00000000099999999988 0.00000000099999999988 0.00000000099999999988 0.00000000099999999988 0.99999999299999997593 0.00000000099999999988 0.00000000099999999988 0.00000000099999999988 
0.00000000099999999989 0.00000000099999999989 0.00000000099999999989 0.78573971603124492802 0.00000000099999999989 0.00000000099999999989 0.00000000099999999989 0.21426027796875513065 
0.00000000099999999986 0.00000000099999999986 0.00000000099999999986 0.00000000099999999986 0.99999999299999997593 0.00000000099999999986 0.00000000099999999986 0.00000000099999999986 
0.00000000099999999970 0.00000000099999999970 0.00000000099999999970 0.00000000099999999970 0.00000000099999999970 0.00000000099999999970 0.99999999299999986491 0.00000000099999999970 
0.00000000099999999995 0.00000000099999999995 0.00000000099999999995 0.74022233974200912776 0.25977765425799076437 0.00000000099999999995 0.00000000099999999995 0.00000000099999999995 
0.00000000099999999992 0.00000000099999999992 0.10684429394355667020 0.71227393165132035779 0.00000000099999999992 0.00000000099999999992 0.00000000099999999992 0.18088176940512301627 
0.00000000099999999986 0.00000000099999999986 0.99999999299999997593 0.00000000099999999986 0.00000000099999999986 0.00000000099999999986 0.00000000099999999986 0.00000000099999999986 
0.00000000099999999988 0.00000000099999999988 0.00000000099999999988 0.99999999299999997593 0.00000000099999999988 0.00000000099999999988 0.00000000099999999988 0.00000000099999999988 
0.00000000099999999989 0.00000000099999999989 0.14021794904094764256 0.00000000099999999989 0.55485357674903090786 0.00000000099999999989 0.00000000099999999989 0.30492846921002159100 
0.21239899813018564556 0.38692380335654441570 0.00000000099999999995 0.00000000099999999995 0.00000000099999999995 0.16860825779537563784 0.23206893671789421973 0.00000000099999999995 
0.26897204354455617192 0.00000000099999999985 0.00000000099999999985 0.73102795045544377572 0.00000000099999999985 0.00000000099999999985 0.00000000099999999985 0.00000000099999999985 
0.00000000099999999994 0.21769109242495093826 0.17720338729105461484 0.03891098966322829172 0.56619452662076619198 0.00000000099999999994 0.00000000099999999994 0.00000000099999999994 
0.00000000099999999985 0.00000000099999999985 0.00000000099999999985 0.00000000099999999985 0.00000000099999999985 0.99999999300000008695 0.00000000099999999985 0.00000000099999999985 
0.17813393027734816809 0.00000000099999999989 0.00000000099999999989 0.82186606372265180731 0.00000000099999999989 0.00000000099999999989 0.00000000099999999989 0.00000000099999999989 
0.00000000099999999983 0.00000000099999999983 0.99999999299999997593 0.00000000099999999983 0.00000000099999999983 0.00000000099999999983 0.00000000099999999983 0.00000000099999999983 
0.00000000099999999991 0.00000000099999999991 0.00000000099999999991 0.99999999299999997593 0.00000000099999999991 0.00000000099999999991 0.00000000099999999991 0.00000000099999999991 
0.00000000099999999987 0.00000000099999999987 0.00000000099999999987 0.77967262765325839879 0.22032736634674149334 0.00000000099999999987 0.00000000099999999987 0.00000000099999999987 
0.00000000099999999988 0.85143811406855307578 0.00000000099999999988 0.14856187993144698289 0.00000000099999999988 0.00000000099999999988 0.00000000099999999988 0.00000000099999999988 
0.34327426383120018816 0.00000000099999999998 0.19013590867092894365 0.00000000099999999998 0.00000000099999999998 0.46658982249787084307 0.00000000099999999998 0.00000000099999999998 
0.00000000099999999994 0.00000000099999999994 0.00000000099999999994 0.80829548001751494457 0.00000000099999999994 0.19170451398248508634 0.00000000099999999994 0.00000000099999999994 
0.00000000099999999985 0.00000000099999999985 0.99999999299999997593 0.00000000099999999985 0.00000000099999999985 0.00000000099999999985 0.00000000099999999985 0.00000000099999999985 
0.00000000099999999987 0.00000000099999999987 0.99999999299999997593 0.00000000099999999987 0.00000000099999999987 0.00000000099999999987 0.00000000099999999987 0.00000000099999999987 
0.99999999300000008695 0.00000000099999999988 0.00000000099999999988 0.00000000099999999988 0.00000000099999999988 0.00000000099999999988 0.00000000099999999988 0.00000000099999999988 
0.00000000099999999996 0.23815490048752774310 0.76184509351247220454 0.00000000099999999996 0.00000000099999999996 0.00000000099999999996 0.00000000099999999996 0.00000000099999999996 
0.17896931291582049428 0.00000000099999999992 0.13682467498336955969 0.00000000099999999992 0.68400478191149549634 0.00000000099999999992 0.00000000099999999992 0.00020122618931453813 
0.00000000099999999989 0.00000000099999999989 0.53943548881730496447 0.01679779600930954991 0.44376671017338542580 0.00000000099999999989 0.00000000099999999989 0.00000000099999999989 
0.00000000099999999994 0.04471421386136432280 0.23169770799564304298 0.10388064516292523642 0.61970742898006747623 0.00000000099999999994 0.00000000099999999994 0.00000000099999999994 
0.00000000099999999992 0.00000000099999999992 0.00012545810584427345 0.20566374589233102355 0.79421079100182467858 0.00000000099999999992 0.00000000099999999992 0.00000000099999999992 
0.00000000099999999990 0.00000000099999999990 0.49954201486792348952 0.00000000099999999990 0.00000000099999999990 0.00000000099999999990 0.00000000099999999990 0.50045797913207645813 
0.59228317941515540301 0.35758739361378910626 0.00000000099999999998 0.00000000099999999998 0.00000000099999999998 0.00000000099999999998 0.05012942197105548642 0.00000000099999999998 
0.25832749086856909848 0.00000000099999999996 0.06828169857699137313 0.00000000099999999996 0.51719523405642298108 0.00000000099999999996 0.15619557249801660492 0.00000000099999999996 
0.00000000099999999988 0.00000000099999999988 0.00000000099999999988 0.99999999299999997593 0.00000000099999999988 0.00000000099999999988 0.00000000099999999988 0.00000000099999999988 
0.00000000166707723499 0.24048402533862556218 0.24418317078927073704 0.03495007639320958648 0.00000000099999999999 0.31387626318304212569 0.16650646062877480502 0.00000000099999999999 
0.99999999300000008695 0.00000000099999999984 0.00000000099999999984 0.00000000099999999984 0.00000000099999999984 0.00000000099999999984 0.00000000099999999984 0.00000000099999999984 
0.00000000099999999994 0.00000000099999999994 0.00000000099999999994 0.79483674298344619835 0.20516324340488076294 0.00000000099999999994 0.00000000099999999994 0.00000000861167318987 
0.00000000099999999992 0.00000000099999999992 0.00000000099999999992 0.99999999300000008695 0.00000000099999999992 0.00000000099999999992 0.00000000099999999992 0.00000000099999999992 
0.00003757590473477363 0.00000000099999999996 0.00000000099999999996 0.00000000099999999996 0.00000000099999999996 0.00000000099999999996 0.60747940240161202308 0.39248301669365315281 
0.00000000099999999991 0.00000000099999999991 0.00000000099999999991 0.00000000099999999991 0.85927452159972461665 0.00000000099999999991 0.00000000099999999991 0.14072547240027533100 
0.00000000099999999987 0.00000000099999999987 0.99999999300000008695 0.00000000099999999987 0.00000000099999999987 0.00000000099999999987 0.00000000099999999987 0.00000000099999999987 
0.00000000099999999997 0.34763293857510868534 0.27065013648290076054 0.08574821061522788779 0.00000000099999999997 0.22485462754875309987 0.07111408377800959579 0.00000000099999999997 
0.00000000099999999988 0.00000000099999999988 0.83581242864373139767 0.00000000099999999988 0.00000000099999999988 0.00000000099999999988 0.00000000099999999988 0.16418756535626863324 
0.50768367624152488382 0.00000000099999999992 0.00000000099999999992 0.00000000099999999992 0.09804634993248653729 0.39426996882598869254 0.00000000099999999992 0.00000000099999999992 
0.00000000099999999995 0.00000000099999999995 0.00000000099999999995 0.00000000099999999995 0.00000000099999999995 0.28825585618873578175 0.00000000099999999995 0.71174413781126422140 
0.00000000099999999994 0.00000000099999999994 0.46986806915536388773 0.00000000099999999994 0.47891290686483622974 0.00000000099999999994 0.05121901897979994067 0.00000000099999999994 
0.00000000099999999990 0.00000000099999999990 0.00000000099999999990 0.81434623052718013714 0.00000000099999999990 0.00000000099999999990 0.00000000099999999990 0.18565376347281997704 
0.00000000099999999989 0.00000000099999999989 0.58947511194701485149 0.00000000099999999989 0.41052488205298526269 0.00000000099999999989 0.00000000099999999989 0.00000000099999999989 
0.00000010742374427323 0.00000000099999999995 0.00000000099999999995 0.27306079467533356242 0.00000136932494585830 0.00000000099999999995 0.00000000099999999995 0.72693772457597616299 
0.00000000099999999998 0.31983954238158879280 0.17192418111093238364 0.06579079033461637804 0.44244548217286239211 0.00000000099999999998 0.00000000099999999998 0.00000000099999999998 
0.00000000099999999988 0.00000000099999999988 0.00000000099999999988 0.99999999299999997593 0.00000000099999999988 0.00000000099999999988 0.00000000099999999988 0.00000000099999999988 
0.00000000099999999994 0.00000000099999999994 0.84223396430808183943 0.15262288158514131231 0.00000000099999999994 0.00514314910677698273 0.00000000099999999994 0.00000000099999999994 
0.35284207133447281768 0.00000000099999999993 0.64715792266552718548 0.00000000099999999993 0.00000000099999999993 0.00000000099999999993 0.00000000099999999993 0.00000000099999999993 
0.00000000099999999995 0.00000000099999999995 0.53889417850230314500 0.00000000099999999995 0.00000000099999999995 0.04066528458572016280 0.13304846751050536380 0.28739206540147133051 
0.00000000099999999993 0.00000000099999999993 0.99999999299999997593 0.00000000099999999993 0.00000000099999999993 0.00000000099999999993 0.00000000099999999993 0.00000000099999999993 
0.00000000099999999991 0.00000000099999999991 0.68186406247472663988 0.00000000099999999991 0.13359126166673915281 0.00000000099999999991 0.00000000099999999991 0.18454467085853412667 
0.00000000099999999987 0.00000000099999999987 0.00000000099999999987 0.99999999300000008695 0.00000000099999999987 0.00000000099999999987 0.00000000099999999987 0.00000000099999999987 
0.53517803656258278178 0.00000000099999999997 0.00000000099999999997 0.37219928658654849452 0.09262267146197038226 0.00000000099999999997 0.00000000138889847572 0.00000000099999999997 
0.00000000099999999991 0.00000000099999999991 0.99999999299999997593 0.00000000099999999991 0.00000000099999999991 0.00000000099999999991 0.00000000099999999991 0.00000000099999999991 
0.00000000099999999995 0.00000000099999999995 0.26306255521601390468 0.00000000099999999995 0.00000000099999999995 0.00000000099999999995 0.00000000099999999995 0.73693743878398598746 
0.00000000099999999997 0.00000000099999999997 0.11852131729731321674 0.00000000099999999997 0.00000000099999999997 0.87659933418234214919 0.00487934352034472170 0.00000000099999999997 
0.00000000099999999996 0.00000181660209268522 0.00000000099999999996 0.22060391495811701446 0.00000000099999999996 0.77939426343979045786 0.00000000099999999996 0.00000000099999999996 
0.39094497793638194327 0.00000000125976538720 0.19276577526785274030 0.00000000099999999994 0.00000000099999999994 0.00000000099999999994 0.41628924153599994318 0.00000000099999999994 
0.00000000099999999986 0.00000000099999999986 0.99999999300000008695 0.00000000099999999986 0.00000000099999999986 0.00000000099999999986 0.00000000099999999986 0.00000000099999999986 
0.00000000099999999985 0.00000000099999999985 0.00000000099999999985 0.99999999300000008695 0.00000000099999999985 0.00000000099999999985 0.00000000099999999985 0.00000000099999999985 
0.00000000099999999995 0.83532911923602937154 0.00000000099999999995 0.00000000099999999995 0.00000000099999999995 0.16467086941828934510 0.00000000634568144906 0.00000000099999999995 
0.00000000099999999985 0.00000000099999999985 0.00000000099999999985 0.67923334735925700034 0.32076664664074294731 0.00000000099999999985 0.00000000099999999985 0.00000000099999999985 
0.00000000099999999984 0.00000000099999999984 0.94440182520792714804 0.00000000099999999984 0.00000000099999999984 0.05559816879207281348 0.00000000099999999984 0.00000000099999999984 
0.99737087675717783775 0.00000000099999999993 0.00000000099999999993 0.00000000099999999993 0.00000000099999999993 0.00262911724282233411 0.00000000099999999993 0.00000000099999999993 
0.00000000099999999998 0.12932715210178252763 0.00000000120067953963 0.00000000099999999998 0.32432701957527138026 0.00295021024892813720 0.00000000532112029289 0.54339560955221821725 
0.59215076884858730555 0.00000000099999999992 0.00000000099999999992 0.40784922515141297517 0.00000000099999999992 0.00000000099999999992 0.00000000099999999992 0.00000000099999999992 
0.00000000099999999989 0.00000000099999999989 0.99999999299999997593 0.00000000099999999989 0.00000000099999999989 0.00000000099999999989 0.00000000099999999989 0.00000000099999999989 
0.00000000099999999997 0.00000000099999999997 0.71449168589528466722 0.00000000099999999997 0.00000000099999999997 0.28550830810471539145 0.00000000099999999997 0.00000000099999999997 
0.99999999300000008695 0.00000000099999999994 0.00000000099999999994 0.00000000099999999994 0.00000000099999999994 0.00000000099999999994 0.00000000099999999994 0.00000000099999999994 
0.20678197860965105703 0.10327029875350379751 0.66494960627990562507 0.00000000099999999998 0.00000000099999999998 0.00000150656411381306 0.02499660679282574016 0.00000000099999999998 
0.00000000099999999989 0.00000000099999999989 0.00000000099999999989 0.99999999299999997593 0.00000000099999999989 0.00000000099999999989 0.00000000099999999989 0.00000000099999999989 
0.00000000099999999992 0.00000000099999999992 0.00000000099999999992 0.99999999299999997593 0.00000000099999999992 0.00000000099999999992 0.00000000099999999992 0.00000000099999999992 
0.00000000099999999991 0.00000000099999999991 0.00000000099999999991 0.99999999299999997593 0.00000000099999999991 0.00000000099999999991 0.00000000099999999991 0.00000000099999999991 
0.00000000099999999996 0.00000000099999999996 0.59342482782239003303 0.25214111052193721729 0.00000000099999999996 0.00000000099999999996 0.15443405665567291885 0.00000000099999999996 
0.00000000099999999995 0.80200478645521899868 0.00000000099999999995 0.00000000099999999995 0.19799520754478111551 0.00000000099999999995 0.00000000099999999995 0.00000000099999999995 
0.23042484551826875050 0.00766196423434457007 0.00000000099999999997 0.00000000099999999997 0.76191318524738671503 0.00000000099999999997 0.00000000099999999997 0.00000000099999999997 
0.43651267735938475978 0.00000000099999999995 0.00000000099999999995 0.56348731664061535440 0.00000000099999999995 0.00000000099999999995 0.00000000099999999995 0.00000000099999999995 
0.00000000099999999994 0.00000000099999999994 0.55353968120620111737 0.00000000099999999994 0.44646031279379877477 0.00000000099999999994 0.00000000099999999994 0.00000000099999999994 
0.00000000099999999993 0.00000000099999999993 0.00000000099999999993 0.99999999299999997593 0.00000000099999999993 0.00000000099999999993 0.00000000099999999993 0.00000000099999999993 
0.00000000099999999993 0.00000000099999999993 0.00000000099999999993 0.87270279440393105919 0.00000000099999999993 0.12729719959606911051 0.00000000099999999993 0.00000000099999999993 
0.99999999300000008695 0.00000000099999999995 0.00000000099999999995 0.00000000099999999995 0.00000000099999999995 0.00000000099999999995 0.00000000099999999995 0.00000000099999999995 
0.00000000099999999991 0.00000000099999999991 0.00000000099999999991 0.99999999300000008695 0.00000000099999999991 0.00000000099999999991 0.00000000099999999991 0.00000000099999999991 
0.70962293128728892722 0.00046840415653790363 0.00000000099999999997 0.00264535738540990113 0.00000000099999999997 0.28726330317076348431 0.00000000099999999997 0.00000000099999999997 
0.00000000112143715790 0.00000000099999999996 0.00000000099999999996 0.86308922805958832036 0.13691075621158513287 0.00000000099999999996 0.00000000099999999996 0.00000001060738948107 
0.00000000099999999998 0.00000001820560938083 0.00000000099999999998 0.00000000099999999998 0.00000000099999999998 0.18065873655936318110 0.81934124023502730161 0.00000000099999999998 
