0.00000000099999999900 0.00000000099999999900 0.99999998900000020008 0.00000000099999999900 0.00000000099999999900 0.00000000099999999900 0.00000000099999999900 0.00000000099999999900 0.00000000099999999900 0.00000000099999999900 0.00000000099999999900 0.00000000099999999900 
0.00000000099999999932 0.00000000099999999932 0.00000000099999999932 0.79274083553371610389 0.00000000099999999932 0.00000000099999999932 0.15566887164910583885 0.00000000099999999932 0.00000000099999999932 0.05159028381717818690 0.00000000099999999932 0.00000000099999999932 
0.00000000099999999852 0.00000000099999999852 0.00000000099999999852 0.00000000099999999852 0.00000000099999999852 0.99999998900000008906 0.00000000099999999852 0.00000000099999999852 0.00000000099999999852 0.00000000099999999852 0.00000000099999999852 0.00000000099999999852 
0.00000000099999999923 0.00000000099999999923 0.00000000099999999923 0.65125209007255691063 0.00000000099999999923 0.02908992104109852511 0.22660245515388988125 0.00000000099999999923 0.00000000099999999923 0.09305552573245481907 0.00000000099999999923 0.00000000099999999923 
0.00000000099999999936 0.00000000099999999936 0.00000000099999999936 0.86401271534438739419 0.00000000099999999936 0.00000000099999999936 0.08457637351947824844 0.00000000099999999936 0.00000000099999999936 0.05141090213613434823 0.00000000099999999936 0.00000000099999999936 
0.47112145896237478393 0.18504263111305943590 0.00000000099999999975 0.00000000099999999975 0.00000000099999999975 0.00000000099999999975 0.00000000099999999975 0.06940720725827645432 0.00000000099999999975 0.00000000099999999975 0.00000000099999999975 0.27442869466628966313 
0.00000000099999999946 0.00000000099999999946 0.00000000099999999946 0.00000000099999999946 0.00000000099999999946 0.00000000099999999946 0.00000000099999999946 0.00000000099999999946 0.00000000099999999946 0.00000000099999999946 0.00000000099999999946 0.99999998899999997803 
0.00000000099999999960 0.00000000099999999960 0.00000000099999999960 0.00000000099999999960 0.00000000099999999960 0.00000000099999999960 0.18079707416548601584 0.00000000099999999960 0.63494995685133981400 0.18425295998317414714 0.00000000099999999960 0.00000000099999999960 
0.00000000099999999890 0.00000000099999999890 0.00000000099999999890 0.00000000099999999890 0.00000000099999999890 0.99999998899999997803 0.00000000099999999890 0.00000000099999999890 0.00000000099999999890 0.00000000099999999890 0.00000000099999999890 0.00000000099999999890 
0.99999998900000031110 0.00000000099999999927 0.00000000099999999927 0.00000000099999999927 0.00000000099999999927 0.00000000099999999927 0.00000000099999999927 0.00000000099999999927 0.00000000099999999927 0.00000000099999999927 0.00000000099999999927 0.00000000099999999927 
0.00000000099999999935 0.00000000099999999935 0.00000000099999999935 0.66437926727529306170 0.00000000099999999935 0.22073071123351614697 0.00000000099999999935 0.00000000099999999935 0.03095790943813737234 0.08393210405305343014 0.00000000099999999935 0.00000000099999999935 
0.00000000099999999934 0.00000000099999999934 0.00000000099999999934 0.58883235018955737416 0.00000000099999999934 0.00000000099999999934 0.08615226802633078884 0.00000000099999999934 0.00000000099999999934 0.32501537278411196663 0.00000000099999999934 0.00000000099999999934 
0.00000000099999999926 0.00000000099999999926 0.00000000099999999926 0.80619765316451774684 0.00000000099999999926 0.00000000099999999926 0.00000000099999999926 0.00000000099999999926 0.00000000099999999926 0.19380233683548228618 0.00000000099999999926 0.00000000099999999926 
0.00000000099999999913 0.00000000099999999913 0.00000000099999999913 0.00000000099999999913 0.00000000099999999913 0.00000000099999999913 0.00000000099999999913 0.00000000099999999913 0.00000000099999999913 0.00000000099999999913 0.99999998899999997803 0.00000000099999999913 
0.00000000099999999941 0.00000000099999999941 0.00000000099999999941 0.00000000099999999941 0.00000000099999999941 0.17182397882672781342 0.35702054386795351038 0.00000000099999999941 0.47115546830531884748 0.00000000099999999941 0.00000000099999999941 0.00000000099999999941 
0.00000000099999999923 0.00000000099999999923 0.00000000099999999923 0.00000000099999999923 0.00000000099999999923 0.00000000099999999923 0.00000000099999999923 0.99999998900000008906 0.00000000099999999923 0.00000000099999999923 0.00000000099999999923 0.00000000099999999923 
0.00000000099999999954 0.00000000099999999954 0.00000000099999999954 0.81739121736125475159 0.00000000099999999954 0.00000000099999999954 0.09901061664615555535 0.00000000099999999954 0.08359815699258985044 0.00000000099999999954 0.00000000099999999954 0.00000000099999999954 
0.00000000099999999928 0.00000000099999999928 0.00000000099999999928 0.77636126217700696106 0.00000000099999999928 0.02837294319242285312 0.19526578563057034321 0.00000000099999999928 0.00000000099999999928 0.00000000099999999928 0.00000000099999999928 0.00000000099999999928 
0.00000000099999999966 0.00000000099999999966 0.00000000099999999966 0.00000000099999999966 0.00000000099999999966 0.00000000099999999966 0.00000000099999999966 0.00000000099999999966 0.00000000099999999966 0.00000000099999999966 0.05759488577306244583 0.94240510422693768433 
0.00000000099999999944 0.00000000099999999944 0.00000000099999999944 0.62426661071468192432 0.00000000099999999944 0.02342360298499222490 0.16640663552463239028 0.00000000099999999944 0.07423190677202365362 0.11167123700366991812 0.00000000099999999944 0.00000000099999999944 
0.00000000099999999954 0.00000000099999999954 0.00000000099999999954 0.73145392220021454577 0.00000000099999999954 0.20961240396069552583 0.04376131368401142002 0.00000000099999999954 0.01517235215507842933 0.00000000099999999954 0.00000000099999999954 0.00000000099999999954 
0.00000000099999999927 0.00000000099999999927 0.00000000099999999927 0.00000000099999999927 0.00000000099999999927 0.90414833340599243261 0.00000000099999999927 0.00000000099999999927 0.00000000099999999927 0.09585165659400773919 0.00000000099999999927 0.00000000099999999927 
0.00000000099999999949 0.00000000099999999949 0.00000000099999999949 0.00000000099999999949 0.00000000099999999949 0.00000000099999999949 0.00000000099999999949 0.99999998900000008906 0.00000000099999999949 0.00000000099999999949 0.00000000099999999949 0.00000000099999999949 
0.00000000099999999974 0.57734540728441319235 0.00000000099999999974 0.00000000099999999974 0.09913471454449401810 0.00000000099999999974 0.00000000099999999974 0.01675408528570529812 0.00000000099999999974 0.00000000099999999974 0.00000000099999999974 0.30676578488538785994 
0.00000000099999999963 0.00000000099999999963 0.00000000099999999963 0.10140041559018024564 0.00000000099999999963 0.59693365046387003581 0.14536226312623590218 0.00000000099999999963 0.00000000099999999963 0.15630366281971380671 0.00000000099999999963 0.00000000099999999963 
0.00000000099999999863 0.00000000099999999863 0.00000000099999999863 0.00000000099999999863 0.00000000099999999863 0.00000000099999999863 0.00000000099999999863 0.00000000099999999863 0.00000000099999999863 0.00000000099999999863 0.99999998899999986701 0.00000000099999999863 
0.00000000099999999949 0.00000000099999999949 0.00000000099999999949 0.53542421082852176273 0.00000000099999999949 0.25598093902944513145 0.18562523025623836603 0.00000000099999999949 0.00000000099999999949 0.02296961188579478910 0.00000000099999999949 0.00000000099999999949 
0.00000000099999999959 0.00000000099999999959 0.00000000099999999959 0.00000000099999999959 0.00000000099999999959 0.00000000099999999959 0.00000000099999999959 0.00000000099999999959 0.00000000099999999959 0.00000000099999999959 0.00000000099999999959 0.99999998899999997803 
0.00000000099999999957 0.00000000099999999957 0.00000000099999999957 0.94794469144388249227 0.00000000099999999957 0.00000000099999999957 0.00000000099999999957 0.00000000099999999957 0.05205529855611752688 0.00000000099999999957 0.00000000099999999957 0.00000000099999999957 
0.00000000099999999942 0.00000000099999999942 0.00000000099999999942 0.64038822519216476170 0.00000000099999999942 0.00000000099999999942 0.35926858145520002008 0.00000000099999999942 0.00034318435263544034 0.00000000099999999942 0.00000000099999999942 0.00000000099999999942 
0.00000000099999999951 0.00000000099999999951 0.80542071457686004177 0.00000000099999999951 0.00000000099999999951 0.00000000099999999951 0.19457927542314010227 0.00000000099999999951 0.00000000099999999951 0.00000000099999999951 0.00000000099999999951 0.00000000099999999951 
0.83785686783128321409 0.07732944252931134299 0.00000000099999999972 0.00000000099999999972 0.00000000099999999972 0.00000000099999999972 0.00000000099999999972 0.00000000099999999972 0.08481368063940565583 0.00000000099999999972 0.00000000099999999972 0.00000000099999999972 
0.03997051482448769899 0.11128760241180307711 0.00000000099999999982 0.00000000099999999982 0.00000000099999999982 0.00000000099999999982 0.00000000099999999982 0.00000000099999999982 0.00000000099999999982 0.00000000099999999982 0.00000000099999999982 0.84874187376370935354 
0.99999998900000031110 0.00000000099999999933 0.00000000099999999933 0.00000000099999999933 0.00000000099999999933 0.00000000099999999933 0.00000000099999999933 0.00000000099999999933 0.00000000099999999933 0.00000000099999999933 0.00000000099999999933 0.00000000099999999933 
0.00000000099999999972 0.00000000099999999972 0.00000000099999999972 0.00000000099999999972 0.00000000099999999972 0.00000000099999999972 0.00000000099999999972 0.82248526915586128716 0.00000000099999999972 0.00000000099999999972 0.00000000099999999972 0.17751472084413871810 
0.00000000099999999874 0.00000000099999999874 0.00000000099999999874 0.00000000099999999874 0.00000000099999999874 0.00000000099999999874 0.00000000099999999874 0.00000000099999999874 0.00000000099999999874 0.00000000099999999874 0.99999998899999986701 0.00000000099999999874 
0.32508835774310129718 0.00000000099999999978 0.00000000099999999978 0.00000000099999999978 0.27552125466873050863 0.00000000099999999978 0.00000000099999999978 0.08587729159329127171 0.09251947303529672872 0.00000000099999999978 0.22099361595958016968 0.00000000099999999978 
0.00000000099999999966 0.00000000099999999966 0.00000000099999999966 0.00000000099999999966 0.00000000099999999966 0.00000000099999999966 0.29394044860599116697 0.00000000099999999966 0.00000000099999999966 0.70605954139400894931 0.00000000099999999966 0.00000000099999999966 
0.00000000099999999977 0.00000000099999999977 0.00000000099999999977 0.00000000099999999977 0.00000000099999999977 0.00000000099999999977 0.00000000099999999977 0.00000000099999999977 0.00000000099999999977 0.00000000099999999977 0.00000000099999999977 0.99999998900000008906 
0.00000000099999999957 0.00000000099999999957 0.00000000099999999957 0.00000000099999999957 0.00000000099999999957 0.00000000099999999957 0.00000000099999999957 0.00000000099999999957 0.99999998900000008906 0.00000000099999999957 0.00000000099999999957 0.00000000099999999957 
0.00000000099999999957 0.00000000099999999957 0.00000000099999999957 0.24198536241238080557 0.00000000099999999957 0.42905197275312040306 0.00000000099999999957 0.00000000099999999957 0.00000000099999999957 0.32896265583449885161 0.00000000099999999957 0.00000000099999999957 
0.00000000099999999959 0.00000000099999999959 0.00000000099999999959 0.70286304204406957474 0.00000000099999999959 0.09478452137786992637 0.00000000196767175444 0.00000000099999999959 0.00000000099999999959 0.20235242661038876921 0.00000000099999999959 0.00000000099999999959 
0.00000000099999999945 0.00000000099999999945 0.00000000099999999945 0.00000000099999999945 0.00000000099999999945 0.00000000099999999945 0.99999998899999997803 0.00000000099999999945 0.00000000099999999945 0.00000000099999999945 0.00000000099999999945 0.00000000099999999945 
0.53622801845769718643 0.00000000099999999989 0.00000000099999999989 0.00000000099999999989 0.09534617646851564765 0.15429220030801768515 0.00000000099999999989 0.00000000099999999989 0.00001268391833579015 0.00000000099999999989 0.21412091384743384137 0.00000000099999999989 
0.00000000099999999918 0.00000000099999999918 0.00000000099999999918 0.00000000099999999918 0.00000000099999999918 0.00000000099999999918 0.00000000099999999918 0.00000000099999999918 0.00000000099999999918 0.00000000099999999918 0.99999998899999986701 0.00000000099999999918 
0.00000000099999999971 0.00000000099999999971 0.00000000099999999971 0.31936409404432269943 0.00000000099999999971 0.62416586200563217712 0.05647003495004526002 0.00000000099999999971 0.00000000099999999971 0.00000000099999999971 0.00000000099999999971 0.00000000099999999971 
0.00000000099999999953 0.00000000099999999953 0.00000000099999999953 0.00000000099999999953 0.00000000099999999953 0.00000000099999999953 0.00000000099999999953 0.99999998900000008906 0.00000000099999999953 0.00000000099999999953 0.00000000099999999953 0.00000000099999999953 
0.74073913068240171409 0.25926085931759851322 0.00000000099999999970 0.00000000099999999970 0.00000000099999999970 0.00000000099999999970 0.00000000099999999970 0.00000000099999999970 0.00000000099999999970 0.00000000099999999970 0.00000000099999999970 0.00000000099999999970 
0.00000000099999999977 0.00000000099999999977 0.00000000099999999977 0.00000000099999999977 0.00000000099999999977 0.00000000099999999977 0.00000000099999999977 0.00000000099999999977 0.00000000099999999977 0.00000000099999999977 0.20407301130889649032 0.79592697869110362596 
0.00000000099999999936 0.00000000099999999936 0.00000000099999999936 0.00000000099999999936 0.00000000099999999936 0.00000000099999999936 0.10861644263334715999 0.00000000099999999936 0.00000000099999999936 0.00000000099999999936 0.89138354736665292855 0.00000000099999999936 
0.00000000099999999925 0.00000000099999999925 0.00000000099999999925 0.00000000099999999925 0.00000000099999999925 0.99999998900000008906 0.00000000099999999925 0.00000000099999999925 0.00000000099999999925 0.00000000099999999925 0.00000000099999999925 0.00000000099999999925 
0.00000000099999999969 0.00000000099999999969 0.00000000099999999969 0.49984079161318867301 0.00000000099999999969 0.00000000099999999969 0.12712671262518823734 0.00000000099999999969 0.12468006004777494600 0.24835242771384810623 0.00000000099999999969 0.00000000099999999969 
0.99999998900000031110 0.00000000099999999966 0.00000000099999999966 0.00000000099999999966 0.00000000099999999966 0.00000000099999999966 0.00000000099999999966 0.00000000099999999966 0.00000000099999999966 0.00000000099999999966 0.00000000099999999966 0.00000000099999999966 
0.00000000099999999975 0.00000000099999999975 0.99999998900000020008 0.00000000099999999975 0.00000000099999999975 0.00000000099999999975 0.00000000099999999975 0.00000000099999999975 0.00000000099999999975 0.00000000099999999975 0.00000000099999999975 0.00000000099999999975 
0.00000000099999999926 0.00000000099999999926 0.00000000099999999926 0.00000000099999999926 0.99999998900000008906 0.00000000099999999926 0.00000000099999999926 0.00000000099999999926 0.00000000099999999926 0.00000000099999999926 0.00000000099999999926 0.00000000099999999926 
0.00000000099999999975 0.00000000099999999975 0.99999998900000020008 0.00000000099999999975 0.00000000099999999975 0.00000000099999999975 0.00000000099999999975 0.00000000099999999975 0.00000000099999999975 0.00000000099999999975 0.00000000099999999975 0.00000000099999999975 
0.99999998900000020008 0.00000000099999999948 0.00000000099999999948 0.00000000099999999948 0.00000000099999999948 0.00000000099999999948 0.00000000099999999948 0.00000000099999999948 0.00000000099999999948 0.00000000099999999948 0.00000000099999999948 0.00000000099999999948 
0.00000000099999999924 0.00000000099999999924 0.00000000099999999924 0.00000000099999999924 0.00000000099999999924 0.00000000099999999924 0.00000000099999999924 0.00000000099999999924 0.00000000099999999924 0.00000000099999999924 0.99999998899999986701 0.00000000099999999924 
0.00000000099999999964 0.00000000099999999964 0.00000000099999999964 0.65587188821620001633 0.00000000099999999964 0.00000000099999999964 0.00000000099999999964 0.00000000099999999964 0.14512655778741861967 0.19900154499638139649 0.00000000099999999964 0.00000000099999999964 
0.89793477308918834279 0.00000000099999999967 0.00000000099999999967 0.00000000099999999967 0.10206521691081181513 0.00000000099999999967 0.00000000099999999967 0.00000000099999999967 0.00000000099999999967 0.00000000099999999967 0.00000000099999999967 0.00000000099999999967 
0.99999998900000020008 0.00000000099999999947 0.00000000099999999947 0.00000000099999999947 0.00000000099999999947 0.00000000099999999947 0.00000000099999999947 0.00000000099999999947 0.00000000099999999947 0.00000000099999999947 0.00000000099999999947 0.00000000099999999947 
0.00000000099999999969 0.00000000099999999969 0.00000000099999999969 0.81507169526582379238 0.00000000099999999969 0.02209836124921264397 0.16282993448496368982 0.00000000099999999969 0.00000000099999999969 0.00000000099999999969 0.00000000099999999969 0.00000000099999999969 
0.14200222548859475769 0.00000000099999999977 0.00000000099999999977 0.00000000099999999977 0.85799776451140530309 0.00000000099999999977 0.00000000099999999977 0.00000000099999999977 0.00000000099999999977 0.00000000099999999977 0.00000000099999999977 0.00000000099999999977 
0.00000000099999999953 0.00000000099999999953 0.00000000099999999953 0.00000000099999999953 0.00000000099999999953 0.00000000099999999953 0.00000000099999999953 0.99999998899999997803 0.00000000099999999953 0.00000000099999999953 0.00000000099999999953 0.00000000099999999953 
0.71968935270185419029 0.00000000099999999970 0.09281659748752067729 0.00000000099999999970 0.00000000099999999970 0.00000000099999999970 0.00000000099999999970 0.00000000099999999970 0.12597125959110061499 0.00000000099999999970 0.06152278221952469511 0.00000000099999999970 
0.00000000099999999953 0.00000000099999999953 0.00000000099999999953 0.00000000099999999953 0.00000000099999999953 0.00000000099999999953 0.99999998899999997803 0.00000000099999999953 0.00000000099999999953 0.00000000099999999953 0.00000000099999999953 0.00000000099999999953 
0.00000000099999999973 0.00000000099999999973 0.91210596643238428527 0.00000000099999999973 0.00000000099999999973 0.00000000099999999973 0.00000000099999999973 0.00000000099999999973 0.08789402356761573387 0.00000000099999999973 0.00000000099999999973 0.00000000099999999973 
0.00000000099999999949 0.00000000099999999949 0.99999998900000008906 0.00000000099999999949 0.00000000099999999949 0.00000000099999999949 0.00000000099999999949 0.00000000099999999949 0.00000000099999999949 0.00000000099999999949 0.00000000099999999949 0.00000000099999999949 
0.99999998900000020008 0.00000000099999999966 0.00000000099999999966 0.00000000099999999966 0.00000000099999999966 0.00000000099999999966 0.00000000099999999966 0.00000000099999999966 0.00000000099999999966 0.00000000099999999966 0.00000000099999999966 0.00000000099999999966 
0.87673240570271793182 0.00000000099999999977 0.00000000099999999977 0.00000000099999999977 0.00000000099999999977 0.00000000099999999977 0.00000000099999999977 0.00000000099999999977 0.00000000099999999977 0.00000000099999999977 0.12326758429728223998 0.00000000099999999977 
0.00000000099999999938 0.00000000099999999938 0.00000000099999999938 0.00000000099999999938 0.00000000099999999938 0.00000000099999999938 0.99999998899999997803 0.00000000099999999938 0.00000000099999999938 0.00000000099999999938 0.00000000099999999938 0.00000000099999999938 
0.00000000099999999980 0.00000000099999999980 0.00009736442995210635 0.12068597842341123594 0.00000000099999999980 0.54452241363986098044 0.33469423550677562806 0.00000000099999999980 0.00000000099999999980 0.00000000099999999980 0.00000000099999999980 0.00000000099999999980 
0.00000000099999999983 0.00000000099999999983 0.00000829099138735063 0.52196698092574678185 0.00000000099999999983 0.34880625458496522517 0.06311834416311605522 0.00000000099999999983 0.00000000099999999983 0.00000000099999999983 0.00000000099999999983 0.06610012233478476662 
0.93394880789432610513 0.00000000099999999972 0.00000000099999999972 0.00000000099999999972 0.00000000099999999972 0.00000000099999999972 0.00000000099999999972 0.00000000099999999972 0.00000000099999999972 0.06605118210567421932 0.00000000099999999972 0.00000000099999999972 
0.71103849154530451848 0.00000000099999999981 0.00000000099999999981 0.00000000099999999981 0.00000000099999999981 0.05887282473534014016 0.00000000099999999981 0.23008867471935551263 0.00000000099999999981 0.00000000099999999981 0.00000000099999999981 0.00000000099999999981 
0.99999998900000031110 0.00000000099999999939 0.00000000099999999939 0.00000000099999999939 0.00000000099999999939 0.00000000099999999939 0.00000000099999999939 0.00000000099999999939 0.00000000099999999939 0.00000000099999999939 0.00000000099999999939 0.00000000099999999939 
0.00000000099999999971 0.00000000099999999971 0.00000000099999999971 0.00000000099999999971 0.00000000099999999971 0.00000000099999999971 0.64235202261584034567 0.00000000099999999971 0.00000000099999999971 0.35764796738415971511 0.00000000099999999971 0.00000000099999999971 
0.00000000099999999948 0.00000000099999999948 0.99999998900000020008 0.00000000099999999948 0.00000000099999999948 0.00000000099999999948 0.00000000099999999948 0.00000000099999999948 0.00000000099999999948 0.00000000099999999948 0.00000000099999999948 0.00000000099999999948 
0.99999998900000031110 0.00000000099999999952 0.00000000099999999952 0.00000000099999999952 0.00000000099999999952 0.00000000099999999952 0.00000000099999999952 0.00000000099999999952 0.00000000099999999952 0.00000000099999999952 0.00000000099999999952 0.00000000099999999952 
0.00000000099999999967 0.00000000099999999967 0.00000000099999999967 0.62502830596122804785 0.00000000099999999967 0.00000000099999999967 0.00000000099999999967 0.00000000099999999967 0.00000000099999999967 0.37497168403877206844 0.00000000099999999967 0.00000000099999999967 
0.00000000099999999963 0.00000000099999999963 0.99999998900000008906 0.00000000099999999963 0.00000000099999999963 0.00000000099999999963 0.00000000099999999963 0.00000000099999999963 0.00000000099999999963 0.00000000099999999963 0.00000000099999999963 0.00000000099999999963 
0.00000000099999999973 0.00000000099999999973 0.00000000099999999973 0.00000000099999999973 0.03312686004061099476 0.00000000099999999973 0.00000000099999999973 0.96687312995938912152 0.00000000099999999973 0.00000000099999999973 0.00000000099999999973 0.00000000099999999973 
0.00000000099999999977 0.00000000099999999977 0.00000000099999999977 0.00000000099999999977 0.99999998900000008906 0.00000000099999999977 0.00000000099999999977 0.00000000099999999977 0.00000000099999999977 0.00000000099999999977 0.00000000099999999977 0.00000000099999999977 
0.67251803235489515664 0.00000000099999999971 0.00000000099999999971 0.00000000099999999971 0.00000000099999999971 0.00000000099999999971 0.00000000099999999971 0.00000000099999999971 0.28200465916550898626 0.00000000099999999971 0.04547729947959598673 0.00000000099999999971 
0.80653642748951459573 0.00000000099999999980 0.00000000099999999980 0.00000000099999999980 0.00000000099999999980 0.00000000099999999980 0.00000000099999999980 0.00000000099999999980 0.00000000099999999980 0.00000000099999999980 0.00000000099999999980 0.19346356251048577035 
0.00000000099999999954 0.00000000099999999954 0.00000000099999999954 0.00000000099999999954 0.99999998900000020008 0.00000000099999999954 0.00000000099999999954 0.00000000099999999954 0.00000000099999999954 0.00000000099999999954 0.00000000099999999954 0.00000000099999999954 
0.23611477310274125996 0.00000000099999999976 0.00000000099999999976 0.65415679580931429538 0.00000000099999999976 0.00000000099999999976 0.00000000099999999976 0.00000000099999999976 0.00000004518588647550 0.10972837790205801356 0.00000000099999999976 0.00000000099999999976 
0.00000000099999999974 0.00000000099999999974 0.00000000099999999974 0.00000000099999999974 0.00000000099999999974 0.00000000099999999974 0.00000000099999999974 0.00000000099999999974 0.00000000099999999974 0.00000000099999999974 0.00000000099999999974 0.99999998899999997803 
0.99999998900000031110 0.00000000099999999966 0.00000000099999999966 0.00000000099999999966 0.00000000099999999966 0.00000000099999999966 0.00000000099999999966 0.00000000099999999966 0.00000000099999999966 0.00000000099999999966 0.00000000099999999966 0.00000000099999999966 
0.00000000099999999962 0.00000000099999999962 0.00000000099999999962 0.00000000099999999962 0.00000000099999999962 0.00000000099999999962 0.99999998899999997803 0.00000000099999999962 0.00000000099999999962 0.00000000099999999962 0.00000000099999999962 0.00000000099999999962 
0.10738871573621629196 0.23241911184329200335 0.00000000099999999986 0.00000000099999999986 0.38955135965064846548 0.00000000099999999986 0.00000000099999999986 0.16499557669447131869 0.00000000099999999986 0.00000000099999999986 0.00000000099999999986 0.10564522907537216012 
0.00000000099999999986 0.69064442543345005987 0.00000000099999999986 0.00000000099999999986 0.00000000099999999986 0.00000000099999999986 0.00000000099999999986 0.30934065720912473640 0.00000000099999999986 0.00000000099999999986 0.00001490835742546946 0.00000000099999999986 
0.00000000099999999952 0.00000000099999999952 0.67282892335837418685 0.00000000099999999952 0.00000000099999999952 0.00000000099999999952 0.00000000099999999952 0.00000000099999999952 0.00000000099999999952 0.32717106664162592944 0.00000000099999999952 0.00000000099999999952 
0.00000000099999999935 0.00000000099999999935 0.99999998900000020008 0.00000000099999999935 0.00000000099999999935 0.00000000099999999935 0.00000000099999999935 0.00000000099999999935 0.00000000099999999935 0.00000000099999999935 0.00000000099999999935 0.00000000099999999935 
0.00000000099999999991 0.23895791391163373474 0.07035274980732357519 0.00000000099999999991 0.54308467538066218516 0.02840662633988140853 0.10113487245446270424 0.00000000099999999991 0.00000000099999999991 0.01806315610603643693 0.00000000099999999991 0.00000000099999999991 
0.00000000099999999960 0.00000000099999999960 0.00000000099999999960 0.00000000099999999960 0.00000000099999999960 0.15010272196591878391 0.00000000099999999960 0.00000000099999999960 0.00000000099999999960 0.84989726803408138789 0.00000000099999999960 0.00000000099999999960 
0.00000000099999999977 0.00000000099999999977 0.00000000099999999977 0.00000000099999999977 0.00000000099999999977 0.00000000099999999977 0.00000000099999999977 0.99999998899999997803 0.00000000099999999977 0.00000000099999999977 0.00000000099999999977 0.00000000099999999977 
0.16662538970934909210 0.00000000099999999987 0.00000000099999999987 0.00000000099999999987 0.36914943444463388378 0.00000000099999999987 0.00000000099999999987 0.00000000099999999987 0.00000000099999999987 0.09763495570160593551 0.00000000099999999987 0.36659021214441134262 
0.00000000099999999970 0.99999998900000031110 0.00000000099999999970 0.00000000099999999970 0.00000000099999999970 0.00000000099999999970 0.00000000099999999970 0.00000000099999999970 0.00000000099999999970 0.00000000099999999970 0.00000000099999999970 0.00000000099999999970 
0.00000000099999999985 0.00000000099999999985 0.23479128843437879759 0.00000000099999999985 0.00000000099999999985 0.00000000099999999985 0.00000000099999999985 0.00000000099999999985 0.00000000099999999985 0.76520870156562126319 0.00000000099999999985 0.00000000099999999985 
0.00000000099999999965 0.00000000099999999965 0.00000000099999999965 0.00000000099999999965 0.00000000099999999965 0.00000000099999999965 0.00000000099999999965 0.00000000099999999965 0.99999998900000008906 0.00000000099999999965 0.00000000099999999965 0.00000000099999999965 
0.00000000099999999988 0.00000000099999999988 0.00000000099999999988 0.00000000099999999988 0.00000000099999999988 0.05502090259730423732 0.56128439347983227758 0.00000000099999999988 0.00000000099999999988 0.38369469492286351064 0.00000000099999999988 0.00000000099999999988 
0.00000000099999999982 0.44053294022206629377 0.02402800659161951138 0.00000000099999999982 0.00000000099999999982 0.00000000099999999982 0.00000000099999999982 0.00000000099999999982 0.00000000099999999982 0.00000000099999999982 0.12801656303321121144 0.40742248215310283843 
0.00000000099999999988 0.00000000099999999988 0.15916656864774347824 0.39469209087239048861 0.00000000099999999988 0.00000000099999999988 0.00000000099999999988 0.10158788510159891261 0.00000032070287794944 0.34455312767538914809 0.00000000099999999988 0.00000000099999999988 
0.00000000099999999990 0.00000000099999999990 0.00000000099999999990 0.00000000099999999990 0.00000000099999999990 0.84793979781715222988 0.00000000099999999990 0.00000000099999999990 0.00000000099999999990 0.00000000099999999990 0.15206019218284780314 0.00000000099999999990 
0.00000000099999999975 0.00000000099999999975 0.00000000099999999975 0.00000000099999999975 0.00000000099999999975 0.47423538505028944856 0.46450167727396945994 0.00000000099999999975 0.06126292867574104073 0.00000000099999999975 0.00000000099999999975 0.00000000099999999975 
0.00000000099999999945 0.00000000099999999945 0.00000000099999999945 0.00000000099999999945 0.00000000099999999945 0.00000000099999999945 0.00000000099999999945 0.00000000099999999945 0.99999998899999997803 0.00000000099999999945 0.00000000099999999945 0.00000000099999999945 
0.00000000099999999983 0.00000000099999999983 0.00000000099999999983 0.84092511300180861067 0.05970641792260501096 0.00000000099999999983 0.00000000099999999983 0.00000000099999999983 0.00000000099999999983 0.09936846007558654270 0.00000000099999999983 0.00000000099999999983 
0.61997751991285876549 0.38002246929435812284 0.00000000099999999990 0.00000000099999999990 0.00000000099999999990 0.00000000179278339544 0.00000000099999999990 0.00000000099999999990 0.00000000099999999990 0.00000000099999999990 0.00000000099999999990 0.00000000099999999990 
0.00000000099999999955 0.00000000099999999955 0.00000000099999999955 0.00000000099999999955 0.00000000099999999955 0.00000000099999999955 0.64141285908057354970 0.00000000099999999955 0.00000000099999999955 0.35858713091942656659 0.00000000099999999955 0.00000000099999999955 
0.00000000099999999981 0.00000000099999999981 0.00000000099999999981 0.51032789043554593889 0.00000000099999999981 0.16874971256028389877 0.00000000099999999981 0.00000000099999999981 0.32092238800417027811 0.00000000099999999981 0.00000000099999999981 0.00000000099999999981 
0.00000000099999999969 0.00000000099999999969 0.00000000099999999969 0.00000000099999999969 0.99999998900000008906 0.00000000099999999969 0.00000000099999999969 0.00000000099999999969 0.00000000099999999969 0.00000000099999999969 0.00000000099999999969 0.00000000099999999969 
0.00000000099999999962 0.99999998900000020008 0.00000000099999999962 0.00000000099999999962 0.00000000099999999962 0.00000000099999999962 0.00000000099999999962 0.00000000099999999962 0.00000000099999999962 0.00000000099999999962 0.00000000099999999962 0.00000000099999999962 
0.24987997977011427997 0.00000000099999999995 0.02929636466889577739 0.00000000099999999995 0.15740721233743634744 0.00000000099999999995 0.00000000099999999995 0.00000000099999999995 0.35408334897936688535 0.00000000099999999995 0.00000000099999999995 0.20933308724418658864 
0.00000000099999999961 0.99999998900000031110 0.00000000099999999961 0.00000000099999999961 0.00000000099999999961 0.00000000099999999961 0.00000000099999999961 0.00000000099999999961 0.00000000099999999961 0.00000000099999999961 0.00000000099999999961 0.00000000099999999961 
0.00000000099999999983 0.00000000099999999983 0.00015818126887004301 0.00000000099999999983 0.00000000099999999983 0.00000000099999999983 0.00000000099999999983 0.00000000099999999983 0.80175552190224619320 0.19808628782888382247 0.00000000099999999983 0.00000000099999999983 
0.00000000099999999977 0.00000000099999999977 0.07755740930949125977 0.00000000099999999977 0.00000000099999999977 0.00000000099999999977 0.00000000099999999977 0.00000000099999999977 0.53165597911515527496 0.39078660257535335898 0.00000000099999999977 0.00000000099999999977 
0.00000000099999999979 0.00000000099999999979 0.00000000099999999979 0.00000000099999999979 0.00000000099999999979 0.00000000099999999979 0.00000000099999999979 0.00000000099999999979 0.06066674322704575933 0.00000000099999999979 0.00000000099999999979 0.93933324677295415572 
0.00000000099999999989 0.11050456672076379439 0.00000000099999999989 0.00000000099999999989 0.00000000099999999989 0.50723032738708018208 0.38226509689215604215 0.00000000099999999989 0.00000000099999999989 0.00000000099999999989 0.00000000099999999989 0.00000000099999999989 
0.00000000099999999977 0.00000000099999999977 0.00057777532343295868 0.00000000099999999977 0.00000000099999999977 0.00000000099999999977 0.00000000099999999977 0.00000000099999999977 0.00000000099999999977 0.99942221467656711109 0.00000000099999999977 0.00000000099999999977 
0.00000000099999999981 0.00000000099999999981 0.00000000099999999981 0.78391213205688436982 0.00000000099999999981 0.18603988897302828343 0.00000000099999999981 0.00000000099999999981 0.00000000099999999981 0.00000000099999999981 0.03004796997008727169 0.00000000099999999981 
0.06386025240655393564 0.00000000099999999990 0.00000000099999999990 0.00000000099999999990 0.00000000099999999990 0.54271777953253597104 0.00000000099999999990 0.00000000099999999990 0.39103839371417187243 0.00000000099999999990 0.00238356634673852737 0.00000000099999999990 
0.00000000099999999967 0.00000000099999999967 0.00000000099999999967 0.00000000099999999967 0.00000000099999999967 0.00000000099999999967 0.00000000099999999967 0.00000000099999999967 0.99999998900000008906 0.00000000099999999967 0.00000000099999999967 0.00000000099999999967 
0.17607798961286144634 0.00000000099999999984 0.00000000099999999984 0.00000000099999999984 0.00000000099999999984 0.00000000099999999984 0.00000000099999999984 0.00000000099999999984 0.22844904068900687144 0.00000000099999999984 0.37835612801122087134 0.21711683368691070406 
0.00000000099999999988 0.00000000099999999988 0.00000000099999999988 0.00000000099999999988 0.88795838199853172057 0.00000000099999999988 0.11204160800146852062 0.00000000099999999988 0.00000000099999999988 0.00000000099999999988 0.00000000099999999988 0.00000000099999999988 
0.00000000099999999985 0.00000000099999999985 0.00000000099999999985 0.30043790197118486196 0.00000000099999999985 0.28112047448708626929 0.13434276269926997971 0.00000000099999999985 0.08684006819608809657 0.19725878564637072676 0.00000000099999999985 0.00000000099999999985 
0.00000000099999999964 0.00000000099999999964 0.00000000099999999964 0.00000000099999999964 0.99999998900000008906 0.00000000099999999964 0.00000000099999999964 0.00000000099999999964 0.00000000099999999964 0.00000000099999999964 0.00000000099999999964 0.00000000099999999964 
0.00000000099999999959 0.00000000099999999959 0.99999998900000020008 0.00000000099999999959 0.00000000099999999959 0.00000000099999999959 0.00000000099999999959 0.00000000099999999959 0.00000000099999999959 0.00000000099999999959 0.00000000099999999959 0.00000000099999999959 
0.00000000099999999961 0.00000000099999999961 0.00000000099999999961 0.00000000099999999961 0.00000000099999999961 0.00000000099999999961 0.00000000099999999961 0.00000000099999999961 0.00000000099999999961 0.99999998899999997803 0.00000000099999999961 0.00000000099999999961 
0.00000000099999999982 0.00000000099999999982 0.78268694431237451070 0.00000000099999999982 0.00000000099999999982 0.21731304568762571661 0.00000000099999999982 0.00000000099999999982 0.00000000099999999982 0.00000000099999999982 0.00000000099999999982 0.00000000099999999982 
0.00000000099999999975 0.00000000099999999975 0.00000000099999999975 0.99999998900000020008 0.00000000099999999975 0.00000000099999999975 0.00000000099999999975 0.00000000099999999975 0.00000000099999999975 0.00000000099999999975 0.00000000099999999975 0.00000000099999999975 
0.00000000099999999952 0.00000000099999999952 0.00000000099999999952 0.00000000099999999952 0.00000000099999999952 0.00000000099999999952 0.00000000099999999952 0.00000000099999999952 0.00000000099999999952 0.00000000099999999952 0.99999998899999997803 0.00000000099999999952 
0.00000000099999999989 0.00000000099999999989 0.68102120707590385607 0.31897878292409620471 0.00000000099999999989 0.00000000099999999989 0.00000000099999999989 0.00000000099999999989 0.00000000099999999989 0.00000000099999999989 0.00000000099999999989 0.00000000099999999989 
0.00000000099999999988 0.00000000099999999988 0.71885973977464645568 0.00000000099999999988 0.00000000099999999988 0.00000000099999999988 0.28114025022535366061 0.00000000099999999988 0.00000000099999999988 0.00000000099999999988 0.00000000099999999988 0.00000000099999999988 
0.00000000099999999966 0.00000000099999999966 0.00000000099999999966 0.00000000099999999966 0.00000000099999999966 0.00000000099999999966 0.00000000099999999966 0.00000000099999999966 0.00000000099999999966 0.99999998900000008906 0.00000000099999999966 0.00000000099999999966 
0.00000000099999999981 0.00000000099999999981 0.99999998900000008906 0.00000000099999999981 0.00000000099999999981 0.00000000099999999981 0.00000000099999999981 0.00000000099999999981 0.00000000099999999981 0.00000000099999999981 0.00000000099999999981 0.00000000099999999981 
0.00000000099999999965 0.00000000099999999965 0.00000000099999999965 0.00000000099999999965 0.00000000099999999965 0.00000000099999999965 0.99999998900000008906 0.00000000099999999965 0.00000000099999999965 0.00000000099999999965 0.00000000099999999965 0.00000000099999999965 
0.00000000099999999985 0.62325785483824203137 0.00000000099999999985 0.00000000099999999985 0.28416939916736966287 0.00000000099999999985 0.00000000099999999985 0.00000000099999999985 0.00000000099999999985 0.00000000099999999985 0.09257273699438842152 0.00000000099999999985 
0.00000000099999999977 0.00000000099999999977 0.64089428537369907968 0.00000000099999999977 0.00000000099999999977 0.00000000099999999977 0.35910570462630103661 0.00000000099999999977 0.00000000099999999977 0.00000000099999999977 0.00000000099999999977 0.00000000099999999977 
0.00000000099999999987 0.52736446292210348297 0.00000000099999999987 0.38002705156484378746 0.00000000099999999987 0.00000000099999999987 0.00000000099999999987 0.00000000099999999987 0.00000000099999999987 0.09260847651305299799 0.00000000099999999987 0.00000000099999999987 
0.99999998900000020008 0.00000000099999999973 0.00000000099999999973 0.00000000099999999973 0.00000000099999999973 0.00000000099999999973 0.00000000099999999973 0.00000000099999999973 0.00000000099999999973 0.00000000099999999973 0.00000000099999999973 0.00000000099999999973 
0.00000000099999999986 0.00000000099999999986 0.76988747202386853541 0.00000000099999999986 0.00000000099999999986 0.00000000099999999986 0.00000000099999999986 0.00000000099999999986 0.00000000099999999986 0.00000000099999999986 0.00000000099999999986 0.23011251797613169190 
0.00000000099999999971 0.00000000099999999971 0.00000000099999999971 0.00000000099999999971 0.00000000099999999971 0.00000000099999999971 0.00000000099999999971 0.00000000099999999971 0.00000000099999999971 0.99999998899999997803 0.00000000099999999971 0.00000000099999999971 
0.00000000099999999984 0.00000000099999999984 0.99999998900000020008 0.00000000099999999984 0.00000000099999999984 0.00000000099999999984 0.00000000099999999984 0.00000000099999999984 0.00000000099999999984 0.00000000099999999984 0.00000000099999999984 0.00000000099999999984 
