0.00000000099999999919 0.00000000099999999919 0.00000000099999999919 0.00000000099999999919 0.00000000099999999919 0.00000000099999999919 0.00000000099999999919 0.00000000099999999919 0.00000000099999999919 0.99999999100000003249 
0.53873430613096739972 0.00000000099999999942 0.00000000099999999942 0.00000000099999999942 0.46126568586903271552 0.00000000099999999942 0.00000000099999999942 0.00000000099999999942 0.00000000099999999942 0.00000000099999999942 
0.00000000099999999877 0.00000000099999999877 0.00000000099999999877 0.00000000099999999877 0.00000000099999999877 0.99999999100000003249 0.00000000099999999877 0.00000000099999999877 0.00000000099999999877 0.00000000099999999877 
0.55446488881452071773 0.00000000099999999937 0.00000000099999999937 0.10761885042934989098 0.30918046077936361948 0.02873579397676601088 0.00000000099999999937 0.00000000099999999937 0.00000000099999999937 0.00000000099999999937 
0.49055039303030750775 0.00000000099999999943 0.00000000099999999943 0.00000000099999999943 0.50944959896969232993 0.00000000099999999943 0.00000000099999999943 0.00000000099999999943 0.00000000099999999943 0.00000000099999999943 
0.00000000099999999966 0.11487136299041308951 0.20060605976233947256 0.00000000099999999966 0.00000000099999999966 0.00000000099999999966 0.00000000099999999966 0.68452257024724738610 0.00000000099999999966 0.00000000099999999966 
0.00000000099999999990 0.42418099726470215316 0.50371072335326183556 0.00000000099999999990 0.00000000099999999990 0.04802620618704801086 0.00066715096153080336 0.02341491723345727818 0.00000000099999999990 0.00000000099999999990 
0.16409822793902875682 0.00000000099999999958 0.00000000099999999958 0.83590176406097127515 0.00000000099999999958 0.00000000099999999958 0.00000000099999999958 0.00000000099999999958 0.00000000099999999958 0.00000000099999999958 
0.00000000099999999912 0.00000000099999999912 0.00000000099999999912 0.00000000099999999912 0.00000000099999999912 0.99999999100000014352 0.00000000099999999912 0.00000000099999999912 0.00000000099999999912 0.00000000099999999912 
0.00000000099999999921 0.00000000099999999921 0.00000000099999999921 0.00000000099999999921 0.00000000099999999921 0.00000000099999999921 0.00000000099999999921 0.99999999099999992147 0.00000000099999999921 0.00000000099999999921 
0.40229815125102236228 0.00000000099999999944 0.00000000099999999944 0.00000000099999999944 0.37332384984351285606 0.22437799190546484085 0.00000000099999999944 0.00000000099999999944 0.00000000099999999944 0.00000000099999999944 
0.48438925106158980949 0.00000000099999999950 0.00000000099999999950 0.15939695846284782088 0.35621378347556242883 0.00000000099999999950 0.00000000099999999950 0.00000000099999999950 0.00000000099999999950 0.00000000099999999950 
0.44913796560189350737 0.00000000099999999940 0.00000000099999999940 0.10546194435586404847 0.44540008304224254498 0.00000000099999999940 0.00000000099999999940 0.00000000099999999940 0.00000000099999999940 0.00000000099999999940 
0.00000000099999999926 0.00000000099999999926 0.00000000099999999926 0.00000000099999999926 0.00000000099999999926 0.00000000099999999926 0.00000000099999999926 0.00000000099999999926 0.99999999099999992147 0.00000000099999999926 
0.00000000099999999955 0.00000000099999999955 0.00000000099999999955 0.51563882255060233817 0.12595597135141850531 0.35840519909797913245 0.00000000099999999955 0.00000000099999999955 0.00000000099999999955 0.00000000099999999955 
0.00000000099999999949 0.00000000099999999949 0.99999999100000003249 0.00000000099999999949 0.00000000099999999949 0.00000000099999999949 0.00000000099999999949 0.00000000099999999949 0.00000000099999999949 0.00000000099999999949 
0.48247085589783927917 0.00000000099999999963 0.00000000099999999963 0.00000000099999999963 0.51752913610216055851 0.00000000099999999963 0.00000000099999999963 0.00000000099999999963 0.00000000099999999963 0.00000000099999999963 
0.50831951110357875834 0.00000000099999999944 0.00000000099999999944 0.00000000099999999944 0.41303122679165504838 0.07864925510476639126 0.00000000099999999944 0.00000000099999999944 0.00000000099999999944 0.00000000099999999944 
0.00000000099999999986 0.35721252165528594169 0.53929652005265027448 0.00000000099999999986 0.00000000099999999986 0.00000000099999999986 0.00000000099999999986 0.00000000099999999986 0.10349095129206388466 0.00000000099999999986 
0.36288601152593419341 0.00000000099999999950 0.00000000099999999950 0.15068089482707730520 0.46955933118463877296 0.01687375646234976975 0.00000000099999999950 0.00000000099999999950 0.00000000099999999950 0.00000000099999999950 
0.44091016283210671123 0.00000000099999999961 0.00000000099999999961 0.00000000099999999961 0.32410751957662470302 0.23498231059126853393 0.00000000099999999961 0.00000000099999999961 0.00000000099999999961 0.00000000099999999961 
0.00000000099999999938 0.00000000099999999938 0.00000000099999999938 0.00000000099999999938 0.00000000099999999938 0.99999999100000014352 0.00000000099999999938 0.00000000099999999938 0.00000000099999999938 0.00000000099999999938 
0.00000000099999999970 0.00000000099999999970 0.84521863053679102684 0.00000000099999999970 0.00000000099999999970 0.00000000099999999970 0.13767470460316835745 0.01710665786004053612 0.00000000099999999970 0.00000000099999999970 
0.00000000099999999980 0.42894180935911990771 0.40942539293202651063 0.00000000099999999980 0.00000000099999999980 0.00000000099999999980 0.00000000099999999980 0.16163279070885355759 0.00000000099999999980 0.00000000099999999980 
0.13493274228270937809 0.00000000099999999965 0.00000000099999999965 0.30584020210160289821 0.00000000099999999965 0.55922704861568783841 0.00000000099999999965 0.00000000099999999965 0.00000000099999999965 0.00000000099999999965 
0.00000000099999999893 0.00000000099999999893 0.00000000099999999893 0.00000000099999999893 0.00000000099999999893 0.00000000099999999893 0.00000000099999999893 0.00000000099999999893 0.99999999099999992147 0.00000000099999999893 
0.28126462347321917745 0.00000000099999999952 0.00000000099999999952 0.08178696967299632636 0.39279626795217059687 0.24415213290161405513 0.00000000099999999952 0.00000000099999999952 0.00000000099999999952 0.00000000099999999952 
0.00000000099999999987 0.47368111054532074933 0.37681346462676107434 0.00000000099999999987 0.00000000608186364390 0.00000000099999999987 0.14950541274605461117 0.00000000099999999987 0.00000000099999999987 0.00000000099999999987 
0.47475680526330082953 0.00000000099999999963 0.00000000099999999963 0.00000000099999999963 0.52524318673669911917 0.00000000099999999963 0.00000000099999999963 0.00000000099999999963 0.00000000099999999963 0.00000000099999999963 
0.45249794118702851842 0.00000000099999999950 0.00000000099999999950 0.00000000099999999950 0.54750205081297143028 0.00000000099999999950 0.00000000099999999950 0.00000000099999999950 0.00000000099999999950 0.00000000099999999950 
0.18312423443630376774 0.00000000099999999959 0.00000000099999999959 0.00000000099999999959 0.00000000099999999959 0.00000000099999999959 0.00000000099999999959 0.00000000099999999959 0.00000000099999999959 0.81687575756369623647 
0.00000000099999999936 0.00000000099999999936 0.00000000099999999936 0.00000000099999999936 0.00000000099999999936 0.00000000099999999936 0.00000000099999999936 0.99999999100000003249 0.00000000099999999936 0.00000000099999999936 
0.00000000099999999993 0.25461410975176773652 0.43982250705846098748 0.04835173916643843023 0.07216259856716319976 0.00000000099999999993 0.03403833735260151233 0.15101070410356795537 0.00000000099999999993 0.00000000099999999993 
0.00000000099999999928 0.00000000099999999928 0.00000000099999999928 0.00000000099999999928 0.00000000099999999928 0.00000000099999999928 0.99999999100000003249 0.00000000099999999928 0.00000000099999999928 0.00000000099999999928 
0.00000000099999999986 0.18103844578028049916 0.81896154621971961607 0.00000000099999999986 0.00000000099999999986 0.00000000099999999986 0.00000000099999999986 0.00000000099999999986 0.00000000099999999986 0.00000000099999999986 
0.00000000099999999901 0.00000000099999999901 0.00000000099999999901 0.00000000099999999901 0.00000000099999999901 0.00000000099999999901 0.00000000099999999901 0.00000000099999999901 0.99999999100000003249 0.00000000099999999901 
0.04042786370419586967 0.16031664391001559933 0.00000000099999999997 0.00000000099999999997 0.03054167581015596739 0.00000000099999999997 0.37527251772181297040 0.10693858917443732626 0.28650270567938218580 0.00000000099999999997 
0.42287714855485442067 0.00000000099999999982 0.00000000099999999982 0.44680605269725415241 0.13031679174789148612 0.00000000099999999982 0.00000000099999999982 0.00000000099999999982 0.00000000099999999982 0.00000000099999999982 
0.00000000099999999995 0.30368093401706708345 0.49830184887724887632 0.05435818006560556165 0.03883213618292762764 0.00000000099999999995 0.06898760584615531988 0.03583929101099542908 0.00000000099999999995 0.00000000099999999995 
0.00000000099999999973 0.00000000099999999973 0.00000000099999999973 0.65849403324736877074 0.34150595875263128898 0.00000000099999999973 0.00000000099999999973 0.00000000099999999973 0.00000000099999999973 0.00000000099999999973 
0.33389127475829027958 0.00000000099999999964 0.00000000099999999964 0.00000000099999999964 0.28947376978784999935 0.37663494845385964149 0.00000000099999999964 0.00000000099999999964 0.00000000099999999964 0.00000000099999999964 
0.51983817063882897802 0.00000000099999999965 0.00000000099999999965 0.00000000099999999965 0.39231090156024034377 0.08785092080093091782 0.00000000099999999965 0.00000000099999999965 0.00000000099999999965 0.00000000099999999965 
0.36672215254180684507 0.02172184495758570921 0.00000000099999999989 0.00000000099999999989 0.49353237063858423905 0.09960304944809102168 0.00000000099999999989 0.01842057741393201067 0.00000000099999999989 0.00000000099999999989 
0.00000000099999999992 0.03718216554151893699 0.00000000099999999992 0.01969704969538952841 0.00000000099999999992 0.15273320685005289943 0.50435313205875065279 0.00910398894309928479 0.27693045291118861817 0.00000000099999999992 
0.00000000099999999934 0.00000000099999999934 0.00000000099999999934 0.00000000099999999934 0.00000000099999999934 0.00000000099999999934 0.00000000099999999934 0.00000000099999999934 0.99999999099999992147 0.00000000099999999934 
0.29107414554517191396 0.00000000099999999976 0.00000000099999999976 0.00000000099999999976 0.12253260324206494136 0.58639324421276317612 0.00000000099999999976 0.00000000099999999976 0.00000000099999999976 0.00000000099999999976 
0.00000000099999999979 0.00000000099999999979 0.99999999100000003249 0.00000000099999999979 0.00000000099999999979 0.00000000099999999979 0.00000000099999999979 0.00000000099999999979 0.00000000099999999979 0.00000000099999999979 
0.00000000099999999962 0.00000000099999999962 0.00000000099999999962 0.00000000099999999962 0.00000000099999999962 0.00000000099999999962 0.00000000099999999962 0.99999999100000003249 0.00000000099999999962 0.00000000099999999962 
0.00000000099999999990 0.49633547230876295941 0.24419108801716948864 0.00000000099999999990 0.00000000099999999990 0.00000000099999999990 0.00000000099999999990 0.04340744943641213632 0.20158748981478274986 0.01447849542287287308 
0.09911662507610459472 0.00000000099999999949 0.00000000099999999949 0.00000000099999999949 0.00000000099999999949 0.00000000099999999949 0.00000000099999999949 0.00000000099999999949 0.90088336692389525684 0.00000000099999999949 
0.00000000099999999937 0.00000000099999999937 0.00000000099999999937 0.00000000099999999937 0.00000000099999999937 0.99999999100000003249 0.00000000099999999937 0.00000000099999999937 0.00000000099999999937 0.00000000099999999937 
0.37661166317279404225 0.00000000099999999968 0.00000000099999999968 0.20576665841483621211 0.41762167141236966605 0.00000000099999999968 0.00000000099999999968 0.00000000099999999968 0.00000000099999999968 0.00000000099999999968 
0.00000000099999999954 0.00000000099999999954 0.00000000099999999954 0.00000000099999999954 0.00000000099999999954 0.00000000099999999954 0.00000000099999999954 0.99999999100000003249 0.00000000099999999954 0.00000000099999999954 
0.00000000099999999978 0.00000000099999999978 0.00000000099999999978 0.00000000099999999978 0.00000000099999999978 0.00000000099999999978 0.00000000099999999978 0.00000000099999999978 0.00000000099999999978 0.99999999099999992147 
0.00000000099999999946 0.99999999100000014352 0.00000000099999999946 0.00000000099999999946 0.00000000099999999946 0.00000000099999999946 0.00000000099999999946 0.00000000099999999946 0.00000000099999999946 0.00000000099999999946 
0.00000000099999999978 0.00000000099999999978 0.00000000099999999978 0.00000000099999999978 0.00000000099999999978 0.00000000099999999978 0.00000000099999999978 0.00000000099999999978 0.00000000099999999978 0.99999999099999992147 
0.00000000099999999960 0.00000000099999999960 0.00000000099999999960 0.00000000099999999960 0.00000000099999999960 0.00000000099999999960 0.99999999100000003249 0.00000000099999999960 0.00000000099999999960 0.00000000099999999960 
0.00000000099999999933 0.00000000099999999933 0.00000000099999999933 0.00000000099999999933 0.00000000099999999933 0.00000000099999999933 0.00000000099999999933 0.00000000099999999933 0.99999999099999992147 0.00000000099999999933 
0.25501059255024588479 0.00000000099999999977 0.00000000099999999977 0.23493630111635871449 0.51004843315594639019 0.00000466717744902443 0.00000000099999999977 0.00000000099999999977 0.00000000099999999977 0.00000000099999999977 
0.00000000099999999947 0.00000000099999999947 0.00000000099999999947 0.00000000099999999947 0.00000000099999999947 0.00000000099999999947 0.99999999100000003249 0.00000000099999999947 0.00000000099999999947 0.00000000099999999947 
0.00000000099999999943 0.00000000099999999943 0.00000000099999999943 0.00000000099999999943 0.00000000099999999943 0.00000000099999999943 0.99999999099999992147 0.00000000099999999943 0.00000000099999999943 0.00000000099999999943 
0.45028106217881197493 0.00000000099999999970 0.00000000099999999970 0.24206185411467845414 0.25478065212177269938 0.05287642558473691634 0.00000000099999999970 0.00000000099999999970 0.00000000099999999970 0.00000000099999999970 
0.00000000099999999990 0.55290489382491536663 0.00000000099999999990 0.04190245763295153553 0.00000000099999999990 0.00000000099999999990 0.19060326538446759059 0.21458937715766546184 0.00000000099999999990 0.00000000099999999990 
0.00000000099999999982 0.21085214771063828798 0.62945088636929424908 0.00000000099999999982 0.00000000099999999982 0.00000000099999999982 0.15969695892006752214 0.00000000099999999982 0.00000000099999999982 0.00000000099999999982 
0.00000000099999999980 0.00000000099999999980 0.00000000099999999980 0.00000000099999999980 0.00000000099999999980 0.00000000099999999980 0.72237721368188689830 0.16977762669730303569 0.00000000099999999980 0.10784515262081008358 
0.56405428479238517436 0.00000000099999999969 0.00000000099999999969 0.43594570720761494087 0.00000000099999999969 0.00000000099999999969 0.00000000099999999969 0.00000000099999999969 0.00000000099999999969 0.00000000099999999969 
0.00000000099999999982 0.00000000099999999982 0.00000000099999999982 0.00000000099999999982 0.00000000099999999982 0.00000000099999999982 0.00000000099999999982 0.10244909701516671796 0.00000000099999999982 0.89755089498483331401 
0.00000000099999999962 0.00000000099999999962 0.00000000099999999962 0.00000000099999999962 0.00000000099999999962 0.00000000099999999962 0.00000000099999999962 0.00000000099999999962 0.00000000099999999962 0.99999999100000003249 
0.00000000099999999971 0.00000000099999999971 0.00000000099999999971 0.00000000099999999971 0.00000000099999999971 0.00000000099999999971 0.26365027280879332894 0.73634971919120673078 0.00000000099999999971 0.00000000099999999971 
0.00000000099999999980 0.00000000099999999980 0.00000000099999999980 0.00000000099999999980 0.00000000099999999980 0.00000000099999999980 0.67172920520537426903 0.19145767410789685248 0.13681311368672890993 0.00000000099999999980 
0.65838595687716616744 0.00000000099999999968 0.00000000099999999968 0.34161403512283394779 0.00000000099999999968 0.00000000099999999968 0.00000000099999999968 0.00000000099999999968 0.00000000099999999968 0.00000000099999999968 
0.28687818576232504419 0.00000000099999999988 0.00000000099999999988 0.00000000099999999988 0.07724782986077809166 0.56452078993175169863 0.00000000099999999988 0.00810450781546879183 0.00000000099999999988 0.06324868162967625662 
0.17564530975457784412 0.01844181665555955779 0.04319874601442630357 0.14012504343616202784 0.34414966291194720727 0.27843941722732717947 0.00000000099999999984 0.00000000099999999984 0.00000000099999999984 0.00000000099999999984 
0.00000000099999999977 0.00000000099999999977 0.00000000099999999977 0.09360693676012799003 0.00000000099999999977 0.00000000099999999977 0.72734985282131003892 0.17904320341856191923 0.00000000099999999977 0.00000000099999999977 
0.00000000099999999976 0.00000000099999999976 0.13867999132533642692 0.00000000099999999976 0.00000000099999999976 0.11087492392100666005 0.75044507775365687507 0.00000000099999999976 0.00000000099999999976 0.00000000099999999976 
0.00000000099999999944 0.00000000099999999944 0.00000000099999999944 0.00000000099999999944 0.00000000099999999944 0.00000000099999999944 0.99999999100000003249 0.00000000099999999944 0.00000000099999999944 0.00000000099999999944 
0.96285814534560820732 0.00000000099999999978 0.00000000099999999978 0.00000000099999999978 0.00000000099999999978 0.00000000099999999978 0.03714184665439181771 0.00000000099999999978 0.00000000099999999978 0.00000000099999999978 
0.00000000099999999959 0.00000000099999999959 0.00000000099999999959 0.00000000099999999959 0.00000000099999999959 0.00000000099999999959 0.00000000099999999959 0.00000000099999999959 0.00000000099999999959 0.99999999100000003249 
0.00000000099999999957 0.00000000099999999957 0.00000000099999999957 0.00000000099999999957 0.00000000099999999957 0.00000000099999999957 0.00000000099999999957 0.99999999100000003249 0.00000000099999999957 0.00000000099999999957 
0.39056925190712699081 0.00000000099999999979 0.00000000099999999979 0.00000000916434443896 0.60943073192852847964 0.00000000099999999979 0.00000000099999999979 0.00000000099999999979 0.00000000099999999979 0.00000000099999999979 
0.00000000099999999971 0.00000000099999999971 0.00000000099999999971 0.00000000099999999971 0.00000000099999999971 0.00000000099999999971 0.00000000099999999971 0.00000000099999999971 0.00000000099999999971 0.99999999099999992147 
0.00000000099999999978 0.24416186209154180919 0.75583812990845844482 0.00000000099999999978 0.00000000099999999978 0.00000000099999999978 0.00000000099999999978 0.00000000099999999978 0.00000000099999999978 0.00000000099999999978 
0.00000000099999999981 0.99999999100000014352 0.00000000099999999981 0.00000000099999999981 0.00000000099999999981 0.00000000099999999981 0.00000000099999999981 0.00000000099999999981 0.00000000099999999981 0.00000000099999999981 
0.00000000099999999982 0.00000000099999999982 0.00000000099999999982 0.14784972370930712926 0.00000000099999999982 0.00000000099999999982 0.36672837251639606171 0.42444455499329297732 0.06097734278100393202 0.00000000099999999982 
0.00000000099999999985 0.14950880709778344158 0.00000000099999999985 0.00000000099999999985 0.00000000099999999985 0.00000000099999999985 0.85049118490221664590 0.00000000099999999985 0.00000000099999999985 0.00000000099999999985 
0.00000000099999999990 0.84038088459774329397 0.15961910740225693228 0.00000000099999999990 0.00000000099999999990 0.00000000099999999990 0.00000000099999999990 0.00000000099999999990 0.00000000099999999990 0.00000000099999999990 
0.25255612284628314868 0.00000000099999999983 0.00000000099999999983 0.10862305527874296929 0.45926876521214410332 0.00000000099999999983 0.17955205066282972637 0.00000000099999999983 0.00000000099999999983 0.00000000099999999983 
0.00000000099999999985 0.90134308420589426269 0.00000000099999999985 0.09865690779410590805 0.00000000099999999985 0.00000000099999999985 0.00000000099999999985 0.00000000099999999985 0.00000000099999999985 0.00000000099999999985 
0.00000000099999999961 0.00000000099999999961 0.00000000099999999961 0.00000000099999999961 0.00000000099999999961 0.00000000099999999961 0.99999999100000003249 0.00000000099999999961 0.00000000099999999961 0.00000000099999999961 
0.50944033917920750199 0.00000000099999999973 0.00000000099999999973 0.00000000099999999973 0.49055965282079250223 0.00000000099999999973 0.00000000099999999973 0.00000000099999999973 0.00000000099999999973 0.00000000099999999973 
0.00000000099999999985 0.62167294864142630395 0.11833190978078615696 0.00000000099999999985 0.00000000099999999985 0.00000000099999999985 0.00000000099999999985 0.25999513457778772318 0.00000000099999999985 0.00000000099999999985 
0.00000000099999999990 0.14260407173303457640 0.49425762507883991281 0.00000000099999999990 0.00000000099999999990 0.03403147533223942200 0.00000000099999999990 0.21318101770918373994 0.11592580514670258740 0.00000000099999999990 
0.00000000099999999978 0.00000000099999999978 0.00000000099999999978 0.00000000099999999978 0.00000000099999999978 0.00000000099999999978 0.00000000099999999978 0.00000000099999999978 0.00000000099999999978 0.99999999099999992147 
0.00000000099999999948 0.00000000099999999948 0.00000000099999999948 0.00000000099999999948 0.00000000099999999948 0.00000000099999999948 0.00000000099999999948 0.00000000099999999948 0.00000000099999999948 0.99999999100000003249 
0.14180846475212852131 0.48926384472711625939 0.07726520632118433207 0.00000000099999999994 0.00000000099999999994 0.07016351751327548625 0.00000000099999999994 0.14584118578943885969 0.00000000099999999994 0.07565777689685661278 
0.68069210689242298784 0.00000000099999999977 0.00000000099999999977 0.22888237070195119327 0.00000000099999999977 0.09042551540562607237 0.00000000099999999977 0.00000000099999999977 0.00000000099999999977 0.00000000099999999977 
0.00000000099999999989 0.00000000099999999989 0.80011672835811797899 0.12309305539034616495 0.00000000099999999989 0.00000000099999999989 0.07679020925153579036 0.00000000099999999989 0.00000000099999999989 0.00000000099999999989 
0.00000000099999999991 0.63447608005106415074 0.00000000099999999991 0.09331864678946169556 0.00000000099999999991 0.00000000099999999991 0.26082218134881263172 0.00000000099999999991 0.01138308581066176280 0.00000000099999999991 
0.00000000099999999984 0.63927796960551208638 0.00000000099999999984 0.32284573304358465951 0.00000000099999999984 0.03787629035090332719 0.00000000099999999984 0.00000000099999999984 0.00000000099999999984 0.00000000099999999984 
0.00000000099999999982 0.00000000099999999982 0.00000000099999999982 0.87971279340513564016 0.00000000099999999982 0.00000000099999999982 0.00000000099999999982 0.12028719859486454447 0.00000000099999999982 0.00000000099999999982 
0.00000000099999999986 0.00000000099999999986 0.00000000099999999986 0.35749869640175679919 0.57541275932698554563 0.06708853727125753397 0.00000000099999999986 0.00000000099999999986 0.00000000099999999986 0.00000000099999999986 
0.00000071267061709734 0.00000000099999999988 0.00000000099999999988 0.00000000099999999988 0.99312120565087858015 0.00687807467850439468 0.00000000099999999988 0.00000000099999999988 0.00000000099999999988 0.00000000099999999988 
0.00000000099999999985 0.00000000099999999985 0.86838303736004995859 0.00000000099999999985 0.00000000099999999985 0.00000000099999999985 0.00000000099999999985 0.00000000099999999985 0.02255776054423617658 0.10905919509571404546 
0.30444956223646368887 0.00000000099999999989 0.12872586070132779890 0.31570397586444620686 0.10190522311601747651 0.00000000099999999989 0.00000000099999999989 0.00000000099999999989 0.00000000099999999989 0.14921537308174470660 
0.00000000099999999989 0.00000000099999999989 0.19218628283958696934 0.00000000099999999989 0.14892466090352179942 0.65888904925689117942 0.00000000099999999989 0.00000000099999999989 0.00000000099999999989 0.00000000099999999989 
0.56584771936969557871 0.00000000099999999983 0.00000000099999999983 0.06549924278851404491 0.00000000099999999983 0.36865303084179046333 0.00000000099999999983 0.00000000099999999983 0.00000000099999999983 0.00000000099999999983 
0.00000000099999999970 0.00000000099999999970 0.00000000099999999970 0.00000000099999999970 0.99999999100000014352 0.00000000099999999970 0.00000000099999999970 0.00000000099999999970 0.00000000099999999970 0.00000000099999999970 
0.44670313904269554062 0.00000000099999999989 0.00000000099999999989 0.25872754464680919329 0.26305639720105600254 0.00000000099999999989 0.00000000099999999989 0.00000000099999999989 0.00000000099999999989 0.03151291310943922508 
0.12098796333687152071 0.00000000099999999985 0.00000000099999999985 0.00000000099999999985 0.00000000099999999985 0.00000000099999999985 0.00000000099999999985 0.87901202866312855289 0.00000000099999999985 0.00000000099999999985 
0.99999999100000014352 0.00000000099999999962 0.00000000099999999962 0.00000000099999999962 0.00000000099999999962 0.00000000099999999962 0.00000000099999999962 0.00000000099999999962 0.00000000099999999962 0.00000000099999999962 
0.02999832986726228695 0.00000000099999999986 0.00000000099999999986 0.00000000099999999986 0.66333434790267487013 0.30666731523006290905 0.00000000099999999986 0.00000000099999999986 0.00000000099999999986 0.00000000099999999986 
0.00000000099999999990 0.90147480649052480484 0.00000000099999999990 0.00000000099999999990 0.00000000099999999990 0.00000000099999999990 0.09852518550947537979 0.00000000099999999990 0.00000000099999999990 0.00000000099999999990 
0.00000000099999999991 0.42925336618153420165 0.27899242737437002226 0.00000000099999999991 0.29175419944409580753 0.00000000099999999991 0.00000000099999999991 0.00000000099999999991 0.00000000099999999991 0.00000000099999999991 
0.00000000099999999995 0.36499495547796279027 0.00000000099999999995 0.34640141463505552677 0.00000000099999999995 0.05819876250235841986 0.21747995563852395851 0.00000000099999999995 0.00000000099999999995 0.01292490674609916845 
0.00000000099999999993 0.33614632330733995591 0.19951100105959168607 0.06498597045845118381 0.00000000099999999993 0.00000000099999999993 0.00000000099999999993 0.39935669917461735778 0.00000000099999999993 0.00000000099999999993 
0.00000000099999999988 0.00000000099999999988 0.00000000099999999988 0.14413202974827629688 0.65280277284263232840 0.00000000099999999988 0.00000000099999999988 0.05082307059132713106 0.09402380859568812421 0.05821831322207618453 
0.00000000099999999984 0.00000000099999999984 0.00000000099999999984 0.74844244316465502465 0.15142089686039250651 0.00000000099999999984 0.00000000099999999984 0.00000000099999999984 0.00000000099999999984 0.10013665297495254192 
0.00000000099999999983 0.00000000099999999983 0.68544298864838837382 0.31455700335161163039 0.00000000099999999983 0.00000000099999999983 0.00000000099999999983 0.00000000099999999983 0.00000000099999999983 0.00000000099999999983 
0.99999999100000025454 0.00000000099999999983 0.00000000099999999983 0.00000000099999999983 0.00000000099999999983 0.00000000099999999983 0.00000000099999999983 0.00000000099999999983 0.00000000099999999983 0.00000000099999999983 
0.00000000099999999984 0.00000000099999999984 0.00000000099999999984 0.47306362377230015692 0.00000000099999999984 0.39646624028410432095 0.00000000099999999984 0.00000000099999999984 0.00000000099999999984 0.13047012894359549806 
0.18021008753238101918 0.00000000099999999985 0.00000000099999999985 0.00000000099999999985 0.52847089056169493926 0.26510605121494995595 0.00000000099999999985 0.00000000099999999985 0.02621296469097413387 0.00000000099999999985 
0.00000000099999999994 0.00000000099999999994 0.00000000099999999994 0.30399968724405990184 0.00000000099999999994 0.64425966075604479411 0.03539258493308370529 0.00000003570506537059 0.01634802636174622487 0.00000000099999999994 
0.00000000099999999973 0.00000000099999999973 0.00000000099999999973 0.99999999100000003249 0.00000000099999999973 0.00000000099999999973 0.00000000099999999973 0.00000000099999999973 0.00000000099999999973 0.00000000099999999973 
0.00000000099999999989 0.00000000099999999989 0.17038540098184454252 0.00000000099999999989 0.00000000099999999989 0.00000000099999999989 0.00000000099999999989 0.46166373500708379751 0.36795085701107160814 0.00000000099999999989 
0.15968126698861484503 0.75037891417980129294 0.00000000099999999992 0.00000000099999999992 0.00000000099999999992 0.00000000099999999992 0.07723931331074618267 0.00000000099999999992 0.01270049952083791497 0.00000000099999999992 
0.00000000099999999980 0.00000000099999999980 0.00000000099999999980 0.10426511619735698289 0.62263320363039931227 0.27310167317224376404 0.00000000099999999980 0.00000000099999999980 0.00000000099999999980 0.00000000099999999980 
0.14438677258198978626 0.52455871853499080881 0.33105450188301949188 0.00000000099999999979 0.00000000099999999979 0.00000000099999999979 0.00000000099999999979 0.00000000099999999979 0.00000000099999999979 0.00000000099999999979 
0.00000000099999999967 0.00000000099999999967 0.00000000099999999967 0.00000000099999999967 0.00000000099999999967 0.00000000099999999967 0.00000000099999999967 0.00000000099999999967 0.00000000099999999967 0.99999999099999992147 
0.99999999100000014352 0.00000000099999999974 0.00000000099999999974 0.00000000099999999974 0.00000000099999999974 0.00000000099999999974 0.00000000099999999974 0.00000000099999999974 0.00000000099999999974 0.00000000099999999974 
0.00000000099999999985 0.00000000099999999985 0.00000000099999999985 0.00000000099999999985 0.00000000099999999985 0.22056590329937278416 0.00000000099999999985 0.00000000099999999985 0.00000000099999999985 0.77943408870062713678 
0.79448568570753985707 0.00000000099999999984 0.00000000099999999984 0.20551430629246025816 0.00000000099999999984 0.00000000099999999984 0.00000000099999999984 0.00000000099999999984 0.00000000099999999984 0.00000000099999999984 
0.00000000099999999962 0.00000000099999999962 0.00000000099999999962 0.00000000099999999962 0.00000000099999999962 0.00000000099999999962 0.00000000099999999962 0.00000000099999999962 0.99999999100000003249 0.00000000099999999962 
0.29882847944930029938 0.00000000099999999992 0.00000000099999999992 0.00000000099999999992 0.00000000099999999992 0.00000000099999999992 0.00000000099999999992 0.00000000099999999992 0.00000000099999999992 0.70117151255069942728 
0.21884308896558413160 0.00000000099999999992 0.00000000099999999992 0.00000000099999999992 0.00000000099999999992 0.00000000099999999992 0.00000000099999999992 0.05709219143613971509 0.00000000099999999992 0.72406471259827609455 
0.00000000099999999978 0.00000000099999999978 0.00000000099999999978 0.99999999100000003249 0.00000000099999999978 0.00000000099999999978 0.00000000099999999978 0.00000000099999999978 0.00000000099999999978 0.00000000099999999978 
0.00000000099999999985 0.00000000099999999985 0.00000000099999999985 0.00000000099999999985 0.00000000099999999985 0.00000000099999999985 0.00000000099999999985 0.00000000099999999985 0.00000000099999999985 0.99999999099999992147 
0.59986393825656203482 0.00000000099999999991 0.00000000099999999991 0.07869079592936761847 0.14755472873081362795 0.17389053108325688846 0.00000000099999999991 0.00000000099999999991 0.00000000099999999991 0.00000000099999999991 
0.00000000099999999989 0.18193232189977665003 0.48582623578522415864 0.00000000099999999989 0.00000000099999999989 0.00000000099999999989 0.00000000099999999989 0.25540890494132717503 0.07683253137367210273 0.00000000099999999989 
0.34335642541831828956 0.00000000099999999977 0.00000000099999999977 0.00000000099999999977 0.00000000099999999977 0.00000000099999999977 0.00000000099999999977 0.00000000099999999977 0.00000000099999999977 0.65664356658168143710 
0.33872634117934363740 0.00000000099999999994 0.08919532291603737839 0.21101281062205407002 0.33725498360694261546 0.00000000099999999994 0.00000000099999999994 0.00000000099999999994 0.00000000099999999994 0.02381053667562226667 
0.00000000099999999968 0.00000000099999999968 0.00000000099999999968 0.00000000099999999968 0.00000000099999999968 0.00000000099999999968 0.99999999100000003249 0.00000000099999999968 0.00000000099999999968 0.00000000099999999968 
0.00000000099999999989 0.15698385875324119554 0.00000000099999999989 0.00000000099999999989 0.00000000099999999989 0.00000000099999999989 0.00000000099999999989 0.00000000099999999989 0.00000000099999999989 0.84301613324675883643 
0.00000000099999999989 0.00000000099999999989 0.00000000099999999989 0.31335670153250566594 0.48029680022190474054 0.00000000099999999989 0.00000000099999999989 0.00000000099999999989 0.00000000099999999989 0.20634649124558954170 
0.00000000099999999988 0.00000000099999999988 0.00000000099999999988 0.00000000099999999988 0.00000000099999999988 0.00000000099999999988 0.00000000099999999988 0.00000000099999999988 0.00000000099999999988 0.99999999100000003249 
0.22759573019016265949 0.00000000099999999980 0.00000000099999999980 0.00000000099999999980 0.00000000099999999980 0.00000000099999999980 0.00000000099999999980 0.00000000099999999980 0.00000000099999999980 0.77240426180983745574 
0.00000000099999999987 0.00000000099999999987 0.73424896883516022061 0.00000000099999999987 0.00000000099999999987 0.00000000099999999987 0.08872486241066777912 0.00000000099999999987 0.00000000099999999987 0.17702616175417199007 
0.00000000099999999994 0.00000000099999999994 0.28208787244237670810 0.27701594222262226896 0.00000000099999999994 0.00000000099999999994 0.34899184840399949392 0.09190433093100150441 0.00000000099999999994 0.00000000099999999994 
0.00000000099999999991 0.00000000099999999991 0.00000000099999999991 0.00000000099999999991 0.00000000099999999991 0.00000000099999999991 0.00000513578227663545 0.00000000099999999991 0.00000000099999999991 0.99999485621772332689 
0.00000000099999999971 0.00000000099999999971 0.00000000099999999971 0.99999999100000003249 0.00000000099999999971 0.00000000099999999971 0.00000000099999999971 0.00000000099999999971 0.00000000099999999971 0.00000000099999999971 
0.00000000099999999979 0.00000000099999999979 0.00000000099999999979 0.99999999100000014352 0.00000000099999999979 0.00000000099999999979 0.00000000099999999979 0.00000000099999999979 0.00000000099999999979 0.00000000099999999979 
0.00000000099999999982 0.99999999100000025454 0.00000000099999999982 0.00000000099999999982 0.00000000099999999982 0.00000000099999999982 0.00000000099999999982 0.00000000099999999982 0.00000000099999999982 0.00000000099999999982 
0.00000000099999999996 0.00000000099999999996 0.15355536950089315740 0.14605935763932142990 0.63687864721340370355 0.00000000099999999996 0.00000000099999999996 0.03328331340550907264 0.00000000099999999996 0.03022330724087271894 
0.38818370574960781028 0.09187344586007453739 0.00000000099999999990 0.48196594238234014007 0.03789567905130221404 0.00008122195667541872 0.00000000099999999990 0.00000000099999999990 0.00000000099999999990 0.00000000099999999990 
0.16452141975776357619 0.00000000099999999982 0.00000000099999999982 0.83547857224223642802 0.00000000099999999982 0.00000000099999999982 0.00000000099999999982 0.00000000099999999982 0.00000000099999999982 0.00000000099999999982 
0.17640870657754248452 0.00000000099999999993 0.00000000099999999993 0.10721788329188969291 0.70825422648200042630 0.00000000099999999993 0.00000000099999999993 0.00000000099999999993 0.00000000099999999993 0.00811917764856751566 
0.00000000099999999985 0.00000000099999999985 0.00000000099999999985 0.99999999100000014352 0.00000000099999999985 0.00000000099999999985 0.00000000099999999985 0.00000000099999999985 0.00000000099999999985 0.00000000099999999985 
0.00000000099999999991 0.00000000099999999991 0.00000000099999999991 0.00000000099999999991 0.00000000099999999991 0.85353941779027919790 0.00000000099999999991 0.14646057420972083407 0.00000000099999999991 0.00000000099999999991 
0.00000000099999999994 0.53446847445389944475 0.41714527700695713808 0.00000000099999999994 0.04838624153914367759 0.00000000099999999994 0.00000000099999999994 0.00000000099999999994 0.00000000099999999994 0.00000000099999999994 
0.24725359782210148962 0.32055636762154759989 0.00000000099999999991 0.35659138182773036929 0.00000000099999999991 0.00000000099999999991 0.00000000099999999991 0.00000000099999999991 0.07559864672862076640 0.00000000099999999991 
0.00000000099999999984 0.00000000099999999984 0.00000000099999999984 0.00000000099999999984 0.00000000099999999984 0.00000000099999999984 0.00000000099999999984 0.00000000099999999984 0.00000000099999999984 0.99999999099999992147 
0.00000000099999999998 0.00000000099999999998 0.15486594243020040951 0.00000000099999999998 0.29247001530888511178 0.00000000099999999998 0.39531991133219668288 0.00000000099999999998 0.15734412492871791001 0.00000000099999999998 
0.00000000099999999976 0.99999999100000014352 0.00000000099999999976 0.00000000099999999976 0.00000000099999999976 0.00000000099999999976 0.00000000099999999976 0.00000000099999999976 0.00000000099999999976 0.00000000099999999976 
0.00000000099999999991 0.00000000099999999991 0.00000000099999999991 0.00000000099999999991 0.39569386122034538866 0.00000000099999999991 0.00000000099999999991 0.00000000099999999991 0.00000000099999999991 0.60430613077965456004 
0.00000000099999999989 0.00000000099999999989 0.00000000099999999989 0.00000000099999999989 0.00000000099999999989 0.00000000099999999989 0.00000000099999999989 0.00000000099999999989 0.00000000099999999989 0.99999999100000003249 
0.00000000099999999991 0.27015012861193404836 0.00000000099999999991 0.00000000099999999991 0.36418921602951198624 0.00000000099999999991 0.00000000099999999991 0.00000000099999999991 0.36566064835855394133 0.00000000099999999991 
0.70591737639654439374 0.00000000099999999986 0.00000000099999999986 0.29408261560345583252 0.00000000099999999986 0.00000000099999999986 0.00000000099999999986 0.00000000099999999986 0.00000000099999999986 0.00000000099999999986 
0.00000000099999999989 0.00000000099999999989 0.00000000099999999989 0.36322463574344804327 0.53851344787332111608 0.00000000099999999989 0.00000000099999999989 0.09826190938323078883 0.00000000099999999989 0.00000000099999999989 
0.00000000099999999997 0.23599290424272384437 0.00000000099999999997 0.00000000183012011304 0.00000000099999999997 0.00000000099999999997 0.57369117347275677687 0.00000000099999999997 0.00000019665862763838 0.19031571879577169337 
0.00000000099999999991 0.00000000099999999991 0.00000000099999999991 0.29924837416928745659 0.44343637502070687439 0.25731524381000575596 0.00000000099999999991 0.00000000099999999991 0.00000000099999999991 0.00000000099999999991 
0.21176876864696256297 0.10425112036037263719 0.26663683711477964566 0.00000000099999999989 0.00000000099999999989 0.00000000099999999989 0.41734326787788517121 0.00000000099999999989 0.00000000099999999989 0.00000000099999999989 
0.00000000099999999992 0.00000000099999999992 0.00000000099999999992 0.00000000099999999992 0.00000000099999999992 0.68810145906085862233 0.00000000099999999992 0.31189853293914154841 0.00000000099999999992 0.00000000099999999992 
0.00000000099999999986 0.00000000099999999986 0.00000000099999999986 0.00000000099999999986 0.99999999100000014352 0.00000000099999999986 0.00000000099999999986 0.00000000099999999986 0.00000000099999999986 0.00000000099999999986 
0.35091100827348375990 0.00000000099999999983 0.00000000099999999983 0.00000000099999999983 0.00000000099999999983 0.00000000099999999983 0.00000000099999999983 0.00000000099999999983 0.00000000099999999983 0.64908898372651602227 
