0.00000000099999999889 0.00000000099999999889 0.00000000099999999889 0.00000000099999999889 0.00000000099999999889 0.00000000099999999889 0.00000000099999999889 0.00000000099999999889 0.00000000099999999889 0.00000000099999999889 0.99999998799999989529 0.00000000099999999889 0.00000000099999999889 
0.00000000099999999928 0.00000000099999999928 0.37945117109704179503 0.00000000099999999928 0.00000000099999999928 0.00000000099999999928 0.41459666746479029165 0.18272964309616690493 0.00000000099999999928 0.02322250934200086048 0.00000000099999999928 0.00000000099999999928 0.00000000099999999928 
0.99999998800000022836 0.00000000099999999846 0.00000000099999999846 0.00000000099999999846 0.00000000099999999846 0.00000000099999999846 0.00000000099999999846 0.00000000099999999846 0.00000000099999999846 0.00000000099999999846 0.00000000099999999846 0.00000000099999999846 0.00000000099999999846 
0.00000000099999999918 0.00000000099999999918 0.26986491144916524565 0.00000000099999999918 0.00000000099999999918 0.00000000099999999918 0.45770836112964830011 0.27242671742118645950 0.00000000099999999918 0.00000000099999999918 0.00000000099999999918 0.00000000099999999918 0.00000000099999999918 
0.00000000099999999928 0.00000000099999999928 0.43486192238608006866 0.00000000099999999928 0.00000000099999999928 0.00000000099999999928 0.34329100002608509135 0.22184706758783470648 0.00000000099999999928 0.00000000099999999928 0.00000000099999999928 0.00000000099999999928 0.00000000099999999928 
0.00000000099999999961 0.53262952428800125482 0.00000000099999999961 0.00000000099999999961 0.00000000099999999961 0.00000000099999999961 0.00000000099999999961 0.02051933214171064099 0.28180028419861724576 0.00000000099999999961 0.00000000099999999961 0.08429577964511744681 0.08075507172655357890 
0.02402716599589252086 0.00000000099999999981 0.00000000099999999981 0.00000000099999999981 0.00000000099999999981 0.00883587877310125502 0.00000000099999999981 0.03803393198641531747 0.72486093763690795377 0.00000000099999999981 0.00000000099999999981 0.06540036067582261081 0.13884171793186039778 
0.00000000099999999958 0.00000000099999999958 0.00000000099999999958 0.00000000099999999958 0.00000000099999999958 0.00000000099999999958 0.09590183582859146405 0.00000000099999999958 0.00000000099999999958 0.90409815317140851398 0.00000000099999999958 0.00000000099999999958 0.00000000099999999958 
0.99999998800000011734 0.00000000099999999881 0.00000000099999999881 0.00000000099999999881 0.00000000099999999881 0.00000000099999999881 0.00000000099999999881 0.00000000099999999881 0.00000000099999999881 0.00000000099999999881 0.00000000099999999881 0.00000000099999999881 0.00000000099999999881 
0.00000000099999999914 0.99999998800000033938 0.00000000099999999914 0.00000000099999999914 0.00000000099999999914 0.00000000099999999914 0.00000000099999999914 0.00000000099999999914 0.00000000099999999914 0.00000000099999999914 0.00000000099999999914 0.00000000099999999914 0.00000000099999999914 
0.17390869527362087799 0.00000000099999999931 0.33674778124415860603 0.00000000099999999931 0.00000000099999999931 0.00000000099999999931 0.48934351348222088207 0.00000000099999999931 0.00000000099999999931 0.00000000099999999931 0.00000000099999999931 0.00000000099999999931 0.00000000099999999931 
0.00000000099999999940 0.00000000099999999940 0.32339209069113866724 0.00000000099999999940 0.00000000099999999940 0.00000000099999999940 0.51283223757996110326 0.10599836338388579637 0.00000000099999999940 0.05777729934501438930 0.00000000099999999940 0.00000000099999999940 0.00000000099999999940 
0.00000000099999999930 0.00000000099999999930 0.43559558659202046726 0.00000000099999999930 0.02382440744035224309 0.00000000099999999930 0.39293794462985293103 0.14764205233777433213 0.00000000099999999930 0.00000000099999999930 0.00000000099999999930 0.00000000099999999930 0.00000000099999999930 
0.00000000099999999905 0.00000000099999999905 0.00000000099999999905 0.99999998800000022836 0.00000000099999999905 0.00000000099999999905 0.00000000099999999905 0.00000000099999999905 0.00000000099999999905 0.00000000099999999905 0.00000000099999999905 0.00000000099999999905 0.00000000099999999905 
0.30546244894973995088 0.00000000099999999945 0.06845387547243490800 0.00000000099999999945 0.07692239382967183681 0.00000000099999999945 0.06269521655254269021 0.00000000099999999945 0.00000000099999999945 0.48646605719561064607 0.00000000099999999945 0.00000000099999999945 0.00000000099999999945 
0.00000000099999999947 0.00000000099999999947 0.00000000099999999947 0.00000000099999999947 0.00000000099999999947 0.00000000099999999947 0.00000000099999999947 0.00000000099999999947 0.99617133562997295382 0.00000000099999999947 0.00000000099999999947 0.00000000099999999947 0.00382865337002717470 
0.00000000099999999936 0.00000000099999999936 0.52333668495596208370 0.00000000099999999936 0.00000000099999999936 0.00000000099999999936 0.47666330404403811638 0.00000000099999999936 0.00000000099999999936 0.00000000099999999936 0.00000000099999999936 0.00000000099999999936 0.00000000099999999936 
0.01708488471198266190 0.00000000099999999928 0.40185069497217329459 0.00000000099999999928 0.00000000099999999928 0.00000000099999999928 0.56509655031121863722 0.01596786100462533470 0.00000000099999999928 0.00000000099999999928 0.00000000099999999928 0.00000000099999999928 0.00000000099999999928 
0.00000000099999999973 0.00000000099999999973 0.00000000099999999973 0.03598472497027200429 0.00000000099999999973 0.00000000099999999973 0.00000000099999999973 0.00000000099999999973 0.58467295503516514277 0.00000000099999999973 0.00000000099999999973 0.10576681488790221075 0.27357549610666076489 
0.00000000099999999938 0.00000000099999999938 0.39246435906905696722 0.00000000099999999938 0.00000000099999999938 0.00000000099999999938 0.48460496507614964079 0.00000000099999999938 0.00000000099999999938 0.12293066585479352215 0.00000000099999999938 0.00000000099999999938 0.00000000099999999938 
0.08455329864476841817 0.00000000099999999941 0.29915961487045195089 0.00000000099999999941 0.00000000099999999941 0.00000000099999999941 0.61628707648477965009 0.00000000099999999941 0.00000000099999999941 0.00000000099999999941 0.00000000099999999941 0.00000000099999999941 0.00000000099999999941 
0.82565252211085393697 0.00000000099999999921 0.00000000099999999921 0.00000000099999999921 0.10407123121074537964 0.00000000099999999921 0.00000000099999999921 0.07027623667840109112 0.00000000099999999921 0.00000000099999999921 0.00000000099999999921 0.00000000099999999921 0.00000000099999999921 
0.00000000099999999970 0.13678487208810288789 0.00000000099999999970 0.00000000099999999970 0.00657282443592715863 0.00000001411419178736 0.00000000099999999970 0.00000000099999999970 0.65965601203992352275 0.00000000099999999970 0.00000000099999999970 0.00000000099999999970 0.19698626932185475669 
0.00000000099999999974 0.00000000099999999974 0.00000000099999999974 0.00000000099999999974 0.00000000099999999974 0.14865854298439876158 0.00000000099999999974 0.00000000099999999974 0.38514675216291949233 0.00000000099999999974 0.00000000099999999974 0.11005301668602952836 0.35614167916665229185 
0.51465892706295213177 0.00000000099999999958 0.00000000099999999958 0.00000000099999999958 0.00000000099999999958 0.00000000099999999958 0.32141829466048732478 0.00000000099999999958 0.00000000099999999958 0.16392276827656074301 0.00000000099999999958 0.00000000099999999958 0.00000000099999999958 
0.00000000099999999853 0.00000000099999999853 0.00000000099999999853 0.99999998800000000632 0.00000000099999999853 0.00000000099999999853 0.00000000099999999853 0.00000000099999999853 0.00000000099999999853 0.00000000099999999853 0.00000000099999999853 0.00000000099999999853 0.00000000099999999853 
0.22656380617601384886 0.00000000099999999940 0.28746049393651218473 0.00000000099999999940 0.16717895069650098860 0.00000000099999999940 0.22428066162839335740 0.03902351881237660358 0.00000000099999999940 0.05549256175020319398 0.00000000099999999940 0.00000000099999999940 0.00000000099999999940 
0.00000000099999999959 0.00000000099999999959 0.00000000099999999959 0.00000000099999999959 0.00000000099999999959 0.00000000099999999959 0.00000000099999999959 0.00000000099999999959 0.99999998800000011734 0.00000000099999999959 0.00000000099999999959 0.00000000099999999959 0.00000000099999999959 
0.00000000099999999954 0.00000000099999999954 0.46723644548438653112 0.00000000099999999954 0.00000000099999999954 0.00000000099999999954 0.42810406829908803639 0.10465947621652528510 0.00000000099999999954 0.00000000099999999954 0.00000000099999999954 0.00000000099999999954 0.00000000099999999954 
0.00000000099999999942 0.00000000099999999942 0.20142994357198526489 0.00000000099999999942 0.25297224150338154525 0.00000000099999999942 0.54559780492463338941 0.00000000099999999942 0.00000000099999999942 0.00000000099999999942 0.00000000099999999942 0.00000000099999999942 0.00000000099999999942 
0.00000000099999999934 0.00000000099999999934 0.00000000099999999934 0.00000000099999999934 0.28539496069842695825 0.00000000099999999934 0.00000000099999999934 0.00000000099999999934 0.00000000099999999934 0.00000000099999999934 0.71460502830157290877 0.00000000099999999934 0.00000000099999999934 
0.00000000099999999960 0.90222127321912659603 0.09777871578087354854 0.00000000099999999960 0.00000000099999999960 0.00000000099999999960 0.00000000099999999960 0.00000000099999999960 0.00000000099999999960 0.00000000099999999960 0.00000000099999999960 0.00000000099999999960 0.00000000099999999960 
0.00000000099999999982 0.01834144428377190369 0.00000000099999999982 0.00000000099999999982 0.00000000099999999982 0.13329365105618745657 0.00000000099999999982 0.11105800101324117546 0.73730689464679943779 0.00000000099999999982 0.00000000099999999982 0.00000000099999999982 0.00000000099999999982 
0.00000000099999999940 0.88044769233170094846 0.00000000099999999940 0.00000000099999999940 0.00000000099999999940 0.11955229666829934876 0.00000000099999999940 0.00000000099999999940 0.00000000099999999940 0.00000000099999999940 0.00000000099999999940 0.00000000099999999940 0.00000000099999999940 
0.00000000099999999974 0.00000000099999999974 0.00001006261357663530 0.00000000099999999974 0.00000000099999999974 0.00000000099999999974 0.00000000099999999974 0.00000000099999999974 0.99998992638642347774 0.00000000099999999974 0.00000000099999999974 0.00000000099999999974 0.00000000099999999974 
0.00000000099999999861 0.00000000099999999861 0.00000000099999999861 0.99999998800000011734 0.00000000099999999861 0.00000000099999999861 0.00000000099999999861 0.00000000099999999861 0.00000000099999999861 0.00000000099999999861 0.00000000099999999861 0.00000000099999999861 0.00000000099999999861 
0.00000000099999999916 0.00000000099999999916 0.00000000099999999916 0.00000000099999999916 0.00000000099999999916 0.99999998800000022836 0.00000000099999999916 0.00000000099999999916 0.00000000099999999916 0.00000000099999999916 0.00000000099999999916 0.00000000099999999916 0.00000000099999999916 
0.00000000099999999978 0.00000000099999999978 0.14731353488235354732 0.00000000099999999978 0.00000000099999999978 0.00000000099999999978 0.40294345426514938113 0.10622798341986852688 0.00000000099999999978 0.28409379712342203161 0.00000000099999999978 0.00000000099999999978 0.05942122230920664216 
0.00000000099999999979 0.01256837745668629158 0.00000000099999999979 0.00000000099999999979 0.17104378446377499490 0.00000000099999999979 0.00000000099999999979 0.00000000099999999979 0.61895287561213552241 0.00000000099999999979 0.00000000099999999979 0.00000000099999999979 0.19743495346740311258 
0.00000000099999999965 0.00000000099999999965 0.20367754277050159617 0.00000000099999999965 0.00000000099999999965 0.00000000099999999965 0.00000000099999999965 0.00000000099999999965 0.00000000099999999965 0.79632244622949832635 0.00000000099999999965 0.00000000099999999965 0.00000000099999999965 
0.31959404737376051475 0.00000000099999999959 0.18088382437631980726 0.00000000099999999959 0.06312582415008885506 0.00000000099999999959 0.24402216113319322166 0.17562789445055146387 0.00000000099999999959 0.00000000099999999959 0.00000000099999999959 0.00000000099999999959 0.01674624151608627293 
0.00000000099999999947 0.00000000099999999947 0.41180283629323694017 0.00000000099999999947 0.00000000099999999947 0.00000000099999999947 0.58819715270676309338 0.00000000099999999947 0.00000000099999999947 0.00000000099999999947 0.00000000099999999947 0.00000000099999999947 0.00000000099999999947 
0.00000000099999999918 0.00000000099999999918 0.00000000099999999918 0.00000000099999999918 0.99999998800000011734 0.00000000099999999918 0.00000000099999999918 0.00000000099999999918 0.00000000099999999918 0.00000000099999999918 0.00000000099999999918 0.00000000099999999918 0.00000000099999999918 
0.00000000099999999983 0.20185528879389386114 0.04046169483447323301 0.18198741159345963037 0.00000000199584408054 0.25441367131101316756 0.00000000099999999983 0.00000000099999999983 0.00000000099999999983 0.06804569798843321249 0.00000000099999999983 0.25323622748288276973 0.00000000099999999983 
0.00000000099999999907 0.00000000099999999907 0.00000000099999999907 0.99999998800000011734 0.00000000099999999907 0.00000000099999999907 0.00000000099999999907 0.00000000099999999907 0.00000000099999999907 0.00000000099999999907 0.00000000099999999907 0.00000000099999999907 0.00000000099999999907 
0.59054516999029482704 0.00000000099999999971 0.11708724703872147588 0.00000000099999999971 0.00000000099999999971 0.00000000099999999971 0.29236757297098392439 0.00000000099999999971 0.00000000099999999971 0.00000000099999999971 0.00000000099999999971 0.00000000099999999971 0.00000000099999999971 
0.00000000099999999968 0.00000000099999999968 0.00000000099999999968 0.00000000099999999968 0.00000000099999999968 0.00000000771645608195 0.00000000099999999968 0.08509772961954428783 0.91490225266399960447 0.00000000099999999968 0.00000000099999999968 0.00000000099999999968 0.00000000099999999968 
0.00000000099999999969 0.81912711077049316089 0.00000000099999999969 0.00000000099999999969 0.00000000099999999969 0.00000000099999999969 0.00000000099999999969 0.00000000099999999969 0.00000000099999999969 0.00000000099999999969 0.00000000099999999969 0.18087287822950709471 0.00000000099999999969 
0.02924545442565253811 0.00000000099999999980 0.00000000099999999980 0.17824513205232367374 0.00000000099999999980 0.00000000099999999980 0.00000000099999999980 0.00000000099999999980 0.61266555653629273248 0.00000000099999999980 0.00000000099999999980 0.00000000099999999980 0.17984384798573124775 
0.00000000099999999933 0.00000000099999999933 0.00000000099999999933 0.91998177465304742384 0.00000000099999999933 0.00000000099999999933 0.08001821434695280399 0.00000000099999999933 0.00000000099999999933 0.00000000099999999933 0.00000000099999999933 0.00000000099999999933 0.00000000099999999933 
0.99999998800000022836 0.00000000099999999914 0.00000000099999999914 0.00000000099999999914 0.00000000099999999914 0.00000000099999999914 0.00000000099999999914 0.00000000099999999914 0.00000000099999999914 0.00000000099999999914 0.00000000099999999914 0.00000000099999999914 0.00000000099999999914 
0.00000000099999999968 0.00000000099999999968 0.27573577719251246565 0.00000000099999999968 0.00000000099999999968 0.00000000099999999968 0.34206567702704776535 0.23866911096480453169 0.00000000099999999968 0.14352942581563510327 0.00000000099999999968 0.00000000099999999968 0.00000000099999999968 
0.00000000099999999960 0.99999998800000022836 0.00000000099999999960 0.00000000099999999960 0.00000000099999999960 0.00000000099999999960 0.00000000099999999960 0.00000000099999999960 0.00000000099999999960 0.00000000099999999960 0.00000000099999999960 0.00000000099999999960 0.00000000099999999960 
0.00000000099999999975 0.00000000099999999975 0.00000000099999999975 0.00000000099999999975 0.00000000099999999975 0.00000000099999999975 0.00000000099999999975 0.00000000099999999975 0.00000000099999999975 0.00000000099999999975 0.99999998799999989529 0.00000000099999999975 0.00000000099999999975 
0.00000000099999999947 0.00000000099999999947 0.00000000099999999947 0.00000000099999999947 0.00000000099999999947 0.00000000099999999947 0.00000000099999999947 0.00000000099999999947 0.00000000099999999947 0.00000000099999999947 0.00000000099999999947 0.62946050157509969569 0.37053948742490044888 
0.00000000099999999969 0.00000000099999999969 0.00000000099999999969 0.00000000099999999969 0.10523200710694574633 0.00000000099999999969 0.00000000099999999969 0.00000000099999999969 0.00000000099999999969 0.00000000099999999969 0.89476798189305439823 0.00000000099999999969 0.00000000099999999969 
0.00000000099999999940 0.99999998800000033938 0.00000000099999999940 0.00000000099999999940 0.00000000099999999940 0.00000000099999999940 0.00000000099999999940 0.00000000099999999940 0.00000000099999999940 0.00000000099999999940 0.00000000099999999940 0.00000000099999999940 0.00000000099999999940 
0.00000000099999999911 0.00000000099999999911 0.00000000099999999911 0.99999998800000011734 0.00000000099999999911 0.00000000099999999911 0.00000000099999999911 0.00000000099999999911 0.00000000099999999911 0.00000000099999999911 0.00000000099999999911 0.00000000099999999911 0.00000000099999999911 
0.00000000099999999970 0.00000000099999999970 0.55189173511826294938 0.00000000099999999970 0.00000000099999999970 0.00000000099999999970 0.22347676631930665780 0.22463148856243048135 0.00000000099999999970 0.00000000099999999970 0.00000000099999999970 0.00000000099999999970 0.00000000099999999970 
0.00000000099999999943 0.63405269742840586478 0.00000000099999999943 0.00000000099999999943 0.00000000099999999943 0.36594729157159433530 0.00000000099999999943 0.00000000099999999943 0.00000000099999999943 0.00000000099999999943 0.00000000099999999943 0.00000000099999999943 0.00000000099999999943 
0.00000000099999999947 0.99999998800000022836 0.00000000099999999947 0.00000000099999999947 0.00000000099999999947 0.00000000099999999947 0.00000000099999999947 0.00000000099999999947 0.00000000099999999947 0.00000000099999999947 0.00000000099999999947 0.00000000099999999947 0.00000000099999999947 
0.09707374707115196122 0.00000000099999999964 0.37575880015805479539 0.00000000099999999964 0.00000000099999999964 0.00000000099999999964 0.48904044525498885365 0.03812699851580441529 0.00000000099999999964 0.00000000099999999964 0.00000000099999999964 0.00000000099999999964 0.00000000099999999964 
0.00000000099999999976 0.13288815515694507585 0.00000000099999999976 0.00000000099999999976 0.00000000099999999976 0.13236165679669098516 0.00000000099999999976 0.00000000099999999976 0.00000000099999999976 0.00000000099999999976 0.00000000099999999976 0.34188815044839693247 0.39286202859796670595 
0.00000000099999999961 0.04892447501762035855 0.00000000099999999961 0.00000000099999999961 0.00000000099999999961 0.00000000099999999961 0.00000000099999999961 0.00000000099999999961 0.95107551398237977214 0.00000000099999999961 0.00000000099999999961 0.00000000099999999961 0.00000000099999999961 
0.00000000099999999963 0.20341623234959621547 0.00000000099999999963 0.00000000099999999963 0.00000000099999999963 0.68084727397995215004 0.00000000099999999963 0.00000000099999999963 0.00000000099999999963 0.11573648367045165364 0.00000000099999999963 0.00000000099999999963 0.00000000099999999963 
0.00000000099999999966 0.00000000099999999966 0.00000000099999999966 0.00000000099999999966 0.00000000099999999966 0.00000000099999999966 0.58186523211823915069 0.32123946139697123758 0.00000000099999999966 0.09689529648478958923 0.00000000099999999966 0.00000000099999999966 0.00000000099999999966 
0.00000000099999999982 0.24281525506815673787 0.00000000099999999982 0.00000000099999999982 0.00000000099999999982 0.00000000099999999982 0.00000000099999999982 0.00000000099999999982 0.00000000099999999982 0.00003263637325830852 0.75715209855858500720 0.00000000099999999982 0.00000000099999999982 
0.00000000099999999947 0.00000000099999999947 0.00000000099999999947 0.00000000099999999947 0.00000000099999999947 0.00000000099999999947 0.00000000099999999947 0.00000000099999999947 0.00000000099999999947 0.00000000099999999947 0.99999998799999989529 0.00000000099999999947 0.00000000099999999947 
0.00000000099999999954 0.99999998800000022836 0.00000000099999999954 0.00000000099999999954 0.00000000099999999954 0.00000000099999999954 0.00000000099999999954 0.00000000099999999954 0.00000000099999999954 0.00000000099999999954 0.00000000099999999954 0.00000000099999999954 0.00000000099999999954 
0.00000000099999999906 0.00000000099999999906 0.00000000099999999906 0.00000000099999999906 0.00000000099999999906 0.99999998800000022836 0.00000000099999999906 0.00000000099999999906 0.00000000099999999906 0.00000000099999999906 0.00000000099999999906 0.00000000099999999906 0.00000000099999999906 
0.00000000099999999938 0.00000000099999999938 0.00000000099999999938 0.00000000099999999938 0.11044496295770485361 0.00000000099999999938 0.88955502604229541586 0.00000000099999999938 0.00000000099999999938 0.00000000099999999938 0.00000000099999999938 0.00000000099999999938 0.00000000099999999938 
0.54159059683026933296 0.00000000099999999979 0.02902275355296179624 0.00000000099999999979 0.00000000099999999979 0.07430771076527518948 0.34895532532255435498 0.00000000099999999979 0.00000000099999999979 0.00000000099999999979 0.00612360552893957341 0.00000000099999999979 0.00000000099999999979 
0.35843977372417878957 0.00000000099999999980 0.43619236493697055579 0.00000000099999999980 0.00000000099999999980 0.00000000099999999980 0.11073812475022298818 0.03154914324405368176 0.06308058534457403055 0.00000000099999999980 0.00000000099999999980 0.00000000099999999980 0.00000000099999999980 
0.00000000099999999969 0.92445510127007590739 0.00000000099999999969 0.00000000099999999969 0.00000000099999999969 0.00000000099999999969 0.00000000099999999969 0.07554488772992437595 0.00000000099999999969 0.00000000099999999969 0.00000000099999999969 0.00000000099999999969 0.00000000099999999969 
0.00000000099999999965 0.63251424692535485050 0.18733448251918194405 0.00000000099999999965 0.00000000099999999965 0.00000000099999999965 0.00000000099999999965 0.00000000099999999965 0.00000000099999999965 0.00000000099999999965 0.00000000099999999965 0.00000000099999999965 0.18015126055546362704 
0.00000000099999999937 0.99999998800000033938 0.00000000099999999937 0.00000000099999999937 0.00000000099999999937 0.00000000099999999937 0.00000000099999999937 0.00000000099999999937 0.00000000099999999937 0.00000000099999999937 0.00000000099999999937 0.00000000099999999937 0.00000000099999999937 
0.00000000101060299945 0.00000000099999999985 0.00000000099999999985 0.00000000099999999985 0.00000000099999999985 0.00000000099999999985 0.41947265262465349700 0.40519130285335946962 0.00000000099999999985 0.17533603451138418672 0.00000000099999999985 0.00000000099999999985 0.00000000099999999985 
0.00000000099999999943 0.00000000099999999943 0.00000000099999999943 0.00000000099999999943 0.00000000099999999943 0.00000000099999999943 0.00000000099999999943 0.00000000099999999943 0.00000000099999999943 0.00000000099999999943 0.99999998800000000632 0.00000000099999999943 0.00000000099999999943 
0.00000000099999999940 0.99999998800000022836 0.00000000099999999940 0.00000000099999999940 0.00000000099999999940 0.00000000099999999940 0.00000000099999999940 0.00000000099999999940 0.00000000099999999940 0.00000000099999999940 0.00000000099999999940 0.00000000099999999940 0.00000000099999999940 
0.00000000099999999971 0.00000000099999999971 0.50428502813858533393 0.00000000099999999971 0.28894189052572066823 0.00000000099999999971 0.00000000099999999971 0.20677307133568051389 0.00000000099999999971 0.00000000100001350871 0.00000000099999999971 0.00000000099999999971 0.00000000099999999971 
0.00000000099999999961 0.00000000099999999961 0.00000000099999999961 0.00000000099999999961 0.00000000099999999961 0.00000000099999999961 0.00000000099999999961 0.00000000099999999961 0.00000000099999999961 0.00000000099999999961 0.99999998799999989529 0.00000000099999999961 0.00000000099999999961 
0.00000000099999999972 0.00000000099999999972 0.00000000099999999972 0.00000000099999999972 0.00000000099999999972 0.10564593922757632705 0.00000000099999999972 0.00000000099999999972 0.55991627573481972391 0.00000000099999999972 0.00000000099999999972 0.00000000099999999972 0.33443777503760407921 
0.00000000099999999988 0.01782549527787587532 0.13848049535184855929 0.00000000099999999988 0.00000000099999999988 0.00000000099999999988 0.00000000099999999988 0.00000000099999999988 0.36124840316922329775 0.00000000099999999988 0.00000000099999999988 0.35621120243692871998 0.12623439576412354146 
0.00000000099999999966 0.54781445489867675036 0.00000000099999999966 0.00000000099999999966 0.00000000099999999966 0.16888314672663970462 0.00000000099999999966 0.00000000099999999966 0.00000000099999999966 0.28330238837468385560 0.00000000099999999966 0.00000000099999999966 0.00000000099999999966 
0.00000000099999999979 0.84758821560609720613 0.00000000099999999979 0.00000000099999999979 0.00000000099999999979 0.00000000099999999979 0.00000000099999999979 0.00000000099999999979 0.00000000306130230068 0.00000000099999999979 0.00000000099999999979 0.15241177133260061516 0.00000000099999999979 
0.00000000099999999928 0.00000000099999999928 0.00000000099999999928 0.00000000099999999928 0.00000000099999999928 0.00000000099999999928 0.00000000099999999928 0.00000000099999999928 0.00000000099999999928 0.00000000099999999928 0.00000000099999999928 0.99999998800000000632 0.00000000099999999928 
0.00000000099999999975 0.14060600888052535162 0.20753455513583682346 0.00000000099999999975 0.00000000099999999975 0.00000000099999999975 0.35284024222469345666 0.00000000099999999975 0.00000000099999999975 0.29901918475894428973 0.00000000099999999975 0.00000000099999999975 0.00000000099999999975 
0.00000000099999999975 0.00000000099999999975 0.00000000099999999975 0.00000000099999999975 0.01333979059835388621 0.00000000099999999975 0.00000000099999999975 0.00000000099999999975 0.43968996678291061286 0.00000000099999999975 0.00000000099999999975 0.00000000099999999975 0.54697023261873545241 
0.00000000099999999957 0.99999998800000022836 0.00000000099999999957 0.00000000099999999957 0.00000000099999999957 0.00000000099999999957 0.00000000099999999957 0.00000000099999999957 0.00000000099999999957 0.00000000099999999957 0.00000000099999999957 0.00000000099999999957 0.00000000099999999957 
0.00000000099999999953 0.00000000099999999953 0.00000000099999999953 0.00000000099999999953 0.51488674004349310742 0.00000000099999999953 0.48511324895650703715 0.00000000099999999953 0.00000000099999999953 0.00000000099999999953 0.00000000099999999953 0.00000000099999999953 0.00000000099999999953 
0.00000000099999999963 0.00000000099999999963 0.00000000099999999963 0.00000000099999999963 0.00000000099999999963 0.38356376249863383121 0.00000000099999999963 0.00000000099999999963 0.00000000099999999963 0.00000000099999999963 0.00000000099999999963 0.61643622650136586927 0.00000000099999999963 
0.00000000099999999958 0.00000000099999999958 0.00000000099999999958 0.00000000099999999958 0.00000000099999999958 0.00000000099999999958 0.00000000099999999958 0.00000000099999999958 0.00000000099999999958 0.00000000099999999958 0.00000000099999999958 0.00000000099999999958 0.99999998800000000632 
0.00000000099999999966 0.00000000099999999966 0.00000000099999999966 0.00000000099999999966 0.00000000099999999966 0.00000000099999999966 0.00000000099999999966 0.00000000099999999966 0.00000000099999999966 0.00000000099999999966 0.99999998800000000632 0.00000000099999999966 0.00000000099999999966 
0.00000000099999999929 0.00000000099999999929 0.00000000099999999929 0.00000000099999999929 0.00000000099999999929 0.00000000099999999929 0.00000000099999999929 0.00000000099999999929 0.00000000099999999929 0.00000000099999999929 0.99999998800000000632 0.00000000099999999929 0.00000000099999999929 
0.00000000099999999961 0.00000000099999999961 0.00000000099999999961 0.00000000099999999961 0.00000000099999999961 0.00000000099999999961 0.00000000099999999961 0.00000000099999999961 0.00000000099999999961 0.00000000099999999961 0.00000000099999999961 0.00000000099999999961 0.99999998799999989529 
0.00000000099999999951 0.00000000099999999951 0.00000000099999999951 0.00000000099999999951 0.00000000099999999951 0.00000000099999999951 0.00000000099999999951 0.99999998800000000632 0.00000000099999999951 0.00000000099999999951 0.00000000099999999951 0.00000000099999999951 0.00000000099999999951 
0.00000000099999999989 0.00000000099999999989 0.00000000099999999989 0.00000000099999999989 0.00000000099999999989 0.26708714345618056463 0.00000000099999999989 0.10033975998846171584 0.63257308655535771091 0.00000000099999999989 0.00000000099999999989 0.00000000099999999989 0.00000000099999999989 
0.00000000099999999979 0.00000000099999999979 0.00000000099999999979 0.00000000099999999979 0.00000000099999999979 0.71046153364624897719 0.00000000099999999979 0.00000000099999999979 0.00000000099999999979 0.00000000099999999979 0.00000000099999999979 0.00000000099999999979 0.28953845535375127840 
0.00000000099999999955 0.00000000099999999955 0.00000000099999999955 0.00000000099999999955 0.00000000099999999955 0.00000000099999999955 0.00000000099999999955 0.00000000099999999955 0.00000000099999999955 0.00000000099999999955 0.00000000099999999955 0.99999998799999989529 0.00000000099999999955 
0.00000000099999999969 0.00000000099999999969 0.00000000099999999969 0.00000000099999999969 0.00000000099999999969 0.00000000099999999969 0.00000000099999999969 0.00000000099999999969 0.00000000099999999969 0.99999998800000000632 0.00000000099999999969 0.00000000099999999969 0.00000000099999999969 
0.00000000099999999979 0.00000000099999999979 0.78684745352168372623 0.00000000099999999979 0.00000000099999999979 0.00000000099999999979 0.00000000099999999979 0.00000000099999999979 0.00000000099999999979 0.21315253547831639058 0.00000000099999999979 0.00000000099999999979 0.00000000099999999979 
0.00000000099999999975 0.00000000099999999975 0.00000000099999999975 0.00000000099999999975 0.99999998800000011734 0.00000000099999999975 0.00000000099999999975 0.00000000099999999975 0.00000000099999999975 0.00000000099999999975 0.00000000099999999975 0.00000000099999999975 0.00000000099999999975 
0.00000000099999999966 0.00000000099999999966 0.00000000099999999966 0.00000000099999999966 0.00000000099999999966 0.00000000099999999966 0.00000000099999999966 0.00000000099999999966 0.00000000099999999966 0.00000000099999999966 0.00000000099999999966 0.00000000099999999966 0.99999998800000000632 
0.00000000099999999988 0.00000000099999999988 0.21340526585056582287 0.00000000099999999988 0.00000000099999999988 0.00000000099999999988 0.03940046410833225599 0.51474703843082159072 0.00000000099999999988 0.00000000099999999988 0.23244722261028041843 0.00000000099999999988 0.00000000099999999988 
0.48028656478453246592 0.00000000099999999979 0.34056426411417300981 0.00000000099999999979 0.00000000099999999979 0.00000000099999999979 0.00000000099999999979 0.00000000099999999979 0.00000000099999999979 0.00000000099999999979 0.00000000099999999979 0.00000000099999999979 0.17914916110129477933 
0.00000000099999999925 0.00000000099999999925 0.00000000099999999925 0.00000000099999999925 0.00000000099999999925 0.00000000099999999925 0.00000000099999999925 0.99999998800000000632 0.00000000099999999925 0.00000000099999999925 0.00000000099999999925 0.00000000099999999925 0.00000000099999999925 
0.00000000099999999966 0.00000000099999999966 0.44279987608565229973 0.00000000099999999966 0.00000000099999999966 0.00000000099999999966 0.00000000099999999966 0.00000000099999999966 0.00000000099999999966 0.55720011291434756728 0.00000000099999999966 0.00000000099999999966 0.00000000099999999966 
0.00000000099999999983 0.00000000099999999983 0.32658339288688864599 0.00000000099999999983 0.00000000099999999983 0.00000000099999999983 0.36919847960553081601 0.30421808063591704308 0.00000000099999999983 0.00000000099999999983 0.00000003787166345323 0.00000000099999999983 0.00000000099999999983 
0.00000000099999999984 0.63781537527298870494 0.00000000099999999984 0.00000000099999999984 0.00000000099999999984 0.00000000099999999984 0.00000000099999999984 0.18065600668006942531 0.10511804551208070446 0.00000000099999999984 0.00000000099999999984 0.07641056353486132269 0.00000000099999999984 
0.00000000099999999932 0.00000000099999999932 0.00000000099999999932 0.00000000099999999932 0.00000000099999999932 0.00000000099999999932 0.00000000099999999932 0.99999998800000000632 0.00000000099999999932 0.00000000099999999932 0.00000000099999999932 0.00000000099999999932 0.00000000099999999932 
0.00000047392115079176 0.00000000099999999983 0.63351069011517779916 0.00000000099999999983 0.36648882596367166053 0.00000000099999999983 0.00000000099999999983 0.00000000099999999983 0.00000000099999999983 0.00000000099999999983 0.00000000099999999983 0.00000000099999999983 0.00000000099999999983 
0.00000000099999999985 0.15527844405300511577 0.00000000099999999985 0.00000000099999999985 0.10365738831617384019 0.00000000099999999985 0.00000000099999999985 0.00000000099999999985 0.00000000099999999985 0.00000000099999999985 0.00000000099999999985 0.62988040389580235434 0.11118375473501858341 
0.00000000099999999986 0.00000000099999999986 0.00000000099999999986 0.00000000099999999986 0.17780491238615928062 0.00000000099999999986 0.00000000099999999986 0.00000000099999999986 0.00000000099999999986 0.00000000099999999986 0.00000000099999999986 0.82219507661384061414 0.00000000099999999986 
0.00000000099999999992 0.00000000099999999992 0.00000000099999999992 0.00000000099999999992 0.00000000099999999992 0.00000000099999999992 0.00000000099999999992 0.00000000099999999992 0.37648624721436446672 0.38331347822992828389 0.00000000099999999992 0.20630076770906211059 0.03389949784664517823 
0.00000000099999999981 0.19862640596579439478 0.00000000099999999981 0.00000000099999999981 0.00000000099999999981 0.00000000099999999981 0.00000000099999999981 0.00000000099999999981 0.00000000099999999981 0.00000000099999999981 0.00000000099999999981 0.80137358303420569428 0.00000000099999999981 
0.00000000099999999982 0.00000000099999999982 0.00000000099999999982 0.08448395880545769843 0.60430626483705918162 0.00000000099999999982 0.00000000099999999982 0.00000000099999999982 0.00000000099999999982 0.31120976635748331951 0.00000000099999999982 0.00000000099999999982 0.00000000099999999982 
0.00000000099999999978 0.00000000099999999978 0.00000000099999999978 0.00000000099999999978 0.00000000099999999978 0.00000000099999999978 0.01505429437830715748 0.00000074883542505984 0.00000000099999999978 0.88833747104386862059 0.09660747674239920924 0.00000000099999999978 0.00000000099999999978 
0.00000000099999999975 0.00000000099999999975 0.00000000099999999975 0.00000000099999999975 0.00000000099999999975 0.00000000099999999975 0.00000000099999999975 0.00000000099999999975 0.86498439807717952821 0.13501559092282044983 0.00000000099999999975 0.00000000099999999975 0.00000000099999999975 
0.00000000099999999982 0.00000000099999999982 0.00000000099999999982 0.00000000099999999982 0.00000000099999999982 0.00000000099999999982 0.00343071177326752762 0.77239432949856223765 0.00000000099999999982 0.00000000099999999982 0.00000000099999999982 0.22417494872817031459 0.00000000099999999982 
0.00000000197042108607 0.00000000099999999983 0.00001037031054836310 0.00000000099999999983 0.37967525491480258459 0.00000000099999999983 0.00000000099999999983 0.38357671127865544669 0.00000000099999999983 0.02508890460829662009 0.21164874991727608555 0.00000000099999999983 0.00000000099999999983 
0.00000000099999999968 0.00000000099999999968 0.97056402824158460874 0.00000000099999999968 0.00000000099999999968 0.00000000099999999968 0.00000000099999999968 0.02943596075841557400 0.00000000099999999968 0.00000000099999999968 0.00000000099999999968 0.00000000099999999968 0.00000000099999999968 
0.74485256888053319457 0.05509612025677138036 0.00000000099999999987 0.00000000099999999987 0.00000000099999999987 0.00000000099999999987 0.00000000099999999987 0.00000000099999999987 0.00000000099999999987 0.20005130086269573564 0.00000000099999999987 0.00000000099999999987 0.00000000099999999987 
0.00000000099999999953 0.00000000099999999953 0.00000000099999999953 0.00000000099999999953 0.00000000099999999953 0.00000000099999999953 0.00000000099999999953 0.00000000099999999953 0.00000000099999999953 0.99999998800000011734 0.00000000099999999953 0.00000000099999999953 0.00000000099999999953 
0.00000000099999999982 0.16153005198799383346 0.00000000099999999982 0.43333639677231211573 0.00000000099999999982 0.00000000099999999982 0.00000000099999999982 0.00000000099999999982 0.37661408793739437062 0.02851945430229995901 0.00000000099999999982 0.00000000099999999982 0.00000000099999999982 
0.00000000099999999988 0.09489123167195796793 0.00000000099999999988 0.01324390243902506467 0.00000000099999999988 0.00000000099999999988 0.03378056982783139706 0.09972136571694484308 0.00000000099999999988 0.00000000099999999988 0.00000000099999999988 0.42658947075631870050 0.33177345258792217964 
0.20406361820595045331 0.00000000099999999982 0.10678561289603719087 0.00000000099999999982 0.35891747923606426296 0.00000000099999999982 0.00000000099999999982 0.33023328066194818087 0.00000000099999999982 0.00000000099999999982 0.00000000099999999982 0.00000000099999999982 0.00000000099999999982 
0.00000000099999999958 0.00000000099999999958 0.00000000099999999958 0.00000000099999999958 0.00000000099999999958 0.00000000099999999958 0.00000000099999999958 0.00000000099999999958 0.00000000099999999958 0.00000000099999999958 0.00000000099999999958 0.00000000099999999958 0.99999998800000000632 
0.00000000099999999956 0.00000000099999999956 0.00000000099999999956 0.00000000099999999956 0.00000000099999999956 0.00000000099999999956 0.00000000099999999956 0.00000000099999999956 0.00000000099999999956 0.00000000099999999956 0.99999998800000000632 0.00000000099999999956 0.00000000099999999956 
0.00000000099999999957 0.00000000099999999957 0.00000000099999999957 0.00000000099999999957 0.00000000099999999957 0.00000000099999999957 0.00000000099999999957 0.99999998800000000632 0.00000000099999999957 0.00000000099999999957 0.00000000099999999957 0.00000000099999999957 0.00000000099999999957 
0.23069239310411265853 0.00000000099999999978 0.00000000099999999978 0.00000000099999999978 0.00000000099999999978 0.00000000099999999978 0.00000000099999999978 0.00000000099999999978 0.00000000099999999978 0.00000000099999999978 0.76930759589588737501 0.00000000099999999978 0.00000000099999999978 
0.00000000099999999975 0.00000000099999999975 0.37075059690463629813 0.00000000099999999975 0.00000000099999999975 0.00000000099999999975 0.53585474523048759465 0.09339464786487622350 0.00000000099999999975 0.00000000099999999975 0.00000000099999999975 0.00000000099999999975 0.00000000099999999975 
0.00000000099999999947 0.00000000099999999947 0.00000000099999999947 0.99999998800000011734 0.00000000099999999947 0.00000000099999999947 0.00000000099999999947 0.00000000099999999947 0.00000000099999999947 0.00000000099999999947 0.00000000099999999947 0.00000000099999999947 0.00000000099999999947 
0.00000000099999999985 0.00000000099999999985 0.08662029325322452566 0.00000000099999999985 0.00000000099999999985 0.00000000099999999985 0.00000000099999999985 0.00161102823602158034 0.00000000099999999985 0.00000000099999999985 0.59699468239361586086 0.31477398711713783230 0.00000000099999999985 
