0.00000000099999999930 0.00000000099999999930 0.00000000099999999930 0.00000000099999999930 0.00000000099999999930 0.00000000099999999930 0.00000000099999999930 0.00000000099999999930 0.99999999200000000421 
0.57156779996309126091 0.00000000099999999949 0.00000000099999999949 0.00000000099999999949 0.00000000099999999949 0.00000000099999999949 0.42843219303690888156 0.00000000099999999949 0.00000000099999999949 
0.26340933645199948732 0.00000000099999999928 0.00000000099999999928 0.00000000099999999928 0.00000000099999999928 0.73659065654800048861 0.00000000099999999928 0.00000000099999999928 0.00000000099999999928 
0.39888937165383980821 0.00000000099999999947 0.06158841236388190588 0.00000000099999999947 0.00000000099999999947 0.04214652870706948190 0.49737568227520873032 0.00000000099999999947 0.00000000099999999947 
0.55053747281028309057 0.00000000099999999949 0.00000000099999999949 0.00000000099999999949 0.00000000099999999949 0.00000000099999999949 0.44946252018971705189 0.00000000099999999949 0.00000000099999999949 
0.00000000099999999965 0.68666309651363977018 0.00000000099999999965 0.28259444587949905658 0.00000000099999999965 0.03074245160686113476 0.00000000099999999965 0.00000000099999999965 0.00000000099999999965 
0.01554487836066621026 0.07687672161256775549 0.00000000099999999991 0.84924391534753651545 0.00101703944523043712 0.05731744123399914320 0.00000000099999999991 0.00000000099999999991 0.00000000099999999991 
0.00000000099999999962 0.00000000099999999962 0.84220604383842123664 0.00000000099999999962 0.00000000099999999962 0.00000000099999999962 0.15779394916157876705 0.00000000099999999962 0.00000000099999999962 
0.22830303769946644343 0.00000000099999999945 0.00000000099999999945 0.00000000099999999945 0.00000000099999999945 0.77169695530053361576 0.00000000099999999945 0.00000000099999999945 0.00000000099999999945 
0.00000000099999999932 0.99999999200000022626 0.00000000099999999932 0.00000000099999999932 0.00000000099999999932 0.00000000099999999932 0.00000000099999999932 0.00000000099999999932 0.00000000099999999932 
0.38752276251024891929 0.00000000099999999962 0.01705898501561008487 0.00000000099999999962 0.00000000099999999962 0.16368590163664142878 0.43173234583749953153 0.00000000099999999962 0.00000000099999999962 
0.37006833801772442971 0.00000000099999999957 0.12618039397171240679 0.00000000099999999957 0.00000000099999999957 0.00000000099999999957 0.50375126201056308339 0.00000000099999999957 0.00000000099999999957 
0.47603279390981628749 0.00000000099999999952 0.03117360690962479516 0.00000000099999999952 0.00000000099999999952 0.00000000099999999952 0.49279359318055893091 0.00000000099999999952 0.00000000099999999952 
0.00000000099999999935 0.00000000099999999935 0.00000000099999999935 0.00000000099999999935 0.99999999200000000421 0.00000000099999999935 0.00000000099999999935 0.00000000099999999935 0.00000000099999999935 
0.51630658449826194456 0.00000000099999999957 0.48369340850173830892 0.00000000099999999957 0.00000000099999999957 0.00000000099999999957 0.00000000099999999957 0.00000000099999999957 0.00000000099999999957 
0.00000000099999999973 0.17997565150674763035 0.00000000099999999973 0.81656595143621846233 0.00345839105703403494 0.00000000099999999973 0.00000000099999999973 0.00000000099999999973 0.00000000099999999973 
0.50131069297942421059 0.00000000099999999968 0.00000000099999999968 0.00000000099999999968 0.00000000099999999968 0.00000000099999999968 0.49868930002057587636 0.00000000099999999968 0.00000000099999999968 
0.43433254791276237894 0.00000000099999999948 0.00000000099999999948 0.00000000099999999948 0.00000000099999999948 0.13395119206260849842 0.43171625402462909804 0.00000000099999999948 0.00000000099999999948 
0.06062540136149502379 0.00000000099999999987 0.00000000099999999987 0.79909649168310903367 0.14027810095539586244 0.00000000099999999987 0.00000000099999999987 0.00000000099999999987 0.00000000099999999987 
0.37264137776361028198 0.00000000099999999957 0.24249687684478193894 0.00000000099999999957 0.00000000099999999957 0.00000000099999999957 0.38486173939160778223 0.00000000099999999957 0.00000000099999999957 
0.24797610149816301517 0.00000000099999999970 0.00000000099999999970 0.00000000099999999970 0.00000000099999999970 0.18625198924108510301 0.56577190326075188498 0.00000000099999999970 0.00000000099999999970 
0.29097360580957443155 0.00000000099999999965 0.00202921569634544182 0.00000000099999999965 0.00000000099999999965 0.70699717249408011721 0.00000000099999999965 0.00000000099999999965 0.00000000099999999965 
0.00000000099999999981 0.16041734674292443263 0.00000000099999999981 0.71918915959052232001 0.00222524899367429431 0.00000000099999999981 0.00000000099999999981 0.11816823967287902464 0.00000000099999999981 
0.00000000099999999990 0.19530614523155770401 0.00000000099999999990 0.77843771724149357638 0.00000000099999999990 0.00000000099999999990 0.02625613152694885807 0.00000000099999999990 0.00000000099999999990 
0.32981912251144523962 0.00000000099999999983 0.00000000099999999983 0.00000000099999999983 0.00000000099999999983 0.43551858349850236518 0.20426902069715896504 0.00000000099999999983 0.03039326829289347789 
0.00000000099999999907 0.00000000099999999907 0.00000000099999999907 0.00000000099999999907 0.99999999200000011523 0.00000000099999999907 0.00000000099999999907 0.00000000099999999907 0.00000000099999999907 
0.60901364467904206546 0.00000000099999999962 0.00000000099999999962 0.00000000099999999962 0.00000000099999999962 0.11077968214072539399 0.28020666718023273800 0.00000000099999999962 0.00000000099999999962 
0.00000000099999999991 0.00000000099999999991 0.00000000099999999991 0.83458623513109675418 0.00000000099999999991 0.00000000099999999991 0.00000000099999999991 0.16541375786890330501 0.00000000099999999991 
0.42532533686202650403 0.00000000099999999970 0.00000000099999999970 0.00000000099999999970 0.00000000099999999970 0.00000000099999999970 0.57467465613797341639 0.00000000099999999970 0.00000000099999999970 
0.53828765565629499434 0.00000000099999999962 0.00000000099999999962 0.00000000099999999962 0.00000000099999999962 0.09935003384646447222 0.36236230449724060598 0.00000000099999999962 0.00000000099999999962 
0.00000000099999999958 0.00000000099999999958 0.00000000099999999958 0.00000000099999999958 0.00000000099999999958 0.22459380989022323383 0.00000000099999999958 0.00000000099999999958 0.77540618310977671435 
0.00000000099999999944 0.99999999200000011523 0.00000000099999999944 0.00000000099999999944 0.00000000099999999944 0.00000000099999999944 0.00000000099999999944 0.00000000099999999944 0.00000000099999999944 
0.01036917970133475510 0.16444259113352827084 0.08528854840056088182 0.61824160485733492543 0.00000000099999999995 0.00000000099999999995 0.04539186722179909539 0.07626620568544201229 0.00000000099999999995 
0.00000000099999999940 0.00000000099999999940 0.00000000099999999940 0.00000000099999999940 0.00000000099999999940 0.00000000099999999940 0.00000000099999999940 0.99999999200000000421 0.00000000099999999940 
0.00000000099999999994 0.00000000099999999994 0.09304897098022110735 0.82762690377485903515 0.07932411924491987454 0.00000000099999999994 0.00000000099999999994 0.00000000099999999994 0.00000000099999999994 
0.00000000099999999911 0.00000000099999999911 0.00000000099999999911 0.00000000099999999911 0.99999999200000000421 0.00000000099999999911 0.00000000099999999911 0.00000000099999999911 0.00000000099999999911 
0.00000000099999999995 0.11055309740514637773 0.02776198345381894819 0.13048908805093828445 0.25640345343354714602 0.07945280579365983364 0.00000000099999999995 0.39533956886288951216 0.00000000099999999995 
0.26572468185515940586 0.00000000099999999980 0.32057453261502522057 0.00000000099999999980 0.00000000099999999980 0.00000000099999999980 0.41370077952981548775 0.00000000099999999980 0.00000000099999999980 
0.10834375429417296421 0.00004502494276868874 0.00000001430698630516 0.75361323030501270459 0.00000000099999999992 0.00000000099999999992 0.00000000099999999992 0.11104778780578786201 0.02695018534527157325 
0.46361611745767550286 0.00000000099999999983 0.53638387554232458410 0.00000000099999999983 0.00000000099999999983 0.00000000099999999983 0.00000000099999999983 0.00000000099999999983 0.00000000099999999983 
0.31045213603478072351 0.00000000099999999973 0.07913645104601395308 0.00000000099999999973 0.00000000099999999973 0.22004484841446131371 0.39036655950474385968 0.00000000099999999973 0.00000000099999999973 
0.45174812556682264475 0.00000000099999999965 0.00000000099999999965 0.00000000099999999965 0.00000000099999999965 0.00000000099999999965 0.54825186743317722016 0.00000000099999999965 0.00000000099999999965 
0.33149241674985951978 0.00000000099999999983 0.19211966111430325843 0.00000000099999999983 0.00000000099999999983 0.42174395340858250592 0.05464396372725464218 0.00000000099999999983 0.00000000099999999983 
0.15814078383775911907 0.00000000099999999990 0.00000000099999999990 0.00000000099999999990 0.29040331322553020188 0.00000000099999999990 0.00000000099999999990 0.55145589693671059894 0.00000000099999999990 
0.00000000099999999945 0.00000000099999999945 0.00000000099999999945 0.00000000099999999945 0.99999999200000011523 0.00000000099999999945 0.00000000099999999945 0.00000000099999999945 0.00000000099999999945 
0.40528833377034806373 0.00000000099999999983 0.00000000099999999983 0.00000000099999999983 0.00000000099999999983 0.59471165922965196771 0.00000000099999999983 0.00000000099999999983 0.00000000099999999983 
0.00000000099999999988 0.00000000099999999988 0.11079105021150438548 0.78547525408312768302 0.00000000099999999988 0.00000000099999999988 0.00000000099999999988 0.10373368970536812894 0.00000000099999999988 
0.00000000099999999964 0.99999999200000022626 0.00000000099999999964 0.00000000099999999964 0.00000000099999999964 0.00000000099999999964 0.00000000099999999964 0.00000000099999999964 0.00000000099999999964 
0.00000000099999999992 0.05398988006660854905 0.00000000099999999992 0.66268415739125341446 0.19670424324452440157 0.05563877358156296693 0.00000000099999999992 0.00000000099999999992 0.03098294171605076378 
0.00000000099999999956 0.00000000099999999956 0.00000000099999999956 0.00000000099999999956 0.99999999200000011523 0.00000000099999999956 0.00000000099999999956 0.00000000099999999956 0.00000000099999999956 
0.00000000099999999949 0.00000000099999999949 0.00000000099999999949 0.00000000099999999949 0.00000000099999999949 0.99999999200000000421 0.00000000099999999949 0.00000000099999999949 0.00000000099999999949 
0.25543160682716598009 0.00000000099999999975 0.28373943858721978328 0.00000000099999999975 0.00000000099999999975 0.00000000099999999975 0.46082894858561429530 0.00000000099999999975 0.00000000099999999975 
0.00000000099999999957 0.99999999200000022626 0.00000000099999999957 0.00000000099999999957 0.00000000099999999957 0.00000000099999999957 0.00000000099999999957 0.00000000099999999957 0.00000000099999999957 
0.00000000099999999982 0.00000000099999999982 0.00000000099999999982 0.00000000099999999982 0.00000000099999999982 0.00000000099999999982 0.00000000099999999982 0.00000000099999999982 0.99999999200000000421 
0.00000000099999999978 0.00000000099999999978 0.00000000099999999978 0.92213478135579851624 0.00000000099999999978 0.07786521164420151520 0.00000000099999999978 0.00000000099999999978 0.00000000099999999978 
0.00000000099999999981 0.00000000099999999981 0.00000000099999999981 0.00000000099999999981 0.00000000099999999981 0.00000000099999999981 0.00000000099999999981 0.00000000099999999981 0.99999999199999989319 
0.00000000099999999963 0.00000000099999999963 0.00000000099999999963 0.00000000099999999963 0.00000000099999999963 0.00000000099999999963 0.00000000099999999963 0.99999999200000000421 0.00000000099999999963 
0.00000000099999999939 0.00000000099999999939 0.00000000099999999939 0.00000000099999999939 0.99999999200000000421 0.00000000099999999939 0.00000000099999999939 0.00000000099999999939 0.00000000099999999939 
0.29326949857090139906 0.00000000099999999980 0.24600621733988506379 0.00000000099999999980 0.00000000099999999980 0.00000000099999999980 0.46072427808921351255 0.00000000099999999980 0.00000000099999999980 
0.00000000099999999953 0.00000000099999999953 0.00000000099999999953 0.00000000099999999953 0.00000000099999999953 0.00000000099999999953 0.00000000099999999953 0.99999999199999989319 0.00000000099999999953 
0.00000000099999999949 0.00000000099999999949 0.00000000099999999949 0.00000000099999999949 0.00000000099999999949 0.00000000099999999949 0.00000000099999999949 0.99999999199999989319 0.00000000099999999949 
0.32681134063737199424 0.00000000099999999972 0.14572406321873565549 0.00000000099999999972 0.00000000099999999972 0.13882506778409578474 0.38863952335979651265 0.00000000099999999972 0.00000000099999999972 
0.00000000099999999996 0.20420085525971584661 0.00000000099999999996 0.51845313456493502535 0.00000000099999999996 0.00000000099999999996 0.03645261151901252328 0.21111341158223193015 0.02977998307410472181 
0.00000000099999999989 0.00000000099999999989 0.00002425585838586216 0.79644659555738261947 0.00000000099999999989 0.00000000099999999989 0.00000000099999999989 0.20352914258423157601 0.00000000099999999989 
0.00000000099999999985 0.17366638203513184990 0.01458114464417187804 0.00000000099999999985 0.00000000099999999985 0.00000000099999999985 0.00000000099999999985 0.70713693577215608332 0.10461553254854008554 
0.00000000099999999977 0.00000000099999999977 0.34968218594176386782 0.00000000099999999977 0.00000000099999999977 0.65031734070037694462 0.00000046735785919255 0.00000000099999999977 0.00000000099999999977 
0.02889774836585319931 0.09232030455433778982 0.00000000099999999983 0.00000000099999999983 0.00000000099999999983 0.00000000099999999983 0.00000000099999999983 0.00000000099999999983 0.87878194107980911465 
0.00000000099999999966 0.00000000099999999966 0.00000000099999999966 0.00000000099999999966 0.00000000099999999966 0.00000000099999999966 0.00000000099999999966 0.00000000099999999966 0.99999999199999989319 
0.00000000099999999969 0.87665595497669623892 0.00000000099999999969 0.00000000099999999969 0.00000000099999999969 0.00000000099999999969 0.00000000099999999969 0.12334403802330395905 0.00000000099999999969 
0.00000000099999999983 0.18105644826732170127 0.00000000099999999983 0.00000000099999999983 0.12592324099812293725 0.00000000099999999983 0.00000000099999999983 0.69302030473455511483 0.00000000099999999983 
0.34317915819237437836 0.00000000099999999980 0.06882922291335619169 0.00000000099999999980 0.00000000099999999980 0.31904383076764253335 0.26894778312662670494 0.00000000099999999980 0.00000000099999999980 
0.40985894218869395322 0.00000000099999999990 0.00000000099999999990 0.00000000099999999990 0.00000000099999999990 0.51594604402500265916 0.04093759425138454588 0.00000000099999999990 0.03325741453491873334 
0.54754428032630031442 0.00000000099999999981 0.10614642508528826514 0.05114966219349864618 0.00000000099999999981 0.29515962739491286015 0.00000000099999999981 0.00000000099999999981 0.00000000099999999981 
0.00000000099999999983 0.24791350927660651959 0.00000000099999999983 0.00000000099999999983 0.00000000099999999983 0.00000000099999999983 0.00000000099999999983 0.75208648372339337307 0.00000000099999999983 
0.00000000099999999984 0.00000000099999999984 0.00000000099999999984 0.00000000099999999984 0.00000000099999999984 0.15236220294463176383 0.00000000099999999984 0.84763779005536832312 0.00000000099999999984 
0.00000000099999999951 0.00000000099999999951 0.00000000099999999951 0.00000000099999999951 0.00000000099999999951 0.00000000099999999951 0.00000000099999999951 0.99999999200000000421 0.00000000099999999951 
0.00000000099999999989 0.00000000099999999989 0.10678865700042439180 0.00000000099999999989 0.00000000099999999989 0.22436182873931251325 0.64565503373752508587 0.02319447552273794580 0.00000000099999999989 
0.00000000099999999964 0.00000000099999999964 0.00000000099999999964 0.00000000099999999964 0.00000000099999999964 0.00000000099999999964 0.00000000099999999964 0.00000000099999999964 0.99999999199999989319 
0.00000000099999999960 0.99999999200000011523 0.00000000099999999960 0.00000000099999999960 0.00000000099999999960 0.00000000099999999960 0.00000000099999999960 0.00000000099999999960 0.00000000099999999960 
0.33355687861806493366 0.00000000099999999983 0.10151551116905919991 0.00000000099999999983 0.00000000099999999983 0.00000000099999999983 0.56492760421287580019 0.00000000099999999983 0.00000000099999999983 
0.00000000099999999975 0.00000000099999999975 0.00000000099999999975 0.00000000099999999975 0.00000000099999999975 0.00000000099999999975 0.00000000099999999975 0.00000000099999999975 0.99999999200000000421 
0.00000000099999999983 0.00000000099999999983 0.00000000099999999983 0.99999999200000000421 0.00000000099999999983 0.00000000099999999983 0.00000000099999999983 0.00000000099999999983 0.00000000099999999983 
0.00000000099999999991 0.17952382455016252516 0.24709650097353899612 0.53861197307301211801 0.03476769640328648131 0.00000000099999999991 0.00000000099999999991 0.00000000099999999991 0.00000000099999999991 
0.00000000099999999981 0.40084024565795717265 0.24956914955103678966 0.00000000099999999981 0.05653017345789158876 0.00000000099999999981 0.00000000099999999981 0.29306042633311446544 0.00000000099999999981 
0.10728568948249274373 0.00000000099999999983 0.00000000099999999983 0.00000000099999999983 0.00000000099999999983 0.00000000099999999983 0.00000000099999999983 0.89271430351750713506 0.00000000099999999983 
0.00000000099999999988 0.00000000099999999988 0.00000000099999999988 0.87146353787563302085 0.00000000099999999988 0.12853645512436692733 0.00000000099999999988 0.00000000099999999988 0.00000000099999999988 
0.27671480041848728337 0.00000000099999999987 0.04626197810392169985 0.00000000099999999987 0.00000000099999999987 0.00000000099999999987 0.47136560457771808919 0.20565761189987277757 0.00000000099999999987 
0.00000000099999999993 0.00000000099999999993 0.02054277524927240403 0.84315068078360966286 0.09019220267737856900 0.00000000099999999993 0.04611433628973934246 0.00000000099999999993 0.00000000099999999993 
0.00000000099999999966 0.00000000099999999966 0.00000000099999999966 0.00000000099999999966 0.00000000099999999966 0.00000000099999999966 0.00000000099999999966 0.99999999200000000421 0.00000000099999999966 
0.38958185135946282740 0.00000000099999999980 0.00000000099999999980 0.00000000099999999980 0.00000000099999999980 0.43259031681514797940 0.17782782582538908533 0.00000000099999999980 0.00000000099999999980 
0.00000000099999999991 0.32833852715552913626 0.00000000099999999991 0.67166146584447072865 0.00000000099999999991 0.00000000099999999991 0.00000000099999999991 0.00000000099999999991 0.00000000099999999991 
0.00000000099999999991 0.32309788921318033372 0.00000000099999999991 0.52689806153879348294 0.15000404324802626976 0.00000000099999999991 0.00000000099999999991 0.00000000099999999991 0.00000000099999999991 
0.00000000099999999978 0.00000000099999999978 0.00000000099999999978 0.00000000099999999978 0.00000000099999999978 0.00000000099999999978 0.14412221170997815967 0.00000000099999999978 0.85587778129002189953 
0.00000000099999999955 0.00000000099999999955 0.00000000099999999955 0.00000000099999999955 0.00000000099999999955 0.00000000099999999955 0.00000000099999999955 0.00000000099999999955 0.99999999200000000421 
0.00000000099999999992 0.10521756102349358319 0.00000000099999999992 0.53095750424850141069 0.00000000099999999992 0.30564807822438716522 0.00000000099999999992 0.00000000099999999992 0.05817685150361819740 
0.00000000099999999974 0.00000000099999999974 0.00000000099999999974 0.00000000099999999974 0.00000000099999999974 0.08070048782809435828 0.91929950517190572867 0.00000000099999999974 0.00000000099999999974 
0.15087611044261284299 0.00000000099999999996 0.00000000099999999996 0.52209320163022798766 0.06110911033916260199 0.00000000099999999996 0.05125583625666053217 0.21466573733133614832 0.00000000099999999996 
0.00000000099999999993 0.00000000099999999993 0.00000000099999999993 0.30936065136857049396 0.09074486573456971850 0.19047906904605829692 0.10449746301115123148 0.30491794683965028900 0.00000000099999999993 
0.00000000099999999993 0.00000000099999999993 0.27732976783614970984 0.41172636609153301368 0.00000000099999999993 0.31094386007231727964 0.00000000099999999993 0.00000000099999999993 0.00000000099999999993 
0.00000000099999999989 0.15168037369632558775 0.74604830245891495810 0.00000000099999999989 0.00000000099999999989 0.00000000099999999989 0.00000000099999999989 0.00000000099999999989 0.10227131784475967935 
0.45908000636377049863 0.00000000099999999989 0.54091998663622964383 0.00000000099999999989 0.00000000099999999989 0.00000000099999999989 0.00000000099999999989 0.00000000099999999989 0.00000000099999999989 
0.54048656936080252677 0.00000000099999999994 0.00000000099999999994 0.00000000099999999994 0.00000000099999999994 0.42353510403014965613 0.00000000099999999994 0.00000000099999999994 0.03597832060904803536 
0.00000000099999999990 0.00000000099999999990 0.00000000099999999990 0.51850323951955812340 0.28120831770232312952 0.00000000099999999990 0.00000000099999999990 0.05998308207712067797 0.14030535570099800236 
0.03264416923132738846 0.00000000099999999990 0.33168381670613861223 0.08668045993678268057 0.00000000099999999990 0.00000000099999999990 0.39123355697315131962 0.00000000099999999990 0.15775799315259994571 
0.47658404452042457677 0.00000000099999999993 0.00000000099999999993 0.00000000099999999993 0.14105310215056868217 0.38236284732900654992 0.00000000099999999993 0.00000000099999999993 0.00000000099999999993 
0.00000000099999999974 0.00000000099999999974 0.31515778893841012165 0.00000000099999999974 0.00000000099999999974 0.68484220406158968775 0.00000000099999999974 0.00000000099999999974 0.00000000099999999974 
0.00000000099999999973 0.00000000099999999973 0.99999999200000011523 0.00000000099999999973 0.00000000099999999973 0.00000000099999999973 0.00000000099999999973 0.00000000099999999973 0.00000000099999999973 
0.00000000099999999981 0.00000000099999999981 0.00000000099999999981 0.00000000099999999981 0.00000000099999999981 0.00000000099999999981 0.99999999200000000421 0.00000000099999999981 0.00000000099999999981 
0.00000000099999999988 0.79929603289697215285 0.00000000099999999988 0.00000000099999999988 0.00840145235916125825 0.19230250874386684012 0.00000000099999999988 0.00000000099999999988 0.00000000099999999988 
0.05228009577277908937 0.00000000099999999973 0.08025956841544855391 0.00000000099999999973 0.00000000099999999973 0.59943955097817491762 0.26802077983359740010 0.00000000099999999973 0.00000000099999999973 
0.73340201866989784829 0.09087660844803081839 0.00000000099999999994 0.00000000099999999994 0.00000000099999999994 0.00000000099999999994 0.17572136688207146138 0.00000000099999999994 0.00000000099999999994 
0.00000000099999999993 0.00000000099999999993 0.00000000099999999993 0.79645793086122651516 0.05912666386107046784 0.00000000099999999993 0.00000000099999999993 0.14441539927770308260 0.00000000099999999993 
0.39408802299053052876 0.00000000099999999989 0.00000000099999999989 0.36648125893224631211 0.00000000099999999989 0.00000000099999999989 0.00000000099999999989 0.23943071207722316229 0.00000000099999999989 
0.00000000099999999995 0.00000000099999999995 0.43143830366862323533 0.23952800413858429951 0.00000000099999999995 0.00000000099999999995 0.00000000099999999995 0.29176056620395790508 0.03727312098883453495 
0.00000000099999999993 0.44577027708618827129 0.04798926998366067481 0.43005113431896235809 0.00000000099999999993 0.00000000099999999993 0.07618931361118871926 0.00000000099999999993 0.00000000099999999993 
0.15314173374594222676 0.05798943105803806841 0.41402363720114798706 0.00000000099999999996 0.12281282124299147673 0.00000000099999999996 0.10594668886947554431 0.00000000099999999996 0.14608568488240472605 
0.00000000099999999985 0.00000000099999999985 0.86965804933023782564 0.00000000099999999985 0.00000000099999999985 0.04005987768487844630 0.00000000099999999985 0.00000000099999999985 0.09028206698488373816 
0.00000000099999999987 0.00000000099999999987 0.27731987150249459706 0.72268012149750548989 0.00000000099999999987 0.00000000099999999987 0.00000000099999999987 0.00000000099999999987 0.00000000099999999987 
0.00000000099999999989 0.00000000099999999989 0.00000000099999999989 0.00000000099999999989 0.00000000099999999989 0.99999999200000000421 0.00000000099999999989 0.00000000099999999989 0.00000000099999999989 
0.00000000099999999987 0.00000000099999999987 0.53913692344457464500 0.00000000099999999987 0.00000000099999999987 0.43178402175905100657 0.00000000099999999987 0.00000000099999999987 0.02907904879637445567 
0.69443043373286006403 0.00000000099999999991 0.00000000099999999991 0.00000000099999999991 0.04537963933533865901 0.00000000099999999991 0.26018992093180148828 0.00000000099999999991 0.00000000099999999991 
0.00000000099999999995 0.00000000099999999995 0.54745730840477868639 0.00000000099999999995 0.00000000099999999995 0.45254268459522134505 0.00000000099999999995 0.00000000099999999995 0.00000000099999999995 
0.00000000099999999977 0.00000000099999999977 0.99999999200000011523 0.00000000099999999977 0.00000000099999999977 0.00000000099999999977 0.00000000099999999977 0.00000000099999999977 0.00000000099999999977 
0.00000000099999999990 0.50071275912769785954 0.00330043075026385281 0.10087568194716617365 0.39511112317487206980 0.00000000099999999990 0.00000000099999999990 0.00000000099999999990 0.00000000099999999990 
0.00000000099999999994 0.00000000099999999994 0.00000000099999999994 0.63461671538599773168 0.09183038735950932452 0.16257705705018213327 0.00000000099999999994 0.11097583520431099358 0.00000000099999999994 
0.08712732007638454568 0.00000000099999999987 0.42282650841397972918 0.00000000099999999987 0.00000000099999999987 0.35843679754983137631 0.13160936895980454575 0.00000000099999999987 0.00000000099999999987 
0.00000000099999999983 0.00000000099999999983 0.00000000099999999983 0.99999999200000000421 0.00000000099999999983 0.00000000099999999983 0.00000000099999999983 0.00000000099999999983 0.00000000099999999983 
0.00000000099999999972 0.00000000099999999972 0.00000000099999999972 0.00000000099999999972 0.00000000099999999972 0.00000000099999999972 0.00000000099999999972 0.00000000099999999972 0.99999999199999989319 
0.00000000099999999971 0.00000000099999999971 0.00000000099999999971 0.00000000099999999971 0.00000000099999999971 0.00000000099999999971 0.99999999200000000421 0.00000000099999999971 0.00000000099999999971 
0.00000000099999999988 0.00000000099999999988 0.00000000099999999988 0.00000000099999999988 0.00000000099999999988 0.18243107005653308450 0.00000000099999999988 0.00000000099999999988 0.81756892294346683592 
0.00000000099999999985 0.00000000099999999985 0.22369157268640327274 0.00000000099999999985 0.00000000099999999985 0.00000000099999999985 0.77630842031359681421 0.00000000099999999985 0.00000000099999999985 
0.00000000099999999965 0.00000000099999999965 0.00000000099999999965 0.00000000099999999965 0.99999999200000000421 0.00000000099999999965 0.00000000099999999965 0.00000000099999999965 0.00000000099999999965 
0.22659401650289831553 0.00000000099999999995 0.00000000099999999995 0.00000000099999999995 0.00000000099999999995 0.00000000099999999995 0.00003405909537496867 0.00000000099999999995 0.77337191840172669899 
0.00000000099999999990 0.00000000099999999990 0.09694793074322954896 0.00000000099999999990 0.00000000099999999990 0.29370424689421159581 0.00000000099999999990 0.00000000099999999990 0.60934781636255874737 
0.00000000099999999985 0.00000000099999999985 0.99999999200000011523 0.00000000099999999985 0.00000000099999999985 0.00000000099999999985 0.00000000099999999985 0.00000000099999999985 0.00000000099999999985 
0.00000000099999999987 0.00000000099999999987 0.00000000099999999987 0.00000000099999999987 0.00000000099999999987 0.00000000099999999987 0.00000000099999999987 0.00000000099999999987 0.99999999200000000421 
0.46540428066355310488 0.00000000099999999984 0.04860192316670768758 0.00000000099999999984 0.00000000099999999984 0.48599379016973937029 0.00000000099999999984 0.00000000099999999984 0.00000000099999999984 
0.00000000099999999991 0.34934610952041272869 0.00000000099999999991 0.58848899470201665451 0.06216488977757061302 0.00000000099999999991 0.00000000099999999991 0.00000000099999999991 0.00000000099999999991 
0.00000000099999999984 0.00000000099999999984 0.00000000099999999984 0.00000000099999999984 0.00000000099999999984 0.18070655620176429013 0.14761263018003875636 0.00000000099999999984 0.67168080761819692892 
0.33794756604368519914 0.00000000099999999994 0.23691114159654932947 0.13794016030447381338 0.00000000099999999994 0.00000000099999999994 0.23438443376099460380 0.00000000099999999994 0.05281669429429703549 
0.00000000099999999975 0.00000000099999999975 0.00000000099999999975 0.00000000099999999975 0.00000000099999999975 0.00000000099999999975 0.00000000099999999975 0.99999999199999989319 0.00000000099999999975 
0.00000000099999999989 0.00000000099999999989 0.00000000099999999989 0.17937164842683439581 0.00000000099999999989 0.00000000099999999989 0.06422079971335450943 0.00000000099999999989 0.75640754585981107017 
0.00000000099999999982 0.00000000099999999982 0.99999999200000011523 0.00000000099999999982 0.00000000099999999982 0.00000000099999999982 0.00000000099999999982 0.00000000099999999982 0.00000000099999999982 
0.00000000099999999987 0.00000000099999999987 0.00000000099999999987 0.00000000099999999987 0.00000000099999999987 0.00000000099999999987 0.00000000099999999987 0.00000000099999999987 0.99999999199999989319 
0.00000000099999999983 0.00000000099999999983 0.00000000099999999983 0.00000000099999999983 0.00000000099999999983 0.00000000099999999983 0.24559741727243533660 0.00000000099999999983 0.75440257572756463933 
0.00000000099999999989 0.00000000099999999989 0.00000000099999999989 0.70171770307616365692 0.00000000099999999989 0.00000000099999999989 0.00000000099999999989 0.15743463450730471598 0.14084765641653163026 
0.00013216031790622498 0.11076767495210486369 0.16078814099278757044 0.30498542310206733230 0.02426421288923069977 0.00001146325623764570 0.00000000099999999998 0.39905092248966578250 0.00000000099999999998 
0.00000000099999999991 0.00000000099999999991 0.00000000099999999991 0.00000000099999999991 0.00000000099999999991 0.00000000099999999991 0.00000000099999999991 0.00000000099999999991 0.99999999199999989319 
0.00000000099999999980 0.00000000099999999980 0.99999999200000011523 0.00000000099999999980 0.00000000099999999980 0.00000000099999999980 0.00000000099999999980 0.00000000099999999980 0.00000000099999999980 
0.31993300047058204072 0.00000000099999999983 0.68006699252941815725 0.00000000099999999983 0.00000000099999999983 0.00000000099999999983 0.00000000099999999983 0.00000000099999999983 0.00000000099999999983 
0.00000000099999999991 0.00000000099999999991 0.25159139571660410484 0.71901660600440175930 0.00000000099999999991 0.02939199227899429862 0.00000000099999999991 0.00000000099999999991 0.00000000099999999991 
0.62882044663110958638 0.21975133643741340261 0.14686275470072787663 0.00000000099999999996 0.00000000099999999996 0.00000000099999999996 0.00000000099999999996 0.00000000099999999996 0.00456545723074928186 
0.00000000099999999988 0.00000000099999999988 0.00000000099999999988 0.00000000099999999988 0.00000000099999999988 0.25526411334886034421 0.74473587965113963172 0.00000000099999999988 0.00000000099999999988 
0.00000000099999999988 0.00000000099999999988 0.52177926705210941893 0.00000000099999999988 0.00000000099999999988 0.00000000099999999988 0.47822072594789061251 0.00000000099999999988 0.00000000099999999988 
0.11453543476475479268 0.00000000099999999993 0.36729079251226209868 0.00000064082016943204 0.00000000099999999993 0.00000000099999999993 0.40945028644789122074 0.00000000099999999993 0.10872284145492246143 
0.03042812740644589356 0.00000000099999999993 0.33858638068705521063 0.00000000099999999993 0.00000000099999999993 0.03882527492571658662 0.57924286797609703115 0.00000000099999999993 0.01291734500468541720 
0.00000000099999999991 0.00000000099999999991 0.22667615884792194358 0.00000000099999999991 0.00000000099999999991 0.77332383415207817112 0.00000000099999999991 0.00000000099999999991 0.00000000099999999991 
0.00000000099999999995 0.00000000099999999995 0.00000000099999999995 0.74443060018687567947 0.07793891792161537768 0.00000000099999999995 0.17763047589150887662 0.00000000099999999995 0.00000000099999999995 
0.00000000099999999993 0.04993049595076144709 0.00000000099999999993 0.00000000099999999993 0.18265961015139828283 0.00000000099999999993 0.76740988789784025936 0.00000000099999999993 0.00000000099999999993 
0.00000000099999999986 0.00000000099999999986 0.00000000099999999986 0.00000000099999999986 0.00000000099999999986 0.00000000099999999986 0.00000000099999999986 0.00000000099999999986 0.99999999199999989319 
0.00000004390752188514 0.00000000099999999999 0.14591765419701771545 0.15206750457992057601 0.18115881257266194804 0.00000000099999999999 0.10825354657265702507 0.41260243517022066051 0.00000000099999999999 
0.14488614273214717176 0.00000000099999999994 0.00000000099999999994 0.67239317470723236614 0.07506151256427764928 0.06690684866110167828 0.00000000099999999994 0.04075231733524117828 0.00000000099999999994 
0.00000000099999999992 0.00000000099999999992 0.00000000099999999992 0.00000000099999999992 0.00000000099999999992 0.14667117299179388556 0.00000000099999999992 0.00000000099999999992 0.85332882000820609036 
0.00000000099999999988 0.00000000099999999988 0.00000000099999999988 0.00000000099999999988 0.00000000099999999988 0.00000000099999999988 0.00000000099999999988 0.00000000099999999988 0.99999999199999989319 
0.49445626276137194521 0.00000000099999999992 0.00000000099999999992 0.00000000099999999992 0.50554373023862797520 0.00000000099999999992 0.00000000099999999992 0.00000000099999999992 0.00000000099999999992 
0.40713402431996237318 0.00000000099999999989 0.19705686460894902834 0.00000000099999999989 0.00000000099999999989 0.39580910507108868490 0.00000000099999999989 0.00000000099999999989 0.00000000099999999989 
0.00000000099999999986 0.00000000099999999986 0.99999999200000011523 0.00000000099999999986 0.00000000099999999986 0.00000000099999999986 0.00000000099999999986 0.00000000099999999986 0.00000000099999999986 
0.00000000099999999994 0.00000000099999999994 0.37440825399973942655 0.16840843452221126997 0.00346193994855396783 0.00000000099999999994 0.00000000099999999994 0.45372136652949524027 0.00000000099999999994 
0.00000000099999999986 0.00000000099999999986 0.99999999200000011523 0.00000000099999999986 0.00000000099999999986 0.00000000099999999986 0.00000000099999999986 0.00000000099999999986 0.00000000099999999986 
0.15217600218316773564 0.00000000099999999991 0.00000000099999999991 0.42670737564685651266 0.00000000099999999991 0.00000000099999999991 0.03683813109513079526 0.38427848607484488275 0.00000000099999999991 
0.00000000099999999993 0.36154701336940725520 0.00000000099999999993 0.00000000099999999993 0.00000000099999999993 0.63845297963059255419 0.00000000099999999993 0.00000000099999999993 0.00000000099999999993 
0.00000000099999999989 0.00000000099999999989 0.99999999200000011523 0.00000000099999999989 0.00000000099999999989 0.00000000099999999989 0.00000000099999999989 0.00000000099999999989 0.00000000099999999989 
0.00000000099999999985 0.00000000099999999985 0.00000000099999999985 0.00000000099999999985 0.00000000099999999985 0.45228090155328704025 0.00000000099999999985 0.00000000099999999985 0.54771909144671282466 
0.00000000099999999980 0.00000000099999999980 0.00000000099999999980 0.00000000099999999980 0.00000000099999999980 0.00000000099999999980 0.99999999199999989319 0.00000000099999999980 0.00000000099999999980 
0.00000000099999999994 0.00000000099999999994 0.00000000099999999994 0.00000000099999999994 0.00000000099999999994 0.57909541614074233618 0.16054652132152127941 0.00000000099999999994 0.26035805653773647084 
0.00000000099999999998 0.00000000099999999998 0.50510881154708220375 0.22338532954012238485 0.00000000099999999998 0.00000000099999999998 0.27150585291279549782 0.00000000099999999998 0.00000000099999999998 
0.00000000099999999988 0.00000000099999999988 0.00000000099999999988 0.00000000099999999988 0.00000000099999999988 0.00000000099999999988 0.00000000099999999988 0.00000000099999999988 0.99999999200000000421 
0.00000000099999999993 0.00000070228616491898 0.75414878830442833024 0.00000000099999999993 0.00000000099999999993 0.00000000099999999993 0.00000000099999999993 0.24570892971940616611 0.00014157469000068687 
0.00000000099999999995 0.00000000099999999995 0.55715960627002725225 0.00000000099999999995 0.00000000099999999995 0.00000000099999999995 0.39234337231614463404 0.05049701541382814463 0.00000000099999999995 
0.58358806822387776503 0.08586287607007618561 0.24938186019014912942 0.00000000099999999994 0.08116719051589699196 0.00000000099999999994 0.00000000099999999994 0.00000000099999999994 0.00000000099999999994 
0.16880350048101383509 0.00000000099999999996 0.83119649251898619635 0.00000000099999999996 0.00000000099999999996 0.00000000099999999996 0.00000000099999999996 0.00000000099999999996 0.00000000099999999996 
0.88062063292819703353 0.00000000099999999987 0.11937936007180315057 0.00000000099999999987 0.00000000099999999987 0.00000000099999999987 0.00000000099999999987 0.00000000099999999987 0.00000000099999999987 
0.00000000099999999988 0.00000000099999999988 0.00000000099999999988 0.00000000099999999988 0.00000000099999999988 0.00000000099999999988 0.00000000099999999988 0.00000000099999999988 0.99999999199999989319 
0.00000000099999999993 0.06154864216381602388 0.00000000099999999993 0.17607176165880661367 0.00000000099999999993 0.00000000099999999993 0.76237959017737744194 0.00000000099999999993 0.00000000099999999993 
0.00000000099999999989 0.00000000099999999989 0.99999999200000011523 0.00000000099999999989 0.00000000099999999989 0.00000000099999999989 0.00000000099999999989 0.00000000099999999989 0.00000000099999999989 
0.00000000099999999996 0.00000000099999999996 0.00000000099999999996 0.00000000099999999996 0.26115119277217146987 0.60140334097168302030 0.13744546025614554075 0.00000000099999999996 0.00000000099999999996 
0.00000000099999999990 0.99999999200000022626 0.00000000099999999990 0.00000000099999999990 0.00000000099999999990 0.00000000099999999990 0.00000000099999999990 0.00000000099999999990 0.00000000099999999990 
0.00000000099999999993 0.00000000099999999993 0.00000000099999999993 0.00000000099999999993 0.00000000099999999993 0.00000000099999999993 0.00000000099999999993 0.93008289730022075670 0.06991709569977926086 
0.39581893705464477051 0.16290482633624014941 0.00000000099999999990 0.26245628875004706204 0.17881994285906810394 0.00000000099999999990 0.00000000099999999990 0.00000000099999999990 0.00000000099999999990 
0.00000000099999999981 0.00000000099999999981 0.99999999200000011523 0.00000000099999999981 0.00000000099999999981 0.00000000099999999981 0.00000000099999999981 0.00000000099999999981 0.00000000099999999981 
0.00000000099999999983 0.00000000099999999983 0.00000000099999999983 0.00000000099999999983 0.00000000099999999983 0.00000000099999999983 0.00000000099999999983 0.00000000099999999983 0.99999999199999989319 
0.00000000099999999995 0.00000000099999999995 0.00000000099999999995 0.55765868793041406537 0.00000000099999999995 0.00000000099999999995 0.00000000099999999995 0.44234130506958596607 0.00000000099999999995 
