0.00000000099999999894 0.00000000099999999894 0.00000000099999999894 0.00000000099999999894 0.00000000099999999894 0.00000000099999999894 0.00000000099999999894 0.00000000099999999894 0.00000000099999999894 0.00000000099999999894 0.00000000099999999894 0.99999998799999989529 0.00000000099999999894 
0.00000000099999999937 0.00000000099999999937 0.00000000099999999937 0.00000000099999999937 0.00000000099999999937 0.00000000099999999937 0.42917350848379171024 0.08147422034045402606 0.00000000099999999937 0.07790253959438812881 0.41144972258136619514 0.00000000099999999937 0.00000000099999999937 
0.00000000099999999854 0.00000000099999999854 0.00000000099999999854 0.00000000099999999854 0.00000000099999999854 0.00000000099999999854 0.00000000099999999854 0.00000000099999999854 0.00000000099999999854 0.00000000099999999854 0.00000000099999999854 0.00000000099999999854 0.99999998799999989529 
0.00000000099999999931 0.00000000099999999931 0.00000000099999999931 0.00000000099999999931 0.00000000099999999931 0.04853955135002067239 0.56328394245099810966 0.00000000099999999931 0.00000000099999999931 0.18286035786159457461 0.20531613933738665501 0.00000000099999999931 0.00000000099999999931 
0.00000000099999999930 0.00000000099999999930 0.00000000099999999930 0.00000000099999999930 0.00000000099999999930 0.00000000099999999930 0.45903460190095002336 0.10842997322731190435 0.00000000099999999930 0.00540395517472105121 0.42713146069701718455 0.00000000099999999930 0.00000000099999999930 
0.00000000099999999951 0.00000000099999999951 0.14848696644756895213 0.20396930017203743213 0.00000000099999999951 0.00000000099999999951 0.00000000099999999951 0.00000000099999999951 0.64754372338039356549 0.00000000099999999951 0.00000000099999999951 0.00000000099999999951 0.00000000099999999951 
0.00000000099999999970 0.00000000099999999970 0.18456886808902950303 0.70061098726248327573 0.00000000099999999970 0.11482013464848730977 0.00000000099999999970 0.00000000099999999970 0.00000000099999999970 0.00000000099999999970 0.00000000099999999970 0.00000000099999999970 0.00000000099999999970 
0.00000000099999999916 0.00000000099999999916 0.00000000099999999916 0.00000000099999999916 0.00000000099999999916 0.00000000099999999916 0.00000000099999999916 0.99999998800000000632 0.00000000099999999916 0.00000000099999999916 0.00000000099999999916 0.00000000099999999916 0.00000000099999999916 
0.00000000099999999897 0.00000000099999999897 0.00000000099999999897 0.00000000099999999897 0.00000000099999999897 0.00000000099999999897 0.00000000099999999897 0.00000000099999999897 0.00000000099999999897 0.00000000099999999897 0.00000000099999999897 0.00000000099999999897 0.99999998799999989529 
0.00000000099999999896 0.00000000099999999896 0.00000000099999999896 0.00000000099999999896 0.00000000099999999896 0.00000000099999999896 0.00000000099999999896 0.00000000099999999896 0.99999998800000000632 0.00000000099999999896 0.00000000099999999896 0.00000000099999999896 0.00000000099999999896 
0.00000000099999999939 0.00000000099999999939 0.00000000099999999939 0.00000000099999999939 0.00000000099999999939 0.06239830549149114058 0.60715242240421285480 0.07347750433941738213 0.00000000099999999939 0.00001791801421066610 0.00000000099999999939 0.00000000099999999939 0.25695384175066809940 
0.00000000099999999939 0.00000000099999999939 0.00000000099999999939 0.00000000099999999939 0.00000000099999999939 0.24110643082456831299 0.67850407694143877180 0.00000000099999999939 0.00000000099999999939 0.03160274980823429142 0.04878673342575853139 0.00000000099999999939 0.00000000099999999939 
0.00000000099999999930 0.00000000099999999930 0.00000000099999999930 0.00000000099999999930 0.00000000099999999930 0.27498955508742672915 0.52733688993696548053 0.00250983993382334529 0.00000000099999999930 0.12591208687373900421 0.06925162016804554954 0.00000000099999999930 0.00000000099999999930 
0.00000000099999999900 0.99999998800000011734 0.00000000099999999900 0.00000000099999999900 0.00000000099999999900 0.00000000099999999900 0.00000000099999999900 0.00000000099999999900 0.00000000099999999900 0.00000000099999999900 0.00000000099999999900 0.00000000099999999900 0.00000000099999999900 
0.14600017281816068948 0.00000000099999999952 0.00000000099999999952 0.00000000099999999952 0.00000000099999999952 0.00000000099999999952 0.00000000099999999952 0.47687261844759820661 0.00000000099999999952 0.14408305722221553813 0.00000000099999999952 0.00000000099999999952 0.23304414251202562602 
0.00000000099999999963 0.00000000099999999963 0.63730227026634367338 0.24728876836913413206 0.00000000099999999963 0.00000000099999999963 0.00000000099999999963 0.00000000099999999963 0.11540895136452229697 0.00000000099999999963 0.00000000099999999963 0.00000000099999999963 0.00000000099999999963 
0.13303922249542224354 0.00000000099999999958 0.00000000099999999958 0.00000000099999999958 0.00000000099999999958 0.00278598911175936478 0.86417477695307431951 0.00000000243974414183 0.00000000099999999958 0.00000000099999999958 0.00000000099999999958 0.00000000099999999958 0.00000000099999999958 
0.00000000099999999935 0.00000000099999999935 0.00000000099999999935 0.00000000099999999935 0.00000000099999999935 0.00000000099999999935 0.77675640481379482072 0.00000000099999999935 0.00000000099999999935 0.00000000099999999935 0.16163290841471661397 0.00000000099999999935 0.06161067677148875793 
0.00000000099999999969 0.08917274163029954848 0.23058413809588410026 0.59607748054108522506 0.00000000099999999969 0.08416563073273126971 0.00000000099999999969 0.00000000099999999969 0.00000000099999999969 0.00000000099999999969 0.00000000099999999969 0.00000000099999999969 0.00000000099999999969 
0.00000000099999999948 0.00000000099999999948 0.00000000099999999948 0.00000000099999999948 0.00000000099999999948 0.09574635044755892832 0.73095146563086521585 0.07696835519297044736 0.00000000099999999948 0.09598579644565637115 0.00000000099999999948 0.00000000099999999948 0.00034802428294886562 
0.00000000099999999951 0.00000000099999999951 0.00000000099999999951 0.00000000099999999951 0.00000000099999999951 0.00000000099999999951 0.70526663481652640542 0.00000000099999999951 0.00000000099999999951 0.07974711884897353609 0.00000000099999999951 0.00000000099999999951 0.21498623633450025805 
0.00000000099999999925 0.00000000099999999925 0.00000000099999999925 0.00000000099999999925 0.00000000099999999925 0.08334929321617115527 0.00000000099999999925 0.00000000099999999925 0.00000000099999999925 0.00000000099999999925 0.00000000099999999925 0.00000000099999999925 0.91665069578382885052 
0.00000000099999999967 0.00000000099999999967 0.75652166241554386072 0.00000000099999999967 0.21438450837320341402 0.01286173785454124315 0.00000000099999999967 0.00000000099999999967 0.01623208235671157185 0.00000000099999999967 0.00000000099999999967 0.00000000099999999967 0.00000000099999999967 
0.00000000099999999974 0.00000000099999999974 0.44029344986779783699 0.42479153989069973196 0.00000000099999999974 0.00000000099999999974 0.00000000099999999974 0.00000000099999999974 0.13491498010256769424 0.00000002113893482465 0.00000000099999999974 0.00000000099999999974 0.00000000099999999974 
0.00000000099999999962 0.00000000099999999962 0.00000000099999999962 0.00000000099999999962 0.00000000099999999962 0.00000000099999999962 0.15912896334589221592 0.07665275397382419198 0.00000000099999999962 0.17329861213124872488 0.00000000099999999962 0.00000000099999999962 0.59091966154903485808 
0.00000000099999999856 0.99999998800000011734 0.00000000099999999856 0.00000000099999999856 0.00000000099999999856 0.00000000099999999856 0.00000000099999999856 0.00000000099999999856 0.00000000099999999856 0.00000000099999999856 0.00000000099999999856 0.00000000099999999856 0.00000000099999999856 
0.00000000099999999946 0.00000000099999999946 0.00000000099999999946 0.00000000099999999946 0.00000000099999999946 0.08400120346320362474 0.29214222020359431609 0.18992552977823901061 0.00000000099999999946 0.00000000099999999946 0.24971578848729700240 0.00000000099999999946 0.18421525006766611976 
0.00000000099999999958 0.00000000099999999958 0.00000000099999999958 0.99999997829906950297 0.00000001070093060387 0.00000000099999999958 0.00000000099999999958 0.00000000099999999958 0.00000000099999999958 0.00000000099999999958 0.00000000099999999958 0.00000000099999999958 0.00000000099999999958 
0.11792040844032362912 0.00000000099999999957 0.00000000099999999957 0.00000000099999999957 0.00000000099999999957 0.00000000099999999957 0.68797949541987868383 0.00000000099999999957 0.00000000099999999957 0.00550671685875144586 0.18859337028104630751 0.00000000099999999957 0.00000000099999999957 
0.00000000099999999955 0.00000000099999999955 0.00000000099999999955 0.00000000099999999955 0.00000000099999999955 0.00639656973272013062 0.50520697369975531288 0.00000000099999999955 0.00000000099999999955 0.16578279978494311897 0.32261364778258139197 0.00000000099999999955 0.00000000099999999955 
0.00000000099999999947 0.00000000099999999947 0.00000000099999999947 0.00000000099999999947 0.00000000099999999947 0.00000000099999999947 0.00000000099999999947 0.00000000099999999947 0.00000000099999999947 0.00000000099999999947 0.21606843047163176719 0.78393155852836826636 0.00000000099999999947 
0.00000000099999999911 0.00000000099999999911 0.00000000099999999911 0.00000000099999999911 0.00000000099999999911 0.00000000099999999911 0.00000000099999999911 0.00000000099999999911 0.99999998800000000632 0.00000000099999999911 0.00000000099999999911 0.00000000099999999911 0.00000000099999999911 
0.00000000099999999973 0.00000000099999999973 0.00000000099999999973 0.86889023787344477068 0.00000000099999999973 0.00000000099999999973 0.00000000099999999973 0.00000000099999999973 0.13110975112655523511 0.00000000099999999973 0.00000000099999999973 0.00000000099999999973 0.00000000099999999973 
0.00000000099999999900 0.00000000099999999900 0.00000000099999999900 0.00000000099999999900 0.99999998800000011734 0.00000000099999999900 0.00000000099999999900 0.00000000099999999900 0.00000000099999999900 0.00000000099999999900 0.00000000099999999900 0.00000000099999999900 0.00000000099999999900 
0.06268025326073201065 0.00000000099999999981 0.54205452201986725758 0.35669159044149889581 0.00000000099999999981 0.03857362527790191703 0.00000000099999999981 0.00000000099999999981 0.00000000099999999981 0.00000000099999999981 0.00000000099999999981 0.00000000099999999981 0.00000000099999999981 
0.00000000099999999863 0.99999998800000011734 0.00000000099999999863 0.00000000099999999863 0.00000000099999999863 0.00000000099999999863 0.00000000099999999863 0.00000000099999999863 0.00000000099999999863 0.00000000099999999863 0.00000000099999999863 0.00000000099999999863 0.00000000099999999863 
0.11576241623765921862 0.14366160457967108721 0.27262051042378665500 0.00000000099999999980 0.38759444828826361551 0.00000000099999999980 0.00000000099999999980 0.04626894781540150797 0.03409206565521800264 0.00000000099999999980 0.00000000099999999980 0.00000000099999999980 0.00000000099999999980 
0.00000000099999999959 0.00000000099999999959 0.00000000099999999959 0.00000000099999999959 0.00000000099999999959 0.20254647642411199859 0.00000000099999999959 0.31383666622455069772 0.00000000099999999959 0.48361684735133747548 0.00000000099999999959 0.00000000099999999959 0.00000000099999999959 
0.00000000099999999974 0.00000000099999999974 0.00000000099999999974 0.99999998800000022836 0.00000000099999999974 0.00000000099999999974 0.00000000099999999974 0.00000000099999999974 0.00000000099999999974 0.00000000099999999974 0.00000000099999999974 0.00000000099999999974 0.00000000099999999974 
0.46830796763043991415 0.00000000099999999966 0.00000000099999999966 0.00000000099999999966 0.00000000099999999966 0.00000000099999999966 0.00000000099999999966 0.26074785479605766536 0.00000000099999999966 0.27094416757350220371 0.00000000099999999966 0.00000000099999999966 0.00000000099999999966 
0.00000000099999999945 0.00000000099999999945 0.00000000099999999945 0.00000000099999999945 0.00000000099999999945 0.37563497354373520665 0.28837661401040021181 0.00000000099999999945 0.00000000099999999945 0.00000000099999999945 0.00000000099999999945 0.00000000099999999945 0.33598840244586469783 
0.00000000099999999948 0.00000000099999999948 0.00000000099999999948 0.00000000099999999948 0.00000000099999999948 0.27829062087749717458 0.54327458579150278428 0.00000000099999999948 0.00000000099999999948 0.06559042449377781858 0.00000000099999999948 0.00000000099999999948 0.11284435983722226893 
0.41962772814637450125 0.00000000099999999968 0.00000000099999999968 0.00000000099999999968 0.00000000099999999968 0.00000000099999999968 0.00000000099999999968 0.00000000099999999968 0.00000000099999999968 0.00003319909489969865 0.58033906275872559899 0.00000000099999999968 0.00000000099999999968 
0.00000000099999999986 0.30875792491247300298 0.00470849158493244924 0.00000000099999999986 0.50424256781059684229 0.00000000099999999986 0.00000000099999999986 0.00000000099999999986 0.00000000680560446634 0.00000000099999999986 0.00000000099999999986 0.00000000099999999986 0.18229100088639335620 
0.00000000099999999909 0.99999998800000033938 0.00000000099999999909 0.00000000099999999909 0.00000000099999999909 0.00000000099999999909 0.00000000099999999909 0.00000000099999999909 0.00000000099999999909 0.00000000099999999909 0.00000000099999999909 0.00000000099999999909 0.00000000099999999909 
0.00000000099999999967 0.00000000099999999967 0.00000000099999999967 0.00000000099999999967 0.00000000099999999967 0.00000000099999999967 0.31408760276936836808 0.00000000099999999967 0.00000000099999999967 0.00000000099999999967 0.00000000099999999967 0.00000000099999999967 0.68591238623063144342 
0.00000000111941543692 0.00000000099999999980 0.82344208784462857853 0.00000000099999999980 0.07289101508288821363 0.00000000099999999980 0.00000000099999999980 0.00000000099999999980 0.00000000099999999980 0.00000000099999999980 0.00000000099999999980 0.10366688695306792989 0.00000000099999999980 
0.00000000099999999947 0.00000000099999999947 0.00000000099999999947 0.00000000099999999947 0.00000000099999999947 0.00000000099999999947 0.00000000099999999947 0.00000000099999999947 0.99999998800000011734 0.00000000099999999947 0.00000000099999999947 0.00000000099999999947 0.00000000099999999947 
0.00000000099999999979 0.22363673678142775847 0.12599584544989281265 0.65035065125060631530 0.00000000099999999979 0.00000000099999999979 0.00000000099999999979 0.00000000099999999979 0.00000000099999999979 0.00000000099999999979 0.00000000099999999979 0.00000000099999999979 0.00001675751807325073 
0.00000000099999999921 0.86937006916226733377 0.00000000099999999921 0.00000000099999999921 0.00000000099999999921 0.00000000099999999921 0.00000000099999999921 0.00000000099999999921 0.00000000099999999921 0.13062991983773303284 0.00000000099999999921 0.00000000099999999921 0.00000000099999999921 
0.00000000099999999920 0.00000000099999999920 0.00000000099999999920 0.00000000099999999920 0.00000000099999999920 0.00000000099999999920 0.00000000099999999920 0.00000000099999999920 0.00000000099999999920 0.00000000099999999920 0.00000000099999999920 0.00000000099999999920 0.99999998799999989529 
0.11645664600777960729 0.00000000099999999965 0.00000000099999999965 0.00000000099999999965 0.00000000099999999965 0.07801700714242479351 0.45841230797393517360 0.00000000099999999965 0.00000000099999999965 0.34711402987586043034 0.00000000099999999965 0.00000000099999999965 0.00000000099999999965 
0.00000000099999999937 0.00000000099999999937 0.00000000099999999937 0.00000000099999999937 0.00000000099999999937 0.00000000099999999937 0.00000000099999999937 0.00000000099999999937 0.99999998800000000632 0.00000000099999999937 0.00000000099999999937 0.00000000099999999937 0.00000000099999999937 
0.00000000099999999974 0.00000000099999999974 0.00000000099999999974 0.00000000099999999974 0.00000000099999999974 0.00000000099999999974 0.00000000099999999974 0.00000000099999999974 0.00000000099999999974 0.00000000099999999974 0.00000000099999999974 0.99999998800000000632 0.00000000099999999974 
0.00000000099999999957 0.00000000099999999957 0.99999998800000022836 0.00000000099999999957 0.00000000099999999957 0.00000000099999999957 0.00000000099999999957 0.00000000099999999957 0.00000000099999999957 0.00000000099999999957 0.00000000099999999957 0.00000000099999999957 0.00000000099999999957 
0.00000000099999999974 0.00000000099999999974 0.00000000099999999974 0.00000000099999999974 0.00000000099999999974 0.00000000099999999974 0.00000000099999999974 0.00000000099999999974 0.00000000099999999974 0.00000000099999999974 0.00000000099999999974 0.99999998799999989529 0.00000000099999999974 
0.06780242132911358521 0.00000000099999999951 0.00000000099999999951 0.00000000099999999951 0.70123706322060197493 0.00000000099999999951 0.00000000099999999951 0.00000000099999999951 0.23096050545028454226 0.00000000099999999951 0.00000000099999999951 0.00000000099999999951 0.00000000099999999951 
0.00000000099999999913 0.99999998800000022836 0.00000000099999999913 0.00000000099999999913 0.00000000099999999913 0.00000000099999999913 0.00000000099999999913 0.00000000099999999913 0.00000000099999999913 0.00000000099999999913 0.00000000099999999913 0.00000000099999999913 0.00000000099999999913 
0.18010355472061626014 0.00000000099999999966 0.00000000099999999966 0.00000000099999999966 0.00000000099999999966 0.07542983728201413385 0.70917919988372635220 0.03528739208472303490 0.00000000099999999966 0.00000000099999999966 0.00000000802892018052 0.00000000099999999966 0.00000000099999999966 
0.00000000099999999923 0.00000000099999999923 0.00000000099999999923 0.00000000099999999923 0.99999998800000022836 0.00000000099999999923 0.00000000099999999923 0.00000000099999999923 0.00000000099999999923 0.00000000099999999923 0.00000000099999999923 0.00000000099999999923 0.00000000099999999923 
0.00000000099999999915 0.00000000099999999915 0.00000000099999999915 0.00000000099999999915 0.99999998800000011734 0.00000000099999999915 0.00000000099999999915 0.00000000099999999915 0.00000000099999999915 0.00000000099999999915 0.00000000099999999915 0.00000000099999999915 0.00000000099999999915 
0.00000000099999999961 0.00000000099999999961 0.00000000099999999961 0.00000000099999999961 0.00000000099999999961 0.00000000099999999961 0.69774041783046614196 0.28955726725475078309 0.00000000099999999961 0.01269401834424174584 0.00000000099999999961 0.00000000099999999961 0.00000828757054139398 
0.00000000099999999984 0.00000000099999999984 0.68526255780842382226 0.00000000099999999984 0.00000000099999999984 0.00000000099999999984 0.00000000099999999984 0.01928164106173779757 0.29545579112983844094 0.00000000099999999984 0.00000000099999999984 0.00000000099999999984 0.00000000099999999984 
0.00000000099999999975 0.00000000099999999975 0.65320004340424631106 0.17245079009765673650 0.17434915649809706872 0.00000000099999999975 0.00000000099999999975 0.00000000099999999975 0.00000000099999999975 0.00000000099999999975 0.00000000099999999975 0.00000000099999999975 0.00000000099999999975 
0.24351000337544814744 0.00000000099999999964 0.00000000099999999964 0.00000000099999999964 0.70685253186133412129 0.00000000099999999964 0.00000000099999999964 0.00000000099999999964 0.00000000099999999964 0.00000000099999999964 0.00000000099999999964 0.04963745476321781980 0.00000000099999999964 
0.00000000099999999941 0.00000000099999999941 0.00000000099999999941 0.00000000099999999941 0.00000000099999999941 0.00000000099999999941 0.00000000099999999941 0.00000000099999999941 0.00000000099999999941 0.99999998800000000632 0.00000000099999999941 0.00000000099999999941 0.00000000099999999941 
0.00758846062257249009 0.00000000099999999980 0.00000000099999999980 0.00000000099999999980 0.00000000099999999980 0.00000000099999999980 0.00000000099999999980 0.00000000099999999980 0.15755083569829866907 0.00000000099999999980 0.00000000099999999980 0.83486069367912885131 0.00000000099999999980 
0.00000000099999999951 0.00000000099999999951 0.00000000099999999951 0.00000000099999999951 0.00000000099999999951 0.00000000099999999951 0.00000000099999999951 0.00000000099999999951 0.00000000099999999951 0.00000000099999999951 0.00000000099999999951 0.99999998800000000632 0.00000000099999999951 
0.00000000099999999950 0.00000000099999999950 0.00000000099999999950 0.00000000099999999950 0.00000000099999999950 0.00000000099999999950 0.00000000099999999950 0.00000000099999999950 0.99999998800000000632 0.00000000099999999950 0.00000000099999999950 0.00000000099999999950 0.00000000099999999950 
0.00000000099999999973 0.08247569493515480299 0.00000000099999999973 0.00000000099999999973 0.77807790814053245931 0.00000000099999999973 0.00000000099999999973 0.00000000099999999973 0.13944638692431296501 0.00000000099999999973 0.00000000099999999973 0.00000000099999999973 0.00000000099999999973 
0.00000000099999999955 0.00000000099999999955 0.00000000099999999955 0.00000000099999999955 0.00000000099999999955 0.00000000099999999955 0.00000000099999999955 0.00000000099999999955 0.00000000099999999955 0.76094697988417181467 0.23905300911582838541 0.00000000099999999955 0.00000000099999999955 
0.00132040354441092015 0.00000000099999999982 0.00000000099999999982 0.00000000099999999982 0.00000000099999999982 0.00000000099999999982 0.13923538547803288035 0.00000000099999999982 0.00519233986626989417 0.31951905364080551708 0.00000000099999999982 0.00000000099999999982 0.53473280947048074108 
0.00000000099999999982 0.00000000099999999982 0.00000000099999999982 0.05966425309738688371 0.00000000099999999982 0.01421172979553920329 0.60055292396564730062 0.06855871831611139167 0.00000000099999999982 0.00000000099999999982 0.00000000099999999982 0.00000000099999999982 0.25701236682531541922 
0.18086003449142940003 0.00000000099999999965 0.00000000099999999965 0.00000000099999999965 0.54043650444778967845 0.00000000099999999965 0.00000000099999999965 0.00000000099999999965 0.27870345106078120434 0.00000000099999999965 0.00000000099999999965 0.00000000099999999965 0.00000000099999999965 
0.00000000099999999967 0.00000000099999999967 0.10140917566445638298 0.00000000099999999967 0.79496870644667838590 0.10362210788886534740 0.00000000099999999967 0.00000000099999999967 0.00000000099999999967 0.00000000099999999967 0.00000000099999999967 0.00000000099999999967 0.00000000099999999967 
0.00000000099999999921 0.00000000099999999921 0.00000000099999999921 0.00000000099999999921 0.99999998800000011734 0.00000000099999999921 0.00000000099999999921 0.00000000099999999921 0.00000000099999999921 0.00000000099999999921 0.00000000099999999921 0.00000000099999999921 0.00000000099999999921 
0.00000000099999999958 0.00000000099999999958 0.00000000099999999958 0.00000000099999999958 0.00000000099999999958 0.00000000099999999958 0.00000000099999999958 0.00000000099999999958 0.00000000099999999958 0.99999998800000000632 0.00000000099999999958 0.00000000099999999958 0.00000000099999999958 
0.00000000099999999947 0.00000000099999999947 0.00000000099999999947 0.00000000099999999947 0.00000000099999999947 0.00000000099999999947 0.00000000099999999947 0.00000000099999999947 0.00000000099999999947 0.00000000099999999947 0.00000000099999999947 0.99999998799999989529 0.00000000099999999947 
0.00000000099999999934 0.00000000099999999934 0.00000000099999999934 0.00000000099999999934 0.00000000099999999934 0.00000000099999999934 0.00000000099999999934 0.00000000099999999934 0.99999998800000000632 0.00000000099999999934 0.00000000099999999934 0.00000000099999999934 0.00000000099999999934 
0.00000000099999999962 0.00000000099999999962 0.00000000099999999962 0.00000000099999999962 0.00000000099999999962 0.57324433883186687311 0.42675565016813316044 0.00000000099999999962 0.00000000099999999962 0.00000000099999999962 0.00000000099999999962 0.00000000099999999962 0.00000000099999999962 
0.00000000099999999962 0.00000000099999999962 0.00000000099999999962 0.00000000099999999962 0.00000000099999999962 0.00000000099999999962 0.00000000099999999962 0.00000000099999999962 0.00000000099999999962 0.00000000099999999962 0.00000000099999999962 0.99999998800000000632 0.00000000099999999962 
0.00000000099999999982 0.00000000099999999982 0.77028396266085097377 0.17482112597081506111 0.00000000099999999982 0.05489490136833415079 0.00000000099999999982 0.00000000099999999982 0.00000000099999999982 0.00000000099999999982 0.00000000099999999982 0.00000000099999999982 0.00000000099999999982 
0.39203284096776125356 0.00000000099999999977 0.30729111227857891508 0.30067603675366005866 0.00000000099999999977 0.00000000099999999977 0.00000000099999999977 0.00000000099999999977 0.00000000099999999977 0.00000000099999999977 0.00000000099999999977 0.00000000099999999977 0.00000000099999999977 
0.24392987482758970996 0.05800498998566981645 0.00000000099999999972 0.00000000099999999972 0.29560095808579300858 0.00000000099999999972 0.00000000099999999972 0.00000000099999999972 0.40246416810094765015 0.00000000099999999972 0.00000000099999999972 0.00000000099999999972 0.00000000099999999972 
0.00000000099999999973 0.00000000099999999973 0.00000000099999999973 0.19510614715412416542 0.76483266984248166054 0.00000000099999999973 0.00000000099999999973 0.00000000099999999973 0.04006117300339444992 0.00000000099999999973 0.00000000099999999973 0.00000000099999999973 0.00000000099999999973 
0.00000000099999999967 0.00000000099999999967 0.99999998800000022836 0.00000000099999999967 0.00000000099999999967 0.00000000099999999967 0.00000000099999999967 0.00000000099999999967 0.00000000099999999967 0.00000000099999999967 0.00000000099999999967 0.00000000099999999967 0.00000000099999999967 
0.00000000099999999975 0.00000000099999999975 0.00000000099999999975 0.00000000099999999975 0.15544254046201635977 0.19112510096226922873 0.36922679472454467131 0.00000000099999999975 0.00000000099999999975 0.28420555485116982819 0.00000000099999999975 0.00000000099999999975 0.00000000099999999975 
0.00000000099999999981 0.02382137608917046095 0.30089547422517143316 0.57307412478991026639 0.00000000099999999981 0.10220901589574815649 0.00000000099999999981 0.00000000099999999981 0.00000000099999999981 0.00000000099999999981 0.00000000099999999981 0.00000000099999999981 0.00000000099999999981 
0.00000000099999999948 0.00000000099999999948 0.00000000099999999948 0.00000000099999999948 0.99999998800000011734 0.00000000099999999948 0.00000000099999999948 0.00000000099999999948 0.00000000099999999948 0.00000000099999999948 0.00000000099999999948 0.00000000099999999948 0.00000000099999999948 
0.00000000099999999979 0.00000000099999999979 0.00000000099999999979 0.00000000099999999979 0.00000000099999999979 0.00843290497283197618 0.39679399456205843855 0.00000000099999999979 0.00000000099999999979 0.29583561878755954000 0.29893747267755010899 0.00000000099999999979 0.00000000099999999979 
0.00000000099999999976 0.00000000099999999976 0.53291810466977140859 0.22560722689237858174 0.00000000099999999976 0.00000000099999999976 0.00000000099999999976 0.00000000099999999976 0.24147465843785015371 0.00000000099999999976 0.00000000099999999976 0.00000000099999999976 0.00000000099999999976 
0.00000000099999999977 0.00000000099999999977 0.99999998800000011734 0.00000000099999999977 0.00000000099999999977 0.00000000099999999977 0.00000000099999999977 0.00000000099999999977 0.00000000099999999977 0.00000000099999999977 0.00000000099999999977 0.00000000099999999977 0.00000000099999999977 
0.00000000099999999954 0.00000000099999999954 0.00000000099999999954 0.00000000099999999954 0.00000000099999999954 0.29643333046670194975 0.00000000099999999954 0.00000000099999999954 0.00000000099999999954 0.00000000099999999954 0.00000000099999999954 0.70356665853329780624 0.00000000099999999954 
0.00000000099999999934 0.00000000099999999934 0.00000000099999999934 0.00000000099999999934 0.00000000099999999934 0.00000000099999999934 0.00000000099999999934 0.00000000099999999934 0.00000000099999999934 0.00000000099999999934 0.00000000099999999934 0.99999998800000000632 0.00000000099999999934 
0.00000000099999999982 0.00000000099999999982 0.81317583480980581978 0.00000000099999999982 0.00000000099999999982 0.00000000099999999982 0.00000000099999999982 0.17121948704339837177 0.00000000099999999982 0.00000000099999999982 0.00000000099999999982 0.01560466814679586402 0.00000000099999999982 
0.00000000099999999971 0.00000000099999999971 0.00000000099999999971 0.00000000099999999971 0.00000000099999999971 0.09687724328648088246 0.00000000099999999971 0.17972546840736239315 0.00000000099999999971 0.00000000099999999971 0.72339727830615674353 0.00000000099999999971 0.00000000099999999971 
0.05146241460868198475 0.01498490116881602899 0.56349844282586447619 0.00000000099999999992 0.17981956915488581106 0.14472863743472283438 0.00000000099999999992 0.00000000099999999992 0.00000000099999999992 0.04550602780702901751 0.00000000099999999992 0.00000000099999999992 0.00000000099999999992 
0.00000000099999999986 0.05586944676584259389 0.00000000099999999986 0.50885116697112553474 0.25009283845014346204 0.00000000099999999986 0.00000000099999999986 0.00000000099999999986 0.00000000099999999986 0.10097065794028134422 0.00000000099999999986 0.00000000099999999986 0.08421588187260747871 
0.00000000099999999980 0.00000000099999999980 0.00000000099999999980 0.47127762665850186918 0.00000000099999999980 0.00000000099999999980 0.00000000099999999980 0.35704729074296243096 0.00000000099999999980 0.00000000099999999980 0.00000000099999999980 0.00000000099999999980 0.17167507259853567736 
0.00000000099999999958 0.00000000099999999958 0.00000000099999999958 0.00000000099999999958 0.00000000099999999958 0.99999998800000011734 0.00000000099999999958 0.00000000099999999958 0.00000000099999999958 0.00000000099999999958 0.00000000099999999958 0.00000000099999999958 0.00000000099999999958 
0.99999998800000022836 0.00000000099999999964 0.00000000099999999964 0.00000000099999999964 0.00000000099999999964 0.00000000099999999964 0.00000000099999999964 0.00000000099999999964 0.00000000099999999964 0.00000000099999999964 0.00000000099999999964 0.00000000099999999964 0.00000000099999999964 
0.00000000099999999982 0.00000000099999999982 0.00000000099999999982 0.00000000099999999982 0.00000000099999999982 0.56911585507360173963 0.00000000099999999982 0.00000000099999999982 0.00000000099999999982 0.00000003446763632693 0.43088410045876207599 0.00000000099999999982 0.00000000099999999982 
0.00000000099999999981 0.25410023665463205012 0.00000000099999999981 0.61146450367543669913 0.00000000099999999981 0.00000000099999999981 0.00000000099999999981 0.00000000099999999981 0.00000000099999999981 0.00000000099999999981 0.00000000099999999981 0.13443524966993136704 0.00000000099999999981 
0.00000000099999999982 0.00000000099999999982 0.07395766790694310866 0.00000000099999999982 0.00000000099999999982 0.13628574955546721159 0.52130118266550340422 0.09003572625350871050 0.00000000099999999982 0.00000000099999999982 0.00000000099999999982 0.17841966561857763862 0.00000000099999999982 
0.00000000099999999983 0.07932759140839083789 0.00000000099999999983 0.00000000099999999983 0.00000000099999999983 0.39844024815452167010 0.00000000099999999983 0.00000000099999999983 0.00000000099999999983 0.00000000099999999983 0.18718616316951128264 0.00000000099999999983 0.33504598826757597818 
0.00000000099999999951 0.00000000099999999951 0.00000000099999999951 0.00000000099999999951 0.00000000099999999951 0.00000000099999999951 0.00000000099999999951 0.00000000099999999951 0.00000000099999999951 0.00000000099999999951 0.99999998800000000632 0.00000000099999999951 0.00000000099999999951 
0.66158756931511719657 0.00000000099999999962 0.00000000099999999962 0.00000000099999999962 0.00000000099999999962 0.33841241968488311453 0.00000000099999999962 0.00000000099999999962 0.00000000099999999962 0.00000000099999999962 0.00000000099999999962 0.00000000099999999962 0.00000000099999999962 
0.00000000099999999979 0.00000000099999999979 0.00000000099999999979 0.00000000099999999979 0.00000000099999999979 0.00000000099999999979 0.78562167952207662136 0.21437830947792332892 0.00000000099999999979 0.00000000099999999979 0.00000000099999999979 0.00000000099999999979 0.00000000099999999979 
0.17924628912439766193 0.06297821397679403965 0.00000000099999999986 0.12318791794349721880 0.00000000099999999986 0.00000000099999999986 0.00000000099999999986 0.00000000099999999986 0.63458756995531118150 0.00000000099999999986 0.00000000099999999986 0.00000000099999999986 0.00000000099999999986 
0.00000000099999999936 0.00000000099999999936 0.00000000099999999936 0.00000000099999999936 0.00000000099999999936 0.00000000099999999936 0.00000000099999999936 0.00000000099999999936 0.00000000099999999936 0.00000000099999999936 0.99999998799999989529 0.00000000099999999936 0.00000000099999999936 
0.34468002903412831017 0.00000000099999999975 0.00000000099999999975 0.00000000099999999975 0.00000000099999999975 0.00268141330430538049 0.65263854683419242342 0.00000000099999999975 0.00000000099999999975 0.00000000099999999975 0.00000000099999999975 0.00000000099999999975 0.00000000182737388808 
0.00000000099999999985 0.00000000099999999985 0.83740451938063398263 0.00000000099999999985 0.16259546961936621745 0.00000000099999999985 0.00000000099999999985 0.00000000099999999985 0.00000000099999999985 0.00000000099999999985 0.00000000099999999985 0.00000000099999999985 0.00000000099999999985 
0.00000000099999999987 0.00000000099999999987 0.00000000099999999987 0.85518334931641515340 0.00000000099999999987 0.14481663968358504668 0.00000000099999999987 0.00000000099999999987 0.00000000099999999987 0.00000000099999999987 0.00000000099999999987 0.00000000099999999987 0.00000000099999999987 
0.51880110753612551644 0.00000000099999999984 0.00000000099999999984 0.48119888087745460448 0.00000000099999999984 0.00000000099999999984 0.00000000099999999984 0.00000000099999999984 0.00000000099999999984 0.00000000158641993993 0.00000000099999999984 0.00000000099999999984 0.00000000099999999984 
0.17769029329122654204 0.00000000099999999982 0.61855378172260411240 0.00000000099999999982 0.00000000099999999982 0.00000000099999999982 0.00000000099999999982 0.00000000099999999982 0.20375591498616951736 0.00000000099999999982 0.00000000099999999982 0.00000000099999999982 0.00000000099999999982 
0.54997621243591521267 0.00000000099999999967 0.00000000099999999967 0.00000000099999999967 0.00000000099999999967 0.45002377656408487638 0.00000000099999999967 0.00000000099999999967 0.00000000099999999967 0.00000000099999999967 0.00000000099999999967 0.00000000099999999967 0.00000000099999999967 
0.57011504696627146593 0.00000000099999999986 0.00000000099999999986 0.00000000099999999986 0.00000000099999999986 0.06981928602496545455 0.24388231622691597389 0.00000000099999999986 0.00000000099999999986 0.00000000099999999986 0.00000000099999999986 0.11618334178184738792 0.00000000099999999986 
0.00000000099999999975 0.00000000099999999975 0.00000000099999999975 0.80986002904547049752 0.00000000099999999975 0.00000000099999999975 0.00000000099999999975 0.19013995995452953602 0.00000000099999999975 0.00000000099999999975 0.00000000099999999975 0.00000000099999999975 0.00000000099999999975 
0.00000000099999999970 0.00000000099999999970 0.00000000099999999970 0.00000000099999999970 0.00000000099999999970 0.00000000099999999970 0.00000000099999999970 0.00000000099999999970 0.00000000099999999970 0.00000000099999999970 0.99999998800000000632 0.00000000099999999970 0.00000000099999999970 
0.00000000099999999982 0.00000000099999999982 0.00000000099999999982 0.00000000099999999982 0.00000000099999999982 0.38047879261979317134 0.00000000099999999982 0.25228652821591518451 0.00000000099999999982 0.00000000099999999982 0.00000000099999999982 0.13065846430487526586 0.23657620585941632751 
0.00000000099999999974 0.00000000099999999974 0.00000000099999999974 0.00000000099999999974 0.00000000099999999974 0.00000000099999999974 0.00000000099999999974 0.00000000099999999974 0.00000000099999999974 0.00000000099999999974 0.99999998799999989529 0.00000000099999999974 0.00000000099999999974 
0.44613223027017567812 0.00000000099999999984 0.00000000099999999984 0.00000000099999999984 0.00000000099999999984 0.00000000099999999984 0.00000000099999999984 0.01238253885657247290 0.00000000099999999984 0.00000000099999999984 0.00000000099999999984 0.00000000099999999984 0.54148522087325157148 
0.47780446428981732110 0.00000000099999999974 0.00000000099999999974 0.00000000099999999974 0.00000000099999999974 0.00000000099999999974 0.00000000099999999974 0.52219552471018271245 0.00000000099999999974 0.00000000099999999974 0.00000000099999999974 0.00000000099999999974 0.00000000099999999974 
0.53828275794090685302 0.26417515233609506486 0.00000000099999999972 0.06103121010636140820 0.00000000099999999972 0.00000000099999999972 0.00000000099999999972 0.00000000099999999972 0.13651087061663685907 0.00000000099999999972 0.00000000099999999972 0.00000000099999999972 0.00000000099999999972 
0.00000000099999999995 0.09340327275489898606 0.60487617936325321910 0.10200490479804684429 0.09020646675158801309 0.00000000099999999995 0.00000000099999999995 0.00000000099999999995 0.00000000099999999995 0.00000000099999999995 0.10950916833221306657 0.00000000099999999995 0.00000000099999999995 
0.00000000099999999980 0.00000000099999999980 0.00000000099999999980 0.00000000099999999980 0.00000000099999999980 0.07755549712082916713 0.40848265124127203229 0.26551133110874602927 0.00000000099999999980 0.00000000099999999980 0.00000000099999999980 0.00000000099999999980 0.24845051152915284542 
0.00000000099999999963 0.00000000099999999963 0.99999998800000022836 0.00000000099999999963 0.00000000099999999963 0.00000000099999999963 0.00000000099999999963 0.00000000099999999963 0.00000000099999999963 0.00000000099999999963 0.00000000099999999963 0.00000000099999999963 0.00000000099999999963 
0.00000000099999999954 0.00000000099999999954 0.00000000099999999954 0.00000000099999999954 0.00000000099999999954 0.00000000099999999954 0.00000000099999999954 0.00000000099999999954 0.00000000099999999954 0.00000000099999999954 0.00000000099999999954 0.99999998800000000632 0.00000000099999999954 
0.00000000099999999977 0.00000000099999999977 0.00000000099999999977 0.00000000099999999977 0.00000000099999999977 0.29865516029965299971 0.00000000099999999977 0.00000000099999999977 0.00000000099999999977 0.56695819041364325930 0.13438663928670352421 0.00000000099999999977 0.00000000099999999977 
0.00000000099999999980 0.00000000099999999980 0.00000000099999999980 0.00000000099999999980 0.00000000099999999980 0.00000000099999999980 0.00000000099999999980 0.00000000099999999980 0.00000000099999999980 0.00000000099999999980 0.00000000099999999980 0.77751876919878071259 0.22248121980121920993 
0.00000000099999999965 0.00000000099999999965 0.00000000099999999965 0.00000000099999999965 0.00000000099999999965 0.00000000099999999965 0.99999997122362760393 0.00000000099999999965 0.00000000099999999965 0.00000001777637235067 0.00000000099999999965 0.00000000099999999965 0.00000000099999999965 
0.00000000099999999950 0.99999998800000033938 0.00000000099999999950 0.00000000099999999950 0.00000000099999999950 0.00000000099999999950 0.00000000099999999950 0.00000000099999999950 0.00000000099999999950 0.00000000099999999950 0.00000000099999999950 0.00000000099999999950 0.00000000099999999950 
0.00000000099999999986 0.00000000099999999986 0.00000000099999999986 0.00000000099999999986 0.00000000099999999986 0.00000000099999999986 0.35458343158031258024 0.00000000099999999986 0.00000000099999999986 0.00000000099999999986 0.00000000099999999986 0.64541655741968717575 0.00000000099999999986 
