0.00000000099999999963 0.00000000099999999963 0.00000000099999999963 0.00000000099999999963 0.99999999599999989108 
0.00000000099999999974 0.99999999600000011313 0.00000000099999999974 0.00000000099999999974 0.00000000099999999974 
0.00000000099999999968 0.99999999600000000211 0.00000000099999999968 0.00000000099999999968 0.00000000099999999968 
0.00000000099999999962 0.99999999600000011313 0.00000000099999999962 0.00000000099999999962 0.00000000099999999962 
0.00000000099999999978 0.99999999600000011313 0.00000000099999999978 0.00000000099999999978 0.00000000099999999978 
0.00000000099999999989 0.00000000099999999989 0.54659064175341509628 0.45340935524658471101 0.00000000099999999989 
0.01609558036147003615 0.00000000099999999994 0.02488862037447145056 0.95901579726405850046 0.00000000099999999994 
0.00000000099999999991 0.88643476005913768301 0.09125045887178521997 0.00000000099999999991 0.02231477906907722297 
0.00000000099999999980 0.99999999600000011313 0.00000000099999999980 0.00000000099999999980 0.00000000099999999980 
0.00000000099999999971 0.00000000099999999971 0.99999999599999989108 0.00000000099999999971 0.00000000099999999971 
0.00000000099999999965 0.99999999600000000211 0.00000000099999999965 0.00000000099999999965 0.00000000099999999965 
0.00000000099999999971 0.99999999600000011313 0.00000000099999999971 0.00000000099999999971 0.00000000099999999971 
0.00000000099999999966 0.99999999600000011313 0.00000000099999999966 0.00000000099999999966 0.00000000099999999966 
0.99999999600000000211 0.00000000099999999968 0.00000000099999999968 0.00000000099999999968 0.00000000099999999968 
0.00000000099999999984 0.99999999600000011313 0.00000000099999999984 0.00000000099999999984 0.00000000099999999984 
0.09883343262911266358 0.00000000099999999991 0.05896941347102130360 0.84219715189986599224 0.00000000099999999991 
0.00000000099999999982 0.99999999600000000211 0.00000000099999999982 0.00000000099999999982 0.00000000099999999982 
0.00000000099999999963 0.99999999600000000211 0.00000000099999999963 0.00000000099999999963 0.00000000099999999963 
0.15118971761581451174 0.00000000099999999992 0.00000000099999999992 0.84881027938418540657 0.00000000099999999992 
0.00000000099999999971 0.99999999600000000211 0.00000000099999999971 0.00000000099999999971 0.00000000099999999971 
0.00000000099999999975 0.99999999600000011313 0.00000000099999999975 0.00000000099999999975 0.00000000099999999975 
0.00000000099999999980 0.99999999600000000211 0.00000000099999999980 0.00000000099999999980 0.00000000099999999980 
0.04934574577160348585 0.00000000099999999993 0.18905620146730189868 0.76159805076109454713 0.00000000099999999993 
0.00000000099999999994 0.00000000099999999994 0.05561625139157190534 0.94438374560842808236 0.00000000099999999994 
0.00000000099999999989 0.92179583697034783718 0.00000000099999999989 0.00000000099999999989 0.07820416002965226154 
0.99999999600000000211 0.00000000099999999953 0.00000000099999999953 0.00000000099999999953 0.00000000099999999953 
0.00000000099999999974 0.99999999600000000211 0.00000000099999999974 0.00000000099999999974 0.00000000099999999974 
0.00000000099999999993 0.00000000099999999993 0.14019279557827016292 0.85980720142172972764 0.00000000099999999993 
0.00000000099999999989 0.99999999600000011313 0.00000000099999999989 0.00000000099999999989 0.00000000099999999989 
0.00000000099999999971 0.99999999600000011313 0.00000000099999999971 0.00000000099999999971 0.00000000099999999971 
0.00000000099999999983 0.00000030434403481295 0.00000000099999999983 0.00000000099999999983 0.99999969265596511114 
0.00000000099999999992 0.00000000099999999992 0.99999999600000000211 0.00000000099999999992 0.00000000099999999992 
0.00000000099999999996 0.10092958054460705875 0.21321365779305034849 0.68585675966234249668 0.00000000099999999996 
0.00000000099999999977 0.00000000099999999977 0.99999999600000000211 0.00000000099999999977 0.00000000099999999977 
0.14512672205467125330 0.02757044317263749114 0.00000000099999999997 0.82730283277269123232 0.00000000099999999997 
0.99999999600000000211 0.00000000099999999958 0.00000000099999999958 0.00000000099999999958 0.00000000099999999958 
0.27984949356855887137 0.06078578983862019391 0.44705412544506734074 0.21221305830851172614 0.00009753283924182824 
0.00000000099999999991 0.99999999600000000211 0.00000000099999999991 0.00000000099999999991 0.00000000099999999991 
0.00971562530462247165 0.00000000099999999999 0.08740523701764367492 0.80873437243982582157 0.09414476423790790749 
0.00000000099999999996 0.92140574159414823097 0.07859425540585175674 0.00000000099999999996 0.00000000099999999996 
0.00000000099999999977 0.99999999600000011313 0.00000000099999999977 0.00000000099999999977 0.00000000099999999977 
0.00000000099999999979 0.99999999600000011313 0.00000000099999999979 0.00000000099999999979 0.00000000099999999979 
0.00000000099999999997 0.95819439742337297883 0.01934026249390482025 0.02081578823719840848 0.00164955084552377042 
0.26235685618440551803 0.13308084258896993313 0.60456229922662463316 0.00000000099999999999 0.00000000099999999999 
0.99999999600000000211 0.00000000099999999973 0.00000000099999999973 0.00000000099999999973 0.00000000099999999973 
0.00000000099999999992 0.99999999600000000211 0.00000000099999999992 0.00000000099999999992 0.00000000099999999992 
0.00000000099999999995 0.00000000099999999995 0.03243006569967956526 0.88664642997078668696 0.08092350232953376965 
0.00000000099999999993 0.00000000099999999993 0.77694548941200924919 0.22305450758799069688 0.00000000099999999993 
0.20990456890454323169 0.00000000099999999997 0.00000000099999999997 0.76177756309498645404 0.02831786600047028063 
0.87120395998793753733 0.00000000099999999983 0.00000000099999999983 0.12879603701206240873 0.00000000099999999983 
0.00000000099999999983 0.99999999600000000211 0.00000000099999999983 0.00000000099999999983 0.00000000099999999983 
0.00000000099999999987 0.99999999600000000211 0.00000000099999999987 0.00000000099999999987 0.00000000099999999987 
0.00000000099999999987 0.00000000099999999987 0.99999999599999989108 0.00000000099999999987 0.00000000099999999987 
0.00000000099999999990 0.00000000099999999990 0.00000000099999999990 0.00000000099999999990 0.99999999599999989108 
0.00000000099999999991 0.00000000099999999991 0.00000000099999999991 0.99999999599999989108 0.00000000099999999991 
0.00000000099999999990 0.00000000099999999990 0.00000000099999999990 0.00000000099999999990 0.99999999599999989108 
0.00000000099999999980 0.00000000099999999980 0.99999999599999989108 0.00000000099999999980 0.00000000099999999980 
0.99999999600000011313 0.00000000099999999972 0.00000000099999999972 0.00000000099999999972 0.00000000099999999972 
0.00000000099999999989 0.99687410475815674271 0.00000000099999999989 0.00000000099999999989 0.00312589224184331004 
0.00000000099999999990 0.00000000099999999990 0.99999999599999989108 0.00000000099999999990 0.00000000099999999990 
0.00000000099999999983 0.00000000099999999983 0.99999999599999989108 0.00000000099999999983 0.00000000099999999983 
0.00000000099999999982 0.99999999600000000211 0.00000000099999999982 0.00000000099999999982 0.00000000099999999982 
0.01604894361309826614 0.00000000099999999999 0.45916390105758991824 0.50663578986656776504 0.01815136446274410315 
0.01574110077194514762 0.00000000099999999996 0.14836516006565059200 0.83589373716240422674 0.00000000099999999996 
0.06406777311321573687 0.00000000099999999993 0.82939523787320179604 0.00000000099999999993 0.10653698701358238488 
0.00000000099999999989 0.99999999600000000211 0.00000000099999999989 0.00000000099999999989 0.00000000099999999989 
0.00000000099999999993 0.00000000099999999993 0.12004978452480648266 0.00000000099999999993 0.87995021247519356056 
0.00000000099999999984 0.00000000099999999984 0.00000000099999999984 0.00000000099999999984 0.99999999600000000211 
0.00000000099999999988 0.00000000099999999988 0.99999999599999989108 0.00000000099999999988 0.00000000099999999988 
0.13358126350329435628 0.00000000099999999991 0.86641873349670561755 0.00000000099999999991 0.00000000099999999991 
0.00000000099999999986 0.98729745879254671159 0.00000000099999999986 0.01270253820745316856 0.00000000099999999986 
0.00000000099999999994 0.87651226599265474881 0.00000000099999999994 0.00000000099999999994 0.12348773100734528052 
0.00000000099999999991 0.94334320471360877391 0.00000000099999999991 0.05665679228639128318 0.00000000099999999991 
0.00000000099999999988 0.00000000099999999988 0.99999999600000000211 0.00000000099999999988 0.00000000099999999988 
0.00000000099999999996 0.00000000099999999996 0.75338166840040410310 0.24661832859959589848 0.00000000099999999996 
0.00000000099999999980 0.00000000099999999980 0.99999999600000000211 0.00000000099999999980 0.00000000099999999980 
0.00000000099999999999 0.94287245084357185210 0.05551921662873541413 0.00000000099999999999 0.00160833052769273569 
0.00000000099999999981 0.00000000099999999981 0.00000000099999999981 0.00000000099999999981 0.99999999600000000211 
0.00000000099999999983 0.00000000099999999983 0.99999999600000000211 0.00000000099999999983 0.00000000099999999983 
0.00000000099999999991 0.99999999600000000211 0.00000000099999999991 0.00000000099999999991 0.00000000099999999991 
0.00000000099999999986 0.00000000099999999986 0.00000000099999999986 0.00000000099999999986 0.99999999599999989108 
0.00000000099999999993 0.00000000099999999993 0.00000000099999999993 0.99999999600000000211 0.00000000099999999993 
0.13085060333237266694 0.07612534187711655909 0.13730983874814975398 0.65571421504236104827 0.00000000099999999997 
0.12677959625419904510 0.00000000099999999996 0.83099795018158117976 0.00000000099999999996 0.04222245156421976925 
0.00000000099999999996 0.00000000099999999996 0.81054595422281661143 0.18945404277718327912 0.00000000099999999996 
0.00000000099999999994 0.00000000099999999994 0.00000000099999999994 0.99999999599999989108 0.00000000099999999994 
0.00000000099999999989 0.74397300008750366640 0.25602699691249630742 0.00000000099999999989 0.00000000099999999989 
0.07722610352978369341 0.00000000099999999996 0.00000000099999999996 0.92277389347021632204 0.00000000099999999996 
0.00000000099999999987 0.00000000099999999987 0.99999999600000000211 0.00000000099999999987 0.00000000099999999987 
0.00000000099999999986 0.99999999600000011313 0.00000000099999999986 0.00000000099999999986 0.00000000099999999986 
0.00000000099999999996 0.00000000099999999996 0.24207643606067097419 0.75792356093932911065 0.00000000099999999996 
0.25248213664766061548 0.00000000099999999998 0.00263392678703848557 0.74488393456530088699 0.00000000099999999998 
0.00000000099999999988 0.00000000099999999988 0.00000000099999999988 0.00000000099999999988 0.99999999599999989108 
0.00000000099999999979 0.00000000099999999979 0.00000000099999999979 0.00000000099999999979 0.99999999600000000211 
0.00000566362854476691 0.14304103270447565688 0.00000000099999999999 0.74480035033338165551 0.11215295233359795501 
0.00000000099999999987 0.99999999600000000211 0.00000000099999999987 0.00000000099999999987 0.00000000099999999987 
0.13510384948624074020 0.16373822706724106002 0.16741585493427349474 0.53374206751224462231 0.00000000099999999998 
0.05085321441740973947 0.13016837116469909263 0.35456385943900298185 0.46441455397888814494 0.00000000099999999999 
0.02317826002990788781 0.43067345033471293725 0.00000000099999999999 0.53517296275578418729 0.01097532587959481817 
0.00000000099999999997 0.51408498197098395632 0.13769046142791488418 0.00000000099999999997 0.34822455460110113279 
0.00000000099999999995 0.82116696971964897589 0.17883302728035099793 0.00000000099999999995 0.00000000099999999995 
0.00000000099999999997 0.99999999600000000211 0.00000000099999999997 0.00000000099999999997 0.00000000099999999997 
0.32443339016106015338 0.00000000099999999998 0.09656109644441493445 0.50527549037809049715 0.07373002201643427678 
0.00000000099999999994 0.57266439704317373405 0.00000000099999999994 0.09285977536031654600 0.33447582559650984591 
0.15923926081635864094 0.82776936982307436352 0.01299136736056691506 0.00000000099999999998 0.00000000099999999998 
0.00000000099999999992 0.99999999586170096322 0.00000000113829910684 0.00000000099999999992 0.00000000099999999992 
0.00000000099999999994 0.79395119427931359901 0.20604880272068643032 0.00000000099999999994 0.00000000099999999994 
0.00000000099999999993 0.95124214738126589008 0.00000000099999999993 0.00000000099999999993 0.04875784961873424334 
0.00000000099999999998 0.00000000099999999998 0.67321424536060558985 0.32678575163939438397 0.00000000099999999998 
0.00000000099999999984 0.96532572026955321132 0.00000000099999999984 0.00000000099999999984 0.03467427673044703312 
0.00000000099999999997 0.97147359282184064799 0.00019741284914344322 0.02832899232901585351 0.00000000099999999997 
0.08781310643078542311 0.00000000099999999997 0.15297999443130999575 0.75920689713790445730 0.00000000099999999997 
0.00000000099999999998 0.19271241748540454686 0.12980187759549374760 0.67748570291910159558 0.00000000099999999998 
0.00000000099999999999 0.20964799309158629881 0.32670756990280747090 0.39416912252996605392 0.06947531347564014914 
0.02357847224104424669 0.02199446109211676201 0.35144247934368055830 0.60298456800312605353 0.00000001932003232448 
0.13023577054676285791 0.58682533974192019333 0.12565136744183116879 0.00000000099999999997 0.15728752126948578050 
0.00000000099999999994 0.82175097732283119978 0.00000000099999999994 0.00000000099999999994 0.17824901967716888507 
0.04602465718108220138 0.00000000099999999999 0.00000000099999999999 0.95397491335330286688 0.00000042746561500146 
0.00000000099999999996 0.85202010008134876351 0.00000000099999999996 0.00000000099999999996 0.14797989691865126582 
0.00000000099999999995 0.77521497152208507231 0.00000000099999999995 0.00000000099999999995 0.22478502547791490151 
0.04788215567730293165 0.95211784132269716707 0.00000000099999999994 0.00000000099999999994 0.00000000099999999994 
0.00000000099999999997 0.80554332340165168969 0.19445667359834822863 0.00000000099999999997 0.00000000099999999997 
0.00000000099999999994 0.70804467937499759866 0.00000000099999999994 0.00000000099999999994 0.29195531762500259720 
0.52994916196239028050 0.00000000099999999998 0.29761116785442937038 0.17243966818318023915 0.00000000099999999998 
0.12082699727346675467 0.04903092141116411479 0.14229188951522972473 0.68785019080013942716 0.00000000100000000000 
0.00000000099999999991 0.99999999600000011313 0.00000000099999999991 0.00000000099999999991 0.00000000099999999991 
0.00000000099999999991 0.00000000099999999991 0.00000000099999999991 0.99999999600000000211 0.00000000099999999991 
0.00000000099999999983 0.00000000099999999983 0.00000000099999999983 0.00000000099999999983 0.99999999599999989108 
0.00000000099999999991 0.99999999600000011313 0.00000000099999999991 0.00000000099999999991 0.00000000099999999991 
0.17571931285082403873 0.00000000099999999996 0.00000000099999999996 0.00000000099999999996 0.82428068414917610163 
0.00000000099999999990 0.99999999600000000211 0.00000000099999999990 0.00000000099999999990 0.00000000099999999990 
0.99999999600000000211 0.00000000099999999983 0.00000000099999999983 0.00000000099999999983 0.00000000099999999983 
0.00000000099999999998 0.20518552075720936090 0.00000000099999999998 0.00000000099999999998 0.79481447624279055741 
0.00000000099999999996 0.16169068806226308266 0.05128364627544235860 0.00000000099999999996 0.78702566366229453898 
0.00000000099999999998 0.83165039767535908766 0.12646844027876061323 0.00000000099999999998 0.04188116004588032099 
0.00000000099999999993 0.00000000099999999993 0.00000000099999999993 0.00000000099999999993 0.99999999599999989108 
0.00000000099999999991 0.99999999600000011313 0.00000000099999999991 0.00000000099999999991 0.00000000099999999991 
0.28165038605934322735 0.00000000099999999998 0.03214703323047947425 0.68620257871017731333 0.00000000099999999998 
0.00000000099999999992 0.00000000099999999992 0.00000000099999999992 0.06783234770127824498 0.93216764929872175660 
0.00000000099999999998 0.83660082365968013729 0.00000000099999999998 0.05205287941223941950 0.11134629492808054141 
0.00000000099999999992 0.00000000099999999992 0.99999999599999989108 0.00000000099999999992 0.00000000099999999992 
0.00000000099999999995 0.00000000099999999995 0.00000000099999999995 0.17350213984004891898 0.82649785715995116586 
0.00000000099999999996 0.53871010155822407484 0.06910999883046171910 0.00000000099999999996 0.39217989761131416548 
0.00000000099999999994 0.00000000099999999994 0.00000002422662399936 0.00000000099999999994 0.99999997277337593360 
0.00000000099999999991 0.00000000099999999991 0.00000000099999999991 0.00000000099999999991 0.99999999599999989108 
0.00000000099999999996 0.00000000099999999996 0.00000000099999999996 0.87150517701982210816 0.12849481998017786566 
0.07388714656896366861 0.11797716046680926938 0.51803198075315759485 0.29010371121106925951 0.00000000099999999999 
0.00000000099999999998 0.00000000099999999998 0.17814639867271689355 0.00000000099999999998 0.82185359832728299700 
0.00000000099999999997 0.66470877504390935009 0.00000000099999999997 0.00000000099999999997 0.33529122195609073476 
0.00000000099999999999 0.88694799644130395411 0.07124133044564640027 0.00000000099999999999 0.04181067111304963974 
0.00000000099999999995 0.09323124790446046806 0.00000000099999999995 0.90676874909553950577 0.00000000099999999995 
0.15842779046111746255 0.66934299613167680398 0.07355583281166230836 0.00000000100000000000 0.09867337959554346727 
0.00000000099999999995 0.95737840807833551882 0.00000000099999999995 0.00000023898482739565 0.04262135093683721426 
0.00000000099999999994 0.82848872212396063031 0.00000000099999999994 0.00000000099999999994 0.17151127487603939903 
0.00000000099999999999 0.84354475574556164741 0.00000000099999999999 0.03005677919209095647 0.12639846306234758799 
0.00000000099999999994 0.82620683229764557698 0.00000000099999999994 0.00000000099999999994 0.17379316470235459113 
0.00000000099999999996 0.91212077263664015359 0.08787922436335984799 0.00000000099999999996 0.00000000099999999996 
0.05006449796614615561 0.01181051524143747304 0.00000000099999999998 0.93812498479241634985 0.00000000099999999998 
0.21981152100123096949 0.61007790769100833650 0.00096131208787981917 0.16914925821988091581 0.00000000099999999999 
0.00000000099999999993 0.00000000099999999993 0.00000000099999999993 0.00000000099999999993 0.99999999600000000211 
0.12854323045161253347 0.22763397437676838320 0.36503596491479384234 0.27878682029344542537 0.00000000996337976545 
0.10032255767105757727 0.00000000099999999997 0.03383012411312660145 0.86584731621581567662 0.00000000099999999997 
0.00000000099999999996 0.00014582812968646372 0.00000000099999999996 0.00000000099999999996 0.99985416887031353106 
0.00000000099999999994 0.00000000099999999994 0.00000000099999999994 0.00000000099999999994 0.99999999599999989108 
0.49366561223551674864 0.28243002353320001419 0.00000000099999999998 0.22390436223128329374 0.00000000099999999998 
0.00000000099999999992 0.99999999600000011313 0.00000000099999999992 0.00000000099999999992 0.00000000099999999992 
0.03361189479812986408 0.54038218899573753351 0.42600591420613259652 0.00000000099999999998 0.00000000099999999998 
0.14602864420043412674 0.00000000099999999999 0.41941948187616101551 0.25996361761346797881 0.17458825530993687947 
0.00000000099999999999 0.83742394452240742631 0.00757041978697377792 0.00000000099999999999 0.15500563369061903796 
0.00000000099999999996 0.13076935084418167543 0.34094919104797716258 0.52828145610784105202 0.00000000099999999996 
0.00000000099999999998 0.56557914608890436092 0.43442085091109566841 0.00000000099999999998 0.00000000099999999998 
0.05826742626329052543 0.94173257073670935124 0.00000000099999999997 0.00000000099999999997 0.00000000099999999997 
0.00000000099999999992 0.00000008425674637287 0.00000000099999999992 0.00000000099999999992 0.99999991274325372714 
0.00000000099999999993 0.99999999600000011313 0.00000000099999999993 0.00000000099999999993 0.00000000099999999993 
0.00000000099999999996 0.84495434689918602622 0.00000000099999999996 0.00000000099999999996 0.15504565010081397536 
0.18613341337492073091 0.56483505011789691963 0.09784952283956019348 0.00000000100000000000 0.15118201266762212875 
0.00000000099999999993 0.00000000099999999993 0.00000000099999999993 0.00000000099999999993 0.99999999600000000211 
0.00000000099999999997 0.35649361017081765413 0.48527094194272213379 0.00000000099999999997 0.15823544588646029641 
0.00000000099999999998 0.81750935611931074831 0.18249064088068917000 0.00000000099999999998 0.00000000099999999998 
0.17582274151251492400 0.66491608327321083394 0.15926117321427421536 0.00000000099999999997 0.00000000099999999997 
0.00000000099999999997 0.92086766178718015841 0.00000000099999999997 0.00000000099999999997 0.07913233521281987093 
0.00000000099999999993 0.99999999600000011313 0.00000000099999999993 0.00000000099999999993 0.00000000099999999993 
0.00000000099999999994 0.00000000099999999994 0.00000000099999999994 0.00000000099999999994 0.99999999600000000211 
0.02847792295224099365 0.00000156359389548111 0.02580128883732839273 0.53400524409348393284 0.41171398052305113735 
0.00000000099999999997 0.99929395046661217972 0.00000000099999999997 0.00000000099999999997 0.00070604653338797744 
0.49259629586392750245 0.50740370113607247138 0.00000000099999999997 0.00000000099999999997 0.00000000099999999997 
0.00230231801853349486 0.08459693066198385736 0.91310074931948270738 0.00000000099999999999 0.00000000099999999999 
0.00000000099999999998 0.00000000099999999998 0.82903397167719328209 0.00029237488995188901 0.17067365143285478934 
0.45716341754730716040 0.00000000099999999997 0.00000724968589806452 0.54282933076679462658 0.00000000099999999997 
0.00003293753052180479 0.65339229607000837152 0.15458811820768741940 0.00000000099999999998 0.19198664719178229476 
0.00000000099999999991 0.00000000099999999991 0.00000000099999999991 0.00000000099999999991 0.99999999599999989108 
0.09545161578571666194 0.00000000099999999998 0.37013472751481402145 0.53441365469946922051 0.00000000099999999998 
0.00000000099999999992 0.00000000099999999992 0.00000000099999999992 0.00000000099999999992 0.99999999600000000211 
0.00000000099999999997 0.47767320054981121658 0.52231520928078944976 0.00000000099999999997 0.00001158816939926395 
0.00000000099999999999 0.00000000099999999999 0.12969046684053808782 0.87030953015946177498 0.00000000099999999999 
0.00000000099999999998 0.99999999600000000211 0.00000000099999999998 0.00000000099999999998 0.00000000099999999998 
0.00000000099999999997 0.00000000099999999997 0.00000000099999999997 0.55412003126606301784 0.44587996573393690047 
0.00000000099999999995 0.95792172536604625055 0.00000000099999999995 0.00000000099999999995 0.04207827163395396614 
0.00000000099999999999 0.51458463608645133025 0.43889147002048267687 0.04652389189306609801 0.00000000099999999999 
0.00000000099999999998 0.15346914308696077422 0.00000000099999999998 0.84653085391303906082 0.00000000099999999998 
0.30517806442398809352 0.00000000100000000000 0.00000000672797134171 0.39426614780704122287 0.30055578004099942069 
0.00000000099999999995 0.00000000099999999995 0.00000000099999999995 0.00000000099999999995 0.99999999599999989108 
0.00000000099999999995 0.00000000099999999995 0.00000000099999999995 0.00000000099999999995 0.99999999599999989108 
0.00000000099999999994 0.00000000099999999994 0.00000000099999999994 0.00000000099999999994 0.99999999600000000211 
0.23603960794558270786 0.00000000099999999999 0.00000000099999999999 0.00000000099999999999 0.76396038905441732147 
0.13874564521015730900 0.17894984317809950469 0.02962520469629001049 0.65267930591545320063 0.00000000100000000000 
0.00000000099999999997 0.70954603009264760605 0.00000000099999999997 0.29045396690735247880 0.00000000099999999997 
0.00000000099999999998 0.00000000099999999998 0.00000000099999999998 0.26370670890232905670 0.73629328809767080610 
0.00000000099999999998 0.99999999600000000211 0.00000000099999999998 0.00000000099999999998 0.00000000099999999998 
0.00000000099999999995 0.00000000099999999995 0.00000000099999999995 0.00000000099999999995 0.99999999599999989108 
0.00000000099999999996 0.00000000099999999996 0.14992868976320508634 0.00000000099999999996 0.85007130723679480422 
0.00000003048503734132 0.00000000099999999998 0.00000000099999999998 0.99999996651496270150 0.00000000099999999998 
0.00000000099999999994 0.00000000099999999994 0.00000000099999999994 0.00000000099999999994 0.99999999599999989108 
0.00000000099999999998 0.00000000099999999998 0.24673259590457463641 0.75326740109542522639 0.00000000099999999998 
0.00000000099999999997 0.00741818136421409230 0.00000000099999999997 0.00000000099999999997 0.99258181563578584683 
0.81837606392431250235 0.00000000099999999999 0.18045912514829842710 0.00116480892738904515 0.00000000099999999999 
0.00812319454062839126 0.00000000099999999997 0.00000000099999999997 0.00000000099999999997 0.99187680245937170920 
0.00000000099999999999 0.00000000099999999999 0.52625280174029442914 0.47374719525970537815 0.00000000099999999999 
0.00000000099999999999 0.38505277990639602548 0.60018126034533048063 0.00000000099999999999 0.01476595774827344637 
0.05747085809095215519 0.28034853017494193450 0.05602596462627183055 0.00000000100000000000 0.60615464610783398314 
0.00000000099999999997 0.00000000099999999997 0.00000000099999999997 0.00000000099999999997 0.99999999599999989108 
0.00000000099999999993 0.00000000099999999993 0.00000000099999999993 0.00000000099999999993 0.99999999600000000211 
0.00000000099999999999 0.91661993835451505142 0.00166196227875967171 0.00000000099999999999 0.08171809736672534796 
0.00000000099999999995 0.00000000099999999995 0.00000000099999999995 0.00000000099999999995 0.99999999600000000211 
0.00000000099999999997 0.00000000099999999997 0.00000000099999999997 0.00000000099999999997 0.99999999600000000211 
0.00000000099999999997 0.00000000099999999997 0.21585146830976081889 0.00000000099999999997 0.78414852869023932147 
0.00000000099999999999 0.00000000099999999999 0.00000000099999999999 0.01305261024173492122 0.98694738675826498842 
0.00000000099999999999 0.00001073432011638702 0.12588276402992495950 0.87410649964995856820 0.00000000099999999999 
0.00000000099999999998 0.00040845366144584777 0.00000000099999999998 0.99959154333855415597 0.00000000099999999998 
0.04392634852926506628 0.59579549215109195437 0.00000000099999999999 0.00000000099999999999 0.36027815731964302204 
