0.00000000099999999950 0.00000000099999999950 0.00000000099999999950 0.99999999400000005867 0.00000000099999999950 0.00000000099999999950 0.00000000099999999950 
0.00000000099999999965 0.67948623057780488388 0.32051376442219525753 0.00000000099999999965 0.00000000099999999965 0.00000000099999999965 0.00000000099999999965 
0.99999999400000005867 0.00000000099999999941 0.00000000099999999941 0.00000000099999999941 0.00000000099999999941 0.00000000099999999941 0.00000000099999999941 
0.03224206665615292344 0.49424268153324946162 0.47351524416708468124 0.00000000099999999968 0.00000000099999999968 0.00000000464351292334 0.00000000099999999968 
0.00000000099999999967 0.67038715603878695770 0.32961283896121312820 0.00000000099999999967 0.00000000099999999967 0.00000000099999999967 0.00000000099999999967 
0.03246912640879082157 0.00000000099999999988 0.00000000099999999988 0.00000000099999999988 0.52791549101954926559 0.00000000099999999988 0.43961537857165994270 
0.05675825166097682450 0.00000000099999999991 0.00000000099999999991 0.00000000099999999991 0.01373915844850698287 0.03317717964815154741 0.89632540724236453578 
0.00000000162580122193 0.10967925666873490353 0.23934455380321856266 0.00000000099999999986 0.00000000099999999986 0.65097618490224529175 0.00000000099999999986 
0.99999999400000016969 0.00000000099999999952 0.00000000099999999952 0.00000000099999999952 0.00000000099999999952 0.00000000099999999952 0.00000000099999999952 
0.00000000099999999962 0.00000000099999999962 0.00000000099999999962 0.00000000099999999962 0.99999999399999994765 0.00000000099999999962 0.00000000099999999962 
0.25428027655761514803 0.35132742929510174523 0.39439229014728316436 0.00000000099999999972 0.00000000099999999972 0.00000000099999999972 0.00000000099999999972 
0.00000000099999999976 0.51124062390428126612 0.45930009513467445759 0.00000000099999999976 0.00000000099999999976 0.02945927696104429575 0.00000000099999999976 
0.00000000099999999975 0.56074059305080015125 0.43925940194919999016 0.00000000099999999975 0.00000000099999999975 0.00000000099999999975 0.00000000099999999975 
0.00000000099999999991 0.12990121676680491114 0.00000000099999999991 0.00000000099999999991 0.48933673142247757770 0.00000000099999999991 0.38076204781071754102 
0.25769074532365077168 0.26459899598108560514 0.00000000099999999976 0.00000000099999999976 0.00000000099999999976 0.47771025469526356977 0.00000000099999999976 
0.00000000099999999980 0.00000000099999999980 0.00000000099999999980 0.00000000099999999980 0.11546533904998199094 0.00000000099999999980 0.88453465595001812272 
0.00000000761997653296 0.52986886294490498361 0.45803933401269464332 0.01209179242242381866 0.00000000099999999986 0.00000000099999999986 0.00000000099999999986 
0.09109118107023146671 0.46144065580536108850 0.44746815912440746077 0.00000000099999999968 0.00000000099999999968 0.00000000099999999968 0.00000000099999999968 
0.00000000099999999987 0.00000000099999999987 0.00000000099999999987 0.00000000099999999987 0.00000000099999999987 0.11784205030753311383 0.88215794469246677778 
0.08466264488996461113 0.39995698763829845568 0.48976345918072400343 0.00000000099999999978 0.00000000099999999978 0.02561690529101292788 0.00000000099999999978 
0.20300072904461091694 0.15223839037242176131 0.64476087658296743488 0.00000000099999999974 0.00000000099999999974 0.00000000099999999974 0.00000000099999999974 
0.99999999400000005867 0.00000000099999999967 0.00000000099999999967 0.00000000099999999967 0.00000000099999999967 0.00000000099999999967 0.00000000099999999967 
0.00000000099999999984 0.00000000099999999984 0.00000000099999999984 0.00000000099999999984 0.22880820721539382734 0.00000000099999999984 0.77119178778460606427 
0.00000000099999999990 0.00000000099999999990 0.05963956210950358688 0.00000000099999999990 0.08955563661036361478 0.00000000099999999990 0.85080479728013280738 
0.54040007596195116513 0.09783104930563468749 0.23292361146472326250 0.00000000099999999989 0.00000000099999999989 0.12884526026769080320 0.00000000099999999989 
0.00000000099999999987 0.00000000099999999987 0.00000000099999999987 0.00000000099999999987 0.99999999399999994765 0.00000000099999999987 0.00000000099999999987 
0.23885232241475753967 0.50012774977272655974 0.19166872249190411437 0.00000000099999999979 0.00000000099999999979 0.06935120232061167678 0.00000000099999999979 
0.00000000099999999992 0.00000000099999999992 0.03125878558735319807 0.00000000099999999992 0.17301492939408150140 0.00000024130534497250 0.79572604071322039498 
0.00000000099999999984 0.51544408437579736226 0.48455591062420266812 0.00000000099999999984 0.00000000099999999984 0.00000000099999999984 0.00000000099999999984 
0.06466871122520564952 0.51438901701347405915 0.42094226776132032120 0.00000000099999999976 0.00000000099999999976 0.00000000099999999976 0.00000000099999999976 
0.00000000099999999986 0.09377126218964354498 0.08580727077489408439 0.82042146303546226171 0.00000000099999999986 0.00000000099999999986 0.00000000099999999986 
0.00000000099999999984 0.00000000099999999984 0.00000000099999999984 0.00000000099999999984 0.87446075613019047523 0.12553923886980936087 0.00000000099999999984 
0.00000000099999999995 0.00000000099999999995 0.11174820811465281667 0.00000000099999999995 0.15341578761576832313 0.10305289444953653899 0.63178310682004235055 
0.00000000099999999977 0.00000000099999999977 0.00000000099999999977 0.00000000099999999977 0.99999999399999994765 0.00000000099999999977 0.00000000099999999977 
0.00000000099999999991 0.00000000099999999991 0.00000000099999999991 0.00000000099999999991 0.00000000099999999991 0.16741662829351686148 0.83258336670648314115 
0.00000000099999999965 0.00000000099999999965 0.00000000099999999965 0.00000000099999999965 0.99999999399999994765 0.00000000099999999965 0.00000000099999999965 
0.00000000099999999997 0.00000000099999999997 0.08108705902132255783 0.00000000099999999997 0.56828682570564059695 0.07178480106446881448 0.27884131120856814334 
0.00000000099999999992 0.54976968981249718649 0.38282556718444959998 0.00000000099999999992 0.00000000099999999992 0.06740473900305321564 0.00000000099999999992 
0.00000000099999999995 0.00000000099999999995 0.03814070685218028112 0.01682292997363076664 0.04739707824956266441 0.11366690174495970578 0.78397238117966672188 
0.00000000099999999985 0.00000000099999999985 0.37919941551573416172 0.00000000099999999985 0.00000000099999999985 0.62080057948426570213 0.00000000099999999985 
0.42455557222180034804 0.37944604967167078202 0.19599837410652889980 0.00000000099999999983 0.00000000099999999983 0.00000000099999999983 0.00000000099999999983 
0.11232133845195879651 0.48887449813601568938 0.39880415941202573826 0.00000000099999999980 0.00000000099999999980 0.00000000099999999980 0.00000000099999999980 
0.20859299685709573047 0.29226475096160792200 0.26738433529952071455 0.00000000099999999990 0.00000000099999999990 0.23175791388177552355 0.00000000099999999990 
0.15244361290904120954 0.00000000099999999994 0.00000000099999999994 0.00000000099999999994 0.65854424189983984395 0.12692164048371554208 0.06209050170740332969 
0.00000000099999999993 0.05867959449909249114 0.00000000099999999993 0.07874931296212203669 0.76115998406275908739 0.00000000099999999993 0.10141110547602646963 
0.70160286764078938493 0.14698092066020956858 0.15141620769900121513 0.00000000099999999987 0.00000000099999999987 0.00000000099999999987 0.00000000099999999987 
0.00000000099999999991 0.00000000099999999991 0.00000000099999999991 0.10844984309185640159 0.00000000099999999991 0.00000000099999999991 0.89155015190814368431 
0.00000000099999999990 0.00000000099999999990 0.00000000099999999990 0.00000000099999999990 0.69462211098726345249 0.06985276560071057572 0.23552511941202602941 
0.06470224840520347187 0.00000000099999999994 0.00000000099999999994 0.06783122134482286181 0.05281980488839242704 0.00000000099999999994 0.81464672236158131025 
0.00000000099999999997 0.04025329467713426035 0.04616126402563797138 0.00000000099999999997 0.42776233153650355945 0.00000000099999999997 0.48582310676072409938 
0.99999999400000005867 0.00000000099999999963 0.00000000099999999963 0.00000000099999999963 0.00000000099999999963 0.00000000099999999963 0.00000000099999999963 
0.00000000099999999984 0.29549812155850008200 0.56858004630649217059 0.00000000099999999984 0.00000000099999999984 0.13592182813500780503 0.00000000099999999984 
0.00000000099999999980 0.00000000099999999980 0.00000000099999999980 0.00000000099999999980 0.85526781916522676141 0.14473217583477321346 0.00000000099999999980 
0.00000000099999999988 0.00000000099999999988 0.00000000099999999988 0.99999999400000005867 0.00000000099999999988 0.00000000099999999988 0.00000000099999999988 
0.00887905289440760540 0.00000000099999999987 0.00000000099999999987 0.00000000099999999987 0.00000000099999999987 0.00000000099999999987 0.99112094210559231744 
0.00000000099999999986 0.00000000099999999986 0.00000000099999999986 0.99999999399999994765 0.00000000099999999986 0.00000000099999999986 0.00000000099999999986 
0.00000000099999999983 0.00000000099999999983 0.00000000099999999983 0.00000000099999999983 0.97294255534851981082 0.02705743965148008426 0.00000000099999999983 
0.00000000099999999991 0.22477292737501458619 0.00000000099999999991 0.00000000099999999991 0.55432478344379487734 0.00000000099999999991 0.22090228518119056633 
0.13341871397637616870 0.29380165013103981542 0.46055995503765079224 0.00000000099999999992 0.00000000099999999992 0.11221967785493316971 0.00000000099999999992 
0.00000000099999999976 0.00000000099999999976 0.11707790827448689985 0.00000000099999999976 0.88292208672551319992 0.00000000099999999976 0.00000000099999999976 
0.00000000099999999964 0.00000000099999999964 0.00000000099999999964 0.00000000099999999964 0.99999999400000005867 0.00000000099999999964 0.00000000099999999964 
0.22386221841196607407 0.16989461321054363796 0.60624316437749037334 0.00000000099999999984 0.00000000099999999984 0.00000000099999999984 0.00000000099999999984 
0.00000000099999999993 0.00000000099999999993 0.06397860447276947082 0.00000000099999999993 0.34845830820263712369 0.06709905600489234068 0.52046402831970095537 
0.00000000099999999989 0.00000000099999999989 0.00000000099999999989 0.00000000099999999989 0.17633434881003734462 0.00000000099999999989 0.82366564618996263025 
0.00000000099999999987 0.00000000099999999987 0.00000000099999999987 0.08336753830574260282 0.76112339812714735476 0.15550905956710994738 0.00000000099999999987 
0.00000000099999999981 0.00000000099999999981 0.99999999399999994765 0.00000000099999999981 0.00000000099999999981 0.00000000099999999981 0.00000000099999999981 
0.00000000099999999986 0.00000000099999999986 0.00000000099999999986 0.59538165064601544785 0.00000000099999999986 0.40461834435398441601 0.00000000099999999986 
0.00000000099999999979 0.00000000099999999979 0.00000000099999999979 0.99999999399999994765 0.00000000099999999979 0.00000000099999999979 0.00000000099999999979 
0.00000000099999999980 0.00000000099999999980 0.00000000099999999980 0.00000000099999999980 0.85223280383927013659 0.14776719116072983828 0.00000000099999999980 
0.00000000099999999991 0.00000000099999999991 0.00000000099999999991 0.00000000099999999991 0.99999999400000005867 0.00000000099999999991 0.00000000099999999991 
0.00000000099999999987 0.33941742152930926002 0.66058257347069093690 0.00000000099999999987 0.00000000099999999987 0.00000000099999999987 0.00000000099999999987 
0.34311293525841130014 0.00000000099999999990 0.40741490196379737121 0.00000000099999999990 0.00000000099999999990 0.24947215877779135851 0.00000000099999999990 
0.36699786878921075717 0.25791299438259834842 0.30461258819350595095 0.02331347145880591568 0.00000000099999999995 0.00000000099999999995 0.04716307517587914333 
0.00000000099999999990 0.00000000099999999990 0.00001093702678253229 0.00000000099999999990 0.87516935029896636422 0.12481970867425096205 0.00000000099999999990 
0.00000000099999999990 0.13798358077296982160 0.00000000099999999990 0.00000000099999999990 0.82021113482785512616 0.00000000099999999990 0.04180528039917518618 
0.00000000099999999969 0.00000000099999999969 0.00000000099999999969 0.00000000099999999969 0.99999999400000005867 0.00000000099999999969 0.00000000099999999969 
0.00000000099999999998 0.30059813484052799737 0.55741261247977291760 0.00000000099999999998 0.00000000099999999998 0.11678796203113731011 0.02520128764856194997 
0.00000000099999999975 0.00000000099999999975 0.00000000099999999975 0.99999999400000005867 0.00000000099999999975 0.00000000099999999975 0.00000000099999999975 
0.00000000099999999972 0.00000000099999999972 0.00000000099999999972 0.00000000099999999972 0.99999999400000005867 0.00000000099999999972 0.00000000099999999972 
0.00000000099999999991 0.63237482530642596945 0.35661102042073544727 0.00000000099999999991 0.00000000099999999991 0.01101415027283864610 0.00000000099999999991 
0.00000000099999999982 0.00000000099999999982 0.00000000099999999982 0.99999999399999994765 0.00000000099999999982 0.00000000099999999982 0.00000000099999999982 
0.00000000099999999993 0.00000000099999999993 0.00000000099999999993 0.00000000099999999993 0.00000000099999999993 0.00000000099999999993 0.99999999399999994765 
0.20986561030413353190 0.00000000099999999994 0.00000000099999999994 0.00000000099999999994 0.16903699539720548617 0.00000000099999999994 0.62109739029866095628 
0.00000000099999999979 0.00000000099999999979 0.00000000099999999979 0.00000000099999999979 0.62338741956334442484 0.37661257543665543901 0.00000000099999999979 
0.00000000099999999992 0.00000000099999999992 0.00000000099999999992 0.00000000099999999992 0.81100116311401293512 0.00000000099999999992 0.18899883188598715078 
0.00000000099999999994 0.00000000099999999994 0.00000000099999999994 0.00000000099999999994 0.00000000099999999994 0.00000000099999999994 0.99999999399999994765 
0.00000000099999999987 0.00000000099999999987 0.65509037525350188869 0.00000000099999999987 0.00000000099999999987 0.34490961974649803068 0.00000000099999999987 
0.00000000099999999993 0.00000000099999999993 0.06601615077031465495 0.00000000099999999993 0.00000000099999999993 0.00000000099999999993 0.93398384422968538932 
0.00000000099999999983 0.00000000099999999983 0.00000000099999999983 0.00000000099999999983 0.99999999399999994765 0.00000000099999999983 0.00000000099999999983 
0.07666655136432268258 0.32439384095086898352 0.59893960368480847478 0.00000000099999999988 0.00000000099999999988 0.00000000099999999988 0.00000000099999999988 
0.00000000099999999995 0.00000000099999999995 0.00000000099999999995 0.00000000099999999995 0.24090770614495096713 0.00000259588436032901 0.75908969397068870588 
0.07774170982942334163 0.00000000099999999993 0.00000000099999999993 0.00000000099999999993 0.25221969526263882111 0.00000000099999999993 0.67003859090793793651 
0.00000000099999999985 0.00000000099999999985 0.00000000099999999985 0.99999999400000005867 0.00000000099999999985 0.00000000099999999985 0.00000000099999999985 
0.00000000099999999969 0.00000000099999999969 0.00000000099999999969 0.99999999400000005867 0.00000000099999999969 0.00000000099999999969 0.00000000099999999969 
0.19301001475948487140 0.00000080633001145740 0.00000000099999999996 0.09523870298753002450 0.00000000099999999996 0.00000000099999999996 0.71175047292297366486 
0.07743868584198698723 0.92256130915801315417 0.00000000099999999987 0.00000000099999999987 0.00000000099999999987 0.00000000099999999987 0.00000000099999999987 
0.00000000099999999998 0.11197582399719142876 0.06457295834611007090 0.00000000099999999998 0.28196846063165448282 0.00000001986898377702 0.54148273515606015760 
0.01463921224299606118 0.00000000099999999993 0.25613930804906659411 0.00000000099999999993 0.46128853216399995363 0.00000000099999999993 0.26793294454393740134 
0.46884759323764557681 0.00000000099999999996 0.00000000099999999996 0.00000000099999999996 0.00000000099999999996 0.00000000099999999996 0.53115240176235423153 
0.00000000099999999984 0.00000000099999999984 0.00000000099999999984 0.00000000099999999984 0.00000000099999999984 0.99999999399999994765 0.00000000099999999984 
0.00000000099999999983 0.00000000099999999983 0.00000000099999999983 0.00000000099999999983 0.00000000099999999983 0.99999999400000005867 0.00000000099999999983 
0.53841064160154616935 0.43959888412127812174 0.00000000099999999996 0.02199047027717568326 0.00000000099999999996 0.00000000099999999996 0.00000000099999999996 
0.00000000099999999993 0.00000000099999999993 0.03998611695158756779 0.07999697526059133812 0.34945179328976722077 0.00000000099999999993 0.53056511149805396510 
0.00000000099999999995 0.16177452000355801998 0.45200003859362469782 0.29836545916886964003 0.00000000099999999995 0.00000000099999999995 0.08785997923394760212 
0.45351095547581843359 0.42682939077597270572 0.00000000099999999995 0.00000000099999999995 0.03850353423285399201 0.00000093837792020481 0.08115517913743457157 
0.36413821092608789076 0.52487497060679244587 0.00000000099999999988 0.00000000099999999988 0.00000000099999999988 0.11098681446711979037 0.00000000099999999988 
0.00000000099999999987 0.00000000099999999987 0.20022999794490101144 0.00000000099999999987 0.00000000099999999987 0.79976999705509899119 0.00000000099999999987 
0.00000000099999999993 0.27992685520781013242 0.67223236028622368465 0.04784078050596621279 0.00000000099999999993 0.00000000099999999993 0.00000000099999999993 
0.00000000099999999994 0.00000000099999999994 0.15630557441108774985 0.00000000099999999994 0.65426909322992765627 0.00000000099999999994 0.18942532835898456822 
0.00000000099999999979 0.99999999400000005867 0.00000000099999999979 0.00000000099999999979 0.00000000099999999979 0.00000000099999999979 0.00000000099999999979 
0.44573059046494173385 0.00000000099999999991 0.38043358225304385600 0.00000000099999999991 0.00000000099999999991 0.17383582328201438449 0.00000000099999999991 
0.00000000099999999995 0.00000000099999999995 0.00000000099999999995 0.00000000099999999995 0.18026027087433194040 0.00000013180394116216 0.81973959332172685599 
0.15568098487763132320 0.00000000099999999997 0.00000000099999999997 0.00000000099999999997 0.00000000099999999997 0.16309125383179023938 0.68122775729057849503 
0.00000000099999999997 0.00000000099999999997 0.00000000099999999997 0.04495477825499240992 0.23244828603083864116 0.43039575352074699310 0.29220117919342192270 
0.00000000099999999996 0.00000000099999999996 0.08408783074496591070 0.00000000099999999996 0.30427214816583403323 0.07937357570852252020 0.53226644238067755133 
0.19775784310312746750 0.14020336851084883034 0.00000000099999999997 0.07054721464912876161 0.00000000099999999997 0.59149157073689473396 0.00000000099999999997 
0.10460111716729691977 0.00000000099999999993 0.08580068085393098565 0.11691639679905316274 0.00000000099999999993 0.69268180217971886403 0.00000000099999999993 
0.00000000099999999990 0.00000000099999999990 0.00000000099999999990 0.00000000099999999990 0.00000000099999999990 0.31487271196995580969 0.68512728303004422070 
0.84627988844094825804 0.00000000099999999995 0.00000000099999999995 0.15372010655905177234 0.00000000099999999995 0.00000000099999999995 0.00000000099999999995 
0.44418108199735961694 0.00000000099999999993 0.00000000099999999993 0.15019744073132548778 0.00000000099999999993 0.40562147327131475860 0.00000000099999999993 
0.00004979361956187404 0.87024331555565448415 0.00000000099999999995 0.00000000099999999995 0.00000000099999999995 0.12970688682478379028 0.00000000099999999995 
0.75010784043554523670 0.00000000099999999995 0.00000000099999999995 0.00000000099999999995 0.03361032481460852345 0.21628183074984622114 0.00000000099999999995 
0.00000000099999999979 0.00000000099999999979 0.00000000099999999979 0.00000000099999999979 0.00000000099999999979 0.99999999400000005867 0.00000000099999999979 
0.00000000099999999990 0.00000000099999999990 0.00000000099999999990 0.00000000099999999990 0.33963160128882324829 0.40327499062622046422 0.25709340408495634511 
0.00000000099999999998 0.11566645643532519339 0.00000000099999999998 0.00000000099999999998 0.23216581697422994379 0.00000000099999999998 0.65216772259044475391 
0.59430241155051166668 0.18882970279935867852 0.19001762946761455164 0.00000000099999999994 0.00000000099999999994 0.02685025318251521576 0.00000000099999999994 
0.00000000099999999988 0.00000000099999999988 0.00000000099999999988 0.00000000099999999988 0.00000000099999999988 0.00000000099999999988 0.99999999400000005867 
0.00000000099999999980 0.00000000099999999980 0.00000000099999999980 0.99999999400000005867 0.00000000099999999980 0.00000000099999999980 0.00000000099999999980 
0.00000000099999999993 0.71372891030427032533 0.28627108469572992711 0.00000000099999999993 0.00000000099999999993 0.00000000099999999993 0.00000000099999999993 
0.22999973730423423079 0.00000000099999999989 0.00000000099999999989 0.77000025769576585510 0.00000000099999999989 0.00000000099999999989 0.00000000099999999989 
0.00000000099999999975 0.00000000099999999975 0.99999999400000005867 0.00000000099999999975 0.00000000099999999975 0.00000000099999999975 0.00000000099999999975 
0.00000000099999999983 0.00000000099999999983 0.00000000099999999983 0.00000000099999999983 0.99999999399999994765 0.00000000099999999983 0.00000000099999999983 
0.00000000099999999993 0.37470069571347341952 0.00000000099999999993 0.62529929928652638882 0.00000000099999999993 0.00000000099999999993 0.00000000099999999993 
0.14380466667899249877 0.00000000099999999995 0.00000000099999999995 0.68083523099072973395 0.00000000099999999995 0.17536009833027785265 0.00000000099999999995 
0.00000000099999999988 0.00000000099999999988 0.00000000099999999988 0.00000000099999999988 0.00000000099999999988 0.99999999400000005867 0.00000000099999999988 
0.00000000099999999991 0.00000000099999999991 0.00000000099999999991 0.99999999400000005867 0.00000000099999999991 0.00000000099999999991 0.00000000099999999991 
0.26378925452576462707 0.09495436649462778156 0.49812142142702064973 0.00000000099999999993 0.00000000099999999993 0.14313495455258687383 0.00000000099999999993 
0.00000000099999999995 0.00000000099999999995 0.00000000099999999995 0.00000000099999999995 0.28948498345385648145 0.00000000099999999995 0.71051501154614349343 
0.00000000099999999986 0.00000000099999999986 0.31025647303735581772 0.68974352196264421266 0.00000000099999999986 0.00000000099999999986 0.00000000099999999986 
0.00000000099999999998 0.38591934877964551021 0.43796616463358284399 0.14739086340430090916 0.00000000099999999998 0.02872362018247077639 0.00000000099999999998 
0.00000000099999999990 0.00000000099999999990 0.00000000099999999990 0.00954984618542750914 0.99045014881457260625 0.00000000099999999990 0.00000000099999999990 
0.00000000099999999990 0.00000000099999999990 0.17387982215122396723 0.82612017284877603540 0.00000000099999999990 0.00000000099999999990 0.00000000099999999990 
0.00000000099999999986 0.00000000099999999986 0.00000000099999999986 0.00000000099999999986 0.00000000099999999986 0.99999999399999994765 0.00000000099999999986 
0.00000000099999999991 0.00000000099999999991 0.15187383134016871344 0.84812616365983128919 0.00000000099999999991 0.00000000099999999991 0.00000000099999999991 
0.00000000099999999989 0.00000000099999999989 0.19917850076711093865 0.80082149423288917500 0.00000000099999999989 0.00000000099999999989 0.00000000099999999989 
0.00000000099999999992 0.00000000099999999992 0.00000000099999999992 0.14484764524911880601 0.00000000099999999992 0.00000000099999999992 0.85515234975088127989 
0.00000000099999999996 0.00000000099999999996 0.00000000099999999996 0.00000000099999999996 0.42867817859304785388 0.26714131902774063132 0.30418049837921151690 
0.00000000099999999996 0.00000000099999999996 0.00000000099999999996 0.72148247054038761039 0.27851752445961225346 0.00000000099999999996 0.00000000099999999996 
0.00000000099999999994 0.00000000099999999994 0.25294685497385765993 0.25746430092701522163 0.00000000099999999994 0.48958884009912700952 0.00000000099999999994 
0.00000000099999999994 0.40020462059138628419 0.19569829521321846499 0.00000000099999999994 0.00000000099999999994 0.40409708019539519741 0.00000000099999999994 
0.00000000099999999990 0.00000000099999999990 0.20540446688374372486 0.00000000099999999990 0.00000000099999999990 0.00000000099999999990 0.79459552811625644431 
0.00000000099999999998 0.50188960615680333621 0.00000000099999999998 0.00000000099999999998 0.00071587616537089043 0.49739451367782588909 0.00000000099999999998 
0.00000000099999999988 0.00000000099999999988 0.99999999399999994765 0.00000000099999999988 0.00000000099999999988 0.00000000099999999988 0.00000000099999999988 
0.00000000099999999991 0.00000000099999999991 0.76677334879550107516 0.00004359123339886351 0.00000000099999999991 0.23318305597109995064 0.00000000099999999991 
0.00000000099999999995 0.60702751017403877576 0.00000000099999999995 0.39297248482596119912 0.00000000099999999995 0.00000000099999999995 0.00000000099999999995 
0.00000000099999999986 0.00000000099999999986 0.99999999399999994765 0.00000000099999999986 0.00000000099999999986 0.00000000099999999986 0.00000000099999999986 
0.00000000099999999990 0.00000000099999999990 0.00000000099999999990 0.00000000099999999990 0.00000000099999999990 0.99999999400000005867 0.00000000099999999990 
0.00000000099999999996 0.00000000099999999996 0.12934080321992233453 0.00000000099999999996 0.00000000099999999996 0.00000000099999999996 0.87065919178007755708 
0.00000000099999999998 0.60134311905265003251 0.00000000099999999998 0.00000000099999999998 0.00026623913600356863 0.15079401101996287027 0.24759662779138372213 
0.00000000099999999991 0.00000000099999999991 0.00000000099999999991 0.99999999400000005867 0.00000000099999999991 0.00000000099999999991 0.00000000099999999991 
0.00000000099999999996 0.00000000099999999996 0.41391762446147217780 0.00000000099999999996 0.42219530868765431375 0.00000000099999999996 0.16388706285087359382 
0.00000000099999999995 0.00000000099999999995 0.05391616309426938702 0.00000000099999999995 0.04398312776213295083 0.00000000099999999995 0.90210070514359752547 
0.00000000099999999996 0.07394304278449165269 0.00000000099999999996 0.92605695221550843321 0.00000000099999999996 0.00000000099999999996 0.00000000099999999996 
0.00000000099999999993 0.00000000099999999993 0.26105083125023259560 0.73894916374976749029 0.00000000099999999993 0.00000000099999999993 0.00000000099999999993 
0.14209795161303342970 0.29162114476560602183 0.00000000099999999998 0.00000000099999999998 0.30945009242331067423 0.00000000099999999998 0.25683080819805004236 
0.00003596432703948168 0.14205475940438735960 0.85790927226857316423 0.00000000099999999993 0.00000000099999999993 0.00000000099999999993 0.00000000099999999993 
0.00000000099999999987 0.00000000099999999987 0.00000000099999999987 0.00000000099999999987 0.00000000099999999987 0.99999999400000005867 0.00000000099999999987 
0.00000000099999999994 0.00000000099999999994 0.00000000099999999994 0.00335248749589197800 0.18451011466711844666 0.57279500098931424024 0.23934239384767530545 
0.57035800186180773963 0.00000000099999999994 0.00000000099999999994 0.00000000099999999994 0.00000000099999999994 0.42964199313819234627 0.00000000099999999994 
0.00000000099999999994 0.12344264989449393877 0.08233099191418644103 0.00000000099999999994 0.36507323539359332054 0.00000000099999999994 0.42915311979772635675 
0.45679926135335430226 0.00000000099999999997 0.00000000099999999997 0.00000000099999999997 0.13570170181658142150 0.40749903283006416732 0.00000000099999999997 
0.00000000099999999993 0.00000000099999999993 0.99999999399999994765 0.00000000099999999993 0.00000000099999999993 0.00000000099999999993 0.00000000099999999993 
0.00000000099999999992 0.07800173123645118278 0.00000000099999999992 0.92199826376354887536 0.00000000099999999992 0.00000000099999999992 0.00000000099999999992 
0.00000000099999999986 0.00000000099999999986 0.99999999399999994765 0.00000000099999999986 0.00000000099999999986 0.00000000099999999986 0.00000000099999999986 
0.60487867285322782784 0.00000000623189479705 0.19065707054660568920 0.20446424736827184532 0.00000000099999999996 0.00000000099999999996 0.00000000099999999996 
0.00000000099999999999 0.48934974882722109824 0.00000000099999999999 0.29108541087855355212 0.07844777825040455399 0.00000000099999999999 0.14111705904382093602 
0.00000000099999999991 0.00000000099999999991 0.00000000099999999991 0.99999999399999994765 0.00000000099999999991 0.00000000099999999991 0.00000000099999999991 
0.00000000099999999995 0.00000000099999999995 0.00000000099999999995 0.04387096316266938384 0.00000000099999999995 0.95612903183733066736 0.00000000099999999995 
0.00000000099999999992 0.00000000099999999992 0.62279565853467766523 0.00000000099999999992 0.00000000099999999992 0.37720433646532225413 0.00000000099999999992 
0.00041255765827673821 0.43233911079425207946 0.00000000099999999995 0.00000000099999999995 0.00000000099999999995 0.56724832754747100960 0.00000000099999999995 
0.00000000099999999994 0.00000000099999999994 0.99999999399999994765 0.00000000099999999994 0.00000000099999999994 0.00000000099999999994 0.00000000099999999994 
0.00000000099999999993 0.99999999400000016969 0.00000000099999999993 0.00000000099999999993 0.00000000099999999993 0.00000000099999999993 0.00000000099999999993 
0.00000000099999999990 0.00000000099999999990 0.00000000099999999990 0.99999999399999994765 0.00000000099999999990 0.00000000099999999990 0.00000000099999999990 
0.00000000099999999992 0.00000000099999999992 0.81497088103859971486 0.00000000099999999992 0.00000000102725293828 0.00000000099999999992 0.18502911393414728236 
0.00000000099999999994 0.00000000099999999994 0.99999999400000005867 0.00000000099999999994 0.00000000099999999994 0.00000000099999999994 0.00000000099999999994 
0.89645977481074079485 0.00000000099999999996 0.00000000099999999996 0.00000000099999999996 0.00000000099999999996 0.10354022018925920778 0.00000000099999999996 
0.00000000099999999995 0.00000000099999999995 0.00000000099999999995 0.00000000099999999995 0.86976383548811830870 0.13023615951188169393 0.00000000099999999995 
0.00000000099999999996 0.00000000099999999996 0.00000000099999999996 0.25600744522780449763 0.38628473373639926614 0.14850071901742925573 0.20920709901836687106 
0.00000000099999999993 0.00000000099999999993 0.00000000099999999993 0.00000000099999999993 0.15644885535046923475 0.25325004615141660791 0.59030109449811418720 
0.30491851216124954416 0.00000000099999999996 0.25484319525493309699 0.10932096908316818462 0.00000000099999999996 0.33091732050064909254 0.00000000099999999996 
0.00000000099999999988 0.00000000099999999988 0.00000000099999999988 0.99999999400000005867 0.00000000099999999988 0.00000000099999999988 0.00000000099999999988 
0.00000000099999999995 0.00000000099999999995 0.00000000099999999995 0.00000000099999999995 0.34831933321870178766 0.15521361065826572156 0.49646705212303238186 
0.00000000099999999990 0.00000000099999999990 0.38345454735582740202 0.61654544764417262837 0.00000000099999999990 0.00000000099999999990 0.00000000099999999990 
0.00000000099999999985 0.00000000099999999985 0.00000000099999999985 0.00000000099999999985 0.00000000099999999985 0.99999999399999994765 0.00000000099999999985 
0.11837550195813111020 0.00000000099999999996 0.00000000099999999996 0.00000000099999999996 0.15543616599270926315 0.00000000099999999996 0.72618832804915967039 
0.00000000099999999994 0.99999999400000016969 0.00000000099999999994 0.00000000099999999994 0.00000000099999999994 0.00000000099999999994 0.00000000099999999994 
0.00000000099999999996 0.00000299001947714186 0.00000000099999999996 0.45865677889022404834 0.00000000099999999996 0.00000000099999999996 0.54134022709029872011 
0.38284006549816995690 0.00000000099999999995 0.00000000099999999995 0.03997391447494069716 0.00000000099999999995 0.57718601602688934804 0.00000000099999999995 
0.00000000099999999995 0.00000000099999999995 0.00000000099999999995 0.00000000099999999995 0.00000000099999999995 0.99999999399999994765 0.00000000099999999995 
0.00000000099999999995 0.00000000099999999995 0.64206286311018501145 0.00000000099999999995 0.00000000099999999995 0.00000000099999999995 0.35793713188981490791 
0.00000000099999999998 0.00000000099999999998 0.06502664264622122492 0.00000000099999999998 0.20415885286093640727 0.52297377571240111216 0.20784072578044135438 
0.00000000099999999990 0.00000000099999999990 0.00000000099999999990 0.99999999399999994765 0.00000000099999999990 0.00000000099999999990 0.00000000099999999990 
0.00000000099999999995 0.00000000099999999995 0.00014671493545845586 0.99985328006454166072 0.00000000099999999995 0.00000000099999999995 0.00000000099999999995 
0.00000000099999999992 0.00000000099999999992 0.08019981495647754421 0.91980018004352248617 0.00000000099999999992 0.00000000099999999992 0.00000000099999999992 
0.00000000099999999995 0.00000000099999999995 0.00000000099999999995 0.18466858782308004372 0.00000000099999999995 0.81533140717691987565 0.00000000099999999995 
0.00000000099999999993 0.35599637396760819286 0.00000000099999999993 0.00000000099999999993 0.29808780340057938751 0.00000000099999999993 0.34591581863181225520 
0.00000000099999999997 0.80131682968594553085 0.00000000099999999997 0.00000000099999999997 0.00000000099999999997 0.00000000099999999997 0.19868316531405469383 
0.00001694304462051613 0.00000000099999999998 0.00000000099999999998 0.70302349387389995172 0.00000000099999999998 0.00000000099999999998 0.29695955908147958491 
0.00000000099999999995 0.99999999400000016969 0.00000000099999999995 0.00000000099999999995 0.00000000099999999995 0.00000000099999999995 0.00000000099999999995 
0.00000000099999999994 0.00000000099999999994 0.00000000099999999994 0.99999999400000005867 0.00000000099999999994 0.00000000099999999994 0.00000000099999999994 
0.00000000099999999995 0.00000000099999999995 0.00000000099999999995 0.87177789918030323957 0.12822209581969676306 0.00000000099999999995 0.00000000099999999995 
0.00000000099999999997 0.00000110786249061913 0.00000000099999999997 0.00000000099999999997 0.00000000099999999997 0.00000000099999999997 0.99999888713750928471 
0.00000000099999999993 0.00000000099999999993 0.00000000099999999993 0.99999999400000005867 0.00000000099999999993 0.00000000099999999993 0.00000000099999999993 
0.00000000099999999997 0.00000000099999999997 0.00000000099999999997 0.00000000099999999997 0.18186369226150161937 0.03626107276575400717 0.78187523097274425066 
0.00000000099999999995 0.00000000099999999995 0.34359806393228053967 0.65640193106771937970 0.00000000099999999995 0.00000000099999999995 0.00000000099999999995 
0.00000000099999999994 0.18739974670478412588 0.00000000099999999994 0.00000000099999999994 0.75372472977116133919 0.00000000099999999994 0.05887551952405446765 
0.00000000099999999994 0.00000000099999999994 0.00000000099999999994 0.99999999399999994765 0.00000000099999999994 0.00000000099999999994 0.00000000099999999994 
0.00000000099999999997 0.00000000099999999997 0.00000000099999999997 0.00000000099999999997 0.21045090419724407638 0.41689986849163468419 0.37264922331112132481 
0.43908955028301360768 0.00000000099999999998 0.21755560314510896669 0.00000000099999999998 0.34335484257187748325 0.00000000099999999998 0.00000000099999999998 
0.33033027593960218038 0.00000000099999999996 0.00000000099999999996 0.66966971906039762796 0.00000000099999999996 0.00000000099999999996 0.00000000099999999996 
0.00000000099999999997 0.20071267644549370401 0.00000000099999999997 0.79928731855450629862 0.00000000099999999997 0.00000000099999999997 0.00000000099999999997 
0.00000000099999999989 0.00000000099999999989 0.00000000099999999989 0.99999999400000005867 0.00000000099999999989 0.00000000099999999989 0.00000000099999999989 
0.00000000099999999996 0.67781968155743033133 0.00000000099999999996 0.00000000099999999996 0.00000000099999999996 0.32218031344256958803 0.00000000099999999996 
0.00000000099999999994 0.00000000099999999994 0.00000000099999999994 0.99909761907599758946 0.00000000099999999994 0.00090237592400238943 0.00000000099999999994 
0.00000000099999999995 0.00000000099999999995 0.00000000099999999995 0.99999999400000005867 0.00000000099999999995 0.00000000099999999995 0.00000000099999999995 
0.00000000099999999997 0.00000000099999999997 0.00000000099999999997 0.64804129180255787279 0.00000000660746091709 0.35195869758998110655 0.00000000099999999997 
0.00000000099999999997 0.00000000099999999997 0.00000000099999999997 0.99999996057405160510 0.00000000099999999997 0.00000000099999999997 0.00000003442594836200 
0.17515607231435320612 0.00000000099999999996 0.00000000099999999996 0.00000000099999999996 0.00000000099999999996 0.00000000099999999996 0.82484392268564676876 
0.00000000099999999995 0.00000000099999999995 0.00000000099999999995 0.00000000099999999995 0.00000000099999999995 0.42596560727918492129 0.57403438772081516461 
0.00000000099999999999 0.50058782339946461537 0.00000001126285357154 0.24840693315793771490 0.00000000099999999999 0.25100522917974421588 0.00000000099999999999 
