1:           1.000000e-09 1.000000e-09 1.000000e+00 1.000000e-09 1.000000e-09 1.000000e-09 1.000000e-09 1.000000e-09 0.0000000010 1           
2:           1.000000e-09 1.000000e-09 1.000000e-09 1.000000e-09 1.000000e-09 4.011390e-01 1.000000e-09 5.988610e-01 0.0000000010 1           
3:           1.000000e-09 1.000000e-09 1.000000e-09 1.000000e-09 1.000000e-09 1.000000e-09 1.000000e-09 1.000000e-09 0.9999999920 1           
4:           1.000000e-09 2.180927e-02 1.000000e-09 1.000000e-09 1.000000e-09 3.791762e-01 1.000000e-09 5.651031e-01 0.0339114331 1           
5:           1.000000e-09 1.000000e-09 1.000000e-09 1.000000e-09 1.000000e-09 3.924833e-01 1.000000e-09 6.075167e-01 0.0000000010 1           
6:           2.690498e-01 1.000000e-09 1.000000e-09 5.335036e-01 1.000000e-09 1.000000e-09 1.974466e-01 1.000000e-09 0.0000000010 1           
7:           2.846704e-01 1.000000e-09 1.000000e-09 1.339300e-02 1.000000e-09 5.051889e-02 6.514177e-01 1.000000e-09 0.0000000010 1           
8:           1.000000e-09 8.002336e-01 1.000000e-09 1.000000e-09 1.000000e-09 3.333515e-02 1.000000e-09 1.664313e-01 0.0000000010 1           
9:           1.000000e-09 1.000000e-09 1.000000e-09 1.000000e-09 1.000000e-09 1.000000e-09 1.000000e-09 1.000000e-09 0.9999999920 1           
10:          1.000000e-09 1.000000e-09 1.000000e-09 1.000000e+00 1.000000e-09 1.000000e-09 1.000000e-09 1.000000e-09 0.0000000010 1           
11:          1.000000e-09 1.321610e-02 1.000000e-09 1.000000e-09 1.000000e-09 6.309477e-02 1.000000e-09 6.098124e-01 0.3138767510 1           
12:          1.000000e-09 1.214566e-01 1.000000e-09 1.000000e-09 1.000000e-09 2.224163e-01 1.000000e-09 6.018759e-01 0.0542512243 1           
13:          1.000000e-09 7.596919e-02 1.000000e-09 1.000000e-09 1.000000e-09 2.516317e-01 1.000000e-09 6.723991e-01 0.0000000010 1           
14:          1.000000e-09 1.000000e-09 1.000000e-09 1.000000e-09 1.000000e+00 1.000000e-09 1.000000e-09 1.000000e-09 0.0000000010 1           
15:          1.000000e-09 5.037626e-01 1.000000e-09 1.000000e-09 1.000000e-09 9.677151e-02 1.000000e-09 1.042440e-05 0.3994555044 1           
16:          7.651494e-01 1.000000e-09 1.000000e-09 4.322999e-02 1.000000e-09 1.000000e-09 1.916206e-01 1.000000e-09 0.0000000010 1           
17:          1.000000e-09 9.951164e-03 1.343905e-02 1.000000e-09 1.000000e-09 3.256112e-01 1.000000e-09 6.509986e-01 0.0000000010 1           
18:          1.000000e-09 1.000000e-09 1.000000e-09 1.000000e-09 1.000000e-09 3.195758e-01 1.000000e-09 5.487134e-01 0.1317108730 1           
19:          3.398755e-01 1.000000e-09 1.000000e-09 1.000000e-09 1.019873e-01 1.000000e-09 5.581371e-01 1.000000e-09 0.0000000010 1           
20:          1.000000e-09 2.860805e-01 1.000000e-09 1.000000e-09 1.000000e-09 2.562071e-01 1.000000e-09 4.150494e-01 0.0426629968 1           
21:          1.000000e-09 1.000000e-09 1.000000e-09 1.000000e-09 1.000000e-09 2.644568e-01 1.000000e-09 4.537960e-01 0.2817471783 1           
22:          1.000000e-09 1.000000e-09 1.000000e-09 1.000000e-09 1.000000e-09 1.000000e-09 1.000000e-09 1.000000e-09 0.9999999920 1           
23:          8.169449e-01 1.000000e-09 1.000000e-09 1.830550e-01 1.000000e-09 1.000000e-09 1.000000e-09 1.000000e-09 0.0000000010 1           
24:          4.819290e-01 1.000000e-09 1.000000e-09 2.672575e-02 1.000000e-09 1.000000e-09 4.913453e-01 1.000000e-09 0.0000000010 1           
25:          1.000000e-09 6.396441e-02 3.849964e-05 1.000000e-09 1.000000e-09 2.208513e-01 1.000000e-09 1.385909e-01 0.5765548663 1           
26:          1.000000e-09 1.000000e-09 1.000000e-09 1.000000e-09 1.000000e+00 1.000000e-09 1.000000e-09 1.000000e-09 0.0000000010 1           
27:          1.000000e-09 1.270199e-01 1.000000e-09 1.000000e-09 1.000000e-09 1.745054e-01 1.000000e-09 4.258204e-01 0.2726543411 1           
28:          2.786784e-01 1.000000e-09 1.000000e-09 9.122645e-02 1.000000e-09 1.000000e-09 6.300951e-01 1.000000e-09 0.0000000010 1           
29:          1.000000e-09 3.627195e-02 1.000000e-09 1.000000e-09 1.000000e-09 3.039857e-01 1.000000e-09 6.597424e-01 0.0000000010 1           
30:          1.000000e-09 1.000000e-09 1.000000e-09 1.000000e-09 1.000000e-09 4.820577e-01 1.000000e-09 4.246507e-01 0.0932916071 1           
31:          1.000000e-09 1.000000e-09 7.790266e-01 1.000000e-09 1.000000e-09 2.209734e-01 1.000000e-09 1.000000e-09 0.0000000010 1           
32:          1.000000e-09 1.000000e-09 1.000000e-09 9.588128e-01 1.000000e-09 1.000000e-09 1.000000e-09 4.118715e-02 0.0000000010 1           
33:          1.264689e-01 1.000000e-09 1.000000e-09 1.559045e-01 1.000000e-09 1.791213e-01 5.385053e-01 1.000000e-09 0.0000000010 1           
34:          1.000000e-09 1.000000e-09 1.000000e-09 1.000000e+00 1.000000e-09 1.000000e-09 1.000000e-09 1.000000e-09 0.0000000010 1           
35:          6.524496e-01 2.680677e-02 1.000000e-09 1.000000e-09 6.875893e-02 1.000000e-09 2.285736e-01 1.000000e-09 0.0234110944 1           
36:          1.000000e-09 1.000000e-09 1.000000e-09 1.000000e-09 1.000000e+00 1.000000e-09 1.000000e-09 1.000000e-09 0.0000000010 1           
37:          1.441185e-01 4.413749e-02 1.000000e-09 3.999257e-01 2.565874e-01 5.513708e-02 1.000937e-01 1.000000e-09 0.0000000010 1           
38:          1.000000e-09 3.380942e-01 1.000000e-09 1.000000e-09 1.000000e-09 3.833572e-02 1.000000e-09 6.235701e-01 0.0000000010 1           
39:          2.765175e-01 1.000000e-09 1.000000e-09 7.126183e-02 1.000000e-09 1.559583e-01 4.962623e-01 1.000000e-09 0.0000000010 1           
40:          1.000000e-09 5.694995e-01 1.000000e-09 1.000000e-09 1.000000e-09 1.000000e-09 1.000000e-09 1.000000e-09 0.4305004905 1           
41:          1.000000e-09 5.820242e-02 1.000000e-09 1.000000e-09 1.000000e-09 1.000000e-09 1.000000e-09 5.172334e-01 0.4245642191 1           
42:          1.000000e-09 1.000000e-09 1.000000e-09 1.000000e-09 1.000000e-09 1.542192e-01 1.000000e-09 7.540269e-01 0.0917539281 1           
43:          1.000000e-09 1.794694e-01 1.000000e-09 1.000000e-09 1.000000e-09 8.205306e-01 1.000000e-09 1.000000e-09 0.0000000010 1           
44:          1.000000e-09 1.000000e-09 1.000000e-09 5.691569e-01 2.411520e-01 1.000000e-09 1.000000e-09 1.000000e-09 0.1896910543 1           
45:          1.000000e-09 1.000000e-09 1.000000e-09 1.000000e-09 1.000000e+00 1.000000e-09 1.000000e-09 1.000000e-09 0.0000000010 1           
46:          1.000000e-09 1.000000e-09 1.000000e-09 1.000000e-09 1.000000e-09 1.000000e-09 1.000000e-09 3.394155e-01 0.6605845114 1           
47:          8.009523e-01 1.000000e-09 9.327980e-02 2.214312e-02 1.000000e-09 1.000000e-09 8.362477e-02 1.000000e-09 0.0000000010 1           
48:          1.275710e-01 1.000000e-09 1.000000e-09 7.750555e-01 1.000000e-09 9.631818e-03 8.774174e-02 1.000000e-09 0.0000000010 1           
49:          3.358860e-01 1.000000e-09 6.452432e-05 1.000000e-09 2.155203e-01 1.000000e-09 4.485291e-01 1.000000e-09 0.0000000010 1           
50:          1.000000e-09 1.000000e-09 1.000000e-09 1.000000e-09 8.529517e-01 1.470483e-01 1.000000e-09 1.000000e-09 0.0000000010 1           
51:          1.000000e-09 1.000000e-09 1.000000e-09 1.000000e-09 1.000000e-09 1.000000e-09 1.000000e-09 1.000000e-09 0.9999999920 1           
52:          1.000000e-09 2.332512e-01 1.000000e-09 1.000000e-09 1.000000e-09 2.669632e-01 1.000000e-09 4.997856e-01 0.0000000010 1           
53:          1.000000e-09 1.000000e-09 1.000000e-09 1.000000e+00 1.000000e-09 1.000000e-09 1.000000e-09 1.000000e-09 0.0000000010 1           
54:          1.000000e-09 1.000000e-09 1.000000e+00 1.000000e-09 1.000000e-09 1.000000e-09 1.000000e-09 1.000000e-09 0.0000000010 1           
55:          6.038672e-01 1.000000e-09 1.000000e-09 1.000000e-09 1.000000e-09 1.000000e-09 3.961328e-01 1.000000e-09 0.0000000010 1           
56:          1.000000e-09 1.000000e-09 1.000000e+00 1.000000e-09 1.000000e-09 1.000000e-09 1.000000e-09 1.000000e-09 0.0000000010 1           
57:          1.000000e-09 1.000000e-09 1.000000e-09 1.000000e+00 1.000000e-09 1.000000e-09 1.000000e-09 1.000000e-09 0.0000000010 1           
58:          1.000000e-09 1.000000e-09 1.000000e-09 1.000000e-09 1.000000e+00 1.000000e-09 1.000000e-09 1.000000e-09 0.0000000010 1           
59:          1.000000e-09 3.129731e-01 1.000000e-09 1.000000e-09 1.000000e-09 1.000000e-09 1.000000e-09 5.819821e-01 0.1050447688 1           
60:          1.000000e-09 1.000000e-09 1.000000e-09 8.875884e-01 1.000000e-09 1.000000e-09 1.124116e-01 1.000000e-09 0.0000000010 1           
61:          1.000000e-09 1.000000e-09 1.000000e-09 1.000000e+00 1.000000e-09 1.000000e-09 1.000000e-09 1.000000e-09 0.0000000010 1           
62:          1.000000e-09 1.800926e-01 1.000000e-09 1.000000e-09 1.000000e-09 3.215856e-01 1.000000e-09 4.856051e-01 0.0127167186 1           
63:          4.061431e-01 1.000000e-09 1.521606e-02 3.721706e-01 1.000000e-09 1.000000e-09 1.859817e-01 2.048851e-02 0.0000000010 1           
64:          5.702130e-01 1.000000e-09 1.000000e-09 1.286871e-01 1.000000e-09 1.000000e-09 3.010999e-01 1.000000e-09 0.0000000010 1           
65:          1.000000e-09 1.000000e-09 1.021410e-01 7.787733e-01 7.360271e-02 4.548300e-02 1.000000e-09 1.000000e-09 0.0000000010 1           
66:          1.000000e-09 1.000000e-09 1.000000e-09 1.000000e-09 1.000000e-09 1.000000e+00 1.000000e-09 1.000000e-09 0.0000000010 1           
67:          1.000000e-09 1.000000e-09 1.000000e+00 1.000000e-09 1.000000e-09 1.000000e-09 1.000000e-09 1.000000e-09 0.0000000010 1           
68:          1.000000e-09 1.000000e-09 1.000000e+00 1.000000e-09 1.000000e-09 1.000000e-09 1.000000e-09 1.000000e-09 0.0000000010 1           
69:          1.000000e-09 1.000000e-09 1.000000e-09 1.000000e+00 1.000000e-09 1.000000e-09 1.000000e-09 1.000000e-09 0.0000000010 1           
70:          1.000000e-09 1.000000e-09 1.000000e-09 8.733017e-01 1.266983e-01 1.000000e-09 1.000000e-09 1.000000e-09 0.0000000010 1           
71:          1.000000e-09 1.000000e-09 1.000000e-09 1.000000e-09 1.000000e-09 1.000000e+00 1.000000e-09 1.000000e-09 0.0000000010 1           
72:          1.000000e-09 1.000000e-09 4.822362e-02 1.000000e-09 1.000000e-09 2.632154e-01 1.000000e-09 1.684606e-01 0.5201003760 1           
73:          1.000000e-09 1.698466e-01 1.000000e-09 1.000000e-09 1.000000e-09 2.495718e-01 4.331931e-02 1.892142e-01 0.3480481281 1           
74:          1.000000e-09 1.000000e-09 1.000000e-09 1.000000e+00 1.000000e-09 1.000000e-09 1.000000e-09 1.000000e-09 0.0000000010 1           
75:          2.986297e-01 1.000000e-09 1.000000e-09 7.011620e-01 1.000000e-09 1.000000e-09 1.000000e-09 2.083535e-04 0.0000000010 1           
76:          1.000000e-09 1.000000e-09 1.000000e-09 1.000000e+00 1.000000e-09 1.000000e-09 1.000000e-09 1.000000e-09 0.0000000010 1           
77:          1.000000e-09 1.302116e-01 1.000000e-09 7.023109e-03 1.000000e-09 5.056497e-01 1.000000e-09 3.571156e-01 0.0000000010 1           
78:          1.000000e-09 1.000000e-09 1.000000e+00 1.000000e-09 1.000000e-09 1.000000e-09 1.000000e-09 1.000000e-09 0.0000000010 1           
79:          1.000000e-09 1.000000e-09 1.000000e-09 1.000000e+00 1.000000e-09 1.000000e-09 1.000000e-09 1.000000e-09 0.0000000010 1           
80:          1.000000e-09 2.863169e-02 1.000000e-09 1.000000e-09 1.000000e-09 1.000000e-09 1.000000e-09 9.713683e-01 0.0000000010 1           
81:          1.000000e-09 1.000000e-09 1.000000e+00 1.000000e-09 1.000000e-09 1.000000e-09 1.000000e-09 1.000000e-09 0.0000000010 1           
82:          7.147366e-01 1.000000e-09 1.000000e-09 1.000000e-09 1.000000e-09 1.000000e-09 2.852634e-01 1.000000e-09 0.0000000010 1           
83:          1.000000e-09 1.000000e-09 1.000000e-09 1.000000e-09 1.000000e-09 1.000000e-09 1.000000e+00 1.000000e-09 0.0000000010 1           
84:          1.000000e-09 2.277084e-01 1.000000e-09 7.021808e-01 7.011085e-02 1.000000e-09 1.000000e-09 1.000000e-09 0.0000000010 1           
85:          1.000000e-09 1.000000e-09 1.000000e-09 8.532259e-01 1.000000e-09 1.000000e-09 1.467741e-01 1.000000e-09 0.0000000010 1           
86:          5.926094e-01 1.000000e-09 1.000000e-09 1.000000e-09 1.000000e-09 6.341395e-02 3.439766e-01 1.000000e-09 0.0000000010 1           
87:          1.000000e-09 1.541484e-01 1.000000e-09 2.323348e-01 1.000000e-09 2.817858e-01 1.000000e-09 3.315215e-01 0.0002095513 1           
88:          3.252806e-01 1.000000e-09 1.000000e-09 1.000000e-09 3.117413e-02 1.000000e-09 6.435452e-01 1.000000e-09 0.0000000010 1           
89:          1.000000e-09 1.000000e-09 1.000000e-09 1.000000e+00 1.000000e-09 1.000000e-09 1.000000e-09 1.000000e-09 0.0000000010 1           
90:          1.000000e-09 2.639082e-02 1.000000e-09 1.000000e-09 1.000000e-09 7.743199e-01 1.000000e-09 1.992893e-01 0.0000000010 1           
91:          1.987731e-01 1.000000e-09 1.000000e-09 1.811748e-01 1.000000e-09 1.000000e-09 6.200520e-01 1.000000e-09 0.0000000010 1           
92:          1.000000e+00 1.000000e-09 1.000000e-09 1.000000e-09 1.000000e-09 1.000000e-09 1.000000e-09 1.000000e-09 0.0000000010 1           
93:          1.000000e-09 1.000000e-09 1.000000e+00 1.000000e-09 1.000000e-09 1.000000e-09 1.000000e-09 1.000000e-09 0.0000000010 1           
94:          1.000000e-09 1.000000e-09 1.000000e+00 1.000000e-09 1.000000e-09 1.000000e-09 1.000000e-09 1.000000e-09 0.0000000010 1           
95:          7.825221e-01 1.000000e-09 1.205341e-01 1.000000e-09 1.000000e-09 1.000000e-09 1.000000e-09 1.000000e-09 0.0969437143 1           
96:          1.000000e-09 9.972513e-02 1.000000e-09 1.000000e-09 1.000000e-09 1.000000e-09 1.000000e-09 7.490041e-01 0.1512707388 1           
97:          7.265555e-01 2.034158e-01 1.000000e-09 7.002870e-02 1.000000e-09 1.000000e-09 1.000000e-09 1.000000e-09 0.0000000010 1           
98:          1.000000e-09 1.000000e-09 1.000000e-09 3.290590e-01 4.251069e-02 2.974353e-01 3.309950e-01 1.000000e-09 0.0000000010 1           
99:          1.400272e-01 2.854339e-01 1.000000e-09 1.000000e-09 3.018507e-04 6.558194e-02 3.540290e-01 1.000000e-09 0.1546261082 1           
100:         1.000000e-09 8.288579e-01 5.578794e-02 1.153542e-01 1.000000e-09 1.000000e-09 1.000000e-09 1.000000e-09 0.0000000010 1           
101:         1.000000e-09 3.329060e-01 1.000000e-09 1.953966e-01 1.000000e-09 1.000000e-09 1.000000e-09 2.262256e-01 0.2454718032 1           
102:         1.000000e-09 1.000000e-09 1.000000e-09 1.000000e-09 1.000000e-09 1.000000e+00 1.000000e-09 1.000000e-09 0.0000000010 1           
103:         3.417636e-01 1.000000e-09 1.383450e-01 1.000000e-09 3.069277e-01 1.000000e-09 2.129638e-01 1.000000e-09 0.0000000010 1           
104:         9.575738e-02 2.674450e-01 1.500856e-01 1.000000e-09 1.000000e-09 1.000000e-09 1.000000e-09 4.867120e-01 0.0000000010 1           
105:         4.590630e-02 1.000000e-09 1.000000e-09 1.000000e-09 1.251526e-01 1.000000e-09 1.000000e-09 1.000000e-09 0.8289410754 1           
106:         1.000000e-09 1.630452e-01 1.000000e-09 1.000000e-09 1.000000e-09 3.942263e-01 1.000000e-09 1.000000e-09 0.4427284396 1           
107:         1.000000e-09 1.000000e+00 1.000000e-09 1.000000e-09 1.000000e-09 1.000000e-09 1.000000e-09 1.000000e-09 0.0000000010 1           
108:         1.000000e-09 1.000000e-09 1.000000e-09 1.000000e-09 1.000000e-09 3.138756e-01 1.000000e-09 6.861244e-01 0.0000000010 1           
109:         1.823956e-01 1.000000e-09 1.000000e-09 6.693210e-01 1.000000e-09 2.726447e-02 4.530982e-02 1.000000e-09 0.0757091555 1           
110:         1.000000e-09 1.000000e-09 1.000000e-09 1.000000e-09 1.000000e-09 4.321708e-01 1.000000e-09 4.747891e-01 0.0930400958 1           
111:         1.000000e-09 2.933986e-01 1.000000e-09 1.000000e-09 1.000000e-09 1.305279e-01 1.000000e-09 9.006865e-02 0.4860048856 1           
112:         5.663539e-01 1.000000e-09 1.000000e-09 1.862560e-01 5.903844e-02 1.000000e-09 1.883517e-01 1.000000e-09 0.0000000010 1           
113:         1.898511e-01 1.000000e-09 1.000000e-09 1.000000e-09 1.000000e-09 2.687684e-01 5.413805e-01 1.000000e-09 0.0000000010 1           
114:         1.910292e-01 2.394799e-01 2.710905e-02 2.054342e-01 1.000000e-09 1.000000e-09 2.601659e-01 1.000000e-09 0.0767816888 1           
115:         1.000000e+00 1.000000e-09 1.000000e-09 1.000000e-09 1.000000e-09 1.000000e-09 1.000000e-09 1.000000e-09 0.0000000010 1           
116:         1.000000e-09 4.780968e-01 3.703003e-02 2.567849e-08 1.218776e-01 1.000000e-09 1.000000e-09 1.525451e-01 0.2104504185 1           
117:         1.000000e-09 9.153283e-01 8.467171e-02 1.000000e-09 1.000000e-09 1.000000e-09 1.000000e-09 1.000000e-09 0.0000000010 1           
118:         1.000000e-09 1.777503e-01 1.000000e-09 1.000000e-09 1.000000e-09 1.000000e-09 8.222497e-01 1.000000e-09 0.0000000010 1           
119:         1.000000e-09 1.000000e-09 1.000000e-09 1.000000e-09 1.000000e-09 1.000000e+00 1.000000e-09 1.000000e-09 0.0000000010 1           
120:         1.000000e-09 5.923829e-01 1.180130e-01 1.000000e-09 1.000000e-09 1.000000e-09 1.000000e-09 1.000000e-09 0.2896041162 1           
121:         1.000000e-09 1.000000e-09 1.000000e-09 1.000000e-09 2.630386e-02 8.232851e-02 6.567574e-02 4.562039e-01 0.3694880242 1           
122:         1.000000e-09 3.516163e-01 1.000000e-09 4.786371e-02 1.543803e-02 1.000000e-09 1.000000e-09 1.000000e-09 0.5850819236 1           
123:         1.000000e-09 1.000000e+00 1.000000e-09 1.000000e-09 1.000000e-09 1.000000e-09 1.000000e-09 1.000000e-09 0.0000000010 1           
124:         1.000000e-09 1.000000e-09 1.000000e-09 1.734392e-01 4.793248e-01 1.000000e-09 3.472360e-01 1.000000e-09 0.0000000010 1           
125:         5.384532e-01 1.000000e-09 1.000000e-09 1.162073e-01 8.079075e-02 1.496408e-01 1.149079e-01 1.000000e-09 0.0000000010 1           
126:         1.000000e-09 3.453201e-01 1.000000e-09 1.000000e-09 1.000000e-09 1.000000e-09 1.000000e-09 2.796966e-01 0.3749832829 1           
127:         1.000000e+00 1.000000e-09 1.000000e-09 1.000000e-09 1.000000e-09 1.000000e-09 1.000000e-09 1.000000e-09 0.0000000010 1           
128:         1.000000e-09 1.000000e-09 1.000000e+00 1.000000e-09 1.000000e-09 1.000000e-09 1.000000e-09 1.000000e-09 0.0000000010 1           
129:         1.000000e-09 1.000000e-09 1.000000e-09 1.000000e-09 1.000000e-09 1.000000e-09 1.000000e-09 1.000000e+00 0.0000000010 1           
130:         1.000000e-09 1.000000e-09 7.767274e-01 1.000000e-09 1.000000e-09 1.000000e-09 1.000000e-09 1.000000e-09 0.2232725449 1           
131:         1.000000e-09 1.000000e-09 1.000000e-09 1.000000e-09 1.000000e-09 1.707932e-01 1.000000e-09 8.292068e-01 0.0000000010 1           
132:         1.000000e-09 1.000000e-09 1.000000e-09 1.000000e-09 1.000000e+00 1.000000e-09 1.000000e-09 1.000000e-09 0.0000000010 1           
133:         1.000000e-09 1.000000e-09 5.909632e-01 1.000000e-09 1.000000e-09 1.000000e-09 1.000000e-09 4.090368e-01 0.0000000010 1           
134:         1.000000e-09 1.000000e-09 6.916160e-01 6.214085e-03 1.000000e-09 3.021699e-01 1.000000e-09 1.000000e-09 0.0000000010 1           
135:         1.000000e-09 1.000000e+00 1.000000e-09 1.000000e-09 1.000000e-09 1.000000e-09 1.000000e-09 1.000000e-09 0.0000000010 1           
136:         1.000000e-09 1.000000e-09 1.000000e+00 1.000000e-09 1.000000e-09 1.000000e-09 1.000000e-09 1.000000e-09 0.0000000010 1           
137:         1.000000e-09 1.943372e-01 1.000000e-09 1.000000e-09 1.000000e-09 7.330340e-01 1.000000e-09 1.000000e-09 0.0726288526 1           
138:         8.944842e-01 1.000000e-09 1.000000e-09 1.000000e-09 1.055158e-01 1.000000e-09 1.000000e-09 1.000000e-09 0.0000000010 1           
139:         1.000000e-09 1.000000e-09 5.627823e-01 1.000000e-09 1.000000e-09 4.372177e-01 1.000000e-09 1.000000e-09 0.0000000010 1           
140:         1.862255e-01 2.791490e-01 1.000000e-09 1.000000e-09 1.000000e-09 2.026789e-01 1.000000e-09 3.319465e-01 0.0000000010 1           
141:         1.000000e-09 1.000000e-09 1.000000e-09 1.000000e+00 1.000000e-09 1.000000e-09 1.000000e-09 1.000000e-09 0.0000000010 1           
142:         1.000000e-09 1.000000e-09 6.646819e-01 1.000000e-09 1.000000e-09 2.330692e-01 1.022489e-01 1.000000e-09 0.0000000010 1           
143:         1.000000e-09 1.000000e+00 1.000000e-09 1.000000e-09 1.000000e-09 1.000000e-09 1.000000e-09 1.000000e-09 0.0000000010 1           
144:         1.000000e-09 1.000000e-09 1.000000e+00 1.000000e-09 1.000000e-09 1.000000e-09 1.000000e-09 1.000000e-09 0.0000000010 1           
145:         1.000000e-09 1.000000e-09 7.085765e-01 1.000000e-09 1.000000e-09 2.914234e-01 1.000000e-09 1.000000e-09 0.0000000010 1           
146:         9.501109e-01 1.000000e-09 4.988907e-02 1.000000e-09 1.000000e-09 1.000000e-09 1.000000e-09 1.000000e-09 0.0000000010 1           
147:         1.276202e-09 2.284047e-02 1.000000e-09 5.257889e-01 5.117026e-07 3.336080e-01 1.177621e-01 1.000000e-09 0.0000000010 1           
148:         1.000000e-09 1.000000e-09 1.000000e+00 1.000000e-09 1.000000e-09 1.000000e-09 1.000000e-09 1.000000e-09 0.0000000010 1           
149:         1.000000e-09 1.000000e+00 1.000000e-09 1.000000e-09 1.000000e-09 1.000000e-09 1.000000e-09 1.000000e-09 0.0000000010 1           
150:         1.000000e-09 1.000000e+00 1.000000e-09 1.000000e-09 1.000000e-09 1.000000e-09 1.000000e-09 1.000000e-09 0.0000000010 1           
151:         4.368490e-01 1.000000e-09 1.000000e-09 1.000000e-09 1.000000e-09 2.576709e-01 3.054801e-01 1.000000e-09 0.0000000010 1           
152:         3.246417e-01 5.768370e-02 1.367659e-01 1.000000e-09 1.000000e-09 1.000000e-09 1.000000e-09 3.608914e-01 0.1200173431 1           
153:         1.000000e-09 3.196908e-01 1.000000e-09 1.000000e-09 1.000000e-09 5.392410e-01 1.000000e-09 1.410682e-01 0.0000000010 1           
154:         1.000000e-09 4.858721e-01 6.839422e-04 1.000000e-09 1.000000e-09 1.296654e-01 1.000000e-09 3.837785e-01 0.0000000010 1           
155:         1.000000e-09 1.489754e-01 1.000000e-09 1.000000e-09 1.000000e-09 1.000000e-09 1.000000e-09 8.510246e-01 0.0000000010 1           
156:         1.000000e-09 1.903599e-01 1.000000e-09 1.000000e-09 1.000000e-09 6.145048e-01 1.000000e-09 1.951353e-01 0.0000000010 1           
157:         1.000000e-09 2.047651e-01 1.000000e-09 1.000000e-09 1.000000e-09 1.000000e-09 1.000000e-09 1.000000e-09 0.7952349163 1           
158:         1.000000e-09 1.000000e-09 1.000000e-09 1.170646e-09 2.195678e-01 1.000000e-09 7.804322e-01 1.000000e-09 0.0000000010 1           
159:         1.000000e-09 1.000000e-09 1.000000e-09 1.000000e-09 1.394071e-01 1.000000e-09 1.797257e-01 6.808672e-01 0.0000000010 1           
160:         1.000000e-09 1.000000e-09 1.000000e+00 1.000000e-09 1.000000e-09 1.000000e-09 1.000000e-09 1.000000e-09 0.0000000010 1           
161:         1.000000e-09 1.000000e-09 1.000000e-09 2.424619e-01 1.000000e-09 3.297134e-01 4.278247e-01 1.000000e-09 0.0000000010 1           
162:         1.000000e-09 1.000000e-09 1.000000e-09 1.000000e-09 1.000000e-09 1.000000e-09 1.000000e+00 1.000000e-09 0.0000000010 1           
163:         1.000000e-09 1.000000e-09 3.378482e-01 1.000000e-09 1.000000e-09 6.621518e-01 1.000000e-09 1.000000e-09 0.0000000010 1           
164:         1.000000e-09 1.000000e-09 1.000000e+00 1.000000e-09 1.000000e-09 1.000000e-09 1.000000e-09 1.000000e-09 0.0000000010 1           
165:         1.000000e-09 1.046764e-08 1.000000e-09 1.000000e-09 3.759570e-01 1.000000e-09 5.575237e-01 1.000000e-09 0.0665192978 1           
166:         1.000000e-09 1.565936e-01 1.000000e-09 1.000000e-09 1.000000e-09 8.434064e-01 1.000000e-09 1.000000e-09 0.0000000010 1           
167:         1.000000e-09 1.000000e+00 1.000000e-09 1.000000e-09 1.000000e-09 1.000000e-09 1.000000e-09 1.000000e-09 0.0000000010 1           
168:         6.471095e-01 2.461226e-01 7.871396e-03 6.151914e-02 3.737743e-02 1.000000e-09 1.000000e-09 1.000000e-09 0.0000000010 1           
169:         1.000000e-09 1.000000e+00 1.000000e-09 1.000000e-09 1.000000e-09 1.000000e-09 1.000000e-09 1.000000e-09 0.0000000010 1           
170:         1.000000e-09 1.000000e-09 1.000000e-09 2.433197e-01 1.000000e-09 1.739521e-01 5.827282e-01 1.000000e-09 0.0000000010 1           
171:         1.000000e-09 1.000000e-09 1.000000e-09 3.484522e-01 1.000000e-09 2.658613e-01 1.000000e-09 1.000000e-09 0.3856864939 1           
172:         1.000000e-09 1.000000e-09 1.000000e-09 1.000000e-09 1.000000e-09 1.000000e-09 1.000000e-09 1.000000e+00 0.0000000010 1           
173:         1.000000e-09 1.000000e-09 5.210357e-01 1.000000e-09 1.000000e-09 4.789643e-01 1.000000e-09 1.000000e-09 0.0000000010 1           
174:         1.000000e-09 5.964028e-01 1.000000e-09 1.000000e-09 1.000000e-09 4.035972e-01 1.000000e-09 1.000000e-09 0.0000000010 1           
175:         1.000000e-09 1.000000e-09 2.746599e-01 1.000000e-09 1.000000e-09 6.227692e-02 1.000000e-09 1.181644e-02 0.6512467389 1           
176:         4.377805e-01 2.864423e-01 1.000000e-09 1.000000e-09 1.000000e-09 1.298919e-01 1.000000e-09 1.458853e-01 0.0000000010 1           
177:         1.000000e-09 1.000000e-09 8.186743e-01 1.000000e-09 1.000000e-09 1.000000e-09 1.000000e-09 1.813257e-01 0.0000000010 1           
178:         1.000000e-09 6.478611e-01 1.622906e-01 1.898483e-01 1.000000e-09 1.000000e-09 1.000000e-09 1.000000e-09 0.0000000010 1           
179:         1.000000e-09 4.774482e-01 1.000000e-09 1.000000e-09 1.000000e-09 1.000000e-09 5.225518e-01 1.000000e-09 0.0000000010 1           
180:         1.000000e-09 2.830452e-01 1.000000e-09 4.567136e-02 1.852340e-01 1.000000e-09 1.000000e-09 2.732309e-03 0.4833170606 1           
181:         1.000000e-09 1.000000e+00 1.000000e-09 1.000000e-09 1.000000e-09 1.000000e-09 1.000000e-09 1.000000e-09 0.0000000010 1           
182:         1.000000e-09 1.000000e+00 1.000000e-09 1.000000e-09 1.000000e-09 1.000000e-09 1.000000e-09 1.000000e-09 0.0000000010 1           
183:         1.000000e-09 1.000000e-09 1.000000e+00 1.000000e-09 1.000000e-09 1.000000e-09 1.000000e-09 1.000000e-09 0.0000000010 1           
184:         1.000000e-09 1.000000e-09 3.302738e-01 1.000000e-09 1.000000e-09 1.000000e-09 6.697262e-01 1.000000e-09 0.0000000010 1           
185:         1.000000e-09 1.000000e+00 1.000000e-09 1.000000e-09 1.000000e-09 1.000000e-09 1.000000e-09 1.000000e-09 0.0000000010 1           
186:         1.000000e-09 2.252247e-02 1.000000e-09 1.000000e-09 6.770711e-03 1.000000e-09 1.000000e-09 2.321186e-01 0.7385882428 1           
187:         1.000000e-09 1.153669e-01 1.000000e-09 8.846331e-01 1.000000e-09 1.000000e-09 1.000000e-09 1.000000e-09 0.0000000010 1           
188:         2.757796e-01 1.000000e-09 1.044670e-01 6.197534e-01 1.000000e-09 1.000000e-09 1.000000e-09 1.000000e-09 0.0000000010 1           
189:         1.000000e-09 1.000000e-09 1.000000e-09 1.000000e-09 4.327025e-01 1.000000e-09 5.672975e-01 1.000000e-09 0.0000000010 1           
190:         1.000000e-09 1.000000e+00 1.000000e-09 1.000000e-09 1.000000e-09 1.000000e-09 1.000000e-09 1.000000e-09 0.0000000010 1           
191:         1.000000e-09 1.000000e-09 1.000000e+00 1.000000e-09 1.000000e-09 1.000000e-09 1.000000e-09 1.000000e-09 0.0000000010 1           
192:         4.274183e-01 1.000000e-09 1.000000e-09 2.632474e-01 1.282881e-01 1.810463e-01 1.000000e-09 1.000000e-09 0.0000000010 1           
193:         1.000000e-09 1.000000e-09 7.198529e-01 1.000000e-09 1.000000e-09 1.000000e-09 1.000000e-09 2.801471e-01 0.0000000010 1           
194:         1.000000e-09 8.848927e-01 1.000000e-09 1.151073e-01 1.000000e-09 1.000000e-09 1.000000e-09 1.000000e-09 0.0000000010 1           
195:         1.000000e-09 1.000000e-09 1.000000e-09 1.000000e-09 1.000000e-09 1.000000e-09 1.000000e+00 1.000000e-09 0.0000000010 1           
196:         1.000000e-09 1.000000e-09 1.000000e-09 1.000000e-09 1.000000e-09 3.016440e-01 1.000000e-09 1.879874e-01 0.5103685785 1           
197:         1.000000e-09 1.000000e-09 3.787887e-01 1.000000e-09 1.000000e-09 1.000000e-09 6.212113e-01 1.000000e-09 0.0000000010 1           
198:         1.000000e-09 1.000000e+00 1.000000e-09 1.000000e-09 1.000000e-09 1.000000e-09 1.000000e-09 1.000000e-09 0.0000000010 1           
199:         1.000000e-09 7.526063e-01 1.000000e-09 2.445106e-01 1.000000e-09 2.976031e-04 2.585481e-03 1.000000e-09 0.0000000010 1           
200:         1.000000e-09 1.000000e-09 1.000000e-09 1.000000e-09 1.000000e-09 1.000000e-09 1.000000e+00 1.000000e-09 0.0000000010 1           
201:         1.000000e-09 3.780074e-09 1.000000e-09 1.000000e-09 1.000000e-09 1.000000e-09 1.000000e+00 3.188534e-08 0.0000000010 1           
202:         1.000000e-09 1.000000e-09 1.000000e+00 1.000000e-09 1.000000e-09 1.000000e-09 1.000000e-09 1.000000e-09 0.0000000010 1           
203:         1.000000e-09 1.000000e-09 1.000000e+00 1.000000e-09 1.000000e-09 1.000000e-09 1.000000e-09 1.000000e-09 0.0000000010 1           
204:         1.000000e-09 1.000000e-09 1.000000e+00 1.000000e-09 1.000000e-09 1.000000e-09 1.000000e-09 1.000000e-09 0.0000000010 1           
205:         1.000000e-09 4.329192e-01 4.074053e-01 1.000000e-09 1.315246e-01 1.000000e-09 2.815090e-02 1.000000e-09 0.0000000010 1           
206:         7.189807e-01 1.000000e-09 1.000000e-09 1.000000e-09 1.000000e-09 1.000000e-09 1.000000e-09 2.810193e-01 0.0000000010 1           
207:         1.000000e-09 9.486375e-02 1.000000e-09 1.000000e-09 1.000000e-09 1.000000e-09 3.376382e-01 5.674980e-01 0.0000000010 1           
208:         1.000000e-09 1.000000e-09 5.398873e-01 1.000000e-09 1.000000e-09 3.317023e-02 4.269425e-01 1.000000e-09 0.0000000010 1           
209:         1.000000e-09 7.210335e-01 1.000000e-09 1.000000e-09 1.000000e-09 1.000000e-09 1.000000e-09 2.789665e-01 0.0000000010 1           
210:         1.000000e-09 4.526475e-07 9.999995e-01 1.000000e-09 1.000000e-09 1.000000e-09 1.000000e-09 1.000000e-09 0.0000000010 1           
211:         1.000000e-09 1.000000e-09 8.779717e-01 1.220283e-01 1.000000e-09 1.000000e-09 1.000000e-09 1.000000e-09 0.0000000010 1           
212:         1.000000e-09 1.000000e-09 1.000000e-09 1.000000e-09 1.000000e-09 1.000000e-09 1.000000e+00 1.000000e-09 0.0000000010 1           
213:         1.000000e-09 1.000000e-09 1.000000e+00 1.000000e-09 1.000000e-09 1.000000e-09 1.000000e-09 1.000000e-09 0.0000000010 1           
214:         5.299915e-01 2.282955e-02 9.566323e-02 3.515157e-01 1.000000e-09 1.000000e-09 6.303819e-08 1.000000e-09 0.0000000010 1           
215:         1.000000e-09 1.000000e-09 6.578585e-01 1.000000e-09 1.000000e-09 1.880766e-07 3.421413e-01 1.000000e-09 0.0000000010 1           
216:         2.221716e-02 1.000000e-09 1.000000e-09 1.757128e-01 8.020701e-01 1.000000e-09 1.000000e-09 1.000000e-09 0.0000000010 1           
217:         1.000000e-09 1.000000e-09 1.000000e+00 1.000000e-09 1.000000e-09 1.000000e-09 1.000000e-09 1.000000e-09 0.0000000010 1           
218:         4.530748e-01 1.000000e-09 1.000000e-09 3.835671e-01 1.000000e-09 1.633581e-01 1.000000e-09 1.000000e-09 0.0000000010 1           
219:         1.000000e-09 1.000633e-09 1.000000e-09 1.000000e-09 1.000000e-09 1.000000e-09 1.000000e+00 1.000000e-09 0.0000000010 1           
220:         1.000000e-09 1.000000e-09 6.434040e-01 1.865141e-02 1.000000e-09 1.000000e-09 1.000000e-09 1.000000e-09 0.3379445692 1           
221:         1.000000e-09 1.000000e-09 9.073213e-01 1.000000e-09 1.000000e-09 6.607416e-07 1.000000e-09 1.000000e-09 0.0926779871 1           
222:         1.000000e-09 1.000000e-09 1.000000e+00 1.000000e-09 1.000000e-09 1.000000e-09 1.000000e-09 1.000000e-09 0.0000000010 1           
223:         1.000000e-09 5.242775e-01 1.000000e-09 1.000000e-09 1.000000e-09 4.757225e-01 1.000000e-09 1.000000e-09 0.0000000010 1           
224:         1.000000e-09 1.000000e-09 1.000000e+00 1.000000e-09 1.000000e-09 1.000000e-09 1.000000e-09 1.000000e-09 0.0000000010 1           
225:         1.000000e-09 1.000000e-09 1.000000e+00 1.000000e-09 1.000000e-09 1.000000e-09 1.000000e-09 1.000000e-09 0.0000000010 1           
226:         1.000000e-09 1.000000e-09 7.946430e-01 2.053569e-01 1.000000e-09 1.000000e-09 1.000000e-09 1.000000e-09 0.0000000010 1           
227:         2.030214e-01 1.000000e-09 7.969786e-01 1.000000e-09 1.000000e-09 1.000000e-09 1.000000e-09 1.000000e-09 0.0000000010 1           
228:         9.142143e-01 1.000000e-09 1.000000e-09 1.000000e-09 1.000000e-09 1.000000e-09 1.000000e-09 1.000000e-09 0.0857857003 1           
229:         1.000000e-09 1.000000e-09 1.000000e-09 1.000000e-09 1.000000e-09 1.000000e-09 1.000000e+00 1.000000e-09 0.0000000010 1           
230:         1.000000e-09 1.000000e+00 1.000000e-09 1.000000e-09 1.000000e-09 1.000000e-09 1.000000e-09 1.000000e-09 0.0000000010 1           
                                
                                
1:           1.000000e+00 1.000000e-09 1.000000e-09 1.000000e-09 1.000000e-09 1.000000e-09 1.000000e-09 1.000000e-09 1.000000e-09 1           
2:           1.000000e-09 4.898444e-01 1.000000e-09 1.000000e-09 1.000000e-09 1.000000e-09 1.000000e-09 5.101556e-01 1.000000e-09 1           
3:           1.000000e-09 1.000000e-09 1.000000e-09 1.000000e-09 1.000000e+00 1.000000e-09 1.000000e-09 1.000000e-09 1.000000e-09 1           
4:           1.000000e-09 4.790881e-01 1.000000e-09 1.000000e-09 1.000000e-09 1.404010e-01 1.000000e-09 3.805109e-01 1.000000e-09 1           
5:           1.000000e-09 4.504918e-01 1.000000e-09 1.000000e-09 1.000000e-09 1.000000e-09 1.000000e-09 5.495082e-01 1.000000e-09 1           
6:           1.000000e-09 1.000000e-09 5.506351e-01 3.770536e-01 1.000000e-09 7.231133e-02 1.000000e-09 1.000000e-09 1.000000e-09 1           
7:           1.000000e-09 1.000000e-09 2.795072e-02 8.916143e-01 6.145531e-02 1.897962e-02 1.000000e-09 1.000000e-09 1.000000e-09 1           
8:           1.000000e-09 1.000000e-09 1.000000e-09 1.000000e-09 2.508796e-01 1.000000e-09 1.000000e-09 1.000000e-09 7.491204e-01 1           
9:           1.000000e-09 1.000000e-09 1.000000e-09 1.000000e-09 1.000000e+00 1.000000e-09 1.000000e-09 1.000000e-09 1.000000e-09 1           
10:          1.000000e-09 1.000000e-09 1.000000e+00 1.000000e-09 1.000000e-09 1.000000e-09 1.000000e-09 1.000000e-09 1.000000e-09 1           
11:          1.000000e-09 4.064577e-01 1.000000e-09 1.000000e-09 2.497502e-01 1.000000e-09 1.000000e-09 3.437921e-01 1.000000e-09 1           
12:          1.000000e-09 5.657887e-01 1.000000e-09 1.000000e-09 1.000000e-09 1.000000e-09 1.000000e-09 4.303666e-01 3.844677e-03 1           
13:          1.000000e-09 4.702419e-01 1.000000e-09 1.000000e-09 1.000000e-09 1.000000e-09 1.000000e-09 5.297581e-01 1.000000e-09 1           
14:          1.000000e-09 1.000000e-09 1.000000e-09 1.000000e-09 1.000000e-09 1.000000e-09 1.000000e+00 1.000000e-09 1.000000e-09 1           
15:          1.000000e-09 3.245749e-02 1.000000e-09 1.000000e-09 1.772236e-01 1.625900e-01 1.000000e-09 3.483285e-01 2.794003e-01 1           
16:          1.000000e-09 1.000000e-09 7.570774e-02 8.821142e-01 1.000000e-09 1.000000e-09 4.217809e-02 1.000000e-09 1.000000e-09 1           
17:          1.000000e-09 3.892571e-01 1.000000e-09 1.000000e-09 1.000000e-09 1.344780e-01 1.000000e-09 4.762649e-01 1.000000e-09 1           
18:          1.000000e-09 5.589161e-01 1.000000e-09 1.000000e-09 8.978872e-02 1.000000e-09 1.000000e-09 3.512952e-01 1.000000e-09 1           
19:          1.000000e-09 1.000000e-09 1.000000e-09 8.649677e-01 1.000000e-09 1.000000e-09 1.146871e-01 1.000000e-09 2.034527e-02 1           
20:          1.000000e-09 5.635705e-01 1.000000e-09 1.000000e-09 5.518891e-02 1.000000e-09 1.000000e-09 2.236269e-01 1.576137e-01 1           
21:          1.000000e-09 5.366403e-01 1.000000e-09 1.000000e-09 2.577232e-01 1.000000e-09 1.000000e-09 2.056366e-01 1.000000e-09 1           
22:          1.000000e-09 1.000000e-09 1.000000e-09 1.000000e-09 1.000000e+00 1.000000e-09 1.000000e-09 1.000000e-09 1.000000e-09 1           
23:          1.000000e-09 1.000000e-09 2.182530e-01 7.621898e-01 1.000000e-09 1.000000e-09 1.955719e-02 1.000000e-09 1.000000e-09 1           
24:          1.000000e-09 2.496065e-02 1.179822e-01 8.570572e-01 1.000000e-09 1.000000e-09 1.000000e-09 1.000000e-09 1.000000e-09 1           
25:          1.000000e-09 3.742059e-01 1.000000e-09 1.000000e-09 4.354582e-01 1.000000e-09 1.000000e-09 6.165933e-02 1.286766e-01 1           
26:          1.000000e-09 1.000000e-09 1.000000e-09 1.000000e-09 1.000000e-09 1.000000e-09 1.000000e+00 1.000000e-09 1.000000e-09 1           
27:          1.000000e-09 3.420683e-01 1.000000e-09 1.000000e-09 2.452027e-01 1.000000e-09 1.000000e-09 3.559203e-01 5.680865e-02 1           
28:          1.000000e-09 6.562822e-02 1.487308e-01 7.856409e-01 1.000000e-09 1.000000e-09 1.000000e-09 1.000000e-09 1.000000e-09 1           
29:          1.000000e-09 4.436340e-01 1.000000e-09 1.000000e-09 1.000000e-09 1.000000e-09 1.000000e-09 5.255076e-01 3.085839e-02 1           
30:          1.000000e-09 6.762545e-01 1.000000e-09 1.000000e-09 1.000000e-09 1.000000e-09 1.000000e-09 3.237455e-01 1.000000e-09 1           
31:          7.986768e-01 2.013232e-01 1.000000e-09 1.000000e-09 1.000000e-09 1.000000e-09 1.000000e-09 1.000000e-09 1.000000e-09 1           
32:          1.000000e-09 1.000000e-09 9.103836e-01 1.000000e-09 1.000000e-09 1.000000e-09 1.000000e-09 6.625690e-03 8.299070e-02 1           
33:          1.000000e-09 2.040191e-02 2.068177e-01 5.474041e-01 1.000000e-09 2.253762e-01 1.000000e-09 1.000000e-09 1.000000e-09 1           
34:          1.000000e-09 1.000000e-09 1.000000e+00 1.000000e-09 1.000000e-09 1.000000e-09 1.000000e-09 1.000000e-09 1.000000e-09 1           
35:          1.000000e-09 1.799154e-02 1.000000e-09 8.587515e-01 1.000000e-09 1.000000e-09 3.876578e-02 1.000000e-09 8.449120e-02 1           
36:          1.000000e-09 1.000000e-09 1.000000e-09 1.000000e-09 1.000000e-09 1.000000e-09 1.000000e+00 1.000000e-09 1.000000e-09 1           
37:          1.000000e-09 2.009184e-07 3.785317e-01 2.320279e-01 1.000000e-09 1.000000e-09 2.386755e-01 1.000000e-09 1.507647e-01 1           
38:          1.000000e-09 3.207675e-01 1.000000e-09 1.000000e-09 1.946079e-01 1.000000e-09 1.000000e-09 2.924699e-01 1.921547e-01 1           
39:          1.066128e-05 1.478422e-01 1.091997e-01 7.421806e-01 1.000000e-09 1.000000e-09 7.669087e-04 1.000000e-09 1.000000e-09 1           
40:          1.000000e-09 1.000000e-09 1.000000e-09 1.000000e-09 1.000000e-09 1.000000e-09 1.000000e-09 4.177541e-01 5.822459e-01 1           
41:          1.000000e-09 1.813916e-01 1.000000e-09 1.000000e-09 5.028630e-01 1.000000e-09 1.000000e-09 3.157454e-01 1.000000e-09 1           
42:          1.000000e-09 5.550565e-01 1.000000e-09 1.000000e-09 1.939775e-01 1.000000e-09 1.000000e-09 2.509659e-01 1.000000e-09 1           
43:          1.000000e-09 4.451761e-01 1.000000e-09 1.000000e-09 1.000000e-09 4.325989e-01 1.000000e-09 1.000000e-09 1.222251e-01 1           
44:          1.000000e-09 1.000000e-09 5.761305e-01 1.000000e-09 1.868327e-01 1.000000e-09 2.370369e-01 1.000000e-09 1.000000e-09 1           
45:          1.000000e-09 1.000000e-09 1.000000e-09 1.000000e-09 1.000000e-09 1.000000e-09 1.000000e+00 1.000000e-09 1.000000e-09 1           
46:          1.000000e-09 1.901642e-01 1.000000e-09 1.000000e-09 6.662358e-01 1.389679e-02 1.000000e-09 1.297032e-01 1.000000e-09 1           
47:          8.063247e-02 1.000000e-09 1.499801e-09 9.054009e-01 1.000000e-09 1.396658e-02 1.000000e-09 1.000000e-09 1.000000e-09 1           
