  1:   0.0000  0.9447  0.0553  1
  2:   0.0000  0.0000  1.0000  1
  3:   0.0000  0.0000  1.0000  1
  4:   0.0000  0.0000  1.0000  1
  5:   0.0000  0.0000  1.0000  1
  6:   0.8728  0.1272  0.0000  1
  7:   0.9042  0.0000  0.0958  1
  8:   0.0000  0.0721  0.9279  1
  9:   0.0000  0.0000  1.0000  1
 10:   0.7000  0.3000  0.0000  1
 11:   0.0000  0.0000  1.0000  1
 12:   0.0000  0.0000  1.0000  1
 13:   0.0000  0.0000  1.0000  1
 14:   0.9819  0.0119  0.0062  1
 15:   0.0000  0.0000  1.0000  1
 16:   1.0000  0.0000  0.0000  1
 17:   0.0000  0.0000  1.0000  1
 18:   0.0000  0.0000  1.0000  1
 19:   0.9531  0.0000  0.0469  1
 20:   0.0000  0.0000  1.0000  1
 21:   0.0000  0.0000  1.0000  1
 22:   0.0000  0.0000  1.0000  1
 23:   0.9649  0.0351  0.0000  1
 24:   0.9498  0.0000  0.0502  1
 25:   0.0000  0.0709  0.9291  1
 26:   0.8893  0.1107  0.0000  1
 27:   0.0000  0.0000  1.0000  1
 28:   0.9393  0.0036  0.0571  1
 29:   0.0000  0.0000  1.0000  1
 30:   0.0000  0.0000  1.0000  1
 31:   0.0000  0.7514  0.2486  1
 32:   0.6416  0.3584  0.0000  1
 33:   0.7820  0.0506  0.1674  1
 34:   0.6626  0.3374  0.0000  1
 35:   0.9144  0.0000  0.0856  1
 36:   0.8722  0.1278  0.0000  1
 37:   0.7608  0.1651  0.0741  1
 38:   0.0000  0.0000  1.0000  1
 39:   0.9325  0.0363  0.0312  1
 40:   0.0000  0.0231  0.9769  1
 41:   0.0000  0.0000  1.0000  1
 42:   0.0000  0.0000  1.0000  1
 43:   0.0179  0.0198  0.9623  1
 44:   0.6944  0.1588  0.1468  1
 45:   0.8890  0.1110  0.0000  1
 46:   0.0000  0.0000  1.0000  1
 47:   0.9124  0.0703  0.0173  1
 48:   0.8055  0.1945  0.0000  1
 49:   0.9171  0.0347  0.0482  1
 50:   0.9629  0.0000  0.0371  1
 51:   0.0000  0.0000  1.0000  1
 52:   0.0000  0.0000  1.0000  1
 53:   0.6478  0.3522  0.0000  1
 54:   0.0000  0.9453  0.0547  1
 55:   0.9657  0.0000  0.0343  1
 56:   0.0000  0.9074  0.0926  1
 57:   0.6904  0.3096  0.0000  1
 58:   0.9312  0.0102  0.0586  1
 59:   0.0000  0.0026  0.9974  1
 60:   0.7348  0.2652  0.0000  1
 61:   0.6970  0.3030  0.0000  1
 62:   0.0000  0.0000  1.0000  1
 63:   0.7998  0.2002  0.0000  1
 64:   0.9628  0.0372  0.0000  1
 65:   0.5531  0.4131  0.0338  1
 66:   0.0000  0.0000  1.0000  1
 67:   0.0000  1.0000  0.0000  1
 68:   0.0000  0.9129  0.0871  1
 69:   0.6826  0.3174  0.0000  1
 70:   0.6683  0.3179  0.0138  1
 71:   0.0000  0.0000  1.0000  1
 72:   0.0000  0.1096  0.8904  1
 73:   0.0134  0.0000  0.9866  1
 74:   0.5655  0.4345  0.0000  1
 75:   0.7946  0.2054  0.0000  1
 76:   0.7000  0.3000  0.0000  1
 77:   0.0000  0.0383  0.9617  1
 78:   0.0000  0.9905  0.0095  1
 79:   0.7000  0.3000  0.0000  1
 80:   0.0000  0.0000  1.0000  1
 81:   0.0000  0.9145  0.0855  1
 82:   0.9797  0.0203  0.0000  1
 83:   0.8929  0.0000  0.1071  1
 84:   0.5885  0.3851  0.0265  1
 85:   0.7695  0.2305  0.0000  1
 86:   0.9398  0.0000  0.0602  1
 87:   0.0000  0.0724  0.9276  1
 88:   0.9561  0.0000  0.0439  1
 89:   0.6980  0.3020  0.0000  1
 90:   0.0000  0.0000  1.0000  1
 91:   0.9390  0.0610  0.0000  1
 92:   0.9917  0.0083  0.0000  1
 93:   0.0000  0.8772  0.1228  1
 94:   0.0000  1.0000  0.0000  1
 95:   0.7403  0.0155  0.2442  1
 96:   0.0000  0.0000  1.0000  1
 97:   0.7951  0.0344  0.1705  1
 98:   0.7817  0.0700  0.1484  1
 99:   0.5231  0.0000  0.4769  1
100:   0.0517  0.3692  0.5791  1
101:   0.0019  0.0618  0.9363  1
102:   0.0000  0.0000  1.0000  1
103:   0.8771  0.1229  0.0000  1
104:   0.0826  0.2063  0.7112  1
105:   0.1756  0.0061  0.8183  1
106:   0.0000  0.0000  1.0000  1
107:   0.0000  0.0861  0.9139  1
108:   0.0000  0.0305  0.9695  1
109:   0.8690  0.1310  0.0000  1
110:   0.0000  0.0271  0.9729  1
111:   0.0111  0.0000  0.9889  1
112:   0.9410  0.0365  0.0225  1
113:   0.7329  0.0177  0.2494  1
114:   0.6017  0.1685  0.2298  1
115:   0.8774  0.0625  0.0600  1
116:   0.0877  0.2477  0.6646  1
117:   0.0000  0.1693  0.8307  1
118:   0.9148  0.0000  0.0852  1
119:   0.0000  0.0998  0.9002  1
120:   0.0000  0.1688  0.8312  1
121:   0.0199  0.0095  0.9706  1
122:   0.0547  0.0884  0.8569  1
123:   0.0000  0.2656  0.7344  1
124:   0.8122  0.1878  0.0000  1
125:   0.8911  0.0354  0.0735  1
126:   0.0000  0.0000  1.0000  1
127:   0.9779  0.0000  0.0221  1
128:   0.0000  0.8518  0.1482  1
129:   0.0000  0.0000  1.0000  1
130:   0.0382  0.9367  0.0251  1
131:   0.0000  0.0000  1.0000  1
132:   0.9905  0.0095  0.0000  1
133:   0.0000  0.7812  0.2188  1
134:   0.0000  0.7400  0.2600  1
135:   0.0413  0.1058  0.8529  1
136:   0.0000  0.9059  0.0941  1
137:   0.0000  0.0000  1.0000  1
138:   1.0000  0.0000  0.0000  1
139:   0.0097  0.7506  0.2397  1
140:   0.0178  0.0897  0.8925  1
141:   0.5401  0.4599  0.0000  1
142:   0.1086  0.8195  0.0719  1
143:   0.0000  0.4173  0.5827  1
144:   0.0000  0.8222  0.1778  1
145:   0.0000  0.7691  0.2309  1
146:   0.8357  0.1643  0.0000  1
147:   0.7915  0.1686  0.0398  1
148:   0.0000  0.9716  0.0284  1
149:   0.0000  0.2322  0.7678  1
150:   0.0000  0.0561  0.9439  1
151:   0.8008  0.0000  0.1992  1
152:   0.1887  0.1957  0.6156  1
153:   0.0000  0.0176  0.9824  1
154:   0.0000  0.1447  0.8553  1
155:   0.0137  0.1163  0.8700  1
156:   0.0000  0.1425  0.8575  1
157:   0.0000  0.0312  0.9688  1
158:   0.8345  0.0000  0.1655  1
159:   0.2392  0.0000  0.7608  1
160:   0.0000  0.9244  0.0756  1
161:   0.6633  0.1184  0.2183  1
162:   0.8773  0.0000  0.1227  1
163:   0.0000  0.6903  0.3097  1
164:   0.0000  0.8091  0.1909  1
165:   0.6931  0.0176  0.2894  1
166:   0.0000  0.0000  1.0000  1
167:   0.1264  0.1937  0.6800  1
168:   0.6218  0.3782  0.0000  1
169:   0.0000  0.1289  0.8711  1
170:   0.7244  0.0753  0.2003  1
171:   0.1718  0.1766  0.6516  1
172:   0.0157  0.0000  0.9843  1
173:   0.0000  0.7335  0.2665  1
174:   0.0000  0.0000  1.0000  1
175:   0.0000  0.0885  0.9115  1
176:   0.3001  0.1332  0.5667  1
177:   0.0000  0.8712  0.1288  1
178:   0.1209  0.3971  0.4820  1
179:   0.0483  0.0540  0.8976  1
180:   0.1666  0.0965  0.7369  1
181:   0.0000  0.0487  0.9513  1
182:   0.0000  0.0000  1.0000  1
183:   0.0000  0.8878  0.1122  1
184:   0.4671  0.3751  0.1578  1
185:   0.0000  0.0000  1.0000  1
186:   0.0000  0.0000  1.0000  1
187:   0.6418  0.2771  0.0811  1
188:   0.5215  0.4785  0.0000  1
189:   0.9327  0.0673  0.0000  1
190:   0.0000  0.2895  0.7105  1
191:   0.0000  1.0000  0.0000  1
192:   0.9172  0.0828  0.0000  1
193:   0.0000  0.8258  0.1742  1
194:   0.0847  0.3268  0.5885  1
195:   0.9176  0.0213  0.0612  1
196:   0.0000  0.0000  1.0000  1
197:   0.1454  0.3643  0.4903  1
198:   0.0000  0.0307  0.9693  1
199:   0.4833  0.1084  0.4083  1
200:   0.4441  0.0000  0.5559  1
201:   0.5012  0.4988  0.0000  1
202:   0.0000  1.0000  0.0000  1
203:   0.0000  0.8583  0.1417  1
204:   0.0000  0.9470  0.0530  1
205:   0.0000  0.8895  0.1105  1
206:   0.7907  0.1129  0.0964  1
207:   0.2038  0.0000  0.7962  1
208:   0.1965  0.5693  0.2342  1
209:   0.0000  0.0000  1.0000  1
210:   0.0000  1.0000  0.0000  1
211:   0.0000  0.8524  0.1476  1
212:   0.9876  0.0000  0.0124  1
213:   0.0000  0.9094  0.0906  1
214:   0.9234  0.0766  0.0000  1
215:   0.0193  0.7568  0.2239  1
216:   0.9925  0.0075  0.0000  1
217:   0.0000  1.0000  0.0000  1
218:   0.7951  0.2049  0.0000  1
219:   0.2445  0.3531  0.4025  1
220:   0.0000  0.6293  0.3707  1
221:   0.0000  0.8301  0.1699  1
222:   0.0000  1.0000  0.0000  1
223:   0.0000  0.0392  0.9608  1
224:   0.0116  0.9233  0.0651  1
225:   0.0000  1.0000  0.0000  1
226:   0.0000  0.9557  0.0443  1
227:   0.0223  0.8676  0.1101  1
228:   0.9752  0.0038  0.0210  1
229:   0.9418  0.0000  0.0582  1
230:   0.0000  0.2277  0.7723  1
