  1:   0.5453  0.2538  0.0000  0.2009  1
  2:   0.3243  0.6757  0.0000  0.0000  1
  3:   0.1102  0.8898  0.0000  0.0000  1
  4:   0.1243  0.8757  0.0000  0.0000  1
  5:   0.0000  0.6937  0.3063  0.0000  1
  6:   0.0000  0.9703  0.0297  0.0000  1
  7:   1.0000  0.0000  0.0000  0.0000  1
  8:   0.7107  0.0000  0.0000  0.2893  1
  9:   0.0657  0.9082  0.0000  0.0262  1
 10:   0.5610  0.0000  0.0000  0.4390  1
 11:   0.0000  0.0000  0.0000  1.0000  1
 12:   0.0876  0.9124  0.0000  0.0000  1
 13:   0.4138  0.5862  0.0000  0.0000  1
 14:   0.0000  1.0000  0.0000  0.0000  1
 15:   0.0000  0.8646  0.1354  0.0000  1
 16:   0.0000  0.5073  0.2590  0.2337  1
 17:   0.0000  0.9639  0.0000  0.0361  1
 18:   0.0980  0.9020  0.0000  0.0000  1
 19:   0.0000  0.7338  0.2662  0.0000  1
 20:   0.0000  0.6943  0.0000  0.3057  1
 21:   0.0000  0.6914  0.0000  0.3086  1
 22:   0.4804  0.5196  0.0000  0.0000  1
 23:   0.0000  0.0000  0.4019  0.5981  1
 24:   0.0000  0.6099  0.0000  0.3901  1
 25:   0.0000  0.9327  0.0673  0.0000  1
 26:   0.7931  0.0000  0.0000  0.2069  1
 27:   0.0000  0.2310  0.0000  0.7690  1
 28:   0.3144  0.2178  0.1651  0.3028  1
 29:   0.0000  0.4280  0.1940  0.3780  1
 30:   0.0000  0.6584  0.0000  0.3416  1
 31:   0.0000  0.5392  0.0000  0.4608  1
 32:   0.0000  0.5578  0.4422  0.0000  1
 33:   0.0000  0.6168  0.0000  0.3832  1
 34:   0.0984  0.7400  0.1616  0.0000  1
 35:   0.0000  0.8666  0.1334  0.0000  1
 36:   0.0000  1.0000  0.0000  0.0000  1
 37:   0.0000  1.0000  0.0000  0.0000  1
 38:   0.1313  0.7014  0.0000  0.1673  1
 39:   0.0000  0.4176  0.1075  0.4749  1
 40:   0.0000  0.0000  1.0000  0.0000  1
 41:   0.0000  0.9951  0.0049  0.0000  1
 42:   0.1031  0.7363  0.1606  0.0000  1
 43:   0.0000  0.0000  0.0000  1.0000  1
 44:   0.0000  0.0000  0.0000  1.0000  1
 45:   0.0000  0.0000  0.5920  0.4080  1
 46:   0.6658  0.0000  0.1384  0.1958  1
 47:   0.0000  0.0000  0.0000  1.0000  1
 48:   0.0000  0.0000  0.3949  0.6051  1
 49:   0.0000  0.0000  0.5784  0.4216  1
 50:   0.0000  0.0000  0.0000  1.0000  1
 51:   0.3911  0.0000  0.0000  0.6089  1
 52:   0.0000  0.0000  0.0000  1.0000  1
 53:   0.0000  0.0000  0.0000  1.0000  1
 54:   0.0000  0.0000  0.0000  1.0000  1
 55:   0.0000  0.0000  0.0000  1.0000  1
 56:   0.0000  0.0000  0.5891  0.4109  1
 57:   0.0000  0.0000  0.8394  0.1606  1
 58:   1.0000  0.0000  0.0000  0.0000  1
 59:   0.7159  0.0000  0.0000  0.2841  1
 60:   1.0000  0.0000  0.0000  0.0000  1
 61:   0.9989  0.0000  0.0011  0.0000  1
 62:   0.3240  0.0000  0.6760  0.0000  1
 63:   0.6913  0.0000  0.1819  0.1268  1
 64:   1.0000  0.0000  0.0000  0.0000  1
 65:   0.2742  0.7258  0.0000  0.0000  1
 66:   0.0000  0.8473  0.0000  0.1527  1
 67:   0.7080  0.1871  0.1048  0.0000  1
 68:   1.0000  0.0000  0.0000  0.0000  1
 69:   0.0764  0.9236  0.0000  0.0000  1
 70:   0.1560  0.8440  0.0000  0.0000  1
 71:   0.0000  0.0000  1.0000  0.0000  1
 72:   0.4564  0.0000  0.0000  0.5436  1
 73:   0.5680  0.0000  0.4320  0.0000  1
 74:   0.0000  0.0000  0.7801  0.2199  1
 75:   0.5683  0.0000  0.1568  0.2748  1
 76:   0.2344  0.0000  0.6268  0.1388  1
 77:   0.0000  0.0000  1.0000  0.0000  1
 78:   0.0000  0.0000  1.0000  0.0000  1
 79:   1.0000  0.0000  0.0000  0.0000  1
 80:   0.0194  0.5600  0.0000  0.4206  1
 81:   0.5020  0.0000  0.3052  0.1928  1
 82:   1.0000  0.0000  0.0000  0.0000  1
 83:   0.9121  0.0000  0.0000  0.0879  1
 84:   0.3403  0.0000  0.6597  0.0000  1
 85:   0.5167  0.0000  0.0000  0.4833  1
 86:   0.7944  0.0000  0.1864  0.0192  1
 87:   0.0000  0.0000  1.0000  0.0000  1
 88:   0.0908  0.7078  0.2014  0.0000  1
 89:   1.0000  0.0000  0.0000  0.0000  1
 90:   0.4501  0.5499  0.0000  0.0000  1
 91:   0.0000  0.0000  0.8207  0.1793  1
 92:   0.0000  0.0000  0.9999  0.0001  1
 93:   0.0000  0.0000  1.0000  0.0000  1
 94:   0.4197  0.0000  0.5685  0.0118  1
 95:   0.0000  0.0000  1.0000  0.0000  1
 96:   0.6049  0.0000  0.0000  0.3951  1
 97:   0.0000  0.0000  1.0000  0.0000  1
 98:   1.0000  0.0000  0.0000  0.0000  1
 99:   0.5770  0.0000  0.2919  0.1311  1
100:   0.6698  0.0000  0.3302  0.0000  1
101:   0.2821  0.0000  0.2861  0.4319  1
102:   0.1022  0.8978  0.0000  0.0000  1
103:   0.2172  0.5185  0.0000  0.2643  1
104:   0.0000  1.0000  0.0000  0.0000  1
105:   0.0000  1.0000  0.0000  0.0000  1
106:   0.0000  0.7554  0.2355  0.0091  1
107:   0.0940  0.9060  0.0000  0.0000  1
108:   0.0000  1.0000  0.0000  0.0000  1
109:   0.0000  0.9904  0.0000  0.0096  1
110:   0.0000  0.7869  0.2131  0.0000  1
111:   0.0000  0.8910  0.1090  0.0000  1
112:   0.0000  0.8700  0.1300  0.0000  1
113:   0.0000  1.0000  0.0000  0.0000  1
114:   0.0000  0.7678  0.2322  0.0000  1
115:   0.0487  0.9513  0.0000  0.0000  1
116:   0.0000  1.0000  0.0000  0.0000  1
117:   0.1591  0.8409  0.0000  0.0000  1
118:   0.0047  0.4914  0.3516  0.1523  1
119:   0.0000  0.8070  0.1930  0.0000  1
120:   0.0000  0.7967  0.0000  0.2033  1
121:   0.0000  0.6504  0.3496  0.0000  1
122:   0.2037  0.7963  0.0000  0.0000  1
123:   0.3064  0.6881  0.0000  0.0055  1
124:   0.0755  0.7713  0.1532  0.0000  1
125:   0.0911  0.9089  0.0000  0.0000  1
126:   0.1787  0.8213  0.0000  0.0000  1
127:   0.0000  1.0000  0.0000  0.0000  1
128:   0.0000  0.7680  0.0000  0.2320  1
129:   0.0000  1.0000  0.0000  0.0000  1
130:   0.0000  1.0000  0.0000  0.0000  1
131:   0.0000  0.0000  0.0000  1.0000  1
132:   1.0000  0.0000  0.0000  0.0000  1
133:   1.0000  0.0000  0.0000  0.0000  1
134:   0.0000  0.0000  1.0000  0.0000  1
135:   0.7372  0.0000  0.2628  0.0000  1
136:   1.0000  0.0000  0.0000  0.0000  1
137:   0.0156  0.0000  0.2720  0.7124  1
138:   0.0000  0.0000  1.0000  0.0000  1
139:   0.0000  0.0000  0.0000  1.0000  1
140:   1.0000  0.0000  0.0000  0.0000  1
141:   0.3938  0.0000  0.3785  0.2276  1
142:   0.0000  0.2151  0.7849  0.0000  1
143:   0.7478  0.0000  0.2522  0.0000  1
144:   0.7562  0.0000  0.2438  0.0000  1
145:   1.0000  0.0000  0.0000  0.0000  1
146:   0.4362  0.0000  0.0000  0.5637  1
147:   0.4079  0.0000  0.3128  0.2793  1
148:   1.0000  0.0000  0.0000  0.0000  1
149:   0.2952  0.0000  0.7048  0.0000  1
150:   0.3387  0.3186  0.3427  0.0000  1
151:   0.6402  0.0000  0.0000  0.3598  1
152:   0.0000  0.0000  0.7128  0.2872  1
153:   0.0000  0.0000  1.0000  0.0000  1
154:   1.0000  0.0000  0.0000  0.0000  1
155:   0.5428  0.0000  0.0000  0.4572  1
156:   0.0000  0.1297  0.5571  0.3132  1
157:   0.0599  0.0000  0.7058  0.2342  1
158:   0.0000  0.0000  0.0000  1.0000  1
159:   0.7025  0.2975  0.0000  0.0000  1
160:   0.3487  0.0000  0.0000  0.6513  1
161:   1.0000  0.0000  0.0000  0.0000  1
162:   0.0000  0.0000  1.0000  0.0000  1
163:   0.4680  0.0153  0.4360  0.0808  1
164:   0.7205  0.0000  0.2795  0.0000  1
165:   0.4369  0.1504  0.4127  0.0000  1
166:   0.6223  0.0000  0.3777  0.0000  1
167:   0.0000  0.0000  1.0000  0.0000  1
168:   0.4241  0.0000  0.4834  0.0924  1
169:   0.0000  0.0000  1.0000  0.0000  1
170:   0.2214  0.0000  0.7786  0.0000  1
171:   1.0000  0.0000  0.0000  0.0000  1
172:   1.0000  0.0000  0.0000  0.0000  1
173:   0.0000  0.0000  0.4984  0.5016  1
174:   0.0000  0.0000  1.0000  0.0000  1
175:   0.0000  0.0000  0.0000  1.0000  1
176:   0.2280  0.0000  0.0000  0.7720  1
177:   0.0000  0.0000  0.0000  1.0000  1
178:   0.0000  0.0000  0.0000  1.0000  1
179:   0.0000  0.0000  0.0000  1.0000  1
180:   0.0000  0.0000  0.0000  1.0000  1
181:   0.0000  0.0000  1.0000  0.0000  1

  1:   0.2461  0.0000  0.3574  0.3965  1
  2:   0.0000  1.0000  0.0000  0.0000  1
  3:   0.0000  0.4484  0.5516  0.0000  1
  4:   0.0000  1.0000  0.0000  0.0000  1
  5:   0.2408  0.2990  0.4601  0.0000  1
  6:   0.0000  0.3617  0.6383  0.0000  1
  7:   0.0000  0.9991  0.0000  0.0009  1
  8:   0.5175  0.0000  0.0000  0.4825  1
  9:   0.0000  0.2463  0.7537  0.0000  1
 10:   0.5004  0.0000  0.0171  0.4824  1
 11:   0.0000  0.0000  0.0000  1.0000  1
 12:   0.0000  0.3630  0.6370  0.0000  1
 13:   0.0000  0.1241  0.8759  0.0000  1
 14:   0.0000  0.4193  0.5807  0.0000  1
 15:   0.0000  0.6222  0.2653  0.1126  1
 16:   0.0000  0.7129  0.0000  0.2871  1
 17:   0.0000  1.0000  0.0000  0.0000  1
 18:   0.0000  0.4815  0.5185  0.0000  1
 19:   0.1215  0.7648  0.1137  0.0000  1
 20:   0.0000  0.0000  0.8138  0.1862  1
 21:   0.0279  0.7023  0.1505  0.1193  1
 22:   0.4563  0.0020  0.5417  0.0000  1
 23:   0.2521  0.4373  0.0000  0.3106  1
 24:   0.0000  0.8202  0.0000  0.1798  1
 25:   0.0000  0.9523  0.0477  0.0000  1
 26:   0.0000  0.0000  0.0000  1.0000  1
 27:   0.0000  0.4536  0.0373  0.5091  1
 28:   0.1104  0.3365  0.0000  0.5532  1
 29:   0.1231  0.4460  0.1432  0.2878  1
 30:   0.0000  0.0000  0.6673  0.3327  1
 31:   0.0000  0.5418  0.3418  0.1165  1
 32:   0.4518  0.0000  0.5482  0.0000  1
 33:   0.0000  0.5716  0.0000  0.4284  1
 34:   0.1472  0.5237  0.3291  0.0000  1
 35:   0.0000  1.0000  0.0000  0.0000  1
 36:   0.0000  0.6486  0.3514  0.0000  1
 37:   0.0000  0.0000  1.0000  0.0000  1
 38:   0.2358  0.7642  0.0000  0.0000  1
 39:   0.0000  0.0088  0.3347  0.6565  1
 40:   0.0000  1.0000  0.0000  0.0000  1
 41:   0.0000  0.4834  0.5166  0.0000  1
 42:   0.0000  0.4794  0.2808  0.2398  1
 43:   0.0000  0.0000  0.0000  1.0000  1
 44:   0.0000  0.0000  0.0000  1.0000  1
 45:   0.0000  0.0000  0.0000  1.0000  1
 46:   0.0000  0.0994  0.0000  0.9006  1
 47:   0.0000  0.9620  0.0000  0.0380  1
 48:   0.4694  0.5306  0.0000  0.0000  1
 49:   0.6173  0.0000  0.0000  0.3827  1
 50:   0.0000  0.0000  0.0000  1.0000  1
 51:   0.6242  0.0000  0.0000  0.3758  1
 52:   0.0000  0.0000  0.0000  1.0000  1
 53:   0.2634  0.0000  0.0000  0.7366  1
 54:   0.0000  0.0000  0.0000  1.0000  1
 55:   0.0000  0.0000  0.0000  1.0000  1
 56:   1.0000  0.0000  0.0000  0.0000  1
 57:   0.6890  0.0000  0.0000  0.3110  1
 58:   1.0000  0.0000  0.0000  0.0000  1
 59:   0.0000  0.0000  0.0000  1.0000  1
 60:   1.0000  0.0000  0.0000  0.0000  1
 61:   1.0000  0.0000  0.0000  0.0000  1
 62:   0.4286  0.0000  0.0000  0.5714  1
 63:   0.5115  0.0000  0.0000  0.4885  1
 64:   0.5770  0.0000  0.0000  0.4230  1
 65:   0.0000  0.0000  1.0000  0.0000  1
 66:   0.0000  1.0000  0.0000  0.0000  1
 67:   0.8213  0.1787  0.0000  0.0000  1
 68:   1.0000  0.0000  0.0000  0.0000  1
 69:   0.0582  0.6991  0.2427  0.0000  1
 70:   0.1189  0.3079  0.5732  0.0000  1
 71:   0.2729  0.0000  0.0000  0.7271  1
 72:   0.3495  0.0000  0.0000  0.6505  1
 73:   0.5689  0.0000  0.0000  0.4311  1
 74:   0.4265  0.0000  0.0000  0.5735  1
 75:   0.5035  0.0000  0.0000  0.4965  1
 76:   0.2676  0.0000  0.0000  0.7324  1
 77:   0.3667  0.0000  0.0000  0.6333  1
 78:   0.0027  0.1627  0.0000  0.8346  1
 79:   0.6342  0.0000  0.0000  0.3658  1
 80:   0.0000  0.0000  0.7034  0.2966  1
 81:   0.4472  0.0000  0.0000  0.5528  1
 82:   1.0000  0.0000  0.0000  0.0000  1
 83:   0.0536  0.0000  0.0000  0.9464  1
 84:   1.0000  0.0000  0.0000  0.0000  1
 85:   0.3474  0.0000  0.0000  0.6526  1
 86:   0.6589  0.0000  0.0000  0.3411  1
 87:   0.6109  0.1806  0.0000  0.2085  1
 88:   0.0000  0.6973  0.0561  0.2466  1
 89:   0.0000  0.0000  0.0000  1.0000  1
 90:   0.1349  0.4115  0.4536  0.0000  1
 91:   0.1102  0.0000  0.0595  0.8303  1
 92:   0.1815  0.0000  0.0000  0.8185  1
 93:   0.4014  0.0000  0.0000  0.5986  1
 94:   0.6247  0.0000  0.0000  0.3753  1
 95:   0.4821  0.1512  0.0000  0.3667  1
 96:   0.4443  0.0000  0.0000  0.5557  1
 97:   0.2095  0.0000  0.0000  0.7905  1
 98:   1.0000  0.0000  0.0000  0.0000  1
 99:   0.4946  0.0000  0.0000  0.5054  1
100:   0.5096  0.0000  0.0000  0.4904  1
101:   0.2834  0.0000  0.0812  0.6353  1
102:   0.1045  0.8955  0.0000  0.0000  1
103:   0.0000  0.4507  0.2535  0.2959  1
104:   0.0000  1.0000  0.0000  0.0000  1
105:   0.0000  0.7338  0.2662  0.0000  1
106:   0.0000  0.7804  0.0818  0.1378  1
107:   0.0737  0.6299  0.2964  0.0000  1
108:   0.0000  0.7054  0.2946  0.0000  1
109:   0.0000  0.8111  0.1889  0.0000  1
110:   0.0709  0.7581  0.1710  0.0000  1
111:   0.0000  1.0000  0.0000  0.0000  1
112:   0.0896  0.9104  0.0000  0.0000  1
113:   0.0000  0.7193  0.2807  0.0000  1
114:   0.2492  0.7189  0.0319  0.0000  1
115:   0.0000  0.8044  0.1956  0.0000  1
116:   0.0000  0.7026  0.2974  0.0000  1
117:   0.0000  1.0000  0.0000  0.0000  1
118:   0.1272  0.5316  0.0000  0.3413  1
119:   0.0000  1.0000  0.0000  0.0000  1
120:   0.0000  1.0000  0.0000  0.0000  1
121:   0.0000  0.8099  0.0000  0.1901  1
122:   0.0435  0.7095  0.2470  0.0000  1
123:   0.1555  0.0000  0.7829  0.0617  1
124:   0.1584  0.8416  0.0000  0.0000  1
125:   0.0296  0.7028  0.2677  0.0000  1
126:   0.0000  0.0000  1.0000  0.0000  1
127:   0.0000  1.0000  0.0000  0.0000  1
128:   0.0000  0.1571  0.6716  0.1713  1
129:   0.0000  0.2232  0.7768  0.0000  1
130:   0.0000  0.0000  1.0000  0.0000  1
131:   0.0000  0.0000  0.1439  0.8561  1
132:   1.0000  0.0000  0.0000  0.0000  1
133:   1.0000  0.0000  0.0000  0.0000  1
134:   0.7544  0.0000  0.2456  0.0000  1
135:   0.6625  0.0000  0.0000  0.3375  1
136:   1.0000  0.0000  0.0000  0.0000  1
137:   0.0000  0.0000  0.0000  1.0000  1
138:   0.1980  0.0000  0.0000  0.8020  1
139:   0.0000  0.0000  0.0000  1.0000  1
140:   0.0274  0.4933  0.0000  0.4793  1
141:   0.5480  0.0000  0.0000  0.4520  1
142:   0.4006  0.4136  0.0000  0.1858  1
143:   0.4995  0.0000  0.2132  0.2873  1
144:   1.0000  0.0000  0.0000  0.0000  1
145:   0.7756  0.2244  0.0000  0.0000  1
146:   0.0000  0.0000  0.0000  1.0000  1
147:   0.0000  0.0000  0.0000  1.0000  1
148:   0.0001  0.0000  0.4728  0.5271  1
149:   0.4438  0.0000  0.0000  0.5562  1
150:   0.7296  0.2704  0.0000  0.0000  1
151:   0.2682  0.0000  0.7318  0.0000  1
152:   0.2489  0.0000  0.1193  0.6318  1
153:   0.0000  0.0000  0.0000  1.0000  1
154:   0.0550  0.0000  0.0000  0.9450  1
155:   0.3916  0.0000  0.0000  0.6084  1
156:   0.0000  0.1534  0.0000  0.8466  1
157:   0.6800  0.2411  0.0000  0.0790  1
158:   0.0000  0.0000  1.0000  0.0000  1
159:   0.7253  0.2747  0.0000  0.0000  1
160:   0.0000  0.0000  1.0000  0.0000  1
161:   1.0000  0.0000  0.0000  0.0000  1
162:   0.3355  0.0000  0.0000  0.6645  1
163:   0.5919  0.1439  0.0212  0.2429  1
164:   0.8025  0.0000  0.0000  0.1975  1
165:   0.8991  0.1009  0.0000  0.0000  1
166:   1.0000  0.0000  0.0000  0.0000  1
167:   0.5608  0.0000  0.0969  0.3422  1
168:   0.7641  0.0000  0.0000  0.2359  1
169:   1.0000  0.0000  0.0000  0.0000  1
170:   1.0000  0.0000  0.0000  0.0000  1
171:   1.0000  0.0000  0.0000  0.0000  1
172:   0.0000  0.0000  0.5928  0.4072  1
173:   0.0000  0.0000  0.0000  1.0000  1
174:   0.7955  0.0000  0.2045  0.0000  1
175:   0.0000  0.0000  0.0000  1.0000  1
176:   0.0000  0.0000  0.0000  1.0000  1
177:   0.0000  0.0000  0.0000  1.0000  1
178:   0.0000  0.0000  0.0000  1.0000  1
179:   0.0000  0.0000  0.0000  1.0000  1
180:   0.0000  0.0000  0.0000  1.0000  1
181:   0.7313  0.2687  0.0000  0.0000  1

  1:   0.5383  0.0881  0.3736  0.0000  1
  2:   0.0000  1.0000  0.0000  0.0000  1
  3:   0.0000  0.5751  0.4249  0.0000  1
  4:   0.0317  0.9683  0.0000  0.0000  1
  5:   0.0717  0.8072  0.0000  0.1212  1
  6:   0.0000  0.7381  0.2619  0.0000  1
  7:   1.0000  0.0000  0.0000  0.0000  1
  8:   0.0000  0.0000  0.4343  0.5657  1
  9:   0.0000  0.8807  0.0000  0.1193  1
 10:   0.0000  0.0000  0.6547  0.3453  1
 11:   0.0000  0.0000  0.1736  0.8264  1
 12:   0.0003  0.5992  0.4004  0.0000  1
 13:   0.0000  0.5597  0.4403  0.0000  1
 14:   0.0000  0.6993  0.3007  0.0000  1
 15:   0.0000  0.8805  0.0000  0.1195  1
 16:   0.0000  0.4126  0.4479  0.1395  1
 17:   0.0000  1.0000  0.0000  0.0000  1
 18:   0.0000  0.7563  0.2437  0.0000  1
 19:   0.0000  0.7854  0.0000  0.2146  1
 20:   0.2276  0.5484  0.2240  0.0000  1
 21:   0.0708  0.9292  0.0000  0.0000  1
 22:   0.5767  0.4233  0.0000  0.0000  1
 23:   0.0000  0.3093  0.6907  0.0000  1
 24:   0.0000  0.6817  0.0000  0.3183  1
 25:   0.0000  1.0000  0.0000  0.0000  1
 26:   0.7224  0.0000  0.2776  0.0000  1
 27:   0.0000  0.0000  1.0000  0.0000  1
 28:   0.1911  0.2792  0.0000  0.5297  1
 29:   0.2912  0.4335  0.2330  0.0423  1
 30:   0.0000  0.5859  0.0000  0.4141  1
 31:   0.1408  0.7453  0.0000  0.1139  1
 32:   0.1653  0.6490  0.1856  0.0000  1
 33:   0.0000  0.4999  0.3606  0.1395  1
 34:   0.0000  0.3045  0.6955  0.0000  1
 35:   0.0000  0.9471  0.0000  0.0529  1
 36:   0.0000  1.0000  0.0000  0.0000  1
 37:   0.0000  0.6398  0.3602  0.0000  1
 38:   0.0249  0.8482  0.0000  0.1269  1
 39:   0.0000  0.4270  0.0000  0.5730  1
 40:   0.0000  0.0000  0.0000  1.0000  1
 41:   0.0000  0.9128  0.0871  0.0001  1
 42:   0.0000  0.4578  0.3777  0.1645  1
 43:   0.0000  0.0000  0.0000  1.0000  1
 44:   0.0000  0.0000  0.4896  0.5104  1
 45:   0.0000  0.0000  0.0000  1.0000  1
 46:   0.0000  0.0000  0.8659  0.1341  1
 47:   0.0000  1.0000  0.0000  0.0000  1
 48:   0.7227  0.2773  0.0000  0.0000  1
 49:   0.0000  0.0000  0.0000  1.0000  1
 50:   0.0000  0.0000  0.0000  1.0000  1
 51:   0.3999  0.0000  0.2410  0.3592  1
 52:   0.3547  0.0000  0.3036  0.3417  1
 53:   0.3172  0.0000  0.4521  0.2306  1
 54:   0.0000  0.0000  0.0000  1.0000  1
 55:   0.0000  0.0000  0.5557  0.4443  1
 56:   0.0000  0.0000  0.3720  0.6280  1
 57:   0.0000  0.6915  0.3085  0.0000  1
 58:   1.0000  0.0000  0.0000  0.0000  1
 59:   0.7887  0.0000  0.0000  0.2113  1
 60:   1.0000  0.0000  0.0000  0.0000  1
 61:   1.0000  0.0000  0.0000  0.0000  1
 62:   0.4059  0.0000  0.0000  0.5941  1
 63:   0.5779  0.0000  0.0000  0.4221  1
 64:   0.6625  0.0000  0.0000  0.3375  1
 65:   0.0000  0.0000  1.0000  0.0000  1
 66:   0.0000  0.6979  0.0000  0.3021  1
 67:   0.7995  0.2005  0.0000  0.0000  1
 68:   0.2865  0.0000  0.0000  0.7135  1
 69:   0.0000  0.7555  0.2445  0.0000  1
 70:   0.0208  0.7342  0.2451  0.0000  1
 71:   0.2422  0.0000  0.0000  0.7578  1
 72:   0.3262  0.0000  0.0000  0.6738  1
 73:   0.7117  0.0000  0.0000  0.2883  1
 74:   0.5359  0.0000  0.0000  0.4641  1
 75:   0.5699  0.0000  0.0000  0.4301  1
 76:   0.3952  0.0000  0.0000  0.6048  1
 77:   0.3215  0.0000  0.0000  0.6785  1
 78:   0.2543  0.0000  0.0000  0.7457  1
 79:   0.6430  0.0000  0.0000  0.3570  1
 80:   0.0000  0.3016  0.6984  0.0000  1
 81:   0.7257  0.0000  0.0000  0.2743  1
 82:   1.0000  0.0000  0.0000  0.0000  1
 83:   0.0000  0.0000  0.0000  1.0000  1
 84:   1.0000  0.0000  0.0000  0.0000  1
 85:   0.2196  0.0000  0.1896  0.5908  1
 86:   1.0000  0.0000  0.0000  0.0000  1
 87:   1.0000  0.0000  0.0000  0.0000  1
 88:   0.0826  0.7979  0.0000  0.1196  1
 89:   0.6095  0.0000  0.0000  0.3905  1
 90:   0.4373  0.5627  0.0000  0.0000  1
 91:   0.0000  0.0000  0.0000  1.0000  1
 92:   0.2288  0.0000  0.0000  0.7712  1
 93:   0.4706  0.0000  0.0000  0.5294  1
 94:   0.3140  0.0000  0.1453  0.5407  1
 95:   0.4395  0.0000  0.0000  0.5605  1
 96:   0.7360  0.0000  0.0000  0.2640  1
 97:   0.2173  0.0000  0.0000  0.7827  1
 98:   0.7452  0.0000  0.2548  0.0000  1
 99:   0.5999  0.0000  0.0000  0.4001  1
100:   0.6327  0.0000  0.0000  0.3673  1
101:   0.1406  0.0000  0.3288  0.5306  1
102:   0.0000  0.7663  0.2337  0.0000  1
103:   0.0000  0.3477  0.6523  0.0000  1
104:   0.0000  1.0000  0.0000  0.0000  1
105:   0.0000  1.0000  0.0000  0.0000  1
106:   0.0000  0.7357  0.2265  0.0378  1
107:   0.0000  1.0000  0.0000  0.0000  1
108:   0.0000  0.9967  0.0000  0.0033  1
109:   0.0000  1.0000  0.0000  0.0000  1
110:   0.0000  0.8462  0.0340  0.1198  1
111:   0.0000  1.0000  0.0000  0.0000  1
112:   0.0000  0.8581  0.0000  0.1419  1
113:   0.0000  1.0000  0.0000  0.0000  1
114:   0.0000  0.8134  0.1866  0.0000  1
115:   0.0000  1.0000  0.0000  0.0000  1
116:   0.0575  0.9425  0.0000  0.0000  1
117:   0.0336  0.9664  0.0000  0.0000  1
118:   0.0000  0.4072  0.1669  0.4259  1
119:   0.0000  0.8683  0.0000  0.1317  1
120:   0.0000  1.0000  0.0000  0.0000  1
121:   0.0000  0.6824  0.0000  0.3176  1
122:   0.0000  0.4807  0.5193  0.0000  1
123:   0.0000  0.0000  1.0000  0.0000  1
124:   0.1679  0.6055  0.2266  0.0000  1
125:   0.0065  0.7875  0.2060  0.0000  1
126:   0.0000  0.0000  1.0000  0.0000  1
127:   0.0000  1.0000  0.0000  0.0000  1
128:   0.0000  0.4694  0.5306  0.0000  1
129:   0.0000  0.6947  0.3053  0.0000  1
130:   0.0000  0.3321  0.6679  0.0000  1
131:   0.0000  0.0000  0.2745  0.7255  1
132:   0.5635  0.0000  0.4365  0.0000  1
133:   1.0000  0.0000  0.0000  0.0000  1
134:   0.5788  0.0000  0.4212  0.0000  1
135:   0.6903  0.0000  0.0000  0.3097  1
136:   0.3600  0.0000  0.1439  0.4961  1
137:   0.7115  0.0000  0.0000  0.2885  1
138:   0.0200  0.0000  0.1020  0.8780  1
139:   0.0000  0.0000  0.0000  1.0000  1
140:   0.0713  0.0000  0.3010  0.6277  1
141:   0.7341  0.0000  0.0000  0.2659  1
142:   0.0000  0.1749  0.0000  0.8251  1
143:   0.9155  0.0000  0.0845  0.0000  1
144:   0.0000  0.0000  1.0000  0.0000  1
145:   0.2832  0.0000  0.0000  0.7168  1
146:   0.0000  0.0000  1.0000  0.0000  1
147:   0.4543  0.0000  0.0000  0.5457  1
148:   0.8611  0.0000  0.1389  0.0000  1
149:   1.0000  0.0000  0.0000  0.0000  1
150:   0.7263  0.2737  0.0000  0.0000  1
151:   0.0000  0.0000  0.6254  0.3746  1
152:   0.0000  0.0000  0.5044  0.4956  1
153:   0.0000  0.0000  0.0000  1.0000  1
154:   0.3902  0.0000  0.0000  0.6098  1
155:   0.0000  0.0000  0.0000  1.0000  1
156:   0.0000  0.0000  0.1680  0.8320  1
157:   0.3468  0.0980  0.0000  0.5552  1
158:   0.5301  0.0000  0.4699  0.0000  1
159:   0.1610  0.2938  0.3468  0.1985  1
160:   0.0000  0.0000  1.0000  0.0000  1
161:   1.0000  0.0000  0.0000  0.0000  1
162:   0.0000  0.0000  0.0000  1.0000  1
163:   0.2688  0.0000  0.2817  0.4494  1
164:   0.4606  0.0000  0.4481  0.0913  1
165:   0.8569  0.1431  0.0000  0.0000  1
166:   0.3514  0.0000  0.2846  0.3639  1
167:   0.7332  0.0000  0.0000  0.2668  1
168:   0.0000  0.0000  0.0000  1.0000  1
169:   0.8021  0.0000  0.1979  0.0000  1
170:   0.3187  0.0000  0.6813  0.0000  1
171:   0.0000  0.0000  0.3418  0.6582  1
172:   0.7570  0.0000  0.2430  0.0000  1
173:   0.0000  0.0000  0.0000  1.0000  1
174:   0.2054  0.0000  0.1903  0.6043  1
175:   0.0000  0.0000  0.0000  1.0000  1
176:   0.0000  0.0000  0.0000  1.0000  1
177:   0.0000  0.0000  0.5854  0.4146  1
178:   0.0000  0.0000  0.2763  0.7237  1
179:   0.0000  0.0000  1.0000  0.0000  1
180:   0.0000  0.0000  0.0000  1.0000  1
181:   0.0000  0.0000  1.0000  0.0000  1

  1:   0.0000  0.2905  0.3134  0.3960  1
  2:   0.2460  0.7540  0.0000  0.0000  1
  3:   0.0000  0.8484  0.1516  0.0000  1
  4:   0.0000  0.9142  0.0858  0.0000  1
  5:   0.0497  0.7473  0.2031  0.0000  1
  6:   0.0553  0.9447  0.0000  0.0000  1
  7:   0.0000  0.0000  0.0000  1.0000  1
  8:   0.5529  0.0000  0.0000  0.4471  1
  9:   0.0507  0.8946  0.0547  0.0000  1
 10:   0.4615  0.0000  0.0000  0.5385  1
 11:   0.0000  0.0000  0.1959  0.8041  1
 12:   0.2024  0.7976  0.0000  0.0000  1
 13:   0.4762  0.5238  0.0000  0.0000  1
 14:   0.0000  1.0000  0.0000  0.0000  1
 15:   0.0000  0.8356  0.1644  0.0000  1
 16:   0.0000  0.5449  0.2925  0.1626  1
 17:   0.0136  0.9864  0.0000  0.0000  1
 18:   0.1208  0.8792  0.0000  0.0000  1
 19:   0.2228  0.7772  0.0000  0.0000  1
 20:   0.0000  0.7003  0.0906  0.2091  1
 21:   0.0000  0.7450  0.0000  0.2550  1
 22:   0.5953  0.4047  0.0000  0.0000  1
 23:   0.0000  0.0000  0.7375  0.2625  1
 24:   0.0000  0.6691  0.0158  0.3151  1
 25:   0.0000  1.0000  0.0000  0.0000  1
 26:   0.3555  0.0000  0.0000  0.6445  1
 27:   0.0000  0.2930  0.0000  0.7070  1
 28:   0.2253  0.2863  0.0922  0.3962  1
 29:   0.0000  0.4252  0.3300  0.2448  1
 30:   0.0000  0.6579  0.0000  0.3421  1
 31:   0.0000  0.5880  0.0000  0.4120  1
 32:   0.3510  0.6490  0.0000  0.0000  1
 33:   0.0000  0.5829  0.0000  0.4171  1
 34:   0.3295  0.6705  0.0000  0.0000  1
 35:   0.1026  0.8974  0.0000  0.0000  1
 36:   0.0000  1.0000  0.0000  0.0000  1
 37:   0.0000  1.0000  0.0000  0.0000  1
 38:   0.0001  0.6773  0.0000  0.3226  1
 39:   0.0000  0.4180  0.3235  0.2585  1
 40:   0.0000  1.0000  0.0000  0.0000  1
 41:   0.0873  0.9127  0.0000  0.0000  1
 42:   0.3212  0.6788  0.0000  0.0000  1
 43:   0.0000  0.0000  0.0000  1.0000  1
 44:   0.0000  0.0000  0.0000  1.0000  1
 45:   0.1680  0.0000  0.0001  0.8319  1
 46:   0.0000  0.0000  0.0000  1.0000  1
 47:   0.0000  0.6311  0.0000  0.3688  1
 48:   0.0000  0.0000  0.8590  0.1410  1
 49:   0.5502  0.0000  0.0000  0.4498  1
 50:   0.2037  0.0000  0.0000  0.7963  1
 51:   0.3470  0.0000  0.0000  0.6530  1
 52:   0.0000  0.0000  0.0000  1.0000  1
 53:   0.0000  0.0000  0.0000  1.0000  1
 54:   0.0000  0.0000  0.0000  1.0000  1
 55:   0.0000  0.0000  0.0000  1.0000  1
 56:   0.7660  0.0000  0.0000  0.2340  1
 57:   0.0000  0.0000  0.7559  0.2441  1
 58:   0.6303  0.0000  0.3697  0.0000  1
 59:   0.1308  0.0000  0.2386  0.6306  1
 60:   1.0000  0.0000  0.0000  0.0000  1
 61:   0.2817  0.0000  0.7183  0.0000  1
 62:   0.3905  0.0000  0.6095  0.0000  1
 63:   0.2999  0.0000  0.4999  0.2002  1
 64:   0.5154  0.0000  0.4846  0.0000  1
 65:   0.3762  0.5859  0.0380  0.0000  1
 66:   0.0000  1.0000  0.0000  0.0000  1
 67:   0.0000  0.1910  0.8090  0.0000  1
 68:   0.6628  0.0000  0.3372  0.0000  1
 69:   0.1673  0.8327  0.0000  0.0000  1
 70:   0.2214  0.7786  0.0000  0.0000  1
 71:   0.1223  0.0000  0.8777  0.0000  1
 72:   0.0000  0.0000  0.0000  1.0000  1
 73:   0.2032  0.0000  0.7968  0.0000  1
 74:   0.0000  0.0000  1.0000  0.0000  1
 75:   0.3610  0.0000  0.4985  0.1405  1
 76:   0.0845  0.0000  0.7134  0.2021  1
 77:   0.0000  0.0000  0.9003  0.0997  1
 78:   0.0000  0.0000  1.0000  0.0000  1
 79:   0.6120  0.0000  0.1863  0.2017  1
 80:   0.1164  0.4484  0.0000  0.4352  1
 81:   0.2323  0.0000  0.7677  0.0000  1
 82:   0.9581  0.0000  0.0419  0.0000  1
 83:   1.0000  0.0000  0.0000  0.0000  1
 84:   0.0000  0.0000  1.0000  0.0000  1
 85:   0.2989  0.0000  0.1097  0.5914  1
 86:   0.1455  0.0000  0.8545  0.0000  1
 87:   0.0000  0.0000  1.0000  0.0000  1
 88:   0.0000  0.7179  0.2821  0.0000  1
 89:   0.2703  0.0000  0.4474  0.2823  1
 90:   0.1214  0.6863  0.0000  0.1923  1
 91:   0.0000  0.0000  0.6727  0.3273  1
 92:   0.0000  0.0000  1.0000  0.0000  1
 93:   0.0892  0.0000  0.9108  0.0000  1
 94:   0.5278  0.0000  0.4722  0.0000  1
 95:   0.0000  0.0000  1.0000  0.0000  1
 96:   0.4270  0.0000  0.0643  0.5087  1
 97:   0.0000  0.0000  0.9141  0.0859  1
 98:   1.0000  0.0000  0.0000  0.0000  1
 99:   0.4203  0.0000  0.4005  0.1792  1
100:   0.5384  0.0000  0.4616  0.0000  1
101:   0.4073  0.0000  0.0000  0.5927  1
102:   0.1578  0.8422  0.0000  0.0000  1
103:   0.5306  0.4687  0.0000  0.0008  1
104:   0.0000  1.0000  0.0000  0.0000  1
105:   0.0000  1.0000  0.0000  0.0000  1
106:   0.0000  0.7993  0.2007  0.0000  1
107:   0.1208  0.8792  0.0000  0.0000  1
108:   0.0000  1.0000  0.0000  0.0000  1
109:   0.0000  1.0000  0.0000  0.0000  1
110:   0.0000  0.8463  0.1537  0.0000  1
111:   0.0000  1.0000  0.0000  0.0000  1
112:   0.1435  0.8565  0.0000  0.0000  1
113:   0.0000  1.0000  0.0000  0.0000  1
114:   0.0000  0.8488  0.1512  0.0000  1
115:   0.0000  0.9735  0.0265  0.0000  1
116:   0.0000  1.0000  0.0000  0.0000  1
117:   0.0000  1.0000  0.0000  0.0000  1
118:   0.2762  0.5000  0.0379  0.1859  1
119:   0.0502  0.8969  0.0528  0.0000  1
120:   0.0000  1.0000  0.0000  0.0000  1
121:   0.0000  0.6885  0.3115  0.0000  1
122:   0.2551  0.7449  0.0000  0.0000  1
123:   0.5122  0.4878  0.0000  0.0000  1
124:   0.0385  0.7636  0.1980  0.0000  1
125:   0.1047  0.8953  0.0000  0.0000  1
126:   0.2591  0.7409  0.0000  0.0000  1
127:   0.0000  1.0000  0.0000  0.0000  1
128:   0.0000  0.7902  0.2097  0.0001  1
129:   0.0000  0.9585  0.0415  0.0000  1
130:   0.2847  0.7153  0.0000  0.0000  1
131:   0.0000  0.0000  0.0000  1.0000  1
132:   1.0000  0.0000  0.0000  0.0000  1
133:   0.8780  0.0000  0.1220  0.0000  1
134:   1.0000  0.0000  0.0000  0.0000  1
135:   0.6980  0.0000  0.3020  0.0000  1
136:   0.5195  0.0000  0.4805  0.0000  1
137:   0.0000  0.0000  1.0000  0.0000  1
138:   0.0000  0.0000  0.0000  1.0000  1
139:   0.0000  0.0000  0.0000  1.0000  1
140:   0.5614  0.0000  0.0000  0.4386  1
141:   0.2278  0.0000  0.7722  0.0000  1
142:   0.4781  0.3906  0.0020  0.1293  1
143:   0.0000  0.0000  1.0000  0.0000  1
144:   1.0000  0.0000  0.0000  0.0000  1
145:   1.0000  0.0000  0.0000  0.0000  1
146:   0.0000  0.0000  0.0000  1.0000  1
147:   0.0000  0.0000  0.8651  0.1349  1
148:   1.0000  0.0000  0.0000  0.0000  1
149:   0.1768  0.0000  0.8232  0.0000  1
150:   0.4760  0.2553  0.2687  0.0000  1
151:   0.4828  0.0000  0.0582  0.4590  1
152:   0.5253  0.0000  0.4747  0.0000  1
153:   0.0000  0.0000  1.0000  0.0000  1
154:   0.6060  0.0000  0.3940  0.0000  1
155:   0.4636  0.0000  0.0000  0.5364  1
156:   0.0000  0.1467  0.7281  0.1252  1
157:   0.4327  0.0012  0.4144  0.1517  1
158:   0.0000  0.0000  0.2189  0.7811  1
159:   0.7899  0.2101  0.0000  0.0000  1
160:   1.0000  0.0000  0.0000  0.0000  1
161:   1.0000  0.0000  0.0000  0.0000  1
162:   0.0000  0.0000  0.9959  0.0041  1
163:   0.5642  0.0387  0.2208  0.1764  1
164:   0.7585  0.0000  0.2415  0.0000  1
165:   0.4513  0.1236  0.4251  0.0000  1
166:   1.0000  0.0000  0.0000  0.0000  1
167:   0.2783  0.0000  0.7217  0.0000  1
168:   0.7080  0.0000  0.1578  0.1342  1
169:   0.6041  0.0000  0.3959  0.0000  1
170:   1.0000  0.0000  0.0000  0.0000  1
171:   1.0000  0.0000  0.0000  0.0000  1
172:   1.0000  0.0000  0.0000  0.0000  1
173:   0.0000  0.0000  0.5208  0.4792  1
174:   0.6409  0.0000  0.3591  0.0000  1
175:   0.0000  0.0000  0.0000  1.0000  1
176:   0.2443  0.0000  0.0000  0.7557  1
177:   0.0000  0.0000  0.0000  1.0000  1
178:   0.0000  0.0000  0.0000  1.0000  1
179:   0.0000  0.0000  0.0000  1.0000  1
180:   0.0000  0.0000  0.0000  1.0000  1
181:   0.0000  1.0000  0.0000  0.0000  1

  1:   0.0000  0.2905  0.3134  0.3960  1
  2:   0.2460  0.7540  0.0000  0.0000  1
  3:   0.0000  0.8484  0.1516  0.0000  1
  4:   0.0000  0.9142  0.0858  0.0000  1
  5:   0.0497  0.7473  0.2031  0.0000  1
  6:   0.0553  0.9447  0.0000  0.0000  1
  7:   0.0000  0.0000  0.0000  1.0000  1
  8:   0.5529  0.0000  0.0000  0.4471  1
  9:   0.0507  0.8946  0.0547  0.0000  1
 10:   0.4615  0.0000  0.0000  0.5385  1
 11:   0.0000  0.0000  0.1959  0.8041  1
 12:   0.2024  0.7976  0.0000  0.0000  1
 13:   0.4762  0.5238  0.0000  0.0000  1
 14:   0.0000  1.0000  0.0000  0.0000  1
 15:   0.0000  0.8356  0.1644  0.0000  1
 16:   0.0000  0.5449  0.2925  0.1626  1
 17:   0.0136  0.9864  0.0000  0.0000  1
 18:   0.1208  0.8792  0.0000  0.0000  1
 19:   0.2228  0.7772  0.0000  0.0000  1
 20:   0.0000  0.7003  0.0906  0.2091  1
 21:   0.0000  0.7450  0.0000  0.2550  1
 22:   0.5953  0.4047  0.0000  0.0000  1
 23:   0.0000  0.0000  0.7375  0.2625  1
 24:   0.0000  0.6691  0.0158  0.3151  1
 25:   0.0000  1.0000  0.0000  0.0000  1
 26:   0.3555  0.0000  0.0000  0.6445  1
 27:   0.0000  0.2930  0.0000  0.7070  1
 28:   0.2253  0.2863  0.0922  0.3962  1
 29:   0.0000  0.4252  0.3300  0.2448  1
 30:   0.0000  0.6579  0.0000  0.3421  1
 31:   0.0000  0.5880  0.0000  0.4120  1
 32:   0.3510  0.6490  0.0000  0.0000  1
 33:   0.0000  0.5829  0.0000  0.4171  1
 34:   0.3295  0.6705  0.0000  0.0000  1
 35:   0.1026  0.8974  0.0000  0.0000  1
 36:   0.0000  1.0000  0.0000  0.0000  1
 37:   0.0000  1.0000  0.0000  0.0000  1
 38:   0.0001  0.6773  0.0000  0.3226  1
 39:   0.0000  0.4180  0.3235  0.2585  1
 40:   0.0000  1.0000  0.0000  0.0000  1
 41:   0.0873  0.9127  0.0000  0.0000  1
 42:   0.3212  0.6788  0.0000  0.0000  1
 43:   0.0000  0.0000  0.0000  1.0000  1
 44:   0.0000  0.0000  0.0000  1.0000  1
 45:   0.1680  0.0000  0.0001  0.8319  1
 46:   0.0000  0.0000  0.0000  1.0000  1
 47:   0.0000  0.6311  0.0000  0.3688  1
 48:   0.0000  0.0000  0.8590  0.1410  1
 49:   0.5502  0.0000  0.0000  0.4498  1
 50:   0.2037  0.0000  0.0000  0.7963  1
 51:   0.3470  0.0000  0.0000  0.6530  1
 52:   0.0000  0.0000  0.0000  1.0000  1
 53:   0.0000  0.0000  0.0000  1.0000  1
 54:   0.0000  0.0000  0.0000  1.0000  1
 55:   0.0000  0.0000  0.0000  1.0000  1
 56:   0.7660  0.0000  0.0000  0.2340  1
 57:   0.0000  0.0000  0.7559  0.2441  1
 58:   0.6303  0.0000  0.3697  0.0000  1
 59:   0.1308  0.0000  0.2386  0.6306  1
 60:   1.0000  0.0000  0.0000  0.0000  1
 61:   0.2817  0.0000  0.7183  0.0000  1
 62:   0.3905  0.0000  0.6095  0.0000  1
 63:   0.2999  0.0000  0.4999  0.2002  1
 64:   0.5154  0.0000  0.4846  0.0000  1
 65:   0.3762  0.5859  0.0380  0.0000  1
 66:   0.0000  1.0000  0.0000  0.0000  1
 67:   0.0000  0.1910  0.8090  0.0000  1
 68:   0.6628  0.0000  0.3372  0.0000  1
 69:   0.1673  0.8327  0.0000  0.0000  1
 70:   0.2214  0.7786  0.0000  0.0000  1
 71:   0.1223  0.0000  0.8777  0.0000  1
 72:   0.0000  0.0000  0.0000  1.0000  1
 73:   0.2032  0.0000  0.7968  0.0000  1
 74:   0.0000  0.0000  1.0000  0.0000  1
 75:   0.3610  0.0000  0.4985  0.1405  1
 76:   0.0845  0.0000  0.7134  0.2021  1
 77:   0.0000  0.0000  0.9003  0.0997  1
 78:   0.0000  0.0000  1.0000  0.0000  1
 79:   0.6120  0.0000  0.1863  0.2017  1
 80:   0.1164  0.4484  0.0000  0.4352  1
 81:   0.2323  0.0000  0.7677  0.0000  1
 82:   0.9581  0.0000  0.0419  0.0000  1
 83:   1.0000  0.0000  0.0000  0.0000  1
 84:   0.0000  0.0000  1.0000  0.0000  1
 85:   0.2989  0.0000  0.1097  0.5914  1
 86:   0.1455  0.0000  0.8545  0.0000  1
 87:   0.0000  0.0000  1.0000  0.0000  1
 88:   0.0000  0.7179  0.2821  0.0000  1
 89:   0.2703  0.0000  0.4474  0.2823  1
 90:   0.1214  0.6863  0.0000  0.1923  1
 91:   0.0000  0.0000  0.6727  0.3273  1
 92:   0.0000  0.0000  1.0000  0.0000  1
 93:   0.0892  0.0000  0.9108  0.0000  1
 94:   0.5278  0.0000  0.4722  0.0000  1
 95:   0.0000  0.0000  1.0000  0.0000  1
 96:   0.4270  0.0000  0.0643  0.5087  1
 97:   0.0000  0.0000  0.9141  0.0859  1
 98:   1.0000  0.0000  0.0000  0.0000  1
 99:   0.4203  0.0000  0.4005  0.1792  1
100:   0.5384  0.0000  0.4616  0.0000  1
101:   0.4073  0.0000  0.0000  0.5927  1
102:   0.1578  0.8422  0.0000  0.0000  1
103:   0.5306  0.4687  0.0000  0.0008  1
104:   0.0000  1.0000  0.0000  0.0000  1
105:   0.0000  1.0000  0.0000  0.0000  1
106:   0.0000  0.7993  0.2007  0.0000  1
107:   0.1208  0.8792  0.0000  0.0000  1
108:   0.0000  1.0000  0.0000  0.0000  1
109:   0.0000  1.0000  0.0000  0.0000  1
110:   0.0000  0.8463  0.1537  0.0000  1
111:   0.0000  1.0000  0.0000  0.0000  1
112:   0.1435  0.8565  0.0000  0.0000  1
113:   0.0000  1.0000  0.0000  0.0000  1
114:   0.0000  0.8488  0.1512  0.0000  1
115:   0.0000  0.9735  0.0265  0.0000  1
116:   0.0000  1.0000  0.0000  0.0000  1
117:   0.0000  1.0000  0.0000  0.0000  1
118:   0.2762  0.5000  0.0379  0.1859  1
119:   0.0502  0.8969  0.0528  0.0000  1
120:   0.0000  1.0000  0.0000  0.0000  1
121:   0.0000  0.6885  0.3115  0.0000  1
122:   0.2551  0.7449  0.0000  0.0000  1
123:   0.5122  0.4878  0.0000  0.0000  1
124:   0.0385  0.7636  0.1980  0.0000  1
125:   0.1047  0.8953  0.0000  0.0000  1
126:   0.2591  0.7409  0.0000  0.0000  1
127:   0.0000  1.0000  0.0000  0.0000  1
128:   0.0000  0.7902  0.2097  0.0001  1
129:   0.0000  0.9585  0.0415  0.0000  1
130:   0.2847  0.7153  0.0000  0.0000  1
131:   0.0000  0.0000  0.0000  1.0000  1
132:   1.0000  0.0000  0.0000  0.0000  1
133:   0.8780  0.0000  0.1220  0.0000  1
134:   1.0000  0.0000  0.0000  0.0000  1
135:   0.6980  0.0000  0.3020  0.0000  1
136:   0.5195  0.0000  0.4805  0.0000  1
137:   0.0000  0.0000  1.0000  0.0000  1
138:   0.0000  0.0000  0.0000  1.0000  1
139:   0.0000  0.0000  0.0000  1.0000  1
140:   0.5614  0.0000  0.0000  0.4386  1
141:   0.2278  0.0000  0.7722  0.0000  1
142:   0.4781  0.3906  0.0020  0.1293  1
143:   0.0000  0.0000  1.0000  0.0000  1
144:   1.0000  0.0000  0.0000  0.0000  1
145:   1.0000  0.0000  0.0000  0.0000  1
146:   0.0000  0.0000  0.0000  1.0000  1
147:   0.0000  0.0000  0.8651  0.1349  1
148:   1.0000  0.0000  0.0000  0.0000  1
149:   0.1768  0.0000  0.8232  0.0000  1
150:   0.4760  0.2553  0.2687  0.0000  1
151:   0.4828  0.0000  0.0582  0.4590  1
152:   0.5253  0.0000  0.4747  0.0000  1
153:   0.0000  0.0000  1.0000  0.0000  1
154:   0.6060  0.0000  0.3940  0.0000  1
155:   0.4636  0.0000  0.0000  0.5364  1
156:   0.0000  0.1467  0.7281  0.1252  1
157:   0.4327  0.0012  0.4144  0.1517  1
158:   0.0000  0.0000  0.2189  0.7811  1
159:   0.7899  0.2101  0.0000  0.0000  1
160:   1.0000  0.0000  0.0000  0.0000  1
161:   1.0000  0.0000  0.0000  0.0000  1
162:   0.0000  0.0000  0.9959  0.0041  1
163:   0.5642  0.0387  0.2208  0.1764  1
164:   0.7585  0.0000  0.2415  0.0000  1
165:   0.4513  0.1236  0.4251  0.0000  1
166:   1.0000  0.0000  0.0000  0.0000  1
167:   0.2783  0.0000  0.7217  0.0000  1
168:   0.7080  0.0000  0.1578  0.1342  1
169:   0.6041  0.0000  0.3959  0.0000  1
170:   1.0000  0.0000  0.0000  0.0000  1
171:   1.0000  0.0000  0.0000  0.0000  1
172:   1.0000  0.0000  0.0000  0.0000  1
173:   0.0000  0.0000  0.5208  0.4792  1
174:   0.6409  0.0000  0.3591  0.0000  1
175:   0.0000  0.0000  0.0000  1.0000  1
176:   0.2443  0.0000  0.0000  0.7557  1
177:   0.0000  0.0000  0.0000  1.0000  1
178:   0.0000  0.0000  0.0000  1.0000  1
179:   0.0000  0.0000  0.0000  1.0000  1
180:   0.0000  0.0000  0.0000  1.0000  1
181:   0.0000  1.0000  0.0000  0.0000  1

  1:   0.0000  0.2905  0.3134  0.3960  1
  2:   0.2460  0.7540  0.0000  0.0000  1
  3:   0.0000  0.8484  0.1516  0.0000  1
  4:   0.0000  0.9142  0.0858  0.0000  1
  5:   0.0497  0.7473  0.2031  0.0000  1
  6:   0.0553  0.9447  0.0000  0.0000  1
  7:   0.0000  0.0000  0.0000  1.0000  1
  8:   0.5529  0.0000  0.0000  0.4471  1
  9:   0.0507  0.8946  0.0547  0.0000  1
 10:   0.4615  0.0000  0.0000  0.5385  1
 11:   0.0000  0.0000  0.1959  0.8041  1
 12:   0.2024  0.7976  0.0000  0.0000  1
 13:   0.4762  0.5238  0.0000  0.0000  1
 14:   0.0000  1.0000  0.0000  0.0000  1
 15:   0.0000  0.8356  0.1644  0.0000  1
 16:   0.0000  0.5449  0.2925  0.1626  1
 17:   0.0136  0.9864  0.0000  0.0000  1
 18:   0.1208  0.8792  0.0000  0.0000  1
 19:   0.2228  0.7772  0.0000  0.0000  1
 20:   0.0000  0.7003  0.0906  0.2091  1
 21:   0.0000  0.7450  0.0000  0.2550  1
 22:   0.5953  0.4047  0.0000  0.0000  1
 23:   0.0000  0.0000  0.7375  0.2625  1
 24:   0.0000  0.6691  0.0158  0.3151  1
 25:   0.0000  1.0000  0.0000  0.0000  1
 26:   0.3555  0.0000  0.0000  0.6445  1
 27:   0.0000  0.2930  0.0000  0.7070  1
 28:   0.2253  0.2863  0.0922  0.3962  1
 29:   0.0000  0.4252  0.3300  0.2448  1
 30:   0.0000  0.6579  0.0000  0.3421  1
 31:   0.0000  0.5880  0.0000  0.4120  1
 32:   0.3510  0.6490  0.0000  0.0000  1
 33:   0.0000  0.5829  0.0000  0.4171  1
 34:   0.3295  0.6705  0.0000  0.0000  1
 35:   0.1026  0.8974  0.0000  0.0000  1
 36:   0.0000  1.0000  0.0000  0.0000  1
 37:   0.0000  1.0000  0.0000  0.0000  1
 38:   0.0001  0.6773  0.0000  0.3226  1
 39:   0.0000  0.4180  0.3235  0.2585  1
 40:   0.0000  1.0000  0.0000  0.0000  1
 41:   0.0873  0.9127  0.0000  0.0000  1
 42:   0.3212  0.6788  0.0000  0.0000  1
 43:   0.0000  0.0000  0.0000  1.0000  1
 44:   0.0000  0.0000  0.0000  1.0000  1
 45:   0.1680  0.0000  0.0001  0.8319  1
 46:   0.0000  0.0000  0.0000  1.0000  1
 47:   0.0000  0.6311  0.0000  0.3688  1
 48:   0.0000  0.0000  0.8590  0.1410  1
 49:   0.5502  0.0000  0.0000  0.4498  1
 50:   0.2037  0.0000  0.0000  0.7963  1
 51:   0.3470  0.0000  0.0000  0.6530  1
 52:   0.0000  0.0000  0.0000  1.0000  1
 53:   0.0000  0.0000  0.0000  1.0000  1
 54:   0.0000  0.0000  0.0000  1.0000  1
 55:   0.0000  0.0000  0.0000  1.0000  1
 56:   0.7660  0.0000  0.0000  0.2340  1
 57:   0.0000  0.0000  0.7559  0.2441  1
 58:   0.6303  0.0000  0.3697  0.0000  1
 59:   0.1308  0.0000  0.2386  0.6306  1
 60:   1.0000  0.0000  0.0000  0.0000  1
 61:   0.2817  0.0000  0.7183  0.0000  1
 62:   0.3905  0.0000  0.6095  0.0000  1
 63:   0.2999  0.0000  0.4999  0.2002  1
 64:   0.5154  0.0000  0.4846  0.0000  1
 65:   0.3762  0.5859  0.0380  0.0000  1
 66:   0.0000  1.0000  0.0000  0.0000  1
 67:   0.0000  0.1910  0.8090  0.0000  1
 68:   0.6628  0.0000  0.3372  0.0000  1
 69:   0.1673  0.8327  0.0000  0.0000  1
 70:   0.2214  0.7786  0.0000  0.0000  1
 71:   0.1223  0.0000  0.8777  0.0000  1
 72:   0.0000  0.0000  0.0000  1.0000  1
 73:   0.2032  0.0000  0.7968  0.0000  1
 74:   0.0000  0.0000  1.0000  0.0000  1
 75:   0.3610  0.0000  0.4985  0.1405  1
 76:   0.0845  0.0000  0.7134  0.2021  1
 77:   0.0000  0.0000  0.9003  0.0997  1
 78:   0.0000  0.0000  1.0000  0.0000  1
 79:   0.6120  0.0000  0.1863  0.2017  1
 80:   0.1164  0.4484  0.0000  0.4352  1
 81:   0.2323  0.0000  0.7677  0.0000  1
 82:   0.9581  0.0000  0.0419  0.0000  1
 83:   1.0000  0.0000  0.0000  0.0000  1
 84:   0.0000  0.0000  1.0000  0.0000  1
 85:   0.2989  0.0000  0.1097  0.5914  1
 86:   0.1455  0.0000  0.8545  0.0000  1
 87:   0.0000  0.0000  1.0000  0.0000  1
 88:   0.0000  0.7179  0.2821  0.0000  1
 89:   0.2703  0.0000  0.4474  0.2823  1
 90:   0.1214  0.6863  0.0000  0.1923  1
 91:   0.0000  0.0000  0.6727  0.3273  1
 92:   0.0000  0.0000  1.0000  0.0000  1
 93:   0.0892  0.0000  0.9108  0.0000  1
 94:   0.5278  0.0000  0.4722  0.0000  1
 95:   0.0000  0.0000  1.0000  0.0000  1
 96:   0.4270  0.0000  0.0643  0.5087  1
 97:   0.0000  0.0000  0.9141  0.0859  1
 98:   1.0000  0.0000  0.0000  0.0000  1
 99:   0.4203  0.0000  0.4005  0.1792  1
100:   0.5384  0.0000  0.4616  0.0000  1
101:   0.4073  0.0000  0.0000  0.5927  1
102:   0.1578  0.8422  0.0000  0.0000  1
103:   0.5306  0.4687  0.0000  0.0008  1
104:   0.0000  1.0000  0.0000  0.0000  1
105:   0.0000  1.0000  0.0000  0.0000  1
106:   0.0000  0.7993  0.2007  0.0000  1
107:   0.1208  0.8792  0.0000  0.0000  1
108:   0.0000  1.0000  0.0000  0.0000  1
109:   0.0000  1.0000  0.0000  0.0000  1
110:   0.0000  0.8463  0.1537  0.0000  1
111:   0.0000  1.0000  0.0000  0.0000  1
112:   0.1435  0.8565  0.0000  0.0000  1
113:   0.0000  1.0000  0.0000  0.0000  1
114:   0.0000  0.8488  0.1512  0.0000  1
115:   0.0000  0.9735  0.0265  0.0000  1
116:   0.0000  1.0000  0.0000  0.0000  1
117:   0.0000  1.0000  0.0000  0.0000  1
118:   0.2762  0.5000  0.0379  0.1859  1
119:   0.0502  0.8969  0.0528  0.0000  1
120:   0.0000  1.0000  0.0000  0.0000  1
121:   0.0000  0.6885  0.3115  0.0000  1
122:   0.2551  0.7449  0.0000  0.0000  1
123:   0.5122  0.4878  0.0000  0.0000  1
124:   0.0385  0.7636  0.1980  0.0000  1
125:   0.1047  0.8953  0.0000  0.0000  1
126:   0.2591  0.7409  0.0000  0.0000  1
127:   0.0000  1.0000  0.0000  0.0000  1
128:   0.0000  0.7902  0.2097  0.0001  1
129:   0.0000  0.9585  0.0415  0.0000  1
130:   0.2847  0.7153  0.0000  0.0000  1
131:   0.0000  0.0000  0.0000  1.0000  1
132:   1.0000  0.0000  0.0000  0.0000  1
133:   0.8780  0.0000  0.1220  0.0000  1
134:   1.0000  0.0000  0.0000  0.0000  1
135:   0.6980  0.0000  0.3020  0.0000  1
136:   0.5195  0.0000  0.4805  0.0000  1
137:   0.0000  0.0000  1.0000  0.0000  1
138:   0.0000  0.0000  0.0000  1.0000  1
139:   0.0000  0.0000  0.0000  1.0000  1
140:   0.5614  0.0000  0.0000  0.4386  1
141:   0.2278  0.0000  0.7722  0.0000  1
142:   0.4781  0.3906  0.0020  0.1293  1
143:   0.0000  0.0000  1.0000  0.0000  1
144:   1.0000  0.0000  0.0000  0.0000  1
145:   1.0000  0.0000  0.0000  0.0000  1
146:   0.0000  0.0000  0.0000  1.0000  1
147:   0.0000  0.0000  0.8651  0.1349  1
148:   1.0000  0.0000  0.0000  0.0000  1
149:   0.1768  0.0000  0.8232  0.0000  1
150:   0.4760  0.2553  0.2687  0.0000  1
151:   0.4828  0.0000  0.0582  0.4590  1
152:   0.5253  0.0000  0.4747  0.0000  1
153:   0.0000  0.0000  1.0000  0.0000  1
154:   0.6060  0.0000  0.3940  0.0000  1
155:   0.4636  0.0000  0.0000  0.5364  1
156:   0.0000  0.1467  0.7281  0.1252  1
157:   0.4327  0.0012  0.4144  0.1517  1
158:   0.0000  0.0000  0.2189  0.7811  1
159:   0.7899  0.2101  0.0000  0.0000  1
160:   1.0000  0.0000  0.0000  0.0000  1
161:   1.0000  0.0000  0.0000  0.0000  1
162:   0.0000  0.0000  0.9959  0.0041  1
163:   0.5642  0.0387  0.2208  0.1764  1
164:   0.7585  0.0000  0.2415  0.0000  1
165:   0.4513  0.1236  0.4251  0.0000  1
166:   1.0000  0.0000  0.0000  0.0000  1
167:   0.2783  0.0000  0.7217  0.0000  1
168:   0.7080  0.0000  0.1578  0.1342  1
169:   0.6041  0.0000  0.3959  0.0000  1
170:   1.0000  0.0000  0.0000  0.0000  1
171:   1.0000  0.0000  0.0000  0.0000  1
172:   1.0000  0.0000  0.0000  0.0000  1
173:   0.0000  0.0000  0.5208  0.4792  1
174:   0.6409  0.0000  0.3591  0.0000  1
175:   0.0000  0.0000  0.0000  1.0000  1
176:   0.2443  0.0000  0.0000  0.7557  1
177:   0.0000  0.0000  0.0000  1.0000  1
178:   0.0000  0.0000  0.0000  1.0000  1
179:   0.0000  0.0000  0.0000  1.0000  1
180:   0.0000  0.0000  0.0000  1.0000  1
181:   0.0000  1.0000  0.0000  0.0000  1

  1:   0.0000  0.2905  0.3134  0.3960  1
  2:   0.2460  0.7540  0.0000  0.0000  1
  3:   0.0000  0.8484  0.1516  0.0000  1
  4:   0.0000  0.9142  0.0858  0.0000  1
  5:   0.0497  0.7473  0.2031  0.0000  1
  6:   0.0553  0.9447  0.0000  0.0000  1
  7:   0.0000  0.0000  0.0000  1.0000  1
  8:   0.5529  0.0000  0.0000  0.4471  1
  9:   0.0507  0.8946  0.0547  0.0000  1
 10:   0.4615  0.0000  0.0000  0.5385  1
 11:   0.0000  0.0000  0.1959  0.8041  1
 12:   0.2024  0.7976  0.0000  0.0000  1
 13:   0.4762  0.5238  0.0000  0.0000  1
 14:   0.0000  1.0000  0.0000  0.0000  1
 15:   0.0000  0.8356  0.1644  0.0000  1
 16:   0.0000  0.5449  0.2925  0.1626  1
 17:   0.0136  0.9864  0.0000  0.0000  1
 18:   0.1208  0.8792  0.0000  0.0000  1
 19:   0.2228  0.7772  0.0000  0.0000  1
 20:   0.0000  0.7003  0.0906  0.2091  1
 21:   0.0000  0.7450  0.0000  0.2550  1
 22:   0.5953  0.4047  0.0000  0.0000  1
 23:   0.0000  0.0000  0.7375  0.2625  1
 24:   0.0000  0.6691  0.0158  0.3151  1
 25:   0.0000  1.0000  0.0000  0.0000  1
 26:   0.3555  0.0000  0.0000  0.6445  1
 27:   0.0000  0.2930  0.0000  0.7070  1
 28:   0.2253  0.2863  0.0922  0.3962  1
 29:   0.0000  0.4252  0.3300  0.2448  1
 30:   0.0000  0.6579  0.0000  0.3421  1
 31:   0.0000  0.5880  0.0000  0.4120  1
 32:   0.3510  0.6490  0.0000  0.0000  1
 33:   0.0000  0.5829  0.0000  0.4171  1
 34:   0.3295  0.6705  0.0000  0.0000  1
 35:   0.1026  0.8974  0.0000  0.0000  1
 36:   0.0000  1.0000  0.0000  0.0000  1
 37:   0.0000  1.0000  0.0000  0.0000  1
 38:   0.0001  0.6773  0.0000  0.3226  1
 39:   0.0000  0.4180  0.3235  0.2585  1
 40:   0.0000  1.0000  0.0000  0.0000  1
 41:   0.0873  0.9127  0.0000  0.0000  1
 42:   0.3212  0.6788  0.0000  0.0000  1
 43:   0.0000  0.0000  0.0000  1.0000  1
 44:   0.0000  0.0000  0.0000  1.0000  1
 45:   0.1680  0.0000  0.0001  0.8319  1
 46:   0.0000  0.0000  0.0000  1.0000  1
 47:   0.0000  0.6311  0.0000  0.3688  1
 48:   0.0000  0.0000  0.8590  0.1410  1
 49:   0.5502  0.0000  0.0000  0.4498  1
 50:   0.2037  0.0000  0.0000  0.7963  1
 51:   0.3470  0.0000  0.0000  0.6530  1
 52:   0.0000  0.0000  0.0000  1.0000  1
 53:   0.0000  0.0000  0.0000  1.0000  1
 54:   0.0000  0.0000  0.0000  1.0000  1
 55:   0.0000  0.0000  0.0000  1.0000  1
 56:   0.7660  0.0000  0.0000  0.2340  1
 57:   0.0000  0.0000  0.7559  0.2441  1
 58:   0.6303  0.0000  0.3697  0.0000  1
 59:   0.1308  0.0000  0.2386  0.6306  1
 60:   1.0000  0.0000  0.0000  0.0000  1
 61:   0.2817  0.0000  0.7183  0.0000  1
 62:   0.3905  0.0000  0.6095  0.0000  1
 63:   0.2999  0.0000  0.4999  0.2002  1
 64:   0.5154  0.0000  0.4846  0.0000  1
 65:   0.3762  0.5859  0.0380  0.0000  1
 66:   0.0000  1.0000  0.0000  0.0000  1
 67:   0.0000  0.1910  0.8090  0.0000  1
 68:   0.6628  0.0000  0.3372  0.0000  1
 69:   0.1673  0.8327  0.0000  0.0000  1
 70:   0.2214  0.7786  0.0000  0.0000  1
 71:   0.1223  0.0000  0.8777  0.0000  1
 72:   0.0000  0.0000  0.0000  1.0000  1
 73:   0.2032  0.0000  0.7968  0.0000  1
 74:   0.0000  0.0000  1.0000  0.0000  1
 75:   0.3610  0.0000  0.4985  0.1405  1
 76:   0.0845  0.0000  0.7134  0.2021  1
 77:   0.0000  0.0000  0.9003  0.0997  1
 78:   0.0000  0.0000  1.0000  0.0000  1
 79:   0.6120  0.0000  0.1863  0.2017  1
 80:   0.1164  0.4484  0.0000  0.4352  1
 81:   0.2323  0.0000  0.7677  0.0000  1
 82:   0.9581  0.0000  0.0419  0.0000  1
 83:   1.0000  0.0000  0.0000  0.0000  1
 84:   0.0000  0.0000  1.0000  0.0000  1
 85:   0.2989  0.0000  0.1097  0.5914  1
 86:   0.1455  0.0000  0.8545  0.0000  1
 87:   0.0000  0.0000  1.0000  0.0000  1
 88:   0.0000  0.7179  0.2821  0.0000  1
 89:   0.2703  0.0000  0.4474  0.2823  1
 90:   0.1214  0.6863  0.0000  0.1923  1
 91:   0.0000  0.0000  0.6727  0.3273  1
 92:   0.0000  0.0000  1.0000  0.0000  1
 93:   0.0892  0.0000  0.9108  0.0000  1
 94:   0.5278  0.0000  0.4722  0.0000  1
 95:   0.0000  0.0000  1.0000  0.0000  1
 96:   0.4270  0.0000  0.0643  0.5087  1
 97:   0.0000  0.0000  0.9141  0.0859  1
 98:   1.0000  0.0000  0.0000  0.0000  1
 99:   0.4203  0.0000  0.4005  0.1792  1
100:   0.5384  0.0000  0.4616  0.0000  1
101:   0.4073  0.0000  0.0000  0.5927  1
102:   0.1578  0.8422  0.0000  0.0000  1
103:   0.5306  0.4687  0.0000  0.0008  1
104:   0.0000  1.0000  0.0000  0.0000  1
105:   0.0000  1.0000  0.0000  0.0000  1
106:   0.0000  0.7993  0.2007  0.0000  1
107:   0.1208  0.8792  0.0000  0.0000  1
108:   0.0000  1.0000  0.0000  0.0000  1
109:   0.0000  1.0000  0.0000  0.0000  1
110:   0.0000  0.8463  0.1537  0.0000  1
111:   0.0000  1.0000  0.0000  0.0000  1
112:   0.1435  0.8565  0.0000  0.0000  1
113:   0.0000  1.0000  0.0000  0.0000  1
114:   0.0000  0.8488  0.1512  0.0000  1
115:   0.0000  0.9735  0.0265  0.0000  1
116:   0.0000  1.0000  0.0000  0.0000  1
117:   0.0000  1.0000  0.0000  0.0000  1
118:   0.2762  0.5000  0.0379  0.1859  1
119:   0.0502  0.8969  0.0528  0.0000  1
120:   0.0000  1.0000  0.0000  0.0000  1
121:   0.0000  0.6885  0.3115  0.0000  1
122:   0.2551  0.7449  0.0000  0.0000  1
123:   0.5122  0.4878  0.0000  0.0000  1
124:   0.0385  0.7636  0.1980  0.0000  1
125:   0.1047  0.8953  0.0000  0.0000  1
126:   0.2591  0.7409  0.0000  0.0000  1
127:   0.0000  1.0000  0.0000  0.0000  1
128:   0.0000  0.7902  0.2097  0.0001  1
129:   0.0000  0.9585  0.0415  0.0000  1
130:   0.2847  0.7153  0.0000  0.0000  1
131:   0.0000  0.0000  0.0000  1.0000  1
132:   1.0000  0.0000  0.0000  0.0000  1
133:   0.8780  0.0000  0.1220  0.0000  1
134:   1.0000  0.0000  0.0000  0.0000  1
135:   0.6980  0.0000  0.3020  0.0000  1
136:   0.5195  0.0000  0.4805  0.0000  1
137:   0.0000  0.0000  1.0000  0.0000  1
138:   0.0000  0.0000  0.0000  1.0000  1
139:   0.0000  0.0000  0.0000  1.0000  1
140:   0.5614  0.0000  0.0000  0.4386  1
141:   0.2278  0.0000  0.7722  0.0000  1
142:   0.4781  0.3906  0.0020  0.1293  1
143:   0.0000  0.0000  1.0000  0.0000  1
144:   1.0000  0.0000  0.0000  0.0000  1
145:   1.0000  0.0000  0.0000  0.0000  1
146:   0.0000  0.0000  0.0000  1.0000  1
147:   0.0000  0.0000  0.8651  0.1349  1
148:   1.0000  0.0000  0.0000  0.0000  1
149:   0.1768  0.0000  0.8232  0.0000  1
150:   0.4760  0.2553  0.2687  0.0000  1
151:   0.4828  0.0000  0.0582  0.4590  1
152:   0.5253  0.0000  0.4747  0.0000  1
153:   0.0000  0.0000  1.0000  0.0000  1
154:   0.6060  0.0000  0.3940  0.0000  1
155:   0.4636  0.0000  0.0000  0.5364  1
156:   0.0000  0.1467  0.7281  0.1252  1
157:   0.4327  0.0012  0.4144  0.1517  1
158:   0.0000  0.0000  0.2189  0.7811  1
159:   0.7899  0.2101  0.0000  0.0000  1
160:   1.0000  0.0000  0.0000  0.0000  1
161:   1.0000  0.0000  0.0000  0.0000  1
162:   0.0000  0.0000  0.9959  0.0041  1
163:   0.5642  0.0387  0.2208  0.1764  1
164:   0.7585  0.0000  0.2415  0.0000  1
165:   0.4513  0.1236  0.4251  0.0000  1
166:   1.0000  0.0000  0.0000  0.0000  1
167:   0.2783  0.0000  0.7217  0.0000  1
168:   0.7080  0.0000  0.1578  0.1342  1
169:   0.6041  0.0000  0.3959  0.0000  1
170:   1.0000  0.0000  0.0000  0.0000  1
171:   1.0000  0.0000  0.0000  0.0000  1
172:   1.0000  0.0000  0.0000  0.0000  1
173:   0.0000  0.0000  0.5208  0.4792  1
174:   0.6409  0.0000  0.3591  0.0000  1
175:   0.0000  0.0000  0.0000  1.0000  1
176:   0.2443  0.0000  0.0000  0.7557  1
177:   0.0000  0.0000  0.0000  1.0000  1
178:   0.0000  0.0000  0.0000  1.0000  1
179:   0.0000  0.0000  0.0000  1.0000  1
180:   0.0000  0.0000  0.0000  1.0000  1
181:   0.0000  1.0000  0.0000  0.0000  1

  1:   0.2461  0.0000  0.3574  0.3965  1
  2:   0.0000  1.0000  0.0000  0.0000  1
  3:   0.0000  0.4484  0.5516  0.0000  1
  4:   0.0000  1.0000  0.0000  0.0000  1
  5:   0.2408  0.2990  0.4601  0.0000  1
  6:   0.0000  0.3617  0.6383  0.0000  1
  7:   0.0000  0.9991  0.0000  0.0009  1
  8:   0.5175  0.0000  0.0000  0.4825  1
  9:   0.0000  0.2463  0.7537  0.0000  1
 10:   0.5004  0.0000  0.0171  0.4824  1
 11:   0.0000  0.0000  0.0000  1.0000  1
 12:   0.0000  0.3630  0.6370  0.0000  1
 13:   0.0000  0.1241  0.8759  0.0000  1
 14:   0.0000  0.4193  0.5807  0.0000  1
 15:   0.0000  0.6222  0.2653  0.1126  1
 16:   0.0000  0.7129  0.0000  0.2871  1
 17:   0.0000  1.0000  0.0000  0.0000  1
 18:   0.0000  0.4815  0.5185  0.0000  1
 19:   0.1215  0.7648  0.1137  0.0000  1
 20:   0.0000  0.0000  0.8138  0.1862  1
 21:   0.0279  0.7023  0.1505  0.1193  1
 22:   0.4563  0.0020  0.5417  0.0000  1
 23:   0.2521  0.4373  0.0000  0.3106  1
 24:   0.0000  0.8202  0.0000  0.1798  1
 25:   0.0000  0.9523  0.0477  0.0000  1
 26:   0.0000  0.0000  0.0000  1.0000  1
 27:   0.0000  0.4536  0.0373  0.5091  1
 28:   0.1104  0.3365  0.0000  0.5532  1
 29:   0.1231  0.4460  0.1432  0.2878  1
 30:   0.0000  0.0000  0.6673  0.3327  1
 31:   0.0000  0.5418  0.3418  0.1165  1
 32:   0.4518  0.0000  0.5482  0.0000  1
 33:   0.0000  0.5716  0.0000  0.4284  1
 34:   0.1472  0.5237  0.3291  0.0000  1
 35:   0.0000  1.0000  0.0000  0.0000  1
 36:   0.0000  0.6486  0.3514  0.0000  1
 37:   0.0000  0.0000  1.0000  0.0000  1
 38:   0.2358  0.7642  0.0000  0.0000  1
 39:   0.0000  0.0088  0.3347  0.6565  1
 40:   0.0000  1.0000  0.0000  0.0000  1
 41:   0.0000  0.4834  0.5166  0.0000  1
 42:   0.0000  0.4794  0.2808  0.2398  1
 43:   0.0000  0.0000  0.0000  1.0000  1
 44:   0.0000  0.0000  0.0000  1.0000  1
 45:   0.0000  0.0000  0.0000  1.0000  1
 46:   0.0000  0.0994  0.0000  0.9006  1
 47:   0.0000  0.9620  0.0000  0.0380  1
 48:   0.4694  0.5306  0.0000  0.0000  1
 49:   0.6173  0.0000  0.0000  0.3827  1
 50:   0.0000  0.0000  0.0000  1.0000  1
 51:   0.6242  0.0000  0.0000  0.3758  1
 52:   0.0000  0.0000  0.0000  1.0000  1
 53:   0.2634  0.0000  0.0000  0.7366  1
 54:   0.0000  0.0000  0.0000  1.0000  1
 55:   0.0000  0.0000  0.0000  1.0000  1
 56:   1.0000  0.0000  0.0000  0.0000  1
 57:   0.6890  0.0000  0.0000  0.3110  1
 58:   1.0000  0.0000  0.0000  0.0000  1
 59:   0.0000  0.0000  0.0000  1.0000  1
 60:   1.0000  0.0000  0.0000  0.0000  1
 61:   1.0000  0.0000  0.0000  0.0000  1
 62:   0.4286  0.0000  0.0000  0.5714  1
 63:   0.5115  0.0000  0.0000  0.4885  1
 64:   0.5770  0.0000  0.0000  0.4230  1
 65:   0.0000  0.0000  1.0000  0.0000  1
 66:   0.0000  1.0000  0.0000  0.0000  1
 67:   0.8213  0.1787  0.0000  0.0000  1
 68:   1.0000  0.0000  0.0000  0.0000  1
 69:   0.0582  0.6991  0.2427  0.0000  1
 70:   0.1189  0.3079  0.5732  0.0000  1
 71:   0.2729  0.0000  0.0000  0.7271  1
 72:   0.3495  0.0000  0.0000  0.6505  1
 73:   0.5689  0.0000  0.0000  0.4311  1
 74:   0.4265  0.0000  0.0000  0.5735  1
 75:   0.5035  0.0000  0.0000  0.4965  1
 76:   0.2676  0.0000  0.0000  0.7324  1
 77:   0.3667  0.0000  0.0000  0.6333  1
 78:   0.0027  0.1627  0.0000  0.8346  1
 79:   0.6342  0.0000  0.0000  0.3658  1
 80:   0.0000  0.0000  0.7034  0.2966  1
 81:   0.4472  0.0000  0.0000  0.5528  1
 82:   1.0000  0.0000  0.0000  0.0000  1
 83:   0.0536  0.0000  0.0000  0.9464  1
 84:   1.0000  0.0000  0.0000  0.0000  1
 85:   0.3474  0.0000  0.0000  0.6526  1
 86:   0.6589  0.0000  0.0000  0.3411  1
 87:   0.6109  0.1806  0.0000  0.2085  1
 88:   0.0000  0.6973  0.0561  0.2466  1
 89:   0.0000  0.0000  0.0000  1.0000  1
 90:   0.1349  0.4115  0.4536  0.0000  1
 91:   0.1102  0.0000  0.0595  0.8303  1
 92:   0.1815  0.0000  0.0000  0.8185  1
 93:   0.4014  0.0000  0.0000  0.5986  1
 94:   0.6247  0.0000  0.0000  0.3753  1
 95:   0.4821  0.1512  0.0000  0.3667  1
 96:   0.4443  0.0000  0.0000  0.5557  1
 97:   0.2095  0.0000  0.0000  0.7905  1
 98:   1.0000  0.0000  0.0000  0.0000  1
 99:   0.4946  0.0000  0.0000  0.5054  1
100:   0.5096  0.0000  0.0000  0.4904  1
101:   0.2834  0.0000  0.0812  0.6353  1
102:   0.1045  0.8955  0.0000  0.0000  1
103:   0.0000  0.4507  0.2535  0.2959  1
104:   0.0000  1.0000  0.0000  0.0000  1
105:   0.0000  0.7338  0.2662  0.0000  1
106:   0.0000  0.7804  0.0818  0.1378  1
107:   0.0737  0.6299  0.2964  0.0000  1
108:   0.0000  0.7054  0.2946  0.0000  1
109:   0.0000  0.8111  0.1889  0.0000  1
110:   0.0709  0.7581  0.1710  0.0000  1
111:   0.0000  1.0000  0.0000  0.0000  1
112:   0.0896  0.9104  0.0000  0.0000  1
113:   0.0000  0.7193  0.2807  0.0000  1
114:   0.2492  0.7189  0.0319  0.0000  1
115:   0.0000  0.8044  0.1956  0.0000  1
116:   0.0000  0.7026  0.2974  0.0000  1
117:   0.0000  1.0000  0.0000  0.0000  1
118:   0.1272  0.5316  0.0000  0.3413  1
119:   0.0000  1.0000  0.0000  0.0000  1
120:   0.0000  1.0000  0.0000  0.0000  1
121:   0.0000  0.8099  0.0000  0.1901  1
122:   0.0435  0.7095  0.2470  0.0000  1
123:   0.1555  0.0000  0.7829  0.0617  1
124:   0.1584  0.8416  0.0000  0.0000  1
125:   0.0296  0.7028  0.2677  0.0000  1
126:   0.0000  0.0000  1.0000  0.0000  1
127:   0.0000  1.0000  0.0000  0.0000  1
128:   0.0000  0.1571  0.6716  0.1713  1
129:   0.0000  0.2232  0.7768  0.0000  1
130:   0.0000  0.0000  1.0000  0.0000  1
131:   0.0000  0.0000  0.1439  0.8561  1
132:   1.0000  0.0000  0.0000  0.0000  1
133:   1.0000  0.0000  0.0000  0.0000  1
134:   0.7544  0.0000  0.2456  0.0000  1
135:   0.6625  0.0000  0.0000  0.3375  1
136:   1.0000  0.0000  0.0000  0.0000  1
137:   0.0000  0.0000  0.0000  1.0000  1
138:   0.1980  0.0000  0.0000  0.8020  1
139:   0.0000  0.0000  0.0000  1.0000  1
140:   0.0274  0.4933  0.0000  0.4793  1
141:   0.5480  0.0000  0.0000  0.4520  1
142:   0.4006  0.4136  0.0000  0.1858  1
143:   0.4995  0.0000  0.2132  0.2873  1
144:   1.0000  0.0000  0.0000  0.0000  1
145:   0.7756  0.2244  0.0000  0.0000  1
146:   0.0000  0.0000  0.0000  1.0000  1
147:   0.0000  0.0000  0.0000  1.0000  1
148:   0.0001  0.0000  0.4728  0.5271  1
149:   0.4438  0.0000  0.0000  0.5562  1
150:   0.7296  0.2704  0.0000  0.0000  1
151:   0.2682  0.0000  0.7318  0.0000  1
152:   0.2489  0.0000  0.1193  0.6318  1
153:   0.0000  0.0000  0.0000  1.0000  1
154:   0.0550  0.0000  0.0000  0.9450  1
155:   0.3916  0.0000  0.0000  0.6084  1
156:   0.0000  0.1534  0.0000  0.8466  1
157:   0.6800  0.2411  0.0000  0.0790  1
158:   0.0000  0.0000  1.0000  0.0000  1
159:   0.7253  0.2747  0.0000  0.0000  1
160:   0.0000  0.0000  1.0000  0.0000  1
161:   1.0000  0.0000  0.0000  0.0000  1
162:   0.3355  0.0000  0.0000  0.6645  1
163:   0.5919  0.1439  0.0212  0.2429  1
164:   0.8025  0.0000  0.0000  0.1975  1
165:   0.8991  0.1009  0.0000  0.0000  1
166:   1.0000  0.0000  0.0000  0.0000  1
167:   0.5608  0.0000  0.0969  0.3422  1
168:   0.7641  0.0000  0.0000  0.2359  1
169:   1.0000  0.0000  0.0000  0.0000  1
170:   1.0000  0.0000  0.0000  0.0000  1
171:   1.0000  0.0000  0.0000  0.0000  1
172:   0.0000  0.0000  0.5928  0.4072  1
173:   0.0000  0.0000  0.0000  1.0000  1
174:   0.7955  0.0000  0.2045  0.0000  1
175:   0.0000  0.0000  0.0000  1.0000  1
176:   0.0000  0.0000  0.0000  1.0000  1
177:   0.0000  0.0000  0.0000  1.0000  1
178:   0.0000  0.0000  0.0000  1.0000  1
179:   0.0000  0.0000  0.0000  1.0000  1
180:   0.0000  0.0000  0.0000  1.0000  1
181:   0.7313  0.2687  0.0000  0.0000  1

  1:   0.2461  0.0000  0.3574  0.3965  1
  2:   0.0000  1.0000  0.0000  0.0000  1
  3:   0.0000  0.4484  0.5516  0.0000  1
  4:   0.0000  1.0000  0.0000  0.0000  1
  5:   0.2408  0.2990  0.4601  0.0000  1
  6:   0.0000  0.3617  0.6383  0.0000  1
  7:   0.0000  0.9991  0.0000  0.0009  1
  8:   0.5175  0.0000  0.0000  0.4825  1
  9:   0.0000  0.2463  0.7537  0.0000  1
 10:   0.5004  0.0000  0.0171  0.4824  1
 11:   0.0000  0.0000  0.0000  1.0000  1
 12:   0.0000  0.3630  0.6370  0.0000  1
 13:   0.0000  0.1241  0.8759  0.0000  1
 14:   0.0000  0.4193  0.5807  0.0000  1
 15:   0.0000  0.6222  0.2653  0.1126  1
 16:   0.0000  0.7129  0.0000  0.2871  1
 17:   0.0000  1.0000  0.0000  0.0000  1
 18:   0.0000  0.4815  0.5185  0.0000  1
 19:   0.1215  0.7648  0.1137  0.0000  1
 20:   0.0000  0.0000  0.8138  0.1862  1
 21:   0.0279  0.7023  0.1505  0.1193  1
 22:   0.4563  0.0020  0.5417  0.0000  1
 23:   0.2521  0.4373  0.0000  0.3106  1
 24:   0.0000  0.8202  0.0000  0.1798  1
 25:   0.0000  0.9523  0.0477  0.0000  1
 26:   0.0000  0.0000  0.0000  1.0000  1
 27:   0.0000  0.4536  0.0373  0.5091  1
 28:   0.1104  0.3365  0.0000  0.5532  1
 29:   0.1231  0.4460  0.1432  0.2878  1
 30:   0.0000  0.0000  0.6673  0.3327  1
 31:   0.0000  0.5418  0.3418  0.1165  1
 32:   0.4518  0.0000  0.5482  0.0000  1
 33:   0.0000  0.5716  0.0000  0.4284  1
 34:   0.1472  0.5237  0.3291  0.0000  1
 35:   0.0000  1.0000  0.0000  0.0000  1
 36:   0.0000  0.6486  0.3514  0.0000  1
 37:   0.0000  0.0000  1.0000  0.0000  1
 38:   0.2358  0.7642  0.0000  0.0000  1
 39:   0.0000  0.0088  0.3347  0.6565  1
 40:   0.0000  1.0000  0.0000  0.0000  1
 41:   0.0000  0.4834  0.5166  0.0000  1
 42:   0.0000  0.4794  0.2808  0.2398  1
 43:   0.0000  0.0000  0.0000  1.0000  1
 44:   0.0000  0.0000  0.0000  1.0000  1
 45:   0.0000  0.0000  0.0000  1.0000  1
 46:   0.0000  0.0994  0.0000  0.9006  1
 47:   0.0000  0.9620  0.0000  0.0380  1
 48:   0.4694  0.5306  0.0000  0.0000  1
 49:   0.6173  0.0000  0.0000  0.3827  1
 50:   0.0000  0.0000  0.0000  1.0000  1
 51:   0.6242  0.0000  0.0000  0.3758  1
 52:   0.0000  0.0000  0.0000  1.0000  1
 53:   0.2634  0.0000  0.0000  0.7366  1
 54:   0.0000  0.0000  0.0000  1.0000  1
 55:   0.0000  0.0000  0.0000  1.0000  1
 56:   1.0000  0.0000  0.0000  0.0000  1
 57:   0.6890  0.0000  0.0000  0.3110  1
 58:   1.0000  0.0000  0.0000  0.0000  1
 59:   0.0000  0.0000  0.0000  1.0000  1
 60:   1.0000  0.0000  0.0000  0.0000  1
 61:   1.0000  0.0000  0.0000  0.0000  1
 62:   0.4286  0.0000  0.0000  0.5714  1
 63:   0.5115  0.0000  0.0000  0.4885  1
 64:   0.5770  0.0000  0.0000  0.4230  1
 65:   0.0000  0.0000  1.0000  0.0000  1
 66:   0.0000  1.0000  0.0000  0.0000  1
 67:   0.8213  0.1787  0.0000  0.0000  1
 68:   1.0000  0.0000  0.0000  0.0000  1
 69:   0.0582  0.6991  0.2427  0.0000  1
 70:   0.1189  0.3079  0.5732  0.0000  1
 71:   0.2729  0.0000  0.0000  0.7271  1
 72:   0.3495  0.0000  0.0000  0.6505  1
 73:   0.5689  0.0000  0.0000  0.4311  1
 74:   0.4265  0.0000  0.0000  0.5735  1
 75:   0.5035  0.0000  0.0000  0.4965  1
 76:   0.2676  0.0000  0.0000  0.7324  1
 77:   0.3667  0.0000  0.0000  0.6333  1
 78:   0.0027  0.1627  0.0000  0.8346  1
 79:   0.6342  0.0000  0.0000  0.3658  1
 80:   0.0000  0.0000  0.7034  0.2966  1
 81:   0.4472  0.0000  0.0000  0.5528  1
 82:   1.0000  0.0000  0.0000  0.0000  1
 83:   0.0536  0.0000  0.0000  0.9464  1
 84:   1.0000  0.0000  0.0000  0.0000  1
 85:   0.3474  0.0000  0.0000  0.6526  1
 86:   0.6589  0.0000  0.0000  0.3411  1
 87:   0.6109  0.1806  0.0000  0.2085  1
 88:   0.0000  0.6973  0.0561  0.2466  1
 89:   0.0000  0.0000  0.0000  1.0000  1
 90:   0.1349  0.4115  0.4536  0.0000  1
 91:   0.1102  0.0000  0.0595  0.8303  1
 92:   0.1815  0.0000  0.0000  0.8185  1
 93:   0.4014  0.0000  0.0000  0.5986  1
 94:   0.6247  0.0000  0.0000  0.3753  1
 95:   0.4821  0.1512  0.0000  0.3667  1
 96:   0.4443  0.0000  0.0000  0.5557  1
 97:   0.2095  0.0000  0.0000  0.7905  1
 98:   1.0000  0.0000  0.0000  0.0000  1
 99:   0.4946  0.0000  0.0000  0.5054  1
100:   0.5096  0.0000  0.0000  0.4904  1
101:   0.2834  0.0000  0.0812  0.6353  1
102:   0.1045  0.8955  0.0000  0.0000  1
103:   0.0000  0.4507  0.2535  0.2959  1
104:   0.0000  1.0000  0.0000  0.0000  1
105:   0.0000  0.7338  0.2662  0.0000  1
106:   0.0000  0.7804  0.0818  0.1378  1
107:   0.0737  0.6299  0.2964  0.0000  1
108:   0.0000  0.7054  0.2946  0.0000  1
109:   0.0000  0.8111  0.1889  0.0000  1
110:   0.0709  0.7581  0.1710  0.0000  1
111:   0.0000  1.0000  0.0000  0.0000  1
112:   0.0896  0.9104  0.0000  0.0000  1
113:   0.0000  0.7193  0.2807  0.0000  1
114:   0.2492  0.7189  0.0319  0.0000  1
115:   0.0000  0.8044  0.1956  0.0000  1
116:   0.0000  0.7026  0.2974  0.0000  1
117:   0.0000  1.0000  0.0000  0.0000  1
118:   0.1272  0.5316  0.0000  0.3413  1
119:   0.0000  1.0000  0.0000  0.0000  1
120:   0.0000  1.0000  0.0000  0.0000  1
121:   0.0000  0.8099  0.0000  0.1901  1
122:   0.0435  0.7095  0.2470  0.0000  1
123:   0.1555  0.0000  0.7829  0.0617  1
124:   0.1584  0.8416  0.0000  0.0000  1
125:   0.0296  0.7028  0.2677  0.0000  1
126:   0.0000  0.0000  1.0000  0.0000  1
127:   0.0000  1.0000  0.0000  0.0000  1
128:   0.0000  0.1571  0.6716  0.1713  1
129:   0.0000  0.2232  0.7768  0.0000  1
130:   0.0000  0.0000  1.0000  0.0000  1
131:   0.0000  0.0000  0.1439  0.8561  1
132:   1.0000  0.0000  0.0000  0.0000  1
133:   1.0000  0.0000  0.0000  0.0000  1
134:   0.7544  0.0000  0.2456  0.0000  1
135:   0.6625  0.0000  0.0000  0.3375  1
136:   1.0000  0.0000  0.0000  0.0000  1
137:   0.0000  0.0000  0.0000  1.0000  1
138:   0.1980  0.0000  0.0000  0.8020  1
139:   0.0000  0.0000  0.0000  1.0000  1
140:   0.0274  0.4933  0.0000  0.4793  1
141:   0.5480  0.0000  0.0000  0.4520  1
142:   0.4006  0.4136  0.0000  0.1858  1
143:   0.4995  0.0000  0.2132  0.2873  1
144:   1.0000  0.0000  0.0000  0.0000  1
145:   0.7756  0.2244  0.0000  0.0000  1
146:   0.0000  0.0000  0.0000  1.0000  1
147:   0.0000  0.0000  0.0000  1.0000  1
148:   0.0001  0.0000  0.4728  0.5271  1
149:   0.4438  0.0000  0.0000  0.5562  1
150:   0.7296  0.2704  0.0000  0.0000  1
151:   0.2682  0.0000  0.7318  0.0000  1
152:   0.2489  0.0000  0.1193  0.6318  1
153:   0.0000  0.0000  0.0000  1.0000  1
154:   0.0550  0.0000  0.0000  0.9450  1
155:   0.3916  0.0000  0.0000  0.6084  1
156:   0.0000  0.1534  0.0000  0.8466  1
157:   0.6800  0.2411  0.0000  0.0790  1
158:   0.0000  0.0000  1.0000  0.0000  1
159:   0.7253  0.2747  0.0000  0.0000  1
160:   0.0000  0.0000  1.0000  0.0000  1
161:   1.0000  0.0000  0.0000  0.0000  1
162:   0.3355  0.0000  0.0000  0.6645  1
163:   0.5919  0.1439  0.0212  0.2429  1
164:   0.8025  0.0000  0.0000  0.1975  1
165:   0.8991  0.1009  0.0000  0.0000  1
166:   1.0000  0.0000  0.0000  0.0000  1
167:   0.5608  0.0000  0.0969  0.3422  1
168:   0.7641  0.0000  0.0000  0.2359  1
169:   1.0000  0.0000  0.0000  0.0000  1
170:   1.0000  0.0000  0.0000  0.0000  1
171:   1.0000  0.0000  0.0000  0.0000  1
172:   0.0000  0.0000  0.5928  0.4072  1
173:   0.0000  0.0000  0.0000  1.0000  1
174:   0.7955  0.0000  0.2045  0.0000  1
175:   0.0000  0.0000  0.0000  1.0000  1
176:   0.0000  0.0000  0.0000  1.0000  1
177:   0.0000  0.0000  0.0000  1.0000  1
178:   0.0000  0.0000  0.0000  1.0000  1
179:   0.0000  0.0000  0.0000  1.0000  1
180:   0.0000  0.0000  0.0000  1.0000  1
181:   0.7313  0.2687  0.0000  0.0000  1

  1:   0.2461  0.0000  0.3574  0.3965  1
  2:   0.0000  1.0000  0.0000  0.0000  1
  3:   0.0000  0.4484  0.5516  0.0000  1
  4:   0.0000  1.0000  0.0000  0.0000  1
  5:   0.2408  0.2990  0.4601  0.0000  1
  6:   0.0000  0.3617  0.6383  0.0000  1
  7:   0.0000  0.9991  0.0000  0.0009  1
  8:   0.5175  0.0000  0.0000  0.4825  1
  9:   0.0000  0.2463  0.7537  0.0000  1
 10:   0.5004  0.0000  0.0171  0.4824  1
 11:   0.0000  0.0000  0.0000  1.0000  1
 12:   0.0000  0.3630  0.6370  0.0000  1
 13:   0.0000  0.1241  0.8759  0.0000  1
 14:   0.0000  0.4193  0.5807  0.0000  1
 15:   0.0000  0.6222  0.2653  0.1126  1
 16:   0.0000  0.7129  0.0000  0.2871  1
 17:   0.0000  1.0000  0.0000  0.0000  1
 18:   0.0000  0.4815  0.5185  0.0000  1
 19:   0.1215  0.7648  0.1137  0.0000  1
 20:   0.0000  0.0000  0.8138  0.1862  1
 21:   0.0279  0.7023  0.1505  0.1193  1
 22:   0.4563  0.0020  0.5417  0.0000  1
 23:   0.2521  0.4373  0.0000  0.3106  1
 24:   0.0000  0.8202  0.0000  0.1798  1
 25:   0.0000  0.9523  0.0477  0.0000  1
 26:   0.0000  0.0000  0.0000  1.0000  1
 27:   0.0000  0.4536  0.0373  0.5091  1
 28:   0.1104  0.3365  0.0000  0.5532  1
 29:   0.1231  0.4460  0.1432  0.2878  1
 30:   0.0000  0.0000  0.6673  0.3327  1
 31:   0.0000  0.5418  0.3418  0.1165  1
 32:   0.4518  0.0000  0.5482  0.0000  1
 33:   0.0000  0.5716  0.0000  0.4284  1
 34:   0.1472  0.5237  0.3291  0.0000  1
 35:   0.0000  1.0000  0.0000  0.0000  1
 36:   0.0000  0.6486  0.3514  0.0000  1
 37:   0.0000  0.0000  1.0000  0.0000  1
 38:   0.2358  0.7642  0.0000  0.0000  1
 39:   0.0000  0.0088  0.3347  0.6565  1
 40:   0.0000  1.0000  0.0000  0.0000  1
 41:   0.0000  0.4834  0.5166  0.0000  1
 42:   0.0000  0.4794  0.2808  0.2398  1
 43:   0.0000  0.0000  0.0000  1.0000  1
 44:   0.0000  0.0000  0.0000  1.0000  1
 45:   0.0000  0.0000  0.0000  1.0000  1
 46:   0.0000  0.0994  0.0000  0.9006  1
 47:   0.0000  0.9620  0.0000  0.0380  1
 48:   0.4694  0.5306  0.0000  0.0000  1
 49:   0.6173  0.0000  0.0000  0.3827  1
 50:   0.0000  0.0000  0.0000  1.0000  1
 51:   0.6242  0.0000  0.0000  0.3758  1
 52:   0.0000  0.0000  0.0000  1.0000  1
 53:   0.2634  0.0000  0.0000  0.7366  1
 54:   0.0000  0.0000  0.0000  1.0000  1
 55:   0.0000  0.0000  0.0000  1.0000  1
 56:   1.0000  0.0000  0.0000  0.0000  1
 57:   0.6890  0.0000  0.0000  0.3110  1
 58:   1.0000  0.0000  0.0000  0.0000  1
 59:   0.0000  0.0000  0.0000  1.0000  1
 60:   1.0000  0.0000  0.0000  0.0000  1
 61:   1.0000  0.0000  0.0000  0.0000  1
 62:   0.4286  0.0000  0.0000  0.5714  1
 63:   0.5115  0.0000  0.0000  0.4885  1
 64:   0.5770  0.0000  0.0000  0.4230  1
 65:   0.0000  0.0000  1.0000  0.0000  1
 66:   0.0000  1.0000  0.0000  0.0000  1
 67:   0.8213  0.1787  0.0000  0.0000  1
 68:   1.0000  0.0000  0.0000  0.0000  1
 69:   0.0582  0.6991  0.2427  0.0000  1
 70:   0.1189  0.3079  0.5732  0.0000  1
 71:   0.2729  0.0000  0.0000  0.7271  1
 72:   0.3495  0.0000  0.0000  0.6505  1
 73:   0.5689  0.0000  0.0000  0.4311  1
 74:   0.4265  0.0000  0.0000  0.5735  1
 75:   0.5035  0.0000  0.0000  0.4965  1
 76:   0.2676  0.0000  0.0000  0.7324  1
 77:   0.3667  0.0000  0.0000  0.6333  1
 78:   0.0027  0.1627  0.0000  0.8346  1
 79:   0.6342  0.0000  0.0000  0.3658  1
 80:   0.0000  0.0000  0.7034  0.2966  1
 81:   0.4472  0.0000  0.0000  0.5528  1
 82:   1.0000  0.0000  0.0000  0.0000  1
 83:   0.0536  0.0000  0.0000  0.9464  1
 84:   1.0000  0.0000  0.0000  0.0000  1
 85:   0.3474  0.0000  0.0000  0.6526  1
 86:   0.6589  0.0000  0.0000  0.3411  1
 87:   0.6109  0.1806  0.0000  0.2085  1
 88:   0.0000  0.6973  0.0561  0.2466  1
 89:   0.0000  0.0000  0.0000  1.0000  1
 90:   0.1349  0.4115  0.4536  0.0000  1
 91:   0.1102  0.0000  0.0595  0.8303  1
 92:   0.1815  0.0000  0.0000  0.8185  1
 93:   0.4014  0.0000  0.0000  0.5986  1
 94:   0.6247  0.0000  0.0000  0.3753  1
 95:   0.4821  0.1512  0.0000  0.3667  1
 96:   0.4443  0.0000  0.0000  0.5557  1
 97:   0.2095  0.0000  0.0000  0.7905  1
 98:   1.0000  0.0000  0.0000  0.0000  1
 99:   0.4946  0.0000  0.0000  0.5054  1
100:   0.5096  0.0000  0.0000  0.4904  1
101:   0.2834  0.0000  0.0812  0.6353  1
102:   0.1045  0.8955  0.0000  0.0000  1
103:   0.0000  0.4507  0.2535  0.2959  1
104:   0.0000  1.0000  0.0000  0.0000  1
105:   0.0000  0.7338  0.2662  0.0000  1
106:   0.0000  0.7804  0.0818  0.1378  1
107:   0.0737  0.6299  0.2964  0.0000  1
108:   0.0000  0.7054  0.2946  0.0000  1
109:   0.0000  0.8111  0.1889  0.0000  1
110:   0.0709  0.7581  0.1710  0.0000  1
111:   0.0000  1.0000  0.0000  0.0000  1
112:   0.0896  0.9104  0.0000  0.0000  1
113:   0.0000  0.7193  0.2807  0.0000  1
114:   0.2492  0.7189  0.0319  0.0000  1
115:   0.0000  0.8044  0.1956  0.0000  1
116:   0.0000  0.7026  0.2974  0.0000  1
117:   0.0000  1.0000  0.0000  0.0000  1
118:   0.1272  0.5316  0.0000  0.3413  1
119:   0.0000  1.0000  0.0000  0.0000  1
120:   0.0000  1.0000  0.0000  0.0000  1
121:   0.0000  0.8099  0.0000  0.1901  1
122:   0.0435  0.7095  0.2470  0.0000  1
123:   0.1555  0.0000  0.7829  0.0617  1
124:   0.1584  0.8416  0.0000  0.0000  1
125:   0.0296  0.7028  0.2677  0.0000  1
126:   0.0000  0.0000  1.0000  0.0000  1
127:   0.0000  1.0000  0.0000  0.0000  1
128:   0.0000  0.1571  0.6716  0.1713  1
129:   0.0000  0.2232  0.7768  0.0000  1
130:   0.0000  0.0000  1.0000  0.0000  1
131:   0.0000  0.0000  0.1439  0.8561  1
132:   1.0000  0.0000  0.0000  0.0000  1
133:   1.0000  0.0000  0.0000  0.0000  1
134:   0.7544  0.0000  0.2456  0.0000  1
135:   0.6625  0.0000  0.0000  0.3375  1
136:   1.0000  0.0000  0.0000  0.0000  1
137:   0.0000  0.0000  0.0000  1.0000  1
138:   0.1980  0.0000  0.0000  0.8020  1
139:   0.0000  0.0000  0.0000  1.0000  1
140:   0.0274  0.4933  0.0000  0.4793  1
141:   0.5480  0.0000  0.0000  0.4520  1
142:   0.4006  0.4136  0.0000  0.1858  1
143:   0.4995  0.0000  0.2132  0.2873  1
144:   1.0000  0.0000  0.0000  0.0000  1
145:   0.7756  0.2244  0.0000  0.0000  1
146:   0.0000  0.0000  0.0000  1.0000  1
147:   0.0000  0.0000  0.0000  1.0000  1
148:   0.0001  0.0000  0.4728  0.5271  1
149:   0.4438  0.0000  0.0000  0.5562  1
150:   0.7296  0.2704  0.0000  0.0000  1
151:   0.2682  0.0000  0.7318  0.0000  1
152:   0.2489  0.0000  0.1193  0.6318  1
153:   0.0000  0.0000  0.0000  1.0000  1
154:   0.0550  0.0000  0.0000  0.9450  1
155:   0.3916  0.0000  0.0000  0.6084  1
156:   0.0000  0.1534  0.0000  0.8466  1
157:   0.6800  0.2411  0.0000  0.0790  1
158:   0.0000  0.0000  1.0000  0.0000  1
159:   0.7253  0.2747  0.0000  0.0000  1
160:   0.0000  0.0000  1.0000  0.0000  1
161:   1.0000  0.0000  0.0000  0.0000  1
162:   0.3355  0.0000  0.0000  0.6645  1
163:   0.5919  0.1439  0.0212  0.2429  1
164:   0.8025  0.0000  0.0000  0.1975  1
165:   0.8991  0.1009  0.0000  0.0000  1
166:   1.0000  0.0000  0.0000  0.0000  1
167:   0.5608  0.0000  0.0969  0.3422  1
168:   0.7641  0.0000  0.0000  0.2359  1
169:   1.0000  0.0000  0.0000  0.0000  1
170:   1.0000  0.0000  0.0000  0.0000  1
171:   1.0000  0.0000  0.0000  0.0000  1
172:   0.0000  0.0000  0.5928  0.4072  1
173:   0.0000  0.0000  0.0000  1.0000  1
174:   0.7955  0.0000  0.2045  0.0000  1
175:   0.0000  0.0000  0.0000  1.0000  1
176:   0.0000  0.0000  0.0000  1.0000  1
177:   0.0000  0.0000  0.0000  1.0000  1
178:   0.0000  0.0000  0.0000  1.0000  1
179:   0.0000  0.0000  0.0000  1.0000  1
180:   0.0000  0.0000  0.0000  1.0000  1
181:   0.7313  0.2687  0.0000  0.0000  1

