  1:   0.2068  0.1504  0.3057  0.3371  1
  2:   0.1308  0.8692  0.0000  0.0000  1
  3:   0.0110  0.6652  0.3238  0.0000  1
  4:   0.0156  0.9501  0.0343  0.0000  1
  5:   0.1234  0.5686  0.2959  0.0121  1
  6:   0.0221  0.6934  0.2845  0.0000  1
  7:   0.2000  0.3997  0.0000  0.4003  1
  8:   0.4992  0.0000  0.0434  0.4574  1
  9:   0.0269  0.6353  0.3233  0.0145  1
 10:   0.4409  0.0000  0.0723  0.4868  1
 11:   0.0000  0.0000  0.0957  0.9043  1
 12:   0.0898  0.6154  0.2948  0.0000  1
 13:   0.2319  0.3738  0.3944  0.0000  1
 14:   0.0000  0.7376  0.2624  0.0000  1
 15:   0.0000  0.7576  0.1854  0.0570  1
 16:   0.0000  0.5951  0.1877  0.2172  1
 17:   0.0055  0.9909  0.0000  0.0036  1
 18:   0.0581  0.7101  0.2318  0.0000  1
 19:   0.1377  0.7687  0.0721  0.0215  1
 20:   0.0228  0.4044  0.3842  0.1887  1
 21:   0.0182  0.7410  0.0602  0.1806  1
 22:   0.5264  0.2570  0.2167  0.0000  1
 23:   0.1008  0.2058  0.4043  0.2891  1
 24:   0.0000  0.7249  0.0063  0.2688  1
 25:   0.0000  0.9742  0.0258  0.0000  1
 26:   0.2937  0.0000  0.0278  0.6785  1
 27:   0.0000  0.3217  0.1149  0.5634  1
 28:   0.1848  0.2988  0.0534  0.4630  1
 29:   0.0783  0.4346  0.2320  0.2551  1
 30:   0.0000  0.3876  0.2669  0.3455  1
 31:   0.0141  0.5804  0.1367  0.2689  1
 32:   0.3377  0.3803  0.2821  0.0000  1
 33:   0.0000  0.5735  0.0361  0.3904  1
 34:   0.2005  0.5821  0.2174  0.0000  1
 35:   0.0411  0.9403  0.0133  0.0053  1
 36:   0.0000  0.8594  0.1406  0.0000  1
 37:   0.0000  0.5640  0.4360  0.0000  1
 38:   0.1100  0.7316  0.0000  0.1585  1
 39:   0.0000  0.2552  0.2740  0.4708  1
 40:   0.0000  0.8000  0.1000  0.1000  1
 41:   0.0349  0.7492  0.2158  0.0000  1
 42:   0.1388  0.5827  0.1661  0.1124  1
 43:   0.0000  0.0000  0.0000  1.0000  1
 44:   0.0000  0.0000  0.0490  0.9510  1
 45:   0.0672  0.0000  0.0592  0.8736  1
 46:   0.0666  0.0398  0.1004  0.7932  1
 47:   0.0000  0.7373  0.0000  0.2627  1
 48:   0.2600  0.2400  0.3831  0.1169  1
 49:   0.4670  0.0000  0.0578  0.4752  1
 50:   0.0815  0.0000  0.0000  0.9185  1
 51:   0.4676  0.0000  0.0241  0.5083  1
 52:   0.0355  0.0000  0.0304  0.9342  1
 53:   0.1371  0.0000  0.0452  0.8177  1
 54:   0.0000  0.0000  0.0000  1.0000  1
 55:   0.0000  0.0000  0.0556  0.9444  1
 56:   0.7064  0.0000  0.0961  0.1975  1
 57:   0.2756  0.0691  0.4172  0.2381  1
 58:   0.8521  0.0000  0.1479  0.0000  1
 59:   0.2028  0.0000  0.0954  0.7018  1
 60:   1.0000  0.0000  0.0000  0.0000  1
 61:   0.7126  0.0000  0.2874  0.0000  1
 62:   0.4006  0.0000  0.3114  0.2880  1
 63:   0.4515  0.0000  0.2181  0.3304  1
 64:   0.6032  0.0000  0.1938  0.2030  1
 65:   0.1779  0.3069  0.5152  0.0000  1
 66:   0.0000  0.9545  0.0000  0.0455  1
 67:   0.4793  0.1866  0.3341  0.0000  1
 68:   0.7938  0.0000  0.1349  0.0714  1
 69:   0.0978  0.7806  0.1215  0.0000  1
 70:   0.1538  0.5924  0.2538  0.0000  1
 71:   0.1823  0.0000  0.4511  0.3666  1
 72:   0.2181  0.0000  0.0000  0.7819  1
 73:   0.4368  0.0000  0.3619  0.2013  1
 74:   0.2242  0.0000  0.4780  0.2978  1
 75:   0.4596  0.0000  0.2151  0.3253  1
 76:   0.2038  0.0000  0.3480  0.4482  1
 77:   0.1788  0.0000  0.4601  0.3610  1
 78:   0.0265  0.0651  0.5000  0.4084  1
 79:   0.6628  0.0000  0.0745  0.2627  1
 80:   0.0485  0.2655  0.3512  0.3348  1
 81:   0.3945  0.0000  0.3376  0.2678  1
 82:   0.9832  0.0000  0.0168  0.0000  1
 83:   0.5127  0.0000  0.0000  0.4873  1
 84:   0.5340  0.0000  0.4660  0.0000  1
 85:   0.3321  0.0000  0.0629  0.6050  1
 86:   0.5012  0.0000  0.3605  0.1384  1
 87:   0.3443  0.0723  0.5000  0.0834  1
 88:   0.0173  0.7167  0.1554  0.1106  1
 89:   0.2691  0.0000  0.1790  0.5520  1
 90:   0.1913  0.5504  0.1814  0.0769  1
 91:   0.0441  0.0000  0.3750  0.5809  1
 92:   0.0955  0.0000  0.5000  0.4045  1
 93:   0.2433  0.0000  0.4643  0.2924  1
 94:   0.5344  0.0000  0.2603  0.2054  1
 95:   0.2368  0.0605  0.5000  0.2027  1
 96:   0.4826  0.0000  0.0257  0.4917  1
 97:   0.1055  0.0000  0.4657  0.4288  1
 98:   0.9745  0.0000  0.0255  0.0000  1
 99:   0.4836  0.0000  0.1894  0.3270  1
100:   0.5494  0.0000  0.2177  0.2329  1
101:   0.3186  0.0000  0.0940  0.5875  1
102:   0.1152  0.8615  0.0234  0.0000  1
103:   0.2339  0.4544  0.1666  0.1451  1
104:   0.0000  1.0000  0.0000  0.0000  1
105:   0.0000  0.8935  0.1065  0.0000  1
106:   0.0000  0.7810  0.1592  0.0598  1
107:   0.0872  0.7942  0.1186  0.0000  1
108:   0.0000  0.8818  0.1178  0.0003  1
109:   0.0000  0.9235  0.0755  0.0010  1
110:   0.0284  0.8051  0.1546  0.0120  1
111:   0.0000  0.9891  0.0109  0.0000  1
112:   0.0933  0.8795  0.0130  0.0142  1
113:   0.0000  0.8877  0.1123  0.0000  1
114:   0.0997  0.7852  0.1151  0.0000  1
115:   0.0049  0.9063  0.0889  0.0000  1
116:   0.0058  0.8753  0.1189  0.0000  1
117:   0.0193  0.9807  0.0000  0.0000  1
118:   0.1618  0.5025  0.0670  0.2687  1
119:   0.0201  0.9263  0.0404  0.0132  1
120:   0.0000  0.9797  0.0000  0.0203  1
121:   0.0000  0.7326  0.1595  0.1078  1
122:   0.1398  0.7094  0.1507  0.0000  1
123:   0.2977  0.2639  0.4131  0.0252  1
124:   0.1031  0.7798  0.1172  0.0000  1
125:   0.0635  0.8089  0.1277  0.0000  1
126:   0.1215  0.3785  0.5000  0.0000  1
127:   0.0000  1.0000  0.0000  0.0000  1
128:   0.0000  0.5027  0.4056  0.0917  1
129:   0.0000  0.6421  0.3579  0.0000  1
130:   0.1139  0.4193  0.4668  0.0000  1
131:   0.0000  0.0000  0.0850  0.9150  1
132:   0.9563  0.0000  0.0437  0.0000  1
133:   0.9512  0.0000  0.0488  0.0000  1
134:   0.7596  0.0000  0.2404  0.0000  1
135:   0.6869  0.0000  0.1471  0.1660  1
136:   0.7438  0.0000  0.2066  0.0496  1
137:   0.0727  0.0000  0.4272  0.5001  1
138:   0.0812  0.0000  0.1102  0.8086  1
139:   0.0000  0.0000  0.0000  1.0000  1
140:   0.3427  0.1973  0.0301  0.4299  1
141:   0.4231  0.0000  0.3467  0.2302  1
142:   0.3515  0.3607  0.0793  0.2086  1
143:   0.3661  0.0000  0.5189  0.1149  1
144:   0.8756  0.0000  0.1244  0.0000  1
145:   0.8386  0.0898  0.0000  0.0717  1
146:   0.0436  0.0000  0.1000  0.8564  1
147:   0.0862  0.0000  0.3773  0.5364  1
148:   0.5861  0.0000  0.2030  0.2108  1
149:   0.3778  0.0000  0.3998  0.2225  1
150:   0.5887  0.2695  0.1417  0.0000  1
151:   0.3644  0.0000  0.3786  0.2571  1
152:   0.3097  0.0000  0.3593  0.3310  1
153:   0.0000  0.0000  0.5000  0.5000  1
154:   0.4034  0.0000  0.1576  0.4390  1
155:   0.3964  0.0000  0.0000  0.6036  1
156:   0.0000  0.1330  0.3637  0.5033  1
157:   0.4858  0.1067  0.2363  0.1712  1
158:   0.0530  0.0000  0.5345  0.4125  1
159:   0.6925  0.2530  0.0347  0.0198  1
160:   0.4349  0.0000  0.5000  0.0651  1
161:   1.0000  0.0000  0.0000  0.0000  1
162:   0.1342  0.0000  0.4984  0.3675  1
163:   0.5361  0.0746  0.1686  0.2208  1
164:   0.7425  0.0000  0.1694  0.0881  1
165:   0.6695  0.1192  0.2113  0.0000  1
166:   0.8974  0.0000  0.0662  0.0364  1
167:   0.4090  0.0000  0.4274  0.1636  1
168:   0.6313  0.0000  0.1115  0.2573  1
169:   0.7219  0.0000  0.2781  0.0000  1
170:   0.8540  0.0000  0.1460  0.0000  1
171:   0.9000  0.0000  0.0342  0.0658  1
172:   0.5757  0.0000  0.2614  0.1629  1
173:   0.0000  0.0000  0.2582  0.7418  1
174:   0.5951  0.0000  0.3445  0.0604  1
175:   0.0000  0.0000  0.0000  1.0000  1
176:   0.1205  0.0000  0.0000  0.8795  1
177:   0.0000  0.0000  0.0585  0.9415  1
178:   0.0000  0.0000  0.0276  0.9724  1
179:   0.0000  0.0000  0.1000  0.9000  1
180:   0.0000  0.0000  0.0000  1.0000  1
181:   0.2925  0.5075  0.2000  0.0000  1
