1:           1.000000e-09 1.000000e-09 1.000000e-09 0.000000001  1.000000e-09 1.000000e+00 1.000000e-09 1.000000e-09 1.000000e-09 1.000000e-09 1           
2:           1.000000e-09 1.000000e-09 1.000000e-09 0.000000001  3.739054e-01 1.000000e-09 1.000000e-09 6.260946e-01 1.000000e-09 1.000000e-09 1           
3:           1.000000e-09 1.000000e-09 1.000000e-09 0.000000001  1.000000e-09 1.000000e-09 1.000000e-09 1.000000e-09 1.000000e-09 1.000000e+00 1           
4:           1.000000e-09 1.000000e-09 1.000000e-09 0.000000001  4.418562e-01 1.000000e-09 1.000000e-09 5.268693e-01 1.000000e-09 3.127455e-02 1           
5:           1.000000e-09 1.000000e-09 1.000000e-09 0.000000001  3.392347e-01 1.000000e-09 1.000000e-09 6.607653e-01 1.000000e-09 1.000000e-09 1           
6:           7.186328e-01 1.728570e-01 1.085102e-01 0.000000001  1.000000e-09 1.000000e-09 1.000000e-09 1.000000e-09 1.000000e-09 1.000000e-09 1           
7:           4.806861e-02 5.015189e-01 3.971975e-01 0.000000001  1.000000e-09 1.000000e-09 8.751826e-03 1.000000e-09 1.000000e-09 4.446320e-02 1           
8:           1.000000e-09 1.000000e-09 1.000000e-09 0.000000001  2.170143e-01 1.000000e-09 1.000000e-09 1.000000e-09 7.829857e-01 1.000000e-09 1           
9:           1.000000e-09 1.000000e-09 1.000000e-09 0.000000001  1.000000e-09 1.000000e-09 1.000000e-09 1.000000e-09 1.000000e-09 1.000000e+00 1           
10:          1.000000e+00 1.000000e-09 1.000000e-09 0.000000001  1.000000e-09 1.000000e-09 1.000000e-09 1.000000e-09 1.000000e-09 1.000000e-09 1           
11:          1.000000e-09 1.000000e-09 1.000000e-09 0.000000001  3.640631e-01 1.000000e-09 1.000000e-09 3.807246e-01 1.000000e-09 2.552122e-01 1           
12:          1.000000e-09 1.000000e-09 1.000000e-09 0.000000001  5.046798e-01 1.000000e-09 1.000000e-09 4.953202e-01 1.000000e-09 1.000000e-09 1           
13:          1.000000e-09 1.000000e-09 1.000000e-09 0.000000001  3.958519e-01 1.000000e-09 1.000000e-09 6.041481e-01 1.000000e-09 1.000000e-09 1           
14:          1.000000e-09 1.000000e-09 1.000000e-09 0.000000001  1.000000e-09 1.000000e-09 1.000000e+00 1.000000e-09 1.000000e-09 1.000000e-09 1           
15:          1.000000e-09 1.000000e-09 1.000000e-09 0.000000001  8.400844e-02 1.000000e-09 1.000000e-09 8.669545e-02 4.057594e-01 4.235367e-01 1           
16:          1.000000e-09 1.000000e+00 1.000000e-09 0.000000001  1.000000e-09 1.000000e-09 1.000000e-09 1.000000e-09 1.000000e-09 1.000000e-09 1           
17:          1.000000e-09 1.000000e-09 1.000000e-09 0.000000001  4.110014e-01 1.000000e-09 1.000000e-09 5.889986e-01 1.006052e-09 1.000000e-09 1           
18:          1.000000e-09 1.000000e-09 1.000000e-09 0.000000001  3.523228e-01 1.000000e-09 1.000000e-09 5.953521e-01 1.000000e-09 5.232505e-02 1           
19:          1.000000e-09 6.821328e-01 2.074676e-01 0.000000001  1.000000e-09 1.000000e-09 1.103996e-01 1.000000e-09 1.000000e-09 1.000000e-09 1           
20:          1.000000e-09 1.000000e-09 1.000000e-09 0.000000001  3.422312e-01 1.000000e-09 1.000000e-09 4.840852e-01 1.713933e-01 2.290310e-03 1           
21:          1.000000e-09 1.000000e-09 1.000000e-09 0.000000001  4.661995e-01 1.000000e-09 1.000000e-09 1.973445e-01 1.000000e-09 3.364560e-01 1           
22:          1.000000e-09 1.000000e-09 1.000000e-09 0.000000001  1.000000e-09 1.000000e-09 1.000000e-09 1.000000e-09 1.000000e-09 1.000000e+00 1           
23:          3.729792e-02 8.330349e-01 1.000000e-09 0.129667150  1.000000e-09 1.000000e-09 1.000000e-09 1.000000e-09 1.000000e-09 1.000000e-09 1           
24:          2.002699e-01 3.167744e-01 4.829556e-01 0.000000001  1.000000e-09 1.000000e-09 1.000000e-09 1.000000e-09 1.000000e-09 1.000000e-09 1           
25:          1.000000e-09 1.000000e-09 1.000000e-09 0.000000001  2.202471e-01 2.445276e-02 1.000000e-09 1.645025e-01 1.000000e-09 5.907976e-01 1           
26:          1.000000e-09 1.000000e-09 1.000000e-09 0.000000001  1.000000e-09 1.000000e-09 1.000000e+00 1.000000e-09 1.000000e-09 1.000000e-09 1           
27:          1.000000e-09 1.000000e-09 1.000000e-09 0.000000001  2.232086e-01 1.000000e-09 1.000000e-09 4.711537e-01 6.038419e-02 2.452535e-01 1           
28:          1.000000e-09 7.712900e-01 1.648111e-01 0.063898930  1.000000e-09 1.000000e-09 1.000000e-09 1.000000e-09 1.000000e-09 1.000000e-09 1           
29:          1.000000e-09 1.000000e-09 1.000000e-09 0.000000001  3.571170e-01 1.000000e-09 1.000000e-09 6.251607e-01 1.772235e-02 1.000000e-09 1           
30:          1.000000e-09 1.000000e-09 1.000000e-09 0.000000001  3.273661e-01 1.000000e-09 1.000000e-09 6.726339e-01 1.000000e-09 1.000000e-09 1           
31:          1.000000e-09 1.000000e-09 1.061682e-01 0.000000001  9.458615e-02 7.992456e-01 1.000000e-09 1.000000e-09 1.000000e-09 1.000000e-09 1           
32:          1.000000e+00 1.000000e-09 1.000000e-09 0.000000001  1.000000e-09 1.000000e-09 1.000000e-09 1.000000e-09 1.000000e-09 1.000000e-09 1           
33:          1.880744e-01 4.664810e-01 2.089938e-01 0.029458785  1.145322e-02 1.000000e-09 1.000000e-09 7.366651e-02 2.187218e-02 1.000000e-09 1           
34:          1.000000e-09 1.000000e-09 1.000000e-09 0.999999991  1.000000e-09 1.000000e-09 1.000000e-09 1.000000e-09 1.000000e-09 1.000000e-09 1           
35:          1.000000e-09 1.000000e+00 1.000000e-09 0.000000001  1.000000e-09 1.000000e-09 1.000000e-09 1.000000e-09 1.000000e-09 1.000000e-09 1           
36:          1.000000e-09 1.000000e-09 1.000000e-09 0.000000001  1.000000e-09 1.000000e-09 1.000000e+00 1.000000e-09 1.000000e-09 1.000000e-09 1           
37:          1.004016e-01 1.840900e-09 1.539897e-01 0.336100506  1.000000e-09 1.000000e-09 2.989707e-01 1.000000e-09 1.105375e-01 1.000000e-09 1           
38:          1.000000e-09 1.000000e-09 1.000000e-09 0.000000001  7.670025e-01 1.000000e-09 1.000000e-09 1.000000e-09 2.329975e-01 1.000000e-09 1           
39:          1.548268e-01 5.120061e-01 2.752952e-01 0.000000001  1.000000e-09 5.787184e-02 1.000000e-09 1.000000e-09 1.000000e-09 1.000000e-09 1           
40:          1.000000e-09 1.000000e-09 1.000000e-09 0.000000001  1.141814e-01 1.000000e-09 1.000000e-09 1.000000e-09 3.674516e-01 5.183670e-01 1           
41:          1.000000e-09 1.000000e-09 1.000000e-09 0.000000001  3.863899e-01 1.000000e-09 1.000000e-09 1.444367e-01 8.220990e-04 4.683513e-01 1           
42:          1.000000e-09 1.000000e-09 1.000000e-09 0.000000001  5.330827e-01 1.000000e-09 1.000000e-09 3.977881e-01 1.000000e-09 6.912911e-02 1           
43:          1.000000e-09 1.000000e-09 1.004882e-09 0.000000001  3.754419e-02 1.000000e-09 1.000000e-09 6.882547e-01 2.742011e-01 1.000000e-09 1           
44:          1.000000e-09 1.000000e-09 1.365935e-02 0.518884267  1.000000e-09 1.000000e-09 2.871894e-01 1.000000e-09 1.000000e-09 1.802669e-01 1           
45:          1.000000e-09 1.000000e-09 1.000000e-09 0.000000001  1.000000e-09 1.000000e-09 1.000000e+00 1.000000e-09 1.000000e-09 1.000000e-09 1           
46:          1.000000e-09 1.000000e-09 1.000000e-09 0.000000001  6.998808e-02 1.000000e-09 1.000000e-09 3.713117e-01 1.000000e-09 5.587002e-01 1           
47:          1.000000e-09 1.000000e+00 1.000000e-09 0.000000001  1.000000e-09 1.000000e-09 1.000000e-09 1.000000e-09 1.000000e-09 1.000000e-09 1           
48:          1.000000e+00 1.000000e-09 1.000000e-09 0.000000001  1.000000e-09 1.000000e-09 1.000000e-09 1.000000e-09 1.000000e-09 1.000000e-09 1           
49:          4.365846e-02 5.826107e-01 8.925395e-02 0.000000001  1.000000e-09 1.000000e-09 2.201727e-01 1.000000e-09 1.000000e-09 6.430416e-02 1           
50:          1.000000e-09 1.000000e-09 1.418239e-01 0.000000001  1.000000e-09 1.000000e-09 8.581761e-01 1.000000e-09 1.000000e-09 1.000000e-09 1           
51:          1.000000e-09 1.000000e-09 1.000000e-09 0.000000001  1.000000e-09 1.000000e-09 1.000000e-09 1.000000e-09 1.000000e-09 1.000000e+00 1           
52:          1.000000e-09 1.000000e-09 1.000000e-09 0.000000001  4.248845e-01 1.000000e-09 1.000000e-09 3.961273e-01 1.789882e-01 1.000000e-09 1           
53:          1.000000e+00 1.000000e-09 1.000000e-09 0.000000001  1.000000e-09 1.000000e-09 1.000000e-09 1.000000e-09 1.000000e-09 1.000000e-09 1           
54:          1.000000e-09 1.000000e-09 1.000000e-09 0.000000001  1.000000e-09 1.000000e+00 1.000000e-09 1.000000e-09 1.000000e-09 1.000000e-09 1           
55:          1.000000e-09 1.000000e-09 1.000000e+00 0.000000001  1.000000e-09 1.000000e-09 1.000000e-09 1.000000e-09 1.000000e-09 1.000000e-09 1           
56:          1.000000e-09 1.000000e-09 1.000000e-09 0.000000001  1.000000e-09 1.000000e+00 1.000000e-09 1.000000e-09 1.000000e-09 1.000000e-09 1           
57:          1.536607e-01 1.000000e-09 1.000000e-09 0.846339333  1.000000e-09 1.000000e-09 1.000000e-09 1.000000e-09 1.000000e-09 1.000000e-09 1           
58:          1.000000e-09 1.000000e-09 1.000000e-09 0.000000001  1.000000e-09 1.000000e-09 1.000000e+00 1.000000e-09 1.000000e-09 1.000000e-09 1           
59:          1.000000e-09 1.000000e-09 1.000000e-09 0.000000001  2.695479e-01 1.000000e-09 1.000000e-09 5.377859e-01 1.926661e-01 5.716369e-08 1           
60:          1.000000e-09 1.000000e-09 1.000000e-09 0.999999991  1.000000e-09 1.000000e-09 1.000000e-09 1.000000e-09 1.000000e-09 1.000000e-09 1           
61:          1.000000e-09 1.000000e-09 1.000000e-09 0.999999991  1.000000e-09 1.000000e-09 1.000000e-09 1.000000e-09 1.000000e-09 1.000000e-09 1           
62:          1.000000e-09 1.000000e-09 1.000000e-09 0.000000001  4.200238e-01 1.000000e-09 1.000000e-09 5.264581e-01 2.382342e-02 2.969460e-02 1           
63:          2.216776e-01 3.669670e-02 4.234441e-01 0.258935281  5.924520e-02 1.000000e-09 1.000000e-09 1.000000e-09 1.090057e-06 1.000000e-09 1           
64:          1.000000e-09 8.217513e-01 8.695962e-03 0.143037221  2.651549e-02 1.000000e-09 1.000000e-09 1.000000e-09 1.000000e-09 1.000000e-09 1           
65:          1.000000e-09 1.000000e-09 1.000000e-09 0.744093783  1.000000e-09 5.740565e-02 1.000000e-09 1.000000e-09 1.985006e-01 1.000000e-09 1           
66:          1.000000e-09 1.000000e-09 1.000000e-09 0.000000001  5.525755e-01 1.000000e-09 1.000000e-09 2.754175e-01 1.424607e-01 2.954624e-02 1           
67:          1.574549e-04 1.000000e-09 1.000000e-09 0.000000001  1.000000e-09 9.998425e-01 1.000000e-09 1.000000e-09 1.000000e-09 1.000000e-09 1           
68:          1.000000e-09 1.000000e-09 1.000000e-09 0.000000001  1.000000e-09 1.000000e+00 1.000000e-09 1.000000e-09 1.000000e-09 1.000000e-09 1           
69:          6.828450e-01 1.000000e-09 1.000000e-09 0.317154987  1.000000e-09 1.000000e-09 1.000000e-09 1.000000e-09 1.000000e-09 1.000000e-09 1           
70:          1.676381e-01 1.000000e-09 1.000000e-09 0.682868663  1.000000e-09 1.000000e-09 1.423718e-01 1.000000e-09 1.000000e-09 7.121448e-03 1           
71:          1.000000e-09 1.000000e-09 1.000000e-09 0.000000001  5.492364e-01 1.000000e-09 1.000000e-09 4.507636e-01 1.000000e-09 1.000000e-09 1           
72:          1.000000e-09 1.000000e-09 1.000000e-09 0.000000001  1.998130e-01 6.267422e-02 1.000000e-09 1.826809e-01 3.024596e-02 5.245859e-01 1           
73:          1.000000e-09 7.917307e-02 1.000000e-09 0.000000001  1.279179e-01 2.420081e-02 1.000000e-09 5.549618e-01 4.836931e-02 1.653771e-01 1           
74:          2.613769e-01 1.000000e-09 1.000000e-09 0.738623127  1.000000e-09 8.839860e-09 1.000000e-09 1.000000e-09 1.000000e-09 1.000000e-09 1           
75:          1.000000e-09 1.000000e-09 1.000000e-09 0.807899509  1.000000e-09 1.000000e-09 1.000000e-09 1.000000e-09 1.000000e-09 1.921005e-01 1           
76:          1.000000e-09 1.000000e-09 1.000000e-09 0.999999991  1.000000e-09 1.000000e-09 1.000000e-09 1.000000e-09 1.000000e-09 1.000000e-09 1           
77:          1.000000e-09 1.000000e-09 1.000000e-09 0.000000001  8.729741e-01 1.000000e-09 1.000000e-09 1.000000e-09 1.270259e-01 1.000000e-09 1           
78:          1.000000e-09 1.000000e-09 1.000000e-09 0.000000001  1.000000e-09 1.000000e+00 1.000000e-09 1.000000e-09 1.000000e-09 1.000000e-09 1           
79:          1.000000e+00 1.000000e-09 1.000000e-09 0.000000001  1.000000e-09 1.000000e-09 1.000000e-09 1.000000e-09 1.000000e-09 1.000000e-09 1           
80:          1.000000e-09 1.000000e-09 1.000000e-09 0.000000001  5.340920e-01 1.000000e-09 1.000000e-09 4.659058e-01 2.232670e-06 1.000000e-09 1           
81:          1.000000e-09 1.000000e-09 1.000000e-09 0.000000001  1.000000e-09 1.000000e+00 1.000000e-09 1.000000e-09 1.000000e-09 1.000000e-09 1           
82:          1.000000e-09 9.010839e-01 9.891609e-02 0.000000001  1.000000e-09 1.000000e-09 1.000000e-09 1.000000e-09 1.000000e-09 1.000000e-09 1           
83:          7.125633e-09 1.000000e-09 7.032879e-01 0.000000001  1.000000e-09 1.000000e-09 1.000000e-09 1.000000e-09 2.967121e-01 1.000000e-09 1           
84:          3.006114e-01 1.000000e-09 1.000000e-09 0.371142198  1.000000e-09 1.000000e-09 5.274461e-02 1.000000e-09 2.755018e-01 1.000000e-09 1           
85:          1.000000e-09 1.000000e-09 1.370446e-01 0.845119867  1.000000e-09 1.000000e-09 1.783549e-02 1.000000e-09 1.000000e-09 1.000000e-09 1           
86:          1.410146e-01 1.000000e-09 8.589854e-01 0.000000001  1.000000e-09 1.000000e-09 1.000000e-09 1.000000e-09 1.000000e-09 1.000000e-09 1           
87:          1.000000e-09 1.000000e-09 1.000000e-09 0.217193445  2.501116e-01 1.000000e-09 1.000000e-09 4.305649e-01 1.021300e-01 1.000000e-09 1           
88:          1.000000e-09 1.000000e-09 8.784468e-01 0.000000001  1.215532e-01 1.000000e-09 1.000000e-09 1.000000e-09 1.000000e-09 1.000000e-09 1           
89:          1.000000e-09 1.000000e-09 1.000000e-09 0.999999991  1.000000e-09 1.000000e-09 1.000000e-09 1.000000e-09 1.000000e-09 1.000000e-09 1           
90:          1.000000e-09 1.000000e-09 1.000000e-09 0.000000001  3.037824e-01 1.000000e-09 1.000000e-09 6.962176e-01 1.000000e-09 1.000000e-09 1           
91:          2.723509e-01 1.130567e-01 5.837621e-01 0.030830289  1.000000e-09 1.000000e-09 1.000000e-09 1.000000e-09 1.000000e-09 1.000000e-09 1           
92:          3.141098e-01 2.580407e-01 2.324242e-01 0.000000001  1.000000e-09 1.000000e-09 1.548122e-01 1.000000e-09 1.000000e-09 4.061315e-02 1           
93:          1.000000e-09 1.000000e-09 1.000000e-09 0.000000001  2.782256e-01 7.217744e-01 1.000000e-09 1.000000e-09 1.000000e-09 1.000000e-09 1           
94:          1.000000e-09 1.000000e-09 1.000000e-09 0.000000001  1.000000e-09 1.000000e+00 1.000000e-09 1.000000e-09 1.000000e-09 1.000000e-09 1           
95:          6.569874e-02 1.000000e-09 6.988178e-01 0.000000001  1.000000e-09 8.304886e-02 1.000000e-09 1.000000e-09 1.000000e-09 1.524346e-01 1           
96:          1.000000e-09 1.000000e-09 1.000000e-09 0.000000001  8.789888e-01 1.000000e-09 1.000000e-09 1.000000e-09 1.000000e-09 1.210112e-01 1           
97:          1.000000e-09 8.246960e-01 1.000000e-09 0.025115067  1.000000e-09 1.000000e-09 1.000000e-09 1.000000e-09 1.501889e-01 1.000000e-09 1           
98:          5.782319e-02 1.000000e-09 4.179681e-01 0.229830994  2.267383e-01 1.000000e-09 6.763934e-02 1.000000e-09 1.000000e-09 1.000000e-09 1           
99:          1.000000e-09 1.000000e-09 6.806731e-01 0.000000001  1.000000e-09 1.000000e-09 1.000000e-09 1.000000e-09 1.234186e-01 1.959082e-01 1           
100:         1.016761e-01 1.000000e-09 1.000000e-09 0.000000001  1.000000e-09 2.655416e-01 1.000000e-09 1.000000e-09 6.327821e-01 2.283221e-07 1           
101:         1.000000e-09 1.000000e-09 1.000000e-09 0.056930416  1.000000e-09 1.000000e-09 1.000000e-09 2.894722e-01 3.478376e-01 3.057597e-01 1           
102:         1.000000e-09 1.000000e-09 1.000000e-09 0.000000001  1.981317e-01 1.000000e-09 1.000000e-09 4.438860e-01 1.000000e-09 3.579822e-01 1           
103:         1.000000e-09 6.758175e-01 1.000000e-09 0.000000001  1.000000e-09 1.193941e-01 2.047884e-01 1.000000e-09 1.000000e-09 1.000000e-09 1           
104:         1.000000e-09 1.171218e-01 1.000000e-09 0.000000001  2.911114e-01 1.448088e-01 1.000000e-09 1.661487e-01 2.808092e-01 1.000000e-09 1           
105:         1.000000e-09 5.012510e-02 1.000000e-09 0.000000001  1.000000e-09 1.000000e-09 1.038089e-01 1.271141e-01 1.000000e-09 7.189518e-01 1           
106:         1.000000e-09 1.000000e-09 1.000000e-09 0.000000001  1.000000e-09 1.000000e-09 1.000000e-09 6.150230e-01 2.578586e-01 1.271184e-01 1           
107:         1.000000e-09 1.000000e-09 1.000000e-09 0.000000001  1.000000e-09 1.000000e-09 1.000000e-09 1.000000e-09 1.000000e+00 1.000000e-09 1           
108:         1.000000e-09 1.000000e-09 1.000000e-09 0.000000001  6.892462e-01 1.000000e-09 1.000000e-09 3.107538e-01 1.000000e-09 1.000000e-09 1           
109:         1.000000e+00 1.000000e-09 1.000000e-09 0.000000001  1.000000e-09 1.000000e-09 1.000000e-09 1.000000e-09 1.000000e-09 1.000000e-09 1           
110:         1.000000e-09 1.000000e-09 1.000000e-09 0.000000001  4.618597e-01 1.000000e-09 1.000000e-09 3.880419e-01 1.000000e-09 1.500984e-01 1           
111:         1.000000e-09 1.000000e-09 1.000000e-09 0.000000001  1.177041e-01 1.000000e-09 1.000000e-09 3.003730e-01 3.419811e-01 2.399418e-01 1           
112:         1.000000e-09 1.000000e-09 8.485295e-01 0.151470534  1.000000e-09 1.000000e-09 1.000000e-09 1.000000e-09 1.000000e-09 1.000000e-09 1           
113:         1.000000e-09 1.604565e-01 3.385886e-01 0.158992039  1.000000e-09 1.000000e-09 1.000000e-09 3.419629e-01 1.000000e-09 1.000000e-09 1           
114:         1.000000e-09 2.655579e-01 6.207089e-02 0.266852616  1.179808e-09 6.848388e-04 1.000000e-09 1.000000e-09 3.415309e-01 6.330294e-02 1           
115:         3.992296e-01 1.923658e-01 2.793038e-01 0.000000001  3.779084e-02 1.000000e-09 1.000000e-09 1.000000e-09 9.131000e-02 1.000000e-09 1           
116:         9.246202e-06 1.000000e-09 1.000000e-09 0.000000001  1.000000e-09 9.103092e-02 9.644284e-02 1.753243e-01 4.620314e-01 1.751613e-01 1           
117:         1.000000e-09 1.000000e-09 1.000000e-09 0.000000001  5.305720e-02 1.650912e-01 1.000000e-09 1.000000e-09 6.448537e-01 1.369979e-01 1           
118:         1.000000e-09 8.809938e-01 1.000000e-09 0.000000001  2.490864e-02 1.000000e-09 1.000000e-09 1.000000e-09 9.409758e-02 1.000000e-09 1           
119:         1.000000e-09 1.000000e-09 1.000000e-09 0.000000001  1.000000e-09 1.000000e-09 1.000000e-09 1.000000e+00 1.000000e-09 1.000000e-09 1           
120:         1.000000e-09 1.000000e-09 1.000000e-09 0.000000001  1.000000e-09 1.174817e-01 1.000000e-09 1.000000e-09 4.913657e-01 3.911526e-01 1           
121:         1.000000e-09 1.000000e-09 1.000000e-09 0.000000001  1.000000e-09 1.000000e-09 4.298779e-02 7.697318e-01 1.000000e-09 1.872804e-01 1           
122:         1.000000e-09 1.000000e-09 1.000000e-09 0.000000001  1.000000e-09 1.000000e-09 5.561661e-02 1.000000e-09 3.722063e-01 5.721771e-01 1           
123:         1.000000e-09 1.000000e-09 1.000000e-09 0.000000001  1.000000e-09 1.000000e-09 1.000000e-09 1.000000e-09 1.000000e+00 1.000000e-09 1           
124:         3.210629e-01 2.848176e-01 1.000000e-09 0.000000001  1.000000e-09 1.000000e-09 3.319496e-01 1.000000e-09 6.216983e-02 1.000000e-09 1           
125:         1.729974e-04 1.000000e-09 6.058716e-01 0.094105904  3.951219e-02 1.000000e-09 2.348709e-01 2.546645e-02 1.000000e-09 1.000000e-09 1           
126:         1.000000e-09 1.000000e-09 1.000000e-09 0.000000001  1.000000e-09 1.000000e-09 1.000000e-09 3.592468e-01 3.147177e-01 3.260355e-01 1           
127:         1.000000e-09 1.000000e-09 1.000000e+00 0.000000001  1.000000e-09 1.000000e-09 1.000000e-09 1.000000e-09 1.000000e-09 1.000000e-09 1           
128:         1.000000e-09 1.000000e-09 1.000000e-09 0.000000001  1.000000e-09 1.000000e+00 1.000000e-09 1.000000e-09 1.000000e-09 1.000000e-09 1           
129:         1.000000e-09 1.000000e-09 1.000000e-09 0.000000001  1.000000e+00 1.000000e-09 1.000000e-09 1.000000e-09 1.000000e-09 1.000000e-09 1           
130:         1.000000e-09 1.000000e-09 1.000000e-09 0.000000001  1.000000e-09 7.922923e-01 1.000000e-09 1.000000e-09 1.000000e-09 2.077077e-01 1           
131:         1.000000e-09 1.000000e-09 1.000000e-09 0.000000001  5.932404e-01 1.000000e-09 1.000000e-09 4.067596e-01 1.000000e-09 1.000000e-09 1           
132:         1.000000e-09 1.000000e-09 1.000000e-09 0.000000001  1.000000e-09 1.000000e-09 1.000000e+00 1.000000e-09 1.000000e-09 1.000000e-09 1           
133:         1.000000e-09 1.000000e-09 1.000000e-09 0.000000001  1.000000e-09 6.224271e-01 1.000000e-09 3.775729e-01 1.000000e-09 1.000000e-09 1           
134:         1.000000e-09 1.000000e-09 1.000000e-09 0.000000001  1.000000e-09 6.518607e-01 1.000000e-09 1.757985e-01 1.723407e-01 1.000000e-09 1           
135:         1.000000e-09 1.000000e-09 1.000000e-09 0.000000001  1.000000e-09 1.000000e-09 1.000000e-09 1.000000e-09 1.000000e+00 1.000000e-09 1           
136:         1.000000e-09 1.000000e-09 1.000000e-09 0.000000001  1.000000e-09 1.000000e+00 1.000000e-09 1.000000e-09 1.000000e-09 1.000000e-09 1           
137:         1.000000e-09 1.000000e-09 1.000000e-09 0.000000001  4.184438e-01 1.000000e-09 1.000000e-09 4.330083e-01 5.388196e-06 1.485425e-01 1           
138:         3.965907e-01 2.752323e-01 2.573211e-01 0.000000001  1.000000e-09 1.000000e-09 7.085592e-02 1.000000e-09 1.000000e-09 1.000000e-09 1           
139:         1.000000e-09 1.000000e-09 3.163695e-01 0.000000001  1.257838e-02 6.710522e-01 1.000000e-09 1.000000e-09 1.000000e-09 1.000000e-09 1           
140:         1.000000e-09 1.675198e-01 1.000000e-09 0.000000001  2.485839e-01 4.720395e-02 1.000000e-09 3.856737e-01 1.510186e-01 1.000000e-09 1           
141:         1.000000e-09 1.000000e-09 1.000000e-09 0.999999991  1.000000e-09 1.000000e-09 1.000000e-09 1.000000e-09 1.000000e-09 1.000000e-09 1           
142:         1.000000e-09 1.000000e-09 1.833730e-01 0.000000001  3.028159e-04 8.163242e-01 1.000000e-09 1.000000e-09 1.000000e-09 1.000000e-09 1           
143:         1.000000e-09 1.000000e-09 1.000000e-09 0.000000001  1.000000e-09 1.000000e-09 1.000000e-09 1.000000e-09 1.000000e+00 1.000000e-09 1           
144:         1.000000e-09 1.000000e-09 1.000000e-09 0.000000001  1.000000e-09 1.000000e+00 1.000000e-09 1.000000e-09 1.000000e-09 1.000000e-09 1           
145:         1.000000e-09 1.000000e-09 1.000000e-09 0.000000001  1.980554e-01 7.819734e-01 1.000000e-09 1.000000e-09 1.997122e-02 1.000000e-09 1           
146:         1.000000e-09 1.000000e-09 5.697080e-01 0.258849864  1.000000e-09 1.714421e-01 1.000000e-09 1.000000e-09 1.000000e-09 1.000000e-09 1           
147:         7.239980e-02 4.043474e-01 1.000000e-09 0.434789992  1.361499e-09 1.000000e-09 3.479092e-07 1.000000e-09 8.846241e-02 1.000000e-09 1           
148:         1.000000e-09 1.000000e-09 1.000000e-09 0.032074597  1.000000e-09 9.679254e-01 1.000000e-09 1.000000e-09 1.000000e-09 1.000000e-09 1           
149:         1.000000e-09 1.000000e-09 1.000000e-09 0.000000001  3.381776e-01 1.000000e-09 1.000000e-09 1.000000e-09 6.618224e-01 1.000000e-09 1           
150:         1.000000e-09 1.000000e-09 1.000000e-09 0.000000001  1.000000e-09 1.000000e-09 1.000000e-09 1.000000e-09 1.000000e+00 1.000000e-09 1           
151:         1.000000e-09 1.000000e-09 1.000000e+00 0.000000001  1.000000e-09 1.000000e-09 1.000000e-09 1.000000e-09 1.000000e-09 1.000000e-09 1           
152:         1.946739e-01 8.384104e-02 1.000000e-09 0.000000001  1.000000e-09 1.892860e-01 1.000000e-09 5.321991e-01 1.000000e-09 1.000000e-09 1           
153:         1.000000e-09 1.000000e-09 1.000000e-09 0.000000001  1.000000e+00 1.000000e-09 1.000000e-09 1.000000e-09 1.000000e-09 1.000000e-09 1           
154:         1.000000e-09 1.000000e-09 1.000000e-09 0.000000001  8.115289e-01 1.000000e-09 1.000000e-09 1.000000e-09 1.884711e-01 1.000000e-09 1           
155:         1.000000e-09 4.603792e-02 1.000000e-09 0.000000001  1.048197e-01 1.623218e-01 1.000000e-09 5.202381e-01 1.665824e-01 1.000000e-09 1           
156:         1.000000e-09 1.000000e-09 1.000000e-09 0.000000001  7.024386e-01 2.195276e-01 1.000000e-09 5.502137e-02 2.301241e-02 1.000000e-09 1           
157:         1.000000e-09 1.000000e-09 1.000000e-09 0.000000001  1.000000e-09 1.000000e-09 1.000000e-09 1.000000e-09 2.205357e-01 7.794643e-01 1           
158:         1.000000e-09 5.558747e-01 2.996866e-01 0.000000001  1.444387e-01 1.000000e-09 1.000000e-09 1.000000e-09 1.000000e-09 1.000000e-09 1           
159:         9.300006e-02 1.000000e-09 1.000000e-09 0.000000001  9.069999e-01 1.000000e-09 1.000000e-09 1.000000e-09 1.000000e-09 1.000000e-09 1           
160:         1.000000e-09 1.000000e-09 1.000000e-09 0.000000001  1.000000e-09 1.000000e+00 1.000000e-09 1.000000e-09 1.000000e-09 1.000000e-09 1           
161:         1.000000e-09 1.216442e-01 1.000000e-09 0.474925136  1.000000e-09 1.000000e-09 1.968459e-01 2.065848e-01 1.000000e-09 1.000000e-09 1           
162:         1.000000e-09 1.000000e-09 1.000000e+00 0.000000001  1.000000e-09 1.000000e-09 1.000000e-09 1.000000e-09 1.000000e-09 1.000000e-09 1           
163:         1.000000e-09 1.000000e-09 1.000000e-09 0.000000001  2.185478e-01 7.814522e-01 1.000000e-09 2.154788e-08 1.000000e-09 1.000000e-09 1           
164:         1.000000e-09 1.000000e-09 1.000000e-09 0.000000001  1.000000e-09 1.000000e+00 1.000000e-09 1.000000e-09 1.000000e-09 1.000000e-09 1           
165:         1.000000e-09 1.000000e-09 1.364573e-01 0.000000001  1.000000e-09 1.000000e-09 5.244223e-01 1.513913e-01 7.147406e-02 1.162550e-01 1           
166:         1.000000e-09 1.000000e-09 1.000000e-09 0.000000001  4.328514e-01 1.000000e-09 1.000000e-09 4.087582e-01 1.000000e-09 1.583904e-01 1           
167:         1.000000e-09 1.000000e-09 1.000000e-09 0.000000001  1.000000e-09 1.000000e-09 1.000000e-09 1.000000e-09 1.000000e+00 1.000000e-09 1           
168:         1.000000e-09 1.000000e-09 1.065866e-01 0.361689714  1.000000e-09 1.000000e-09 2.026732e-03 1.000000e-09 5.296970e-01 1.000000e-09 1           
169:         1.000000e-09 1.000000e-09 1.000000e-09 0.000000001  1.000000e-09 1.000000e-09 1.000000e-09 1.000000e-09 1.000000e+00 1.000000e-09 1           
170:         1.000000e-09 1.000000e-09 4.566400e-01 0.378414474  1.000000e-09 1.000000e-09 1.000000e-09 1.649455e-01 1.000000e-09 1.000000e-09 1           
171:         2.547436e-01 1.000000e-09 1.000000e-09 0.000000001  1.000000e-09 1.000000e-09 1.000000e-09 1.000000e-09 3.266867e-01 4.185697e-01 1           
172:         1.000000e-09 1.000000e-09 1.000000e-09 0.000000001  1.000000e+00 1.000000e-09 1.000000e-09 1.000000e-09 1.000000e-09 1.000000e-09 1           
173:         1.000000e-09 1.000000e-09 1.000000e-09 0.000000001  1.000000e-09 8.005166e-01 1.000000e-09 1.000000e-09 1.994834e-01 1.000000e-09 1           
174:         1.000000e-09 1.000000e-09 1.000000e-09 0.000000001  1.000000e+00 1.000000e-09 1.000000e-09 1.000000e-09 1.000000e-09 1.000000e-09 1           
175:         1.000000e-09 1.000000e-09 1.000000e-09 0.000000001  3.660302e-01 1.504679e-01 1.000000e-09 1.000000e-09 1.000000e-09 4.835019e-01 1           
176:         1.000000e-09 1.000000e-09 2.431918e-01 0.000000001  2.719477e-01 1.000000e-09 1.000000e-09 4.271791e-02 4.421426e-01 1.000000e-09 1           
177:         1.000000e-09 1.000000e-09 1.000000e-09 0.000000001  1.000000e-09 1.000000e+00 1.000000e-09 1.000000e-09 1.000000e-09 1.000000e-09 1           
178:         1.000000e-09 1.000000e-09 1.000000e-09 0.000000001  1.000000e-09 1.000000e-09 1.000000e-09 1.000000e-09 1.000000e+00 1.000000e-09 1           
179:         1.000000e-09 1.000000e-09 1.000000e-09 0.000000001  4.777893e-01 1.000000e-09 1.000000e-09 1.000000e-09 5.222107e-01 1.000000e-09 1           
180:         1.081040e-01 1.000000e-09 1.000000e-09 0.000000001  1.000000e-09 1.000000e-09 1.210708e-01 1.000000e-09 2.760708e-01 4.947545e-01 1           
181:         1.000000e-09 1.000000e-09 1.000000e-09 0.000000001  1.000000e+00 1.000000e-09 1.000000e-09 1.000000e-09 1.000000e-09 1.000000e-09 1           
182:         1.000000e-09 1.000000e-09 1.000000e-09 0.000000001  5.420820e-01 1.000000e-09 1.000000e-09 1.000000e-09 4.579180e-01 1.000000e-09 1           
183:         1.000000e-09 1.000000e-09 1.000000e-09 0.000000001  1.000000e-09 1.000000e+00 1.000000e-09 1.000000e-09 1.000000e-09 1.000000e-09 1           
184:         3.354160e-05 1.000000e-09 4.793434e-01 0.007339827  1.662524e-01 3.470124e-01 1.832809e-05 1.000000e-09 2.104936e-07 1.000000e-09 1           
185:         1.000000e-09 1.000000e-09 1.000000e-09 0.000000001  1.000000e-09 1.000000e-09 1.000000e-09 1.000000e-09 1.000000e+00 1.000000e-09 1           
186:         1.000000e-09 1.000000e-09 1.000000e-09 0.000000001  4.751991e-01 1.000000e-09 1.000000e-09 1.000000e-09 1.000000e-09 5.248009e-01 1           
187:         1.000000e+00 1.000000e-09 1.000000e-09 0.000000001  1.000000e-09 1.000000e-09 1.000000e-09 1.000000e-09 1.000000e-09 1.000000e-09 1           
188:         1.000000e-09 1.000000e-09 1.000000e-09 0.999999991  1.000000e-09 1.000000e-09 1.000000e-09 1.000000e-09 1.000000e-09 1.000000e-09 1           
189:         3.766813e-01 1.811756e-01 2.935342e-01 0.000000001  1.000000e-09 1.000000e-09 1.486089e-01 1.000000e-09 1.000000e-09 1.000000e-09 1           
190:         1.000000e-09 1.000000e-09 1.000000e-09 0.000000001  1.000000e-09 1.000000e-09 1.000000e-09 1.000000e-09 1.000000e+00 1.000000e-09 1           
191:         1.000000e-09 1.000000e-09 1.000000e-09 0.000000001  1.000000e-09 1.000000e+00 1.000000e-09 1.000000e-09 1.000000e-09 1.000000e-09 1           
192:         1.000000e-09 6.387501e-01 1.000000e-09 0.361249847  1.000000e-09 1.000000e-09 1.000000e-09 1.000000e-09 1.000000e-09 1.000000e-09 1           
193:         1.000000e-09 1.000000e-09 1.000000e-09 0.000000001  3.517732e-01 6.482268e-01 1.000000e-09 1.000000e-09 1.000000e-09 1.000000e-09 1           
194:         1.000000e-09 1.000000e-09 1.000000e-09 0.000000001  1.000000e-09 1.000000e-09 1.000000e-09 1.000000e-09 1.000000e+00 1.000000e-09 1           
195:         1.000000e-09 1.000000e-09 9.474875e-01 0.052512539  1.000000e-09 1.000000e-09 1.000000e-09 1.000000e-09 1.000000e-09 1.000000e-09 1           
196:         1.000000e-09 1.000000e-09 1.000000e-09 0.000000001  1.000000e-09 1.000000e-09 1.000000e-09 6.327127e-01 1.000000e-09 3.672873e-01 1           
197:         1.000000e-09 1.000000e-09 5.975381e-01 0.000000001  1.000000e-09 4.024619e-01 1.000000e-09 1.000000e-09 1.000000e-09 1.000000e-09 1           
198:         1.000000e-09 1.000000e-09 1.000000e-09 0.000000001  2.517586e-03 1.000000e-09 1.000000e-09 1.000000e-09 9.974824e-01 1.000000e-09 1           
199:         4.501157e-03 1.000000e-09 1.000000e-09 0.186826437  1.000000e-09 1.000000e-09 1.000000e-09 1.000000e-09 8.086724e-01 1.000000e-09 1           
200:         1.000000e-09 1.087230e-09 6.721980e-01 0.000000001  3.278020e-01 1.000000e-09 1.000000e-09 1.000000e-09 1.000000e-09 1.000000e-09 1           
201:         2.302074e-01 1.000000e-09 9.253481e-09 0.000000001  1.000000e-09 1.000000e-09 1.000000e-09 1.000000e-09 7.697926e-01 1.000000e-09 1           
202:         1.000000e-09 1.000000e-09 1.000000e-09 0.000000001  1.000000e-09 1.000000e+00 1.000000e-09 1.000000e-09 1.000000e-09 1.000000e-09 1           
203:         1.000000e-09 1.000000e-09 1.000000e-09 0.000000001  1.000000e-09 9.480537e-01 1.000000e-09 5.194630e-02 1.000000e-09 1.000000e-09 1           
204:         1.000000e-09 1.000000e-09 1.000000e-09 0.000000001  1.000000e-09 1.000000e+00 1.000000e-09 1.000000e-09 1.000000e-09 1.000000e-09 1           
205:         1.000000e-09 1.000000e-09 1.000000e-09 0.000000001  1.000000e-09 2.152373e-01 1.406389e-01 1.000000e-09 6.441239e-01 1.000000e-09 1           
206:         1.000000e-09 8.775475e-01 1.000000e-09 0.000000001  3.119081e-02 1.000000e-09 9.126165e-02 1.000000e-09 1.000000e-09 1.000000e-09 1           
207:         1.045626e-09 2.408114e-01 1.000000e-09 0.000000001  4.663497e-01 1.000000e-09 1.000000e-09 2.928389e-01 1.000000e-09 1.000000e-09 1           
208:         1.000000e-09 1.000000e-09 3.653490e-01 0.000000001  1.000000e-09 6.318966e-01 1.000000e-09 2.754425e-03 1.000000e-09 1.000000e-09 1           
209:         1.000000e-09 1.000000e-09 1.000000e-09 0.000000001  5.862659e-01 1.000000e-09 1.000000e-09 1.000000e-09 4.137341e-01 1.000000e-09 1           
210:         1.000000e-09 1.000000e-09 1.000000e-09 0.000000001  1.000000e-09 4.160380e-01 1.000000e-09 1.000000e-09 5.839620e-01 1.000000e-09 1           
211:         1.000000e-09 1.000000e-09 1.000000e-09 0.000000001  1.000000e-09 7.356606e-01 1.000000e-09 1.000000e-09 2.643394e-01 1.000000e-09 1           
212:         1.000000e-09 1.000000e-09 9.296645e-01 0.000000001  1.000000e-09 1.000000e-09 7.033545e-02 1.000000e-09 1.000000e-09 1.000000e-09 1           
213:         1.000000e-09 1.000000e-09 1.000000e-09 0.000000001  1.000000e-09 1.000000e+00 1.000000e-09 1.000000e-09 1.000000e-09 1.000000e-09 1           
214:         1.000000e-09 7.438491e-01 1.000000e-09 0.256150850  1.000000e-09 1.000000e-09 1.000000e-09 1.000000e-09 1.000000e-09 1.000000e-09 1           
215:         1.000000e-09 1.000000e-09 1.000000e-09 0.000000001  2.878417e-01 7.121583e-01 1.000000e-09 1.000000e-09 1.000000e-09 1.000000e-09 1           
216:         2.879313e-01 1.000000e-09 1.000000e-09 0.000000001  1.000000e-09 1.000000e-09 7.120687e-01 1.000000e-09 1.000000e-09 1.000000e-09 1           
217:         1.000000e-09 1.000000e-09 1.000000e-09 0.000000001  1.000000e-09 1.000000e+00 1.000000e-09 1.000000e-09 1.000000e-09 1.000000e-09 1           
218:         1.000000e-09 4.300950e-01 1.000000e-09 0.452083439  1.000000e-09 1.000000e-09 1.000000e-09 1.000000e-09 1.178216e-01 1.000000e-09 1           
219:         1.000000e-09 1.000000e-09 1.000000e-09 0.326100060  1.000000e-09 1.000000e-09 1.000000e-09 2.117456e-01 4.621543e-01 1.000000e-09 1           
220:         1.000000e-09 1.000000e-09 1.000000e-09 0.012712210  1.000000e-09 6.537123e-01 1.000000e-09 1.000000e-09 1.000000e-09 3.335755e-01 1           
221:         1.000000e-09 1.000000e-09 1.000000e-09 0.000000001  1.000000e-09 9.999973e-01 1.000000e-09 1.907713e-09 1.000000e-09 2.718868e-06 1           
222:         1.000000e-09 1.000000e-09 1.000000e-09 0.000000001  1.000000e-09 1.000000e+00 1.000000e-09 1.000000e-09 1.000000e-09 1.000000e-09 1           
223:         1.000000e-09 1.000000e-09 1.000000e-09 0.000000001  1.000000e-09 1.000000e-09 1.000000e-09 4.903341e-01 5.096659e-01 1.000000e-09 1           
224:         1.000000e-09 1.000000e-09 1.000000e-09 0.000000001  1.000000e-09 1.000000e+00 1.000000e-09 1.000000e-09 1.000000e-09 1.000000e-09 1           
225:         1.000000e-09 1.000000e-09 1.000000e-09 0.000000001  1.000000e-09 1.000000e+00 1.000000e-09 1.000000e-09 1.000000e-09 1.000000e-09 1           
226:         1.934852e-01 1.000000e-09 1.000000e-09 0.000000001  1.000000e-09 8.065148e-01 1.000000e-09 1.000000e-09 1.000000e-09 1.000000e-09 1           
227:         1.000000e-09 1.000000e-09 1.000000e-09 0.000000001  1.000000e-09 1.000000e+00 1.000000e-09 1.000000e-09 1.000000e-09 1.000000e-09 1           
228:         1.000000e-09 1.000000e-09 9.997184e-01 0.000000001  1.000000e-09 1.000000e-09 1.000000e-09 1.000000e-09 1.000000e-09 2.815776e-04 1           
229:         1.000000e-09 1.000000e-09 1.000000e+00 0.000000001  1.000000e-09 1.000000e-09 1.000000e-09 1.000000e-09 1.000000e-09 1.000000e-09 1           
230:         1.000000e-09 1.000000e-09 1.000000e-09 0.000000001  1.000000e+00 1.000000e-09 1.000000e-09 1.000000e-09 1.000000e-09 1.000000e-09 1           
                                   
                                   
1:           1.000000e-09 1.000000e-09 1.000000e-09 1.000000e-09 1.000000e-09 1.000000e-09 1.000000e-09 0.000000001  1.000000e+00 0.000000001  1           
2:           1.000000e-09 1.000000e-09 1.000000e-09 1.000000e-09 1.000000e-09 2.859605e-01 7.140395e-01 0.000000001  1.000000e-09 0.000000001  1           
3:           1.000000e-09 1.000000e+00 1.000000e-09 1.000000e-09 1.000000e-09 1.000000e-09 1.000000e-09 0.000000001  1.000000e-09 0.000000001  1           
4:           1.044324e-01 3.070900e-02 1.000000e-09 1.000000e-09 1.000000e-09 2.063860e-01 6.584726e-01 0.000000001  1.000000e-09 0.000000001  1           
5:           1.000000e-09 1.000000e-09 1.000000e-09 1.000000e-09 1.000000e-09 2.847082e-01 6.531099e-01 0.062181891  1.000000e-09 0.000000001  1           
6:           1.000000e-09 1.000000e-09 7.098120e-01 1.000000e-09 2.901880e-01 1.000000e-09 1.000000e-09 0.000000001  1.000000e-09 0.000000001  1           
7:           1.000000e-09 9.094750e-02 6.670579e-02 1.000000e-09 8.423467e-01 1.000000e-09 1.000000e-09 0.000000001  1.000000e-09 0.000000001  1           
8:           8.362553e-01 1.000000e-09 1.000000e-09 1.000000e-09 1.000000e-09 1.637447e-01 1.000000e-09 0.000000001  1.000000e-09 0.000000001  1           
9:           1.000000e-09 1.000000e+00 1.000000e-09 1.000000e-09 1.000000e-09 1.000000e-09 1.000000e-09 0.000000001  1.000000e-09 0.000000001  1           
10:          1.000000e-09 1.000000e-09 1.000000e+00 1.000000e-09 1.000000e-09 1.000000e-09 1.000000e-09 0.000000001  1.000000e-09 0.000000001  1           
11:          1.000000e-09 1.932235e-01 1.000000e-09 1.000000e-09 1.000000e-09 1.000000e-09 8.067765e-01 0.000000001  1.000000e-09 0.000000001  1           
12:          1.730545e-01 1.000000e-09 1.000000e-09 1.000000e-09 1.000000e-09 1.000000e-09 8.269454e-01 0.000000001  1.000000e-09 0.000000001  1           
13:          7.434159e-02 1.000000e-09 1.000000e-09 1.000000e-09 1.000000e-09 6.555153e-02 8.601069e-01 0.000000001  1.000000e-09 0.000000001  1           
14:          1.000000e-09 1.000000e-09 1.000000e-09 1.000000e+00 1.000000e-09 1.000000e-09 1.000000e-09 0.000000001  1.000000e-09 0.000000001  1           
15:          4.076978e-01 3.217994e-01 1.000000e-09 1.000000e-09 1.000000e-09 1.000000e-09 1.000000e-09 0.270502816  1.000000e-09 0.000000001  1           
16:          1.000000e-09 1.000000e-09 1.851134e-01 6.548960e-03 8.083376e-01 1.000000e-09 1.000000e-09 0.000000001  1.000000e-09 0.000000001  1           
17:          1.000000e-09 1.000000e-09 1.000000e-09 1.000000e-09 1.000000e-09 1.000000e-09 8.388954e-01 0.161104585  1.000000e-09 0.000000001  1           
18:          1.000000e-09 1.738765e-02 1.000000e-09 1.000000e-09 1.000000e-09 1.000000e-09 9.826123e-01 0.000000001  1.000000e-09 0.000000001  1           
19:          4.142176e-02 1.000000e-09 1.000000e-09 1.528236e-01 8.056924e-01 1.000000e-09 6.221067e-05 0.000000001  1.000000e-09 0.000000001  1           
20:          1.886301e-01 7.768115e-08 1.000000e-09 1.000000e-09 1.000000e-09 1.000000e-09 8.113698e-01 0.000000001  1.000000e-09 0.000000001  1           
21:          1.000000e-09 1.530022e-01 1.000000e-09 1.000000e-09 1.000000e-09 1.000000e-09 8.469978e-01 0.000000001  1.000000e-09 0.000000001  1           
22:          1.000000e-09 1.000000e+00 1.000000e-09 1.000000e-09 1.000000e-09 1.000000e-09 1.000000e-09 0.000000001  1.000000e-09 0.000000001  1           
23:          1.000000e-09 1.000000e-09 1.538560e-01 1.371139e-02 7.178607e-01 1.000000e-09 1.000000e-09 0.000000001  1.000000e-09 0.114571900  1           
24:          1.000000e-09 1.000000e-09 2.117974e-01 1.000000e-09 7.882026e-01 1.000000e-09 1.000000e-09 0.000000001  1.000000e-09 0.000000001  1           
