  1:   0.3337  0.1342  0.1891  0.1316  0.2114  1
  2:   0.3396  0.0000  0.0000  0.6604  0.0000  1
  3:   0.3686  0.0000  0.2278  0.0000  0.4036  1
  4:   0.1760  0.3589  0.0730  0.2315  0.1606  1
  5:   0.1611  0.0665  0.2747  0.0478  0.4500  1
  6:   0.0000  1.0000  0.0000  0.0000  0.0000  1
  7:   0.3561  0.0000  0.5336  0.1103  0.0000  1
  8:   0.0000  0.0000  0.0000  1.0000  0.0000  1
  9:   0.1743  0.2707  0.2690  0.2365  0.0494  1
 10:   0.0000  0.0000  0.0000  0.5530  0.4470  1
 11:   0.1784  0.2528  0.1928  0.0441  0.3319  1
 12:   0.0000  0.0000  0.0000  1.0000  0.0000  1
 13:   0.0000  0.0000  0.6084  0.3916  0.0000  1
 14:   0.5467  0.0000  0.1222  0.0813  0.2498  1
 15:   0.0000  0.3244  0.4307  0.0000  0.2449  1
 16:   0.0000  0.0000  0.0000  1.0000  0.0000  1
 17:   0.0000  0.0000  0.0000  1.0000  0.0000  1
 18:   0.4146  0.0000  0.2696  0.0000  0.3158  1
 19:   1.0000  0.0000  0.0000  0.0000  0.0000  1
 20:   0.1388  0.0000  0.0000  0.1594  0.7018  1
 21:   0.0000  0.1792  0.4793  0.3415  0.0000  1
 22:   0.3223  0.0380  0.3123  0.3274  0.0000  1
 23:   0.2356  0.1138  0.3682  0.2824  0.0000  1
 24:   0.4391  0.0000  0.4226  0.1383  0.0000  1
 25:   0.0000  0.0000  0.6898  0.3102  0.0000  1
 26:   0.3938  0.0000  0.3909  0.0000  0.2152  1
 27:   0.7072  0.0000  0.0000  0.2928  0.0000  1
 28:   0.0455  0.3971  0.1340  0.1570  0.2664  1
 29:   0.1008  0.0390  0.3153  0.1234  0.4215  1
 30:   0.0000  0.0000  0.0000  1.0000  0.0000  1
 31:   0.3018  0.2930  0.2213  0.0573  0.1266  1
 32:   0.0396  0.3184  0.0584  0.1503  0.4332  1
 33:   0.0000  0.0000  0.0000  1.0000  0.0000  1
 34:   0.0000  0.4980  0.0000  0.4978  0.0042  1
 35:   0.4016  0.1300  0.0000  0.4684  0.0000  1
 36:   0.1473  0.0000  0.0000  0.6462  0.2064  1
 37:   0.0000  0.0000  0.0000  1.0000  0.0000  1
 38:   0.0000  0.0000  1.0000  0.0000  0.0000  1
 39:   0.0000  0.0000  0.0238  0.5760  0.4002  1
 40:   1.0000  0.0000  0.0000  0.0000  0.0000  1
 41:   0.3963  0.0722  0.3509  0.0132  0.1674  1
 42:   0.0000  0.0000  0.4430  0.0000  0.5570  1
 43:   1.0000  0.0000  0.0000  0.0000  0.0000  1
 44:   0.0000  0.0000  0.0000  1.0000  0.0000  1
 45:   0.3311  0.0000  0.0000  0.3996  0.2693  1
 46:   0.2782  0.3075  0.0200  0.2264  0.1679  1
 47:   0.4312  0.0000  0.0000  0.5688  0.0000  1
 48:   0.3406  0.0000  0.3197  0.0000  0.3397  1
 49:   0.0000  0.0000  0.0000  0.0000  1.0000  1
 50:   0.0000  0.0000  0.0000  1.0000  0.0000  1
 51:   0.4163  0.0000  0.3842  0.0000  0.1995  1
 52:   0.0000  0.0000  0.7144  0.0000  0.2856  1
 53:   0.0962  0.2940  0.1078  0.3262  0.1757  1
 54:   0.5376  0.0122  0.2736  0.1765  0.0000  1
 55:   0.0000  0.0000  0.0000  1.0000  0.0000  1
 56:   1.0000  0.0000  0.0000  0.0000  0.0000  1
 57:   1.0000  0.0000  0.0000  0.0000  0.0000  1
 58:   0.2236  0.2544  0.1331  0.1634  0.2255  1
 59:   0.6805  0.0000  0.0000  0.3195  0.0000  1
 60:   0.3535  0.1172  0.1915  0.0642  0.2736  1
 61:   0.0000  0.0000  0.0000  1.0000  0.0000  1
 62:   0.0000  1.0000  0.0000  0.0000  0.0000  1
 63:   0.3108  0.1055  0.2572  0.2307  0.0958  1
 64:   0.0000  0.0000  0.0000  1.0000  0.0000  1
 65:   0.2924  0.2451  0.2630  0.1273  0.0723  1
 66:   0.2099  0.0000  0.3880  0.0000  0.4021  1
 67:   0.1051  0.1876  0.1739  0.3415  0.1919  1
 68:   0.0000  0.0000  0.4408  0.0000  0.5592  1
 69:   0.0000  0.0000  0.0000  0.0000  1.0000  1
 70:   0.0000  0.0000  0.0000  1.0000  0.0000  1
 71:   0.2233  0.1596  0.1917  0.1538  0.2715  1
 72:   0.6636  0.0828  0.1508  0.1028  0.0000  1
 73:   0.0000  0.0000  0.0000  0.5213  0.4787  1
 74:   0.0047  0.3747  0.1755  0.2728  0.1724  1
 75:   0.1236  0.0319  0.4247  0.2367  0.1832  1
 76:   0.0000  0.2140  0.0000  0.7860  0.0000  1
 77:   0.0000  0.4825  0.0000  0.4803  0.0372  1
 78:   0.4546  0.0220  0.3004  0.2230  0.0000  1
 79:   0.0000  0.0000  0.0143  0.5719  0.4138  1
 80:   1.0000  0.0000  0.0000  0.0000  0.0000  1
 81:   0.3067  0.2781  0.0846  0.2728  0.0577  1
 82:   0.0000  0.0000  0.0000  1.0000  0.0000  1
 83:   0.0000  0.0000  1.0000  0.0000  0.0000  1
 84:   0.2160  0.1039  0.1911  0.2668  0.2223  1
 85:   1.0000  0.0000  0.0000  0.0000  0.0000  1
 86:   0.0000  0.0000  1.0000  0.0000  0.0000  1
 87:   0.0000  0.0000  0.0000  1.0000  0.0000  1
 88:   0.3103  0.0417  0.0291  0.3980  0.2209  1
 89:   0.0000  0.3838  0.6162  0.0000  0.0000  1
 90:   0.0000  1.0000  0.0000  0.0000  0.0000  1
 91:   0.4592  0.0109  0.4083  0.1215  0.0000  1
 92:   0.2873  0.0000  0.4258  0.0000  0.2869  1
 93:   0.0000  0.1778  0.5785  0.2438  0.0000  1
 94:   0.0000  0.0000  1.0000  0.0000  0.0000  1
 95:   0.0000  0.0000  0.5749  0.4251  0.0000  1
 96:   0.3078  0.0448  0.3730  0.2743  0.0000  1
 97:   0.0000  0.3023  0.2523  0.0000  0.4454  1
 98:   0.4099  0.0000  0.0000  0.2246  0.3655  1
 99:   0.0000  0.0000  0.1718  0.2864  0.5418  1
100:   0.0000  0.2978  0.1955  0.5067  0.0000  1
101:   0.0000  0.3218  0.0000  0.3345  0.3437  1
102:   0.0000  0.3360  0.0000  0.0000  0.6640  1
103:   0.0000  0.0000  0.0000  0.0000  1.0000  1
104:   0.0000  1.0000  0.0000  0.0000  0.0000  1
105:   0.2273  0.0792  0.2369  0.1202  0.3364  1
106:   0.4292  0.3862  0.0000  0.1846  0.0000  1
107:   0.5111  0.1478  0.3289  0.0122  0.0000  1
108:   0.0247  0.3755  0.3662  0.0231  0.2106  1
109:   0.0000  0.0000  0.0000  0.5084  0.4916  1
110:   0.0354  0.0000  0.0000  0.3463  0.6183  1
111:   0.2590  0.0000  0.2849  0.2694  0.1867  1
112:   0.1261  0.3513  0.2070  0.2639  0.0517  1
113:   0.2436  0.0000  0.5000  0.2564  0.0000  1
114:   0.3696  0.0000  0.0000  0.0603  0.5701  1
115:   0.0396  0.0000  0.4144  0.0930  0.4530  1
116:   0.0000  0.3000  0.2553  0.0000  0.4446  1
117:   0.0666  0.2585  0.0000  0.6749  0.0000  1
118:   0.0000  0.0000  0.0000  0.0000  1.0000  1
119:   0.4628  0.5372  0.0000  0.0000  0.0000  1
120:   0.0000  0.3028  0.2659  0.0000  0.4313  1
121:   0.0000  0.0000  0.0000  0.0000  1.0000  1
122:   0.0000  0.4595  0.0000  0.0000  0.5405  1
123:   0.0000  0.4597  0.0000  0.0000  0.5403  1
124:   0.2107  0.1485  0.1237  0.2290  0.2881  1
125:   0.4709  0.0000  0.0000  0.5291  0.0000  1
126:   0.0000  0.3000  0.2553  0.0000  0.4446  1
127:   0.2586  0.4322  0.1556  0.0663  0.0874  1
128:   0.5160  0.0353  0.0823  0.0879  0.2784  1
129:   0.2497  0.0000  0.5000  0.2503  0.0000  1
130:   0.0000  1.0000  0.0000  0.0000  0.0000  1
131:   0.0000  0.0000  0.2494  0.7506  0.0000  1
132:   0.0000  0.3487  0.2770  0.0173  0.3570  1
133:   0.0000  0.0000  0.0000  1.0000  0.0000  1
134:   0.0000  0.3378  0.1695  0.0000  0.4927  1
135:   0.0000  0.0000  0.3950  0.3132  0.2918  1
136:   0.0000  0.3170  0.0000  0.4963  0.1867  1
137:   0.0000  0.0000  0.0000  0.0000  1.0000  1
138:   0.0000  0.4472  0.0000  0.0482  0.5046  1
139:   0.0000  0.0000  1.0000  0.0000  0.0000  1
140:   0.0000  0.0000  0.0000  0.0000  1.0000  1
141:   0.0000  0.2324  0.2926  0.0000  0.4750  1
142:   0.3520  0.0852  0.1394  0.2225  0.2009  1
143:   0.0000  0.0000  1.0000  0.0000  0.0000  1
144:   0.2075  0.0000  0.3445  0.0377  0.4104  1
145:   0.0000  0.2509  0.1906  0.0000  0.5585  1
146:   0.0121  0.1829  0.1479  0.6571  0.0000  1
147:   0.0000  0.5004  0.0000  0.4996  0.0000  1
148:   0.0590  0.3057  0.0458  0.3544  0.2352  1
149:   0.7020  0.0377  0.1625  0.0978  0.0000  1
150:   0.0000  0.0000  0.0000  1.0000  0.0000  1
151:   0.1587  0.2917  0.0198  0.2363  0.2935  1
152:   0.0000  0.4798  0.0000  0.1119  0.4083  1
153:   0.0129  0.2688  0.0000  0.3496  0.3688  1
154:   0.0702  0.4801  0.2687  0.1520  0.0291  1
155:   0.1483  0.3787  0.0000  0.0000  0.4730  1
156:   0.0770  0.0068  0.1785  0.4217  0.3160  1
157:   0.3618  0.0000  0.0000  0.6382  0.0000  1
158:   0.5610  0.0000  0.0000  0.4390  0.0000  1
159:   0.0000  0.3734  0.6266  0.0000  0.0000  1
160:   0.0000  0.0000  0.0000  0.3355  0.6645  1
161:   0.4682  0.0000  0.0000  0.5318  0.0000  1
162:   0.0440  0.1350  0.4580  0.0000  0.3629  1
163:   0.1068  0.0000  0.3445  0.1958  0.3529  1
164:   0.2016  0.0000  0.0000  0.3545  0.4440  1
165:   0.0000  0.0000  0.0000  0.4376  0.5624  1
166:   0.5006  0.0000  0.1682  0.3311  0.0000  1
167:   0.3783  0.0236  0.1159  0.1747  0.3074  1
168:   0.2928  0.0000  0.6288  0.0784  0.0000  1
169:   0.2298  0.1707  0.0000  0.4087  0.1908  1
170:   0.0337  0.0317  0.2655  0.3447  0.3245  1
171:   0.4673  0.0000  0.4164  0.0000  0.1164  1
172:   0.4377  0.0000  0.0000  0.5623  0.0000  1
173:   0.0000  0.4240  0.5760  0.0000  0.0000  1
174:   0.0000  0.0000  0.3440  0.3785  0.2775  1
175:   0.3846  0.0000  0.0000  0.3255  0.2899  1
176:   0.2768  0.0000  0.2980  0.4252  0.0000  1
177:   0.2008  0.0000  0.3600  0.0000  0.4392  1
178:   0.3466  0.0000  0.3069  0.0000  0.3465  1
179:   0.6095  0.1331  0.0000  0.2574  0.0000  1
180:   0.3161  0.0000  0.0000  0.2533  0.4306  1
181:   0.0391  0.2898  0.2033  0.3551  0.1128  1
182:   0.0000  0.0000  0.0000  1.0000  0.0000  1
183:   0.3427  0.0000  0.2349  0.0000  0.4224  1
184:   0.3640  0.0000  0.0000  0.3167  0.3193  1
185:   0.5108  0.0000  0.0000  0.0000  0.4892  1
186:   0.0000  0.3502  0.6498  0.0000  0.0000  1
187:   0.1501  0.0000  0.3115  0.5384  0.0000  1
188:   0.3177  0.0000  0.2701  0.0000  0.4122  1
189:   0.0000  0.0000  0.3413  0.3686  0.2902  1
190:   0.1774  0.0707  0.3219  0.1550  0.2750  1
191:   0.5930  0.0844  0.3162  0.0064  0.0000  1
192:   0.2250  0.0000  0.0000  0.5087  0.2663  1
193:   0.0000  0.0000  0.1417  0.7676  0.0906  1
194:   0.0000  0.5416  0.0000  0.0000  0.4584  1
195:   0.2922  0.2392  0.2879  0.1540  0.0267  1
196:   0.0000  0.2511  0.4841  0.0000  0.2648  1
197:   0.0000  0.0000  0.0000  0.0000  1.0000  1
198:   0.1880  0.0000  0.0000  0.8120  0.0000  1
199:   0.0000  0.0000  0.0000  1.0000  0.0000  1
200:   0.2817  0.2397  0.2054  0.0427  0.2305  1
201:   0.5000  0.5000  0.0000  0.0000  0.0000  1
202:   0.0000  0.2650  0.0000  0.2335  0.5016  1
203:   1.0000  0.0000  0.0000  0.0000  0.0000  1
204:   0.0000  0.0000  0.0000  1.0000  0.0000  1
205:   0.2343  0.1180  0.2389  0.2156  0.1933  1
206:   0.6334  0.0500  0.1885  0.1281  0.0000  1
207:   0.0000  0.3314  0.1372  0.0000  0.5314  1
208:   0.0000  0.0000  0.0000  1.0000  0.0000  1
209:   0.0000  0.0000  0.0000  0.0000  1.0000  1
210:   0.0000  0.0000  0.0000  1.0000  0.0000  1
211:   0.6360  0.0013  0.3016  0.0611  0.0000  1
212:   0.0000  0.0000  0.2877  0.0000  0.7123  1
213:   0.0000  0.0000  1.0000  0.0000  0.0000  1
214:   0.0000  0.7466  0.2534  0.0000  0.0000  1
215:   0.0000  0.4988  0.0000  0.3076  0.1936  1
216:   0.0000  0.0000  0.0000  1.0000  0.0000  1
217:   0.0000  0.0000  0.0000  0.1018  0.8982  1
218:   0.0000  0.4960  0.5040  0.0000  0.0000  1
219:   0.0000  0.4116  0.0000  0.0000  0.5884  1
220:   0.0000  0.0000  0.0000  0.0000  1.0000  1
221:   0.6229  0.0000  0.0000  0.3771  0.0000  1
222:   0.0000  0.0000  0.0000  1.0000  0.0000  1
223:   0.0000  0.0000  0.0000  0.0000  1.0000  1
224:   0.2332  0.3049  0.0775  0.0398  0.3446  1
225:   0.0000  0.0000  0.0000  0.0000  1.0000  1
226:   0.1272  0.0000  0.0000  0.5180  0.3548  1
227:   0.0167  0.1263  0.0792  0.7778  0.0000  1
228:   0.2927  0.0000  0.2541  0.4533  0.0000  1
229:   0.0000  0.0000  0.5977  0.0920  0.3103  1
230:   0.5037  0.0000  0.4963  0.0000  0.0000  1
231:   0.2713  0.0000  0.1753  0.5534  0.0000  1
232:   0.0000  0.0000  0.2807  0.0000  0.7193  1
233:   0.0000  0.0000  0.4182  0.5818  0.0000  1
234:   0.1148  0.2964  0.2006  0.0832  0.3050  1
235:   0.0000  0.3634  0.0000  0.0000  0.6366  1
236:   0.0000  0.0000  0.7375  0.2625  0.0000  1
237:   0.0000  0.0000  1.0000  0.0000  0.0000  1
238:   0.0000  0.0000  0.0000  0.0000  1.0000  1
239:   0.0000  0.4129  0.0000  0.0000  0.5871  1
240:   0.0923  0.1398  0.3310  0.0793  0.3577  1
241:   0.0000  0.0000  0.0000  1.0000  0.0000  1
242:   0.0000  0.0000  0.0000  0.0000  1.0000  1
243:   0.0000  0.0000  0.4447  0.0000  0.5553  1
244:   0.0000  0.2636  0.4278  0.0000  0.3086  1
245:   0.2274  0.0000  0.0000  0.1208  0.6518  1
246:   0.0000  0.2930  0.7070  0.0000  0.0000  1
247:   0.1413  0.0000  0.0000  0.0000  0.8587  1
248:   0.0000  0.4069  0.5931  0.0000  0.0000  1
249:   0.4345  0.2734  0.0000  0.2921  0.0000  1
250:   0.2693  0.1849  0.1044  0.3338  0.1076  1
251:   0.0000  0.0000  1.0000  0.0000  0.0000  1
252:   0.0000  1.0000  0.0000  0.0000  0.0000  1
253:   0.1636  0.0000  0.0000  0.2803  0.5561  1
254:   0.0000  0.0000  1.0000  0.0000  0.0000  1
255:   0.0000  0.3333  0.0000  0.6667  0.0000  1
256:   0.0000  0.0000  0.0000  1.0000  0.0000  1
257:   0.0000  0.0000  0.5821  0.0796  0.3383  1
258:   0.0000  0.0000  0.4237  0.0000  0.5763  1
259:   0.0000  0.0000  0.0000  1.0000  0.0000  1
260:   0.0000  0.0000  0.0000  1.0000  0.0000  1
261:   0.1153  0.0798  0.3294  0.2847  0.1908  1
262:   0.0000  0.0000  0.0000  0.1856  0.8144  1
