1:           0.333696726  0.134240063  0.189080270  1.315840e-01 0.211398922  1           
2:           0.339585735  0.000000001  0.000000001  6.604143e-01 0.000000001  1           
3:           0.368626652  0.000000001  0.227821427  1.000000e-09 0.403551919  1           
4:           0.175970089  0.358949356  0.072970364  2.315068e-01 0.160603378  1           
5:           0.161066002  0.066490154  0.274655579  4.783745e-02 0.449950812  1           
6:           0.000000001  0.999999996  0.000000001  1.000000e-09 0.000000001  1           
7:           0.356143540  0.000000001  0.533584622  1.102718e-01 0.000000001  1           
8:           0.000000001  0.000000001  0.000000001  1.000000e+00 0.000000001  1           
9:           0.174319734  0.270736872  0.269029985  2.365488e-01 0.049364607  1           
10:          0.000000001  0.000000001  0.000000001  5.530196e-01 0.446980441  1           
11:          0.178412904  0.252835442  0.192776533  4.407077e-02 0.331904351  1           
12:          0.000000001  0.000000001  0.000000001  1.000000e+00 0.000000001  1           
13:          0.000000001  0.000000001  0.608378074  3.916219e-01 0.000000001  1           
14:          0.546746611  0.000000001  0.122151415  8.125963e-02 0.249842338  1           
15:          0.000000001  0.324445283  0.430651968  1.000000e-09 0.244902747  1           
16:          0.000000001  0.000000001  0.000000001  1.000000e+00 0.000000001  1           
17:          0.000000001  0.000000001  0.000000001  1.000000e+00 0.000000001  1           
18:          0.414618089  0.000000001  0.269560842  1.000000e-09 0.315821067  1           
19:          0.999999996  0.000000001  0.000000001  1.000000e-09 0.000000001  1           
20:          0.138797235  0.000000001  0.000000001  1.594028e-01 0.701800012  1           
21:          0.000000001  0.179170162  0.479297492  3.415323e-01 0.000000001  1           
22:          0.322316618  0.038034473  0.312272918  3.273760e-01 0.000000001  1           
23:          0.235595583  0.113782085  0.368225856  2.823965e-01 0.000000001  1           
24:          0.439094227  0.000000001  0.422640029  1.382657e-01 0.000000001  1           
25:          0.000000001  0.000000001  0.689804036  3.101960e-01 0.000000001  1           
26:          0.393840914  0.000000001  0.390945857  1.000000e-09 0.215213227  1           
27:          0.707203737  0.000000001  0.000000001  2.927963e-01 0.000000001  1           
28:          0.045507195  0.397117152  0.134008178  1.569656e-01 0.266401858  1           
29:          0.100833728  0.038982557  0.315272562  1.233888e-01 0.421522366  1           
30:          0.000000001  0.000000001  0.000000001  1.000000e+00 0.000000001  1           
31:          0.301819709  0.292994143  0.221297339  5.731883e-02 0.126569981  1           
32:          0.039592763  0.318414028  0.058413146  1.503363e-01 0.433243720  1           
33:          0.000000001  0.000000001  0.000000001  1.000000e+00 0.000000001  1           
34:          0.000000001  0.498040644  0.000000001  4.977951e-01 0.004164221  1           
35:          0.401626355  0.130006575  0.000000001  4.683671e-01 0.000000001  1           
36:          0.147347071  0.000000001  0.000000001  6.462339e-01 0.206419032  1           
37:          0.000000001  0.000000001  0.000000001  1.000000e+00 0.000000001  1           
38:          0.000000001  0.000000001  0.999999996  1.000000e-09 0.000000001  1           
39:          0.000000001  0.000000001  0.023755446  5.760102e-01 0.400234317  1           
40:          0.999999996  0.000000001  0.000000001  1.000000e-09 0.000000001  1           
41:          0.396250928  0.072201122  0.350926294  1.318817e-02 0.167433486  1           
42:          0.000000001  0.000000001  0.443049375  1.000000e-09 0.556950622  1           
43:          0.999999996  0.000000001  0.000000001  1.000000e-09 0.000000001  1           
44:          0.000000001  0.000000001  0.000000001  1.000000e+00 0.000000001  1           
45:          0.331123479  0.000000001  0.000000001  3.996081e-01 0.269268467  1           
46:          0.278238499  0.307480902  0.020024869  2.263909e-01 0.167864819  1           
47:          0.431211332  0.000000001  0.000000001  5.687887e-01 0.000000001  1           
48:          0.340574500  0.000000001  0.319742941  1.000000e-09 0.339682557  1           
49:          0.000000001  0.000000001  0.000000001  1.000000e-09 0.999999996  1           
50:          0.000000001  0.000000001  0.000000001  1.000000e+00 0.000000001  1           
51:          0.416349523  0.000000001  0.384153657  1.000000e-09 0.199496818  1           
52:          0.000000001  0.000000001  0.714353067  1.000000e-09 0.285646930  1           
53:          0.096222315  0.294035268  0.107816651  3.261920e-01 0.175733719  1           
54:          0.537621201  0.012248169  0.273626609  1.765040e-01 0.000000001  1           
55:          0.000000001  0.000000001  0.000000001  1.000000e+00 0.000000001  1           
56:          0.999999996  0.000000001  0.000000001  1.000000e-09 0.000000001  1           
57:          0.999999996  0.000000001  0.000000001  1.000000e-09 0.000000001  1           
58:          0.223590154  0.254406495  0.133066339  1.634280e-01 0.225509013  1           
59:          0.680544090  0.000000001  0.000000001  3.194559e-01 0.000000001  1           
60:          0.353505341  0.117211913  0.191521249  6.415626e-02 0.273605242  1           
61:          0.000000001  0.000000001  0.000000001  1.000000e+00 0.000000001  1           
62:          0.000000001  0.999999996  0.000000001  1.000000e-09 0.000000001  1           
63:          0.310787198  0.105529972  0.257184040  2.306696e-01 0.095829175  1           
64:          0.000000001  0.000000001  0.000000001  1.000000e+00 0.000000001  1           
65:          0.292358826  0.245078560  0.262968978  1.273351e-01 0.072258531  1           
66:          0.209902187  0.000000001  0.388029038  1.000000e-09 0.402068773  1           
67:          0.105085895  0.187637388  0.173900151  3.414978e-01 0.191878732  1           
68:          0.000000001  0.000000001  0.440769033  1.000000e-09 0.559230964  1           
69:          0.000000001  0.000000001  0.000000001  1.000000e-09 0.999999996  1           
70:          0.000000001  0.000000001  0.000000001  1.000000e+00 0.000000001  1           
71:          0.223348647  0.159637523  0.191701449  1.538185e-01 0.271493883  1           
72:          0.663563543  0.082788390  0.150819523  1.028285e-01 0.000000001  1           
73:          0.000000001  0.000000001  0.000000001  5.213061e-01 0.478693944  1           
74:          0.004664724  0.374656448  0.175537347  2.727740e-01 0.172367443  1           
75:          0.123592413  0.031877688  0.424691970  2.366713e-01 0.183166666  1           
76:          0.000000001  0.214003097  0.000000001  7.859969e-01 0.000000001  1           
77:          0.000000001  0.482513476  0.000000001  4.803216e-01 0.037164874  1           
78:          0.454601899  0.022023445  0.300366209  2.230084e-01 0.000000001  1           
79:          0.000000001  0.000000001  0.014278996  5.719215e-01 0.413799540  1           
80:          0.999999996  0.000000001  0.000000001  1.000000e-09 0.000000001  1           
81:          0.306749541  0.278139585  0.084556257  2.728302e-01 0.057724412  1           
82:          0.000000001  0.000000001  0.000000001  1.000000e+00 0.000000001  1           
83:          0.000000001  0.000000001  0.999999996  1.000000e-09 0.000000001  1           
84:          0.216001538  0.103850936  0.191080640  2.667572e-01 0.222309704  1           
85:          0.999999996  0.000000001  0.000000001  1.000000e-09 0.000000001  1           
86:          0.000000001  0.000000001  0.999999996  1.000000e-09 0.000000001  1           
87:          0.000000001  0.000000001  0.000000001  1.000000e+00 0.000000001  1           
88:          0.310268938  0.041738879  0.029103428  3.979558e-01 0.220932943  1           
89:          0.000000001  0.383773091  0.616226906  1.000000e-09 0.000000001  1           
90:          0.000000001  0.999999996  0.000000001  1.000000e-09 0.000000001  1           
91:          0.459210514  0.010941832  0.408336060  1.215116e-01 0.000000001  1           
92:          0.287256457  0.000000001  0.425839792  1.000000e-09 0.286903748  1           
93:          0.000000001  0.177780723  0.578462831  2.437564e-01 0.000000001  1           
94:          0.000000001  0.000000001  0.999999996  1.000000e-09 0.000000001  1           
95:          0.000000001  0.000000001  0.574939138  4.250609e-01 0.000000001  1           
96:          0.307806302  0.044841579  0.373039263  2.743129e-01 0.000000001  1           
97:          0.000000001  0.302294677  0.252270495  1.000000e-09 0.445434827  1           
98:          0.409931858  0.000000001  0.000000001  2.246030e-01 0.365465154  1           
99:          0.000000001  0.000000001  0.171838351  2.863990e-01 0.541762630  1           
100:         0.000000001  0.297823645  0.195459302  5.067171e-01 0.000000001  1           
101:         0.000000001  0.321842863  0.000000001  3.345038e-01 0.343653365  1           
102:         0.000000001  0.336012574  0.000000001  1.000000e-09 0.663987423  1           
103:         0.000000001  0.000000001  0.000000001  1.000000e-09 0.999999996  1           
104:         0.000000001  0.999999996  0.000000001  1.000000e-09 0.000000001  1           
105:         0.227288008  0.079243497  0.236869413  1.202157e-01 0.336383353  1           
106:         0.429216975  0.386191512  0.000000001  1.845915e-01 0.000000001  1           
107:         0.511119957  0.147820598  0.328896413  1.216303e-02 0.000000001  1           
108:         0.024689753  0.375459529  0.366201172  2.305530e-02 0.210594242  1           
109:         0.000000001  0.000000001  0.000000001  5.084121e-01 0.491587916  1           
110:         0.035374822  0.000000001  0.000000001  3.463157e-01 0.618309449  1           
111:         0.258990302  0.000000001  0.284918226  2.694407e-01 0.186650792  1           
112:         0.126144564  0.351291865  0.206969617  2.639200e-01 0.051673999  1           
113:         0.243602285  0.000000001  0.499999898  2.563978e-01 0.000000001  1           
114:         0.369591533  0.000000001  0.000000001  6.033549e-02 0.570072979  1           
115:         0.039555106  0.000000001  0.414411969  9.301047e-02 0.453022457  1           
116:         0.000000001  0.300042877  0.255321089  1.000000e-09 0.444636032  1           
117:         0.066598025  0.258519021  0.000000001  6.748830e-01 0.000000001  1           
118:         0.000000001  0.000000001  0.000000001  1.000000e-09 0.999999996  1           
119:         0.462753714  0.537246283  0.000000001  1.000000e-09 0.000000001  1           
120:         0.000000001  0.302820686  0.265920558  1.000000e-09 0.431258754  1           
121:         0.000000001  0.000000001  0.000000001  1.000000e-09 0.999999996  1           
122:         0.000000001  0.459544807  0.000000001  1.000000e-09 0.540455190  1           
123:         0.000000001  0.459720688  0.000000001  1.000000e-09 0.540279309  1           
124:         0.210711076  0.148500841  0.123689921  2.290051e-01 0.288093072  1           
125:         0.470941869  0.000000001  0.000000001  5.290581e-01 0.000000001  1           
126:         0.000000001  0.300045377  0.255320010  1.000000e-09 0.444634610  1           
127:         0.258562309  0.432162196  0.155570579  6.628229e-02 0.087422622  1           
128:         0.515950735  0.035335787  0.082345736  8.792750e-02 0.278440238  1           
129:         0.249686091  0.000000001  0.499996652  2.503173e-01 0.000000001  1           
130:         0.000000001  0.999999996  0.000000001  1.000000e-09 0.000000001  1           
131:         0.000000001  0.000000001  0.249405520  7.505945e-01 0.000000001  1           
132:         0.000000001  0.348690012  0.276955934  1.733106e-02 0.357022990  1           
133:         0.000000001  0.000000001  0.000000001  1.000000e+00 0.000000001  1           
134:         0.000000001  0.337829187  0.169505339  1.000000e-09 0.492665472  1           
135:         0.000000001  0.000000001  0.394987829  3.131643e-01 0.291847884  1           
136:         0.000000001  0.316986030  0.000000001  4.963039e-01 0.186710032  1           
137:         0.000000001  0.000000001  0.000000001  1.000000e-09 0.999999996  1           
138:         0.000000001  0.447205951  0.000000001  4.815764e-02 0.504636410  1           
139:         0.000000001  0.000000001  0.999999996  1.000000e-09 0.000000001  1           
140:         0.000000001  0.000000001  0.000000001  1.000000e-09 0.999999996  1           
141:         0.000000001  0.232413543  0.292562130  1.000000e-09 0.475024324  1           
142:         0.351999881  0.085198226  0.139406195  2.224758e-01 0.200919920  1           
143:         0.000000001  0.000000001  0.999999996  1.000000e-09 0.000000001  1           
144:         0.207466535  0.000000001  0.344479943  3.765669e-02 0.410396828  1           
145:         0.000000001  0.250894942  0.190589845  1.000000e-09 0.558515211  1           
146:         0.012061667  0.182922961  0.147909537  6.571058e-01 0.000000001  1           
147:         0.000000001  0.500406227  0.000000001  4.995938e-01 0.000000001  1           
148:         0.058967161  0.305684167  0.045790019  3.543663e-01 0.235192326  1           
149:         0.702039556  0.037723973  0.162454001  9.778247e-02 0.000000001  1           
150:         0.000000001  0.000000001  0.000000001  1.000000e+00 0.000000001  1           
151:         0.158719119  0.291654476  0.019794858  2.363340e-01 0.293497556  1           
152:         0.000000001  0.479815628  0.000000001  1.118812e-01 0.408303147  1           
153:         0.012863153  0.268767975  0.000000001  3.495911e-01 0.368777781  1           
154:         0.070174866  0.480089093  0.268678022  1.519751e-01 0.029082937  1           
155:         0.148263127  0.378748299  0.000000001  1.000000e-09 0.472988572  1           
156:         0.077036249  0.006840856  0.178465099  4.216933e-01 0.315964515  1           
157:         0.361833648  0.000000001  0.000000001  6.381663e-01 0.000000001  1           
158:         0.560979824  0.000000001  0.000000001  4.390202e-01 0.000000001  1           
159:         0.000000001  0.373417578  0.626582419  1.000000e-09 0.000000001  1           
160:         0.000000001  0.000000001  0.000000001  3.355296e-01 0.664470425  1           
161:         0.468177881  0.000000001  0.000000001  5.318221e-01 0.000000001  1           
162:         0.044043520  0.135013511  0.458029072  1.000000e-09 0.362913896  1           
163:         0.106798715  0.000000001  0.344467677  1.958434e-01 0.352890202  1           
164:         0.201554000  0.000000001  0.000000001  3.544698e-01 0.443976226  1           
165:         0.000000001  0.000000001  0.000000001  4.375977e-01 0.562402289  1           
166:         0.500635239  0.000000001  0.168238127  3.311266e-01 0.000000001  1           
167:         0.378339277  0.023567546  0.115933647  1.747217e-01 0.307437861  1           
168:         0.292796255  0.000000001  0.628803498  7.840024e-02 0.000000001  1           
169:         0.229790709  0.170675823  0.000000001  4.086922e-01 0.190841261  1           
170:         0.033650587  0.031660942  0.265514449  3.446899e-01 0.324484140  1           
171:         0.467274131  0.000000001  0.416363777  1.000000e-09 0.116362090  1           
172:         0.437682080  0.000000001  0.000000001  5.623179e-01 0.000000001  1           
173:         0.000000001  0.424049853  0.575950144  1.000000e-09 0.000000001  1           
174:         0.000000001  0.000000001  0.343999971  3.784740e-01 0.277525979  1           
175:         0.384577582  0.000000001  0.000000001  3.255055e-01 0.289916894  1           
176:         0.276795249  0.000000001  0.297954888  4.252499e-01 0.000000001  1           
177:         0.200836175  0.000000001  0.359981718  1.000000e-09 0.439182104  1           
178:         0.346624550  0.000000001  0.306871307  1.000000e-09 0.346504141  1           
179:         0.609543378  0.133056368  0.000000001  2.574003e-01 0.000000001  1           
180:         0.316107350  0.000000001  0.000000001  2.532788e-01 0.430613844  1           
181:         0.039063832  0.289774167  0.203337080  3.550615e-01 0.112763390  1           
182:         0.000000001  0.000000001  0.000000001  1.000000e+00 0.000000001  1           
183:         0.342749375  0.000000001  0.234851165  1.000000e-09 0.422399458  1           
184:         0.364004115  0.000000001  0.000000001  3.166950e-01 0.319300863  1           
185:         0.510753123  0.000000001  0.000000001  1.000000e-09 0.489246874  1           
186:         0.000000001  0.350185319  0.649814678  1.000000e-09 0.000000001  1           
187:         0.150081791  0.000000001  0.311519874  5.383983e-01 0.000000001  1           
188:         0.317733549  0.000000001  0.270056013  1.000000e-09 0.412210436  1           
189:         0.000000001  0.000000001  0.341280308  3.685525e-01 0.290167209  1           
190:         0.177361380  0.070736696  0.321922748  1.550285e-01 0.274950711  1           
191:         0.592996721  0.084392446  0.316239805  6.371027e-03 0.000000001  1           
192:         0.224971690  0.000000001  0.000000001  5.087212e-01 0.266307111  1           
193:         0.000000001  0.000000001  0.141717023  7.676427e-01 0.090640282  1           
194:         0.000000001  0.541631024  0.000000001  1.000000e-09 0.458368973  1           
195:         0.292191627  0.239240511  0.287867369  1.539847e-01 0.026715834  1           
196:         0.000000001  0.251095851  0.484143520  1.000000e-09 0.264760627  1           
197:         0.000000001  0.000000001  0.000000001  1.000000e-09 0.999999996  1           
198:         0.188002896  0.000000001  0.000000001  8.119971e-01 0.000000001  1           
199:         0.000000001  0.000000001  0.000000001  1.000000e+00 0.000000001  1           
200:         0.281694970  0.239725553  0.205418334  4.269623e-02 0.230464909  1           
201:         0.500000018  0.499999979  0.000000001  1.000000e-09 0.000000001  1           
202:         0.000000001  0.264971405  0.000000001  2.334768e-01 0.501551812  1           
203:         0.999999996  0.000000001  0.000000001  1.000000e-09 0.000000001  1           
204:         0.000000001  0.000000001  0.000000001  1.000000e+00 0.000000001  1           
205:         0.234318537  0.117986953  0.238860856  2.155683e-01 0.193265356  1           
206:         0.633404601  0.050047843  0.188471363  1.280762e-01 0.000000001  1           
207:         0.000000001  0.331425522  0.137219825  1.000000e-09 0.531354650  1           
208:         0.000000001  0.000000001  0.000000001  1.000000e+00 0.000000001  1           
209:         0.000000001  0.000000001  0.000000001  1.000000e-09 0.999999996  1           
210:         0.000000001  0.000000001  0.000000001  1.000000e+00 0.000000001  1           
211:         0.636018556  0.001264238  0.301616160  6.110104e-02 0.000000001  1           
212:         0.000000001  0.000000001  0.287683829  1.000000e-09 0.712316168  1           
213:         0.000000001  0.000000001  0.999999996  1.000000e-09 0.000000001  1           
214:         0.000000001  0.746630858  0.253369139  1.000000e-09 0.000000001  1           
215:         0.000000001  0.498832068  0.000000001  3.075686e-01 0.193599369  1           
216:         0.000000001  0.000000001  0.000000001  1.000000e+00 0.000000001  1           
217:         0.000000001  0.000000001  0.000000001  1.017953e-01 0.898204703  1           
218:         0.000000001  0.496028492  0.503971505  1.000000e-09 0.000000001  1           
219:         0.000000001  0.411565457  0.000000001  1.000000e-09 0.588434540  1           
220:         0.000000001  0.000000001  0.000000001  1.000000e-09 0.999999996  1           
221:         0.622884273  0.000000001  0.000000001  3.771157e-01 0.000000001  1           
222:         0.000000001  0.000000001  0.000000001  1.000000e+00 0.000000001  1           
223:         0.000000001  0.000000001  0.000000001  1.000000e-09 0.999999996  1           
224:         0.233165323  0.304940790  0.077476504  3.981792e-02 0.344599463  1           
225:         0.000000001  0.000000001  0.000000001  1.000000e-09 0.999999996  1           
226:         0.127169970  0.000000001  0.000000001  5.179920e-01 0.354838058  1           
227:         0.016743762  0.126329321  0.079160676  7.777662e-01 0.000000001  1           
228:         0.292660607  0.000000001  0.254089298  4.532501e-01 0.000000001  1           
229:         0.000000001  0.000000001  0.597709439  9.198751e-02 0.310303053  1           
230:         0.503675317  0.000000001  0.496324680  1.000000e-09 0.000000001  1           
231:         0.271285751  0.000000001  0.175292996  5.534213e-01 0.000000001  1           
232:         0.000000001  0.000000001  0.280652980  1.000000e-09 0.719347017  1           
233:         0.000000001  0.000000001  0.418163715  5.818363e-01 0.000000001  1           
234:         0.114753712  0.296444010  0.200570946  8.318928e-02 0.305042052  1           
235:         0.000000001  0.363409422  0.000000001  1.000000e-09 0.636590575  1           
236:         0.000000001  0.000000001  0.737488515  2.625115e-01 0.000000001  1           
237:         0.000000001  0.000000001  0.999999996  1.000000e-09 0.000000001  1           
238:         0.000000001  0.000000001  0.000000001  1.000000e-09 0.999999996  1           
239:         0.000000001  0.412926538  0.000000001  1.000000e-09 0.587073459  1           
240:         0.092259055  0.139751243  0.331035422  7.928115e-02 0.357673133  1           
241:         0.000000001  0.000000001  0.000000001  1.000000e+00 0.000000001  1           
242:         0.000000001  0.000000001  0.000000001  1.000000e-09 0.999999996  1           
243:         0.000000001  0.000000001  0.444688293  1.000000e-09 0.555311704  1           
244:         0.000000001  0.263606319  0.427761356  1.000000e-09 0.308632323  1           
245:         0.227350255  0.000000001  0.000000001  1.208341e-01 0.651815673  1           
246:         0.000000001  0.293040504  0.706959493  1.000000e-09 0.000000001  1           
247:         0.141305076  0.000000001  0.000000001  1.304589e-08 0.858694909  1           
248:         0.000000001  0.406929163  0.593070834  1.000000e-09 0.000000001  1           
249:         0.434524601  0.273351830  0.000000001  2.921236e-01 0.000000001  1           
250:         0.269297494  0.184864097  0.104410937  3.337915e-01 0.107636005  1           
251:         0.000000001  0.000000001  0.999999996  1.000000e-09 0.000000001  1           
252:         0.000000001  0.999999996  0.000000001  1.000000e-09 0.000000001  1           
253:         0.163603581  0.000000001  0.000000001  2.802716e-01 0.556124768  1           
254:         0.000000001  0.000000001  0.999999996  1.000000e-09 0.000000001  1           
255:         0.000000001  0.333342682  0.000000001  6.666573e-01 0.000000001  1           
256:         0.000000001  0.000000001  0.000000001  1.000000e+00 0.000000001  1           
257:         0.000000001  0.000000001  0.582060971  7.963007e-02 0.338308957  1           
258:         0.000000001  0.000000001  0.423736500  1.000000e-09 0.576263497  1           
259:         0.000000001  0.000000001  0.000000001  1.000000e+00 0.000000001  1           
260:         0.000000001  0.000000001  0.000000001  1.000000e+00 0.000000001  1           
261:         0.115288693  0.079771628  0.329405892  2.847147e-01 0.190819121  1           
262:         0.000000001  0.000000001  0.000000001  1.855820e-01 0.814417968  1           
                    
                    
1:           0.333696726  0.134240063  0.189080270  1.315840e-01 0.211398922  1           
2:           0.339585735  0.000000001  0.000000001  6.604143e-01 0.000000001  1           
3:           0.368626652  0.000000001  0.227821427  1.000000e-09 0.403551919  1           
4:           0.175970089  0.358949356  0.072970364  2.315068e-01 0.160603378  1           
5:           0.161066002  0.066490154  0.274655579  4.783745e-02 0.449950812  1           
6:           0.000000001  0.999999996  0.000000001  1.000000e-09 0.000000001  1           
7:           0.356143540  0.000000001  0.533584622  1.102718e-01 0.000000001  1           
8:           0.000000001  0.000000001  0.000000001  1.000000e+00 0.000000001  1           
9:           0.174319734  0.270736872  0.269029985  2.365488e-01 0.049364607  1           
10:          0.000000001  0.000000001  0.000000001  5.530196e-01 0.446980441  1           
11:          0.178412904  0.252835442  0.192776533  4.407077e-02 0.331904351  1           
12:          0.000000001  0.000000001  0.000000001  1.000000e+00 0.000000001  1           
13:          0.000000001  0.000000001  0.608378074  3.916219e-01 0.000000001  1           
14:          0.546746611  0.000000001  0.122151415  8.125963e-02 0.249842338  1           
15:          0.000000001  0.324445283  0.430651968  1.000000e-09 0.244902747  1           
16:          0.000000001  0.000000001  0.000000001  1.000000e+00 0.000000001  1           
17:          0.000000001  0.000000001  0.000000001  1.000000e+00 0.000000001  1           
18:          0.414618089  0.000000001  0.269560842  1.000000e-09 0.315821067  1           
19:          0.999999996  0.000000001  0.000000001  1.000000e-09 0.000000001  1           
20:          0.138797235  0.000000001  0.000000001  1.594028e-01 0.701800012  1           
21:          0.000000001  0.179170162  0.479297492  3.415323e-01 0.000000001  1           
22:          0.322316618  0.038034473  0.312272918  3.273760e-01 0.000000001  1           
23:          0.235595583  0.113782085  0.368225856  2.823965e-01 0.000000001  1           
24:          0.439094227  0.000000001  0.422640029  1.382657e-01 0.000000001  1           
25:          0.000000001  0.000000001  0.689804036  3.101960e-01 0.000000001  1           
26:          0.393840914  0.000000001  0.390945857  1.000000e-09 0.215213227  1           
27:          0.707203737  0.000000001  0.000000001  2.927963e-01 0.000000001  1           
28:          0.045507195  0.397117152  0.134008178  1.569656e-01 0.266401858  1           
29:          0.100833728  0.038982557  0.315272562  1.233888e-01 0.421522366  1           
30:          0.000000001  0.000000001  0.000000001  1.000000e+00 0.000000001  1           
31:          0.301819709  0.292994143  0.221297339  5.731883e-02 0.126569981  1           
32:          0.039592763  0.318414028  0.058413146  1.503363e-01 0.433243720  1           
33:          0.000000001  0.000000001  0.000000001  1.000000e+00 0.000000001  1           
34:          0.000000001  0.498040644  0.000000001  4.977951e-01 0.004164221  1           
35:          0.401626355  0.130006575  0.000000001  4.683671e-01 0.000000001  1           
36:          0.147347071  0.000000001  0.000000001  6.462339e-01 0.206419032  1           
37:          0.000000001  0.000000001  0.000000001  1.000000e+00 0.000000001  1           
38:          0.000000001  0.000000001  0.999999996  1.000000e-09 0.000000001  1           
39:          0.000000001  0.000000001  0.023755446  5.760102e-01 0.400234317  1           
40:          0.999999996  0.000000001  0.000000001  1.000000e-09 0.000000001  1           
41:          0.396250928  0.072201122  0.350926294  1.318817e-02 0.167433486  1           
42:          0.000000001  0.000000001  0.443049375  1.000000e-09 0.556950622  1           
43:          0.999999996  0.000000001  0.000000001  1.000000e-09 0.000000001  1           
44:          0.000000001  0.000000001  0.000000001  1.000000e+00 0.000000001  1           
45:          0.331123479  0.000000001  0.000000001  3.996081e-01 0.269268467  1           
46:          0.278238499  0.307480902  0.020024869  2.263909e-01 0.167864819  1           
47:          0.431211332  0.000000001  0.000000001  5.687887e-01 0.000000001  1           
48:          0.340574500  0.000000001  0.319742941  1.000000e-09 0.339682557  1           
49:          0.000000001  0.000000001  0.000000001  1.000000e-09 0.999999996  1           
50:          0.000000001  0.000000001  0.000000001  1.000000e+00 0.000000001  1           
51:          0.416349523  0.000000001  0.384153657  1.000000e-09 0.199496818  1           
52:          0.000000001  0.000000001  0.714353067  1.000000e-09 0.285646930  1           
53:          0.096222315  0.294035268  0.107816651  3.261920e-01 0.175733719  1           
54:          0.537621201  0.012248169  0.273626609  1.765040e-01 0.000000001  1           
55:          0.000000001  0.000000001  0.000000001  1.000000e+00 0.000000001  1           
56:          0.999999996  0.000000001  0.000000001  1.000000e-09 0.000000001  1           
57:          0.999999996  0.000000001  0.000000001  1.000000e-09 0.000000001  1           
58:          0.223590154  0.254406495  0.133066339  1.634280e-01 0.225509013  1           
59:          0.680544090  0.000000001  0.000000001  3.194559e-01 0.000000001  1           
60:          0.353505341  0.117211913  0.191521249  6.415626e-02 0.273605242  1           
61:          0.000000001  0.000000001  0.000000001  1.000000e+00 0.000000001  1           
62:          0.000000001  0.999999996  0.000000001  1.000000e-09 0.000000001  1           
63:          0.310787198  0.105529972  0.257184040  2.306696e-01 0.095829175  1           
64:          0.000000001  0.000000001  0.000000001  1.000000e+00 0.000000001  1           
65:          0.292358826  0.245078560  0.262968978  1.273351e-01 0.072258531  1           
66:          0.209902187  0.000000001  0.388029038  1.000000e-09 0.402068773  1           
67:          0.105085895  0.187637388  0.173900151  3.414978e-01 0.191878732  1           
68:          0.000000001  0.000000001  0.440769033  1.000000e-09 0.559230964  1           
69:          0.000000001  0.000000001  0.000000001  1.000000e-09 0.999999996  1           
70:          0.000000001  0.000000001  0.000000001  1.000000e+00 0.000000001  1           
71:          0.223348647  0.159637523  0.191701449  1.538185e-01 0.271493883  1           
72:          0.663563543  0.082788390  0.150819523  1.028285e-01 0.000000001  1           
73:          0.000000001  0.000000001  0.000000001  5.213061e-01 0.478693944  1           
74:          0.004664724  0.374656448  0.175537347  2.727740e-01 0.172367443  1           
75:          0.123592413  0.031877688  0.424691970  2.366713e-01 0.183166666  1           
76:          0.000000001  0.214003097  0.000000001  7.859969e-01 0.000000001  1           
77:          0.000000001  0.482513476  0.000000001  4.803216e-01 0.037164874  1           
78:          0.454601899  0.022023445  0.300366209  2.230084e-01 0.000000001  1           
79:          0.000000001  0.000000001  0.014278996  5.719215e-01 0.413799540  1           
80:          0.999999996  0.000000001  0.000000001  1.000000e-09 0.000000001  1           
81:          0.306749541  0.278139585  0.084556257  2.728302e-01 0.057724412  1           
82:          0.000000001  0.000000001  0.000000001  1.000000e+00 0.000000001  1           
83:          0.000000001  0.000000001  0.999999996  1.000000e-09 0.000000001  1           
84:          0.216001538  0.103850936  0.191080640  2.667572e-01 0.222309704  1           
85:          0.999999996  0.000000001  0.000000001  1.000000e-09 0.000000001  1           
86:          0.000000001  0.000000001  0.999999996  1.000000e-09 0.000000001  1           
87:          0.000000001  0.000000001  0.000000001  1.000000e+00 0.000000001  1           
88:          0.310268938  0.041738879  0.029103428  3.979558e-01 0.220932943  1           
89:          0.000000001  0.383773091  0.616226906  1.000000e-09 0.000000001  1           
90:          0.000000001  0.999999996  0.000000001  1.000000e-09 0.000000001  1           
91:          0.459210514  0.010941832  0.408336060  1.215116e-01 0.000000001  1           
92:          0.287256457  0.000000001  0.425839792  1.000000e-09 0.286903748  1           
93:          0.000000001  0.177780723  0.578462831  2.437564e-01 0.000000001  1           
94:          0.000000001  0.000000001  0.999999996  1.000000e-09 0.000000001  1           
95:          0.000000001  0.000000001  0.574939138  4.250609e-01 0.000000001  1           
96:          0.307806302  0.044841579  0.373039263  2.743129e-01 0.000000001  1           
97:          0.000000001  0.302294677  0.252270495  1.000000e-09 0.445434827  1           
98:          0.409931858  0.000000001  0.000000001  2.246030e-01 0.365465154  1           
99:          0.000000001  0.000000001  0.171838351  2.863990e-01 0.541762630  1           
100:         0.000000001  0.297823645  0.195459302  5.067171e-01 0.000000001  1           
101:         0.000000001  0.321842863  0.000000001  3.345038e-01 0.343653365  1           
102:         0.000000001  0.336012574  0.000000001  1.000000e-09 0.663987423  1           
103:         0.000000001  0.000000001  0.000000001  1.000000e-09 0.999999996  1           
104:         0.000000001  0.999999996  0.000000001  1.000000e-09 0.000000001  1           
105:         0.227288008  0.079243497  0.236869413  1.202157e-01 0.336383353  1           
106:         0.429216975  0.386191512  0.000000001  1.845915e-01 0.000000001  1           
107:         0.511119957  0.147820598  0.328896413  1.216303e-02 0.000000001  1           
108:         0.024689753  0.375459529  0.366201172  2.305530e-02 0.210594242  1           
109:         0.000000001  0.000000001  0.000000001  5.084121e-01 0.491587916  1           
110:         0.035374822  0.000000001  0.000000001  3.463157e-01 0.618309449  1           
111:         0.258990302  0.000000001  0.284918226  2.694407e-01 0.186650792  1           
112:         0.126144564  0.351291865  0.206969617  2.639200e-01 0.051673999  1           
113:         0.243602285  0.000000001  0.499999898  2.563978e-01 0.000000001  1           
114:         0.369591533  0.000000001  0.000000001  6.033549e-02 0.570072979  1           
115:         0.039555106  0.000000001  0.414411969  9.301047e-02 0.453022457  1           
116:         0.000000001  0.300042877  0.255321089  1.000000e-09 0.444636032  1           
117:         0.066598025  0.258519021  0.000000001  6.748830e-01 0.000000001  1           
118:         0.000000001  0.000000001  0.000000001  1.000000e-09 0.999999996  1           
119:         0.462753714  0.537246283  0.000000001  1.000000e-09 0.000000001  1           
120:         0.000000001  0.302820686  0.265920558  1.000000e-09 0.431258754  1           
121:         0.000000001  0.000000001  0.000000001  1.000000e-09 0.999999996  1           
122:         0.000000001  0.459544807  0.000000001  1.000000e-09 0.540455190  1           
123:         0.000000001  0.459720688  0.000000001  1.000000e-09 0.540279309  1           
124:         0.210711076  0.148500841  0.123689921  2.290051e-01 0.288093072  1           
125:         0.470941869  0.000000001  0.000000001  5.290581e-01 0.000000001  1           
126:         0.000000001  0.300045377  0.255320010  1.000000e-09 0.444634610  1           
127:         0.258562309  0.432162196  0.155570579  6.628229e-02 0.087422622  1           
128:         0.515950735  0.035335787  0.082345736  8.792750e-02 0.278440238  1           
129:         0.249686091  0.000000001  0.499996652  2.503173e-01 0.000000001  1           
130:         0.000000001  0.999999996  0.000000001  1.000000e-09 0.000000001  1           
131:         0.000000001  0.000000001  0.249405520  7.505945e-01 0.000000001  1           
132:         0.000000001  0.348690012  0.276955934  1.733106e-02 0.357022990  1           
133:         0.000000001  0.000000001  0.000000001  1.000000e+00 0.000000001  1           
134:         0.000000001  0.337829187  0.169505339  1.000000e-09 0.492665472  1           
135:         0.000000001  0.000000001  0.394987829  3.131643e-01 0.291847884  1           
136:         0.000000001  0.316986030  0.000000001  4.963039e-01 0.186710032  1           
137:         0.000000001  0.000000001  0.000000001  1.000000e-09 0.999999996  1           
138:         0.000000001  0.447205951  0.000000001  4.815764e-02 0.504636410  1           
139:         0.000000001  0.000000001  0.999999996  1.000000e-09 0.000000001  1           
140:         0.000000001  0.000000001  0.000000001  1.000000e-09 0.999999996  1           
141:         0.000000001  0.232413543  0.292562130  1.000000e-09 0.475024324  1           
142:         0.351999881  0.085198226  0.139406195  2.224758e-01 0.200919920  1           
143:         0.000000001  0.000000001  0.999999996  1.000000e-09 0.000000001  1           
144:         0.207466535  0.000000001  0.344479943  3.765669e-02 0.410396828  1           
145:         0.000000001  0.250894942  0.190589845  1.000000e-09 0.558515211  1           
146:         0.012061667  0.182922961  0.147909537  6.571058e-01 0.000000001  1           
147:         0.000000001  0.500406227  0.000000001  4.995938e-01 0.000000001  1           
148:         0.058967161  0.305684167  0.045790019  3.543663e-01 0.235192326  1           
149:         0.702039556  0.037723973  0.162454001  9.778247e-02 0.000000001  1           
150:         0.000000001  0.000000001  0.000000001  1.000000e+00 0.000000001  1           
151:         0.158719119  0.291654476  0.019794858  2.363340e-01 0.293497556  1           
152:         0.000000001  0.479815628  0.000000001  1.118812e-01 0.408303147  1           
153:         0.012863153  0.268767975  0.000000001  3.495911e-01 0.368777781  1           
154:         0.070174866  0.480089093  0.268678022  1.519751e-01 0.029082937  1           
155:         0.148263127  0.378748299  0.000000001  1.000000e-09 0.472988572  1           
156:         0.077036249  0.006840856  0.178465099  4.216933e-01 0.315964515  1           
157:         0.361833648  0.000000001  0.000000001  6.381663e-01 0.000000001  1           
158:         0.560979824  0.000000001  0.000000001  4.390202e-01 0.000000001  1           
159:         0.000000001  0.373417578  0.626582419  1.000000e-09 0.000000001  1           
160:         0.000000001  0.000000001  0.000000001  3.355296e-01 0.664470425  1           
161:         0.468177881  0.000000001  0.000000001  5.318221e-01 0.000000001  1           
162:         0.044043520  0.135013511  0.458029072  1.000000e-09 0.362913896  1           
163:         0.106798715  0.000000001  0.344467677  1.958434e-01 0.352890202  1           
164:         0.201554000  0.000000001  0.000000001  3.544698e-01 0.443976226  1           
165:         0.000000001  0.000000001  0.000000001  4.375977e-01 0.562402289  1           
166:         0.500635239  0.000000001  0.168238127  3.311266e-01 0.000000001  1           
167:         0.378339277  0.023567546  0.115933647  1.747217e-01 0.307437861  1           
168:         0.292796255  0.000000001  0.628803498  7.840024e-02 0.000000001  1           
169:         0.229790709  0.170675823  0.000000001  4.086922e-01 0.190841261  1           
170:         0.033650587  0.031660942  0.265514449  3.446899e-01 0.324484140  1           
171:         0.467274131  0.000000001  0.416363777  1.000000e-09 0.116362090  1           
172:         0.437682080  0.000000001  0.000000001  5.623179e-01 0.000000001  1           
