1:           1.263465e-01 9.595615e-02 5.227927e-02 4.993409e-02 6.995250e-02 5.169775e-02 0.069304180  2.712510e-02 0.1300573201 0.085389094  1.010034e-01 0.1409546105 1           
2:           1.000227e-09 6.292831e-01 1.000000e-09 1.000000e-09 1.000000e-09 1.000000e-09 0.000000001  1.000000e-09 0.0000000010 0.000000001  3.707169e-01 0.0000000010 1           
3:           1.000000e-09 1.000000e-09 1.000000e-09 2.597221e-02 1.000000e-09 2.621878e-01 0.399470693  1.000000e-09 0.0000000010 0.010995714  1.432791e-01 0.1580945080 1           
4:           7.961157e-02 1.653937e-01 4.147565e-02 6.587240e-02 9.894315e-02 1.606662e-01 0.064992730  1.312429e-01 0.1216181424 0.019694128  5.251475e-03 0.0452380778 1           
5:           1.000000e-09 1.000000e-09 1.000000e-09 1.000000e-09 1.000000e-09 1.530168e-01 0.445462853  1.000000e-09 0.0118361869 0.114329910  1.000000e-09 0.2753542101 1           
6:           1.000000e-09 1.000000e-09 1.000000e-09 6.228970e-02 1.000000e-09 1.000000e-09 0.000000001  3.157336e-01 0.0000000010 0.621976652  1.000000e-09 0.0000000010 1           
7:           6.126391e-02 1.000000e-09 1.000000e-09 1.000000e-09 5.199717e-01 1.000000e-09 0.000000001  1.000000e-09 0.0579308207 0.000000001  3.608336e-01 0.0000000010 1           
8:           2.258171e-01 2.573581e-01 1.000000e-09 1.000000e-09 1.000000e-09 1.000000e-09 0.340762700  1.000000e-09 0.1760620829 0.000000001  1.000000e-09 0.0000000010 1           
9:           9.687825e-02 5.724226e-02 3.961599e-02 1.314460e-01 9.620967e-02 1.658094e-02 0.107765250  1.295896e-01 0.0489965609 0.053393603  1.240670e-01 0.0982148668 1           
10:          2.287385e-02 1.946186e-01 1.000000e-09 1.000000e-09 1.000000e-09 1.000000e-09 0.500079421  1.000000e-09 0.2824280971 0.000000001  1.000000e-09 0.0000000010 1           
11:          8.136558e-02 1.091666e-01 2.913786e-02 5.789562e-02 9.655739e-03 9.433093e-02 0.028965390  1.273534e-01 0.1638746910 0.077094956  1.137233e-01 0.1074359557 1           
12:          2.457632e-01 2.560526e-01 1.000000e-09 1.000000e-09 1.000000e-09 1.000000e-09 0.357193956  1.000000e-09 0.1409902570 0.000000001  1.000000e-09 0.0000000010 1           
13:          1.066214e-01 1.000000e-09 1.000000e-09 1.000000e-09 5.660870e-01 1.000000e-09 0.000000001  1.000000e-09 0.3272915431 0.000000001  1.000000e-09 0.0000000010 1           
14:          1.000000e-09 1.000000e-09 1.000000e-09 1.000000e-09 1.000000e-09 4.078420e-01 0.000000001  1.000000e-09 0.0000000010 0.000000001  2.234946e-01 0.3686633986 1           
15:          1.000000e-09 1.929628e-01 1.000000e-09 3.004331e-01 1.000000e-09 1.000000e-09 0.410998604  1.000000e-09 0.0000000010 0.095605513  1.000000e-09 0.0000000010 1           
16:          5.659698e-03 5.780648e-01 1.000000e-09 1.000000e-09 1.000000e-09 1.000000e-09 0.242449514  1.000000e-09 0.1738259880 0.000000001  1.000000e-09 0.0000000010 1           
17:          1.000000e+00 1.000000e-09 1.000000e-09 1.000000e-09 1.000000e-09 1.000000e-09 0.000000001  1.000000e-09 0.0000000010 0.000000001  1.000000e-09 0.0000000010 1           
18:          1.000000e-09 1.000000e-09 1.000000e-09 1.437725e-01 1.000000e-09 1.069555e-01 0.345512482  1.000000e-09 0.0000000010 0.000000001  3.036733e-01 0.1000861998 1           
19:          1.000000e-09 1.000000e-09 1.000000e-09 1.000000e-09 1.000000e-09 1.000000e-09 0.000000001  1.000000e-09 0.0000000010 0.000000001  1.000000e+00 0.0000000010 1           
20:          6.251425e-02 1.000000e-09 1.000000e-09 1.000000e-09 1.000000e-09 1.000000e-09 0.000000001  4.236966e-01 0.3972973864 0.000000001  1.000000e-09 0.1164917377 1           
21:          1.000000e-09 1.000000e-09 1.000000e-09 1.000000e-09 5.022405e-01 1.000000e-09 0.000000001  1.000000e-09 0.0000000010 0.000000001  1.000000e-09 0.4977594853 1           
22:          2.304505e-01 3.883177e-02 1.195378e-01 1.648099e-01 4.561590e-02 1.000000e-09 0.000000001  1.000000e-09 0.3504860335 0.000000001  3.943385e-02 0.0108342476 1           
23:          1.000000e-09 1.000000e-09 1.000000e-09 2.290385e-01 1.668275e-01 1.000000e-09 0.000000001  1.000000e-09 0.2015864083 0.000000001  1.000000e-09 0.4025475930 1           
24:          1.000000e-09 1.000000e-09 1.000000e-09 4.359507e-01 1.000000e-09 4.609049e-01 0.000000001  1.000000e-09 0.1031403066 0.000000001  4.035204e-06 0.0000000010 1           
25:          1.000000e-09 1.000000e-09 1.000000e-09 3.986420e-01 6.013580e-01 1.000000e-09 0.000000001  1.000000e-09 0.0000000010 0.000000001  1.000000e-09 0.0000000010 1           
26:          1.000000e-09 1.000000e-09 1.000000e-09 1.861391e-01 1.142265e-01 3.075664e-01 0.078206700  1.000000e-09 0.0000000010 0.000000001  3.138614e-01 0.0000000010 1           
27:          1.000000e-09 1.000000e-09 1.000000e-09 1.000000e-09 1.000000e-09 1.000000e-09 0.000000001  1.000000e-09 0.0000000010 0.000000001  5.000000e-01 0.5000000182 1           
28:          1.867207e-01 1.843096e-01 1.623830e-01 2.079870e-02 9.660326e-02 1.188198e-02 0.030582377  1.545373e-01 0.0418331561 0.071175315  1.359936e-02 0.0255752261 1           
29:          6.848134e-02 5.914117e-03 1.318370e-01 3.562619e-02 6.399017e-02 5.944654e-02 0.059316996  1.557913e-01 0.0999415800 0.057877303  1.438314e-01 0.1179460653 1           
30:          1.000000e+00 1.000000e-09 1.000000e-09 1.000079e-09 1.000000e-09 1.000000e-09 0.000000001  1.000000e-09 0.0000000010 0.000000001  1.000000e-09 0.0000000010 1           
31:          9.893442e-02 8.535303e-02 9.632075e-02 1.218732e-01 1.243812e-01 1.037778e-01 0.006710526  4.691533e-02 0.1082444534 0.106280631  7.382206e-02 0.0273865820 1           
32:          2.775132e-02 1.496918e-01 2.001635e-02 1.230031e-01 4.182880e-02 1.570984e-01 0.072390124  1.245097e-01 0.0323092953 0.112039598  1.076619e-03 0.1382849658 1           
33:          1.000000e+00 1.000000e-09 1.000000e-09 1.000000e-09 1.000000e-09 1.000000e-09 0.000000001  1.000000e-09 0.0000000010 0.000000001  1.000000e-09 0.0000000010 1           
34:          1.494980e-01 1.076249e-01 1.000000e-09 2.329116e-01 1.000000e-09 1.000000e-09 0.128086606  1.625289e-01 0.1147904282 0.104559513  1.000000e-09 0.0000000010 1           
35:          1.000000e-09 1.000000e-09 1.000000e-09 1.000000e-09 1.000000e-09 1.000000e-09 0.000000001  1.000000e-09 0.0886650244 0.000000001  8.866503e-02 0.8226699379 1           
36:          6.365981e-02 1.000000e-09 1.000000e-09 2.532279e-02 1.000000e-09 1.000000e-09 0.000000001  1.000000e-09 0.7071079132 0.000000001  1.000000e-09 0.2039094719 1           
37:          3.725884e-01 2.566146e-01 1.000000e-09 1.000000e-09 1.000000e-09 1.000000e-09 0.000000001  1.000000e-09 0.3707969623 0.000000001  1.000000e-09 0.0000000010 1           
38:          1.000000e-09 1.000000e-09 1.000000e-09 1.435858e-05 9.999856e-01 1.000000e-09 0.000000001  1.000000e-09 0.0000000010 0.000000001  1.000000e-09 0.0000000010 1           
39:          2.033526e-01 1.000000e-09 1.000000e-09 1.000000e-09 1.000000e-09 5.797398e-01 0.000000001  1.000000e-09 0.2169075951 0.000000001  1.000000e-09 0.0000000010 1           
40:          1.000000e-09 1.000000e-09 1.000000e-09 1.000000e-09 1.000000e-09 1.000000e-09 0.000000001  1.000000e-09 0.0000000010 0.000000001  1.000000e+00 0.0000000010 1           
41:          6.586244e-02 1.319169e-01 1.503140e-01 1.519770e-01 1.157264e-01 1.469905e-01 0.038867068  1.112794e-01 0.0107113204 0.015904297  4.395014e-02 0.0165005661 1           
42:          1.000000e-09 1.000000e-09 1.000000e-09 1.000000e-09 1.000000e-09 1.000000e+00 0.000000001  1.000000e-09 0.0000000010 0.000000001  1.000000e-09 0.0000000010 1           
43:          1.000000e-09 1.000000e-09 1.000000e-09 1.000000e-09 1.000000e-09 1.000000e-09 0.000000001  1.000000e-09 0.1074186387 0.000000001  8.925814e-01 0.0000000010 1           
44:          1.000013e-09 2.129127e-02 3.962696e-01 1.000000e-09 1.000000e-09 1.000000e-09 0.000000001  3.886142e-01 0.0000000010 0.000000001  1.000000e-09 0.1938249593 1           
45:          1.000000e-09 1.000000e-09 1.000000e-09 1.000000e-09 1.000000e-09 7.131388e-01 0.000000001  1.000000e-09 0.2868611835 0.000000001  1.000000e-09 0.0000000010 1           
46:          7.328498e-02 7.669241e-02 1.108321e-01 8.185219e-02 6.992102e-02 8.090748e-02 0.055355480  5.823941e-02 0.0884694621 0.136185876  5.688869e-02 0.1113708633 1           
47:          1.115043e-01 7.283492e-02 1.000000e-09 1.000000e-09 1.000000e-09 6.362601e-01 0.167012648  1.000000e-09 0.0123880900 0.000000001  1.000000e-09 0.0000000010 1           
48:          1.000000e-09 1.000000e-09 1.000000e-09 1.000000e-09 1.000000e-09 7.486777e-01 0.251322264  1.000000e-09 0.0000000010 0.000000001  1.000000e-09 0.0000000010 1           
49:          1.000000e-09 1.000000e-09 1.000000e-09 1.000000e-09 1.000000e-09 5.987256e-01 0.015751436  9.636232e-02 0.0000000010 0.289160600  1.000000e-09 0.0000000010 1           
50:          2.045657e-01 3.383272e-01 1.000000e-09 1.000000e-09 1.000000e-09 1.000000e-09 0.281071413  1.000000e-09 0.1760356667 0.000000001  1.000000e-09 0.0000000010 1           
51:          1.000000e-09 1.000000e-09 1.000000e-09 1.182863e-01 2.314050e-01 3.189627e-01 0.000000001  1.000000e-09 0.0000000010 0.000000001  1.531549e-01 0.1781911754 1           
52:          1.000000e-09 1.000000e-09 1.000000e-09 1.000000e-09 3.109082e-01 4.055027e-02 0.648541526  1.000000e-09 0.0000000010 0.000000001  1.000000e-09 0.0000000010 1           
53:          1.443341e-01 1.322833e-02 4.694165e-02 1.159024e-01 1.278151e-01 6.900610e-02 0.019836461  1.455758e-02 0.1547279268 0.104420352  9.115014e-02 0.0980797930 1           
54:          1.839487e-06 1.000000e-09 1.000000e-09 4.995465e-01 1.000000e-09 1.000000e-09 0.000000001  1.000000e-09 0.0000000010 0.000000001  5.004516e-01 0.0000000010 1           
55:          6.067166e-01 1.936140e-02 1.000000e-09 1.000000e-09 1.000000e-09 1.000000e-09 0.199824370  1.000000e-09 0.1740975982 0.000000001  1.000000e-09 0.0000000010 1           
56:          1.000000e-09 1.000000e-09 1.000000e-09 1.000000e-09 1.000000e-09 1.000000e-09 0.000000001  1.000000e-09 0.0000000010 0.000000001  1.000000e+00 0.0000000010 1           
57:          1.000000e-09 1.000000e-09 1.000000e-09 1.000000e-09 1.000000e-09 1.000000e-09 0.000000001  1.000000e-09 0.0000000010 0.000000001  1.000000e+00 0.0000000010 1           
58:          1.060720e-01 5.635751e-02 1.106376e-01 7.156729e-03 1.374976e-01 9.748515e-02 0.032642784  1.246584e-01 0.1036393537 0.072297607  1.012725e-01 0.0502827714 1           
59:          4.252354e-02 1.000000e-09 1.000000e-09 1.000000e-09 1.000000e-09 1.000000e-09 0.000000001  1.000000e-09 0.2730506517 0.000000001  6.844258e-01 0.0000000010 1           
60:          6.644175e-02 3.419719e-02 1.345765e-01 8.718276e-02 9.419267e-02 1.566890e-01 0.166994581  3.594246e-02 0.0458535274 0.113573573  4.351246e-02 0.0208434960 1           
61:          1.000011e-09 1.509269e-01 6.502503e-01 1.000000e-09 1.000000e-09 1.000000e-09 0.000000001  1.504284e-01 0.0000000010 0.000000001  1.000000e-09 0.0483944181 1           
62:          1.000000e-09 1.000000e-09 1.000000e-09 1.000000e-09 1.000000e-09 1.000000e-09 0.000000001  1.000000e-09 0.0000000010 0.999999989  1.000000e-09 0.0000000010 1           
63:          1.400562e-01 1.215972e-01 2.423507e-02 3.599668e-02 7.409674e-02 6.057623e-02 0.053404955  1.127164e-01 0.1257546104 0.038582793  1.005371e-01 0.1124460643 1           
64:          2.634762e-01 4.258012e-01 1.000000e-09 1.000000e-09 1.000000e-09 1.000000e-09 0.213291841  1.000000e-09 0.0974307704 0.000000001  1.000000e-09 0.0000000010 1           
65:          2.882129e-02 6.425614e-02 1.328143e-01 9.696065e-02 7.507201e-02 1.117794e-01 0.090154528  7.236575e-02 0.0873510512 0.118673763  1.147258e-01 0.0070253282 1           
66:          1.000000e-09 1.000000e-09 1.000000e-09 1.000000e-09 1.000000e-09 3.204455e-01 0.679554493  1.000000e-09 0.0000000010 0.000000001  1.000000e-09 0.0000000010 1           
67:          7.937820e-02 1.497120e-01 8.246389e-02 1.489882e-01 1.445191e-01 9.900805e-02 0.062100247  1.833616e-02 0.0050621866 0.030525655  1.065468e-01 0.0733594608 1           
68:          1.000000e-09 1.000000e-09 1.000000e-09 1.000000e-09 1.000000e-09 1.000000e-09 0.628956121  1.000000e-09 0.3710438692 0.000000001  1.000000e-09 0.0000000010 1           
69:          1.000000e-09 1.000000e-09 1.000000e-09 1.000000e-09 1.000000e-09 1.000000e-09 0.000000001  1.000000e+00 0.0000000010 0.000000001  1.000000e-09 0.0000000010 1           
70:          1.000090e-09 1.000000e+00 1.000000e-09 1.000000e-09 1.000000e-09 1.000000e-09 0.000000001  1.000000e-09 0.0000000010 0.000000001  1.000000e-09 0.0000000010 1           
71:          1.200213e-01 5.972986e-02 8.692021e-02 7.431714e-02 9.511511e-02 9.988272e-02 0.072872641  6.899190e-02 0.0870688058 0.088328664  1.060693e-01 0.0406823742 1           
72:          6.825231e-02 5.040424e-02 1.395868e-01 2.397335e-01 2.279223e-01 1.000000e-09 0.000000001  1.000000e-09 0.0521058217 0.000000001  2.877578e-02 0.1932192739 1           
73:          1.000019e-09 1.664614e-01 1.262959e-01 1.000000e-09 1.000000e-09 1.000000e-09 0.000000001  5.128626e-01 0.0000000010 0.000000001  1.000000e-09 0.1943801106 1           
74:          3.991859e-02 4.055509e-02 6.852038e-02 2.085053e-01 2.115812e-01 1.501168e-02 0.028391365  2.986598e-02 0.1377654675 0.152185339  8.607902e-03 0.0590917676 1           
75:          4.109424e-02 9.808315e-02 1.503629e-01 7.673391e-02 1.310170e-01 5.071180e-02 0.066897241  4.824175e-02 0.0240091869 0.175473927  8.349242e-02 0.0538824278 1           
76:          1.000000e-09 1.000000e-09 1.000000e-09 1.000000e+00 1.000000e-09 1.000000e-09 0.000000001  1.000000e-09 0.0000000010 0.000000001  1.000000e-09 0.0000000010 1           
77:          1.041585e-01 1.379322e-01 1.000000e-09 6.413445e-02 1.000000e-09 1.000000e-09 0.054553246  1.672533e-01 0.2033560295 0.268612238  1.000000e-09 0.0000000010 1           
78:          1.411690e-01 2.391669e-02 2.384616e-01 2.177933e-01 8.860625e-02 1.000000e-09 0.000000001  1.000000e-09 0.0739485633 0.000000001  9.420015e-03 0.2066846366 1           
79:          2.534191e-01 1.000000e-09 4.931618e-01 1.000000e-09 1.000000e-09 1.000000e-09 0.000000001  1.000000e-09 0.2534190956 0.000000001  1.000000e-09 0.0000000010 1           
80:          1.000000e-09 1.000000e-09 1.000000e-09 1.000000e-09 1.000000e-09 1.000000e-09 0.000000001  1.000000e-09 0.0000000010 0.000000001  6.677254e-03 0.9933227357 1           
81:          1.136134e-01 5.984708e-02 8.233965e-02 1.425845e-01 9.225901e-02 1.210351e-01 0.109650776  1.172275e-01 0.0505440897 0.039050421  2.184888e-03 0.0696635883 1           
82:          1.000014e-09 5.336442e-02 9.261800e-02 1.000000e-09 1.000000e-09 1.000000e-09 0.000000001  4.431401e-01 0.0000000010 0.000000001  1.000000e-09 0.4108774256 1           
83:          1.000000e-09 1.000000e-09 1.000000e-09 2.037984e-08 1.000000e+00 1.000000e-09 0.000000001  1.000000e-09 0.0000000010 0.000000001  1.000000e-09 0.0000000010 1           
84:          1.525560e-01 1.459107e-01 7.660765e-03 4.524159e-02 2.703089e-02 9.859301e-03 0.115340374  8.477498e-02 0.0428574631 0.145846101  1.096323e-01 0.1132895188 1           
85:          1.000000e-09 1.000000e-09 1.000000e-09 1.000000e-09 1.000000e-09 1.000000e-09 0.000000001  1.000000e-09 0.0000000010 0.000000001  6.839698e-03 0.9931602923 1           
86:          1.000000e-09 1.000000e-09 1.000000e-09 1.000000e-09 9.464110e-01 1.000000e-09 0.000000001  1.000000e-09 0.0535890129 0.000000001  1.000000e-09 0.0000000010 1           
87:          2.575457e-01 2.980263e-01 1.000000e-09 1.000000e-09 1.000000e-09 1.000000e-09 0.343223599  1.000000e-09 0.1012044052 0.000000001  1.000000e-09 0.0000000010 1           
88:          2.875480e-02 2.865080e-02 1.267384e-01 2.790109e-02 4.813173e-02 7.589440e-02 0.116731717  1.181056e-01 0.1261304292 0.102752643  1.452405e-01 0.0549679344 1           
89:          1.000000e-09 4.674712e-01 1.000000e-09 1.000000e-09 4.499526e-01 1.000000e-09 0.000000001  1.000000e-09 0.0825761908 0.000000001  1.000000e-09 0.0000000010 1           
90:          1.000000e-09 1.000000e+00 1.000000e-09 1.000000e-09 1.000000e-09 1.000000e-09 0.000000001  1.000000e-09 0.0000000010 0.000000001  1.000000e-09 0.0000000010 1           
91:          7.021599e-03 1.704567e-02 6.539369e-02 2.453373e-01 3.440699e-01 1.000000e-09 0.000000001  1.000000e-09 0.1849212050 0.000000001  1.763834e-02 0.1185723560 1           
92:          1.000000e-09 1.000000e-09 1.000000e-09 1.000000e-09 1.000000e-09 5.325815e-01 0.467418528  1.000000e-09 0.0000000010 0.000000001  1.000000e-09 0.0000000010 1           
93:          1.000000e-09 1.000000e-09 1.000000e-09 1.000000e+00 1.000000e-09 1.000000e-09 0.000000001  1.000000e-09 0.0000000010 0.000000001  1.000000e-09 0.0000000010 1           
94:          1.000000e-09 1.000000e-09 1.000000e-09 1.000000e-09 1.000000e+00 1.000000e-09 0.000000001  1.000000e-09 0.0000000010 0.000000001  1.000000e-09 0.0000000010 1           
95:          1.000000e-09 1.000000e-09 1.000000e-09 1.000000e+00 1.000000e-09 1.000000e-09 0.000000001  1.000000e-09 0.0000000010 0.000000001  1.000000e-09 0.0000000010 1           
96:          2.751811e-01 2.481948e-02 2.840388e-02 1.645241e-01 1.209383e-01 1.000000e-09 0.000000001  1.000000e-09 0.2146820533 0.000000001  3.039955e-02 0.1410516153 1           
97:          1.000000e-09 6.645306e-02 3.653786e-01 1.001332e-01 1.000000e-09 1.000000e-09 0.147095844  6.425353e-03 0.0000000010 0.314513942  1.000000e-09 0.0000000010 1           
98:          6.158878e-08 1.000000e-09 4.997816e-01 1.000000e-09 1.000000e-09 1.000000e-09 0.000000001  1.000000e-09 0.0053189629 0.000000001  4.939040e-01 0.0009954037 1           
99:          3.744509e-01 1.000000e-09 3.011825e-01 1.000000e-09 1.000000e-09 1.000000e-09 0.000000001  2.483552e-01 0.0000000010 0.000000001  1.000000e-09 0.0760113990 1           
100:         3.446345e-01 1.000000e-09 1.000000e-09 3.608677e-01 1.000000e-09 1.000000e-09 0.000000001  1.000000e-09 0.0000000010 0.118010414  1.000000e-09 0.1764874624 1           
101:         1.000000e-09 4.972371e-01 1.000000e-09 1.000000e-09 1.000000e-09 1.930255e-01 0.000000001  1.539269e-01 0.0122121790 0.000000001  1.000000e-09 0.1435984138 1           
102:         1.000000e-09 2.713189e-02 1.000000e-09 1.000000e-09 1.000000e-09 1.000000e-09 0.112678378  4.064631e-01 0.0768781409 0.376848445  1.000000e-09 0.0000000010 1           
103:         1.346840e-09 1.116934e-01 1.000000e-09 1.000000e-09 1.000000e-09 8.925399e-02 0.185252060  6.138005e-01 0.0000000010 0.000000001  1.000000e-09 0.0000000010 1           
104:         1.000000e-09 1.000000e-09 1.000000e-09 9.884567e-02 1.000000e-09 1.000000e-09 0.000000001  9.247843e-02 0.0000000010 0.808675893  1.000000e-09 0.0000000010 1           
105:         4.784407e-02 6.057075e-02 1.170814e-01 1.952882e-02 2.903356e-02 1.359697e-01 0.004587011  1.347754e-01 0.1538440266 0.139220624  6.218316e-03 0.1513263217 1           
106:         1.000000e-09 4.223006e-01 1.000000e-09 1.000000e-09 1.000000e-09 1.000000e-09 0.000000001  1.000000e-09 0.0000000010 0.000000001  1.000000e-09 0.5776994224 1           
107:         1.000000e-09 5.661612e-04 1.000000e-09 4.997702e-01 1.000000e-09 1.000000e-09 0.000000001  1.000000e-09 0.0000000010 0.000000001  4.996636e-01 0.0000000010 1           
108:         9.962865e-02 3.780862e-02 6.084898e-02 7.426544e-02 1.731632e-01 6.689462e-02 0.046454438  1.199795e-01 0.1349886681 0.026263188  2.317522e-02 0.1365295235 1           
109:         1.000000e-09 1.000000e-09 1.000000e-09 1.000000e-09 1.000000e-09 1.252518e-01 0.000000001  2.227932e-01 0.6247473241 0.000000001  1.000000e-09 0.0272077434 1           
110:         1.000000e-09 1.000000e-09 1.000000e-09 1.000000e-09 1.000000e-09 1.000000e+00 0.000000001  1.000000e-09 0.0000000010 0.000000001  1.000000e-09 0.0000000010 1           
111:         3.043362e-01 1.000000e-09 1.000000e-09 8.049641e-02 1.000000e-09 1.000000e-09 0.319901143  1.000000e-09 0.0000000010 0.000000001  2.613272e-01 0.0339391044 1           
112:         5.419596e-02 6.769387e-02 9.951552e-02 1.641759e-01 4.819596e-03 5.014334e-02 0.010150615  1.874426e-01 0.0371548533 0.097450367  2.159146e-02 0.2056658806 1           
113:         8.082569e-04 1.000000e-09 1.000000e-09 4.991684e-01 2.261818e-03 1.000000e-09 0.000000001  1.000000e-09 0.4977614945 0.000000001  1.000000e-09 0.0000000010 1           
114:         1.000000e-09 1.000000e-09 2.926027e-01 1.000000e-09 1.000000e-09 1.743028e-05 0.000000001  2.035722e-01 0.0038220078 0.000000001  4.957261e-01 0.0042596202 1           
115:         1.000000e-09 1.000000e-09 4.794738e-01 1.000000e-09 1.000000e-09 1.000000e-09 0.000000001  1.000000e-09 0.5205261692 0.000000001  1.000000e-09 0.0000000010 1           
116:         1.000000e-09 6.978407e-02 3.609159e-01 1.028872e-01 1.000000e-09 1.000000e-09 0.150382242  8.009724e-03 0.0000000010 0.308020926  1.000000e-09 0.0000000010 1           
117:         5.968059e-01 1.000000e-09 1.000000e-09 1.000000e-09 1.000000e-09 1.000000e-09 0.000000001  1.000000e-09 0.1572502132 0.245943880  1.000000e-09 0.0000000010 1           
118:         1.000000e-09 1.000000e-09 1.000000e-09 1.000000e-09 1.000000e-09 3.141958e-01 0.145169646  7.731627e-03 0.0000000010 0.532902913  1.000000e-09 0.0000000010 1           
119:         1.000000e-09 8.772630e-02 1.000000e-09 1.000000e-09 1.000000e-09 1.000000e-09 0.000000001  1.000000e-09 0.0000000010 0.349162424  2.780808e-01 0.2850304821 1           
120:         1.000000e-09 9.876297e-02 3.350995e-01 1.150682e-01 1.000000e-09 1.000000e-09 0.149946496  2.259789e-02 0.0000000010 0.278524902  1.000000e-09 0.0000000010 1           
121:         1.000000e-09 1.000000e-09 1.000000e-09 1.000000e-09 1.000000e-09 1.000000e-09 0.000000001  1.000000e+00 0.0000000010 0.000000001  1.000000e-09 0.0000000010 1           
122:         1.000000e-09 7.093765e-02 1.814050e-01 1.000000e-09 1.000000e-09 1.000000e-09 0.000000001  1.931162e-01 0.1497610791 0.404780052  1.000000e-09 0.0000000010 1           
123:         1.000000e-09 6.423592e-02 1.978561e-01 1.000000e-09 1.000000e-09 1.000000e-09 0.000000001  1.813420e-01 0.1451766476 0.411389286  1.000000e-09 0.0000000010 1           
124:         5.597389e-02 1.020930e-01 1.000033e-01 5.522059e-02 5.119018e-02 9.082411e-02 0.041585991  7.069915e-02 0.1509594882 0.053222995  1.711503e-01 0.0570770103 1           
125:         2.679335e-01 1.000000e-09 1.000000e-09 1.000000e-09 1.000000e-09 1.000000e-09 0.000000001  1.000000e-09 0.2679335239 0.000000001  4.641329e-01 0.0000000010 1           
126:         1.000000e-09 6.977696e-02 3.609218e-01 1.028858e-01 1.000000e-09 1.000000e-09 0.150381140  8.004064e-03 0.0000000010 0.308030216  1.000000e-09 0.0000000010 1           
127:         2.783391e-02 8.072318e-02 1.060105e-01 5.328137e-03 1.381140e-01 1.052767e-01 0.066874745  8.564023e-02 0.1248593165 0.111980014  2.028595e-02 0.1270733117 1           
128:         8.115155e-02 6.829105e-02 1.694775e-02 1.730979e-02 9.034871e-02 6.011145e-02 0.003658785  1.929369e-01 0.0140173216 0.148987751  1.278698e-01 0.1783690867 1           
129:         1.312306e-09 1.000000e-09 1.000000e-09 1.070130e-09 5.000769e-01 1.000000e-09 0.000000001  1.000000e-09 0.0000000010 0.000000001  1.000000e-09 0.4999230894 1           
130:         1.000000e-09 1.000000e-09 1.000000e-09 1.739365e-02 1.000000e-09 1.000000e-09 0.000000001  2.564863e-01 0.0000000010 0.726120020  1.000000e-09 0.0000000010 1           
131:         5.600884e-01 1.000000e-09 1.000000e-09 1.000000e-09 1.000000e-09 4.399116e-01 0.000000001  1.000000e-09 0.0000000010 0.000000001  1.000000e-09 0.0000000010 1           
132:         1.000000e-09 3.496894e-01 3.421690e-01 3.081416e-01 1.000000e-09 1.000000e-09 0.000000001  1.000000e-09 0.0000000010 0.000000001  1.000000e-09 0.0000000010 1           
133:         5.575908e-01 1.779628e-01 1.000000e-09 1.000000e-09 1.000000e-09 1.000000e-09 0.000000001  1.000000e-09 0.2644463626 0.000000001  1.000000e-09 0.0000000010 1           
134:         1.000000e-09 2.299714e-01 1.000000e-09 1.365297e-01 1.000000e-09 1.000000e-09 0.138310341  2.780676e-01 0.0734925449 0.143628488  1.000000e-09 0.0000000010 1           
135:         2.261739e-01 1.000000e-09 2.659479e-01 1.000000e-09 1.907582e-01 3.171200e-01 0.000000001  1.000000e-09 0.0000000010 0.000000001  1.000000e-09 0.0000000010 1           
136:         4.705804e-01 1.313136e-01 1.000000e-09 1.000000e-09 1.000000e-09 1.000000e-09 0.000000001  1.000000e-09 0.0000000010 0.269345993  1.000000e-09 0.1287600005 1           
137:         1.000000e-09 1.000000e-09 1.000000e-09 1.000000e-09 1.000000e-09 1.000000e-09 0.999999989  1.000000e-09 0.0000000010 0.000000001  1.000000e-09 0.0000000010 1           
138:         1.034560e-01 1.897414e-01 1.163787e-01 1.000000e-09 1.000000e-09 1.000000e-09 0.000000001  2.856272e-01 0.0000000010 0.304796662  1.000000e-09 0.0000000010 1           
139:         1.000000e-09 1.000000e-09 1.000000e-09 1.000000e-09 3.582581e-01 4.071842e-01 0.000000001  1.000000e-09 0.2345577378 0.000000001  1.000000e-09 0.0000000010 1           
140:         1.000000e-09 1.000000e-09 1.000000e-09 1.000000e-09 1.000000e-09 1.000000e-09 0.499999998  1.000032e-09 0.0000000010 0.499999992  1.000000e-09 0.0000000010 1           
141:         1.000000e-09 1.000000e-09 3.328931e-01 9.069561e-02 1.000000e-09 1.000000e-09 0.195896581  2.828403e-02 0.0269701485 0.229774752  1.000000e-09 0.0954857480 1           
142:         8.972265e-02 4.047900e-02 1.536220e-01 3.919003e-02 1.324505e-01 1.646340e-01 0.044213495  2.618852e-02 0.0409897883 0.106038903  9.587763e-02 0.0665934894 1           
143:         1.000000e-09 1.000000e-09 1.000000e-09 1.000000e-09 1.794023e-01 7.124169e-01 0.000000001  1.000000e-09 0.1081807687 0.000000001  1.000000e-09 0.0000000010 1           
144:         1.000000e-09 1.000000e-09 1.942283e-01 2.409588e-01 6.847362e-02 1.000000e-09 0.046788590  1.904553e-01 0.0000000010 0.000000001  1.000000e-09 0.2590953754 1           
145:         1.000000e-09 4.146385e-01 2.157922e-01 1.000000e-09 1.000000e-09 1.000000e-09 0.000000001  3.695692e-01 0.0000000010 0.000000001  1.000000e-09 0.0000000010 1           
146:         4.181940e-01 1.000000e-09 1.000000e-09 1.000000e-09 1.000000e-09 1.000000e-09 0.000000001  1.000000e-09 0.0000000010 0.000000001  1.000000e-09 0.5818059475 1           
147:         3.981280e-01 1.751687e-01 1.000000e-09 1.003552e-01 1.000000e-09 1.000000e-09 0.000000001  1.000000e-09 0.0000000010 0.235512778  1.000000e-09 0.0908352806 1           
148:         2.515570e-02 1.000000e-09 1.000000e-09 1.000000e-09 1.000000e-09 1.000000e-09 0.168636031  1.000000e-09 0.3478061663 0.137429027  1.000000e-09 0.3209730719 1           
149:         1.173257e-01 6.745569e-02 1.039211e-01 2.802738e-01 2.831404e-01 1.000000e-09 0.000000001  1.000000e-09 0.0189148753 0.000000001  2.339145e-02 0.1055770256 1           
150:         1.000012e-09 4.645971e-02 6.227659e-01 1.000000e-09 1.000000e-09 1.000000e-09 0.000000001  1.000000e-09 0.0000000010 0.000000001  1.000000e-09 0.3307743753 1           
151:         4.181184e-03 1.001359e-01 9.832191e-02 1.000455e-01 1.621587e-01 3.488992e-02 0.097017058  7.245874e-02 0.0063632443 0.145943324  5.931522e-02 0.1191693238 1           
152:         6.956274e-02 1.166584e-01 1.000000e-09 1.000000e-09 1.000000e-09 1.000000e-09 0.183893355  3.012876e-07 0.2246301516 0.377469581  1.000000e-09 0.0277854405 1           
153:         6.630712e-02 4.121220e-01 2.980930e-01 1.000000e-09 1.000000e-09 1.000000e-09 0.000000001  1.000000e-09 0.2105968668 0.000000001  1.288104e-02 0.0000000010 1           
154:         4.059547e-02 1.282269e-01 2.343052e-02 4.905934e-02 9.912014e-02 1.023268e-01 0.207568712  4.485526e-02 0.1086008853 0.049108606  3.484058e-03 0.1436233249 1           
155:         1.000000e-09 4.536777e-02 1.559946e-01 1.000000e-09 1.000000e-09 5.180545e-03 0.000000001  2.297886e-01 0.0106798455 0.361870565  1.911180e-01 0.0000000010 1           
156:         1.611180e-02 5.010385e-02 1.231695e-01 1.193991e-01 4.629991e-02 1.226346e-01 0.071656815  7.286832e-02 0.0604589447 0.086991331  1.049761e-01 0.1253298580 1           
157:         4.153804e-01 1.000000e-09 1.000000e-09 1.000000e-09 1.000000e-09 3.089926e-01 0.000000001  1.000000e-09 0.0000000010 0.000000001  2.052713e-02 0.2550998715 1           
158:         1.000000e-09 1.000000e-09 1.000000e-09 1.000000e-09 1.000000e-09 1.000000e-09 0.000000001  1.000000e-09 0.4999999081 0.000000001  5.000001e-01 0.0000000010 1           
159:         1.000000e-09 4.744828e-01 1.000000e-09 1.000000e-09 1.000000e-09 1.000000e-09 0.000000001  1.000000e-09 0.5255171420 0.000000001  1.000000e-09 0.0000000010 1           
160:         1.000073e-09 5.000000e-01 1.000000e-09 1.000000e-09 1.000000e-09 1.000000e-09 0.000000001  5.000000e-01 0.0000000010 0.000000001  1.000000e-09 0.0000000010 1           
161:         1.003579e-09 4.994117e-01 1.000000e-09 1.000000e-09 1.000000e-09 1.000000e-09 0.000000001  1.000000e-09 0.0010414654 0.000000001  4.995469e-01 0.0000000010 1           
162:         1.000000e-09 1.000000e-09 1.000000e-09 1.000000e-09 3.624772e-01 3.636213e-01 0.000000001  1.000000e-09 0.1422582642 0.131643232  1.000000e-09 0.0000000010 1           
163:         1.000000e-09 1.000000e-09 1.000000e-09 4.402950e-01 1.000000e-09 1.000000e-09 0.175556846  6.741592e-02 0.3167322540 0.000000001  1.000000e-09 0.0000000010 1           
164:         1.000000e-09 1.000000e-09 1.000000e-09 1.000000e-09 1.000000e-09 1.000000e-09 0.186210556  1.138343e-01 0.3119510506 0.000000001  1.000000e-09 0.3880041244 1           
165:         2.439852e-03 1.000000e-09 1.000000e-09 1.000000e-09 1.000000e-09 1.000000e-09 0.000000001  3.225034e-01 0.6750567846 0.000000001  1.000000e-09 0.0000000010 1           
166:         1.000000e-09 1.000000e-09 1.000000e-09 1.000000e-09 1.000000e-09 1.000000e-09 0.000000001  1.000000e-09 0.5004232605 0.000000001  3.705008e-09 0.4995767268 1           
167:         9.432081e-02 1.012742e-01 1.111177e-01 9.385758e-02 9.006361e-02 3.386945e-02 0.104414718  6.821724e-02 0.0615850046 0.101202876  8.186725e-02 0.0582095766 1           
168:         1.000000e-09 1.000000e-09 1.000000e-09 1.000000e-09 4.994973e-01 2.776393e-03 0.000000001  1.000000e-09 0.4977262598 0.000000001  1.000000e-09 0.0000000010 1           
169:         4.608114e-01 1.000000e-09 1.000000e-09 5.624290e-03 1.000000e-09 3.611574e-01 0.000000001  1.000000e-09 0.0000000010 0.172406836  1.000000e-09 0.0000000010 1           
170:         1.569273e-01 8.436471e-02 1.169875e-01 7.009478e-02 5.834956e-02 6.129023e-02 0.159452287  4.073057e-02 0.0511242751 0.009619047  7.501258e-02 0.1160471512 1           
171:         1.000000e-09 1.000000e-09 1.467763e-01 1.809258e-01 1.959402e-01 1.000000e-09 0.016986485  1.000000e-09 0.0000000010 0.000000001  3.784274e-01 0.0809438130 1           
172:         5.239155e-02 5.421503e-02 1.000000e-09 1.000000e-09 1.000000e-09 6.518503e-01 0.239875924  1.000000e-09 0.0016672302 0.000000001  1.000000e-09 0.0000000010 1           
173:         1.054046e-02 1.152550e-02 4.604390e-01 4.104351e-02 5.925900e-04 1.000000e-09 0.004200482  2.535773e-01 0.0126981060 0.077433051  1.000000e-09 0.1279500026 1           
174:         3.244509e-01 1.000000e-09 1.000000e-09 3.400288e-01 1.000000e-09 8.889689e-02 0.246623392  1.000000e-09 0.0000000010 0.000000001  1.000000e-09 0.0000000010 1           
175:         3.944035e-02 1.000000e-09 1.000000e-09 1.000000e-09 1.000000e-09 4.943413e-01 0.000000001  1.000000e-09 0.0000000010 0.000000001  1.000000e-09 0.4662183733 1           
176:         3.289982e-01 1.000000e-09 1.000000e-09 3.705125e-01 1.000000e-09 1.000000e-09 0.000000001  1.000000e-09 0.0130537616 0.000000001  2.874355e-01 0.0000000010 1           
177:         1.000000e-09 1.000000e-09 1.000000e-09 1.880049e-04 1.000000e-09 3.344143e-01 0.476676920  1.887208e-01 0.0000000010 0.000000001  1.000000e-09 0.0000000010 1           
178:         1.000000e-09 1.000000e-09 1.000000e-09 4.189643e-03 1.107556e-01 4.528789e-01 0.142551137  1.000000e-09 0.0000000010 0.085328373  1.000000e-09 0.2042962905 1           
179:         1.000000e-09 1.000000e-09 1.000000e-09 1.000000e-09 1.000000e-09 1.000000e-09 0.000000001  1.000000e-09 0.0000000010 0.000000001  5.255427e-01 0.4744573319 1           
180:         1.000000e-09 1.000000e-09 1.000000e-09 1.000000e-09 1.000000e-09 4.102556e-01 0.000000001  1.000000e-09 0.3091569740 0.089948892  8.702128e-02 0.1036172836 1           
181:         9.803280e-03 1.000000e-09 1.000000e-09 2.209119e-01 1.000000e-09 1.000000e-09 0.000000001  1.000000e-09 0.6344334455 0.134851385  1.000000e-09 0.0000000010 1           
182:         1.000000e+00 1.000000e-09 1.000000e-09 3.152970e-08 1.000000e-09 1.000000e-09 0.000000001  1.000000e-09 0.0000000010 0.000000001  1.000000e-09 0.0000000010 1           
183:         1.000000e-09 1.000000e-09 1.000000e-09 1.000000e-09 1.000000e-09 2.464913e-01 0.491179835  1.000000e-09 0.0000000010 0.000000001  2.623288e-01 0.0000000010 1           
184:         1.680974e-01 1.000000e-09 1.000000e-09 1.000000e-09 1.000000e-09 6.072260e-01 0.000000001  1.000000e-09 0.0000000010 0.000000001  1.000000e-09 0.2246765612 1           
185:         1.000000e-09 1.000000e-09 1.000000e-09 1.000000e-09 1.000000e-09 6.902667e-02 0.000000001  3.614927e-01 0.1003091077 0.000000001  4.691715e-01 0.0000000010 1           
186:         1.000000e-09 3.692741e-01 1.000000e-09 2.596540e-01 3.710719e-01 1.000000e-09 0.000000001  1.000000e-09 0.0000000010 0.000000001  1.000000e-09 0.0000000010 1           
187:         3.690741e-01 1.000000e-09 1.000000e-09 3.713325e-01 1.000000e-09 1.000000e-09 0.000000001  1.000000e-09 0.2595934375 0.000000001  1.000000e-09 0.0000000010 1           
188:         1.000000e-09 1.000000e-09 1.000000e-09 2.465813e-01 1.000000e-09 1.694139e-01 0.175635915  1.998695e-01 0.0000000010 0.000000001  2.084993e-01 0.0000000010 1           
189:         5.115747e-01 1.000000e-09 1.000000e-09 1.000000e-09 1.000000e-09 1.000000e-09 0.488425337  1.000000e-09 0.0000000010 0.000000001  1.000000e-09 0.0000000010 1           
190:         1.000000e-09 1.000000e-09 1.000000e-09 1.301285e-01 1.000000e-09 1.000000e-09 0.319764768  1.000000e-09 0.2318135827 0.000000001  1.000000e-09 0.3182931666 1           
191:         1.644647e-01 9.213954e-02 6.855761e-02 2.199144e-01 2.061468e-01 1.000000e-09 0.000000001  1.000000e-09 0.1318608000 0.000000001  2.078983e-02 0.0961262411 1           
192:         4.455880e-01 1.000000e-09 2.614226e-01 1.000000e-09 1.000000e-09 1.834919e-01 0.000000001  1.000000e-09 0.0000000010 0.000000001  1.094975e-01 0.0000000010 1           
193:         5.538310e-01 1.000000e-09 1.000000e-09 1.000000e-09 1.000000e-09 1.000000e-09 0.000000001  1.000000e-09 0.4461689490 0.000000001  1.000000e-09 0.0000000010 1           
194:         1.000000e-09 1.000000e-09 1.000000e-09 1.000000e-09 1.000000e-09 1.000000e-09 0.000000001  1.000000e-09 0.0370699312 0.536479890  1.000000e-09 0.4264501702 1           
195:         5.218179e-02 9.418540e-02 1.721538e-02 4.911693e-02 1.327707e-01 1.805221e-01 0.081428544  1.331827e-01 0.1292992234 0.120732908  2.289958e-03 0.0070743500 1           
196:         1.000000e-09 2.737798e-01 2.635801e-01 1.483444e-01 1.979369e-01 1.000000e-09 0.116358830  1.000000e-09 0.0000000010 0.000000001  1.000000e-09 0.0000000010 1           
197:         1.000000e-09 1.000000e-09 5.773917e-01 1.000000e-09 1.000000e-09 1.000000e-09 0.000000001  4.226083e-01 0.0000000010 0.000000001  1.000000e-09 0.0000000010 1           
198:         1.000130e-09 5.000000e-01 1.000000e-09 1.000000e-09 1.000000e-09 1.000000e-09 0.000000001  1.000000e-09 0.5000000051 0.000000001  1.000000e-09 0.0000000010 1           
199:         1.000080e-09 1.000000e+00 1.000000e-09 1.000000e-09 1.000000e-09 1.000000e-09 0.000000001  1.000000e-09 0.0000000010 0.000000001  1.000000e-09 0.0000000010 1           
200:         2.082984e-02 6.115615e-02 1.432807e-01 2.060582e-01 7.805081e-02 6.228380e-02 0.072815383  8.892587e-02 0.0905957568 0.118355570  2.502025e-02 0.0326276920 1           
201:         1.000000e-09 1.000000e-09 1.000000e-09 1.000000e-09 1.000000e-09 1.000000e-09 0.000000001  1.000000e-09 0.0000000010 0.500000063  7.754854e-04 0.4992244427 1           
202:         1.775570e-01 4.612323e-01 2.163652e-01 1.000000e-09 1.000000e-09 1.000000e-09 0.000000001  1.448455e-01 0.0000000010 0.000000001  1.000000e-09 0.0000000010 1           
203:         1.000000e-09 1.000000e-09 1.000000e-09 1.000000e-09 1.000000e-09 1.000000e-09 0.000000001  1.000000e-09 0.8040047589 0.000000001  1.959952e-01 0.0000000010 1           
204:         1.000160e-09 1.000000e+00 1.000000e-09 1.000000e-09 1.000000e-09 1.000000e-09 0.000000001  1.000000e-09 0.0000000010 0.000000001  1.000000e-09 0.0000000010 1           
205:         4.598014e-02 1.057646e-01 1.197804e-02 8.140847e-02 3.566801e-02 1.404484e-01 0.172653226  1.011243e-02 0.1433883801 0.149888686  4.934454e-02 0.0533651053 1           
206:         2.069729e-01 7.399256e-02 1.574121e-01 1.978595e-01 1.040885e-01 1.000000e-09 0.000000001  1.000000e-09 0.1544599767 0.000000001  1.991993e-02 0.0852944840 1           
207:         1.000000e-09 5.332191e-02 3.513602e-01 1.000000e-09 1.000000e-09 1.000000e-09 0.000000001  9.210812e-02 0.1486690570 0.354196826  1.000000e-09 0.0003439123 1           
208:         1.000017e-09 1.547126e-01 2.303784e-01 1.000000e-09 1.000000e-09 1.000000e-09 0.000000001  3.345541e-01 0.0000000010 0.000000001  1.000000e-09 0.2803548803 1           
209:         1.000000e-09 1.000000e-09 4.232413e-01 1.000000e-09 1.000000e-09 1.000000e-09 0.000000001  5.767587e-01 0.0000000010 0.000000001  1.000000e-09 0.0000000010 1           
210:         1.000169e-09 1.000000e+00 1.000000e-09 1.000000e-09 1.000000e-09 1.000000e-09 0.000000001  1.000000e-09 0.0000000010 0.000000001  1.000000e-09 0.0000000010 1           
211:         7.075447e-02 4.268616e-02 1.042192e-05 2.003746e-01 3.619192e-01 1.000000e-09 0.000000001  1.000000e-09 0.1938011410 0.000000001  1.018379e-02 0.1202702105 1           
212:         1.000000e-09 1.000000e-09 1.000000e-09 1.000000e-09 1.000000e-09 3.799889e-01 0.620011098  1.000000e-09 0.0000000010 0.000000001  1.000000e-09 0.0000000010 1           
213:         1.000000e-09 1.000000e-09 1.000000e-09 2.711507e-09 1.000000e+00 1.000000e-09 0.000000001  1.000000e-09 0.0000000010 0.000000001  1.000000e-09 0.0000000010 1           
214:         1.000000e-09 6.682037e-01 1.000000e-09 1.000000e-09 1.356468e-07 1.000000e-09 0.000000001  1.000000e-09 0.0000000010 0.000000001  1.000000e-09 0.3317961248 1           
215:         4.999714e-01 1.000000e-09 1.000000e-09 1.000000e-09 1.000000e-09 1.000000e-09 0.000000001  1.000000e-09 0.0000000010 0.468560892  1.000000e-09 0.0314676546 1           
216:         1.000018e-09 1.836225e-01 4.934366e-03 1.000000e-09 1.000000e-09 1.000000e-09 0.000000001  3.817450e-01 0.0000000010 0.000000001  1.000000e-09 0.4296980811 1           
217:         1.000000e-09 1.000000e-09 1.000000e-09 1.000000e-09 1.000000e-09 1.000000e-09 0.000000001  1.000000e-09 0.9999999890 0.000000001  1.000000e-09 0.0000000010 1           
218:         1.000000e-09 1.000000e-09 1.000000e-09 1.000000e+00 1.000000e-09 1.000000e-09 0.000000001  1.000000e-09 0.0000000010 0.000000001  1.000000e-09 0.0000000010 1           
