# ustacks version 2.68; generated on 2026-03-06 11:48:16
1	0	U	0.00	-	-		
1	1	U	0.00	-	-		
1	2	O	27.73	A	-		
1	3	O	29.11	A	-		
1	4	O	29.11	A	-		
1	5	O	29.11	G	-		
1	6	O	29.11	A	-		
1	7	O	29.11	G	-		
1	8	O	29.11	A	-		
1	9	O	29.11	T	-		
1	10	O	29.11	A	-		
1	11	O	29.11	G	-		
1	12	O	29.11	T	-		
1	13	O	29.11	G	-		
1	14	O	29.11	A	-		
1	15	O	29.11	A	-		
1	16	O	29.11	A	-		
1	17	O	29.11	C	-		
1	18	O	29.11	C	-		
1	19	O	29.11	C	-		
1	20	O	29.11	T	-		
1	21	O	29.11	C	-		
1	22	O	29.11	T	-		
1	23	O	29.11	C	-		
1	24	O	29.11	C	-		
1	25	O	29.11	C	-		
1	26	O	29.11	A	-		
1	27	O	29.11	C	-		
1	28	O	29.11	C	-		
1	29	O	29.11	T	-		
1	30	O	29.11	T	-		
1	31	O	29.11	T	-		
1	32	O	29.11	T	-		
1	33	O	29.11	C	-		
1	34	O	29.11	T	-		
1	35	O	29.11	A	-		
1	36	O	29.11	T	-		
1	37	O	29.11	C	-		
1	38	O	29.11	T	-		
1	39	O	29.11	A	-		
1	40	O	29.11	T	-		
1	41	O	29.11	C	-		
1	42	O	29.11	C	-		
1	43	O	29.11	T	-		
1	44	O	29.11	T	-		
1	45	O	29.11	A	-		
1	46	O	29.11	G	-		
1	47	O	29.11	A	-		
1	48	O	29.11	A	-		
1	49	O	29.11	G	-		
1	50	O	29.11	T	-		
1	51	O	29.11	A	-		
1	52	O	29.11	G	-		
1	53	O	29.11	G	-		
1	54	O	29.11	A	-		
1	55	O	29.11	C	-		
1	56	O	29.11	G	-		
1	57	O	29.11	A	-		
1	58	O	29.11	G	-		
1	59	O	29.11	T	-		
1	60	O	29.11	G	-		
1	61	O	29.11	T	-		
1	62	O	29.11	C	-		
1	63	O	29.11	C	-		
1	64	O	29.11	T	-		
1	65	O	29.11	A	-		
1	66	O	29.11	C	-		
1	67	O	29.11	C	-		
1	68	O	29.11	T	-		
1	69	O	29.11	A	-		
1	70	O	29.11	A	-		
1	71	O	29.11	T	-		
1	72	O	29.11	T	-		
1	73	O	29.11	C	-		
1	74	O	29.11	A	-		
1	75	O	29.11	A	-		
1	76	O	29.11	T	-		
1	77	O	29.11	G	-		
1	78	O	29.11	A	-		
1	79	O	29.11	T	-		
1	80	O	29.11	T	-		
1	81	O	29.11	A	-		
1	82	O	29.11	G	-		
1	83	O	29.11	A	-		
1	84	O	29.11	A	-		
1	85	O	29.11	T	-		
1	86	O	29.11	A	-		
1	87	O	29.11	A	-		
1	88	O	29.11	T	-		
1	89	O	29.11	G	-		
1	90	O	29.11	G	-		
1	91	O	29.11	A	-		
1	92	O	29.11	G	-		
1	93	O	29.11	A	-		
1	94	O	29.11	A	-		
1	95	O	29.11	G	-		
1	96	O	29.11	G	-		
1	97	O	29.11	G	-		
1	98	O	29.11	A	-		
1	99	O	29.11	G	-		
1	100	O	29.11	A	-		
1	101	O	29.11	G	-		
1	102	O	29.11	G	-		
1	103	O	29.11	T	-		
1	104	O	29.11	C	-		
1	105	O	29.11	T	-		
1	106	O	29.11	T	-		
1	107	O	29.11	C	-		
1	108	U	0.00	-	-		
1	109	U	0.00	-	-		
1	110	O	8.32	A	-		
1	111	O	29.11	A	-		
1	112	O	29.11	A	-		
2	0	O	16.64	T	-		
2	1	U	0.00	-	-		
2	2	U	0.00	-	-		
2	3	O	16.64	G	-		
2	4	O	16.64	G	-		
2	5	O	16.64	A	-		
2	6	O	16.64	G	-		
2	7	O	16.64	G	-		
2	8	O	16.64	C	-		
2	9	O	16.64	C	-		
2	10	O	16.64	A	-		
2	11	O	16.64	A	-		
2	12	O	16.64	C	-		
2	13	O	16.64	G	-		
2	14	O	16.64	A	-		
2	15	O	16.64	A	-		
2	16	O	16.64	A	-		
2	17	O	16.64	G	-		
2	18	O	16.64	A	-		
2	19	O	16.64	G	-		
2	20	O	16.64	C	-		
2	21	O	16.64	C	-		
2	22	O	16.64	T	-		
2	23	O	16.64	C	-		
2	24	O	16.64	T	-		
2	25	O	16.64	G	-		
2	26	O	16.64	C	-		
2	27	O	16.64	T	-		
2	28	O	16.64	G	-		
2	29	O	16.64	T	-		
2	30	O	16.64	T	-		
2	31	O	16.64	T	-		
2	32	O	16.64	G	-		
2	33	O	16.64	T	-		
2	34	O	16.64	G	-		
2	35	O	16.64	C	-		
2	36	O	16.64	A	-		
2	37	O	16.64	C	-		
2	38	O	16.64	T	-		
2	39	O	16.64	G	-		
2	40	O	16.64	A	-		
2	41	O	16.64	G	-		
2	42	O	16.64	T	-		
2	43	O	16.64	G	-		
2	44	O	16.64	A	-		
2	45	O	16.64	A	-		
2	46	O	16.64	A	-		
2	47	O	16.64	G	-		
2	48	O	16.64	C	-		
2	49	O	16.64	A	-		
2	50	O	16.64	T	-		
2	51	O	16.64	A	-		
2	52	O	16.64	T	-		
2	53	O	16.64	T	-		
2	54	O	16.64	C	-		
2	55	O	16.64	G	-		
2	56	O	16.64	A	-		
2	57	O	16.64	A	-		
2	58	O	16.64	G	-		
2	59	O	16.64	T	-		
2	60	O	16.64	A	-		
2	61	O	16.64	T	-		
2	62	O	16.64	T	-		
2	63	O	16.64	A	-		
2	64	O	16.64	C	-		
2	65	O	16.64	T	-		
2	66	O	16.64	G	-		
2	67	O	16.64	C	-		
2	68	O	16.64	A	-		
2	69	O	16.64	C	-		
2	70	O	16.64	T	-		
2	71	O	16.64	A	-		
2	72	O	16.64	C	-		
2	73	O	16.64	A	-		
2	74	O	16.64	C	-		
2	75	O	16.64	C	-		
2	76	O	16.64	T	-		
2	77	O	16.64	G	-		
2	78	O	16.64	G	-		
2	79	O	16.64	C	-		
2	80	O	16.64	A	-		
2	81	O	16.64	A	-		
2	82	O	7.55	A	-		
2	83	O	16.64	T	-		
2	84	O	16.64	G	-		
2	85	O	16.64	G	-		
2	86	O	16.64	C	-		
2	87	O	16.64	A	-		
2	88	O	16.64	G	-		
2	89	O	16.64	T	-		
2	90	O	16.64	C	-		
2	91	O	16.64	T	-		
2	92	O	16.64	G	-		
2	93	O	16.64	G	-		
2	94	O	16.64	C	-		
2	95	O	16.64	G	-		
2	96	O	16.64	A	-		
2	97	O	16.64	A	-		
2	98	O	16.64	G	-		
2	99	O	16.64	A	-		
2	100	O	16.64	A	-		
2	101	O	16.64	C	-		
2	102	O	16.64	T	-		
2	103	O	16.64	A	-		
2	104	O	16.64	C	-		
2	105	O	16.64	G	-		
2	106	O	16.64	C	-		
2	107	O	16.64	A	-		
2	108	O	16.64	A	-		
2	109	O	16.64	A	-		
2	110	U	0.00	-	-		
3	0	U	0.00	-	-		
3	1	U	0.00	-	-		
3	2	U	0.00	-	-		
3	3	U	0.00	-	-		
3	4	U	0.00	-	-		
3	5	U	0.00	-	-		
3	6	O	24.95	T	-		
3	7	O	24.95	C	-		
3	8	O	24.95	A	-		
3	9	O	24.95	A	-		
3	10	O	24.95	G	-		
3	11	O	24.95	T	-		
3	12	O	24.95	T	-		
3	13	O	24.95	T	-		
3	14	O	24.95	A	-		
3	15	O	24.95	C	-		
3	16	O	24.95	T	-		
3	17	O	24.95	T	-		
3	18	O	24.95	C	-		
3	19	O	24.95	C	-		
3	20	O	24.95	C	-		
3	21	O	24.95	A	-		
3	22	O	24.95	C	-		
3	23	O	24.95	T	-		
3	24	O	24.95	T	-		
3	25	O	24.95	A	-		
3	26	O	24.95	T	-		
3	27	O	24.95	G	-		
3	28	O	24.95	T	-		
3	29	O	24.95	A	-		
3	30	O	24.95	T	-		
3	31	O	24.95	G	-		
3	32	O	24.95	T	-		
3	33	O	24.95	A	-		
3	34	O	24.95	T	-		
3	35	O	24.95	T	-		
3	36	O	24.95	A	-		
3	37	O	24.95	T	-		
3	38	O	24.95	T	-		
3	39	O	24.95	C	-		
3	40	O	24.95	T	-		
3	41	O	24.95	T	-		
3	42	O	24.95	A	-		
3	43	O	24.95	T	-		
3	44	O	24.95	T	-		
3	45	O	24.95	T	-		
3	46	O	24.95	A	-		
3	47	O	24.95	T	-		
3	48	O	24.95	A	-		
3	49	O	24.95	T	-		
3	50	O	24.95	T	-		
3	51	O	24.95	A	-		
3	52	O	24.95	G	-		
3	53	O	24.95	T	-		
3	54	O	24.95	T	-		
3	55	O	24.95	A	-		
3	56	O	24.95	A	-		
3	57	O	24.95	T	-		
3	58	O	24.95	A	-		
3	59	O	24.95	A	-		
3	60	O	24.95	T	-		
3	61	O	24.95	T	-		
3	62	O	15.03	T	-		
3	63	O	24.95	A	-		
3	64	O	24.95	A	-		
3	65	O	24.95	T	-		
3	66	O	24.95	A	-		
3	67	O	24.95	G	-		
3	68	O	24.95	G	-		
3	69	O	24.95	A	-		
3	70	O	24.95	A	-		
3	71	O	24.95	T	-		
3	72	O	24.95	G	-		
3	73	O	24.95	G	-		
3	74	O	24.95	T	-		
3	75	O	24.95	T	-		
3	76	O	24.95	C	-		
3	77	O	24.95	C	-		
3	78	O	24.95	T	-		
3	79	O	24.95	T	-		
3	80	O	24.95	A	-		
3	81	O	24.95	C	-		
3	82	O	24.95	A	-		
3	83	O	24.95	G	-		
3	84	O	24.95	T	-		
3	85	O	24.95	T	-		
3	86	O	24.95	T	-		
3	87	O	24.95	T	-		
3	88	O	24.95	G	-		
3	89	O	24.95	C	-		
3	90	O	24.95	T	-		
3	91	O	24.95	T	-		
3	92	O	24.95	C	-		
3	93	O	24.95	A	-		
3	94	O	24.95	A	-		
3	95	O	24.95	C	-		
3	96	O	24.95	T	-		
3	97	O	24.95	A	-		
3	98	O	24.95	G	-		
3	99	O	24.95	T	-		
3	100	O	24.95	C	-		
3	101	O	24.95	A	-		
3	102	O	24.95	T	-		
3	103	O	24.95	T	-		
3	104	O	24.95	T	-		
3	105	O	24.95	T	-		
3	106	O	24.95	G	-		
3	107	O	24.95	T	-		
3	108	O	24.95	A	-		
3	109	O	24.95	T	-		
3	110	U	0.00	-	-		
3	111	U	0.00	-	-		
3	112	U	0.00	-	-		
3	113	U	0.00	-	-		
3	114	U	0.00	-	-		
4	0	U	0.00	-	-		
4	1	U	0.00	-	-		
4	2	U	0.00	-	-		
4	3	U	0.00	-	-		
4	4	U	0.00	-	-		
4	5	U	0.00	-	-		
4	6	O	15.25	G	-		
4	7	O	15.25	G	-		
4	8	O	15.25	G	-		
4	9	O	15.25	G	-		
4	10	O	15.25	T	-		
4	11	O	15.25	C	-		
4	12	O	15.25	G	-		
4	13	O	15.25	C	-		
4	14	O	15.25	G	-		
4	15	O	15.25	C	-		
4	16	O	15.25	G	-		
4	17	O	15.25	C	-		
4	18	O	15.25	G	-		
4	19	O	15.25	G	-		
4	20	O	15.25	C	-		
4	21	O	15.25	C	-		
4	22	O	15.25	G	-		
4	23	O	15.25	G	-		
4	24	O	15.25	A	-		
4	25	O	15.25	A	-		
4	26	O	15.25	C	-		
4	27	O	15.25	T	-		
4	28	O	15.25	G	-		
4	29	O	15.25	G	-		
4	30	O	15.25	C	-		
4	31	O	15.25	G	-		
4	32	O	15.25	C	-		
4	33	O	15.25	T	-		
4	34	O	15.25	C	-		
4	35	O	15.25	G	-		
4	36	O	15.25	C	-		
4	37	O	15.25	C	-		
4	38	O	15.25	A	-		
4	39	O	15.25	G	-		
4	40	O	15.25	T	-		
4	41	O	15.25	G	-		
4	42	O	15.25	C	-		
4	43	O	15.25	C	-		
4	44	O	15.25	C	-		
4	45	O	15.25	G	-		
4	46	O	15.25	C	-		
4	47	O	15.25	G	-		
4	48	O	15.25	G	-		
4	49	O	15.25	G	-		
4	50	O	15.25	C	-		
4	51	O	15.25	G	-		
4	52	O	15.25	G	-		
4	53	O	15.25	G	-		
4	54	O	15.25	G	-		
4	55	O	15.25	G	-		
4	56	O	15.25	A	-		
4	57	O	15.25	G	-		
4	58	O	15.25	T	-		
4	59	O	15.25	G	-		
4	60	O	15.25	G	-		
4	61	O	15.25	A	-		
4	62	O	15.25	C	-		
4	63	O	15.25	G	-		
4	64	O	15.25	C	-		
4	65	O	15.25	C	-		
4	66	O	15.25	C	-		
4	67	O	15.25	G	-		
4	68	O	15.25	C	-		
4	69	O	15.25	G	-		
4	70	O	15.25	A	-		
4	71	O	15.25	C	-		
4	72	O	15.25	A	-		
4	73	O	15.25	G	-		
4	74	O	15.25	C	-		
4	75	O	15.25	T	-		
4	76	O	15.25	G	-		
4	77	O	15.25	C	-		
4	78	O	15.25	T	-		
4	79	O	15.25	G	-		
4	80	O	15.25	C	-		
4	81	O	15.25	A	-		
4	82	O	15.25	C	-		
4	83	O	15.25	G	-		
4	84	O	15.25	G	-		
4	85	O	15.25	C	-		
4	86	O	15.25	T	-		
4	87	O	15.25	G	-		
4	88	O	15.25	A	-		
4	89	O	15.25	C	-		
4	90	O	15.25	C	-		
4	91	O	15.25	C	-		
4	92	O	15.25	C	-		
4	93	O	15.25	C	-		
4	94	O	15.25	T	-		
4	95	O	15.25	G	-		
4	96	O	15.25	A	-		
4	97	O	15.25	T	-		
4	98	O	15.25	T	-		
4	99	O	15.25	G	-		
4	100	O	15.25	C	-		
4	101	O	15.25	C	-		
4	102	O	15.25	T	-		
4	103	O	15.25	G	-		
4	104	O	15.25	C	-		
4	105	O	15.25	A	-		
4	106	O	15.25	G	-		
4	107	O	15.25	A	-		
4	108	O	15.25	G	-		
4	109	O	15.25	T	-		
4	110	U	0.00	-	-		
4	111	U	0.00	-	-		
4	112	U	0.00	-	-		
4	113	U	0.00	-	-		
4	114	U	0.00	-	-		
5	0	O	18.02	C	-		
5	1	O	18.02	A	-		
5	2	O	18.02	G	-		
5	3	O	18.02	C	-		
5	4	O	18.02	C	-		
5	5	O	18.02	G	-		
5	6	O	18.02	A	-		
5	7	O	18.02	C	-		
5	8	O	18.02	T	-		
5	9	O	18.02	C	-		
5	10	O	18.02	A	-		
5	11	O	18.02	A	-		
5	12	E	-6.82	C	G		
5	13	O	18.02	A	-		
5	14	O	18.02	C	-		
5	15	O	18.02	C	-		
5	16	O	18.02	C	-		
5	17	O	18.02	C	-		
5	18	U	0.00	-	-		
5	19	U	0.00	-	-		
5	20	O	18.02	C	-		
5	21	O	18.02	G	-		
5	22	O	18.02	C	-		
5	23	O	18.02	A	-		
5	24	O	18.02	C	-		
5	25	O	18.02	A	-		
5	26	O	18.02	C	-		
5	27	O	18.02	C	-		
5	28	O	18.02	C	-		
5	29	O	18.02	A	-		
5	30	O	18.02	C	-		
5	31	O	18.02	T	-		
5	32	O	18.02	G	-		
5	33	O	18.02	T	-		
5	34	O	18.02	G	-		
5	35	O	18.02	T	-		
5	36	O	18.02	C	-		
5	37	O	18.02	G	-		
5	38	O	18.02	G	-		
5	39	O	18.02	T	-		
5	40	O	18.02	A	-		
5	41	O	18.02	G	-		
5	42	O	18.02	C	-		
5	43	O	18.02	G	-		
5	44	O	18.02	G	-		
5	45	O	18.02	T	-		
5	46	O	18.02	G	-		
5	47	O	18.02	T	-		
5	48	O	18.02	C	-		
5	49	O	18.02	A	-		
5	50	O	18.02	G	-		
5	51	O	18.02	G	-		
5	52	O	18.02	A	-		
5	53	O	18.02	G	-		
5	54	O	18.02	G	-		
5	55	O	18.02	C	-		
5	56	O	18.02	A	-		
5	57	O	18.02	G	-		
5	58	O	18.02	A	-		
5	59	O	18.02	T	-		
5	60	O	18.02	A	-		
5	61	O	18.02	G	-		
5	62	O	18.02	A	-		
5	63	O	18.02	T	-		
5	64	O	18.02	A	-		
5	65	O	18.02	A	-		
5	66	O	18.02	T	-		
5	67	O	18.02	A	-		
5	68	O	18.02	A	-		
5	69	O	18.02	T	-		
5	70	O	18.02	A	-		
5	71	O	18.02	T	-		
5	72	O	18.02	C	-		
5	73	O	18.02	G	-		
5	74	O	18.02	A	-		
5	75	O	18.02	C	-		
5	76	E	-6.82	G	A		
5	77	O	18.02	T	-		
5	78	O	18.02	G	-		
5	79	O	18.02	A	-		
5	80	O	18.02	C	-		
5	81	O	18.02	G	-		
5	82	O	18.02	A	-		
5	83	O	18.02	C	-		
5	84	O	18.02	T	-		
5	85	O	18.02	T	-		
5	86	O	18.02	G	-		
5	87	O	18.02	A	-		
5	88	O	18.02	A	-		
5	89	O	18.02	T	-		
5	90	O	18.02	C	-		
5	91	O	18.02	C	-		
5	92	O	18.02	C	-		
5	93	O	18.02	G	-		
5	94	O	18.02	C	-		
5	95	O	18.02	A	-		
5	96	O	18.02	T	-		
5	97	O	18.02	C	-		
5	98	O	18.02	A	-		
5	99	O	18.02	T	-		
5	100	O	18.02	C	-		
5	101	O	18.02	T	-		
5	102	O	18.02	G	-		
5	103	O	18.02	G	-		
5	104	O	18.02	T	-		
5	105	O	18.02	T	-		
5	106	O	18.02	G	-		
5	107	O	18.02	A	-		
5	108	O	18.02	T	-		
5	109	O	18.02	A	-		
5	110	U	0.00	-	-		
6	0	U	0.00	-	-		
6	1	U	0.00	-	-		
6	2	U	0.00	-	-		
6	3	U	0.00	-	-		
6	4	U	0.00	-	-		
6	5	U	0.00	-	-		
6	6	U	0.00	-	-		
6	7	O	37.43	G	-		
6	8	O	37.43	C	-		
6	9	O	37.43	T	-		
6	10	O	37.43	T	-		
6	11	O	37.43	G	-		
6	12	O	37.43	T	-		
6	13	O	37.43	C	-		
6	14	O	37.43	C	-		
6	15	O	37.43	T	-		
6	16	O	37.43	A	-		
6	17	O	37.43	T	-		
6	18	O	37.43	A	-		
6	19	O	37.43	G	-		
6	20	O	37.43	G	-		
6	21	O	37.43	A	-		
6	22	O	37.43	G	-		
6	23	O	37.43	A	-		
6	24	O	37.43	C	-		
6	25	O	37.43	A	-		
6	26	O	37.43	A	-		
6	27	O	37.43	G	-		
6	28	O	37.43	C	-		
6	29	O	37.43	T	-		
6	30	O	37.43	A	-		
6	31	O	37.43	C	-		
6	32	O	37.43	C	-		
6	33	O	37.43	A	-		
6	34	O	37.43	G	-		
6	35	O	37.43	G	-		
6	36	O	37.43	G	-		
6	37	O	37.43	A	-		
6	38	O	37.43	C	-		
6	39	O	37.43	G	-		
6	40	O	37.43	G	-		
6	41	O	37.43	G	-		
6	42	O	37.43	A	-		
6	43	O	37.43	A	-		
6	44	O	37.43	G	-		
6	45	O	37.43	T	-		
6	46	O	37.43	C	-		
6	47	O	37.43	T	-		
6	48	O	37.43	A	-		
6	49	O	37.43	T	-		
6	50	O	37.43	G	-		
6	51	O	37.43	C	-		
6	52	O	37.43	T	-		
6	53	O	37.43	T	-		
6	54	O	37.43	C	-		
6	55	O	37.43	T	-		
6	56	O	37.43	T	-		
6	57	O	37.43	G	-		
6	58	O	37.43	C	-		
6	59	O	37.43	T	-		
6	60	O	37.43	T	-		
6	61	O	37.43	T	-		
6	62	O	37.43	G	-		
6	63	O	37.43	G	-		
6	64	O	37.43	A	-		
6	65	O	26.68	G	-		
6	66	O	37.43	G	-		
6	67	O	37.43	G	-		
6	68	O	37.43	C	-		
6	69	O	37.43	A	-		
6	70	O	37.43	G	-		
6	71	O	37.43	G	-		
6	72	O	37.43	A	-		
6	73	O	37.43	C	-		
6	74	O	37.43	G	-		
6	75	O	37.43	A	-		
6	76	O	37.43	G	-		
6	77	O	37.43	A	-		
6	78	O	37.43	A	-		
6	79	O	37.43	C	-		
6	80	O	37.43	C	-		
6	81	O	27.33	T	-		
6	82	O	37.43	C	-		
6	83	O	37.43	G	-		
6	84	O	37.43	T	-		
6	85	O	37.43	T	-		
6	86	O	37.43	A	-		
6	87	O	37.43	C	-		
6	88	O	37.43	T	-		
6	89	O	37.43	A	-		
6	90	O	37.43	C	-		
6	91	O	37.43	C	-		
6	92	O	37.43	T	-		
6	93	O	37.43	T	-		
6	94	O	37.43	T	-		
6	95	O	37.43	T	-		
6	96	O	37.43	C	-		
6	97	O	37.43	T	-		
6	98	O	37.43	T	-		
6	99	O	37.43	A	-		
6	100	O	37.43	A	-		
6	101	O	37.43	T	-		
6	102	O	37.43	A	-		
6	103	O	37.43	G	-		
6	104	O	37.43	A	-		
6	105	O	37.43	T	-		
6	106	O	37.43	A	-		
6	107	O	37.43	G	-		
6	108	O	37.43	A	-		
6	109	O	37.43	G	-		
6	110	U	0.00	-	-		
6	111	U	0.00	-	-		
6	112	U	0.00	-	-		
6	113	U	0.00	-	-		
6	114	U	0.00	-	-		
6	115	U	0.00	-	-		
7	0	U	0.00	-	-		
7	1	U	0.00	-	-		
7	2	O	4.16	C	-		
7	3	O	4.16	A	-		
7	4	O	4.16	C	-		
7	5	O	4.16	C	-		
7	6	O	26.34	A	-		
7	7	O	41.59	G	-		
7	8	O	6.93	G	-		
7	9	O	6.93	A	-		
7	10	O	6.93	G	-		
7	11	O	41.59	A	-		
7	12	O	41.59	G	-		
7	13	O	41.59	A	-		
7	14	O	41.59	G	-		
7	15	O	41.59	T	-		
7	16	O	41.59	C	-		
7	17	O	41.59	T	-		
7	18	O	41.59	A	-		
7	19	O	41.59	T	-		
7	20	O	41.59	A	-		
7	21	O	41.59	G	-		
7	22	O	41.59	A	-		
7	23	O	30.62	A	-		
7	24	O	41.59	G	-		
7	25	O	41.59	T	-		
7	26	O	41.59	T	-		
7	27	O	41.59	A	-		
7	28	O	41.59	A	-		
7	29	O	41.59	G	-		
7	30	O	41.59	C	-		
7	31	O	41.59	C	-		
7	32	O	41.59	T	-		
7	33	O	41.59	G	-		
7	34	O	41.59	C	-		
7	35	O	41.59	T	-		
7	36	O	41.59	T	-		
7	37	O	41.59	T	-		
7	38	O	41.59	T	-		
7	39	O	41.59	A	-		
7	40	O	41.59	G	-		
7	41	O	41.59	G	-		
7	42	O	41.59	G	-		
7	43	O	41.59	A	-		
7	44	O	41.59	G	-		
7	45	O	41.59	C	-		
7	46	O	41.59	T	-		
7	47	O	41.59	A	-		
7	48	O	22.50	A	-		
7	49	O	41.59	C	-		
7	50	O	41.59	C	-		
7	51	O	41.59	G	-		
7	52	O	41.59	G	-		
7	53	O	41.59	C	-		
7	54	O	41.59	T	-		
7	55	O	41.59	A	-		
7	56	O	41.59	C	-		
7	57	O	41.59	T	-		
7	58	O	41.59	G	-		
7	59	O	41.59	C	-		
7	60	O	41.59	T	-		
7	61	O	41.59	T	-		
7	62	O	41.59	G	-		
7	63	O	41.59	T	-		
7	64	O	41.59	C	-		
7	65	O	41.59	C	-		
7	66	O	41.59	T	-		
7	67	O	41.59	A	-		
7	68	O	41.59	T	-		
7	69	O	41.59	A	-		
7	70	O	41.59	G	-		
7	71	O	41.59	G	-		
7	72	O	41.59	A	-		
7	73	O	41.59	G	-		
7	74	O	41.59	A	-		
7	75	O	41.59	C	-		
7	76	O	41.59	A	-		
7	77	O	41.59	A	-		
7	78	O	41.59	G	-		
7	79	O	41.59	C	-		
7	80	O	41.59	T	-		
7	81	O	41.59	A	-		
7	82	O	41.59	C	-		
7	83	O	41.59	C	-		
7	84	O	30.62	A	-		
7	85	O	41.59	G	-		
7	86	O	41.59	G	-		
7	87	O	41.59	G	-		
7	88	O	41.59	A	-		
7	89	O	41.59	C	-		
7	90	O	41.59	G	-		
7	91	O	41.59	G	-		
7	92	O	41.59	G	-		
7	93	O	41.59	A	-		
7	94	O	41.59	A	-		
7	95	O	41.59	G	-		
7	96	O	41.59	T	-		
7	97	O	41.59	C	-		
7	98	O	41.59	T	-		
7	99	O	41.59	A	-		
7	100	O	41.59	T	-		
7	101	O	41.59	G	-		
7	102	O	41.59	C	-		
7	103	O	41.59	T	-		
7	104	O	41.59	T	-		
7	105	O	41.59	C	-		
7	106	O	41.59	T	-		
7	107	O	30.62	T	-		
7	108	O	41.59	G	-		
7	109	O	41.59	C	-		
7	110	U	0.00	-	-		
7	111	U	0.00	-	-		
7	112	O	37.43	T	-		
7	113	O	37.43	G	-		
7	114	O	37.43	G	-		
7	115	O	37.43	A	-		
7	116	O	34.66	G	-		
7	117	O	34.66	G	-		
7	118	O	34.66	G	-		
7	119	O	15.25	C	-		
8	0	U	0.00	-	-		
8	1	U	0.00	-	-		
8	2	U	0.00	-	-		
8	3	U	0.00	-	-		
8	4	U	0.00	-	-		
8	5	O	15.25	T	-		
8	6	O	15.25	G	-		
8	7	O	15.25	C	-		
8	8	O	15.25	G	-		
8	9	O	15.25	G	-		
8	10	O	15.25	C	-		
8	11	O	15.25	A	-		
8	12	O	15.25	G	-		
8	13	O	15.25	C	-		
8	14	O	15.25	C	-		
8	15	O	15.25	T	-		
8	16	O	15.25	G	-		
8	17	O	15.25	A	-		
8	18	O	15.25	A	-		
8	19	O	15.25	G	-		
8	20	O	15.25	A	-		
8	21	O	15.25	T	-		
8	22	O	15.25	G	-		
8	23	O	15.25	A	-		
8	24	O	15.25	A	-		
8	25	O	15.25	C	-		
8	26	O	15.25	T	-		
8	27	O	15.25	G	-		
8	28	O	15.25	G	-		
8	29	O	15.25	C	-		
8	30	O	15.25	C	-		
8	31	O	15.25	G	-		
8	32	O	15.25	A	-		
8	33	O	15.25	T	-		
8	34	O	15.25	T	-		
8	35	O	15.25	T	-		
8	36	O	15.25	A	-		
8	37	O	15.25	A	-		
8	38	O	15.25	G	-		
8	39	O	15.25	G	-		
8	40	O	15.25	A	-		
8	41	O	15.25	A	-		
8	42	O	15.25	A	-		
8	43	O	15.25	A	-		
8	44	O	15.25	C	-		
8	45	O	15.25	T	-		
8	46	O	15.25	T	-		
8	47	O	15.25	T	-		
8	48	O	15.25	C	-		
8	49	O	15.25	G	-		
8	50	O	15.25	A	-		
8	51	O	6.35	A	-		
8	52	O	15.25	C	-		
8	53	O	15.25	G	-		
8	54	O	15.25	A	-		
8	55	O	15.25	A	-		
8	56	O	15.25	T	-		
8	57	O	15.25	G	-		
8	58	O	15.25	C	-		
8	59	O	15.25	G	-		
8	60	O	15.25	A	-		
8	61	O	15.25	T	-		
8	62	O	15.25	A	-		
8	63	O	15.25	A	-		
8	64	O	15.25	C	-		
8	65	O	15.25	A	-		
8	66	O	15.25	T	-		
8	67	O	15.25	G	-		
8	68	O	15.25	G	-		
8	69	O	15.25	T	-		
8	70	O	15.25	T	-		
8	71	O	15.25	T	-		
8	72	O	15.25	G	-		
8	73	O	15.25	A	-		
8	74	O	15.25	A	-		
8	75	O	15.25	A	-		
8	76	O	15.25	A	-		
8	77	O	15.25	T	-		
8	78	O	15.25	G	-		
8	79	O	15.25	A	-		
8	80	O	15.25	A	-		
8	81	O	15.25	C	-		
8	82	O	15.25	C	-		
8	83	O	15.25	C	-		
8	84	O	15.25	A	-		
8	85	O	15.25	T	-		
8	86	O	15.25	T	-		
8	87	O	15.25	C	-		
8	88	O	15.25	A	-		
8	89	O	15.25	A	-		
8	90	O	15.25	T	-		
8	91	O	15.25	C	-		
8	92	O	15.25	A	-		
8	93	O	15.25	A	-		
8	94	O	15.25	G	-		
8	95	O	15.25	T	-		
8	96	O	15.25	G	-		
8	97	O	15.25	T	-		
8	98	O	15.25	G	-		
8	99	O	15.25	C	-		
8	100	O	15.25	A	-		
8	101	O	15.25	T	-		
8	102	O	15.25	T	-		
8	103	O	15.25	C	-		
8	104	O	15.25	G	-		
8	105	O	15.25	G	-		
8	106	O	15.25	A	-		
8	107	O	15.25	G	-		
8	108	O	15.25	T	-		
8	109	O	15.25	A	-		
8	110	U	0.00	-	-		
8	111	U	0.00	-	-		
8	112	U	0.00	-	-		
8	113	U	0.00	-	-		
9	0	O	55.45	T	-		
9	1	O	55.45	A	-		
9	2	E	-11.51	A	G		
9	3	O	55.45	T	-		
9	4	O	55.45	G	-		
9	5	O	55.45	C	-		
9	6	O	55.45	G	-		
9	7	O	55.45	T	-		
9	8	O	55.45	G	-		
9	9	O	55.45	G	-		
9	10	O	55.45	T	-		
9	11	O	55.45	A	-		
9	12	O	55.45	A	-		
9	13	O	55.45	G	-		
9	14	O	55.45	C	-		
9	15	O	55.45	T	-		
9	16	O	55.45	G	-		
9	17	O	55.45	T	-		
9	18	O	55.45	G	-		
9	19	O	55.45	A	-		
9	20	O	55.45	T	-		
9	21	O	55.45	G	-		
9	22	O	55.45	T	-		
9	23	O	55.45	G	-		
9	24	O	55.45	G	-		
9	25	O	55.45	C	-		
9	26	O	55.45	C	-		
9	27	U	0.00	-	-		
9	28	U	0.00	-	-		
9	29	O	55.45	T	-		
9	30	O	55.45	G	-		
9	31	O	55.45	T	-		
9	32	O	55.45	C	-		
9	33	O	55.45	G	-		
9	34	O	55.45	G	-		
9	35	O	55.45	C	-		
9	36	O	43.90	C	-		
9	37	O	55.45	G	-		
9	38	O	55.45	T	-		
9	39	O	55.45	C	-		
9	40	O	55.45	A	-		
9	41	O	55.45	A	-		
9	42	O	55.45	A	-		
9	43	O	55.45	T	-		
9	44	O	55.45	C	-		
9	45	O	55.45	A	-		
9	46	O	55.45	G	-		
9	47	O	55.45	C	-		
9	48	O	55.45	C	-		
9	49	O	55.45	T	-		
9	50	O	55.45	C	-		
9	51	O	55.45	G	-		
9	52	O	55.45	C	-		
9	53	O	55.45	C	-		
9	54	O	55.45	G	-		
9	55	O	55.45	T	-		
9	56	O	55.45	C	-		
9	57	O	55.45	T	-		
9	58	O	55.45	C	-		
9	59	O	55.45	A	-		
9	60	O	55.45	G	-		
9	61	O	55.45	C	-		
9	62	O	55.45	G	-		
9	63	O	55.45	G	-		
9	64	O	55.45	C	-		
9	65	O	55.45	C	-		
9	66	O	55.45	A	-		
9	67	O	55.45	C	-		
9	68	O	55.45	A	-		
9	69	O	55.45	C	-		
9	70	O	55.45	G	-		
9	71	O	55.45	G	-		
9	72	O	55.45	C	-		
9	73	O	55.45	G	-		
9	74	O	55.45	C	-		
9	75	O	55.45	G	-		
9	76	O	55.45	T	-		
9	77	O	43.90	G	-		
9	78	O	55.45	C	-		
9	79	O	55.45	A	-		
9	80	O	55.45	A	-		
9	81	O	55.45	C	-		
9	82	O	55.45	A	-		
9	83	O	55.45	T	-		
9	84	O	55.45	G	-		
9	85	O	55.45	C	-		
9	86	O	55.45	A	-		
9	87	O	55.45	A	-		
9	88	O	55.45	A	-		
9	89	O	55.45	C	-		
9	90	O	55.45	A	-		
9	91	O	55.45	A	-		
9	92	O	55.45	G	-		
9	93	O	55.45	G	-		
9	94	O	55.45	C	-		
9	95	O	55.45	C	-		
9	96	O	55.45	G	-		
9	97	O	55.45	C	-		
9	98	O	55.45	C	-		
9	99	O	55.45	G	-		
9	100	O	55.45	T	-		
9	101	O	55.45	C	-		
9	102	O	43.90	A	-		
9	103	O	55.45	C	-		
9	104	O	55.45	C	-		
9	105	O	55.45	A	-		
9	106	O	55.45	C	-		
9	107	O	43.90	A	-		
9	108	O	55.45	A	-		
9	109	O	55.45	A	-		
9	110	U	0.00	-	-		
10	0	O	22.18	C	-		
10	1	O	22.18	T	-		
10	2	O	22.18	C	-		
10	3	O	22.18	G	-		
10	4	O	22.18	C	-		
10	5	O	22.18	G	-		
10	6	O	22.18	G	-		
10	7	O	22.18	T	-		
10	8	O	22.18	G	-		
10	9	O	22.18	T	-		
10	10	O	22.18	G	-		
10	11	O	22.18	G	-		
10	12	O	22.18	C	-		
10	13	O	22.18	C	-		
10	14	O	22.18	G	-		
10	15	O	22.18	T	-		
10	16	O	22.18	G	-		
10	17	O	22.18	C	-		
10	18	O	22.18	G	-		
10	19	O	22.18	A	-		
10	20	O	22.18	T	-		
10	21	O	22.18	G	-		
10	22	O	22.18	T	-		
10	23	O	22.18	A	-		
10	24	O	22.18	T	-		
10	25	O	22.18	C	-		
10	26	O	22.18	T	-		
10	27	O	22.18	C	-		
10	28	O	22.18	T	-		
10	29	O	22.18	T	-		
10	30	O	22.18	G	-		
10	31	O	22.18	A	-		
10	32	O	22.18	T	-		
10	33	O	22.18	C	-		
10	34	O	22.18	C	-		
10	35	O	22.18	A	-		
10	36	O	22.18	T	-		
10	37	O	22.18	G	-		
10	38	O	22.18	A	-		
10	39	O	22.18	T	-		
10	40	O	22.18	C	-		
10	41	O	22.18	G	-		
10	42	O	22.18	C	-		
10	43	O	22.18	A	-		
10	44	O	22.18	G	-		
10	45	O	22.18	C	-		
10	46	O	22.18	A	-		
10	47	O	22.18	C	-		
10	48	O	22.18	T	-		
10	49	O	22.18	G	-		
10	50	O	22.18	C	-		
10	51	O	22.18	A	-		
10	52	O	22.18	A	-		
10	53	O	22.18	G	-		
10	54	O	22.18	C	-		
10	55	U	0.00	-	-		
10	56	U	0.00	-	-		
10	57	O	22.18	A	-		
10	58	O	22.18	A	-		
10	59	O	22.18	G	-		
10	60	O	22.18	T	-		
10	61	O	22.18	C	-		
10	62	O	22.18	G	-		
10	63	O	22.18	T	-		
10	64	O	22.18	T	-		
10	65	O	22.18	G	-		
10	66	O	22.18	C	-		
10	67	O	22.18	C	-		
10	68	O	22.18	G	-		
10	69	O	22.18	C	-		
10	70	O	22.18	T	-		
10	71	O	22.18	G	-		
10	72	O	22.18	T	-		
10	73	O	22.18	A	-		
10	74	O	22.18	G	-		
10	75	O	22.18	A	-		
10	76	O	22.18	A	-		
10	77	O	22.18	G	-		
10	78	O	22.18	A	-		
10	79	O	22.18	G	-		
10	80	O	22.18	C	-		
10	81	O	22.18	A	-		
10	82	O	22.18	G	-		
10	83	O	22.18	C	-		
10	84	O	22.18	A	-		
10	85	O	22.18	G	-		
10	86	O	22.18	C	-		
10	87	O	22.18	A	-		
10	88	O	22.18	T	-		
10	89	E	-8.68	T	C		
10	90	O	22.18	T	-		
10	91	O	22.18	C	-		
10	92	O	22.18	C	-		
10	93	O	22.18	T	-		
10	94	O	22.18	C	-		
10	95	O	22.18	T	-		
10	96	O	22.18	C	-		
10	97	O	22.18	T	-		
10	98	O	22.18	C	-		
10	99	O	22.18	A	-		
10	100	O	22.18	G	-		
10	101	O	22.18	C	-		
10	102	O	22.18	T	-		
10	103	O	22.18	G	-		
10	104	O	22.18	C	-		
10	105	O	22.18	C	-		
10	106	E	-8.68	T	G		
10	107	O	22.18	G	-		
10	108	O	22.18	C	-		
10	109	O	22.18	A	-		
10	110	U	0.00	-	-		
11	0	O	22.18	C	-		
11	1	O	22.18	A	-		
11	2	O	22.18	A	-		
11	3	O	22.18	G	-		
11	4	O	22.18	C	-		
11	5	O	22.18	G	-		
11	6	O	22.18	C	-		
11	7	O	22.18	G	-		
11	8	O	22.18	G	-		
11	9	O	22.18	T	-		
11	10	O	22.18	G	-		
11	11	O	22.18	T	-		
11	12	O	22.18	C	-		
11	13	O	22.18	A	-		
11	14	O	22.18	A	-		
11	15	O	22.18	G	-		
11	16	O	22.18	G	-		
11	17	O	22.18	T	-		
11	18	O	22.18	G	-		
11	19	O	22.18	G	-		
11	20	O	22.18	G	-		
11	21	O	22.18	A	-		
11	22	O	22.18	G	-		
11	23	O	22.18	G	-		
11	24	O	22.18	C	-		
11	25	O	12.50	A	-		
11	26	O	12.50	A	-		
11	27	O	22.18	G	-		
11	28	O	22.18	C	-		
11	29	O	22.18	G	-		
11	30	O	22.18	T	-		
11	31	O	22.18	G	-		
11	32	O	22.18	A	-		
11	33	O	22.18	A	-		
11	34	O	22.18	G	-		
11	35	O	22.18	A	-		
11	36	O	22.18	T	-		
11	37	O	22.18	G	-		
11	38	O	22.18	A	-		
11	39	O	22.18	C	-		
11	40	O	22.18	G	-		
11	41	O	22.18	A	-		
11	42	O	22.18	A	-		
11	43	O	22.18	G	-		
11	44	O	22.18	A	-		
11	45	O	22.18	C	-		
11	46	O	22.18	T	-		
11	47	O	22.18	C	-		
11	48	O	22.18	C	-		
11	49	O	22.18	A	-		
11	50	O	12.50	T	-		
11	51	O	22.18	G	-		
11	52	O	22.18	T	-		
11	53	O	22.18	C	-		
11	54	O	22.18	G	-		
11	55	O	22.18	G	-		
11	56	O	22.18	G	-		
11	57	O	22.18	C	-		
11	58	O	12.50	A	-		
11	59	O	22.18	A	-		
11	60	O	22.18	C	-		
11	61	O	22.18	G	-		
11	62	O	22.18	C	-		
11	63	O	22.18	C	-		
11	64	O	22.18	G	-		
11	65	O	22.18	T	-		
11	66	O	22.18	C	-		
11	67	O	22.18	A	-		
11	68	O	22.18	T	-		
11	69	O	22.18	G	-		
11	70	O	22.18	T	-		
11	71	O	22.18	T	-		
11	72	O	22.18	C	-		
11	73	O	22.18	G	-		
11	74	O	22.18	A	-		
11	75	O	22.18	C	-		
11	76	O	22.18	G	-		
11	77	O	22.18	C	-		
11	78	O	22.18	T	-		
11	79	O	22.18	G	-		
11	80	O	22.18	T	-		
11	81	O	22.18	C	-		
11	82	O	22.18	G	-		
11	83	O	22.18	C	-		
11	84	O	22.18	A	-		
11	85	O	22.18	G	-		
11	86	O	22.18	G	-		
11	87	O	22.18	A	-		
11	88	O	22.18	A	-		
11	89	O	22.18	A	-		
11	90	O	22.18	G	-		
11	91	O	22.18	A	-		
11	92	O	22.18	T	-		
11	93	O	22.18	C	-		
11	94	O	22.18	C	-		
11	95	O	22.18	T	-		
11	96	O	22.18	C	-		
11	97	O	22.18	A	-		
11	98	O	22.18	C	-		
11	99	O	22.18	A	-		
11	100	O	22.18	T	-		
11	101	O	22.18	T	-		
11	102	O	22.18	C	-		
11	103	O	22.18	G	-		
11	104	O	22.18	G	-		
11	105	O	22.18	T	-		
11	106	O	22.18	G	-		
11	107	O	22.18	G	-		
11	108	E	-15.13	C	T		
11	109	O	22.18	T	-		
12	0	U	0.00	-	-		
12	1	U	0.00	-	-		
12	2	U	0.00	-	-		
12	3	U	0.00	-	-		
12	4	U	0.00	-	-		
12	5	O	19.41	C	-		
12	6	O	19.41	A	-		
12	7	O	19.41	A	-		
12	8	O	19.41	T	-		
12	9	O	19.41	G	-		
12	10	O	19.41	G	-		
12	11	O	19.41	C	-		
12	12	O	19.41	A	-		
12	13	O	19.41	A	-		
12	14	O	19.41	G	-		
12	15	O	19.41	C	-		
12	16	O	19.41	T	-		
12	17	O	19.41	C	-		
12	18	O	19.41	A	-		
12	19	O	19.41	C	-		
12	20	O	19.41	C	-		
12	21	O	19.41	A	-		
12	22	O	19.41	G	-		
12	23	O	19.41	C	-		
12	24	O	19.41	G	-		
12	25	O	19.41	T	-		
12	26	O	19.41	G	-		
12	27	O	19.41	A	-		
12	28	O	19.41	C	-		
12	29	O	19.41	C	-		
12	30	O	19.41	A	-		
12	31	O	19.41	C	-		
12	32	O	19.41	C	-		
12	33	O	19.41	A	-		
12	34	O	19.41	C	-		
12	35	O	19.41	G	-		
12	36	O	19.41	A	-		
12	37	O	19.41	G	-		
12	38	O	19.41	C	-		
12	39	O	19.41	G	-		
12	40	O	19.41	A	-		
12	41	O	19.41	C	-		
12	42	O	19.41	A	-		
12	43	O	19.41	T	-		
12	44	O	19.41	C	-		
12	45	O	19.41	C	-		
12	46	O	19.41	T	-		
12	47	O	19.41	C	-		
12	48	O	19.41	G	-		
12	49	O	19.41	T	-		
12	50	O	19.41	C	-		
12	51	O	19.41	A	-		
12	52	O	19.41	A	-		
12	53	O	19.41	G	-		
12	54	O	19.41	A	-		
12	55	O	19.41	G	-		
12	56	O	19.41	C	-		
12	57	O	19.41	A	-		
12	58	O	19.41	T	-		
12	59	O	19.41	A	-		
12	60	O	19.41	C	-		
12	61	O	19.41	C	-		
12	62	O	19.41	C	-		
12	63	O	19.41	C	-		
12	64	O	19.41	A	-		
12	65	O	19.41	C	-		
12	66	O	19.41	C	-		
12	67	O	19.41	T	-		
12	68	O	19.41	T	-		
12	69	O	19.41	T	-		
12	70	O	19.41	A	-		
12	71	O	19.41	C	-		
12	72	O	19.41	A	-		
12	73	O	19.41	A	-		
12	74	O	19.41	A	-		
12	75	O	19.41	C	-		
12	76	O	19.41	T	-		
12	77	O	19.41	G	-		
12	78	O	19.41	G	-		
12	79	O	19.41	C	-		
12	80	O	19.41	C	-		
12	81	O	19.41	C	-		
12	82	O	19.41	A	-		
12	83	O	19.41	A	-		
12	84	O	19.41	T	-		
12	85	O	19.41	A	-		
12	86	O	19.41	C	-		
12	87	O	19.41	C	-		
12	88	O	19.41	C	-		
12	89	O	19.41	T	-		
12	90	O	19.41	C	-		
12	91	O	19.41	T	-		
12	92	O	19.41	G	-		
12	93	O	19.41	G	-		
12	94	O	19.41	T	-		
12	95	O	19.41	C	-		
12	96	O	19.41	A	-		
12	97	O	19.41	T	-		
12	98	O	19.41	C	-		
12	99	O	19.41	C	-		
12	100	O	19.41	A	-		
12	101	O	19.41	C	-		
12	102	O	19.41	G	-		
12	103	O	19.41	T	-		
12	104	O	19.41	T	-		
12	105	O	19.41	T	-		
12	106	O	19.41	C	-		
12	107	O	19.41	C	-		
12	108	O	19.41	T	-		
12	109	O	19.41	T	-		
12	110	U	0.00	-	-		
12	111	U	0.00	-	-		
12	112	U	0.00	-	-		
12	113	U	0.00	-	-		
13	0	O	5.55	C	-		
13	1	O	5.55	G	-		
13	2	O	5.55	T	-		
13	3	O	5.55	G	-		
13	4	O	5.55	T	-		
13	5	O	5.55	G	-		
13	6	O	5.55	T	-		
13	7	O	5.55	T	-		
13	8	O	5.55	C	-		
13	9	O	5.55	A	-		
13	10	O	5.55	T	-		
13	11	O	5.55	C	-		
13	12	O	5.55	T	-		
13	13	O	5.55	C	-		
13	14	O	5.55	G	-		
13	15	O	5.55	A	-		
13	16	O	5.55	G	-		
13	17	O	5.55	G	-		
13	18	O	5.55	A	-		
13	19	O	5.55	A	-		
13	20	O	5.55	G	-		
13	21	O	5.55	A	-		
13	22	O	5.55	A	-		
13	23	O	5.55	G	-		
13	24	O	5.55	A	-		
13	25	O	5.55	A	-		
13	26	O	5.55	G	-		
13	27	O	5.55	T	-		
13	28	O	5.55	C	-		
13	29	O	5.55	G	-		
13	30	O	5.55	C	-		
13	31	O	5.55	C	-		
13	32	O	5.55	G	-		
13	33	O	5.55	T	-		
13	34	O	5.55	C	-		
13	35	O	5.55	C	-		
13	36	O	5.55	T	-		
13	37	O	5.55	G	-		
13	38	O	5.55	G	-		
13	39	O	5.55	A	-		
13	40	O	5.55	A	-		
13	41	O	5.55	G	-		
13	42	O	5.55	A	-		
13	43	O	5.55	T	-		
13	44	O	5.55	G	-		
13	45	O	5.55	A	-		
13	46	O	5.55	A	-		
13	47	O	5.55	C	-		
13	48	O	5.55	T	-		
13	49	O	5.55	C	-		
13	50	O	5.55	G	-		
13	51	O	5.55	A	-		
13	52	O	5.55	C	-		
13	53	O	5.55	G	-		
13	54	O	5.55	G	-		
13	55	O	5.55	T	-		
13	56	O	5.55	G	-		
13	57	O	5.55	C	-		
13	58	O	5.55	C	-		
13	59	O	5.55	G	-		
13	60	O	5.55	G	-		
13	61	O	5.55	C	-		
13	62	O	5.55	G	-		
13	63	O	5.55	C	-		
13	64	O	5.55	C	-		
13	65	O	5.55	T	-		
13	66	O	5.55	T	-		
13	67	O	5.55	A	-		
13	68	O	5.55	G	-		
13	69	O	5.55	T	-		
13	70	O	5.55	A	-		
13	71	O	5.55	G	-		
13	72	O	5.55	C	-		
13	73	O	5.55	C	-		
13	74	O	5.55	G	-		
13	75	O	5.55	A	-		
13	76	O	5.55	C	-		
13	77	O	5.55	C	-		
13	78	O	5.55	G	-		
13	79	O	5.55	C	-		
13	80	O	5.55	C	-		
13	81	O	5.55	T	-		
13	82	O	5.55	T	-		
13	83	O	5.55	G	-		
13	84	O	5.55	G	-		
13	85	O	5.55	C	-		
13	86	O	5.55	G	-		
13	87	O	5.55	G	-		
13	88	O	5.55	C	-		
13	89	O	5.55	C	-		
13	90	O	5.55	T	-		
13	91	O	5.55	T	-		
13	92	O	5.55	G	-		
13	93	O	5.55	A	-		
13	94	O	5.55	C	-		
13	95	O	5.55	G	-		
13	96	O	5.55	G	-		
13	97	O	5.55	C	-		
13	98	O	5.55	A	-		
13	99	O	5.55	G	-		
13	100	O	5.55	C	-		
13	101	O	5.55	T	-		
13	102	O	5.55	T	-		
13	103	O	5.55	C	-		
13	104	O	5.55	G	-		
13	105	O	5.55	C	-		
13	106	O	5.55	C	-		
13	107	O	5.55	C	-		
13	108	O	5.55	A	-		
13	109	O	5.55	T	-		
14	0	O	5.55	G	-		
14	1	O	5.55	G	-		
14	2	O	5.55	A	-		
14	3	O	5.55	A	-		
14	4	O	5.55	G	-		
14	5	O	5.55	G	-		
14	6	O	5.55	C	-		
14	7	O	5.55	T	-		
14	8	O	5.55	G	-		
14	9	O	5.55	T	-		
14	10	O	5.55	C	-		
14	11	O	5.55	G	-		
14	12	O	5.55	A	-		
14	13	O	5.55	G	-		
14	14	O	5.55	G	-		
14	15	O	5.55	T	-		
14	16	O	5.55	C	-		
14	17	O	5.55	C	-		
14	18	O	5.55	G	-		
14	19	O	5.55	A	-		
14	20	O	5.55	G	-		
14	21	O	5.55	G	-		
14	22	O	5.55	C	-		
14	23	O	5.55	G	-		
14	24	O	5.55	G	-		
14	25	O	5.55	G	-		
14	26	O	5.55	C	-		
14	27	O	5.55	C	-		
14	28	O	5.55	G	-		
14	29	O	5.55	C	-		
14	30	O	5.55	G	-		
14	31	O	5.55	G	-		
14	32	O	5.55	A	-		
14	33	O	5.55	A	-		
14	34	O	5.55	G	-		
14	35	O	5.55	G	-		
14	36	O	5.55	A	-		
14	37	O	5.55	T	-		
14	38	O	5.55	C	-		
14	39	O	5.55	A	-		
14	40	O	5.55	G	-		
14	41	O	5.55	C	-		
14	42	O	5.55	A	-		
14	43	O	5.55	C	-		
14	44	O	5.55	A	-		
14	45	O	5.55	T	-		
14	46	O	5.55	C	-		
14	47	O	5.55	G	-		
14	48	O	5.55	T	-		
14	49	O	5.55	C	-		
14	50	O	5.55	G	-		
14	51	O	5.55	A	-		
14	52	O	5.55	G	-		
14	53	O	5.55	T	-		
14	54	O	5.55	T	-		
14	55	O	5.55	C	-		
14	56	O	5.55	G	-		
14	57	O	5.55	G	-		
14	58	O	5.55	C	-		
14	59	O	5.55	T	-		
14	60	O	5.55	C	-		
14	61	O	5.55	G	-		
14	62	O	5.55	C	-		
14	63	O	5.55	C	-		
14	64	O	5.55	C	-		
14	65	O	5.55	C	-		
14	66	O	5.55	C	-		
14	67	O	5.55	G	-		
14	68	O	5.55	G	-		
14	69	O	5.55	C	-		
14	70	O	5.55	G	-		
14	71	O	5.55	C	-		
14	72	O	5.55	A	-		
14	73	O	5.55	A	-		
14	74	O	5.55	G	-		
14	75	O	5.55	C	-		
14	76	O	5.55	T	-		
14	77	O	5.55	C	-		
14	78	O	5.55	T	-		
14	79	O	5.55	T	-		
14	80	O	5.55	G	-		
14	81	O	5.55	A	-		
14	82	O	5.55	A	-		
14	83	O	5.55	G	-		
14	84	O	5.55	T	-		
14	85	O	5.55	T	-		
14	86	O	5.55	G	-		
14	87	O	5.55	T	-		
14	88	O	5.55	A	-		
14	89	O	5.55	G	-		
14	90	O	5.55	G	-		
14	91	O	5.55	A	-		
14	92	O	5.55	A	-		
14	93	O	5.55	T	-		
14	94	O	5.55	T	-		
14	95	O	5.55	G	-		
14	96	O	5.55	A	-		
14	97	O	5.55	C	-		
14	98	O	5.55	G	-		
14	99	O	5.55	T	-		
14	100	O	5.55	A	-		
14	101	O	5.55	C	-		
14	102	O	5.55	G	-		
14	103	O	5.55	C	-		
14	104	O	5.55	C	-		
14	105	O	5.55	A	-		
14	106	O	5.55	C	-		
14	107	O	5.55	G	-		
14	108	O	5.55	T	-		
14	109	O	5.55	C	-		
15	0	O	19.41	T	-		
15	1	U	0.00	-	-		
15	2	U	0.00	-	-		
15	3	U	0.00	-	-		
15	4	U	0.00	-	-		
15	5	U	0.00	-	-		
15	6	U	0.00	-	-		
15	7	U	0.00	-	-		
15	8	U	0.00	-	-		
15	9	O	15.25	G	-		
15	10	O	15.25	T	-		
15	11	O	15.25	A	-		
15	12	O	15.25	G	-		
15	13	O	15.25	T	-		
15	14	O	15.25	T	-		
15	15	O	15.25	T	-		
15	16	O	19.41	C	-		
15	17	O	19.41	C	-		
15	18	O	19.41	T	-		
15	19	O	19.41	C	-		
15	20	O	19.41	C	-		
15	21	O	19.41	C	-		
15	22	O	19.41	T	-		
15	23	O	19.41	C	-		
15	24	O	19.41	C	-		
15	25	O	19.41	T	-		
15	26	O	19.41	A	-		
15	27	O	19.41	G	-		
15	28	O	19.41	T	-		
15	29	O	19.41	A	-		
15	30	O	19.41	G	-		
15	31	O	19.41	C	-		
15	32	O	19.41	T	-		
15	33	O	19.41	A	-		
15	34	O	19.41	G	-		
15	35	O	19.41	G	-		
15	36	O	19.41	T	-		
15	37	O	19.41	A	-		
15	38	O	19.41	G	-		
15	39	O	19.41	C	-		
15	40	O	19.41	T	-		
15	41	O	19.41	A	-		
15	42	O	19.41	G	-		
15	43	O	19.41	G	-		
15	44	O	19.41	T	-		
15	45	O	19.41	A	-		
15	46	O	19.41	G	-		
15	47	O	19.41	C	-		
15	48	O	19.41	T	-		
15	49	O	19.41	C	-		
15	50	O	19.41	G	-		
15	51	O	19.41	G	-		
15	52	O	10.01	T	-		
15	53	O	19.41	A	-		
15	54	O	19.41	G	-		
15	55	O	19.41	T	-		
15	56	O	19.41	T	-		
15	57	O	19.41	T	-		
15	58	O	19.41	G	-		
15	59	O	19.41	T	-		
15	60	O	19.41	T	-		
15	61	O	19.41	G	-		
15	62	O	19.41	T	-		
15	63	O	10.01	T	-		
15	64	O	19.41	G	-		
15	65	O	19.41	T	-		
15	66	O	19.41	C	-		
15	67	O	19.41	A	-		
15	68	O	19.41	T	-		
15	69	O	19.41	T	-		
15	70	O	19.41	C	-		
15	71	O	19.41	C	-		
15	72	O	19.41	T	-		
15	73	O	19.41	C	-		
15	74	O	19.41	T	-		
15	75	O	19.41	C	-		
15	76	O	19.41	C	-		
15	77	O	19.41	T	-		
15	78	O	19.41	A	-		
15	79	O	19.41	G	-		
15	80	O	19.41	T	-		
15	81	O	19.41	G	-		
15	82	O	19.41	G	-		
15	83	O	19.41	G	-		
15	84	O	19.41	A	-		
15	85	O	19.41	A	-		
15	86	O	19.41	G	-		
15	87	O	19.41	G	-		
15	88	O	19.41	T	-		
15	89	O	19.41	T	-		
15	90	O	19.41	A	-		
15	91	O	19.41	T	-		
15	92	O	19.41	A	-		
15	93	O	19.41	A	-		
15	94	O	19.41	G	-		
15	95	O	19.41	A	-		
15	96	O	19.41	A	-		
15	97	O	19.41	G	-		
15	98	O	19.41	A	-		
15	99	O	19.41	T	-		
15	100	O	19.41	A	-		
15	101	O	19.41	G	-		
15	102	O	19.41	G	-		
15	103	O	19.41	A	-		
15	104	O	19.41	C	-		
15	105	O	19.41	A	-		
15	106	O	19.41	T	-		
15	107	O	19.41	C	-		
15	108	O	19.41	T	-		
15	109	O	19.41	A	-		
15	110	U	0.00	-	-		
15	111	U	0.00	-	-		
15	112	U	0.00	-	-		
15	113	U	0.00	-	-		
15	114	U	0.00	-	-		
15	115	U	0.00	-	-		
15	116	U	0.00	-	-		
15	117	U	0.00	-	-		
15	118	O	4.16	G	-		
15	119	O	4.16	C	-		
15	120	O	4.16	T	-		
15	121	O	4.16	A	-		
15	122	O	4.16	A	-		
15	123	O	4.16	G	-		
15	124	O	4.16	C	-		
16	0	O	12.48	C	-		
16	1	O	12.48	T	-		
16	2	O	12.48	C	-		
16	3	O	12.48	A	-		
16	4	O	12.48	C	-		
16	5	O	12.48	A	-		
16	6	O	12.48	A	-		
16	7	O	12.48	G	-		
16	8	O	12.48	A	-		
16	9	O	12.48	A	-		
16	10	O	12.48	T	-		
16	11	O	12.48	T	-		
16	12	O	12.48	T	-		
16	13	O	12.48	A	-		
16	14	O	12.48	T	-		
16	15	O	12.48	A	-		
16	16	O	12.48	T	-		
16	17	O	12.48	A	-		
16	18	O	12.48	T	-		
16	19	O	12.48	A	-		
16	20	O	12.48	T	-		
16	21	O	12.48	A	-		
16	22	O	12.48	T	-		
16	23	O	12.48	A	-		
16	24	O	12.48	A	-		
16	25	O	12.48	C	-		
16	26	O	12.48	C	-		
16	27	O	12.48	C	-		
16	28	O	12.48	G	-		
16	29	O	12.48	T	-		
16	30	O	12.48	C	-		
16	31	O	12.48	C	-		
16	32	O	12.48	C	-		
16	33	O	12.48	A	-		
16	34	O	12.48	G	-		
16	35	O	12.48	C	-		
16	36	O	12.48	C	-		
16	37	O	12.48	C	-		
16	38	O	12.48	T	-		
16	39	O	12.48	C	-		
16	40	O	12.48	A	-		
16	41	O	12.48	T	-		
16	42	O	12.48	T	-		
16	43	O	12.48	G	-		
16	44	O	4.00	T	-		
16	45	O	12.48	G	-		
16	46	O	12.48	T	-		
16	47	O	12.48	A	-		
16	48	O	12.48	T	-		
16	49	O	12.48	C	-		
16	50	O	12.48	C	-		
16	51	O	12.48	C	-		
16	52	O	12.48	C	-		
16	53	O	12.48	T	-		
16	54	O	12.48	C	-		
16	55	O	12.48	C	-		
16	56	O	12.48	C	-		
16	57	O	12.48	C	-		
16	58	O	12.48	T	-		
16	59	O	12.48	C	-		
16	60	O	12.48	A	-		
16	61	O	12.48	A	-		
16	62	O	12.48	T	-		
16	63	O	12.48	T	-		
16	64	O	12.48	A	-		
16	65	O	12.48	A	-		
16	66	O	12.48	C	-		
16	67	O	12.48	T	-		
16	68	O	12.48	T	-		
16	69	O	12.48	T	-		
16	70	O	12.48	C	-		
16	71	O	12.48	A	-		
16	72	O	12.48	A	-		
16	73	O	12.48	A	-		
16	74	O	12.48	A	-		
16	75	O	12.48	T	-		
16	76	O	12.48	T	-		
16	77	O	12.48	C	-		
16	78	O	12.48	C	-		
16	79	O	12.48	C	-		
16	80	O	12.48	T	-		
16	81	O	12.48	C	-		
16	82	O	12.48	T	-		
16	83	O	12.48	C	-		
16	84	O	12.48	T	-		
16	85	O	12.48	T	-		
16	86	O	12.48	C	-		
16	87	O	12.48	T	-		
16	88	O	12.48	C	-		
16	89	O	12.48	T	-		
16	90	O	12.48	G	-		
16	91	O	12.48	A	-		
16	92	O	12.48	G	-		
16	93	O	12.48	T	-		
16	94	O	12.48	C	-		
16	95	O	12.48	T	-		
16	96	O	12.48	C	-		
16	97	O	12.48	T	-		
16	98	O	12.48	A	-		
16	99	O	12.48	T	-		
16	100	O	12.48	A	-		
16	101	O	4.00	G	-		
16	102	O	12.48	C	-		
16	103	O	12.48	T	-		
16	104	O	12.48	T	-		
16	105	O	12.48	C	-		
16	106	O	12.48	G	-		
16	107	O	12.48	T	-		
16	108	O	12.48	C	-		
16	109	O	12.48	T	-		
17	0	O	9.70	C	-		
17	1	O	9.70	G	-		
17	2	O	9.70	G	-		
17	3	O	9.70	A	-		
17	4	O	9.70	A	-		
17	5	O	9.70	G	-		
17	6	O	9.70	C	-		
17	7	O	9.70	G	-		
17	8	O	9.70	T	-		
17	9	O	9.70	C	-		
17	10	O	9.70	T	-		
17	11	O	9.70	T	-		
17	12	O	9.70	G	-		
17	13	O	9.70	C	-		
17	14	O	9.70	C	-		
17	15	O	9.70	T	-		
17	16	O	9.70	C	-		
17	17	O	9.70	A	-		
17	18	O	9.70	A	-		
17	19	O	9.70	C	-		
17	20	O	9.70	C	-		
17	21	O	9.70	C	-		
17	22	O	9.70	T	-		
17	23	O	9.70	T	-		
17	24	O	9.70	C	-		
17	25	O	9.70	C	-		
17	26	O	9.70	C	-		
17	27	O	9.70	G	-		
17	28	O	9.70	C	-		
17	29	O	9.70	A	-		
17	30	O	9.70	A	-		
17	31	O	9.70	A	-		
17	32	O	9.70	C	-		
17	33	O	9.70	G	-		
17	34	O	9.70	C	-		
17	35	O	9.70	C	-		
17	36	O	9.70	C	-		
17	37	O	9.70	C	-		
17	38	O	9.70	T	-		
17	39	O	9.70	T	-		
17	40	O	9.70	T	-		
17	41	O	9.70	C	-		
17	42	O	9.70	T	-		
17	43	O	9.70	A	-		
17	44	O	9.70	T	-		
17	45	O	9.70	T	-		
17	46	O	9.70	C	-		
17	47	O	9.70	C	-		
17	48	O	9.70	T	-		
17	49	O	9.70	G	-		
17	50	O	9.70	T	-		
17	51	O	9.70	T	-		
17	52	O	9.70	C	-		
17	53	O	9.70	A	-		
17	54	O	9.70	T	-		
17	55	O	9.70	T	-		
17	56	O	9.70	A	-		
17	57	O	9.70	T	-		
17	58	O	9.70	G	-		
17	59	O	9.70	C	-		
17	60	O	9.70	A	-		
17	61	O	9.70	T	-		
17	62	O	9.70	A	-		
17	63	O	9.70	G	-		
17	64	O	9.70	T	-		
17	65	O	9.70	A	-		
17	66	O	9.70	A	-		
17	67	O	9.70	T	-		
17	68	O	9.70	T	-		
17	69	O	9.70	C	-		
17	70	O	9.70	C	-		
17	71	O	9.70	T	-		
17	72	O	9.70	G	-		
17	73	O	9.70	A	-		
17	74	O	9.70	C	-		
17	75	O	9.70	T	-		
17	76	O	9.70	C	-		
17	77	O	9.70	A	-		
17	78	O	9.70	A	-		
17	79	O	9.70	C	-		
17	80	O	9.70	G	-		
17	81	O	9.70	C	-		
17	82	O	9.70	G	-		
17	83	O	9.70	C	-		
17	84	O	9.70	C	-		
17	85	O	9.70	C	-		
17	86	O	9.70	T	-		
17	87	O	9.70	G	-		
17	88	O	9.70	A	-		
17	89	O	9.70	A	-		
17	90	O	9.70	A	-		
17	91	O	9.70	G	-		
17	92	O	9.70	G	-		
17	93	O	9.70	G	-		
17	94	O	9.70	A	-		
17	95	O	9.70	A	-		
17	96	O	9.70	G	-		
17	97	O	9.70	T	-		
17	98	O	9.70	G	-		
17	99	O	9.70	C	-		
17	100	O	9.70	A	-		
17	101	O	9.70	C	-		
17	102	O	9.70	T	-		
17	103	O	9.70	T	-		
17	104	O	9.70	C	-		
17	105	O	9.70	T	-		
17	106	O	9.70	T	-		
17	107	O	9.70	A	-		
17	108	O	9.70	A	-		
17	109	O	9.70	T	-		
18	0	U	0.00	-	-		
18	1	U	0.00	-	-		
18	2	U	0.00	-	-		
18	3	U	0.00	-	-		
18	4	U	0.00	-	-		
18	5	U	0.00	-	-		
18	6	U	0.00	-	-		
18	7	U	0.00	-	-		
18	8	U	0.00	-	-		
18	9	U	0.00	-	-		
18	10	U	0.00	-	-		
18	11	O	12.48	G	-		
18	12	O	12.48	T	-		
18	13	O	12.48	C	-		
18	14	O	12.48	G	-		
18	15	O	12.48	C	-		
18	16	O	12.48	T	-		
18	17	O	12.48	T	-		
18	18	O	12.48	T	-		
18	19	O	12.48	C	-		
18	20	O	12.48	T	-		
18	21	O	12.48	C	-		
18	22	O	12.48	T	-		
18	23	O	12.48	T	-		
18	24	O	12.48	G	-		
18	25	O	12.48	C	-		
18	26	O	12.48	C	-		
18	27	O	12.48	C	-		
18	28	O	12.48	C	-		
18	29	O	12.48	T	-		
18	30	O	12.48	A	-		
18	31	O	12.48	C	-		
18	32	O	12.48	A	-		
18	33	O	12.48	A	-		
18	34	O	12.48	T	-		
18	35	O	12.48	T	-		
18	36	O	12.48	T	-		
18	37	O	12.48	G	-		
18	38	O	12.48	C	-		
18	39	O	12.48	C	-		
18	40	O	12.48	C	-		
18	41	O	12.48	C	-		
18	42	O	12.48	G	-		
18	43	O	12.48	C	-		
18	44	O	12.48	C	-		
18	45	O	12.48	G	-		
18	46	O	12.48	C	-		
18	47	O	12.48	G	-		
18	48	O	12.48	A	-		
18	49	O	12.48	T	-		
18	50	O	12.48	G	-		
18	51	O	12.48	C	-		
18	52	O	12.48	T	-		
18	53	O	12.48	C	-		
18	54	O	12.48	G	-		
18	55	O	12.48	A	-		
18	56	O	12.48	A	-		
18	57	O	12.48	A	-		
18	58	O	12.48	C	-		
18	59	O	12.48	G	-		
18	60	O	12.48	G	-		
18	61	O	12.48	G	-		
18	62	O	12.48	C	-		
18	63	O	12.48	C	-		
18	64	O	12.48	T	-		
18	65	O	12.48	T	-		
18	66	O	12.48	C	-		
18	67	O	12.48	T	-		
18	68	O	12.48	C	-		
18	69	O	12.48	G	-		
18	70	O	12.48	T	-		
18	71	O	12.48	T	-		
18	72	O	12.48	T	-		
18	73	O	12.48	C	-		
18	74	O	12.48	T	-		
18	75	O	12.48	T	-		
18	76	O	12.48	C	-		
18	77	O	12.48	T	-		
18	78	O	12.48	C	-		
18	79	O	12.48	T	-		
18	80	O	12.48	C	-		
18	81	O	12.48	G	-		
18	82	O	12.48	C	-		
18	83	O	12.48	T	-		
18	84	O	12.48	G	-		
18	85	O	12.48	G	-		
18	86	O	12.48	C	-		
18	87	O	12.48	C	-		
18	88	O	12.48	T	-		
18	89	O	12.48	C	-		
18	90	O	12.48	G	-		
18	91	O	12.48	T	-		
18	92	O	12.48	A	-		
18	93	O	12.48	C	-		
18	94	O	12.48	G	-		
18	95	O	12.48	A	-		
18	96	O	12.48	C	-		
18	97	O	12.48	T	-		
18	98	O	12.48	A	-		
18	99	O	12.48	T	-		
18	100	O	12.48	A	-		
18	101	O	12.48	T	-		
18	102	O	12.48	C	-		
18	103	O	12.48	G	-		
18	104	O	12.48	A	-		
18	105	O	12.48	C	-		
18	106	O	12.48	A	-		
18	107	O	12.48	G	-		
18	108	O	12.48	G	-		
18	109	O	12.48	A	-		
18	110	U	0.00	-	-		
18	111	U	0.00	-	-		
18	112	U	0.00	-	-		
18	113	U	0.00	-	-		
18	114	U	0.00	-	-		
18	115	U	0.00	-	-		
18	116	U	0.00	-	-		
18	117	U	0.00	-	-		
18	118	U	0.00	-	-		
18	119	U	0.00	-	-		
18	120	U	0.00	-	-		
19	0	O	6.93	T	-		
19	1	O	6.93	G	-		
19	2	O	6.93	G	-		
19	3	O	6.93	C	-		
19	4	O	6.93	G	-		
19	5	O	6.93	G	-		
19	6	O	6.93	G	-		
19	7	O	6.93	T	-		
19	8	O	6.93	G	-		
19	9	O	6.93	T	-		
19	10	O	6.93	T	-		
19	11	O	6.93	T	-		
19	12	O	6.93	G	-		
19	13	O	6.93	C	-		
19	14	O	6.93	A	-		
19	15	O	6.93	A	-		
19	16	O	6.93	C	-		
19	17	O	6.93	G	-		
19	18	O	6.93	C	-		
19	19	O	6.93	A	-		
19	20	O	6.93	A	-		
19	21	O	6.93	G	-		
19	22	O	6.93	G	-		
19	23	O	6.93	C	-		
19	24	O	6.93	C	-		
19	25	O	6.93	T	-		
19	26	O	6.93	G	-		
19	27	O	6.93	G	-		
19	28	O	6.93	T	-		
19	29	O	6.93	C	-		
19	30	O	6.93	A	-		
19	31	O	6.93	A	-		
19	32	O	6.93	G	-		
19	33	O	6.93	T	-		
19	34	O	6.93	T	-		
19	35	O	6.93	C	-		
19	36	O	6.93	C	-		
19	37	O	6.93	A	-		
19	38	O	6.93	C	-		
19	39	O	6.93	T	-		
19	40	O	6.93	T	-		
19	41	O	6.93	T	-		
19	42	O	6.93	G	-		
19	43	O	6.93	A	-		
19	44	O	6.93	C	-		
19	45	O	6.93	C	-		
19	46	O	6.93	A	-		
19	47	O	6.93	T	-		
19	48	O	6.93	T	-		
19	49	O	6.93	G	-		
19	50	O	6.93	C	-		
19	51	O	6.93	A	-		
19	52	O	6.93	G	-		
19	53	O	6.93	T	-		
19	54	O	6.93	T	-		
19	55	O	6.93	G	-		
19	56	O	6.93	C	-		
19	57	O	6.93	A	-		
19	58	O	6.93	G	-		
19	59	O	6.93	C	-		
19	60	O	6.93	G	-		
19	61	O	6.93	T	-		
19	62	O	6.93	T	-		
19	63	O	6.93	G	-		
19	64	O	6.93	A	-		
19	65	O	6.93	G	-		
19	66	O	6.93	T	-		
19	67	O	6.93	T	-		
19	68	O	6.93	G	-		
19	69	O	6.93	G	-		
19	70	O	6.93	G	-		
19	71	O	6.93	A	-		
19	72	O	6.93	G	-		
19	73	O	6.93	A	-		
19	74	O	6.93	C	-		
19	75	O	6.93	G	-		
19	76	O	6.93	C	-		
19	77	O	6.93	C	-		
19	78	O	6.93	C	-		
19	79	O	6.93	A	-		
19	80	O	6.93	T	-		
19	81	O	6.93	G	-		
19	82	O	6.93	T	-		
19	83	O	6.93	A	-		
19	84	O	6.93	T	-		
19	85	O	6.93	G	-		
19	86	O	6.93	T	-		
19	87	O	6.93	A	-		
19	88	O	6.93	T	-		
19	89	O	6.93	A	-		
19	90	O	6.93	A	-		
19	91	O	6.93	G	-		
19	92	O	6.93	T	-		
19	93	O	6.93	A	-		
19	94	O	6.93	G	-		
19	95	O	6.93	A	-		
19	96	O	6.93	T	-		
19	97	O	6.93	G	-		
19	98	O	6.93	A	-		
19	99	O	6.93	T	-		
19	100	O	6.93	A	-		
19	101	O	6.93	T	-		
19	102	O	6.93	G	-		
19	103	O	6.93	G	-		
19	104	O	6.93	A	-		
19	105	O	6.93	T	-		
19	106	O	6.93	G	-		
19	107	O	6.93	A	-		
19	108	O	6.93	G	-		
19	109	O	6.93	G	-		
20	0	O	6.93	A	-		
20	1	O	6.93	C	-		
20	2	O	6.93	A	-		
20	3	O	6.93	A	-		
20	4	O	6.93	A	-		
20	5	O	6.93	G	-		
20	6	O	6.93	T	-		
20	7	O	6.93	A	-		
20	8	O	6.93	C	-		
20	9	O	6.93	C	-		
20	10	O	6.93	A	-		
20	11	O	6.93	G	-		
20	12	O	6.93	G	-		
20	13	O	6.93	A	-		
20	14	O	6.93	T	-		
20	15	O	6.93	T	-		
20	16	O	6.93	G	-		
20	17	O	6.93	C	-		
20	18	O	6.93	G	-		
20	19	O	6.93	T	-		
20	20	O	6.93	C	-		
20	21	O	6.93	C	-		
20	22	O	6.93	A	-		
20	23	O	6.93	G	-		
20	24	O	6.93	G	-		
20	25	O	6.93	C	-		
20	26	O	6.93	A	-		
20	27	O	6.93	A	-		
20	28	O	6.93	T	-		
20	29	O	6.93	C	-		
20	30	O	6.93	C	-		
20	31	O	6.93	T	-		
20	32	O	6.93	G	-		
20	33	O	6.93	C	-		
20	34	O	6.93	A	-		
20	35	O	6.93	G	-		
20	36	O	6.93	G	-		
20	37	O	6.93	G	-		
20	38	O	6.93	G	-		
20	39	O	6.93	T	-		
20	40	O	6.93	T	-		
20	41	O	6.93	T	-		
20	42	O	6.93	T	-		
20	43	O	6.93	G	-		
20	44	O	6.93	T	-		
20	45	O	6.93	A	-		
20	46	O	6.93	G	-		
20	47	O	6.93	C	-		
20	48	O	6.93	T	-		
20	49	O	6.93	C	-		
20	50	O	6.93	A	-		
20	51	O	6.93	T	-		
20	52	O	6.93	G	-		
20	53	O	6.93	T	-		
20	54	O	6.93	C	-		
20	55	O	6.93	A	-		
20	56	O	6.93	G	-		
20	57	O	6.93	T	-		
20	58	O	6.93	C	-		
20	59	O	6.93	A	-		
20	60	O	6.93	G	-		
20	61	O	6.93	A	-		
20	62	O	6.93	G	-		
20	63	O	6.93	T	-		
20	64	O	6.93	G	-		
20	65	O	6.93	A	-		
20	66	O	6.93	C	-		
20	67	O	6.93	G	-		
20	68	O	6.93	A	-		
20	69	O	6.93	A	-		
20	70	O	6.93	G	-		
20	71	O	6.93	A	-		
20	72	O	6.93	T	-		
20	73	O	6.93	T	-		
20	74	O	6.93	A	-		
20	75	O	6.93	C	-		
20	76	O	6.93	G	-		
20	77	O	6.93	A	-		
20	78	O	6.93	T	-		
20	79	O	6.93	C	-		
20	80	O	6.93	A	-		
20	81	O	6.93	C	-		
20	82	O	6.93	A	-		
20	83	O	6.93	G	-		
20	84	O	6.93	A	-		
20	85	O	6.93	T	-		
20	86	O	6.93	A	-		
20	87	O	6.93	G	-		
20	88	O	6.93	A	-		
20	89	O	6.93	T	-		
20	90	O	6.93	C	-		
20	91	O	6.93	A	-		
20	92	O	6.93	A	-		
20	93	O	6.93	A	-		
20	94	O	6.93	G	-		
20	95	O	6.93	C	-		
20	96	O	6.93	C	-		
20	97	O	6.93	A	-		
20	98	O	6.93	A	-		
20	99	O	6.93	G	-		
20	100	O	6.93	T	-		
20	101	O	6.93	C	-		
20	102	O	6.93	A	-		
20	103	O	6.93	A	-		
20	104	O	6.93	G	-		
20	105	O	6.93	T	-		
20	106	O	6.93	C	-		
20	107	O	6.93	A	-		
20	108	O	6.93	T	-		
20	109	O	6.93	T	-		
21	0	O	5.55	G	-		
21	1	O	5.55	G	-		
21	2	O	5.55	G	-		
21	3	O	5.55	A	-		
21	4	O	5.55	A	-		
21	5	O	5.55	A	-		
21	6	O	5.55	G	-		
21	7	O	5.55	C	-		
21	8	O	5.55	C	-		
21	9	O	5.55	T	-		
21	10	O	5.55	G	-		
21	11	O	5.55	G	-		
21	12	O	5.55	G	-		
21	13	O	5.55	T	-		
21	14	O	5.55	G	-		
21	15	O	5.55	G	-		
21	16	O	5.55	G	-		
21	17	O	5.55	C	-		
21	18	O	5.55	A	-		
21	19	O	5.55	G	-		
21	20	O	5.55	C	-		
21	21	O	5.55	A	-		
21	22	O	5.55	C	-		
21	23	O	5.55	C	-		
21	24	O	5.55	A	-		
21	25	O	5.55	C	-		
21	26	O	5.55	C	-		
21	27	O	5.55	T	-		
21	28	O	5.55	A	-		
21	29	O	5.55	A	-		
21	30	O	5.55	T	-		
21	31	O	5.55	C	-		
21	32	O	5.55	C	-		
21	33	O	5.55	T	-		
21	34	O	5.55	C	-		
21	35	O	5.55	G	-		
21	36	O	5.55	A	-		
21	37	O	5.55	A	-		
21	38	O	5.55	T	-		
21	39	O	5.55	A	-		
21	40	O	5.55	G	-		
21	41	O	5.55	G	-		
21	42	O	5.55	G	-		
21	43	O	5.55	C	-		
21	44	O	5.55	C	-		
21	45	O	5.55	G	-		
21	46	O	5.55	T	-		
21	47	O	5.55	G	-		
21	48	O	5.55	G	-		
21	49	O	5.55	C	-		
21	50	O	5.55	T	-		
21	51	O	5.55	G	-		
21	52	O	5.55	A	-		
21	53	O	5.55	G	-		
21	54	O	5.55	G	-		
21	55	O	5.55	C	-		
21	56	O	5.55	T	-		
21	57	O	5.55	G	-		
21	58	O	5.55	T	-		
21	59	O	5.55	T	-		
21	60	O	5.55	G	-		
21	61	O	5.55	A	-		
21	62	O	5.55	A	-		
21	63	O	5.55	G	-		
21	64	O	5.55	G	-		
21	65	O	5.55	C	-		
21	66	O	5.55	T	-		
21	67	O	5.55	A	-		
21	68	O	5.55	T	-		
21	69	O	5.55	T	-		
21	70	O	5.55	G	-		
21	71	O	5.55	C	-		
21	72	O	5.55	T	-		
21	73	O	5.55	G	-		
21	74	O	5.55	A	-		
21	75	O	5.55	A	-		
21	76	O	5.55	T	-		
21	77	O	5.55	C	-		
21	78	O	5.55	A	-		
21	79	O	5.55	C	-		
21	80	O	5.55	A	-		
21	81	O	5.55	T	-		
21	82	O	5.55	A	-		
21	83	O	5.55	A	-		
21	84	O	5.55	C	-		
21	85	O	5.55	C	-		
21	86	O	5.55	T	-		
21	87	O	5.55	A	-		
21	88	O	5.55	A	-		
21	89	O	5.55	C	-		
21	90	O	5.55	T	-		
21	91	O	5.55	C	-		
21	92	O	5.55	C	-		
21	93	O	5.55	T	-		
21	94	O	5.55	G	-		
21	95	O	5.55	A	-		
21	96	O	5.55	A	-		
21	97	O	5.55	T	-		
21	98	O	5.55	T	-		
21	99	O	5.55	T	-		
21	100	O	5.55	G	-		
21	101	O	5.55	A	-		
21	102	O	5.55	G	-		
21	103	O	5.55	G	-		
21	104	O	5.55	T	-		
21	105	O	5.55	A	-		
21	106	O	5.55	T	-		
21	107	O	5.55	C	-		
21	108	O	5.55	A	-		
21	109	O	5.55	C	-		
22	0	O	5.55	G	-		
22	1	O	5.55	G	-		
22	2	O	5.55	C	-		
22	3	O	5.55	T	-		
22	4	O	5.55	T	-		
22	5	O	5.55	T	-		
22	6	O	5.55	G	-		
22	7	O	5.55	G	-		
22	8	O	5.55	C	-		
22	9	O	5.55	C	-		
22	10	O	5.55	C	-		
22	11	O	5.55	G	-		
22	12	O	5.55	C	-		
22	13	O	5.55	A	-		
22	14	O	5.55	A	-		
22	15	O	5.55	G	-		
22	16	O	5.55	C	-		
22	17	O	5.55	A	-		
22	18	O	5.55	G	-		
22	19	O	5.55	G	-		
22	20	O	5.55	T	-		
22	21	O	5.55	C	-		
22	22	O	5.55	C	-		
22	23	O	5.55	T	-		
22	24	O	5.55	C	-		
22	25	O	5.55	A	-		
22	26	O	5.55	A	-		
22	27	O	5.55	C	-		
22	28	O	5.55	C	-		
22	29	O	5.55	G	-		
22	30	O	5.55	C	-		
22	31	O	5.55	A	-		
22	32	O	5.55	A	-		
22	33	O	5.55	A	-		
22	34	O	5.55	G	-		
22	35	O	5.55	A	-		
22	36	O	5.55	T	-		
22	37	O	5.55	C	-		
22	38	O	5.55	A	-		
22	39	O	5.55	C	-		
22	40	O	5.55	G	-		
22	41	O	5.55	A	-		
22	42	O	5.55	G	-		
22	43	O	5.55	A	-		
22	44	O	5.55	A	-		
22	45	O	5.55	C	-		
22	46	O	5.55	A	-		
22	47	O	5.55	T	-		
22	48	O	5.55	C	-		
22	49	O	5.55	A	-		
22	50	O	5.55	C	-		
22	51	O	5.55	G	-		
22	52	O	5.55	G	-		
22	53	O	5.55	T	-		
22	54	O	5.55	C	-		
22	55	O	5.55	A	-		
22	56	O	5.55	A	-		
22	57	O	5.55	G	-		
22	58	O	5.55	A	-		
22	59	O	5.55	G	-		
22	60	O	5.55	G	-		
22	61	O	5.55	A	-		
22	62	O	5.55	T	-		
22	63	O	5.55	C	-		
22	64	O	5.55	A	-		
22	65	O	5.55	C	-		
22	66	O	5.55	A	-		
22	67	O	5.55	T	-		
22	68	O	5.55	C	-		
22	69	O	5.55	A	-		
22	70	O	5.55	C	-		
22	71	O	5.55	A	-		
22	72	O	5.55	G	-		
22	73	O	5.55	T	-		
22	74	O	5.55	A	-		
22	75	O	5.55	T	-		
22	76	O	5.55	G	-		
22	77	O	5.55	G	-		
22	78	O	5.55	T	-		
22	79	O	5.55	T	-		
22	80	O	5.55	C	-		
22	81	O	5.55	A	-		
22	82	O	5.55	A	-		
22	83	O	5.55	A	-		
22	84	O	5.55	A	-		
22	85	O	5.55	C	-		
22	86	O	5.55	G	-		
22	87	O	5.55	A	-		
22	88	O	5.55	G	-		
22	89	O	5.55	G	-		
22	90	O	5.55	A	-		
22	91	O	5.55	G	-		
22	92	O	5.55	G	-		
22	93	O	5.55	A	-		
22	94	O	5.55	C	-		
22	95	O	5.55	G	-		
22	96	O	5.55	G	-		
22	97	O	5.55	C	-		
22	98	O	5.55	C	-		
22	99	O	5.55	T	-		
22	100	O	5.55	G	-		
22	101	O	5.55	A	-		
22	102	O	5.55	G	-		
22	103	O	5.55	C	-		
22	104	O	5.55	G	-		
22	105	O	5.55	A	-		
22	106	O	5.55	T	-		
22	107	O	5.55	T	-		
22	108	O	5.55	C	-		
22	109	O	5.55	A	-		
23	0	O	13.86	T	-		
23	1	O	13.86	C	-		
23	2	O	13.86	A	-		
23	3	O	13.86	G	-		
23	4	O	13.86	G	-		
23	5	O	13.86	G	-		
23	6	O	13.86	A	-		
23	7	O	13.86	G	-		
23	8	O	13.86	T	-		
23	9	O	13.86	C	-		
23	10	O	13.86	G	-		
23	11	O	13.86	A	-		
23	12	O	13.86	A	-		
23	13	O	13.86	G	-		
23	14	O	13.86	G	-		
23	15	O	13.86	A	-		
23	16	O	13.86	C	-		
23	17	O	13.86	T	-		
23	18	O	13.86	G	-		
23	19	O	13.86	A	-		
23	20	O	13.86	C	-		
23	21	O	13.86	T	-		
23	22	O	13.86	G	-		
23	23	O	13.86	G	-		
23	24	O	13.86	T	-		
23	25	O	13.86	C	-		
23	26	O	13.86	G	-		
23	27	O	13.86	T	-		
23	28	O	13.86	A	-		
23	29	O	13.86	G	-		
23	30	O	13.86	G	-		
23	31	O	13.86	T	-		
23	32	O	13.86	T	-		
23	33	O	13.86	C	-		
23	34	O	13.86	A	-		
23	35	O	13.86	A	-		
23	36	O	13.86	A	-		
23	37	O	13.86	T	-		
23	38	O	13.86	C	-		
23	39	O	13.86	C	-		
23	40	O	13.86	T	-		
23	41	O	13.86	A	-		
23	42	O	13.86	C	-		
23	43	O	13.86	T	-		
23	44	O	13.86	T	-		
23	45	O	13.86	G	-		
23	46	O	13.86	G	-		
23	47	O	13.86	G	-		
23	48	O	13.86	G	-		
23	49	O	13.86	A	-		
23	50	O	13.86	G	-		
23	51	O	13.86	C	-		
23	52	O	13.86	T	-		
23	53	O	13.86	A	-		
23	54	O	13.86	A	-		
23	55	O	13.86	T	-		
23	56	O	13.86	C	-		
23	57	O	13.86	T	-		
23	58	O	13.86	T	-		
23	59	O	13.86	A	-		
23	60	O	13.86	T	-		
23	61	O	13.86	T	-		
23	62	O	13.86	C	-		
23	63	O	13.86	T	-		
23	64	O	13.86	T	-		
23	65	O	13.86	T	-		
23	66	O	13.86	T	-		
23	67	O	13.86	C	-		
23	68	O	13.86	T	-		
23	69	O	13.86	T	-		
23	70	O	13.86	T	-		
23	71	O	13.86	C	-		
23	72	O	13.86	T	-		
23	73	O	13.86	C	-		
23	74	O	13.86	T	-		
23	75	O	13.86	T	-		
23	76	O	13.86	T	-		
23	77	O	13.86	C	-		
23	78	O	13.86	T	-		
23	79	O	13.86	T	-		
23	80	O	13.86	G	-		
23	81	O	13.86	G	-		
23	82	O	13.86	T	-		
23	83	O	13.86	C	-		
23	84	O	13.86	T	-		
23	85	O	13.86	T	-		
23	86	O	13.86	G	-		
23	87	O	13.86	G	-		
23	88	O	13.86	C	-		
23	89	O	13.86	A	-		
23	90	O	13.86	T	-		
23	91	O	13.86	C	-		
23	92	O	13.86	A	-		
23	93	O	13.86	A	-		
23	94	O	13.86	C	-		
23	95	O	13.86	A	-		
23	96	O	13.86	A	-		
23	97	O	13.86	G	-		
23	98	O	13.86	C	-		
23	99	O	13.86	T	-		
23	100	O	13.86	C	-		
23	101	O	13.86	C	-		
23	102	O	13.86	G	-		
23	103	O	13.86	T	-		
23	104	O	13.86	G	-		
23	105	O	13.86	G	-		
23	106	O	13.86	C	-		
23	107	O	13.86	T	-		
23	108	O	13.86	A	-		
23	109	O	13.86	G	-		
24	0	O	27.73	A	-		
24	1	O	27.73	G	-		
24	2	O	27.73	G	-		
24	3	O	27.73	G	-		
24	4	O	27.73	A	-		
24	5	O	27.73	G	-		
24	6	O	27.73	A	-		
24	7	O	27.73	T	-		
24	8	O	27.73	G	-		
24	9	O	27.73	G	-		
24	10	O	27.73	C	-		
24	11	O	27.73	A	-		
24	12	O	27.73	G	-		
24	13	O	27.73	C	-		
24	14	O	27.73	A	-		
24	15	O	27.73	G	-		
24	16	O	27.73	C	-		
24	17	O	27.73	A	-		
24	18	O	27.73	A	-		
24	19	O	27.73	A	-		
24	20	O	27.73	A	-		
24	21	O	27.73	T	-		
24	22	O	27.73	A	-		
24	23	O	17.59	T	-		
24	24	O	27.73	T	-		
24	25	O	27.73	T	-		
24	26	O	27.73	T	-		
24	27	O	27.73	G	-		
24	28	O	27.73	C	-		
24	29	O	27.73	A	-		
24	30	O	27.73	T	-		
24	31	O	27.73	T	-		
24	32	O	27.73	T	-		
24	33	O	27.73	G	-		
24	34	O	27.73	G	-		
24	35	O	27.73	G	-		
24	36	O	27.73	A	-		
24	37	O	27.73	T	-		
24	38	E	-9.89	A	G		
24	39	O	27.73	A	-		
24	40	O	27.73	T	-		
24	41	O	27.73	T	-		
24	42	O	27.73	A	-		
24	43	O	27.73	T	-		
24	44	O	27.73	T	-		
24	45	O	27.73	T	-		
24	46	O	27.73	A	-		
24	47	O	27.73	T	-		
24	48	O	27.73	T	-		
24	49	O	27.73	G	-		
24	50	O	27.73	A	-		
24	51	O	27.73	T	-		
24	52	O	27.73	T	-		
24	53	O	27.73	T	-		
24	54	O	27.73	A	-		
24	55	O	27.73	T	-		
24	56	O	27.73	T	-		
24	57	O	27.73	A	-		
24	58	O	27.73	A	-		
24	59	O	27.73	T	-		
24	60	O	27.73	A	-		
24	61	O	27.73	A	-		
24	62	O	27.73	A	-		
24	63	O	27.73	T	-		
24	64	O	27.73	A	-		
24	65	O	27.73	G	-		
24	66	O	27.73	A	-		
24	67	O	27.73	T	-		
24	68	O	27.73	T	-		
24	69	O	27.73	T	-		
24	70	O	27.73	T	-		
24	71	O	27.73	C	-		
24	72	O	27.73	T	-		
24	73	O	27.73	A	-		
24	74	O	27.73	A	-		
24	75	O	27.73	A	-		
24	76	O	27.73	A	-		
24	77	O	27.73	T	-		
24	78	O	27.73	T	-		
24	79	O	27.73	A	-		
24	80	O	27.73	A	-		
24	81	O	27.73	T	-		
24	82	O	27.73	T	-		
24	83	O	27.73	G	-		
24	84	O	27.73	T	-		
24	85	O	27.73	T	-		
24	86	O	27.73	A	-		
24	87	O	27.73	A	-		
24	88	O	27.73	T	-		
24	89	O	27.73	A	-		
24	90	O	27.73	T	-		
24	91	O	27.73	T	-		
24	92	O	27.73	A	-		
24	93	O	27.73	T	-		
24	94	O	27.73	T	-		
24	95	O	27.73	G	-		
24	96	O	27.73	G	-		
24	97	O	27.73	G	-		
24	98	O	27.73	G	-		
24	99	O	27.73	A	-		
24	100	O	27.73	C	-		
24	101	O	27.73	A	-		
24	102	O	27.73	A	-		
24	103	O	27.73	C	-		
24	104	O	27.73	T	-		
24	105	O	27.73	C	-		
24	106	O	27.73	T	-		
24	107	O	27.73	T	-		
24	108	O	27.73	T	-		
24	109	O	27.73	T	-		
25	0	O	5.55	T	-		
25	1	O	5.55	G	-		
25	2	O	5.55	A	-		
25	3	O	5.55	A	-		
25	4	O	5.55	A	-		
25	5	O	5.55	C	-		
25	6	O	5.55	A	-		
25	7	O	5.55	G	-		
25	8	O	5.55	G	-		
25	9	O	5.55	A	-		
25	10	O	5.55	G	-		
25	11	O	5.55	G	-		
25	12	O	5.55	A	-		
25	13	O	5.55	G	-		
25	14	O	5.55	G	-		
25	15	O	5.55	A	-		
25	16	O	5.55	G	-		
25	17	O	5.55	G	-		
25	18	O	5.55	C	-		
25	19	O	5.55	G	-		
25	20	O	5.55	G	-		
25	21	O	5.55	A	-		
25	22	O	5.55	T	-		
25	23	O	5.55	G	-		
25	24	O	5.55	G	-		
25	25	O	5.55	G	-		
25	26	O	5.55	C	-		
25	27	O	5.55	T	-		
25	28	O	5.55	G	-		
25	29	O	5.55	G	-		
25	30	O	5.55	A	-		
25	31	O	5.55	G	-		
25	32	O	5.55	G	-		
25	33	O	5.55	A	-		
25	34	O	5.55	G	-		
25	35	O	5.55	G	-		
25	36	O	5.55	A	-		
25	37	O	5.55	G	-		
25	38	O	5.55	G	-		
25	39	O	5.55	A	-		
25	40	O	5.55	G	-		
25	41	O	5.55	G	-		
25	42	O	5.55	A	-		
25	43	O	5.55	G	-		
25	44	O	5.55	G	-		
25	45	O	5.55	A	-		
25	46	O	5.55	G	-		
25	47	O	5.55	G	-		
25	48	O	5.55	T	-		
25	49	O	5.55	G	-		
25	50	O	5.55	C	-		
25	51	O	5.55	T	-		
25	52	O	5.55	G	-		
25	53	O	5.55	G	-		
25	54	O	5.55	A	-		
25	55	O	5.55	G	-		
25	56	O	5.55	A	-		
25	57	O	5.55	G	-		
25	58	O	5.55	T	-		
25	59	O	5.55	T	-		
25	60	O	5.55	G	-		
25	61	O	5.55	C	-		
25	62	O	5.55	G	-		
25	63	O	5.55	A	-		
25	64	O	5.55	G	-		
25	65	O	5.55	T	-		
25	66	O	5.55	C	-		
25	67	O	5.55	G	-		
25	68	O	5.55	C	-		
25	69	O	5.55	C	-		
25	70	O	5.55	C	-		
25	71	O	5.55	A	-		
25	72	O	5.55	A	-		
25	73	O	5.55	G	-		
25	74	O	5.55	C	-		
25	75	O	5.55	G	-		
25	76	O	5.55	A	-		
25	77	O	5.55	A	-		
25	78	O	5.55	A	-		
25	79	O	5.55	G	-		
25	80	O	5.55	C	-		
25	81	O	5.55	C	-		
25	82	O	5.55	T	-		
25	83	O	5.55	C	-		
25	84	O	5.55	A	-		
25	85	O	5.55	A	-		
25	86	O	5.55	G	-		
25	87	O	5.55	A	-		
25	88	O	5.55	T	-		
25	89	O	5.55	G	-		
25	90	O	5.55	T	-		
25	91	O	5.55	C	-		
25	92	O	5.55	G	-		
25	93	O	5.55	G	-		
25	94	O	5.55	C	-		
25	95	O	5.55	G	-		
25	96	O	5.55	A	-		
25	97	O	5.55	G	-		
25	98	O	5.55	A	-		
25	99	O	5.55	T	-		
25	100	O	5.55	G	-		
25	101	O	5.55	T	-		
25	102	O	5.55	T	-		
25	103	O	5.55	G	-		
25	104	O	5.55	G	-		
25	105	O	5.55	G	-		
25	106	O	5.55	C	-		
25	107	O	5.55	G	-		
25	108	O	5.55	C	-		
25	109	O	5.55	C	-		
26	0	O	11.09	T	-		
26	1	O	11.09	G	-		
26	2	O	11.09	C	-		
26	3	O	11.09	C	-		
26	4	O	11.09	G	-		
26	5	O	11.09	A	-		
26	6	O	11.09	G	-		
26	7	O	11.09	G	-		
26	8	O	11.09	G	-		
26	9	O	11.09	C	-		
26	10	O	11.09	A	-		
26	11	O	11.09	G	-		
26	12	O	11.09	C	-		
26	13	O	11.09	T	-		
26	14	O	11.09	A	-		
26	15	O	11.09	T	-		
26	16	O	11.09	C	-		
26	17	O	11.09	C	-		
26	18	O	11.09	G	-		
26	19	O	11.09	T	-		
26	20	O	11.09	T	-		
26	21	O	11.09	C	-		
26	22	O	11.09	A	-		
26	23	O	11.09	A	-		
26	24	O	11.09	G	-		
26	25	O	11.09	A	-		
26	26	O	11.09	T	-		
26	27	O	11.09	G	-		
26	28	O	11.09	G	-		
26	29	O	11.09	T	-		
26	30	O	11.09	C	-		
26	31	O	11.09	C	-		
26	32	O	11.09	C	-		
26	33	O	11.09	C	-		
26	34	O	11.09	G	-		
26	35	O	11.09	T	-		
26	36	O	11.09	C	-		
26	37	O	11.09	G	-		
26	38	O	11.09	G	-		
26	39	O	11.09	C	-		
26	40	O	11.09	G	-		
26	41	O	11.09	A	-		
26	42	O	11.09	C	-		
26	43	O	11.09	A	-		
26	44	O	11.09	A	-		
26	45	O	11.09	C	-		
26	46	O	11.09	A	-		
26	47	O	11.09	C	-		
26	48	O	11.09	T	-		
26	49	O	11.09	G	-		
26	50	O	11.09	C	-		
26	51	O	11.09	C	-		
26	52	O	11.09	G	-		
26	53	O	11.09	C	-		
26	54	O	11.09	C	-		
26	55	O	11.09	G	-		
26	56	O	11.09	C	-		
26	57	O	11.09	C	-		
26	58	O	11.09	T	-		
26	59	O	11.09	T	-		
26	60	O	11.09	G	-		
26	61	O	11.09	A	-		
26	62	O	11.09	C	-		
26	63	O	11.09	C	-		
26	64	O	11.09	G	-		
26	65	O	11.09	T	-		
26	66	O	11.09	T	-		
26	67	O	11.09	T	-		
26	68	O	11.09	T	-		
26	69	O	11.09	A	-		
26	70	O	11.09	C	-		
26	71	O	11.09	T	-		
26	72	O	11.09	C	-		
26	73	O	11.09	C	-		
26	74	O	11.09	C	-		
26	75	O	11.09	T	-		
26	76	O	11.09	C	-		
26	77	O	11.09	C	-		
26	78	U	2.86	C	T		
26	79	O	11.09	A	-		
26	80	O	11.09	A	-		
26	81	O	11.09	C	-		
26	82	O	11.09	A	-		
26	83	O	11.09	A	-		
26	84	O	11.09	C	-		
26	85	O	11.09	G	-		
26	86	O	11.09	T	-		
26	87	O	11.09	A	-		
26	88	O	11.09	A	-		
26	89	O	11.09	T	-		
26	90	O	11.09	C	-		
26	91	O	11.09	T	-		
26	92	O	11.09	T	-		
26	93	O	11.09	C	-		
26	94	O	11.09	C	-		
26	95	O	11.09	A	-		
26	96	O	11.09	A	-		
26	97	O	11.09	C	-		
26	98	O	11.09	A	-		
26	99	O	11.09	G	-		
26	100	O	11.09	C	-		
26	101	O	11.09	T	-		
26	102	O	11.09	C	-		
26	103	O	11.09	G	-		
26	104	O	11.09	A	-		
26	105	O	11.09	C	-		
26	106	O	11.09	C	-		
26	107	O	11.09	T	-		
26	108	O	11.09	C	-		
26	109	O	11.09	T	-		
27	0	O	12.48	C	-		
27	1	O	12.48	G	-		
27	2	O	12.48	C	-		
27	3	O	12.48	T	-		
27	4	O	12.48	G	-		
27	5	O	12.48	G	-		
27	6	O	12.48	T	-		
27	7	O	12.48	A	-		
27	8	O	12.48	A	-		
27	9	O	12.48	A	-		
27	10	O	12.48	G	-		
27	11	O	12.48	T	-		
27	12	O	12.48	A	-		
27	13	O	12.48	C	-		
27	14	O	12.48	G	-		
27	15	O	12.48	T	-		
27	16	O	12.48	C	-		
27	17	O	12.48	C	-		
27	18	O	12.48	A	-		
27	19	O	12.48	T	-		
27	20	O	12.48	G	-		
27	21	O	12.48	A	-		
27	22	O	12.48	T	-		
27	23	O	12.48	C	-		
27	24	O	12.48	T	-		
27	25	O	12.48	T	-		
27	26	O	12.48	G	-		
27	27	O	12.48	G	-		
27	28	O	12.48	G	-		
27	29	O	12.48	A	-		
27	30	O	12.48	G	-		
27	31	O	12.48	C	-		
27	32	O	12.48	G	-		
27	33	O	12.48	A	-		
27	34	O	12.48	C	-		
27	35	O	12.48	G	-		
27	36	O	12.48	T	-		
27	37	O	12.48	C	-		
27	38	O	12.48	G	-		
27	39	O	12.48	C	-		
27	40	O	12.48	G	-		
27	41	O	12.48	G	-		
27	42	O	12.48	A	-		
27	43	O	12.48	T	-		
27	44	O	12.48	A	-		
27	45	O	12.48	T	-		
27	46	O	12.48	C	-		
27	47	O	12.48	C	-		
27	48	O	12.48	G	-		
27	49	O	12.48	G	-		
27	50	O	12.48	G	-		
27	51	O	12.48	T	-		
27	52	O	12.48	C	-		
27	53	O	12.48	C	-		
27	54	O	12.48	T	-		
27	55	O	4.00	A	-		
27	56	O	12.48	T	-		
27	57	O	12.48	T	-		
27	58	O	12.48	G	-		
27	59	O	12.48	T	-		
27	60	O	12.48	C	-		
27	61	O	12.48	A	-		
27	62	O	12.48	C	-		
27	63	O	12.48	A	-		
27	64	O	12.48	T	-		
27	65	O	12.48	T	-		
27	66	O	12.48	G	-		
27	67	O	12.48	A	-		
27	68	O	12.48	A	-		
27	69	O	12.48	T	-		
27	70	O	12.48	T	-		
27	71	O	12.48	A	-		
27	72	O	12.48	G	-		
27	73	O	12.48	T	-		
27	74	O	12.48	A	-		
27	75	O	12.48	T	-		
27	76	O	12.48	A	-		
27	77	O	12.48	C	-		
27	78	O	12.48	C	-		
27	79	O	12.48	G	-		
27	80	O	12.48	C	-		
27	81	O	12.48	A	-		
27	82	O	12.48	G	-		
27	83	O	12.48	C	-		
27	84	O	12.48	C	-		
27	85	O	12.48	A	-		
27	86	O	12.48	A	-		
27	87	O	12.48	T	-		
27	88	O	12.48	C	-		
27	89	O	12.48	G	-		
27	90	O	12.48	A	-		
27	91	O	12.48	G	-		
27	92	O	12.48	T	-		
27	93	O	12.48	T	-		
27	94	O	12.48	T	-		
27	95	O	12.48	A	-		
27	96	O	12.48	C	-		
27	97	O	12.48	A	-		
27	98	O	12.48	C	-		
27	99	O	12.48	C	-		
27	100	O	12.48	A	-		
27	101	O	12.48	C	-		
27	102	O	12.48	A	-		
27	103	O	12.48	A	-		
27	104	O	12.48	A	-		
27	105	O	12.48	C	-		
27	106	O	12.48	C	-		
27	107	O	12.48	G	-		
27	108	O	12.48	A	-		
27	109	O	12.48	G	-		
28	0	O	6.93	C	-		
28	1	O	6.93	A	-		
28	2	O	6.93	C	-		
28	3	O	6.93	A	-		
28	4	O	6.93	G	-		
28	5	O	6.93	C	-		
28	6	O	6.93	T	-		
28	7	O	6.93	G	-		
28	8	O	6.93	G	-		
28	9	O	6.93	A	-		
28	10	O	6.93	A	-		
28	11	O	6.93	C	-		
28	12	O	6.93	C	-		
28	13	O	6.93	C	-		
28	14	O	6.93	C	-		
28	15	O	6.93	A	-		
28	16	O	6.93	C	-		
28	17	O	6.93	T	-		
28	18	O	6.93	C	-		
28	19	O	6.93	T	-		
28	20	O	6.93	C	-		
28	21	O	6.93	T	-		
28	22	O	6.93	C	-		
28	23	O	6.93	C	-		
28	24	O	6.93	T	-		
28	25	O	6.93	T	-		
28	26	O	6.93	T	-		
28	27	O	6.93	T	-		
28	28	O	6.93	A	-		
28	29	O	6.93	C	-		
28	30	O	6.93	G	-		
28	31	O	6.93	C	-		
28	32	O	6.93	A	-		
28	33	O	6.93	C	-		
28	34	O	6.93	A	-		
28	35	O	6.93	G	-		
28	36	O	6.93	A	-		
28	37	O	6.93	T	-		
28	38	O	6.93	G	-		
28	39	O	6.93	G	-		
28	40	O	6.93	A	-		
28	41	O	6.93	T	-		
28	42	O	6.93	T	-		
28	43	O	6.93	T	-		
28	44	O	6.93	C	-		
28	45	O	6.93	A	-		
28	46	O	6.93	C	-		
28	47	O	6.93	A	-		
28	48	O	6.93	A	-		
28	49	O	6.93	A	-		
28	50	O	6.93	T	-		
28	51	O	6.93	C	-		
28	52	O	6.93	T	-		
28	53	O	6.93	A	-		
28	54	O	6.93	A	-		
28	55	O	6.93	A	-		
28	56	O	6.93	A	-		
28	57	O	6.93	C	-		
28	58	O	6.93	A	-		
28	59	O	6.93	C	-		
28	60	O	6.93	A	-		
28	61	O	6.93	G	-		
28	62	O	6.93	A	-		
28	63	O	6.93	T	-		
28	64	O	6.93	G	-		
28	65	O	6.93	T	-		
28	66	O	6.93	C	-		
28	67	O	6.93	T	-		
28	68	O	6.93	C	-		
28	69	O	6.93	A	-		
28	70	O	6.93	T	-		
28	71	O	6.93	A	-		
28	72	O	6.93	A	-		
28	73	O	6.93	T	-		
28	74	O	6.93	G	-		
28	75	O	6.93	G	-		
28	76	O	6.93	A	-		
28	77	O	6.93	G	-		
28	78	O	6.93	T	-		
28	79	O	6.93	G	-		
28	80	O	6.93	A	-		
28	81	O	6.93	G	-		
28	82	O	6.93	T	-		
28	83	O	6.93	T	-		
28	84	O	6.93	G	-		
28	85	O	6.93	G	-		
28	86	O	6.93	T	-		
28	87	O	6.93	G	-		
28	88	O	6.93	A	-		
28	89	O	6.93	G	-		
28	90	O	6.93	T	-		
28	91	O	6.93	C	-		
28	92	O	6.93	G	-		
28	93	O	6.93	C	-		
28	94	O	6.93	A	-		
28	95	O	6.93	A	-		
28	96	O	6.93	G	-		
28	97	O	6.93	A	-		
28	98	O	6.93	A	-		
28	99	O	6.93	T	-		
28	100	O	6.93	G	-		
28	101	O	6.93	A	-		
28	102	O	6.93	G	-		
28	103	O	6.93	T	-		
28	104	O	6.93	G	-		
28	105	O	6.93	G	-		
28	106	O	6.93	G	-		
28	107	O	6.93	A	-		
28	108	O	6.93	C	-		
28	109	O	6.93	T	-		
29	0	O	15.25	C	-		
29	1	O	15.25	G	-		
29	2	O	15.25	G	-		
29	3	O	15.25	A	-		
29	4	O	15.25	T	-		
29	5	O	15.25	G	-		
29	6	O	15.25	A	-		
29	7	O	15.25	A	-		
29	8	O	15.25	A	-		
29	9	O	15.25	C	-		
29	10	O	15.25	T	-		
29	11	O	15.25	A	-		
29	12	O	15.25	G	-		
29	13	O	15.25	A	-		
29	14	O	15.25	C	-		
29	15	O	15.25	A	-		
29	16	O	15.25	T	-		
29	17	O	15.25	G	-		
29	18	O	15.25	G	-		
29	19	O	15.25	C	-		
29	20	O	15.25	A	-		
29	21	O	15.25	G	-		
29	22	O	15.25	C	-		
29	23	O	15.25	C	-		
29	24	O	15.25	A	-		
29	25	O	15.25	A	-		
29	26	O	15.25	A	-		
29	27	O	15.25	G	-		
29	28	O	15.25	C	-		
29	29	O	15.25	G	-		
29	30	O	15.25	A	-		
29	31	O	15.25	C	-		
29	32	O	15.25	A	-		
29	33	O	15.25	A	-		
29	34	O	15.25	G	-		
29	35	O	15.25	C	-		
29	36	O	15.25	C	-		
29	37	O	15.25	T	-		
29	38	O	15.25	G	-		
29	39	O	15.25	T	-		
29	40	O	15.25	T	-		
29	41	O	15.25	G	-		
29	42	O	15.25	C	-		
29	43	O	15.25	A	-		
29	44	O	15.25	A	-		
29	45	O	15.25	G	-		
29	46	O	15.25	A	-		
29	47	O	15.25	C	-		
29	48	O	15.25	T	-		
29	49	O	15.25	C	-		
29	50	O	15.25	A	-		
29	51	O	15.25	C	-		
29	52	O	15.25	C	-		
29	53	O	15.25	C	-		
29	54	O	15.25	T	-		
29	55	O	15.25	G	-		
29	56	O	15.25	A	-		
29	57	O	15.25	C	-		
29	58	O	15.25	C	-		
29	59	O	15.25	G	-		
29	60	O	15.25	A	-		
29	61	O	15.25	G	-		
29	62	O	15.25	G	-		
29	63	O	15.25	C	-		
29	64	O	15.25	G	-		
29	65	O	15.25	C	-		
29	66	O	15.25	T	-		
29	67	O	15.25	G	-		
29	68	O	15.25	C	-		
29	69	O	15.25	T	-		
29	70	O	15.25	G	-		
29	71	O	15.25	G	-		
29	72	O	15.25	C	-		
29	73	O	15.25	T	-		
29	74	O	15.25	G	-		
29	75	O	15.25	T	-		
29	76	O	15.25	C	-		
29	77	O	15.25	G	-		
29	78	O	15.25	C	-		
29	79	O	15.25	C	-		
29	80	O	15.25	A	-		
29	81	O	15.25	T	-		
29	82	O	15.25	T	-		
29	83	O	15.25	G	-		
29	84	O	15.25	G	-		
29	85	O	15.25	C	-		
29	86	O	15.25	G	-		
29	87	O	15.25	T	-		
29	88	O	15.25	C	-		
29	89	O	15.25	A	-		
29	90	O	15.25	C	-		
29	91	O	15.25	G	-		
29	92	O	15.25	T	-		
29	93	O	15.25	T	-		
29	94	O	15.25	C	-		
29	95	O	15.25	G	-		
29	96	O	15.25	T	-		
29	97	O	15.25	A	-		
29	98	O	15.25	T	-		
29	99	O	15.25	C	-		
29	100	O	15.25	G	-		
29	101	O	15.25	T	-		
29	102	O	15.25	T	-		
29	103	O	15.25	C	-		
29	104	O	15.25	A	-		
29	105	O	15.25	T	-		
29	106	O	15.25	G	-		
29	107	O	15.25	G	-		
29	108	O	15.25	C	-		
29	109	O	15.25	G	-		
30	0	O	9.70	G	-		
30	1	O	9.70	G	-		
30	2	O	9.70	C	-		
30	3	O	9.70	C	-		
30	4	O	9.70	A	-		
30	5	O	9.70	G	-		
30	6	O	9.70	G	-		
30	7	O	9.70	T	-		
30	8	O	9.70	G	-		
30	9	O	9.70	G	-		
30	10	O	9.70	T	-		
30	11	O	9.70	G	-		
30	12	O	9.70	T	-		
30	13	O	9.70	T	-		
30	14	O	9.70	T	-		
30	15	O	9.70	A	-		
30	16	O	9.70	G	-		
30	17	O	9.70	A	-		
30	18	O	9.70	T	-		
30	19	O	9.70	G	-		
30	20	O	9.70	C	-		
30	21	O	9.70	A	-		
30	22	O	9.70	A	-		
30	23	O	9.70	T	-		
30	24	O	9.70	C	-		
30	25	O	9.70	T	-		
30	26	O	9.70	A	-		
30	27	O	9.70	T	-		
30	28	O	9.70	A	-		
30	29	O	9.70	T	-		
30	30	O	9.70	T	-		
30	31	O	9.70	G	-		
30	32	O	9.70	G	-		
30	33	O	9.70	T	-		
30	34	O	9.70	G	-		
30	35	O	9.70	A	-		
30	36	O	9.70	G	-		
30	37	O	9.70	C	-		
30	38	O	9.70	C	-		
30	39	O	9.70	G	-		
30	40	O	9.70	C	-		
30	41	O	9.70	G	-		
30	42	O	9.70	A	-		
30	43	O	9.70	G	-		
30	44	O	9.70	C	-		
30	45	O	9.70	A	-		
30	46	O	9.70	G	-		
30	47	O	9.70	C	-		
30	48	O	9.70	C	-		
30	49	O	9.70	G	-		
30	50	O	9.70	G	-		
30	51	O	9.70	G	-		
30	52	O	9.70	C	-		
30	53	O	9.70	G	-		
30	54	O	9.70	T	-		
30	55	O	9.70	G	-		
30	56	O	9.70	A	-		
30	57	O	9.70	G	-		
30	58	O	9.70	A	-		
30	59	O	9.70	T	-		
30	60	O	9.70	G	-		
30	61	O	9.70	T	-		
30	62	O	9.70	C	-		
30	63	O	9.70	G	-		
30	64	O	9.70	C	-		
30	65	O	9.70	A	-		
30	66	O	9.70	C	-		
30	67	O	9.70	A	-		
30	68	O	9.70	T	-		
30	69	O	9.70	G	-		
30	70	O	9.70	G	-		
30	71	O	9.70	A	-		
30	72	O	9.70	T	-		
30	73	O	9.70	G	-		
30	74	O	9.70	T	-		
30	75	O	9.70	G	-		
30	76	O	9.70	C	-		
30	77	O	9.70	C	-		
30	78	O	9.70	C	-		
30	79	O	9.70	T	-		
30	80	O	9.70	A	-		
30	81	O	9.70	T	-		
30	82	O	9.70	T	-		
30	83	O	9.70	C	-		
30	84	O	9.70	C	-		
30	85	O	9.70	T	-		
30	86	O	9.70	A	-		
30	87	O	9.70	T	-		
30	88	O	9.70	G	-		
30	89	O	9.70	C	-		
30	90	O	9.70	T	-		
30	91	O	9.70	C	-		
30	92	O	9.70	T	-		
30	93	O	9.70	G	-		
30	94	O	9.70	A	-		
30	95	O	9.70	C	-		
30	96	O	9.70	A	-		
30	97	O	9.70	A	-		
30	98	O	9.70	A	-		
30	99	O	9.70	T	-		
30	100	O	9.70	C	-		
30	101	O	9.70	A	-		
30	102	O	9.70	G	-		
30	103	O	9.70	A	-		
30	104	O	9.70	A	-		
30	105	O	9.70	A	-		
30	106	O	9.70	A	-		
30	107	O	9.70	G	-		
30	108	O	9.70	A	-		
30	109	O	9.70	A	-		
31	0	O	12.48	T	-		
31	1	O	12.48	G	-		
31	2	O	12.48	G	-		
31	3	O	12.48	A	-		
31	4	O	12.48	G	-		
31	5	O	12.48	G	-		
31	6	O	12.48	A	-		
31	7	O	12.48	G	-		
31	8	O	12.48	A	-		
31	9	O	12.48	C	-		
31	10	O	12.48	A	-		
31	11	O	12.48	C	-		
31	12	O	12.48	A	-		
31	13	O	12.48	A	-		
31	14	O	12.48	A	-		
31	15	O	12.48	C	-		
31	16	O	12.48	T	-		
31	17	O	12.48	C	-		
31	18	O	12.48	G	-		
31	19	O	12.48	T	-		
31	20	O	12.48	C	-		
31	21	O	12.48	C	-		
31	22	O	12.48	G	-		
31	23	O	12.48	C	-		
31	24	O	12.48	C	-		
31	25	O	12.48	T	-		
31	26	O	12.48	C	-		
31	27	O	12.48	G	-		
31	28	O	12.48	C	-		
31	29	O	12.48	T	-		
31	30	O	12.48	T	-		
31	31	O	12.48	G	-		
31	32	O	12.48	G	-		
31	33	O	12.48	T	-		
31	34	O	12.48	T	-		
31	35	O	12.48	T	-		
31	36	O	12.48	G	-		
31	37	O	12.48	A	-		
31	38	O	12.48	G	-		
31	39	O	12.48	T	-		
31	40	O	12.48	C	-		
31	41	O	12.48	G	-		
31	42	O	12.48	C	-		
31	43	O	12.48	C	-		
31	44	O	12.48	A	-		
31	45	O	12.48	A	-		
31	46	O	12.48	A	-		
31	47	O	12.48	G	-		
31	48	O	12.48	C	-		
31	49	O	12.48	G	-		
31	50	O	12.48	C	-		
31	51	O	12.48	C	-		
31	52	O	12.48	A	-		
31	53	O	12.48	G	-		
31	54	O	12.48	A	-		
31	55	O	12.48	A	-		
31	56	O	12.48	A	-		
31	57	O	12.48	A	-		
31	58	O	12.48	T	-		
31	59	O	12.48	G	-		
31	60	O	12.48	G	-		
31	61	O	12.48	C	-		
31	62	O	12.48	C	-		
31	63	O	12.48	A	-		
31	64	O	12.48	A	-		
31	65	O	12.48	T	-		
31	66	O	12.48	A	-		
31	67	O	12.48	T	-		
31	68	O	12.48	G	-		
31	69	O	12.48	T	-		
31	70	O	12.48	C	-		
31	71	O	12.48	A	-		
31	72	O	12.48	G	-		
31	73	O	12.48	C	-		
31	74	O	12.48	G	-		
31	75	O	12.48	G	-		
31	76	O	12.48	T	-		
31	77	O	12.48	G	-		
31	78	O	12.48	C	-		
31	79	O	12.48	A	-		
31	80	O	12.48	T	-		
31	81	O	12.48	A	-		
31	82	O	12.48	G	-		
31	83	O	12.48	G	-		
31	84	O	12.48	C	-		
31	85	O	12.48	A	-		
31	86	O	12.48	A	-		
31	87	O	12.48	C	-		
31	88	O	12.48	A	-		
31	89	O	12.48	G	-		
31	90	O	4.00	G	-		
31	91	O	12.48	T	-		
31	92	O	12.48	A	-		
31	93	O	12.48	G	-		
31	94	O	12.48	A	-		
31	95	O	12.48	C	-		
31	96	O	12.48	A	-		
31	97	O	12.48	A	-		
31	98	O	12.48	C	-		
31	99	O	12.48	A	-		
31	100	O	12.48	A	-		
31	101	O	12.48	T	-		
31	102	O	12.48	G	-		
31	103	O	12.48	C	-		
31	104	O	12.48	C	-		
31	105	O	12.48	G	-		
31	106	O	12.48	C	-		
31	107	O	12.48	A	-		
31	108	O	12.48	T	-		
31	109	O	12.48	T	-		
32	0	O	6.93	T	-		
32	1	O	6.93	A	-		
32	2	O	6.93	G	-		
32	3	O	6.93	T	-		
32	4	O	6.93	C	-		
32	5	O	6.93	G	-		
32	6	O	6.93	T	-		
32	7	O	6.93	C	-		
32	8	O	6.93	G	-		
32	9	O	6.93	T	-		
32	10	O	6.93	A	-		
32	11	O	6.93	G	-		
32	12	O	6.93	T	-		
32	13	O	6.93	A	-		
32	14	O	6.93	G	-		
32	15	O	6.93	A	-		
32	16	O	6.93	A	-		
32	17	O	6.93	G	-		
32	18	O	6.93	G	-		
32	19	O	6.93	T	-		
32	20	O	6.93	G	-		
32	21	O	6.93	G	-		
32	22	O	6.93	G	-		
32	23	O	6.93	G	-		
32	24	O	6.93	T	-		
32	25	O	6.93	C	-		
32	26	O	6.93	G	-		
32	27	O	6.93	G	-		
32	28	O	6.93	T	-		
32	29	O	6.93	T	-		
32	30	O	6.93	C	-		
32	31	O	6.93	C	-		
32	32	O	6.93	C	-		
32	33	O	6.93	C	-		
32	34	O	6.93	C	-		
32	35	O	6.93	T	-		
32	36	O	6.93	A	-		
32	37	O	6.93	C	-		
32	38	O	6.93	A	-		
32	39	O	6.93	C	-		
32	40	O	6.93	C	-		
32	41	O	6.93	C	-		
32	42	O	6.93	T	-		
32	43	O	6.93	C	-		
32	44	O	6.93	T	-		
32	45	O	6.93	T	-		
32	46	O	6.93	T	-		
32	47	O	6.93	T	-		
32	48	O	6.93	T	-		
32	49	O	6.93	C	-		
32	50	O	6.93	G	-		
32	51	O	6.93	G	-		
32	52	O	6.93	C	-		
32	53	O	6.93	A	-		
32	54	O	6.93	C	-		
32	55	O	6.93	A	-		
32	56	O	6.93	T	-		
32	57	O	6.93	G	-		
32	58	O	6.93	T	-		
32	59	O	6.93	T	-		
32	60	O	6.93	G	-		
32	61	O	6.93	G	-		
32	62	O	6.93	C	-		
32	63	O	6.93	T	-		
32	64	O	6.93	G	-		
32	65	O	6.93	A	-		
32	66	O	6.93	G	-		
32	67	O	6.93	T	-		
32	68	O	6.93	G	-		
32	69	O	6.93	T	-		
32	70	O	6.93	T	-		
32	71	O	6.93	G	-		
32	72	O	6.93	G	-		
32	73	O	6.93	T	-		
32	74	O	6.93	A	-		
32	75	O	6.93	A	-		
32	76	O	6.93	A	-		
32	77	O	6.93	A	-		
32	78	O	6.93	C	-		
32	79	O	6.93	T	-		
32	80	O	6.93	A	-		
32	81	O	6.93	G	-		
32	82	O	6.93	A	-		
32	83	O	6.93	C	-		
32	84	O	6.93	T	-		
32	85	O	6.93	C	-		
32	86	O	6.93	A	-		
32	87	O	6.93	A	-		
32	88	O	6.93	G	-		
32	89	O	6.93	T	-		
32	90	O	6.93	C	-		
32	91	O	6.93	T	-		
32	92	O	6.93	C	-		
32	93	O	6.93	G	-		
32	94	O	6.93	A	-		
32	95	O	6.93	T	-		
32	96	O	6.93	C	-		
32	97	O	6.93	A	-		
32	98	O	6.93	A	-		
32	99	O	6.93	C	-		
32	100	O	6.93	T	-		
32	101	O	6.93	T	-		
32	102	O	6.93	C	-		
32	103	O	6.93	T	-		
32	104	O	6.93	T	-		
32	105	O	6.93	T	-		
32	106	O	6.93	A	-		
32	107	O	6.93	A	-		
32	108	O	6.93	G	-		
32	109	O	6.93	G	-		
33	0	O	11.09	G	-		
33	1	O	11.09	A	-		
33	2	O	11.09	T	-		
33	3	O	11.09	G	-		
33	4	O	11.09	G	-		
33	5	O	11.09	G	-		
33	6	O	11.09	C	-		
33	7	O	11.09	G	-		
33	8	O	11.09	T	-		
33	9	O	11.09	G	-		
33	10	O	11.09	T	-		
33	11	O	11.09	C	-		
33	12	O	11.09	G	-		
33	13	O	11.09	A	-		
33	14	O	11.09	G	-		
33	15	O	11.09	A	-		
33	16	O	11.09	T	-		
33	17	O	11.09	G	-		
33	18	O	11.09	T	-		
33	19	O	11.09	G	-		
33	20	O	11.09	T	-		
33	21	O	11.09	G	-		
33	22	O	11.09	T	-		
33	23	O	11.09	T	-		
33	24	O	11.09	T	-		
33	25	O	11.09	G	-		
33	26	O	11.09	G	-		
33	27	O	11.09	C	-		
33	28	O	11.09	T	-		
33	29	O	11.09	G	-		
33	30	O	11.09	G	-		
33	31	O	11.09	T	-		
33	32	O	11.09	A	-		
33	33	O	11.09	A	-		
33	34	O	11.09	G	-		
33	35	O	11.09	T	-		
33	36	O	11.09	A	-		
33	37	O	11.09	G	-		
33	38	O	11.09	G	-		
33	39	O	11.09	G	-		
33	40	O	11.09	T	-		
33	41	O	11.09	G	-		
33	42	O	11.09	A	-		
33	43	O	11.09	T	-		
33	44	O	11.09	A	-		
33	45	O	11.09	G	-		
33	46	O	11.09	T	-		
33	47	O	11.09	G	-		
33	48	O	11.09	T	-		
33	49	O	11.09	T	-		
33	50	O	11.09	C	-		
33	51	O	11.09	C	-		
33	52	O	11.09	G	-		
33	53	O	11.09	G	-		
33	54	O	11.09	A	-		
33	55	O	11.09	A	-		
33	56	O	11.09	C	-		
33	57	O	11.09	G	-		
33	58	O	11.09	A	-		
33	59	O	11.09	T	-		
33	60	O	11.09	A	-		
33	61	O	11.09	A	-		
33	62	O	11.09	A	-		
33	63	O	11.09	G	-		
33	64	O	11.09	G	-		
33	65	O	11.09	A	-		
33	66	O	11.09	A	-		
33	67	O	11.09	A	-		
33	68	O	11.09	C	-		
33	69	O	11.09	C	-		
33	70	O	11.09	T	-		
33	71	O	11.09	G	-		
33	72	O	11.09	T	-		
33	73	O	11.09	C	-		
33	74	O	11.09	A	-		
33	75	O	11.09	A	-		
33	76	O	11.09	C	-		
33	77	O	11.09	G	-		
33	78	O	11.09	A	-		
33	79	O	11.09	A	-		
33	80	O	11.09	A	-		
33	81	O	11.09	G	-		
33	82	O	11.09	C	-		
33	83	O	11.09	T	-		
33	84	O	11.09	G	-		
33	85	O	11.09	T	-		
33	86	O	11.09	C	-		
33	87	O	11.09	C	-		
33	88	O	11.09	A	-		
33	89	O	11.09	G	-		
33	90	O	11.09	G	-		
33	91	O	11.09	C	-		
33	92	O	11.09	C	-		
33	93	O	11.09	G	-		
33	94	O	11.09	C	-		
33	95	O	11.09	T	-		
33	96	O	11.09	G	-		
33	97	O	11.09	C	-		
33	98	O	11.09	T	-		
33	99	O	11.09	T	-		
33	100	O	11.09	A	-		
33	101	O	11.09	T	-		
33	102	O	11.09	G	-		
33	103	O	11.09	T	-		
33	104	O	11.09	A	-		
33	105	O	11.09	T	-		
33	106	O	11.09	A	-		
33	107	O	11.09	C	-		
33	108	O	11.09	T	-		
33	109	O	11.09	T	-		
34	0	O	9.70	T	-		
34	1	O	9.70	C	-		
34	2	O	9.70	C	-		
34	3	O	9.70	G	-		
34	4	O	9.70	G	-		
34	5	O	9.70	G	-		
34	6	O	9.70	T	-		
34	7	O	9.70	A	-		
34	8	O	9.70	C	-		
34	9	O	9.70	G	-		
34	10	O	9.70	T	-		
34	11	O	9.70	C	-		
34	12	O	9.70	G	-		
34	13	O	9.70	C	-		
34	14	O	9.70	T	-		
34	15	O	9.70	C	-		
34	16	O	9.70	T	-		
34	17	O	9.70	A	-		
34	18	O	9.70	A	-		
34	19	O	9.70	A	-		
34	20	O	9.70	A	-		
34	21	O	9.70	G	-		
34	22	O	9.70	T	-		
34	23	O	9.70	C	-		
34	24	O	9.70	G	-		
34	25	O	9.70	C	-		
34	26	O	9.70	A	-		
34	27	O	9.70	A	-		
34	28	O	9.70	C	-		
34	29	O	9.70	A	-		
34	30	O	9.70	G	-		
34	31	O	9.70	T	-		
34	32	O	9.70	G	-		
34	33	O	9.70	C	-		
34	34	O	9.70	T	-		
34	35	O	9.70	C	-		
34	36	O	9.70	T	-		
34	37	O	9.70	C	-		
34	38	O	9.70	A	-		
34	39	O	9.70	T	-		
34	40	O	9.70	G	-		
34	41	O	9.70	A	-		
34	42	O	9.70	T	-		
34	43	O	9.70	C	-		
34	44	O	9.70	C	-		
34	45	O	9.70	A	-		
34	46	O	9.70	G	-		
34	47	O	9.70	C	-		
34	48	O	9.70	G	-		
34	49	O	9.70	A	-		
34	50	O	9.70	T	-		
34	51	O	9.70	C	-		
34	52	O	9.70	T	-		
34	53	O	9.70	G	-		
34	54	O	9.70	G	-		
34	55	O	9.70	T	-		
34	56	O	9.70	G	-		
34	57	O	9.70	G	-		
34	58	O	9.70	T	-		
34	59	O	9.70	G	-		
34	60	O	9.70	A	-		
34	61	O	9.70	A	-		
34	62	O	9.70	G	-		
34	63	O	9.70	A	-		
34	64	O	9.70	C	-		
34	65	O	9.70	G	-		
34	66	O	9.70	T	-		
34	67	O	9.70	A	-		
34	68	O	9.70	A	-		
34	69	O	9.70	A	-		
34	70	O	9.70	T	-		
34	71	O	9.70	C	-		
34	72	O	9.70	A	-		
34	73	O	9.70	C	-		
34	74	O	9.70	G	-		
34	75	O	9.70	G	-		
34	76	O	9.70	G	-		
34	77	O	9.70	C	-		
34	78	O	9.70	A	-		
34	79	O	9.70	G	-		
34	80	O	9.70	T	-		
34	81	O	9.70	C	-		
34	82	O	9.70	T	-		
34	83	O	9.70	A	-		
34	84	O	9.70	G	-		
34	85	O	9.70	C	-		
34	86	O	9.70	T	-		
34	87	O	9.70	G	-		
34	88	O	9.70	T	-		
34	89	O	9.70	A	-		
34	90	O	9.70	G	-		
34	91	O	9.70	G	-		
34	92	O	9.70	G	-		
34	93	O	9.70	C	-		
34	94	O	9.70	T	-		
34	95	O	9.70	C	-		
34	96	O	9.70	A	-		
34	97	O	9.70	G	-		
34	98	O	9.70	A	-		
34	99	O	9.70	C	-		
34	100	O	9.70	A	-		
34	101	O	9.70	T	-		
34	102	O	9.70	G	-		
34	103	O	9.70	A	-		
34	104	O	9.70	C	-		
34	105	O	9.70	C	-		
34	106	O	9.70	G	-		
34	107	O	9.70	G	-		
34	108	O	9.70	C	-		
34	109	O	9.70	C	-		
35	0	O	8.32	T	-		
35	1	O	8.32	A	-		
35	2	O	8.32	C	-		
35	3	O	8.32	A	-		
35	4	O	8.32	A	-		
35	5	O	8.32	A	-		
35	6	O	8.32	T	-		
35	7	O	8.32	A	-		
35	8	O	8.32	T	-		
35	9	O	8.32	G	-		
35	10	O	8.32	G	-		
35	11	O	8.32	C	-		
35	12	O	8.32	A	-		
35	13	O	8.32	T	-		
35	14	O	8.32	C	-		
35	15	O	8.32	C	-		
35	16	O	8.32	T	-		
35	17	O	8.32	T	-		
35	18	O	8.32	A	-		
35	19	O	8.32	T	-		
35	20	O	8.32	C	-		
35	21	O	8.32	G	-		
35	22	O	8.32	A	-		
35	23	O	8.32	C	-		
35	24	O	8.32	T	-		
35	25	O	8.32	A	-		
35	26	O	8.32	C	-		
35	27	O	8.32	G	-		
35	28	O	8.32	G	-		
35	29	O	8.32	A	-		
35	30	O	8.32	G	-		
35	31	O	8.32	G	-		
35	32	O	8.32	C	-		
35	33	O	8.32	T	-		
35	34	O	8.32	G	-		
35	35	O	8.32	A	-		
35	36	O	8.32	C	-		
35	37	O	8.32	G	-		
35	38	O	8.32	T	-		
35	39	O	8.32	C	-		
35	40	O	8.32	T	-		
35	41	O	8.32	T	-		
35	42	O	8.32	G	-		
35	43	O	8.32	A	-		
35	44	O	8.32	A	-		
35	45	O	8.32	T	-		
35	46	O	8.32	G	-		
35	47	O	8.32	G	-		
35	48	O	8.32	G	-		
35	49	O	8.32	A	-		
35	50	O	8.32	G	-		
35	51	O	8.32	G	-		
35	52	O	8.32	T	-		
35	53	O	8.32	C	-		
35	54	O	8.32	G	-		
35	55	O	8.32	T	-		
35	56	O	8.32	A	-		
35	57	O	8.32	A	-		
35	58	O	8.32	A	-		
35	59	O	8.32	T	-		
35	60	O	8.32	C	-		
35	61	O	8.32	C	-		
35	62	O	8.32	G	-		
35	63	O	8.32	A	-		
35	64	O	8.32	T	-		
35	65	O	8.32	G	-		
35	66	O	8.32	A	-		
35	67	O	8.32	G	-		
35	68	O	8.32	C	-		
35	69	O	8.32	T	-		
35	70	O	8.32	A	-		
35	71	O	8.32	G	-		
35	72	O	8.32	G	-		
35	73	O	8.32	T	-		
35	74	O	8.32	A	-		
35	75	O	8.32	C	-		
35	76	O	8.32	T	-		
35	77	O	8.32	T	-		
35	78	O	8.32	A	-		
35	79	O	8.32	T	-		
35	80	O	8.32	G	-		
35	81	O	8.32	G	-		
35	82	O	8.32	A	-		
35	83	O	8.32	G	-		
35	84	O	8.32	G	-		
35	85	O	8.32	A	-		
35	86	O	8.32	G	-		
35	87	O	8.32	A	-		
35	88	O	8.32	T	-		
35	89	O	8.32	C	-		
35	90	O	8.32	A	-		
35	91	O	8.32	C	-		
35	92	O	8.32	A	-		
35	93	O	8.32	A	-		
35	94	O	8.32	T	-		
35	95	O	8.32	T	-		
35	96	O	8.32	T	-		
35	97	O	8.32	T	-		
35	98	O	8.32	T	-		
35	99	O	8.32	G	-		
35	100	O	8.32	T	-		
35	101	O	8.32	T	-		
35	102	O	8.32	G	-		
35	103	O	8.32	A	-		
35	104	O	8.32	C	-		
35	105	O	8.32	T	-		
35	106	O	8.32	T	-		
35	107	O	8.32	T	-		
35	108	O	8.32	G	-		
35	109	O	8.32	G	-		
36	0	O	11.09	T	-		
36	1	O	11.09	T	-		
36	2	O	11.09	T	-		
36	3	O	11.09	G	-		
36	4	O	11.09	C	-		
36	5	O	11.09	A	-		
36	6	O	11.09	A	-		
36	7	O	11.09	A	-		
36	8	O	11.09	G	-		
36	9	O	11.09	A	-		
36	10	O	11.09	C	-		
36	11	O	11.09	T	-		
36	12	O	11.09	T	-		
36	13	O	11.09	G	-		
36	14	O	11.09	G	-		
36	15	O	11.09	C	-		
36	16	O	11.09	G	-		
36	17	O	11.09	A	-		
36	18	O	11.09	A	-		
36	19	O	11.09	G	-		
36	20	O	11.09	A	-		
36	21	O	11.09	T	-		
36	22	O	11.09	G	-		
36	23	O	11.09	A	-		
36	24	O	11.09	G	-		
36	25	O	11.09	G	-		
36	26	O	11.09	G	-		
36	27	O	11.09	T	-		
36	28	O	11.09	C	-		
36	29	O	11.09	G	-		
36	30	O	11.09	C	-		
36	31	O	11.09	T	-		
36	32	O	11.09	T	-		
36	33	O	11.09	T	-		
36	34	O	11.09	G	-		
36	35	O	11.09	A	-		
36	36	O	11.09	G	-		
36	37	O	11.09	A	-		
36	38	O	11.09	C	-		
36	39	O	11.09	A	-		
36	40	O	11.09	C	-		
36	41	O	11.09	G	-		
36	42	O	11.09	A	-		
36	43	O	11.09	C	-		
36	44	O	11.09	G	-		
36	45	O	11.09	G	-		
36	46	O	11.09	C	-		
36	47	O	11.09	T	-		
36	48	O	11.09	T	-		
36	49	O	11.09	C	-		
36	50	O	11.09	A	-		
36	51	O	11.09	C	-		
36	52	O	11.09	G	-		
36	53	O	11.09	C	-		
36	54	O	11.09	A	-		
36	55	O	11.09	C	-		
36	56	O	11.09	G	-		
36	57	O	11.09	G	-		
36	58	O	11.09	T	-		
36	59	O	11.09	G	-		
36	60	O	11.09	G	-		
36	61	O	11.09	C	-		
36	62	O	11.09	G	-		
36	63	O	11.09	T	-		
36	64	O	11.09	A	-		
36	65	O	11.09	C	-		
36	66	O	11.09	A	-		
36	67	O	11.09	T	-		
36	68	O	11.09	G	-		
36	69	O	11.09	A	-		
36	70	O	11.09	C	-		
36	71	O	11.09	A	-		
36	72	O	11.09	T	-		
36	73	O	11.09	C	-		
36	74	O	11.09	C	-		
36	75	O	11.09	A	-		
36	76	O	11.09	G	-		
36	77	O	11.09	C	-		
36	78	O	11.09	A	-		
36	79	O	11.09	T	-		
36	80	O	11.09	A	-		
36	81	O	11.09	C	-		
36	82	O	11.09	C	-		
36	83	O	11.09	G	-		
36	84	O	11.09	A	-		
36	85	O	11.09	C	-		
36	86	O	11.09	C	-		
36	87	O	11.09	A	-		
36	88	O	11.09	C	-		
36	89	O	11.09	G	-		
36	90	O	11.09	C	-		
36	91	O	11.09	C	-		
36	92	O	11.09	T	-		
36	93	O	11.09	T	-		
36	94	U	2.86	G	A		
36	95	O	11.09	C	-		
36	96	O	11.09	A	-		
36	97	O	11.09	T	-		
36	98	O	11.09	T	-		
36	99	O	11.09	G	-		
36	100	O	11.09	G	-		
36	101	O	11.09	G	-		
36	102	O	11.09	G	-		
36	103	O	11.09	T	-		
36	104	O	11.09	T	-		
36	105	U	2.86	C	A		
36	106	O	11.09	T	-		
36	107	O	11.09	T	-		
36	108	O	11.09	A	-		
36	109	O	11.09	A	-		
37	0	O	11.09	G	-		
37	1	O	11.09	A	-		
37	2	O	11.09	A	-		
37	3	O	11.09	A	-		
37	4	O	11.09	G	-		
37	5	O	11.09	C	-		
37	6	O	11.09	A	-		
37	7	O	11.09	A	-		
37	8	O	11.09	G	-		
37	9	O	11.09	A	-		
37	10	O	11.09	A	-		
37	11	O	11.09	C	-		
37	12	O	11.09	G	-		
37	13	O	11.09	A	-		
37	14	O	11.09	T	-		
37	15	O	11.09	C	-		
37	16	O	11.09	C	-		
37	17	O	11.09	A	-		
37	18	O	11.09	G	-		
37	19	O	11.09	G	-		
37	20	O	11.09	A	-		
37	21	O	11.09	G	-		
37	22	O	11.09	T	-		
37	23	O	11.09	C	-		
37	24	O	11.09	C	-		
37	25	O	11.09	C	-		
37	26	O	11.09	T	-		
37	27	O	11.09	C	-		
37	28	O	11.09	A	-		
37	29	O	11.09	T	-		
37	30	O	11.09	C	-		
37	31	O	11.09	A	-		
37	32	O	11.09	A	-		
37	33	O	11.09	C	-		
37	34	O	11.09	C	-		
37	35	O	11.09	C	-		
37	36	O	11.09	C	-		
37	37	O	11.09	C	-		
37	38	O	11.09	C	-		
37	39	O	11.09	C	-		
37	40	O	11.09	A	-		
37	41	O	11.09	C	-		
37	42	O	11.09	T	-		
37	43	O	11.09	C	-		
37	44	O	11.09	A	-		
37	45	O	11.09	G	-		
37	46	O	11.09	T	-		
37	47	O	11.09	C	-		
37	48	O	11.09	C	-		
37	49	O	11.09	A	-		
37	50	O	11.09	A	-		
37	51	O	11.09	C	-		
37	52	O	11.09	G	-		
37	53	O	11.09	C	-		
37	54	O	11.09	A	-		
37	55	O	11.09	G	-		
37	56	O	11.09	G	-		
37	57	O	11.09	T	-		
37	58	O	11.09	G	-		
37	59	O	11.09	C	-		
37	60	O	11.09	A	-		
37	61	O	11.09	G	-		
37	62	O	11.09	G	-		
37	63	O	11.09	A	-		
37	64	O	11.09	G	-		
37	65	O	11.09	G	-		
37	66	O	11.09	C	-		
37	67	O	11.09	G	-		
37	68	O	11.09	T	-		
37	69	O	11.09	C	-		
37	70	O	11.09	G	-		
37	71	O	11.09	C	-		
37	72	U	2.86	A	G		
37	73	O	11.09	G	-		
37	74	O	11.09	A	-		
37	75	O	11.09	G	-		
37	76	O	11.09	C	-		
37	77	O	11.09	T	-		
37	78	O	11.09	A	-		
37	79	O	11.09	C	-		
37	80	O	11.09	C	-		
37	81	O	11.09	C	-		
37	82	O	11.09	A	-		
37	83	O	11.09	C	-		
37	84	O	11.09	A	-		
37	85	O	11.09	G	-		
37	86	O	11.09	T	-		
37	87	O	11.09	C	-		
37	88	O	11.09	T	-		
37	89	O	11.09	T	-		
37	90	O	11.09	C	-		
37	91	O	11.09	T	-		
37	92	O	11.09	G	-		
37	93	O	11.09	C	-		
37	94	E	-6.09	T	C		
37	95	O	11.09	C	-		
37	96	O	11.09	C	-		
37	97	O	11.09	C	-		
37	98	O	11.09	T	-		
37	99	O	11.09	C	-		
37	100	O	11.09	T	-		
37	101	O	11.09	T	-		
37	102	O	11.09	C	-		
37	103	O	11.09	T	-		
37	104	O	11.09	T	-		
37	105	O	11.09	C	-		
37	106	O	11.09	G	-		
37	107	O	11.09	C	-		
37	108	O	11.09	C	-		
37	109	O	11.09	G	-		
38	0	O	8.32	G	-		
38	1	O	8.32	G	-		
38	2	O	8.32	A	-		
38	3	O	8.32	C	-		
38	4	O	8.32	G	-		
38	5	O	8.32	T	-		
38	6	O	8.32	A	-		
38	7	O	8.32	C	-		
38	8	O	8.32	C	-		
38	9	O	8.32	T	-		
38	10	O	8.32	C	-		
38	11	O	8.32	T	-		
38	12	O	8.32	G	-		
38	13	O	8.32	T	-		
38	14	O	8.32	T	-		
38	15	O	8.32	T	-		
38	16	O	8.32	G	-		
38	17	O	8.32	G	-		
38	18	O	8.32	T	-		
38	19	O	8.32	T	-		
38	20	O	8.32	G	-		
38	21	O	8.32	T	-		
38	22	O	8.32	A	-		
38	23	O	8.32	T	-		
38	24	O	8.32	T	-		
38	25	O	8.32	T	-		
38	26	O	8.32	C	-		
38	27	O	8.32	T	-		
38	28	O	8.32	A	-		
38	29	O	8.32	T	-		
38	30	O	8.32	T	-		
38	31	O	8.32	T	-		
38	32	O	8.32	C	-		
38	33	O	8.32	T	-		
38	34	O	8.32	G	-		
38	35	O	8.32	T	-		
38	36	O	8.32	T	-		
38	37	O	8.32	T	-		
38	38	O	8.32	T	-		
38	39	O	8.32	C	-		
38	40	O	8.32	T	-		
38	41	O	8.32	T	-		
38	42	O	8.32	T	-		
38	43	O	8.32	T	-		
38	44	O	8.32	T	-		
38	45	O	8.32	A	-		
38	46	O	8.32	A	-		
38	47	O	8.32	A	-		
38	48	O	8.32	A	-		
38	49	O	8.32	T	-		
38	50	O	8.32	T	-		
38	51	O	8.32	T	-		
38	52	O	8.32	C	-		
38	53	O	8.32	T	-		
38	54	O	8.32	C	-		
38	55	O	8.32	T	-		
38	56	O	8.32	C	-		
38	57	O	8.32	A	-		
38	58	O	8.32	A	-		
38	59	O	8.32	A	-		
38	60	O	8.32	A	-		
38	61	O	8.32	C	-		
38	62	O	8.32	A	-		
38	63	O	8.32	T	-		
38	64	O	8.32	A	-		
38	65	O	8.32	T	-		
38	66	O	8.32	A	-		
38	67	O	8.32	T	-		
38	68	O	8.32	A	-		
38	69	O	8.32	A	-		
38	70	O	8.32	A	-		
38	71	O	8.32	A	-		
38	72	O	8.32	T	-		
38	73	O	8.32	A	-		
38	74	O	8.32	C	-		
38	75	O	8.32	G	-		
38	76	O	8.32	T	-		
38	77	O	8.32	T	-		
38	78	O	8.32	T	-		
38	79	O	8.32	G	-		
38	80	O	8.32	T	-		
38	81	O	8.32	T	-		
38	82	O	8.32	A	-		
38	83	O	8.32	G	-		
38	84	O	8.32	T	-		
38	85	O	8.32	A	-		
38	86	O	8.32	A	-		
38	87	O	8.32	T	-		
38	88	O	8.32	T	-		
38	89	O	8.32	T	-		
38	90	O	8.32	T	-		
38	91	O	8.32	T	-		
38	92	O	8.32	A	-		
38	93	O	8.32	G	-		
38	94	O	8.32	A	-		
38	95	O	8.32	A	-		
38	96	O	8.32	A	-		
38	97	O	8.32	A	-		
38	98	O	8.32	A	-		
38	99	O	8.32	T	-		
38	100	O	8.32	A	-		
38	101	O	8.32	T	-		
38	102	O	8.32	T	-		
38	103	O	8.32	T	-		
38	104	O	8.32	C	-		
38	105	O	8.32	C	-		
38	106	O	8.32	A	-		
38	107	O	8.32	A	-		
38	108	O	8.32	A	-		
38	109	O	8.32	A	-		
39	0	O	8.32	A	-		
39	1	O	8.32	G	-		
39	2	O	8.32	G	-		
39	3	O	8.32	G	-		
39	4	O	8.32	A	-		
39	5	O	8.32	G	-		
39	6	O	8.32	A	-		
39	7	O	8.32	A	-		
39	8	O	8.32	A	-		
39	9	O	8.32	T	-		
39	10	O	8.32	A	-		
39	11	O	8.32	G	-		
39	12	O	8.32	A	-		
39	13	O	8.32	T	-		
39	14	O	8.32	A	-		
39	15	O	8.32	A	-		
39	16	O	8.32	G	-		
39	17	O	8.32	A	-		
39	18	O	8.32	T	-		
39	19	O	8.32	C	-		
39	20	O	8.32	A	-		
39	21	O	8.32	A	-		
39	22	O	8.32	G	-		
39	23	O	8.32	T	-		
39	24	O	8.32	T	-		
39	25	O	8.32	T	-		
39	26	O	8.32	A	-		
39	27	O	8.32	T	-		
39	28	O	8.32	T	-		
39	29	O	8.32	A	-		
39	30	O	8.32	C	-		
39	31	O	8.32	T	-		
39	32	O	8.32	C	-		
39	33	O	8.32	C	-		
39	34	O	8.32	T	-		
39	35	O	8.32	A	-		
39	36	O	8.32	T	-		
39	37	O	8.32	T	-		
39	38	O	8.32	A	-		
39	39	O	8.32	A	-		
39	40	O	8.32	C	-		
39	41	O	8.32	A	-		
39	42	O	8.32	T	-		
39	43	O	8.32	G	-		
39	44	O	8.32	T	-		
39	45	O	8.32	G	-		
39	46	O	8.32	A	-		
39	47	O	8.32	T	-		
39	48	O	8.32	A	-		
39	49	O	8.32	C	-		
39	50	O	8.32	A	-		
39	51	O	8.32	A	-		
39	52	O	8.32	A	-		
39	53	O	8.32	A	-		
39	54	O	8.32	G	-		
39	55	O	8.32	G	-		
39	56	O	8.32	T	-		
39	57	O	8.32	A	-		
39	58	O	8.32	T	-		
39	59	O	8.32	A	-		
39	60	O	8.32	T	-		
39	61	O	8.32	G	-		
39	62	O	8.32	G	-		
39	63	O	8.32	C	-		
39	64	O	8.32	C	-		
39	65	O	8.32	C	-		
39	66	O	8.32	A	-		
39	67	O	8.32	A	-		
39	68	O	8.32	A	-		
39	69	O	8.32	A	-		
39	70	O	8.32	T	-		
39	71	O	8.32	G	-		
39	72	O	8.32	G	-		
39	73	O	8.32	A	-		
39	74	O	8.32	A	-		
39	75	O	8.32	G	-		
39	76	O	8.32	C	-		
39	77	O	8.32	A	-		
39	78	O	8.32	A	-		
39	79	O	8.32	C	-		
39	80	O	8.32	T	-		
39	81	O	8.32	T	-		
39	82	O	8.32	T	-		
39	83	O	8.32	T	-		
39	84	O	8.32	C	-		
39	85	O	8.32	A	-		
39	86	O	8.32	A	-		
39	87	O	8.32	T	-		
39	88	O	8.32	T	-		
39	89	O	8.32	T	-		
39	90	O	8.32	T	-		
39	91	O	8.32	A	-		
39	92	O	8.32	T	-		
39	93	O	8.32	T	-		
39	94	O	8.32	T	-		
39	95	O	8.32	G	-		
39	96	O	8.32	A	-		
39	97	O	8.32	A	-		
39	98	O	8.32	A	-		
39	99	O	8.32	A	-		
39	100	O	8.32	G	-		
39	101	O	8.32	A	-		
39	102	O	8.32	C	-		
39	103	O	8.32	C	-		
39	104	O	8.32	A	-		
39	105	O	8.32	C	-		
39	106	O	8.32	T	-		
39	107	O	8.32	A	-		
39	108	O	8.32	A	-		
39	109	O	8.32	C	-		
40	0	O	5.55	T	-		
40	1	O	5.55	T	-		
40	2	O	5.55	T	-		
40	3	O	5.55	T	-		
40	4	O	5.55	A	-		
40	5	O	5.55	A	-		
40	6	O	5.55	A	-		
40	7	O	5.55	A	-		
40	8	O	5.55	T	-		
40	9	O	5.55	G	-		
40	10	O	5.55	T	-		
40	11	O	5.55	A	-		
40	12	O	5.55	C	-		
40	13	O	5.55	T	-		
40	14	O	5.55	C	-		
40	15	O	5.55	A	-		
40	16	O	5.55	A	-		
40	17	O	5.55	A	-		
40	18	O	5.55	A	-		
40	19	O	5.55	T	-		
40	20	O	5.55	T	-		
40	21	O	5.55	G	-		
40	22	O	5.55	A	-		
40	23	O	5.55	T	-		
40	24	O	5.55	T	-		
40	25	O	5.55	T	-		
40	26	O	5.55	A	-		
40	27	O	5.55	T	-		
40	28	O	5.55	T	-		
40	29	O	5.55	A	-		
40	30	O	5.55	C	-		
40	31	O	5.55	C	-		
40	32	O	5.55	A	-		
40	33	O	5.55	T	-		
40	34	O	5.55	C	-		
40	35	O	5.55	T	-		
40	36	O	5.55	T	-		
40	37	O	5.55	G	-		
40	38	O	5.55	T	-		
40	39	O	5.55	A	-		
40	40	O	5.55	T	-		
40	41	O	5.55	T	-		
40	42	O	5.55	T	-		
40	43	O	5.55	G	-		
40	44	O	5.55	A	-		
40	45	O	5.55	A	-		
40	46	O	5.55	T	-		
40	47	O	5.55	A	-		
40	48	O	5.55	A	-		
40	49	O	5.55	A	-		
40	50	O	5.55	A	-		
40	51	O	5.55	T	-		
40	52	O	5.55	A	-		
40	53	O	5.55	A	-		
40	54	O	5.55	T	-		
40	55	O	5.55	A	-		
40	56	O	5.55	A	-		
40	57	O	5.55	G	-		
40	58	O	5.55	T	-		
40	59	O	5.55	T	-		
40	60	O	5.55	T	-		
40	61	O	5.55	T	-		
40	62	O	5.55	T	-		
40	63	O	5.55	G	-		
40	64	O	5.55	A	-		
40	65	O	5.55	T	-		
40	66	O	5.55	A	-		
40	67	O	5.55	A	-		
40	68	O	5.55	A	-		
40	69	O	5.55	A	-		
40	70	O	5.55	A	-		
40	71	O	5.55	A	-		
40	72	O	5.55	A	-		
40	73	O	5.55	T	-		
40	74	O	5.55	T	-		
40	75	O	5.55	G	-		
40	76	O	5.55	C	-		
40	77	O	5.55	A	-		
40	78	O	5.55	A	-		
40	79	O	5.55	A	-		
40	80	O	5.55	T	-		
40	81	O	5.55	C	-		
40	82	O	5.55	T	-		
40	83	O	5.55	T	-		
40	84	O	5.55	G	-		
40	85	O	5.55	C	-		
40	86	O	5.55	T	-		
40	87	O	5.55	C	-		
40	88	O	5.55	A	-		
40	89	O	5.55	A	-		
40	90	O	5.55	T	-		
40	91	O	5.55	G	-		
40	92	O	5.55	A	-		
40	93	O	5.55	A	-		
40	94	O	5.55	G	-		
40	95	O	5.55	T	-		
40	96	O	5.55	C	-		
40	97	O	5.55	A	-		
40	98	O	5.55	A	-		
40	99	O	5.55	C	-		
40	100	O	5.55	C	-		
40	101	O	5.55	A	-		
40	102	O	5.55	C	-		
40	103	O	5.55	A	-		
40	104	O	5.55	T	-		
40	105	O	5.55	T	-		
40	106	O	5.55	C	-		
40	107	O	5.55	C	-		
40	108	O	5.55	T	-		
40	109	O	5.55	T	-		
41	0	O	13.86	T	-		
41	1	O	13.86	C	-		
41	2	O	13.86	A	-		
41	3	O	13.86	C	-		
41	4	O	13.86	C	-		
41	5	O	13.86	G	-		
41	6	O	13.86	A	-		
41	7	O	13.86	G	-		
41	8	O	13.86	G	-		
41	9	O	13.86	A	-		
41	10	O	13.86	C	-		
41	11	O	13.86	G	-		
41	12	O	13.86	A	-		
41	13	O	13.86	C	-		
41	14	O	13.86	A	-		
41	15	O	13.86	T	-		
41	16	O	13.86	C	-		
41	17	O	13.86	G	-		
41	18	O	13.86	C	-		
41	19	O	13.86	C	-		
41	20	O	13.86	A	-		
41	21	O	13.86	A	-		
41	22	O	13.86	G	-		
41	23	O	13.86	T	-		
41	24	O	13.86	T	-		
41	25	O	13.86	C	-		
41	26	O	13.86	A	-		
41	27	O	13.86	A	-		
41	28	O	13.86	C	-		
41	29	O	13.86	A	-		
41	30	O	13.86	A	-		
41	31	O	13.86	C	-		
41	32	O	13.86	A	-		
41	33	O	13.86	G	-		
41	34	O	13.86	G	-		
41	35	O	13.86	A	-		
41	36	O	13.86	T	-		
41	37	O	13.86	C	-		
41	38	O	13.86	A	-		
41	39	O	13.86	G	-		
41	40	O	13.86	A	-		
41	41	O	13.86	C	-		
41	42	O	13.86	A	-		
41	43	O	13.86	G	-		
41	44	O	13.86	A	-		
41	45	O	13.86	T	-		
41	46	O	13.86	T	-		
41	47	O	13.86	C	-		
41	48	O	13.86	T	-		
41	49	O	13.86	C	-		
41	50	O	13.86	A	-		
41	51	O	13.86	T	-		
41	52	O	13.86	G	-		
41	53	O	13.86	T	-		
41	54	O	13.86	C	-		
41	55	O	13.86	G	-		
41	56	O	13.86	T	-		
41	57	O	13.86	C	-		
41	58	O	13.86	T	-		
41	59	O	13.86	G	-		
41	60	O	13.86	G	-		
41	61	O	13.86	T	-		
41	62	O	13.86	A	-		
41	63	O	13.86	G	-		
41	64	O	13.86	C	-		
41	65	O	13.86	A	-		
41	66	O	13.86	C	-		
41	67	O	13.86	G	-		
41	68	O	13.86	A	-		
41	69	O	13.86	C	-		
41	70	O	13.86	C	-		
41	71	O	13.86	T	-		
41	72	O	13.86	T	-		
41	73	O	13.86	C	-		
41	74	O	13.86	A	-		
41	75	O	13.86	C	-		
41	76	O	13.86	C	-		
41	77	O	13.86	A	-		
41	78	O	13.86	A	-		
41	79	O	13.86	G	-		
41	80	O	13.86	A	-		
41	81	O	13.86	T	-		
41	82	O	13.86	T	-		
41	83	O	13.86	G	-		
41	84	O	13.86	C	-		
41	85	O	13.86	A	-		
41	86	O	13.86	A	-		
41	87	O	13.86	A	-		
41	88	O	13.86	C	-		
41	89	O	13.86	A	-		
41	90	O	13.86	A	-		
41	91	O	13.86	G	-		
41	92	O	13.86	T	-		
41	93	O	13.86	G	-		
41	94	O	13.86	G	-		
41	95	O	13.86	A	-		
41	96	O	13.86	A	-		
41	97	O	13.86	C	-		
41	98	O	13.86	A	-		
41	99	O	13.86	C	-		
41	100	O	13.86	C	-		
41	101	O	13.86	A	-		
41	102	O	13.86	C	-		
41	103	O	13.86	T	-		
41	104	O	13.86	C	-		
41	105	O	13.86	T	-		
41	106	O	13.86	C	-		
41	107	O	13.86	A	-		
41	108	O	13.86	T	-		
41	109	O	13.86	T	-		
42	0	O	15.25	C	-		
42	1	O	15.25	G	-		
42	2	O	15.25	C	-		
42	3	O	15.25	G	-		
42	4	O	15.25	A	-		
42	5	O	15.25	A	-		
42	6	O	15.25	G	-		
42	7	O	15.25	A	-		
42	8	O	15.25	T	-		
42	9	O	15.25	C	-		
42	10	O	15.25	C	-		
42	11	O	15.25	A	-		
42	12	O	15.25	T	-		
42	13	O	15.25	C	-		
42	14	O	15.25	G	-		
42	15	O	15.25	C	-		
42	16	O	15.25	C	-		
42	17	O	15.25	G	-		
42	18	O	15.25	A	-		
42	19	O	15.25	G	-		
42	20	O	15.25	T	-		
42	21	O	15.25	A	-		
42	22	O	15.25	T	-		
42	23	O	15.25	G	-		
42	24	O	15.25	C	-		
42	25	O	15.25	A	-		
42	26	O	15.25	A	-		
42	27	O	15.25	G	-		
42	28	O	15.25	A	-		
42	29	O	15.25	A	-		
42	30	O	15.25	C	-		
42	31	O	15.25	C	-		
42	32	O	15.25	T	-		
42	33	O	15.25	T	-		
42	34	O	15.25	G	-		
42	35	O	15.25	T	-		
42	36	O	15.25	G	-		
42	37	O	15.25	G	-		
42	38	O	15.25	G	-		
42	39	O	15.25	T	-		
42	40	O	15.25	A	-		
42	41	O	15.25	C	-		
42	42	O	15.25	A	-		
42	43	O	15.25	C	-		
42	44	O	15.25	C	-		
42	45	O	15.25	T	-		
42	46	O	15.25	T	-		
42	47	O	15.25	C	-		
42	48	O	15.25	T	-		
42	49	O	15.25	C	-		
42	50	O	15.25	T	-		
42	51	O	15.25	G	-		
42	52	O	15.25	G	-		
42	53	O	15.25	T	-		
42	54	O	15.25	G	-		
42	55	O	15.25	G	-		
42	56	O	15.25	A	-		
42	57	O	15.25	A	-		
42	58	O	15.25	G	-		
42	59	O	15.25	T	-		
42	60	O	15.25	A	-		
42	61	O	15.25	G	-		
42	62	O	15.25	T	-		
42	63	O	15.25	A	-		
42	64	O	15.25	G	-		
42	65	O	15.25	T	-		
42	66	O	15.25	T	-		
42	67	O	15.25	G	-		
42	68	O	15.25	G	-		
42	69	O	15.25	A	-		
42	70	O	15.25	C	-		
42	71	O	15.25	T	-		
42	72	O	15.25	G	-		
42	73	O	15.25	G	-		
42	74	O	15.25	C	-		
42	75	O	15.25	A	-		
42	76	O	15.25	A	-		
42	77	O	15.25	C	-		
42	78	O	15.25	G	-		
42	79	O	15.25	G	-		
42	80	O	15.25	G	-		
42	81	O	15.25	G	-		
42	82	O	15.25	C	-		
42	83	O	15.25	T	-		
42	84	O	15.25	G	-		
42	85	O	15.25	C	-		
42	86	O	15.25	T	-		
42	87	O	15.25	G	-		
42	88	O	15.25	T	-		
42	89	O	15.25	C	-		
42	90	O	15.25	A	-		
42	91	O	15.25	A	-		
42	92	O	15.25	C	-		
42	93	O	15.25	G	-		
42	94	O	15.25	A	-		
42	95	O	15.25	C	-		
42	96	O	15.25	A	-		
42	97	O	15.25	T	-		
42	98	O	15.25	C	-		
42	99	O	15.25	G	-		
42	100	O	6.35	A	-		
42	101	O	15.25	T	-		
42	102	O	15.25	G	-		
42	103	O	15.25	G	-		
42	104	O	15.25	A	-		
42	105	O	15.25	A	-		
42	106	O	15.25	G	-		
42	107	O	15.25	C	-		
42	108	O	15.25	G	-		
42	109	O	15.25	A	-		
43	0	O	11.09	C	-		
43	1	O	11.09	C	-		
43	2	O	11.09	A	-		
43	3	O	11.09	G	-		
43	4	O	11.09	G	-		
43	5	O	11.09	T	-		
43	6	O	11.09	G	-		
43	7	O	11.09	A	-		
43	8	O	11.09	C	-		
43	9	O	11.09	A	-		
43	10	O	11.09	A	-		
43	11	O	11.09	T	-		
43	12	O	11.09	G	-		
43	13	O	11.09	G	-		
43	14	O	11.09	C	-		
43	15	O	11.09	T	-		
43	16	O	11.09	T	-		
43	17	O	11.09	A	-		
43	18	O	11.09	G	-		
43	19	O	11.09	A	-		
43	20	O	11.09	T	-		
43	21	O	11.09	C	-		
43	22	O	11.09	A	-		
43	23	O	11.09	T	-		
43	24	O	11.09	C	-		
43	25	O	11.09	A	-		
43	26	O	11.09	C	-		
43	27	O	11.09	C	-		
43	28	O	11.09	T	-		
43	29	O	11.09	C	-		
43	30	O	11.09	C	-		
43	31	O	11.09	A	-		
43	32	O	11.09	A	-		
43	33	O	11.09	G	-		
43	34	O	11.09	C	-		
43	35	O	11.09	T	-		
43	36	O	11.09	A	-		
43	37	O	11.09	A	-		
43	38	O	11.09	G	-		
43	39	O	11.09	C	-		
43	40	O	11.09	C	-		
43	41	O	11.09	A	-		
43	42	O	11.09	T	-		
43	43	O	11.09	C	-		
43	44	O	11.09	C	-		
43	45	O	11.09	A	-		
43	46	O	11.09	G	-		
43	47	O	11.09	T	-		
43	48	O	11.09	G	-		
43	49	O	11.09	C	-		
43	50	O	11.09	G	-		
43	51	O	11.09	G	-		
43	52	O	11.09	C	-		
43	53	O	11.09	T	-		
43	54	O	11.09	A	-		
43	55	O	11.09	A	-		
43	56	O	11.09	A	-		
43	57	O	11.09	C	-		
43	58	O	11.09	G	-		
43	59	O	11.09	T	-		
43	60	O	11.09	A	-		
43	61	O	11.09	G	-		
43	62	O	11.09	G	-		
43	63	O	11.09	T	-		
43	64	O	11.09	G	-		
43	65	O	11.09	T	-		
43	66	O	11.09	G	-		
43	67	O	11.09	T	-		
43	68	O	11.09	C	-		
43	69	O	11.09	T	-		
43	70	O	11.09	G	-		
43	71	O	11.09	T	-		
43	72	O	11.09	A	-		
43	73	O	11.09	A	-		
43	74	O	11.09	G	-		
43	75	O	11.09	C	-		
43	76	O	11.09	G	-		
43	77	O	11.09	T	-		
43	78	O	11.09	T	-		
43	79	O	11.09	C	-		
43	80	O	11.09	G	-		
43	81	O	11.09	T	-		
43	82	O	11.09	G	-		
43	83	O	11.09	T	-		
43	84	O	11.09	A	-		
43	85	O	11.09	T	-		
43	86	O	11.09	A	-		
43	87	O	11.09	C	-		
43	88	O	11.09	T	-		
43	89	O	11.09	T	-		
43	90	O	11.09	G	-		
43	91	O	11.09	A	-		
43	92	O	11.09	C	-		
43	93	O	11.09	T	-		
43	94	O	11.09	G	-		
43	95	O	11.09	A	-		
43	96	O	11.09	C	-		
43	97	O	11.09	T	-		
43	98	O	11.09	C	-		
43	99	O	11.09	G	-		
43	100	O	11.09	A	-		
43	101	O	11.09	C	-		
43	102	O	11.09	T	-		
43	103	O	11.09	C	-		
43	104	O	11.09	T	-		
43	105	O	11.09	C	-		
43	106	O	11.09	T	-		
43	107	O	11.09	C	-		
43	108	O	11.09	G	-		
43	109	O	11.09	T	-		
44	0	O	9.70	A	-		
44	1	O	9.70	C	-		
44	2	O	9.70	C	-		
44	3	O	9.70	T	-		
44	4	O	9.70	G	-		
44	5	O	9.70	T	-		
44	6	O	9.70	A	-		
44	7	O	9.70	C	-		
44	8	O	9.70	G	-		
44	9	O	9.70	A	-		
44	10	O	9.70	C	-		
44	11	O	9.70	A	-		
44	12	O	9.70	G	-		
44	13	O	9.70	C	-		
44	14	O	9.70	C	-		
44	15	O	9.70	T	-		
44	16	O	9.70	G	-		
44	17	O	9.70	G	-		
44	18	O	9.70	A	-		
44	19	O	9.70	C	-		
44	20	O	9.70	G	-		
44	21	O	9.70	T	-		
44	22	O	9.70	G	-		
44	23	O	9.70	C	-		
44	24	O	9.70	C	-		
44	25	O	9.70	G	-		
44	26	O	9.70	G	-		
44	27	O	9.70	A	-		
44	28	O	9.70	C	-		
44	29	O	9.70	A	-		
44	30	O	9.70	C	-		
44	31	O	9.70	G	-		
44	32	O	9.70	G	-		
44	33	O	9.70	A	-		
44	34	O	9.70	C	-		
44	35	O	9.70	G	-		
44	36	O	9.70	T	-		
44	37	O	9.70	G	-		
44	38	O	9.70	C	-		
44	39	O	9.70	A	-		
44	40	O	9.70	C	-		
44	41	O	9.70	T	-		
44	42	O	9.70	C	-		
44	43	O	9.70	G	-		
44	44	O	9.70	G	-		
44	45	O	9.70	C	-		
44	46	O	9.70	G	-		
44	47	O	9.70	T	-		
44	48	O	9.70	G	-		
44	49	O	9.70	G	-		
44	50	O	9.70	A	-		
44	51	O	9.70	A	-		
44	52	O	9.70	C	-		
44	53	O	9.70	C	-		
44	54	O	9.70	T	-		
44	55	O	9.70	G	-		
44	56	O	9.70	G	-		
44	57	O	9.70	T	-		
44	58	U	-3.07	G	A		
44	59	O	9.70	A	-		
44	60	O	9.70	A	-		
44	61	O	9.70	C	-		
44	62	O	9.70	C	-		
44	63	O	9.70	C	-		
44	64	O	9.70	A	-		
44	65	O	9.70	A	-		
44	66	O	9.70	A	-		
44	67	O	9.70	G	-		
44	68	U	1.77	A	G		
44	69	O	9.70	G	-		
44	70	O	9.70	C	-		
44	71	O	9.70	G	-		
44	72	O	9.70	C	-		
44	73	O	9.70	G	-		
44	74	O	9.70	C	-		
44	75	O	9.70	C	-		
44	76	O	9.70	G	-		
44	77	O	9.70	G	-		
44	78	O	9.70	G	-		
44	79	U	-3.07	C	T		
44	80	O	9.70	G	-		
44	81	O	9.70	T	-		
44	82	O	9.70	C	-		
44	83	O	9.70	A	-		
44	84	O	9.70	A	-		
44	85	O	9.70	C	-		
44	86	O	9.70	A	-		
44	87	O	9.70	A	-		
44	88	O	9.70	G	-		
44	89	O	9.70	G	-		
44	90	O	9.70	A	-		
44	91	O	9.70	C	-		
44	92	O	9.70	G	-		
44	93	O	9.70	C	-		
44	94	O	9.70	C	-		
44	95	O	9.70	T	-		
44	96	O	9.70	G	-		
44	97	O	9.70	C	-		
44	98	O	9.70	C	-		
44	99	O	9.70	T	-		
44	100	O	9.70	G	-		
44	101	O	9.70	G	-		
44	102	O	9.70	C	-		
44	103	O	9.70	T	-		
44	104	O	9.70	T	-		
44	105	O	9.70	T	-		
44	106	O	9.70	C	-		
44	107	O	9.70	C	-		
44	108	O	9.70	T	-		
44	109	O	9.70	G	-		
45	0	O	5.55	T	-		
45	1	O	5.55	A	-		
45	2	O	5.55	G	-		
45	3	O	5.55	C	-		
45	4	O	5.55	C	-		
45	5	O	5.55	A	-		
45	6	O	5.55	C	-		
45	7	O	5.55	G	-		
45	8	O	5.55	A	-		
45	9	O	5.55	C	-		
45	10	O	5.55	A	-		
45	11	O	5.55	C	-		
45	12	O	5.55	G	-		
45	13	O	5.55	C	-		
45	14	O	5.55	G	-		
45	15	O	5.55	A	-		
45	16	O	5.55	A	-		
45	17	O	5.55	C	-		
45	18	O	5.55	T	-		
45	19	O	5.55	C	-		
45	20	O	5.55	C	-		
45	21	O	5.55	G	-		
45	22	O	5.55	T	-		
45	23	O	5.55	G	-		
45	24	O	5.55	T	-		
45	25	O	5.55	C	-		
45	26	O	5.55	C	-		
45	27	O	5.55	G	-		
45	28	O	5.55	G	-		
45	29	O	5.55	C	-		
45	30	O	5.55	C	-		
45	31	O	5.55	G	-		
45	32	O	5.55	T	-		
45	33	O	5.55	A	-		
45	34	O	5.55	C	-		
45	35	O	5.55	G	-		
45	36	O	5.55	C	-		
45	37	O	5.55	G	-		
45	38	O	5.55	A	-		
45	39	O	5.55	G	-		
45	40	O	5.55	T	-		
45	41	O	5.55	G	-		
45	42	O	5.55	C	-		
45	43	O	5.55	G	-		
45	44	O	5.55	C	-		
45	45	O	5.55	G	-		
45	46	O	5.55	A	-		
45	47	O	5.55	A	-		
45	48	O	5.55	C	-		
45	49	O	5.55	T	-		
45	50	O	5.55	G	-		
45	51	O	5.55	C	-		
45	52	O	5.55	A	-		
45	53	O	5.55	T	-		
45	54	O	5.55	A	-		
45	55	O	5.55	A	-		
45	56	O	5.55	G	-		
45	57	O	5.55	G	-		
45	58	O	5.55	T	-		
45	59	O	5.55	T	-		
45	60	O	5.55	C	-		
45	61	O	5.55	A	-		
45	62	O	5.55	C	-		
45	63	O	5.55	C	-		
45	64	O	5.55	G	-		
45	65	O	5.55	C	-		
45	66	O	5.55	T	-		
45	67	O	5.55	A	-		
45	68	O	5.55	T	-		
45	69	O	5.55	C	-		
45	70	O	5.55	T	-		
45	71	O	5.55	C	-		
45	72	O	5.55	C	-		
45	73	O	5.55	G	-		
45	74	O	5.55	A	-		
45	75	O	5.55	T	-		
45	76	O	5.55	A	-		
45	77	O	5.55	T	-		
45	78	O	5.55	G	-		
45	79	O	5.55	G	-		
45	80	O	5.55	C	-		
45	81	O	5.55	C	-		
45	82	O	5.55	T	-		
45	83	O	5.55	G	-		
45	84	O	5.55	A	-		
45	85	O	5.55	G	-		
45	86	O	5.55	A	-		
45	87	O	5.55	G	-		
45	88	O	5.55	G	-		
45	89	O	5.55	A	-		
45	90	O	5.55	A	-		
45	91	O	5.55	A	-		
45	92	O	5.55	A	-		
45	93	O	5.55	G	-		
45	94	O	5.55	A	-		
45	95	O	5.55	G	-		
45	96	O	5.55	G	-		
45	97	O	5.55	C	-		
45	98	O	5.55	T	-		
45	99	O	5.55	T	-		
45	100	O	5.55	G	-		
45	101	O	5.55	T	-		
45	102	O	5.55	G	-		
45	103	O	5.55	A	-		
45	104	O	5.55	T	-		
45	105	O	5.55	G	-		
45	106	O	5.55	T	-		
45	107	O	5.55	A	-		
45	108	O	5.55	T	-		
45	109	O	5.55	G	-		
46	0	O	6.93	C	-		
46	1	O	6.93	G	-		
46	2	O	6.93	G	-		
46	3	O	6.93	G	-		
46	4	O	6.93	C	-		
46	5	O	6.93	A	-		
46	6	O	6.93	T	-		
46	7	O	6.93	C	-		
46	8	O	6.93	C	-		
46	9	O	6.93	A	-		
46	10	O	6.93	G	-		
46	11	O	6.93	C	-		
46	12	O	6.93	C	-		
46	13	O	6.93	G	-		
46	14	O	6.93	G	-		
46	15	O	6.93	G	-		
46	16	O	6.93	C	-		
46	17	O	6.93	G	-		
46	18	O	6.93	C	-		
46	19	O	6.93	G	-		
46	20	O	6.93	A	-		
46	21	O	6.93	C	-		
46	22	O	6.93	G	-		
46	23	O	6.93	G	-		
46	24	O	6.93	C	-		
46	25	O	6.93	G	-		
46	26	O	6.93	G	-		
46	27	O	6.93	T	-		
46	28	O	6.93	G	-		
46	29	O	6.93	G	-		
46	30	O	6.93	A	-		
46	31	O	6.93	G	-		
46	32	O	6.93	A	-		
46	33	O	6.93	T	-		
46	34	O	6.93	C	-		
46	35	O	6.93	G	-		
46	36	O	6.93	C	-		
46	37	O	6.93	C	-		
46	38	O	6.93	G	-		
46	39	O	6.93	A	-		
46	40	O	6.93	C	-		
46	41	O	6.93	G	-		
46	42	O	6.93	A	-		
46	43	O	6.93	G	-		
46	44	O	6.93	C	-		
46	45	O	6.93	T	-		
46	46	O	6.93	C	-		
46	47	O	6.93	G	-		
46	48	O	6.93	C	-		
46	49	O	6.93	G	-		
46	50	O	6.93	A	-		
46	51	O	6.93	A	-		
46	52	O	6.93	G	-		
46	53	O	6.93	C	-		
46	54	O	6.93	G	-		
46	55	O	6.93	C	-		
46	56	O	6.93	C	-		
46	57	O	6.93	T	-		
46	58	O	6.93	C	-		
46	59	O	6.93	G	-		
46	60	O	6.93	C	-		
46	61	O	6.93	C	-		
46	62	O	6.93	G	-		
46	63	O	6.93	C	-		
46	64	O	6.93	A	-		
46	65	O	6.93	T	-		
46	66	O	6.93	G	-		
46	67	O	6.93	A	-		
46	68	O	6.93	C	-		
46	69	O	6.93	C	-		
46	70	O	6.93	C	-		
46	71	O	6.93	C	-		
46	72	O	6.93	G	-		
46	73	O	6.93	G	-		
46	74	O	6.93	C	-		
46	75	O	6.93	G	-		
46	76	O	6.93	G	-		
46	77	O	6.93	A	-		
46	78	O	6.93	G	-		
46	79	O	6.93	A	-		
46	80	O	6.93	T	-		
46	81	O	6.93	C	-		
46	82	O	6.93	G	-		
46	83	O	6.93	A	-		
46	84	O	6.93	G	-		
46	85	O	6.93	G	-		
46	86	O	6.93	T	-		
46	87	O	6.93	C	-		
46	88	O	6.93	A	-		
46	89	O	6.93	C	-		
46	90	O	6.93	G	-		
46	91	O	6.93	G	-		
46	92	O	6.93	A	-		
46	93	O	6.93	G	-		
46	94	O	6.93	C	-		
46	95	O	6.93	C	-		
46	96	O	6.93	G	-		
46	97	O	6.93	G	-		
46	98	O	6.93	T	-		
46	99	O	6.93	C	-		
46	100	O	6.93	G	-		
46	101	O	6.93	T	-		
46	102	O	6.93	G	-		
46	103	O	6.93	C	-		
46	104	O	6.93	T	-		
46	105	O	6.93	C	-		
46	106	O	6.93	G	-		
46	107	O	6.93	C	-		
46	108	O	6.93	G	-		
46	109	O	6.93	A	-		
47	0	O	13.86	C	-		
47	1	O	13.86	G	-		
47	2	O	13.86	T	-		
47	3	O	13.86	G	-		
47	4	O	13.86	C	-		
47	5	O	13.86	C	-		
47	6	O	13.86	T	-		
47	7	O	13.86	G	-		
47	8	O	13.86	C	-		
47	9	O	13.86	A	-		
47	10	O	13.86	C	-		
47	11	O	13.86	T	-		
47	12	O	13.86	T	-		
47	13	O	13.86	A	-		
47	14	O	13.86	T	-		
47	15	O	13.86	C	-		
47	16	O	13.86	G	-		
47	17	O	13.86	C	-		
47	18	O	13.86	C	-		
47	19	O	13.86	T	-		
47	20	O	13.86	A	-		
47	21	O	13.86	C	-		
47	22	O	13.86	C	-		
47	23	O	13.86	G	-		
47	24	O	13.86	C	-		
47	25	O	13.86	G	-		
47	26	O	13.86	G	-		
47	27	O	13.86	C	-		
47	28	O	13.86	G	-		
47	29	O	13.86	G	-		
47	30	O	13.86	C	-		
47	31	O	13.86	G	-		
47	32	O	13.86	A	-		
47	33	O	13.86	G	-		
47	34	O	13.86	A	-		
47	35	O	13.86	A	-		
47	36	O	13.86	G	-		
47	37	O	13.86	T	-		
47	38	O	13.86	T	-		
47	39	O	13.86	T	-		
47	40	O	13.86	G	-		
47	41	O	13.86	G	-		
47	42	O	13.86	T	-		
47	43	O	13.86	G	-		
47	44	O	13.86	G	-		
47	45	O	13.86	T	-		
47	46	O	13.86	C	-		
47	47	O	13.86	T	-		
47	48	O	13.86	T	-		
47	49	O	13.86	G	-		
47	50	O	13.86	T	-		
47	51	O	13.86	T	-		
47	52	O	13.86	C	-		
47	53	O	13.86	C	-		
47	54	O	13.86	G	-		
47	55	O	13.86	A	-		
47	56	O	13.86	T	-		
47	57	O	13.86	T	-		
47	58	O	13.86	A	-		
47	59	O	13.86	T	-		
47	60	O	13.86	G	-		
47	61	O	13.86	G	-		
47	62	O	13.86	A	-		
47	63	O	13.86	A	-		
47	64	O	13.86	G	-		
47	65	O	13.86	A	-		
47	66	O	13.86	G	-		
47	67	O	13.86	A	-		
47	68	O	13.86	T	-		
47	69	O	13.86	G	-		
47	70	O	13.86	C	-		
47	71	O	13.86	C	-		
47	72	O	13.86	G	-		
47	73	O	13.86	G	-		
47	74	O	13.86	A	-		
47	75	O	13.86	C	-		
47	76	O	13.86	G	-		
47	77	O	13.86	A	-		
47	78	O	13.86	T	-		
47	79	O	13.86	G	-		
47	80	O	13.86	C	-		
47	81	O	13.86	A	-		
47	82	O	13.86	G	-		
47	83	O	13.86	A	-		
47	84	O	13.86	G	-		
47	85	O	13.86	C	-		
47	86	O	13.86	T	-		
47	87	O	13.86	C	-		
47	88	O	13.86	A	-		
47	89	O	13.86	G	-		
47	90	O	13.86	C	-		
47	91	O	13.86	T	-		
47	92	O	13.86	C	-		
47	93	O	13.86	G	-		
47	94	O	13.86	C	-		
47	95	O	13.86	T	-		
47	96	O	13.86	T	-		
47	97	O	13.86	A	-		
47	98	O	13.86	C	-		
47	99	O	13.86	G	-		
47	100	O	13.86	C	-		
47	101	O	13.86	T	-		
47	102	O	13.86	G	-		
47	103	O	13.86	G	-		
47	104	O	13.86	A	-		
47	105	O	13.86	A	-		
47	106	O	13.86	G	-		
47	107	O	13.86	C	-		
47	108	O	13.86	G	-		
47	109	O	13.86	G	-		
48	0	O	9.70	A	-		
48	1	O	9.70	C	-		
48	2	O	9.70	C	-		
48	3	O	9.70	G	-		
48	4	O	9.70	G	-		
48	5	O	9.70	A	-		
48	6	O	9.70	T	-		
48	7	O	9.70	G	-		
48	8	O	9.70	A	-		
48	9	O	9.70	C	-		
48	10	O	9.70	C	-		
48	11	O	9.70	T	-		
48	12	O	9.70	C	-		
48	13	O	9.70	C	-		
48	14	O	9.70	G	-		
48	15	O	9.70	G	-		
48	16	O	9.70	C	-		
48	17	O	9.70	G	-		
48	18	O	9.70	C	-		
48	19	O	9.70	G	-		
48	20	O	9.70	C	-		
48	21	O	9.70	A	-		
48	22	O	9.70	G	-		
48	23	O	9.70	A	-		
48	24	O	9.70	C	-		
48	25	O	9.70	G	-		
48	26	O	9.70	A	-		
48	27	O	9.70	T	-		
48	28	O	9.70	C	-		
48	29	O	9.70	C	-		
48	30	O	9.70	T	-		
48	31	O	9.70	G	-		
48	32	O	9.70	C	-		
48	33	O	9.70	T	-		
48	34	U	-3.07	C	A		
48	35	O	9.70	G	-		
48	36	O	9.70	A	-		
48	37	O	9.70	T	-		
48	38	O	9.70	G	-		
48	39	O	9.70	T	-		
48	40	O	9.70	G	-		
48	41	O	9.70	C	-		
48	42	O	9.70	G	-		
48	43	O	9.70	C	-		
48	44	O	9.70	T	-		
48	45	O	9.70	G	-		
48	46	O	9.70	G	-		
48	47	O	9.70	T	-		
48	48	O	9.70	C	-		
48	49	O	9.70	C	-		
48	50	O	9.70	C	-		
48	51	O	9.70	T	-		
48	52	O	9.70	G	-		
48	53	O	9.70	G	-		
48	54	O	9.70	G	-		
48	55	O	9.70	T	-		
48	56	O	9.70	G	-		
48	57	O	9.70	A	-		
48	58	O	9.70	C	-		
48	59	O	9.70	C	-		
48	60	O	9.70	C	-		
48	61	O	9.70	C	-		
48	62	O	9.70	C	-		
48	63	O	9.70	A	-		
48	64	O	9.70	C	-		
48	65	O	9.70	G	-		
48	66	O	9.70	G	-		
48	67	O	9.70	A	-		
48	68	O	9.70	C	-		
48	69	O	9.70	A	-		
48	70	O	9.70	C	-		
48	71	O	9.70	G	-		
48	72	O	9.70	A	-		
48	73	O	9.70	G	-		
48	74	O	9.70	C	-		
48	75	O	9.70	A	-		
48	76	O	9.70	C	-		
48	77	O	9.70	T	-		
48	78	O	9.70	A	-		
48	79	O	9.70	C	-		
48	80	O	9.70	C	-		
48	81	O	9.70	G	-		
48	82	O	9.70	C	-		
48	83	O	9.70	G	-		
48	84	O	9.70	C	-		
48	85	O	9.70	A	-		
48	86	O	9.70	G	-		
48	87	O	9.70	C	-		
48	88	O	9.70	C	-		
48	89	O	9.70	C	-		
48	90	O	9.70	A	-		
48	91	O	9.70	C	-		
48	92	O	9.70	A	-		
48	93	O	9.70	T	-		
48	94	O	9.70	A	-		
48	95	O	9.70	C	-		
48	96	O	9.70	C	-		
48	97	O	9.70	C	-		
48	98	O	9.70	G	-		
48	99	O	9.70	G	-		
48	100	O	9.70	T	-		
48	101	O	9.70	G	-		
48	102	O	9.70	C	-		
48	103	O	9.70	C	-		
48	104	O	9.70	G	-		
48	105	O	9.70	T	-		
48	106	O	9.70	G	-		
48	107	O	9.70	T	-		
48	108	O	9.70	T	-		
48	109	O	9.70	C	-		
49	0	O	6.93	C	-		
49	1	O	6.93	C	-		
49	2	O	6.93	A	-		
49	3	O	6.93	C	-		
49	4	O	6.93	G	-		
49	5	O	6.93	T	-		
49	6	O	6.93	T	-		
49	7	O	6.93	G	-		
49	8	O	6.93	G	-		
49	9	O	6.93	C	-		
49	10	O	6.93	G	-		
49	11	O	6.93	C	-		
49	12	O	6.93	G	-		
49	13	O	6.93	A	-		
49	14	O	6.93	A	-		
49	15	O	6.93	A	-		
49	16	O	6.93	C	-		
49	17	O	6.93	G	-		
49	18	O	6.93	C	-		
49	19	O	6.93	C	-		
49	20	O	6.93	A	-		
49	21	O	6.93	G	-		
49	22	O	6.93	G	-		
49	23	O	6.93	C	-		
49	24	O	6.93	A	-		
49	25	O	6.93	A	-		
49	26	O	6.93	T	-		
49	27	O	6.93	A	-		
49	28	O	6.93	T	-		
49	29	O	6.93	G	-		
49	30	O	6.93	A	-		
49	31	O	6.93	G	-		
49	32	O	6.93	C	-		
49	33	O	6.93	A	-		
49	34	O	6.93	G	-		
49	35	O	6.93	A	-		
49	36	O	6.93	A	-		
49	37	O	6.93	C	-		
49	38	O	6.93	C	-		
49	39	O	6.93	A	-		
49	40	O	6.93	G	-		
49	41	O	6.93	C	-		
49	42	O	6.93	A	-		
49	43	O	6.93	T	-		
49	44	O	6.93	G	-		
49	45	O	6.93	T	-		
49	46	O	6.93	G	-		
49	47	O	6.93	C	-		
49	48	O	6.93	A	-		
49	49	O	6.93	G	-		
49	50	O	6.93	C	-		
49	51	O	6.93	C	-		
49	52	O	6.93	T	-		
49	53	O	6.93	G	-		
49	54	O	6.93	C	-		
49	55	O	6.93	G	-		
49	56	O	6.93	T	-		
49	57	O	6.93	A	-		
49	58	O	6.93	C	-		
49	59	O	6.93	G	-		
49	60	O	6.93	C	-		
49	61	O	6.93	T	-		
49	62	O	6.93	G	-		
49	63	O	6.93	A	-		
49	64	O	6.93	G	-		
49	65	O	6.93	G	-		
49	66	O	6.93	T	-		
49	67	O	6.93	C	-		
49	68	O	6.93	C	-		
49	69	O	6.93	C	-		
49	70	O	6.93	G	-		
49	71	O	6.93	G	-		
49	72	O	6.93	C	-		
49	73	O	6.93	G	-		
49	74	O	6.93	T	-		
49	75	O	6.93	A	-		
49	76	O	6.93	T	-		
49	77	O	6.93	T	-		
49	78	O	6.93	C	-		
49	79	O	6.93	G	-		
49	80	O	6.93	C	-		
49	81	O	6.93	A	-		
49	82	O	6.93	G	-		
49	83	O	6.93	G	-		
49	84	O	6.93	C	-		
49	85	O	6.93	A	-		
49	86	O	6.93	C	-		
49	87	O	6.93	C	-		
49	88	O	6.93	G	-		
49	89	O	6.93	C	-		
49	90	O	6.93	G	-		
49	91	O	6.93	C	-		
49	92	O	6.93	T	-		
49	93	O	6.93	C	-		
49	94	O	6.93	G	-		
49	95	O	6.93	C	-		
49	96	O	6.93	C	-		
49	97	O	6.93	G	-		
49	98	O	6.93	C	-		
49	99	O	6.93	C	-		
49	100	O	6.93	C	-		
49	101	O	6.93	C	-		
49	102	O	6.93	G	-		
49	103	O	6.93	G	-		
49	104	O	6.93	T	-		
49	105	O	6.93	A	-		
49	106	O	6.93	T	-		
49	107	O	6.93	C	-		
49	108	O	6.93	G	-		
49	109	O	6.93	T	-		
50	0	O	5.55	G	-		
50	1	O	5.55	C	-		
50	2	O	5.55	C	-		
50	3	O	5.55	A	-		
50	4	O	5.55	G	-		
50	5	O	5.55	C	-		
50	6	O	5.55	C	-		
50	7	O	5.55	C	-		
50	8	O	5.55	A	-		
50	9	O	5.55	G	-		
50	10	O	5.55	T	-		
50	11	O	5.55	A	-		
50	12	O	5.55	G	-		
50	13	O	5.55	T	-		
50	14	O	5.55	A	-		
50	15	O	5.55	G	-		
50	16	O	5.55	A	-		
50	17	O	5.55	T	-		
50	18	O	5.55	C	-		
50	19	O	5.55	C	-		
50	20	O	5.55	G	-		
50	21	O	5.55	C	-		
50	22	O	5.55	C	-		
50	23	O	5.55	A	-		
50	24	O	5.55	A	-		
50	25	O	5.55	A	-		
50	26	O	5.55	A	-		
50	27	O	5.55	A	-		
50	28	O	5.55	C	-		
50	29	O	5.55	T	-		
50	30	O	5.55	C	-		
50	31	O	5.55	C	-		
50	32	O	5.55	A	-		
50	33	O	5.55	C	-		
50	34	O	5.55	G	-		
50	35	O	5.55	C	-		
50	36	O	5.55	C	-		
50	37	O	5.55	T	-		
50	38	O	5.55	T	-		
50	39	O	5.55	T	-		
50	40	O	5.55	T	-		
50	41	O	5.55	C	-		
50	42	O	5.55	G	-		
50	43	O	5.55	G	-		
50	44	O	5.55	G	-		
50	45	O	5.55	T	-		
50	46	O	5.55	C	-		
50	47	O	5.55	T	-		
50	48	O	5.55	T	-		
50	49	O	5.55	T	-		
50	50	O	5.55	G	-		
50	51	O	5.55	G	-		
50	52	O	5.55	C	-		
50	53	O	5.55	C	-		
50	54	O	5.55	A	-		
50	55	O	5.55	C	-		
50	56	O	5.55	G	-		
50	57	O	5.55	A	-		
50	58	O	5.55	T	-		
50	59	O	5.55	G	-		
50	60	O	5.55	T	-		
50	61	O	5.55	C	-		
50	62	O	5.55	T	-		
50	63	O	5.55	T	-		
50	64	O	5.55	C	-		
50	65	O	5.55	A	-		
50	66	O	5.55	T	-		
50	67	O	5.55	C	-		
50	68	O	5.55	T	-		
50	69	O	5.55	A	-		
50	70	O	5.55	C	-		
50	71	O	5.55	A	-		
50	72	O	5.55	C	-		
50	73	O	5.55	G	-		
50	74	O	5.55	A	-		
50	75	O	5.55	G	-		
50	76	O	5.55	C	-		
50	77	O	5.55	A	-		
50	78	O	5.55	G	-		
50	79	O	5.55	A	-		
50	80	O	5.55	C	-		
50	81	O	5.55	C	-		
50	82	O	5.55	T	-		
50	83	O	5.55	A	-		
50	84	O	5.55	G	-		
50	85	O	5.55	T	-		
50	86	O	5.55	G	-		
50	87	O	5.55	G	-		
50	88	O	5.55	C	-		
50	89	O	5.55	A	-		
50	90	O	5.55	C	-		
50	91	O	5.55	C	-		
50	92	O	5.55	G	-		
50	93	O	5.55	C	-		
50	94	O	5.55	A	-		
50	95	O	5.55	C	-		
50	96	O	5.55	T	-		
50	97	O	5.55	A	-		
50	98	O	5.55	G	-		
50	99	O	5.55	A	-		
50	100	O	5.55	A	-		
50	101	O	5.55	A	-		
50	102	O	5.55	G	-		
50	103	O	5.55	G	-		
50	104	O	5.55	A	-		
50	105	O	5.55	C	-		
50	106	O	5.55	T	-		
50	107	O	5.55	T	-		
50	108	O	5.55	T	-		
50	109	O	5.55	G	-		
51	0	O	11.09	G	-		
51	1	O	11.09	G	-		
51	2	O	11.09	C	-		
51	3	O	11.09	T	-		
51	4	O	11.09	A	-		
51	5	O	11.09	A	-		
51	6	O	11.09	G	-		
51	7	O	11.09	G	-		
51	8	O	11.09	G	-		
51	9	O	11.09	C	-		
51	10	O	11.09	G	-		
51	11	O	11.09	C	-		
51	12	O	11.09	C	-		
51	13	O	11.09	G	-		
51	14	O	11.09	T	-		
51	15	O	11.09	C	-		
51	16	O	11.09	C	-		
51	17	O	11.09	G	-		
51	18	O	11.09	A	-		
51	19	O	11.09	A	-		
51	20	O	11.09	C	-		
51	21	O	11.09	G	-		
51	22	O	11.09	G	-		
51	23	O	11.09	C	-		
51	24	O	11.09	G	-		
51	25	O	11.09	A	-		
51	26	O	11.09	T	-		
51	27	O	11.09	G	-		
51	28	O	11.09	G	-		
51	29	O	11.09	C	-		
51	30	O	11.09	G	-		
51	31	O	11.09	A	-		
51	32	O	11.09	C	-		
51	33	O	11.09	A	-		
51	34	O	11.09	T	-		
51	35	O	11.09	A	-		
51	36	O	11.09	A	-		
51	37	O	11.09	A	-		
51	38	O	11.09	G	-		
51	39	O	11.09	T	-		
51	40	O	11.09	G	-		
51	41	O	11.09	G	-		
51	42	O	11.09	T	-		
51	43	O	11.09	G	-		
51	44	O	11.09	T	-		
51	45	O	11.09	T	-		
51	46	O	11.09	C	-		
51	47	O	11.09	G	-		
51	48	O	11.09	G	-		
51	49	O	11.09	A	-		
51	50	O	11.09	C	-		
51	51	O	11.09	G	-		
51	52	O	11.09	A	-		
51	53	O	11.09	A	-		
51	54	O	11.09	A	-		
51	55	O	11.09	C	-		
51	56	O	11.09	T	-		
51	57	U	2.86	T	C		
51	58	O	11.09	A	-		
51	59	O	11.09	A	-		
51	60	O	11.09	G	-		
51	61	O	11.09	C	-		
51	62	O	11.09	T	-		
51	63	O	11.09	T	-		
51	64	O	11.09	C	-		
51	65	O	11.09	G	-		
51	66	O	11.09	T	-		
51	67	O	11.09	C	-		
51	68	O	11.09	T	-		
51	69	O	11.09	G	-		
51	70	O	11.09	G	-		
51	71	O	11.09	A	-		
51	72	O	11.09	C	-		
51	73	O	11.09	G	-		
51	74	O	11.09	G	-		
51	75	O	11.09	A	-		
51	76	O	11.09	A	-		
51	77	O	11.09	G	-		
51	78	O	11.09	T	-		
51	79	O	11.09	C	-		
51	80	O	11.09	G	-		
51	81	O	11.09	T	-		
51	82	O	11.09	T	-		
51	83	O	11.09	C	-		
51	84	O	11.09	A	-		
51	85	O	11.09	G	-		
51	86	O	11.09	A	-		
51	87	O	11.09	G	-		
51	88	O	11.09	G	-		
51	89	O	11.09	C	-		
51	90	O	11.09	A	-		
51	91	O	11.09	T	-		
51	92	O	11.09	A	-		
51	93	O	11.09	C	-		
51	94	O	11.09	G	-		
51	95	O	11.09	T	-		
51	96	O	11.09	A	-		
51	97	O	11.09	T	-		
51	98	O	11.09	T	-		
51	99	O	11.09	A	-		
51	100	O	11.09	A	-		
51	101	O	11.09	G	-		
51	102	O	11.09	G	-		
51	103	O	11.09	T	-		
51	104	O	11.09	T	-		
51	105	O	11.09	T	-		
51	106	O	11.09	C	-		
51	107	O	11.09	T	-		
51	108	O	11.09	C	-		
51	109	O	11.09	A	-		
52	0	O	9.70	A	-		
52	1	O	9.70	A	-		
52	2	O	9.70	A	-		
52	3	O	9.70	A	-		
52	4	O	9.70	T	-		
52	5	O	9.70	G	-		
52	6	O	9.70	C	-		
52	7	O	9.70	A	-		
52	8	O	9.70	G	-		
52	9	O	9.70	C	-		
52	10	O	9.70	T	-		
52	11	O	9.70	C	-		
52	12	O	9.70	A	-		
52	13	O	9.70	A	-		
52	14	O	9.70	T	-		
52	15	O	9.70	C	-		
52	16	O	9.70	G	-		
52	17	O	9.70	A	-		
52	18	O	9.70	G	-		
52	19	O	9.70	C	-		
52	20	O	9.70	G	-		
52	21	O	9.70	A	-		
52	22	O	9.70	C	-		
52	23	O	9.70	A	-		
52	24	O	9.70	A	-		
52	25	O	9.70	C	-		
52	26	O	9.70	T	-		
52	27	O	9.70	C	-		
52	28	O	9.70	C	-		
52	29	O	9.70	A	-		
52	30	O	9.70	T	-		
52	31	O	9.70	G	-		
52	32	O	9.70	G	-		
52	33	O	9.70	T	-		
52	34	O	9.70	G	-		
52	35	O	9.70	A	-		
52	36	O	9.70	G	-		
52	37	O	9.70	C	-		
52	38	O	9.70	G	-		
52	39	O	9.70	C	-		
52	40	O	9.70	A	-		
52	41	O	9.70	T	-		
52	42	O	9.70	C	-		
52	43	O	9.70	A	-		
52	44	O	9.70	G	-		
52	45	O	9.70	A	-		
52	46	O	9.70	A	-		
52	47	O	9.70	C	-		
52	48	O	9.70	A	-		
52	49	O	9.70	A	-		
52	50	O	9.70	T	-		
52	51	O	9.70	A	-		
52	52	O	9.70	C	-		
52	53	O	9.70	G	-		
52	54	O	9.70	G	-		
52	55	O	9.70	A	-		
52	56	O	9.70	C	-		
52	57	O	9.70	A	-		
52	58	O	9.70	G	-		
52	59	O	9.70	T	-		
52	60	O	9.70	C	-		
52	61	O	9.70	C	-		
52	62	O	9.70	A	-		
52	63	O	9.70	T	-		
52	64	O	9.70	T	-		
52	65	O	9.70	G	-		
52	66	O	9.70	G	-		
52	67	O	9.70	C	-		
52	68	O	9.70	C	-		
52	69	O	9.70	C	-		
52	70	O	9.70	A	-		
52	71	O	9.70	G	-		
52	72	O	9.70	C	-		
52	73	O	9.70	C	-		
52	74	O	9.70	T	-		
52	75	O	9.70	A	-		
52	76	O	9.70	C	-		
52	77	O	9.70	C	-		
52	78	O	9.70	A	-		
52	79	O	9.70	G	-		
52	80	O	9.70	A	-		
52	81	O	9.70	T	-		
52	82	O	9.70	C	-		
52	83	O	9.70	T	-		
52	84	O	9.70	C	-		
52	85	O	9.70	A	-		
52	86	O	9.70	G	-		
52	87	O	9.70	G	-		
52	88	O	9.70	C	-		
52	89	O	9.70	A	-		
52	90	O	9.70	A	-		
52	91	O	9.70	T	-		
52	92	O	9.70	T	-		
52	93	O	9.70	C	-		
52	94	O	9.70	A	-		
52	95	O	9.70	C	-		
52	96	O	9.70	T	-		
52	97	O	9.70	C	-		
52	98	O	9.70	T	-		
52	99	O	9.70	A	-		
52	100	O	9.70	C	-		
52	101	O	9.70	C	-		
52	102	O	9.70	C	-		
52	103	O	9.70	A	-		
52	104	O	9.70	G	-		
52	105	O	9.70	A	-		
52	106	O	9.70	G	-		
52	107	O	9.70	G	-		
52	108	O	9.70	C	-		
52	109	O	9.70	T	-		
53	0	O	5.55	T	-		
53	1	O	5.55	T	-		
53	2	O	5.55	T	-		
53	3	O	5.55	T	-		
53	4	O	5.55	G	-		
53	5	O	5.55	C	-		
53	6	O	5.55	C	-		
53	7	O	5.55	G	-		
53	8	O	5.55	T	-		
53	9	O	5.55	A	-		
53	10	O	5.55	G	-		
53	11	O	5.55	G	-		
53	12	O	5.55	A	-		
53	13	O	5.55	G	-		
53	14	O	5.55	A	-		
53	15	O	5.55	A	-		
53	16	O	5.55	A	-		
53	17	O	5.55	G	-		
53	18	O	5.55	T	-		
53	19	O	5.55	A	-		
53	20	O	5.55	T	-		
53	21	O	5.55	A	-		
53	22	O	5.55	T	-		
53	23	O	5.55	C	-		
53	24	O	5.55	C	-		
53	25	O	5.55	T	-		
53	26	O	5.55	T	-		
53	27	O	5.55	G	-		
53	28	O	5.55	C	-		
53	29	O	5.55	T	-		
53	30	O	5.55	C	-		
53	31	O	5.55	T	-		
53	32	O	5.55	G	-		
53	33	O	5.55	A	-		
53	34	O	5.55	A	-		
53	35	O	5.55	T	-		
53	36	O	5.55	T	-		
53	37	O	5.55	T	-		
53	38	O	5.55	G	-		
53	39	O	5.55	G	-		
53	40	O	5.55	G	-		
53	41	O	5.55	T	-		
53	42	O	5.55	C	-		
53	43	O	5.55	T	-		
53	44	O	5.55	T	-		
53	45	O	5.55	G	-		
53	46	O	5.55	C	-		
53	47	O	5.55	A	-		
53	48	O	5.55	A	-		
53	49	O	5.55	C	-		
53	50	O	5.55	A	-		
53	51	O	5.55	A	-		
53	52	O	5.55	T	-		
53	53	O	5.55	G	-		
53	54	O	5.55	A	-		
53	55	O	5.55	A	-		
53	56	O	5.55	C	-		
53	57	O	5.55	T	-		
53	58	O	5.55	G	-		
53	59	O	5.55	G	-		
53	60	O	5.55	G	-		
53	61	O	5.55	A	-		
53	62	O	5.55	C	-		
53	63	O	5.55	T	-		
53	64	O	5.55	C	-		
53	65	O	5.55	G	-		
53	66	O	5.55	A	-		
53	67	O	5.55	G	-		
53	68	O	5.55	G	-		
53	69	O	5.55	C	-		
53	70	O	5.55	A	-		
53	71	O	5.55	G	-		
53	72	O	5.55	C	-		
53	73	O	5.55	T	-		
53	74	O	5.55	A	-		
53	75	O	5.55	T	-		
53	76	O	5.55	C	-		
53	77	O	5.55	T	-		
53	78	O	5.55	A	-		
53	79	O	5.55	T	-		
53	80	O	5.55	C	-		
53	81	O	5.55	A	-		
53	82	O	5.55	C	-		
53	83	O	5.55	A	-		
53	84	O	5.55	G	-		
53	85	O	5.55	C	-		
53	86	O	5.55	C	-		
53	87	O	5.55	A	-		
53	88	O	5.55	C	-		
53	89	O	5.55	C	-		
53	90	O	5.55	G	-		
53	91	O	5.55	A	-		
53	92	O	5.55	T	-		
53	93	O	5.55	G	-		
53	94	O	5.55	C	-		
53	95	O	5.55	A	-		
53	96	O	5.55	A	-		
53	97	O	5.55	G	-		
53	98	O	5.55	A	-		
53	99	O	5.55	A	-		
53	100	O	5.55	C	-		
53	101	O	5.55	T	-		
53	102	O	5.55	C	-		
53	103	O	5.55	T	-		
53	104	O	5.55	C	-		
53	105	O	5.55	G	-		
53	106	O	5.55	A	-		
53	107	O	5.55	C	-		
53	108	O	5.55	A	-		
53	109	O	5.55	C	-		
54	0	O	13.86	C	-		
54	1	O	13.86	G	-		
54	2	O	13.86	A	-		
54	3	O	13.86	G	-		
54	4	O	13.86	A	-		
54	5	O	13.86	G	-		
54	6	O	13.86	C	-		
54	7	O	13.86	G	-		
54	8	O	13.86	T	-		
54	9	O	13.86	T	-		
54	10	O	13.86	C	-		
54	11	O	13.86	T	-		
54	12	O	13.86	T	-		
54	13	O	13.86	G	-		
54	14	O	13.86	G	-		
54	15	O	13.86	A	-		
54	16	O	13.86	C	-		
54	17	O	13.86	T	-		
54	18	O	13.86	G	-		
54	19	O	13.86	C	-		
54	20	O	13.86	T	-		
54	21	O	13.86	C	-		
54	22	O	13.86	A	-		
54	23	O	13.86	G	-		
54	24	O	13.86	T	-		
54	25	O	13.86	G	-		
54	26	O	13.86	A	-		
54	27	O	13.86	A	-		
54	28	O	13.86	G	-		
54	29	O	13.86	T	-		
54	30	O	13.86	C	-		
54	31	O	13.86	G	-		
54	32	O	13.86	T	-		
54	33	O	13.86	T	-		
54	34	O	13.86	C	-		
54	35	O	13.86	A	-		
54	36	O	13.86	A	-		
54	37	O	13.86	C	-		
54	38	O	13.86	G	-		
54	39	O	13.86	C	-		
54	40	O	13.86	A	-		
54	41	O	13.86	T	-		
54	42	O	13.86	T	-		
54	43	O	13.86	C	-		
54	44	O	13.86	T	-		
54	45	O	13.86	T	-		
54	46	O	13.86	G	-		
54	47	O	13.86	G	-		
54	48	O	13.86	A	-		
54	49	O	13.86	T	-		
54	50	O	13.86	G	-		
54	51	O	13.86	T	-		
54	52	O	13.86	C	-		
54	53	O	13.86	T	-		
54	54	O	13.86	C	-		
54	55	O	13.86	G	-		
54	56	O	13.86	G	-		
54	57	O	13.86	T	-		
54	58	O	13.86	G	-		
54	59	O	13.86	A	-		
54	60	O	13.86	C	-		
54	61	O	13.86	T	-		
54	62	O	13.86	T	-		
54	63	O	13.86	C	-		
54	64	O	13.86	A	-		
54	65	O	13.86	T	-		
54	66	O	13.86	C	-		
54	67	O	13.86	G	-		
54	68	O	13.86	T	-		
54	69	O	13.86	A	-		
54	70	O	13.86	G	-		
54	71	O	13.86	T	-		
54	72	O	13.86	G	-		
54	73	O	13.86	C	-		
54	74	O	13.86	T	-		
54	75	O	13.86	T	-		
54	76	O	13.86	C	-		
54	77	O	13.86	T	-		
54	78	O	13.86	T	-		
54	79	O	13.86	G	-		
54	80	O	13.86	A	-		
54	81	O	13.86	A	-		
54	82	O	13.86	G	-		
54	83	O	13.86	C	-		
54	84	O	13.86	C	-		
54	85	O	13.86	G	-		
54	86	O	13.86	G	-		
54	87	O	13.86	A	-		
54	88	O	13.86	A	-		
54	89	O	13.86	A	-		
54	90	O	13.86	G	-		
54	91	O	13.86	A	-		
54	92	O	13.86	A	-		
54	93	O	13.86	T	-		
54	94	O	13.86	G	-		
54	95	O	13.86	T	-		
54	96	O	13.86	C	-		
54	97	O	13.86	A	-		
54	98	O	13.86	T	-		
54	99	O	13.86	C	-		
54	100	O	13.86	T	-		
54	101	O	13.86	T	-		
54	102	O	13.86	T	-		
54	103	O	13.86	G	-		
54	104	O	13.86	G	-		
54	105	O	13.86	T	-		
54	106	O	13.86	G	-		
54	107	O	13.86	G	-		
54	108	O	13.86	A	-		
54	109	O	13.86	G	-		
55	0	O	9.70	G	-		
55	1	O	9.70	T	-		
55	2	O	9.70	T	-		
55	3	O	9.70	T	-		
55	4	O	9.70	C	-		
55	5	O	9.70	G	-		
55	6	O	9.70	A	-		
55	7	O	9.70	T	-		
55	8	O	9.70	T	-		
55	9	O	9.70	G	-		
55	10	O	9.70	A	-		
55	11	O	9.70	T	-		
55	12	O	9.70	C	-		
55	13	O	9.70	A	-		
55	14	O	9.70	A	-		
55	15	O	9.70	T	-		
55	16	O	9.70	T	-		
55	17	O	9.70	G	-		
55	18	O	9.70	A	-		
55	19	O	9.70	G	-		
55	20	O	9.70	G	-		
55	21	O	9.70	T	-		
55	22	O	9.70	A	-		
55	23	O	9.70	C	-		
55	24	O	9.70	A	-		
55	25	O	9.70	T	-		
55	26	O	9.70	G	-		
55	27	O	9.70	T	-		
55	28	O	9.70	G	-		
55	29	O	9.70	A	-		
55	30	O	9.70	G	-		
55	31	O	9.70	C	-		
55	32	O	9.70	A	-		
55	33	O	9.70	A	-		
55	34	O	9.70	C	-		
55	35	O	9.70	T	-		
55	36	O	9.70	G	-		
55	37	O	9.70	T	-		
55	38	O	9.70	A	-		
55	39	O	9.70	G	-		
55	40	O	9.70	A	-		
55	41	O	9.70	G	-		
55	42	O	9.70	T	-		
55	43	O	9.70	A	-		
55	44	O	9.70	G	-		
55	45	O	9.70	T	-		
55	46	O	9.70	G	-		
55	47	O	9.70	G	-		
55	48	O	9.70	C	-		
55	49	O	9.70	A	-		
55	50	O	9.70	T	-		
55	51	O	9.70	G	-		
55	52	O	9.70	C	-		
55	53	O	9.70	G	-		
55	54	O	9.70	A	-		
55	55	O	9.70	G	-		
55	56	O	9.70	T	-		
55	57	O	9.70	C	-		
55	58	O	9.70	G	-		
55	59	O	9.70	A	-		
55	60	O	9.70	G	-		
55	61	O	9.70	C	-		
55	62	O	9.70	C	-		
55	63	O	9.70	T	-		
55	64	O	9.70	G	-		
55	65	O	9.70	G	-		
55	66	O	9.70	A	-		
55	67	O	9.70	T	-		
55	68	O	9.70	G	-		
55	69	O	9.70	C	-		
55	70	O	9.70	A	-		
55	71	O	9.70	G	-		
55	72	O	9.70	G	-		
55	73	O	9.70	T	-		
55	74	O	9.70	C	-		
55	75	O	9.70	G	-		
55	76	O	9.70	A	-		
55	77	O	9.70	T	-		
55	78	O	9.70	G	-		
55	79	O	9.70	T	-		
55	80	O	9.70	C	-		
55	81	O	9.70	G	-		
55	82	O	9.70	T	-		
55	83	O	9.70	C	-		
55	84	O	9.70	T	-		
55	85	O	9.70	G	-		
55	86	O	9.70	C	-		
55	87	O	9.70	C	-		
55	88	O	9.70	G	-		
55	89	O	9.70	A	-		
55	90	O	9.70	C	-		
55	91	O	9.70	C	-		
55	92	O	9.70	G	-		
55	93	O	9.70	G	-		
55	94	O	9.70	A	-		
55	95	O	9.70	G	-		
55	96	O	9.70	G	-		
55	97	O	9.70	A	-		
55	98	O	9.70	C	-		
55	99	O	9.70	G	-		
55	100	O	9.70	G	-		
55	101	O	9.70	T	-		
55	102	O	9.70	T	-		
55	103	O	9.70	G	-		
55	104	O	9.70	A	-		
55	105	O	9.70	T	-		
55	106	O	9.70	G	-		
55	107	O	9.70	A	-		
55	108	O	9.70	T	-		
55	109	O	9.70	T	-		
56	0	O	9.70	C	-		
56	1	O	9.70	G	-		
56	2	O	9.70	C	-		
56	3	O	9.70	G	-		
56	4	O	9.70	A	-		
56	5	O	9.70	G	-		
56	6	O	9.70	A	-		
56	7	O	9.70	C	-		
56	8	O	9.70	G	-		
56	9	O	9.70	G	-		
56	10	O	9.70	C	-		
56	11	O	9.70	T	-		
56	12	O	9.70	A	-		
56	13	O	9.70	C	-		
56	14	O	9.70	C	-		
56	15	O	9.70	A	-		
56	16	O	9.70	T	-		
56	17	O	9.70	A	-		
56	18	O	9.70	C	-		
56	19	O	9.70	C	-		
56	20	O	9.70	T	-		
56	21	O	9.70	T	-		
56	22	O	9.70	T	-		
56	23	O	9.70	A	-		
56	24	O	9.70	C	-		
56	25	O	9.70	A	-		
56	26	O	9.70	C	-		
56	27	O	9.70	C	-		
56	28	O	9.70	T	-		
56	29	O	9.70	C	-		
56	30	O	9.70	A	-		
56	31	O	9.70	G	-		
56	32	O	9.70	A	-		
56	33	O	9.70	T	-		
56	34	O	9.70	A	-		
56	35	O	9.70	C	-		
56	36	O	9.70	T	-		
56	37	O	9.70	A	-		
56	38	O	9.70	C	-		
56	39	O	9.70	C	-		
56	40	O	9.70	A	-		
56	41	O	9.70	T	-		
56	42	O	9.70	T	-		
56	43	O	9.70	C	-		
56	44	O	9.70	C	-		
56	45	O	9.70	A	-		
56	46	O	9.70	T	-		
56	47	O	9.70	G	-		
56	48	O	9.70	G	-		
56	49	O	9.70	C	-		
56	50	O	9.70	A	-		
56	51	O	9.70	T	-		
56	52	O	9.70	G	-		
56	53	O	9.70	T	-		
56	54	O	9.70	G	-		
56	55	U	1.77	A	C		
56	56	O	9.70	C	-		
56	57	O	9.70	T	-		
56	58	O	9.70	G	-		
56	59	O	9.70	G	-		
56	60	O	9.70	C	-		
56	61	O	9.70	A	-		
56	62	O	9.70	A	-		
56	63	O	9.70	A	-		
56	64	O	9.70	C	-		
56	65	O	9.70	A	-		
56	66	O	9.70	C	-		
56	67	O	9.70	G	-		
56	68	O	9.70	C	-		
56	69	O	9.70	G	-		
56	70	O	9.70	C	-		
56	71	O	9.70	C	-		
56	72	O	9.70	C	-		
56	73	O	9.70	T	-		
56	74	O	9.70	C	-		
56	75	O	9.70	G	-		
56	76	O	9.70	A	-		
56	77	O	9.70	G	-		
56	78	O	9.70	G	-		
56	79	O	9.70	C	-		
56	80	O	9.70	G	-		
56	81	O	9.70	C	-		
56	82	O	9.70	C	-		
56	83	O	9.70	G	-		
56	84	O	9.70	C	-		
56	85	O	9.70	G	-		
56	86	O	9.70	C	-		
56	87	O	9.70	C	-		
56	88	O	9.70	G	-		
56	89	O	9.70	C	-		
56	90	O	9.70	G	-		
56	91	O	9.70	T	-		
56	92	O	9.70	T	-		
56	93	O	9.70	A	-		
56	94	O	9.70	G	-		
56	95	O	9.70	C	-		
56	96	O	9.70	C	-		
56	97	O	9.70	T	-		
56	98	O	9.70	A	-		
56	99	O	9.70	A	-		
56	100	O	9.70	A	-		
56	101	O	9.70	T	-		
56	102	U	1.77	T	A		
56	103	O	9.70	G	-		
56	104	O	9.70	A	-		
56	105	O	9.70	G	-		
56	106	O	9.70	G	-		
56	107	U	1.77	C	A		
56	108	O	9.70	C	-		
56	109	O	9.70	A	-		
57	0	O	8.32	A	-		
57	1	O	8.32	T	-		
57	2	O	8.32	C	-		
57	3	O	8.32	G	-		
57	4	O	8.32	T	-		
57	5	O	8.32	G	-		
57	6	O	8.32	T	-		
57	7	O	8.32	G	-		
57	8	O	8.32	A	-		
57	9	O	8.32	G	-		
57	10	O	8.32	A	-		
57	11	O	8.32	C	-		
57	12	O	8.32	C	-		
57	13	O	8.32	A	-		
57	14	O	8.32	G	-		
57	15	O	8.32	C	-		
57	16	O	8.32	C	-		
57	17	O	8.32	A	-		
57	18	O	8.32	C	-		
57	19	O	8.32	C	-		
57	20	O	8.32	C	-		
57	21	O	8.32	A	-		
57	22	O	8.32	G	-		
57	23	O	8.32	A	-		
57	24	O	8.32	C	-		
57	25	O	8.32	A	-		
57	26	O	8.32	G	-		
57	27	O	8.32	C	-		
57	28	O	8.32	T	-		
57	29	O	8.32	G	-		
57	30	O	8.32	T	-		
57	31	O	8.32	T	-		
57	32	O	8.32	G	-		
57	33	O	8.32	A	-		
57	34	O	8.32	A	-		
57	35	O	8.32	A	-		
57	36	O	8.32	C	-		
57	37	O	8.32	T	-		
57	38	O	8.32	G	-		
57	39	O	8.32	T	-		
57	40	O	8.32	G	-		
57	41	O	8.32	G	-		
57	42	O	8.32	G	-		
57	43	O	8.32	T	-		
57	44	O	8.32	T	-		
57	45	O	8.32	T	-		
57	46	O	8.32	G	-		
57	47	O	8.32	G	-		
57	48	O	8.32	A	-		
57	49	O	8.32	C	-		
57	50	O	8.32	A	-		
57	51	O	8.32	A	-		
57	52	O	8.32	C	-		
57	53	O	8.32	C	-		
57	54	O	8.32	A	-		
57	55	O	8.32	A	-		
57	56	O	8.32	A	-		
57	57	O	8.32	G	-		
57	58	O	8.32	A	-		
57	59	U	0.71	T	G		
57	60	O	8.32	T	-		
57	61	O	8.32	T	-		
57	62	O	8.32	T	-		
57	63	O	8.32	C	-		
57	64	O	8.32	T	-		
57	65	O	8.32	G	-		
57	66	O	8.32	C	-		
57	67	O	8.32	A	-		
57	68	O	8.32	T	-		
57	69	O	8.32	A	-		
57	70	O	8.32	A	-		
57	71	O	8.32	A	-		
57	72	O	8.32	C	-		
57	73	O	8.32	T	-		
57	74	O	8.32	G	-		
57	75	O	8.32	T	-		
57	76	O	8.32	C	-		
57	77	O	8.32	A	-		
57	78	O	8.32	G	-		
57	79	O	8.32	G	-		
57	80	O	8.32	A	-		
57	81	O	8.32	A	-		
57	82	O	8.32	C	-		
57	83	O	8.32	A	-		
57	84	O	8.32	G	-		
57	85	O	8.32	A	-		
57	86	O	8.32	G	-		
57	87	O	8.32	T	-		
57	88	O	8.32	C	-		
57	89	O	8.32	A	-		
57	90	O	8.32	G	-		
57	91	O	8.32	G	-		
57	92	O	8.32	G	-		
57	93	O	8.32	A	-		
57	94	O	8.32	A	-		
57	95	O	8.32	G	-		
57	96	O	8.32	C	-		
57	97	O	8.32	T	-		
57	98	O	8.32	C	-		
57	99	O	8.32	A	-		
57	100	O	8.32	T	-		
57	101	O	8.32	C	-		
57	102	O	8.32	T	-		
57	103	O	8.32	G	-		
57	104	O	8.32	C	-		
57	105	O	8.32	G	-		
57	106	O	8.32	T	-		
57	107	O	8.32	G	-		
57	108	O	8.32	C	-		
57	109	O	8.32	T	-		
58	0	O	16.64	G	-		
58	1	O	16.64	A	-		
58	2	O	16.64	A	-		
58	3	O	16.64	A	-		
58	4	O	16.64	G	-		
58	5	O	16.64	G	-		
58	6	O	16.64	G	-		
58	7	O	16.64	T	-		
58	8	O	16.64	T	-		
58	9	O	16.64	G	-		
58	10	O	16.64	T	-		
58	11	O	16.64	G	-		
58	12	O	16.64	C	-		
58	13	O	16.64	T	-		
58	14	O	7.55	T	-		
58	15	O	16.64	G	-		
58	16	O	16.64	G	-		
58	17	O	16.64	C	-		
58	18	O	16.64	C	-		
58	19	O	16.64	C	-		
58	20	O	16.64	T	-		
58	21	O	7.55	C	-		
58	22	O	16.64	C	-		
58	23	O	16.64	T	-		
58	24	O	16.64	C	-		
58	25	O	16.64	G	-		
58	26	O	16.64	C	-		
58	27	O	7.55	T	-		
58	28	O	16.64	A	-		
58	29	O	7.55	T	-		
58	30	O	16.64	G	-		
58	31	O	16.64	C	-		
58	32	O	16.64	G	-		
58	33	O	16.64	G	-		
58	34	O	16.64	C	-		
58	35	O	16.64	T	-		
58	36	O	7.55	C	-		
58	37	O	16.64	A	-		
58	38	O	16.64	C	-		
58	39	O	16.64	C	-		
58	40	O	16.64	G	-		
58	41	O	16.64	C	-		
58	42	O	16.64	A	-		
58	43	O	16.64	C	-		
58	44	O	16.64	T	-		
58	45	O	16.64	C	-		
58	46	O	16.64	A	-		
58	47	O	16.64	G	-		
58	48	O	16.64	G	-		
58	49	O	16.64	G	-		
58	50	O	16.64	T	-		
58	51	O	16.64	A	-		
58	52	O	16.64	G	-		
58	53	O	16.64	C	-		
58	54	O	16.64	T	-		
58	55	O	16.64	T	-		
58	56	O	16.64	A	-		
58	57	O	16.64	T	-		
58	58	O	16.64	G	-		
58	59	O	16.64	C	-		
58	60	O	16.64	C	-		
58	61	O	16.64	G	-		
58	62	O	16.64	G	-		
58	63	O	16.64	T	-		
58	64	O	16.64	C	-		
58	65	O	16.64	T	-		
58	66	O	16.64	C	-		
58	67	O	16.64	A	-		
58	68	O	16.64	T	-		
58	69	O	16.64	T	-		
58	70	O	16.64	G	-		
58	71	O	16.64	T	-		
58	72	O	16.64	A	-		
58	73	O	16.64	C	-		
58	74	O	16.64	T	-		
58	75	O	16.64	T	-		
58	76	O	16.64	G	-		
58	77	O	16.64	A	-		
58	78	O	16.64	C	-		
58	79	O	16.64	G	-		
58	80	O	16.64	G	-		
58	81	O	16.64	T	-		
58	82	O	16.64	G	-		
58	83	O	16.64	C	-		
58	84	O	16.64	C	-		
58	85	O	16.64	G	-		
58	86	O	16.64	T	-		
58	87	O	7.55	T	-		
58	88	O	16.64	G	-		
58	89	O	16.64	T	-		
58	90	O	16.64	C	-		
58	91	O	16.64	T	-		
58	92	O	7.55	T	-		
58	93	O	16.64	T	-		
58	94	O	16.64	G	-		
58	95	O	16.64	G	-		
58	96	O	16.64	G	-		
58	97	O	16.64	C	-		
58	98	O	16.64	G	-		
58	99	O	16.64	T	-		
58	100	O	16.64	C	-		
58	101	O	16.64	C	-		
58	102	O	7.55	A	-		
58	103	O	16.64	C	-		
58	104	O	16.64	G	-		
58	105	O	16.64	G	-		
58	106	O	16.64	T	-		
58	107	O	16.64	T	-		
58	108	O	16.64	C	-		
58	109	O	16.64	A	-		
59	0	O	12.48	A	-		
59	1	O	12.48	C	-		
59	2	O	12.48	A	-		
59	3	O	12.48	A	-		
59	4	O	12.48	A	-		
59	5	O	12.48	G	-		
59	6	O	12.48	C	-		
59	7	O	12.48	A	-		
59	8	O	12.48	C	-		
59	9	O	12.48	A	-		
59	10	O	12.48	G	-		
59	11	O	12.48	T	-		
59	12	O	12.48	T	-		
59	13	O	12.48	A	-		
59	14	O	12.48	A	-		
59	15	O	12.48	A	-		
59	16	O	12.48	T	-		
59	17	O	12.48	A	-		
59	18	O	12.48	G	-		
59	19	O	12.48	A	-		
59	20	O	12.48	C	-		
59	21	O	12.48	A	-		
59	22	O	12.48	T	-		
59	23	O	12.48	A	-		
59	24	O	12.48	A	-		
59	25	O	12.48	T	-		
59	26	O	12.48	T	-		
59	27	O	12.48	A	-		
59	28	O	12.48	T	-		
59	29	O	12.48	A	-		
59	30	O	12.48	A	-		
59	31	O	12.48	T	-		
59	32	O	12.48	A	-		
59	33	O	12.48	C	-		
59	34	O	12.48	T	-		
59	35	O	12.48	G	-		
59	36	O	12.48	T	-		
59	37	O	12.48	T	-		
59	38	O	12.48	T	-		
59	39	O	12.48	A	-		
59	40	O	12.48	C	-		
59	41	O	12.48	A	-		
59	42	O	12.48	C	-		
59	43	O	12.48	A	-		
59	44	O	12.48	T	-		
59	45	O	12.48	A	-		
59	46	O	12.48	C	-		
59	47	O	12.48	T	-		
59	48	O	12.48	T	-		
59	49	O	12.48	C	-		
59	50	O	12.48	T	-		
59	51	O	12.48	G	-		
59	52	O	12.48	T	-		
59	53	O	12.48	T	-		
59	54	O	12.48	A	-		
59	55	O	12.48	T	-		
59	56	O	12.48	T	-		
59	57	O	12.48	A	-		
59	58	O	12.48	T	-		
59	59	O	12.48	T	-		
59	60	O	12.48	G	-		
59	61	O	12.48	A	-		
59	62	O	12.48	C	-		
59	63	O	12.48	T	-		
59	64	O	12.48	T	-		
59	65	O	12.48	G	-		
59	66	O	12.48	G	-		
59	67	O	12.48	A	-		
59	68	O	12.48	G	-		
59	69	O	12.48	T	-		
59	70	O	12.48	T	-		
59	71	O	12.48	G	-		
59	72	O	12.48	G	-		
59	73	O	12.48	A	-		
59	74	O	12.48	G	-		
59	75	O	12.48	G	-		
59	76	O	12.48	C	-		
59	77	O	12.48	A	-		
59	78	O	12.48	T	-		
59	79	O	12.48	A	-		
59	80	O	12.48	T	-		
59	81	O	12.48	G	-		
59	82	O	12.48	C	-		
59	83	O	12.48	T	-		
59	84	O	12.48	G	-		
59	85	O	12.48	A	-		
59	86	O	12.48	G	-		
59	87	O	12.48	T	-		
59	88	O	12.48	T	-		
59	89	O	12.48	T	-		
59	90	O	12.48	T	-		
59	91	O	12.48	A	-		
59	92	O	12.48	G	-		
59	93	O	12.48	T	-		
59	94	O	12.48	T	-		
59	95	O	12.48	G	-		
59	96	O	12.48	T	-		
59	97	O	12.48	T	-		
59	98	O	12.48	G	-		
59	99	O	12.48	A	-		
59	100	O	12.48	A	-		
59	101	O	12.48	A	-		
59	102	O	12.48	A	-		
59	103	O	12.48	C	-		
59	104	O	12.48	T	-		
59	105	O	12.48	T	-		
59	106	O	12.48	G	-		
59	107	O	12.48	A	-		
59	108	O	12.48	A	-		
59	109	O	12.48	G	-		
60	0	O	5.55	C	-		
60	1	O	5.55	G	-		
60	2	O	5.55	C	-		
60	3	O	5.55	A	-		
60	4	O	5.55	G	-		
60	5	O	5.55	C	-		
60	6	O	5.55	G	-		
60	7	O	5.55	C	-		
60	8	O	5.55	A	-		
60	9	O	5.55	G	-		
60	10	O	5.55	G	-		
60	11	O	5.55	C	-		
60	12	O	5.55	A	-		
60	13	O	5.55	T	-		
60	14	O	5.55	T	-		
60	15	O	5.55	T	-		
60	16	O	5.55	G	-		
60	17	O	5.55	C	-		
60	18	O	5.55	G	-		
60	19	O	5.55	C	-		
60	20	O	5.55	A	-		
60	21	O	5.55	T	-		
60	22	O	5.55	T	-		
60	23	O	5.55	G	-		
60	24	O	5.55	C	-		
60	25	O	5.55	G	-		
60	26	O	5.55	T	-		
60	27	O	5.55	C	-		
60	28	O	5.55	A	-		
60	29	O	5.55	G	-		
60	30	O	5.55	C	-		
60	31	O	5.55	G	-		
60	32	O	5.55	C	-		
60	33	O	5.55	G	-		
60	34	O	5.55	C	-		
60	35	O	5.55	G	-		
60	36	O	5.55	C	-		
60	37	O	5.55	A	-		
60	38	O	5.55	G	-		
60	39	O	5.55	G	-		
60	40	O	5.55	C	-		
60	41	O	5.55	G	-		
60	42	O	5.55	G	-		
60	43	O	5.55	C	-		
60	44	O	5.55	C	-		
60	45	O	5.55	T	-		
60	46	O	5.55	G	-		
60	47	O	5.55	C	-		
60	48	O	5.55	C	-		
60	49	O	5.55	C	-		
60	50	O	5.55	A	-		
60	51	O	5.55	G	-		
60	52	O	5.55	T	-		
60	53	O	5.55	C	-		
60	54	O	5.55	G	-		
60	55	O	5.55	A	-		
60	56	O	5.55	T	-		
60	57	O	5.55	T	-		
60	58	O	5.55	G	-		
60	59	O	5.55	T	-		
60	60	O	5.55	G	-		
60	61	O	5.55	G	-		
60	62	O	5.55	C	-		
60	63	O	5.55	T	-		
60	64	O	5.55	G	-		
60	65	O	5.55	T	-		
60	66	O	5.55	T	-		
60	67	O	5.55	T	-		
60	68	O	5.55	A	-		
60	69	O	5.55	A	-		
60	70	O	5.55	C	-		
60	71	O	5.55	G	-		
60	72	O	5.55	G	-		
60	73	O	5.55	G	-		
60	74	O	5.55	A	-		
60	75	O	5.55	C	-		
60	76	O	5.55	A	-		
60	77	O	5.55	A	-		
60	78	O	5.55	G	-		
60	79	O	5.55	T	-		
60	80	O	5.55	T	-		
60	81	O	5.55	C	-		
60	82	O	5.55	G	-		
60	83	O	5.55	G	-		
60	84	O	5.55	G	-		
60	85	O	5.55	C	-		
60	86	O	5.55	A	-		
60	87	O	5.55	A	-		
60	88	O	5.55	G	-		
60	89	O	5.55	A	-		
60	90	O	5.55	T	-		
60	91	O	5.55	A	-		
60	92	O	5.55	A	-		
60	93	O	5.55	T	-		
60	94	O	5.55	T	-		
60	95	O	5.55	T	-		
60	96	O	5.55	G	-		
60	97	O	5.55	T	-		
60	98	O	5.55	T	-		
60	99	O	5.55	T	-		
60	100	O	5.55	A	-		
60	101	O	5.55	A	-		
60	102	O	5.55	G	-		
60	103	O	5.55	T	-		
60	104	O	5.55	G	-		
60	105	O	5.55	G	-		
60	106	O	5.55	A	-		
60	107	O	5.55	T	-		
60	108	O	5.55	A	-		
60	109	O	5.55	G	-		
61	0	O	13.86	C	-		
61	1	O	13.86	T	-		
61	2	O	13.86	C	-		
61	3	O	13.86	G	-		
61	4	O	13.86	C	-		
61	5	O	13.86	A	-		
61	6	O	13.86	C	-		
61	7	O	13.86	C	-		
61	8	O	13.86	A	-		
61	9	O	13.86	C	-		
61	10	O	13.86	C	-		
61	11	O	13.86	A	-		
61	12	O	13.86	T	-		
61	13	O	13.86	T	-		
61	14	O	13.86	T	-		
61	15	O	13.86	A	-		
61	16	O	13.86	C	-		
61	17	O	13.86	C	-		
61	18	O	13.86	A	-		
61	19	O	13.86	A	-		
61	20	O	13.86	G	-		
61	21	O	13.86	C	-		
61	22	O	13.86	C	-		
61	23	O	13.86	A	-		
61	24	O	13.86	A	-		
61	25	O	13.86	G	-		
61	26	E	-4.95	A	G		
61	27	E	-4.95	A	T		
61	28	O	13.86	T	-		
61	29	O	13.86	C	-		
61	30	O	13.86	G	-		
61	31	O	13.86	T	-		
61	32	O	13.86	T	-		
61	33	O	13.86	G	-		
61	34	O	13.86	G	-		
61	35	O	13.86	T	-		
61	36	O	13.86	G	-		
61	37	O	13.86	A	-		
61	38	O	13.86	A	-		
61	39	O	13.86	A	-		
61	40	O	13.86	C	-		
61	41	O	13.86	T	-		
61	42	O	13.86	G	-		
61	43	O	13.86	C	-		
61	44	O	13.86	T	-		
61	45	O	13.86	T	-		
61	46	O	13.86	G	-		
61	47	O	13.86	C	-		
61	48	O	13.86	T	-		
61	49	O	13.86	G	-		
61	50	O	13.86	A	-		
61	51	O	13.86	A	-		
61	52	O	13.86	C	-		
61	53	O	13.86	T	-		
61	54	O	13.86	A	-		
61	55	O	13.86	T	-		
61	56	O	13.86	A	-		
61	57	O	13.86	A	-		
61	58	O	13.86	T	-		
61	59	O	13.86	T	-		
61	60	O	13.86	T	-		
61	61	O	13.86	C	-		
61	62	O	13.86	A	-		
61	63	O	13.86	A	-		
61	64	O	13.86	T	-		
61	65	O	13.86	A	-		
61	66	O	13.86	A	-		
61	67	O	13.86	A	-		
61	68	O	13.86	T	-		
61	69	O	13.86	T	-		
61	70	O	13.86	G	-		
61	71	O	13.86	T	-		
61	72	O	13.86	C	-		
61	73	O	13.86	T	-		
61	74	O	13.86	C	-		
61	75	O	13.86	A	-		
61	76	O	13.86	A	-		
61	77	E	-4.95	G	A		
61	78	O	13.86	T	-		
61	79	O	13.86	T	-		
61	80	O	13.86	G	-		
61	81	O	13.86	G	-		
61	82	O	13.86	T	-		
61	83	O	13.86	T	-		
61	84	O	13.86	A	-		
61	85	E	-4.95	G	C		
61	86	O	13.86	T	-		
61	87	O	13.86	G	-		
61	88	O	13.86	A	-		
61	89	O	13.86	C	-		
61	90	O	13.86	A	-		
61	91	O	13.86	T	-		
61	92	O	13.86	G	-		
61	93	O	13.86	A	-		
61	94	O	13.86	T	-		
61	95	O	13.86	G	-		
61	96	O	13.86	A	-		
61	97	O	13.86	T	-		
61	98	O	13.86	C	-		
61	99	O	13.86	T	-		
61	100	O	13.86	A	-		
61	101	O	13.86	T	-		
61	102	O	13.86	T	-		
61	103	O	13.86	G	-		
61	104	O	13.86	C	-		
61	105	O	13.86	T	-		
61	106	O	13.86	T	-		
61	107	O	13.86	T	-		
61	108	O	13.86	A	-		
61	109	O	13.86	T	-		
62	0	O	5.55	T	-		
62	1	O	5.55	C	-		
62	2	O	5.55	G	-		
62	3	O	5.55	A	-		
62	4	O	5.55	G	-		
62	5	O	5.55	G	-		
62	6	O	5.55	T	-		
62	7	O	5.55	T	-		
62	8	O	5.55	G	-		
62	9	O	5.55	A	-		
62	10	O	5.55	T	-		
62	11	O	5.55	A	-		
62	12	O	5.55	C	-		
62	13	O	5.55	C	-		
62	14	O	5.55	A	-		
62	15	O	5.55	G	-		
62	16	O	5.55	C	-		
62	17	O	5.55	G	-		
62	18	O	5.55	C	-		
62	19	O	5.55	T	-		
62	20	O	5.55	T	-		
62	21	O	5.55	G	-		
62	22	O	5.55	T	-		
62	23	O	5.55	C	-		
62	24	O	5.55	C	-		
62	25	O	5.55	A	-		
62	26	O	5.55	C	-		
62	27	O	5.55	A	-		
62	28	O	5.55	T	-		
62	29	O	5.55	G	-		
62	30	O	5.55	G	-		
62	31	O	5.55	G	-		
62	32	O	5.55	C	-		
62	33	O	5.55	A	-		
62	34	O	5.55	A	-		
62	35	O	5.55	G	-		
62	36	O	5.55	T	-		
62	37	O	5.55	C	-		
62	38	O	5.55	T	-		
62	39	O	5.55	C	-		
62	40	O	5.55	C	-		
62	41	O	5.55	G	-		
62	42	O	5.55	A	-		
62	43	O	5.55	C	-		
62	44	O	5.55	T	-		
62	45	O	5.55	T	-		
62	46	O	5.55	C	-		
62	47	O	5.55	A	-		
62	48	O	5.55	A	-		
62	49	O	5.55	G	-		
62	50	O	5.55	A	-		
62	51	O	5.55	C	-		
62	52	O	5.55	G	-		
62	53	O	5.55	C	-		
62	54	O	5.55	G	-		
62	55	O	5.55	T	-		
62	56	O	5.55	A	-		
62	57	O	5.55	C	-		
62	58	O	5.55	C	-		
62	59	O	5.55	A	-		
62	60	O	5.55	G	-		
62	61	O	5.55	T	-		
62	62	O	5.55	A	-		
62	63	O	5.55	T	-		
62	64	O	5.55	T	-		
62	65	O	5.55	G	-		
62	66	O	5.55	T	-		
62	67	O	5.55	T	-		
62	68	O	5.55	G	-		
62	69	O	5.55	A	-		
62	70	O	5.55	T	-		
62	71	O	5.55	G	-		
62	72	O	5.55	A	-		
62	73	O	5.55	A	-		
62	74	O	5.55	A	-		
62	75	O	5.55	G	-		
62	76	O	5.55	C	-		
62	77	O	5.55	C	-		
62	78	O	5.55	G	-		
62	79	O	5.55	A	-		
62	80	O	5.55	C	-		
62	81	O	5.55	A	-		
62	82	O	5.55	G	-		
62	83	O	5.55	C	-		
62	84	O	5.55	A	-		
62	85	O	5.55	T	-		
62	86	O	5.55	G	-		
62	87	O	5.55	T	-		
62	88	O	5.55	C	-		
62	89	O	5.55	C	-		
62	90	O	5.55	T	-		
62	91	O	5.55	G	-		
62	92	O	5.55	T	-		
62	93	O	5.55	C	-		
62	94	O	5.55	T	-		
62	95	O	5.55	G	-		
62	96	O	5.55	G	-		
62	97	O	5.55	C	-		
62	98	O	5.55	A	-		
62	99	O	5.55	A	-		
62	100	O	5.55	A	-		
62	101	O	5.55	A	-		
62	102	O	5.55	T	-		
62	103	O	5.55	T	-		
62	104	O	5.55	C	-		
62	105	O	5.55	C	-		
62	106	O	5.55	A	-		
62	107	O	5.55	G	-		
62	108	O	5.55	A	-		
62	109	O	5.55	A	-		
63	0	O	12.48	A	-		
63	1	O	12.48	C	-		
63	2	O	12.48	C	-		
63	3	O	12.48	T	-		
63	4	O	12.48	T	-		
63	5	O	12.48	C	-		
63	6	O	12.48	T	-		
63	7	O	12.48	A	-		
63	8	O	12.48	C	-		
63	9	O	12.48	A	-		
63	10	O	12.48	G	-		
63	11	O	12.48	T	-		
63	12	O	12.48	C	-		
63	13	O	12.48	A	-		
63	14	O	12.48	G	-		
63	15	O	12.48	A	-		
63	16	O	12.48	C	-		
63	17	O	12.48	T	-		
63	18	O	12.48	C	-		
63	19	O	12.48	T	-		
63	20	O	12.48	A	-		
63	21	O	12.48	G	-		
63	22	O	12.48	T	-		
63	23	O	12.48	T	-		
63	24	O	12.48	C	-		
63	25	O	12.48	T	-		
63	26	O	12.48	A	-		
63	27	O	12.48	C	-		
63	28	O	12.48	T	-		
63	29	O	12.48	T	-		
63	30	O	12.48	G	-		
63	31	O	12.48	T	-		
63	32	O	12.48	G	-		
63	33	O	12.48	A	-		
63	34	O	12.48	A	-		
63	35	O	12.48	G	-		
63	36	O	12.48	C	-		
63	37	O	12.48	A	-		
63	38	O	12.48	G	-		
63	39	O	12.48	C	-		
63	40	O	12.48	T	-		
63	41	O	12.48	T	-		
63	42	O	12.48	C	-		
63	43	O	12.48	A	-		
63	44	O	12.48	G	-		
63	45	O	12.48	G	-		
63	46	O	12.48	T	-		
63	47	O	12.48	C	-		
63	48	O	12.48	T	-		
63	49	O	12.48	T	-		
63	50	O	12.48	T	-		
63	51	O	12.48	T	-		
63	52	O	12.48	G	-		
63	53	O	12.48	A	-		
63	54	O	12.48	G	-		
63	55	O	12.48	A	-		
63	56	O	12.48	A	-		
63	57	O	12.48	T	-		
63	58	O	12.48	G	-		
63	59	O	12.48	A	-		
63	60	O	12.48	T	-		
63	61	O	12.48	T	-		
63	62	O	12.48	T	-		
63	63	O	12.48	C	-		
63	64	O	12.48	C	-		
63	65	O	12.48	T	-		
63	66	O	12.48	C	-		
63	67	O	12.48	G	-		
63	68	O	12.48	G	-		
63	69	O	12.48	T	-		
63	70	O	12.48	T	-		
63	71	O	12.48	A	-		
63	72	O	12.48	A	-		
63	73	O	12.48	T	-		
63	74	O	12.48	G	-		
63	75	O	12.48	T	-		
63	76	O	12.48	A	-		
63	77	O	12.48	T	-		
63	78	O	12.48	A	-		
63	79	O	12.48	C	-		
63	80	O	12.48	A	-		
63	81	O	12.48	G	-		
63	82	O	12.48	A	-		
63	83	O	12.48	G	-		
63	84	O	12.48	A	-		
63	85	O	12.48	G	-		
63	86	O	12.48	T	-		
63	87	O	12.48	T	-		
63	88	O	12.48	A	-		
63	89	O	12.48	G	-		
63	90	O	12.48	T	-		
63	91	O	12.48	A	-		
63	92	O	12.48	G	-		
63	93	O	12.48	C	-		
63	94	O	12.48	A	-		
63	95	O	12.48	G	-		
63	96	O	12.48	A	-		
63	97	O	12.48	A	-		
63	98	O	12.48	A	-		
63	99	O	12.48	G	-		
63	100	O	12.48	T	-		
63	101	O	12.48	G	-		
63	102	O	12.48	G	-		
63	103	O	12.48	G	-		
63	104	O	12.48	G	-		
63	105	O	12.48	C	-		
63	106	O	12.48	A	-		
63	107	O	12.48	A	-		
63	108	O	12.48	T	-		
63	109	O	12.48	A	-		
64	0	O	16.64	T	-		
64	1	O	16.64	T	-		
64	2	O	16.64	C	-		
64	3	O	16.64	T	-		
64	4	O	16.64	C	-		
64	5	O	16.64	T	-		
64	6	O	16.64	G	-		
64	7	O	16.64	T	-		
64	8	O	16.64	G	-		
64	9	O	16.64	G	-		
64	10	O	16.64	G	-		
64	11	O	16.64	A	-		
64	12	O	16.64	T	-		
64	13	O	16.64	A	-		
64	14	O	16.64	C	-		
64	15	O	16.64	C	-		
64	16	O	16.64	A	-		
64	17	O	16.64	A	-		
64	18	O	16.64	A	-		
64	19	O	16.64	C	-		
64	20	O	16.64	T	-		
64	21	O	16.64	A	-		
64	22	O	16.64	T	-		
64	23	O	16.64	T	-		
64	24	O	16.64	T	-		
64	25	O	16.64	G	-		
64	26	O	16.64	G	-		
64	27	O	16.64	G	-		
64	28	O	16.64	C	-		
64	29	O	16.64	C	-		
64	30	O	16.64	T	-		
64	31	O	16.64	A	-		
64	32	O	16.64	A	-		
64	33	O	16.64	A	-		
64	34	O	16.64	A	-		
64	35	O	16.64	T	-		
64	36	O	16.64	T	-		
64	37	O	16.64	A	-		
64	38	O	16.64	A	-		
64	39	O	16.64	T	-		
64	40	O	16.64	T	-		
64	41	O	16.64	C	-		
64	42	O	16.64	T	-		
64	43	O	16.64	T	-		
64	44	O	16.64	C	-		
64	45	O	16.64	A	-		
64	46	O	16.64	A	-		
64	47	O	16.64	T	-		
64	48	O	16.64	G	-		
64	49	O	16.64	G	-		
64	50	O	16.64	T	-		
64	51	O	16.64	G	-		
64	52	O	16.64	T	-		
64	53	O	16.64	C	-		
64	54	O	16.64	A	-		
64	55	O	16.64	T	-		
64	56	O	16.64	A	-		
64	57	O	16.64	G	-		
64	58	O	16.64	T	-		
64	59	O	16.64	A	-		
64	60	O	16.64	C	-		
64	61	O	16.64	A	-		
64	62	O	16.64	G	-		
64	63	O	16.64	G	-		
64	64	O	16.64	C	-		
64	65	O	16.64	T	-		
64	66	O	16.64	T	-		
64	67	O	16.64	G	-		
64	68	O	16.64	T	-		
64	69	O	16.64	G	-		
64	70	O	16.64	C	-		
64	71	O	16.64	C	-		
64	72	O	16.64	A	-		
64	73	O	16.64	T	-		
64	74	O	16.64	G	-		
64	75	O	16.64	G	-		
64	76	O	16.64	G	-		
64	77	O	16.64	T	-		
64	78	O	16.64	C	-		
64	79	O	16.64	T	-		
64	80	O	16.64	T	-		
64	81	O	16.64	G	-		
64	82	O	16.64	G	-		
64	83	O	16.64	T	-		
64	84	O	16.64	T	-		
64	85	O	16.64	G	-		
64	86	O	16.64	T	-		
64	87	O	16.64	T	-		
64	88	O	16.64	G	-		
64	89	O	16.64	A	-		
64	90	O	16.64	T	-		
64	91	O	16.64	G	-		
64	92	O	16.64	T	-		
64	93	O	16.64	C	-		
64	94	O	16.64	T	-		
64	95	O	16.64	C	-		
64	96	O	16.64	T	-		
64	97	O	16.64	T	-		
64	98	O	16.64	C	-		
64	99	O	16.64	A	-		
64	100	O	16.64	A	-		
64	101	O	16.64	C	-		
64	102	O	16.64	C	-		
64	103	O	16.64	T	-		
64	104	O	16.64	C	-		
64	105	O	16.64	C	-		
64	106	O	16.64	A	-		
64	107	O	16.64	G	-		
64	108	O	16.64	C	-		
64	109	O	16.64	T	-		
65	0	O	22.18	T	-		
65	1	O	22.18	A	-		
65	2	O	22.18	C	-		
65	3	O	22.18	C	-		
65	4	O	22.18	T	-		
65	5	O	22.18	G	-		
65	6	O	22.18	C	-		
65	7	O	22.18	G	-		
65	8	O	22.18	A	-		
65	9	O	22.18	A	-		
65	10	O	22.18	G	-		
65	11	O	22.18	C	-		
65	12	O	22.18	T	-		
65	13	O	22.18	C	-		
65	14	O	22.18	T	-		
65	15	O	22.18	A	-		
65	16	O	22.18	G	-		
65	17	O	22.18	T	-		
65	18	O	22.18	A	-		
65	19	O	22.18	T	-		
65	20	O	22.18	G	-		
65	21	O	22.18	C	-		
65	22	O	22.18	G	-		
65	23	O	22.18	G	-		
65	24	O	22.18	T	-		
65	25	O	22.18	G	-		
65	26	O	22.18	A	-		
65	27	O	22.18	T	-		
65	28	O	22.18	T	-		
65	29	O	22.18	A	-		
65	30	O	22.18	C	-		
65	31	O	22.18	A	-		
65	32	O	22.18	A	-		
65	33	O	22.18	G	-		
65	34	O	22.18	C	-		
65	35	O	22.18	G	-		
65	36	O	22.18	A	-		
65	37	O	22.18	C	-		
65	38	O	22.18	T	-		
65	39	O	22.18	G	-		
65	40	O	22.18	C	-		
65	41	O	22.18	T	-		
65	42	O	22.18	G	-		
65	43	O	22.18	C	-		
65	44	O	22.18	G	-		
65	45	O	22.18	A	-		
65	46	O	22.18	G	-		
65	47	O	22.18	T	-		
65	48	O	22.18	G	-		
65	49	O	22.18	A	-		
65	50	O	22.18	A	-		
65	51	O	22.18	G	-		
65	52	O	22.18	G	-		
65	53	O	22.18	C	-		
65	54	O	22.18	A	-		
65	55	O	22.18	G	-		
65	56	O	22.18	A	-		
65	57	O	22.18	C	-		
65	58	O	22.18	G	-		
65	59	O	22.18	G	-		
65	60	O	22.18	G	-		
65	61	O	22.18	C	-		
65	62	O	22.18	G	-		
65	63	O	22.18	C	-		
65	64	O	22.18	A	-		
65	65	O	22.18	A	-		
65	66	O	22.18	C	-		
65	67	O	22.18	A	-		
65	68	O	22.18	C	-		
65	69	O	22.18	C	-		
65	70	O	22.18	T	-		
65	71	O	22.18	T	-		
65	72	O	22.18	C	-		
65	73	O	22.18	T	-		
65	74	O	22.18	G	-		
65	75	O	22.18	T	-		
65	76	O	22.18	A	-		
65	77	O	22.18	C	-		
65	78	O	22.18	A	-		
65	79	O	22.18	T	-		
65	80	O	22.18	G	-		
65	81	O	22.18	C	-		
65	82	O	22.18	A	-		
65	83	O	22.18	A	-		
65	84	O	22.18	A	-		
65	85	O	22.18	C	-		
65	86	O	22.18	G	-		
65	87	O	22.18	A	-		
65	88	O	22.18	A	-		
65	89	O	22.18	G	-		
65	90	O	22.18	G	-		
65	91	O	22.18	A	-		
65	92	O	22.18	A	-		
65	93	O	22.18	C	-		
65	94	O	22.18	A	-		
65	95	O	22.18	A	-		
65	96	O	22.18	G	-		
65	97	O	22.18	A	-		
65	98	O	22.18	T	-		
65	99	O	22.18	A	-		
65	100	O	22.18	T	-		
65	101	O	22.18	G	-		
65	102	O	22.18	C	-		
65	103	O	22.18	T	-		
65	104	O	22.18	T	-		
65	105	O	22.18	T	-		
65	106	O	22.18	C	-		
65	107	O	22.18	C	-		
65	108	O	22.18	G	-		
65	109	O	22.18	A	-		
66	0	O	6.93	G	-		
66	1	O	6.93	G	-		
66	2	O	6.93	C	-		
66	3	O	6.93	C	-		
66	4	O	6.93	T	-		
66	5	O	6.93	G	-		
66	6	O	6.93	C	-		
66	7	O	6.93	G	-		
66	8	O	6.93	T	-		
66	9	O	6.93	G	-		
66	10	O	6.93	T	-		
66	11	O	6.93	A	-		
66	12	O	6.93	C	-		
66	13	O	6.93	A	-		
66	14	O	6.93	C	-		
66	15	O	6.93	C	-		
66	16	O	6.93	T	-		
66	17	O	6.93	C	-		
66	18	O	6.93	G	-		
66	19	O	6.93	T	-		
66	20	O	6.93	C	-		
66	21	O	6.93	G	-		
66	22	O	6.93	C	-		
66	23	O	6.93	G	-		
66	24	O	6.93	C	-		
66	25	O	6.93	A	-		
66	26	O	6.93	T	-		
66	27	O	6.93	G	-		
66	28	O	6.93	C	-		
66	29	O	6.93	C	-		
66	30	O	6.93	C	-		
66	31	O	6.93	A	-		
66	32	O	6.93	T	-		
66	33	O	6.93	C	-		
66	34	O	6.93	G	-		
66	35	O	6.93	C	-		
66	36	O	6.93	C	-		
66	37	O	6.93	T	-		
66	38	O	6.93	T	-		
66	39	O	6.93	C	-		
66	40	O	6.93	C	-		
66	41	O	6.93	T	-		
66	42	O	6.93	G	-		
66	43	O	6.93	A	-		
66	44	O	6.93	C	-		
66	45	O	6.93	C	-		
66	46	O	6.93	G	-		
66	47	O	6.93	C	-		
66	48	O	6.93	C	-		
66	49	O	6.93	T	-		
66	50	O	6.93	C	-		
66	51	O	6.93	G	-		
66	52	O	6.93	C	-		
66	53	O	6.93	C	-		
66	54	O	6.93	G	-		
66	55	O	6.93	C	-		
66	56	O	6.93	C	-		
66	57	O	6.93	G	-		
66	58	O	6.93	T	-		
66	59	O	6.93	C	-		
66	60	O	6.93	G	-		
66	61	O	6.93	C	-		
66	62	O	6.93	T	-		
66	63	O	6.93	G	-		
66	64	O	6.93	G	-		
66	65	O	6.93	A	-		
66	66	O	6.93	C	-		
66	67	O	6.93	G	-		
66	68	O	6.93	G	-		
66	69	U	-0.27	A	C		
66	70	O	6.93	C	-		
66	71	O	6.93	A	-		
66	72	O	6.93	C	-		
66	73	O	6.93	G	-		
66	74	O	6.93	A	-		
66	75	O	6.93	C	-		
66	76	O	6.93	G	-		
66	77	O	6.93	G	-		
66	78	O	6.93	G	-		
66	79	O	6.93	A	-		
66	80	O	6.93	T	-		
66	81	O	6.93	G	-		
66	82	O	6.93	A	-		
66	83	O	6.93	A	-		
66	84	O	6.93	G	-		
66	85	O	6.93	T	-		
66	86	O	6.93	G	-		
66	87	O	6.93	G	-		
66	88	O	6.93	A	-		
66	89	O	6.93	T	-		
66	90	O	6.93	C	-		
66	91	O	6.93	T	-		
66	92	O	6.93	C	-		
66	93	O	6.93	C	-		
66	94	O	6.93	A	-		
66	95	O	6.93	C	-		
66	96	O	6.93	G	-		
66	97	O	6.93	T	-		
66	98	O	6.93	C	-		
66	99	O	6.93	T	-		
66	100	O	6.93	G	-		
66	101	O	6.93	G	-		
66	102	O	6.93	C	-		
66	103	O	6.93	C	-		
66	104	O	6.93	A	-		
66	105	O	6.93	G	-		
66	106	O	6.93	T	-		
66	107	O	6.93	C	-		
66	108	O	6.93	G	-		
66	109	O	6.93	T	-		
67	0	O	5.55	G	-		
67	1	O	5.55	C	-		
67	2	O	5.55	A	-		
67	3	O	5.55	A	-		
67	4	O	5.55	A	-		
67	5	O	5.55	C	-		
67	6	O	5.55	A	-		
67	7	O	5.55	A	-		
67	8	O	5.55	G	-		
67	9	O	5.55	A	-		
67	10	O	5.55	T	-		
67	11	O	5.55	T	-		
67	12	O	5.55	C	-		
67	13	O	5.55	G	-		
67	14	O	5.55	A	-		
67	15	O	5.55	A	-		
67	16	O	5.55	T	-		
67	17	O	5.55	C	-		
67	18	O	5.55	G	-		
67	19	O	5.55	A	-		
67	20	O	5.55	A	-		
67	21	O	5.55	G	-		
67	22	O	5.55	C	-		
67	23	O	5.55	T	-		
67	24	O	5.55	C	-		
67	25	O	5.55	C	-		
67	26	O	5.55	G	-		
67	27	O	5.55	T	-		
67	28	O	5.55	C	-		
67	29	O	5.55	G	-		
67	30	O	5.55	G	-		
67	31	O	5.55	A	-		
67	32	O	5.55	C	-		
67	33	O	5.55	A	-		
67	34	O	5.55	A	-		
67	35	O	5.55	C	-		
67	36	O	5.55	T	-		
67	37	O	5.55	A	-		
67	38	O	5.55	C	-		
67	39	O	5.55	C	-		
67	40	O	5.55	A	-		
67	41	O	5.55	G	-		
67	42	O	5.55	T	-		
67	43	O	5.55	C	-		
67	44	O	5.55	C	-		
67	45	O	5.55	G	-		
67	46	O	5.55	T	-		
67	47	O	5.55	G	-		
67	48	O	5.55	T	-		
67	49	O	5.55	T	-		
67	50	O	5.55	G	-		
67	51	O	5.55	A	-		
67	52	O	5.55	G	-		
67	53	O	5.55	A	-		
67	54	O	5.55	A	-		
67	55	O	5.55	T	-		
67	56	O	5.55	C	-		
67	57	O	5.55	T	-		
67	58	O	5.55	T	-		
67	59	O	5.55	C	-		
67	60	O	5.55	G	-		
67	61	O	5.55	A	-		
67	62	O	5.55	T	-		
67	63	O	5.55	C	-		
67	64	O	5.55	T	-		
67	65	O	5.55	G	-		
67	66	O	5.55	A	-		
67	67	O	5.55	A	-		
67	68	O	5.55	G	-		
67	69	O	5.55	C	-		
67	70	O	5.55	C	-		
67	71	O	5.55	A	-		
67	72	O	5.55	G	-		
67	73	O	5.55	C	-		
67	74	O	5.55	C	-		
67	75	O	5.55	G	-		
67	76	O	5.55	A	-		
67	77	O	5.55	C	-		
67	78	O	5.55	T	-		
67	79	O	5.55	C	-		
67	80	O	5.55	T	-		
67	81	O	5.55	G	-		
67	82	O	5.55	C	-		
67	83	O	5.55	A	-		
67	84	O	5.55	T	-		
67	85	O	5.55	T	-		
67	86	O	5.55	G	-		
67	87	O	5.55	T	-		
67	88	O	5.55	A	-		
67	89	O	5.55	C	-		
67	90	O	5.55	A	-		
67	91	O	5.55	C	-		
67	92	O	5.55	A	-		
67	93	O	5.55	T	-		
67	94	O	5.55	G	-		
67	95	O	5.55	T	-		
67	96	O	5.55	G	-		
67	97	O	5.55	T	-		
67	98	O	5.55	C	-		
67	99	O	5.55	G	-		
67	100	O	5.55	C	-		
67	101	O	5.55	C	-		
67	102	O	5.55	C	-		
67	103	O	5.55	G	-		
67	104	O	5.55	G	-		
67	105	O	5.55	A	-		
67	106	O	5.55	A	-		
67	107	O	5.55	C	-		
67	108	O	5.55	A	-		
67	109	O	5.55	G	-		
68	0	O	16.64	T	-		
68	1	O	16.64	C	-		
68	2	O	16.64	C	-		
68	3	O	16.64	A	-		
68	4	O	16.64	C	-		
68	5	O	16.64	T	-		
68	6	O	16.64	A	-		
68	7	O	16.64	C	-		
68	8	O	16.64	G	-		
68	9	O	16.64	A	-		
68	10	O	16.64	C	-		
68	11	O	16.64	A	-		
68	12	O	16.64	G	-		
68	13	O	16.64	C	-		
68	14	O	16.64	C	-		
68	15	O	16.64	G	-		
68	16	O	16.64	C	-		
68	17	O	16.64	G	-		
68	18	O	16.64	T	-		
68	19	O	16.64	G	-		
68	20	O	16.64	C	-		
68	21	O	16.64	T	-		
68	22	O	16.64	G	-		
68	23	O	16.64	C	-		
68	24	O	16.64	C	-		
68	25	O	16.64	G	-		
68	26	O	16.64	C	-		
68	27	O	16.64	A	-		
68	28	O	16.64	A	-		
68	29	O	16.64	G	-		
68	30	O	16.64	G	-		
68	31	O	16.64	C	-		
68	32	O	16.64	A	-		
68	33	O	16.64	G	-		
68	34	O	16.64	G	-		
68	35	O	16.64	C	-		
68	36	O	16.64	T	-		
68	37	O	16.64	G	-		
68	38	O	16.64	C	-		
68	39	O	16.64	T	-		
68	40	O	16.64	G	-		
68	41	O	16.64	C	-		
68	42	O	16.64	A	-		
68	43	O	16.64	G	-		
68	44	O	16.64	G	-		
68	45	O	16.64	C	-		
68	46	O	16.64	C	-		
68	47	O	16.64	C	-		
68	48	O	16.64	T	-		
68	49	O	16.64	G	-		
68	50	O	16.64	A	-		
68	51	O	16.64	C	-		
68	52	O	16.64	G	-		
68	53	O	16.64	G	-		
68	54	O	16.64	G	-		
68	55	O	16.64	C	-		
68	56	O	16.64	G	-		
68	57	O	16.64	C	-		
68	58	O	16.64	C	-		
68	59	O	16.64	G	-		
68	60	O	16.64	A	-		
68	61	O	16.64	G	-		
68	62	O	16.64	G	-		
68	63	O	16.64	A	-		
68	64	O	16.64	C	-		
68	65	O	16.64	C	-		
68	66	O	16.64	G	-		
68	67	O	16.64	G	-		
68	68	O	16.64	C	-		
68	69	O	16.64	T	-		
68	70	O	16.64	G	-		
68	71	O	16.64	G	-		
68	72	O	16.64	G	-		
68	73	O	16.64	C	-		
68	74	O	16.64	G	-		
68	75	O	16.64	G	-		
68	76	O	16.64	G	-		
68	77	O	16.64	C	-		
68	78	O	16.64	T	-		
68	79	O	16.64	G	-		
68	80	O	16.64	G	-		
68	81	O	16.64	A	-		
68	82	O	16.64	C	-		
68	83	O	16.64	G	-		
68	84	O	16.64	A	-		
68	85	O	16.64	C	-		
68	86	O	16.64	T	-		
68	87	O	16.64	T	-		
68	88	O	16.64	C	-		
68	89	O	16.64	G	-		
68	90	O	16.64	A	-		
68	91	O	16.64	G	-		
68	92	O	16.64	A	-		
68	93	O	16.64	T	-		
68	94	O	16.64	T	-		
68	95	O	16.64	C	-		
68	96	O	16.64	C	-		
68	97	O	16.64	G	-		
68	98	O	16.64	T	-		
68	99	O	16.64	C	-		
68	100	O	16.64	G	-		
68	101	O	16.64	C	-		
68	102	O	16.64	G	-		
68	103	O	16.64	C	-		
68	104	O	7.55	A	-		
68	105	O	16.64	C	-		
68	106	O	16.64	G	-		
68	107	O	16.64	G	-		
68	108	O	16.64	T	-		
68	109	O	16.64	G	-		
69	0	O	5.55	A	-		
69	1	O	5.55	G	-		
69	2	O	5.55	C	-		
69	3	O	5.55	C	-		
69	4	O	5.55	C	-		
69	5	O	5.55	T	-		
69	6	O	5.55	C	-		
69	7	O	5.55	G	-		
69	8	O	5.55	T	-		
69	9	O	5.55	G	-		
69	10	O	5.55	G	-		
69	11	O	5.55	G	-		
69	12	O	5.55	G	-		
69	13	O	5.55	T	-		
69	14	O	5.55	C	-		
69	15	O	5.55	T	-		
69	16	O	5.55	G	-		
69	17	O	5.55	C	-		
69	18	O	5.55	A	-		
69	19	O	5.55	G	-		
69	20	O	5.55	G	-		
69	21	O	5.55	G	-		
69	22	O	5.55	T	-		
69	23	O	5.55	G	-		
69	24	O	5.55	T	-		
69	25	O	5.55	T	-		
69	26	O	5.55	G	-		
69	27	O	5.55	A	-		
69	28	O	5.55	C	-		
69	29	O	5.55	A	-		
69	30	O	5.55	T	-		
69	31	O	5.55	A	-		
69	32	O	5.55	C	-		
69	33	O	5.55	T	-		
69	34	O	5.55	T	-		
69	35	O	5.55	T	-		
69	36	O	5.55	G	-		
69	37	O	5.55	C	-		
69	38	O	5.55	G	-		
69	39	O	5.55	G	-		
69	40	O	5.55	A	-		
69	41	O	5.55	C	-		
69	42	O	5.55	C	-		
69	43	O	5.55	A	-		
69	44	O	5.55	A	-		
69	45	O	5.55	C	-		
69	46	O	5.55	C	-		
69	47	O	5.55	G	-		
69	48	O	5.55	A	-		
69	49	O	5.55	G	-		
69	50	O	5.55	C	-		
69	51	O	5.55	C	-		
69	52	O	5.55	G	-		
69	53	O	5.55	A	-		
69	54	O	5.55	A	-		
69	55	O	5.55	C	-		
69	56	O	5.55	A	-		
69	57	O	5.55	G	-		
69	58	O	5.55	G	-		
69	59	O	5.55	T	-		
69	60	O	5.55	C	-		
69	61	O	5.55	G	-		
69	62	O	5.55	C	-		
69	63	O	5.55	T	-		
69	64	O	5.55	T	-		
69	65	O	5.55	T	-		
69	66	O	5.55	C	-		
69	67	O	5.55	G	-		
69	68	O	5.55	C	-		
69	69	O	5.55	T	-		
69	70	O	5.55	G	-		
69	71	O	5.55	C	-		
69	72	O	5.55	C	-		
69	73	O	5.55	G	-		
69	74	O	5.55	C	-		
69	75	O	5.55	T	-		
69	76	O	5.55	C	-		
69	77	O	5.55	T	-		
69	78	O	5.55	C	-		
69	79	O	5.55	T	-		
69	80	O	5.55	G	-		
69	81	O	5.55	C	-		
69	82	O	5.55	C	-		
69	83	O	5.55	T	-		
69	84	O	5.55	G	-		
69	85	O	5.55	C	-		
69	86	O	5.55	T	-		
69	87	O	5.55	C	-		
69	88	O	5.55	G	-		
69	89	O	5.55	C	-		
69	90	O	5.55	T	-		
69	91	O	5.55	G	-		
69	92	O	5.55	G	-		
69	93	O	5.55	C	-		
69	94	O	5.55	T	-		
69	95	O	5.55	G	-		
69	96	O	5.55	C	-		
69	97	O	5.55	A	-		
69	98	O	5.55	T	-		
69	99	O	5.55	G	-		
69	100	O	5.55	T	-		
69	101	O	5.55	T	-		
69	102	O	5.55	G	-		
69	103	O	5.55	A	-		
69	104	O	5.55	G	-		
69	105	O	5.55	G	-		
69	106	O	5.55	G	-		
69	107	O	5.55	C	-		
69	108	O	5.55	G	-		
69	109	O	5.55	C	-		
70	0	O	12.48	C	-		
70	1	O	12.48	G	-		
70	2	O	12.48	C	-		
70	3	O	12.48	A	-		
70	4	O	12.48	C	-		
70	5	O	12.48	G	-		
70	6	O	12.48	C	-		
70	7	O	12.48	G	-		
70	8	O	12.48	A	-		
70	9	O	12.48	G	-		
70	10	O	12.48	C	-		
70	11	O	12.48	G	-		
70	12	O	12.48	T	-		
70	13	O	12.48	C	-		
70	14	O	12.48	C	-		
70	15	O	12.48	G	-		
70	16	O	12.48	A	-		
70	17	O	12.48	G	-		
70	18	O	12.48	C	-		
70	19	O	12.48	C	-		
70	20	O	12.48	C	-		
70	21	O	12.48	A	-		
70	22	O	12.48	G	-		
70	23	O	12.48	T	-		
70	24	O	12.48	G	-		
70	25	O	12.48	G	-		
70	26	O	12.48	G	-		
70	27	O	12.48	C	-		
70	28	O	12.48	A	-		
70	29	O	12.48	G	-		
70	30	O	12.48	T	-		
70	31	O	12.48	T	-		
70	32	O	12.48	G	-		
70	33	O	12.48	C	-		
70	34	O	12.48	G	-		
70	35	O	12.48	T	-		
70	36	O	12.48	G	-		
70	37	O	12.48	G	-		
70	38	O	12.48	A	-		
70	39	O	12.48	G	-		
70	40	O	12.48	C	-		
70	41	O	12.48	T	-		
70	42	O	12.48	C	-		
70	43	O	12.48	G	-		
70	44	O	12.48	C	-		
70	45	O	12.48	G	-		
70	46	O	12.48	G	-		
70	47	O	12.48	G	-		
70	48	O	12.48	C	-		
70	49	O	12.48	C	-		
70	50	O	12.48	G	-		
70	51	O	12.48	C	-		
70	52	O	12.48	G	-		
70	53	O	12.48	C	-		
70	54	O	12.48	A	-		
70	55	O	12.48	A	-		
70	56	O	12.48	G	-		
70	57	O	12.48	T	-		
70	58	O	12.48	C	-		
70	59	O	12.48	A	-		
70	60	O	12.48	C	-		
70	61	O	12.48	C	-		
70	62	O	12.48	T	-		
70	63	O	12.48	T	-		
70	64	O	12.48	G	-		
70	65	O	12.48	T	-		
70	66	O	12.48	G	-		
70	67	O	12.48	G	-		
70	68	O	12.48	G	-		
70	69	O	12.48	A	-		
70	70	O	12.48	G	-		
70	71	O	12.48	A	-		
70	72	O	12.48	A	-		
70	73	O	12.48	G	-		
70	74	O	12.48	A	-		
70	75	O	12.48	C	-		
70	76	O	12.48	G	-		
70	77	O	12.48	G	-		
70	78	O	12.48	A	-		
70	79	O	12.48	T	-		
70	80	O	12.48	G	-		
70	81	O	12.48	C	-		
70	82	O	12.48	A	-		
70	83	O	12.48	G	-		
70	84	O	12.48	C	-		
70	85	O	12.48	T	-		
70	86	O	12.48	C	-		
70	87	O	12.48	T	-		
70	88	O	12.48	C	-		
70	89	O	12.48	G	-		
70	90	O	12.48	C	-		
70	91	O	12.48	G	-		
70	92	O	12.48	T	-		
70	93	O	12.48	G	-		
70	94	O	12.48	A	-		
70	95	O	12.48	C	-		
70	96	O	12.48	T	-		
70	97	O	12.48	G	-		
70	98	O	12.48	C	-		
70	99	O	12.48	A	-		
70	100	O	12.48	C	-		
70	101	O	12.48	C	-		
70	102	O	12.48	T	-		
70	103	O	12.48	A	-		
70	104	O	12.48	G	-		
70	105	O	12.48	A	-		
70	106	O	12.48	T	-		
70	107	O	12.48	G	-		
70	108	O	12.48	G	-		
70	109	O	12.48	T	-		
71	0	O	13.86	C	-		
71	1	O	13.86	T	-		
71	2	O	13.86	C	-		
71	3	O	13.86	A	-		
71	4	O	13.86	T	-		
71	5	O	13.86	G	-		
71	6	O	13.86	G	-		
71	7	O	13.86	A	-		
71	8	O	13.86	C	-		
71	9	O	13.86	G	-		
71	10	O	13.86	T	-		
71	11	O	13.86	G	-		
71	12	O	13.86	A	-		
71	13	O	13.86	T	-		
71	14	O	13.86	T	-		
71	15	O	13.86	G	-		
71	16	O	13.86	T	-		
71	17	O	13.86	T	-		
71	18	O	13.86	T	-		
71	19	O	13.86	T	-		
71	20	O	13.86	G	-		
71	21	O	13.86	G	-		
71	22	O	13.86	A	-		
71	23	O	13.86	A	-		
71	24	O	13.86	G	-		
71	25	O	13.86	T	-		
71	26	O	13.86	C	-		
71	27	O	13.86	C	-		
71	28	O	13.86	A	-		
71	29	O	13.86	T	-		
71	30	O	13.86	G	-		
71	31	O	13.86	C	-		
71	32	O	13.86	G	-		
71	33	O	13.86	A	-		
71	34	O	13.86	C	-		
71	35	O	13.86	A	-		
71	36	O	13.86	C	-		
71	37	O	13.86	G	-		
71	38	O	13.86	A	-		
71	39	O	13.86	G	-		
71	40	O	13.86	G	-		
71	41	O	13.86	A	-		
71	42	O	13.86	T	-		
71	43	O	13.86	C	-		
71	44	O	13.86	T	-		
71	45	O	13.86	A	-		
71	46	O	13.86	G	-		
71	47	O	13.86	A	-		
71	48	O	13.86	C	-		
71	49	O	13.86	G	-		
71	50	O	13.86	A	-		
71	51	O	13.86	A	-		
71	52	O	13.86	A	-		
71	53	O	13.86	A	-		
71	54	O	13.86	T	-		
71	55	O	13.86	C	-		
71	56	O	13.86	A	-		
71	57	O	13.86	A	-		
71	58	O	13.86	C	-		
71	59	O	13.86	C	-		
71	60	O	13.86	A	-		
71	61	O	13.86	T	-		
71	62	O	13.86	C	-		
71	63	O	13.86	T	-		
71	64	O	13.86	T	-		
71	65	O	13.86	T	-		
71	66	O	13.86	T	-		
71	67	O	13.86	T	-		
71	68	O	13.86	A	-		
71	69	O	13.86	T	-		
71	70	O	13.86	C	-		
71	71	O	13.86	G	-		
71	72	O	13.86	T	-		
71	73	O	13.86	T	-		
71	74	O	13.86	G	-		
71	75	O	13.86	A	-		
71	76	O	13.86	A	-		
71	77	O	13.86	C	-		
71	78	O	13.86	A	-		
71	79	O	13.86	T	-		
71	80	O	13.86	C	-		
71	81	O	13.86	C	-		
71	82	O	13.86	T	-		
71	83	O	13.86	A	-		
71	84	O	13.86	G	-		
71	85	O	13.86	T	-		
71	86	O	13.86	G	-		
71	87	O	13.86	G	-		
71	88	O	13.86	A	-		
71	89	O	13.86	T	-		
71	90	O	13.86	C	-		
71	91	O	13.86	C	-		
71	92	O	13.86	A	-		
71	93	O	13.86	C	-		
71	94	O	13.86	C	-		
71	95	O	13.86	T	-		
71	96	O	13.86	G	-		
71	97	O	13.86	A	-		
71	98	O	13.86	A	-		
71	99	O	13.86	T	-		
71	100	O	13.86	C	-		
71	101	O	13.86	C	-		
71	102	O	13.86	T	-		
71	103	O	13.86	C	-		
71	104	O	13.86	T	-		
71	105	O	13.86	C	-		
71	106	O	13.86	T	-		
71	107	O	13.86	A	-		
71	108	O	13.86	A	-		
71	109	O	13.86	A	-		
72	0	O	5.55	T	-		
72	1	O	5.55	G	-		
72	2	O	5.55	T	-		
72	3	O	5.55	C	-		
72	4	O	5.55	C	-		
72	5	O	5.55	A	-		
72	6	O	5.55	G	-		
72	7	O	5.55	C	-		
72	8	O	5.55	T	-		
72	9	O	5.55	T	-		
72	10	O	5.55	C	-		
72	11	O	5.55	A	-		
72	12	O	5.55	G	-		
72	13	O	5.55	C	-		
72	14	O	5.55	T	-		
72	15	O	5.55	A	-		
72	16	O	5.55	C	-		
72	17	O	5.55	G	-		
72	18	O	5.55	T	-		
72	19	O	5.55	T	-		
72	20	O	5.55	A	-		
72	21	O	5.55	C	-		
72	22	O	5.55	T	-		
72	23	O	5.55	T	-		
72	24	O	5.55	G	-		
72	25	O	5.55	G	-		
72	26	O	5.55	A	-		
72	27	O	5.55	T	-		
72	28	O	5.55	A	-		
72	29	O	5.55	T	-		
72	30	O	5.55	A	-		
72	31	O	5.55	A	-		
72	32	O	5.55	T	-		
72	33	O	5.55	T	-		
72	34	O	5.55	G	-		
72	35	O	5.55	A	-		
72	36	O	5.55	A	-		
72	37	O	5.55	A	-		
72	38	O	5.55	A	-		
72	39	O	5.55	G	-		
72	40	O	5.55	A	-		
72	41	O	5.55	A	-		
72	42	O	5.55	A	-		
72	43	O	5.55	T	-		
72	44	O	5.55	G	-		
72	45	O	5.55	T	-		
72	46	O	5.55	C	-		
72	47	O	5.55	C	-		
72	48	O	5.55	A	-		
72	49	O	5.55	T	-		
72	50	O	5.55	T	-		
72	51	O	5.55	T	-		
72	52	O	5.55	G	-		
72	53	O	5.55	T	-		
72	54	O	5.55	A	-		
72	55	O	5.55	T	-		
72	56	O	5.55	A	-		
72	57	O	5.55	T	-		
72	58	O	5.55	G	-		
72	59	O	5.55	T	-		
72	60	O	5.55	C	-		
72	61	O	5.55	C	-		
72	62	O	5.55	T	-		
72	63	O	5.55	G	-		
72	64	O	5.55	A	-		
72	65	O	5.55	T	-		
72	66	O	5.55	A	-		
72	67	O	5.55	A	-		
72	68	O	5.55	G	-		
72	69	O	5.55	T	-		
72	70	O	5.55	T	-		
72	71	O	5.55	G	-		
72	72	O	5.55	T	-		
72	73	O	5.55	T	-		
72	74	O	5.55	C	-		
72	75	O	5.55	T	-		
72	76	O	5.55	G	-		
72	77	O	5.55	C	-		
72	78	O	5.55	G	-		
72	79	O	5.55	T	-		
72	80	O	5.55	G	-		
72	81	O	5.55	T	-		
72	82	O	5.55	C	-		
72	83	O	5.55	A	-		
72	84	O	5.55	G	-		
72	85	O	5.55	A	-		
72	86	O	5.55	T	-		
72	87	O	5.55	G	-		
72	88	O	5.55	G	-		
72	89	O	5.55	G	-		
72	90	O	5.55	C	-		
72	91	O	5.55	T	-		
72	92	O	5.55	T	-		
72	93	O	5.55	T	-		
72	94	O	5.55	G	-		
72	95	O	5.55	C	-		
72	96	O	5.55	T	-		
72	97	O	5.55	G	-		
72	98	O	5.55	A	-		
72	99	O	5.55	G	-		
72	100	O	5.55	T	-		
72	101	O	5.55	A	-		
72	102	O	5.55	G	-		
72	103	O	5.55	T	-		
72	104	O	5.55	T	-		
72	105	O	5.55	C	-		
72	106	O	5.55	T	-		
72	107	O	5.55	T	-		
72	108	O	5.55	C	-		
72	109	O	5.55	G	-		
73	0	O	6.93	G	-		
73	1	O	6.93	C	-		
73	2	O	6.93	A	-		
73	3	O	6.93	C	-		
73	4	O	6.93	T	-		
73	5	O	6.93	C	-		
73	6	O	6.93	A	-		
73	7	O	6.93	C	-		
73	8	O	6.93	G	-		
73	9	O	6.93	A	-		
73	10	O	6.93	T	-		
73	11	O	6.93	C	-		
73	12	O	6.93	A	-		
73	13	O	6.93	C	-		
73	14	O	6.93	G	-		
73	15	O	6.93	T	-		
73	16	O	6.93	C	-		
73	17	O	6.93	C	-		
73	18	O	6.93	A	-		
73	19	O	6.93	T	-		
73	20	O	6.93	C	-		
73	21	O	6.93	A	-		
73	22	O	6.93	A	-		
73	23	O	6.93	C	-		
73	24	O	6.93	G	-		
73	25	O	6.93	G	-		
73	26	O	6.93	C	-		
73	27	O	6.93	G	-		
73	28	O	6.93	A	-		
73	29	O	6.93	G	-		
73	30	O	6.93	T	-		
73	31	O	6.93	T	-		
73	32	O	6.93	G	-		
73	33	O	6.93	A	-		
73	34	O	6.93	C	-		
73	35	O	6.93	C	-		
73	36	O	6.93	A	-		
73	37	O	6.93	C	-		
73	38	O	6.93	G	-		
73	39	O	6.93	T	-		
73	40	O	6.93	C	-		
73	41	O	6.93	A	-		
73	42	O	6.93	T	-		
73	43	O	6.93	T	-		
73	44	O	6.93	A	-		
73	45	O	6.93	A	-		
73	46	O	6.93	C	-		
73	47	O	6.93	C	-		
73	48	O	6.93	T	-		
73	49	O	6.93	G	-		
73	50	O	6.93	A	-		
73	51	O	6.93	A	-		
73	52	O	6.93	C	-		
73	53	O	6.93	T	-		
73	54	O	6.93	T	-		
73	55	O	6.93	C	-		
73	56	O	6.93	C	-		
73	57	O	6.93	G	-		
73	58	O	6.93	C	-		
73	59	O	6.93	A	-		
73	60	O	6.93	A	-		
73	61	O	6.93	C	-		
73	62	O	6.93	C	-		
73	63	O	6.93	C	-		
73	64	O	6.93	A	-		
73	65	O	6.93	A	-		
73	66	O	6.93	G	-		
73	67	O	6.93	A	-		
73	68	O	6.93	T	-		
73	69	O	6.93	G	-		
73	70	O	6.93	T	-		
73	71	O	6.93	G	-		
73	72	O	6.93	A	-		
73	73	O	6.93	T	-		
73	74	O	6.93	G	-		
73	75	O	6.93	C	-		
73	76	O	6.93	A	-		
73	77	O	6.93	C	-		
73	78	O	6.93	G	-		
73	79	O	6.93	A	-		
73	80	O	6.93	C	-		
73	81	O	6.93	A	-		
73	82	O	6.93	T	-		
73	83	O	6.93	C	-		
73	84	O	6.93	A	-		
73	85	O	6.93	G	-		
73	86	O	6.93	C	-		
73	87	O	6.93	A	-		
73	88	O	6.93	G	-		
73	89	O	6.93	C	-		
73	90	O	6.93	G	-		
73	91	O	6.93	G	-		
73	92	O	6.93	G	-		
73	93	O	6.93	T	-		
73	94	O	6.93	C	-		
73	95	O	6.93	T	-		
73	96	O	6.93	T	-		
73	97	O	6.93	T	-		
73	98	O	6.93	T	-		
73	99	O	6.93	G	-		
73	100	O	6.93	A	-		
73	101	O	6.93	C	-		
73	102	O	6.93	G	-		
73	103	O	6.93	C	-		
73	104	O	6.93	A	-		
73	105	O	6.93	G	-		
73	106	O	6.93	C	-		
73	107	O	6.93	C	-		
73	108	O	6.93	T	-		
73	109	O	6.93	C	-		
74	0	O	8.32	A	-		
74	1	O	8.32	A	-		
74	2	O	8.32	T	-		
74	3	O	8.32	T	-		
74	4	O	8.32	T	-		
74	5	O	8.32	T	-		
74	6	O	8.32	C	-		
74	7	O	8.32	A	-		
74	8	O	8.32	G	-		
74	9	O	8.32	A	-		
74	10	O	8.32	A	-		
74	11	O	8.32	A	-		
74	12	O	8.32	T	-		
74	13	O	8.32	A	-		
74	14	O	8.32	A	-		
74	15	O	8.32	T	-		
74	16	O	8.32	T	-		
74	17	O	8.32	A	-		
74	18	O	8.32	A	-		
74	19	O	8.32	G	-		
74	20	O	8.32	T	-		
74	21	O	8.32	T	-		
74	22	O	8.32	G	-		
74	23	O	8.32	A	-		
74	24	O	8.32	G	-		
74	25	O	8.32	A	-		
74	26	O	8.32	T	-		
74	27	O	8.32	G	-		
74	28	O	8.32	T	-		
74	29	O	8.32	C	-		
74	30	O	8.32	C	-		
74	31	O	8.32	G	-		
74	32	O	8.32	T	-		
74	33	O	8.32	C	-		
74	34	O	8.32	T	-		
74	35	O	8.32	T	-		
74	36	O	8.32	A	-		
74	37	O	8.32	G	-		
74	38	O	8.32	A	-		
74	39	O	8.32	T	-		
74	40	O	8.32	C	-		
74	41	O	8.32	A	-		
74	42	O	8.32	G	-		
74	43	O	8.32	T	-		
74	44	O	8.32	A	-		
74	45	O	8.32	T	-		
74	46	O	8.32	A	-		
74	47	O	8.32	A	-		
74	48	O	8.32	A	-		
74	49	O	8.32	C	-		
74	50	O	8.32	A	-		
74	51	O	8.32	G	-		
74	52	O	8.32	T	-		
74	53	O	8.32	T	-		
74	54	O	8.32	T	-		
74	55	O	8.32	T	-		
74	56	O	8.32	A	-		
74	57	O	8.32	G	-		
74	58	O	8.32	G	-		
74	59	O	8.32	A	-		
74	60	O	8.32	C	-		
74	61	O	8.32	T	-		
74	62	O	8.32	G	-		
74	63	O	8.32	T	-		
74	64	O	8.32	T	-		
74	65	O	8.32	G	-		
74	66	O	8.32	T	-		
74	67	O	8.32	T	-		
74	68	O	8.32	A	-		
74	69	O	8.32	T	-		
74	70	O	8.32	T	-		
74	71	O	8.32	T	-		
74	72	O	8.32	G	-		
74	73	O	8.32	C	-		
74	74	O	8.32	A	-		
74	75	O	8.32	G	-		
74	76	O	8.32	G	-		
74	77	O	8.32	C	-		
74	78	O	8.32	A	-		
74	79	O	8.32	T	-		
74	80	O	8.32	T	-		
74	81	O	8.32	T	-		
74	82	O	8.32	G	-		
74	83	O	8.32	A	-		
74	84	O	8.32	G	-		
74	85	O	8.32	C	-		
74	86	O	8.32	C	-		
74	87	O	8.32	C	-		
74	88	O	8.32	C	-		
74	89	O	8.32	C	-		
74	90	O	8.32	G	-		
74	91	O	8.32	C	-		
74	92	O	8.32	T	-		
74	93	O	8.32	T	-		
74	94	O	8.32	G	-		
74	95	O	8.32	A	-		
74	96	O	8.32	T	-		
74	97	O	8.32	A	-		
74	98	O	8.32	T	-		
74	99	O	8.32	G	-		
74	100	O	8.32	A	-		
74	101	O	8.32	G	-		
74	102	O	8.32	C	-		
74	103	O	8.32	C	-		
74	104	O	8.32	A	-		
74	105	O	8.32	G	-		
74	106	O	8.32	G	-		
74	107	O	8.32	A	-		
74	108	O	8.32	C	-		
74	109	O	8.32	A	-		
75	0	O	6.93	A	-		
75	1	O	6.93	G	-		
75	2	O	6.93	C	-		
75	3	O	6.93	C	-		
75	4	O	6.93	A	-		
75	5	O	6.93	C	-		
75	6	O	6.93	G	-		
75	7	O	6.93	T	-		
75	8	O	6.93	G	-		
75	9	O	6.93	T	-		
75	10	O	6.93	C	-		
75	11	O	6.93	G	-		
75	12	O	6.93	A	-		
75	13	O	6.93	C	-		
75	14	O	6.93	G	-		
75	15	O	6.93	A	-		
75	16	O	6.93	T	-		
75	17	O	6.93	A	-		
75	18	O	6.93	A	-		
75	19	O	6.93	G	-		
75	20	O	6.93	C	-		
75	21	O	6.93	C	-		
75	22	O	6.93	C	-		
75	23	O	6.93	G	-		
75	24	O	6.93	T	-		
75	25	O	6.93	C	-		
75	26	O	6.93	C	-		
75	27	O	6.93	A	-		
75	28	O	6.93	A	-		
75	29	O	6.93	G	-		
75	30	O	6.93	T	-		
75	31	O	6.93	A	-		
75	32	O	6.93	C	-		
75	33	O	6.93	G	-		
75	34	O	6.93	G	-		
75	35	O	6.93	T	-		
75	36	O	6.93	A	-		
75	37	O	6.93	C	-		
75	38	O	6.93	T	-		
75	39	O	6.93	A	-		
75	40	O	6.93	T	-		
75	41	O	6.93	G	-		
75	42	O	6.93	T	-		
75	43	O	6.93	A	-		
75	44	O	6.93	T	-		
75	45	O	6.93	C	-		
75	46	O	6.93	C	-		
75	47	O	6.93	G	-		
75	48	O	6.93	C	-		
75	49	O	6.93	C	-		
75	50	O	6.93	T	-		
75	51	O	6.93	A	-		
75	52	O	6.93	C	-		
75	53	O	6.93	C	-		
75	54	O	6.93	G	-		
75	55	O	6.93	C	-		
75	56	O	6.93	A	-		
75	57	O	6.93	G	-		
75	58	O	6.93	C	-		
75	59	O	6.93	C	-		
75	60	O	6.93	C	-		
75	61	O	6.93	C	-		
75	62	O	6.93	A	-		
75	63	O	6.93	A	-		
75	64	O	6.93	G	-		
75	65	O	6.93	A	-		
75	66	O	6.93	T	-		
75	67	O	6.93	A	-		
75	68	O	6.93	C	-		
75	69	O	6.93	C	-		
75	70	O	6.93	A	-		
75	71	O	6.93	C	-		
75	72	O	6.93	T	-		
75	73	O	6.93	C	-		
75	74	O	6.93	G	-		
75	75	O	6.93	T	-		
75	76	O	6.93	A	-		
75	77	O	6.93	A	-		
75	78	O	6.93	G	-		
75	79	O	6.93	G	-		
75	80	O	6.93	G	-		
75	81	O	6.93	T	-		
75	82	O	6.93	T	-		
75	83	O	6.93	G	-		
75	84	O	6.93	A	-		
75	85	O	6.93	T	-		
75	86	O	6.93	A	-		
75	87	O	6.93	T	-		
75	88	O	6.93	C	-		
75	89	O	6.93	G	-		
75	90	O	6.93	C	-		
75	91	O	6.93	G	-		
75	92	O	6.93	C	-		
75	93	O	6.93	G	-		
75	94	O	6.93	A	-		
75	95	O	6.93	G	-		
75	96	O	6.93	C	-		
75	97	O	6.93	T	-		
75	98	O	6.93	C	-		
75	99	O	6.93	C	-		
75	100	O	6.93	C	-		
75	101	O	6.93	T	-		
75	102	O	6.93	T	-		
75	103	O	6.93	C	-		
75	104	O	6.93	C	-		
75	105	O	6.93	A	-		
75	106	O	6.93	A	-		
75	107	O	6.93	G	-		
75	108	O	6.93	C	-		
75	109	O	6.93	T	-		
76	0	O	15.25	G	-		
76	1	O	15.25	A	-		
76	2	O	15.25	T	-		
76	3	O	15.25	A	-		
76	4	O	15.25	C	-		
76	5	O	15.25	G	-		
76	6	O	15.25	A	-		
76	7	O	15.25	C	-		
76	8	O	15.25	C	-		
76	9	O	15.25	T	-		
76	10	O	15.25	G	-		
76	11	O	15.25	T	-		
76	12	O	15.25	T	-		
76	13	O	15.25	C	-		
76	14	O	15.25	A	-		
76	15	O	15.25	C	-		
76	16	O	15.25	C	-		
76	17	O	15.25	C	-		
76	18	O	15.25	A	-		
76	19	O	15.25	A	-		
76	20	O	15.25	C	-		
76	21	O	15.25	T	-		
76	22	O	15.25	C	-		
76	23	O	15.25	T	-		
76	24	O	15.25	T	-		
76	25	O	15.25	C	-		
76	26	O	15.25	C	-		
76	27	O	15.25	C	-		
76	28	O	15.25	A	-		
76	29	O	15.25	C	-		
76	30	O	15.25	A	-		
76	31	O	15.25	A	-		
76	32	O	15.25	A	-		
76	33	O	15.25	T	-		
76	34	O	15.25	C	-		
76	35	O	15.25	T	-		
76	36	O	15.25	T	-		
76	37	O	15.25	G	-		
76	38	O	15.25	C	-		
76	39	O	15.25	C	-		
76	40	O	15.25	C	-		
76	41	O	15.25	T	-		
76	42	O	15.25	A	-		
76	43	O	15.25	C	-		
76	44	O	15.25	G	-		
76	45	O	15.25	G	-		
76	46	O	15.25	C	-		
76	47	O	15.25	G	-		
76	48	O	15.25	C	-		
76	49	O	15.25	C	-		
76	50	O	15.25	A	-		
76	51	O	15.25	A	-		
76	52	O	15.25	C	-		
76	53	O	15.25	C	-		
76	54	O	15.25	G	-		
76	55	O	15.25	G	-		
76	56	O	15.25	T	-		
76	57	O	15.25	T	-		
76	58	O	15.25	C	-		
76	59	O	15.25	C	-		
76	60	O	15.25	G	-		
76	61	O	15.25	C	-		
76	62	O	15.25	G	-		
76	63	O	15.25	C	-		
76	64	O	15.25	A	-		
76	65	O	15.25	C	-		
76	66	O	15.25	A	-		
76	67	O	15.25	T	-		
76	68	O	15.25	G	-		
76	69	O	15.25	A	-		
76	70	O	15.25	G	-		
76	71	O	15.25	G	-		
76	72	O	15.25	C	-		
76	73	O	15.25	G	-		
76	74	O	15.25	T	-		
76	75	O	15.25	T	-		
76	76	O	15.25	C	-		
76	77	O	15.25	G	-		
76	78	O	15.25	A	-		
76	79	O	15.25	T	-		
76	80	O	15.25	G	-		
76	81	O	15.25	T	-		
76	82	O	15.25	C	-		
76	83	O	15.25	A	-		
76	84	O	15.25	T	-		
76	85	O	15.25	C	-		
76	86	O	15.25	G	-		
76	87	O	15.25	G	-		
76	88	O	15.25	A	-		
76	89	O	15.25	C	-		
76	90	O	15.25	A	-		
76	91	O	15.25	G	-		
76	92	O	15.25	G	-		
76	93	O	15.25	A	-		
76	94	O	15.25	A	-		
76	95	O	15.25	G	-		
76	96	O	15.25	T	-		
76	97	O	15.25	C	-		
76	98	O	15.25	A	-		
76	99	O	15.25	G	-		
76	100	O	15.25	C	-		
76	101	O	15.25	G	-		
76	102	O	15.25	A	-		
76	103	O	15.25	G	-		
76	104	O	15.25	T	-		
76	105	O	15.25	T	-		
76	106	O	15.25	T	-		
76	107	O	15.25	T	-		
76	108	O	15.25	C	-		
76	109	O	15.25	G	-		
77	0	O	5.55	C	-		
77	1	O	5.55	G	-		
77	2	O	5.55	G	-		
77	3	O	5.55	G	-		
77	4	O	5.55	C	-		
77	5	O	5.55	G	-		
77	6	O	5.55	A	-		
77	7	O	5.55	C	-		
77	8	O	5.55	G	-		
77	9	O	5.55	A	-		
77	10	O	5.55	G	-		
77	11	O	5.55	T	-		
77	12	O	5.55	T	-		
77	13	O	5.55	T	-		
77	14	O	5.55	G	-		
77	15	O	5.55	C	-		
77	16	O	5.55	G	-		
77	17	O	5.55	C	-		
77	18	O	5.55	A	-		
77	19	O	5.55	T	-		
77	20	O	5.55	C	-		
77	21	O	5.55	A	-		
77	22	O	5.55	T	-		
77	23	O	5.55	C	-		
77	24	O	5.55	T	-		
77	25	O	5.55	C	-		
77	26	O	5.55	A	-		
77	27	O	5.55	C	-		
77	28	O	5.55	C	-		
77	29	O	5.55	A	-		
77	30	O	5.55	T	-		
77	31	O	5.55	C	-		
77	32	O	5.55	C	-		
77	33	O	5.55	A	-		
77	34	O	5.55	C	-		
77	35	O	5.55	C	-		
77	36	O	5.55	A	-		
77	37	O	5.55	C	-		
77	38	O	5.55	A	-		
77	39	O	5.55	C	-		
77	40	O	5.55	G	-		
77	41	O	5.55	A	-		
77	42	O	5.55	T	-		
77	43	O	5.55	C	-		
77	44	O	5.55	G	-		
77	45	O	5.55	A	-		
77	46	O	5.55	A	-		
77	47	O	5.55	G	-		
77	48	O	5.55	A	-		
77	49	O	5.55	G	-		
77	50	O	5.55	A	-		
77	51	O	5.55	A	-		
77	52	O	5.55	G	-		
77	53	O	5.55	C	-		
77	54	O	5.55	A	-		
77	55	O	5.55	C	-		
77	56	O	5.55	A	-		
77	57	O	5.55	T	-		
77	58	O	5.55	C	-		
77	59	O	5.55	T	-		
77	60	O	5.55	T	-		
77	61	O	5.55	C	-		
77	62	O	5.55	C	-		
77	63	O	5.55	C	-		
77	64	O	5.55	C	-		
77	65	O	5.55	A	-		
77	66	O	5.55	T	-		
77	67	O	5.55	C	-		
77	68	O	5.55	C	-		
77	69	O	5.55	T	-		
77	70	O	5.55	C	-		
77	71	O	5.55	G	-		
77	72	O	5.55	C	-		
77	73	O	5.55	G	-		
77	74	O	5.55	A	-		
77	75	O	5.55	A	-		
77	76	O	5.55	G	-		
77	77	O	5.55	A	-		
77	78	O	5.55	A	-		
77	79	O	5.55	A	-		
77	80	O	5.55	A	-		
77	81	O	5.55	T	-		
77	82	O	5.55	G	-		
77	83	O	5.55	C	-		
77	84	O	5.55	C	-		
77	85	O	5.55	C	-		
77	86	O	5.55	G	-		
77	87	O	5.55	C	-		
77	88	O	5.55	G	-		
77	89	O	5.55	T	-		
77	90	O	5.55	T	-		
77	91	O	5.55	C	-		
77	92	O	5.55	A	-		
77	93	O	5.55	G	-		
77	94	O	5.55	G	-		
77	95	O	5.55	A	-		
77	96	O	5.55	A	-		
77	97	O	5.55	A	-		
77	98	O	5.55	G	-		
77	99	O	5.55	A	-		
77	100	O	5.55	G	-		
77	101	O	5.55	C	-		
77	102	O	5.55	T	-		
77	103	O	5.55	C	-		
77	104	O	5.55	G	-		
77	105	O	5.55	A	-		
77	106	O	5.55	G	-		
77	107	O	5.55	C	-		
77	108	O	5.55	T	-		
77	109	O	5.55	C	-		
78	0	O	15.25	A	-		
78	1	O	15.25	G	-		
78	2	O	15.25	G	-		
78	3	O	15.25	G	-		
78	4	O	15.25	T	-		
78	5	O	15.25	T	-		
78	6	O	15.25	T	-		
78	7	O	15.25	T	-		
78	8	O	15.25	G	-		
78	9	O	15.25	A	-		
78	10	O	15.25	G	-		
78	11	O	15.25	G	-		
78	12	O	15.25	T	-		
78	13	O	15.25	C	-		
78	14	O	15.25	G	-		
78	15	O	15.25	T	-		
78	16	O	15.25	C	-		
78	17	O	15.25	T	-		
78	18	O	15.25	G	-		
78	19	O	15.25	G	-		
78	20	O	15.25	A	-		
78	21	O	15.25	T	-		
78	22	O	15.25	T	-		
78	23	O	15.25	T	-		
78	24	O	15.25	T	-		
78	25	O	15.25	T	-		
78	26	O	15.25	G	-		
78	27	O	15.25	T	-		
78	28	O	15.25	T	-		
78	29	O	15.25	C	-		
78	30	O	15.25	A	-		
78	31	O	15.25	A	-		
78	32	O	15.25	G	-		
78	33	O	15.25	G	-		
78	34	O	15.25	A	-		
78	35	O	15.25	C	-		
78	36	O	15.25	G	-		
78	37	O	15.25	A	-		
78	38	O	15.25	G	-		
78	39	O	15.25	T	-		
78	40	O	15.25	G	-		
78	41	O	15.25	G	-		
78	42	O	15.25	G	-		
78	43	O	15.25	C	-		
78	44	O	15.25	G	-		
78	45	O	15.25	G	-		
78	46	O	15.25	C	-		
78	47	O	15.25	A	-		
78	48	O	15.25	A	-		
78	49	O	15.25	T	-		
78	50	O	15.25	A	-		
78	51	O	15.25	A	-		
78	52	O	15.25	T	-		
78	53	O	15.25	G	-		
78	54	O	15.25	G	-		
78	55	O	15.25	A	-		
78	56	O	15.25	A	-		
78	57	O	15.25	G	-		
78	58	O	15.25	G	-		
78	59	O	15.25	T	-		
78	60	O	15.25	T	-		
78	61	O	15.25	T	-		
78	62	O	15.25	G	-		
78	63	O	15.25	G	-		
78	64	O	15.25	C	-		
78	65	O	15.25	C	-		
78	66	O	15.25	T	-		
78	67	O	15.25	T	-		
78	68	O	15.25	G	-		
78	69	O	15.25	G	-		
78	70	O	15.25	T	-		
78	71	O	15.25	G	-		
78	72	O	15.25	G	-		
78	73	O	15.25	A	-		
78	74	O	15.25	T	-		
78	75	O	15.25	G	-		
78	76	O	15.25	A	-		
78	77	O	15.25	A	-		
78	78	O	15.25	T	-		
78	79	O	15.25	G	-		
78	80	O	15.25	T	-		
78	81	O	15.25	G	-		
78	82	O	15.25	T	-		
78	83	O	15.25	G	-		
78	84	O	15.25	A	-		
78	85	O	15.25	A	-		
78	86	O	15.25	T	-		
78	87	O	15.25	T	-		
78	88	O	15.25	G	-		
78	89	O	15.25	T	-		
78	90	O	15.25	G	-		
78	91	O	15.25	A	-		
78	92	O	15.25	T	-		
78	93	O	15.25	A	-		
78	94	O	15.25	T	-		
78	95	O	15.25	G	-		
78	96	O	15.25	T	-		
78	97	O	15.25	T	-		
78	98	O	15.25	T	-		
78	99	O	15.25	T	-		
78	100	O	15.25	A	-		
78	101	O	15.25	T	-		
78	102	O	15.25	A	-		
78	103	O	15.25	C	-		
78	104	O	15.25	T	-		
78	105	O	15.25	T	-		
78	106	O	15.25	T	-		
78	107	O	15.25	G	-		
78	108	O	15.25	T	-		
78	109	O	15.25	T	-		
79	0	O	6.93	T	-		
79	1	O	6.93	T	-		
79	2	O	6.93	T	-		
79	3	O	6.93	A	-		
79	4	O	6.93	T	-		
79	5	O	6.93	G	-		
79	6	O	6.93	A	-		
79	7	O	6.93	T	-		
79	8	O	6.93	T	-		
79	9	O	6.93	T	-		
79	10	O	6.93	G	-		
79	11	O	6.93	A	-		
79	12	O	6.93	G	-		
79	13	O	6.93	A	-		
79	14	O	6.93	T	-		
79	15	O	6.93	G	-		
79	16	O	6.93	A	-		
79	17	O	6.93	G	-		
79	18	O	6.93	T	-		
79	19	O	6.93	A	-		
79	20	O	6.93	A	-		
79	21	O	6.93	G	-		
79	22	O	6.93	A	-		
79	23	O	6.93	T	-		
79	24	O	6.93	T	-		
79	25	O	6.93	A	-		
79	26	O	6.93	G	-		
79	27	O	6.93	A	-		
79	28	O	6.93	A	-		
79	29	O	6.93	T	-		
79	30	O	6.93	G	-		
79	31	O	6.93	G	-		
79	32	O	6.93	A	-		
79	33	O	6.93	A	-		
79	34	O	6.93	T	-		
79	35	O	6.93	A	-		
79	36	O	6.93	C	-		
79	37	O	6.93	A	-		
79	38	O	6.93	T	-		
79	39	O	6.93	C	-		
79	40	O	6.93	A	-		
79	41	O	6.93	T	-		
79	42	O	6.93	G	-		
79	43	O	6.93	C	-		
79	44	O	6.93	A	-		
79	45	O	6.93	A	-		
79	46	O	6.93	A	-		
79	47	O	6.93	T	-		
79	48	O	6.93	T	-		
79	49	O	6.93	A	-		
79	50	O	6.93	G	-		
79	51	O	6.93	G	-		
79	52	O	6.93	A	-		
79	53	O	6.93	A	-		
79	54	O	6.93	A	-		
79	55	O	6.93	C	-		
79	56	O	6.93	C	-		
79	57	O	6.93	C	-		
79	58	O	6.93	C	-		
79	59	O	6.93	G	-		
79	60	O	6.93	A	-		
79	61	O	6.93	A	-		
79	62	O	6.93	A	-		
79	63	O	6.93	T	-		
79	64	O	6.93	G	-		
79	65	O	6.93	A	-		
79	66	O	6.93	A	-		
79	67	O	6.93	A	-		
79	68	O	6.93	T	-		
79	69	O	6.93	G	-		
79	70	O	6.93	T	-		
79	71	O	6.93	G	-		
79	72	O	6.93	G	-		
79	73	O	6.93	T	-		
79	74	O	6.93	T	-		
79	75	O	6.93	G	-		
79	76	O	6.93	G	-		
79	77	O	6.93	G	-		
79	78	O	6.93	A	-		
79	79	O	6.93	T	-		
79	80	O	6.93	G	-		
79	81	O	6.93	G	-		
79	82	O	6.93	A	-		
79	83	O	6.93	A	-		
79	84	O	6.93	T	-		
79	85	O	6.93	C	-		
79	86	O	6.93	A	-		
79	87	O	6.93	G	-		
79	88	O	6.93	A	-		
79	89	O	6.93	G	-		
79	90	O	6.93	G	-		
79	91	O	6.93	T	-		
79	92	O	6.93	C	-		
79	93	O	6.93	A	-		
79	94	O	6.93	A	-		
79	95	O	6.93	G	-		
79	96	O	6.93	A	-		
79	97	O	6.93	A	-		
79	98	O	6.93	A	-		
79	99	O	6.93	T	-		
79	100	O	6.93	A	-		
79	101	O	6.93	C	-		
79	102	O	6.93	A	-		
79	103	O	6.93	G	-		
79	104	O	6.93	A	-		
79	105	O	6.93	C	-		
79	106	O	6.93	A	-		
79	107	O	6.93	G	-		
79	108	O	6.93	C	-		
79	109	O	6.93	G	-		
80	0	O	5.55	T	-		
80	1	O	5.55	T	-		
80	2	O	5.55	C	-		
80	3	O	5.55	G	-		
80	4	O	5.55	G	-		
80	5	O	5.55	G	-		
80	6	O	5.55	A	-		
80	7	O	5.55	T	-		
80	8	O	5.55	G	-		
80	9	O	5.55	A	-		
80	10	O	5.55	G	-		
80	11	O	5.55	G	-		
80	12	O	5.55	T	-		
80	13	O	5.55	C	-		
80	14	O	5.55	T	-		
80	15	O	5.55	T	-		
80	16	O	5.55	C	-		
80	17	O	5.55	C	-		
80	18	O	5.55	A	-		
80	19	O	5.55	T	-		
80	20	O	5.55	G	-		
80	21	O	5.55	T	-		
80	22	O	5.55	G	-		
80	23	O	5.55	C	-		
80	24	O	5.55	T	-		
80	25	O	5.55	A	-		
80	26	O	5.55	C	-		
80	27	O	5.55	C	-		
80	28	O	5.55	A	-		
80	29	O	5.55	C	-		
80	30	O	5.55	T	-		
80	31	O	5.55	T	-		
80	32	O	5.55	G	-		
80	33	O	5.55	C	-		
80	34	O	5.55	T	-		
80	35	O	5.55	G	-		
80	36	O	5.55	A	-		
80	37	O	5.55	G	-		
80	38	O	5.55	A	-		
80	39	O	5.55	T	-		
80	40	O	5.55	G	-		
80	41	O	5.55	G	-		
80	42	O	5.55	T	-		
80	43	O	5.55	T	-		
80	44	O	5.55	A	-		
80	45	O	5.55	C	-		
80	46	O	5.55	A	-		
80	47	O	5.55	A	-		
80	48	O	5.55	C	-		
80	49	O	5.55	G	-		
80	50	O	5.55	A	-		
80	51	O	5.55	G	-		
80	52	O	5.55	G	-		
80	53	O	5.55	G	-		
80	54	O	5.55	A	-		
80	55	O	5.55	C	-		
80	56	O	5.55	T	-		
80	57	O	5.55	C	-		
80	58	O	5.55	T	-		
80	59	O	5.55	G	-		
80	60	O	5.55	C	-		
80	61	O	5.55	G	-		
80	62	O	5.55	A	-		
80	63	O	5.55	T	-		
80	64	O	5.55	C	-		
80	65	O	5.55	A	-		
80	66	O	5.55	G	-		
80	67	O	5.55	T	-		
80	68	O	5.55	C	-		
80	69	O	5.55	A	-		
80	70	O	5.55	G	-		
80	71	O	5.55	C	-		
80	72	O	5.55	A	-		
80	73	O	5.55	G	-		
80	74	O	5.55	A	-		
80	75	O	5.55	T	-		
80	76	O	5.55	G	-		
80	77	O	5.55	T	-		
80	78	O	5.55	G	-		
80	79	O	5.55	T	-		
80	80	O	5.55	C	-		
80	81	O	5.55	G	-		
80	82	O	5.55	G	-		
80	83	O	5.55	C	-		
80	84	O	5.55	A	-		
80	85	O	5.55	T	-		
80	86	O	5.55	C	-		
80	87	O	5.55	A	-		
80	88	O	5.55	A	-		
80	89	O	5.55	G	-		
80	90	O	5.55	A	-		
80	91	O	5.55	A	-		
80	92	O	5.55	C	-		
80	93	O	5.55	G	-		
80	94	O	5.55	A	-		
80	95	O	5.55	C	-		
80	96	O	5.55	A	-		
80	97	O	5.55	T	-		
80	98	O	5.55	G	-		
80	99	O	5.55	G	-		
80	100	O	5.55	A	-		
80	101	O	5.55	C	-		
80	102	O	5.55	C	-		
80	103	O	5.55	G	-		
80	104	O	5.55	A	-		
80	105	O	5.55	A	-		
80	106	O	5.55	C	-		
80	107	O	5.55	G	-		
80	108	O	5.55	G	-		
80	109	O	5.55	G	-		
81	0	O	4.00	G	-		
81	1	O	12.48	G	-		
81	2	O	12.48	G	-		
81	3	O	12.48	T	-		
81	4	O	12.48	T	-		
81	5	O	12.48	G	-		
81	6	O	12.48	A	-		
81	7	O	12.48	T	-		
81	8	O	12.48	C	-		
81	9	O	12.48	A	-		
81	10	O	12.48	A	-		
81	11	O	12.48	C	-		
81	12	O	12.48	T	-		
81	13	O	12.48	C	-		
81	14	O	12.48	A	-		
81	15	O	12.48	G	-		
81	16	O	12.48	A	-		
81	17	O	12.48	T	-		
81	18	O	12.48	G	-		
81	19	O	12.48	A	-		
81	20	O	12.48	G	-		
81	21	O	4.00	A	-		
81	22	O	12.48	C	-		
81	23	O	12.48	A	-		
81	24	O	12.48	A	-		
81	25	O	12.48	A	-		
81	26	O	12.48	T	-		
81	27	O	12.48	T	-		
81	28	O	12.48	G	-		
81	29	O	12.48	G	-		
81	30	O	12.48	T	-		
81	31	O	12.48	G	-		
81	32	O	12.48	T	-		
81	33	O	12.48	T	-		
81	34	O	12.48	G	-		
81	35	O	12.48	C	-		
81	36	O	12.48	G	-		
81	37	O	12.48	A	-		
81	38	O	4.00	T	-		
81	39	O	12.48	C	-		
81	40	O	12.48	C	-		
81	41	O	12.48	A	-		
81	42	O	12.48	G	-		
81	43	O	12.48	T	-		
81	44	O	12.48	A	-		
81	45	O	12.48	A	-		
81	46	O	12.48	C	-		
81	47	O	12.48	C	-		
81	48	O	12.48	A	-		
81	49	O	12.48	G	-		
81	50	O	12.48	T	-		
81	51	O	12.48	T	-		
81	52	O	12.48	C	-		
81	53	O	12.48	C	-		
81	54	O	12.48	A	-		
81	55	O	12.48	T	-		
81	56	O	12.48	G	-		
81	57	O	12.48	G	-		
81	58	O	12.48	A	-		
81	59	O	12.48	A	-		
81	60	O	12.48	A	-		
81	61	O	12.48	C	-		
81	62	O	12.48	G	-		
81	63	O	12.48	G	-		
81	64	O	12.48	C	-		
81	65	O	12.48	T	-		
81	66	O	12.48	A	-		
81	67	O	12.48	A	-		
81	68	O	12.48	C	-		
81	69	O	12.48	G	-		
81	70	O	12.48	T	-		
81	71	O	12.48	C	-		
81	72	O	12.48	C	-		
81	73	O	12.48	T	-		
81	74	O	12.48	T	-		
81	75	O	12.48	A	-		
81	76	O	12.48	C	-		
81	77	O	12.48	A	-		
81	78	O	12.48	A	-		
81	79	O	12.48	C	-		
81	80	O	12.48	G	-		
81	81	O	12.48	A	-		
81	82	O	12.48	A	-		
81	83	O	12.48	G	-		
81	84	O	12.48	C	-		
81	85	O	12.48	A	-		
81	86	O	12.48	C	-		
81	87	O	12.48	C	-		
81	88	O	12.48	C	-		
81	89	O	12.48	G	-		
81	90	O	12.48	A	-		
81	91	O	12.48	C	-		
81	92	O	12.48	G	-		
81	93	O	12.48	A	-		
81	94	O	12.48	T	-		
81	95	O	12.48	G	-		
81	96	O	12.48	C	-		
81	97	O	12.48	T	-		
81	98	O	12.48	G	-		
81	99	O	12.48	T	-		
81	100	O	12.48	A	-		
81	101	O	12.48	C	-		
81	102	O	12.48	A	-		
81	103	O	12.48	T	-		
81	104	O	12.48	A	-		
81	105	O	12.48	T	-		
81	106	O	12.48	C	-		
81	107	O	12.48	C	-		
81	108	O	12.48	C	-		
81	109	O	12.48	A	-		
82	0	O	11.09	A	-		
82	1	O	11.09	T	-		
82	2	O	11.09	T	-		
82	3	O	11.09	A	-		
82	4	O	11.09	G	-		
82	5	O	11.09	T	-		
82	6	O	11.09	A	-		
82	7	O	11.09	T	-		
82	8	O	11.09	T	-		
82	9	O	11.09	T	-		
82	10	O	11.09	G	-		
82	11	O	11.09	A	-		
82	12	O	11.09	A	-		
82	13	O	11.09	C	-		
82	14	O	11.09	A	-		
82	15	O	11.09	A	-		
82	16	O	11.09	C	-		
82	17	O	11.09	A	-		
82	18	O	11.09	G	-		
82	19	O	11.09	G	-		
82	20	O	11.09	T	-		
82	21	O	11.09	A	-		
82	22	O	11.09	A	-		
82	23	O	11.09	T	-		
82	24	O	11.09	T	-		
82	25	O	11.09	A	-		
82	26	O	11.09	C	-		
82	27	O	11.09	A	-		
82	28	O	11.09	A	-		
82	29	O	11.09	A	-		
82	30	O	11.09	A	-		
82	31	O	11.09	A	-		
82	32	O	11.09	T	-		
82	33	O	11.09	C	-		
82	34	O	11.09	A	-		
82	35	O	11.09	A	-		
82	36	O	11.09	T	-		
82	37	O	11.09	A	-		
82	38	O	11.09	C	-		
82	39	O	11.09	C	-		
82	40	O	11.09	T	-		
82	41	O	11.09	G	-		
82	42	O	11.09	T	-		
82	43	O	11.09	G	-		
82	44	O	11.09	T	-		
82	45	O	11.09	A	-		
82	46	O	11.09	T	-		
82	47	O	11.09	G	-		
82	48	O	11.09	A	-		
82	49	O	11.09	A	-		
82	50	O	11.09	A	-		
82	51	O	11.09	A	-		
82	52	O	11.09	C	-		
82	53	O	11.09	A	-		
82	54	O	11.09	T	-		
82	55	O	11.09	G	-		
82	56	O	11.09	G	-		
82	57	O	11.09	C	-		
82	58	O	11.09	A	-		
82	59	O	11.09	G	-		
82	60	O	11.09	G	-		
82	61	O	11.09	C	-		
82	62	O	11.09	A	-		
82	63	O	11.09	G	-		
82	64	O	11.09	C	-		
82	65	O	11.09	C	-		
82	66	O	11.09	A	-		
82	67	O	11.09	T	-		
82	68	O	11.09	C	-		
82	69	O	11.09	C	-		
82	70	O	11.09	G	-		
82	71	O	11.09	T	-		
82	72	O	11.09	C	-		
82	73	O	11.09	A	-		
82	74	O	11.09	C	-		
82	75	O	11.09	A	-		
82	76	O	11.09	A	-		
82	77	O	11.09	A	-		
82	78	O	11.09	G	-		
82	79	O	11.09	G	-		
82	80	O	11.09	G	-		
82	81	O	11.09	A	-		
82	82	O	11.09	G	-		
82	83	O	11.09	A	-		
82	84	O	11.09	A	-		
82	85	O	11.09	C	-		
82	86	O	11.09	C	-		
82	87	O	11.09	A	-		
82	88	O	11.09	T	-		
82	89	O	11.09	T	-		
82	90	O	11.09	A	-		
82	91	O	11.09	C	-		
82	92	O	11.09	T	-		
82	93	O	11.09	A	-		
82	94	O	11.09	A	-		
82	95	O	11.09	T	-		
82	96	O	11.09	G	-		
82	97	O	11.09	G	-		
82	98	O	11.09	T	-		
82	99	O	11.09	T	-		
82	100	O	11.09	T	-		
82	101	O	11.09	G	-		
82	102	O	11.09	G	-		
82	103	O	11.09	G	-		
82	104	O	11.09	T	-		
82	105	O	11.09	C	-		
82	106	O	11.09	C	-		
82	107	O	11.09	A	-		
82	108	O	11.09	C	-		
82	109	O	11.09	A	-		
83	0	O	5.55	A	-		
83	1	O	5.55	A	-		
83	2	O	5.55	T	-		
83	3	O	5.55	A	-		
83	4	O	5.55	T	-		
83	5	O	5.55	A	-		
83	6	O	5.55	G	-		
83	7	O	5.55	T	-		
83	8	O	5.55	G	-		
83	9	O	5.55	T	-		
83	10	O	5.55	A	-		
83	11	O	5.55	G	-		
83	12	O	5.55	G	-		
83	13	O	5.55	A	-		
83	14	O	5.55	T	-		
83	15	O	5.55	A	-		
83	16	O	5.55	T	-		
83	17	O	5.55	A	-		
83	18	O	5.55	C	-		
83	19	O	5.55	T	-		
83	20	O	5.55	A	-		
83	21	O	5.55	A	-		
83	22	O	5.55	A	-		
83	23	O	5.55	A	-		
83	24	O	5.55	C	-		
83	25	O	5.55	T	-		
83	26	O	5.55	G	-		
83	27	O	5.55	A	-		
83	28	O	5.55	G	-		
83	29	O	5.55	T	-		
83	30	O	5.55	T	-		
83	31	O	5.55	T	-		
83	32	O	5.55	C	-		
83	33	O	5.55	T	-		
83	34	O	5.55	T	-		
83	35	O	5.55	T	-		
83	36	O	5.55	G	-		
83	37	O	5.55	A	-		
83	38	O	5.55	T	-		
83	39	O	5.55	C	-		
83	40	O	5.55	A	-		
83	41	O	5.55	A	-		
83	42	O	5.55	G	-		
83	43	O	5.55	C	-		
83	44	O	5.55	C	-		
83	45	O	5.55	A	-		
83	46	O	5.55	T	-		
83	47	O	5.55	A	-		
83	48	O	5.55	T	-		
83	49	O	5.55	G	-		
83	50	O	5.55	T	-		
83	51	O	5.55	T	-		
83	52	O	5.55	C	-		
83	53	O	5.55	A	-		
83	54	O	5.55	A	-		
83	55	O	5.55	A	-		
83	56	O	5.55	G	-		
83	57	O	5.55	G	-		
83	58	O	5.55	A	-		
83	59	O	5.55	A	-		
83	60	O	5.55	G	-		
83	61	O	5.55	T	-		
83	62	O	5.55	G	-		
83	63	O	5.55	A	-		
83	64	O	5.55	T	-		
83	65	O	5.55	T	-		
83	66	O	5.55	C	-		
83	67	O	5.55	C	-		
83	68	O	5.55	T	-		
83	69	O	5.55	C	-		
83	70	O	5.55	T	-		
83	71	O	5.55	C	-		
83	72	O	5.55	A	-		
83	73	O	5.55	A	-		
83	74	O	5.55	G	-		
83	75	O	5.55	G	-		
83	76	O	5.55	T	-		
83	77	O	5.55	A	-		
83	78	O	5.55	T	-		
83	79	O	5.55	A	-		
83	80	O	5.55	C	-		
83	81	O	5.55	A	-		
83	82	O	5.55	A	-		
83	83	O	5.55	A	-		
83	84	O	5.55	A	-		
83	85	O	5.55	G	-		
83	86	O	5.55	A	-		
83	87	O	5.55	T	-		
83	88	O	5.55	G	-		
83	89	O	5.55	C	-		
83	90	O	5.55	T	-		
83	91	O	5.55	A	-		
83	92	O	5.55	T	-		
83	93	O	5.55	T	-		
83	94	O	5.55	C	-		
83	95	O	5.55	T	-		
83	96	O	5.55	G	-		
83	97	O	5.55	T	-		
83	98	O	5.55	G	-		
83	99	O	5.55	G	-		
83	100	O	5.55	A	-		
83	101	O	5.55	T	-		
83	102	O	5.55	A	-		
83	103	O	5.55	A	-		
83	104	O	5.55	A	-		
83	105	O	5.55	A	-		
83	106	O	5.55	T	-		
83	107	O	5.55	A	-		
83	108	O	5.55	T	-		
83	109	O	5.55	A	-		
84	0	O	5.55	G	-		
84	1	O	5.55	G	-		
84	2	O	5.55	T	-		
84	3	O	5.55	C	-		
84	4	O	5.55	T	-		
84	5	O	5.55	G	-		
84	6	O	5.55	G	-		
84	7	O	5.55	C	-		
84	8	O	5.55	C	-		
84	9	O	5.55	T	-		
84	10	O	5.55	C	-		
84	11	O	5.55	C	-		
84	12	O	5.55	A	-		
84	13	O	5.55	T	-		
84	14	O	5.55	A	-		
84	15	O	5.55	T	-		
84	16	O	5.55	T	-		
84	17	O	5.55	A	-		
84	18	O	5.55	C	-		
84	19	O	5.55	A	-		
84	20	O	5.55	C	-		
84	21	O	5.55	T	-		
84	22	O	5.55	G	-		
84	23	O	5.55	T	-		
84	24	O	5.55	G	-		
84	25	O	5.55	A	-		
84	26	O	5.55	T	-		
84	27	O	5.55	G	-		
84	28	O	5.55	A	-		
84	29	O	5.55	A	-		
84	30	O	5.55	T	-		
84	31	O	5.55	T	-		
84	32	O	5.55	T	-		
84	33	O	5.55	C	-		
84	34	O	5.55	G	-		
84	35	O	5.55	A	-		
84	36	O	5.55	G	-		
84	37	O	5.55	A	-		
84	38	O	5.55	T	-		
84	39	O	5.55	T	-		
84	40	O	5.55	T	-		
84	41	O	5.55	A	-		
84	42	O	5.55	T	-		
84	43	O	5.55	T	-		
84	44	O	5.55	C	-		
84	45	O	5.55	C	-		
84	46	O	5.55	C	-		
84	47	O	5.55	A	-		
84	48	O	5.55	A	-		
84	49	O	5.55	G	-		
84	50	O	5.55	A	-		
84	51	O	5.55	A	-		
84	52	O	5.55	C	-		
84	53	O	5.55	T	-		
84	54	O	5.55	A	-		
84	55	O	5.55	C	-		
84	56	O	5.55	T	-		
84	57	O	5.55	A	-		
84	58	O	5.55	A	-		
84	59	O	5.55	A	-		
84	60	O	5.55	G	-		
84	61	O	5.55	T	-		
84	62	O	5.55	G	-		
84	63	O	5.55	A	-		
84	64	O	5.55	A	-		
84	65	O	5.55	G	-		
84	66	O	5.55	T	-		
84	67	O	5.55	G	-		
84	68	O	5.55	T	-		
84	69	O	5.55	C	-		
84	70	O	5.55	T	-		
84	71	O	5.55	G	-		
84	72	O	5.55	A	-		
84	73	O	5.55	G	-		
84	74	O	5.55	T	-		
84	75	O	5.55	G	-		
84	76	O	5.55	A	-		
84	77	O	5.55	T	-		
84	78	O	5.55	G	-		
84	79	O	5.55	C	-		
84	80	O	5.55	T	-		
84	81	O	5.55	G	-		
84	82	O	5.55	G	-		
84	83	O	5.55	A	-		
84	84	O	5.55	T	-		
84	85	O	5.55	T	-		
84	86	O	5.55	A	-		
84	87	O	5.55	T	-		
84	88	O	5.55	T	-		
84	89	O	5.55	C	-		
84	90	O	5.55	C	-		
84	91	O	5.55	T	-		
84	92	O	5.55	G	-		
84	93	O	5.55	G	-		
84	94	O	5.55	A	-		
84	95	O	5.55	T	-		
84	96	O	5.55	G	-		
84	97	O	5.55	C	-		
84	98	O	5.55	G	-		
84	99	O	5.55	T	-		
84	100	O	5.55	A	-		
84	101	O	5.55	A	-		
84	102	O	5.55	T	-		
84	103	O	5.55	T	-		
84	104	O	5.55	A	-		
84	105	O	5.55	C	-		
84	106	O	5.55	T	-		
84	107	O	5.55	A	-		
84	108	O	5.55	A	-		
84	109	O	5.55	A	-		
85	0	O	11.09	A	-		
85	1	O	11.09	A	-		
85	2	O	11.09	T	-		
85	3	O	11.09	T	-		
85	4	O	11.09	T	-		
85	5	O	11.09	G	-		
85	6	O	11.09	C	-		
85	7	O	11.09	A	-		
85	8	O	11.09	T	-		
85	9	O	11.09	C	-		
85	10	O	11.09	C	-		
85	11	O	11.09	A	-		
85	12	O	11.09	C	-		
85	13	O	11.09	C	-		
85	14	O	11.09	T	-		
85	15	O	11.09	G	-		
85	16	O	11.09	G	-		
85	17	O	11.09	G	-		
85	18	O	11.09	C	-		
85	19	O	11.09	G	-		
85	20	O	11.09	A	-		
85	21	O	11.09	G	-		
85	22	O	11.09	C	-		
85	23	O	11.09	G	-		
85	24	O	11.09	C	-		
85	25	O	11.09	C	-		
85	26	O	11.09	A	-		
85	27	O	11.09	G	-		
85	28	O	11.09	A	-		
85	29	O	11.09	C	-		
85	30	O	11.09	A	-		
85	31	O	11.09	G	-		
85	32	O	11.09	G	-		
85	33	O	11.09	C	-		
85	34	O	11.09	G	-		
85	35	O	11.09	G	-		
85	36	O	11.09	G	-		
85	37	O	11.09	C	-		
85	38	O	11.09	G	-		
85	39	O	11.09	C	-		
85	40	O	11.09	G	-		
85	41	O	11.09	T	-		
85	42	O	11.09	C	-		
85	43	O	11.09	G	-		
85	44	O	11.09	G	-		
85	45	O	11.09	C	-		
85	46	O	11.09	T	-		
85	47	O	11.09	G	-		
85	48	O	11.09	T	-		
85	49	O	11.09	C	-		
85	50	O	11.09	G	-		
85	51	O	11.09	C	-		
85	52	O	11.09	G	-		
85	53	O	11.09	G	-		
85	54	O	11.09	G	-		
85	55	O	11.09	C	-		
85	56	O	11.09	C	-		
85	57	O	11.09	A	-		
85	58	O	11.09	G	-		
85	59	O	11.09	C	-		
85	60	O	11.09	C	-		
85	61	O	11.09	G	-		
85	62	O	11.09	G	-		
85	63	O	11.09	A	-		
85	64	O	11.09	C	-		
85	65	O	11.09	G	-		
85	66	O	11.09	G	-		
85	67	O	11.09	G	-		
85	68	O	11.09	C	-		
85	69	O	11.09	T	-		
85	70	O	11.09	C	-		
85	71	O	11.09	G	-		
85	72	O	11.09	C	-		
85	73	O	11.09	A	-		
85	74	O	11.09	G	-		
85	75	O	11.09	C	-		
85	76	O	11.09	C	-		
85	77	O	11.09	G	-		
85	78	O	11.09	C	-		
85	79	O	11.09	C	-		
85	80	O	11.09	A	-		
85	81	O	11.09	C	-		
85	82	O	11.09	G	-		
85	83	O	11.09	A	-		
85	84	O	11.09	C	-		
85	85	O	11.09	G	-		
85	86	O	11.09	G	-		
85	87	O	11.09	A	-		
85	88	O	11.09	C	-		
85	89	O	11.09	G	-		
85	90	O	11.09	C	-		
85	91	O	11.09	G	-		
85	92	O	11.09	C	-		
85	93	O	11.09	A	-		
85	94	O	11.09	C	-		
85	95	O	11.09	A	-		
85	96	O	11.09	A	-		
85	97	O	11.09	G	-		
85	98	O	11.09	G	-		
85	99	O	11.09	A	-		
85	100	O	11.09	C	-		
85	101	O	11.09	G	-		
85	102	O	11.09	C	-		
85	103	O	11.09	C	-		
85	104	O	11.09	G	-		
85	105	O	11.09	A	-		
85	106	O	11.09	G	-		
85	107	O	11.09	G	-		
85	108	O	11.09	A	-		
85	109	O	11.09	G	-		
86	0	O	11.09	T	-		
86	1	O	11.09	T	-		
86	2	O	11.09	C	-		
86	3	O	11.09	A	-		
86	4	O	11.09	G	-		
86	5	O	11.09	A	-		
86	6	O	11.09	T	-		
86	7	O	11.09	T	-		
86	8	O	11.09	T	-		
86	9	O	11.09	G	-		
86	10	O	11.09	A	-		
86	11	O	11.09	T	-		
86	12	O	11.09	T	-		
86	13	O	11.09	T	-		
86	14	O	11.09	T	-		
86	15	O	11.09	T	-		
86	16	O	11.09	T	-		
86	17	O	11.09	T	-		
86	18	O	11.09	T	-		
86	19	U	2.86	C	T		
86	20	O	11.09	T	-		
86	21	O	11.09	T	-		
86	22	U	2.86	G	T		
86	23	O	11.09	T	-		
86	24	U	2.86	A	T		
86	25	U	2.86	A	T		
86	26	O	11.09	T	-		
86	27	O	11.09	T	-		
86	28	O	11.09	T	-		
86	29	O	11.09	T	-		
86	30	O	11.09	T	-		
86	31	O	11.09	T	-		
86	32	O	11.09	T	-		
86	33	O	11.09	T	-		
86	34	O	11.09	T	-		
86	35	O	11.09	C	-		
86	36	U	2.86	C	T		
86	37	O	11.09	T	-		
86	38	O	11.09	T	-		
86	39	O	11.09	T	-		
86	40	U	2.86	G	T		
86	41	O	11.09	A	-		
86	42	O	11.09	A	-		
86	43	O	11.09	G	-		
86	44	O	11.09	T	-		
86	45	O	11.09	T	-		
86	46	O	11.09	A	-		
86	47	O	11.09	A	-		
86	48	O	11.09	T	-		
86	49	O	11.09	T	-		
86	50	O	11.09	T	-		
86	51	O	11.09	T	-		
86	52	O	11.09	A	-		
86	53	O	11.09	T	-		
86	54	O	11.09	T	-		
86	55	O	11.09	T	-		
86	56	O	11.09	T	-		
86	57	O	11.09	T	-		
86	58	O	11.09	A	-		
86	59	O	11.09	A	-		
86	60	O	11.09	A	-		
86	61	O	11.09	A	-		
86	62	O	11.09	T	-		
86	63	O	11.09	T	-		
86	64	O	11.09	T	-		
86	65	O	11.09	T	-		
86	66	U	2.86	G	T		
86	67	O	11.09	C	-		
86	68	O	11.09	T	-		
86	69	O	11.09	T	-		
86	70	O	11.09	T	-		
86	71	U	2.86	G	T		
86	72	O	11.09	G	-		
86	73	O	11.09	A	-		
86	74	O	11.09	A	-		
86	75	O	11.09	A	-		
86	76	O	11.09	A	-		
86	77	O	11.09	A	-		
86	78	O	11.09	T	-		
86	79	O	11.09	A	-		
86	80	O	11.09	T	-		
86	81	O	11.09	A	-		
86	82	O	11.09	T	-		
86	83	O	11.09	A	-		
86	84	O	11.09	T	-		
86	85	O	11.09	A	-		
86	86	O	11.09	G	-		
86	87	O	11.09	A	-		
86	88	O	11.09	G	-		
86	89	O	11.09	A	-		
86	90	O	11.09	G	-		
86	91	O	11.09	C	-		
86	92	O	11.09	C	-		
86	93	O	11.09	C	-		
86	94	O	11.09	A	-		
86	95	O	11.09	T	-		
86	96	O	11.09	A	-		
86	97	O	11.09	T	-		
86	98	O	11.09	A	-		
86	99	O	11.09	A	-		
86	100	O	11.09	C	-		
86	101	O	11.09	A	-		
86	102	O	11.09	T	-		
86	103	O	11.09	T	-		
86	104	O	11.09	A	-		
86	105	O	11.09	T	-		
86	106	O	11.09	G	-		
86	107	O	11.09	T	-		
86	108	O	11.09	A	-		
86	109	O	11.09	A	-		
87	0	O	5.55	T	-		
87	1	O	5.55	A	-		
87	2	O	5.55	C	-		
87	3	O	5.55	C	-		
87	4	O	5.55	A	-		
87	5	O	5.55	A	-		
87	6	O	5.55	T	-		
87	7	O	5.55	A	-		
87	8	O	5.55	G	-		
87	9	O	5.55	A	-		
87	10	O	5.55	T	-		
87	11	O	5.55	C	-		
87	12	O	5.55	A	-		
87	13	O	5.55	T	-		
87	14	O	5.55	G	-		
87	15	O	5.55	A	-		
87	16	O	5.55	A	-		
87	17	O	5.55	A	-		
87	18	O	5.55	G	-		
87	19	O	5.55	T	-		
87	20	O	5.55	C	-		
87	21	O	5.55	G	-		
87	22	O	5.55	A	-		
87	23	O	5.55	A	-		
87	24	O	5.55	T	-		
87	25	O	5.55	T	-		
87	26	O	5.55	C	-		
87	27	O	5.55	A	-		
87	28	O	5.55	C	-		
87	29	O	5.55	A	-		
87	30	O	5.55	T	-		
87	31	O	5.55	T	-		
87	32	O	5.55	C	-		
87	33	O	5.55	A	-		
87	34	O	5.55	A	-		
87	35	O	5.55	G	-		
87	36	O	5.55	T	-		
87	37	O	5.55	C	-		
87	38	O	5.55	G	-		
87	39	O	5.55	T	-		
87	40	O	5.55	A	-		
87	41	O	5.55	C	-		
87	42	O	5.55	A	-		
87	43	O	5.55	G	-		
87	44	O	5.55	T	-		
87	45	O	5.55	T	-		
87	46	O	5.55	G	-		
87	47	O	5.55	C	-		
87	48	O	5.55	C	-		
87	49	O	5.55	T	-		
87	50	O	5.55	C	-		
87	51	O	5.55	G	-		
87	52	O	5.55	A	-		
87	53	O	5.55	C	-		
87	54	O	5.55	G	-		
87	55	O	5.55	C	-		
87	56	O	5.55	T	-		
87	57	O	5.55	T	-		
87	58	O	5.55	A	-		
87	59	O	5.55	C	-		
87	60	O	5.55	A	-		
87	61	O	5.55	T	-		
87	62	O	5.55	T	-		
87	63	O	5.55	C	-		
87	64	O	5.55	A	-		
87	65	O	5.55	T	-		
87	66	O	5.55	T	-		
87	67	O	5.55	G	-		
87	68	O	5.55	G	-		
87	69	O	5.55	A	-		
87	70	O	5.55	C	-		
87	71	O	5.55	C	-		
87	72	O	5.55	G	-		
87	73	O	5.55	T	-		
87	74	O	5.55	T	-		
87	75	O	5.55	T	-		
87	76	O	5.55	C	-		
87	77	O	5.55	T	-		
87	78	O	5.55	G	-		
87	79	O	5.55	G	-		
87	80	O	5.55	A	-		
87	81	O	5.55	G	-		
87	82	O	5.55	T	-		
87	83	O	5.55	C	-		
87	84	O	5.55	G	-		
87	85	O	5.55	A	-		
87	86	O	5.55	T	-		
87	87	O	5.55	A	-		
87	88	O	5.55	G	-		
87	89	O	5.55	C	-		
87	90	O	5.55	A	-		
87	91	O	5.55	T	-		
87	92	O	5.55	T	-		
87	93	O	5.55	G	-		
87	94	O	5.55	G	-		
87	95	O	5.55	C	-		
87	96	O	5.55	C	-		
87	97	O	5.55	G	-		
87	98	O	5.55	T	-		
87	99	O	5.55	T	-		
87	100	O	5.55	A	-		
87	101	O	5.55	C	-		
87	102	O	5.55	A	-		
87	103	O	5.55	T	-		
87	104	O	5.55	G	-		
87	105	O	5.55	T	-		
87	106	O	5.55	C	-		
87	107	O	5.55	A	-		
87	108	O	5.55	T	-		
87	109	O	5.55	G	-		
88	0	O	6.93	G	-		
88	1	O	6.93	G	-		
88	2	O	6.93	C	-		
88	3	O	6.93	T	-		
88	4	O	6.93	G	-		
88	5	O	6.93	G	-		
88	6	O	6.93	C	-		
88	7	O	6.93	A	-		
88	8	O	6.93	A	-		
88	9	O	6.93	G	-		
88	10	O	6.93	C	-		
88	11	O	6.93	T	-		
88	12	O	6.93	A	-		
88	13	O	6.93	G	-		
88	14	O	6.93	C	-		
88	15	O	6.93	T	-		
88	16	O	6.93	A	-		
88	17	O	6.93	G	-		
88	18	O	6.93	C	-		
88	19	O	6.93	T	-		
88	20	O	6.93	A	-		
88	21	O	6.93	G	-		
88	22	O	6.93	C	-		
88	23	O	6.93	T	-		
88	24	O	6.93	G	-		
88	25	O	6.93	G	-		
88	26	O	6.93	C	-		
88	27	O	6.93	T	-		
88	28	O	6.93	G	-		
88	29	O	6.93	C	-		
88	30	O	6.93	C	-		
88	31	O	6.93	T	-		
88	32	O	6.93	G	-		
88	33	O	6.93	G	-		
88	34	O	6.93	T	-		
88	35	O	6.93	C	-		
88	36	O	6.93	G	-		
88	37	O	6.93	G	-		
88	38	O	6.93	C	-		
88	39	O	6.93	C	-		
88	40	O	6.93	T	-		
88	41	O	6.93	G	-		
88	42	O	6.93	T	-		
88	43	O	6.93	T	-		
88	44	O	6.93	A	-		
88	45	O	6.93	G	-		
88	46	O	6.93	T	-		
88	47	O	6.93	G	-		
88	48	O	6.93	G	-		
88	49	O	6.93	C	-		
88	50	O	6.93	G	-		
88	51	O	6.93	G	-		
88	52	O	6.93	C	-		
88	53	O	6.93	G	-		
88	54	O	6.93	C	-		
88	55	O	6.93	A	-		
88	56	O	6.93	A	-		
88	57	O	6.93	C	-		
88	58	O	6.93	A	-		
88	59	O	6.93	A	-		
88	60	O	6.93	T	-		
88	61	O	6.93	G	-		
88	62	O	6.93	A	-		
88	63	O	6.93	T	-		
88	64	O	6.93	A	-		
88	65	O	6.93	T	-		
88	66	O	6.93	T	-		
88	67	O	6.93	C	-		
88	68	O	6.93	G	-		
88	69	O	6.93	T	-		
88	70	O	6.93	T	-		
88	71	O	6.93	C	-		
88	72	O	6.93	T	-		
88	73	O	6.93	G	-		
88	74	O	6.93	T	-		
88	75	O	6.93	T	-		
88	76	O	6.93	G	-		
88	77	O	6.93	C	-		
88	78	O	6.93	C	-		
88	79	O	6.93	T	-		
88	80	O	6.93	C	-		
88	81	O	6.93	G	-		
88	82	O	6.93	C	-		
88	83	O	6.93	C	-		
88	84	O	6.93	G	-		
88	85	O	6.93	G	-		
88	86	O	6.93	C	-		
88	87	O	6.93	G	-		
88	88	O	6.93	C	-		
88	89	O	6.93	C	-		
88	90	O	6.93	T	-		
88	91	O	6.93	T	-		
88	92	O	6.93	G	-		
88	93	O	6.93	T	-		
88	94	O	6.93	T	-		
88	95	O	6.93	C	-		
88	96	O	6.93	A	-		
88	97	O	6.93	C	-		
88	98	O	6.93	T	-		
88	99	O	6.93	G	-		
88	100	O	6.93	T	-		
88	101	O	6.93	C	-		
88	102	O	6.93	C	-		
88	103	O	6.93	A	-		
88	104	O	6.93	C	-		
88	105	O	6.93	T	-		
88	106	O	6.93	T	-		
88	107	O	6.93	T	-		
88	108	O	6.93	C	-		
88	109	O	6.93	T	-		
89	0	O	15.25	T	-		
89	1	O	15.25	T	-		
89	2	O	15.25	G	-		
89	3	O	15.25	T	-		
89	4	O	15.25	G	-		
89	5	O	15.25	A	-		
89	6	O	15.25	C	-		
89	7	O	15.25	T	-		
89	8	O	15.25	T	-		
89	9	O	15.25	T	-		
89	10	O	15.25	G	-		
89	11	O	15.25	C	-		
89	12	O	15.25	G	-		
89	13	O	15.25	C	-		
89	14	O	15.25	C	-		
89	15	O	15.25	T	-		
89	16	O	15.25	G	-		
89	17	O	15.25	A	-		
89	18	O	15.25	A	-		
89	19	O	15.25	T	-		
89	20	O	15.25	T	-		
89	21	O	15.25	T	-		
89	22	O	15.25	G	-		
89	23	O	15.25	C	-		
89	24	O	15.25	A	-		
89	25	O	15.25	A	-		
89	26	O	15.25	A	-		
89	27	O	15.25	T	-		
89	28	O	15.25	G	-		
89	29	O	15.25	T	-		
89	30	O	15.25	A	-		
89	31	O	15.25	T	-		
89	32	O	15.25	T	-		
89	33	O	15.25	T	-		
89	34	O	15.25	G	-		
89	35	O	15.25	A	-		
89	36	O	15.25	A	-		
89	37	O	15.25	C	-		
89	38	O	15.25	G	-		
89	39	O	15.25	A	-		
89	40	O	15.25	A	-		
89	41	O	15.25	G	-		
89	42	O	15.25	C	-		
89	43	O	15.25	G	-		
89	44	O	15.25	G	-		
89	45	O	15.25	T	-		
89	46	O	15.25	T	-		
89	47	O	15.25	C	-		
89	48	O	15.25	T	-		
89	49	O	15.25	G	-		
89	50	O	15.25	T	-		
89	51	O	15.25	C	-		
89	52	O	15.25	T	-		
89	53	O	15.25	T	-		
89	54	O	15.25	G	-		
89	55	O	15.25	G	-		
89	56	O	15.25	T	-		
89	57	O	15.25	A	-		
89	58	O	15.25	T	-		
89	59	O	15.25	C	-		
89	60	O	15.25	A	-		
89	61	O	15.25	G	-		
89	62	O	15.25	A	-		
89	63	O	15.25	G	-		
89	64	O	15.25	G	-		
89	65	O	15.25	T	-		
89	66	O	15.25	T	-		
89	67	O	15.25	G	-		
89	68	O	15.25	C	-		
89	69	O	15.25	A	-		
89	70	O	15.25	T	-		
89	71	O	15.25	G	-		
89	72	O	15.25	C	-		
89	73	O	15.25	C	-		
89	74	O	15.25	A	-		
89	75	O	15.25	G	-		
89	76	O	15.25	C	-		
89	77	O	15.25	A	-		
89	78	O	15.25	A	-		
89	79	O	15.25	G	-		
89	80	O	15.25	G	-		
89	81	O	15.25	T	-		
89	82	O	15.25	T	-		
89	83	O	15.25	C	-		
89	84	O	15.25	C	-		
89	85	O	15.25	A	-		
89	86	O	15.25	G	-		
89	87	O	15.25	A	-		
89	88	O	15.25	T	-		
89	89	O	15.25	T	-		
89	90	O	15.25	T	-		
89	91	O	15.25	G	-		
89	92	O	15.25	G	-		
89	93	O	15.25	A	-		
89	94	O	15.25	T	-		
89	95	O	15.25	T	-		
89	96	O	15.25	T	-		
89	97	O	15.25	C	-		
89	98	O	15.25	A	-		
89	99	O	15.25	G	-		
89	100	O	15.25	T	-		
89	101	O	15.25	A	-		
89	102	O	15.25	G	-		
89	103	O	15.25	G	-		
89	104	O	15.25	G	-		
89	105	O	15.25	C	-		
89	106	O	15.25	A	-		
89	107	O	15.25	A	-		
89	108	O	15.25	A	-		
89	109	O	15.25	G	-		
90	0	O	24.95	A	-		
90	1	O	24.95	T	-		
90	2	O	24.95	C	-		
90	3	O	24.95	G	-		
90	4	O	24.95	G	-		
90	5	O	24.95	T	-		
90	6	O	24.95	G	-		
90	7	O	24.95	A	-		
90	8	O	24.95	G	-		
90	9	O	24.95	G	-		
90	10	O	24.95	T	-		
90	11	O	24.95	T	-		
90	12	O	24.95	T	-		
90	13	O	24.95	T	-		
90	14	O	24.95	A	-		
90	15	O	24.95	C	-		
90	16	O	24.95	T	-		
90	17	O	24.95	C	-		
90	18	O	24.95	G	-		
90	19	O	24.95	A	-		
90	20	O	24.95	A	-		
90	21	O	24.95	C	-		
90	22	O	24.95	A	-		
90	23	O	24.95	G	-		
90	24	O	24.95	A	-		
90	25	O	15.03	T	-		
90	26	O	24.95	G	-		
90	27	O	24.95	A	-		
90	28	O	24.95	T	-		
90	29	O	24.95	C	-		
90	30	O	24.95	T	-		
90	31	O	24.95	T	-		
90	32	O	24.95	T	-		
90	33	O	24.95	A	-		
90	34	O	24.95	T	-		
90	35	O	24.95	T	-		
90	36	O	24.95	G	-		
90	37	O	24.95	A	-		
90	38	O	24.95	C	-		
90	39	O	24.95	A	-		
90	40	O	24.95	T	-		
90	41	O	24.95	T	-		
90	42	O	24.95	C	-		
90	43	O	24.95	T	-		
90	44	O	24.95	T	-		
90	45	O	24.95	G	-		
90	46	O	24.95	C	-		
90	47	O	24.95	G	-		
90	48	O	24.95	A	-		
90	49	O	24.95	G	-		
90	50	O	24.95	C	-		
90	51	O	24.95	G	-		
90	52	O	24.95	C	-		
90	53	O	24.95	C	-		
90	54	O	24.95	A	-		
90	55	O	24.95	A	-		
90	56	O	24.95	A	-		
90	57	O	24.95	G	-		
90	58	O	24.95	C	-		
90	59	O	24.95	C	-		
90	60	O	24.95	A	-		
90	61	O	24.95	C	-		
90	62	O	24.95	C	-		
90	63	O	24.95	A	-		
90	64	O	24.95	A	-		
90	65	O	24.95	A	-		
90	66	O	24.95	A	-		
90	67	O	24.95	C	-		
90	68	O	24.95	A	-		
90	69	O	24.95	A	-		
90	70	O	24.95	T	-		
90	71	O	24.95	C	-		
90	72	O	24.95	A	-		
90	73	O	24.95	C	-		
90	74	O	24.95	C	-		
90	75	O	24.95	A	-		
90	76	O	24.95	T	-		
90	77	O	24.95	T	-		
90	78	O	24.95	A	-		
90	79	O	24.95	G	-		
90	80	O	24.95	A	-		
90	81	O	24.95	C	-		
90	82	O	24.95	A	-		
90	83	O	24.95	C	-		
90	84	O	24.95	T	-		
90	85	O	24.95	T	-		
90	86	O	24.95	G	-		
90	87	O	24.95	T	-		
90	88	O	24.95	A	-		
90	89	O	24.95	A	-		
90	90	O	24.95	T	-		
90	91	O	24.95	T	-		
90	92	O	24.95	T	-		
90	93	O	24.95	T	-		
90	94	O	24.95	A	-		
90	95	O	24.95	C	-		
90	96	O	24.95	A	-		
90	97	O	24.95	C	-		
90	98	O	24.95	A	-		
90	99	O	24.95	C	-		
90	100	O	24.95	C	-		
90	101	O	24.95	T	-		
90	102	O	24.95	A	-		
90	103	O	24.95	C	-		
90	104	O	24.95	T	-		
90	105	O	24.95	G	-		
90	106	O	24.95	G	-		
90	107	O	24.95	C	-		
90	108	O	24.95	A	-		
90	109	O	24.95	T	-		
91	0	O	6.93	A	-		
91	1	O	6.93	A	-		
91	2	O	6.93	C	-		
91	3	O	6.93	C	-		
91	4	O	6.93	T	-		
91	5	O	6.93	G	-		
91	6	O	6.93	A	-		
91	7	O	6.93	A	-		
91	8	O	6.93	G	-		
91	9	O	6.93	G	-		
91	10	O	6.93	T	-		
91	11	O	6.93	G	-		
91	12	O	6.93	G	-		
91	13	O	6.93	G	-		
91	14	O	6.93	C	-		
91	15	O	6.93	G	-		
91	16	O	6.93	T	-		
91	17	O	6.93	G	-		
91	18	O	6.93	G	-		
91	19	O	6.93	G	-		
91	20	O	6.93	C	-		
91	21	O	6.93	A	-		
91	22	O	6.93	G	-		
91	23	O	6.93	C	-		
91	24	O	6.93	C	-		
91	25	O	6.93	G	-		
91	26	O	6.93	G	-		
91	27	O	6.93	T	-		
91	28	O	6.93	T	-		
91	29	O	6.93	G	-		
91	30	O	6.93	A	-		
91	31	O	6.93	A	-		
91	32	O	6.93	G	-		
91	33	O	6.93	G	-		
91	34	O	6.93	T	-		
91	35	O	6.93	G	-		
91	36	O	6.93	G	-		
91	37	O	6.93	A	-		
91	38	O	6.93	C	-		
91	39	O	6.93	G	-		
91	40	O	6.93	G	-		
91	41	O	6.93	A	-		
91	42	O	6.93	C	-		
91	43	O	6.93	T	-		
91	44	O	6.93	G	-		
91	45	O	6.93	C	-		
91	46	O	6.93	A	-		
91	47	O	6.93	G	-		
91	48	O	6.93	G	-		
91	49	O	6.93	G	-		
91	50	O	6.93	T	-		
91	51	O	6.93	G	-		
91	52	O	6.93	G	-		
91	53	O	6.93	C	-		
91	54	O	6.93	G	-		
91	55	O	6.93	G	-		
91	56	O	6.93	G	-		
91	57	O	6.93	C	-		
91	58	O	6.93	G	-		
91	59	O	6.93	A	-		
91	60	O	6.93	A	-		
91	61	O	6.93	T	-		
91	62	O	6.93	C	-		
91	63	O	6.93	T	-		
91	64	O	6.93	G	-		
91	65	O	6.93	G	-		
91	66	O	6.93	T	-		
91	67	O	6.93	T	-		
91	68	O	6.93	A	-		
91	69	O	6.93	G	-		
91	70	O	6.93	T	-		
91	71	O	6.93	T	-		
91	72	O	6.93	T	-		
91	73	O	6.93	T	-		
91	74	O	6.93	G	-		
91	75	O	6.93	A	-		
91	76	O	6.93	G	-		
91	77	O	6.93	T	-		
91	78	O	6.93	G	-		
91	79	O	6.93	G	-		
91	80	O	6.93	C	-		
91	81	O	6.93	C	-		
91	82	O	6.93	C	-		
91	83	O	6.93	C	-		
91	84	O	6.93	G	-		
91	85	O	6.93	G	-		
91	86	O	6.93	A	-		
91	87	O	6.93	C	-		
91	88	O	6.93	G	-		
91	89	O	6.93	A	-		
91	90	O	6.93	G	-		
91	91	O	6.93	A	-		
91	92	O	6.93	T	-		
91	93	O	6.93	T	-		
91	94	O	6.93	G	-		
91	95	O	6.93	A	-		
91	96	O	6.93	A	-		
91	97	O	6.93	T	-		
91	98	O	6.93	T	-		
91	99	O	6.93	C	-		
91	100	O	6.93	C	-		
91	101	O	6.93	C	-		
91	102	O	6.93	G	-		
91	103	O	6.93	G	-		
91	104	O	6.93	C	-		
91	105	O	6.93	G	-		
91	106	O	6.93	A	-		
91	107	O	6.93	G	-		
91	108	O	6.93	C	-		
91	109	O	6.93	G	-		
92	0	O	6.93	T	-		
92	1	O	6.93	A	-		
92	2	O	6.93	A	-		
92	3	O	6.93	A	-		
92	4	O	6.93	G	-		
92	5	O	6.93	A	-		
92	6	O	6.93	T	-		
92	7	O	6.93	G	-		
92	8	O	6.93	C	-		
92	9	O	6.93	A	-		
92	10	O	6.93	A	-		
92	11	O	6.93	A	-		
92	12	O	6.93	T	-		
92	13	O	6.93	G	-		
92	14	O	6.93	A	-		
92	15	O	6.93	C	-		
92	16	O	6.93	A	-		
92	17	O	6.93	C	-		
92	18	O	6.93	T	-		
92	19	O	6.93	T	-		
92	20	O	6.93	T	-		
92	21	O	6.93	G	-		
92	22	O	6.93	A	-		
92	23	O	6.93	A	-		
92	24	O	6.93	T	-		
92	25	O	6.93	T	-		
92	26	O	6.93	T	-		
92	27	O	6.93	G	-		
92	28	O	6.93	C	-		
92	29	O	6.93	A	-		
92	30	O	6.93	G	-		
92	31	O	6.93	T	-		
92	32	O	6.93	T	-		
92	33	O	6.93	A	-		
92	34	O	6.93	G	-		
92	35	O	6.93	T	-		
92	36	O	6.93	A	-		
92	37	O	6.93	C	-		
92	38	O	6.93	C	-		
92	39	O	6.93	G	-		
92	40	O	6.93	G	-		
92	41	O	6.93	T	-		
92	42	O	6.93	G	-		
92	43	O	6.93	G	-		
92	44	O	6.93	A	-		
92	45	O	6.93	T	-		
92	46	O	6.93	G	-		
92	47	O	6.93	G	-		
92	48	O	6.93	G	-		
92	49	O	6.93	T	-		
92	50	O	6.93	C	-		
92	51	O	6.93	A	-		
92	52	O	6.93	C	-		
92	53	O	6.93	A	-		
92	54	O	6.93	G	-		
92	55	O	6.93	T	-		
92	56	O	6.93	T	-		
92	57	O	6.93	G	-		
92	58	O	6.93	G	-		
92	59	O	6.93	T	-		
92	60	O	6.93	G	-		
92	61	O	6.93	G	-		
92	62	O	6.93	A	-		
92	63	O	6.93	C	-		
92	64	O	6.93	A	-		
92	65	O	6.93	A	-		
92	66	O	6.93	A	-		
92	67	O	6.93	T	-		
92	68	O	6.93	C	-		
92	69	O	6.93	T	-		
92	70	O	6.93	A	-		
92	71	O	6.93	A	-		
92	72	O	6.93	G	-		
92	73	O	6.93	A	-		
92	74	O	6.93	A	-		
92	75	O	6.93	G	-		
92	76	O	6.93	C	-		
92	77	O	6.93	T	-		
92	78	O	6.93	T	-		
92	79	O	6.93	G	-		
92	80	O	6.93	T	-		
92	81	O	6.93	T	-		
92	82	O	6.93	C	-		
92	83	O	6.93	C	-		
92	84	O	6.93	C	-		
92	85	O	6.93	A	-		
92	86	O	6.93	A	-		
92	87	O	6.93	A	-		
92	88	O	6.93	G	-		
92	89	O	6.93	T	-		
92	90	O	6.93	A	-		
92	91	O	6.93	T	-		
92	92	O	6.93	G	-		
92	93	O	6.93	T	-		
92	94	O	6.93	C	-		
92	95	O	6.93	T	-		
92	96	O	6.93	G	-		
92	97	O	6.93	A	-		
92	98	O	6.93	C	-		
92	99	O	6.93	G	-		
92	100	O	6.93	G	-		
92	101	O	6.93	C	-		
92	102	O	6.93	A	-		
92	103	O	6.93	T	-		
92	104	O	6.93	C	-		
92	105	O	6.93	A	-		
92	106	O	6.93	A	-		
92	107	O	6.93	T	-		
92	108	O	6.93	A	-		
92	109	O	6.93	G	-		
93	0	O	8.32	T	-		
93	1	O	8.32	G	-		
93	2	O	8.32	T	-		
93	3	O	8.32	A	-		
93	4	O	8.32	T	-		
93	5	O	8.32	C	-		
93	6	O	8.32	A	-		
93	7	O	8.32	A	-		
93	8	O	8.32	A	-		
93	9	O	8.32	T	-		
93	10	O	8.32	C	-		
93	11	O	8.32	C	-		
93	12	O	8.32	A	-		
93	13	O	8.32	G	-		
93	14	O	8.32	A	-		
93	15	O	8.32	A	-		
93	16	O	8.32	C	-		
93	17	O	8.32	G	-		
93	18	O	8.32	C	-		
93	19	O	8.32	G	-		
93	20	O	8.32	G	-		
93	21	O	8.32	G	-		
93	22	O	8.32	G	-		
93	23	O	8.32	C	-		
93	24	O	8.32	T	-		
93	25	O	8.32	T	-		
93	26	O	8.32	T	-		
93	27	O	8.32	A	-		
93	28	O	8.32	T	-		
93	29	O	8.32	T	-		
93	30	O	8.32	C	-		
93	31	O	8.32	C	-		
93	32	O	8.32	G	-		
93	33	O	8.32	G	-		
93	34	O	8.32	G	-		
93	35	O	8.32	T	-		
93	36	O	8.32	T	-		
93	37	O	8.32	T	-		
93	38	O	8.32	G	-		
93	39	O	8.32	G	-		
93	40	O	8.32	T	-		
93	41	O	8.32	T	-		
93	42	O	8.32	G	-		
93	43	O	8.32	G	-		
93	44	O	8.32	C	-		
93	45	O	8.32	G	-		
93	46	O	8.32	A	-		
93	47	O	8.32	G	-		
93	48	O	8.32	T	-		
93	49	O	8.32	G	-		
93	50	O	8.32	G	-		
93	51	O	8.32	T	-		
93	52	O	8.32	C	-		
93	53	O	8.32	A	-		
93	54	O	8.32	G	-		
93	55	O	8.32	C	-		
93	56	O	8.32	G	-		
93	57	O	8.32	A	-		
93	58	O	8.32	G	-		
93	59	O	8.32	A	-		
93	60	O	8.32	G	-		
93	61	O	8.32	G	-		
93	62	O	8.32	G	-		
93	63	O	8.32	G	-		
93	64	O	8.32	C	-		
93	65	O	8.32	T	-		
93	66	O	8.32	T	-		
93	67	O	8.32	C	-		
93	68	O	8.32	T	-		
93	69	O	8.32	T	-		
93	70	O	8.32	G	-		
93	71	O	8.32	T	-		
93	72	O	8.32	C	-		
93	73	O	8.32	G	-		
93	74	O	8.32	C	-		
93	75	O	8.32	C	-		
93	76	O	8.32	A	-		
93	77	O	8.32	C	-		
93	78	O	8.32	T	-		
93	79	O	8.32	G	-		
93	80	O	8.32	T	-		
93	81	O	8.32	T	-		
93	82	O	8.32	G	-		
93	83	O	8.32	G	-		
93	84	O	8.32	A	-		
93	85	O	8.32	G	-		
93	86	O	8.32	C	-		
93	87	O	8.32	T	-		
93	88	O	8.32	C	-		
93	89	O	8.32	G	-		
93	90	O	8.32	T	-		
93	91	O	8.32	C	-		
93	92	O	8.32	C	-		
93	93	O	8.32	A	-		
93	94	O	8.32	T	-		
93	95	O	8.32	C	-		
93	96	O	8.32	A	-		
93	97	O	8.32	G	-		
93	98	O	8.32	G	-		
93	99	O	8.32	C	-		
93	100	O	8.32	A	-		
93	101	O	8.32	G	-		
93	102	O	8.32	A	-		
93	103	O	8.32	G	-		
93	104	O	8.32	C	-		
93	105	O	8.32	A	-		
93	106	O	8.32	C	-		
93	107	O	8.32	G	-		
93	108	O	8.32	T	-		
93	109	O	8.32	C	-		
94	0	O	5.55	T	-		
94	1	O	5.55	A	-		
94	2	O	5.55	G	-		
94	3	O	5.55	A	-		
94	4	O	5.55	C	-		
94	5	O	5.55	G	-		
94	6	O	5.55	T	-		
94	7	O	5.55	A	-		
94	8	O	5.55	G	-		
94	9	O	5.55	G	-		
94	10	O	5.55	T	-		
94	11	O	5.55	T	-		
94	12	O	5.55	G	-		
94	13	O	5.55	C	-		
94	14	O	5.55	A	-		
94	15	O	5.55	T	-		
94	16	O	5.55	T	-		
94	17	O	5.55	C	-		
94	18	O	5.55	A	-		
94	19	O	5.55	A	-		
94	20	O	5.55	T	-		
94	21	O	5.55	T	-		
94	22	O	5.55	A	-		
94	23	O	5.55	G	-		
94	24	O	5.55	A	-		
94	25	O	5.55	A	-		
94	26	O	5.55	C	-		
94	27	O	5.55	T	-		
94	28	O	5.55	G	-		
94	29	O	5.55	C	-		
94	30	O	5.55	C	-		
94	31	O	5.55	G	-		
94	32	O	5.55	T	-		
94	33	O	5.55	T	-		
94	34	O	5.55	T	-		
94	35	O	5.55	G	-		
94	36	O	5.55	A	-		
94	37	O	5.55	C	-		
94	38	O	5.55	G	-		
94	39	O	5.55	C	-		
94	40	O	5.55	A	-		
94	41	O	5.55	G	-		
94	42	O	5.55	T	-		
94	43	O	5.55	T	-		
94	44	O	5.55	T	-		
94	45	O	5.55	T	-		
94	46	O	5.55	A	-		
94	47	O	5.55	T	-		
94	48	O	5.55	A	-		
94	49	O	5.55	G	-		
94	50	O	5.55	A	-		
94	51	O	5.55	T	-		
94	52	O	5.55	C	-		
94	53	O	5.55	T	-		
94	54	O	5.55	G	-		
94	55	O	5.55	T	-		
94	56	O	5.55	C	-		
94	57	O	5.55	T	-		
94	58	O	5.55	G	-		
94	59	O	5.55	T	-		
94	60	O	5.55	C	-		
94	61	O	5.55	A	-		
94	62	O	5.55	A	-		
94	63	O	5.55	T	-		
94	64	O	5.55	G	-		
94	65	O	5.55	A	-		
94	66	O	5.55	A	-		
94	67	O	5.55	G	-		
94	68	O	5.55	T	-		
94	69	O	5.55	G	-		
94	70	O	5.55	C	-		
94	71	O	5.55	T	-		
94	72	O	5.55	T	-		
94	73	O	5.55	G	-		
94	74	O	5.55	C	-		
94	75	O	5.55	A	-		
94	76	O	5.55	T	-		
94	77	O	5.55	C	-		
94	78	O	5.55	T	-		
94	79	O	5.55	T	-		
94	80	O	5.55	C	-		
94	81	O	5.55	A	-		
94	82	O	5.55	T	-		
94	83	O	5.55	A	-		
94	84	O	5.55	C	-		
94	85	O	5.55	A	-		
94	86	O	5.55	T	-		
94	87	O	5.55	G	-		
94	88	O	5.55	C	-		
94	89	O	5.55	A	-		
94	90	O	5.55	T	-		
94	91	O	5.55	T	-		
94	92	O	5.55	G	-		
94	93	O	5.55	C	-		
94	94	O	5.55	C	-		
94	95	O	5.55	A	-		
94	96	O	5.55	C	-		
94	97	O	5.55	T	-		
94	98	O	5.55	C	-		
94	99	O	5.55	A	-		
94	100	O	5.55	T	-		
94	101	O	5.55	C	-		
94	102	O	5.55	A	-		
94	103	O	5.55	A	-		
94	104	O	5.55	G	-		
94	105	O	5.55	T	-		
94	106	O	5.55	T	-		
94	107	O	5.55	C	-		
94	108	O	5.55	T	-		
94	109	O	5.55	G	-		
95	0	O	8.32	A	-		
95	1	O	8.32	T	-		
95	2	O	8.32	A	-		
95	3	O	8.32	A	-		
95	4	O	8.32	C	-		
95	5	O	8.32	G	-		
95	6	O	8.32	A	-		
95	7	O	8.32	A	-		
95	8	O	8.32	T	-		
95	9	O	8.32	A	-		
95	10	O	8.32	A	-		
95	11	O	8.32	C	-		
95	12	O	8.32	A	-		
95	13	O	8.32	A	-		
95	14	O	8.32	G	-		
95	15	O	8.32	A	-		
95	16	O	8.32	T	-		
95	17	O	8.32	A	-		
95	18	O	8.32	C	-		
95	19	O	8.32	C	-		
95	20	O	8.32	G	-		
95	21	O	8.32	A	-		
95	22	O	8.32	T	-		
95	23	O	8.32	T	-		
95	24	O	8.32	G	-		
95	25	O	8.32	C	-		
95	26	O	8.32	C	-		
95	27	O	8.32	C	-		
95	28	O	8.32	C	-		
95	29	O	8.32	C	-		
95	30	O	8.32	A	-		
95	31	O	8.32	A	-		
95	32	O	8.32	T	-		
95	33	O	8.32	T	-		
95	34	O	8.32	C	-		
95	35	O	8.32	G	-		
95	36	O	8.32	A	-		
95	37	O	8.32	C	-		
95	38	O	8.32	A	-		
95	39	O	8.32	C	-		
95	40	O	8.32	A	-		
95	41	O	8.32	C	-		
95	42	O	8.32	A	-		
95	43	O	8.32	C	-		
95	44	O	8.32	T	-		
95	45	O	8.32	T	-		
95	46	O	8.32	T	-		
95	47	O	8.32	A	-		
95	48	O	8.32	T	-		
95	49	O	8.32	C	-		
95	50	O	8.32	C	-		
95	51	O	8.32	T	-		
95	52	O	8.32	G	-		
95	53	O	8.32	A	-		
95	54	O	8.32	G	-		
95	55	O	8.32	A	-		
95	56	O	8.32	C	-		
95	57	O	8.32	A	-		
95	58	O	8.32	T	-		
95	59	O	8.32	C	-		
95	60	O	8.32	C	-		
95	61	O	8.32	T	-		
95	62	O	8.32	T	-		
95	63	O	8.32	T	-		
95	64	O	8.32	G	-		
95	65	O	8.32	G	-		
95	66	O	8.32	G	-		
95	67	O	8.32	C	-		
95	68	O	8.32	G	-		
95	69	O	8.32	A	-		
95	70	O	8.32	T	-		
95	71	O	8.32	C	-		
95	72	O	8.32	A	-		
95	73	O	8.32	C	-		
95	74	O	8.32	G	-		
95	75	O	8.32	A	-		
95	76	O	8.32	T	-		
95	77	O	8.32	C	-		
95	78	O	8.32	A	-		
95	79	O	8.32	A	-		
95	80	O	8.32	G	-		
95	81	O	8.32	A	-		
95	82	O	8.32	A	-		
95	83	O	8.32	A	-		
95	84	O	8.32	G	-		
95	85	O	8.32	A	-		
95	86	O	8.32	T	-		
95	87	O	8.32	C	-		
95	88	O	8.32	T	-		
95	89	O	8.32	G	-		
95	90	O	8.32	T	-		
95	91	O	8.32	T	-		
95	92	O	8.32	C	-		
95	93	O	8.32	C	-		
95	94	O	8.32	T	-		
95	95	O	8.32	T	-		
95	96	O	8.32	T	-		
95	97	O	8.32	G	-		
95	98	O	8.32	G	-		
95	99	O	8.32	A	-		
95	100	O	8.32	C	-		
95	101	O	8.32	C	-		
95	102	O	8.32	T	-		
95	103	O	8.32	T	-		
95	104	O	8.32	G	-		
95	105	O	8.32	G	-		
95	106	O	8.32	A	-		
95	107	O	8.32	G	-		
95	108	O	8.32	C	-		
95	109	O	8.32	G	-		
96	0	O	8.32	C	-		
96	1	O	8.32	T	-		
96	2	O	8.32	T	-		
96	3	O	8.32	G	-		
96	4	O	8.32	G	-		
96	5	O	8.32	A	-		
96	6	O	8.32	A	-		
96	7	O	8.32	A	-		
96	8	O	8.32	A	-		
96	9	O	8.32	T	-		
96	10	O	8.32	G	-		
96	11	O	8.32	C	-		
96	12	O	8.32	G	-		
96	13	O	8.32	T	-		
96	14	O	8.32	G	-		
96	15	O	8.32	C	-		
96	16	O	8.32	G	-		
96	17	O	8.32	G	-		
96	18	O	8.32	T	-		
96	19	O	8.32	T	-		
96	20	O	8.32	G	-		
96	21	O	8.32	C	-		
96	22	O	8.32	T	-		
96	23	O	8.32	C	-		
96	24	O	8.32	A	-		
96	25	O	8.32	A	-		
96	26	O	8.32	G	-		
96	27	O	8.32	T	-		
96	28	O	8.32	G	-		
96	29	O	8.32	T	-		
96	30	O	8.32	T	-		
96	31	O	8.32	T	-		
96	32	O	8.32	G	-		
96	33	O	8.32	T	-		
96	34	O	8.32	T	-		
96	35	O	8.32	G	-		
96	36	O	8.32	T	-		
96	37	O	8.32	T	-		
96	38	O	8.32	G	-		
96	39	O	8.32	T	-		
96	40	O	8.32	G	-		
96	41	O	8.32	G	-		
96	42	O	8.32	T	-		
96	43	O	8.32	A	-		
96	44	O	8.32	G	-		
96	45	O	8.32	C	-		
96	46	O	8.32	C	-		
96	47	O	8.32	A	-		
96	48	O	8.32	A	-		
96	49	O	8.32	T	-		
96	50	O	8.32	T	-		
96	51	O	8.32	T	-		
96	52	O	8.32	T	-		
96	53	O	8.32	T	-		
96	54	O	8.32	C	-		
96	55	O	8.32	G	-		
96	56	O	8.32	C	-		
96	57	O	8.32	C	-		
96	58	O	8.32	T	-		
96	59	O	8.32	G	-		
96	60	O	8.32	A	-		
96	61	O	8.32	C	-		
96	62	O	8.32	A	-		
96	63	O	8.32	A	-		
96	64	O	8.32	G	-		
96	65	O	8.32	T	-		
96	66	O	8.32	T	-		
96	67	O	8.32	T	-		
96	68	O	8.32	A	-		
96	69	O	8.32	T	-		
96	70	O	8.32	T	-		
96	71	O	8.32	G	-		
96	72	O	8.32	T	-		
96	73	O	8.32	T	-		
96	74	O	8.32	G	-		
96	75	O	8.32	T	-		
96	76	O	8.32	T	-		
96	77	O	8.32	G	-		
96	78	O	8.32	T	-		
96	79	O	8.32	T	-		
96	80	O	8.32	C	-		
96	81	O	8.32	C	-		
96	82	O	8.32	A	-		
96	83	O	8.32	G	-		
96	84	O	8.32	G	-		
96	85	O	8.32	C	-		
96	86	O	8.32	A	-		
96	87	O	8.32	A	-		
96	88	O	8.32	G	-		
96	89	O	8.32	A	-		
96	90	O	8.32	G	-		
96	91	O	8.32	C	-		
96	92	O	8.32	A	-		
96	93	O	8.32	T	-		
96	94	O	8.32	C	-		
96	95	O	8.32	A	-		
96	96	O	8.32	A	-		
96	97	O	8.32	G	-		
96	98	O	8.32	T	-		
96	99	O	8.32	C	-		
96	100	O	8.32	G	-		
96	101	O	8.32	T	-		
96	102	O	8.32	T	-		
96	103	O	8.32	G	-		
96	104	O	8.32	C	-		
96	105	O	8.32	G	-		
96	106	O	8.32	G	-		
96	107	O	8.32	T	-		
96	108	O	8.32	C	-		
96	109	O	8.32	C	-		
97	0	O	5.55	T	-		
97	1	O	5.55	C	-		
97	2	O	5.55	A	-		
97	3	O	5.55	A	-		
97	4	O	5.55	C	-		
97	5	O	5.55	A	-		
97	6	O	5.55	A	-		
97	7	O	5.55	C	-		
97	8	O	5.55	A	-		
97	9	O	5.55	T	-		
97	10	O	5.55	A	-		
97	11	O	5.55	A	-		
97	12	O	5.55	A	-		
97	13	O	5.55	A	-		
97	14	O	5.55	A	-		
97	15	O	5.55	T	-		
97	16	O	5.55	A	-		
97	17	O	5.55	G	-		
97	18	O	5.55	T	-		
97	19	O	5.55	G	-		
97	20	O	5.55	C	-		
97	21	O	5.55	T	-		
97	22	O	5.55	T	-		
97	23	O	5.55	T	-		
97	24	O	5.55	T	-		
97	25	O	5.55	G	-		
97	26	O	5.55	T	-		
97	27	O	5.55	A	-		
97	28	O	5.55	A	-		
97	29	O	5.55	G	-		
97	30	O	5.55	C	-		
97	31	O	5.55	C	-		
97	32	O	5.55	G	-		
97	33	O	5.55	A	-		
97	34	O	5.55	C	-		
97	35	O	5.55	A	-		
97	36	O	5.55	A	-		
97	37	O	5.55	A	-		
97	38	O	5.55	T	-		
97	39	O	5.55	G	-		
97	40	O	5.55	C	-		
97	41	O	5.55	T	-		
97	42	O	5.55	G	-		
97	43	O	5.55	A	-		
97	44	O	5.55	T	-		
97	45	O	5.55	T	-		
97	46	O	5.55	G	-		
97	47	O	5.55	T	-		
97	48	O	5.55	C	-		
97	49	O	5.55	C	-		
97	50	O	5.55	A	-		
97	51	O	5.55	A	-		
97	52	O	5.55	A	-		
97	53	O	5.55	G	-		
97	54	O	5.55	C	-		
97	55	O	5.55	A	-		
97	56	O	5.55	G	-		
97	57	O	5.55	C	-		
97	58	O	5.55	A	-		
97	59	O	5.55	T	-		
97	60	O	5.55	A	-		
97	61	O	5.55	C	-		
97	62	O	5.55	T	-		
97	63	O	5.55	C	-		
97	64	O	5.55	T	-		
97	65	O	5.55	T	-		
97	66	O	5.55	A	-		
97	67	O	5.55	G	-		
97	68	O	5.55	A	-		
97	69	O	5.55	T	-		
97	70	O	5.55	A	-		
97	71	O	5.55	A	-		
97	72	O	5.55	C	-		
97	73	O	5.55	A	-		
97	74	O	5.55	A	-		
97	75	O	5.55	G	-		
97	76	O	5.55	T	-		
97	77	O	5.55	A	-		
97	78	O	5.55	T	-		
97	79	O	5.55	G	-		
97	80	O	5.55	A	-		
97	81	O	5.55	T	-		
97	82	O	5.55	G	-		
97	83	O	5.55	G	-		
97	84	O	5.55	A	-		
97	85	O	5.55	T	-		
97	86	O	5.55	A	-		
97	87	O	5.55	A	-		
97	88	O	5.55	C	-		
97	89	O	5.55	T	-		
97	90	O	5.55	A	-		
97	91	O	5.55	T	-		
97	92	O	5.55	G	-		
97	93	O	5.55	T	-		
97	94	O	5.55	G	-		
97	95	O	5.55	A	-		
97	96	O	5.55	T	-		
97	97	O	5.55	G	-		
97	98	O	5.55	G	-		
97	99	O	5.55	C	-		
97	100	O	5.55	G	-		
97	101	O	5.55	C	-		
97	102	O	5.55	A	-		
97	103	O	5.55	A	-		
97	104	O	5.55	C	-		
97	105	O	5.55	C	-		
97	106	O	5.55	T	-		
97	107	O	5.55	T	-		
97	108	O	5.55	G	-		
97	109	O	5.55	A	-		
98	0	O	9.70	T	-		
98	1	O	9.70	T	-		
98	2	O	9.70	G	-		
98	3	O	9.70	G	-		
98	4	O	9.70	T	-		
98	5	O	9.70	T	-		
98	6	O	9.70	A	-		
98	7	U	1.77	G	A		
98	8	O	9.70	G	-		
98	9	O	9.70	T	-		
98	10	O	9.70	C	-		
98	11	O	9.70	A	-		
98	12	O	9.70	T	-		
98	13	O	9.70	C	-		
98	14	O	9.70	T	-		
98	15	O	9.70	G	-		
98	16	O	9.70	T	-		
98	17	O	9.70	T	-		
98	18	O	9.70	T	-		
98	19	O	9.70	G	-		
98	20	O	9.70	G	-		
98	21	U	1.77	T	C		
98	22	O	9.70	A	-		
98	23	O	9.70	G	-		
98	24	O	9.70	A	-		
98	25	O	9.70	C	-		
98	26	O	9.70	T	-		
98	27	O	9.70	G	-		
98	28	O	9.70	G	-		
98	29	O	9.70	A	-		
98	30	O	9.70	T	-		
98	31	O	9.70	G	-		
98	32	O	9.70	C	-		
98	33	O	9.70	T	-		
98	34	O	9.70	G	-		
98	35	O	9.70	A	-		
98	36	O	9.70	T	-		
98	37	O	9.70	T	-		
98	38	O	9.70	G	-		
98	39	O	9.70	C	-		
98	40	O	9.70	G	-		
98	41	O	9.70	T	-		
98	42	O	9.70	T	-		
98	43	O	9.70	G	-		
98	44	O	9.70	A	-		
98	45	O	9.70	T	-		
98	46	O	9.70	T	-		
98	47	O	9.70	C	-		
98	48	O	9.70	A	-		
98	49	O	9.70	T	-		
98	50	O	9.70	G	-		
98	51	O	9.70	G	-		
98	52	O	9.70	A	-		
98	53	O	9.70	G	-		
98	54	O	9.70	G	-		
98	55	O	9.70	A	-		
98	56	O	9.70	G	-		
98	57	O	9.70	A	-		
98	58	O	9.70	C	-		
98	59	O	9.70	A	-		
98	60	O	9.70	G	-		
98	61	O	9.70	G	-		
98	62	O	9.70	C	-		
98	63	U	1.77	C	T		
98	64	O	9.70	A	-		
98	65	O	9.70	T	-		
98	66	O	9.70	A	-		
98	67	O	9.70	G	-		
98	68	O	9.70	A	-		
98	69	O	9.70	G	-		
98	70	O	9.70	A	-		
98	71	O	9.70	T	-		
98	72	O	9.70	C	-		
98	73	O	9.70	T	-		
98	74	O	9.70	G	-		
98	75	O	9.70	C	-		
98	76	O	9.70	C	-		
98	77	O	9.70	A	-		
98	78	O	9.70	G	-		
98	79	O	9.70	C	-		
98	80	O	9.70	A	-		
98	81	O	9.70	C	-		
98	82	O	9.70	C	-		
98	83	O	9.70	C	-		
98	84	O	9.70	C	-		
98	85	O	9.70	C	-		
98	86	U	1.77	A	G		
98	87	O	9.70	C	-		
98	88	O	9.70	G	-		
98	89	O	9.70	C	-		
98	90	O	9.70	C	-		
98	91	O	9.70	C	-		
98	92	O	9.70	T	-		
98	93	O	9.70	T	-		
98	94	O	9.70	C	-		
98	95	O	9.70	T	-		
98	96	O	9.70	G	-		
98	97	O	9.70	T	-		
98	98	O	9.70	T	-		
98	99	O	9.70	G	-		
98	100	O	9.70	G	-		
98	101	O	9.70	C	-		
98	102	O	9.70	A	-		
98	103	O	9.70	G	-		
98	104	O	9.70	A	-		
98	105	O	9.70	T	-		
98	106	O	9.70	T	-		
98	107	O	9.70	C	-		
98	108	O	9.70	T	-		
98	109	O	9.70	T	-		
99	0	O	13.86	G	-		
99	1	O	13.86	C	-		
99	2	O	13.86	T	-		
99	3	O	13.86	C	-		
99	4	O	13.86	A	-		
99	5	O	13.86	C	-		
99	6	O	13.86	C	-		
99	7	O	13.86	A	-		
99	8	O	13.86	A	-		
99	9	O	13.86	A	-		
99	10	O	13.86	C	-		
99	11	O	13.86	A	-		
99	12	O	13.86	T	-		
99	13	O	13.86	T	-		
99	14	O	13.86	G	-		
99	15	O	13.86	C	-		
99	16	O	13.86	T	-		
99	17	O	13.86	T	-		
99	18	O	13.86	C	-		
99	19	O	13.86	C	-		
99	20	O	13.86	A	-		
99	21	O	13.86	G	-		
99	22	O	13.86	A	-		
99	23	O	13.86	C	-		
99	24	O	13.86	A	-		
99	25	O	13.86	T	-		
99	26	O	13.86	C	-		
99	27	O	13.86	A	-		
99	28	O	13.86	A	-		
99	29	O	13.86	T	-		
99	30	O	13.86	T	-		
99	31	O	13.86	T	-		
99	32	O	13.86	G	-		
99	33	O	13.86	A	-		
99	34	O	13.86	G	-		
99	35	O	13.86	G	-		
99	36	O	13.86	G	-		
99	37	O	13.86	A	-		
99	38	O	13.86	G	-		
99	39	O	13.86	T	-		
99	40	O	13.86	T	-		
99	41	O	13.86	C	-		
99	42	O	13.86	A	-		
99	43	O	13.86	T	-		
99	44	O	13.86	T	-		
99	45	O	13.86	G	-		
99	46	O	13.86	T	-		
99	47	O	13.86	T	-		
99	48	O	13.86	C	-		
99	49	O	13.86	A	-		
99	50	O	13.86	T	-		
99	51	O	13.86	C	-		
99	52	O	13.86	A	-		
99	53	O	13.86	T	-		
99	54	O	13.86	A	-		
99	55	O	13.86	T	-		
99	56	O	13.86	T	-		
99	57	O	13.86	T	-		
99	58	O	13.86	A	-		
99	59	O	13.86	G	-		
99	60	O	13.86	A	-		
99	61	O	13.86	T	-		
99	62	O	13.86	A	-		
99	63	O	13.86	G	-		
99	64	O	13.86	A	-		
99	65	O	13.86	T	-		
99	66	O	13.86	C	-		
99	67	O	13.86	C	-		
99	68	O	13.86	T	-		
99	69	O	13.86	T	-		
99	70	O	13.86	C	-		
99	71	O	13.86	T	-		
99	72	O	13.86	C	-		
99	73	O	13.86	C	-		
99	74	O	13.86	T	-		
99	75	O	13.86	T	-		
99	76	O	13.86	C	-		
99	77	O	13.86	T	-		
99	78	O	13.86	C	-		
99	79	O	13.86	C	-		
99	80	O	13.86	T	-		
99	81	O	13.86	T	-		
99	82	O	13.86	C	-		
99	83	O	13.86	T	-		
99	84	O	13.86	C	-		
99	85	O	13.86	C	-		
99	86	O	13.86	T	-		
99	87	O	13.86	T	-		
99	88	O	13.86	C	-		
99	89	O	13.86	T	-		
99	90	O	13.86	C	-		
99	91	O	13.86	C	-		
99	92	O	13.86	T	-		
99	93	O	13.86	T	-		
99	94	O	13.86	C	-		
99	95	O	13.86	T	-		
99	96	O	13.86	C	-		
99	97	O	13.86	C	-		
99	98	O	13.86	T	-		
99	99	O	13.86	T	-		
99	100	O	13.86	C	-		
99	101	O	13.86	T	-		
99	102	O	13.86	C	-		
99	103	O	13.86	C	-		
99	104	O	13.86	T	-		
99	105	O	13.86	T	-		
99	106	O	13.86	C	-		
99	107	O	13.86	T	-		
99	108	O	13.86	C	-		
99	109	O	13.86	C	-		
100	0	O	8.32	C	-		
100	1	O	8.32	A	-		
100	2	O	8.32	G	-		
100	3	O	8.32	C	-		
100	4	O	8.32	T	-		
100	5	O	8.32	G	-		
100	6	O	8.32	G	-		
100	7	O	8.32	C	-		
100	8	O	8.32	C	-		
100	9	O	8.32	T	-		
100	10	O	8.32	C	-		
100	11	O	8.32	G	-		
100	12	O	8.32	C	-		
100	13	O	8.32	T	-		
100	14	O	8.32	G	-		
100	15	O	8.32	G	-		
100	16	O	8.32	A	-		
100	17	O	8.32	G	-		
100	18	O	8.32	C	-		
100	19	O	8.32	C	-		
100	20	O	8.32	A	-		
100	21	O	8.32	C	-		
100	22	O	8.32	C	-		
100	23	O	8.32	G	-		
100	24	O	8.32	G	-		
100	25	O	8.32	T	-		
100	26	O	8.32	C	-		
100	27	O	8.32	T	-		
100	28	O	8.32	C	-		
100	29	O	8.32	G	-		
100	30	O	8.32	G	-		
100	31	O	8.32	T	-		
100	32	O	8.32	G	-		
100	33	O	8.32	A	-		
100	34	O	8.32	G	-		
100	35	O	8.32	G	-		
100	36	O	8.32	A	-		
100	37	O	8.32	T	-		
100	38	O	8.32	G	-		
100	39	O	8.32	G	-		
100	40	O	8.32	C	-		
100	41	O	8.32	C	-		
100	42	O	8.32	T	-		
100	43	O	8.32	G	-		
100	44	O	8.32	G	-		
100	45	O	8.32	C	-		
100	46	O	8.32	G	-		
100	47	O	8.32	C	-		
100	48	O	8.32	T	-		
100	49	O	8.32	T	-		
100	50	O	8.32	G	-		
100	51	O	8.32	T	-		
100	52	O	8.32	T	-		
100	53	O	8.32	C	-		
100	54	O	8.32	T	-		
100	55	O	8.32	T	-		
100	56	O	8.32	C	-		
100	57	O	8.32	T	-		
100	58	O	8.32	G	-		
100	59	O	8.32	C	-		
100	60	O	8.32	A	-		
100	61	O	8.32	G	-		
100	62	O	8.32	C	-		
100	63	O	8.32	C	-		
100	64	O	8.32	A	-		
100	65	O	8.32	C	-		
100	66	O	8.32	G	-		
100	67	O	8.32	C	-		
100	68	O	8.32	G	-		
100	69	O	8.32	C	-		
100	70	O	8.32	C	-		
100	71	O	8.32	G	-		
100	72	O	8.32	A	-		
100	73	O	8.32	G	-		
100	74	O	8.32	A	-		
100	75	O	8.32	G	-		
100	76	O	8.32	T	-		
100	77	O	8.32	C	-		
100	78	O	8.32	T	-		
100	79	O	8.32	C	-		
100	80	O	8.32	G	-		
100	81	O	8.32	A	-		
100	82	O	8.32	A	-		
100	83	O	8.32	G	-		
100	84	O	8.32	A	-		
100	85	O	8.32	C	-		
100	86	O	8.32	G	-		
100	87	O	8.32	T	-		
100	88	O	8.32	C	-		
100	89	O	8.32	G	-		
100	90	O	8.32	A	-		
100	91	O	8.32	C	-		
100	92	U	-3.71	G	A		
100	93	O	8.32	T	-		
100	94	O	8.32	T	-		
100	95	O	8.32	G	-		
100	96	O	8.32	T	-		
100	97	O	8.32	T	-		
100	98	O	8.32	G	-		
100	99	O	8.32	G	-		
100	100	O	8.32	T	-		
100	101	O	8.32	G	-		
100	102	O	8.32	G	-		
100	103	O	8.32	A	-		
100	104	O	8.32	G	-		
100	105	O	8.32	C	-		
100	106	O	8.32	A	-		
100	107	O	8.32	G	-		
100	108	O	8.32	G	-		
100	109	O	8.32	C	-		
101	0	O	6.93	A	-		
101	1	O	6.93	A	-		
101	2	O	6.93	T	-		
101	3	O	6.93	A	-		
101	4	O	6.93	C	-		
101	5	O	6.93	A	-		
101	6	O	6.93	A	-		
101	7	O	6.93	G	-		
101	8	O	6.93	A	-		
101	9	O	6.93	A	-		
101	10	O	6.93	C	-		
101	11	O	6.93	T	-		
101	12	O	6.93	T	-		
101	13	O	6.93	G	-		
101	14	O	6.93	T	-		
101	15	O	6.93	G	-		
101	16	O	6.93	G	-		
101	17	O	6.93	C	-		
101	18	O	6.93	G	-		
101	19	O	6.93	T	-		
101	20	O	6.93	T	-		
101	21	O	6.93	G	-		
101	22	O	6.93	T	-		
101	23	O	6.93	G	-		
101	24	O	6.93	A	-		
101	25	O	6.93	G	-		
101	26	O	6.93	A	-		
101	27	O	6.93	C	-		
101	28	O	6.93	A	-		
101	29	O	6.93	T	-		
101	30	O	6.93	T	-		
101	31	O	6.93	C	-		
101	32	O	6.93	A	-		
101	33	O	6.93	T	-		
101	34	O	6.93	T	-		
101	35	O	6.93	A	-		
101	36	O	6.93	G	-		
101	37	O	6.93	T	-		
101	38	O	6.93	T	-		
101	39	O	6.93	A	-		
101	40	O	6.93	C	-		
101	41	O	6.93	G	-		
101	42	O	6.93	A	-		
101	43	O	6.93	C	-		
101	44	O	6.93	G	-		
101	45	O	6.93	C	-		
101	46	O	6.93	T	-		
101	47	O	6.93	A	-		
101	48	O	6.93	T	-		
101	49	O	6.93	A	-		
101	50	O	6.93	A	-		
101	51	O	6.93	T	-		
101	52	O	6.93	T	-		
101	53	O	6.93	T	-		
101	54	O	6.93	T	-		
101	55	O	6.93	A	-		
101	56	O	6.93	G	-		
101	57	O	6.93	A	-		
101	58	O	6.93	C	-		
101	59	O	6.93	G	-		
101	60	O	6.93	A	-		
101	61	O	6.93	G	-		
101	62	O	6.93	T	-		
101	63	O	6.93	C	-		
101	64	O	6.93	A	-		
101	65	O	6.93	A	-		
101	66	O	6.93	G	-		
101	67	O	6.93	T	-		
101	68	O	6.93	G	-		
101	69	O	6.93	C	-		
101	70	O	6.93	A	-		
101	71	O	6.93	A	-		
101	72	O	6.93	T	-		
101	73	O	6.93	G	-		
101	74	O	6.93	A	-		
101	75	O	6.93	C	-		
101	76	O	6.93	A	-		
101	77	O	6.93	T	-		
101	78	O	6.93	G	-		
101	79	O	6.93	T	-		
101	80	O	6.93	G	-		
101	81	O	6.93	G	-		
101	82	O	6.93	G	-		
101	83	O	6.93	T	-		
101	84	O	6.93	T	-		
101	85	O	6.93	G	-		
101	86	O	6.93	A	-		
101	87	O	6.93	A	-		
101	88	O	6.93	G	-		
101	89	O	6.93	A	-		
101	90	O	6.93	A	-		
101	91	O	6.93	G	-		
101	92	O	6.93	T	-		
101	93	O	6.93	C	-		
101	94	O	6.93	G	-		
101	95	O	6.93	A	-		
101	96	O	6.93	G	-		
101	97	O	6.93	T	-		
101	98	O	6.93	C	-		
101	99	O	6.93	A	-		
101	100	O	6.93	C	-		
101	101	O	6.93	A	-		
101	102	O	6.93	C	-		
101	103	O	6.93	G	-		
101	104	O	6.93	A	-		
101	105	O	6.93	A	-		
101	106	O	6.93	C	-		
101	107	O	6.93	G	-		
101	108	O	6.93	A	-		
101	109	O	6.93	G	-		
102	0	O	11.09	T	-		
102	1	O	11.09	G	-		
102	2	O	11.09	G	-		
102	3	O	11.09	G	-		
102	4	O	11.09	T	-		
102	5	O	11.09	G	-		
102	6	O	11.09	C	-		
102	7	O	11.09	T	-		
102	8	O	11.09	G	-		
102	9	O	11.09	C	-		
102	10	O	11.09	A	-		
102	11	O	11.09	G	-		
102	12	O	11.09	G	-		
102	13	O	11.09	C	-		
102	14	O	11.09	C	-		
102	15	O	11.09	T	-		
102	16	O	11.09	A	-		
102	17	O	11.09	C	-		
102	18	O	11.09	A	-		
102	19	O	11.09	C	-		
102	20	O	11.09	C	-		
102	21	O	11.09	A	-		
102	22	O	11.09	A	-		
102	23	O	11.09	A	-		
102	24	O	11.09	G	-		
102	25	O	11.09	G	-		
102	26	O	11.09	C	-		
102	27	O	11.09	G	-		
102	28	O	11.09	A	-		
102	29	O	11.09	C	-		
102	30	O	11.09	C	-		
102	31	O	11.09	T	-		
102	32	O	11.09	G	-		
102	33	O	11.09	G	-		
102	34	O	11.09	A	-		
102	35	O	11.09	A	-		
102	36	O	11.09	G	-		
102	37	O	11.09	C	-		
102	38	O	11.09	A	-		
102	39	O	11.09	T	-		
102	40	O	11.09	G	-		
102	41	O	11.09	C	-		
102	42	O	11.09	C	-		
102	43	O	11.09	T	-		
102	44	O	11.09	C	-		
102	45	O	11.09	A	-		
102	46	O	11.09	A	-		
102	47	O	11.09	C	-		
102	48	O	11.09	A	-		
102	49	O	11.09	C	-		
102	50	O	11.09	G	-		
102	51	O	11.09	T	-		
102	52	O	11.09	G	-		
102	53	O	11.09	G	-		
102	54	O	11.09	C	-		
102	55	O	11.09	T	-		
102	56	O	11.09	G	-		
102	57	O	11.09	A	-		
102	58	O	11.09	A	-		
102	59	O	11.09	A	-		
102	60	O	11.09	C	-		
102	61	O	11.09	T	-		
102	62	O	11.09	C	-		
102	63	O	11.09	G	-		
102	64	O	11.09	T	-		
102	65	O	11.09	G	-		
102	66	O	11.09	G	-		
102	67	O	11.09	A	-		
102	68	O	11.09	A	-		
102	69	O	11.09	G	-		
102	70	O	11.09	C	-		
102	71	O	11.09	G	-		
102	72	O	11.09	A	-		
102	73	O	11.09	T	-		
102	74	O	11.09	C	-		
102	75	O	11.09	G	-		
102	76	O	11.09	A	-		
102	77	O	11.09	A	-		
102	78	O	11.09	A	-		
102	79	O	11.09	A	-		
102	80	O	11.09	G	-		
102	81	O	11.09	C	-		
102	82	O	11.09	G	-		
102	83	O	11.09	C	-		
102	84	O	11.09	G	-		
102	85	O	11.09	C	-		
102	86	O	11.09	C	-		
102	87	O	11.09	G	-		
102	88	O	11.09	A	-		
102	89	O	11.09	C	-		
102	90	O	11.09	C	-		
102	91	O	11.09	C	-		
102	92	O	11.09	C	-		
102	93	O	11.09	T	-		
102	94	O	11.09	T	-		
102	95	O	11.09	G	-		
102	96	O	11.09	A	-		
102	97	O	11.09	A	-		
102	98	O	11.09	C	-		
102	99	O	11.09	T	-		
102	100	O	11.09	T	-		
102	101	O	11.09	G	-		
102	102	O	11.09	A	-		
102	103	O	11.09	A	-		
102	104	O	11.09	G	-		
102	105	O	11.09	C	-		
102	106	O	11.09	G	-		
102	107	O	11.09	C	-		
102	108	U	2.86	T	C		
102	109	O	11.09	C	-		
103	0	O	5.55	G	-		
103	1	O	5.55	C	-		
103	2	O	5.55	T	-		
103	3	O	5.55	T	-		
103	4	O	5.55	C	-		
103	5	O	5.55	G	-		
103	6	O	5.55	A	-		
103	7	O	5.55	C	-		
103	8	O	5.55	C	-		
103	9	O	5.55	T	-		
103	10	O	5.55	G	-		
103	11	O	5.55	T	-		
103	12	O	5.55	T	-		
103	13	O	5.55	C	-		
103	14	O	5.55	G	-		
103	15	O	5.55	G	-		
103	16	O	5.55	G	-		
103	17	O	5.55	C	-		
103	18	O	5.55	G	-		
103	19	O	5.55	C	-		
103	20	O	5.55	C	-		
103	21	O	5.55	A	-		
103	22	O	5.55	G	-		
103	23	O	5.55	A	-		
103	24	O	5.55	T	-		
103	25	O	5.55	G	-		
103	26	O	5.55	A	-		
103	27	O	5.55	G	-		
103	28	O	5.55	C	-		
103	29	O	5.55	T	-		
103	30	O	5.55	T	-		
103	31	O	5.55	G	-		
103	32	O	5.55	G	-		
103	33	O	5.55	A	-		
103	34	O	5.55	C	-		
103	35	O	5.55	T	-		
103	36	O	5.55	T	-		
103	37	O	5.55	T	-		
103	38	O	5.55	G	-		
103	39	O	5.55	C	-		
103	40	O	5.55	A	-		
103	41	O	5.55	A	-		
103	42	O	5.55	A	-		
103	43	O	5.55	G	-		
103	44	O	5.55	G	-		
103	45	O	5.55	C	-		
103	46	O	5.55	G	-		
103	47	O	5.55	A	-		
103	48	O	5.55	G	-		
103	49	O	5.55	G	-		
103	50	O	5.55	T	-		
103	51	O	5.55	C	-		
103	52	O	5.55	G	-		
103	53	O	5.55	G	-		
103	54	O	5.55	A	-		
103	55	O	5.55	T	-		
103	56	O	5.55	G	-		
103	57	O	5.55	C	-		
103	58	O	5.55	G	-		
103	59	O	5.55	A	-		
103	60	O	5.55	C	-		
103	61	O	5.55	G	-		
103	62	O	5.55	G	-		
103	63	O	5.55	T	-		
103	64	O	5.55	G	-		
103	65	O	5.55	A	-		
103	66	O	5.55	A	-		
103	67	O	5.55	G	-		
103	68	O	5.55	A	-		
103	69	O	5.55	G	-		
103	70	O	5.55	G	-		
103	71	O	5.55	G	-		
103	72	O	5.55	A	-		
103	73	O	5.55	G	-		
103	74	O	5.55	G	-		
103	75	O	5.55	A	-		
103	76	O	5.55	C	-		
103	77	O	5.55	G	-		
103	78	O	5.55	G	-		
103	79	O	5.55	T	-		
103	80	O	5.55	G	-		
103	81	O	5.55	A	-		
103	82	O	5.55	T	-		
103	83	O	5.55	G	-		
103	84	O	5.55	C	-		
103	85	O	5.55	G	-		
103	86	O	5.55	G	-		
103	87	O	5.55	G	-		
103	88	O	5.55	A	-		
103	89	O	5.55	C	-		
103	90	O	5.55	T	-		
103	91	O	5.55	C	-		
103	92	O	5.55	G	-		
103	93	O	5.55	A	-		
103	94	O	5.55	G	-		
103	95	O	5.55	G	-		
103	96	O	5.55	A	-		
103	97	O	5.55	G	-		
103	98	O	5.55	C	-		
103	99	O	5.55	A	-		
103	100	O	5.55	C	-		
103	101	O	5.55	A	-		
103	102	O	5.55	A	-		
103	103	O	5.55	G	-		
103	104	O	5.55	A	-		
103	105	O	5.55	A	-		
103	106	O	5.55	G	-		
103	107	O	5.55	C	-		
103	108	O	5.55	A	-		
103	109	O	5.55	A	-		
104	0	O	8.32	T	-		
104	1	O	8.32	C	-		
104	2	O	8.32	A	-		
104	3	O	8.32	A	-		
104	4	O	8.32	C	-		
104	5	O	8.32	A	-		
104	6	O	8.32	A	-		
104	7	O	8.32	A	-		
104	8	O	8.32	G	-		
104	9	O	8.32	G	-		
104	10	O	8.32	T	-		
104	11	O	8.32	T	-		
104	12	O	8.32	C	-		
104	13	O	8.32	G	-		
104	14	O	8.32	C	-		
104	15	O	8.32	A	-		
104	16	O	8.32	G	-		
104	17	O	8.32	A	-		
104	18	O	8.32	C	-		
104	19	O	8.32	C	-		
104	20	O	8.32	C	-		
104	21	O	8.32	T	-		
104	22	O	8.32	T	-		
104	23	O	8.32	G	-		
104	24	O	8.32	G	-		
104	25	O	8.32	C	-		
104	26	O	8.32	T	-		
104	27	O	8.32	T	-		
104	28	O	8.32	G	-		
104	29	O	8.32	T	-		
104	30	O	8.32	C	-		
104	31	O	8.32	T	-		
104	32	O	8.32	C	-		
104	33	O	8.32	G	-		
104	34	O	8.32	T	-		
104	35	O	8.32	C	-		
104	36	O	8.32	T	-		
104	37	O	8.32	T	-		
104	38	O	8.32	C	-		
104	39	O	8.32	A	-		
104	40	O	8.32	C	-		
104	41	O	8.32	A	-		
104	42	O	8.32	C	-		
104	43	O	8.32	C	-		
104	44	O	8.32	T	-		
104	45	O	8.32	C	-		
104	46	O	8.32	A	-		
104	47	O	8.32	G	-		
104	48	O	8.32	T	-		
104	49	O	8.32	C	-		
104	50	O	8.32	A	-		
104	51	O	8.32	C	-		
104	52	O	8.32	T	-		
104	53	O	8.32	A	-		
104	54	O	8.32	A	-		
104	55	O	8.32	C	-		
104	56	O	8.32	A	-		
104	57	O	8.32	T	-		
104	58	O	8.32	G	-		
104	59	O	8.32	T	-		
104	60	O	8.32	T	-		
104	61	O	8.32	C	-		
104	62	O	8.32	A	-		
104	63	O	8.32	G	-		
104	64	O	8.32	T	-		
104	65	O	8.32	G	-		
104	66	O	8.32	C	-		
104	67	O	8.32	C	-		
104	68	O	8.32	T	-		
104	69	O	8.32	A	-		
104	70	O	8.32	T	-		
104	71	O	8.32	G	-		
104	72	O	8.32	G	-		
104	73	O	8.32	C	-		
104	74	O	8.32	T	-		
104	75	O	8.32	C	-		
104	76	O	8.32	C	-		
104	77	O	8.32	A	-		
104	78	O	8.32	C	-		
104	79	O	8.32	G	-		
104	80	O	8.32	C	-		
104	81	O	8.32	C	-		
104	82	O	8.32	T	-		
104	83	O	8.32	T	-		
104	84	O	8.32	C	-		
104	85	O	8.32	G	-		
104	86	O	8.32	C	-		
104	87	O	8.32	A	-		
104	88	O	8.32	G	-		
104	89	O	8.32	T	-		
104	90	O	8.32	A	-		
104	91	O	8.32	C	-		
104	92	O	8.32	G	-		
104	93	O	8.32	A	-		
104	94	O	8.32	T	-		
104	95	O	8.32	G	-		
104	96	O	8.32	C	-		
104	97	O	8.32	G	-		
104	98	U	0.71	T	C		
104	99	O	8.32	A	-		
104	100	O	8.32	C	-		
104	101	O	8.32	G	-		
104	102	O	8.32	G	-		
104	103	O	8.32	C	-		
104	104	O	8.32	A	-		
104	105	O	8.32	G	-		
104	106	O	8.32	C	-		
104	107	O	8.32	A	-		
104	108	O	8.32	G	-		
104	109	O	8.32	A	-		
105	0	O	6.93	G	-		
105	1	O	6.93	A	-		
105	2	O	6.93	C	-		
105	3	O	6.93	G	-		
105	4	O	6.93	A	-		
105	5	O	6.93	G	-		
105	6	O	6.93	A	-		
105	7	O	6.93	C	-		
105	8	O	6.93	T	-		
105	9	O	6.93	G	-		
105	10	O	6.93	G	-		
105	11	O	6.93	A	-		
105	12	O	6.93	G	-		
105	13	O	6.93	T	-		
105	14	O	6.93	A	-		
105	15	O	6.93	G	-		
105	16	O	6.93	A	-		
105	17	O	6.93	G	-		
105	18	O	6.93	A	-		
105	19	O	6.93	C	-		
105	20	O	6.93	T	-		
105	21	O	6.93	A	-		
105	22	O	6.93	C	-		
105	23	O	6.93	C	-		
105	24	O	6.93	A	-		
105	25	O	6.93	T	-		
105	26	O	6.93	C	-		
105	27	O	6.93	A	-		
105	28	O	6.93	G	-		
105	29	O	6.93	A	-		
105	30	O	6.93	T	-		
105	31	O	6.93	T	-		
105	32	O	6.93	T	-		
105	33	O	6.93	C	-		
105	34	O	6.93	C	-		
105	35	O	6.93	C	-		
105	36	O	6.93	T	-		
105	37	O	6.93	G	-		
105	38	O	6.93	A	-		
105	39	O	6.93	A	-		
105	40	O	6.93	C	-		
105	41	O	6.93	C	-		
105	42	O	6.93	A	-		
105	43	O	6.93	T	-		
105	44	O	6.93	T	-		
105	45	O	6.93	G	-		
105	46	O	6.93	A	-		
105	47	O	6.93	A	-		
105	48	O	6.93	C	-		
105	49	O	6.93	G	-		
105	50	O	6.93	A	-		
105	51	O	6.93	C	-		
105	52	O	6.93	C	-		
105	53	O	6.93	C	-		
105	54	O	6.93	T	-		
105	55	O	6.93	A	-		
105	56	O	6.93	G	-		
105	57	O	6.93	A	-		
105	58	O	6.93	T	-		
105	59	O	6.93	C	-		
105	60	O	6.93	A	-		
105	61	O	6.93	A	-		
105	62	O	6.93	T	-		
105	63	O	6.93	C	-		
105	64	O	6.93	A	-		
105	65	O	6.93	A	-		
105	66	O	6.93	T	-		
105	67	O	6.93	C	-		
105	68	O	6.93	G	-		
105	69	O	6.93	A	-		
105	70	O	6.93	G	-		
105	71	O	6.93	C	-		
105	72	O	6.93	C	-		
105	73	O	6.93	T	-		
105	74	O	6.93	C	-		
105	75	O	6.93	C	-		
105	76	O	6.93	A	-		
105	77	O	6.93	C	-		
105	78	O	6.93	A	-		
105	79	O	6.93	T	-		
105	80	O	6.93	A	-		
105	81	O	6.93	A	-		
105	82	O	6.93	T	-		
105	83	O	6.93	C	-		
105	84	O	6.93	T	-		
105	85	O	6.93	G	-		
105	86	O	6.93	C	-		
105	87	O	6.93	G	-		
105	88	O	6.93	A	-		
105	89	O	6.93	C	-		
105	90	O	6.93	A	-		
105	91	O	6.93	A	-		
105	92	O	6.93	G	-		
105	93	O	6.93	C	-		
105	94	O	6.93	A	-		
105	95	O	6.93	A	-		
105	96	O	6.93	A	-		
105	97	O	6.93	C	-		
105	98	O	6.93	A	-		
105	99	O	6.93	T	-		
105	100	O	6.93	G	-		
105	101	O	6.93	C	-		
105	102	O	6.93	C	-		
105	103	O	6.93	T	-		
105	104	O	6.93	T	-		
105	105	O	6.93	T	-		
105	106	O	6.93	C	-		
105	107	O	6.93	A	-		
105	108	O	6.93	A	-		
105	109	O	6.93	A	-		
106	0	O	13.86	T	-		
106	1	O	13.86	G	-		
106	2	O	13.86	G	-		
106	3	O	13.86	A	-		
106	4	O	13.86	A	-		
106	5	O	13.86	G	-		
106	6	O	13.86	C	-		
106	7	O	13.86	T	-		
106	8	O	13.86	T	-		
106	9	O	13.86	C	-		
106	10	O	13.86	T	-		
106	11	O	13.86	T	-		
106	12	O	13.86	G	-		
106	13	O	13.86	C	-		
106	14	O	13.86	T	-		
106	15	O	13.86	C	-		
106	16	O	13.86	G	-		
106	17	O	13.86	A	-		
106	18	O	13.86	A	-		
106	19	O	13.86	A	-		
106	20	O	13.86	C	-		
106	21	O	13.86	T	-		
106	22	O	13.86	T	-		
106	23	O	13.86	C	-		
106	24	O	13.86	C	-		
106	25	O	13.86	C	-		
106	26	O	13.86	G	-		
106	27	O	13.86	C	-		
106	28	O	13.86	A	-		
106	29	O	13.86	A	-		
106	30	O	13.86	A	-		
106	31	O	13.86	C	-		
106	32	O	13.86	G	-		
106	33	O	13.86	C	-		
106	34	O	13.86	C	-		
106	35	O	13.86	C	-		
106	36	O	13.86	C	-		
106	37	O	13.86	A	-		
106	38	O	13.86	T	-		
106	39	O	13.86	T	-		
106	40	O	13.86	C	-		
106	41	O	13.86	T	-		
106	42	O	13.86	A	-		
106	43	O	13.86	T	-		
106	44	O	5.16	T	-		
106	45	O	13.86	C	-		
106	46	O	13.86	C	-		
106	47	O	13.86	T	-		
106	48	O	13.86	G	-		
106	49	O	13.86	T	-		
106	50	O	13.86	T	-		
106	51	O	13.86	C	-		
106	52	O	13.86	A	-		
106	53	O	13.86	T	-		
106	54	O	13.86	T	-		
106	55	O	13.86	A	-		
106	56	O	13.86	T	-		
106	57	O	13.86	G	-		
106	58	O	13.86	C	-		
106	59	O	13.86	A	-		
106	60	O	13.86	T	-		
106	61	O	13.86	A	-		
106	62	O	13.86	G	-		
106	63	O	13.86	T	-		
106	64	O	13.86	G	-		
106	65	O	13.86	A	-		
106	66	O	13.86	T	-		
106	67	O	13.86	T	-		
106	68	O	13.86	C	-		
106	69	O	13.86	C	-		
106	70	O	13.86	T	-		
106	71	O	13.86	G	-		
106	72	O	13.86	A	-		
106	73	O	13.86	C	-		
106	74	O	13.86	T	-		
106	75	O	13.86	C	-		
106	76	O	13.86	G	-		
106	77	O	13.86	A	-		
106	78	O	13.86	C	-		
106	79	O	13.86	G	-		
106	80	O	13.86	C	-		
106	81	O	13.86	T	-		
106	82	O	13.86	C	-		
106	83	O	13.86	C	-		
106	84	O	13.86	G	-		
106	85	O	13.86	A	-		
106	86	O	13.86	A	-		
106	87	O	13.86	A	-		
106	88	O	13.86	G	-		
106	89	O	13.86	G	-		
106	90	O	13.86	G	-		
106	91	O	13.86	A	-		
106	92	O	13.86	A	-		
106	93	O	13.86	G	-		
106	94	O	13.86	T	-		
106	95	O	13.86	G	-		
106	96	O	13.86	C	-		
106	97	O	13.86	A	-		
106	98	O	13.86	C	-		
106	99	O	13.86	T	-		
106	100	O	13.86	T	-		
106	101	O	13.86	C	-		
106	102	O	13.86	C	-		
106	103	O	13.86	T	-		
106	104	O	13.86	A	-		
106	105	O	13.86	A	-		
106	106	O	13.86	T	-		
106	107	O	13.86	C	-		
106	108	E	-4.95	T	C		
106	109	O	13.86	G	-		
107	0	O	6.93	A	-		
107	1	O	6.93	G	-		
107	2	O	6.93	G	-		
107	3	O	6.93	C	-		
107	4	O	6.93	G	-		
107	5	O	6.93	G	-		
107	6	O	6.93	C	-		
107	7	O	6.93	T	-		
107	8	O	6.93	G	-		
107	9	O	6.93	T	-		
107	10	O	6.93	G	-		
107	11	O	6.93	T	-		
107	12	O	6.93	C	-		
107	13	O	6.93	C	-		
107	14	O	6.93	G	-		
107	15	O	6.93	C	-		
107	16	O	6.93	A	-		
107	17	O	6.93	G	-		
107	18	O	6.93	C	-		
107	19	O	6.93	T	-		
107	20	O	6.93	G	-		
107	21	O	6.93	C	-		
107	22	O	6.93	A	-		
107	23	O	6.93	G	-		
107	24	O	6.93	C	-		
107	25	O	6.93	T	-		
107	26	O	6.93	C	-		
107	27	O	6.93	T	-		
107	28	O	6.93	T	-		
107	29	O	6.93	C	-		
107	30	O	6.93	G	-		
107	31	O	6.93	T	-		
107	32	O	6.93	G	-		
107	33	O	6.93	G	-		
107	34	O	6.93	C	-		
107	35	O	6.93	C	-		
107	36	O	6.93	T	-		
107	37	O	6.93	T	-		
107	38	O	6.93	C	-		
107	39	O	6.93	T	-		
107	40	O	6.93	C	-		
107	41	O	6.93	G	-		
107	42	O	6.93	T	-		
107	43	O	6.93	C	-		
107	44	O	6.93	G	-		
107	45	O	6.93	G	-		
107	46	O	6.93	T	-		
107	47	O	6.93	G	-		
107	48	O	6.93	A	-		
107	49	O	6.93	G	-		
107	50	O	6.93	C	-		
107	51	O	6.93	T	-		
107	52	O	6.93	G	-		
107	53	O	6.93	C	-		
107	54	O	6.93	G	-		
107	55	O	6.93	G	-		
107	56	O	6.93	C	-		
107	57	O	6.93	A	-		
107	58	O	6.93	A	-		
107	59	O	6.93	G	-		
107	60	O	6.93	G	-		
107	61	O	6.93	G	-		
107	62	O	6.93	C	-		
107	63	O	6.93	A	-		
107	64	O	6.93	A	-		
107	65	O	6.93	C	-		
107	66	O	6.93	G	-		
107	67	O	6.93	C	-		
107	68	O	6.93	C	-		
107	69	O	6.93	G	-		
107	70	O	6.93	G	-		
107	71	O	6.93	C	-		
107	72	O	6.93	C	-		
107	73	O	6.93	A	-		
107	74	O	6.93	G	-		
107	75	O	6.93	G	-		
107	76	O	6.93	C	-		
107	77	O	6.93	C	-		
107	78	O	6.93	A	-		
107	79	O	6.93	A	-		
107	80	O	6.93	C	-		
107	81	O	6.93	T	-		
107	82	O	6.93	A	-		
107	83	O	6.93	C	-		
107	84	O	6.93	G	-		
107	85	O	6.93	G	-		
107	86	O	6.93	C	-		
107	87	O	6.93	T	-		
107	88	O	6.93	A	-		
107	89	O	6.93	C	-		
107	90	O	6.93	G	-		
107	91	O	6.93	C	-		
107	92	O	6.93	C	-		
107	93	O	6.93	A	-		
107	94	O	6.93	A	-		
107	95	O	6.93	C	-		
107	96	O	6.93	T	-		
107	97	O	6.93	C	-		
107	98	O	6.93	G	-		
107	99	O	6.93	G	-		
107	100	O	6.93	T	-		
107	101	O	6.93	G	-		
107	102	O	6.93	A	-		
107	103	O	6.93	T	-		
107	104	O	6.93	G	-		
107	105	O	6.93	G	-		
107	106	O	6.93	A	-		
107	107	O	6.93	G	-		
107	108	O	6.93	C	-		
107	109	O	6.93	G	-		
108	0	O	5.55	A	-		
108	1	O	5.55	A	-		
108	2	O	5.55	G	-		
108	3	O	5.55	A	-		
108	4	O	5.55	T	-		
108	5	O	5.55	G	-		
108	6	O	5.55	T	-		
108	7	O	5.55	T	-		
108	8	O	5.55	G	-		
108	9	O	5.55	G	-		
108	10	O	5.55	G	-		
108	11	O	5.55	G	-		
108	12	O	5.55	T	-		
108	13	O	5.55	G	-		
108	14	O	5.55	C	-		
108	15	O	5.55	T	-		
108	16	O	5.55	C	-		
108	17	O	5.55	A	-		
108	18	O	5.55	A	-		
108	19	O	5.55	G	-		
108	20	O	5.55	A	-		
108	21	O	5.55	A	-		
108	22	O	5.55	G	-		
108	23	O	5.55	G	-		
108	24	O	5.55	C	-		
108	25	O	5.55	C	-		
108	26	O	5.55	G	-		
108	27	O	5.55	T	-		
108	28	O	5.55	C	-		
108	29	O	5.55	A	-		
108	30	O	5.55	C	-		
108	31	O	5.55	G	-		
108	32	O	5.55	A	-		
108	33	O	5.55	G	-		
108	34	O	5.55	T	-		
108	35	O	5.55	C	-		
108	36	O	5.55	C	-		
108	37	O	5.55	A	-		
108	38	O	5.55	T	-		
108	39	O	5.55	G	-		
108	40	O	5.55	C	-		
108	41	O	5.55	G	-		
108	42	O	5.55	A	-		
108	43	O	5.55	A	-		
108	44	O	5.55	C	-		
108	45	O	5.55	G	-		
108	46	O	5.55	C	-		
108	47	O	5.55	A	-		
108	48	O	5.55	G	-		
108	49	O	5.55	A	-		
108	50	O	5.55	G	-		
108	51	O	5.55	T	-		
108	52	O	5.55	T	-		
108	53	O	5.55	C	-		
108	54	O	5.55	T	-		
108	55	O	5.55	G	-		
108	56	O	5.55	C	-		
108	57	O	5.55	C	-		
108	58	O	5.55	C	-		
108	59	O	5.55	G	-		
108	60	O	5.55	G	-		
108	61	O	5.55	A	-		
108	62	O	5.55	A	-		
108	63	O	5.55	A	-		
108	64	O	5.55	A	-		
108	65	O	5.55	T	-		
108	66	O	5.55	A	-		
108	67	O	5.55	C	-		
108	68	O	5.55	A	-		
108	69	O	5.55	T	-		
108	70	O	5.55	C	-		
108	71	O	5.55	G	-		
108	72	O	5.55	T	-		
108	73	O	5.55	G	-		
108	74	O	5.55	C	-		
108	75	O	5.55	G	-		
108	76	O	5.55	A	-		
108	77	O	5.55	A	-		
108	78	O	5.55	A	-		
108	79	O	5.55	C	-		
108	80	O	5.55	T	-		
108	81	O	5.55	C	-		
108	82	O	5.55	C	-		
108	83	O	5.55	G	-		
108	84	O	5.55	C	-		
108	85	O	5.55	G	-		
108	86	O	5.55	A	-		
108	87	O	5.55	G	-		
108	88	O	5.55	A	-		
108	89	O	5.55	T	-		
108	90	O	5.55	G	-		
108	91	O	5.55	T	-		
108	92	O	5.55	A	-		
108	93	O	5.55	A	-		
108	94	O	5.55	A	-		
108	95	O	5.55	A	-		
108	96	O	5.55	T	-		
108	97	O	5.55	T	-		
108	98	O	5.55	T	-		
108	99	O	5.55	T	-		
108	100	O	5.55	T	-		
108	101	O	5.55	T	-		
108	102	O	5.55	T	-		
108	103	O	5.55	A	-		
108	104	O	5.55	C	-		
108	105	O	5.55	T	-		
108	106	O	5.55	C	-		
108	107	O	5.55	G	-		
108	108	O	5.55	T	-		
108	109	O	5.55	C	-		
109	0	O	5.55	G	-		
109	1	O	5.55	G	-		
109	2	O	5.55	T	-		
109	3	O	5.55	G	-		
109	4	O	5.55	G	-		
109	5	O	5.55	C	-		
109	6	O	5.55	C	-		
109	7	O	5.55	T	-		
109	8	O	5.55	T	-		
109	9	O	5.55	G	-		
109	10	O	5.55	C	-		
109	11	O	5.55	G	-		
109	12	O	5.55	C	-		
109	13	O	5.55	A	-		
109	14	O	5.55	C	-		
109	15	O	5.55	T	-		
109	16	O	5.55	C	-		
109	17	O	5.55	G	-		
109	18	O	5.55	C	-		
109	19	O	5.55	G	-		
109	20	O	5.55	A	-		
109	21	O	5.55	A	-		
109	22	O	5.55	T	-		
109	23	O	5.55	G	-		
109	24	O	5.55	C	-		
109	25	O	5.55	T	-		
109	26	O	5.55	G	-		
109	27	O	5.55	C	-		
109	28	O	5.55	G	-		
109	29	O	5.55	C	-		
109	30	O	5.55	C	-		
109	31	O	5.55	C	-		
109	32	O	5.55	G	-		
109	33	O	5.55	C	-		
109	34	O	5.55	T	-		
109	35	O	5.55	G	-		
109	36	O	5.55	C	-		
109	37	O	5.55	G	-		
109	38	O	5.55	C	-		
109	39	O	5.55	C	-		
109	40	O	5.55	C	-		
109	41	O	5.55	G	-		
109	42	O	5.55	C	-		
109	43	O	5.55	C	-		
109	44	O	5.55	T	-		
109	45	O	5.55	G	-		
109	46	O	5.55	G	-		
109	47	O	5.55	C	-		
109	48	O	5.55	C	-		
109	49	O	5.55	G	-		
109	50	O	5.55	A	-		
109	51	O	5.55	C	-		
109	52	O	5.55	G	-		
109	53	O	5.55	T	-		
109	54	O	5.55	C	-		
109	55	O	5.55	T	-		
109	56	O	5.55	T	-		
109	57	O	5.55	C	-		
109	58	O	5.55	C	-		
109	59	O	5.55	T	-		
109	60	O	5.55	T	-		
109	61	O	5.55	G	-		
109	62	O	5.55	C	-		
109	63	O	5.55	C	-		
109	64	O	5.55	T	-		
109	65	O	5.55	G	-		
109	66	O	5.55	C	-		
109	67	O	5.55	A	-		
109	68	O	5.55	G	-		
109	69	O	5.55	C	-		
109	70	O	5.55	T	-		
109	71	O	5.55	G	-		
109	72	O	5.55	C	-		
109	73	O	5.55	A	-		
109	74	O	5.55	G	-		
109	75	O	5.55	C	-		
109	76	O	5.55	T	-		
109	77	O	5.55	C	-		
109	78	O	5.55	G	-		
109	79	O	5.55	G	-		
109	80	O	5.55	A	-		
109	81	O	5.55	C	-		
109	82	O	5.55	T	-		
109	83	O	5.55	G	-		
109	84	O	5.55	G	-		
109	85	O	5.55	A	-		
109	86	O	5.55	T	-		
109	87	O	5.55	C	-		
109	88	O	5.55	T	-		
109	89	O	5.55	G	-		
109	90	O	5.55	C	-		
109	91	O	5.55	T	-		
109	92	O	5.55	G	-		
109	93	O	5.55	C	-		
109	94	O	5.55	T	-		
109	95	O	5.55	G	-		
109	96	O	5.55	C	-		
109	97	O	5.55	T	-		
109	98	O	5.55	G	-		
109	99	O	5.55	C	-		
109	100	O	5.55	T	-		
109	101	O	5.55	G	-		
109	102	O	5.55	C	-		
109	103	O	5.55	T	-		
109	104	O	5.55	C	-		
109	105	O	5.55	A	-		
109	106	O	5.55	T	-		
109	107	O	5.55	C	-		
109	108	O	5.55	G	-		
109	109	O	5.55	T	-		
110	0	O	9.70	C	-		
110	1	O	9.70	G	-		
110	2	O	9.70	C	-		
110	3	O	9.70	G	-		
110	4	O	9.70	T	-		
110	5	O	9.70	G	-		
110	6	O	9.70	A	-		
110	7	O	9.70	A	-		
110	8	O	9.70	T	-		
110	9	O	9.70	A	-		
110	10	O	9.70	T	-		
110	11	O	9.70	C	-		
110	12	O	9.70	A	-		
110	13	O	9.70	T	-		
110	14	O	9.70	T	-		
110	15	O	9.70	G	-		
110	16	O	9.70	G	-		
110	17	O	9.70	C	-		
110	18	O	9.70	C	-		
110	19	O	9.70	G	-		
110	20	O	9.70	A	-		
110	21	O	9.70	C	-		
110	22	O	9.70	G	-		
110	23	O	9.70	G	-		
110	24	O	9.70	C	-		
110	25	O	9.70	G	-		
110	26	O	9.70	A	-		
110	27	O	9.70	A	-		
110	28	O	9.70	G	-		
110	29	O	9.70	G	-		
110	30	O	9.70	A	-		
110	31	O	9.70	G	-		
110	32	O	9.70	G	-		
110	33	O	9.70	C	-		
110	34	O	9.70	G	-		
110	35	O	9.70	A	-		
110	36	O	9.70	G	-		
110	37	O	9.70	C	-		
110	38	O	9.70	G	-		
110	39	O	9.70	A	-		
110	40	O	9.70	G	-		
110	41	O	9.70	T	-		
110	42	O	9.70	C	-		
110	43	O	9.70	G	-		
110	44	O	9.70	G	-		
110	45	O	9.70	C	-		
110	46	O	9.70	A	-		
110	47	O	9.70	G	-		
110	48	O	9.70	C	-		
110	49	O	9.70	A	-		
110	50	O	9.70	A	-		
110	51	O	9.70	G	-		
110	52	O	9.70	T	-		
110	53	O	9.70	T	-		
110	54	O	9.70	G	-		
110	55	O	9.70	G	-		
110	56	O	9.70	T	-		
110	57	O	9.70	G	-		
110	58	O	9.70	C	-		
110	59	U	1.77	G	C		
110	60	O	9.70	G	-		
110	61	O	9.70	A	-		
110	62	O	9.70	C	-		
110	63	O	9.70	A	-		
110	64	O	9.70	G	-		
110	65	O	9.70	A	-		
110	66	O	9.70	C	-		
110	67	O	9.70	A	-		
110	68	O	9.70	G	-		
110	69	O	9.70	C	-		
110	70	O	9.70	A	-		
110	71	O	9.70	G	-		
110	72	O	9.70	G	-		
110	73	O	9.70	C	-		
110	74	O	9.70	G	-		
110	75	O	9.70	A	-		
110	76	O	9.70	A	-		
110	77	O	9.70	A	-		
110	78	O	9.70	T	-		
110	79	O	9.70	G	-		
110	80	O	9.70	C	-		
110	81	O	9.70	A	-		
110	82	O	9.70	T	-		
110	83	O	9.70	C	-		
110	84	O	9.70	A	-		
110	85	O	9.70	C	-		
110	86	O	9.70	C	-		
110	87	O	9.70	C	-		
110	88	O	9.70	G	-		
110	89	O	9.70	A	-		
110	90	O	9.70	G	-		
110	91	O	9.70	C	-		
110	92	O	9.70	G	-		
110	93	O	9.70	C	-		
110	94	O	9.70	G	-		
110	95	O	9.70	A	-		
110	96	O	9.70	G	-		
110	97	O	9.70	A	-		
110	98	O	9.70	G	-		
110	99	O	9.70	T	-		
110	100	O	9.70	G	-		
110	101	O	9.70	A	-		
110	102	O	9.70	A	-		
110	103	O	9.70	A	-		
110	104	O	9.70	C	-		
110	105	O	9.70	A	-		
110	106	O	9.70	G	-		
110	107	O	9.70	G	-		
110	108	O	9.70	A	-		
110	109	O	9.70	G	-		
111	0	O	8.32	T	-		
111	1	O	8.32	T	-		
111	2	O	8.32	G	-		
111	3	O	8.32	A	-		
111	4	O	8.32	T	-		
111	5	O	8.32	A	-		
111	6	O	8.32	C	-		
111	7	O	8.32	C	-		
111	8	O	8.32	G	-		
111	9	O	8.32	C	-		
111	10	O	8.32	G	-		
111	11	O	8.32	C	-		
111	12	O	8.32	G	-		
111	13	O	8.32	A	-		
111	14	O	8.32	G	-		
111	15	O	8.32	C	-		
111	16	O	8.32	T	-		
111	17	O	8.32	C	-		
111	18	O	8.32	C	-		
111	19	O	8.32	C	-		
111	20	O	8.32	C	-		
111	21	O	8.32	C	-		
111	22	O	8.32	C	-		
111	23	O	8.32	C	-		
111	24	O	8.32	A	-		
111	25	O	8.32	A	-		
111	26	O	8.32	G	-		
111	27	O	8.32	C	-		
111	28	O	8.32	T	-		
111	29	O	8.32	G	-		
111	30	O	8.32	C	-		
111	31	O	8.32	G	-		
111	32	O	8.32	C	-		
111	33	O	8.32	T	-		
111	34	O	8.32	G	-		
111	35	O	8.32	T	-		
111	36	O	8.32	A	-		
111	37	O	8.32	A	-		
111	38	O	8.32	C	-		
111	39	O	8.32	T	-		
111	40	O	8.32	G	-		
111	41	O	8.32	C	-		
111	42	O	8.32	A	-		
111	43	O	8.32	C	-		
111	44	O	8.32	A	-		
111	45	O	8.32	T	-		
111	46	O	8.32	C	-		
111	47	O	8.32	A	-		
111	48	O	8.32	T	-		
111	49	O	8.32	C	-		
111	50	O	8.32	C	-		
111	51	O	8.32	G	-		
111	52	O	8.32	C	-		
111	53	O	8.32	G	-		
111	54	O	8.32	C	-		
111	55	O	8.32	C	-		
111	56	O	8.32	T	-		
111	57	O	8.32	A	-		
111	58	O	8.32	A	-		
111	59	O	8.32	A	-		
111	60	O	8.32	A	-		
111	61	O	8.32	G	-		
111	62	O	8.32	C	-		
111	63	O	8.32	A	-		
111	64	O	8.32	C	-		
111	65	O	8.32	A	-		
111	66	O	8.32	C	-		
111	67	O	8.32	A	-		
111	68	O	8.32	A	-		
111	69	O	8.32	T	-		
111	70	O	8.32	A	-		
111	71	O	8.32	T	-		
111	72	O	8.32	T	-		
111	73	O	8.32	G	-		
111	74	O	8.32	T	-		
111	75	O	8.32	A	-		
111	76	O	8.32	C	-		
111	77	O	8.32	A	-		
111	78	O	8.32	T	-		
111	79	O	8.32	A	-		
111	80	O	8.32	C	-		
111	81	O	8.32	T	-		
111	82	O	8.32	G	-		
111	83	O	8.32	A	-		
111	84	O	8.32	T	-		
111	85	O	8.32	A	-		
111	86	O	8.32	A	-		
111	87	O	8.32	T	-		
111	88	O	8.32	G	-		
111	89	O	8.32	T	-		
111	90	O	8.32	C	-		
111	91	O	8.32	G	-		
111	92	O	8.32	A	-		
111	93	O	8.32	A	-		
111	94	O	8.32	C	-		
111	95	O	8.32	C	-		
111	96	O	8.32	C	-		
111	97	O	8.32	C	-		
111	98	O	8.32	G	-		
111	99	O	8.32	C	-		
111	100	O	8.32	G	-		
111	101	O	8.32	C	-		
111	102	O	8.32	C	-		
111	103	O	8.32	T	-		
111	104	O	8.32	A	-		
111	105	O	8.32	T	-		
111	106	O	8.32	G	-		
111	107	O	8.32	C	-		
111	108	O	8.32	T	-		
111	109	O	8.32	G	-		
112	0	O	6.93	C	-		
112	1	O	6.93	G	-		
112	2	O	6.93	G	-		
112	3	O	6.93	G	-		
112	4	O	6.93	T	-		
112	5	O	6.93	G	-		
112	6	O	6.93	T	-		
112	7	O	6.93	T	-		
112	8	O	6.93	C	-		
112	9	O	6.93	A	-		
112	10	O	6.93	T	-		
112	11	O	6.93	C	-		
112	12	O	6.93	T	-		
112	13	O	6.93	C	-		
112	14	O	6.93	C	-		
112	15	O	6.93	A	-		
112	16	O	6.93	G	-		
112	17	O	6.93	G	-		
112	18	O	6.93	A	-		
112	19	O	6.93	A	-		
112	20	O	6.93	G	-		
112	21	O	6.93	T	-		
112	22	O	6.93	A	-		
112	23	O	6.93	G	-		
112	24	O	6.93	A	-		
112	25	O	6.93	A	-		
112	26	O	6.93	G	-		
112	27	O	6.93	T	-		
112	28	O	6.93	C	-		
112	29	O	6.93	C	-		
112	30	O	6.93	T	-		
112	31	O	6.93	G	-		
112	32	O	6.93	G	-		
112	33	O	6.93	T	-		
112	34	O	6.93	C	-		
112	35	O	6.93	C	-		
112	36	O	6.93	T	-		
112	37	O	6.93	T	-		
112	38	O	6.93	G	-		
112	39	O	6.93	C	-		
112	40	O	6.93	C	-		
112	41	O	6.93	G	-		
112	42	O	6.93	A	-		
112	43	O	6.93	C	-		
112	44	O	6.93	C	-		
112	45	O	6.93	A	-		
112	46	O	6.93	C	-		
112	47	O	6.93	G	-		
112	48	O	6.93	A	-		
112	49	O	6.93	A	-		
112	50	O	6.93	C	-		
112	51	O	6.93	T	-		
112	52	O	6.93	C	-		
112	53	O	6.93	C	-		
112	54	O	6.93	A	-		
112	55	O	6.93	C	-		
112	56	O	6.93	C	-		
112	57	O	6.93	G	-		
112	58	O	6.93	T	-		
112	59	O	6.93	G	-		
112	60	O	6.93	C	-		
112	61	O	6.93	C	-		
112	62	O	6.93	G	-		
112	63	O	6.93	G	-		
112	64	O	6.93	C	-		
112	65	O	6.93	G	-		
112	66	O	6.93	C	-		
112	67	O	6.93	T	-		
112	68	O	6.93	T	-		
112	69	O	6.93	T	-		
112	70	O	6.93	G	-		
112	71	O	6.93	G	-		
112	72	O	6.93	T	-		
112	73	O	6.93	A	-		
112	74	O	6.93	G	-		
112	75	O	6.93	C	-		
112	76	O	6.93	C	-		
112	77	O	6.93	C	-		
112	78	O	6.93	A	-		
112	79	O	6.93	C	-		
112	80	O	6.93	G	-		
112	81	O	6.93	G	-		
112	82	O	6.93	C	-		
112	83	O	6.93	C	-		
112	84	O	6.93	T	-		
112	85	O	6.93	T	-		
112	86	O	6.93	G	-		
112	87	O	6.93	G	-		
112	88	O	6.93	C	-		
112	89	O	6.93	C	-		
112	90	O	6.93	A	-		
112	91	O	6.93	G	-		
112	92	O	6.93	G	-		
112	93	O	6.93	G	-		
112	94	O	6.93	C	-		
112	95	O	6.93	A	-		
112	96	O	6.93	A	-		
112	97	O	6.93	C	-		
112	98	O	6.93	G	-		
112	99	O	6.93	G	-		
112	100	O	6.93	C	-		
112	101	O	6.93	C	-		
112	102	O	6.93	T	-		
112	103	O	6.93	G	-		
112	104	O	6.93	C	-		
112	105	O	6.93	T	-		
112	106	O	6.93	C	-		
112	107	O	6.93	G	-		
112	108	O	6.93	C	-		
112	109	O	6.93	C	-		
113	0	O	8.32	G	-		
113	1	O	8.32	T	-		
113	2	O	8.32	G	-		
113	3	O	8.32	C	-		
113	4	O	8.32	T	-		
113	5	O	8.32	G	-		
113	6	O	8.32	G	-		
113	7	O	8.32	A	-		
113	8	O	8.32	C	-		
113	9	O	8.32	C	-		
113	10	O	8.32	A	-		
113	11	O	8.32	G	-		
113	12	O	8.32	C	-		
113	13	O	8.32	A	-		
113	14	O	8.32	C	-		
113	15	O	8.32	C	-		
113	16	O	8.32	G	-		
113	17	O	8.32	C	-		
113	18	O	8.32	T	-		
113	19	O	8.32	C	-		
113	20	O	8.32	C	-		
113	21	O	8.32	A	-		
113	22	O	8.32	C	-		
113	23	O	8.32	G	-		
113	24	O	8.32	C	-		
113	25	O	8.32	A	-		
113	26	O	8.32	G	-		
113	27	O	8.32	C	-		
113	28	O	8.32	G	-		
113	29	O	8.32	C	-		
113	30	O	8.32	A	-		
113	31	O	8.32	A	-		
113	32	O	8.32	G	-		
113	33	O	8.32	G	-		
113	34	O	8.32	C	-		
113	35	O	8.32	A	-		
113	36	O	8.32	C	-		
113	37	O	8.32	G	-		
113	38	O	8.32	C	-		
113	39	O	8.32	A	-		
113	40	O	8.32	G	-		
113	41	O	8.32	G	-		
113	42	O	8.32	A	-		
113	43	O	8.32	C	-		
113	44	O	8.32	G	-		
113	45	O	8.32	G	-		
113	46	O	8.32	C	-		
113	47	O	8.32	G	-		
113	48	O	8.32	G	-		
113	49	O	8.32	A	-		
113	50	O	8.32	C	-		
113	51	O	8.32	G	-		
113	52	O	8.32	A	-		
113	53	O	8.32	C	-		
113	54	O	8.32	G	-		
113	55	O	8.32	A	-		
113	56	O	8.32	A	-		
113	57	O	8.32	G	-		
113	58	O	8.32	C	-		
113	59	O	8.32	G	-		
113	60	O	8.32	G	-		
113	61	O	8.32	C	-		
113	62	O	8.32	G	-		
113	63	O	8.32	C	-		
113	64	O	8.32	T	-		
113	65	O	8.32	G	-		
113	66	O	8.32	A	-		
113	67	O	8.32	C	-		
113	68	O	8.32	G	-		
113	69	O	8.32	C	-		
113	70	O	8.32	A	-		
113	71	O	8.32	G	-		
113	72	O	8.32	G	-		
113	73	O	8.32	C	-		
113	74	O	8.32	G	-		
113	75	O	8.32	A	-		
113	76	O	8.32	T	-		
113	77	O	8.32	C	-		
113	78	O	8.32	G	-		
113	79	O	8.32	T	-		
113	80	O	8.32	C	-		
113	81	O	8.32	G	-		
113	82	O	8.32	C	-		
113	83	O	8.32	C	-		
113	84	O	8.32	C	-		
113	85	O	8.32	T	-		
113	86	O	8.32	G	-		
113	87	O	8.32	G	-		
113	88	O	8.32	C	-		
113	89	O	8.32	G	-		
113	90	O	8.32	A	-		
113	91	O	8.32	C	-		
113	92	O	8.32	G	-		
113	93	O	8.32	C	-		
113	94	O	8.32	A	-		
113	95	O	8.32	G	-		
113	96	O	8.32	T	-		
113	97	O	8.32	A	-		
113	98	O	8.32	T	-		
113	99	O	8.32	G	-		
113	100	O	8.32	G	-		
113	101	O	8.32	A	-		
113	102	O	8.32	C	-		
113	103	O	8.32	G	-		
113	104	O	8.32	A	-		
113	105	O	8.32	T	-		
113	106	O	8.32	A	-		
113	107	O	8.32	T	-		
113	108	O	8.32	G	-		
113	109	O	8.32	G	-		
114	0	O	26.34	T	-		
114	1	O	26.34	C	-		
114	2	O	26.34	G	-		
114	3	O	26.34	A	-		
114	4	O	26.34	G	-		
114	5	O	26.34	C	-		
114	6	O	26.34	T	-		
114	7	O	26.34	G	-		
114	8	O	26.34	A	-		
114	9	O	26.34	C	-		
114	10	O	26.34	A	-		
114	11	O	26.34	G	-		
114	12	O	26.34	C	-		
114	13	O	26.34	T	-		
114	14	O	26.34	A	-		
114	15	O	26.34	G	-		
114	16	O	26.34	A	-		
114	17	O	26.34	C	-		
114	18	O	26.34	A	-		
114	19	O	26.34	A	-		
114	20	O	26.34	G	-		
114	21	O	26.34	A	-		
114	22	O	26.34	G	-		
114	23	O	26.34	T	-		
114	24	O	26.34	C	-		
114	25	O	26.34	T	-		
114	26	O	26.34	G	-		
114	27	O	26.34	C	-		
114	28	O	26.34	A	-		
114	29	O	26.34	C	-		
114	30	O	26.34	A	-		
114	31	O	26.34	A	-		
114	32	O	26.34	T	-		
114	33	O	26.34	C	-		
114	34	O	26.34	G	-		
114	35	O	26.34	T	-		
114	36	O	26.34	T	-		
114	37	O	26.34	C	-		
114	38	O	26.34	A	-		
114	39	O	26.34	A	-		
114	40	O	26.34	A	-		
114	41	O	26.34	T	-		
114	42	O	26.34	A	-		
114	43	O	26.34	C	-		
114	44	O	26.34	T	-		
114	45	O	26.34	C	-		
114	46	O	26.34	A	-		
114	47	O	26.34	G	-		
114	48	O	26.34	C	-		
114	49	O	26.34	C	-		
114	50	O	26.34	A	-		
114	51	O	26.34	G	-		
114	52	O	26.34	C	-		
114	53	O	26.34	G	-		
114	54	O	26.34	A	-		
114	55	O	26.34	G	-		
114	56	O	26.34	C	-		
114	57	O	26.34	C	-		
114	58	O	26.34	A	-		
114	59	O	26.34	A	-		
114	60	O	26.34	A	-		
114	61	O	26.34	G	-		
114	62	O	26.34	A	-		
114	63	O	26.34	G	-		
114	64	O	26.34	C	-		
114	65	O	26.34	T	-		
114	66	O	26.34	G	-		
114	67	O	26.34	G	-		
114	68	O	26.34	A	-		
114	69	O	26.34	T	-		
114	70	O	26.34	G	-		
114	71	O	26.34	A	-		
114	72	O	26.34	A	-		
114	73	O	26.34	C	-		
114	74	O	26.34	A	-		
114	75	O	26.34	A	-		
114	76	O	26.34	G	-		
114	77	O	26.34	C	-		
114	78	O	26.34	C	-		
114	79	O	26.34	G	-		
114	80	O	26.34	A	-		
114	81	O	26.34	G	-		
114	82	O	26.34	T	-		
114	83	O	26.34	G	-		
114	84	O	26.34	C	-		
114	85	O	26.34	A	-		
114	86	O	26.34	C	-		
114	87	O	26.34	T	-		
114	88	O	26.34	G	-		
114	89	O	26.34	A	-		
114	90	O	26.34	G	-		
114	91	O	26.34	G	-		
114	92	O	26.34	G	-		
114	93	O	26.34	G	-		
114	94	O	26.34	A	-		
114	95	O	26.34	G	-		
114	96	O	26.34	C	-		
114	97	O	26.34	G	-		
114	98	O	26.34	A	-		
114	99	O	26.34	A	-		
114	100	O	26.34	A	-		
114	101	O	26.34	T	-		
114	102	O	26.34	A	-		
114	103	O	26.34	A	-		
114	104	O	26.34	A	-		
114	105	O	26.34	C	-		
114	106	O	26.34	G	-		
114	107	O	26.34	T	-		
114	108	O	26.34	C	-		
114	109	O	26.34	A	-		
115	0	O	5.55	A	-		
115	1	O	5.55	A	-		
115	2	O	5.55	C	-		
115	3	O	5.55	T	-		
115	4	O	5.55	C	-		
115	5	O	5.55	T	-		
115	6	O	5.55	C	-		
115	7	O	5.55	T	-		
115	8	O	5.55	C	-		
115	9	O	5.55	T	-		
115	10	O	5.55	C	-		
115	11	O	5.55	T	-		
115	12	O	5.55	C	-		
115	13	O	5.55	T	-		
115	14	O	5.55	T	-		
115	15	O	5.55	C	-		
115	16	O	5.55	C	-		
115	17	O	5.55	C	-		
115	18	O	5.55	G	-		
115	19	O	5.55	C	-		
115	20	O	5.55	C	-		
115	21	O	5.55	G	-		
115	22	O	5.55	G	-		
115	23	O	5.55	C	-		
115	24	O	5.55	T	-		
115	25	O	5.55	G	-		
115	26	O	5.55	T	-		
115	27	O	5.55	T	-		
115	28	O	5.55	C	-		
115	29	O	5.55	A	-		
115	30	O	5.55	C	-		
115	31	O	5.55	G	-		
115	32	O	5.55	A	-		
115	33	O	5.55	A	-		
115	34	O	5.55	C	-		
115	35	O	5.55	T	-		
115	36	O	5.55	C	-		
115	37	O	5.55	C	-		
115	38	O	5.55	T	-		
115	39	O	5.55	C	-		
115	40	O	5.55	T	-		
115	41	O	5.55	A	-		
115	42	O	5.55	C	-		
115	43	O	5.55	G	-		
115	44	O	5.55	C	-		
115	45	O	5.55	T	-		
115	46	O	5.55	C	-		
115	47	O	5.55	G	-		
115	48	O	5.55	C	-		
115	49	O	5.55	C	-		
115	50	O	5.55	G	-		
115	51	O	5.55	G	-		
115	52	O	5.55	C	-		
115	53	O	5.55	G	-		
115	54	O	5.55	G	-		
115	55	O	5.55	A	-		
115	56	O	5.55	A	-		
115	57	O	5.55	T	-		
115	58	O	5.55	C	-		
115	59	O	5.55	C	-		
115	60	O	5.55	T	-		
115	61	O	5.55	C	-		
115	62	O	5.55	G	-		
115	63	O	5.55	A	-		
115	64	O	5.55	G	-		
115	65	O	5.55	C	-		
115	66	O	5.55	T	-		
115	67	O	5.55	G	-		
115	68	O	5.55	G	-		
115	69	O	5.55	C	-		
115	70	O	5.55	C	-		
115	71	O	5.55	A	-		
115	72	O	5.55	T	-		
115	73	O	5.55	T	-		
115	74	O	5.55	T	-		
115	75	O	5.55	T	-		
115	76	O	5.55	A	-		
115	77	O	5.55	T	-		
115	78	O	5.55	T	-		
115	79	O	5.55	G	-		
115	80	O	5.55	T	-		
115	81	O	5.55	C	-		
115	82	O	5.55	A	-		
115	83	O	5.55	G	-		
115	84	O	5.55	C	-		
115	85	O	5.55	C	-		
115	86	O	5.55	G	-		
115	87	O	5.55	G	-		
115	88	O	5.55	C	-		
115	89	O	5.55	C	-		
115	90	O	5.55	G	-		
115	91	O	5.55	G	-		
115	92	O	5.55	C	-		
115	93	O	5.55	C	-		
115	94	O	5.55	G	-		
115	95	O	5.55	A	-		
115	96	O	5.55	A	-		
115	97	O	5.55	A	-		
115	98	O	5.55	A	-		
115	99	O	5.55	G	-		
115	100	O	5.55	C	-		
115	101	O	5.55	T	-		
115	102	O	5.55	A	-		
115	103	O	5.55	T	-		
115	104	O	5.55	T	-		
115	105	O	5.55	A	-		
115	106	O	5.55	T	-		
115	107	O	5.55	C	-		
115	108	O	5.55	G	-		
115	109	O	5.55	T	-		
116	0	O	6.93	C	-		
116	1	O	6.93	C	-		
116	2	O	6.93	C	-		
116	3	O	6.93	T	-		
116	4	O	6.93	G	-		
116	5	O	6.93	G	-		
116	6	O	6.93	T	-		
116	7	O	6.93	C	-		
116	8	O	6.93	T	-		
116	9	O	6.93	G	-		
116	10	O	6.93	G	-		
116	11	O	6.93	T	-		
116	12	O	6.93	C	-		
116	13	O	6.93	G	-		
116	14	O	6.93	G	-		
116	15	O	6.93	C	-		
116	16	O	6.93	G	-		
116	17	O	6.93	G	-		
116	18	O	6.93	C	-		
116	19	O	6.93	G	-		
116	20	O	6.93	T	-		
116	21	O	6.93	C	-		
116	22	O	6.93	G	-		
116	23	O	6.93	T	-		
116	24	O	6.93	G	-		
116	25	O	6.93	A	-		
116	26	O	6.93	G	-		
116	27	O	6.93	C	-		
116	28	O	6.93	G	-		
116	29	O	6.93	G	-		
116	30	O	6.93	A	-		
116	31	O	6.93	C	-		
116	32	O	6.93	A	-		
116	33	O	6.93	T	-		
116	34	O	6.93	G	-		
116	35	O	6.93	G	-		
116	36	O	6.93	C	-		
116	37	O	6.93	G	-		
116	38	O	6.93	T	-		
116	39	O	6.93	T	-		
116	40	O	6.93	C	-		
116	41	O	6.93	T	-		
116	42	O	6.93	C	-		
116	43	O	6.93	T	-		
116	44	O	6.93	T	-		
116	45	O	6.93	G	-		
116	46	O	6.93	C	-		
116	47	O	6.93	T	-		
116	48	O	6.93	T	-		
116	49	O	6.93	C	-		
116	50	O	6.93	C	-		
116	51	O	6.93	T	-		
116	52	O	6.93	G	-		
116	53	O	6.93	A	-		
116	54	O	6.93	C	-		
116	55	O	6.93	C	-		
116	56	O	6.93	T	-		
116	57	O	6.93	C	-		
116	58	O	6.93	C	-		
116	59	O	6.93	T	-		
116	60	O	6.93	C	-		
116	61	O	6.93	C	-		
116	62	O	6.93	T	-		
116	63	O	6.93	C	-		
116	64	O	6.93	G	-		
116	65	O	6.93	G	-		
116	66	O	6.93	C	-		
116	67	O	6.93	C	-		
116	68	O	6.93	T	-		
116	69	O	6.93	C	-		
116	70	O	6.93	A	-		
116	71	O	6.93	T	-		
116	72	O	6.93	C	-		
116	73	O	6.93	G	-		
116	74	O	6.93	A	-		
116	75	O	6.93	T	-		
116	76	O	6.93	G	-		
116	77	O	6.93	T	-		
116	78	O	6.93	C	-		
116	79	O	6.93	G	-		
116	80	O	6.93	T	-		
116	81	O	6.93	C	-		
116	82	O	6.93	C	-		
116	83	O	6.93	C	-		
116	84	O	6.93	T	-		
116	85	O	6.93	G	-		
116	86	O	6.93	T	-		
116	87	O	6.93	C	-		
116	88	O	6.93	G	-		
116	89	O	6.93	C	-		
116	90	O	6.93	T	-		
116	91	O	6.93	G	-		
116	92	O	6.93	G	-		
116	93	O	6.93	G	-		
116	94	O	6.93	A	-		
116	95	O	6.93	A	-		
116	96	O	6.93	C	-		
116	97	O	6.93	T	-		
116	98	O	6.93	T	-		
116	99	O	6.93	G	-		
116	100	O	6.93	T	-		
116	101	O	6.93	T	-		
116	102	O	6.93	C	-		
116	103	O	6.93	G	-		
116	104	O	6.93	C	-		
116	105	O	6.93	C	-		
116	106	O	6.93	A	-		
116	107	O	6.93	C	-		
116	108	O	6.93	C	-		
116	109	O	6.93	A	-		
117	0	O	6.93	T	-		
117	1	O	6.93	A	-		
117	2	O	6.93	T	-		
117	3	O	6.93	T	-		
117	4	O	6.93	G	-		
117	5	O	6.93	T	-		
117	6	O	6.93	T	-		
117	7	O	6.93	T	-		
117	8	O	6.93	G	-		
117	9	O	6.93	T	-		
117	10	O	6.93	A	-		
117	11	O	6.93	A	-		
117	12	O	6.93	A	-		
117	13	O	6.93	G	-		
117	14	O	6.93	C	-		
117	15	O	6.93	A	-		
117	16	O	6.93	A	-		
117	17	O	6.93	T	-		
117	18	O	6.93	T	-		
117	19	O	6.93	C	-		
117	20	O	6.93	A	-		
117	21	O	6.93	T	-		
117	22	O	6.93	T	-		
117	23	O	6.93	G	-		
117	24	O	6.93	A	-		
117	25	O	6.93	A	-		
117	26	O	6.93	T	-		
117	27	O	6.93	G	-		
117	28	O	6.93	A	-		
117	29	O	6.93	T	-		
117	30	O	6.93	T	-		
117	31	O	6.93	T	-		
117	32	O	6.93	A	-		
117	33	O	6.93	T	-		
117	34	O	6.93	C	-		
117	35	O	6.93	T	-		
117	36	O	6.93	G	-		
117	37	O	6.93	G	-		
117	38	O	6.93	T	-		
117	39	O	6.93	T	-		
117	40	O	6.93	G	-		
117	41	O	6.93	T	-		
117	42	O	6.93	T	-		
117	43	O	6.93	A	-		
117	44	O	6.93	A	-		
117	45	O	6.93	A	-		
117	46	O	6.93	A	-		
117	47	O	6.93	A	-		
117	48	O	6.93	T	-		
117	49	O	6.93	C	-		
117	50	O	6.93	G	-		
117	51	O	6.93	T	-		
117	52	O	6.93	T	-		
117	53	O	6.93	A	-		
117	54	O	6.93	G	-		
117	55	O	6.93	A	-		
117	56	O	6.93	G	-		
117	57	O	6.93	T	-		
117	58	O	6.93	T	-		
117	59	O	6.93	T	-		
117	60	O	6.93	T	-		
117	61	O	6.93	T	-		
117	62	O	6.93	T	-		
117	63	O	6.93	T	-		
117	64	O	6.93	C	-		
117	65	O	6.93	T	-		
117	66	O	6.93	T	-		
117	67	O	6.93	A	-		
117	68	O	6.93	C	-		
117	69	O	6.93	T	-		
117	70	O	6.93	T	-		
117	71	O	6.93	C	-		
117	72	O	6.93	T	-		
117	73	O	6.93	A	-		
117	74	O	6.93	T	-		
117	75	O	6.93	T	-		
117	76	O	6.93	T	-		
117	77	O	6.93	T	-		
117	78	O	6.93	C	-		
117	79	O	6.93	T	-		
117	80	O	6.93	A	-		
117	81	O	6.93	C	-		
117	82	O	6.93	T	-		
117	83	O	6.93	A	-		
117	84	O	6.93	A	-		
117	85	O	6.93	C	-		
117	86	O	6.93	T	-		
117	87	O	6.93	T	-		
117	88	O	6.93	T	-		
117	89	O	6.93	T	-		
117	90	O	6.93	C	-		
117	91	O	6.93	A	-		
117	92	O	6.93	T	-		
117	93	O	6.93	T	-		
117	94	O	6.93	T	-		
117	95	O	6.93	T	-		
117	96	O	6.93	C	-		
117	97	O	6.93	T	-		
117	98	O	6.93	C	-		
117	99	O	6.93	T	-		
117	100	O	6.93	T	-		
117	101	O	6.93	C	-		
117	102	O	6.93	A	-		
117	103	O	6.93	T	-		
117	104	O	6.93	T	-		
117	105	O	6.93	T	-		
117	106	O	6.93	T	-		
117	107	O	6.93	A	-		
117	108	O	6.93	T	-		
117	109	O	6.93	G	-		
118	0	O	6.93	T	-		
118	1	O	6.93	C	-		
118	2	O	6.93	A	-		
118	3	O	6.93	C	-		
118	4	O	6.93	C	-		
118	5	O	6.93	G	-		
118	6	O	6.93	G	-		
118	7	O	6.93	G	-		
118	8	O	6.93	T	-		
118	9	O	6.93	C	-		
118	10	O	6.93	G	-		
118	11	O	6.93	C	-		
118	12	O	6.93	A	-		
118	13	O	6.93	G	-		
118	14	O	6.93	C	-		
118	15	O	6.93	A	-		
118	16	O	6.93	G	-		
118	17	O	6.93	G	-		
118	18	O	6.93	C	-		
118	19	O	6.93	G	-		
118	20	O	6.93	T	-		
118	21	O	6.93	C	-		
118	22	O	6.93	C	-		
118	23	O	6.93	G	-		
118	24	O	6.93	T	-		
118	25	O	6.93	C	-		
118	26	O	6.93	T	-		
118	27	O	6.93	C	-		
118	28	O	6.93	C	-		
118	29	O	6.93	G	-		
118	30	O	6.93	G	-		
118	31	O	6.93	G	-		
118	32	O	6.93	C	-		
118	33	O	6.93	A	-		
118	34	O	6.93	C	-		
118	35	O	6.93	T	-		
118	36	U	-0.27	C	G		
118	37	O	6.93	G	-		
118	38	O	6.93	T	-		
118	39	O	6.93	C	-		
118	40	O	6.93	C	-		
118	41	O	6.93	A	-		
118	42	O	6.93	G	-		
118	43	O	6.93	G	-		
118	44	O	6.93	T	-		
118	45	O	6.93	G	-		
118	46	O	6.93	G	-		
118	47	O	6.93	C	-		
118	48	O	6.93	C	-		
118	49	O	6.93	G	-		
118	50	O	6.93	C	-		
118	51	O	6.93	A	-		
118	52	O	6.93	G	-		
118	53	O	6.93	T	-		
118	54	O	6.93	C	-		
118	55	O	6.93	G	-		
118	56	O	6.93	C	-		
118	57	O	6.93	A	-		
118	58	O	6.93	G	-		
118	59	O	6.93	T	-		
118	60	O	6.93	C	-		
118	61	O	6.93	C	-		
118	62	O	6.93	T	-		
118	63	O	6.93	C	-		
118	64	O	6.93	G	-		
118	65	O	6.93	C	-		
118	66	O	6.93	C	-		
118	67	O	6.93	C	-		
118	68	O	6.93	T	-		
118	69	O	6.93	T	-		
118	70	O	6.93	G	-		
118	71	O	6.93	T	-		
118	72	O	6.93	C	-		
118	73	O	6.93	C	-		
118	74	O	6.93	A	-		
118	75	O	6.93	C	-		
118	76	O	6.93	G	-		
118	77	O	6.93	A	-		
118	78	O	6.93	T	-		
118	79	O	6.93	G	-		
118	80	O	6.93	C	-		
118	81	O	6.93	C	-		
118	82	O	6.93	G	-		
118	83	O	6.93	T	-		
118	84	O	6.93	T	-		
118	85	O	6.93	G	-		
118	86	O	6.93	C	-		
118	87	O	6.93	C	-		
118	88	O	6.93	G	-		
118	89	O	6.93	C	-		
118	90	O	6.93	A	-		
118	91	O	6.93	G	-		
118	92	O	6.93	C	-		
118	93	O	6.93	T	-		
118	94	O	6.93	C	-		
118	95	O	6.93	C	-		
118	96	O	6.93	C	-		
118	97	O	6.93	G	-		
118	98	O	6.93	A	-		
118	99	O	6.93	A	-		
118	100	O	6.93	C	-		
118	101	O	6.93	G	-		
118	102	O	6.93	A	-		
118	103	O	6.93	C	-		
118	104	O	6.93	T	-		
118	105	O	6.93	C	-		
118	106	O	6.93	C	-		
118	107	O	6.93	A	-		
118	108	O	6.93	G	-		
118	109	O	6.93	C	-		
119	0	O	13.86	T	-		
119	1	O	13.86	C	-		
119	2	O	13.86	C	-		
119	3	O	13.86	C	-		
119	4	O	13.86	C	-		
119	5	O	13.86	C	-		
119	6	O	13.86	G	-		
119	7	O	13.86	C	-		
119	8	O	13.86	T	-		
119	9	O	13.86	T	-		
119	10	O	13.86	T	-		
119	11	O	13.86	T	-		
119	12	O	13.86	G	-		
119	13	O	13.86	T	-		
119	14	O	13.86	A	-		
119	15	O	13.86	T	-		
119	16	O	13.86	G	-		
119	17	O	13.86	C	-		
119	18	O	5.16	A	-		
119	19	O	13.86	T	-		
119	20	O	13.86	T	-		
119	21	O	13.86	G	-		
119	22	O	13.86	T	-		
119	23	O	13.86	G	-		
119	24	O	5.16	C	-		
119	25	O	5.16	T	-		
119	26	O	13.86	C	-		
119	27	O	5.16	C	-		
119	28	O	13.86	T	-		
119	29	O	13.86	C	-		
119	30	O	13.86	T	-		
119	31	O	13.86	C	-		
119	32	O	13.86	T	-		
119	33	O	13.86	C	-		
119	34	O	13.86	A	-		
119	35	O	13.86	T	-		
119	36	O	13.86	G	-		
119	37	O	13.86	T	-		
119	38	O	13.86	T	-		
119	39	O	13.86	T	-		
119	40	O	13.86	T	-		
119	41	O	13.86	T	-		
119	42	O	13.86	A	-		
119	43	O	13.86	T	-		
119	44	O	13.86	A	-		
119	45	O	13.86	C	-		
119	46	O	13.86	C	-		
119	47	O	13.86	G	-		
119	48	O	13.86	C	-		
119	49	O	13.86	A	-		
119	50	O	13.86	C	-		
119	51	O	13.86	T	-		
119	52	O	13.86	C	-		
119	53	O	13.86	A	-		
119	54	O	13.86	C	-		
119	55	O	13.86	T	-		
119	56	O	13.86	G	-		
119	57	O	13.86	C	-		
119	58	O	13.86	G	-		
119	59	O	13.86	C	-		
119	60	O	13.86	G	-		
119	61	O	13.86	C	-		
119	62	O	13.86	G	-		
119	63	O	13.86	T	-		
119	64	O	13.86	T	-		
119	65	O	13.86	T	-		
119	66	O	13.86	G	-		
119	67	O	13.86	C	-		
119	68	O	13.86	T	-		
119	69	O	13.86	C	-		
119	70	O	13.86	A	-		
119	71	O	13.86	T	-		
119	72	O	13.86	G	-		
119	73	O	13.86	A	-		
119	74	O	13.86	C	-		
119	75	O	13.86	G	-		
119	76	O	13.86	G	-		
119	77	O	13.86	C	-		
119	78	O	13.86	A	-		
119	79	O	13.86	C	-		
119	80	O	13.86	G	-		
119	81	O	13.86	G	-		
119	82	O	13.86	C	-		
119	83	O	13.86	G	-		
119	84	O	13.86	G	-		
119	85	O	13.86	G	-		
119	86	O	13.86	A	-		
119	87	O	13.86	G	-		
119	88	O	13.86	A	-		
119	89	O	13.86	G	-		
119	90	O	13.86	G	-		
119	91	O	13.86	G	-		
119	92	O	13.86	C	-		
119	93	O	13.86	G	-		
119	94	O	13.86	A	-		
119	95	O	13.86	G	-		
119	96	O	13.86	A	-		
119	97	O	13.86	T	-		
119	98	O	13.86	G	-		
119	99	O	13.86	A	-		
119	100	O	13.86	G	-		
119	101	O	13.86	C	-		
119	102	O	13.86	T	-		
119	103	O	13.86	G	-		
119	104	O	13.86	G	-		
119	105	O	13.86	C	-		
119	106	O	13.86	A	-		
119	107	O	13.86	C	-		
119	108	O	13.86	A	-		
119	109	O	13.86	A	-		
120	0	O	26.34	C	-		
120	1	O	26.34	G	-		
120	2	O	26.34	A	-		
120	3	O	26.34	A	-		
120	4	O	26.34	A	-		
120	5	O	26.34	C	-		
120	6	O	26.34	G	-		
120	7	O	26.34	C	-		
120	8	O	26.34	A	-		
120	9	O	26.34	T	-		
120	10	O	26.34	G	-		
120	11	O	26.34	C	-		
120	12	O	26.34	T	-		
120	13	O	26.34	G	-		
120	14	O	26.34	G	-		
120	15	O	26.34	A	-		
120	16	O	26.34	A	-		
120	17	O	26.34	G	-		
120	18	O	26.34	C	-		
120	19	O	26.34	T	-		
120	20	O	26.34	G	-		
120	21	O	26.34	T	-		
120	22	O	26.34	G	-		
120	23	O	26.34	A	-		
120	24	O	26.34	G	-		
120	25	O	26.34	A	-		
120	26	O	26.34	A	-		
120	27	O	26.34	C	-		
120	28	O	26.34	C	-		
120	29	O	26.34	G	-		
120	30	O	26.34	A	-		
120	31	O	26.34	G	-		
120	32	O	26.34	A	-		
120	33	O	26.34	A	-		
120	34	O	26.34	A	-		
120	35	O	26.34	A	-		
120	36	O	26.34	T	-		
120	37	O	26.34	G	-		
120	38	O	26.34	A	-		
120	39	O	26.34	G	-		
120	40	O	26.34	T	-		
120	41	O	26.34	T	-		
120	42	O	26.34	T	-		
120	43	O	26.34	T	-		
120	44	O	26.34	C	-		
120	45	O	26.34	T	-		
120	46	O	26.34	G	-		
120	47	O	26.34	A	-		
120	48	O	26.34	T	-		
120	49	O	26.34	C	-		
120	50	O	26.34	T	-		
120	51	O	26.34	C	-		
120	52	O	26.34	G	-		
120	53	O	26.34	A	-		
120	54	O	26.34	A	-		
120	55	O	26.34	A	-		
120	56	O	26.34	G	-		
120	57	O	26.34	T	-		
120	58	O	26.34	T	-		
120	59	O	26.34	T	-		
120	60	O	26.34	C	-		
120	61	O	26.34	C	-		
120	62	O	26.34	C	-		
120	63	O	26.34	G	-		
120	64	O	26.34	T	-		
120	65	O	26.34	C	-		
120	66	O	26.34	T	-		
120	67	O	26.34	G	-		
120	68	O	26.34	C	-		
120	69	O	26.34	T	-		
120	70	O	26.34	G	-		
120	71	O	26.34	T	-		
120	72	O	26.34	C	-		
120	73	O	26.34	G	-		
120	74	O	26.34	A	-		
120	75	O	26.34	T	-		
120	76	O	26.34	G	-		
120	77	O	26.34	A	-		
120	78	O	26.34	G	-		
120	79	O	26.34	C	-		
120	80	O	26.34	C	-		
120	81	O	26.34	A	-		
120	82	O	26.34	G	-		
120	83	O	26.34	G	-		
120	84	O	26.34	C	-		
120	85	O	26.34	G	-		
120	86	O	26.34	A	-		
120	87	O	26.34	A	-		
120	88	O	26.34	C	-		
120	89	O	26.34	G	-		
120	90	O	16.31	T	-		
120	91	O	26.34	A	-		
120	92	O	26.34	T	-		
120	93	O	26.34	T	-		
120	94	O	26.34	G	-		
120	95	O	26.34	T	-		
120	96	O	26.34	A	-		
120	97	O	26.34	C	-		
120	98	O	26.34	T	-		
120	99	O	26.34	A	-		
120	100	O	26.34	T	-		
120	101	O	16.31	C	-		
120	102	O	26.34	C	-		
120	103	O	26.34	A	-		
120	104	O	26.34	C	-		
120	105	O	26.34	C	-		
120	106	O	26.34	T	-		
120	107	O	26.34	C	-		
120	108	O	26.34	G	-		
120	109	O	26.34	C	-		
121	0	U	0.00	-	-		
121	1	U	0.00	-	-		
121	2	U	0.00	-	-		
121	3	U	0.00	-	-		
121	4	U	0.00	-	-		
121	5	U	0.00	-	-		
121	6	U	0.00	-	-		
121	7	O	15.25	C	-		
121	8	O	15.25	G	-		
121	9	O	15.25	A	-		
121	10	O	15.25	A	-		
121	11	O	15.25	G	-		
121	12	O	15.25	G	-		
121	13	O	15.25	G	-		
121	14	O	15.25	T	-		
121	15	O	15.25	G	-		
121	16	O	15.25	G	-		
121	17	O	15.25	T	-		
121	18	O	15.25	A	-		
121	19	O	15.25	A	-		
121	20	O	15.25	G	-		
121	21	O	15.25	C	-		
121	22	O	15.25	A	-		
121	23	O	15.25	C	-		
121	24	O	15.25	C	-		
121	25	O	15.25	C	-		
121	26	O	15.25	C	-		
121	27	O	15.25	G	-		
121	28	O	15.25	C	-		
121	29	O	15.25	C	-		
121	30	O	15.25	T	-		
121	31	O	15.25	T	-		
121	32	O	15.25	C	-		
121	33	O	15.25	C	-		
121	34	O	15.25	T	-		
121	35	O	15.25	C	-		
121	36	O	15.25	T	-		
121	37	O	15.25	G	-		
121	38	O	15.25	G	-		
121	39	O	15.25	C	-		
121	40	O	15.25	A	-		
121	41	O	15.25	A	-		
121	42	O	15.25	A	-		
121	43	O	15.25	C	-		
121	44	O	15.25	C	-		
121	45	O	15.25	A	-		
121	46	O	15.25	A	-		
121	47	O	15.25	C	-		
121	48	O	15.25	A	-		
121	49	O	15.25	T	-		
121	50	O	15.25	A	-		
121	51	O	15.25	T	-		
121	52	O	15.25	A	-		
121	53	O	15.25	T	-		
121	54	O	15.25	T	-		
121	55	O	15.25	G	-		
121	56	O	15.25	C	-		
121	57	O	15.25	G	-		
121	58	O	15.25	A	-		
121	59	O	15.25	C	-		
121	60	O	15.25	T	-		
121	61	O	15.25	G	-		
121	62	O	15.25	A	-		
121	63	O	15.25	A	-		
121	64	O	15.25	T	-		
121	65	O	15.25	G	-		
121	66	O	15.25	T	-		
121	67	O	15.25	G	-		
121	68	O	15.25	C	-		
121	69	O	15.25	C	-		
121	70	O	15.25	G	-		
121	71	O	15.25	T	-		
121	72	O	15.25	T	-		
121	73	O	15.25	G	-		
121	74	O	15.25	A	-		
121	75	O	15.25	T	-		
121	76	O	15.25	C	-		
121	77	O	15.25	G	-		
121	78	O	15.25	T	-		
121	79	O	15.25	G	-		
121	80	O	15.25	A	-		
121	81	O	15.25	T	-		
121	82	O	15.25	C	-		
121	83	O	15.25	G	-		
121	84	O	15.25	T	-		
121	85	O	15.25	A	-		
121	86	O	15.25	G	-		
121	87	O	15.25	C	-		
121	88	O	15.25	T	-		
121	89	O	15.25	T	-		
121	90	O	15.25	G	-		
121	91	O	15.25	A	-		
121	92	O	15.25	A	-		
121	93	O	15.25	C	-		
121	94	O	15.25	T	-		
121	95	O	15.25	A	-		
121	96	O	15.25	G	-		
121	97	O	15.25	A	-		
121	98	O	15.25	C	-		
121	99	O	15.25	T	-		
121	100	O	15.25	T	-		
121	101	O	15.25	C	-		
121	102	O	15.25	C	-		
121	103	O	15.25	T	-		
121	104	O	15.25	A	-		
121	105	O	15.25	A	-		
121	106	O	15.25	A	-		
121	107	O	15.25	G	-		
121	108	O	15.25	C	-		
121	109	O	15.25	C	-		
121	110	U	0.00	-	-		
121	111	U	0.00	-	-		
121	112	U	0.00	-	-		
121	113	U	0.00	-	-		
121	114	U	0.00	-	-		
121	115	U	0.00	-	-		
121	116	U	0.00	-	-		
122	0	O	15.25	T	-		
122	1	O	15.25	C	-		
122	2	O	15.25	T	-		
122	3	O	15.25	A	-		
122	4	O	15.25	C	-		
122	5	O	15.25	G	-		
122	6	O	15.25	A	-		
122	7	O	15.25	C	-		
122	8	O	15.25	A	-		
122	9	O	15.25	T	-		
122	10	O	15.25	C	-		
122	11	O	15.25	C	-		
122	12	O	6.35	G	-		
122	13	O	15.25	A	-		
122	14	O	15.25	C	-		
122	15	O	15.25	A	-		
122	16	O	15.25	G	-		
122	17	O	15.25	C	-		
122	18	O	15.25	A	-		
122	19	O	15.25	A	-		
122	20	O	15.25	G	-		
122	21	O	15.25	T	-		
122	22	O	15.25	C	-		
122	23	O	15.25	T	-		
122	24	O	15.25	T	-		
122	25	O	15.25	C	-		
122	26	O	15.25	C	-		
122	27	O	15.25	C	-		
122	28	O	15.25	G	-		
122	29	O	15.25	G	-		
122	30	O	15.25	G	-		
122	31	O	15.25	T	-		
122	32	O	15.25	A	-		
122	33	O	15.25	C	-		
122	34	O	15.25	T	-		
122	35	O	15.25	G	-		
122	36	O	15.25	A	-		
122	37	O	15.25	C	-		
122	38	O	15.25	A	-		
122	39	O	15.25	A	-		
122	40	O	15.25	C	-		
122	41	O	15.25	C	-		
122	42	O	15.25	T	-		
122	43	O	15.25	C	-		
122	44	O	15.25	G	-		
122	45	O	15.25	G	-		
122	46	O	15.25	G	-		
122	47	O	15.25	A	-		
122	48	O	15.25	T	-		
122	49	O	15.25	T	-		
122	50	O	15.25	C	-		
122	51	O	15.25	T	-		
122	52	O	15.25	C	-		
122	53	O	15.25	G	-		
122	54	O	15.25	C	-		
122	55	O	15.25	T	-		
122	56	O	15.25	T	-		
122	57	O	15.25	T	-		
122	58	O	15.25	C	-		
122	59	O	15.25	G	-		
122	60	O	15.25	A	-		
122	61	O	15.25	T	-		
122	62	O	15.25	C	-		
122	63	O	15.25	G	-		
122	64	O	15.25	C	-		
122	65	O	15.25	T	-		
122	66	O	15.25	G	-		
122	67	O	15.25	C	-		
122	68	O	15.25	C	-		
122	69	O	15.25	C	-		
122	70	O	15.25	C	-		
122	71	O	15.25	G	-		
122	72	O	15.25	G	-		
122	73	O	15.25	C	-		
122	74	O	15.25	G	-		
122	75	O	15.25	A	-		
122	76	O	15.25	C	-		
122	77	O	15.25	G	-		
122	78	O	15.25	C	-		
122	79	O	15.25	C	-		
122	80	O	15.25	A	-		
122	81	O	15.25	G	-		
122	82	O	15.25	T	-		
122	83	O	15.25	G	-		
122	84	O	15.25	T	-		
122	85	O	15.25	C	-		
122	86	O	15.25	A	-		
122	87	O	15.25	C	-		
122	88	O	15.25	G	-		
122	89	O	15.25	C	-		
122	90	O	15.25	G	-		
122	91	O	15.25	G	-		
122	92	O	15.25	G	-		
122	93	O	15.25	C	-		
122	94	O	15.25	T	-		
122	95	O	15.25	C	-		
122	96	O	15.25	G	-		
122	97	O	15.25	A	-		
122	98	O	15.25	G	-		
122	99	O	15.25	A	-		
122	100	O	15.25	C	-		
122	101	O	15.25	C	-		
122	102	O	15.25	G	-		
122	103	O	15.25	G	-		
122	104	O	15.25	G	-		
122	105	O	15.25	T	-		
122	106	O	15.25	C	-		
122	107	O	15.25	T	-		
122	108	O	15.25	G	-		
122	109	O	15.25	C	-		
123	0	O	19.41	A	-		
123	1	O	19.41	G	-		
123	2	O	19.41	C	-		
123	3	O	19.41	A	-		
123	4	O	19.41	C	-		
123	5	O	19.41	C	-		
123	6	O	19.41	T	-		
123	7	O	19.41	G	-		
123	8	O	19.41	G	-		
123	9	O	19.41	T	-		
123	10	O	19.41	T	-		
123	11	O	19.41	G	-		
123	12	O	19.41	G	-		
123	13	O	19.41	A	-		
123	14	O	19.41	T	-		
123	15	O	19.41	G	-		
123	16	O	19.41	G	-		
123	17	O	19.41	G	-		
123	18	O	19.41	T	-		
123	19	O	19.41	A	-		
123	20	O	19.41	A	-		
123	21	O	19.41	G	-		
123	22	O	19.41	A	-		
123	23	O	19.41	G	-		
123	24	O	19.41	G	-		
123	25	O	19.41	T	-		
123	26	O	19.41	T	-		
123	27	O	19.41	A	-		
123	28	O	19.41	A	-		
123	29	O	19.41	A	-		
123	30	O	19.41	A	-		
123	31	O	19.41	A	-		
123	32	O	19.41	T	-		
123	33	O	19.41	G	-		
123	34	O	19.41	T	-		
123	35	O	19.41	G	-		
123	36	O	19.41	C	-		
123	37	O	19.41	T	-		
123	38	O	19.41	A	-		
123	39	O	19.41	G	-		
123	40	O	19.41	G	-		
123	41	O	19.41	C	-		
123	42	O	19.41	A	-		
123	43	O	19.41	A	-		
123	44	O	19.41	T	-		
123	45	O	19.41	T	-		
123	46	O	19.41	G	-		
123	47	O	19.41	A	-		
123	48	O	19.41	G	-		
123	49	O	19.41	A	-		
123	50	O	19.41	G	-		
123	51	O	19.41	A	-		
123	52	O	19.41	G	-		
123	53	O	19.41	C	-		
123	54	O	19.41	C	-		
123	55	O	19.41	A	-		
123	56	O	19.41	G	-		
123	57	O	19.41	A	-		
123	58	O	19.41	T	-		
123	59	O	19.41	A	-		
123	60	O	19.41	A	-		
123	61	O	19.41	A	-		
123	62	O	19.41	A	-		
123	63	O	19.41	G	-		
123	64	O	19.41	T	-		
123	65	O	19.41	G	-		
123	66	O	19.41	A	-		
123	67	O	19.41	T	-		
123	68	O	19.41	A	-		
123	69	O	19.41	A	-		
123	70	O	19.41	T	-		
123	71	O	19.41	G	-		
123	72	O	19.41	A	-		
123	73	O	19.41	G	-		
123	74	O	19.41	C	-		
123	75	O	19.41	T	-		
123	76	O	19.41	G	-		
123	77	O	19.41	G	-		
123	78	O	19.41	T	-		
123	79	O	19.41	T	-		
123	80	O	19.41	G	-		
123	81	O	19.41	T	-		
123	82	O	19.41	G	-		
123	83	O	19.41	T	-		
123	84	O	19.41	A	-		
123	85	O	19.41	A	-		
123	86	O	19.41	T	-		
123	87	O	19.41	T	-		
123	88	O	19.41	G	-		
123	89	O	19.41	T	-		
123	90	O	19.41	C	-		
123	91	O	19.41	G	-		
123	92	O	19.41	G	-		
123	93	O	19.41	C	-		
123	94	O	19.41	G	-		
123	95	O	19.41	T	-		
123	96	O	19.41	C	-		
123	97	O	19.41	C	-		
123	98	O	19.41	A	-		
123	99	O	19.41	C	-		
123	100	O	19.41	A	-		
123	101	O	19.41	G	-		
123	102	O	19.41	T	-		
123	103	O	19.41	G	-		
123	104	O	19.41	G	-		
123	105	O	19.41	C	-		
123	106	O	19.41	C	-		
123	107	O	19.41	G	-		
123	108	O	19.41	C	-		
123	109	O	19.41	T	-		
124	0	O	16.64	G	-		
124	1	O	16.64	G	-		
124	2	O	16.64	A	-		
124	3	O	16.64	G	-		
124	4	O	16.64	G	-		
124	5	O	16.64	G	-		
124	6	O	16.64	C	-		
124	7	O	16.64	G	-		
124	8	O	16.64	C	-		
124	9	O	16.64	C	-		
124	10	O	16.64	T	-		
124	11	O	16.64	A	-		
124	12	O	16.64	T	-		
124	13	O	16.64	G	-		
124	14	O	16.64	G	-		
124	15	O	16.64	A	-		
124	16	O	16.64	A	-		
124	17	O	16.64	G	-		
124	18	O	16.64	C	-		
124	19	O	16.64	C	-		
124	20	O	16.64	G	-		
124	21	O	16.64	G	-		
124	22	O	16.64	T	-		
124	23	O	16.64	A	-		
124	24	O	16.64	G	-		
124	25	O	16.64	T	-		
124	26	O	16.64	C	-		
124	27	O	16.64	G	-		
124	28	O	16.64	G	-		
124	29	O	16.64	T	-		
124	30	O	16.64	G	-		
124	31	O	16.64	G	-		
124	32	O	16.64	C	-		
124	33	O	16.64	G	-		
124	34	O	16.64	T	-		
124	35	O	16.64	C	-		
124	36	O	16.64	C	-		
124	37	O	16.64	A	-		
124	38	O	16.64	G	-		
124	39	O	16.64	A	-		
124	40	O	16.64	C	-		
124	41	O	16.64	A	-		
124	42	O	16.64	G	-		
124	43	O	16.64	C	-		
124	44	O	16.64	T	-		
124	45	O	16.64	G	-		
124	46	O	16.64	C	-		
124	47	O	16.64	T	-		
124	48	O	16.64	T	-		
124	49	O	16.64	G	-		
124	50	O	16.64	C	-		
124	51	O	16.64	G	-		
124	52	O	16.64	A	-		
124	53	O	16.64	G	-		
124	54	O	16.64	T	-		
124	55	O	16.64	C	-		
124	56	O	16.64	G	-		
124	57	O	16.64	C	-		
124	58	O	16.64	C	-		
124	59	O	16.64	A	-		
124	60	O	16.64	C	-		
124	61	O	16.64	T	-		
124	62	O	16.64	A	-		
124	63	O	16.64	A	-		
124	64	O	16.64	C	-		
124	65	O	16.64	A	-		
124	66	O	16.64	C	-		
124	67	O	16.64	A	-		
124	68	O	16.64	T	-		
124	69	O	16.64	G	-		
124	70	O	16.64	C	-		
124	71	O	16.64	A	-		
124	72	O	16.64	T	-		
124	73	O	16.64	G	-		
124	74	O	16.64	C	-		
124	75	O	16.64	A	-		
124	76	O	16.64	C	-		
124	77	O	16.64	T	-		
124	78	O	16.64	C	-		
124	79	O	16.64	G	-		
124	80	O	16.64	G	-		
124	81	O	16.64	C	-		
124	82	O	16.64	C	-		
124	83	O	16.64	A	-		
124	84	O	16.64	A	-		
124	85	O	16.64	T	-		
124	86	O	16.64	C	-		
124	87	O	16.64	C	-		
124	88	O	16.64	A	-		
124	89	O	16.64	A	-		
124	90	O	16.64	G	-		
124	91	O	16.64	G	-		
124	92	O	16.64	C	-		
124	93	O	16.64	A	-		
124	94	O	16.64	A	-		
124	95	O	16.64	C	-		
124	96	O	16.64	A	-		
124	97	O	16.64	T	-		
124	98	O	16.64	A	-		
124	99	O	16.64	C	-		
124	100	O	16.64	T	-		
124	101	O	16.64	C	-		
124	102	O	16.64	C	-		
124	103	O	16.64	A	-		
124	104	O	16.64	G	-		
124	105	O	16.64	T	-		
124	106	O	16.64	G	-		
124	107	O	16.64	C	-		
124	108	O	16.64	T	-		
124	109	O	16.64	T	-		
125	0	O	15.25	A	-		
125	1	O	15.25	T	-		
125	2	O	15.25	C	-		
125	3	O	15.25	T	-		
125	4	O	15.25	G	-		
125	5	O	15.25	A	-		
125	6	O	15.25	A	-		
125	7	O	15.25	G	-		
125	8	O	15.25	C	-		
125	9	O	15.25	C	-		
125	10	O	15.25	A	-		
125	11	O	15.25	G	-		
125	12	O	15.25	C	-		
125	13	O	15.25	C	-		
125	14	O	15.25	G	-		
125	15	O	15.25	A	-		
125	16	O	15.25	C	-		
125	17	O	15.25	T	-		
125	18	O	15.25	C	-		
125	19	O	15.25	T	-		
125	20	O	15.25	G	-		
125	21	O	15.25	C	-		
125	22	O	15.25	A	-		
125	23	O	15.25	T	-		
125	24	O	15.25	T	-		
125	25	O	15.25	G	-		
125	26	O	15.25	T	-		
125	27	O	15.25	A	-		
125	28	O	15.25	C	-		
125	29	O	15.25	A	-		
125	30	O	15.25	C	-		
125	31	O	15.25	A	-		
125	32	O	15.25	T	-		
125	33	O	15.25	G	-		
125	34	O	15.25	T	-		
125	35	O	15.25	G	-		
125	36	O	15.25	T	-		
125	37	O	15.25	C	-		
125	38	O	15.25	G	-		
125	39	O	15.25	C	-		
125	40	O	15.25	C	-		
125	41	O	15.25	C	-		
125	42	O	15.25	G	-		
125	43	O	15.25	G	-		
125	44	O	15.25	A	-		
125	45	O	15.25	A	-		
125	46	O	15.25	C	-		
125	47	O	15.25	A	-		
125	48	O	15.25	G	-		
125	49	O	15.25	A	-		
125	50	O	15.25	T	-		
125	51	O	15.25	T	-		
125	52	O	15.25	C	-		
125	53	O	15.25	G	-		
125	54	O	15.25	G	-		
125	55	O	15.25	C	-		
125	56	O	15.25	C	-		
125	57	O	15.25	A	-		
125	58	O	15.25	G	-		
125	59	O	15.25	C	-		
125	60	O	15.25	A	-		
125	61	O	15.25	C	-		
125	62	O	15.25	A	-		
125	63	O	15.25	A	-		
125	64	O	15.25	G	-		
125	65	O	15.25	A	-		
125	66	O	15.25	T	-		
125	67	O	15.25	C	-		
125	68	O	15.25	T	-		
125	69	O	15.25	C	-		
125	70	O	15.25	C	-		
125	71	O	15.25	A	-		
125	72	O	15.25	C	-		
125	73	O	15.25	C	-		
125	74	O	15.25	A	-		
125	75	O	15.25	A	-		
125	76	O	15.25	G	-		
125	77	O	15.25	C	-		
125	78	O	15.25	T	-		
125	79	O	15.25	C	-		
125	80	O	15.25	A	-		
125	81	O	15.25	A	-		
125	82	O	15.25	T	-		
125	83	O	15.25	G	-		
125	84	O	15.25	T	-		
125	85	O	15.25	T	-		
125	86	O	15.25	C	-		
125	87	O	15.25	A	-		
125	88	O	15.25	G	-		
125	89	O	15.25	G	-		
125	90	O	15.25	G	-		
125	91	O	15.25	T	-		
125	92	O	15.25	G	-		
125	93	O	15.25	A	-		
125	94	O	15.25	G	-		
125	95	O	15.25	T	-		
125	96	O	15.25	C	-		
125	97	O	15.25	T	-		
125	98	O	15.25	G	-		
125	99	O	15.25	C	-		
125	100	O	15.25	T	-		
125	101	O	15.25	G	-		
125	102	O	15.25	C	-		
125	103	O	15.25	C	-		
125	104	O	15.25	T	-		
125	105	O	15.25	A	-		
125	106	O	15.25	C	-		
125	107	O	15.25	C	-		
125	108	O	15.25	T	-		
125	109	O	15.25	G	-		
126	0	O	15.25	A	-		
126	1	O	15.25	A	-		
126	2	O	15.25	C	-		
126	3	O	15.25	T	-		
126	4	O	15.25	G	-		
126	5	O	15.25	C	-		
126	6	O	15.25	C	-		
126	7	O	15.25	A	-		
126	8	O	15.25	C	-		
126	9	O	15.25	G	-		
126	10	O	15.25	A	-		
126	11	O	15.25	A	-		
126	12	O	15.25	G	-		
126	13	O	15.25	G	-		
126	14	O	15.25	G	-		
126	15	O	15.25	C	-		
126	16	O	15.25	C	-		
126	17	O	15.25	G	-		
126	18	O	15.25	T	-		
126	19	O	15.25	C	-		
126	20	O	15.25	T	-		
126	21	O	15.25	T	-		
126	22	O	15.25	T	-		
126	23	O	15.25	G	-		
126	24	O	15.25	G	-		
126	25	O	15.25	G	-		
126	26	O	15.25	G	-		
126	27	O	6.35	A	-		
126	28	O	15.25	G	-		
126	29	O	15.25	G	-		
126	30	O	15.25	G	-		
126	31	O	15.25	A	-		
126	32	O	15.25	G	-		
126	33	O	15.25	T	-		
126	34	O	15.25	A	-		
126	35	O	15.25	G	-		
126	36	O	15.25	G	-		
126	37	O	15.25	C	-		
126	38	O	15.25	G	-		
126	39	O	15.25	G	-		
126	40	O	15.25	T	-		
126	41	O	15.25	G	-		
126	42	O	6.35	G	-		
126	43	O	15.25	G	-		
126	44	O	15.25	G	-		
126	45	O	15.25	C	-		
126	46	O	15.25	G	-		
126	47	O	15.25	C	-		
126	48	O	15.25	A	-		
126	49	O	15.25	G	-		
126	50	O	15.25	G	-		
126	51	O	15.25	C	-		
126	52	O	15.25	A	-		
126	53	O	15.25	G	-		
126	54	O	15.25	T	-		
126	55	O	15.25	A	-		
126	56	O	15.25	G	-		
126	57	O	15.25	A	-		
126	58	O	15.25	G	-		
126	59	O	15.25	G	-		
126	60	O	15.25	C	-		
126	61	O	15.25	G	-		
126	62	O	15.25	G	-		
126	63	O	15.25	T	-		
126	64	O	15.25	A	-		
126	65	O	15.25	C	-		
126	66	O	15.25	T	-		
126	67	O	15.25	C	-		
126	68	O	15.25	G	-		
126	69	O	15.25	C	-		
126	70	O	15.25	C	-		
126	71	O	15.25	C	-		
126	72	O	15.25	T	-		
126	73	O	15.25	T	-		
126	74	O	15.25	G	-		
126	75	O	15.25	T	-		
126	76	O	15.25	C	-		
126	77	O	15.25	G	-		
126	78	O	15.25	T	-		
126	79	O	15.25	C	-		
126	80	O	15.25	G	-		
126	81	O	6.35	G	-		
126	82	O	15.25	T	-		
126	83	O	15.25	C	-		
126	84	O	15.25	T	-		
126	85	O	15.25	T	-		
126	86	O	15.25	G	-		
126	87	O	15.25	A	-		
126	88	O	15.25	A	-		
126	89	O	15.25	C	-		
126	90	O	15.25	T	-		
126	91	O	15.25	T	-		
126	92	O	15.25	G	-		
126	93	O	15.25	C	-		
126	94	O	15.25	C	-		
126	95	O	15.25	G	-		
126	96	O	15.25	C	-		
126	97	O	15.25	G	-		
126	98	O	15.25	C	-		
126	99	O	15.25	A	-		
126	100	O	15.25	G	-		
126	101	O	15.25	G	-		
126	102	O	7.13	T	-		
126	103	O	15.25	T	-		
126	104	O	15.25	G	-		
126	105	O	15.25	T	-		
126	106	O	15.25	T	-		
126	107	O	15.25	G	-		
126	108	O	15.25	T	-		
126	109	O	15.25	C	-		
127	0	O	15.25	A	-		
127	1	O	15.25	G	-		
127	2	O	15.25	G	-		
127	3	O	15.25	T	-		
127	4	O	15.25	A	-		
127	5	O	15.25	T	-		
127	6	O	15.25	C	-		
127	7	O	15.25	G	-		
127	8	O	15.25	A	-		
127	9	O	15.25	A	-		
127	10	O	15.25	G	-		
127	11	O	15.25	A	-		
127	12	O	15.25	T	-		
127	13	O	15.25	C	-		
127	14	O	15.25	G	-		
127	15	O	15.25	C	-		
127	16	O	15.25	A	-		
127	17	O	15.25	C	-		
127	18	O	15.25	G	-		
127	19	O	15.25	C	-		
127	20	O	15.25	T	-		
127	21	O	15.25	T	-		
127	22	O	15.25	C	-		
127	23	O	15.25	C	-		
127	24	O	15.25	G	-		
127	25	O	15.25	G	-		
127	26	O	15.25	C	-		
127	27	O	15.25	T	-		
127	28	O	15.25	G	-		
127	29	O	15.25	C	-		
127	30	O	15.25	A	-		
127	31	O	15.25	G	-		
127	32	O	15.25	G	-		
127	33	O	15.25	A	-		
127	34	O	15.25	T	-		
127	35	O	15.25	C	-		
127	36	O	15.25	T	-		
127	37	O	15.25	G	-		
127	38	O	15.25	A	-		
127	39	O	15.25	T	-		
127	40	O	15.25	T	-		
127	41	O	15.25	G	-		
127	42	O	15.25	C	-		
127	43	O	15.25	C	-		
127	44	O	15.25	C	-		
127	45	O	15.25	C	-		
127	46	O	15.25	G	-		
127	47	O	15.25	A	-		
127	48	O	15.25	C	-		
127	49	O	15.25	G	-		
127	50	O	15.25	G	-		
127	51	O	15.25	G	-		
127	52	O	15.25	C	-		
127	53	O	15.25	G	-		
127	54	O	15.25	A	-		
127	55	O	15.25	A	-		
127	56	O	15.25	T	-		
127	57	O	15.25	A	-		
127	58	O	15.25	A	-		
127	59	O	15.25	C	-		
127	60	O	15.25	C	-		
127	61	O	15.25	G	-		
127	62	O	15.25	A	-		
127	63	O	15.25	A	-		
127	64	O	15.25	T	-		
127	65	O	15.25	G	-		
127	66	O	15.25	G	-		
127	67	O	15.25	A	-		
127	68	O	15.25	G	-		
127	69	O	15.25	G	-		
127	70	O	15.25	A	-		
127	71	O	15.25	A	-		
127	72	O	15.25	C	-		
127	73	O	15.25	A	-		
127	74	O	15.25	A	-		
127	75	O	15.25	A	-		
127	76	O	15.25	C	-		
127	77	O	15.25	G	-		
127	78	O	15.25	A	-		
127	79	O	15.25	T	-		
127	80	O	15.25	G	-		
127	81	O	15.25	A	-		
127	82	O	15.25	C	-		
127	83	O	15.25	T	-		
127	84	O	15.25	A	-		
127	85	O	15.25	C	-		
127	86	O	15.25	T	-		
127	87	O	15.25	C	-		
127	88	O	15.25	C	-		
127	89	O	15.25	C	-		
127	90	O	15.25	G	-		
127	91	O	15.25	C	-		
127	92	O	15.25	T	-		
127	93	O	15.25	T	-		
127	94	O	15.25	C	-		
127	95	O	15.25	T	-		
127	96	O	15.25	G	-		
127	97	O	15.25	C	-		
127	98	O	15.25	T	-		
127	99	O	15.25	T	-		
127	100	O	15.25	C	-		
127	101	O	15.25	C	-		
127	102	O	15.25	C	-		
127	103	O	15.25	G	-		
127	104	O	15.25	C	-		
127	105	O	15.25	A	-		
127	106	O	15.25	C	-		
127	107	O	15.25	C	-		
127	108	O	15.25	C	-		
127	109	O	15.25	T	-		
128	0	O	8.32	A	-		
128	1	O	8.32	G	-		
128	2	O	8.32	C	-		
128	3	O	8.32	G	-		
128	4	O	8.32	G	-		
128	5	O	8.32	C	-		
128	6	O	8.32	T	-		
128	7	O	8.32	G	-		
128	8	O	8.32	A	-		
128	9	O	8.32	C	-		
128	10	O	8.32	T	-		
128	11	O	8.32	C	-		
128	12	O	8.32	G	-		
128	13	O	8.32	C	-		
128	14	O	8.32	G	-		
128	15	O	8.32	T	-		
128	16	O	8.32	T	-		
128	17	O	8.32	C	-		
128	18	O	8.32	A	-		
128	19	O	8.32	C	-		
128	20	O	8.32	G	-		
128	21	O	8.32	C	-		
128	22	O	8.32	C	-		
128	23	O	8.32	G	-		
128	24	O	8.32	G	-		
128	25	O	8.32	C	-		
128	26	O	8.32	G	-		
128	27	O	8.32	T	-		
128	28	O	8.32	T	-		
128	29	O	8.32	C	-		
128	30	O	8.32	G	-		
128	31	O	8.32	T	-		
128	32	O	8.32	C	-		
128	33	O	8.32	A	-		
128	34	O	8.32	G	-		
128	35	O	8.32	A	-		
128	36	O	8.32	T	-		
128	37	O	8.32	A	-		
128	38	O	8.32	T	-		
128	39	O	8.32	C	-		
128	40	O	8.32	T	-		
128	41	O	8.32	G	-		
128	42	O	8.32	A	-		
128	43	O	8.32	C	-		
128	44	O	8.32	C	-		
128	45	O	8.32	G	-		
128	46	O	8.32	C	-		
128	47	O	8.32	C	-		
128	48	O	8.32	G	-		
128	49	O	8.32	T	-		
128	50	O	8.32	G	-		
128	51	O	8.32	G	-		
128	52	O	8.32	G	-		
128	53	O	8.32	C	-		
128	54	O	8.32	C	-		
128	55	O	8.32	C	-		
128	56	O	8.32	C	-		
128	57	O	8.32	T	-		
128	58	O	8.32	C	-		
128	59	O	8.32	G	-		
128	60	O	8.32	G	-		
128	61	O	8.32	C	-		
128	62	O	8.32	C	-		
128	63	O	8.32	A	-		
128	64	O	8.32	T	-		
128	65	O	8.32	A	-		
128	66	O	8.32	T	-		
128	67	O	8.32	T	-		
128	68	O	8.32	G	-		
128	69	O	8.32	A	-		
128	70	O	8.32	C	-		
128	71	O	8.32	G	-		
128	72	O	8.32	G	-		
128	73	O	8.32	C	-		
128	74	O	8.32	C	-		
128	75	O	8.32	C	-		
128	76	O	8.32	T	-		
128	77	O	8.32	C	-		
128	78	O	8.32	C	-		
128	79	O	8.32	T	-		
128	80	O	8.32	C	-		
128	81	O	8.32	A	-		
128	82	O	8.32	A	-		
128	83	O	8.32	A	-		
128	84	O	8.32	A	-		
128	85	O	8.32	C	-		
128	86	O	8.32	C	-		
128	87	O	8.32	A	-		
128	88	O	8.32	G	-		
128	89	O	8.32	C	-		
128	90	O	8.32	G	-		
128	91	O	8.32	T	-		
128	92	O	8.32	C	-		
128	93	O	8.32	A	-		
128	94	O	8.32	A	-		
128	95	O	8.32	T	-		
128	96	O	8.32	A	-		
128	97	O	8.32	T	-		
128	98	O	8.32	C	-		
128	99	O	8.32	T	-		
128	100	O	8.32	A	-		
128	101	O	8.32	C	-		
128	102	O	8.32	C	-		
128	103	O	8.32	T	-		
128	104	O	8.32	G	-		
128	105	O	8.32	A	-		
128	106	O	8.32	A	-		
128	107	O	8.32	T	-		
128	108	O	8.32	A	-		
128	109	O	8.32	T	-		
129	0	O	5.55	T	-		
129	1	O	5.55	G	-		
129	2	O	5.55	A	-		
129	3	O	5.55	G	-		
129	4	O	5.55	T	-		
129	5	O	5.55	T	-		
129	6	O	5.55	G	-		
129	7	O	5.55	G	-		
129	8	O	5.55	T	-		
129	9	O	5.55	T	-		
129	10	O	5.55	C	-		
129	11	O	5.55	G	-		
129	12	O	5.55	T	-		
129	13	O	5.55	G	-		
129	14	O	5.55	G	-		
129	15	O	5.55	A	-		
129	16	O	5.55	G	-		
129	17	O	5.55	G	-		
129	18	O	5.55	T	-		
129	19	O	5.55	C	-		
129	20	O	5.55	G	-		
129	21	O	5.55	A	-		
129	22	O	5.55	A	-		
129	23	O	5.55	G	-		
129	24	O	5.55	T	-		
129	25	O	5.55	G	-		
129	26	O	5.55	A	-		
129	27	O	5.55	A	-		
129	28	O	5.55	C	-		
129	29	O	5.55	G	-		
129	30	O	5.55	G	-		
129	31	O	5.55	T	-		
129	32	O	5.55	T	-		
129	33	O	5.55	T	-		
129	34	O	5.55	C	-		
129	35	O	5.55	C	-		
129	36	O	5.55	T	-		
129	37	O	5.55	G	-		
129	38	O	5.55	T	-		
129	39	O	5.55	T	-		
129	40	O	5.55	G	-		
129	41	O	5.55	T	-		
129	42	O	5.55	C	-		
129	43	O	5.55	A	-		
129	44	O	5.55	A	-		
129	45	O	5.55	G	-		
129	46	O	5.55	A	-		
129	47	O	5.55	A	-		
129	48	O	5.55	G	-		
129	49	O	5.55	A	-		
129	50	O	5.55	A	-		
129	51	O	5.55	T	-		
129	52	O	5.55	G	-		
129	53	O	5.55	G	-		
129	54	O	5.55	A	-		
129	55	O	5.55	G	-		
129	56	O	5.55	G	-		
129	57	O	5.55	A	-		
129	58	O	5.55	G	-		
129	59	O	5.55	A	-		
129	60	O	5.55	T	-		
129	61	O	5.55	G	-		
129	62	O	5.55	G	-		
129	63	O	5.55	T	-		
129	64	O	5.55	A	-		
129	65	O	5.55	G	-		
129	66	O	5.55	A	-		
129	67	O	5.55	C	-		
129	68	O	5.55	G	-		
129	69	O	5.55	A	-		
129	70	O	5.55	A	-		
129	71	O	5.55	C	-		
129	72	O	5.55	G	-		
129	73	O	5.55	A	-		
129	74	O	5.55	G	-		
129	75	O	5.55	A	-		
129	76	O	5.55	C	-		
129	77	O	5.55	G	-		
129	78	O	5.55	C	-		
129	79	O	5.55	G	-		
129	80	O	5.55	T	-		
129	81	O	5.55	T	-		
129	82	O	5.55	G	-		
129	83	O	5.55	T	-		
129	84	O	5.55	A	-		
129	85	O	5.55	T	-		
129	86	O	5.55	G	-		
129	87	O	5.55	C	-		
129	88	O	5.55	C	-		
129	89	O	5.55	T	-		
129	90	O	5.55	T	-		
129	91	O	5.55	A	-		
129	92	O	5.55	C	-		
129	93	O	5.55	A	-		
129	94	O	5.55	G	-		
129	95	O	5.55	A	-		
129	96	O	5.55	T	-		
129	97	O	5.55	A	-		
129	98	O	5.55	A	-		
129	99	O	5.55	A	-		
129	100	O	5.55	A	-		
129	101	O	5.55	A	-		
129	102	O	5.55	G	-		
129	103	O	5.55	A	-		
129	104	O	5.55	A	-		
129	105	O	5.55	C	-		
129	106	O	5.55	T	-		
129	107	O	5.55	G	-		
129	108	O	5.55	A	-		
129	109	O	5.55	T	-		
130	0	O	8.32	C	-		
130	1	O	8.32	G	-		
130	2	O	8.32	C	-		
130	3	O	8.32	A	-		
130	4	O	8.32	G	-		
130	5	O	8.32	C	-		
130	6	O	8.32	A	-		
130	7	O	8.32	C	-		
130	8	O	8.32	C	-		
130	9	O	8.32	A	-		
130	10	O	8.32	T	-		
130	11	O	8.32	T	-		
130	12	O	8.32	G	-		
130	13	O	8.32	A	-		
130	14	O	8.32	C	-		
130	15	O	8.32	G	-		
130	16	O	8.32	A	-		
130	17	O	8.32	T	-		
130	18	O	8.32	A	-		
130	19	O	8.32	C	-		
130	20	O	8.32	G	-		
130	21	O	8.32	G	-		
130	22	O	8.32	A	-		
130	23	O	8.32	T	-		
130	24	O	8.32	C	-		
130	25	O	8.32	C	-		
130	26	O	8.32	G	-		
130	27	O	8.32	A	-		
130	28	O	8.32	T	-		
130	29	O	8.32	G	-		
130	30	O	8.32	G	-		
130	31	O	8.32	G	-		
130	32	O	8.32	T	-		
130	33	O	8.32	C	-		
130	34	O	8.32	T	-		
130	35	O	8.32	C	-		
130	36	O	8.32	G	-		
130	37	O	8.32	C	-		
130	38	O	8.32	C	-		
130	39	O	8.32	T	-		
130	40	O	8.32	T	-		
130	41	O	8.32	C	-		
130	42	O	8.32	C	-		
130	43	O	8.32	T	-		
130	44	O	8.32	C	-		
130	45	O	8.32	G	-		
130	46	O	8.32	A	-		
130	47	O	8.32	C	-		
130	48	O	8.32	G	-		
130	49	O	8.32	G	-		
130	50	O	8.32	A	-		
130	51	O	8.32	C	-		
130	52	O	8.32	A	-		
130	53	O	8.32	C	-		
130	54	O	8.32	T	-		
130	55	O	8.32	T	-		
130	56	O	8.32	C	-		
130	57	O	8.32	A	-		
130	58	O	8.32	A	-		
130	59	O	8.32	A	-		
130	60	O	8.32	A	-		
130	61	O	8.32	C	-		
130	62	O	8.32	G	-		
130	63	O	8.32	C	-		
130	64	O	8.32	G	-		
130	65	O	8.32	A	-		
130	66	O	8.32	A	-		
130	67	O	8.32	C	-		
130	68	O	8.32	C	-		
130	69	O	8.32	G	-		
130	70	O	8.32	C	-		
130	71	O	8.32	T	-		
130	72	O	8.32	A	-		
130	73	O	8.32	T	-		
130	74	O	8.32	C	-		
130	75	O	8.32	G	-		
130	76	O	8.32	T	-		
130	77	O	8.32	C	-		
130	78	O	8.32	G	-		
130	79	O	8.32	T	-		
130	80	O	8.32	A	-		
130	81	O	8.32	G	-		
130	82	O	8.32	G	-		
130	83	O	8.32	T	-		
130	84	O	8.32	G	-		
130	85	O	8.32	T	-		
130	86	O	8.32	T	-		
130	87	O	8.32	C	-		
130	88	O	8.32	G	-		
130	89	O	8.32	T	-		
130	90	O	8.32	G	-		
130	91	O	8.32	C	-		
130	92	O	8.32	C	-		
130	93	O	8.32	G	-		
130	94	U	0.71	T	A		
130	95	O	8.32	T	-		
130	96	O	8.32	G	-		
130	97	O	8.32	A	-		
130	98	O	8.32	G	-		
130	99	O	8.32	A	-		
130	100	O	8.32	A	-		
130	101	O	8.32	G	-		
130	102	O	8.32	T	-		
130	103	O	8.32	C	-		
130	104	O	8.32	C	-		
130	105	O	8.32	A	-		
130	106	O	8.32	T	-		
130	107	O	8.32	T	-		
130	108	O	8.32	G	-		
130	109	O	8.32	T	-		
131	0	O	5.55	A	-		
131	1	O	5.55	G	-		
131	2	O	5.55	C	-		
131	3	O	5.55	A	-		
131	4	O	5.55	G	-		
131	5	O	5.55	C	-		
131	6	O	5.55	A	-		
131	7	O	5.55	G	-		
131	8	O	5.55	T	-		
131	9	O	5.55	C	-		
131	10	O	5.55	G	-		
131	11	O	5.55	T	-		
131	12	O	5.55	T	-		
131	13	O	5.55	C	-		
131	14	O	5.55	C	-		
131	15	O	5.55	A	-		
131	16	O	5.55	A	-		
131	17	O	5.55	G	-		
131	18	O	5.55	C	-		
131	19	O	5.55	G	-		
131	20	O	5.55	T	-		
131	21	O	5.55	G	-		
131	22	O	5.55	T	-		
131	23	O	5.55	G	-		
131	24	O	5.55	T	-		
131	25	O	5.55	G	-		
131	26	O	5.55	T	-		
131	27	O	5.55	G	-		
131	28	O	5.55	T	-		
131	29	O	5.55	G	-		
131	30	O	5.55	T	-		
131	31	O	5.55	C	-		
131	32	O	5.55	G	-		
131	33	O	5.55	C	-		
131	34	O	5.55	T	-		
131	35	O	5.55	T	-		
131	36	O	5.55	G	-		
131	37	O	5.55	C	-		
131	38	O	5.55	A	-		
131	39	O	5.55	A	-		
131	40	O	5.55	T	-		
131	41	O	5.55	G	-		
131	42	O	5.55	A	-		
131	43	O	5.55	G	-		
131	44	O	5.55	C	-		
131	45	O	5.55	C	-		
131	46	O	5.55	A	-		
131	47	O	5.55	T	-		
131	48	O	5.55	G	-		
131	49	O	5.55	T	-		
131	50	O	5.55	C	-		
131	51	O	5.55	C	-		
131	52	O	5.55	C	-		
131	53	O	5.55	T	-		
131	54	O	5.55	G	-		
131	55	O	5.55	G	-		
131	56	O	5.55	C	-		
131	57	O	5.55	G	-		
131	58	O	5.55	G	-		
131	59	O	5.55	C	-		
131	60	O	5.55	C	-		
131	61	O	5.55	A	-		
131	62	O	5.55	A	-		
131	63	O	5.55	C	-		
131	64	O	5.55	G	-		
131	65	O	5.55	A	-		
131	66	O	5.55	C	-		
131	67	O	5.55	A	-		
131	68	O	5.55	C	-		
131	69	O	5.55	T	-		
131	70	O	5.55	C	-		
131	71	O	5.55	T	-		
131	72	O	5.55	A	-		
131	73	O	5.55	A	-		
131	74	O	5.55	A	-		
131	75	O	5.55	A	-		
131	76	O	5.55	C	-		
131	77	O	5.55	T	-		
131	78	O	5.55	C	-		
131	79	O	5.55	A	-		
131	80	O	5.55	T	-		
131	81	O	5.55	C	-		
131	82	O	5.55	C	-		
131	83	O	5.55	G	-		
131	84	O	5.55	G	-		
131	85	O	5.55	C	-		
131	86	O	5.55	G	-		
131	87	O	5.55	T	-		
131	88	O	5.55	C	-		
131	89	O	5.55	T	-		
131	90	O	5.55	C	-		
131	91	O	5.55	A	-		
131	92	O	5.55	C	-		
131	93	O	5.55	A	-		
131	94	O	5.55	A	-		
131	95	O	5.55	G	-		
131	96	O	5.55	C	-		
131	97	O	5.55	G	-		
131	98	O	5.55	G	-		
131	99	O	5.55	C	-		
131	100	O	5.55	G	-		
131	101	O	5.55	C	-		
131	102	O	5.55	G	-		
131	103	O	5.55	A	-		
131	104	O	5.55	C	-		
131	105	O	5.55	A	-		
131	106	O	5.55	A	-		
131	107	O	5.55	G	-		
131	108	O	5.55	C	-		
131	109	O	5.55	G	-		
132	0	O	6.93	T	-		
132	1	O	6.93	G	-		
132	2	O	6.93	G	-		
132	3	O	6.93	T	-		
132	4	O	6.93	C	-		
132	5	O	6.93	A	-		
132	6	O	6.93	C	-		
132	7	O	6.93	A	-		
132	8	O	6.93	G	-		
132	9	O	6.93	A	-		
132	10	O	6.93	A	-		
132	11	O	6.93	G	-		
132	12	O	6.93	G	-		
132	13	O	6.93	C	-		
132	14	O	6.93	T	-		
132	15	O	6.93	C	-		
132	16	O	6.93	C	-		
132	17	O	6.93	G	-		
132	18	O	6.93	A	-		
132	19	O	6.93	G	-		
132	20	O	6.93	A	-		
132	21	O	6.93	A	-		
132	22	O	6.93	G	-		
132	23	O	6.93	C	-		
132	24	O	6.93	A	-		
132	25	O	6.93	A	-		
132	26	O	6.93	C	-		
132	27	O	6.93	A	-		
132	28	O	6.93	A	-		
132	29	O	6.93	T	-		
132	30	O	6.93	A	-		
132	31	O	6.93	C	-		
132	32	O	6.93	A	-		
132	33	O	6.93	G	-		
132	34	O	6.93	G	-		
132	35	O	6.93	A	-		
132	36	O	6.93	G	-		
132	37	O	6.93	C	-		
132	38	O	6.93	A	-		
132	39	O	6.93	T	-		
132	40	O	6.93	A	-		
132	41	O	6.93	C	-		
132	42	O	6.93	T	-		
132	43	O	6.93	G	-		
132	44	O	6.93	G	-		
132	45	O	6.93	A	-		
132	46	O	6.93	G	-		
132	47	O	6.93	C	-		
132	48	O	6.93	T	-		
132	49	O	6.93	G	-		
132	50	O	6.93	C	-		
132	51	O	6.93	C	-		
132	52	O	6.93	G	-		
132	53	O	6.93	C	-		
132	54	O	6.93	C	-		
132	55	O	6.93	G	-		
132	56	O	6.93	C	-		
132	57	O	6.93	T	-		
132	58	O	6.93	G	-		
132	59	O	6.93	G	-		
132	60	O	6.93	T	-		
132	61	O	6.93	C	-		
132	62	O	6.93	C	-		
132	63	O	6.93	A	-		
132	64	O	6.93	A	-		
132	65	O	6.93	A	-		
132	66	O	6.93	T	-		
132	67	O	6.93	C	-		
132	68	O	6.93	A	-		
132	69	O	6.93	A	-		
132	70	O	6.93	C	-		
132	71	O	6.93	A	-		
132	72	O	6.93	T	-		
132	73	O	6.93	G	-		
132	74	O	6.93	C	-		
132	75	O	6.93	C	-		
132	76	O	6.93	G	-		
132	77	O	6.93	C	-		
132	78	O	6.93	G	-		
132	79	O	6.93	T	-		
132	80	O	6.93	A	-		
132	81	O	6.93	T	-		
132	82	O	6.93	C	-		
132	83	O	6.93	G	-		
132	84	O	6.93	G	-		
132	85	O	6.93	C	-		
132	86	U	-0.27	T	C		
132	87	O	6.93	T	-		
132	88	O	6.93	C	-		
132	89	O	6.93	A	-		
132	90	O	6.93	A	-		
132	91	O	6.93	T	-		
132	92	O	6.93	A	-		
132	93	O	6.93	A	-		
132	94	O	6.93	G	-		
132	95	O	6.93	G	-		
132	96	O	6.93	A	-		
132	97	O	6.93	G	-		
132	98	O	6.93	A	-		
132	99	O	6.93	C	-		
132	100	O	6.93	C	-		
132	101	O	6.93	A	-		
132	102	O	6.93	A	-		
132	103	O	6.93	G	-		
132	104	O	6.93	G	-		
132	105	O	6.93	A	-		
132	106	O	6.93	A	-		
132	107	O	6.93	G	-		
132	108	O	6.93	C	-		
132	109	O	6.93	C	-		
133	0	O	22.18	T	-		
133	1	O	22.18	T	-		
133	2	O	22.18	C	-		
133	3	O	22.18	T	-		
133	4	O	22.18	C	-		
133	5	O	22.18	A	-		
133	6	O	22.18	C	-		
133	7	O	22.18	C	-		
133	8	O	22.18	A	-		
133	9	O	22.18	A	-		
133	10	O	22.18	C	-		
133	11	O	22.18	G	-		
133	12	O	22.18	C	-		
133	13	O	22.18	C	-		
133	14	O	22.18	T	-		
133	15	O	22.18	G	-		
133	16	O	22.18	G	-		
133	17	O	22.18	C	-		
133	18	O	22.18	A	-		
133	19	O	22.18	G	-		
133	20	O	22.18	G	-		
133	21	O	22.18	G	-		
133	22	O	22.18	A	-		
133	23	O	22.18	G	-		
133	24	O	22.18	T	-		
133	25	O	22.18	G	-		
133	26	O	22.18	G	-		
133	27	O	22.18	A	-		
133	28	O	22.18	C	-		
133	29	O	22.18	G	-		
133	30	O	22.18	T	-		
133	31	O	22.18	G	-		
133	32	O	22.18	C	-		
133	33	O	22.18	T	-		
133	34	O	22.18	C	-		
133	35	O	22.18	G	-		
133	36	O	22.18	A	-		
133	37	O	22.18	T	-		
133	38	O	22.18	G	-		
133	39	O	22.18	C	-		
133	40	O	22.18	C	-		
133	41	O	22.18	G	-		
133	42	O	22.18	G	-		
133	43	O	22.18	C	-		
133	44	O	22.18	G	-		
133	45	O	22.18	G	-		
133	46	O	22.18	C	-		
133	47	O	22.18	T	-		
133	48	O	22.18	G	-		
133	49	O	22.18	T	-		
133	50	O	22.18	G	-		
133	51	O	22.18	A	-		
133	52	O	22.18	T	-		
133	53	O	22.18	G	-		
133	54	O	22.18	A	-		
133	55	O	22.18	T	-		
133	56	O	22.18	G	-		
133	57	O	22.18	T	-		
133	58	O	22.18	C	-		
133	59	O	12.50	T	-		
133	60	O	22.18	T	-		
133	61	O	22.18	C	-		
133	62	O	22.18	C	-		
133	63	O	22.18	T	-		
133	64	O	22.18	G	-		
133	65	O	22.18	G	-		
133	66	O	22.18	C	-		
133	67	O	22.18	C	-		
133	68	O	22.18	A	-		
133	69	O	22.18	A	-		
133	70	O	22.18	T	-		
133	71	O	22.18	G	-		
133	72	O	22.18	C	-		
133	73	O	22.18	C	-		
133	74	O	22.18	G	-		
133	75	O	22.18	G	-		
133	76	O	22.18	A	-		
133	77	O	22.18	G	-		
133	78	O	22.18	A	-		
133	79	O	22.18	G	-		
133	80	O	22.18	T	-		
133	81	O	22.18	T	-		
133	82	O	22.18	C	-		
133	83	O	22.18	G	-		
133	84	O	22.18	A	-		
133	85	O	22.18	G	-		
133	86	O	22.18	A	-		
133	87	O	22.18	A	-		
133	88	O	22.18	G	-		
133	89	O	22.18	C	-		
133	90	O	22.18	T	-		
133	91	O	22.18	G	-		
133	92	O	22.18	T	-		
133	93	O	22.18	G	-		
133	94	O	22.18	G	-		
133	95	O	22.18	C	-		
133	96	O	22.18	G	-		
133	97	O	22.18	A	-		
133	98	O	22.18	T	-		
133	99	O	22.18	T	-		
133	100	O	22.18	G	-		
133	101	O	22.18	C	-		
133	102	O	22.18	A	-		
133	103	O	22.18	C	-		
133	104	O	22.18	G	-		
133	105	O	22.18	G	-		
133	106	O	22.18	A	-		
133	107	O	22.18	G	-		
133	108	O	22.18	C	-		
133	109	O	22.18	C	-		
134	0	O	11.09	A	-		
134	1	O	11.09	G	-		
134	2	O	11.09	G	-		
134	3	O	11.09	A	-		
134	4	O	11.09	G	-		
134	5	O	11.09	C	-		
134	6	O	11.09	G	-		
134	7	O	11.09	A	-		
134	8	O	11.09	A	-		
134	9	O	11.09	G	-		
134	10	O	11.09	A	-		
134	11	O	11.09	A	-		
134	12	O	11.09	A	-		
134	13	O	11.09	A	-		
134	14	O	11.09	T	-		
134	15	O	11.09	G	-		
134	16	O	11.09	T	-		
134	17	O	11.09	T	-		
134	18	O	11.09	C	-		
134	19	O	11.09	C	-		
134	20	O	11.09	T	-		
134	21	O	11.09	C	-		
134	22	O	11.09	T	-		
134	23	O	11.09	G	-		
134	24	O	11.09	G	-		
134	25	O	11.09	A	-		
134	26	O	11.09	G	-		
134	27	O	11.09	C	-		
134	28	O	11.09	A	-		
134	29	O	11.09	T	-		
134	30	O	11.09	G	-		
134	31	O	11.09	A	-		
134	32	O	11.09	T	-		
134	33	O	11.09	C	-		
134	34	O	11.09	G	-		
134	35	O	11.09	G	-		
134	36	O	11.09	C	-		
134	37	O	11.09	T	-		
134	38	O	11.09	A	-		
134	39	O	11.09	C	-		
134	40	O	11.09	G	-		
134	41	O	11.09	G	-		
134	42	O	11.09	C	-		
134	43	O	11.09	G	-		
134	44	O	11.09	T	-		
134	45	O	11.09	G	-		
134	46	O	11.09	A	-		
134	47	O	11.09	T	-		
134	48	O	11.09	C	-		
134	49	O	11.09	A	-		
134	50	O	11.09	T	-		
134	51	O	11.09	G	-		
134	52	O	11.09	G	-		
134	53	O	11.09	C	-		
134	54	O	11.09	G	-		
134	55	O	11.09	T	-		
134	56	O	11.09	A	-		
134	57	O	11.09	C	-		
134	58	O	11.09	A	-		
134	59	O	11.09	C	-		
134	60	O	11.09	A	-		
134	61	O	11.09	A	-		
134	62	O	11.09	C	-		
134	63	O	11.09	T	-		
134	64	O	11.09	T	-		
134	65	O	11.09	T	-		
134	66	O	11.09	T	-		
134	67	O	11.09	G	-		
134	68	O	11.09	C	-		
134	69	O	11.09	C	-		
134	70	O	11.09	T	-		
134	71	O	11.09	C	-		
134	72	O	11.09	C	-		
134	73	O	11.09	A	-		
134	74	O	11.09	T	-		
134	75	O	11.09	C	-		
134	76	O	11.09	T	-		
134	77	O	11.09	A	-		
134	78	O	11.09	C	-		
134	79	O	11.09	A	-		
134	80	O	11.09	T	-		
134	81	O	11.09	C	-		
134	82	O	11.09	G	-		
134	83	O	11.09	T	-		
134	84	O	11.09	C	-		
134	85	O	11.09	G	-		
134	86	O	11.09	T	-		
134	87	O	11.09	A	-		
134	88	O	11.09	T	-		
134	89	O	11.09	A	-		
134	90	O	11.09	C	-		
134	91	O	11.09	C	-		
134	92	O	11.09	A	-		
134	93	O	11.09	G	-		
134	94	O	11.09	T	-		
134	95	O	11.09	T	-		
134	96	O	11.09	G	-		
134	97	O	11.09	A	-		
134	98	O	11.09	A	-		
134	99	O	11.09	G	-		
134	100	O	11.09	C	-		
134	101	O	11.09	A	-		
134	102	O	11.09	C	-		
134	103	O	11.09	A	-		
134	104	O	11.09	G	-		
134	105	O	11.09	C	-		
134	106	O	11.09	G	-		
134	107	O	11.09	A	-		
134	108	O	11.09	C	-		
134	109	O	11.09	A	-		
135	0	O	13.86	A	-		
135	1	O	13.86	C	-		
135	2	O	13.86	C	-		
135	3	O	13.86	A	-		
135	4	O	13.86	T	-		
135	5	O	13.86	T	-		
135	6	O	13.86	A	-		
135	7	O	13.86	G	-		
135	8	O	13.86	G	-		
135	9	O	13.86	C	-		
135	10	O	13.86	T	-		
135	11	O	13.86	T	-		
135	12	O	13.86	G	-		
135	13	O	13.86	C	-		
135	14	O	13.86	C	-		
135	15	O	13.86	A	-		
135	16	O	13.86	T	-		
135	17	O	13.86	T	-		
135	18	O	13.86	G	-		
135	19	O	13.86	G	-		
135	20	O	13.86	G	-		
135	21	O	13.86	G	-		
135	22	O	13.86	A	-		
135	23	O	13.86	T	-		
135	24	O	13.86	G	-		
135	25	O	13.86	C	-		
135	26	O	13.86	C	-		
135	27	O	13.86	A	-		
135	28	O	13.86	T	-		
135	29	O	13.86	T	-		
135	30	O	13.86	G	-		
135	31	O	13.86	G	-		
135	32	O	13.86	A	-		
135	33	O	13.86	C	-		
135	34	O	13.86	G	-		
135	35	O	13.86	C	-		
135	36	O	13.86	G	-		
135	37	O	13.86	C	-		
135	38	O	13.86	C	-		
135	39	O	13.86	A	-		
135	40	O	13.86	T	-		
135	41	O	13.86	T	-		
135	42	O	13.86	G	-		
135	43	O	13.86	G	-		
135	44	O	13.86	C	-		
135	45	O	13.86	A	-		
135	46	O	13.86	G	-		
135	47	O	13.86	C	-		
135	48	O	13.86	G	-		
135	49	O	13.86	A	-		
135	50	O	13.86	C	-		
135	51	O	13.86	C	-		
135	52	O	13.86	T	-		
135	53	O	13.86	T	-		
135	54	O	13.86	C	-		
135	55	O	13.86	A	-		
135	56	O	13.86	T	-		
135	57	O	13.86	G	-		
135	58	O	13.86	T	-		
135	59	O	13.86	C	-		
135	60	O	13.86	G	-		
135	61	O	13.86	C	-		
135	62	O	13.86	T	-		
135	63	O	13.86	G	-		
135	64	O	13.86	T	-		
135	65	O	13.86	C	-		
135	66	O	13.86	C	-		
135	67	O	13.86	T	-		
135	68	O	13.86	C	-		
135	69	O	13.86	C	-		
135	70	O	13.86	T	-		
135	71	O	13.86	C	-		
135	72	O	13.86	C	-		
135	73	O	13.86	C	-		
135	74	O	13.86	T	-		
135	75	O	13.86	G	-		
135	76	O	13.86	C	-		
135	77	O	13.86	C	-		
135	78	O	13.86	C	-		
135	79	O	13.86	T	-		
135	80	O	13.86	C	-		
135	81	O	13.86	C	-		
135	82	O	13.86	T	-		
135	83	O	13.86	C	-		
135	84	O	13.86	T	-		
135	85	O	13.86	C	-		
135	86	O	13.86	T	-		
135	87	O	13.86	G	-		
135	88	O	13.86	G	-		
135	89	O	13.86	G	-		
135	90	O	13.86	G	-		
135	91	O	13.86	A	-		
135	92	O	13.86	T	-		
135	93	O	13.86	C	-		
135	94	O	13.86	T	-		
135	95	O	13.86	T	-		
135	96	O	13.86	T	-		
135	97	O	13.86	T	-		
135	98	O	13.86	C	-		
135	99	O	13.86	G	-		
135	100	O	13.86	A	-		
135	101	O	13.86	A	-		
135	102	O	13.86	T	-		
135	103	O	13.86	T	-		
135	104	O	13.86	C	-		
135	105	O	13.86	G	-		
135	106	O	13.86	A	-		
135	107	O	13.86	G	-		
135	108	O	13.86	A	-		
135	109	O	13.86	T	-		
136	0	O	6.93	C	-		
136	1	O	6.93	T	-		
136	2	O	6.93	C	-		
136	3	O	6.93	C	-		
136	4	O	6.93	G	-		
136	5	O	6.93	A	-		
136	6	O	6.93	G	-		
136	7	O	6.93	C	-		
136	8	O	6.93	T	-		
136	9	O	6.93	C	-		
136	10	O	6.93	A	-		
136	11	O	6.93	T	-		
136	12	O	6.93	C	-		
136	13	O	6.93	C	-		
136	14	O	6.93	T	-		
136	15	O	6.93	A	-		
136	16	O	6.93	C	-		
136	17	O	6.93	C	-		
136	18	O	6.93	C	-		
136	19	O	6.93	T	-		
136	20	O	6.93	A	-		
136	21	O	6.93	G	-		
136	22	O	6.93	T	-		
136	23	O	6.93	G	-		
136	24	O	6.93	T	-		
136	25	O	6.93	G	-		
136	26	O	6.93	C	-		
136	27	O	6.93	T	-		
136	28	O	6.93	C	-		
136	29	O	6.93	A	-		
136	30	O	6.93	G	-		
136	31	O	6.93	T	-		
136	32	O	6.93	G	-		
136	33	O	6.93	T	-		
136	34	O	6.93	C	-		
136	35	O	6.93	C	-		
136	36	O	6.93	G	-		
136	37	O	6.93	C	-		
136	38	O	6.93	G	-		
136	39	O	6.93	T	-		
136	40	O	6.93	C	-		
136	41	O	6.93	A	-		
136	42	O	6.93	A	-		
136	43	O	6.93	T	-		
136	44	O	6.93	G	-		
136	45	O	6.93	A	-		
136	46	O	6.93	G	-		
136	47	O	6.93	A	-		
136	48	O	6.93	T	-		
136	49	O	6.93	C	-		
136	50	O	6.93	A	-		
136	51	O	6.93	C	-		
136	52	O	6.93	A	-		
136	53	O	6.93	A	-		
136	54	O	6.93	A	-		
136	55	O	6.93	C	-		
136	56	O	6.93	A	-		
136	57	O	6.93	G	-		
136	58	O	6.93	C	-		
136	59	O	6.93	A	-		
136	60	O	6.93	T	-		
136	61	O	6.93	C	-		
136	62	O	6.93	G	-		
136	63	O	6.93	C	-		
136	64	O	6.93	G	-		
136	65	O	6.93	T	-		
136	66	O	6.93	G	-		
136	67	O	6.93	C	-		
136	68	O	6.93	G	-		
136	69	O	6.93	T	-		
136	70	O	6.93	G	-		
136	71	O	6.93	T	-		
136	72	O	6.93	A	-		
136	73	O	6.93	C	-		
136	74	O	6.93	G	-		
136	75	O	6.93	C	-		
136	76	O	6.93	T	-		
136	77	O	6.93	G	-		
136	78	O	6.93	A	-		
136	79	O	6.93	C	-		
136	80	O	6.93	C	-		
136	81	O	6.93	G	-		
136	82	O	6.93	A	-		
136	83	O	6.93	A	-		
136	84	O	6.93	G	-		
136	85	O	6.93	T	-		
136	86	O	6.93	A	-		
136	87	O	6.93	T	-		
136	88	O	6.93	T	-		
136	89	O	6.93	C	-		
136	90	O	6.93	A	-		
136	91	O	6.93	C	-		
136	92	O	6.93	G	-		
136	93	O	6.93	T	-		
136	94	O	6.93	G	-		
136	95	O	6.93	T	-		
136	96	O	6.93	G	-		
136	97	O	6.93	G	-		
136	98	O	6.93	G	-		
136	99	O	6.93	A	-		
136	100	O	6.93	G	-		
136	101	O	6.93	T	-		
136	102	O	6.93	T	-		
136	103	O	6.93	G	-		
136	104	O	6.93	C	-		
136	105	O	6.93	C	-		
136	106	O	6.93	T	-		
136	107	O	6.93	T	-		
136	108	O	6.93	C	-		
136	109	O	6.93	T	-		
137	0	O	13.86	T	-		
137	1	O	13.86	A	-		
137	2	O	13.86	G	-		
137	3	O	13.86	T	-		
137	4	O	13.86	T	-		
137	5	O	13.86	G	-		
137	6	O	13.86	A	-		
137	7	O	13.86	A	-		
137	8	O	13.86	C	-		
137	9	O	13.86	C	-		
137	10	O	13.86	A	-		
137	11	O	13.86	A	-		
137	12	O	13.86	A	-		
137	13	O	13.86	C	-		
137	14	O	13.86	G	-		
137	15	O	13.86	G	-		
137	16	O	13.86	A	-		
137	17	O	13.86	T	-		
137	18	O	13.86	T	-		
137	19	O	13.86	A	-		
137	20	O	13.86	G	-		
137	21	O	13.86	C	-		
137	22	O	13.86	C	-		
137	23	O	13.86	A	-		
137	24	O	13.86	C	-		
137	25	O	13.86	G	-		
137	26	O	13.86	C	-		
137	27	O	13.86	G	-		
137	28	O	13.86	T	-		
137	29	O	13.86	A	-		
137	30	O	13.86	C	-		
137	31	O	13.86	T	-		
137	32	O	5.16	A	-		
137	33	O	13.86	G	-		
137	34	O	13.86	G	-		
137	35	O	13.86	A	-		
137	36	O	13.86	G	-		
137	37	O	13.86	A	-		
137	38	O	13.86	G	-		
137	39	O	13.86	A	-		
137	40	O	13.86	T	-		
137	41	O	13.86	T	-		
137	42	O	13.86	C	-		
137	43	O	13.86	C	-		
137	44	O	13.86	C	-		
137	45	O	13.86	T	-		
137	46	O	13.86	T	-		
137	47	O	13.86	T	-		
137	48	O	13.86	C	-		
137	49	O	13.86	A	-		
137	50	O	13.86	C	-		
137	51	O	13.86	A	-		
137	52	O	13.86	G	-		
137	53	O	13.86	T	-		
137	54	O	13.86	T	-		
137	55	O	13.86	C	-		
137	56	O	13.86	A	-		
137	57	O	13.86	A	-		
137	58	O	13.86	A	-		
137	59	O	13.86	C	-		
137	60	O	13.86	C	-		
137	61	O	13.86	C	-		
137	62	O	13.86	T	-		
137	63	O	5.16	A	-		
137	64	O	13.86	T	-		
137	65	O	13.86	A	-		
137	66	O	13.86	T	-		
137	67	O	13.86	A	-		
137	68	O	13.86	A	-		
137	69	O	13.86	G	-		
137	70	O	5.16	G	-		
137	71	O	13.86	G	-		
137	72	O	13.86	G	-		
137	73	O	13.86	T	-		
137	74	O	13.86	C	-		
137	75	O	13.86	T	-		
137	76	O	13.86	C	-		
137	77	O	13.86	T	-		
137	78	O	13.86	C	-		
137	79	O	13.86	T	-		
137	80	O	13.86	A	-		
137	81	O	13.86	T	-		
137	82	O	13.86	T	-		
137	83	O	13.86	A	-		
137	84	O	13.86	A	-		
137	85	O	13.86	A	-		
137	86	O	13.86	G	-		
137	87	O	13.86	A	-		
137	88	O	13.86	A	-		
137	89	O	13.86	C	-		
137	90	O	13.86	A	-		
137	91	O	13.86	G	-		
137	92	O	13.86	A	-		
137	93	O	13.86	C	-		
137	94	O	13.86	C	-		
137	95	O	13.86	T	-		
137	96	O	13.86	A	-		
137	97	O	13.86	C	-		
137	98	O	13.86	C	-		
137	99	O	13.86	A	-		
137	100	O	13.86	T	-		
137	101	O	13.86	T	-		
137	102	O	13.86	G	-		
137	103	O	13.86	C	-		
137	104	O	13.86	C	-		
137	105	O	13.86	C	-		
137	106	O	13.86	T	-		
137	107	O	13.86	C	-		
137	108	O	13.86	T	-		
137	109	O	13.86	G	-		
138	0	O	11.09	G	-		
138	1	O	11.09	C	-		
138	2	O	11.09	G	-		
138	3	O	11.09	A	-		
138	4	O	11.09	A	-		
138	5	O	11.09	G	-		
138	6	O	11.09	C	-		
138	7	O	11.09	A	-		
138	8	O	11.09	G	-		
138	9	O	11.09	A	-		
138	10	O	11.09	T	-		
138	11	O	11.09	C	-		
138	12	O	11.09	C	-		
138	13	O	11.09	T	-		
138	14	O	11.09	T	-		
138	15	O	11.09	G	-		
138	16	O	11.09	A	-		
138	17	O	11.09	G	-		
138	18	O	11.09	T	-		
138	19	O	11.09	T	-		
138	20	O	11.09	C	-		
138	21	O	11.09	T	-		
138	22	O	11.09	T	-		
138	23	O	11.09	G	-		
138	24	O	11.09	C	-		
138	25	O	11.09	C	-		
138	26	O	11.09	A	-		
138	27	O	11.09	C	-		
138	28	O	11.09	T	-		
138	29	O	11.09	G	-		
138	30	O	11.09	C	-		
138	31	O	11.09	A	-		
138	32	O	11.09	T	-		
138	33	O	11.09	G	-		
138	34	O	11.09	G	-		
138	35	O	11.09	A	-		
138	36	O	11.09	A	-		
138	37	O	11.09	A	-		
138	38	O	11.09	G	-		
138	39	O	11.09	A	-		
138	40	O	11.09	G	-		
138	41	O	11.09	G	-		
138	42	O	11.09	C	-		
138	43	O	11.09	A	-		
138	44	O	11.09	A	-		
138	45	O	11.09	C	-		
138	46	O	11.09	T	-		
138	47	O	11.09	G	-		
138	48	O	11.09	T	-		
138	49	O	11.09	C	-		
138	50	O	11.09	G	-		
138	51	O	11.09	A	-		
138	52	O	11.09	T	-		
138	53	O	11.09	C	-		
138	54	O	11.09	A	-		
138	55	O	11.09	G	-		
138	56	O	11.09	C	-		
138	57	O	11.09	T	-		
138	58	O	11.09	T	-		
138	59	O	11.09	C	-		
138	60	O	11.09	A	-		
138	61	O	11.09	T	-		
138	62	O	11.09	C	-		
138	63	O	11.09	A	-		
138	64	O	11.09	C	-		
138	65	O	11.09	G	-		
138	66	O	11.09	T	-		
138	67	O	11.09	G	-		
138	68	O	11.09	G	-		
138	69	O	11.09	A	-		
138	70	O	11.09	C	-		
138	71	O	11.09	G	-		
138	72	O	11.09	G	-		
138	73	O	11.09	G	-		
138	74	O	11.09	A	-		
138	75	O	11.09	A	-		
138	76	O	11.09	G	-		
138	77	O	11.09	A	-		
138	78	O	11.09	C	-		
138	79	O	11.09	A	-		
138	80	O	11.09	G	-		
138	81	O	11.09	C	-		
138	82	O	11.09	A	-		
138	83	O	11.09	G	-		
138	84	O	11.09	C	-		
138	85	O	11.09	T	-		
138	86	O	11.09	T	-		
138	87	O	11.09	A	-		
138	88	O	11.09	C	-		
138	89	O	11.09	A	-		
138	90	O	11.09	T	-		
138	91	O	11.09	T	-		
138	92	O	11.09	A	-		
138	93	O	11.09	G	-		
138	94	O	11.09	A	-		
138	95	O	11.09	A	-		
138	96	O	11.09	A	-		
138	97	O	11.09	C	-		
138	98	O	11.09	A	-		
138	99	O	11.09	A	-		
138	100	O	11.09	A	-		
138	101	O	11.09	G	-		
138	102	O	11.09	A	-		
138	103	O	11.09	T	-		
138	104	O	11.09	C	-		
138	105	O	11.09	A	-		
138	106	O	11.09	C	-		
138	107	O	11.09	A	-		
138	108	O	11.09	C	-		
138	109	O	11.09	G	-		
139	0	O	15.25	C	-		
139	1	O	15.25	G	-		
139	2	O	15.25	T	-		
139	3	O	15.25	G	-		
139	4	O	15.25	A	-		
139	5	O	15.25	G	-		
139	6	O	15.25	C	-		
139	7	O	15.25	G	-		
139	8	O	15.25	C	-		
139	9	O	15.25	G	-		
139	10	O	15.25	G	-		
139	11	O	15.25	C	-		
139	12	O	15.25	C	-		
139	13	O	15.25	T	-		
139	14	O	15.25	A	-		
139	15	O	15.25	T	-		
139	16	O	15.25	G	-		
139	17	O	15.25	T	-		
139	18	O	15.25	A	-		
139	19	O	15.25	T	-		
139	20	O	15.25	A	-		
139	21	O	15.25	G	-		
139	22	O	15.25	G	-		
139	23	O	15.25	C	-		
139	24	O	15.25	A	-		
139	25	O	15.25	G	-		
139	26	O	15.25	C	-		
139	27	O	15.25	C	-		
139	28	O	15.25	G	-		
139	29	O	15.25	A	-		
139	30	O	15.25	A	-		
139	31	O	15.25	T	-		
139	32	O	15.25	G	-		
139	33	O	15.25	G	-		
139	34	O	15.25	G	-		
139	35	O	15.25	T	-		
139	36	O	15.25	T	-		
139	37	O	15.25	A	-		
139	38	O	15.25	C	-		
139	39	O	15.25	C	-		
139	40	O	15.25	T	-		
139	41	O	15.25	C	-		
139	42	O	15.25	C	-		
139	43	O	15.25	T	-		
139	44	O	15.25	A	-		
139	45	O	15.25	T	-		
139	46	O	15.25	C	-		
139	47	O	15.25	C	-		
139	48	O	15.25	T	-		
139	49	O	15.25	T	-		
139	50	O	15.25	C	-		
139	51	O	15.25	C	-		
139	52	O	15.25	C	-		
139	53	O	15.25	C	-		
139	54	O	15.25	G	-		
139	55	O	15.25	C	-		
139	56	O	15.25	G	-		
139	57	O	15.25	A	-		
139	58	O	15.25	G	-		
139	59	O	15.25	T	-		
139	60	O	15.25	G	-		
139	61	O	15.25	G	-		
139	62	O	15.25	A	-		
139	63	O	15.25	G	-		
139	64	O	15.25	A	-		
139	65	O	15.25	A	-		
139	66	O	15.25	A	-		
139	67	O	15.25	A	-		
139	68	O	15.25	G	-		
139	69	O	15.25	G	-		
139	70	O	15.25	G	-		
139	71	O	15.25	T	-		
139	72	O	15.25	C	-		
139	73	O	15.25	C	-		
139	74	O	15.25	T	-		
139	75	O	15.25	A	-		
139	76	O	15.25	G	-		
139	77	O	15.25	T	-		
139	78	O	15.25	T	-		
139	79	O	15.25	G	-		
139	80	O	15.25	G	-		
139	81	O	15.25	T	-		
139	82	O	15.25	C	-		
139	83	O	15.25	C	-		
139	84	O	15.25	C	-		
139	85	O	15.25	A	-		
139	86	O	15.25	A	-		
139	87	O	15.25	A	-		
139	88	O	15.25	T	-		
139	89	O	15.25	G	-		
139	90	O	15.25	A	-		
139	91	O	15.25	T	-		
139	92	O	15.25	C	-		
139	93	O	15.25	C	-		
139	94	O	15.25	T	-		
139	95	O	15.25	T	-		
139	96	O	15.25	C	-		
139	97	O	15.25	T	-		
139	98	O	15.25	G	-		
139	99	O	15.25	C	-		
139	100	O	15.25	A	-		
139	101	O	15.25	G	-		
139	102	O	15.25	G	-		
139	103	O	15.25	T	-		
139	104	O	15.25	G	-		
139	105	O	15.25	G	-		
139	106	O	15.25	G	-		
139	107	O	15.25	C	-		
139	108	O	15.25	T	-		
139	109	O	15.25	C	-		
140	0	O	5.55	T	-		
140	1	O	5.55	G	-		
140	2	O	5.55	T	-		
140	3	O	5.55	A	-		
140	4	O	5.55	A	-		
140	5	O	5.55	G	-		
140	6	O	5.55	A	-		
140	7	O	5.55	G	-		
140	8	O	5.55	A	-		
140	9	O	5.55	C	-		
140	10	O	5.55	G	-		
140	11	O	5.55	T	-		
140	12	O	5.55	A	-		
140	13	O	5.55	T	-		
140	14	O	5.55	T	-		
140	15	O	5.55	T	-		
140	16	O	5.55	C	-		
140	17	O	5.55	T	-		
140	18	O	5.55	C	-		
140	19	O	5.55	T	-		
140	20	O	5.55	T	-		
140	21	O	5.55	T	-		
140	22	O	5.55	A	-		
140	23	O	5.55	T	-		
140	24	O	5.55	C	-		
140	25	O	5.55	A	-		
140	26	O	5.55	G	-		
140	27	O	5.55	G	-		
140	28	O	5.55	C	-		
140	29	O	5.55	C	-		
140	30	O	5.55	C	-		
140	31	O	5.55	G	-		
140	32	O	5.55	T	-		
140	33	O	5.55	T	-		
140	34	O	5.55	G	-		
140	35	O	5.55	T	-		
140	36	O	5.55	T	-		
140	37	O	5.55	C	-		
140	38	O	5.55	G	-		
140	39	O	5.55	A	-		
140	40	O	5.55	G	-		
140	41	O	5.55	C	-		
140	42	O	5.55	T	-		
140	43	O	5.55	G	-		
140	44	O	5.55	G	-		
140	45	O	5.55	T	-		
140	46	O	5.55	G	-		
140	47	O	5.55	C	-		
140	48	O	5.55	T	-		
140	49	O	5.55	A	-		
140	50	O	5.55	A	-		
140	51	O	5.55	G	-		
140	52	O	5.55	G	-		
140	53	O	5.55	C	-		
140	54	O	5.55	C	-		
140	55	O	5.55	G	-		
140	56	O	5.55	C	-		
140	57	O	5.55	G	-		
140	58	O	5.55	G	-		
140	59	O	5.55	C	-		
140	60	O	5.55	G	-		
140	61	O	5.55	A	-		
140	62	O	5.55	G	-		
140	63	O	5.55	G	-		
140	64	O	5.55	C	-		
140	65	O	5.55	T	-		
140	66	O	5.55	C	-		
140	67	O	5.55	G	-		
140	68	O	5.55	G	-		
140	69	O	5.55	C	-		
140	70	O	5.55	A	-		
140	71	O	5.55	C	-		
140	72	O	5.55	C	-		
140	73	O	5.55	C	-		
140	74	O	5.55	T	-		
140	75	O	5.55	C	-		
140	76	O	5.55	C	-		
140	77	O	5.55	A	-		
140	78	O	5.55	A	-		
140	79	O	5.55	G	-		
140	80	O	5.55	T	-		
140	81	O	5.55	G	-		
140	82	O	5.55	T	-		
140	83	O	5.55	T	-		
140	84	O	5.55	G	-		
140	85	O	5.55	T	-		
140	86	O	5.55	C	-		
140	87	O	5.55	G	-		
140	88	O	5.55	T	-		
140	89	O	5.55	A	-		
140	90	O	5.55	C	-		
140	91	O	5.55	A	-		
140	92	O	5.55	A	-		
140	93	O	5.55	A	-		
140	94	O	5.55	G	-		
140	95	O	5.55	C	-		
140	96	O	5.55	T	-		
140	97	O	5.55	G	-		
140	98	O	5.55	T	-		
140	99	O	5.55	A	-		
140	100	O	5.55	C	-		
140	101	O	5.55	A	-		
140	102	O	5.55	T	-		
140	103	O	5.55	G	-		
140	104	O	5.55	G	-		
140	105	O	5.55	A	-		
140	106	O	5.55	A	-		
140	107	O	5.55	C	-		
140	108	O	5.55	T	-		
140	109	O	5.55	C	-		
141	0	O	12.48	T	-		
141	1	O	12.48	T	-		
141	2	O	12.48	C	-		
141	3	O	12.48	T	-		
141	4	O	12.48	T	-		
141	5	O	12.48	G	-		
141	6	O	12.48	T	-		
141	7	O	12.48	C	-		
141	8	O	12.48	C	-		
141	9	O	12.48	A	-		
141	10	O	12.48	C	-		
141	11	O	12.48	A	-		
141	12	O	12.48	T	-		
141	13	O	12.48	T	-		
141	14	O	12.48	T	-		
141	15	O	12.48	G	-		
141	16	O	12.48	T	-		
141	17	O	12.48	T	-		
141	18	O	12.48	G	-		
141	19	O	12.48	G	-		
141	20	O	12.48	T	-		
141	21	O	12.48	G	-		
141	22	O	12.48	C	-		
141	23	O	12.48	C	-		
141	24	O	12.48	T	-		
141	25	O	12.48	G	-		
141	26	O	12.48	A	-		
141	27	O	12.48	A	-		
141	28	O	12.48	C	-		
141	29	O	12.48	T	-		
141	30	O	12.48	A	-		
141	31	O	12.48	T	-		
141	32	O	12.48	A	-		
141	33	O	12.48	A	-		
141	34	O	12.48	A	-		
141	35	O	12.48	A	-		
141	36	O	12.48	C	-		
141	37	O	12.48	T	-		
141	38	O	12.48	A	-		
141	39	O	12.48	A	-		
141	40	O	12.48	T	-		
141	41	O	12.48	T	-		
141	42	O	12.48	G	-		
141	43	O	12.48	T	-		
141	44	O	12.48	T	-		
141	45	O	12.48	T	-		
141	46	O	12.48	G	-		
141	47	O	12.48	G	-		
141	48	O	12.48	G	-		
141	49	O	12.48	A	-		
141	50	O	12.48	C	-		
141	51	O	12.48	T	-		
141	52	O	12.48	T	-		
141	53	O	12.48	T	-		
141	54	O	12.48	A	-		
141	55	O	12.48	T	-		
141	56	O	12.48	G	-		
141	57	O	12.48	T	-		
141	58	O	12.48	A	-		
141	59	O	12.48	A	-		
141	60	O	12.48	C	-		
141	61	O	12.48	T	-		
141	62	O	12.48	A	-		
141	63	O	12.48	A	-		
141	64	O	12.48	T	-		
141	65	O	12.48	A	-		
141	66	O	12.48	C	-		
141	67	O	12.48	A	-		
141	68	O	12.48	G	-		
141	69	O	12.48	A	-		
141	70	O	12.48	A	-		
141	71	O	12.48	T	-		
141	72	O	12.48	T	-		
141	73	O	12.48	C	-		
141	74	O	12.48	G	-		
141	75	O	12.48	A	-		
141	76	O	12.48	G	-		
141	77	O	12.48	G	-		
141	78	O	12.48	A	-		
141	79	O	12.48	A	-		
141	80	O	12.48	A	-		
141	81	O	12.48	G	-		
141	82	O	12.48	G	-		
141	83	O	12.48	G	-		
141	84	O	12.48	A	-		
141	85	O	12.48	G	-		
141	86	O	12.48	G	-		
141	87	O	12.48	A	-		
141	88	O	12.48	T	-		
141	89	O	12.48	C	-		
141	90	O	12.48	T	-		
141	91	O	12.48	T	-		
141	92	O	12.48	T	-		
141	93	O	12.48	G	-		
141	94	O	12.48	G	-		
141	95	O	12.48	A	-		
141	96	O	12.48	C	-		
141	97	O	12.48	T	-		
141	98	O	12.48	T	-		
141	99	O	12.48	C	-		
141	100	O	12.48	A	-		
141	101	O	12.48	A	-		
141	102	O	12.48	A	-		
141	103	O	12.48	A	-		
141	104	O	12.48	A	-		
141	105	O	12.48	A	-		
141	106	O	12.48	T	-		
141	107	O	12.48	A	-		
141	108	O	12.48	G	-		
141	109	O	12.48	G	-		
142	0	O	11.09	C	-		
142	1	O	11.09	G	-		
142	2	O	11.09	C	-		
142	3	O	11.09	C	-		
142	4	O	11.09	G	-		
142	5	O	11.09	T	-		
142	6	O	11.09	T	-		
142	7	O	11.09	G	-		
142	8	O	11.09	G	-		
142	9	O	11.09	T	-		
142	10	O	11.09	G	-		
142	11	O	11.09	C	-		
142	12	O	11.09	G	-		
142	13	O	11.09	C	-		
142	14	O	11.09	C	-		
142	15	O	11.09	T	-		
142	16	O	11.09	A	-		
142	17	O	11.09	G	-		
142	18	O	11.09	G	-		
142	19	O	11.09	A	-		
142	20	O	11.09	C	-		
142	21	O	11.09	C	-		
142	22	O	11.09	A	-		
142	23	O	11.09	A	-		
142	24	O	11.09	A	-		
142	25	O	11.09	G	-		
142	26	O	11.09	T	-		
142	27	O	11.09	C	-		
142	28	O	11.09	G	-		
142	29	O	11.09	A	-		
142	30	O	11.09	A	-		
142	31	O	11.09	G	-		
142	32	O	11.09	G	-		
142	33	O	11.09	C	-		
142	34	O	11.09	G	-		
142	35	O	11.09	C	-		
142	36	O	11.09	G	-		
142	37	O	11.09	G	-		
142	38	O	11.09	C	-		
142	39	O	11.09	C	-		
142	40	O	11.09	T	-		
142	41	O	11.09	C	-		
142	42	O	11.09	C	-		
142	43	O	11.09	C	-		
142	44	O	11.09	T	-		
142	45	O	11.09	G	-		
142	46	O	11.09	G	-		
142	47	O	11.09	C	-		
142	48	O	11.09	C	-		
142	49	U	2.86	A	C		
142	50	O	11.09	T	-		
142	51	O	11.09	T	-		
142	52	O	11.09	G	-		
142	53	O	11.09	A	-		
142	54	O	11.09	A	-		
142	55	O	11.09	G	-		
142	56	O	11.09	T	-		
142	57	O	11.09	T	-		
142	58	O	11.09	G	-		
142	59	O	11.09	T	-		
142	60	O	11.09	C	-		
142	61	O	11.09	G	-		
142	62	O	11.09	T	-		
142	63	O	11.09	A	-		
142	64	O	11.09	A	-		
142	65	O	11.09	A	-		
142	66	O	11.09	A	-		
142	67	O	11.09	C	-		
142	68	O	11.09	A	-		
142	69	O	11.09	G	-		
142	70	O	11.09	C	-		
142	71	O	11.09	C	-		
142	72	O	11.09	T	-		
142	73	O	11.09	G	-		
142	74	O	11.09	G	-		
142	75	O	11.09	A	-		
142	76	O	11.09	C	-		
142	77	O	11.09	A	-		
142	78	O	11.09	T	-		
142	79	O	11.09	A	-		
142	80	O	11.09	C	-		
142	81	O	11.09	C	-		
142	82	O	11.09	C	-		
142	83	O	11.09	G	-		
142	84	O	11.09	G	-		
142	85	O	11.09	C	-		
142	86	O	11.09	G	-		
142	87	O	11.09	A	-		
142	88	O	11.09	C	-		
142	89	O	11.09	G	-		
142	90	O	11.09	A	-		
142	91	O	11.09	C	-		
142	92	O	11.09	A	-		
142	93	O	11.09	A	-		
142	94	O	11.09	G	-		
142	95	O	11.09	C	-		
142	96	O	11.09	A	-		
142	97	O	11.09	A	-		
142	98	O	11.09	G	-		
142	99	O	11.09	C	-		
142	100	O	11.09	A	-		
142	101	O	11.09	G	-		
142	102	O	11.09	C	-		
142	103	O	11.09	A	-		
142	104	O	11.09	G	-		
142	105	O	11.09	C	-		
142	106	O	11.09	A	-		
142	107	U	2.86	G	C		
142	108	O	11.09	C	-		
142	109	O	11.09	A	-		
143	0	O	22.18	A	-		
143	1	O	22.18	T	-		
143	2	O	22.18	T	-		
143	3	O	22.18	T	-		
143	4	O	22.18	A	-		
143	5	O	22.18	A	-		
143	6	O	22.18	T	-		
143	7	O	22.18	G	-		
143	8	O	22.18	A	-		
143	9	O	22.18	C	-		
143	10	O	22.18	T	-		
143	11	O	22.18	T	-		
143	12	O	22.18	A	-		
143	13	O	22.18	A	-		
143	14	O	22.18	A	-		
143	15	O	22.18	A	-		
143	16	O	22.18	A	-		
143	17	O	22.18	A	-		
143	18	O	22.18	A	-		
143	19	O	22.18	T	-		
143	20	O	22.18	C	-		
143	21	O	22.18	A	-		
143	22	O	22.18	A	-		
143	23	O	22.18	T	-		
143	24	O	22.18	A	-		
143	25	O	22.18	T	-		
143	26	O	22.18	A	-		
143	27	O	22.18	T	-		
143	28	O	22.18	A	-		
143	29	O	22.18	A	-		
143	30	O	22.18	T	-		
143	31	O	22.18	C	-		
143	32	O	22.18	C	-		
143	33	O	22.18	C	-		
143	34	O	22.18	T	-		
143	35	O	22.18	G	-		
143	36	O	22.18	T	-		
143	37	O	22.18	T	-		
143	38	O	22.18	G	-		
143	39	O	22.18	G	-		
143	40	O	22.18	T	-		
143	41	O	22.18	T	-		
143	42	O	22.18	C	-		
143	43	O	22.18	T	-		
143	44	O	22.18	C	-		
143	45	O	22.18	A	-		
143	46	O	22.18	T	-		
143	47	O	22.18	C	-		
143	48	O	22.18	A	-		
143	49	O	22.18	A	-		
143	50	O	22.18	C	-		
143	51	O	22.18	A	-		
143	52	O	22.18	G	-		
143	53	O	22.18	T	-		
143	54	O	22.18	T	-		
143	55	O	22.18	T	-		
143	56	O	22.18	C	-		
143	57	O	22.18	A	-		
143	58	O	22.18	T	-		
143	59	O	12.50	C	-		
143	60	O	22.18	A	-		
143	61	O	22.18	A	-		
143	62	O	22.18	A	-		
143	63	O	22.18	G	-		
143	64	O	22.18	C	-		
143	65	O	22.18	T	-		
143	66	O	22.18	T	-		
143	67	O	22.18	A	-		
143	68	O	22.18	A	-		
143	69	O	22.18	A	-		
143	70	O	22.18	T	-		
143	71	O	22.18	A	-		
143	72	O	22.18	T	-		
143	73	O	22.18	T	-		
143	74	O	22.18	G	-		
143	75	O	22.18	T	-		
143	76	O	22.18	T	-		
143	77	O	22.18	G	-		
143	78	O	22.18	T	-		
143	79	O	22.18	T	-		
143	80	O	22.18	C	-		
143	81	O	22.18	T	-		
143	82	O	22.18	A	-		
143	83	O	22.18	T	-		
143	84	O	22.18	T	-		
143	85	O	22.18	C	-		
143	86	O	22.18	C	-		
143	87	O	22.18	T	-		
143	88	O	22.18	G	-		
143	89	O	22.18	G	-		
143	90	O	22.18	A	-		
143	91	O	22.18	A	-		
143	92	O	22.18	A	-		
143	93	O	22.18	T	-		
143	94	O	22.18	T	-		
143	95	O	22.18	T	-		
143	96	O	22.18	G	-		
143	97	O	22.18	T	-		
143	98	O	22.18	T	-		
143	99	O	22.18	T	-		
143	100	O	22.18	A	-		
143	101	O	22.18	G	-		
143	102	O	22.18	C	-		
143	103	O	22.18	A	-		
143	104	O	22.18	A	-		
143	105	O	22.18	T	-		
143	106	O	22.18	C	-		
143	107	O	22.18	T	-		
143	108	O	22.18	T	-		
143	109	O	22.18	T	-		
144	0	O	9.70	T	-		
144	1	O	9.70	T	-		
144	2	O	9.70	C	-		
144	3	O	9.70	A	-		
144	4	O	9.70	G	-		
144	5	O	9.70	G	-		
144	6	O	9.70	T	-		
144	7	O	9.70	C	-		
144	8	O	9.70	T	-		
144	9	O	9.70	T	-		
144	10	O	9.70	T	-		
144	11	O	9.70	C	-		
144	12	O	9.70	G	-		
144	13	O	9.70	G	-		
144	14	O	9.70	G	-		
144	15	O	9.70	T	-		
144	16	O	9.70	A	-		
144	17	O	9.70	A	-		
144	18	O	9.70	A	-		
144	19	O	9.70	C	-		
144	20	O	9.70	G	-		
144	21	O	9.70	G	-		
144	22	O	9.70	G	-		
144	23	O	9.70	A	-		
144	24	O	9.70	G	-		
144	25	O	9.70	G	-		
144	26	O	9.70	T	-		
144	27	O	9.70	C	-		
144	28	O	9.70	C	-		
144	29	O	9.70	C	-		
144	30	O	9.70	G	-		
144	31	O	9.70	T	-		
144	32	O	9.70	A	-		
144	33	O	9.70	T	-		
144	34	O	9.70	G	-		
144	35	O	9.70	T	-		
144	36	O	9.70	G	-		
144	37	O	9.70	C	-		
144	38	O	9.70	T	-		
144	39	O	9.70	C	-		
144	40	O	9.70	G	-		
144	41	O	9.70	A	-		
144	42	O	9.70	A	-		
144	43	O	9.70	A	-		
144	44	O	9.70	T	-		
144	45	O	9.70	A	-		
144	46	O	9.70	G	-		
144	47	O	9.70	C	-		
144	48	O	9.70	T	-		
144	49	O	9.70	T	-		
144	50	O	9.70	T	-		
144	51	O	9.70	G	-		
144	52	O	9.70	G	-		
144	53	O	9.70	A	-		
144	54	O	9.70	T	-		
144	55	O	9.70	C	-		
144	56	O	9.70	G	-		
144	57	O	9.70	T	-		
144	58	O	9.70	T	-		
144	59	O	9.70	C	-		
144	60	O	9.70	G	-		
144	61	O	9.70	G	-		
144	62	O	9.70	A	-		
144	63	O	9.70	A	-		
144	64	O	9.70	G	-		
144	65	O	9.70	C	-		
144	66	O	9.70	C	-		
144	67	O	9.70	A	-		
144	68	O	9.70	G	-		
144	69	O	9.70	G	-		
144	70	O	9.70	G	-		
144	71	O	9.70	C	-		
144	72	O	9.70	G	-		
144	73	O	9.70	G	-		
144	74	O	9.70	C	-		
144	75	O	9.70	G	-		
144	76	O	9.70	C	-		
144	77	O	9.70	A	-		
144	78	O	9.70	G	-		
144	79	O	9.70	G	-		
144	80	O	9.70	A	-		
144	81	O	9.70	G	-		
144	82	O	9.70	A	-		
144	83	O	9.70	C	-		
144	84	O	9.70	C	-		
144	85	O	9.70	C	-		
144	86	O	9.70	A	-		
144	87	O	9.70	G	-		
144	88	O	9.70	C	-		
144	89	O	9.70	C	-		
144	90	O	9.70	T	-		
144	91	O	9.70	A	-		
144	92	O	9.70	G	-		
144	93	O	9.70	G	-		
144	94	O	9.70	T	-		
144	95	O	9.70	G	-		
144	96	O	9.70	A	-		
144	97	O	9.70	C	-		
144	98	O	9.70	T	-		
144	99	O	9.70	A	-		
144	100	O	9.70	T	-		
144	101	O	9.70	T	-		
144	102	O	9.70	A	-		
144	103	O	9.70	T	-		
144	104	O	9.70	T	-		
144	105	O	9.70	A	-		
144	106	O	9.70	G	-		
144	107	O	9.70	G	-		
144	108	O	9.70	G	-		
144	109	O	9.70	C	-		
145	0	O	8.32	T	-		
145	1	O	8.32	C	-		
145	2	O	8.32	C	-		
145	3	O	8.32	C	-		
145	4	O	8.32	A	-		
145	5	O	8.32	G	-		
145	6	O	8.32	T	-		
145	7	O	8.32	G	-		
145	8	O	8.32	G	-		
145	9	O	8.32	T	-		
145	10	O	8.32	C	-		
145	11	O	8.32	G	-		
145	12	O	8.32	T	-		
145	13	O	8.32	G	-		
145	14	O	8.32	A	-		
145	15	O	8.32	G	-		
145	16	O	8.32	C	-		
145	17	O	8.32	C	-		
145	18	O	8.32	C	-		
145	19	O	8.32	A	-		
145	20	O	8.32	G	-		
145	21	O	8.32	A	-		
145	22	O	8.32	A	-		
145	23	O	8.32	C	-		
145	24	O	8.32	T	-		
145	25	O	8.32	T	-		
145	26	O	8.32	G	-		
145	27	O	8.32	C	-		
145	28	O	8.32	C	-		
145	29	U	0.71	G	A		
145	30	O	8.32	G	-		
145	31	O	8.32	T	-		
145	32	O	8.32	G	-		
145	33	O	8.32	G	-		
145	34	O	8.32	C	-		
145	35	O	8.32	A	-		
145	36	O	8.32	C	-		
145	37	O	8.32	C	-		
145	38	O	8.32	G	-		
145	39	O	8.32	A	-		
145	40	O	8.32	C	-		
145	41	O	8.32	A	-		
145	42	O	8.32	C	-		
145	43	O	8.32	C	-		
145	44	O	8.32	A	-		
145	45	O	8.32	G	-		
145	46	O	8.32	T	-		
145	47	O	8.32	C	-		
145	48	O	8.32	T	-		
145	49	O	8.32	G	-		
145	50	O	8.32	A	-		
145	51	O	8.32	A	-		
145	52	O	8.32	C	-		
145	53	O	8.32	C	-		
145	54	O	8.32	T	-		
145	55	O	8.32	C	-		
145	56	U	0.71	A	G		
145	57	O	8.32	T	-		
145	58	O	8.32	C	-		
145	59	U	0.71	G	A		
145	60	O	8.32	A	-		
145	61	O	8.32	C	-		
145	62	O	8.32	A	-		
145	63	O	8.32	A	-		
145	64	O	8.32	T	-		
145	65	O	8.32	C	-		
145	66	O	8.32	A	-		
145	67	O	8.32	T	-		
145	68	O	8.32	G	-		
145	69	O	8.32	A	-		
145	70	O	8.32	G	-		
145	71	O	8.32	G	-		
145	72	O	8.32	A	-		
145	73	O	8.32	C	-		
145	74	O	8.32	A	-		
145	75	O	8.32	T	-		
145	76	O	8.32	C	-		
145	77	O	8.32	G	-		
145	78	O	8.32	T	-		
145	79	O	8.32	G	-		
145	80	O	8.32	C	-		
145	81	O	8.32	T	-		
145	82	O	8.32	T	-		
145	83	O	8.32	G	-		
145	84	O	8.32	C	-		
145	85	O	8.32	G	-		
145	86	O	8.32	G	-		
145	87	O	8.32	G	-		
145	88	O	8.32	T	-		
145	89	O	8.32	G	-		
145	90	O	8.32	A	-		
145	91	O	8.32	T	-		
145	92	O	8.32	G	-		
145	93	O	8.32	G	-		
145	94	O	8.32	C	-		
145	95	O	8.32	A	-		
145	96	O	8.32	C	-		
145	97	O	8.32	G	-		
145	98	O	8.32	G	-		
145	99	O	8.32	A	-		
145	100	O	8.32	G	-		
145	101	U	0.71	G	A		
145	102	O	8.32	C	-		
145	103	O	8.32	C	-		
145	104	O	8.32	C	-		
145	105	O	8.32	C	-		
145	106	O	8.32	T	-		
145	107	O	8.32	G	-		
145	108	O	8.32	A	-		
145	109	O	8.32	A	-		
146	0	O	11.09	C	-		
146	1	O	11.09	T	-		
146	2	O	11.09	C	-		
146	3	O	11.09	G	-		
146	4	O	11.09	C	-		
146	5	O	11.09	C	-		
146	6	O	11.09	A	-		
146	7	O	11.09	A	-		
146	8	O	11.09	C	-		
146	9	O	11.09	C	-		
146	10	O	11.09	A	-		
146	11	O	11.09	G	-		
146	12	O	11.09	T	-		
146	13	O	11.09	G	-		
146	14	O	11.09	T	-		
146	15	O	11.09	C	-		
146	16	O	11.09	T	-		
146	17	O	11.09	T	-		
146	18	O	11.09	T	-		
146	19	O	11.09	A	-		
146	20	O	11.09	A	-		
146	21	O	11.09	T	-		
146	22	O	11.09	A	-		
146	23	O	11.09	G	-		
146	24	O	11.09	C	-		
146	25	O	11.09	T	-		
146	26	O	11.09	G	-		
146	27	O	11.09	A	-		
146	28	O	11.09	G	-		
146	29	O	11.09	G	-		
146	30	O	11.09	C	-		
146	31	O	11.09	T	-		
146	32	O	11.09	T	-		
146	33	O	11.09	C	-		
146	34	O	11.09	T	-		
146	35	O	11.09	A	-		
146	36	O	11.09	C	-		
146	37	O	11.09	A	-		
146	38	O	11.09	G	-		
146	39	O	11.09	T	-		
146	40	O	11.09	C	-		
146	41	O	11.09	T	-		
146	42	O	11.09	C	-		
146	43	O	11.09	T	-		
146	44	O	11.09	G	-		
146	45	O	11.09	C	-		
146	46	O	11.09	A	-		
146	47	O	11.09	T	-		
146	48	O	11.09	C	-		
146	49	O	11.09	T	-		
146	50	O	11.09	T	-		
146	51	O	11.09	C	-		
146	52	O	11.09	C	-		
146	53	O	11.09	A	-		
146	54	O	11.09	C	-		
146	55	O	11.09	A	-		
146	56	O	11.09	A	-		
146	57	O	11.09	T	-		
146	58	O	11.09	T	-		
146	59	O	11.09	A	-		
146	60	O	11.09	A	-		
146	61	O	11.09	A	-		
146	62	O	11.09	T	-		
146	63	O	11.09	A	-		
146	64	O	11.09	G	-		
146	65	O	11.09	G	-		
146	66	O	11.09	G	-		
146	67	O	11.09	T	-		
146	68	O	11.09	T	-		
146	69	O	11.09	T	-		
146	70	O	11.09	T	-		
146	71	O	11.09	G	-		
146	72	O	11.09	A	-		
146	73	O	11.09	G	-		
146	74	O	11.09	C	-		
146	75	O	11.09	T	-		
146	76	O	11.09	A	-		
146	77	O	11.09	C	-		
146	78	O	11.09	A	-		
146	79	O	11.09	G	-		
146	80	O	11.09	T	-		
146	81	O	11.09	T	-		
146	82	O	11.09	T	-		
146	83	O	11.09	G	-		
146	84	O	11.09	C	-		
146	85	O	11.09	A	-		
146	86	O	11.09	A	-		
146	87	O	11.09	G	-		
146	88	O	11.09	A	-		
146	89	O	11.09	A	-		
146	90	O	11.09	T	-		
146	91	O	11.09	A	-		
146	92	O	11.09	G	-		
146	93	O	11.09	T	-		
146	94	O	11.09	G	-		
146	95	O	11.09	T	-		
146	96	O	11.09	G	-		
146	97	O	11.09	C	-		
146	98	O	11.09	G	-		
146	99	O	11.09	T	-		
146	100	O	11.09	T	-		
146	101	O	11.09	T	-		
146	102	O	11.09	A	-		
146	103	O	11.09	T	-		
146	104	O	11.09	C	-		
146	105	O	11.09	C	-		
146	106	O	11.09	C	-		
146	107	O	11.09	C	-		
146	108	O	11.09	T	-		
146	109	O	11.09	A	-		
147	0	O	8.32	T	-		
147	1	O	8.32	G	-		
147	2	O	8.32	G	-		
147	3	O	8.32	C	-		
147	4	O	8.32	A	-		
147	5	O	8.32	G	-		
147	6	O	8.32	C	-		
147	7	O	8.32	A	-		
147	8	O	8.32	A	-		
147	9	O	8.32	A	-		
147	10	O	8.32	A	-		
147	11	O	8.32	G	-		
147	12	O	8.32	G	-		
147	13	O	8.32	T	-		
147	14	O	8.32	A	-		
147	15	O	8.32	T	-		
147	16	O	8.32	G	-		
147	17	O	8.32	C	-		
147	18	O	8.32	C	-		
147	19	O	8.32	A	-		
147	20	O	8.32	G	-		
147	21	O	8.32	A	-		
147	22	O	8.32	C	-		
147	23	O	8.32	A	-		
147	24	O	8.32	A	-		
147	25	O	8.32	G	-		
147	26	O	8.32	C	-		
147	27	O	8.32	T	-		
147	28	O	8.32	T	-		
147	29	O	8.32	C	-		
147	30	O	8.32	G	-		
147	31	O	8.32	A	-		
147	32	O	8.32	G	-		
147	33	O	8.32	T	-		
147	34	O	8.32	T	-		
147	35	O	8.32	G	-		
147	36	O	8.32	T	-		
147	37	O	8.32	A	-		
147	38	O	8.32	G	-		
147	39	O	8.32	A	-		
147	40	O	8.32	G	-		
147	41	O	8.32	A	-		
147	42	O	8.32	T	-		
147	43	O	8.32	A	-		
147	44	O	8.32	T	-		
147	45	O	8.32	C	-		
147	46	O	8.32	C	-		
147	47	O	8.32	C	-		
147	48	O	8.32	C	-		
147	49	O	8.32	A	-		
147	50	O	8.32	G	-		
147	51	O	8.32	C	-		
147	52	O	8.32	G	-		
147	53	O	8.32	A	-		
147	54	O	8.32	A	-		
147	55	O	8.32	G	-		
147	56	O	8.32	T	-		
147	57	O	8.32	C	-		
147	58	O	8.32	T	-		
147	59	O	8.32	C	-		
147	60	O	8.32	G	-		
147	61	O	8.32	A	-		
147	62	O	8.32	A	-		
147	63	O	8.32	T	-		
147	64	O	8.32	A	-		
147	65	O	8.32	A	-		
147	66	O	8.32	G	-		
147	67	O	8.32	G	-		
147	68	O	8.32	A	-		
147	69	O	8.32	C	-		
147	70	O	8.32	G	-		
147	71	O	8.32	T	-		
147	72	O	8.32	G	-		
147	73	O	8.32	T	-		
147	74	O	8.32	T	-		
147	75	O	8.32	G	-		
147	76	O	8.32	C	-		
147	77	O	8.32	C	-		
147	78	O	8.32	A	-		
147	79	O	8.32	G	-		
147	80	O	8.32	T	-		
147	81	O	8.32	G	-		
147	82	O	8.32	T	-		
147	83	O	8.32	A	-		
147	84	O	8.32	T	-		
147	85	O	8.32	G	-		
147	86	O	8.32	T	-		
147	87	O	8.32	G	-		
147	88	O	8.32	T	-		
147	89	O	8.32	A	-		
147	90	O	8.32	G	-		
147	91	O	8.32	A	-		
147	92	O	8.32	C	-		
147	93	O	8.32	A	-		
147	94	O	8.32	T	-		
147	95	O	8.32	C	-		
147	96	O	8.32	G	-		
147	97	O	8.32	C	-		
147	98	O	8.32	C	-		
147	99	O	8.32	G	-		
147	100	O	8.32	C	-		
147	101	O	8.32	G	-		
147	102	O	8.32	G	-		
147	103	O	8.32	T	-		
147	104	O	8.32	T	-		
147	105	O	8.32	G	-		
147	106	O	8.32	T	-		
147	107	O	8.32	C	-		
147	108	O	8.32	C	-		
147	109	O	8.32	A	-		
148	0	O	6.93	T	-		
148	1	O	6.93	A	-		
148	2	O	6.93	T	-		
148	3	O	6.93	A	-		
148	4	O	6.93	T	-		
148	5	O	6.93	G	-		
148	6	O	6.93	T	-		
148	7	O	6.93	T	-		
148	8	O	6.93	C	-		
148	9	O	6.93	T	-		
148	10	O	6.93	C	-		
148	11	O	6.93	C	-		
148	12	O	6.93	T	-		
148	13	O	6.93	C	-		
148	14	O	6.93	C	-		
148	15	O	6.93	T	-		
148	16	O	6.93	C	-		
148	17	O	6.93	G	-		
148	18	O	6.93	T	-		
148	19	O	6.93	T	-		
148	20	O	6.93	C	-		
148	21	O	6.93	T	-		
148	22	O	6.93	C	-		
148	23	O	6.93	C	-		
148	24	O	6.93	T	-		
148	25	O	6.93	C	-		
148	26	O	6.93	T	-		
148	27	O	6.93	G	-		
148	28	O	6.93	C	-		
148	29	O	6.93	T	-		
148	30	O	6.93	T	-		
148	31	O	6.93	C	-		
148	32	O	6.93	A	-		
148	33	O	6.93	G	-		
148	34	O	6.93	T	-		
148	35	O	6.93	T	-		
148	36	O	6.93	T	-		
148	37	O	6.93	T	-		
148	38	O	6.93	T	-		
148	39	O	6.93	T	-		
148	40	O	6.93	T	-		
148	41	O	6.93	C	-		
148	42	O	6.93	T	-		
148	43	O	6.93	C	-		
148	44	O	6.93	C	-		
148	45	O	6.93	C	-		
148	46	O	6.93	T	-		
148	47	O	6.93	C	-		
148	48	O	6.93	T	-		
148	49	O	6.93	T	-		
148	50	O	6.93	G	-		
148	51	O	6.93	G	-		
148	52	O	6.93	A	-		
148	53	O	6.93	G	-		
148	54	O	6.93	G	-		
148	55	O	6.93	C	-		
148	56	O	6.93	G	-		
148	57	O	6.93	C	-		
148	58	O	6.93	A	-		
148	59	O	6.93	C	-		
148	60	O	6.93	A	-		
148	61	O	6.93	G	-		
148	62	O	6.93	G	-		
148	63	O	6.93	C	-		
148	64	O	6.93	G	-		
148	65	O	6.93	A	-		
148	66	O	6.93	G	-		
148	67	O	6.93	C	-		
148	68	O	6.93	A	-		
148	69	O	6.93	A	-		
148	70	O	6.93	C	-		
148	71	O	6.93	G	-		
148	72	O	6.93	T	-		
148	73	O	6.93	C	-		
148	74	O	6.93	C	-		
148	75	O	6.93	G	-		
148	76	O	6.93	G	-		
148	77	O	6.93	C	-		
148	78	O	6.93	G	-		
148	79	O	6.93	G	-		
148	80	O	6.93	C	-		
148	81	O	6.93	G	-		
148	82	O	6.93	G	-		
148	83	O	6.93	C	-		
148	84	O	6.93	G	-		
148	85	O	6.93	T	-		
148	86	O	6.93	G	-		
148	87	O	6.93	C	-		
148	88	O	6.93	A	-		
148	89	O	6.93	A	-		
148	90	O	6.93	A	-		
148	91	O	6.93	C	-		
148	92	O	6.93	G	-		
148	93	O	6.93	A	-		
148	94	O	6.93	A	-		
148	95	O	6.93	G	-		
148	96	O	6.93	G	-		
148	97	O	6.93	T	-		
148	98	O	6.93	C	-		
148	99	O	6.93	G	-		
148	100	O	6.93	T	-		
148	101	O	6.93	C	-		
148	102	O	6.93	G	-		
148	103	O	6.93	T	-		
148	104	O	6.93	T	-		
148	105	O	6.93	G	-		
148	106	O	6.93	G	-		
148	107	O	6.93	A	-		
148	108	O	6.93	C	-		
148	109	O	6.93	T	-		
149	0	O	15.25	C	-		
149	1	O	15.25	G	-		
149	2	O	15.25	G	-		
149	3	O	15.25	G	-		
149	4	O	15.25	C	-		
149	5	O	15.25	G	-		
149	6	O	15.25	G	-		
149	7	O	15.25	G	-		
149	8	O	15.25	C	-		
149	9	O	15.25	G	-		
149	10	O	15.25	C	-		
149	11	O	15.25	G	-		
149	12	O	15.25	T	-		
149	13	O	15.25	T	-		
149	14	O	15.25	C	-		
149	15	O	15.25	A	-		
149	16	O	15.25	G	-		
149	17	O	15.25	C	-		
149	18	O	15.25	T	-		
149	19	O	15.25	G	-		
149	20	O	15.25	G	-		
149	21	O	15.25	C	-		
149	22	O	15.25	C	-		
149	23	O	15.25	T	-		
149	24	O	15.25	T	-		
149	25	O	15.25	G	-		
149	26	O	15.25	G	-		
149	27	O	15.25	C	-		
149	28	O	15.25	G	-		
149	29	O	15.25	G	-		
149	30	O	15.25	A	-		
149	31	O	15.25	C	-		
149	32	O	15.25	A	-		
149	33	O	15.25	C	-		
149	34	O	15.25	C	-		
149	35	O	15.25	C	-		
149	36	O	15.25	T	-		
149	37	O	15.25	G	-		
149	38	O	15.25	G	-		
149	39	O	15.25	G	-		
149	40	O	15.25	C	-		
149	41	O	15.25	G	-		
149	42	O	15.25	C	-		
149	43	O	15.25	C	-		
149	44	O	15.25	C	-		
149	45	O	15.25	G	-		
149	46	O	15.25	T	-		
149	47	O	15.25	G	-		
149	48	O	15.25	A	-		
149	49	O	15.25	T	-		
149	50	O	15.25	G	-		
149	51	O	15.25	A	-		
149	52	O	15.25	G	-		
149	53	O	15.25	G	-		
149	54	O	15.25	C	-		
149	55	O	15.25	G	-		
149	56	O	15.25	G	-		
149	57	O	6.35	A	-		
149	58	O	15.25	G	-		
149	59	O	15.25	G	-		
149	60	O	15.25	A	-		
149	61	O	15.25	T	-		
149	62	O	15.25	G	-		
149	63	O	15.25	C	-		
149	64	O	15.25	T	-		
149	65	O	15.25	G	-		
149	66	O	15.25	G	-		
149	67	O	15.25	C	-		
149	68	O	15.25	G	-		
149	69	O	15.25	G	-		
149	70	O	15.25	C	-		
149	71	O	15.25	G	-		
149	72	O	15.25	A	-		
149	73	O	15.25	C	-		
149	74	O	15.25	G	-		
149	75	O	15.25	C	-		
149	76	O	15.25	T	-		
149	77	O	15.25	G	-		
149	78	O	15.25	G	-		
149	79	O	15.25	C	-		
149	80	O	15.25	G	-		
149	81	O	15.25	C	-		
149	82	O	15.25	C	-		
149	83	O	15.25	A	-		
149	84	O	15.25	C	-		
149	85	O	15.25	C	-		
149	86	O	15.25	A	-		
149	87	O	15.25	G	-		
149	88	O	15.25	G	-		
149	89	O	15.25	C	-		
149	90	O	15.25	G	-		
149	91	O	15.25	A	-		
149	92	O	15.25	G	-		
149	93	O	15.25	C	-		
149	94	O	15.25	C	-		
149	95	O	15.25	C	-		
149	96	O	15.25	T	-		
149	97	O	15.25	G	-		
149	98	O	15.25	T	-		
149	99	O	15.25	G	-		
149	100	O	15.25	C	-		
149	101	O	15.25	G	-		
149	102	O	15.25	C	-		
149	103	O	15.25	C	-		
149	104	O	15.25	A	-		
149	105	O	15.25	A	-		
149	106	O	15.25	G	-		
149	107	O	15.25	C	-		
149	108	O	15.25	G	-		
149	109	O	15.25	C	-		
150	0	O	6.93	G	-		
150	1	O	6.93	T	-		
150	2	O	6.93	A	-		
150	3	O	6.93	T	-		
150	4	O	6.93	A	-		
150	5	O	6.93	G	-		
150	6	O	6.93	T	-		
150	7	O	6.93	A	-		
150	8	O	6.93	A	-		
150	9	O	6.93	T	-		
150	10	O	6.93	G	-		
150	11	O	6.93	T	-		
150	12	O	6.93	T	-		
150	13	O	6.93	T	-		
150	14	O	6.93	T	-		
150	15	O	6.93	C	-		
150	16	O	6.93	C	-		
150	17	O	6.93	G	-		
150	18	O	6.93	G	-		
150	19	O	6.93	A	-		
150	20	O	6.93	A	-		
150	21	O	6.93	C	-		
150	22	O	6.93	A	-		
150	23	O	6.93	G	-		
150	24	O	6.93	A	-		
150	25	O	6.93	G	-		
150	26	O	6.93	G	-		
150	27	O	6.93	A	-		
150	28	O	6.93	T	-		
150	29	O	6.93	G	-		
150	30	O	6.93	A	-		
150	31	O	6.93	T	-		
150	32	O	6.93	T	-		
150	33	O	6.93	C	-		
150	34	O	6.93	G	-		
150	35	O	6.93	A	-		
150	36	O	6.93	G	-		
150	37	O	6.93	T	-		
150	38	O	6.93	A	-		
150	39	O	6.93	G	-		
150	40	O	6.93	C	-		
150	41	O	6.93	C	-		
150	42	O	6.93	G	-		
150	43	O	6.93	A	-		
150	44	O	6.93	G	-		
150	45	O	6.93	G	-		
150	46	O	6.93	G	-		
150	47	O	6.93	A	-		
150	48	O	6.93	T	-		
150	49	O	6.93	T	-		
150	50	O	6.93	T	-		
150	51	O	6.93	G	-		
150	52	O	6.93	G	-		
150	53	O	6.93	G	-		
150	54	O	6.93	T	-		
150	55	O	6.93	C	-		
150	56	O	6.93	G	-		
150	57	O	6.93	G	-		
150	58	O	6.93	T	-		
150	59	O	6.93	A	-		
150	60	O	6.93	T	-		
150	61	O	6.93	C	-		
150	62	O	6.93	T	-		
150	63	O	6.93	A	-		
150	64	O	6.93	G	-		
150	65	O	6.93	T	-		
150	66	O	6.93	A	-		
150	67	O	6.93	C	-		
150	68	O	6.93	A	-		
150	69	O	6.93	G	-		
150	70	O	6.93	G	-		
150	71	O	6.93	C	-		
150	72	O	6.93	T	-		
150	73	O	6.93	C	-		
150	74	O	6.93	G	-		
150	75	O	6.93	A	-		
150	76	O	6.93	A	-		
150	77	O	6.93	T	-		
150	78	O	6.93	T	-		
150	79	O	6.93	T	-		
150	80	O	6.93	G	-		
150	81	O	6.93	G	-		
150	82	O	6.93	T	-		
150	83	O	6.93	G	-		
150	84	O	6.93	C	-		
150	85	O	6.93	C	-		
150	86	O	6.93	A	-		
150	87	O	6.93	G	-		
150	88	O	6.93	G	-		
150	89	O	6.93	C	-		
150	90	O	6.93	A	-		
150	91	O	6.93	T	-		
150	92	O	6.93	C	-		
150	93	O	6.93	A	-		
150	94	O	6.93	T	-		
150	95	O	6.93	G	-		
150	96	O	6.93	G	-		
150	97	O	6.93	T	-		
150	98	O	6.93	A	-		
150	99	O	6.93	T	-		
150	100	O	6.93	C	-		
150	101	O	6.93	C	-		
150	102	O	6.93	A	-		
150	103	O	6.93	A	-		
150	104	O	6.93	G	-		
150	105	O	6.93	C	-		
150	106	O	6.93	T	-		
150	107	O	6.93	G	-		
150	108	O	6.93	G	-		
150	109	O	6.93	A	-		
151	0	O	6.93	T	-		
151	1	O	6.93	G	-		
151	2	O	6.93	C	-		
151	3	O	6.93	G	-		
151	4	O	6.93	T	-		
151	5	O	6.93	T	-		
151	6	O	6.93	G	-		
151	7	O	6.93	T	-		
151	8	O	6.93	C	-		
151	9	O	6.93	A	-		
151	10	O	6.93	T	-		
151	11	O	6.93	T	-		
151	12	O	6.93	T	-		
151	13	O	6.93	C	-		
151	14	O	6.93	T	-		
151	15	O	6.93	G	-		
151	16	O	6.93	A	-		
151	17	O	6.93	A	-		
151	18	O	6.93	C	-		
151	19	O	6.93	T	-		
151	20	O	6.93	T	-		
151	21	O	6.93	T	-		
151	22	O	6.93	C	-		
151	23	O	6.93	T	-		
151	24	O	6.93	A	-		
151	25	O	6.93	T	-		
151	26	O	6.93	C	-		
151	27	O	6.93	A	-		
151	28	O	6.93	C	-		
151	29	O	6.93	T	-		
151	30	O	6.93	C	-		
151	31	O	6.93	A	-		
151	32	O	6.93	A	-		
151	33	O	6.93	A	-		
151	34	O	6.93	A	-		
151	35	O	6.93	T	-		
151	36	O	6.93	T	-		
151	37	O	6.93	G	-		
151	38	O	6.93	T	-		
151	39	O	6.93	C	-		
151	40	O	6.93	T	-		
151	41	O	6.93	G	-		
151	42	O	6.93	G	-		
151	43	O	6.93	A	-		
151	44	O	6.93	A	-		
151	45	O	6.93	T	-		
151	46	O	6.93	A	-		
151	47	O	6.93	T	-		
151	48	O	6.93	A	-		
151	49	O	6.93	C	-		
151	50	O	6.93	T	-		
151	51	O	6.93	G	-		
151	52	O	6.93	C	-		
151	53	O	6.93	C	-		
151	54	O	6.93	T	-		
151	55	O	6.93	T	-		
151	56	O	6.93	G	-		
151	57	O	6.93	G	-		
151	58	O	6.93	A	-		
151	59	O	6.93	A	-		
151	60	U	-0.27	T	C		
151	61	O	6.93	G	-		
151	62	O	6.93	A	-		
151	63	O	6.93	G	-		
151	64	O	6.93	A	-		
151	65	O	6.93	G	-		
151	66	O	6.93	T	-		
151	67	O	6.93	T	-		
151	68	O	6.93	C	-		
151	69	O	6.93	C	-		
151	70	O	6.93	C	-		
151	71	O	6.93	C	-		
151	72	O	6.93	G	-		
151	73	O	6.93	T	-		
151	74	O	6.93	C	-		
151	75	O	6.93	G	-		
151	76	O	6.93	C	-		
151	77	O	6.93	C	-		
151	78	O	6.93	C	-		
151	79	O	6.93	T	-		
151	80	O	6.93	G	-		
151	81	O	6.93	G	-		
151	82	O	6.93	G	-		
151	83	O	6.93	C	-		
151	84	O	6.93	A	-		
151	85	O	6.93	T	-		
151	86	O	6.93	G	-		
151	87	O	6.93	C	-		
151	88	O	6.93	G	-		
151	89	O	6.93	G	-		
151	90	O	6.93	A	-		
151	91	O	6.93	T	-		
151	92	O	6.93	G	-		
151	93	O	6.93	C	-		
151	94	O	6.93	C	-		
151	95	O	6.93	G	-		
151	96	O	6.93	A	-		
151	97	O	6.93	T	-		
151	98	O	6.93	T	-		
151	99	O	6.93	G	-		
151	100	O	6.93	A	-		
151	101	O	6.93	G	-		
151	102	O	6.93	C	-		
151	103	O	6.93	A	-		
151	104	O	6.93	A	-		
151	105	O	6.93	T	-		
151	106	O	6.93	G	-		
151	107	O	6.93	G	-		
151	108	O	6.93	C	-		
151	109	O	6.93	G	-		
152	0	O	8.32	C	-		
152	1	O	8.32	G	-		
152	2	O	8.32	T	-		
152	3	O	8.32	T	-		
152	4	O	8.32	G	-		
152	5	O	8.32	A	-		
152	6	O	8.32	A	-		
152	7	O	8.32	T	-		
152	8	O	8.32	G	-		
152	9	O	8.32	T	-		
152	10	O	8.32	A	-		
152	11	O	8.32	C	-		
152	12	O	8.32	C	-		
152	13	O	8.32	T	-		
152	14	O	8.32	C	-		
152	15	O	8.32	T	-		
152	16	O	8.32	G	-		
152	17	O	8.32	T	-		
152	18	O	8.32	G	-		
152	19	O	8.32	C	-		
152	20	O	8.32	C	-		
152	21	O	8.32	A	-		
152	22	O	8.32	T	-		
152	23	O	8.32	A	-		
152	24	O	8.32	G	-		
152	25	O	8.32	G	-		
152	26	O	8.32	G	-		
152	27	O	8.32	G	-		
152	28	O	8.32	A	-		
152	29	O	8.32	G	-		
152	30	O	8.32	C	-		
152	31	O	8.32	C	-		
152	32	O	8.32	G	-		
152	33	O	8.32	T	-		
152	34	O	8.32	A	-		
152	35	O	8.32	A	-		
152	36	O	8.32	C	-		
152	37	O	8.32	C	-		
152	38	O	8.32	C	-		
152	39	O	8.32	T	-		
152	40	O	8.32	C	-		
152	41	O	8.32	C	-		
152	42	O	8.32	A	-		
152	43	O	8.32	A	-		
152	44	O	8.32	T	-		
152	45	O	8.32	G	-		
152	46	O	8.32	C	-		
152	47	O	8.32	A	-		
152	48	O	8.32	C	-		
152	49	O	8.32	C	-		
152	50	O	8.32	T	-		
152	51	O	8.32	A	-		
152	52	O	8.32	G	-		
152	53	O	8.32	A	-		
152	54	O	8.32	T	-		
152	55	O	8.32	C	-		
152	56	O	8.32	G	-		
152	57	O	8.32	C	-		
152	58	O	8.32	G	-		
152	59	O	8.32	G	-		
152	60	O	8.32	A	-		
152	61	O	8.32	A	-		
152	62	O	8.32	G	-		
152	63	O	8.32	G	-		
152	64	O	8.32	C	-		
152	65	O	8.32	C	-		
152	66	O	8.32	T	-		
152	67	O	8.32	T	-		
152	68	O	8.32	G	-		
152	69	O	8.32	G	-		
152	70	O	8.32	C	-		
152	71	O	8.32	T	-		
152	72	O	8.32	A	-		
152	73	O	8.32	G	-		
152	74	O	8.32	T	-		
152	75	O	8.32	T	-		
152	76	O	8.32	C	-		
152	77	O	8.32	T	-		
152	78	O	8.32	G	-		
152	79	O	8.32	C	-		
152	80	O	8.32	C	-		
152	81	O	8.32	G	-		
152	82	O	8.32	C	-		
152	83	O	8.32	A	-		
152	84	O	8.32	C	-		
152	85	O	8.32	T	-		
152	86	O	8.32	G	-		
152	87	O	8.32	C	-		
152	88	O	8.32	T	-		
152	89	O	8.32	C	-		
152	90	O	8.32	G	-		
152	91	O	8.32	T	-		
152	92	O	8.32	C	-		
152	93	O	8.32	A	-		
152	94	O	8.32	C	-		
152	95	O	8.32	A	-		
152	96	O	8.32	C	-		
152	97	O	8.32	C	-		
152	98	O	8.32	G	-		
152	99	O	8.32	T	-		
152	100	O	8.32	C	-		
152	101	O	8.32	C	-		
152	102	O	8.32	G	-		
152	103	O	8.32	G	-		
152	104	O	8.32	A	-		
152	105	O	8.32	G	-		
152	106	O	8.32	T	-		
152	107	O	8.32	G	-		
152	108	O	8.32	T	-		
152	109	O	8.32	A	-		
153	0	O	6.93	A	-		
153	1	O	6.93	C	-		
153	2	O	6.93	T	-		
153	3	O	6.93	T	-		
153	4	O	6.93	C	-		
153	5	O	6.93	C	-		
153	6	O	6.93	A	-		
153	7	O	6.93	T	-		
153	8	O	6.93	C	-		
153	9	O	6.93	A	-		
153	10	O	6.93	G	-		
153	11	O	6.93	C	-		
153	12	O	6.93	T	-		
153	13	O	6.93	T	-		
153	14	O	6.93	C	-		
153	15	O	6.93	C	-		
153	16	O	6.93	T	-		
153	17	O	6.93	T	-		
153	18	O	6.93	C	-		
153	19	O	6.93	C	-		
153	20	O	6.93	C	-		
153	21	O	6.93	A	-		
153	22	O	6.93	C	-		
153	23	O	6.93	C	-		
153	24	O	6.93	T	-		
153	25	O	6.93	T	-		
153	26	O	6.93	C	-		
153	27	O	6.93	G	-		
153	28	O	6.93	T	-		
153	29	O	6.93	A	-		
153	30	O	6.93	T	-		
153	31	O	6.93	A	-		
153	32	O	6.93	T	-		
153	33	O	6.93	T	-		
153	34	O	6.93	A	-		
153	35	O	6.93	C	-		
153	36	O	6.93	T	-		
153	37	O	6.93	C	-		
153	38	O	6.93	T	-		
153	39	O	6.93	T	-		
153	40	O	6.93	A	-		
153	41	O	6.93	T	-		
153	42	O	6.93	T	-		
153	43	O	6.93	G	-		
153	44	O	6.93	A	-		
153	45	O	6.93	G	-		
153	46	O	6.93	A	-		
153	47	O	6.93	T	-		
153	48	O	6.93	C	-		
153	49	O	6.93	C	-		
153	50	O	6.93	T	-		
153	51	O	6.93	C	-		
153	52	O	6.93	A	-		
153	53	O	6.93	C	-		
153	54	O	6.93	C	-		
153	55	O	6.93	T	-		
153	56	O	6.93	T	-		
153	57	O	6.93	G	-		
153	58	O	6.93	A	-		
153	59	O	6.93	T	-		
153	60	O	6.93	C	-		
153	61	O	6.93	G	-		
153	62	O	6.93	A	-		
153	63	O	6.93	G	-		
153	64	O	6.93	T	-		
153	65	O	6.93	T	-		
153	66	O	6.93	C	-		
153	67	O	6.93	C	-		
153	68	O	6.93	C	-		
153	69	O	6.93	G	-		
153	70	O	6.93	T	-		
153	71	O	6.93	G	-		
153	72	O	6.93	G	-		
153	73	O	6.93	C	-		
153	74	O	6.93	G	-		
153	75	O	6.93	A	-		
153	76	O	6.93	G	-		
153	77	O	6.93	G	-		
153	78	O	6.93	G	-		
153	79	O	6.93	A	-		
153	80	O	6.93	A	-		
153	81	O	6.93	T	-		
153	82	O	6.93	G	-		
153	83	O	6.93	C	-		
153	84	O	6.93	G	-		
153	85	O	6.93	C	-		
153	86	O	6.93	A	-		
153	87	O	6.93	A	-		
153	88	O	6.93	A	-		
153	89	O	6.93	G	-		
153	90	O	6.93	C	-		
153	91	O	6.93	A	-		
153	92	O	6.93	T	-		
153	93	O	6.93	T	-		
153	94	O	6.93	T	-		
153	95	O	6.93	C	-		
153	96	O	6.93	C	-		
153	97	O	6.93	T	-		
153	98	O	6.93	T	-		
153	99	O	6.93	T	-		
153	100	O	6.93	C	-		
153	101	O	6.93	C	-		
153	102	O	6.93	C	-		
153	103	O	6.93	G	-		
153	104	O	6.93	A	-		
153	105	O	6.93	C	-		
153	106	O	6.93	A	-		
153	107	O	6.93	T	-		
153	108	O	6.93	C	-		
153	109	O	6.93	T	-		
154	0	O	8.32	C	-		
154	1	O	8.32	G	-		
154	2	O	8.32	T	-		
154	3	O	8.32	T	-		
154	4	O	8.32	C	-		
154	5	O	8.32	G	-		
154	6	O	8.32	G	-		
154	7	O	8.32	A	-		
154	8	O	8.32	T	-		
154	9	O	8.32	G	-		
154	10	O	8.32	G	-		
154	11	O	8.32	G	-		
154	12	O	8.32	C	-		
154	13	O	8.32	T	-		
154	14	O	8.32	G	-		
154	15	O	8.32	T	-		
154	16	O	8.32	A	-		
154	17	O	8.32	T	-		
154	18	O	8.32	G	-		
154	19	O	8.32	C	-		
154	20	O	8.32	T	-		
154	21	O	8.32	G	-		
154	22	O	8.32	G	-		
154	23	O	8.32	A	-		
154	24	O	8.32	G	-		
154	25	O	8.32	G	-		
154	26	O	8.32	A	-		
154	27	O	8.32	A	-		
154	28	O	8.32	T	-		
154	29	O	8.32	G	-		
154	30	O	8.32	G	-		
154	31	O	8.32	T	-		
154	32	O	8.32	T	-		
154	33	O	8.32	G	-		
154	34	O	8.32	C	-		
154	35	O	8.32	A	-		
154	36	O	8.32	G	-		
154	37	O	8.32	T	-		
154	38	O	8.32	G	-		
154	39	O	8.32	G	-		
154	40	O	8.32	T	-		
154	41	O	8.32	G	-		
154	42	O	8.32	C	-		
154	43	O	8.32	T	-		
154	44	O	8.32	C	-		
154	45	O	8.32	A	-		
154	46	O	8.32	G	-		
154	47	O	8.32	C	-		
154	48	O	8.32	C	-		
154	49	O	8.32	G	-		
154	50	O	8.32	G	-		
154	51	O	8.32	A	-		
154	52	O	8.32	T	-		
154	53	O	8.32	A	-		
154	54	O	8.32	T	-		
154	55	O	8.32	C	-		
154	56	O	8.32	T	-		
154	57	O	8.32	T	-		
154	58	O	8.32	T	-		
154	59	O	8.32	G	-		
154	60	O	8.32	G	-		
154	61	O	8.32	G	-		
154	62	O	8.32	T	-		
154	63	O	8.32	C	-		
154	64	O	8.32	T	-		
154	65	O	8.32	G	-		
154	66	O	8.32	G	-		
154	67	O	8.32	T	-		
154	68	O	8.32	G	-		
154	69	O	8.32	G	-		
154	70	O	8.32	A	-		
154	71	O	8.32	A	-		
154	72	O	8.32	T	-		
154	73	O	8.32	C	-		
154	74	O	8.32	A	-		
154	75	O	8.32	G	-		
154	76	O	8.32	A	-		
154	77	O	8.32	A	-		
154	78	O	8.32	G	-		
154	79	O	8.32	G	-		
154	80	O	8.32	G	-		
154	81	O	8.32	A	-		
154	82	O	8.32	T	-		
154	83	O	8.32	T	-		
154	84	O	8.32	A	-		
154	85	O	8.32	C	-		
154	86	O	8.32	T	-		
154	87	O	8.32	G	-		
154	88	O	8.32	A	-		
154	89	O	8.32	C	-		
154	90	O	8.32	C	-		
154	91	O	8.32	C	-		
154	92	O	8.32	T	-		
154	93	O	8.32	C	-		
154	94	O	8.32	A	-		
154	95	O	8.32	T	-		
154	96	O	8.32	T	-		
154	97	O	8.32	T	-		
154	98	O	8.32	T	-		
154	99	O	8.32	A	-		
154	100	O	8.32	T	-		
154	101	O	8.32	A	-		
154	102	O	8.32	C	-		
154	103	O	8.32	T	-		
154	104	O	8.32	G	-		
154	105	O	8.32	T	-		
154	106	O	8.32	C	-		
154	107	O	8.32	C	-		
154	108	O	8.32	T	-		
154	109	O	8.32	C	-		
155	0	O	9.70	T	-		
155	1	O	9.70	T	-		
155	2	O	9.70	G	-		
155	3	O	9.70	C	-		
155	4	O	9.70	A	-		
155	5	O	9.70	A	-		
155	6	O	9.70	C	-		
155	7	O	9.70	A	-		
155	8	O	9.70	C	-		
155	9	O	9.70	C	-		
155	10	O	9.70	A	-		
155	11	O	9.70	T	-		
155	12	O	9.70	T	-		
155	13	O	9.70	A	-		
155	14	O	9.70	C	-		
155	15	O	9.70	T	-		
155	16	O	9.70	T	-		
155	17	O	9.70	A	-		
155	18	O	9.70	A	-		
155	19	O	9.70	C	-		
155	20	O	9.70	A	-		
155	21	O	9.70	C	-		
155	22	O	9.70	G	-		
155	23	O	9.70	C	-		
155	24	O	9.70	T	-		
155	25	O	9.70	C	-		
155	26	O	9.70	A	-		
155	27	O	9.70	C	-		
155	28	O	9.70	A	-		
155	29	O	9.70	G	-		
155	30	O	9.70	A	-		
155	31	O	9.70	A	-		
155	32	O	9.70	G	-		
155	33	O	9.70	A	-		
155	34	O	9.70	G	-		
155	35	O	9.70	C	-		
155	36	O	9.70	G	-		
155	37	O	9.70	A	-		
155	38	O	9.70	G	-		
155	39	O	9.70	A	-		
155	40	O	9.70	G	-		
155	41	O	9.70	G	-		
155	42	O	9.70	G	-		
155	43	O	9.70	A	-		
155	44	O	9.70	C	-		
155	45	O	9.70	T	-		
155	46	O	9.70	C	-		
155	47	O	9.70	T	-		
155	48	O	9.70	T	-		
155	49	O	9.70	A	-		
155	50	O	9.70	A	-		
155	51	O	9.70	T	-		
155	52	O	9.70	C	-		
155	53	O	9.70	G	-		
155	54	O	9.70	T	-		
155	55	O	9.70	T	-		
155	56	O	9.70	G	-		
155	57	O	9.70	A	-		
155	58	O	9.70	C	-		
155	59	O	9.70	C	-		
155	60	O	9.70	G	-		
155	61	O	9.70	A	-		
155	62	O	9.70	A	-		
155	63	O	9.70	A	-		
155	64	O	9.70	C	-		
155	65	O	9.70	A	-		
155	66	O	9.70	C	-		
155	67	O	9.70	C	-		
155	68	O	9.70	G	-		
155	69	O	9.70	T	-		
155	70	O	9.70	C	-		
155	71	O	9.70	A	-		
155	72	O	9.70	C	-		
155	73	O	9.70	C	-		
155	74	O	9.70	T	-		
155	75	O	9.70	C	-		
155	76	O	9.70	T	-		
155	77	O	9.70	C	-		
155	78	O	9.70	C	-		
155	79	O	9.70	T	-		
155	80	O	9.70	C	-		
155	81	O	9.70	T	-		
155	82	O	9.70	T	-		
155	83	O	9.70	T	-		
155	84	O	9.70	G	-		
155	85	O	9.70	A	-		
155	86	O	9.70	C	-		
155	87	O	9.70	C	-		
155	88	O	9.70	G	-		
155	89	O	9.70	T	-		
155	90	O	9.70	T	-		
155	91	O	9.70	G	-		
155	92	O	9.70	A	-		
155	93	O	9.70	C	-		
155	94	O	9.70	C	-		
155	95	O	9.70	C	-		
155	96	O	9.70	T	-		
155	97	O	9.70	T	-		
155	98	O	9.70	T	-		
155	99	O	9.70	C	-		
155	100	O	9.70	T	-		
155	101	O	9.70	C	-		
155	102	O	9.70	T	-		
155	103	O	9.70	C	-		
155	104	O	9.70	T	-		
155	105	O	9.70	C	-		
155	106	O	9.70	T	-		
155	107	O	9.70	T	-		
155	108	O	9.70	C	-		
155	109	O	9.70	T	-		
156	0	O	6.93	C	-		
156	1	O	6.93	G	-		
156	2	O	6.93	A	-		
156	3	O	6.93	T	-		
156	4	O	6.93	G	-		
156	5	O	6.93	G	-		
156	6	O	6.93	A	-		
156	7	O	6.93	G	-		
156	8	O	6.93	T	-		
156	9	O	6.93	T	-		
156	10	O	6.93	A	-		
156	11	O	6.93	A	-		
156	12	O	6.93	A	-		
156	13	O	6.93	T	-		
156	14	O	6.93	T	-		
156	15	O	6.93	T	-		
156	16	O	6.93	G	-		
156	17	O	6.93	A	-		
156	18	O	6.93	G	-		
156	19	O	6.93	A	-		
156	20	O	6.93	C	-		
156	21	O	6.93	G	-		
156	22	O	6.93	C	-		
156	23	O	6.93	A	-		
156	24	O	6.93	A	-		
156	25	O	6.93	C	-		
156	26	O	6.93	T	-		
156	27	O	6.93	C	-		
156	28	O	6.93	A	-		
156	29	O	6.93	T	-		
156	30	O	6.93	A	-		
156	31	O	6.93	T	-		
156	32	O	6.93	T	-		
156	33	O	6.93	G	-		
156	34	O	6.93	A	-		
156	35	O	6.93	G	-		
156	36	O	6.93	C	-		
156	37	O	6.93	C	-		
156	38	O	6.93	A	-		
156	39	O	6.93	C	-		
156	40	O	6.93	A	-		
156	41	O	6.93	T	-		
156	42	O	6.93	T	-		
156	43	O	6.93	T	-		
156	44	O	6.93	A	-		
156	45	O	6.93	G	-		
156	46	O	6.93	C	-		
156	47	O	6.93	T	-		
156	48	O	6.93	T	-		
156	49	O	6.93	T	-		
156	50	O	6.93	G	-		
156	51	O	6.93	G	-		
156	52	O	6.93	C	-		
156	53	O	6.93	A	-		
156	54	O	6.93	C	-		
156	55	O	6.93	A	-		
156	56	O	6.93	A	-		
156	57	O	6.93	C	-		
156	58	O	6.93	C	-		
156	59	O	6.93	G	-		
156	60	O	6.93	C	-		
156	61	O	6.93	A	-		
156	62	O	6.93	A	-		
156	63	O	6.93	G	-		
156	64	O	6.93	T	-		
156	65	O	6.93	T	-		
156	66	O	6.93	A	-		
156	67	O	6.93	C	-		
156	68	O	6.93	G	-		
156	69	O	6.93	C	-		
156	70	O	6.93	A	-		
156	71	O	6.93	G	-		
156	72	O	6.93	C	-		
156	73	O	6.93	T	-		
156	74	O	6.93	A	-		
156	75	O	6.93	C	-		
156	76	O	6.93	G	-		
156	77	O	6.93	T	-		
156	78	O	6.93	T	-		
156	79	O	6.93	G	-		
156	80	O	6.93	T	-		
156	81	O	6.93	T	-		
156	82	O	6.93	A	-		
156	83	O	6.93	T	-		
156	84	O	6.93	C	-		
156	85	O	6.93	C	-		
156	86	O	6.93	T	-		
156	87	O	6.93	A	-		
156	88	O	6.93	T	-		
156	89	O	6.93	T	-		
156	90	O	6.93	T	-		
156	91	O	6.93	C	-		
156	92	O	6.93	T	-		
156	93	O	6.93	T	-		
156	94	O	6.93	G	-		
156	95	O	6.93	C	-		
156	96	O	6.93	C	-		
156	97	O	6.93	T	-		
156	98	O	6.93	G	-		
156	99	O	6.93	A	-		
156	100	O	6.93	C	-		
156	101	O	6.93	C	-		
156	102	O	6.93	G	-		
156	103	O	6.93	G	-		
156	104	O	6.93	A	-		
156	105	O	6.93	A	-		
156	106	O	6.93	G	-		
156	107	O	6.93	G	-		
156	108	O	6.93	T	-		
156	109	O	6.93	A	-		
157	0	O	6.93	A	-		
157	1	O	6.93	G	-		
157	2	O	6.93	C	-		
157	3	O	6.93	A	-		
157	4	O	6.93	C	-		
157	5	O	6.93	C	-		
157	6	O	6.93	G	-		
157	7	O	6.93	A	-		
157	8	O	6.93	C	-		
157	9	O	6.93	C	-		
157	10	O	6.93	T	-		
157	11	O	6.93	C	-		
157	12	O	6.93	T	-		
157	13	O	6.93	C	-		
157	14	O	6.93	A	-		
157	15	O	6.93	A	-		
157	16	O	6.93	T	-		
157	17	O	6.93	G	-		
157	18	O	6.93	G	-		
157	19	O	6.93	G	-		
157	20	O	6.93	G	-		
157	21	O	6.93	C	-		
157	22	O	6.93	C	-		
157	23	O	6.93	C	-		
157	24	O	6.93	G	-		
157	25	O	6.93	C	-		
157	26	O	6.93	C	-		
157	27	O	6.93	G	-		
157	28	O	6.93	C	-		
157	29	O	6.93	C	-		
157	30	O	6.93	A	-		
157	31	O	6.93	A	-		
157	32	O	6.93	G	-		
157	33	O	6.93	T	-		
157	34	O	6.93	A	-		
157	35	O	6.93	G	-		
157	36	O	6.93	A	-		
157	37	O	6.93	T	-		
157	38	O	6.93	C	-		
157	39	O	6.93	A	-		
157	40	O	6.93	C	-		
157	41	O	6.93	A	-		
157	42	O	6.93	G	-		
157	43	O	6.93	A	-		
157	44	O	6.93	A	-		
157	45	O	6.93	C	-		
157	46	O	6.93	C	-		
157	47	O	6.93	A	-		
157	48	O	6.93	C	-		
157	49	O	6.93	A	-		
157	50	O	6.93	T	-		
157	51	O	6.93	C	-		
157	52	O	6.93	C	-		
157	53	O	6.93	A	-		
157	54	O	6.93	C	-		
157	55	O	6.93	C	-		
157	56	O	6.93	A	-		
157	57	O	6.93	T	-		
157	58	O	6.93	C	-		
157	59	O	6.93	C	-		
157	60	O	6.93	C	-		
157	61	O	6.93	G	-		
157	62	O	6.93	T	-		
157	63	O	6.93	C	-		
157	64	O	6.93	C	-		
157	65	O	6.93	C	-		
157	66	O	6.93	A	-		
157	67	O	6.93	A	-		
157	68	O	6.93	A	-		
157	69	O	6.93	G	-		
157	70	O	6.93	C	-		
157	71	O	6.93	A	-		
157	72	O	6.93	T	-		
157	73	O	6.93	T	-		
157	74	O	6.93	A	-		
157	75	O	6.93	T	-		
157	76	O	6.93	G	-		
157	77	O	6.93	G	-		
157	78	O	6.93	G	-		
157	79	O	6.93	C	-		
157	80	O	6.93	C	-		
157	81	O	6.93	A	-		
157	82	O	6.93	G	-		
157	83	O	6.93	T	-		
157	84	O	6.93	T	-		
157	85	O	6.93	C	-		
157	86	O	6.93	C	-		
157	87	O	6.93	T	-		
157	88	O	6.93	A	-		
157	89	O	6.93	C	-		
157	90	O	6.93	A	-		
157	91	O	6.93	A	-		
157	92	O	6.93	C	-		
157	93	O	6.93	A	-		
157	94	O	6.93	G	-		
157	95	O	6.93	G	-		
157	96	O	6.93	G	-		
157	97	O	6.93	G	-		
157	98	O	6.93	T	-		
157	99	O	6.93	A	-		
157	100	O	6.93	T	-		
157	101	O	6.93	T	-		
157	102	O	6.93	G	-		
157	103	O	6.93	C	-		
157	104	O	6.93	C	-		
157	105	O	6.93	G	-		
157	106	O	6.93	G	-		
157	107	O	6.93	C	-		
157	108	O	6.93	T	-		
157	109	O	6.93	C	-		
158	0	O	20.79	A	-		
158	1	O	20.79	G	-		
158	2	O	20.79	T	-		
158	3	O	20.79	C	-		
158	4	O	20.79	G	-		
158	5	O	20.79	C	-		
158	6	O	20.79	T	-		
158	7	O	20.79	C	-		
158	8	O	20.79	A	-		
158	9	O	20.79	G	-		
158	10	O	20.79	C	-		
158	11	O	20.79	A	-		
158	12	O	20.79	T	-		
158	13	O	20.79	G	-		
158	14	O	20.79	G	-		
158	15	O	20.79	C	-		
158	16	O	20.79	G	-		
158	17	O	20.79	G	-		
158	18	O	20.79	C	-		
158	19	O	20.79	G	-		
158	20	O	20.79	C	-		
158	21	O	20.79	A	-		
158	22	O	20.79	G	-		
158	23	O	20.79	A	-		
158	24	O	20.79	G	-		
158	25	O	20.79	C	-		
158	26	O	20.79	A	-		
158	27	O	20.79	A	-		
158	28	O	20.79	G	-		
158	29	O	20.79	C	-		
158	30	O	20.79	G	-		
158	31	O	20.79	C	-		
158	32	O	20.79	A	-		
158	33	O	20.79	C	-		
158	34	O	20.79	G	-		
158	35	O	20.79	G	-		
158	36	O	20.79	G	-		
158	37	O	20.79	A	-		
158	38	O	20.79	G	-		
158	39	O	20.79	A	-		
158	40	O	20.79	G	-		
158	41	O	20.79	G	-		
158	42	O	20.79	C	-		
158	43	O	11.25	A	-		
158	44	O	20.79	A	-		
158	45	O	20.79	A	-		
158	46	O	20.79	G	-		
158	47	O	20.79	G	-		
158	48	O	20.79	T	-		
158	49	O	20.79	C	-		
158	50	O	20.79	A	-		
158	51	O	20.79	T	-		
158	52	O	20.79	T	-		
158	53	O	20.79	T	-		
158	54	O	20.79	C	-		
158	55	O	20.79	G	-		
158	56	O	20.79	G	-		
158	57	O	20.79	C	-		
158	58	O	20.79	G	-		
158	59	O	20.79	C	-		
158	60	O	20.79	G	-		
158	61	O	20.79	C	-		
158	62	O	20.79	G	-		
158	63	O	20.79	C	-		
158	64	O	20.79	T	-		
158	65	O	20.79	G	-		
158	66	O	20.79	A	-		
158	67	O	20.79	G	-		
158	68	O	20.79	G	-		
158	69	O	20.79	T	-		
158	70	O	20.79	T	-		
158	71	O	20.79	G	-		
158	72	O	20.79	A	-		
158	73	O	20.79	G	-		
158	74	O	20.79	T	-		
158	75	O	20.79	C	-		
158	76	O	20.79	T	-		
158	77	O	20.79	G	-		
158	78	O	20.79	C	-		
158	79	O	20.79	G	-		
158	80	O	20.79	A	-		
158	81	O	20.79	A	-		
158	82	O	20.79	G	-		
158	83	O	20.79	C	-		
158	84	O	20.79	T	-		
158	85	O	20.79	G	-		
158	86	O	20.79	A	-		
158	87	O	20.79	T	-		
158	88	O	20.79	G	-		
158	89	O	20.79	C	-		
158	90	O	20.79	G	-		
158	91	O	20.79	C	-		
158	92	O	20.79	C	-		
158	93	O	20.79	A	-		
158	94	O	20.79	G	-		
158	95	O	20.79	G	-		
158	96	O	20.79	C	-		
158	97	O	20.79	T	-		
158	98	O	20.79	G	-		
158	99	O	20.79	C	-		
158	100	O	20.79	G	-		
158	101	O	20.79	G	-		
158	102	O	20.79	A	-		
158	103	O	20.79	T	-		
158	104	O	20.79	A	-		
158	105	O	20.79	T	-		
158	106	O	20.79	C	-		
158	107	O	20.79	T	-		
158	108	O	20.79	T	-		
158	109	O	20.79	G	-		
159	0	O	9.70	T	-		
159	1	O	9.70	G	-		
159	2	O	9.70	C	-		
159	3	O	9.70	C	-		
159	4	O	9.70	G	-		
159	5	O	9.70	G	-		
159	6	O	9.70	T	-		
159	7	O	9.70	C	-		
159	8	O	9.70	G	-		
159	9	O	9.70	T	-		
159	10	O	9.70	T	-		
159	11	O	9.70	G	-		
159	12	O	9.70	A	-		
159	13	O	9.70	A	-		
159	14	O	9.70	G	-		
159	15	O	9.70	C	-		
159	16	O	9.70	T	-		
159	17	O	9.70	C	-		
159	18	O	9.70	T	-		
159	19	O	9.70	G	-		
159	20	O	9.70	C	-		
159	21	O	9.70	A	-		
159	22	O	9.70	C	-		
159	23	O	9.70	G	-		
159	24	O	9.70	C	-		
159	25	O	9.70	C	-		
159	26	O	9.70	G	-		
159	27	O	9.70	A	-		
159	28	O	9.70	T	-		
159	29	O	9.70	G	-		
159	30	O	9.70	G	-		
159	31	O	9.70	A	-		
159	32	O	9.70	C	-		
159	33	O	9.70	A	-		
159	34	O	9.70	G	-		
159	35	O	9.70	C	-		
159	36	O	9.70	C	-		
159	37	O	9.70	G	-		
159	38	O	9.70	C	-		
159	39	O	9.70	G	-		
159	40	O	9.70	T	-		
159	41	O	9.70	G	-		
159	42	O	9.70	A	-		
159	43	O	9.70	C	-		
159	44	O	9.70	C	-		
159	45	O	9.70	C	-		
159	46	O	9.70	C	-		
159	47	O	9.70	C	-		
159	48	O	9.70	G	-		
159	49	O	9.70	C	-		
159	50	O	9.70	G	-		
159	51	O	9.70	C	-		
159	52	O	9.70	C	-		
159	53	O	9.70	G	-		
159	54	O	9.70	C	-		
159	55	O	9.70	G	-		
159	56	O	9.70	G	-		
159	57	O	9.70	T	-		
159	58	O	9.70	A	-		
159	59	O	9.70	G	-		
159	60	O	9.70	G	-		
159	61	O	9.70	C	-		
159	62	O	9.70	G	-		
159	63	O	9.70	C	-		
159	64	O	9.70	G	-		
159	65	O	9.70	A	-		
159	66	O	9.70	A	-		
159	67	O	9.70	A	-		
159	68	O	9.70	G	-		
159	69	O	9.70	C	-		
159	70	O	9.70	G	-		
159	71	O	9.70	C	-		
159	72	O	9.70	T	-		
159	73	O	9.70	C	-		
159	74	O	9.70	C	-		
159	75	O	9.70	T	-		
159	76	O	9.70	T	-		
159	77	O	9.70	C	-		
159	78	O	9.70	T	-		
159	79	O	9.70	C	-		
159	80	O	9.70	G	-		
159	81	O	9.70	A	-		
159	82	O	9.70	A	-		
159	83	O	9.70	C	-		
159	84	O	9.70	G	-		
159	85	O	9.70	T	-		
159	86	O	9.70	G	-		
159	87	O	9.70	C	-		
159	88	O	9.70	C	-		
159	89	O	9.70	G	-		
159	90	O	9.70	G	-		
159	91	O	9.70	G	-		
159	92	O	9.70	G	-		
159	93	O	9.70	T	-		
159	94	O	9.70	T	-		
159	95	O	9.70	G	-		
159	96	O	9.70	G	-		
159	97	O	9.70	C	-		
159	98	O	9.70	C	-		
159	99	O	9.70	T	-		
159	100	O	9.70	C	-		
159	101	O	9.70	C	-		
159	102	O	9.70	A	-		
159	103	O	9.70	G	-		
159	104	O	9.70	C	-		
159	105	O	9.70	G	-		
159	106	O	9.70	T	-		
159	107	O	9.70	G	-		
159	108	O	9.70	A	-		
159	109	O	9.70	T	-		
160	0	O	5.55	G	-		
160	1	O	5.55	G	-		
160	2	O	5.55	A	-		
160	3	O	5.55	T	-		
160	4	O	5.55	C	-		
160	5	O	5.55	A	-		
160	6	O	5.55	T	-		
160	7	O	5.55	C	-		
160	8	O	5.55	A	-		
160	9	O	5.55	G	-		
160	10	O	5.55	A	-		
160	11	O	5.55	A	-		
160	12	O	5.55	G	-		
160	13	O	5.55	C	-		
160	14	O	5.55	A	-		
160	15	O	5.55	A	-		
160	16	O	5.55	C	-		
160	17	O	5.55	A	-		
160	18	O	5.55	A	-		
160	19	O	5.55	T	-		
160	20	O	5.55	T	-		
160	21	O	5.55	A	-		
160	22	O	5.55	T	-		
160	23	O	5.55	T	-		
160	24	O	5.55	G	-		
160	25	O	5.55	A	-		
160	26	O	5.55	T	-		
160	27	O	5.55	G	-		
160	28	O	5.55	G	-		
160	29	O	5.55	T	-		
160	30	O	5.55	T	-		
160	31	O	5.55	C	-		
160	32	O	5.55	A	-		
160	33	O	5.55	T	-		
160	34	O	5.55	G	-		
160	35	O	5.55	T	-		
160	36	O	5.55	T	-		
160	37	O	5.55	C	-		
160	38	O	5.55	A	-		
160	39	O	5.55	A	-		
160	40	O	5.55	T	-		
160	41	O	5.55	A	-		
160	42	O	5.55	C	-		
160	43	O	5.55	G	-		
160	44	O	5.55	A	-		
160	45	O	5.55	A	-		
160	46	O	5.55	A	-		
160	47	O	5.55	A	-		
160	48	O	5.55	C	-		
160	49	O	5.55	A	-		
160	50	O	5.55	A	-		
160	51	O	5.55	A	-		
160	52	O	5.55	T	-		
160	53	O	5.55	G	-		
160	54	O	5.55	T	-		
160	55	O	5.55	A	-		
160	56	O	5.55	C	-		
160	57	O	5.55	A	-		
160	58	O	5.55	T	-		
160	59	O	5.55	T	-		
160	60	O	5.55	T	-		
160	61	O	5.55	T	-		
160	62	O	5.55	T	-		
160	63	O	5.55	G	-		
160	64	O	5.55	T	-		
160	65	O	5.55	A	-		
160	66	O	5.55	T	-		
160	67	O	5.55	G	-		
160	68	O	5.55	A	-		
160	69	O	5.55	C	-		
160	70	O	5.55	A	-		
160	71	O	5.55	A	-		
160	72	O	5.55	C	-		
160	73	O	5.55	A	-		
160	74	O	5.55	A	-		
160	75	O	5.55	A	-		
160	76	O	5.55	C	-		
160	77	O	5.55	A	-		
160	78	O	5.55	A	-		
160	79	O	5.55	C	-		
160	80	O	5.55	A	-		
160	81	O	5.55	C	-		
160	82	O	5.55	C	-		
160	83	O	5.55	A	-		
160	84	O	5.55	T	-		
160	85	O	5.55	C	-		
160	86	O	5.55	A	-		
160	87	O	5.55	A	-		
160	88	O	5.55	T	-		
160	89	O	5.55	A	-		
160	90	O	5.55	A	-		
160	91	O	5.55	A	-		
160	92	O	5.55	T	-		
160	93	O	5.55	G	-		
160	94	O	5.55	T	-		
160	95	O	5.55	A	-		
160	96	O	5.55	A	-		
160	97	O	5.55	T	-		
160	98	O	5.55	T	-		
160	99	O	5.55	A	-		
160	100	O	5.55	C	-		
160	101	O	5.55	T	-		
160	102	O	5.55	C	-		
160	103	O	5.55	A	-		
160	104	O	5.55	T	-		
160	105	O	5.55	A	-		
160	106	O	5.55	G	-		
160	107	O	5.55	T	-		
160	108	O	5.55	A	-		
160	109	O	5.55	G	-		
161	0	O	22.18	C	-		
161	1	O	22.18	G	-		
161	2	O	22.18	T	-		
161	3	O	22.18	T	-		
161	4	O	22.18	T	-		
161	5	O	22.18	C	-		
161	6	O	22.18	C	-		
161	7	O	22.18	T	-		
161	8	O	22.18	C	-		
161	9	O	22.18	T	-		
161	10	O	22.18	T	-		
161	11	O	22.18	C	-		
161	12	O	22.18	A	-		
161	13	O	22.18	T	-		
161	14	O	22.18	G	-		
161	15	O	22.18	G	-		
161	16	O	22.18	C	-		
161	17	O	22.18	G	-		
161	18	O	22.18	A	-		
161	19	O	22.18	T	-		
161	20	O	22.18	C	-		
161	21	O	22.18	C	-		
161	22	O	22.18	G	-		
161	23	O	22.18	C	-		
161	24	O	22.18	T	-		
161	25	O	22.18	T	-		
161	26	O	22.18	G	-		
161	27	O	22.18	C	-		
161	28	O	22.18	C	-		
161	29	O	22.18	G	-		
161	30	O	22.18	A	-		
161	31	O	22.18	T	-		
161	32	O	22.18	G	-		
161	33	O	22.18	T	-		
161	34	O	22.18	A	-		
161	35	O	22.18	G	-		
161	36	O	22.18	C	-		
161	37	O	22.18	C	-		
161	38	O	22.18	G	-		
161	39	O	22.18	A	-		
161	40	O	22.18	C	-		
161	41	O	22.18	G	-		
161	42	O	22.18	C	-		
161	43	O	22.18	T	-		
161	44	O	22.18	G	-		
161	45	O	12.50	G	-		
161	46	O	22.18	C	-		
161	47	O	22.18	G	-		
161	48	O	22.18	T	-		
161	49	O	22.18	A	-		
161	50	O	22.18	C	-		
161	51	O	22.18	T	-		
161	52	O	22.18	C	-		
161	53	O	22.18	G	-		
161	54	O	22.18	A	-		
161	55	O	22.18	G	-		
161	56	O	22.18	C	-		
161	57	O	22.18	A	-		
161	58	O	22.18	G	-		
161	59	O	22.18	C	-		
161	60	O	22.18	G	-		
161	61	O	22.18	A	-		
161	62	O	22.18	G	-		
161	63	O	22.18	G	-		
161	64	O	22.18	C	-		
161	65	O	12.50	A	-		
161	66	O	22.18	A	-		
161	67	O	22.18	A	-		
161	68	O	22.18	G	-		
161	69	O	22.18	A	-		
161	70	O	22.18	C	-		
161	71	O	22.18	C	-		
161	72	O	22.18	A	-		
161	73	O	22.18	T	-		
161	74	O	22.18	C	-		
161	75	O	22.18	A	-		
161	76	O	22.18	C	-		
161	77	O	22.18	A	-		
161	78	O	22.18	A	-		
161	79	O	22.18	A	-		
161	80	O	22.18	A	-		
161	81	O	22.18	C	-		
161	82	O	22.18	A	-		
161	83	O	22.18	G	-		
161	84	O	22.18	G	-		
161	85	O	22.18	T	-		
161	86	O	22.18	G	-		
161	87	O	22.18	C	-		
161	88	O	22.18	C	-		
161	89	O	22.18	C	-		
161	90	O	22.18	A	-		
161	91	O	22.18	G	-		
161	92	O	22.18	G	-		
161	93	O	22.18	A	-		
161	94	O	22.18	A	-		
161	95	O	22.18	G	-		
161	96	O	22.18	A	-		
161	97	O	22.18	C	-		
161	98	O	22.18	G	-		
161	99	O	22.18	T	-		
161	100	O	22.18	C	-		
161	101	O	22.18	G	-		
161	102	O	22.18	A	-		
161	103	O	22.18	T	-		
161	104	O	22.18	G	-		
161	105	O	22.18	G	-		
161	106	O	22.18	A	-		
161	107	O	22.18	C	-		
161	108	O	22.18	T	-		
161	109	O	22.18	T	-		
162	0	O	8.32	G	-		
162	1	O	8.32	G	-		
162	2	O	8.32	C	-		
162	3	O	8.32	A	-		
162	4	O	8.32	T	-		
162	5	O	8.32	C	-		
162	6	O	8.32	A	-		
162	7	O	8.32	G	-		
162	8	O	8.32	A	-		
162	9	O	8.32	C	-		
162	10	O	8.32	T	-		
162	11	O	8.32	T	-		
162	12	O	8.32	C	-		
162	13	O	8.32	C	-		
162	14	O	8.32	T	-		
162	15	O	8.32	A	-		
162	16	O	8.32	C	-		
162	17	O	8.32	C	-		
162	18	O	8.32	T	-		
162	19	O	8.32	T	-		
162	20	O	8.32	A	-		
162	21	O	8.32	A	-		
162	22	O	8.32	C	-		
162	23	O	8.32	C	-		
162	24	O	8.32	A	-		
162	25	O	8.32	A	-		
162	26	O	8.32	G	-		
162	27	O	8.32	G	-		
162	28	O	8.32	A	-		
162	29	O	8.32	A	-		
162	30	O	8.32	A	-		
162	31	O	8.32	A	-		
162	32	O	8.32	C	-		
162	33	O	8.32	T	-		
162	34	O	8.32	A	-		
162	35	O	8.32	T	-		
162	36	O	8.32	C	-		
162	37	O	8.32	T	-		
162	38	O	8.32	C	-		
162	39	O	8.32	G	-		
162	40	O	8.32	A	-		
162	41	O	8.32	C	-		
162	42	O	8.32	T	-		
162	43	O	8.32	G	-		
162	44	O	8.32	G	-		
162	45	O	8.32	A	-		
162	46	O	8.32	A	-		
162	47	O	8.32	G	-		
162	48	O	8.32	G	-		
162	49	O	8.32	A	-		
162	50	O	8.32	G	-		
162	51	O	8.32	A	-		
162	52	O	8.32	T	-		
162	53	O	8.32	G	-		
162	54	O	8.32	C	-		
162	55	O	8.32	T	-		
162	56	O	8.32	C	-		
162	57	O	8.32	A	-		
162	58	O	8.32	C	-		
162	59	O	8.32	C	-		
162	60	O	8.32	T	-		
162	61	O	8.32	A	-		
162	62	O	8.32	C	-		
162	63	O	8.32	T	-		
162	64	O	8.32	A	-		
162	65	O	8.32	C	-		
162	66	O	8.32	C	-		
162	67	O	8.32	T	-		
162	68	O	8.32	C	-		
162	69	O	8.32	C	-		
162	70	O	8.32	G	-		
162	71	O	8.32	G	-		
162	72	O	8.32	G	-		
162	73	O	8.32	C	-		
162	74	O	8.32	C	-		
162	75	O	8.32	A	-		
162	76	O	8.32	G	-		
162	77	O	8.32	G	-		
162	78	O	8.32	A	-		
162	79	O	8.32	A	-		
162	80	O	8.32	C	-		
162	81	O	8.32	C	-		
162	82	O	8.32	T	-		
162	83	O	8.32	C	-		
162	84	O	8.32	C	-		
162	85	O	8.32	A	-		
162	86	O	8.32	C	-		
162	87	O	8.32	A	-		
162	88	O	8.32	A	-		
162	89	O	8.32	A	-		
162	90	O	8.32	G	-		
162	91	O	8.32	C	-		
162	92	O	8.32	C	-		
162	93	O	8.32	T	-		
162	94	O	8.32	T	-		
162	95	O	8.32	G	-		
162	96	O	8.32	A	-		
162	97	O	8.32	A	-		
162	98	O	8.32	C	-		
162	99	O	8.32	G	-		
162	100	O	8.32	G	-		
162	101	O	8.32	A	-		
162	102	O	8.32	G	-		
162	103	O	8.32	A	-		
162	104	O	8.32	C	-		
162	105	O	8.32	G	-		
162	106	O	8.32	T	-		
162	107	O	8.32	A	-		
162	108	O	8.32	G	-		
162	109	O	8.32	A	-		
163	0	O	11.09	C	-		
163	1	O	11.09	G	-		
163	2	O	11.09	C	-		
163	3	O	11.09	G	-		
163	4	O	11.09	C	-		
163	5	O	11.09	T	-		
163	6	O	11.09	A	-		
163	7	O	11.09	G	-		
163	8	O	11.09	C	-		
163	9	O	11.09	G	-		
163	10	O	11.09	T	-		
163	11	O	11.09	T	-		
163	12	O	11.09	C	-		
163	13	O	11.09	C	-		
163	14	O	11.09	C	-		
163	15	O	11.09	G	-		
163	16	O	11.09	C	-		
163	17	O	11.09	C	-		
163	18	O	11.09	A	-		
163	19	O	11.09	G	-		
163	20	O	11.09	C	-		
163	21	O	11.09	T	-		
163	22	O	11.09	C	-		
163	23	O	11.09	G	-		
163	24	O	11.09	G	-		
163	25	O	11.09	C	-		
163	26	O	11.09	C	-		
163	27	O	11.09	A	-		
163	28	O	11.09	A	-		
163	29	O	11.09	C	-		
163	30	O	11.09	C	-		
163	31	O	11.09	G	-		
163	32	O	11.09	T	-		
163	33	O	11.09	T	-		
163	34	O	11.09	T	-		
163	35	O	11.09	C	-		
163	36	O	11.09	C	-		
163	37	O	11.09	T	-		
163	38	O	11.09	G	-		
163	39	O	11.09	G	-		
163	40	O	11.09	G	-		
163	41	O	11.09	C	-		
163	42	O	11.09	T	-		
163	43	O	11.09	C	-		
163	44	O	11.09	C	-		
163	45	O	11.09	C	-		
163	46	O	11.09	A	-		
163	47	O	11.09	C	-		
163	48	O	11.09	G	-		
163	49	O	11.09	A	-		
163	50	O	11.09	G	-		
163	51	O	11.09	C	-		
163	52	O	11.09	A	-		
163	53	O	11.09	G	-		
163	54	O	11.09	C	-		
163	55	O	11.09	G	-		
163	56	O	11.09	G	-		
163	57	O	11.09	G	-		
163	58	O	11.09	T	-		
163	59	O	11.09	G	-		
163	60	O	11.09	G	-		
163	61	O	11.09	A	-		
163	62	O	11.09	G	-		
163	63	O	11.09	G	-		
163	64	O	11.09	A	-		
163	65	O	11.09	C	-		
163	66	O	11.09	G	-		
163	67	O	11.09	A	-		
163	68	O	11.09	C	-		
163	69	O	11.09	A	-		
163	70	O	11.09	T	-		
163	71	O	11.09	C	-		
163	72	O	11.09	C	-		
163	73	O	11.09	A	-		
163	74	O	11.09	C	-		
163	75	O	11.09	T	-		
163	76	O	11.09	C	-		
163	77	O	11.09	A	-		
163	78	O	11.09	C	-		
163	79	O	11.09	G	-		
163	80	O	11.09	C	-		
163	81	O	11.09	T	-		
163	82	O	11.09	A	-		
163	83	O	11.09	C	-		
163	84	O	11.09	T	-		
163	85	O	11.09	G	-		
163	86	O	11.09	T	-		
163	87	O	11.09	A	-		
163	88	O	11.09	T	-		
163	89	O	11.09	C	-		
163	90	O	11.09	G	-		
163	91	O	11.09	C	-		
163	92	O	11.09	C	-		
163	93	O	11.09	C	-		
163	94	O	11.09	A	-		
163	95	O	11.09	C	-		
163	96	O	11.09	C	-		
163	97	O	11.09	T	-		
163	98	O	11.09	G	-		
163	99	O	11.09	A	-		
163	100	O	11.09	A	-		
163	101	O	11.09	G	-		
163	102	O	11.09	G	-		
163	103	O	11.09	C	-		
163	104	O	11.09	C	-		
163	105	O	11.09	G	-		
163	106	O	11.09	C	-		
163	107	O	11.09	C	-		
163	108	O	11.09	A	-		
163	109	O	11.09	G	-		
164	0	O	8.32	C	-		
164	1	O	8.32	C	-		
164	2	O	8.32	C	-		
164	3	O	8.32	T	-		
164	4	O	8.32	A	-		
164	5	O	8.32	G	-		
164	6	O	8.32	A	-		
164	7	O	8.32	A	-		
164	8	O	8.32	T	-		
164	9	O	8.32	G	-		
164	10	O	8.32	G	-		
164	11	O	8.32	A	-		
164	12	O	8.32	G	-		
164	13	O	8.32	C	-		
164	14	O	8.32	C	-		
164	15	O	8.32	G	-		
164	16	O	8.32	A	-		
164	17	O	8.32	G	-		
164	18	O	8.32	C	-		
164	19	O	8.32	G	-		
164	20	O	8.32	C	-		
164	21	O	8.32	T	-		
164	22	O	8.32	C	-		
164	23	O	8.32	G	-		
164	24	O	8.32	T	-		
164	25	O	8.32	C	-		
164	26	O	8.32	T	-		
164	27	O	8.32	A	-		
164	28	O	8.32	G	-		
164	29	O	8.32	T	-		
164	30	O	8.32	G	-		
164	31	O	8.32	A	-		
164	32	O	8.32	G	-		
164	33	O	8.32	G	-		
164	34	O	8.32	G	-		
164	35	O	8.32	G	-		
164	36	O	8.32	A	-		
164	37	O	8.32	T	-		
164	38	O	8.32	G	-		
164	39	O	8.32	T	-		
164	40	O	8.32	T	-		
164	41	O	8.32	G	-		
164	42	O	8.32	C	-		
164	43	O	8.32	G	-		
164	44	O	8.32	T	-		
164	45	O	8.32	A	-		
164	46	O	8.32	A	-		
164	47	O	8.32	G	-		
164	48	O	8.32	C	-		
164	49	O	8.32	G	-		
164	50	O	8.32	T	-		
164	51	O	8.32	C	-		
164	52	O	8.32	C	-		
164	53	O	8.32	G	-		
164	54	O	8.32	T	-		
164	55	O	8.32	C	-		
164	56	O	8.32	G	-		
164	57	O	8.32	A	-		
164	58	O	8.32	T	-		
164	59	O	8.32	C	-		
164	60	O	8.32	C	-		
164	61	O	8.32	G	-		
164	62	O	8.32	T	-		
164	63	O	8.32	T	-		
164	64	O	8.32	T	-		
164	65	O	8.32	G	-		
164	66	O	8.32	T	-		
164	67	O	8.32	T	-		
164	68	O	8.32	T	-		
164	69	O	8.32	G	-		
164	70	O	8.32	T	-		
164	71	O	8.32	A	-		
164	72	O	8.32	G	-		
164	73	O	8.32	G	-		
164	74	O	8.32	T	-		
164	75	O	8.32	T	-		
164	76	O	8.32	C	-		
164	77	O	8.32	A	-		
164	78	O	8.32	G	-		
164	79	O	8.32	C	-		
164	80	O	8.32	C	-		
164	81	O	8.32	C	-		
164	82	O	8.32	A	-		
164	83	O	8.32	C	-		
164	84	O	8.32	G	-		
164	85	O	8.32	C	-		
164	86	O	8.32	A	-		
164	87	O	8.32	G	-		
164	88	O	8.32	A	-		
164	89	O	8.32	T	-		
164	90	O	8.32	G	-		
164	91	O	8.32	G	-		
164	92	O	8.32	C	-		
164	93	O	8.32	T	-		
164	94	O	8.32	C	-		
164	95	O	8.32	T	-		
164	96	O	8.32	C	-		
164	97	O	8.32	A	-		
164	98	O	8.32	A	-		
164	99	O	8.32	G	-		
164	100	O	8.32	T	-		
164	101	O	8.32	A	-		
164	102	O	8.32	G	-		
164	103	O	8.32	C	-		
164	104	O	8.32	G	-		
164	105	O	8.32	G	-		
164	106	O	8.32	C	-		
164	107	O	8.32	G	-		
164	108	O	8.32	A	-		
164	109	O	8.32	C	-		
165	0	O	9.70	T	-		
165	1	O	9.70	G	-		
165	2	O	9.70	G	-		
165	3	O	9.70	G	-		
165	4	O	9.70	G	-		
165	5	O	9.70	T	-		
165	6	O	9.70	T	-		
165	7	O	9.70	G	-		
165	8	O	9.70	C	-		
165	9	O	9.70	T	-		
165	10	O	9.70	T	-		
165	11	O	9.70	G	-		
165	12	O	9.70	C	-		
165	13	O	9.70	T	-		
165	14	O	9.70	T	-		
165	15	O	9.70	G	-		
165	16	O	9.70	G	-		
165	17	O	9.70	C	-		
165	18	O	9.70	A	-		
165	19	O	9.70	C	-		
165	20	O	9.70	C	-		
165	21	O	9.70	T	-		
165	22	O	9.70	T	-		
165	23	O	9.70	G	-		
165	24	O	9.70	C	-		
165	25	O	9.70	A	-		
165	26	O	9.70	A	-		
165	27	O	9.70	T	-		
165	28	O	9.70	G	-		
165	29	O	9.70	C	-		
165	30	O	9.70	A	-		
165	31	O	9.70	G	-		
165	32	O	9.70	A	-		
165	33	O	9.70	G	-		
165	34	O	9.70	T	-		
165	35	O	9.70	C	-		
165	36	O	9.70	A	-		
165	37	O	9.70	A	-		
165	38	O	9.70	A	-		
165	39	O	9.70	C	-		
165	40	O	9.70	T	-		
165	41	O	9.70	G	-		
165	42	O	9.70	T	-		
165	43	O	9.70	C	-		
165	44	O	9.70	C	-		
165	45	O	9.70	G	-		
165	46	O	9.70	C	-		
165	47	O	9.70	C	-		
165	48	O	9.70	C	-		
165	49	O	9.70	G	-		
165	50	O	9.70	A	-		
165	51	O	9.70	G	-		
165	52	O	9.70	C	-		
165	53	O	9.70	C	-		
165	54	O	9.70	C	-		
165	55	O	9.70	A	-		
165	56	O	9.70	T	-		
165	57	O	9.70	C	-		
165	58	O	9.70	G	-		
165	59	O	9.70	G	-		
165	60	O	9.70	C	-		
165	61	O	9.70	C	-		
165	62	O	9.70	C	-		
165	63	O	9.70	T	-		
165	64	O	9.70	C	-		
165	65	O	9.70	G	-		
165	66	O	9.70	G	-		
165	67	O	9.70	C	-		
165	68	O	9.70	G	-		
165	69	O	9.70	G	-		
165	70	O	9.70	C	-		
165	71	O	9.70	T	-		
165	72	O	9.70	T	-		
165	73	O	9.70	T	-		
165	74	O	9.70	C	-		
165	75	O	9.70	G	-		
165	76	O	9.70	T	-		
165	77	O	9.70	G	-		
165	78	O	9.70	G	-		
165	79	O	9.70	C	-		
165	80	O	9.70	T	-		
165	81	O	9.70	G	-		
165	82	O	9.70	C	-		
165	83	O	9.70	C	-		
165	84	O	9.70	G	-		
165	85	O	9.70	T	-		
165	86	O	9.70	T	-		
165	87	O	9.70	G	-		
165	88	O	9.70	C	-		
165	89	O	9.70	C	-		
165	90	O	9.70	A	-		
165	91	O	9.70	G	-		
165	92	O	9.70	C	-		
165	93	O	9.70	G	-		
165	94	O	9.70	A	-		
165	95	O	9.70	A	-		
165	96	O	9.70	A	-		
165	97	O	9.70	T	-		
165	98	O	9.70	T	-		
165	99	O	9.70	G	-		
165	100	O	9.70	A	-		
165	101	O	9.70	A	-		
165	102	O	9.70	G	-		
165	103	O	9.70	T	-		
165	104	O	9.70	G	-		
165	105	O	9.70	G	-		
165	106	O	9.70	A	-		
165	107	O	9.70	T	-		
165	108	O	9.70	G	-		
165	109	O	9.70	G	-		
166	0	O	8.32	T	-		
166	1	O	8.32	T	-		
166	2	O	8.32	C	-		
166	3	O	8.32	A	-		
166	4	O	8.32	T	-		
166	5	O	8.32	C	-		
166	6	O	8.32	A	-		
166	7	O	8.32	C	-		
166	8	O	8.32	C	-		
166	9	O	8.32	C	-		
166	10	O	8.32	A	-		
166	11	O	8.32	A	-		
166	12	O	8.32	G	-		
166	13	O	8.32	A	-		
166	14	O	8.32	G	-		
166	15	O	8.32	T	-		
166	16	O	8.32	G	-		
166	17	O	8.32	C	-		
166	18	O	8.32	C	-		
166	19	O	8.32	G	-		
166	20	O	8.32	G	-		
166	21	O	8.32	G	-		
166	22	O	8.32	C	-		
166	23	O	8.32	T	-		
166	24	O	8.32	T	-		
166	25	O	8.32	G	-		
166	26	O	8.32	C	-		
166	27	O	8.32	A	-		
166	28	O	8.32	T	-		
166	29	O	8.32	T	-		
166	30	O	8.32	G	-		
166	31	O	8.32	C	-		
166	32	O	8.32	C	-		
166	33	O	8.32	A	-		
166	34	O	8.32	A	-		
166	35	O	8.32	G	-		
166	36	O	8.32	T	-		
166	37	O	8.32	T	-		
166	38	O	8.32	C	-		
166	39	O	8.32	T	-		
166	40	O	8.32	G	-		
166	41	O	8.32	C	-		
166	42	O	8.32	C	-		
166	43	O	8.32	A	-		
166	44	O	8.32	A	-		
166	45	O	8.32	G	-		
166	46	O	8.32	T	-		
166	47	O	8.32	G	-		
166	48	O	8.32	C	-		
166	49	O	8.32	T	-		
166	50	O	8.32	G	-		
166	51	O	8.32	C	-		
166	52	O	8.32	T	-		
166	53	O	8.32	C	-		
166	54	O	8.32	C	-		
166	55	O	8.32	A	-		
166	56	O	8.32	A	-		
166	57	O	8.32	C	-		
166	58	O	8.32	C	-		
166	59	O	8.32	A	-		
166	60	O	8.32	T	-		
166	61	O	8.32	G	-		
166	62	O	8.32	T	-		
166	63	O	8.32	C	-		
166	64	O	8.32	A	-		
166	65	O	8.32	A	-		
166	66	O	8.32	C	-		
166	67	O	8.32	C	-		
166	68	O	8.32	T	-		
166	69	O	8.32	T	-		
166	70	O	8.32	C	-		
166	71	O	8.32	T	-		
166	72	O	8.32	A	-		
166	73	O	8.32	A	-		
166	74	O	8.32	G	-		
166	75	O	8.32	C	-		
166	76	O	8.32	T	-		
166	77	O	8.32	C	-		
166	78	O	8.32	A	-		
166	79	O	8.32	A	-		
166	80	O	8.32	C	-		
166	81	O	8.32	T	-		
166	82	O	8.32	T	-		
166	83	O	8.32	C	-		
166	84	O	8.32	C	-		
166	85	O	8.32	A	-		
166	86	O	8.32	T	-		
166	87	O	8.32	G	-		
166	88	O	8.32	T	-		
166	89	O	8.32	A	-		
166	90	O	8.32	T	-		
166	91	O	8.32	A	-		
166	92	O	8.32	T	-		
166	93	O	8.32	C	-		
166	94	O	8.32	T	-		
166	95	O	8.32	G	-		
166	96	O	8.32	A	-		
166	97	O	8.32	T	-		
166	98	O	8.32	C	-		
166	99	O	8.32	A	-		
166	100	O	8.32	G	-		
166	101	O	8.32	C	-		
166	102	O	8.32	A	-		
166	103	O	8.32	G	-		
166	104	O	8.32	G	-		
166	105	O	8.32	A	-		
166	106	O	8.32	T	-		
166	107	O	8.32	C	-		
166	108	O	8.32	T	-		
166	109	O	8.32	C	-		
167	0	O	8.32	G	-		
167	1	O	8.32	A	-		
167	2	O	8.32	T	-		
167	3	O	8.32	G	-		
167	4	O	8.32	T	-		
167	5	O	8.32	G	-		
167	6	O	8.32	T	-		
167	7	O	8.32	G	-		
167	8	O	8.32	A	-		
167	9	O	8.32	G	-		
167	10	O	8.32	A	-		
167	11	O	8.32	T	-		
167	12	O	8.32	T	-		
167	13	O	8.32	G	-		
167	14	O	8.32	A	-		
167	15	O	8.32	A	-		
167	16	O	8.32	C	-		
167	17	O	8.32	A	-		
167	18	O	8.32	G	-		
167	19	O	8.32	G	-		
167	20	O	8.32	T	-		
167	21	O	8.32	T	-		
167	22	O	8.32	G	-		
167	23	O	8.32	T	-		
167	24	O	8.32	T	-		
167	25	O	8.32	G	-		
167	26	O	8.32	G	-		
167	27	O	8.32	G	-		
167	28	O	8.32	A	-		
167	29	O	8.32	G	-		
167	30	O	8.32	A	-		
167	31	O	8.32	G	-		
167	32	O	8.32	G	-		
167	33	O	8.32	A	-		
167	34	O	8.32	A	-		
167	35	O	8.32	C	-		
167	36	O	8.32	T	-		
167	37	O	8.32	A	-		
167	38	O	8.32	C	-		
167	39	O	8.32	A	-		
167	40	O	8.32	T	-		
167	41	O	8.32	T	-		
167	42	O	8.32	G	-		
167	43	O	8.32	A	-		
167	44	O	8.32	A	-		
167	45	O	8.32	T	-		
167	46	O	8.32	C	-		
167	47	O	8.32	C	-		
167	48	O	8.32	G	-		
167	49	O	8.32	G	-		
167	50	O	8.32	A	-		
167	51	O	8.32	T	-		
167	52	O	8.32	G	-		
167	53	O	8.32	T	-		
167	54	O	8.32	A	-		
167	55	O	8.32	T	-		
167	56	O	8.32	C	-		
167	57	O	8.32	G	-		
167	58	O	8.32	A	-		
167	59	O	8.32	A	-		
167	60	O	8.32	A	-		
167	61	O	8.32	G	-		
167	62	O	8.32	C	-		
167	63	O	8.32	A	-		
167	64	O	8.32	A	-		
167	65	O	8.32	C	-		
167	66	O	8.32	T	-		
167	67	O	8.32	G	-		
167	68	O	8.32	A	-		
167	69	O	8.32	T	-		
167	70	O	8.32	A	-		
167	71	O	8.32	T	-		
167	72	O	8.32	T	-		
167	73	O	8.32	C	-		
167	74	O	8.32	C	-		
167	75	O	8.32	A	-		
167	76	O	8.32	A	-		
167	77	O	8.32	G	-		
167	78	O	8.32	A	-		
167	79	O	8.32	G	-		
167	80	O	8.32	T	-		
167	81	O	8.32	C	-		
167	82	O	8.32	C	-		
167	83	O	8.32	C	-		
167	84	O	8.32	A	-		
167	85	O	8.32	C	-		
167	86	O	8.32	C	-		
167	87	O	8.32	C	-		
167	88	O	8.32	A	-		
167	89	O	8.32	G	-		
167	90	O	8.32	C	-		
167	91	O	8.32	C	-		
167	92	O	8.32	A	-		
167	93	O	8.32	T	-		
167	94	O	8.32	G	-		
167	95	O	8.32	A	-		
167	96	O	8.32	A	-		
167	97	O	8.32	A	-		
167	98	O	8.32	T	-		
167	99	O	8.32	G	-		
167	100	O	8.32	T	-		
167	101	O	8.32	C	-		
167	102	O	8.32	A	-		
167	103	O	8.32	G	-		
167	104	O	8.32	A	-		
167	105	O	8.32	T	-		
167	106	O	8.32	C	-		
167	107	O	8.32	T	-		
167	108	O	8.32	G	-		
167	109	O	8.32	A	-		
168	0	O	5.55	G	-		
168	1	O	5.55	A	-		
168	2	O	5.55	A	-		
168	3	O	5.55	C	-		
168	4	O	5.55	G	-		
168	5	O	5.55	A	-		
168	6	O	5.55	C	-		
168	7	O	5.55	C	-		
168	8	O	5.55	T	-		
168	9	O	5.55	G	-		
168	10	O	5.55	G	-		
168	11	O	5.55	C	-		
168	12	O	5.55	G	-		
168	13	O	5.55	C	-		
168	14	O	5.55	T	-		
168	15	O	5.55	C	-		
168	16	O	5.55	G	-		
168	17	O	5.55	T	-		
168	18	O	5.55	G	-		
168	19	O	5.55	C	-		
168	20	O	5.55	A	-		
168	21	O	5.55	A	-		
168	22	O	5.55	C	-		
168	23	O	5.55	T	-		
168	24	O	5.55	C	-		
168	25	O	5.55	G	-		
168	26	O	5.55	A	-		
168	27	O	5.55	T	-		
168	28	O	5.55	C	-		
168	29	O	5.55	A	-		
168	30	O	5.55	G	-		
168	31	O	5.55	C	-		
168	32	O	5.55	C	-		
168	33	O	5.55	C	-		
168	34	O	5.55	A	-		
168	35	O	5.55	T	-		
168	36	O	5.55	C	-		
168	37	O	5.55	C	-		
168	38	O	5.55	A	-		
168	39	O	5.55	G	-		
168	40	O	5.55	T	-		
168	41	O	5.55	T	-		
168	42	O	5.55	C	-		
168	43	O	5.55	C	-		
168	44	O	5.55	C	-		
168	45	O	5.55	G	-		
168	46	O	5.55	C	-		
168	47	O	5.55	C	-		
168	48	O	5.55	G	-		
168	49	O	5.55	C	-		
168	50	O	5.55	A	-		
168	51	O	5.55	T	-		
168	52	O	5.55	G	-		
168	53	O	5.55	T	-		
168	54	O	5.55	G	-		
168	55	O	5.55	G	-		
168	56	O	5.55	C	-		
168	57	O	5.55	G	-		
168	58	O	5.55	C	-		
168	59	O	5.55	C	-		
168	60	O	5.55	C	-		
168	61	O	5.55	A	-		
168	62	O	5.55	T	-		
168	63	O	5.55	C	-		
168	64	O	5.55	T	-		
168	65	O	5.55	G	-		
168	66	O	5.55	C	-		
168	67	O	5.55	T	-		
168	68	O	5.55	T	-		
168	69	O	5.55	G	-		
168	70	O	5.55	C	-		
168	71	O	5.55	C	-		
168	72	O	5.55	A	-		
168	73	O	5.55	C	-		
168	74	O	5.55	C	-		
168	75	O	5.55	T	-		
168	76	O	5.55	G	-		
168	77	O	5.55	A	-		
168	78	O	5.55	T	-		
168	79	O	5.55	A	-		
168	80	O	5.55	A	-		
168	81	O	5.55	C	-		
168	82	O	5.55	A	-		
168	83	O	5.55	T	-		
168	84	O	5.55	T	-		
168	85	O	5.55	G	-		
168	86	O	5.55	A	-		
168	87	O	5.55	T	-		
168	88	O	5.55	C	-		
168	89	O	5.55	T	-		
168	90	O	5.55	C	-		
168	91	O	5.55	C	-		
168	92	O	5.55	T	-		
168	93	O	5.55	C	-		
168	94	O	5.55	G	-		
168	95	O	5.55	G	-		
168	96	O	5.55	C	-		
168	97	O	5.55	A	-		
168	98	O	5.55	G	-		
168	99	O	5.55	G	-		
168	100	O	5.55	A	-		
168	101	O	5.55	A	-		
168	102	O	5.55	C	-		
168	103	O	5.55	G	-		
168	104	O	5.55	C	-		
168	105	O	5.55	G	-		
168	106	O	5.55	A	-		
168	107	O	5.55	C	-		
168	108	O	5.55	G	-		
168	109	O	5.55	G	-		
169	0	O	15.25	C	-		
169	1	O	15.25	G	-		
169	2	O	15.25	G	-		
169	3	O	15.25	C	-		
169	4	O	15.25	C	-		
169	5	O	15.25	G	-		
169	6	O	15.25	A	-		
169	7	O	15.25	C	-		
169	8	O	15.25	A	-		
169	9	O	15.25	T	-		
169	10	O	15.25	G	-		
169	11	O	15.25	T	-		
169	12	O	15.25	G	-		
169	13	O	15.25	G	-		
169	14	O	15.25	A	-		
169	15	O	15.25	G	-		
169	16	O	15.25	C	-		
169	17	O	15.25	T	-		
169	18	O	15.25	T	-		
169	19	O	15.25	T	-		
169	20	O	15.25	G	-		
169	21	O	15.25	C	-		
169	22	O	15.25	G	-		
169	23	O	15.25	A	-		
169	24	O	15.25	T	-		
169	25	O	15.25	C	-		
169	26	O	15.25	A	-		
169	27	O	15.25	T	-		
169	28	O	15.25	T	-		
169	29	O	15.25	C	-		
169	30	O	15.25	T	-		
169	31	O	15.25	C	-		
169	32	O	15.25	T	-		
169	33	O	15.25	G	-		
169	34	O	15.25	G	-		
169	35	O	15.25	G	-		
169	36	O	15.25	A	-		
169	37	O	15.25	G	-		
169	38	O	15.25	T	-		
169	39	O	15.25	T	-		
169	40	O	15.25	G	-		
169	41	O	15.25	G	-		
169	42	O	15.25	C	-		
169	43	O	15.25	C	-		
169	44	O	15.25	A	-		
169	45	O	15.25	C	-		
169	46	O	15.25	C	-		
169	47	O	15.25	C	-		
169	48	O	15.25	G	-		
169	49	O	15.25	C	-		
169	50	O	15.25	C	-		
169	51	O	15.25	A	-		
169	52	O	15.25	G	-		
169	53	O	15.25	G	-		
169	54	O	15.25	T	-		
169	55	O	15.25	G	-		
169	56	O	15.25	C	-		
169	57	O	15.25	C	-		
169	58	O	15.25	C	-		
169	59	O	15.25	T	-		
169	60	O	15.25	T	-		
169	61	O	15.25	C	-		
169	62	O	15.25	G	-		
169	63	O	15.25	C	-		
169	64	O	15.25	C	-		
169	65	O	15.25	G	-		
169	66	O	15.25	G	-		
169	67	O	15.25	C	-		
169	68	O	15.25	C	-		
169	69	O	15.25	T	-		
169	70	O	15.25	G	-		
169	71	O	15.25	T	-		
169	72	O	15.25	C	-		
169	73	O	15.25	C	-		
169	74	O	15.25	G	-		
169	75	O	15.25	C	-		
169	76	O	15.25	C	-		
169	77	O	15.25	A	-		
169	78	O	15.25	T	-		
169	79	O	15.25	C	-		
169	80	O	15.25	G	-		
169	81	O	15.25	A	-		
169	82	O	15.25	G	-		
169	83	O	15.25	A	-		
169	84	O	15.25	C	-		
169	85	O	15.25	C	-		
169	86	O	15.25	G	-		
169	87	O	15.25	G	-		
169	88	O	15.25	C	-		
169	89	O	15.25	A	-		
169	90	O	15.25	T	-		
169	91	O	15.25	G	-		
169	92	O	15.25	A	-		
169	93	O	15.25	A	-		
169	94	O	15.25	A	-		
169	95	O	15.25	G	-		
169	96	O	15.25	T	-		
169	97	O	15.25	G	-		
169	98	O	15.25	G	-		
169	99	O	15.25	C	-		
169	100	O	15.25	C	-		
169	101	O	15.25	C	-		
169	102	O	15.25	T	-		
169	103	O	15.25	G	-		
169	104	O	15.25	G	-		
169	105	O	15.25	A	-		
169	106	O	15.25	G	-		
169	107	O	15.25	G	-		
169	108	O	15.25	A	-		
169	109	O	15.25	T	-		
170	0	O	11.09	G	-		
170	1	O	11.09	G	-		
170	2	O	11.09	G	-		
170	3	O	11.09	A	-		
170	4	O	11.09	A	-		
170	5	O	11.09	G	-		
170	6	O	11.09	A	-		
170	7	O	11.09	A	-		
170	8	O	11.09	A	-		
170	9	O	11.09	A	-		
170	10	O	11.09	A	-		
170	11	O	11.09	G	-		
170	12	O	11.09	C	-		
170	13	O	11.09	A	-		
170	14	O	11.09	A	-		
170	15	O	11.09	G	-		
170	16	O	11.09	C	-		
170	17	O	11.09	A	-		
170	18	O	11.09	G	-		
170	19	O	11.09	G	-		
170	20	O	11.09	A	-		
170	21	O	11.09	G	-		
170	22	O	11.09	G	-		
170	23	O	11.09	G	-		
170	24	O	11.09	A	-		
170	25	O	11.09	G	-		
170	26	O	11.09	C	-		
170	27	O	11.09	G	-		
170	28	O	11.09	A	-		
170	29	O	11.09	A	-		
170	30	O	11.09	G	-		
170	31	O	11.09	A	-		
170	32	O	11.09	C	-		
170	33	O	11.09	G	-		
170	34	O	11.09	A	-		
170	35	O	11.09	T	-		
170	36	O	11.09	G	-		
170	37	O	11.09	A	-		
170	38	O	11.09	C	-		
170	39	O	11.09	G	-		
170	40	O	11.09	G	-		
170	41	O	11.09	G	-		
170	42	O	11.09	A	-		
170	43	O	11.09	A	-		
170	44	O	11.09	G	-		
170	45	O	11.09	G	-		
170	46	O	11.09	C	-		
170	47	O	11.09	A	-		
170	48	O	11.09	A	-		
170	49	O	11.09	C	-		
170	50	O	11.09	G	-		
170	51	O	11.09	C	-		
170	52	O	11.09	G	-		
170	53	O	11.09	C	-		
170	54	O	11.09	A	-		
170	55	O	11.09	G	-		
170	56	O	11.09	A	-		
170	57	O	11.09	T	-		
170	58	O	11.09	G	-		
170	59	O	11.09	C	-		
170	60	O	11.09	A	-		
170	61	O	11.09	T	-		
170	62	O	11.09	G	-		
170	63	O	11.09	T	-		
170	64	O	11.09	G	-		
170	65	O	11.09	C	-		
170	66	O	11.09	T	-		
170	67	O	11.09	G	-		
170	68	O	11.09	T	-		
170	69	O	11.09	G	-		
170	70	O	11.09	A	-		
170	71	O	11.09	C	-		
170	72	O	11.09	A	-		
170	73	O	11.09	G	-		
170	74	O	11.09	C	-		
170	75	O	11.09	C	-		
170	76	O	11.09	G	-		
170	77	O	11.09	C	-		
170	78	O	11.09	G	-		
170	79	O	11.09	T	-		
170	80	O	11.09	A	-		
170	81	O	11.09	C	-		
170	82	O	11.09	G	-		
170	83	O	11.09	G	-		
170	84	O	11.09	G	-		
170	85	O	11.09	T	-		
170	86	O	11.09	G	-		
170	87	O	11.09	C	-		
170	88	O	11.09	C	-		
170	89	O	11.09	G	-		
170	90	O	11.09	A	-		
170	91	O	11.09	A	-		
170	92	O	11.09	A	-		
170	93	O	11.09	G	-		
170	94	O	11.09	A	-		
170	95	O	11.09	C	-		
170	96	O	11.09	T	-		
170	97	O	11.09	T	-		
170	98	O	11.09	G	-		
170	99	O	11.09	G	-		
170	100	O	11.09	A	-		
170	101	O	11.09	T	-		
170	102	O	11.09	A	-		
170	103	U	2.86	A	G		
170	104	O	11.09	A	-		
170	105	O	11.09	T	-		
170	106	O	11.09	T	-		
170	107	O	11.09	T	-		
170	108	O	11.09	C	-		
170	109	O	11.09	G	-		
171	0	O	5.55	A	-		
171	1	O	5.55	T	-		
171	2	O	5.55	C	-		
171	3	O	5.55	C	-		
171	4	O	5.55	T	-		
171	5	O	5.55	G	-		
171	6	O	5.55	G	-		
171	7	O	5.55	A	-		
171	8	O	5.55	C	-		
171	9	O	5.55	A	-		
171	10	O	5.55	A	-		
171	11	O	5.55	T	-		
171	12	O	5.55	A	-		
171	13	O	5.55	G	-		
171	14	O	5.55	A	-		
171	15	O	5.55	T	-		
171	16	O	5.55	G	-		
171	17	O	5.55	G	-		
171	18	O	5.55	A	-		
171	19	O	5.55	C	-		
171	20	O	5.55	C	-		
171	21	O	5.55	T	-		
171	22	O	5.55	T	-		
171	23	O	5.55	G	-		
171	24	O	5.55	G	-		
171	25	O	5.55	T	-		
171	26	O	5.55	C	-		
171	27	O	5.55	C	-		
171	28	O	5.55	A	-		
171	29	O	5.55	A	-		
171	30	O	5.55	G	-		
171	31	O	5.55	A	-		
171	32	O	5.55	A	-		
171	33	O	5.55	A	-		
171	34	O	5.55	A	-		
171	35	O	5.55	G	-		
171	36	O	5.55	T	-		
171	37	O	5.55	T	-		
171	38	O	5.55	T	-		
171	39	O	5.55	A	-		
171	40	O	5.55	A	-		
171	41	O	5.55	A	-		
171	42	O	5.55	A	-		
171	43	O	5.55	G	-		
171	44	O	5.55	G	-		
171	45	O	5.55	C	-		
171	46	O	5.55	C	-		
171	47	O	5.55	A	-		
171	48	O	5.55	A	-		
171	49	O	5.55	G	-		
171	50	O	5.55	C	-		
171	51	O	5.55	G	-		
171	52	O	5.55	T	-		
171	53	O	5.55	A	-		
171	54	O	5.55	G	-		
171	55	O	5.55	A	-		
171	56	O	5.55	T	-		
171	57	O	5.55	G	-		
171	58	O	5.55	A	-		
171	59	O	5.55	G	-		
171	60	O	5.55	A	-		
171	61	O	5.55	T	-		
171	62	O	5.55	A	-		
171	63	O	5.55	G	-		
171	64	O	5.55	A	-		
171	65	O	5.55	T	-		
171	66	O	5.55	G	-		
171	67	O	5.55	A	-		
171	68	O	5.55	G	-		
171	69	O	5.55	G	-		
171	70	O	5.55	A	-		
171	71	O	5.55	G	-		
171	72	O	5.55	A	-		
171	73	O	5.55	G	-		
171	74	O	5.55	A	-		
171	75	O	5.55	T	-		
171	76	O	5.55	A	-		
171	77	O	5.55	T	-		
171	78	O	5.55	T	-		
171	79	O	5.55	A	-		
171	80	O	5.55	C	-		
171	81	O	5.55	G	-		
171	82	O	5.55	A	-		
171	83	O	5.55	T	-		
171	84	O	5.55	A	-		
171	85	O	5.55	A	-		
171	86	O	5.55	T	-		
171	87	O	5.55	G	-		
171	88	O	5.55	A	-		
171	89	O	5.55	T	-		
171	90	O	5.55	A	-		
171	91	O	5.55	A	-		
171	92	O	5.55	T	-		
171	93	O	5.55	G	-		
171	94	O	5.55	A	-		
171	95	O	5.55	T	-		
171	96	O	5.55	G	-		
171	97	O	5.55	A	-		
171	98	O	5.55	G	-		
171	99	O	5.55	A	-		
171	100	O	5.55	C	-		
171	101	O	5.55	G	-		
171	102	O	5.55	G	-		
171	103	O	5.55	C	-		
171	104	O	5.55	A	-		
171	105	O	5.55	G	-		
171	106	O	5.55	C	-		
171	107	O	5.55	T	-		
171	108	O	5.55	G	-		
171	109	O	5.55	G	-		
172	0	O	5.55	C	-		
172	1	O	5.55	G	-		
172	2	O	5.55	G	-		
172	3	O	5.55	C	-		
172	4	O	5.55	C	-		
172	5	O	5.55	G	-		
172	6	O	5.55	T	-		
172	7	O	5.55	C	-		
172	8	O	5.55	C	-		
172	9	O	5.55	T	-		
172	10	O	5.55	G	-		
172	11	O	5.55	G	-		
172	12	O	5.55	C	-		
172	13	O	5.55	C	-		
172	14	O	5.55	G	-		
172	15	O	5.55	G	-		
172	16	O	5.55	C	-		
172	17	O	5.55	G	-		
172	18	O	5.55	A	-		
172	19	O	5.55	G	-		
172	20	O	5.55	C	-		
172	21	O	5.55	A	-		
172	22	O	5.55	G	-		
172	23	O	5.55	G	-		
172	24	O	5.55	C	-		
172	25	O	5.55	G	-		
172	26	O	5.55	G	-		
172	27	O	5.55	A	-		
172	28	O	5.55	C	-		
172	29	O	5.55	G	-		
172	30	O	5.55	C	-		
172	31	O	5.55	C	-		
172	32	O	5.55	A	-		
172	33	O	5.55	T	-		
172	34	O	5.55	C	-		
172	35	O	5.55	C	-		
172	36	O	5.55	T	-		
172	37	O	5.55	T	-		
172	38	O	5.55	G	-		
172	39	O	5.55	A	-		
172	40	O	5.55	G	-		
172	41	O	5.55	C	-		
172	42	O	5.55	C	-		
172	43	O	5.55	A	-		
172	44	O	5.55	G	-		
172	45	O	5.55	T	-		
172	46	O	5.55	C	-		
172	47	O	5.55	G	-		
172	48	O	5.55	A	-		
172	49	O	5.55	T	-		
172	50	O	5.55	C	-		
172	51	O	5.55	T	-		
172	52	O	5.55	G	-		
172	53	O	5.55	G	-		
172	54	O	5.55	A	-		
172	55	O	5.55	C	-		
172	56	O	5.55	G	-		
172	57	O	5.55	A	-		
172	58	O	5.55	T	-		
172	59	O	5.55	G	-		
172	60	O	5.55	G	-		
172	61	O	5.55	T	-		
172	62	O	5.55	G	-		
172	63	O	5.55	T	-		
172	64	O	5.55	T	-		
172	65	O	5.55	C	-		
172	66	O	5.55	T	-		
172	67	O	5.55	G	-		
172	68	O	5.55	C	-		
172	69	O	5.55	T	-		
172	70	O	5.55	T	-		
172	71	O	5.55	G	-		
172	72	O	5.55	A	-		
172	73	O	5.55	G	-		
172	74	O	5.55	C	-		
172	75	O	5.55	G	-		
172	76	O	5.55	G	-		
172	77	O	5.55	G	-		
172	78	O	5.55	T	-		
172	79	O	5.55	T	-		
172	80	O	5.55	G	-		
172	81	O	5.55	G	-		
172	82	O	5.55	C	-		
172	83	O	5.55	G	-		
172	84	O	5.55	G	-		
172	85	O	5.55	C	-		
172	86	O	5.55	C	-		
172	87	O	5.55	A	-		
172	88	O	5.55	G	-		
172	89	O	5.55	C	-		
172	90	O	5.55	G	-		
172	91	O	5.55	T	-		
172	92	O	5.55	G	-		
172	93	O	5.55	C	-		
172	94	O	5.55	A	-		
172	95	O	5.55	G	-		
172	96	O	5.55	C	-		
172	97	O	5.55	G	-		
172	98	O	5.55	C	-		
172	99	O	5.55	A	-		
172	100	O	5.55	G	-		
172	101	O	5.55	A	-		
172	102	O	5.55	C	-		
172	103	O	5.55	G	-		
172	104	O	5.55	G	-		
172	105	O	5.55	A	-		
172	106	O	5.55	T	-		
172	107	O	5.55	G	-		
172	108	O	5.55	T	-		
172	109	O	5.55	C	-		
173	0	O	6.93	T	-		
173	1	O	6.93	A	-		
173	2	O	6.93	G	-		
173	3	O	6.93	C	-		
173	4	O	6.93	C	-		
173	5	O	6.93	G	-		
173	6	O	6.93	A	-		
173	7	O	6.93	T	-		
173	8	O	6.93	G	-		
173	9	O	6.93	A	-		
173	10	O	6.93	T	-		
173	11	O	6.93	G	-		
173	12	O	6.93	G	-		
173	13	O	6.93	G	-		
173	14	O	6.93	C	-		
173	15	O	6.93	T	-		
173	16	O	6.93	C	-		
173	17	O	6.93	T	-		
173	18	O	6.93	G	-		
173	19	O	6.93	C	-		
173	20	O	6.93	G	-		
173	21	O	6.93	A	-		
173	22	O	6.93	C	-		
173	23	O	6.93	T	-		
173	24	O	6.93	T	-		
173	25	O	6.93	C	-		
173	26	O	6.93	G	-		
173	27	O	6.93	C	-		
173	28	O	6.93	G	-		
173	29	O	6.93	C	-		
173	30	O	6.93	T	-		
173	31	O	6.93	G	-		
173	32	O	6.93	G	-		
173	33	O	6.93	C	-		
173	34	O	6.93	G	-		
173	35	O	6.93	C	-		
173	36	O	6.93	T	-		
173	37	O	6.93	C	-		
173	38	O	6.93	G	-		
173	39	O	6.93	C	-		
173	40	O	6.93	G	-		
173	41	O	6.93	C	-		
173	42	O	6.93	A	-		
173	43	O	6.93	G	-		
173	44	O	6.93	A	-		
173	45	O	6.93	G	-		
173	46	O	6.93	G	-		
173	47	O	6.93	C	-		
173	48	O	6.93	T	-		
173	49	O	6.93	T	-		
173	50	O	6.93	G	-		
173	51	O	6.93	C	-		
173	52	O	6.93	G	-		
173	53	O	6.93	G	-		
173	54	O	6.93	G	-		
173	55	O	6.93	T	-		
173	56	O	6.93	C	-		
173	57	O	6.93	T	-		
173	58	O	6.93	C	-		
173	59	O	6.93	A	-		
173	60	O	6.93	T	-		
173	61	O	6.93	G	-		
173	62	O	6.93	C	-		
173	63	O	6.93	A	-		
173	64	O	6.93	C	-		
173	65	O	6.93	A	-		
173	66	O	6.93	G	-		
173	67	O	6.93	A	-		
173	68	O	6.93	G	-		
173	69	O	6.93	T	-		
173	70	O	6.93	C	-		
173	71	O	6.93	G	-		
173	72	O	6.93	T	-		
173	73	O	6.93	G	-		
173	74	O	6.93	G	-		
173	75	O	6.93	A	-		
173	76	O	6.93	T	-		
173	77	O	6.93	G	-		
173	78	O	6.93	T	-		
173	79	O	6.93	T	-		
173	80	O	6.93	C	-		
173	81	O	6.93	T	-		
173	82	O	6.93	T	-		
173	83	O	6.93	C	-		
173	84	O	6.93	T	-		
173	85	O	6.93	C	-		
173	86	O	6.93	G	-		
173	87	O	6.93	G	-		
173	88	O	6.93	G	-		
173	89	O	6.93	C	-		
173	90	O	6.93	G	-		
173	91	O	6.93	C	-		
173	92	O	6.93	C	-		
173	93	O	6.93	C	-		
173	94	O	6.93	A	-		
173	95	O	6.93	G	-		
173	96	O	6.93	C	-		
173	97	O	6.93	A	-		
173	98	O	6.93	C	-		
173	99	O	6.93	A	-		
173	100	O	6.93	G	-		
173	101	O	6.93	C	-		
173	102	O	6.93	A	-		
173	103	O	6.93	G	-		
173	104	O	6.93	C	-		
173	105	O	6.93	G	-		
173	106	O	6.93	T	-		
173	107	O	6.93	G	-		
173	108	O	6.93	T	-		
173	109	O	6.93	C	-		
174	0	O	9.70	G	-		
174	1	O	9.70	C	-		
174	2	O	9.70	T	-		
174	3	O	9.70	T	-		
174	4	O	9.70	G	-		
174	5	O	9.70	C	-		
174	6	O	9.70	C	-		
174	7	O	9.70	T	-		
174	8	O	9.70	G	-		
174	9	O	9.70	A	-		
174	10	O	9.70	G	-		
174	11	O	9.70	T	-		
174	12	O	9.70	A	-		
174	13	O	9.70	G	-		
174	14	O	9.70	G	-		
174	15	O	9.70	G	-		
174	16	O	9.70	G	-		
174	17	O	9.70	A	-		
174	18	O	9.70	A	-		
174	19	O	9.70	C	-		
174	20	O	9.70	G	-		
174	21	O	9.70	A	-		
174	22	O	9.70	A	-		
174	23	O	9.70	G	-		
174	24	O	9.70	T	-		
174	25	O	9.70	C	-		
174	26	O	9.70	A	-		
174	27	O	9.70	T	-		
174	28	O	9.70	C	-		
174	29	O	9.70	C	-		
174	30	O	9.70	T	-		
174	31	O	9.70	C	-		
174	32	O	9.70	C	-		
174	33	O	9.70	G	-		
174	34	O	9.70	G	-		
174	35	O	9.70	G	-		
174	36	O	9.70	A	-		
174	37	O	9.70	C	-		
174	38	O	9.70	C	-		
174	39	O	9.70	G	-		
174	40	O	9.70	C	-		
174	41	O	9.70	A	-		
174	42	O	9.70	T	-		
174	43	O	9.70	C	-		
174	44	O	9.70	A	-		
174	45	O	9.70	T	-		
174	46	O	9.70	T	-		
174	47	O	9.70	G	-		
174	48	O	9.70	A	-		
174	49	O	9.70	T	-		
174	50	O	9.70	C	-		
174	51	O	9.70	A	-		
174	52	O	9.70	T	-		
174	53	O	9.70	T	-		
174	54	O	9.70	G	-		
174	55	O	9.70	T	-		
174	56	O	9.70	G	-		
174	57	O	9.70	A	-		
174	58	O	9.70	G	-		
174	59	O	9.70	T	-		
174	60	O	9.70	A	-		
174	61	O	9.70	G	-		
174	62	O	9.70	C	-		
174	63	O	9.70	T	-		
174	64	O	9.70	T	-		
174	65	O	9.70	G	-		
174	66	O	9.70	T	-		
174	67	O	9.70	G	-		
174	68	O	9.70	A	-		
174	69	O	9.70	G	-		
174	70	O	9.70	C	-		
174	71	O	9.70	T	-		
174	72	O	9.70	G	-		
174	73	O	9.70	T	-		
174	74	O	9.70	C	-		
174	75	O	9.70	T	-		
174	76	O	9.70	T	-		
174	77	O	9.70	G	-		
174	78	O	9.70	A	-		
174	79	O	9.70	G	-		
174	80	O	9.70	T	-		
174	81	O	9.70	T	-		
174	82	O	9.70	G	-		
174	83	O	9.70	C	-		
174	84	O	9.70	A	-		
174	85	O	9.70	A	-		
174	86	O	9.70	C	-		
174	87	O	9.70	T	-		
174	88	O	9.70	G	-		
174	89	O	9.70	T	-		
174	90	O	9.70	G	-		
174	91	O	9.70	G	-		
174	92	O	9.70	G	-		
174	93	O	9.70	C	-		
174	94	O	9.70	T	-		
174	95	O	9.70	T	-		
174	96	O	9.70	G	-		
174	97	O	9.70	C	-		
174	98	O	9.70	G	-		
174	99	O	9.70	G	-		
174	100	O	9.70	G	-		
174	101	O	9.70	T	-		
174	102	O	9.70	T	-		
174	103	O	9.70	G	-		
174	104	O	9.70	T	-		
174	105	O	9.70	A	-		
174	106	O	9.70	C	-		
174	107	O	9.70	G	-		
174	108	O	9.70	C	-		
174	109	O	9.70	G	-		
175	0	O	9.70	A	-		
175	1	O	9.70	C	-		
175	2	O	9.70	A	-		
175	3	O	9.70	A	-		
175	4	O	9.70	G	-		
175	5	O	9.70	A	-		
175	6	O	9.70	A	-		
175	7	O	9.70	G	-		
175	8	O	9.70	A	-		
175	9	O	9.70	A	-		
175	10	O	9.70	G	-		
175	11	O	9.70	C	-		
175	12	O	9.70	G	-		
175	13	O	9.70	G	-		
175	14	O	9.70	C	-		
175	15	O	9.70	T	-		
175	16	O	9.70	G	-		
175	17	O	9.70	A	-		
175	18	O	9.70	T	-		
175	19	O	9.70	T	-		
175	20	O	9.70	G	-		
175	21	O	9.70	T	-		
175	22	O	9.70	G	-		
175	23	O	9.70	G	-		
175	24	O	9.70	A	-		
175	25	O	9.70	G	-		
175	26	O	9.70	T	-		
175	27	O	9.70	T	-		
175	28	O	9.70	T	-		
175	29	O	9.70	G	-		
175	30	O	9.70	C	-		
175	31	O	9.70	G	-		
175	32	O	9.70	A	-		
175	33	O	9.70	T	-		
175	34	O	9.70	C	-		
175	35	O	9.70	G	-		
175	36	O	9.70	A	-		
175	37	O	9.70	G	-		
175	38	O	9.70	A	-		
175	39	O	9.70	A	-		
175	40	O	9.70	C	-		
175	41	O	9.70	G	-		
175	42	O	9.70	C	-		
175	43	O	9.70	G	-		
175	44	O	9.70	C	-		
175	45	O	9.70	A	-		
175	46	O	9.70	G	-		
175	47	O	9.70	G	-		
175	48	O	9.70	T	-		
175	49	O	9.70	C	-		
175	50	O	9.70	G	-		
175	51	O	9.70	T	-		
175	52	O	9.70	G	-		
175	53	O	9.70	C	-		
175	54	O	9.70	A	-		
175	55	O	9.70	C	-		
175	56	O	9.70	A	-		
175	57	O	9.70	G	-		
175	58	O	9.70	G	-		
175	59	O	9.70	C	-		
175	60	O	9.70	G	-		
175	61	O	9.70	G	-		
175	62	O	9.70	C	-		
175	63	O	9.70	A	-		
175	64	O	9.70	G	-		
175	65	O	9.70	G	-		
175	66	O	9.70	A	-		
175	67	O	9.70	C	-		
175	68	O	9.70	C	-		
175	69	O	9.70	G	-		
175	70	O	9.70	T	-		
175	71	O	9.70	G	-		
175	72	O	9.70	A	-		
175	73	O	9.70	G	-		
175	74	O	9.70	C	-		
175	75	O	9.70	A	-		
175	76	O	9.70	G	-		
175	77	O	9.70	A	-		
175	78	O	9.70	A	-		
175	79	O	9.70	G	-		
175	80	O	9.70	G	-		
175	81	O	9.70	C	-		
175	82	O	9.70	C	-		
175	83	O	9.70	C	-		
175	84	O	9.70	G	-		
175	85	O	9.70	T	-		
175	86	O	9.70	G	-		
175	87	O	9.70	A	-		
175	88	O	9.70	G	-		
175	89	O	9.70	C	-		
175	90	O	9.70	G	-		
175	91	O	9.70	C	-		
175	92	O	9.70	A	-		
175	93	O	9.70	G	-		
175	94	O	9.70	C	-		
175	95	O	9.70	A	-		
175	96	O	9.70	A	-		
175	97	O	9.70	G	-		
175	98	O	9.70	G	-		
175	99	O	9.70	C	-		
175	100	O	9.70	T	-		
175	101	O	9.70	G	-		
175	102	O	9.70	T	-		
175	103	O	9.70	G	-		
175	104	O	9.70	C	-		
175	105	O	9.70	A	-		
175	106	O	9.70	A	-		
175	107	O	9.70	C	-		
175	108	O	9.70	A	-		
175	109	O	9.70	G	-		
176	0	O	5.55	G	-		
176	1	O	5.55	T	-		
176	2	O	5.55	C	-		
176	3	O	5.55	G	-		
176	4	O	5.55	C	-		
176	5	O	5.55	C	-		
176	6	O	5.55	C	-		
176	7	O	5.55	A	-		
176	8	O	5.55	A	-		
176	9	O	5.55	G	-		
176	10	O	5.55	G	-		
176	11	O	5.55	A	-		
176	12	O	5.55	A	-		
176	13	O	5.55	A	-		
176	14	O	5.55	G	-		
176	15	O	5.55	C	-		
176	16	O	5.55	G	-		
176	17	O	5.55	A	-		
176	18	O	5.55	A	-		
176	19	O	5.55	C	-		
176	20	O	5.55	A	-		
176	21	O	5.55	A	-		
176	22	O	5.55	A	-		
176	23	O	5.55	A	-		
176	24	O	5.55	C	-		
176	25	O	5.55	T	-		
176	26	O	5.55	G	-		
176	27	O	5.55	C	-		
176	28	O	5.55	T	-		
176	29	O	5.55	A	-		
176	30	O	5.55	C	-		
176	31	O	5.55	C	-		
176	32	O	5.55	C	-		
176	33	O	5.55	G	-		
176	34	O	5.55	T	-		
176	35	O	5.55	C	-		
176	36	O	5.55	G	-		
176	37	O	5.55	G	-		
176	38	O	5.55	C	-		
176	39	O	5.55	C	-		
176	40	O	5.55	G	-		
176	41	O	5.55	A	-		
176	42	O	5.55	C	-		
176	43	O	5.55	C	-		
176	44	O	5.55	A	-		
176	45	O	5.55	A	-		
176	46	O	5.55	A	-		
176	47	O	5.55	G	-		
176	48	O	5.55	T	-		
176	49	O	5.55	A	-		
176	50	O	5.55	T	-		
176	51	O	5.55	T	-		
176	52	O	5.55	A	-		
176	53	O	5.55	G	-		
176	54	O	5.55	A	-		
176	55	O	5.55	G	-		
176	56	O	5.55	C	-		
176	57	O	5.55	C	-		
176	58	O	5.55	A	-		
176	59	O	5.55	T	-		
176	60	O	5.55	A	-		
176	61	O	5.55	A	-		
176	62	O	5.55	G	-		
176	63	O	5.55	C	-		
176	64	O	5.55	A	-		
176	65	O	5.55	G	-		
176	66	O	5.55	C	-		
176	67	O	5.55	A	-		
176	68	O	5.55	G	-		
176	69	O	5.55	A	-		
176	70	O	5.55	C	-		
176	71	O	5.55	A	-		
176	72	O	5.55	C	-		
176	73	O	5.55	A	-		
176	74	O	5.55	A	-		
176	75	O	5.55	A	-		
176	76	O	5.55	C	-		
176	77	O	5.55	T	-		
176	78	O	5.55	C	-		
176	79	O	5.55	G	-		
176	80	O	5.55	A	-		
176	81	O	5.55	G	-		
176	82	O	5.55	T	-		
176	83	O	5.55	T	-		
176	84	O	5.55	C	-		
176	85	O	5.55	G	-		
176	86	O	5.55	T	-		
176	87	O	5.55	C	-		
176	88	O	5.55	A	-		
176	89	O	5.55	G	-		
176	90	O	5.55	C	-		
176	91	O	5.55	C	-		
176	92	O	5.55	G	-		
176	93	O	5.55	C	-		
176	94	O	5.55	T	-		
176	95	O	5.55	C	-		
176	96	O	5.55	A	-		
176	97	O	5.55	G	-		
176	98	O	5.55	C	-		
176	99	O	5.55	A	-		
176	100	O	5.55	C	-		
176	101	O	5.55	T	-		
176	102	O	5.55	C	-		
176	103	O	5.55	T	-		
176	104	O	5.55	T	-		
176	105	O	5.55	C	-		
176	106	O	5.55	T	-		
176	107	O	5.55	C	-		
176	108	O	5.55	G	-		
176	109	O	5.55	G	-		
177	0	O	6.93	A	-		
177	1	O	6.93	A	-		
177	2	O	6.93	A	-		
177	3	O	6.93	G	-		
177	4	O	6.93	G	-		
177	5	O	6.93	C	-		
177	6	O	6.93	G	-		
177	7	O	6.93	T	-		
177	8	O	6.93	C	-		
177	9	O	6.93	A	-		
177	10	O	6.93	A	-		
177	11	O	6.93	A	-		
177	12	O	6.93	C	-		
177	13	O	6.93	T	-		
177	14	O	6.93	A	-		
177	15	O	6.93	C	-		
177	16	O	6.93	G	-		
177	17	O	6.93	G	-		
177	18	O	6.93	G	-		
177	19	O	6.93	C	-		
177	20	O	6.93	C	-		
177	21	O	6.93	A	-		
177	22	O	6.93	T	-		
177	23	O	6.93	A	-		
177	24	O	6.93	G	-		
177	25	O	6.93	T	-		
177	26	O	6.93	A	-		
177	27	O	6.93	C	-		
177	28	O	6.93	C	-		
177	29	O	6.93	A	-		
177	30	O	6.93	C	-		
177	31	O	6.93	G	-		
177	32	O	6.93	A	-		
177	33	O	6.93	G	-		
177	34	O	6.93	A	-		
177	35	O	6.93	A	-		
177	36	O	6.93	C	-		
177	37	O	6.93	A	-		
177	38	O	6.93	G	-		
177	39	O	6.93	A	-		
177	40	O	6.93	A	-		
177	41	O	6.93	A	-		
177	42	O	6.93	G	-		
177	43	O	6.93	T	-		
177	44	O	6.93	G	-		
177	45	O	6.93	C	-		
177	46	O	6.93	G	-		
177	47	O	6.93	C	-		
177	48	O	6.93	A	-		
177	49	O	6.93	T	-		
177	50	O	6.93	T	-		
177	51	O	6.93	G	-		
177	52	O	6.93	A	-		
177	53	O	6.93	C	-		
177	54	O	6.93	C	-		
177	55	O	6.93	A	-		
177	56	O	6.93	A	-		
177	57	O	6.93	T	-		
177	58	O	6.93	C	-		
177	59	O	6.93	G	-		
177	60	O	6.93	A	-		
177	61	O	6.93	G	-		
177	62	O	6.93	G	-		
177	63	O	6.93	A	-		
177	64	O	6.93	A	-		
177	65	O	6.93	A	-		
177	66	O	6.93	C	-		
177	67	O	6.93	G	-		
177	68	O	6.93	T	-		
177	69	O	6.93	C	-		
177	70	O	6.93	T	-		
177	71	O	6.93	G	-		
177	72	O	6.93	T	-		
177	73	O	6.93	T	-		
177	74	O	6.93	A	-		
177	75	O	6.93	T	-		
177	76	O	6.93	C	-		
177	77	O	6.93	G	-		
177	78	O	6.93	C	-		
177	79	O	6.93	T	-		
177	80	U	-0.27	T	G		
177	81	O	6.93	G	-		
177	82	O	6.93	G	-		
177	83	O	6.93	A	-		
177	84	O	6.93	G	-		
177	85	O	6.93	T	-		
177	86	O	6.93	A	-		
177	87	O	6.93	C	-		
177	88	O	6.93	C	-		
177	89	O	6.93	A	-		
177	90	O	6.93	C	-		
177	91	O	6.93	C	-		
177	92	O	6.93	C	-		
177	93	O	6.93	A	-		
177	94	O	6.93	C	-		
177	95	O	6.93	A	-		
177	96	O	6.93	T	-		
177	97	O	6.93	G	-		
177	98	O	6.93	A	-		
177	99	O	6.93	G	-		
177	100	O	6.93	G	-		
177	101	O	6.93	A	-		
177	102	O	6.93	C	-		
177	103	O	6.93	G	-		
177	104	O	6.93	A	-		
177	105	O	6.93	A	-		
177	106	O	6.93	A	-		
177	107	O	6.93	G	-		
177	108	O	6.93	A	-		
177	109	O	6.93	G	-		
178	0	O	5.55	A	-		
178	1	O	5.55	T	-		
178	2	O	5.55	T	-		
178	3	O	5.55	A	-		
178	4	O	5.55	T	-		
178	5	O	5.55	T	-		
178	6	O	5.55	G	-		
178	7	O	5.55	C	-		
178	8	O	5.55	T	-		
178	9	O	5.55	C	-		
178	10	O	5.55	C	-		
178	11	O	5.55	G	-		
178	12	O	5.55	G	-		
178	13	O	5.55	A	-		
178	14	O	5.55	T	-		
178	15	O	5.55	T	-		
178	16	O	5.55	T	-		
178	17	O	5.55	T	-		
178	18	O	5.55	G	-		
178	19	O	5.55	G	-		
178	20	O	5.55	T	-		
178	21	O	5.55	C	-		
178	22	O	5.55	A	-		
178	23	O	5.55	A	-		
178	24	O	5.55	A	-		
178	25	O	5.55	T	-		
178	26	O	5.55	G	-		
178	27	O	5.55	A	-		
178	28	O	5.55	C	-		
178	29	O	5.55	A	-		
178	30	O	5.55	A	-		
178	31	O	5.55	C	-		
178	32	O	5.55	G	-		
178	33	O	5.55	A	-		
178	34	O	5.55	T	-		
178	35	O	5.55	G	-		
178	36	O	5.55	A	-		
178	37	O	5.55	A	-		
178	38	O	5.55	T	-		
178	39	O	5.55	T	-		
178	40	O	5.55	T	-		
178	41	O	5.55	G	-		
178	42	O	5.55	A	-		
178	43	O	5.55	G	-		
178	44	O	5.55	T	-		
178	45	O	5.55	A	-		
178	46	O	5.55	T	-		
178	47	O	5.55	C	-		
178	48	O	5.55	A	-		
178	49	O	5.55	T	-		
178	50	O	5.55	G	-		
178	51	O	5.55	C	-		
178	52	O	5.55	T	-		
178	53	O	5.55	C	-		
178	54	O	5.55	A	-		
178	55	O	5.55	A	-		
178	56	O	5.55	A	-		
178	57	O	5.55	T	-		
178	58	O	5.55	T	-		
178	59	O	5.55	C	-		
178	60	O	5.55	C	-		
178	61	O	5.55	A	-		
178	62	O	5.55	T	-		
178	63	O	5.55	T	-		
178	64	O	5.55	T	-		
178	65	O	5.55	T	-		
178	66	O	5.55	T	-		
178	67	O	5.55	G	-		
178	68	O	5.55	G	-		
178	69	O	5.55	T	-		
178	70	O	5.55	T	-		
178	71	O	5.55	A	-		
178	72	O	5.55	T	-		
178	73	O	5.55	C	-		
178	74	O	5.55	A	-		
178	75	O	5.55	C	-		
178	76	O	5.55	A	-		
178	77	O	5.55	G	-		
178	78	O	5.55	A	-		
178	79	O	5.55	T	-		
178	80	O	5.55	A	-		
178	81	O	5.55	A	-		
178	82	O	5.55	A	-		
178	83	O	5.55	T	-		
178	84	O	5.55	C	-		
178	85	O	5.55	C	-		
178	86	O	5.55	C	-		
178	87	O	5.55	T	-		
178	88	O	5.55	A	-		
178	89	O	5.55	T	-		
178	90	O	5.55	G	-		
178	91	O	5.55	C	-		
178	92	O	5.55	C	-		
178	93	O	5.55	C	-		
178	94	O	5.55	T	-		
178	95	O	5.55	T	-		
178	96	O	5.55	T	-		
178	97	O	5.55	C	-		
178	98	O	5.55	T	-		
178	99	O	5.55	G	-		
178	100	O	5.55	G	-		
178	101	O	5.55	T	-		
178	102	O	5.55	C	-		
178	103	O	5.55	T	-		
178	104	O	5.55	C	-		
178	105	O	5.55	G	-		
178	106	O	5.55	C	-		
178	107	O	5.55	T	-		
178	108	O	5.55	T	-		
178	109	O	5.55	C	-		
179	0	O	8.32	A	-		
179	1	O	8.32	C	-		
179	2	O	8.32	A	-		
179	3	O	8.32	T	-		
179	4	O	8.32	G	-		
179	5	O	8.32	A	-		
179	6	O	8.32	T	-		
179	7	O	8.32	C	-		
179	8	O	8.32	A	-		
179	9	O	8.32	A	-		
179	10	O	8.32	G	-		
179	11	O	8.32	A	-		
179	12	O	8.32	G	-		
179	13	O	8.32	G	-		
179	14	O	8.32	G	-		
179	15	O	8.32	G	-		
179	16	O	8.32	T	-		
179	17	O	8.32	C	-		
179	18	O	8.32	T	-		
179	19	O	8.32	G	-		
179	20	O	8.32	C	-		
179	21	O	8.32	A	-		
179	22	O	8.32	G	-		
179	23	O	8.32	G	-		
179	24	O	8.32	C	-		
179	25	O	8.32	A	-		
179	26	O	8.32	T	-		
179	27	O	8.32	T	-		
179	28	O	8.32	T	-		
179	29	O	8.32	G	-		
179	30	O	8.32	A	-		
179	31	O	8.32	G	-		
179	32	O	8.32	A	-		
179	33	O	8.32	G	-		
179	34	O	8.32	G	-		
179	35	O	8.32	G	-		
179	36	O	8.32	G	-		
179	37	O	8.32	A	-		
179	38	O	8.32	A	-		
179	39	O	8.32	A	-		
179	40	O	8.32	G	-		
179	41	O	8.32	A	-		
179	42	O	8.32	C	-		
179	43	O	8.32	A	-		
179	44	O	8.32	G	-		
179	45	O	8.32	A	-		
179	46	U	0.71	G	T		
179	47	O	8.32	G	-		
179	48	O	8.32	A	-		
179	49	O	8.32	C	-		
179	50	O	8.32	C	-		
179	51	O	8.32	G	-		
179	52	O	8.32	C	-		
179	53	O	8.32	C	-		
179	54	O	8.32	T	-		
179	55	O	8.32	G	-		
179	56	O	8.32	G	-		
179	57	O	8.32	C	-		
179	58	O	8.32	C	-		
179	59	O	8.32	T	-		
179	60	O	8.32	T	-		
179	61	O	8.32	G	-		
179	62	O	8.32	C	-		
179	63	O	8.32	T	-		
179	64	O	8.32	C	-		
179	65	O	8.32	A	-		
179	66	O	8.32	C	-		
179	67	O	8.32	A	-		
179	68	O	8.32	T	-		
179	69	O	8.32	G	-		
179	70	O	8.32	C	-		
179	71	O	8.32	T	-		
179	72	O	8.32	T	-		
179	73	O	8.32	G	-		
179	74	O	8.32	G	-		
179	75	O	8.32	T	-		
179	76	O	8.32	C	-		
179	77	O	8.32	T	-		
179	78	O	8.32	G	-		
179	79	O	8.32	G	-		
179	80	O	8.32	C	-		
179	81	O	8.32	T	-		
179	82	O	8.32	G	-		
179	83	O	8.32	C	-		
179	84	O	8.32	A	-		
179	85	O	8.32	G	-		
179	86	O	8.32	C	-		
179	87	O	8.32	T	-		
179	88	O	8.32	T	-		
179	89	O	8.32	T	-		
179	90	O	8.32	G	-		
179	91	O	8.32	G	-		
179	92	O	8.32	A	-		
179	93	O	8.32	G	-		
179	94	O	8.32	G	-		
179	95	O	8.32	A	-		
179	96	O	8.32	G	-		
179	97	O	8.32	C	-		
179	98	O	8.32	A	-		
179	99	O	8.32	G	-		
179	100	O	8.32	A	-		
179	101	O	8.32	C	-		
179	102	O	8.32	A	-		
179	103	O	8.32	C	-		
179	104	O	8.32	A	-		
179	105	O	8.32	C	-		
179	106	O	8.32	A	-		
179	107	O	8.32	C	-		
179	108	O	8.32	G	-		
179	109	O	8.32	C	-		
180	0	O	13.86	T	-		
180	1	O	13.86	G	-		
180	2	O	13.86	C	-		
180	3	O	13.86	G	-		
180	4	O	13.86	A	-		
180	5	O	13.86	A	-		
180	6	O	13.86	G	-		
180	7	O	13.86	A	-		
180	8	O	13.86	A	-		
180	9	O	13.86	A	-		
180	10	O	13.86	A	-		
180	11	O	13.86	A	-		
180	12	O	13.86	A	-		
180	13	O	13.86	C	-		
180	14	O	13.86	A	-		
180	15	O	13.86	G	-		
180	16	O	13.86	T	-		
180	17	O	13.86	T	-		
180	18	O	13.86	A	-		
180	19	O	13.86	C	-		
180	20	O	13.86	A	-		
180	21	O	13.86	T	-		
180	22	O	13.86	G	-		
180	23	O	13.86	T	-		
180	24	O	13.86	T	-		
180	25	O	5.16	G	-		
180	26	O	13.86	A	-		
180	27	O	13.86	T	-		
180	28	O	13.86	A	-		
180	29	O	13.86	A	-		
180	30	O	13.86	G	-		
180	31	O	13.86	C	-		
180	32	O	13.86	C	-		
180	33	O	13.86	G	-		
180	34	O	13.86	G	-		
180	35	O	13.86	A	-		
180	36	O	13.86	T	-		
180	37	O	13.86	G	-		
180	38	O	13.86	A	-		
180	39	O	13.86	T	-		
180	40	O	13.86	G	-		
180	41	O	13.86	A	-		
180	42	O	13.86	A	-		
180	43	O	13.86	G	-		
180	44	O	13.86	C	-		
180	45	O	13.86	G	-		
180	46	O	13.86	G	-		
180	47	O	13.86	T	-		
180	48	O	13.86	A	-		
180	49	O	13.86	G	-		
180	50	O	13.86	T	-		
180	51	O	13.86	T	-		
180	52	O	13.86	G	-		
180	53	O	13.86	A	-		
180	54	O	13.86	T	-		
180	55	O	13.86	G	-		
180	56	O	13.86	G	-		
180	57	O	13.86	C	-		
180	58	O	13.86	T	-		
180	59	O	13.86	A	-		
180	60	O	13.86	T	-		
180	61	O	13.86	G	-		
180	62	O	13.86	A	-		
180	63	O	13.86	T	-		
180	64	O	13.86	G	-		
180	65	O	13.86	G	-		
180	66	O	13.86	T	-		
180	67	O	13.86	T	-		
180	68	O	13.86	A	-		
180	69	O	13.86	T	-		
180	70	O	13.86	G	-		
180	71	O	13.86	A	-		
180	72	O	13.86	T	-		
180	73	O	13.86	G	-		
180	74	O	13.86	A	-		
180	75	O	13.86	C	-		
180	76	O	13.86	T	-		
180	77	O	13.86	A	-		
180	78	O	13.86	T	-		
180	79	O	13.86	G	-		
180	80	O	13.86	A	-		
180	81	O	13.86	C	-		
180	82	O	13.86	T	-		
180	83	O	13.86	T	-		
180	84	O	13.86	T	-		
180	85	O	13.86	A	-		
180	86	O	13.86	T	-		
180	87	O	13.86	G	-		
180	88	O	13.86	T	-		
180	89	O	13.86	G	-		
180	90	O	13.86	A	-		
180	91	O	13.86	T	-		
180	92	O	13.86	C	-		
180	93	O	13.86	T	-		
180	94	O	13.86	T	-		
180	95	O	13.86	A	-		
180	96	O	13.86	T	-		
180	97	O	13.86	T	-		
180	98	O	13.86	T	-		
180	99	O	13.86	C	-		
180	100	O	13.86	T	-		
180	101	O	13.86	G	-		
180	102	O	13.86	T	-		
180	103	O	13.86	T	-		
180	104	O	13.86	A	-		
180	105	O	13.86	A	-		
180	106	O	13.86	A	-		
180	107	O	13.86	G	-		
180	108	O	13.86	T	-		
180	109	O	13.86	C	-		
181	0	O	5.55	T	-		
181	1	O	5.55	G	-		
181	2	O	5.55	T	-		
181	3	O	5.55	T	-		
181	4	O	5.55	C	-		
181	5	O	5.55	A	-		
181	6	O	5.55	A	-		
181	7	O	5.55	T	-		
181	8	O	5.55	C	-		
181	9	O	5.55	G	-		
181	10	O	5.55	A	-		
181	11	O	5.55	G	-		
181	12	O	5.55	T	-		
181	13	O	5.55	C	-		
181	14	O	5.55	A	-		
181	15	O	5.55	C	-		
181	16	O	5.55	T	-		
181	17	O	5.55	G	-		
181	18	O	5.55	A	-		
181	19	O	5.55	C	-		
181	20	O	5.55	C	-		
181	21	O	5.55	C	-		
181	22	O	5.55	T	-		
181	23	O	5.55	T	-		
181	24	O	5.55	A	-		
181	25	O	5.55	C	-		
181	26	O	5.55	T	-		
181	27	O	5.55	C	-		
181	28	O	5.55	C	-		
181	29	O	5.55	A	-		
181	30	O	5.55	A	-		
181	31	O	5.55	C	-		
181	32	O	5.55	A	-		
181	33	O	5.55	T	-		
181	34	O	5.55	C	-		
181	35	O	5.55	T	-		
181	36	O	5.55	T	-		
181	37	O	5.55	T	-		
181	38	O	5.55	G	-		
181	39	O	5.55	C	-		
181	40	O	5.55	T	-		
181	41	O	5.55	C	-		
181	42	O	5.55	A	-		
181	43	O	5.55	T	-		
181	44	O	5.55	C	-		
181	45	O	5.55	T	-		
181	46	O	5.55	C	-		
181	47	O	5.55	C	-		
181	48	O	5.55	A	-		
181	49	O	5.55	T	-		
181	50	O	5.55	G	-		
181	51	O	5.55	T	-		
181	52	O	5.55	C	-		
181	53	O	5.55	C	-		
181	54	O	5.55	A	-		
181	55	O	5.55	T	-		
181	56	O	5.55	G	-		
181	57	O	5.55	T	-		
181	58	O	5.55	A	-		
181	59	O	5.55	C	-		
181	60	O	5.55	C	-		
181	61	O	5.55	T	-		
181	62	O	5.55	C	-		
181	63	O	5.55	C	-		
181	64	O	5.55	A	-		
181	65	O	5.55	T	-		
181	66	O	5.55	C	-		
181	67	O	5.55	C	-		
181	68	O	5.55	A	-		
181	69	O	5.55	A	-		
181	70	O	5.55	A	-		
181	71	O	5.55	C	-		
181	72	O	5.55	T	-		
181	73	O	5.55	T	-		
181	74	O	5.55	C	-		
181	75	O	5.55	C	-		
181	76	O	5.55	A	-		
181	77	O	5.55	G	-		
181	78	O	5.55	G	-		
181	79	O	5.55	T	-		
181	80	O	5.55	C	-		
181	81	O	5.55	G	-		
181	82	O	5.55	C	-		
181	83	O	5.55	G	-		
181	84	O	5.55	C	-		
181	85	O	5.55	G	-		
181	86	O	5.55	G	-		
181	87	O	5.55	A	-		
181	88	O	5.55	C	-		
181	89	O	5.55	A	-		
181	90	O	5.55	A	-		
181	91	O	5.55	C	-		
181	92	O	5.55	G	-		
181	93	O	5.55	C	-		
181	94	O	5.55	T	-		
181	95	O	5.55	G	-		
181	96	O	5.55	A	-		
181	97	O	5.55	C	-		
181	98	O	5.55	C	-		
181	99	O	5.55	G	-		
181	100	O	5.55	G	-		
181	101	O	5.55	C	-		
181	102	O	5.55	G	-		
181	103	O	5.55	G	-		
181	104	O	5.55	C	-		
181	105	O	5.55	T	-		
181	106	O	5.55	G	-		
181	107	O	5.55	C	-		
181	108	O	5.55	G	-		
181	109	O	5.55	T	-		
182	0	O	5.55	T	-		
182	1	O	5.55	G	-		
182	2	O	5.55	T	-		
182	3	O	5.55	C	-		
182	4	O	5.55	C	-		
182	5	O	5.55	A	-		
182	6	O	5.55	G	-		
182	7	O	5.55	C	-		
182	8	O	5.55	G	-		
182	9	O	5.55	A	-		
182	10	O	5.55	G	-		
182	11	O	5.55	G	-		
182	12	O	5.55	T	-		
182	13	O	5.55	T	-		
182	14	O	5.55	C	-		
182	15	O	5.55	C	-		
182	16	O	5.55	C	-		
182	17	O	5.55	T	-		
182	18	O	5.55	T	-		
182	19	O	5.55	G	-		
182	20	O	5.55	G	-		
182	21	O	5.55	A	-		
182	22	O	5.55	T	-		
182	23	O	5.55	T	-		
182	24	O	5.55	C	-		
182	25	O	5.55	C	-		
182	26	O	5.55	T	-		
182	27	O	5.55	T	-		
182	28	O	5.55	G	-		
182	29	O	5.55	C	-		
182	30	O	5.55	G	-		
182	31	O	5.55	A	-		
182	32	O	5.55	A	-		
182	33	O	5.55	A	-		
182	34	O	5.55	T	-		
182	35	O	5.55	T	-		
182	36	O	5.55	G	-		
182	37	O	5.55	G	-		
182	38	O	5.55	T	-		
182	39	O	5.55	C	-		
182	40	O	5.55	G	-		
182	41	O	5.55	A	-		
182	42	O	5.55	C	-		
182	43	O	5.55	A	-		
182	44	O	5.55	A	-		
182	45	O	5.55	C	-		
182	46	O	5.55	T	-		
182	47	O	5.55	T	-		
182	48	O	5.55	G	-		
182	49	O	5.55	C	-		
182	50	O	5.55	G	-		
182	51	O	5.55	C	-		
182	52	O	5.55	G	-		
182	53	O	5.55	G	-		
182	54	O	5.55	C	-		
182	55	O	5.55	C	-		
182	56	O	5.55	A	-		
182	57	O	5.55	T	-		
182	58	O	5.55	C	-		
182	59	O	5.55	T	-		
182	60	O	5.55	G	-		
182	61	O	5.55	A	-		
182	62	O	5.55	T	-		
182	63	O	5.55	A	-		
182	64	O	5.55	G	-		
182	65	O	5.55	A	-		
182	66	O	5.55	A	-		
182	67	O	5.55	G	-		
182	68	O	5.55	G	-		
182	69	O	5.55	G	-		
182	70	O	5.55	C	-		
182	71	O	5.55	T	-		
182	72	O	5.55	G	-		
182	73	O	5.55	A	-		
182	74	O	5.55	A	-		
182	75	O	5.55	T	-		
182	76	O	5.55	T	-		
182	77	O	5.55	T	-		
182	78	O	5.55	C	-		
182	79	O	5.55	G	-		
182	80	O	5.55	C	-		
182	81	O	5.55	T	-		
182	82	O	5.55	C	-		
182	83	O	5.55	A	-		
182	84	O	5.55	C	-		
182	85	O	5.55	T	-		
182	86	O	5.55	G	-		
182	87	O	5.55	A	-		
182	88	O	5.55	G	-		
182	89	O	5.55	G	-		
182	90	O	5.55	C	-		
182	91	O	5.55	A	-		
182	92	O	5.55	G	-		
182	93	O	5.55	T	-		
182	94	O	5.55	C	-		
182	95	O	5.55	G	-		
182	96	O	5.55	A	-		
182	97	O	5.55	G	-		
182	98	O	5.55	T	-		
182	99	O	5.55	T	-		
182	100	O	5.55	G	-		
182	101	O	5.55	C	-		
182	102	O	5.55	C	-		
182	103	O	5.55	C	-		
182	104	O	5.55	T	-		
182	105	O	5.55	C	-		
182	106	O	5.55	C	-		
182	107	O	5.55	A	-		
182	108	O	5.55	G	-		
182	109	O	5.55	G	-		
183	0	O	13.86	T	-		
183	1	O	13.86	T	-		
183	2	O	13.86	C	-		
183	3	O	13.86	G	-		
183	4	O	13.86	A	-		
183	5	O	13.86	G	-		
183	6	O	13.86	C	-		
183	7	O	13.86	A	-		
183	8	O	13.86	A	-		
183	9	O	13.86	C	-		
183	10	O	13.86	C	-		
183	11	O	13.86	C	-		
183	12	O	13.86	C	-		
183	13	O	13.86	C	-		
183	14	O	13.86	A	-		
183	15	O	13.86	A	-		
183	16	O	13.86	C	-		
183	17	O	13.86	C	-		
183	18	O	13.86	T	-		
183	19	O	13.86	T	-		
183	20	O	13.86	C	-		
183	21	O	13.86	T	-		
183	22	O	13.86	A	-		
183	23	O	13.86	T	-		
183	24	O	13.86	A	-		
183	25	O	13.86	A	-		
183	26	O	13.86	G	-		
183	27	O	13.86	G	-		
183	28	O	13.86	C	-		
183	29	O	13.86	C	-		
183	30	O	13.86	A	-		
183	31	O	13.86	C	-		
183	32	O	13.86	T	-		
183	33	O	13.86	C	-		
183	34	O	13.86	C	-		
183	35	O	13.86	T	-		
183	36	O	13.86	A	-		
183	37	O	13.86	T	-		
183	38	O	13.86	C	-		
183	39	O	13.86	T	-		
183	40	O	13.86	C	-		
183	41	O	13.86	T	-		
183	42	O	13.86	T	-		
183	43	O	13.86	T	-		
183	44	O	13.86	C	-		
183	45	O	13.86	G	-		
183	46	O	13.86	G	-		
183	47	O	13.86	C	-		
183	48	O	13.86	T	-		
183	49	O	13.86	C	-		
183	50	O	13.86	T	-		
183	51	O	13.86	A	-		
183	52	O	13.86	A	-		
183	53	O	13.86	A	-		
183	54	O	13.86	T	-		
183	55	O	13.86	G	-		
183	56	O	13.86	A	-		
183	57	O	13.86	C	-		
183	58	O	13.86	C	-		
183	59	O	13.86	T	-		
183	60	O	13.86	G	-		
183	61	O	13.86	A	-		
183	62	O	13.86	C	-		
183	63	O	13.86	C	-		
183	64	O	13.86	A	-		
183	65	O	13.86	C	-		
183	66	O	13.86	T	-		
183	67	O	13.86	T	-		
183	68	O	13.86	T	-		
183	69	O	13.86	C	-		
183	70	O	13.86	A	-		
183	71	O	13.86	T	-		
183	72	O	13.86	G	-		
183	73	O	13.86	C	-		
183	74	O	13.86	T	-		
183	75	O	13.86	T	-		
183	76	O	13.86	C	-		
183	77	O	13.86	G	-		
183	78	O	13.86	A	-		
183	79	O	13.86	A	-		
183	80	O	13.86	T	-		
183	81	O	13.86	G	-		
183	82	O	13.86	A	-		
183	83	O	13.86	G	-		
183	84	O	13.86	A	-		
183	85	O	13.86	A	-		
183	86	O	13.86	G	-		
183	87	O	13.86	T	-		
183	88	O	13.86	T	-		
183	89	O	13.86	G	-		
183	90	O	13.86	C	-		
183	91	O	13.86	G	-		
183	92	O	13.86	C	-		
183	93	O	13.86	T	-		
183	94	O	13.86	T	-		
183	95	O	13.86	T	-		
183	96	O	13.86	C	-		
183	97	O	13.86	G	-		
183	98	O	13.86	A	-		
183	99	O	13.86	T	-		
183	100	O	13.86	C	-		
183	101	O	13.86	T	-		
183	102	O	13.86	T	-		
183	103	O	13.86	G	-		
183	104	O	13.86	T	-		
183	105	O	13.86	T	-		
183	106	O	13.86	C	-		
183	107	O	13.86	T	-		
183	108	O	13.86	C	-		
183	109	O	13.86	A	-		
184	0	O	9.70	G	-		
184	1	O	9.70	C	-		
184	2	O	9.70	A	-		
184	3	O	9.70	G	-		
184	4	O	9.70	T	-		
184	5	O	9.70	C	-		
184	6	O	9.70	G	-		
184	7	O	9.70	G	-		
184	8	O	9.70	T	-		
184	9	O	9.70	G	-		
184	10	O	9.70	T	-		
184	11	O	9.70	C	-		
184	12	O	9.70	C	-		
184	13	O	9.70	T	-		
184	14	O	9.70	A	-		
184	15	O	9.70	A	-		
184	16	O	9.70	A	-		
184	17	O	9.70	G	-		
184	18	O	9.70	T	-		
184	19	O	9.70	G	-		
184	20	O	9.70	T	-		
184	21	O	9.70	C	-		
184	22	U	1.77	G	A		
184	23	O	9.70	G	-		
184	24	O	9.70	A	-		
184	25	O	9.70	T	-		
184	26	O	9.70	T	-		
184	27	O	9.70	T	-		
184	28	O	9.70	T	-		
184	29	O	9.70	A	-		
184	30	O	9.70	T	-		
184	31	O	9.70	C	-		
184	32	O	9.70	A	-		
184	33	O	9.70	T	-		
184	34	O	9.70	G	-		
184	35	O	9.70	T	-		
184	36	O	9.70	C	-		
184	37	O	9.70	G	-		
184	38	O	9.70	A	-		
184	39	O	9.70	C	-		
184	40	O	9.70	C	-		
184	41	O	9.70	T	-		
184	42	O	9.70	T	-		
184	43	O	9.70	T	-		
184	44	O	9.70	T	-		
184	45	O	9.70	C	-		
184	46	O	9.70	A	-		
184	47	O	9.70	T	-		
184	48	O	9.70	T	-		
184	49	O	9.70	T	-		
184	50	O	9.70	T	-		
184	51	O	9.70	T	-		
184	52	O	9.70	T	-		
184	53	O	9.70	A	-		
184	54	O	9.70	T	-		
184	55	O	9.70	C	-		
184	56	O	9.70	C	-		
184	57	O	9.70	C	-		
184	58	O	9.70	G	-		
184	59	O	9.70	C	-		
184	60	O	9.70	A	-		
184	61	O	9.70	C	-		
184	62	O	9.70	A	-		
184	63	O	9.70	G	-		
184	64	O	9.70	T	-		
184	65	O	9.70	G	-		
184	66	O	9.70	C	-		
184	67	O	9.70	T	-		
184	68	O	9.70	A	-		
184	69	O	9.70	C	-		
184	70	O	9.70	G	-		
184	71	O	9.70	A	-		
184	72	O	9.70	C	-		
184	73	O	9.70	A	-		
184	74	O	9.70	T	-		
184	75	O	9.70	G	-		
184	76	O	9.70	T	-		
184	77	O	9.70	G	-		
184	78	O	9.70	T	-		
184	79	O	9.70	G	-		
184	80	O	9.70	A	-		
184	81	O	9.70	C	-		
184	82	O	9.70	G	-		
184	83	O	9.70	G	-		
184	84	O	9.70	A	-		
184	85	O	9.70	T	-		
184	86	O	9.70	T	-		
184	87	O	9.70	A	-		
184	88	O	9.70	A	-		
184	89	O	9.70	C	-		
184	90	O	9.70	A	-		
184	91	O	9.70	C	-		
184	92	O	9.70	C	-		
184	93	O	9.70	A	-		
184	94	O	9.70	C	-		
184	95	O	9.70	A	-		
184	96	O	9.70	C	-		
184	97	O	9.70	A	-		
184	98	O	9.70	C	-		
184	99	O	9.70	T	-		
184	100	O	9.70	C	-		
184	101	O	9.70	T	-		
184	102	O	9.70	T	-		
184	103	O	9.70	T	-		
184	104	O	9.70	C	-		
184	105	O	9.70	C	-		
184	106	O	9.70	T	-		
184	107	O	9.70	T	-		
184	108	O	9.70	G	-		
184	109	O	9.70	G	-		
185	0	O	6.93	T	-		
185	1	O	6.93	G	-		
185	2	O	6.93	G	-		
185	3	O	6.93	C	-		
185	4	O	6.93	G	-		
185	5	O	6.93	G	-		
185	6	O	6.93	A	-		
185	7	O	6.93	G	-		
185	8	O	6.93	G	-		
185	9	O	6.93	A	-		
185	10	O	6.93	G	-		
185	11	O	6.93	C	-		
185	12	O	6.93	A	-		
185	13	O	6.93	G	-		
185	14	O	6.93	G	-		
185	15	O	6.93	T	-		
185	16	O	6.93	G	-		
185	17	O	6.93	G	-		
185	18	O	6.93	T	-		
185	19	O	6.93	G	-		
185	20	O	6.93	G	-		
185	21	O	6.93	T	-		
185	22	O	6.93	G	-		
185	23	O	6.93	C	-		
185	24	O	6.93	C	-		
185	25	O	6.93	G	-		
185	26	O	6.93	G	-		
185	27	O	6.93	T	-		
185	28	O	6.93	G	-		
185	29	O	6.93	T	-		
185	30	O	6.93	A	-		
185	31	O	6.93	G	-		
185	32	O	6.93	C	-		
185	33	O	6.93	T	-		
185	34	O	6.93	G	-		
185	35	O	6.93	G	-		
185	36	O	6.93	T	-		
185	37	O	6.93	C	-		
185	38	O	6.93	C	-		
185	39	O	6.93	T	-		
185	40	O	6.93	G	-		
185	41	O	6.93	A	-		
185	42	O	6.93	T	-		
185	43	O	6.93	G	-		
185	44	O	6.93	A	-		
185	45	O	6.93	T	-		
185	46	O	6.93	G	-		
185	47	O	6.93	T	-		
185	48	O	6.93	G	-		
185	49	O	6.93	G	-		
185	50	O	6.93	A	-		
185	51	O	6.93	T	-		
185	52	O	6.93	C	-		
185	53	O	6.93	C	-		
185	54	O	6.93	C	-		
185	55	O	6.93	A	-		
185	56	O	6.93	A	-		
185	57	O	6.93	G	-		
185	58	O	6.93	A	-		
185	59	O	6.93	C	-		
185	60	O	6.93	T	-		
185	61	O	6.93	A	-		
185	62	O	6.93	T	-		
185	63	O	6.93	T	-		
185	64	O	6.93	G	-		
185	65	O	6.93	A	-		
185	66	O	6.93	G	-		
185	67	O	6.93	G	-		
185	68	O	6.93	A	-		
185	69	O	6.93	T	-		
185	70	O	6.93	G	-		
185	71	O	6.93	T	-		
185	72	O	6.93	C	-		
185	73	O	6.93	G	-		
185	74	O	6.93	G	-		
185	75	O	6.93	A	-		
185	76	O	6.93	A	-		
185	77	O	6.93	A	-		
185	78	O	6.93	T	-		
185	79	O	6.93	T	-		
185	80	O	6.93	G	-		
185	81	O	6.93	G	-		
185	82	O	6.93	C	-		
185	83	O	6.93	T	-		
185	84	O	6.93	C	-		
185	85	O	6.93	A	-		
185	86	O	6.93	G	-		
185	87	O	6.93	G	-		
185	88	O	6.93	G	-		
185	89	O	6.93	T	-		
185	90	O	6.93	A	-		
185	91	O	6.93	T	-		
185	92	O	6.93	T	-		
185	93	O	6.93	G	-		
185	94	O	6.93	C	-		
185	95	O	6.93	G	-		
185	96	O	6.93	A	-		
185	97	O	6.93	C	-		
185	98	O	6.93	T	-		
185	99	O	6.93	A	-		
185	100	O	6.93	C	-		
185	101	O	6.93	A	-		
185	102	O	6.93	C	-		
185	103	O	6.93	G	-		
185	104	O	6.93	T	-		
185	105	O	6.93	A	-		
185	106	O	6.93	C	-		
185	107	O	6.93	G	-		
185	108	O	6.93	T	-		
185	109	O	6.93	T	-		
186	0	O	29.11	C	-		
186	1	O	29.11	T	-		
186	2	O	29.11	T	-		
186	3	O	29.11	C	-		
186	4	O	29.11	G	-		
186	5	O	29.11	G	-		
186	6	O	29.11	C	-		
186	7	O	29.11	T	-		
186	8	O	29.11	G	-		
186	9	O	29.11	T	-		
186	10	O	29.11	G	-		
186	11	O	29.11	A	-		
186	12	O	29.11	A	-		
186	13	O	29.11	G	-		
186	14	O	29.11	C	-		
186	15	O	29.11	G	-		
186	16	O	29.11	G	-		
186	17	O	29.11	A	-		
186	18	O	29.11	G	-		
186	19	O	29.11	G	-		
186	20	O	29.11	G	-		
186	21	O	29.11	A	-		
186	22	O	29.11	A	-		
186	23	O	29.11	G	-		
186	24	O	29.11	A	-		
186	25	O	29.11	G	-		
186	26	O	29.11	C	-		
186	27	O	29.11	C	-		
186	28	O	29.11	T	-		
186	29	O	29.11	C	-		
186	30	O	29.11	G	-		
186	31	O	29.11	C	-		
186	32	O	29.11	C	-		
186	33	O	29.11	G	-		
186	34	O	29.11	C	-		
186	35	O	29.11	G	-		
186	36	O	29.11	C	-		
186	37	O	29.11	T	-		
186	38	O	29.11	T	-		
186	39	O	29.11	C	-		
186	40	O	29.11	G	-		
186	41	O	29.11	C	-		
186	42	O	29.11	G	-		
186	43	O	29.11	A	-		
186	44	O	29.11	T	-		
186	45	O	29.11	C	-		
186	46	O	29.11	A	-		
186	47	O	29.11	T	-		
186	48	O	29.11	G	-		
186	49	O	29.11	G	-		
186	50	O	29.11	G	-		
186	51	O	29.11	T	-		
186	52	O	29.11	G	-		
186	53	O	29.11	C	-		
186	54	O	29.11	A	-		
186	55	O	29.11	G	-		
186	56	O	29.11	C	-		
186	57	O	29.11	C	-		
186	58	O	29.11	T	-		
186	59	O	29.11	G	-		
186	60	O	29.11	G	-		
186	61	O	29.11	C	-		
186	62	O	29.11	G	-		
186	63	O	29.11	T	-		
186	64	O	29.11	T	-		
186	65	O	29.11	G	-		
186	66	O	29.11	T	-		
186	67	O	29.11	T	-		
186	68	O	29.11	G	-		
186	69	O	29.11	A	-		
186	70	O	29.11	G	-		
186	71	O	29.11	G	-		
186	72	O	29.11	A	-		
186	73	O	29.11	G	-		
186	74	O	29.11	G	-		
186	75	O	29.11	T	-		
186	76	O	29.11	A	-		
186	77	O	29.11	C	-		
186	78	O	29.11	G	-		
186	79	O	29.11	T	-		
186	80	O	29.11	A	-		
186	81	O	29.11	G	-		
186	82	O	29.11	G	-		
186	83	O	29.11	A	-		
186	84	O	29.11	C	-		
186	85	O	29.11	C	-		
186	86	O	29.11	C	-		
186	87	O	29.11	C	-		
186	88	O	29.11	T	-		
186	89	O	29.11	G	-		
186	90	O	29.11	G	-		
186	91	O	29.11	G	-		
186	92	O	29.11	G	-		
186	93	O	29.11	T	-		
186	94	O	29.11	T	-		
186	95	O	29.11	G	-		
186	96	O	29.11	T	-		
186	97	O	29.11	T	-		
186	98	O	29.11	G	-		
186	99	O	29.11	G	-		
186	100	O	29.11	T	-		
186	101	O	29.11	A	-		
186	102	O	29.11	T	-		
186	103	O	29.11	T	-		
186	104	O	29.11	G	-		
186	105	O	29.11	C	-		
186	106	O	29.11	T	-		
186	107	O	29.11	G	-		
186	108	O	29.11	T	-		
186	109	O	29.11	G	-		
187	0	O	11.09	A	-		
187	1	O	11.09	G	-		
187	2	O	11.09	C	-		
187	3	O	11.09	A	-		
187	4	O	11.09	G	-		
187	5	O	11.09	C	-		
187	6	O	11.09	G	-		
187	7	O	11.09	C	-		
187	8	O	11.09	G	-		
187	9	O	11.09	G	-		
187	10	O	11.09	C	-		
187	11	O	11.09	C	-		
187	12	O	11.09	C	-		
187	13	U	2.86	T	A		
187	14	O	11.09	G	-		
187	15	O	11.09	C	-		
187	16	O	11.09	C	-		
187	17	O	11.09	G	-		
187	18	O	11.09	C	-		
187	19	O	11.09	C	-		
187	20	O	11.09	G	-		
187	21	O	11.09	A	-		
187	22	O	11.09	A	-		
187	23	U	2.86	G	C		
187	24	O	11.09	A	-		
187	25	O	11.09	G	-		
187	26	O	11.09	A	-		
187	27	O	11.09	T	-		
187	28	O	11.09	G	-		
187	29	O	11.09	G	-		
187	30	O	11.09	C	-		
187	31	O	11.09	T	-		
187	32	O	11.09	A	-		
187	33	O	11.09	A	-		
187	34	O	11.09	G	-		
187	35	O	11.09	A	-		
187	36	O	11.09	G	-		
187	37	O	11.09	T	-		
187	38	O	11.09	G	-		
187	39	O	11.09	C	-		
187	40	O	11.09	C	-		
187	41	O	11.09	A	-		
187	42	O	11.09	A	-		
187	43	O	11.09	T	-		
187	44	O	11.09	G	-		
187	45	O	11.09	G	-		
187	46	O	11.09	C	-		
187	47	O	11.09	C	-		
187	48	O	11.09	C	-		
187	49	O	11.09	C	-		
187	50	O	11.09	G	-		
187	51	U	2.86	G	A		
187	52	O	11.09	C	-		
187	53	U	2.86	A	G		
187	54	O	11.09	A	-		
187	55	O	11.09	G	-		
187	56	O	11.09	C	-		
187	57	O	11.09	C	-		
187	58	O	11.09	C	-		
187	59	O	11.09	G	-		
187	60	O	11.09	G	-		
187	61	O	11.09	C	-		
187	62	O	11.09	G	-		
187	63	O	11.09	A	-		
187	64	O	11.09	C	-		
187	65	O	11.09	A	-		
187	66	O	11.09	T	-		
187	67	O	11.09	T	-		
187	68	O	11.09	A	-		
187	69	O	11.09	G	-		
187	70	O	11.09	C	-		
187	71	O	11.09	A	-		
187	72	O	11.09	A	-		
187	73	O	11.09	G	-		
187	74	O	11.09	G	-		
187	75	O	11.09	C	-		
187	76	O	11.09	C	-		
187	77	O	11.09	G	-		
187	78	O	11.09	T	-		
187	79	O	11.09	C	-		
187	80	O	11.09	A	-		
187	81	O	11.09	C	-		
187	82	O	11.09	G	-		
187	83	O	11.09	G	-		
187	84	O	11.09	A	-		
187	85	O	11.09	G	-		
187	86	O	11.09	C	-		
187	87	O	11.09	G	-		
187	88	O	11.09	C	-		
187	89	O	11.09	T	-		
187	90	O	11.09	G	-		
187	91	O	11.09	G	-		
187	92	O	11.09	A	-		
187	93	O	11.09	A	-		
187	94	O	11.09	G	-		
187	95	O	11.09	G	-		
187	96	O	11.09	C	-		
187	97	O	11.09	C	-		
187	98	O	11.09	A	-		
187	99	O	11.09	T	-		
187	100	O	11.09	G	-		
187	101	O	11.09	A	-		
187	102	O	11.09	C	-		
187	103	O	11.09	C	-		
187	104	O	11.09	G	-		
187	105	O	11.09	A	-		
187	106	O	11.09	G	-		
187	107	O	11.09	G	-		
187	108	O	11.09	A	-		
187	109	O	11.09	A	-		
188	0	O	6.93	T	-		
188	1	O	6.93	G	-		
188	2	O	6.93	G	-		
188	3	O	6.93	G	-		
188	4	O	6.93	T	-		
188	5	O	6.93	A	-		
188	6	O	6.93	T	-		
188	7	O	6.93	A	-		
188	8	O	6.93	C	-		
188	9	O	6.93	A	-		
188	10	O	6.93	T	-		
188	11	O	6.93	A	-		
188	12	O	6.93	C	-		
188	13	O	6.93	C	-		
188	14	O	6.93	G	-		
188	15	O	6.93	G	-		
188	16	O	6.93	C	-		
188	17	O	6.93	C	-		
188	18	U	0.00	-	-		
188	19	O	6.93	C	-		
188	20	O	6.93	T	-		
188	21	O	6.93	G	-		
188	22	O	6.93	G	-		
188	23	O	6.93	A	-		
188	24	O	6.93	T	-		
188	25	O	6.93	G	-		
188	26	O	6.93	A	-		
188	27	O	6.93	C	-		
188	28	O	6.93	T	-		
188	29	O	6.93	G	-		
188	30	O	6.93	T	-		
188	31	O	6.93	C	-		
188	32	O	6.93	T	-		
188	33	O	6.93	G	-		
188	34	O	6.93	T	-		
188	35	O	6.93	C	-		
188	36	O	6.93	T	-		
188	37	O	6.93	G	-		
188	38	O	6.93	A	-		
188	39	O	6.93	C	-		
188	40	O	6.93	A	-		
188	41	O	6.93	C	-		
188	42	O	6.93	T	-		
188	43	O	6.93	C	-		
188	44	O	6.93	C	-		
188	45	O	6.93	T	-		
188	46	O	6.93	C	-		
188	47	O	6.93	C	-		
188	48	O	6.93	A	-		
188	49	O	6.93	G	-		
188	50	O	6.93	A	-		
188	51	O	6.93	A	-		
188	52	O	6.93	T	-		
188	53	O	6.93	C	-		
188	54	O	6.93	A	-		
188	55	O	6.93	G	-		
188	56	O	6.93	A	-		
188	57	O	6.93	A	-		
188	58	O	6.93	G	-		
188	59	O	6.93	A	-		
188	60	O	6.93	G	-		
188	61	O	6.93	T	-		
188	62	O	6.93	C	-		
188	63	O	6.93	A	-		
188	64	O	6.93	A	-		
188	65	O	6.93	G	-		
188	66	O	6.93	T	-		
188	67	O	6.93	G	-		
188	68	O	6.93	T	-		
188	69	O	6.93	G	-		
188	70	O	6.93	A	-		
188	71	O	6.93	C	-		
188	72	O	6.93	G	-		
188	73	O	6.93	A	-		
188	74	O	6.93	G	-		
188	75	O	6.93	A	-		
188	76	O	6.93	A	-		
188	77	O	6.93	G	-		
188	78	O	6.93	A	-		
188	79	O	6.93	A	-		
188	80	O	6.93	G	-		
188	81	O	6.93	C	-		
188	82	O	6.93	C	-		
188	83	O	6.93	C	-		
188	84	O	6.93	G	-		
188	85	O	6.93	A	-		
188	86	O	6.93	G	-		
188	87	O	6.93	T	-		
188	88	O	6.93	G	-		
188	89	O	6.93	C	-		
188	90	O	6.93	A	-		
188	91	O	6.93	C	-		
188	92	O	6.93	C	-		
188	93	O	6.93	C	-		
188	94	O	6.93	G	-		
188	95	O	6.93	G	-		
188	96	O	6.93	T	-		
188	97	O	6.93	G	-		
188	98	O	6.93	C	-		
188	99	O	6.93	T	-		
188	100	O	6.93	C	-		
188	101	O	6.93	C	-		
188	102	U	-0.27	T	C		
188	103	O	6.93	C	-		
188	104	U	-0.27	G	C		
188	105	O	6.93	A	-		
188	106	O	6.93	C	-		
188	107	O	6.93	T	-		
188	108	O	6.93	G	-		
188	109	O	6.93	A	-		
188	110	U	0.00	-	-		
189	0	O	9.70	C	-		
189	1	O	9.70	T	-		
189	2	O	9.70	A	-		
189	3	O	9.70	A	-		
189	4	O	9.70	A	-		
189	5	O	9.70	A	-		
189	6	O	9.70	A	-		
189	7	O	9.70	T	-		
189	8	O	9.70	T	-		
189	9	O	9.70	T	-		
189	10	O	9.70	A	-		
189	11	O	9.70	A	-		
189	12	U	1.77	T	A		
189	13	O	9.70	T	-		
189	14	O	9.70	A	-		
189	15	O	9.70	A	-		
189	16	U	1.77	T	G		
189	17	O	9.70	A	-		
189	18	O	9.70	G	-		
189	19	O	9.70	T	-		
189	20	O	9.70	A	-		
189	21	O	9.70	A	-		
189	22	O	9.70	C	-		
189	23	O	9.70	T	-		
189	24	O	9.70	T	-		
189	25	O	9.70	G	-		
189	26	O	9.70	C	-		
189	27	O	9.70	A	-		
189	28	O	9.70	C	-		
189	29	O	9.70	A	-		
189	30	O	9.70	T	-		
189	31	O	9.70	G	-		
189	32	O	9.70	T	-		
189	33	O	9.70	A	-		
189	34	O	9.70	A	-		
189	35	O	9.70	A	-		
189	36	O	9.70	A	-		
189	37	O	9.70	C	-		
189	38	O	9.70	A	-		
189	39	O	9.70	A	-		
189	40	O	9.70	C	-		
189	41	O	9.70	A	-		
189	42	O	9.70	A	-		
189	43	O	9.70	A	-		
189	44	O	9.70	C	-		
189	45	O	9.70	A	-		
189	46	O	9.70	A	-		
189	47	O	9.70	A	-		
189	48	O	9.70	A	-		
189	49	O	9.70	G	-		
189	50	O	9.70	C	-		
189	51	O	9.70	A	-		
189	52	O	9.70	G	-		
189	53	O	9.70	G	-		
189	54	O	9.70	A	-		
189	55	U	1.77	A	C		
189	56	O	9.70	A	-		
189	57	O	9.70	T	-		
189	58	O	9.70	A	-		
189	59	U	1.77	A	T		
189	60	O	9.70	G	-		
189	61	O	9.70	G	-		
189	62	O	9.70	C	-		
189	63	O	9.70	T	-		
189	64	O	9.70	A	-		
189	65	O	9.70	A	-		
189	66	O	9.70	G	-		
189	67	O	9.70	G	-		
189	68	O	9.70	A	-		
189	69	O	9.70	C	-		
189	70	O	9.70	T	-		
189	71	O	9.70	T	-		
189	72	O	9.70	C	-		
189	73	O	9.70	T	-		
189	74	O	9.70	A	-		
189	75	O	9.70	A	-		
189	76	O	9.70	G	-		
189	77	O	9.70	A	-		
189	78	O	9.70	A	-		
189	79	O	9.70	A	-		
189	80	O	9.70	A	-		
189	81	O	9.70	G	-		
189	82	O	9.70	G	-		
189	83	O	9.70	A	-		
189	84	O	9.70	T	-		
189	85	O	9.70	G	-		
189	86	O	9.70	T	-		
189	87	O	9.70	C	-		
189	88	O	9.70	A	-		
189	89	O	9.70	T	-		
189	90	O	9.70	T	-		
189	91	O	9.70	G	-		
189	92	O	9.70	C	-		
189	93	O	9.70	A	-		
189	94	O	9.70	T	-		
189	95	O	9.70	T	-		
189	96	O	9.70	T	-		
189	97	O	9.70	T	-		
189	98	O	9.70	C	-		
189	99	O	9.70	T	-		
189	100	O	9.70	T	-		
189	101	O	9.70	T	-		
189	102	O	9.70	A	-		
189	103	O	9.70	G	-		
189	104	O	9.70	A	-		
189	105	O	9.70	A	-		
189	106	O	9.70	T	-		
189	107	O	9.70	A	-		
189	108	O	9.70	C	-		
189	109	O	9.70	C	-		
190	0	O	13.86	C	-		
190	1	O	13.86	C	-		
190	2	O	13.86	G	-		
190	3	O	13.86	A	-		
190	4	O	13.86	T	-		
190	5	O	13.86	C	-		
190	6	O	13.86	A	-		
190	7	O	13.86	G	-		
190	8	O	13.86	T	-		
190	9	O	13.86	T	-		
190	10	O	5.16	G	-		
190	11	O	13.86	G	-		
190	12	O	13.86	T	-		
190	13	O	13.86	T	-		
190	14	O	13.86	G	-		
190	15	O	13.86	T	-		
190	16	O	13.86	C	-		
190	17	O	13.86	G	-		
190	18	O	13.86	T	-		
190	19	O	13.86	C	-		
190	20	O	13.86	C	-		
190	21	O	13.86	A	-		
190	22	O	13.86	T	-		
190	23	O	13.86	T	-		
190	24	O	13.86	G	-		
190	25	O	13.86	A	-		
190	26	O	13.86	A	-		
190	27	O	13.86	C	-		
190	28	O	13.86	T	-		
190	29	O	13.86	G	-		
190	30	O	13.86	C	-		
190	31	O	13.86	C	-		
190	32	O	13.86	G	-		
190	33	O	13.86	C	-		
190	34	O	13.86	C	-		
190	35	O	13.86	A	-		
190	36	O	13.86	G	-		
190	37	O	13.86	G	-		
190	38	O	13.86	C	-		
190	39	O	13.86	A	-		
190	40	O	13.86	G	-		
190	41	O	13.86	A	-		
190	42	O	13.86	C	-		
190	43	O	13.86	A	-		
190	44	O	13.86	G	-		
190	45	O	13.86	T	-		
190	46	O	13.86	C	-		
190	47	O	5.16	A	-		
190	48	O	13.86	A	-		
190	49	O	13.86	T	-		
190	50	O	13.86	G	-		
190	51	O	13.86	T	-		
190	52	O	13.86	T	-		
190	53	O	13.86	A	-		
190	54	O	13.86	A	-		
190	55	O	13.86	G	-		
190	56	O	13.86	C	-		
190	57	O	13.86	T	-		
190	58	O	13.86	G	-		
190	59	O	13.86	A	-		
190	60	O	13.86	A	-		
190	61	O	13.86	T	-		
190	62	O	13.86	G	-		
190	63	O	13.86	C	-		
190	64	O	13.86	C	-		
190	65	O	13.86	A	-		
190	66	O	13.86	A	-		
190	67	O	13.86	T	-		
190	68	O	13.86	G	-		
190	69	O	13.86	G	-		
190	70	O	13.86	G	-		
190	71	O	13.86	A	-		
190	72	O	13.86	C	-		
190	73	O	13.86	A	-		
190	74	O	13.86	C	-		
190	75	O	13.86	C	-		
190	76	O	13.86	T	-		
190	77	O	13.86	G	-		
190	78	O	13.86	A	-		
190	79	O	13.86	G	-		
190	80	O	13.86	C	-		
190	81	O	13.86	G	-		
190	82	O	13.86	G	-		
190	83	O	13.86	A	-		
190	84	O	13.86	T	-		
190	85	O	13.86	C	-		
190	86	O	13.86	C	-		
190	87	O	13.86	G	-		
190	88	O	13.86	C	-		
190	89	O	13.86	C	-		
190	90	O	13.86	T	-		
190	91	O	13.86	T	-		
190	92	O	13.86	G	-		
190	93	O	13.86	C	-		
190	94	O	13.86	C	-		
190	95	O	13.86	C	-		
190	96	O	13.86	G	-		
190	97	O	13.86	A	-		
190	98	O	13.86	G	-		
190	99	O	13.86	T	-		
190	100	O	13.86	G	-		
190	101	O	13.86	T	-		
190	102	O	13.86	G	-		
190	103	O	13.86	G	-		
190	104	O	13.86	A	-		
190	105	O	13.86	A	-		
190	106	O	13.86	G	-		
190	107	O	13.86	T	-		
190	108	O	13.86	G	-		
190	109	O	13.86	C	-		
191	0	O	6.93	C	-		
191	1	O	6.93	A	-		
191	2	O	6.93	G	-		
191	3	O	6.93	T	-		
191	4	O	6.93	G	-		
191	5	O	6.93	G	-		
191	6	O	6.93	G	-		
191	7	O	6.93	C	-		
191	8	O	6.93	G	-		
191	9	O	6.93	T	-		
191	10	O	6.93	G	-		
191	11	O	6.93	T	-		
191	12	O	6.93	C	-		
191	13	O	6.93	G	-		
191	14	O	6.93	A	-		
191	15	O	6.93	G	-		
191	16	O	6.93	G	-		
191	17	O	6.93	C	-		
191	18	O	6.93	T	-		
191	19	O	6.93	C	-		
191	20	O	6.93	A	-		
191	21	O	6.93	C	-		
191	22	O	6.93	G	-		
191	23	O	6.93	T	-		
191	24	O	6.93	T	-		
191	25	O	6.93	T	-		
191	26	O	6.93	G	-		
191	27	O	6.93	T	-		
191	28	O	6.93	C	-		
191	29	O	6.93	T	-		
191	30	O	6.93	C	-		
191	31	O	6.93	G	-		
191	32	O	6.93	T	-		
191	33	O	6.93	G	-		
191	34	O	6.93	C	-		
191	35	O	6.93	A	-		
191	36	O	6.93	A	-		
191	37	O	6.93	G	-		
191	38	O	6.93	A	-		
191	39	O	6.93	C	-		
191	40	O	6.93	T	-		
191	41	O	6.93	A	-		
191	42	O	6.93	C	-		
191	43	O	6.93	T	-		
191	44	O	6.93	C	-		
191	45	O	6.93	A	-		
191	46	O	6.93	G	-		
191	47	O	6.93	A	-		
191	48	O	6.93	G	-		
191	49	O	6.93	C	-		
191	50	O	6.93	T	-		
191	51	O	6.93	G	-		
191	52	O	6.93	G	-		
191	53	O	6.93	A	-		
191	54	O	6.93	C	-		
191	55	O	6.93	A	-		
191	56	O	6.93	G	-		
191	57	O	6.93	A	-		
191	58	O	6.93	G	-		
191	59	O	6.93	T	-		
191	60	O	6.93	T	-		
191	61	O	6.93	C	-		
191	62	O	6.93	G	-		
191	63	O	6.93	G	-		
191	64	O	6.93	C	-		
191	65	O	6.93	C	-		
191	66	O	6.93	G	-		
191	67	O	6.93	G	-		
191	68	O	6.93	G	-		
191	69	O	6.93	C	-		
191	70	O	6.93	G	-		
191	71	O	6.93	A	-		
191	72	O	6.93	C	-		
191	73	O	6.93	A	-		
191	74	O	6.93	T	-		
191	75	O	6.93	T	-		
191	76	O	6.93	C	-		
191	77	O	6.93	T	-		
191	78	O	6.93	G	-		
191	79	O	6.93	G	-		
191	80	O	6.93	T	-		
191	81	O	6.93	C	-		
191	82	O	6.93	A	-		
191	83	O	6.93	C	-		
191	84	O	6.93	C	-		
191	85	O	6.93	C	-		
191	86	O	6.93	A	-		
191	87	O	6.93	C	-		
191	88	O	6.93	A	-		
191	89	O	6.93	G	-		
191	90	O	6.93	C	-		
191	91	O	6.93	A	-		
191	92	O	6.93	C	-		
191	93	O	6.93	C	-		
191	94	O	6.93	G	-		
191	95	O	6.93	A	-		
191	96	O	6.93	C	-		
191	97	O	6.93	A	-		
191	98	O	6.93	T	-		
191	99	O	6.93	A	-		
191	100	O	6.93	G	-		
191	101	O	6.93	C	-		
191	102	O	6.93	A	-		
191	103	O	6.93	T	-		
191	104	O	6.93	T	-		
191	105	O	6.93	T	-		
191	106	O	6.93	T	-		
191	107	O	6.93	C	-		
191	108	O	6.93	G	-		
191	109	O	6.93	C	-		
192	0	O	5.55	C	-		
192	1	O	5.55	G	-		
192	2	O	5.55	C	-		
192	3	O	5.55	G	-		
192	4	O	5.55	A	-		
192	5	O	5.55	A	-		
192	6	O	5.55	C	-		
192	7	O	5.55	T	-		
192	8	O	5.55	T	-		
192	9	O	5.55	C	-		
192	10	O	5.55	G	-		
192	11	O	5.55	C	-		
192	12	O	5.55	G	-		
192	13	O	5.55	A	-		
192	14	O	5.55	A	-		
192	15	O	5.55	T	-		
192	16	O	5.55	G	-		
192	17	O	5.55	T	-		
192	18	O	5.55	G	-		
192	19	O	5.55	A	-		
192	20	O	5.55	G	-		
192	21	O	5.55	T	-		
192	22	O	5.55	C	-		
192	23	O	5.55	T	-		
192	24	O	5.55	A	-		
192	25	O	5.55	T	-		
192	26	O	5.55	C	-		
192	27	O	5.55	G	-		
192	28	O	5.55	C	-		
192	29	O	5.55	A	-		
192	30	O	5.55	C	-		
192	31	O	5.55	G	-		
192	32	O	5.55	A	-		
192	33	O	5.55	A	-		
192	34	O	5.55	A	-		
192	35	O	5.55	G	-		
192	36	O	5.55	A	-		
192	37	O	5.55	T	-		
192	38	O	5.55	C	-		
192	39	O	5.55	A	-		
192	40	O	5.55	A	-		
192	41	O	5.55	T	-		
192	42	O	5.55	G	-		
192	43	O	5.55	C	-		
192	44	O	5.55	T	-		
192	45	O	5.55	T	-		
192	46	O	5.55	A	-		
192	47	O	5.55	C	-		
192	48	O	5.55	T	-		
192	49	O	5.55	T	-		
192	50	O	5.55	C	-		
192	51	O	5.55	A	-		
192	52	O	5.55	A	-		
192	53	O	5.55	C	-		
192	54	O	5.55	A	-		
192	55	O	5.55	T	-		
192	56	O	5.55	T	-		
192	57	O	5.55	G	-		
192	58	O	5.55	T	-		
192	59	O	5.55	C	-		
192	60	O	5.55	C	-		
192	61	O	5.55	G	-		
192	62	O	5.55	C	-		
192	63	O	5.55	G	-		
192	64	O	5.55	A	-		
192	65	O	5.55	A	-		
192	66	O	5.55	G	-		
192	67	O	5.55	A	-		
192	68	O	5.55	A	-		
192	69	O	5.55	G	-		
192	70	O	5.55	T	-		
192	71	O	5.55	G	-		
192	72	O	5.55	A	-		
192	73	O	5.55	A	-		
192	74	O	5.55	A	-		
192	75	O	5.55	G	-		
192	76	O	5.55	T	-		
192	77	O	5.55	A	-		
192	78	O	5.55	T	-		
192	79	O	5.55	T	-		
192	80	O	5.55	T	-		
192	81	O	5.55	G	-		
192	82	O	5.55	T	-		
192	83	O	5.55	G	-		
192	84	O	5.55	C	-		
192	85	O	5.55	C	-		
192	86	O	5.55	G	-		
192	87	O	5.55	A	-		
192	88	O	5.55	G	-		
192	89	O	5.55	G	-		
192	90	O	5.55	G	-		
192	91	O	5.55	C	-		
192	92	O	5.55	G	-		
192	93	O	5.55	A	-		
192	94	O	5.55	T	-		
192	95	O	5.55	C	-		
192	96	O	5.55	A	-		
192	97	O	5.55	T	-		
192	98	O	5.55	G	-		
192	99	O	5.55	C	-		
192	100	O	5.55	A	-		
192	101	O	5.55	T	-		
192	102	O	5.55	T	-		
192	103	O	5.55	G	-		
192	104	O	5.55	T	-		
192	105	O	5.55	A	-		
192	106	O	5.55	T	-		
192	107	O	5.55	G	-		
192	108	O	5.55	G	-		
192	109	O	5.55	T	-		
193	0	O	12.48	A	-		
193	1	O	12.48	A	-		
193	2	O	12.48	C	-		
193	3	O	4.00	A	-		
193	4	O	12.48	A	-		
193	5	O	12.48	T	-		
193	6	O	12.48	C	-		
193	7	O	12.48	T	-		
193	8	O	12.48	A	-		
193	9	O	12.48	T	-		
193	10	O	12.48	T	-		
193	11	O	12.48	G	-		
193	12	O	12.48	T	-		
193	13	O	12.48	C	-		
193	14	O	12.48	T	-		
193	15	O	12.48	G	-		
193	16	O	12.48	C	-		
193	17	O	12.48	T	-		
193	18	O	12.48	A	-		
193	19	O	12.48	A	-		
193	20	O	12.48	C	-		
193	21	O	12.48	C	-		
193	22	O	12.48	C	-		
193	23	O	12.48	T	-		
193	24	O	12.48	A	-		
193	25	O	12.48	A	-		
193	26	O	12.48	C	-		
193	27	O	12.48	T	-		
193	28	O	12.48	C	-		
193	29	O	12.48	A	-		
193	30	O	12.48	A	-		
193	31	O	12.48	G	-		
193	32	O	12.48	C	-		
193	33	O	12.48	C	-		
193	34	O	12.48	T	-		
193	35	O	12.48	T	-		
193	36	O	12.48	G	-		
193	37	O	12.48	G	-		
193	38	O	12.48	T	-		
193	39	O	12.48	C	-		
193	40	O	12.48	G	-		
193	41	O	12.48	A	-		
193	42	O	12.48	T	-		
193	43	O	12.48	G	-		
193	44	O	12.48	G	-		
193	45	O	12.48	T	-		
193	46	O	12.48	T	-		
193	47	O	12.48	C	-		
193	48	O	12.48	G	-		
193	49	O	12.48	T	-		
193	50	O	12.48	C	-		
193	51	O	12.48	G	-		
193	52	O	12.48	G	-		
193	53	O	12.48	C	-		
193	54	O	12.48	T	-		
193	55	O	12.48	T	-		
193	56	O	12.48	G	-		
193	57	O	12.48	G	-		
193	58	O	12.48	G	-		
193	59	O	12.48	G	-		
193	60	O	12.48	T	-		
193	61	O	12.48	C	-		
193	62	O	12.48	C	-		
193	63	O	12.48	G	-		
193	64	O	12.48	C	-		
193	65	O	12.48	G	-		
193	66	O	12.48	A	-		
193	67	O	12.48	G	-		
193	68	O	12.48	T	-		
193	69	O	12.48	C	-		
193	70	O	12.48	G	-		
193	71	O	12.48	G	-		
193	72	O	12.48	A	-		
193	73	O	12.48	G	-		
193	74	O	12.48	G	-		
193	75	O	12.48	A	-		
193	76	O	12.48	T	-		
193	77	O	4.00	C	-		
193	78	O	12.48	G	-		
193	79	O	12.48	A	-		
193	80	O	12.48	T	-		
193	81	O	12.48	T	-		
193	82	O	12.48	G	-		
193	83	O	12.48	C	-		
193	84	O	4.00	C	-		
193	85	O	12.48	T	-		
193	86	O	12.48	C	-		
193	87	O	12.48	G	-		
193	88	O	12.48	C	-		
193	89	O	12.48	C	-		
193	90	O	12.48	T	-		
193	91	O	12.48	T	-		
193	92	O	12.48	G	-		
193	93	O	12.48	T	-		
193	94	O	12.48	G	-		
193	95	O	4.00	A	-		
193	96	O	12.48	T	-		
193	97	O	12.48	G	-		
193	98	O	12.48	A	-		
193	99	O	12.48	A	-		
193	100	O	12.48	C	-		
193	101	O	12.48	T	-		
193	102	O	12.48	G	-		
193	103	O	12.48	G	-		
193	104	O	12.48	A	-		
193	105	O	12.48	G	-		
193	106	O	12.48	G	-		
193	107	O	12.48	G	-		
193	108	O	12.48	T	-		
193	109	O	12.48	T	-		
194	0	O	9.70	T	-		
194	1	O	9.70	G	-		
194	2	O	9.70	T	-		
194	3	O	9.70	T	-		
194	4	O	9.70	G	-		
194	5	O	9.70	G	-		
194	6	O	9.70	A	-		
194	7	O	9.70	T	-		
194	8	O	9.70	A	-		
194	9	O	9.70	G	-		
194	10	O	9.70	G	-		
194	11	O	9.70	A	-		
194	12	O	9.70	C	-		
194	13	O	9.70	C	-		
194	14	O	9.70	T	-		
194	15	O	9.70	C	-		
194	16	O	9.70	A	-		
194	17	O	9.70	A	-		
194	18	O	9.70	T	-		
194	19	O	9.70	G	-		
194	20	O	9.70	A	-		
194	21	O	9.70	T	-		
194	22	O	9.70	A	-		
194	23	O	9.70	G	-		
194	24	O	9.70	G	-		
194	25	O	9.70	A	-		
194	26	O	9.70	C	-		
194	27	O	9.70	T	-		
194	28	O	9.70	A	-		
194	29	O	9.70	G	-		
194	30	O	9.70	A	-		
194	31	O	9.70	G	-		
194	32	O	9.70	A	-		
194	33	O	9.70	T	-		
194	34	O	9.70	G	-		
194	35	O	9.70	A	-		
194	36	O	9.70	G	-		
194	37	O	9.70	C	-		
194	38	O	9.70	T	-		
194	39	O	9.70	T	-		
194	40	O	9.70	A	-		
194	41	O	9.70	G	-		
194	42	O	9.70	C	-		
194	43	O	9.70	G	-		
194	44	O	9.70	C	-		
194	45	O	9.70	G	-		
194	46	O	9.70	T	-		
194	47	O	9.70	T	-		
194	48	O	9.70	C	-		
194	49	O	9.70	C	-		
194	50	O	9.70	T	-		
194	51	O	9.70	T	-		
194	52	O	9.70	C	-		
194	53	O	9.70	A	-		
194	54	O	9.70	G	-		
194	55	O	9.70	C	-		
194	56	O	9.70	T	-		
194	57	O	9.70	G	-		
194	58	O	9.70	C	-		
194	59	O	9.70	T	-		
194	60	O	9.70	C	-		
194	61	O	9.70	A	-		
194	62	O	9.70	T	-		
194	63	O	9.70	A	-		
194	64	O	9.70	G	-		
194	65	O	9.70	G	-		
194	66	O	9.70	T	-		
194	67	O	9.70	C	-		
194	68	O	9.70	A	-		
194	69	O	9.70	T	-		
194	70	O	9.70	C	-		
194	71	O	9.70	A	-		
194	72	O	9.70	T	-		
194	73	O	9.70	G	-		
194	74	O	9.70	A	-		
194	75	O	9.70	G	-		
194	76	O	9.70	C	-		
194	77	O	9.70	G	-		
194	78	O	9.70	A	-		
194	79	O	9.70	G	-		
194	80	O	9.70	C	-		
194	81	O	9.70	A	-		
194	82	O	9.70	G	-		
194	83	O	9.70	C	-		
194	84	O	9.70	C	-		
194	85	O	9.70	T	-		
194	86	O	9.70	A	-		
194	87	O	9.70	T	-		
194	88	O	9.70	A	-		
194	89	O	9.70	A	-		
194	90	O	9.70	C	-		
194	91	O	9.70	T	-		
194	92	O	9.70	C	-		
194	93	O	9.70	T	-		
194	94	O	9.70	G	-		
194	95	O	9.70	A	-		
194	96	O	9.70	C	-		
194	97	O	9.70	T	-		
194	98	O	9.70	G	-		
194	99	O	9.70	A	-		
194	100	O	9.70	C	-		
194	101	O	9.70	T	-		
194	102	O	9.70	C	-		
194	103	O	9.70	G	-		
194	104	O	9.70	A	-		
194	105	O	9.70	C	-		
194	106	O	9.70	C	-		
194	107	O	9.70	G	-		
194	108	O	9.70	C	-		
194	109	O	9.70	A	-		
195	0	O	11.09	T	-		
195	1	O	11.09	A	-		
195	2	O	11.09	C	-		
195	3	O	11.09	C	-		
195	4	O	11.09	C	-		
195	5	O	11.09	C	-		
195	6	O	11.09	T	-		
195	7	O	11.09	C	-		
195	8	O	11.09	G	-		
195	9	O	11.09	T	-		
195	10	O	11.09	T	-		
195	11	O	11.09	A	-		
195	12	O	11.09	T	-		
195	13	O	11.09	G	-		
195	14	O	11.09	G	-		
195	15	O	11.09	G	-		
195	16	O	11.09	C	-		
195	17	O	11.09	G	-		
195	18	O	11.09	T	-		
195	19	O	11.09	G	-		
195	20	O	11.09	G	-		
195	21	O	11.09	G	-		
195	22	O	11.09	A	-		
195	23	O	11.09	G	-		
195	24	O	11.09	A	-		
195	25	O	11.09	A	-		
195	26	O	11.09	G	-		
195	27	O	11.09	G	-		
195	28	O	11.09	C	-		
195	29	O	11.09	G	-		
195	30	O	11.09	C	-		
195	31	O	11.09	T	-		
195	32	O	11.09	A	-		
195	33	O	11.09	C	-		
195	34	O	11.09	T	-		
195	35	O	11.09	G	-		
195	36	O	11.09	C	-		
195	37	O	11.09	A	-		
195	38	O	11.09	G	-		
195	39	O	11.09	T	-		
195	40	O	11.09	G	-		
195	41	O	11.09	A	-		
195	42	O	11.09	G	-		
195	43	O	11.09	A	-		
195	44	O	11.09	G	-		
195	45	O	11.09	T	-		
195	46	O	11.09	G	-		
195	47	O	11.09	C	-		
195	48	O	11.09	A	-		
195	49	O	11.09	A	-		
195	50	O	11.09	T	-		
195	51	O	11.09	C	-		
195	52	O	11.09	G	-		
195	53	O	11.09	G	-		
195	54	O	11.09	T	-		
195	55	O	11.09	T	-		
195	56	O	11.09	G	-		
195	57	O	11.09	C	-		
195	58	O	11.09	C	-		
195	59	O	11.09	G	-		
195	60	O	11.09	G	-		
195	61	O	11.09	A	-		
195	62	O	11.09	T	-		
195	63	O	11.09	G	-		
195	64	O	11.09	C	-		
195	65	O	11.09	G	-		
195	66	O	11.09	A	-		
195	67	O	11.09	G	-		
195	68	O	11.09	G	-		
195	69	O	11.09	G	-		
195	70	O	11.09	T	-		
195	71	O	11.09	T	-		
195	72	O	11.09	C	-		
195	73	O	11.09	G	-		
195	74	O	11.09	G	-		
195	75	O	11.09	A	-		
195	76	O	11.09	T	-		
195	77	O	11.09	A	-		
195	78	O	11.09	G	-		
195	79	O	11.09	G	-		
195	80	O	11.09	C	-		
195	81	O	11.09	T	-		
195	82	O	11.09	G	-		
195	83	O	11.09	G	-		
195	84	O	11.09	G	-		
195	85	O	11.09	G	-		
195	86	O	11.09	G	-		
195	87	O	11.09	G	-		
195	88	O	11.09	G	-		
195	89	O	11.09	C	-		
195	90	O	11.09	A	-		
195	91	O	11.09	A	-		
195	92	O	11.09	G	-		
195	93	O	11.09	G	-		
195	94	O	11.09	C	-		
195	95	O	11.09	C	-		
195	96	O	11.09	G	-		
195	97	O	11.09	A	-		
195	98	O	11.09	C	-		
195	99	O	11.09	G	-		
195	100	O	11.09	G	-		
195	101	O	11.09	A	-		
195	102	O	11.09	T	-		
195	103	O	11.09	G	-		
195	104	O	11.09	G	-		
195	105	O	11.09	T	-		
195	106	O	11.09	T	-		
195	107	O	11.09	C	-		
195	108	O	11.09	G	-		
195	109	O	11.09	C	-		
196	0	O	8.32	T	-		
196	1	O	8.32	T	-		
196	2	O	8.32	A	-		
196	3	O	8.32	C	-		
196	4	O	8.32	C	-		
196	5	O	8.32	G	-		
196	6	O	8.32	C	-		
196	7	O	8.32	T	-		
196	8	O	8.32	T	-		
196	9	O	8.32	A	-		
196	10	O	8.32	C	-		
196	11	O	8.32	T	-		
196	12	O	8.32	T	-		
196	13	O	8.32	G	-		
196	14	O	8.32	G	-		
196	15	O	8.32	G	-		
196	16	O	8.32	T	-		
196	17	O	8.32	C	-		
196	18	O	8.32	T	-		
196	19	O	8.32	G	-		
196	20	O	8.32	G	-		
196	21	O	8.32	C	-		
196	22	O	8.32	T	-		
196	23	O	8.32	T	-		
196	24	O	8.32	T	-		
196	25	O	8.32	T	-		
196	26	O	8.32	G	-		
196	27	O	8.32	G	-		
196	28	O	8.32	C	-		
196	29	O	8.32	C	-		
196	30	O	8.32	G	-		
196	31	O	8.32	C	-		
196	32	O	8.32	T	-		
196	33	O	8.32	A	-		
196	34	O	8.32	G	-		
196	35	O	8.32	G	-		
196	36	O	8.32	T	-		
196	37	O	8.32	C	-		
196	38	O	8.32	C	-		
196	39	O	8.32	G	-		
196	40	O	8.32	C	-		
196	41	O	8.32	C	-		
196	42	O	8.32	G	-		
196	43	O	8.32	A	-		
196	44	O	8.32	C	-		
196	45	O	8.32	G	-		
196	46	O	8.32	G	-		
196	47	O	8.32	C	-		
196	48	O	8.32	C	-		
196	49	O	8.32	C	-		
196	50	O	8.32	C	-		
196	51	O	8.32	A	-		
196	52	O	8.32	C	-		
196	53	O	8.32	G	-		
196	54	O	8.32	G	-		
196	55	O	8.32	G	-		
196	56	O	8.32	G	-		
196	57	O	8.32	C	-		
196	58	O	8.32	C	-		
196	59	O	8.32	T	-		
196	60	O	8.32	C	-		
196	61	O	8.32	G	-		
196	62	O	8.32	C	-		
196	63	O	8.32	T	-		
196	64	O	8.32	C	-		
196	65	O	8.32	G	-		
196	66	O	8.32	G	-		
196	67	O	8.32	T	-		
196	68	O	8.32	T	-		
196	69	O	8.32	A	-		
196	70	O	8.32	C	-		
196	71	O	8.32	C	-		
196	72	O	8.32	T	-		
196	73	O	8.32	T	-		
196	74	O	8.32	T	-		
196	75	O	8.32	G	-		
196	76	O	8.32	G	-		
196	77	O	8.32	C	-		
196	78	O	8.32	C	-		
196	79	O	8.32	G	-		
196	80	O	8.32	T	-		
196	81	O	8.32	G	-		
196	82	O	8.32	G	-		
196	83	O	8.32	T	-		
196	84	O	8.32	A	-		
196	85	O	8.32	G	-		
196	86	O	8.32	C	-		
196	87	O	8.32	G	-		
196	88	O	8.32	C	-		
196	89	O	8.32	A	-		
196	90	O	8.32	C	-		
196	91	O	8.32	T	-		
196	92	O	8.32	A	-		
196	93	O	8.32	G	-		
196	94	O	8.32	T	-		
196	95	O	8.32	G	-		
196	96	O	8.32	G	-		
196	97	O	8.32	T	-		
196	98	O	8.32	C	-		
196	99	O	8.32	G	-		
196	100	O	8.32	A	-		
196	101	O	8.32	A	-		
196	102	O	8.32	A	-		
196	103	O	8.32	A	-		
196	104	O	8.32	C	-		
196	105	O	8.32	T	-		
196	106	O	8.32	C	-		
196	107	O	8.32	G	-		
196	108	O	8.32	G	-		
196	109	O	8.32	C	-		
197	0	O	15.25	C	-		
197	1	O	15.25	C	-		
197	2	O	15.25	C	-		
197	3	O	15.25	A	-		
197	4	O	15.25	C	-		
197	5	O	15.25	A	-		
197	6	O	15.25	T	-		
197	7	O	15.25	T	-		
197	8	O	15.25	G	-		
197	9	O	15.25	G	-		
197	10	O	15.25	C	-		
197	11	O	15.25	A	-		
197	12	O	15.25	G	-		
197	13	O	15.25	C	-		
197	14	O	15.25	T	-		
197	15	O	15.25	G	-		
197	16	O	15.25	C	-		
197	17	O	15.25	G	-		
197	18	O	15.25	T	-		
197	19	O	15.25	T	-		
197	20	O	15.25	G	-		
197	21	O	15.25	T	-		
197	22	O	15.25	G	-		
197	23	O	15.25	G	-		
197	24	O	15.25	G	-		
197	25	O	15.25	C	-		
197	26	O	15.25	G	-		
197	27	O	15.25	C	-		
197	28	O	15.25	C	-		
197	29	O	15.25	T	-		
197	30	O	15.25	G	-		
197	31	O	15.25	A	-		
197	32	O	15.25	A	-		
197	33	O	15.25	A	-		
197	34	O	15.25	T	-		
197	35	O	15.25	A	-		
197	36	O	15.25	T	-		
197	37	O	15.25	G	-		
197	38	O	15.25	A	-		
197	39	O	15.25	G	-		
197	40	O	15.25	C	-		
197	41	O	15.25	G	-		
197	42	O	15.25	C	-		
197	43	O	15.25	A	-		
197	44	O	15.25	C	-		
197	45	O	15.25	G	-		
197	46	O	15.25	C	-		
197	47	O	15.25	G	-		
197	48	O	15.25	C	-		
197	49	O	15.25	A	-		
197	50	O	15.25	C	-		
197	51	O	15.25	G	-		
197	52	O	15.25	C	-		
197	53	O	15.25	C	-		
197	54	O	15.25	T	-		
197	55	O	15.25	A	-		
197	56	O	15.25	A	-		
197	57	O	15.25	C	-		
197	58	O	15.25	C	-		
197	59	O	15.25	T	-		
197	60	O	15.25	A	-		
197	61	O	15.25	C	-		
197	62	O	15.25	C	-		
197	63	O	15.25	T	-		
197	64	O	15.25	G	-		
197	65	O	15.25	A	-		
197	66	O	15.25	G	-		
197	67	O	15.25	C	-		
197	68	O	15.25	A	-		
197	69	O	15.25	G	-		
197	70	O	15.25	T	-		
197	71	O	15.25	T	-		
197	72	O	15.25	G	-		
197	73	O	15.25	G	-		
197	74	O	15.25	G	-		
197	75	O	15.25	G	-		
197	76	O	15.25	C	-		
197	77	O	15.25	C	-		
197	78	O	15.25	C	-		
197	79	O	15.25	G	-		
197	80	O	15.25	C	-		
197	81	O	15.25	G	-		
197	82	O	15.25	A	-		
197	83	O	15.25	G	-		
197	84	O	15.25	A	-		
197	85	O	15.25	G	-		
197	86	O	15.25	A	-		
197	87	O	15.25	G	-		
197	88	O	15.25	G	-		
197	89	O	15.25	C	-		
197	90	O	15.25	A	-		
197	91	O	15.25	A	-		
197	92	O	15.25	A	-		
197	93	O	6.35	G	-		
197	94	O	15.25	A	-		
197	95	O	15.25	G	-		
197	96	O	15.25	A	-		
197	97	O	15.25	A	-		
197	98	O	15.25	C	-		
197	99	O	15.25	C	-		
197	100	O	15.25	C	-		
197	101	O	15.25	A	-		
197	102	O	15.25	T	-		
197	103	O	15.25	T	-		
197	104	O	15.25	G	-		
197	105	O	15.25	G	-		
197	106	O	15.25	T	-		
197	107	O	15.25	T	-		
197	108	O	15.25	C	-		
197	109	O	15.25	C	-		
198	0	O	6.93	T	-		
198	1	O	6.93	G	-		
198	2	O	6.93	T	-		
198	3	O	6.93	A	-		
198	4	O	6.93	G	-		
198	5	O	6.93	A	-		
198	6	O	6.93	T	-		
198	7	O	6.93	C	-		
198	8	O	6.93	C	-		
198	9	O	6.93	G	-		
198	10	O	6.93	C	-		
198	11	O	6.93	C	-		
198	12	O	6.93	C	-		
198	13	O	6.93	A	-		
198	14	O	6.93	A	-		
198	15	O	6.93	G	-		
198	16	O	6.93	C	-		
198	17	O	6.93	G	-		
198	18	O	6.93	A	-		
198	19	O	6.93	C	-		
198	20	O	6.93	C	-		
198	21	O	6.93	G	-		
198	22	O	6.93	G	-		
198	23	O	6.93	C	-		
198	24	O	6.93	G	-		
198	25	O	6.93	G	-		
198	26	O	6.93	A	-		
198	27	O	6.93	G	-		
198	28	O	6.93	T	-		
198	29	O	6.93	C	-		
198	30	O	6.93	C	-		
198	31	O	6.93	G	-		
198	32	O	6.93	T	-		
198	33	O	6.93	C	-		
198	34	O	6.93	C	-		
198	35	O	6.93	A	-		
198	36	O	6.93	A	-		
198	37	O	6.93	G	-		
198	38	O	6.93	G	-		
198	39	O	6.93	T	-		
198	40	O	6.93	A	-		
198	41	O	6.93	T	-		
198	42	O	6.93	T	-		
198	43	O	6.93	T	-		
198	44	O	6.93	A	-		
198	45	O	6.93	G	-		
198	46	O	6.93	C	-		
198	47	O	6.93	A	-		
198	48	O	6.93	G	-		
198	49	O	6.93	C	-		
198	50	O	6.93	A	-		
198	51	O	6.93	T	-		
198	52	O	6.93	C	-		
198	53	O	6.93	C	-		
198	54	O	6.93	G	-		
198	55	O	6.93	C	-		
198	56	O	6.93	T	-		
198	57	O	6.93	C	-		
198	58	O	6.93	G	-		
198	59	O	6.93	C	-		
198	60	O	6.93	G	-		
198	61	O	6.93	C	-		
198	62	O	6.93	A	-		
198	63	O	6.93	A	-		
198	64	O	6.93	C	-		
198	65	O	6.93	A	-		
198	66	O	6.93	T	-		
198	67	O	6.93	C	-		
198	68	O	6.93	T	-		
198	69	O	6.93	C	-		
198	70	O	6.93	A	-		
198	71	O	6.93	T	-		
198	72	O	6.93	C	-		
198	73	O	6.93	T	-		
198	74	O	6.93	C	-		
198	75	O	6.93	C	-		
198	76	O	6.93	T	-		
198	77	O	6.93	A	-		
198	78	O	6.93	C	-		
198	79	O	6.93	C	-		
198	80	O	6.93	T	-		
198	81	O	6.93	C	-		
198	82	O	6.93	G	-		
198	83	O	6.93	A	-		
198	84	O	6.93	T	-		
198	85	O	6.93	G	-		
198	86	O	6.93	C	-		
198	87	O	6.93	A	-		
198	88	O	6.93	A	-		
198	89	O	6.93	A	-		
198	90	O	6.93	A	-		
198	91	O	6.93	G	-		
198	92	O	6.93	A	-		
198	93	O	6.93	G	-		
198	94	O	6.93	T	-		
198	95	O	6.93	C	-		
198	96	O	6.93	G	-		
198	97	O	6.93	C	-		
198	98	O	6.93	T	-		
198	99	O	6.93	T	-		
198	100	O	6.93	T	-		
198	101	O	6.93	C	-		
198	102	O	6.93	G	-		
198	103	O	6.93	C	-		
198	104	O	6.93	G	-		
198	105	O	6.93	G	-		
198	106	O	6.93	C	-		
198	107	O	6.93	C	-		
198	108	O	6.93	G	-		
198	109	O	6.93	T	-		
199	0	O	11.09	T	-		
199	1	O	11.09	G	-		
199	2	O	11.09	A	-		
199	3	O	11.09	G	-		
199	4	O	11.09	G	-		
199	5	O	11.09	G	-		
199	6	O	11.09	C	-		
199	7	O	11.09	G	-		
199	8	O	11.09	T	-		
199	9	O	11.09	A	-		
199	10	O	11.09	G	-		
199	11	O	11.09	T	-		
199	12	O	11.09	T	-		
199	13	O	11.09	G	-		
199	14	O	11.09	G	-		
199	15	O	11.09	T	-		
199	16	O	11.09	G	-		
199	17	O	11.09	C	-		
199	18	O	11.09	T	-		
199	19	O	11.09	G	-		
199	20	O	11.09	T	-		
199	21	O	11.09	T	-		
199	22	O	11.09	G	-		
199	23	O	11.09	T	-		
199	24	O	11.09	T	-		
199	25	O	11.09	G	-		
199	26	O	11.09	T	-		
199	27	O	11.09	T	-		
199	28	O	11.09	G	-		
199	29	O	11.09	T	-		
199	30	O	11.09	T	-		
199	31	O	11.09	G	-		
199	32	O	11.09	G	-		
199	33	O	11.09	T	-		
199	34	O	11.09	G	-		
199	35	O	11.09	T	-		
199	36	O	11.09	T	-		
199	37	O	11.09	G	-		
199	38	O	11.09	T	-		
199	39	O	11.09	T	-		
199	40	O	11.09	A	-		
199	41	O	11.09	T	-		
199	42	O	11.09	G	-		
199	43	O	11.09	C	-		
199	44	O	11.09	T	-		
199	45	O	11.09	T	-		
199	46	O	11.09	T	-		
199	47	O	11.09	T	-		
199	48	O	11.09	G	-		
199	49	O	11.09	G	-		
199	50	O	11.09	C	-		
199	51	O	11.09	A	-		
199	52	O	11.09	G	-		
199	53	O	11.09	A	-		
199	54	O	11.09	T	-		
199	55	O	11.09	T	-		
199	56	O	11.09	G	-		
199	57	O	11.09	A	-		
199	58	O	11.09	G	-		
199	59	O	11.09	T	-		
199	60	O	11.09	A	-		
199	61	O	11.09	G	-		
199	62	O	11.09	C	-		
199	63	O	11.09	T	-		
199	64	O	11.09	G	-		
199	65	O	11.09	T	-		
199	66	O	11.09	C	-		
199	67	O	11.09	G	-		
199	68	O	11.09	C	-		
199	69	O	11.09	C	-		
199	70	O	11.09	G	-		
199	71	O	11.09	T	-		
199	72	O	11.09	C	-		
199	73	O	11.09	T	-		
199	74	O	11.09	G	-		
199	75	O	11.09	G	-		
199	76	O	11.09	C	-		
199	77	O	11.09	G	-		
199	78	O	11.09	G	-		
199	79	O	11.09	A	-		
199	80	O	11.09	T	-		
199	81	O	11.09	G	-		
199	82	O	11.09	T	-		
199	83	O	11.09	T	-		
199	84	O	11.09	G	-		
199	85	O	11.09	G	-		
199	86	O	11.09	C	-		
199	87	O	11.09	G	-		
199	88	O	11.09	A	-		
199	89	O	11.09	C	-		
199	90	O	11.09	A	-		
199	91	O	11.09	C	-		
199	92	O	11.09	G	-		
199	93	O	11.09	C	-		
199	94	O	11.09	G	-		
199	95	O	11.09	A	-		
199	96	O	11.09	G	-		
199	97	O	11.09	C	-		
199	98	O	11.09	T	-		
199	99	O	11.09	G	-		
199	100	O	11.09	T	-		
199	101	O	11.09	T	-		
199	102	O	11.09	C	-		
199	103	O	11.09	C	-		
199	104	O	11.09	C	-		
199	105	O	11.09	T	-		
199	106	O	11.09	T	-		
199	107	O	11.09	C	-		
199	108	O	11.09	A	-		
199	109	O	11.09	T	-		
200	0	O	6.93	G	-		
200	1	O	6.93	C	-		
200	2	O	6.93	T	-		
200	3	O	6.93	T	-		
200	4	O	6.93	T	-		
200	5	O	6.93	G	-		
200	6	O	6.93	A	-		
200	7	O	6.93	G	-		
200	8	O	6.93	C	-		
200	9	O	6.93	A	-		
200	10	O	6.93	T	-		
200	11	O	6.93	G	-		
200	12	O	6.93	G	-		
200	13	O	6.93	C	-		
200	14	O	6.93	G	-		
200	15	O	6.93	C	-		
200	16	O	6.93	C	-		
200	17	O	6.93	G	-		
200	18	O	6.93	T	-		
200	19	O	6.93	C	-		
200	20	O	6.93	G	-		
200	21	O	6.93	C	-		
200	22	O	6.93	C	-		
200	23	O	6.93	G	-		
200	24	O	6.93	C	-		
200	25	O	6.93	G	-		
200	26	O	6.93	G	-		
200	27	O	6.93	C	-		
200	28	O	6.93	A	-		
200	29	O	6.93	G	-		
200	30	O	6.93	T	-		
200	31	O	6.93	C	-		
200	32	O	6.93	C	-		
200	33	O	6.93	C	-		
200	34	O	6.93	A	-		
200	35	O	6.93	G	-		
200	36	O	6.93	A	-		
200	37	O	6.93	G	-		
200	38	O	6.93	G	-		
200	39	O	6.93	A	-		
200	40	O	6.93	G	-		
200	41	O	6.93	T	-		
200	42	O	6.93	T	-		
200	43	O	6.93	T	-		
200	44	O	6.93	G	-		
200	45	O	6.93	A	-		
200	46	O	6.93	G	-		
200	47	O	6.93	C	-		
200	48	O	6.93	A	-		
200	49	O	6.93	C	-		
200	50	O	6.93	G	-		
200	51	O	6.93	T	-		
200	52	O	6.93	T	-		
200	53	O	6.93	G	-		
200	54	O	6.93	G	-		
200	55	O	6.93	G	-		
200	56	O	6.93	C	-		
200	57	O	6.93	G	-		
200	58	O	6.93	C	-		
200	59	O	6.93	G	-		
200	60	O	6.93	C	-		
200	61	O	6.93	T	-		
200	62	O	6.93	G	-		
200	63	O	6.93	A	-		
200	64	O	6.93	G	-		
200	65	O	6.93	G	-		
200	66	O	6.93	A	-		
200	67	O	6.93	G	-		
200	68	O	6.93	T	-		
200	69	O	6.93	C	-		
200	70	O	6.93	T	-		
200	71	O	6.93	C	-		
200	72	O	6.93	T	-		
200	73	O	6.93	C	-		
200	74	O	6.93	G	-		
200	75	O	6.93	A	-		
200	76	O	6.93	G	-		
200	77	O	6.93	G	-		
200	78	O	6.93	G	-		
200	79	O	6.93	A	-		
200	80	O	6.93	G	-		
200	81	O	6.93	A	-		
200	82	O	6.93	G	-		
200	83	O	6.93	G	-		
200	84	O	6.93	G	-		
200	85	O	6.93	G	-		
200	86	O	6.93	G	-		
200	87	O	6.93	C	-		
200	88	O	6.93	C	-		
200	89	O	6.93	T	-		
200	90	O	6.93	T	-		
200	91	O	6.93	G	-		
200	92	O	6.93	G	-		
200	93	O	6.93	G	-		
200	94	O	6.93	G	-		
200	95	O	6.93	C	-		
200	96	O	6.93	G	-		
200	97	O	6.93	T	-		
200	98	O	6.93	T	-		
200	99	O	6.93	G	-		
200	100	O	6.93	G	-		
200	101	O	6.93	G	-		
200	102	O	6.93	A	-		
200	103	O	6.93	G	-		
200	104	O	6.93	G	-		
200	105	O	6.93	G	-		
200	106	O	6.93	T	-		
200	107	O	6.93	G	-		
200	108	O	6.93	G	-		
200	109	O	6.93	T	-		
201	0	O	5.55	C	-		
201	1	O	5.55	C	-		
201	2	O	5.55	G	-		
201	3	O	5.55	A	-		
201	4	O	5.55	C	-		
201	5	O	5.55	C	-		
201	6	O	5.55	A	-		
201	7	O	5.55	G	-		
201	8	O	5.55	A	-		
201	9	O	5.55	A	-		
201	10	O	5.55	T	-		
201	11	O	5.55	T	-		
201	12	O	5.55	T	-		
201	13	O	5.55	G	-		
201	14	O	5.55	T	-		
201	15	O	5.55	G	-		
201	16	O	5.55	C	-		
201	17	O	5.55	A	-		
201	18	O	5.55	A	-		
201	19	O	5.55	A	-		
201	20	O	5.55	T	-		
201	21	O	5.55	C	-		
201	22	O	5.55	A	-		
201	23	O	5.55	C	-		
201	24	O	5.55	A	-		
201	25	O	5.55	G	-		
201	26	O	5.55	A	-		
201	27	O	5.55	C	-		
201	28	O	5.55	T	-		
201	29	O	5.55	T	-		
201	30	O	5.55	T	-		
201	31	O	5.55	C	-		
201	32	O	5.55	T	-		
201	33	O	5.55	G	-		
201	34	O	5.55	G	-		
201	35	O	5.55	C	-		
201	36	O	5.55	A	-		
201	37	O	5.55	A	-		
201	38	O	5.55	A	-		
201	39	O	5.55	C	-		
201	40	O	5.55	T	-		
201	41	O	5.55	T	-		
201	42	O	5.55	T	-		
201	43	O	5.55	C	-		
201	44	O	5.55	T	-		
201	45	O	5.55	C	-		
201	46	O	5.55	C	-		
201	47	O	5.55	A	-		
201	48	O	5.55	C	-		
201	49	O	5.55	G	-		
201	50	O	5.55	A	-		
201	51	O	5.55	T	-		
201	52	O	5.55	C	-		
201	53	O	5.55	T	-		
201	54	O	5.55	G	-		
201	55	O	5.55	T	-		
201	56	O	5.55	G	-		
201	57	O	5.55	C	-		
201	58	O	5.55	T	-		
201	59	O	5.55	C	-		
201	60	O	5.55	G	-		
201	61	O	5.55	A	-		
201	62	O	5.55	C	-		
201	63	O	5.55	A	-		
201	64	O	5.55	C	-		
201	65	O	5.55	A	-		
201	66	O	5.55	G	-		
201	67	O	5.55	A	-		
201	68	O	5.55	C	-		
201	69	O	5.55	A	-		
201	70	O	5.55	A	-		
201	71	O	5.55	A	-		
201	72	O	5.55	A	-		
201	73	O	5.55	C	-		
201	74	O	5.55	C	-		
201	75	O	5.55	C	-		
201	76	O	5.55	C	-		
201	77	O	5.55	C	-		
201	78	O	5.55	A	-		
201	79	O	5.55	A	-		
201	80	O	5.55	A	-		
201	81	O	5.55	G	-		
201	82	O	5.55	C	-		
201	83	O	5.55	T	-		
201	84	O	5.55	G	-		
201	85	O	5.55	T	-		
201	86	O	5.55	T	-		
201	87	O	5.55	T	-		
201	88	O	5.55	G	-		
201	89	O	5.55	A	-		
201	90	O	5.55	G	-		
201	91	O	5.55	A	-		
201	92	O	5.55	T	-		
201	93	O	5.55	T	-		
201	94	O	5.55	G	-		
201	95	O	5.55	G	-		
201	96	O	5.55	A	-		
201	97	O	5.55	C	-		
201	98	O	5.55	A	-		
201	99	O	5.55	T	-		
201	100	O	5.55	C	-		
201	101	O	5.55	C	-		
201	102	O	5.55	T	-		
201	103	O	5.55	A	-		
201	104	O	5.55	A	-		
201	105	O	5.55	A	-		
201	106	O	5.55	A	-		
201	107	O	5.55	G	-		
201	108	O	5.55	C	-		
201	109	O	5.55	A	-		
202	0	O	22.18	T	-		
202	1	O	22.18	G	-		
202	2	O	22.18	C	-		
202	3	O	22.18	G	-		
202	4	O	22.18	C	-		
202	5	O	22.18	C	-		
202	6	O	22.18	G	-		
202	7	O	22.18	T	-		
202	8	O	22.18	C	-		
202	9	O	22.18	C	-		
202	10	O	22.18	G	-		
202	11	O	22.18	C	-		
202	12	O	22.18	C	-		
202	13	O	22.18	T	-		
202	14	O	22.18	G	-		
202	15	O	22.18	G	-		
202	16	O	22.18	C	-		
202	17	O	22.18	G	-		
202	18	O	22.18	C	-		
202	19	O	22.18	C	-		
202	20	O	22.18	C	-		
202	21	O	22.18	A	-		
202	22	O	22.18	A	-		
202	23	O	22.18	C	-		
202	24	O	22.18	G	-		
202	25	O	22.18	G	-		
202	26	O	22.18	C	-		
202	27	O	22.18	C	-		
202	28	O	22.18	G	-		
202	29	O	22.18	C	-		
202	30	O	22.18	C	-		
202	31	O	22.18	G	-		
202	32	O	22.18	G	-		
202	33	O	22.18	C	-		
202	34	O	22.18	T	-		
202	35	O	22.18	G	-		
202	36	O	22.18	A	-		
202	37	O	22.18	C	-		
202	38	O	22.18	C	-		
202	39	O	22.18	T	-		
202	40	O	22.18	G	-		
202	41	O	22.18	C	-		
202	42	O	22.18	G	-		
202	43	O	22.18	C	-		
202	44	O	22.18	C	-		
202	45	O	22.18	A	-		
202	46	O	22.18	A	-		
202	47	O	22.18	C	-		
202	48	O	22.18	G	-		
202	49	O	22.18	T	-		
202	50	O	22.18	C	-		
202	51	O	22.18	G	-		
202	52	O	22.18	C	-		
202	53	O	22.18	C	-		
202	54	O	22.18	T	-		
202	55	O	22.18	T	-		
202	56	O	22.18	G	-		
202	57	O	22.18	G	-		
202	58	O	22.18	C	-		
202	59	O	22.18	A	-		
202	60	O	22.18	G	-		
202	61	O	22.18	A	-		
202	62	O	22.18	G	-		
202	63	O	22.18	G	-		
202	64	O	22.18	C	-		
202	65	O	22.18	G	-		
202	66	O	22.18	A	-		
202	67	O	22.18	C	-		
202	68	O	22.18	C	-		
202	69	O	22.18	G	-		
202	70	O	22.18	A	-		
202	71	O	22.18	C	-		
202	72	O	22.18	G	-		
202	73	O	22.18	G	-		
202	74	O	22.18	C	-		
202	75	O	22.18	G	-		
202	76	O	22.18	C	-		
202	77	O	22.18	C	-		
202	78	O	22.18	C	-		
202	79	O	22.18	G	-		
202	80	O	12.50	G	-		
202	81	O	22.18	G	-		
202	82	O	22.18	C	-		
202	83	O	22.18	G	-		
202	84	O	22.18	G	-		
202	85	O	22.18	G	-		
202	86	O	22.18	G	-		
202	87	O	22.18	G	-		
202	88	O	22.18	C	-		
202	89	O	22.18	G	-		
202	90	O	22.18	C	-		
202	91	O	22.18	T	-		
202	92	O	22.18	C	-		
202	93	O	22.18	G	-		
202	94	O	22.18	C	-		
202	95	O	22.18	G	-		
202	96	O	22.18	G	-		
202	97	O	22.18	C	-		
202	98	O	22.18	T	-		
202	99	O	22.18	G	-		
202	100	O	22.18	G	-		
202	101	O	22.18	C	-		
202	102	O	22.18	C	-		
202	103	O	22.18	A	-		
202	104	O	22.18	A	-		
202	105	O	22.18	A	-		
202	106	O	22.18	G	-		
202	107	O	22.18	C	-		
202	108	O	22.18	C	-		
202	109	O	22.18	G	-		
203	0	O	5.55	G	-		
203	1	O	5.55	G	-		
203	2	O	5.55	C	-		
203	3	O	5.55	A	-		
203	4	O	5.55	A	-		
203	5	O	5.55	A	-		
203	6	O	5.55	G	-		
203	7	O	5.55	G	-		
203	8	O	5.55	A	-		
203	9	O	5.55	A	-		
203	10	O	5.55	C	-		
203	11	O	5.55	G	-		
203	12	O	5.55	T	-		
203	13	O	5.55	G	-		
203	14	O	5.55	C	-		
203	15	O	5.55	G	-		
203	16	O	5.55	C	-		
203	17	O	5.55	G	-		
203	18	O	5.55	C	-		
203	19	O	5.55	T	-		
203	20	O	5.55	T	-		
203	21	O	5.55	C	-		
203	22	O	5.55	A	-		
203	23	O	5.55	C	-		
203	24	O	5.55	A	-		
203	25	O	5.55	A	-		
203	26	O	5.55	C	-		
203	27	O	5.55	A	-		
203	28	O	5.55	C	-		
203	29	O	5.55	G	-		
203	30	O	5.55	G	-		
203	31	O	5.55	A	-		
203	32	O	5.55	C	-		
203	33	O	5.55	C	-		
203	34	O	5.55	G	-		
203	35	O	5.55	T	-		
203	36	O	5.55	G	-		
203	37	O	5.55	A	-		
203	38	O	5.55	G	-		
203	39	O	5.55	C	-		
203	40	O	5.55	C	-		
203	41	O	5.55	C	-		
203	42	O	5.55	G	-		
203	43	O	5.55	C	-		
203	44	O	5.55	C	-		
203	45	O	5.55	G	-		
203	46	O	5.55	A	-		
203	47	O	5.55	G	-		
203	48	O	5.55	A	-		
203	49	O	5.55	A	-		
203	50	O	5.55	A	-		
203	51	O	5.55	A	-		
203	52	O	5.55	T	-		
203	53	O	5.55	G	-		
203	54	O	5.55	C	-		
203	55	O	5.55	C	-		
203	56	O	5.55	C	-		
203	57	O	5.55	C	-		
203	58	O	5.55	A	-		
203	59	O	5.55	G	-		
203	60	O	5.55	C	-		
203	61	O	5.55	A	-		
203	62	O	5.55	G	-		
203	63	O	5.55	A	-		
203	64	O	5.55	G	-		
203	65	O	5.55	A	-		
203	66	O	5.55	A	-		
203	67	O	5.55	G	-		
203	68	O	5.55	T	-		
203	69	O	5.55	T	-		
203	70	O	5.55	G	-		
203	71	O	5.55	G	-		
203	72	O	5.55	T	-		
203	73	O	5.55	G	-		
203	74	O	5.55	C	-		
203	75	O	5.55	C	-		
203	76	O	5.55	C	-		
203	77	O	5.55	C	-		
203	78	O	5.55	T	-		
203	79	O	5.55	G	-		
203	80	O	5.55	A	-		
203	81	O	5.55	T	-		
203	82	O	5.55	C	-		
203	83	O	5.55	C	-		
203	84	O	5.55	G	-		
203	85	O	5.55	C	-		
203	86	O	5.55	A	-		
203	87	O	5.55	C	-		
203	88	O	5.55	T	-		
203	89	O	5.55	C	-		
203	90	O	5.55	C	-		
203	91	O	5.55	G	-		
203	92	O	5.55	C	-		
203	93	O	5.55	A	-		
203	94	O	5.55	G	-		
203	95	O	5.55	A	-		
203	96	O	5.55	G	-		
203	97	O	5.55	A	-		
203	98	O	5.55	A	-		
203	99	O	5.55	A	-		
203	100	O	5.55	C	-		
203	101	O	5.55	C	-		
203	102	O	5.55	A	-		
203	103	O	5.55	A	-		
203	104	O	5.55	A	-		
203	105	O	5.55	G	-		
203	106	O	5.55	T	-		
203	107	O	5.55	T	-		
203	108	O	5.55	T	-		
203	109	O	5.55	G	-		
204	0	O	5.55	G	-		
204	1	O	5.55	A	-		
204	2	O	5.55	G	-		
204	3	O	5.55	A	-		
204	4	O	5.55	G	-		
204	5	O	5.55	A	-		
204	6	O	5.55	G	-		
204	7	O	5.55	A	-		
204	8	O	5.55	G	-		
204	9	O	5.55	A	-		
204	10	O	5.55	G	-		
204	11	O	5.55	A	-		
204	12	O	5.55	G	-		
204	13	O	5.55	A	-		
204	14	O	5.55	G	-		
204	15	O	5.55	A	-		
204	16	O	5.55	G	-		
204	17	O	5.55	A	-		
204	18	O	5.55	G	-		
204	19	O	5.55	A	-		
204	20	O	5.55	G	-		
204	21	O	5.55	A	-		
204	22	O	5.55	G	-		
204	23	O	5.55	A	-		
204	24	O	5.55	G	-		
204	25	O	5.55	A	-		
204	26	O	5.55	G	-		
204	27	O	5.55	A	-		
204	28	O	5.55	G	-		
204	29	O	5.55	A	-		
204	30	O	5.55	G	-		
204	31	O	5.55	T	-		
204	32	O	5.55	C	-		
204	33	O	5.55	G	-		
204	34	O	5.55	C	-		
204	35	O	5.55	T	-		
204	36	O	5.55	C	-		
204	37	O	5.55	A	-		
204	38	O	5.55	A	-		
204	39	O	5.55	C	-		
204	40	O	5.55	G	-		
204	41	O	5.55	A	-		
204	42	O	5.55	G	-		
204	43	O	5.55	T	-		
204	44	O	5.55	T	-		
204	45	O	5.55	C	-		
204	46	O	5.55	G	-		
204	47	O	5.55	T	-		
204	48	O	5.55	T	-		
204	49	O	5.55	C	-		
204	50	O	5.55	T	-		
204	51	O	5.55	G	-		
204	52	O	5.55	A	-		
204	53	O	5.55	C	-		
204	54	O	5.55	T	-		
204	55	O	5.55	C	-		
204	56	O	5.55	T	-		
204	57	O	5.55	A	-		
204	58	O	5.55	C	-		
204	59	O	5.55	G	-		
204	60	O	5.55	T	-		
204	61	O	5.55	C	-		
204	62	O	5.55	T	-		
204	63	O	5.55	A	-		
204	64	O	5.55	C	-		
204	65	O	5.55	G	-		
204	66	O	5.55	C	-		
204	67	O	5.55	A	-		
204	68	O	5.55	A	-		
204	69	O	5.55	G	-		
204	70	O	5.55	C	-		
204	71	O	5.55	C	-		
204	72	O	5.55	A	-		
204	73	O	5.55	C	-		
204	74	O	5.55	T	-		
204	75	O	5.55	C	-		
204	76	O	5.55	G	-		
204	77	O	5.55	A	-		
204	78	O	5.55	C	-		
204	79	O	5.55	C	-		
204	80	O	5.55	C	-		
204	81	O	5.55	A	-		
204	82	O	5.55	G	-		
204	83	O	5.55	T	-		
204	84	O	5.55	C	-		
204	85	O	5.55	T	-		
204	86	O	5.55	A	-		
204	87	O	5.55	A	-		
204	88	O	5.55	C	-		
204	89	O	5.55	C	-		
204	90	O	5.55	C	-		
204	91	O	5.55	G	-		
204	92	O	5.55	C	-		
204	93	O	5.55	G	-		
204	94	O	5.55	A	-		
204	95	O	5.55	T	-		
204	96	O	5.55	A	-		
204	97	O	5.55	G	-		
204	98	O	5.55	C	-		
204	99	O	5.55	T	-		
204	100	O	5.55	A	-		
204	101	O	5.55	C	-		
204	102	O	5.55	A	-		
204	103	O	5.55	C	-		
204	104	O	5.55	G	-		
204	105	O	5.55	T	-		
204	106	O	5.55	C	-		
204	107	O	5.55	G	-		
204	108	O	5.55	G	-		
204	109	O	5.55	A	-		
205	0	O	11.09	G	-		
205	1	O	11.09	A	-		
205	2	O	11.09	C	-		
205	3	O	11.09	A	-		
205	4	O	11.09	G	-		
205	5	O	11.09	C	-		
205	6	O	11.09	A	-		
205	7	O	11.09	C	-		
205	8	O	11.09	C	-		
205	9	O	11.09	A	-		
205	10	O	11.09	G	-		
205	11	O	11.09	G	-		
205	12	O	11.09	T	-		
205	13	O	11.09	A	-		
205	14	O	11.09	G	-		
205	15	O	11.09	T	-		
205	16	O	11.09	T	-		
205	17	O	11.09	G	-		
205	18	O	11.09	C	-		
205	19	O	11.09	C	-		
205	20	O	11.09	G	-		
205	21	O	11.09	A	-		
205	22	O	11.09	T	-		
205	23	O	11.09	G	-		
205	24	O	11.09	G	-		
205	25	O	11.09	T	-		
205	26	O	11.09	G	-		
205	27	O	11.09	C	-		
205	28	O	11.09	G	-		
205	29	O	11.09	C	-		
205	30	O	11.09	A	-		
205	31	O	11.09	G	-		
205	32	O	11.09	G	-		
205	33	O	11.09	T	-		
205	34	O	11.09	T	-		
205	35	O	11.09	T	-		
205	36	O	11.09	C	-		
205	37	O	11.09	G	-		
205	38	O	11.09	C	-		
205	39	O	11.09	T	-		
205	40	O	11.09	C	-		
205	41	O	11.09	C	-		
205	42	O	11.09	A	-		
205	43	O	11.09	C	-		
205	44	O	11.09	C	-		
205	45	O	11.09	A	-		
205	46	O	11.09	G	-		
205	47	O	11.09	G	-		
205	48	O	11.09	A	-		
205	49	O	11.09	T	-		
205	50	O	11.09	G	-		
205	51	O	11.09	G	-		
205	52	O	11.09	C	-		
205	53	O	11.09	C	-		
205	54	O	11.09	A	-		
205	55	O	11.09	C	-		
205	56	O	11.09	G	-		
205	57	O	11.09	A	-		
205	58	O	11.09	T	-		
205	59	O	11.09	G	-		
205	60	O	11.09	A	-		
205	61	O	11.09	C	-		
205	62	O	11.09	G	-		
205	63	O	11.09	A	-		
205	64	O	11.09	A	-		
205	65	O	11.09	C	-		
205	66	O	11.09	A	-		
205	67	O	11.09	G	-		
205	68	O	11.09	G	-		
205	69	O	11.09	T	-		
205	70	O	11.09	T	-		
205	71	O	11.09	G	-		
205	72	O	11.09	C	-		
205	73	O	11.09	C	-		
205	74	O	11.09	G	-		
205	75	O	11.09	A	-		
205	76	O	11.09	C	-		
205	77	O	11.09	G	-		
205	78	O	11.09	G	-		
205	79	O	11.09	C	-		
205	80	O	11.09	C	-		
205	81	O	11.09	G	-		
205	82	O	11.09	T	-		
205	83	O	11.09	G	-		
205	84	O	11.09	G	-		
205	85	O	11.09	T	-		
205	86	O	11.09	G	-		
205	87	O	11.09	A	-		
205	88	O	11.09	G	-		
205	89	O	11.09	C	-		
205	90	O	11.09	A	-		
205	91	O	11.09	T	-		
205	92	O	11.09	G	-		
205	93	O	11.09	A	-		
205	94	O	11.09	G	-		
205	95	O	11.09	C	-		
205	96	O	11.09	G	-		
205	97	O	11.09	C	-		
205	98	O	11.09	C	-		
205	99	O	11.09	A	-		
205	100	O	11.09	C	-		
205	101	O	11.09	C	-		
205	102	O	11.09	A	-		
205	103	O	11.09	G	-		
205	104	O	11.09	G	-		
205	105	O	11.09	A	-		
205	106	O	11.09	T	-		
205	107	O	11.09	G	-		
205	108	O	11.09	A	-		
205	109	O	11.09	G	-		
206	0	O	6.93	C	-		
206	1	O	6.93	G	-		
206	2	O	6.93	G	-		
206	3	O	6.93	A	-		
206	4	O	6.93	A	-		
206	5	O	6.93	A	-		
206	6	O	6.93	G	-		
206	7	O	6.93	A	-		
206	8	O	6.93	A	-		
206	9	O	6.93	A	-		
206	10	O	6.93	A	-		
206	11	O	6.93	G	-		
206	12	O	6.93	A	-		
206	13	O	6.93	G	-		
206	14	O	6.93	A	-		
206	15	O	6.93	T	-		
206	16	O	6.93	A	-		
206	17	O	6.93	G	-		
206	18	O	6.93	T	-		
206	19	O	6.93	G	-		
206	20	O	6.93	A	-		
206	21	O	6.93	A	-		
206	22	O	6.93	A	-		
206	23	O	6.93	C	-		
206	24	O	6.93	C	-		
206	25	O	6.93	C	-		
206	26	O	6.93	T	-		
206	27	O	6.93	C	-		
206	28	O	6.93	T	-		
206	29	O	6.93	C	-		
206	30	O	6.93	C	-		
206	31	O	6.93	C	-		
206	32	O	6.93	A	-		
206	33	O	6.93	C	-		
206	34	O	6.93	C	-		
206	35	O	6.93	T	-		
206	36	O	6.93	T	-		
206	37	O	6.93	T	-		
206	38	O	6.93	T	-		
206	39	O	6.93	C	-		
206	40	O	6.93	T	-		
206	41	O	6.93	A	-		
206	42	O	6.93	T	-		
206	43	O	6.93	C	-		
206	44	O	6.93	T	-		
206	45	O	6.93	A	-		
206	46	O	6.93	T	-		
206	47	O	6.93	C	-		
206	48	O	6.93	C	-		
206	49	O	6.93	T	-		
206	50	O	6.93	T	-		
206	51	O	6.93	A	-		
206	52	O	6.93	G	-		
206	53	O	6.93	A	-		
206	54	O	6.93	A	-		
206	55	O	6.93	G	-		
206	56	O	6.93	T	-		
206	57	O	6.93	A	-		
206	58	O	6.93	G	-		
206	59	O	6.93	G	-		
206	60	O	6.93	A	-		
206	61	O	6.93	C	-		
206	62	O	6.93	G	-		
206	63	O	6.93	A	-		
206	64	O	6.93	G	-		
206	65	O	6.93	T	-		
206	66	O	6.93	G	-		
206	67	O	6.93	T	-		
206	68	O	6.93	C	-		
206	69	O	6.93	C	-		
206	70	O	6.93	T	-		
206	71	O	6.93	A	-		
206	72	O	6.93	C	-		
206	73	O	6.93	C	-		
206	74	O	6.93	T	-		
206	75	O	6.93	A	-		
206	76	O	6.93	A	-		
206	77	O	6.93	T	-		
206	78	O	6.93	T	-		
206	79	O	6.93	C	-		
206	80	O	6.93	A	-		
206	81	O	6.93	A	-		
206	82	O	6.93	T	-		
206	83	O	6.93	G	-		
206	84	O	6.93	A	-		
206	85	O	6.93	T	-		
206	86	O	6.93	T	-		
206	87	O	6.93	A	-		
206	88	U	-0.27	G	T		
206	89	O	6.93	A	-		
206	90	O	6.93	A	-		
206	91	O	6.93	T	-		
206	92	O	6.93	A	-		
206	93	O	6.93	A	-		
206	94	O	6.93	T	-		
206	95	O	6.93	G	-		
206	96	O	6.93	G	-		
206	97	O	6.93	A	-		
206	98	O	6.93	G	-		
206	99	O	6.93	A	-		
206	100	O	6.93	A	-		
206	101	O	6.93	G	-		
206	102	O	6.93	G	-		
206	103	O	6.93	G	-		
206	104	O	6.93	A	-		
206	105	O	6.93	G	-		
206	106	O	6.93	A	-		
206	107	O	6.93	G	-		
206	108	O	6.93	G	-		
206	109	O	6.93	T	-		
207	0	O	13.86	C	-		
207	1	O	13.86	C	-		
207	2	O	13.86	A	-		
207	3	O	13.86	A	-		
207	4	O	13.86	A	-		
207	5	O	13.86	A	-		
207	6	O	13.86	T	-		
207	7	O	13.86	A	-		
207	8	O	13.86	G	-		
207	9	O	13.86	T	-		
207	10	O	13.86	C	-		
207	11	O	13.86	C	-		
207	12	O	13.86	C	-		
207	13	O	13.86	T	-		
207	14	O	13.86	C	-		
207	15	O	13.86	C	-		
207	16	O	13.86	G	-		
207	17	O	13.86	T	-		
207	18	O	13.86	C	-		
207	19	O	13.86	C	-		
207	20	O	13.86	A	-		
207	21	O	13.86	A	-		
207	22	O	13.86	A	-		
207	23	O	13.86	C	-		
207	24	O	13.86	G	-		
207	25	O	13.86	C	-		
207	26	O	13.86	C	-		
207	27	O	13.86	A	-		
207	28	O	13.86	T	-		
207	29	O	13.86	C	-		
207	30	O	13.86	G	-		
207	31	O	13.86	C	-		
207	32	O	13.86	G	-		
207	33	O	13.86	A	-		
207	34	O	13.86	A	-		
207	35	O	13.86	C	-		
207	36	O	13.86	C	-		
207	37	O	13.86	T	-		
207	38	O	13.86	A	-		
207	39	O	13.86	A	-		
207	40	O	13.86	C	-		
207	41	O	13.86	T	-		
207	42	O	13.86	C	-		
207	43	O	13.86	G	-		
207	44	O	13.86	T	-		
207	45	O	13.86	T	-		
207	46	O	13.86	T	-		
207	47	O	13.86	G	-		
207	48	O	13.86	G	-		
207	49	O	13.86	A	-		
207	50	O	13.86	G	-		
207	51	O	13.86	T	-		
207	52	O	13.86	C	-		
207	53	O	13.86	G	-		
207	54	O	13.86	T	-		
207	55	O	13.86	A	-		
207	56	O	13.86	G	-		
207	57	O	13.86	G	-		
207	58	O	13.86	T	-		
207	59	O	13.86	A	-		
207	60	O	13.86	A	-		
207	61	O	13.86	G	-		
207	62	O	13.86	A	-		
207	63	O	13.86	C	-		
207	64	O	13.86	T	-		
207	65	O	13.86	G	-		
207	66	O	13.86	A	-		
207	67	O	13.86	A	-		
207	68	O	13.86	T	-		
207	69	O	13.86	C	-		
207	70	O	13.86	G	-		
207	71	O	13.86	T	-		
207	72	O	13.86	C	-		
207	73	O	13.86	A	-		
207	74	O	13.86	T	-		
207	75	O	13.86	A	-		
207	76	O	13.86	C	-		
207	77	O	13.86	A	-		
207	78	O	13.86	A	-		
207	79	O	13.86	A	-		
207	80	O	13.86	T	-		
207	81	O	13.86	G	-		
207	82	O	13.86	C	-		
207	83	O	13.86	A	-		
207	84	O	13.86	C	-		
207	85	O	13.86	C	-		
207	86	O	13.86	G	-		
207	87	O	13.86	G	-		
207	88	O	13.86	T	-		
207	89	O	13.86	C	-		
207	90	O	13.86	T	-		
207	91	O	13.86	C	-		
207	92	O	13.86	G	-		
207	93	O	13.86	T	-		
207	94	O	13.86	T	-		
207	95	O	13.86	T	-		
207	96	O	13.86	C	-		
207	97	O	13.86	G	-		
207	98	O	13.86	C	-		
207	99	O	13.86	A	-		
207	100	O	13.86	G	-		
207	101	O	13.86	T	-		
207	102	O	13.86	G	-		
207	103	O	13.86	A	-		
207	104	O	13.86	C	-		
207	105	O	13.86	C	-		
207	106	O	13.86	A	-		
207	107	O	13.86	A	-		
207	108	O	13.86	G	-		
207	109	O	13.86	A	-		
208	0	O	13.86	C	-		
208	1	O	13.86	G	-		
208	2	O	13.86	T	-		
208	3	O	13.86	A	-		
208	4	O	13.86	G	-		
208	5	O	13.86	A	-		
208	6	O	13.86	G	-		
208	7	O	13.86	A	-		
208	8	O	13.86	C	-		
208	9	O	13.86	G	-		
208	10	O	13.86	A	-		
208	11	O	13.86	C	-		
208	12	O	13.86	C	-		
208	13	O	13.86	G	-		
208	14	O	13.86	A	-		
208	15	O	13.86	C	-		
208	16	O	13.86	G	-		
208	17	O	13.86	A	-		
208	18	O	13.86	T	-		
208	19	O	13.86	G	-		
208	20	O	13.86	G	-		
208	21	O	13.86	C	-		
208	22	O	13.86	G	-		
208	23	O	13.86	A	-		
208	24	O	13.86	G	-		
208	25	O	13.86	A	-		
208	26	O	13.86	G	-		
208	27	O	13.86	C	-		
208	28	O	13.86	G	-		
208	29	O	13.86	T	-		
208	30	O	13.86	T	-		
208	31	O	13.86	G	-		
208	32	O	13.86	G	-		
208	33	O	13.86	G	-		
208	34	O	13.86	A	-		
208	35	O	13.86	A	-		
208	36	O	13.86	C	-		
208	37	O	13.86	G	-		
208	38	O	13.86	A	-		
208	39	O	13.86	G	-		
208	40	O	13.86	C	-		
208	41	O	13.86	A	-		
208	42	O	13.86	G	-		
208	43	O	13.86	A	-		
208	44	O	13.86	G	-		
208	45	O	13.86	A	-		
208	46	O	13.86	A	-		
208	47	O	13.86	C	-		
208	48	O	13.86	A	-		
208	49	O	13.86	G	-		
208	50	O	13.86	C	-		
208	51	O	13.86	C	-		
208	52	O	13.86	A	-		
208	53	O	13.86	G	-		
208	54	O	13.86	T	-		
208	55	O	13.86	C	-		
208	56	O	13.86	C	-		
208	57	O	13.86	C	-		
208	58	O	13.86	T	-		
208	59	O	13.86	T	-		
208	60	O	13.86	G	-		
208	61	O	13.86	A	-		
208	62	O	13.86	A	-		
208	63	O	13.86	A	-		
208	64	O	13.86	G	-		
208	65	O	13.86	C	-		
208	66	O	13.86	C	-		
208	67	O	13.86	G	-		
208	68	O	13.86	C	-		
208	69	O	13.86	G	-		
208	70	O	13.86	G	-		
208	71	O	13.86	G	-		
208	72	O	13.86	C	-		
208	73	O	13.86	T	-		
208	74	O	13.86	A	-		
208	75	O	13.86	C	-		
208	76	O	13.86	G	-		
208	77	O	13.86	C	-		
208	78	O	13.86	T	-		
208	79	O	13.86	G	-		
208	80	O	13.86	A	-		
208	81	O	13.86	A	-		
208	82	O	13.86	G	-		
208	83	O	13.86	A	-		
208	84	O	13.86	G	-		
208	85	O	13.86	A	-		
208	86	O	13.86	A	-		
208	87	O	13.86	C	-		
208	88	O	13.86	G	-		
208	89	O	13.86	T	-		
208	90	O	13.86	C	-		
208	91	O	13.86	G	-		
208	92	O	13.86	C	-		
208	93	O	13.86	C	-		
208	94	O	13.86	G	-		
208	95	O	13.86	C	-		
208	96	O	13.86	T	-		
208	97	O	13.86	G	-		
208	98	O	13.86	T	-		
208	99	O	13.86	A	-		
208	100	O	13.86	T	-		
208	101	O	13.86	A	-		
208	102	O	13.86	C	-		
208	103	O	13.86	C	-		
208	104	O	13.86	G	-		
208	105	O	13.86	C	-		
208	106	O	13.86	C	-		
208	107	O	13.86	A	-		
208	108	O	13.86	G	-		
208	109	O	13.86	A	-		
209	0	O	11.09	T	-		
209	1	O	11.09	T	-		
209	2	O	11.09	C	-		
209	3	O	11.09	C	-		
209	4	O	11.09	G	-		
209	5	O	11.09	C	-		
209	6	O	11.09	C	-		
209	7	O	11.09	G	-		
209	8	O	11.09	G	-		
209	9	O	11.09	C	-		
209	10	O	11.09	A	-		
209	11	O	11.09	A	-		
209	12	O	11.09	A	-		
209	13	O	11.09	G	-		
209	14	O	11.09	C	-		
209	15	O	11.09	T	-		
209	16	O	11.09	G	-		
209	17	O	11.09	C	-		
209	18	O	11.09	G	-		
209	19	O	11.09	A	-		
209	20	O	11.09	A	-		
209	21	O	11.09	C	-		
209	22	O	11.09	T	-		
209	23	O	11.09	G	-		
209	24	O	11.09	C	-		
209	25	O	11.09	A	-		
209	26	O	11.09	G	-		
209	27	O	11.09	T	-		
209	28	O	11.09	T	-		
209	29	O	11.09	A	-		
209	30	O	11.09	C	-		
209	31	O	11.09	A	-		
209	32	O	11.09	C	-		
209	33	O	11.09	T	-		
209	34	O	11.09	G	-		
209	35	O	11.09	A	-		
209	36	O	11.09	A	-		
209	37	O	11.09	C	-		
209	38	O	11.09	A	-		
209	39	O	11.09	C	-		
209	40	O	11.09	T	-		
209	41	O	11.09	G	-		
209	42	O	11.09	G	-		
209	43	O	11.09	C	-		
209	44	O	11.09	A	-		
209	45	O	11.09	A	-		
209	46	O	11.09	C	-		
209	47	O	11.09	T	-		
209	48	O	11.09	C	-		
209	49	O	11.09	T	-		
209	50	O	11.09	G	-		
209	51	O	11.09	C	-		
209	52	O	11.09	G	-		
209	53	O	11.09	C	-		
209	54	O	11.09	C	-		
209	55	O	11.09	T	-		
209	56	O	11.09	G	-		
209	57	O	11.09	C	-		
209	58	O	11.09	G	-		
209	59	O	11.09	T	-		
209	60	O	11.09	T	-		
209	61	O	11.09	G	-		
209	62	O	11.09	C	-		
209	63	O	11.09	T	-		
209	64	O	11.09	C	-		
209	65	O	11.09	G	-		
209	66	O	11.09	A	-		
209	67	O	11.09	C	-		
209	68	O	11.09	G	-		
209	69	O	11.09	C	-		
209	70	O	11.09	G	-		
209	71	O	11.09	T	-		
209	72	O	11.09	T	-		
209	73	O	11.09	C	-		
209	74	O	11.09	G	-		
209	75	O	11.09	G	-		
209	76	O	11.09	C	-		
209	77	O	11.09	A	-		
209	78	O	11.09	A	-		
209	79	O	11.09	G	-		
209	80	O	11.09	C	-		
209	81	O	11.09	A	-		
209	82	O	11.09	G	-		
209	83	O	11.09	A	-		
209	84	O	11.09	G	-		
209	85	O	11.09	G	-		
209	86	O	11.09	T	-		
209	87	O	11.09	G	-		
209	88	O	11.09	A	-		
209	89	O	11.09	A	-		
209	90	O	11.09	A	-		
209	91	O	11.09	G	-		
209	92	O	11.09	A	-		
209	93	O	11.09	A	-		
209	94	O	11.09	G	-		
209	95	O	11.09	T	-		
209	96	O	11.09	A	-		
209	97	O	11.09	C	-		
209	98	O	11.09	T	-		
209	99	O	11.09	T	-		
209	100	O	11.09	G	-		
209	101	O	11.09	A	-		
209	102	O	11.09	A	-		
209	103	O	11.09	A	-		
209	104	O	11.09	G	-		
209	105	O	11.09	C	-		
209	106	O	11.09	C	-		
209	107	O	11.09	G	-		
209	108	O	11.09	T	-		
209	109	O	11.09	C	-		
210	0	O	5.55	T	-		
210	1	O	5.55	T	-		
210	2	O	5.55	C	-		
210	3	O	5.55	A	-		
210	4	O	5.55	T	-		
210	5	O	5.55	A	-		
210	6	O	5.55	T	-		
210	7	O	5.55	T	-		
210	8	O	5.55	T	-		
210	9	O	5.55	A	-		
210	10	O	5.55	C	-		
210	11	O	5.55	C	-		
210	12	O	5.55	A	-		
210	13	O	5.55	T	-		
210	14	O	5.55	C	-		
210	15	O	5.55	A	-		
210	16	O	5.55	G	-		
210	17	O	5.55	A	-		
210	18	O	5.55	A	-		
210	19	O	5.55	A	-		
210	20	O	5.55	C	-		
210	21	O	5.55	T	-		
210	22	O	5.55	A	-		
210	23	O	5.55	T	-		
210	24	O	5.55	G	-		
210	25	O	5.55	G	-		
210	26	O	5.55	T	-		
210	27	O	5.55	C	-		
210	28	O	5.55	A	-		
210	29	O	5.55	C	-		
210	30	O	5.55	A	-		
210	31	O	5.55	A	-		
210	32	O	5.55	C	-		
210	33	O	5.55	A	-		
210	34	O	5.55	C	-		
210	35	O	5.55	T	-		
210	36	O	5.55	G	-		
210	37	O	5.55	A	-		
210	38	O	5.55	T	-		
210	39	O	5.55	C	-		
210	40	O	5.55	C	-		
210	41	O	5.55	C	-		
210	42	O	5.55	C	-		
210	43	O	5.55	T	-		
210	44	O	5.55	G	-		
210	45	O	5.55	G	-		
210	46	O	5.55	C	-		
210	47	O	5.55	A	-		
210	48	O	5.55	G	-		
210	49	O	5.55	A	-		
210	50	O	5.55	G	-		
210	51	O	5.55	A	-		
210	52	O	5.55	T	-		
210	53	O	5.55	C	-		
210	54	O	5.55	C	-		
210	55	O	5.55	T	-		
210	56	O	5.55	C	-		
210	57	O	5.55	A	-		
210	58	O	5.55	T	-		
210	59	O	5.55	C	-		
210	60	O	5.55	A	-		
210	61	O	5.55	A	-		
210	62	O	5.55	C	-		
210	63	O	5.55	A	-		
210	64	O	5.55	T	-		
210	65	O	5.55	T	-		
210	66	O	5.55	C	-		
210	67	O	5.55	G	-		
210	68	O	5.55	G	-		
210	69	O	5.55	G	-		
210	70	O	5.55	A	-		
210	71	O	5.55	G	-		
210	72	O	5.55	C	-		
210	73	O	5.55	A	-		
210	74	O	5.55	G	-		
210	75	O	5.55	T	-		
210	76	O	5.55	A	-		
210	77	O	5.55	C	-		
210	78	O	5.55	A	-		
210	79	O	5.55	A	-		
210	80	O	5.55	T	-		
210	81	O	5.55	G	-		
210	82	O	5.55	A	-		
210	83	O	5.55	G	-		
210	84	O	5.55	A	-		
210	85	O	5.55	T	-		
210	86	O	5.55	C	-		
210	87	O	5.55	C	-		
210	88	O	5.55	T	-		
210	89	O	5.55	C	-		
210	90	O	5.55	A	-		
210	91	O	5.55	T	-		
210	92	O	5.55	G	-		
210	93	O	5.55	A	-		
210	94	O	5.55	A	-		
210	95	O	5.55	T	-		
210	96	O	5.55	C	-		
210	97	O	5.55	A	-		
210	98	O	5.55	A	-		
210	99	O	5.55	T	-		
210	100	O	5.55	G	-		
210	101	O	5.55	G	-		
210	102	O	5.55	C	-		
210	103	O	5.55	G	-		
210	104	O	5.55	A	-		
210	105	O	5.55	G	-		
210	106	O	5.55	A	-		
210	107	O	5.55	A	-		
210	108	O	5.55	A	-		
210	109	O	5.55	A	-		
211	0	O	8.32	T	-		
211	1	O	8.32	T	-		
211	2	O	8.32	C	-		
211	3	O	8.32	T	-		
211	4	O	8.32	T	-		
211	5	O	8.32	T	-		
211	6	O	8.32	T	-		
211	7	O	8.32	G	-		
211	8	O	8.32	G	-		
211	9	O	8.32	G	-		
211	10	O	8.32	A	-		
211	11	O	8.32	T	-		
211	12	O	8.32	T	-		
211	13	O	8.32	C	-		
211	14	O	8.32	T	-		
211	15	O	8.32	C	-		
211	16	O	8.32	T	-		
211	17	O	8.32	G	-		
211	18	O	8.32	T	-		
211	19	O	8.32	C	-		
211	20	O	8.32	C	-		
211	21	O	8.32	T	-		
211	22	O	8.32	T	-		
211	23	O	8.32	G	-		
211	24	O	8.32	T	-		
211	25	O	8.32	T	-		
211	26	O	8.32	G	-		
211	27	O	8.32	G	-		
211	28	O	8.32	C	-		
211	29	O	8.32	G	-		
211	30	O	8.32	C	-		
211	31	O	8.32	T	-		
211	32	O	8.32	A	-		
211	33	O	8.32	G	-		
211	34	O	8.32	T	-		
211	35	O	8.32	G	-		
211	36	O	8.32	C	-		
211	37	O	8.32	T	-		
211	38	O	8.32	T	-		
211	39	O	8.32	G	-		
211	40	O	8.32	G	-		
211	41	O	8.32	G	-		
211	42	O	8.32	T	-		
211	43	O	8.32	G	-		
211	44	O	8.32	G	-		
211	45	O	8.32	A	-		
211	46	O	8.32	T	-		
211	47	O	8.32	C	-		
211	48	O	8.32	T	-		
211	49	O	8.32	G	-		
211	50	O	8.32	T	-		
211	51	O	8.32	T	-		
211	52	O	8.32	G	-		
211	53	O	8.32	G	-		
211	54	O	8.32	T	-		
211	55	O	8.32	G	-		
211	56	O	8.32	C	-		
211	57	O	8.32	G	-		
211	58	O	8.32	T	-		
211	59	O	8.32	T	-		
211	60	O	8.32	T	-		
211	61	O	8.32	A	-		
211	62	O	8.32	A	-		
211	63	O	8.32	A	-		
211	64	O	8.32	G	-		
211	65	O	8.32	C	-		
211	66	O	8.32	T	-		
211	67	O	8.32	T	-		
211	68	O	8.32	C	-		
211	69	O	8.32	A	-		
211	70	O	8.32	T	-		
211	71	O	8.32	T	-		
211	72	O	8.32	T	-		
211	73	O	8.32	T	-		
211	74	O	8.32	C	-		
211	75	O	8.32	C	-		
211	76	O	8.32	C	-		
211	77	O	8.32	C	-		
211	78	O	8.32	C	-		
211	79	O	8.32	A	-		
211	80	O	8.32	T	-		
211	81	O	8.32	A	-		
211	82	O	8.32	G	-		
211	83	O	8.32	T	-		
211	84	O	8.32	C	-		
211	85	O	8.32	A	-		
211	86	O	8.32	A	-		
211	87	O	8.32	T	-		
211	88	O	8.32	T	-		
211	89	O	8.32	G	-		
211	90	O	8.32	A	-		
211	91	O	8.32	C	-		
211	92	O	8.32	A	-		
211	93	O	8.32	T	-		
211	94	O	8.32	G	-		
211	95	O	8.32	A	-		
211	96	O	8.32	G	-		
211	97	O	8.32	C	-		
211	98	O	8.32	A	-		
211	99	O	8.32	T	-		
211	100	O	8.32	T	-		
211	101	O	8.32	C	-		
211	102	O	8.32	T	-		
211	103	O	8.32	T	-		
211	104	O	8.32	G	-		
211	105	O	8.32	C	-		
211	106	O	8.32	A	-		
211	107	O	8.32	T	-		
211	108	O	8.32	G	-		
211	109	O	8.32	C	-		
212	0	O	5.55	A	-		
212	1	O	5.55	C	-		
212	2	O	5.55	A	-		
212	3	O	5.55	C	-		
212	4	O	5.55	G	-		
212	5	O	5.55	G	-		
212	6	O	5.55	C	-		
212	7	O	5.55	A	-		
212	8	O	5.55	A	-		
212	9	O	5.55	G	-		
212	10	O	5.55	C	-		
212	11	O	5.55	T	-		
212	12	O	5.55	T	-		
212	13	O	5.55	G	-		
212	14	O	5.55	G	-		
212	15	O	5.55	T	-		
212	16	O	5.55	C	-		
212	17	O	5.55	A	-		
212	18	O	5.55	G	-		
212	19	O	5.55	C	-		
212	20	O	5.55	G	-		
212	21	O	5.55	G	-		
212	22	O	5.55	T	-		
212	23	O	5.55	G	-		
212	24	O	5.55	A	-		
212	25	O	5.55	T	-		
212	26	O	5.55	G	-		
212	27	O	5.55	T	-		
212	28	O	5.55	C	-		
212	29	O	5.55	A	-		
212	30	O	5.55	T	-		
212	31	O	5.55	C	-		
212	32	O	5.55	G	-		
212	33	O	5.55	G	-		
212	34	O	5.55	C	-		
212	35	O	5.55	C	-		
212	36	O	5.55	A	-		
212	37	O	5.55	G	-		
212	38	O	5.55	C	-		
212	39	O	5.55	C	-		
212	40	O	5.55	G	-		
212	41	O	5.55	C	-		
212	42	O	5.55	T	-		
212	43	O	5.55	G	-		
212	44	O	5.55	C	-		
212	45	O	5.55	T	-		
212	46	O	5.55	G	-		
212	47	O	5.55	C	-		
212	48	O	5.55	A	-		
212	49	O	5.55	C	-		
212	50	O	5.55	C	-		
212	51	O	5.55	T	-		
212	52	O	5.55	G	-		
212	53	O	5.55	C	-		
212	54	O	5.55	T	-		
212	55	O	5.55	G	-		
212	56	O	5.55	C	-		
212	57	O	5.55	A	-		
212	58	O	5.55	G	-		
212	59	O	5.55	C	-		
212	60	O	5.55	A	-		
212	61	O	5.55	A	-		
212	62	O	5.55	G	-		
212	63	O	5.55	G	-		
212	64	O	5.55	C	-		
212	65	O	5.55	A	-		
212	66	O	5.55	G	-		
212	67	O	5.55	C	-		
212	68	O	5.55	G	-		
212	69	O	5.55	T	-		
212	70	O	5.55	G	-		
212	71	O	5.55	C	-		
212	72	O	5.55	T	-		
212	73	O	5.55	G	-		
212	74	O	5.55	C	-		
212	75	O	5.55	G	-		
212	76	O	5.55	G	-		
212	77	O	5.55	C	-		
212	78	O	5.55	A	-		
212	79	O	5.55	G	-		
212	80	O	5.55	C	-		
212	81	O	5.55	A	-		
212	82	O	5.55	T	-		
212	83	O	5.55	C	-		
212	84	O	5.55	T	-		
212	85	O	5.55	G	-		
212	86	O	5.55	A	-		
212	87	O	5.55	T	-		
212	88	O	5.55	C	-		
212	89	O	5.55	G	-		
212	90	O	5.55	C	-		
212	91	O	5.55	G	-		
212	92	O	5.55	G	-		
212	93	O	5.55	T	-		
212	94	O	5.55	G	-		
212	95	O	5.55	C	-		
212	96	O	5.55	C	-		
212	97	O	5.55	A	-		
212	98	O	5.55	C	-		
212	99	O	5.55	T	-		
212	100	O	5.55	G	-		
212	101	O	5.55	G	-		
212	102	O	5.55	T	-		
212	103	O	5.55	G	-		
212	104	O	5.55	C	-		
212	105	O	5.55	A	-		
212	106	O	5.55	G	-		
212	107	O	5.55	G	-		
212	108	O	5.55	T	-		
212	109	O	5.55	C	-		
213	0	O	8.32	C	-		
213	1	O	8.32	G	-		
213	2	O	8.32	C	-		
213	3	O	8.32	G	-		
213	4	O	8.32	C	-		
213	5	O	8.32	C	-		
213	6	O	8.32	C	-		
213	7	O	8.32	A	-		
213	8	O	8.32	G	-		
213	9	O	8.32	C	-		
213	10	O	8.32	T	-		
213	11	O	8.32	A	-		
213	12	O	8.32	A	-		
213	13	O	8.32	G	-		
213	14	O	8.32	C	-		
213	15	O	8.32	T	-		
213	16	O	8.32	G	-		
213	17	O	8.32	C	-		
213	18	O	8.32	A	-		
213	19	O	8.32	G	-		
213	20	O	8.32	C	-		
213	21	O	8.32	G	-		
213	22	O	8.32	A	-		
213	23	O	8.32	C	-		
213	24	O	8.32	A	-		
213	25	O	8.32	A	-		
213	26	O	8.32	C	-		
213	27	O	8.32	A	-		
213	28	O	8.32	A	-		
213	29	O	8.32	C	-		
213	30	O	8.32	A	-		
213	31	O	8.32	A	-		
213	32	O	8.32	C	-		
213	33	O	8.32	A	-		
213	34	O	8.32	A	-		
213	35	O	8.32	C	-		
213	36	O	8.32	A	-		
213	37	O	8.32	A	-		
213	38	O	8.32	C	-		
213	39	O	8.32	A	-		
213	40	O	8.32	A	-		
213	41	O	8.32	C	-		
213	42	O	8.32	C	-		
213	43	O	8.32	T	-		
213	44	O	8.32	A	-		
213	45	O	8.32	C	-		
213	46	O	8.32	C	-		
213	47	O	8.32	A	-		
213	48	O	8.32	A	-		
213	49	O	8.32	A	-		
213	50	O	8.32	G	-		
213	51	O	8.32	G	-		
213	52	O	8.32	T	-		
213	53	O	8.32	A	-		
213	54	O	8.32	A	-		
213	55	O	8.32	T	-		
213	56	O	8.32	A	-		
213	57	O	8.32	A	-		
213	58	O	8.32	A	-		
213	59	O	8.32	A	-		
213	60	O	8.32	C	-		
213	61	O	8.32	A	-		
213	62	O	8.32	G	-		
213	63	O	8.32	A	-		
213	64	O	8.32	A	-		
213	65	O	8.32	G	-		
213	66	O	8.32	A	-		
213	67	O	8.32	G	-		
213	68	O	8.32	A	-		
213	69	O	8.32	T	-		
213	70	O	8.32	A	-		
213	71	O	8.32	A	-		
213	72	O	8.32	T	-		
213	73	O	8.32	T	-		
213	74	O	8.32	G	-		
213	75	O	8.32	A	-		
213	76	O	8.32	A	-		
213	77	O	8.32	C	-		
213	78	O	8.32	T	-		
213	79	O	8.32	T	-		
213	80	O	8.32	C	-		
213	81	O	8.32	T	-		
213	82	O	8.32	T	-		
213	83	O	8.32	C	-		
213	84	O	8.32	A	-		
213	85	O	8.32	A	-		
213	86	O	8.32	T	-		
213	87	O	8.32	T	-		
213	88	O	8.32	C	-		
213	89	O	8.32	T	-		
213	90	O	8.32	A	-		
213	91	O	8.32	T	-		
213	92	O	8.32	C	-		
213	93	O	8.32	A	-		
213	94	O	8.32	A	-		
213	95	O	8.32	G	-		
213	96	O	8.32	T	-		
213	97	O	8.32	A	-		
213	98	O	8.32	G	-		
213	99	O	8.32	C	-		
213	100	O	8.32	T	-		
213	101	O	8.32	A	-		
213	102	O	8.32	A	-		
213	103	O	8.32	C	-		
213	104	O	8.32	T	-		
213	105	O	8.32	T	-		
213	106	O	8.32	T	-		
213	107	O	8.32	G	-		
213	108	O	8.32	T	-		
213	109	O	8.32	A	-		
214	0	U	0.00	-	-		
214	1	U	0.00	-	-		
214	2	U	0.00	-	-		
214	3	U	0.00	-	-		
214	4	O	8.32	G	-		
214	5	O	8.32	G	-		
214	6	O	8.32	T	-		
214	7	O	8.32	C	-		
214	8	O	8.32	A	-		
214	9	O	8.32	G	-		
214	10	O	8.32	T	-		
214	11	O	8.32	T	-		
214	12	O	8.32	G	-		
214	13	O	8.32	C	-		
214	14	O	8.32	G	-		
214	15	O	8.32	C	-		
214	16	O	8.32	T	-		
214	17	O	8.32	T	-		
214	18	O	8.32	T	-		
214	19	O	8.32	G	-		
214	20	O	8.32	T	-		
214	21	O	8.32	G	-		
214	22	O	8.32	C	-		
214	23	O	8.32	T	-		
214	24	O	8.32	C	-		
214	25	O	8.32	T	-		
214	26	O	8.32	T	-		
214	27	O	8.32	C	-		
214	28	O	8.32	T	-		
214	29	O	8.32	A	-		
214	30	O	8.32	C	-		
214	31	O	8.32	C	-		
214	32	O	8.32	A	-		
214	33	O	8.32	G	-		
214	34	O	8.32	C	-		
214	35	O	8.32	T	-		
214	36	O	8.32	G	-		
214	37	O	8.32	C	-		
214	38	O	8.32	T	-		
214	39	O	8.32	G	-		
214	40	O	8.32	G	-		
214	41	O	8.32	G	-		
214	42	O	8.32	C	-		
214	43	O	8.32	G	-		
214	44	O	8.32	A	-		
214	45	O	8.32	G	-		
214	46	O	8.32	C	-		
214	47	O	8.32	G	-		
214	48	O	8.32	C	-		
214	49	O	8.32	G	-		
214	50	O	8.32	A	-		
214	51	O	8.32	C	-		
214	52	O	8.32	T	-		
214	53	O	8.32	G	-		
214	54	O	8.32	G	-		
214	55	O	8.32	C	-		
214	56	O	8.32	A	-		
214	57	O	8.32	C	-		
214	58	O	8.32	G	-		
214	59	O	8.32	A	-		
214	60	O	8.32	G	-		
214	61	O	8.32	T	-		
214	62	O	8.32	T	-		
214	63	O	8.32	G	-		
214	64	O	8.32	C	-		
214	65	O	8.32	C	-		
214	66	O	8.32	C	-		
214	67	O	8.32	G	-		
214	68	O	8.32	T	-		
214	69	O	8.32	C	-		
214	70	O	8.32	A	-		
214	71	O	8.32	A	-		
214	72	O	8.32	C	-		
214	73	O	8.32	T	-		
214	74	O	8.32	C	-		
214	75	O	8.32	G	-		
214	76	O	8.32	C	-		
214	77	O	8.32	A	-		
214	78	O	8.32	G	-		
214	79	O	8.32	C	-		
214	80	O	8.32	C	-		
214	81	O	8.32	G	-		
214	82	O	8.32	C	-		
214	83	O	8.32	C	-		
214	84	O	8.32	G	-		
214	85	O	8.32	G	-		
214	86	O	8.32	A	-		
214	87	O	8.32	G	-		
214	88	O	8.32	C	-		
214	89	O	8.32	A	-		
214	90	O	8.32	G	-		
214	91	O	8.32	T	-		
214	92	O	8.32	C	-		
214	93	O	8.32	G	-		
214	94	O	8.32	G	-		
214	95	O	8.32	G	-		
214	96	O	8.32	C	-		
214	97	O	8.32	G	-		
214	98	O	8.32	C	-		
214	99	O	8.32	G	-		
214	100	O	8.32	G	-		
214	101	O	8.32	A	-		
214	102	O	8.32	C	-		
214	103	O	8.32	G	-		
214	104	O	8.32	G	-		
214	105	O	8.32	G	-		
214	106	O	8.32	T	-		
214	107	O	8.32	C	-		
214	108	O	8.32	G	-		
214	109	O	8.32	G	-		
214	110	U	0.00	-	-		
214	111	U	0.00	-	-		
214	112	U	0.00	-	-		
214	113	U	0.00	-	-		
215	0	O	6.93	C	-		
215	1	O	6.93	T	-		
215	2	O	6.93	A	-		
215	3	O	6.93	G	-		
215	4	O	6.93	G	-		
215	5	O	6.93	C	-		
215	6	O	6.93	A	-		
215	7	O	6.93	T	-		
215	8	O	6.93	A	-		
215	9	O	6.93	T	-		
215	10	O	6.93	G	-		
215	11	O	6.93	T	-		
215	12	O	6.93	G	-		
215	13	O	6.93	T	-		
215	14	O	6.93	A	-		
215	15	O	6.93	A	-		
215	16	O	6.93	G	-		
215	17	O	6.93	C	-		
215	18	O	6.93	C	-		
215	19	O	6.93	T	-		
215	20	O	6.93	A	-		
215	21	O	6.93	C	-		
215	22	O	6.93	A	-		
215	23	O	6.93	T	-		
215	24	O	6.93	C	-		
215	25	O	6.93	C	-		
215	26	O	6.93	T	-		
215	27	O	6.93	G	-		
215	28	O	6.93	T	-		
215	29	O	6.93	T	-		
215	30	O	6.93	T	-		
215	31	O	6.93	G	-		
215	32	O	6.93	C	-		
215	33	O	6.93	G	-		
215	34	O	6.93	T	-		
215	35	O	6.93	A	-		
215	36	O	6.93	C	-		
215	37	O	6.93	G	-		
215	38	O	6.93	C	-		
215	39	O	6.93	G	-		
215	40	O	6.93	C	-		
215	41	O	6.93	G	-		
215	42	O	6.93	T	-		
215	43	O	6.93	C	-		
215	44	O	6.93	G	-		
215	45	O	6.93	A	-		
215	46	O	6.93	A	-		
215	47	O	6.93	G	-		
215	48	O	6.93	C	-		
215	49	O	6.93	C	-		
215	50	O	6.93	G	-		
215	51	O	6.93	A	-		
215	52	O	6.93	T	-		
215	53	O	6.93	G	-		
215	54	O	6.93	A	-		
215	55	O	6.93	C	-		
215	56	O	6.93	T	-		
215	57	O	6.93	A	-		
215	58	O	6.93	T	-		
215	59	O	6.93	G	-		
215	60	O	6.93	C	-		
215	61	O	6.93	A	-		
215	62	O	6.93	C	-		
215	63	O	6.93	A	-		
215	64	O	6.93	T	-		
215	65	O	6.93	C	-		
215	66	O	6.93	G	-		
215	67	O	6.93	A	-		
215	68	O	6.93	A	-		
215	69	O	6.93	C	-		
215	70	O	6.93	T	-		
215	71	O	6.93	C	-		
215	72	O	6.93	C	-		
215	73	O	6.93	G	-		
215	74	O	6.93	A	-		
215	75	O	6.93	A	-		
215	76	O	6.93	T	-		
215	77	O	6.93	C	-		
215	78	O	6.93	A	-		
215	79	O	6.93	G	-		
215	80	O	6.93	C	-		
215	81	O	6.93	A	-		
215	82	O	6.93	G	-		
215	83	O	6.93	G	-		
215	84	O	6.93	A	-		
215	85	O	6.93	T	-		
215	86	O	6.93	G	-		
215	87	O	6.93	A	-		
215	88	O	6.93	T	-		
215	89	O	6.93	C	-		
215	90	O	6.93	A	-		
215	91	O	6.93	A	-		
215	92	O	6.93	G	-		
215	93	O	6.93	G	-		
215	94	O	6.93	C	-		
215	95	O	6.93	A	-		
215	96	O	6.93	T	-		
215	97	O	6.93	C	-		
215	98	O	6.93	G	-		
215	99	O	6.93	A	-		
215	100	O	6.93	A	-		
215	101	O	6.93	C	-		
215	102	O	6.93	A	-		
215	103	O	6.93	T	-		
215	104	O	6.93	T	-		
215	105	O	6.93	C	-		
215	106	O	6.93	G	-		
215	107	O	6.93	C	-		
215	108	O	6.93	A	-		
215	109	O	6.93	T	-		
216	0	O	11.09	T	-		
216	1	O	11.09	G	-		
216	2	O	11.09	C	-		
216	3	O	11.09	G	-		
216	4	O	11.09	G	-		
216	5	O	11.09	C	-		
216	6	O	11.09	A	-		
216	7	O	11.09	A	-		
216	8	O	11.09	C	-		
216	9	O	11.09	G	-		
216	10	O	11.09	C	-		
216	11	O	11.09	C	-		
216	12	O	11.09	A	-		
216	13	O	11.09	C	-		
216	14	O	11.09	C	-		
216	15	O	11.09	T	-		
216	16	O	11.09	G	-		
216	17	O	11.09	G	-		
216	18	O	11.09	G	-		
216	19	O	11.09	T	-		
216	20	O	11.09	C	-		
216	21	O	11.09	A	-		
216	22	O	11.09	G	-		
216	23	O	11.09	C	-		
216	24	O	11.09	T	-		
216	25	O	11.09	G	-		
216	26	O	11.09	G	-		
216	27	O	11.09	A	-		
216	28	O	11.09	A	-		
216	29	O	11.09	C	-		
216	30	O	11.09	A	-		
216	31	O	11.09	T	-		
216	32	O	11.09	G	-		
216	33	O	11.09	C	-		
216	34	O	11.09	C	-		
216	35	O	11.09	G	-		
216	36	O	11.09	A	-		
216	37	O	11.09	A	-		
216	38	O	11.09	C	-		
216	39	O	11.09	A	-		
216	40	O	11.09	C	-		
216	41	O	11.09	G	-		
216	42	O	11.09	T	-		
216	43	O	11.09	T	-		
216	44	O	11.09	G	-		
216	45	O	11.09	G	-		
216	46	O	11.09	T	-		
216	47	O	11.09	A	-		
216	48	O	11.09	C	-		
216	49	O	11.09	G	-		
216	50	O	11.09	G	-		
216	51	O	11.09	A	-		
216	52	O	11.09	A	-		
216	53	O	11.09	G	-		
216	54	O	11.09	G	-		
216	55	O	11.09	T	-		
216	56	O	11.09	C	-		
216	57	O	11.09	T	-		
216	58	O	11.09	G	-		
216	59	O	11.09	C	-		
216	60	O	11.09	T	-		
216	61	O	11.09	C	-		
216	62	O	11.09	C	-		
216	63	O	11.09	C	-		
216	64	O	11.09	A	-		
216	65	O	11.09	C	-		
216	66	O	11.09	T	-		
216	67	O	11.09	G	-		
216	68	O	11.09	C	-		
216	69	O	11.09	T	-		
216	70	O	11.09	C	-		
216	71	O	11.09	C	-		
216	72	O	11.09	G	-		
216	73	O	11.09	G	-		
216	74	O	11.09	T	-		
216	75	O	11.09	G	-		
216	76	O	11.09	G	-		
216	77	O	11.09	G	-		
216	78	O	11.09	A	-		
216	79	O	11.09	T	-		
216	80	O	11.09	G	-		
216	81	O	11.09	T	-		
216	82	O	11.09	C	-		
216	83	O	11.09	C	-		
216	84	O	11.09	T	-		
216	85	O	11.09	C	-		
216	86	O	11.09	G	-		
216	87	O	11.09	A	-		
216	88	O	11.09	A	-		
216	89	O	11.09	A	-		
216	90	O	11.09	C	-		
216	91	O	11.09	G	-		
216	92	O	11.09	A	-		
216	93	O	11.09	T	-		
216	94	O	11.09	C	-		
216	95	O	11.09	G	-		
216	96	O	11.09	C	-		
216	97	O	11.09	G	-		
216	98	O	11.09	G	-		
216	99	O	11.09	G	-		
216	100	O	11.09	G	-		
216	101	O	11.09	A	-		
216	102	O	11.09	T	-		
216	103	O	11.09	G	-		
216	104	O	11.09	C	-		
216	105	O	11.09	T	-		
216	106	O	11.09	G	-		
216	107	O	11.09	C	-		
216	108	O	11.09	T	-		
216	109	O	11.09	C	-		
217	0	O	13.86	A	-		
217	1	O	13.86	T	-		
217	2	O	13.86	G	-		
217	3	O	13.86	T	-		
217	4	O	13.86	A	-		
217	5	O	13.86	G	-		
217	6	O	13.86	T	-		
217	7	O	13.86	G	-		
217	8	O	13.86	A	-		
217	9	O	13.86	C	-		
217	10	O	13.86	C	-		
217	11	O	13.86	A	-		
217	12	O	13.86	G	-		
217	13	O	13.86	C	-		
217	14	O	13.86	A	-		
217	15	O	13.86	A	-		
217	16	O	13.86	G	-		
217	17	O	13.86	G	-		
217	18	O	13.86	T	-		
217	19	O	13.86	A	-		
217	20	O	13.86	C	-		
217	21	O	13.86	T	-		
217	22	O	13.86	C	-		
217	23	O	13.86	A	-		
217	24	O	13.86	G	-		
217	25	O	13.86	G	-		
217	26	O	13.86	T	-		
217	27	O	13.86	G	-		
217	28	O	13.86	T	-		
217	29	O	13.86	G	-		
217	30	O	13.86	G	-		
217	31	O	13.86	C	-		
217	32	O	13.86	A	-		
217	33	O	13.86	C	-		
217	34	O	13.86	C	-		
217	35	O	13.86	A	-		
217	36	O	13.86	A	-		
217	37	O	13.86	G	-		
217	38	O	13.86	A	-		
217	39	O	13.86	G	-		
217	40	O	13.86	G	-		
217	41	O	13.86	G	-		
217	42	O	13.86	A	-		
217	43	O	13.86	C	-		
217	44	O	13.86	C	-		
217	45	O	13.86	T	-		
217	46	O	13.86	G	-		
217	47	O	13.86	G	-		
217	48	O	13.86	G	-		
217	49	O	13.86	A	-		
217	50	O	13.86	C	-		
217	51	O	13.86	T	-		
217	52	O	13.86	C	-		
217	53	O	13.86	G	-		
217	54	O	13.86	A	-		
217	55	O	13.86	A	-		
217	56	O	13.86	G	-		
217	57	O	13.86	A	-		
217	58	O	13.86	C	-		
217	59	O	13.86	C	-		
217	60	O	13.86	T	-		
217	61	O	13.86	G	-		
217	62	O	13.86	A	-		
217	63	O	13.86	A	-		
217	64	O	13.86	G	-		
217	65	O	13.86	A	-		
217	66	O	13.86	C	-		
217	67	O	13.86	C	-		
217	68	O	13.86	G	-		
217	69	O	13.86	A	-		
217	70	O	13.86	C	-		
217	71	O	13.86	C	-		
217	72	O	13.86	T	-		
217	73	O	13.86	T	-		
217	74	O	13.86	G	-		
217	75	O	13.86	C	-		
217	76	O	13.86	T	-		
217	77	O	13.86	C	-		
217	78	O	13.86	C	-		
217	79	O	13.86	A	-		
217	80	O	13.86	C	-		
217	81	O	13.86	T	-		
217	82	O	13.86	T	-		
217	83	O	13.86	G	-		
217	84	O	13.86	C	-		
217	85	O	13.86	C	-		
217	86	O	13.86	T	-		
217	87	O	13.86	A	-		
217	88	O	13.86	C	-		
217	89	O	13.86	A	-		
217	90	O	13.86	G	-		
217	91	O	13.86	G	-		
217	92	O	13.86	C	-		
217	93	O	13.86	T	-		
217	94	O	13.86	C	-		
217	95	O	13.86	C	-		
217	96	O	13.86	A	-		
217	97	O	13.86	G	-		
217	98	O	13.86	T	-		
217	99	O	13.86	G	-		
217	100	O	13.86	T	-		
217	101	O	13.86	G	-		
217	102	O	13.86	A	-		
217	103	O	13.86	C	-		
217	104	O	13.86	A	-		
217	105	O	13.86	C	-		
217	106	O	13.86	C	-		
217	107	O	13.86	G	-		
217	108	O	13.86	C	-		
217	109	O	13.86	G	-		
218	0	O	5.55	A	-		
218	1	O	5.55	T	-		
218	2	O	5.55	G	-		
218	3	O	5.55	G	-		
218	4	O	5.55	C	-		
218	5	O	5.55	G	-		
218	6	O	5.55	A	-		
218	7	O	5.55	G	-		
218	8	O	5.55	C	-		
218	9	O	5.55	G	-		
218	10	O	5.55	G	-		
218	11	O	5.55	A	-		
218	12	O	5.55	T	-		
218	13	O	5.55	A	-		
218	14	O	5.55	C	-		
218	15	O	5.55	T	-		
218	16	O	5.55	G	-		
218	17	O	5.55	C	-		
218	18	O	5.55	T	-		
218	19	O	5.55	C	-		
218	20	O	5.55	G	-		
218	21	O	5.55	A	-		
218	22	O	5.55	C	-		
218	23	O	5.55	G	-		
218	24	O	5.55	C	-		
218	25	O	5.55	T	-		
218	26	O	5.55	G	-		
218	27	O	5.55	A	-		
218	28	O	5.55	C	-		
218	29	O	5.55	A	-		
218	30	O	5.55	G	-		
218	31	O	5.55	A	-		
218	32	O	5.55	G	-		
218	33	O	5.55	G	-		
218	34	O	5.55	T	-		
218	35	O	5.55	A	-		
218	36	O	5.55	C	-		
218	37	O	5.55	A	-		
218	38	O	5.55	A	-		
218	39	O	5.55	T	-		
218	40	O	5.55	C	-		
218	41	O	5.55	G	-		
218	42	O	5.55	T	-		
218	43	O	5.55	T	-		
218	44	O	5.55	A	-		
218	45	O	5.55	G	-		
218	46	O	5.55	G	-		
218	47	O	5.55	C	-		
218	48	O	5.55	T	-		
218	49	O	5.55	C	-		
218	50	O	5.55	G	-		
218	51	O	5.55	A	-		
218	52	O	5.55	T	-		
218	53	O	5.55	C	-		
218	54	O	5.55	G	-		
218	55	O	5.55	G	-		
218	56	O	5.55	T	-		
218	57	O	5.55	G	-		
218	58	O	5.55	A	-		
218	59	O	5.55	A	-		
218	60	O	5.55	C	-		
218	61	O	5.55	A	-		
218	62	O	5.55	A	-		
218	63	O	5.55	T	-		
218	64	O	5.55	A	-		
218	65	O	5.55	C	-		
218	66	O	5.55	C	-		
218	67	O	5.55	T	-		
218	68	O	5.55	T	-		
218	69	O	5.55	C	-		
218	70	O	5.55	A	-		
218	71	O	5.55	A	-		
218	72	O	5.55	T	-		
218	73	O	5.55	C	-		
218	74	O	5.55	A	-		
218	75	O	5.55	T	-		
218	76	O	5.55	C	-		
218	77	O	5.55	T	-		
218	78	O	5.55	C	-		
218	79	O	5.55	C	-		
218	80	O	5.55	T	-		
218	81	O	5.55	C	-		
218	82	O	5.55	A	-		
218	83	O	5.55	T	-		
218	84	O	5.55	C	-		
218	85	O	5.55	G	-		
218	86	O	5.55	A	-		
218	87	O	5.55	T	-		
218	88	O	5.55	A	-		
218	89	O	5.55	T	-		
218	90	O	5.55	C	-		
218	91	O	5.55	T	-		
218	92	O	5.55	A	-		
218	93	O	5.55	T	-		
218	94	O	5.55	T	-		
218	95	O	5.55	C	-		
218	96	O	5.55	C	-		
218	97	O	5.55	A	-		
218	98	O	5.55	T	-		
218	99	O	5.55	C	-		
218	100	O	5.55	T	-		
218	101	O	5.55	C	-		
218	102	O	5.55	C	-		
218	103	O	5.55	G	-		
218	104	O	5.55	A	-		
218	105	O	5.55	G	-		
218	106	O	5.55	C	-		
218	107	O	5.55	C	-		
218	108	O	5.55	G	-		
218	109	O	5.55	T	-		
219	0	O	11.09	C	-		
219	1	O	11.09	T	-		
219	2	O	11.09	G	-		
219	3	O	11.09	G	-		
219	4	O	11.09	G	-		
219	5	O	11.09	C	-		
219	6	O	11.09	G	-		
219	7	O	11.09	C	-		
219	8	O	11.09	C	-		
219	9	O	11.09	T	-		
219	10	O	11.09	T	-		
219	11	O	11.09	T	-		
219	12	O	11.09	T	-		
219	13	O	11.09	T	-		
219	14	O	11.09	G	-		
219	15	O	11.09	C	-		
219	16	O	11.09	G	-		
219	17	O	11.09	G	-		
219	18	O	11.09	G	-		
219	19	O	11.09	C	-		
219	20	O	11.09	T	-		
219	21	O	11.09	G	-		
219	22	O	11.09	C	-		
219	23	O	11.09	A	-		
219	24	O	11.09	A	-		
219	25	O	11.09	C	-		
219	26	O	11.09	G	-		
219	27	O	11.09	G	-		
219	28	O	11.09	G	-		
219	29	O	11.09	C	-		
219	30	O	11.09	A	-		
219	31	O	11.09	T	-		
219	32	O	11.09	C	-		
219	33	O	11.09	T	-		
219	34	O	11.09	C	-		
219	35	O	11.09	G	-		
219	36	O	11.09	G	-		
219	37	O	11.09	C	-		
219	38	O	11.09	G	-		
219	39	O	11.09	C	-		
219	40	O	11.09	T	-		
219	41	O	11.09	G	-		
219	42	O	11.09	C	-		
219	43	O	11.09	T	-		
219	44	O	11.09	C	-		
219	45	O	11.09	T	-		
219	46	O	11.09	C	-		
219	47	O	11.09	G	-		
219	48	O	11.09	A	-		
219	49	O	11.09	G	-		
219	50	O	11.09	T	-		
219	51	O	11.09	T	-		
219	52	O	11.09	G	-		
219	53	O	11.09	A	-		
219	54	O	11.09	T	-		
219	55	O	11.09	T	-		
219	56	O	11.09	T	-		
219	57	O	11.09	G	-		
219	58	O	11.09	A	-		
219	59	O	11.09	A	-		
219	60	O	11.09	A	-		
219	61	O	11.09	A	-		
219	62	O	11.09	C	-		
219	63	O	11.09	T	-		
219	64	O	11.09	G	-		
219	65	O	11.09	T	-		
219	66	O	11.09	C	-		
219	67	O	11.09	A	-		
219	68	O	11.09	G	-		
219	69	O	11.09	C	-		
219	70	O	11.09	T	-		
219	71	O	11.09	C	-		
219	72	O	11.09	G	-		
219	73	O	11.09	A	-		
219	74	O	11.09	A	-		
219	75	O	11.09	T	-		
219	76	O	11.09	T	-		
219	77	O	11.09	G	-		
219	78	O	11.09	A	-		
219	79	O	11.09	G	-		
219	80	O	11.09	T	-		
219	81	O	11.09	C	-		
219	82	O	11.09	T	-		
219	83	O	11.09	C	-		
219	84	O	11.09	A	-		
219	85	O	11.09	G	-		
219	86	O	11.09	C	-		
219	87	O	11.09	C	-		
219	88	O	11.09	A	-		
219	89	O	11.09	G	-		
219	90	O	11.09	G	-		
219	91	O	11.09	A	-		
219	92	O	11.09	G	-		
219	93	O	11.09	C	-		
219	94	O	11.09	G	-		
219	95	O	11.09	G	-		
219	96	O	11.09	A	-		
219	97	O	11.09	G	-		
219	98	O	11.09	T	-		
219	99	O	11.09	G	-		
219	100	O	11.09	G	-		
219	101	O	11.09	A	-		
219	102	O	11.09	T	-		
219	103	O	11.09	C	-		
219	104	O	11.09	T	-		
219	105	O	11.09	G	-		
219	106	O	11.09	G	-		
219	107	O	11.09	C	-		
219	108	O	11.09	C	-		
219	109	O	11.09	C	-		
220	0	O	6.93	T	-		
220	1	O	6.93	A	-		
220	2	O	6.93	T	-		
220	3	O	6.93	G	-		
220	4	O	6.93	A	-		
220	5	O	6.93	G	-		
220	6	O	6.93	T	-		
220	7	O	6.93	C	-		
220	8	O	6.93	A	-		
220	9	O	6.93	G	-		
220	10	O	6.93	C	-		
220	11	O	6.93	A	-		
220	12	O	6.93	T	-		
220	13	O	6.93	C	-		
220	14	O	6.93	C	-		
220	15	O	6.93	T	-		
220	16	O	6.93	A	-		
220	17	O	6.93	A	-		
220	18	O	6.93	T	-		
220	19	O	6.93	C	-		
220	20	O	6.93	A	-		
220	21	O	6.93	T	-		
220	22	O	6.93	G	-		
220	23	O	6.93	G	-		
220	24	O	6.93	A	-		
220	25	O	6.93	G	-		
220	26	O	6.93	G	-		
220	27	O	6.93	A	-		
220	28	O	6.93	T	-		
220	29	O	6.93	G	-		
220	30	O	6.93	C	-		
220	31	O	6.93	A	-		
220	32	O	6.93	C	-		
220	33	O	6.93	A	-		
220	34	O	6.93	C	-		
220	35	O	6.93	A	-		
220	36	O	6.93	A	-		
220	37	O	6.93	T	-		
220	38	O	6.93	A	-		
220	39	O	6.93	T	-		
220	40	O	6.93	G	-		
220	41	O	6.93	C	-		
220	42	O	6.93	C	-		
220	43	O	6.93	A	-		
220	44	O	6.93	G	-		
220	45	O	6.93	T	-		
220	46	O	6.93	G	-		
220	47	O	6.93	T	-		
220	48	O	6.93	G	-		
220	49	O	6.93	C	-		
220	50	O	6.93	T	-		
220	51	O	6.93	G	-		
220	52	O	6.93	C	-		
220	53	O	6.93	A	-		
220	54	O	6.93	G	-		
220	55	O	6.93	T	-		
220	56	O	6.93	T	-		
220	57	O	6.93	T	-		
220	58	O	6.93	G	-		
220	59	O	6.93	A	-		
220	60	O	6.93	T	-		
220	61	O	6.93	T	-		
220	62	O	6.93	T	-		
220	63	O	6.93	C	-		
220	64	O	6.93	T	-		
220	65	O	6.93	C	-		
220	66	O	6.93	T	-		
220	67	O	6.93	A	-		
220	68	O	6.93	T	-		
220	69	O	6.93	T	-		
220	70	O	6.93	T	-		
220	71	O	6.93	C	-		
220	72	O	6.93	C	-		
220	73	O	6.93	C	-		
220	74	O	6.93	C	-		
220	75	O	6.93	A	-		
220	76	O	6.93	T	-		
220	77	O	6.93	T	-		
220	78	O	6.93	T	-		
220	79	O	6.93	T	-		
220	80	O	6.93	T	-		
220	81	O	6.93	C	-		
220	82	O	6.93	T	-		
220	83	O	6.93	C	-		
220	84	O	6.93	T	-		
220	85	O	6.93	G	-		
220	86	O	6.93	T	-		
220	87	O	6.93	T	-		
220	88	O	6.93	T	-		
220	89	O	6.93	G	-		
220	90	O	6.93	G	-		
220	91	O	6.93	C	-		
220	92	O	6.93	G	-		
220	93	O	6.93	C	-		
220	94	O	6.93	A	-		
220	95	O	6.93	G	-		
220	96	O	6.93	G	-		
220	97	O	6.93	T	-		
220	98	O	6.93	T	-		
220	99	O	6.93	G	-		
220	100	O	6.93	G	-		
220	101	O	6.93	G	-		
220	102	O	6.93	T	-		
220	103	O	6.93	C	-		
220	104	O	6.93	G	-		
220	105	O	6.93	G	-		
220	106	O	6.93	G	-		
220	107	O	6.93	T	-		
220	108	O	6.93	C	-		
220	109	O	6.93	A	-		
221	0	O	5.55	T	-		
221	1	O	5.55	C	-		
221	2	O	5.55	G	-		
221	3	O	5.55	A	-		
221	4	O	5.55	G	-		
221	5	O	5.55	C	-		
221	6	O	5.55	T	-		
221	7	O	5.55	G	-		
221	8	O	5.55	C	-		
221	9	O	5.55	T	-		
221	10	O	5.55	T	-		
221	11	O	5.55	A	-		
221	12	O	5.55	G	-		
221	13	O	5.55	T	-		
221	14	O	5.55	G	-		
221	15	O	5.55	C	-		
221	16	O	5.55	A	-		
221	17	O	5.55	T	-		
221	18	O	5.55	C	-		
221	19	O	5.55	G	-		
221	20	O	5.55	G	-		
221	21	O	5.55	C	-		
221	22	O	5.55	C	-		
221	23	O	5.55	G	-		
221	24	O	5.55	A	-		
221	25	O	5.55	C	-		
221	26	O	5.55	T	-		
221	27	O	5.55	T	-		
221	28	O	5.55	G	-		
221	29	O	5.55	C	-		
221	30	O	5.55	G	-		
221	31	O	5.55	C	-		
221	32	O	5.55	C	-		
221	33	O	5.55	G	-		
221	34	O	5.55	G	-		
221	35	O	5.55	T	-		
221	36	O	5.55	C	-		
221	37	O	5.55	G	-		
221	38	O	5.55	A	-		
221	39	O	5.55	G	-		
221	40	O	5.55	C	-		
221	41	O	5.55	A	-		
221	42	O	5.55	G	-		
221	43	O	5.55	G	-		
221	44	O	5.55	T	-		
221	45	O	5.55	G	-		
221	46	O	5.55	A	-		
221	47	O	5.55	T	-		
221	48	O	5.55	T	-		
221	49	O	5.55	T	-		
221	50	O	5.55	T	-		
221	51	O	5.55	T	-		
221	52	O	5.55	G	-		
221	53	O	5.55	A	-		
221	54	O	5.55	C	-		
221	55	O	5.55	G	-		
221	56	O	5.55	C	-		
221	57	O	5.55	A	-		
221	58	O	5.55	C	-		
221	59	O	5.55	T	-		
221	60	O	5.55	G	-		
221	61	O	5.55	G	-		
221	62	O	5.55	T	-		
221	63	O	5.55	A	-		
221	64	O	5.55	G	-		
221	65	O	5.55	A	-		
221	66	O	5.55	T	-		
221	67	O	5.55	G	-		
221	68	O	5.55	T	-		
221	69	O	5.55	T	-		
221	70	O	5.55	C	-		
221	71	O	5.55	T	-		
221	72	O	5.55	T	-		
221	73	O	5.55	G	-		
221	74	O	5.55	A	-		
221	75	O	5.55	C	-		
221	76	O	5.55	A	-		
221	77	O	5.55	T	-		
221	78	O	5.55	T	-		
221	79	O	5.55	G	-		
221	80	O	5.55	G	-		
221	81	O	5.55	A	-		
221	82	O	5.55	G	-		
221	83	O	5.55	C	-		
221	84	O	5.55	T	-		
221	85	O	5.55	G	-		
221	86	O	5.55	C	-		
221	87	O	5.55	T	-		
221	88	O	5.55	A	-		
221	89	O	5.55	G	-		
221	90	O	5.55	A	-		
221	91	O	5.55	G	-		
221	92	O	5.55	G	-		
221	93	O	5.55	A	-		
221	94	O	5.55	A	-		
221	95	O	5.55	C	-		
221	96	O	5.55	G	-		
221	97	O	5.55	A	-		
221	98	O	5.55	G	-		
221	99	O	5.55	T	-		
221	100	O	5.55	G	-		
221	101	O	5.55	T	-		
221	102	O	5.55	G	-		
221	103	O	5.55	C	-		
221	104	O	5.55	T	-		
221	105	O	5.55	T	-		
221	106	O	5.55	G	-		
221	107	O	5.55	C	-		
221	108	O	5.55	T	-		
221	109	O	5.55	G	-		
222	0	O	16.64	T	-		
222	1	O	16.64	G	-		
222	2	O	16.64	T	-		
222	3	O	16.64	T	-		
222	4	O	16.64	C	-		
222	5	O	16.64	A	-		
222	6	O	16.64	T	-		
222	7	O	16.64	C	-		
222	8	O	16.64	G	-		
222	9	O	7.55	C	-		
222	10	O	16.64	G	-		
222	11	O	16.64	C	-		
222	12	O	16.64	C	-		
222	13	O	16.64	A	-		
222	14	O	16.64	G	-		
222	15	O	16.64	C	-		
222	16	O	16.64	C	-		
222	17	O	16.64	G	-		
222	18	O	16.64	T	-		
222	19	O	16.64	C	-		
222	20	O	16.64	G	-		
222	21	O	16.64	T	-		
222	22	O	16.64	A	-		
222	23	O	16.64	C	-		
222	24	O	16.64	C	-		
222	25	O	16.64	G	-		
222	26	O	16.64	A	-		
222	27	O	16.64	A	-		
222	28	O	16.64	G	-		
222	29	O	16.64	A	-		
222	30	O	16.64	C	-		
222	31	O	16.64	A	-		
222	32	O	16.64	T	-		
222	33	O	16.64	G	-		
222	34	O	16.64	G	-		
222	35	O	16.64	G	-		
222	36	O	16.64	T	-		
222	37	O	16.64	G	-		
222	38	O	16.64	A	-		
222	39	O	16.64	A	-		
222	40	O	16.64	C	-		
222	41	O	16.64	A	-		
222	42	O	16.64	G	-		
222	43	O	16.64	C	-		
222	44	O	16.64	G	-		
222	45	O	16.64	C	-		
222	46	O	16.64	G	-		
222	47	O	16.64	T	-		
222	48	O	16.64	G	-		
222	49	O	16.64	G	-		
222	50	O	16.64	C	-		
222	51	O	16.64	G	-		
222	52	O	16.64	G	-		
222	53	O	16.64	A	-		
222	54	O	16.64	T	-		
222	55	O	16.64	C	-		
222	56	O	16.64	G	-		
222	57	O	16.64	G	-		
222	58	O	16.64	C	-		
222	59	O	16.64	C	-		
222	60	O	16.64	G	-		
222	61	O	16.64	T	-		
222	62	O	16.64	T	-		
222	63	O	16.64	T	-		
222	64	O	16.64	T	-		
222	65	O	16.64	C	-		
222	66	O	16.64	C	-		
222	67	O	16.64	A	-		
222	68	O	16.64	T	-		
222	69	O	16.64	G	-		
222	70	O	16.64	T	-		
222	71	O	16.64	G	-		
222	72	O	16.64	A	-		
222	73	O	16.64	T	-		
222	74	O	16.64	G	-		
222	75	O	16.64	A	-		
222	76	O	16.64	A	-		
222	77	O	16.64	T	-		
222	78	O	16.64	C	-		
222	79	O	16.64	A	-		
222	80	O	16.64	A	-		
222	81	O	16.64	A	-		
222	82	O	16.64	T	-		
222	83	O	16.64	C	-		
222	84	O	16.64	A	-		
222	85	O	16.64	C	-		
222	86	O	16.64	C	-		
222	87	O	16.64	G	-		
222	88	O	16.64	G	-		
222	89	O	16.64	T	-		
222	90	O	16.64	T	-		
222	91	O	16.64	C	-		
222	92	O	16.64	C	-		
222	93	O	16.64	G	-		
222	94	O	16.64	T	-		
222	95	O	16.64	G	-		
222	96	O	16.64	T	-		
222	97	O	16.64	A	-		
222	98	O	16.64	T	-		
222	99	O	16.64	T	-		
222	100	O	16.64	T	-		
222	101	O	16.64	G	-		
222	102	O	16.64	C	-		
222	103	O	16.64	T	-		
222	104	O	16.64	T	-		
222	105	O	16.64	T	-		
222	106	O	16.64	G	-		
222	107	O	16.64	A	-		
222	108	O	16.64	C	-		
222	109	O	16.64	T	-		
223	0	O	8.32	C	-		
223	1	O	8.32	A	-		
223	2	O	8.32	G	-		
223	3	O	8.32	C	-		
223	4	O	8.32	G	-		
223	5	O	8.32	G	-		
223	6	O	8.32	C	-		
223	7	O	8.32	C	-		
223	8	O	8.32	A	-		
223	9	O	8.32	A	-		
223	10	O	8.32	C	-		
223	11	O	8.32	T	-		
223	12	O	8.32	T	-		
223	13	O	8.32	A	-		
223	14	O	8.32	C	-		
223	15	O	8.32	C	-		
223	16	O	8.32	T	-		
223	17	O	8.32	A	-		
223	18	O	8.32	A	-		
223	19	O	8.32	A	-		
223	20	O	8.32	C	-		
223	21	O	8.32	A	-		
223	22	O	8.32	T	-		
223	23	O	8.32	A	-		
223	24	O	8.32	T	-		
223	25	O	8.32	G	-		
223	26	O	8.32	C	-		
223	27	O	8.32	A	-		
223	28	O	8.32	G	-		
223	29	O	8.32	A	-		
223	30	O	8.32	G	-		
223	31	O	8.32	T	-		
223	32	O	8.32	G	-		
223	33	O	8.32	C	-		
223	34	O	8.32	T	-		
223	35	O	8.32	T	-		
223	36	O	8.32	G	-		
223	37	O	8.32	T	-		
223	38	O	8.32	A	-		
223	39	O	8.32	A	-		
223	40	O	8.32	C	-		
223	41	O	8.32	A	-		
223	42	O	8.32	A	-		
223	43	O	8.32	A	-		
223	44	O	8.32	G	-		
223	45	O	8.32	C	-		
223	46	O	8.32	T	-		
223	47	O	8.32	A	-		
223	48	O	8.32	G	-		
223	49	O	8.32	C	-		
223	50	O	8.32	G	-		
223	51	O	8.32	C	-		
223	52	O	8.32	T	-		
223	53	O	8.32	A	-		
223	54	O	8.32	T	-		
223	55	O	8.32	A	-		
223	56	O	8.32	A	-		
223	57	O	8.32	G	-		
223	58	O	8.32	C	-		
223	59	O	8.32	G	-		
223	60	O	8.32	C	-		
223	61	O	8.32	T	-		
223	62	O	8.32	G	-		
223	63	O	8.32	A	-		
223	64	O	8.32	T	-		
223	65	O	8.32	G	-		
223	66	O	8.32	A	-		
223	67	O	8.32	G	-		
223	68	O	8.32	A	-		
223	69	O	8.32	T	-		
223	70	O	8.32	A	-		
223	71	O	8.32	T	-		
223	72	O	8.32	T	-		
223	73	O	8.32	C	-		
223	74	O	8.32	A	-		
223	75	O	8.32	T	-		
223	76	O	8.32	G	-		
223	77	O	8.32	T	-		
223	78	O	8.32	T	-		
223	79	O	8.32	T	-		
223	80	O	8.32	A	-		
223	81	O	8.32	G	-		
223	82	O	8.32	G	-		
223	83	O	8.32	G	-		
223	84	O	8.32	T	-		
223	85	O	8.32	G	-		
223	86	O	8.32	T	-		
223	87	O	8.32	G	-		
223	88	O	8.32	A	-		
223	89	O	8.32	T	-		
223	90	O	8.32	G	-		
223	91	O	8.32	G	-		
223	92	O	8.32	C	-		
223	93	O	8.32	G	-		
223	94	O	8.32	G	-		
223	95	O	8.32	C	-		
223	96	O	8.32	C	-		
223	97	O	8.32	G	-		
223	98	O	8.32	T	-		
223	99	O	8.32	T	-		
223	100	O	8.32	C	-		
223	101	O	8.32	G	-		
223	102	O	8.32	G	-		
223	103	O	8.32	T	-		
223	104	O	8.32	T	-		
223	105	O	8.32	G	-		
223	106	O	8.32	T	-		
223	107	O	8.32	A	-		
223	108	O	8.32	C	-		
223	109	O	8.32	G	-		
224	0	O	5.55	A	-		
224	1	O	5.55	C	-		
224	2	O	5.55	C	-		
224	3	O	5.55	T	-		
224	4	O	5.55	G	-		
224	5	O	5.55	A	-		
224	6	O	5.55	G	-		
224	7	O	5.55	C	-		
224	8	O	5.55	G	-		
224	9	O	5.55	T	-		
224	10	O	5.55	A	-		
224	11	O	5.55	A	-		
224	12	O	5.55	C	-		
224	13	O	5.55	G	-		
224	14	O	5.55	A	-		
224	15	O	5.55	G	-		
224	16	O	5.55	T	-		
224	17	O	5.55	T	-		
224	18	O	5.55	C	-		
224	19	O	5.55	A	-		
224	20	O	5.55	T	-		
224	21	O	5.55	C	-		
224	22	O	5.55	G	-		
224	23	O	5.55	C	-		
224	24	O	5.55	T	-		
224	25	O	5.55	C	-		
224	26	O	5.55	G	-		
224	27	O	5.55	C	-		
224	28	O	5.55	C	-		
224	29	O	5.55	A	-		
224	30	O	5.55	T	-		
224	31	O	5.55	A	-		
224	32	O	5.55	A	-		
224	33	O	5.55	G	-		
224	34	O	5.55	A	-		
224	35	O	5.55	T	-		
224	36	O	5.55	C	-		
224	37	O	5.55	C	-		
224	38	O	5.55	T	-		
224	39	O	5.55	C	-		
224	40	O	5.55	A	-		
224	41	O	5.55	T	-		
224	42	O	5.55	C	-		
224	43	O	5.55	T	-		
224	44	O	5.55	T	-		
224	45	O	5.55	T	-		
224	46	O	5.55	T	-		
224	47	O	5.55	C	-		
224	48	O	5.55	T	-		
224	49	O	5.55	G	-		
224	50	O	5.55	A	-		
224	51	O	5.55	A	-		
224	52	O	5.55	T	-		
224	53	O	5.55	T	-		
224	54	O	5.55	C	-		
224	55	O	5.55	A	-		
224	56	O	5.55	T	-		
224	57	O	5.55	C	-		
224	58	O	5.55	G	-		
224	59	O	5.55	C	-		
224	60	O	5.55	G	-		
224	61	O	5.55	C	-		
224	62	O	5.55	C	-		
224	63	O	5.55	T	-		
224	64	O	5.55	T	-		
224	65	O	5.55	T	-		
224	66	O	5.55	G	-		
224	67	O	5.55	G	-		
224	68	O	5.55	A	-		
224	69	O	5.55	G	-		
224	70	O	5.55	C	-		
224	71	O	5.55	T	-		
224	72	O	5.55	C	-		
224	73	O	5.55	A	-		
224	74	O	5.55	T	-		
224	75	O	5.55	C	-		
224	76	O	5.55	G	-		
224	77	O	5.55	G	-		
224	78	O	5.55	T	-		
224	79	O	5.55	A	-		
224	80	O	5.55	T	-		
224	81	O	5.55	T	-		
224	82	O	5.55	G	-		
224	83	O	5.55	G	-		
224	84	O	5.55	T	-		
224	85	O	5.55	C	-		
224	86	O	5.55	T	-		
224	87	O	5.55	T	-		
224	88	O	5.55	G	-		
224	89	O	5.55	A	-		
224	90	O	5.55	G	-		
224	91	O	5.55	C	-		
224	92	O	5.55	G	-		
224	93	O	5.55	C	-		
224	94	O	5.55	T	-		
224	95	O	5.55	A	-		
224	96	O	5.55	T	-		
224	97	O	5.55	G	-		
224	98	O	5.55	G	-		
224	99	O	5.55	G	-		
224	100	O	5.55	G	-		
224	101	O	5.55	T	-		
224	102	O	5.55	G	-		
224	103	O	5.55	A	-		
224	104	O	5.55	A	-		
224	105	O	5.55	G	-		
224	106	O	5.55	T	-		
224	107	O	5.55	T	-		
224	108	O	5.55	C	-		
224	109	O	5.55	T	-		
225	0	O	5.55	C	-		
225	1	O	5.55	C	-		
225	2	O	5.55	T	-		
225	3	O	5.55	G	-		
225	4	O	5.55	G	-		
225	5	O	5.55	C	-		
225	6	O	5.55	T	-		
225	7	O	5.55	G	-		
225	8	O	5.55	C	-		
225	9	O	5.55	G	-		
225	10	O	5.55	C	-		
225	11	O	5.55	G	-		
225	12	O	5.55	A	-		
225	13	O	5.55	G	-		
225	14	O	5.55	C	-		
225	15	O	5.55	G	-		
225	16	O	5.55	C	-		
225	17	O	5.55	G	-		
225	18	O	5.55	C	-		
225	19	O	5.55	C	-		
225	20	O	5.55	C	-		
225	21	O	5.55	G	-		
225	22	O	5.55	C	-		
225	23	O	5.55	C	-		
225	24	O	5.55	G	-		
225	25	O	5.55	G	-		
225	26	O	5.55	A	-		
225	27	O	5.55	A	-		
225	28	O	5.55	G	-		
225	29	O	5.55	T	-		
225	30	O	5.55	C	-		
225	31	O	5.55	C	-		
225	32	O	5.55	A	-		
225	33	O	5.55	C	-		
225	34	O	5.55	A	-		
225	35	O	5.55	C	-		
225	36	O	5.55	G	-		
225	37	O	5.55	G	-		
225	38	O	5.55	C	-		
225	39	O	5.55	A	-		
225	40	O	5.55	C	-		
225	41	O	5.55	C	-		
225	42	O	5.55	A	-		
225	43	O	5.55	G	-		
225	44	O	5.55	T	-		
225	45	O	5.55	A	-		
225	46	O	5.55	G	-		
225	47	O	5.55	A	-		
225	48	O	5.55	C	-		
225	49	O	5.55	G	-		
225	50	O	5.55	C	-		
225	51	O	5.55	C	-		
225	52	O	5.55	A	-		
225	53	O	5.55	T	-		
225	54	O	5.55	T	-		
225	55	O	5.55	G	-		
225	56	O	5.55	T	-		
225	57	O	5.55	C	-		
225	58	O	5.55	T	-		
225	59	O	5.55	T	-		
225	60	O	5.55	C	-		
225	61	O	5.55	G	-		
225	62	O	5.55	C	-		
225	63	O	5.55	T	-		
225	64	O	5.55	C	-		
225	65	O	5.55	G	-		
225	66	O	5.55	A	-		
225	67	O	5.55	T	-		
225	68	O	5.55	A	-		
225	69	O	5.55	G	-		
225	70	O	5.55	C	-		
225	71	O	5.55	G	-		
225	72	O	5.55	A	-		
225	73	O	5.55	C	-		
225	74	O	5.55	T	-		
225	75	O	5.55	C	-		
225	76	O	5.55	C	-		
225	77	O	5.55	A	-		
225	78	O	5.55	C	-		
225	79	O	5.55	C	-		
225	80	O	5.55	T	-		
225	81	O	5.55	C	-		
225	82	O	5.55	C	-		
225	83	O	5.55	A	-		
225	84	O	5.55	G	-		
225	85	O	5.55	C	-		
225	86	O	5.55	G	-		
225	87	O	5.55	C	-		
225	88	O	5.55	C	-		
225	89	O	5.55	G	-		
225	90	O	5.55	C	-		
225	91	O	5.55	C	-		
225	92	O	5.55	A	-		
225	93	O	5.55	C	-		
225	94	O	5.55	C	-		
225	95	O	5.55	A	-		
225	96	O	5.55	A	-		
225	97	O	5.55	C	-		
225	98	O	5.55	T	-		
225	99	O	5.55	G	-		
225	100	O	5.55	G	-		
225	101	O	5.55	C	-		
225	102	O	5.55	C	-		
225	103	O	5.55	G	-		
225	104	O	5.55	G	-		
225	105	O	5.55	G	-		
225	106	O	5.55	C	-		
225	107	O	5.55	G	-		
225	108	O	5.55	C	-		
225	109	O	5.55	C	-		
226	0	O	5.55	G	-		
226	1	O	5.55	T	-		
226	2	O	5.55	A	-		
226	3	O	5.55	T	-		
226	4	O	5.55	G	-		
226	5	O	5.55	A	-		
226	6	O	5.55	C	-		
226	7	O	5.55	T	-		
226	8	O	5.55	A	-		
226	9	O	5.55	G	-		
226	10	O	5.55	C	-		
226	11	O	5.55	A	-		
226	12	O	5.55	T	-		
226	13	O	5.55	T	-		
226	14	O	5.55	T	-		
226	15	O	5.55	G	-		
226	16	O	5.55	A	-		
226	17	O	5.55	G	-		
226	18	O	5.55	C	-		
226	19	O	5.55	T	-		
226	20	O	5.55	C	-		
226	21	O	5.55	T	-		
226	22	O	5.55	C	-		
226	23	O	5.55	A	-		
226	24	O	5.55	T	-		
226	25	O	5.55	T	-		
226	26	O	5.55	G	-		
226	27	O	5.55	A	-		
226	28	O	5.55	G	-		
226	29	O	5.55	T	-		
226	30	O	5.55	G	-		
226	31	O	5.55	A	-		
226	32	O	5.55	C	-		
226	33	O	5.55	G	-		
226	34	O	5.55	A	-		
226	35	O	5.55	T	-		
226	36	O	5.55	G	-		
226	37	O	5.55	A	-		
226	38	O	5.55	T	-		
226	39	O	5.55	G	-		
226	40	O	5.55	A	-		
226	41	O	5.55	C	-		
226	42	O	5.55	A	-		
226	43	O	5.55	T	-		
226	44	O	5.55	C	-		
226	45	O	5.55	T	-		
226	46	O	5.55	G	-		
226	47	O	5.55	A	-		
226	48	O	5.55	A	-		
226	49	O	5.55	C	-		
226	50	O	5.55	T	-		
226	51	O	5.55	T	-		
226	52	O	5.55	G	-		
226	53	O	5.55	G	-		
226	54	O	5.55	T	-		
226	55	O	5.55	A	-		
226	56	O	5.55	C	-		
226	57	O	5.55	A	-		
226	58	O	5.55	T	-		
226	59	O	5.55	G	-		
226	60	O	5.55	T	-		
226	61	O	5.55	G	-		
226	62	O	5.55	A	-		
226	63	O	5.55	A	-		
226	64	O	5.55	G	-		
226	65	O	5.55	A	-		
226	66	O	5.55	A	-		
226	67	O	5.55	G	-		
226	68	O	5.55	A	-		
226	69	O	5.55	T	-		
226	70	O	5.55	A	-		
226	71	O	5.55	T	-		
226	72	O	5.55	C	-		
226	73	O	5.55	A	-		
226	74	O	5.55	A	-		
226	75	O	5.55	A	-		
226	76	O	5.55	A	-		
226	77	O	5.55	C	-		
226	78	O	5.55	C	-		
226	79	O	5.55	C	-		
226	80	O	5.55	T	-		
226	81	O	5.55	G	-		
226	82	O	5.55	C	-		
226	83	O	5.55	T	-		
226	84	O	5.55	A	-		
226	85	O	5.55	T	-		
226	86	O	5.55	G	-		
226	87	O	5.55	T	-		
226	88	O	5.55	G	-		
226	89	O	5.55	A	-		
226	90	O	5.55	A	-		
226	91	O	5.55	A	-		
226	92	O	5.55	C	-		
226	93	O	5.55	A	-		
226	94	O	5.55	A	-		
226	95	O	5.55	A	-		
226	96	O	5.55	T	-		
226	97	O	5.55	T	-		
226	98	O	5.55	C	-		
226	99	O	5.55	T	-		
226	100	O	5.55	C	-		
226	101	O	5.55	T	-		
226	102	O	5.55	T	-		
226	103	O	5.55	A	-		
226	104	O	5.55	C	-		
226	105	O	5.55	G	-		
226	106	O	5.55	T	-		
226	107	O	5.55	T	-		
226	108	O	5.55	T	-		
226	109	O	5.55	G	-		
227	0	O	27.73	T	-		
227	1	O	27.73	T	-		
227	2	O	27.73	G	-		
227	3	O	27.73	C	-		
227	4	O	27.73	G	-		
227	5	O	27.73	C	-		
227	6	O	27.73	C	-		
227	7	O	27.73	T	-		
227	8	O	27.73	C	-		
227	9	O	27.73	C	-		
227	10	O	27.73	C	-		
227	11	O	27.73	G	-		
227	12	O	27.73	C	-		
227	13	O	27.73	T	-		
227	14	O	27.73	C	-		
227	15	O	27.73	G	-		
227	16	O	27.73	G	-		
227	17	O	27.73	C	-		
227	18	O	27.73	C	-		
227	19	O	27.73	A	-		
227	20	O	27.73	A	-		
227	21	O	27.73	T	-		
227	22	O	27.73	C	-		
227	23	O	27.73	C	-		
227	24	O	27.73	T	-		
227	25	O	27.73	C	-		
227	26	O	27.73	C	-		
227	27	O	27.73	C	-		
227	28	O	27.73	T	-		
227	29	O	27.73	G	-		
227	30	O	27.73	T	-		
227	31	O	27.73	G	-		
227	32	O	27.73	C	-		
227	33	O	27.73	T	-		
227	34	O	27.73	G	-		
227	35	O	27.73	T	-		
227	36	O	27.73	T	-		
227	37	O	27.73	C	-		
227	38	O	27.73	A	-		
227	39	O	27.73	C	-		
227	40	O	27.73	T	-		
227	41	O	27.73	G	-		
227	42	O	27.73	G	-		
227	43	O	27.73	G	-		
227	44	O	27.73	C	-		
227	45	O	27.73	G	-		
227	46	O	27.73	G	-		
227	47	O	27.73	G	-		
227	48	O	27.73	T	-		
227	49	O	27.73	C	-		
227	50	O	27.73	C	-		
227	51	O	27.73	A	-		
227	52	O	27.73	T	-		
227	53	O	27.73	G	-		
227	54	O	27.73	A	-		
227	55	O	27.73	A	-		
227	56	O	27.73	C	-		
227	57	O	27.73	G	-		
227	58	O	27.73	C	-		
227	59	O	27.73	G	-		
227	60	O	27.73	C	-		
227	61	O	27.73	C	-		
227	62	O	27.73	C	-		
227	63	O	27.73	G	-		
227	64	O	27.73	A	-		
227	65	O	27.73	G	-		
227	66	O	27.73	C	-		
227	67	O	27.73	G	-		
227	68	O	27.73	C	-		
227	69	O	27.73	T	-		
227	70	O	27.73	C	-		
227	71	O	27.73	T	-		
227	72	O	27.73	A	-		
227	73	O	27.73	G	-		
227	74	O	27.73	C	-		
227	75	O	27.73	A	-		
227	76	O	27.73	C	-		
227	77	O	27.73	T	-		
227	78	O	27.73	A	-		
227	79	O	27.73	C	-		
227	80	O	27.73	T	-		
227	81	O	27.73	G	-		
227	82	O	27.73	A	-		
227	83	O	27.73	G	-		
227	84	O	27.73	G	-		
227	85	O	27.73	G	-		
227	86	O	27.73	C	-		
227	87	O	27.73	G	-		
227	88	O	27.73	A	-		
227	89	O	27.73	C	-		
227	90	O	27.73	A	-		
227	91	O	27.73	G	-		
227	92	O	27.73	A	-		
227	93	O	27.73	C	-		
227	94	O	27.73	G	-		
227	95	O	27.73	G	-		
227	96	O	27.73	A	-		
227	97	O	27.73	A	-		
227	98	O	27.73	C	-		
227	99	O	27.73	T	-		
227	100	O	27.73	T	-		
227	101	O	27.73	G	-		
227	102	O	27.73	T	-		
227	103	O	27.73	T	-		
227	104	O	27.73	G	-		
227	105	O	27.73	G	-		
227	106	O	27.73	T	-		
227	107	O	27.73	C	-		
227	108	O	27.73	G	-		
227	109	O	27.73	G	-		
228	0	O	8.32	A	-		
228	1	O	8.32	C	-		
228	2	O	8.32	T	-		
228	3	O	8.32	A	-		
228	4	O	8.32	C	-		
228	5	O	8.32	G	-		
228	6	O	8.32	C	-		
228	7	O	8.32	A	-		
228	8	O	8.32	A	-		
228	9	O	8.32	C	-		
228	10	O	8.32	A	-		
228	11	O	8.32	G	-		
228	12	O	8.32	A	-		
228	13	O	8.32	A	-		
228	14	O	8.32	G	-		
228	15	O	8.32	G	-		
228	16	O	8.32	T	-		
228	17	O	8.32	C	-		
228	18	O	8.32	T	-		
228	19	O	8.32	T	-		
228	20	O	8.32	C	-		
228	21	O	8.32	G	-		
228	22	O	8.32	A	-		
228	23	O	8.32	A	-		
228	24	O	8.32	C	-		
228	25	O	8.32	G	-		
228	26	O	8.32	C	-		
228	27	O	8.32	T	-		
228	28	O	8.32	A	-		
228	29	O	8.32	T	-		
228	30	O	8.32	G	-		
228	31	O	8.32	T	-		
228	32	O	8.32	C	-		
228	33	O	8.32	T	-		
228	34	O	8.32	A	-		
228	35	O	8.32	G	-		
228	36	O	8.32	C	-		
228	37	O	8.32	A	-		
228	38	O	8.32	T	-		
228	39	O	8.32	A	-		
228	40	O	8.32	C	-		
228	41	O	8.32	C	-		
228	42	O	8.32	G	-		
228	43	O	8.32	A	-		
228	44	O	8.32	G	-		
228	45	O	8.32	A	-		
228	46	O	8.32	G	-		
228	47	O	8.32	G	-		
228	48	O	8.32	T	-		
228	49	O	8.32	C	-		
228	50	O	8.32	T	-		
228	51	O	8.32	C	-		
228	52	O	8.32	T	-		
228	53	O	8.32	G	-		
228	54	O	8.32	A	-		
228	55	O	8.32	A	-		
228	56	O	8.32	G	-		
228	57	O	8.32	A	-		
228	58	O	8.32	T	-		
228	59	O	8.32	G	-		
228	60	O	8.32	A	-		
228	61	O	8.32	A	-		
228	62	O	8.32	T	-		
228	63	O	8.32	A	-		
228	64	O	8.32	T	-		
228	65	O	8.32	C	-		
228	66	O	8.32	G	-		
228	67	O	8.32	A	-		
228	68	O	8.32	A	-		
228	69	O	8.32	A	-		
228	70	O	8.32	C	-		
228	71	O	8.32	T	-		
228	72	O	8.32	G	-		
228	73	O	8.32	G	-		
228	74	O	8.32	G	-		
228	75	O	8.32	C	-		
228	76	O	8.32	A	-		
228	77	O	8.32	G	-		
228	78	O	8.32	T	-		
228	79	O	8.32	C	-		
228	80	O	8.32	A	-		
228	81	O	8.32	T	-		
228	82	O	8.32	G	-		
228	83	O	8.32	T	-		
228	84	O	8.32	A	-		
228	85	O	8.32	C	-		
228	86	O	8.32	G	-		
228	87	O	8.32	A	-		
228	88	O	8.32	T	-		
228	89	O	8.32	A	-		
228	90	O	8.32	A	-		
228	91	O	8.32	T	-		
228	92	O	8.32	G	-		
228	93	O	8.32	C	-		
228	94	O	8.32	C	-		
228	95	O	8.32	G	-		
228	96	O	8.32	C	-		
228	97	O	8.32	C	-		
228	98	O	8.32	T	-		
228	99	O	8.32	C	-		
228	100	O	8.32	T	-		
228	101	O	8.32	C	-		
228	102	O	8.32	A	-		
228	103	O	8.32	A	-		
228	104	O	8.32	T	-		
228	105	O	8.32	T	-		
228	106	O	8.32	A	-		
228	107	O	8.32	T	-		
228	108	O	8.32	C	-		
228	109	O	8.32	A	-		
229	0	O	8.32	T	-		
229	1	O	8.32	A	-		
229	2	O	8.32	T	-		
229	3	O	8.32	A	-		
229	4	O	8.32	C	-		
229	5	O	8.32	C	-		
229	6	O	8.32	T	-		
229	7	O	8.32	C	-		
229	8	O	8.32	C	-		
229	9	O	8.32	G	-		
229	10	O	8.32	C	-		
229	11	O	8.32	C	-		
229	12	O	8.32	G	-		
229	13	O	8.32	G	-		
229	14	O	8.32	C	-		
229	15	O	8.32	C	-		
229	16	O	8.32	C	-		
229	17	O	8.32	T	-		
229	18	O	8.32	G	-		
229	19	O	8.32	A	-		
229	20	O	8.32	G	-		
229	21	O	8.32	C	-		
229	22	O	8.32	G	-		
229	23	O	8.32	G	-		
229	24	O	8.32	A	-		
229	25	O	8.32	C	-		
229	26	O	8.32	C	-		
229	27	O	8.32	C	-		
229	28	O	8.32	T	-		
229	29	O	8.32	T	-		
229	30	O	8.32	G	-		
229	31	O	8.32	A	-		
229	32	O	8.32	T	-		
229	33	O	8.32	G	-		
229	34	O	8.32	A	-		
229	35	O	8.32	A	-		
229	36	O	8.32	G	-		
229	37	O	8.32	C	-		
229	38	O	8.32	G	-		
229	39	O	8.32	A	-		
229	40	O	8.32	T	-		
229	41	O	8.32	G	-		
229	42	O	8.32	G	-		
229	43	O	8.32	G	-		
229	44	O	8.32	A	-		
229	45	O	8.32	G	-		
229	46	O	8.32	T	-		
229	47	O	8.32	T	-		
229	48	O	8.32	T	-		
229	49	O	8.32	G	-		
229	50	O	8.32	T	-		
229	51	O	8.32	G	-		
229	52	O	8.32	G	-		
229	53	O	8.32	A	-		
229	54	O	8.32	G	-		
229	55	O	8.32	G	-		
229	56	O	8.32	C	-		
229	57	O	8.32	G	-		
229	58	O	8.32	G	-		
229	59	O	8.32	G	-		
229	60	O	8.32	A	-		
229	61	O	8.32	G	-		
229	62	O	8.32	C	-		
229	63	O	8.32	T	-		
229	64	O	8.32	G	-		
229	65	O	8.32	T	-		
229	66	O	8.32	G	-		
229	67	O	8.32	A	-		
229	68	O	8.32	G	-		
229	69	O	8.32	A	-		
229	70	O	8.32	A	-		
229	71	O	8.32	C	-		
229	72	O	8.32	G	-		
229	73	O	8.32	G	-		
229	74	O	8.32	C	-		
229	75	O	8.32	T	-		
229	76	O	8.32	C	-		
229	77	O	8.32	G	-		
229	78	O	8.32	A	-		
229	79	O	8.32	C	-		
229	80	O	8.32	A	-		
229	81	O	8.32	A	-		
229	82	O	8.32	C	-		
229	83	O	8.32	C	-		
229	84	O	8.32	G	-		
229	85	O	8.32	T	-		
229	86	O	8.32	C	-		
229	87	O	8.32	T	-		
229	88	O	8.32	T	-		
229	89	O	8.32	C	-		
229	90	O	8.32	C	-		
229	91	O	8.32	T	-		
229	92	O	8.32	G	-		
229	93	O	8.32	A	-		
229	94	O	8.32	C	-		
229	95	O	8.32	A	-		
229	96	O	8.32	A	-		
229	97	O	8.32	T	-		
229	98	O	8.32	T	-		
229	99	O	8.32	C	-		
229	100	O	8.32	G	-		
229	101	O	8.32	T	-		
229	102	O	8.32	G	-		
229	103	O	8.32	A	-		
229	104	O	8.32	G	-		
229	105	O	8.32	A	-		
229	106	O	8.32	G	-		
229	107	O	8.32	A	-		
229	108	O	8.32	C	-		
229	109	O	8.32	T	-		
230	0	U	0.00	-	-		
230	1	U	0.00	-	-		
230	2	U	0.00	-	-		
230	3	U	0.00	-	-		
230	4	U	0.00	-	-		
230	5	U	0.00	-	-		
230	6	U	0.00	-	-		
230	7	U	0.00	-	-		
230	8	U	0.00	-	-		
230	9	U	0.00	-	-		
230	10	O	6.93	T	-		
230	11	O	6.93	G	-		
230	12	O	6.93	G	-		
230	13	O	6.93	C	-		
230	14	O	6.93	C	-		
230	15	O	6.93	T	-		
230	16	O	6.93	C	-		
230	17	O	6.93	A	-		
230	18	O	6.93	A	-		
230	19	O	6.93	C	-		
230	20	O	6.93	T	-		
230	21	O	6.93	C	-		
230	22	O	6.93	T	-		
230	23	O	6.93	T	-		
230	24	O	6.93	C	-		
230	25	O	6.93	G	-		
230	26	O	6.93	G	-		
230	27	O	6.93	C	-		
230	28	O	6.93	G	-		
230	29	O	6.93	C	-		
230	30	O	6.93	C	-		
230	31	O	6.93	A	-		
230	32	O	6.93	C	-		
230	33	O	6.93	A	-		
230	34	O	6.93	A	-		
230	35	O	6.93	C	-		
230	36	O	6.93	C	-		
230	37	O	6.93	A	-		
230	38	O	6.93	A	-		
230	39	O	6.93	C	-		
230	40	O	6.93	G	-		
230	41	O	6.93	A	-		
230	42	O	6.93	C	-		
230	43	O	6.93	G	-		
230	44	O	6.93	C	-		
230	45	O	6.93	C	-		
230	46	O	6.93	G	-		
230	47	O	6.93	C	-		
230	48	O	6.93	C	-		
230	49	O	6.93	G	-		
230	50	O	6.93	C	-		
230	51	O	6.93	C	-		
230	52	O	6.93	C	-		
230	53	O	6.93	A	-		
230	54	O	6.93	C	-		
230	55	O	6.93	G	-		
230	56	O	6.93	A	-		
230	57	O	6.93	C	-		
230	58	O	6.93	G	-		
230	59	O	6.93	C	-		
230	60	O	6.93	C	-		
230	61	O	6.93	C	-		
230	62	O	6.93	C	-		
230	63	O	6.93	C	-		
230	64	O	6.93	G	-		
230	65	O	6.93	C	-		
230	66	O	6.93	C	-		
230	67	O	6.93	C	-		
230	68	O	6.93	G	-		
230	69	O	6.93	C	-		
230	70	O	6.93	G	-		
230	71	O	6.93	T	-		
230	72	O	6.93	C	-		
230	73	U	-0.27	G	C		
230	74	O	6.93	A	-		
230	75	O	6.93	G	-		
230	76	O	6.93	C	-		
230	77	O	6.93	A	-		
230	78	O	6.93	G	-		
230	79	O	6.93	T	-		
230	80	O	6.93	C	-		
230	81	O	6.93	C	-		
230	82	O	6.93	G	-		
230	83	O	6.93	C	-		
230	84	O	6.93	C	-		
230	85	O	6.93	G	-		
230	86	O	6.93	G	-		
230	87	O	6.93	C	-		
230	88	O	6.93	C	-		
230	89	O	6.93	C	-		
230	90	O	6.93	C	-		
230	91	O	6.93	G	-		
230	92	O	6.93	G	-		
230	93	O	6.93	A	-		
230	94	O	6.93	C	-		
230	95	O	6.93	G	-		
230	96	O	6.93	A	-		
230	97	O	6.93	G	-		
230	98	O	6.93	G	-		
230	99	O	6.93	A	-		
230	100	O	6.93	G	-		
230	101	O	6.93	C	-		
230	102	O	6.93	C	-		
230	103	O	6.93	T	-		
230	104	O	6.93	G	-		
230	105	O	6.93	C	-		
230	106	O	6.93	A	-		
230	107	O	6.93	G	-		
230	108	O	6.93	A	-		
230	109	O	6.93	C	-		
230	110	U	0.00	-	-		
230	111	U	0.00	-	-		
230	112	U	0.00	-	-		
230	113	U	0.00	-	-		
230	114	U	0.00	-	-		
230	115	U	0.00	-	-		
230	116	U	0.00	-	-		
230	117	U	0.00	-	-		
230	118	U	0.00	-	-		
230	119	U	0.00	-	-		
231	0	O	6.93	T	-		
231	1	O	6.93	T	-		
231	2	O	6.93	G	-		
231	3	O	6.93	A	-		
231	4	O	6.93	G	-		
231	5	O	6.93	C	-		
231	6	O	6.93	A	-		
231	7	O	6.93	G	-		
231	8	O	6.93	C	-		
231	9	O	6.93	A	-		
231	10	O	6.93	G	-		
231	11	O	6.93	T	-		
231	12	O	6.93	T	-		
231	13	O	6.93	G	-		
231	14	O	6.93	G	-		
231	15	O	6.93	A	-		
231	16	O	6.93	G	-		
231	17	O	6.93	T	-		
231	18	O	6.93	T	-		
231	19	O	6.93	G	-		
231	20	O	6.93	A	-		
231	21	O	6.93	A	-		
231	22	O	6.93	G	-		
231	23	O	6.93	C	-		
231	24	O	6.93	T	-		
231	25	O	6.93	G	-		
231	26	O	6.93	A	-		
231	27	O	6.93	T	-		
231	28	O	6.93	G	-		
231	29	O	6.93	T	-		
231	30	O	6.93	A	-		
231	31	O	6.93	G	-		
231	32	O	6.93	A	-		
231	33	O	6.93	A	-		
231	34	O	6.93	G	-		
231	35	O	6.93	A	-		
231	36	O	6.93	A	-		
231	37	O	6.93	A	-		
231	38	O	6.93	C	-		
231	39	O	6.93	C	-		
231	40	O	6.93	A	-		
231	41	O	6.93	G	-		
231	42	O	6.93	C	-		
231	43	O	6.93	G	-		
231	44	O	6.93	A	-		
231	45	O	6.93	A	-		
231	46	O	6.93	T	-		
231	47	O	6.93	T	-		
231	48	O	6.93	T	-		
231	49	O	6.93	C	-		
231	50	O	6.93	C	-		
231	51	O	6.93	A	-		
231	52	O	6.93	C	-		
231	53	O	6.93	T	-		
231	54	O	6.93	C	-		
231	55	O	6.93	T	-		
231	56	O	6.93	A	-		
231	57	O	6.93	C	-		
231	58	O	6.93	A	-		
231	59	O	6.93	A	-		
231	60	O	6.93	T	-		
231	61	O	6.93	T	-		
231	62	O	6.93	G	-		
231	63	O	6.93	A	-		
231	64	O	6.93	A	-		
231	65	O	6.93	A	-		
231	66	O	6.93	G	-		
231	67	O	6.93	T	-		
231	68	O	6.93	A	-		
231	69	O	6.93	G	-		
231	70	O	6.93	A	-		
231	71	O	6.93	C	-		
231	72	O	6.93	A	-		
231	73	O	6.93	T	-		
231	74	O	6.93	G	-		
231	75	O	6.93	T	-		
231	76	O	6.93	A	-		
231	77	O	6.93	A	-		
231	78	O	6.93	A	-		
231	79	O	6.93	G	-		
231	80	O	6.93	A	-		
231	81	O	6.93	T	-		
231	82	O	6.93	T	-		
231	83	O	6.93	A	-		
231	84	O	6.93	G	-		
231	85	O	6.93	A	-		
231	86	O	6.93	A	-		
231	87	O	6.93	A	-		
231	88	O	6.93	C	-		
231	89	O	6.93	T	-		
231	90	O	6.93	G	-		
231	91	O	6.93	A	-		
231	92	O	6.93	A	-		
231	93	O	6.93	A	-		
231	94	O	6.93	A	-		
231	95	O	6.93	C	-		
231	96	O	6.93	A	-		
231	97	O	6.93	A	-		
231	98	O	6.93	A	-		
231	99	O	6.93	G	-		
231	100	O	6.93	A	-		
231	101	O	6.93	T	-		
231	102	O	6.93	T	-		
231	103	O	6.93	G	-		
231	104	O	6.93	T	-		
231	105	O	6.93	A	-		
231	106	O	6.93	T	-		
231	107	O	6.93	C	-		
231	108	O	6.93	G	-		
231	109	O	6.93	G	-		
232	0	O	6.93	A	-		
232	1	O	6.93	T	-		
232	2	O	6.93	C	-		
232	3	O	6.93	G	-		
232	4	O	6.93	G	-		
232	5	O	6.93	C	-		
232	6	O	6.93	G	-		
232	7	O	6.93	T	-		
232	8	O	6.93	C	-		
232	9	O	6.93	A	-		
232	10	O	6.93	C	-		
232	11	O	6.93	C	-		
232	12	O	6.93	T	-		
232	13	O	6.93	C	-		
232	14	O	6.93	A	-		
232	15	O	6.93	C	-		
232	16	O	6.93	C	-		
232	17	O	6.93	A	-		
232	18	O	6.93	A	-		
232	19	O	6.93	C	-		
232	20	O	6.93	A	-		
232	21	O	6.93	A	-		
232	22	O	6.93	G	-		
232	23	O	6.93	C	-		
232	24	O	6.93	C	-		
232	25	O	6.93	A	-		
232	26	O	6.93	G	-		
232	27	O	6.93	T	-		
232	28	O	6.93	T	-		
232	29	O	6.93	G	-		
232	30	O	6.93	A	-		
232	31	O	6.93	A	-		
232	32	O	6.93	A	-		
232	33	O	6.93	G	-		
232	34	O	6.93	T	-		
232	35	O	6.93	C	-		
232	36	O	6.93	C	-		
232	37	O	6.93	A	-		
232	38	O	6.93	G	-		
232	39	O	6.93	T	-		
232	40	O	6.93	T	-		
232	41	O	6.93	G	-		
232	42	O	6.93	G	-		
232	43	O	6.93	C	-		
232	44	O	6.93	G	-		
232	45	O	6.93	G	-		
232	46	O	6.93	C	-		
232	47	O	6.93	A	-		
232	48	O	6.93	G	-		
232	49	O	6.93	T	-		
232	50	O	6.93	G	-		
232	51	O	6.93	G	-		
232	52	O	6.93	A	-		
232	53	O	6.93	C	-		
232	54	O	6.93	A	-		
232	55	O	6.93	G	-		
232	56	O	6.93	A	-		
232	57	O	6.93	C	-		
232	58	O	6.93	T	-		
232	59	O	6.93	T	-		
232	60	O	6.93	G	-		
232	61	O	6.93	C	-		
232	62	O	6.93	T	-		
232	63	O	6.93	C	-		
232	64	O	6.93	C	-		
232	65	O	6.93	C	-		
232	66	O	6.93	T	-		
232	67	O	6.93	T	-		
232	68	O	6.93	G	-		
232	69	O	6.93	G	-		
232	70	O	6.93	C	-		
232	71	O	6.93	C	-		
232	72	O	6.93	C	-		
232	73	O	6.93	G	-		
232	74	O	6.93	A	-		
232	75	O	6.93	A	-		
232	76	O	6.93	T	-		
232	77	O	6.93	G	-		
232	78	O	6.93	C	-		
232	79	O	6.93	T	-		
232	80	O	6.93	C	-		
232	81	O	6.93	A	-		
232	82	O	6.93	T	-		
232	83	O	6.93	G	-		
232	84	O	6.93	G	-		
232	85	O	6.93	G	-		
232	86	O	6.93	A	-		
232	87	O	6.93	A	-		
232	88	O	6.93	G	-		
232	89	O	6.93	A	-		
232	90	O	6.93	A	-		
232	91	O	6.93	T	-		
232	92	O	6.93	C	-		
232	93	O	6.93	T	-		
232	94	O	6.93	C	-		
232	95	O	6.93	G	-		
232	96	O	6.93	G	-		
232	97	O	6.93	G	-		
232	98	O	6.93	C	-		
232	99	O	6.93	G	-		
232	100	O	6.93	G	-		
232	101	O	6.93	G	-		
232	102	O	6.93	T	-		
232	103	O	6.93	A	-		
232	104	O	6.93	G	-		
232	105	O	6.93	A	-		
232	106	O	6.93	G	-		
232	107	O	6.93	C	-		
232	108	O	6.93	C	-		
232	109	O	6.93	A	-		
233	0	O	8.32	A	-		
233	1	O	8.32	T	-		
233	2	O	8.32	C	-		
233	3	O	8.32	A	-		
233	4	O	8.32	T	-		
233	5	O	8.32	G	-		
233	6	O	8.32	A	-		
233	7	O	8.32	C	-		
233	8	O	8.32	A	-		
233	9	O	8.32	T	-		
233	10	O	8.32	T	-		
233	11	O	8.32	G	-		
233	12	O	8.32	T	-		
233	13	O	8.32	G	-		
233	14	O	8.32	G	-		
233	15	O	8.32	G	-		
233	16	O	8.32	T	-		
233	17	O	8.32	C	-		
233	18	O	8.32	G	-		
233	19	O	8.32	T	-		
233	20	O	8.32	G	-		
233	21	O	8.32	A	-		
233	22	O	8.32	T	-		
233	23	O	8.32	A	-		
233	24	O	8.32	G	-		
233	25	O	8.32	A	-		
233	26	O	8.32	G	-		
233	27	O	8.32	C	-		
233	28	O	8.32	T	-		
233	29	O	8.32	G	-		
233	30	O	8.32	G	-		
233	31	O	8.32	C	-		
233	32	O	8.32	G	-		
233	33	O	8.32	G	-		
233	34	O	8.32	A	-		
233	35	O	8.32	G	-		
233	36	O	8.32	G	-		
233	37	O	8.32	C	-		
233	38	O	8.32	A	-		
233	39	O	8.32	C	-		
233	40	O	8.32	G	-		
233	41	O	8.32	A	-		
233	42	O	8.32	G	-		
233	43	O	8.32	C	-		
233	44	O	8.32	T	-		
233	45	O	8.32	C	-		
233	46	O	8.32	A	-		
233	47	O	8.32	G	-		
233	48	O	8.32	A	-		
233	49	O	8.32	A	-		
233	50	O	8.32	C	-		
233	51	O	8.32	G	-		
233	52	O	8.32	T	-		
233	53	O	8.32	C	-		
233	54	O	8.32	G	-		
233	55	O	8.32	C	-		
233	56	O	8.32	C	-		
233	57	O	8.32	G	-		
233	58	O	8.32	G	-		
233	59	O	8.32	C	-		
233	60	O	8.32	A	-		
233	61	O	8.32	C	-		
233	62	O	8.32	G	-		
233	63	O	8.32	G	-		
233	64	O	8.32	G	-		
233	65	O	8.32	C	-		
233	66	O	8.32	G	-		
233	67	O	8.32	T	-		
233	68	O	8.32	G	-		
233	69	O	8.32	G	-		
233	70	O	8.32	A	-		
233	71	O	8.32	C	-		
233	72	O	8.32	A	-		
233	73	O	8.32	C	-		
233	74	O	8.32	G	-		
233	75	O	8.32	A	-		
233	76	O	8.32	C	-		
233	77	O	8.32	C	-		
233	78	O	8.32	T	-		
233	79	O	8.32	T	-		
233	80	O	8.32	G	-		
233	81	O	8.32	T	-		
233	82	O	8.32	C	-		
233	83	O	8.32	T	-		
233	84	O	8.32	C	-		
233	85	O	8.32	G	-		
233	86	O	8.32	G	-		
233	87	O	8.32	C	-		
233	88	O	8.32	A	-		
233	89	O	8.32	T	-		
233	90	O	8.32	C	-		
233	91	O	8.32	G	-		
233	92	O	8.32	A	-		
233	93	O	8.32	A	-		
233	94	O	8.32	A	-		
233	95	O	8.32	T	-		
233	96	O	8.32	G	-		
233	97	O	8.32	C	-		
233	98	O	8.32	A	-		
233	99	O	8.32	A	-		
233	100	O	8.32	A	-		
233	101	O	8.32	T	-		
233	102	O	8.32	G	-		
233	103	O	8.32	C	-		
233	104	O	8.32	C	-		
233	105	O	8.32	A	-		
233	106	O	8.32	C	-		
233	107	O	8.32	G	-		
233	108	O	8.32	C	-		
233	109	O	8.32	A	-		
234	0	O	11.09	C	-		
234	1	O	11.09	C	-		
234	2	O	11.09	G	-		
234	3	O	11.09	G	-		
234	4	O	11.09	T	-		
234	5	O	11.09	G	-		
234	6	O	11.09	G	-		
234	7	O	11.09	T	-		
234	8	O	11.09	C	-		
234	9	O	11.09	G	-		
234	10	O	11.09	A	-		
234	11	O	11.09	C	-		
234	12	O	11.09	A	-		
234	13	O	11.09	C	-		
234	14	O	11.09	G	-		
234	15	O	11.09	C	-		
234	16	O	11.09	G	-		
234	17	O	11.09	G	-		
234	18	O	11.09	C	-		
234	19	O	11.09	C	-		
234	20	O	11.09	C	-		
234	21	O	11.09	A	-		
234	22	O	11.09	T	-		
234	23	O	11.09	G	-		
234	24	O	11.09	G	-		
234	25	O	11.09	C	-		
234	26	O	11.09	G	-		
234	27	O	11.09	A	-		
234	28	O	11.09	A	-		
234	29	O	11.09	C	-		
234	30	O	11.09	A	-		
234	31	O	11.09	C	-		
234	32	O	11.09	C	-		
234	33	O	11.09	A	-		
234	34	O	11.09	G	-		
234	35	O	11.09	T	-		
234	36	O	11.09	T	-		
234	37	O	11.09	C	-		
234	38	O	11.09	G	-		
234	39	O	11.09	C	-		
234	40	O	11.09	G	-		
234	41	O	11.09	C	-		
234	42	O	11.09	T	-		
234	43	O	11.09	G	-		
234	44	O	11.09	C	-		
234	45	O	11.09	C	-		
234	46	O	11.09	G	-		
234	47	O	11.09	C	-		
234	48	O	11.09	G	-		
234	49	O	11.09	T	-		
234	50	O	11.09	C	-		
234	51	O	11.09	A	-		
234	52	O	11.09	G	-		
234	53	O	11.09	C	-		
234	54	O	11.09	C	-		
234	55	O	11.09	G	-		
234	56	O	11.09	A	-		
234	57	O	11.09	C	-		
234	58	O	11.09	C	-		
234	59	O	11.09	G	-		
234	60	O	11.09	C	-		
234	61	O	11.09	C	-		
234	62	O	11.09	T	-		
234	63	O	11.09	C	-		
234	64	O	11.09	C	-		
234	65	O	11.09	G	-		
234	66	O	11.09	A	-		
234	67	O	11.09	A	-		
234	68	O	11.09	G	-		
234	69	O	11.09	C	-		
234	70	O	11.09	C	-		
234	71	O	11.09	A	-		
234	72	O	11.09	C	-		
234	73	O	11.09	C	-		
234	74	O	11.09	T	-		
234	75	O	11.09	A	-		
234	76	O	11.09	G	-		
234	77	O	11.09	G	-		
234	78	O	11.09	C	-		
234	79	O	11.09	G	-		
234	80	O	11.09	A	-		
234	81	O	11.09	A	-		
234	82	O	11.09	G	-		
234	83	O	11.09	G	-		
234	84	O	11.09	T	-		
234	85	O	11.09	C	-		
234	86	O	11.09	C	-		
234	87	O	11.09	C	-		
234	88	O	11.09	G	-		
234	89	O	11.09	G	-		
234	90	O	11.09	C	-		
234	91	O	11.09	G	-		
234	92	O	11.09	C	-		
234	93	O	11.09	T	-		
234	94	O	11.09	C	-		
234	95	O	11.09	A	-		
234	96	O	11.09	A	-		
234	97	O	11.09	C	-		
234	98	O	11.09	C	-		
234	99	O	11.09	C	-		
234	100	O	11.09	G	-		
234	101	O	11.09	C	-		
234	102	O	11.09	T	-		
234	103	O	11.09	T	-		
234	104	O	11.09	C	-		
234	105	O	11.09	C	-		
234	106	O	11.09	C	-		
234	107	O	11.09	G	-		
234	108	O	11.09	C	-		
234	109	O	11.09	T	-		
235	0	O	19.41	T	-		
235	1	O	19.41	G	-		
235	2	O	19.41	C	-		
235	3	O	19.41	G	-		
235	4	O	19.41	C	-		
235	5	O	19.41	G	-		
235	6	O	19.41	A	-		
235	7	O	19.41	G	-		
235	8	O	19.41	C	-		
235	9	O	19.41	G	-		
235	10	O	19.41	G	-		
235	11	O	19.41	C	-		
235	12	O	19.41	T	-		
235	13	O	19.41	G	-		
235	14	O	19.41	A	-		
235	15	O	19.41	G	-		
235	16	O	19.41	A	-		
235	17	O	19.41	T	-		
235	18	O	19.41	C	-		
235	19	O	19.41	C	-		
235	20	O	19.41	G	-		
235	21	O	19.41	G	-		
235	22	O	19.41	C	-		
235	23	O	19.41	G	-		
235	24	O	19.41	A	-		
235	25	O	19.41	G	-		
235	26	O	19.41	C	-		
235	27	O	19.41	A	-		
235	28	O	19.41	G	-		
235	29	O	19.41	C	-		
235	30	O	19.41	T	-		
235	31	O	19.41	T	-		
235	32	O	19.41	G	-		
235	33	O	19.41	C	-		
235	34	O	19.41	T	-		
235	35	O	19.41	G	-		
235	36	O	19.41	G	-		
235	37	O	19.41	C	-		
235	38	O	19.41	C	-		
235	39	O	19.41	A	-		
235	40	O	19.41	T	-		
235	41	O	19.41	C	-		
235	42	O	19.41	A	-		
235	43	O	19.41	G	-		
235	44	O	19.41	G	-		
235	45	O	19.41	C	-		
235	46	O	19.41	T	-		
235	47	O	19.41	C	-		
235	48	O	19.41	A	-		
235	49	O	19.41	G	-		
235	50	O	19.41	C	-		
235	51	O	19.41	T	-		
235	52	O	19.41	G	-		
235	53	O	19.41	C	-		
235	54	O	19.41	T	-		
235	55	O	19.41	G	-		
235	56	O	19.41	C	-		
235	57	O	19.41	T	-		
235	58	O	19.41	G	-		
235	59	O	19.41	C	-		
235	60	O	19.41	T	-		
235	61	O	19.41	G	-		
235	62	O	19.41	C	-		
235	63	O	19.41	T	-		
235	64	O	19.41	G	-		
235	65	O	19.41	C	-		
235	66	O	19.41	T	-		
235	67	O	19.41	G	-		
235	68	O	19.41	C	-		
235	69	O	19.41	T	-		
235	70	O	19.41	G	-		
235	71	O	19.41	A	-		
235	72	O	19.41	T	-		
235	73	O	19.41	G	-		
235	74	O	19.41	G	-		
235	75	O	19.41	T	-		
235	76	O	19.41	G	-		
235	77	O	19.41	C	-		
235	78	O	19.41	T	-		
235	79	O	19.41	G	-		
235	80	O	19.41	A	-		
235	81	O	19.41	A	-		
235	82	O	19.41	G	-		
235	83	O	19.41	G	-		
235	84	O	19.41	T	-		
235	85	O	19.41	G	-		
235	86	O	19.41	C	-		
235	87	O	19.41	T	-		
235	88	O	19.41	G	-		
235	89	O	19.41	G	-		
235	90	O	19.41	T	-		
235	91	O	19.41	G	-		
235	92	O	19.41	C	-		
235	93	O	19.41	T	-		
235	94	O	19.41	G	-		
235	95	O	10.01	T	-		
235	96	O	19.41	T	-		
235	97	O	19.41	G	-		
235	98	O	19.41	T	-		
235	99	O	19.41	T	-		
235	100	O	19.41	G	-		
235	101	O	19.41	C	-		
235	102	O	19.41	T	-		
235	103	O	19.41	G	-		
235	104	O	19.41	C	-		
235	105	O	19.41	T	-		
235	106	O	19.41	G	-		
235	107	O	19.41	G	-		
235	108	O	19.41	T	-		
235	109	O	19.41	G	-		
236	0	O	6.93	G	-		
236	1	O	6.93	G	-		
236	2	O	6.93	C	-		
236	3	O	6.93	C	-		
236	4	O	6.93	G	-		
236	5	O	6.93	C	-		
236	6	O	6.93	C	-		
236	7	O	6.93	C	-		
236	8	O	6.93	T	-		
236	9	O	6.93	G	-		
236	10	O	6.93	G	-		
236	11	O	6.93	C	-		
236	12	O	6.93	C	-		
236	13	O	6.93	T	-		
236	14	O	6.93	G	-		
236	15	O	6.93	C	-		
236	16	O	6.93	A	-		
236	17	O	6.93	C	-		
236	18	O	6.93	T	-		
236	19	O	6.93	G	-		
236	20	O	6.93	G	-		
236	21	O	6.93	T	-		
236	22	O	6.93	G	-		
236	23	O	6.93	A	-		
236	24	O	6.93	C	-		
236	25	O	6.93	G	-		
236	26	O	6.93	C	-		
236	27	O	6.93	T	-		
236	28	O	6.93	C	-		
236	29	O	6.93	G	-		
236	30	O	6.93	G	-		
236	31	O	6.93	C	-		
236	32	O	6.93	G	-		
236	33	O	6.93	G	-		
236	34	O	6.93	C	-		
236	35	O	6.93	G	-		
236	36	O	6.93	C	-		
236	37	O	6.93	A	-		
236	38	O	6.93	C	-		
236	39	O	6.93	T	-		
236	40	O	6.93	C	-		
236	41	O	6.93	G	-		
236	42	O	6.93	C	-		
236	43	O	6.93	C	-		
236	44	O	6.93	A	-		
236	45	O	6.93	G	-		
236	46	O	6.93	T	-		
236	47	O	6.93	C	-		
236	48	O	6.93	C	-		
236	49	O	6.93	A	-		
236	50	O	6.93	T	-		
236	51	O	6.93	G	-		
236	52	O	6.93	T	-		
236	53	O	6.93	C	-		
236	54	O	6.93	C	-		
236	55	O	6.93	G	-		
236	56	O	6.93	T	-		
236	57	O	6.93	C	-		
236	58	O	6.93	T	-		
236	59	O	6.93	G	-		
236	60	O	6.93	T	-		
236	61	O	6.93	C	-		
236	62	O	6.93	T	-		
236	63	O	6.93	G	-		
236	64	O	6.93	T	-		
236	65	O	6.93	G	-		
236	66	O	6.93	C	-		
236	67	O	6.93	G	-		
236	68	O	6.93	T	-		
236	69	O	6.93	T	-		
236	70	O	6.93	T	-		
236	71	O	6.93	G	-		
236	72	O	6.93	T	-		
236	73	O	6.93	C	-		
236	74	O	6.93	C	-		
236	75	O	6.93	G	-		
236	76	O	6.93	C	-		
236	77	O	6.93	T	-		
236	78	O	6.93	C	-		
236	79	O	6.93	G	-		
236	80	O	6.93	C	-		
236	81	O	6.93	T	-		
236	82	O	6.93	C	-		
236	83	O	6.93	G	-		
236	84	O	6.93	T	-		
236	85	O	6.93	C	-		
236	86	O	6.93	C	-		
236	87	O	6.93	A	-		
236	88	O	6.93	T	-		
236	89	O	6.93	C	-		
236	90	O	6.93	T	-		
236	91	O	6.93	G	-		
236	92	O	6.93	T	-		
236	93	O	6.93	G	-		
236	94	O	6.93	T	-		
236	95	O	6.93	G	-		
236	96	O	6.93	C	-		
236	97	O	6.93	G	-		
236	98	U	-0.27	A	C		
236	99	O	6.93	C	-		
236	100	O	6.93	T	-		
236	101	O	6.93	C	-		
236	102	O	6.93	T	-		
236	103	U	-0.27	T	C		
236	104	O	6.93	G	-		
236	105	O	6.93	C	-		
236	106	O	6.93	G	-		
236	107	O	6.93	C	-		
236	108	O	6.93	C	-		
236	109	O	6.93	C	-		
237	0	O	18.02	G	-		
237	1	O	18.02	C	-		
237	2	O	18.02	C	-		
237	3	O	18.02	A	-		
237	4	O	18.02	T	-		
237	5	O	18.02	G	-		
237	6	O	18.02	G	-		
237	7	O	18.02	G	-		
237	8	O	18.02	C	-		
237	9	O	18.02	T	-		
237	10	O	18.02	A	-		
237	11	O	18.02	C	-		
237	12	O	18.02	C	-		
237	13	O	18.02	A	-		
237	14	O	18.02	C	-		
237	15	O	18.02	C	-		
237	16	O	18.02	T	-		
237	17	O	18.02	G	-		
237	18	O	18.02	A	-		
237	19	O	18.02	C	-		
237	20	O	18.02	C	-		
237	21	O	18.02	G	-		
237	22	O	18.02	G	-		
237	23	O	18.02	C	-		
237	24	O	18.02	A	-		
237	25	O	18.02	C	-		
237	26	O	18.02	G	-		
237	27	O	18.02	C	-		
237	28	O	18.02	A	-		
237	29	O	18.02	A	-		
237	30	O	18.02	T	-		
237	31	O	18.02	T	-		
237	32	O	18.02	C	-		
237	33	O	18.02	A	-		
237	34	O	18.02	A	-		
237	35	O	18.02	C	-		
237	36	O	18.02	A	-		
237	37	O	18.02	A	-		
237	38	O	18.02	C	-		
237	39	O	18.02	G	-		
237	40	O	18.02	A	-		
237	41	O	18.02	C	-		
237	42	O	18.02	A	-		
237	43	O	18.02	A	-		
237	44	O	18.02	C	-		
237	45	O	18.02	T	-		
237	46	O	18.02	T	-		
237	47	O	18.02	C	-		
237	48	O	18.02	G	-		
237	49	O	18.02	A	-		
237	50	O	18.02	G	-		
237	51	O	18.02	G	-		
237	52	O	18.02	C	-		
237	53	O	18.02	C	-		
237	54	O	18.02	A	-		
237	55	O	18.02	T	-		
237	56	O	18.02	C	-		
237	57	O	18.02	G	-		
237	58	O	18.02	T	-		
237	59	O	18.02	C	-		
237	60	O	18.02	G	-		
237	61	O	18.02	A	-		
237	62	O	18.02	G	-		
237	63	O	18.02	T	-		
237	64	O	18.02	C	-		
237	65	O	18.02	A	-		
237	66	O	18.02	A	-		
237	67	O	18.02	A	-		
237	68	O	18.02	G	-		
237	69	O	18.02	C	-		
237	70	O	18.02	A	-		
237	71	O	18.02	G	-		
237	72	O	18.02	T	-		
237	73	O	18.02	A	-		
237	74	O	18.02	C	-		
237	75	O	18.02	G	-		
237	76	O	18.02	G	-		
237	77	O	18.02	C	-		
237	78	O	18.02	A	-		
237	79	O	18.02	C	-		
237	80	O	18.02	C	-		
237	81	O	18.02	A	-		
237	82	O	18.02	C	-		
237	83	O	18.02	C	-		
237	84	O	18.02	A	-		
237	85	O	18.02	T	-		
237	86	O	18.02	C	-		
237	87	O	18.02	C	-		
237	88	O	18.02	C	-		
237	89	O	18.02	C	-		
237	90	O	18.02	G	-		
237	91	O	18.02	A	-		
237	92	O	18.02	C	-		
237	93	O	18.02	G	-		
237	94	O	18.02	T	-		
237	95	O	18.02	C	-		
237	96	O	18.02	A	-		
237	97	O	18.02	T	-		
237	98	O	18.02	C	-		
237	99	O	18.02	C	-		
237	100	O	18.02	T	-		
237	101	O	18.02	C	-		
237	102	O	18.02	G	-		
237	103	O	18.02	T	-		
237	104	O	18.02	C	-		
237	105	O	18.02	A	-		
237	106	O	18.02	A	-		
237	107	O	18.02	G	-		
237	108	O	18.02	A	-		
237	109	O	18.02	A	-		
238	0	O	6.93	G	-		
238	1	O	6.93	T	-		
238	2	O	6.93	T	-		
238	3	O	6.93	C	-		
238	4	O	6.93	G	-		
238	5	O	6.93	T	-		
238	6	O	6.93	A	-		
238	7	O	6.93	A	-		
238	8	O	6.93	A	-		
238	9	O	6.93	T	-		
238	10	O	6.93	G	-		
238	11	O	6.93	A	-		
238	12	O	6.93	A	-		
238	13	O	6.93	A	-		
238	14	O	6.93	A	-		
238	15	O	6.93	C	-		
238	16	O	6.93	A	-		
238	17	O	6.93	A	-		
238	18	O	6.93	A	-		
238	19	O	6.93	G	-		
238	20	O	6.93	T	-		
238	21	O	6.93	G	-		
238	22	O	6.93	G	-		
238	23	O	6.93	T	-		
238	24	O	6.93	G	-		
238	25	O	6.93	A	-		
238	26	O	6.93	A	-		
238	27	O	6.93	T	-		
238	28	O	6.93	G	-		
238	29	O	6.93	T	-		
238	30	O	6.93	A	-		
238	31	O	6.93	T	-		
238	32	O	6.93	G	-		
238	33	O	6.93	A	-		
238	34	O	6.93	A	-		
238	35	O	6.93	C	-		
238	36	O	6.93	A	-		
238	37	O	6.93	A	-		
238	38	O	6.93	G	-		
238	39	O	6.93	C	-		
238	40	O	6.93	A	-		
238	41	O	6.93	C	-		
238	42	O	6.93	A	-		
238	43	O	6.93	G	-		
238	44	O	6.93	G	-		
238	45	O	6.93	A	-		
238	46	O	6.93	T	-		
238	47	O	6.93	C	-		
238	48	O	6.93	A	-		
238	49	O	6.93	A	-		
238	50	O	6.93	T	-		
238	51	O	6.93	G	-		
238	52	O	6.93	A	-		
238	53	O	6.93	A	-		
238	54	O	6.93	T	-		
238	55	O	6.93	C	-		
238	56	O	6.93	A	-		
238	57	O	6.93	C	-		
238	58	O	6.93	A	-		
238	59	O	6.93	T	-		
238	60	O	6.93	A	-		
238	61	O	6.93	C	-		
238	62	O	6.93	T	-		
238	63	O	6.93	G	-		
238	64	O	6.93	A	-		
238	65	O	6.93	G	-		
238	66	O	6.93	A	-		
238	67	O	6.93	A	-		
238	68	O	6.93	C	-		
238	69	O	6.93	G	-		
238	70	O	6.93	G	-		
238	71	O	6.93	T	-		
238	72	O	6.93	A	-		
238	73	O	6.93	C	-		
238	74	O	6.93	A	-		
238	75	O	6.93	C	-		
238	76	O	6.93	G	-		
238	77	O	6.93	A	-		
238	78	O	6.93	A	-		
238	79	O	6.93	C	-		
238	80	O	6.93	T	-		
238	81	O	6.93	G	-		
238	82	O	6.93	A	-		
238	83	O	6.93	A	-		
238	84	O	6.93	A	-		
238	85	O	6.93	T	-		
238	86	O	6.93	T	-		
238	87	O	6.93	T	-		
238	88	O	6.93	T	-		
238	89	O	6.93	A	-		
238	90	O	6.93	T	-		
238	91	O	6.93	C	-		
238	92	O	6.93	T	-		
238	93	O	6.93	T	-		
238	94	O	6.93	C	-		
238	95	O	6.93	T	-		
238	96	O	6.93	C	-		
238	97	O	6.93	C	-		
238	98	O	6.93	C	-		
238	99	O	6.93	A	-		
238	100	O	6.93	T	-		
238	101	O	6.93	G	-		
238	102	O	6.93	C	-		
238	103	O	6.93	T	-		
238	104	O	6.93	G	-		
238	105	O	6.93	C	-		
238	106	O	6.93	T	-		
238	107	O	6.93	C	-		
238	108	O	6.93	A	-		
238	109	O	6.93	C	-		
239	0	O	6.93	T	-		
239	1	O	6.93	T	-		
239	2	O	6.93	G	-		
239	3	O	6.93	A	-		
239	4	O	6.93	G	-		
239	5	O	6.93	C	-		
239	6	O	6.93	T	-		
239	7	O	6.93	T	-		
239	8	O	6.93	T	-		
239	9	O	6.93	C	-		
239	10	O	6.93	C	-		
239	11	O	6.93	A	-		
239	12	O	6.93	G	-		
239	13	O	6.93	C	-		
239	14	O	6.93	A	-		
239	15	O	6.93	C	-		
239	16	O	6.93	C	-		
239	17	O	6.93	C	-		
239	18	O	6.93	T	-		
239	19	O	6.93	C	-		
239	20	O	6.93	C	-		
239	21	O	6.93	A	-		
239	22	O	6.93	G	-		
239	23	O	6.93	A	-		
239	24	O	6.93	C	-		
239	25	O	6.93	C	-		
239	26	O	6.93	A	-		
239	27	O	6.93	A	-		
239	28	O	6.93	T	-		
239	29	O	6.93	C	-		
239	30	O	6.93	A	-		
239	31	O	6.93	G	-		
239	32	O	6.93	T	-		
239	33	O	6.93	A	-		
239	34	O	6.93	A	-		
239	35	O	6.93	T	-		
239	36	O	6.93	C	-		
239	37	O	6.93	T	-		
239	38	O	6.93	C	-		
239	39	O	6.93	C	-		
239	40	O	6.93	A	-		
239	41	O	6.93	A	-		
239	42	O	6.93	G	-		
239	43	O	6.93	T	-		
239	44	O	6.93	G	-		
239	45	O	6.93	T	-		
239	46	O	6.93	T	-		
239	47	O	6.93	T	-		
239	48	O	6.93	A	-		
239	49	O	6.93	A	-		
239	50	O	6.93	T	-		
239	51	O	6.93	G	-		
239	52	O	6.93	A	-		
239	53	O	6.93	A	-		
239	54	O	6.93	A	-		
239	55	O	6.93	G	-		
239	56	O	6.93	G	-		
239	57	O	6.93	T	-		
239	58	O	6.93	G	-		
239	59	O	6.93	T	-		
239	60	O	6.93	G	-		
239	61	O	6.93	A	-		
239	62	O	6.93	A	-		
239	63	O	6.93	G	-		
239	64	O	6.93	A	-		
239	65	O	6.93	A	-		
239	66	O	6.93	A	-		
239	67	O	6.93	A	-		
239	68	O	6.93	T	-		
239	69	O	6.93	A	-		
239	70	O	6.93	G	-		
239	71	O	6.93	A	-		
239	72	O	6.93	T	-		
239	73	O	6.93	T	-		
239	74	O	6.93	C	-		
239	75	O	6.93	T	-		
239	76	O	6.93	A	-		
239	77	O	6.93	G	-		
239	78	O	6.93	T	-		
239	79	O	6.93	A	-		
239	80	O	6.93	C	-		
239	81	O	6.93	A	-		
239	82	O	6.93	C	-		
239	83	O	6.93	A	-		
239	84	O	6.93	A	-		
239	85	O	6.93	A	-		
239	86	O	6.93	A	-		
239	87	O	6.93	C	-		
239	88	O	6.93	C	-		
239	89	O	6.93	T	-		
239	90	O	6.93	T	-		
239	91	O	6.93	G	-		
239	92	O	6.93	C	-		
239	93	O	6.93	C	-		
239	94	O	6.93	T	-		
239	95	O	6.93	G	-		
239	96	O	6.93	C	-		
239	97	O	6.93	C	-		
239	98	O	6.93	A	-		
239	99	O	6.93	G	-		
239	100	O	6.93	T	-		
239	101	O	6.93	G	-		
239	102	O	6.93	G	-		
239	103	O	6.93	T	-		
239	104	O	6.93	A	-		
239	105	O	6.93	G	-		
239	106	O	6.93	A	-		
239	107	O	6.93	T	-		
239	108	O	6.93	A	-		
239	109	O	6.93	T	-		
240	0	O	8.32	A	-		
240	1	O	8.32	C	-		
240	2	O	8.32	A	-		
240	3	O	8.32	A	-		
240	4	O	8.32	G	-		
240	5	O	8.32	A	-		
240	6	O	8.32	T	-		
240	7	O	8.32	C	-		
240	8	O	8.32	A	-		
240	9	O	8.32	A	-		
240	10	O	8.32	G	-		
240	11	O	8.32	G	-		
240	12	O	8.32	A	-		
240	13	O	8.32	A	-		
240	14	O	8.32	G	-		
240	15	O	8.32	A	-		
240	16	O	8.32	A	-		
240	17	O	8.32	G	-		
240	18	O	8.32	A	-		
240	19	O	8.32	G	-		
240	20	O	8.32	C	-		
240	21	O	8.32	G	-		
240	22	O	8.32	C	-		
240	23	O	8.32	A	-		
240	24	O	8.32	A	-		
240	25	O	8.32	G	-		
240	26	O	8.32	A	-		
240	27	O	8.32	A	-		
240	28	O	8.32	G	-		
240	29	O	8.32	G	-		
240	30	O	8.32	A	-		
240	31	O	8.32	G	-		
240	32	O	8.32	G	-		
240	33	O	8.32	A	-		
240	34	O	8.32	A	-		
240	35	O	8.32	G	-		
240	36	O	8.32	A	-		
240	37	O	8.32	G	-		
240	38	O	8.32	G	-		
240	39	O	8.32	C	-		
240	40	O	8.32	C	-		
240	41	O	8.32	T	-		
240	42	O	8.32	A	-		
240	43	O	8.32	T	-		
240	44	O	8.32	C	-		
240	45	O	8.32	T	-		
240	46	O	8.32	C	-		
240	47	O	8.32	G	-		
240	48	O	8.32	A	-		
240	49	O	8.32	A	-		
240	50	O	8.32	A	-		
240	51	O	8.32	G	-		
240	52	O	8.32	C	-		
240	53	O	8.32	G	-		
240	54	O	8.32	T	-		
240	55	O	8.32	C	-		
240	56	O	8.32	A	-		
240	57	O	8.32	T	-		
240	58	O	8.32	C	-		
240	59	O	8.32	G	-		
240	60	O	8.32	A	-		
240	61	O	8.32	G	-		
240	62	O	8.32	G	-		
240	63	O	8.32	C	-		
240	64	O	8.32	T	-		
240	65	O	8.32	A	-		
240	66	O	8.32	A	-		
240	67	O	8.32	T	-		
240	68	O	8.32	C	-		
240	69	O	8.32	A	-		
240	70	O	8.32	G	-		
240	71	O	8.32	C	-		
240	72	O	8.32	C	-		
240	73	O	8.32	G	-		
240	74	O	8.32	C	-		
240	75	O	8.32	G	-		
240	76	O	8.32	C	-		
240	77	O	8.32	A	-		
240	78	O	8.32	A	-		
240	79	O	8.32	G	-		
240	80	O	8.32	A	-		
240	81	O	8.32	G	-		
240	82	O	8.32	A	-		
240	83	O	8.32	A	-		
240	84	O	8.32	A	-		
240	85	O	8.32	A	-		
240	86	O	8.32	G	-		
240	87	O	8.32	C	-		
240	88	O	8.32	C	-		
240	89	O	8.32	C	-		
240	90	O	8.32	C	-		
240	91	O	8.32	C	-		
240	92	O	8.32	G	-		
240	93	O	8.32	T	-		
240	94	O	8.32	T	-		
240	95	O	8.32	G	-		
240	96	O	8.32	A	-		
240	97	O	8.32	C	-		
240	98	O	8.32	G	-		
240	99	O	8.32	A	-		
240	100	O	8.32	G	-		
240	101	O	8.32	G	-		
240	102	O	8.32	C	-		
240	103	O	8.32	T	-		
240	104	O	8.32	C	-		
240	105	O	8.32	G	-		
240	106	O	8.32	T	-		
240	107	O	8.32	G	-		
240	108	O	8.32	A	-		
240	109	O	8.32	G	-		
241	0	O	6.93	T	-		
241	1	O	6.93	T	-		
241	2	O	6.93	T	-		
241	3	O	6.93	A	-		
241	4	O	6.93	A	-		
241	5	O	6.93	T	-		
241	6	O	6.93	T	-		
241	7	O	6.93	G	-		
241	8	O	6.93	T	-		
241	9	O	6.93	G	-		
241	10	O	6.93	G	-		
241	11	O	6.93	G	-		
241	12	O	6.93	T	-		
241	13	O	6.93	G	-		
241	14	O	6.93	G	-		
241	15	O	6.93	G	-		
241	16	O	6.93	C	-		
241	17	O	6.93	T	-		
241	18	O	6.93	C	-		
241	19	O	6.93	G	-		
241	20	O	6.93	C	-		
241	21	O	6.93	C	-		
241	22	O	6.93	A	-		
241	23	O	6.93	A	-		
241	24	O	6.93	C	-		
241	25	O	6.93	A	-		
241	26	O	6.93	T	-		
241	27	O	6.93	C	-		
241	28	O	6.93	T	-		
241	29	O	6.93	C	-		
241	30	O	6.93	A	-		
241	31	O	6.93	A	-		
241	32	O	6.93	A	-		
241	33	O	6.93	C	-		
241	34	O	6.93	A	-		
241	35	O	6.93	C	-		
241	36	O	6.93	A	-		
241	37	O	6.93	G	-		
241	38	O	6.93	A	-		
241	39	O	6.93	A	-		
241	40	O	6.93	A	-		
241	41	O	6.93	C	-		
241	42	O	6.93	T	-		
241	43	O	6.93	A	-		
241	44	O	6.93	G	-		
241	45	O	6.93	C	-		
241	46	O	6.93	A	-		
241	47	O	6.93	T	-		
241	48	O	6.93	C	-		
241	49	O	6.93	A	-		
241	50	O	6.93	G	-		
241	51	O	6.93	G	-		
241	52	O	6.93	T	-		
241	53	O	6.93	C	-		
241	54	O	6.93	A	-		
241	55	O	6.93	C	-		
241	56	O	6.93	T	-		
241	57	O	6.93	G	-		
241	58	O	6.93	C	-		
241	59	O	6.93	A	-		
241	60	O	6.93	T	-		
241	61	O	6.93	T	-		
241	62	O	6.93	A	-		
241	63	O	6.93	T	-		
241	64	O	6.93	C	-		
241	65	O	6.93	C	-		
241	66	O	6.93	C	-		
241	67	O	6.93	A	-		
241	68	O	6.93	C	-		
241	69	O	6.93	G	-		
241	70	O	6.93	A	-		
241	71	O	6.93	C	-		
241	72	O	6.93	T	-		
241	73	O	6.93	C	-		
241	74	O	6.93	C	-		
241	75	O	6.93	C	-		
241	76	O	6.93	T	-		
241	77	O	6.93	T	-		
241	78	O	6.93	C	-		
241	79	O	6.93	T	-		
241	80	O	6.93	T	-		
241	81	O	6.93	A	-		
241	82	O	6.93	G	-		
241	83	O	6.93	A	-		
241	84	O	6.93	A	-		
241	85	O	6.93	A	-		
241	86	O	6.93	C	-		
241	87	O	6.93	G	-		
241	88	O	6.93	T	-		
241	89	O	6.93	C	-		
241	90	O	6.93	G	-		
241	91	O	6.93	G	-		
241	92	O	6.93	A	-		
241	93	O	6.93	T	-		
241	94	O	6.93	T	-		
241	95	O	6.93	T	-		
241	96	O	6.93	C	-		
241	97	O	6.93	T	-		
241	98	O	6.93	A	-		
241	99	O	6.93	G	-		
241	100	O	6.93	G	-		
241	101	O	6.93	A	-		
241	102	O	6.93	T	-		
241	103	O	6.93	A	-		
241	104	O	6.93	A	-		
241	105	O	6.93	A	-		
241	106	O	6.93	G	-		
241	107	O	6.93	C	-		
241	108	O	6.93	C	-		
241	109	O	6.93	G	-		
242	0	O	11.09	A	-		
242	1	O	11.09	G	-		
242	2	O	11.09	A	-		
242	3	O	11.09	C	-		
242	4	O	11.09	G	-		
242	5	O	11.09	G	-		
242	6	O	11.09	C	-		
242	7	O	11.09	T	-		
242	8	O	11.09	T	-		
242	9	O	11.09	C	-		
242	10	O	11.09	T	-		
242	11	O	11.09	G	-		
242	12	O	11.09	G	-		
242	13	O	11.09	C	-		
242	14	O	11.09	T	-		
242	15	O	11.09	G	-		
242	16	O	11.09	T	-		
242	17	O	11.09	A	-		
242	18	O	11.09	T	-		
242	19	O	11.09	G	-		
242	20	O	11.09	A	-		
242	21	O	11.09	T	-		
242	22	O	11.09	T	-		
242	23	O	11.09	G	-		
242	24	O	11.09	G	-		
242	25	O	11.09	G	-		
242	26	O	11.09	G	-		
242	27	O	11.09	A	-		
242	28	O	11.09	A	-		
242	29	O	11.09	C	-		
242	30	O	11.09	G	-		
242	31	O	11.09	T	-		
242	32	O	11.09	A	-		
242	33	O	11.09	T	-		
242	34	O	11.09	G	-		
242	35	O	11.09	G	-		
242	36	O	11.09	C	-		
242	37	O	11.09	A	-		
242	38	O	11.09	T	-		
242	39	O	11.09	C	-		
242	40	O	11.09	T	-		
242	41	O	11.09	T	-		
242	42	O	11.09	G	-		
242	43	O	11.09	A	-		
242	44	O	11.09	T	-		
242	45	O	11.09	G	-		
242	46	O	11.09	G	-		
242	47	O	11.09	A	-		
242	48	O	11.09	T	-		
242	49	O	11.09	G	-		
242	50	O	11.09	A	-		
242	51	O	11.09	A	-		
242	52	O	11.09	T	-		
242	53	O	11.09	C	-		
242	54	O	11.09	A	-		
242	55	O	11.09	A	-		
242	56	O	11.09	T	-		
242	57	O	11.09	A	-		
242	58	O	11.09	G	-		
242	59	O	11.09	G	-		
242	60	O	11.09	C	-		
242	61	O	11.09	G	-		
242	62	O	11.09	T	-		
242	63	O	11.09	T	-		
242	64	O	11.09	T	-		
242	65	O	11.09	G	-		
242	66	O	11.09	A	-		
242	67	O	11.09	T	-		
242	68	O	11.09	G	-		
242	69	O	11.09	G	-		
242	70	O	11.09	G	-		
242	71	O	11.09	T	-		
242	72	O	11.09	A	-		
242	73	O	11.09	T	-		
242	74	O	11.09	G	-		
242	75	O	11.09	G	-		
242	76	O	11.09	T	-		
242	77	O	11.09	T	-		
242	78	O	11.09	T	-		
242	79	O	11.09	T	-		
242	80	O	11.09	T	-		
242	81	O	11.09	G	-		
242	82	O	11.09	G	-		
242	83	O	11.09	G	-		
242	84	O	11.09	T	-		
242	85	O	11.09	A	-		
242	86	O	11.09	C	-		
242	87	O	11.09	G	-		
242	88	O	11.09	A	-		
242	89	O	11.09	A	-		
242	90	O	11.09	A	-		
242	91	O	11.09	A	-		
242	92	O	11.09	G	-		
242	93	O	11.09	G	-		
242	94	O	11.09	T	-		
242	95	O	11.09	T	-		
242	96	O	11.09	C	-		
242	97	O	11.09	C	-		
242	98	O	11.09	T	-		
242	99	O	11.09	A	-		
242	100	O	11.09	T	-		
242	101	O	11.09	C	-		
242	102	O	11.09	T	-		
242	103	O	11.09	G	-		
242	104	O	11.09	G	-		
242	105	O	11.09	C	-		
242	106	O	11.09	G	-		
242	107	O	11.09	T	-		
242	108	O	11.09	G	-		
242	109	O	11.09	A	-		
243	0	O	8.32	A	-		
243	1	O	8.32	G	-		
243	2	O	8.32	A	-		
243	3	O	8.32	G	-		
243	4	O	8.32	G	-		
243	5	O	8.32	C	-		
243	6	O	8.32	A	-		
243	7	O	8.32	T	-		
243	8	O	8.32	G	-		
243	9	O	8.32	G	-		
243	10	O	8.32	T	-		
243	11	O	8.32	G	-		
243	12	O	8.32	T	-		
243	13	O	8.32	T	-		
243	14	O	8.32	G	-		
243	15	O	8.32	C	-		
243	16	O	8.32	G	-		
243	17	O	8.32	T	-		
243	18	O	8.32	C	-		
243	19	O	8.32	A	-		
243	20	O	8.32	G	-		
243	21	O	8.32	T	-		
243	22	O	8.32	A	-		
243	23	O	8.32	C	-		
243	24	O	8.32	T	-		
243	25	O	8.32	G	-		
243	26	O	8.32	G	-		
243	27	O	8.32	A	-		
243	28	O	8.32	A	-		
243	29	O	8.32	A	-		
243	30	O	8.32	G	-		
243	31	O	8.32	T	-		
243	32	O	8.32	G	-		
243	33	O	8.32	G	-		
243	34	O	8.32	T	-		
243	35	O	8.32	A	-		
243	36	O	8.32	A	-		
243	37	O	8.32	T	-		
243	38	O	8.32	G	-		
243	39	O	8.32	G	-		
243	40	O	8.32	G	-		
243	41	O	8.32	G	-		
243	42	O	8.32	A	-		
243	43	O	8.32	A	-		
243	44	O	8.32	C	-		
243	45	O	8.32	A	-		
243	46	O	8.32	A	-		
243	47	O	8.32	A	-		
243	48	O	8.32	T	-		
243	49	O	8.32	A	-		
243	50	O	8.32	G	-		
243	51	O	8.32	T	-		
243	52	O	8.32	A	-		
243	53	O	8.32	G	-		
243	54	O	8.32	A	-		
243	55	O	8.32	G	-		
243	56	O	8.32	G	-		
243	57	O	8.32	A	-		
243	58	O	8.32	T	-		
243	59	O	8.32	G	-		
243	60	O	8.32	A	-		
243	61	O	8.32	G	-		
243	62	O	8.32	G	-		
243	63	O	8.32	A	-		
243	64	O	8.32	A	-		
243	65	O	8.32	C	-		
243	66	O	8.32	G	-		
243	67	O	8.32	T	-		
243	68	O	8.32	C	-		
243	69	O	8.32	T	-		
243	70	O	8.32	A	-		
243	71	O	8.32	A	-		
243	72	O	8.32	T	-		
243	73	O	8.32	G	-		
243	74	O	8.32	C	-		
243	75	O	8.32	A	-		
243	76	O	8.32	G	-		
243	77	O	8.32	C	-		
243	78	O	8.32	C	-		
243	79	O	8.32	T	-		
243	80	O	8.32	A	-		
243	81	O	8.32	C	-		
243	82	O	8.32	C	-		
243	83	O	8.32	A	-		
243	84	O	8.32	G	-		
243	85	O	8.32	A	-		
243	86	O	8.32	G	-		
243	87	O	8.32	G	-		
243	88	O	8.32	T	-		
243	89	O	8.32	G	-		
243	90	O	8.32	G	-		
243	91	O	8.32	T	-		
243	92	O	8.32	A	-		
243	93	O	8.32	A	-		
243	94	O	8.32	T	-		
243	95	O	8.32	A	-		
243	96	O	8.32	G	-		
243	97	O	8.32	A	-		
243	98	O	8.32	C	-		
243	99	O	8.32	C	-		
243	100	O	8.32	T	-		
243	101	O	8.32	T	-		
243	102	O	8.32	T	-		
243	103	O	8.32	T	-		
243	104	O	8.32	T	-		
243	105	O	8.32	C	-		
243	106	O	8.32	G	-		
243	107	O	8.32	G	-		
243	108	O	8.32	G	-		
243	109	O	8.32	T	-		
244	0	O	5.55	T	-		
244	1	O	5.55	C	-		
244	2	O	5.55	A	-		
244	3	O	5.55	G	-		
244	4	O	5.55	C	-		
244	5	O	5.55	T	-		
244	6	O	5.55	C	-		
244	7	O	5.55	G	-		
244	8	O	5.55	C	-		
244	9	O	5.55	C	-		
244	10	O	5.55	G	-		
244	11	O	5.55	A	-		
244	12	O	5.55	C	-		
244	13	O	5.55	C	-		
244	14	O	5.55	C	-		
244	15	O	5.55	C	-		
244	16	O	5.55	T	-		
244	17	O	5.55	C	-		
244	18	O	5.55	A	-		
244	19	O	5.55	A	-		
244	20	O	5.55	C	-		
244	21	O	5.55	T	-		
244	22	O	5.55	A	-		
244	23	O	5.55	T	-		
244	24	O	5.55	C	-		
244	25	O	5.55	T	-		
244	26	O	5.55	C	-		
244	27	O	5.55	A	-		
244	28	O	5.55	A	-		
244	29	O	5.55	C	-		
244	30	O	5.55	C	-		
244	31	O	5.55	A	-		
244	32	O	5.55	T	-		
244	33	O	5.55	C	-		
244	34	O	5.55	A	-		
244	35	O	5.55	A	-		
244	36	O	5.55	G	-		
244	37	O	5.55	C	-		
244	38	O	5.55	T	-		
244	39	O	5.55	T	-		
244	40	O	5.55	C	-		
244	41	O	5.55	T	-		
244	42	O	5.55	A	-		
244	43	O	5.55	T	-		
244	44	O	5.55	C	-		
244	45	O	5.55	T	-		
244	46	O	5.55	C	-		
244	47	O	5.55	T	-		
244	48	O	5.55	C	-		
244	49	O	5.55	A	-		
244	50	O	5.55	G	-		
244	51	O	5.55	T	-		
244	52	O	5.55	C	-		
244	53	O	5.55	A	-		
244	54	O	5.55	A	-		
244	55	O	5.55	C	-		
244	56	O	5.55	C	-		
244	57	O	5.55	T	-		
244	58	O	5.55	T	-		
244	59	O	5.55	G	-		
244	60	O	5.55	T	-		
244	61	O	5.55	C	-		
244	62	O	5.55	T	-		
244	63	O	5.55	C	-		
244	64	O	5.55	G	-		
244	65	O	5.55	C	-		
244	66	O	5.55	T	-		
244	67	O	5.55	T	-		
244	68	O	5.55	C	-		
244	69	O	5.55	T	-		
244	70	O	5.55	A	-		
244	71	O	5.55	A	-		
244	72	O	5.55	G	-		
244	73	O	5.55	C	-		
244	74	O	5.55	G	-		
244	75	O	5.55	G	-		
244	76	O	5.55	T	-		
244	77	O	5.55	G	-		
244	78	O	5.55	C	-		
244	79	O	5.55	A	-		
244	80	O	5.55	T	-		
244	81	O	5.55	C	-		
244	82	O	5.55	T	-		
244	83	O	5.55	G	-		
244	84	O	5.55	C	-		
244	85	O	5.55	C	-		
244	86	O	5.55	C	-		
244	87	O	5.55	C	-		
244	88	O	5.55	T	-		
244	89	O	5.55	T	-		
244	90	O	5.55	G	-		
244	91	O	5.55	A	-		
244	92	O	5.55	G	-		
244	93	O	5.55	C	-		
244	94	O	5.55	T	-		
244	95	O	5.55	C	-		
244	96	O	5.55	T	-		
244	97	O	5.55	C	-		
244	98	O	5.55	C	-		
244	99	O	5.55	A	-		
244	100	O	5.55	T	-		
244	101	O	5.55	C	-		
244	102	O	5.55	A	-		
244	103	O	5.55	G	-		
244	104	O	5.55	T	-		
244	105	O	5.55	C	-		
244	106	O	5.55	T	-		
244	107	O	5.55	G	-		
244	108	O	5.55	G	-		
244	109	O	5.55	C	-		
245	0	O	9.70	C	-		
245	1	O	9.70	T	-		
245	2	O	9.70	G	-		
245	3	O	9.70	C	-		
245	4	O	9.70	A	-		
245	5	O	9.70	G	-		
245	6	O	9.70	C	-		
245	7	O	9.70	A	-		
245	8	O	9.70	C	-		
245	9	O	9.70	A	-		
245	10	O	9.70	G	-		
245	11	O	9.70	T	-		
245	12	O	9.70	T	-		
245	13	O	9.70	G	-		
245	14	O	9.70	G	-		
245	15	O	9.70	C	-		
245	16	O	9.70	C	-		
245	17	O	9.70	A	-		
245	18	O	9.70	G	-		
245	19	O	9.70	C	-		
245	20	O	9.70	A	-		
245	21	O	9.70	A	-		
245	22	O	9.70	G	-		
245	23	O	9.70	C	-		
245	24	O	9.70	A	-		
245	25	O	9.70	G	-		
245	26	O	9.70	C	-		
245	27	O	9.70	A	-		
245	28	O	9.70	C	-		
245	29	O	9.70	C	-		
245	30	O	9.70	A	-		
245	31	O	9.70	A	-		
245	32	O	9.70	C	-		
245	33	O	9.70	G	-		
245	34	O	9.70	C	-		
245	35	O	9.70	G	-		
245	36	O	9.70	T	-		
245	37	O	9.70	A	-		
245	38	O	9.70	C	-		
245	39	O	9.70	A	-		
245	40	O	9.70	G	-		
245	41	O	9.70	A	-		
245	42	O	9.70	T	-		
245	43	O	9.70	G	-		
245	44	O	9.70	A	-		
245	45	O	9.70	T	-		
245	46	O	9.70	T	-		
245	47	O	9.70	G	-		
245	48	O	9.70	A	-		
245	49	O	9.70	T	-		
245	50	O	9.70	T	-		
245	51	O	9.70	C	-		
245	52	O	9.70	G	-		
245	53	O	9.70	T	-		
245	54	O	9.70	G	-		
245	55	O	9.70	C	-		
245	56	O	9.70	A	-		
245	57	O	9.70	A	-		
245	58	O	9.70	C	-		
245	59	O	9.70	C	-		
245	60	O	9.70	A	-		
245	61	O	9.70	G	-		
245	62	O	9.70	T	-		
245	63	O	9.70	C	-		
245	64	O	9.70	C	-		
245	65	O	9.70	A	-		
245	66	O	9.70	T	-		
245	67	O	9.70	C	-		
245	68	O	9.70	C	-		
245	69	O	9.70	G	-		
245	70	O	9.70	C	-		
245	71	O	9.70	T	-		
245	72	O	9.70	C	-		
245	73	O	9.70	T	-		
245	74	O	9.70	T	-		
245	75	O	9.70	C	-		
245	76	O	9.70	G	-		
245	77	O	9.70	C	-		
245	78	O	9.70	C	-		
245	79	O	9.70	C	-		
245	80	O	9.70	A	-		
245	81	O	9.70	C	-		
245	82	O	9.70	G	-		
245	83	O	9.70	T	-		
245	84	O	9.70	A	-		
245	85	O	9.70	G	-		
245	86	O	9.70	C	-		
245	87	O	9.70	C	-		
245	88	O	9.70	C	-		
245	89	O	9.70	T	-		
245	90	O	9.70	G	-		
245	91	O	9.70	C	-		
245	92	O	9.70	G	-		
245	93	O	9.70	G	-		
245	94	O	9.70	C	-		
245	95	O	9.70	C	-		
245	96	O	9.70	T	-		
245	97	O	9.70	C	-		
245	98	O	9.70	A	-		
245	99	O	9.70	T	-		
245	100	O	9.70	T	-		
245	101	O	9.70	G	-		
245	102	O	9.70	G	-		
245	103	O	9.70	C	-		
245	104	O	9.70	C	-		
245	105	O	9.70	G	-		
245	106	O	9.70	G	-		
245	107	O	9.70	T	-		
245	108	O	9.70	G	-		
245	109	O	9.70	G	-		
246	0	O	8.32	G	-		
246	1	O	8.32	G	-		
246	2	O	8.32	C	-		
246	3	O	8.32	T	-		
246	4	O	8.32	G	-		
246	5	O	8.32	A	-		
246	6	O	8.32	T	-		
246	7	O	8.32	A	-		
246	8	O	8.32	C	-		
246	9	O	8.32	C	-		
246	10	O	8.32	A	-		
246	11	O	8.32	T	-		
246	12	O	8.32	T	-		
246	13	O	8.32	A	-		
246	14	O	8.32	G	-		
246	15	O	8.32	G	-		
246	16	O	8.32	T	-		
246	17	O	8.32	A	-		
246	18	O	8.32	A	-		
246	19	O	8.32	C	-		
246	20	O	8.32	A	-		
246	21	O	8.32	C	-		
246	22	O	8.32	C	-		
246	23	O	8.32	A	-		
246	24	O	8.32	A	-		
246	25	O	8.32	T	-		
246	26	O	8.32	T	-		
246	27	O	8.32	C	-		
246	28	O	8.32	T	-		
246	29	O	8.32	T	-		
246	30	O	8.32	A	-		
246	31	O	8.32	A	-		
246	32	O	8.32	A	-		
246	33	O	8.32	A	-		
246	34	O	8.32	C	-		
246	35	O	8.32	C	-		
246	36	O	8.32	T	-		
246	37	O	8.32	T	-		
246	38	O	8.32	G	-		
246	39	O	8.32	A	-		
246	40	O	8.32	T	-		
246	41	O	8.32	C	-		
246	42	O	8.32	C	-		
246	43	O	8.32	C	-		
246	44	O	8.32	A	-		
246	45	O	8.32	C	-		
246	46	O	8.32	C	-		
246	47	O	8.32	A	-		
246	48	O	8.32	C	-		
246	49	O	8.32	T	-		
246	50	O	8.32	G	-		
246	51	O	8.32	T	-		
246	52	O	8.32	C	-		
246	53	O	8.32	A	-		
246	54	O	8.32	C	-		
246	55	O	8.32	C	-		
246	56	O	8.32	C	-		
246	57	O	8.32	C	-		
246	58	O	8.32	T	-		
246	59	O	8.32	C	-		
246	60	O	8.32	C	-		
246	61	O	8.32	C	-		
246	62	O	8.32	A	-		
246	63	O	8.32	C	-		
246	64	O	8.32	T	-		
246	65	O	8.32	C	-		
246	66	O	8.32	C	-		
246	67	U	0.71	C	A		
246	68	O	8.32	T	-		
246	69	O	8.32	C	-		
246	70	O	8.32	C	-		
246	71	O	8.32	C	-		
246	72	O	8.32	C	-		
246	73	O	8.32	A	-		
246	74	O	8.32	T	-		
246	75	O	8.32	T	-		
246	76	O	8.32	C	-		
246	77	O	8.32	A	-		
246	78	O	8.32	A	-		
246	79	O	8.32	T	-		
246	80	O	8.32	C	-		
246	81	O	8.32	C	-		
246	82	O	8.32	T	-		
246	83	O	8.32	G	-		
246	84	O	8.32	A	-		
246	85	O	8.32	C	-		
246	86	O	8.32	G	-		
246	87	O	8.32	C	-		
246	88	O	8.32	C	-		
246	89	O	8.32	C	-		
246	90	O	8.32	C	-		
246	91	O	8.32	T	-		
246	92	O	8.32	T	-		
246	93	O	8.32	C	-		
246	94	O	8.32	C	-		
246	95	O	8.32	C	-		
246	96	O	8.32	T	-		
246	97	O	8.32	C	-		
246	98	O	8.32	C	-		
246	99	O	8.32	T	-		
246	100	O	8.32	C	-		
246	101	O	8.32	C	-		
246	102	O	8.32	G	-		
246	103	O	8.32	T	-		
246	104	O	8.32	G	-		
246	105	O	8.32	A	-		
246	106	O	8.32	C	-		
246	107	O	8.32	C	-		
246	108	O	8.32	G	-		
246	109	O	8.32	G	-		
247	0	O	6.93	T	-		
247	1	O	6.93	G	-		
247	2	O	6.93	G	-		
247	3	O	6.93	A	-		
247	4	O	6.93	G	-		
247	5	O	6.93	A	-		
247	6	O	6.93	A	-		
247	7	O	6.93	G	-		
247	8	O	6.93	A	-		
247	9	O	6.93	G	-		
247	10	O	6.93	C	-		
247	11	O	6.93	A	-		
247	12	O	6.93	A	-		
247	13	O	6.93	T	-		
247	14	O	6.93	C	-		
247	15	O	6.93	A	-		
247	16	O	6.93	C	-		
247	17	O	6.93	C	-		
247	18	O	6.93	T	-		
247	19	O	6.93	G	-		
247	20	O	6.93	C	-		
247	21	O	6.93	A	-		
247	22	O	6.93	C	-		
247	23	O	6.93	A	-		
247	24	O	6.93	T	-		
247	25	O	6.93	G	-		
247	26	O	6.93	G	-		
247	27	O	6.93	T	-		
247	28	O	6.93	G	-		
247	29	O	6.93	G	-		
247	30	O	6.93	G	-		
247	31	O	6.93	C	-		
247	32	O	6.93	G	-		
247	33	O	6.93	G	-		
247	34	O	6.93	G	-		
247	35	O	6.93	C	-		
247	36	O	6.93	A	-		
247	37	O	6.93	G	-		
247	38	O	6.93	C	-		
247	39	O	6.93	G	-		
247	40	O	6.93	C	-		
247	41	O	6.93	G	-		
247	42	O	6.93	C	-		
247	43	O	6.93	G	-		
247	44	O	6.93	A	-		
247	45	O	6.93	A	-		
247	46	O	6.93	C	-		
247	47	O	6.93	A	-		
247	48	O	6.93	A	-		
247	49	O	6.93	C	-		
247	50	O	6.93	C	-		
247	51	O	6.93	G	-		
247	52	O	6.93	G	-		
247	53	O	6.93	C	-		
247	54	O	6.93	T	-		
247	55	O	6.93	G	-		
247	56	O	6.93	C	-		
247	57	O	6.93	T	-		
247	58	O	6.93	C	-		
247	59	O	6.93	G	-		
247	60	O	6.93	T	-		
247	61	O	6.93	C	-		
247	62	O	6.93	A	-		
247	63	O	6.93	G	-		
247	64	O	6.93	C	-		
247	65	O	6.93	A	-		
247	66	O	6.93	G	-		
247	67	O	6.93	C	-		
247	68	O	6.93	C	-		
247	69	O	6.93	A	-		
247	70	O	6.93	G	-		
247	71	O	6.93	C	-		
247	72	O	6.93	T	-		
247	73	O	6.93	G	-		
247	74	O	6.93	A	-		
247	75	O	6.93	T	-		
247	76	O	6.93	C	-		
247	77	O	6.93	G	-		
247	78	O	6.93	T	-		
247	79	O	6.93	G	-		
247	80	O	6.93	T	-		
247	81	O	6.93	T	-		
247	82	O	6.93	G	-		
247	83	O	6.93	C	-		
247	84	O	6.93	G	-		
247	85	O	6.93	C	-		
247	86	O	6.93	G	-		
247	87	O	6.93	C	-		
247	88	O	6.93	G	-		
247	89	O	6.93	A	-		
247	90	O	6.93	A	-		
247	91	O	6.93	C	-		
247	92	O	6.93	A	-		
247	93	O	6.93	A	-		
247	94	O	6.93	A	-		
247	95	O	6.93	C	-		
247	96	O	6.93	T	-		
247	97	O	6.93	C	-		
247	98	O	6.93	G	-		
247	99	O	6.93	A	-		
247	100	O	6.93	C	-		
247	101	O	6.93	G	-		
247	102	O	6.93	C	-		
247	103	O	6.93	C	-		
247	104	O	6.93	G	-		
247	105	O	6.93	C	-		
247	106	O	6.93	C	-		
247	107	O	6.93	A	-		
247	108	O	6.93	A	-		
247	109	O	6.93	C	-		
248	0	O	8.32	A	-		
248	1	O	8.32	T	-		
248	2	O	8.32	T	-		
248	3	O	8.32	T	-		
248	4	O	8.32	G	-		
248	5	O	8.32	T	-		
248	6	O	8.32	T	-		
248	7	O	8.32	T	-		
248	8	O	8.32	G	-		
248	9	O	8.32	T	-		
248	10	O	8.32	G	-		
248	11	O	8.32	T	-		
248	12	O	8.32	T	-		
248	13	O	8.32	C	-		
248	14	O	8.32	C	-		
248	15	O	8.32	G	-		
248	16	O	8.32	T	-		
248	17	O	8.32	A	-		
248	18	O	8.32	C	-		
248	19	O	8.32	C	-		
248	20	O	8.32	T	-		
248	21	O	8.32	G	-		
248	22	O	8.32	T	-		
248	23	O	8.32	G	-		
248	24	O	8.32	T	-		
248	25	O	8.32	T	-		
248	26	O	8.32	C	-		
248	27	O	8.32	C	-		
248	28	O	8.32	G	-		
248	29	O	8.32	T	-		
248	30	O	8.32	A	-		
248	31	O	8.32	G	-		
248	32	O	8.32	A	-		
248	33	O	8.32	A	-		
248	34	O	8.32	T	-		
248	35	O	8.32	C	-		
248	36	O	8.32	T	-		
248	37	O	8.32	G	-		
248	38	O	8.32	G	-		
248	39	O	8.32	A	-		
248	40	O	8.32	C	-		
248	41	O	8.32	C	-		
248	42	O	8.32	T	-		
248	43	O	8.32	T	-		
248	44	O	8.32	A	-		
248	45	O	8.32	G	-		
248	46	O	8.32	A	-		
248	47	O	8.32	C	-		
248	48	O	8.32	T	-		
248	49	O	8.32	C	-		
248	50	O	8.32	T	-		
248	51	O	8.32	T	-		
248	52	O	8.32	A	-		
248	53	O	8.32	C	-		
248	54	O	8.32	C	-		
248	55	O	8.32	T	-		
248	56	O	8.32	G	-		
248	57	O	8.32	T	-		
248	58	O	8.32	G	-		
248	59	O	8.32	A	-		
248	60	O	8.32	A	-		
248	61	O	8.32	T	-		
248	62	O	8.32	C	-		
248	63	O	8.32	A	-		
248	64	O	8.32	G	-		
248	65	O	8.32	T	-		
248	66	O	8.32	T	-		
248	67	O	8.32	G	-		
248	68	O	8.32	C	-		
248	69	O	8.32	T	-		
248	70	O	8.32	T	-		
248	71	O	8.32	G	-		
248	72	O	8.32	T	-		
248	73	O	8.32	A	-		
248	74	O	8.32	A	-		
248	75	O	8.32	C	-		
248	76	O	8.32	A	-		
248	77	O	8.32	A	-		
248	78	O	8.32	A	-		
248	79	O	8.32	G	-		
248	80	O	8.32	C	-		
248	81	O	8.32	C	-		
248	82	O	8.32	C	-		
248	83	O	8.32	T	-		
248	84	O	8.32	A	-		
248	85	O	8.32	T	-		
248	86	O	8.32	T	-		
248	87	O	8.32	A	-		
248	88	O	8.32	T	-		
248	89	O	8.32	T	-		
248	90	O	8.32	A	-		
248	91	O	8.32	A	-		
248	92	O	8.32	A	-		
248	93	O	8.32	A	-		
248	94	O	8.32	G	-		
248	95	O	8.32	T	-		
248	96	O	8.32	T	-		
248	97	O	8.32	G	-		
248	98	O	8.32	A	-		
248	99	O	8.32	A	-		
248	100	O	8.32	G	-		
248	101	O	8.32	G	-		
248	102	O	8.32	A	-		
248	103	O	8.32	A	-		
248	104	O	8.32	A	-		
248	105	O	8.32	T	-		
248	106	O	8.32	G	-		
248	107	O	8.32	C	-		
248	108	O	8.32	C	-		
248	109	O	8.32	T	-		
249	0	O	5.55	A	-		
249	1	O	5.55	G	-		
249	2	O	5.55	A	-		
249	3	O	5.55	G	-		
249	4	O	5.55	C	-		
249	5	O	5.55	A	-		
249	6	O	5.55	G	-		
249	7	O	5.55	T	-		
249	8	O	5.55	G	-		
249	9	O	5.55	G	-		
249	10	O	5.55	T	-		
249	11	O	5.55	A	-		
249	12	O	5.55	G	-		
249	13	O	5.55	C	-		
249	14	O	5.55	G	-		
249	15	O	5.55	A	-		
249	16	O	5.55	C	-		
249	17	O	5.55	A	-		
249	18	O	5.55	T	-		
249	19	O	5.55	G	-		
249	20	O	5.55	G	-		
249	21	O	5.55	C	-		
249	22	O	5.55	G	-		
249	23	O	5.55	C	-		
249	24	O	5.55	A	-		
249	25	O	5.55	C	-		
249	26	O	5.55	A	-		
249	27	O	5.55	A	-		
249	28	O	5.55	T	-		
249	29	O	5.55	A	-		
249	30	O	5.55	G	-		
249	31	O	5.55	C	-		
249	32	O	5.55	C	-		
249	33	O	5.55	C	-		
249	34	O	5.55	T	-		
249	35	O	5.55	C	-		
249	36	O	5.55	T	-		
249	37	O	5.55	G	-		
249	38	O	5.55	T	-		
249	39	O	5.55	G	-		
249	40	O	5.55	C	-		
249	41	O	5.55	A	-		
249	42	O	5.55	C	-		
249	43	O	5.55	G	-		
249	44	O	5.55	C	-		
249	45	O	5.55	C	-		
249	46	O	5.55	G	-		
249	47	O	5.55	C	-		
249	48	O	5.55	G	-		
249	49	O	5.55	A	-		
249	50	O	5.55	T	-		
249	51	O	5.55	G	-		
249	52	O	5.55	G	-		
249	53	O	5.55	T	-		
249	54	O	5.55	G	-		
249	55	O	5.55	G	-		
249	56	O	5.55	A	-		
249	57	O	5.55	C	-		
249	58	O	5.55	T	-		
249	59	O	5.55	G	-		
249	60	O	5.55	G	-		
249	61	O	5.55	A	-		
249	62	O	5.55	A	-		
249	63	O	5.55	T	-		
249	64	O	5.55	T	-		
249	65	O	5.55	C	-		
249	66	O	5.55	A	-		
249	67	O	5.55	G	-		
249	68	O	5.55	C	-		
249	69	O	5.55	A	-		
249	70	O	5.55	A	-		
249	71	O	5.55	G	-		
249	72	O	5.55	T	-		
249	73	O	5.55	G	-		
249	74	O	5.55	A	-		
249	75	O	5.55	A	-		
249	76	O	5.55	A	-		
249	77	O	5.55	C	-		
249	78	O	5.55	A	-		
249	79	O	5.55	C	-		
249	80	O	5.55	C	-		
249	81	O	5.55	C	-		
249	82	O	5.55	T	-		
249	83	O	5.55	C	-		
249	84	O	5.55	T	-		
249	85	O	5.55	C	-		
249	86	O	5.55	C	-		
249	87	O	5.55	T	-		
249	88	O	5.55	T	-		
249	89	O	5.55	A	-		
249	90	O	5.55	T	-		
249	91	O	5.55	G	-		
249	92	O	5.55	C	-		
249	93	O	5.55	A	-		
249	94	O	5.55	C	-		
249	95	O	5.55	G	-		
249	96	O	5.55	G	-		
249	97	O	5.55	C	-		
249	98	O	5.55	G	-		
249	99	O	5.55	T	-		
249	100	O	5.55	C	-		
249	101	O	5.55	G	-		
249	102	O	5.55	C	-		
249	103	O	5.55	T	-		
249	104	O	5.55	A	-		
249	105	O	5.55	A	-		
249	106	O	5.55	A	-		
249	107	O	5.55	C	-		
249	108	O	5.55	C	-		
249	109	O	5.55	T	-		
250	0	O	8.32	T	-		
250	1	O	8.32	A	-		
250	2	O	8.32	T	-		
250	3	O	8.32	C	-		
250	4	O	8.32	T	-		
250	5	O	8.32	T	-		
250	6	O	8.32	C	-		
250	7	O	8.32	G	-		
250	8	O	8.32	T	-		
250	9	O	8.32	A	-		
250	10	O	8.32	G	-		
250	11	O	8.32	A	-		
250	12	O	8.32	G	-		
250	13	O	8.32	A	-		
250	14	O	8.32	T	-		
250	15	O	8.32	C	-		
250	16	O	8.32	T	-		
250	17	O	8.32	A	-		
250	18	O	8.32	G	-		
250	19	O	8.32	C	-		
250	20	O	8.32	A	-		
250	21	O	8.32	A	-		
250	22	O	8.32	A	-		
250	23	O	8.32	A	-		
250	24	O	8.32	C	-		
250	25	O	8.32	T	-		
250	26	O	8.32	T	-		
250	27	O	8.32	G	-		
250	28	O	8.32	T	-		
250	29	O	8.32	T	-		
250	30	O	8.32	G	-		
250	31	O	8.32	A	-		
250	32	O	8.32	T	-		
250	33	O	8.32	G	-		
250	34	O	8.32	A	-		
250	35	O	8.32	G	-		
250	36	O	8.32	A	-		
250	37	O	8.32	A	-		
250	38	O	8.32	T	-		
250	39	O	8.32	C	-		
250	40	O	8.32	C	-		
250	41	O	8.32	G	-		
250	42	O	8.32	T	-		
250	43	O	8.32	C	-		
250	44	O	8.32	T	-		
250	45	O	8.32	G	-		
250	46	O	8.32	C	-		
250	47	O	8.32	C	-		
250	48	O	8.32	A	-		
250	49	O	8.32	T	-		
250	50	O	8.32	T	-		
250	51	O	8.32	A	-		
250	52	O	8.32	T	-		
250	53	O	8.32	G	-		
250	54	O	8.32	C	-		
250	55	O	8.32	T	-		
250	56	O	8.32	T	-		
250	57	O	8.32	C	-		
250	58	O	8.32	T	-		
250	59	O	8.32	A	-		
250	60	O	8.32	T	-		
250	61	O	8.32	T	-		
250	62	O	8.32	C	-		
250	63	O	8.32	G	-		
250	64	O	8.32	A	-		
250	65	O	8.32	A	-		
250	66	O	8.32	C	-		
250	67	O	8.32	C	-		
250	68	O	8.32	T	-		
250	69	O	8.32	A	-		
250	70	O	8.32	A	-		
250	71	O	8.32	A	-		
250	72	O	8.32	G	-		
250	73	O	8.32	G	-		
250	74	O	8.32	T	-		
250	75	O	8.32	C	-		
250	76	O	8.32	G	-		
250	77	O	8.32	C	-		
250	78	O	8.32	C	-		
250	79	O	8.32	C	-		
250	80	O	8.32	T	-		
250	81	O	8.32	G	-		
250	82	O	8.32	A	-		
250	83	O	8.32	A	-		
250	84	O	8.32	G	-		
250	85	O	8.32	A	-		
250	86	O	8.32	C	-		
250	87	O	8.32	G	-		
250	88	O	8.32	A	-		
250	89	O	8.32	G	-		
250	90	O	8.32	G	-		
250	91	O	8.32	A	-		
250	92	O	8.32	C	-		
250	93	O	8.32	A	-		
250	94	O	8.32	A	-		
250	95	O	8.32	T	-		
250	96	O	8.32	G	-		
250	97	O	8.32	A	-		
250	98	O	8.32	C	-		
250	99	O	8.32	T	-		
250	100	O	8.32	T	-		
250	101	O	8.32	C	-		
250	102	O	8.32	T	-		
250	103	O	8.32	A	-		
250	104	O	8.32	T	-		
250	105	O	8.32	A	-		
250	106	O	8.32	T	-		
250	107	O	8.32	T	-		
250	108	O	8.32	C	-		
250	109	O	8.32	A	-		
251	0	O	9.70	C	-		
251	1	O	9.70	G	-		
251	2	O	9.70	C	-		
251	3	O	9.70	C	-		
251	4	O	9.70	G	-		
251	5	O	9.70	T	-		
251	6	O	9.70	G	-		
251	7	O	9.70	G	-		
251	8	O	9.70	C	-		
251	9	O	9.70	G	-		
251	10	O	9.70	A	-		
251	11	O	9.70	A	-		
251	12	O	9.70	A	-		
251	13	O	9.70	C	-		
251	14	O	9.70	C	-		
251	15	O	9.70	T	-		
251	16	O	9.70	C	-		
251	17	O	9.70	C	-		
251	18	O	9.70	T	-		
251	19	O	9.70	G	-		
251	20	O	9.70	C	-		
251	21	O	9.70	G	-		
251	22	O	9.70	G	-		
251	23	O	9.70	C	-		
251	24	O	9.70	G	-		
251	25	O	9.70	A	-		
251	26	O	9.70	A	-		
251	27	O	9.70	G	-		
251	28	O	9.70	C	-		
251	29	O	9.70	C	-		
251	30	O	9.70	A	-		
251	31	O	9.70	G	-		
251	32	O	9.70	G	-		
251	33	O	9.70	C	-		
251	34	O	9.70	A	-		
251	35	O	9.70	A	-		
251	36	O	9.70	G	-		
251	37	O	9.70	G	-		
251	38	O	9.70	G	-		
251	39	O	9.70	C	-		
251	40	O	9.70	C	-		
251	41	O	9.70	C	-		
251	42	O	9.70	A	-		
251	43	O	9.70	A	-		
251	44	O	9.70	A	-		
251	45	O	9.70	G	-		
251	46	O	9.70	A	-		
251	47	O	9.70	C	-		
251	48	O	9.70	T	-		
251	49	O	9.70	T	-		
251	50	O	9.70	T	-		
251	51	O	9.70	C	-		
251	52	O	9.70	G	-		
251	53	O	9.70	A	-		
251	54	O	9.70	G	-		
251	55	O	9.70	G	-		
251	56	O	9.70	A	-		
251	57	O	9.70	G	-		
251	58	O	9.70	A	-		
251	59	O	9.70	T	-		
251	60	O	9.70	G	-		
251	61	O	9.70	G	-		
251	62	O	9.70	G	-		
251	63	O	9.70	A	-		
251	64	O	9.70	G	-		
251	65	O	9.70	T	-		
251	66	O	9.70	G	-		
251	67	O	9.70	C	-		
251	68	O	9.70	C	-		
251	69	O	9.70	G	-		
251	70	O	9.70	G	-		
251	71	O	9.70	C	-		
251	72	O	9.70	G	-		
251	73	O	9.70	C	-		
251	74	O	9.70	A	-		
251	75	O	9.70	C	-		
251	76	O	9.70	A	-		
251	77	O	9.70	A	-		
251	78	O	9.70	G	-		
251	79	O	9.70	C	-		
251	80	O	9.70	A	-		
251	81	O	9.70	G	-		
251	82	O	9.70	G	-		
251	83	O	9.70	A	-		
251	84	O	9.70	G	-		
251	85	O	9.70	G	-		
251	86	O	9.70	G	-		
251	87	O	9.70	A	-		
251	88	O	9.70	G	-		
251	89	O	9.70	A	-		
251	90	O	9.70	G	-		
251	91	O	9.70	T	-		
251	92	O	9.70	G	-		
251	93	O	9.70	T	-		
251	94	O	9.70	T	-		
251	95	O	9.70	C	-		
251	96	O	9.70	G	-		
251	97	O	9.70	G	-		
251	98	O	9.70	T	-		
251	99	O	9.70	T	-		
251	100	O	9.70	A	-		
251	101	O	9.70	T	-		
251	102	O	9.70	G	-		
251	103	O	9.70	T	-		
251	104	O	9.70	G	-		
251	105	O	9.70	A	-		
251	106	O	9.70	T	-		
251	107	O	9.70	C	-		
251	108	O	9.70	T	-		
251	109	O	9.70	G	-		
252	0	O	6.93	T	-		
252	1	O	6.93	G	-		
252	2	O	6.93	A	-		
252	3	O	6.93	A	-		
252	4	O	6.93	T	-		
252	5	O	6.93	G	-		
252	6	O	6.93	T	-		
252	7	O	6.93	T	-		
252	8	O	6.93	T	-		
252	9	O	6.93	G	-		
252	10	O	6.93	G	-		
252	11	O	6.93	A	-		
252	12	O	6.93	G	-		
252	13	O	6.93	C	-		
252	14	O	6.93	T	-		
252	15	O	6.93	A	-		
252	16	O	6.93	C	-		
252	17	O	6.93	C	-		
252	18	O	6.93	T	-		
252	19	O	6.93	C	-		
252	20	O	6.93	G	-		
252	21	O	6.93	G	-		
252	22	O	6.93	T	-		
252	23	O	6.93	C	-		
252	24	O	6.93	G	-		
252	25	O	6.93	A	-		
252	26	O	6.93	C	-		
252	27	O	6.93	T	-		
252	28	O	6.93	T	-		
252	29	O	6.93	A	-		
252	30	O	6.93	A	-		
252	31	O	6.93	A	-		
252	32	O	6.93	C	-		
252	33	O	6.93	C	-		
252	34	O	6.93	A	-		
252	35	O	6.93	T	-		
252	36	O	6.93	T	-		
252	37	O	6.93	T	-		
252	38	O	6.93	G	-		
252	39	O	6.93	A	-		
252	40	O	6.93	A	-		
252	41	O	6.93	G	-		
252	42	O	6.93	C	-		
252	43	O	6.93	T	-		
252	44	O	6.93	A	-		
252	45	O	6.93	C	-		
252	46	O	6.93	A	-		
252	47	O	6.93	A	-		
252	48	O	6.93	A	-		
252	49	O	6.93	T	-		
252	50	O	6.93	T	-		
252	51	O	6.93	G	-		
252	52	O	6.93	G	-		
252	53	O	6.93	A	-		
252	54	O	6.93	G	-		
252	55	O	6.93	A	-		
252	56	O	6.93	T	-		
252	57	O	6.93	G	-		
252	58	O	6.93	T	-		
252	59	O	6.93	C	-		
252	60	O	6.93	T	-		
252	61	O	6.93	C	-		
252	62	O	6.93	C	-		
252	63	O	6.93	T	-		
252	64	O	6.93	G	-		
252	65	O	6.93	C	-		
252	66	O	6.93	C	-		
252	67	O	6.93	T	-		
252	68	O	6.93	A	-		
252	69	O	6.93	A	-		
252	70	O	6.93	T	-		
252	71	O	6.93	T	-		
252	72	O	6.93	G	-		
252	73	O	6.93	G	-		
252	74	O	6.93	G	-		
252	75	O	6.93	A	-		
252	76	O	6.93	C	-		
252	77	O	6.93	G	-		
252	78	O	6.93	C	-		
252	79	O	6.93	T	-		
252	80	O	6.93	T	-		
252	81	O	6.93	C	-		
252	82	O	6.93	A	-		
252	83	O	6.93	G	-		
252	84	O	6.93	G	-		
252	85	O	6.93	G	-		
252	86	O	6.93	T	-		
252	87	O	6.93	C	-		
252	88	O	6.93	C	-		
252	89	O	6.93	T	-		
252	90	O	6.93	C	-		
252	91	O	6.93	C	-		
252	92	O	6.93	C	-		
252	93	O	6.93	A	-		
252	94	O	6.93	A	-		
252	95	O	6.93	C	-		
252	96	O	6.93	T	-		
252	97	O	6.93	C	-		
252	98	U	-0.27	T	G		
252	99	O	6.93	C	-		
252	100	O	6.93	C	-		
252	101	O	6.93	A	-		
252	102	O	6.93	C	-		
252	103	O	6.93	C	-		
252	104	O	6.93	C	-		
252	105	O	6.93	A	-		
252	106	O	6.93	A	-		
252	107	O	6.93	G	-		
252	108	O	6.93	C	-		
252	109	O	6.93	T	-		
253	0	O	9.70	C	-		
253	1	O	9.70	G	-		
253	2	O	9.70	G	-		
253	3	O	9.70	C	-		
253	4	O	9.70	C	-		
253	5	O	9.70	G	-		
253	6	O	9.70	C	-		
253	7	O	9.70	C	-		
253	8	O	9.70	A	-		
253	9	O	9.70	A	-		
253	10	O	9.70	G	-		
253	11	O	9.70	T	-		
253	12	O	9.70	A	-		
253	13	O	9.70	C	-		
253	14	O	9.70	C	-		
253	15	O	9.70	C	-		
253	16	O	9.70	G	-		
253	17	O	9.70	C	-		
253	18	O	9.70	C	-		
253	19	O	9.70	C	-		
253	20	O	9.70	G	-		
253	21	O	9.70	C	-		
253	22	O	9.70	C	-		
253	23	O	9.70	G	-		
253	24	O	9.70	G	-		
253	25	O	9.70	C	-		
253	26	O	9.70	C	-		
253	27	O	9.70	A	-		
253	28	O	9.70	G	-		
253	29	O	9.70	C	-		
253	30	O	9.70	T	-		
253	31	O	9.70	G	-		
253	32	O	9.70	A	-		
253	33	O	9.70	T	-		
253	34	O	9.70	G	-		
253	35	O	9.70	G	-		
253	36	O	9.70	G	-		
253	37	O	9.70	C	-		
253	38	O	9.70	A	-		
253	39	O	9.70	G	-		
253	40	O	9.70	C	-		
253	41	O	9.70	T	-		
253	42	O	9.70	T	-		
253	43	O	9.70	C	-		
253	44	O	9.70	G	-		
253	45	O	9.70	A	-		
253	46	O	9.70	G	-		
253	47	O	9.70	C	-		
253	48	O	9.70	A	-		
253	49	O	9.70	G	-		
253	50	O	9.70	C	-		
253	51	O	9.70	A	-		
253	52	O	9.70	G	-		
253	53	O	9.70	C	-		
253	54	O	9.70	A	-		
253	55	O	9.70	G	-		
253	56	O	9.70	C	-		
253	57	O	9.70	A	-		
253	58	O	9.70	G	-		
253	59	O	9.70	C	-		
253	60	O	9.70	A	-		
253	61	U	0.00	-	-		
253	62	U	0.00	-	-		
253	63	U	0.00	-	-		
253	64	O	9.70	C	-		
253	65	O	9.70	C	-		
253	66	O	9.70	A	-		
253	67	O	9.70	C	-		
253	68	O	9.70	C	-		
253	69	O	9.70	A	-		
253	70	O	9.70	C	-		
253	71	O	9.70	C	-		
253	72	O	9.70	A	-		
253	73	O	9.70	C	-		
253	74	O	9.70	C	-		
253	75	O	9.70	A	-		
253	76	O	9.70	C	-		
253	77	O	9.70	C	-		
253	78	O	9.70	A	-		
253	79	O	9.70	C	-		
253	80	O	9.70	C	-		
253	81	O	9.70	A	-		
253	82	O	9.70	G	-		
253	83	O	9.70	T	-		
253	84	O	9.70	T	-		
253	85	O	9.70	C	-		
253	86	O	9.70	G	-		
253	87	O	9.70	C	-		
253	88	O	9.70	G	-		
253	89	O	9.70	A	-		
253	90	O	9.70	G	-		
253	91	O	9.70	C	-		
253	92	O	9.70	T	-		
253	93	O	9.70	A	-		
253	94	O	9.70	C	-		
253	95	O	9.70	C	-		
253	96	O	9.70	C	-		
253	97	O	9.70	A	-		
253	98	O	9.70	G	-		
253	99	O	9.70	G	-		
253	100	O	9.70	C	-		
253	101	O	9.70	C	-		
253	102	O	9.70	A	-		
253	103	O	9.70	G	-		
253	104	O	9.70	C	-		
253	105	O	9.70	A	-		
253	106	O	9.70	G	-		
253	107	O	9.70	C	-		
253	108	O	9.70	A	-		
253	109	O	9.70	G	-		
253	110	U	0.00	-	-		
253	111	U	0.00	-	-		
253	112	U	0.00	-	-		
254	0	O	8.32	A	-		
254	1	O	8.32	A	-		
254	2	O	8.32	C	-		
254	3	O	8.32	T	-		
254	4	O	8.32	G	-		
254	5	O	8.32	C	-		
254	6	O	8.32	G	-		
254	7	O	8.32	C	-		
254	8	O	8.32	G	-		
254	9	O	8.32	G	-		
254	10	O	8.32	C	-		
254	11	O	8.32	G	-		
254	12	O	8.32	T	-		
254	13	O	8.32	T	-		
254	14	O	8.32	G	-		
254	15	O	8.32	T	-		
254	16	O	8.32	A	-		
254	17	O	8.32	G	-		
254	18	O	8.32	G	-		
254	19	O	8.32	G	-		
254	20	O	8.32	G	-		
254	21	O	8.32	G	-		
254	22	O	8.32	C	-		
254	23	O	8.32	G	-		
254	24	O	8.32	G	-		
254	25	O	8.32	G	-		
254	26	U	0.71	T	G		
254	27	O	8.32	T	-		
254	28	O	8.32	T	-		
254	29	O	8.32	G	-		
254	30	O	8.32	G	-		
254	31	O	8.32	T	-		
254	32	O	8.32	G	-		
254	33	O	8.32	G	-		
254	34	O	8.32	T	-		
254	35	O	8.32	G	-		
254	36	O	8.32	C	-		
254	37	O	8.32	G	-		
254	38	O	8.32	G	-		
254	39	O	8.32	T	-		
254	40	O	8.32	G	-		
254	41	O	8.32	T	-		
254	42	O	8.32	T	-		
254	43	O	8.32	T	-		
254	44	O	8.32	T	-		
254	45	O	8.32	G	-		
254	46	O	8.32	A	-		
254	47	O	8.32	G	-		
254	48	O	8.32	A	-		
254	49	O	8.32	T	-		
254	50	O	8.32	G	-		
254	51	O	8.32	T	-		
254	52	O	8.32	C	-		
254	53	O	8.32	C	-		
254	54	O	8.32	G	-		
254	55	O	8.32	A	-		
254	56	O	8.32	A	-		
254	57	O	8.32	G	-		
254	58	O	8.32	C	-		
254	59	O	8.32	G	-		
254	60	O	8.32	G	-		
254	61	O	8.32	C	-		
254	62	O	8.32	T	-		
254	63	O	8.32	T	-		
254	64	O	8.32	T	-		
254	65	O	8.32	G	-		
254	66	O	8.32	C	-		
254	67	O	8.32	G	-		
254	68	O	8.32	G	-		
254	69	O	8.32	G	-		
254	70	O	8.32	C	-		
254	71	O	8.32	G	-		
254	72	O	8.32	T	-		
254	73	O	8.32	T	-		
254	74	O	8.32	T	-		
254	75	O	8.32	G	-		
254	76	O	8.32	C	-		
254	77	O	8.32	T	-		
254	78	O	8.32	A	-		
254	79	O	8.32	G	-		
254	80	O	8.32	G	-		
254	81	O	8.32	G	-		
254	82	O	8.32	C	-		
254	83	O	8.32	T	-		
254	84	O	8.32	T	-		
254	85	O	8.32	G	-		
254	86	O	8.32	T	-		
254	87	O	8.32	T	-		
254	88	O	8.32	G	-		
254	89	O	8.32	T	-		
254	90	O	8.32	T	-		
254	91	O	8.32	C	-		
254	92	O	8.32	T	-		
254	93	O	8.32	G	-		
254	94	O	8.32	C	-		
254	95	O	8.32	T	-		
254	96	O	8.32	G	-		
254	97	O	8.32	G	-		
254	98	O	8.32	C	-		
254	99	O	8.32	G	-		
254	100	O	8.32	T	-		
254	101	O	8.32	G	-		
254	102	O	8.32	G	-		
254	103	O	8.32	A	-		
254	104	O	8.32	A	-		
254	105	O	8.32	G	-		
254	106	O	8.32	A	-		
254	107	O	8.32	G	-		
254	108	O	8.32	C	-		
254	109	O	8.32	T	-		
255	0	O	8.32	T	-		
255	1	O	8.32	G	-		
255	2	O	8.32	T	-		
255	3	O	8.32	T	-		
255	4	O	8.32	A	-		
255	5	O	8.32	A	-		
255	6	O	8.32	A	-		
255	7	O	8.32	T	-		
255	8	O	8.32	G	-		
255	9	O	8.32	C	-		
255	10	O	8.32	T	-		
255	11	O	8.32	G	-		
255	12	O	8.32	G	-		
255	13	O	8.32	A	-		
255	14	O	8.32	A	-		
255	15	O	8.32	A	-		
255	16	O	8.32	G	-		
255	17	O	8.32	C	-		
255	18	O	8.32	T	-		
255	19	O	8.32	G	-		
255	20	O	8.32	A	-		
255	21	O	8.32	A	-		
255	22	O	8.32	G	-		
255	23	O	8.32	T	-		
255	24	O	8.32	T	-		
255	25	O	8.32	T	-		
255	26	O	8.32	A	-		
255	27	O	8.32	T	-		
255	28	O	8.32	C	-		
255	29	O	8.32	T	-		
255	30	O	8.32	A	-		
255	31	O	8.32	C	-		
255	32	O	8.32	T	-		
255	33	O	8.32	A	-		
255	34	O	8.32	G	-		
255	35	O	8.32	A	-		
255	36	O	8.32	T	-		
255	37	O	8.32	T	-		
255	38	O	8.32	G	-		
255	39	O	8.32	T	-		
255	40	O	8.32	G	-		
255	41	O	8.32	A	-		
255	42	O	8.32	T	-		
255	43	O	8.32	T	-		
255	44	O	8.32	T	-		
255	45	O	8.32	A	-		
255	46	O	8.32	G	-		
255	47	O	8.32	T	-		
255	48	O	8.32	T	-		
255	49	O	8.32	G	-		
255	50	O	8.32	C	-		
255	51	O	8.32	A	-		
255	52	O	8.32	G	-		
255	53	O	8.32	T	-		
255	54	O	8.32	A	-		
255	55	O	8.32	A	-		
255	56	O	8.32	A	-		
255	57	O	8.32	C	-		
255	58	O	8.32	A	-		
255	59	O	8.32	T	-		
255	60	O	8.32	T	-		
255	61	O	8.32	T	-		
255	62	O	8.32	G	-		
255	63	O	8.32	C	-		
255	64	O	8.32	A	-		
255	65	O	8.32	C	-		
255	66	O	8.32	G	-		
255	67	O	8.32	T	-		
255	68	O	8.32	T	-		
255	69	O	8.32	T	-		
255	70	O	8.32	G	-		
255	71	O	8.32	G	-		
255	72	O	8.32	T	-		
255	73	O	8.32	T	-		
255	74	O	8.32	G	-		
255	75	O	8.32	T	-		
255	76	O	8.32	G	-		
255	77	O	8.32	G	-		
255	78	O	8.32	T	-		
255	79	O	8.32	T	-		
255	80	O	8.32	G	-		
255	81	O	8.32	G	-		
255	82	O	8.32	A	-		
255	83	O	8.32	G	-		
255	84	O	8.32	T	-		
255	85	O	8.32	C	-		
255	86	O	8.32	T	-		
255	87	O	8.32	G	-		
255	88	O	8.32	A	-		
255	89	O	8.32	A	-		
255	90	O	8.32	G	-		
255	91	O	8.32	G	-		
255	92	O	8.32	T	-		
255	93	O	8.32	A	-		
255	94	O	8.32	A	-		
255	95	O	8.32	T	-		
255	96	O	8.32	G	-		
255	97	O	8.32	A	-		
255	98	O	8.32	A	-		
255	99	O	8.32	T	-		
255	100	O	8.32	A	-		
255	101	O	8.32	G	-		
255	102	O	8.32	T	-		
255	103	O	8.32	G	-		
255	104	O	8.32	A	-		
255	105	O	8.32	G	-		
255	106	O	8.32	G	-		
255	107	O	8.32	T	-		
255	108	O	8.32	C	-		
255	109	O	8.32	T	-		
256	0	O	5.55	T	-		
256	1	O	5.55	G	-		
256	2	O	5.55	G	-		
256	3	O	5.55	G	-		
256	4	O	5.55	T	-		
256	5	O	5.55	C	-		
256	6	O	5.55	G	-		
256	7	O	5.55	A	-		
256	8	O	5.55	T	-		
256	9	O	5.55	T	-		
256	10	O	5.55	G	-		
256	11	O	5.55	G	-		
256	12	O	5.55	T	-		
256	13	O	5.55	G	-		
256	14	O	5.55	G	-		
256	15	O	5.55	A	-		
256	16	O	5.55	A	-		
256	17	O	5.55	C	-		
256	18	O	5.55	T	-		
256	19	O	5.55	T	-		
256	20	O	5.55	G	-		
256	21	O	5.55	T	-		
256	22	O	5.55	C	-		
256	23	O	5.55	G	-		
256	24	O	5.55	G	-		
256	25	O	5.55	T	-		
256	26	O	5.55	C	-		
256	27	O	5.55	G	-		
256	28	O	5.55	G	-		
256	29	O	5.55	T	-		
256	30	O	5.55	T	-		
256	31	O	5.55	G	-		
256	32	O	5.55	A	-		
256	33	O	5.55	T	-		
256	34	O	5.55	C	-		
256	35	O	5.55	A	-		
256	36	O	5.55	G	-		
256	37	O	5.55	C	-		
256	38	O	5.55	C	-		
256	39	O	5.55	G	-		
256	40	O	5.55	G	-		
256	41	O	5.55	T	-		
256	42	O	5.55	G	-		
256	43	O	5.55	G	-		
256	44	O	5.55	G	-		
256	45	O	5.55	C	-		
256	46	O	5.55	A	-		
256	47	O	5.55	G	-		
256	48	O	5.55	G	-		
256	49	O	5.55	T	-		
256	50	O	5.55	G	-		
256	51	O	5.55	G	-		
256	52	O	5.55	G	-		
256	53	O	5.55	C	-		
256	54	O	5.55	A	-		
256	55	O	5.55	G	-		
256	56	O	5.55	A	-		
256	57	O	5.55	A	-		
256	58	O	5.55	T	-		
256	59	O	5.55	A	-		
256	60	O	5.55	G	-		
256	61	O	5.55	A	-		
256	62	O	5.55	C	-		
256	63	O	5.55	G	-		
256	64	O	5.55	G	-		
256	65	O	5.55	C	-		
256	66	O	5.55	C	-		
256	67	O	5.55	A	-		
256	68	O	5.55	A	-		
256	69	O	5.55	A	-		
256	70	O	5.55	T	-		
256	71	O	5.55	G	-		
256	72	O	5.55	T	-		
256	73	O	5.55	C	-		
256	74	O	5.55	G	-		
256	75	O	5.55	T	-		
256	76	O	5.55	C	-		
256	77	O	5.55	T	-		
256	78	O	5.55	G	-		
256	79	O	5.55	G	-		
256	80	O	5.55	C	-		
256	81	O	5.55	G	-		
256	82	O	5.55	C	-		
256	83	O	5.55	T	-		
256	84	O	5.55	G	-		
256	85	O	5.55	A	-		
256	86	O	5.55	T	-		
256	87	O	5.55	G	-		
256	88	O	5.55	A	-		
256	89	O	5.55	C	-		
256	90	O	5.55	T	-		
256	91	O	5.55	C	-		
256	92	O	5.55	T	-		
256	93	O	5.55	C	-		
256	94	O	5.55	A	-		
256	95	O	5.55	G	-		
256	96	O	5.55	G	-		
256	97	O	5.55	T	-		
256	98	O	5.55	G	-		
256	99	O	5.55	G	-		
256	100	O	5.55	T	-		
256	101	O	5.55	T	-		
256	102	O	5.55	C	-		
256	103	O	5.55	A	-		
256	104	O	5.55	G	-		
256	105	O	5.55	C	-		
256	106	O	5.55	A	-		
256	107	O	5.55	T	-		
256	108	O	5.55	C	-		
256	109	O	5.55	G	-		
257	0	O	5.55	G	-		
257	1	O	5.55	A	-		
257	2	O	5.55	C	-		
257	3	O	5.55	A	-		
257	4	O	5.55	G	-		
257	5	O	5.55	T	-		
257	6	O	5.55	A	-		
257	7	O	5.55	T	-		
257	8	O	5.55	T	-		
257	9	O	5.55	G	-		
257	10	O	5.55	T	-		
257	11	O	5.55	A	-		
257	12	O	5.55	C	-		
257	13	O	5.55	C	-		
257	14	O	5.55	T	-		
257	15	O	5.55	A	-		
257	16	O	5.55	C	-		
257	17	O	5.55	C	-		
257	18	O	5.55	T	-		
257	19	O	5.55	C	-		
257	20	O	5.55	G	-		
257	21	O	5.55	G	-		
257	22	O	5.55	C	-		
257	23	O	5.55	A	-		
257	24	O	5.55	G	-		
257	25	O	5.55	A	-		
257	26	O	5.55	A	-		
257	27	O	5.55	C	-		
257	28	O	5.55	C	-		
257	29	O	5.55	G	-		
257	30	O	5.55	T	-		
257	31	O	5.55	C	-		
257	32	O	5.55	C	-		
257	33	O	5.55	T	-		
257	34	O	5.55	C	-		
257	35	O	5.55	G	-		
257	36	O	5.55	G	-		
257	37	O	5.55	C	-		
257	38	O	5.55	A	-		
257	39	O	5.55	A	-		
257	40	O	5.55	T	-		
257	41	O	5.55	C	-		
257	42	O	5.55	T	-		
257	43	O	5.55	T	-		
257	44	O	5.55	G	-		
257	45	O	5.55	G	-		
257	46	O	5.55	A	-		
257	47	O	5.55	C	-		
257	48	O	5.55	A	-		
257	49	O	5.55	T	-		
257	50	O	5.55	T	-		
257	51	O	5.55	A	-		
257	52	O	5.55	C	-		
257	53	O	5.55	A	-		
257	54	O	5.55	A	-		
257	55	O	5.55	A	-		
257	56	O	5.55	G	-		
257	57	O	5.55	A	-		
257	58	O	5.55	T	-		
257	59	O	5.55	G	-		
257	60	O	5.55	T	-		
257	61	O	5.55	T	-		
257	62	O	5.55	T	-		
257	63	O	5.55	G	-		
257	64	O	5.55	A	-		
257	65	O	5.55	G	-		
257	66	O	5.55	G	-		
257	67	O	5.55	G	-		
257	68	O	5.55	T	-		
257	69	O	5.55	A	-		
257	70	O	5.55	C	-		
257	71	O	5.55	G	-		
257	72	O	5.55	A	-		
257	73	O	5.55	T	-		
257	74	O	5.55	G	-		
257	75	O	5.55	G	-		
257	76	O	5.55	T	-		
257	77	O	5.55	C	-		
257	78	O	5.55	A	-		
257	79	O	5.55	A	-		
257	80	O	5.55	G	-		
257	81	O	5.55	A	-		
257	82	O	5.55	C	-		
257	83	O	5.55	G	-		
257	84	O	5.55	G	-		
257	85	O	5.55	C	-		
257	86	O	5.55	T	-		
257	87	O	5.55	C	-		
257	88	O	5.55	T	-		
257	89	O	5.55	G	-		
257	90	O	5.55	C	-		
257	91	O	5.55	G	-		
257	92	O	5.55	C	-		
257	93	O	5.55	C	-		
257	94	O	5.55	C	-		
257	95	O	5.55	T	-		
257	96	O	5.55	T	-		
257	97	O	5.55	G	-		
257	98	O	5.55	T	-		
257	99	O	5.55	G	-		
257	100	O	5.55	G	-		
257	101	O	5.55	C	-		
257	102	O	5.55	T	-		
257	103	O	5.55	A	-		
257	104	O	5.55	G	-		
257	105	O	5.55	A	-		
257	106	O	5.55	T	-		
257	107	O	5.55	G	-		
257	108	O	5.55	T	-		
257	109	O	5.55	G	-		
258	0	O	6.93	T	-		
258	1	O	6.93	T	-		
258	2	O	6.93	G	-		
258	3	O	6.93	T	-		
258	4	O	6.93	G	-		
258	5	O	6.93	C	-		
258	6	O	6.93	C	-		
258	7	O	6.93	G	-		
258	8	O	6.93	C	-		
258	9	O	6.93	G	-		
258	10	O	6.93	C	-		
258	11	O	6.93	A	-		
258	12	O	6.93	A	-		
258	13	O	6.93	G	-		
258	14	O	6.93	G	-		
258	15	O	6.93	C	-		
258	16	O	6.93	T	-		
258	17	O	6.93	G	-		
258	18	O	6.93	C	-		
258	19	O	6.93	A	-		
258	20	O	6.93	G	-		
258	21	O	6.93	A	-		
258	22	O	6.93	T	-		
258	23	O	6.93	G	-		
258	24	O	6.93	G	-		
258	25	O	6.93	A	-		
258	26	O	6.93	C	-		
258	27	O	6.93	T	-		
258	28	O	6.93	C	-		
258	29	O	6.93	G	-		
258	30	O	6.93	T	-		
258	31	O	6.93	A	-		
258	32	O	6.93	C	-		
258	33	O	6.93	C	-		
258	34	O	6.93	G	-		
258	35	O	6.93	T	-		
258	36	O	6.93	A	-		
258	37	O	6.93	C	-		
258	38	O	6.93	C	-		
258	39	O	6.93	C	-		
258	40	O	6.93	A	-		
258	41	O	6.93	C	-		
258	42	O	6.93	C	-		
258	43	O	6.93	A	-		
258	44	O	6.93	T	-		
258	45	O	6.93	C	-		
258	46	O	6.93	G	-		
258	47	O	6.93	T	-		
258	48	O	6.93	T	-		
258	49	O	6.93	T	-		
258	50	O	6.93	A	-		
258	51	O	6.93	G	-		
258	52	O	6.93	T	-		
258	53	O	6.93	C	-		
258	54	O	6.93	T	-		
258	55	O	6.93	C	-		
258	56	O	6.93	G	-		
258	57	O	6.93	A	-		
258	58	O	6.93	C	-		
258	59	O	6.93	A	-		
258	60	O	6.93	G	-		
258	61	O	6.93	G	-		
258	62	O	6.93	T	-		
258	63	O	6.93	G	-		
258	64	O	6.93	G	-		
258	65	O	6.93	A	-		
258	66	O	6.93	T	-		
258	67	O	6.93	C	-		
258	68	O	6.93	C	-		
258	69	O	6.93	A	-		
258	70	O	6.93	A	-		
258	71	O	6.93	C	-		
258	72	O	6.93	C	-		
258	73	O	6.93	T	-		
258	74	O	6.93	C	-		
258	75	O	6.93	G	-		
258	76	O	6.93	G	-		
258	77	O	6.93	T	-		
258	78	O	6.93	C	-		
258	79	O	6.93	C	-		
258	80	O	6.93	T	-		
258	81	O	6.93	T	-		
258	82	O	6.93	T	-		
258	83	O	6.93	T	-		
258	84	O	6.93	G	-		
258	85	O	6.93	G	-		
258	86	O	6.93	G	-		
258	87	O	6.93	G	-		
258	88	O	6.93	T	-		
258	89	O	6.93	G	-		
258	90	O	6.93	C	-		
258	91	O	6.93	A	-		
258	92	O	6.93	G	-		
258	93	O	6.93	C	-		
258	94	O	6.93	T	-		
258	95	O	6.93	G	-		
258	96	O	6.93	T	-		
258	97	O	6.93	A	-		
258	98	O	6.93	G	-		
258	99	O	6.93	C	-		
258	100	O	6.93	C	-		
258	101	O	6.93	T	-		
258	102	O	6.93	G	-		
258	103	O	6.93	T	-		
258	104	O	6.93	G	-		
258	105	O	6.93	G	-		
258	106	O	6.93	G	-		
258	107	O	6.93	A	-		
258	108	O	6.93	G	-		
258	109	O	6.93	C	-		
259	0	O	9.70	C	-		
259	1	O	9.70	A	-		
259	2	O	9.70	G	-		
259	3	O	9.70	A	-		
259	4	O	9.70	G	-		
259	5	O	9.70	C	-		
259	6	O	9.70	C	-		
259	7	O	9.70	G	-		
259	8	O	9.70	C	-		
259	9	O	9.70	T	-		
259	10	O	9.70	T	-		
259	11	O	9.70	G	-		
259	12	O	9.70	A	-		
259	13	O	9.70	G	-		
259	14	O	9.70	C	-		
259	15	O	9.70	T	-		
259	16	O	9.70	C	-		
259	17	O	9.70	G	-		
259	18	O	9.70	A	-		
259	19	O	9.70	C	-		
259	20	O	9.70	T	-		
259	21	O	9.70	G	-		
259	22	O	9.70	G	-		
259	23	O	9.70	C	-		
259	24	O	9.70	G	-		
259	25	O	9.70	G	-		
259	26	O	9.70	A	-		
259	27	O	9.70	T	-		
259	28	O	9.70	G	-		
259	29	O	9.70	G	-		
259	30	O	9.70	G	-		
259	31	O	9.70	C	-		
259	32	O	9.70	C	-		
259	33	O	9.70	G	-		
259	34	O	9.70	A	-		
259	35	O	9.70	A	-		
259	36	O	9.70	C	-		
259	37	O	9.70	G	-		
259	38	O	9.70	A	-		
259	39	O	9.70	T	-		
259	40	O	9.70	G	-		
259	41	O	9.70	A	-		
259	42	O	9.70	T	-		
259	43	O	9.70	G	-		
259	44	O	9.70	A	-		
259	45	O	9.70	G	-		
259	46	O	9.70	C	-		
259	47	O	9.70	G	-		
259	48	O	9.70	C	-		
259	49	O	9.70	A	-		
259	50	O	9.70	T	-		
259	51	O	9.70	A	-		
259	52	O	9.70	G	-		
259	53	O	9.70	G	-		
259	54	O	9.70	T	-		
259	55	O	9.70	G	-		
259	56	O	9.70	C	-		
259	57	O	9.70	G	-		
259	58	O	9.70	C	-		
259	59	O	9.70	C	-		
259	60	O	9.70	G	-		
259	61	O	9.70	A	-		
259	62	O	9.70	G	-		
259	63	O	9.70	C	-		
259	64	O	9.70	T	-		
259	65	O	9.70	A	-		
259	66	O	9.70	G	-		
259	67	O	9.70	C	-		
259	68	O	9.70	T	-		
259	69	O	9.70	C	-		
259	70	O	9.70	T	-		
259	71	O	9.70	C	-		
259	72	O	9.70	C	-		
259	73	O	9.70	A	-		
259	74	O	9.70	G	-		
259	75	O	9.70	T	-		
259	76	O	9.70	G	-		
259	77	O	9.70	C	-		
259	78	O	9.70	C	-		
259	79	O	9.70	A	-		
259	80	O	9.70	C	-		
259	81	O	9.70	C	-		
259	82	O	9.70	G	-		
259	83	O	9.70	G	-		
259	84	O	9.70	C	-		
259	85	O	9.70	G	-		
259	86	O	9.70	G	-		
259	87	O	9.70	C	-		
259	88	O	9.70	G	-		
259	89	O	9.70	C	-		
259	90	O	9.70	G	-		
259	91	O	9.70	C	-		
259	92	O	9.70	G	-		
259	93	O	9.70	C	-		
259	94	O	9.70	T	-		
259	95	O	9.70	T	-		
259	96	O	9.70	A	-		
259	97	O	9.70	C	-		
259	98	O	9.70	G	-		
259	99	O	9.70	C	-		
259	100	O	9.70	T	-		
259	101	O	9.70	C	-		
259	102	O	9.70	G	-		
259	103	O	9.70	C	-		
259	104	O	9.70	T	-		
259	105	O	9.70	C	-		
259	106	O	9.70	T	-		
259	107	O	9.70	A	-		
259	108	O	9.70	C	-		
259	109	O	9.70	G	-		
260	0	O	5.55	G	-		
260	1	O	5.55	C	-		
260	2	O	5.55	T	-		
260	3	O	5.55	A	-		
260	4	O	5.55	T	-		
260	5	O	5.55	C	-		
260	6	O	5.55	A	-		
260	7	O	5.55	G	-		
260	8	O	5.55	A	-		
260	9	O	5.55	C	-		
260	10	O	5.55	C	-		
260	11	O	5.55	A	-		
260	12	O	5.55	T	-		
260	13	O	5.55	C	-		
260	14	O	5.55	C	-		
260	15	O	5.55	A	-		
260	16	O	5.55	C	-		
260	17	O	5.55	C	-		
260	18	O	5.55	A	-		
260	19	O	5.55	A	-		
260	20	O	5.55	G	-		
260	21	O	5.55	G	-		
260	22	O	5.55	C	-		
260	23	O	5.55	C	-		
260	24	O	5.55	T	-		
260	25	O	5.55	C	-		
260	26	O	5.55	C	-		
260	27	O	5.55	C	-		
260	28	O	5.55	A	-		
260	29	O	5.55	G	-		
260	30	O	5.55	T	-		
260	31	O	5.55	A	-		
260	32	O	5.55	G	-		
260	33	O	5.55	G	-		
260	34	O	5.55	T	-		
260	35	O	5.55	G	-		
260	36	O	5.55	T	-		
260	37	O	5.55	A	-		
260	38	O	5.55	G	-		
260	39	O	5.55	T	-		
260	40	O	5.55	C	-		
260	41	O	5.55	G	-		
260	42	O	5.55	A	-		
260	43	O	5.55	G	-		
260	44	O	5.55	C	-		
260	45	O	5.55	G	-		
260	46	O	5.55	A	-		
260	47	O	5.55	T	-		
260	48	O	5.55	G	-		
260	49	O	5.55	C	-		
260	50	O	5.55	A	-		
260	51	O	5.55	G	-		
260	52	O	5.55	C	-		
260	53	O	5.55	T	-		
260	54	O	5.55	T	-		
260	55	O	5.55	T	-		
260	56	O	5.55	G	-		
260	57	O	5.55	C	-		
260	58	O	5.55	C	-		
260	59	O	5.55	A	-		
260	60	O	5.55	G	-		
260	61	O	5.55	C	-		
260	62	O	5.55	A	-		
260	63	O	5.55	A	-		
260	64	O	5.55	C	-		
260	65	O	5.55	A	-		
260	66	O	5.55	T	-		
260	67	O	5.55	C	-		
260	68	O	5.55	A	-		
260	69	O	5.55	A	-		
260	70	O	5.55	T	-		
260	71	O	5.55	C	-		
260	72	O	5.55	A	-		
260	73	O	5.55	A	-		
260	74	O	5.55	G	-		
260	75	O	5.55	C	-		
260	76	O	5.55	C	-		
260	77	O	5.55	T	-		
260	78	O	5.55	C	-		
260	79	O	5.55	G	-		
260	80	O	5.55	C	-		
260	81	O	5.55	T	-		
260	82	O	5.55	T	-		
260	83	O	5.55	T	-		
260	84	O	5.55	C	-		
260	85	O	5.55	G	-		
260	86	O	5.55	C	-		
260	87	O	5.55	A	-		
260	88	O	5.55	A	-		
260	89	O	5.55	G	-		
260	90	O	5.55	C	-		
260	91	O	5.55	C	-		
260	92	O	5.55	T	-		
260	93	O	5.55	A	-		
260	94	O	5.55	C	-		
260	95	O	5.55	G	-		
260	96	O	5.55	G	-		
260	97	O	5.55	C	-		
260	98	O	5.55	T	-		
260	99	O	5.55	T	-		
260	100	O	5.55	G	-		
260	101	O	5.55	G	-		
260	102	O	5.55	T	-		
260	103	O	5.55	A	-		
260	104	O	5.55	G	-		
260	105	O	5.55	T	-		
260	106	O	5.55	C	-		
260	107	O	5.55	C	-		
260	108	O	5.55	A	-		
260	109	O	5.55	C	-		
261	0	O	8.32	C	-		
261	1	O	8.32	A	-		
261	2	O	8.32	C	-		
261	3	O	8.32	A	-		
261	4	O	8.32	A	-		
261	5	O	8.32	G	-		
261	6	O	8.32	T	-		
261	7	O	8.32	G	-		
261	8	O	8.32	A	-		
261	9	O	8.32	C	-		
261	10	O	8.32	C	-		
261	11	O	8.32	G	-		
261	12	O	8.32	G	-		
261	13	O	8.32	C	-		
261	14	O	8.32	G	-		
261	15	O	8.32	C	-		
261	16	O	8.32	A	-		
261	17	O	8.32	A	-		
261	18	O	8.32	C	-		
261	19	O	8.32	G	-		
261	20	O	8.32	T	-		
261	21	O	8.32	C	-		
261	22	O	8.32	G	-		
261	23	O	8.32	G	-		
261	24	O	8.32	G	-		
261	25	O	8.32	C	-		
261	26	O	8.32	G	-		
261	27	O	8.32	A	-		
261	28	O	8.32	T	-		
261	29	O	8.32	T	-		
261	30	O	8.32	T	-		
261	31	O	8.32	G	-		
261	32	O	8.32	T	-		
261	33	O	8.32	C	-		
261	34	O	8.32	G	-		
261	35	O	8.32	G	-		
261	36	O	8.32	G	-		
261	37	O	8.32	A	-		
261	38	O	8.32	C	-		
261	39	O	8.32	T	-		
261	40	O	8.32	A	-		
261	41	O	8.32	A	-		
261	42	O	8.32	C	-		
261	43	O	8.32	A	-		
261	44	O	8.32	A	-		
261	45	O	8.32	A	-		
261	46	O	8.32	C	-		
261	47	O	8.32	G	-		
261	48	O	8.32	G	-		
261	49	O	8.32	A	-		
261	50	O	8.32	C	-		
261	51	O	8.32	G	-		
261	52	O	8.32	G	-		
261	53	O	8.32	C	-		
261	54	O	8.32	G	-		
261	55	O	8.32	A	-		
261	56	O	8.32	G	-		
261	57	O	8.32	A	-		
261	58	O	8.32	G	-		
261	59	O	8.32	G	-		
261	60	O	8.32	G	-		
261	61	O	8.32	A	-		
261	62	O	8.32	T	-		
261	63	O	8.32	G	-		
261	64	O	8.32	G	-		
261	65	O	8.32	A	-		
261	66	O	8.32	G	-		
261	67	O	8.32	A	-		
261	68	O	8.32	G	-		
261	69	O	8.32	G	-		
261	70	O	8.32	G	-		
261	71	O	8.32	C	-		
261	72	O	8.32	G	-		
261	73	O	8.32	A	-		
261	74	O	8.32	G	-		
261	75	O	8.32	A	-		
261	76	O	8.32	G	-		
261	77	O	8.32	G	-		
261	78	O	8.32	G	-		
261	79	O	8.32	C	-		
261	80	O	8.32	C	-		
261	81	O	8.32	G	-		
261	82	O	8.32	A	-		
261	83	O	8.32	T	-		
261	84	O	8.32	G	-		
261	85	O	8.32	G	-		
261	86	O	8.32	G	-		
261	87	O	8.32	A	-		
261	88	O	8.32	A	-		
261	89	O	8.32	C	-		
261	90	O	8.32	C	-		
261	91	O	8.32	G	-		
261	92	O	8.32	G	-		
261	93	O	8.32	C	-		
261	94	O	8.32	G	-		
261	95	O	8.32	G	-		
261	96	O	8.32	A	-		
261	97	O	8.32	G	-		
261	98	O	8.32	C	-		
261	99	O	8.32	T	-		
261	100	O	8.32	G	-		
261	101	O	8.32	G	-		
261	102	O	8.32	C	-		
261	103	O	8.32	G	-		
261	104	O	8.32	C	-		
261	105	O	8.32	G	-		
261	106	O	8.32	A	-		
261	107	O	8.32	G	-		
261	108	O	8.32	T	-		
261	109	O	8.32	G	-		
262	0	O	16.64	T	-		
262	1	O	16.64	G	-		
262	2	O	16.64	C	-		
262	3	O	16.64	C	-		
262	4	O	16.64	G	-		
262	5	O	16.64	A	-		
262	6	O	16.64	A	-		
262	7	O	16.64	A	-		
262	8	O	16.64	T	-		
262	9	O	16.64	G	-		
262	10	O	16.64	G	-		
262	11	O	16.64	A	-		
262	12	O	16.64	C	-		
262	13	O	16.64	A	-		
262	14	O	16.64	A	-		
262	15	O	16.64	T	-		
262	16	O	16.64	C	-		
262	17	O	16.64	A	-		
262	18	O	16.64	A	-		
262	19	O	16.64	T	-		
262	20	O	16.64	G	-		
262	21	O	16.64	A	-		
262	22	O	16.64	T	-		
262	23	O	16.64	A	-		
262	24	O	16.64	C	-		
262	25	O	16.64	C	-		
262	26	O	16.64	C	-		
262	27	O	16.64	A	-		
262	28	O	16.64	A	-		
262	29	O	16.64	G	-		
262	30	O	16.64	C	-		
262	31	O	16.64	C	-		
262	32	O	16.64	A	-		
262	33	O	16.64	C	-		
262	34	O	16.64	T	-		
262	35	O	16.64	T	-		
262	36	O	16.64	G	-		
262	37	O	16.64	A	-		
262	38	O	16.64	T	-		
262	39	O	16.64	A	-		
262	40	O	16.64	T	-		
262	41	O	16.64	C	-		
262	42	O	16.64	C	-		
262	43	O	7.55	A	-		
262	44	O	16.64	C	-		
262	45	O	16.64	T	-		
262	46	O	7.55	G	-		
262	47	O	16.64	A	-		
262	48	O	16.64	C	-		
262	49	O	16.64	G	-		
262	50	O	16.64	C	-		
262	51	O	16.64	C	-		
262	52	O	16.64	T	-		
262	53	O	16.64	C	-		
262	54	O	16.64	G	-		
262	55	O	16.64	T	-		
262	56	O	16.64	T	-		
262	57	O	7.55	G	-		
262	58	O	16.64	C	-		
262	59	O	16.64	G	-		
262	60	O	16.64	A	-		
262	61	O	16.64	T	-		
262	62	O	16.64	G	-		
262	63	O	16.64	A	-		
262	64	O	16.64	T	-		
262	65	O	16.64	T	-		
262	66	O	16.64	C	-		
262	67	O	16.64	T	-		
262	68	O	16.64	G	-		
262	69	O	16.64	G	-		
262	70	O	16.64	T	-		
262	71	O	16.64	A	-		
262	72	O	16.64	T	-		
262	73	O	16.64	C	-		
262	74	O	16.64	A	-		
262	75	O	16.64	A	-		
262	76	O	16.64	T	-		
262	77	O	16.64	C	-		
262	78	O	16.64	A	-		
262	79	O	16.64	T	-		
262	80	O	16.64	G	-		
262	81	O	16.64	T	-		
262	82	O	16.64	C	-		
262	83	O	16.64	G	-		
262	84	O	16.64	T	-		
262	85	O	16.64	G	-		
262	86	O	16.64	A	-		
262	87	O	16.64	A	-		
262	88	O	16.64	A	-		
262	89	O	16.64	C	-		
262	90	O	16.64	T	-		
262	91	O	16.64	T	-		
262	92	O	16.64	A	-		
262	93	O	16.64	G	-		
262	94	O	16.64	A	-		
262	95	O	16.64	T	-		
262	96	O	16.64	T	-		
262	97	O	16.64	G	-		
262	98	O	16.64	C	-		
262	99	O	16.64	T	-		
262	100	O	16.64	A	-		
262	101	O	16.64	A	-		
262	102	O	16.64	A	-		
262	103	O	16.64	T	-		
262	104	O	16.64	G	-		
262	105	O	16.64	C	-		
262	106	O	16.64	C	-		
262	107	O	16.64	T	-		
262	108	O	16.64	A	-		
262	109	O	16.64	C	-		
263	0	O	8.32	G	-		
263	1	O	8.32	G	-		
263	2	O	8.32	G	-		
263	3	O	8.32	A	-		
263	4	O	8.32	G	-		
263	5	O	8.32	C	-		
263	6	O	8.32	G	-		
263	7	O	8.32	C	-		
263	8	O	8.32	C	-		
263	9	O	8.32	C	-		
263	10	O	8.32	A	-		
263	11	O	8.32	A	-		
263	12	O	8.32	G	-		
263	13	O	8.32	A	-		
263	14	O	8.32	T	-		
263	15	O	8.32	G	-		
263	16	O	8.32	A	-		
263	17	O	8.32	A	-		
263	18	O	8.32	T	-		
263	19	O	8.32	G	-		
263	20	O	8.32	T	-		
263	21	O	8.32	G	-		
263	22	O	8.32	G	-		
263	23	O	8.32	A	-		
263	24	O	8.32	C	-		
263	25	O	8.32	A	-		
263	26	O	8.32	T	-		
263	27	O	8.32	G	-		
263	28	O	8.32	T	-		
263	29	O	8.32	T	-		
263	30	O	8.32	C	-		
263	31	O	8.32	A	-		
263	32	O	8.32	A	-		
263	33	O	8.32	G	-		
263	34	O	8.32	A	-		
263	35	O	8.32	A	-		
263	36	O	8.32	T	-		
263	37	O	8.32	C	-		
263	38	O	8.32	T	-		
263	39	O	8.32	C	-		
263	40	O	8.32	C	-		
263	41	O	8.32	T	-		
263	42	O	8.32	T	-		
263	43	O	8.32	T	-		
263	44	O	8.32	T	-		
263	45	O	8.32	G	-		
263	46	O	8.32	A	-		
263	47	O	8.32	C	-		
263	48	U	0.71	C	A		
263	49	O	8.32	G	-		
263	50	O	8.32	G	-		
263	51	O	8.32	G	-		
263	52	O	8.32	A	-		
263	53	O	8.32	G	-		
263	54	O	8.32	T	-		
263	55	O	8.32	G	-		
263	56	O	8.32	C	-		
263	57	O	8.32	T	-		
263	58	O	8.32	A	-		
263	59	O	8.32	G	-		
263	60	O	8.32	T	-		
263	61	O	8.32	C	-		
263	62	O	8.32	C	-		
263	63	O	8.32	C	-		
263	64	O	8.32	T	-		
263	65	O	8.32	C	-		
263	66	O	8.32	G	-		
263	67	O	8.32	C	-		
263	68	O	8.32	C	-		
263	69	O	8.32	C	-		
263	70	O	8.32	C	-		
263	71	O	8.32	C	-		
263	72	O	8.32	G	-		
263	73	O	8.32	G	-		
263	74	O	8.32	T	-		
263	75	O	8.32	T	-		
263	76	O	8.32	A	-		
263	77	O	8.32	C	-		
263	78	O	8.32	A	-		
263	79	O	8.32	C	-		
263	80	O	8.32	A	-		
263	81	O	8.32	A	-		
263	82	O	8.32	C	-		
263	83	O	8.32	C	-		
263	84	O	8.32	C	-		
263	85	O	8.32	A	-		
263	86	O	8.32	C	-		
263	87	O	8.32	G	-		
263	88	O	8.32	C	-		
263	89	O	8.32	A	-		
263	90	O	8.32	G	-		
263	91	O	8.32	C	-		
263	92	O	8.32	C	-		
263	93	O	8.32	A	-		
263	94	O	8.32	C	-		
263	95	O	8.32	A	-		
263	96	O	8.32	G	-		
263	97	O	8.32	C	-		
263	98	O	8.32	G	-		
263	99	O	8.32	G	-		
263	100	O	8.32	C	-		
263	101	O	8.32	C	-		
263	102	O	8.32	A	-		
263	103	O	8.32	C	-		
263	104	O	8.32	A	-		
263	105	O	8.32	A	-		
263	106	O	8.32	G	-		
263	107	O	8.32	A	-		
263	108	O	8.32	C	-		
263	109	O	8.32	A	-		
264	0	O	19.41	C	-		
264	1	O	19.41	G	-		
264	2	O	19.41	C	-		
264	3	O	19.41	C	-		
264	4	O	19.41	G	-		
264	5	O	19.41	T	-		
264	6	O	19.41	G	-		
264	7	O	19.41	G	-		
264	8	O	19.41	C	-		
264	9	O	19.41	G	-		
264	10	O	19.41	A	-		
264	11	O	19.41	A	-		
264	12	O	19.41	A	-		
264	13	O	19.41	C	-		
264	14	O	19.41	C	-		
264	15	O	19.41	T	-		
264	16	O	19.41	C	-		
264	17	O	19.41	C	-		
264	18	O	19.41	T	-		
264	19	O	19.41	G	-		
264	20	O	19.41	C	-		
264	21	O	19.41	G	-		
264	22	O	19.41	G	-		
264	23	O	19.41	C	-		
264	24	O	19.41	G	-		
264	25	O	19.41	A	-		
264	26	O	19.41	A	-		
264	27	O	19.41	G	-		
264	28	O	19.41	C	-		
264	29	O	19.41	C	-		
264	30	O	19.41	A	-		
264	31	O	19.41	G	-		
264	32	O	19.41	G	-		
264	33	O	19.41	C	-		
264	34	O	19.41	A	-		
264	35	O	19.41	A	-		
264	36	O	19.41	G	-		
264	37	O	19.41	G	-		
264	38	O	19.41	G	-		
264	39	O	19.41	T	-		
264	40	O	19.41	C	-		
264	41	O	19.41	C	-		
264	42	O	19.41	G	-		
264	43	O	19.41	A	-		
264	44	O	19.41	A	-		
264	45	O	19.41	G	-		
264	46	O	19.41	A	-		
264	47	O	19.41	C	-		
264	48	O	19.41	T	-		
264	49	O	19.41	T	-		
264	50	O	19.41	T	-		
264	51	O	19.41	C	-		
264	52	O	19.41	G	-		
264	53	O	19.41	A	-		
264	54	O	19.41	G	-		
264	55	O	19.41	G	-		
264	56	O	19.41	A	-		
264	57	O	19.41	A	-		
264	58	O	19.41	A	-		
264	59	O	10.01	T	-		
264	60	O	19.41	G	-		
264	61	O	19.41	G	-		
264	62	O	19.41	G	-		
264	63	O	19.41	A	-		
264	64	O	19.41	G	-		
264	65	O	19.41	T	-		
264	66	O	19.41	G	-		
264	67	O	19.41	C	-		
264	68	O	19.41	C	-		
264	69	O	19.41	G	-		
264	70	O	19.41	G	-		
264	71	O	19.41	C	-		
264	72	O	19.41	G	-		
264	73	O	19.41	C	-		
264	74	O	19.41	A	-		
264	75	O	19.41	C	-		
264	76	O	19.41	A	-		
264	77	O	19.41	A	-		
264	78	O	19.41	G	-		
264	79	O	19.41	C	-		
264	80	O	19.41	A	-		
264	81	O	19.41	G	-		
264	82	O	19.41	G	-		
264	83	O	19.41	A	-		
264	84	O	19.41	G	-		
264	85	O	19.41	G	-		
264	86	O	19.41	G	-		
264	87	O	19.41	A	-		
264	88	O	19.41	G	-		
264	89	O	19.41	A	-		
264	90	O	19.41	G	-		
264	91	O	19.41	T	-		
264	92	O	19.41	G	-		
264	93	O	19.41	T	-		
264	94	O	19.41	T	-		
264	95	O	19.41	C	-		
264	96	O	19.41	G	-		
264	97	O	19.41	G	-		
264	98	O	19.41	T	-		
264	99	O	19.41	G	-		
264	100	O	19.41	A	-		
264	101	O	19.41	T	-		
264	102	O	19.41	G	-		
264	103	O	19.41	T	-		
264	104	O	19.41	A	-		
264	105	O	19.41	A	-		
264	106	O	19.41	T	-		
264	107	O	19.41	C	-		
264	108	O	19.41	A	-		
264	109	O	19.41	G	-		
265	0	O	19.41	A	-		
265	1	O	19.41	A	-		
265	2	O	19.41	C	-		
265	3	O	19.41	T	-		
265	4	O	19.41	G	-		
265	5	O	19.41	C	-		
265	6	O	19.41	A	-		
265	7	O	19.41	A	-		
265	8	O	19.41	C	-		
265	9	O	19.41	T	-		
265	10	O	19.41	C	-		
265	11	O	19.41	C	-		
265	12	O	19.41	A	-		
265	13	O	19.41	G	-		
265	14	O	19.41	C	-		
265	15	O	19.41	T	-		
265	16	O	19.41	C	-		
265	17	O	19.41	C	-		
265	18	O	19.41	A	-		
265	19	O	19.41	G	-		
265	20	O	19.41	C	-		
265	21	O	19.41	G	-		
265	22	O	19.41	T	-		
265	23	O	19.41	G	-		
265	24	O	19.41	C	-		
265	25	O	19.41	G	-		
265	26	O	19.41	C	-		
265	27	O	19.41	G	-		
265	28	O	19.41	A	-		
265	29	O	19.41	C	-		
265	30	O	19.41	A	-		
265	31	O	19.41	C	-		
265	32	O	19.41	T	-		
265	33	O	19.41	C	-		
265	34	O	19.41	G	-		
265	35	O	19.41	C	-		
265	36	O	19.41	G	-		
265	37	O	19.41	C	-		
265	38	O	19.41	G	-		
265	39	O	19.41	C	-		
265	40	O	19.41	A	-		
265	41	O	19.41	C	-		
265	42	O	19.41	A	-		
265	43	O	19.41	G	-		
265	44	O	19.41	G	-		
265	45	O	19.41	A	-		
265	46	O	19.41	C	-		
265	47	O	19.41	A	-		
265	48	O	19.41	A	-		
265	49	O	19.41	A	-		
265	50	O	19.41	G	-		
265	51	O	19.41	G	-		
265	52	O	19.41	C	-		
265	53	O	19.41	G	-		
265	54	O	19.41	G	-		
265	55	O	19.41	C	-		
265	56	O	19.41	C	-		
265	57	O	19.41	A	-		
265	58	O	19.41	G	-		
265	59	O	19.41	T	-		
265	60	O	19.41	C	-		
265	61	O	19.41	T	-		
265	62	O	19.41	G	-		
265	63	O	19.41	G	-		
265	64	O	19.41	A	-		
265	65	O	19.41	G	-		
265	66	O	19.41	T	-		
265	67	O	19.41	C	-		
265	68	O	19.41	G	-		
265	69	O	19.41	C	-		
265	70	O	19.41	C	-		
265	71	O	19.41	G	-		
265	72	O	19.41	G	-		
265	73	O	19.41	T	-		
265	74	O	19.41	T	-		
265	75	O	19.41	T	-		
265	76	O	19.41	G	-		
265	77	O	19.41	C	-		
265	78	O	19.41	A	-		
265	79	O	19.41	T	-		
265	80	O	19.41	G	-		
265	81	O	19.41	G	-		
265	82	O	19.41	C	-		
265	83	O	19.41	A	-		
265	84	O	19.41	A	-		
265	85	O	19.41	C	-		
265	86	O	19.41	G	-		
265	87	O	19.41	C	-		
265	88	O	19.41	A	-		
265	89	O	19.41	G	-		
265	90	O	19.41	A	-		
265	91	O	19.41	C	-		
265	92	O	19.41	G	-		
265	93	O	19.41	C	-		
265	94	O	19.41	G	-		
265	95	O	19.41	C	-		
265	96	O	19.41	A	-		
265	97	O	19.41	G	-		
265	98	O	19.41	G	-		
265	99	O	19.41	A	-		
265	100	O	19.41	T	-		
265	101	O	19.41	T	-		
265	102	O	19.41	C	-		
265	103	O	19.41	G	-		
265	104	O	19.41	C	-		
265	105	O	19.41	G	-		
265	106	O	19.41	C	-		
265	107	O	19.41	A	-		
265	108	O	19.41	G	-		
265	109	O	19.41	G	-		
266	0	O	27.73	C	-		
266	1	O	27.73	C	-		
266	2	O	27.73	G	-		
266	3	O	27.73	A	-		
266	4	O	27.73	C	-		
266	5	O	27.73	G	-		
266	6	O	27.73	G	-		
266	7	O	27.73	C	-		
266	8	O	27.73	G	-		
266	9	O	27.73	C	-		
266	10	O	27.73	C	-		
266	11	O	27.73	C	-		
266	12	O	27.73	G	-		
266	13	O	27.73	G	-		
266	14	O	27.73	C	-		
266	15	O	27.73	T	-		
266	16	O	27.73	G	-		
266	17	O	27.73	G	-		
266	18	O	27.73	C	-		
266	19	O	27.73	C	-		
266	20	O	27.73	G	-		
266	21	O	27.73	C	-		
266	22	O	17.59	C	-		
266	23	O	27.73	A	-		
266	24	O	27.73	T	-		
266	25	O	27.73	T	-		
266	26	O	27.73	G	-		
266	27	O	27.73	G	-		
266	28	O	27.73	C	-		
266	29	O	27.73	G	-		
266	30	O	27.73	A	-		
266	31	O	17.59	A	-		
266	32	O	27.73	A	-		
266	33	O	27.73	A	-		
266	34	O	17.59	T	-		
266	35	O	27.73	G	-		
266	36	O	27.73	G	-		
266	37	O	27.73	A	-		
266	38	O	27.73	T	-		
266	39	O	27.73	T	-		
266	40	O	27.73	C	-		
266	41	O	27.73	G	-		
266	42	O	27.73	C	-		
266	43	O	27.73	G	-		
266	44	O	27.73	C	-		
266	45	O	27.73	G	-		
266	46	O	27.73	G	-		
266	47	O	27.73	A	-		
266	48	O	27.73	T	-		
266	49	O	27.73	A	-		
266	50	O	27.73	G	-		
266	51	O	27.73	G	-		
266	52	O	27.73	T	-		
266	53	O	27.73	G	-		
266	54	O	27.73	A	-		
266	55	O	27.73	G	-		
266	56	O	27.73	T	-		
266	57	O	27.73	A	-		
266	58	O	27.73	C	-		
266	59	O	27.73	T	-		
266	60	O	27.73	A	-		
266	61	O	27.73	G	-		
266	62	O	27.73	A	-		
266	63	O	27.73	T	-		
266	64	O	27.73	G	-		
266	65	O	27.73	C	-		
266	66	O	27.73	T	-		
266	67	O	27.73	C	-		
266	68	O	27.73	G	-		
266	69	O	27.73	T	-		
266	70	O	27.73	G	-		
266	71	O	27.73	A	-		
266	72	O	17.59	T	-		
266	73	O	27.73	G	-		
266	74	O	27.73	T	-		
266	75	O	27.73	A	-		
266	76	O	27.73	A	-		
266	77	O	27.73	T	-		
266	78	O	27.73	C	-		
266	79	O	27.73	G	-		
266	80	O	27.73	G	-		
266	81	O	27.73	A	-		
266	82	O	27.73	C	-		
266	83	O	27.73	G	-		
266	84	O	27.73	C	-		
266	85	O	27.73	T	-		
266	86	O	27.73	C	-		
266	87	O	27.73	C	-		
266	88	O	27.73	C	-		
266	89	O	27.73	G	-		
266	90	O	27.73	G	-		
266	91	O	27.73	T	-		
266	92	O	27.73	A	-		
266	93	O	27.73	A	-		
266	94	O	27.73	T	-		
266	95	O	27.73	C	-		
266	96	O	27.73	G	-		
266	97	O	27.73	T	-		
266	98	O	27.73	C	-		
266	99	O	27.73	G	-		
266	100	O	27.73	G	-		
266	101	O	27.73	C	-		
266	102	O	27.73	C	-		
266	103	O	27.73	G	-		
266	104	O	27.73	C	-		
266	105	O	27.73	G	-		
266	106	O	27.73	C	-		
266	107	O	27.73	G	-		
266	108	O	27.73	A	-		
266	109	O	27.73	A	-		
267	0	U	0.00	-	-		
267	1	U	0.00	-	-		
267	2	U	0.00	-	-		
267	3	U	0.00	-	-		
267	4	U	0.00	-	-		
267	5	U	0.00	-	-		
267	6	U	0.00	-	-		
267	7	U	0.00	-	-		
267	8	U	0.00	-	-		
267	9	U	0.00	-	-		
267	10	U	0.00	-	-		
267	11	U	0.00	-	-		
267	12	O	12.48	C	-		
267	13	O	12.48	G	-		
267	14	O	12.48	T	-		
267	15	O	12.48	G	-		
267	16	O	12.48	G	-		
267	17	O	12.48	A	-		
267	18	O	12.48	C	-		
267	19	O	12.48	T	-		
267	20	O	12.48	G	-		
267	21	O	12.48	C	-		
267	22	O	12.48	A	-		
267	23	O	12.48	T	-		
267	24	O	12.48	C	-		
267	25	O	12.48	T	-		
267	26	O	12.48	T	-		
267	27	O	12.48	G	-		
267	28	O	12.48	T	-		
267	29	O	12.48	A	-		
267	30	O	12.48	T	-		
267	31	O	12.48	C	-		
267	32	O	12.48	T	-		
267	33	O	12.48	G	-		
267	34	O	12.48	G	-		
267	35	O	12.48	C	-		
267	36	O	12.48	C	-		
267	37	O	12.48	G	-		
267	38	O	12.48	C	-		
267	39	O	12.48	T	-		
267	40	O	12.48	T	-		
267	41	O	12.48	C	-		
267	42	O	12.48	C	-		
267	43	O	12.48	G	-		
267	44	O	12.48	C	-		
267	45	O	12.48	T	-		
267	46	O	12.48	T	-		
267	47	O	12.48	T	-		
267	48	O	12.48	G	-		
267	49	O	12.48	T	-		
267	50	O	12.48	A	-		
267	51	O	12.48	C	-		
267	52	O	12.48	A	-		
267	53	O	12.48	G	-		
267	54	O	12.48	G	-		
267	55	O	12.48	G	-		
267	56	O	12.48	G	-		
267	57	O	12.48	A	-		
267	58	O	12.48	G	-		
267	59	O	12.48	A	-		
267	60	O	12.48	T	-		
267	61	O	12.48	G	-		
267	62	O	12.48	A	-		
267	63	O	12.48	G	-		
267	64	O	12.48	A	-		
267	65	O	12.48	C	-		
267	66	O	12.48	T	-		
267	67	O	12.48	A	-		
267	68	O	12.48	G	-		
267	69	O	12.48	C	-		
267	70	O	12.48	G	-		
267	71	O	12.48	C	-		
267	72	O	12.48	G	-		
267	73	O	12.48	G	-		
267	74	O	12.48	A	-		
267	75	O	12.48	A	-		
267	76	O	12.48	G	-		
267	77	O	12.48	T	-		
267	78	O	12.48	C	-		
267	79	O	12.48	C	-		
267	80	O	12.48	A	-		
267	81	O	12.48	C	-		
267	82	O	12.48	G	-		
267	83	O	12.48	T	-		
267	84	O	12.48	C	-		
267	85	O	12.48	G	-		
267	86	O	12.48	C	-		
267	87	O	12.48	A	-		
267	88	O	12.48	G	-		
267	89	O	12.48	C	-		
267	90	O	12.48	A	-		
267	91	O	12.48	G	-		
267	92	O	12.48	C	-		
267	93	O	12.48	C	-		
267	94	O	12.48	G	-		
267	95	O	12.48	T	-		
267	96	O	12.48	A	-		
267	97	O	12.48	C	-		
267	98	O	12.48	G	-		
267	99	O	12.48	A	-		
267	100	O	12.48	G	-		
267	101	O	12.48	T	-		
267	102	O	12.48	G	-		
267	103	O	12.48	A	-		
267	104	O	12.48	T	-		
267	105	O	12.48	T	-		
267	106	O	12.48	G	-		
267	107	O	12.48	G	-		
267	108	O	12.48	G	-		
267	109	O	12.48	C	-		
267	110	U	0.00	-	-		
267	111	U	0.00	-	-		
267	112	U	0.00	-	-		
267	113	U	0.00	-	-		
267	114	U	0.00	-	-		
267	115	U	0.00	-	-		
267	116	U	0.00	-	-		
267	117	U	0.00	-	-		
267	118	U	0.00	-	-		
267	119	U	0.00	-	-		
267	120	U	0.00	-	-		
267	121	U	0.00	-	-		
268	0	O	9.70	G	-		
268	1	O	9.70	G	-		
268	2	O	9.70	A	-		
268	3	O	9.70	T	-		
268	4	O	9.70	T	-		
268	5	O	9.70	T	-		
268	6	O	9.70	T	-		
268	7	O	9.70	T	-		
268	8	O	9.70	C	-		
268	9	O	9.70	G	-		
268	10	O	9.70	C	-		
268	11	O	9.70	A	-		
268	12	O	9.70	C	-		
268	13	O	9.70	G	-		
268	14	O	9.70	C	-		
268	15	O	9.70	A	-		
268	16	O	9.70	G	-		
268	17	O	9.70	C	-		
268	18	O	9.70	T	-		
268	19	O	9.70	G	-		
268	20	O	9.70	G	-		
268	21	O	9.70	G	-		
268	22	O	9.70	A	-		
268	23	O	9.70	G	-		
268	24	O	9.70	T	-		
268	25	O	9.70	T	-		
268	26	O	9.70	C	-		
268	27	O	9.70	A	-		
268	28	O	9.70	T	-		
268	29	O	9.70	G	-		
268	30	O	9.70	C	-		
268	31	O	9.70	G	-		
268	32	O	9.70	T	-		
268	33	O	9.70	A	-		
268	34	O	9.70	T	-		
268	35	O	9.70	C	-		
268	36	O	9.70	G	-		
268	37	O	9.70	G	-		
268	38	O	9.70	C	-		
268	39	O	9.70	A	-		
268	40	O	9.70	A	-		
268	41	O	9.70	A	-		
268	42	O	9.70	C	-		
268	43	O	9.70	A	-		
268	44	O	9.70	G	-		
268	45	O	9.70	A	-		
268	46	O	9.70	G	-		
268	47	O	9.70	G	-		
268	48	O	9.70	C	-		
268	49	O	9.70	G	-		
268	50	O	9.70	C	-		
268	51	O	9.70	T	-		
268	52	O	9.70	C	-		
268	53	O	9.70	G	-		
268	54	O	9.70	C	-		
268	55	O	9.70	T	-		
268	56	O	9.70	T	-		
268	57	O	9.70	G	-		
268	58	O	9.70	A	-		
268	59	O	9.70	G	-		
268	60	O	9.70	A	-		
268	61	O	9.70	G	-		
268	62	O	9.70	C	-		
268	63	O	9.70	G	-		
268	64	O	9.70	G	-		
268	65	O	9.70	A	-		
268	66	O	9.70	C	-		
268	67	O	9.70	T	-		
268	68	O	9.70	T	-		
268	69	O	9.70	G	-		
268	70	O	9.70	G	-		
268	71	O	9.70	A	-		
268	72	O	9.70	A	-		
268	73	O	9.70	A	-		
268	74	O	9.70	T	-		
268	75	O	9.70	G	-		
268	76	O	9.70	C	-		
268	77	O	9.70	G	-		
268	78	O	9.70	A	-		
268	79	O	9.70	C	-		
268	80	O	9.70	T	-		
268	81	O	9.70	G	-		
268	82	O	9.70	A	-		
268	83	O	9.70	T	-		
268	84	O	9.70	G	-		
268	85	O	9.70	T	-		
268	86	O	9.70	G	-		
268	87	O	9.70	T	-		
268	88	O	9.70	G	-		
268	89	O	9.70	G	-		
268	90	O	9.70	C	-		
268	91	O	9.70	G	-		
268	92	O	9.70	A	-		
268	93	O	9.70	A	-		
268	94	O	9.70	C	-		
268	95	O	9.70	A	-		
268	96	O	9.70	T	-		
268	97	O	9.70	G	-		
268	98	O	9.70	A	-		
268	99	O	9.70	A	-		
268	100	O	9.70	C	-		
268	101	O	9.70	G	-		
268	102	O	9.70	C	-		
268	103	O	9.70	G	-		
268	104	O	9.70	A	-		
268	105	O	9.70	G	-		
268	106	O	9.70	C	-		
268	107	O	9.70	A	-		
268	108	O	9.70	A	-		
268	109	O	9.70	T	-		
269	0	O	5.55	A	-		
269	1	O	5.55	T	-		
269	2	O	5.55	C	-		
269	3	O	5.55	A	-		
269	4	O	5.55	G	-		
269	5	O	5.55	G	-		
269	6	O	5.55	T	-		
269	7	O	5.55	A	-		
269	8	O	5.55	T	-		
269	9	O	5.55	G	-		
269	10	O	5.55	C	-		
269	11	O	5.55	A	-		
269	12	O	5.55	G	-		
269	13	O	5.55	A	-		
269	14	O	5.55	A	-		
269	15	O	5.55	A	-		
269	16	O	5.55	A	-		
269	17	O	5.55	T	-		
269	18	O	5.55	T	-		
269	19	O	5.55	A	-		
269	20	O	5.55	G	-		
269	21	O	5.55	A	-		
269	22	O	5.55	A	-		
269	23	O	5.55	C	-		
269	24	O	5.55	A	-		
269	25	O	5.55	T	-		
269	26	O	5.55	G	-		
269	27	O	5.55	G	-		
269	28	O	5.55	G	-		
269	29	O	5.55	G	-		
269	30	O	5.55	A	-		
269	31	O	5.55	A	-		
269	32	O	5.55	A	-		
269	33	O	5.55	A	-		
269	34	O	5.55	G	-		
269	35	O	5.55	A	-		
269	36	O	5.55	G	-		
269	37	O	5.55	A	-		
269	38	O	5.55	A	-		
269	39	O	5.55	A	-		
269	40	O	5.55	A	-		
269	41	O	5.55	A	-		
269	42	O	5.55	A	-		
269	43	O	5.55	T	-		
269	44	O	5.55	T	-		
269	45	O	5.55	G	-		
269	46	O	5.55	A	-		
269	47	O	5.55	A	-		
269	48	O	5.55	C	-		
269	49	O	5.55	C	-		
269	50	O	5.55	C	-		
269	51	O	5.55	T	-		
269	52	O	5.55	T	-		
269	53	O	5.55	T	-		
269	54	O	5.55	C	-		
269	55	O	5.55	T	-		
269	56	O	5.55	T	-		
269	57	O	5.55	A	-		
269	58	O	5.55	T	-		
269	59	O	5.55	T	-		
269	60	O	5.55	T	-		
269	61	O	5.55	T	-		
269	62	O	5.55	A	-		
269	63	O	5.55	G	-		
269	64	O	5.55	A	-		
269	65	O	5.55	G	-		
269	66	O	5.55	A	-		
269	67	O	5.55	A	-		
269	68	O	5.55	C	-		
269	69	O	5.55	A	-		
269	70	O	5.55	G	-		
269	71	O	5.55	G	-		
269	72	O	5.55	T	-		
269	73	O	5.55	A	-		
269	74	O	5.55	T	-		
269	75	O	5.55	A	-		
269	76	O	5.55	A	-		
269	77	O	5.55	A	-		
269	78	O	5.55	A	-		
269	79	O	5.55	C	-		
269	80	O	5.55	T	-		
269	81	O	5.55	C	-		
269	82	O	5.55	A	-		
269	83	O	5.55	C	-		
269	84	O	5.55	C	-		
269	85	O	5.55	C	-		
269	86	O	5.55	A	-		
269	87	O	5.55	G	-		
269	88	O	5.55	G	-		
269	89	O	5.55	A	-		
269	90	O	5.55	A	-		
269	91	O	5.55	A	-		
269	92	O	5.55	G	-		
269	93	O	5.55	A	-		
269	94	O	5.55	G	-		
269	95	O	5.55	G	-		
269	96	O	5.55	T	-		
269	97	O	5.55	A	-		
269	98	O	5.55	C	-		
269	99	O	5.55	A	-		
269	100	O	5.55	T	-		
269	101	O	5.55	G	-		
269	102	O	5.55	T	-		
269	103	O	5.55	T	-		
269	104	O	5.55	G	-		
269	105	O	5.55	T	-		
269	106	O	5.55	T	-		
269	107	O	5.55	G	-		
269	108	O	5.55	C	-		
269	109	O	5.55	C	-		
270	0	O	5.55	A	-		
270	1	O	5.55	G	-		
270	2	O	5.55	T	-		
270	3	O	5.55	C	-		
270	4	O	5.55	A	-		
270	5	O	5.55	T	-		
270	6	O	5.55	C	-		
270	7	O	5.55	C	-		
270	8	O	5.55	T	-		
270	9	O	5.55	C	-		
270	10	O	5.55	G	-		
270	11	O	5.55	T	-		
270	12	O	5.55	G	-		
270	13	O	5.55	C	-		
270	14	O	5.55	T	-		
270	15	O	5.55	G	-		
270	16	O	5.55	G	-		
270	17	O	5.55	G	-		
270	18	O	5.55	C	-		
270	19	O	5.55	A	-		
270	20	O	5.55	T	-		
270	21	O	5.55	G	-		
270	22	O	5.55	C	-		
270	23	O	5.55	A	-		
270	24	O	5.55	C	-		
270	25	O	5.55	A	-		
270	26	O	5.55	A	-		
270	27	O	5.55	C	-		
270	28	O	5.55	T	-		
270	29	O	5.55	C	-		
270	30	O	5.55	A	-		
270	31	O	5.55	T	-		
270	32	O	5.55	G	-		
270	33	O	5.55	A	-		
270	34	O	5.55	A	-		
270	35	O	5.55	T	-		
270	36	O	5.55	C	-		
270	37	O	5.55	C	-		
270	38	O	5.55	G	-		
270	39	O	5.55	C	-		
270	40	O	5.55	A	-		
270	41	O	5.55	G	-		
270	42	O	5.55	A	-		
270	43	O	5.55	G	-		
270	44	O	5.55	A	-		
270	45	O	5.55	C	-		
270	46	O	5.55	T	-		
270	47	O	5.55	T	-		
270	48	O	5.55	C	-		
270	49	O	5.55	A	-		
270	50	O	5.55	C	-		
270	51	O	5.55	C	-		
270	52	O	5.55	T	-		
270	53	O	5.55	C	-		
270	54	O	5.55	T	-		
270	55	O	5.55	C	-		
270	56	O	5.55	T	-		
270	57	O	5.55	T	-		
270	58	O	5.55	T	-		
270	59	O	5.55	G	-		
270	60	O	5.55	T	-		
270	61	O	5.55	T	-		
270	62	O	5.55	C	-		
270	63	O	5.55	C	-		
270	64	O	5.55	C	-		
270	65	O	5.55	A	-		
270	66	O	5.55	A	-		
270	67	O	5.55	C	-		
270	68	O	5.55	A	-		
270	69	O	5.55	C	-		
270	70	O	5.55	A	-		
270	71	O	5.55	T	-		
270	72	O	5.55	C	-		
270	73	O	5.55	G	-		
270	74	O	5.55	T	-		
270	75	O	5.55	G	-		
270	76	O	5.55	A	-		
270	77	O	5.55	T	-		
270	78	O	5.55	T	-		
270	79	O	5.55	T	-		
270	80	O	5.55	C	-		
270	81	O	5.55	C	-		
270	82	O	5.55	T	-		
270	83	O	5.55	T	-		
270	84	O	5.55	G	-		
270	85	O	5.55	T	-		
270	86	O	5.55	T	-		
270	87	O	5.55	T	-		
270	88	O	5.55	C	-		
270	89	O	5.55	A	-		
270	90	O	5.55	T	-		
270	91	O	5.55	T	-		
270	92	O	5.55	T	-		
270	93	O	5.55	T	-		
270	94	O	5.55	C	-		
270	95	O	5.55	T	-		
270	96	O	5.55	T	-		
270	97	O	5.55	T	-		
270	98	O	5.55	T	-		
270	99	O	5.55	G	-		
270	100	O	5.55	C	-		
270	101	O	5.55	T	-		
270	102	O	5.55	T	-		
270	103	O	5.55	C	-		
270	104	O	5.55	T	-		
270	105	O	5.55	T	-		
270	106	O	5.55	C	-		
270	107	O	5.55	G	-		
270	108	O	5.55	A	-		
270	109	O	5.55	C	-		
271	0	O	5.55	A	-		
271	1	O	5.55	G	-		
271	2	O	5.55	C	-		
271	3	O	5.55	A	-		
271	4	O	5.55	G	-		
271	5	O	5.55	G	-		
271	6	O	5.55	T	-		
271	7	O	5.55	G	-		
271	8	O	5.55	T	-		
271	9	O	5.55	A	-		
271	10	O	5.55	C	-		
271	11	O	5.55	C	-		
271	12	O	5.55	T	-		
271	13	O	5.55	T	-		
271	14	O	5.55	G	-		
271	15	O	5.55	T	-		
271	16	O	5.55	G	-		
271	17	O	5.55	C	-		
271	18	O	5.55	T	-		
271	19	O	5.55	G	-		
271	20	O	5.55	G	-		
271	21	O	5.55	G	-		
271	22	O	5.55	G	-		
271	23	O	5.55	A	-		
271	24	O	5.55	C	-		
271	25	O	5.55	A	-		
271	26	O	5.55	A	-		
271	27	O	5.55	T	-		
271	28	O	5.55	A	-		
271	29	O	5.55	A	-		
271	30	O	5.55	A	-		
271	31	O	5.55	A	-		
271	32	O	5.55	G	-		
271	33	O	5.55	G	-		
271	34	O	5.55	C	-		
271	35	O	5.55	T	-		
271	36	O	5.55	G	-		
271	37	O	5.55	C	-		
271	38	O	5.55	T	-		
271	39	O	5.55	C	-		
271	40	O	5.55	T	-		
271	41	O	5.55	A	-		
271	42	O	5.55	A	-		
271	43	O	5.55	A	-		
271	44	O	5.55	A	-		
271	45	O	5.55	T	-		
271	46	O	5.55	G	-		
271	47	O	5.55	T	-		
271	48	O	5.55	G	-		
271	49	O	5.55	C	-		
271	50	O	5.55	A	-		
271	51	O	5.55	G	-		
271	52	O	5.55	T	-		
271	53	O	5.55	T	-		
271	54	O	5.55	T	-		
271	55	O	5.55	T	-		
271	56	O	5.55	G	-		
271	57	O	5.55	T	-		
271	58	O	5.55	T	-		
271	59	O	5.55	A	-		
271	60	O	5.55	C	-		
271	61	O	5.55	A	-		
271	62	O	5.55	C	-		
271	63	O	5.55	A	-		
271	64	O	5.55	A	-		
271	65	O	5.55	C	-		
271	66	O	5.55	A	-		
271	67	O	5.55	C	-		
271	68	O	5.55	A	-		
271	69	O	5.55	A	-		
271	70	O	5.55	T	-		
271	71	O	5.55	G	-		
271	72	O	5.55	C	-		
271	73	O	5.55	C	-		
271	74	O	5.55	A	-		
271	75	O	5.55	C	-		
271	76	O	5.55	A	-		
271	77	O	5.55	G	-		
271	78	O	5.55	A	-		
271	79	O	5.55	T	-		
271	80	O	5.55	G	-		
271	81	O	5.55	T	-		
271	82	O	5.55	C	-		
271	83	O	5.55	T	-		
271	84	O	5.55	C	-		
271	85	O	5.55	A	-		
271	86	O	5.55	A	-		
271	87	O	5.55	T	-		
271	88	O	5.55	T	-		
271	89	O	5.55	T	-		
271	90	O	5.55	T	-		
271	91	O	5.55	T	-		
271	92	O	5.55	G	-		
271	93	O	5.55	A	-		
271	94	O	5.55	G	-		
271	95	O	5.55	G	-		
271	96	O	5.55	G	-		
271	97	O	5.55	A	-		
271	98	O	5.55	G	-		
271	99	O	5.55	T	-		
271	100	O	5.55	G	-		
271	101	O	5.55	T	-		
271	102	O	5.55	T	-		
271	103	O	5.55	C	-		
271	104	O	5.55	A	-		
271	105	O	5.55	A	-		
271	106	O	5.55	T	-		
271	107	O	5.55	T	-		
271	108	O	5.55	G	-		
271	109	O	5.55	G	-		
272	0	O	6.93	T	-		
272	1	O	6.93	A	-		
272	2	O	6.93	C	-		
272	3	O	6.93	A	-		
272	4	O	6.93	C	-		
272	5	O	6.93	A	-		
272	6	O	6.93	C	-		
272	7	O	6.93	C	-		
272	8	O	6.93	C	-		
272	9	O	6.93	A	-		
272	10	O	6.93	C	-		
272	11	O	6.93	A	-		
272	12	O	6.93	G	-		
272	13	O	6.93	A	-		
272	14	O	6.93	C	-		
272	15	O	6.93	G	-		
272	16	O	6.93	C	-		
272	17	O	6.93	C	-		
272	18	O	6.93	C	-		
272	19	O	6.93	G	-		
272	20	O	6.93	T	-		
272	21	O	6.93	G	-		
272	22	O	6.93	T	-		
272	23	O	6.93	T	-		
272	24	O	6.93	G	-		
272	25	O	6.93	T	-		
272	26	O	6.93	G	-		
272	27	O	6.93	G	-		
272	28	O	6.93	G	-		
272	29	O	6.93	T	-		
272	30	O	6.93	G	-		
272	31	O	6.93	A	-		
272	32	O	6.93	A	-		
272	33	O	6.93	A	-		
272	34	O	6.93	T	-		
272	35	O	6.93	A	-		
272	36	O	6.93	G	-		
272	37	O	6.93	G	-		
272	38	O	6.93	C	-		
272	39	O	6.93	C	-		
272	40	O	6.93	A	-		
272	41	O	6.93	T	-		
272	42	O	6.93	T	-		
272	43	O	6.93	C	-		
272	44	O	6.93	T	-		
272	45	O	6.93	G	-		
272	46	O	6.93	T	-		
272	47	O	6.93	T	-		
272	48	O	6.93	A	-		
272	49	O	6.93	G	-		
272	50	O	6.93	C	-		
272	51	O	6.93	T	-		
272	52	O	6.93	G	-		
272	53	O	6.93	A	-		
272	54	O	6.93	A	-		
272	55	O	6.93	T	-		
272	56	O	6.93	C	-		
272	57	O	6.93	A	-		
272	58	O	6.93	T	-		
272	59	O	6.93	T	-		
272	60	O	6.93	T	-		
272	61	O	6.93	T	-		
272	62	O	6.93	C	-		
272	63	O	6.93	C	-		
272	64	O	6.93	A	-		
272	65	O	6.93	T	-		
272	66	O	6.93	C	-		
272	67	O	6.93	C	-		
272	68	O	6.93	T	-		
272	69	O	6.93	C	-		
272	70	O	6.93	C	-		
272	71	O	6.93	A	-		
272	72	O	6.93	A	-		
272	73	O	6.93	T	-		
272	74	O	6.93	A	-		
272	75	O	6.93	T	-		
272	76	O	6.93	A	-		
272	77	O	6.93	T	-		
272	78	O	6.93	C	-		
272	79	O	6.93	C	-		
272	80	O	6.93	G	-		
272	81	O	6.93	A	-		
272	82	O	6.93	C	-		
272	83	O	6.93	T	-		
272	84	O	6.93	A	-		
272	85	O	6.93	T	-		
272	86	O	6.93	C	-		
272	87	O	6.93	T	-		
272	88	O	6.93	T	-		
272	89	O	6.93	T	-		
272	90	O	6.93	C	-		
272	91	O	6.93	A	-		
272	92	O	6.93	C	-		
272	93	O	6.93	C	-		
272	94	O	6.93	C	-		
272	95	O	6.93	C	-		
272	96	O	6.93	A	-		
272	97	O	6.93	C	-		
272	98	O	6.93	T	-		
272	99	O	6.93	C	-		
272	100	O	6.93	G	-		
272	101	O	6.93	A	-		
272	102	O	6.93	C	-		
272	103	O	6.93	A	-		
272	104	O	6.93	T	-		
272	105	O	6.93	C	-		
272	106	O	6.93	G	-		
272	107	O	6.93	C	-		
272	108	O	6.93	A	-		
272	109	O	6.93	A	-		
273	0	O	6.93	T	-		
273	1	O	6.93	T	-		
273	2	O	6.93	G	-		
273	3	O	6.93	A	-		
273	4	O	6.93	A	-		
273	5	O	6.93	G	-		
273	6	O	6.93	G	-		
273	7	O	6.93	A	-		
273	8	O	6.93	A	-		
273	9	O	6.93	A	-		
273	10	O	6.93	T	-		
273	11	O	6.93	G	-		
273	12	O	6.93	A	-		
273	13	O	6.93	A	-		
273	14	O	6.93	A	-		
273	15	O	6.93	T	-		
273	16	O	6.93	G	-		
273	17	O	6.93	G	-		
273	18	O	6.93	G	-		
273	19	O	6.93	T	-		
273	20	O	6.93	C	-		
273	21	O	6.93	C	-		
273	22	O	6.93	A	-		
273	23	O	6.93	C	-		
273	24	O	6.93	C	-		
273	25	O	6.93	C	-		
273	26	O	6.93	T	-		
273	27	O	6.93	G	-		
273	28	O	6.93	A	-		
273	29	O	6.93	G	-		
273	30	O	6.93	A	-		
273	31	O	6.93	A	-		
273	32	O	6.93	G	-		
273	33	O	6.93	G	-		
273	34	O	6.93	A	-		
273	35	O	6.93	T	-		
273	36	O	6.93	T	-		
273	37	O	6.93	A	-		
273	38	O	6.93	A	-		
273	39	O	6.93	C	-		
273	40	O	6.93	T	-		
273	41	O	6.93	A	-		
273	42	O	6.93	A	-		
273	43	O	6.93	G	-		
273	44	O	6.93	A	-		
273	45	O	6.93	A	-		
273	46	O	6.93	A	-		
273	47	O	6.93	A	-		
273	48	O	6.93	T	-		
273	49	O	6.93	T	-		
273	50	O	6.93	G	-		
273	51	O	6.93	T	-		
273	52	O	6.93	T	-		
273	53	O	6.93	A	-		
273	54	O	6.93	T	-		
273	55	O	6.93	G	-		
273	56	O	6.93	A	-		
273	57	O	6.93	C	-		
273	58	O	6.93	G	-		
273	59	O	6.93	A	-		
273	60	O	6.93	C	-		
273	61	O	6.93	C	-		
273	62	O	6.93	G	-		
273	63	O	6.93	A	-		
273	64	O	6.93	T	-		
273	65	O	6.93	C	-		
273	66	O	6.93	T	-		
273	67	O	6.93	G	-		
273	68	O	6.93	C	-		
273	69	O	6.93	A	-		
273	70	O	6.93	A	-		
273	71	O	6.93	G	-		
273	72	O	6.93	G	-		
273	73	O	6.93	C	-		
273	74	O	6.93	A	-		
273	75	O	6.93	C	-		
273	76	O	6.93	T	-		
273	77	O	6.93	A	-		
273	78	O	6.93	G	-		
273	79	O	6.93	C	-		
273	80	O	6.93	G	-		
273	81	O	6.93	G	-		
273	82	O	6.93	A	-		
273	83	O	6.93	A	-		
273	84	O	6.93	T	-		
273	85	O	6.93	G	-		
273	86	O	6.93	A	-		
273	87	O	6.93	A	-		
273	88	O	6.93	A	-		
273	89	O	6.93	A	-		
273	90	O	6.93	T	-		
273	91	O	6.93	C	-		
273	92	O	6.93	T	-		
273	93	O	6.93	G	-		
273	94	O	6.93	G	-		
273	95	O	6.93	C	-		
273	96	O	6.93	A	-		
273	97	O	6.93	C	-		
273	98	O	6.93	G	-		
273	99	O	6.93	G	-		
273	100	O	6.93	T	-		
273	101	O	6.93	T	-		
273	102	O	6.93	A	-		
273	103	O	6.93	G	-		
273	104	O	6.93	A	-		
273	105	O	6.93	T	-		
273	106	O	6.93	T	-		
273	107	O	6.93	G	-		
273	108	O	6.93	A	-		
273	109	O	6.93	C	-		
274	0	O	6.93	A	-		
274	1	O	6.93	G	-		
274	2	O	6.93	C	-		
274	3	O	6.93	G	-		
274	4	O	6.93	T	-		
274	5	O	6.93	A	-		
274	6	O	6.93	T	-		
274	7	O	6.93	G	-		
274	8	O	6.93	G	-		
274	9	O	6.93	G	-		
274	10	O	6.93	T	-		
274	11	O	6.93	C	-		
274	12	O	6.93	C	-		
274	13	O	6.93	G	-		
274	14	O	6.93	G	-		
274	15	O	6.93	G	-		
274	16	O	6.93	T	-		
274	17	O	6.93	T	-		
274	18	O	6.93	A	-		
274	19	O	6.93	A	-		
274	20	O	6.93	A	-		
274	21	O	6.93	A	-		
274	22	O	6.93	A	-		
274	23	O	6.93	A	-		
274	24	O	6.93	C	-		
274	25	O	6.93	C	-		
274	26	O	6.93	A	-		
274	27	O	6.93	A	-		
274	28	O	6.93	C	-		
274	29	O	6.93	A	-		
274	30	O	6.93	T	-		
274	31	O	6.93	C	-		
274	32	O	6.93	T	-		
274	33	O	6.93	C	-		
274	34	O	6.93	G	-		
274	35	O	6.93	A	-		
274	36	O	6.93	C	-		
274	37	O	6.93	T	-		
274	38	O	6.93	T	-		
274	39	O	6.93	C	-		
274	40	O	6.93	T	-		
274	41	O	6.93	C	-		
274	42	O	6.93	T	-		
274	43	O	6.93	T	-		
274	44	O	6.93	G	-		
274	45	O	6.93	A	-		
274	46	O	6.93	C	-		
274	47	O	6.93	C	-		
274	48	O	6.93	G	-		
274	49	O	6.93	G	-		
274	50	O	6.93	C	-		
274	51	O	6.93	T	-		
274	52	O	6.93	G	-		
274	53	O	6.93	G	-		
274	54	O	6.93	A	-		
274	55	O	6.93	T	-		
274	56	O	6.93	T	-		
274	57	O	6.93	G	-		
274	58	O	6.93	A	-		
274	59	O	6.93	A	-		
274	60	O	6.93	C	-		
274	61	O	6.93	A	-		
274	62	O	6.93	A	-		
274	63	O	6.93	C	-		
274	64	O	6.93	T	-		
274	65	O	6.93	C	-		
274	66	O	6.93	A	-		
274	67	O	6.93	C	-		
274	68	O	6.93	A	-		
274	69	O	6.93	T	-		
274	70	O	6.93	T	-		
274	71	O	6.93	A	-		
274	72	O	6.93	C	-		
274	73	O	6.93	A	-		
274	74	O	6.93	A	-		
274	75	O	6.93	T	-		
274	76	O	6.93	T	-		
274	77	O	6.93	A	-		
274	78	O	6.93	T	-		
274	79	O	6.93	C	-		
274	80	O	6.93	A	-		
274	81	O	6.93	C	-		
274	82	O	6.93	A	-		
274	83	O	6.93	C	-		
274	84	O	6.93	T	-		
274	85	O	6.93	T	-		
274	86	O	6.93	C	-		
274	87	O	6.93	T	-		
274	88	O	6.93	G	-		
274	89	O	6.93	T	-		
274	90	O	6.93	T	-		
274	91	O	6.93	G	-		
274	92	O	6.93	C	-		
274	93	O	6.93	T	-		
274	94	O	6.93	T	-		
274	95	O	6.93	G	-		
274	96	O	6.93	C	-		
274	97	O	6.93	A	-		
274	98	O	6.93	C	-		
274	99	O	6.93	T	-		
274	100	O	6.93	A	-		
274	101	O	6.93	C	-		
274	102	O	6.93	C	-		
274	103	O	6.93	A	-		
274	104	O	6.93	T	-		
274	105	O	6.93	T	-		
274	106	O	6.93	C	-		
274	107	O	6.93	A	-		
274	108	O	6.93	G	-		
274	109	O	6.93	G	-		
275	0	O	5.55	G	-		
275	1	O	5.55	T	-		
275	2	O	5.55	C	-		
275	3	O	5.55	C	-		
275	4	O	5.55	A	-		
275	5	O	5.55	C	-		
275	6	O	5.55	T	-		
275	7	O	5.55	C	-		
275	8	O	5.55	A	-		
275	9	O	5.55	A	-		
275	10	O	5.55	T	-		
275	11	O	5.55	A	-		
275	12	O	5.55	C	-		
275	13	O	5.55	C	-		
275	14	O	5.55	C	-		
275	15	O	5.55	T	-		
275	16	O	5.55	C	-		
275	17	O	5.55	A	-		
275	18	O	5.55	A	-		
275	19	O	5.55	G	-		
275	20	O	5.55	C	-		
275	21	O	5.55	A	-		
275	22	O	5.55	G	-		
275	23	O	5.55	C	-		
275	24	O	5.55	A	-		
275	25	O	5.55	A	-		
275	26	O	5.55	G	-		
275	27	O	5.55	C	-		
275	28	O	5.55	A	-		
275	29	O	5.55	G	-		
275	30	O	5.55	A	-		
275	31	O	5.55	G	-		
275	32	O	5.55	A	-		
275	33	O	5.55	C	-		
275	34	O	5.55	C	-		
275	35	O	5.55	A	-		
275	36	O	5.55	G	-		
275	37	O	5.55	A	-		
275	38	O	5.55	A	-		
275	39	O	5.55	G	-		
275	40	O	5.55	C	-		
275	41	O	5.55	T	-		
275	42	O	5.55	C	-		
275	43	O	5.55	A	-		
275	44	O	5.55	A	-		
275	45	O	5.55	G	-		
275	46	O	5.55	G	-		
275	47	O	5.55	A	-		
275	48	O	5.55	C	-		
275	49	O	5.55	G	-		
275	50	O	5.55	G	-		
275	51	O	5.55	A	-		
275	52	O	5.55	A	-		
275	53	O	5.55	G	-		
275	54	O	5.55	T	-		
275	55	O	5.55	G	-		
275	56	O	5.55	T	-		
275	57	O	5.55	C	-		
275	58	O	5.55	G	-		
275	59	O	5.55	A	-		
275	60	O	5.55	C	-		
275	61	O	5.55	C	-		
275	62	O	5.55	A	-		
275	63	O	5.55	T	-		
275	64	O	5.55	C	-		
275	65	O	5.55	G	-		
275	66	O	5.55	G	-		
275	67	O	5.55	T	-		
275	68	O	5.55	G	-		
275	69	O	5.55	A	-		
275	70	O	5.55	T	-		
275	71	O	5.55	A	-		
275	72	O	5.55	C	-		
275	73	O	5.55	A	-		
275	74	O	5.55	A	-		
275	75	O	5.55	G	-		
275	76	O	5.55	C	-		
275	77	O	5.55	C	-		
275	78	O	5.55	A	-		
275	79	O	5.55	G	-		
275	80	O	5.55	G	-		
275	81	O	5.55	C	-		
275	82	O	5.55	A	-		
275	83	O	5.55	A	-		
275	84	O	5.55	T	-		
275	85	O	5.55	G	-		
275	86	O	5.55	G	-		
275	87	O	5.55	G	-		
275	88	O	5.55	A	-		
275	89	O	5.55	G	-		
275	90	O	5.55	G	-		
275	91	O	5.55	C	-		
275	92	O	5.55	T	-		
275	93	O	5.55	C	-		
275	94	O	5.55	T	-		
275	95	O	5.55	G	-		
275	96	O	5.55	G	-		
275	97	O	5.55	A	-		
275	98	O	5.55	G	-		
275	99	O	5.55	G	-		
275	100	O	5.55	C	-		
275	101	O	5.55	T	-		
275	102	O	5.55	C	-		
275	103	O	5.55	C	-		
275	104	O	5.55	G	-		
275	105	O	5.55	G	-		
275	106	O	5.55	C	-		
275	107	O	5.55	T	-		
275	108	O	5.55	T	-		
275	109	O	5.55	G	-		
276	0	O	15.25	G	-		
276	1	O	15.25	G	-		
276	2	O	15.25	T	-		
276	3	O	15.25	G	-		
276	4	O	15.25	G	-		
276	5	O	15.25	G	-		
276	6	O	15.25	C	-		
276	7	O	15.25	A	-		
276	8	O	15.25	T	-		
276	9	O	15.25	C	-		
276	10	O	15.25	C	-		
276	11	O	15.25	C	-		
276	12	O	15.25	C	-		
276	13	O	15.25	A	-		
276	14	O	15.25	G	-		
276	15	O	15.25	G	-		
276	16	O	15.25	A	-		
276	17	O	15.25	T	-		
276	18	O	15.25	A	-		
276	19	O	15.25	G	-		
276	20	O	6.35	T	-		
276	21	O	15.25	T	-		
276	22	O	15.25	G	-		
276	23	O	15.25	T	-		
276	24	O	15.25	C	-		
276	25	O	15.25	T	-		
276	26	O	15.25	G	-		
276	27	O	15.25	T	-		
276	28	O	15.25	A	-		
276	29	O	15.25	G	-		
276	30	O	15.25	A	-		
276	31	O	15.25	G	-		
276	32	O	6.35	G	-		
276	33	O	15.25	G	-		
276	34	O	15.25	C	-		
276	35	O	15.25	G	-		
276	36	O	15.25	C	-		
276	37	O	15.25	C	-		
276	38	O	15.25	C	-		
276	39	O	15.25	C	-		
276	40	O	15.25	A	-		
276	41	O	15.25	T	-		
276	42	O	15.25	G	-		
276	43	O	15.25	C	-		
276	44	O	15.25	C	-		
276	45	O	15.25	G	-		
276	46	O	15.25	C	-		
276	47	O	15.25	T	-		
276	48	O	15.25	T	-		
276	49	O	15.25	A	-		
276	50	O	15.25	C	-		
276	51	O	15.25	G	-		
276	52	O	15.25	A	-		
276	53	O	15.25	A	-		
276	54	O	15.25	A	-		
276	55	O	15.25	A	-		
276	56	O	15.25	A	-		
276	57	O	15.25	A	-		
276	58	O	15.25	A	-		
276	59	O	15.25	A	-		
276	60	O	15.25	A	-		
276	61	O	15.25	C	-		
276	62	O	15.25	T	-		
276	63	O	15.25	C	-		
276	64	O	15.25	A	-		
276	65	O	15.25	T	-		
276	66	O	15.25	T	-		
276	67	O	15.25	T	-		
276	68	O	15.25	T	-		
276	69	O	15.25	A	-		
276	70	O	15.25	A	-		
276	71	O	15.25	A	-		
276	72	O	15.25	A	-		
276	73	O	15.25	A	-		
276	74	O	15.25	T	-		
276	75	O	15.25	C	-		
276	76	O	15.25	A	-		
276	77	O	15.25	C	-		
276	78	O	15.25	A	-		
276	79	O	15.25	G	-		
276	80	O	15.25	T	-		
276	81	O	15.25	T	-		
276	82	O	15.25	A	-		
276	83	O	15.25	A	-		
276	84	O	15.25	G	-		
276	85	O	15.25	C	-		
276	86	O	6.35	T	-		
276	87	O	15.25	C	-		
276	88	O	15.25	T	-		
276	89	O	15.25	G	-		
276	90	O	15.25	T	-		
276	91	O	15.25	A	-		
276	92	O	15.25	A	-		
276	93	O	15.25	A	-		
276	94	O	15.25	T	-		
276	95	O	15.25	T	-		
276	96	O	15.25	T	-		
276	97	O	15.25	T	-		
276	98	O	15.25	C	-		
276	99	O	15.25	T	-		
276	100	O	15.25	T	-		
276	101	O	15.25	T	-		
276	102	O	15.25	T	-		
276	103	O	15.25	C	-		
276	104	O	6.35	A	-		
276	105	O	15.25	T	-		
276	106	O	15.25	G	-		
276	107	O	15.25	G	-		
276	108	O	15.25	A	-		
276	109	O	15.25	T	-		
277	0	O	5.55	T	-		
277	1	O	5.55	G	-		
277	2	O	5.55	G	-		
277	3	O	5.55	T	-		
277	4	O	5.55	C	-		
277	5	O	5.55	C	-		
277	6	O	5.55	C	-		
277	7	O	5.55	T	-		
277	8	O	5.55	T	-		
277	9	O	5.55	C	-		
277	10	O	5.55	C	-		
277	11	O	5.55	C	-		
277	12	O	5.55	A	-		
277	13	O	5.55	G	-		
277	14	O	5.55	A	-		
277	15	O	5.55	A	-		
277	16	O	5.55	T	-		
277	17	O	5.55	G	-		
277	18	O	5.55	C	-		
277	19	O	5.55	C	-		
277	20	O	5.55	G	-		
277	21	O	5.55	T	-		
277	22	O	5.55	G	-		
277	23	O	5.55	C	-		
277	24	O	5.55	C	-		
277	25	O	5.55	A	-		
277	26	O	5.55	T	-		
277	27	O	5.55	T	-		
277	28	O	5.55	G	-		
277	29	O	5.55	G	-		
277	30	O	5.55	A	-		
277	31	O	5.55	G	-		
277	32	O	5.55	G	-		
277	33	O	5.55	A	-		
277	34	O	5.55	A	-		
277	35	O	5.55	A	-		
277	36	O	5.55	G	-		
277	37	O	5.55	C	-		
277	38	O	5.55	C	-		
277	39	O	5.55	G	-		
277	40	O	5.55	T	-		
277	41	O	5.55	G	-		
277	42	O	5.55	A	-		
277	43	O	5.55	T	-		
277	44	O	5.55	T	-		
277	45	O	5.55	G	-		
277	46	O	5.55	C	-		
277	47	O	5.55	A	-		
277	48	O	5.55	G	-		
277	49	O	5.55	C	-		
277	50	O	5.55	T	-		
277	51	O	5.55	G	-		
277	52	O	5.55	G	-		
277	53	O	5.55	G	-		
277	54	O	5.55	C	-		
277	55	O	5.55	A	-		
277	56	O	5.55	C	-		
277	57	O	5.55	C	-		
277	58	O	5.55	C	-		
277	59	O	5.55	A	-		
277	60	O	5.55	T	-		
277	61	O	5.55	T	-		
277	62	O	5.55	T	-		
277	63	O	5.55	T	-		
277	64	O	5.55	T	-		
277	65	O	5.55	G	-		
277	66	O	5.55	T	-		
277	67	O	5.55	T	-		
277	68	O	5.55	A	-		
277	69	O	5.55	G	-		
277	70	O	5.55	G	-		
277	71	O	5.55	C	-		
277	72	O	5.55	A	-		
277	73	O	5.55	A	-		
277	74	O	5.55	T	-		
277	75	O	5.55	C	-		
277	76	O	5.55	A	-		
277	77	O	5.55	A	-		
277	78	O	5.55	A	-		
277	79	O	5.55	C	-		
277	80	O	5.55	T	-		
277	81	O	5.55	T	-		
277	82	O	5.55	C	-		
277	83	O	5.55	A	-		
277	84	O	5.55	A	-		
277	85	O	5.55	A	-		
277	86	O	5.55	C	-		
277	87	O	5.55	T	-		
277	88	O	5.55	T	-		
277	89	O	5.55	C	-		
277	90	O	5.55	C	-		
277	91	O	5.55	T	-		
277	92	O	5.55	A	-		
277	93	O	5.55	C	-		
277	94	O	5.55	T	-		
277	95	O	5.55	G	-		
277	96	O	5.55	A	-		
277	97	O	5.55	C	-		
277	98	O	5.55	A	-		
277	99	O	5.55	C	-		
277	100	O	5.55	T	-		
277	101	O	5.55	A	-		
277	102	O	5.55	A	-		
277	103	O	5.55	A	-		
277	104	O	5.55	T	-		
277	105	O	5.55	T	-		
277	106	O	5.55	G	-		
277	107	O	5.55	C	-		
277	108	O	5.55	C	-		
277	109	O	5.55	T	-		
278	0	O	8.32	G	-		
278	1	O	8.32	G	-		
278	2	O	8.32	G	-		
278	3	O	8.32	T	-		
278	4	O	8.32	A	-		
278	5	O	8.32	G	-		
278	6	O	8.32	T	-		
278	7	O	8.32	A	-		
278	8	O	8.32	G	-		
278	9	O	8.32	C	-		
278	10	O	8.32	C	-		
278	11	O	8.32	C	-		
278	12	O	8.32	A	-		
278	13	O	8.32	T	-		
278	14	O	8.32	T	-		
278	15	O	8.32	G	-		
278	16	O	8.32	G	-		
278	17	O	8.32	C	-		
278	18	O	8.32	G	-		
278	19	O	8.32	A	-		
278	20	O	8.32	A	-		
278	21	O	8.32	T	-		
278	22	O	8.32	A	-		
278	23	O	8.32	A	-		
278	24	O	8.32	G	-		
278	25	O	8.32	G	-		
278	26	O	8.32	C	-		
278	27	O	8.32	A	-		
278	28	O	8.32	T	-		
278	29	O	8.32	C	-		
278	30	O	8.32	A	-		
278	31	O	8.32	T	-		
278	32	O	8.32	G	-		
278	33	O	8.32	T	-		
278	34	O	8.32	C	-		
278	35	O	8.32	C	-		
278	36	O	8.32	C	-		
278	37	O	8.32	C	-		
278	38	O	8.32	G	-		
278	39	O	8.32	G	-		
278	40	O	8.32	G	-		
278	41	O	8.32	G	-		
278	42	O	8.32	G	-		
278	43	O	8.32	G	-		
278	44	O	8.32	C	-		
278	45	O	8.32	G	-		
278	46	O	8.32	C	-		
278	47	O	8.32	T	-		
278	48	U	-3.71	G	A		
278	49	O	8.32	G	-		
278	50	O	8.32	C	-		
278	51	O	8.32	G	-		
278	52	O	8.32	G	-		
278	53	O	8.32	C	-		
278	54	O	8.32	A	-		
278	55	O	8.32	T	-		
278	56	O	8.32	G	-		
278	57	O	8.32	G	-		
278	58	O	8.32	A	-		
278	59	O	8.32	G	-		
278	60	O	8.32	T	-		
278	61	O	8.32	T	-		
278	62	O	8.32	G	-		
278	63	O	8.32	C	-		
278	64	O	8.32	G	-		
278	65	O	8.32	A	-		
278	66	O	8.32	T	-		
278	67	O	8.32	G	-		
278	68	O	8.32	T	-		
278	69	O	8.32	C	-		
278	70	O	8.32	C	-		
278	71	O	8.32	T	-		
278	72	O	8.32	C	-		
278	73	O	8.32	T	-		
278	74	O	8.32	G	-		
278	75	O	8.32	C	-		
278	76	O	8.32	G	-		
278	77	O	8.32	T	-		
278	78	O	8.32	G	-		
278	79	O	8.32	C	-		
278	80	O	8.32	C	-		
278	81	O	8.32	T	-		
278	82	O	8.32	G	-		
278	83	O	8.32	G	-		
278	84	O	8.32	C	-		
278	85	O	8.32	G	-		
278	86	O	8.32	C	-		
278	87	O	8.32	G	-		
278	88	O	8.32	A	-		
278	89	O	8.32	G	-		
278	90	O	8.32	T	-		
278	91	O	8.32	C	-		
278	92	O	8.32	C	-		
278	93	U	0.71	T	C		
278	94	U	0.71	G	T		
278	95	O	8.32	A	-		
278	96	O	8.32	T	-		
278	97	O	8.32	G	-		
278	98	O	8.32	G	-		
278	99	O	8.32	C	-		
278	100	O	8.32	G	-		
278	101	O	8.32	G	-		
278	102	O	8.32	G	-		
278	103	O	8.32	T	-		
278	104	O	8.32	G	-		
278	105	O	8.32	T	-		
278	106	O	8.32	C	-		
278	107	O	8.32	C	-		
278	108	O	8.32	T	-		
278	109	O	8.32	G	-		
279	0	O	6.93	T	-		
279	1	O	6.93	C	-		
279	2	O	6.93	T	-		
279	3	O	6.93	A	-		
279	4	O	6.93	T	-		
279	5	O	6.93	C	-		
279	6	O	6.93	T	-		
279	7	O	6.93	C	-		
279	8	O	6.93	T	-		
279	9	O	6.93	T	-		
279	10	O	6.93	T	-		
279	11	O	6.93	T	-		
279	12	O	6.93	C	-		
279	13	O	6.93	C	-		
279	14	O	6.93	T	-		
279	15	O	6.93	G	-		
279	16	O	6.93	A	-		
279	17	O	6.93	A	-		
279	18	O	6.93	G	-		
279	19	O	6.93	T	-		
279	20	O	6.93	T	-		
279	21	O	6.93	A	-		
279	22	O	6.93	A	-		
279	23	O	6.93	G	-		
279	24	O	6.93	A	-		
279	25	O	6.93	A	-		
279	26	O	6.93	T	-		
279	27	O	6.93	A	-		
279	28	O	6.93	G	-		
279	29	O	6.93	A	-		
279	30	O	6.93	T	-		
279	31	O	6.93	T	-		
279	32	O	6.93	A	-		
279	33	O	6.93	G	-		
279	34	O	6.93	G	-		
279	35	O	6.93	C	-		
279	36	O	6.93	G	-		
279	37	O	6.93	T	-		
279	38	O	6.93	C	-		
279	39	O	6.93	A	-		
279	40	O	6.93	T	-		
279	41	O	6.93	T	-		
279	42	O	6.93	C	-		
279	43	O	6.93	G	-		
279	44	O	6.93	A	-		
279	45	O	6.93	A	-		
279	46	O	6.93	C	-		
279	47	O	6.93	A	-		
279	48	O	6.93	G	-		
279	49	O	6.93	A	-		
279	50	O	6.93	T	-		
279	51	O	6.93	T	-		
279	52	O	6.93	A	-		
279	53	O	6.93	T	-		
279	54	O	6.93	A	-		
279	55	O	6.93	G	-		
279	56	O	6.93	A	-		
279	57	O	6.93	T	-		
279	58	O	6.93	T	-		
279	59	O	6.93	G	-		
279	60	O	6.93	T	-		
279	61	O	6.93	A	-		
279	62	O	6.93	G	-		
279	63	O	6.93	T	-		
279	64	O	6.93	T	-		
279	65	O	6.93	T	-		
279	66	O	6.93	C	-		
279	67	O	6.93	C	-		
279	68	O	6.93	T	-		
279	69	O	6.93	C	-		
279	70	O	6.93	C	-		
279	71	O	6.93	C	-		
279	72	O	6.93	T	-		
279	73	O	6.93	C	-		
279	74	O	6.93	C	-		
279	75	O	6.93	T	-		
279	76	O	6.93	A	-		
279	77	O	6.93	G	-		
279	78	O	6.93	T	-		
279	79	O	6.93	A	-		
279	80	O	6.93	G	-		
279	81	O	6.93	C	-		
279	82	O	6.93	T	-		
279	83	O	6.93	A	-		
279	84	O	6.93	G	-		
279	85	O	6.93	G	-		
279	86	O	6.93	T	-		
279	87	O	6.93	A	-		
279	88	O	6.93	G	-		
279	89	O	6.93	C	-		
279	90	O	6.93	T	-		
279	91	O	6.93	A	-		
279	92	O	6.93	G	-		
279	93	O	6.93	G	-		
279	94	O	6.93	T	-		
279	95	O	6.93	A	-		
279	96	O	6.93	G	-		
279	97	O	6.93	C	-		
279	98	O	6.93	T	-		
279	99	O	6.93	C	-		
279	100	O	6.93	G	-		
279	101	O	6.93	G	-		
279	102	O	6.93	T	-		
279	103	O	6.93	A	-		
279	104	O	6.93	G	-		
279	105	O	6.93	T	-		
279	106	O	6.93	T	-		
279	107	O	6.93	T	-		
279	108	O	6.93	G	-		
279	109	O	6.93	T	-		
280	0	O	22.18	T	-		
280	1	O	22.18	C	-		
280	2	O	22.18	G	-		
280	3	O	22.18	C	-		
280	4	O	22.18	G	-		
280	5	O	22.18	A	-		
280	6	O	22.18	G	-		
280	7	O	22.18	G	-		
280	8	O	22.18	C	-		
280	9	O	22.18	C	-		
280	10	O	22.18	G	-		
280	11	O	22.18	T	-		
280	12	O	22.18	C	-		
280	13	O	22.18	T	-		
280	14	O	22.18	T	-		
280	15	O	22.18	G	-		
280	16	O	22.18	G	-		
280	17	O	22.18	C	-		
280	18	O	22.18	T	-		
280	19	O	22.18	C	-		
280	20	O	22.18	G	-		
280	21	O	22.18	T	-		
280	22	O	22.18	T	-		
280	23	O	22.18	G	-		
280	24	O	22.18	G	-		
280	25	O	22.18	G	-		
280	26	O	22.18	T	-		
280	27	O	22.18	C	-		
280	28	O	22.18	G	-		
280	29	O	22.18	A	-		
280	30	O	12.50	A	-		
280	31	O	22.18	G	-		
280	32	O	22.18	T	-		
280	33	O	22.18	A	-		
280	34	O	22.18	G	-		
280	35	O	22.18	T	-		
280	36	O	22.18	A	-		
280	37	O	22.18	G	-		
280	38	O	22.18	C	-		
280	39	O	22.18	G	-		
280	40	O	22.18	G	-		
280	41	O	22.18	C	-		
280	42	O	22.18	A	-		
280	43	O	22.18	G	-		
280	44	O	22.18	A	-		
280	45	O	22.18	G	-		
280	46	O	22.18	G	-		
280	47	O	22.18	C	-		
280	48	O	22.18	C	-		
280	49	O	22.18	T	-		
280	50	O	22.18	T	-		
280	51	O	22.18	G	-		
280	52	O	22.18	C	-		
280	53	O	22.18	T	-		
280	54	O	22.18	C	-		
280	55	O	22.18	G	-		
280	56	O	22.18	G	-		
280	57	O	5.73	C	-		
280	58	O	22.18	G	-		
280	59	O	22.18	A	-		
280	60	O	22.18	A	-		
280	61	O	22.18	G	-		
280	62	O	22.18	A	-		
280	63	O	22.18	C	-		
280	64	O	5.73	C	-		
280	65	O	22.18	T	-		
280	66	O	22.18	G	-		
280	67	O	22.18	G	-		
280	68	O	22.18	G	-		
280	69	O	22.18	T	-		
280	70	O	22.18	G	-		
280	71	O	22.18	G	-		
280	72	O	22.18	T	-		
280	73	O	12.50	G	-		
280	74	O	22.18	C	-		
280	75	O	22.18	C	-		
280	76	O	22.18	G	-		
280	77	O	22.18	T	-		
280	78	O	22.18	C	-		
280	79	O	22.18	G	-		
280	80	O	22.18	T	-		
280	81	O	22.18	A	-		
280	82	O	22.18	C	-		
280	83	O	22.18	T	-		
280	84	O	22.18	C	-		
280	85	O	22.18	G	-		
280	86	O	22.18	G	-		
280	87	O	22.18	A	-		
280	88	O	22.18	C	-		
280	89	O	22.18	C	-		
280	90	O	22.18	A	-		
280	91	O	22.18	G	-		
280	92	O	22.18	G	-		
280	93	O	22.18	T	-		
280	94	O	22.18	G	-		
280	95	O	22.18	T	-		
280	96	O	22.18	C	-		
280	97	O	5.73	C	-		
280	98	O	22.18	T	-		
280	99	O	12.50	G	-		
280	100	O	22.18	G	-		
280	101	O	22.18	C	-		
280	102	O	22.18	G	-		
280	103	O	22.18	G	-		
280	104	O	22.18	C	-		
280	105	O	22.18	G	-		
280	106	O	22.18	G	-		
280	107	O	22.18	G	-		
280	108	O	22.18	A	-		
280	109	O	22.18	G	-		
281	0	O	5.55	T	-		
281	1	O	5.55	C	-		
281	2	O	5.55	C	-		
281	3	O	5.55	G	-		
281	4	O	5.55	A	-		
281	5	O	5.55	G	-		
281	6	O	5.55	C	-		
281	7	O	5.55	T	-		
281	8	O	5.55	G	-		
281	9	O	5.55	A	-		
281	10	O	5.55	G	-		
281	11	O	5.55	C	-		
281	12	O	5.55	A	-		
281	13	O	5.55	A	-		
281	14	O	5.55	G	-		
281	15	O	5.55	G	-		
281	16	O	5.55	G	-		
281	17	O	5.55	A	-		
281	18	O	5.55	G	-		
281	19	O	5.55	A	-		
281	20	O	5.55	C	-		
281	21	O	5.55	G	-		
281	22	O	5.55	C	-		
281	23	O	5.55	C	-		
281	24	O	5.55	T	-		
281	25	O	5.55	A	-		
281	26	O	5.55	T	-		
281	27	O	5.55	A	-		
281	28	O	5.55	T	-		
281	29	O	5.55	G	-		
281	30	O	5.55	C	-		
281	31	O	5.55	T	-		
281	32	O	5.55	A	-		
281	33	O	5.55	A	-		
281	34	O	5.55	G	-		
281	35	O	5.55	T	-		
281	36	O	5.55	C	-		
281	37	O	5.55	C	-		
281	38	O	5.55	A	-		
281	39	O	5.55	T	-		
281	40	O	5.55	C	-		
281	41	O	5.55	A	-		
281	42	O	5.55	G	-		
281	43	O	5.55	C	-		
281	44	O	5.55	A	-		
281	45	O	5.55	G	-		
281	46	O	5.55	G	-		
281	47	O	5.55	G	-		
281	48	O	5.55	C	-		
281	49	O	5.55	T	-		
281	50	O	5.55	T	-		
281	51	O	5.55	C	-		
281	52	O	5.55	T	-		
281	53	O	5.55	T	-		
281	54	O	5.55	T	-		
281	55	O	5.55	A	-		
281	56	O	5.55	A	-		
281	57	O	5.55	A	-		
281	58	O	5.55	A	-		
281	59	O	5.55	G	-		
281	60	O	5.55	C	-		
281	61	O	5.55	T	-		
281	62	O	5.55	C	-		
281	63	O	5.55	G	-		
281	64	O	5.55	T	-		
281	65	O	5.55	T	-		
281	66	O	5.55	C	-		
281	67	O	5.55	C	-		
281	68	O	5.55	T	-		
281	69	O	5.55	C	-		
281	70	O	5.55	A	-		
281	71	O	5.55	G	-		
281	72	O	5.55	C	-		
281	73	O	5.55	G	-		
281	74	O	5.55	G	-		
281	75	O	5.55	C	-		
281	76	O	5.55	C	-		
281	77	O	5.55	A	-		
281	78	O	5.55	C	-		
281	79	O	5.55	T	-		
281	80	O	5.55	A	-		
281	81	O	5.55	A	-		
281	82	O	5.55	G	-		
281	83	O	5.55	C	-		
281	84	O	5.55	C	-		
281	85	O	5.55	T	-		
281	86	O	5.55	G	-		
281	87	O	5.55	T	-		
281	88	O	5.55	C	-		
281	89	O	5.55	C	-		
281	90	O	5.55	A	-		
281	91	O	5.55	C	-		
281	92	O	5.55	G	-		
281	93	O	5.55	T	-		
281	94	O	5.55	G	-		
281	95	O	5.55	C	-		
281	96	O	5.55	T	-		
281	97	O	5.55	A	-		
281	98	O	5.55	T	-		
281	99	O	5.55	G	-		
281	100	O	5.55	A	-		
281	101	O	5.55	G	-		
281	102	O	5.55	A	-		
281	103	O	5.55	A	-		
281	104	O	5.55	C	-		
281	105	O	5.55	C	-		
281	106	O	5.55	T	-		
281	107	O	5.55	C	-		
281	108	O	5.55	G	-		
281	109	O	5.55	C	-		
282	0	O	12.48	G	-		
282	1	O	12.48	G	-		
282	2	O	12.48	T	-		
282	3	O	12.48	G	-		
282	4	O	12.48	G	-		
282	5	O	12.48	G	-		
282	6	O	12.48	G	-		
282	7	O	12.48	G	-		
282	8	O	12.48	T	-		
282	9	O	12.48	G	-		
282	10	O	12.48	T	-		
282	11	O	12.48	G	-		
282	12	O	12.48	G	-		
282	13	O	12.48	G	-		
282	14	O	12.48	A	-		
282	15	O	12.48	G	-		
282	16	O	12.48	C	-		
282	17	O	12.48	C	-		
282	18	O	12.48	G	-		
282	19	O	12.48	G	-		
282	20	O	12.48	C	-		
282	21	O	12.48	C	-		
282	22	O	12.48	C	-		
282	23	O	12.48	G	-		
282	24	O	12.48	G	-		
282	25	O	12.48	T	-		
282	26	O	12.48	G	-		
282	27	O	12.48	A	-		
282	28	O	12.48	G	-		
282	29	O	12.48	A	-		
282	30	O	12.48	T	-		
282	31	O	12.48	T	-		
282	32	O	12.48	C	-		
282	33	O	12.48	A	-		
282	34	O	12.48	C	-		
282	35	O	12.48	G	-		
282	36	O	12.48	A	-		
282	37	O	12.48	A	-		
282	38	O	12.48	T	-		
282	39	O	12.48	A	-		
282	40	O	12.48	T	-		
282	41	O	12.48	G	-		
282	42	O	12.48	G	-		
282	43	O	12.48	T	-		
282	44	O	12.48	G	-		
282	45	O	12.48	T	-		
282	46	O	12.48	T	-		
282	47	O	12.48	A	-		
282	48	O	12.48	A	-		
282	49	O	12.48	G	-		
282	50	O	12.48	G	-		
282	51	O	12.48	C	-		
282	52	O	12.48	A	-		
282	53	O	12.48	T	-		
282	54	O	12.48	C	-		
282	55	O	12.48	C	-		
282	56	O	12.48	A	-		
282	57	O	12.48	T	-		
282	58	O	12.48	T	-		
282	59	O	12.48	A	-		
282	60	O	12.48	G	-		
282	61	O	12.48	C	-		
282	62	O	12.48	T	-		
282	63	O	12.48	T	-		
282	64	O	12.48	T	-		
282	65	O	12.48	G	-		
282	66	O	12.48	T	-		
282	67	O	12.48	G	-		
282	68	O	12.48	T	-		
282	69	O	12.48	A	-		
282	70	O	12.48	T	-		
282	71	O	12.48	A	-		
282	72	O	12.48	A	-		
282	73	O	12.48	C	-		
282	74	O	12.48	T	-		
282	75	O	12.48	C	-		
282	76	O	12.48	T	-		
282	77	O	12.48	C	-		
282	78	O	12.48	A	-		
282	79	O	12.48	G	-		
282	80	O	12.48	A	-		
282	81	O	12.48	T	-		
282	82	O	12.48	T	-		
282	83	O	12.48	A	-		
282	84	O	12.48	T	-		
282	85	O	12.48	A	-		
282	86	O	12.48	G	-		
282	87	O	12.48	C	-		
282	88	O	12.48	G	-		
282	89	O	12.48	T	-		
282	90	O	12.48	C	-		
282	91	O	12.48	A	-		
282	92	O	12.48	T	-		
282	93	O	12.48	T	-		
282	94	O	12.48	G	-		
282	95	O	12.48	A	-		
282	96	O	12.48	C	-		
282	97	O	12.48	G	-		
282	98	O	12.48	C	-		
282	99	O	12.48	A	-		
282	100	O	12.48	A	-		
282	101	O	12.48	C	-		
282	102	O	12.48	T	-		
282	103	O	12.48	A	-		
282	104	O	12.48	A	-		
282	105	O	12.48	G	-		
282	106	O	12.48	G	-		
282	107	O	12.48	C	-		
282	108	O	12.48	C	-		
282	109	O	12.48	A	-		
283	0	O	8.32	A	-		
283	1	O	8.32	C	-		
283	2	O	8.32	G	-		
283	3	O	8.32	A	-		
283	4	O	8.32	C	-		
283	5	O	8.32	G	-		
283	6	O	8.32	G	-		
283	7	O	8.32	T	-		
283	8	O	8.32	G	-		
283	9	O	8.32	C	-		
283	10	O	8.32	C	-		
283	11	O	8.32	G	-		
283	12	O	8.32	G	-		
283	13	O	8.32	T	-		
283	14	O	8.32	G	-		
283	15	O	8.32	C	-		
283	16	O	8.32	T	-		
283	17	O	8.32	G	-		
283	18	O	8.32	G	-		
283	19	O	8.32	C	-		
283	20	O	8.32	C	-		
283	21	O	8.32	A	-		
283	22	O	8.32	A	-		
283	23	O	8.32	G	-		
283	24	O	8.32	G	-		
283	25	O	8.32	G	-		
283	26	O	8.32	C	-		
283	27	O	8.32	A	-		
283	28	O	8.32	A	-		
283	29	O	8.32	G	-		
283	30	O	8.32	A	-		
283	31	O	8.32	C	-		
283	32	O	8.32	C	-		
283	33	O	8.32	G	-		
283	34	O	8.32	A	-		
283	35	O	8.32	T	-		
283	36	O	8.32	A	-		
283	37	O	8.32	C	-		
283	38	O	8.32	G	-		
283	39	O	8.32	G	-		
283	40	O	8.32	C	-		
283	41	O	8.32	A	-		
283	42	O	8.32	C	-		
283	43	O	8.32	G	-		
283	44	O	8.32	G	-		
283	45	O	8.32	T	-		
283	46	O	8.32	G	-		
283	47	O	8.32	C	-		
283	48	O	8.32	T	-		
283	49	O	8.32	G	-		
283	50	O	8.32	G	-		
283	51	O	8.32	A	-		
283	52	O	8.32	T	-		
283	53	O	8.32	C	-		
283	54	O	8.32	T	-		
283	55	O	8.32	A	-		
283	56	O	8.32	C	-		
283	57	O	8.32	G	-		
283	58	O	8.32	T	-		
283	59	O	8.32	C	-		
283	60	O	8.32	C	-		
283	61	O	8.32	G	-		
283	62	O	8.32	A	-		
283	63	O	8.32	G	-		
283	64	O	8.32	A	-		
283	65	O	8.32	C	-		
283	66	O	8.32	G	-		
283	67	O	8.32	A	-		
283	68	O	8.32	T	-		
283	69	O	8.32	C	-		
283	70	O	8.32	G	-		
283	71	O	8.32	G	-		
283	72	O	8.32	C	-		
283	73	O	8.32	C	-		
283	74	O	8.32	G	-		
283	75	O	8.32	T	-		
283	76	O	8.32	T	-		
283	77	O	8.32	T	-		
283	78	O	8.32	G	-		
283	79	O	8.32	G	-		
283	80	O	8.32	C	-		
283	81	O	8.32	G	-		
283	82	O	8.32	G	-		
283	83	O	8.32	C	-		
283	84	O	8.32	G	-		
283	85	O	8.32	C	-		
283	86	O	8.32	C	-		
283	87	O	8.32	G	-		
283	88	O	8.32	G	-		
283	89	O	8.32	G	-		
283	90	O	8.32	C	-		
283	91	O	8.32	C	-		
283	92	O	8.32	G	-		
283	93	O	8.32	C	-		
283	94	O	8.32	C	-		
283	95	O	8.32	G	-		
283	96	O	8.32	G	-		
283	97	O	8.32	C	-		
283	98	O	8.32	G	-		
283	99	O	8.32	G	-		
283	100	O	8.32	C	-		
283	101	O	8.32	G	-		
283	102	O	8.32	A	-		
283	103	O	8.32	T	-		
283	104	O	8.32	G	-		
283	105	O	8.32	T	-		
283	106	O	8.32	T	-		
283	107	O	8.32	C	-		
283	108	O	8.32	T	-		
283	109	O	8.32	A	-		
284	0	O	6.93	G	-		
284	1	O	6.93	A	-		
284	2	O	6.93	C	-		
284	3	O	6.93	A	-		
284	4	O	6.93	A	-		
284	5	O	6.93	T	-		
284	6	O	6.93	C	-		
284	7	O	6.93	C	-		
284	8	O	6.93	T	-		
284	9	O	6.93	C	-		
284	10	O	6.93	C	-		
284	11	O	6.93	A	-		
284	12	O	6.93	A	-		
284	13	O	6.93	G	-		
284	14	O	6.93	C	-		
284	15	O	6.93	C	-		
284	16	O	6.93	G	-		
284	17	O	6.93	C	-		
284	18	O	6.93	C	-		
284	19	O	6.93	T	-		
284	20	O	6.93	T	-		
284	21	O	6.93	G	-		
284	22	O	6.93	G	-		
284	23	O	6.93	A	-		
284	24	O	6.93	G	-		
284	25	O	6.93	T	-		
284	26	O	6.93	T	-		
284	27	O	6.93	A	-		
284	28	O	6.93	T	-		
284	29	O	6.93	G	-		
284	30	O	6.93	G	-		
284	31	O	6.93	T	-		
284	32	O	6.93	G	-		
284	33	O	6.93	T	-		
284	34	O	6.93	A	-		
284	35	O	6.93	C	-		
284	36	O	6.93	A	-		
284	37	O	6.93	T	-		
284	38	O	6.93	T	-		
284	39	O	6.93	G	-		
284	40	O	6.93	A	-		
284	41	O	6.93	G	-		
284	42	O	6.93	T	-		
284	43	O	6.93	G	-		
284	44	O	6.93	T	-		
284	45	O	6.93	T	-		
284	46	O	6.93	G	-		
284	47	O	6.93	C	-		
284	48	O	6.93	T	-		
284	49	O	6.93	G	-		
284	50	O	6.93	C	-		
284	51	O	6.93	T	-		
284	52	O	6.93	G	-		
284	53	O	6.93	T	-		
284	54	O	6.93	C	-		
284	55	O	6.93	A	-		
284	56	O	6.93	T	-		
284	57	O	6.93	C	-		
284	58	O	6.93	A	-		
284	59	O	6.93	T	-		
284	60	O	6.93	C	-		
284	61	O	6.93	C	-		
284	62	O	6.93	G	-		
284	63	O	6.93	A	-		
284	64	O	6.93	T	-		
284	65	O	6.93	T	-		
284	66	O	6.93	T	-		
284	67	O	6.93	C	-		
284	68	O	6.93	A	-		
284	69	O	6.93	A	-		
284	70	O	6.93	C	-		
284	71	O	6.93	C	-		
284	72	O	6.93	G	-		
284	73	O	6.93	G	-		
284	74	O	6.93	A	-		
284	75	O	6.93	A	-		
284	76	O	6.93	G	-		
284	77	O	6.93	C	-		
284	78	O	6.93	C	-		
284	79	O	6.93	C	-		
284	80	O	6.93	A	-		
284	81	O	6.93	A	-		
284	82	O	6.93	G	-		
284	83	O	6.93	G	-		
284	84	O	6.93	T	-		
284	85	O	6.93	A	-		
284	86	O	6.93	T	-		
284	87	O	6.93	G	-		
284	88	O	6.93	G	-		
284	89	O	6.93	C	-		
284	90	O	6.93	A	-		
284	91	O	6.93	C	-		
284	92	O	6.93	A	-		
284	93	O	6.93	T	-		
284	94	O	6.93	T	-		
284	95	O	6.93	T	-		
284	96	O	6.93	C	-		
284	97	O	6.93	A	-		
284	98	O	6.93	C	-		
284	99	O	6.93	G	-		
284	100	O	6.93	G	-		
284	101	O	6.93	T	-		
284	102	O	6.93	C	-		
284	103	O	6.93	G	-		
284	104	O	6.93	C	-		
284	105	O	6.93	C	-		
284	106	O	6.93	G	-		
284	107	O	6.93	T	-		
284	108	O	6.93	A	-		
284	109	O	6.93	G	-		
285	0	O	6.93	A	-		
285	1	O	6.93	G	-		
285	2	O	6.93	G	-		
285	3	O	6.93	A	-		
285	4	O	6.93	G	-		
285	5	O	6.93	C	-		
285	6	O	6.93	C	-		
285	7	O	6.93	T	-		
285	8	O	6.93	C	-		
285	9	O	6.93	A	-		
285	10	O	6.93	A	-		
285	11	O	6.93	G	-		
285	12	O	6.93	T	-		
285	13	O	6.93	G	-		
285	14	O	6.93	G	-		
285	15	O	6.93	A	-		
285	16	O	6.93	A	-		
285	17	O	6.93	C	-		
285	18	O	6.93	T	-		
285	19	O	6.93	G	-		
285	20	O	6.93	G	-		
285	21	O	6.93	T	-		
285	22	O	6.93	G	-		
285	23	O	6.93	C	-		
285	24	O	6.93	A	-		
285	25	O	6.93	C	-		
285	26	O	6.93	T	-		
285	27	O	6.93	T	-		
285	28	O	6.93	T	-		
285	29	O	6.93	G	-		
285	30	O	6.93	G	-		
285	31	O	6.93	A	-		
285	32	O	6.93	T	-		
285	33	O	6.93	T	-		
285	34	O	6.93	T	-		
285	35	O	6.93	G	-		
285	36	O	6.93	G	-		
285	37	O	6.93	T	-		
285	38	O	6.93	G	-		
285	39	O	6.93	T	-		
285	40	O	6.93	T	-		
285	41	O	6.93	G	-		
285	42	O	6.93	G	-		
285	43	O	6.93	C	-		
285	44	O	6.93	C	-		
285	45	O	6.93	G	-		
285	46	O	6.93	G	-		
285	47	O	6.93	A	-		
285	48	O	6.93	G	-		
285	49	O	6.93	T	-		
285	50	O	6.93	T	-		
285	51	O	6.93	G	-		
285	52	O	6.93	T	-		
285	53	O	6.93	T	-		
285	54	O	6.93	G	-		
285	55	O	6.93	A	-		
285	56	O	6.93	G	-		
285	57	O	6.93	C	-		
285	58	O	6.93	T	-		
285	59	O	6.93	G	-		
285	60	O	6.93	G	-		
285	61	O	6.93	T	-		
285	62	O	6.93	G	-		
285	63	O	6.93	C	-		
285	64	O	6.93	G	-		
285	65	O	6.93	G	-		
285	66	O	6.93	T	-		
285	67	O	6.93	C	-		
285	68	O	6.93	G	-		
285	69	O	6.93	T	-		
285	70	O	6.93	G	-		
285	71	O	6.93	G	-		
285	72	O	6.93	G	-		
285	73	O	6.93	T	-		
285	74	O	6.93	G	-		
285	75	O	6.93	T	-		
285	76	O	6.93	T	-		
285	77	O	6.93	G	-		
285	78	O	6.93	G	-		
285	79	O	6.93	A	-		
285	80	O	6.93	A	-		
285	81	O	6.93	T	-		
285	82	O	6.93	T	-		
285	83	O	6.93	G	-		
285	84	O	6.93	C	-		
285	85	O	6.93	C	-		
285	86	O	6.93	T	-		
285	87	O	6.93	A	-		
285	88	O	6.93	T	-		
285	89	O	6.93	T	-		
285	90	O	6.93	G	-		
285	91	O	6.93	G	-		
285	92	O	6.93	C	-		
285	93	O	6.93	T	-		
285	94	O	6.93	C	-		
285	95	O	6.93	G	-		
285	96	O	6.93	T	-		
285	97	O	6.93	C	-		
285	98	O	6.93	C	-		
285	99	O	6.93	A	-		
285	100	O	6.93	G	-		
285	101	O	6.93	G	-		
285	102	O	6.93	G	-		
285	103	O	6.93	C	-		
285	104	O	6.93	G	-		
285	105	O	6.93	C	-		
285	106	O	6.93	A	-		
285	107	O	6.93	C	-		
285	108	O	6.93	T	-		
285	109	O	6.93	C	-		
286	0	O	5.55	G	-		
286	1	O	5.55	G	-		
286	2	O	5.55	C	-		
286	3	O	5.55	G	-		
286	4	O	5.55	T	-		
286	5	O	5.55	G	-		
286	6	O	5.55	C	-		
286	7	O	5.55	A	-		
286	8	O	5.55	C	-		
286	9	O	5.55	A	-		
286	10	O	5.55	T	-		
286	11	O	5.55	A	-		
286	12	O	5.55	A	-		
286	13	O	5.55	T	-		
286	14	O	5.55	G	-		
286	15	O	5.55	C	-		
286	16	O	5.55	A	-		
286	17	O	5.55	T	-		
286	18	O	5.55	G	-		
286	19	O	5.55	A	-		
286	20	O	5.55	C	-		
286	21	O	5.55	A	-		
286	22	O	5.55	T	-		
286	23	O	5.55	G	-		
286	24	O	5.55	C	-		
286	25	O	5.55	T	-		
286	26	O	5.55	T	-		
286	27	O	5.55	A	-		
286	28	O	5.55	G	-		
286	29	O	5.55	A	-		
286	30	O	5.55	C	-		
286	31	O	5.55	A	-		
286	32	O	5.55	T	-		
286	33	O	5.55	G	-		
286	34	O	5.55	C	-		
286	35	O	5.55	A	-		
286	36	O	5.55	T	-		
286	37	O	5.55	A	-		
286	38	O	5.55	C	-		
286	39	O	5.55	T	-		
286	40	O	5.55	C	-		
286	41	O	5.55	G	-		
286	42	O	5.55	A	-		
286	43	O	5.55	C	-		
286	44	O	5.55	A	-		
286	45	O	5.55	A	-		
286	46	O	5.55	A	-		
286	47	O	5.55	T	-		
286	48	O	5.55	T	-		
286	49	O	5.55	G	-		
286	50	O	5.55	T	-		
286	51	O	5.55	C	-		
286	52	O	5.55	A	-		
286	53	O	5.55	A	-		
286	54	O	5.55	A	-		
286	55	O	5.55	A	-		
286	56	O	5.55	T	-		
286	57	O	5.55	T	-		
286	58	O	5.55	T	-		
286	59	O	5.55	C	-		
286	60	O	5.55	A	-		
286	61	O	5.55	C	-		
286	62	O	5.55	C	-		
286	63	O	5.55	G	-		
286	64	O	5.55	T	-		
286	65	O	5.55	C	-		
286	66	O	5.55	T	-		
286	67	O	5.55	A	-		
286	68	O	5.55	C	-		
286	69	O	5.55	A	-		
286	70	O	5.55	T	-		
286	71	O	5.55	C	-		
286	72	O	5.55	T	-		
286	73	O	5.55	T	-		
286	74	O	5.55	C	-		
286	75	O	5.55	T	-		
286	76	O	5.55	T	-		
286	77	O	5.55	C	-		
286	78	O	5.55	C	-		
286	79	O	5.55	G	-		
286	80	O	5.55	C	-		
286	81	O	5.55	A	-		
286	82	O	5.55	G	-		
286	83	O	5.55	A	-		
286	84	O	5.55	C	-		
286	85	O	5.55	T	-		
286	86	O	5.55	C	-		
286	87	O	5.55	T	-		
286	88	O	5.55	T	-		
286	89	O	5.55	G	-		
286	90	O	5.55	G	-		
286	91	O	5.55	C	-		
286	92	O	5.55	G	-		
286	93	O	5.55	G	-		
286	94	O	5.55	T	-		
286	95	O	5.55	C	-		
286	96	O	5.55	T	-		
286	97	O	5.55	T	-		
286	98	O	5.55	G	-		
286	99	O	5.55	A	-		
286	100	O	5.55	A	-		
286	101	O	5.55	T	-		
286	102	O	5.55	T	-		
286	103	O	5.55	T	-		
286	104	O	5.55	C	-		
286	105	O	5.55	A	-		
286	106	O	5.55	T	-		
286	107	O	5.55	T	-		
286	108	O	5.55	C	-		
286	109	O	5.55	C	-		
287	0	O	5.55	T	-		
287	1	O	5.55	T	-		
287	2	O	5.55	C	-		
287	3	O	5.55	C	-		
287	4	O	5.55	A	-		
287	5	O	5.55	A	-		
287	6	O	5.55	C	-		
287	7	O	5.55	C	-		
287	8	O	5.55	C	-		
287	9	O	5.55	G	-		
287	10	O	5.55	A	-		
287	11	O	5.55	C	-		
287	12	O	5.55	C	-		
287	13	O	5.55	A	-		
287	14	O	5.55	A	-		
287	15	O	5.55	T	-		
287	16	O	5.55	C	-		
287	17	O	5.55	A	-		
287	18	O	5.55	T	-		
287	19	O	5.55	G	-		
287	20	O	5.55	A	-		
287	21	O	5.55	C	-		
287	22	O	5.55	G	-		
287	23	O	5.55	G	-		
287	24	O	5.55	C	-		
287	25	O	5.55	T	-		
287	26	O	5.55	C	-		
287	27	O	5.55	T	-		
287	28	O	5.55	G	-		
287	29	O	5.55	A	-		
287	30	O	5.55	C	-		
287	31	O	5.55	C	-		
287	32	O	5.55	A	-		
287	33	O	5.55	A	-		
287	34	O	5.55	T	-		
287	35	O	5.55	C	-		
287	36	O	5.55	G	-		
287	37	O	5.55	A	-		
287	38	O	5.55	T	-		
287	39	O	5.55	T	-		
287	40	O	5.55	T	-		
287	41	O	5.55	G	-		
287	42	O	5.55	T	-		
287	43	O	5.55	T	-		
287	44	O	5.55	C	-		
287	45	O	5.55	G	-		
287	46	O	5.55	G	-		
287	47	O	5.55	T	-		
287	48	O	5.55	C	-		
287	49	O	5.55	A	-		
287	50	O	5.55	A	-		
287	51	O	5.55	G	-		
287	52	O	5.55	G	-		
287	53	O	5.55	G	-		
287	54	O	5.55	C	-		
287	55	O	5.55	G	-		
287	56	O	5.55	C	-		
287	57	O	5.55	A	-		
287	58	O	5.55	C	-		
287	59	O	5.55	C	-		
287	60	O	5.55	G	-		
287	61	O	5.55	C	-		
287	62	O	5.55	C	-		
287	63	O	5.55	G	-		
287	64	O	5.55	T	-		
287	65	O	5.55	C	-		
287	66	O	5.55	C	-		
287	67	O	5.55	T	-		
287	68	O	5.55	T	-		
287	69	O	5.55	G	-		
287	70	O	5.55	G	-		
287	71	O	5.55	A	-		
287	72	O	5.55	A	-		
287	73	O	5.55	T	-		
287	74	O	5.55	A	-		
287	75	O	5.55	A	-		
287	76	O	5.55	G	-		
287	77	O	5.55	T	-		
287	78	O	5.55	G	-		
287	79	O	5.55	A	-		
287	80	O	5.55	G	-		
287	81	O	5.55	A	-		
287	82	O	5.55	C	-		
287	83	O	5.55	G	-		
287	84	O	5.55	G	-		
287	85	O	5.55	A	-		
287	86	O	5.55	G	-		
287	87	O	5.55	G	-		
287	88	O	5.55	C	-		
287	89	O	5.55	G	-		
287	90	O	5.55	A	-		
287	91	O	5.55	A	-		
287	92	O	5.55	G	-		
287	93	O	5.55	C	-		
287	94	O	5.55	T	-		
287	95	O	5.55	T	-		
287	96	O	5.55	T	-		
287	97	O	5.55	A	-		
287	98	O	5.55	G	-		
287	99	O	5.55	C	-		
287	100	O	5.55	T	-		
287	101	O	5.55	T	-		
287	102	O	5.55	T	-		
287	103	O	5.55	G	-		
287	104	O	5.55	G	-		
287	105	O	5.55	C	-		
287	106	O	5.55	G	-		
287	107	O	5.55	G	-		
287	108	O	5.55	C	-		
287	109	O	5.55	G	-		
288	0	O	13.86	T	-		
288	1	O	13.86	G	-		
288	2	O	13.86	C	-		
288	3	O	13.86	T	-		
288	4	O	13.86	G	-		
288	5	O	13.86	G	-		
288	6	O	13.86	A	-		
288	7	O	13.86	C	-		
288	8	O	13.86	G	-		
288	9	O	13.86	T	-		
288	10	O	13.86	T	-		
288	11	O	13.86	T	-		
288	12	O	13.86	G	-		
288	13	O	13.86	T	-		
288	14	O	13.86	C	-		
288	15	O	13.86	G	-		
288	16	O	13.86	C	-		
288	17	O	13.86	G	-		
288	18	O	13.86	A	-		
288	19	O	13.86	C	-		
288	20	O	13.86	C	-		
288	21	O	13.86	A	-		
288	22	O	13.86	G	-		
288	23	O	13.86	G	-		
288	24	O	13.86	A	-		
288	25	O	13.86	G	-		
288	26	O	13.86	T	-		
288	27	O	13.86	A	-		
288	28	O	13.86	C	-		
288	29	O	5.16	C	-		
288	30	O	13.86	A	-		
288	31	O	13.86	G	-		
288	32	O	13.86	T	-		
288	33	O	13.86	T	-		
288	34	O	13.86	G	-		
288	35	O	13.86	C	-		
288	36	O	13.86	T	-		
288	37	O	13.86	G	-		
288	38	O	13.86	C	-		
288	39	O	13.86	T	-		
288	40	O	13.86	G	-		
288	41	O	13.86	C	-		
288	42	O	13.86	T	-		
288	43	O	13.86	G	-		
288	44	O	13.86	A	-		
288	45	O	13.86	C	-		
288	46	O	13.86	A	-		
288	47	O	13.86	C	-		
288	48	O	13.86	T	-		
288	49	O	13.86	G	-		
288	50	O	13.86	T	-		
288	51	O	13.86	C	-		
288	52	O	13.86	G	-		
288	53	O	13.86	C	-		
288	54	O	13.86	G	-		
288	55	O	13.86	C	-		
288	56	O	13.86	C	-		
288	57	O	13.86	G	-		
288	58	O	13.86	G	-		
288	59	O	13.86	T	-		
288	60	O	13.86	T	-		
288	61	O	13.86	G	-		
288	62	O	13.86	C	-		
288	63	O	13.86	G	-		
288	64	O	13.86	G	-		
288	65	O	13.86	G	-		
288	66	O	13.86	C	-		
288	67	O	13.86	G	-		
288	68	O	13.86	A	-		
288	69	O	13.86	A	-		
288	70	O	13.86	C	-		
288	71	O	13.86	T	-		
288	72	O	13.86	C	-		
288	73	O	13.86	G	-		
288	74	O	13.86	C	-		
288	75	O	13.86	G	-		
288	76	O	13.86	C	-		
288	77	O	13.86	G	-		
288	78	O	13.86	G	-		
288	79	O	13.86	C	-		
288	80	O	13.86	C	-		
288	81	O	13.86	A	-		
288	82	O	13.86	A	-		
288	83	O	13.86	C	-		
288	84	O	13.86	T	-		
288	85	O	13.86	G	-		
288	86	O	13.86	C	-		
288	87	O	13.86	A	-		
288	88	O	13.86	G	-		
288	89	O	13.86	C	-		
288	90	O	13.86	T	-		
288	91	O	13.86	C	-		
288	92	O	13.86	G	-		
288	93	O	13.86	A	-		
288	94	O	13.86	G	-		
288	95	O	13.86	T	-		
288	96	O	13.86	T	-		
288	97	O	13.86	C	-		
288	98	O	13.86	T	-		
288	99	O	13.86	C	-		
288	100	O	13.86	C	-		
288	101	O	13.86	G	-		
288	102	O	13.86	G	-		
288	103	O	13.86	C	-		
288	104	O	13.86	C	-		
288	105	O	13.86	T	-		
288	106	O	13.86	G	-		
288	107	O	13.86	C	-		
288	108	O	13.86	T	-		
288	109	O	13.86	C	-		
289	0	O	24.95	A	-		
289	1	O	24.95	G	-		
289	2	O	24.95	C	-		
289	3	O	24.95	T	-		
289	4	O	24.95	G	-		
289	5	O	24.95	C	-		
289	6	O	24.95	T	-		
289	7	O	24.95	C	-		
289	8	O	24.95	G	-		
289	9	O	24.95	A	-		
289	10	O	24.95	T	-		
289	11	O	24.95	C	-		
289	12	O	24.95	T	-		
289	13	O	24.95	C	-		
289	14	O	24.95	G	-		
289	15	O	24.95	G	-		
289	16	O	24.95	A	-		
289	17	O	24.95	G	-		
289	18	O	24.95	A	-		
289	19	O	24.95	A	-		
289	20	O	24.95	C	-		
289	21	O	24.95	A	-		
289	22	O	24.95	G	-		
289	23	O	24.95	A	-		
289	24	O	24.95	T	-		
289	25	O	24.95	T	-		
289	26	O	24.95	G	-		
289	27	O	24.95	G	-		
289	28	O	24.95	C	-		
289	29	O	24.95	C	-		
289	30	O	24.95	A	-		
289	31	O	24.95	C	-		
289	32	O	24.95	G	-		
289	33	O	24.95	T	-		
289	34	O	24.95	C	-		
289	35	O	24.95	A	-		
289	36	O	24.95	A	-		
289	37	O	24.95	T	-		
289	38	O	24.95	A	-		
289	39	O	24.95	T	-		
289	40	O	24.95	T	-		
289	41	O	24.95	G	-		
289	42	O	24.95	G	-		
289	43	O	24.95	T	-		
289	44	O	24.95	T	-		
289	45	O	24.95	T	-		
289	46	O	24.95	G	-		
289	47	O	24.95	T	-		
289	48	O	24.95	C	-		
289	49	O	24.95	C	-		
289	50	O	24.95	G	-		
289	51	O	24.95	A	-		
289	52	O	24.95	G	-		
289	53	O	24.95	G	-		
289	54	O	24.95	A	-		
289	55	O	24.95	A	-		
289	56	O	24.95	C	-		
289	57	O	24.95	A	-		
289	58	O	24.95	A	-		
289	59	O	24.95	A	-		
289	60	O	24.95	T	-		
289	61	O	24.95	C	-		
289	62	O	24.95	A	-		
289	63	O	24.95	T	-		
289	64	O	24.95	A	-		
289	65	O	24.95	A	-		
289	66	O	24.95	G	-		
289	67	O	24.95	G	-		
289	68	O	24.95	C	-		
289	69	O	24.95	A	-		
289	70	O	24.95	T	-		
289	71	O	24.95	C	-		
289	72	O	24.95	T	-		
289	73	O	24.95	A	-		
289	74	O	24.95	A	-		
289	75	O	24.95	A	-		
289	76	O	24.95	G	-		
289	77	O	24.95	A	-		
289	78	O	24.95	T	-		
289	79	O	24.95	A	-		
289	80	O	24.95	A	-		
289	81	O	24.95	G	-		
289	82	O	24.95	A	-		
289	83	O	24.95	A	-		
289	84	O	24.95	C	-		
289	85	O	24.95	C	-		
289	86	O	24.95	C	-		
289	87	O	24.95	A	-		
289	88	O	24.95	T	-		
289	89	O	24.95	A	-		
289	90	O	24.95	T	-		
289	91	O	24.95	T	-		
289	92	O	24.95	T	-		
289	93	O	24.95	C	-		
289	94	O	24.95	A	-		
289	95	O	24.95	T	-		
289	96	O	24.95	T	-		
289	97	O	24.95	T	-		
289	98	O	24.95	G	-		
289	99	O	24.95	C	-		
289	100	O	24.95	A	-		
289	101	O	24.95	A	-		
289	102	O	24.95	A	-		
289	103	O	24.95	A	-		
289	104	O	24.95	G	-		
289	105	O	24.95	A	-		
289	106	O	24.95	G	-		
289	107	O	24.95	T	-		
289	108	O	24.95	T	-		
289	109	O	24.95	A	-		
290	0	O	6.93	C	-		
290	1	O	6.93	G	-		
290	2	O	6.93	C	-		
290	3	O	6.93	T	-		
290	4	O	6.93	T	-		
290	5	O	6.93	T	-		
290	6	O	6.93	A	-		
290	7	O	6.93	G	-		
290	8	O	6.93	T	-		
290	9	O	6.93	G	-		
290	10	O	6.93	T	-		
290	11	O	6.93	G	-		
290	12	O	6.93	C	-		
290	13	O	6.93	A	-		
290	14	O	6.93	G	-		
290	15	O	6.93	G	-		
290	16	O	6.93	C	-		
290	17	O	6.93	G	-		
290	18	O	6.93	C	-		
290	19	O	6.93	C	-		
290	20	O	6.93	T	-		
290	21	O	6.93	G	-		
290	22	O	6.93	C	-		
290	23	O	6.93	C	-		
290	24	O	6.93	A	-		
290	25	O	6.93	G	-		
290	26	O	6.93	G	-		
290	27	O	6.93	C	-		
290	28	O	6.93	A	-		
290	29	O	6.93	T	-		
290	30	O	6.93	G	-		
290	31	O	6.93	C	-		
290	32	O	6.93	C	-		
290	33	O	6.93	T	-		
290	34	O	6.93	G	-		
290	35	O	6.93	C	-		
290	36	O	6.93	C	-		
290	37	O	6.93	G	-		
290	38	O	6.93	A	-		
290	39	O	6.93	G	-		
290	40	O	6.93	C	-		
290	41	O	6.93	G	-		
290	42	O	6.93	G	-		
290	43	O	6.93	C	-		
290	44	O	6.93	G	-		
290	45	O	6.93	C	-		
290	46	O	6.93	A	-		
290	47	O	6.93	G	-		
290	48	O	6.93	G	-		
290	49	O	6.93	C	-		
290	50	O	6.93	G	-		
290	51	O	6.93	A	-		
290	52	O	6.93	C	-		
290	53	O	6.93	T	-		
290	54	O	6.93	G	-		
290	55	O	6.93	G	-		
290	56	O	6.93	C	-		
290	57	O	6.93	A	-		
290	58	O	6.93	C	-		
290	59	O	6.93	C	-		
290	60	O	6.93	C	-		
290	61	O	6.93	A	-		
290	62	O	6.93	G	-		
290	63	O	6.93	C	-		
290	64	O	6.93	T	-		
290	65	O	6.93	A	-		
290	66	O	6.93	A	-		
290	67	O	6.93	C	-		
290	68	O	6.93	C	-		
290	69	O	6.93	A	-		
290	70	O	6.93	C	-		
290	71	O	6.93	C	-		
290	72	O	6.93	T	-		
290	73	O	6.93	T	-		
290	74	O	6.93	G	-		
290	75	O	6.93	T	-		
290	76	O	6.93	G	-		
290	77	O	6.93	T	-		
290	78	O	6.93	C	-		
290	79	O	6.93	A	-		
290	80	O	6.93	A	-		
290	81	O	6.93	C	-		
290	82	O	6.93	G	-		
290	83	O	6.93	A	-		
290	84	O	6.93	G	-		
290	85	O	6.93	A	-		
290	86	O	6.93	G	-		
290	87	O	6.93	C	-		
290	88	O	6.93	T	-		
290	89	O	6.93	A	-		
290	90	O	6.93	A	-		
290	91	O	6.93	A	-		
290	92	O	6.93	G	-		
290	93	O	6.93	G	-		
290	94	O	6.93	A	-		
290	95	O	6.93	A	-		
290	96	O	6.93	C	-		
290	97	O	6.93	T	-		
290	98	O	6.93	C	-		
290	99	O	6.93	T	-		
290	100	O	6.93	T	-		
290	101	O	6.93	G	-		
290	102	O	6.93	C	-		
290	103	O	6.93	A	-		
290	104	O	6.93	A	-		
290	105	O	6.93	C	-		
290	106	O	6.93	T	-		
290	107	O	6.93	G	-		
290	108	O	6.93	T	-		
290	109	O	6.93	A	-		
291	0	O	11.09	T	-		
291	1	O	11.09	C	-		
291	2	O	11.09	G	-		
291	3	O	11.09	G	-		
291	4	O	11.09	C	-		
291	5	O	11.09	G	-		
291	6	O	11.09	C	-		
291	7	O	11.09	C	-		
291	8	O	11.09	G	-		
291	9	O	11.09	A	-		
291	10	O	11.09	G	-		
291	11	O	11.09	A	-		
291	12	O	11.09	A	-		
291	13	O	11.09	G	-		
291	14	O	11.09	T	-		
291	15	O	11.09	A	-		
291	16	O	11.09	T	-		
291	17	O	11.09	C	-		
291	18	O	11.09	G	-		
291	19	O	11.09	C	-		
291	20	O	11.09	C	-		
291	21	O	11.09	A	-		
291	22	O	11.09	A	-		
291	23	O	11.09	A	-		
291	24	O	11.09	T	-		
291	25	O	11.09	G	-		
291	26	O	11.09	C	-		
291	27	O	11.09	G	-		
291	28	O	11.09	A	-		
291	29	O	11.09	T	-		
291	30	O	11.09	G	-		
291	31	O	11.09	G	-		
291	32	O	11.09	A	-		
291	33	O	11.09	A	-		
291	34	O	11.09	C	-		
291	35	O	11.09	G	-		
291	36	O	11.09	G	-		
291	37	O	11.09	A	-		
291	38	O	11.09	G	-		
291	39	U	2.86	A	C		
291	40	O	11.09	G	-		
291	41	O	11.09	A	-		
291	42	O	11.09	C	-		
291	43	O	11.09	A	-		
291	44	O	11.09	G	-		
291	45	O	11.09	C	-		
291	46	O	11.09	C	-		
291	47	O	11.09	T	-		
291	48	O	11.09	T	-		
291	49	O	11.09	C	-		
291	50	O	11.09	C	-		
291	51	O	11.09	C	-		
291	52	O	11.09	G	-		
291	53	O	11.09	A	-		
291	54	O	11.09	A	-		
291	55	O	11.09	A	-		
291	56	O	11.09	C	-		
291	57	O	11.09	C	-		
291	58	O	11.09	G	-		
291	59	O	11.09	A	-		
291	60	O	11.09	C	-		
291	61	O	11.09	C	-		
291	62	O	11.09	G	-		
291	63	O	11.09	T	-		
291	64	O	11.09	C	-		
291	65	O	11.09	G	-		
291	66	O	11.09	T	-		
291	67	O	11.09	A	-		
291	68	O	11.09	G	-		
291	69	O	11.09	A	-		
291	70	O	11.09	G	-		
291	71	O	11.09	T	-		
291	72	O	11.09	C	-		
291	73	O	11.09	C	-		
291	74	O	11.09	G	-		
291	75	O	11.09	G	-		
291	76	O	11.09	A	-		
291	77	O	11.09	A	-		
291	78	O	11.09	A	-		
291	79	O	11.09	G	-		
291	80	O	11.09	G	-		
291	81	O	11.09	A	-		
291	82	O	11.09	C	-		
291	83	O	11.09	A	-		
291	84	O	11.09	T	-		
291	85	O	11.09	C	-		
291	86	O	11.09	A	-		
291	87	O	11.09	A	-		
291	88	O	11.09	A	-		
291	89	O	11.09	C	-		
291	90	O	11.09	T	-		
291	91	O	11.09	G	-		
291	92	O	11.09	C	-		
291	93	O	11.09	C	-		
291	94	O	11.09	C	-		
291	95	O	11.09	T	-		
291	96	O	11.09	C	-		
291	97	O	11.09	T	-		
291	98	O	11.09	C	-		
291	99	O	11.09	G	-		
291	100	O	11.09	C	-		
291	101	O	11.09	G	-		
291	102	O	11.09	A	-		
291	103	O	11.09	T	-		
291	104	O	11.09	G	-		
291	105	O	11.09	C	-		
291	106	U	2.86	C	A		
291	107	O	11.09	G	-		
291	108	O	11.09	G	-		
291	109	O	11.09	A	-		
292	0	O	24.95	T	-		
292	1	O	24.95	T	-		
292	2	O	24.95	A	-		
292	3	O	24.95	A	-		
292	4	O	24.95	G	-		
292	5	O	24.95	G	-		
292	6	O	24.95	G	-		
292	7	O	24.95	C	-		
292	8	O	24.95	A	-		
292	9	O	24.95	T	-		
292	10	O	24.95	A	-		
292	11	O	24.95	T	-		
292	12	O	15.03	T	-		
292	13	O	24.95	A	-		
292	14	O	24.95	G	-		
292	15	O	24.95	A	-		
292	16	O	24.95	G	-		
292	17	O	24.95	G	-		
292	18	O	24.95	A	-		
292	19	O	24.95	C	-		
292	20	O	24.95	C	-		
292	21	O	24.95	C	-		
292	22	O	24.95	A	-		
292	23	O	24.95	A	-		
292	24	O	24.95	C	-		
292	25	O	24.95	C	-		
292	26	O	24.95	C	-		
292	27	O	24.95	A	-		
292	28	O	24.95	G	-		
292	29	O	24.95	A	-		
292	30	O	24.95	T	-		
292	31	O	24.95	T	-		
292	32	O	24.95	T	-		
292	33	O	24.95	A	-		
292	34	O	24.95	T	-		
292	35	O	24.95	G	-		
292	36	O	24.95	T	-		
292	37	O	24.95	T	-		
292	38	O	24.95	T	-		
292	39	O	24.95	A	-		
292	40	O	24.95	A	-		
292	41	O	24.95	G	-		
292	42	O	24.95	C	-		
292	43	O	24.95	A	-		
292	44	O	24.95	C	-		
292	45	O	24.95	A	-		
292	46	O	24.95	A	-		
292	47	O	24.95	A	-		
292	48	O	24.95	T	-		
292	49	O	24.95	G	-		
292	50	O	15.03	T	-		
292	51	O	24.95	G	-		
292	52	O	24.95	C	-		
292	53	O	24.95	A	-		
292	54	O	24.95	G	-		
292	55	O	24.95	A	-		
292	56	O	24.95	G	-		
292	57	O	24.95	T	-		
292	58	O	24.95	T	-		
292	59	O	24.95	G	-		
292	60	O	24.95	A	-		
292	61	O	24.95	A	-		
292	62	O	24.95	G	-		
292	63	O	24.95	A	-		
292	64	O	24.95	A	-		
292	65	O	24.95	A	-		
292	66	O	24.95	C	-		
292	67	O	24.95	T	-		
292	68	O	24.95	C	-		
292	69	O	24.95	C	-		
292	70	O	24.95	A	-		
292	71	O	24.95	C	-		
292	72	O	24.95	A	-		
292	73	O	24.95	C	-		
292	74	O	24.95	A	-		
292	75	O	24.95	A	-		
292	76	O	24.95	T	-		
292	77	O	24.95	G	-		
292	78	O	24.95	G	-		
292	79	O	24.95	C	-		
292	80	O	24.95	A	-		
292	81	O	24.95	G	-		
292	82	O	24.95	A	-		
292	83	O	24.95	A	-		
292	84	O	24.95	T	-		
292	85	O	24.95	T	-		
292	86	O	24.95	T	-		
292	87	O	24.95	A	-		
292	88	O	24.95	G	-		
292	89	O	24.95	C	-		
292	90	O	24.95	T	-		
292	91	O	24.95	T	-		
292	92	O	24.95	T	-		
292	93	O	24.95	T	-		
292	94	O	24.95	T	-		
292	95	O	24.95	C	-		
292	96	O	24.95	T	-		
292	97	O	24.95	G	-		
292	98	O	24.95	T	-		
292	99	O	24.95	G	-		
292	100	O	24.95	A	-		
292	101	O	24.95	A	-		
292	102	O	24.95	T	-		
292	103	O	24.95	T	-		
292	104	O	24.95	A	-		
292	105	O	24.95	A	-		
292	106	O	24.95	G	-		
292	107	O	24.95	A	-		
292	108	O	24.95	T	-		
292	109	O	24.95	A	-		
293	0	O	5.55	T	-		
293	1	O	5.55	C	-		
293	2	O	5.55	C	-		
293	3	O	5.55	A	-		
293	4	O	5.55	G	-		
293	5	O	5.55	G	-		
293	6	O	5.55	A	-		
293	7	O	5.55	G	-		
293	8	O	5.55	G	-		
293	9	O	5.55	A	-		
293	10	O	5.55	G	-		
293	11	O	5.55	C	-		
293	12	O	5.55	T	-		
293	13	O	5.55	A	-		
293	14	O	5.55	A	-		
293	15	O	5.55	T	-		
293	16	O	5.55	T	-		
293	17	O	5.55	G	-		
293	18	O	5.55	A	-		
293	19	O	5.55	T	-		
293	20	O	5.55	T	-		
293	21	O	5.55	T	-		
293	22	O	5.55	G	-		
293	23	O	5.55	G	-		
293	24	O	5.55	A	-		
293	25	O	5.55	A	-		
293	26	O	5.55	A	-		
293	27	O	5.55	G	-		
293	28	O	5.55	G	-		
293	29	O	5.55	A	-		
293	30	O	5.55	A	-		
293	31	O	5.55	G	-		
293	32	O	5.55	G	-		
293	33	O	5.55	T	-		
293	34	O	5.55	G	-		
293	35	O	5.55	T	-		
293	36	O	5.55	T	-		
293	37	O	5.55	C	-		
293	38	O	5.55	C	-		
293	39	O	5.55	T	-		
293	40	O	5.55	G	-		
293	41	O	5.55	A	-		
293	42	O	5.55	T	-		
293	43	O	5.55	G	-		
293	44	O	5.55	G	-		
293	45	O	5.55	A	-		
293	46	O	5.55	G	-		
293	47	O	5.55	G	-		
293	48	O	5.55	C	-		
293	49	O	5.55	A	-		
293	50	O	5.55	A	-		
293	51	O	5.55	T	-		
293	52	O	5.55	T	-		
293	53	O	5.55	A	-		
293	54	O	5.55	T	-		
293	55	O	5.55	G	-		
293	56	O	5.55	A	-		
293	57	O	5.55	A	-		
293	58	O	5.55	A	-		
293	59	O	5.55	G	-		
293	60	O	5.55	A	-		
293	61	O	5.55	A	-		
293	62	O	5.55	A	-		
293	63	O	5.55	G	-		
293	64	O	5.55	C	-		
293	65	O	5.55	A	-		
293	66	O	5.55	T	-		
293	67	O	5.55	A	-		
293	68	O	5.55	G	-		
293	69	O	5.55	A	-		
293	70	O	5.55	G	-		
293	71	O	5.55	T	-		
293	72	O	5.55	T	-		
293	73	O	5.55	G	-		
293	74	O	5.55	C	-		
293	75	O	5.55	A	-		
293	76	O	5.55	G	-		
293	77	O	5.55	G	-		
293	78	O	5.55	A	-		
293	79	O	5.55	C	-		
293	80	O	5.55	T	-		
293	81	O	5.55	T	-		
293	82	O	5.55	G	-		
293	83	O	5.55	A	-		
293	84	O	5.55	C	-		
293	85	O	5.55	A	-		
293	86	O	5.55	A	-		
293	87	O	5.55	G	-		
293	88	O	5.55	A	-		
293	89	O	5.55	T	-		
293	90	O	5.55	A	-		
293	91	O	5.55	T	-		
293	92	O	5.55	C	-		
293	93	O	5.55	C	-		
293	94	O	5.55	T	-		
293	95	O	5.55	C	-		
293	96	O	5.55	A	-		
293	97	O	5.55	C	-		
293	98	O	5.55	C	-		
293	99	O	5.55	A	-		
293	100	O	5.55	A	-		
293	101	O	5.55	A	-		
293	102	O	5.55	T	-		
293	103	O	5.55	T	-		
293	104	O	5.55	A	-		
293	105	O	5.55	C	-		
293	106	O	5.55	A	-		
293	107	O	5.55	T	-		
293	108	O	5.55	T	-		
293	109	O	5.55	G	-		
294	0	O	16.64	T	-		
294	1	O	16.64	G	-		
294	2	O	16.64	C	-		
294	3	O	16.64	G	-		
294	4	O	16.64	C	-		
294	5	O	16.64	C	-		
294	6	O	16.64	G	-		
294	7	O	16.64	T	-		
294	8	O	16.64	A	-		
294	9	O	16.64	C	-		
294	10	O	16.64	G	-		
294	11	O	16.64	T	-		
294	12	O	16.64	C	-		
294	13	O	16.64	G	-		
294	14	O	16.64	G	-		
294	15	O	16.64	C	-		
294	16	O	16.64	G	-		
294	17	O	16.64	T	-		
294	18	O	16.64	C	-		
294	19	O	16.64	A	-		
294	20	O	16.64	T	-		
294	21	O	16.64	C	-		
294	22	O	16.64	A	-		
294	23	O	16.64	T	-		
294	24	O	16.64	A	-		
294	25	O	16.64	G	-		
294	26	O	16.64	C	-		
294	27	O	16.64	A	-		
294	28	O	16.64	T	-		
294	29	O	16.64	C	-		
294	30	O	16.64	T	-		
294	31	O	16.64	G	-		
294	32	O	16.64	C	-		
294	33	O	16.64	C	-		
294	34	O	16.64	A	-		
294	35	O	16.64	C	-		
294	36	O	16.64	G	-		
294	37	O	16.64	G	-		
294	38	O	16.64	A	-		
294	39	O	16.64	C	-		
294	40	O	16.64	A	-		
294	41	O	16.64	A	-		
294	42	O	16.64	G	-		
294	43	O	16.64	A	-		
294	44	O	16.64	C	-		
294	45	O	16.64	A	-		
294	46	O	16.64	G	-		
294	47	O	16.64	C	-		
294	48	O	16.64	C	-		
294	49	O	16.64	T	-		
294	50	O	16.64	C	-		
294	51	O	16.64	A	-		
294	52	O	16.64	A	-		
294	53	O	16.64	C	-		
294	54	O	16.64	G	-		
294	55	O	16.64	G	-		
294	56	O	16.64	C	-		
294	57	O	16.64	C	-		
294	58	O	16.64	G	-		
294	59	O	16.64	A	-		
294	60	O	16.64	A	-		
294	61	O	16.64	A	-		
294	62	O	16.64	G	-		
294	63	O	16.64	C	-		
294	64	O	16.64	C	-		
294	65	O	16.64	A	-		
294	66	O	16.64	A	-		
294	67	O	16.64	C	-		
294	68	O	16.64	T	-		
294	69	O	16.64	G	-		
294	70	O	16.64	T	-		
294	71	O	16.64	A	-		
294	72	O	16.64	C	-		
294	73	O	16.64	C	-		
294	74	O	16.64	T	-		
294	75	O	16.64	G	-		
294	76	O	16.64	C	-		
294	77	O	16.64	C	-		
294	78	O	16.64	A	-		
294	79	O	16.64	A	-		
294	80	O	16.64	A	-		
294	81	O	16.64	G	-		
294	82	O	16.64	A	-		
294	83	O	16.64	A	-		
294	84	O	16.64	T	-		
294	85	O	16.64	G	-		
294	86	O	16.64	A	-		
294	87	O	16.64	G	-		
294	88	O	16.64	G	-		
294	89	O	16.64	T	-		
294	90	O	16.64	A	-		
294	91	O	16.64	T	-		
294	92	O	16.64	C	-		
294	93	O	16.64	G	-		
294	94	O	16.64	T	-		
294	95	O	16.64	T	-		
294	96	O	16.64	G	-		
294	97	O	16.64	G	-		
294	98	O	16.64	T	-		
294	99	O	16.64	G	-		
294	100	O	16.64	G	-		
294	101	O	16.64	C	-		
294	102	O	16.64	C	-		
294	103	O	16.64	T	-		
294	104	O	16.64	G	-		
294	105	O	16.64	C	-		
294	106	O	16.64	C	-		
294	107	O	16.64	A	-		
294	108	O	16.64	G	-		
294	109	O	16.64	T	-		
295	0	O	6.93	T	-		
295	1	O	6.93	T	-		
295	2	O	6.93	C	-		
295	3	O	6.93	G	-		
295	4	O	6.93	G	-		
295	5	O	6.93	T	-		
295	6	O	6.93	G	-		
295	7	O	6.93	G	-		
295	8	O	6.93	T	-		
295	9	O	6.93	G	-		
295	10	O	6.93	T	-		
295	11	O	6.93	G	-		
295	12	O	6.93	A	-		
295	13	O	6.93	G	-		
295	14	O	6.93	A	-		
295	15	O	6.93	T	-		
295	16	O	6.93	G	-		
295	17	O	6.93	G	-		
295	18	O	6.93	A	-		
295	19	O	6.93	C	-		
295	20	O	6.93	G	-		
295	21	O	6.93	C	-		
295	22	O	6.93	T	-		
295	23	O	6.93	T	-		
295	24	O	6.93	C	-		
295	25	O	6.93	T	-		
295	26	O	6.93	T	-		
295	27	O	6.93	T	-		
295	28	O	6.93	A	-		
295	29	O	6.93	T	-		
295	30	O	6.93	A	-		
295	31	O	6.93	G	-		
295	32	O	6.93	A	-		
295	33	O	6.93	G	-		
295	34	O	6.93	A	-		
295	35	O	6.93	G	-		
295	36	O	6.93	A	-		
295	37	O	6.93	G	-		
295	38	O	6.93	C	-		
295	39	O	6.93	A	-		
295	40	O	6.93	T	-		
295	41	O	6.93	A	-		
295	42	O	6.93	T	-		
295	43	O	6.93	C	-		
295	44	O	6.93	C	-		
295	45	O	6.93	A	-		
295	46	O	6.93	T	-		
295	47	O	6.93	C	-		
295	48	O	6.93	C	-		
295	49	O	6.93	A	-		
295	50	O	6.93	T	-		
295	51	O	6.93	C	-		
295	52	O	6.93	A	-		
295	53	O	6.93	T	-		
295	54	O	6.93	G	-		
295	55	O	6.93	T	-		
295	56	O	6.93	G	-		
295	57	O	6.93	T	-		
295	58	O	6.93	T	-		
295	59	O	6.93	T	-		
295	60	O	6.93	C	-		
295	61	O	6.93	G	-		
295	62	O	6.93	C	-		
295	63	O	6.93	G	-		
295	64	O	6.93	G	-		
295	65	O	6.93	G	-		
295	66	O	6.93	T	-		
295	67	O	6.93	T	-		
295	68	O	6.93	T	-		
295	69	O	6.93	C	-		
295	70	O	6.93	G	-		
295	71	O	6.93	C	-		
295	72	O	6.93	C	-		
295	73	O	6.93	T	-		
295	74	O	6.93	A	-		
295	75	O	6.93	C	-		
295	76	O	6.93	T	-		
295	77	O	6.93	G	-		
295	78	O	6.93	T	-		
295	79	O	6.93	C	-		
295	80	O	6.93	T	-		
295	81	O	6.93	G	-		
295	82	O	6.93	C	-		
295	83	O	6.93	G	-		
295	84	O	6.93	A	-		
295	85	O	6.93	T	-		
295	86	O	6.93	C	-		
295	87	O	6.93	A	-		
295	88	O	6.93	G	-		
295	89	O	6.93	T	-		
295	90	O	6.93	A	-		
295	91	O	6.93	G	-		
295	92	O	6.93	C	-		
295	93	O	6.93	C	-		
295	94	O	6.93	T	-		
295	95	O	6.93	C	-		
295	96	O	6.93	T	-		
295	97	O	6.93	G	-		
295	98	O	6.93	C	-		
295	99	O	6.93	C	-		
295	100	O	6.93	C	-		
295	101	O	6.93	G	-		
295	102	O	6.93	G	-		
295	103	O	6.93	T	-		
295	104	O	6.93	A	-		
295	105	O	6.93	A	-		
295	106	O	6.93	T	-		
295	107	O	6.93	C	-		
295	108	O	6.93	C	-		
295	109	O	6.93	T	-		
296	0	O	11.09	C	-		
296	1	O	11.09	G	-		
296	2	O	11.09	C	-		
296	3	O	11.09	A	-		
296	4	O	11.09	G	-		
296	5	O	11.09	C	-		
296	6	O	11.09	G	-		
296	7	O	11.09	C	-		
296	8	O	11.09	A	-		
296	9	O	11.09	G	-		
296	10	O	11.09	G	-		
296	11	O	11.09	C	-		
296	12	O	11.09	A	-		
296	13	O	11.09	T	-		
296	14	O	11.09	T	-		
296	15	O	11.09	T	-		
296	16	O	11.09	G	-		
296	17	O	11.09	C	-		
296	18	O	11.09	G	-		
296	19	O	11.09	C	-		
296	20	O	11.09	A	-		
296	21	O	11.09	T	-		
296	22	O	11.09	T	-		
296	23	O	11.09	G	-		
296	24	O	11.09	C	-		
296	25	O	11.09	G	-		
296	26	O	11.09	T	-		
296	27	O	11.09	C	-		
296	28	O	11.09	A	-		
296	29	O	11.09	G	-		
296	30	O	11.09	C	-		
296	31	O	11.09	G	-		
296	32	O	11.09	C	-		
296	33	O	11.09	G	-		
296	34	O	11.09	C	-		
296	35	O	11.09	G	-		
296	36	O	11.09	C	-		
296	37	O	11.09	A	-		
296	38	O	11.09	G	-		
296	39	O	11.09	G	-		
296	40	O	11.09	C	-		
296	41	O	11.09	G	-		
296	42	O	11.09	G	-		
296	43	O	11.09	C	-		
296	44	O	11.09	C	-		
296	45	O	11.09	T	-		
296	46	O	11.09	G	-		
296	47	O	11.09	C	-		
296	48	O	11.09	C	-		
296	49	O	11.09	A	-		
296	50	O	11.09	G	-		
296	51	O	11.09	G	-		
296	52	O	11.09	C	-		
296	53	O	11.09	G	-		
296	54	O	11.09	G	-		
296	55	O	11.09	C	-		
296	56	O	11.09	C	-		
296	57	O	11.09	T	-		
296	58	O	11.09	G	-		
296	59	O	11.09	C	-		
296	60	O	11.09	C	-		
296	61	O	11.09	A	-		
296	62	O	11.09	G	-		
296	63	O	11.09	A	-		
296	64	O	11.09	T	-		
296	65	O	11.09	C	-		
296	66	O	11.09	G	-		
296	67	O	11.09	C	-		
296	68	O	11.09	C	-		
296	69	O	11.09	T	-		
296	70	O	11.09	G	-		
296	71	O	11.09	C	-		
296	72	O	11.09	C	-		
296	73	O	11.09	C	-		
296	74	O	11.09	A	-		
296	75	O	11.09	G	-		
296	76	O	11.09	T	-		
296	77	O	11.09	C	-		
296	78	O	11.09	G	-		
296	79	O	11.09	A	-		
296	80	O	11.09	T	-		
296	81	O	11.09	T	-		
296	82	O	11.09	G	-		
296	83	O	11.09	T	-		
296	84	O	11.09	G	-		
296	85	O	11.09	G	-		
296	86	O	11.09	C	-		
296	87	O	11.09	T	-		
296	88	O	11.09	G	-		
296	89	O	11.09	T	-		
296	90	O	11.09	T	-		
296	91	O	11.09	T	-		
296	92	O	11.09	A	-		
296	93	O	11.09	A	-		
296	94	O	11.09	C	-		
296	95	O	11.09	G	-		
296	96	O	11.09	G	-		
296	97	O	11.09	G	-		
296	98	O	11.09	A	-		
296	99	O	11.09	C	-		
296	100	O	11.09	A	-		
296	101	O	11.09	A	-		
296	102	O	11.09	G	-		
296	103	O	11.09	T	-		
296	104	O	11.09	T	-		
296	105	O	11.09	C	-		
296	106	O	11.09	G	-		
296	107	O	11.09	G	-		
296	108	O	11.09	G	-		
296	109	O	11.09	C	-		
297	0	O	5.55	G	-		
297	1	O	5.55	G	-		
297	2	O	5.55	C	-		
297	3	O	5.55	G	-		
297	4	O	5.55	A	-		
297	5	O	5.55	T	-		
297	6	O	5.55	T	-		
297	7	O	5.55	C	-		
297	8	O	5.55	G	-		
297	9	O	5.55	C	-		
297	10	O	5.55	G	-		
297	11	O	5.55	G	-		
297	12	O	5.55	G	-		
297	13	O	5.55	G	-		
297	14	O	5.55	C	-		
297	15	O	5.55	G	-		
297	16	O	5.55	C	-		
297	17	O	5.55	G	-		
297	18	O	5.55	C	-		
297	19	O	5.55	A	-		
297	20	O	5.55	T	-		
297	21	O	5.55	A	-		
297	22	O	5.55	G	-		
297	23	O	5.55	C	-		
297	24	O	5.55	G	-		
297	25	O	5.55	C	-		
297	26	O	5.55	G	-		
297	27	O	5.55	A	-		
297	28	O	5.55	G	-		
297	29	O	5.55	T	-		
297	30	O	5.55	T	-		
297	31	O	5.55	G	-		
297	32	O	5.55	C	-		
297	33	O	5.55	G	-		
297	34	O	5.55	A	-		
297	35	O	5.55	C	-		
297	36	O	5.55	C	-		
297	37	O	5.55	G	-		
297	38	O	5.55	A	-		
297	39	O	5.55	T	-		
297	40	O	5.55	G	-		
297	41	O	5.55	A	-		
297	42	O	5.55	T	-		
297	43	O	5.55	A	-		
297	44	O	5.55	A	-		
297	45	O	5.55	T	-		
297	46	O	5.55	G	-		
297	47	O	5.55	T	-		
297	48	O	5.55	T	-		
297	49	O	5.55	G	-		
297	50	O	5.55	G	-		
297	51	O	5.55	T	-		
297	52	O	5.55	G	-		
297	53	O	5.55	G	-		
297	54	O	5.55	T	-		
297	55	O	5.55	A	-		
297	56	O	5.55	T	-		
297	57	O	5.55	C	-		
297	58	O	5.55	C	-		
297	59	O	5.55	A	-		
297	60	O	5.55	T	-		
297	61	O	5.55	G	-		
297	62	O	5.55	G	-		
297	63	O	5.55	T	-		
297	64	O	5.55	G	-		
297	65	O	5.55	C	-		
297	66	O	5.55	T	-		
297	67	O	5.55	G	-		
297	68	O	5.55	G	-		
297	69	O	5.55	A	-		
297	70	O	5.55	T	-		
297	71	O	5.55	T	-		
297	72	O	5.55	T	-		
297	73	O	5.55	T	-		
297	74	O	5.55	G	-		
297	75	O	5.55	C	-		
297	76	O	5.55	G	-		
297	77	O	5.55	T	-		
297	78	O	5.55	A	-		
297	79	O	5.55	G	-		
297	80	O	5.55	T	-		
297	81	O	5.55	A	-		
297	82	O	5.55	A	-		
297	83	O	5.55	A	-		
297	84	O	5.55	A	-		
297	85	O	5.55	G	-		
297	86	O	5.55	T	-		
297	87	O	5.55	A	-		
297	88	O	5.55	G	-		
297	89	O	5.55	A	-		
297	90	O	5.55	A	-		
297	91	O	5.55	A	-		
297	92	O	5.55	T	-		
297	93	O	5.55	G	-		
297	94	O	5.55	G	-		
297	95	O	5.55	T	-		
297	96	O	5.55	C	-		
297	97	O	5.55	C	-		
297	98	O	5.55	T	-		
297	99	O	5.55	C	-		
297	100	O	5.55	G	-		
297	101	O	5.55	G	-		
297	102	O	5.55	T	-		
297	103	O	5.55	G	-		
297	104	O	5.55	T	-		
297	105	O	5.55	A	-		
297	106	O	5.55	C	-		
297	107	O	5.55	A	-		
297	108	O	5.55	G	-		
297	109	O	5.55	A	-		
298	0	O	5.55	G	-		
298	1	O	5.55	A	-		
298	2	O	5.55	A	-		
298	3	O	5.55	A	-		
298	4	O	5.55	G	-		
298	5	O	5.55	T	-		
298	6	O	5.55	G	-		
298	7	O	5.55	A	-		
298	8	O	5.55	G	-		
298	9	O	5.55	G	-		
298	10	O	5.55	G	-		
298	11	O	5.55	T	-		
298	12	O	5.55	T	-		
298	13	O	5.55	C	-		
298	14	O	5.55	A	-		
298	15	O	5.55	G	-		
298	16	O	5.55	G	-		
298	17	O	5.55	T	-		
298	18	O	5.55	G	-		
298	19	O	5.55	G	-		
298	20	O	5.55	C	-		
298	21	O	5.55	A	-		
298	22	O	5.55	A	-		
298	23	O	5.55	C	-		
298	24	O	5.55	A	-		
298	25	O	5.55	C	-		
298	26	O	5.55	T	-		
298	27	O	5.55	G	-		
298	28	O	5.55	A	-		
298	29	O	5.55	T	-		
298	30	O	5.55	G	-		
298	31	O	5.55	G	-		
298	32	O	5.55	G	-		
298	33	O	5.55	C	-		
298	34	O	5.55	A	-		
298	35	O	5.55	G	-		
298	36	O	5.55	A	-		
298	37	O	5.55	T	-		
298	38	O	5.55	A	-		
298	39	O	5.55	T	-		
298	40	O	5.55	C	-		
298	41	O	5.55	C	-		
298	42	O	5.55	T	-		
298	43	O	5.55	C	-		
298	44	O	5.55	A	-		
298	45	O	5.55	A	-		
298	46	O	5.55	C	-		
298	47	O	5.55	A	-		
298	48	O	5.55	T	-		
298	49	O	5.55	T	-		
298	50	O	5.55	T	-		
298	51	O	5.55	C	-		
298	52	O	5.55	T	-		
298	53	O	5.55	T	-		
298	54	O	5.55	G	-		
298	55	O	5.55	T	-		
298	56	O	5.55	T	-		
298	57	O	5.55	C	-		
298	58	O	5.55	C	-		
298	59	O	5.55	T	-		
298	60	O	5.55	T	-		
298	61	O	5.55	A	-		
298	62	O	5.55	T	-		
298	63	O	5.55	T	-		
298	64	O	5.55	T	-		
298	65	O	5.55	C	-		
298	66	O	5.55	T	-		
298	67	O	5.55	C	-		
298	68	O	5.55	C	-		
298	69	O	5.55	T	-		
298	70	O	5.55	G	-		
298	71	O	5.55	C	-		
298	72	O	5.55	T	-		
298	73	O	5.55	T	-		
298	74	O	5.55	T	-		
298	75	O	5.55	C	-		
298	76	O	5.55	T	-		
298	77	O	5.55	G	-		
298	78	O	5.55	T	-		
298	79	O	5.55	C	-		
298	80	O	5.55	T	-		
298	81	O	5.55	G	-		
298	82	O	5.55	T	-		
298	83	O	5.55	C	-		
298	84	O	5.55	T	-		
298	85	O	5.55	T	-		
298	86	O	5.55	G	-		
298	87	O	5.55	T	-		
298	88	O	5.55	G	-		
298	89	O	5.55	T	-		
298	90	O	5.55	G	-		
298	91	O	5.55	C	-		
298	92	O	5.55	T	-		
298	93	O	5.55	C	-		
298	94	O	5.55	G	-		
298	95	O	5.55	T	-		
298	96	O	5.55	T	-		
298	97	O	5.55	G	-		
298	98	O	5.55	C	-		
298	99	O	5.55	G	-		
298	100	O	5.55	C	-		
298	101	O	5.55	T	-		
298	102	O	5.55	A	-		
298	103	O	5.55	A	-		
298	104	O	5.55	C	-		
298	105	O	5.55	T	-		
298	106	O	5.55	T	-		
298	107	O	5.55	A	-		
298	108	O	5.55	C	-		
298	109	O	5.55	T	-		
299	0	O	9.70	T	-		
299	1	O	9.70	A	-		
299	2	O	9.70	T	-		
299	3	O	9.70	G	-		
299	4	O	9.70	C	-		
299	5	O	9.70	G	-		
299	6	O	9.70	T	-		
299	7	O	9.70	G	-		
299	8	O	9.70	G	-		
299	9	O	9.70	T	-		
299	10	O	9.70	C	-		
299	11	O	9.70	G	-		
299	12	O	9.70	T	-		
299	13	O	9.70	C	-		
299	14	O	9.70	T	-		
299	15	O	9.70	G	-		
299	16	O	9.70	T	-		
299	17	O	9.70	C	-		
299	18	O	9.70	A	-		
299	19	O	9.70	G	-		
299	20	O	9.70	C	-		
299	21	O	9.70	C	-		
299	22	O	9.70	T	-		
299	23	O	9.70	C	-		
299	24	O	9.70	T	-		
299	25	O	9.70	G	-		
299	26	O	9.70	T	-		
299	27	O	9.70	T	-		
299	28	O	9.70	G	-		
299	29	O	9.70	T	-		
299	30	O	9.70	T	-		
299	31	O	9.70	G	-		
299	32	O	9.70	T	-		
299	33	O	9.70	T	-		
299	34	O	9.70	G	-		
299	35	O	9.70	A	-		
299	36	O	9.70	T	-		
299	37	O	9.70	G	-		
299	38	O	9.70	C	-		
299	39	O	9.70	T	-		
299	40	O	9.70	G	-		
299	41	O	9.70	T	-		
299	42	O	9.70	C	-		
299	43	O	9.70	C	-		
299	44	O	9.70	G	-		
299	45	O	9.70	C	-		
299	46	O	9.70	C	-		
299	47	O	9.70	G	-		
299	48	O	9.70	A	-		
299	49	O	9.70	C	-		
299	50	O	9.70	A	-		
299	51	O	9.70	C	-		
299	52	O	9.70	T	-		
299	53	O	9.70	C	-		
299	54	O	9.70	T	-		
299	55	O	9.70	T	-		
299	56	O	9.70	G	-		
299	57	O	9.70	G	-		
299	58	O	9.70	G	-		
299	59	O	9.70	C	-		
299	60	O	9.70	T	-		
299	61	O	9.70	C	-		
299	62	O	9.70	T	-		
299	63	O	9.70	G	-		
299	64	O	9.70	T	-		
299	65	O	9.70	C	-		
299	66	O	9.70	T	-		
299	67	O	9.70	A	-		
299	68	O	9.70	A	-		
299	69	O	9.70	C	-		
299	70	O	9.70	T	-		
299	71	O	9.70	T	-		
299	72	O	9.70	G	-		
299	73	O	9.70	T	-		
299	74	O	9.70	C	-		
299	75	O	9.70	A	-		
299	76	O	9.70	A	-		
299	77	O	9.70	G	-		
299	78	O	9.70	A	-		
299	79	O	9.70	T	-		
299	80	O	9.70	C	-		
299	81	O	9.70	A	-		
299	82	O	9.70	C	-		
299	83	O	9.70	C	-		
299	84	O	9.70	C	-		
299	85	O	9.70	A	-		
299	86	O	9.70	G	-		
299	87	O	9.70	C	-		
299	88	O	9.70	T	-		
299	89	O	9.70	C	-		
299	90	O	9.70	G	-		
299	91	O	9.70	T	-		
299	92	O	9.70	T	-		
299	93	O	9.70	G	-		
299	94	O	9.70	C	-		
299	95	O	9.70	A	-		
299	96	O	9.70	T	-		
299	97	O	9.70	C	-		
299	98	O	9.70	G	-		
299	99	O	9.70	G	-		
299	100	O	9.70	T	-		
299	101	O	9.70	C	-		
299	102	O	9.70	T	-		
299	103	O	9.70	A	-		
299	104	O	9.70	C	-		
299	105	O	9.70	T	-		
299	106	O	9.70	G	-		
299	107	O	9.70	C	-		
299	108	O	9.70	T	-		
299	109	O	9.70	A	-		
300	0	U	1.77	A	T		
300	1	O	9.70	A	-		
300	2	O	9.70	A	-		
300	3	O	9.70	A	-		
300	4	O	9.70	T	-		
300	5	O	9.70	G	-		
300	6	O	9.70	C	-		
300	7	O	9.70	A	-		
300	8	O	9.70	T	-		
300	9	O	9.70	C	-		
300	10	O	9.70	A	-		
300	11	O	9.70	A	-		
300	12	O	9.70	G	-		
300	13	O	9.70	C	-		
300	14	O	9.70	T	-		
300	15	O	9.70	T	-		
300	16	O	9.70	C	-		
300	17	O	9.70	T	-		
300	18	O	9.70	T	-		
300	19	O	9.70	T	-		
300	20	O	9.70	G	-		
300	21	O	9.70	G	-		
300	22	O	9.70	C	-		
300	23	O	9.70	A	-		
300	24	O	9.70	C	-		
300	25	O	9.70	C	-		
300	26	O	9.70	T	-		
300	27	O	9.70	T	-		
300	28	O	9.70	G	-		
300	29	O	9.70	G	-		
300	30	O	9.70	T	-		
300	31	O	9.70	A	-		
300	32	O	9.70	T	-		
300	33	O	9.70	G	-		
300	34	O	9.70	T	-		
300	35	O	9.70	C	-		
300	36	O	9.70	A	-		
300	37	O	9.70	T	-		
300	38	O	9.70	A	-		
300	39	O	9.70	A	-		
300	40	O	9.70	T	-		
300	41	O	9.70	T	-		
300	42	O	9.70	T	-		
300	43	O	9.70	C	-		
300	44	O	9.70	C	-		
300	45	O	9.70	A	-		
300	46	O	9.70	G	-		
300	47	O	9.70	A	-		
300	48	O	9.70	A	-		
300	49	O	9.70	G	-		
300	50	O	9.70	A	-		
300	51	O	9.70	A	-		
300	52	O	9.70	C	-		
300	53	O	9.70	C	-		
300	54	O	9.70	A	-		
300	55	O	9.70	T	-		
300	56	O	9.70	C	-		
300	57	O	9.70	T	-		
300	58	O	9.70	C	-		
300	59	O	9.70	G	-		
300	60	O	9.70	A	-		
300	61	O	9.70	C	-		
300	62	O	9.70	C	-		
300	63	O	9.70	T	-		
300	64	O	9.70	C	-		
300	65	O	9.70	C	-		
300	66	O	9.70	C	-		
300	67	O	9.70	C	-		
300	68	O	9.70	T	-		
300	69	O	9.70	T	-		
300	70	O	9.70	C	-		
300	71	O	9.70	T	-		
300	72	O	9.70	T	-		
300	73	O	9.70	G	-		
300	74	O	9.70	T	-		
300	75	O	9.70	A	-		
300	76	O	9.70	A	-		
300	77	O	9.70	G	-		
300	78	O	9.70	T	-		
300	79	O	9.70	T	-		
300	80	O	9.70	C	-		
300	81	O	9.70	T	-		
300	82	O	9.70	C	-		
300	83	O	9.70	A	-		
300	84	O	9.70	A	-		
300	85	O	9.70	A	-		
300	86	O	9.70	C	-		
300	87	O	9.70	A	-		
300	88	O	9.70	T	-		
300	89	O	9.70	T	-		
300	90	O	9.70	C	-		
300	91	O	9.70	T	-		
300	92	O	9.70	C	-		
300	93	O	9.70	C	-		
300	94	O	9.70	A	-		
300	95	O	9.70	A	-		
300	96	O	9.70	T	-		
300	97	O	9.70	C	-		
300	98	O	9.70	T	-		
300	99	O	9.70	T	-		
300	100	O	9.70	T	-		
300	101	O	9.70	T	-		
300	102	O	9.70	A	-		
300	103	O	9.70	A	-		
300	104	O	9.70	G	-		
300	105	O	9.70	T	-		
300	106	O	9.70	T	-		
300	107	O	9.70	T	-		
300	108	O	9.70	T	-		
300	109	O	9.70	A	-		
301	0	O	5.55	A	-		
301	1	O	5.55	C	-		
301	2	O	5.55	G	-		
301	3	O	5.55	A	-		
301	4	O	5.55	G	-		
301	5	O	5.55	G	-		
301	6	O	5.55	G	-		
301	7	O	5.55	C	-		
301	8	O	5.55	A	-		
301	9	O	5.55	C	-		
301	10	O	5.55	C	-		
301	11	O	5.55	A	-		
301	12	O	5.55	A	-		
301	13	O	5.55	G	-		
301	14	O	5.55	A	-		
301	15	O	5.55	A	-		
301	16	O	5.55	G	-		
301	17	O	5.55	T	-		
301	18	O	5.55	G	-		
301	19	O	5.55	G	-		
301	20	O	5.55	A	-		
301	21	O	5.55	C	-		
301	22	O	5.55	C	-		
301	23	O	5.55	T	-		
301	24	O	5.55	C	-		
301	25	O	5.55	G	-		
301	26	O	5.55	A	-		
301	27	O	5.55	C	-		
301	28	O	5.55	C	-		
301	29	O	5.55	T	-		
301	30	O	5.55	G	-		
301	31	O	5.55	G	-		
301	32	O	5.55	A	-		
301	33	O	5.55	A	-		
301	34	O	5.55	C	-		
301	35	O	5.55	C	-		
301	36	O	5.55	A	-		
301	37	O	5.55	G	-		
301	38	O	5.55	C	-		
301	39	O	5.55	T	-		
301	40	O	5.55	C	-		
301	41	O	5.55	G	-		
301	42	O	5.55	T	-		
301	43	O	5.55	C	-		
301	44	O	5.55	G	-		
301	45	O	5.55	A	-		
301	46	O	5.55	A	-		
301	47	O	5.55	G	-		
301	48	O	5.55	G	-		
301	49	O	5.55	C	-		
301	50	O	5.55	A	-		
301	51	O	5.55	A	-		
301	52	O	5.55	G	-		
301	53	O	5.55	C	-		
301	54	O	5.55	T	-		
301	55	O	5.55	G	-		
301	56	O	5.55	C	-		
301	57	O	5.55	T	-		
301	58	O	5.55	C	-		
301	59	O	5.55	T	-		
301	60	O	5.55	C	-		
301	61	O	5.55	C	-		
301	62	O	5.55	A	-		
301	63	O	5.55	C	-		
301	64	O	5.55	C	-		
301	65	O	5.55	A	-		
301	66	O	5.55	T	-		
301	67	O	5.55	C	-		
301	68	O	5.55	C	-		
301	69	O	5.55	C	-		
301	70	O	5.55	C	-		
301	71	O	5.55	G	-		
301	72	O	5.55	G	-		
301	73	O	5.55	A	-		
301	74	O	5.55	T	-		
301	75	O	5.55	G	-		
301	76	O	5.55	G	-		
301	77	O	5.55	A	-		
301	78	O	5.55	G	-		
301	79	O	5.55	C	-		
301	80	O	5.55	G	-		
301	81	O	5.55	A	-		
301	82	O	5.55	C	-		
301	83	O	5.55	G	-		
301	84	O	5.55	A	-		
301	85	O	5.55	C	-		
301	86	O	5.55	T	-		
301	87	O	5.55	G	-		
301	88	O	5.55	G	-		
301	89	O	5.55	T	-		
301	90	O	5.55	A	-		
301	91	O	5.55	C	-		
301	92	O	5.55	A	-		
301	93	O	5.55	A	-		
301	94	O	5.55	G	-		
301	95	O	5.55	G	-		
301	96	O	5.55	C	-		
301	97	O	5.55	G	-		
301	98	O	5.55	C	-		
301	99	O	5.55	T	-		
301	100	O	5.55	C	-		
301	101	O	5.55	G	-		
301	102	O	5.55	G	-		
301	103	O	5.55	C	-		
301	104	O	5.55	A	-		
301	105	O	5.55	A	-		
301	106	O	5.55	C	-		
301	107	O	5.55	G	-		
301	108	O	5.55	G	-		
301	109	O	5.55	C	-		
302	0	U	0.00	-	-		
302	1	U	0.00	-	-		
302	2	U	0.00	-	-		
302	3	U	0.00	-	-		
302	4	O	8.32	T	-		
302	5	O	12.48	G	-		
302	6	O	12.48	A	-		
302	7	O	12.48	A	-		
302	8	O	12.48	A	-		
302	9	O	12.48	A	-		
302	10	O	12.48	G	-		
302	11	O	12.48	G	-		
302	12	O	12.48	G	-		
302	13	O	12.48	T	-		
302	14	O	12.48	T	-		
302	15	O	12.48	G	-		
302	16	O	12.48	T	-		
302	17	O	12.48	A	-		
302	18	O	12.48	T	-		
302	19	O	12.48	A	-		
302	20	O	12.48	G	-		
302	21	O	12.48	A	-		
302	22	O	12.48	A	-		
302	23	O	12.48	A	-		
302	24	O	12.48	A	-		
302	25	O	12.48	G	-		
302	26	O	12.48	G	-		
302	27	O	12.48	T	-		
302	28	O	12.48	G	-		
302	29	O	12.48	T	-		
302	30	O	12.48	T	-		
302	31	O	12.48	C	-		
302	32	O	12.48	G	-		
302	33	O	12.48	C	-		
302	34	O	12.48	A	-		
302	35	O	12.48	C	-		
302	36	O	12.48	A	-		
302	37	O	12.48	C	-		
302	38	O	12.48	C	-		
302	39	O	12.48	T	-		
302	40	O	12.48	C	-		
302	41	O	12.48	C	-		
302	42	O	12.48	C	-		
302	43	O	12.48	C	-		
302	44	O	12.48	A	-		
302	45	O	12.48	T	-		
302	46	O	12.48	A	-		
302	47	O	12.48	A	-		
302	48	O	12.48	C	-		
302	49	O	12.48	G	-		
302	50	O	12.48	A	-		
302	51	O	12.48	A	-		
302	52	O	12.48	T	-		
302	53	O	12.48	A	-		
302	54	O	12.48	G	-		
302	55	O	12.48	G	-		
302	56	O	12.48	C	-		
302	57	O	12.48	T	-		
302	58	O	12.48	A	-		
302	59	O	12.48	G	-		
302	60	O	12.48	C	-		
302	61	O	12.48	T	-		
302	62	O	12.48	C	-		
302	63	O	12.48	T	-		
302	64	O	12.48	A	-		
302	65	O	12.48	T	-		
302	66	O	4.00	T	-		
302	67	O	12.48	C	-		
302	68	O	12.48	C	-		
302	69	O	12.48	C	-		
302	70	O	12.48	A	-		
302	71	O	12.48	A	-		
302	72	O	12.48	G	-		
302	73	O	12.48	A	-		
302	74	O	12.48	A	-		
302	75	O	12.48	G	-		
302	76	O	12.48	A	-		
302	77	O	12.48	T	-		
302	78	O	12.48	A	-		
302	79	O	12.48	G	-		
302	80	O	12.48	A	-		
302	81	O	12.48	G	-		
302	82	O	12.48	A	-		
302	83	O	12.48	G	-		
302	84	O	12.48	T	-		
302	85	O	12.48	C	-		
302	86	O	12.48	C	-		
302	87	O	12.48	C	-		
302	88	O	12.48	A	-		
302	89	O	12.48	C	-		
302	90	O	12.48	A	-		
302	91	O	12.48	T	-		
302	92	O	12.48	A	-		
302	93	O	12.48	C	-		
302	94	O	12.48	G	-		
302	95	O	12.48	A	-		
302	96	O	12.48	G	-		
302	97	O	12.48	A	-		
302	98	O	12.48	A	-		
302	99	O	12.48	A	-		
302	100	O	12.48	A	-		
302	101	O	12.48	G	-		
302	102	O	12.48	G	-		
302	103	O	12.48	C	-		
302	104	O	12.48	C	-		
302	105	O	12.48	A	-		
302	106	O	12.48	G	-		
302	107	O	12.48	A	-		
302	108	O	12.48	A	-		
302	109	O	12.48	G	-		
302	110	U	0.00	-	-		
302	111	U	0.00	-	-		
302	112	U	0.00	-	-		
302	113	U	0.00	-	-		
302	114	O	4.16	C	-		
303	0	O	24.95	T	-		
303	1	O	24.95	A	-		
303	2	O	24.95	C	-		
303	3	O	24.95	C	-		
303	4	O	24.95	G	-		
303	5	O	24.95	A	-		
303	6	O	24.95	A	-		
303	7	O	24.95	G	-		
303	8	O	24.95	G	-		
303	9	O	24.95	A	-		
303	10	O	24.95	T	-		
303	11	O	24.95	C	-		
303	12	O	24.95	A	-		
303	13	O	24.95	G	-		
303	14	O	24.95	G	-		
303	15	O	24.95	T	-		
303	16	O	24.95	A	-		
303	17	O	24.95	G	-		
303	18	O	24.95	T	-		
303	19	O	24.95	T	-		
303	20	O	24.95	G	-		
303	21	O	24.95	A	-		
303	22	O	24.95	T	-		
303	23	O	24.95	G	-		
303	24	O	24.95	T	-		
303	25	O	24.95	G	-		
303	26	O	24.95	G	-		
303	27	O	24.95	T	-		
303	28	O	24.95	C	-		
303	29	O	24.95	G	-		
303	30	O	24.95	G	-		
303	31	O	24.95	A	-		
303	32	O	24.95	G	-		
303	33	O	24.95	G	-		
303	34	O	24.95	A	-		
303	35	O	24.95	A	-		
303	36	O	24.95	A	-		
303	37	O	24.95	G	-		
303	38	O	24.95	C	-		
303	39	O	24.95	G	-		
303	40	O	24.95	C	-		
303	41	O	24.95	G	-		
303	42	O	24.95	C	-		
303	43	O	24.95	C	-		
303	44	O	24.95	T	-		
303	45	O	24.95	G	-		
303	46	O	24.95	A	-		
303	47	O	24.95	A	-		
303	48	O	24.95	T	-		
303	49	O	24.95	G	-		
303	50	O	24.95	C	-		
303	51	O	24.95	G	-		
303	52	O	24.95	C	-		
303	53	O	24.95	C	-		
303	54	O	24.95	A	-		
303	55	O	24.95	T	-		
303	56	O	24.95	G	-		
303	57	O	24.95	G	-		
303	58	O	24.95	C	-		
303	59	O	24.95	T	-		
303	60	O	24.95	G	-		
303	61	O	24.95	G	-		
303	62	O	24.95	A	-		
303	63	O	24.95	T	-		
303	64	O	24.95	C	-		
303	65	O	24.95	G	-		
303	66	O	24.95	T	-		
303	67	O	24.95	C	-		
303	68	O	24.95	G	-		
303	69	O	24.95	G	-		
303	70	O	24.95	A	-		
303	71	O	24.95	G	-		
303	72	O	24.95	G	-		
303	73	O	24.95	T	-		
303	74	O	24.95	G	-		
303	75	O	24.95	T	-		
303	76	O	24.95	C	-		
303	77	O	24.95	G	-		
303	78	O	24.95	G	-		
303	79	O	24.95	T	-		
303	80	O	24.95	T	-		
303	81	O	24.95	C	-		
303	82	O	24.95	G	-		
303	83	O	24.95	G	-		
303	84	O	24.95	C	-		
303	85	O	24.95	G	-		
303	86	O	24.95	G	-		
303	87	O	24.95	A	-		
303	88	O	24.95	A	-		
303	89	O	24.95	T	-		
303	90	O	24.95	C	-		
303	91	O	24.95	G	-		
303	92	O	24.95	C	-		
303	93	O	24.95	G	-		
303	94	O	24.95	C	-		
303	95	O	24.95	G	-		
303	96	O	24.95	G	-		
303	97	O	24.95	T	-		
303	98	O	24.95	G	-		
303	99	O	24.95	C	-		
303	100	O	24.95	G	-		
303	101	O	24.95	G	-		
303	102	O	24.95	A	-		
303	103	O	24.95	T	-		
303	104	O	24.95	G	-		
303	105	O	24.95	G	-		
303	106	O	24.95	T	-		
303	107	O	24.95	A	-		
303	108	O	24.95	T	-		
303	109	O	24.95	C	-		
304	0	O	5.55	C	-		
304	1	O	5.55	C	-		
304	2	O	5.55	G	-		
304	3	O	5.55	G	-		
304	4	O	5.55	G	-		
304	5	O	5.55	G	-		
304	6	O	5.55	G	-		
304	7	O	5.55	C	-		
304	8	O	5.55	G	-		
304	9	O	5.55	A	-		
304	10	O	5.55	C	-		
304	11	O	5.55	T	-		
304	12	O	5.55	T	-		
304	13	O	5.55	T	-		
304	14	O	5.55	T	-		
304	15	O	5.55	G	-		
304	16	O	5.55	C	-		
304	17	O	5.55	A	-		
304	18	O	5.55	A	-		
304	19	O	5.55	G	-		
304	20	O	5.55	C	-		
304	21	O	5.55	T	-		
304	22	O	5.55	C	-		
304	23	O	5.55	G	-		
304	24	O	5.55	C	-		
304	25	O	5.55	G	-		
304	26	O	5.55	C	-		
304	27	O	5.55	A	-		
304	28	O	5.55	C	-		
304	29	O	5.55	G	-		
304	30	O	5.55	A	-		
304	31	O	5.55	A	-		
304	32	O	5.55	A	-		
304	33	O	5.55	A	-		
304	34	O	5.55	G	-		
304	35	O	5.55	G	-		
304	36	O	5.55	A	-		
304	37	O	5.55	C	-		
304	38	O	5.55	G	-		
304	39	O	5.55	A	-		
304	40	O	5.55	T	-		
304	41	O	5.55	C	-		
304	42	O	5.55	T	-		
304	43	O	5.55	G	-		
304	44	O	5.55	T	-		
304	45	O	5.55	C	-		
304	46	O	5.55	G	-		
304	47	O	5.55	G	-		
304	48	O	5.55	A	-		
304	49	O	5.55	T	-		
304	50	O	5.55	T	-		
304	51	O	5.55	T	-		
304	52	O	5.55	G	-		
304	53	O	5.55	A	-		
304	54	O	5.55	C	-		
304	55	O	5.55	G	-		
304	56	O	5.55	A	-		
304	57	O	5.55	T	-		
304	58	O	5.55	C	-		
304	59	O	5.55	G	-		
304	60	O	5.55	C	-		
304	61	O	5.55	G	-		
304	62	O	5.55	C	-		
304	63	O	5.55	T	-		
304	64	O	5.55	G	-		
304	65	O	5.55	G	-		
304	66	O	5.55	A	-		
304	67	O	5.55	C	-		
304	68	O	5.55	C	-		
304	69	O	5.55	G	-		
304	70	O	5.55	C	-		
304	71	O	5.55	A	-		
304	72	O	5.55	C	-		
304	73	O	5.55	C	-		
304	74	O	5.55	A	-		
304	75	O	5.55	A	-		
304	76	O	5.55	G	-		
304	77	O	5.55	A	-		
304	78	O	5.55	T	-		
304	79	O	5.55	C	-		
304	80	O	5.55	G	-		
304	81	O	5.55	C	-		
304	82	O	5.55	C	-		
304	83	O	5.55	T	-		
304	84	O	5.55	C	-		
304	85	O	5.55	G	-		
304	86	O	5.55	C	-		
304	87	O	5.55	A	-		
304	88	O	5.55	C	-		
304	89	O	5.55	G	-		
304	90	O	5.55	G	-		
304	91	O	5.55	C	-		
304	92	O	5.55	C	-		
304	93	O	5.55	G	-		
304	94	O	5.55	G	-		
304	95	O	5.55	C	-		
304	96	O	5.55	C	-		
304	97	O	5.55	C	-		
304	98	O	5.55	G	-		
304	99	O	5.55	C	-		
304	100	O	5.55	T	-		
304	101	O	5.55	G	-		
304	102	O	5.55	T	-		
304	103	O	5.55	G	-		
304	104	O	5.55	A	-		
304	105	O	5.55	A	-		
304	106	O	5.55	T	-		
304	107	O	5.55	G	-		
304	108	O	5.55	C	-		
304	109	O	5.55	T	-		
305	0	O	5.55	A	-		
305	1	O	5.55	G	-		
305	2	O	5.55	A	-		
305	3	O	5.55	A	-		
305	4	O	5.55	T	-		
305	5	O	5.55	G	-		
305	6	O	5.55	T	-		
305	7	O	5.55	T	-		
305	8	O	5.55	C	-		
305	9	O	5.55	A	-		
305	10	O	5.55	A	-		
305	11	O	5.55	C	-		
305	12	O	5.55	A	-		
305	13	O	5.55	A	-		
305	14	O	5.55	T	-		
305	15	O	5.55	A	-		
305	16	O	5.55	A	-		
305	17	O	5.55	A	-		
305	18	O	5.55	C	-		
305	19	O	5.55	A	-		
305	20	O	5.55	G	-		
305	21	O	5.55	G	-		
305	22	O	5.55	C	-		
305	23	O	5.55	A	-		
305	24	O	5.55	T	-		
305	25	O	5.55	A	-		
305	26	O	5.55	C	-		
305	27	O	5.55	T	-		
305	28	O	5.55	T	-		
305	29	O	5.55	C	-		
305	30	O	5.55	T	-		
305	31	O	5.55	G	-		
305	32	O	5.55	G	-		
305	33	O	5.55	T	-		
305	34	O	5.55	T	-		
305	35	O	5.55	G	-		
305	36	O	5.55	G	-		
305	37	O	5.55	C	-		
305	38	O	5.55	A	-		
305	39	O	5.55	T	-		
305	40	O	5.55	C	-		
305	41	O	5.55	C	-		
305	42	O	5.55	T	-		
305	43	O	5.55	T	-		
305	44	O	5.55	G	-		
305	45	O	5.55	A	-		
305	46	O	5.55	C	-		
305	47	O	5.55	G	-		
305	48	O	5.55	C	-		
305	49	O	5.55	T	-		
305	50	O	5.55	C	-		
305	51	O	5.55	T	-		
305	52	O	5.55	T	-		
305	53	O	5.55	C	-		
305	54	O	5.55	T	-		
305	55	O	5.55	G	-		
305	56	O	5.55	G	-		
305	57	O	5.55	T	-		
305	58	O	5.55	G	-		
305	59	O	5.55	C	-		
305	60	O	5.55	A	-		
305	61	O	5.55	G	-		
305	62	O	5.55	C	-		
305	63	O	5.55	C	-		
305	64	O	5.55	T	-		
305	65	O	5.55	C	-		
305	66	O	5.55	T	-		
305	67	O	5.55	T	-		
305	68	O	5.55	G	-		
305	69	O	5.55	A	-		
305	70	O	5.55	G	-		
305	71	O	5.55	C	-		
305	72	O	5.55	A	-		
305	73	O	5.55	C	-		
305	74	O	5.55	C	-		
305	75	O	5.55	G	-		
305	76	O	5.55	A	-		
305	77	O	5.55	C	-		
305	78	O	5.55	C	-		
305	79	O	5.55	A	-		
305	80	O	5.55	A	-		
305	81	O	5.55	G	-		
305	82	O	5.55	A	-		
305	83	O	5.55	A	-		
305	84	O	5.55	T	-		
305	85	O	5.55	G	-		
305	86	O	5.55	G	-		
305	87	O	5.55	C	-		
305	88	O	5.55	G	-		
305	89	O	5.55	C	-		
305	90	O	5.55	C	-		
305	91	O	5.55	C	-		
305	92	O	5.55	A	-		
305	93	O	5.55	T	-		
305	94	O	5.55	C	-		
305	95	O	5.55	T	-		
305	96	O	5.55	T	-		
305	97	O	5.55	G	-		
305	98	O	5.55	G	-		
305	99	O	5.55	T	-		
305	100	O	5.55	C	-		
305	101	O	5.55	A	-		
305	102	O	5.55	G	-		
305	103	O	5.55	T	-		
305	104	O	5.55	T	-		
305	105	O	5.55	G	-		
305	106	O	5.55	T	-		
305	107	O	5.55	G	-		
305	108	O	5.55	T	-		
305	109	O	5.55	G	-		
306	0	O	5.55	C	-		
306	1	O	5.55	C	-		
306	2	O	5.55	A	-		
306	3	O	5.55	A	-		
306	4	O	5.55	C	-		
306	5	O	5.55	G	-		
306	6	O	5.55	T	-		
306	7	O	5.55	A	-		
306	8	O	5.55	G	-		
306	9	O	5.55	G	-		
306	10	O	5.55	T	-		
306	11	O	5.55	G	-		
306	12	O	5.55	T	-		
306	13	O	5.55	C	-		
306	14	O	5.55	A	-		
306	15	O	5.55	G	-		
306	16	O	5.55	G	-		
306	17	O	5.55	G	-		
306	18	O	5.55	C	-		
306	19	O	5.55	T	-		
306	20	O	5.55	G	-		
306	21	O	5.55	T	-		
306	22	O	5.55	G	-		
306	23	O	5.55	A	-		
306	24	O	5.55	A	-		
306	25	O	5.55	C	-		
306	26	O	5.55	G	-		
306	27	O	5.55	G	-		
306	28	O	5.55	T	-		
306	29	O	5.55	A	-		
306	30	O	5.55	A	-		
306	31	O	5.55	T	-		
306	32	O	5.55	C	-		
306	33	O	5.55	T	-		
306	34	O	5.55	C	-		
306	35	O	5.55	A	-		
306	36	O	5.55	A	-		
306	37	O	5.55	A	-		
306	38	O	5.55	T	-		
306	39	O	5.55	T	-		
306	40	O	5.55	T	-		
306	41	O	5.55	C	-		
306	42	O	5.55	C	-		
306	43	O	5.55	T	-		
306	44	O	5.55	T	-		
306	45	O	5.55	T	-		
306	46	O	5.55	T	-		
306	47	O	5.55	G	-		
306	48	O	5.55	A	-		
306	49	O	5.55	G	-		
306	50	O	5.55	A	-		
306	51	O	5.55	T	-		
306	52	O	5.55	G	-		
306	53	O	5.55	A	-		
306	54	O	5.55	T	-		
306	55	O	5.55	T	-		
306	56	O	5.55	G	-		
306	57	O	5.55	A	-		
306	58	O	5.55	G	-		
306	59	O	5.55	A	-		
306	60	O	5.55	C	-		
306	61	O	5.55	A	-		
306	62	O	5.55	G	-		
306	63	O	5.55	T	-		
306	64	O	5.55	C	-		
306	65	O	5.55	A	-		
306	66	O	5.55	C	-		
306	67	O	5.55	T	-		
306	68	O	5.55	A	-		
306	69	O	5.55	A	-		
306	70	O	5.55	G	-		
306	71	O	5.55	C	-		
306	72	O	5.55	A	-		
306	73	O	5.55	A	-		
306	74	O	5.55	G	-		
306	75	O	5.55	C	-		
306	76	O	5.55	T	-		
306	77	O	5.55	A	-		
306	78	O	5.55	G	-		
306	79	O	5.55	A	-		
306	80	O	5.55	G	-		
306	81	O	5.55	C	-		
306	82	O	5.55	T	-		
306	83	O	5.55	G	-		
306	84	O	5.55	C	-		
306	85	O	5.55	T	-		
306	86	O	5.55	G	-		
306	87	O	5.55	C	-		
306	88	O	5.55	T	-		
306	89	O	5.55	G	-		
306	90	O	5.55	A	-		
306	91	O	5.55	T	-		
306	92	O	5.55	G	-		
306	93	O	5.55	A	-		
306	94	O	5.55	C	-		
306	95	O	5.55	C	-		
306	96	O	5.55	A	-		
306	97	O	5.55	A	-		
306	98	O	5.55	G	-		
306	99	O	5.55	C	-		
306	100	O	5.55	C	-		
306	101	O	5.55	A	-		
306	102	O	5.55	T	-		
306	103	O	5.55	C	-		
306	104	O	5.55	A	-		
306	105	O	5.55	T	-		
306	106	O	5.55	C	-		
306	107	O	5.55	C	-		
306	108	O	5.55	A	-		
306	109	O	5.55	C	-		
307	0	O	8.32	C	-		
307	1	O	8.32	G	-		
307	2	O	8.32	A	-		
307	3	O	8.32	C	-		
307	4	O	8.32	A	-		
307	5	O	8.32	A	-		
307	6	O	8.32	T	-		
307	7	O	8.32	A	-		
307	8	O	8.32	G	-		
307	9	O	8.32	T	-		
307	10	O	8.32	C	-		
307	11	O	8.32	T	-		
307	12	O	8.32	G	-		
307	13	O	8.32	G	-		
307	14	O	8.32	T	-		
307	15	O	8.32	T	-		
307	16	O	8.32	G	-		
307	17	O	8.32	T	-		
307	18	O	8.32	G	-		
307	19	O	8.32	T	-		
307	20	O	8.32	C	-		
307	21	O	8.32	C	-		
307	22	O	8.32	A	-		
307	23	O	8.32	T	-		
307	24	O	8.32	C	-		
307	25	O	8.32	G	-		
307	26	O	8.32	C	-		
307	27	O	8.32	G	-		
307	28	O	8.32	G	-		
307	29	O	8.32	A	-		
307	30	O	8.32	G	-		
307	31	O	8.32	C	-		
307	32	O	8.32	A	-		
307	33	O	8.32	T	-		
307	34	O	8.32	G	-		
307	35	O	8.32	T	-		
307	36	O	8.32	C	-		
307	37	O	8.32	G	-		
307	38	O	8.32	G	-		
307	39	O	8.32	C	-		
307	40	O	8.32	G	-		
307	41	O	8.32	A	-		
307	42	O	8.32	A	-		
307	43	O	8.32	T	-		
307	44	O	8.32	G	-		
307	45	O	8.32	C	-		
307	46	O	8.32	C	-		
307	47	O	8.32	T	-		
307	48	O	8.32	C	-		
307	49	O	8.32	T	-		
307	50	O	8.32	T	-		
307	51	O	8.32	C	-		
307	52	O	8.32	A	-		
307	53	O	8.32	G	-		
307	54	O	8.32	C	-		
307	55	O	8.32	G	-		
307	56	O	8.32	A	-		
307	57	O	8.32	T	-		
307	58	O	8.32	T	-		
307	59	O	8.32	G	-		
307	60	O	8.32	C	-		
307	61	O	8.32	G	-		
307	62	O	8.32	A	-		
307	63	O	8.32	A	-		
307	64	O	8.32	C	-		
307	65	O	8.32	A	-		
307	66	O	8.32	A	-		
307	67	O	8.32	A	-		
307	68	O	8.32	T	-		
307	69	O	8.32	G	-		
307	70	O	8.32	G	-		
307	71	O	8.32	G	-		
307	72	O	8.32	G	-		
307	73	O	8.32	C	-		
307	74	O	8.32	G	-		
307	75	O	8.32	C	-		
307	76	O	8.32	T	-		
307	77	O	8.32	T	-		
307	78	O	8.32	G	-		
307	79	O	8.32	T	-		
307	80	O	8.32	G	-		
307	81	O	8.32	A	-		
307	82	O	8.32	A	-		
307	83	U	0.71	G	T		
307	84	O	8.32	A	-		
307	85	U	0.71	T	A		
307	86	O	8.32	C	-		
307	87	O	8.32	G	-		
307	88	O	8.32	G	-		
307	89	O	8.32	T	-		
307	90	O	8.32	G	-		
307	91	O	8.32	C	-		
307	92	O	8.32	T	-		
307	93	O	8.32	T	-		
307	94	O	8.32	G	-		
307	95	O	8.32	C	-		
307	96	O	8.32	C	-		
307	97	O	8.32	A	-		
307	98	O	8.32	G	-		
307	99	O	8.32	C	-		
307	100	O	8.32	A	-		
307	101	O	8.32	T	-		
307	102	O	8.32	A	-		
307	103	O	8.32	A	-		
307	104	O	8.32	A	-		
307	105	O	8.32	T	-		
307	106	O	8.32	T	-		
307	107	O	8.32	T	-		
307	108	O	8.32	G	-		
307	109	O	8.32	T	-		
308	0	O	11.09	T	-		
308	1	O	11.09	C	-		
308	2	O	11.09	C	-		
308	3	O	11.09	A	-		
308	4	O	11.09	C	-		
308	5	O	11.09	G	-		
308	6	O	11.09	A	-		
308	7	O	11.09	C	-		
308	8	O	11.09	T	-		
308	9	O	11.09	C	-		
308	10	O	11.09	T	-		
308	11	O	11.09	G	-		
308	12	O	11.09	A	-		
308	13	O	11.09	G	-		
308	14	O	11.09	C	-		
308	15	O	11.09	T	-		
308	16	O	11.09	T	-		
308	17	O	11.09	G	-		
308	18	O	11.09	T	-		
308	19	O	11.09	C	-		
308	20	O	11.09	C	-		
308	21	O	11.09	A	-		
308	22	O	11.09	C	-		
308	23	O	11.09	G	-		
308	24	O	11.09	C	-		
308	25	O	11.09	C	-		
308	26	O	11.09	G	-		
308	27	O	11.09	T	-		
308	28	O	11.09	A	-		
308	29	O	11.09	C	-		
308	30	O	11.09	A	-		
308	31	O	11.09	C	-		
308	32	O	11.09	C	-		
308	33	O	11.09	T	-		
308	34	O	11.09	T	-		
308	35	O	11.09	C	-		
308	36	O	11.09	A	-		
308	37	O	11.09	G	-		
308	38	O	11.09	C	-		
308	39	O	11.09	T	-		
308	40	O	11.09	T	-		
308	41	O	11.09	T	-		
308	42	O	11.09	T	-		
308	43	O	11.09	G	-		
308	44	O	11.09	G	-		
308	45	O	11.09	T	-		
308	46	O	11.09	T	-		
308	47	O	11.09	T	-		
308	48	O	11.09	A	-		
308	49	O	11.09	C	-		
308	50	O	11.09	C	-		
308	51	O	11.09	A	-		
308	52	O	11.09	C	-		
308	53	O	11.09	A	-		
308	54	O	11.09	C	-		
308	55	O	11.09	C	-		
308	56	O	11.09	C	-		
308	57	O	11.09	C	-		
308	58	O	11.09	C	-		
308	59	O	11.09	G	-		
308	60	O	11.09	T	-		
308	61	O	11.09	C	-		
308	62	O	11.09	C	-		
308	63	O	11.09	T	-		
308	64	O	11.09	T	-		
308	65	O	11.09	C	-		
308	66	O	11.09	T	-		
308	67	O	11.09	T	-		
308	68	O	11.09	T	-		
308	69	O	11.09	G	-		
308	70	O	11.09	G	-		
308	71	O	11.09	C	-		
308	72	O	11.09	A	-		
308	73	O	11.09	A	-		
308	74	O	11.09	G	-		
308	75	O	11.09	A	-		
308	76	O	11.09	G	-		
308	77	O	11.09	C	-		
308	78	O	11.09	G	-		
308	79	O	11.09	C	-		
308	80	O	11.09	A	-		
308	81	O	11.09	C	-		
308	82	O	11.09	A	-		
308	83	O	11.09	C	-		
308	84	O	11.09	G	-		
308	85	O	11.09	T	-		
308	86	O	11.09	G	-		
308	87	O	11.09	C	-		
308	88	O	11.09	C	-		
308	89	O	11.09	G	-		
308	90	O	11.09	A	-		
308	91	O	11.09	G	-		
308	92	O	11.09	C	-		
308	93	O	11.09	G	-		
308	94	O	11.09	G	-		
308	95	O	11.09	G	-		
308	96	O	11.09	T	-		
308	97	O	11.09	G	-		
308	98	O	11.09	C	-		
308	99	O	11.09	C	-		
308	100	O	11.09	A	-		
308	101	O	11.09	G	-		
308	102	O	11.09	A	-		
308	103	O	11.09	T	-		
308	104	O	11.09	G	-		
308	105	O	11.09	G	-		
308	106	O	11.09	T	-		
308	107	O	11.09	C	-		
308	108	O	11.09	A	-		
308	109	O	11.09	G	-		
309	0	O	22.18	C	-		
309	1	O	22.18	G	-		
309	2	O	22.18	A	-		
309	3	O	22.18	G	-		
309	4	O	22.18	A	-		
309	5	O	22.18	T	-		
309	6	O	22.18	A	-		
309	7	O	22.18	C	-		
309	8	O	22.18	G	-		
309	9	O	22.18	T	-		
309	10	O	22.18	G	-		
309	11	O	22.18	C	-		
309	12	O	22.18	A	-		
309	13	O	22.18	G	-		
309	14	O	22.18	G	-		
309	15	O	22.18	A	-		
309	16	O	22.18	A	-		
309	17	O	22.18	C	-		
309	18	O	22.18	T	-		
309	19	O	22.18	T	-		
309	20	O	22.18	G	-		
309	21	O	22.18	A	-		
309	22	O	22.18	G	-		
309	23	O	22.18	G	-		
309	24	O	22.18	A	-		
309	25	O	22.18	G	-		
309	26	O	22.18	T	-		
309	27	O	22.18	A	-		
309	28	O	22.18	C	-		
309	29	O	22.18	A	-		
309	30	O	22.18	A	-		
309	31	O	22.18	G	-		
309	32	O	22.18	C	-		
309	33	O	22.18	G	-		
309	34	O	22.18	C	-		
309	35	O	22.18	A	-		
309	36	O	22.18	A	-		
309	37	O	22.18	G	-		
309	38	O	22.18	A	-		
309	39	O	22.18	A	-		
309	40	O	22.18	A	-		
309	41	O	22.18	C	-		
309	42	O	22.18	A	-		
309	43	O	22.18	A	-		
309	44	O	22.18	G	-		
309	45	O	22.18	A	-		
309	46	O	22.18	A	-		
309	47	O	22.18	T	-		
309	48	O	22.18	A	-		
309	49	O	22.18	C	-		
309	50	O	22.18	C	-		
309	51	O	22.18	T	-		
309	52	O	22.18	C	-		
309	53	O	22.18	G	-		
309	54	O	22.18	A	-		
309	55	O	22.18	C	-		
309	56	O	22.18	T	-		
309	57	O	22.18	C	-		
309	58	O	22.18	T	-		
309	59	O	22.18	C	-		
309	60	O	22.18	T	-		
309	61	O	22.18	G	-		
309	62	O	22.18	A	-		
309	63	O	22.18	C	-		
309	64	O	22.18	G	-		
309	65	O	22.18	C	-		
309	66	O	22.18	T	-		
309	67	O	22.18	C	-		
309	68	O	22.18	G	-		
309	69	O	22.18	A	-		
309	70	O	22.18	A	-		
309	71	O	22.18	C	-		
309	72	O	22.18	A	-		
309	73	O	22.18	G	-		
309	74	O	22.18	A	-		
309	75	O	22.18	A	-		
309	76	O	22.18	G	-		
309	77	O	22.18	G	-		
309	78	O	22.18	A	-		
309	79	O	22.18	G	-		
309	80	O	22.18	C	-		
309	81	O	22.18	T	-		
309	82	O	22.18	G	-		
309	83	O	22.18	A	-		
309	84	O	22.18	T	-		
309	85	O	22.18	C	-		
309	86	O	22.18	G	-		
309	87	O	22.18	A	-		
309	88	O	22.18	C	-		
309	89	O	22.18	A	-		
309	90	O	22.18	T	-		
309	91	O	22.18	C	-		
309	92	O	22.18	C	-		
309	93	O	22.18	A	-		
309	94	O	22.18	G	-		
309	95	O	22.18	A	-		
309	96	O	22.18	G	-		
309	97	O	22.18	G	-		
309	98	O	22.18	G	-		
309	99	O	22.18	A	-		
309	100	O	22.18	G	-		
309	101	O	22.18	C	-		
309	102	O	12.50	T	-		
309	103	O	22.18	C	-		
309	104	O	22.18	A	-		
309	105	O	22.18	A	-		
309	106	O	22.18	G	-		
309	107	O	22.18	A	-		
309	108	O	22.18	G	-		
309	109	O	22.18	A	-		
310	0	O	9.70	G	-		
310	1	O	9.70	T	-		
310	2	O	9.70	C	-		
310	3	O	9.70	A	-		
310	4	O	9.70	C	-		
310	5	O	9.70	A	-		
310	6	O	9.70	C	-		
310	7	O	9.70	T	-		
310	8	O	9.70	T	-		
310	9	O	9.70	G	-		
310	10	O	9.70	T	-		
310	11	O	9.70	A	-		
310	12	O	9.70	C	-		
310	13	O	9.70	A	-		
310	14	O	9.70	G	-		
310	15	O	9.70	C	-		
310	16	O	9.70	T	-		
310	17	O	9.70	G	-		
310	18	O	9.70	G	-		
310	19	O	9.70	G	-		
310	20	O	9.70	G	-		
310	21	O	9.70	T	-		
310	22	O	9.70	C	-		
310	23	O	9.70	C	-		
310	24	O	9.70	G	-		
310	25	O	9.70	A	-		
310	26	O	9.70	A	-		
310	27	O	9.70	C	-		
310	28	O	9.70	T	-		
310	29	O	9.70	C	-		
310	30	O	9.70	G	-		
310	31	O	9.70	G	-		
310	32	O	9.70	A	-		
310	33	O	9.70	G	-		
310	34	O	9.70	T	-		
310	35	O	9.70	C	-		
310	36	O	9.70	G	-		
310	37	O	9.70	A	-		
310	38	O	9.70	G	-		
310	39	O	9.70	G	-		
310	40	O	9.70	G	-		
310	41	O	9.70	A	-		
310	42	O	9.70	G	-		
310	43	O	9.70	A	-		
310	44	O	9.70	T	-		
310	45	O	9.70	G	-		
310	46	O	9.70	A	-		
310	47	O	9.70	G	-		
310	48	O	9.70	G	-		
310	49	O	9.70	G	-		
310	50	O	9.70	T	-		
310	51	O	9.70	C	-		
310	52	O	9.70	A	-		
310	53	O	9.70	T	-		
310	54	O	9.70	G	-		
310	55	O	9.70	G	-		
310	56	O	9.70	C	-		
310	57	O	9.70	T	-		
310	58	O	9.70	A	-		
310	59	O	9.70	C	-		
310	60	O	9.70	G	-		
310	61	O	9.70	C	-		
310	62	O	9.70	C	-		
310	63	O	9.70	G	-		
310	64	O	9.70	A	-		
310	65	O	9.70	G	-		
310	66	O	9.70	T	-		
310	67	O	9.70	G	-		
310	68	O	9.70	G	-		
310	69	O	9.70	T	-		
310	70	O	9.70	C	-		
310	71	O	9.70	T	-		
310	72	O	9.70	C	-		
310	73	O	9.70	A	-		
310	74	O	9.70	T	-		
310	75	O	9.70	G	-		
310	76	O	9.70	T	-		
310	77	O	9.70	A	-		
310	78	O	9.70	G	-		
310	79	O	9.70	G	-		
310	80	O	9.70	C	-		
310	81	O	9.70	C	-		
310	82	O	9.70	T	-		
310	83	O	9.70	G	-		
310	84	O	9.70	T	-		
310	85	O	9.70	C	-		
310	86	O	9.70	G	-		
310	87	O	9.70	C	-		
310	88	U	-3.07	T	G		
310	89	O	9.70	G	-		
310	90	O	9.70	T	-		
310	91	O	9.70	G	-		
310	92	O	9.70	G	-		
310	93	O	9.70	T	-		
310	94	O	9.70	T	-		
310	95	O	9.70	A	-		
310	96	O	9.70	G	-		
310	97	O	9.70	C	-		
310	98	O	9.70	A	-		
310	99	O	9.70	T	-		
310	100	O	9.70	T	-		
310	101	O	9.70	G	-		
310	102	O	9.70	A	-		
310	103	O	9.70	T	-		
310	104	O	9.70	A	-		
310	105	O	9.70	G	-		
310	106	O	9.70	T	-		
310	107	O	9.70	C	-		
310	108	O	9.70	C	-		
310	109	O	9.70	A	-		
311	0	O	5.55	C	-		
311	1	O	5.55	G	-		
311	2	O	5.55	T	-		
311	3	O	5.55	C	-		
311	4	O	5.55	A	-		
311	5	O	5.55	G	-		
311	6	O	5.55	A	-		
311	7	O	5.55	C	-		
311	8	O	5.55	A	-		
311	9	O	5.55	G	-		
311	10	O	5.55	G	-		
311	11	O	5.55	A	-		
311	12	O	5.55	T	-		
311	13	O	5.55	A	-		
311	14	O	5.55	G	-		
311	15	O	5.55	G	-		
311	16	O	5.55	T	-		
311	17	O	5.55	G	-		
311	18	O	5.55	A	-		
311	19	O	5.55	G	-		
311	20	O	5.55	C	-		
311	21	O	5.55	T	-		
311	22	O	5.55	T	-		
311	23	O	5.55	G	-		
311	24	O	5.55	G	-		
311	25	O	5.55	G	-		
311	26	O	5.55	T	-		
311	27	O	5.55	T	-		
311	28	O	5.55	A	-		
311	29	O	5.55	G	-		
311	30	O	5.55	T	-		
311	31	O	5.55	T	-		
311	32	O	5.55	G	-		
311	33	O	5.55	T	-		
311	34	O	5.55	T	-		
311	35	O	5.55	G	-		
311	36	O	5.55	C	-		
311	37	O	5.55	A	-		
311	38	O	5.55	A	-		
311	39	O	5.55	T	-		
311	40	O	5.55	T	-		
311	41	O	5.55	T	-		
311	42	O	5.55	T	-		
311	43	O	5.55	G	-		
311	44	O	5.55	A	-		
311	45	O	5.55	T	-		
311	46	O	5.55	T	-		
311	47	O	5.55	G	-		
311	48	O	5.55	G	-		
311	49	O	5.55	T	-		
311	50	O	5.55	C	-		
311	51	O	5.55	C	-		
311	52	O	5.55	T	-		
311	53	O	5.55	T	-		
311	54	O	5.55	G	-		
311	55	O	5.55	G	-		
311	56	O	5.55	A	-		
311	57	O	5.55	G	-		
311	58	O	5.55	G	-		
311	59	O	5.55	C	-		
311	60	O	5.55	T	-		
311	61	O	5.55	C	-		
311	62	O	5.55	C	-		
311	63	O	5.55	C	-		
311	64	O	5.55	A	-		
311	65	O	5.55	G	-		
311	66	O	5.55	G	-		
311	67	O	5.55	A	-		
311	68	O	5.55	T	-		
311	69	O	5.55	G	-		
311	70	O	5.55	G	-		
311	71	O	5.55	A	-		
311	72	O	5.55	G	-		
311	73	O	5.55	T	-		
311	74	O	5.55	G	-		
311	75	O	5.55	A	-		
311	76	O	5.55	G	-		
311	77	O	5.55	T	-		
311	78	O	5.55	T	-		
311	79	O	5.55	C	-		
311	80	O	5.55	G	-		
311	81	O	5.55	C	-		
311	82	O	5.55	T	-		
311	83	O	5.55	T	-		
311	84	O	5.55	T	-		
311	85	O	5.55	G	-		
311	86	O	5.55	T	-		
311	87	O	5.55	T	-		
311	88	O	5.55	G	-		
311	89	O	5.55	T	-		
311	90	O	5.55	C	-		
311	91	O	5.55	T	-		
311	92	O	5.55	G	-		
311	93	O	5.55	T	-		
311	94	O	5.55	C	-		
311	95	O	5.55	T	-		
311	96	O	5.55	G	-		
311	97	O	5.55	C	-		
311	98	O	5.55	A	-		
311	99	O	5.55	G	-		
311	100	O	5.55	C	-		
311	101	O	5.55	G	-		
311	102	O	5.55	G	-		
311	103	O	5.55	C	-		
311	104	O	5.55	C	-		
311	105	O	5.55	A	-		
311	106	O	5.55	A	-		
311	107	O	5.55	C	-		
311	108	O	5.55	T	-		
311	109	O	5.55	T	-		
312	0	O	11.09	T	-		
312	1	O	11.09	G	-		
312	2	O	11.09	G	-		
312	3	O	11.09	C	-		
312	4	O	11.09	G	-		
312	5	O	11.09	T	-		
312	6	O	11.09	T	-		
312	7	O	11.09	G	-		
312	8	O	11.09	A	-		
312	9	O	11.09	G	-		
312	10	O	11.09	T	-		
312	11	O	11.09	A	-		
312	12	O	11.09	C	-		
312	13	O	11.09	A	-		
312	14	O	11.09	C	-		
312	15	O	11.09	C	-		
312	16	O	11.09	A	-		
312	17	O	11.09	T	-		
312	18	O	11.09	C	-		
312	19	O	11.09	C	-		
312	20	O	11.09	T	-		
312	21	O	11.09	T	-		
312	22	O	11.09	G	-		
312	23	O	11.09	A	-		
312	24	O	11.09	G	-		
312	25	O	11.09	C	-		
312	26	O	11.09	G	-		
312	27	O	11.09	T	-		
312	28	O	11.09	G	-		
312	29	O	11.09	C	-		
312	30	O	11.09	A	-		
312	31	O	11.09	C	-		
312	32	O	11.09	T	-		
312	33	O	11.09	T	-		
312	34	O	11.09	C	-		
312	35	O	11.09	C	-		
312	36	O	11.09	A	-		
312	37	O	11.09	C	-		
312	38	O	11.09	T	-		
312	39	O	11.09	T	-		
312	40	O	11.09	G	-		
312	41	O	11.09	T	-		
312	42	O	11.09	T	-		
312	43	O	11.09	C	-		
312	44	O	11.09	T	-		
312	45	O	11.09	T	-		
312	46	O	11.09	C	-		
312	47	O	11.09	A	-		
312	48	O	11.09	C	-		
312	49	O	11.09	C	-		
312	50	O	11.09	C	-		
312	51	O	11.09	T	-		
312	52	O	11.09	C	-		
312	53	O	11.09	T	-		
312	54	O	11.09	G	-		
312	55	O	11.09	C	-		
312	56	O	11.09	A	-		
312	57	O	11.09	C	-		
312	58	O	11.09	C	-		
312	59	O	11.09	T	-		
312	60	O	11.09	T	-		
312	61	O	11.09	G	-		
312	62	O	11.09	T	-		
312	63	O	11.09	C	-		
312	64	O	11.09	A	-		
312	65	O	11.09	T	-		
312	66	O	11.09	A	-		
312	67	O	11.09	A	-		
312	68	O	11.09	G	-		
312	69	O	11.09	T	-		
312	70	O	11.09	G	-		
312	71	O	11.09	C	-		
312	72	O	11.09	A	-		
312	73	O	11.09	T	-		
312	74	O	11.09	A	-		
312	75	O	11.09	G	-		
312	76	O	11.09	G	-		
312	77	O	11.09	A	-		
312	78	O	11.09	T	-		
312	79	O	11.09	G	-		
312	80	O	11.09	G	-		
312	81	O	11.09	T	-		
312	82	O	11.09	G	-		
312	83	O	11.09	T	-		
312	84	O	11.09	C	-		
312	85	O	11.09	G	-		
312	86	O	11.09	C	-		
312	87	O	11.09	C	-		
312	88	O	11.09	G	-		
312	89	O	11.09	T	-		
312	90	O	11.09	T	-		
312	91	O	11.09	G	-		
312	92	O	11.09	T	-		
312	93	O	11.09	C	-		
312	94	O	11.09	G	-		
312	95	O	11.09	T	-		
312	96	O	11.09	C	-		
312	97	O	11.09	G	-		
312	98	O	11.09	T	-		
312	99	O	11.09	C	-		
312	100	O	11.09	G	-		
312	101	O	11.09	T	-		
312	102	O	11.09	C	-		
312	103	O	11.09	G	-		
312	104	O	11.09	T	-		
312	105	O	11.09	C	-		
312	106	O	11.09	G	-		
312	107	O	11.09	T	-		
312	108	O	11.09	T	-		
312	109	O	11.09	A	-		
313	0	O	6.93	G	-		
313	1	O	6.93	C	-		
313	2	O	6.93	C	-		
313	3	O	6.93	A	-		
313	4	O	6.93	G	-		
313	5	O	6.93	C	-		
313	6	O	6.93	A	-		
313	7	O	6.93	C	-		
313	8	O	6.93	C	-		
313	9	O	6.93	T	-		
313	10	O	6.93	A	-		
313	11	O	6.93	G	-		
313	12	O	6.93	C	-		
313	13	O	6.93	G	-		
313	14	O	6.93	T	-		
313	15	O	6.93	C	-		
313	16	O	6.93	A	-		
313	17	O	6.93	T	-		
313	18	O	6.93	C	-		
313	19	O	6.93	A	-		
313	20	O	6.93	G	-		
313	21	O	6.93	G	-		
313	22	O	6.93	C	-		
313	23	O	6.93	C	-		
313	24	O	6.93	C	-		
313	25	O	6.93	A	-		
313	26	O	6.93	G	-		
313	27	O	6.93	C	-		
313	28	O	6.93	A	-		
313	29	O	6.93	T	-		
313	30	O	6.93	G	-		
313	31	O	6.93	A	-		
313	32	O	6.93	C	-		
313	33	O	6.93	A	-		
313	34	O	6.93	C	-		
313	35	O	6.93	C	-		
313	36	O	6.93	G	-		
313	37	O	6.93	A	-		
313	38	O	6.93	A	-		
313	39	O	6.93	C	-		
313	40	O	6.93	A	-		
313	41	O	6.93	A	-		
313	42	O	6.93	G	-		
313	43	O	6.93	C	-		
313	44	U	-0.27	T	C		
313	45	O	6.93	C	-		
313	46	O	6.93	A	-		
313	47	O	6.93	C	-		
313	48	O	6.93	C	-		
313	49	O	6.93	A	-		
313	50	O	6.93	G	-		
313	51	O	6.93	G	-		
313	52	O	6.93	G	-		
313	53	O	6.93	T	-		
313	54	O	6.93	G	-		
313	55	O	6.93	A	-		
313	56	O	6.93	G	-		
313	57	O	6.93	T	-		
313	58	O	6.93	T	-		
313	59	O	6.93	T	-		
313	60	O	6.93	G	-		
313	61	O	6.93	C	-		
313	62	O	6.93	G	-		
313	63	O	6.93	C	-		
313	64	O	6.93	C	-		
313	65	O	6.93	G	-		
313	66	O	6.93	G	-		
313	67	O	6.93	C	-		
313	68	O	6.93	C	-		
313	69	U	-0.27	A	C		
313	70	O	6.93	A	-		
313	71	O	6.93	C	-		
313	72	O	6.93	C	-		
313	73	O	6.93	C	-		
313	74	O	6.93	G	-		
313	75	O	6.93	C	-		
313	76	U	-0.27	T	C		
313	77	O	6.93	C	-		
313	78	O	6.93	G	-		
313	79	O	6.93	A	-		
313	80	O	6.93	C	-		
313	81	O	6.93	C	-		
313	82	O	6.93	A	-		
313	83	O	6.93	G	-		
313	84	O	6.93	G	-		
313	85	O	6.93	G	-		
313	86	O	6.93	C	-		
313	87	O	6.93	A	-		
313	88	O	6.93	A	-		
313	89	O	6.93	A	-		
313	90	O	6.93	A	-		
313	91	O	6.93	C	-		
313	92	O	6.93	C	-		
313	93	O	6.93	G	-		
313	94	O	6.93	A	-		
313	95	O	6.93	C	-		
313	96	O	6.93	C	-		
313	97	O	6.93	A	-		
313	98	O	6.93	C	-		
313	99	O	6.93	A	-		
313	100	O	6.93	G	-		
313	101	O	6.93	T	-		
313	102	U	-0.27	G	C		
313	103	O	6.93	A	-		
313	104	O	6.93	A	-		
313	105	O	6.93	C	-		
313	106	O	6.93	A	-		
313	107	O	6.93	C	-		
313	108	O	6.93	A	-		
313	109	O	6.93	A	-		
314	0	O	5.55	T	-		
314	1	O	5.55	G	-		
314	2	O	5.55	G	-		
314	3	O	5.55	A	-		
314	4	O	5.55	T	-		
314	5	O	5.55	C	-		
314	6	O	5.55	G	-		
314	7	O	5.55	T	-		
314	8	O	5.55	C	-		
314	9	O	5.55	A	-		
314	10	O	5.55	A	-		
314	11	O	5.55	A	-		
314	12	O	5.55	A	-		
314	13	O	5.55	G	-		
314	14	O	5.55	C	-		
314	15	O	5.55	T	-		
314	16	O	5.55	T	-		
314	17	O	5.55	G	-		
314	18	O	5.55	T	-		
314	19	O	5.55	C	-		
314	20	O	5.55	T	-		
314	21	O	5.55	T	-		
314	22	O	5.55	T	-		
314	23	O	5.55	G	-		
314	24	O	5.55	T	-		
314	25	O	5.55	T	-		
314	26	O	5.55	A	-		
314	27	O	5.55	T	-		
314	28	O	5.55	C	-		
314	29	O	5.55	C	-		
314	30	O	5.55	T	-		
314	31	O	5.55	C	-		
314	32	O	5.55	T	-		
314	33	O	5.55	T	-		
314	34	O	5.55	C	-		
314	35	O	5.55	G	-		
314	36	O	5.55	T	-		
314	37	O	5.55	A	-		
314	38	O	5.55	T	-		
314	39	O	5.55	C	-		
314	40	O	5.55	A	-		
314	41	O	5.55	G	-		
314	42	O	5.55	C	-		
314	43	O	5.55	C	-		
314	44	O	5.55	T	-		
314	45	O	5.55	C	-		
314	46	O	5.55	A	-		
314	47	O	5.55	A	-		
314	48	O	5.55	A	-		
314	49	O	5.55	C	-		
314	50	O	5.55	A	-		
314	51	O	5.55	T	-		
314	52	O	5.55	G	-		
314	53	O	5.55	C	-		
314	54	O	5.55	C	-		
314	55	O	5.55	G	-		
314	56	O	5.55	T	-		
314	57	O	5.55	C	-		
314	58	O	5.55	C	-		
314	59	O	5.55	A	-		
314	60	O	5.55	A	-		
314	61	O	5.55	C	-		
314	62	O	5.55	C	-		
314	63	O	5.55	G	-		
314	64	O	5.55	A	-		
314	65	O	5.55	G	-		
314	66	O	5.55	C	-		
314	67	O	5.55	A	-		
314	68	O	5.55	T	-		
314	69	O	5.55	T	-		
314	70	O	5.55	G	-		
314	71	O	5.55	G	-		
314	72	O	5.55	G	-		
314	73	O	5.55	G	-		
314	74	O	5.55	C	-		
314	75	O	5.55	G	-		
314	76	O	5.55	G	-		
314	77	O	5.55	C	-		
314	78	O	5.55	G	-		
314	79	O	5.55	T	-		
314	80	O	5.55	T	-		
314	81	O	5.55	G	-		
314	82	O	5.55	A	-		
314	83	O	5.55	C	-		
314	84	O	5.55	G	-		
314	85	O	5.55	G	-		
314	86	O	5.55	T	-		
314	87	O	5.55	G	-		
314	88	O	5.55	A	-		
314	89	O	5.55	T	-		
314	90	O	5.55	C	-		
314	91	O	5.55	T	-		
314	92	O	5.55	T	-		
314	93	O	5.55	T	-		
314	94	O	5.55	T	-		
314	95	O	5.55	C	-		
314	96	O	5.55	A	-		
314	97	O	5.55	C	-		
314	98	O	5.55	C	-		
314	99	O	5.55	G	-		
314	100	O	5.55	T	-		
314	101	O	5.55	C	-		
314	102	O	5.55	A	-		
314	103	O	5.55	A	-		
314	104	O	5.55	C	-		
314	105	O	5.55	G	-		
314	106	O	5.55	C	-		
314	107	O	5.55	C	-		
314	108	O	5.55	G	-		
314	109	O	5.55	A	-		
315	0	O	19.41	A	-		
315	1	O	19.41	A	-		
315	2	O	19.41	A	-		
315	3	O	19.41	C	-		
315	4	O	19.41	T	-		
315	5	O	19.41	A	-		
315	6	O	19.41	A	-		
315	7	O	19.41	A	-		
315	8	O	19.41	G	-		
315	9	O	19.41	G	-		
315	10	O	19.41	A	-		
315	11	O	19.41	C	-		
315	12	O	19.41	T	-		
315	13	O	19.41	C	-		
315	14	O	19.41	A	-		
315	15	O	19.41	G	-		
315	16	O	19.41	A	-		
315	17	O	19.41	A	-		
315	18	O	19.41	G	-		
315	19	O	19.41	A	-		
315	20	O	19.41	G	-		
315	21	O	19.41	T	-		
315	22	O	19.41	T	-		
315	23	O	19.41	C	-		
315	24	O	19.41	G	-		
315	25	O	19.41	T	-		
315	26	O	19.41	G	-		
315	27	O	19.41	T	-		
315	28	O	19.41	G	-		
315	29	O	19.41	G	-		
315	30	O	19.41	G	-		
315	31	O	19.41	A	-		
315	32	O	19.41	A	-		
315	33	O	19.41	G	-		
315	34	O	19.41	A	-		
315	35	O	19.41	A	-		
315	36	O	19.41	G	-		
315	37	O	19.41	T	-		
315	38	O	19.41	G	-		
315	39	O	19.41	C	-		
315	40	O	19.41	A	-		
315	41	O	19.41	C	-		
315	42	O	19.41	T	-		
315	43	O	19.41	A	-		
315	44	O	19.41	G	-		
315	45	O	19.41	C	-		
315	46	O	19.41	A	-		
315	47	O	19.41	A	-		
315	48	O	19.41	G	-		
315	49	O	19.41	C	-		
315	50	O	19.41	G	-		
315	51	O	19.41	T	-		
315	52	O	19.41	T	-		
315	53	O	19.41	C	-		
315	54	O	19.41	G	-		
315	55	O	19.41	A	-		
315	56	O	19.41	T	-		
315	57	O	19.41	G	-		
315	58	O	19.41	A	-		
315	59	O	19.41	A	-		
315	60	O	19.41	A	-		
315	61	O	19.41	T	-		
315	62	O	19.41	T	-		
315	63	O	19.41	A	-		
315	64	O	19.41	A	-		
315	65	O	19.41	G	-		
315	66	O	19.41	A	-		
315	67	O	19.41	A	-		
315	68	O	19.41	A	-		
315	69	O	19.41	T	-		
315	70	O	19.41	A	-		
315	71	O	19.41	C	-		
315	72	O	19.41	C	-		
315	73	O	19.41	T	-		
315	74	O	19.41	G	-		
315	75	O	19.41	A	-		
315	76	O	19.41	C	-		
315	77	O	19.41	C	-		
315	78	O	19.41	A	-		
315	79	O	19.41	A	-		
315	80	O	19.41	C	-		
315	81	O	19.41	A	-		
315	82	O	19.41	G	-		
315	83	O	19.41	G	-		
315	84	O	19.41	C	-		
315	85	O	19.41	C	-		
315	86	O	19.41	A	-		
315	87	O	19.41	G	-		
315	88	O	19.41	T	-		
315	89	O	19.41	T	-		
315	90	O	19.41	T	-		
315	91	O	19.41	T	-		
315	92	O	19.41	G	-		
315	93	O	19.41	A	-		
315	94	O	19.41	T	-		
315	95	O	19.41	G	-		
315	96	O	19.41	C	-		
315	97	O	19.41	C	-		
315	98	O	19.41	A	-		
315	99	O	19.41	C	-		
315	100	O	19.41	C	-		
315	101	O	19.41	A	-		
315	102	O	19.41	A	-		
315	103	O	19.41	G	-		
315	104	O	19.41	G	-		
315	105	O	19.41	G	-		
315	106	O	19.41	A	-		
315	107	O	19.41	T	-		
315	108	O	19.41	G	-		
315	109	O	19.41	G	-		
316	0	O	6.93	A	-		
316	1	O	6.93	A	-		
316	2	O	6.93	G	-		
316	3	O	6.93	T	-		
316	4	O	6.93	T	-		
316	5	O	6.93	T	-		
316	6	O	6.93	G	-		
316	7	O	6.93	T	-		
316	8	O	6.93	G	-		
316	9	O	6.93	G	-		
316	10	O	6.93	C	-		
316	11	O	6.93	T	-		
316	12	O	6.93	G	-		
316	13	O	6.93	G	-		
316	14	O	6.93	C	-		
316	15	O	6.93	A	-		
316	16	O	6.93	T	-		
316	17	O	6.93	C	-		
316	18	O	6.93	G	-		
316	19	O	6.93	G	-		
316	20	O	6.93	C	-		
316	21	O	6.93	A	-		
316	22	O	6.93	T	-		
316	23	O	6.93	C	-		
316	24	O	6.93	A	-		
316	25	O	6.93	A	-		
316	26	O	6.93	A	-		
316	27	O	6.93	G	-		
316	28	O	6.93	G	-		
316	29	O	6.93	C	-		
316	30	O	6.93	G	-		
316	31	O	6.93	C	-		
316	32	O	6.93	T	-		
316	33	O	6.93	C	-		
316	34	O	6.93	A	-		
316	35	O	6.93	G	-		
316	36	O	6.93	G	-		
316	37	O	6.93	T	-		
316	38	O	6.93	C	-		
316	39	O	6.93	A	-		
316	40	O	6.93	C	-		
316	41	O	6.93	C	-		
316	42	O	6.93	A	-		
316	43	O	6.93	C	-		
316	44	O	6.93	A	-		
316	45	O	6.93	G	-		
316	46	O	6.93	G	-		
316	47	O	6.93	C	-		
316	48	O	6.93	G	-		
316	49	O	6.93	A	-		
316	50	O	6.93	G	-		
316	51	O	6.93	G	-		
316	52	O	6.93	A	-		
316	53	O	6.93	A	-		
316	54	O	6.93	C	-		
316	55	O	6.93	G	-		
316	56	O	6.93	G	-		
316	57	O	6.93	C	-		
316	58	O	6.93	G	-		
316	59	O	6.93	C	-		
316	60	O	6.93	G	-		
316	61	O	6.93	A	-		
316	62	O	6.93	T	-		
316	63	O	6.93	C	-		
316	64	O	6.93	C	-		
316	65	O	6.93	A	-		
316	66	O	6.93	A	-		
316	67	O	6.93	C	-		
316	68	O	6.93	G	-		
316	69	O	6.93	G	-		
316	70	O	6.93	T	-		
316	71	O	6.93	T	-		
316	72	O	6.93	G	-		
316	73	O	6.93	G	-		
316	74	O	6.93	C	-		
316	75	O	6.93	T	-		
316	76	O	6.93	T	-		
316	77	O	6.93	C	-		
316	78	O	6.93	G	-		
316	79	O	6.93	T	-		
316	80	O	6.93	C	-		
316	81	O	6.93	T	-		
316	82	O	6.93	T	-		
316	83	O	6.93	C	-		
316	84	O	6.93	A	-		
316	85	O	6.93	T	-		
316	86	O	6.93	C	-		
316	87	O	6.93	T	-		
316	88	O	6.93	T	-		
316	89	O	6.93	C	-		
316	90	O	6.93	G	-		
316	91	O	6.93	C	-		
316	92	O	6.93	T	-		
316	93	O	6.93	G	-		
316	94	O	6.93	T	-		
316	95	O	6.93	C	-		
316	96	O	6.93	T	-		
316	97	O	6.93	G	-		
316	98	O	6.93	A	-		
316	99	O	6.93	G	-		
316	100	O	6.93	C	-		
316	101	O	6.93	C	-		
316	102	O	6.93	G	-		
316	103	O	6.93	A	-		
316	104	O	6.93	A	-		
316	105	O	6.93	C	-		
316	106	O	6.93	T	-		
316	107	O	6.93	C	-		
316	108	O	6.93	A	-		
316	109	O	6.93	A	-		
317	0	O	5.55	A	-		
317	1	O	5.55	G	-		
317	2	O	5.55	C	-		
317	3	O	5.55	T	-		
317	4	O	5.55	A	-		
317	5	O	5.55	G	-		
317	6	O	5.55	T	-		
317	7	O	5.55	G	-		
317	8	O	5.55	C	-		
317	9	O	5.55	C	-		
317	10	O	5.55	C	-		
317	11	O	5.55	G	-		
317	12	O	5.55	A	-		
317	13	O	5.55	G	-		
317	14	O	5.55	A	-		
317	15	O	5.55	T	-		
317	16	O	5.55	G	-		
317	17	O	5.55	G	-		
317	18	O	5.55	T	-		
317	19	O	5.55	T	-		
317	20	O	5.55	A	-		
317	21	O	5.55	A	-		
317	22	O	5.55	G	-		
317	23	O	5.55	C	-		
317	24	O	5.55	A	-		
317	25	O	5.55	C	-		
317	26	O	5.55	G	-		
317	27	O	5.55	C	-		
317	28	O	5.55	G	-		
317	29	O	5.55	C	-		
317	30	O	5.55	G	-		
317	31	O	5.55	C	-		
317	32	O	5.55	G	-		
317	33	O	5.55	A	-		
317	34	O	5.55	C	-		
317	35	O	5.55	G	-		
317	36	O	5.55	T	-		
317	37	O	5.55	C	-		
317	38	O	5.55	G	-		
317	39	O	5.55	C	-		
317	40	O	5.55	C	-		
317	41	O	5.55	A	-		
317	42	O	5.55	C	-		
317	43	O	5.55	T	-		
317	44	O	5.55	A	-		
317	45	O	5.55	G	-		
317	46	O	5.55	C	-		
317	47	O	5.55	A	-		
317	48	O	5.55	T	-		
317	49	O	5.55	A	-		
317	50	O	5.55	A	-		
317	51	O	5.55	G	-		
317	52	O	5.55	C	-		
317	53	O	5.55	G	-		
317	54	O	5.55	A	-		
317	55	O	5.55	C	-		
317	56	O	5.55	A	-		
317	57	O	5.55	T	-		
317	58	O	5.55	C	-		
317	59	O	5.55	C	-		
317	60	O	5.55	G	-		
317	61	O	5.55	C	-		
317	62	O	5.55	A	-		
317	63	O	5.55	G	-		
317	64	O	5.55	C	-		
317	65	O	5.55	C	-		
317	66	O	5.55	A	-		
317	67	O	5.55	C	-		
317	68	O	5.55	G	-		
317	69	O	5.55	G	-		
317	70	O	5.55	C	-		
317	71	O	5.55	C	-		
317	72	O	5.55	A	-		
317	73	O	5.55	C	-		
317	74	O	5.55	T	-		
317	75	O	5.55	G	-		
317	76	O	5.55	G	-		
317	77	O	5.55	C	-		
317	78	O	5.55	G	-		
317	79	O	5.55	C	-		
317	80	O	5.55	C	-		
317	81	O	5.55	A	-		
317	82	O	5.55	G	-		
317	83	O	5.55	A	-		
317	84	O	5.55	C	-		
317	85	O	5.55	G	-		
317	86	O	5.55	A	-		
317	87	O	5.55	A	-		
317	88	O	5.55	C	-		
317	89	O	5.55	A	-		
317	90	O	5.55	A	-		
317	91	O	5.55	G	-		
317	92	O	5.55	G	-		
317	93	O	5.55	A	-		
317	94	O	5.55	G	-		
317	95	O	5.55	C	-		
317	96	O	5.55	T	-		
317	97	O	5.55	C	-		
317	98	O	5.55	A	-		
317	99	O	5.55	T	-		
317	100	O	5.55	T	-		
317	101	O	5.55	G	-		
317	102	O	5.55	A	-		
317	103	O	5.55	G	-		
317	104	O	5.55	G	-		
317	105	O	5.55	C	-		
317	106	O	5.55	C	-		
317	107	O	5.55	G	-		
317	108	O	5.55	T	-		
317	109	O	5.55	C	-		
318	0	O	5.55	G	-		
318	1	O	5.55	C	-		
318	2	O	5.55	G	-		
318	3	O	5.55	C	-		
318	4	O	5.55	C	-		
318	5	O	5.55	G	-		
318	6	O	5.55	A	-		
318	7	O	5.55	G	-		
318	8	O	5.55	G	-		
318	9	O	5.55	A	-		
318	10	O	5.55	G	-		
318	11	O	5.55	C	-		
318	12	O	5.55	T	-		
318	13	O	5.55	C	-		
318	14	O	5.55	T	-		
318	15	O	5.55	G	-		
318	16	O	5.55	G	-		
318	17	O	5.55	G	-		
318	18	O	5.55	A	-		
318	19	O	5.55	C	-		
318	20	O	5.55	C	-		
318	21	O	5.55	T	-		
318	22	O	5.55	G	-		
318	23	O	5.55	A	-		
318	24	O	5.55	G	-		
318	25	O	5.55	C	-		
318	26	O	5.55	G	-		
318	27	O	5.55	C	-		
318	28	O	5.55	G	-		
318	29	O	5.55	G	-		
318	30	O	5.55	C	-		
318	31	O	5.55	C	-		
318	32	O	5.55	A	-		
318	33	O	5.55	G	-		
318	34	O	5.55	T	-		
318	35	O	5.55	G	-		
318	36	O	5.55	T	-		
318	37	O	5.55	G	-		
318	38	O	5.55	C	-		
318	39	O	5.55	T	-		
318	40	O	5.55	C	-		
318	41	O	5.55	G	-		
318	42	O	5.55	C	-		
318	43	O	5.55	C	-		
318	44	O	5.55	G	-		
318	45	O	5.55	G	-		
318	46	O	5.55	C	-		
318	47	O	5.55	C	-		
318	48	O	5.55	A	-		
318	49	O	5.55	C	-		
318	50	O	5.55	C	-		
318	51	O	5.55	T	-		
318	52	O	5.55	G	-		
318	53	O	5.55	C	-		
318	54	O	5.55	A	-		
318	55	O	5.55	G	-		
318	56	O	5.55	C	-		
318	57	O	5.55	T	-		
318	58	O	5.55	C	-		
318	59	O	5.55	G	-		
318	60	O	5.55	A	-		
318	61	O	5.55	C	-		
318	62	O	5.55	C	-		
318	63	O	5.55	A	-		
318	64	O	5.55	C	-		
318	65	O	5.55	G	-		
318	66	O	5.55	G	-		
318	67	O	5.55	A	-		
318	68	O	5.55	A	-		
318	69	O	5.55	C	-		
318	70	O	5.55	T	-		
318	71	O	5.55	G	-		
318	72	O	5.55	G	-		
318	73	O	5.55	C	-		
318	74	O	5.55	A	-		
318	75	O	5.55	C	-		
318	76	O	5.55	G	-		
318	77	O	5.55	T	-		
318	78	O	5.55	T	-		
318	79	O	5.55	C	-		
318	80	O	5.55	A	-		
318	81	O	5.55	G	-		
318	82	O	5.55	C	-		
318	83	O	5.55	A	-		
318	84	O	5.55	T	-		
318	85	O	5.55	C	-		
318	86	O	5.55	A	-		
318	87	O	5.55	A	-		
318	88	O	5.55	G	-		
318	89	O	5.55	A	-		
318	90	O	5.55	T	-		
318	91	O	5.55	G	-		
318	92	O	5.55	T	-		
318	93	O	5.55	G	-		
318	94	O	5.55	C	-		
318	95	O	5.55	A	-		
318	96	O	5.55	T	-		
318	97	O	5.55	A	-		
318	98	O	5.55	G	-		
318	99	O	5.55	C	-		
318	100	O	5.55	G	-		
318	101	O	5.55	C	-		
318	102	O	5.55	T	-		
318	103	O	5.55	C	-		
318	104	O	5.55	G	-		
318	105	O	5.55	G	-		
318	106	O	5.55	C	-		
318	107	O	5.55	C	-		
318	108	O	5.55	T	-		
318	109	O	5.55	G	-		
319	0	O	5.55	T	-		
319	1	O	5.55	G	-		
319	2	O	5.55	C	-		
319	3	O	5.55	C	-		
319	4	O	5.55	G	-		
319	5	O	5.55	C	-		
319	6	O	5.55	T	-		
319	7	O	5.55	T	-		
319	8	O	5.55	C	-		
319	9	O	5.55	T	-		
319	10	O	5.55	A	-		
319	11	O	5.55	G	-		
319	12	O	5.55	T	-		
319	13	O	5.55	G	-		
319	14	O	5.55	G	-		
319	15	O	5.55	C	-		
319	16	O	5.55	G	-		
319	17	O	5.55	G	-		
319	18	O	5.55	T	-		
319	19	O	5.55	G	-		
319	20	O	5.55	C	-		
319	21	O	5.55	T	-		
319	22	O	5.55	G	-		
319	23	O	5.55	G	-		
319	24	O	5.55	T	-		
319	25	O	5.55	A	-		
319	26	O	5.55	G	-		
319	27	O	5.55	C	-		
319	28	O	5.55	G	-		
319	29	O	5.55	C	-		
319	30	O	5.55	A	-		
319	31	O	5.55	T	-		
319	32	O	5.55	T	-		
319	33	O	5.55	G	-		
319	34	O	5.55	A	-		
319	35	O	5.55	C	-		
319	36	O	5.55	C	-		
319	37	O	5.55	G	-		
319	38	O	5.55	A	-		
319	39	O	5.55	C	-		
319	40	O	5.55	A	-		
319	41	O	5.55	T	-		
319	42	O	5.55	G	-		
319	43	O	5.55	C	-		
319	44	O	5.55	T	-		
319	45	O	5.55	G	-		
319	46	O	5.55	A	-		
319	47	O	5.55	C	-		
319	48	O	5.55	C	-		
319	49	O	5.55	A	-		
319	50	O	5.55	C	-		
319	51	O	5.55	G	-		
319	52	O	5.55	A	-		
319	53	O	5.55	A	-		
319	54	O	5.55	G	-		
319	55	O	5.55	C	-		
319	56	O	5.55	T	-		
319	57	O	5.55	C	-		
319	58	O	5.55	G	-		
319	59	O	5.55	A	-		
319	60	O	5.55	A	-		
319	61	O	5.55	G	-		
319	62	O	5.55	T	-		
319	63	O	5.55	C	-		
319	64	O	5.55	A	-		
319	65	O	5.55	C	-		
319	66	O	5.55	A	-		
319	67	O	5.55	C	-		
319	68	O	5.55	T	-		
319	69	O	5.55	C	-		
319	70	O	5.55	G	-		
319	71	O	5.55	A	-		
319	72	O	5.55	T	-		
319	73	O	5.55	T	-		
319	74	O	5.55	C	-		
319	75	O	5.55	C	-		
319	76	O	5.55	A	-		
319	77	O	5.55	T	-		
319	78	O	5.55	C	-		
319	79	O	5.55	T	-		
319	80	O	5.55	G	-		
319	81	O	5.55	C	-		
319	82	O	5.55	C	-		
319	83	O	5.55	C	-		
319	84	O	5.55	C	-		
319	85	O	5.55	T	-		
319	86	O	5.55	T	-		
319	87	O	5.55	A	-		
319	88	O	5.55	C	-		
319	89	O	5.55	T	-		
319	90	O	5.55	T	-		
319	91	O	5.55	A	-		
319	92	O	5.55	A	-		
319	93	O	5.55	G	-		
319	94	O	5.55	G	-		
319	95	O	5.55	C	-		
319	96	O	5.55	G	-		
319	97	O	5.55	C	-		
319	98	O	5.55	T	-		
319	99	O	5.55	C	-		
319	100	O	5.55	A	-		
319	101	O	5.55	T	-		
319	102	O	5.55	G	-		
319	103	O	5.55	T	-		
319	104	O	5.55	G	-		
319	105	O	5.55	T	-		
319	106	O	5.55	G	-		
319	107	O	5.55	A	-		
319	108	O	5.55	C	-		
319	109	O	5.55	T	-		
320	0	O	6.93	A	-		
320	1	O	6.93	G	-		
320	2	O	6.93	G	-		
320	3	O	6.93	A	-		
320	4	O	6.93	A	-		
320	5	O	6.93	G	-		
320	6	O	6.93	T	-		
320	7	O	6.93	A	-		
320	8	O	6.93	G	-		
320	9	O	6.93	G	-		
320	10	O	6.93	T	-		
320	11	O	6.93	G	-		
320	12	O	6.93	A	-		
320	13	O	6.93	T	-		
320	14	O	6.93	G	-		
320	15	O	6.93	C	-		
320	16	O	6.93	T	-		
320	17	O	6.93	G	-		
320	18	O	6.93	A	-		
320	19	O	6.93	G	-		
320	20	O	6.93	C	-		
320	21	O	6.93	C	-		
320	22	O	6.93	T	-		
320	23	O	6.93	A	-		
320	24	O	6.93	G	-		
320	25	O	6.93	A	-		
320	26	O	6.93	G	-		
320	27	O	6.93	T	-		
320	28	O	6.93	T	-		
320	29	O	6.93	G	-		
320	30	O	6.93	T	-		
320	31	O	6.93	T	-		
320	32	O	6.93	A	-		
320	33	O	6.93	A	-		
320	34	O	6.93	A	-		
320	35	O	6.93	A	-		
320	36	O	6.93	G	-		
320	37	O	6.93	G	-		
320	38	O	6.93	G	-		
320	39	O	6.93	A	-		
320	40	O	6.93	T	-		
320	41	O	6.93	A	-		
320	42	O	6.93	A	-		
320	43	O	6.93	A	-		
320	44	O	6.93	G	-		
320	45	O	6.93	A	-		
320	46	O	6.93	T	-		
320	47	O	6.93	G	-		
320	48	O	6.93	A	-		
320	49	O	6.93	G	-		
320	50	O	6.93	C	-		
320	51	O	6.93	C	-		
320	52	O	6.93	C	-		
320	53	O	6.93	G	-		
320	54	O	6.93	A	-		
320	55	O	6.93	A	-		
320	56	O	6.93	G	-		
320	57	O	6.93	C	-		
320	58	O	6.93	A	-		
320	59	O	6.93	A	-		
320	60	O	6.93	A	-		
320	61	O	6.93	G	-		
320	62	O	6.93	A	-		
320	63	O	6.93	G	-		
320	64	O	6.93	A	-		
320	65	O	6.93	A	-		
320	66	O	6.93	G	-		
320	67	O	6.93	G	-		
320	68	O	6.93	T	-		
320	69	O	6.93	A	-		
320	70	O	6.93	A	-		
320	71	O	6.93	G	-		
320	72	O	6.93	T	-		
320	73	O	6.93	T	-		
320	74	O	6.93	T	-		
320	75	O	6.93	T	-		
320	76	O	6.93	T	-		
320	77	O	6.93	T	-		
320	78	O	6.93	T	-		
320	79	O	6.93	G	-		
320	80	O	6.93	C	-		
320	81	O	6.93	C	-		
320	82	O	6.93	T	-		
320	83	O	6.93	A	-		
320	84	O	6.93	A	-		
320	85	O	6.93	A	-		
320	86	O	6.93	T	-		
320	87	O	6.93	A	-		
320	88	O	6.93	C	-		
320	89	O	6.93	G	-		
320	90	O	6.93	A	-		
320	91	O	6.93	A	-		
320	92	O	6.93	G	-		
320	93	O	6.93	G	-		
320	94	O	6.93	C	-		
320	95	O	6.93	A	-		
320	96	O	6.93	T	-		
320	97	O	6.93	T	-		
320	98	O	6.93	C	-		
320	99	O	6.93	A	-		
320	100	O	6.93	C	-		
320	101	O	6.93	A	-		
320	102	O	6.93	C	-		
320	103	O	6.93	T	-		
320	104	O	6.93	G	-		
320	105	O	6.93	G	-		
320	106	O	6.93	A	-		
320	107	O	6.93	A	-		
320	108	O	6.93	T	-		
320	109	O	6.93	G	-		
321	0	O	5.55	C	-		
321	1	O	5.55	T	-		
321	2	O	5.55	C	-		
321	3	O	5.55	T	-		
321	4	O	5.55	C	-		
321	5	O	5.55	G	-		
321	6	O	5.55	A	-		
321	7	O	5.55	G	-		
321	8	O	5.55	A	-		
321	9	O	5.55	A	-		
321	10	O	5.55	C	-		
321	11	O	5.55	C	-		
321	12	O	5.55	T	-		
321	13	O	5.55	A	-		
321	14	O	5.55	T	-		
321	15	O	5.55	T	-		
321	16	O	5.55	C	-		
321	17	O	5.55	A	-		
321	18	O	5.55	C	-		
321	19	O	5.55	G	-		
321	20	O	5.55	A	-		
321	21	O	5.55	A	-		
321	22	O	5.55	T	-		
321	23	O	5.55	T	-		
321	24	O	5.55	A	-		
321	25	O	5.55	G	-		
321	26	O	5.55	T	-		
321	27	O	5.55	C	-		
321	28	O	5.55	A	-		
321	29	O	5.55	C	-		
321	30	O	5.55	C	-		
321	31	O	5.55	A	-		
321	32	O	5.55	T	-		
321	33	O	5.55	C	-		
321	34	O	5.55	G	-		
321	35	O	5.55	C	-		
321	36	O	5.55	C	-		
321	37	O	5.55	G	-		
321	38	O	5.55	G	-		
321	39	O	5.55	A	-		
321	40	O	5.55	C	-		
321	41	O	5.55	G	-		
321	42	O	5.55	G	-		
321	43	O	5.55	C	-		
321	44	O	5.55	T	-		
321	45	O	5.55	G	-		
321	46	O	5.55	A	-		
321	47	O	5.55	A	-		
321	48	O	5.55	G	-		
321	49	O	5.55	C	-		
321	50	O	5.55	A	-		
321	51	O	5.55	A	-		
321	52	O	5.55	A	-		
321	53	O	5.55	A	-		
321	54	O	5.55	T	-		
321	55	O	5.55	G	-		
321	56	O	5.55	T	-		
321	57	O	5.55	C	-		
321	58	O	5.55	G	-		
321	59	O	5.55	A	-		
321	60	O	5.55	T	-		
321	61	O	5.55	G	-		
321	62	O	5.55	A	-		
321	63	O	5.55	A	-		
321	64	O	5.55	C	-		
321	65	O	5.55	A	-		
321	66	O	5.55	T	-		
321	67	O	5.55	A	-		
321	68	O	5.55	C	-		
321	69	O	5.55	C	-		
321	70	O	5.55	T	-		
321	71	O	5.55	C	-		
321	72	O	5.55	A	-		
321	73	O	5.55	A	-		
321	74	O	5.55	G	-		
321	75	O	5.55	C	-		
321	76	O	5.55	T	-		
321	77	O	5.55	C	-		
321	78	O	5.55	A	-		
321	79	O	5.55	A	-		
321	80	O	5.55	T	-		
321	81	O	5.55	C	-		
321	82	O	5.55	T	-		
321	83	O	5.55	T	-		
321	84	O	5.55	G	-		
321	85	O	5.55	G	-		
321	86	O	5.55	C	-		
321	87	O	5.55	C	-		
321	88	O	5.55	T	-		
321	89	O	5.55	C	-		
321	90	O	5.55	A	-		
321	91	O	5.55	G	-		
321	92	O	5.55	C	-		
321	93	O	5.55	A	-		
321	94	O	5.55	A	-		
321	95	O	5.55	T	-		
321	96	O	5.55	G	-		
321	97	O	5.55	T	-		
321	98	O	5.55	C	-		
321	99	O	5.55	C	-		
321	100	O	5.55	T	-		
321	101	O	5.55	G	-		
321	102	O	5.55	C	-		
321	103	O	5.55	T	-		
321	104	O	5.55	C	-		
321	105	O	5.55	G	-		
321	106	O	5.55	C	-		
321	107	O	5.55	T	-		
321	108	O	5.55	A	-		
321	109	O	5.55	C	-		
322	0	O	5.55	C	-		
322	1	O	5.55	G	-		
322	2	O	5.55	A	-		
322	3	O	5.55	T	-		
322	4	O	5.55	G	-		
322	5	O	5.55	T	-		
322	6	O	5.55	T	-		
322	7	O	5.55	G	-		
322	8	O	5.55	T	-		
322	9	O	5.55	T	-		
322	10	O	5.55	G	-		
322	11	O	5.55	G	-		
322	12	O	5.55	C	-		
322	13	O	5.55	G	-		
322	14	O	5.55	T	-		
322	15	O	5.55	C	-		
322	16	O	5.55	T	-		
322	17	O	5.55	C	-		
322	18	O	5.55	C	-		
322	19	O	5.55	G	-		
322	20	O	5.55	C	-		
322	21	O	5.55	G	-		
322	22	O	5.55	T	-		
322	23	O	5.55	T	-		
322	24	O	5.55	C	-		
322	25	O	5.55	T	-		
322	26	O	5.55	G	-		
322	27	O	5.55	A	-		
322	28	O	5.55	A	-		
322	29	O	5.55	T	-		
322	30	O	5.55	C	-		
322	31	O	5.55	T	-		
322	32	O	5.55	T	-		
322	33	O	5.55	A	-		
322	34	O	5.55	T	-		
322	35	O	5.55	T	-		
322	36	O	5.55	C	-		
322	37	O	5.55	T	-		
322	38	O	5.55	T	-		
322	39	O	5.55	A	-		
322	40	O	5.55	T	-		
322	41	O	5.55	C	-		
322	42	O	5.55	T	-		
322	43	O	5.55	T	-		
322	44	O	5.55	C	-		
322	45	O	5.55	C	-		
322	46	O	5.55	C	-		
322	47	O	5.55	T	-		
322	48	O	5.55	G	-		
322	49	O	5.55	A	-		
322	50	O	5.55	C	-		
322	51	O	5.55	A	-		
322	52	O	5.55	A	-		
322	53	O	5.55	A	-		
322	54	O	5.55	G	-		
322	55	O	5.55	C	-		
322	56	O	5.55	T	-		
322	57	O	5.55	T	-		
322	58	O	5.55	C	-		
322	59	O	5.55	T	-		
322	60	O	5.55	C	-		
322	61	O	5.55	T	-		
322	62	O	5.55	T	-		
322	63	O	5.55	C	-		
322	64	O	5.55	T	-		
322	65	O	5.55	G	-		
322	66	O	5.55	C	-		
322	67	O	5.55	C	-		
322	68	O	5.55	A	-		
322	69	O	5.55	G	-		
322	70	O	5.55	A	-		
322	71	O	5.55	G	-		
322	72	O	5.55	A	-		
322	73	O	5.55	A	-		
322	74	O	5.55	A	-		
322	75	O	5.55	A	-		
322	76	O	5.55	A	-		
322	77	O	5.55	T	-		
322	78	O	5.55	A	-		
322	79	O	5.55	A	-		
322	80	O	5.55	C	-		
322	81	O	5.55	A	-		
322	82	O	5.55	C	-		
322	83	O	5.55	T	-		
322	84	O	5.55	A	-		
322	85	O	5.55	G	-		
322	86	O	5.55	T	-		
322	87	O	5.55	T	-		
322	88	O	5.55	G	-		
322	89	O	5.55	C	-		
322	90	O	5.55	T	-		
322	91	O	5.55	A	-		
322	92	O	5.55	T	-		
322	93	O	5.55	G	-		
322	94	O	5.55	A	-		
322	95	O	5.55	A	-		
322	96	O	5.55	T	-		
322	97	O	5.55	A	-		
322	98	O	5.55	T	-		
322	99	O	5.55	A	-		
322	100	O	5.55	G	-		
322	101	O	5.55	A	-		
322	102	O	5.55	G	-		
322	103	O	5.55	G	-		
322	104	O	5.55	C	-		
322	105	O	5.55	A	-		
322	106	O	5.55	C	-		
322	107	O	5.55	A	-		
322	108	O	5.55	C	-		
322	109	O	5.55	A	-		
323	0	O	6.93	G	-		
323	1	O	6.93	A	-		
323	2	O	6.93	G	-		
323	3	O	6.93	C	-		
323	4	O	6.93	G	-		
323	5	O	6.93	A	-		
323	6	O	6.93	G	-		
323	7	O	6.93	T	-		
323	8	O	6.93	G	-		
323	9	O	6.93	C	-		
323	10	O	6.93	A	-		
323	11	O	6.93	A	-		
323	12	O	6.93	C	-		
323	13	O	6.93	T	-		
323	14	O	6.93	C	-		
323	15	O	6.93	G	-		
323	16	O	6.93	G	-		
323	17	O	6.93	T	-		
323	18	O	6.93	C	-		
323	19	O	6.93	A	-		
323	20	O	6.93	A	-		
323	21	O	6.93	A	-		
323	22	O	6.93	C	-		
323	23	O	6.93	A	-		
323	24	O	6.93	A	-		
323	25	O	6.93	A	-		
323	26	O	6.93	C	-		
323	27	O	6.93	A	-		
323	28	O	6.93	G	-		
323	29	O	6.93	C	-		
323	30	O	6.93	T	-		
323	31	O	6.93	T	-		
323	32	O	6.93	C	-		
323	33	O	6.93	T	-		
323	34	O	6.93	A	-		
323	35	O	6.93	C	-		
323	36	O	6.93	G	-		
323	37	O	6.93	A	-		
323	38	O	6.93	G	-		
323	39	O	6.93	A	-		
323	40	O	6.93	G	-		
323	41	O	6.93	A	-		
323	42	O	6.93	G	-		
323	43	O	6.93	T	-		
323	44	O	6.93	G	-		
323	45	O	6.93	C	-		
323	46	O	6.93	T	-		
323	47	O	6.93	T	-		
323	48	O	6.93	C	-		
323	49	O	6.93	T	-		
323	50	O	6.93	C	-		
323	51	O	6.93	A	-		
323	52	O	6.93	A	-		
323	53	O	6.93	T	-		
323	54	O	6.93	C	-		
323	55	O	6.93	G	-		
323	56	O	6.93	A	-		
323	57	O	6.93	G	-		
323	58	O	6.93	A	-		
323	59	O	6.93	G	-		
323	60	O	6.93	C	-		
323	61	O	6.93	C	-		
323	62	O	6.93	T	-		
323	63	O	6.93	C	-		
323	64	O	6.93	T	-		
323	65	O	6.93	C	-		
323	66	O	6.93	T	-		
323	67	O	6.93	T	-		
323	68	O	6.93	T	-		
323	69	O	6.93	G	-		
323	70	O	6.93	A	-		
323	71	O	6.93	C	-		
323	72	O	6.93	A	-		
323	73	O	6.93	T	-		
323	74	O	6.93	T	-		
323	75	O	6.93	T	-		
323	76	O	6.93	G	-		
323	77	O	6.93	C	-		
323	78	O	6.93	A	-		
323	79	O	6.93	A	-		
323	80	O	6.93	C	-		
323	81	O	6.93	A	-		
323	82	O	6.93	C	-		
323	83	O	6.93	A	-		
323	84	O	6.93	C	-		
323	85	O	6.93	C	-		
323	86	O	6.93	T	-		
323	87	O	6.93	C	-		
323	88	O	6.93	A	-		
323	89	O	6.93	G	-		
323	90	O	6.93	C	-		
323	91	O	6.93	G	-		
323	92	O	6.93	A	-		
323	93	O	6.93	A	-		
323	94	O	6.93	C	-		
323	95	O	6.93	C	-		
323	96	O	6.93	A	-		
323	97	O	6.93	A	-		
323	98	O	6.93	T	-		
323	99	O	6.93	G	-		
323	100	O	6.93	A	-		
323	101	O	6.93	C	-		
323	102	O	6.93	G	-		
323	103	O	6.93	A	-		
323	104	O	6.93	A	-		
323	105	O	6.93	A	-		
323	106	O	6.93	A	-		
323	107	O	6.93	G	-		
323	108	O	6.93	T	-		
323	109	O	6.93	G	-		
324	0	O	11.09	T	-		
324	1	O	11.09	C	-		
324	2	O	11.09	C	-		
324	3	O	11.09	G	-		
324	4	O	11.09	A	-		
324	5	O	11.09	T	-		
324	6	O	11.09	G	-		
324	7	O	11.09	C	-		
324	8	O	11.09	T	-		
324	9	O	11.09	A	-		
324	10	O	11.09	A	-		
324	11	O	11.09	C	-		
324	12	O	11.09	G	-		
324	13	O	11.09	C	-		
324	14	O	11.09	C	-		
324	15	O	11.09	A	-		
324	16	O	11.09	G	-		
324	17	O	11.09	T	-		
324	18	O	11.09	C	-		
324	19	O	11.09	C	-		
324	20	O	11.09	T	-		
324	21	O	11.09	C	-		
324	22	O	11.09	G	-		
324	23	O	11.09	C	-		
324	24	O	11.09	G	-		
324	25	O	11.09	T	-		
324	26	O	11.09	T	-		
324	27	O	11.09	C	-		
324	28	O	11.09	A	-		
324	29	O	11.09	A	-		
324	30	O	11.09	C	-		
324	31	O	11.09	C	-		
324	32	O	11.09	C	-		
324	33	O	11.09	A	-		
324	34	O	11.09	A	-		
324	35	O	11.09	C	-		
324	36	O	11.09	A	-		
324	37	O	11.09	C	-		
324	38	O	11.09	C	-		
324	39	O	11.09	A	-		
324	40	O	11.09	G	-		
324	41	O	11.09	C	-		
324	42	O	11.09	C	-		
324	43	O	11.09	T	-		
324	44	O	11.09	T	-		
324	45	O	11.09	C	-		
324	46	O	11.09	A	-		
324	47	O	11.09	G	-		
324	48	O	11.09	G	-		
324	49	O	11.09	C	-		
324	50	O	11.09	C	-		
324	51	O	11.09	C	-		
324	52	O	11.09	G	-		
324	53	O	11.09	C	-		
324	54	O	11.09	T	-		
324	55	O	11.09	A	-		
324	56	O	11.09	C	-		
324	57	O	11.09	G	-		
324	58	O	11.09	C	-		
324	59	O	11.09	C	-		
324	60	O	11.09	C	-		
324	61	O	11.09	G	-		
324	62	O	11.09	C	-		
324	63	O	11.09	C	-		
324	64	O	11.09	T	-		
324	65	O	11.09	C	-		
324	66	O	11.09	T	-		
324	67	O	11.09	G	-		
324	68	O	11.09	C	-		
324	69	O	11.09	A	-		
324	70	O	11.09	C	-		
324	71	O	11.09	G	-		
324	72	O	11.09	G	-		
324	73	O	11.09	C	-		
324	74	O	11.09	A	-		
324	75	O	11.09	C	-		
324	76	O	11.09	A	-		
324	77	O	11.09	C	-		
324	78	O	11.09	C	-		
324	79	O	11.09	T	-		
324	80	O	11.09	C	-		
324	81	E	-6.09	G	A		
324	82	O	11.09	G	-		
324	83	O	11.09	C	-		
324	84	O	11.09	G	-		
324	85	O	11.09	T	-		
324	86	O	11.09	T	-		
324	87	O	11.09	C	-		
324	88	O	11.09	G	-		
324	89	O	11.09	C	-		
324	90	O	11.09	G	-		
324	91	O	11.09	T	-		
324	92	O	11.09	A	-		
324	93	O	11.09	C	-		
324	94	O	11.09	G	-		
324	95	O	11.09	C	-		
324	96	O	11.09	T	-		
324	97	O	11.09	G	-		
324	98	O	11.09	C	-		
324	99	O	11.09	C	-		
324	100	O	11.09	A	-		
324	101	O	11.09	C	-		
324	102	O	11.09	G	-		
324	103	O	11.09	C	-		
324	104	O	11.09	C	-		
324	105	O	11.09	A	-		
324	106	O	11.09	G	-		
324	107	O	11.09	A	-		
324	108	O	11.09	A	-		
324	109	O	11.09	G	-		
325	0	O	5.55	A	-		
325	1	O	5.55	C	-		
325	2	O	5.55	C	-		
325	3	O	5.55	T	-		
325	4	O	5.55	G	-		
325	5	O	5.55	A	-		
325	6	O	5.55	A	-		
325	7	O	5.55	C	-		
325	8	O	5.55	G	-		
325	9	O	5.55	C	-		
325	10	O	5.55	A	-		
325	11	O	5.55	A	-		
325	12	O	5.55	G	-		
325	13	O	5.55	C	-		
325	14	O	5.55	G	-		
325	15	O	5.55	C	-		
325	16	O	5.55	G	-		
325	17	O	5.55	G	-		
325	18	O	5.55	T	-		
325	19	O	5.55	G	-		
325	20	O	5.55	A	-		
325	21	O	5.55	T	-		
325	22	O	5.55	C	-		
325	23	O	5.55	G	-		
325	24	O	5.55	C	-		
325	25	O	5.55	C	-		
325	26	O	5.55	A	-		
325	27	O	5.55	G	-		
325	28	O	5.55	C	-		
325	29	O	5.55	G	-		
325	30	O	5.55	C	-		
325	31	O	5.55	G	-		
325	32	O	5.55	C	-		
325	33	O	5.55	C	-		
325	34	O	5.55	A	-		
325	35	O	5.55	A	-		
325	36	O	5.55	C	-		
325	37	O	5.55	A	-		
325	38	O	5.55	T	-		
325	39	O	5.55	C	-		
325	40	O	5.55	A	-		
325	41	O	5.55	A	-		
325	42	O	5.55	C	-		
325	43	O	5.55	G	-		
325	44	O	5.55	C	-		
325	45	O	5.55	A	-		
325	46	O	5.55	A	-		
325	47	O	5.55	C	-		
325	48	O	5.55	A	-		
325	49	O	5.55	C	-		
325	50	O	5.55	T	-		
325	51	O	5.55	G	-		
325	52	O	5.55	C	-		
325	53	O	5.55	A	-		
325	54	O	5.55	A	-		
325	55	O	5.55	G	-		
325	56	O	5.55	G	-		
325	57	O	5.55	C	-		
325	58	O	5.55	G	-		
325	59	O	5.55	C	-		
325	60	O	5.55	A	-		
325	61	O	5.55	G	-		
325	62	O	5.55	G	-		
325	63	O	5.55	T	-		
325	64	O	5.55	A	-		
325	65	O	5.55	G	-		
325	66	O	5.55	C	-		
325	67	O	5.55	G	-		
325	68	O	5.55	G	-		
325	69	O	5.55	C	-		
325	70	O	5.55	C	-		
325	71	O	5.55	C	-		
325	72	O	5.55	A	-		
325	73	O	5.55	G	-		
325	74	O	5.55	G	-		
325	75	O	5.55	A	-		
325	76	O	5.55	G	-		
325	77	O	5.55	C	-		
325	78	O	5.55	T	-		
325	79	O	5.55	A	-		
325	80	O	5.55	A	-		
325	81	O	5.55	T	-		
325	82	O	5.55	G	-		
325	83	O	5.55	G	-		
325	84	O	5.55	T	-		
325	85	O	5.55	A	-		
325	86	O	5.55	G	-		
325	87	O	5.55	C	-		
325	88	O	5.55	G	-		
325	89	O	5.55	T	-		
325	90	O	5.55	G	-		
325	91	O	5.55	C	-		
325	92	O	5.55	A	-		
325	93	O	5.55	G	-		
325	94	O	5.55	T	-		
325	95	O	5.55	T	-		
325	96	O	5.55	C	-		
325	97	O	5.55	C	-		
325	98	O	5.55	G	-		
325	99	O	5.55	C	-		
325	100	O	5.55	G	-		
325	101	O	5.55	G	-		
325	102	O	5.55	T	-		
325	103	O	5.55	G	-		
325	104	O	5.55	C	-		
325	105	O	5.55	G	-		
325	106	O	5.55	G	-		
325	107	O	5.55	C	-		
325	108	O	5.55	A	-		
325	109	O	5.55	C	-		
326	0	O	8.32	G	-		
326	1	O	8.32	A	-		
326	2	O	8.32	T	-		
326	3	O	8.32	C	-		
326	4	O	8.32	G	-		
326	5	O	8.32	T	-		
326	6	O	8.32	G	-		
326	7	O	8.32	C	-		
326	8	O	8.32	A	-		
326	9	O	8.32	A	-		
326	10	O	8.32	G	-		
326	11	O	8.32	C	-		
326	12	O	8.32	T	-		
326	13	O	8.32	T	-		
326	14	O	8.32	A	-		
326	15	O	8.32	C	-		
326	16	O	8.32	C	-		
326	17	O	8.32	C	-		
326	18	O	8.32	A	-		
326	19	O	8.32	A	-		
326	20	O	8.32	G	-		
326	21	O	8.32	A	-		
326	22	O	8.32	G	-		
326	23	O	8.32	C	-		
326	24	O	8.32	C	-		
326	25	O	8.32	A	-		
326	26	O	8.32	A	-		
326	27	O	8.32	T	-		
326	28	O	8.32	C	-		
326	29	O	8.32	C	-		
326	30	O	8.32	A	-		
326	31	O	8.32	G	-		
326	32	O	8.32	C	-		
326	33	O	8.32	G	-		
326	34	O	8.32	G	-		
326	35	O	8.32	C	-		
326	36	O	8.32	A	-		
326	37	O	8.32	A	-		
326	38	O	8.32	T	-		
326	39	O	8.32	G	-		
326	40	O	8.32	C	-		
326	41	O	8.32	C	-		
326	42	O	8.32	A	-		
326	43	O	8.32	G	-		
326	44	O	8.32	T	-		
326	45	O	8.32	T	-		
326	46	O	8.32	A	-		
326	47	O	8.32	C	-		
326	48	O	8.32	G	-		
326	49	O	8.32	G	-		
326	50	O	8.32	C	-		
326	51	O	8.32	T	-		
326	52	O	8.32	C	-		
326	53	O	8.32	T	-		
326	54	O	8.32	C	-		
326	55	O	8.32	C	-		
326	56	O	8.32	T	-		
326	57	O	8.32	C	-		
326	58	O	8.32	T	-		
326	59	O	8.32	T	-		
326	60	O	8.32	G	-		
326	61	O	8.32	A	-		
326	62	O	8.32	T	-		
326	63	O	8.32	C	-		
326	64	O	8.32	T	-		
326	65	O	8.32	T	-		
326	66	O	8.32	C	-		
326	67	O	8.32	T	-		
326	68	O	8.32	C	-		
326	69	O	8.32	C	-		
326	70	O	8.32	T	-		
326	71	O	8.32	T	-		
326	72	O	8.32	G	-		
326	73	O	8.32	T	-		
326	74	O	8.32	G	-		
326	75	O	8.32	A	-		
326	76	O	8.32	A	-		
326	77	O	8.32	G	-		
326	78	O	8.32	C	-		
326	79	O	8.32	T	-		
326	80	O	8.32	C	-		
326	81	O	8.32	A	-		
326	82	O	8.32	G	-		
326	83	O	8.32	T	-		
326	84	O	8.32	C	-		
326	85	O	8.32	T	-		
326	86	O	8.32	G	-		
326	87	O	8.32	C	-		
326	88	O	8.32	A	-		
326	89	O	8.32	C	-		
326	90	O	8.32	A	-		
326	91	O	8.32	G	-		
326	92	O	8.32	C	-		
326	93	O	8.32	C	-		
326	94	O	8.32	T	-		
326	95	O	8.32	T	-		
326	96	O	8.32	G	-		
326	97	O	8.32	A	-		
326	98	O	8.32	C	-		
326	99	O	8.32	C	-		
326	100	O	8.32	C	-		
326	101	O	8.32	T	-		
326	102	O	8.32	C	-		
326	103	O	8.32	T	-		
326	104	O	8.32	T	-		
326	105	O	8.32	G	-		
326	106	O	8.32	G	-		
326	107	O	8.32	G	-		
326	108	O	8.32	A	-		
326	109	O	8.32	C	-		
327	0	O	8.32	A	-		
327	1	O	8.32	T	-		
327	2	O	8.32	G	-		
327	3	O	8.32	A	-		
327	4	O	8.32	C	-		
327	5	O	8.32	C	-		
327	6	O	8.32	G	-		
327	7	O	8.32	A	-		
327	8	O	8.32	C	-		
327	9	O	8.32	A	-		
327	10	O	8.32	T	-		
327	11	O	8.32	G	-		
327	12	O	8.32	A	-		
327	13	O	8.32	A	-		
327	14	O	8.32	G	-		
327	15	O	8.32	C	-		
327	16	O	8.32	A	-		
327	17	O	8.32	G	-		
327	18	O	8.32	G	-		
327	19	O	8.32	T	-		
327	20	O	8.32	T	-		
327	21	O	8.32	T	-		
327	22	O	8.32	G	-		
327	23	O	8.32	G	-		
327	24	O	8.32	C	-		
327	25	O	8.32	C	-		
327	26	O	8.32	C	-		
327	27	O	8.32	A	-		
327	28	O	8.32	T	-		
327	29	O	8.32	G	-		
327	30	U	0.71	T	G		
327	31	O	8.32	T	-		
327	32	O	8.32	G	-		
327	33	O	8.32	T	-		
327	34	O	8.32	A	-		
327	35	O	8.32	G	-		
327	36	O	8.32	A	-		
327	37	O	8.32	G	-		
327	38	O	8.32	G	-		
327	39	O	8.32	C	-		
327	40	O	8.32	C	-		
327	41	O	8.32	G	-		
327	42	O	8.32	C	-		
327	43	O	8.32	G	-		
327	44	O	8.32	C	-		
327	45	O	8.32	A	-		
327	46	O	8.32	G	-		
327	47	O	8.32	G	-		
327	48	O	8.32	C	-		
327	49	O	8.32	C	-		
327	50	O	8.32	G	-		
327	51	O	8.32	G	-		
327	52	O	8.32	T	-		
327	53	O	8.32	G	-		
327	54	O	8.32	G	-		
327	55	O	8.32	C	-		
327	56	O	8.32	G	-		
327	57	O	8.32	G	-		
327	58	O	8.32	C	-		
327	59	O	8.32	G	-		
327	60	O	8.32	C	-		
327	61	O	8.32	A	-		
327	62	O	8.32	T	-		
327	63	O	8.32	G	-		
327	64	O	8.32	G	-		
327	65	O	8.32	G	-		
327	66	O	8.32	A	-		
327	67	O	8.32	T	-		
327	68	O	8.32	C	-		
327	69	O	8.32	G	-		
327	70	O	8.32	A	-		
327	71	O	8.32	G	-		
327	72	O	8.32	C	-		
327	73	O	8.32	C	-		
327	74	O	8.32	C	-		
327	75	O	8.32	G	-		
327	76	O	8.32	A	-		
327	77	O	8.32	G	-		
327	78	O	8.32	T	-		
327	79	O	8.32	T	-		
327	80	U	-3.71	G	C		
327	81	U	-3.71	T	G		
327	82	O	8.32	T	-		
327	83	O	8.32	C	-		
327	84	O	8.32	G	-		
327	85	O	8.32	C	-		
327	86	O	8.32	T	-		
327	87	O	8.32	A	-		
327	88	O	8.32	C	-		
327	89	O	8.32	G	-		
327	90	O	8.32	A	-		
327	91	O	8.32	G	-		
327	92	O	8.32	G	-		
327	93	O	8.32	C	-		
327	94	O	8.32	G	-		
327	95	O	8.32	C	-		
327	96	O	8.32	T	-		
327	97	O	8.32	T	-		
327	98	O	8.32	G	-		
327	99	O	8.32	T	-		
327	100	O	8.32	C	-		
327	101	O	8.32	G	-		
327	102	O	8.32	C	-		
327	103	O	8.32	C	-		
327	104	O	8.32	G	-		
327	105	O	8.32	G	-		
327	106	O	8.32	G	-		
327	107	O	8.32	C	-		
327	108	O	8.32	T	-		
327	109	O	8.32	C	-		
328	0	O	5.55	A	-		
328	1	O	5.55	G	-		
328	2	O	5.55	C	-		
328	3	O	5.55	T	-		
328	4	O	5.55	T	-		
328	5	O	5.55	G	-		
328	6	O	5.55	G	-		
328	7	O	5.55	G	-		
328	8	O	5.55	C	-		
328	9	O	5.55	A	-		
328	10	O	5.55	G	-		
328	11	O	5.55	A	-		
328	12	O	5.55	T	-		
328	13	O	5.55	C	-		
328	14	O	5.55	G	-		
328	15	O	5.55	C	-		
328	16	O	5.55	G	-		
328	17	O	5.55	A	-		
328	18	O	5.55	T	-		
328	19	O	5.55	A	-		
328	20	O	5.55	A	-		
328	21	O	5.55	A	-		
328	22	O	5.55	G	-		
328	23	O	5.55	T	-		
328	24	O	5.55	T	-		
328	25	O	5.55	C	-		
328	26	O	5.55	C	-		
328	27	O	5.55	T	-		
328	28	O	5.55	T	-		
328	29	O	5.55	T	-		
328	30	O	5.55	G	-		
328	31	O	5.55	C	-		
328	32	O	5.55	C	-		
328	33	O	5.55	A	-		
328	34	O	5.55	G	-		
328	35	O	5.55	C	-		
328	36	O	5.55	T	-		
328	37	O	5.55	C	-		
328	38	O	5.55	A	-		
328	39	O	5.55	T	-		
328	40	O	5.55	G	-		
328	41	O	5.55	A	-		
328	42	O	5.55	T	-		
328	43	O	5.55	C	-		
328	44	O	5.55	G	-		
328	45	O	5.55	T	-		
328	46	O	5.55	C	-		
328	47	O	5.55	T	-		
328	48	O	5.55	T	-		
328	49	O	5.55	T	-		
328	50	O	5.55	C	-		
328	51	O	5.55	G	-		
328	52	O	5.55	A	-		
328	53	O	5.55	A	-		
328	54	O	5.55	G	-		
328	55	O	5.55	C	-		
328	56	O	5.55	C	-		
328	57	O	5.55	T	-		
328	58	O	5.55	A	-		
328	59	O	5.55	C	-		
328	60	O	5.55	C	-		
328	61	O	5.55	A	-		
328	62	O	5.55	T	-		
328	63	O	5.55	A	-		
328	64	O	5.55	G	-		
328	65	O	5.55	A	-		
328	66	O	5.55	T	-		
328	67	O	5.55	T	-		
328	68	O	5.55	A	-		
328	69	O	5.55	G	-		
328	70	O	5.55	C	-		
328	71	O	5.55	G	-		
328	72	O	5.55	T	-		
328	73	O	5.55	G	-		
328	74	O	5.55	T	-		
328	75	O	5.55	A	-		
328	76	O	5.55	T	-		
328	77	O	5.55	G	-		
328	78	O	5.55	G	-		
328	79	O	5.55	C	-		
328	80	O	5.55	A	-		
328	81	O	5.55	A	-		
328	82	O	5.55	A	-		
328	83	O	5.55	A	-		
328	84	O	5.55	C	-		
328	85	O	5.55	G	-		
328	86	O	5.55	A	-		
328	87	O	5.55	T	-		
328	88	O	5.55	G	-		
328	89	O	5.55	C	-		
328	90	O	5.55	A	-		
328	91	O	5.55	A	-		
328	92	O	5.55	C	-		
328	93	O	5.55	G	-		
328	94	O	5.55	G	-		
328	95	O	5.55	T	-		
328	96	O	5.55	C	-		
328	97	O	5.55	G	-		
328	98	O	5.55	C	-		
328	99	O	5.55	T	-		
328	100	O	5.55	A	-		
328	101	O	5.55	C	-		
328	102	O	5.55	T	-		
328	103	O	5.55	T	-		
328	104	O	5.55	A	-		
328	105	O	5.55	C	-		
328	106	O	5.55	C	-		
328	107	O	5.55	G	-		
328	108	O	5.55	G	-		
328	109	O	5.55	C	-		
329	0	O	12.48	C	-		
329	1	O	12.48	C	-		
329	2	O	12.48	C	-		
329	3	O	12.48	A	-		
329	4	O	12.48	C	-		
329	5	O	12.48	T	-		
329	6	O	12.48	T	-		
329	7	O	12.48	A	-		
329	8	O	12.48	C	-		
329	9	O	12.48	C	-		
329	10	O	12.48	C	-		
329	11	O	12.48	C	-		
329	12	O	12.48	A	-		
329	13	O	12.48	A	-		
329	14	O	12.48	A	-		
329	15	O	12.48	A	-		
329	16	O	12.48	A	-		
329	17	O	12.48	T	-		
329	18	O	12.48	C	-		
329	19	O	12.48	A	-		
329	20	O	12.48	A	-		
329	21	O	12.48	A	-		
329	22	O	12.48	G	-		
329	23	O	12.48	C	-		
329	24	O	12.48	A	-		
329	25	O	12.48	G	-		
329	26	O	12.48	A	-		
329	27	O	12.48	T	-		
329	28	O	12.48	T	-		
329	29	O	12.48	G	-		
329	30	O	12.48	A	-		
329	31	O	12.48	A	-		
329	32	O	12.48	C	-		
329	33	O	12.48	C	-		
329	34	O	12.48	A	-		
329	35	O	12.48	A	-		
329	36	O	12.48	A	-		
329	37	O	12.48	A	-		
329	38	O	12.48	T	-		
329	39	O	12.48	G	-		
329	40	O	12.48	T	-		
329	41	O	12.48	A	-		
329	42	O	12.48	A	-		
329	43	O	12.48	T	-		
329	44	O	12.48	G	-		
329	45	O	12.48	T	-		
329	46	O	12.48	T	-		
329	47	O	12.48	A	-		
329	48	O	12.48	G	-		
329	49	O	12.48	T	-		
329	50	O	12.48	T	-		
329	51	O	12.48	C	-		
329	52	O	12.48	T	-		
329	53	O	12.48	A	-		
329	54	O	12.48	G	-		
329	55	O	12.48	T	-		
329	56	O	12.48	A	-		
329	57	O	12.48	A	-		
329	58	O	12.48	A	-		
329	59	O	12.48	A	-		
329	60	O	12.48	T	-		
329	61	O	12.48	G	-		
329	62	O	12.48	A	-		
329	63	O	12.48	A	-		
329	64	O	12.48	C	-		
329	65	O	12.48	C	-		
329	66	O	12.48	A	-		
329	67	O	12.48	T	-		
329	68	O	12.48	A	-		
329	69	O	12.48	A	-		
329	70	O	12.48	G	-		
329	71	O	12.48	T	-		
329	72	O	12.48	T	-		
329	73	O	12.48	T	-		
329	74	O	12.48	C	-		
329	75	O	12.48	A	-		
329	76	O	12.48	A	-		
329	77	O	12.48	T	-		
329	78	O	12.48	C	-		
329	79	O	12.48	A	-		
329	80	O	12.48	A	-		
329	81	O	12.48	G	-		
329	82	O	12.48	G	-		
329	83	O	12.48	G	-		
329	84	O	12.48	T	-		
329	85	O	12.48	C	-		
329	86	O	12.48	C	-		
329	87	O	12.48	A	-		
329	88	O	12.48	T	-		
329	89	O	12.48	T	-		
329	90	O	12.48	T	-		
329	91	O	12.48	T	-		
329	92	O	12.48	T	-		
329	93	O	12.48	T	-		
329	94	O	12.48	G	-		
329	95	O	12.48	G	-		
329	96	O	12.48	T	-		
329	97	O	12.48	G	-		
329	98	O	12.48	G	-		
329	99	O	12.48	G	-		
329	100	O	12.48	A	-		
329	101	O	12.48	C	-		
329	102	O	12.48	A	-		
329	103	O	12.48	T	-		
329	104	O	12.48	G	-		
329	105	O	12.48	A	-		
329	106	O	12.48	G	-		
329	107	O	12.48	A	-		
329	108	O	12.48	T	-		
329	109	O	12.48	A	-		
330	0	O	13.86	A	-		
330	1	O	13.86	C	-		
330	2	O	13.86	A	-		
330	3	O	13.86	A	-		
330	4	O	13.86	G	-		
330	5	O	13.86	G	-		
330	6	O	13.86	A	-		
330	7	O	13.86	C	-		
330	8	O	13.86	T	-		
330	9	O	13.86	C	-		
330	10	O	13.86	C	-		
330	11	O	13.86	C	-		
330	12	O	13.86	C	-		
330	13	O	13.86	G	-		
330	14	O	13.86	T	-		
330	15	O	13.86	A	-		
330	16	O	13.86	C	-		
330	17	O	13.86	A	-		
330	18	O	13.86	A	-		
330	19	O	13.86	C	-		
330	20	O	13.86	T	-		
330	21	O	13.86	T	-		
330	22	O	13.86	C	-		
330	23	O	13.86	A	-		
330	24	O	13.86	A	-		
330	25	O	13.86	C	-		
330	26	O	13.86	A	-		
330	27	O	13.86	A	-		
330	28	O	13.86	C	-		
330	29	O	13.86	C	-		
330	30	O	13.86	C	-		
330	31	O	13.86	G	-		
330	32	O	13.86	C	-		
330	33	O	13.86	C	-		
330	34	O	13.86	C	-		
330	35	O	13.86	A	-		
330	36	O	13.86	T	-		
330	37	O	13.86	G	-		
330	38	O	13.86	C	-		
330	39	O	13.86	T	-		
330	40	O	13.86	G	-		
330	41	O	13.86	G	-		
330	42	O	13.86	C	-		
330	43	O	13.86	G	-		
330	44	O	13.86	C	-		
330	45	O	13.86	T	-		
330	46	O	13.86	C	-		
330	47	O	13.86	A	-		
330	48	O	13.86	A	-		
330	49	O	13.86	C	-		
330	50	O	13.86	C	-		
330	51	O	13.86	T	-		
330	52	O	13.86	G	-		
330	53	O	13.86	G	-		
330	54	O	13.86	A	-		
330	55	O	13.86	G	-		
330	56	O	13.86	G	-		
330	57	O	13.86	A	-		
330	58	O	13.86	G	-		
330	59	O	13.86	T	-		
330	60	O	13.86	A	-		
330	61	O	13.86	C	-		
330	62	O	13.86	G	-		
330	63	O	13.86	A	-		
330	64	O	13.86	G	-		
330	65	O	13.86	C	-		
330	66	O	13.86	G	-		
330	67	O	13.86	C	-		
330	68	O	13.86	A	-		
330	69	O	13.86	C	-		
330	70	O	13.86	C	-		
330	71	O	13.86	G	-		
330	72	O	13.86	G	-		
330	73	O	13.86	C	-		
330	74	O	13.86	G	-		
330	75	O	13.86	A	-		
330	76	O	13.86	G	-		
330	77	O	13.86	G	-		
330	78	O	13.86	C	-		
330	79	O	13.86	C	-		
330	80	O	13.86	A	-		
330	81	O	13.86	A	-		
330	82	O	13.86	G	-		
330	83	O	13.86	G	-		
330	84	O	13.86	T	-		
330	85	O	13.86	G	-		
330	86	O	13.86	A	-		
330	87	O	13.86	C	-		
330	88	O	13.86	T	-		
330	89	O	13.86	C	-		
330	90	O	13.86	C	-		
330	91	O	13.86	C	-		
330	92	O	13.86	A	-		
330	93	O	13.86	T	-		
330	94	O	13.86	A	-		
330	95	O	13.86	A	-		
330	96	O	13.86	G	-		
330	97	O	13.86	C	-		
330	98	O	13.86	G	-		
330	99	O	13.86	A	-		
330	100	O	13.86	C	-		
330	101	O	13.86	C	-		
330	102	O	13.86	T	-		
330	103	O	13.86	G	-		
330	104	O	13.86	G	-		
330	105	O	13.86	T	-		
330	106	O	13.86	G	-		
330	107	O	13.86	G	-		
330	108	O	13.86	C	-		
330	109	O	13.86	C	-		
331	0	O	5.55	A	-		
331	1	O	5.55	G	-		
331	2	O	5.55	T	-		
331	3	O	5.55	T	-		
331	4	O	5.55	G	-		
331	5	O	5.55	C	-		
331	6	O	5.55	T	-		
331	7	O	5.55	T	-		
331	8	O	5.55	G	-		
331	9	O	5.55	A	-		
331	10	O	5.55	T	-		
331	11	O	5.55	C	-		
331	12	O	5.55	T	-		
331	13	O	5.55	C	-		
331	14	O	5.55	G	-		
331	15	O	5.55	G	-		
331	16	O	5.55	A	-		
331	17	O	5.55	G	-		
331	18	O	5.55	A	-		
331	19	O	5.55	A	-		
331	20	O	5.55	C	-		
331	21	O	5.55	A	-		
331	22	O	5.55	G	-		
331	23	O	5.55	A	-		
331	24	O	5.55	T	-		
331	25	O	5.55	C	-		
331	26	O	5.55	G	-		
331	27	O	5.55	G	-		
331	28	O	5.55	C	-		
331	29	O	5.55	C	-		
331	30	O	5.55	A	-		
331	31	O	5.55	C	-		
331	32	O	5.55	G	-		
331	33	O	5.55	T	-		
331	34	O	5.55	T	-		
331	35	O	5.55	A	-		
331	36	O	5.55	G	-		
331	37	O	5.55	T	-		
331	38	O	5.55	A	-		
331	39	O	5.55	T	-		
331	40	O	5.55	T	-		
331	41	O	5.55	G	-		
331	42	O	5.55	G	-		
331	43	O	5.55	T	-		
331	44	O	5.55	T	-		
331	45	O	5.55	T	-		
331	46	O	5.55	G	-		
331	47	O	5.55	T	-		
331	48	O	5.55	C	-		
331	49	O	5.55	C	-		
331	50	O	5.55	G	-		
331	51	O	5.55	A	-		
331	52	O	5.55	G	-		
331	53	O	5.55	G	-		
331	54	O	5.55	A	-		
331	55	O	5.55	A	-		
331	56	O	5.55	C	-		
331	57	O	5.55	A	-		
331	58	O	5.55	A	-		
331	59	O	5.55	A	-		
331	60	O	5.55	T	-		
331	61	O	5.55	C	-		
331	62	O	5.55	A	-		
331	63	O	5.55	T	-		
331	64	O	5.55	A	-		
331	65	O	5.55	A	-		
331	66	O	5.55	G	-		
331	67	O	5.55	G	-		
331	68	O	5.55	C	-		
331	69	O	5.55	A	-		
331	70	O	5.55	T	-		
331	71	O	5.55	C	-		
331	72	O	5.55	T	-		
331	73	O	5.55	A	-		
331	74	O	5.55	A	-		
331	75	O	5.55	A	-		
331	76	O	5.55	G	-		
331	77	O	5.55	A	-		
331	78	O	5.55	T	-		
331	79	O	5.55	A	-		
331	80	O	5.55	A	-		
331	81	O	5.55	G	-		
331	82	O	5.55	A	-		
331	83	O	5.55	A	-		
331	84	O	5.55	C	-		
331	85	O	5.55	C	-		
331	86	O	5.55	C	-		
331	87	O	5.55	A	-		
331	88	O	5.55	T	-		
331	89	O	5.55	A	-		
331	90	O	5.55	T	-		
331	91	O	5.55	T	-		
331	92	O	5.55	T	-		
331	93	O	5.55	C	-		
331	94	O	5.55	A	-		
331	95	O	5.55	T	-		
331	96	O	5.55	C	-		
331	97	O	5.55	T	-		
331	98	O	5.55	G	-		
331	99	O	5.55	C	-		
331	100	O	5.55	A	-		
331	101	O	5.55	A	-		
331	102	O	5.55	A	-		
331	103	O	5.55	T	-		
331	104	O	5.55	C	-		
331	105	O	5.55	A	-		
331	106	O	5.55	A	-		
331	107	O	5.55	T	-		
331	108	O	5.55	T	-		
331	109	O	5.55	A	-		
332	0	O	11.09	G	-		
332	1	O	11.09	G	-		
332	2	O	11.09	C	-		
332	3	O	11.09	C	-		
332	4	O	11.09	A	-		
332	5	O	11.09	A	-		
332	6	O	11.09	A	-		
332	7	O	11.09	T	-		
332	8	O	11.09	T	-		
332	9	O	11.09	C	-		
332	10	O	11.09	C	-		
332	11	O	11.09	G	-		
332	12	O	11.09	C	-		
332	13	O	11.09	C	-		
332	14	O	11.09	G	-		
332	15	O	11.09	G	-		
332	16	O	11.09	C	-		
332	17	O	11.09	C	-		
332	18	O	11.09	A	-		
332	19	O	11.09	G	-		
332	20	O	11.09	T	-		
332	21	O	11.09	T	-		
332	22	O	11.09	G	-		
332	23	O	11.09	A	-		
332	24	O	11.09	C	-		
332	25	O	11.09	G	-		
332	26	O	11.09	T	-		
332	27	O	11.09	T	-		
332	28	O	11.09	C	-		
332	29	O	11.09	G	-		
332	30	O	11.09	T	-		
332	31	O	11.09	T	-		
332	32	O	11.09	G	-		
332	33	O	11.09	T	-		
332	34	O	11.09	T	-		
332	35	O	11.09	C	-		
332	36	O	11.09	T	-		
332	37	O	11.09	T	-		
332	38	O	11.09	G	-		
332	39	O	11.09	C	-		
332	40	O	11.09	A	-		
332	41	O	11.09	G	-		
332	42	O	11.09	G	-		
332	43	O	11.09	A	-		
332	44	O	11.09	C	-		
332	45	O	11.09	C	-		
332	46	O	11.09	G	-		
332	47	O	11.09	C	-		
332	48	O	11.09	C	-		
332	49	O	11.09	A	-		
332	50	O	11.09	T	-		
332	51	O	11.09	A	-		
332	52	O	11.09	C	-		
332	53	O	11.09	A	-		
332	54	O	11.09	G	-		
332	55	O	11.09	G	-		
332	56	O	11.09	A	-		
332	57	O	11.09	C	-		
332	58	O	11.09	T	-		
332	59	O	11.09	T	-		
332	60	O	11.09	G	-		
332	61	O	11.09	G	-		
332	62	O	11.09	G	-		
332	63	O	11.09	A	-		
332	64	O	11.09	C	-		
332	65	O	11.09	A	-		
332	66	O	11.09	G	-		
332	67	O	11.09	T	-		
332	68	O	11.09	C	-		
332	69	O	11.09	C	-		
332	70	O	11.09	A	-		
332	71	O	11.09	G	-		
332	72	O	11.09	A	-		
332	73	O	11.09	G	-		
332	74	O	11.09	A	-		
332	75	O	11.09	A	-		
332	76	O	11.09	A	-		
332	77	O	11.09	T	-		
332	78	O	11.09	T	-		
332	79	O	11.09	T	-		
332	80	O	11.09	T	-		
332	81	O	11.09	C	-		
332	82	O	11.09	G	-		
332	83	O	11.09	T	-		
332	84	O	11.09	C	-		
332	85	O	11.09	C	-		
332	86	O	11.09	A	-		
332	87	O	11.09	T	-		
332	88	O	11.09	T	-		
332	89	O	11.09	C	-		
332	90	O	11.09	A	-		
332	91	O	11.09	A	-		
332	92	O	11.09	A	-		
332	93	O	11.09	C	-		
332	94	O	11.09	A	-		
332	95	O	11.09	A	-		
332	96	O	11.09	C	-		
332	97	O	11.09	A	-		
332	98	O	11.09	C	-		
332	99	O	11.09	C	-		
332	100	O	11.09	T	-		
332	101	O	11.09	T	-		
332	102	O	11.09	A	-		
332	103	O	11.09	C	-		
332	104	O	11.09	A	-		
332	105	O	11.09	G	-		
332	106	O	11.09	A	-		
332	107	O	11.09	T	-		
332	108	O	11.09	T	-		
332	109	O	11.09	C	-		
333	0	O	6.93	T	-		
333	1	O	6.93	C	-		
333	2	O	6.93	G	-		
333	3	O	6.93	A	-		
333	4	O	6.93	G	-		
333	5	O	6.93	G	-		
333	6	O	6.93	T	-		
333	7	O	6.93	A	-		
333	8	O	6.93	T	-		
333	9	O	6.93	C	-		
333	10	O	6.93	A	-		
333	11	O	6.93	T	-		
333	12	O	6.93	T	-		
333	13	O	6.93	T	-		
333	14	O	6.93	C	-		
333	15	O	6.93	C	-		
333	16	O	6.93	A	-		
333	17	O	6.93	G	-		
333	18	O	6.93	A	-		
333	19	O	6.93	G	-		
333	20	O	6.93	A	-		
333	21	O	6.93	T	-		
333	22	O	6.93	C	-		
333	23	O	6.93	A	-		
333	24	O	6.93	A	-		
333	25	O	6.93	G	-		
333	26	O	6.93	G	-		
333	27	O	6.93	A	-		
333	28	O	6.93	G	-		
333	29	O	6.93	G	-		
333	30	O	6.93	T	-		
333	31	O	6.93	G	-		
333	32	O	6.93	A	-		
333	33	O	6.93	A	-		
333	34	O	6.93	G	-		
333	35	O	6.93	A	-		
333	36	O	6.93	G	-		
333	37	O	6.93	T	-		
333	38	O	6.93	G	-		
333	39	O	6.93	A	-		
333	40	O	6.93	G	-		
333	41	O	6.93	A	-		
333	42	O	6.93	A	-		
333	43	O	6.93	G	-		
333	44	O	6.93	A	-		
333	45	O	6.93	C	-		
333	46	O	6.93	A	-		
333	47	O	6.93	A	-		
333	48	O	6.93	C	-		
333	49	O	6.93	T	-		
333	50	O	6.93	G	-		
333	51	O	6.93	G	-		
333	52	O	6.93	T	-		
333	53	O	6.93	A	-		
333	54	O	6.93	G	-		
333	55	O	6.93	C	-		
333	56	O	6.93	T	-		
333	57	O	6.93	T	-		
333	58	O	6.93	C	-		
333	59	O	6.93	T	-		
333	60	O	6.93	T	-		
333	61	O	6.93	G	-		
333	62	O	6.93	C	-		
333	63	O	6.93	A	-		
333	64	O	6.93	A	-		
333	65	O	6.93	A	-		
333	66	O	6.93	A	-		
333	67	O	6.93	C	-		
333	68	O	6.93	A	-		
333	69	O	6.93	T	-		
333	70	O	6.93	T	-		
333	71	O	6.93	G	-		
333	72	O	6.93	T	-		
333	73	O	6.93	T	-		
333	74	O	6.93	T	-		
333	75	O	6.93	T	-		
333	76	O	6.93	G	-		
333	77	O	6.93	G	-		
333	78	O	6.93	T	-		
333	79	O	6.93	T	-		
333	80	O	6.93	A	-		
333	81	O	6.93	C	-		
333	82	O	6.93	C	-		
333	83	O	6.93	A	-		
333	84	O	6.93	T	-		
333	85	O	6.93	T	-		
333	86	O	6.93	C	-		
333	87	O	6.93	G	-		
333	88	O	6.93	C	-		
333	89	O	6.93	A	-		
333	90	O	6.93	T	-		
333	91	O	6.93	G	-		
333	92	O	6.93	G	-		
333	93	O	6.93	A	-		
333	94	O	6.93	G	-		
333	95	O	6.93	G	-		
333	96	O	6.93	A	-		
333	97	O	6.93	G	-		
333	98	O	6.93	T	-		
333	99	O	6.93	T	-		
333	100	O	6.93	T	-		
333	101	O	6.93	T	-		
333	102	O	6.93	G	-		
333	103	O	6.93	T	-		
333	104	O	6.93	C	-		
333	105	O	6.93	T	-		
333	106	O	6.93	A	-		
333	107	O	6.93	C	-		
333	108	O	6.93	A	-		
333	109	O	6.93	A	-		
334	0	O	26.34	G	-		
334	1	O	26.34	A	-		
334	2	O	26.34	A	-		
334	3	O	26.34	A	-		
334	4	O	26.34	C	-		
334	5	O	26.34	A	-		
334	6	O	26.34	A	-		
334	7	O	26.34	G	-		
334	8	O	26.34	C	-		
334	9	O	26.34	C	-		
334	10	O	26.34	A	-		
334	11	O	26.34	T	-		
334	12	O	26.34	T	-		
334	13	O	26.34	G	-		
334	14	O	26.34	G	-		
334	15	O	26.34	C	-		
334	16	O	26.34	T	-		
334	17	O	26.34	G	-		
334	18	O	26.34	C	-		
334	19	O	26.34	A	-		
334	20	O	26.34	A	-		
334	21	O	26.34	G	-		
334	22	O	26.34	T	-		
334	23	O	26.34	G	-		
334	24	O	26.34	G	-		
334	25	O	26.34	A	-		
334	26	O	26.34	T	-		
334	27	O	26.34	T	-		
334	28	O	26.34	T	-		
334	29	O	26.34	A	-		
334	30	O	26.34	C	-		
334	31	O	26.34	A	-		
334	32	O	26.34	A	-		
334	33	O	26.34	G	-		
334	34	O	26.34	A	-		
334	35	O	26.34	T	-		
334	36	O	26.34	C	-		
334	37	O	26.34	C	-		
334	38	O	26.34	A	-		
334	39	O	26.34	G	-		
334	40	O	26.34	C	-		
334	41	O	26.34	A	-		
334	42	O	26.34	T	-		
334	43	O	26.34	A	-		
334	44	O	26.34	A	-		
334	45	O	26.34	A	-		
334	46	O	26.34	G	-		
334	47	O	26.34	C	-		
334	48	O	26.34	A	-		
334	49	O	26.34	G	-		
334	50	O	26.34	A	-		
334	51	O	26.34	T	-		
334	52	O	26.34	G	-		
334	53	O	26.34	G	-		
334	54	O	26.34	C	-		
334	55	O	26.34	T	-		
334	56	O	26.34	C	-		
334	57	O	26.34	G	-		
334	58	O	26.34	G	-		
334	59	O	26.34	T	-		
334	60	O	26.34	A	-		
334	61	O	26.34	G	-		
334	62	O	26.34	A	-		
334	63	O	26.34	G	-		
334	64	O	26.34	A	-		
334	65	O	26.34	G	-		
334	66	O	26.34	A	-		
334	67	O	26.34	T	-		
334	68	O	26.34	A	-		
334	69	O	26.34	C	-		
334	70	O	26.34	A	-		
334	71	O	26.34	A	-		
334	72	O	26.34	A	-		
334	73	O	26.34	G	-		
334	74	O	26.34	C	-		
334	75	O	26.34	T	-		
334	76	O	26.34	A	-		
334	77	O	26.34	G	-		
334	78	O	26.34	A	-		
334	79	O	26.34	T	-		
334	80	O	26.34	T	-		
334	81	O	26.34	A	-		
334	82	O	26.34	G	-		
334	83	O	26.34	T	-		
334	84	O	26.34	A	-		
334	85	O	26.34	G	-		
334	86	O	26.34	C	-		
334	87	O	26.34	T	-		
334	88	O	26.34	A	-		
334	89	O	26.34	A	-		
334	90	O	26.34	A	-		
334	91	O	26.34	G	-		
334	92	O	26.34	G	-		
334	93	O	26.34	A	-		
334	94	O	26.34	T	-		
334	95	O	26.34	T	-		
334	96	O	26.34	C	-		
334	97	O	26.34	C	-		
334	98	O	26.34	T	-		
334	99	O	26.34	T	-		
334	100	O	26.34	C	-		
334	101	O	26.34	A	-		
334	102	O	26.34	A	-		
334	103	O	26.34	G	-		
334	104	O	26.34	A	-		
334	105	O	26.34	A	-		
334	106	O	26.34	T	-		
334	107	O	26.34	A	-		
334	108	O	26.34	T	-		
334	109	O	26.34	T	-		
335	0	O	11.09	T	-		
335	1	O	11.09	T	-		
335	2	O	11.09	A	-		
335	3	O	11.09	T	-		
335	4	O	11.09	T	-		
335	5	O	11.09	C	-		
335	6	O	11.09	C	-		
335	7	O	11.09	A	-		
335	8	O	11.09	C	-		
335	9	O	11.09	T	-		
335	10	O	11.09	A	-		
335	11	O	11.09	A	-		
335	12	O	11.09	T	-		
335	13	O	11.09	T	-		
335	14	O	11.09	C	-		
335	15	O	11.09	T	-		
335	16	O	11.09	G	-		
335	17	O	11.09	T	-		
335	18	O	11.09	C	-		
335	19	O	11.09	A	-		
335	20	O	11.09	T	-		
335	21	O	11.09	A	-		
335	22	O	11.09	A	-		
335	23	O	11.09	T	-		
335	24	O	11.09	T	-		
335	25	O	11.09	G	-		
335	26	O	11.09	T	-		
335	27	O	11.09	A	-		
335	28	O	11.09	A	-		
335	29	O	11.09	T	-		
335	30	O	11.09	G	-		
335	31	O	11.09	T	-		
335	32	O	11.09	T	-		
335	33	O	11.09	A	-		
335	34	O	11.09	T	-		
335	35	O	11.09	C	-		
335	36	O	11.09	T	-		
335	37	O	11.09	C	-		
335	38	O	11.09	A	-		
335	39	O	11.09	A	-		
335	40	O	11.09	A	-		
335	41	O	11.09	A	-		
335	42	O	11.09	A	-		
335	43	O	11.09	T	-		
335	44	O	11.09	A	-		
335	45	O	11.09	T	-		
335	46	O	11.09	G	-		
335	47	O	11.09	T	-		
335	48	O	11.09	T	-		
335	49	O	11.09	T	-		
335	50	O	11.09	G	-		
335	51	O	11.09	A	-		
335	52	O	11.09	T	-		
335	53	O	11.09	T	-		
335	54	O	11.09	T	-		
335	55	O	11.09	G	-		
335	56	O	11.09	T	-		
335	57	O	11.09	G	-		
335	58	O	11.09	T	-		
335	59	O	11.09	T	-		
335	60	O	11.09	T	-		
335	61	O	11.09	T	-		
335	62	O	11.09	T	-		
335	63	O	11.09	T	-		
335	64	O	11.09	A	-		
335	65	O	11.09	A	-		
335	66	O	11.09	A	-		
335	67	O	11.09	G	-		
335	68	O	11.09	C	-		
335	69	O	11.09	T	-		
335	70	O	11.09	T	-		
335	71	O	11.09	T	-		
335	72	O	11.09	T	-		
335	73	O	11.09	G	-		
335	74	O	11.09	G	-		
335	75	O	11.09	T	-		
335	76	O	11.09	T	-		
335	77	O	11.09	T	-		
335	78	O	11.09	G	-		
335	79	O	11.09	A	-		
335	80	O	11.09	G	-		
335	81	O	11.09	T	-		
335	82	O	11.09	T	-		
335	83	O	11.09	T	-		
335	84	O	11.09	T	-		
335	85	O	11.09	T	-		
335	86	O	11.09	T	-		
335	87	O	11.09	G	-		
335	88	O	11.09	A	-		
335	89	O	11.09	A	-		
335	90	O	11.09	A	-		
335	91	O	11.09	T	-		
335	92	O	11.09	A	-		
335	93	O	11.09	T	-		
335	94	O	11.09	C	-		
335	95	O	11.09	A	-		
335	96	O	11.09	A	-		
335	97	O	11.09	G	-		
335	98	O	11.09	A	-		
335	99	O	11.09	A	-		
335	100	O	11.09	A	-		
335	101	O	11.09	A	-		
335	102	O	11.09	G	-		
335	103	O	11.09	T	-		
335	104	O	11.09	A	-		
335	105	O	11.09	A	-		
335	106	O	11.09	T	-		
335	107	O	11.09	G	-		
335	108	O	11.09	A	-		
335	109	O	11.09	T	-		
336	0	O	5.55	C	-		
336	1	O	5.55	G	-		
336	2	O	5.55	C	-		
336	3	O	5.55	T	-		
336	4	O	5.55	G	-		
336	5	O	5.55	T	-		
336	6	O	5.55	C	-		
336	7	O	5.55	T	-		
336	8	O	5.55	C	-		
336	9	O	5.55	G	-		
336	10	O	5.55	A	-		
336	11	O	5.55	T	-		
336	12	O	5.55	G	-		
336	13	O	5.55	A	-		
336	14	O	5.55	C	-		
336	15	O	5.55	T	-		
336	16	O	5.55	G	-		
336	17	O	5.55	C	-		
336	18	O	5.55	T	-		
336	19	O	5.55	C	-		
336	20	O	5.55	G	-		
336	21	O	5.55	T	-		
336	22	O	5.55	A	-		
336	23	O	5.55	G	-		
336	24	O	5.55	C	-		
336	25	O	5.55	T	-		
336	26	O	5.55	C	-		
336	27	O	5.55	G	-		
336	28	O	5.55	A	-		
336	29	O	5.55	G	-		
336	30	O	5.55	T	-		
336	31	O	5.55	C	-		
336	32	O	5.55	C	-		
336	33	O	5.55	C	-		
336	34	O	5.55	G	-		
336	35	O	5.55	C	-		
336	36	O	5.55	A	-		
336	37	O	5.55	T	-		
336	38	O	5.55	G	-		
336	39	O	5.55	A	-		
336	40	O	5.55	T	-		
336	41	O	5.55	T	-		
336	42	O	5.55	G	-		
336	43	O	5.55	T	-		
336	44	O	5.55	T	-		
336	45	O	5.55	A	-		
336	46	O	5.55	T	-		
336	47	O	5.55	T	-		
336	48	O	5.55	G	-		
336	49	O	5.55	G	-		
336	50	O	5.55	C	-		
336	51	O	5.55	T	-		
336	52	O	5.55	A	-		
336	53	O	5.55	T	-		
336	54	O	5.55	G	-		
336	55	O	5.55	T	-		
336	56	O	5.55	T	-		
336	57	O	5.55	G	-		
336	58	O	5.55	T	-		
336	59	O	5.55	C	-		
336	60	O	5.55	C	-		
336	61	O	5.55	T	-		
336	62	O	5.55	G	-		
336	63	O	5.55	A	-		
336	64	O	5.55	G	-		
336	65	O	5.55	G	-		
336	66	O	5.55	T	-		
336	67	O	5.55	C	-		
336	68	O	5.55	A	-		
336	69	O	5.55	A	-		
336	70	O	5.55	C	-		
336	71	O	5.55	T	-		
336	72	O	5.55	C	-		
336	73	O	5.55	G	-		
336	74	O	5.55	A	-		
336	75	O	5.55	T	-		
336	76	O	5.55	A	-		
336	77	O	5.55	T	-		
336	78	O	5.55	A	-		
336	79	O	5.55	G	-		
336	80	O	5.55	G	-		
336	81	O	5.55	G	-		
336	82	O	5.55	C	-		
336	83	O	5.55	T	-		
336	84	O	5.55	T	-		
336	85	O	5.55	G	-		
336	86	O	5.55	A	-		
336	87	O	5.55	C	-		
336	88	O	5.55	T	-		
336	89	O	5.55	C	-		
336	90	O	5.55	A	-		
336	91	O	5.55	C	-		
336	92	O	5.55	C	-		
336	93	O	5.55	G	-		
336	94	O	5.55	A	-		
336	95	O	5.55	G	-		
336	96	O	5.55	T	-		
336	97	O	5.55	A	-		
336	98	O	5.55	G	-		
336	99	O	5.55	C	-		
336	100	O	5.55	G	-		
336	101	O	5.55	C	-		
336	102	O	5.55	T	-		
336	103	O	5.55	G	-		
336	104	O	5.55	C	-		
336	105	O	5.55	G	-		
336	106	O	5.55	T	-		
336	107	O	5.55	C	-		
336	108	O	5.55	A	-		
336	109	O	5.55	A	-		
337	0	O	12.48	A	-		
337	1	O	12.48	T	-		
337	2	O	12.48	A	-		
337	3	O	12.48	A	-		
337	4	O	12.48	A	-		
337	5	O	12.48	G	-		
337	6	O	12.48	A	-		
337	7	O	12.48	G	-		
337	8	O	12.48	A	-		
337	9	O	12.48	G	-		
337	10	O	12.48	G	-		
337	11	O	12.48	A	-		
337	12	O	12.48	G	-		
337	13	O	12.48	G	-		
337	14	O	12.48	A	-		
337	15	O	12.48	A	-		
337	16	O	12.48	G	-		
337	17	O	12.48	G	-		
337	18	O	12.48	G	-		
337	19	O	12.48	G	-		
337	20	O	12.48	A	-		
337	21	O	12.48	G	-		
337	22	O	12.48	A	-		
337	23	O	12.48	A	-		
337	24	O	12.48	A	-		
337	25	O	12.48	A	-		
337	26	O	12.48	A	-		
337	27	O	12.48	G	-		
337	28	O	12.48	G	-		
337	29	O	12.48	C	-		
337	30	O	12.48	A	-		
337	31	O	12.48	C	-		
337	32	O	12.48	G	-		
337	33	O	12.48	G	-		
337	34	O	12.48	T	-		
337	35	O	12.48	C	-		
337	36	O	12.48	G	-		
337	37	O	12.48	T	-		
337	38	O	12.48	A	-		
337	39	O	12.48	G	-		
337	40	O	12.48	A	-		
337	41	O	12.48	G	-		
337	42	O	12.48	C	-		
337	43	O	12.48	G	-		
337	44	O	12.48	G	-		
337	45	O	12.48	A	-		
337	46	O	12.48	G	-		
337	47	O	12.48	C	-		
337	48	O	12.48	A	-		
337	49	O	12.48	A	-		
337	50	O	12.48	C	-		
337	51	O	12.48	A	-		
337	52	O	12.48	G	-		
337	53	O	12.48	G	-		
337	54	O	12.48	T	-		
337	55	O	12.48	C	-		
337	56	O	12.48	A	-		
337	57	O	12.48	G	-		
337	58	O	12.48	A	-		
337	59	O	12.48	G	-		
337	60	O	12.48	C	-		
337	61	O	12.48	A	-		
337	62	O	12.48	C	-		
337	63	O	12.48	G	-		
337	64	O	12.48	A	-		
337	65	O	12.48	T	-		
337	66	O	12.48	G	-		
337	67	O	12.48	G	-		
337	68	O	12.48	A	-		
337	69	O	12.48	T	-		
337	70	O	12.48	A	-		
337	71	O	12.48	C	-		
337	72	O	12.48	G	-		
337	73	O	12.48	A	-		
337	74	O	12.48	C	-		
337	75	O	12.48	G	-		
337	76	O	12.48	A	-		
337	77	O	12.48	T	-		
337	78	O	12.48	G	-		
337	79	O	12.48	T	-		
337	80	O	12.48	T	-		
337	81	O	12.48	G	-		
337	82	O	12.48	C	-		
337	83	O	12.48	A	-		
337	84	O	12.48	A	-		
337	85	O	12.48	A	-		
337	86	O	12.48	T	-		
337	87	O	12.48	T	-		
337	88	O	12.48	G	-		
337	89	O	12.48	G	-		
337	90	O	12.48	G	-		
337	91	O	12.48	C	-		
337	92	O	12.48	T	-		
337	93	O	12.48	G	-		
337	94	O	12.48	T	-		
337	95	O	12.48	T	-		
337	96	O	12.48	G	-		
337	97	O	12.48	T	-		
337	98	O	12.48	G	-		
337	99	O	12.48	G	-		
337	100	O	12.48	T	-		
337	101	O	12.48	G	-		
337	102	O	12.48	C	-		
337	103	O	12.48	G	-		
337	104	O	12.48	T	-		
337	105	O	12.48	G	-		
337	106	O	12.48	T	-		
337	107	O	12.48	T	-		
337	108	O	12.48	G	-		
337	109	O	12.48	C	-		
338	0	O	12.48	G	-		
338	1	O	12.48	T	-		
338	2	O	12.48	T	-		
338	3	O	12.48	C	-		
338	4	O	12.48	T	-		
338	5	O	12.48	G	-		
338	6	O	12.48	T	-		
338	7	O	12.48	T	-		
338	8	O	12.48	G	-		
338	9	O	12.48	G	-		
338	10	O	12.48	C	-		
338	11	O	12.48	C	-		
338	12	O	12.48	T	-		
338	13	O	12.48	T	-		
338	14	O	12.48	T	-		
338	15	O	12.48	T	-		
338	16	O	12.48	C	-		
338	17	O	12.48	A	-		
338	18	O	12.48	A	-		
338	19	O	12.48	G	-		
338	20	O	12.48	T	-		
338	21	O	12.48	T	-		
338	22	O	12.48	C	-		
338	23	O	12.48	C	-		
338	24	O	12.48	C	-		
338	25	O	12.48	G	-		
338	26	O	12.48	A	-		
338	27	O	12.48	C	-		
338	28	O	12.48	C	-		
338	29	O	12.48	A	-		
338	30	O	12.48	G	-		
338	31	O	12.48	C	-		
338	32	O	12.48	T	-		
338	33	O	12.48	T	-		
338	34	O	12.48	G	-		
338	35	O	12.48	G	-		
338	36	O	12.48	G	-		
338	37	O	12.48	C	-		
338	38	O	12.48	T	-		
338	39	O	12.48	T	-		
338	40	O	12.48	T	-		
338	41	O	12.48	G	-		
338	42	O	12.48	G	-		
338	43	O	12.48	T	-		
338	44	O	12.48	A	-		
338	45	O	12.48	G	-		
338	46	O	12.48	T	-		
338	47	O	12.48	T	-		
338	48	O	12.48	T	-		
338	49	O	12.48	C	-		
338	50	O	12.48	C	-		
338	51	O	12.48	G	-		
338	52	O	12.48	C	-		
338	53	O	12.48	A	-		
338	54	O	12.48	C	-		
338	55	O	12.48	T	-		
338	56	O	12.48	T	-		
338	57	O	12.48	T	-		
338	58	O	12.48	T	-		
338	59	O	12.48	C	-		
338	60	O	12.48	A	-		
338	61	O	12.48	G	-		
338	62	O	12.48	C	-		
338	63	O	12.48	T	-		
338	64	O	12.48	G	-		
338	65	O	12.48	T	-		
338	66	O	12.48	T	-		
338	67	O	12.48	C	-		
338	68	O	12.48	T	-		
338	69	O	12.48	T	-		
338	70	O	12.48	T	-		
338	71	O	12.48	G	-		
338	72	O	12.48	A	-		
338	73	O	12.48	A	-		
338	74	O	12.48	C	-		
338	75	O	12.48	T	-		
338	76	O	12.48	T	-		
338	77	O	12.48	G	-		
338	78	O	12.48	T	-		
338	79	O	12.48	C	-		
338	80	O	12.48	A	-		
338	81	O	12.48	A	-		
338	82	O	12.48	G	-		
338	83	O	12.48	T	-		
338	84	O	12.48	T	-		
338	85	O	4.00	C	-		
338	86	O	12.48	C	-		
338	87	O	12.48	T	-		
338	88	O	4.00	T	-		
338	89	O	12.48	A	-		
338	90	O	12.48	A	-		
338	91	O	12.48	G	-		
338	92	O	12.48	G	-		
338	93	O	12.48	G	-		
338	94	O	12.48	C	-		
338	95	O	12.48	C	-		
338	96	O	12.48	A	-		
338	97	O	12.48	A	-		
338	98	O	12.48	G	-		
338	99	O	12.48	T	-		
338	100	O	12.48	G	-		
338	101	O	12.48	A	-		
338	102	O	12.48	A	-		
338	103	O	12.48	G	-		
338	104	U	-1.45	C	A		
338	105	O	12.48	T	-		
338	106	O	12.48	G	-		
338	107	O	12.48	T	-		
338	108	O	12.48	G	-		
338	109	O	12.48	T	-		
339	0	O	5.55	A	-		
339	1	O	5.55	C	-		
339	2	O	5.55	G	-		
339	3	O	5.55	A	-		
339	4	O	5.55	T	-		
339	5	O	5.55	C	-		
339	6	O	5.55	A	-		
339	7	O	5.55	C	-		
339	8	O	5.55	T	-		
339	9	O	5.55	G	-		
339	10	O	5.55	G	-		
339	11	O	5.55	C	-		
339	12	O	5.55	G	-		
339	13	O	5.55	G	-		
339	14	O	5.55	C	-		
339	15	O	5.55	G	-		
339	16	O	5.55	A	-		
339	17	O	5.55	G	-		
339	18	O	5.55	T	-		
339	19	O	5.55	G	-		
339	20	O	5.55	A	-		
339	21	O	5.55	G	-		
339	22	O	5.55	G	-		
339	23	O	5.55	G	-		
339	24	O	5.55	C	-		
339	25	O	5.55	T	-		
339	26	O	5.55	C	-		
339	27	O	5.55	T	-		
339	28	O	5.55	C	-		
339	29	O	5.55	A	-		
339	30	O	5.55	T	-		
339	31	O	5.55	G	-		
339	32	O	5.55	T	-		
339	33	O	5.55	C	-		
339	34	O	5.55	G	-		
339	35	O	5.55	C	-		
339	36	O	5.55	C	-		
339	37	O	5.55	C	-		
339	38	O	5.55	A	-		
339	39	O	5.55	C	-		
339	40	O	5.55	G	-		
339	41	O	5.55	T	-		
339	42	O	5.55	T	-		
339	43	O	5.55	C	-		
339	44	O	5.55	A	-		
339	45	O	5.55	C	-		
339	46	O	5.55	C	-		
339	47	O	5.55	T	-		
339	48	O	5.55	C	-		
339	49	O	5.55	G	-		
339	50	O	5.55	G	-		
339	51	O	5.55	G	-		
339	52	O	5.55	A	-		
339	53	O	5.55	A	-		
339	54	O	5.55	A	-		
339	55	O	5.55	G	-		
339	56	O	5.55	A	-		
339	57	O	5.55	T	-		
339	58	O	5.55	G	-		
339	59	O	5.55	A	-		
339	60	O	5.55	A	-		
339	61	O	5.55	G	-		
339	62	O	5.55	C	-		
339	63	O	5.55	G	-		
339	64	O	5.55	A	-		
339	65	O	5.55	A	-		
339	66	O	5.55	T	-		
339	67	O	5.55	G	-		
339	68	O	5.55	T	-		
339	69	O	5.55	T	-		
339	70	O	5.55	T	-		
339	71	O	5.55	C	-		
339	72	O	5.55	G	-		
339	73	O	5.55	C	-		
339	74	O	5.55	G	-		
339	75	O	5.55	T	-		
339	76	O	5.55	G	-		
339	77	O	5.55	G	-		
339	78	O	5.55	T	-		
339	79	O	5.55	G	-		
339	80	O	5.55	G	-		
339	81	O	5.55	A	-		
339	82	O	5.55	C	-		
339	83	O	5.55	A	-		
339	84	O	5.55	G	-		
339	85	O	5.55	G	-		
339	86	O	5.55	T	-		
339	87	O	5.55	G	-		
339	88	O	5.55	C	-		
339	89	O	5.55	G	-		
339	90	O	5.55	C	-		
339	91	O	5.55	C	-		
339	92	O	5.55	G	-		
339	93	O	5.55	A	-		
339	94	O	5.55	C	-		
339	95	O	5.55	G	-		
339	96	O	5.55	A	-		
339	97	O	5.55	T	-		
339	98	O	5.55	C	-		
339	99	O	5.55	T	-		
339	100	O	5.55	G	-		
339	101	O	5.55	G	-		
339	102	O	5.55	T	-		
339	103	O	5.55	C	-		
339	104	O	5.55	A	-		
339	105	O	5.55	T	-		
339	106	O	5.55	G	-		
339	107	O	5.55	T	-		
339	108	O	5.55	G	-		
339	109	O	5.55	T	-		
340	0	O	11.09	A	-		
340	1	O	11.09	C	-		
340	2	O	11.09	T	-		
340	3	O	11.09	C	-		
340	4	O	11.09	G	-		
340	5	O	11.09	G	-		
340	6	O	11.09	C	-		
340	7	O	11.09	G	-		
340	8	O	11.09	G	-		
340	9	O	11.09	G	-		
340	10	O	11.09	A	-		
340	11	O	11.09	T	-		
340	12	O	11.09	G	-		
340	13	O	11.09	C	-		
340	14	O	11.09	C	-		
340	15	O	11.09	G	-		
340	16	O	11.09	T	-		
340	17	O	11.09	C	-		
340	18	O	11.09	G	-		
340	19	O	11.09	A	-		
340	20	O	11.09	C	-		
340	21	O	11.09	C	-		
340	22	O	11.09	G	-		
340	23	O	11.09	G	-		
340	24	O	11.09	C	-		
340	25	O	11.09	C	-		
340	26	O	11.09	A	-		
340	27	O	11.09	T	-		
340	28	O	11.09	C	-		
340	29	O	11.09	G	-		
340	30	O	11.09	C	-		
340	31	U	2.86	T	C		
340	32	O	11.09	C	-		
340	33	O	11.09	G	-		
340	34	O	11.09	A	-		
340	35	O	11.09	C	-		
340	36	O	11.09	G	-		
340	37	O	11.09	G	-		
340	38	O	11.09	C	-		
340	39	O	11.09	G	-		
340	40	O	11.09	G	-		
340	41	O	11.09	T	-		
340	42	O	11.09	C	-		
340	43	O	11.09	G	-		
340	44	O	11.09	T	-		
340	45	O	11.09	G	-		
340	46	O	11.09	A	-		
340	47	O	11.09	A	-		
340	48	O	11.09	C	-		
340	49	O	11.09	G	-		
340	50	O	11.09	C	-		
340	51	O	11.09	A	-		
340	52	O	11.09	T	-		
340	53	O	11.09	C	-		
340	54	O	11.09	C	-		
340	55	O	11.09	T	-		
340	56	O	11.09	G	-		
340	57	O	11.09	C	-		
340	58	O	11.09	A	-		
340	59	O	11.09	C	-		
340	60	O	11.09	C	-		
340	61	O	11.09	G	-		
340	62	O	11.09	C	-		
340	63	O	11.09	G	-		
340	64	O	11.09	T	-		
340	65	O	11.09	C	-		
340	66	O	11.09	C	-		
340	67	O	11.09	T	-		
340	68	O	11.09	C	-		
340	69	O	11.09	G	-		
340	70	O	11.09	G	-		
340	71	O	11.09	C	-		
340	72	O	11.09	T	-		
340	73	O	11.09	A	-		
340	74	O	11.09	T	-		
340	75	O	11.09	G	-		
340	76	O	11.09	T	-		
340	77	O	11.09	C	-		
340	78	O	11.09	G	-		
340	79	O	11.09	A	-		
340	80	O	11.09	C	-		
340	81	O	11.09	A	-		
340	82	O	11.09	T	-		
340	83	O	11.09	C	-		
340	84	O	11.09	G	-		
340	85	O	11.09	C	-		
340	86	O	11.09	C	-		
340	87	O	11.09	G	-		
340	88	O	11.09	A	-		
340	89	O	11.09	A	-		
340	90	O	11.09	G	-		
340	91	O	11.09	A	-		
340	92	O	11.09	C	-		
340	93	O	11.09	G	-		
340	94	O	11.09	C	-		
340	95	O	11.09	G	-		
340	96	O	11.09	G	-		
340	97	O	11.09	C	-		
340	98	O	11.09	A	-		
340	99	O	11.09	C	-		
340	100	O	11.09	A	-		
340	101	O	11.09	G	-		
340	102	O	11.09	C	-		
340	103	O	11.09	A	-		
340	104	O	11.09	C	-		
340	105	O	11.09	C	-		
340	106	O	11.09	G	-		
340	107	O	11.09	C	-		
340	108	O	11.09	G	-		
340	109	O	11.09	A	-		
341	0	O	5.55	T	-		
341	1	O	5.55	G	-		
341	2	O	5.55	A	-		
341	3	O	5.55	T	-		
341	4	O	5.55	A	-		
341	5	O	5.55	G	-		
341	6	O	5.55	A	-		
341	7	O	5.55	A	-		
341	8	O	5.55	A	-		
341	9	O	5.55	A	-		
341	10	O	5.55	G	-		
341	11	O	5.55	A	-		
341	12	O	5.55	A	-		
341	13	O	5.55	T	-		
341	14	O	5.55	C	-		
341	15	O	5.55	T	-		
341	16	O	5.55	T	-		
341	17	O	5.55	T	-		
341	18	O	5.55	C	-		
341	19	O	5.55	T	-		
341	20	O	5.55	A	-		
341	21	O	5.55	T	-		
341	22	O	5.55	C	-		
341	23	O	5.55	T	-		
341	24	O	5.55	T	-		
341	25	O	5.55	T	-		
341	26	O	5.55	A	-		
341	27	O	5.55	A	-		
341	28	O	5.55	T	-		
341	29	O	5.55	G	-		
341	30	O	5.55	A	-		
341	31	O	5.55	C	-		
341	32	O	5.55	G	-		
341	33	O	5.55	T	-		
341	34	O	5.55	T	-		
341	35	O	5.55	T	-		
341	36	O	5.55	A	-		
341	37	O	5.55	A	-		
341	38	O	5.55	G	-		
341	39	O	5.55	C	-		
341	40	O	5.55	A	-		
341	41	O	5.55	A	-		
341	42	O	5.55	C	-		
341	43	O	5.55	C	-		
341	44	O	5.55	T	-		
341	45	O	5.55	G	-		
341	46	O	5.55	T	-		
341	47	O	5.55	C	-		
341	48	O	5.55	C	-		
341	49	O	5.55	T	-		
341	50	O	5.55	G	-		
341	51	O	5.55	G	-		
341	52	O	5.55	A	-		
341	53	O	5.55	T	-		
341	54	O	5.55	A	-		
341	55	O	5.55	T	-		
341	56	O	5.55	A	-		
341	57	O	5.55	G	-		
341	58	O	5.55	C	-		
341	59	O	5.55	T	-		
341	60	O	5.55	A	-		
341	61	O	5.55	A	-		
341	62	O	5.55	A	-		
341	63	O	5.55	A	-		
341	64	O	5.55	G	-		
341	65	O	5.55	T	-		
341	66	O	5.55	A	-		
341	67	O	5.55	T	-		
341	68	O	5.55	C	-		
341	69	O	5.55	C	-		
341	70	O	5.55	T	-		
341	71	O	5.55	T	-		
341	72	O	5.55	C	-		
341	73	O	5.55	T	-		
341	74	O	5.55	T	-		
341	75	O	5.55	A	-		
341	76	O	5.55	G	-		
341	77	O	5.55	A	-		
341	78	O	5.55	T	-		
341	79	O	5.55	C	-		
341	80	O	5.55	A	-		
341	81	O	5.55	A	-		
341	82	O	5.55	G	-		
341	83	O	5.55	A	-		
341	84	O	5.55	G	-		
341	85	O	5.55	A	-		
341	86	O	5.55	T	-		
341	87	O	5.55	G	-		
341	88	O	5.55	G	-		
341	89	O	5.55	G	-		
341	90	O	5.55	C	-		
341	91	O	5.55	A	-		
341	92	O	5.55	A	-		
341	93	O	5.55	T	-		
341	94	O	5.55	C	-		
341	95	O	5.55	C	-		
341	96	O	5.55	C	-		
341	97	O	5.55	A	-		
341	98	O	5.55	A	-		
341	99	O	5.55	A	-		
341	100	O	5.55	T	-		
341	101	O	5.55	A	-		
341	102	O	5.55	A	-		
341	103	O	5.55	A	-		
341	104	O	5.55	A	-		
341	105	O	5.55	C	-		
341	106	O	5.55	C	-		
341	107	O	5.55	C	-		
341	108	O	5.55	A	-		
341	109	O	5.55	T	-		
342	0	O	8.32	T	-		
342	1	O	8.32	A	-		
342	2	O	8.32	T	-		
342	3	O	8.32	G	-		
342	4	O	8.32	A	-		
342	5	O	8.32	G	-		
342	6	O	8.32	T	-		
342	7	O	8.32	A	-		
342	8	O	8.32	G	-		
342	9	O	8.32	G	-		
342	10	O	8.32	C	-		
342	11	O	8.32	T	-		
342	12	O	8.32	G	-		
342	13	O	8.32	A	-		
342	14	O	8.32	T	-		
342	15	O	8.32	C	-		
342	16	O	8.32	C	-		
342	17	O	8.32	A	-		
342	18	O	8.32	C	-		
342	19	O	8.32	C	-		
342	20	O	8.32	T	-		
342	21	O	8.32	A	-		
342	22	O	8.32	C	-		
342	23	O	8.32	A	-		
342	24	O	8.32	T	-		
342	25	O	8.32	G	-		
342	26	O	8.32	C	-		
342	27	O	8.32	T	-		
342	28	O	8.32	G	-		
342	29	O	8.32	A	-		
342	30	O	8.32	A	-		
342	31	O	8.32	A	-		
342	32	O	8.32	T	-		
342	33	O	8.32	T	-		
342	34	O	8.32	C	-		
342	35	O	8.32	A	-		
342	36	O	8.32	G	-		
342	37	O	8.32	A	-		
342	38	O	8.32	T	-		
342	39	O	8.32	G	-		
342	40	O	8.32	A	-		
342	41	O	8.32	G	-		
342	42	O	8.32	A	-		
342	43	O	8.32	G	-		
342	44	O	8.32	A	-		
342	45	O	8.32	G	-		
342	46	O	8.32	A	-		
342	47	O	8.32	G	-		
342	48	O	8.32	T	-		
342	49	O	8.32	C	-		
342	50	O	8.32	A	-		
342	51	O	8.32	A	-		
342	52	O	8.32	C	-		
342	53	O	8.32	G	-		
342	54	O	8.32	C	-		
342	55	O	8.32	G	-		
342	56	O	8.32	A	-		
342	57	O	8.32	C	-		
342	58	O	8.32	T	-		
342	59	O	8.32	T	-		
342	60	O	8.32	G	-		
342	61	O	8.32	A	-		
342	62	O	8.32	C	-		
342	63	O	8.32	G	-		
342	64	O	8.32	T	-		
342	65	O	8.32	T	-		
342	66	O	8.32	C	-		
342	67	O	8.32	A	-		
342	68	O	8.32	A	-		
342	69	O	8.32	C	-		
342	70	O	8.32	A	-		
342	71	O	8.32	T	-		
342	72	O	8.32	T	-		
342	73	O	8.32	T	-		
342	74	O	8.32	C	-		
342	75	O	8.32	G	-		
342	76	O	8.32	C	-		
342	77	O	8.32	C	-		
342	78	O	8.32	T	-		
342	79	O	8.32	T	-		
342	80	O	8.32	T	-		
342	81	O	8.32	A	-		
342	82	O	8.32	G	-		
342	83	O	8.32	G	-		
342	84	O	8.32	G	-		
342	85	O	8.32	C	-		
342	86	O	8.32	G	-		
342	87	O	8.32	G	-		
342	88	O	8.32	C	-		
342	89	O	8.32	T	-		
342	90	O	8.32	C	-		
342	91	O	8.32	A	-		
342	92	O	8.32	G	-		
342	93	O	8.32	A	-		
342	94	O	8.32	T	-		
342	95	O	8.32	G	-		
342	96	O	8.32	A	-		
342	97	O	8.32	A	-		
342	98	O	8.32	C	-		
342	99	O	8.32	A	-		
342	100	O	8.32	A	-		
342	101	O	8.32	G	-		
342	102	O	8.32	A	-		
342	103	O	8.32	A	-		
342	104	O	8.32	T	-		
342	105	U	0.71	T	C		
342	106	O	8.32	A	-		
342	107	O	8.32	C	-		
342	108	O	8.32	A	-		
342	109	O	8.32	T	-		
343	0	O	5.55	T	-		
343	1	O	5.55	G	-		
343	2	O	5.55	G	-		
343	3	O	5.55	G	-		
343	4	O	5.55	A	-		
343	5	O	5.55	C	-		
343	6	O	5.55	G	-		
343	7	O	5.55	C	-		
343	8	O	5.55	T	-		
343	9	O	5.55	T	-		
343	10	O	5.55	A	-		
343	11	O	5.55	A	-		
343	12	O	5.55	T	-		
343	13	O	5.55	A	-		
343	14	O	5.55	T	-		
343	15	O	5.55	A	-		
343	16	O	5.55	A	-		
343	17	O	5.55	C	-		
343	18	O	5.55	T	-		
343	19	O	5.55	T	-		
343	20	O	5.55	G	-		
343	21	O	5.55	C	-		
343	22	O	5.55	T	-		
343	23	O	5.55	C	-		
343	24	O	5.55	G	-		
343	25	O	5.55	T	-		
343	26	O	5.55	C	-		
343	27	O	5.55	T	-		
343	28	O	5.55	T	-		
343	29	O	5.55	G	-		
343	30	O	5.55	G	-		
343	31	O	5.55	A	-		
343	32	O	5.55	T	-		
343	33	O	5.55	G	-		
343	34	O	5.55	G	-		
343	35	O	5.55	A	-		
343	36	O	5.55	T	-		
343	37	O	5.55	T	-		
343	38	O	5.55	G	-		
343	39	O	5.55	G	-		
343	40	O	5.55	T	-		
343	41	O	5.55	T	-		
343	42	O	5.55	T	-		
343	43	O	5.55	C	-		
343	44	O	5.55	A	-		
343	45	O	5.55	C	-		
343	46	O	5.55	G	-		
343	47	O	5.55	G	-		
343	48	O	5.55	T	-		
343	49	O	5.55	G	-		
343	50	O	5.55	G	-		
343	51	O	5.55	A	-		
343	52	O	5.55	T	-		
343	53	O	5.55	T	-		
343	54	O	5.55	G	-		
343	55	O	5.55	C	-		
343	56	O	5.55	A	-		
343	57	O	5.55	G	-		
343	58	O	5.55	T	-		
343	59	O	5.55	T	-		
343	60	O	5.55	T	-		
343	61	O	5.55	C	-		
343	62	O	5.55	A	-		
343	63	O	5.55	G	-		
343	64	O	5.55	A	-		
343	65	O	5.55	T	-		
343	66	O	5.55	T	-		
343	67	O	5.55	G	-		
343	68	O	5.55	A	-		
343	69	O	5.55	G	-		
343	70	O	5.55	C	-		
343	71	O	5.55	A	-		
343	72	O	5.55	C	-		
343	73	O	5.55	C	-		
343	74	O	5.55	A	-		
343	75	O	5.55	T	-		
343	76	O	5.55	T	-		
343	77	O	5.55	T	-		
343	78	O	5.55	G	-		
343	79	O	5.55	T	-		
343	80	O	5.55	T	-		
343	81	O	5.55	T	-		
343	82	O	5.55	C	-		
343	83	O	5.55	C	-		
343	84	O	5.55	T	-		
343	85	O	5.55	C	-		
343	86	O	5.55	G	-		
343	87	O	5.55	A	-		
343	88	O	5.55	A	-		
343	89	O	5.55	T	-		
343	90	O	5.55	G	-		
343	91	O	5.55	C	-		
343	92	O	5.55	C	-		
343	93	O	5.55	T	-		
343	94	O	5.55	C	-		
343	95	O	5.55	G	-		
343	96	O	5.55	A	-		
343	97	O	5.55	T	-		
343	98	O	5.55	G	-		
343	99	O	5.55	G	-		
343	100	O	5.55	C	-		
343	101	O	5.55	A	-		
343	102	O	5.55	G	-		
343	103	O	5.55	C	-		
343	104	O	5.55	T	-		
343	105	O	5.55	G	-		
343	106	O	5.55	A	-		
343	107	O	5.55	G	-		
343	108	O	5.55	G	-		
343	109	O	5.55	A	-		
344	0	O	11.09	A	-		
344	1	O	11.09	G	-		
344	2	O	11.09	A	-		
344	3	O	11.09	C	-		
344	4	O	11.09	G	-		
344	5	O	11.09	C	-		
344	6	O	11.09	T	-		
344	7	O	11.09	G	-		
344	8	O	11.09	G	-		
344	9	O	11.09	C	-		
344	10	O	11.09	A	-		
344	11	O	11.09	A	-		
344	12	O	11.09	T	-		
344	13	O	11.09	C	-		
344	14	O	11.09	C	-		
344	15	O	11.09	A	-		
344	16	O	11.09	G	-		
344	17	O	11.09	G	-		
344	18	O	11.09	C	-		
344	19	O	11.09	T	-		
344	20	O	11.09	C	-		
344	21	O	11.09	A	-		
344	22	O	11.09	G	-		
344	23	O	11.09	A	-		
344	24	O	11.09	C	-		
344	25	O	11.09	G	-		
344	26	O	11.09	G	-		
344	27	O	11.09	C	-		
344	28	O	11.09	G	-		
344	29	O	11.09	C	-		
344	30	O	11.09	A	-		
344	31	O	11.09	A	-		
344	32	O	11.09	T	-		
344	33	O	11.09	G	-		
344	34	O	11.09	G	-		
344	35	O	11.09	T	-		
344	36	O	11.09	T	-		
344	37	O	11.09	T	-		
344	38	O	11.09	A	-		
344	39	O	11.09	A	-		
344	40	O	11.09	A	-		
344	41	O	11.09	G	-		
344	42	O	11.09	A	-		
344	43	O	11.09	C	-		
344	44	O	11.09	A	-		
344	45	O	11.09	A	-		
344	46	O	11.09	G	-		
344	47	O	11.09	C	-		
344	48	O	11.09	A	-		
344	49	O	11.09	G	-		
344	50	O	11.09	G	-		
344	51	O	11.09	C	-		
344	52	O	11.09	C	-		
344	53	O	11.09	G	-		
344	54	O	11.09	A	-		
344	55	O	11.09	G	-		
344	56	O	11.09	C	-		
344	57	O	11.09	A	-		
344	58	O	11.09	T	-		
344	59	O	11.09	G	-		
344	60	O	11.09	C	-		
344	61	O	11.09	C	-		
344	62	O	11.09	G	-		
344	63	O	11.09	G	-		
344	64	O	11.09	A	-		
344	65	O	11.09	C	-		
344	66	O	11.09	A	-		
344	67	O	11.09	G	-		
344	68	O	11.09	A	-		
344	69	O	11.09	A	-		
344	70	O	11.09	A	-		
344	71	O	11.09	C	-		
344	72	O	11.09	C	-		
344	73	O	11.09	C	-		
344	74	O	11.09	C	-		
344	75	O	11.09	T	-		
344	76	O	11.09	C	-		
344	77	O	11.09	A	-		
344	78	O	11.09	C	-		
344	79	O	11.09	C	-		
344	80	O	11.09	T	-		
344	81	O	11.09	T	-		
344	82	O	11.09	G	-		
344	83	O	11.09	A	-		
344	84	O	11.09	C	-		
344	85	O	11.09	G	-		
344	86	O	11.09	G	-		
344	87	O	11.09	T	-		
344	88	O	11.09	T	-		
344	89	O	11.09	C	-		
344	90	O	11.09	T	-		
344	91	O	11.09	G	-		
344	92	O	11.09	G	-		
344	93	O	11.09	G	-		
344	94	O	11.09	A	-		
344	95	O	11.09	T	-		
344	96	O	11.09	G	-		
344	97	O	11.09	T	-		
344	98	O	11.09	G	-		
344	99	O	11.09	G	-		
344	100	O	11.09	T	-		
344	101	O	11.09	A	-		
344	102	O	11.09	C	-		
344	103	O	11.09	G	-		
344	104	O	11.09	G	-		
344	105	O	11.09	G	-		
344	106	O	11.09	A	-		
344	107	O	11.09	T	-		
344	108	O	11.09	G	-		
344	109	O	11.09	A	-		
345	0	O	11.09	G	-		
345	1	O	11.09	A	-		
345	2	O	11.09	C	-		
345	3	O	11.09	C	-		
345	4	O	11.09	A	-		
345	5	O	11.09	G	-		
345	6	O	11.09	C	-		
345	7	O	11.09	T	-		
345	8	O	11.09	C	-		
345	9	O	11.09	C	-		
345	10	O	11.09	T	-		
345	11	O	11.09	C	-		
345	12	O	11.09	A	-		
345	13	O	11.09	C	-		
345	14	O	11.09	G	-		
345	15	O	11.09	T	-		
345	16	O	11.09	T	-		
345	17	O	11.09	C	-		
345	18	O	11.09	A	-		
345	19	O	11.09	A	-		
345	20	O	11.09	T	-		
345	21	O	11.09	C	-		
345	22	O	11.09	C	-		
345	23	O	11.09	C	-		
345	24	O	11.09	C	-		
345	25	O	11.09	A	-		
345	26	O	11.09	T	-		
345	27	O	11.09	A	-		
345	28	O	11.09	T	-		
345	29	O	11.09	G	-		
345	30	O	11.09	C	-		
345	31	O	11.09	A	-		
345	32	O	11.09	G	-		
345	33	O	11.09	T	-		
345	34	O	11.09	C	-		
345	35	O	11.09	C	-		
345	36	O	11.09	C	-		
345	37	O	11.09	T	-		
345	38	O	11.09	C	-		
345	39	O	11.09	C	-		
345	40	O	11.09	A	-		
345	41	O	11.09	C	-		
345	42	O	11.09	A	-		
345	43	O	11.09	C	-		
345	44	O	11.09	G	-		
345	45	O	11.09	T	-		
345	46	O	11.09	T	-		
345	47	O	11.09	C	-		
345	48	O	11.09	A	-		
345	49	O	11.09	A	-		
345	50	O	11.09	T	-		
345	51	O	11.09	C	-		
345	52	O	11.09	G	-		
345	53	O	11.09	C	-		
345	54	O	11.09	C	-		
345	55	O	11.09	A	-		
345	56	O	11.09	T	-		
345	57	O	11.09	A	-		
345	58	O	11.09	C	-		
345	59	O	11.09	A	-		
345	60	O	11.09	A	-		
345	61	O	11.09	T	-		
345	62	O	11.09	G	-		
345	63	O	11.09	T	-		
345	64	O	11.09	C	-		
345	65	O	11.09	T	-		
345	66	O	11.09	A	-		
345	67	O	11.09	T	-		
345	68	O	11.09	G	-		
345	69	O	11.09	G	-		
345	70	O	11.09	A	-		
345	71	O	11.09	G	-		
345	72	O	11.09	G	-		
345	73	O	11.09	G	-		
345	74	O	11.09	C	-		
345	75	O	11.09	A	-		
345	76	O	11.09	A	-		
345	77	O	11.09	T	-		
345	78	O	11.09	C	-		
345	79	O	11.09	G	-		
345	80	O	11.09	C	-		
345	81	O	11.09	C	-		
345	82	O	11.09	T	-		
345	83	O	11.09	G	-		
345	84	O	11.09	C	-		
345	85	O	11.09	T	-		
345	86	O	11.09	T	-		
345	87	O	11.09	G	-		
345	88	O	11.09	G	-		
345	89	O	11.09	T	-		
345	90	O	11.09	A	-		
345	91	O	11.09	C	-		
345	92	O	11.09	G	-		
345	93	O	11.09	T	-		
345	94	O	11.09	T	-		
345	95	O	11.09	C	-		
345	96	O	11.09	A	-		
345	97	O	11.09	T	-		
345	98	O	11.09	A	-		
345	99	O	11.09	T	-		
345	100	O	11.09	G	-		
345	101	O	11.09	A	-		
345	102	O	11.09	A	-		
345	103	O	11.09	T	-		
345	104	O	11.09	C	-		
345	105	O	11.09	G	-		
345	106	O	11.09	C	-		
345	107	O	11.09	T	-		
345	108	O	11.09	G	-		
345	109	O	11.09	A	-		
346	0	O	16.64	T	-		
346	1	O	16.64	G	-		
346	2	O	16.64	G	-		
346	3	O	16.64	A	-		
346	4	O	16.64	G	-		
346	5	O	16.64	G	-		
346	6	O	16.64	T	-		
346	7	O	16.64	C	-		
346	8	O	16.64	A	-		
346	9	O	16.64	A	-		
346	10	O	16.64	C	-		
346	11	O	16.64	G	-		
346	12	O	16.64	G	-		
346	13	O	16.64	C	-		
346	14	O	16.64	G	-		
346	15	O	16.64	A	-		
346	16	O	16.64	G	-		
346	17	O	16.64	C	-		
346	18	O	16.64	C	-		
346	19	O	16.64	A	-		
346	20	O	16.64	G	-		
346	21	O	16.64	T	-		
346	22	O	16.64	C	-		
346	23	O	16.64	T	-		
346	24	O	16.64	G	-		
346	25	O	16.64	T	-		
346	26	O	16.64	G	-		
346	27	O	16.64	A	-		
346	28	O	16.64	C	-		
346	29	O	16.64	C	-		
346	30	O	16.64	T	-		
346	31	O	16.64	T	-		
346	32	O	16.64	C	-		
346	33	O	16.64	T	-		
346	34	O	16.64	G	-		
346	35	O	16.64	C	-		
346	36	O	16.64	C	-		
346	37	O	16.64	C	-		
346	38	O	16.64	A	-		
346	39	O	16.64	A	-		
346	40	O	16.64	A	-		
346	41	O	16.64	A	-		
346	42	O	16.64	A	-		
346	43	O	16.64	G	-		
346	44	O	16.64	T	-		
346	45	O	16.64	T	-		
346	46	O	16.64	G	-		
346	47	O	16.64	T	-		
346	48	O	16.64	G	-		
346	49	O	16.64	C	-		
346	50	O	16.64	A	-		
346	51	O	16.64	C	-		
346	52	O	16.64	C	-		
346	53	O	16.64	A	-		
346	54	O	16.64	A	-		
346	55	O	16.64	C	-		
346	56	O	16.64	A	-		
346	57	O	16.64	T	-		
346	58	O	16.64	T	-		
346	59	O	16.64	G	-		
346	60	O	16.64	T	-		
346	61	O	16.64	C	-		
346	62	O	16.64	A	-		
346	63	O	16.64	G	-		
346	64	O	16.64	A	-		
346	65	O	16.64	C	-		
346	66	O	16.64	T	-		
346	67	O	16.64	C	-		
346	68	O	16.64	T	-		
346	69	O	16.64	G	-		
346	70	O	16.64	G	-		
346	71	O	16.64	A	-		
346	72	O	16.64	T	-		
346	73	O	16.64	G	-		
346	74	O	16.64	T	-		
346	75	O	16.64	T	-		
346	76	O	16.64	C	-		
346	77	O	16.64	G	-		
346	78	O	16.64	A	-		
346	79	O	16.64	G	-		
346	80	O	16.64	C	-		
346	81	O	16.64	G	-		
346	82	O	16.64	A	-		
346	83	O	16.64	G	-		
346	84	O	16.64	A	-		
346	85	O	16.64	G	-		
346	86	O	16.64	T	-		
346	87	O	16.64	C	-		
346	88	O	16.64	G	-		
346	89	O	16.64	C	-		
346	90	O	16.64	G	-		
346	91	O	16.64	C	-		
346	92	O	16.64	A	-		
346	93	O	16.64	A	-		
346	94	O	16.64	A	-		
346	95	O	16.64	A	-		
346	96	O	16.64	G	-		
346	97	O	16.64	C	-		
346	98	O	16.64	G	-		
346	99	O	16.64	T	-		
346	100	O	16.64	C	-		
346	101	O	16.64	A	-		
346	102	O	16.64	C	-		
346	103	O	16.64	T	-		
346	104	O	16.64	G	-		
346	105	O	16.64	C	-		
346	106	O	16.64	G	-		
346	107	O	16.64	C	-		
346	108	O	16.64	T	-		
346	109	O	16.64	C	-		
347	0	O	5.55	A	-		
347	1	O	5.55	G	-		
347	2	O	5.55	A	-		
347	3	O	5.55	C	-		
347	4	O	5.55	C	-		
347	5	O	5.55	A	-		
347	6	O	5.55	G	-		
347	7	O	5.55	T	-		
347	8	O	5.55	C	-		
347	9	O	5.55	G	-		
347	10	O	5.55	T	-		
347	11	O	5.55	T	-		
347	12	O	5.55	G	-		
347	13	O	5.55	T	-		
347	14	O	5.55	C	-		
347	15	O	5.55	C	-		
347	16	O	5.55	A	-		
347	17	O	5.55	G	-		
347	18	O	5.55	G	-		
347	19	O	5.55	A	-		
347	20	O	5.55	T	-		
347	21	O	5.55	G	-		
347	22	O	5.55	A	-		
347	23	O	5.55	C	-		
347	24	O	5.55	T	-		
347	25	O	5.55	T	-		
347	26	O	5.55	T	-		
347	27	O	5.55	G	-		
347	28	O	5.55	G	-		
347	29	O	5.55	G	-		
347	30	O	5.55	C	-		
347	31	O	5.55	T	-		
347	32	O	5.55	T	-		
347	33	O	5.55	C	-		
347	34	O	5.55	T	-		
347	35	O	5.55	T	-		
347	36	O	5.55	G	-		
347	37	O	5.55	T	-		
347	38	O	5.55	G	-		
347	39	O	5.55	A	-		
347	40	O	5.55	G	-		
347	41	O	5.55	T	-		
347	42	O	5.55	A	-		
347	43	O	5.55	G	-		
347	44	O	5.55	A	-		
347	45	O	5.55	T	-		
347	46	O	5.55	G	-		
347	47	O	5.55	T	-		
347	48	O	5.55	G	-		
347	49	O	5.55	C	-		
347	50	O	5.55	C	-		
347	51	O	5.55	A	-		
347	52	O	5.55	T	-		
347	53	O	5.55	T	-		
347	54	O	5.55	G	-		
347	55	O	5.55	G	-		
347	56	O	5.55	T	-		
347	57	O	5.55	T	-		
347	58	O	5.55	T	-		
347	59	O	5.55	G	-		
347	60	O	5.55	A	-		
347	61	O	5.55	G	-		
347	62	O	5.55	A	-		
347	63	O	5.55	T	-		
347	64	O	5.55	G	-		
347	65	O	5.55	G	-		
347	66	O	5.55	T	-		
347	67	O	5.55	G	-		
347	68	O	5.55	C	-		
347	69	O	5.55	T	-		
347	70	O	5.55	G	-		
347	71	O	5.55	C	-		
347	72	O	5.55	C	-		
347	73	O	5.55	A	-		
347	74	O	5.55	A	-		
347	75	O	5.55	T	-		
347	76	O	5.55	G	-		
347	77	O	5.55	C	-		
347	78	O	5.55	T	-		
347	79	O	5.55	G	-		
347	80	O	5.55	C	-		
347	81	O	5.55	T	-		
347	82	O	5.55	G	-		
347	83	O	5.55	A	-		
347	84	O	5.55	C	-		
347	85	O	5.55	A	-		
347	86	O	5.55	G	-		
347	87	O	5.55	C	-		
347	88	O	5.55	A	-		
347	89	O	5.55	A	-		
347	90	O	5.55	G	-		
347	91	O	5.55	G	-		
347	92	O	5.55	A	-		
347	93	O	5.55	C	-		
347	94	O	5.55	G	-		
347	95	O	5.55	A	-		
347	96	O	5.55	G	-		
347	97	O	5.55	A	-		
347	98	O	5.55	G	-		
347	99	O	5.55	G	-		
347	100	O	5.55	A	-		
347	101	O	5.55	C	-		
347	102	O	5.55	G	-		
347	103	O	5.55	A	-		
347	104	O	5.55	G	-		
347	105	O	5.55	A	-		
347	106	O	5.55	G	-		
347	107	O	5.55	T	-		
347	108	O	5.55	C	-		
347	109	O	5.55	T	-		
348	0	O	22.18	C	-		
348	1	O	22.18	G	-		
348	2	O	22.18	G	-		
348	3	O	22.18	A	-		
348	4	O	22.18	G	-		
348	5	O	22.18	C	-		
348	6	O	22.18	T	-		
348	7	O	22.18	G	-		
348	8	O	22.18	T	-		
348	9	O	22.18	C	-		
348	10	O	22.18	G	-		
348	11	O	22.18	C	-		
348	12	O	22.18	T	-		
348	13	O	22.18	G	-		
348	14	O	22.18	G	-		
348	15	O	22.18	G	-		
348	16	O	22.18	G	-		
348	17	O	22.18	C	-		
348	18	O	22.18	G	-		
348	19	O	22.18	G	-		
348	20	O	22.18	C	-		
348	21	O	22.18	G	-		
348	22	O	22.18	G	-		
348	23	O	22.18	C	-		
348	24	O	22.18	G	-		
348	25	O	22.18	A	-		
348	26	O	22.18	T	-		
348	27	O	22.18	G	-		
348	28	O	22.18	C	-		
348	29	O	22.18	T	-		
348	30	O	22.18	A	-		
348	31	O	22.18	T	-		
348	32	O	22.18	G	-		
348	33	O	22.18	C	-		
348	34	O	22.18	G	-		
348	35	O	22.18	A	-		
348	36	O	22.18	A	-		
348	37	O	22.18	T	-		
348	38	O	22.18	C	-		
348	39	O	22.18	T	-		
348	40	O	22.18	T	-		
348	41	O	22.18	G	-		
348	42	O	22.18	A	-		
348	43	O	22.18	T	-		
348	44	O	22.18	C	-		
348	45	O	22.18	G	-		
348	46	O	22.18	A	-		
348	47	O	22.18	G	-		
348	48	O	22.18	T	-		
348	49	O	22.18	G	-		
348	50	O	22.18	A	-		
348	51	O	22.18	C	-		
348	52	O	22.18	C	-		
348	53	O	22.18	T	-		
348	54	O	22.18	T	-		
348	55	O	22.18	T	-		
348	56	O	22.18	C	-		
348	57	O	22.18	T	-		
348	58	O	22.18	C	-		
348	59	O	22.18	G	-		
348	60	O	22.18	T	-		
348	61	O	22.18	C	-		
348	62	O	22.18	G	-		
348	63	O	22.18	G	-		
348	64	O	22.18	T	-		
348	65	O	22.18	C	-		
348	66	O	22.18	A	-		
348	67	O	22.18	G	-		
348	68	O	22.18	C	-		
348	69	O	22.18	A	-		
348	70	O	22.18	C	-		
348	71	O	22.18	C	-		
348	72	O	22.18	C	-		
348	73	O	22.18	G	-		
348	74	O	22.18	A	-		
348	75	O	22.18	C	-		
348	76	O	22.18	T	-		
348	77	O	22.18	G	-		
348	78	O	22.18	C	-		
348	79	O	22.18	C	-		
348	80	O	22.18	C	-		
348	81	O	22.18	A	-		
348	82	O	22.18	C	-		
348	83	O	22.18	C	-		
348	84	O	22.18	T	-		
348	85	O	22.18	G	-		
348	86	O	22.18	C	-		
348	87	O	22.18	T	-		
348	88	O	22.18	G	-		
348	89	O	22.18	G	-		
348	90	O	22.18	T	-		
348	91	O	22.18	C	-		
348	92	O	22.18	G	-		
348	93	O	22.18	G	-		
348	94	O	22.18	T	-		
348	95	O	22.18	C	-		
348	96	O	22.18	G	-		
348	97	O	22.18	G	-		
348	98	O	22.18	G	-		
348	99	O	22.18	T	-		
348	100	O	22.18	G	-		
348	101	O	22.18	C	-		
348	102	O	22.18	G	-		
348	103	O	22.18	T	-		
348	104	O	22.18	C	-		
348	105	O	22.18	G	-		
348	106	O	22.18	G	-		
348	107	O	22.18	C	-		
348	108	O	22.18	G	-		
348	109	O	22.18	T	-		
349	0	O	5.55	C	-		
349	1	O	5.55	G	-		
349	2	O	5.55	C	-		
349	3	O	5.55	T	-		
349	4	O	5.55	A	-		
349	5	O	5.55	A	-		
349	6	O	5.55	T	-		
349	7	O	5.55	A	-		
349	8	O	5.55	G	-		
349	9	O	5.55	C	-		
349	10	O	5.55	C	-		
349	11	O	5.55	G	-		
349	12	O	5.55	G	-		
349	13	O	5.55	A	-		
349	14	O	5.55	A	-		
349	15	O	5.55	A	-		
349	16	O	5.55	A	-		
349	17	O	5.55	A	-		
349	18	O	5.55	A	-		
349	19	O	5.55	G	-		
349	20	O	5.55	C	-		
349	21	O	5.55	G	-		
349	22	O	5.55	G	-		
349	23	O	5.55	A	-		
349	24	O	5.55	C	-		
349	25	O	5.55	C	-		
349	26	O	5.55	G	-		
349	27	O	5.55	C	-		
349	28	O	5.55	G	-		
349	29	O	5.55	T	-		
349	30	O	5.55	G	-		
349	31	O	5.55	G	-		
349	32	O	5.55	G	-		
349	33	O	5.55	G	-		
349	34	O	5.55	T	-		
349	35	O	5.55	G	-		
349	36	O	5.55	G	-		
349	37	O	5.55	G	-		
349	38	O	5.55	A	-		
349	39	O	5.55	G	-		
349	40	O	5.55	A	-		
349	41	O	5.55	T	-		
349	42	O	5.55	A	-		
349	43	O	5.55	A	-		
349	44	O	5.55	G	-		
349	45	O	5.55	G	-		
349	46	O	5.55	A	-		
349	47	O	5.55	T	-		
349	48	O	5.55	T	-		
349	49	O	5.55	G	-		
349	50	O	5.55	C	-		
349	51	O	5.55	G	-		
349	52	O	5.55	A	-		
349	53	O	5.55	C	-		
349	54	O	5.55	A	-		
349	55	O	5.55	C	-		
349	56	O	5.55	C	-		
349	57	O	5.55	T	-		
349	58	O	5.55	C	-		
349	59	O	5.55	G	-		
349	60	O	5.55	C	-		
349	61	O	5.55	A	-		
349	62	O	5.55	T	-		
349	63	O	5.55	C	-		
349	64	O	5.55	T	-		
349	65	O	5.55	G	-		
349	66	O	5.55	T	-		
349	67	O	5.55	C	-		
349	68	O	5.55	T	-		
349	69	O	5.55	G	-		
349	70	O	5.55	C	-		
349	71	O	5.55	A	-		
349	72	O	5.55	T	-		
349	73	O	5.55	T	-		
349	74	O	5.55	G	-		
349	75	O	5.55	C	-		
349	76	O	5.55	A	-		
349	77	O	5.55	A	-		
349	78	O	5.55	T	-		
349	79	O	5.55	C	-		
349	80	O	5.55	G	-		
349	81	O	5.55	T	-		
349	82	O	5.55	C	-		
349	83	O	5.55	T	-		
349	84	O	5.55	C	-		
349	85	O	5.55	G	-		
349	86	O	5.55	A	-		
349	87	O	5.55	C	-		
349	88	O	5.55	A	-		
349	89	O	5.55	T	-		
349	90	O	5.55	C	-		
349	91	O	5.55	G	-		
349	92	O	5.55	T	-		
349	93	O	5.55	C	-		
349	94	O	5.55	G	-		
349	95	O	5.55	T	-		
349	96	O	5.55	A	-		
349	97	O	5.55	A	-		
349	98	O	5.55	C	-		
349	99	O	5.55	A	-		
349	100	O	5.55	C	-		
349	101	O	5.55	C	-		
349	102	O	5.55	C	-		
349	103	O	5.55	A	-		
349	104	O	5.55	A	-		
349	105	O	5.55	C	-		
349	106	O	5.55	A	-		
349	107	O	5.55	A	-		
349	108	O	5.55	C	-		
349	109	O	5.55	A	-		
350	0	O	19.41	T	-		
350	1	O	19.41	T	-		
350	2	O	19.41	T	-		
350	3	O	19.41	T	-		
350	4	O	19.41	T	-		
350	5	O	19.41	G	-		
350	6	O	19.41	T	-		
350	7	O	19.41	A	-		
350	8	O	19.41	A	-		
350	9	O	19.41	T	-		
350	10	O	19.41	T	-		
350	11	O	19.41	C	-		
350	12	O	19.41	A	-		
350	13	O	19.41	G	-		
350	14	O	19.41	A	-		
350	15	O	19.41	G	-		
350	16	O	19.41	A	-		
350	17	O	19.41	T	-		
350	18	O	19.41	A	-		
350	19	O	19.41	A	-		
350	20	O	19.41	T	-		
350	21	O	19.41	C	-		
350	22	O	19.41	G	-		
350	23	O	19.41	T	-		
350	24	O	19.41	C	-		
350	25	O	19.41	G	-		
350	26	O	19.41	T	-		
350	27	O	19.41	T	-		
350	28	O	19.41	C	-		
350	29	O	19.41	T	-		
350	30	O	19.41	C	-		
350	31	O	19.41	C	-		
350	32	O	19.41	C	-		
350	33	O	19.41	A	-		
350	34	O	19.41	T	-		
350	35	O	19.41	C	-		
350	36	O	19.41	A	-		
350	37	O	19.41	T	-		
350	38	O	19.41	T	-		
350	39	O	19.41	C	-		
350	40	O	19.41	A	-		
350	41	O	19.41	C	-		
350	42	O	19.41	A	-		
350	43	O	19.41	T	-		
350	44	O	19.41	A	-		
350	45	O	19.41	C	-		
350	46	O	19.41	T	-		
350	47	O	19.41	C	-		
350	48	O	19.41	T	-		
350	49	O	19.41	C	-		
350	50	O	19.41	C	-		
350	51	O	19.41	A	-		
350	52	O	19.41	G	-		
350	53	O	19.41	T	-		
350	54	O	19.41	A	-		
350	55	O	19.41	A	-		
350	56	O	19.41	A	-		
350	57	O	19.41	G	-		
350	58	O	19.41	A	-		
350	59	O	19.41	T	-		
350	60	O	19.41	G	-		
350	61	O	19.41	T	-		
350	62	O	19.41	C	-		
350	63	O	19.41	G	-		
350	64	O	19.41	C	-		
350	65	O	19.41	T	-		
350	66	O	19.41	A	-		
350	67	O	19.41	C	-		
350	68	O	19.41	T	-		
350	69	O	19.41	G	-		
350	70	O	19.41	A	-		
350	71	O	19.41	A	-		
350	72	O	19.41	T	-		
350	73	O	19.41	A	-		
350	74	O	19.41	A	-		
350	75	O	19.41	C	-		
350	76	O	19.41	A	-		
350	77	O	19.41	A	-		
350	78	O	19.41	G	-		
350	79	O	19.41	G	-		
350	80	O	19.41	G	-		
350	81	O	19.41	A	-		
350	82	O	19.41	G	-		
350	83	O	19.41	A	-		
350	84	O	19.41	G	-		
350	85	O	19.41	A	-		
350	86	O	19.41	G	-		
350	87	O	19.41	C	-		
350	88	O	19.41	G	-		
350	89	O	19.41	T	-		
350	90	O	19.41	T	-		
350	91	O	19.41	T	-		
350	92	O	19.41	G	-		
350	93	O	19.41	A	-		
350	94	O	19.41	G	-		
350	95	O	19.41	G	-		
350	96	O	19.41	A	-		
350	97	O	19.41	C	-		
350	98	O	19.41	T	-		
350	99	O	19.41	T	-		
350	100	O	19.41	C	-		
350	101	O	19.41	A	-		
350	102	O	19.41	A	-		
350	103	O	19.41	T	-		
350	104	O	19.41	T	-		
350	105	O	19.41	T	-		
350	106	O	19.41	T	-		
350	107	O	19.41	G	-		
350	108	O	19.41	G	-		
350	109	O	19.41	T	-		
351	0	O	5.55	T	-		
351	1	O	5.55	G	-		
351	2	O	5.55	T	-		
351	3	O	5.55	T	-		
351	4	O	5.55	A	-		
351	5	O	5.55	A	-		
351	6	O	5.55	G	-		
351	7	O	5.55	A	-		
351	8	O	5.55	T	-		
351	9	O	5.55	C	-		
351	10	O	5.55	A	-		
351	11	O	5.55	A	-		
351	12	O	5.55	G	-		
351	13	O	5.55	A	-		
351	14	O	5.55	T	-		
351	15	O	5.55	C	-		
351	16	O	5.55	G	-		
351	17	O	5.55	A	-		
351	18	O	5.55	T	-		
351	19	O	5.55	T	-		
351	20	O	5.55	C	-		
351	21	O	5.55	A	-		
351	22	O	5.55	T	-		
351	23	O	5.55	T	-		
351	24	O	5.55	G	-		
351	25	O	5.55	G	-		
351	26	O	5.55	C	-		
351	27	O	5.55	G	-		
351	28	O	5.55	T	-		
351	29	O	5.55	T	-		
351	30	O	5.55	C	-		
351	31	O	5.55	A	-		
351	32	O	5.55	T	-		
351	33	O	5.55	G	-		
351	34	O	5.55	G	-		
351	35	O	5.55	T	-		
351	36	O	5.55	G	-		
351	37	O	5.55	A	-		
351	38	O	5.55	C	-		
351	39	O	5.55	G	-		
351	40	O	5.55	G	-		
351	41	O	5.55	G	-		
351	42	O	5.55	C	-		
351	43	O	5.55	A	-		
351	44	O	5.55	A	-		
351	45	O	5.55	G	-		
351	46	O	5.55	A	-		
351	47	O	5.55	C	-		
351	48	O	5.55	T	-		
351	49	O	5.55	T	-		
351	50	O	5.55	T	-		
351	51	O	5.55	C	-		
351	52	O	5.55	G	-		
351	53	O	5.55	T	-		
351	54	O	5.55	T	-		
351	55	O	5.55	G	-		
351	56	O	5.55	G	-		
351	57	O	5.55	C	-		
351	58	O	5.55	C	-		
351	59	O	5.55	T	-		
351	60	O	5.55	C	-		
351	61	O	5.55	G	-		
351	62	O	5.55	T	-		
351	63	O	5.55	C	-		
351	64	O	5.55	G	-		
351	65	O	5.55	A	-		
351	66	O	5.55	A	-		
351	67	O	5.55	G	-		
351	68	O	5.55	G	-		
351	69	O	5.55	C	-		
351	70	O	5.55	G	-		
351	71	O	5.55	A	-		
351	72	O	5.55	C	-		
351	73	O	5.55	T	-		
351	74	O	5.55	C	-		
351	75	O	5.55	G	-		
351	76	O	5.55	G	-		
351	77	O	5.55	T	-		
351	78	O	5.55	T	-		
351	79	O	5.55	C	-		
351	80	O	5.55	C	-		
351	81	O	5.55	T	-		
351	82	O	5.55	C	-		
351	83	O	5.55	A	-		
351	84	O	5.55	A	-		
351	85	O	5.55	A	-		
351	86	O	5.55	A	-		
351	87	O	5.55	G	-		
351	88	O	5.55	G	-		
351	89	O	5.55	T	-		
351	90	O	5.55	T	-		
351	91	O	5.55	C	-		
351	92	O	5.55	G	-		
351	93	O	5.55	A	-		
351	94	O	5.55	T	-		
351	95	O	5.55	T	-		
351	96	O	5.55	G	-		
351	97	O	5.55	C	-		
351	98	O	5.55	C	-		
351	99	O	5.55	A	-		
351	100	O	5.55	C	-		
351	101	O	5.55	C	-		
351	102	O	5.55	G	-		
351	103	O	5.55	T	-		
351	104	O	5.55	G	-		
351	105	O	5.55	C	-		
351	106	O	5.55	T	-		
351	107	O	5.55	T	-		
351	108	O	5.55	T	-		
351	109	O	5.55	C	-		
352	0	O	6.93	A	-		
352	1	O	6.93	A	-		
352	2	O	6.93	G	-		
352	3	O	6.93	A	-		
352	4	O	6.93	G	-		
352	5	O	6.93	G	-		
352	6	O	6.93	G	-		
352	7	O	6.93	A	-		
352	8	O	6.93	C	-		
352	9	O	6.93	A	-		
352	10	O	6.93	C	-		
352	11	O	6.93	G	-		
352	12	O	6.93	G	-		
352	13	O	6.93	T	-		
352	14	O	6.93	C	-		
352	15	O	6.93	C	-		
352	16	O	6.93	C	-		
352	17	O	6.93	C	-		
352	18	O	6.93	T	-		
352	19	O	6.93	A	-		
352	20	O	6.93	T	-		
352	21	O	6.93	A	-		
352	22	O	6.93	A	-		
352	23	O	6.93	C	-		
352	24	O	6.93	T	-		
352	25	O	6.93	C	-		
352	26	O	6.93	T	-		
352	27	O	6.93	C	-		
352	28	O	6.93	G	-		
352	29	O	6.93	A	-		
352	30	O	6.93	A	-		
352	31	O	6.93	G	-		
352	32	O	6.93	G	-		
352	33	O	6.93	G	-		
352	34	O	6.93	A	-		
352	35	O	6.93	G	-		
352	36	O	6.93	G	-		
352	37	O	6.93	T	-		
352	38	O	6.93	A	-		
352	39	O	6.93	G	-		
352	40	O	6.93	G	-		
352	41	O	6.93	A	-		
352	42	O	6.93	A	-		
352	43	O	6.93	G	-		
352	44	O	6.93	A	-		
352	45	O	6.93	A	-		
352	46	O	6.93	C	-		
352	47	O	6.93	C	-		
352	48	O	6.93	C	-		
352	49	O	6.93	C	-		
352	50	O	6.93	A	-		
352	51	O	6.93	C	-		
352	52	O	6.93	G	-		
352	53	O	6.93	C	-		
352	54	O	6.93	C	-		
352	55	O	6.93	G	-		
352	56	O	6.93	T	-		
352	57	O	6.93	A	-		
352	58	O	6.93	C	-		
352	59	O	6.93	C	-		
352	60	O	6.93	C	-		
352	61	O	6.93	T	-		
352	62	O	6.93	A	-		
352	63	O	6.93	A	-		
352	64	O	6.93	A	-		
352	65	O	6.93	A	-		
352	66	O	6.93	G	-		
352	67	O	6.93	C	-		
352	68	O	6.93	T	-		
352	69	O	6.93	G	-		
352	70	O	6.93	T	-		
352	71	O	6.93	C	-		
352	72	O	6.93	G	-		
352	73	O	6.93	A	-		
352	74	O	6.93	A	-		
352	75	O	6.93	G	-		
352	76	O	6.93	C	-		
352	77	O	6.93	G	-		
352	78	O	6.93	A	-		
352	79	O	6.93	A	-		
352	80	O	6.93	G	-		
352	81	O	6.93	G	-		
352	82	O	6.93	A	-		
352	83	O	6.93	A	-		
352	84	O	6.93	A	-		
352	85	O	6.93	C	-		
352	86	O	6.93	C	-		
352	87	O	6.93	T	-		
352	88	O	6.93	G	-		
352	89	O	6.93	G	-		
352	90	O	6.93	C	-		
352	91	O	6.93	C	-		
352	92	O	6.93	A	-		
352	93	O	6.93	G	-		
352	94	O	6.93	C	-		
352	95	O	6.93	A	-		
352	96	O	6.93	C	-		
352	97	O	6.93	G	-		
352	98	O	6.93	T	-		
352	99	O	6.93	G	-		
352	100	O	6.93	C	-		
352	101	O	6.93	A	-		
352	102	O	6.93	A	-		
352	103	O	6.93	A	-		
352	104	O	6.93	C	-		
352	105	O	6.93	A	-		
352	106	O	6.93	A	-		
352	107	O	6.93	G	-		
352	108	O	6.93	T	-		
352	109	O	6.93	T	-		
353	0	O	9.70	A	-		
353	1	O	9.70	G	-		
353	2	O	9.70	C	-		
353	3	O	9.70	A	-		
353	4	O	9.70	C	-		
353	5	O	9.70	C	-		
353	6	O	9.70	A	-		
353	7	O	9.70	A	-		
353	8	O	9.70	T	-		
353	9	O	9.70	G	-		
353	10	O	9.70	C	-		
353	11	O	9.70	G	-		
353	12	O	9.70	A	-		
353	13	O	9.70	T	-		
353	14	O	9.70	T	-		
353	15	O	9.70	T	-		
353	16	O	9.70	G	-		
353	17	O	9.70	C	-		
353	18	O	9.70	G	-		
353	19	O	9.70	A	-		
353	20	O	9.70	T	-		
353	21	O	9.70	T	-		
353	22	O	9.70	G	-		
353	23	O	9.70	G	-		
353	24	O	9.70	T	-		
353	25	O	9.70	G	-		
353	26	O	9.70	A	-		
353	27	O	9.70	G	-		
353	28	O	9.70	G	-		
353	29	O	9.70	T	-		
353	30	O	9.70	G	-		
353	31	O	9.70	C	-		
353	32	O	9.70	A	-		
353	33	O	9.70	C	-		
353	34	O	9.70	A	-		
353	35	O	9.70	G	-		
353	36	O	9.70	C	-		
353	37	O	9.70	A	-		
353	38	O	9.70	A	-		
353	39	O	9.70	A	-		
353	40	O	9.70	A	-		
353	41	O	9.70	A	-		
353	42	O	9.70	G	-		
353	43	O	9.70	A	-		
353	44	O	9.70	C	-		
353	45	O	9.70	T	-		
353	46	O	9.70	C	-		
353	47	O	9.70	T	-		
353	48	O	9.70	G	-		
353	49	O	9.70	G	-		
353	50	O	9.70	C	-		
353	51	O	9.70	C	-		
353	52	O	9.70	A	-		
353	53	O	9.70	A	-		
353	54	O	9.70	G	-		
353	55	O	9.70	C	-		
353	56	O	9.70	G	-		
353	57	O	9.70	T	-		
353	58	O	9.70	T	-		
353	59	O	9.70	C	-		
353	60	O	9.70	G	-		
353	61	O	9.70	G	-		
353	62	O	9.70	C	-		
353	63	O	9.70	T	-		
353	64	O	9.70	G	-		
353	65	O	9.70	C	-		
353	66	O	9.70	C	-		
353	67	O	9.70	T	-		
353	68	O	9.70	T	-		
353	69	O	9.70	C	-		
353	70	O	9.70	G	-		
353	71	O	9.70	A	-		
353	72	O	9.70	G	-		
353	73	O	9.70	G	-		
353	74	O	9.70	C	-		
353	75	O	9.70	C	-		
353	76	O	9.70	T	-		
353	77	O	9.70	G	-		
353	78	O	9.70	C	-		
353	79	O	9.70	C	-		
353	80	O	9.70	T	-		
353	81	O	9.70	C	-		
353	82	O	9.70	G	-		
353	83	O	9.70	A	-		
353	84	O	9.70	G	-		
353	85	O	9.70	C	-		
353	86	O	9.70	T	-		
353	87	O	9.70	G	-		
353	88	O	9.70	C	-		
353	89	O	9.70	G	-		
353	90	O	9.70	G	-		
353	91	O	9.70	A	-		
353	92	O	9.70	A	-		
353	93	O	9.70	G	-		
353	94	O	9.70	A	-		
353	95	O	9.70	A	-		
353	96	O	9.70	A	-		
353	97	O	9.70	G	-		
353	98	O	9.70	C	-		
353	99	O	9.70	G	-		
353	100	O	9.70	T	-		
353	101	O	9.70	A	-		
353	102	O	9.70	C	-		
353	103	O	9.70	C	-		
353	104	O	9.70	T	-		
353	105	O	9.70	G	-		
353	106	O	9.70	A	-		
353	107	O	9.70	A	-		
353	108	O	9.70	T	-		
353	109	O	9.70	G	-		
354	0	O	8.32	A	-		
354	1	O	8.32	T	-		
354	2	O	8.32	T	-		
354	3	O	8.32	A	-		
354	4	O	8.32	T	-		
354	5	O	8.32	C	-		
354	6	O	8.32	T	-		
354	7	O	8.32	T	-		
354	8	O	8.32	G	-		
354	9	O	8.32	C	-		
354	10	O	8.32	A	-		
354	11	O	8.32	G	-		
354	12	O	8.32	G	-		
354	13	O	8.32	C	-		
354	14	O	8.32	A	-		
354	15	O	8.32	C	-		
354	16	O	8.32	G	-		
354	17	O	8.32	C	-		
354	18	O	8.32	T	-		
354	19	O	8.32	C	-		
354	20	O	8.32	C	-		
354	21	O	8.32	T	-		
354	22	O	8.32	G	-		
354	23	O	8.32	A	-		
354	24	O	8.32	A	-		
354	25	O	8.32	C	-		
354	26	O	8.32	G	-		
354	27	O	8.32	C	-		
354	28	O	8.32	C	-		
354	29	O	8.32	A	-		
354	30	O	8.32	A	-		
354	31	O	8.32	G	-		
354	32	O	8.32	C	-		
354	33	O	8.32	A	-		
354	34	O	8.32	G	-		
354	35	O	8.32	A	-		
354	36	O	8.32	G	-		
354	37	O	8.32	C	-		
354	38	O	8.32	T	-		
354	39	O	8.32	C	-		
354	40	O	8.32	G	-		
354	41	O	8.32	G	-		
354	42	O	8.32	A	-		
354	43	O	8.32	C	-		
354	44	O	8.32	G	-		
354	45	O	8.32	A	-		
354	46	O	8.32	G	-		
354	47	O	8.32	G	-		
354	48	O	8.32	A	-		
354	49	O	8.32	G	-		
354	50	O	8.32	A	-		
354	51	O	8.32	T	-		
354	52	O	8.32	G	-		
354	53	O	8.32	G	-		
354	54	O	8.32	A	-		
354	55	O	8.32	T	-		
354	56	O	8.32	G	-		
354	57	O	8.32	C	-		
354	58	O	8.32	T	-		
354	59	O	8.32	G	-		
354	60	O	8.32	A	-		
354	61	O	8.32	T	-		
354	62	O	8.32	C	-		
354	63	O	8.32	A	-		
354	64	O	8.32	G	-		
354	65	O	8.32	A	-		
354	66	O	8.32	C	-		
354	67	O	8.32	C	-		
354	68	O	8.32	A	-		
354	69	O	8.32	T	-		
354	70	O	8.32	G	-		
354	71	O	8.32	G	-		
354	72	O	8.32	A	-		
354	73	O	8.32	C	-		
354	74	O	8.32	A	-		
354	75	O	8.32	G	-		
354	76	O	8.32	C	-		
354	77	O	8.32	G	-		
354	78	O	8.32	A	-		
354	79	O	8.32	T	-		
354	80	O	8.32	G	-		
354	81	O	8.32	A	-		
354	82	O	8.32	A	-		
354	83	O	8.32	G	-		
354	84	O	8.32	T	-		
354	85	O	8.32	G	-		
354	86	O	8.32	G	-		
354	87	O	8.32	A	-		
354	88	O	8.32	T	-		
354	89	O	8.32	G	-		
354	90	O	8.32	A	-		
354	91	O	8.32	A	-		
354	92	O	8.32	G	-		
354	93	O	8.32	C	-		
354	94	O	8.32	G	-		
354	95	O	8.32	C	-		
354	96	O	8.32	T	-		
354	97	O	8.32	T	-		
354	98	O	8.32	C	-		
354	99	O	8.32	A	-		
354	100	O	8.32	A	-		
354	101	O	8.32	C	-		
354	102	O	8.32	T	-		
354	103	O	8.32	G	-		
354	104	O	8.32	G	-		
354	105	O	8.32	A	-		
354	106	O	8.32	C	-		
354	107	O	8.32	A	-		
354	108	O	8.32	T	-		
354	109	O	8.32	G	-		
355	0	O	11.09	C	-		
355	1	O	11.09	A	-		
355	2	O	11.09	A	-		
355	3	O	11.09	C	-		
355	4	O	11.09	G	-		
355	5	O	11.09	A	-		
355	6	O	11.09	C	-		
355	7	O	11.09	A	-		
355	8	O	11.09	A	-		
355	9	O	11.09	C	-		
355	10	O	11.09	A	-		
355	11	O	11.09	G	-		
355	12	O	11.09	A	-		
355	13	O	11.09	A	-		
355	14	O	11.09	A	-		
355	15	O	11.09	G	-		
355	16	O	11.09	T	-		
355	17	O	11.09	C	-		
355	18	O	11.09	C	-		
355	19	O	11.09	A	-		
355	20	O	11.09	A	-		
355	21	O	11.09	A	-		
355	22	O	11.09	G	-		
355	23	O	11.09	C	-		
355	24	O	11.09	C	-		
355	25	O	11.09	C	-		
355	26	O	11.09	A	-		
355	27	O	11.09	C	-		
355	28	O	11.09	C	-		
355	29	O	11.09	G	-		
355	30	O	11.09	A	-		
355	31	O	11.09	G	-		
355	32	O	11.09	T	-		
355	33	O	11.09	A	-		
355	34	O	11.09	T	-		
355	35	O	11.09	C	-		
355	36	O	11.09	G	-		
355	37	O	11.09	C	-		
355	38	O	11.09	A	-		
355	39	O	11.09	C	-		
355	40	O	11.09	G	-		
355	41	O	11.09	G	-		
355	42	O	11.09	T	-		
355	43	O	11.09	C	-		
355	44	O	11.09	A	-		
355	45	O	11.09	G	-		
355	46	O	11.09	C	-		
355	47	O	11.09	A	-		
355	48	O	11.09	C	-		
355	49	O	11.09	C	-		
355	50	O	11.09	A	-		
355	51	O	11.09	G	-		
355	52	O	11.09	A	-		
355	53	O	11.09	A	-		
355	54	O	11.09	A	-		
355	55	O	11.09	A	-		
355	56	O	11.09	A	-		
355	57	O	11.09	A	-		
355	58	O	11.09	A	-		
355	59	O	11.09	G	-		
355	60	O	11.09	A	-		
355	61	O	11.09	A	-		
355	62	O	11.09	A	-		
355	63	O	11.09	A	-		
355	64	O	11.09	G	-		
355	65	O	11.09	A	-		
355	66	O	11.09	A	-		
355	67	O	11.09	A	-		
355	68	O	11.09	A	-		
355	69	O	11.09	A	-		
355	70	O	11.09	A	-		
355	71	O	11.09	A	-		
355	72	O	11.09	A	-		
355	73	O	11.09	A	-		
355	74	O	11.09	G	-		
355	75	O	11.09	A	-		
355	76	O	11.09	A	-		
355	77	O	11.09	A	-		
355	78	O	11.09	G	-		
355	79	O	11.09	A	-		
355	80	O	11.09	A	-		
355	81	O	11.09	A	-		
355	82	O	11.09	C	-		
355	83	O	11.09	A	-		
355	84	O	11.09	G	-		
355	85	O	11.09	A	-		
355	86	O	11.09	C	-		
355	87	O	11.09	C	-		
355	88	O	11.09	C	-		
355	89	O	11.09	T	-		
355	90	O	11.09	C	-		
355	91	O	11.09	C	-		
355	92	U	3.73	T	C		
355	93	O	11.09	G	-		
355	94	U	2.86	T	G		
355	95	O	11.09	A	-		
355	96	O	11.09	A	-		
355	97	O	11.09	T	-		
355	98	O	11.09	C	-		
355	99	O	11.09	T	-		
355	100	O	11.09	G	-		
355	101	O	11.09	A	-		
355	102	O	11.09	A	-		
355	103	O	11.09	A	-		
355	104	O	11.09	A	-		
355	105	O	11.09	G	-		
355	106	O	11.09	T	-		
355	107	O	11.09	A	-		
355	108	O	11.09	G	-		
355	109	O	11.09	T	-		
356	0	O	5.55	C	-		
356	1	O	5.55	A	-		
356	2	O	5.55	G	-		
356	3	O	5.55	A	-		
356	4	O	5.55	T	-		
356	5	O	5.55	T	-		
356	6	O	5.55	T	-		
356	7	O	5.55	C	-		
356	8	O	5.55	T	-		
356	9	O	5.55	C	-		
356	10	O	5.55	A	-		
356	11	O	5.55	A	-		
356	12	O	5.55	C	-		
356	13	O	5.55	T	-		
356	14	O	5.55	G	-		
356	15	O	5.55	G	-		
356	16	O	5.55	T	-		
356	17	O	5.55	G	-		
356	18	O	5.55	A	-		
356	19	O	5.55	G	-		
356	20	O	5.55	A	-		
356	21	O	5.55	A	-		
356	22	O	5.55	G	-		
356	23	O	5.55	C	-		
356	24	O	5.55	A	-		
356	25	O	5.55	A	-		
356	26	O	5.55	G	-		
356	27	O	5.55	A	-		
356	28	O	5.55	G	-		
356	29	O	5.55	A	-		
356	30	O	5.55	T	-		
356	31	O	5.55	G	-		
356	32	O	5.55	G	-		
356	33	O	5.55	A	-		
356	34	O	5.55	A	-		
356	35	O	5.55	A	-		
356	36	O	5.55	C	-		
356	37	O	5.55	T	-		
356	38	O	5.55	T	-		
356	39	O	5.55	C	-		
356	40	O	5.55	C	-		
356	41	O	5.55	C	-		
356	42	O	5.55	C	-		
356	43	O	5.55	C	-		
356	44	O	5.55	A	-		
356	45	O	5.55	C	-		
356	46	O	5.55	C	-		
356	47	O	5.55	A	-		
356	48	O	5.55	A	-		
356	49	O	5.55	G	-		
356	50	O	5.55	A	-		
356	51	O	5.55	T	-		
356	52	O	5.55	A	-		
356	53	O	5.55	C	-		
356	54	O	5.55	T	-		
356	55	O	5.55	T	-		
356	56	O	5.55	T	-		
356	57	O	5.55	C	-		
356	58	O	5.55	A	-		
356	59	O	5.55	T	-		
356	60	O	5.55	C	-		
356	61	O	5.55	G	-		
356	62	O	5.55	T	-		
356	63	O	5.55	C	-		
356	64	O	5.55	G	-		
356	65	O	5.55	A	-		
356	66	O	5.55	A	-		
356	67	O	5.55	A	-		
356	68	O	5.55	G	-		
356	69	O	5.55	T	-		
356	70	O	5.55	G	-		
356	71	O	5.55	G	-		
356	72	O	5.55	A	-		
356	73	O	5.55	G	-		
356	74	O	5.55	T	-		
356	75	O	5.55	C	-		
356	76	O	5.55	C	-		
356	77	O	5.55	T	-		
356	78	O	5.55	T	-		
356	79	O	5.55	T	-		
356	80	O	5.55	T	-		
356	81	O	5.55	T	-		
356	82	O	5.55	C	-		
356	83	O	5.55	G	-		
356	84	O	5.55	A	-		
356	85	O	5.55	A	-		
356	86	O	5.55	T	-		
356	87	O	5.55	A	-		
356	88	O	5.55	A	-		
356	89	O	5.55	C	-		
356	90	O	5.55	T	-		
356	91	O	5.55	A	-		
356	92	O	5.55	G	-		
356	93	O	5.55	C	-		
356	94	O	5.55	T	-		
356	95	O	5.55	A	-		
356	96	O	5.55	G	-		
356	97	O	5.55	A	-		
356	98	O	5.55	A	-		
356	99	O	5.55	A	-		
356	100	O	5.55	A	-		
356	101	O	5.55	A	-		
356	102	O	5.55	C	-		
356	103	O	5.55	T	-		
356	104	O	5.55	G	-		
356	105	O	5.55	C	-		
356	106	O	5.55	T	-		
356	107	O	5.55	T	-		
356	108	O	5.55	C	-		
356	109	O	5.55	T	-		
357	0	O	6.93	G	-		
357	1	O	6.93	G	-		
357	2	O	6.93	A	-		
357	3	O	6.93	C	-		
357	4	O	6.93	G	-		
357	5	O	6.93	G	-		
357	6	O	6.93	C	-		
357	7	O	6.93	A	-		
357	8	O	6.93	C	-		
357	9	O	6.93	A	-		
357	10	O	6.93	G	-		
357	11	O	6.93	T	-		
357	12	O	6.93	A	-		
357	13	O	6.93	A	-		
357	14	O	6.93	G	-		
357	15	O	6.93	C	-		
357	16	O	6.93	T	-		
357	17	O	6.93	C	-		
357	18	O	6.93	A	-		
357	19	O	6.93	C	-		
357	20	O	6.93	A	-		
357	21	O	6.93	C	-		
357	22	O	6.93	T	-		
357	23	O	6.93	G	-		
357	24	O	6.93	T	-		
357	25	O	6.93	C	-		
357	26	O	6.93	A	-		
357	27	O	6.93	C	-		
357	28	O	6.93	A	-		
357	29	O	6.93	G	-		
357	30	O	6.93	A	-		
357	31	O	6.93	T	-		
357	32	O	6.93	T	-		
357	33	O	6.93	A	-		
357	34	O	6.93	T	-		
357	35	O	6.93	T	-		
357	36	O	6.93	C	-		
357	37	O	6.93	A	-		
357	38	O	6.93	G	-		
357	39	O	6.93	C	-		
357	40	O	6.93	T	-		
357	41	O	6.93	C	-		
357	42	O	6.93	T	-		
357	43	O	6.93	A	-		
357	44	O	6.93	T	-		
357	45	O	6.93	C	-		
357	46	O	6.93	T	-		
357	47	O	6.93	A	-		
357	48	O	6.93	G	-		
357	49	O	6.93	A	-		
357	50	O	6.93	T	-		
357	51	O	6.93	A	-		
357	52	O	6.93	G	-		
357	53	O	6.93	A	-		
357	54	O	6.93	A	-		
357	55	O	6.93	C	-		
357	56	O	6.93	A	-		
357	57	O	6.93	G	-		
357	58	O	6.93	C	-		
357	59	O	6.93	C	-		
357	60	O	6.93	C	-		
357	61	O	6.93	G	-		
357	62	O	6.93	T	-		
357	63	O	6.93	C	-		
357	64	O	6.93	A	-		
357	65	O	6.93	T	-		
357	66	O	6.93	C	-		
357	67	O	6.93	C	-		
357	68	O	6.93	A	-		
357	69	O	6.93	G	-		
357	70	O	6.93	C	-		
357	71	O	6.93	A	-		
357	72	O	6.93	A	-		
357	73	O	6.93	C	-		
357	74	O	6.93	A	-		
357	75	O	6.93	G	-		
357	76	O	6.93	T	-		
357	77	O	6.93	T	-		
357	78	O	6.93	C	-		
357	79	O	6.93	A	-		
357	80	O	6.93	G	-		
357	81	O	6.93	A	-		
357	82	O	6.93	C	-		
357	83	O	6.93	G	-		
357	84	O	6.93	T	-		
357	85	O	6.93	C	-		
357	86	O	6.93	G	-		
357	87	O	6.93	C	-		
357	88	O	6.93	G	-		
357	89	O	6.93	G	-		
357	90	O	6.93	T	-		
357	91	O	6.93	G	-		
357	92	O	6.93	A	-		
357	93	O	6.93	A	-		
357	94	O	6.93	A	-		
357	95	O	6.93	C	-		
357	96	O	6.93	T	-		
357	97	O	6.93	G	-		
357	98	O	6.93	A	-		
357	99	O	6.93	C	-		
357	100	O	6.93	A	-		
357	101	O	6.93	T	-		
357	102	O	6.93	A	-		
357	103	O	6.93	C	-		
357	104	O	6.93	A	-		
357	105	O	6.93	T	-		
357	106	O	6.93	C	-		
357	107	O	6.93	T	-		
357	108	O	6.93	A	-		
357	109	O	6.93	C	-		
358	0	O	6.93	C	-		
358	1	O	6.93	G	-		
358	2	O	6.93	A	-		
358	3	O	6.93	A	-		
358	4	O	6.93	C	-		
358	5	O	6.93	G	-		
358	6	O	6.93	A	-		
358	7	O	6.93	T	-		
358	8	O	6.93	G	-		
358	9	O	6.93	A	-		
358	10	O	6.93	A	-		
358	11	O	6.93	A	-		
358	12	O	6.93	A	-		
358	13	O	6.93	G	-		
358	14	O	6.93	T	-		
358	15	O	6.93	T	-		
358	16	O	6.93	C	-		
358	17	O	6.93	A	-		
358	18	O	6.93	A	-		
358	19	O	6.93	C	-		
358	20	O	6.93	A	-		
358	21	O	6.93	A	-		
358	22	O	6.93	G	-		
358	23	O	6.93	A	-		
358	24	O	6.93	G	-		
358	25	O	6.93	A	-		
358	26	O	6.93	C	-		
358	27	O	6.93	A	-		
358	28	O	6.93	A	-		
358	29	O	6.93	T	-		
358	30	O	6.93	C	-		
358	31	O	6.93	T	-		
358	32	O	6.93	A	-		
358	33	O	6.93	A	-		
358	34	O	6.93	G	-		
358	35	O	6.93	G	-		
358	36	O	6.93	A	-		
358	37	O	6.93	A	-		
358	38	O	6.93	G	-		
358	39	O	6.93	G	-		
358	40	O	6.93	A	-		
358	41	O	6.93	C	-		
358	42	O	6.93	G	-		
358	43	O	6.93	G	-		
358	44	O	6.93	T	-		
358	45	O	6.93	G	-		
358	46	O	6.93	A	-		
358	47	O	6.93	A	-		
358	48	O	6.93	C	-		
358	49	O	6.93	A	-		
358	50	O	6.93	A	-		
358	51	O	6.93	A	-		
358	52	O	6.93	C	-		
358	53	O	6.93	A	-		
358	54	O	6.93	A	-		
358	55	O	6.93	C	-		
358	56	O	6.93	A	-		
358	57	O	6.93	G	-		
358	58	O	6.93	G	-		
358	59	O	6.93	T	-		
358	60	O	6.93	C	-		
358	61	O	6.93	C	-		
358	62	O	6.93	G	-		
358	63	O	6.93	A	-		
358	64	O	6.93	G	-		
358	65	O	6.93	C	-		
358	66	O	6.93	A	-		
358	67	O	6.93	A	-		
358	68	O	6.93	A	-		
358	69	O	6.93	G	-		
358	70	O	6.93	A	-		
358	71	O	6.93	T	-		
358	72	O	6.93	C	-		
358	73	O	6.93	G	-		
358	74	O	6.93	A	-		
358	75	O	6.93	G	-		
358	76	O	6.93	C	-		
358	77	O	6.93	G	-		
358	78	O	6.93	C	-		
358	79	O	6.93	T	-		
358	80	O	6.93	G	-		
358	81	O	6.93	C	-		
358	82	O	6.93	T	-		
358	83	O	6.93	A	-		
358	84	O	6.93	T	-		
358	85	O	6.93	C	-		
358	86	O	6.93	A	-		
358	87	O	6.93	G	-		
358	88	O	6.93	C	-		
358	89	O	6.93	T	-		
358	90	O	6.93	C	-		
358	91	O	6.93	G	-		
358	92	O	6.93	C	-		
358	93	O	6.93	G	-		
358	94	O	6.93	G	-		
358	95	O	6.93	G	-		
358	96	O	6.93	G	-		
358	97	O	6.93	C	-		
358	98	O	6.93	G	-		
358	99	O	6.93	G	-		
358	100	O	6.93	C	-		
358	101	O	6.93	A	-		
358	102	O	6.93	G	-		
358	103	O	6.93	T	-		
358	104	O	6.93	T	-		
358	105	O	6.93	G	-		
358	106	O	6.93	G	-		
358	107	O	6.93	A	-		
358	108	O	6.93	C	-		
358	109	O	6.93	C	-		
359	0	O	9.70	G	-		
359	1	O	9.70	T	-		
359	2	O	9.70	C	-		
359	3	O	9.70	G	-		
359	4	O	9.70	C	-		
359	5	O	9.70	G	-		
359	6	O	9.70	C	-		
359	7	O	9.70	G	-		
359	8	O	9.70	C	-		
359	9	O	9.70	G	-		
359	10	O	9.70	G	-		
359	11	O	9.70	G	-		
359	12	O	9.70	C	-		
359	13	O	9.70	A	-		
359	14	O	9.70	A	-		
359	15	O	9.70	A	-		
359	16	O	9.70	A	-		
359	17	O	9.70	G	-		
359	18	O	9.70	C	-		
359	19	O	9.70	G	-		
359	20	O	9.70	C	-		
359	21	O	9.70	C	-		
359	22	O	9.70	C	-		
359	23	O	9.70	G	-		
359	24	O	9.70	A	-		
359	25	O	9.70	A	-		
359	26	O	9.70	G	-		
359	27	O	9.70	T	-		
359	28	O	9.70	C	-		
359	29	O	9.70	G	-		
359	30	O	9.70	C	-		
359	31	O	9.70	A	-		
359	32	O	9.70	C	-		
359	33	O	9.70	G	-		
359	34	O	9.70	C	-		
359	35	O	9.70	A	-		
359	36	O	9.70	A	-		
359	37	O	9.70	A	-		
359	38	O	9.70	G	-		
359	39	O	9.70	C	-		
359	40	O	9.70	G	-		
359	41	O	9.70	T	-		
359	42	O	9.70	C	-		
359	43	O	9.70	G	-		
359	44	O	9.70	G	-		
359	45	O	9.70	C	-		
359	46	O	9.70	G	-		
359	47	O	9.70	G	-		
359	48	O	9.70	C	-		
359	49	O	9.70	C	-		
359	50	O	9.70	G	-		
359	51	O	9.70	C	-		
359	52	O	9.70	G	-		
359	53	O	9.70	C	-		
359	54	O	9.70	G	-		
359	55	O	9.70	A	-		
359	56	O	9.70	A	-		
359	57	O	9.70	C	-		
359	58	O	9.70	A	-		
359	59	O	9.70	C	-		
359	60	O	9.70	T	-		
359	61	O	9.70	G	-		
359	62	O	9.70	C	-		
359	63	O	9.70	G	-		
359	64	O	9.70	G	-		
359	65	O	9.70	A	-		
359	66	O	9.70	C	-		
359	67	O	9.70	T	-		
359	68	O	9.70	C	-		
359	69	O	9.70	T	-		
359	70	O	9.70	G	-		
359	71	O	9.70	C	-		
359	72	O	9.70	T	-		
359	73	O	9.70	G	-		
359	74	O	9.70	A	-		
359	75	O	9.70	C	-		
359	76	O	9.70	C	-		
359	77	O	9.70	G	-		
359	78	O	9.70	A	-		
359	79	O	9.70	A	-		
359	80	O	9.70	G	-		
359	81	O	9.70	C	-		
359	82	O	9.70	G	-		
359	83	O	9.70	C	-		
359	84	O	9.70	C	-		
359	85	O	9.70	A	-		
359	86	O	9.70	G	-		
359	87	O	9.70	G	-		
359	88	O	9.70	A	-		
359	89	O	9.70	G	-		
359	90	O	9.70	A	-		
359	91	O	9.70	G	-		
359	92	O	9.70	T	-		
359	93	O	9.70	C	-		
359	94	O	9.70	C	-		
359	95	O	9.70	G	-		
359	96	O	9.70	A	-		
359	97	O	9.70	G	-		
359	98	O	9.70	C	-		
359	99	O	9.70	G	-		
359	100	O	9.70	A	-		
359	101	O	9.70	C	-		
359	102	O	9.70	T	-		
359	103	O	9.70	G	-		
359	104	O	9.70	G	-		
359	105	O	9.70	C	-		
359	106	O	9.70	G	-		
359	107	O	9.70	C	-		
359	108	O	9.70	G	-		
359	109	O	9.70	A	-		
360	0	O	6.93	C	-		
360	1	O	6.93	T	-		
360	2	O	6.93	A	-		
360	3	O	6.93	A	-		
360	4	O	6.93	G	-		
360	5	O	6.93	A	-		
360	6	O	6.93	G	-		
360	7	O	6.93	G	-		
360	8	O	6.93	G	-		
360	9	O	6.93	A	-		
360	10	O	6.93	A	-		
360	11	O	6.93	G	-		
360	12	O	6.93	T	-		
360	13	O	6.93	T	-		
360	14	O	6.93	A	-		
360	15	O	6.93	A	-		
360	16	O	6.93	G	-		
360	17	O	6.93	A	-		
360	18	O	6.93	A	-		
360	19	O	6.93	T	-		
360	20	O	6.93	A	-		
360	21	O	6.93	G	-		
360	22	O	6.93	A	-		
360	23	O	6.93	T	-		
360	24	O	6.93	T	-		
360	25	O	6.93	A	-		
360	26	O	6.93	G	-		
360	27	O	6.93	G	-		
360	28	O	6.93	A	-		
360	29	O	6.93	C	-		
360	30	O	6.93	G	-		
360	31	O	6.93	T	-		
360	32	O	6.93	A	-		
360	33	O	6.93	A	-		
360	34	O	6.93	A	-		
360	35	O	6.93	A	-		
360	36	O	6.93	G	-		
360	37	O	6.93	G	-		
360	38	O	6.93	C	-		
360	39	O	6.93	T	-		
360	40	O	6.93	G	-		
360	41	O	6.93	T	-		
360	42	O	6.93	A	-		
360	43	O	6.93	T	-		
360	44	O	6.93	T	-		
360	45	O	6.93	C	-		
360	46	O	6.93	T	-		
360	47	O	6.93	A	-		
360	48	O	6.93	T	-		
360	49	O	6.93	A	-		
360	50	O	6.93	T	-		
360	51	O	6.93	G	-		
360	52	O	6.93	G	-		
360	53	O	6.93	T	-		
360	54	O	6.93	T	-		
360	55	O	6.93	G	-		
360	56	U	-0.27	C	T		
360	57	O	6.93	T	-		
360	58	O	6.93	A	-		
360	59	O	6.93	G	-		
360	60	O	6.93	T	-		
360	61	O	6.93	C	-		
360	62	O	6.93	G	-		
360	63	O	6.93	A	-		
360	64	O	6.93	A	-		
360	65	O	6.93	T	-		
360	66	O	6.93	A	-		
360	67	O	6.93	G	-		
360	68	O	6.93	C	-		
360	69	O	6.93	T	-		
360	70	O	6.93	A	-		
360	71	O	6.93	A	-		
360	72	O	6.93	G	-		
360	73	O	6.93	G	-		
360	74	O	6.93	A	-		
360	75	O	6.93	C	-		
360	76	O	6.93	A	-		
360	77	O	6.93	G	-		
360	78	O	6.93	A	-		
360	79	O	6.93	A	-		
360	80	O	6.93	G	-		
360	81	O	6.93	G	-		
360	82	O	6.93	G	-		
360	83	O	6.93	A	-		
360	84	O	6.93	A	-		
360	85	O	6.93	T	-		
360	86	O	6.93	G	-		
360	87	O	6.93	G	-		
360	88	O	6.93	T	-		
360	89	O	6.93	A	-		
360	90	O	6.93	A	-		
360	91	O	6.93	T	-		
360	92	O	6.93	A	-		
360	93	O	6.93	T	-		
360	94	O	6.93	A	-		
360	95	O	6.93	T	-		
360	96	O	6.93	C	-		
360	97	O	6.93	T	-		
360	98	O	6.93	C	-		
360	99	O	6.93	T	-		
360	100	O	6.93	C	-		
360	101	O	6.93	T	-		
360	102	O	6.93	A	-		
360	103	O	6.93	T	-		
360	104	O	6.93	C	-		
360	105	O	6.93	T	-		
360	106	O	6.93	C	-		
360	107	O	6.93	T	-		
360	108	O	6.93	T	-		
360	109	O	6.93	T	-		
361	0	O	18.02	G	-		
361	1	O	18.02	T	-		
361	2	O	18.02	G	-		
361	3	O	18.02	A	-		
361	4	O	18.02	G	-		
361	5	O	18.02	G	-		
361	6	O	18.02	C	-		
361	7	O	18.02	C	-		
361	8	O	18.02	G	-		
361	9	O	18.02	T	-		
361	10	O	18.02	A	-		
361	11	O	18.02	A	-		
361	12	O	18.02	T	-		
361	13	O	18.02	A	-		
361	14	O	18.02	G	-		
361	15	O	18.02	C	-		
361	16	O	18.02	C	-		
361	17	O	18.02	C	-		
361	18	O	18.02	A	-		
361	19	O	18.02	T	-		
361	20	O	18.02	C	-		
361	21	O	18.02	A	-		
361	22	O	18.02	G	-		
361	23	O	18.02	G	-		
361	24	O	18.02	C	-		
361	25	O	18.02	T	-		
361	26	O	18.02	C	-		
361	27	O	18.02	T	-		
361	28	O	18.02	T	-		
361	29	O	18.02	G	-		
361	30	O	18.02	A	-		
361	31	O	18.02	G	-		
361	32	O	18.02	C	-		
361	33	O	18.02	A	-		
361	34	O	18.02	G	-		
361	35	O	18.02	C	-		
361	36	O	18.02	C	-		
361	37	O	18.02	A	-		
361	38	O	18.02	C	-		
361	39	O	18.02	A	-		
361	40	O	18.02	G	-		
361	41	O	18.02	A	-		
361	42	O	18.02	T	-		
361	43	O	18.02	C	-		
361	44	O	18.02	G	-		
361	45	O	18.02	G	-		
361	46	O	18.02	C	-		
361	47	O	18.02	G	-		
361	48	O	18.02	T	-		
361	49	O	18.02	C	-		
361	50	O	18.02	G	-		
361	51	O	18.02	C	-		
361	52	O	18.02	G	-		
361	53	O	18.02	A	-		
361	54	O	18.02	T	-		
361	55	O	18.02	G	-		
361	56	O	18.02	G	-		
361	57	O	18.02	G	-		
361	58	O	18.02	C	-		
361	59	O	18.02	C	-		
361	60	O	18.02	A	-		
361	61	O	18.02	C	-		
361	62	O	18.02	G	-		
361	63	O	18.02	A	-		
361	64	O	18.02	T	-		
361	65	O	18.02	G	-		
361	66	O	18.02	C	-		
361	67	O	18.02	C	-		
361	68	O	18.02	G	-		
361	69	O	18.02	A	-		
361	70	O	18.02	G	-		
361	71	O	18.02	T	-		
361	72	O	18.02	C	-		
361	73	O	18.02	G	-		
361	74	O	18.02	C	-		
361	75	O	18.02	T	-		
361	76	O	8.77	T	-		
361	77	O	18.02	G	-		
361	78	O	18.02	C	-		
361	79	O	18.02	G	-		
361	80	O	18.02	G	-		
361	81	O	18.02	G	-		
361	82	O	18.02	C	-		
361	83	O	18.02	G	-		
361	84	O	18.02	A	-		
361	85	O	18.02	G	-		
361	86	O	18.02	G	-		
361	87	O	18.02	C	-		
361	88	O	18.02	T	-		
361	89	O	18.02	C	-		
361	90	O	18.02	G	-		
361	91	O	18.02	G	-		
361	92	O	18.02	G	-		
361	93	O	18.02	A	-		
361	94	O	18.02	A	-		
361	95	O	18.02	G	-		
361	96	O	18.02	G	-		
361	97	O	18.02	T	-		
361	98	O	18.02	C	-		
361	99	O	18.02	G	-		
361	100	O	18.02	T	-		
361	101	O	18.02	G	-		
361	102	O	18.02	A	-		
361	103	O	18.02	T	-		
361	104	O	18.02	G	-		
361	105	O	18.02	C	-		
361	106	O	18.02	C	-		
361	107	O	18.02	G	-		
361	108	O	18.02	G	-		
361	109	O	18.02	A	-		
362	0	O	5.55	G	-		
362	1	O	5.55	G	-		
362	2	O	5.55	T	-		
362	3	O	5.55	T	-		
362	4	O	5.55	C	-		
362	5	O	5.55	G	-		
362	6	O	5.55	T	-		
362	7	O	5.55	T	-		
362	8	O	5.55	A	-		
362	9	O	5.55	T	-		
362	10	O	5.55	C	-		
362	11	O	5.55	T	-		
362	12	O	5.55	T	-		
362	13	O	5.55	C	-		
362	14	O	5.55	G	-		
362	15	O	5.55	C	-		
362	16	O	5.55	C	-		
362	17	O	5.55	A	-		
362	18	O	5.55	A	-		
362	19	O	5.55	T	-		
362	20	O	5.55	A	-		
362	21	O	5.55	C	-		
362	22	O	5.55	C	-		
362	23	O	5.55	T	-		
362	24	O	5.55	T	-		
362	25	O	5.55	C	-		
362	26	O	5.55	A	-		
362	27	O	5.55	T	-		
362	28	O	5.55	T	-		
362	29	O	5.55	G	-		
362	30	O	5.55	G	-		
362	31	O	5.55	A	-		
362	32	O	5.55	A	-		
362	33	O	5.55	T	-		
362	34	O	5.55	G	-		
362	35	O	5.55	G	-		
362	36	O	5.55	T	-		
362	37	O	5.55	T	-		
362	38	O	5.55	A	-		
362	39	O	5.55	T	-		
362	40	O	5.55	G	-		
362	41	O	5.55	G	-		
362	42	O	5.55	A	-		
362	43	O	5.55	G	-		
362	44	O	5.55	A	-		
362	45	O	5.55	T	-		
362	46	O	5.55	G	-		
362	47	O	5.55	G	-		
362	48	O	5.55	A	-		
362	49	O	5.55	G	-		
362	50	O	5.55	G	-		
362	51	O	5.55	A	-		
362	52	O	5.55	G	-		
362	53	O	5.55	C	-		
362	54	O	5.55	T	-		
362	55	O	5.55	G	-		
362	56	O	5.55	A	-		
362	57	O	5.55	C	-		
362	58	O	5.55	G	-		
362	59	O	5.55	A	-		
362	60	O	5.55	G	-		
362	61	O	5.55	T	-		
362	62	O	5.55	A	-		
362	63	O	5.55	G	-		
362	64	O	5.55	C	-		
362	65	O	5.55	C	-		
362	66	O	5.55	T	-		
362	67	O	5.55	G	-		
362	68	O	5.55	G	-		
362	69	O	5.55	A	-		
362	70	O	5.55	A	-		
362	71	O	5.55	A	-		
362	72	O	5.55	A	-		
362	73	O	5.55	G	-		
362	74	O	5.55	T	-		
362	75	O	5.55	C	-		
362	76	O	5.55	T	-		
362	77	O	5.55	G	-		
362	78	O	5.55	G	-		
362	79	O	5.55	T	-		
362	80	O	5.55	T	-		
362	81	O	5.55	C	-		
362	82	O	5.55	T	-		
362	83	O	5.55	C	-		
362	84	O	5.55	T	-		
362	85	O	5.55	T	-		
362	86	O	5.55	T	-		
362	87	O	5.55	A	-		
362	88	O	5.55	G	-		
362	89	O	5.55	A	-		
362	90	O	5.55	A	-		
362	91	O	5.55	G	-		
362	92	O	5.55	C	-		
362	93	O	5.55	A	-		
362	94	O	5.55	C	-		
362	95	O	5.55	T	-		
362	96	O	5.55	T	-		
362	97	O	5.55	A	-		
362	98	O	5.55	T	-		
362	99	O	5.55	T	-		
362	100	O	5.55	G	-		
362	101	O	5.55	A	-		
362	102	O	5.55	T	-		
362	103	O	5.55	G	-		
362	104	O	5.55	A	-		
362	105	O	5.55	T	-		
362	106	O	5.55	G	-		
362	107	O	5.55	G	-		
362	108	O	5.55	A	-		
362	109	O	5.55	A	-		
363	0	O	15.25	G	-		
363	1	O	15.25	T	-		
363	2	O	15.25	C	-		
363	3	O	15.25	C	-		
363	4	O	15.25	G	-		
363	5	O	15.25	G	-		
363	6	O	15.25	C	-		
363	7	O	15.25	C	-		
363	8	O	15.25	G	-		
363	9	O	15.25	G	-		
363	10	O	15.25	A	-		
363	11	O	15.25	T	-		
363	12	O	15.25	C	-		
363	13	O	15.25	C	-		
363	14	O	15.25	A	-		
363	15	O	15.25	C	-		
363	16	O	15.25	T	-		
363	17	O	15.25	C	-		
363	18	O	15.25	G	-		
363	19	O	15.25	A	-		
363	20	O	15.25	T	-		
363	21	O	15.25	C	-		
363	22	O	15.25	G	-		
363	23	O	15.25	G	-		
363	24	O	15.25	C	-		
363	25	O	15.25	G	-		
363	26	O	15.25	C	-		
363	27	O	15.25	A	-		
363	28	O	15.25	G	-		
363	29	O	15.25	G	-		
363	30	O	15.25	C	-		
363	31	O	15.25	A	-		
363	32	O	15.25	C	-		
363	33	O	15.25	G	-		
363	34	O	15.25	A	-		
363	35	O	15.25	A	-		
363	36	O	15.25	C	-		
363	37	O	15.25	G	-		
363	38	O	15.25	G	-		
363	39	O	15.25	T	-		
363	40	O	15.25	T	-		
363	41	O	15.25	G	-		
363	42	O	15.25	G	-		
363	43	O	15.25	C	-		
363	44	O	15.25	G	-		
363	45	O	15.25	C	-		
363	46	O	15.25	G	-		
363	47	O	15.25	A	-		
363	48	O	15.25	G	-		
363	49	O	15.25	C	-		
363	50	O	15.25	T	-		
363	51	O	15.25	C	-		
363	52	O	15.25	G	-		
363	53	O	15.25	C	-		
363	54	O	15.25	C	-		
363	55	O	15.25	G	-		
363	56	O	15.25	G	-		
363	57	O	15.25	G	-		
363	58	O	15.25	C	-		
363	59	O	15.25	G	-		
363	60	O	15.25	G	-		
363	61	O	15.25	A	-		
363	62	O	15.25	C	-		
363	63	O	15.25	A	-		
363	64	O	15.25	C	-		
363	65	O	15.25	A	-		
363	66	O	15.25	T	-		
363	67	O	15.25	T	-		
363	68	O	15.25	T	-		
363	69	O	15.25	G	-		
363	70	O	15.25	G	-		
363	71	O	15.25	C	-		
363	72	O	15.25	C	-		
363	73	O	15.25	C	-		
363	74	O	15.25	G	-		
363	75	O	15.25	C	-		
363	76	O	15.25	A	-		
363	77	O	15.25	A	-		
363	78	O	15.25	A	-		
363	79	O	15.25	G	-		
363	80	O	15.25	G	-		
363	81	O	15.25	A	-		
363	82	O	15.25	G	-		
363	83	O	15.25	C	-		
363	84	O	15.25	C	-		
363	85	O	15.25	G	-		
363	86	O	15.25	C	-		
363	87	O	15.25	C	-		
363	88	O	15.25	C	-		
363	89	O	15.25	G	-		
363	90	O	15.25	A	-		
363	91	O	15.25	G	-		
363	92	O	15.25	T	-		
363	93	O	15.25	T	-		
363	94	O	15.25	A	-		
363	95	O	15.25	A	-		
363	96	O	15.25	T	-		
363	97	O	15.25	G	-		
363	98	O	15.25	G	-		
363	99	O	15.25	G	-		
363	100	O	15.25	C	-		
363	101	O	15.25	G	-		
363	102	O	15.25	G	-		
363	103	O	15.25	C	-		
363	104	O	15.25	C	-		
363	105	O	15.25	G	-		
363	106	O	15.25	A	-		
363	107	O	15.25	C	-		
363	108	O	15.25	G	-		
363	109	O	15.25	G	-		
364	0	O	6.93	T	-		
364	1	O	6.93	C	-		
364	2	O	6.93	C	-		
364	3	O	6.93	T	-		
364	4	O	6.93	A	-		
364	5	O	6.93	C	-		
364	6	O	6.93	T	-		
364	7	O	6.93	C	-		
364	8	O	6.93	A	-		
364	9	O	6.93	A	-		
364	10	O	6.93	G	-		
364	11	O	6.93	T	-		
364	12	O	6.93	C	-		
364	13	O	6.93	T	-		
364	14	O	6.93	C	-		
364	15	O	6.93	C	-		
364	16	O	6.93	A	-		
364	17	O	6.93	A	-		
364	18	O	6.93	G	-		
364	19	O	6.93	A	-		
364	20	O	6.93	T	-		
364	21	O	6.93	C	-		
364	22	O	6.93	A	-		
364	23	O	6.93	C	-		
364	24	O	6.93	C	-		
364	25	O	6.93	T	-		
364	26	O	6.93	A	-		
364	27	O	6.93	G	-		
364	28	O	6.93	C	-		
364	29	O	6.93	T	-		
364	30	O	6.93	A	-		
364	31	O	6.93	C	-		
364	32	O	6.93	A	-		
364	33	O	6.93	A	-		
364	34	O	6.93	A	-		
364	35	O	6.93	T	-		
364	36	O	6.93	C	-		
364	37	O	6.93	T	-		
364	38	O	6.93	A	-		
364	39	O	6.93	C	-		
364	40	O	6.93	G	-		
364	41	O	6.93	C	-		
364	42	O	6.93	T	-		
364	43	O	6.93	T	-		
364	44	O	6.93	T	-		
364	45	O	6.93	C	-		
364	46	O	6.93	C	-		
364	47	O	6.93	T	-		
364	48	O	6.93	C	-		
364	49	O	6.93	G	-		
364	50	O	6.93	C	-		
364	51	O	6.93	A	-		
364	52	O	6.93	C	-		
364	53	O	6.93	G	-		
364	54	O	6.93	G	-		
364	55	O	6.93	C	-		
364	56	O	6.93	T	-		
364	57	O	6.93	C	-		
364	58	O	6.93	T	-		
364	59	O	6.93	T	-		
364	60	O	6.93	C	-		
364	61	O	6.93	A	-		
364	62	O	6.93	A	-		
364	63	O	6.93	C	-		
364	64	O	6.93	T	-		
364	65	O	6.93	C	-		
364	66	O	6.93	C	-		
364	67	O	6.93	C	-		
364	68	O	6.93	C	-		
364	69	O	6.93	C	-		
364	70	O	6.93	A	-		
364	71	O	6.93	G	-		
364	72	O	6.93	A	-		
364	73	O	6.93	C	-		
364	74	O	6.93	T	-		
364	75	O	6.93	C	-		
364	76	O	6.93	C	-		
364	77	O	6.93	T	-		
364	78	O	6.93	T	-		
364	79	O	6.93	G	-		
364	80	O	6.93	A	-		
364	81	O	6.93	G	-		
364	82	O	6.93	C	-		
364	83	O	6.93	G	-		
364	84	O	6.93	T	-		
364	85	O	6.93	A	-		
364	86	O	6.93	T	-		
364	87	O	6.93	C	-		
364	88	O	6.93	C	-		
364	89	O	6.93	T	-		
364	90	O	6.93	C	-		
364	91	O	6.93	A	-		
364	92	O	6.93	T	-		
364	93	O	6.93	C	-		
364	94	O	6.93	A	-		
364	95	O	6.93	G	-		
364	96	O	6.93	C	-		
364	97	O	6.93	G	-		
364	98	O	6.93	A	-		
364	99	O	6.93	G	-		
364	100	O	6.93	C	-		
364	101	O	6.93	G	-		
364	102	O	6.93	A	-		
364	103	O	6.93	C	-		
364	104	O	6.93	G	-		
364	105	O	6.93	A	-		
364	106	O	6.93	C	-		
364	107	O	6.93	G	-		
364	108	O	6.93	A	-		
364	109	O	6.93	C	-		
365	0	O	5.55	A	-		
365	1	O	5.55	A	-		
365	2	O	5.55	C	-		
365	3	O	5.55	T	-		
365	4	O	5.55	A	-		
365	5	O	5.55	T	-		
365	6	O	5.55	G	-		
365	7	O	5.55	C	-		
365	8	O	5.55	T	-		
365	9	O	5.55	T	-		
365	10	O	5.55	C	-		
365	11	O	5.55	T	-		
365	12	O	5.55	C	-		
365	13	O	5.55	C	-		
365	14	O	5.55	A	-		
365	15	O	5.55	A	-		
365	16	O	5.55	T	-		
365	17	O	5.55	G	-		
365	18	O	5.55	T	-		
365	19	O	5.55	C	-		
365	20	O	5.55	A	-		
365	21	O	5.55	T	-		
365	22	O	5.55	G	-		
365	23	O	5.55	C	-		
365	24	O	5.55	T	-		
365	25	O	5.55	A	-		
365	26	O	5.55	C	-		
365	27	O	5.55	C	-		
365	28	O	5.55	A	-		
365	29	O	5.55	C	-		
365	30	O	5.55	T	-		
365	31	O	5.55	A	-		
365	32	O	5.55	G	-		
365	33	O	5.55	G	-		
365	34	O	5.55	T	-		
365	35	O	5.55	A	-		
365	36	O	5.55	C	-		
365	37	O	5.55	C	-		
365	38	O	5.55	T	-		
365	39	O	5.55	T	-		
365	40	O	5.55	C	-		
365	41	O	5.55	G	-		
365	42	O	5.55	T	-		
365	43	O	5.55	C	-		
365	44	O	5.55	G	-		
365	45	O	5.55	A	-		
365	46	O	5.55	A	-		
365	47	O	5.55	G	-		
365	48	O	5.55	T	-		
365	49	O	5.55	A	-		
365	50	O	5.55	T	-		
365	51	O	5.55	G	-		
365	52	O	5.55	C	-		
365	53	O	5.55	T	-		
365	54	O	5.55	T	-		
365	55	O	5.55	T	-		
365	56	O	5.55	C	-		
365	57	O	5.55	C	-		
365	58	O	5.55	G	-		
365	59	O	5.55	A	-		
365	60	O	5.55	T	-		
365	61	O	5.55	C	-		
365	62	O	5.55	C	-		
365	63	O	5.55	T	-		
365	64	O	5.55	T	-		
365	65	O	5.55	G	-		
365	66	O	5.55	C	-		
365	67	O	5.55	A	-		
365	68	O	5.55	A	-		
365	69	O	5.55	T	-		
365	70	O	5.55	A	-		
365	71	O	5.55	G	-		
365	72	O	5.55	C	-		
365	73	O	5.55	A	-		
365	74	O	5.55	G	-		
365	75	O	5.55	T	-		
365	76	O	5.55	A	-		
365	77	O	5.55	A	-		
365	78	O	5.55	T	-		
365	79	O	5.55	A	-		
365	80	O	5.55	C	-		
365	81	O	5.55	G	-		
365	82	O	5.55	G	-		
365	83	O	5.55	G	-		
365	84	O	5.55	C	-		
365	85	O	5.55	A	-		
365	86	O	5.55	T	-		
365	87	O	5.55	C	-		
365	88	O	5.55	T	-		
365	89	O	5.55	C	-		
365	90	O	5.55	T	-		
365	91	O	5.55	C	-		
365	92	O	5.55	T	-		
365	93	O	5.55	G	-		
365	94	O	5.55	A	-		
365	95	O	5.55	G	-		
365	96	O	5.55	A	-		
365	97	O	5.55	G	-		
365	98	O	5.55	A	-		
365	99	O	5.55	G	-		
365	100	O	5.55	A	-		
365	101	O	5.55	G	-		
365	102	O	5.55	G	-		
365	103	O	5.55	A	-		
365	104	O	5.55	G	-		
365	105	O	5.55	A	-		
365	106	O	5.55	C	-		
365	107	O	5.55	C	-		
365	108	O	5.55	A	-		
365	109	O	5.55	C	-		
366	0	O	6.93	G	-		
366	1	O	6.93	T	-		
366	2	O	6.93	C	-		
366	3	O	6.93	C	-		
366	4	O	6.93	G	-		
366	5	O	6.93	G	-		
366	6	O	6.93	G	-		
366	7	U	-0.27	T	G		
366	8	O	6.93	G	-		
366	9	O	6.93	T	-		
366	10	O	6.93	A	-		
366	11	O	6.93	G	-		
366	12	O	6.93	T	-		
366	13	O	6.93	T	-		
366	14	O	6.93	C	-		
366	15	O	6.93	T	-		
366	16	O	6.93	T	-		
366	17	O	6.93	G	-		
366	18	O	6.93	T	-		
366	19	O	6.93	C	-		
366	20	O	6.93	G	-		
366	21	O	6.93	T	-		
366	22	O	6.93	C	-		
366	23	O	6.93	G	-		
366	24	O	6.93	A	-		
366	25	O	6.93	T	-		
366	26	O	6.93	G	-		
366	27	O	6.93	C	-		
366	28	O	6.93	G	-		
366	29	O	6.93	G	-		
366	30	O	6.93	T	-		
366	31	O	6.93	C	-		
366	32	O	6.93	A	-		
366	33	O	6.93	G	-		
366	34	O	6.93	C	-		
366	35	O	6.93	A	-		
366	36	O	6.93	C	-		
366	37	O	6.93	C	-		
366	38	O	6.93	G	-		
366	39	O	6.93	G	-		
366	40	O	6.93	G	-		
366	41	O	6.93	G	-		
366	42	O	6.93	C	-		
366	43	O	6.93	C	-		
366	44	O	6.93	C	-		
366	45	O	6.93	T	-		
366	46	O	6.93	G	-		
366	47	O	6.93	C	-		
366	48	O	6.93	A	-		
366	49	O	6.93	C	-		
366	50	U	-0.27	C	G		
366	51	O	6.93	C	-		
366	52	O	6.93	A	-		
366	53	O	6.93	G	-		
366	54	O	6.93	C	-		
366	55	O	6.93	C	-		
366	56	O	6.93	G	-		
366	57	O	6.93	G	-		
366	58	O	6.93	A	-		
366	59	O	6.93	G	-		
366	60	O	6.93	T	-		
366	61	O	6.93	T	-		
366	62	O	6.93	G	-		
366	63	O	6.93	T	-		
366	64	O	6.93	G	-		
366	65	O	6.93	C	-		
366	66	O	6.93	A	-		
366	67	O	6.93	C	-		
366	68	O	6.93	C	-		
366	69	O	6.93	C	-		
366	70	O	6.93	C	-		
366	71	O	6.93	G	-		
366	72	O	6.93	G	-		
366	73	O	6.93	G	-		
366	74	O	6.93	C	-		
366	75	O	6.93	G	-		
366	76	O	6.93	T	-		
366	77	U	-0.27	C	G		
366	78	O	6.93	G	-		
366	79	O	6.93	G	-		
366	80	O	6.93	G	-		
366	81	O	6.93	G	-		
366	82	O	6.93	C	-		
366	83	O	6.93	A	-		
366	84	O	6.93	T	-		
366	85	O	6.93	G	-		
366	86	O	6.93	C	-		
366	87	O	6.93	T	-		
366	88	O	6.93	G	-		
366	89	O	6.93	G	-		
366	90	O	6.93	C	-		
366	91	O	6.93	G	-		
366	92	O	6.93	A	-		
366	93	O	6.93	C	-		
366	94	O	6.93	C	-		
366	95	O	6.93	C	-		
366	96	O	6.93	A	-		
366	97	O	6.93	C	-		
366	98	O	6.93	T	-		
366	99	O	6.93	T	-		
366	100	O	6.93	G	-		
366	101	O	6.93	G	-		
366	102	O	6.93	G	-		
366	103	O	6.93	G	-		
366	104	O	6.93	A	-		
366	105	O	6.93	T	-		
366	106	O	6.93	G	-		
366	107	O	6.93	C	-		
366	108	O	6.93	G	-		
366	109	O	6.93	G	-		
367	0	O	8.32	A	-		
367	1	O	8.32	C	-		
367	2	O	8.32	A	-		
367	3	O	8.32	C	-		
367	4	O	8.32	T	-		
367	5	O	8.32	G	-		
367	6	O	8.32	A	-		
367	7	O	8.32	A	-		
367	8	O	8.32	T	-		
367	9	O	8.32	A	-		
367	10	O	8.32	C	-		
367	11	O	8.32	G	-		
367	12	O	8.32	T	-		
367	13	O	8.32	C	-		
367	14	O	8.32	C	-		
367	15	O	8.32	C	-		
367	16	O	8.32	G	-		
367	17	O	8.32	G	-		
367	18	O	8.32	A	-		
367	19	O	8.32	T	-		
367	20	O	8.32	G	-		
367	21	O	8.32	T	-		
367	22	O	8.32	T	-		
367	23	O	8.32	T	-		
367	24	O	8.32	C	-		
367	25	O	8.32	C	-		
367	26	O	8.32	G	-		
367	27	O	8.32	C	-		
367	28	O	8.32	C	-		
367	29	O	8.32	G	-		
367	30	O	8.32	A	-		
367	31	O	8.32	T	-		
367	32	O	8.32	C	-		
367	33	O	8.32	A	-		
367	34	O	8.32	C	-		
367	35	O	8.32	G	-		
367	36	O	8.32	A	-		
367	37	O	8.32	A	-		
367	38	O	8.32	C	-		
367	39	O	8.32	A	-		
367	40	O	8.32	C	-		
367	41	O	8.32	T	-		
367	42	O	8.32	A	-		
367	43	O	8.32	C	-		
367	44	O	8.32	A	-		
367	45	O	8.32	A	-		
367	46	O	8.32	G	-		
367	47	O	8.32	G	-		
367	48	O	8.32	G	-		
367	49	O	8.32	C	-		
367	50	O	8.32	C	-		
367	51	O	8.32	G	-		
367	52	O	8.32	C	-		
367	53	O	8.32	C	-		
367	54	O	8.32	G	-		
367	55	O	8.32	A	-		
367	56	O	8.32	A	-		
367	57	O	8.32	G	-		
367	58	O	8.32	T	-		
367	59	O	8.32	C	-		
367	60	O	8.32	A	-		
367	61	O	8.32	G	-		
367	62	O	8.32	G	-		
367	63	O	8.32	T	-		
367	64	O	8.32	A	-		
367	65	O	8.32	C	-		
367	66	O	8.32	C	-		
367	67	O	8.32	G	-		
367	68	O	8.32	C	-		
367	69	O	8.32	T	-		
367	70	O	8.32	C	-		
367	71	O	8.32	C	-		
367	72	O	8.32	A	-		
367	73	O	8.32	T	-		
367	74	O	8.32	C	-		
367	75	O	8.32	T	-		
367	76	O	8.32	T	-		
367	77	O	8.32	G	-		
367	78	O	8.32	G	-		
367	79	O	8.32	C	-		
367	80	O	8.32	A	-		
367	81	O	8.32	C	-		
367	82	O	8.32	T	-		
367	83	O	8.32	G	-		
367	84	O	8.32	A	-		
367	85	O	8.32	G	-		
367	86	O	8.32	A	-		
367	87	O	8.32	C	-		
367	88	O	8.32	G	-		
367	89	O	8.32	G	-		
367	90	O	8.32	G	-		
367	91	O	8.32	T	-		
367	92	O	8.32	A	-		
367	93	O	8.32	T	-		
367	94	O	8.32	C	-		
367	95	O	8.32	A	-		
367	96	O	8.32	T	-		
367	97	O	8.32	C	-		
367	98	O	8.32	T	-		
367	99	O	8.32	G	-		
367	100	O	8.32	C	-		
367	101	O	8.32	G	-		
367	102	O	8.32	T	-		
367	103	O	8.32	T	-		
367	104	O	8.32	A	-		
367	105	O	8.32	A	-		
367	106	O	8.32	T	-		
367	107	O	8.32	G	-		
367	108	O	8.32	G	-		
367	109	O	8.32	A	-		
368	0	O	11.09	A	-		
368	1	O	11.09	C	-		
368	2	O	11.09	C	-		
368	3	O	11.09	A	-		
368	4	O	11.09	G	-		
368	5	O	11.09	A	-		
368	6	O	11.09	T	-		
368	7	O	11.09	T	-		
368	8	O	11.09	A	-		
368	9	O	11.09	T	-		
368	10	O	11.09	T	-		
368	11	O	11.09	G	-		
368	12	O	11.09	T	-		
368	13	O	11.09	A	-		
368	14	O	11.09	T	-		
368	15	O	11.09	G	-		
368	16	O	11.09	C	-		
368	17	O	11.09	C	-		
368	18	O	11.09	T	-		
368	19	O	11.09	A	-		
368	20	O	11.09	T	-		
368	21	O	11.09	T	-		
368	22	O	11.09	C	-		
368	23	O	11.09	T	-		
368	24	O	11.09	G	-		
368	25	O	11.09	A	-		
368	26	O	11.09	T	-		
368	27	O	11.09	G	-		
368	28	O	11.09	A	-		
368	29	O	11.09	G	-		
368	30	O	11.09	G	-		
368	31	O	11.09	C	-		
368	32	O	11.09	A	-		
368	33	O	11.09	C	-		
368	34	O	11.09	G	-		
368	35	O	11.09	G	-		
368	36	O	11.09	A	-		
368	37	O	11.09	G	-		
368	38	O	11.09	G	-		
368	39	O	11.09	G	-		
368	40	O	11.09	A	-		
368	41	O	11.09	C	-		
368	42	O	11.09	C	-		
368	43	O	11.09	C	-		
368	44	O	11.09	G	-		
368	45	O	11.09	A	-		
368	46	O	11.09	A	-		
368	47	O	11.09	G	-		
368	48	O	11.09	G	-		
368	49	O	11.09	C	-		
368	50	O	11.09	A	-		
368	51	O	11.09	T	-		
368	52	O	11.09	A	-		
368	53	O	11.09	C	-		
368	54	O	11.09	T	-		
368	55	O	11.09	T	-		
368	56	O	11.09	A	-		
368	57	O	11.09	T	-		
368	58	O	11.09	G	-		
368	59	O	11.09	T	-		
368	60	O	11.09	T	-		
368	61	O	11.09	T	-		
368	62	O	11.09	A	-		
368	63	O	11.09	G	-		
368	64	O	11.09	G	-		
368	65	O	11.09	A	-		
368	66	O	11.09	T	-		
368	67	O	11.09	T	-		
368	68	O	11.09	C	-		
368	69	O	11.09	C	-		
368	70	O	11.09	T	-		
368	71	O	11.09	G	-		
368	72	O	11.09	A	-		
368	73	O	11.09	C	-		
368	74	O	11.09	C	-		
368	75	O	11.09	T	-		
368	76	O	11.09	T	-		
368	77	O	11.09	A	-		
368	78	O	11.09	C	-		
368	79	O	11.09	T	-		
368	80	O	11.09	T	-		
368	81	O	11.09	A	-		
368	82	O	11.09	A	-		
368	83	O	11.09	C	-		
368	84	O	11.09	G	-		
368	85	O	11.09	C	-		
368	86	O	11.09	T	-		
368	87	O	11.09	C	-		
368	88	O	11.09	C	-		
368	89	O	11.09	C	-		
368	90	O	11.09	T	-		
368	91	O	11.09	T	-		
368	92	O	11.09	T	-		
368	93	O	11.09	C	-		
368	94	O	11.09	A	-		
368	95	O	11.09	C	-		
368	96	O	11.09	A	-		
368	97	O	11.09	A	-		
368	98	O	11.09	A	-		
368	99	O	11.09	T	-		
368	100	O	11.09	C	-		
368	101	O	11.09	A	-		
368	102	O	11.09	T	-		
368	103	O	11.09	T	-		
368	104	O	11.09	C	-		
368	105	O	11.09	C	-		
368	106	O	11.09	T	-		
368	107	O	11.09	T	-		
368	108	O	11.09	T	-		
368	109	O	11.09	T	-		
369	0	O	5.55	A	-		
369	1	O	5.55	G	-		
369	2	O	5.55	C	-		
369	3	O	5.55	A	-		
369	4	O	5.55	A	-		
369	5	O	5.55	G	-		
369	6	O	5.55	C	-		
369	7	O	5.55	T	-		
369	8	O	5.55	T	-		
369	9	O	5.55	C	-		
369	10	O	5.55	T	-		
369	11	O	5.55	C	-		
369	12	O	5.55	A	-		
369	13	O	5.55	G	-		
369	14	O	5.55	C	-		
369	15	O	5.55	C	-		
369	16	O	5.55	G	-		
369	17	O	5.55	A	-		
369	18	O	5.55	T	-		
369	19	O	5.55	C	-		
369	20	O	5.55	C	-		
369	21	O	5.55	A	-		
369	22	O	5.55	A	-		
369	23	O	5.55	A	-		
369	24	O	5.55	A	-		
369	25	O	5.55	C	-		
369	26	O	5.55	T	-		
369	27	O	5.55	A	-		
369	28	O	5.55	G	-		
369	29	O	5.55	C	-		
369	30	O	5.55	A	-		
369	31	O	5.55	C	-		
369	32	O	5.55	A	-		
369	33	O	5.55	T	-		
369	34	O	5.55	T	-		
369	35	O	5.55	G	-		
369	36	O	5.55	G	-		
369	37	O	5.55	A	-		
369	38	O	5.55	A	-		
369	39	O	5.55	C	-		
369	40	O	5.55	G	-		
369	41	O	5.55	C	-		
369	42	O	5.55	T	-		
369	43	O	5.55	G	-		
369	44	O	5.55	T	-		
369	45	O	5.55	C	-		
369	46	O	5.55	A	-		
369	47	O	5.55	A	-		
369	48	O	5.55	G	-		
369	49	O	5.55	C	-		
369	50	O	5.55	G	-		
369	51	O	5.55	C	-		
369	52	O	5.55	A	-		
369	53	O	5.55	T	-		
369	54	O	5.55	T	-		
369	55	O	5.55	C	-		
369	56	O	5.55	T	-		
369	57	O	5.55	C	-		
369	58	O	5.55	C	-		
369	59	O	5.55	G	-		
369	60	O	5.55	A	-		
369	61	O	5.55	T	-		
369	62	O	5.55	A	-		
369	63	O	5.55	T	-		
369	64	O	5.55	C	-		
369	65	O	5.55	T	-		
369	66	O	5.55	C	-		
369	67	O	5.55	A	-		
369	68	O	5.55	A	-		
369	69	O	5.55	A	-		
369	70	O	5.55	G	-		
369	71	O	5.55	G	-		
369	72	O	5.55	C	-		
369	73	O	5.55	A	-		
369	74	O	5.55	C	-		
369	75	O	5.55	T	-		
369	76	O	5.55	G	-		
369	77	O	5.55	C	-		
369	78	O	5.55	A	-		
369	79	O	5.55	A	-		
369	80	O	5.55	A	-		
369	81	O	5.55	C	-		
369	82	O	5.55	T	-		
369	83	O	5.55	T	-		
369	84	O	5.55	G	-		
369	85	O	5.55	G	-		
369	86	O	5.55	G	-		
369	87	O	5.55	A	-		
369	88	O	5.55	T	-		
369	89	O	5.55	T	-		
369	90	O	5.55	G	-		
369	91	O	5.55	G	-		
369	92	O	5.55	T	-		
369	93	O	5.55	G	-		
369	94	O	5.55	T	-		
369	95	O	5.55	A	-		
369	96	O	5.55	T	-		
369	97	O	5.55	G	-		
369	98	O	5.55	G	-		
369	99	O	5.55	A	-		
369	100	O	5.55	G	-		
369	101	O	5.55	G	-		
369	102	O	5.55	A	-		
369	103	O	5.55	G	-		
369	104	O	5.55	T	-		
369	105	O	5.55	G	-		
369	106	O	5.55	A	-		
369	107	O	5.55	A	-		
369	108	O	5.55	A	-		
369	109	O	5.55	G	-		
370	0	O	5.55	C	-		
370	1	O	5.55	T	-		
370	2	O	5.55	C	-		
370	3	O	5.55	A	-		
370	4	O	5.55	T	-		
370	5	O	5.55	C	-		
370	6	O	5.55	A	-		
370	7	O	5.55	C	-		
370	8	O	5.55	C	-		
370	9	O	5.55	T	-		
370	10	O	5.55	T	-		
370	11	O	5.55	C	-		
370	12	O	5.55	A	-		
370	13	O	5.55	A	-		
370	14	O	5.55	A	-		
370	15	O	5.55	A	-		
370	16	O	5.55	T	-		
370	17	O	5.55	C	-		
370	18	O	5.55	C	-		
370	19	O	5.55	A	-		
370	20	O	5.55	G	-		
370	21	O	5.55	C	-		
370	22	O	5.55	G	-		
370	23	O	5.55	C	-		
370	24	O	5.55	G	-		
370	25	O	5.55	A	-		
370	26	O	5.55	T	-		
370	27	O	5.55	G	-		
370	28	O	5.55	A	-		
370	29	O	5.55	C	-		
370	30	O	5.55	C	-		
370	31	O	5.55	C	-		
370	32	O	5.55	C	-		
370	33	O	5.55	C	-		
370	34	O	5.55	A	-		
370	35	O	5.55	C	-		
370	36	O	5.55	A	-		
370	37	O	5.55	C	-		
370	38	O	5.55	A	-		
370	39	O	5.55	A	-		
370	40	O	5.55	C	-		
370	41	O	5.55	C	-		
370	42	O	5.55	T	-		
370	43	O	5.55	C	-		
370	44	O	5.55	T	-		
370	45	O	5.55	C	-		
370	46	O	5.55	C	-		
370	47	O	5.55	T	-		
370	48	O	5.55	G	-		
370	49	O	5.55	C	-		
370	50	O	5.55	G	-		
370	51	O	5.55	C	-		
370	52	O	5.55	C	-		
370	53	O	5.55	T	-		
370	54	O	5.55	T	-		
370	55	O	5.55	G	-		
370	56	O	5.55	C	-		
370	57	O	5.55	T	-		
370	58	O	5.55	G	-		
370	59	O	5.55	C	-		
370	60	O	5.55	A	-		
370	61	O	5.55	T	-		
370	62	O	5.55	C	-		
370	63	O	5.55	T	-		
370	64	O	5.55	C	-		
370	65	O	5.55	C	-		
370	66	O	5.55	C	-		
370	67	O	5.55	T	-		
370	68	O	5.55	T	-		
370	69	O	5.55	T	-		
370	70	O	5.55	G	-		
370	71	O	5.55	A	-		
370	72	O	5.55	T	-		
370	73	O	5.55	T	-		
370	74	O	5.55	C	-		
370	75	O	5.55	T	-		
370	76	O	5.55	C	-		
370	77	O	5.55	A	-		
370	78	O	5.55	C	-		
370	79	O	5.55	A	-		
370	80	O	5.55	T	-		
370	81	O	5.55	G	-		
370	82	O	5.55	C	-		
370	83	O	5.55	T	-		
370	84	O	5.55	C	-		
370	85	O	5.55	G	-		
370	86	O	5.55	C	-		
370	87	O	5.55	C	-		
370	88	O	5.55	A	-		
370	89	O	5.55	C	-		
370	90	O	5.55	A	-		
370	91	O	5.55	T	-		
370	92	O	5.55	T	-		
370	93	O	5.55	C	-		
370	94	O	5.55	G	-		
370	95	O	5.55	C	-		
370	96	O	5.55	G	-		
370	97	O	5.55	T	-		
370	98	O	5.55	C	-		
370	99	O	5.55	A	-		
370	100	O	5.55	G	-		
370	101	O	5.55	A	-		
370	102	O	5.55	C	-		
370	103	O	5.55	A	-		
370	104	O	5.55	G	-		
370	105	O	5.55	C	-		
370	106	O	5.55	A	-		
370	107	O	5.55	A	-		
370	108	O	5.55	T	-		
370	109	O	5.55	C	-		
371	0	U	0.00	-	-		
371	1	U	0.00	-	-		
371	2	O	13.86	A	-		
371	3	O	13.86	A	-		
371	4	O	13.86	C	-		
371	5	O	13.86	A	-		
371	6	O	13.86	A	-		
371	7	O	13.86	G	-		
371	8	O	13.86	C	-		
371	9	O	13.86	T	-		
371	10	O	13.86	C	-		
371	11	O	13.86	C	-		
371	12	O	13.86	G	-		
371	13	O	13.86	T	-		
371	14	O	13.86	G	-		
371	15	O	13.86	G	-		
371	16	O	13.86	C	-		
371	17	O	13.86	T	-		
371	18	O	13.86	A	-		
371	19	O	13.86	G	-		
371	20	O	13.86	T	-		
371	21	O	13.86	C	-		
371	22	O	13.86	T	-		
371	23	O	13.86	G	-		
371	24	O	13.86	C	-		
371	25	O	13.86	G	-		
371	26	O	13.86	C	-		
371	27	O	13.86	T	-		
371	28	O	13.86	C	-		
371	29	O	13.86	T	-		
371	30	O	13.86	T	-		
371	31	O	13.86	T	-		
371	32	O	13.86	G	-		
371	33	O	13.86	G	-		
371	34	O	13.86	A	-		
371	35	O	13.86	A	-		
371	36	O	13.86	A	-		
371	37	O	13.86	G	-		
371	38	O	13.86	T	-		
371	39	O	13.86	G	-		
371	40	O	13.86	T	-		
371	41	O	13.86	G	-		
371	42	O	13.86	C	-		
371	43	O	13.86	A	-		
371	44	O	13.86	G	-		
371	45	O	13.86	T	-		
371	46	O	13.86	G	-		
371	47	O	13.86	A	-		
371	48	O	13.86	G	-		
371	49	O	13.86	G	-		
371	50	O	13.86	G	-		
371	51	O	13.86	A	-		
371	52	O	13.86	T	-		
371	53	O	13.86	C	-		
371	54	O	13.86	T	-		
371	55	O	13.86	G	-		
371	56	O	13.86	C	-		
371	57	O	13.86	T	-		
371	58	O	13.86	A	-		
371	59	O	13.86	T	-		
371	60	O	13.86	T	-		
371	61	O	13.86	G	-		
371	62	O	13.86	G	-		
371	63	O	13.86	G	-		
371	64	O	13.86	T	-		
371	65	O	13.86	C	-		
371	66	O	13.86	A	-		
371	67	O	13.86	G	-		
371	68	O	13.86	C	-		
371	69	O	13.86	C	-		
371	70	O	13.86	A	-		
371	71	O	13.86	T	-		
371	72	O	13.86	T	-		
371	73	O	13.86	T	-		
371	74	O	13.86	T	-		
371	75	O	13.86	C	-		
371	76	O	13.86	G	-		
371	77	O	13.86	T	-		
371	78	O	13.86	T	-		
371	79	O	13.86	A	-		
371	80	O	13.86	T	-		
371	81	O	13.86	T	-		
371	82	O	13.86	A	-		
371	83	O	13.86	C	-		
371	84	O	13.86	T	-		
371	85	O	13.86	T	-		
371	86	O	13.86	T	-		
371	87	O	13.86	C	-		
371	88	O	13.86	C	-		
371	89	O	13.86	G	-		
371	90	O	13.86	A	-		
371	91	O	13.86	G	-		
371	92	O	13.86	T	-		
371	93	O	13.86	C	-		
371	94	O	13.86	C	-		
371	95	O	13.86	G	-		
371	96	O	13.86	A	-		
371	97	O	13.86	G	-		
371	98	O	13.86	G	-		
371	99	O	13.86	G	-		
371	100	O	13.86	T	-		
371	101	O	13.86	T	-		
371	102	O	13.86	T	-		
371	103	O	13.86	A	-		
371	104	O	13.86	G	-		
371	105	O	13.86	G	-		
371	106	O	13.86	A	-		
371	107	O	13.86	C	-		
371	108	U	0.00	-	-		
371	109	U	0.00	-	-		
371	110	O	13.86	T	-		
371	111	O	5.16	A	-		
372	0	O	5.55	G	-		
372	1	O	5.55	G	-		
372	2	O	5.55	G	-		
372	3	O	5.55	G	-		
372	4	O	5.55	G	-		
372	5	O	5.55	G	-		
372	6	O	5.55	C	-		
372	7	O	5.55	G	-		
372	8	O	5.55	G	-		
372	9	O	5.55	C	-		
372	10	O	5.55	G	-		
372	11	O	5.55	A	-		
372	12	O	5.55	G	-		
372	13	O	5.55	G	-		
372	14	O	5.55	G	-		
372	15	O	5.55	C	-		
372	16	O	5.55	G	-		
372	17	O	5.55	T	-		
372	18	O	5.55	C	-		
372	19	O	5.55	C	-		
372	20	O	5.55	G	-		
372	21	O	5.55	G	-		
372	22	O	5.55	A	-		
372	23	O	5.55	T	-		
372	24	O	5.55	T	-		
372	25	O	5.55	C	-		
372	26	O	5.55	T	-		
372	27	O	5.55	G	-		
372	28	O	5.55	G	-		
372	29	O	5.55	C	-		
372	30	O	5.55	G	-		
372	31	O	5.55	G	-		
372	32	O	5.55	A	-		
372	33	O	5.55	T	-		
372	34	O	5.55	A	-		
372	35	O	5.55	A	-		
372	36	O	5.55	C	-		
372	37	O	5.55	G	-		
372	38	O	5.55	A	-		
372	39	O	5.55	C	-		
372	40	O	5.55	G	-		
372	41	O	5.55	G	-		
372	42	O	5.55	T	-		
372	43	O	5.55	G	-		
372	44	O	5.55	C	-		
372	45	O	5.55	T	-		
372	46	O	5.55	G	-		
372	47	O	5.55	C	-		
372	48	O	5.55	T	-		
372	49	O	5.55	G	-		
372	50	O	5.55	A	-		
372	51	O	5.55	T	-		
372	52	O	5.55	G	-		
372	53	O	5.55	G	-		
372	54	O	5.55	C	-		
372	55	O	5.55	G	-		
372	56	O	5.55	A	-		
372	57	O	5.55	G	-		
372	58	O	5.55	T	-		
372	59	O	5.55	G	-		
372	60	O	5.55	C	-		
372	61	O	5.55	T	-		
372	62	O	5.55	G	-		
372	63	O	5.55	A	-		
372	64	O	5.55	T	-		
372	65	O	5.55	G	-		
372	66	O	5.55	C	-		
372	67	O	5.55	T	-		
372	68	O	5.55	G	-		
372	69	O	5.55	G	-		
372	70	O	5.55	T	-		
372	71	O	5.55	G	-		
372	72	O	5.55	G	-		
372	73	O	5.55	C	-		
372	74	O	5.55	G	-		
372	75	O	5.55	T	-		
372	76	O	5.55	T	-		
372	77	O	5.55	T	-		
372	78	O	5.55	G	-		
372	79	O	5.55	G	-		
372	80	O	5.55	T	-		
372	81	O	5.55	G	-		
372	82	O	5.55	C	-		
372	83	O	5.55	G	-		
372	84	O	5.55	A	-		
372	85	O	5.55	T	-		
372	86	O	5.55	T	-		
372	87	O	5.55	T	-		
372	88	O	5.55	G	-		
372	89	O	5.55	T	-		
372	90	O	5.55	T	-		
372	91	O	5.55	G	-		
372	92	O	5.55	A	-		
372	93	O	5.55	G	-		
372	94	O	5.55	G	-		
372	95	O	5.55	T	-		
372	96	O	5.55	G	-		
372	97	O	5.55	C	-		
372	98	O	5.55	G	-		
372	99	O	5.55	T	-		
372	100	O	5.55	A	-		
372	101	O	5.55	A	-		
372	102	O	5.55	T	-		
372	103	O	5.55	T	-		
372	104	O	5.55	A	-		
372	105	O	5.55	T	-		
372	106	O	5.55	T	-		
372	107	O	5.55	A	-		
372	108	O	5.55	G	-		
372	109	O	5.55	G	-		
373	0	O	5.55	T	-		
373	1	O	5.55	T	-		
373	2	O	5.55	T	-		
373	3	O	5.55	T	-		
373	4	O	5.55	T	-		
373	5	O	5.55	T	-		
373	6	O	5.55	C	-		
373	7	O	5.55	T	-		
373	8	O	5.55	T	-		
373	9	O	5.55	G	-		
373	10	O	5.55	T	-		
373	11	O	5.55	C	-		
373	12	O	5.55	T	-		
373	13	O	5.55	T	-		
373	14	O	5.55	T	-		
373	15	O	5.55	G	-		
373	16	O	5.55	A	-		
373	17	O	5.55	A	-		
373	18	O	5.55	G	-		
373	19	O	5.55	G	-		
373	20	O	5.55	A	-		
373	21	O	5.55	T	-		
373	22	O	5.55	T	-		
373	23	O	5.55	A	-		
373	24	O	5.55	T	-		
373	25	O	5.55	G	-		
373	26	O	5.55	C	-		
373	27	O	5.55	A	-		
373	28	O	5.55	A	-		
373	29	O	5.55	C	-		
373	30	O	5.55	C	-		
373	31	O	5.55	G	-		
373	32	O	5.55	A	-		
373	33	O	5.55	C	-		
373	34	O	5.55	G	-		
373	35	O	5.55	G	-		
373	36	O	5.55	C	-		
373	37	O	5.55	C	-		
373	38	O	5.55	T	-		
373	39	O	5.55	G	-		
373	40	O	5.55	A	-		
373	41	O	5.55	T	-		
373	42	O	5.55	T	-		
373	43	O	5.55	T	-		
373	44	O	5.55	C	-		
373	45	O	5.55	T	-		
373	46	O	5.55	T	-		
373	47	O	5.55	T	-		
373	48	O	5.55	T	-		
373	49	O	5.55	C	-		
373	50	O	5.55	A	-		
373	51	O	5.55	T	-		
373	52	O	5.55	T	-		
373	53	O	5.55	T	-		
373	54	O	5.55	G	-		
373	55	O	5.55	A	-		
373	56	O	5.55	T	-		
373	57	O	5.55	T	-		
373	58	O	5.55	T	-		
373	59	O	5.55	T	-		
373	60	O	5.55	A	-		
373	61	O	5.55	G	-		
373	62	O	5.55	G	-		
373	63	O	5.55	A	-		
373	64	O	5.55	G	-		
373	65	O	5.55	A	-		
373	66	O	5.55	T	-		
373	67	O	5.55	C	-		
373	68	O	5.55	T	-		
373	69	O	5.55	A	-		
373	70	O	5.55	A	-		
373	71	O	5.55	A	-		
373	72	O	5.55	T	-		
373	73	O	5.55	A	-		
373	74	O	5.55	C	-		
373	75	O	5.55	T	-		
373	76	O	5.55	G	-		
373	77	O	5.55	A	-		
373	78	O	5.55	A	-		
373	79	O	5.55	G	-		
373	80	O	5.55	G	-		
373	81	O	5.55	G	-		
373	82	O	5.55	T	-		
373	83	O	5.55	T	-		
373	84	O	5.55	A	-		
373	85	O	5.55	C	-		
373	86	O	5.55	T	-		
373	87	O	5.55	A	-		
373	88	O	5.55	A	-		
373	89	O	5.55	C	-		
373	90	O	5.55	T	-		
373	91	O	5.55	T	-		
373	92	O	5.55	A	-		
373	93	O	5.55	C	-		
373	94	O	5.55	T	-		
373	95	O	5.55	A	-		
373	96	O	5.55	T	-		
373	97	O	5.55	A	-		
373	98	O	5.55	C	-		
373	99	O	5.55	A	-		
373	100	O	5.55	T	-		
373	101	O	5.55	C	-		
373	102	O	5.55	G	-		
373	103	O	5.55	A	-		
373	104	O	5.55	G	-		
373	105	O	5.55	G	-		
373	106	O	5.55	C	-		
373	107	O	5.55	A	-		
373	108	O	5.55	C	-		
373	109	O	5.55	C	-		
374	0	O	8.32	C	-		
374	1	O	8.32	G	-		
374	2	O	8.32	G	-		
374	3	O	8.32	G	-		
374	4	O	8.32	A	-		
374	5	O	8.32	G	-		
374	6	O	8.32	A	-		
374	7	O	8.32	T	-		
374	8	O	8.32	C	-		
374	9	O	8.32	A	-		
374	10	O	8.32	T	-		
374	11	O	8.32	A	-		
374	12	U	-3.71	T	A		
374	13	O	8.32	T	-		
374	14	O	8.32	G	-		
374	15	O	8.32	C	-		
374	16	O	8.32	A	-		
374	17	O	8.32	C	-		
374	18	O	8.32	T	-		
374	19	O	8.32	G	-		
374	20	O	8.32	A	-		
374	21	O	8.32	C	-		
374	22	O	8.32	G	-		
374	23	O	8.32	A	-		
374	24	O	8.32	T	-		
374	25	O	8.32	T	-		
374	26	O	8.32	A	-		
374	27	O	8.32	T	-		
374	28	O	8.32	A	-		
374	29	O	8.32	C	-		
374	30	O	8.32	C	-		
374	31	O	8.32	T	-		
374	32	O	8.32	A	-		
374	33	O	8.32	C	-		
374	34	O	8.32	A	-		
374	35	O	8.32	C	-		
374	36	O	8.32	G	-		
374	37	O	8.32	C	-		
374	38	O	8.32	T	-		
374	39	O	8.32	C	-		
374	40	O	8.32	G	-		
374	41	O	8.32	T	-		
374	42	O	8.32	C	-		
374	43	O	8.32	G	-		
374	44	O	8.32	A	-		
374	45	O	8.32	T	-		
374	46	O	8.32	C	-		
374	47	O	8.32	T	-		
374	48	O	8.32	C	-		
374	49	O	8.32	C	-		
374	50	O	8.32	C	-		
374	51	O	8.32	G	-		
374	52	O	8.32	C	-		
374	53	O	8.32	C	-		
374	54	O	8.32	C	-		
374	55	O	8.32	A	-		
374	56	O	8.32	G	-		
374	57	O	8.32	G	-		
374	58	O	8.32	T	-		
374	59	O	8.32	C	-		
374	60	O	8.32	A	-		
374	61	O	8.32	G	-		
374	62	O	8.32	T	-		
374	63	O	8.32	G	-		
374	64	O	8.32	T	-		
374	65	O	8.32	C	-		
374	66	O	8.32	C	-		
374	67	O	8.32	T	-		
374	68	O	8.32	G	-		
374	69	O	8.32	T	-		
374	70	O	8.32	G	-		
374	71	O	8.32	C	-		
374	72	O	8.32	G	-		
374	73	O	8.32	A	-		
374	74	O	8.32	G	-		
374	75	O	8.32	C	-		
374	76	O	8.32	T	-		
374	77	O	8.32	A	-		
374	78	O	8.32	T	-		
374	79	O	8.32	C	-		
374	80	O	8.32	T	-		
374	81	O	8.32	C	-		
374	82	O	8.32	A	-		
374	83	O	8.32	A	-		
374	84	O	8.32	G	-		
374	85	O	8.32	G	-		
374	86	O	8.32	G	-		
374	87	O	8.32	C	-		
374	88	O	8.32	A	-		
374	89	O	8.32	A	-		
374	90	O	8.32	C	-		
374	91	O	8.32	T	-		
374	92	O	8.32	G	-		
374	93	O	8.32	G	-		
374	94	O	8.32	G	-		
374	95	O	8.32	C	-		
374	96	O	8.32	T	-		
374	97	O	8.32	G	-		
374	98	O	8.32	G	-		
374	99	O	8.32	T	-		
374	100	O	8.32	A	-		
374	101	O	8.32	A	-		
374	102	O	8.32	T	-		
374	103	O	8.32	T	-		
374	104	O	8.32	G	-		
374	105	O	8.32	C	-		
374	106	O	8.32	G	-		
374	107	O	8.32	C	-		
374	108	O	8.32	G	-		
374	109	O	8.32	C	-		
375	0	O	12.48	T	-		
375	1	O	12.48	A	-		
375	2	O	12.48	C	-		
375	3	O	12.48	T	-		
375	4	O	12.48	C	-		
375	5	O	12.48	G	-		
375	6	O	12.48	T	-		
375	7	O	12.48	A	-		
375	8	O	12.48	G	-		
375	9	O	12.48	T	-		
375	10	O	12.48	G	-		
375	11	O	12.48	G	-		
375	12	O	12.48	T	-		
375	13	O	12.48	G	-		
375	14	O	12.48	G	-		
375	15	O	12.48	T	-		
375	16	O	12.48	G	-		
375	17	O	12.48	A	-		
375	18	O	12.48	A	-		
375	19	O	12.48	C	-		
375	20	O	12.48	G	-		
375	21	O	12.48	T	-		
375	22	O	12.48	G	-		
375	23	O	12.48	A	-		
375	24	O	12.48	C	-		
375	25	O	12.48	C	-		
375	26	O	12.48	G	-		
375	27	O	12.48	T	-		
375	28	O	12.48	G	-		
375	29	O	12.48	A	-		
375	30	O	12.48	A	-		
375	31	O	12.48	C	-		
375	32	O	12.48	G	-		
375	33	O	12.48	T	-		
375	34	O	12.48	G	-		
375	35	O	12.48	A	-		
375	36	O	12.48	C	-		
375	37	O	12.48	C	-		
375	38	O	12.48	T	-		
375	39	O	12.48	G	-		
375	40	O	12.48	G	-		
375	41	O	12.48	G	-		
375	42	O	12.48	T	-		
375	43	O	12.48	T	-		
375	44	O	12.48	C	-		
375	45	O	12.48	T	-		
375	46	O	12.48	A	-		
375	47	O	12.48	G	-		
375	48	O	12.48	G	-		
375	49	O	12.48	T	-		
375	50	O	12.48	G	-		
375	51	O	12.48	G	-		
375	52	O	12.48	A	-		
375	53	O	12.48	T	-		
375	54	O	12.48	T	-		
375	55	O	12.48	G	-		
375	56	O	12.48	A	-		
375	57	O	12.48	A	-		
375	58	O	12.48	C	-		
375	59	O	12.48	T	-		
375	60	O	12.48	G	-		
375	61	O	12.48	G	-		
375	62	O	12.48	A	-		
375	63	O	12.48	T	-		
375	64	O	12.48	T	-		
375	65	O	12.48	G	-		
375	66	O	12.48	A	-		
375	67	O	12.48	A	-		
375	68	O	12.48	C	-		
375	69	O	12.48	G	-		
375	70	O	12.48	C	-		
375	71	O	12.48	G	-		
375	72	O	12.48	G	-		
375	73	O	12.48	T	-		
375	74	O	12.48	G	-		
375	75	O	12.48	G	-		
375	76	O	12.48	A	-		
375	77	O	12.48	G	-		
375	78	O	12.48	A	-		
375	79	O	12.48	T	-		
375	80	O	12.48	G	-		
375	81	O	12.48	G	-		
375	82	O	12.48	G	-		
375	83	O	12.48	G	-		
375	84	O	12.48	G	-		
375	85	O	12.48	A	-		
375	86	O	12.48	A	-		
375	87	O	12.48	A	-		
375	88	O	12.48	G	-		
375	89	O	12.48	G	-		
375	90	O	12.48	A	-		
375	91	O	12.48	G	-		
375	92	O	12.48	G	-		
375	93	O	12.48	C	-		
375	94	O	12.48	A	-		
375	95	O	12.48	C	-		
375	96	O	12.48	C	-		
375	97	O	12.48	G	-		
375	98	O	12.48	G	-		
375	99	O	12.48	A	-		
375	100	O	12.48	T	-		
375	101	O	12.48	C	-		
375	102	O	12.48	T	-		
375	103	O	12.48	A	-		
375	104	O	12.48	G	-		
375	105	O	12.48	C	-		
375	106	O	12.48	C	-		
375	107	O	12.48	G	-		
375	108	O	12.48	A	-		
375	109	O	12.48	T	-		
376	0	O	12.48	G	-		
376	1	O	12.48	G	-		
376	2	O	12.48	C	-		
376	3	O	12.48	G	-		
376	4	O	12.48	T	-		
376	5	O	12.48	C	-		
376	6	O	12.48	C	-		
376	7	O	12.48	G	-		
376	8	O	12.48	C	-		
376	9	O	12.48	G	-		
376	10	O	12.48	G	-		
376	11	O	12.48	C	-		
376	12	O	12.48	G	-		
376	13	O	12.48	G	-		
376	14	O	12.48	C	-		
376	15	O	12.48	G	-		
376	16	O	12.48	C	-		
376	17	O	12.48	A	-		
376	18	O	12.48	A	-		
376	19	O	12.48	A	-		
376	20	O	12.48	G	-		
376	21	O	12.48	C	-		
376	22	O	12.48	T	-		
376	23	O	12.48	C	-		
376	24	O	12.48	A	-		
376	25	O	12.48	G	-		
376	26	O	12.48	C	-		
376	27	O	12.48	A	-		
376	28	O	12.48	T	-		
376	29	O	12.48	G	-		
376	30	O	12.48	C	-		
376	31	O	12.48	A	-		
376	32	O	12.48	A	-		
376	33	O	12.48	A	-		
376	34	O	12.48	A	-		
376	35	O	12.48	C	-		
376	36	O	12.48	A	-		
376	37	O	12.48	G	-		
376	38	O	12.48	T	-		
376	39	O	12.48	G	-		
376	40	O	12.48	C	-		
376	41	O	12.48	A	-		
376	42	O	12.48	G	-		
376	43	O	12.48	C	-		
376	44	O	12.48	A	-		
376	45	O	12.48	A	-		
376	46	O	12.48	C	-		
376	47	O	12.48	T	-		
376	48	O	12.48	C	-		
376	49	O	12.48	C	-		
376	50	O	12.48	G	-		
376	51	O	12.48	C	-		
376	52	O	12.48	G	-		
376	53	O	12.48	C	-		
376	54	O	12.48	A	-		
376	55	O	12.48	G	-		
376	56	O	12.48	C	-		
376	57	O	12.48	T	-		
376	58	O	12.48	C	-		
376	59	O	12.48	C	-		
376	60	O	12.48	G	-		
376	61	O	12.48	G	-		
376	62	O	12.48	C	-		
376	63	O	12.48	C	-		
376	64	O	12.48	A	-		
376	65	O	12.48	A	-		
376	66	O	12.48	A	-		
376	67	O	12.48	C	-		
376	68	O	12.48	A	-		
376	69	O	12.48	G	-		
376	70	O	12.48	A	-		
376	71	O	12.48	T	-		
376	72	O	12.48	G	-		
376	73	O	12.48	G	-		
376	74	O	12.48	A	-		
376	75	O	12.48	T	-		
376	76	O	12.48	A	-		
376	77	O	12.48	G	-		
376	78	O	12.48	A	-		
376	79	O	12.48	C	-		
376	80	O	12.48	G	-		
376	81	O	12.48	A	-		
376	82	O	12.48	G	-		
376	83	O	12.48	C	-		
376	84	O	12.48	T	-		
376	85	O	12.48	T	-		
376	86	O	12.48	C	-		
376	87	O	12.48	A	-		
376	88	O	12.48	T	-		
376	89	O	12.48	G	-		
376	90	O	12.48	C	-		
376	91	O	12.48	G	-		
376	92	O	12.48	C	-		
376	93	O	12.48	G	-		
376	94	O	12.48	C	-		
376	95	O	12.48	T	-		
376	96	O	12.48	C	-		
376	97	O	12.48	A	-		
376	98	O	12.48	C	-		
376	99	O	12.48	C	-		
376	100	O	12.48	T	-		
376	101	O	12.48	G	-		
376	102	O	12.48	G	-		
376	103	O	12.48	C	-		
376	104	O	12.48	C	-		
376	105	O	12.48	G	-		
376	106	O	12.48	C	-		
376	107	O	12.48	T	-		
376	108	O	12.48	G	-		
376	109	O	12.48	G	-		
377	0	O	9.70	T	-		
377	1	O	9.70	C	-		
377	2	O	9.70	G	-		
377	3	O	9.70	G	-		
377	4	O	9.70	C	-		
377	5	O	9.70	G	-		
377	6	O	9.70	T	-		
377	7	O	9.70	C	-		
377	8	O	9.70	A	-		
377	9	O	9.70	G	-		
377	10	O	9.70	G	-		
377	11	O	9.70	C	-		
377	12	O	9.70	T	-		
377	13	O	9.70	C	-		
377	14	O	9.70	G	-		
377	15	O	9.70	C	-		
377	16	O	9.70	G	-		
377	17	O	9.70	C	-		
377	18	O	9.70	G	-		
377	19	O	9.70	C	-		
377	20	O	9.70	G	-		
377	21	O	9.70	T	-		
377	22	O	9.70	A	-		
377	23	O	9.70	G	-		
377	24	O	9.70	A	-		
377	25	O	9.70	A	-		
377	26	O	9.70	G	-		
377	27	O	9.70	T	-		
377	28	O	9.70	C	-		
377	29	O	9.70	G	-		
377	30	O	9.70	C	-		
377	31	O	9.70	T	-		
377	32	O	9.70	A	-		
377	33	O	9.70	T	-		
377	34	O	9.70	A	-		
377	35	O	9.70	G	-		
377	36	O	9.70	T	-		
377	37	O	9.70	G	-		
377	38	O	9.70	A	-		
377	39	O	9.70	C	-		
377	40	O	9.70	C	-		
377	41	O	9.70	C	-		
377	42	U	1.77	G	A		
377	43	O	9.70	A	-		
377	44	O	9.70	A	-		
377	45	O	9.70	A	-		
377	46	O	9.70	G	-		
377	47	O	9.70	C	-		
377	48	O	9.70	T	-		
377	49	O	9.70	C	-		
377	50	O	9.70	G	-		
377	51	O	9.70	C	-		
377	52	O	9.70	T	-		
377	53	O	9.70	A	-		
377	54	O	9.70	G	-		
377	55	O	9.70	G	-		
377	56	O	9.70	C	-		
377	57	O	9.70	T	-		
377	58	O	9.70	G	-		
377	59	O	9.70	T	-		
377	60	O	9.70	C	-		
377	61	O	9.70	T	-		
377	62	O	9.70	G	-		
377	63	O	9.70	C	-		
377	64	O	9.70	C	-		
377	65	O	9.70	G	-		
377	66	O	9.70	G	-		
377	67	O	9.70	C	-		
377	68	O	9.70	A	-		
377	69	O	9.70	G	-		
377	70	O	9.70	C	-		
377	71	O	9.70	G	-		
377	72	O	9.70	C	-		
377	73	O	9.70	T	-		
377	74	O	9.70	G	-		
377	75	O	9.70	C	-		
377	76	O	9.70	T	-		
377	77	O	9.70	C	-		
377	78	O	9.70	A	-		
377	79	O	9.70	C	-		
377	80	O	9.70	G	-		
377	81	O	9.70	G	-		
377	82	O	9.70	G	-		
377	83	O	9.70	G	-		
377	84	O	9.70	C	-		
377	85	O	9.70	T	-		
377	86	O	9.70	G	-		
377	87	O	9.70	T	-		
377	88	O	9.70	A	-		
377	89	O	9.70	G	-		
377	90	O	9.70	G	-		
377	91	O	9.70	T	-		
377	92	O	9.70	G	-		
377	93	O	9.70	T	-		
377	94	O	9.70	A	-		
377	95	O	9.70	G	-		
377	96	O	9.70	T	-		
377	97	O	9.70	A	-		
377	98	O	9.70	G	-		
377	99	O	9.70	A	-		
377	100	O	9.70	G	-		
377	101	O	9.70	C	-		
377	102	O	9.70	T	-		
377	103	O	9.70	G	-		
377	104	O	9.70	C	-		
377	105	O	9.70	G	-		
377	106	O	9.70	G	-		
377	107	O	9.70	C	-		
377	108	O	9.70	T	-		
377	109	O	9.70	G	-		
378	0	O	9.70	T	-		
378	1	O	9.70	G	-		
378	2	O	9.70	C	-		
378	3	O	9.70	C	-		
378	4	O	9.70	G	-		
378	5	O	9.70	A	-		
378	6	O	9.70	G	-		
378	7	O	9.70	G	-		
378	8	O	9.70	A	-		
378	9	O	9.70	G	-		
378	10	O	9.70	A	-		
378	11	O	9.70	G	-		
378	12	O	9.70	C	-		
378	13	O	9.70	A	-		
378	14	O	9.70	G	-		
378	15	O	9.70	G	-		
378	16	O	9.70	A	-		
378	17	O	9.70	C	-		
378	18	O	9.70	T	-		
378	19	O	9.70	G	-		
378	20	O	9.70	C	-		
378	21	O	9.70	A	-		
378	22	O	9.70	G	-		
378	23	O	9.70	A	-		
378	24	O	9.70	G	-		
378	25	O	9.70	A	-		
378	26	O	9.70	G	-		
378	27	O	9.70	A	-		
378	28	O	9.70	C	-		
378	29	O	9.70	A	-		
378	30	O	9.70	G	-		
378	31	O	9.70	G	-		
378	32	O	9.70	C	-		
378	33	O	9.70	C	-		
378	34	O	9.70	A	-		
378	35	O	9.70	G	-		
378	36	O	9.70	C	-		
378	37	O	9.70	A	-		
378	38	O	9.70	T	-		
378	39	O	9.70	T	-		
378	40	O	9.70	T	-		
378	41	O	9.70	G	-		
378	42	O	9.70	C	-		
378	43	O	9.70	A	-		
378	44	O	9.70	C	-		
378	45	O	9.70	A	-		
378	46	O	9.70	T	-		
378	47	O	9.70	C	-		
378	48	O	9.70	T	-		
378	49	O	9.70	G	-		
378	50	O	9.70	C	-		
378	51	O	9.70	T	-		
378	52	O	9.70	C	-		
378	53	O	9.70	G	-		
378	54	O	9.70	G	-		
378	55	O	9.70	A	-		
378	56	O	9.70	G	-		
378	57	O	9.70	C	-		
378	58	O	9.70	T	-		
378	59	O	9.70	C	-		
378	60	O	9.70	A	-		
378	61	O	9.70	G	-		
378	62	O	9.70	T	-		
378	63	O	9.70	C	-		
378	64	O	9.70	C	-		
378	65	O	9.70	A	-		
378	66	O	9.70	G	-		
378	67	O	9.70	A	-		
378	68	O	9.70	C	-		
378	69	O	9.70	G	-		
378	70	O	9.70	A	-		
378	71	O	9.70	A	-		
378	72	O	9.70	C	-		
378	73	O	9.70	A	-		
378	74	O	9.70	T	-		
378	75	O	9.70	T	-		
378	76	O	9.70	C	-		
378	77	O	9.70	G	-		
378	78	O	9.70	C	-		
378	79	O	9.70	T	-		
378	80	O	9.70	C	-		
378	81	O	9.70	C	-		
378	82	O	9.70	A	-		
378	83	O	9.70	C	-		
378	84	O	9.70	T	-		
378	85	O	9.70	A	-		
378	86	O	9.70	G	-		
378	87	O	9.70	C	-		
378	88	O	9.70	C	-		
378	89	O	9.70	A	-		
378	90	O	9.70	C	-		
378	91	O	9.70	T	-		
378	92	O	9.70	T	-		
378	93	O	9.70	T	-		
378	94	O	9.70	G	-		
378	95	O	9.70	C	-		
378	96	O	9.70	A	-		
378	97	O	9.70	C	-		
378	98	O	9.70	C	-		
378	99	O	9.70	T	-		
378	100	O	9.70	G	-		
378	101	O	9.70	C	-		
378	102	O	9.70	T	-		
378	103	O	9.70	T	-		
378	104	O	9.70	T	-		
378	105	O	9.70	G	-		
378	106	O	9.70	G	-		
378	107	O	9.70	A	-		
378	108	O	9.70	T	-		
378	109	O	9.70	T	-		
379	0	O	18.02	A	-		
379	1	O	18.02	T	-		
379	2	O	18.02	C	-		
379	3	O	18.02	T	-		
379	4	O	18.02	G	-		
379	5	O	18.02	T	-		
379	6	O	18.02	T	-		
379	7	O	18.02	C	-		
379	8	O	18.02	G	-		
379	9	O	18.02	T	-		
379	10	O	18.02	C	-		
379	11	O	18.02	G	-		
379	12	O	18.02	A	-		
379	13	O	18.02	C	-		
379	14	O	18.02	G	-		
379	15	O	18.02	A	-		
379	16	O	18.02	A	-		
379	17	O	18.02	T	-		
379	18	O	18.02	C	-		
379	19	O	18.02	G	-		
379	20	O	18.02	G	-		
379	21	O	18.02	T	-		
379	22	O	18.02	C	-		
379	23	O	18.02	C	-		
379	24	O	18.02	G	-		
379	25	O	18.02	C	-		
379	26	O	18.02	G	-		
379	27	O	18.02	G	-		
379	28	O	18.02	G	-		
379	29	O	18.02	A	-		
379	30	O	18.02	A	-		
379	31	O	18.02	G	-		
379	32	O	18.02	G	-		
379	33	O	18.02	G	-		
379	34	O	18.02	C	-		
379	35	O	18.02	G	-		
379	36	O	18.02	C	-		
379	37	O	18.02	C	-		
379	38	O	18.02	G	-		
379	39	O	18.02	G	-		
379	40	O	18.02	T	-		
379	41	O	18.02	C	-		
379	42	O	18.02	G	-		
379	43	O	18.02	C	-		
379	44	O	18.02	G	-		
379	45	O	18.02	T	-		
379	46	O	18.02	G	-		
379	47	O	18.02	C	-		
379	48	O	18.02	T	-		
379	49	O	18.02	G	-		
379	50	O	18.02	A	-		
379	51	O	18.02	T	-		
379	52	O	18.02	C	-		
379	53	O	18.02	G	-		
379	54	O	18.02	A	-		
379	55	O	18.02	G	-		
379	56	O	18.02	C	-		
379	57	O	18.02	A	-		
379	58	O	18.02	C	-		
379	59	O	18.02	G	-		
379	60	O	18.02	T	-		
379	61	O	18.02	G	-		
379	62	O	18.02	T	-		
379	63	O	18.02	A	-		
379	64	O	18.02	C	-		
379	65	O	18.02	G	-		
379	66	O	18.02	C	-		
379	67	O	18.02	C	-		
379	68	O	18.02	G	-		
379	69	O	18.02	T	-		
379	70	O	18.02	C	-		
379	71	O	18.02	G	-		
379	72	O	18.02	C	-		
379	73	O	18.02	C	-		
379	74	O	18.02	A	-		
379	75	O	18.02	A	-		
379	76	O	18.02	G	-		
379	77	O	18.02	G	-		
379	78	O	18.02	C	-		
379	79	O	18.02	G	-		
379	80	O	18.02	A	-		
379	81	O	18.02	T	-		
379	82	O	18.02	G	-		
379	83	O	18.02	G	-		
379	84	O	18.02	G	-		
379	85	O	18.02	C	-		
379	86	O	18.02	T	-		
379	87	O	18.02	G	-		
379	88	O	18.02	C	-		
379	89	O	18.02	T	-		
379	90	O	18.02	C	-		
379	91	O	18.02	G	-		
379	92	O	18.02	C	-		
379	93	O	18.02	G	-		
379	94	O	18.02	C	-		
379	95	O	18.02	G	-		
379	96	O	18.02	T	-		
379	97	O	18.02	G	-		
379	98	O	18.02	C	-		
379	99	O	18.02	A	-		
379	100	O	18.02	C	-		
379	101	O	18.02	T	-		
379	102	O	18.02	G	-		
379	103	O	18.02	G	-		
379	104	O	18.02	C	-		
379	105	O	18.02	T	-		
379	106	O	18.02	C	-		
379	107	O	18.02	A	-		
379	108	O	18.02	C	-		
379	109	O	18.02	G	-		
380	0	O	9.70	C	-		
380	1	O	9.70	T	-		
380	2	O	9.70	A	-		
380	3	O	9.70	A	-		
380	4	O	9.70	G	-		
380	5	O	9.70	T	-		
380	6	O	9.70	C	-		
380	7	O	9.70	G	-		
380	8	O	9.70	C	-		
380	9	O	9.70	G	-		
380	10	O	9.70	C	-		
380	11	O	9.70	C	-		
380	12	O	9.70	G	-		
380	13	O	9.70	A	-		
380	14	O	9.70	T	-		
380	15	O	9.70	C	-		
380	16	O	9.70	G	-		
380	17	O	9.70	G	-		
380	18	O	9.70	C	-		
380	19	O	9.70	G	-		
380	20	O	9.70	G	-		
380	21	O	9.70	C	-		
380	22	O	9.70	C	-		
380	23	O	9.70	A	-		
380	24	O	9.70	G	-		
380	25	O	9.70	C	-		
380	26	O	9.70	G	-		
380	27	O	9.70	C	-		
380	28	O	9.70	G	-		
380	29	O	9.70	G	-		
380	30	O	9.70	G	-		
380	31	O	9.70	C	-		
380	32	O	9.70	A	-		
380	33	O	9.70	A	-		
380	34	O	9.70	G	-		
380	35	O	9.70	C	-		
380	36	O	9.70	T	-		
380	37	O	9.70	G	-		
380	38	O	9.70	G	-		
380	39	O	9.70	C	-		
380	40	O	9.70	G	-		
380	41	O	9.70	C	-		
380	42	O	9.70	C	-		
380	43	O	9.70	G	-		
380	44	O	9.70	G	-		
380	45	O	9.70	A	-		
380	46	O	9.70	T	-		
380	47	O	9.70	C	-		
380	48	O	9.70	G	-		
380	49	O	9.70	A	-		
380	50	O	9.70	A	-		
380	51	O	9.70	A	-		
380	52	O	9.70	T	-		
380	53	O	9.70	T	-		
380	54	O	9.70	C	-		
380	55	O	9.70	G	-		
380	56	O	9.70	A	-		
380	57	O	9.70	T	-		
380	58	O	9.70	T	-		
380	59	O	9.70	A	-		
380	60	O	9.70	G	-		
380	61	O	9.70	A	-		
380	62	O	9.70	T	-		
380	63	O	9.70	G	-		
380	64	O	9.70	A	-		
380	65	O	9.70	G	-		
380	66	O	9.70	C	-		
380	67	O	9.70	C	-		
380	68	O	9.70	C	-		
380	69	O	9.70	G	-		
380	70	O	9.70	C	-		
380	71	O	9.70	G	-		
380	72	O	9.70	G	-		
380	73	O	9.70	A	-		
380	74	O	9.70	G	-		
380	75	O	9.70	T	-		
380	76	O	9.70	G	-		
380	77	O	9.70	G	-		
380	78	O	9.70	C	-		
380	79	O	9.70	C	-		
380	80	O	9.70	G	-		
380	81	O	9.70	G	-		
380	82	O	9.70	C	-		
380	83	O	9.70	C	-		
380	84	O	9.70	G	-		
380	85	O	9.70	G	-		
380	86	O	9.70	C	-		
380	87	O	9.70	G	-		
380	88	O	9.70	G	-		
380	89	O	9.70	G	-		
380	90	O	9.70	C	-		
380	91	O	9.70	T	-		
380	92	O	9.70	G	-		
380	93	O	9.70	G	-		
380	94	O	9.70	A	-		
380	95	O	9.70	T	-		
380	96	O	9.70	C	-		
380	97	O	9.70	A	-		
380	98	O	9.70	T	-		
380	99	O	9.70	A	-		
380	100	O	9.70	T	-		
380	101	O	9.70	G	-		
380	102	O	9.70	C	-		
380	103	O	9.70	G	-		
380	104	O	9.70	C	-		
380	105	O	9.70	G	-		
380	106	O	9.70	C	-		
380	107	O	9.70	G	-		
380	108	O	9.70	C	-		
380	109	O	9.70	A	-		
381	0	O	8.32	C	-		
381	1	O	8.32	G	-		
381	2	O	8.32	C	-		
381	3	O	8.32	T	-		
381	4	O	8.32	A	-		
381	5	O	8.32	C	-		
381	6	O	8.32	A	-		
381	7	O	8.32	C	-		
381	8	O	8.32	A	-		
381	9	O	8.32	A	-		
381	10	O	8.32	A	-		
381	11	O	8.32	A	-		
381	12	O	8.32	T	-		
381	13	O	8.32	G	-		
381	14	O	8.32	C	-		
381	15	O	8.32	A	-		
381	16	O	8.32	G	-		
381	17	O	8.32	A	-		
381	18	O	8.32	A	-		
381	19	O	8.32	A	-		
381	20	O	8.32	T	-		
381	21	O	8.32	C	-		
381	22	O	8.32	C	-		
381	23	O	8.32	A	-		
381	24	O	8.32	A	-		
381	25	O	8.32	T	-		
381	26	O	8.32	A	-		
381	27	O	8.32	T	-		
381	28	O	8.32	A	-		
381	29	O	8.32	A	-		
381	30	O	8.32	A	-		
381	31	O	8.32	A	-		
381	32	O	8.32	C	-		
381	33	O	8.32	A	-		
381	34	O	8.32	T	-		
381	35	O	8.32	G	-		
381	36	O	8.32	C	-		
381	37	O	8.32	C	-		
381	38	O	8.32	T	-		
381	39	O	8.32	T	-		
381	40	O	8.32	A	-		
381	41	O	8.32	C	-		
381	42	O	8.32	C	-		
381	43	O	8.32	T	-		
381	44	O	8.32	T	-		
381	45	O	8.32	T	-		
381	46	O	8.32	G	-		
381	47	O	8.32	A	-		
381	48	O	8.32	C	-		
381	49	O	8.32	G	-		
381	50	O	8.32	A	-		
381	51	O	8.32	G	-		
381	52	O	8.32	C	-		
381	53	O	8.32	T	-		
381	54	O	8.32	T	-		
381	55	O	8.32	C	-		
381	56	O	8.32	T	-		
381	57	O	8.32	T	-		
381	58	O	8.32	T	-		
381	59	O	8.32	T	-		
381	60	O	8.32	G	-		
381	61	O	8.32	T	-		
381	62	O	8.32	T	-		
381	63	O	8.32	G	-		
381	64	O	8.32	G	-		
381	65	O	8.32	C	-		
381	66	O	8.32	A	-		
381	67	O	8.32	C	-		
381	68	O	8.32	T	-		
381	69	O	8.32	C	-		
381	70	O	8.32	A	-		
381	71	O	8.32	A	-		
381	72	O	8.32	A	-		
381	73	O	8.32	T	-		
381	74	O	8.32	A	-		
381	75	O	8.32	T	-		
381	76	O	8.32	G	-		
381	77	O	8.32	T	-		
381	78	O	8.32	C	-		
381	79	O	8.32	C	-		
381	80	O	8.32	C	-		
381	81	O	8.32	A	-		
381	82	O	8.32	T	-		
381	83	O	8.32	A	-		
381	84	O	8.32	A	-		
381	85	O	8.32	A	-		
381	86	O	8.32	C	-		
381	87	O	8.32	A	-		
381	88	O	8.32	T	-		
381	89	O	8.32	C	-		
381	90	O	8.32	A	-		
381	91	O	8.32	C	-		
381	92	O	8.32	A	-		
381	93	O	8.32	A	-		
381	94	O	8.32	T	-		
381	95	O	8.32	T	-		
381	96	O	8.32	G	-		
381	97	O	8.32	G	-		
381	98	O	8.32	T	-		
381	99	O	8.32	C	-		
381	100	O	8.32	C	-		
381	101	O	8.32	T	-		
381	102	O	8.32	T	-		
381	103	O	8.32	T	-		
381	104	O	8.32	T	-		
381	105	O	8.32	G	-		
381	106	O	8.32	T	-		
381	107	O	8.32	T	-		
381	108	O	8.32	C	-		
381	109	O	8.32	G	-		
382	0	O	5.55	T	-		
382	1	O	5.55	G	-		
382	2	O	5.55	A	-		
382	3	O	5.55	A	-		
382	4	O	5.55	G	-		
382	5	O	5.55	C	-		
382	6	O	5.55	T	-		
382	7	O	5.55	G	-		
382	8	O	5.55	C	-		
382	9	O	5.55	A	-		
382	10	O	5.55	A	-		
382	11	O	5.55	C	-		
382	12	O	5.55	C	-		
382	13	O	5.55	A	-		
382	14	O	5.55	G	-		
382	15	O	5.55	T	-		
382	16	O	5.55	T	-		
382	17	O	5.55	G	-		
382	18	O	5.55	C	-		
382	19	O	5.55	C	-		
382	20	O	5.55	T	-		
382	21	O	5.55	C	-		
382	22	O	5.55	A	-		
382	23	O	5.55	G	-		
382	24	O	5.55	A	-		
382	25	O	5.55	T	-		
382	26	O	5.55	A	-		
382	27	O	5.55	T	-		
382	28	O	5.55	T	-		
382	29	O	5.55	G	-		
382	30	O	5.55	C	-		
382	31	O	5.55	T	-		
382	32	O	5.55	C	-		
382	33	O	5.55	T	-		
382	34	O	5.55	G	-		
382	35	O	5.55	A	-		
382	36	O	5.55	T	-		
382	37	O	5.55	T	-		
382	38	O	5.55	C	-		
382	39	O	5.55	T	-		
382	40	O	5.55	G	-		
382	41	O	5.55	C	-		
382	42	O	5.55	T	-		
382	43	O	5.55	T	-		
382	44	O	5.55	G	-		
382	45	O	5.55	A	-		
382	46	O	5.55	T	-		
382	47	O	5.55	C	-		
382	48	O	5.55	A	-		
382	49	O	5.55	T	-		
382	50	O	5.55	C	-		
382	51	O	5.55	A	-		
382	52	O	5.55	C	-		
382	53	O	5.55	C	-		
382	54	O	5.55	G	-		
382	55	O	5.55	C	-		
382	56	O	5.55	T	-		
382	57	O	5.55	G	-		
382	58	O	5.55	C	-		
382	59	O	5.55	C	-		
382	60	O	5.55	T	-		
382	61	O	5.55	T	-		
382	62	O	5.55	G	-		
382	63	O	5.55	C	-		
382	64	O	5.55	T	-		
382	65	O	5.55	T	-		
382	66	O	5.55	C	-		
382	67	O	5.55	C	-		
382	68	O	5.55	C	-		
382	69	O	5.55	T	-		
382	70	O	5.55	T	-		
382	71	O	5.55	C	-		
382	72	O	5.55	G	-		
382	73	O	5.55	A	-		
382	74	O	5.55	T	-		
382	75	O	5.55	T	-		
382	76	O	5.55	C	-		
382	77	O	5.55	G	-		
382	78	O	5.55	C	-		
382	79	O	5.55	C	-		
382	80	O	5.55	T	-		
382	81	O	5.55	G	-		
382	82	O	5.55	C	-		
382	83	O	5.55	C	-		
382	84	O	5.55	T	-		
382	85	O	5.55	G	-		
382	86	O	5.55	C	-		
382	87	O	5.55	G	-		
382	88	O	5.55	A	-		
382	89	O	5.55	T	-		
382	90	O	5.55	T	-		
382	91	O	5.55	T	-		
382	92	O	5.55	T	-		
382	93	O	5.55	C	-		
382	94	O	5.55	T	-		
382	95	O	5.55	T	-		
382	96	O	5.55	C	-		
382	97	O	5.55	A	-		
382	98	O	5.55	A	-		
382	99	O	5.55	G	-		
382	100	O	5.55	A	-		
382	101	O	5.55	A	-		
382	102	O	5.55	G	-		
382	103	O	5.55	C	-		
382	104	O	5.55	C	-		
382	105	O	5.55	C	-		
382	106	O	5.55	A	-		
382	107	O	5.55	A	-		
382	108	O	5.55	G	-		
382	109	O	5.55	A	-		
383	0	O	8.32	T	-		
383	1	O	8.32	C	-		
383	2	O	8.32	A	-		
383	3	O	8.32	T	-		
383	4	O	8.32	G	-		
383	5	O	8.32	T	-		
383	6	O	8.32	C	-		
383	7	O	8.32	C	-		
383	8	O	8.32	A	-		
383	9	O	8.32	A	-		
383	10	O	8.32	C	-		
383	11	O	8.32	A	-		
383	12	O	8.32	T	-		
383	13	O	8.32	A	-		
383	14	O	8.32	C	-		
383	15	O	8.32	A	-		
383	16	O	8.32	T	-		
383	17	O	8.32	C	-		
383	18	O	8.32	T	-		
383	19	O	8.32	C	-		
383	20	O	8.32	T	-		
383	21	O	8.32	T	-		
383	22	O	8.32	T	-		
383	23	O	8.32	T	-		
383	24	O	8.32	C	-		
383	25	O	8.32	C	-		
383	26	O	8.32	T	-		
383	27	O	8.32	G	-		
383	28	O	8.32	C	-		
383	29	O	8.32	C	-		
383	30	O	8.32	C	-		
383	31	O	8.32	A	-		
383	32	O	8.32	T	-		
383	33	O	8.32	C	-		
383	34	O	8.32	A	-		
383	35	O	8.32	T	-		
383	36	O	8.32	T	-		
383	37	O	8.32	G	-		
383	38	O	8.32	T	-		
383	39	O	8.32	T	-		
383	40	O	8.32	T	-		
383	41	O	8.32	T	-		
383	42	O	8.32	A	-		
383	43	O	8.32	G	-		
383	44	O	8.32	C	-		
383	45	O	8.32	T	-		
383	46	O	8.32	G	-		
383	47	O	8.32	A	-		
383	48	O	8.32	C	-		
383	49	O	8.32	A	-		
383	50	O	8.32	G	-		
383	51	O	8.32	C	-		
383	52	O	8.32	C	-		
383	53	O	8.32	T	-		
383	54	O	8.32	G	-		
383	55	O	8.32	A	-		
383	56	O	8.32	T	-		
383	57	O	8.32	A	-		
383	58	O	8.32	C	-		
383	59	O	8.32	T	-		
383	60	O	8.32	T	-		
383	61	O	8.32	G	-		
383	62	O	8.32	T	-		
383	63	O	8.32	T	-		
383	64	O	8.32	C	-		
383	65	O	8.32	A	-		
383	66	O	8.32	T	-		
383	67	O	8.32	T	-		
383	68	O	8.32	T	-		
383	69	O	8.32	A	-		
383	70	O	8.32	T	-		
383	71	O	8.32	A	-		
383	72	O	8.32	C	-		
383	73	O	8.32	T	-		
383	74	O	8.32	G	-		
383	75	O	8.32	C	-		
383	76	O	8.32	A	-		
383	77	O	8.32	A	-		
383	78	O	8.32	T	-		
383	79	O	8.32	A	-		
383	80	O	8.32	T	-		
383	81	O	8.32	C	-		
383	82	O	8.32	T	-		
383	83	O	8.32	T	-		
383	84	O	8.32	A	-		
383	85	O	8.32	A	-		
383	86	O	8.32	T	-		
383	87	O	8.32	T	-		
383	88	O	8.32	T	-		
383	89	O	8.32	C	-		
383	90	O	8.32	A	-		
383	91	O	8.32	A	-		
383	92	O	8.32	T	-		
383	93	O	8.32	C	-		
383	94	O	8.32	A	-		
383	95	O	8.32	C	-		
383	96	O	8.32	A	-		
383	97	O	8.32	G	-		
383	98	O	8.32	A	-		
383	99	O	8.32	C	-		
383	100	O	8.32	A	-		
383	101	O	8.32	G	-		
383	102	O	8.32	T	-		
383	103	O	8.32	C	-		
383	104	O	8.32	A	-		
383	105	O	8.32	A	-		
383	106	O	8.32	T	-		
383	107	O	8.32	G	-		
383	108	O	8.32	A	-		
383	109	O	8.32	C	-		
384	0	O	5.55	G	-		
384	1	O	5.55	G	-		
384	2	O	5.55	C	-		
384	3	O	5.55	A	-		
384	4	O	5.55	G	-		
384	5	O	5.55	C	-		
384	6	O	5.55	A	-		
384	7	O	5.55	T	-		
384	8	O	5.55	G	-		
384	9	O	5.55	A	-		
384	10	O	5.55	G	-		
384	11	O	5.55	C	-		
384	12	O	5.55	C	-		
384	13	O	5.55	T	-		
384	14	O	5.55	G	-		
384	15	O	5.55	G	-		
384	16	O	5.55	A	-		
384	17	O	5.55	A	-		
384	18	O	5.55	C	-		
384	19	O	5.55	T	-		
384	20	O	5.55	G	-		
384	21	O	5.55	A	-		
384	22	O	5.55	A	-		
384	23	O	5.55	G	-		
384	24	O	5.55	A	-		
384	25	O	5.55	A	-		
384	26	O	5.55	C	-		
384	27	O	5.55	A	-		
384	28	O	5.55	C	-		
384	29	O	5.55	A	-		
384	30	O	5.55	G	-		
384	31	O	5.55	G	-		
384	32	O	5.55	T	-		
384	33	O	5.55	G	-		
384	34	O	5.55	A	-		
384	35	O	5.55	C	-		
384	36	O	5.55	C	-		
384	37	O	5.55	A	-		
384	38	O	5.55	A	-		
384	39	O	5.55	C	-		
384	40	O	5.55	A	-		
384	41	O	5.55	A	-		
384	42	O	5.55	G	-		
384	43	O	5.55	G	-		
384	44	O	5.55	T	-		
384	45	O	5.55	T	-		
384	46	O	5.55	A	-		
384	47	O	5.55	A	-		
384	48	O	5.55	G	-		
384	49	O	5.55	A	-		
384	50	O	5.55	A	-		
384	51	O	5.55	A	-		
384	52	O	5.55	G	-		
384	53	O	5.55	C	-		
384	54	O	5.55	G	-		
384	55	O	5.55	A	-		
384	56	O	5.55	G	-		
384	57	O	5.55	A	-		
384	58	O	5.55	A	-		
384	59	O	5.55	A	-		
384	60	O	5.55	A	-		
384	61	O	5.55	C	-		
384	62	O	5.55	G	-		
384	63	O	5.55	A	-		
384	64	O	5.55	A	-		
384	65	O	5.55	A	-		
384	66	O	5.55	G	-		
384	67	O	5.55	G	-		
384	68	O	5.55	A	-		
384	69	O	5.55	T	-		
384	70	O	5.55	A	-		
384	71	O	5.55	T	-		
384	72	O	5.55	T	-		
384	73	O	5.55	C	-		
384	74	O	5.55	T	-		
384	75	O	5.55	C	-		
384	76	O	5.55	A	-		
384	77	O	5.55	T	-		
384	78	O	5.55	G	-		
384	79	O	5.55	G	-		
384	80	O	5.55	C	-		
384	81	O	5.55	T	-		
384	82	O	5.55	C	-		
384	83	O	5.55	G	-		
384	84	O	5.55	C	-		
384	85	O	5.55	T	-		
384	86	O	5.55	C	-		
384	87	O	5.55	C	-		
384	88	O	5.55	A	-		
384	89	O	5.55	C	-		
384	90	O	5.55	A	-		
384	91	O	5.55	A	-		
384	92	O	5.55	T	-		
384	93	O	5.55	C	-		
384	94	O	5.55	C	-		
384	95	O	5.55	A	-		
384	96	O	5.55	A	-		
384	97	O	5.55	A	-		
384	98	O	5.55	C	-		
384	99	O	5.55	T	-		
384	100	O	5.55	C	-		
384	101	O	5.55	A	-		
384	102	O	5.55	G	-		
384	103	O	5.55	A	-		
384	104	O	5.55	T	-		
384	105	O	5.55	A	-		
384	106	O	5.55	A	-		
384	107	O	5.55	A	-		
384	108	O	5.55	G	-		
384	109	O	5.55	A	-		
385	0	O	11.09	G	-		
385	1	O	11.09	A	-		
385	2	O	11.09	C	-		
385	3	O	11.09	A	-		
385	4	O	11.09	C	-		
385	5	O	11.09	C	-		
385	6	O	11.09	G	-		
385	7	O	11.09	A	-		
385	8	O	11.09	C	-		
385	9	O	11.09	A	-		
385	10	O	11.09	A	-		
385	11	O	11.09	A	-		
385	12	O	11.09	T	-		
385	13	O	11.09	A	-		
385	14	O	11.09	A	-		
385	15	O	11.09	T	-		
385	16	O	11.09	G	-		
385	17	O	11.09	A	-		
385	18	O	11.09	A	-		
385	19	O	11.09	C	-		
385	20	O	11.09	A	-		
385	21	O	11.09	G	-		
385	22	O	11.09	G	-		
385	23	O	11.09	A	-		
385	24	O	11.09	A	-		
385	25	O	11.09	C	-		
385	26	O	11.09	G	-		
385	27	O	11.09	T	-		
385	28	O	11.09	G	-		
385	29	O	11.09	A	-		
385	30	O	11.09	C	-		
385	31	O	11.09	T	-		
385	32	O	11.09	T	-		
385	33	O	11.09	C	-		
385	34	O	11.09	G	-		
385	35	O	11.09	T	-		
385	36	O	11.09	G	-		
385	37	O	11.09	C	-		
385	38	O	11.09	T	-		
385	39	O	11.09	C	-		
385	40	O	11.09	T	-		
385	41	O	11.09	T	-		
385	42	O	11.09	T	-		
385	43	O	11.09	G	-		
385	44	O	11.09	A	-		
385	45	O	11.09	G	-		
385	46	O	11.09	A	-		
385	47	O	11.09	T	-		
385	48	O	11.09	C	-		
385	49	O	11.09	C	-		
385	50	O	11.09	A	-		
385	51	O	11.09	G	-		
385	52	O	11.09	A	-		
385	53	O	11.09	T	-		
385	54	O	11.09	G	-		
385	55	O	11.09	A	-		
385	56	O	11.09	A	-		
385	57	O	11.09	G	-		
385	58	O	11.09	C	-		
385	59	O	11.09	A	-		
385	60	O	11.09	T	-		
385	61	O	11.09	T	-		
385	62	O	11.09	C	-		
385	63	O	11.09	G	-		
385	64	O	11.09	T	-		
385	65	O	11.09	T	-		
385	66	O	11.09	G	-		
385	67	O	11.09	A	-		
385	68	O	11.09	G	-		
385	69	O	11.09	T	-		
385	70	O	11.09	C	-		
385	71	O	11.09	T	-		
385	72	O	11.09	A	-		
385	73	O	11.09	C	-		
385	74	O	11.09	A	-		
385	75	O	11.09	G	-		
385	76	O	11.09	G	-		
385	77	O	11.09	T	-		
385	78	O	11.09	C	-		
385	79	O	11.09	T	-		
385	80	O	11.09	A	-		
385	81	O	11.09	G	-		
385	82	O	11.09	A	-		
385	83	O	11.09	G	-		
385	84	O	11.09	A	-		
385	85	O	11.09	G	-		
385	86	O	11.09	A	-		
385	87	O	11.09	G	-		
385	88	O	11.09	T	-		
385	89	O	11.09	G	-		
385	90	O	11.09	T	-		
385	91	O	11.09	A	-		
385	92	O	11.09	A	-		
385	93	O	11.09	T	-		
385	94	O	11.09	T	-		
385	95	O	11.09	C	-		
385	96	O	11.09	G	-		
385	97	O	11.09	A	-		
385	98	O	11.09	A	-		
385	99	O	11.09	C	-		
385	100	O	11.09	A	-		
385	101	O	11.09	C	-		
385	102	O	11.09	G	-		
385	103	O	11.09	A	-		
385	104	O	11.09	C	-		
385	105	O	11.09	A	-		
385	106	O	11.09	A	-		
385	107	O	11.09	G	-		
385	108	O	11.09	T	-		
385	109	O	11.09	T	-		
386	0	O	12.48	A	-		
386	1	O	12.48	C	-		
386	2	O	12.48	C	-		
386	3	O	12.48	A	-		
386	4	O	12.48	G	-		
386	5	O	12.48	G	-		
386	6	O	12.48	T	-		
386	7	O	12.48	C	-		
386	8	O	12.48	T	-		
386	9	O	12.48	C	-		
386	10	O	12.48	A	-		
386	11	O	12.48	A	-		
386	12	O	12.48	T	-		
386	13	O	12.48	C	-		
386	14	O	12.48	A	-		
386	15	O	12.48	A	-		
386	16	O	12.48	T	-		
386	17	O	12.48	G	-		
386	18	O	12.48	G	-		
386	19	O	12.48	T	-		
386	20	O	12.48	C	-		
386	21	O	12.48	G	-		
386	22	O	12.48	T	-		
386	23	O	12.48	T	-		
386	24	O	12.48	C	-		
386	25	O	12.48	G	-		
386	26	O	12.48	A	-		
386	27	O	12.48	T	-		
386	28	O	12.48	C	-		
386	29	O	12.48	A	-		
386	30	O	12.48	T	-		
386	31	O	12.48	G	-		
386	32	O	12.48	A	-		
386	33	O	12.48	T	-		
386	34	O	12.48	T	-		
386	35	O	12.48	C	-		
386	36	O	12.48	G	-		
386	37	O	12.48	T	-		
386	38	O	12.48	T	-		
386	39	O	12.48	C	-		
386	40	O	12.48	A	-		
386	41	O	12.48	T	-		
386	42	O	12.48	T	-		
386	43	O	12.48	C	-		
386	44	O	12.48	A	-		
386	45	O	12.48	C	-		
386	46	O	12.48	A	-		
386	47	O	12.48	G	-		
386	48	O	12.48	C	-		
386	49	O	12.48	A	-		
386	50	O	12.48	A	-		
386	51	O	12.48	A	-		
386	52	O	12.48	T	-		
386	53	O	12.48	C	-		
386	54	O	12.48	A	-		
386	55	O	12.48	C	-		
386	56	O	12.48	A	-		
386	57	O	12.48	T	-		
386	58	O	12.48	G	-		
386	59	O	12.48	C	-		
386	60	O	12.48	A	-		
386	61	O	12.48	G	-		
386	62	O	12.48	T	-		
386	63	O	12.48	C	-		
386	64	O	12.48	G	-		
386	65	O	12.48	T	-		
386	66	O	12.48	C	-		
386	67	O	12.48	G	-		
386	68	O	12.48	T	-		
386	69	O	12.48	G	-		
386	70	O	12.48	G	-		
386	71	O	12.48	G	-		
386	72	O	12.48	A	-		
386	73	O	12.48	T	-		
386	74	O	12.48	T	-		
386	75	O	12.48	T	-		
386	76	O	12.48	T	-		
386	77	O	12.48	A	-		
386	78	O	12.48	G	-		
386	79	O	12.48	T	-		
386	80	O	12.48	T	-		
386	81	O	12.48	T	-		
386	82	O	12.48	T	-		
386	83	O	12.48	A	-		
386	84	O	12.48	G	-		
386	85	O	12.48	T	-		
386	86	O	12.48	T	-		
386	87	O	12.48	A	-		
386	88	O	12.48	G	-		
386	89	O	12.48	A	-		
386	90	O	12.48	A	-		
386	91	O	12.48	A	-		
386	92	O	12.48	T	-		
386	93	O	12.48	C	-		
386	94	O	12.48	G	-		
386	95	O	12.48	A	-		
386	96	O	12.48	T	-		
386	97	O	12.48	C	-		
386	98	O	12.48	G	-		
386	99	O	12.48	G	-		
386	100	O	12.48	A	-		
386	101	O	12.48	C	-		
386	102	O	12.48	A	-		
386	103	O	12.48	A	-		
386	104	O	12.48	A	-		
386	105	O	12.48	A	-		
386	106	O	12.48	A	-		
386	107	O	12.48	T	-		
386	108	O	12.48	C	-		
386	109	O	12.48	C	-		
387	0	O	9.70	A	-		
387	1	O	9.70	G	-		
387	2	O	9.70	C	-		
387	3	O	9.70	T	-		
387	4	O	9.70	G	-		
387	5	O	9.70	G	-		
387	6	U	1.77	T	G		
387	7	O	9.70	G	-		
387	8	O	9.70	T	-		
387	9	O	9.70	A	-		
387	10	O	9.70	T	-		
387	11	O	9.70	G	-		
387	12	O	9.70	A	-		
387	13	O	9.70	A	-		
387	14	O	9.70	T	-		
387	15	O	9.70	G	-		
387	16	O	9.70	G	-		
387	17	O	9.70	A	-		
387	18	O	9.70	T	-		
387	19	O	9.70	C	-		
387	20	O	9.70	G	-		
387	21	O	9.70	C	-		
387	22	O	9.70	G	-		
387	23	O	9.70	A	-		
387	24	O	9.70	G	-		
387	25	O	9.70	C	-		
387	26	O	9.70	A	-		
387	27	O	9.70	C	-		
387	28	O	9.70	C	-		
387	29	O	9.70	T	-		
387	30	U	1.77	T	G		
387	31	O	9.70	T	-		
387	32	O	9.70	A	-		
387	33	O	9.70	T	-		
387	34	O	9.70	G	-		
387	35	O	9.70	C	-		
387	36	O	9.70	G	-		
387	37	O	9.70	C	-		
387	38	O	9.70	T	-		
387	39	O	9.70	C	-		
387	40	O	9.70	G	-		
387	41	O	9.70	C	-		
387	42	O	9.70	C	-		
387	43	O	9.70	A	-		
387	44	O	9.70	C	-		
387	45	O	9.70	T	-		
387	46	O	9.70	A	-		
387	47	O	9.70	C	-		
387	48	O	9.70	C	-		
387	49	O	9.70	G	-		
387	50	O	9.70	C	-		
387	51	O	9.70	T	-		
387	52	O	9.70	A	-		
387	53	O	9.70	G	-		
387	54	O	9.70	C	-		
387	55	O	9.70	A	-		
387	56	O	9.70	G	-		
387	57	O	9.70	A	-		
387	58	O	9.70	T	-		
387	59	O	9.70	C	-		
387	60	O	9.70	T	-		
387	61	O	9.70	C	-		
387	62	O	9.70	T	-		
387	63	O	9.70	G	-		
387	64	O	9.70	G	-		
387	65	O	9.70	C	-		
387	66	O	9.70	G	-		
387	67	O	9.70	A	-		
387	68	O	9.70	C	-		
387	69	O	9.70	C	-		
387	70	O	9.70	A	-		
387	71	O	9.70	G	-		
387	72	O	9.70	T	-		
387	73	O	9.70	T	-		
387	74	O	9.70	G	-		
387	75	O	9.70	C	-		
387	76	O	9.70	C	-		
387	77	O	9.70	G	-		
387	78	O	9.70	A	-		
387	79	O	9.70	T	-		
387	80	O	9.70	C	-		
387	81	O	9.70	A	-		
387	82	O	9.70	T	-		
387	83	O	9.70	C	-		
387	84	O	9.70	G	-		
387	85	O	9.70	A	-		
387	86	O	9.70	G	-		
387	87	O	9.70	C	-		
387	88	O	9.70	C	-		
387	89	O	9.70	A	-		
387	90	U	1.77	T	G		
387	91	O	9.70	G	-		
387	92	O	9.70	A	-		
387	93	O	9.70	G	-		
387	94	O	9.70	T	-		
387	95	O	9.70	C	-		
387	96	O	9.70	A	-		
387	97	O	9.70	G	-		
387	98	O	9.70	G	-		
387	99	O	9.70	T	-		
387	100	O	9.70	C	-		
387	101	O	9.70	T	-		
387	102	O	9.70	C	-		
387	103	O	9.70	C	-		
387	104	O	9.70	T	-		
387	105	O	9.70	C	-		
387	106	O	9.70	A	-		
387	107	O	9.70	G	-		
387	108	O	9.70	G	-		
387	109	O	9.70	A	-		
388	0	O	8.32	C	-		
388	1	O	8.32	T	-		
388	2	O	8.32	G	-		
388	3	O	8.32	C	-		
388	4	O	8.32	C	-		
388	5	O	8.32	C	-		
388	6	O	8.32	C	-		
388	7	O	8.32	G	-		
388	8	O	8.32	C	-		
388	9	O	8.32	T	-		
388	10	O	8.32	C	-		
388	11	O	8.32	G	-		
388	12	O	8.32	A	-		
388	13	O	8.32	C	-		
388	14	O	8.32	G	-		
388	15	O	8.32	T	-		
388	16	O	8.32	C	-		
388	17	O	8.32	A	-		
388	18	O	8.32	T	-		
388	19	O	8.32	C	-		
388	20	O	8.32	A	-		
388	21	O	8.32	A	-		
388	22	O	8.32	C	-		
388	23	O	8.32	A	-		
388	24	O	8.32	T	-		
388	25	O	8.32	C	-		
388	26	O	8.32	G	-		
388	27	O	8.32	G	-		
388	28	O	8.32	T	-		
388	29	O	8.32	G	-		
388	30	O	8.32	T	-		
388	31	O	8.32	C	-		
388	32	O	8.32	C	-		
388	33	O	8.32	T	-		
388	34	O	8.32	G	-		
388	35	O	8.32	G	-		
388	36	O	8.32	A	-		
388	37	O	8.32	A	-		
388	38	O	8.32	G	-		
388	39	O	8.32	A	-		
388	40	O	8.32	C	-		
388	41	O	8.32	A	-		
388	42	O	8.32	C	-		
388	43	O	8.32	A	-		
388	44	O	8.32	G	-		
388	45	O	8.32	A	-		
388	46	O	8.32	C	-		
388	47	O	8.32	G	-		
388	48	O	8.32	T	-		
388	49	O	8.32	A	-		
388	50	O	8.32	G	-		
388	51	O	8.32	A	-		
388	52	O	8.32	G	-		
388	53	O	8.32	C	-		
388	54	O	8.32	G	-		
388	55	O	8.32	C	-		
388	56	O	8.32	C	-		
388	57	O	8.32	G	-		
388	58	O	8.32	G	-		
388	59	O	8.32	C	-		
388	60	O	8.32	G	-		
388	61	O	8.32	T	-		
388	62	O	8.32	G	-		
388	63	O	8.32	T	-		
388	64	O	8.32	G	-		
388	65	O	8.32	A	-		
388	66	O	8.32	A	-		
388	67	O	8.32	G	-		
388	68	O	8.32	C	-		
388	69	O	8.32	A	-		
388	70	O	8.32	C	-		
388	71	O	8.32	A	-		
388	72	O	8.32	T	-		
388	73	O	8.32	C	-		
388	74	O	8.32	C	-		
388	75	O	8.32	C	-		
388	76	O	8.32	G	-		
388	77	O	8.32	G	-		
388	78	O	8.32	G	-		
388	79	O	8.32	T	-		
388	80	O	8.32	C	-		
388	81	O	8.32	T	-		
388	82	O	8.32	G	-		
388	83	O	8.32	G	-		
388	84	O	8.32	C	-		
388	85	O	8.32	G	-		
388	86	O	8.32	T	-		
388	87	O	8.32	G	-		
388	88	O	8.32	C	-		
388	89	O	8.32	T	-		
388	90	O	8.32	G	-		
388	91	O	8.32	G	-		
388	92	O	8.32	G	-		
388	93	O	8.32	G	-		
388	94	O	8.32	C	-		
388	95	O	8.32	C	-		
388	96	O	8.32	C	-		
388	97	O	8.32	G	-		
388	98	O	8.32	A	-		
388	99	O	8.32	A	-		
388	100	O	8.32	G	-		
388	101	O	8.32	A	-		
388	102	O	8.32	G	-		
388	103	O	8.32	C	-		
388	104	O	8.32	G	-		
388	105	O	8.32	T	-		
388	106	O	8.32	G	-		
388	107	O	8.32	G	-		
388	108	O	8.32	T	-		
388	109	O	8.32	C	-		
389	0	O	11.09	A	-		
389	1	O	11.09	G	-		
389	2	O	11.09	G	-		
389	3	O	11.09	A	-		
389	4	O	11.09	G	-		
389	5	O	11.09	A	-		
389	6	O	11.09	A	-		
389	7	O	11.09	T	-		
389	8	O	11.09	C	-		
389	9	O	11.09	C	-		
389	10	U	2.86	T	G		
389	11	O	11.09	T	-		
389	12	O	11.09	G	-		
389	13	O	11.09	G	-		
389	14	O	11.09	T	-		
389	15	O	11.09	T	-		
389	16	O	11.09	G	-		
389	17	O	11.09	T	-		
389	18	O	11.09	C	-		
389	19	O	11.09	G	-		
389	20	O	11.09	A	-		
389	21	O	11.09	A	-		
389	22	O	11.09	C	-		
389	23	O	11.09	A	-		
389	24	O	11.09	T	-		
389	25	O	11.09	T	-		
389	26	O	11.09	G	-		
389	27	O	11.09	C	-		
389	28	O	11.09	G	-		
389	29	O	11.09	G	-		
389	30	O	11.09	T	-		
389	31	O	11.09	C	-		
389	32	O	11.09	A	-		
389	33	O	11.09	C	-		
389	34	O	11.09	A	-		
389	35	O	11.09	A	-		
389	36	O	11.09	T	-		
389	37	O	11.09	A	-		
389	38	O	11.09	G	-		
389	39	O	11.09	A	-		
389	40	O	11.09	C	-		
389	41	O	11.09	A	-		
389	42	O	11.09	G	-		
389	43	O	11.09	G	-		
389	44	O	11.09	C	-		
389	45	O	11.09	T	-		
389	46	O	11.09	T	-		
389	47	O	11.09	T	-		
389	48	O	11.09	T	-		
389	49	O	11.09	G	-		
389	50	O	11.09	A	-		
389	51	O	11.09	C	-		
389	52	O	11.09	A	-		
389	53	O	11.09	T	-		
389	54	O	11.09	A	-		
389	55	O	11.09	T	-		
389	56	O	11.09	T	-		
389	57	O	11.09	T	-		
389	58	O	11.09	G	-		
389	59	O	11.09	G	-		
389	60	O	11.09	C	-		
389	61	O	11.09	G	-		
389	62	O	11.09	A	-		
389	63	O	11.09	G	-		
389	64	O	11.09	C	-		
389	65	O	11.09	C	-		
389	66	O	11.09	T	-		
389	67	O	11.09	G	-		
389	68	O	11.09	G	-		
389	69	O	11.09	A	-		
389	70	U	2.86	G	T		
389	71	O	11.09	G	-		
389	72	O	11.09	C	-		
389	73	O	11.09	A	-		
389	74	O	11.09	G	-		
389	75	O	11.09	A	-		
389	76	O	11.09	G	-		
389	77	O	11.09	A	-		
389	78	O	11.09	T	-		
389	79	O	11.09	A	-		
389	80	O	11.09	C	-		
389	81	O	11.09	C	-		
389	82	O	11.09	G	-		
389	83	O	11.09	A	-		
389	84	O	11.09	C	-		
389	85	O	11.09	G	-		
389	86	O	11.09	A	-		
389	87	O	11.09	G	-		
389	88	O	11.09	A	-		
389	89	O	11.09	G	-		
389	90	O	11.09	C	-		
389	91	O	11.09	C	-		
389	92	O	11.09	T	-		
389	93	O	11.09	G	-		
389	94	O	11.09	G	-		
389	95	O	11.09	A	-		
389	96	O	11.09	G	-		
389	97	O	11.09	A	-		
389	98	O	11.09	C	-		
389	99	O	11.09	T	-		
389	100	U	2.86	G	T		
389	101	O	11.09	T	-		
389	102	U	2.86	C	G		
389	103	O	11.09	T	-		
389	104	O	11.09	G	-		
389	105	O	11.09	T	-		
389	106	O	11.09	T	-		
389	107	O	11.09	G	-		
389	108	O	11.09	T	-		
389	109	O	11.09	G	-		
390	0	O	16.64	G	-		
390	1	O	16.64	T	-		
390	2	O	16.64	A	-		
390	3	O	16.64	T	-		
390	4	O	16.64	G	-		
390	5	O	16.64	A	-		
390	6	O	16.64	T	-		
390	7	O	16.64	A	-		
390	8	O	16.64	G	-		
390	9	O	16.64	A	-		
390	10	O	16.64	T	-		
390	11	O	16.64	C	-		
390	12	O	16.64	G	-		
390	13	O	16.64	C	-		
390	14	O	16.64	A	-		
390	15	O	16.64	T	-		
390	16	O	16.64	G	-		
390	17	O	16.64	A	-		
390	18	O	16.64	T	-		
390	19	O	16.64	C	-		
390	20	O	16.64	T	-		
390	21	O	16.64	T	-		
390	22	O	16.64	C	-		
390	23	O	16.64	G	-		
390	24	O	16.64	G	-		
390	25	O	16.64	A	-		
390	26	O	16.64	C	-		
390	27	O	16.64	A	-		
390	28	O	16.64	A	-		
390	29	O	16.64	G	-		
390	30	O	16.64	A	-		
390	31	O	16.64	G	-		
390	32	O	16.64	C	-		
390	33	O	16.64	A	-		
390	34	O	16.64	G	-		
390	35	O	16.64	T	-		
390	36	O	16.64	T	-		
390	37	O	16.64	T	-		
390	38	O	16.64	G	-		
390	39	O	16.64	G	-		
390	40	O	16.64	C	-		
390	41	O	16.64	G	-		
390	42	O	16.64	G	-		
390	43	O	16.64	C	-		
390	44	O	16.64	G	-		
390	45	O	16.64	G	-		
390	46	O	16.64	C	-		
390	47	O	16.64	T	-		
390	48	O	16.64	T	-		
390	49	O	16.64	C	-		
390	50	O	16.64	T	-		
390	51	O	16.64	G	-		
390	52	O	16.64	T	-		
390	53	O	16.64	G	-		
390	54	O	16.64	G	-		
390	55	O	16.64	C	-		
390	56	O	16.64	G	-		
390	57	O	16.64	C	-		
390	58	O	16.64	C	-		
390	59	O	16.64	G	-		
390	60	O	16.64	G	-		
390	61	O	16.64	T	-		
390	62	O	16.64	C	-		
390	63	O	16.64	A	-		
390	64	O	16.64	G	-		
390	65	O	16.64	C	-		
390	66	O	16.64	A	-		
390	67	O	16.64	G	-		
390	68	O	16.64	C	-		
390	69	O	16.64	C	-		
390	70	O	16.64	T	-		
390	71	O	16.64	G	-		
390	72	O	16.64	G	-		
390	73	O	16.64	T	-		
390	74	O	16.64	T	-		
390	75	O	16.64	C	-		
390	76	O	16.64	T	-		
390	77	O	16.64	G	-		
390	78	O	16.64	A	-		
390	79	O	16.64	T	-		
390	80	O	16.64	G	-		
390	81	O	16.64	T	-		
390	82	O	16.64	G	-		
390	83	O	16.64	A	-		
390	84	O	16.64	A	-		
390	85	O	16.64	C	-		
390	86	O	16.64	C	-		
390	87	O	16.64	C	-		
390	88	O	16.64	C	-		
390	89	O	16.64	C	-		
390	90	O	16.64	T	-		
390	91	O	16.64	A	-		
390	92	O	16.64	T	-		
390	93	O	16.64	C	-		
390	94	O	16.64	A	-		
390	95	O	16.64	A	-		
390	96	O	16.64	G	-		
390	97	O	16.64	A	-		
390	98	O	16.64	A	-		
390	99	O	16.64	A	-		
390	100	O	16.64	G	-		
390	101	O	16.64	G	-		
390	102	O	16.64	G	-		
390	103	O	16.64	C	-		
390	104	O	16.64	C	-		
390	105	O	16.64	T	-		
390	106	O	16.64	T	-		
390	107	O	16.64	C	-		
390	108	O	16.64	G	-		
390	109	O	16.64	T	-		
391	0	O	6.93	T	-		
391	1	O	6.93	C	-		
391	2	O	6.93	G	-		
391	3	O	6.93	G	-		
391	4	O	6.93	C	-		
391	5	O	6.93	C	-		
391	6	O	6.93	C	-		
391	7	O	6.93	T	-		
391	8	O	6.93	G	-		
391	9	O	6.93	C	-		
391	10	O	6.93	C	-		
391	11	O	6.93	A	-		
391	12	O	6.93	A	-		
391	13	O	6.93	A	-		
391	14	O	6.93	T	-		
391	15	O	6.93	T	-		
391	16	O	6.93	G	-		
391	17	O	6.93	G	-		
391	18	O	6.93	A	-		
391	19	O	6.93	G	-		
391	20	O	6.93	G	-		
391	21	O	6.93	G	-		
391	22	O	6.93	G	-		
391	23	O	6.93	A	-		
391	24	O	6.93	G	-		
391	25	O	6.93	G	-		
391	26	O	6.93	C	-		
391	27	O	6.93	C	-		
391	28	O	6.93	C	-		
391	29	O	6.93	A	-		
391	30	O	6.93	A	-		
391	31	O	6.93	G	-		
391	32	O	6.93	C	-		
391	33	O	6.93	C	-		
391	34	O	6.93	C	-		
391	35	O	6.93	A	-		
391	36	O	6.93	G	-		
391	37	O	6.93	A	-		
391	38	O	6.93	C	-		
391	39	O	6.93	C	-		
391	40	O	6.93	T	-		
391	41	O	6.93	A	-		
391	42	O	6.93	G	-		
391	43	O	6.93	G	-		
391	44	O	6.93	G	-		
391	45	O	6.93	G	-		
391	46	O	6.93	G	-		
391	47	O	6.93	C	-		
391	48	O	6.93	T	-		
391	49	O	6.93	T	-		
391	50	O	6.93	C	-		
391	51	O	6.93	C	-		
391	52	O	6.93	G	-		
391	53	O	6.93	G	-		
391	54	O	6.93	C	-		
391	55	O	6.93	A	-		
391	56	O	6.93	T	-		
391	57	O	6.93	T	-		
391	58	O	6.93	G	-		
391	59	O	6.93	G	-		
391	60	O	6.93	G	-		
391	61	O	6.93	C	-		
391	62	O	6.93	A	-		
391	63	O	6.93	G	-		
391	64	O	6.93	G	-		
391	65	O	6.93	C	-		
391	66	O	6.93	C	-		
391	67	O	6.93	G	-		
391	68	O	6.93	T	-		
391	69	O	6.93	G	-		
391	70	O	6.93	G	-		
391	71	O	6.93	G	-		
391	72	O	6.93	C	-		
391	73	O	6.93	C	-		
391	74	O	6.93	T	-		
391	75	O	6.93	G	-		
391	76	O	6.93	G	-		
391	77	O	6.93	A	-		
391	78	O	6.93	T	-		
391	79	O	6.93	T	-		
391	80	O	6.93	T	-		
391	81	O	6.93	T	-		
391	82	O	6.93	T	-		
391	83	O	6.93	T	-		
391	84	O	6.93	G	-		
391	85	O	6.93	T	-		
391	86	O	6.93	T	-		
391	87	O	6.93	T	-		
391	88	O	6.93	T	-		
391	89	O	6.93	T	-		
391	90	O	6.93	A	-		
391	91	O	6.93	C	-		
391	92	O	6.93	A	-		
391	93	O	6.93	T	-		
391	94	O	6.93	T	-		
391	95	O	6.93	T	-		
391	96	O	6.93	A	-		
391	97	O	6.93	A	-		
391	98	O	6.93	G	-		
391	99	O	6.93	A	-		
391	100	O	6.93	A	-		
391	101	O	6.93	T	-		
391	102	O	6.93	T	-		
391	103	O	6.93	A	-		
391	104	O	6.93	T	-		
391	105	O	6.93	T	-		
391	106	O	6.93	T	-		
391	107	O	6.93	T	-		
391	108	O	6.93	G	-		
391	109	O	6.93	A	-		
392	0	O	12.48	A	-		
392	1	O	12.48	A	-		
392	2	O	12.48	G	-		
392	3	O	12.48	C	-		
392	4	O	12.48	G	-		
392	5	O	12.48	C	-		
392	6	O	12.48	A	-		
392	7	O	12.48	T	-		
392	8	O	12.48	C	-		
392	9	O	12.48	G	-		
392	10	O	12.48	A	-		
392	11	O	12.48	T	-		
392	12	O	12.48	C	-		
392	13	O	12.48	A	-		
392	14	O	12.48	A	-		
392	15	O	12.48	A	-		
392	16	O	12.48	A	-		
392	17	O	12.48	A	-		
392	18	O	12.48	G	-		
392	19	O	12.48	G	-		
392	20	O	12.48	A	-		
392	21	O	12.48	T	-		
392	22	O	12.48	C	-		
392	23	O	12.48	C	-		
392	24	O	12.48	T	-		
392	25	O	12.48	C	-		
392	26	O	12.48	T	-		
392	27	O	12.48	A	-		
392	28	O	12.48	C	-		
392	29	O	12.48	C	-		
392	30	O	12.48	A	-		
392	31	O	12.48	A	-		
392	32	O	12.48	C	-		
392	33	O	4.00	G	-		
392	34	O	12.48	G	-		
392	35	O	12.48	G	-		
392	36	O	12.48	C	-		
392	37	O	12.48	A	-		
392	38	O	12.48	G	-		
392	39	O	12.48	C	-		
392	40	O	12.48	T	-		
392	41	O	12.48	T	-		
392	42	O	12.48	T	-		
392	43	O	12.48	A	-		
392	44	O	12.48	T	-		
392	45	O	12.48	C	-		
392	46	O	12.48	A	-		
392	47	O	12.48	C	-		
392	48	O	12.48	A	-		
392	49	O	12.48	T	-		
392	50	O	12.48	G	-		
392	51	O	12.48	C	-		
392	52	O	12.48	T	-		
392	53	O	12.48	C	-		
392	54	O	12.48	C	-		
392	55	O	12.48	A	-		
392	56	O	12.48	G	-		
392	57	O	12.48	T	-		
392	58	O	12.48	G	-		
392	59	O	12.48	A	-		
392	60	O	12.48	T	-		
392	61	O	12.48	G	-		
392	62	O	12.48	A	-		
392	63	O	12.48	T	-		
392	64	O	12.48	A	-		
392	65	O	12.48	C	-		
392	66	O	12.48	C	-		
392	67	O	12.48	T	-		
392	68	O	12.48	T	-		
392	69	O	12.48	G	-		
392	70	O	12.48	C	-		
392	71	O	12.48	G	-		
392	72	O	12.48	C	-		
392	73	O	12.48	A	-		
392	74	O	12.48	T	-		
392	75	O	12.48	T	-		
392	76	O	12.48	T	-		
392	77	O	12.48	G	-		
392	78	O	12.48	G	-		
392	79	O	12.48	A	-		
392	80	O	12.48	G	-		
392	81	O	12.48	C	-		
392	82	O	12.48	C	-		
392	83	O	12.48	C	-		
392	84	O	12.48	G	-		
392	85	O	12.48	C	-		
392	86	O	12.48	G	-		
392	87	O	4.00	A	-		
392	88	O	12.48	G	-		
392	89	O	12.48	T	-		
392	90	O	12.48	G	-		
392	91	O	12.48	T	-		
392	92	O	12.48	A	-		
392	93	O	12.48	T	-		
392	94	O	12.48	A	-		
392	95	O	12.48	G	-		
392	96	O	12.48	C	-		
392	97	O	12.48	G	-		
392	98	O	12.48	C	-		
392	99	O	12.48	T	-		
392	100	O	12.48	A	-		
392	101	O	12.48	A	-		
392	102	O	12.48	G	-		
392	103	O	12.48	A	-		
392	104	O	12.48	T	-		
392	105	O	12.48	G	-		
392	106	O	12.48	G	-		
392	107	O	12.48	G	-		
392	108	O	12.48	T	-		
392	109	O	12.48	A	-		
393	0	O	12.48	T	-		
393	1	O	12.48	C	-		
393	2	O	12.48	T	-		
393	3	O	12.48	G	-		
393	4	O	12.48	C	-		
393	5	O	12.48	C	-		
393	6	O	12.48	A	-		
393	7	O	12.48	C	-		
393	8	O	12.48	C	-		
393	9	O	12.48	T	-		
393	10	O	12.48	C	-		
393	11	O	12.48	A	-		
393	12	O	12.48	G	-		
393	13	O	12.48	T	-		
393	14	O	12.48	G	-		
393	15	O	12.48	G	-		
393	16	O	12.48	T	-		
393	17	O	12.48	T	-		
393	18	O	12.48	T	-		
393	19	O	12.48	T	-		
393	20	O	12.48	G	-		
393	21	O	12.48	C	-		
393	22	O	12.48	G	-		
393	23	O	12.48	T	-		
393	24	O	12.48	T	-		
393	25	O	12.48	G	-		
393	26	O	12.48	G	-		
393	27	O	12.48	C	-		
393	28	O	12.48	G	-		
393	29	O	12.48	T	-		
393	30	O	12.48	G	-		
393	31	O	12.48	A	-		
393	32	O	12.48	T	-		
393	33	O	12.48	G	-		
393	34	O	12.48	T	-		
393	35	O	12.48	A	-		
393	36	O	12.48	C	-		
393	37	O	12.48	G	-		
393	38	O	12.48	A	-		
393	39	O	12.48	C	-		
393	40	O	12.48	C	-		
393	41	O	12.48	G	-		
393	42	O	12.48	C	-		
393	43	O	12.48	G	-		
393	44	O	12.48	G	-		
393	45	O	12.48	A	-		
393	46	O	12.48	T	-		
393	47	O	12.48	G	-		
393	48	O	12.48	C	-		
393	49	O	12.48	C	-		
393	50	O	12.48	A	-		
393	51	O	12.48	A	-		
393	52	O	12.48	T	-		
393	53	O	12.48	T	-		
393	54	O	12.48	T	-		
393	55	O	12.48	C	-		
393	56	O	12.48	C	-		
393	57	O	12.48	C	-		
393	58	O	12.48	G	-		
393	59	O	12.48	C	-		
393	60	O	12.48	T	-		
393	61	O	12.48	C	-		
393	62	O	12.48	T	-		
393	63	O	12.48	G	-		
393	64	O	12.48	T	-		
393	65	O	12.48	A	-		
393	66	O	12.48	G	-		
393	67	O	12.48	G	-		
393	68	O	12.48	C	-		
393	69	O	12.48	T	-		
393	70	O	12.48	T	-		
393	71	O	12.48	T	-		
393	72	O	12.48	C	-		
393	73	O	12.48	G	-		
393	74	O	12.48	A	-		
393	75	O	12.48	C	-		
393	76	O	12.48	C	-		
393	77	O	12.48	G	-		
393	78	O	12.48	G	-		
393	79	O	12.48	A	-		
393	80	O	12.48	C	-		
393	81	O	12.48	A	-		
393	82	O	12.48	G	-		
393	83	O	12.48	T	-		
393	84	O	12.48	A	-		
393	85	O	12.48	T	-		
393	86	O	12.48	G	-		
393	87	O	12.48	T	-		
393	88	O	12.48	G	-		
393	89	O	12.48	A	-		
393	90	O	12.48	T	-		
393	91	O	12.48	G	-		
393	92	O	12.48	A	-		
393	93	O	12.48	G	-		
393	94	O	12.48	C	-		
393	95	O	12.48	A	-		
393	96	O	12.48	T	-		
393	97	O	12.48	G	-		
393	98	O	12.48	A	-		
393	99	O	12.48	T	-		
393	100	O	12.48	G	-		
393	101	O	12.48	A	-		
393	102	O	12.48	G	-		
393	103	O	12.48	C	-		
393	104	O	12.48	A	-		
393	105	O	12.48	G	-		
393	106	O	12.48	C	-		
393	107	O	12.48	A	-		
393	108	O	12.48	G	-		
393	109	O	12.48	C	-		
394	0	O	5.55	C	-		
394	1	O	5.55	G	-		
394	2	O	5.55	G	-		
394	3	O	5.55	C	-		
394	4	O	5.55	C	-		
394	5	O	5.55	A	-		
394	6	O	5.55	A	-		
394	7	O	5.55	C	-		
394	8	O	5.55	G	-		
394	9	O	5.55	G	-		
394	10	O	5.55	G	-		
394	11	O	5.55	C	-		
394	12	O	5.55	A	-		
394	13	O	5.55	G	-		
394	14	O	5.55	C	-		
394	15	O	5.55	C	-		
394	16	O	5.55	T	-		
394	17	O	5.55	T	-		
394	18	O	5.55	T	-		
394	19	O	5.55	G	-		
394	20	O	5.55	G	-		
394	21	O	5.55	G	-		
394	22	O	5.55	C	-		
394	23	O	5.55	G	-		
394	24	O	5.55	G	-		
394	25	O	5.55	C	-		
394	26	O	5.55	C	-		
394	27	O	5.55	A	-		
394	28	O	5.55	G	-		
394	29	O	5.55	T	-		
394	30	O	5.55	C	-		
394	31	O	5.55	G	-		
394	32	O	5.55	G	-		
394	33	O	5.55	C	-		
394	34	O	5.55	G	-		
394	35	O	5.55	G	-		
394	36	O	5.55	G	-		
394	37	O	5.55	C	-		
394	38	O	5.55	C	-		
394	39	O	5.55	A	-		
394	40	O	5.55	G	-		
394	41	O	5.55	T	-		
394	42	O	5.55	T	-		
394	43	O	5.55	C	-		
394	44	O	5.55	T	-		
394	45	O	5.55	G	-		
394	46	O	5.55	C	-		
394	47	O	5.55	A	-		
394	48	O	5.55	G	-		
394	49	O	5.55	C	-		
394	50	O	5.55	A	-		
394	51	O	5.55	A	-		
394	52	O	5.55	C	-		
394	53	O	5.55	C	-		
394	54	O	5.55	A	-		
394	55	O	5.55	G	-		
394	56	O	5.55	G	-		
394	57	O	5.55	C	-		
394	58	O	5.55	G	-		
394	59	O	5.55	C	-		
394	60	O	5.55	A	-		
394	61	O	5.55	G	-		
394	62	O	5.55	C	-		
394	63	O	5.55	A	-		
394	64	O	5.55	G	-		
394	65	O	5.55	C	-		
394	66	O	5.55	A	-		
394	67	O	5.55	C	-		
394	68	O	5.55	C	-		
394	69	O	5.55	A	-		
394	70	O	5.55	G	-		
394	71	O	5.55	C	-		
394	72	O	5.55	A	-		
394	73	O	5.55	G	-		
394	74	O	5.55	C	-		
394	75	O	5.55	A	-		
394	76	O	5.55	C	-		
394	77	O	5.55	C	-		
394	78	O	5.55	A	-		
394	79	O	5.55	G	-		
394	80	O	5.55	C	-		
394	81	O	5.55	A	-		
394	82	O	5.55	C	-		
394	83	O	5.55	C	-		
394	84	O	5.55	A	-		
394	85	O	5.55	G	-		
394	86	O	5.55	C	-		
394	87	O	5.55	A	-		
394	88	O	5.55	G	-		
394	89	O	5.55	C	-		
394	90	O	5.55	A	-		
394	91	O	5.55	C	-		
394	92	O	5.55	C	-		
394	93	O	5.55	A	-		
394	94	O	5.55	G	-		
394	95	O	5.55	C	-		
394	96	O	5.55	A	-		
394	97	O	5.55	G	-		
394	98	O	5.55	C	-		
394	99	O	5.55	A	-		
394	100	O	5.55	C	-		
394	101	O	5.55	C	-		
394	102	O	5.55	A	-		
394	103	O	5.55	G	-		
394	104	O	5.55	C	-		
394	105	O	5.55	A	-		
394	106	O	5.55	G	-		
394	107	O	5.55	C	-		
394	108	O	5.55	A	-		
394	109	O	5.55	C	-		
395	0	O	6.93	G	-		
395	1	O	6.93	T	-		
395	2	O	6.93	C	-		
395	3	O	6.93	T	-		
395	4	O	6.93	T	-		
395	5	O	6.93	G	-		
395	6	O	6.93	T	-		
395	7	O	6.93	C	-		
395	8	O	6.93	A	-		
395	9	O	6.93	T	-		
395	10	O	6.93	G	-		
395	11	O	6.93	G	-		
395	12	O	6.93	T	-		
395	13	O	6.93	G	-		
395	14	O	6.93	T	-		
395	15	O	6.93	T	-		
395	16	O	6.93	T	-		
395	17	O	6.93	T	-		
395	18	O	6.93	T	-		
395	19	O	6.93	A	-		
395	20	O	6.93	T	-		
395	21	O	6.93	C	-		
395	22	O	6.93	G	-		
395	23	O	6.93	T	-		
395	24	O	6.93	G	-		
395	25	O	6.93	T	-		
395	26	O	6.93	T	-		
395	27	O	6.93	G	-		
395	28	O	6.93	A	-		
395	29	O	6.93	G	-		
395	30	O	6.93	G	-		
395	31	O	6.93	T	-		
395	32	O	6.93	G	-		
395	33	O	6.93	C	-		
395	34	O	6.93	T	-		
395	35	O	6.93	T	-		
395	36	O	6.93	C	-		
395	37	O	6.93	T	-		
395	38	O	6.93	A	-		
395	39	O	6.93	G	-		
395	40	O	6.93	A	-		
395	41	O	6.93	T	-		
395	42	O	6.93	A	-		
395	43	O	6.93	C	-		
395	44	O	6.93	A	-		
395	45	O	6.93	T	-		
395	46	O	6.93	C	-		
395	47	O	6.93	T	-		
395	48	U	-0.27	T	A		
395	49	O	6.93	G	-		
395	50	O	6.93	A	-		
395	51	O	6.93	A	-		
395	52	O	6.93	C	-		
395	53	O	6.93	A	-		
395	54	O	6.93	T	-		
395	55	O	6.93	A	-		
395	56	O	6.93	A	-		
395	57	O	6.93	A	-		
395	58	O	6.93	T	-		
395	59	O	6.93	G	-		
395	60	O	6.93	G	-		
395	61	O	6.93	A	-		
395	62	O	6.93	A	-		
395	63	O	6.93	G	-		
395	64	O	6.93	A	-		
395	65	O	6.93	A	-		
395	66	O	6.93	T	-		
395	67	O	6.93	A	-		
395	68	O	6.93	T	-		
395	69	O	6.93	T	-		
395	70	O	6.93	T	-		
395	71	O	6.93	G	-		
395	72	O	6.93	T	-		
395	73	O	6.93	G	-		
395	74	O	6.93	G	-		
395	75	O	6.93	C	-		
395	76	O	6.93	G	-		
395	77	O	6.93	T	-		
395	78	O	6.93	G	-		
395	79	O	6.93	G	-		
395	80	O	6.93	T	-		
395	81	O	6.93	T	-		
395	82	O	6.93	C	-		
395	83	O	6.93	T	-		
395	84	O	6.93	T	-		
395	85	O	6.93	G	-		
395	86	O	6.93	A	-		
395	87	O	6.93	A	-		
395	88	O	6.93	T	-		
395	89	O	6.93	T	-		
395	90	O	6.93	C	-		
395	91	O	6.93	A	-		
395	92	O	6.93	T	-		
395	93	O	6.93	A	-		
395	94	O	6.93	T	-		
395	95	O	6.93	A	-		
395	96	O	6.93	T	-		
395	97	O	6.93	T	-		
395	98	O	6.93	T	-		
395	99	O	6.93	A	-		
395	100	O	6.93	T	-		
395	101	O	6.93	A	-		
395	102	O	6.93	T	-		
395	103	O	6.93	T	-		
395	104	O	6.93	T	-		
395	105	O	6.93	A	-		
395	106	O	6.93	C	-		
395	107	O	6.93	A	-		
395	108	O	6.93	T	-		
395	109	O	6.93	A	-		
396	0	O	13.86	C	-		
396	1	O	13.86	A	-		
396	2	O	13.86	A	-		
396	3	O	13.86	C	-		
396	4	O	13.86	T	-		
396	5	O	13.86	G	-		
396	6	O	13.86	G	-		
396	7	O	13.86	G	-		
396	8	O	13.86	A	-		
396	9	O	13.86	A	-		
396	10	O	13.86	T	-		
396	11	O	13.86	C	-		
396	12	O	13.86	A	-		
396	13	O	13.86	A	-		
396	14	O	13.86	C	-		
396	15	O	13.86	A	-		
396	16	O	13.86	C	-		
396	17	O	13.86	C	-		
396	18	O	13.86	A	-		
396	19	O	13.86	T	-		
396	20	O	13.86	T	-		
396	21	O	13.86	T	-		
396	22	O	13.86	A	-		
396	23	O	13.86	C	-		
396	24	O	13.86	G	-		
396	25	O	13.86	T	-		
396	26	O	13.86	C	-		
396	27	O	13.86	G	-		
396	28	O	13.86	C	-		
396	29	O	13.86	G	-		
396	30	O	13.86	G	-		
396	31	O	13.86	T	-		
396	32	O	13.86	G	-		
396	33	O	13.86	G	-		
396	34	O	13.86	T	-		
396	35	O	13.86	A	-		
396	36	O	13.86	A	-		
396	37	O	13.86	G	-		
396	38	O	13.86	A	-		
396	39	O	13.86	C	-		
396	40	O	13.86	T	-		
396	41	O	13.86	A	-		
396	42	O	13.86	T	-		
396	43	O	13.86	T	-		
396	44	O	13.86	T	-		
396	45	O	13.86	T	-		
396	46	O	13.86	T	-		
396	47	O	13.86	G	-		
396	48	O	13.86	C	-		
396	49	O	13.86	A	-		
396	50	O	13.86	T	-		
396	51	O	13.86	T	-		
396	52	O	13.86	G	-		
396	53	O	13.86	A	-		
396	54	O	13.86	A	-		
396	55	O	13.86	A	-		
396	56	O	13.86	C	-		
396	57	O	13.86	T	-		
396	58	O	13.86	G	-		
396	59	O	13.86	C	-		
396	60	O	13.86	T	-		
396	61	O	13.86	A	-		
396	62	O	13.86	T	-		
396	63	O	13.86	T	-		
396	64	O	13.86	A	-		
396	65	O	13.86	C	-		
396	66	O	13.86	A	-		
396	67	O	13.86	A	-		
396	68	O	13.86	A	-		
396	69	O	13.86	A	-		
396	70	O	13.86	A	-		
396	71	O	13.86	A	-		
396	72	O	13.86	A	-		
396	73	O	13.86	C	-		
396	74	O	13.86	T	-		
396	75	O	13.86	T	-		
396	76	O	13.86	T	-		
396	77	O	13.86	C	-		
396	78	O	13.86	T	-		
396	79	O	13.86	A	-		
396	80	O	13.86	A	-		
396	81	O	13.86	C	-		
396	82	O	13.86	T	-		
396	83	O	13.86	C	-		
396	84	O	13.86	C	-		
396	85	O	13.86	C	-		
396	86	O	13.86	T	-		
396	87	O	13.86	G	-		
396	88	O	13.86	T	-		
396	89	O	13.86	A	-		
396	90	O	13.86	T	-		
396	91	O	13.86	T	-		
396	92	O	13.86	T	-		
396	93	O	13.86	G	-		
396	94	O	13.86	T	-		
396	95	O	13.86	T	-		
396	96	O	13.86	T	-		
396	97	O	13.86	T	-		
396	98	O	13.86	C	-		
396	99	O	13.86	A	-		
396	100	O	13.86	T	-		
396	101	O	13.86	T	-		
396	102	O	13.86	T	-		
396	103	O	13.86	T	-		
396	104	O	13.86	C	-		
396	105	O	13.86	A	-		
396	106	O	13.86	T	-		
396	107	O	13.86	T	-		
396	108	O	13.86	T	-		
396	109	O	13.86	T	-		
397	0	O	6.93	C	-		
397	1	O	6.93	G	-		
397	2	O	6.93	G	-		
397	3	O	6.93	G	-		
397	4	O	6.93	C	-		
397	5	O	6.93	G	-		
397	6	O	6.93	A	-		
397	7	O	6.93	C	-		
397	8	O	6.93	G	-		
397	9	O	6.93	A	-		
397	10	O	6.93	G	-		
397	11	O	6.93	T	-		
397	12	O	6.93	T	-		
397	13	O	6.93	T	-		
397	14	O	6.93	G	-		
397	15	O	6.93	C	-		
397	16	O	6.93	G	-		
397	17	O	6.93	C	-		
397	18	O	6.93	A	-		
397	19	O	6.93	T	-		
397	20	O	6.93	C	-		
397	21	O	6.93	A	-		
397	22	O	6.93	C	-		
397	23	O	6.93	C	-		
397	24	O	6.93	T	-		
397	25	O	6.93	C	-		
397	26	O	6.93	A	-		
397	27	O	6.93	C	-		
397	28	O	6.93	T	-		
397	29	O	6.93	A	-		
397	30	O	6.93	T	-		
397	31	O	6.93	T	-		
397	32	O	6.93	C	-		
397	33	O	6.93	A	-		
397	34	O	6.93	C	-		
397	35	O	6.93	C	-		
397	36	O	6.93	A	-		
397	37	O	6.93	C	-		
397	38	O	6.93	A	-		
397	39	O	6.93	C	-		
397	40	O	6.93	C	-		
397	41	O	6.93	A	-		
397	42	O	6.93	T	-		
397	43	O	6.93	C	-		
397	44	O	6.93	G	-		
397	45	O	6.93	A	-		
397	46	O	6.93	A	-		
397	47	O	6.93	G	-		
397	48	O	6.93	A	-		
397	49	O	6.93	G	-		
397	50	O	6.93	A	-		
397	51	O	6.93	A	-		
397	52	O	6.93	G	-		
397	53	O	6.93	C	-		
397	54	O	6.93	A	-		
397	55	O	6.93	C	-		
397	56	O	6.93	A	-		
397	57	O	6.93	T	-		
397	58	O	6.93	C	-		
397	59	O	6.93	T	-		
397	60	O	6.93	T	-		
397	61	O	6.93	C	-		
397	62	O	6.93	C	-		
397	63	O	6.93	C	-		
397	64	O	6.93	C	-		
397	65	O	6.93	A	-		
397	66	O	6.93	T	-		
397	67	O	6.93	C	-		
397	68	O	6.93	C	-		
397	69	O	6.93	T	-		
397	70	O	6.93	C	-		
397	71	O	6.93	G	-		
397	72	O	6.93	C	-		
397	73	O	6.93	G	-		
397	74	O	6.93	A	-		
397	75	O	6.93	A	-		
397	76	O	6.93	G	-		
397	77	O	6.93	A	-		
397	78	O	6.93	A	-		
397	79	O	6.93	G	-		
397	80	O	6.93	A	-		
397	81	O	6.93	T	-		
397	82	O	6.93	G	-		
397	83	O	6.93	C	-		
397	84	O	6.93	C	-		
397	85	O	6.93	C	-		
397	86	O	6.93	G	-		
397	87	O	6.93	C	-		
397	88	O	6.93	G	-		
397	89	O	6.93	T	-		
397	90	O	6.93	T	-		
397	91	O	6.93	C	-		
397	92	O	6.93	A	-		
397	93	O	6.93	G	-		
397	94	O	6.93	G	-		
397	95	O	6.93	A	-		
397	96	O	6.93	A	-		
397	97	O	6.93	A	-		
397	98	O	6.93	G	-		
397	99	O	6.93	A	-		
397	100	O	6.93	G	-		
397	101	O	6.93	C	-		
397	102	O	6.93	T	-		
397	103	O	6.93	C	-		
397	104	O	6.93	G	-		
397	105	O	6.93	A	-		
397	106	O	6.93	G	-		
397	107	O	6.93	C	-		
397	108	O	6.93	T	-		
397	109	O	6.93	C	-		
398	0	O	5.55	C	-		
398	1	O	5.55	C	-		
398	2	O	5.55	G	-		
398	3	O	5.55	T	-		
398	4	O	5.55	C	-		
398	5	O	5.55	C	-		
398	6	O	5.55	T	-		
398	7	O	5.55	T	-		
398	8	O	5.55	A	-		
398	9	O	5.55	G	-		
398	10	O	5.55	T	-		
398	11	O	5.55	A	-		
398	12	O	5.55	G	-		
398	13	O	5.55	G	-		
398	14	O	5.55	A	-		
398	15	O	5.55	T	-		
398	16	O	5.55	T	-		
398	17	O	5.55	A	-		
398	18	O	5.55	G	-		
398	19	O	5.55	G	-		
398	20	O	5.55	C	-		
398	21	O	5.55	A	-		
398	22	O	5.55	A	-		
398	23	O	5.55	G	-		
398	24	O	5.55	C	-		
398	25	O	5.55	G	-		
398	26	O	5.55	C	-		
398	27	O	5.55	A	-		
398	28	O	5.55	G	-		
398	29	O	5.55	C	-		
398	30	O	5.55	T	-		
398	31	O	5.55	G	-		
398	32	O	5.55	A	-		
398	33	O	5.55	T	-		
398	34	O	5.55	A	-		
398	35	O	5.55	G	-		
398	36	O	5.55	T	-		
398	37	O	5.55	G	-		
398	38	O	5.55	A	-		
398	39	O	5.55	A	-		
398	40	O	5.55	G	-		
398	41	O	5.55	C	-		
398	42	O	5.55	C	-		
398	43	O	5.55	T	-		
398	44	O	5.55	T	-		
398	45	O	5.55	C	-		
398	46	O	5.55	C	-		
398	47	O	5.55	A	-		
398	48	O	5.55	A	-		
398	49	O	5.55	A	-		
398	50	O	5.55	T	-		
398	51	O	5.55	G	-		
398	52	O	5.55	T	-		
398	53	O	5.55	G	-		
398	54	O	5.55	T	-		
398	55	O	5.55	G	-		
398	56	O	5.55	T	-		
398	57	O	5.55	T	-		
398	58	O	5.55	T	-		
398	59	O	5.55	G	-		
398	60	O	5.55	C	-		
398	61	O	5.55	G	-		
398	62	O	5.55	G	-		
398	63	O	5.55	T	-		
398	64	O	5.55	A	-		
398	65	O	5.55	A	-		
398	66	O	5.55	A	-		
398	67	O	5.55	A	-		
398	68	O	5.55	G	-		
398	69	O	5.55	A	-		
398	70	O	5.55	G	-		
398	71	O	5.55	C	-		
398	72	O	5.55	T	-		
398	73	O	5.55	T	-		
398	74	O	5.55	C	-		
398	75	O	5.55	G	-		
398	76	O	5.55	T	-		
398	77	O	5.55	T	-		
398	78	O	5.55	T	-		
398	79	O	5.55	C	-		
398	80	O	5.55	C	-		
398	81	O	5.55	T	-		
398	82	O	5.55	C	-		
398	83	O	5.55	G	-		
398	84	O	5.55	G	-		
398	85	O	5.55	T	-		
398	86	O	5.55	C	-		
398	87	O	5.55	A	-		
398	88	O	5.55	C	-		
398	89	O	5.55	A	-		
398	90	O	5.55	T	-		
398	91	O	5.55	A	-		
398	92	O	5.55	G	-		
398	93	O	5.55	T	-		
398	94	O	5.55	C	-		
398	95	O	5.55	A	-		
398	96	O	5.55	G	-		
398	97	O	5.55	T	-		
398	98	O	5.55	G	-		
398	99	O	5.55	C	-		
398	100	O	5.55	C	-		
398	101	O	5.55	G	-		
398	102	O	5.55	A	-		
398	103	O	5.55	T	-		
398	104	O	5.55	G	-		
398	105	O	5.55	G	-		
398	106	O	5.55	A	-		
398	107	O	5.55	C	-		
398	108	O	5.55	G	-		
398	109	O	5.55	G	-		
399	0	O	6.93	A	-		
399	1	O	6.93	A	-		
399	2	O	6.93	G	-		
399	3	O	6.93	A	-		
399	4	O	6.93	G	-		
399	5	O	6.93	A	-		
399	6	O	6.93	G	-		
399	7	O	6.93	A	-		
399	8	O	6.93	G	-		
399	9	O	6.93	A	-		
399	10	O	6.93	G	-		
399	11	O	6.93	A	-		
399	12	O	6.93	G	-		
399	13	O	6.93	A	-		
399	14	O	6.93	C	-		
399	15	O	6.93	T	-		
399	16	O	6.93	G	-		
399	17	O	6.93	G	-		
399	18	O	6.93	T	-		
399	19	O	6.93	T	-		
399	20	O	6.93	G	-		
399	21	O	6.93	T	-		
399	22	O	6.93	G	-		
399	23	O	6.93	C	-		
399	24	O	6.93	G	-		
399	25	O	6.93	A	-		
399	26	O	6.93	A	-		
399	27	O	6.93	G	-		
399	28	O	6.93	T	-		
399	29	O	6.93	C	-		
399	30	O	6.93	G	-		
399	31	O	6.93	T	-		
399	32	O	6.93	G	-		
399	33	O	6.93	G	-		
399	34	O	6.93	C	-		
399	35	O	6.93	C	-		
399	36	O	6.93	C	-		
399	37	O	6.93	T	-		
399	38	O	6.93	T	-		
399	39	O	6.93	C	-		
399	40	O	6.93	A	-		
399	41	O	6.93	G	-		
399	42	O	6.93	C	-		
399	43	O	6.93	T	-		
399	44	O	6.93	G	-		
399	45	O	6.93	T	-		
399	46	O	6.93	T	-		
399	47	O	6.93	C	-		
399	48	O	6.93	G	-		
399	49	O	6.93	T	-		
399	50	O	6.93	G	-		
399	51	O	6.93	G	-		
399	52	O	6.93	T	-		
399	53	O	6.93	A	-		
399	54	O	6.93	A	-		
399	55	O	6.93	G	-		
399	56	O	6.93	G	-		
399	57	O	6.93	T	-		
399	58	O	6.93	G	-		
399	59	O	6.93	A	-		
399	60	O	6.93	A	-		
399	61	O	6.93	A	-		
399	62	O	6.93	G	-		
399	63	O	6.93	G	-		
399	64	O	6.93	T	-		
399	65	O	6.93	G	-		
399	66	O	6.93	G	-		
399	67	O	6.93	T	-		
399	68	O	6.93	T	-		
399	69	O	6.93	G	-		
399	70	O	6.93	C	-		
399	71	O	6.93	G	-		
399	72	O	6.93	T	-		
399	73	O	6.93	G	-		
399	74	O	6.93	G	-		
399	75	O	6.93	T	-		
399	76	O	6.93	C	-		
399	77	O	6.93	G	-		
399	78	O	6.93	C	-		
399	79	O	6.93	A	-		
399	80	O	6.93	G	-		
399	81	O	6.93	A	-		
399	82	O	6.93	G	-		
399	83	O	6.93	A	-		
399	84	O	6.93	A	-		
399	85	O	6.93	A	-		
399	86	O	6.93	A	-		
399	87	O	6.93	A	-		
399	88	O	6.93	G	-		
399	89	O	6.93	A	-		
399	90	O	6.93	G	-		
399	91	O	6.93	T	-		
399	92	O	6.93	C	-		
399	93	O	6.93	T	-		
399	94	O	6.93	G	-		
399	95	O	6.93	A	-		
399	96	O	6.93	T	-		
399	97	O	6.93	T	-		
399	98	O	6.93	G	-		
399	99	O	6.93	T	-		
399	100	O	6.93	G	-		
399	101	O	6.93	C	-		
399	102	O	6.93	G	-		
399	103	O	6.93	A	-		
399	104	O	6.93	T	-		
399	105	O	6.93	G	-		
399	106	O	6.93	T	-		
399	107	O	6.93	C	-		
399	108	O	6.93	G	-		
399	109	O	6.93	T	-		
400	0	O	9.70	A	-		
400	1	O	9.70	G	-		
400	2	O	9.70	G	-		
400	3	O	9.70	A	-		
400	4	O	9.70	G	-		
400	5	O	9.70	G	-		
400	6	O	9.70	G	-		
400	7	O	9.70	T	-		
400	8	O	9.70	G	-		
400	9	O	9.70	G	-		
400	10	O	9.70	A	-		
400	11	O	9.70	A	-		
400	12	O	9.70	A	-		
400	13	O	9.70	G	-		
400	14	O	9.70	G	-		
400	15	O	9.70	G	-		
400	16	O	9.70	G	-		
400	17	O	9.70	A	-		
400	18	O	9.70	A	-		
400	19	O	9.70	G	-		
400	20	O	9.70	A	-		
400	21	O	9.70	C	-		
400	22	O	9.70	T	-		
400	23	O	9.70	T	-		
400	24	O	9.70	G	-		
400	25	O	9.70	C	-		
400	26	O	9.70	C	-		
400	27	O	9.70	T	-		
400	28	O	9.70	G	-		
400	29	O	9.70	A	-		
400	30	O	9.70	T	-		
400	31	O	9.70	T	-		
400	32	O	9.70	G	-		
400	33	O	9.70	A	-		
400	34	O	9.70	A	-		
400	35	O	9.70	A	-		
400	36	O	9.70	T	-		
400	37	O	9.70	G	-		
400	38	O	9.70	T	-		
400	39	O	9.70	T	-		
400	40	O	9.70	C	-		
400	41	O	9.70	A	-		
400	42	O	9.70	C	-		
400	43	O	9.70	C	-		
400	44	O	9.70	C	-		
400	45	O	9.70	A	-		
400	46	O	9.70	A	-		
400	47	O	9.70	A	-		
400	48	O	9.70	A	-		
400	49	O	9.70	T	-		
400	50	O	9.70	C	-		
400	51	O	9.70	A	-		
400	52	O	9.70	A	-		
400	53	O	9.70	C	-		
400	54	O	9.70	C	-		
400	55	O	9.70	A	-		
400	56	O	9.70	G	-		
400	57	O	9.70	A	-		
400	58	O	9.70	T	-		
400	59	O	9.70	A	-		
400	60	O	9.70	T	-		
400	61	O	9.70	T	-		
400	62	O	9.70	A	-		
400	63	O	9.70	C	-		
400	64	O	9.70	T	-		
400	65	O	9.70	C	-		
400	66	O	9.70	C	-		
400	67	O	9.70	A	-		
400	68	O	9.70	T	-		
400	69	O	9.70	T	-		
400	70	O	9.70	C	-		
400	71	O	9.70	C	-		
400	72	O	9.70	A	-		
400	73	O	9.70	A	-		
400	74	O	9.70	C	-		
400	75	O	9.70	C	-		
400	76	O	9.70	T	-		
400	77	O	9.70	A	-		
400	78	O	9.70	A	-		
400	79	O	9.70	T	-		
400	80	O	9.70	C	-		
400	81	O	9.70	C	-		
400	82	O	9.70	T	-		
400	83	O	9.70	T	-		
400	84	O	9.70	C	-		
400	85	O	9.70	C	-		
400	86	O	9.70	C	-		
400	87	O	9.70	A	-		
400	88	O	9.70	T	-		
400	89	O	9.70	A	-		
400	90	O	9.70	T	-		
400	91	O	9.70	T	-		
400	92	O	9.70	G	-		
400	93	O	9.70	T	-		
400	94	O	9.70	A	-		
400	95	O	9.70	A	-		
400	96	O	9.70	T	-		
400	97	O	9.70	A	-		
400	98	O	9.70	A	-		
400	99	O	9.70	C	-		
400	100	O	9.70	T	-		
400	101	O	9.70	A	-		
400	102	O	9.70	A	-		
400	103	O	9.70	T	-		
400	104	O	9.70	C	-		
400	105	O	9.70	T	-		
400	106	O	9.70	C	-		
400	107	O	9.70	G	-		
400	108	O	9.70	A	-		
400	109	O	9.70	C	-		
401	0	O	5.55	C	-		
401	1	O	5.55	T	-		
401	2	O	5.55	A	-		
401	3	O	5.55	A	-		
401	4	O	5.55	C	-		
401	5	O	5.55	A	-		
401	6	O	5.55	A	-		
401	7	O	5.55	A	-		
401	8	O	5.55	T	-		
401	9	O	5.55	G	-		
401	10	O	5.55	T	-		
401	11	O	5.55	T	-		
401	12	O	5.55	A	-		
401	13	O	5.55	A	-		
401	14	O	5.55	C	-		
401	15	O	5.55	G	-		
401	16	O	5.55	A	-		
401	17	O	5.55	T	-		
401	18	O	5.55	G	-		
401	19	O	5.55	A	-		
401	20	O	5.55	A	-		
401	21	O	5.55	G	-		
401	22	O	5.55	G	-		
401	23	O	5.55	A	-		
401	24	O	5.55	C	-		
401	25	O	5.55	A	-		
401	26	O	5.55	T	-		
401	27	O	5.55	C	-		
401	28	O	5.55	T	-		
401	29	O	5.55	T	-		
401	30	O	5.55	T	-		
401	31	O	5.55	A	-		
401	32	O	5.55	C	-		
401	33	O	5.55	G	-		
401	34	O	5.55	G	-		
401	35	O	5.55	G	-		
401	36	O	5.55	G	-		
401	37	O	5.55	T	-		
401	38	O	5.55	T	-		
401	39	O	5.55	C	-		
401	40	O	5.55	A	-		
401	41	O	5.55	C	-		
401	42	O	5.55	G	-		
401	43	O	5.55	G	-		
401	44	O	5.55	A	-		
401	45	O	5.55	G	-		
401	46	O	5.55	G	-		
401	47	O	5.55	C	-		
401	48	O	5.55	T	-		
401	49	O	5.55	C	-		
401	50	O	5.55	T	-		
401	51	O	5.55	G	-		
401	52	O	5.55	G	-		
401	53	O	5.55	A	-		
401	54	O	5.55	G	-		
401	55	O	5.55	G	-		
401	56	O	5.55	A	-		
401	57	O	5.55	T	-		
401	58	O	5.55	A	-		
401	59	O	5.55	T	-		
401	60	O	5.55	G	-		
401	61	O	5.55	C	-		
401	62	O	5.55	A	-		
401	63	O	5.55	G	-		
401	64	O	5.55	A	-		
401	65	O	5.55	A	-		
401	66	O	5.55	A	-		
401	67	O	5.55	C	-		
401	68	O	5.55	A	-		
401	69	O	5.55	A	-		
401	70	O	5.55	T	-		
401	71	O	5.55	T	-		
401	72	O	5.55	T	-		
401	73	O	5.55	T	-		
401	74	O	5.55	T	-		
401	75	O	5.55	C	-		
401	76	O	5.55	G	-		
401	77	O	5.55	A	-		
401	78	O	5.55	T	-		
401	79	O	5.55	A	-		
401	80	O	5.55	T	-		
401	81	O	5.55	G	-		
401	82	O	5.55	C	-		
401	83	O	5.55	T	-		
401	84	O	5.55	G	-		
401	85	O	5.55	C	-		
401	86	O	5.55	A	-		
401	87	O	5.55	A	-		
401	88	O	5.55	A	-		
401	89	O	5.55	C	-		
401	90	O	5.55	A	-		
401	91	O	5.55	C	-		
401	92	O	5.55	A	-		
401	93	O	5.55	C	-		
401	94	O	5.55	T	-		
401	95	O	5.55	T	-		
401	96	O	5.55	T	-		
401	97	O	5.55	T	-		
401	98	O	5.55	T	-		
401	99	O	5.55	G	-		
401	100	O	5.55	G	-		
401	101	O	5.55	G	-		
401	102	O	5.55	A	-		
401	103	O	5.55	A	-		
401	104	O	5.55	A	-		
401	105	O	5.55	G	-		
401	106	O	5.55	A	-		
401	107	O	5.55	A	-		
401	108	O	5.55	A	-		
401	109	O	5.55	T	-		
402	0	O	12.48	C	-		
402	1	O	12.48	A	-		
402	2	O	12.48	T	-		
402	3	O	12.48	A	-		
402	4	O	12.48	C	-		
402	5	O	12.48	A	-		
402	6	O	12.48	G	-		
402	7	O	12.48	G	-		
402	8	O	12.48	G	-		
402	9	O	12.48	A	-		
402	10	O	12.48	G	-		
402	11	O	12.48	C	-		
402	12	O	12.48	C	-		
402	13	O	12.48	A	-		
402	14	O	12.48	G	-		
402	15	O	12.48	G	-		
402	16	O	12.48	C	-		
402	17	O	12.48	A	-		
402	18	O	12.48	T	-		
402	19	O	12.48	G	-		
402	20	O	12.48	C	-		
402	21	O	12.48	T	-		
402	22	O	12.48	C	-		
402	23	O	12.48	A	-		
402	24	O	12.48	A	-		
402	25	O	12.48	T	-		
402	26	O	12.48	T	-		
402	27	O	12.48	T	-		
402	28	O	12.48	G	-		
402	29	O	4.00	G	-		
402	30	O	12.48	A	-		
402	31	O	12.48	A	-		
402	32	O	12.48	T	-		
402	33	O	12.48	A	-		
402	34	O	12.48	C	-		
402	35	O	12.48	C	-		
402	36	O	12.48	A	-		
402	37	O	12.48	T	-		
402	38	O	12.48	T	-		
402	39	O	12.48	A	-		
402	40	O	12.48	T	-		
402	41	O	12.48	C	-		
402	42	O	12.48	G	-		
402	43	O	12.48	G	-		
402	44	O	12.48	A	-		
402	45	O	12.48	T	-		
402	46	O	12.48	C	-		
402	47	O	12.48	T	-		
402	48	O	12.48	C	-		
402	49	O	12.48	C	-		
402	50	O	12.48	A	-		
402	51	O	12.48	C	-		
402	52	O	12.48	C	-		
402	53	O	12.48	T	-		
402	54	O	12.48	T	-		
402	55	O	12.48	A	-		
402	56	O	12.48	A	-		
402	57	O	12.48	T	-		
402	58	O	12.48	G	-		
402	59	O	12.48	A	-		
402	60	O	12.48	C	-		
402	61	O	12.48	A	-		
402	62	O	12.48	A	-		
402	63	O	12.48	A	-		
402	64	O	12.48	C	-		
402	65	O	12.48	T	-		
402	66	O	12.48	G	-		
402	67	O	12.48	C	-		
402	68	O	12.48	A	-		
402	69	O	12.48	G	-		
402	70	O	12.48	T	-		
402	71	O	12.48	T	-		
402	72	O	12.48	G	-		
402	73	O	12.48	G	-		
402	74	O	12.48	G	-		
402	75	O	12.48	G	-		
402	76	O	12.48	C	-		
402	77	O	12.48	T	-		
402	78	O	12.48	T	-		
402	79	O	12.48	T	-		
402	80	O	12.48	T	-		
402	81	O	12.48	C	-		
402	82	O	12.48	C	-		
402	83	O	12.48	G	-		
402	84	O	12.48	A	-		
402	85	O	12.48	T	-		
402	86	O	12.48	C	-		
402	87	O	12.48	A	-		
402	88	O	12.48	A	-		
402	89	O	12.48	G	-		
402	90	O	12.48	C	-		
402	91	O	12.48	C	-		
402	92	O	12.48	T	-		
402	93	O	12.48	G	-		
402	94	O	12.48	C	-		
402	95	O	12.48	A	-		
402	96	O	12.48	G	-		
402	97	O	12.48	C	-		
402	98	O	12.48	G	-		
402	99	O	12.48	G	-		
402	100	O	12.48	A	-		
402	101	O	12.48	T	-		
402	102	O	12.48	T	-		
402	103	O	12.48	G	-		
402	104	O	12.48	A	-		
402	105	O	12.48	T	-		
402	106	O	12.48	C	-		
402	107	O	12.48	C	-		
402	108	O	12.48	A	-		
402	109	O	12.48	C	-		
403	0	O	5.55	C	-		
403	1	O	5.55	T	-		
403	2	O	5.55	C	-		
403	3	O	5.55	A	-		
403	4	O	5.55	T	-		
403	5	O	5.55	C	-		
403	6	O	5.55	G	-		
403	7	O	5.55	C	-		
403	8	O	5.55	G	-		
403	9	O	5.55	C	-		
403	10	O	5.55	C	-		
403	11	O	5.55	T	-		
403	12	O	5.55	G	-		
403	13	O	5.55	C	-		
403	14	O	5.55	C	-		
403	15	O	5.55	T	-		
403	16	O	5.55	G	-		
403	17	O	5.55	T	-		
403	18	O	5.55	T	-		
403	19	O	5.55	T	-		
403	20	O	5.55	G	-		
403	21	O	5.55	G	-		
403	22	O	5.55	C	-		
403	23	O	5.55	A	-		
403	24	O	5.55	T	-		
403	25	O	5.55	C	-		
403	26	O	5.55	G	-		
403	27	O	5.55	A	-		
403	28	O	5.55	G	-		
403	29	O	5.55	G	-		
403	30	O	5.55	T	-		
403	31	O	5.55	C	-		
403	32	O	5.55	G	-		
403	33	O	5.55	A	-		
403	34	O	5.55	G	-		
403	35	O	5.55	G	-		
403	36	O	5.55	A	-		
403	37	O	5.55	A	-		
403	38	O	5.55	A	-		
403	39	O	5.55	A	-		
403	40	O	5.55	C	-		
403	41	O	5.55	C	-		
403	42	O	5.55	C	-		
403	43	O	5.55	G	-		
403	44	O	5.55	G	-		
403	45	O	5.55	A	-		
403	46	O	5.55	T	-		
403	47	O	5.55	G	-		
403	48	O	5.55	T	-		
403	49	O	5.55	C	-		
403	50	O	5.55	G	-		
403	51	O	5.55	G	-		
403	52	O	5.55	T	-		
403	53	O	5.55	C	-		
403	54	O	5.55	T	-		
403	55	O	5.55	C	-		
403	56	O	5.55	A	-		
403	57	O	5.55	T	-		
403	58	O	5.55	T	-		
403	59	O	5.55	G	-		
403	60	O	5.55	G	-		
403	61	O	5.55	T	-		
403	62	O	5.55	T	-		
403	63	O	5.55	T	-		
403	64	O	5.55	T	-		
403	65	O	5.55	G	-		
403	66	O	5.55	C	-		
403	67	O	5.55	G	-		
403	68	O	5.55	G	-		
403	69	O	5.55	C	-		
403	70	O	5.55	G	-		
403	71	O	5.55	C	-		
403	72	O	5.55	A	-		
403	73	O	5.55	A	-		
403	74	O	5.55	C	-		
403	75	O	5.55	T	-		
403	76	O	5.55	C	-		
403	77	O	5.55	T	-		
403	78	O	5.55	G	-		
403	79	O	5.55	C	-		
403	80	O	5.55	T	-		
403	81	O	5.55	T	-		
403	82	O	5.55	G	-		
403	83	O	5.55	C	-		
403	84	O	5.55	C	-		
403	85	O	5.55	G	-		
403	86	O	5.55	T	-		
403	87	O	5.55	G	-		
403	88	O	5.55	G	-		
403	89	O	5.55	C	-		
403	90	O	5.55	C	-		
403	91	O	5.55	G	-		
403	92	O	5.55	G	-		
403	93	O	5.55	T	-		
403	94	O	5.55	T	-		
403	95	O	5.55	G	-		
403	96	O	5.55	A	-		
403	97	O	5.55	C	-		
403	98	O	5.55	C	-		
403	99	O	5.55	A	-		
403	100	O	5.55	G	-		
403	101	O	5.55	G	-		
403	102	O	5.55	C	-		
403	103	O	5.55	G	-		
403	104	O	5.55	A	-		
403	105	O	5.55	T	-		
403	106	O	5.55	G	-		
403	107	O	5.55	G	-		
403	108	O	5.55	G	-		
403	109	O	5.55	C	-		
404	0	O	8.32	T	-		
404	1	O	8.32	T	-		
404	2	O	8.32	C	-		
404	3	O	8.32	T	-		
404	4	O	8.32	G	-		
404	5	O	8.32	G	-		
404	6	O	8.32	A	-		
404	7	O	8.32	T	-		
404	8	O	8.32	C	-		
404	9	O	8.32	C	-		
404	10	O	8.32	C	-		
404	11	O	8.32	T	-		
404	12	O	8.32	C	-		
404	13	O	8.32	T	-		
404	14	O	8.32	C	-		
404	15	O	8.32	T	-		
404	16	O	8.32	C	-		
404	17	O	8.32	A	-		
404	18	O	8.32	G	-		
404	19	O	8.32	G	-		
404	20	O	8.32	T	-		
404	21	O	8.32	T	-		
404	22	O	8.32	C	-		
404	23	O	8.32	G	-		
404	24	O	8.32	T	-		
404	25	O	8.32	C	-		
404	26	O	8.32	G	-		
404	27	O	8.32	A	-		
404	28	O	8.32	T	-		
404	29	O	8.32	C	-		
404	30	O	8.32	C	-		
404	31	O	8.32	T	-		
404	32	O	8.32	C	-		
404	33	O	8.32	T	-		
404	34	O	8.32	C	-		
404	35	O	8.32	A	-		
404	36	O	8.32	A	-		
404	37	O	8.32	G	-		
404	38	O	8.32	T	-		
404	39	O	8.32	T	-		
404	40	O	8.32	T	-		
404	41	O	8.32	C	-		
404	42	O	8.32	T	-		
404	43	O	8.32	T	-		
404	44	O	8.32	A	-		
404	45	O	8.32	T	-		
404	46	O	8.32	C	-		
404	47	O	8.32	C	-		
404	48	O	8.32	C	-		
404	49	O	8.32	G	-		
404	50	O	8.32	T	-		
404	51	O	8.32	T	-		
404	52	O	8.32	G	-		
404	53	O	8.32	A	-		
404	54	O	8.32	A	-		
404	55	O	8.32	G	-		
404	56	O	8.32	G	-		
404	57	O	8.32	A	-		
404	58	O	8.32	T	-		
404	59	O	8.32	T	-		
404	60	O	8.32	T	-		
404	61	O	8.32	T	-		
404	62	O	8.32	T	-		
404	63	O	8.32	A	-		
404	64	O	8.32	T	-		
404	65	O	8.32	C	-		
404	66	O	8.32	T	-		
404	67	O	8.32	T	-		
404	68	O	8.32	A	-		
404	69	O	8.32	T	-		
404	70	O	8.32	C	-		
404	71	O	8.32	T	-		
404	72	O	8.32	T	-		
404	73	O	8.32	A	-		
404	74	O	8.32	T	-		
404	75	O	8.32	G	-		
404	76	O	8.32	A	-		
404	77	O	8.32	A	-		
404	78	O	8.32	T	-		
404	79	O	8.32	C	-		
404	80	O	8.32	G	-		
404	81	O	8.32	T	-		
404	82	O	8.32	T	-		
404	83	O	8.32	T	-		
404	84	O	8.32	T	-		
404	85	O	8.32	C	-		
404	86	O	8.32	C	-		
404	87	O	8.32	C	-		
404	88	O	8.32	C	-		
404	89	O	8.32	A	-		
404	90	O	8.32	A	-		
404	91	O	8.32	A	-		
404	92	O	8.32	A	-		
404	93	O	8.32	C	-		
404	94	O	8.32	A	-		
404	95	O	8.32	T	-		
404	96	O	8.32	C	-		
404	97	O	8.32	G	-		
404	98	O	8.32	A	-		
404	99	O	8.32	G	-		
404	100	O	8.32	C	-		
404	101	O	8.32	T	-		
404	102	O	8.32	T	-		
404	103	O	8.32	A	-		
404	104	O	8.32	C	-		
404	105	O	8.32	C	-		
404	106	O	8.32	T	-		
404	107	O	8.32	C	-		
404	108	O	8.32	A	-		
404	109	O	8.32	T	-		
405	0	O	6.93	T	-		
405	1	O	6.93	C	-		
405	2	O	6.93	T	-		
405	3	O	6.93	T	-		
405	4	O	6.93	G	-		
405	5	O	6.93	A	-		
405	6	O	6.93	C	-		
405	7	O	6.93	T	-		
405	8	O	6.93	T	-		
405	9	O	6.93	A	-		
405	10	O	6.93	T	-		
405	11	O	6.93	G	-		
405	12	O	6.93	C	-		
405	13	O	6.93	G	-		
405	14	O	6.93	C	-		
405	15	O	6.93	A	-		
405	16	O	6.93	A	-		
405	17	O	6.93	C	-		
405	18	O	6.93	A	-		
405	19	O	6.93	A	-		
405	20	O	6.93	T	-		
405	21	O	6.93	C	-		
405	22	O	6.93	A	-		
405	23	O	6.93	A	-		
405	24	O	6.93	G	-		
405	25	O	6.93	A	-		
405	26	O	6.93	G	-		
405	27	O	6.93	A	-		
405	28	O	6.93	A	-		
405	29	O	6.93	A	-		
405	30	O	6.93	G	-		
405	31	O	6.93	G	-		
405	32	O	6.93	T	-		
405	33	O	6.93	C	-		
405	34	O	6.93	C	-		
405	35	O	6.93	A	-		
405	36	O	6.93	A	-		
405	37	O	6.93	T	-		
405	38	O	6.93	T	-		
405	39	O	6.93	A	-		
405	40	O	6.93	T	-		
405	41	O	6.93	G	-		
405	42	O	6.93	A	-		
405	43	O	6.93	G	-		
405	44	O	6.93	C	-		
405	45	O	6.93	A	-		
405	46	O	6.93	G	-		
405	47	O	6.93	G	-		
405	48	O	6.93	T	-		
405	49	O	6.93	A	-		
405	50	O	6.93	G	-		
405	51	O	6.93	C	-		
405	52	O	6.93	T	-		
405	53	O	6.93	C	-		
405	54	O	6.93	T	-		
405	55	O	6.93	T	-		
405	56	O	6.93	A	-		
405	57	O	6.93	A	-		
405	58	O	6.93	T	-		
405	59	O	6.93	G	-		
405	60	O	6.93	A	-		
405	61	O	6.93	A	-		
405	62	O	6.93	A	-		
405	63	O	6.93	G	-		
405	64	O	6.93	G	-		
405	65	O	6.93	A	-		
405	66	O	6.93	T	-		
405	67	O	6.93	G	-		
405	68	O	6.93	C	-		
405	69	O	6.93	A	-		
405	70	O	6.93	A	-		
405	71	O	6.93	G	-		
405	72	O	6.93	A	-		
405	73	O	6.93	G	-		
405	74	O	6.93	T	-		
405	75	O	6.93	A	-		
405	76	O	6.93	C	-		
405	77	O	6.93	A	-		
405	78	O	6.93	A	-		
405	79	O	6.93	G	-		
405	80	O	6.93	C	-		
405	81	O	6.93	G	-		
405	82	O	6.93	G	-		
405	83	O	6.93	C	-		
405	84	O	6.93	A	-		
405	85	O	6.93	G	-		
405	86	O	6.93	G	-		
405	87	O	6.93	T	-		
405	88	U	-0.27	T	G		
405	89	O	6.93	G	-		
405	90	O	6.93	A	-		
405	91	O	6.93	T	-		
405	92	O	6.93	C	-		
405	93	O	6.93	G	-		
405	94	O	6.93	A	-		
405	95	O	6.93	G	-		
405	96	O	6.93	A	-		
405	97	O	6.93	A	-		
405	98	O	6.93	A	-		
405	99	O	6.93	C	-		
405	100	O	6.93	C	-		
405	101	O	6.93	A	-		
405	102	O	6.93	G	-		
405	103	O	6.93	G	-		
405	104	O	6.93	T	-		
405	105	O	6.93	G	-		
405	106	O	6.93	G	-		
405	107	O	6.93	T	-		
405	108	O	6.93	C	-		
405	109	O	6.93	T	-		
406	0	O	5.55	C	-		
406	1	O	5.55	A	-		
406	2	O	5.55	T	-		
406	3	O	5.55	T	-		
406	4	O	5.55	C	-		
406	5	O	5.55	A	-		
406	6	O	5.55	G	-		
406	7	O	5.55	C	-		
406	8	O	5.55	G	-		
406	9	O	5.55	T	-		
406	10	O	5.55	G	-		
406	11	O	5.55	G	-		
406	12	O	5.55	T	-		
406	13	O	5.55	G	-		
406	14	O	5.55	G	-		
406	15	O	5.55	G	-		
406	16	O	5.55	T	-		
406	17	O	5.55	T	-		
406	18	O	5.55	T	-		
406	19	O	5.55	G	-		
406	20	O	5.55	A	-		
406	21	O	5.55	A	-		
406	22	O	5.55	A	-		
406	23	O	5.55	T	-		
406	24	O	5.55	T	-		
406	25	O	5.55	C	-		
406	26	O	5.55	T	-		
406	27	O	5.55	C	-		
406	28	O	5.55	C	-		
406	29	O	5.55	C	-		
406	30	O	5.55	C	-		
406	31	O	5.55	C	-		
406	32	O	5.55	A	-		
406	33	O	5.55	C	-		
406	34	O	5.55	A	-		
406	35	O	5.55	C	-		
406	36	O	5.55	T	-		
406	37	O	5.55	A	-		
406	38	O	5.55	A	-		
406	39	O	5.55	G	-		
406	40	O	5.55	A	-		
406	41	O	5.55	A	-		
406	42	O	5.55	T	-		
406	43	O	5.55	T	-		
406	44	O	5.55	C	-		
406	45	O	5.55	A	-		
406	46	O	5.55	G	-		
406	47	O	5.55	G	-		
406	48	O	5.55	A	-		
406	49	O	5.55	T	-		
406	50	O	5.55	G	-		
406	51	O	5.55	G	-		
406	52	O	5.55	A	-		
406	53	O	5.55	A	-		
406	54	O	5.55	A	-		
406	55	O	5.55	T	-		
406	56	O	5.55	A	-		
406	57	O	5.55	C	-		
406	58	O	5.55	A	-		
406	59	O	5.55	T	-		
406	60	O	5.55	A	-		
406	61	O	5.55	G	-		
406	62	O	5.55	T	-		
406	63	O	5.55	T	-		
406	64	O	5.55	T	-		
406	65	O	5.55	T	-		
406	66	O	5.55	T	-		
406	67	O	5.55	T	-		
406	68	O	5.55	G	-		
406	69	O	5.55	G	-		
406	70	O	5.55	G	-		
406	71	O	5.55	G	-		
406	72	O	5.55	G	-		
406	73	O	5.55	G	-		
406	74	O	5.55	A	-		
406	75	O	5.55	A	-		
406	76	O	5.55	A	-		
406	77	O	5.55	T	-		
406	78	O	5.55	A	-		
406	79	O	5.55	A	-		
406	80	O	5.55	T	-		
406	81	O	5.55	T	-		
406	82	O	5.55	T	-		
406	83	O	5.55	G	-		
406	84	O	5.55	A	-		
406	85	O	5.55	T	-		
406	86	O	5.55	T	-		
406	87	O	5.55	A	-		
406	88	O	5.55	T	-		
406	89	O	5.55	T	-		
406	90	O	5.55	T	-		
406	91	O	5.55	T	-		
406	92	O	5.55	T	-		
406	93	O	5.55	A	-		
406	94	O	5.55	A	-		
406	95	O	5.55	A	-		
406	96	O	5.55	A	-		
406	97	O	5.55	G	-		
406	98	O	5.55	T	-		
406	99	O	5.55	T	-		
406	100	O	5.55	T	-		
406	101	O	5.55	T	-		
406	102	O	5.55	A	-		
406	103	O	5.55	T	-		
406	104	O	5.55	G	-		
406	105	O	5.55	G	-		
406	106	O	5.55	T	-		
406	107	O	5.55	A	-		
406	108	O	5.55	A	-		
406	109	O	5.55	A	-		
407	0	O	9.70	C	-		
407	1	O	9.70	G	-		
407	2	O	9.70	C	-		
407	3	O	9.70	A	-		
407	4	O	9.70	G	-		
407	5	O	9.70	C	-		
407	6	O	9.70	T	-		
407	7	O	9.70	G	-		
407	8	O	9.70	G	-		
407	9	O	9.70	C	-		
407	10	O	9.70	C	-		
407	11	O	9.70	C	-		
407	12	O	9.70	G	-		
407	13	O	9.70	C	-		
407	14	O	9.70	G	-		
407	15	O	9.70	A	-		
407	16	O	9.70	G	-		
407	17	O	9.70	C	-		
407	18	O	9.70	G	-		
407	19	O	9.70	G	-		
407	20	O	9.70	C	-		
407	21	O	9.70	T	-		
407	22	O	9.70	C	-		
407	23	O	9.70	T	-		
407	24	O	9.70	C	-		
407	25	O	9.70	G	-		
407	26	O	9.70	G	-		
407	27	O	9.70	G	-		
407	28	O	9.70	C	-		
407	29	O	9.70	G	-		
407	30	O	9.70	G	-		
407	31	O	9.70	G	-		
407	32	O	9.70	C	-		
407	33	O	9.70	G	-		
407	34	O	9.70	C	-		
407	35	O	9.70	C	-		
407	36	O	9.70	A	-		
407	37	O	9.70	A	-		
407	38	O	9.70	T	-		
407	39	O	9.70	T	-		
407	40	O	9.70	T	-		
407	41	O	9.70	G	-		
407	42	O	9.70	T	-		
407	43	O	9.70	C	-		
407	44	O	9.70	T	-		
407	45	O	9.70	T	-		
407	46	O	9.70	G	-		
407	47	O	9.70	C	-		
407	48	O	9.70	T	-		
407	49	O	9.70	T	-		
407	50	O	9.70	G	-		
407	51	O	9.70	C	-		
407	52	O	9.70	G	-		
407	53	O	9.70	C	-		
407	54	O	9.70	C	-		
407	55	O	9.70	C	-		
407	56	O	9.70	G	-		
407	57	O	9.70	T	-		
407	58	O	9.70	T	-		
407	59	O	9.70	G	-		
407	60	O	9.70	G	-		
407	61	O	9.70	T	-		
407	62	O	9.70	G	-		
407	63	O	9.70	G	-		
407	64	O	9.70	A	-		
407	65	O	9.70	G	-		
407	66	O	9.70	T	-		
407	67	O	9.70	G	-		
407	68	O	9.70	C	-		
407	69	O	9.70	G	-		
407	70	O	9.70	T	-		
407	71	O	9.70	G	-		
407	72	O	9.70	C	-		
407	73	O	9.70	G	-		
407	74	O	9.70	C	-		
407	75	O	9.70	C	-		
407	76	O	9.70	C	-		
407	77	O	9.70	T	-		
407	78	O	9.70	C	-		
407	79	O	9.70	C	-		
407	80	O	9.70	G	-		
407	81	O	9.70	C	-		
407	82	O	9.70	A	-		
407	83	O	9.70	T	-		
407	84	O	9.70	C	-		
407	85	O	9.70	C	-		
407	86	O	9.70	C	-		
407	87	O	9.70	C	-		
407	88	O	9.70	T	-		
407	89	O	9.70	G	-		
407	90	O	9.70	T	-		
407	91	O	9.70	C	-		
407	92	O	9.70	A	-		
407	93	O	9.70	G	-		
407	94	O	9.70	T	-		
407	95	O	9.70	G	-		
407	96	O	9.70	T	-		
407	97	O	9.70	G	-		
407	98	O	9.70	T	-		
407	99	O	9.70	C	-		
407	100	O	9.70	A	-		
407	101	O	9.70	T	-		
407	102	O	9.70	C	-		
407	103	O	9.70	C	-		
407	104	O	9.70	A	-		
407	105	O	9.70	T	-		
407	106	O	9.70	C	-		
407	107	O	9.70	T	-		
407	108	O	9.70	C	-		
407	109	O	9.70	G	-		
408	0	O	6.93	A	-		
408	1	O	6.93	T	-		
408	2	O	6.93	G	-		
408	3	O	6.93	C	-		
408	4	O	6.93	G	-		
408	5	O	6.93	C	-		
408	6	O	6.93	G	-		
408	7	O	6.93	C	-		
408	8	O	6.93	A	-		
408	9	O	6.93	C	-		
408	10	O	6.93	T	-		
408	11	O	6.93	C	-		
408	12	O	6.93	A	-		
408	13	O	6.93	G	-		
408	14	O	6.93	G	-		
408	15	O	6.93	T	-		
408	16	O	6.93	C	-		
408	17	O	6.93	T	-		
408	18	O	6.93	T	-		
408	19	O	6.93	C	-		
408	20	O	6.93	G	-		
408	21	O	6.93	G	-		
408	22	O	6.93	C	-		
408	23	O	6.93	G	-		
408	24	O	6.93	A	-		
408	25	O	6.93	T	-		
408	26	O	6.93	C	-		
408	27	O	6.93	T	-		
408	28	O	6.93	C	-		
408	29	O	6.93	A	-		
408	30	O	6.93	C	-		
408	31	O	6.93	G	-		
408	32	O	6.93	G	-		
408	33	O	6.93	T	-		
408	34	O	6.93	A	-		
408	35	O	6.93	G	-		
408	36	O	6.93	T	-		
408	37	O	6.93	A	-		
408	38	O	6.93	G	-		
408	39	O	6.93	G	-		
408	40	O	6.93	C	-		
408	41	O	6.93	C	-		
408	42	O	6.93	G	-		
408	43	O	6.93	G	-		
408	44	O	6.93	C	-		
408	45	O	6.93	A	-		
408	46	O	6.93	T	-		
408	47	O	6.93	G	-		
408	48	O	6.93	C	-		
408	49	O	6.93	T	-		
408	50	O	6.93	G	-		
408	51	O	6.93	C	-		
408	52	O	6.93	T	-		
408	53	O	6.93	T	-		
408	54	O	6.93	T	-		
408	55	O	6.93	C	-		
408	56	O	6.93	C	-		
408	57	O	6.93	G	-		
408	58	O	6.93	A	-		
408	59	O	6.93	T	-		
408	60	O	6.93	C	-		
408	61	O	6.93	C	-		
408	62	O	6.93	C	-		
408	63	O	6.93	A	-		
408	64	O	6.93	G	-		
408	65	O	6.93	T	-		
408	66	O	6.93	G	-		
408	67	O	6.93	T	-		
408	68	O	6.93	C	-		
408	69	O	6.93	G	-		
408	70	O	6.93	C	-		
408	71	O	6.93	G	-		
408	72	O	6.93	T	-		
408	73	O	6.93	G	-		
408	74	O	6.93	C	-		
408	75	O	6.93	G	-		
408	76	O	6.93	G	-		
408	77	O	6.93	A	-		
408	78	O	6.93	A	-		
408	79	O	6.93	T	-		
408	80	O	6.93	G	-		
408	81	O	6.93	C	-		
408	82	O	6.93	A	-		
408	83	O	6.93	A	-		
408	84	O	6.93	C	-		
408	85	O	6.93	G	-		
408	86	O	6.93	A	-		
408	87	O	6.93	C	-		
408	88	O	6.93	T	-		
408	89	O	6.93	T	-		
408	90	O	6.93	G	-		
408	91	O	6.93	T	-		
408	92	O	6.93	A	-		
408	93	O	6.93	C	-		
408	94	O	6.93	A	-		
408	95	O	6.93	A	-		
408	96	O	6.93	G	-		
408	97	O	6.93	C	-		
408	98	O	6.93	C	-		
408	99	O	6.93	A	-		
408	100	O	6.93	G	-		
408	101	O	6.93	T	-		
408	102	O	6.93	C	-		
408	103	O	6.93	T	-		
408	104	O	6.93	G	-		
408	105	O	6.93	C	-		
408	106	O	6.93	C	-		
408	107	O	6.93	G	-		
408	108	O	6.93	G	-		
408	109	O	6.93	G	-		
409	0	O	6.93	T	-		
409	1	O	6.93	C	-		
409	2	O	6.93	A	-		
409	3	O	6.93	C	-		
409	4	O	6.93	C	-		
409	5	O	6.93	C	-		
409	6	O	6.93	A	-		
409	7	O	6.93	G	-		
409	8	O	6.93	C	-		
409	9	O	6.93	T	-		
409	10	O	6.93	G	-		
409	11	O	6.93	T	-		
409	12	O	6.93	G	-		
409	13	O	6.93	G	-		
409	14	O	6.93	G	-		
409	15	O	6.93	A	-		
409	16	O	6.93	C	-		
409	17	O	6.93	A	-		
409	18	O	6.93	A	-		
409	19	O	6.93	T	-		
409	20	O	6.93	C	-		
409	21	O	6.93	A	-		
409	22	O	6.93	G	-		
409	23	O	6.93	A	-		
409	24	O	6.93	A	-		
409	25	O	6.93	A	-		
409	26	O	6.93	G	-		
409	27	O	6.93	T	-		
409	28	O	6.93	C	-		
409	29	O	6.93	T	-		
409	30	O	6.93	C	-		
409	31	O	6.93	C	-		
409	32	O	6.93	G	-		
409	33	O	6.93	T	-		
409	34	O	6.93	C	-		
409	35	O	6.93	T	-		
409	36	O	6.93	G	-		
409	37	O	6.93	A	-		
409	38	O	6.93	G	-		
409	39	O	6.93	T	-		
409	40	O	6.93	T	-		
409	41	O	6.93	G	-		
409	42	O	6.93	A	-		
409	43	O	6.93	C	-		
409	44	O	6.93	G	-		
409	45	O	6.93	A	-		
409	46	O	6.93	A	-		
409	47	O	6.93	A	-		
409	48	O	6.93	C	-		
409	49	O	6.93	T	-		
409	50	O	6.93	G	-		
409	51	O	6.93	C	-		
409	52	O	6.93	G	-		
409	53	O	6.93	A	-		
409	54	O	6.93	C	-		
409	55	O	6.93	G	-		
409	56	O	6.93	C	-		
409	57	O	6.93	T	-		
409	58	O	6.93	C	-		
409	59	O	6.93	C	-		
409	60	O	6.93	A	-		
409	61	O	6.93	T	-		
409	62	O	6.93	G	-		
409	63	O	6.93	T	-		
409	64	O	6.93	T	-		
409	65	O	6.93	C	-		
409	66	O	6.93	G	-		
409	67	O	6.93	C	-		
409	68	O	6.93	G	-		
409	69	O	6.93	T	-		
409	70	O	6.93	T	-		
409	71	O	6.93	G	-		
409	72	O	6.93	G	-		
409	73	O	6.93	C	-		
409	74	O	6.93	C	-		
409	75	O	6.93	A	-		
409	76	O	6.93	A	-		
409	77	O	6.93	G	-		
409	78	O	6.93	T	-		
409	79	O	6.93	A	-		
409	80	O	6.93	G	-		
409	81	O	6.93	A	-		
409	82	O	6.93	C	-		
409	83	O	6.93	G	-		
409	84	O	6.93	T	-		
409	85	O	6.93	G	-		
409	86	O	6.93	A	-		
409	87	O	6.93	A	-		
409	88	O	6.93	T	-		
409	89	O	6.93	G	-		
409	90	O	6.93	G	-		
409	91	O	6.93	C	-		
409	92	O	6.93	T	-		
409	93	O	6.93	A	-		
409	94	O	6.93	T	-		
409	95	O	6.93	C	-		
409	96	O	6.93	G	-		
409	97	O	6.93	A	-		
409	98	O	6.93	G	-		
409	99	O	6.93	G	-		
409	100	O	6.93	A	-		
409	101	O	6.93	G	-		
409	102	O	6.93	G	-		
409	103	O	6.93	C	-		
409	104	O	6.93	T	-		
409	105	O	6.93	G	-		
409	106	O	6.93	C	-		
409	107	O	6.93	A	-		
409	108	O	6.93	C	-		
409	109	O	6.93	A	-		
410	0	O	8.32	T	-		
410	1	O	8.32	C	-		
410	2	O	8.32	C	-		
410	3	O	8.32	T	-		
410	4	O	8.32	C	-		
410	5	O	8.32	G	-		
410	6	O	8.32	T	-		
410	7	O	8.32	C	-		
410	8	O	8.32	G	-		
410	9	O	8.32	A	-		
410	10	O	8.32	G	-		
410	11	O	8.32	C	-		
410	12	O	8.32	T	-		
410	13	O	8.32	G	-		
410	14	O	8.32	G	-		
410	15	O	8.32	G	-		
410	16	O	8.32	G	-		
410	17	O	8.32	G	-		
410	18	O	8.32	A	-		
410	19	O	8.32	A	-		
410	20	O	8.32	G	-		
410	21	O	8.32	G	-		
410	22	O	8.32	G	-		
410	23	O	8.32	C	-		
410	24	O	8.32	G	-		
410	25	O	8.32	G	-		
410	26	O	8.32	G	-		
410	27	O	8.32	C	-		
410	28	O	8.32	C	-		
410	29	O	8.32	G	-		
410	30	O	8.32	G	-		
410	31	O	8.32	A	-		
410	32	O	8.32	G	-		
410	33	O	8.32	T	-		
410	34	O	8.32	A	-		
410	35	O	8.32	C	-		
410	36	O	8.32	A	-		
410	37	O	8.32	T	-		
410	38	O	8.32	C	-		
410	39	O	8.32	T	-		
410	40	O	8.32	T	-		
410	41	O	8.32	C	-		
410	42	O	8.32	T	-		
410	43	O	8.32	C	-		
410	44	O	8.32	G	-		
410	45	O	8.32	G	-		
410	46	O	8.32	A	-		
410	47	O	8.32	G	-		
410	48	O	8.32	G	-		
410	49	O	8.32	A	-		
410	50	O	8.32	G	-		
410	51	O	8.32	A	-		
410	52	O	8.32	G	-		
410	53	O	8.32	A	-		
410	54	O	8.32	G	-		
410	55	O	8.32	G	-		
410	56	O	8.32	C	-		
410	57	O	8.32	T	-		
410	58	O	8.32	C	-		
410	59	O	8.32	G	-		
410	60	O	8.32	T	-		
410	61	O	8.32	C	-		
410	62	O	8.32	G	-		
410	63	O	8.32	G	-		
410	64	O	8.32	C	-		
410	65	O	8.32	G	-		
410	66	O	8.32	A	-		
410	67	O	8.32	T	-		
410	68	O	8.32	C	-		
410	69	O	8.32	T	-		
410	70	O	8.32	G	-		
410	71	O	8.32	G	-		
410	72	O	8.32	G	-		
410	73	O	8.32	C	-		
410	74	O	8.32	C	-		
410	75	O	8.32	T	-		
410	76	O	8.32	C	-		
410	77	O	8.32	G	-		
410	78	O	8.32	G	-		
410	79	O	8.32	G	-		
410	80	O	8.32	G	-		
410	81	O	8.32	A	-		
410	82	O	8.32	G	-		
410	83	O	8.32	G	-		
410	84	O	8.32	T	-		
410	85	O	8.32	C	-		
410	86	O	8.32	G	-		
410	87	O	8.32	G	-		
410	88	O	8.32	C	-		
410	89	O	8.32	G	-		
410	90	O	8.32	G	-		
410	91	O	8.32	A	-		
410	92	O	8.32	G	-		
410	93	O	8.32	G	-		
410	94	O	8.32	G	-		
410	95	O	8.32	C	-		
410	96	O	8.32	A	-		
410	97	O	8.32	G	-		
410	98	O	8.32	G	-		
410	99	O	8.32	T	-		
410	100	O	8.32	G	-		
410	101	O	8.32	G	-		
410	102	O	8.32	G	-		
410	103	O	8.32	T	-		
410	104	O	8.32	G	-		
410	105	O	8.32	A	-		
410	106	O	8.32	C	-		
410	107	O	8.32	G	-		
410	108	O	8.32	G	-		
410	109	O	8.32	A	-		
411	0	O	6.93	T	-		
411	1	O	6.93	A	-		
411	2	O	6.93	G	-		
411	3	O	6.93	A	-		
411	4	O	6.93	A	-		
411	5	O	6.93	C	-		
411	6	O	6.93	T	-		
411	7	O	6.93	C	-		
411	8	O	6.93	A	-		
411	9	O	6.93	C	-		
411	10	O	6.93	G	-		
411	11	O	6.93	A	-		
411	12	O	6.93	A	-		
411	13	O	6.93	T	-		
411	14	O	6.93	A	-		
411	15	O	6.93	A	-		
411	16	O	6.93	T	-		
411	17	O	6.93	C	-		
411	18	O	6.93	T	-		
411	19	O	6.93	T	-		
411	20	O	6.93	T	-		
411	21	O	6.93	C	-		
411	22	O	6.93	C	-		
411	23	O	6.93	G	-		
411	24	O	6.93	G	-		
411	25	O	6.93	T	-		
411	26	O	6.93	G	-		
411	27	O	6.93	A	-		
411	28	O	6.93	T	-		
411	29	O	6.93	G	-		
411	30	O	6.93	T	-		
411	31	O	6.93	G	-		
411	32	O	6.93	A	-		
411	33	O	6.93	C	-		
411	34	O	6.93	G	-		
411	35	O	6.93	G	-		
411	36	O	6.93	T	-		
411	37	O	6.93	C	-		
411	38	O	6.93	A	-		
411	39	O	6.93	A	-		
411	40	O	6.93	C	-		
411	41	O	6.93	G	-		
411	42	O	6.93	A	-		
411	43	O	6.93	T	-		
411	44	O	6.93	A	-		
411	45	O	6.93	G	-		
411	46	O	6.93	T	-		
411	47	O	6.93	A	-		
411	48	O	6.93	C	-		
411	49	O	6.93	C	-		
411	50	O	6.93	A	-		
411	51	O	6.93	G	-		
411	52	O	6.93	G	-		
411	53	O	6.93	C	-		
411	54	O	6.93	T	-		
411	55	O	6.93	T	-		
411	56	O	6.93	C	-		
411	57	O	6.93	G	-		
411	58	O	6.93	G	-		
411	59	O	6.93	G	-		
411	60	O	6.93	T	-		
411	61	O	6.93	T	-		
411	62	O	6.93	C	-		
411	63	O	6.93	C	-		
411	64	O	6.93	A	-		
411	65	O	6.93	T	-		
411	66	O	6.93	G	-		
411	67	O	6.93	A	-		
411	68	O	6.93	A	-		
411	69	O	6.93	C	-		
411	70	O	6.93	C	-		
411	71	O	6.93	G	-		
411	72	O	6.93	C	-		
411	73	O	6.93	G	-		
411	74	O	6.93	C	-		
411	75	O	6.93	T	-		
411	76	O	6.93	C	-		
411	77	O	6.93	C	-		
411	78	O	6.93	T	-		
411	79	O	6.93	T	-		
411	80	O	6.93	T	-		
411	81	O	6.93	T	-		
411	82	O	6.93	G	-		
411	83	O	6.93	C	-		
411	84	O	6.93	G	-		
411	85	O	6.93	G	-		
411	86	O	6.93	G	-		
411	87	O	6.93	T	-		
411	88	O	6.93	T	-		
411	89	O	6.93	G	-		
411	90	O	6.93	T	-		
411	91	O	6.93	A	-		
411	92	O	6.93	A	-		
411	93	O	6.93	T	-		
411	94	O	6.93	C	-		
411	95	O	6.93	C	-		
411	96	O	6.93	G	-		
411	97	O	6.93	C	-		
411	98	O	6.93	A	-		
411	99	O	6.93	T	-		
411	100	O	6.93	G	-		
411	101	O	6.93	C	-		
411	102	O	6.93	T	-		
411	103	O	6.93	C	-		
411	104	O	6.93	A	-		
411	105	O	6.93	C	-		
411	106	O	6.93	T	-		
411	107	O	6.93	G	-		
411	108	O	6.93	C	-		
411	109	O	6.93	T	-		
412	0	O	9.70	C	-		
412	1	O	9.70	G	-		
412	2	O	9.70	T	-		
412	3	O	9.70	C	-		
412	4	O	9.70	G	-		
412	5	O	9.70	G	-		
412	6	O	9.70	A	-		
412	7	O	9.70	T	-		
412	8	O	9.70	T	-		
412	9	O	9.70	T	-		
412	10	O	9.70	C	-		
412	11	O	9.70	C	-		
412	12	O	9.70	G	-		
412	13	O	9.70	A	-		
412	14	O	9.70	C	-		
412	15	O	9.70	C	-		
412	16	O	9.70	G	-		
412	17	O	9.70	G	-		
412	18	O	9.70	C	-		
412	19	O	9.70	C	-		
412	20	O	9.70	T	-		
412	21	O	9.70	A	-		
412	22	O	9.70	G	-		
412	23	O	9.70	A	-		
412	24	O	9.70	T	-		
412	25	O	9.70	C	-		
412	26	O	9.70	C	-		
412	27	O	9.70	G	-		
412	28	O	9.70	C	-		
412	29	O	9.70	G	-		
412	30	O	9.70	T	-		
412	31	O	9.70	G	-		
412	32	O	9.70	C	-		
412	33	O	9.70	G	-		
412	34	O	9.70	C	-		
412	35	O	9.70	A	-		
412	36	O	9.70	G	-		
412	37	O	9.70	T	-		
412	38	O	9.70	C	-		
412	39	O	9.70	A	-		
412	40	O	9.70	G	-		
412	41	O	9.70	G	-		
412	42	O	9.70	C	-		
412	43	O	9.70	C	-		
412	44	O	9.70	G	-		
412	45	O	9.70	G	-		
412	46	O	9.70	C	-		
412	47	O	9.70	G	-		
412	48	O	9.70	C	-		
412	49	O	9.70	C	-		
412	50	O	9.70	G	-		
412	51	O	9.70	G	-		
412	52	O	9.70	C	-		
412	53	O	9.70	A	-		
412	54	O	9.70	G	-		
412	55	O	9.70	T	-		
412	56	O	9.70	G	-		
412	57	O	9.70	G	-		
412	58	O	9.70	C	-		
412	59	O	9.70	T	-		
412	60	O	9.70	G	-		
412	61	O	9.70	T	-		
412	62	O	9.70	C	-		
412	63	O	9.70	G	-		
412	64	O	9.70	C	-		
412	65	O	9.70	G	-		
412	66	O	9.70	C	-		
412	67	O	9.70	C	-		
412	68	O	9.70	C	-		
412	69	O	9.70	G	-		
412	70	O	9.70	T	-		
412	71	O	9.70	C	-		
412	72	O	9.70	T	-		
412	73	O	9.70	A	-		
412	74	O	9.70	C	-		
412	75	O	9.70	C	-		
412	76	O	9.70	T	-		
412	77	O	9.70	G	-		
412	78	O	9.70	T	-		
412	79	O	9.70	C	-		
412	80	O	9.70	G	-		
412	81	O	9.70	G	-		
412	82	O	9.70	C	-		
412	83	O	9.70	C	-		
412	84	O	9.70	T	-		
412	85	O	9.70	A	-		
412	86	O	9.70	G	-		
412	87	O	9.70	A	-		
412	88	O	9.70	T	-		
412	89	O	9.70	G	-		
412	90	O	9.70	G	-		
412	91	O	9.70	G	-		
412	92	O	9.70	C	-		
412	93	O	9.70	G	-		
412	94	O	9.70	C	-		
412	95	O	9.70	A	-		
412	96	O	9.70	G	-		
412	97	O	9.70	A	-		
412	98	O	9.70	T	-		
412	99	O	9.70	C	-		
412	100	O	9.70	G	-		
412	101	O	9.70	A	-		
412	102	O	9.70	G	-		
412	103	O	9.70	A	-		
412	104	O	9.70	T	-		
412	105	O	9.70	A	-		
412	106	O	9.70	G	-		
412	107	O	9.70	A	-		
412	108	O	9.70	G	-		
412	109	O	9.70	T	-		
413	0	O	6.93	C	-		
413	1	O	6.93	A	-		
413	2	O	6.93	A	-		
413	3	O	6.93	A	-		
413	4	O	6.93	A	-		
413	5	O	6.93	A	-		
413	6	O	6.93	A	-		
413	7	O	6.93	G	-		
413	8	O	6.93	T	-		
413	9	O	6.93	C	-		
413	10	O	6.93	A	-		
413	11	O	6.93	T	-		
413	12	O	6.93	A	-		
413	13	O	6.93	T	-		
413	14	O	6.93	G	-		
413	15	O	6.93	C	-		
413	16	O	6.93	A	-		
413	17	O	6.93	A	-		
413	18	O	6.93	C	-		
413	19	O	6.93	A	-		
413	20	O	6.93	A	-		
413	21	O	6.93	C	-		
413	22	O	6.93	T	-		
413	23	O	6.93	T	-		
413	24	O	6.93	T	-		
413	25	O	6.93	G	-		
413	26	O	6.93	T	-		
413	27	O	6.93	A	-		
413	28	O	6.93	A	-		
413	29	O	6.93	C	-		
413	30	U	-0.27	T	A		
413	31	O	6.93	C	-		
413	32	O	6.93	C	-		
413	33	O	6.93	A	-		
413	34	O	6.93	A	-		
413	35	O	6.93	G	-		
413	36	O	6.93	C	-		
413	37	O	6.93	A	-		
413	38	O	6.93	C	-		
413	39	O	6.93	A	-		
413	40	O	6.93	A	-		
413	41	O	6.93	C	-		
413	42	O	6.93	A	-		
413	43	O	6.93	T	-		
413	44	O	6.93	G	-		
413	45	O	6.93	G	-		
413	46	O	6.93	A	-		
413	47	O	6.93	A	-		
413	48	O	6.93	T	-		
413	49	O	6.93	G	-		
413	50	O	6.93	C	-		
413	51	O	6.93	C	-		
413	52	O	6.93	A	-		
413	53	O	6.93	A	-		
413	54	O	6.93	C	-		
413	55	O	6.93	T	-		
413	56	O	6.93	C	-		
413	57	O	6.93	C	-		
413	58	O	6.93	G	-		
413	59	O	6.93	G	-		
413	60	O	6.93	C	-		
413	61	O	6.93	C	-		
413	62	O	6.93	A	-		
413	63	O	6.93	A	-		
413	64	O	6.93	A	-		
413	65	O	6.93	T	-		
413	66	O	6.93	T	-		
413	67	O	6.93	T	-		
413	68	O	6.93	G	-		
413	69	O	6.93	A	-		
413	70	O	6.93	A	-		
413	71	O	6.93	A	-		
413	72	O	6.93	A	-		
413	73	O	6.93	C	-		
413	74	O	6.93	A	-		
413	75	O	6.93	A	-		
413	76	O	6.93	A	-		
413	77	O	6.93	A	-		
413	78	O	6.93	T	-		
413	79	O	6.93	C	-		
413	80	O	6.93	T	-		
413	81	O	6.93	C	-		
413	82	O	6.93	A	-		
413	83	O	6.93	G	-		
413	84	O	6.93	G	-		
413	85	O	6.93	A	-		
413	86	O	6.93	A	-		
413	87	O	6.93	G	-		
413	88	O	6.93	A	-		
413	89	O	6.93	T	-		
413	90	O	6.93	T	-		
413	91	O	6.93	G	-		
413	92	O	6.93	C	-		
413	93	O	6.93	A	-		
413	94	O	6.93	G	-		
413	95	O	6.93	G	-		
413	96	O	6.93	A	-		
413	97	O	6.93	A	-		
413	98	O	6.93	G	-		
413	99	O	6.93	T	-		
413	100	O	6.93	A	-		
413	101	O	6.93	A	-		
413	102	O	6.93	A	-		
413	103	O	6.93	G	-		
413	104	O	6.93	G	-		
413	105	O	6.93	G	-		
413	106	O	6.93	T	-		
413	107	O	6.93	T	-		
413	108	O	6.93	C	-		
413	109	O	6.93	A	-		
414	0	O	11.09	A	-		
414	1	O	11.09	A	-		
414	2	O	11.09	C	-		
414	3	O	11.09	A	-		
414	4	O	11.09	A	-		
414	5	U	0.00	-	-		
414	6	U	0.00	-	-		
414	7	U	0.00	-	-		
414	8	U	0.00	-	-		
414	9	O	11.09	G	-		
414	10	O	11.09	A	-		
414	11	O	11.09	G	-		
414	12	O	11.09	C	-		
414	13	O	11.09	C	-		
414	14	O	11.09	A	-		
414	15	O	11.09	T	-		
414	16	O	11.09	C	-		
414	17	O	11.09	A	-		
414	18	O	11.09	C	-		
414	19	O	11.09	G	-		
414	20	O	11.09	A	-		
414	21	O	11.09	G	-		
414	22	O	11.09	A	-		
414	23	O	11.09	C	-		
414	24	O	11.09	T	-		
414	25	O	11.09	C	-		
414	26	O	11.09	A	-		
414	27	O	11.09	C	-		
414	28	O	11.09	G	-		
414	29	O	11.09	G	-		
414	30	O	11.09	A	-		
414	31	O	11.09	G	-		
414	32	O	11.09	G	-		
414	33	O	11.09	A	-		
414	34	O	11.09	G	-		
414	35	O	11.09	T	-		
414	36	O	11.09	G	-		
414	37	O	11.09	C	-		
414	38	O	11.09	A	-		
414	39	O	11.09	A	-		
414	40	O	11.09	G	-		
414	41	O	11.09	G	-		
414	42	O	11.09	T	-		
414	43	O	11.09	G	-		
414	44	O	11.09	C	-		
414	45	O	11.09	T	-		
414	46	O	11.09	G	-		
414	47	O	11.09	G	-		
414	48	O	11.09	A	-		
414	49	O	11.09	G	-		
414	50	O	11.09	G	-		
414	51	O	11.09	A	-		
414	52	O	11.09	C	-		
414	53	O	11.09	A	-		
414	54	O	11.09	A	-		
414	55	O	11.09	C	-		
414	56	O	11.09	C	-		
414	57	O	11.09	G	-		
414	58	O	11.09	G	-		
414	59	O	11.09	G	-		
414	60	O	11.09	C	-		
414	61	O	11.09	G	-		
414	62	O	11.09	A	-		
414	63	O	11.09	G	-		
414	64	O	11.09	T	-		
414	65	O	11.09	T	-		
414	66	O	11.09	T	-		
414	67	O	11.09	G	-		
414	68	O	11.09	C	-		
414	69	O	11.09	C	-		
414	70	O	11.09	G	-		
414	71	O	11.09	T	-		
414	72	O	11.09	C	-		
414	73	O	11.09	G	-		
414	74	O	11.09	G	-		
414	75	O	11.09	G	-		
414	76	O	11.09	A	-		
414	77	O	11.09	A	-		
414	78	O	11.09	A	-		
414	79	O	11.09	G	-		
414	80	O	11.09	G	-		
414	81	O	11.09	A	-		
414	82	O	11.09	G	-		
414	83	O	11.09	A	-		
414	84	O	11.09	C	-		
414	85	O	11.09	T	-		
414	86	O	11.09	G	-		
414	87	O	11.09	G	-		
414	88	O	11.09	T	-		
414	89	O	11.09	A	-		
414	90	O	11.09	A	-		
414	91	O	11.09	G	-		
414	92	O	11.09	C	-		
414	93	O	11.09	T	-		
414	94	O	11.09	G	-		
414	95	O	11.09	A	-		
414	96	O	11.09	G	-		
414	97	O	11.09	C	-		
414	98	O	11.09	A	-		
414	99	O	11.09	G	-		
414	100	O	11.09	A	-		
414	101	O	11.09	A	-		
414	102	O	11.09	G	-		
414	103	O	11.09	A	-		
414	104	O	11.09	G	-		
414	105	O	11.09	G	-		
414	106	O	11.09	C	-		
414	107	O	11.09	T	-		
414	108	O	11.09	T	-		
414	109	O	11.09	C	-		
414	110	U	0.00	-	-		
414	111	U	0.00	-	-		
414	112	U	0.00	-	-		
414	113	U	0.00	-	-		
415	0	O	5.55	T	-		
415	1	O	5.55	G	-		
415	2	O	5.55	A	-		
415	3	O	5.55	T	-		
415	4	O	5.55	A	-		
415	5	O	5.55	G	-		
415	6	O	5.55	A	-		
415	7	O	5.55	G	-		
415	8	O	5.55	A	-		
415	9	O	5.55	G	-		
415	10	O	5.55	A	-		
415	11	O	5.55	T	-		
415	12	O	5.55	G	-		
415	13	O	5.55	C	-		
415	14	O	5.55	C	-		
415	15	O	5.55	G	-		
415	16	O	5.55	T	-		
415	17	O	5.55	G	-		
415	18	O	5.55	C	-		
415	19	O	5.55	G	-		
415	20	O	5.55	A	-		
415	21	O	5.55	T	-		
415	22	O	5.55	G	-		
415	23	O	5.55	G	-		
415	24	O	5.55	A	-		
415	25	O	5.55	T	-		
415	26	O	5.55	G	-		
415	27	O	5.55	C	-		
415	28	O	5.55	C	-		
415	29	O	5.55	A	-		
415	30	O	5.55	A	-		
415	31	O	5.55	G	-		
415	32	O	5.55	C	-		
415	33	O	5.55	G	-		
415	34	O	5.55	T	-		
415	35	O	5.55	G	-		
415	36	O	5.55	T	-		
415	37	O	5.55	A	-		
415	38	O	5.55	A	-		
415	39	O	5.55	A	-		
415	40	O	5.55	T	-		
415	41	O	5.55	C	-		
415	42	O	5.55	C	-		
415	43	O	5.55	G	-		
415	44	O	5.55	C	-		
415	45	O	5.55	G	-		
415	46	O	5.55	C	-		
415	47	O	5.55	C	-		
415	48	O	5.55	A	-		
415	49	O	5.55	T	-		
415	50	O	5.55	G	-		
415	51	O	5.55	T	-		
415	52	O	5.55	G	-		
415	53	O	5.55	T	-		
415	54	O	5.55	C	-		
415	55	O	5.55	T	-		
415	56	O	5.55	T	-		
415	57	O	5.55	T	-		
415	58	O	5.55	C	-		
415	59	O	5.55	T	-		
415	60	O	5.55	C	-		
415	61	O	5.55	T	-		
415	62	O	5.55	C	-		
415	63	O	5.55	T	-		
415	64	O	5.55	C	-		
415	65	O	5.55	C	-		
415	66	O	5.55	A	-		
415	67	O	5.55	G	-		
415	68	O	5.55	G	-		
415	69	O	5.55	T	-		
415	70	O	5.55	A	-		
415	71	O	5.55	A	-		
415	72	O	5.55	G	-		
415	73	O	5.55	G	-		
415	74	O	5.55	A	-		
415	75	O	5.55	T	-		
415	76	O	5.55	G	-		
415	77	O	5.55	G	-		
415	78	O	5.55	T	-		
415	79	O	5.55	C	-		
415	80	O	5.55	T	-		
415	81	O	5.55	G	-		
415	82	O	5.55	A	-		
415	83	O	5.55	C	-		
415	84	O	5.55	G	-		
415	85	O	5.55	C	-		
415	86	O	5.55	G	-		
415	87	O	5.55	T	-		
415	88	O	5.55	G	-		
415	89	O	5.55	C	-		
415	90	O	5.55	A	-		
415	91	O	5.55	G	-		
415	92	O	5.55	C	-		
415	93	O	5.55	A	-		
415	94	O	5.55	A	-		
415	95	O	5.55	C	-		
415	96	O	5.55	A	-		
415	97	O	5.55	T	-		
415	98	O	5.55	G	-		
415	99	O	5.55	G	-		
415	100	O	5.55	C	-		
415	101	O	5.55	A	-		
415	102	O	5.55	C	-		
415	103	O	5.55	C	-		
415	104	O	5.55	A	-		
415	105	O	5.55	T	-		
415	106	O	5.55	G	-		
415	107	O	5.55	G	-		
415	108	O	5.55	C	-		
415	109	O	5.55	A	-		
416	0	O	5.55	G	-		
416	1	O	5.55	G	-		
416	2	O	5.55	A	-		
416	3	O	5.55	C	-		
416	4	O	5.55	A	-		
416	5	O	5.55	G	-		
416	6	O	5.55	A	-		
416	7	O	5.55	A	-		
416	8	O	5.55	T	-		
416	9	O	5.55	G	-		
416	10	O	5.55	G	-		
416	11	O	5.55	A	-		
416	12	O	5.55	C	-		
416	13	O	5.55	A	-		
416	14	O	5.55	A	-		
416	15	O	5.55	G	-		
416	16	O	5.55	A	-		
416	17	O	5.55	A	-		
416	18	O	5.55	G	-		
416	19	O	5.55	G	-		
416	20	O	5.55	C	-		
416	21	O	5.55	C	-		
416	22	O	5.55	A	-		
416	23	O	5.55	A	-		
416	24	O	5.55	G	-		
416	25	O	5.55	A	-		
416	26	O	5.55	A	-		
416	27	O	5.55	G	-		
416	28	O	5.55	C	-		
416	29	O	5.55	C	-		
416	30	O	5.55	G	-		
416	31	O	5.55	A	-		
416	32	O	5.55	G	-		
416	33	O	5.55	T	-		
416	34	O	5.55	C	-		
416	35	O	5.55	T	-		
416	36	O	5.55	T	-		
416	37	O	5.55	C	-		
416	38	O	5.55	A	-		
416	39	O	5.55	A	-		
416	40	O	5.55	C	-		
416	41	O	5.55	T	-		
416	42	O	5.55	C	-		
416	43	O	5.55	A	-		
416	44	O	5.55	G	-		
416	45	O	5.55	G	-		
416	46	O	5.55	C	-		
416	47	O	5.55	T	-		
416	48	O	5.55	G	-		
416	49	O	5.55	C	-		
416	50	O	5.55	A	-		
416	51	O	5.55	A	-		
416	52	O	5.55	C	-		
416	53	O	5.55	C	-		
416	54	O	5.55	G	-		
416	55	O	5.55	C	-		
416	56	O	5.55	T	-		
416	57	O	5.55	G	-		
416	58	O	5.55	G	-		
416	59	O	5.55	A	-		
416	60	O	5.55	A	-		
416	61	O	5.55	A	-		
416	62	O	5.55	G	-		
416	63	O	5.55	G	-		
416	64	O	5.55	G	-		
416	65	O	5.55	A	-		
416	66	O	5.55	G	-		
416	67	O	5.55	A	-		
416	68	O	5.55	C	-		
416	69	O	5.55	G	-		
416	70	O	5.55	A	-		
416	71	O	5.55	T	-		
416	72	O	5.55	T	-		
416	73	O	5.55	T	-		
416	74	O	5.55	C	-		
416	75	O	5.55	G	-		
416	76	O	5.55	C	-		
416	77	O	5.55	T	-		
416	78	O	5.55	G	-		
416	79	O	5.55	C	-		
416	80	O	5.55	T	-		
416	81	O	5.55	G	-		
416	82	O	5.55	C	-		
416	83	O	5.55	T	-		
416	84	O	5.55	G	-		
416	85	O	5.55	G	-		
416	86	O	5.55	A	-		
416	87	O	5.55	G	-		
416	88	O	5.55	G	-		
416	89	O	5.55	A	-		
416	90	O	5.55	T	-		
416	91	O	5.55	G	-		
416	92	O	5.55	G	-		
416	93	O	5.55	G	-		
416	94	O	5.55	G	-		
416	95	O	5.55	A	-		
416	96	O	5.55	G	-		
416	97	O	5.55	A	-		
416	98	O	5.55	T	-		
416	99	O	5.55	G	-		
416	100	O	5.55	C	-		
416	101	O	5.55	A	-		
416	102	O	5.55	C	-		
416	103	O	5.55	C	-		
416	104	O	5.55	C	-		
416	105	O	5.55	T	-		
416	106	O	5.55	C	-		
416	107	O	5.55	T	-		
416	108	O	5.55	G	-		
416	109	O	5.55	C	-		
417	0	O	6.93	A	-		
417	1	O	6.93	T	-		
417	2	O	6.93	C	-		
417	3	O	6.93	A	-		
417	4	O	6.93	A	-		
417	5	O	6.93	T	-		
417	6	U	0.00	-	-		
417	7	U	0.00	-	-		
417	8	U	0.00	-	-		
417	9	O	6.93	G	-		
417	10	O	6.93	G	-		
417	11	O	6.93	A	-		
417	12	O	6.93	T	-		
417	13	O	6.93	C	-		
417	14	O	6.93	C	-		
417	15	O	6.93	T	-		
417	16	O	6.93	C	-		
417	17	O	6.93	G	-		
417	18	O	6.93	A	-		
417	19	O	6.93	T	-		
417	20	O	6.93	G	-		
417	21	O	6.93	G	-		
417	22	O	6.93	C	-		
417	23	O	6.93	C	-		
417	24	O	6.93	A	-		
417	25	O	6.93	G	-		
417	26	O	6.93	G	-		
417	27	O	6.93	C	-		
417	28	O	6.93	C	-		
417	29	O	6.93	A	-		
417	30	O	6.93	G	-		
417	31	O	6.93	C	-		
417	32	O	6.93	A	-		
417	33	O	6.93	C	-		
417	34	O	6.93	G	-		
417	35	O	6.93	G	-		
417	36	O	6.93	C	-		
417	37	O	6.93	A	-		
417	38	U	-0.27	T	C		
417	39	O	6.93	T	-		
417	40	O	6.93	G	-		
417	41	O	6.93	G	-		
417	42	O	6.93	A	-		
417	43	O	6.93	G	-		
417	44	O	6.93	C	-		
417	45	O	6.93	G	-		
417	46	O	6.93	C	-		
417	47	O	6.93	T	-		
417	48	O	6.93	G	-		
417	49	O	6.93	G	-		
417	50	O	6.93	G	-		
417	51	O	6.93	A	-		
417	52	O	6.93	T	-		
417	53	O	6.93	A	-		
417	54	O	6.93	T	-		
417	55	O	6.93	C	-		
417	56	O	6.93	C	-		
417	57	O	6.93	T	-		
417	58	O	6.93	G	-		
417	59	O	6.93	G	-		
417	60	O	6.93	T	-		
417	61	O	6.93	C	-		
417	62	O	6.93	C	-		
417	63	O	6.93	A	-		
417	64	O	6.93	T	-		
417	65	O	6.93	C	-		
417	66	O	6.93	T	-		
417	67	O	6.93	G	-		
417	68	O	6.93	T	-		
417	69	O	6.93	A	-		
417	70	O	6.93	C	-		
417	71	O	6.93	G	-		
417	72	O	6.93	C	-		
417	73	O	6.93	T	-		
417	74	O	6.93	G	-		
417	75	O	6.93	T	-		
417	76	O	6.93	A	-		
417	77	O	6.93	T	-		
417	78	O	6.93	C	-		
417	79	O	6.93	T	-		
417	80	O	6.93	T	-		
417	81	O	6.93	G	-		
417	82	O	6.93	T	-		
417	83	O	6.93	C	-		
417	84	O	6.93	T	-		
417	85	O	6.93	A	-		
417	86	O	6.93	T	-		
417	87	O	6.93	G	-		
417	88	O	6.93	T	-		
417	89	O	6.93	G	-		
417	90	O	6.93	A	-		
417	91	O	6.93	C	-		
417	92	O	6.93	G	-		
417	93	O	6.93	A	-		
417	94	O	6.93	T	-		
417	95	O	6.93	G	-		
417	96	O	6.93	C	-		
417	97	O	6.93	T	-		
417	98	O	6.93	G	-		
417	99	O	6.93	T	-		
417	100	O	6.93	A	-		
417	101	O	6.93	C	-		
417	102	O	6.93	C	-		
417	103	O	6.93	A	-		
417	104	O	6.93	C	-		
417	105	O	6.93	G	-		
417	106	O	6.93	A	-		
417	107	O	6.93	C	-		
417	108	O	6.93	G	-		
417	109	O	6.93	G	-		
417	110	U	0.00	-	-		
417	111	U	0.00	-	-		
417	112	U	0.00	-	-		
418	0	O	6.93	A	-		
418	1	O	6.93	A	-		
418	2	O	6.93	G	-		
418	3	O	6.93	T	-		
418	4	O	6.93	G	-		
418	5	O	6.93	G	-		
418	6	O	6.93	A	-		
418	7	O	6.93	T	-		
418	8	O	6.93	T	-		
418	9	O	6.93	T	-		
418	10	O	6.93	G	-		
418	11	O	6.93	G	-		
418	12	O	6.93	C	-		
418	13	O	6.93	C	-		
418	14	O	6.93	A	-		
418	15	O	6.93	G	-		
418	16	O	6.93	C	-		
418	17	O	6.93	C	-		
418	18	O	6.93	A	-		
418	19	O	6.93	G	-		
418	20	O	6.93	C	-		
418	21	O	6.93	A	-		
418	22	O	6.93	C	-		
418	23	O	6.93	A	-		
418	24	O	6.93	G	-		
418	25	O	6.93	A	-		
418	26	O	6.93	T	-		
418	27	O	6.93	T	-		
418	28	O	6.93	G	-		
418	29	O	6.93	G	-		
418	30	O	6.93	A	-		
418	31	O	6.93	T	-		
418	32	O	6.93	C	-		
418	33	O	6.93	G	-		
418	34	O	6.93	G	-		
418	35	O	6.93	G	-		
418	36	O	6.93	G	-		
418	37	O	6.93	C	-		
418	38	O	6.93	A	-		
418	39	O	6.93	G	-		
418	40	O	6.93	C	-		
418	41	O	6.93	A	-		
418	42	O	6.93	A	-		
418	43	O	6.93	G	-		
418	44	O	6.93	C	-		
418	45	O	6.93	T	-		
418	46	O	6.93	T	-		
418	47	O	6.93	T	-		
418	48	O	6.93	A	-		
418	49	O	6.93	G	-		
418	50	O	6.93	G	-		
418	51	O	6.93	A	-		
418	52	O	6.93	T	-		
418	53	O	6.93	C	-		
418	54	O	6.93	A	-		
418	55	O	6.93	G	-		
418	56	O	6.93	T	-		
418	57	O	6.93	T	-		
418	58	O	6.93	C	-		
418	59	O	6.93	T	-		
418	60	O	6.93	T	-		
418	61	O	6.93	G	-		
418	62	O	6.93	G	-		
418	63	O	6.93	A	-		
418	64	O	6.93	G	-		
418	65	O	6.93	C	-		
418	66	O	6.93	G	-		
418	67	O	6.93	T	-		
418	68	O	6.93	T	-		
418	69	O	6.93	T	-		
418	70	O	6.93	G	-		
418	71	O	6.93	G	-		
418	72	O	6.93	G	-		
418	73	O	6.93	C	-		
418	74	O	6.93	A	-		
418	75	O	6.93	G	-		
418	76	O	6.93	G	-		
418	77	O	6.93	C	-		
418	78	O	6.93	A	-		
418	79	O	6.93	A	-		
418	80	O	6.93	G	-		
418	81	O	6.93	A	-		
418	82	O	6.93	C	-		
418	83	O	6.93	A	-		
418	84	O	6.93	G	-		
418	85	O	6.93	C	-		
418	86	O	6.93	T	-		
418	87	O	6.93	T	-		
418	88	O	6.93	G	-		
418	89	O	6.93	G	-		
418	90	O	6.93	T	-		
418	91	O	6.93	G	-		
418	92	O	6.93	G	-		
418	93	O	6.93	T	-		
418	94	O	6.93	G	-		
418	95	O	6.93	C	-		
418	96	O	6.93	T	-		
418	97	O	6.93	C	-		
418	98	O	6.93	T	-		
418	99	O	6.93	A	-		
418	100	O	6.93	C	-		
418	101	O	6.93	C	-		
418	102	O	6.93	T	-		
418	103	O	6.93	G	-		
418	104	O	6.93	G	-		
418	105	O	6.93	T	-		
418	106	O	6.93	A	-		
418	107	O	6.93	C	-		
418	108	O	6.93	A	-		
418	109	O	6.93	A	-		
419	0	O	11.09	A	-		
419	1	O	11.09	G	-		
419	2	O	11.09	C	-		
419	3	O	11.09	G	-		
419	4	O	11.09	T	-		
419	5	O	11.09	C	-		
419	6	O	11.09	C	-		
419	7	O	11.09	A	-		
419	8	O	11.09	G	-		
419	9	O	11.09	G	-		
419	10	O	11.09	T	-		
419	11	O	11.09	G	-		
419	12	O	11.09	C	-		
419	13	O	11.09	T	-		
419	14	O	11.09	C	-		
419	15	O	11.09	A	-		
419	16	O	11.09	G	-		
419	17	O	11.09	G	-		
419	18	O	11.09	T	-		
419	19	O	11.09	C	-		
419	20	O	11.09	G	-		
419	21	O	11.09	G	-		
419	22	O	11.09	C	-		
419	23	O	11.09	C	-		
419	24	O	11.09	A	-		
419	25	O	11.09	G	-		
419	26	O	11.09	C	-		
419	27	O	11.09	G	-		
419	28	O	11.09	G	-		
419	29	O	11.09	C	-		
419	30	O	11.09	G	-		
419	31	O	11.09	G	-		
419	32	O	11.09	C	-		
419	33	O	11.09	T	-		
419	34	O	11.09	C	-		
419	35	O	11.09	C	-		
419	36	O	11.09	G	-		
419	37	O	11.09	G	-		
419	38	O	11.09	C	-		
419	39	O	11.09	G	-		
419	40	O	11.09	G	-		
419	41	O	11.09	G	-		
419	42	O	11.09	C	-		
419	43	O	11.09	C	-		
419	44	O	11.09	G	-		
419	45	O	11.09	A	-		
419	46	O	11.09	C	-		
419	47	O	11.09	C	-		
419	48	O	11.09	T	-		
419	49	O	11.09	G	-		
419	50	O	11.09	G	-		
419	51	U	2.86	G	C		
419	52	O	11.09	C	-		
419	53	O	11.09	G	-		
419	54	O	11.09	G	-		
419	55	O	11.09	G	-		
419	56	O	11.09	T	-		
419	57	O	11.09	T	-		
419	58	O	11.09	G	-		
419	59	O	11.09	G	-		
419	60	O	11.09	G	-		
419	61	O	11.09	G	-		
419	62	O	11.09	T	-		
419	63	O	11.09	G	-		
419	64	O	11.09	C	-		
419	65	O	11.09	A	-		
419	66	O	11.09	A	-		
419	67	O	11.09	A	-		
419	68	O	11.09	T	-		
419	69	O	11.09	T	-		
419	70	O	11.09	G	-		
419	71	O	11.09	A	-		
419	72	O	11.09	A	-		
419	73	O	11.09	A	-		
419	74	O	11.09	C	-		
419	75	O	11.09	T	-		
419	76	O	11.09	G	-		
419	77	O	11.09	A	-		
419	78	O	11.09	A	-		
419	79	O	11.09	A	-		
419	80	O	11.09	C	-		
419	81	O	11.09	T	-		
419	82	O	11.09	G	-		
419	83	O	11.09	C	-		
419	84	O	11.09	G	-		
419	85	O	11.09	A	-		
419	86	O	11.09	G	-		
419	87	O	11.09	T	-		
419	88	O	11.09	G	-		
419	89	O	11.09	G	-		
419	90	O	11.09	G	-		
419	91	O	11.09	C	-		
419	92	O	11.09	G	-		
419	93	O	11.09	T	-		
419	94	O	11.09	G	-		
419	95	O	11.09	C	-		
419	96	O	11.09	G	-		
419	97	O	11.09	C	-		
419	98	O	11.09	G	-		
419	99	O	11.09	T	-		
419	100	O	11.09	C	-		
419	101	O	11.09	C	-		
419	102	O	11.09	A	-		
419	103	O	11.09	T	-		
419	104	O	11.09	C	-		
419	105	O	11.09	A	-		
419	106	O	11.09	G	-		
419	107	O	11.09	G	-		
419	108	O	11.09	C	-		
419	109	O	11.09	T	-		
420	0	O	11.09	A	-		
420	1	O	11.09	C	-		
420	2	O	11.09	G	-		
420	3	O	11.09	C	-		
420	4	O	11.09	T	-		
420	5	O	11.09	G	-		
420	6	O	11.09	G	-		
420	7	O	11.09	T	-		
420	8	O	11.09	T	-		
420	9	O	11.09	T	-		
420	10	O	11.09	G	-		
420	11	O	11.09	C	-		
420	12	O	11.09	A	-		
420	13	O	11.09	G	-		
420	14	O	11.09	G	-		
420	15	O	11.09	G	-		
420	16	O	11.09	T	-		
420	17	O	11.09	A	-		
420	18	O	11.09	T	-		
420	19	O	11.09	G	-		
420	20	O	11.09	G	-		
420	21	O	11.09	A	-		
420	22	O	11.09	T	-		
420	23	O	11.09	G	-		
420	24	O	11.09	C	-		
420	25	O	11.09	T	-		
420	26	O	11.09	G	-		
420	27	O	11.09	T	-		
420	28	O	11.09	A	-		
420	29	O	11.09	A	-		
420	30	O	11.09	C	-		
420	31	O	11.09	C	-		
420	32	O	11.09	G	-		
420	33	O	11.09	C	-		
420	34	O	11.09	G	-		
420	35	O	11.09	G	-		
420	36	O	11.09	C	-		
420	37	O	11.09	G	-		
420	38	O	11.09	G	-		
420	39	O	11.09	G	-		
420	40	O	11.09	T	-		
420	41	O	11.09	C	-		
420	42	O	11.09	A	-		
420	43	O	11.09	G	-		
420	44	O	11.09	C	-		
420	45	O	11.09	T	-		
420	46	O	11.09	C	-		
420	47	O	11.09	C	-		
420	48	O	11.09	A	-		
420	49	O	11.09	T	-		
420	50	O	11.09	G	-		
420	51	O	11.09	C	-		
420	52	O	11.09	G	-		
420	53	O	11.09	C	-		
420	54	O	11.09	A	-		
420	55	O	11.09	C	-		
420	56	O	11.09	C	-		
420	57	O	11.09	G	-		
420	58	O	11.09	A	-		
420	59	O	11.09	G	-		
420	60	O	11.09	T	-		
420	61	O	11.09	C	-		
420	62	O	11.09	G	-		
420	63	O	11.09	A	-		
420	64	O	11.09	C	-		
420	65	O	11.09	C	-		
420	66	O	11.09	A	-		
420	67	O	11.09	G	-		
420	68	O	11.09	G	-		
420	69	O	11.09	A	-		
420	70	O	11.09	A	-		
420	71	O	11.09	C	-		
420	72	O	11.09	G	-		
420	73	O	11.09	G	-		
420	74	O	11.09	C	-		
420	75	O	11.09	A	-		
420	76	O	11.09	T	-		
420	77	O	11.09	G	-		
420	78	O	11.09	T	-		
420	79	O	11.09	C	-		
420	80	O	11.09	C	-		
420	81	O	11.09	G	-		
420	82	O	11.09	G	-		
420	83	O	11.09	G	-		
420	84	O	11.09	T	-		
420	85	O	11.09	G	-		
420	86	O	11.09	C	-		
420	87	O	11.09	A	-		
420	88	O	11.09	G	-		
420	89	O	11.09	C	-		
420	90	O	11.09	A	-		
420	91	O	11.09	C	-		
420	92	O	11.09	C	-		
420	93	O	11.09	T	-		
420	94	O	11.09	C	-		
420	95	O	11.09	G	-		
420	96	O	11.09	A	-		
420	97	O	11.09	C	-		
420	98	O	11.09	C	-		
420	99	O	11.09	A	-		
420	100	O	11.09	C	-		
420	101	O	11.09	G	-		
420	102	O	11.09	C	-		
420	103	O	11.09	T	-		
420	104	O	11.09	G	-		
420	105	O	11.09	T	-		
420	106	O	11.09	G	-		
420	107	O	11.09	G	-		
420	108	O	11.09	G	-		
420	109	O	11.09	T	-		
421	0	O	6.93	C	-		
421	1	O	6.93	T	-		
421	2	O	6.93	C	-		
421	3	O	6.93	T	-		
421	4	O	6.93	G	-		
421	5	O	6.93	G	-		
421	6	O	6.93	T	-		
421	7	O	6.93	T	-		
421	8	O	6.93	T	-		
421	9	O	6.93	T	-		
421	10	O	6.93	G	-		
421	11	O	6.93	T	-		
421	12	O	6.93	C	-		
421	13	O	6.93	A	-		
421	14	O	6.93	C	-		
421	15	O	6.93	A	-		
421	16	O	6.93	T	-		
421	17	O	6.93	C	-		
421	18	O	6.93	T	-		
421	19	O	6.93	T	-		
421	20	O	6.93	G	-		
421	21	O	6.93	C	-		
421	22	O	6.93	C	-		
421	23	O	6.93	C	-		
421	24	O	6.93	G	-		
421	25	O	6.93	G	-		
421	26	O	6.93	T	-		
421	27	O	6.93	T	-		
421	28	O	6.93	A	-		
421	29	O	6.93	T	-		
421	30	O	6.93	A	-		
421	31	O	6.93	C	-		
421	32	O	6.93	G	-		
421	33	O	6.93	G	-		
421	34	O	6.93	T	-		
421	35	O	6.93	C	-		
421	36	O	6.93	A	-		
421	37	O	6.93	G	-		
421	38	O	6.93	G	-		
421	39	O	6.93	T	-		
421	40	O	6.93	G	-		
421	41	O	6.93	C	-		
421	42	O	6.93	T	-		
421	43	O	6.93	G	-		
421	44	O	6.93	A	-		
421	45	O	6.93	A	-		
421	46	O	6.93	A	-		
421	47	O	6.93	A	-		
421	48	O	6.93	A	-		
421	49	O	6.93	A	-		
421	50	O	6.93	C	-		
421	51	O	6.93	G	-		
421	52	O	6.93	A	-		
421	53	O	6.93	C	-		
421	54	O	6.93	C	-		
421	55	O	6.93	T	-		
421	56	O	6.93	A	-		
421	57	O	6.93	G	-		
421	58	O	6.93	G	-		
421	59	O	6.93	A	-		
421	60	O	6.93	A	-		
421	61	O	6.93	A	-		
421	62	O	6.93	G	-		
421	63	O	6.93	C	-		
421	64	O	6.93	T	-		
421	65	O	6.93	G	-		
421	66	O	6.93	C	-		
421	67	O	6.93	A	-		
421	68	O	6.93	G	-		
421	69	O	6.93	C	-		
421	70	O	6.93	T	-		
421	71	O	6.93	G	-		
421	72	O	6.93	G	-		
421	73	O	6.93	A	-		
421	74	O	6.93	C	-		
421	75	O	6.93	C	-		
421	76	O	6.93	A	-		
421	77	O	6.93	G	-		
421	78	O	6.93	A	-		
421	79	O	6.93	A	-		
421	80	O	6.93	C	-		
421	81	O	6.93	A	-		
421	82	O	6.93	G	-		
421	83	O	6.93	A	-		
421	84	O	6.93	G	-		
421	85	O	6.93	C	-		
421	86	O	6.93	A	-		
421	87	O	6.93	G	-		
421	88	O	6.93	T	-		
421	89	O	6.93	A	-		
421	90	O	6.93	C	-		
421	91	O	6.93	G	-		
421	92	O	6.93	T	-		
421	93	O	6.93	C	-		
421	94	O	6.93	T	-		
421	95	O	6.93	T	-		
421	96	O	6.93	G	-		
421	97	O	6.93	C	-		
421	98	O	6.93	T	-		
421	99	O	6.93	T	-		
421	100	O	6.93	G	-		
421	101	O	6.93	T	-		
421	102	O	6.93	C	-		
421	103	O	6.93	A	-		
421	104	O	6.93	C	-		
421	105	O	6.93	T	-		
421	106	O	6.93	G	-		
421	107	O	6.93	T	-		
421	108	O	6.93	A	-		
421	109	O	6.93	A	-		
422	0	O	5.55	G	-		
422	1	O	5.55	G	-		
422	2	O	5.55	T	-		
422	3	O	5.55	G	-		
422	4	O	5.55	G	-		
422	5	O	5.55	A	-		
422	6	O	5.55	G	-		
422	7	O	5.55	G	-		
422	8	O	5.55	C	-		
422	9	O	5.55	C	-		
422	10	O	5.55	T	-		
422	11	O	5.55	G	-		
422	12	O	5.55	C	-		
422	13	O	5.55	T	-		
422	14	O	5.55	G	-		
422	15	O	5.55	A	-		
422	16	O	5.55	T	-		
422	17	O	5.55	C	-		
422	18	O	5.55	G	-		
422	19	O	5.55	T	-		
422	20	O	5.55	G	-		
422	21	O	5.55	G	-		
422	22	O	5.55	A	-		
422	23	O	5.55	T	-		
422	24	O	5.55	T	-		
422	25	O	5.55	G	-		
422	26	O	5.55	G	-		
422	27	O	5.55	G	-		
422	28	O	5.55	A	-		
422	29	O	5.55	A	-		
422	30	O	5.55	A	-		
422	31	O	5.55	T	-		
422	32	O	5.55	C	-		
422	33	O	5.55	C	-		
422	34	O	5.55	C	-		
422	35	O	5.55	T	-		
422	36	O	5.55	C	-		
422	37	O	5.55	T	-		
422	38	O	5.55	C	-		
422	39	O	5.55	T	-		
422	40	O	5.55	G	-		
422	41	O	5.55	G	-		
422	42	O	5.55	G	-		
422	43	O	5.55	A	-		
422	44	O	5.55	C	-		
422	45	O	5.55	A	-		
422	46	O	5.55	T	-		
422	47	O	5.55	C	-		
422	48	O	5.55	C	-		
422	49	O	5.55	C	-		
422	50	O	5.55	G	-		
422	51	O	5.55	C	-		
422	52	O	5.55	A	-		
422	53	O	5.55	C	-		
422	54	O	5.55	C	-		
422	55	O	5.55	T	-		
422	56	O	5.55	G	-		
422	57	O	5.55	G	-		
422	58	O	5.55	C	-		
422	59	O	5.55	T	-		
422	60	O	5.55	G	-		
422	61	O	5.55	G	-		
422	62	O	5.55	A	-		
422	63	O	5.55	G	-		
422	64	O	5.55	T	-		
422	65	O	5.55	A	-		
422	66	O	5.55	C	-		
422	67	O	5.55	T	-		
422	68	O	5.55	C	-		
422	69	O	5.55	C	-		
422	70	O	5.55	A	-		
422	71	O	5.55	T	-		
422	72	O	5.55	C	-		
422	73	O	5.55	A	-		
422	74	O	5.55	T	-		
422	75	O	5.55	T	-		
422	76	O	5.55	C	-		
422	77	O	5.55	C	-		
422	78	O	5.55	A	-		
422	79	O	5.55	G	-		
422	80	O	5.55	C	-		
422	81	O	5.55	T	-		
422	82	O	5.55	T	-		
422	83	O	5.55	C	-		
422	84	O	5.55	C	-		
422	85	O	5.55	G	-		
422	86	O	5.55	T	-		
422	87	O	5.55	G	-		
422	88	O	5.55	T	-		
422	89	O	5.55	C	-		
422	90	O	5.55	T	-		
422	91	O	5.55	T	-		
422	92	O	5.55	C	-		
422	93	O	5.55	T	-		
422	94	O	5.55	C	-		
422	95	O	5.55	T	-		
422	96	O	5.55	G	-		
422	97	O	5.55	T	-		
422	98	O	5.55	G	-		
422	99	O	5.55	G	-		
422	100	O	5.55	G	-		
422	101	O	5.55	T	-		
422	102	O	5.55	G	-		
422	103	O	5.55	T	-		
422	104	O	5.55	C	-		
422	105	O	5.55	G	-		
422	106	O	5.55	A	-		
422	107	O	5.55	C	-		
422	108	O	5.55	C	-		
422	109	O	5.55	C	-		
423	0	O	16.64	A	-		
423	1	O	16.64	G	-		
423	2	O	16.64	C	-		
423	3	O	16.64	T	-		
423	4	O	16.64	C	-		
423	5	O	16.64	C	-		
423	6	O	16.64	T	-		
423	7	O	16.64	C	-		
423	8	O	16.64	G	-		
423	9	O	16.64	T	-		
423	10	O	16.64	C	-		
423	11	O	16.64	C	-		
423	12	O	16.64	A	-		
423	13	O	16.64	G	-		
423	14	O	16.64	C	-		
423	15	O	16.64	G	-		
423	16	O	16.64	G	-		
423	17	O	16.64	T	-		
423	18	O	16.64	T	-		
423	19	O	16.64	G	-		
423	20	O	16.64	C	-		
423	21	O	16.64	T	-		
423	22	O	7.55	A	-		
423	23	O	16.64	C	-		
423	24	O	16.64	A	-		
423	25	O	16.64	C	-		
423	26	O	16.64	T	-		
423	27	O	16.64	C	-		
423	28	O	16.64	G	-		
423	29	O	16.64	C	-		
423	30	O	16.64	C	-		
423	31	O	16.64	C	-		
423	32	O	16.64	G	-		
423	33	O	16.64	T	-		
423	34	O	16.64	G	-		
423	35	O	16.64	T	-		
423	36	O	16.64	T	-		
423	37	O	16.64	C	-		
423	38	O	16.64	A	-		
423	39	O	16.64	C	-		
423	40	O	16.64	G	-		
423	41	O	16.64	G	-		
423	42	O	16.64	T	-		
423	43	O	16.64	T	-		
423	44	O	16.64	G	-		
423	45	O	16.64	C	-		
423	46	O	16.64	G	-		
423	47	O	16.64	C	-		
423	48	O	16.64	G	-		
423	49	O	7.55	A	-		
423	50	O	16.64	A	-		
423	51	O	16.64	G	-		
423	52	O	16.64	G	-		
423	53	O	16.64	T	-		
423	54	O	16.64	C	-		
423	55	O	16.64	G	-		
423	56	O	16.64	T	-		
423	57	O	16.64	C	-		
423	58	O	16.64	G	-		
423	59	O	16.64	G	-		
423	60	O	16.64	G	-		
423	61	O	16.64	T	-		
423	62	O	16.64	C	-		
423	63	O	16.64	G	-		
423	64	O	16.64	C	-		
423	65	O	16.64	A	-		
423	66	O	16.64	T	-		
423	67	O	16.64	G	-		
423	68	O	16.64	A	-		
423	69	O	16.64	A	-		
423	70	O	16.64	C	-		
423	71	O	16.64	A	-		
423	72	O	16.64	C	-		
423	73	O	16.64	G	-		
423	74	O	16.64	T	-		
423	75	O	16.64	G	-		
423	76	O	16.64	C	-		
423	77	O	16.64	G	-		
423	78	O	16.64	A	-		
423	79	O	16.64	T	-		
423	80	O	16.64	A	-		
423	81	O	16.64	T	-		
423	82	O	16.64	G	-		
423	83	O	16.64	T	-		
423	84	O	16.64	C	-		
423	85	O	16.64	A	-		
423	86	O	16.64	G	-		
423	87	O	7.55	A	-		
423	88	O	16.64	C	-		
423	89	O	16.64	G	-		
423	90	O	16.64	A	-		
423	91	O	16.64	A	-		
423	92	O	16.64	A	-		
423	93	O	16.64	G	-		
423	94	O	16.64	G	-		
423	95	O	16.64	T	-		
423	96	O	16.64	A	-		
423	97	O	16.64	G	-		
423	98	O	16.64	A	-		
423	99	O	16.64	C	-		
423	100	O	16.64	G	-		
423	101	O	16.64	A	-		
423	102	O	16.64	G	-		
423	103	O	16.64	T	-		
423	104	O	16.64	G	-		
423	105	O	16.64	G	-		
423	106	O	16.64	G	-		
423	107	O	8.31	A	-		
423	108	O	7.55	A	-		
423	109	O	16.64	G	-		
424	0	O	5.55	C	-		
424	1	O	5.55	A	-		
424	2	O	5.55	C	-		
424	3	O	5.55	G	-		
424	4	O	5.55	A	-		
424	5	O	5.55	A	-		
424	6	O	5.55	G	-		
424	7	O	5.55	G	-		
424	8	O	5.55	C	-		
424	9	O	5.55	G	-		
424	10	O	5.55	T	-		
424	11	O	5.55	G	-		
424	12	O	5.55	G	-		
424	13	O	5.55	C	-		
424	14	O	5.55	A	-		
424	15	O	5.55	G	-		
424	16	O	5.55	A	-		
424	17	O	5.55	A	-		
424	18	O	5.55	T	-		
424	19	O	5.55	G	-		
424	20	O	5.55	G	-		
424	21	O	5.55	C	-		
424	22	O	5.55	C	-		
424	23	O	5.55	G	-		
424	24	O	5.55	A	-		
424	25	O	5.55	A	-		
424	26	O	5.55	A	-		
424	27	O	5.55	A	-		
424	28	O	5.55	T	-		
424	29	O	5.55	G	-		
424	30	O	5.55	C	-		
424	31	O	5.55	G	-		
424	32	O	5.55	C	-		
424	33	O	5.55	G	-		
424	34	O	5.55	G	-		
424	35	O	5.55	G	-		
424	36	O	5.55	A	-		
424	37	O	5.55	G	-		
424	38	O	5.55	A	-		
424	39	O	5.55	C	-		
424	40	O	5.55	T	-		
424	41	O	5.55	G	-		
424	42	O	5.55	C	-		
424	43	O	5.55	T	-		
424	44	O	5.55	T	-		
424	45	O	5.55	G	-		
424	46	O	5.55	A	-		
424	47	O	5.55	T	-		
424	48	O	5.55	C	-		
424	49	O	5.55	C	-		
424	50	O	5.55	T	-		
424	51	O	5.55	G	-		
424	52	O	5.55	C	-		
424	53	O	5.55	A	-		
424	54	O	5.55	G	-		
424	55	O	5.55	A	-		
424	56	O	5.55	C	-		
424	57	O	5.55	A	-		
424	58	O	5.55	G	-		
424	59	O	5.55	A	-		
424	60	O	5.55	A	-		
424	61	O	5.55	T	-		
424	62	O	5.55	T	-		
424	63	O	5.55	T	-		
424	64	O	5.55	T	-		
424	65	O	5.55	A	-		
424	66	O	5.55	C	-		
424	67	O	5.55	T	-		
424	68	O	5.55	T	-		
424	69	O	5.55	C	-		
424	70	O	5.55	C	-		
424	71	O	5.55	G	-		
424	72	O	5.55	T	-		
424	73	O	5.55	T	-		
424	74	O	5.55	A	-		
424	75	O	5.55	C	-		
424	76	O	5.55	A	-		
424	77	O	5.55	T	-		
424	78	O	5.55	C	-		
424	79	O	5.55	G	-		
424	80	O	5.55	G	-		
424	81	O	5.55	C	-		
424	82	O	5.55	G	-		
424	83	O	5.55	A	-		
424	84	O	5.55	A	-		
424	85	O	5.55	A	-		
424	86	O	5.55	A	-		
424	87	O	5.55	A	-		
424	88	O	5.55	T	-		
424	89	O	5.55	G	-		
424	90	O	5.55	T	-		
424	91	O	5.55	A	-		
424	92	O	5.55	C	-		
424	93	O	5.55	C	-		
424	94	O	5.55	A	-		
424	95	O	5.55	C	-		
424	96	O	5.55	T	-		
424	97	O	5.55	C	-		
424	98	O	5.55	G	-		
424	99	O	5.55	A	-		
424	100	O	5.55	G	-		
424	101	O	5.55	T	-		
424	102	O	5.55	G	-		
424	103	O	5.55	G	-		
424	104	O	5.55	A	-		
424	105	O	5.55	A	-		
424	106	O	5.55	A	-		
424	107	O	5.55	G	-		
424	108	O	5.55	A	-		
424	109	O	5.55	C	-		
425	0	O	6.93	A	-		
425	1	O	6.93	G	-		
425	2	O	6.93	C	-		
425	3	O	6.93	G	-		
425	4	O	6.93	T	-		
425	5	O	6.93	A	-		
425	6	O	6.93	T	-		
425	7	O	6.93	C	-		
425	8	O	6.93	C	-		
425	9	O	6.93	G	-		
425	10	O	6.93	T	-		
425	11	O	6.93	C	-		
425	12	O	6.93	C	-		
425	13	O	6.93	G	-		
425	14	O	6.93	A	-		
425	15	O	6.93	C	-		
425	16	O	6.93	C	-		
425	17	O	6.93	A	-		
425	18	O	6.93	C	-		
425	19	O	6.93	C	-		
425	20	O	6.93	G	-		
425	21	O	6.93	C	-		
425	22	O	6.93	G	-		
425	23	O	6.93	G	-		
425	24	O	6.93	C	-		
425	25	O	6.93	G	-		
425	26	O	6.93	G	-		
425	27	O	6.93	C	-		
425	28	O	6.93	C	-		
425	29	O	6.93	G	-		
425	30	O	6.93	C	-		
425	31	O	6.93	T	-		
425	32	O	6.93	G	-		
425	33	O	6.93	T	-		
425	34	O	6.93	C	-		
425	35	O	6.93	A	-		
425	36	O	6.93	T	-		
425	37	O	6.93	C	-		
425	38	O	6.93	G	-		
425	39	O	6.93	G	-		
425	40	O	6.93	G	-		
425	41	O	6.93	G	-		
425	42	O	6.93	C	-		
425	43	O	6.93	C	-		
425	44	O	6.93	G	-		
425	45	O	6.93	G	-		
425	46	O	6.93	T	-		
425	47	O	6.93	G	-		
425	48	O	6.93	G	-		
425	49	O	6.93	T	-		
425	50	O	6.93	G	-		
425	51	O	6.93	T	-		
425	52	O	6.93	C	-		
425	53	O	6.93	G	-		
425	54	O	6.93	C	-		
425	55	O	6.93	G	-		
425	56	O	6.93	T	-		
425	57	O	6.93	T	-		
425	58	O	6.93	G	-		
425	59	O	6.93	G	-		
425	60	O	6.93	T	-		
425	61	O	6.93	C	-		
425	62	O	6.93	G	-		
425	63	O	6.93	T	-		
425	64	O	6.93	C	-		
425	65	O	6.93	C	-		
425	66	O	6.93	T	-		
425	67	O	6.93	G	-		
425	68	O	6.93	G	-		
425	69	O	6.93	G	-		
425	70	O	6.93	G	-		
425	71	O	6.93	C	-		
425	72	O	6.93	C	-		
425	73	O	6.93	G	-		
425	74	O	6.93	G	-		
425	75	O	6.93	C	-		
425	76	O	6.93	A	-		
425	77	O	6.93	G	-		
425	78	O	6.93	C	-		
425	79	O	6.93	C	-		
425	80	O	6.93	G	-		
425	81	O	6.93	A	-		
425	82	O	6.93	A	-		
425	83	O	6.93	C	-		
425	84	O	6.93	T	-		
425	85	O	6.93	C	-		
425	86	O	6.93	G	-		
425	87	O	6.93	A	-		
425	88	O	6.93	C	-		
425	89	O	6.93	G	-		
425	90	O	6.93	T	-		
425	91	O	6.93	C	-		
425	92	O	6.93	T	-		
425	93	O	6.93	G	-		
425	94	O	6.93	G	-		
425	95	O	6.93	G	-		
425	96	O	6.93	G	-		
425	97	O	6.93	A	-		
425	98	O	6.93	A	-		
425	99	O	6.93	T	-		
425	100	O	6.93	C	-		
425	101	O	6.93	C	-		
425	102	O	6.93	T	-		
425	103	O	6.93	C	-		
425	104	O	6.93	G	-		
425	105	O	6.93	C	-		
425	106	O	6.93	C	-		
425	107	O	6.93	G	-		
425	108	O	6.93	C	-		
425	109	O	6.93	A	-		
426	0	O	5.55	T	-		
426	1	O	5.55	A	-		
426	2	O	5.55	C	-		
426	3	O	5.55	A	-		
426	4	O	5.55	C	-		
426	5	O	5.55	T	-		
426	6	O	5.55	T	-		
426	7	O	5.55	G	-		
426	8	O	5.55	G	-		
426	9	O	5.55	G	-		
426	10	O	5.55	C	-		
426	11	O	5.55	A	-		
426	12	O	5.55	C	-		
426	13	O	5.55	T	-		
426	14	O	5.55	A	-		
426	15	O	5.55	T	-		
426	16	O	5.55	C	-		
426	17	O	5.55	G	-		
426	18	O	5.55	C	-		
426	19	O	5.55	C	-		
426	20	O	5.55	G	-		
426	21	O	5.55	A	-		
426	22	O	5.55	G	-		
426	23	O	5.55	G	-		
426	24	O	5.55	C	-		
426	25	O	5.55	T	-		
426	26	O	5.55	C	-		
426	27	O	5.55	T	-		
426	28	O	5.55	C	-		
426	29	O	5.55	A	-		
426	30	O	5.55	A	-		
426	31	O	5.55	A	-		
426	32	O	5.55	G	-		
426	33	O	5.55	A	-		
426	34	O	5.55	C	-		
426	35	O	5.55	G	-		
426	36	O	5.55	G	-		
426	37	O	5.55	G	-		
426	38	O	5.55	G	-		
426	39	O	5.55	A	-		
426	40	O	5.55	C	-		
426	41	O	5.55	G	-		
426	42	O	5.55	C	-		
426	43	O	5.55	C	-		
426	44	O	5.55	G	-		
426	45	O	5.55	C	-		
426	46	O	5.55	C	-		
426	47	O	5.55	G	-		
426	48	O	5.55	C	-		
426	49	O	5.55	C	-		
426	50	O	5.55	G	-		
426	51	O	5.55	A	-		
426	52	O	5.55	C	-		
426	53	O	5.55	T	-		
426	54	O	5.55	C	-		
426	55	O	5.55	T	-		
426	56	O	5.55	G	-		
426	57	O	5.55	C	-		
426	58	O	5.55	C	-		
426	59	O	5.55	A	-		
426	60	O	5.55	C	-		
426	61	O	5.55	T	-		
426	62	O	5.55	T	-		
426	63	O	5.55	T	-		
426	64	O	5.55	T	-		
426	65	O	5.55	T	-		
426	66	O	5.55	C	-		
426	67	O	5.55	C	-		
426	68	O	5.55	T	-		
426	69	O	5.55	C	-		
426	70	O	5.55	T	-		
426	71	O	5.55	C	-		
426	72	O	5.55	A	-		
426	73	O	5.55	G	-		
426	74	O	5.55	C	-		
426	75	O	5.55	A	-		
426	76	O	5.55	T	-		
426	77	O	5.55	G	-		
426	78	O	5.55	A	-		
426	79	O	5.55	T	-		
426	80	O	5.55	T	-		
426	81	O	5.55	C	-		
426	82	O	5.55	T	-		
426	83	O	5.55	G	-		
426	84	O	5.55	C	-		
426	85	O	5.55	A	-		
426	86	O	5.55	A	-		
426	87	O	5.55	C	-		
426	88	O	5.55	C	-		
426	89	O	5.55	A	-		
426	90	O	5.55	A	-		
426	91	O	5.55	G	-		
426	92	O	5.55	A	-		
426	93	O	5.55	A	-		
426	94	O	5.55	C	-		
426	95	O	5.55	C	-		
426	96	O	5.55	A	-		
426	97	O	5.55	T	-		
426	98	O	5.55	G	-		
426	99	O	5.55	C	-		
426	100	O	5.55	C	-		
426	101	O	5.55	G	-		
426	102	O	5.55	T	-		
426	103	O	5.55	C	-		
426	104	O	5.55	G	-		
426	105	O	5.55	A	-		
426	106	O	5.55	T	-		
426	107	O	5.55	G	-		
426	108	O	5.55	T	-		
426	109	O	5.55	C	-		
427	0	O	6.93	G	-		
427	1	O	6.93	C	-		
427	2	O	6.93	G	-		
427	3	O	6.93	A	-		
427	4	O	6.93	G	-		
427	5	O	6.93	T	-		
427	6	O	6.93	G	-		
427	7	O	6.93	G	-		
427	8	O	6.93	C	-		
427	9	O	6.93	G	-		
427	10	O	6.93	C	-		
427	11	O	6.93	A	-		
427	12	O	6.93	A	-		
427	13	O	6.93	C	-		
427	14	O	6.93	C	-		
427	15	O	6.93	G	-		
427	16	O	6.93	G	-		
427	17	O	6.93	C	-		
427	18	O	6.93	C	-		
427	19	O	6.93	G	-		
427	20	O	6.93	G	-		
427	21	O	6.93	C	-		
427	22	O	6.93	C	-		
427	23	O	6.93	G	-		
427	24	O	6.93	C	-		
427	25	O	6.93	C	-		
427	26	O	6.93	A	-		
427	27	O	6.93	C	-		
427	28	O	6.93	A	-		
427	29	O	6.93	T	-		
427	30	O	6.93	C	-		
427	31	O	6.93	G	-		
427	32	O	6.93	G	-		
427	33	O	6.93	A	-		
427	34	O	6.93	A	-		
427	35	O	6.93	C	-		
427	36	O	6.93	A	-		
427	37	O	6.93	T	-		
427	38	O	6.93	C	-		
427	39	O	6.93	T	-		
427	40	O	6.93	C	-		
427	41	O	6.93	C	-		
427	42	O	6.93	A	-		
427	43	O	6.93	C	-		
427	44	O	6.93	C	-		
427	45	O	6.93	G	-		
427	46	O	6.93	G	-		
427	47	O	6.93	C	-		
427	48	O	6.93	C	-		
427	49	O	6.93	A	-		
427	50	O	6.93	G	-		
427	51	O	6.93	C	-		
427	52	O	6.93	G	-		
427	53	O	6.93	C	-		
427	54	O	6.93	T	-		
427	55	O	6.93	G	-		
427	56	O	6.93	A	-		
427	57	O	6.93	A	-		
427	58	O	6.93	G	-		
427	59	O	6.93	G	-		
427	60	O	6.93	C	-		
427	61	O	6.93	T	-		
427	62	U	-0.27	C	T		
427	63	O	6.93	G	-		
427	64	O	6.93	C	-		
427	65	O	6.93	G	-		
427	66	O	6.93	G	-		
427	67	O	6.93	G	-		
427	68	O	6.93	C	-		
427	69	O	6.93	G	-		
427	70	O	6.93	C	-		
427	71	O	6.93	T	-		
427	72	O	6.93	G	-		
427	73	O	6.93	G	-		
427	74	O	6.93	G	-		
427	75	O	6.93	G	-		
427	76	O	6.93	G	-		
427	77	O	6.93	C	-		
427	78	O	6.93	G	-		
427	79	O	6.93	C	-		
427	80	O	6.93	C	-		
427	81	O	6.93	C	-		
427	82	O	6.93	A	-		
427	83	O	6.93	A	-		
427	84	O	6.93	G	-		
427	85	O	6.93	A	-		
427	86	O	6.93	T	-		
427	87	O	6.93	G	-		
427	88	O	6.93	G	-		
427	89	O	6.93	A	-		
427	90	O	6.93	C	-		
427	91	O	6.93	C	-		
427	92	O	6.93	G	-		
427	93	O	6.93	G	-		
427	94	O	6.93	C	-		
427	95	O	6.93	G	-		
427	96	O	6.93	A	-		
427	97	O	6.93	A	-		
427	98	O	6.93	C	-		
427	99	O	6.93	G	-		
427	100	O	6.93	C	-		
427	101	O	6.93	A	-		
427	102	O	6.93	A	-		
427	103	O	6.93	G	-		
427	104	O	6.93	G	-		
427	105	O	6.93	A	-		
427	106	O	6.93	G	-		
427	107	O	6.93	G	-		
427	108	O	6.93	C	-		
427	109	O	6.93	C	-		
428	0	O	6.93	C	-		
428	1	O	6.93	C	-		
428	2	O	6.93	A	-		
428	3	O	6.93	C	-		
428	4	O	6.93	C	-		
428	5	O	6.93	C	-		
428	6	O	6.93	T	-		
428	7	O	6.93	G	-		
428	8	O	6.93	C	-		
428	9	O	6.93	T	-		
428	10	O	6.93	T	-		
428	11	O	6.93	G	-		
428	12	O	6.93	G	-		
428	13	O	6.93	T	-		
428	14	O	6.93	G	-		
428	15	O	6.93	G	-		
428	16	O	6.93	A	-		
428	17	O	6.93	G	-		
428	18	O	6.93	T	-		
428	19	O	6.93	C	-		
428	20	O	6.93	C	-		
428	21	O	6.93	T	-		
428	22	O	6.93	C	-		
428	23	O	6.93	C	-		
428	24	O	6.93	A	-		
428	25	O	6.93	A	-		
428	26	O	6.93	G	-		
428	27	O	6.93	G	-		
428	28	O	6.93	A	-		
428	29	O	6.93	A	-		
428	30	O	6.93	A	-		
428	31	O	6.93	A	-		
428	32	O	6.93	T	-		
428	33	O	6.93	G	-		
428	34	O	6.93	G	-		
428	35	O	6.93	C	-		
428	36	O	6.93	C	-		
428	37	O	6.93	T	-		
428	38	O	6.93	C	-		
428	39	O	6.93	T	-		
428	40	O	6.93	A	-		
428	41	O	6.93	G	-		
428	42	O	6.93	T	-		
428	43	O	6.93	C	-		
428	44	O	6.93	T	-		
428	45	O	6.93	T	-		
428	46	O	6.93	G	-		
428	47	O	6.93	G	-		
428	48	O	6.93	A	-		
428	49	O	6.93	G	-		
428	50	O	6.93	A	-		
428	51	O	6.93	C	-		
428	52	O	6.93	G	-		
428	53	O	6.93	A	-		
428	54	O	6.93	T	-		
428	55	O	6.93	A	-		
428	56	O	6.93	G	-		
428	57	O	6.93	A	-		
428	58	O	6.93	G	-		
428	59	O	6.93	C	-		
428	60	O	6.93	A	-		
428	61	O	6.93	T	-		
428	62	O	6.93	G	-		
428	63	O	6.93	C	-		
428	64	O	6.93	G	-		
428	65	O	6.93	C	-		
428	66	O	6.93	T	-		
428	67	O	6.93	T	-		
428	68	O	6.93	T	-		
428	69	O	6.93	C	-		
428	70	O	6.93	C	-		
428	71	O	6.93	T	-		
428	72	O	6.93	C	-		
428	73	O	6.93	C	-		
428	74	O	6.93	A	-		
428	75	O	6.93	A	-		
428	76	O	6.93	G	-		
428	77	O	6.93	A	-		
428	78	O	6.93	T	-		
428	79	O	6.93	C	-		
428	80	O	6.93	A	-		
428	81	O	6.93	G	-		
428	82	O	6.93	T	-		
428	83	O	6.93	C	-		
428	84	O	6.93	T	-		
428	85	O	6.93	G	-		
428	86	O	6.93	G	-		
428	87	O	6.93	G	-		
428	88	O	6.93	A	-		
428	89	O	6.93	T	-		
428	90	O	6.93	C	-		
428	91	O	6.93	C	-		
428	92	O	6.93	G	-		
428	93	O	6.93	T	-		
428	94	O	6.93	C	-		
428	95	O	6.93	A	-		
428	96	O	6.93	A	-		
428	97	O	6.93	A	-		
428	98	O	6.93	A	-		
428	99	O	6.93	A	-		
428	100	O	6.93	T	-		
428	101	O	6.93	C	-		
428	102	O	6.93	T	-		
428	103	O	6.93	A	-		
428	104	O	6.93	G	-		
428	105	O	6.93	C	-		
428	106	O	6.93	C	-		
428	107	O	6.93	A	-		
428	108	O	6.93	C	-		
428	109	O	6.93	C	-		
429	0	U	0.00	-	-		
429	1	O	26.34	A	-		
429	2	O	26.34	G	-		
429	3	O	26.34	A	-		
429	4	O	26.34	A	-		
429	5	O	26.34	G	-		
429	6	O	26.34	T	-		
429	7	O	26.34	T	-		
429	8	O	26.34	A	-		
429	9	O	26.34	A	-		
429	10	O	26.34	G	-		
429	11	O	26.34	C	-		
429	12	O	26.34	C	-		
429	13	O	26.34	T	-		
429	14	O	26.34	G	-		
429	15	O	26.34	C	-		
429	16	O	26.34	T	-		
429	17	O	26.34	T	-		
429	18	O	26.34	T	-		
429	19	O	26.34	T	-		
429	20	O	26.34	A	-		
429	21	O	26.34	G	-		
429	22	O	26.34	G	-		
429	23	O	26.34	G	-		
429	24	O	26.34	A	-		
429	25	O	26.34	G	-		
429	26	O	26.34	C	-		
429	27	O	26.34	T	-		
429	28	O	26.34	A	-		
429	29	O	26.34	A	-		
429	30	O	26.34	C	-		
429	31	O	26.34	C	-		
429	32	O	26.34	G	-		
429	33	O	26.34	G	-		
429	34	O	26.34	C	-		
429	35	O	26.34	T	-		
429	36	O	26.34	A	-		
429	37	O	26.34	C	-		
429	38	O	26.34	T	-		
429	39	O	26.34	G	-		
429	40	O	26.34	C	-		
429	41	O	26.34	T	-		
429	42	O	26.34	T	-		
429	43	O	26.34	G	-		
429	44	O	26.34	T	-		
429	45	O	26.34	C	-		
429	46	O	26.34	C	-		
429	47	O	26.34	T	-		
429	48	O	26.34	A	-		
429	49	O	16.31	T	-		
429	50	O	26.34	A	-		
429	51	O	26.34	G	-		
429	52	O	26.34	G	-		
429	53	O	26.34	A	-		
429	54	O	26.34	G	-		
429	55	O	26.34	A	-		
429	56	O	26.34	C	-		
429	57	O	26.34	A	-		
429	58	O	26.34	A	-		
429	59	O	26.34	G	-		
429	60	O	26.34	C	-		
429	61	O	26.34	T	-		
429	62	O	26.34	A	-		
429	63	O	26.34	C	-		
429	64	O	26.34	C	-		
429	65	O	26.34	A	-		
429	66	O	26.34	G	-		
429	67	O	26.34	G	-		
429	68	O	26.34	G	-		
429	69	O	16.31	A	-		
429	70	O	26.34	C	-		
429	71	O	26.34	G	-		
429	72	O	26.34	G	-		
429	73	O	26.34	G	-		
429	74	O	26.34	A	-		
429	75	O	16.31	A	-		
429	76	O	26.34	G	-		
429	77	O	26.34	T	-		
429	78	O	26.34	C	-		
429	79	O	26.34	T	-		
429	80	O	26.34	A	-		
429	81	O	26.34	T	-		
429	82	O	26.34	G	-		
429	83	O	26.34	C	-		
429	84	O	26.34	T	-		
429	85	O	26.34	T	-		
429	86	O	26.34	C	-		
429	87	O	26.34	T	-		
429	88	O	26.34	T	-		
429	89	O	26.34	G	-		
429	90	O	26.34	C	-		
429	91	O	26.34	T	-		
429	92	O	26.34	T	-		
429	93	O	26.34	T	-		
429	94	O	26.34	G	-		
429	95	O	26.34	G	-		
429	96	O	26.34	A	-		
429	97	O	26.34	G	-		
429	98	O	26.34	G	-		
429	99	O	26.34	G	-		
429	100	O	26.34	C	-		
429	101	O	26.34	A	-		
429	102	O	26.34	G	-		
429	103	O	26.34	G	-		
429	104	O	26.34	A	-		
429	105	O	26.34	C	-		
429	106	O	26.34	G	-		
429	107	O	26.34	A	-		
429	108	O	26.34	G	-		
429	109	U	0.00	-	-		
429	110	U	0.00	-	-		
430	0	O	5.55	A	-		
430	1	O	5.55	G	-		
430	2	O	5.55	A	-		
430	3	O	5.55	G	-		
430	4	O	5.55	A	-		
430	5	O	5.55	G	-		
430	6	O	5.55	G	-		
430	7	O	5.55	A	-		
430	8	O	5.55	T	-		
430	9	O	5.55	C	-		
430	10	O	5.55	G	-		
430	11	O	5.55	T	-		
430	12	O	5.55	C	-		
430	13	O	5.55	G	-		
430	14	O	5.55	G	-		
430	15	O	5.55	G	-		
430	16	O	5.55	C	-		
430	17	O	5.55	T	-		
430	18	O	5.55	G	-		
430	19	O	5.55	G	-		
430	20	O	5.55	T	-		
430	21	O	5.55	C	-		
430	22	O	5.55	G	-		
430	23	O	5.55	G	-		
430	24	O	5.55	G	-		
430	25	O	5.55	A	-		
430	26	O	5.55	A	-		
430	27	O	5.55	C	-		
430	28	O	5.55	A	-		
430	29	O	5.55	T	-		
430	30	O	5.55	T	-		
430	31	O	5.55	C	-		
430	32	O	5.55	T	-		
430	33	O	5.55	T	-		
430	34	O	5.55	A	-		
430	35	O	5.55	A	-		
430	36	O	5.55	G	-		
430	37	O	5.55	G	-		
430	38	O	5.55	A	-		
430	39	O	5.55	A	-		
430	40	O	5.55	G	-		
430	41	O	5.55	G	-		
430	42	O	5.55	T	-		
430	43	O	5.55	A	-		
430	44	O	5.55	G	-		
430	45	O	5.55	A	-		
430	46	O	5.55	G	-		
430	47	O	5.55	A	-		
430	48	O	5.55	G	-		
430	49	O	5.55	G	-		
430	50	O	5.55	T	-		
430	51	O	5.55	C	-		
430	52	O	5.55	T	-		
430	53	O	5.55	A	-		
430	54	O	5.55	C	-		
430	55	O	5.55	A	-		
430	56	O	5.55	A	-		
430	57	O	5.55	C	-		
430	58	O	5.55	C	-		
430	59	O	5.55	T	-		
430	60	O	5.55	G	-		
430	61	O	5.55	A	-		
430	62	O	5.55	C	-		
430	63	O	5.55	A	-		
430	64	O	5.55	C	-		
430	65	O	5.55	C	-		
430	66	O	5.55	C	-		
430	67	O	5.55	G	-		
430	68	O	5.55	T	-		
430	69	O	5.55	T	-		
430	70	O	5.55	G	-		
430	71	O	5.55	A	-		
430	72	O	5.55	A	-		
430	73	O	5.55	G	-		
430	74	O	5.55	C	-		
430	75	O	5.55	T	-		
430	76	O	5.55	G	-		
430	77	O	5.55	A	-		
430	78	O	5.55	C	-		
430	79	O	5.55	A	-		
430	80	O	5.55	G	-		
430	81	O	5.55	G	-		
430	82	O	5.55	C	-		
430	83	O	5.55	G	-		
430	84	O	5.55	A	-		
430	85	O	5.55	C	-		
430	86	O	5.55	G	-		
430	87	O	5.55	A	-		
430	88	O	5.55	G	-		
430	89	O	5.55	T	-		
430	90	O	5.55	G	-		
430	91	O	5.55	C	-		
430	92	O	5.55	G	-		
430	93	O	5.55	A	-		
430	94	O	5.55	C	-		
430	95	O	5.55	G	-		
430	96	O	5.55	A	-		
430	97	O	5.55	G	-		
430	98	O	5.55	A	-		
430	99	O	5.55	A	-		
430	100	O	5.55	A	-		
430	101	O	5.55	G	-		
430	102	O	5.55	G	-		
430	103	O	5.55	C	-		
430	104	O	5.55	C	-		
430	105	O	5.55	G	-		
430	106	O	5.55	C	-		
430	107	O	5.55	G	-		
430	108	O	5.55	T	-		
430	109	O	5.55	G	-		
431	0	O	8.32	T	-		
431	1	O	8.32	A	-		
431	2	O	8.32	T	-		
431	3	O	8.32	C	-		
431	4	O	8.32	A	-		
431	5	O	8.32	G	-		
431	6	O	8.32	A	-		
431	7	O	8.32	C	-		
431	8	O	8.32	A	-		
431	9	O	8.32	T	-		
431	10	O	8.32	C	-		
431	11	O	8.32	A	-		
431	12	O	8.32	T	-		
431	13	O	8.32	C	-		
431	14	O	8.32	C	-		
431	15	O	8.32	G	-		
431	16	O	8.32	C	-		
431	17	O	8.32	A	-		
431	18	O	8.32	G	-		
431	19	O	8.32	C	-		
431	20	O	8.32	A	-		
431	21	O	8.32	A	-		
431	22	O	8.32	G	-		
431	23	O	8.32	A	-		
431	24	O	8.32	C	-		
431	25	O	8.32	G	-		
431	26	O	8.32	G	-		
431	27	O	8.32	T	-		
431	28	O	8.32	G	-		
431	29	O	8.32	C	-		
431	30	O	8.32	A	-		
431	31	O	8.32	G	-		
431	32	O	8.32	C	-		
431	33	O	8.32	C	-		
431	34	O	8.32	C	-		
431	35	O	8.32	A	-		
431	36	O	8.32	A	-		
431	37	O	8.32	G	-		
431	38	O	8.32	G	-		
431	39	O	8.32	A	-		
431	40	O	8.32	G	-		
431	41	O	8.32	G	-		
431	42	O	8.32	C	-		
431	43	O	8.32	C	-		
431	44	O	8.32	A	-		
431	45	O	8.32	T	-		
431	46	O	8.32	G	-		
431	47	O	8.32	C	-		
431	48	O	8.32	G	-		
431	49	O	8.32	C	-		
431	50	O	8.32	A	-		
431	51	O	8.32	G	-		
431	52	O	8.32	C	-		
431	53	O	8.32	T	-		
431	54	O	8.32	T	-		
431	55	O	8.32	G	-		
431	56	O	8.32	A	-		
431	57	O	8.32	A	-		
431	58	O	8.32	G	-		
431	59	O	8.32	C	-		
431	60	O	8.32	G	-		
431	61	O	8.32	C	-		
431	62	O	8.32	C	-		
431	63	O	8.32	G	-		
431	64	O	8.32	C	-		
431	65	O	8.32	A	-		
431	66	O	8.32	T	-		
431	67	O	8.32	A	-		
431	68	O	8.32	G	-		
431	69	O	8.32	A	-		
431	70	O	8.32	C	-		
431	71	O	8.32	A	-		
431	72	O	8.32	A	-		
431	73	O	8.32	C	-		
431	74	O	8.32	A	-		
431	75	O	8.32	A	-		
431	76	O	8.32	G	-		
431	77	O	8.32	A	-		
431	78	O	8.32	A	-		
431	79	O	8.32	C	-		
431	80	O	8.32	C	-		
431	81	O	8.32	C	-		
431	82	O	8.32	A	-		
431	83	O	8.32	A	-		
431	84	O	8.32	A	-		
431	85	O	8.32	C	-		
431	86	O	8.32	A	-		
431	87	O	8.32	T	-		
431	88	O	8.32	C	-		
431	89	O	8.32	C	-		
431	90	O	8.32	A	-		
431	91	O	8.32	A	-		
431	92	O	8.32	C	-		
431	93	O	8.32	T	-		
431	94	O	8.32	C	-		
431	95	O	8.32	G	-		
431	96	O	8.32	C	-		
431	97	O	8.32	C	-		
431	98	O	8.32	A	-		
431	99	O	8.32	C	-		
431	100	O	8.32	C	-		
431	101	O	8.32	T	-		
431	102	O	8.32	T	-		
431	103	O	8.32	G	-		
431	104	O	8.32	A	-		
431	105	O	8.32	A	-		
431	106	O	8.32	C	-		
431	107	O	8.32	C	-		
431	108	O	8.32	T	-		
431	109	O	8.32	C	-		
432	0	O	11.09	A	-		
432	1	O	11.09	G	-		
432	2	O	11.09	C	-		
432	3	O	11.09	T	-		
432	4	O	11.09	C	-		
432	5	O	11.09	G	-		
432	6	O	11.09	C	-		
432	7	O	11.09	G	-		
432	8	O	11.09	A	-		
432	9	O	11.09	G	-		
432	10	O	11.09	C	-		
432	11	O	11.09	G	-		
432	12	O	11.09	C	-		
432	13	O	11.09	T	-		
432	14	O	11.09	G	-		
432	15	O	11.09	G	-		
432	16	O	11.09	G	-		
432	17	O	11.09	C	-		
432	18	O	11.09	G	-		
432	19	O	11.09	T	-		
432	20	O	11.09	G	-		
432	21	O	11.09	G	-		
432	22	O	11.09	C	-		
432	23	O	11.09	G	-		
432	24	O	11.09	C	-		
432	25	O	11.09	G	-		
432	26	O	11.09	C	-		
432	27	O	11.09	G	-		
432	28	O	11.09	C	-		
432	29	O	11.09	T	-		
432	30	O	11.09	C	-		
432	31	O	11.09	G	-		
432	32	O	11.09	G	-		
432	33	O	11.09	C	-		
432	34	O	11.09	C	-		
432	35	O	11.09	C	-		
432	36	O	11.09	G	-		
432	37	O	11.09	C	-		
432	38	O	11.09	A	-		
432	39	O	11.09	G	-		
432	40	O	11.09	T	-		
432	41	O	11.09	C	-		
432	42	O	11.09	G	-		
432	43	O	11.09	T	-		
432	44	O	11.09	C	-		
432	45	O	11.09	C	-		
432	46	O	11.09	G	-		
432	47	O	11.09	C	-		
432	48	O	11.09	T	-		
432	49	O	11.09	C	-		
432	50	O	11.09	G	-		
432	51	O	11.09	C	-		
432	52	O	11.09	A	-		
432	53	O	11.09	G	-		
432	54	O	11.09	G	-		
432	55	O	11.09	C	-		
432	56	O	11.09	G	-		
432	57	O	11.09	C	-		
432	58	O	11.09	G	-		
432	59	O	11.09	C	-		
432	60	O	11.09	A	-		
432	61	O	11.09	A	-		
432	62	O	11.09	A	-		
432	63	O	11.09	C	-		
432	64	O	11.09	C	-		
432	65	O	11.09	G	-		
432	66	O	11.09	C	-		
432	67	O	11.09	C	-		
432	68	O	11.09	A	-		
432	69	O	11.09	C	-		
432	70	O	11.09	C	-		
432	71	O	11.09	G	-		
432	72	O	11.09	C	-		
432	73	O	11.09	G	-		
432	74	O	11.09	C	-		
432	75	O	11.09	G	-		
432	76	O	11.09	G	-		
432	77	O	11.09	G	-		
432	78	O	11.09	C	-		
432	79	O	11.09	C	-		
432	80	O	11.09	C	-		
432	81	O	11.09	G	-		
432	82	O	11.09	A	-		
432	83	O	11.09	C	-		
432	84	O	11.09	G	-		
432	85	O	11.09	C	-		
432	86	O	11.09	G	-		
432	87	O	11.09	G	-		
432	88	O	11.09	G	-		
432	89	O	11.09	A	-		
432	90	O	11.09	C	-		
432	91	O	11.09	C	-		
432	92	O	11.09	A	-		
432	93	O	11.09	C	-		
432	94	O	11.09	G	-		
432	95	O	11.09	C	-		
432	96	O	11.09	C	-		
432	97	O	11.09	C	-		
432	98	O	11.09	A	-		
432	99	O	11.09	C	-		
432	100	O	11.09	C	-		
432	101	O	11.09	C	-		
432	102	O	11.09	G	-		
432	103	O	11.09	A	-		
432	104	O	11.09	C	-		
432	105	O	11.09	T	-		
432	106	O	11.09	C	-		
432	107	O	11.09	T	-		
432	108	O	11.09	C	-		
432	109	O	11.09	A	-		
433	0	O	6.93	A	-		
433	1	O	6.93	G	-		
433	2	O	6.93	G	-		
433	3	O	6.93	A	-		
433	4	O	6.93	G	-		
433	5	O	6.93	G	-		
433	6	O	6.93	C	-		
433	7	O	6.93	A	-		
433	8	O	6.93	G	-		
433	9	O	6.93	G	-		
433	10	O	6.93	G	-		
433	11	O	6.93	C	-		
433	12	O	6.93	A	-		
433	13	O	6.93	G	-		
433	14	O	6.93	A	-		
433	15	O	6.93	A	-		
433	16	O	6.93	C	-		
433	17	O	6.93	G	-		
433	18	O	6.93	A	-		
433	19	O	6.93	G	-		
433	20	O	6.93	A	-		
433	21	O	6.93	C	-		
433	22	O	6.93	A	-		
433	23	O	6.93	C	-		
433	24	O	6.93	T	-		
433	25	O	6.93	A	-		
433	26	O	6.93	G	-		
433	27	O	6.93	A	-		
433	28	O	6.93	C	-		
433	29	O	6.93	G	-		
433	30	O	6.93	A	-		
433	31	O	6.93	T	-		
433	32	O	6.93	G	-		
433	33	O	6.93	A	-		
433	34	O	6.93	T	-		
433	35	O	6.93	C	-		
433	36	O	6.93	C	-		
433	37	O	6.93	G	-		
433	38	O	6.93	G	-		
433	39	O	6.93	A	-		
433	40	O	6.93	C	-		
433	41	O	6.93	G	-		
433	42	O	6.93	A	-		
433	43	O	6.93	G	-		
433	44	O	6.93	C	-		
433	45	O	6.93	T	-		
433	46	O	6.93	T	-		
433	47	O	6.93	G	-		
433	48	O	6.93	A	-		
433	49	O	6.93	A	-		
433	50	O	6.93	A	-		
433	51	O	6.93	G	-		
433	52	O	6.93	A	-		
433	53	O	6.93	G	-		
433	54	O	6.93	T	-		
433	55	O	6.93	G	-		
433	56	O	6.93	A	-		
433	57	O	6.93	A	-		
433	58	O	6.93	G	-		
433	59	O	6.93	A	-		
433	60	O	6.93	A	-		
433	61	O	6.93	G	-		
433	62	O	6.93	C	-		
433	63	O	6.93	G	-		
433	64	O	6.93	C	-		
433	65	O	6.93	A	-		
433	66	O	6.93	A	-		
433	67	O	6.93	G	-		
433	68	O	6.93	A	-		
433	69	O	6.93	C	-		
433	70	O	6.93	G	-		
433	71	O	6.93	G	-		
433	72	O	6.93	C	-		
433	73	O	6.93	T	-		
433	74	O	6.93	C	-		
433	75	O	6.93	T	-		
433	76	O	6.93	G	-		
433	77	O	6.93	A	-		
433	78	O	6.93	A	-		
433	79	O	6.93	C	-		
433	80	O	6.93	A	-		
433	81	O	6.93	A	-		
433	82	O	6.93	C	-		
433	83	O	6.93	G	-		
433	84	O	6.93	C	-		
433	85	O	6.93	C	-		
433	86	O	6.93	A	-		
433	87	O	6.93	T	-		
433	88	O	6.93	C	-		
433	89	O	6.93	C	-		
433	90	O	6.93	G	-		
433	91	O	6.93	T	-		
433	92	O	6.93	G	-		
433	93	O	6.93	C	-		
433	94	O	6.93	C	-		
433	95	O	6.93	T	-		
433	96	O	6.93	T	-		
433	97	O	6.93	C	-		
433	98	O	6.93	A	-		
433	99	O	6.93	A	-		
433	100	O	6.93	C	-		
433	101	O	6.93	T	-		
433	102	O	6.93	A	-		
433	103	O	6.93	C	-		
433	104	O	6.93	A	-		
433	105	O	6.93	A	-		
433	106	O	6.93	G	-		
433	107	O	6.93	C	-		
433	108	O	6.93	C	-		
433	109	O	6.93	T	-		
434	0	O	11.09	T	-		
434	1	O	11.09	C	-		
434	2	O	11.09	G	-		
434	3	O	11.09	G	-		
434	4	O	11.09	C	-		
434	5	O	11.09	G	-		
434	6	O	11.09	C	-		
434	7	O	11.09	C	-		
434	8	O	11.09	G	-		
434	9	O	11.09	A	-		
434	10	O	11.09	G	-		
434	11	O	11.09	A	-		
434	12	O	11.09	A	-		
434	13	O	11.09	G	-		
434	14	O	11.09	T	-		
434	15	O	11.09	A	-		
434	16	O	11.09	T	-		
434	17	O	11.09	C	-		
434	18	O	11.09	G	-		
434	19	O	11.09	C	-		
434	20	O	11.09	C	-		
434	21	O	11.09	A	-		
434	22	O	11.09	A	-		
434	23	O	11.09	A	-		
434	24	O	11.09	T	-		
434	25	O	11.09	G	-		
434	26	O	11.09	C	-		
434	27	O	11.09	G	-		
434	28	O	11.09	A	-		
434	29	O	11.09	T	-		
434	30	O	11.09	G	-		
434	31	O	11.09	G	-		
434	32	O	11.09	A	-		
434	33	O	11.09	A	-		
434	34	O	11.09	C	-		
434	35	O	11.09	G	-		
434	36	O	11.09	G	-		
434	37	O	11.09	A	-		
434	38	O	11.09	G	-		
434	39	O	11.09	A	-		
434	40	O	11.09	G	-		
434	41	O	11.09	A	-		
434	42	O	11.09	C	-		
434	43	O	11.09	A	-		
434	44	O	11.09	G	-		
434	45	O	11.09	C	-		
434	46	O	11.09	G	-		
434	47	O	11.09	T	-		
434	48	O	11.09	T	-		
434	49	O	11.09	C	-		
434	50	O	11.09	C	-		
434	51	O	11.09	C	-		
434	52	O	11.09	G	-		
434	53	O	11.09	A	-		
434	54	O	11.09	A	-		
434	55	O	11.09	A	-		
434	56	O	11.09	C	-		
434	57	O	11.09	C	-		
434	58	O	11.09	G	-		
434	59	O	11.09	A	-		
434	60	O	11.09	C	-		
434	61	O	11.09	C	-		
434	62	O	11.09	G	-		
434	63	O	11.09	T	-		
434	64	O	11.09	C	-		
434	65	O	11.09	G	-		
434	66	O	11.09	T	-		
434	67	O	11.09	A	-		
434	68	O	11.09	G	-		
434	69	O	11.09	A	-		
434	70	O	11.09	G	-		
434	71	O	11.09	T	-		
434	72	O	11.09	C	-		
434	73	O	11.09	T	-		
434	74	O	11.09	G	-		
434	75	O	11.09	G	-		
434	76	O	11.09	A	-		
434	77	O	11.09	A	-		
434	78	O	11.09	A	-		
434	79	O	11.09	G	-		
434	80	O	11.09	G	-		
434	81	O	11.09	A	-		
434	82	O	11.09	C	-		
434	83	O	11.09	A	-		
434	84	O	11.09	T	-		
434	85	O	11.09	C	-		
434	86	O	11.09	A	-		
434	87	O	11.09	A	-		
434	88	O	11.09	A	-		
434	89	O	11.09	C	-		
434	90	O	11.09	T	-		
434	91	O	11.09	G	-		
434	92	O	11.09	C	-		
434	93	O	11.09	C	-		
434	94	O	11.09	T	-		
434	95	O	11.09	T	-		
434	96	O	11.09	C	-		
434	97	O	11.09	T	-		
434	98	O	11.09	C	-		
434	99	O	11.09	G	-		
434	100	O	11.09	C	-		
434	101	O	11.09	G	-		
434	102	O	11.09	A	-		
434	103	O	11.09	T	-		
434	104	O	11.09	G	-		
434	105	O	11.09	C	-		
434	106	O	11.09	C	-		
434	107	O	11.09	G	-		
434	108	O	11.09	G	-		
434	109	O	11.09	A	-		
435	0	O	8.32	T	-		
435	1	O	8.32	A	-		
435	2	O	8.32	G	-		
435	3	O	8.32	A	-		
435	4	O	8.32	T	-		
435	5	O	8.32	A	-		
435	6	O	8.32	C	-		
435	7	O	8.32	T	-		
435	8	O	8.32	A	-		
435	9	O	8.32	A	-		
435	10	O	8.32	G	-		
435	11	O	8.32	G	-		
435	12	O	8.32	A	-		
435	13	O	8.32	A	-		
435	14	O	8.32	G	-		
435	15	O	8.32	C	-		
435	16	O	8.32	A	-		
435	17	O	8.32	T	-		
435	18	O	8.32	T	-		
435	19	O	8.32	C	-		
435	20	O	8.32	A	-		
435	21	O	8.32	C	-		
435	22	O	8.32	T	-		
435	23	O	8.32	C	-		
435	24	O	8.32	T	-		
435	25	O	8.32	C	-		
435	26	O	8.32	T	-		
435	27	O	8.32	A	-		
435	28	O	8.32	C	-		
435	29	O	8.32	C	-		
435	30	O	8.32	A	-		
435	31	O	8.32	A	-		
435	32	O	8.32	T	-		
435	33	O	8.32	C	-		
435	34	O	8.32	C	-		
435	35	O	8.32	G	-		
435	36	O	8.32	C	-		
435	37	O	8.32	T	-		
435	38	O	8.32	G	-		
435	39	O	8.32	C	-		
435	40	O	8.32	G	-		
435	41	O	8.32	A	-		
435	42	O	8.32	A	-		
435	43	O	8.32	A	-		
435	44	O	8.32	T	-		
435	45	O	8.32	C	-		
435	46	O	8.32	T	-		
435	47	O	8.32	G	-		
435	48	O	8.32	G	-		
435	49	O	8.32	A	-		
435	50	O	8.32	C	-		
435	51	O	8.32	A	-		
435	52	O	8.32	C	-		
435	53	O	8.32	G	-		
435	54	O	8.32	C	-		
435	55	O	8.32	T	-		
435	56	O	8.32	G	-		
435	57	O	8.32	C	-		
435	58	O	8.32	G	-		
435	59	O	8.32	A	-		
435	60	O	8.32	G	-		
435	61	O	8.32	T	-		
435	62	O	8.32	G	-		
435	63	O	8.32	C	-		
435	64	O	8.32	G	-		
435	65	O	8.32	T	-		
435	66	O	8.32	A	-		
435	67	O	8.32	T	-		
435	68	O	8.32	C	-		
435	69	O	8.32	G	-		
435	70	O	8.32	A	-		
435	71	O	8.32	A	-		
435	72	O	8.32	C	-		
435	73	O	8.32	A	-		
435	74	O	8.32	G	-		
435	75	O	8.32	C	-		
435	76	O	8.32	A	-		
435	77	O	8.32	G	-		
435	78	O	8.32	T	-		
435	79	O	8.32	C	-		
435	80	O	8.32	T	-		
435	81	O	8.32	G	-		
435	82	O	8.32	C	-		
435	83	O	8.32	T	-		
435	84	O	8.32	G	-		
435	85	O	8.32	T	-		
435	86	O	8.32	G	-		
435	87	O	8.32	A	-		
435	88	O	8.32	G	-		
435	89	O	8.32	A	-		
435	90	O	8.32	T	-		
435	91	O	8.32	G	-		
435	92	O	8.32	G	-		
435	93	O	8.32	G	-		
435	94	O	8.32	T	-		
435	95	O	8.32	C	-		
435	96	O	8.32	A	-		
435	97	O	8.32	T	-		
435	98	O	8.32	G	-		
435	99	O	8.32	A	-		
435	100	O	8.32	G	-		
435	101	O	8.32	G	-		
435	102	O	8.32	A	-		
435	103	O	8.32	A	-		
435	104	O	8.32	G	-		
435	105	O	8.32	G	-		
435	106	O	8.32	T	-		
435	107	O	8.32	G	-		
435	108	O	8.32	G	-		
435	109	O	8.32	A	-		
436	0	U	0.00	-	-		
436	1	U	0.00	-	-		
436	2	U	0.00	-	-		
436	3	U	0.00	-	-		
436	4	U	0.00	-	-		
436	5	U	0.00	-	-		
436	6	U	0.00	-	-		
436	7	U	0.00	-	-		
436	8	U	0.00	-	-		
436	9	O	9.70	T	-		
436	10	O	9.70	C	-		
436	11	O	9.70	G	-		
436	12	O	9.70	A	-		
436	13	O	9.70	A	-		
436	14	O	9.70	C	-		
436	15	O	9.70	A	-		
436	16	O	9.70	G	-		
436	17	O	9.70	A	-		
436	18	O	9.70	T	-		
436	19	O	9.70	T	-		
436	20	O	9.70	A	-		
436	21	O	9.70	T	-		
436	22	O	9.70	A	-		
436	23	O	9.70	G	-		
436	24	O	9.70	A	-		
436	25	O	9.70	T	-		
436	26	O	9.70	T	-		
436	27	O	9.70	G	-		
436	28	O	9.70	T	-		
436	29	O	9.70	A	-		
436	30	O	9.70	G	-		
436	31	O	9.70	T	-		
436	32	O	9.70	T	-		
436	33	O	9.70	T	-		
436	34	O	9.70	C	-		
436	35	O	9.70	C	-		
436	36	O	9.70	T	-		
436	37	O	9.70	C	-		
436	38	O	9.70	C	-		
436	39	O	9.70	C	-		
436	40	O	9.70	T	-		
436	41	O	9.70	C	-		
436	42	O	9.70	C	-		
436	43	O	9.70	T	-		
436	44	O	9.70	A	-		
436	45	O	9.70	G	-		
436	46	O	9.70	T	-		
436	47	O	9.70	A	-		
436	48	O	9.70	G	-		
436	49	O	9.70	C	-		
436	50	O	9.70	T	-		
436	51	O	9.70	A	-		
436	52	O	9.70	G	-		
436	53	O	9.70	G	-		
436	54	O	9.70	T	-		
436	55	O	9.70	A	-		
436	56	O	9.70	G	-		
436	57	O	9.70	C	-		
436	58	O	9.70	T	-		
436	59	O	9.70	A	-		
436	60	O	9.70	G	-		
436	61	O	9.70	G	-		
436	62	O	9.70	T	-		
436	63	O	9.70	A	-		
436	64	O	9.70	G	-		
436	65	O	9.70	C	-		
436	66	O	9.70	T	-		
436	67	O	9.70	C	-		
436	68	O	9.70	G	-		
436	69	O	9.70	G	-		
436	70	O	9.70	T	-		
436	71	O	9.70	A	-		
436	72	O	9.70	G	-		
436	73	O	9.70	T	-		
436	74	O	9.70	T	-		
436	75	O	9.70	T	-		
436	76	O	9.70	G	-		
436	77	O	9.70	T	-		
436	78	O	9.70	T	-		
436	79	O	9.70	G	-		
436	80	O	9.70	T	-		
436	81	O	9.70	T	-		
436	82	O	9.70	G	-		
436	83	O	9.70	T	-		
436	84	O	9.70	C	-		
436	85	O	9.70	A	-		
436	86	O	9.70	T	-		
436	87	O	9.70	T	-		
436	88	O	9.70	C	-		
436	89	O	9.70	C	-		
436	90	O	9.70	T	-		
436	91	O	9.70	C	-		
436	92	O	9.70	T	-		
436	93	O	9.70	C	-		
436	94	O	9.70	C	-		
436	95	O	9.70	T	-		
436	96	O	9.70	A	-		
436	97	O	9.70	G	-		
436	98	O	9.70	T	-		
436	99	O	9.70	G	-		
436	100	O	9.70	G	-		
436	101	O	9.70	G	-		
436	102	O	9.70	A	-		
436	103	O	9.70	A	-		
436	104	O	9.70	G	-		
436	105	O	9.70	G	-		
436	106	O	9.70	T	-		
436	107	O	9.70	T	-		
436	108	O	9.70	A	-		
436	109	O	9.70	T	-		
436	110	U	0.00	-	-		
436	111	U	0.00	-	-		
436	112	U	0.00	-	-		
436	113	U	0.00	-	-		
436	114	U	0.00	-	-		
436	115	U	0.00	-	-		
436	116	U	0.00	-	-		
436	117	U	0.00	-	-		
436	118	U	0.00	-	-		
437	0	O	6.93	G	-		
437	1	O	6.93	G	-		
437	2	O	6.93	T	-		
437	3	O	6.93	C	-		
437	4	O	6.93	G	-		
437	5	O	6.93	A	-		
437	6	O	6.93	T	-		
437	7	O	6.93	C	-		
437	8	O	6.93	T	-		
437	9	O	6.93	T	-		
437	10	O	6.93	A	-		
437	11	O	6.93	C	-		
437	12	O	6.93	T	-		
437	13	O	6.93	A	-		
437	14	O	6.93	T	-		
437	15	O	6.93	C	-		
437	16	O	6.93	T	-		
437	17	O	6.93	T	-		
437	18	O	6.93	G	-		
437	19	O	6.93	C	-		
437	20	O	6.93	G	-		
437	21	O	6.93	C	-		
437	22	O	6.93	T	-		
437	23	O	6.93	G	-		
437	24	O	6.93	T	-		
437	25	O	6.93	A	-		
437	26	O	6.93	T	-		
437	27	O	6.93	T	-		
437	28	O	6.93	G	-		
437	29	O	6.93	G	-		
437	30	U	-0.27	A	C		
437	31	O	6.93	T	-		
437	32	O	6.93	T	-		
437	33	O	6.93	A	-		
437	34	O	6.93	T	-		
437	35	O	6.93	C	-		
437	36	O	6.93	C	-		
437	37	O	6.93	T	-		
437	38	O	6.93	A	-		
437	39	O	6.93	T	-		
437	40	O	6.93	T	-		
437	41	O	6.93	A	-		
437	42	O	6.93	T	-		
437	43	O	6.93	G	-		
437	44	O	6.93	A	-		
437	45	O	6.93	T	-		
437	46	O	6.93	C	-		
437	47	O	6.93	T	-		
437	48	O	6.93	A	-		
437	49	O	6.93	C	-		
437	50	O	6.93	C	-		
437	51	O	6.93	A	-		
437	52	O	6.93	T	-		
437	53	O	6.93	G	-		
437	54	O	6.93	A	-		
437	55	O	6.93	T	-		
437	56	O	6.93	A	-		
437	57	O	6.93	A	-		
437	58	O	6.93	G	-		
437	59	O	6.93	T	-		
437	60	O	6.93	A	-		
437	61	O	6.93	A	-		
437	62	O	6.93	A	-		
437	63	O	6.93	A	-		
437	64	O	6.93	G	-		
437	65	O	6.93	A	-		
437	66	O	6.93	C	-		
437	67	O	6.93	A	-		
437	68	O	6.93	C	-		
437	69	O	6.93	T	-		
437	70	O	6.93	T	-		
437	71	O	6.93	C	-		
437	72	O	6.93	G	-		
437	73	O	6.93	A	-		
437	74	O	6.93	C	-		
437	75	O	6.93	T	-		
437	76	O	6.93	G	-		
437	77	O	6.93	C	-		
437	78	O	6.93	A	-		
437	79	O	6.93	T	-		
437	80	O	6.93	G	-		
437	81	O	6.93	T	-		
437	82	O	6.93	C	-		
437	83	O	6.93	T	-		
437	84	O	6.93	T	-		
437	85	O	6.93	C	-		
437	86	O	6.93	T	-		
437	87	O	6.93	T	-		
437	88	O	6.93	C	-		
437	89	O	6.93	C	-		
437	90	O	6.93	A	-		
437	91	O	6.93	A	-		
437	92	O	6.93	G	-		
437	93	O	6.93	G	-		
437	94	O	6.93	C	-		
437	95	O	6.93	C	-		
437	96	O	6.93	T	-		
437	97	O	6.93	C	-		
437	98	O	6.93	A	-		
437	99	O	6.93	T	-		
437	100	O	6.93	T	-		
437	101	O	6.93	C	-		
437	102	O	6.93	A	-		
437	103	O	6.93	T	-		
437	104	O	6.93	T	-		
437	105	O	6.93	T	-		
437	106	O	6.93	C	-		
437	107	O	6.93	A	-		
437	108	O	6.93	T	-		
437	109	O	6.93	C	-		
438	0	O	6.93	A	-		
438	1	O	6.93	A	-		
438	2	O	6.93	A	-		
438	3	O	6.93	C	-		
438	4	O	6.93	C	-		
438	5	O	6.93	A	-		
438	6	O	6.93	G	-		
438	7	O	6.93	C	-		
438	8	O	6.93	A	-		
438	9	O	6.93	G	-		
438	10	O	6.93	T	-		
438	11	O	6.93	T	-		
438	12	O	6.93	T	-		
438	13	O	6.93	C	-		
438	14	O	6.93	C	-		
438	15	O	6.93	A	-		
438	16	O	6.93	G	-		
438	17	O	6.93	C	-		
438	18	O	6.93	T	-		
438	19	O	6.93	A	-		
438	20	O	6.93	T	-		
438	21	O	6.93	C	-		
438	22	O	6.93	A	-		
438	23	O	6.93	C	-		
438	24	O	6.93	A	-		
438	25	O	6.93	A	-		
438	26	O	6.93	G	-		
438	27	O	6.93	G	-		
438	28	O	6.93	A	-		
438	29	O	6.93	A	-		
438	30	O	6.93	G	-		
438	31	O	6.93	C	-		
438	32	O	6.93	A	-		
438	33	O	6.93	A	-		
438	34	O	6.93	T	-		
438	35	O	6.93	A	-		
438	36	O	6.93	T	-		
438	37	O	6.93	G	-		
438	38	O	6.93	C	-		
438	39	O	6.93	C	-		
438	40	O	6.93	A	-		
438	41	O	6.93	A	-		
438	42	O	6.93	T	-		
438	43	O	6.93	A	-		
438	44	O	6.93	A	-		
438	45	O	6.93	C	-		
438	46	O	6.93	A	-		
438	47	O	6.93	T	-		
438	48	O	6.93	G	-		
438	49	O	6.93	C	-		
438	50	O	6.93	G	-		
438	51	O	6.93	C	-		
438	52	O	6.93	A	-		
438	53	O	6.93	G	-		
438	54	O	6.93	G	-		
438	55	O	6.93	T	-		
438	56	O	6.93	G	-		
438	57	O	6.93	A	-		
438	58	O	6.93	G	-		
438	59	O	6.93	T	-		
438	60	O	6.93	G	-		
438	61	O	6.93	A	-		
438	62	O	6.93	G	-		
438	63	O	6.93	C	-		
438	64	O	6.93	G	-		
438	65	O	6.93	T	-		
438	66	O	6.93	A	-		
438	67	O	6.93	C	-		
438	68	O	6.93	A	-		
438	69	O	6.93	A	-		
438	70	O	6.93	G	-		
438	71	O	6.93	T	-		
438	72	O	6.93	T	-		
438	73	O	6.93	T	-		
438	74	O	6.93	C	-		
438	75	O	6.93	T	-		
438	76	O	6.93	G	-		
438	77	O	6.93	C	-		
438	78	O	6.93	C	-		
438	79	O	6.93	A	-		
438	80	O	6.93	C	-		
438	81	O	6.93	T	-		
438	82	O	6.93	G	-		
438	83	O	6.93	C	-		
438	84	O	6.93	G	-		
438	85	O	6.93	A	-		
438	86	O	6.93	T	-		
438	87	O	6.93	T	-		
438	88	O	6.93	A	-		
438	89	O	6.93	G	-		
438	90	O	6.93	T	-		
438	91	O	6.93	C	-		
438	92	O	6.93	C	-		
438	93	O	6.93	A	-		
438	94	O	6.93	T	-		
438	95	O	6.93	A	-		
438	96	O	6.93	A	-		
438	97	O	6.93	A	-		
438	98	O	6.93	A	-		
438	99	O	6.93	A	-		
438	100	O	6.93	G	-		
438	101	O	6.93	G	-		
438	102	O	6.93	C	-		
438	103	O	6.93	A	-		
438	104	O	6.93	A	-		
438	105	O	6.93	A	-		
438	106	O	6.93	T	-		
438	107	O	6.93	C	-		
438	108	O	6.93	C	-		
438	109	O	6.93	A	-		
439	0	O	5.55	A	-		
439	1	O	5.55	A	-		
439	2	O	5.55	C	-		
439	3	O	5.55	A	-		
439	4	O	5.55	A	-		
439	5	O	5.55	G	-		
439	6	O	5.55	A	-		
439	7	O	5.55	A	-		
439	8	O	5.55	G	-		
439	9	O	5.55	C	-		
439	10	O	5.55	G	-		
439	11	O	5.55	A	-		
439	12	O	5.55	C	-		
439	13	O	5.55	T	-		
439	14	O	5.55	C	-		
439	15	O	5.55	C	-		
439	16	O	5.55	C	-		
439	17	O	5.55	A	-		
439	18	O	5.55	A	-		
439	19	O	5.55	A	-		
439	20	O	5.55	C	-		
439	21	O	5.55	C	-		
439	22	O	5.55	C	-		
439	23	O	5.55	T	-		
439	24	O	5.55	C	-		
439	25	O	5.55	C	-		
439	26	O	5.55	A	-		
439	27	O	5.55	C	-		
439	28	O	5.55	T	-		
439	29	O	5.55	C	-		
439	30	O	5.55	A	-		
439	31	O	5.55	C	-		
439	32	O	5.55	G	-		
439	33	O	5.55	C	-		
439	34	O	5.55	A	-		
439	35	O	5.55	C	-		
439	36	O	5.55	G	-		
439	37	O	5.55	C	-		
439	38	O	5.55	C	-		
439	39	O	5.55	C	-		
439	40	O	5.55	A	-		
439	41	O	5.55	T	-		
439	42	O	5.55	A	-		
439	43	O	5.55	G	-		
439	44	O	5.55	G	-		
439	45	O	5.55	T	-		
439	46	O	5.55	C	-		
439	47	O	5.55	A	-		
439	48	O	5.55	T	-		
439	49	O	5.55	C	-		
439	50	O	5.55	A	-		
439	51	O	5.55	C	-		
439	52	O	5.55	G	-		
439	53	O	5.55	A	-		
439	54	O	5.55	T	-		
439	55	O	5.55	T	-		
439	56	O	5.55	G	-		
439	57	O	5.55	T	-		
439	58	O	5.55	A	-		
439	59	O	5.55	G	-		
439	60	O	5.55	G	-		
439	61	O	5.55	T	-		
439	62	O	5.55	T	-		
439	63	O	5.55	C	-		
439	64	O	5.55	G	-		
439	65	O	5.55	C	-		
439	66	O	5.55	A	-		
439	67	O	5.55	A	-		
439	68	O	5.55	T	-		
439	69	O	5.55	A	-		
439	70	O	5.55	G	-		
439	71	O	5.55	C	-		
439	72	O	5.55	A	-		
439	73	O	5.55	C	-		
439	74	O	5.55	G	-		
439	75	O	5.55	A	-		
439	76	O	5.55	A	-		
439	77	O	5.55	C	-		
439	78	O	5.55	C	-		
439	79	O	5.55	T	-		
439	80	O	5.55	G	-		
439	81	O	5.55	A	-		
439	82	O	5.55	G	-		
439	83	O	5.55	T	-		
439	84	O	5.55	G	-		
439	85	O	5.55	G	-		
439	86	O	5.55	T	-		
439	87	O	5.55	G	-		
439	88	O	5.55	G	-		
439	89	O	5.55	C	-		
439	90	O	5.55	A	-		
439	91	O	5.55	C	-		
439	92	O	5.55	C	-		
439	93	O	5.55	G	-		
439	94	O	5.55	A	-		
439	95	O	5.55	G	-		
439	96	O	5.55	G	-		
439	97	O	5.55	C	-		
439	98	O	5.55	G	-		
439	99	O	5.55	T	-		
439	100	O	5.55	G	-		
439	101	O	5.55	C	-		
439	102	O	5.55	G	-		
439	103	O	5.55	A	-		
439	104	O	5.55	G	-		
439	105	O	5.55	T	-		
439	106	O	5.55	T	-		
439	107	O	5.55	G	-		
439	108	O	5.55	C	-		
439	109	O	5.55	A	-		
440	0	O	24.95	T	-		
440	1	O	24.95	G	-		
440	2	O	24.95	T	-		
440	3	O	24.95	T	-		
440	4	O	24.95	A	-		
440	5	O	24.95	T	-		
440	6	O	24.95	A	-		
440	7	O	24.95	A	-		
440	8	O	24.95	A	-		
440	9	O	24.95	T	-		
440	10	O	24.95	A	-		
440	11	O	24.95	T	-		
440	12	O	24.95	G	-		
440	13	O	24.95	C	-		
440	14	O	24.95	C	-		
440	15	O	24.95	T	-		
440	16	O	24.95	C	-		
440	17	O	24.95	G	-		
440	18	O	24.95	G	-		
440	19	O	24.95	T	-		
440	20	O	24.95	G	-		
440	21	O	24.95	G	-		
440	22	O	24.95	G	-		
440	23	O	24.95	G	-		
440	24	O	24.95	T	-		
440	25	O	24.95	T	-		
440	26	O	24.95	T	-		
440	27	O	24.95	A	-		
440	28	O	24.95	C	-		
440	29	O	24.95	T	-		
440	30	O	24.95	G	-		
440	31	O	24.95	T	-		
440	32	O	24.95	A	-		
440	33	O	24.95	G	-		
440	34	O	24.95	T	-		
440	35	O	24.95	T	-		
440	36	O	24.95	G	-		
440	37	O	24.95	G	-		
440	38	O	24.95	T	-		
440	39	O	24.95	G	-		
440	40	O	24.95	T	-		
440	41	O	24.95	G	-		
440	42	O	24.95	T	-		
440	43	O	24.95	A	-		
440	44	O	24.95	T	-		
440	45	O	24.95	C	-		
440	46	O	24.95	T	-		
440	47	O	24.95	A	-		
440	48	O	24.95	C	-		
440	49	O	24.95	T	-		
440	50	O	24.95	G	-		
440	51	O	24.95	G	-		
440	52	O	24.95	C	-		
440	53	O	24.95	T	-		
440	54	O	24.95	A	-		
440	55	O	24.95	A	-		
440	56	O	24.95	G	-		
440	57	O	24.95	C	-		
440	58	O	24.95	A	-		
440	59	O	24.95	T	-		
440	60	O	24.95	G	-		
440	61	O	24.95	C	-		
440	62	O	24.95	A	-		
440	63	O	24.95	T	-		
440	64	O	24.95	T	-		
440	65	O	24.95	C	-		
440	66	O	24.95	C	-		
440	67	O	24.95	G	-		
440	68	O	24.95	A	-		
440	69	O	24.95	T	-		
440	70	O	24.95	A	-		
440	71	O	24.95	T	-		
440	72	O	24.95	A	-		
440	73	O	24.95	T	-		
440	74	O	24.95	C	-		
440	75	O	24.95	A	-		
440	76	O	24.95	C	-		
440	77	O	24.95	A	-		
440	78	O	24.95	G	-		
440	79	O	24.95	A	-		
440	80	O	24.95	A	-		
440	81	O	24.95	A	-		
440	82	O	24.95	G	-		
440	83	O	24.95	A	-		
440	84	O	24.95	A	-		
440	85	O	24.95	G	-		
440	86	O	24.95	G	-		
440	87	O	24.95	C	-		
440	88	O	24.95	G	-		
440	89	O	24.95	C	-		
440	90	O	24.95	C	-		
440	91	O	24.95	A	-		
440	92	O	24.95	T	-		
440	93	O	24.95	T	-		
440	94	O	24.95	G	-		
440	95	O	24.95	G	-		
440	96	O	24.95	G	-		
440	97	O	24.95	A	-		
440	98	O	24.95	A	-		
440	99	O	24.95	T	-		
440	100	O	24.95	T	-		
440	101	O	24.95	G	-		
440	102	O	15.03	C	-		
440	103	O	24.95	G	-		
440	104	O	24.95	A	-		
440	105	O	15.03	A	-		
440	106	O	24.95	A	-		
440	107	O	24.95	G	-		
440	108	O	24.95	A	-		
440	109	O	24.95	G	-		
441	0	O	6.93	T	-		
441	1	O	6.93	T	-		
441	2	O	6.93	G	-		
441	3	O	6.93	A	-		
441	4	O	6.93	A	-		
441	5	O	6.93	T	-		
441	6	O	6.93	T	-		
441	7	O	6.93	T	-		
441	8	O	6.93	T	-		
441	9	O	6.93	A	-		
441	10	O	6.93	G	-		
441	11	O	6.93	T	-		
441	12	O	6.93	C	-		
441	13	O	6.93	C	-		
441	14	O	6.93	G	-		
441	15	O	6.93	C	-		
441	16	O	6.93	T	-		
441	17	O	6.93	T	-		
441	18	O	6.93	T	-		
441	19	O	6.93	C	-		
441	20	O	6.93	C	-		
441	21	O	6.93	A	-		
441	22	O	6.93	T	-		
441	23	O	6.93	T	-		
441	24	O	6.93	G	-		
441	25	O	6.93	G	-		
441	26	O	6.93	T	-		
441	27	O	6.93	C	-		
441	28	O	6.93	A	-		
441	29	O	6.93	T	-		
441	30	O	6.93	T	-		
441	31	O	6.93	G	-		
441	32	O	6.93	G	-		
441	33	O	6.93	T	-		
441	34	O	6.93	G	-		
441	35	O	6.93	G	-		
441	36	O	6.93	C	-		
441	37	O	6.93	T	-		
441	38	O	6.93	A	-		
441	39	O	6.93	T	-		
441	40	O	6.93	A	-		
441	41	O	6.93	G	-		
441	42	O	6.93	C	-		
441	43	O	6.93	C	-		
441	44	O	6.93	G	-		
441	45	O	6.93	A	-		
441	46	O	6.93	A	-		
441	47	O	6.93	T	-		
441	48	O	6.93	T	-		
441	49	O	6.93	T	-		
441	50	O	6.93	T	-		
441	51	O	6.93	T	-		
441	52	O	6.93	C	-		
441	53	O	6.93	T	-		
441	54	O	6.93	T	-		
441	55	O	6.93	G	-		
441	56	O	6.93	T	-		
441	57	O	6.93	C	-		
441	58	O	6.93	A	-		
441	59	O	6.93	C	-		
441	60	O	6.93	A	-		
441	61	O	6.93	A	-		
441	62	O	6.93	G	-		
441	63	O	6.93	T	-		
441	64	O	6.93	T	-		
441	65	O	6.93	G	-		
441	66	O	6.93	G	-		
441	67	O	6.93	C	-		
441	68	O	6.93	G	-		
441	69	O	6.93	T	-		
441	70	U	-0.27	A	G		
441	71	O	6.93	G	-		
441	72	O	6.93	G	-		
441	73	O	6.93	A	-		
441	74	O	6.93	T	-		
441	75	O	6.93	T	-		
441	76	O	6.93	G	-		
441	77	O	6.93	T	-		
441	78	O	6.93	A	-		
441	79	O	6.93	G	-		
441	80	O	6.93	C	-		
441	81	O	6.93	T	-		
441	82	O	6.93	A	-		
441	83	O	6.93	T	-		
441	84	O	6.93	G	-		
441	85	O	6.93	T	-		
441	86	O	6.93	T	-		
441	87	O	6.93	G	-		
441	88	O	6.93	T	-		
441	89	O	6.93	A	-		
441	90	O	6.93	T	-		
441	91	O	6.93	G	-		
441	92	O	6.93	T	-		
441	93	O	6.93	G	-		
441	94	O	6.93	T	-		
441	95	O	6.93	T	-		
441	96	O	6.93	G	-		
441	97	O	6.93	G	-		
441	98	O	6.93	A	-		
441	99	O	6.93	A	-		
441	100	O	6.93	T	-		
441	101	O	6.93	T	-		
441	102	O	6.93	G	-		
441	103	O	6.93	A	-		
441	104	O	6.93	G	-		
441	105	O	6.93	T	-		
441	106	O	6.93	G	-		
441	107	O	6.93	G	-		
441	108	O	6.93	T	-		
441	109	O	6.93	A	-		
442	0	O	5.55	T	-		
442	1	O	5.55	A	-		
442	2	O	5.55	A	-		
442	3	O	5.55	T	-		
442	4	O	5.55	G	-		
442	5	O	5.55	T	-		
442	6	O	5.55	T	-		
442	7	O	5.55	C	-		
442	8	O	5.55	A	-		
442	9	O	5.55	C	-		
442	10	O	5.55	T	-		
442	11	O	5.55	T	-		
442	12	O	5.55	C	-		
442	13	O	5.55	C	-		
442	14	O	5.55	A	-		
442	15	O	5.55	A	-		
442	16	O	5.55	A	-		
442	17	O	5.55	T	-		
442	18	O	5.55	G	-		
442	19	O	5.55	C	-		
442	20	O	5.55	T	-		
442	21	O	5.55	G	-		
442	22	O	5.55	C	-		
442	23	O	5.55	G	-		
442	24	O	5.55	G	-		
442	25	O	5.55	C	-		
442	26	O	5.55	G	-		
442	27	O	5.55	A	-		
442	28	O	5.55	A	-		
442	29	O	5.55	A	-		
442	30	O	5.55	T	-		
442	31	O	5.55	C	-		
442	32	O	5.55	C	-		
442	33	O	5.55	C	-		
442	34	O	5.55	T	-		
442	35	O	5.55	G	-		
442	36	O	5.55	T	-		
442	37	O	5.55	T	-		
442	38	O	5.55	G	-		
442	39	O	5.55	T	-		
442	40	O	5.55	A	-		
442	41	O	5.55	A	-		
442	42	O	5.55	A	-		
442	43	O	5.55	G	-		
442	44	O	5.55	A	-		
442	45	O	5.55	T	-		
442	46	O	5.55	G	-		
442	47	O	5.55	G	-		
442	48	O	5.55	C	-		
442	49	O	5.55	C	-		
442	50	O	5.55	T	-		
442	51	O	5.55	T	-		
442	52	O	5.55	T	-		
442	53	O	5.55	G	-		
442	54	O	5.55	A	-		
442	55	O	5.55	C	-		
442	56	O	5.55	T	-		
442	57	O	5.55	T	-		
442	58	O	5.55	C	-		
442	59	O	5.55	T	-		
442	60	O	5.55	T	-		
442	61	O	5.55	G	-		
442	62	O	5.55	G	-		
442	63	O	5.55	A	-		
442	64	O	5.55	G	-		
442	65	O	5.55	A	-		
442	66	O	5.55	G	-		
442	67	O	5.55	T	-		
442	68	O	5.55	C	-		
442	69	O	5.55	T	-		
442	70	O	5.55	T	-		
442	71	O	5.55	T	-		
442	72	O	5.55	T	-		
442	73	O	5.55	G	-		
442	74	O	5.55	G	-		
442	75	O	5.55	A	-		
442	76	O	5.55	A	-		
442	77	O	5.55	A	-		
442	78	O	5.55	G	-		
442	79	O	5.55	C	-		
442	80	O	5.55	A	-		
442	81	O	5.55	G	-		
442	82	O	5.55	C	-		
442	83	O	5.55	A	-		
442	84	O	5.55	G	-		
442	85	O	5.55	A	-		
442	86	O	5.55	G	-		
442	87	O	5.55	T	-		
442	88	O	5.55	C	-		
442	89	O	5.55	G	-		
442	90	O	5.55	T	-		
442	91	O	5.55	T	-		
442	92	O	5.55	C	-		
442	93	O	5.55	T	-		
442	94	O	5.55	C	-		
442	95	O	5.55	C	-		
442	96	O	5.55	C	-		
442	97	O	5.55	A	-		
442	98	O	5.55	C	-		
442	99	O	5.55	A	-		
442	100	O	5.55	A	-		
442	101	O	5.55	G	-		
442	102	O	5.55	C	-		
442	103	O	5.55	T	-		
442	104	O	5.55	A	-		
442	105	O	5.55	T	-		
442	106	O	5.55	C	-		
442	107	O	5.55	C	-		
442	108	O	5.55	C	-		
442	109	O	5.55	G	-		
443	0	O	12.48	T	-		
443	1	O	12.48	G	-		
443	2	O	12.48	C	-		
443	3	O	12.48	C	-		
443	4	O	12.48	A	-		
443	5	O	12.48	T	-		
443	6	O	12.48	T	-		
443	7	O	12.48	G	-		
443	8	O	12.48	G	-		
443	9	O	12.48	C	-		
443	10	O	12.48	G	-		
443	11	O	12.48	G	-		
443	12	O	12.48	G	-		
443	13	O	12.48	C	-		
443	14	O	12.48	A	-		
443	15	O	12.48	C	-		
443	16	O	12.48	C	-		
443	17	O	12.48	G	-		
443	18	O	12.48	A	-		
443	19	O	12.48	T	-		
443	20	O	12.48	A	-		
443	21	O	12.48	C	-		
443	22	O	12.48	G	-		
443	23	O	12.48	C	-		
443	24	O	12.48	G	-		
443	25	O	12.48	A	-		
443	26	O	12.48	T	-		
443	27	O	12.48	A	-		
443	28	O	12.48	C	-		
443	29	O	12.48	A	-		
443	30	O	12.48	G	-		
443	31	O	12.48	G	-		
443	32	O	12.48	C	-		
443	33	O	12.48	G	-		
443	34	O	12.48	G	-		
443	35	O	12.48	C	-		
443	36	O	12.48	T	-		
443	37	O	12.48	G	-		
443	38	O	12.48	C	-		
443	39	O	12.48	C	-		
443	40	O	12.48	G	-		
443	41	O	12.48	G	-		
443	42	O	12.48	C	-		
443	43	O	12.48	G	-		
443	44	O	12.48	T	-		
443	45	O	12.48	T	-		
443	46	O	12.48	G	-		
443	47	O	12.48	A	-		
443	48	O	12.48	G	-		
443	49	O	12.48	C	-		
443	50	O	12.48	T	-		
443	51	O	12.48	G	-		
443	52	O	12.48	T	-		
443	53	O	12.48	T	-		
443	54	O	12.48	C	-		
443	55	O	12.48	G	-		
443	56	O	12.48	C	-		
443	57	O	12.48	C	-		
443	58	O	12.48	C	-		
443	59	O	12.48	A	-		
443	60	O	12.48	C	-		
443	61	O	12.48	C	-		
443	62	O	12.48	A	-		
443	63	O	12.48	C	-		
443	64	O	12.48	G	-		
443	65	O	12.48	T	-		
443	66	O	12.48	C	-		
443	67	O	12.48	T	-		
443	68	O	12.48	T	-		
443	69	O	12.48	C	-		
443	70	O	12.48	C	-		
443	71	O	12.48	G	-		
443	72	O	12.48	A	-		
443	73	O	12.48	T	-		
443	74	O	12.48	G	-		
443	75	O	12.48	T	-		
443	76	O	12.48	G	-		
443	77	O	12.48	A	-		
443	78	O	12.48	C	-		
443	79	O	12.48	G	-		
443	80	O	12.48	C	-		
443	81	O	12.48	G	-		
443	82	O	12.48	G	-		
443	83	O	12.48	A	-		
443	84	O	12.48	A	-		
443	85	O	12.48	A	-		
443	86	O	12.48	T	-		
443	87	O	12.48	C	-		
443	88	O	12.48	G	-		
443	89	O	12.48	C	-		
443	90	O	12.48	G	-		
443	91	O	12.48	C	-		
443	92	O	12.48	G	-		
443	93	O	12.48	C	-		
443	94	O	12.48	C	-		
443	95	O	12.48	C	-		
443	96	O	12.48	A	-		
443	97	O	12.48	C	-		
443	98	O	12.48	C	-		
443	99	O	12.48	A	-		
443	100	O	12.48	G	-		
443	101	O	12.48	C	-		
443	102	O	12.48	C	-		
443	103	O	12.48	G	-		
443	104	O	12.48	T	-		
443	105	O	12.48	A	-		
443	106	O	12.48	A	-		
443	107	O	12.48	T	-		
443	108	O	12.48	C	-		
443	109	O	12.48	C	-		
444	0	O	11.09	C	-		
444	1	O	11.09	A	-		
444	2	O	11.09	C	-		
444	3	O	11.09	A	-		
444	4	O	11.09	A	-		
444	5	O	11.09	G	-		
444	6	O	11.09	C	-		
444	7	O	11.09	C	-		
444	8	O	11.09	C	-		
444	9	O	11.09	A	-		
444	10	O	11.09	G	-		
444	11	O	11.09	C	-		
444	12	O	11.09	A	-		
444	13	O	11.09	A	-		
444	14	O	11.09	A	-		
444	15	O	11.09	T	-		
444	16	O	11.09	G	-		
444	17	O	11.09	T	-		
444	18	O	11.09	C	-		
444	19	O	11.09	G	-		
444	20	O	11.09	A	-		
444	21	O	11.09	A	-		
444	22	O	11.09	G	-		
444	23	O	11.09	G	-		
444	24	O	11.09	C	-		
444	25	O	11.09	T	-		
444	26	O	11.09	A	-		
444	27	O	11.09	T	-		
444	28	O	11.09	C	-		
444	29	O	11.09	C	-		
444	30	O	11.09	G	-		
444	31	O	11.09	G	-		
444	32	O	11.09	T	-		
444	33	O	11.09	G	-		
444	34	O	11.09	A	-		
444	35	O	11.09	T	-		
444	36	O	11.09	G	-		
444	37	O	11.09	C	-		
444	38	O	11.09	T	-		
444	39	O	11.09	T	-		
444	40	O	11.09	T	-		
444	41	O	11.09	G	-		
444	42	O	11.09	G	-		
444	43	O	11.09	T	-		
444	44	O	11.09	T	-		
444	45	O	11.09	G	-		
444	46	O	11.09	C	-		
444	47	O	11.09	A	-		
444	48	O	11.09	T	-		
444	49	O	11.09	G	-		
444	50	O	11.09	G	-		
444	51	O	11.09	A	-		
444	52	O	11.09	G	-		
444	53	O	11.09	G	-		
444	54	O	11.09	C	-		
444	55	O	11.09	T	-		
444	56	O	11.09	G	-		
444	57	O	11.09	G	-		
444	58	O	11.09	T	-		
444	59	O	11.09	T	-		
444	60	O	11.09	C	-		
444	61	O	11.09	C	-		
444	62	O	11.09	A	-		
444	63	O	11.09	G	-		
444	64	O	11.09	A	-		
444	65	O	11.09	T	-		
444	66	O	11.09	G	-		
444	67	O	11.09	G	-		
444	68	O	11.09	G	-		
444	69	O	11.09	A	-		
444	70	O	11.09	G	-		
444	71	O	11.09	A	-		
444	72	O	11.09	T	-		
444	73	O	11.09	C	-		
444	74	O	11.09	C	-		
444	75	O	11.09	G	-		
444	76	O	11.09	T	-		
444	77	O	11.09	C	-		
444	78	O	11.09	T	-		
444	79	O	11.09	C	-		
444	80	O	11.09	A	-		
444	81	O	11.09	G	-		
444	82	O	11.09	A	-		
444	83	O	11.09	C	-		
444	84	O	11.09	G	-		
444	85	O	11.09	C	-		
444	86	O	11.09	C	-		
444	87	O	11.09	C	-		
444	88	O	11.09	G	-		
444	89	O	11.09	A	-		
444	90	O	11.09	C	-		
444	91	O	11.09	A	-		
444	92	O	11.09	T	-		
444	93	O	11.09	G	-		
444	94	O	11.09	G	-		
444	95	O	11.09	G	-		
444	96	O	11.09	T	-		
444	97	O	11.09	C	-		
444	98	O	11.09	C	-		
444	99	O	11.09	G	-		
444	100	O	11.09	A	-		
444	101	O	11.09	C	-		
444	102	O	11.09	A	-		
444	103	O	11.09	G	-		
444	104	O	11.09	A	-		
444	105	O	11.09	A	-		
444	106	O	11.09	T	-		
444	107	O	11.09	T	-		
444	108	O	11.09	G	-		
444	109	O	11.09	A	-		
445	0	O	9.70	A	-		
445	1	O	9.70	G	-		
445	2	O	9.70	G	-		
445	3	O	9.70	A	-		
445	4	O	9.70	A	-		
445	5	O	9.70	A	-		
445	6	O	9.70	G	-		
445	7	O	9.70	C	-		
445	8	O	9.70	A	-		
445	9	O	9.70	A	-		
445	10	O	9.70	T	-		
445	11	O	9.70	A	-		
445	12	O	9.70	G	-		
445	13	O	9.70	A	-		
445	14	O	9.70	T	-		
445	15	O	9.70	C	-		
445	16	O	9.70	A	-		
445	17	O	9.70	T	-		
445	18	O	9.70	G	-		
445	19	O	9.70	C	-		
445	20	O	9.70	A	-		
445	21	O	9.70	A	-		
445	22	O	9.70	G	-		
445	23	O	9.70	T	-		
445	24	O	9.70	A	-		
445	25	O	9.70	A	-		
445	26	O	9.70	C	-		
445	27	O	9.70	C	-		
445	28	O	9.70	A	-		
445	29	O	9.70	A	-		
445	30	O	9.70	C	-		
445	31	O	9.70	T	-		
445	32	O	9.70	C	-		
445	33	O	9.70	A	-		
445	34	O	9.70	A	-		
445	35	O	9.70	T	-		
445	36	O	9.70	T	-		
445	37	O	9.70	A	-		
445	38	O	9.70	G	-		
445	39	O	9.70	C	-		
445	40	O	9.70	T	-		
445	41	O	9.70	A	-		
445	42	O	9.70	A	-		
445	43	O	9.70	C	-		
445	44	O	9.70	C	-		
445	45	O	9.70	T	-		
445	46	O	9.70	T	-		
445	47	O	9.70	T	-		
445	48	O	9.70	T	-		
445	49	O	9.70	T	-		
445	50	O	9.70	C	-		
445	51	O	9.70	A	-		
445	52	O	9.70	C	-		
445	53	O	9.70	C	-		
445	54	O	9.70	C	-		
445	55	O	9.70	A	-		
445	56	O	9.70	C	-		
445	57	O	9.70	T	-		
445	58	O	9.70	T	-		
445	59	O	9.70	G	-		
445	60	O	9.70	T	-		
445	61	O	9.70	A	-		
445	62	O	9.70	T	-		
445	63	O	9.70	T	-		
445	64	O	9.70	G	-		
445	65	O	9.70	T	-		
445	66	O	9.70	T	-		
445	67	O	9.70	G	-		
445	68	O	9.70	A	-		
445	69	U	1.77	T	G		
445	70	O	9.70	C	-		
445	71	O	9.70	A	-		
445	72	O	9.70	G	-		
445	73	O	9.70	T	-		
445	74	O	9.70	C	-		
445	75	O	9.70	A	-		
445	76	O	9.70	A	-		
445	77	O	9.70	A	-		
445	78	O	9.70	G	-		
445	79	O	9.70	T	-		
445	80	U	1.77	T	G		
445	81	O	9.70	T	-		
445	82	O	9.70	T	-		
445	83	O	9.70	C	-		
445	84	O	9.70	C	-		
445	85	O	9.70	C	-		
445	86	O	9.70	A	-		
445	87	O	9.70	T	-		
445	88	O	9.70	T	-		
445	89	O	9.70	A	-		
445	90	O	9.70	G	-		
445	91	O	9.70	T	-		
445	92	O	9.70	G	-		
445	93	O	9.70	G	-		
445	94	O	9.70	C	-		
445	95	O	9.70	A	-		
445	96	O	9.70	T	-		
445	97	O	9.70	T	-		
445	98	O	9.70	A	-		
445	99	O	9.70	T	-		
445	100	O	9.70	C	-		
445	101	O	9.70	T	-		
445	102	O	9.70	C	-		
445	103	O	9.70	A	-		
445	104	O	9.70	A	-		
445	105	O	9.70	T	-		
445	106	O	9.70	C	-		
445	107	O	9.70	A	-		
445	108	O	9.70	T	-		
445	109	O	9.70	C	-		
446	0	O	12.48	A	-		
446	1	O	12.48	A	-		
446	2	O	12.48	C	-		
446	3	O	12.48	A	-		
446	4	O	12.48	G	-		
446	5	O	12.48	G	-		
446	6	O	12.48	G	-		
446	7	O	12.48	C	-		
446	8	O	12.48	T	-		
446	9	O	12.48	T	-		
446	10	O	12.48	C	-		
446	11	O	12.48	G	-		
446	12	O	12.48	T	-		
446	13	O	12.48	T	-		
446	14	O	12.48	T	-		
446	15	O	12.48	T	-		
446	16	O	12.48	C	-		
446	17	O	12.48	T	-		
446	18	O	12.48	T	-		
446	19	O	12.48	G	-		
446	20	O	12.48	C	-		
446	21	O	12.48	A	-		
446	22	O	12.48	G	-		
446	23	O	12.48	G	-		
446	24	O	12.48	C	-		
446	25	O	12.48	T	-		
446	26	O	12.48	G	-		
446	27	O	12.48	C	-		
446	28	O	12.48	T	-		
446	29	O	12.48	G	-		
446	30	O	12.48	G	-		
446	31	O	12.48	T	-		
446	32	O	12.48	A	-		
446	33	O	12.48	T	-		
446	34	O	12.48	A	-		
446	35	O	12.48	G	-		
446	36	O	12.48	A	-		
446	37	O	12.48	T	-		
446	38	O	12.48	C	-		
446	39	O	12.48	G	-		
446	40	O	12.48	G	-		
446	41	O	12.48	C	-		
446	42	O	12.48	C	-		
446	43	O	12.48	A	-		
446	44	O	12.48	G	-		
446	45	O	12.48	G	-		
446	46	O	12.48	C	-		
446	47	O	12.48	A	-		
446	48	O	12.48	G	-		
446	49	O	12.48	A	-		
446	50	O	12.48	G	-		
446	51	O	12.48	G	-		
446	52	O	12.48	C	-		
446	53	O	12.48	G	-		
446	54	O	12.48	G	-		
446	55	O	12.48	G	-		
446	56	O	12.48	G	-		
446	57	O	12.48	A	-		
446	58	O	12.48	A	-		
446	59	O	12.48	A	-		
446	60	O	12.48	T	-		
446	61	O	12.48	A	-		
446	62	O	12.48	G	-		
446	63	O	12.48	G	-		
446	64	O	12.48	C	-		
446	65	O	12.48	G	-		
446	66	O	12.48	G	-		
446	67	O	12.48	G	-		
446	68	O	12.48	G	-		
446	69	O	12.48	A	-		
446	70	O	12.48	A	-		
446	71	O	12.48	A	-		
446	72	O	12.48	T	-		
446	73	O	12.48	G	-		
446	74	O	12.48	A	-		
446	75	O	12.48	A	-		
446	76	O	12.48	T	-		
446	77	O	12.48	G	-		
446	78	O	12.48	A	-		
446	79	O	12.48	A	-		
446	80	O	12.48	A	-		
446	81	O	12.48	T	-		
446	82	O	12.48	G	-		
446	83	O	12.48	G	-		
446	84	O	12.48	C	-		
446	85	O	12.48	G	-		
446	86	O	12.48	T	-		
446	87	O	12.48	T	-		
446	88	O	12.48	C	-		
446	89	O	12.48	A	-		
446	90	O	12.48	T	-		
446	91	O	12.48	G	-		
446	92	O	12.48	G	-		
446	93	O	12.48	T	-		
446	94	O	12.48	C	-		
446	95	O	12.48	A	-		
446	96	O	12.48	G	-		
446	97	O	12.48	A	-		
446	98	O	12.48	T	-		
446	99	O	12.48	G	-		
446	100	O	12.48	T	-		
446	101	O	12.48	C	-		
446	102	O	12.48	T	-		
446	103	O	12.48	T	-		
446	104	O	12.48	A	-		
446	105	O	12.48	G	-		
446	106	O	12.48	A	-		
446	107	O	12.48	G	-		
446	108	O	12.48	A	-		
446	109	O	12.48	A	-		
447	0	O	5.55	C	-		
447	1	O	5.55	A	-		
447	2	O	5.55	A	-		
447	3	O	5.55	A	-		
447	4	O	5.55	G	-		
447	5	O	5.55	G	-		
447	6	O	5.55	T	-		
447	7	O	5.55	A	-		
447	8	O	5.55	G	-		
447	9	O	5.55	T	-		
447	10	O	5.55	G	-		
447	11	O	5.55	T	-		
447	12	O	5.55	C	-		
447	13	O	5.55	A	-		
447	14	O	5.55	A	-		
447	15	O	5.55	G	-		
447	16	O	5.55	T	-		
447	17	O	5.55	C	-		
447	18	O	5.55	G	-		
447	19	O	5.55	G	-		
447	20	O	5.55	G	-		
447	21	O	5.55	C	-		
447	22	O	5.55	A	-		
447	23	O	5.55	A	-		
447	24	O	5.55	A	-		
447	25	O	5.55	T	-		
447	26	O	5.55	C	-		
447	27	O	5.55	G	-		
447	28	O	5.55	A	-		
447	29	O	5.55	G	-		
447	30	O	5.55	T	-		
447	31	O	5.55	A	-		
447	32	O	5.55	T	-		
447	33	O	5.55	C	-		
447	34	O	5.55	T	-		
447	35	O	5.55	C	-		
447	36	O	5.55	G	-		
447	37	O	5.55	A	-		
447	38	O	5.55	A	-		
447	39	O	5.55	A	-		
447	40	O	5.55	A	-		
447	41	O	5.55	T	-		
447	42	O	5.55	C	-		
447	43	O	5.55	A	-		
447	44	O	5.55	C	-		
447	45	O	5.55	T	-		
447	46	O	5.55	G	-		
447	47	O	5.55	G	-		
447	48	O	5.55	G	-		
447	49	O	5.55	A	-		
447	50	O	5.55	C	-		
447	51	O	5.55	G	-		
447	52	O	5.55	T	-		
447	53	O	5.55	A	-		
447	54	O	5.55	C	-		
447	55	O	5.55	G	-		
447	56	O	5.55	G	-		
447	57	O	5.55	T	-		
447	58	O	5.55	A	-		
447	59	O	5.55	G	-		
447	60	O	5.55	G	-		
447	61	O	5.55	C	-		
447	62	O	5.55	G	-		
447	63	O	5.55	T	-		
447	64	O	5.55	G	-		
447	65	O	5.55	G	-		
447	66	O	5.55	C	-		
447	67	O	5.55	T	-		
447	68	O	5.55	C	-		
447	69	O	5.55	T	-		
447	70	O	5.55	G	-		
447	71	O	5.55	C	-		
447	72	O	5.55	G	-		
447	73	O	5.55	C	-		
447	74	O	5.55	C	-		
447	75	O	5.55	C	-		
447	76	O	5.55	G	-		
447	77	O	5.55	C	-		
447	78	O	5.55	C	-		
447	79	O	5.55	G	-		
447	80	O	5.55	A	-		
447	81	O	5.55	C	-		
447	82	O	5.55	A	-		
447	83	O	5.55	A	-		
447	84	O	5.55	G	-		
447	85	O	5.55	A	-		
447	86	O	5.55	C	-		
447	87	O	5.55	T	-		
447	88	O	5.55	T	-		
447	89	O	5.55	T	-		
447	90	O	5.55	T	-		
447	91	O	5.55	A	-		
447	92	O	5.55	T	-		
447	93	O	5.55	C	-		
447	94	O	5.55	A	-		
447	95	O	5.55	A	-		
447	96	O	5.55	T	-		
447	97	O	5.55	G	-		
447	98	O	5.55	A	-		
447	99	O	5.55	T	-		
447	100	O	5.55	T	-		
447	101	O	5.55	G	-		
447	102	O	5.55	G	-		
447	103	O	5.55	C	-		
447	104	O	5.55	G	-		
447	105	O	5.55	A	-		
447	106	O	5.55	C	-		
447	107	O	5.55	C	-		
447	108	O	5.55	T	-		
447	109	O	5.55	C	-		
448	0	O	8.32	G	-		
448	1	O	8.32	T	-		
448	2	O	8.32	C	-		
448	3	O	8.32	C	-		
448	4	O	8.32	G	-		
448	5	O	8.32	G	-		
448	6	O	8.32	G	-		
448	7	O	8.32	C	-		
448	8	O	8.32	A	-		
448	9	O	8.32	G	-		
448	10	O	8.32	A	-		
448	11	O	8.32	C	-		
448	12	O	8.32	T	-		
448	13	O	8.32	C	-		
448	14	O	8.32	G	-		
448	15	O	8.32	G	-		
448	16	O	8.32	C	-		
448	17	O	8.32	C	-		
448	18	O	8.32	G	-		
448	19	O	8.32	A	-		
448	20	O	8.32	G	-		
448	21	O	8.32	C	-		
448	22	O	8.32	G	-		
448	23	O	8.32	C	-		
448	24	O	8.32	A	-		
448	25	O	8.32	A	-		
448	26	O	8.32	C	-		
448	27	O	8.32	C	-		
448	28	O	8.32	A	-		
448	29	O	8.32	A	-		
448	30	O	8.32	T	-		
448	31	O	8.32	T	-		
448	32	O	8.32	C	-		
448	33	O	8.32	C	-		
448	34	O	8.32	G	-		
448	35	O	8.32	G	-		
448	36	O	8.32	C	-		
448	37	O	8.32	C	-		
448	38	O	8.32	G	-		
448	39	O	8.32	A	-		
448	40	O	8.32	C	-		
448	41	O	8.32	A	-		
448	42	O	8.32	C	-		
448	43	O	8.32	A	-		
448	44	O	8.32	A	-		
448	45	O	8.32	T	-		
448	46	O	8.32	T	-		
448	47	O	8.32	C	-		
448	48	O	8.32	C	-		
448	49	O	8.32	A	-		
448	50	O	8.32	A	-		
448	51	O	8.32	T	-		
448	52	O	8.32	C	-		
448	53	O	8.32	A	-		
448	54	O	8.32	G	-		
448	55	O	8.32	C	-		
448	56	O	8.32	T	-		
448	57	O	8.32	T	-		
448	58	O	8.32	G	-		
448	59	O	8.32	T	-		
448	60	O	8.32	A	-		
448	61	O	8.32	C	-		
448	62	O	8.32	C	-		
448	63	O	8.32	T	-		
448	64	O	8.32	G	-		
448	65	O	8.32	C	-		
448	66	O	8.32	C	-		
448	67	O	8.32	A	-		
448	68	O	8.32	G	-		
448	69	O	8.32	T	-		
448	70	O	8.32	G	-		
448	71	O	8.32	T	-		
448	72	O	8.32	C	-		
448	73	O	8.32	C	-		
448	74	O	8.32	G	-		
448	75	O	8.32	A	-		
448	76	O	8.32	G	-		
448	77	O	8.32	T	-		
448	78	O	8.32	T	-		
448	79	O	8.32	G	-		
448	80	O	8.32	T	-		
448	81	O	8.32	C	-		
448	82	O	8.32	C	-		
448	83	O	8.32	T	-		
448	84	O	8.32	C	-		
448	85	O	8.32	G	-		
448	86	O	8.32	A	-		
448	87	O	8.32	T	-		
448	88	O	8.32	G	-		
448	89	O	8.32	A	-		
448	90	O	8.32	T	-		
448	91	O	8.32	C	-		
448	92	O	8.32	A	-		
448	93	O	8.32	T	-		
448	94	O	8.32	G	-		
448	95	O	8.32	G	-		
448	96	O	8.32	G	-		
448	97	O	8.32	A	-		
448	98	O	8.32	C	-		
448	99	O	8.32	C	-		
448	100	O	8.32	T	-		
448	101	O	8.32	C	-		
448	102	O	8.32	C	-		
448	103	O	8.32	G	-		
448	104	O	8.32	G	-		
448	105	O	8.32	A	-		
448	106	O	8.32	G	-		
448	107	O	8.32	T	-		
448	108	O	8.32	C	-		
448	109	O	8.32	G	-		
449	0	O	6.93	C	-		
449	1	O	6.93	G	-		
449	2	O	6.93	G	-		
449	3	O	6.93	T	-		
449	4	O	6.93	G	-		
449	5	O	6.93	G	-		
449	6	O	6.93	A	-		
449	7	O	6.93	A	-		
449	8	O	6.93	G	-		
449	9	O	6.93	T	-		
449	10	O	6.93	T	-		
449	11	O	6.93	G	-		
449	12	O	6.93	C	-		
449	13	O	6.93	G	-		
449	14	O	6.93	G	-		
449	15	O	6.93	A	-		
449	16	O	6.93	T	-		
449	17	O	6.93	C	-		
449	18	O	6.93	A	-		
449	19	O	6.93	G	-		
449	20	O	6.93	T	-		
449	21	O	6.93	T	-		
449	22	O	6.93	C	-		
449	23	O	6.93	G	-		
449	24	O	6.93	T	-		
449	25	O	6.93	C	-		
449	26	O	6.93	G	-		
449	27	O	6.93	T	-		
449	28	O	6.93	C	-		
449	29	O	6.93	G	-		
449	30	O	6.93	G	-		
449	31	O	6.93	G	-		
449	32	O	6.93	T	-		
449	33	O	6.93	G	-		
449	34	O	6.93	T	-		
449	35	O	6.93	G	-		
449	36	O	6.93	T	-		
449	37	O	6.93	G	-		
449	38	O	6.93	T	-		
449	39	O	6.93	G	-		
449	40	O	6.93	G	-		
449	41	O	6.93	G	-		
449	42	O	6.93	C	-		
449	43	O	6.93	C	-		
449	44	O	6.93	T	-		
449	45	O	6.93	C	-		
449	46	O	6.93	G	-		
449	47	O	6.93	T	-		
449	48	O	6.93	C	-		
449	49	O	6.93	G	-		
449	50	O	6.93	A	-		
449	51	O	6.93	C	-		
449	52	O	6.93	G	-		
449	53	O	6.93	A	-		
449	54	O	6.93	G	-		
449	55	O	6.93	C	-		
449	56	O	6.93	A	-		
449	57	O	6.93	G	-		
449	58	O	6.93	A	-		
449	59	O	6.93	A	-		
449	60	O	6.93	G	-		
449	61	O	6.93	C	-		
449	62	O	6.93	G	-		
449	63	O	6.93	C	-		
449	64	O	6.93	T	-		
449	65	O	6.93	C	-		
449	66	O	6.93	A	-		
449	67	O	6.93	T	-		
449	68	O	6.93	G	-		
449	69	O	6.93	A	-		
449	70	O	6.93	A	-		
449	71	O	6.93	A	-		
449	72	O	6.93	C	-		
449	73	O	6.93	T	-		
449	74	O	6.93	G	-		
449	75	O	6.93	T	-		
449	76	O	6.93	G	-		
449	77	O	6.93	C	-		
449	78	O	6.93	C	-		
449	79	O	6.93	A	-		
449	80	O	6.93	C	-		
449	81	O	6.93	G	-		
449	82	O	6.93	C	-		
449	83	O	6.93	T	-		
449	84	O	6.93	G	-		
449	85	O	6.93	C	-		
449	86	O	6.93	G	-		
449	87	O	6.93	G	-		
449	88	O	6.93	C	-		
449	89	O	6.93	A	-		
449	90	O	6.93	C	-		
449	91	O	6.93	G	-		
449	92	O	6.93	C	-		
449	93	O	6.93	C	-		
449	94	O	6.93	A	-		
449	95	O	6.93	A	-		
449	96	O	6.93	C	-		
449	97	O	6.93	G	-		
449	98	O	6.93	G	-		
449	99	O	6.93	T	-		
449	100	O	6.93	C	-		
449	101	O	6.93	T	-		
449	102	O	6.93	G	-		
449	103	O	6.93	G	-		
449	104	O	6.93	A	-		
449	105	O	6.93	A	-		
449	106	O	6.93	T	-		
449	107	O	6.93	G	-		
449	108	O	6.93	C	-		
449	109	O	6.93	C	-		
450	0	O	5.55	T	-		
450	1	O	5.55	G	-		
450	2	O	5.55	T	-		
450	3	O	5.55	A	-		
450	4	O	5.55	C	-		
450	5	O	5.55	A	-		
450	6	O	5.55	T	-		
450	7	O	5.55	G	-		
450	8	O	5.55	T	-		
450	9	O	5.55	A	-		
450	10	O	5.55	C	-		
450	11	O	5.55	C	-		
450	12	O	5.55	T	-		
450	13	O	5.55	A	-		
450	14	O	5.55	C	-		
450	15	O	5.55	A	-		
450	16	O	5.55	G	-		
450	17	O	5.55	A	-		
450	18	O	5.55	T	-		
450	19	O	5.55	G	-		
450	20	O	5.55	C	-		
450	21	O	5.55	A	-		
450	22	O	5.55	T	-		
450	23	O	5.55	G	-		
450	24	O	5.55	C	-		
450	25	O	5.55	A	-		
450	26	O	5.55	C	-		
450	27	O	5.55	C	-		
450	28	O	5.55	C	-		
450	29	O	5.55	G	-		
450	30	O	5.55	A	-		
450	31	O	5.55	C	-		
450	32	O	5.55	A	-		
450	33	O	5.55	T	-		
450	34	O	5.55	G	-		
450	35	O	5.55	C	-		
450	36	O	5.55	A	-		
450	37	O	5.55	C	-		
450	38	O	5.55	C	-		
450	39	O	5.55	T	-		
450	40	O	5.55	C	-		
450	41	O	5.55	A	-		
450	42	O	5.55	C	-		
450	43	O	5.55	A	-		
450	44	O	5.55	C	-		
450	45	O	5.55	C	-		
450	46	O	5.55	T	-		
450	47	O	5.55	C	-		
450	48	O	5.55	A	-		
450	49	O	5.55	T	-		
450	50	O	5.55	A	-		
450	51	O	5.55	C	-		
450	52	O	5.55	A	-		
450	53	O	5.55	T	-		
450	54	O	5.55	T	-		
450	55	O	5.55	G	-		
450	56	O	5.55	C	-		
450	57	O	5.55	C	-		
450	58	O	5.55	G	-		
450	59	O	5.55	T	-		
450	60	O	5.55	C	-		
450	61	O	5.55	G	-		
450	62	O	5.55	T	-		
450	63	O	5.55	C	-		
450	64	O	5.55	A	-		
450	65	O	5.55	C	-		
450	66	O	5.55	G	-		
450	67	O	5.55	T	-		
450	68	O	5.55	G	-		
450	69	O	5.55	T	-		
450	70	O	5.55	C	-		
450	71	O	5.55	C	-		
450	72	O	5.55	T	-		
450	73	O	5.55	C	-		
450	74	O	5.55	T	-		
450	75	O	5.55	A	-		
450	76	O	5.55	G	-		
450	77	O	5.55	A	-		
450	78	O	5.55	G	-		
450	79	O	5.55	C	-		
450	80	O	5.55	A	-		
450	81	O	5.55	T	-		
450	82	O	5.55	T	-		
450	83	O	5.55	G	-		
450	84	O	5.55	A	-		
450	85	O	5.55	T	-		
450	86	O	5.55	C	-		
450	87	O	5.55	C	-		
450	88	O	5.55	A	-		
450	89	O	5.55	T	-		
450	90	O	5.55	A	-		
450	91	O	5.55	T	-		
450	92	O	5.55	C	-		
450	93	O	5.55	A	-		
450	94	O	5.55	T	-		
450	95	O	5.55	C	-		
450	96	O	5.55	G	-		
450	97	O	5.55	T	-		
450	98	O	5.55	C	-		
450	99	O	5.55	G	-		
450	100	O	5.55	T	-		
450	101	O	5.55	C	-		
450	102	O	5.55	A	-		
450	103	O	5.55	T	-		
450	104	O	5.55	C	-		
450	105	O	5.55	A	-		
450	106	O	5.55	C	-		
450	107	O	5.55	C	-		
450	108	O	5.55	A	-		
450	109	O	5.55	C	-		
451	0	O	16.64	C	-		
451	1	O	16.64	G	-		
451	2	O	16.64	C	-		
451	3	O	16.64	T	-		
451	4	O	16.64	C	-		
451	5	O	16.64	G	-		
451	6	O	16.64	A	-		
451	7	O	16.64	G	-		
451	8	O	16.64	A	-		
451	9	O	16.64	G	-		
451	10	O	16.64	C	-		
451	11	O	16.64	C	-		
451	12	O	16.64	C	-		
451	13	O	16.64	T	-		
451	14	O	16.64	C	-		
451	15	O	16.64	A	-		
451	16	O	16.64	G	-		
451	17	O	16.64	A	-		
451	18	O	16.64	C	-		
451	19	O	16.64	G	-		
451	20	O	16.64	C	-		
451	21	O	16.64	A	-		
451	22	O	16.64	G	-		
451	23	O	16.64	T	-		
451	24	O	16.64	C	-		
451	25	O	16.64	G	-		
451	26	O	16.64	C	-		
451	27	O	16.64	A	-		
451	28	O	16.64	G	-		
451	29	O	16.64	A	-		
451	30	O	16.64	C	-		
451	31	O	16.64	T	-		
451	32	O	16.64	C	-		
451	33	O	16.64	A	-		
451	34	O	16.64	G	-		
451	35	O	16.64	C	-		
451	36	O	16.64	C	-		
451	37	O	16.64	G	-		
451	38	O	16.64	G	-		
451	39	O	16.64	C	-		
451	40	O	16.64	A	-		
451	41	O	16.64	C	-		
451	42	O	16.64	C	-		
451	43	O	16.64	G	-		
451	44	O	16.64	T	-		
451	45	O	16.64	C	-		
451	46	O	16.64	G	-		
451	47	O	16.64	G	-		
451	48	O	16.64	G	-		
451	49	O	16.64	C	-		
451	50	O	16.64	G	-		
451	51	O	16.64	G	-		
451	52	O	16.64	C	-		
451	53	O	16.64	C	-		
451	54	O	16.64	A	-		
451	55	O	16.64	G	-		
451	56	O	16.64	C	-		
451	57	O	16.64	A	-		
451	58	O	16.64	G	-		
451	59	O	16.64	A	-		
451	60	O	16.64	C	-		
451	61	O	16.64	A	-		
451	62	O	16.64	G	-		
451	63	O	16.64	G	-		
451	64	O	16.64	T	-		
451	65	O	16.64	A	-		
451	66	O	16.64	A	-		
451	67	O	16.64	A	-		
451	68	O	16.64	C	-		
451	69	O	16.64	G	-		
451	70	O	16.64	G	-		
451	71	O	16.64	G	-		
451	72	O	16.64	A	-		
451	73	O	16.64	C	-		
451	74	O	16.64	G	-		
451	75	O	16.64	A	-		
451	76	O	16.64	C	-		
451	77	O	16.64	G	-		
451	78	O	16.64	G	-		
451	79	O	16.64	T	-		
451	80	O	16.64	T	-		
451	81	O	16.64	G	-		
451	82	O	16.64	G	-		
451	83	O	16.64	A	-		
451	84	O	16.64	C	-		
451	85	O	16.64	G	-		
451	86	O	16.64	G	-		
451	87	O	16.64	G	-		
451	88	O	16.64	C	-		
451	89	O	16.64	G	-		
451	90	O	16.64	G	-		
451	91	O	16.64	C	-		
451	92	O	16.64	A	-		
451	93	O	16.64	A	-		
451	94	O	16.64	C	-		
451	95	O	16.64	G	-		
451	96	O	16.64	T	-		
451	97	O	16.64	C	-		
451	98	O	16.64	G	-		
451	99	O	16.64	C	-		
451	100	O	16.64	C	-		
451	101	O	16.64	A	-		
451	102	O	16.64	G	-		
451	103	O	16.64	C	-		
451	104	O	16.64	A	-		
451	105	O	16.64	T	-		
451	106	O	16.64	C	-		
451	107	O	16.64	A	-		
451	108	O	16.64	G	-		
451	109	O	16.64	C	-		
452	0	O	6.93	T	-		
452	1	O	6.93	G	-		
452	2	O	6.93	C	-		
452	3	O	6.93	G	-		
452	4	O	6.93	C	-		
452	5	O	6.93	G	-		
452	6	O	6.93	A	-		
452	7	O	6.93	T	-		
452	8	O	6.93	G	-		
452	9	O	6.93	G	-		
452	10	O	6.93	A	-		
452	11	O	6.93	T	-		
452	12	O	6.93	T	-		
452	13	O	6.93	C	-		
452	14	O	6.93	C	-		
452	15	O	6.93	G	-		
452	16	O	6.93	T	-		
452	17	O	6.93	C	-		
452	18	O	6.93	C	-		
452	19	O	6.93	G	-		
452	20	O	6.93	A	-		
452	21	O	6.93	G	-		
452	22	O	6.93	T	-		
452	23	O	6.93	G	-		
452	24	O	6.93	G	-		
452	25	O	6.93	C	-		
452	26	O	6.93	C	-		
452	27	O	6.93	A	-		
452	28	O	6.93	A	-		
452	29	O	6.93	G	-		
452	30	O	6.93	T	-		
452	31	O	6.93	C	-		
452	32	O	6.93	C	-		
452	33	O	6.93	A	-		
452	34	O	6.93	T	-		
452	35	O	6.93	C	-		
452	36	O	6.93	A	-		
452	37	O	6.93	G	-		
452	38	O	6.93	G	-		
452	39	O	6.93	C	-		
452	40	O	6.93	T	-		
452	41	O	6.93	G	-		
452	42	O	6.93	G	-		
452	43	O	6.93	C	-		
452	44	O	6.93	C	-		
452	45	O	6.93	G	-		
452	46	O	6.93	A	-		
452	47	O	6.93	G	-		
452	48	O	6.93	A	-		
452	49	O	6.93	T	-		
452	50	O	6.93	T	-		
452	51	O	6.93	G	-		
452	52	O	6.93	T	-		
452	53	O	6.93	T	-		
452	54	O	6.93	G	-		
452	55	O	6.93	T	-		
452	56	O	6.93	T	-		
452	57	O	6.93	G	-		
452	58	O	6.93	T	-		
452	59	O	6.93	A	-		
452	60	O	6.93	T	-		
452	61	O	6.93	C	-		
452	62	O	6.93	A	-		
452	63	O	6.93	T	-		
452	64	O	6.93	C	-		
452	65	O	6.93	C	-		
452	66	O	6.93	G	-		
452	67	O	6.93	C	-		
452	68	O	6.93	T	-		
452	69	O	6.93	C	-		
452	70	O	6.93	G	-		
452	71	O	6.93	G	-		
452	72	O	6.93	C	-		
452	73	O	6.93	G	-		
452	74	O	6.93	A	-		
452	75	O	6.93	C	-		
452	76	O	6.93	T	-		
452	77	O	6.93	G	-		
452	78	O	6.93	T	-		
452	79	O	6.93	T	-		
452	80	O	6.93	A	-		
452	81	O	6.93	A	-		
452	82	O	6.93	C	-		
452	83	O	6.93	G	-		
452	84	O	6.93	A	-		
452	85	O	6.93	G	-		
452	86	O	6.93	C	-		
452	87	O	6.93	G	-		
452	88	O	6.93	A	-		
452	89	O	6.93	C	-		
452	90	O	6.93	T	-		
452	91	O	6.93	A	-		
452	92	O	6.93	G	-		
452	93	O	6.93	C	-		
452	94	O	6.93	T	-		
452	95	O	6.93	G	-		
452	96	O	6.93	G	-		
452	97	O	6.93	C	-		
452	98	O	6.93	G	-		
452	99	O	6.93	A	-		
452	100	O	6.93	T	-		
452	101	O	6.93	T	-		
452	102	O	6.93	G	-		
452	103	O	6.93	T	-		
452	104	O	6.93	T	-		
452	105	O	6.93	G	-		
452	106	O	6.93	T	-		
452	107	O	6.93	T	-		
452	108	O	6.93	T	-		
452	109	O	6.93	C	-		
453	0	O	5.55	A	-		
453	1	O	5.55	A	-		
453	2	O	5.55	G	-		
453	3	O	5.55	G	-		
453	4	O	5.55	G	-		
453	5	O	5.55	G	-		
453	6	O	5.55	G	-		
453	7	O	5.55	A	-		
453	8	O	5.55	A	-		
453	9	O	5.55	A	-		
453	10	O	5.55	G	-		
453	11	O	5.55	A	-		
453	12	O	5.55	A	-		
453	13	O	5.55	T	-		
453	14	O	5.55	A	-		
453	15	O	5.55	G	-		
453	16	O	5.55	A	-		
453	17	O	5.55	C	-		
453	18	O	5.55	A	-		
453	19	O	5.55	C	-		
453	20	O	5.55	A	-		
453	21	O	5.55	A	-		
453	22	O	5.55	T	-		
453	23	O	5.55	T	-		
453	24	O	5.55	G	-		
453	25	O	5.55	A	-		
453	26	O	5.55	C	-		
453	27	O	5.55	A	-		
453	28	O	5.55	A	-		
453	29	O	5.55	A	-		
453	30	O	5.55	C	-		
453	31	O	5.55	C	-		
453	32	O	5.55	A	-		
453	33	O	5.55	C	-		
453	34	O	5.55	G	-		
453	35	O	5.55	T	-		
453	36	O	5.55	A	-		
453	37	O	5.55	T	-		
453	38	O	5.55	T	-		
453	39	O	5.55	T	-		
453	40	O	5.55	T	-		
453	41	O	5.55	G	-		
453	42	O	5.55	A	-		
453	43	O	5.55	C	-		
453	44	O	5.55	T	-		
453	45	O	5.55	A	-		
453	46	O	5.55	A	-		
453	47	O	5.55	A	-		
453	48	O	5.55	G	-		
453	49	O	5.55	T	-		
453	50	O	5.55	T	-		
453	51	O	5.55	G	-		
453	52	O	5.55	T	-		
453	53	O	5.55	C	-		
453	54	O	5.55	C	-		
453	55	O	5.55	C	-		
453	56	O	5.55	A	-		
453	57	O	5.55	T	-		
453	58	O	5.55	G	-		
453	59	O	5.55	G	-		
453	60	O	5.55	A	-		
453	61	O	5.55	A	-		
453	62	O	5.55	C	-		
453	63	O	5.55	T	-		
453	64	O	5.55	A	-		
453	65	O	5.55	G	-		
453	66	O	5.55	A	-		
453	67	O	5.55	A	-		
453	68	O	5.55	A	-		
453	69	O	5.55	C	-		
453	70	O	5.55	A	-		
453	71	O	5.55	C	-		
453	72	O	5.55	T	-		
453	73	O	5.55	T	-		
453	74	O	5.55	T	-		
453	75	O	5.55	T	-		
453	76	O	5.55	T	-		
453	77	O	5.55	C	-		
453	78	O	5.55	T	-		
453	79	O	5.55	G	-		
453	80	O	5.55	G	-		
453	81	O	5.55	T	-		
453	82	O	5.55	A	-		
453	83	O	5.55	T	-		
453	84	O	5.55	T	-		
453	85	O	5.55	G	-		
453	86	O	5.55	A	-		
453	87	O	5.55	G	-		
453	88	O	5.55	A	-		
453	89	O	5.55	A	-		
453	90	O	5.55	C	-		
453	91	O	5.55	T	-		
453	92	O	5.55	A	-		
453	93	O	5.55	G	-		
453	94	O	5.55	T	-		
453	95	O	5.55	A	-		
453	96	O	5.55	G	-		
453	97	O	5.55	C	-		
453	98	O	5.55	T	-		
453	99	O	5.55	C	-		
453	100	O	5.55	A	-		
453	101	O	5.55	A	-		
453	102	O	5.55	A	-		
453	103	O	5.55	T	-		
453	104	O	5.55	G	-		
453	105	O	5.55	C	-		
453	106	O	5.55	T	-		
453	107	O	5.55	C	-		
453	108	O	5.55	A	-		
453	109	O	5.55	A	-		
454	0	O	15.25	T	-		
454	1	O	15.25	T	-		
454	2	O	15.25	C	-		
454	3	O	15.25	T	-		
454	4	O	15.25	G	-		
454	5	O	15.25	C	-		
454	6	O	15.25	A	-		
454	7	O	15.25	A	-		
454	8	O	15.25	G	-		
454	9	O	15.25	A	-		
454	10	O	15.25	G	-		
454	11	O	15.25	G	-		
454	12	O	15.25	A	-		
454	13	O	15.25	T	-		
454	14	O	15.25	T	-		
454	15	O	15.25	T	-		
454	16	O	15.25	C	-		
454	17	O	15.25	A	-		
454	18	O	15.25	C	-		
454	19	O	15.25	A	-		
454	20	O	15.25	A	-		
454	21	O	15.25	A	-		
454	22	O	15.25	A	-		
454	23	O	15.25	T	-		
454	24	O	15.25	G	-		
454	25	O	15.25	T	-		
454	26	O	15.25	C	-		
454	27	O	15.25	A	-		
454	28	O	15.25	C	-		
454	29	O	15.25	A	-		
454	30	O	15.25	T	-		
454	31	O	15.25	T	-		
454	32	O	15.25	T	-		
454	33	O	15.25	G	-		
454	34	O	15.25	C	-		
454	35	O	15.25	T	-		
454	36	O	15.25	C	-		
454	37	O	15.25	A	-		
454	38	O	15.25	C	-		
454	39	O	15.25	A	-		
454	40	O	15.25	T	-		
454	41	O	15.25	T	-		
454	42	O	15.25	T	-		
454	43	O	15.25	G	-		
454	44	O	15.25	T	-		
454	45	O	15.25	T	-		
454	46	O	15.25	G	-		
454	47	O	15.25	T	-		
454	48	O	15.25	C	-		
454	49	O	15.25	A	-		
454	50	O	15.25	T	-		
454	51	O	15.25	T	-		
454	52	O	15.25	G	-		
454	53	O	15.25	T	-		
454	54	O	15.25	T	-		
454	55	O	15.25	G	-		
454	56	O	15.25	G	-		
454	57	O	15.25	G	-		
454	58	O	15.25	A	-		
454	59	O	15.25	T	-		
454	60	O	15.25	G	-		
454	61	O	15.25	T	-		
454	62	O	15.25	A	-		
454	63	O	15.25	A	-		
454	64	O	15.25	A	-		
454	65	O	15.25	A	-		
454	66	O	15.25	C	-		
454	67	O	15.25	G	-		
454	68	O	15.25	T	-		
454	69	O	15.25	C	-		
454	70	O	15.25	A	-		
454	71	O	15.25	T	-		
454	72	O	15.25	T	-		
454	73	O	15.25	G	-		
454	74	O	15.25	G	-		
454	75	O	15.25	A	-		
454	76	O	15.25	T	-		
454	77	O	15.25	G	-		
454	78	O	15.25	G	-		
454	79	O	15.25	A	-		
454	80	O	15.25	G	-		
454	81	O	15.25	C	-		
454	82	O	15.25	A	-		
454	83	O	15.25	T	-		
454	84	O	15.25	C	-		
454	85	O	15.25	A	-		
454	86	O	15.25	C	-		
454	87	O	15.25	T	-		
454	88	O	15.25	A	-		
454	89	O	15.25	T	-		
454	90	O	15.25	A	-		
454	91	O	15.25	T	-		
454	92	O	15.25	G	-		
454	93	O	15.25	C	-		
454	94	O	15.25	C	-		
454	95	O	15.25	A	-		
454	96	O	15.25	A	-		
454	97	O	15.25	A	-		
454	98	O	15.25	G	-		
454	99	O	15.25	T	-		
454	100	O	15.25	G	-		
454	101	O	15.25	A	-		
454	102	O	15.25	G	-		
454	103	O	15.25	A	-		
454	104	O	15.25	T	-		
454	105	O	15.25	C	-		
454	106	O	15.25	T	-		
454	107	O	15.25	C	-		
454	108	O	15.25	T	-		
454	109	O	15.25	A	-		
455	0	O	16.64	T	-		
455	1	O	16.64	G	-		
455	2	O	16.64	G	-		
455	3	O	16.64	G	-		
455	4	O	16.64	A	-		
455	5	O	16.64	T	-		
455	6	O	16.64	C	-		
455	7	O	16.64	G	-		
455	8	O	16.64	C	-		
455	9	O	16.64	C	-		
455	10	O	16.64	T	-		
455	11	O	16.64	T	-		
455	12	O	16.64	G	-		
455	13	O	16.64	T	-		
455	14	O	16.64	C	-		
455	15	O	16.64	G	-		
455	16	O	16.64	C	-		
455	17	O	16.64	A	-		
455	18	O	16.64	A	-		
455	19	O	16.64	A	-		
455	20	O	16.64	G	-		
455	21	O	16.64	C	-		
455	22	O	16.64	A	-		
455	23	O	16.64	C	-		
455	24	O	16.64	T	-		
455	25	O	16.64	A	-		
455	26	O	16.64	A	-		
455	27	O	16.64	G	-		
455	28	O	16.64	C	-		
455	29	O	16.64	C	-		
455	30	O	16.64	C	-		
455	31	O	16.64	A	-		
455	32	O	16.64	G	-		
455	33	O	16.64	C	-		
455	34	O	16.64	C	-		
455	35	O	16.64	T	-		
455	36	O	16.64	A	-		
455	37	O	16.64	A	-		
455	38	O	16.64	T	-		
455	39	O	16.64	C	-		
455	40	O	16.64	T	-		
455	41	O	16.64	T	-		
455	42	O	16.64	G	-		
455	43	O	16.64	A	-		
455	44	O	16.64	C	-		
455	45	O	16.64	T	-		
455	46	O	16.64	T	-		
455	47	O	16.64	C	-		
455	48	O	16.64	C	-		
455	49	O	16.64	G	-		
455	50	O	16.64	T	-		
455	51	O	16.64	G	-		
455	52	O	16.64	G	-		
455	53	O	16.64	A	-		
455	54	O	16.64	T	-		
455	55	O	16.64	G	-		
455	56	O	16.64	A	-		
455	57	O	16.64	A	-		
455	58	O	16.64	T	-		
455	59	O	16.64	A	-		
455	60	O	16.64	T	-		
455	61	O	16.64	A	-		
455	62	O	16.64	G	-		
455	63	O	16.64	A	-		
455	64	O	16.64	T	-		
455	65	O	16.64	C	-		
455	66	O	16.64	A	-		
455	67	O	16.64	A	-		
455	68	O	16.64	C	-		
455	69	O	16.64	G	-		
455	70	O	16.64	T	-		
455	71	O	16.64	A	-		
455	72	O	16.64	C	-		
455	73	O	16.64	C	-		
455	74	O	16.64	C	-		
455	75	O	16.64	T	-		
455	76	O	16.64	T	-		
455	77	O	16.64	C	-		
455	78	O	16.64	T	-		
455	79	O	16.64	G	-		
455	80	O	16.64	G	-		
455	81	O	16.64	A	-		
455	82	O	16.64	C	-		
455	83	O	16.64	A	-		
455	84	O	16.64	A	-		
455	85	O	16.64	T	-		
455	86	O	16.64	C	-		
455	87	O	16.64	T	-		
455	88	O	16.64	T	-		
455	89	O	16.64	C	-		
455	90	O	16.64	T	-		
455	91	O	16.64	G	-		
455	92	O	16.64	C	-		
455	93	O	16.64	G	-		
455	94	O	16.64	C	-		
455	95	O	16.64	C	-		
455	96	O	16.64	T	-		
455	97	O	16.64	C	-		
455	98	O	16.64	A	-		
455	99	O	16.64	C	-		
455	100	O	16.64	G	-		
455	101	O	16.64	C	-		
455	102	O	16.64	T	-		
455	103	O	16.64	C	-		
455	104	O	16.64	T	-		
455	105	O	16.64	G	-		
455	106	O	16.64	C	-		
455	107	O	7.55	C	-		
455	108	O	16.64	T	-		
455	109	O	16.64	G	-		
456	0	O	11.09	A	-		
456	1	O	11.09	C	-		
456	2	O	11.09	A	-		
456	3	O	11.09	T	-		
456	4	O	11.09	A	-		
456	5	O	11.09	T	-		
456	6	O	11.09	T	-		
456	7	O	11.09	T	-		
456	8	O	11.09	A	-		
456	9	O	11.09	T	-		
456	10	O	11.09	T	-		
456	11	O	11.09	G	-		
456	12	O	11.09	T	-		
456	13	O	11.09	T	-		
456	14	O	11.09	G	-		
456	15	O	11.09	T	-		
456	16	O	11.09	C	-		
456	17	O	11.09	A	-		
456	18	O	11.09	T	-		
456	19	O	11.09	A	-		
456	20	O	11.09	A	-		
456	21	O	11.09	T	-		
456	22	O	11.09	T	-		
456	23	O	11.09	T	-		
456	24	O	11.09	A	-		
456	25	O	11.09	A	-		
456	26	O	11.09	T	-		
456	27	O	11.09	T	-		
456	28	O	11.09	T	-		
456	29	O	11.09	T	-		
456	30	O	11.09	G	-		
456	31	O	11.09	T	-		
456	32	O	11.09	T	-		
456	33	O	11.09	G	-		
456	34	O	11.09	G	-		
456	35	O	11.09	A	-		
456	36	O	11.09	G	-		
456	37	O	11.09	A	-		
456	38	O	11.09	G	-		
456	39	O	11.09	A	-		
456	40	O	11.09	A	-		
456	41	O	11.09	A	-		
456	42	O	11.09	A	-		
456	43	O	11.09	A	-		
456	44	O	11.09	T	-		
456	45	O	11.09	T	-		
456	46	O	11.09	G	-		
456	47	O	11.09	T	-		
456	48	O	11.09	T	-		
456	49	O	11.09	A	-		
456	50	O	11.09	G	-		
456	51	O	11.09	T	-		
456	52	O	11.09	A	-		
456	53	O	11.09	A	-		
456	54	O	11.09	T	-		
456	55	O	11.09	G	-		
456	56	O	11.09	G	-		
456	57	O	11.09	G	-		
456	58	O	11.09	T	-		
456	59	O	11.09	G	-		
456	60	O	11.09	C	-		
456	61	O	11.09	A	-		
456	62	O	11.09	T	-		
456	63	O	11.09	C	-		
456	64	O	11.09	T	-		
456	65	O	11.09	T	-		
456	66	O	11.09	T	-		
456	67	O	11.09	A	-		
456	68	O	11.09	T	-		
456	69	O	11.09	T	-		
456	70	O	11.09	G	-		
456	71	O	11.09	T	-		
456	72	O	11.09	T	-		
456	73	O	11.09	G	-		
456	74	O	11.09	T	-		
456	75	O	11.09	G	-		
456	76	O	11.09	A	-		
456	77	O	11.09	T	-		
456	78	O	11.09	C	-		
456	79	O	11.09	A	-		
456	80	O	11.09	A	-		
456	81	O	11.09	T	-		
456	82	O	11.09	A	-		
456	83	O	11.09	G	-		
456	84	O	11.09	T	-		
456	85	O	11.09	T	-		
456	86	O	11.09	T	-		
456	87	O	11.09	T	-		
456	88	O	11.09	G	-		
456	89	O	11.09	T	-		
456	90	O	11.09	G	-		
456	91	O	11.09	T	-		
456	92	O	11.09	G	-		
456	93	O	11.09	A	-		
456	94	O	11.09	A	-		
456	95	O	11.09	A	-		
456	96	O	11.09	T	-		
456	97	O	11.09	A	-		
456	98	O	11.09	T	-		
456	99	O	11.09	G	-		
456	100	O	11.09	A	-		
456	101	O	11.09	T	-		
456	102	O	11.09	T	-		
456	103	O	11.09	T	-		
456	104	O	11.09	G	-		
456	105	O	11.09	A	-		
456	106	O	11.09	T	-		
456	107	O	11.09	T	-		
456	108	O	11.09	G	-		
456	109	O	11.09	A	-		
457	0	O	5.55	C	-		
457	1	O	5.55	T	-		
457	2	O	5.55	G	-		
457	3	O	5.55	A	-		
457	4	O	5.55	A	-		
457	5	O	5.55	T	-		
457	6	O	5.55	T	-		
457	7	O	5.55	T	-		
457	8	O	5.55	A	-		
457	9	O	5.55	T	-		
457	10	O	5.55	C	-		
457	11	O	5.55	T	-		
457	12	O	5.55	A	-		
457	13	O	5.55	A	-		
457	14	O	5.55	T	-		
457	15	O	5.55	G	-		
457	16	O	5.55	A	-		
457	17	O	5.55	G	-		
457	18	O	5.55	C	-		
457	19	O	5.55	T	-		
457	20	O	5.55	A	-		
457	21	O	5.55	G	-		
457	22	O	5.55	G	-		
457	23	O	5.55	A	-		
457	24	O	5.55	G	-		
457	25	O	5.55	T	-		
457	26	O	5.55	T	-		
457	27	O	5.55	A	-		
457	28	O	5.55	G	-		
457	29	O	5.55	T	-		
457	30	O	5.55	T	-		
457	31	O	5.55	T	-		
457	32	O	5.55	C	-		
457	33	O	5.55	C	-		
457	34	O	5.55	T	-		
457	35	O	5.55	G	-		
457	36	O	5.55	A	-		
457	37	O	5.55	C	-		
457	38	O	5.55	A	-		
457	39	O	5.55	G	-		
457	40	O	5.55	T	-		
457	41	O	5.55	G	-		
457	42	O	5.55	T	-		
457	43	O	5.55	T	-		
457	44	O	5.55	T	-		
457	45	O	5.55	G	-		
457	46	O	5.55	G	-		
457	47	O	5.55	C	-		
457	48	O	5.55	C	-		
457	49	O	5.55	G	-		
457	50	O	5.55	A	-		
457	51	O	5.55	A	-		
457	52	O	5.55	G	-		
457	53	O	5.55	G	-		
457	54	O	5.55	G	-		
457	55	O	5.55	G	-		
457	56	O	5.55	A	-		
457	57	O	5.55	A	-		
457	58	O	5.55	G	-		
457	59	O	5.55	A	-		
457	60	O	5.55	C	-		
457	61	O	5.55	T	-		
457	62	O	5.55	A	-		
457	63	O	5.55	G	-		
457	64	O	5.55	A	-		
457	65	O	5.55	T	-		
457	66	O	5.55	G	-		
457	67	O	5.55	A	-		
457	68	O	5.55	A	-		
457	69	O	5.55	T	-		
457	70	O	5.55	C	-		
457	71	O	5.55	A	-		
457	72	O	5.55	A	-		
457	73	O	5.55	A	-		
457	74	O	5.55	T	-		
457	75	O	5.55	C	-		
457	76	O	5.55	T	-		
457	77	O	5.55	G	-		
457	78	O	5.55	A	-		
457	79	O	5.55	T	-		
457	80	O	5.55	A	-		
457	81	O	5.55	C	-		
457	82	O	5.55	A	-		
457	83	O	5.55	T	-		
457	84	O	5.55	G	-		
457	85	O	5.55	T	-		
457	86	O	5.55	A	-		
457	87	O	5.55	T	-		
457	88	O	5.55	T	-		
457	89	O	5.55	G	-		
457	90	O	5.55	T	-		
457	91	O	5.55	T	-		
457	92	O	5.55	A	-		
457	93	O	5.55	T	-		
457	94	O	5.55	T	-		
457	95	O	5.55	T	-		
457	96	O	5.55	T	-		
457	97	O	5.55	T	-		
457	98	O	5.55	G	-		
457	99	O	5.55	T	-		
457	100	O	5.55	A	-		
457	101	O	5.55	C	-		
457	102	O	5.55	A	-		
457	103	O	5.55	A	-		
457	104	O	5.55	A	-		
457	105	O	5.55	A	-		
457	106	O	5.55	G	-		
457	107	O	5.55	C	-		
457	108	O	5.55	C	-		
457	109	O	5.55	C	-		
458	0	O	6.93	A	-		
458	1	O	6.93	G	-		
458	2	O	6.93	A	-		
458	3	O	6.93	T	-		
458	4	O	6.93	T	-		
458	5	O	6.93	C	-		
458	6	O	6.93	C	-		
458	7	O	6.93	A	-		
458	8	O	6.93	G	-		
458	9	O	6.93	G	-		
458	10	O	6.93	T	-		
458	11	O	6.93	A	-		
458	12	O	6.93	G	-		
458	13	O	6.93	T	-		
458	14	O	6.93	A	-		
458	15	O	6.93	T	-		
458	16	O	6.93	C	-		
458	17	O	6.93	A	-		
458	18	O	6.93	T	-		
458	19	O	6.93	C	-		
458	20	O	6.93	C	-		
458	21	O	6.93	A	-		
458	22	O	6.93	T	-		
458	23	O	6.93	G	-		
458	24	O	6.93	A	-		
458	25	O	6.93	T	-		
458	26	O	6.93	T	-		
458	27	O	6.93	C	-		
458	28	O	6.93	C	-		
458	29	O	6.93	T	-		
458	30	O	6.93	T	-		
458	31	O	6.93	T	-		
458	32	O	6.93	T	-		
458	33	O	6.93	C	-		
458	34	O	6.93	A	-		
458	35	O	6.93	A	-		
458	36	O	6.93	G	-		
458	37	O	6.93	T	-		
458	38	O	6.93	C	-		
458	39	O	6.93	C	-		
458	40	O	6.93	G	-		
458	41	O	6.93	C	-		
458	42	O	6.93	T	-		
458	43	O	6.93	C	-		
458	44	O	6.93	T	-		
458	45	O	6.93	C	-		
458	46	O	6.93	T	-		
458	47	O	6.93	T	-		
458	48	O	6.93	C	-		
458	49	O	6.93	T	-		
458	50	O	6.93	C	-		
458	51	O	6.93	T	-		
458	52	O	6.93	T	-		
458	53	O	6.93	C	-		
458	54	O	6.93	C	-		
458	55	O	6.93	C	-		
458	56	O	6.93	A	-		
458	57	O	6.93	C	-		
458	58	O	6.93	T	-		
458	59	O	6.93	T	-		
458	60	O	6.93	G	-		
458	61	O	6.93	A	-		
458	62	O	6.93	C	-		
458	63	O	6.93	C	-		
458	64	O	6.93	A	-		
458	65	O	6.93	C	-		
458	66	O	6.93	A	-		
458	67	O	6.93	A	-		
458	68	O	6.93	A	-		
458	69	O	6.93	C	-		
458	70	O	6.93	C	-		
458	71	O	6.93	G	-		
458	72	O	6.93	T	-		
458	73	O	6.93	T	-		
458	74	O	6.93	T	-		
458	75	O	6.93	T	-		
458	76	O	6.93	G	-		
458	77	O	6.93	C	-		
458	78	O	6.93	T	-		
458	79	O	6.93	G	-		
458	80	O	6.93	T	-		
458	81	O	6.93	G	-		
458	82	O	6.93	A	-		
458	83	O	6.93	C	-		
458	84	O	6.93	A	-		
458	85	O	6.93	T	-		
458	86	O	6.93	G	-		
458	87	O	6.93	T	-		
458	88	O	6.93	A	-		
458	89	O	6.93	T	-		
458	90	O	6.93	G	-		
458	91	O	6.93	G	-		
458	92	O	6.93	C	-		
458	93	O	6.93	A	-		
458	94	O	6.93	T	-		
458	95	O	6.93	T	-		
458	96	O	6.93	C	-		
458	97	O	6.93	T	-		
458	98	O	6.93	C	-		
458	99	O	6.93	A	-		
458	100	O	6.93	T	-		
458	101	O	6.93	G	-		
458	102	O	6.93	A	-		
458	103	O	6.93	G	-		
458	104	O	6.93	A	-		
458	105	O	6.93	T	-		
458	106	O	6.93	T	-		
458	107	O	6.93	T	-		
458	108	O	6.93	C	-		
458	109	O	6.93	A	-		
459	0	O	8.32	C	-		
459	1	O	8.32	C	-		
459	2	O	8.32	G	-		
459	3	O	8.32	C	-		
459	4	O	8.32	G	-		
459	5	O	8.32	C	-		
459	6	O	8.32	C	-		
459	7	O	8.32	C	-		
459	8	O	8.32	G	-		
459	9	O	8.32	T	-		
459	10	O	8.32	C	-		
459	11	O	8.32	A	-		
459	12	O	8.32	G	-		
459	13	O	8.32	G	-		
459	14	O	8.32	A	-		
459	15	O	8.32	C	-		
459	16	O	8.32	T	-		
459	17	O	8.32	A	-		
459	18	O	8.32	A	-		
459	19	O	8.32	A	-		
459	20	O	8.32	A	-		
459	21	O	8.32	G	-		
459	22	O	8.32	A	-		
459	23	O	8.32	A	-		
459	24	O	8.32	G	-		
459	25	O	8.32	C	-		
459	26	O	8.32	C	-		
459	27	O	8.32	G	-		
459	28	O	8.32	A	-		
459	29	O	8.32	G	-		
459	30	O	8.32	A	-		
459	31	O	8.32	C	-		
459	32	O	8.32	A	-		
459	33	O	8.32	A	-		
459	34	O	8.32	T	-		
459	35	O	8.32	C	-		
459	36	O	8.32	G	-		
459	37	O	8.32	C	-		
459	38	O	8.32	C	-		
459	39	O	8.32	T	-		
459	40	O	8.32	C	-		
459	41	O	8.32	G	-		
459	42	O	8.32	C	-		
459	43	O	8.32	C	-		
459	44	O	8.32	G	-		
459	45	O	8.32	T	-		
459	46	O	8.32	G	-		
459	47	O	8.32	G	-		
459	48	O	8.32	C	-		
459	49	O	8.32	C	-		
459	50	O	8.32	G	-		
459	51	O	8.32	G	-		
459	52	O	8.32	A	-		
459	53	O	8.32	C	-		
459	54	O	8.32	A	-		
459	55	O	8.32	T	-		
459	56	O	8.32	G	-		
459	57	O	8.32	G	-		
459	58	O	8.32	A	-		
459	59	O	8.32	C	-		
459	60	O	8.32	G	-		
459	61	O	8.32	A	-		
459	62	O	8.32	G	-		
459	63	O	8.32	A	-		
459	64	O	8.32	C	-		
459	65	O	8.32	A	-		
459	66	O	8.32	C	-		
459	67	O	8.32	A	-		
459	68	O	8.32	T	-		
459	69	O	8.32	C	-		
459	70	O	8.32	G	-		
459	71	O	8.32	T	-		
459	72	O	8.32	G	-		
459	73	O	8.32	T	-		
459	74	O	8.32	G	-		
459	75	O	8.32	A	-		
459	76	O	8.32	C	-		
459	77	O	8.32	T	-		
459	78	O	8.32	G	-		
459	79	O	8.32	G	-		
459	80	O	8.32	C	-		
459	81	O	8.32	T	-		
459	82	O	8.32	C	-		
459	83	O	8.32	G	-		
459	84	O	8.32	A	-		
459	85	O	8.32	C	-		
459	86	O	8.32	T	-		
459	87	O	8.32	T	-		
459	88	O	8.32	T	-		
459	89	O	8.32	G	-		
459	90	O	8.32	A	-		
459	91	O	8.32	A	-		
459	92	O	8.32	G	-		
459	93	O	8.32	A	-		
459	94	O	8.32	T	-		
459	95	O	8.32	G	-		
459	96	O	8.32	G	-		
459	97	O	8.32	C	-		
459	98	O	8.32	T	-		
459	99	O	8.32	T	-		
459	100	O	8.32	G	-		
459	101	O	8.32	C	-		
459	102	O	8.32	G	-		
459	103	O	8.32	C	-		
459	104	O	8.32	G	-		
459	105	O	8.32	G	-		
459	106	O	8.32	C	-		
459	107	O	8.32	G	-		
459	108	O	8.32	A	-		
459	109	O	8.32	A	-		
460	0	O	34.66	A	-		
460	1	O	34.66	T	-		
460	2	O	34.66	A	-		
460	3	O	34.66	C	-		
460	4	O	34.66	G	-		
460	5	O	34.66	G	-		
460	6	O	34.66	T	-		
460	7	O	34.66	A	-		
460	8	O	34.66	G	-		
460	9	O	34.66	C	-		
460	10	O	34.66	C	-		
460	11	O	34.66	T	-		
460	12	O	34.66	G	-		
460	13	O	34.66	C	-		
460	14	O	34.66	A	-		
460	15	O	34.66	G	-		
460	16	O	34.66	T	-		
460	17	O	34.66	C	-		
460	18	O	34.66	G	-		
460	19	O	34.66	C	-		
460	20	O	34.66	G	-		
460	21	O	34.66	T	-		
460	22	O	34.66	G	-		
460	23	O	34.66	A	-		
460	24	O	34.66	T	-		
460	25	O	34.66	T	-		
460	26	O	34.66	G	-		
460	27	O	34.66	A	-		
460	28	O	34.66	T	-		
460	29	O	34.66	G	-		
460	30	O	34.66	G	-		
460	31	O	34.66	C	-		
460	32	O	34.66	G	-		
460	33	O	34.66	A	-		
460	34	O	34.66	G	-		
460	35	O	34.66	G	-		
460	36	O	34.66	T	-		
460	37	O	34.66	C	-		
460	38	O	34.66	T	-		
460	39	O	34.66	T	-		
460	40	O	34.66	T	-		
460	41	O	34.66	G	-		
460	42	O	34.66	G	-		
460	43	O	34.66	C	-		
460	44	O	34.66	G	-		
460	45	O	34.66	T	-		
460	46	O	34.66	C	-		
460	47	O	34.66	G	-		
460	48	O	34.66	C	-		
460	49	O	24.06	A	-		
460	50	O	34.66	A	-		
460	51	O	34.66	G	-		
460	52	O	16.32	A	-		
460	53	O	34.66	G	-		
460	54	O	34.66	A	-		
460	55	O	34.66	A	-		
460	56	O	34.66	C	-		
460	57	O	34.66	G	-		
460	58	O	34.66	T	-		
460	59	O	34.66	T	-		
460	60	O	34.66	C	-		
460	61	O	34.66	T	-		
460	62	O	34.66	C	-		
460	63	O	34.66	G	-		
460	64	O	34.66	C	-		
460	65	O	34.66	A	-		
460	66	O	34.66	G	-		
460	67	O	34.66	G	-		
460	68	O	34.66	G	-		
460	69	O	34.66	T	-		
460	70	O	34.66	A	-		
460	71	O	34.66	C	-		
460	72	O	34.66	G	-		
460	73	O	34.66	C	-		
460	74	O	34.66	T	-		
460	75	O	34.66	C	-		
460	76	O	34.66	C	-		
460	77	O	34.66	G	-		
460	78	O	34.66	T	-		
460	79	O	34.66	G	-		
460	80	O	34.66	G	-		
460	81	O	34.66	T	-		
460	82	O	34.66	A	-		
460	83	O	24.06	T	-		
460	84	O	34.66	G	-		
460	85	O	34.66	C	-		
460	86	O	34.66	T	-		
460	87	O	34.66	G	-		
460	88	O	34.66	C	-		
460	89	O	34.66	T	-		
460	90	O	34.66	T	-		
460	91	O	34.66	T	-		
460	92	O	34.66	C	-		
460	93	O	34.66	A	-		
460	94	O	34.66	C	-		
460	95	O	34.66	A	-		
460	96	O	34.66	T	-		
460	97	O	34.66	C	-		
460	98	O	34.66	C	-		
460	99	O	34.66	A	-		
460	100	O	34.66	C	-		
460	101	O	34.66	A	-		
460	102	O	34.66	G	-		
460	103	O	34.66	C	-		
460	104	O	16.32	T	-		
460	105	O	34.66	T	-		
460	106	O	34.66	G	-		
460	107	O	34.66	A	-		
460	108	O	34.66	C	-		
460	109	O	34.66	C	-		
461	0	O	5.55	C	-		
461	1	O	5.55	G	-		
461	2	O	5.55	C	-		
461	3	O	5.55	C	-		
461	4	O	5.55	A	-		
461	5	O	5.55	G	-		
461	6	O	5.55	T	-		
461	7	O	5.55	C	-		
461	8	O	5.55	G	-		
461	9	O	5.55	G	-		
461	10	O	5.55	G	-		
461	11	O	5.55	T	-		
461	12	O	5.55	A	-		
461	13	O	5.55	A	-		
461	14	O	5.55	A	-		
461	15	O	5.55	T	-		
461	16	O	5.55	C	-		
461	17	O	5.55	G	-		
461	18	O	5.55	T	-		
461	19	O	5.55	G	-		
461	20	O	5.55	C	-		
461	21	O	5.55	G	-		
461	22	O	5.55	C	-		
461	23	O	5.55	G	-		
461	24	O	5.55	G	-		
461	25	O	5.55	T	-		
461	26	O	5.55	C	-		
461	27	O	5.55	A	-		
461	28	O	5.55	C	-		
461	29	O	5.55	C	-		
461	30	O	5.55	G	-		
461	31	O	5.55	C	-		
461	32	O	5.55	G	-		
461	33	O	5.55	C	-		
461	34	O	5.55	A	-		
461	35	O	5.55	C	-		
461	36	O	5.55	T	-		
461	37	O	5.55	T	-		
461	38	O	5.55	A	-		
461	39	O	5.55	A	-		
461	40	O	5.55	T	-		
461	41	O	5.55	G	-		
461	42	O	5.55	C	-		
461	43	O	5.55	G	-		
461	44	O	5.55	C	-		
461	45	O	5.55	T	-		
461	46	O	5.55	T	-		
461	47	O	5.55	T	-		
461	48	O	5.55	C	-		
461	49	O	5.55	A	-		
461	50	O	5.55	G	-		
461	51	O	5.55	C	-		
461	52	O	5.55	G	-		
461	53	O	5.55	C	-		
461	54	O	5.55	A	-		
461	55	O	5.55	T	-		
461	56	O	5.55	T	-		
461	57	O	5.55	A	-		
461	58	O	5.55	A	-		
461	59	O	5.55	T	-		
461	60	O	5.55	T	-		
461	61	O	5.55	C	-		
461	62	O	5.55	G	-		
461	63	O	5.55	C	-		
461	64	O	5.55	G	-		
461	65	O	5.55	C	-		
461	66	O	5.55	A	-		
461	67	O	5.55	A	-		
461	68	O	5.55	A	-		
461	69	O	5.55	C	-		
461	70	O	5.55	G	-		
461	71	O	5.55	C	-		
461	72	O	5.55	G	-		
461	73	O	5.55	C	-		
461	74	O	5.55	G	-		
461	75	O	5.55	A	-		
461	76	O	5.55	T	-		
461	77	O	5.55	C	-		
461	78	O	5.55	C	-		
461	79	O	5.55	T	-		
461	80	O	5.55	G	-		
461	81	O	5.55	G	-		
461	82	O	5.55	C	-		
461	83	O	5.55	A	-		
461	84	O	5.55	T	-		
461	85	O	5.55	T	-		
461	86	O	5.55	C	-		
461	87	O	5.55	T	-		
461	88	O	5.55	G	-		
461	89	O	5.55	C	-		
461	90	O	5.55	G	-		
461	91	O	5.55	A	-		
461	92	O	5.55	C	-		
461	93	O	5.55	C	-		
461	94	O	5.55	C	-		
461	95	O	5.55	G	-		
461	96	O	5.55	T	-		
461	97	O	5.55	C	-		
461	98	O	5.55	G	-		
461	99	O	5.55	C	-		
461	100	O	5.55	A	-		
461	101	O	5.55	G	-		
461	102	O	5.55	A	-		
461	103	O	5.55	A	-		
461	104	O	5.55	T	-		
461	105	O	5.55	C	-		
461	106	O	5.55	C	-		
461	107	O	5.55	G	-		
461	108	O	5.55	A	-		
461	109	O	5.55	G	-		
462	0	O	5.55	C	-		
462	1	O	5.55	A	-		
462	2	O	5.55	C	-		
462	3	O	5.55	A	-		
462	4	O	5.55	G	-		
462	5	O	5.55	G	-		
462	6	O	5.55	A	-		
462	7	O	5.55	A	-		
462	8	O	5.55	A	-		
462	9	O	5.55	G	-		
462	10	O	5.55	C	-		
462	11	O	5.55	A	-		
462	12	O	5.55	G	-		
462	13	O	5.55	T	-		
462	14	O	5.55	G	-		
462	15	O	5.55	A	-		
462	16	O	5.55	T	-		
462	17	O	5.55	C	-		
462	18	O	5.55	A	-		
462	19	O	5.55	A	-		
462	20	O	5.55	G	-		
462	21	O	5.55	T	-		
462	22	O	5.55	C	-		
462	23	O	5.55	A	-		
462	24	O	5.55	A	-		
462	25	O	5.55	A	-		
462	26	O	5.55	T	-		
462	27	O	5.55	T	-		
462	28	O	5.55	C	-		
462	29	O	5.55	G	-		
462	30	O	5.55	C	-		
462	31	O	5.55	T	-		
462	32	O	5.55	G	-		
462	33	O	5.55	G	-		
462	34	O	5.55	A	-		
462	35	O	5.55	G	-		
462	36	O	5.55	A	-		
462	37	O	5.55	T	-		
462	38	O	5.55	T	-		
462	39	O	5.55	T	-		
462	40	O	5.55	G	-		
462	41	O	5.55	A	-		
462	42	O	5.55	G	-		
462	43	O	5.55	A	-		
462	44	O	5.55	G	-		
462	45	O	5.55	A	-		
462	46	O	5.55	G	-		
462	47	O	5.55	C	-		
462	48	O	5.55	A	-		
462	49	O	5.55	G	-		
462	50	O	5.55	A	-		
462	51	O	5.55	T	-		
462	52	O	5.55	C	-		
462	53	O	5.55	A	-		
462	54	O	5.55	G	-		
462	55	O	5.55	C	-		
462	56	O	5.55	A	-		
462	57	O	5.55	A	-		
462	58	O	5.55	G	-		
462	59	O	5.55	C	-		
462	60	O	5.55	T	-		
462	61	O	5.55	C	-		
462	62	O	5.55	G	-		
462	63	O	5.55	T	-		
462	64	O	5.55	C	-		
462	65	O	5.55	G	-		
462	66	O	5.55	A	-		
462	67	O	5.55	C	-		
462	68	O	5.55	G	-		
462	69	O	5.55	C	-		
462	70	O	5.55	T	-		
462	71	O	5.55	T	-		
462	72	O	5.55	C	-		
462	73	O	5.55	A	-		
462	74	O	5.55	G	-		
462	75	O	5.55	A	-		
462	76	O	5.55	T	-		
462	77	O	5.55	C	-		
462	78	O	5.55	C	-		
462	79	O	5.55	A	-		
462	80	O	5.55	A	-		
462	81	O	5.55	A	-		
462	82	O	5.55	A	-		
462	83	O	5.55	G	-		
462	84	O	5.55	G	-		
462	85	O	5.55	T	-		
462	86	O	5.55	C	-		
462	87	O	5.55	C	-		
462	88	O	5.55	C	-		
462	89	O	5.55	T	-		
462	90	O	5.55	T	-		
462	91	O	5.55	C	-		
462	92	O	5.55	T	-		
462	93	O	5.55	T	-		
462	94	O	5.55	C	-		
462	95	O	5.55	T	-		
462	96	O	5.55	T	-		
462	97	O	5.55	T	-		
462	98	O	5.55	G	-		
462	99	O	5.55	G	-		
462	100	O	5.55	C	-		
462	101	O	5.55	G	-		
462	102	O	5.55	A	-		
462	103	O	5.55	A	-		
462	104	O	5.55	G	-		
462	105	O	5.55	A	-		
462	106	O	5.55	A	-		
462	107	O	5.55	A	-		
462	108	O	5.55	T	-		
462	109	O	5.55	G	-		
463	0	O	16.64	A	-		
463	1	O	16.64	G	-		
463	2	O	16.64	G	-		
463	3	O	16.64	C	-		
463	4	O	16.64	A	-		
463	5	O	16.64	G	-		
463	6	O	16.64	G	-		
463	7	O	16.64	A	-		
463	8	O	16.64	A	-		
463	9	O	16.64	G	-		
463	10	O	16.64	C	-		
463	11	O	16.64	T	-		
463	12	O	16.64	C	-		
463	13	O	16.64	G	-		
463	14	O	16.64	G	-		
463	15	O	16.64	G	-		
463	16	O	16.64	A	-		
463	17	O	16.64	G	-		
463	18	O	16.64	T	-		
463	19	O	16.64	T	-		
463	20	O	16.64	G	-		
463	21	O	16.64	A	-		
463	22	O	16.64	G	-		
463	23	O	16.64	A	-		
463	24	O	16.64	A	-		
463	25	O	16.64	G	-		
463	26	O	16.64	T	-		
463	27	O	16.64	G	-		
463	28	O	16.64	G	-		
463	29	O	16.64	C	-		
463	30	O	16.64	C	-		
463	31	O	16.64	C	-		
463	32	O	16.64	G	-		
463	33	O	16.64	G	-		
463	34	O	16.64	T	-		
463	35	O	16.64	G	-		
463	36	O	16.64	A	-		
463	37	O	16.64	T	-		
463	38	O	16.64	G	-		
463	39	O	16.64	A	-		
463	40	O	16.64	A	-		
463	41	O	16.64	T	-		
463	42	O	16.64	C	-		
463	43	O	16.64	T	-		
463	44	O	16.64	C	-		
463	45	O	16.64	C	-		
463	46	O	16.64	A	-		
463	47	O	16.64	T	-		
463	48	O	16.64	C	-		
463	49	O	16.64	T	-		
463	50	O	16.64	G	-		
463	51	O	16.64	A	-		
463	52	O	16.64	C	-		
463	53	O	16.64	G	-		
463	54	O	16.64	A	-		
463	55	O	16.64	G	-		
463	56	O	16.64	C	-		
463	57	O	16.64	C	-		
463	58	O	16.64	G	-		
463	59	O	16.64	A	-		
463	60	O	16.64	A	-		
463	61	O	16.64	A	-		
463	62	O	16.64	G	-		
463	63	O	16.64	A	-		
463	64	O	16.64	T	-		
463	65	O	16.64	G	-		
463	66	O	16.64	A	-		
463	67	O	16.64	T	-		
463	68	O	16.64	A	-		
463	69	O	16.64	G	-		
463	70	O	16.64	T	-		
463	71	O	16.64	T	-		
463	72	O	16.64	C	-		
463	73	O	16.64	T	-		
463	74	O	16.64	A	-		
463	75	O	16.64	A	-		
463	76	O	16.64	G	-		
463	77	O	16.64	A	-		
463	78	O	16.64	A	-		
463	79	O	16.64	A	-		
463	80	O	16.64	A	-		
463	81	O	16.64	T	-		
463	82	O	16.64	G	-		
463	83	O	16.64	G	-		
463	84	O	16.64	A	-		
463	85	O	16.64	T	-		
463	86	O	16.64	C	-		
463	87	O	16.64	C	-		
463	88	O	16.64	A	-		
463	89	O	16.64	T	-		
463	90	O	16.64	A	-		
463	91	O	16.64	G	-		
463	92	O	16.64	G	-		
463	93	O	16.64	G	-		
463	94	O	16.64	C	-		
463	95	O	16.64	T	-		
463	96	O	16.64	T	-		
463	97	O	16.64	C	-		
463	98	O	16.64	A	-		
463	99	O	16.64	G	-		
463	100	O	16.64	C	-		
463	101	O	16.64	C	-		
463	102	O	16.64	T	-		
463	103	O	16.64	T	-		
463	104	O	16.64	T	-		
463	105	O	16.64	C	-		
463	106	O	16.64	A	-		
463	107	O	16.64	G	-		
463	108	O	16.64	G	-		
463	109	O	16.64	C	-		
464	0	O	6.93	C	-		
464	1	O	6.93	C	-		
464	2	O	6.93	A	-		
464	3	O	6.93	C	-		
464	4	O	6.93	C	-		
464	5	O	6.93	C	-		
464	6	O	6.93	A	-		
464	7	O	6.93	C	-		
464	8	O	6.93	C	-		
464	9	O	6.93	T	-		
464	10	O	6.93	G	-		
464	11	O	6.93	T	-		
464	12	O	6.93	C	-		
464	13	O	6.93	C	-		
464	14	O	6.93	T	-		
464	15	O	6.93	C	-		
464	16	O	6.93	T	-		
464	17	O	6.93	C	-		
464	18	O	6.93	T	-		
464	19	O	6.93	C	-		
464	20	O	6.93	C	-		
464	21	O	6.93	A	-		
464	22	O	6.93	C	-		
464	23	O	6.93	C	-		
464	24	O	6.93	A	-		
464	25	O	6.93	G	-		
464	26	O	6.93	C	-		
464	27	O	6.93	G	-		
464	28	O	6.93	G	-		
464	29	O	6.93	C	-		
464	30	O	6.93	C	-		
464	31	O	6.93	G	-		
464	32	O	6.93	G	-		
464	33	O	6.93	C	-		
464	34	O	6.93	G	-		
464	35	O	6.93	A	-		
464	36	O	6.93	G	-		
464	37	O	6.93	C	-		
464	38	O	6.93	T	-		
464	39	O	6.93	C	-		
464	40	O	6.93	G	-		
464	41	O	6.93	A	-		
464	42	O	6.93	C	-		
464	43	O	6.93	G	-		
464	44	O	6.93	G	-		
464	45	O	6.93	G	-		
464	46	O	6.93	C	-		
464	47	O	6.93	A	-		
464	48	O	6.93	T	-		
464	49	O	6.93	C	-		
464	50	O	6.93	C	-		
464	51	U	-0.27	A	C		
464	52	O	6.93	G	-		
464	53	O	6.93	C	-		
464	54	O	6.93	A	-		
464	55	O	6.93	A	-		
464	56	O	6.93	G	-		
464	57	O	6.93	T	-		
464	58	O	6.93	G	-		
464	59	O	6.93	C	-		
464	60	O	6.93	A	-		
464	61	O	6.93	A	-		
464	62	O	6.93	C	-		
464	63	O	6.93	A	-		
464	64	O	6.93	G	-		
464	65	O	6.93	C	-		
464	66	O	6.93	C	-		
464	67	O	6.93	T	-		
464	68	O	6.93	C	-		
464	69	O	6.93	A	-		
464	70	O	6.93	C	-		
464	71	O	6.93	C	-		
464	72	O	6.93	A	-		
464	73	O	6.93	C	-		
464	74	O	6.93	C	-		
464	75	O	6.93	T	-		
464	76	O	6.93	C	-		
464	77	O	6.93	C	-		
464	78	O	6.93	T	-		
464	79	O	6.93	C	-		
464	80	O	6.93	C	-		
464	81	O	6.93	A	-		
464	82	O	6.93	C	-		
464	83	O	6.93	C	-		
464	84	O	6.93	A	-		
464	85	O	6.93	G	-		
464	86	O	6.93	C	-		
464	87	O	6.93	T	-		
464	88	O	6.93	G	-		
464	89	O	6.93	C	-		
464	90	O	6.93	C	-		
464	91	O	6.93	A	-		
464	92	O	6.93	G	-		
464	93	O	6.93	C	-		
464	94	O	6.93	C	-		
464	95	O	6.93	A	-		
464	96	O	6.93	A	-		
464	97	O	6.93	C	-		
464	98	O	6.93	T	-		
464	99	O	6.93	C	-		
464	100	O	6.93	G	-		
464	101	O	6.93	G	-		
464	102	O	6.93	C	-		
464	103	O	6.93	C	-		
464	104	O	6.93	A	-		
464	105	O	6.93	G	-		
464	106	O	6.93	C	-		
464	107	O	6.93	C	-		
464	108	O	6.93	C	-		
464	109	O	6.93	G	-		
465	0	O	16.64	C	-		
465	1	O	16.64	A	-		
465	2	O	16.64	A	-		
465	3	O	16.64	A	-		
465	4	O	16.64	G	-		
465	5	O	16.64	C	-		
465	6	O	16.64	C	-		
465	7	O	16.64	C	-		
465	8	O	16.64	A	-		
465	9	O	16.64	A	-		
465	10	O	16.64	C	-		
465	11	O	16.64	C	-		
465	12	O	16.64	A	-		
465	13	O	16.64	T	-		
465	14	O	16.64	G	-		
465	15	O	16.64	C	-		
465	16	O	16.64	T	-		
465	17	O	16.64	G	-		
465	18	O	16.64	T	-		
465	19	O	16.64	C	-		
465	20	O	16.64	A	-		
465	21	O	16.64	T	-		
465	22	O	16.64	C	-		
465	23	O	16.64	A	-		
465	24	O	16.64	T	-		
465	25	O	16.64	A	-		
465	26	O	16.64	T	-		
465	27	O	16.64	C	-		
465	28	O	16.64	T	-		
465	29	O	16.64	T	-		
465	30	O	16.64	C	-		
465	31	O	16.64	A	-		
465	32	O	16.64	T	-		
465	33	O	16.64	C	-		
465	34	O	16.64	C	-		
465	35	O	16.64	T	-		
465	36	O	16.64	C	-		
465	37	O	16.64	G	-		
465	38	O	16.64	C	-		
465	39	O	16.64	T	-		
465	40	O	16.64	G	-		
465	41	O	16.64	C	-		
465	42	O	16.64	T	-		
465	43	O	16.64	G	-		
465	44	O	16.64	C	-		
465	45	O	16.64	T	-		
465	46	O	16.64	C	-		
465	47	O	16.64	C	-		
465	48	O	16.64	T	-		
465	49	O	16.64	A	-		
465	50	O	16.64	T	-		
465	51	O	16.64	A	-		
465	52	O	16.64	G	-		
465	53	O	16.64	G	-		
465	54	O	16.64	T	-		
465	55	O	16.64	C	-		
465	56	O	16.64	T	-		
465	57	O	16.64	C	-		
465	58	O	16.64	C	-		
465	59	O	16.64	T	-		
465	60	O	16.64	C	-		
465	61	O	16.64	G	-		
465	62	O	16.64	G	-		
465	63	O	16.64	A	-		
465	64	O	16.64	C	-		
465	65	O	16.64	G	-		
465	66	O	16.64	T	-		
465	67	O	16.64	G	-		
465	68	O	16.64	C	-		
465	69	O	16.64	C	-		
465	70	O	16.64	C	-		
465	71	O	16.64	G	-		
465	72	O	16.64	G	-		
465	73	O	16.64	A	-		
465	74	O	16.64	G	-		
465	75	O	16.64	G	-		
465	76	O	16.64	A	-		
465	77	O	16.64	G	-		
465	78	O	16.64	C	-		
465	79	O	16.64	C	-		
465	80	O	16.64	G	-		
465	81	O	16.64	G	-		
465	82	O	16.64	C	-		
465	83	O	16.64	G	-		
465	84	O	16.64	A	-		
465	85	O	16.64	T	-		
465	86	O	16.64	C	-		
465	87	O	16.64	G	-		
465	88	O	16.64	T	-		
465	89	O	16.64	T	-		
465	90	O	16.64	T	-		
465	91	O	16.64	T	-		
465	92	O	16.64	C	-		
465	93	O	16.64	C	-		
465	94	O	16.64	G	-		
465	95	O	16.64	G	-		
465	96	O	16.64	T	-		
465	97	O	16.64	A	-		
465	98	O	16.64	A	-		
465	99	O	16.64	C	-		
465	100	O	16.64	C	-		
465	101	O	16.64	T	-		
465	102	O	16.64	C	-		
465	103	O	16.64	T	-		
465	104	O	16.64	T	-		
465	105	O	16.64	C	-		
465	106	O	16.64	A	-		
465	107	O	16.64	C	-		
465	108	O	16.64	C	-		
465	109	O	16.64	G	-		
466	0	O	15.25	C	-		
466	1	O	15.25	A	-		
466	2	O	15.25	A	-		
466	3	O	15.25	A	-		
466	4	O	15.25	G	-		
466	5	O	15.25	A	-		
466	6	O	15.25	T	-		
466	7	O	15.25	G	-		
466	8	O	15.25	T	-		
466	9	O	6.35	G	-		
466	10	O	15.25	C	-		
466	11	O	15.25	G	-		
466	12	O	15.25	C	-		
466	13	O	15.25	G	-		
466	14	O	15.25	C	-		
466	15	O	15.25	C	-		
466	16	O	15.25	A	-		
466	17	O	15.25	G	-		
466	18	O	15.25	A	-		
466	19	O	15.25	T	-		
466	20	O	15.25	A	-		
466	21	O	15.25	C	-		
466	22	O	15.25	C	-		
466	23	O	15.25	A	-		
466	24	O	15.25	G	-		
466	25	O	15.25	C	-		
466	26	O	15.25	G	-		
466	27	O	15.25	C	-		
466	28	O	15.25	A	-		
466	29	O	15.25	G	-		
466	30	O	15.25	T	-		
466	31	O	15.25	G	-		
466	32	O	15.25	T	-		
466	33	O	15.25	A	-		
466	34	O	15.25	G	-		
466	35	O	15.25	A	-		
466	36	O	15.25	C	-		
466	37	O	15.25	A	-		
466	38	O	15.25	G	-		
466	39	O	15.25	A	-		
466	40	O	15.25	T	-		
466	41	O	15.25	C	-		
466	42	O	15.25	G	-		
466	43	O	15.25	C	-		
466	44	O	15.25	C	-		
466	45	O	15.25	T	-		
466	46	O	15.25	G	-		
466	47	O	15.25	A	-		
466	48	O	15.25	G	-		
466	49	O	15.25	T	-		
466	50	O	15.25	C	-		
466	51	O	15.25	G	-		
466	52	O	15.25	C	-		
466	53	O	15.25	C	-		
466	54	O	15.25	G	-		
466	55	O	15.25	G	-		
466	56	O	15.25	T	-		
466	57	O	15.25	G	-		
466	58	O	15.25	A	-		
466	59	O	15.25	T	-		
466	60	O	15.25	A	-		
466	61	O	15.25	C	-		
466	62	U	0.42	T	C		
466	63	O	15.25	C	-		
466	64	O	15.25	C	-		
466	65	O	15.25	G	-		
466	66	O	15.25	A	-		
466	67	O	15.25	T	-		
466	68	O	15.25	T	-		
466	69	O	15.25	A	-		
466	70	O	15.25	T	-		
466	71	O	15.25	G	-		
466	72	O	15.25	A	-		
466	73	O	15.25	T	-		
466	74	O	15.25	T	-		
466	75	O	15.25	A	-		
466	76	O	15.25	A	-		
466	77	O	15.25	T	-		
466	78	O	15.25	G	-		
466	79	O	15.25	A	-		
466	80	O	15.25	G	-		
466	81	O	15.25	C	-		
466	82	O	15.25	G	-		
466	83	O	15.25	G	-		
466	84	O	15.25	C	-		
466	85	O	15.25	C	-		
466	86	O	15.25	A	-		
466	87	O	15.25	A	-		
466	88	O	15.25	T	-		
466	89	O	15.25	T	-		
466	90	O	15.25	A	-		
466	91	O	15.25	T	-		
466	92	O	15.25	T	-		
466	93	O	15.25	T	-		
466	94	O	15.25	C	-		
466	95	O	15.25	G	-		
466	96	O	15.25	C	-		
466	97	O	15.25	T	-		
466	98	O	15.25	C	-		
466	99	O	15.25	A	-		
466	100	O	15.25	C	-		
466	101	O	15.25	G	-		
466	102	O	15.25	T	-		
466	103	O	15.25	C	-		
466	104	O	15.25	G	-		
466	105	U	0.42	A	G		
466	106	O	15.25	C	-		
466	107	O	15.25	G	-		
466	108	O	15.25	A	-		
466	109	O	15.25	C	-		
467	0	O	9.70	A	-		
467	1	O	9.70	T	-		
467	2	O	9.70	C	-		
467	3	O	9.70	C	-		
467	4	O	9.70	A	-		
467	5	O	9.70	T	-		
467	6	O	9.70	G	-		
467	7	O	9.70	C	-		
467	8	O	9.70	C	-		
467	9	O	9.70	C	-		
467	10	O	9.70	T	-		
467	11	O	9.70	A	-		
467	12	O	9.70	G	-		
467	13	O	9.70	G	-		
467	14	O	9.70	A	-		
467	15	O	9.70	G	-		
467	16	O	9.70	C	-		
467	17	O	9.70	A	-		
467	18	O	9.70	T	-		
467	19	O	9.70	T	-		
467	20	O	9.70	C	-		
467	21	O	9.70	T	-		
467	22	O	9.70	G	-		
467	23	O	9.70	A	-		
467	24	O	9.70	G	-		
467	25	O	9.70	A	-		
467	26	O	9.70	G	-		
467	27	O	9.70	A	-		
467	28	O	9.70	A	-		
467	29	O	9.70	G	-		
467	30	O	9.70	A	-		
467	31	O	9.70	A	-		
467	32	O	9.70	A	-		
467	33	O	9.70	T	-		
467	34	O	9.70	T	-		
467	35	O	9.70	C	-		
467	36	O	9.70	G	-		
467	37	O	9.70	G	-		
467	38	O	9.70	A	-		
467	39	O	9.70	G	-		
467	40	O	9.70	C	-		
467	41	O	9.70	G	-		
467	42	O	9.70	C	-		
467	43	O	9.70	T	-		
467	44	O	9.70	G	-		
467	45	O	9.70	T	-		
467	46	O	9.70	T	-		
467	47	O	9.70	C	-		
467	48	O	9.70	C	-		
467	49	O	9.70	T	-		
467	50	O	9.70	C	-		
467	51	O	9.70	T	-		
467	52	O	9.70	G	-		
467	53	O	9.70	C	-		
467	54	O	9.70	A	-		
467	55	O	9.70	T	-		
467	56	O	9.70	G	-		
467	57	O	9.70	C	-		
467	58	O	9.70	A	-		
467	59	O	9.70	C	-		
467	60	O	9.70	T	-		
467	61	O	9.70	G	-		
467	62	O	9.70	C	-		
467	63	O	9.70	G	-		
467	64	O	9.70	C	-		
467	65	O	9.70	C	-		
467	66	O	9.70	G	-		
467	67	O	9.70	C	-		
467	68	O	9.70	T	-		
467	69	O	9.70	T	-		
467	70	O	9.70	T	-		
467	71	O	9.70	C	-		
467	72	O	9.70	T	-		
467	73	O	9.70	T	-		
467	74	O	9.70	G	-		
467	75	O	9.70	C	-		
467	76	O	9.70	G	-		
467	77	O	9.70	T	-		
467	78	O	9.70	T	-		
467	79	O	9.70	G	-		
467	80	O	9.70	A	-		
467	81	O	9.70	C	-		
467	82	O	9.70	A	-		
467	83	O	9.70	A	-		
467	84	O	9.70	C	-		
467	85	O	9.70	C	-		
467	86	O	9.70	T	-		
467	87	O	9.70	T	-		
467	88	O	9.70	G	-		
467	89	O	9.70	C	-		
467	90	O	9.70	A	-		
467	91	O	9.70	G	-		
467	92	O	9.70	G	-		
467	93	O	9.70	G	-		
467	94	O	9.70	G	-		
467	95	O	9.70	G	-		
467	96	O	9.70	T	-		
467	97	O	9.70	G	-		
467	98	O	9.70	T	-		
467	99	O	9.70	A	-		
467	100	O	9.70	A	-		
467	101	O	9.70	G	-		
467	102	O	9.70	A	-		
467	103	O	9.70	A	-		
467	104	O	9.70	T	-		
467	105	O	9.70	A	-		
467	106	O	9.70	G	-		
467	107	O	9.70	C	-		
467	108	O	9.70	T	-		
467	109	O	9.70	G	-		
468	0	O	5.55	C	-		
468	1	O	5.55	T	-		
468	2	O	5.55	C	-		
468	3	O	5.55	G	-		
468	4	O	5.55	A	-		
468	5	O	5.55	G	-		
468	6	O	5.55	C	-		
468	7	O	5.55	A	-		
468	8	O	5.55	T	-		
468	9	O	5.55	C	-		
468	10	O	5.55	C	-		
468	11	O	5.55	T	-		
468	12	O	5.55	T	-		
468	13	O	5.55	C	-		
468	14	O	5.55	T	-		
468	15	O	5.55	T	-		
468	16	O	5.55	T	-		
468	17	O	5.55	C	-		
468	18	O	5.55	C	-		
468	19	O	5.55	C	-		
468	20	O	5.55	C	-		
468	21	O	5.55	A	-		
468	22	O	5.55	T	-		
468	23	O	5.55	G	-		
468	24	O	5.55	C	-		
468	25	O	5.55	G	-		
468	26	O	5.55	A	-		
468	27	O	5.55	G	-		
468	28	O	5.55	C	-		
468	29	O	5.55	A	-		
468	30	O	5.55	G	-		
468	31	O	5.55	T	-		
468	32	O	5.55	T	-		
468	33	O	5.55	G	-		
468	34	O	5.55	C	-		
468	35	O	5.55	A	-		
468	36	O	5.55	G	-		
468	37	O	5.55	T	-		
468	38	O	5.55	T	-		
468	39	O	5.55	A	-		
468	40	O	5.55	A	-		
468	41	O	5.55	C	-		
468	42	O	5.55	T	-		
468	43	O	5.55	C	-		
468	44	O	5.55	C	-		
468	45	O	5.55	C	-		
468	46	O	5.55	T	-		
468	47	O	5.55	C	-		
468	48	O	5.55	C	-		
468	49	O	5.55	T	-		
468	50	O	5.55	A	-		
468	51	O	5.55	T	-		
468	52	O	5.55	C	-		
468	53	O	5.55	T	-		
468	54	O	5.55	T	-		
468	55	O	5.55	T	-		
468	56	O	5.55	T	-		
468	57	O	5.55	C	-		
468	58	O	5.55	T	-		
468	59	O	5.55	C	-		
468	60	O	5.55	C	-		
468	61	O	5.55	C	-		
468	62	O	5.55	T	-		
468	63	O	5.55	T	-		
468	64	O	5.55	C	-		
468	65	O	5.55	C	-		
468	66	O	5.55	A	-		
468	67	O	5.55	T	-		
468	68	O	5.55	T	-		
468	69	O	5.55	T	-		
468	70	O	5.55	C	-		
468	71	O	5.55	T	-		
468	72	O	5.55	C	-		
468	73	O	5.55	C	-		
468	74	O	5.55	C	-		
468	75	O	5.55	T	-		
468	76	O	5.55	G	-		
468	77	O	5.55	A	-		
468	78	O	5.55	T	-		
468	79	O	5.55	T	-		
468	80	O	5.55	G	-		
468	81	O	5.55	T	-		
468	82	O	5.55	G	-		
468	83	O	5.55	A	-		
468	84	O	5.55	A	-		
468	85	O	5.55	T	-		
468	86	O	5.55	A	-		
468	87	O	5.55	G	-		
468	88	O	5.55	C	-		
468	89	O	5.55	A	-		
468	90	O	5.55	G	-		
468	91	O	5.55	T	-		
468	92	O	5.55	A	-		
468	93	O	5.55	T	-		
468	94	O	5.55	C	-		
468	95	O	5.55	C	-		
468	96	O	5.55	T	-		
468	97	O	5.55	C	-		
468	98	O	5.55	T	-		
468	99	O	5.55	T	-		
468	100	O	5.55	T	-		
468	101	O	5.55	G	-		
468	102	O	5.55	C	-		
468	103	O	5.55	G	-		
468	104	O	5.55	A	-		
468	105	O	5.55	A	-		
468	106	O	5.55	C	-		
468	107	O	5.55	G	-		
468	108	O	5.55	A	-		
468	109	O	5.55	C	-		
469	0	O	6.93	G	-		
469	1	O	6.93	G	-		
469	2	O	6.93	G	-		
469	3	O	6.93	T	-		
469	4	O	6.93	C	-		
469	5	O	6.93	C	-		
469	6	O	6.93	A	-		
469	7	O	6.93	T	-		
469	8	O	6.93	T	-		
469	9	O	6.93	C	-		
469	10	O	6.93	G	-		
469	11	O	6.93	C	-		
469	12	O	6.93	A	-		
469	13	O	6.93	G	-		
469	14	O	6.93	G	-		
469	15	O	6.93	A	-		
469	16	O	6.93	T	-		
469	17	O	6.93	G	-		
469	18	O	6.93	C	-		
469	19	O	6.93	G	-		
469	20	O	6.93	T	-		
469	21	O	6.93	T	-		
469	22	O	6.93	C	-		
469	23	O	6.93	G	-		
469	24	O	6.93	A	-		
469	25	O	6.93	A	-		
469	26	O	6.93	G	-		
469	27	O	6.93	C	-		
469	28	O	6.93	A	-		
469	29	O	6.93	A	-		
469	30	O	6.93	G	-		
469	31	O	6.93	C	-		
469	32	O	6.93	T	-		
469	33	O	6.93	T	-		
469	34	O	6.93	T	-		
469	35	O	6.93	G	-		
469	36	O	6.93	G	-		
469	37	O	6.93	C	-		
469	38	O	6.93	G	-		
469	39	O	6.93	C	-		
469	40	O	6.93	C	-		
469	41	O	6.93	G	-		
469	42	O	6.93	C	-		
469	43	O	6.93	G	-		
469	44	O	6.93	G	-		
469	45	O	6.93	G	-		
469	46	O	6.93	T	-		
469	47	O	6.93	G	-		
469	48	O	6.93	T	-		
469	49	O	6.93	C	-		
469	50	O	6.93	C	-		
469	51	O	6.93	T	-		
469	52	O	6.93	T	-		
469	53	O	6.93	C	-		
469	54	O	6.93	T	-		
469	55	O	6.93	T	-		
469	56	O	6.93	G	-		
469	57	O	6.93	T	-		
469	58	O	6.93	G	-		
469	59	O	6.93	G	-		
469	60	O	6.93	T	-		
469	61	O	6.93	T	-		
469	62	O	6.93	C	-		
469	63	O	6.93	A	-		
469	64	O	6.93	T	-		
469	65	O	6.93	G	-		
469	66	O	6.93	A	-		
469	67	O	6.93	G	-		
469	68	O	6.93	G	-		
469	69	O	6.93	A	-		
469	70	O	6.93	T	-		
469	71	O	6.93	G	-		
469	72	O	6.93	T	-		
469	73	O	6.93	C	-		
469	74	O	6.93	A	-		
469	75	O	6.93	C	-		
469	76	O	6.93	C	-		
469	77	O	6.93	T	-		
469	78	O	6.93	T	-		
469	79	O	6.93	T	-		
469	80	O	6.93	C	-		
469	81	O	6.93	A	-		
469	82	O	6.93	G	-		
469	83	O	6.93	A	-		
469	84	O	6.93	A	-		
469	85	O	6.93	T	-		
469	86	O	6.93	C	-		
469	87	O	6.93	A	-		
469	88	O	6.93	G	-		
469	89	O	6.93	G	-		
469	90	O	6.93	C	-		
469	91	O	6.93	C	-		
469	92	O	6.93	C	-		
469	93	O	6.93	T	-		
469	94	O	6.93	T	-		
469	95	O	6.93	G	-		
469	96	O	6.93	A	-		
469	97	O	6.93	C	-		
469	98	O	6.93	G	-		
469	99	O	6.93	T	-		
469	100	O	6.93	G	-		
469	101	O	6.93	C	-		
469	102	O	6.93	T	-		
469	103	O	6.93	C	-		
469	104	O	6.93	C	-		
469	105	O	6.93	G	-		
469	106	O	6.93	G	-		
469	107	O	6.93	G	-		
469	108	O	6.93	T	-		
469	109	O	6.93	G	-		
470	0	O	12.48	G	-		
470	1	O	12.48	G	-		
470	2	O	12.48	C	-		
470	3	O	12.48	C	-		
470	4	O	12.48	T	-		
470	5	O	12.48	A	-		
470	6	O	4.00	T	-		
470	7	O	12.48	C	-		
470	8	O	12.48	G	-		
470	9	O	12.48	T	-		
470	10	O	12.48	G	-		
470	11	O	12.48	T	-		
470	12	O	12.48	C	-		
470	13	O	12.48	T	-		
470	14	O	12.48	G	-		
470	15	O	12.48	C	-		
470	16	O	12.48	A	-		
470	17	O	12.48	T	-		
470	18	O	12.48	G	-		
470	19	O	12.48	G	-		
470	20	O	12.48	C	-		
470	21	O	12.48	A	-		
470	22	O	12.48	T	-		
470	23	O	12.48	C	-		
470	24	O	12.48	A	-		
470	25	O	12.48	T	-		
470	26	O	12.48	G	-		
470	27	O	12.48	A	-		
470	28	O	12.48	C	-		
470	29	O	12.48	A	-		
470	30	O	12.48	G	-		
470	31	O	12.48	T	-		
470	32	O	12.48	C	-		
470	33	O	12.48	G	-		
470	34	O	12.48	A	-		
470	35	O	12.48	T	-		
470	36	O	12.48	T	-		
470	37	O	12.48	G	-		
470	38	O	12.48	T	-		
470	39	O	12.48	A	-		
470	40	O	12.48	T	-		
470	41	O	12.48	G	-		
470	42	O	12.48	C	-		
470	43	O	12.48	T	-		
470	44	O	12.48	C	-		
470	45	O	12.48	A	-		
470	46	O	12.48	A	-		
470	47	O	12.48	A	-		
470	48	O	12.48	C	-		
470	49	O	12.48	C	-		
470	50	O	12.48	G	-		
470	51	O	12.48	A	-		
470	52	O	12.48	G	-		
470	53	O	12.48	A	-		
470	54	O	12.48	G	-		
470	55	O	12.48	A	-		
470	56	O	12.48	A	-		
470	57	O	12.48	G	-		
470	58	O	12.48	T	-		
470	59	O	12.48	C	-		
470	60	O	12.48	C	-		
470	61	O	12.48	C	-		
470	62	O	12.48	C	-		
470	63	O	12.48	C	-		
470	64	O	12.48	C	-		
470	65	O	12.48	C	-		
470	66	O	12.48	C	-		
470	67	O	12.48	A	-		
470	68	O	12.48	G	-		
470	69	O	12.48	C	-		
470	70	O	12.48	G	-		
470	71	O	12.48	A	-		
470	72	O	12.48	A	-		
470	73	O	12.48	A	-		
470	74	O	12.48	C	-		
470	75	O	12.48	T	-		
470	76	O	12.48	C	-		
470	77	O	12.48	G	-		
470	78	O	12.48	C	-		
470	79	O	12.48	C	-		
470	80	O	12.48	G	-		
470	81	O	12.48	G	-		
470	82	O	12.48	G	-		
470	83	O	12.48	A	-		
470	84	O	12.48	A	-		
470	85	O	12.48	A	-		
470	86	O	12.48	A	-		
470	87	O	12.48	G	-		
470	88	O	12.48	G	-		
470	89	O	12.48	C	-		
470	90	O	12.48	A	-		
470	91	O	12.48	C	-		
470	92	O	12.48	A	-		
470	93	O	12.48	T	-		
470	94	O	12.48	C	-		
470	95	O	12.48	G	-		
470	96	O	12.48	A	-		
470	97	O	12.48	A	-		
470	98	O	12.48	T	-		
470	99	O	12.48	C	-		
470	100	O	12.48	A	-		
470	101	O	12.48	A	-		
470	102	O	12.48	G	-		
470	103	O	12.48	T	-		
470	104	O	12.48	A	-		
470	105	O	12.48	G	-		
470	106	O	12.48	C	-		
470	107	O	12.48	G	-		
470	108	O	12.48	G	-		
470	109	O	12.48	C	-		
471	0	O	19.41	T	-		
471	1	O	19.41	G	-		
471	2	O	19.41	A	-		
471	3	O	19.41	T	-		
471	4	O	19.41	A	-		
471	5	O	19.41	C	-		
471	6	O	19.41	C	-		
471	7	O	19.41	A	-		
471	8	O	19.41	G	-		
471	9	O	19.41	T	-		
471	10	O	19.41	G	-		
471	11	O	19.41	G	-		
471	12	O	19.41	A	-		
471	13	O	19.41	C	-		
471	14	O	19.41	C	-		
471	15	O	19.41	A	-		
471	16	O	19.41	G	-		
471	17	O	19.41	C	-		
471	18	O	19.41	T	-		
471	19	O	19.41	G	-		
471	20	O	19.41	A	-		
471	21	O	19.41	T	-		
471	22	O	19.41	C	-		
471	23	O	19.41	A	-		
471	24	O	19.41	G	-		
471	25	O	19.41	T	-		
471	26	O	19.41	G	-		
471	27	O	19.41	T	-		
471	28	O	19.41	C	-		
471	29	O	19.41	G	-		
471	30	O	19.41	C	-		
471	31	O	19.41	C	-		
471	32	O	19.41	G	-		
471	33	O	19.41	A	-		
471	34	O	19.41	C	-		
471	35	O	19.41	T	-		
471	36	O	19.41	A	-		
471	37	O	19.41	C	-		
471	38	O	19.41	G	-		
471	39	O	19.41	G	-		
471	40	O	19.41	C	-		
471	41	O	19.41	T	-		
471	42	O	19.41	G	-		
471	43	O	19.41	G	-		
471	44	O	19.41	A	-		
471	45	O	19.41	G	-		
471	46	O	19.41	G	-		
471	47	O	19.41	C	-		
471	48	O	19.41	T	-		
471	49	O	19.41	G	-		
471	50	O	19.41	T	-		
471	51	O	19.41	C	-		
471	52	O	19.41	G	-		
471	53	O	19.41	G	-		
471	54	O	19.41	T	-		
471	55	O	19.41	G	-		
471	56	O	19.41	G	-		
471	57	O	19.41	A	-		
471	58	O	19.41	C	-		
471	59	O	19.41	A	-		
471	60	O	19.41	A	-		
471	61	O	19.41	C	-		
471	62	O	19.41	G	-		
471	63	O	19.41	A	-		
471	64	O	19.41	G	-		
471	65	O	19.41	C	-		
471	66	O	19.41	T	-		
471	67	O	19.41	C	-		
471	68	O	19.41	A	-		
471	69	O	19.41	T	-		
471	70	O	19.41	C	-		
471	71	O	19.41	G	-		
471	72	O	19.41	G	-		
471	73	O	19.41	G	-		
471	74	O	19.41	C	-		
471	75	O	19.41	A	-		
471	76	O	19.41	A	-		
471	77	O	19.41	G	-		
471	78	O	19.41	T	-		
471	79	O	19.41	G	-		
471	80	O	19.41	G	-		
471	81	O	19.41	C	-		
471	82	O	19.41	G	-		
471	83	O	19.41	C	-		
471	84	O	19.41	C	-		
471	85	O	19.41	C	-		
471	86	O	19.41	A	-		
471	87	O	19.41	C	-		
471	88	O	19.41	G	-		
471	89	O	19.41	G	-		
471	90	O	19.41	A	-		
471	91	O	19.41	G	-		
471	92	O	19.41	G	-		
471	93	O	19.41	C	-		
471	94	O	19.41	C	-		
471	95	O	19.41	G	-		
471	96	O	19.41	T	-		
471	97	O	19.41	C	-		
471	98	O	19.41	A	-		
471	99	O	19.41	A	-		
471	100	O	19.41	G	-		
471	101	O	19.41	C	-		
471	102	O	19.41	A	-		
471	103	O	19.41	C	-		
471	104	O	19.41	A	-		
471	105	O	19.41	A	-		
471	106	O	19.41	G	-		
471	107	O	19.41	C	-		
471	108	O	19.41	A	-		
471	109	O	19.41	G	-		
472	0	O	18.02	A	-		
472	1	O	18.02	T	-		
472	2	O	18.02	C	-		
472	3	O	18.02	G	-		
472	4	O	18.02	T	-		
472	5	O	18.02	C	-		
472	6	O	18.02	T	-		
472	7	O	18.02	C	-		
472	8	O	18.02	G	-		
472	9	O	18.02	G	-		
472	10	O	18.02	T	-		
472	11	O	18.02	G	-		
472	12	O	18.02	A	-		
472	13	O	18.02	C	-		
472	14	O	18.02	G	-		
472	15	O	18.02	A	-		
472	16	O	18.02	G	-		
472	17	O	18.02	G	-		
472	18	O	18.02	C	-		
472	19	O	18.02	C	-		
472	20	O	18.02	C	-		
472	21	O	18.02	T	-		
472	22	O	18.02	G	-		
472	23	O	18.02	G	-		
472	24	O	18.02	T	-		
472	25	O	18.02	C	-		
472	26	O	18.02	G	-		
472	27	O	18.02	G	-		
472	28	O	18.02	C	-		
472	29	O	18.02	G	-		
472	30	O	18.02	A	-		
472	31	O	18.02	C	-		
472	32	O	18.02	G	-		
472	33	O	18.02	T	-		
472	34	O	18.02	C	-		
472	35	O	18.02	G	-		
472	36	O	18.02	C	-		
472	37	O	18.02	C	-		
472	38	O	18.02	G	-		
472	39	O	18.02	C	-		
472	40	O	18.02	G	-		
472	41	O	18.02	C	-		
472	42	O	18.02	A	-		
472	43	O	18.02	C	-		
472	44	O	18.02	G	-		
472	45	O	18.02	A	-		
472	46	O	18.02	G	-		
472	47	O	18.02	C	-		
472	48	O	18.02	T	-		
472	49	O	18.02	T	-		
472	50	O	18.02	C	-		
472	51	O	18.02	A	-		
472	52	O	18.02	C	-		
472	53	O	18.02	C	-		
472	54	O	18.02	T	-		
472	55	O	18.02	C	-		
472	56	O	18.02	T	-		
472	57	O	18.02	G	-		
472	58	O	18.02	G	-		
472	59	O	18.02	C	-		
472	60	O	18.02	G	-		
472	61	O	18.02	G	-		
472	62	O	18.02	C	-		
472	63	O	18.02	A	-		
472	64	O	18.02	G	-		
472	65	O	18.02	C	-		
472	66	O	18.02	G	-		
472	67	O	18.02	C	-		
472	68	O	18.02	C	-		
472	69	O	18.02	C	-		
472	70	O	18.02	A	-		
472	71	O	18.02	A	-		
472	72	O	18.02	T	-		
472	73	O	18.02	C	-		
472	74	O	18.02	G	-		
472	75	O	18.02	A	-		
472	76	O	18.02	A	-		
472	77	O	18.02	G	-		
472	78	O	18.02	C	-		
472	79	O	18.02	C	-		
472	80	O	18.02	G	-		
472	81	O	18.02	G	-		
472	82	O	18.02	T	-		
472	83	O	18.02	G	-		
472	84	O	18.02	G	-		
472	85	O	18.02	A	-		
472	86	O	18.02	A	-		
472	87	O	18.02	A	-		
472	88	O	18.02	G	-		
472	89	O	18.02	G	-		
472	90	O	18.02	T	-		
472	91	O	18.02	C	-		
472	92	O	18.02	G	-		
472	93	O	18.02	T	-		
472	94	O	18.02	C	-		
472	95	O	18.02	G	-		
472	96	O	18.02	A	-		
472	97	O	18.02	G	-		
472	98	O	18.02	G	-		
472	99	O	18.02	A	-		
472	100	O	18.02	C	-		
472	101	O	18.02	G	-		
472	102	O	18.02	A	-		
472	103	O	18.02	C	-		
472	104	O	18.02	C	-		
472	105	O	18.02	A	-		
472	106	O	18.02	C	-		
472	107	O	18.02	C	-		
472	108	O	18.02	T	-		
472	109	O	18.02	C	-		
473	0	O	6.93	T	-		
473	1	O	6.93	C	-		
473	2	O	6.93	G	-		
473	3	O	6.93	G	-		
473	4	O	6.93	A	-		
473	5	O	6.93	G	-		
473	6	O	6.93	T	-		
473	7	O	6.93	A	-		
473	8	O	6.93	G	-		
473	9	O	6.93	G	-		
473	10	O	6.93	C	-		
473	11	O	6.93	A	-		
473	12	O	6.93	A	-		
473	13	O	6.93	A	-		
473	14	O	6.93	A	-		
473	15	O	6.93	T	-		
473	16	O	6.93	A	-		
473	17	O	6.93	T	-		
473	18	O	6.93	C	-		
473	19	O	6.93	G	-		
473	20	O	6.93	A	-		
473	21	O	6.93	A	-		
473	22	O	6.93	A	-		
473	23	O	6.93	G	-		
473	24	O	6.93	T	-		
473	25	O	6.93	A	-		
473	26	O	6.93	G	-		
473	27	O	6.93	G	-		
473	28	O	6.93	C	-		
473	29	O	6.93	A	-		
473	30	O	6.93	A	-		
473	31	O	6.93	G	-		
473	32	O	6.93	A	-		
473	33	O	6.93	C	-		
473	34	O	6.93	A	-		
473	35	O	6.93	A	-		
473	36	O	6.93	C	-		
473	37	O	6.93	G	-		
473	38	O	6.93	G	-		
473	39	O	6.93	A	-		
473	40	O	6.93	G	-		
473	41	O	6.93	G	-		
473	42	O	6.93	G	-		
473	43	O	6.93	T	-		
473	44	O	6.93	A	-		
473	45	O	6.93	C	-		
473	46	O	6.93	C	-		
473	47	O	6.93	G	-		
473	48	O	6.93	A	-		
473	49	O	6.93	A	-		
473	50	O	6.93	T	-		
473	51	O	6.93	G	-		
473	52	O	6.93	T	-		
473	53	O	6.93	A	-		
473	54	O	6.93	A	-		
473	55	O	6.93	T	-		
473	56	O	6.93	G	-		
473	57	O	6.93	A	-		
473	58	O	6.93	G	-		
473	59	O	6.93	A	-		
473	60	O	6.93	A	-		
473	61	O	6.93	G	-		
473	62	O	6.93	G	-		
473	63	O	6.93	G	-		
473	64	O	6.93	G	-		
473	65	O	6.93	T	-		
473	66	O	6.93	A	-		
473	67	O	6.93	A	-		
473	68	O	6.93	A	-		
473	69	O	6.93	C	-		
473	70	O	6.93	T	-		
473	71	O	6.93	T	-		
473	72	O	6.93	G	-		
473	73	O	6.93	G	-		
473	74	O	6.93	A	-		
473	75	O	6.93	A	-		
473	76	O	6.93	G	-		
473	77	O	6.93	C	-		
473	78	O	6.93	G	-		
473	79	O	6.93	T	-		
473	80	O	6.93	A	-		
473	81	O	6.93	G	-		
473	82	O	6.93	T	-		
473	83	O	6.93	G	-		
473	84	O	6.93	A	-		
473	85	O	6.93	C	-		
473	86	O	6.93	C	-		
473	87	O	6.93	T	-		
473	88	O	6.93	T	-		
473	89	O	6.93	G	-		
473	90	O	6.93	A	-		
473	91	O	6.93	G	-		
473	92	O	6.93	G	-		
473	93	O	6.93	C	-		
473	94	O	6.93	C	-		
473	95	O	6.93	C	-		
473	96	O	6.93	T	-		
473	97	O	6.93	G	-		
473	98	O	6.93	A	-		
473	99	O	6.93	T	-		
473	100	O	6.93	A	-		
473	101	O	6.93	G	-		
473	102	O	6.93	G	-		
473	103	O	6.93	G	-		
473	104	O	6.93	C	-		
473	105	O	6.93	A	-		
473	106	O	6.93	A	-		
473	107	O	6.93	A	-		
473	108	O	6.93	A	-		
473	109	O	6.93	T	-		
474	0	O	16.64	C	-		
474	1	O	16.64	A	-		
474	2	O	16.64	C	-		
474	3	O	16.64	A	-		
474	4	O	16.64	A	-		
474	5	O	16.64	G	-		
474	6	O	16.64	T	-		
474	7	O	16.64	A	-		
474	8	O	16.64	A	-		
474	9	O	16.64	A	-		
474	10	O	16.64	A	-		
474	11	O	16.64	A	-		
474	12	O	16.64	T	-		
474	13	O	16.64	G	-		
474	14	O	16.64	A	-		
474	15	O	16.64	T	-		
474	16	O	16.64	C	-		
474	17	O	16.64	C	-		
474	18	O	16.64	A	-		
474	19	O	16.64	T	-		
474	20	O	16.64	C	-		
474	21	O	16.64	G	-		
474	22	O	16.64	G	-		
474	23	O	16.64	G	-		
474	24	O	16.64	T	-		
474	25	O	16.64	G	-		
474	26	O	16.64	A	-		
474	27	O	16.64	C	-		
474	28	O	16.64	C	-		
474	29	O	16.64	A	-		
474	30	O	16.64	G	-		
474	31	O	16.64	G	-		
474	32	O	16.64	C	-		
474	33	O	16.64	T	-		
474	34	O	16.64	A	-		
474	35	O	16.64	A	-		
474	36	O	16.64	C	-		
474	37	O	16.64	C	-		
474	38	O	16.64	T	-		
474	39	O	16.64	T	-		
474	40	O	16.64	C	-		
474	41	O	16.64	G	-		
474	42	O	16.64	G	-		
474	43	O	16.64	A	-		
474	44	O	16.64	A	-		
474	45	O	16.64	G	-		
474	46	O	16.64	A	-		
474	47	O	16.64	A	-		
474	48	O	16.64	A	-		
474	49	O	16.64	G	-		
474	50	O	7.55	A	-		
474	51	O	16.64	T	-		
474	52	O	16.64	G	-		
474	53	O	16.64	G	-		
474	54	O	16.64	C	-		
474	55	O	16.64	A	-		
474	56	O	16.64	A	-		
474	57	O	16.64	T	-		
474	58	O	16.64	G	-		
474	59	O	7.55	T	-		
474	60	O	16.64	C	-		
474	61	O	16.64	T	-		
474	62	O	16.64	C	-		
474	63	O	16.64	A	-		
474	64	O	16.64	T	-		
474	65	O	16.64	C	-		
474	66	O	16.64	A	-		
474	67	O	16.64	T	-		
474	68	O	16.64	G	-		
474	69	O	7.55	A	-		
474	70	O	16.64	A	-		
474	71	O	16.64	A	-		
474	72	O	16.64	G	-		
474	73	O	16.64	A	-		
474	74	O	16.64	G	-		
474	75	O	16.64	A	-		
474	76	O	16.64	T	-		
474	77	O	16.64	G	-		
474	78	O	16.64	G	-		
474	79	O	7.55	T	-		
474	80	O	16.64	T	-		
474	81	O	16.64	T	-		
474	82	O	16.64	T	-		
474	83	O	16.64	T	-		
474	84	O	16.64	A	-		
474	85	O	16.64	A	-		
474	86	O	16.64	C	-		
474	87	O	16.64	T	-		
474	88	O	16.64	G	-		
474	89	O	16.64	A	-		
474	90	O	16.64	C	-		
474	91	O	16.64	T	-		
474	92	O	16.64	G	-		
474	93	O	16.64	C	-		
474	94	O	16.64	G	-		
474	95	O	16.64	T	-		
474	96	O	16.64	T	-		
474	97	O	7.55	G	-		
474	98	O	16.64	C	-		
474	99	O	16.64	A	-		
474	100	O	16.64	T	-		
474	101	O	16.64	C	-		
474	102	O	16.64	C	-		
474	103	O	16.64	A	-		
474	104	O	16.64	T	-		
474	105	O	16.64	A	-		
474	106	O	16.64	T	-		
474	107	O	16.64	C	-		
474	108	O	16.64	T	-		
474	109	O	16.64	G	-		
475	0	O	29.11	C	-		
475	1	O	29.11	C	-		
475	2	O	29.11	C	-		
475	3	O	29.11	C	-		
475	4	O	18.87	T	-		
475	5	O	29.11	T	-		
475	6	O	29.11	C	-		
475	7	O	29.11	T	-		
475	8	O	29.11	A	-		
475	9	O	29.11	C	-		
475	10	O	29.11	A	-		
475	11	O	29.11	T	-		
475	12	O	29.11	A	-		
475	13	O	29.11	C	-		
475	14	O	29.11	T	-		
475	15	O	29.11	A	-		
475	16	O	29.11	C	-		
475	17	O	29.11	A	-		
475	18	O	29.11	T	-		
475	19	O	29.11	A	-		
475	20	O	29.11	C	-		
475	21	O	29.11	A	-		
475	22	O	29.11	A	-		
475	23	O	29.11	G	-		
475	24	O	29.11	A	-		
475	25	O	29.11	A	-		
475	26	O	29.11	T	-		
475	27	O	29.11	A	-		
475	28	O	29.11	C	-		
475	29	O	29.11	T	-		
475	30	O	29.11	T	-		
475	31	O	29.11	C	-		
475	32	O	29.11	T	-		
475	33	O	29.11	A	-		
475	34	O	29.11	T	-		
475	35	O	29.11	G	-		
475	36	O	29.11	G	-		
475	37	O	29.11	C	-		
475	38	O	29.11	T	-		
475	39	O	29.11	C	-		
475	40	O	29.11	A	-		
475	41	O	29.11	G	-		
475	42	O	18.87	T	-		
475	43	O	29.11	C	-		
475	44	O	29.11	C	-		
475	45	O	29.11	T	-		
475	46	O	29.11	T	-		
475	47	O	29.11	C	-		
475	48	O	29.11	G	-		
475	49	O	29.11	A	-		
475	50	O	29.11	A	-		
475	51	O	29.11	G	-		
475	52	O	29.11	A	-		
475	53	O	29.11	T	-		
475	54	O	18.87	T	-		
475	55	O	18.87	T	-		
475	56	O	29.11	G	-		
475	57	O	29.11	A	-		
475	58	O	29.11	C	-		
475	59	O	29.11	A	-		
475	60	O	29.11	T	-		
475	61	O	29.11	G	-		
475	62	O	29.11	C	-		
475	63	O	29.11	C	-		
475	64	O	29.11	A	-		
475	65	O	29.11	T	-		
475	66	O	29.11	T	-		
475	67	O	29.11	A	-		
475	68	O	29.11	A	-		
475	69	O	29.11	T	-		
475	70	O	29.11	A	-		
475	71	O	29.11	A	-		
475	72	O	29.11	C	-		
475	73	O	29.11	C	-		
475	74	O	29.11	A	-		
475	75	O	29.11	C	-		
475	76	O	29.11	A	-		
475	77	O	29.11	C	-		
475	78	O	29.11	G	-		
475	79	O	29.11	T	-		
475	80	O	29.11	G	-		
475	81	O	29.11	G	-		
475	82	O	29.11	C	-		
475	83	O	29.11	C	-		
475	84	O	29.11	G	-		
475	85	O	29.11	C	-		
475	86	O	29.11	A	-		
475	87	O	29.11	C	-		
475	88	O	18.87	G	-		
475	89	O	29.11	C	-		
475	90	O	29.11	A	-		
475	91	O	29.11	A	-		
475	92	O	29.11	T	-		
475	93	O	29.11	T	-		
475	94	O	29.11	C	-		
475	95	O	29.11	A	-		
475	96	O	29.11	A	-		
475	97	O	29.11	C	-		
475	98	O	18.87	T	-		
475	99	O	29.11	C	-		
475	100	O	29.11	A	-		
475	101	O	29.11	T	-		
475	102	O	29.11	C	-		
475	103	O	29.11	G	-		
475	104	O	29.11	A	-		
475	105	O	29.11	T	-		
475	106	O	29.11	C	-		
475	107	O	29.11	T	-		
475	108	O	29.11	A	-		
475	109	O	29.11	T	-		
476	0	O	9.70	G	-		
476	1	O	9.70	T	-		
476	2	O	9.70	G	-		
476	3	O	9.70	A	-		
476	4	O	9.70	G	-		
476	5	O	9.70	A	-		
476	6	O	9.70	C	-		
476	7	O	9.70	C	-		
476	8	O	9.70	C	-		
476	9	O	9.70	G	-		
476	10	O	9.70	C	-		
476	11	O	9.70	A	-		
476	12	O	9.70	G	-		
476	13	O	9.70	C	-		
476	14	O	9.70	G	-		
476	15	O	9.70	A	-		
476	16	O	9.70	A	-		
476	17	O	9.70	A	-		
476	18	O	9.70	G	-		
476	19	O	9.70	G	-		
476	20	O	9.70	A	-		
476	21	O	9.70	T	-		
476	22	O	9.70	G	-		
476	23	O	9.70	T	-		
476	24	O	9.70	C	-		
476	25	O	9.70	C	-		
476	26	O	9.70	A	-		
476	27	O	9.70	G	-		
476	28	O	9.70	G	-		
476	29	O	9.70	G	-		
476	30	O	9.70	T	-		
476	31	O	9.70	C	-		
476	32	O	9.70	A	-		
476	33	O	9.70	G	-		
476	34	O	9.70	A	-		
476	35	O	9.70	G	-		
476	36	O	9.70	A	-		
476	37	O	9.70	G	-		
476	38	O	9.70	T	-		
476	39	O	9.70	G	-		
476	40	O	9.70	C	-		
476	41	O	9.70	G	-		
476	42	O	9.70	T	-		
476	43	O	9.70	C	-		
476	44	O	9.70	C	-		
476	45	O	9.70	T	-		
476	46	O	9.70	C	-		
476	47	O	9.70	G	-		
476	48	O	9.70	T	-		
476	49	O	9.70	A	-		
476	50	O	9.70	G	-		
476	51	O	9.70	C	-		
476	52	O	9.70	G	-		
476	53	O	9.70	A	-		
476	54	O	9.70	A	-		
476	55	O	9.70	T	-		
476	56	O	9.70	G	-		
476	57	O	9.70	T	-		
476	58	O	9.70	G	-		
476	59	O	9.70	C	-		
476	60	O	9.70	A	-		
476	61	O	9.70	C	-		
476	62	O	9.70	G	-		
476	63	O	9.70	T	-		
476	64	O	9.70	T	-		
476	65	O	9.70	C	-		
476	66	O	9.70	T	-		
476	67	O	9.70	T	-		
476	68	O	9.70	G	-		
476	69	O	9.70	A	-		
476	70	O	9.70	C	-		
476	71	O	9.70	C	-		
476	72	O	9.70	G	-		
476	73	O	9.70	A	-		
476	74	O	9.70	G	-		
476	75	O	9.70	A	-		
476	76	O	9.70	T	-		
476	77	O	9.70	C	-		
476	78	O	9.70	T	-		
476	79	O	9.70	G	-		
476	80	O	9.70	C	-		
476	81	O	9.70	A	-		
476	82	O	9.70	C	-		
476	83	O	9.70	G	-		
476	84	O	9.70	T	-		
476	85	O	9.70	T	-		
476	86	O	9.70	A	-		
476	87	O	9.70	T	-		
476	88	O	9.70	C	-		
476	89	O	9.70	G	-		
476	90	O	9.70	A	-		
476	91	O	9.70	T	-		
476	92	O	9.70	G	-		
476	93	O	9.70	A	-		
476	94	O	9.70	T	-		
476	95	O	9.70	G	-		
476	96	O	9.70	G	-		
476	97	O	9.70	T	-		
476	98	O	9.70	G	-		
476	99	O	9.70	G	-		
476	100	O	9.70	T	-		
476	101	O	9.70	T	-		
476	102	O	9.70	G	-		
476	103	O	9.70	T	-		
476	104	O	9.70	C	-		
476	105	O	9.70	A	-		
476	106	O	9.70	A	-		
476	107	O	9.70	C	-		
476	108	O	9.70	G	-		
476	109	O	9.70	C	-		
477	0	O	12.48	A	-		
477	1	O	12.48	G	-		
477	2	O	12.48	G	-		
477	3	O	12.48	T	-		
477	4	O	12.48	G	-		
477	5	O	12.48	A	-		
477	6	O	12.48	T	-		
477	7	O	12.48	C	-		
477	8	O	12.48	A	-		
477	9	O	12.48	C	-		
477	10	O	12.48	C	-		
477	11	O	12.48	C	-		
477	12	O	12.48	G	-		
477	13	O	12.48	T	-		
477	14	O	12.48	T	-		
477	15	O	12.48	G	-		
477	16	O	12.48	C	-		
477	17	O	12.48	G	-		
477	18	O	12.48	G	-		
477	19	O	12.48	C	-		
477	20	O	12.48	C	-		
477	21	O	12.48	C	-		
477	22	O	12.48	C	-		
477	23	O	12.48	T	-		
477	24	O	12.48	T	-		
477	25	O	12.48	C	-		
477	26	O	12.48	G	-		
477	27	O	12.48	A	-		
477	28	O	12.48	G	-		
477	29	O	12.48	T	-		
477	30	O	12.48	G	-		
477	31	O	12.48	C	-		
477	32	O	12.48	G	-		
477	33	O	12.48	A	-		
477	34	O	12.48	G	-		
477	35	O	12.48	C	-		
477	36	O	12.48	C	-		
477	37	O	12.48	G	-		
477	38	O	12.48	A	-		
477	39	O	12.48	T	-		
477	40	O	12.48	C	-		
477	41	O	12.48	C	-		
477	42	O	12.48	T	-		
477	43	O	12.48	A	-		
477	44	O	12.48	T	-		
477	45	O	12.48	G	-		
477	46	O	12.48	C	-		
477	47	O	12.48	G	-		
477	48	O	12.48	G	-		
477	49	O	12.48	C	-		
477	50	O	12.48	A	-		
477	51	O	12.48	G	-		
477	52	O	12.48	C	-		
477	53	O	12.48	T	-		
477	54	O	12.48	C	-		
477	55	O	12.48	C	-		
477	56	O	12.48	G	-		
477	57	O	12.48	A	-		
477	58	O	12.48	G	-		
477	59	O	12.48	T	-		
477	60	O	12.48	T	-		
477	61	O	12.48	G	-		
477	62	O	12.48	G	-		
477	63	O	12.48	C	-		
477	64	O	12.48	C	-		
477	65	O	12.48	G	-		
477	66	O	12.48	C	-		
477	67	O	12.48	C	-		
477	68	O	12.48	C	-		
477	69	O	12.48	C	-		
477	70	O	12.48	G	-		
477	71	O	12.48	C	-		
477	72	O	12.48	C	-		
477	73	O	12.48	G	-		
477	74	O	12.48	G	-		
477	75	O	12.48	T	-		
477	76	O	12.48	G	-		
477	77	O	4.00	T	-		
477	78	O	12.48	T	-		
477	79	O	12.48	G	-		
477	80	O	12.48	G	-		
477	81	O	12.48	C	-		
477	82	O	12.48	C	-		
477	83	O	12.48	G	-		
477	84	O	12.48	A	-		
477	85	O	12.48	G	-		
477	86	O	12.48	T	-		
477	87	O	12.48	G	-		
477	88	O	4.00	G	-		
477	89	O	12.48	C	-		
477	90	O	12.48	C	-		
477	91	O	12.48	A	-		
477	92	O	12.48	G	-		
477	93	O	12.48	C	-		
477	94	O	12.48	G	-		
477	95	O	12.48	C	-		
477	96	O	12.48	A	-		
477	97	O	12.48	G	-		
477	98	O	12.48	T	-		
477	99	O	12.48	C	-		
477	100	O	12.48	G	-		
477	101	O	12.48	G	-		
477	102	O	12.48	C	-		
477	103	O	12.48	C	-		
477	104	O	12.48	A	-		
477	105	O	12.48	G	-		
477	106	O	12.48	C	-		
477	107	O	12.48	C	-		
477	108	O	12.48	A	-		
477	109	O	12.48	G	-		
478	0	O	9.70	G	-		
478	1	O	9.70	T	-		
478	2	O	9.70	C	-		
478	3	O	9.70	A	-		
478	4	O	9.70	C	-		
478	5	O	9.70	T	-		
478	6	O	9.70	G	-		
478	7	O	9.70	C	-		
478	8	O	9.70	G	-		
478	9	O	9.70	C	-		
478	10	O	9.70	C	-		
478	11	O	9.70	C	-		
478	12	O	9.70	G	-		
478	13	O	9.70	A	-		
478	14	O	9.70	C	-		
478	15	O	9.70	T	-		
478	16	O	9.70	G	-		
478	17	O	9.70	C	-		
478	18	O	9.70	C	-		
478	19	O	9.70	T	-		
478	20	O	9.70	C	-		
478	21	O	9.70	C	-		
478	22	O	9.70	C	-		
478	23	O	9.70	A	-		
478	24	O	9.70	G	-		
478	25	O	9.70	G	-		
478	26	O	9.70	T	-		
478	27	O	9.70	G	-		
478	28	O	9.70	C	-		
478	29	O	9.70	C	-		
478	30	O	9.70	C	-		
478	31	O	9.70	T	-		
478	32	O	9.70	C	-		
478	33	O	9.70	A	-		
478	34	O	9.70	A	-		
478	35	O	9.70	C	-		
478	36	O	9.70	A	-		
478	37	O	9.70	G	-		
478	38	O	9.70	C	-		
478	39	O	9.70	T	-		
478	40	O	9.70	T	-		
478	41	O	9.70	T	-		
478	42	O	9.70	C	-		
478	43	O	9.70	C	-		
478	44	O	9.70	C	-		
478	45	O	9.70	G	-		
478	46	O	9.70	C	-		
478	47	O	9.70	C	-		
478	48	O	9.70	G	-		
478	49	O	9.70	G	-		
478	50	O	9.70	C	-		
478	51	O	9.70	T	-		
478	52	O	9.70	G	-		
478	53	O	9.70	C	-		
478	54	O	9.70	A	-		
478	55	O	9.70	C	-		
478	56	O	9.70	C	-		
478	57	O	9.70	C	-		
478	58	O	9.70	G	-		
478	59	O	9.70	A	-		
478	60	O	9.70	A	-		
478	61	O	9.70	T	-		
478	62	O	9.70	G	-		
478	63	O	9.70	G	-		
478	64	O	9.70	C	-		
478	65	O	9.70	G	-		
478	66	O	9.70	C	-		
478	67	O	9.70	C	-		
478	68	O	9.70	C	-		
478	69	O	9.70	A	-		
478	70	O	9.70	C	-		
478	71	O	9.70	C	-		
478	72	O	9.70	T	-		
478	73	O	9.70	C	-		
478	74	O	9.70	T	-		
478	75	O	9.70	G	-		
478	76	O	9.70	C	-		
478	77	O	9.70	G	-		
478	78	O	9.70	C	-		
478	79	O	9.70	C	-		
478	80	O	9.70	C	-		
478	81	O	9.70	A	-		
478	82	O	9.70	C	-		
478	83	O	9.70	T	-		
478	84	O	9.70	C	-		
478	85	O	9.70	A	-		
478	86	O	9.70	C	-		
478	87	O	9.70	G	-		
478	88	O	9.70	C	-		
478	89	O	9.70	C	-		
478	90	O	9.70	T	-		
478	91	O	9.70	A	-		
478	92	O	9.70	T	-		
478	93	O	9.70	T	-		
478	94	O	9.70	T	-		
478	95	O	9.70	C	-		
478	96	O	9.70	G	-		
478	97	O	9.70	G	-		
478	98	O	9.70	G	-		
478	99	O	9.70	C	-		
478	100	O	9.70	C	-		
478	101	O	9.70	C	-		
478	102	O	9.70	C	-		
478	103	O	9.70	A	-		
478	104	O	9.70	G	-		
478	105	O	9.70	C	-		
478	106	O	9.70	C	-		
478	107	O	9.70	G	-		
478	108	O	9.70	G	-		
478	109	O	9.70	G	-		
479	0	O	8.32	T	-		
479	1	O	8.32	C	-		
479	2	O	8.32	G	-		
479	3	O	8.32	A	-		
479	4	O	8.32	G	-		
479	5	O	8.32	G	-		
479	6	O	8.32	G	-		
479	7	O	8.32	T	-		
479	8	O	8.32	G	-		
479	9	O	8.32	C	-		
479	10	O	8.32	G	-		
479	11	O	8.32	A	-		
479	12	O	8.32	G	-		
479	13	O	8.32	G	-		
479	14	O	8.32	G	-		
479	15	O	8.32	A	-		
479	16	O	8.32	A	-		
479	17	O	8.32	G	-		
479	18	O	8.32	T	-		
479	19	O	8.32	A	-		
479	20	O	8.32	A	-		
479	21	O	8.32	G	-		
479	22	O	8.32	G	-		
479	23	O	8.32	C	-		
479	24	O	8.32	T	-		
479	25	O	8.32	C	-		
479	26	O	8.32	A	-		
479	27	O	8.32	A	-		
479	28	O	8.32	C	-		
479	29	O	8.32	A	-		
479	30	O	8.32	C	-		
479	31	O	8.32	C	-		
479	32	O	8.32	C	-		
479	33	O	8.32	C	-		
479	34	O	8.32	A	-		
479	35	O	8.32	G	-		
479	36	O	8.32	T	-		
479	37	O	8.32	T	-		
479	38	O	8.32	G	-		
479	39	O	8.32	C	-		
479	40	O	8.32	G	-		
479	41	O	8.32	G	-		
479	42	O	8.32	A	-		
479	43	O	8.32	G	-		
479	44	O	8.32	G	-		
479	45	O	8.32	T	-		
479	46	O	8.32	A	-		
479	47	O	8.32	T	-		
479	48	O	8.32	G	-		
479	49	O	8.32	C	-		
479	50	O	8.32	G	-		
479	51	O	8.32	C	-		
479	52	O	8.32	C	-		
479	53	O	8.32	A	-		
479	54	O	8.32	G	-		
479	55	O	8.32	T	-		
479	56	O	8.32	C	-		
479	57	O	8.32	T	-		
479	58	O	8.32	T	-		
479	59	O	8.32	C	-		
479	60	O	8.32	T	-		
479	61	O	8.32	C	-		
479	62	O	8.32	A	-		
479	63	O	8.32	A	-		
479	64	O	8.32	T	-		
479	65	O	8.32	G	-		
479	66	O	8.32	C	-		
479	67	O	8.32	G	-		
479	68	O	8.32	C	-		
479	69	O	8.32	T	-		
479	70	U	0.71	T	G		
479	71	O	8.32	G	-		
479	72	O	8.32	A	-		
479	73	O	8.32	T	-		
479	74	O	8.32	C	-		
479	75	O	8.32	T	-		
479	76	O	8.32	C	-		
479	77	O	8.32	G	-		
479	78	O	8.32	C	-		
479	79	O	8.32	G	-		
479	80	O	8.32	C	-		
479	81	O	8.32	T	-		
479	82	O	8.32	G	-		
479	83	O	8.32	G	-		
479	84	O	8.32	A	-		
479	85	O	8.32	C	-		
479	86	O	8.32	A	-		
479	87	O	8.32	C	-		
479	88	O	8.32	C	-		
479	89	O	8.32	C	-		
479	90	O	8.32	C	-		
479	91	O	8.32	A	-		
479	92	O	8.32	G	-		
479	93	O	8.32	C	-		
479	94	O	8.32	C	-		
479	95	O	8.32	A	-		
479	96	O	8.32	T	-		
479	97	O	8.32	C	-		
479	98	O	8.32	G	-		
479	99	O	8.32	C	-		
479	100	O	8.32	C	-		
479	101	O	8.32	C	-		
479	102	O	8.32	T	-		
479	103	O	8.32	C	-		
479	104	O	8.32	C	-		
479	105	O	8.32	T	-		
479	106	O	8.32	C	-		
479	107	O	8.32	G	-		
479	108	O	8.32	G	-		
479	109	O	8.32	A	-		
480	0	O	5.55	A	-		
480	1	O	5.55	C	-		
480	2	O	5.55	A	-		
480	3	O	5.55	T	-		
480	4	O	5.55	G	-		
480	5	O	5.55	G	-		
480	6	O	5.55	C	-		
480	7	O	5.55	A	-		
480	8	O	5.55	A	-		
480	9	O	5.55	C	-		
480	10	O	5.55	T	-		
480	11	O	5.55	T	-		
480	12	O	5.55	G	-		
480	13	O	5.55	C	-		
480	14	O	5.55	T	-		
480	15	O	5.55	T	-		
480	16	O	5.55	C	-		
480	17	O	5.55	A	-		
480	18	O	5.55	G	-		
480	19	O	5.55	T	-		
480	20	O	5.55	A	-		
480	21	O	5.55	C	-		
480	22	O	5.55	A	-		
480	23	O	5.55	C	-		
480	24	O	5.55	A	-		
480	25	O	5.55	G	-		
480	26	O	5.55	G	-		
480	27	O	5.55	C	-		
480	28	O	5.55	A	-		
480	29	O	5.55	G	-		
480	30	O	5.55	A	-		
480	31	O	5.55	A	-		
480	32	O	5.55	G	-		
480	33	O	5.55	A	-		
480	34	O	5.55	T	-		
480	35	O	5.55	A	-		
480	36	O	5.55	T	-		
480	37	O	5.55	T	-		
480	38	O	5.55	A	-		
480	39	O	5.55	T	-		
480	40	O	5.55	T	-		
480	41	O	5.55	A	-		
480	42	O	5.55	G	-		
480	43	O	5.55	T	-		
480	44	O	5.55	A	-		
480	45	O	5.55	A	-		
480	46	O	5.55	T	-		
480	47	O	5.55	C	-		
480	48	O	5.55	G	-		
480	49	O	5.55	A	-		
480	50	O	5.55	A	-		
480	51	O	5.55	T	-		
480	52	O	5.55	A	-		
480	53	O	5.55	C	-		
480	54	O	5.55	A	-		
480	55	O	5.55	A	-		
480	56	O	5.55	G	-		
480	57	O	5.55	A	-		
480	58	O	5.55	A	-		
480	59	O	5.55	C	-		
480	60	O	5.55	T	-		
480	61	O	5.55	A	-		
480	62	O	5.55	T	-		
480	63	O	5.55	C	-		
480	64	O	5.55	A	-		
480	65	O	5.55	G	-		
480	66	O	5.55	A	-		
480	67	O	5.55	T	-		
480	68	O	5.55	T	-		
480	69	O	5.55	A	-		
480	70	O	5.55	G	-		
480	71	O	5.55	A	-		
480	72	O	5.55	T	-		
480	73	O	5.55	G	-		
480	74	O	5.55	A	-		
480	75	O	5.55	T	-		
480	76	O	5.55	C	-		
480	77	O	5.55	C	-		
480	78	O	5.55	A	-		
480	79	O	5.55	A	-		
480	80	O	5.55	T	-		
480	81	O	5.55	T	-		
480	82	O	5.55	C	-		
480	83	O	5.55	T	-		
480	84	O	5.55	G	-		
480	85	O	5.55	A	-		
480	86	O	5.55	T	-		
480	87	O	5.55	C	-		
480	88	O	5.55	A	-		
480	89	O	5.55	A	-		
480	90	O	5.55	A	-		
480	91	O	5.55	C	-		
480	92	O	5.55	A	-		
480	93	O	5.55	A	-		
480	94	O	5.55	T	-		
480	95	O	5.55	C	-		
480	96	O	5.55	A	-		
480	97	O	5.55	C	-		
480	98	O	5.55	G	-		
480	99	O	5.55	G	-		
480	100	O	5.55	T	-		
480	101	O	5.55	T	-		
480	102	O	5.55	C	-		
480	103	O	5.55	A	-		
480	104	O	5.55	T	-		
480	105	O	5.55	T	-		
480	106	O	5.55	T	-		
480	107	O	5.55	G	-		
480	108	O	5.55	A	-		
480	109	O	5.55	A	-		
481	0	O	18.02	A	-		
481	1	O	18.02	G	-		
481	2	O	18.02	C	-		
481	3	O	18.02	T	-		
481	4	O	18.02	A	-		
481	5	O	18.02	G	-		
481	6	O	18.02	T	-		
481	7	O	18.02	C	-		
481	8	O	18.02	T	-		
481	9	O	18.02	T	-		
481	10	O	18.02	G	-		
481	11	O	18.02	G	-		
481	12	O	18.02	A	-		
481	13	O	18.02	G	-		
481	14	O	18.02	T	-		
481	15	O	8.77	G	-		
481	16	O	18.02	C	-		
481	17	O	18.02	C	-		
481	18	O	18.02	A	-		
481	19	O	18.02	T	-		
481	20	O	18.02	G	-		
481	21	O	18.02	C	-		
481	22	O	18.02	A	-		
481	23	O	18.02	C	-		
481	24	O	18.02	C	-		
481	25	O	18.02	A	-		
481	26	O	18.02	A	-		
481	27	O	18.02	C	-		
481	28	O	18.02	T	-		
481	29	O	18.02	G	-		
481	30	O	18.02	T	-		
481	31	O	18.02	G	-		
481	32	O	18.02	T	-		
481	33	O	18.02	G	-		
481	34	O	18.02	G	-		
481	35	O	18.02	C	-		
481	36	O	18.02	C	-		
481	37	O	18.02	T	-		
481	38	O	18.02	T	-		
481	39	O	18.02	T	-		
481	40	O	18.02	T	-		
481	41	O	18.02	C	-		
481	42	O	18.02	T	-		
481	43	O	18.02	A	-		
481	44	O	18.02	T	-		
481	45	O	18.02	C	-		
481	46	O	18.02	G	-		
481	47	O	18.02	A	-		
481	48	O	18.02	C	-		
481	49	O	18.02	T	-		
481	50	O	18.02	G	-		
481	51	O	18.02	C	-		
481	52	O	18.02	A	-		
481	53	O	18.02	A	-		
481	54	O	18.02	A	-		
481	55	O	18.02	A	-		
481	56	O	18.02	T	-		
481	57	O	18.02	C	-		
481	58	O	18.02	C	-		
481	59	O	18.02	C	-		
481	60	O	18.02	C	-		
481	61	O	18.02	A	-		
481	62	O	18.02	C	-		
481	63	O	18.02	A	-		
481	64	O	18.02	C	-		
481	65	O	18.02	C	-		
481	66	O	18.02	C	-		
481	67	O	18.02	A	-		
481	68	O	18.02	A	-		
481	69	O	18.02	G	-		
481	70	O	18.02	A	-		
481	71	O	18.02	G	-		
481	72	O	18.02	G	-		
481	73	O	18.02	A	-		
481	74	O	18.02	A	-		
481	75	O	18.02	G	-		
481	76	O	18.02	A	-		
481	77	O	18.02	A	-		
481	78	O	18.02	G	-		
481	79	O	18.02	A	-		
481	80	O	18.02	C	-		
481	81	O	18.02	A	-		
481	82	O	18.02	T	-		
481	83	O	18.02	C	-		
481	84	O	18.02	A	-		
481	85	O	18.02	G	-		
481	86	O	18.02	G	-		
481	87	O	18.02	C	-		
481	88	O	18.02	A	-		
481	89	O	18.02	A	-		
481	90	O	18.02	G	-		
481	91	O	18.02	A	-		
481	92	O	18.02	A	-		
481	93	O	18.02	A	-		
481	94	O	18.02	G	-		
481	95	O	18.02	A	-		
481	96	O	18.02	G	-		
481	97	O	18.02	T	-		
481	98	O	18.02	C	-		
481	99	O	18.02	G	-		
481	100	O	18.02	G	-		
481	101	O	18.02	A	-		
481	102	O	18.02	C	-		
481	103	O	18.02	A	-		
481	104	O	18.02	G	-		
481	105	O	18.02	G	-		
481	106	O	18.02	T	-		
481	107	O	18.02	A	-		
481	108	O	18.02	T	-		
481	109	O	18.02	G	-		
482	0	O	6.93	G	-		
482	1	O	6.93	A	-		
482	2	O	6.93	C	-		
482	3	O	6.93	C	-		
482	4	O	6.93	T	-		
482	5	O	6.93	C	-		
482	6	O	6.93	T	-		
482	7	O	6.93	G	-		
482	8	O	6.93	T	-		
482	9	O	6.93	A	-		
482	10	O	6.93	G	-		
482	11	O	6.93	T	-		
482	12	O	6.93	A	-		
482	13	O	6.93	C	-		
482	14	O	6.93	C	-		
482	15	O	6.93	A	-		
482	16	O	6.93	C	-		
482	17	O	6.93	T	-		
482	18	O	6.93	A	-		
482	19	O	6.93	G	-		
482	20	O	6.93	T	-		
482	21	O	6.93	G	-		
482	22	O	6.93	G	-		
482	23	O	6.93	A	-		
482	24	O	6.93	T	-		
482	25	O	6.93	C	-		
482	26	O	6.93	A	-		
482	27	O	6.93	C	-		
482	28	O	6.93	T	-		
482	29	O	6.93	T	-		
482	30	O	6.93	C	-		
482	31	O	6.93	T	-		
482	32	O	6.93	T	-		
482	33	O	6.93	T	-		
482	34	O	6.93	T	-		
482	35	O	6.93	A	-		
482	36	O	6.93	A	-		
482	37	O	6.93	T	-		
482	38	O	6.93	A	-		
482	39	O	6.93	T	-		
482	40	O	6.93	A	-		
482	41	O	6.93	T	-		
482	42	O	6.93	A	-		
482	43	O	6.93	T	-		
482	44	O	6.93	T	-		
482	45	O	6.93	T	-		
482	46	O	6.93	T	-		
482	47	O	6.93	A	-		
482	48	O	6.93	T	-		
482	49	O	6.93	T	-		
482	50	O	6.93	T	-		
482	51	O	6.93	A	-		
482	52	O	6.93	A	-		
482	53	O	6.93	G	-		
482	54	O	6.93	T	-		
482	55	O	6.93	G	-		
482	56	O	6.93	A	-		
482	57	O	6.93	T	-		
482	58	O	6.93	T	-		
482	59	O	6.93	T	-		
482	60	O	6.93	C	-		
482	61	O	6.93	C	-		
482	62	O	6.93	A	-		
482	63	O	6.93	C	-		
482	64	O	6.93	A	-		
482	65	O	6.93	A	-		
482	66	O	6.93	A	-		
482	67	O	6.93	A	-		
482	68	O	6.93	T	-		
482	69	O	6.93	T	-		
482	70	O	6.93	A	-		
482	71	O	6.93	A	-		
482	72	O	6.93	C	-		
482	73	O	6.93	T	-		
482	74	O	6.93	C	-		
482	75	O	6.93	C	-		
482	76	O	6.93	A	-		
482	77	O	6.93	G	-		
482	78	O	6.93	T	-		
482	79	O	6.93	T	-		
482	80	O	6.93	G	-		
482	81	O	6.93	G	-		
482	82	O	6.93	G	-		
482	83	O	6.93	T	-		
482	84	O	6.93	A	-		
482	85	O	6.93	T	-		
482	86	O	6.93	T	-		
482	87	O	6.93	T	-		
482	88	O	6.93	C	-		
482	89	O	6.93	C	-		
482	90	O	6.93	T	-		
482	91	O	6.93	A	-		
482	92	O	6.93	C	-		
482	93	O	6.93	T	-		
482	94	O	6.93	A	-		
482	95	O	6.93	G	-		
482	96	O	6.93	T	-		
482	97	O	6.93	C	-		
482	98	O	6.93	A	-		
482	99	O	6.93	T	-		
482	100	O	6.93	C	-		
482	101	O	6.93	T	-		
482	102	O	6.93	T	-		
482	103	O	6.93	C	-		
482	104	O	6.93	A	-		
482	105	O	6.93	T	-		
482	106	O	6.93	T	-		
482	107	O	6.93	C	-		
482	108	O	6.93	T	-		
482	109	O	6.93	T	-		
483	0	O	6.93	A	-		
483	1	O	6.93	A	-		
483	2	O	6.93	T	-		
483	3	O	6.93	A	-		
483	4	O	6.93	C	-		
483	5	O	6.93	A	-		
483	6	O	6.93	A	-		
483	7	O	6.93	G	-		
483	8	O	6.93	A	-		
483	9	O	6.93	A	-		
483	10	O	6.93	C	-		
483	11	O	6.93	T	-		
483	12	O	6.93	T	-		
483	13	O	6.93	G	-		
483	14	O	6.93	T	-		
483	15	O	6.93	G	-		
483	16	O	6.93	G	-		
483	17	O	6.93	C	-		
483	18	O	6.93	G	-		
483	19	O	6.93	T	-		
483	20	O	6.93	T	-		
483	21	O	6.93	T	-		
483	22	O	6.93	G	-		
483	23	O	6.93	T	-		
483	24	O	6.93	G	-		
483	25	O	6.93	A	-		
483	26	O	6.93	G	-		
483	27	O	6.93	A	-		
483	28	O	6.93	C	-		
483	29	O	6.93	A	-		
483	30	O	6.93	T	-		
483	31	O	6.93	T	-		
483	32	O	6.93	C	-		
483	33	O	6.93	A	-		
483	34	O	6.93	T	-		
483	35	O	6.93	T	-		
483	36	O	6.93	A	-		
483	37	O	6.93	G	-		
483	38	O	6.93	T	-		
483	39	O	6.93	A	-		
483	40	O	6.93	A	-		
483	41	O	6.93	C	-		
483	42	O	6.93	G	-		
483	43	O	6.93	A	-		
483	44	O	6.93	C	-		
483	45	O	6.93	A	-		
483	46	O	6.93	C	-		
483	47	O	6.93	T	-		
483	48	O	6.93	A	-		
483	49	O	6.93	T	-		
483	50	O	6.93	A	-		
483	51	O	6.93	A	-		
483	52	O	6.93	T	-		
483	53	O	6.93	T	-		
483	54	O	6.93	T	-		
483	55	O	6.93	T	-		
483	56	O	6.93	T	-		
483	57	O	6.93	G	-		
483	58	O	6.93	A	-		
483	59	O	6.93	C	-		
483	60	O	6.93	G	-		
483	61	O	6.93	A	-		
483	62	O	6.93	G	-		
483	63	O	6.93	T	-		
483	64	O	6.93	C	-		
483	65	O	6.93	A	-		
483	66	O	6.93	G	-		
483	67	O	6.93	G	-		
483	68	O	6.93	T	-		
483	69	O	6.93	G	-		
483	70	O	6.93	C	-		
483	71	O	6.93	A	-		
483	72	O	6.93	A	-		
483	73	O	6.93	T	-		
483	74	O	6.93	G	-		
483	75	O	6.93	A	-		
483	76	O	6.93	C	-		
483	77	O	6.93	A	-		
483	78	O	6.93	T	-		
483	79	O	6.93	G	-		
483	80	O	6.93	T	-		
483	81	O	6.93	G	-		
483	82	O	6.93	G	-		
483	83	O	6.93	T	-		
483	84	O	6.93	T	-		
483	85	O	6.93	T	-		
483	86	O	6.93	G	-		
483	87	O	6.93	A	-		
483	88	O	6.93	A	-		
483	89	O	6.93	G	-		
483	90	O	6.93	A	-		
483	91	O	6.93	A	-		
483	92	O	6.93	G	-		
483	93	O	6.93	A	-		
483	94	O	6.93	A	-		
483	95	O	6.93	G	-		
483	96	O	6.93	T	-		
483	97	O	6.93	C	-		
483	98	O	6.93	G	-		
483	99	O	6.93	A	-		
483	100	O	6.93	G	-		
483	101	O	6.93	T	-		
483	102	O	6.93	C	-		
483	103	O	6.93	A	-		
483	104	O	6.93	C	-		
483	105	O	6.93	A	-		
483	106	O	6.93	C	-		
483	107	O	6.93	G	-		
483	108	O	6.93	A	-		
483	109	O	6.93	A	-		
484	0	O	16.64	T	-		
484	1	O	16.64	G	-		
484	2	O	16.64	G	-		
484	3	O	16.64	C	-		
484	4	O	16.64	T	-		
484	5	O	16.64	C	-		
484	6	O	16.64	G	-		
484	7	O	16.64	G	-		
484	8	O	16.64	T	-		
484	9	O	16.64	G	-		
484	10	O	16.64	A	-		
484	11	O	16.64	A	-		
484	12	O	16.64	G	-		
484	13	O	16.64	A	-		
484	14	O	16.64	A	-		
484	15	O	16.64	G	-		
484	16	O	16.64	A	-		
484	17	O	16.64	A	-		
484	18	O	16.64	C	-		
484	19	O	16.64	G	-		
484	20	O	16.64	C	-		
484	21	O	16.64	G	-		
484	22	O	16.64	A	-		
484	23	O	16.64	A	-		
484	24	O	16.64	G	-		
484	25	O	16.64	C	-		
484	26	O	16.64	A	-		
484	27	O	16.64	T	-		
484	28	O	16.64	A	-		
484	29	O	16.64	C	-		
484	30	O	16.64	C	-		
484	31	O	16.64	G	-		
484	32	O	16.64	T	-		
484	33	O	16.64	G	-		
484	34	O	16.64	A	-		
484	35	O	16.64	C	-		
484	36	O	16.64	G	-		
484	37	O	16.64	A	-		
484	38	O	16.64	T	-		
484	39	O	16.64	G	-		
484	40	O	16.64	C	-		
484	41	O	16.64	G	-		
484	42	O	16.64	G	-		
484	43	O	16.64	A	-		
484	44	O	16.64	G	-		
484	45	O	16.64	A	-		
484	46	O	16.64	G	-		
484	47	O	16.64	A	-		
484	48	O	16.64	A	-		
484	49	O	16.64	C	-		
484	50	O	16.64	T	-		
484	51	O	16.64	A	-		
484	52	O	16.64	G	-		
484	53	O	16.64	G	-		
484	54	O	16.64	A	-		
484	55	O	16.64	G	-		
484	56	O	16.64	G	-		
484	57	O	16.64	T	-		
484	58	O	16.64	T	-		
484	59	O	16.64	A	-		
484	60	O	16.64	T	-		
484	61	O	16.64	G	-		
484	62	O	16.64	T	-		
484	63	O	16.64	A	-		
484	64	O	16.64	G	-		
484	65	O	16.64	A	-		
484	66	O	16.64	C	-		
484	67	O	16.64	C	-		
484	68	O	16.64	A	-		
484	69	O	16.64	A	-		
484	70	O	16.64	T	-		
484	71	O	16.64	C	-		
484	72	O	16.64	T	-		
484	73	O	16.64	C	-		
484	74	O	16.64	T	-		
484	75	O	16.64	G	-		
484	76	O	16.64	C	-		
484	77	O	16.64	G	-		
484	78	O	16.64	G	-		
484	79	O	16.64	A	-		
484	80	O	16.64	A	-		
484	81	O	16.64	G	-		
484	82	O	16.64	T	-		
484	83	O	16.64	A	-		
484	84	O	16.64	G	-		
484	85	O	16.64	G	-		
484	86	O	16.64	T	-		
484	87	O	16.64	A	-		
484	88	O	16.64	G	-		
484	89	O	16.64	G	-		
484	90	O	16.64	T	-		
484	91	O	16.64	A	-		
484	92	O	16.64	C	-		
484	93	O	16.64	C	-		
484	94	O	16.64	T	-		
484	95	O	16.64	T	-		
484	96	O	16.64	C	-		
484	97	O	16.64	T	-		
484	98	O	16.64	C	-		
484	99	O	16.64	G	-		
484	100	O	16.64	C	-		
484	101	O	16.64	G	-		
484	102	O	16.64	T	-		
484	103	O	16.64	T	-		
484	104	O	16.64	T	-		
484	105	O	16.64	C	-		
484	106	O	16.64	C	-		
484	107	O	16.64	T	-		
484	108	O	16.64	G	-		
484	109	O	16.64	C	-		
485	0	O	12.48	A	-		
485	1	O	12.48	G	-		
485	2	O	12.48	A	-		
485	3	O	12.48	G	-		
485	4	O	12.48	T	-		
485	5	O	12.48	G	-		
485	6	O	12.48	T	-		
485	7	O	12.48	T	-		
485	8	O	12.48	C	-		
485	9	O	12.48	G	-		
485	10	O	12.48	G	-		
485	11	O	12.48	C	-		
485	12	O	12.48	G	-		
485	13	O	12.48	C	-		
485	14	O	12.48	C	-		
485	15	O	12.48	T	-		
485	16	O	12.48	C	-		
485	17	O	12.48	C	-		
485	18	O	12.48	A	-		
485	19	O	12.48	T	-		
485	20	O	12.48	T	-		
485	21	O	12.48	A	-		
485	22	O	12.48	G	-		
485	23	O	12.48	C	-		
485	24	O	12.48	G	-		
485	25	O	12.48	G	-		
485	26	O	12.48	T	-		
485	27	O	12.48	T	-		
485	28	O	12.48	A	-		
485	29	O	12.48	A	-		
485	30	O	12.48	C	-		
485	31	O	12.48	C	-		
485	32	O	12.48	G	-		
485	33	O	12.48	C	-		
485	34	O	12.48	C	-		
485	35	O	12.48	A	-		
485	36	O	12.48	A	-		
485	37	O	12.48	A	-		
485	38	O	12.48	C	-		
485	39	O	12.48	A	-		
485	40	O	12.48	A	-		
485	41	O	12.48	G	-		
485	42	O	12.48	T	-		
485	43	O	12.48	A	-		
485	44	O	12.48	A	-		
485	45	O	12.48	G	-		
485	46	O	12.48	C	-		
485	47	O	12.48	C	-		
485	48	O	12.48	T	-		
485	49	O	12.48	G	-		
485	50	O	12.48	G	-		
485	51	O	12.48	C	-		
485	52	O	12.48	C	-		
485	53	O	12.48	G	-		
485	54	O	12.48	G	-		
485	55	O	12.48	C	-		
485	56	O	12.48	T	-		
485	57	O	12.48	G	-		
485	58	O	12.48	T	-		
485	59	O	12.48	T	-		
485	60	O	12.48	T	-		
485	61	O	12.48	G	-		
485	62	O	12.48	C	-		
485	63	O	12.48	C	-		
485	64	O	12.48	T	-		
485	65	O	12.48	G	-		
485	66	O	12.48	C	-		
485	67	O	12.48	C	-		
485	68	O	12.48	T	-		
485	69	O	12.48	G	-		
485	70	O	12.48	C	-		
485	71	O	12.48	C	-		
485	72	O	12.48	C	-		
485	73	O	12.48	G	-		
485	74	O	12.48	C	-		
485	75	O	12.48	G	-		
485	76	O	12.48	C	-		
485	77	O	12.48	G	-		
485	78	O	12.48	C	-		
485	79	O	12.48	C	-		
485	80	O	12.48	C	-		
485	81	O	12.48	G	-		
485	82	O	12.48	G	-		
485	83	O	12.48	T	-		
485	84	O	12.48	C	-		
485	85	O	12.48	A	-		
485	86	O	12.48	G	-		
485	87	O	12.48	C	-		
485	88	O	12.48	C	-		
485	89	O	12.48	G	-		
485	90	O	12.48	C	-		
485	91	O	12.48	T	-		
485	92	O	12.48	C	-		
485	93	O	12.48	C	-		
485	94	O	12.48	G	-		
485	95	O	12.48	C	-		
485	96	O	12.48	G	-		
485	97	O	12.48	T	-		
485	98	O	12.48	A	-		
485	99	O	12.48	C	-		
485	100	O	12.48	G	-		
485	101	O	12.48	C	-		
485	102	O	12.48	G	-		
485	103	O	12.48	T	-		
485	104	O	12.48	T	-		
485	105	O	12.48	T	-		
485	106	O	12.48	G	-		
485	107	O	12.48	C	-		
485	108	O	12.48	G	-		
485	109	O	12.48	T	-		
486	0	O	12.48	C	-		
486	1	O	12.48	A	-		
486	2	O	12.48	C	-		
486	3	O	12.48	C	-		
486	4	O	12.48	G	-		
486	5	O	12.48	C	-		
486	6	O	12.48	G	-		
486	7	O	12.48	C	-		
486	8	O	12.48	A	-		
486	9	O	12.48	T	-		
486	10	O	12.48	C	-		
486	11	O	12.48	A	-		
486	12	O	12.48	T	-		
486	13	O	12.48	G	-		
486	14	O	12.48	T	-		
486	15	O	12.48	C	-		
486	16	O	12.48	T	-		
486	17	O	12.48	C	-		
486	18	O	12.48	A	-		
486	19	O	12.48	A	-		
486	20	O	12.48	G	-		
486	21	O	12.48	T	-		
486	22	O	12.48	C	-		
486	23	O	12.48	A	-		
486	24	O	12.48	A	-		
486	25	O	12.48	G	-		
486	26	O	12.48	T	-		
486	27	O	12.48	T	-		
486	28	O	12.48	C	-		
486	29	O	12.48	G	-		
486	30	O	12.48	A	-		
486	31	O	12.48	G	-		
486	32	O	12.48	A	-		
486	33	O	12.48	A	-		
486	34	O	12.48	G	-		
486	35	O	12.48	G	-		
486	36	O	12.48	A	-		
486	37	O	12.48	A	-		
486	38	O	12.48	A	-		
486	39	O	12.48	C	-		
486	40	O	12.48	C	-		
486	41	O	12.48	G	-		
486	42	O	12.48	T	-		
486	43	O	12.48	C	-		
486	44	O	12.48	C	-		
486	45	O	12.48	G	-		
486	46	O	12.48	C	-		
486	47	O	12.48	G	-		
486	48	O	12.48	C	-		
486	49	O	12.48	G	-		
486	50	O	12.48	A	-		
486	51	O	12.48	C	-		
486	52	O	12.48	C	-		
486	53	O	12.48	A	-		
486	54	O	12.48	C	-		
486	55	O	12.48	T	-		
486	56	O	12.48	G	-		
486	57	O	12.48	G	-		
486	58	O	12.48	T	-		
486	59	O	12.48	G	-		
486	60	O	12.48	C	-		
486	61	O	12.48	C	-		
486	62	O	12.48	G	-		
486	63	O	12.48	C	-		
486	64	O	12.48	C	-		
486	65	O	12.48	G	-		
486	66	O	12.48	G	-		
486	67	O	12.48	C	-		
486	68	O	12.48	A	-		
486	69	O	12.48	A	-		
486	70	O	12.48	G	-		
486	71	O	12.48	G	-		
486	72	O	12.48	A	-		
486	73	O	12.48	A	-		
486	74	O	12.48	G	-		
486	75	O	12.48	A	-		
486	76	O	12.48	C	-		
486	77	O	12.48	T	-		
486	78	O	12.48	T	-		
486	79	O	12.48	C	-		
486	80	O	12.48	A	-		
486	81	O	12.48	T	-		
486	82	O	12.48	G	-		
486	83	O	12.48	C	-		
486	84	O	12.48	A	-		
486	85	O	12.48	C	-		
486	86	O	12.48	A	-		
486	87	O	12.48	A	-		
486	88	O	12.48	C	-		
486	89	O	12.48	A	-		
486	90	O	12.48	T	-		
486	91	O	12.48	T	-		
486	92	O	12.48	G	-		
486	93	O	12.48	G	-		
486	94	O	12.48	C	-		
486	95	O	12.48	G	-		
486	96	O	12.48	A	-		
486	97	O	12.48	G	-		
486	98	O	12.48	G	-		
486	99	O	12.48	C	-		
486	100	O	12.48	T	-		
486	101	O	12.48	C	-		
486	102	O	12.48	T	-		
486	103	O	12.48	G	-		
486	104	O	12.48	A	-		
486	105	O	12.48	C	-		
486	106	O	12.48	C	-		
486	107	O	12.48	A	-		
486	108	O	12.48	A	-		
486	109	O	12.48	G	-		
487	0	O	12.48	C	-		
487	1	O	12.48	C	-		
487	2	O	12.48	G	-		
487	3	O	12.48	G	-		
487	4	O	12.48	T	-		
487	5	O	12.48	G	-		
487	6	O	12.48	G	-		
487	7	O	12.48	C	-		
487	8	O	12.48	G	-		
487	9	O	12.48	T	-		
487	10	O	12.48	C	-		
487	11	O	12.48	C	-		
487	12	O	12.48	G	-		
487	13	O	12.48	C	-		
487	14	O	12.48	G	-		
487	15	O	12.48	T	-		
487	16	O	12.48	A	-		
487	17	O	12.48	G	-		
487	18	O	12.48	C	-		
487	19	O	12.48	T	-		
487	20	O	12.48	C	-		
487	21	O	12.48	A	-		
487	22	O	12.48	G	-		
487	23	O	12.48	C	-		
487	24	O	12.48	G	-		
487	25	O	12.48	C	-		
487	26	O	12.48	C	-		
487	27	O	12.48	A	-		
487	28	O	12.48	C	-		
487	29	O	12.48	C	-		
487	30	O	12.48	A	-		
487	31	O	12.48	G	-		
487	32	O	12.48	C	-		
487	33	O	12.48	C	-		
487	34	O	12.48	T	-		
487	35	O	12.48	C	-		
487	36	O	12.48	G	-		
487	37	O	12.48	C	-		
487	38	O	12.48	C	-		
487	39	O	12.48	A	-		
487	40	O	12.48	C	-		
487	41	O	12.48	C	-		
487	42	O	12.48	T	-		
487	43	O	12.48	G	-		
487	44	O	12.48	T	-		
487	45	O	12.48	T	-		
487	46	O	12.48	G	-		
487	47	O	12.48	G	-		
487	48	O	12.48	T	-		
487	49	O	12.48	C	-		
487	50	O	12.48	G	-		
487	51	O	12.48	G	-		
487	52	O	12.48	T	-		
487	53	O	12.48	C	-		
487	54	O	12.48	T	-		
487	55	O	12.48	T	-		
487	56	O	12.48	A	-		
487	57	O	12.48	T	-		
487	58	O	12.48	C	-		
487	59	O	12.48	G	-		
487	60	O	12.48	C	-		
487	61	O	12.48	G	-		
487	62	O	12.48	C	-		
487	63	O	12.48	G	-		
487	64	O	12.48	T	-		
487	65	O	12.48	G	-		
487	66	O	12.48	T	-		
487	67	O	12.48	C	-		
487	68	O	12.48	G	-		
487	69	O	12.48	A	-		
487	70	O	12.48	A	-		
487	71	O	12.48	C	-		
487	72	O	12.48	C	-		
487	73	O	12.48	A	-		
487	74	O	12.48	G	-		
487	75	O	12.48	C	-		
487	76	O	12.48	C	-		
487	77	O	12.48	G	-		
487	78	O	12.48	C	-		
487	79	O	12.48	G	-		
487	80	O	12.48	C	-		
487	81	O	12.48	G	-		
487	82	O	12.48	C	-		
487	83	O	12.48	G	-		
487	84	O	12.48	C	-		
487	85	O	12.48	C	-		
487	86	O	12.48	C	-		
487	87	O	12.48	G	-		
487	88	O	12.48	T	-		
487	89	O	12.48	G	-		
487	90	O	12.48	A	-		
487	91	O	12.48	A	-		
487	92	O	12.48	C	-		
487	93	O	12.48	C	-		
487	94	O	12.48	C	-		
487	95	O	12.48	G	-		
487	96	O	12.48	A	-		
487	97	O	12.48	C	-		
487	98	O	12.48	G	-		
487	99	O	12.48	A	-		
487	100	O	12.48	T	-		
487	101	O	12.48	G	-		
487	102	O	12.48	G	-		
487	103	O	12.48	C	-		
487	104	O	12.48	T	-		
487	105	O	12.48	G	-		
487	106	O	12.48	C	-		
487	107	O	12.48	G	-		
487	108	O	12.48	T	-		
487	109	O	12.48	G	-		
488	0	O	15.25	G	-		
488	1	O	15.25	G	-		
488	2	O	15.25	T	-		
488	3	O	15.25	T	-		
488	4	O	15.25	A	-		
488	5	O	15.25	C	-		
488	6	O	15.25	T	-		
488	7	O	15.25	A	-		
488	8	O	15.25	A	-		
488	9	O	15.25	C	-		
488	10	O	15.25	T	-		
488	11	O	15.25	G	-		
488	12	O	15.25	C	-		
488	13	O	15.25	A	-		
488	14	O	15.25	T	-		
488	15	O	15.25	T	-		
488	16	O	15.25	G	-		
488	17	O	15.25	A	-		
488	18	O	15.25	C	-		
488	19	O	15.25	T	-		
488	20	O	15.25	T	-		
488	21	O	15.25	G	-		
488	22	O	15.25	A	-		
488	23	O	15.25	A	-		
488	24	O	15.25	T	-		
488	25	O	15.25	G	-		
488	26	O	15.25	A	-		
488	27	O	15.25	T	-		
488	28	O	15.25	G	-		
488	29	O	15.25	C	-		
488	30	O	15.25	A	-		
488	31	O	15.25	A	-		
488	32	O	15.25	G	-		
488	33	O	15.25	T	-		
488	34	O	15.25	G	-		
488	35	O	15.25	G	-		
488	36	O	15.25	C	-		
488	37	O	15.25	T	-		
488	38	O	15.25	T	-		
488	39	O	15.25	T	-		
488	40	O	15.25	A	-		
488	41	O	15.25	A	-		
488	42	O	15.25	T	-		
488	43	O	15.25	A	-		
488	44	O	15.25	C	-		
488	45	O	15.25	C	-		
488	46	O	15.25	T	-		
488	47	O	15.25	T	-		
488	48	O	15.25	T	-		
488	49	O	15.25	T	-		
488	50	O	15.25	C	-		
488	51	O	15.25	G	-		
488	52	O	15.25	T	-		
488	53	O	15.25	T	-		
488	54	O	15.25	C	-		
488	55	O	6.35	A	-		
488	56	O	15.25	C	-		
488	57	O	15.25	C	-		
488	58	O	15.25	G	-		
488	59	O	15.25	G	-		
488	60	O	15.25	C	-		
488	61	O	15.25	C	-		
488	62	O	15.25	C	-		
488	63	O	15.25	T	-		
488	64	O	15.25	T	-		
488	65	O	15.25	C	-		
488	66	O	15.25	C	-		
488	67	O	15.25	A	-		
488	68	O	15.25	T	-		
488	69	O	15.25	T	-		
488	70	O	15.25	G	-		
488	71	O	15.25	T	-		
488	72	O	15.25	T	-		
488	73	O	15.25	A	-		
488	74	O	15.25	A	-		
488	75	O	15.25	T	-		
488	76	O	15.25	T	-		
488	77	O	15.25	A	-		
488	78	O	15.25	C	-		
488	79	O	15.25	C	-		
488	80	O	15.25	A	-		
488	81	O	15.25	G	-		
488	82	O	15.25	A	-		
488	83	O	15.25	A	-		
488	84	O	15.25	T	-		
488	85	O	15.25	A	-		
488	86	O	15.25	A	-		
488	87	O	15.25	C	-		
488	88	O	15.25	A	-		
488	89	O	15.25	A	-		
488	90	O	15.25	A	-		
488	91	O	15.25	A	-		
488	92	O	15.25	T	-		
488	93	O	15.25	T	-		
488	94	O	15.25	C	-		
488	95	O	15.25	A	-		
488	96	O	15.25	A	-		
488	97	O	15.25	C	-		
488	98	O	15.25	T	-		
488	99	O	15.25	C	-		
488	100	O	15.25	C	-		
488	101	O	15.25	C	-		
488	102	O	15.25	A	-		
488	103	O	15.25	T	-		
488	104	O	15.25	T	-		
488	105	O	15.25	A	-		
488	106	O	15.25	A	-		
488	107	O	15.25	G	-		
488	108	O	15.25	G	-		
488	109	O	15.25	T	-		
489	0	O	11.09	T	-		
489	1	O	11.09	G	-		
489	2	O	11.09	G	-		
489	3	O	11.09	T	-		
489	4	O	11.09	A	-		
489	5	O	11.09	G	-		
489	6	O	11.09	G	-		
489	7	O	11.09	T	-		
489	8	O	11.09	G	-		
489	9	O	11.09	G	-		
489	10	O	11.09	T	-		
489	11	O	11.09	G	-		
489	12	O	11.09	G	-		
489	13	O	11.09	A	-		
489	14	O	11.09	G	-		
489	15	O	11.09	A	-		
489	16	O	11.09	A	-		
489	17	O	11.09	T	-		
489	18	O	11.09	G	-		
489	19	O	11.09	G	-		
489	20	O	11.09	G	-		
489	21	O	11.09	C	-		
489	22	O	11.09	G	-		
489	23	O	11.09	G	-		
489	24	O	11.09	G	-		
489	25	O	11.09	T	-		
489	26	O	11.09	T	-		
489	27	O	11.09	T	-		
489	28	O	11.09	G	-		
489	29	O	11.09	G	-		
489	30	O	11.09	A	-		
489	31	O	11.09	T	-		
489	32	O	11.09	G	-		
489	33	O	11.09	G	-		
489	34	O	11.09	C	-		
489	35	O	11.09	T	-		
489	36	O	11.09	A	-		
489	37	O	11.09	G	-		
489	38	O	11.09	A	-		
489	39	O	11.09	T	-		
489	40	O	11.09	A	-		
489	41	O	11.09	T	-		
489	42	O	11.09	G	-		
489	43	O	11.09	C	-		
489	44	O	11.09	C	-		
489	45	O	11.09	A	-		
489	46	O	11.09	T	-		
489	47	O	11.09	C	-		
489	48	O	11.09	G	-		
489	49	O	11.09	T	-		
489	50	O	11.09	A	-		
489	51	O	11.09	C	-		
489	52	O	11.09	A	-		
489	53	O	11.09	G	-		
489	54	O	11.09	G	-		
489	55	O	11.09	G	-		
489	56	O	11.09	A	-		
489	57	O	11.09	A	-		
489	58	O	11.09	G	-		
489	59	O	11.09	A	-		
489	60	O	11.09	A	-		
489	61	O	11.09	A	-		
489	62	O	11.09	G	-		
489	63	O	11.09	T	-		
489	64	O	11.09	G	-		
489	65	O	11.09	C	-		
489	66	O	11.09	T	-		
489	67	O	11.09	T	-		
489	68	O	11.09	T	-		
489	69	O	11.09	T	-		
489	70	O	11.09	G	-		
489	71	O	11.09	C	-		
489	72	O	11.09	G	-		
489	73	O	11.09	G	-		
489	74	O	11.09	A	-		
489	75	O	11.09	C	-		
489	76	O	11.09	A	-		
489	77	O	11.09	T	-		
489	78	O	11.09	G	-		
489	79	O	11.09	T	-		
489	80	O	11.09	C	-		
489	81	O	11.09	A	-		
489	82	O	11.09	T	-		
489	83	O	11.09	G	-		
489	84	O	11.09	T	-		
489	85	O	11.09	C	-		
489	86	O	11.09	A	-		
489	87	O	11.09	T	-		
489	88	O	11.09	G	-		
489	89	O	11.09	C	-		
489	90	O	11.09	T	-		
489	91	O	11.09	T	-		
489	92	O	11.09	G	-		
489	93	O	11.09	C	-		
489	94	O	11.09	G	-		
489	95	O	11.09	T	-		
489	96	O	11.09	G	-		
489	97	O	11.09	C	-		
489	98	O	11.09	T	-		
489	99	O	11.09	G	-		
489	100	O	11.09	C	-		
489	101	O	11.09	T	-		
489	102	O	11.09	T	-		
489	103	O	11.09	G	-		
489	104	O	11.09	C	-		
489	105	O	11.09	A	-		
489	106	O	11.09	G	-		
489	107	O	11.09	C	-		
489	108	O	11.09	G	-		
489	109	O	11.09	G	-		
490	0	O	8.32	A	-		
490	1	O	8.32	A	-		
490	2	O	8.32	C	-		
490	3	O	8.32	C	-		
490	4	O	8.32	G	-		
490	5	O	8.32	C	-		
490	6	O	8.32	T	-		
490	7	O	8.32	C	-		
490	8	O	8.32	G	-		
490	9	O	8.32	A	-		
490	10	O	8.32	C	-		
490	11	O	8.32	T	-		
490	12	O	8.32	T	-		
490	13	O	8.32	C	-		
490	14	O	8.32	T	-		
490	15	O	8.32	T	-		
490	16	O	8.32	T	-		
490	17	O	8.32	C	-		
490	18	O	8.32	C	-		
490	19	O	8.32	T	-		
490	20	O	8.32	C	-		
490	21	O	8.32	G	-		
490	22	O	8.32	T	-		
490	23	O	8.32	C	-		
490	24	O	8.32	A	-		
490	25	O	8.32	T	-		
490	26	O	8.32	C	-		
490	27	O	8.32	T	-		
490	28	O	8.32	C	-		
490	29	O	8.32	A	-		
490	30	O	8.32	T	-		
490	31	O	8.32	C	-		
490	32	O	8.32	G	-		
490	33	O	8.32	G	-		
490	34	O	8.32	G	-		
490	35	O	8.32	G	-		
490	36	O	8.32	A	-		
490	37	O	8.32	C	-		
490	38	O	8.32	A	-		
490	39	O	8.32	T	-		
490	40	O	8.32	G	-		
490	41	O	8.32	C	-		
490	42	O	8.32	G	-		
490	43	O	8.32	G	-		
490	44	O	8.32	G	-		
490	45	O	8.32	A	-		
490	46	O	8.32	A	-		
490	47	O	8.32	T	-		
490	48	O	8.32	G	-		
490	49	O	8.32	A	-		
490	50	O	8.32	G	-		
490	51	O	8.32	T	-		
490	52	O	8.32	T	-		
490	53	O	8.32	G	-		
490	54	O	8.32	T	-		
490	55	O	8.32	C	-		
490	56	O	8.32	A	-		
490	57	O	8.32	T	-		
490	58	O	8.32	G	-		
490	59	O	8.32	C	-		
490	60	O	8.32	G	-		
490	61	O	8.32	C	-		
490	62	O	8.32	T	-		
490	63	U	0.71	C	T		
490	64	O	8.32	G	-		
490	65	O	8.32	T	-		
490	66	O	8.32	C	-		
490	67	O	8.32	G	-		
490	68	O	8.32	T	-		
490	69	O	8.32	T	-		
490	70	O	8.32	C	-		
490	71	O	8.32	G	-		
490	72	O	8.32	A	-		
490	73	O	8.32	A	-		
490	74	O	8.32	G	-		
490	75	O	8.32	A	-		
490	76	O	8.32	G	-		
490	77	O	8.32	G	-		
490	78	O	8.32	T	-		
490	79	O	8.32	C	-		
490	80	O	8.32	G	-		
490	81	O	8.32	A	-		
490	82	O	8.32	G	-		
490	83	O	8.32	C	-		
490	84	O	8.32	T	-		
490	85	O	8.32	G	-		
490	86	O	8.32	T	-		
490	87	O	8.32	T	-		
490	88	O	8.32	G	-		
490	89	O	8.32	G	-		
490	90	O	8.32	A	-		
490	91	O	8.32	A	-		
490	92	O	8.32	G	-		
490	93	O	8.32	A	-		
490	94	O	8.32	T	-		
490	95	O	8.32	T	-		
490	96	O	8.32	A	-		
490	97	O	8.32	C	-		
490	98	O	8.32	G	-		
490	99	O	8.32	T	-		
490	100	O	8.32	T	-		
490	101	O	8.32	G	-		
490	102	O	8.32	T	-		
490	103	O	8.32	T	-		
490	104	O	8.32	G	-		
490	105	O	8.32	G	-		
490	106	O	8.32	G	-		
490	107	O	8.32	G	-		
490	108	O	8.32	G	-		
490	109	O	8.32	G	-		
491	0	O	8.32	T	-		
491	1	O	8.32	C	-		
491	2	O	8.32	T	-		
491	3	O	8.32	T	-		
491	4	O	8.32	T	-		
491	5	O	8.32	C	-		
491	6	O	8.32	T	-		
491	7	O	8.32	T	-		
491	8	O	8.32	G	-		
491	9	O	8.32	A	-		
491	10	O	8.32	A	-		
491	11	O	8.32	G	-		
491	12	O	8.32	T	-		
491	13	O	8.32	C	-		
491	14	O	8.32	T	-		
491	15	O	8.32	T	-		
491	16	O	8.32	T	-		
491	17	O	8.32	A	-		
491	18	O	8.32	A	-		
491	19	O	8.32	C	-		
491	20	O	8.32	A	-		
491	21	O	8.32	G	-		
491	22	O	8.32	T	-		
491	23	O	8.32	C	-		
491	24	O	8.32	T	-		
491	25	O	8.32	T	-		
491	26	O	8.32	G	-		
491	27	O	8.32	T	-		
491	28	O	8.32	A	-		
491	29	O	8.32	T	-		
491	30	O	8.32	T	-		
491	31	O	8.32	C	-		
491	32	O	8.32	C	-		
491	33	O	8.32	A	-		
491	34	O	8.32	G	-		
491	35	O	8.32	T	-		
491	36	O	8.32	C	-		
491	37	O	8.32	T	-		
491	38	O	8.32	T	-		
491	39	U	0.71	G	T		
491	40	O	8.32	T	-		
491	41	O	8.32	G	-		
491	42	O	8.32	T	-		
491	43	O	8.32	T	-		
491	44	O	8.32	G	-		
491	45	O	8.32	T	-		
491	46	O	8.32	C	-		
491	47	O	8.32	G	-		
491	48	O	8.32	G	-		
491	49	O	8.32	T	-		
491	50	O	8.32	G	-		
491	51	O	8.32	C	-		
491	52	O	8.32	C	-		
491	53	O	8.32	C	-		
491	54	O	8.32	A	-		
491	55	O	8.32	T	-		
491	56	O	8.32	T	-		
491	57	O	8.32	T	-		
491	58	O	8.32	T	-		
491	59	O	8.32	G	-		
491	60	O	8.32	A	-		
491	61	O	8.32	G	-		
491	62	O	8.32	C	-		
491	63	O	8.32	A	-		
491	64	O	8.32	C	-		
491	65	O	8.32	A	-		
491	66	O	8.32	T	-		
491	67	O	8.32	A	-		
491	68	O	8.32	C	-		
491	69	O	8.32	G	-		
491	70	O	8.32	A	-		
491	71	O	8.32	C	-		
491	72	O	8.32	T	-		
491	73	O	8.32	C	-		
491	74	O	8.32	C	-		
491	75	O	8.32	C	-		
491	76	O	8.32	A	-		
491	77	O	8.32	T	-		
491	78	O	8.32	T	-		
491	79	O	8.32	T	-		
491	80	O	8.32	G	-		
491	81	O	8.32	T	-		
491	82	O	8.32	A	-		
491	83	O	8.32	G	-		
491	84	O	8.32	A	-		
491	85	O	8.32	A	-		
491	86	O	8.32	G	-		
491	87	O	8.32	A	-		
491	88	O	8.32	G	-		
491	89	O	8.32	T	-		
491	90	O	8.32	T	-		
491	91	O	8.32	C	-		
491	92	O	8.32	C	-		
491	93	O	8.32	T	-		
491	94	O	8.32	G	-		
491	95	O	8.32	C	-		
491	96	O	8.32	G	-		
491	97	O	8.32	C	-		
491	98	O	8.32	G	-		
491	99	O	8.32	T	-		
491	100	O	8.32	C	-		
491	101	O	8.32	G	-		
491	102	O	8.32	A	-		
491	103	O	8.32	T	-		
491	104	O	8.32	G	-		
491	105	O	8.32	G	-		
491	106	O	8.32	A	-		
491	107	O	8.32	G	-		
491	108	O	8.32	A	-		
491	109	O	8.32	G	-		
492	0	O	8.32	T	-		
492	1	O	8.32	A	-		
492	2	O	8.32	G	-		
492	3	O	8.32	C	-		
492	4	O	8.32	T	-		
492	5	O	8.32	G	-		
492	6	O	8.32	T	-		
492	7	O	8.32	T	-		
492	8	O	8.32	G	-		
492	9	O	8.32	G	-		
492	10	O	8.32	G	-		
492	11	O	8.32	G	-		
492	12	O	8.32	A	-		
492	13	O	8.32	T	-		
492	14	O	8.32	G	-		
492	15	O	8.32	T	-		
492	16	O	8.32	T	-		
492	17	O	8.32	A	-		
492	18	O	8.32	T	-		
492	19	O	8.32	A	-		
492	20	O	8.32	T	-		
492	21	O	8.32	A	-		
492	22	O	8.32	C	-		
492	23	O	8.32	G	-		
492	24	O	8.32	T	-		
492	25	O	8.32	T	-		
492	26	O	8.32	G	-		
492	27	O	8.32	A	-		
492	28	O	8.32	A	-		
492	29	O	8.32	G	-		
492	30	O	8.32	C	-		
492	31	O	8.32	C	-		
492	32	O	8.32	A	-		
492	33	O	8.32	A	-		
492	34	O	8.32	T	-		
492	35	O	8.32	A	-		
492	36	O	8.32	G	-		
492	37	O	8.32	T	-		
492	38	O	8.32	G	-		
492	39	O	8.32	G	-		
492	40	O	8.32	T	-		
492	41	O	8.32	G	-		
492	42	O	8.32	C	-		
492	43	O	8.32	T	-		
492	44	O	8.32	G	-		
492	45	O	8.32	T	-		
492	46	O	8.32	A	-		
492	47	O	8.32	A	-		
492	48	O	8.32	A	-		
492	49	O	8.32	A	-		
492	50	O	8.32	A	-		
492	51	O	8.32	G	-		
492	52	O	8.32	G	-		
492	53	O	8.32	G	-		
492	54	O	8.32	T	-		
492	55	O	8.32	G	-		
492	56	O	8.32	G	-		
492	57	O	8.32	G	-		
492	58	O	8.32	C	-		
492	59	O	8.32	A	-		
492	60	O	8.32	G	-		
492	61	O	8.32	G	-		
492	62	O	8.32	A	-		
492	63	O	8.32	G	-		
492	64	O	8.32	T	-		
492	65	O	8.32	G	-		
492	66	O	8.32	A	-		
492	67	O	8.32	T	-		
492	68	O	8.32	G	-		
492	69	O	8.32	C	-		
492	70	O	8.32	T	-		
492	71	O	8.32	T	-		
492	72	O	8.32	T	-		
492	73	O	8.32	T	-		
492	74	O	8.32	G	-		
492	75	O	8.32	C	-		
492	76	O	8.32	T	-		
492	77	O	8.32	A	-		
492	78	O	8.32	C	-		
492	79	O	8.32	A	-		
492	80	O	8.32	G	-		
492	81	O	8.32	A	-		
492	82	O	8.32	A	-		
492	83	O	8.32	T	-		
492	84	O	8.32	T	-		
492	85	O	8.32	T	-		
492	86	O	8.32	G	-		
492	87	O	8.32	A	-		
492	88	O	8.32	T	-		
492	89	O	8.32	C	-		
492	90	O	8.32	T	-		
492	91	O	8.32	T	-		
492	92	O	8.32	G	-		
492	93	O	8.32	A	-		
492	94	O	8.32	G	-		
492	95	O	8.32	G	-		
492	96	O	8.32	C	-		
492	97	O	8.32	A	-		
492	98	O	8.32	G	-		
492	99	O	8.32	A	-		
492	100	O	8.32	A	-		
492	101	O	8.32	G	-		
492	102	O	8.32	A	-		
492	103	O	8.32	G	-		
492	104	O	8.32	T	-		
492	105	O	8.32	A	-		
492	106	O	8.32	T	-		
492	107	O	8.32	G	-		
492	108	O	8.32	T	-		
492	109	O	8.32	T	-		
493	0	O	5.55	T	-		
493	1	O	5.55	G	-		
493	2	O	5.55	G	-		
493	3	O	5.55	T	-		
493	4	O	5.55	C	-		
493	5	O	5.55	A	-		
493	6	O	5.55	C	-		
493	7	O	5.55	C	-		
493	8	O	5.55	G	-		
493	9	O	5.55	G	-		
493	10	O	5.55	A	-		
493	11	O	5.55	C	-		
493	12	O	5.55	T	-		
493	13	O	5.55	G	-		
493	14	O	5.55	A	-		
493	15	O	5.55	A	-		
493	16	O	5.55	G	-		
493	17	O	5.55	G	-		
493	18	O	5.55	A	-		
493	19	O	5.55	G	-		
493	20	O	5.55	T	-		
493	21	O	5.55	T	-		
493	22	O	5.55	G	-		
493	23	O	5.55	G	-		
493	24	O	5.55	G	-		
493	25	O	5.55	C	-		
493	26	O	5.55	G	-		
493	27	O	5.55	A	-		
493	28	O	5.55	T	-		
493	29	O	5.55	T	-		
493	30	O	5.55	T	-		
493	31	O	5.55	G	-		
493	32	O	5.55	G	-		
493	33	O	5.55	T	-		
493	34	O	5.55	A	-		
493	35	O	5.55	G	-		
493	36	O	5.55	G	-		
493	37	O	5.55	T	-		
493	38	O	5.55	T	-		
493	39	O	5.55	G	-		
493	40	O	5.55	T	-		
493	41	O	5.55	T	-		
493	42	O	5.55	A	-		
493	43	O	5.55	C	-		
493	44	O	5.55	A	-		
493	45	O	5.55	A	-		
493	46	O	5.55	G	-		
493	47	O	5.55	A	-		
493	48	O	5.55	C	-		
493	49	O	5.55	T	-		
493	50	O	5.55	A	-		
493	51	O	5.55	T	-		
493	52	O	5.55	C	-		
493	53	O	5.55	C	-		
493	54	O	5.55	T	-		
493	55	O	5.55	G	-		
493	56	O	5.55	G	-		
493	57	O	5.55	A	-		
493	58	O	5.55	T	-		
493	59	O	5.55	T	-		
493	60	O	5.55	G	-		
493	61	O	5.55	T	-		
493	62	O	5.55	A	-		
493	63	O	5.55	G	-		
493	64	O	5.55	G	-		
493	65	O	5.55	G	-		
493	66	O	5.55	A	-		
493	67	O	5.55	G	-		
493	68	O	5.55	G	-		
493	69	O	5.55	A	-		
493	70	O	5.55	T	-		
493	71	O	5.55	C	-		
493	72	O	5.55	G	-		
493	73	O	5.55	A	-		
493	74	O	5.55	G	-		
493	75	O	5.55	T	-		
493	76	O	5.55	C	-		
493	77	O	5.55	G	-		
493	78	O	5.55	G	-		
493	79	O	5.55	T	-		
493	80	O	5.55	A	-		
493	81	O	5.55	A	-		
493	82	O	5.55	G	-		
493	83	O	5.55	T	-		
493	84	O	5.55	A	-		
493	85	O	5.55	C	-		
493	86	O	5.55	C	-		
493	87	O	5.55	T	-		
493	88	O	5.55	T	-		
493	89	O	5.55	G	-		
493	90	O	5.55	T	-		
493	91	O	5.55	T	-		
493	92	O	5.55	C	-		
493	93	O	5.55	A	-		
493	94	O	5.55	T	-		
493	95	O	5.55	T	-		
493	96	O	5.55	C	-		
493	97	O	5.55	T	-		
493	98	O	5.55	T	-		
493	99	O	5.55	C	-		
493	100	O	5.55	T	-		
493	101	O	5.55	A	-		
493	102	O	5.55	G	-		
493	103	O	5.55	A	-		
493	104	O	5.55	G	-		
493	105	O	5.55	T	-		
493	106	O	5.55	C	-		
493	107	O	5.55	A	-		
493	108	O	5.55	G	-		
493	109	O	5.55	A	-		
494	0	O	16.64	A	-		
494	1	O	16.64	T	-		
494	2	O	16.64	C	-		
494	3	O	16.64	T	-		
494	4	O	16.64	G	-		
494	5	O	16.64	G	-		
494	6	O	16.64	C	-		
494	7	O	16.64	A	-		
494	8	O	16.64	C	-		
494	9	O	16.64	T	-		
494	10	O	16.64	C	-		
494	11	O	16.64	G	-		
494	12	O	16.64	G	-		
494	13	O	16.64	C	-		
494	14	O	16.64	G	-		
494	15	O	16.64	A	-		
494	16	O	16.64	C	-		
494	17	O	16.64	G	-		
494	18	O	16.64	T	-		
494	19	O	16.64	G	-		
494	20	O	16.64	G	-		
494	21	O	16.64	C	-		
494	22	O	16.64	C	-		
494	23	O	16.64	G	-		
494	24	O	16.64	A	-		
494	25	O	16.64	T	-		
494	26	O	16.64	G	-		
494	27	O	16.64	C	-		
494	28	O	16.64	G	-		
494	29	O	16.64	G	-		
494	30	O	16.64	G	-		
494	31	O	16.64	C	-		
494	32	O	16.64	C	-		
494	33	O	16.64	T	-		
494	34	O	16.64	T	-		
494	35	O	16.64	T	-		
494	36	O	16.64	G	-		
494	37	O	16.64	C	-		
494	38	O	16.64	C	-		
494	39	O	16.64	A	-		
494	40	O	16.64	T	-		
494	41	O	16.64	G	-		
494	42	O	16.64	A	-		
494	43	O	16.64	C	-		
494	44	O	16.64	G	-		
494	45	O	16.64	G	-		
494	46	O	16.64	G	-		
494	47	O	16.64	G	-		
494	48	O	16.64	A	-		
494	49	O	16.64	T	-		
494	50	O	16.64	G	-		
494	51	O	16.64	G	-		
494	52	O	16.64	T	-		
494	53	O	16.64	C	-		
494	54	O	16.64	A	-		
494	55	O	16.64	C	-		
494	56	O	16.64	G	-		
494	57	O	16.64	C	-		
494	58	O	16.64	T	-		
494	59	O	16.64	G	-		
494	60	O	16.64	G	-		
494	61	O	16.64	C	-		
494	62	O	16.64	C	-		
494	63	O	16.64	A	-		
494	64	O	16.64	T	-		
494	65	O	16.64	G	-		
494	66	O	16.64	A	-		
494	67	O	16.64	T	-		
494	68	O	16.64	C	-		
494	69	O	16.64	T	-		
494	70	O	16.64	C	-		
494	71	O	16.64	C	-		
494	72	O	16.64	T	-		
494	73	O	16.64	G	-		
494	74	O	16.64	G	-		
494	75	O	16.64	A	-		
494	76	O	16.64	T	-		
494	77	O	16.64	C	-		
494	78	O	16.64	A	-		
494	79	O	16.64	T	-		
494	80	O	16.64	G	-		
494	81	O	16.64	G	-		
494	82	O	16.64	C	-		
494	83	O	16.64	C	-		
494	84	O	16.64	G	-		
494	85	O	16.64	G	-		
494	86	O	16.64	G	-		
494	87	O	16.64	T	-		
494	88	O	16.64	C	-		
494	89	O	16.64	G	-		
494	90	O	16.64	G	-		
494	91	O	16.64	A	-		
494	92	O	16.64	C	-		
494	93	O	16.64	A	-		
494	94	O	16.64	T	-		
494	95	O	16.64	G	-		
494	96	O	16.64	C	-		
494	97	O	16.64	G	-		
494	98	O	16.64	G	-		
494	99	O	16.64	G	-		
494	100	O	16.64	C	-		
494	101	O	16.64	G	-		
494	102	O	16.64	A	-		
494	103	O	16.64	C	-		
494	104	O	16.64	G	-		
494	105	O	16.64	C	-		
494	106	O	16.64	C	-		
494	107	O	16.64	G	-		
494	108	O	16.64	C	-		
494	109	O	16.64	C	-		
495	0	O	8.32	A	-		
495	1	O	8.32	T	-		
495	2	O	8.32	T	-		
495	3	O	8.32	C	-		
495	4	O	8.32	G	-		
495	5	O	8.32	C	-		
495	6	O	8.32	T	-		
495	7	O	8.32	T	-		
495	8	O	8.32	C	-		
495	9	O	8.32	A	-		
495	10	O	8.32	A	-		
495	11	O	8.32	C	-		
495	12	O	8.32	T	-		
495	13	O	8.32	A	-		
495	14	O	8.32	C	-		
495	15	O	8.32	T	-		
495	16	O	8.32	T	-		
495	17	O	8.32	G	-		
495	18	O	8.32	G	-		
495	19	O	8.32	A	-		
495	20	O	8.32	G	-		
495	21	O	8.32	C	-		
495	22	O	8.32	A	-		
495	23	O	8.32	C	-		
495	24	O	8.32	A	-		
495	25	O	8.32	C	-		
495	26	O	8.32	A	-		
495	27	O	8.32	A	-		
495	28	O	8.32	G	-		
495	29	O	8.32	A	-		
495	30	O	8.32	G	-		
495	31	O	8.32	A	-		
495	32	O	8.32	C	-		
495	33	O	8.32	T	-		
495	34	O	8.32	A	-		
495	35	O	8.32	C	-		
495	36	O	8.32	T	-		
495	37	O	8.32	C	-		
495	38	O	8.32	A	-		
495	39	O	8.32	C	-		
495	40	O	8.32	T	-		
495	41	O	8.32	T	-		
495	42	O	8.32	A	-		
495	43	O	8.32	G	-		
495	44	O	8.32	C	-		
495	45	O	8.32	C	-		
495	46	O	8.32	G	-		
495	47	O	8.32	A	-		
495	48	O	8.32	C	-		
495	49	O	8.32	G	-		
495	50	O	8.32	A	-		
495	51	O	8.32	A	-		
495	52	O	8.32	G	-		
495	53	O	8.32	G	-		
495	54	O	8.32	C	-		
495	55	O	8.32	A	-		
495	56	O	8.32	T	-		
495	57	O	8.32	G	-		
495	58	O	8.32	C	-		
495	59	O	8.32	T	-		
495	60	O	8.32	T	-		
495	61	O	8.32	T	-		
495	62	O	8.32	T	-		
495	63	O	8.32	C	-		
495	64	O	8.32	C	-		
495	65	O	8.32	A	-		
495	66	O	8.32	C	-		
495	67	O	8.32	A	-		
495	68	O	8.32	G	-		
495	69	O	8.32	C	-		
495	70	O	8.32	T	-		
495	71	O	8.32	G	-		
495	72	O	8.32	C	-		
495	73	O	8.32	C	-		
495	74	O	8.32	T	-		
495	75	O	8.32	T	-		
495	76	O	8.32	A	-		
495	77	O	8.32	C	-		
495	78	O	8.32	G	-		
495	79	O	8.32	G	-		
495	80	O	8.32	A	-		
495	81	O	8.32	C	-		
495	82	O	8.32	T	-		
495	83	O	8.32	A	-		
495	84	O	8.32	C	-		
495	85	O	8.32	A	-		
495	86	O	8.32	A	-		
495	87	O	8.32	C	-		
495	88	O	8.32	A	-		
495	89	O	8.32	T	-		
495	90	O	8.32	G	-		
495	91	O	8.32	G	-		
495	92	O	8.32	G	-		
495	93	O	8.32	G	-		
495	94	O	8.32	T	-		
495	95	O	8.32	A	-		
495	96	O	8.32	G	-		
495	97	O	8.32	G	-		
495	98	O	8.32	A	-		
495	99	O	8.32	C	-		
495	100	O	8.32	G	-		
495	101	O	8.32	A	-		
495	102	O	8.32	T	-		
495	103	O	8.32	G	-		
495	104	O	8.32	G	-		
495	105	O	8.32	A	-		
495	106	O	8.32	T	-		
495	107	O	8.32	C	-		
495	108	O	8.32	G	-		
495	109	O	8.32	A	-		
496	0	O	16.64	T	-		
496	1	O	16.64	A	-		
496	2	O	16.64	A	-		
496	3	O	16.64	G	-		
496	4	O	16.64	A	-		
496	5	O	16.64	T	-		
496	6	O	16.64	G	-		
496	7	O	16.64	G	-		
496	8	O	16.64	G	-		
496	9	O	16.64	C	-		
496	10	O	16.64	C	-		
496	11	O	16.64	G	-		
496	12	O	16.64	C	-		
496	13	O	16.64	C	-		
496	14	O	16.64	G	-		
496	15	O	16.64	T	-		
496	16	O	16.64	C	-		
496	17	O	16.64	G	-		
496	18	O	16.64	G	-		
496	19	O	16.64	A	-		
496	20	O	16.64	C	-		
496	21	O	16.64	G	-		
496	22	O	16.64	T	-		
496	23	O	16.64	G	-		
496	24	O	16.64	A	-		
496	25	O	16.64	T	-		
496	26	O	16.64	T	-		
496	27	O	16.64	G	-		
496	28	O	16.64	G	-		
496	29	O	16.64	T	-		
496	30	O	16.64	G	-		
496	31	O	16.64	C	-		
496	32	O	16.64	T	-		
496	33	O	16.64	T	-		
496	34	O	16.64	G	-		
496	35	O	16.64	A	-		
496	36	O	16.64	C	-		
496	37	O	16.64	C	-		
496	38	O	16.64	A	-		
496	39	O	16.64	A	-		
496	40	O	16.64	G	-		
496	41	O	16.64	A	-		
496	42	O	16.64	G	-		
496	43	O	16.64	G	-		
496	44	O	16.64	G	-		
496	45	O	16.64	A	-		
496	46	O	16.64	A	-		
496	47	O	16.64	G	-		
496	48	O	16.64	A	-		
496	49	O	16.64	G	-		
496	50	O	16.64	G	-		
496	51	O	16.64	G	-		
496	52	O	16.64	C	-		
496	53	O	16.64	G	-		
496	54	O	16.64	C	-		
496	55	O	16.64	T	-		
496	56	O	16.64	C	-		
496	57	O	16.64	T	-		
496	58	O	16.64	G	-		
496	59	O	16.64	T	-		
496	60	O	16.64	G	-		
496	61	O	16.64	A	-		
496	62	O	16.64	G	-		
496	63	O	16.64	G	-		
496	64	O	16.64	C	-		
496	65	O	16.64	A	-		
496	66	O	16.64	A	-		
496	67	O	16.64	C	-		
496	68	O	16.64	C	-		
496	69	O	16.64	T	-		
496	70	O	16.64	C	-		
496	71	O	16.64	A	-		
496	72	O	16.64	G	-		
496	73	O	16.64	C	-		
496	74	O	16.64	G	-		
496	75	O	16.64	T	-		
496	76	O	7.55	C	-		
496	77	O	16.64	G	-		
496	78	O	16.64	A	-		
496	79	O	16.64	A	-		
496	80	O	16.64	G	-		
496	81	O	16.64	A	-		
496	82	O	16.64	G	-		
496	83	O	7.55	T	-		
496	84	O	16.64	C	-		
496	85	O	16.64	C	-		
496	86	O	16.64	T	-		
496	87	O	16.64	A	-		
496	88	O	16.64	T	-		
496	89	O	16.64	T	-		
496	90	O	16.64	G	-		
496	91	O	16.64	G	-		
496	92	O	16.64	C	-		
496	93	O	16.64	T	-		
496	94	O	16.64	G	-		
496	95	O	16.64	G	-		
496	96	O	16.64	T	-		
496	97	O	16.64	C	-		
496	98	O	16.64	C	-		
496	99	O	16.64	A	-		
496	100	O	16.64	C	-		
496	101	O	16.64	C	-		
496	102	O	16.64	C	-		
496	103	O	16.64	A	-		
496	104	O	16.64	T	-		
496	105	O	16.64	G	-		
496	106	O	16.64	G	-		
496	107	O	16.64	G	-		
496	108	O	16.64	T	-		
496	109	O	16.64	T	-		
497	0	O	19.41	G	-		
497	1	O	19.41	A	-		
497	2	O	19.41	G	-		
497	3	O	19.41	G	-		
497	4	O	19.41	A	-		
497	5	O	19.41	G	-		
497	6	O	10.01	T	-		
497	7	O	19.41	T	-		
497	8	O	19.41	G	-		
497	9	O	19.41	G	-		
497	10	O	19.41	C	-		
497	11	O	19.41	G	-		
497	12	O	19.41	C	-		
497	13	O	19.41	T	-		
497	14	O	19.41	G	-		
497	15	O	19.41	C	-		
497	16	O	19.41	T	-		
497	17	O	19.41	C	-		
497	18	O	19.41	A	-		
497	19	O	19.41	G	-		
497	20	O	19.41	G	-		
497	21	O	19.41	C	-		
497	22	O	19.41	T	-		
497	23	O	19.41	G	-		
497	24	O	19.41	G	-		
497	25	O	19.41	A	-		
497	26	O	19.41	C	-		
497	27	O	19.41	G	-		
497	28	O	19.41	A	-		
497	29	O	19.41	G	-		
497	30	O	19.41	G	-		
497	31	O	19.41	A	-		
497	32	O	19.41	G	-		
497	33	O	19.41	G	-		
497	34	O	19.41	C	-		
497	35	O	19.41	G	-		
497	36	O	19.41	G	-		
497	37	O	19.41	A	-		
497	38	O	19.41	C	-		
497	39	O	19.41	G	-		
497	40	O	19.41	A	-		
497	41	O	19.41	G	-		
497	42	O	19.41	A	-		
497	43	O	19.41	G	-		
497	44	O	19.41	C	-		
497	45	O	19.41	T	-		
497	46	O	19.41	G	-		
497	47	O	19.41	G	-		
497	48	O	19.41	C	-		
497	49	O	19.41	C	-		
497	50	O	19.41	G	-		
497	51	O	19.41	G	-		
497	52	O	19.41	C	-		
497	53	O	19.41	C	-		
497	54	O	19.41	A	-		
497	55	O	19.41	G	-		
497	56	O	19.41	C	-		
497	57	O	19.41	T	-		
497	58	O	19.41	G	-		
497	59	O	19.41	G	-		
497	60	O	19.41	A	-		
497	61	O	19.41	A	-		
497	62	O	19.41	G	-		
497	63	O	19.41	G	-		
497	64	O	19.41	T	-		
497	65	O	19.41	C	-		
497	66	O	19.41	G	-		
497	67	O	19.41	G	-		
497	68	O	19.41	C	-		
497	69	O	19.41	T	-		
497	70	O	19.41	G	-		
497	71	O	19.41	G	-		
497	72	O	19.41	T	-		
497	73	O	19.41	T	-		
497	74	O	19.41	G	-		
497	75	O	19.41	G	-		
497	76	O	19.41	C	-		
497	77	O	19.41	G	-		
497	78	O	19.41	A	-		
497	79	O	19.41	G	-		
497	80	O	19.41	C	-		
497	81	O	19.41	G	-		
497	82	O	19.41	G	-		
497	83	O	19.41	C	-		
497	84	O	19.41	G	-		
497	85	O	10.01	A	-		
497	86	O	19.41	C	-		
497	87	O	19.41	G	-		
497	88	O	19.41	A	-		
497	89	O	19.41	G	-		
497	90	O	19.41	G	-		
497	91	O	19.41	A	-		
497	92	O	19.41	G	-		
497	93	O	19.41	C	-		
497	94	O	19.41	C	-		
497	95	O	19.41	A	-		
497	96	O	19.41	G	-		
497	97	O	19.41	T	-		
497	98	O	19.41	G	-		
497	99	O	19.41	G	-		
497	100	O	19.41	C	-		
497	101	O	19.41	G	-		
497	102	O	19.41	C	-		
497	103	O	10.01	T	-		
497	104	O	19.41	C	-		
497	105	O	19.41	A	-		
497	106	O	19.41	T	-		
497	107	O	19.41	G	-		
497	108	O	19.41	T	-		
497	109	O	19.41	G	-		
498	0	O	8.32	C	-		
498	1	O	8.32	G	-		
498	2	O	8.32	A	-		
498	3	O	8.32	A	-		
498	4	O	8.32	A	-		
498	5	O	8.32	T	-		
498	6	O	8.32	G	-		
498	7	O	8.32	T	-		
498	8	O	8.32	C	-		
498	9	O	8.32	C	-		
498	10	O	8.32	T	-		
498	11	O	8.32	C	-		
498	12	O	8.32	G	-		
498	13	O	8.32	A	-		
498	14	O	8.32	C	-		
498	15	O	8.32	A	-		
498	16	O	8.32	G	-		
498	17	O	8.32	T	-		
498	18	O	8.32	C	-		
498	19	O	8.32	T	-		
498	20	O	8.32	C	-		
498	21	O	8.32	G	-		
498	22	O	8.32	C	-		
498	23	O	8.32	C	-		
498	24	O	8.32	G	-		
498	25	O	8.32	T	-		
498	26	O	8.32	T	-		
498	27	O	8.32	C	-		
498	28	O	8.32	G	-		
498	29	O	8.32	C	-		
498	30	O	8.32	G	-		
498	31	O	8.32	C	-		
498	32	O	8.32	G	-		
498	33	O	8.32	C	-		
498	34	O	8.32	A	-		
498	35	O	8.32	T	-		
498	36	O	8.32	C	-		
498	37	O	8.32	C	-		
498	38	O	8.32	T	-		
498	39	O	8.32	C	-		
498	40	O	8.32	T	-		
498	41	O	8.32	T	-		
498	42	O	8.32	T	-		
498	43	O	8.32	C	-		
498	44	O	8.32	C	-		
498	45	O	8.32	A	-		
498	46	O	8.32	G	-		
498	47	O	8.32	C	-		
498	48	O	8.32	G	-		
498	49	O	8.32	C	-		
498	50	O	8.32	T	-		
498	51	O	8.32	C	-		
498	52	O	8.32	T	-		
498	53	O	8.32	A	-		
498	54	O	8.32	A	-		
498	55	O	8.32	T	-		
498	56	O	8.32	A	-		
498	57	O	8.32	T	-		
498	58	O	8.32	C	-		
498	59	O	8.32	T	-		
498	60	O	8.32	C	-		
498	61	O	8.32	C	-		
498	62	O	8.32	G	-		
498	63	O	8.32	T	-		
498	64	O	8.32	G	-		
498	65	O	8.32	T	-		
498	66	O	8.32	T	-		
498	67	O	8.32	T	-		
498	68	O	8.32	G	-		
498	69	O	8.32	C	-		
498	70	O	8.32	C	-		
498	71	O	8.32	T	-		
498	72	O	8.32	T	-		
498	73	O	8.32	T	-		
498	74	O	8.32	G	-		
498	75	O	8.32	G	-		
498	76	O	8.32	G	-		
498	77	O	8.32	T	-		
498	78	O	8.32	G	-		
498	79	O	8.32	G	-		
498	80	O	8.32	C	-		
498	81	O	8.32	T	-		
498	82	O	8.32	G	-		
498	83	O	8.32	G	-		
498	84	O	8.32	C	-		
498	85	O	8.32	T	-		
498	86	O	8.32	G	-		
498	87	O	8.32	G	-		
498	88	O	8.32	A	-		
498	89	O	8.32	G	-		
498	90	O	8.32	C	-		
498	91	O	8.32	T	-		
498	92	O	8.32	C	-		
498	93	O	8.32	G	-		
498	94	O	8.32	A	-		
498	95	O	8.32	T	-		
498	96	O	8.32	A	-		
498	97	O	8.32	A	-		
498	98	O	8.32	G	-		
498	99	O	8.32	C	-		
498	100	O	8.32	G	-		
498	101	O	8.32	T	-		
498	102	O	8.32	G	-		
498	103	O	8.32	C	-		
498	104	O	8.32	A	-		
498	105	O	8.32	G	-		
498	106	O	8.32	G	-		
498	107	O	8.32	C	-		
498	108	O	8.32	T	-		
498	109	O	8.32	A	-		
499	0	O	6.93	A	-		
499	1	O	6.93	G	-		
499	2	O	6.93	C	-		
499	3	O	6.93	A	-		
499	4	O	6.93	T	-		
499	5	O	6.93	T	-		
499	6	O	6.93	G	-		
499	7	O	6.93	A	-		
499	8	O	6.93	G	-		
499	9	O	6.93	A	-		
499	10	O	6.93	C	-		
499	11	O	6.93	G	-		
499	12	O	6.93	T	-		
499	13	O	6.93	C	-		
499	14	O	6.93	G	-		
499	15	O	6.93	T	-		
499	16	O	6.93	C	-		
499	17	O	6.93	G	-		
499	18	O	6.93	A	-		
499	19	O	6.93	G	-		
499	20	O	6.93	C	-		
499	21	O	6.93	A	-		
499	22	O	6.93	T	-		
499	23	O	6.93	T	-		
499	24	O	6.93	G	-		
499	25	O	6.93	C	-		
499	26	O	6.93	C	-		
499	27	O	6.93	G	-		
499	28	O	6.93	T	-		
499	29	O	6.93	T	-		
499	30	O	6.93	G	-		
499	31	O	6.93	C	-		
499	32	O	6.93	T	-		
499	33	O	6.93	T	-		
499	34	O	6.93	C	-		
499	35	O	6.93	T	-		
499	36	O	6.93	T	-		
499	37	O	6.93	C	-		
499	38	O	6.93	C	-		
499	39	O	6.93	A	-		
499	40	O	6.93	C	-		
499	41	O	6.93	T	-		
499	42	O	6.93	G	-		
499	43	O	6.93	C	-		
499	44	O	6.93	A	-		
499	45	O	6.93	T	-		
499	46	O	6.93	C	-		
499	47	O	6.93	T	-		
499	48	O	6.93	G	-		
499	49	O	6.93	C	-		
499	50	O	6.93	C	-		
499	51	O	6.93	T	-		
499	52	O	6.93	C	-		
499	53	O	6.93	G	-		
499	54	O	6.93	G	-		
499	55	O	6.93	C	-		
499	56	O	6.93	C	-		
499	57	O	6.93	T	-		
499	58	O	6.93	C	-		
499	59	O	6.93	A	-		
499	60	O	6.93	A	-		
499	61	O	6.93	G	-		
499	62	O	6.93	C	-		
499	63	O	6.93	G	-		
499	64	O	6.93	T	-		
499	65	O	6.93	C	-		
499	66	O	6.93	T	-		
499	67	O	6.93	C	-		
499	68	O	6.93	T	-		
499	69	O	6.93	T	-		
499	70	O	6.93	C	-		
499	71	O	6.93	T	-		
499	72	O	6.93	G	-		
499	73	O	6.93	C	-		
499	74	O	6.93	A	-		
499	75	O	6.93	G	-		
499	76	O	6.93	C	-		
499	77	O	6.93	C	-		
499	78	O	6.93	T	-		
499	79	O	6.93	C	-		
499	80	O	6.93	T	-		
499	81	O	6.93	G	-		
499	82	O	6.93	A	-		
499	83	O	6.93	A	-		
499	84	O	6.93	G	-		
499	85	O	6.93	C	-		
499	86	O	6.93	C	-		
499	87	O	6.93	A	-		
499	88	O	6.93	C	-		
499	89	O	6.93	C	-		
499	90	O	6.93	A	-		
499	91	O	6.93	A	-		
499	92	O	6.93	G	-		
499	93	O	6.93	G	-		
499	94	O	6.93	G	-		
499	95	O	6.93	A	-		
499	96	O	6.93	G	-		
499	97	O	6.93	C	-		
499	98	O	6.93	A	-		
499	99	O	6.93	T	-		
499	100	O	6.93	C	-		
499	101	O	6.93	C	-		
499	102	O	6.93	T	-		
499	103	O	6.93	C	-		
499	104	O	6.93	T	-		
499	105	O	6.93	G	-		
499	106	O	6.93	C	-		
499	107	O	6.93	A	-		
499	108	O	6.93	A	-		
499	109	O	6.93	G	-		
500	0	O	11.09	T	-		
500	1	O	11.09	G	-		
500	2	O	11.09	C	-		
500	3	O	11.09	T	-		
500	4	O	11.09	C	-		
500	5	O	11.09	T	-		
500	6	O	11.09	A	-		
500	7	O	11.09	C	-		
500	8	O	11.09	C	-		
500	9	O	11.09	A	-		
500	10	O	11.09	A	-		
500	11	O	11.09	T	-		
500	12	O	11.09	A	-		
500	13	O	11.09	A	-		
500	14	O	11.09	G	-		
500	15	O	11.09	A	-		
500	16	O	11.09	G	-		
500	17	O	11.09	C	-		
500	18	O	11.09	A	-		
500	19	O	11.09	T	-		
500	20	O	11.09	A	-		
500	21	O	11.09	A	-		
500	22	O	11.09	G	-		
500	23	O	11.09	A	-		
500	24	O	11.09	G	-		
500	25	O	11.09	C	-		
500	26	O	11.09	T	-		
500	27	O	11.09	T	-		
500	28	O	11.09	A	-		
500	29	O	11.09	A	-		
500	30	O	11.09	T	-		
500	31	O	11.09	C	-		
500	32	O	11.09	T	-		
500	33	O	11.09	T	-		
500	34	O	11.09	T	-		
500	35	O	11.09	C	-		
500	36	O	11.09	A	-		
500	37	O	11.09	T	-		
500	38	O	11.09	C	-		
500	39	O	11.09	C	-		
500	40	O	11.09	A	-		
500	41	O	11.09	T	-		
500	42	O	11.09	G	-		
500	43	O	11.09	G	-		
500	44	O	11.09	C	-		
500	45	O	11.09	T	-		
500	46	O	11.09	G	-		
500	47	O	11.09	C	-		
500	48	O	11.09	A	-		
500	49	O	11.09	A	-		
500	50	O	11.09	C	-		
500	51	O	11.09	G	-		
500	52	O	11.09	A	-		
500	53	O	11.09	G	-		
500	54	O	11.09	A	-		
500	55	O	11.09	A	-		
500	56	O	11.09	C	-		
500	57	O	11.09	G	-		
500	58	O	11.09	A	-		
500	59	O	11.09	A	-		
500	60	O	11.09	T	-		
500	61	O	11.09	A	-		
500	62	O	11.09	C	-		
500	63	O	11.09	A	-		
500	64	O	11.09	A	-		
500	65	O	11.09	T	-		
500	66	O	11.09	T	-		
500	67	O	11.09	T	-		
500	68	O	11.09	T	-		
500	69	O	11.09	C	-		
500	70	O	11.09	T	-		
500	71	O	11.09	T	-		
500	72	O	11.09	T	-		
500	73	O	11.09	T	-		
500	74	O	11.09	A	-		
500	75	O	11.09	T	-		
500	76	O	11.09	A	-		
500	77	O	11.09	A	-		
500	78	O	11.09	G	-		
500	79	O	11.09	A	-		
500	80	O	11.09	A	-		
500	81	O	11.09	G	-		
500	82	O	11.09	G	-		
500	83	O	11.09	A	-		
500	84	O	11.09	G	-		
500	85	O	11.09	A	-		
500	86	O	11.09	A	-		
500	87	O	11.09	T	-		
500	88	O	11.09	A	-		
500	89	O	11.09	T	-		
500	90	O	11.09	A	-		
500	91	O	11.09	T	-		
500	92	O	11.09	A	-		
500	93	O	11.09	C	-		
500	94	O	11.09	A	-		
500	95	O	11.09	A	-		
500	96	O	11.09	A	-		
500	97	O	11.09	T	-		
500	98	O	11.09	C	-		
500	99	O	11.09	A	-		
500	100	O	11.09	A	-		
500	101	O	11.09	A	-		
500	102	O	11.09	A	-		
500	103	O	11.09	G	-		
500	104	O	11.09	T	-		
500	105	O	11.09	T	-		
500	106	O	11.09	G	-		
500	107	O	11.09	A	-		
500	108	O	11.09	A	-		
500	109	O	11.09	A	-		
501	0	O	16.64	G	-		
501	1	O	16.64	C	-		
501	2	O	16.64	A	-		
501	3	O	16.64	G	-		
501	4	O	16.64	G	-		
501	5	O	16.64	G	-		
501	6	O	16.64	T	-		
501	7	O	16.64	T	-		
501	8	O	16.64	G	-		
501	9	O	16.64	C	-		
501	10	O	16.64	C	-		
501	11	O	16.64	A	-		
501	12	O	16.64	G	-		
501	13	O	16.64	T	-		
501	14	O	16.64	G	-		
501	15	O	16.64	G	-		
501	16	O	16.64	T	-		
501	17	O	16.64	C	-		
501	18	O	16.64	C	-		
501	19	O	16.64	T	-		
501	20	O	16.64	T	-		
501	21	O	16.64	G	-		
501	22	O	16.64	C	-		
501	23	O	16.64	G	-		
501	24	O	16.64	G	-		
501	25	O	16.64	T	-		
501	26	O	16.64	G	-		
501	27	O	16.64	A	-		
501	28	O	16.64	G	-		
501	29	O	16.64	C	-		
501	30	O	16.64	T	-		
501	31	O	16.64	G	-		
501	32	O	16.64	C	-		
501	33	O	16.64	C	-		
501	34	O	16.64	G	-		
501	35	O	16.64	T	-		
501	36	O	16.64	T	-		
501	37	O	16.64	G	-		
501	38	O	16.64	G	-		
501	39	O	16.64	A	-		
501	40	O	16.64	T	-		
501	41	O	16.64	C	-		
501	42	O	16.64	C	-		
501	43	O	16.64	G	-		
501	44	O	16.64	T	-		
501	45	O	16.64	C	-		
501	46	O	16.64	A	-		
501	47	O	16.64	G	-		
501	48	O	16.64	C	-		
501	49	O	16.64	T	-		
501	50	O	16.64	T	-		
501	51	O	16.64	G	-		
501	52	O	16.64	T	-		
501	53	O	16.64	C	-		
501	54	O	16.64	A	-		
501	55	O	16.64	C	-		
501	56	O	16.64	C	-		
501	57	O	16.64	A	-		
501	58	O	16.64	T	-		
501	59	O	16.64	G	-		
501	60	O	16.64	C	-		
501	61	O	16.64	G	-		
501	62	O	16.64	A	-		
501	63	O	16.64	G	-		
501	64	O	16.64	C	-		
501	65	O	16.64	A	-		
501	66	O	16.64	T	-		
501	67	O	16.64	C	-		
501	68	O	16.64	T	-		
501	69	O	16.64	C	-		
501	70	O	16.64	G	-		
501	71	O	16.64	T	-		
501	72	O	16.64	C	-		
501	73	O	16.64	A	-		
501	74	O	16.64	C	-		
501	75	O	16.64	A	-		
501	76	O	16.64	C	-		
501	77	O	16.64	A	-		
501	78	O	16.64	T	-		
501	79	O	16.64	G	-		
501	80	O	16.64	C	-		
501	81	O	16.64	A	-		
501	82	O	16.64	G	-		
501	83	O	16.64	G	-		
501	84	O	16.64	T	-		
501	85	O	16.64	A	-		
501	86	O	16.64	T	-		
501	87	O	16.64	G	-		
501	88	O	16.64	T	-		
501	89	O	16.64	T	-		
501	90	O	16.64	A	-		
501	91	O	16.64	T	-		
501	92	O	16.64	G	-		
501	93	U	-3.45	T	C		
501	94	O	16.64	T	-		
501	95	U	0.00	-	-		
501	96	U	0.00	-	-		
501	97	U	0.00	-	-		
501	98	O	16.64	C	-		
501	99	O	16.64	G	-		
501	100	O	16.64	A	-		
501	101	O	16.64	C	-		
501	102	O	16.64	C	-		
501	103	O	16.64	G	-		
501	104	O	16.64	C	-		
501	105	O	16.64	C	-		
501	106	O	16.64	T	-		
501	107	O	16.64	A	-		
501	108	O	16.64	C	-		
501	109	O	16.64	T	-		
501	110	U	0.00	-	-		
501	111	U	0.00	-	-		
501	112	U	0.00	-	-		
502	0	O	6.93	A	-		
502	1	O	6.93	G	-		
502	2	O	6.93	A	-		
502	3	O	6.93	G	-		
502	4	O	6.93	T	-		
502	5	O	6.93	G	-		
502	6	O	6.93	G	-		
502	7	O	6.93	A	-		
502	8	O	6.93	T	-		
502	9	O	6.93	T	-		
502	10	O	6.93	G	-		
502	11	O	6.93	T	-		
502	12	O	6.93	T	-		
502	13	O	6.93	G	-		
502	14	O	6.93	G	-		
502	15	O	6.93	T	-		
502	16	O	6.93	T	-		
502	17	O	6.93	C	-		
502	18	O	6.93	G	-		
502	19	O	6.93	A	-		
502	20	O	6.93	T	-		
502	21	O	6.93	C	-		
502	22	O	6.93	T	-		
502	23	O	6.93	C	-		
502	24	O	6.93	C	-		
502	25	O	6.93	A	-		
502	26	O	6.93	G	-		
502	27	O	6.93	G	-		
502	28	O	6.93	A	-		
502	29	O	6.93	G	-		
502	30	O	6.93	C	-		
502	31	O	6.93	A	-		
502	32	O	6.93	A	-		
502	33	O	6.93	G	-		
502	34	O	6.93	A	-		
502	35	O	6.93	G	-		
502	36	O	6.93	T	-		
502	37	O	6.93	A	-		
502	38	O	6.93	T	-		
502	39	O	6.93	T	-		
502	40	O	6.93	A	-		
502	41	O	6.93	T	-		
502	42	O	6.93	A	-		
502	43	O	6.93	A	-		
502	44	O	6.93	A	-		
502	45	O	6.93	C	-		
502	46	O	6.93	A	-		
502	47	O	6.93	T	-		
502	48	O	6.93	A	-		
502	49	O	6.93	T	-		
502	50	O	6.93	T	-		
502	51	O	6.93	G	-		
502	52	O	6.93	A	-		
502	53	O	6.93	A	-		
502	54	O	6.93	A	-		
502	55	O	6.93	A	-		
502	56	O	6.93	G	-		
502	57	O	6.93	C	-		
502	58	O	6.93	C	-		
502	59	O	6.93	C	-		
502	60	O	6.93	T	-		
502	61	O	6.93	T	-		
502	62	O	6.93	T	-		
502	63	O	6.93	A	-		
502	64	O	6.93	C	-		
502	65	O	6.93	T	-		
502	66	O	6.93	T	-		
502	67	O	6.93	T	-		
502	68	O	6.93	G	-		
502	69	O	6.93	C	-		
502	70	O	6.93	C	-		
502	71	O	6.93	A	-		
502	72	O	6.93	A	-		
502	73	O	6.93	T	-		
502	74	O	6.93	C	-		
502	75	O	6.93	T	-		
502	76	O	6.93	G	-		
502	77	O	6.93	G	-		
502	78	O	6.93	T	-		
502	79	O	6.93	G	-		
502	80	O	6.93	T	-		
502	81	O	6.93	C	-		
502	82	O	6.93	A	-		
502	83	O	6.93	C	-		
502	84	O	6.93	G	-		
502	85	O	6.93	G	-		
502	86	O	6.93	A	-		
502	87	O	6.93	G	-		
502	88	O	6.93	A	-		
502	89	O	6.93	G	-		
502	90	O	6.93	T	-		
502	91	O	6.93	G	-		
502	92	O	6.93	A	-		
502	93	O	6.93	C	-		
502	94	O	6.93	A	-		
502	95	O	6.93	T	-		
502	96	O	6.93	A	-		
502	97	O	6.93	A	-		
502	98	O	6.93	A	-		
502	99	O	6.93	C	-		
502	100	O	6.93	T	-		
502	101	O	6.93	C	-		
502	102	O	6.93	T	-		
502	103	O	6.93	C	-		
502	104	O	6.93	G	-		
502	105	O	6.93	G	-		
502	106	O	6.93	A	-		
502	107	O	6.93	G	-		
502	108	O	6.93	A	-		
502	109	O	6.93	A	-		
503	0	O	6.93	C	-		
503	1	O	6.93	G	-		
503	2	O	6.93	C	-		
503	3	O	6.93	T	-		
503	4	O	6.93	T	-		
503	5	O	6.93	G	-		
503	6	O	6.93	T	-		
503	7	O	6.93	A	-		
503	8	O	6.93	T	-		
503	9	O	6.93	T	-		
503	10	O	6.93	T	-		
503	11	O	6.93	A	-		
503	12	O	6.93	T	-		
503	13	O	6.93	A	-		
503	14	O	6.93	C	-		
503	15	O	6.93	T	-		
503	16	O	6.93	A	-		
503	17	O	6.93	G	-		
503	18	O	6.93	A	-		
503	19	O	6.93	T	-		
503	20	O	6.93	G	-		
503	21	O	6.93	C	-		
503	22	O	6.93	G	-		
503	23	O	6.93	T	-		
503	24	O	6.93	C	-		
503	25	O	6.93	T	-		
503	26	O	6.93	G	-		
503	27	O	6.93	C	-		
503	28	O	6.93	T	-		
503	29	O	6.93	A	-		
503	30	O	6.93	T	-		
503	31	O	6.93	T	-		
503	32	O	6.93	T	-		
503	33	O	6.93	T	-		
503	34	O	6.93	G	-		
503	35	O	6.93	A	-		
503	36	O	6.93	A	-		
503	37	O	6.93	G	-		
503	38	O	6.93	T	-		
503	39	O	6.93	G	-		
503	40	O	6.93	A	-		
503	41	O	6.93	G	-		
503	42	O	6.93	C	-		
503	43	O	6.93	T	-		
503	44	O	6.93	C	-		
503	45	O	6.93	A	-		
503	46	O	6.93	G	-		
503	47	O	6.93	T	-		
503	48	O	6.93	C	-		
503	49	O	6.93	T	-		
503	50	O	6.93	G	-		
503	51	O	6.93	A	-		
503	52	O	6.93	G	-		
503	53	O	6.93	A	-		
503	54	O	6.93	T	-		
503	55	O	6.93	C	-		
503	56	O	6.93	C	-		
503	57	O	6.93	G	-		
503	58	O	6.93	C	-		
503	59	O	6.93	G	-		
503	60	O	6.93	T	-		
503	61	O	6.93	G	-		
503	62	O	6.93	A	-		
503	63	O	6.93	A	-		
503	64	O	6.93	T	-		
503	65	O	6.93	G	-		
503	66	O	6.93	C	-		
503	67	O	6.93	A	-		
503	68	O	6.93	G	-		
503	69	O	6.93	C	-		
503	70	O	6.93	T	-		
503	71	O	6.93	G	-		
503	72	O	6.93	T	-		
503	73	O	6.93	A	-		
503	74	O	6.93	T	-		
503	75	O	6.93	G	-		
503	76	O	6.93	A	-		
503	77	O	6.93	T	-		
503	78	O	6.93	A	-		
503	79	O	6.93	G	-		
503	80	O	6.93	A	-		
503	81	O	6.93	C	-		
503	82	O	6.93	T	-		
503	83	O	6.93	G	-		
503	84	O	6.93	G	-		
503	85	O	6.93	C	-		
503	86	O	6.93	T	-		
503	87	O	6.93	A	-		
503	88	O	6.93	A	-		
503	89	O	6.93	C	-		
503	90	O	6.93	A	-		
503	91	O	6.93	G	-		
503	92	O	6.93	G	-		
503	93	O	6.93	T	-		
503	94	O	6.93	A	-		
503	95	O	6.93	G	-		
503	96	O	6.93	T	-		
503	97	O	6.93	C	-		
503	98	O	6.93	A	-		
503	99	O	6.93	C	-		
503	100	O	6.93	G	-		
503	101	O	6.93	A	-		
503	102	O	6.93	G	-		
503	103	O	6.93	C	-		
503	104	O	6.93	T	-		
503	105	O	6.93	G	-		
503	106	O	6.93	T	-		
503	107	O	6.93	A	-		
503	108	O	6.93	T	-		
503	109	O	6.93	C	-		
504	0	O	5.55	C	-		
504	1	O	5.55	G	-		
504	2	O	5.55	T	-		
504	3	O	5.55	C	-		
504	4	O	5.55	G	-		
504	5	O	5.55	G	-		
504	6	O	5.55	C	-		
504	7	O	5.55	G	-		
504	8	O	5.55	C	-		
504	9	O	5.55	G	-		
504	10	O	5.55	G	-		
504	11	O	5.55	T	-		
504	12	O	5.55	C	-		
504	13	O	5.55	T	-		
504	14	O	5.55	C	-		
504	15	O	5.55	G	-		
504	16	O	5.55	G	-		
504	17	O	5.55	C	-		
504	18	O	5.55	G	-		
504	19	O	5.55	C	-		
504	20	O	5.55	C	-		
504	21	O	5.55	G	-		
504	22	O	5.55	G	-		
504	23	O	5.55	G	-		
504	24	O	5.55	C	-		
504	25	O	5.55	G	-		
504	26	O	5.55	T	-		
504	27	O	5.55	G	-		
504	28	O	5.55	G	-		
504	29	O	5.55	T	-		
504	30	O	5.55	C	-		
504	31	O	5.55	G	-		
504	32	O	5.55	C	-		
504	33	O	5.55	T	-		
504	34	O	5.55	G	-		
504	35	O	5.55	C	-		
504	36	O	5.55	G	-		
504	37	O	5.55	A	-		
504	38	O	5.55	A	-		
504	39	O	5.55	C	-		
504	40	O	5.55	G	-		
504	41	O	5.55	G	-		
504	42	O	5.55	C	-		
504	43	O	5.55	A	-		
504	44	O	5.55	C	-		
504	45	O	5.55	C	-		
504	46	O	5.55	A	-		
504	47	O	5.55	T	-		
504	48	O	5.55	C	-		
504	49	O	5.55	G	-		
504	50	O	5.55	G	-		
504	51	O	5.55	C	-		
504	52	O	5.55	T	-		
504	53	O	5.55	T	-		
504	54	O	5.55	G	-		
504	55	O	5.55	G	-		
504	56	O	5.55	C	-		
504	57	O	5.55	G	-		
504	58	O	5.55	C	-		
504	59	O	5.55	C	-		
504	60	O	5.55	A	-		
504	61	O	5.55	T	-		
504	62	O	5.55	A	-		
504	63	O	5.55	A	-		
504	64	O	5.55	A	-		
504	65	O	5.55	A	-		
504	66	O	5.55	G	-		
504	67	O	5.55	A	-		
504	68	O	5.55	T	-		
504	69	O	5.55	C	-		
504	70	O	5.55	T	-		
504	71	O	5.55	T	-		
504	72	O	5.55	C	-		
504	73	O	5.55	G	-		
504	74	O	5.55	C	-		
504	75	O	5.55	G	-		
504	76	O	5.55	C	-		
504	77	O	5.55	C	-		
504	78	O	5.55	G	-		
504	79	O	5.55	A	-		
504	80	O	5.55	C	-		
504	81	O	5.55	C	-		
504	82	O	5.55	G	-		
504	83	O	5.55	C	-		
504	84	O	5.55	G	-		
504	85	O	5.55	T	-		
504	86	O	5.55	C	-		
504	87	O	5.55	G	-		
504	88	O	5.55	G	-		
504	89	O	5.55	G	-		
504	90	O	5.55	G	-		
504	91	O	5.55	A	-		
504	92	O	5.55	A	-		
504	93	O	5.55	G	-		
504	94	O	5.55	G	-		
504	95	O	5.55	T	-		
504	96	O	5.55	G	-		
504	97	O	5.55	C	-		
504	98	O	5.55	G	-		
504	99	O	5.55	G	-		
504	100	O	5.55	A	-		
504	101	O	5.55	T	-		
504	102	O	5.55	C	-		
504	103	O	5.55	T	-		
504	104	O	5.55	T	-		
504	105	O	5.55	C	-		
504	106	O	5.55	G	-		
504	107	O	5.55	T	-		
504	108	O	5.55	A	-		
504	109	O	5.55	T	-		
505	0	O	5.55	G	-		
505	1	O	5.55	G	-		
505	2	O	5.55	C	-		
505	3	O	5.55	A	-		
505	4	O	5.55	G	-		
505	5	O	5.55	C	-		
505	6	O	5.55	G	-		
505	7	O	5.55	C	-		
505	8	O	5.55	A	-		
505	9	O	5.55	A	-		
505	10	O	5.55	A	-		
505	11	O	5.55	C	-		
505	12	O	5.55	A	-		
505	13	O	5.55	A	-		
505	14	O	5.55	G	-		
505	15	O	5.55	C	-		
505	16	O	5.55	T	-		
505	17	O	5.55	C	-		
505	18	O	5.55	T	-		
505	19	O	5.55	C	-		
505	20	O	5.55	G	-		
505	21	O	5.55	C	-		
505	22	O	5.55	C	-		
505	23	O	5.55	G	-		
505	24	O	5.55	G	-		
505	25	O	5.55	C	-		
505	26	O	5.55	G	-		
505	27	O	5.55	C	-		
505	28	O	5.55	A	-		
505	29	O	5.55	C	-		
505	30	O	5.55	A	-		
505	31	O	5.55	A	-		
505	32	O	5.55	A	-		
505	33	O	5.55	C	-		
505	34	O	5.55	A	-		
505	35	O	5.55	C	-		
505	36	O	5.55	G	-		
505	37	O	5.55	A	-		
505	38	O	5.55	G	-		
505	39	O	5.55	C	-		
505	40	O	5.55	T	-		
505	41	O	5.55	T	-		
505	42	O	5.55	A	-		
505	43	O	5.55	C	-		
505	44	O	5.55	T	-		
505	45	O	5.55	G	-		
505	46	O	5.55	G	-		
505	47	O	5.55	C	-		
505	48	O	5.55	G	-		
505	49	O	5.55	C	-		
505	50	O	5.55	C	-		
505	51	O	5.55	C	-		
505	52	O	5.55	A	-		
505	53	O	5.55	A	-		
505	54	O	5.55	A	-		
505	55	O	5.55	G	-		
505	56	O	5.55	C	-		
505	57	O	5.55	C	-		
505	58	O	5.55	C	-		
505	59	O	5.55	A	-		
505	60	O	5.55	A	-		
505	61	O	5.55	A	-		
505	62	O	5.55	C	-		
505	63	O	5.55	A	-		
505	64	O	5.55	A	-		
505	65	O	5.55	A	-		
505	66	O	5.55	C	-		
505	67	O	5.55	G	-		
505	68	O	5.55	C	-		
505	69	O	5.55	G	-		
505	70	O	5.55	T	-		
505	71	O	5.55	C	-		
505	72	O	5.55	C	-		
505	73	O	5.55	G	-		
505	74	O	5.55	C	-		
505	75	O	5.55	G	-		
505	76	O	5.55	C	-		
505	77	O	5.55	G	-		
505	78	O	5.55	C	-		
505	79	O	5.55	G	-		
505	80	O	5.55	A	-		
505	81	O	5.55	G	-		
505	82	O	5.55	A	-		
505	83	O	5.55	G	-		
505	84	O	5.55	A	-		
505	85	O	5.55	G	-		
505	86	O	5.55	A	-		
505	87	O	5.55	G	-		
505	88	O	5.55	A	-		
505	89	O	5.55	G	-		
505	90	O	5.55	A	-		
505	91	O	5.55	G	-		
505	92	O	5.55	A	-		
505	93	O	5.55	G	-		
505	94	O	5.55	A	-		
505	95	O	5.55	G	-		
505	96	O	5.55	A	-		
505	97	O	5.55	G	-		
505	98	O	5.55	A	-		
505	99	O	5.55	G	-		
505	100	O	5.55	A	-		
505	101	O	5.55	G	-		
505	102	O	5.55	T	-		
505	103	O	5.55	G	-		
505	104	O	5.55	C	-		
505	105	O	5.55	A	-		
505	106	O	5.55	G	-		
505	107	O	5.55	G	-		
505	108	O	5.55	C	-		
505	109	O	5.55	G	-		
506	0	O	6.93	A	-		
506	1	O	6.93	C	-		
506	2	O	6.93	T	-		
506	3	O	6.93	T	-		
506	4	O	6.93	G	-		
506	5	O	6.93	C	-		
506	6	O	6.93	C	-		
506	7	O	6.93	G	-		
506	8	O	6.93	C	-		
506	9	O	6.93	A	-		
506	10	O	6.93	A	-		
506	11	O	6.93	T	-		
506	12	O	6.93	C	-		
506	13	O	6.93	G	-		
506	14	O	6.93	G	-		
506	15	O	6.93	C	-		
506	16	O	6.93	C	-		
506	17	O	6.93	T	-		
506	18	O	6.93	T	-		
506	19	O	6.93	A	-		
506	20	O	6.93	C	-		
506	21	O	6.93	G	-		
506	22	O	6.93	C	-		
506	23	O	6.93	C	-		
506	24	O	6.93	G	-		
506	25	O	6.93	T	-		
506	26	O	6.93	A	-		
506	27	O	6.93	A	-		
506	28	U	-0.27	A	G		
506	29	O	6.93	G	-		
506	30	O	6.93	G	-		
506	31	O	6.93	T	-		
506	32	O	6.93	C	-		
506	33	O	6.93	G	-		
506	34	O	6.93	G	-		
506	35	O	6.93	A	-		
506	36	O	6.93	T	-		
506	37	O	6.93	A	-		
506	38	O	6.93	G	-		
506	39	O	6.93	A	-		
506	40	O	6.93	C	-		
506	41	O	6.93	A	-		
506	42	O	6.93	T	-		
506	43	O	6.93	A	-		
506	44	O	6.93	A	-		
506	45	O	6.93	G	-		
506	46	O	6.93	G	-		
506	47	O	6.93	G	-		
506	48	O	6.93	C	-		
506	49	O	6.93	A	-		
506	50	O	6.93	G	-		
506	51	O	6.93	A	-		
506	52	O	6.93	C	-		
506	53	O	6.93	A	-		
506	54	O	6.93	C	-		
506	55	O	6.93	G	-		
506	56	O	6.93	A	-		
506	57	O	6.93	A	-		
506	58	O	6.93	C	-		
506	59	O	6.93	G	-		
506	60	O	6.93	G	-		
506	61	O	6.93	A	-		
506	62	O	6.93	T	-		
506	63	O	6.93	G	-		
506	64	O	6.93	C	-		
506	65	O	6.93	C	-		
506	66	O	6.93	C	-		
506	67	O	6.93	G	-		
506	68	O	6.93	C	-		
506	69	O	6.93	G	-		
506	70	O	6.93	C	-		
506	71	O	6.93	G	-		
506	72	O	6.93	C	-		
506	73	O	6.93	G	-		
506	74	O	6.93	A	-		
506	75	O	6.93	C	-		
506	76	O	6.93	T	-		
506	77	O	6.93	A	-		
506	78	O	6.93	T	-		
506	79	O	6.93	G	-		
506	80	O	6.93	C	-		
506	81	O	6.93	T	-		
506	82	O	6.93	C	-		
506	83	O	6.93	G	-		
506	84	O	6.93	A	-		
506	85	O	6.93	A	-		
506	86	O	6.93	C	-		
506	87	O	6.93	G	-		
506	88	O	6.93	G	-		
506	89	O	6.93	T	-		
506	90	O	6.93	C	-		
506	91	O	6.93	T	-		
506	92	O	6.93	A	-		
506	93	O	6.93	G	-		
506	94	O	6.93	A	-		
506	95	O	6.93	C	-		
506	96	O	6.93	G	-		
506	97	O	6.93	A	-		
506	98	O	6.93	A	-		
506	99	O	6.93	T	-		
506	100	O	6.93	T	-		
506	101	O	6.93	G	-		
506	102	O	6.93	G	-		
506	103	O	6.93	T	-		
506	104	O	6.93	G	-		
506	105	O	6.93	A	-		
506	106	O	6.93	G	-		
506	107	O	6.93	G	-		
506	108	O	6.93	G	-		
506	109	O	6.93	C	-		
507	0	O	13.86	G	-		
507	1	O	13.86	A	-		
507	2	O	13.86	G	-		
507	3	O	13.86	A	-		
507	4	O	13.86	T	-		
507	5	O	13.86	G	-		
507	6	O	13.86	A	-		
507	7	O	13.86	C	-		
507	8	O	13.86	G	-		
507	9	O	13.86	A	-		
507	10	O	13.86	G	-		
507	11	O	13.86	G	-		
507	12	O	13.86	A	-		
507	13	O	13.86	G	-		
507	14	O	13.86	A	-		
507	15	O	13.86	C	-		
507	16	O	13.86	T	-		
507	17	O	13.86	T	-		
507	18	O	13.86	C	-		
507	19	O	13.86	A	-		
507	20	O	13.86	T	-		
507	21	O	13.86	G	-		
507	22	O	13.86	C	-		
507	23	O	13.86	G	-		
507	24	O	13.86	G	-		
507	25	O	13.86	C	-		
507	26	O	13.86	T	-		
507	27	O	13.86	A	-		
507	28	O	13.86	G	-		
507	29	O	13.86	C	-		
507	30	O	13.86	A	-		
507	31	O	13.86	A	-		
507	32	O	13.86	A	-		
507	33	O	13.86	G	-		
507	34	O	13.86	T	-		
507	35	O	13.86	C	-		
507	36	O	13.86	G	-		
507	37	O	13.86	A	-		
507	38	O	13.86	T	-		
507	39	O	13.86	G	-		
507	40	O	13.86	G	-		
507	41	O	13.86	T	-		
507	42	O	13.86	G	-		
507	43	O	13.86	T	-		
507	44	O	13.86	T	-		
507	45	O	13.86	C	-		
507	46	O	13.86	T	-		
507	47	O	13.86	C	-		
507	48	O	13.86	A	-		
507	49	O	13.86	A	-		
507	50	O	13.86	C	-		
507	51	O	13.86	T	-		
507	52	O	13.86	G	-		
507	53	O	13.86	A	-		
507	54	O	13.86	A	-		
507	55	O	13.86	A	-		
507	56	O	13.86	G	-		
507	57	O	13.86	G	-		
507	58	O	13.86	G	-		
507	59	O	13.86	T	-		
507	60	O	13.86	C	-		
507	61	O	13.86	G	-		
507	62	O	13.86	G	-		
507	63	O	13.86	G	-		
507	64	O	13.86	A	-		
507	65	O	13.86	A	-		
507	66	O	13.86	G	-		
507	67	O	13.86	A	-		
507	68	O	13.86	A	-		
507	69	O	13.86	A	-		
507	70	O	13.86	A	-		
507	71	O	13.86	C	-		
507	72	O	13.86	C	-		
507	73	O	13.86	T	-		
507	74	O	13.86	C	-		
507	75	O	13.86	C	-		
507	76	O	13.86	T	-		
507	77	O	13.86	C	-		
507	78	O	13.86	C	-		
507	79	O	13.86	T	-		
507	80	O	13.86	C	-		
507	81	O	13.86	G	-		
507	82	O	13.86	G	-		
507	83	O	13.86	T	-		
507	84	O	13.86	G	-		
507	85	O	13.86	T	-		
507	86	O	13.86	T	-		
507	87	O	13.86	C	-		
507	88	O	13.86	A	-		
507	89	O	13.86	T	-		
507	90	O	13.86	C	-		
507	91	O	13.86	A	-		
507	92	O	13.86	C	-		
507	93	O	13.86	G	-		
507	94	O	13.86	A	-		
507	95	O	13.86	T	-		
507	96	O	13.86	C	-		
507	97	O	13.86	T	-		
507	98	O	13.86	G	-		
507	99	O	13.86	G	-		
507	100	O	13.86	C	-		
507	101	O	13.86	C	-		
507	102	O	13.86	A	-		
507	103	O	13.86	C	-		
507	104	O	13.86	T	-		
507	105	O	13.86	G	-		
507	106	O	13.86	T	-		
507	107	O	13.86	A	-		
507	108	O	13.86	T	-		
507	109	O	13.86	G	-		
508	0	O	5.55	A	-		
508	1	O	5.55	G	-		
508	2	O	5.55	C	-		
508	3	O	5.55	T	-		
508	4	O	5.55	G	-		
508	5	O	5.55	A	-		
508	6	O	5.55	C	-		
508	7	O	5.55	C	-		
508	8	O	5.55	G	-		
508	9	O	5.55	A	-		
508	10	O	5.55	C	-		
508	11	O	5.55	T	-		
508	12	O	5.55	T	-		
508	13	O	5.55	C	-		
508	14	O	5.55	A	-		
508	15	O	5.55	A	-		
508	16	O	5.55	A	-		
508	17	O	5.55	C	-		
508	18	O	5.55	T	-		
508	19	O	5.55	G	-		
508	20	O	5.55	C	-		
508	21	O	5.55	A	-		
508	22	O	5.55	A	-		
508	23	O	5.55	C	-		
508	24	O	5.55	T	-		
508	25	O	5.55	A	-		
508	26	O	5.55	A	-		
508	27	O	5.55	A	-		
508	28	O	5.55	G	-		
508	29	O	5.55	A	-		
508	30	O	5.55	T	-		
508	31	O	5.55	T	-		
508	32	O	5.55	A	-		
508	33	O	5.55	A	-		
508	34	O	5.55	C	-		
508	35	O	5.55	A	-		
508	36	O	5.55	T	-		
508	37	O	5.55	G	-		
508	38	O	5.55	A	-		
508	39	O	5.55	A	-		
508	40	O	5.55	C	-		
508	41	O	5.55	C	-		
508	42	O	5.55	C	-		
508	43	O	5.55	T	-		
508	44	O	5.55	C	-		
508	45	O	5.55	T	-		
508	46	O	5.55	G	-		
508	47	O	5.55	A	-		
508	48	O	5.55	C	-		
508	49	O	5.55	T	-		
508	50	O	5.55	C	-		
508	51	O	5.55	T	-		
508	52	O	5.55	G	-		
508	53	O	5.55	C	-		
508	54	O	5.55	G	-		
508	55	O	5.55	C	-		
508	56	O	5.55	C	-		
508	57	O	5.55	A	-		
508	58	O	5.55	A	-		
508	59	O	5.55	C	-		
508	60	O	5.55	A	-		
508	61	O	5.55	A	-		
508	62	O	5.55	T	-		
508	63	O	5.55	C	-		
508	64	O	5.55	C	-		
508	65	O	5.55	G	-		
508	66	O	5.55	C	-		
508	67	O	5.55	T	-		
508	68	O	5.55	C	-		
508	69	O	5.55	A	-		
508	70	O	5.55	A	-		
508	71	O	5.55	C	-		
508	72	O	5.55	T	-		
508	73	O	5.55	G	-		
508	74	O	5.55	C	-		
508	75	O	5.55	T	-		
508	76	O	5.55	C	-		
508	77	O	5.55	A	-		
508	78	O	5.55	G	-		
508	79	O	5.55	A	-		
508	80	O	5.55	T	-		
508	81	O	5.55	G	-		
508	82	O	5.55	G	-		
508	83	O	5.55	G	-		
508	84	O	5.55	C	-		
508	85	O	5.55	T	-		
508	86	O	5.55	A	-		
508	87	O	5.55	T	-		
508	88	O	5.55	G	-		
508	89	O	5.55	C	-		
508	90	O	5.55	C	-		
508	91	O	5.55	A	-		
508	92	O	5.55	A	-		
508	93	O	5.55	A	-		
508	94	O	5.55	C	-		
508	95	O	5.55	C	-		
508	96	O	5.55	T	-		
508	97	O	5.55	G	-		
508	98	O	5.55	A	-		
508	99	O	5.55	T	-		
508	100	O	5.55	C	-		
508	101	O	5.55	A	-		
508	102	O	5.55	A	-		
508	103	O	5.55	G	-		
508	104	O	5.55	A	-		
508	105	O	5.55	T	-		
508	106	O	5.55	G	-		
508	107	O	5.55	C	-		
508	108	O	5.55	A	-		
508	109	O	5.55	A	-		
509	0	O	11.09	T	-		
509	1	O	11.09	G	-		
509	2	O	11.09	G	-		
509	3	O	11.09	G	-		
509	4	O	11.09	C	-		
509	5	O	11.09	T	-		
509	6	O	11.09	G	-		
509	7	O	11.09	A	-		
509	8	O	11.09	A	-		
509	9	O	11.09	G	-		
509	10	O	11.09	T	-		
509	11	O	11.09	A	-		
509	12	O	11.09	G	-		
509	13	O	11.09	G	-		
509	14	O	11.09	A	-		
509	15	O	11.09	T	-		
509	16	O	11.09	A	-		
509	17	O	11.09	T	-		
509	18	O	11.09	G	-		
509	19	O	11.09	A	-		
509	20	O	11.09	A	-		
509	21	O	11.09	G	-		
509	22	O	11.09	G	-		
509	23	O	11.09	T	-		
509	24	O	11.09	C	-		
509	25	O	11.09	G	-		
509	26	O	11.09	T	-		
509	27	O	11.09	G	-		
509	28	O	11.09	G	-		
509	29	O	11.09	C	-		
509	30	O	11.09	G	-		
509	31	O	11.09	C	-		
509	32	O	11.09	T	-		
509	33	O	11.09	G	-		
509	34	O	11.09	C	-		
509	35	O	11.09	T	-		
509	36	O	11.09	G	-		
509	37	O	11.09	A	-		
509	38	O	11.09	T	-		
509	39	O	11.09	A	-		
509	40	O	11.09	C	-		
509	41	O	11.09	C	-		
509	42	O	11.09	A	-		
509	43	O	11.09	T	-		
509	44	O	11.09	C	-		
509	45	O	11.09	G	-		
509	46	O	11.09	C	-		
509	47	O	11.09	T	-		
509	48	O	11.09	G	-		
509	49	O	11.09	T	-		
509	50	O	11.09	C	-		
509	51	O	11.09	G	-		
509	52	O	11.09	T	-		
509	53	O	11.09	C	-		
509	54	O	11.09	G	-		
509	55	O	11.09	A	-		
509	56	O	11.09	G	-		
509	57	O	11.09	A	-		
509	58	O	11.09	G	-		
509	59	O	11.09	T	-		
509	60	O	11.09	G	-		
509	61	O	11.09	G	-		
509	62	O	11.09	G	-		
509	63	O	11.09	T	-		
509	64	O	11.09	G	-		
509	65	O	11.09	A	-		
509	66	O	11.09	T	-		
509	67	O	11.09	T	-		
509	68	O	11.09	C	-		
509	69	O	11.09	A	-		
509	70	O	11.09	G	-		
509	71	O	11.09	A	-		
509	72	O	11.09	G	-		
509	73	O	11.09	A	-		
509	74	O	11.09	G	-		
509	75	O	11.09	G	-		
509	76	O	11.09	G	-		
509	77	O	11.09	C	-		
509	78	O	11.09	G	-		
509	79	O	11.09	C	-		
509	80	O	11.09	G	-		
509	81	O	11.09	G	-		
509	82	O	11.09	G	-		
509	83	O	11.09	C	-		
509	84	O	11.09	G	-		
509	85	O	11.09	C	-		
509	86	O	11.09	C	-		
509	87	O	11.09	T	-		
509	88	O	11.09	G	-		
509	89	O	11.09	A	-		
509	90	O	11.09	T	-		
509	91	O	11.09	T	-		
509	92	O	11.09	C	-		
509	93	O	11.09	G	-		
509	94	O	11.09	C	-		
509	95	O	11.09	G	-		
509	96	O	11.09	A	-		
509	97	O	11.09	A	-		
509	98	O	11.09	C	-		
509	99	O	11.09	T	-		
509	100	O	11.09	G	-		
509	101	O	11.09	C	-		
509	102	O	11.09	T	-		
509	103	O	11.09	G	-		
509	104	O	11.09	G	-		
509	105	O	11.09	G	-		
509	106	O	11.09	A	-		
509	107	O	11.09	T	-		
509	108	O	11.09	A	-		
509	109	O	11.09	A	-		
510	0	O	8.32	A	-		
510	1	O	8.32	A	-		
510	2	O	8.32	C	-		
510	3	O	8.32	A	-		
510	4	O	8.32	A	-		
510	5	O	8.32	G	-		
510	6	O	8.32	C	-		
510	7	O	8.32	A	-		
510	8	O	8.32	G	-		
510	9	O	8.32	A	-		
510	10	O	8.32	A	-		
510	11	O	8.32	G	-		
510	12	O	8.32	G	-		
510	13	O	8.32	T	-		
510	14	O	8.32	T	-		
510	15	O	8.32	G	-		
510	16	O	8.32	A	-		
510	17	O	8.32	G	-		
510	18	O	8.32	C	-		
510	19	O	8.32	T	-		
510	20	O	8.32	G	-		
510	21	O	8.32	T	-		
510	22	O	8.32	T	-		
510	23	O	8.32	C	-		
510	24	O	8.32	A	-		
510	25	O	8.32	A	-		
510	26	O	8.32	C	-		
510	27	O	8.32	G	-		
510	28	O	8.32	A	-		
510	29	O	8.32	G	-		
510	30	O	8.32	C	-		
510	31	O	8.32	A	-		
510	32	O	8.32	T	-		
510	33	O	8.32	C	-		
510	34	O	8.32	T	-		
510	35	O	8.32	C	-		
510	36	O	8.32	A	-		
510	37	O	8.32	G	-		
510	38	O	8.32	C	-		
510	39	O	8.32	G	-		
510	40	O	8.32	A	-		
510	41	O	8.32	G	-		
510	42	O	8.32	T	-		
510	43	O	8.32	C	-		
510	44	O	8.32	T	-		
510	45	O	8.32	G	-		
510	46	O	8.32	C	-		
510	47	O	8.32	C	-		
510	48	O	8.32	G	-		
510	49	O	8.32	G	-		
510	50	O	8.32	A	-		
510	51	O	8.32	T	-		
510	52	O	8.32	T	-		
510	53	O	8.32	C	-		
510	54	O	8.32	T	-		
510	55	O	8.32	C	-		
510	56	O	8.32	G	-		
510	57	O	8.32	C	-		
510	58	O	8.32	T	-		
510	59	O	8.32	C	-		
510	60	O	8.32	G	-		
510	61	O	8.32	G	-		
510	62	O	8.32	A	-		
510	63	O	8.32	T	-		
510	64	O	8.32	T	-		
510	65	O	8.32	G	-		
510	66	O	8.32	A	-		
510	67	O	8.32	A	-		
510	68	O	8.32	C	-		
510	69	O	8.32	C	-		
510	70	O	8.32	A	-		
510	71	O	8.32	T	-		
510	72	O	8.32	C	-		
510	73	O	8.32	T	-		
510	74	O	8.32	G	-		
510	75	O	8.32	A	-		
510	76	O	8.32	G	-		
510	77	O	8.32	C	-		
510	78	O	8.32	G	-		
510	79	O	8.32	A	-		
510	80	O	8.32	C	-		
510	81	O	8.32	T	-		
510	82	O	8.32	G	-		
510	83	O	8.32	G	-		
510	84	U	0.71	A	G		
510	85	O	8.32	C	-		
510	86	O	8.32	T	-		
510	87	O	8.32	G	-		
510	88	O	8.32	A	-		
510	89	O	8.32	G	-		
510	90	O	8.32	G	-		
510	91	O	8.32	C	-		
510	92	O	8.32	T	-		
510	93	O	8.32	G	-		
510	94	O	8.32	A	-		
510	95	O	8.32	A	-		
510	96	O	8.32	T	-		
510	97	O	8.32	A	-		
510	98	O	8.32	C	-		
510	99	O	8.32	G	-		
510	100	O	8.32	C	-		
510	101	O	8.32	C	-		
510	102	O	8.32	A	-		
510	103	O	8.32	G	-		
510	104	O	8.32	A	-		
510	105	O	8.32	A	-		
510	106	O	8.32	T	-		
510	107	O	8.32	C	-		
510	108	O	8.32	A	-		
510	109	O	8.32	A	-		
511	0	O	9.70	A	-		
511	1	O	9.70	T	-		
511	2	O	9.70	C	-		
511	3	O	9.70	T	-		
511	4	O	9.70	G	-		
511	5	O	9.70	G	-		
511	6	O	9.70	G	-		
511	7	O	9.70	C	-		
511	8	O	9.70	G	-		
511	9	O	9.70	G	-		
511	10	O	9.70	A	-		
511	11	O	9.70	T	-		
511	12	O	9.70	C	-		
511	13	O	9.70	C	-		
511	14	O	9.70	T	-		
511	15	O	9.70	G	-		
511	16	O	9.70	C	-		
511	17	O	9.70	G	-		
511	18	O	9.70	G	-		
511	19	O	9.70	C	-		
511	20	O	9.70	C	-		
511	21	O	9.70	A	-		
511	22	O	9.70	A	-		
511	23	O	9.70	T	-		
511	24	O	9.70	A	-		
511	25	O	9.70	T	-		
511	26	O	9.70	C	-		
511	27	O	9.70	A	-		
511	28	O	9.70	C	-		
511	29	O	9.70	T	-		
511	30	O	9.70	T	-		
511	31	O	9.70	G	-		
511	32	O	9.70	G	-		
511	33	O	9.70	G	-		
511	34	O	9.70	C	-		
511	35	O	9.70	A	-		
511	36	O	9.70	T	-		
511	37	O	9.70	T	-		
511	38	O	9.70	T	-		
511	39	O	9.70	T	-		
511	40	O	9.70	A	-		
511	41	O	9.70	A	-		
511	42	O	9.70	T	-		
511	43	O	9.70	A	-		
511	44	O	9.70	T	-		
511	45	O	9.70	G	-		
511	46	O	9.70	C	-		
511	47	O	9.70	A	-		
511	48	O	9.70	C	-		
511	49	O	9.70	A	-		
511	50	O	9.70	C	-		
511	51	O	9.70	T	-		
511	52	O	9.70	A	-		
511	53	O	9.70	A	-		
511	54	O	9.70	C	-		
511	55	O	9.70	A	-		
511	56	O	9.70	C	-		
511	57	O	9.70	T	-		
511	58	O	9.70	G	-		
511	59	O	9.70	G	-		
511	60	O	9.70	C	-		
511	61	O	9.70	C	-		
511	62	O	9.70	G	-		
511	63	O	9.70	G	-		
511	64	O	9.70	A	-		
511	65	O	9.70	C	-		
511	66	O	9.70	T	-		
511	67	O	9.70	G	-		
511	68	O	9.70	A	-		
511	69	O	9.70	T	-		
511	70	O	9.70	C	-		
511	71	O	9.70	C	-		
511	72	O	9.70	T	-		
511	73	O	9.70	T	-		
511	74	O	9.70	G	-		
511	75	O	9.70	T	-		
511	76	O	9.70	C	-		
511	77	O	9.70	T	-		
511	78	O	9.70	T	-		
511	79	O	9.70	G	-		
511	80	O	9.70	G	-		
511	81	O	9.70	T	-		
511	82	O	9.70	T	-		
511	83	O	9.70	A	-		
511	84	O	9.70	C	-		
511	85	O	9.70	A	-		
511	86	O	9.70	A	-		
511	87	O	9.70	G	-		
511	88	O	9.70	C	-		
511	89	O	9.70	A	-		
511	90	O	9.70	C	-		
511	91	O	9.70	A	-		
511	92	O	9.70	C	-		
511	93	O	9.70	C	-		
511	94	O	9.70	T	-		
511	95	O	9.70	G	-		
511	96	O	9.70	T	-		
511	97	O	9.70	G	-		
511	98	O	9.70	C	-		
511	99	O	9.70	T	-		
511	100	O	9.70	G	-		
511	101	O	9.70	C	-		
511	102	O	9.70	T	-		
511	103	O	9.70	T	-		
511	104	O	9.70	T	-		
511	105	O	9.70	C	-		
511	106	O	9.70	C	-		
511	107	O	9.70	C	-		
511	108	O	9.70	T	-		
511	109	O	9.70	T	-		
512	0	O	11.09	A	-		
512	1	O	11.09	A	-		
512	2	O	11.09	G	-		
512	3	O	11.09	A	-		
512	4	O	11.09	G	-		
512	5	O	11.09	C	-		
512	6	O	11.09	A	-		
512	7	O	11.09	A	-		
512	8	O	11.09	G	-		
512	9	O	11.09	A	-		
512	10	O	11.09	A	-		
512	11	O	11.09	T	-		
512	12	O	11.09	C	-		
512	13	O	11.09	C	-		
512	14	O	11.09	A	-		
512	15	O	11.09	G	-		
512	16	O	11.09	A	-		
512	17	O	11.09	G	-		
512	18	O	11.09	T	-		
512	19	O	11.09	T	-		
512	20	O	11.09	C	-		
512	21	O	11.09	G	-		
512	22	O	11.09	G	-		
512	23	O	11.09	G	-		
512	24	O	11.09	C	-		
512	25	O	11.09	G	-		
512	26	O	11.09	C	-		
512	27	O	11.09	A	-		
512	28	O	11.09	A	-		
512	29	O	11.09	A	-		
512	30	O	11.09	G	-		
512	31	O	11.09	G	-		
512	32	O	11.09	G	-		
512	33	O	11.09	A	-		
512	34	O	11.09	A	-		
512	35	O	11.09	C	-		
512	36	O	11.09	A	-		
512	37	O	11.09	A	-		
512	38	O	11.09	A	-		
512	39	O	11.09	T	-		
512	40	O	11.09	T	-		
512	41	O	11.09	C	-		
512	42	O	11.09	T	-		
512	43	O	11.09	A	-		
512	44	O	11.09	C	-		
512	45	O	11.09	G	-		
512	46	O	11.09	T	-		
512	47	O	11.09	G	-		
512	48	O	11.09	A	-		
512	49	O	11.09	C	-		
512	50	O	11.09	G	-		
512	51	O	11.09	A	-		
512	52	O	11.09	A	-		
512	53	O	11.09	C	-		
512	54	O	11.09	A	-		
512	55	O	11.09	T	-		
512	56	O	11.09	C	-		
512	57	O	11.09	G	-		
512	58	O	11.09	T	-		
512	59	O	11.09	G	-		
512	60	O	11.09	C	-		
512	61	O	11.09	T	-		
512	62	O	11.09	G	-		
512	63	O	11.09	T	-		
512	64	O	11.09	A	-		
512	65	O	11.09	A	-		
512	66	O	11.09	G	-		
512	67	O	11.09	T	-		
512	68	O	11.09	T	-		
512	69	O	11.09	C	-		
512	70	O	11.09	C	-		
512	71	O	11.09	A	-		
512	72	O	11.09	A	-		
512	73	O	11.09	G	-		
512	74	O	11.09	T	-		
512	75	O	11.09	C	-		
512	76	O	11.09	C	-		
512	77	O	11.09	T	-		
512	78	O	11.09	C	-		
512	79	O	11.09	C	-		
512	80	O	11.09	A	-		
512	81	O	11.09	G	-		
512	82	O	11.09	G	-		
512	83	O	11.09	T	-		
512	84	O	11.09	C	-		
512	85	O	11.09	T	-		
512	86	O	11.09	T	-		
512	87	O	11.09	T	-		
512	88	O	11.09	C	-		
512	89	O	11.09	A	-		
512	90	O	11.09	G	-		
512	91	O	11.09	C	-		
512	92	O	11.09	T	-		
512	93	O	11.09	G	-		
512	94	O	11.09	G	-		
512	95	O	11.09	A	-		
512	96	O	11.09	G	-		
512	97	O	11.09	A	-		
512	98	O	11.09	G	-		
512	99	O	11.09	G	-		
512	100	O	11.09	G	-		
512	101	O	11.09	G	-		
512	102	O	11.09	T	-		
512	103	O	11.09	C	-		
512	104	O	11.09	G	-		
512	105	O	11.09	A	-		
512	106	O	11.09	G	-		
512	107	O	11.09	C	-		
512	108	O	11.09	T	-		
512	109	O	11.09	G	-		
513	0	O	38.82	A	-		
513	1	O	38.82	G	-		
513	2	O	38.82	A	-		
513	3	O	38.82	G	-		
513	4	O	38.82	G	-		
513	5	O	38.82	C	-		
513	6	O	38.82	A	-		
513	7	O	38.82	T	-		
513	8	O	38.82	C	-		
513	9	O	38.82	T	-		
513	10	O	38.82	T	-		
513	11	O	38.82	A	-		
513	12	O	38.82	C	-		
513	13	O	38.82	T	-		
513	14	O	38.82	T	-		
513	15	O	38.82	T	-		
513	16	O	38.82	C	-		
513	17	O	38.82	C	-		
513	18	O	38.82	T	-		
513	19	O	38.82	A	-		
513	20	O	38.82	C	-		
513	21	O	38.82	T	-		
513	22	O	38.82	G	-		
513	23	O	38.82	A	-		
513	24	O	38.82	C	-		
513	25	O	38.82	T	-		
513	26	O	38.82	G	-		
513	27	O	38.82	A	-		
513	28	O	38.82	A	-		
513	29	O	38.82	T	-		
513	30	O	38.82	C	-		
513	31	O	38.82	A	-		
513	32	O	38.82	C	-		
513	33	O	38.82	T	-		
513	34	O	38.82	T	-		
513	35	O	38.82	G	-		
513	36	O	38.82	A	-		
513	37	O	38.82	A	-		
513	38	O	38.82	T	-		
513	39	O	38.82	C	-		
513	40	O	38.82	A	-		
513	41	O	38.82	G	-		
513	42	O	27.99	T	-		
513	43	O	38.82	T	-		
513	44	O	38.82	G	-		
513	45	O	38.82	A	-		
513	46	O	38.82	A	-		
513	47	O	38.82	G	-		
513	48	O	38.82	G	-		
513	49	O	38.82	A	-		
513	50	O	38.82	G	-		
513	51	O	38.82	G	-		
513	52	O	38.82	T	-		
513	53	O	38.82	T	-		
513	54	O	38.82	T	-		
513	55	O	38.82	C	-		
513	56	O	38.82	T	-		
513	57	O	38.82	A	-		
513	58	O	38.82	C	-		
513	59	O	38.82	A	-		
513	60	O	38.82	G	-		
513	61	O	38.82	G	-		
513	62	O	38.82	A	-		
513	63	O	38.82	A	-		
513	64	O	38.82	G	-		
513	65	O	38.82	A	-		
513	66	O	38.82	G	-		
513	67	O	38.82	T	-		
513	68	O	38.82	T	-		
513	69	O	38.82	G	-		
513	70	O	38.82	C	-		
513	71	O	38.82	G	-		
513	72	O	38.82	A	-		
513	73	O	38.82	C	-		
513	74	O	38.82	T	-		
513	75	O	38.82	C	-		
513	76	O	38.82	A	-		
513	77	O	38.82	G	-		
513	78	O	38.82	C	-		
513	79	O	38.82	G	-		
513	80	O	38.82	T	-		
513	81	O	38.82	C	-		
513	82	O	38.82	G	-		
513	83	O	38.82	G	-		
513	84	O	38.82	G	-		
513	85	O	38.82	G	-		
513	86	O	38.82	C	-		
513	87	O	38.82	G	-		
513	88	O	38.82	G	-		
513	89	O	38.82	G	-		
513	90	O	38.82	C	-		
513	91	O	38.82	G	-		
513	92	O	38.82	G	-		
513	93	O	38.82	G	-		
513	94	O	38.82	G	-		
513	95	O	27.99	G	-		
513	96	O	20.62	T	-		
513	97	O	15.69	T	-		
513	98	O	38.82	C	-		
513	99	O	38.82	A	-		
513	100	O	27.99	T	-		
513	101	O	38.82	G	-		
513	102	O	38.82	A	-		
513	103	O	38.82	C	-		
513	104	O	38.82	G	-		
513	105	O	27.99	A	-		
513	106	O	38.82	G	-		
513	107	O	27.99	T	-		
513	108	O	38.82	G	-		
513	109	O	38.82	G	-		
514	0	O	5.55	A	-		
514	1	O	5.55	G	-		
514	2	O	5.55	G	-		
514	3	O	5.55	T	-		
514	4	O	5.55	G	-		
514	5	O	5.55	T	-		
514	6	O	5.55	C	-		
514	7	O	5.55	G	-		
514	8	O	5.55	A	-		
514	9	O	5.55	T	-		
514	10	O	5.55	T	-		
514	11	O	5.55	G	-		
514	12	O	5.55	C	-		
514	13	O	5.55	G	-		
514	14	O	5.55	G	-		
514	15	O	5.55	T	-		
514	16	O	5.55	G	-		
514	17	O	5.55	G	-		
514	18	O	5.55	G	-		
514	19	O	5.55	A	-		
514	20	O	5.55	A	-		
514	21	O	5.55	A	-		
514	22	O	5.55	G	-		
514	23	O	5.55	T	-		
514	24	O	5.55	T	-		
514	25	O	5.55	G	-		
514	26	O	5.55	C	-		
514	27	O	5.55	C	-		
514	28	O	5.55	G	-		
514	29	O	5.55	T	-		
514	30	O	5.55	C	-		
514	31	O	5.55	C	-		
514	32	O	5.55	G	-		
514	33	O	5.55	C	-		
514	34	O	5.55	A	-		
514	35	O	5.55	C	-		
514	36	O	5.55	G	-		
514	37	O	5.55	A	-		
514	38	O	5.55	T	-		
514	39	O	5.55	C	-		
514	40	O	5.55	G	-		
514	41	O	5.55	G	-		
514	42	O	5.55	T	-		
514	43	O	5.55	C	-		
514	44	O	5.55	G	-		
514	45	O	5.55	G	-		
514	46	O	5.55	C	-		
514	47	O	5.55	C	-		
514	48	O	5.55	A	-		
514	49	O	5.55	A	-		
514	50	O	5.55	T	-		
514	51	O	5.55	T	-		
514	52	O	5.55	T	-		
514	53	O	5.55	A	-		
514	54	O	5.55	A	-		
514	55	O	5.55	C	-		
514	56	O	5.55	A	-		
514	57	O	5.55	G	-		
514	58	O	5.55	T	-		
514	59	O	5.55	T	-		
514	60	O	5.55	T	-		
514	61	O	5.55	G	-		
514	62	O	5.55	G	-		
514	63	O	5.55	C	-		
514	64	O	5.55	G	-		
514	65	O	5.55	C	-		
514	66	O	5.55	C	-		
514	67	O	5.55	C	-		
514	68	O	5.55	A	-		
514	69	O	5.55	A	-		
514	70	O	5.55	A	-		
514	71	O	5.55	G	-		
514	72	O	5.55	A	-		
514	73	O	5.55	G	-		
514	74	O	5.55	G	-		
514	75	O	5.55	C	-		
514	76	O	5.55	T	-		
514	77	O	5.55	C	-		
514	78	O	5.55	A	-		
514	79	O	5.55	A	-		
514	80	O	5.55	T	-		
514	81	O	5.55	T	-		
514	82	O	5.55	A	-		
514	83	O	5.55	G	-		
514	84	O	5.55	G	-		
514	85	O	5.55	C	-		
514	86	O	5.55	T	-		
514	87	O	5.55	G	-		
514	88	O	5.55	C	-		
514	89	O	5.55	C	-		
514	90	O	5.55	G	-		
514	91	O	5.55	A	-		
514	92	O	5.55	G	-		
514	93	O	5.55	C	-		
514	94	O	5.55	T	-		
514	95	O	5.55	G	-		
514	96	O	5.55	G	-		
514	97	O	5.55	G	-		
514	98	O	5.55	C	-		
514	99	O	5.55	G	-		
514	100	O	5.55	A	-		
514	101	O	5.55	G	-		
514	102	O	5.55	C	-		
514	103	O	5.55	G	-		
514	104	O	5.55	A	-		
514	105	O	5.55	A	-		
514	106	O	5.55	T	-		
514	107	O	5.55	T	-		
514	108	O	5.55	G	-		
514	109	O	5.55	C	-		
515	0	O	5.55	A	-		
515	1	O	5.55	T	-		
515	2	O	5.55	G	-		
515	3	O	5.55	G	-		
515	4	O	5.55	T	-		
515	5	O	5.55	G	-		
515	6	O	5.55	A	-		
515	7	O	5.55	G	-		
515	8	O	5.55	T	-		
515	9	O	5.55	A	-		
515	10	O	5.55	A	-		
515	11	O	5.55	C	-		
515	12	O	5.55	C	-		
515	13	O	5.55	G	-		
515	14	O	5.55	T	-		
515	15	O	5.55	A	-		
515	16	O	5.55	T	-		
515	17	O	5.55	C	-		
515	18	O	5.55	T	-		
515	19	O	5.55	C	-		
515	20	O	5.55	G	-		
515	21	O	5.55	C	-		
515	22	O	5.55	G	-		
515	23	O	5.55	C	-		
515	24	O	5.55	G	-		
515	25	O	5.55	C	-		
515	26	O	5.55	G	-		
515	27	O	5.55	G	-		
515	28	O	5.55	A	-		
515	29	O	5.55	A	-		
515	30	O	5.55	A	-		
515	31	O	5.55	C	-		
515	32	O	5.55	A	-		
515	33	O	5.55	G	-		
515	34	O	5.55	T	-		
515	35	O	5.55	A	-		
515	36	O	5.55	T	-		
515	37	O	5.55	T	-		
515	38	O	5.55	G	-		
515	39	O	5.55	C	-		
515	40	O	5.55	G	-		
515	41	O	5.55	T	-		
515	42	O	5.55	A	-		
515	43	O	5.55	C	-		
515	44	O	5.55	G	-		
515	45	O	5.55	A	-		
515	46	O	5.55	A	-		
515	47	O	5.55	A	-		
515	48	O	5.55	T	-		
515	49	O	5.55	T	-		
515	50	O	5.55	T	-		
515	51	O	5.55	T	-		
515	52	O	5.55	C	-		
515	53	O	5.55	G	-		
515	54	O	5.55	C	-		
515	55	O	5.55	G	-		
515	56	O	5.55	C	-		
515	57	O	5.55	A	-		
515	58	O	5.55	A	-		
515	59	O	5.55	A	-		
515	60	O	5.55	G	-		
515	61	O	5.55	A	-		
515	62	O	5.55	G	-		
515	63	O	5.55	A	-		
515	64	O	5.55	A	-		
515	65	O	5.55	G	-		
515	66	O	5.55	G	-		
515	67	O	5.55	C	-		
515	68	O	5.55	T	-		
515	69	O	5.55	G	-		
515	70	O	5.55	A	-		
515	71	O	5.55	G	-		
515	72	O	5.55	C	-		
515	73	O	5.55	T	-		
515	74	O	5.55	G	-		
515	75	O	5.55	A	-		
515	76	O	5.55	T	-		
515	77	O	5.55	T	-		
515	78	O	5.55	G	-		
515	79	O	5.55	T	-		
515	80	O	5.55	G	-		
515	81	O	5.55	C	-		
515	82	O	5.55	G	-		
515	83	O	5.55	A	-		
515	84	O	5.55	T	-		
515	85	O	5.55	G	-		
515	86	O	5.55	C	-		
515	87	O	5.55	G	-		
515	88	O	5.55	C	-		
515	89	O	5.55	C	-		
515	90	O	5.55	G	-		
515	91	O	5.55	T	-		
515	92	O	5.55	T	-		
515	93	O	5.55	G	-		
515	94	O	5.55	G	-		
515	95	O	5.55	T	-		
515	96	O	5.55	G	-		
515	97	O	5.55	G	-		
515	98	O	5.55	T	-		
515	99	O	5.55	C	-		
515	100	O	5.55	G	-		
515	101	O	5.55	C	-		
515	102	O	5.55	T	-		
515	103	O	5.55	G	-		
515	104	O	5.55	T	-		
515	105	O	5.55	G	-		
515	106	O	5.55	A	-		
515	107	O	5.55	C	-		
515	108	O	5.55	T	-		
515	109	O	5.55	A	-		
516	0	O	15.25	C	-		
516	1	O	15.25	T	-		
516	2	O	15.25	G	-		
516	3	O	15.25	C	-		
516	4	O	15.25	G	-		
516	5	O	15.25	G	-		
516	6	O	15.25	C	-		
516	7	O	15.25	C	-		
516	8	O	15.25	G	-		
516	9	O	15.25	G	-		
516	10	O	15.25	C	-		
516	11	O	15.25	G	-		
516	12	O	15.25	C	-		
516	13	O	15.25	G	-		
516	14	O	15.25	G	-		
516	15	O	15.25	G	-		
516	16	O	15.25	T	-		
516	17	O	15.25	A	-		
516	18	O	15.25	C	-		
516	19	O	15.25	A	-		
516	20	O	15.25	T	-		
516	21	O	15.25	C	-		
516	22	O	15.25	T	-		
516	23	O	15.25	C	-		
516	24	O	15.25	G	-		
516	25	O	15.25	C	-		
516	26	O	15.25	G	-		
516	27	O	15.25	C	-		
516	28	O	15.25	G	-		
516	29	O	15.25	C	-		
516	30	O	15.25	A	-		
516	31	O	15.25	C	-		
516	32	O	15.25	A	-		
516	33	O	15.25	C	-		
516	34	O	15.25	C	-		
516	35	O	15.25	A	-		
516	36	O	15.25	G	-		
516	37	O	15.25	C	-		
516	38	O	15.25	C	-		
516	39	O	15.25	T	-		
516	40	O	15.25	A	-		
516	41	O	15.25	C	-		
516	42	O	15.25	A	-		
516	43	O	15.25	G	-		
516	44	O	15.25	G	-		
516	45	O	15.25	C	-		
516	46	O	15.25	C	-		
516	47	O	15.25	G	-		
516	48	O	6.35	A	-		
516	49	O	15.25	C	-		
516	50	O	15.25	G	-		
516	51	O	15.25	C	-		
516	52	O	15.25	C	-		
516	53	O	15.25	A	-		
516	54	O	15.25	A	-		
516	55	O	15.25	A	-		
516	56	O	15.25	C	-		
516	57	O	15.25	G	-		
516	58	O	15.25	T	-		
516	59	O	15.25	G	-		
516	60	O	15.25	A	-		
516	61	O	15.25	G	-		
516	62	O	15.25	C	-		
516	63	O	15.25	A	-		
516	64	O	15.25	C	-		
516	65	O	15.25	C	-		
516	66	O	15.25	T	-		
516	67	O	15.25	T	-		
516	68	O	6.35	G	-		
516	69	O	15.25	T	-		
516	70	O	15.25	T	-		
516	71	O	15.25	T	-		
516	72	O	15.25	G	-		
516	73	O	15.25	C	-		
516	74	O	15.25	C	-		
516	75	O	15.25	T	-		
516	76	O	6.35	G	-		
516	77	O	15.25	C	-		
516	78	O	15.25	T	-		
516	79	O	15.25	C	-		
516	80	O	6.35	G	-		
516	81	O	15.25	C	-		
516	82	O	6.35	C	-		
516	83	O	15.25	A	-		
516	84	O	15.25	A	-		
516	85	O	15.25	T	-		
516	86	O	15.25	C	-		
516	87	O	15.25	A	-		
516	88	O	15.25	G	-		
516	89	O	15.25	C	-		
516	90	O	15.25	C	-		
516	91	O	15.25	G	-		
516	92	O	15.25	C	-		
516	93	O	15.25	T	-		
516	94	O	15.25	G	-		
516	95	O	15.25	G	-		
516	96	O	15.25	C	-		
516	97	O	15.25	A	-		
516	98	O	15.25	A	-		
516	99	O	15.25	C	-		
516	100	O	15.25	A	-		
516	101	O	15.25	A	-		
516	102	O	6.35	G	-		
516	103	O	15.25	A	-		
516	104	O	15.25	T	-		
516	105	O	15.25	G	-		
516	106	O	15.25	G	-		
516	107	O	15.25	A	-		
516	108	O	15.25	C	-		
516	109	O	15.25	G	-		
517	0	O	6.93	A	-		
517	1	O	6.93	T	-		
517	2	O	6.93	G	-		
517	3	O	6.93	A	-		
517	4	O	6.93	G	-		
517	5	O	6.93	C	-		
517	6	O	6.93	T	-		
517	7	O	6.93	T	-		
517	8	O	6.93	G	-		
517	9	O	6.93	A	-		
517	10	O	6.93	G	-		
517	11	O	6.93	C	-		
517	12	O	6.93	T	-		
517	13	O	6.93	C	-		
517	14	O	6.93	G	-		
517	15	O	6.93	C	-		
517	16	O	6.93	A	-		
517	17	O	6.93	A	-		
517	18	O	6.93	A	-		
517	19	O	6.93	A	-		
517	20	O	6.93	C	-		
517	21	O	6.93	G	-		
517	22	O	6.93	T	-		
517	23	O	6.93	G	-		
517	24	O	6.93	C	-		
517	25	O	6.93	T	-		
517	26	O	6.93	G	-		
517	27	O	6.93	T	-		
517	28	O	6.93	G	-		
517	29	O	6.93	C	-		
517	30	O	6.93	C	-		
517	31	O	6.93	A	-		
517	32	O	6.93	G	-		
517	33	O	6.93	T	-		
517	34	O	6.93	C	-		
517	35	O	6.93	A	-		
517	36	O	6.93	A	-		
517	37	O	6.93	T	-		
517	38	O	6.93	G	-		
517	39	O	6.93	G	-		
517	40	O	6.93	C	-		
517	41	O	6.93	G	-		
517	42	O	6.93	A	-		
517	43	O	6.93	C	-		
517	44	O	6.93	G	-		
517	45	O	6.93	G	-		
517	46	O	6.93	T	-		
517	47	O	6.93	G	-		
517	48	O	6.93	C	-		
517	49	O	6.93	C	-		
517	50	O	6.93	A	-		
517	51	O	6.93	A	-		
517	52	O	6.93	T	-		
517	53	O	6.93	G	-		
517	54	O	6.93	G	-		
517	55	O	6.93	C	-		
517	56	O	6.93	T	-		
517	57	O	6.93	T	-		
517	58	O	6.93	C	-		
517	59	O	6.93	A	-		
517	60	O	6.93	A	-		
517	61	O	6.93	C	-		
517	62	O	6.93	C	-		
517	63	O	6.93	A	-		
517	64	O	6.93	G	-		
517	65	O	6.93	G	-		
517	66	O	6.93	C	-		
517	67	O	6.93	A	-		
517	68	O	6.93	C	-		
517	69	O	6.93	C	-		
517	70	O	6.93	T	-		
517	71	O	6.93	G	-		
517	72	O	6.93	C	-		
517	73	O	6.93	G	-		
517	74	O	6.93	C	-		
517	75	O	6.93	A	-		
517	76	O	6.93	A	-		
517	77	O	6.93	G	-		
517	78	O	6.93	C	-		
517	79	O	6.93	T	-		
517	80	O	6.93	A	-		
517	81	O	6.93	G	-		
517	82	O	6.93	C	-		
517	83	O	6.93	G	-		
517	84	O	6.93	G	-		
517	85	O	6.93	G	-		
517	86	O	6.93	C	-		
517	87	O	6.93	T	-		
517	88	O	6.93	T	-		
517	89	O	6.93	A	-		
517	90	O	6.93	T	-		
517	91	O	6.93	C	-		
517	92	O	6.93	A	-		
517	93	O	6.93	A	-		
517	94	O	6.93	C	-		
517	95	O	6.93	C	-		
517	96	O	6.93	T	-		
517	97	O	6.93	G	-		
517	98	O	6.93	G	-		
517	99	O	6.93	T	-		
517	100	O	6.93	G	-		
517	101	O	6.93	T	-		
517	102	O	6.93	C	-		
517	103	O	6.93	G	-		
517	104	O	6.93	A	-		
517	105	O	6.93	G	-		
517	106	O	6.93	C	-		
517	107	O	6.93	A	-		
517	108	O	6.93	A	-		
517	109	O	6.93	G	-		
518	0	O	6.93	A	-		
518	1	O	6.93	C	-		
518	2	O	6.93	G	-		
518	3	O	6.93	A	-		
518	4	O	6.93	T	-		
518	5	O	6.93	A	-		
518	6	O	6.93	G	-		
518	7	O	6.93	C	-		
518	8	O	6.93	G	-		
518	9	O	6.93	G	-		
518	10	O	6.93	T	-		
518	11	O	6.93	C	-		
518	12	O	6.93	G	-		
518	13	O	6.93	T	-		
518	14	O	6.93	C	-		
518	15	O	6.93	G	-		
518	16	O	6.93	T	-		
518	17	O	6.93	T	-		
518	18	O	6.93	G	-		
518	19	O	6.93	T	-		
518	20	O	6.93	G	-		
518	21	O	6.93	T	-		
518	22	O	6.93	T	-		
518	23	O	6.93	C	-		
518	24	O	6.93	A	-		
518	25	O	6.93	G	-		
518	26	O	6.93	G	-		
518	27	O	6.93	T	-		
518	28	O	6.93	C	-		
518	29	O	6.93	C	-		
518	30	O	6.93	G	-		
518	31	O	6.93	A	-		
518	32	O	6.93	C	-		
518	33	O	6.93	G	-		
518	34	O	6.93	T	-		
518	35	O	6.93	G	-		
518	36	O	6.93	C	-		
518	37	O	6.93	G	-		
518	38	O	6.93	C	-		
518	39	O	6.93	A	-		
518	40	O	6.93	G	-		
518	41	O	6.93	G	-		
518	42	O	6.93	A	-		
518	43	O	6.93	A	-		
518	44	O	6.93	A	-		
518	45	O	6.93	T	-		
518	46	O	6.93	C	-		
518	47	O	6.93	G	-		
518	48	O	6.93	C	-		
518	49	O	6.93	G	-		
518	50	O	6.93	T	-		
518	51	O	6.93	A	-		
518	52	O	6.93	G	-		
518	53	O	6.93	C	-		
518	54	O	6.93	C	-		
518	55	O	6.93	G	-		
518	56	O	6.93	G	-		
518	57	O	6.93	T	-		
518	58	O	6.93	C	-		
518	59	O	6.93	G	-		
518	60	O	6.93	A	-		
518	61	O	6.93	C	-		
518	62	O	6.93	G	-		
518	63	O	6.93	A	-		
518	64	O	6.93	G	-		
518	65	O	6.93	T	-		
518	66	O	6.93	T	-		
518	67	O	6.93	C	-		
518	68	O	6.93	G	-		
518	69	O	6.93	G	-		
518	70	O	6.93	A	-		
518	71	O	6.93	G	-		
518	72	O	6.93	T	-		
518	73	O	6.93	C	-		
518	74	O	6.93	C	-		
518	75	O	6.93	G	-		
518	76	O	6.93	A	-		
518	77	O	6.93	G	-		
518	78	O	6.93	A	-		
518	79	O	6.93	C	-		
518	80	O	6.93	C	-		
518	81	O	6.93	A	-		
518	82	O	6.93	T	-		
518	83	O	6.93	T	-		
518	84	O	6.93	T	-		
518	85	O	6.93	T	-		
518	86	O	6.93	T	-		
518	87	O	6.93	C	-		
518	88	O	6.93	T	-		
518	89	O	6.93	C	-		
518	90	O	6.93	C	-		
518	91	O	6.93	G	-		
518	92	O	6.93	G	-		
518	93	O	6.93	T	-		
518	94	O	6.93	G	-		
518	95	O	6.93	C	-		
518	96	O	6.93	C	-		
518	97	O	6.93	T	-		
518	98	O	6.93	T	-		
518	99	O	6.93	C	-		
518	100	O	6.93	G	-		
518	101	O	6.93	G	-		
518	102	O	6.93	C	-		
518	103	O	6.93	C	-		
518	104	O	6.93	T	-		
518	105	O	6.93	T	-		
518	106	O	6.93	T	-		
518	107	O	6.93	G	-		
518	108	O	6.93	T	-		
518	109	O	6.93	T	-		
519	0	O	9.70	C	-		
519	1	O	9.70	G	-		
519	2	O	9.70	G	-		
519	3	O	9.70	G	-		
519	4	O	9.70	C	-		
519	5	O	9.70	G	-		
519	6	O	9.70	C	-		
519	7	O	9.70	G	-		
519	8	O	9.70	A	-		
519	9	O	9.70	G	-		
519	10	O	9.70	T	-		
519	11	O	9.70	T	-		
519	12	O	9.70	T	-		
519	13	O	9.70	G	-		
519	14	O	9.70	T	-		
519	15	O	9.70	T	-		
519	16	O	9.70	C	-		
519	17	O	9.70	A	-		
519	18	O	9.70	T	-		
519	19	O	9.70	G	-		
519	20	O	9.70	G	-		
519	21	O	9.70	T	-		
519	22	O	9.70	T	-		
519	23	O	9.70	T	-		
519	24	O	9.70	T	-		
519	25	O	9.70	G	-		
519	26	O	9.70	T	-		
519	27	O	9.70	A	-		
519	28	O	9.70	C	-		
519	29	O	9.70	C	-		
519	30	O	9.70	T	-		
519	31	O	9.70	C	-		
519	32	O	9.70	A	-		
519	33	O	9.70	G	-		
519	34	O	9.70	T	-		
519	35	O	9.70	C	-		
519	36	O	9.70	G	-		
519	37	O	9.70	A	-		
519	38	O	9.70	G	-		
519	39	O	9.70	A	-		
519	40	O	9.70	G	-		
519	41	O	9.70	G	-		
519	42	O	9.70	G	-		
519	43	O	9.70	C	-		
519	44	O	9.70	G	-		
519	45	O	9.70	A	-		
519	46	O	9.70	G	-		
519	47	O	9.70	T	-		
519	48	O	9.70	T	-		
519	49	O	9.70	C	-		
519	50	O	9.70	G	-		
519	51	O	9.70	C	-		
519	52	O	9.70	T	-		
519	53	O	9.70	G	-		
519	54	O	9.70	T	-		
519	55	O	9.70	C	-		
519	56	O	9.70	G	-		
519	57	O	9.70	C	-		
519	58	O	9.70	G	-		
519	59	O	9.70	C	-		
519	60	O	9.70	A	-		
519	61	O	9.70	G	-		
519	62	O	9.70	T	-		
519	63	O	9.70	T	-		
519	64	O	9.70	G	-		
519	65	O	9.70	G	-		
519	66	O	9.70	T	-		
519	67	O	9.70	T	-		
519	68	O	9.70	C	-		
519	69	O	9.70	T	-		
519	70	O	9.70	T	-		
519	71	O	9.70	G	-		
519	72	O	9.70	G	-		
519	73	O	9.70	C	-		
519	74	O	9.70	A	-		
519	75	O	9.70	C	-		
519	76	O	9.70	G	-		
519	77	O	9.70	T	-		
519	78	O	9.70	T	-		
519	79	O	9.70	G	-		
519	80	O	9.70	C	-		
519	81	O	9.70	A	-		
519	82	O	9.70	G	-		
519	83	O	9.70	A	-		
519	84	O	9.70	G	-		
519	85	O	9.70	G	-		
519	86	O	9.70	A	-		
519	87	O	9.70	T	-		
519	88	O	9.70	C	-		
519	89	O	9.70	A	-		
519	90	O	9.70	C	-		
519	91	O	9.70	T	-		
519	92	O	9.70	C	-		
519	93	O	9.70	T	-		
519	94	O	9.70	T	-		
519	95	O	9.70	G	-		
519	96	O	9.70	G	-		
519	97	O	9.70	G	-		
519	98	O	9.70	T	-		
519	99	O	9.70	T	-		
519	100	O	9.70	G	-		
519	101	O	9.70	T	-		
519	102	O	9.70	T	-		
519	103	O	9.70	T	-		
519	104	O	9.70	C	-		
519	105	O	9.70	C	-		
519	106	O	9.70	A	-		
519	107	O	9.70	G	-		
519	108	O	9.70	T	-		
519	109	O	9.70	C	-		
520	0	O	9.70	T	-		
520	1	O	9.70	G	-		
520	2	O	9.70	A	-		
520	3	O	9.70	A	-		
520	4	O	9.70	C	-		
520	5	O	9.70	G	-		
520	6	O	9.70	T	-		
520	7	O	9.70	T	-		
520	8	O	9.70	G	-		
520	9	O	9.70	C	-		
520	10	O	9.70	G	-		
520	11	O	9.70	C	-		
520	12	O	9.70	T	-		
520	13	O	9.70	C	-		
520	14	O	9.70	G	-		
520	15	O	9.70	A	-		
520	16	O	9.70	A	-		
520	17	O	9.70	C	-		
520	18	O	9.70	C	-		
520	19	O	9.70	A	-		
520	20	O	9.70	G	-		
520	21	O	9.70	A	-		
520	22	O	9.70	C	-		
520	23	O	9.70	A	-		
520	24	O	9.70	G	-		
520	25	O	9.70	T	-		
520	26	O	9.70	C	-		
520	27	O	9.70	T	-		
520	28	O	9.70	G	-		
520	29	O	9.70	T	-		
520	30	O	9.70	C	-		
520	31	O	9.70	G	-		
520	32	O	9.70	C	-		
520	33	O	9.70	T	-		
520	34	O	9.70	G	-		
520	35	O	9.70	G	-		
520	36	O	9.70	A	-		
520	37	O	9.70	T	-		
520	38	O	9.70	G	-		
520	39	O	9.70	T	-		
520	40	O	9.70	T	-		
520	41	O	9.70	T	-		
520	42	O	9.70	T	-		
520	43	O	9.70	C	-		
520	44	O	9.70	G	-		
520	45	U	1.77	T	G		
520	46	O	9.70	C	-		
520	47	O	9.70	G	-		
520	48	O	9.70	G	-		
520	49	O	9.70	C	-		
520	50	O	9.70	C	-		
520	51	O	9.70	A	-		
520	52	O	9.70	G	-		
520	53	O	9.70	C	-		
520	54	O	9.70	A	-		
520	55	O	9.70	G	-		
520	56	O	9.70	G	-		
520	57	O	9.70	T	-		
520	58	O	9.70	G	-		
520	59	O	9.70	A	-		
520	60	O	9.70	G	-		
520	61	O	9.70	T	-		
520	62	O	9.70	T	-		
520	63	O	9.70	T	-		
520	64	O	9.70	G	-		
520	65	O	9.70	A	-		
520	66	O	9.70	C	-		
520	67	O	9.70	G	-		
520	68	O	9.70	C	-		
520	69	O	9.70	A	-		
520	70	O	9.70	G	-		
520	71	O	9.70	A	-		
520	72	O	9.70	C	-		
520	73	O	9.70	T	-		
520	74	O	9.70	A	-		
520	75	O	9.70	A	-		
520	76	O	9.70	G	-		
520	77	O	9.70	C	-		
520	78	O	9.70	T	-		
520	79	O	9.70	C	-		
520	80	O	9.70	G	-		
520	81	O	9.70	T	-		
520	82	U	1.77	C	A		
520	83	O	9.70	T	-		
520	84	O	9.70	G	-		
520	85	O	9.70	G	-		
520	86	O	9.70	G	-		
520	87	O	9.70	G	-		
520	88	O	9.70	C	-		
520	89	O	9.70	G	-		
520	90	O	9.70	G	-		
520	91	O	9.70	C	-		
520	92	O	9.70	C	-		
520	93	O	9.70	G	-		
520	94	O	9.70	A	-		
520	95	O	9.70	G	-		
520	96	O	9.70	T	-		
520	97	O	9.70	G	-		
520	98	O	9.70	C	-		
520	99	O	9.70	T	-		
520	100	O	9.70	C	-		
520	101	O	9.70	G	-		
520	102	O	9.70	A	-		
520	103	O	9.70	G	-		
520	104	O	9.70	C	-		
520	105	O	9.70	G	-		
520	106	O	9.70	C	-		
520	107	O	9.70	G	-		
520	108	O	9.70	A	-		
520	109	O	9.70	G	-		
521	0	O	9.70	T	-		
521	1	E	-6.45	T	C		
521	2	O	9.70	C	-		
521	3	O	9.70	A	-		
521	4	O	9.70	G	-		
521	5	O	9.70	A	-		
521	6	O	9.70	G	-		
521	7	O	9.70	G	-		
521	8	O	9.70	C	-		
521	9	O	9.70	T	-		
521	10	O	9.70	C	-		
521	11	O	9.70	T	-		
521	12	O	9.70	T	-		
521	13	O	9.70	T	-		
521	14	O	9.70	T	-		
521	15	O	9.70	T	-		
521	16	O	9.70	A	-		
521	17	O	9.70	G	-		
521	18	O	9.70	T	-		
521	19	O	9.70	G	-		
521	20	O	9.70	G	-		
521	21	O	9.70	C	-		
521	22	O	9.70	A	-		
521	23	O	9.70	T	-		
521	24	O	9.70	C	-		
521	25	O	9.70	G	-		
521	26	O	9.70	C	-		
521	27	O	9.70	A	-		
521	28	O	9.70	A	-		
521	29	O	9.70	G	-		
521	30	O	9.70	G	-		
521	31	O	9.70	A	-		
521	32	O	9.70	C	-		
521	33	O	9.70	A	-		
521	34	O	9.70	C	-		
521	35	O	9.70	A	-		
521	36	O	9.70	G	-		
521	37	O	9.70	C	-		
521	38	O	9.70	A	-		
521	39	O	9.70	C	-		
521	40	O	9.70	G	-		
521	41	O	9.70	C	-		
521	42	O	9.70	G	-		
521	43	O	9.70	T	-		
521	44	O	9.70	A	-		
521	45	O	9.70	C	-		
521	46	O	9.70	C	-		
521	47	O	9.70	A	-		
521	48	O	9.70	G	-		
521	49	O	9.70	G	-		
521	50	O	9.70	G	-		
521	51	O	9.70	A	-		
521	52	O	9.70	C	-		
521	53	O	9.70	A	-		
521	54	O	9.70	A	-		
521	55	O	9.70	T	-		
521	56	O	9.70	G	-		
521	57	O	9.70	C	-		
521	58	O	9.70	G	-		
521	59	O	9.70	C	-		
521	60	O	9.70	C	-		
521	61	O	9.70	G	-		
521	62	O	9.70	C	-		
521	63	O	9.70	A	-		
521	64	O	9.70	G	-		
521	65	O	9.70	G	-		
521	66	O	9.70	G	-		
521	67	O	9.70	C	-		
521	68	O	9.70	A	-		
521	69	O	9.70	A	-		
521	70	O	9.70	A	-		
521	71	O	9.70	C	-		
521	72	O	9.70	G	-		
521	73	O	9.70	G	-		
521	74	O	9.70	G	-		
521	75	O	9.70	C	-		
521	76	O	9.70	T	-		
521	77	O	9.70	G	-		
521	78	O	9.70	C	-		
521	79	O	9.70	C	-		
521	80	O	9.70	A	-		
521	81	O	9.70	A	-		
521	82	O	9.70	T	-		
521	83	O	9.70	T	-		
521	84	O	9.70	G	-		
521	85	O	9.70	C	-		
521	86	O	9.70	T	-		
521	87	O	9.70	T	-		
521	88	O	9.70	G	-		
521	89	O	9.70	A	-		
521	90	O	9.70	C	-		
521	91	O	9.70	G	-		
521	92	O	9.70	A	-		
521	93	O	9.70	G	-		
521	94	O	9.70	C	-		
521	95	O	9.70	C	-		
521	96	O	9.70	C	-		
521	97	O	9.70	A	-		
521	98	O	9.70	C	-		
521	99	O	9.70	T	-		
521	100	O	9.70	A	-		
521	101	O	9.70	C	-		
521	102	O	9.70	C	-		
521	103	O	9.70	C	-		
521	104	O	9.70	T	-		
521	105	O	9.70	C	-		
521	106	O	9.70	T	-		
521	107	O	9.70	C	-		
521	108	O	9.70	T	-		
521	109	O	9.70	T	-		
522	0	O	9.70	A	-		
522	1	O	9.70	T	-		
522	2	O	9.70	A	-		
522	3	O	9.70	A	-		
522	4	O	9.70	G	-		
522	5	O	9.70	C	-		
522	6	O	9.70	A	-		
522	7	O	9.70	A	-		
522	8	O	9.70	T	-		
522	9	O	9.70	T	-		
522	10	O	9.70	T	-		
522	11	O	9.70	G	-		
522	12	O	9.70	T	-		
522	13	O	9.70	A	-		
522	14	O	9.70	T	-		
522	15	O	9.70	A	-		
522	16	O	9.70	C	-		
522	17	O	9.70	A	-		
522	18	O	9.70	C	-		
522	19	O	9.70	A	-		
522	20	O	9.70	A	-		
522	21	O	9.70	T	-		
522	22	O	9.70	T	-		
522	23	O	9.70	G	-		
522	24	O	9.70	T	-		
522	25	O	9.70	T	-		
522	26	O	9.70	A	-		
522	27	O	9.70	T	-		
522	28	O	9.70	G	-		
522	29	O	9.70	G	-		
522	30	O	9.70	G	-		
522	31	O	9.70	C	-		
522	32	O	9.70	A	-		
522	33	O	9.70	A	-		
522	34	O	9.70	T	-		
522	35	O	9.70	A	-		
522	36	O	9.70	T	-		
522	37	O	9.70	A	-		
522	38	O	9.70	G	-		
522	39	O	9.70	G	-		
522	40	O	9.70	C	-		
522	41	O	9.70	T	-		
522	42	O	9.70	T	-		
522	43	O	9.70	G	-		
522	44	O	9.70	T	-		
522	45	O	9.70	G	-		
522	46	O	9.70	A	-		
522	47	O	9.70	C	-		
522	48	O	9.70	A	-		
522	49	O	9.70	A	-		
522	50	O	9.70	T	-		
522	51	O	9.70	C	-		
522	52	O	9.70	T	-		
522	53	O	9.70	C	-		
522	54	O	9.70	A	-		
522	55	O	9.70	T	-		
522	56	O	9.70	A	-		
522	57	O	9.70	C	-		
522	58	O	9.70	C	-		
522	59	O	9.70	T	-		
522	60	O	9.70	C	-		
522	61	O	9.70	A	-		
522	62	O	9.70	T	-		
522	63	O	9.70	T	-		
522	64	O	9.70	A	-		
522	65	O	9.70	T	-		
522	66	O	9.70	T	-		
522	67	O	9.70	T	-		
522	68	O	9.70	C	-		
522	69	O	9.70	A	-		
522	70	O	9.70	T	-		
522	71	O	9.70	C	-		
522	72	O	9.70	T	-		
522	73	O	9.70	G	-		
522	74	O	9.70	C	-		
522	75	O	9.70	A	-		
522	76	O	9.70	T	-		
522	77	O	9.70	A	-		
522	78	O	9.70	T	-		
522	79	O	9.70	A	-		
522	80	O	9.70	C	-		
522	81	O	9.70	T	-		
522	82	O	9.70	T	-		
522	83	O	9.70	G	-		
522	84	O	9.70	G	-		
522	85	O	9.70	C	-		
522	86	O	9.70	A	-		
522	87	O	9.70	T	-		
522	88	O	9.70	T	-		
522	89	O	9.70	G	-		
522	90	O	9.70	T	-		
522	91	O	9.70	A	-		
522	92	O	9.70	G	-		
522	93	O	9.70	A	-		
522	94	O	9.70	A	-		
522	95	O	9.70	A	-		
522	96	O	9.70	A	-		
522	97	O	9.70	T	-		
522	98	O	9.70	T	-		
522	99	O	9.70	G	-		
522	100	O	9.70	C	-		
522	101	O	9.70	C	-		
522	102	O	9.70	C	-		
522	103	O	9.70	A	-		
522	104	O	9.70	A	-		
522	105	O	9.70	T	-		
522	106	O	9.70	T	-		
522	107	O	9.70	T	-		
522	108	O	9.70	T	-		
522	109	O	9.70	A	-		
523	0	O	20.79	A	-		
523	1	O	20.79	T	-		
523	2	O	20.79	A	-		
523	3	O	20.79	A	-		
523	4	O	20.79	G	-		
523	5	O	20.79	G	-		
523	6	O	20.79	T	-		
523	7	O	20.79	T	-		
523	8	O	20.79	G	-		
523	9	O	20.79	A	-		
523	10	O	20.79	G	-		
523	11	O	20.79	G	-		
523	12	O	20.79	G	-		
523	13	O	20.79	C	-		
523	14	O	20.79	C	-		
523	15	O	20.79	T	-		
523	16	O	20.79	T	-		
523	17	O	20.79	G	-		
523	18	O	20.79	A	-		
523	19	O	20.79	G	-		
523	20	O	20.79	G	-		
523	21	O	20.79	T	-		
523	22	O	20.79	T	-		
523	23	O	20.79	C	-		
523	24	O	20.79	A	-		
523	25	O	20.79	G	-		
523	26	O	20.79	T	-		
523	27	O	20.79	A	-		
523	28	O	20.79	A	-		
523	29	O	20.79	C	-		
523	30	O	20.79	T	-		
523	31	O	20.79	T	-		
523	32	O	20.79	C	-		
523	33	O	20.79	G	-		
523	34	O	20.79	A	-		
523	35	O	20.79	A	-		
523	36	O	20.79	A	-		
523	37	O	20.79	T	-		
523	38	O	20.79	C	-		
523	39	O	20.79	C	-		
523	40	O	20.79	C	-		
523	41	O	20.79	T	-		
523	42	O	20.79	T	-		
523	43	O	20.79	G	-		
523	44	O	20.79	T	-		
523	45	O	20.79	T	-		
523	46	O	20.79	A	-		
523	47	O	20.79	T	-		
523	48	O	20.79	A	-		
523	49	O	20.79	G	-		
523	50	O	20.79	A	-		
523	51	O	20.79	A	-		
523	52	O	20.79	C	-		
523	53	O	20.79	T	-		
523	54	O	20.79	G	-		
523	55	O	20.79	C	-		
523	56	O	20.79	A	-		
523	57	O	20.79	A	-		
523	58	O	20.79	A	-		
523	59	O	20.79	T	-		
523	60	O	20.79	A	-		
523	61	O	20.79	G	-		
523	62	O	20.79	A	-		
523	63	O	20.79	A	-		
523	64	O	20.79	T	-		
523	65	O	20.79	A	-		
523	66	O	20.79	T	-		
523	67	O	20.79	G	-		
523	68	O	20.79	A	-		
523	69	O	20.79	A	-		
523	70	O	20.79	A	-		
523	71	O	20.79	C	-		
523	72	O	20.79	C	-		
523	73	O	20.79	A	-		
523	74	O	20.79	C	-		
523	75	O	20.79	A	-		
523	76	O	20.79	T	-		
523	77	O	20.79	C	-		
523	78	O	20.79	A	-		
523	79	O	20.79	G	-		
523	80	O	20.79	T	-		
523	81	O	20.79	A	-		
523	82	O	20.79	A	-		
523	83	O	20.79	G	-		
523	84	O	20.79	T	-		
523	85	O	20.79	A	-		
523	86	O	20.79	G	-		
523	87	O	20.79	A	-		
523	88	O	20.79	G	-		
523	89	O	20.79	A	-		
523	90	O	20.79	G	-		
523	91	O	20.79	A	-		
523	92	O	20.79	G	-		
523	93	O	20.79	T	-		
523	94	O	20.79	G	-		
523	95	O	20.79	C	-		
523	96	O	20.79	T	-		
523	97	O	20.79	T	-		
523	98	O	20.79	G	-		
523	99	O	20.79	A	-		
523	100	O	20.79	G	-		
523	101	O	20.79	A	-		
523	102	O	20.79	T	-		
523	103	O	20.79	G	-		
523	104	O	20.79	C	-		
523	105	O	20.79	A	-		
523	106	O	20.79	A	-		
523	107	O	20.79	A	-		
523	108	O	20.79	A	-		
523	109	O	20.79	T	-		
524	0	O	11.09	A	-		
524	1	O	11.09	G	-		
524	2	O	11.09	A	-		
524	3	O	11.09	G	-		
524	4	O	11.09	G	-		
524	5	O	11.09	G	-		
524	6	O	11.09	A	-		
524	7	O	11.09	A	-		
524	8	O	11.09	C	-		
524	9	O	11.09	T	-		
524	10	O	11.09	G	-		
524	11	O	11.09	T	-		
524	12	O	11.09	G	-		
524	13	O	11.09	T	-		
524	14	O	11.09	C	-		
524	15	O	11.09	G	-		
524	16	O	11.09	T	-		
524	17	O	11.09	G	-		
524	18	O	11.09	T	-		
524	19	O	11.09	C	-		
524	20	O	11.09	C	-		
524	21	O	11.09	G	-		
524	22	O	11.09	A	-		
524	23	O	11.09	C	-		
524	24	O	11.09	G	-		
524	25	O	11.09	T	-		
524	26	O	11.09	A	-		
524	27	O	11.09	T	-		
524	28	O	11.09	T	-		
524	29	O	11.09	G	-		
524	30	O	11.09	G	-		
524	31	O	11.09	G	-		
524	32	O	11.09	T	-		
524	33	O	11.09	G	-		
524	34	O	11.09	G	-		
524	35	O	11.09	A	-		
524	36	O	11.09	A	-		
524	37	O	11.09	G	-		
524	38	O	11.09	A	-		
524	39	O	11.09	G	-		
524	40	O	11.09	A	-		
524	41	O	11.09	C	-		
524	42	O	11.09	G	-		
524	43	O	11.09	G	-		
524	44	O	11.09	A	-		
524	45	O	11.09	G	-		
524	46	O	11.09	A	-		
524	47	O	11.09	C	-		
524	48	O	11.09	G	-		
524	49	O	11.09	T	-		
524	50	O	11.09	G	-		
524	51	O	11.09	C	-		
524	52	O	11.09	A	-		
524	53	O	11.09	C	-		
524	54	O	11.09	T	-		
524	55	O	11.09	C	-		
524	56	O	11.09	A	-		
524	57	O	11.09	T	-		
524	58	O	11.09	C	-		
524	59	O	11.09	A	-		
524	60	O	11.09	T	-		
524	61	O	11.09	G	-		
524	62	O	11.09	C	-		
524	63	O	11.09	G	-		
524	64	O	11.09	C	-		
524	65	O	11.09	T	-		
524	66	O	11.09	C	-		
524	67	O	11.09	G	-		
524	68	O	11.09	A	-		
524	69	O	11.09	T	-		
524	70	O	11.09	T	-		
524	71	U	2.86	T	A		
524	72	O	11.09	C	-		
524	73	O	11.09	G	-		
524	74	O	11.09	A	-		
524	75	O	11.09	G	-		
524	76	U	2.86	T	A		
524	77	O	11.09	G	-		
524	78	U	2.86	T	G		
524	79	O	11.09	T	-		
524	80	O	11.09	C	-		
524	81	O	11.09	T	-		
524	82	O	11.09	T	-		
524	83	O	11.09	T	-		
524	84	O	11.09	A	-		
524	85	O	11.09	T	-		
524	86	O	11.09	T	-		
524	87	O	11.09	C	-		
524	88	O	11.09	T	-		
524	89	O	11.09	T	-		
524	90	O	11.09	G	-		
524	91	O	11.09	C	-		
524	92	O	11.09	T	-		
524	93	O	11.09	T	-		
524	94	O	11.09	T	-		
524	95	O	11.09	T	-		
524	96	O	11.09	C	-		
524	97	O	11.09	T	-		
524	98	O	11.09	C	-		
524	99	O	11.09	T	-		
524	100	O	11.09	C	-		
524	101	O	11.09	T	-		
524	102	O	11.09	C	-		
524	103	O	11.09	T	-		
524	104	O	11.09	C	-		
524	105	O	11.09	G	-		
524	106	O	11.09	T	-		
524	107	O	11.09	C	-		
524	108	O	11.09	G	-		
524	109	O	11.09	T	-		
525	0	O	6.93	G	-		
525	1	O	6.93	G	-		
525	2	O	6.93	A	-		
525	3	O	6.93	A	-		
525	4	O	6.93	G	-		
525	5	O	6.93	G	-		
525	6	O	6.93	C	-		
525	7	O	6.93	G	-		
525	8	O	6.93	C	-		
525	9	O	6.93	C	-		
525	10	O	6.93	G	-		
525	11	O	6.93	A	-		
525	12	O	6.93	C	-		
525	13	O	6.93	G	-		
525	14	O	6.93	C	-		
525	15	O	6.93	C	-		
525	16	O	6.93	G	-		
525	17	O	6.93	C	-		
525	18	O	6.93	T	-		
525	19	O	6.93	C	-		
525	20	O	6.93	A	-		
525	21	O	6.93	T	-		
525	22	O	6.93	C	-		
525	23	O	6.93	C	-		
525	24	O	6.93	A	-		
525	25	O	6.93	C	-		
525	26	O	6.93	T	-		
525	27	O	6.93	C	-		
525	28	O	6.93	C	-		
525	29	O	6.93	G	-		
525	30	O	6.93	C	-		
525	31	O	6.93	G	-		
525	32	O	6.93	T	-		
525	33	O	6.93	C	-		
525	34	O	6.93	G	-		
525	35	O	6.93	A	-		
525	36	O	6.93	G	-		
525	37	O	6.93	G	-		
525	38	O	6.93	G	-		
525	39	O	6.93	G	-		
525	40	O	6.93	C	-		
525	41	O	6.93	G	-		
525	42	O	6.93	G	-		
525	43	O	6.93	G	-		
525	44	O	6.93	C	-		
525	45	O	6.93	C	-		
525	46	O	6.93	G	-		
525	47	O	6.93	T	-		
525	48	O	6.93	C	-		
525	49	O	6.93	G	-		
525	50	O	6.93	A	-		
525	51	O	6.93	C	-		
525	52	O	6.93	C	-		
525	53	O	6.93	T	-		
525	54	O	6.93	T	-		
525	55	O	6.93	G	-		
525	56	O	6.93	A	-		
525	57	O	6.93	G	-		
525	58	O	6.93	G	-		
525	59	O	6.93	C	-		
525	60	O	6.93	C	-		
525	61	O	6.93	G	-		
525	62	O	6.93	C	-		
525	63	O	6.93	C	-		
525	64	O	6.93	G	-		
525	65	O	6.93	A	-		
525	66	O	6.93	G	-		
525	67	O	6.93	C	-		
525	68	O	6.93	G	-		
525	69	O	6.93	G	-		
525	70	O	6.93	A	-		
525	71	O	6.93	T	-		
525	72	O	6.93	T	-		
525	73	O	6.93	G	-		
525	74	O	6.93	G	-		
525	75	O	6.93	G	-		
525	76	O	6.93	C	-		
525	77	O	6.93	C	-		
525	78	O	6.93	G	-		
525	79	O	6.93	G	-		
525	80	O	6.93	T	-		
525	81	O	6.93	C	-		
525	82	O	6.93	G	-		
525	83	O	6.93	A	-		
525	84	O	6.93	G	-		
525	85	O	6.93	C	-		
525	86	O	6.93	A	-		
525	87	O	6.93	C	-		
525	88	O	6.93	G	-		
525	89	O	6.93	A	-		
525	90	O	6.93	T	-		
525	91	O	6.93	G	-		
525	92	O	6.93	A	-		
525	93	O	6.93	C	-		
525	94	O	6.93	T	-		
525	95	O	6.93	T	-		
525	96	O	6.93	C	-		
525	97	O	6.93	G	-		
525	98	O	6.93	A	-		
525	99	O	6.93	C	-		
525	100	O	6.93	A	-		
525	101	O	6.93	C	-		
525	102	O	6.93	C	-		
525	103	O	6.93	A	-		
525	104	O	6.93	T	-		
525	105	O	6.93	A	-		
525	106	O	6.93	T	-		
525	107	O	6.93	A	-		
525	108	O	6.93	G	-		
525	109	O	6.93	A	-		
526	0	O	5.55	T	-		
526	1	O	5.55	A	-		
526	2	O	5.55	A	-		
526	3	O	5.55	G	-		
526	4	O	5.55	G	-		
526	5	O	5.55	A	-		
526	6	O	5.55	G	-		
526	7	O	5.55	T	-		
526	8	O	5.55	C	-		
526	9	O	5.55	G	-		
526	10	O	5.55	C	-		
526	11	O	5.55	C	-		
526	12	O	5.55	G	-		
526	13	O	5.55	G	-		
526	14	O	5.55	T	-		
526	15	O	5.55	G	-		
526	16	O	5.55	A	-		
526	17	O	5.55	G	-		
526	18	O	5.55	T	-		
526	19	O	5.55	C	-		
526	20	O	5.55	C	-		
526	21	O	5.55	C	-		
526	22	O	5.55	A	-		
526	23	O	5.55	G	-		
526	24	O	5.55	T	-		
526	25	O	5.55	A	-		
526	26	O	5.55	A	-		
526	27	O	5.55	G	-		
526	28	O	5.55	A	-		
526	29	O	5.55	A	-		
526	30	O	5.55	C	-		
526	31	O	5.55	A	-		
526	32	O	5.55	T	-		
526	33	O	5.55	G	-		
526	34	O	5.55	T	-		
526	35	O	5.55	T	-		
526	36	O	5.55	G	-		
526	37	O	5.55	C	-		
526	38	O	5.55	G	-		
526	39	O	5.55	G	-		
526	40	O	5.55	T	-		
526	41	O	5.55	T	-		
526	42	O	5.55	C	-		
526	43	O	5.55	A	-		
526	44	O	5.55	A	-		
526	45	O	5.55	G	-		
526	46	O	5.55	A	-		
526	47	O	5.55	C	-		
526	48	O	5.55	G	-		
526	49	O	5.55	G	-		
526	50	O	5.55	A	-		
526	51	O	5.55	T	-		
526	52	O	5.55	A	-		
526	53	O	5.55	A	-		
526	54	O	5.55	C	-		
526	55	O	5.55	T	-		
526	56	O	5.55	C	-		
526	57	O	5.55	G	-		
526	58	O	5.55	G	-		
526	59	O	5.55	G	-		
526	60	O	5.55	A	-		
526	61	O	5.55	C	-		
526	62	O	5.55	C	-		
526	63	O	5.55	A	-		
526	64	O	5.55	A	-		
526	65	O	5.55	A	-		
526	66	O	5.55	C	-		
526	67	O	5.55	T	-		
526	68	O	5.55	C	-		
526	69	O	5.55	T	-		
526	70	O	5.55	C	-		
526	71	O	5.55	C	-		
526	72	O	5.55	G	-		
526	73	O	5.55	T	-		
526	74	O	5.55	A	-		
526	75	O	5.55	C	-		
526	76	O	5.55	T	-		
526	77	O	5.55	C	-		
526	78	O	5.55	G	-		
526	79	O	5.55	C	-		
526	80	O	5.55	C	-		
526	81	O	5.55	T	-		
526	82	O	5.55	T	-		
526	83	O	5.55	C	-		
526	84	O	5.55	G	-		
526	85	O	5.55	A	-		
526	86	O	5.55	T	-		
526	87	O	5.55	C	-		
526	88	O	5.55	T	-		
526	89	O	5.55	T	-		
526	90	O	5.55	G	-		
526	91	O	5.55	G	-		
526	92	O	5.55	G	-		
526	93	O	5.55	G	-		
526	94	O	5.55	C	-		
526	95	O	5.55	A	-		
526	96	O	5.55	T	-		
526	97	O	5.55	G	-		
526	98	O	5.55	A	-		
526	99	O	5.55	T	-		
526	100	O	5.55	G	-		
526	101	O	5.55	G	-		
526	102	O	5.55	T	-		
526	103	O	5.55	G	-		
526	104	O	5.55	G	-		
526	105	O	5.55	G	-		
526	106	O	5.55	T	-		
526	107	O	5.55	T	-		
526	108	O	5.55	C	-		
526	109	O	5.55	T	-		
527	0	O	8.32	T	-		
527	1	O	8.32	G	-		
527	2	O	8.32	A	-		
527	3	O	8.32	A	-		
527	4	O	8.32	A	-		
527	5	O	8.32	G	-		
527	6	O	8.32	A	-		
527	7	O	8.32	A	-		
527	8	O	8.32	C	-		
527	9	O	8.32	C	-		
527	10	O	8.32	A	-		
527	11	O	8.32	A	-		
527	12	O	8.32	T	-		
527	13	O	8.32	T	-		
527	14	O	8.32	C	-		
527	15	O	8.32	A	-		
527	16	O	8.32	T	-		
527	17	O	8.32	G	-		
527	18	O	8.32	G	-		
527	19	O	8.32	A	-		
527	20	O	8.32	C	-		
527	21	O	8.32	T	-		
527	22	O	8.32	A	-		
527	23	O	8.32	C	-		
527	24	O	8.32	A	-		
527	25	O	8.32	C	-		
527	26	O	8.32	C	-		
527	27	O	8.32	G	-		
527	28	O	8.32	T	-		
527	29	O	8.32	A	-		
527	30	O	8.32	C	-		
527	31	O	8.32	C	-		
527	32	O	8.32	G	-		
527	33	O	8.32	C	-		
527	34	O	8.32	A	-		
527	35	O	8.32	A	-		
527	36	O	8.32	A	-		
527	37	O	8.32	T	-		
527	38	O	8.32	C	-		
527	39	O	8.32	C	-		
527	40	O	8.32	A	-		
527	41	O	8.32	T	-		
527	42	O	8.32	C	-		
527	43	O	8.32	G	-		
527	44	O	8.32	T	-		
527	45	O	8.32	A	-		
527	46	O	8.32	C	-		
527	47	O	8.32	C	-		
527	48	O	8.32	C	-		
527	49	O	8.32	A	-		
527	50	O	8.32	A	-		
527	51	O	8.32	T	-		
527	52	O	8.32	C	-		
527	53	O	8.32	T	-		
527	54	O	8.32	T	-		
527	55	O	8.32	A	-		
527	56	O	8.32	G	-		
527	57	O	8.32	C	-		
527	58	O	8.32	A	-		
527	59	O	8.32	G	-		
527	60	O	8.32	T	-		
527	61	O	8.32	T	-		
527	62	O	8.32	C	-		
527	63	O	8.32	A	-		
527	64	O	8.32	C	-		
527	65	O	8.32	T	-		
527	66	O	8.32	C	-		
527	67	O	8.32	C	-		
527	68	O	8.32	G	-		
527	69	O	8.32	C	-		
527	70	O	8.32	T	-		
527	71	O	8.32	G	-		
527	72	O	8.32	C	-		
527	73	O	8.32	T	-		
527	74	O	8.32	G	-		
527	75	O	8.32	C	-		
527	76	O	8.32	A	-		
527	77	O	8.32	T	-		
527	78	O	8.32	T	-		
527	79	O	8.32	C	-		
527	80	O	8.32	T	-		
527	81	O	8.32	C	-		
527	82	O	8.32	C	-		
527	83	O	8.32	T	-		
527	84	O	8.32	T	-		
527	85	O	8.32	G	-		
527	86	O	8.32	G	-		
527	87	O	8.32	T	-		
527	88	O	8.32	C	-		
527	89	O	8.32	C	-		
527	90	O	8.32	C	-		
527	91	O	8.32	T	-		
527	92	O	8.32	G	-		
527	93	O	8.32	G	-		
527	94	O	8.32	A	-		
527	95	O	8.32	A	-		
527	96	O	8.32	C	-		
527	97	O	8.32	A	-		
527	98	O	8.32	G	-		
527	99	O	8.32	G	-		
527	100	O	8.32	T	-		
527	101	O	8.32	A	-		
527	102	O	8.32	C	-		
527	103	O	8.32	G	-		
527	104	O	8.32	A	-		
527	105	O	8.32	A	-		
527	106	O	8.32	A	-		
527	107	O	8.32	G	-		
527	108	O	8.32	C	-		
527	109	O	8.32	T	-		
528	0	O	6.93	A	-		
528	1	O	6.93	A	-		
528	2	O	6.93	C	-		
528	3	O	6.93	C	-		
528	4	O	6.93	A	-		
528	5	O	6.93	A	-		
528	6	O	6.93	G	-		
528	7	O	6.93	A	-		
528	8	O	6.93	T	-		
528	9	O	6.93	G	-		
528	10	O	6.93	G	-		
528	11	O	6.93	C	-		
528	12	O	6.93	T	-		
528	13	O	6.93	G	-		
528	14	O	6.93	A	-		
528	15	O	6.93	T	-		
528	16	O	6.93	C	-		
528	17	O	6.93	A	-		
528	18	O	6.93	A	-		
528	19	O	6.93	G	-		
528	20	O	6.93	A	-		
528	21	O	6.93	A	-		
528	22	O	6.93	C	-		
528	23	O	6.93	A	-		
528	24	O	6.93	G	-		
528	25	O	6.93	G	-		
528	26	O	6.93	C	-		
528	27	O	6.93	T	-		
528	28	O	6.93	A	-		
528	29	O	6.93	C	-		
528	30	O	6.93	A	-		
528	31	O	6.93	C	-		
528	32	O	6.93	A	-		
528	33	O	6.93	G	-		
528	34	O	6.93	G	-		
528	35	O	6.93	G	-		
528	36	O	6.93	T	-		
528	37	O	6.93	T	-		
528	38	O	6.93	C	-		
528	39	O	6.93	G	-		
528	40	O	6.93	A	-		
528	41	O	6.93	C	-		
528	42	O	6.93	A	-		
528	43	O	6.93	T	-		
528	44	O	6.93	C	-		
528	45	O	6.93	G	-		
528	46	O	6.93	C	-		
528	47	O	6.93	A	-		
528	48	O	6.93	A	-		
528	49	O	6.93	G	-		
528	50	O	6.93	C	-		
528	51	O	6.93	C	-		
528	52	O	6.93	A	-		
528	53	O	6.93	A	-		
528	54	O	6.93	T	-		
528	55	O	6.93	C	-		
528	56	O	6.93	T	-		
528	57	O	6.93	C	-		
528	58	O	6.93	C	-		
528	59	O	6.93	A	-		
528	60	O	6.93	A	-		
528	61	O	6.93	C	-		
528	62	O	6.93	A	-		
528	63	O	6.93	C	-		
528	64	O	6.93	A	-		
528	65	O	6.93	T	-		
528	66	O	6.93	C	-		
528	67	O	6.93	A	-		
528	68	O	6.93	C	-		
528	69	O	6.93	A	-		
528	70	O	6.93	C	-		
528	71	O	6.93	C	-		
528	72	O	6.93	A	-		
528	73	O	6.93	T	-		
528	74	O	6.93	G	-		
528	75	O	6.93	G	-		
528	76	O	6.93	A	-		
528	77	O	6.93	C	-		
528	78	O	6.93	C	-		
528	79	O	6.93	A	-		
528	80	O	6.93	A	-		
528	81	O	6.93	G	-		
528	82	O	6.93	A	-		
528	83	O	6.93	G	-		
528	84	O	6.93	A	-		
528	85	O	6.93	A	-		
528	86	O	6.93	A	-		
528	87	O	6.93	C	-		
528	88	O	6.93	C	-		
528	89	O	6.93	T	-		
528	90	O	6.93	T	-		
528	91	O	6.93	T	-		
528	92	O	6.93	C	-		
528	93	O	6.93	A	-		
528	94	O	6.93	A	-		
528	95	O	6.93	G	-		
528	96	O	6.93	A	-		
528	97	O	6.93	C	-		
528	98	O	6.93	C	-		
528	99	O	6.93	A	-		
528	100	O	6.93	T	-		
528	101	O	6.93	C	-		
528	102	O	6.93	G	-		
528	103	O	6.93	A	-		
528	104	O	6.93	G	-		
528	105	O	6.93	G	-		
528	106	O	6.93	T	-		
528	107	O	6.93	C	-		
528	108	O	6.93	A	-		
528	109	O	6.93	T	-		
529	0	O	11.09	A	-		
529	1	O	11.09	A	-		
529	2	O	11.09	G	-		
529	3	O	11.09	C	-		
529	4	O	11.09	G	-		
529	5	O	11.09	A	-		
529	6	O	11.09	G	-		
529	7	O	11.09	A	-		
529	8	O	11.09	G	-		
529	9	O	11.09	T	-		
529	10	O	11.09	C	-		
529	11	O	11.09	G	-		
529	12	O	11.09	T	-		
529	13	O	11.09	A	-		
529	14	O	11.09	A	-		
529	15	O	11.09	G	-		
529	16	O	11.09	A	-		
529	17	O	11.09	G	-		
529	18	O	11.09	A	-		
529	19	O	11.09	T	-		
529	20	O	11.09	C	-		
529	21	O	11.09	T	-		
529	22	O	11.09	T	-		
529	23	O	11.09	T	-		
529	24	O	11.09	C	-		
529	25	O	11.09	G	-		
529	26	O	11.09	G	-		
529	27	O	11.09	A	-		
529	28	O	11.09	A	-		
529	29	O	11.09	T	-		
529	30	O	11.09	G	-		
529	31	O	11.09	C	-		
529	32	O	11.09	C	-		
529	33	O	11.09	T	-		
529	34	O	11.09	T	-		
529	35	O	11.09	A	-		
529	36	O	11.09	G	-		
529	37	O	11.09	A	-		
529	38	O	11.09	C	-		
529	39	O	11.09	G	-		
529	40	O	11.09	C	-		
529	41	O	11.09	T	-		
529	42	O	11.09	T	-		
529	43	O	11.09	A	-		
529	44	O	11.09	A	-		
529	45	O	11.09	A	-		
529	46	O	11.09	C	-		
529	47	O	11.09	A	-		
529	48	O	11.09	G	-		
529	49	O	11.09	A	-		
529	50	O	11.09	A	-		
529	51	O	11.09	A	-		
529	52	O	11.09	A	-		
529	53	O	11.09	G	-		
529	54	O	11.09	G	-		
529	55	O	11.09	C	-		
529	56	O	11.09	G	-		
529	57	O	11.09	A	-		
529	58	O	11.09	C	-		
529	59	O	11.09	T	-		
529	60	O	11.09	T	-		
529	61	O	11.09	T	-		
529	62	O	11.09	G	-		
529	63	O	11.09	C	-		
529	64	O	11.09	G	-		
529	65	O	11.09	C	-		
529	66	O	11.09	A	-		
529	67	O	11.09	A	-		
529	68	O	11.09	G	-		
529	69	O	11.09	T	-		
529	70	O	11.09	G	-		
529	71	O	11.09	A	-		
529	72	O	11.09	T	-		
529	73	O	11.09	C	-		
529	74	O	11.09	T	-		
529	75	O	11.09	T	-		
529	76	O	11.09	G	-		
529	77	O	11.09	G	-		
529	78	O	11.09	G	-		
529	79	O	11.09	C	-		
529	80	O	11.09	T	-		
529	81	O	11.09	T	-		
529	82	O	11.09	C	-		
529	83	O	11.09	T	-		
529	84	O	11.09	T	-		
529	85	O	11.09	G	-		
529	86	O	11.09	A	-		
529	87	O	11.09	A	-		
529	88	O	11.09	G	-		
529	89	O	11.09	A	-		
529	90	O	11.09	A	-		
529	91	O	11.09	A	-		
529	92	O	11.09	A	-		
529	93	O	11.09	T	-		
529	94	O	11.09	T	-		
529	95	O	11.09	G	-		
529	96	O	11.09	C	-		
529	97	O	11.09	T	-		
529	98	O	11.09	G	-		
529	99	O	11.09	G	-		
529	100	O	11.09	C	-		
529	101	O	11.09	A	-		
529	102	O	11.09	G	-		
529	103	O	11.09	G	-		
529	104	O	11.09	C	-		
529	105	O	11.09	G	-		
529	106	O	11.09	G	-		
529	107	O	11.09	A	-		
529	108	O	11.09	T	-		
529	109	O	11.09	C	-		
530	0	O	15.25	C	-		
530	1	O	15.25	C	-		
530	2	O	15.25	C	-		
530	3	O	15.25	A	-		
530	4	O	15.25	C	-		
530	5	O	15.25	C	-		
530	6	O	15.25	T	-		
530	7	O	15.25	T	-		
530	8	O	15.25	A	-		
530	9	O	15.25	T	-		
530	10	O	15.25	A	-		
530	11	O	15.25	T	-		
530	12	O	15.25	T	-		
530	13	O	15.25	T	-		
530	14	O	15.25	T	-		
530	15	O	15.25	A	-		
530	16	O	15.25	G	-		
530	17	O	15.25	T	-		
530	18	O	15.25	C	-		
530	19	O	15.25	A	-		
530	20	O	15.25	C	-		
530	21	O	15.25	C	-		
530	22	O	15.25	T	-		
530	23	O	15.25	A	-		
530	24	O	15.25	G	-		
530	25	O	15.25	T	-		
530	26	O	15.25	T	-		
530	27	O	15.25	C	-		
530	28	O	15.25	A	-		
530	29	O	15.25	G	-		
530	30	O	15.25	T	-		
530	31	O	15.25	G	-		
530	32	O	15.25	G	-		
530	33	O	15.25	G	-		
530	34	O	15.25	A	-		
530	35	O	15.25	T	-		
530	36	O	15.25	T	-		
530	37	O	15.25	C	-		
530	38	O	15.25	A	-		
530	39	O	15.25	T	-		
530	40	O	15.25	A	-		
530	41	O	15.25	A	-		
530	42	O	15.25	C	-		
530	43	O	15.25	T	-		
530	44	O	15.25	C	-		
530	45	O	15.25	G	-		
530	46	O	15.25	T	-		
530	47	O	15.25	G	-		
530	48	O	15.25	A	-		
530	49	O	15.25	C	-		
530	50	O	15.25	A	-		
530	51	O	15.25	A	-		
530	52	O	15.25	A	-		
530	53	O	15.25	A	-		
530	54	O	15.25	A	-		
530	55	O	15.25	G	-		
530	56	O	15.25	G	-		
530	57	O	15.25	A	-		
530	58	O	15.25	T	-		
530	59	O	15.25	A	-		
530	60	O	15.25	G	-		
530	61	O	15.25	T	-		
530	62	O	15.25	T	-		
530	63	O	15.25	C	-		
530	64	O	15.25	C	-		
530	65	O	15.25	T	-		
530	66	O	15.25	A	-		
530	67	O	15.25	T	-		
530	68	O	15.25	T	-		
530	69	O	15.25	A	-		
530	70	O	15.25	C	-		
530	71	O	15.25	T	-		
530	72	O	15.25	C	-		
530	73	O	15.25	T	-		
530	74	O	15.25	T	-		
530	75	O	15.25	A	-		
530	76	O	15.25	C	-		
530	77	O	15.25	G	-		
530	78	O	15.25	A	-		
530	79	O	15.25	G	-		
530	80	O	15.25	A	-		
530	81	O	15.25	T	-		
530	82	O	15.25	T	-		
530	83	O	15.25	T	-		
530	84	O	15.25	T	-		
530	85	O	15.25	C	-		
530	86	O	15.25	T	-		
530	87	O	15.25	A	-		
530	88	O	15.25	G	-		
530	89	O	15.25	A	-		
530	90	O	15.25	A	-		
530	91	O	15.25	A	-		
530	92	O	15.25	T	-		
530	93	O	15.25	C	-		
530	94	O	15.25	T	-		
530	95	O	15.25	T	-		
530	96	O	15.25	G	-		
530	97	O	15.25	G	-		
530	98	O	15.25	T	-		
530	99	O	15.25	A	-		
530	100	O	15.25	T	-		
530	101	O	15.25	A	-		
530	102	O	15.25	T	-		
530	103	O	15.25	A	-		
530	104	O	15.25	T	-		
530	105	O	15.25	T	-		
530	106	O	15.25	T	-		
530	107	O	15.25	T	-		
530	108	O	15.25	G	-		
530	109	O	15.25	T	-		
531	0	O	5.55	T	-		
531	1	O	5.55	G	-		
531	2	O	5.55	C	-		
531	3	O	5.55	A	-		
531	4	O	5.55	C	-		
531	5	O	5.55	T	-		
531	6	O	5.55	T	-		
531	7	O	5.55	G	-		
531	8	O	5.55	T	-		
531	9	O	5.55	T	-		
531	10	O	5.55	C	-		
531	11	O	5.55	A	-		
531	12	O	5.55	G	-		
531	13	O	5.55	A	-		
531	14	O	5.55	C	-		
531	15	O	5.55	C	-		
531	16	O	5.55	G	-		
531	17	O	5.55	C	-		
531	18	O	5.55	A	-		
531	19	O	5.55	C	-		
531	20	O	5.55	G	-		
531	21	O	5.55	C	-		
531	22	O	5.55	T	-		
531	23	O	5.55	C	-		
531	24	O	5.55	T	-		
531	25	O	5.55	T	-		
531	26	O	5.55	T	-		
531	27	O	5.55	T	-		
531	28	O	5.55	C	-		
531	29	O	5.55	C	-		
531	30	O	5.55	A	-		
531	31	O	5.55	C	-		
531	32	O	5.55	T	-		
531	33	O	5.55	T	-		
531	34	O	5.55	T	-		
531	35	O	5.55	G	-		
531	36	O	5.55	C	-		
531	37	O	5.55	A	-		
531	38	O	5.55	A	-		
531	39	O	5.55	G	-		
531	40	O	5.55	T	-		
531	41	O	5.55	C	-		
531	42	O	5.55	T	-		
531	43	O	5.55	T	-		
531	44	O	5.55	G	-		
531	45	O	5.55	C	-		
531	46	O	5.55	G	-		
531	47	O	5.55	A	-		
531	48	O	5.55	C	-		
531	49	O	5.55	T	-		
531	50	O	5.55	C	-		
531	51	O	5.55	T	-		
531	52	O	5.55	G	-		
531	53	O	5.55	A	-		
531	54	O	5.55	T	-		
531	55	O	5.55	C	-		
531	56	O	5.55	A	-		
531	57	O	5.55	A	-		
531	58	O	5.55	C	-		
531	59	O	5.55	G	-		
531	60	O	5.55	C	-		
531	61	O	5.55	C	-		
531	62	O	5.55	G	-		
531	63	O	5.55	G	-		
531	64	O	5.55	C	-		
531	65	O	5.55	C	-		
531	66	O	5.55	T	-		
531	67	O	5.55	T	-		
531	68	O	5.55	T	-		
531	69	O	5.55	T	-		
531	70	O	5.55	A	-		
531	71	O	5.55	T	-		
531	72	O	5.55	C	-		
531	73	O	5.55	G	-		
531	74	O	5.55	T	-		
531	75	O	5.55	C	-		
531	76	O	5.55	C	-		
531	77	O	5.55	T	-		
531	78	O	5.55	T	-		
531	79	O	5.55	C	-		
531	80	O	5.55	G	-		
531	81	O	5.55	A	-		
531	82	O	5.55	A	-		
531	83	O	5.55	G	-		
531	84	O	5.55	A	-		
531	85	O	5.55	C	-		
531	86	O	5.55	C	-		
531	87	O	5.55	T	-		
531	88	O	5.55	C	-		
531	89	O	5.55	A	-		
531	90	O	5.55	A	-		
531	91	O	5.55	C	-		
531	92	O	5.55	T	-		
531	93	O	5.55	C	-		
531	94	O	5.55	G	-		
531	95	O	5.55	G	-		
531	96	O	5.55	A	-		
531	97	O	5.55	T	-		
531	98	O	5.55	C	-		
531	99	O	5.55	G	-		
531	100	O	5.55	C	-		
531	101	O	5.55	G	-		
531	102	O	5.55	G	-		
531	103	O	5.55	A	-		
531	104	O	5.55	A	-		
531	105	O	5.55	T	-		
531	106	O	5.55	C	-		
531	107	O	5.55	C	-		
531	108	O	5.55	A	-		
531	109	O	5.55	G	-		
532	0	O	11.09	C	-		
532	1	O	11.09	C	-		
532	2	O	11.09	C	-		
532	3	O	11.09	T	-		
532	4	O	11.09	C	-		
532	5	O	11.09	G	-		
532	6	O	11.09	C	-		
532	7	O	11.09	G	-		
532	8	O	11.09	G	-		
532	9	O	11.09	C	-		
532	10	O	11.09	G	-		
532	11	O	11.09	G	-		
532	12	O	11.09	T	-		
532	13	O	11.09	G	-		
532	14	O	11.09	G	-		
532	15	O	11.09	G	-		
532	16	O	11.09	T	-		
532	17	O	11.09	T	-		
532	18	O	11.09	T	-		
532	19	O	11.09	G	-		
532	20	O	11.09	G	-		
532	21	O	11.09	C	-		
532	22	O	11.09	G	-		
532	23	O	11.09	G	-		
532	24	O	11.09	C	-		
532	25	O	11.09	C	-		
532	26	O	11.09	G	-		
532	27	O	11.09	C	-		
532	28	O	11.09	G	-		
532	29	O	11.09	A	-		
532	30	O	11.09	T	-		
532	31	O	11.09	G	-		
532	32	O	11.09	G	-		
532	33	O	11.09	A	-		
532	34	O	11.09	G	-		
532	35	O	11.09	G	-		
532	36	O	11.09	A	-		
532	37	O	11.09	C	-		
532	38	O	11.09	G	-		
532	39	O	11.09	A	-		
532	40	O	11.09	G	-		
532	41	O	11.09	G	-		
532	42	O	11.09	G	-		
532	43	O	11.09	T	-		
532	44	O	11.09	T	-		
532	45	O	11.09	T	-		
532	46	O	11.09	G	-		
532	47	O	11.09	A	-		
532	48	O	11.09	C	-		
532	49	O	11.09	G	-		
532	50	O	11.09	A	-		
532	51	O	11.09	C	-		
532	52	O	11.09	C	-		
532	53	O	11.09	G	-		
532	54	O	11.09	C	-		
532	55	O	11.09	G	-		
532	56	O	11.09	G	-		
532	57	O	11.09	C	-		
532	58	O	11.09	T	-		
532	59	O	11.09	C	-		
532	60	O	11.09	T	-		
532	61	O	11.09	C	-		
532	62	O	11.09	G	-		
532	63	O	11.09	C	-		
532	64	O	11.09	A	-		
532	65	O	11.09	G	-		
532	66	O	11.09	C	-		
532	67	O	11.09	A	-		
532	68	O	11.09	A	-		
532	69	O	11.09	C	-		
532	70	O	11.09	G	-		
532	71	O	11.09	C	-		
532	72	O	11.09	T	-		
532	73	O	11.09	A	-		
532	74	O	11.09	A	-		
532	75	O	11.09	C	-		
532	76	O	11.09	C	-		
532	77	O	11.09	T	-		
532	78	O	11.09	T	-		
532	79	O	11.09	G	-		
532	80	O	11.09	A	-		
532	81	O	11.09	G	-		
532	82	O	11.09	C	-		
532	83	O	11.09	C	-		
532	84	O	11.09	T	-		
532	85	O	11.09	T	-		
532	86	U	2.86	T	C		
532	87	O	11.09	G	-		
532	88	O	11.09	C	-		
532	89	O	11.09	C	-		
532	90	O	11.09	T	-		
532	91	O	11.09	C	-		
532	92	O	11.09	C	-		
532	93	U	2.86	T	C		
532	94	O	11.09	C	-		
532	95	O	11.09	G	-		
532	96	U	2.86	G	A		
532	97	O	11.09	G	-		
532	98	O	11.09	G	-		
532	99	O	11.09	A	-		
532	100	O	11.09	G	-		
532	101	O	11.09	G	-		
532	102	O	11.09	C	-		
532	103	O	11.09	G	-		
532	104	O	11.09	A	-		
532	105	O	11.09	T	-		
532	106	O	11.09	C	-		
532	107	O	11.09	G	-		
532	108	O	11.09	C	-		
532	109	O	11.09	G	-		
533	0	O	6.93	A	-		
533	1	O	6.93	G	-		
533	2	O	6.93	C	-		
533	3	O	6.93	C	-		
533	4	O	6.93	T	-		
533	5	O	6.93	G	-		
533	6	O	6.93	C	-		
533	7	O	6.93	G	-		
533	8	O	6.93	G	-		
533	9	O	6.93	T	-		
533	10	O	6.93	A	-		
533	11	O	6.93	A	-		
533	12	O	6.93	C	-		
533	13	O	6.93	T	-		
533	14	O	6.93	G	-		
533	15	O	6.93	G	-		
533	16	O	6.93	C	-		
533	17	O	6.93	C	-		
533	18	O	6.93	G	-		
533	19	O	6.93	T	-		
533	20	O	6.93	C	-		
533	21	O	6.93	G	-		
533	22	O	6.93	G	-		
533	23	O	6.93	A	-		
533	24	O	6.93	T	-		
533	25	O	6.93	G	-		
533	26	O	6.93	T	-		
533	27	O	6.93	A	-		
533	28	O	6.93	T	-		
533	29	O	6.93	A	-		
533	30	O	6.93	A	-		
533	31	O	6.93	C	-		
533	32	O	6.93	C	-		
533	33	O	6.93	G	-		
533	34	O	6.93	A	-		
533	35	O	6.93	G	-		
533	36	O	6.93	G	-		
533	37	O	6.93	G	-		
533	38	O	6.93	G	-		
533	39	O	6.93	C	-		
533	40	O	6.93	C	-		
533	41	O	6.93	A	-		
533	42	O	6.93	T	-		
533	43	O	6.93	C	-		
533	44	O	6.93	T	-		
533	45	O	6.93	C	-		
533	46	O	6.93	T	-		
533	47	O	6.93	G	-		
533	48	O	6.93	T	-		
533	49	O	6.93	T	-		
533	50	O	6.93	C	-		
533	51	O	6.93	C	-		
533	52	O	6.93	A	-		
533	53	O	6.93	G	-		
533	54	O	6.93	A	-		
533	55	O	6.93	T	-		
533	56	O	6.93	G	-		
533	57	O	6.93	G	-		
533	58	O	6.93	C	-		
533	59	O	6.93	A	-		
533	60	O	6.93	C	-		
533	61	O	6.93	C	-		
533	62	O	6.93	A	-		
533	63	O	6.93	G	-		
533	64	O	6.93	T	-		
533	65	O	6.93	G	-		
533	66	O	6.93	T	-		
533	67	O	6.93	T	-		
533	68	O	6.93	C	-		
533	69	O	6.93	G	-		
533	70	O	6.93	A	-		
533	71	O	6.93	A	-		
533	72	O	6.93	G	-		
533	73	O	6.93	G	-		
533	74	O	6.93	C	-		
533	75	O	6.93	A	-		
533	76	O	6.93	A	-		
533	77	O	6.93	G	-		
533	78	O	6.93	G	-		
533	79	O	6.93	C	-		
533	80	O	6.93	T	-		
533	81	O	6.93	G	-		
533	82	O	6.93	C	-		
533	83	O	6.93	T	-		
533	84	O	6.93	G	-		
533	85	O	6.93	G	-		
533	86	O	6.93	T	-		
533	87	O	6.93	C	-		
533	88	O	6.93	T	-		
533	89	O	6.93	C	-		
533	90	O	6.93	C	-		
533	91	O	6.93	A	-		
533	92	O	6.93	T	-		
533	93	O	6.93	T	-		
533	94	O	6.93	G	-		
533	95	O	6.93	A	-		
533	96	O	6.93	A	-		
533	97	O	6.93	T	-		
533	98	O	6.93	C	-		
533	99	O	6.93	T	-		
533	100	O	6.93	G	-		
533	101	O	6.93	C	-		
533	102	O	6.93	A	-		
533	103	O	6.93	C	-		
533	104	O	6.93	A	-		
533	105	O	6.93	T	-		
533	106	O	6.93	T	-		
533	107	O	6.93	G	-		
533	108	O	6.93	T	-		
533	109	O	6.93	A	-		
534	0	O	8.32	T	-		
534	1	O	8.32	A	-		
534	2	O	8.32	C	-		
534	3	O	8.32	T	-		
534	4	O	8.32	T	-		
534	5	O	8.32	G	-		
534	6	O	8.32	G	-		
534	7	O	8.32	T	-		
534	8	O	8.32	T	-		
534	9	O	8.32	G	-		
534	10	O	8.32	G	-		
534	11	O	8.32	T	-		
534	12	O	8.32	G	-		
534	13	O	8.32	T	-		
534	14	O	8.32	G	-		
534	15	O	8.32	T	-		
534	16	O	8.32	G	-		
534	17	O	8.32	A	-		
534	18	O	8.32	G	-		
534	19	O	8.32	T	-		
534	20	O	8.32	G	-		
534	21	O	8.32	C	-		
534	22	O	8.32	A	-		
534	23	O	8.32	C	-		
534	24	O	8.32	C	-		
534	25	O	8.32	A	-		
534	26	O	8.32	G	-		
534	27	O	8.32	A	-		
534	28	O	8.32	T	-		
534	29	O	8.32	T	-		
534	30	O	8.32	T	-		
534	31	O	8.32	T	-		
534	32	O	8.32	G	-		
534	33	O	8.32	T	-		
534	34	O	8.32	G	-		
534	35	O	8.32	G	-		
534	36	O	8.32	G	-		
534	37	O	8.32	A	-		
534	38	O	8.32	C	-		
534	39	O	8.32	C	-		
534	40	O	8.32	C	-		
534	41	O	8.32	G	-		
534	42	O	8.32	C	-		
534	43	O	8.32	C	-		
534	44	O	8.32	A	-		
534	45	O	8.32	C	-		
534	46	O	8.32	T	-		
534	47	O	8.32	A	-		
534	48	O	8.32	G	-		
534	49	O	8.32	G	-		
534	50	O	8.32	A	-		
534	51	O	8.32	G	-		
534	52	O	8.32	A	-		
534	53	O	8.32	A	-		
534	54	O	8.32	C	-		
534	55	O	8.32	C	-		
534	56	O	8.32	C	-		
534	57	O	8.32	A	-		
534	58	O	8.32	C	-		
534	59	O	8.32	T	-		
534	60	O	8.32	T	-		
534	61	O	8.32	G	-		
534	62	O	8.32	A	-		
534	63	O	8.32	C	-		
534	64	O	8.32	T	-		
534	65	O	8.32	C	-		
534	66	O	8.32	A	-		
534	67	O	8.32	A	-		
534	68	O	8.32	C	-		
534	69	O	8.32	G	-		
534	70	O	8.32	G	-		
534	71	O	8.32	G	-		
534	72	O	8.32	A	-		
534	73	O	8.32	T	-		
534	74	O	8.32	A	-		
534	75	O	8.32	T	-		
534	76	O	8.32	G	-		
534	77	O	8.32	A	-		
534	78	O	8.32	G	-		
534	79	O	8.32	C	-		
534	80	O	8.32	T	-		
534	81	O	8.32	G	-		
534	82	O	8.32	G	-		
534	83	O	8.32	T	-		
534	84	O	8.32	T	-		
534	85	O	8.32	T	-		
534	86	O	8.32	T	-		
534	87	O	8.32	T	-		
534	88	O	8.32	A	-		
534	89	O	8.32	G	-		
534	90	O	8.32	C	-		
534	91	O	8.32	C	-		
534	92	O	8.32	C	-		
534	93	O	8.32	G	-		
534	94	O	8.32	G	-		
534	95	O	8.32	G	-		
534	96	O	8.32	C	-		
534	97	O	8.32	A	-		
534	98	O	8.32	T	-		
534	99	O	8.32	T	-		
534	100	O	8.32	G	-		
534	101	O	8.32	A	-		
534	102	O	8.32	G	-		
534	103	O	8.32	C	-		
534	104	O	8.32	A	-		
534	105	O	8.32	G	-		
534	106	O	8.32	G	-		
534	107	O	8.32	T	-		
534	108	O	8.32	G	-		
534	109	O	8.32	C	-		
535	0	O	20.79	G	-		
535	1	O	20.79	G	-		
535	2	O	20.79	C	-		
535	3	O	20.79	A	-		
535	4	O	20.79	G	-		
535	5	O	20.79	A	-		
535	6	O	20.79	A	-		
535	7	O	20.79	G	-		
535	8	O	20.79	T	-		
535	9	O	20.79	T	-		
535	10	O	20.79	A	-		
535	11	O	20.79	T	-		
535	12	O	20.79	C	-		
535	13	O	20.79	G	-		
535	14	O	20.79	T	-		
535	15	O	20.79	G	-		
535	16	O	20.79	G	-		
535	17	O	20.79	G	-		
535	18	O	20.79	C	-		
535	19	O	20.79	C	-		
535	20	O	20.79	T	-		
535	21	O	20.79	C	-		
535	22	O	20.79	T	-		
535	23	O	20.79	C	-		
535	24	O	20.79	G	-		
535	25	O	20.79	C	-		
535	26	O	20.79	G	-		
535	27	O	20.79	G	-		
535	28	O	20.79	A	-		
535	29	O	20.79	C	-		
535	30	O	20.79	A	-		
535	31	O	20.79	A	-		
535	32	O	20.79	G	-		
535	33	O	20.79	G	-		
535	34	O	20.79	C	-		
535	35	O	20.79	T	-		
535	36	O	20.79	G	-		
535	37	O	20.79	C	-		
535	38	O	20.79	C	-		
535	39	O	20.79	C	-		
535	40	O	20.79	G	-		
535	41	O	20.79	A	-		
535	42	O	20.79	T	-		
535	43	O	20.79	G	-		
535	44	O	20.79	A	-		
535	45	O	20.79	G	-		
535	46	O	20.79	C	-		
535	47	O	20.79	G	-		
535	48	O	20.79	G	-		
535	49	O	20.79	C	-		
535	50	O	20.79	G	-		
535	51	O	20.79	A	-		
535	52	O	20.79	C	-		
535	53	O	20.79	T	-		
535	54	O	20.79	T	-		
535	55	O	20.79	C	-		
535	56	O	20.79	T	-		
535	57	O	20.79	G	-		
535	58	O	20.79	C	-		
535	59	O	20.79	G	-		
535	60	O	20.79	C	-		
535	61	O	20.79	A	-		
535	62	O	20.79	C	-		
535	63	O	20.79	T	-		
535	64	O	20.79	G	-		
535	65	O	20.79	C	-		
535	66	O	20.79	G	-		
535	67	O	20.79	C	-		
535	68	O	20.79	G	-		
535	69	O	20.79	A	-		
535	70	O	20.79	C	-		
535	71	O	20.79	C	-		
535	72	O	20.79	G	-		
535	73	O	20.79	G	-		
535	74	O	20.79	T	-		
535	75	O	20.79	T	-		
535	76	O	20.79	C	-		
535	77	O	20.79	G	-		
535	78	O	20.79	C	-		
535	79	O	20.79	G	-		
535	80	O	20.79	T	-		
535	81	O	20.79	T	-		
535	82	O	20.79	G	-		
535	83	O	20.79	G	-		
535	84	O	20.79	C	-		
535	85	O	20.79	C	-		
535	86	O	20.79	G	-		
535	87	O	20.79	T	-		
535	88	O	20.79	C	-		
535	89	O	20.79	G	-		
535	90	O	20.79	A	-		
535	91	O	20.79	C	-		
535	92	O	20.79	T	-		
535	93	O	20.79	C	-		
535	94	O	20.79	C	-		
535	95	O	20.79	G	-		
535	96	O	20.79	C	-		
535	97	O	20.79	C	-		
535	98	O	20.79	T	-		
535	99	O	20.79	G	-		
535	100	O	20.79	G	-		
535	101	O	20.79	C	-		
535	102	O	20.79	C	-		
535	103	O	20.79	G	-		
535	104	O	20.79	G	-		
535	105	O	20.79	C	-		
535	106	O	20.79	C	-		
535	107	O	20.79	G	-		
535	108	O	20.79	G	-		
535	109	O	20.79	T	-		
536	0	O	13.86	C	-		
536	1	O	13.86	C	-		
536	2	O	13.86	C	-		
536	3	O	13.86	A	-		
536	4	O	13.86	A	-		
536	5	O	13.86	G	-		
536	6	O	13.86	A	-		
536	7	O	13.86	G	-		
536	8	O	13.86	A	-		
536	9	O	13.86	C	-		
536	10	O	13.86	C	-		
536	11	O	13.86	C	-		
536	12	O	13.86	T	-		
536	13	O	13.86	T	-		
536	14	O	13.86	C	-		
536	15	O	13.86	C	-		
536	16	O	13.86	A	-		
536	17	O	13.86	A	-		
536	18	O	13.86	T	-		
536	19	O	13.86	C	-		
536	20	O	13.86	C	-		
536	21	O	13.86	G	-		
536	22	O	13.86	A	-		
536	23	O	13.86	C	-		
536	24	O	13.86	C	-		
536	25	O	13.86	A	-		
536	26	O	13.86	A	-		
536	27	O	13.86	T	-		
536	28	O	13.86	C	-		
536	29	O	13.86	A	-		
536	30	O	13.86	T	-		
536	31	O	13.86	G	-		
536	32	O	13.86	A	-		
536	33	O	13.86	C	-		
536	34	O	13.86	G	-		
536	35	O	13.86	G	-		
536	36	O	13.86	C	-		
536	37	O	13.86	T	-		
536	38	O	13.86	C	-		
536	39	O	13.86	T	-		
536	40	O	13.86	G	-		
536	41	O	13.86	A	-		
536	42	O	13.86	C	-		
536	43	O	13.86	C	-		
536	44	O	13.86	A	-		
536	45	O	13.86	A	-		
536	46	O	13.86	T	-		
536	47	O	13.86	C	-		
536	48	O	13.86	G	-		
536	49	O	13.86	A	-		
536	50	O	13.86	T	-		
536	51	O	13.86	T	-		
536	52	O	13.86	T	-		
536	53	O	13.86	G	-		
536	54	O	13.86	T	-		
536	55	O	13.86	T	-		
536	56	O	13.86	C	-		
536	57	O	13.86	G	-		
536	58	O	13.86	G	-		
536	59	O	13.86	T	-		
536	60	O	13.86	C	-		
536	61	O	13.86	A	-		
536	62	O	13.86	A	-		
536	63	O	13.86	G	-		
536	64	O	13.86	G	-		
536	65	O	13.86	G	-		
536	66	O	13.86	C	-		
536	67	O	13.86	G	-		
536	68	O	13.86	C	-		
536	69	O	13.86	A	-		
536	70	O	13.86	C	-		
536	71	O	13.86	C	-		
536	72	O	13.86	G	-		
536	73	O	13.86	C	-		
536	74	O	13.86	C	-		
536	75	O	13.86	G	-		
536	76	O	13.86	T	-		
536	77	O	13.86	C	-		
536	78	O	13.86	C	-		
536	79	O	13.86	T	-		
536	80	O	13.86	T	-		
536	81	O	13.86	G	-		
536	82	O	13.86	G	-		
536	83	O	13.86	A	-		
536	84	O	13.86	A	-		
536	85	O	13.86	T	-		
536	86	O	13.86	A	-		
536	87	O	13.86	A	-		
536	88	O	13.86	G	-		
536	89	O	13.86	T	-		
536	90	O	13.86	G	-		
536	91	O	13.86	A	-		
536	92	O	13.86	G	-		
536	93	O	13.86	A	-		
536	94	O	13.86	C	-		
536	95	O	13.86	G	-		
536	96	O	13.86	G	-		
536	97	O	13.86	A	-		
536	98	O	13.86	G	-		
536	99	O	13.86	G	-		
536	100	O	13.86	C	-		
536	101	O	13.86	G	-		
536	102	O	13.86	A	-		
536	103	O	13.86	A	-		
536	104	O	13.86	G	-		
536	105	O	13.86	C	-		
536	106	O	13.86	T	-		
536	107	O	13.86	T	-		
536	108	O	13.86	T	-		
536	109	O	13.86	A	-		
537	0	O	9.70	C	-		
537	1	O	9.70	G	-		
537	2	O	9.70	A	-		
537	3	O	9.70	G	-		
537	4	O	9.70	C	-		
537	5	O	9.70	C	-		
537	6	O	9.70	A	-		
537	7	O	9.70	G	-		
537	8	O	9.70	C	-		
537	9	O	9.70	T	-		
537	10	O	9.70	G	-		
537	11	O	9.70	G	-		
537	12	O	9.70	G	-		
537	13	O	9.70	T	-		
537	14	O	9.70	G	-		
537	15	O	9.70	A	-		
537	16	O	9.70	G	-		
537	17	O	9.70	T	-		
537	18	O	9.70	C	-		
537	19	O	9.70	C	-		
537	20	O	9.70	G	-		
537	21	O	9.70	T	-		
537	22	O	9.70	C	-		
537	23	O	9.70	G	-		
537	24	O	9.70	C	-		
537	25	O	9.70	C	-		
537	26	O	9.70	G	-		
537	27	O	9.70	A	-		
537	28	O	9.70	G	-		
537	29	O	9.70	C	-		
537	30	O	9.70	T	-		
537	31	O	9.70	T	-		
537	32	O	9.70	G	-		
537	33	O	9.70	C	-		
537	34	O	9.70	C	-		
537	35	O	9.70	G	-		
537	36	O	9.70	A	-		
537	37	O	9.70	G	-		
537	38	O	9.70	C	-		
537	39	O	9.70	G	-		
537	40	O	9.70	G	-		
537	41	O	9.70	A	-		
537	42	O	9.70	T	-		
537	43	O	9.70	T	-		
537	44	O	9.70	G	-		
537	45	O	9.70	A	-		
537	46	O	9.70	C	-		
537	47	O	9.70	G	-		
537	48	O	9.70	G	-		
537	49	O	9.70	A	-		
537	50	O	9.70	C	-		
537	51	O	9.70	A	-		
537	52	O	9.70	G	-		
537	53	O	9.70	G	-		
537	54	O	9.70	T	-		
537	55	O	9.70	C	-		
537	56	O	9.70	G	-		
537	57	O	9.70	A	-		
537	58	O	9.70	T	-		
537	59	O	9.70	G	-		
537	60	O	9.70	G	-		
537	61	O	9.70	A	-		
537	62	O	9.70	C	-		
537	63	O	9.70	T	-		
537	64	O	9.70	G	-		
537	65	O	9.70	G	-		
537	66	O	9.70	A	-		
537	67	O	9.70	G	-		
537	68	O	9.70	C	-		
537	69	O	9.70	T	-		
537	70	O	9.70	G	-		
537	71	O	9.70	G	-		
537	72	O	9.70	C	-		
537	73	O	9.70	G	-		
537	74	O	9.70	A	-		
537	75	O	9.70	C	-		
537	76	O	9.70	A	-		
537	77	O	9.70	T	-		
537	78	O	9.70	C	-		
537	79	O	9.70	G	-		
537	80	O	9.70	C	-		
537	81	O	9.70	T	-		
537	82	O	9.70	T	-		
537	83	O	9.70	G	-		
537	84	O	9.70	A	-		
537	85	O	9.70	T	-		
537	86	O	9.70	C	-		
537	87	O	9.70	T	-		
537	88	O	9.70	C	-		
537	89	O	9.70	G	-		
537	90	O	9.70	T	-		
537	91	O	9.70	C	-		
537	92	O	9.70	G	-		
537	93	O	9.70	G	-		
537	94	O	9.70	G	-		
537	95	O	9.70	C	-		
537	96	O	9.70	A	-		
537	97	O	9.70	C	-		
537	98	O	9.70	T	-		
537	99	O	9.70	T	-		
537	100	O	9.70	G	-		
537	101	O	9.70	C	-		
537	102	O	9.70	G	-		
537	103	O	9.70	C	-		
537	104	O	9.70	T	-		
537	105	O	9.70	A	-		
537	106	O	9.70	T	-		
537	107	O	9.70	C	-		
537	108	O	9.70	T	-		
537	109	O	9.70	G	-		
538	0	O	6.93	T	-		
538	1	O	6.93	C	-		
538	2	O	6.93	G	-		
538	3	O	6.93	G	-		
538	4	O	6.93	C	-		
538	5	O	6.93	G	-		
538	6	O	6.93	C	-		
538	7	O	6.93	T	-		
538	8	O	6.93	G	-		
538	9	O	6.93	C	-		
538	10	O	6.93	G	-		
538	11	O	6.93	A	-		
538	12	O	6.93	A	-		
538	13	O	6.93	C	-		
538	14	O	6.93	T	-		
538	15	O	6.93	C	-		
538	16	O	6.93	A	-		
538	17	O	6.93	T	-		
538	18	O	6.93	C	-		
538	19	O	6.93	C	-		
538	20	O	6.93	G	-		
538	21	O	6.93	C	-		
538	22	O	6.93	T	-		
538	23	O	6.93	G	-		
538	24	O	6.93	C	-		
538	25	O	6.93	T	-		
538	26	O	6.93	C	-		
538	27	O	6.93	A	-		
538	28	O	6.93	G	-		
538	29	O	6.93	C	-		
538	30	O	6.93	G	-		
538	31	O	6.93	G	-		
538	32	O	6.93	G	-		
538	33	O	6.93	C	-		
538	34	O	6.93	G	-		
538	35	O	6.93	G	-		
538	36	O	6.93	C	-		
538	37	O	6.93	C	-		
538	38	O	6.93	G	-		
538	39	O	6.93	G	-		
538	40	O	6.93	C	-		
538	41	O	6.93	A	-		
538	42	O	6.93	G	-		
538	43	O	6.93	T	-		
538	44	O	6.93	T	-		
538	45	O	6.93	G	-		
538	46	O	6.93	C	-		
538	47	O	6.93	G	-		
538	48	O	6.93	C	-		
538	49	O	6.93	A	-		
538	50	O	6.93	A	-		
538	51	O	6.93	T	-		
538	52	O	6.93	C	-		
538	53	O	6.93	A	-		
538	54	O	6.93	C	-		
538	55	O	6.93	G	-		
538	56	O	6.93	T	-		
538	57	O	6.93	G	-		
538	58	O	6.93	C	-		
538	59	O	6.93	A	-		
538	60	O	6.93	A	-		
538	61	O	6.93	A	-		
538	62	O	6.93	C	-		
538	63	O	6.93	A	-		
538	64	O	6.93	A	-		
538	65	O	6.93	A	-		
538	66	O	6.93	G	-		
538	67	O	6.93	G	-		
538	68	O	6.93	C	-		
538	69	O	6.93	T	-		
538	70	O	6.93	G	-		
538	71	O	6.93	C	-		
538	72	O	6.93	T	-		
538	73	O	6.93	T	-		
538	74	O	6.93	G	-		
538	75	O	6.93	C	-		
538	76	O	6.93	G	-		
538	77	O	6.93	G	-		
538	78	O	6.93	T	-		
538	79	O	6.93	T	-		
538	80	O	6.93	T	-		
538	81	O	6.93	T	-		
538	82	O	6.93	G	-		
538	83	O	6.93	T	-		
538	84	O	6.93	T	-		
538	85	O	6.93	C	-		
538	86	O	6.93	C	-		
538	87	O	6.93	G	-		
538	88	O	6.93	G	-		
538	89	O	6.93	C	-		
538	90	O	6.93	T	-		
538	91	O	6.93	C	-		
538	92	O	6.93	A	-		
538	93	O	6.93	A	-		
538	94	O	6.93	A	-		
538	95	O	6.93	T	-		
538	96	O	6.93	T	-		
538	97	O	6.93	G	-		
538	98	O	6.93	A	-		
538	99	O	6.93	A	-		
538	100	O	6.93	T	-		
538	101	O	6.93	T	-		
538	102	O	6.93	T	-		
538	103	O	6.93	C	-		
538	104	O	6.93	G	-		
538	105	O	6.93	C	-		
538	106	O	6.93	G	-		
538	107	O	6.93	C	-		
538	108	O	6.93	C	-		
538	109	O	6.93	G	-		
539	0	O	22.18	C	-		
539	1	O	22.18	C	-		
539	2	O	22.18	G	-		
539	3	O	22.18	A	-		
539	4	O	22.18	T	-		
539	5	O	22.18	G	-		
539	6	O	22.18	G	-		
539	7	O	22.18	G	-		
539	8	O	22.18	G	-		
539	9	O	22.18	T	-		
539	10	O	22.18	A	-		
539	11	O	22.18	G	-		
539	12	O	22.18	T	-		
539	13	O	22.18	A	-		
539	14	O	22.18	G	-		
539	15	O	22.18	A	-		
539	16	O	22.18	A	-		
539	17	O	22.18	G	-		
539	18	O	22.18	C	-		
539	19	O	22.18	A	-		
539	20	O	22.18	G	-		
539	21	O	22.18	A	-		
539	22	O	22.18	A	-		
539	23	O	22.18	G	-		
539	24	O	22.18	A	-		
539	25	O	22.18	A	-		
539	26	O	22.18	G	-		
539	27	O	22.18	A	-		
539	28	O	22.18	T	-		
539	29	O	22.18	G	-		
539	30	O	22.18	A	-		
539	31	O	22.18	T	-		
539	32	O	22.18	G	-		
539	33	O	22.18	A	-		
539	34	O	22.18	C	-		
539	35	O	22.18	G	-		
539	36	O	22.18	G	-		
539	37	O	22.18	C	-		
539	38	O	22.18	C	-		
539	39	O	22.18	A	-		
539	40	O	22.18	T	-		
539	41	O	22.18	G	-		
539	42	O	22.18	A	-		
539	43	O	22.18	G	-		
539	44	O	22.18	A	-		
539	45	O	22.18	G	-		
539	46	O	22.18	C	-		
539	47	O	22.18	G	-		
539	48	O	22.18	T	-		
539	49	O	22.18	T	-		
539	50	O	22.18	C	-		
539	51	O	22.18	C	-		
539	52	O	22.18	A	-		
539	53	O	22.18	G	-		
539	54	O	22.18	G	-		
539	55	O	22.18	G	-		
539	56	O	22.18	G	-		
539	57	O	22.18	A	-		
539	58	O	22.18	T	-		
539	59	O	22.18	T	-		
539	60	O	22.18	T	-		
539	61	O	22.18	C	-		
539	62	O	22.18	G	-		
539	63	O	22.18	A	-		
539	64	O	22.18	C	-		
539	65	O	22.18	G	-		
539	66	O	22.18	G	-		
539	67	O	22.18	T	-		
539	68	O	22.18	G	-		
539	69	O	22.18	A	-		
539	70	O	22.18	T	-		
539	71	O	22.18	G	-		
539	72	O	22.18	T	-		
539	73	O	22.18	T	-		
539	74	O	22.18	G	-		
539	75	O	22.18	G	-		
539	76	O	22.18	A	-		
539	77	O	22.18	G	-		
539	78	O	22.18	A	-		
539	79	O	22.18	T	-		
539	80	O	22.18	C	-		
539	81	O	22.18	A	-		
539	82	O	22.18	T	-		
539	83	O	22.18	G	-		
539	84	O	22.18	A	-		
539	85	O	22.18	A	-		
539	86	O	22.18	G	-		
539	87	O	22.18	G	-		
539	88	O	22.18	C	-		
539	89	O	22.18	C	-		
539	90	O	22.18	T	-		
539	91	O	22.18	T	-		
539	92	O	22.18	C	-		
539	93	O	22.18	C	-		
539	94	O	22.18	A	-		
539	95	O	22.18	G	-		
539	96	O	22.18	G	-		
539	97	O	22.18	A	-		
539	98	O	22.18	G	-		
539	99	O	22.18	T	-		
539	100	O	22.18	A	-		
539	101	O	22.18	G	-		
539	102	O	22.18	G	-		
539	103	O	22.18	T	-		
539	104	O	22.18	T	-		
539	105	O	22.18	C	-		
539	106	O	22.18	T	-		
539	107	O	22.18	G	-		
539	108	O	22.18	C	-		
539	109	O	22.18	T	-		
540	0	O	5.55	T	-		
540	1	O	5.55	G	-		
540	2	O	5.55	C	-		
540	3	O	5.55	G	-		
540	4	O	5.55	A	-		
540	5	O	5.55	G	-		
540	6	O	5.55	G	-		
540	7	O	5.55	A	-		
540	8	O	5.55	A	-		
540	9	O	5.55	C	-		
540	10	O	5.55	G	-		
540	11	O	5.55	C	-		
540	12	O	5.55	A	-		
540	13	O	5.55	T	-		
540	14	O	5.55	C	-		
540	15	O	5.55	C	-		
540	16	O	5.55	A	-		
540	17	O	5.55	G	-		
540	18	O	5.55	A	-		
540	19	O	5.55	A	-		
540	20	O	5.55	G	-		
540	21	O	5.55	G	-		
540	22	O	5.55	A	-		
540	23	O	5.55	G	-		
540	24	O	5.55	A	-		
540	25	O	5.55	A	-		
540	26	O	5.55	T	-		
540	27	O	5.55	G	-		
540	28	O	5.55	A	-		
540	29	O	5.55	G	-		
540	30	O	5.55	T	-		
540	31	O	5.55	T	-		
540	32	O	5.55	G	-		
540	33	O	5.55	A	-		
540	34	O	5.55	A	-		
540	35	O	5.55	A	-		
540	36	O	5.55	C	-		
540	37	O	5.55	G	-		
540	38	O	5.55	G	-		
540	39	O	5.55	A	-		
540	40	O	5.55	C	-		
540	41	O	5.55	G	-		
540	42	O	5.55	G	-		
540	43	O	5.55	T	-		
540	44	O	5.55	A	-		
540	45	O	5.55	G	-		
540	46	O	5.55	G	-		
540	47	O	5.55	T	-		
540	48	O	5.55	A	-		
540	49	O	5.55	T	-		
540	50	O	5.55	T	-		
540	51	O	5.55	A	-		
540	52	O	5.55	T	-		
540	53	O	5.55	T	-		
540	54	O	5.55	G	-		
540	55	O	5.55	T	-		
540	56	O	5.55	G	-		
540	57	O	5.55	C	-		
540	58	O	5.55	T	-		
540	59	O	5.55	T	-		
540	60	O	5.55	A	-		
540	61	O	5.55	A	-		
540	62	O	5.55	A	-		
540	63	O	5.55	T	-		
540	64	O	5.55	C	-		
540	65	O	5.55	G	-		
540	66	O	5.55	T	-		
540	67	O	5.55	G	-		
540	68	O	5.55	T	-		
540	69	O	5.55	T	-		
540	70	O	5.55	T	-		
540	71	O	5.55	G	-		
540	72	O	5.55	G	-		
540	73	O	5.55	C	-		
540	74	O	5.55	T	-		
540	75	O	5.55	T	-		
540	76	O	5.55	C	-		
540	77	O	5.55	A	-		
540	78	O	5.55	A	-		
540	79	O	5.55	G	-		
540	80	O	5.55	A	-		
540	81	O	5.55	A	-		
540	82	O	5.55	T	-		
540	83	O	5.55	T	-		
540	84	O	5.55	T	-		
540	85	O	5.55	G	-		
540	86	O	5.55	A	-		
540	87	O	5.55	C	-		
540	88	O	5.55	A	-		
540	89	O	5.55	T	-		
540	90	O	5.55	G	-		
540	91	O	5.55	A	-		
540	92	O	5.55	T	-		
540	93	O	5.55	T	-		
540	94	O	5.55	T	-		
540	95	O	5.55	C	-		
540	96	O	5.55	T	-		
540	97	O	5.55	T	-		
540	98	O	5.55	C	-		
540	99	O	5.55	T	-		
540	100	O	5.55	G	-		
540	101	O	5.55	C	-		
540	102	O	5.55	A	-		
540	103	O	5.55	T	-		
540	104	O	5.55	G	-		
540	105	O	5.55	T	-		
540	106	O	5.55	G	-		
540	107	O	5.55	A	-		
540	108	O	5.55	A	-		
540	109	O	5.55	T	-		
541	0	O	6.93	A	-		
541	1	O	6.93	G	-		
541	2	O	6.93	C	-		
541	3	O	6.93	G	-		
541	4	O	6.93	G	-		
541	5	O	6.93	A	-		
541	6	O	6.93	A	-		
541	7	O	6.93	C	-		
541	8	O	6.93	A	-		
541	9	O	6.93	G	-		
541	10	O	6.93	C	-		
541	11	O	6.93	G	-		
541	12	O	6.93	C	-		
541	13	O	6.93	C	-		
541	14	O	6.93	A	-		
541	15	O	6.93	G	-		
541	16	O	6.93	G	-		
541	17	O	6.93	C	-		
541	18	O	6.93	C	-		
541	19	O	6.93	C	-		
541	20	O	6.93	A	-		
541	21	O	6.93	G	-		
541	22	O	6.93	C	-		
541	23	O	6.93	A	-		
541	24	O	6.93	G	-		
541	25	O	6.93	G	-		
541	26	O	6.93	A	-		
541	27	O	6.93	A	-		
541	28	O	6.93	G	-		
541	29	O	6.93	G	-		
541	30	O	6.93	A	-		
541	31	O	6.93	T	-		
541	32	O	6.93	G	-		
541	33	O	6.93	C	-		
541	34	O	6.93	C	-		
541	35	O	6.93	T	-		
541	36	O	6.93	C	-		
541	37	O	6.93	G	-		
541	38	O	6.93	C	-		
541	39	O	6.93	G	-		
541	40	O	6.93	G	-		
541	41	O	6.93	A	-		
541	42	O	6.93	A	-		
541	43	O	6.93	G	-		
541	44	O	6.93	T	-		
541	45	O	6.93	G	-		
541	46	O	6.93	G	-		
541	47	O	6.93	A	-		
541	48	O	6.93	C	-		
541	49	O	6.93	G	-		
541	50	O	6.93	T	-		
541	51	O	6.93	C	-		
541	52	O	6.93	T	-		
541	53	O	6.93	T	-		
541	54	O	6.93	C	-		
541	55	O	6.93	T	-		
541	56	O	6.93	G	-		
541	57	O	6.93	G	-		
541	58	O	6.93	C	-		
541	59	O	6.93	G	-		
541	60	O	6.93	C	-		
541	61	O	6.93	G	-		
541	62	O	6.93	A	-		
541	63	O	6.93	T	-		
541	64	O	6.93	C	-		
541	65	O	6.93	T	-		
541	66	O	6.93	T	-		
541	67	O	6.93	C	-		
541	68	O	6.93	T	-		
541	69	O	6.93	G	-		
541	70	O	6.93	G	-		
541	71	O	6.93	A	-		
541	72	O	6.93	G	-		
541	73	O	6.93	C	-		
541	74	O	6.93	C	-		
541	75	O	6.93	A	-		
541	76	O	6.93	G	-		
541	77	O	6.93	T	-		
541	78	O	6.93	C	-		
541	79	O	6.93	C	-		
541	80	O	6.93	G	-		
541	81	O	6.93	C	-		
541	82	O	6.93	G	-		
541	83	O	6.93	G	-		
541	84	O	6.93	C	-		
541	85	O	6.93	C	-		
541	86	O	6.93	T	-		
541	87	O	6.93	G	-		
541	88	O	6.93	C	-		
541	89	O	6.93	C	-		
541	90	O	6.93	G	-		
541	91	O	6.93	G	-		
541	92	O	6.93	T	-		
541	93	O	6.93	A	-		
541	94	O	6.93	T	-		
541	95	O	6.93	T	-		
541	96	O	6.93	C	-		
541	97	O	6.93	T	-		
541	98	O	6.93	T	-		
541	99	O	6.93	T	-		
541	100	O	6.93	G	-		
541	101	O	6.93	C	-		
541	102	O	6.93	G	-		
541	103	O	6.93	G	-		
541	104	O	6.93	T	-		
541	105	O	6.93	C	-		
541	106	O	6.93	G	-		
541	107	O	6.93	T	-		
541	108	O	6.93	A	-		
541	109	O	6.93	A	-		
542	0	O	16.64	A	-		
542	1	O	16.64	A	-		
542	2	O	16.64	C	-		
542	3	O	16.64	A	-		
542	4	O	16.64	T	-		
542	5	O	16.64	G	-		
542	6	O	16.64	C	-		
542	7	O	16.64	T	-		
542	8	O	16.64	G	-		
542	9	O	16.64	A	-		
542	10	O	16.64	C	-		
542	11	O	16.64	G	-		
542	12	O	16.64	T	-		
542	13	O	16.64	C	-		
542	14	O	16.64	C	-		
542	15	O	16.64	A	-		
542	16	O	16.64	G	-		
542	17	O	16.64	C	-		
542	18	O	16.64	T	-		
542	19	O	16.64	C	-		
542	20	O	16.64	C	-		
542	21	O	16.64	A	-		
542	22	O	16.64	C	-		
542	23	O	16.64	G	-		
542	24	O	16.64	G	-		
542	25	O	16.64	A	-		
542	26	O	16.64	C	-		
542	27	O	16.64	C	-		
542	28	O	16.64	A	-		
542	29	O	16.64	A	-		
542	30	O	16.64	G	-		
542	31	O	16.64	T	-		
542	32	O	16.64	C	-		
542	33	O	16.64	T	-		
542	34	O	16.64	T	-		
542	35	O	16.64	G	-		
542	36	O	16.64	A	-		
542	37	O	16.64	A	-		
542	38	E	-7.43	G	A		
542	39	O	16.64	A	-		
542	40	O	16.64	T	-		
542	41	O	16.64	G	-		
542	42	O	16.64	A	-		
542	43	O	16.64	C	-		
542	44	O	16.64	G	-		
542	45	O	16.64	G	-		
542	46	O	16.64	C	-		
542	47	O	16.64	C	-		
542	48	O	16.64	A	-		
542	49	O	16.64	G	-		
542	50	E	-7.43	A	G		
542	51	O	16.64	A	-		
542	52	O	16.64	C	-		
542	53	O	16.64	G	-		
542	54	O	16.64	G	-		
542	55	O	16.64	C	-		
542	56	O	16.64	C	-		
542	57	O	16.64	A	-		
542	58	O	16.64	G	-		
542	59	O	16.64	G	-		
542	60	O	16.64	A	-		
542	61	O	16.64	T	-		
542	62	O	16.64	C	-		
542	63	O	16.64	T	-		
542	64	O	16.64	C	-		
542	65	O	16.64	G	-		
542	66	O	16.64	A	-		
542	67	O	16.64	C	-		
542	68	O	16.64	C	-		
542	69	O	16.64	T	-		
542	70	O	16.64	G	-		
542	71	O	16.64	C	-		
542	72	O	16.64	G	-		
542	73	O	16.64	C	-		
542	74	O	16.64	G	-		
542	75	O	16.64	A	-		
542	76	O	16.64	A	-		
542	77	O	16.64	C	-		
542	78	O	16.64	C	-		
542	79	O	16.64	G	-		
542	80	O	16.64	C	-		
542	81	O	16.64	C	-		
542	82	O	16.64	G	-		
542	83	O	16.64	C	-		
542	84	O	16.64	C	-		
542	85	O	16.64	C	-		
542	86	O	16.64	G	-		
542	87	O	16.64	A	-		
542	88	O	16.64	T	-		
542	89	O	16.64	G	-		
542	90	O	16.64	C	-		
542	91	O	16.64	A	-		
542	92	O	16.64	G	-		
542	93	O	16.64	C	-		
542	94	O	16.64	T	-		
542	95	O	16.64	G	-		
542	96	O	16.64	C	-		
542	97	O	16.64	G	-		
542	98	O	16.64	G	-		
542	99	O	16.64	T	-		
542	100	O	16.64	A	-		
542	101	O	16.64	G	-		
542	102	O	16.64	C	-		
542	103	O	16.64	C	-		
542	104	O	16.64	G	-		
542	105	O	16.64	T	-		
542	106	O	16.64	C	-		
542	107	O	16.64	G	-		
542	108	O	16.64	G	-		
542	109	O	16.64	A	-		
543	0	O	5.55	A	-		
543	1	O	5.55	T	-		
543	2	O	5.55	A	-		
543	3	O	5.55	A	-		
543	4	O	5.55	G	-		
543	5	O	5.55	T	-		
543	6	O	5.55	A	-		
543	7	O	5.55	T	-		
543	8	O	5.55	G	-		
543	9	O	5.55	G	-		
543	10	O	5.55	T	-		
543	11	O	5.55	C	-		
543	12	O	5.55	T	-		
543	13	O	5.55	G	-		
543	14	O	5.55	A	-		
543	15	O	5.55	A	-		
543	16	O	5.55	G	-		
543	17	O	5.55	T	-		
543	18	O	5.55	C	-		
543	19	O	5.55	C	-		
543	20	O	5.55	A	-		
543	21	O	5.55	A	-		
543	22	O	5.55	A	-		
543	23	O	5.55	T	-		
543	24	O	5.55	G	-		
543	25	O	5.55	G	-		
543	26	O	5.55	A	-		
543	27	O	5.55	C	-		
543	28	O	5.55	C	-		
543	29	O	5.55	G	-		
543	30	O	5.55	C	-		
543	31	O	5.55	T	-		
543	32	O	5.55	T	-		
543	33	O	5.55	G	-		
543	34	O	5.55	A	-		
543	35	O	5.55	T	-		
543	36	O	5.55	T	-		
543	37	O	5.55	C	-		
543	38	O	5.55	C	-		
543	39	O	5.55	T	-		
543	40	O	5.55	G	-		
543	41	O	5.55	T	-		
543	42	O	5.55	T	-		
543	43	O	5.55	G	-		
543	44	O	5.55	A	-		
543	45	O	5.55	C	-		
543	46	O	5.55	T	-		
543	47	O	5.55	T	-		
543	48	O	5.55	T	-		
543	49	O	5.55	A	-		
543	50	O	5.55	C	-		
543	51	O	5.55	T	-		
543	52	O	5.55	A	-		
543	53	O	5.55	T	-		
543	54	O	5.55	G	-		
543	55	O	5.55	A	-		
543	56	O	5.55	A	-		
543	57	O	5.55	G	-		
543	58	O	5.55	A	-		
543	59	O	5.55	T	-		
543	60	O	5.55	A	-		
543	61	O	5.55	T	-		
543	62	O	5.55	G	-		
543	63	O	5.55	T	-		
543	64	O	5.55	G	-		
543	65	O	5.55	A	-		
543	66	O	5.55	G	-		
543	67	O	5.55	C	-		
543	68	O	5.55	A	-		
543	69	O	5.55	C	-		
543	70	O	5.55	C	-		
543	71	O	5.55	C	-		
543	72	O	5.55	G	-		
543	73	O	5.55	T	-		
543	74	O	5.55	A	-		
543	75	O	5.55	A	-		
543	76	O	5.55	C	-		
543	77	O	5.55	A	-		
543	78	O	5.55	G	-		
543	79	O	5.55	T	-		
543	80	O	5.55	A	-		
543	81	O	5.55	G	-		
543	82	O	5.55	T	-		
543	83	O	5.55	T	-		
543	84	O	5.55	C	-		
543	85	O	5.55	G	-		
543	86	O	5.55	T	-		
543	87	O	5.55	T	-		
543	88	O	5.55	C	-		
543	89	O	5.55	C	-		
543	90	O	5.55	C	-		
543	91	O	5.55	T	-		
543	92	O	5.55	T	-		
543	93	O	5.55	A	-		
543	94	O	5.55	T	-		
543	95	O	5.55	T	-		
543	96	O	5.55	A	-		
543	97	O	5.55	T	-		
543	98	O	5.55	G	-		
543	99	O	5.55	G	-		
543	100	O	5.55	T	-		
543	101	O	5.55	G	-		
543	102	O	5.55	T	-		
543	103	O	5.55	A	-		
543	104	O	5.55	T	-		
543	105	O	5.55	T	-		
543	106	O	5.55	T	-		
543	107	O	5.55	C	-		
543	108	O	5.55	A	-		
543	109	O	5.55	G	-		
544	0	O	5.55	T	-		
544	1	O	5.55	C	-		
544	2	O	5.55	G	-		
544	3	O	5.55	A	-		
544	4	O	5.55	T	-		
544	5	O	5.55	C	-		
544	6	O	5.55	T	-		
544	7	O	5.55	C	-		
544	8	O	5.55	C	-		
544	9	O	5.55	T	-		
544	10	O	5.55	G	-		
544	11	O	5.55	C	-		
544	12	O	5.55	G	-		
544	13	O	5.55	C	-		
544	14	O	5.55	G	-		
544	15	O	5.55	G	-		
544	16	O	5.55	T	-		
544	17	O	5.55	C	-		
544	18	O	5.55	G	-		
544	19	O	5.55	T	-		
544	20	O	5.55	C	-		
544	21	O	5.55	G	-		
544	22	O	5.55	A	-		
544	23	O	5.55	C	-		
544	24	O	5.55	G	-		
544	25	O	5.55	G	-		
544	26	O	5.55	G	-		
544	27	O	5.55	T	-		
544	28	O	5.55	G	-		
544	29	O	5.55	G	-		
544	30	O	5.55	T	-		
544	31	O	5.55	G	-		
544	32	O	5.55	G	-		
544	33	O	5.55	A	-		
544	34	O	5.55	T	-		
544	35	O	5.55	C	-		
544	36	O	5.55	T	-		
544	37	O	5.55	T	-		
544	38	O	5.55	C	-		
544	39	O	5.55	A	-		
544	40	O	5.55	G	-		
544	41	O	5.55	C	-		
544	42	O	5.55	A	-		
544	43	O	5.55	G	-		
544	44	O	5.55	C	-		
544	45	O	5.55	A	-		
544	46	O	5.55	A	-		
544	47	O	5.55	C	-		
544	48	O	5.55	G	-		
544	49	O	5.55	A	-		
544	50	O	5.55	C	-		
544	51	O	5.55	G	-		
544	52	O	5.55	G	-		
544	53	O	5.55	C	-		
544	54	O	5.55	G	-		
544	55	O	5.55	C	-		
544	56	O	5.55	A	-		
544	57	O	5.55	C	-		
544	58	O	5.55	C	-		
544	59	O	5.55	G	-		
544	60	O	5.55	C	-		
544	61	O	5.55	C	-		
544	62	O	5.55	A	-		
544	63	O	5.55	C	-		
544	64	O	5.55	C	-		
544	65	O	5.55	A	-		
544	66	O	5.55	C	-		
544	67	O	5.55	C	-		
544	68	O	5.55	C	-		
544	69	O	5.55	C	-		
544	70	O	5.55	T	-		
544	71	O	5.55	G	-		
544	72	O	5.55	A	-		
544	73	O	5.55	G	-		
544	74	O	5.55	G	-		
544	75	O	5.55	G	-		
544	76	O	5.55	C	-		
544	77	O	5.55	G	-		
544	78	O	5.55	A	-		
544	79	O	5.55	A	-		
544	80	O	5.55	G	-		
544	81	O	5.55	T	-		
544	82	O	5.55	T	-		
544	83	O	5.55	G	-		
544	84	O	5.55	C	-		
544	85	O	5.55	G	-		
544	86	O	5.55	G	-		
544	87	O	5.55	T	-		
544	88	O	5.55	C	-		
544	89	O	5.55	C	-		
544	90	O	5.55	T	-		
544	91	O	5.55	G	-		
544	92	O	5.55	C	-		
544	93	O	5.55	T	-		
544	94	O	5.55	G	-		
544	95	O	5.55	G	-		
544	96	O	5.55	C	-		
544	97	O	5.55	T	-		
544	98	O	5.55	G	-		
544	99	O	5.55	C	-		
544	100	O	5.55	C	-		
544	101	O	5.55	G	-		
544	102	O	5.55	A	-		
544	103	O	5.55	G	-		
544	104	O	5.55	T	-		
544	105	O	5.55	T	-		
544	106	O	5.55	C	-		
544	107	O	5.55	G	-		
544	108	O	5.55	T	-		
544	109	O	5.55	G	-		
545	0	O	5.55	A	-		
545	1	O	5.55	C	-		
545	2	O	5.55	A	-		
545	3	O	5.55	C	-		
545	4	O	5.55	A	-		
545	5	O	5.55	C	-		
545	6	O	5.55	A	-		
545	7	O	5.55	A	-		
545	8	O	5.55	G	-		
545	9	O	5.55	T	-		
545	10	O	5.55	G	-		
545	11	O	5.55	A	-		
545	12	O	5.55	A	-		
545	13	O	5.55	T	-		
545	14	O	5.55	C	-		
545	15	O	5.55	T	-		
545	16	O	5.55	C	-		
545	17	O	5.55	C	-		
545	18	O	5.55	A	-		
545	19	O	5.55	A	-		
545	20	O	5.55	T	-		
545	21	O	5.55	T	-		
545	22	O	5.55	G	-		
545	23	O	5.55	C	-		
545	24	O	5.55	T	-		
545	25	O	5.55	G	-		
545	26	O	5.55	T	-		
545	27	O	5.55	A	-		
545	28	O	5.55	G	-		
545	29	O	5.55	G	-		
545	30	O	5.55	A	-		
545	31	O	5.55	T	-		
545	32	O	5.55	T	-		
545	33	O	5.55	A	-		
545	34	O	5.55	C	-		
545	35	O	5.55	A	-		
545	36	O	5.55	C	-		
545	37	O	5.55	A	-		
545	38	O	5.55	A	-		
545	39	O	5.55	A	-		
545	40	O	5.55	G	-		
545	41	O	5.55	G	-		
545	42	O	5.55	T	-		
545	43	O	5.55	T	-		
545	44	O	5.55	C	-		
545	45	O	5.55	A	-		
545	46	O	5.55	A	-		
545	47	O	5.55	C	-		
545	48	O	5.55	A	-		
545	49	O	5.55	T	-		
545	50	O	5.55	T	-		
545	51	O	5.55	G	-		
545	52	O	5.55	A	-		
545	53	O	5.55	G	-		
545	54	O	5.55	C	-		
545	55	O	5.55	T	-		
545	56	O	5.55	T	-		
545	57	O	5.55	T	-		
545	58	O	5.55	A	-		
545	59	O	5.55	T	-		
545	60	O	5.55	C	-		
545	61	O	5.55	T	-		
545	62	O	5.55	T	-		
545	63	O	5.55	T	-		
545	64	O	5.55	T	-		
545	65	O	5.55	T	-		
545	66	O	5.55	C	-		
545	67	O	5.55	C	-		
545	68	O	5.55	T	-		
545	69	O	5.55	A	-		
545	70	O	5.55	A	-		
545	71	O	5.55	G	-		
545	72	O	5.55	T	-		
545	73	O	5.55	T	-		
545	74	O	5.55	A	-		
545	75	O	5.55	T	-		
545	76	O	5.55	G	-		
545	77	O	5.55	T	-		
545	78	O	5.55	A	-		
545	79	O	5.55	T	-		
545	80	O	5.55	A	-		
545	81	O	5.55	C	-		
545	82	O	5.55	A	-		
545	83	O	5.55	C	-		
545	84	O	5.55	A	-		
545	85	O	5.55	A	-		
545	86	O	5.55	G	-		
545	87	O	5.55	T	-		
545	88	O	5.55	G	-		
545	89	O	5.55	A	-		
545	90	O	5.55	A	-		
545	91	O	5.55	T	-		
545	92	O	5.55	C	-		
545	93	O	5.55	T	-		
545	94	O	5.55	C	-		
545	95	O	5.55	C	-		
545	96	O	5.55	A	-		
545	97	O	5.55	A	-		
545	98	O	5.55	T	-		
545	99	O	5.55	T	-		
545	100	O	5.55	G	-		
545	101	O	5.55	C	-		
545	102	O	5.55	T	-		
545	103	O	5.55	G	-		
545	104	O	5.55	T	-		
545	105	O	5.55	A	-		
545	106	O	5.55	G	-		
545	107	O	5.55	G	-		
545	108	O	5.55	A	-		
545	109	O	5.55	T	-		
546	0	O	5.55	T	-		
546	1	O	5.55	A	-		
546	2	O	5.55	A	-		
546	3	O	5.55	A	-		
546	4	O	5.55	T	-		
546	5	O	5.55	G	-		
546	6	O	5.55	G	-		
546	7	O	5.55	A	-		
546	8	O	5.55	A	-		
546	9	O	5.55	T	-		
546	10	O	5.55	A	-		
546	11	O	5.55	T	-		
546	12	O	5.55	T	-		
546	13	O	5.55	T	-		
546	14	O	5.55	G	-		
546	15	O	5.55	A	-		
546	16	O	5.55	G	-		
546	17	O	5.55	G	-		
546	18	O	5.55	A	-		
546	19	O	5.55	A	-		
546	20	O	5.55	A	-		
546	21	O	5.55	G	-		
546	22	O	5.55	A	-		
546	23	O	5.55	G	-		
546	24	O	5.55	G	-		
546	25	O	5.55	A	-		
546	26	O	5.55	C	-		
546	27	O	5.55	A	-		
546	28	O	5.55	T	-		
546	29	O	5.55	C	-		
546	30	O	5.55	T	-		
546	31	O	5.55	T	-		
546	32	O	5.55	T	-		
546	33	O	5.55	C	-		
546	34	O	5.55	A	-		
546	35	O	5.55	A	-		
546	36	O	5.55	A	-		
546	37	O	5.55	T	-		
546	38	O	5.55	A	-		
546	39	O	5.55	T	-		
546	40	O	5.55	T	-		
546	41	O	5.55	T	-		
546	42	O	5.55	T	-		
546	43	O	5.55	T	-		
546	44	O	5.55	G	-		
546	45	O	5.55	C	-		
546	46	O	5.55	T	-		
546	47	O	5.55	A	-		
546	48	O	5.55	A	-		
546	49	O	5.55	A	-		
546	50	O	5.55	A	-		
546	51	O	5.55	T	-		
546	52	O	5.55	T	-		
546	53	O	5.55	T	-		
546	54	O	5.55	C	-		
546	55	O	5.55	T	-		
546	56	O	5.55	T	-		
546	57	O	5.55	T	-		
546	58	O	5.55	T	-		
546	59	O	5.55	C	-		
546	60	O	5.55	T	-		
546	61	O	5.55	T	-		
546	62	O	5.55	T	-		
546	63	O	5.55	T	-		
546	64	O	5.55	T	-		
546	65	O	5.55	T	-		
546	66	O	5.55	T	-		
546	67	O	5.55	T	-		
546	68	O	5.55	C	-		
546	69	O	5.55	T	-		
546	70	O	5.55	C	-		
546	71	O	5.55	T	-		
546	72	O	5.55	T	-		
546	73	O	5.55	C	-		
546	74	O	5.55	A	-		
546	75	O	5.55	A	-		
546	76	O	5.55	A	-		
546	77	O	5.55	A	-		
546	78	O	5.55	G	-		
546	79	O	5.55	C	-		
546	80	O	5.55	A	-		
546	81	O	5.55	T	-		
546	82	O	5.55	C	-		
546	83	O	5.55	T	-		
546	84	O	5.55	A	-		
546	85	O	5.55	T	-		
546	86	O	5.55	A	-		
546	87	O	5.55	C	-		
546	88	O	5.55	T	-		
546	89	O	5.55	G	-		
546	90	O	5.55	T	-		
546	91	O	5.55	A	-		
546	92	O	5.55	T	-		
546	93	O	5.55	A	-		
546	94	O	5.55	A	-		
546	95	O	5.55	G	-		
546	96	O	5.55	C	-		
546	97	O	5.55	A	-		
546	98	O	5.55	T	-		
546	99	O	5.55	C	-		
546	100	O	5.55	T	-		
546	101	O	5.55	A	-		
546	102	O	5.55	A	-		
546	103	O	5.55	A	-		
546	104	O	5.55	T	-		
546	105	O	5.55	G	-		
546	106	O	5.55	C	-		
546	107	O	5.55	G	-		
546	108	O	5.55	G	-		
546	109	O	5.55	T	-		
547	0	O	9.70	G	-		
547	1	O	9.70	C	-		
547	2	O	9.70	G	-		
547	3	O	9.70	C	-		
547	4	O	9.70	G	-		
547	5	O	9.70	G	-		
547	6	O	9.70	T	-		
547	7	O	9.70	C	-		
547	8	O	9.70	C	-		
547	9	O	9.70	T	-		
547	10	O	9.70	C	-		
547	11	O	9.70	A	-		
547	12	O	9.70	A	-		
547	13	O	9.70	C	-		
547	14	O	9.70	A	-		
547	15	O	9.70	G	-		
547	16	O	9.70	C	-		
547	17	O	9.70	G	-		
547	18	O	9.70	C	-		
547	19	O	9.70	C	-		
547	20	O	9.70	A	-		
547	21	O	9.70	A	-		
547	22	O	9.70	C	-		
547	23	O	9.70	T	-		
547	24	O	9.70	T	-		
547	25	O	9.70	T	-		
547	26	O	9.70	T	-		
547	27	O	9.70	C	-		
547	28	O	9.70	G	-		
547	29	O	9.70	A	-		
547	30	O	9.70	T	-		
547	31	O	9.70	C	-		
547	32	O	9.70	A	-		
547	33	O	9.70	T	-		
547	34	O	9.70	T	-		
547	35	O	9.70	G	-		
547	36	O	9.70	C	-		
547	37	O	9.70	C	-		
547	38	O	9.70	A	-		
547	39	O	9.70	C	-		
547	40	O	9.70	C	-		
547	41	O	9.70	G	-		
547	42	O	9.70	A	-		
547	43	O	9.70	C	-		
547	44	O	9.70	G	-		
547	45	O	9.70	A	-		
547	46	O	9.70	G	-		
547	47	O	9.70	A	-		
547	48	O	9.70	A	-		
547	49	O	9.70	G	-		
547	50	O	9.70	G	-		
547	51	O	9.70	G	-		
547	52	O	9.70	C	-		
547	53	O	9.70	A	-		
547	54	O	9.70	T	-		
547	55	O	9.70	C	-		
547	56	O	9.70	A	-		
547	57	O	9.70	T	-		
547	58	O	9.70	C	-		
547	59	O	9.70	C	-		
547	60	O	9.70	A	-		
547	61	O	9.70	G	-		
547	62	O	9.70	C	-		
547	63	O	9.70	T	-		
547	64	O	9.70	G	-		
547	65	O	9.70	T	-		
547	66	O	9.70	T	-		
547	67	O	9.70	C	-		
547	68	O	9.70	A	-		
547	69	O	9.70	A	-		
547	70	O	9.70	C	-		
547	71	O	9.70	A	-		
547	72	U	1.77	T	G		
547	73	O	9.70	C	-		
547	74	O	9.70	G	-		
547	75	O	9.70	G	-		
547	76	O	9.70	C	-		
547	77	O	9.70	G	-		
547	78	O	9.70	C	-		
547	79	O	9.70	C	-		
547	80	O	9.70	G	-		
547	81	O	9.70	A	-		
547	82	O	9.70	G	-		
547	83	O	9.70	C	-		
547	84	O	9.70	G	-		
547	85	O	9.70	C	-		
547	86	O	9.70	A	-		
547	87	U	1.77	T	G		
547	88	O	9.70	G	-		
547	89	O	9.70	C	-		
547	90	O	9.70	T	-		
547	91	O	9.70	G	-		
547	92	O	9.70	G	-		
547	93	O	9.70	G	-		
547	94	O	9.70	C	-		
547	95	O	9.70	T	-		
547	96	O	9.70	A	-		
547	97	O	9.70	C	-		
547	98	O	9.70	G	-		
547	99	O	9.70	C	-		
547	100	O	9.70	G	-		
547	101	O	9.70	G	-		
547	102	O	9.70	C	-		
547	103	O	9.70	C	-		
547	104	O	9.70	G	-		
547	105	O	9.70	C	-		
547	106	O	9.70	C	-		
547	107	O	9.70	G	-		
547	108	O	9.70	A	-		
547	109	O	9.70	A	-		
548	0	O	8.32	G	-		
548	1	O	8.32	A	-		
548	2	O	8.32	C	-		
548	3	O	8.32	A	-		
548	4	O	8.32	T	-		
548	5	O	8.32	C	-		
548	6	O	8.32	A	-		
548	7	O	8.32	G	-		
548	8	O	8.32	C	-		
548	9	O	8.32	G	-		
548	10	O	8.32	C	-		
548	11	O	8.32	A	-		
548	12	O	8.32	G	-		
548	13	O	8.32	C	-		
548	14	O	8.32	C	-		
548	15	O	8.32	G	-		
548	16	O	8.32	C	-		
548	17	O	8.32	T	-		
548	18	O	8.32	C	-		
548	19	O	8.32	A	-		
548	20	O	8.32	T	-		
548	21	O	8.32	G	-		
548	22	O	8.32	C	-		
548	23	O	8.32	A	-		
548	24	O	8.32	A	-		
548	25	O	8.32	G	-		
548	26	O	8.32	A	-		
548	27	O	8.32	C	-		
548	28	O	8.32	C	-		
548	29	O	8.32	C	-		
548	30	O	8.32	G	-		
548	31	O	8.32	A	-		
548	32	O	8.32	A	-		
548	33	O	8.32	C	-		
548	34	O	8.32	A	-		
548	35	O	8.32	T	-		
548	36	O	8.32	C	-		
548	37	O	8.32	T	-		
548	38	O	8.32	T	-		
548	39	O	8.32	C	-		
548	40	O	8.32	A	-		
548	41	O	8.32	T	-		
548	42	O	8.32	G	-		
548	43	O	8.32	C	-		
548	44	O	8.32	C	-		
548	45	O	8.32	G	-		
548	46	O	8.32	A	-		
548	47	O	8.32	T	-		
548	48	O	8.32	A	-		
548	49	O	8.32	C	-		
548	50	O	8.32	C	-		
548	51	U	0.71	G	T		
548	52	O	8.32	C	-		
548	53	O	8.32	A	-		
548	54	O	8.32	G	-		
548	55	O	8.32	C	-		
548	56	O	8.32	A	-		
548	57	O	8.32	C	-		
548	58	O	8.32	C	-		
548	59	O	8.32	A	-		
548	60	O	8.32	C	-		
548	61	O	8.32	C	-		
548	62	O	8.32	C	-		
548	63	O	8.32	A	-		
548	64	O	8.32	C	-		
548	65	O	8.32	C	-		
548	66	O	8.32	G	-		
548	67	O	8.32	C	-		
548	68	O	8.32	C	-		
548	69	O	8.32	A	-		
548	70	O	8.32	C	-		
548	71	O	8.32	A	-		
548	72	O	8.32	G	-		
548	73	O	8.32	C	-		
548	74	O	8.32	C	-		
548	75	O	8.32	G	-		
548	76	O	8.32	T	-		
548	77	O	8.32	T	-		
548	78	O	8.32	T	-		
548	79	O	8.32	G	-		
548	80	O	8.32	C	-		
548	81	O	8.32	G	-		
548	82	O	8.32	C	-		
548	83	O	8.32	C	-		
548	84	O	8.32	T	-		
548	85	O	8.32	A	-		
548	86	O	8.32	G	-		
548	87	O	8.32	C	-		
548	88	O	8.32	C	-		
548	89	O	8.32	C	-		
548	90	O	8.32	G	-		
548	91	O	8.32	C	-		
548	92	O	8.32	T	-		
548	93	O	8.32	T	-		
548	94	O	8.32	C	-		
548	95	O	8.32	C	-		
548	96	O	8.32	A	-		
548	97	O	8.32	C	-		
548	98	O	8.32	C	-		
548	99	O	8.32	T	-		
548	100	O	8.32	G	-		
548	101	O	8.32	G	-		
548	102	O	8.32	G	-		
548	103	O	8.32	C	-		
548	104	O	8.32	T	-		
548	105	O	8.32	C	-		
548	106	O	8.32	A	-		
548	107	O	8.32	G	-		
548	108	O	8.32	C	-		
548	109	O	8.32	A	-		
549	0	O	8.32	C	-		
549	1	O	8.32	A	-		
549	2	O	8.32	G	-		
549	3	O	8.32	G	-		
549	4	O	8.32	G	-		
549	5	O	8.32	T	-		
549	6	O	8.32	A	-		
549	7	O	8.32	G	-		
549	8	O	8.32	T	-		
549	9	O	8.32	T	-		
549	10	O	8.32	G	-		
549	11	O	8.32	T	-		
549	12	O	8.32	C	-		
549	13	O	8.32	G	-		
549	14	O	8.32	G	-		
549	15	O	8.32	G	-		
549	16	O	8.32	G	-		
549	17	O	8.32	G	-		
549	18	O	8.32	T	-		
549	19	O	8.32	T	-		
549	20	O	8.32	C	-		
549	21	O	8.32	G	-		
549	22	O	8.32	G	-		
549	23	O	8.32	T	-		
549	24	O	8.32	T	-		
549	25	O	8.32	G	-		
549	26	O	8.32	T	-		
549	27	O	8.32	G	-		
549	28	O	8.32	G	-		
549	29	O	8.32	T	-		
549	30	O	8.32	C	-		
549	31	O	8.32	G	-		
549	32	O	8.32	T	-		
549	33	O	8.32	C	-		
549	34	O	8.32	C	-		
549	35	O	8.32	C	-		
549	36	O	8.32	G	-		
549	37	O	8.32	A	-		
549	38	O	8.32	A	-		
549	39	O	8.32	C	-		
549	40	O	8.32	G	-		
549	41	O	8.32	A	-		
549	42	O	8.32	G	-		
549	43	O	8.32	T	-		
549	44	O	8.32	A	-		
549	45	O	8.32	C	-		
549	46	O	8.32	A	-		
549	47	O	8.32	G	-		
549	48	O	8.32	A	-		
549	49	O	8.32	T	-		
549	50	O	8.32	T	-		
549	51	O	8.32	C	-		
549	52	O	8.32	T	-		
549	53	O	8.32	T	-		
549	54	O	8.32	G	-		
549	55	O	8.32	C	-		
549	56	O	8.32	T	-		
549	57	O	8.32	C	-		
549	58	O	8.32	C	-		
549	59	O	8.32	T	-		
549	60	O	8.32	A	-		
549	61	O	8.32	G	-		
549	62	O	8.32	G	-		
549	63	O	8.32	G	-		
549	64	O	8.32	T	-		
549	65	O	8.32	T	-		
549	66	O	8.32	T	-		
549	67	O	8.32	A	-		
549	68	O	8.32	C	-		
549	69	O	8.32	G	-		
549	70	O	8.32	A	-		
549	71	O	8.32	T	-		
549	72	O	8.32	A	-		
549	73	O	8.32	A	-		
549	74	O	8.32	G	-		
549	75	O	8.32	A	-		
549	76	O	8.32	G	-		
549	77	O	8.32	T	-		
549	78	O	8.32	G	-		
549	79	O	8.32	C	-		
549	80	O	8.32	T	-		
549	81	O	8.32	T	-		
549	82	O	8.32	T	-		
549	83	O	8.32	G	-		
549	84	O	8.32	C	-		
549	85	O	8.32	T	-		
549	86	O	8.32	C	-		
549	87	O	8.32	G	-		
549	88	O	8.32	T	-		
549	89	O	8.32	A	-		
549	90	O	8.32	T	-		
549	91	O	8.32	G	-		
549	92	O	8.32	G	-		
549	93	O	8.32	A	-		
549	94	O	8.32	G	-		
549	95	O	8.32	G	-		
549	96	O	8.32	G	-		
549	97	O	8.32	T	-		
549	98	O	8.32	T	-		
549	99	O	8.32	G	-		
549	100	O	8.32	C	-		
549	101	O	8.32	T	-		
549	102	O	8.32	C	-		
549	103	O	8.32	T	-		
549	104	O	8.32	G	-		
549	105	O	8.32	C	-		
549	106	O	8.32	A	-		
549	107	O	8.32	T	-		
549	108	O	8.32	C	-		
549	109	O	8.32	G	-		
550	0	O	11.09	C	-		
550	1	O	11.09	A	-		
550	2	O	11.09	G	-		
550	3	O	11.09	A	-		
550	4	O	11.09	A	-		
550	5	O	11.09	A	-		
550	6	O	11.09	A	-		
550	7	O	11.09	G	-		
550	8	O	11.09	A	-		
550	9	O	11.09	A	-		
550	10	O	11.09	G	-		
550	11	O	11.09	T	-		
550	12	O	11.09	T	-		
550	13	O	11.09	T	-		
550	14	O	11.09	T	-		
550	15	O	11.09	C	-		
550	16	O	11.09	A	-		
550	17	O	11.09	A	-		
550	18	O	11.09	T	-		
550	19	O	11.09	G	-		
550	20	O	11.09	G	-		
550	21	O	11.09	G	-		
550	22	O	11.09	A	-		
550	23	O	11.09	A	-		
550	24	O	11.09	A	-		
550	25	O	11.09	T	-		
550	26	O	11.09	A	-		
550	27	O	11.09	T	-		
550	28	O	11.09	A	-		
550	29	O	11.09	T	-		
550	30	O	11.09	G	-		
550	31	O	11.09	A	-		
550	32	O	11.09	A	-		
550	33	O	11.09	G	-		
550	34	O	11.09	G	-		
550	35	O	11.09	G	-		
550	36	O	11.09	T	-		
550	37	O	11.09	G	-		
550	38	O	11.09	G	-		
550	39	O	11.09	C	-		
550	40	O	11.09	A	-		
550	41	O	11.09	C	-		
550	42	O	11.09	A	-		
550	43	O	11.09	A	-		
550	44	O	11.09	A	-		
550	45	O	11.09	T	-		
550	46	O	11.09	A	-		
550	47	O	11.09	G	-		
550	48	O	11.09	C	-		
550	49	O	11.09	C	-		
550	50	O	11.09	C	-		
550	51	O	11.09	A	-		
550	52	O	11.09	T	-		
550	53	O	11.09	C	-		
550	54	O	11.09	T	-		
550	55	O	11.09	G	-		
550	56	O	11.09	C	-		
550	57	O	11.09	T	-		
550	58	O	11.09	A	-		
550	59	O	11.09	A	-		
550	60	O	11.09	A	-		
550	61	O	11.09	C	-		
550	62	O	11.09	C	-		
550	63	O	11.09	C	-		
550	64	O	11.09	C	-		
550	65	O	11.09	A	-		
550	66	O	11.09	A	-		
550	67	O	11.09	G	-		
550	68	O	11.09	T	-		
550	69	O	11.09	T	-		
550	70	O	11.09	A	-		
550	71	O	11.09	T	-		
550	72	O	11.09	A	-		
550	73	O	11.09	A	-		
550	74	O	11.09	C	-		
550	75	O	11.09	T	-		
550	76	O	11.09	T	-		
550	77	O	11.09	G	-		
550	78	O	11.09	C	-		
550	79	O	11.09	A	-		
550	80	O	11.09	C	-		
550	81	O	11.09	A	-		
550	82	O	11.09	C	-		
550	83	O	11.09	A	-		
550	84	O	11.09	A	-		
550	85	O	11.09	A	-		
550	86	O	11.09	A	-		
550	87	O	11.09	A	-		
550	88	O	11.09	G	-		
550	89	O	11.09	A	-		
550	90	O	11.09	G	-		
550	91	O	11.09	A	-		
550	92	O	11.09	G	-		
550	93	O	11.09	G	-		
550	94	O	11.09	A	-		
550	95	O	11.09	T	-		
550	96	O	11.09	A	-		
550	97	O	11.09	A	-		
550	98	O	11.09	C	-		
550	99	O	11.09	A	-		
550	100	O	11.09	G	-		
550	101	O	11.09	A	-		
550	102	O	11.09	T	-		
550	103	O	11.09	A	-		
550	104	O	11.09	A	-		
550	105	O	11.09	A	-		
550	106	O	11.09	G	-		
550	107	O	11.09	T	-		
550	108	O	11.09	C	-		
550	109	O	11.09	A	-		
551	0	O	5.55	T	-		
551	1	O	5.55	C	-		
551	2	O	5.55	C	-		
551	3	O	5.55	C	-		
551	4	O	5.55	A	-		
551	5	O	5.55	C	-		
551	6	O	5.55	T	-		
551	7	O	5.55	G	-		
551	8	O	5.55	C	-		
551	9	O	5.55	C	-		
551	10	O	5.55	C	-		
551	11	O	5.55	C	-		
551	12	O	5.55	T	-		
551	13	O	5.55	A	-		
551	14	O	5.55	C	-		
551	15	O	5.55	T	-		
551	16	O	5.55	C	-		
551	17	O	5.55	T	-		
551	18	O	5.55	C	-		
551	19	O	5.55	T	-		
551	20	O	5.55	A	-		
551	21	O	5.55	G	-		
551	22	O	5.55	A	-		
551	23	O	5.55	A	-		
551	24	O	5.55	A	-		
551	25	O	5.55	T	-		
551	26	O	5.55	C	-		
551	27	O	5.55	A	-		
551	28	O	5.55	T	-		
551	29	O	5.55	T	-		
551	30	O	5.55	G	-		
551	31	O	5.55	A	-		
551	32	O	5.55	T	-		
551	33	O	5.55	T	-		
551	34	O	5.55	A	-		
551	35	O	5.55	G	-		
551	36	O	5.55	A	-		
551	37	O	5.55	T	-		
551	38	O	5.55	A	-		
551	39	O	5.55	A	-		
551	40	O	5.55	A	-		
551	41	O	5.55	C	-		
551	42	O	5.55	A	-		
551	43	O	5.55	A	-		
551	44	O	5.55	A	-		
551	45	O	5.55	G	-		
551	46	O	5.55	C	-		
551	47	O	5.55	T	-		
551	48	O	5.55	A	-		
551	49	O	5.55	C	-		
551	50	O	5.55	A	-		
551	51	O	5.55	A	-		
551	52	O	5.55	C	-		
551	53	O	5.55	C	-		
551	54	O	5.55	A	-		
551	55	O	5.55	G	-		
551	56	O	5.55	C	-		
551	57	O	5.55	C	-		
551	58	O	5.55	A	-		
551	59	O	5.55	A	-		
551	60	O	5.55	A	-		
551	61	O	5.55	A	-		
551	62	O	5.55	G	-		
551	63	O	5.55	C	-		
551	64	O	5.55	A	-		
551	65	O	5.55	T	-		
551	66	O	5.55	T	-		
551	67	O	5.55	A	-		
551	68	O	5.55	T	-		
551	69	O	5.55	G	-		
551	70	O	5.55	C	-		
551	71	O	5.55	G	-		
551	72	O	5.55	C	-		
551	73	O	5.55	C	-		
551	74	O	5.55	A	-		
551	75	O	5.55	G	-		
551	76	O	5.55	T	-		
551	77	O	5.55	A	-		
551	78	O	5.55	T	-		
551	79	O	5.55	T	-		
551	80	O	5.55	C	-		
551	81	O	5.55	C	-		
551	82	O	5.55	A	-		
551	83	O	5.55	A	-		
551	84	O	5.55	C	-		
551	85	O	5.55	G	-		
551	86	O	5.55	T	-		
551	87	O	5.55	T	-		
551	88	O	5.55	C	-		
551	89	O	5.55	T	-		
551	90	O	5.55	T	-		
551	91	O	5.55	G	-		
551	92	O	5.55	C	-		
551	93	O	5.55	G	-		
551	94	O	5.55	G	-		
551	95	O	5.55	A	-		
551	96	O	5.55	T	-		
551	97	O	5.55	T	-		
551	98	O	5.55	T	-		
551	99	O	5.55	T	-		
551	100	O	5.55	G	-		
551	101	O	5.55	A	-		
551	102	O	5.55	T	-		
551	103	O	5.55	T	-		
551	104	O	5.55	T	-		
551	105	O	5.55	T	-		
551	106	O	5.55	T	-		
551	107	O	5.55	C	-		
551	108	O	5.55	C	-		
551	109	O	5.55	C	-		
552	0	O	8.32	C	-		
552	1	O	8.32	T	-		
552	2	O	8.32	G	-		
552	3	O	8.32	G	-		
552	4	O	8.32	G	-		
552	5	O	8.32	G	-		
552	6	O	8.32	C	-		
552	7	O	8.32	G	-		
552	8	O	8.32	C	-		
552	9	O	8.32	C	-		
552	10	O	8.32	G	-		
552	11	O	8.32	A	-		
552	12	O	8.32	G	-		
552	13	O	8.32	T	-		
552	14	O	8.32	G	-		
552	15	O	8.32	C	-		
552	16	O	8.32	G	-		
552	17	O	8.32	C	-		
552	18	O	8.32	G	-		
552	19	O	8.32	G	-		
552	20	O	8.32	T	-		
552	21	O	8.32	A	-		
552	22	O	8.32	A	-		
552	23	O	8.32	C	-		
552	24	O	8.32	T	-		
552	25	O	8.32	G	-		
552	26	O	8.32	G	-		
552	27	O	8.32	A	-		
552	28	O	8.32	C	-		
552	29	O	8.32	G	-		
552	30	O	8.32	G	-		
552	31	O	8.32	C	-		
552	32	O	8.32	C	-		
552	33	O	8.32	G	-		
552	34	O	8.32	C	-		
552	35	O	8.32	A	-		
552	36	O	8.32	A	-		
552	37	O	8.32	A	-		
552	38	O	8.32	C	-		
552	39	O	8.32	G	-		
552	40	O	8.32	C	-		
552	41	O	8.32	T	-		
552	42	O	8.32	G	-		
552	43	O	8.32	C	-		
552	44	O	8.32	G	-		
552	45	O	8.32	A	-		
552	46	O	8.32	C	-		
552	47	O	8.32	G	-		
552	48	O	8.32	C	-		
552	49	O	8.32	A	-		
552	50	O	8.32	A	-		
552	51	O	8.32	C	-		
552	52	O	8.32	G	-		
552	53	O	8.32	A	-		
552	54	O	8.32	G	-		
552	55	O	8.32	A	-		
552	56	O	8.32	C	-		
552	57	O	8.32	A	-		
552	58	O	8.32	G	-		
552	59	O	8.32	A	-		
552	60	O	8.32	G	-		
552	61	O	8.32	T	-		
552	62	O	8.32	G	-		
552	63	O	8.32	G	-		
552	64	O	8.32	G	-		
552	65	O	8.32	C	-		
552	66	O	8.32	A	-		
552	67	O	8.32	G	-		
552	68	O	8.32	A	-		
552	69	O	8.32	G	-		
552	70	O	8.32	A	-		
552	71	O	8.32	G	-		
552	72	O	8.32	C	-		
552	73	O	8.32	T	-		
552	74	O	8.32	A	-		
552	75	O	8.32	C	-		
552	76	O	8.32	A	-		
552	77	O	8.32	C	-		
552	78	O	8.32	T	-		
552	79	O	8.32	C	-		
552	80	O	8.32	G	-		
552	81	O	8.32	C	-		
552	82	O	8.32	G	-		
552	83	O	8.32	G	-		
552	84	O	8.32	C	-		
552	85	O	8.32	C	-		
552	86	O	8.32	G	-		
552	87	O	8.32	C	-		
552	88	O	8.32	C	-		
552	89	O	8.32	G	-		
552	90	O	8.32	A	-		
552	91	O	8.32	C	-		
552	92	O	8.32	C	-		
552	93	O	8.32	A	-		
552	94	O	8.32	C	-		
552	95	O	8.32	T	-		
552	96	O	8.32	C	-		
552	97	O	8.32	G	-		
552	98	O	8.32	A	-		
552	99	O	8.32	C	-		
552	100	O	8.32	G	-		
552	101	O	8.32	C	-		
552	102	O	8.32	G	-		
552	103	O	8.32	C	-		
552	104	O	8.32	A	-		
552	105	O	8.32	G	-		
552	106	O	8.32	A	-		
552	107	O	8.32	C	-		
552	108	O	8.32	T	-		
552	109	O	8.32	G	-		
553	0	O	12.48	T	-		
553	1	O	12.48	A	-		
553	2	O	12.48	A	-		
553	3	O	12.48	A	-		
553	4	O	12.48	A	-		
553	5	O	12.48	T	-		
553	6	O	12.48	A	-		
553	7	O	12.48	T	-		
553	8	O	12.48	C	-		
553	9	O	12.48	A	-		
553	10	O	12.48	A	-		
553	11	O	12.48	A	-		
553	12	O	12.48	A	-		
553	13	O	12.48	G	-		
553	14	O	12.48	T	-		
553	15	O	12.48	G	-		
553	16	O	12.48	A	-		
553	17	O	12.48	T	-		
553	18	O	12.48	A	-		
553	19	O	12.48	G	-		
553	20	O	12.48	G	-		
553	21	O	12.48	T	-		
553	22	O	12.48	A	-		
553	23	O	12.48	T	-		
553	24	O	12.48	G	-		
553	25	O	12.48	T	-		
553	26	O	12.48	G	-		
553	27	O	12.48	C	-		
553	28	O	12.48	T	-		
553	29	O	12.48	G	-		
553	30	O	12.48	C	-		
553	31	O	12.48	A	-		
553	32	O	12.48	C	-		
553	33	O	12.48	T	-		
553	34	O	4.00	A	-		
553	35	O	12.48	A	-		
553	36	O	12.48	T	-		
553	37	O	12.48	T	-		
553	38	O	12.48	C	-		
553	39	O	12.48	A	-		
553	40	O	12.48	A	-		
553	41	O	12.48	G	-		
553	42	O	12.48	T	-		
553	43	O	12.48	T	-		
553	44	O	12.48	T	-		
553	45	O	12.48	A	-		
553	46	O	4.00	T	-		
553	47	O	12.48	A	-		
553	48	O	12.48	T	-		
553	49	O	12.48	A	-		
553	50	O	12.48	G	-		
553	51	O	12.48	T	-		
553	52	O	12.48	T	-		
553	53	O	12.48	C	-		
553	54	O	12.48	C	-		
553	55	O	12.48	A	-		
553	56	O	12.48	A	-		
553	57	O	12.48	G	-		
553	58	O	12.48	C	-		
553	59	O	12.48	T	-		
553	60	O	12.48	G	-		
553	61	O	12.48	T	-		
553	62	O	12.48	G	-		
553	63	O	12.48	T	-		
553	64	O	12.48	T	-		
553	65	O	12.48	T	-		
553	66	O	12.48	G	-		
553	67	O	12.48	G	-		
553	68	O	12.48	A	-		
553	69	O	4.00	T	-		
553	70	O	12.48	C	-		
553	71	O	12.48	C	-		
553	72	O	12.48	A	-		
553	73	O	12.48	A	-		
553	74	O	12.48	A	-		
553	75	O	12.48	T	-		
553	76	O	12.48	T	-		
553	77	O	12.48	A	-		
553	78	O	12.48	T	-		
553	79	O	12.48	G	-		
553	80	O	12.48	C	-		
553	81	O	12.48	A	-		
553	82	O	12.48	G	-		
553	83	O	12.48	G	-		
553	84	O	12.48	G	-		
553	85	O	12.48	A	-		
553	86	O	12.48	T	-		
553	87	O	12.48	T	-		
553	88	O	12.48	T	-		
553	89	O	12.48	G	-		
553	90	O	12.48	T	-		
553	91	O	12.48	G	-		
553	92	O	12.48	A	-		
553	93	O	12.48	A	-		
553	94	O	12.48	G	-		
553	95	O	12.48	C	-		
553	96	O	12.48	A	-		
553	97	O	12.48	A	-		
553	98	O	12.48	T	-		
553	99	O	12.48	G	-		
553	100	O	12.48	G	-		
553	101	O	12.48	G	-		
553	102	O	12.48	A	-		
553	103	O	12.48	A	-		
553	104	O	12.48	A	-		
553	105	O	12.48	A	-		
553	106	O	12.48	T	-		
553	107	O	12.48	A	-		
553	108	O	12.48	T	-		
553	109	O	12.48	T	-		
554	0	O	19.41	A	-		
554	1	O	19.41	A	-		
554	2	O	19.41	G	-		
554	3	O	19.41	C	-		
554	4	O	19.41	C	-		
554	5	O	19.41	G	-		
554	6	O	19.41	C	-		
554	7	O	19.41	C	-		
554	8	O	19.41	C	-		
554	9	O	19.41	A	-		
554	10	O	19.41	G	-		
554	11	O	19.41	G	-		
554	12	O	19.41	G	-		
554	13	O	19.41	G	-		
554	14	O	19.41	G	-		
554	15	O	19.41	A	-		
554	16	O	19.41	T	-		
554	17	O	19.41	C	-		
554	18	O	19.41	T	-		
554	19	O	19.41	G	-		
554	20	O	19.41	C	-		
554	21	O	19.41	A	-		
554	22	O	19.41	G	-		
554	23	O	19.41	A	-		
554	24	O	19.41	C	-		
554	25	O	19.41	T	-		
554	26	O	19.41	G	-		
554	27	O	19.41	G	-		
554	28	O	19.41	C	-		
554	29	O	19.41	C	-		
554	30	O	19.41	G	-		
554	31	O	19.41	G	-		
554	32	O	19.41	C	-		
554	33	O	19.41	C	-		
554	34	O	19.41	A	-		
554	35	O	19.41	G	-		
554	36	O	19.41	C	-		
554	37	O	19.41	C	-		
554	38	O	19.41	A	-		
554	39	O	19.41	G	-		
554	40	O	19.41	G	-		
554	41	O	19.41	T	-		
554	42	O	19.41	C	-		
554	43	O	19.41	C	-		
554	44	O	19.41	G	-		
554	45	O	19.41	C	-		
554	46	O	19.41	C	-		
554	47	O	19.41	T	-		
554	48	O	19.41	A	-		
554	49	O	19.41	G	-		
554	50	O	19.41	A	-		
554	51	O	19.41	G	-		
554	52	O	19.41	A	-		
554	53	O	19.41	G	-		
554	54	O	19.41	A	-		
554	55	O	19.41	C	-		
554	56	O	19.41	T	-		
554	57	O	10.01	T	-		
554	58	O	19.41	C	-		
554	59	O	19.41	A	-		
554	60	O	19.41	C	-		
554	61	O	19.41	G	-		
554	62	O	19.41	C	-		
554	63	O	19.41	C	-		
554	64	O	19.41	T	-		
554	65	O	19.41	G	-		
554	66	O	19.41	A	-		
554	67	O	19.41	C	-		
554	68	O	19.41	A	-		
554	69	O	19.41	G	-		
554	70	O	19.41	A	-		
554	71	O	19.41	C	-		
554	72	O	19.41	A	-		
554	73	O	19.41	C	-		
554	74	O	19.41	G	-		
554	75	O	19.41	G	-		
554	76	O	19.41	A	-		
554	77	O	19.41	A	-		
554	78	O	19.41	C	-		
554	79	O	19.41	T	-		
554	80	O	19.41	C	-		
554	81	O	19.41	T	-		
554	82	O	19.41	C	-		
554	83	O	19.41	A	-		
554	84	O	19.41	G	-		
554	85	O	19.41	C	-		
554	86	O	19.41	T	-		
554	87	O	19.41	C	-		
554	88	O	19.41	G	-		
554	89	O	19.41	T	-		
554	90	O	19.41	T	-		
554	91	O	19.41	T	-		
554	92	O	19.41	G	-		
554	93	O	19.41	T	-		
554	94	O	19.41	T	-		
554	95	O	19.41	T	-		
554	96	O	19.41	G	-		
554	97	O	19.41	G	-		
554	98	O	19.41	C	-		
554	99	O	19.41	A	-		
554	100	O	19.41	C	-		
554	101	O	19.41	A	-		
554	102	O	19.41	T	-		
554	103	O	19.41	T	-		
554	104	O	10.01	T	-		
554	105	O	19.41	C	-		
554	106	O	19.41	A	-		
554	107	O	19.41	C	-		
554	108	O	19.41	G	-		
554	109	O	19.41	G	-		
555	0	O	11.09	G	-		
555	1	O	11.09	A	-		
555	2	O	11.09	G	-		
555	3	O	11.09	A	-		
555	4	O	11.09	G	-		
555	5	O	11.09	T	-		
555	6	O	11.09	A	-		
555	7	O	11.09	A	-		
555	8	O	11.09	T	-		
555	9	O	11.09	G	-		
555	10	O	11.09	T	-		
555	11	O	11.09	G	-		
555	12	O	11.09	T	-		
555	13	O	11.09	G	-		
555	14	O	11.09	C	-		
555	15	O	11.09	T	-		
555	16	O	11.09	T	-		
555	17	O	11.09	A	-		
555	18	O	11.09	T	-		
555	19	O	11.09	C	-		
555	20	O	11.09	G	-		
555	21	O	11.09	C	-		
555	22	O	11.09	G	-		
555	23	O	11.09	C	-		
555	24	O	11.09	G	-		
555	25	O	11.09	A	-		
555	26	O	11.09	G	-		
555	27	O	11.09	A	-		
555	28	O	11.09	G	-		
555	29	O	11.09	A	-		
555	30	O	11.09	T	-		
555	31	O	11.09	T	-		
555	32	O	11.09	C	-		
555	33	O	11.09	G	-		
555	34	O	11.09	A	-		
555	35	O	11.09	C	-		
555	36	O	11.09	A	-		
555	37	O	11.09	G	-		
555	38	O	11.09	G	-		
555	39	O	11.09	G	-		
555	40	O	11.09	G	-		
555	41	O	11.09	A	-		
555	42	O	11.09	G	-		
555	43	O	11.09	A	-		
555	44	O	11.09	T	-		
555	45	O	11.09	G	-		
555	46	O	11.09	A	-		
555	47	O	11.09	G	-		
555	48	O	11.09	A	-		
555	49	O	11.09	G	-		
555	50	O	11.09	G	-		
555	51	O	11.09	C	-		
555	52	O	11.09	C	-		
555	53	O	11.09	G	-		
555	54	O	11.09	T	-		
555	55	O	11.09	A	-		
555	56	O	11.09	A	-		
555	57	O	11.09	T	-		
555	58	O	11.09	G	-		
555	59	O	11.09	A	-		
555	60	O	11.09	G	-		
555	61	O	11.09	A	-		
555	62	O	11.09	G	-		
555	63	O	11.09	G	-		
555	64	O	11.09	G	-		
555	65	O	11.09	T	-		
555	66	O	11.09	G	-		
555	67	O	11.09	G	-		
555	68	O	11.09	C	-		
555	69	O	11.09	A	-		
555	70	O	11.09	A	-		
555	71	O	11.09	A	-		
555	72	O	11.09	G	-		
555	73	O	11.09	G	-		
555	74	O	11.09	T	-		
555	75	O	11.09	G	-		
555	76	O	11.09	A	-		
555	77	O	11.09	G	-		
555	78	O	11.09	T	-		
555	79	O	11.09	A	-		
555	80	O	11.09	T	-		
555	81	O	11.09	C	-		
555	82	O	11.09	T	-		
555	83	O	11.09	G	-		
555	84	O	11.09	A	-		
555	85	O	11.09	T	-		
555	86	O	11.09	A	-		
555	87	O	11.09	A	-		
555	88	O	11.09	G	-		
555	89	O	11.09	G	-		
555	90	O	11.09	G	-		
555	91	O	11.09	G	-		
555	92	O	11.09	G	-		
555	93	O	11.09	T	-		
555	94	O	11.09	A	-		
555	95	O	11.09	C	-		
555	96	O	11.09	A	-		
555	97	O	11.09	G	-		
555	98	O	11.09	T	-		
555	99	O	11.09	A	-		
555	100	O	11.09	T	-		
555	101	O	11.09	G	-		
555	102	O	11.09	G	-		
555	103	O	11.09	A	-		
555	104	O	11.09	T	-		
555	105	O	11.09	G	-		
555	106	O	11.09	G	-		
555	107	O	11.09	G	-		
555	108	O	11.09	T	-		
555	109	O	11.09	G	-		
556	0	O	11.09	A	-		
556	1	O	11.09	G	-		
556	2	O	11.09	A	-		
556	3	O	11.09	A	-		
556	4	O	11.09	G	-		
556	5	O	11.09	C	-		
556	6	O	11.09	C	-		
556	7	O	11.09	C	-		
556	8	O	11.09	G	-		
556	9	O	11.09	A	-		
556	10	O	11.09	G	-		
556	11	O	11.09	A	-		
556	12	O	11.09	G	-		
556	13	O	11.09	G	-		
556	14	O	11.09	C	-		
556	15	O	11.09	C	-		
556	16	O	11.09	A	-		
556	17	O	11.09	A	-		
556	18	O	11.09	A	-		
556	19	O	11.09	G	-		
556	20	O	11.09	C	-		
556	21	O	11.09	C	-		
556	22	O	11.09	G	-		
556	23	O	11.09	C	-		
556	24	O	11.09	C	-		
556	25	O	11.09	G	-		
556	26	O	11.09	A	-		
556	27	O	11.09	A	-		
556	28	O	11.09	A	-		
556	29	O	11.09	C	-		
556	30	O	11.09	C	-		
556	31	O	11.09	G	-		
556	32	O	11.09	G	-		
556	33	O	11.09	T	-		
556	34	O	11.09	C	-		
556	35	O	11.09	A	-		
556	36	O	11.09	T	-		
556	37	O	11.09	G	-		
556	38	O	11.09	G	-		
556	39	O	11.09	A	-		
556	40	O	11.09	G	-		
556	41	O	11.09	G	-		
556	42	O	11.09	T	-		
556	43	O	11.09	G	-		
556	44	O	11.09	C	-		
556	45	O	11.09	A	-		
556	46	O	11.09	C	-		
556	47	O	11.09	C	-		
556	48	O	11.09	C	-		
556	49	O	11.09	A	-		
556	50	O	11.09	A	-		
556	51	O	11.09	G	-		
556	52	O	11.09	C	-		
556	53	U	2.86	G	C		
556	54	O	11.09	C	-		
556	55	O	11.09	T	-		
556	56	O	11.09	C	-		
556	57	O	11.09	C	-		
556	58	O	11.09	A	-		
556	59	O	11.09	T	-		
556	60	O	11.09	T	-		
556	61	O	11.09	C	-		
556	62	O	11.09	A	-		
556	63	O	11.09	T	-		
556	64	O	11.09	C	-		
556	65	O	11.09	A	-		
556	66	O	11.09	C	-		
556	67	O	11.09	G	-		
556	68	O	11.09	A	-		
556	69	O	11.09	A	-		
556	70	O	11.09	C	-		
556	71	O	11.09	C	-		
556	72	O	11.09	C	-		
556	73	O	11.09	C	-		
556	74	O	11.09	C	-		
556	75	O	11.09	T	-		
556	76	O	11.09	A	-		
556	77	O	11.09	C	-		
556	78	O	11.09	C	-		
556	79	O	11.09	C	-		
556	80	O	11.09	T	-		
556	81	O	11.09	A	-		
556	82	O	11.09	G	-		
556	83	O	11.09	A	-		
556	84	O	11.09	A	-		
556	85	O	11.09	C	-		
556	86	O	11.09	A	-		
556	87	O	11.09	G	-		
556	88	O	11.09	G	-		
556	89	O	11.09	C	-		
556	90	O	11.09	T	-		
556	91	O	11.09	A	-		
556	92	O	11.09	T	-		
556	93	O	11.09	A	-		
556	94	O	11.09	A	-		
556	95	O	11.09	A	-		
556	96	O	11.09	G	-		
556	97	O	11.09	G	-		
556	98	O	11.09	A	-		
556	99	O	11.09	A	-		
556	100	O	11.09	T	-		
556	101	O	11.09	T	-		
556	102	O	11.09	G	-		
556	103	O	11.09	A	-		
556	104	O	11.09	A	-		
556	105	O	11.09	A	-		
556	106	O	11.09	C	-		
556	107	O	11.09	T	-		
556	108	O	11.09	C	-		
556	109	O	11.09	A	-		
557	0	O	8.32	A	-		
557	1	O	8.32	C	-		
557	2	O	8.32	G	-		
557	3	O	8.32	A	-		
557	4	O	8.32	G	-		
557	5	O	8.32	G	-		
557	6	O	8.32	A	-		
557	7	O	8.32	A	-		
557	8	O	8.32	T	-		
557	9	O	8.32	C	-		
557	10	O	8.32	G	-		
557	11	O	8.32	C	-		
557	12	O	8.32	A	-		
557	13	O	8.32	A	-		
557	14	O	8.32	T	-		
557	15	O	8.32	G	-		
557	16	O	8.32	G	-		
557	17	O	8.32	C	-		
557	18	O	8.32	T	-		
557	19	O	8.32	T	-		
557	20	O	8.32	T	-		
557	21	O	8.32	G	-		
557	22	O	8.32	C	-		
557	23	O	8.32	T	-		
557	24	O	8.32	T	-		
557	25	O	8.32	C	-		
557	26	O	8.32	A	-		
557	27	O	8.32	G	-		
557	28	O	8.32	C	-		
557	29	O	8.32	A	-		
557	30	O	8.32	G	-		
557	31	O	8.32	G	-		
557	32	O	8.32	C	-		
557	33	O	8.32	C	-		
557	34	O	8.32	T	-		
557	35	O	8.32	G	-		
557	36	O	8.32	C	-		
557	37	O	8.32	G	-		
557	38	O	8.32	T	-		
557	39	O	8.32	C	-		
557	40	O	8.32	C	-		
557	41	O	8.32	G	-		
557	42	O	8.32	G	-		
557	43	O	8.32	C	-		
557	44	O	8.32	C	-		
557	45	O	8.32	G	-		
557	46	O	8.32	T	-		
557	47	O	8.32	G	-		
557	48	O	8.32	C	-		
557	49	O	8.32	T	-		
557	50	O	8.32	C	-		
557	51	O	8.32	G	-		
557	52	O	8.32	G	-		
557	53	O	8.32	C	-		
557	54	O	8.32	C	-		
557	55	O	8.32	T	-		
557	56	O	8.32	G	-		
557	57	O	8.32	G	-		
557	58	O	8.32	C	-		
557	59	O	8.32	C	-		
557	60	O	8.32	A	-		
557	61	O	8.32	A	-		
557	62	O	8.32	A	-		
557	63	O	8.32	C	-		
557	64	O	8.32	T	-		
557	65	O	8.32	G	-		
557	66	O	8.32	A	-		
557	67	O	8.32	T	-		
557	68	O	8.32	G	-		
557	69	O	8.32	A	-		
557	70	O	8.32	T	-		
557	71	O	8.32	G	-		
557	72	O	8.32	C	-		
557	73	O	8.32	T	-		
557	74	O	8.32	G	-		
557	75	O	8.32	C	-		
557	76	O	8.32	C	-		
557	77	O	8.32	C	-		
557	78	O	8.32	C	-		
557	79	O	8.32	T	-		
557	80	O	8.32	T	-		
557	81	O	8.32	G	-		
557	82	O	8.32	C	-		
557	83	O	8.32	C	-		
557	84	O	8.32	A	-		
557	85	O	8.32	G	-		
557	86	O	8.32	C	-		
557	87	O	8.32	G	-		
557	88	O	8.32	C	-		
557	89	O	8.32	C	-		
557	90	O	8.32	A	-		
557	91	O	8.32	T	-		
557	92	O	8.32	G	-		
557	93	O	8.32	C	-		
557	94	O	8.32	C	-		
557	95	O	8.32	G	-		
557	96	O	8.32	C	-		
557	97	O	8.32	T	-		
557	98	O	8.32	G	-		
557	99	O	8.32	C	-		
557	100	O	8.32	T	-		
557	101	O	8.32	C	-		
557	102	O	8.32	C	-		
557	103	O	8.32	A	-		
557	104	O	8.32	G	-		
557	105	O	8.32	A	-		
557	106	O	8.32	G	-		
557	107	O	8.32	C	-		
557	108	O	8.32	C	-		
557	109	O	8.32	G	-		
558	0	O	9.70	T	-		
558	1	O	9.70	G	-		
558	2	O	9.70	A	-		
558	3	O	9.70	C	-		
558	4	O	9.70	T	-		
558	5	O	9.70	G	-		
558	6	O	9.70	T	-		
558	7	O	9.70	A	-		
558	8	O	9.70	A	-		
558	9	O	9.70	G	-		
558	10	O	9.70	G	-		
558	11	O	9.70	G	-		
558	12	O	9.70	T	-		
558	13	O	9.70	G	-		
558	14	O	9.70	G	-		
558	15	O	9.70	T	-		
558	16	O	9.70	G	-		
558	17	O	9.70	T	-		
558	18	O	9.70	G	-		
558	19	O	9.70	T	-		
558	20	O	9.70	A	-		
558	21	O	9.70	G	-		
558	22	O	9.70	T	-		
558	23	O	9.70	G	-		
558	24	O	9.70	C	-		
558	25	O	9.70	A	-		
558	26	O	9.70	T	-		
558	27	O	9.70	G	-		
558	28	O	9.70	A	-		
558	29	O	9.70	T	-		
558	30	O	9.70	C	-		
558	31	O	9.70	T	-		
558	32	O	9.70	G	-		
558	33	O	9.70	T	-		
558	34	O	9.70	A	-		
558	35	O	9.70	C	-		
558	36	O	9.70	A	-		
558	37	O	9.70	G	-		
558	38	O	9.70	T	-		
558	39	O	9.70	C	-		
558	40	O	9.70	G	-		
558	41	O	9.70	T	-		
558	42	O	9.70	C	-		
558	43	O	9.70	T	-		
558	44	O	9.70	A	-		
558	45	O	9.70	G	-		
558	46	O	9.70	C	-		
558	47	O	9.70	T	-		
558	48	O	9.70	T	-		
558	49	O	9.70	C	-		
558	50	O	9.70	G	-		
558	51	O	9.70	T	-		
558	52	O	9.70	C	-		
558	53	O	9.70	A	-		
558	54	O	9.70	G	-		
558	55	O	9.70	A	-		
558	56	O	9.70	A	-		
558	57	O	9.70	A	-		
558	58	O	9.70	G	-		
558	59	O	9.70	A	-		
558	60	O	9.70	T	-		
558	61	O	9.70	A	-		
558	62	O	9.70	C	-		
558	63	U	1.77	A	G		
558	64	O	9.70	T	-		
558	65	O	9.70	A	-		
558	66	O	9.70	T	-		
558	67	O	9.70	C	-		
558	68	O	9.70	C	-		
558	69	O	9.70	T	-		
558	70	O	9.70	A	-		
558	71	O	9.70	C	-		
558	72	O	9.70	A	-		
558	73	O	9.70	T	-		
558	74	O	9.70	T	-		
558	75	O	9.70	G	-		
558	76	O	9.70	C	-		
558	77	O	9.70	G	-		
558	78	O	9.70	C	-		
558	79	O	9.70	C	-		
558	80	O	9.70	A	-		
558	81	O	9.70	T	-		
558	82	O	9.70	C	-		
558	83	O	9.70	T	-		
558	84	O	9.70	C	-		
558	85	O	9.70	G	-		
558	86	O	9.70	C	-		
558	87	O	9.70	T	-		
558	88	O	9.70	C	-		
558	89	O	9.70	G	-		
558	90	O	9.70	C	-		
558	91	O	9.70	T	-		
558	92	O	9.70	T	-		
558	93	O	9.70	G	-		
558	94	O	9.70	C	-		
558	95	O	9.70	A	-		
558	96	O	9.70	C	-		
558	97	O	9.70	C	-		
558	98	O	9.70	T	-		
558	99	O	9.70	C	-		
558	100	O	9.70	G	-		
558	101	O	9.70	A	-		
558	102	O	9.70	A	-		
558	103	O	9.70	A	-		
558	104	O	9.70	T	-		
558	105	O	9.70	C	-		
558	106	O	9.70	G	-		
558	107	O	9.70	G	-		
558	108	O	9.70	G	-		
558	109	O	9.70	A	-		
559	0	O	18.02	C	-		
559	1	O	18.02	A	-		
559	2	O	18.02	G	-		
559	3	O	18.02	G	-		
559	4	O	18.02	C	-		
559	5	O	18.02	G	-		
559	6	O	18.02	G	-		
559	7	O	18.02	C	-		
559	8	O	18.02	C	-		
559	9	O	18.02	G	-		
559	10	O	18.02	T	-		
559	11	O	18.02	T	-		
559	12	O	18.02	G	-		
559	13	O	18.02	G	-		
559	14	O	18.02	C	-		
559	15	O	18.02	T	-		
559	16	O	18.02	C	-		
559	17	O	18.02	T	-		
559	18	O	18.02	G	-		
559	19	O	18.02	G	-		
559	20	O	18.02	G	-		
559	21	O	18.02	G	-		
559	22	O	18.02	C	-		
559	23	O	18.02	T	-		
559	24	O	18.02	T	-		
559	25	O	18.02	G	-		
559	26	O	18.02	T	-		
559	27	O	18.02	G	-		
559	28	O	18.02	T	-		
559	29	O	18.02	G	-		
559	30	O	18.02	T	-		
559	31	O	18.02	G	-		
559	32	O	18.02	C	-		
559	33	O	18.02	G	-		
559	34	O	18.02	G	-		
559	35	O	18.02	A	-		
559	36	O	18.02	G	-		
559	37	O	18.02	C	-		
559	38	O	18.02	G	-		
559	39	O	18.02	T	-		
559	40	O	18.02	A	-		
559	41	O	18.02	C	-		
559	42	O	18.02	T	-		
559	43	O	18.02	T	-		
559	44	O	18.02	A	-		
559	45	O	18.02	G	-		
559	46	O	18.02	C	-		
559	47	O	18.02	T	-		
559	48	O	18.02	G	-		
559	49	O	18.02	C	-		
559	50	O	18.02	A	-		
559	51	O	18.02	T	-		
559	52	O	18.02	C	-		
559	53	O	18.02	A	-		
559	54	O	18.02	C	-		
559	55	O	18.02	G	-		
559	56	O	18.02	C	-		
559	57	O	18.02	C	-		
559	58	O	18.02	C	-		
559	59	O	18.02	G	-		
559	60	O	18.02	C	-		
559	61	O	18.02	T	-		
559	62	O	18.02	C	-		
559	63	O	18.02	A	-		
559	64	O	18.02	A	-		
559	65	O	18.02	C	-		
559	66	O	18.02	T	-		
559	67	O	18.02	C	-		
559	68	O	18.02	T	-		
559	69	O	18.02	C	-		
559	70	O	18.02	T	-		
559	71	O	18.02	T	-		
559	72	O	18.02	T	-		
559	73	O	18.02	G	-		
559	74	O	18.02	C	-		
559	75	O	18.02	C	-		
559	76	O	18.02	T	-		
559	77	O	18.02	G	-		
559	78	O	18.02	C	-		
559	79	O	18.02	C	-		
559	80	O	18.02	C	-		
559	81	O	18.02	G	-		
559	82	O	18.02	A	-		
559	83	O	18.02	G	-		
559	84	O	18.02	T	-		
559	85	O	18.02	C	-		
559	86	O	18.02	G	-		
559	87	O	18.02	T	-		
559	88	O	18.02	G	-		
559	89	O	18.02	G	-		
559	90	O	18.02	T	-		
559	91	O	18.02	G	-		
559	92	O	18.02	T	-		
559	93	O	18.02	G	-		
559	94	O	18.02	T	-		
559	95	O	18.02	A	-		
559	96	O	18.02	G	-		
559	97	O	18.02	A	-		
559	98	O	18.02	G	-		
559	99	O	18.02	C	-		
559	100	O	18.02	C	-		
559	101	O	18.02	T	-		
559	102	O	18.02	C	-		
559	103	O	18.02	T	-		
559	104	O	18.02	A	-		
559	105	O	18.02	C	-		
559	106	O	18.02	T	-		
559	107	O	18.02	G	-		
559	108	O	18.02	C	-		
559	109	O	18.02	C	-		
560	0	O	11.09	T	-		
560	1	O	11.09	G	-		
560	2	O	11.09	A	-		
560	3	O	11.09	C	-		
560	4	O	11.09	G	-		
560	5	O	11.09	A	-		
560	6	O	11.09	G	-		
560	7	O	11.09	A	-		
560	8	O	11.09	G	-		
560	9	O	11.09	A	-		
560	10	O	11.09	C	-		
560	11	O	11.09	A	-		
560	12	O	11.09	T	-		
560	13	O	11.09	G	-		
560	14	O	11.09	C	-		
560	15	O	11.09	A	-		
560	16	O	11.09	G	-		
560	17	O	11.09	C	-		
560	18	O	11.09	T	-		
560	19	O	11.09	T	-		
560	20	O	11.09	C	-		
560	21	O	11.09	A	-		
560	22	O	11.09	C	-		
560	23	O	11.09	A	-		
560	24	O	11.09	G	-		
560	25	O	11.09	C	-		
560	26	O	11.09	C	-		
560	27	O	11.09	C	-		
560	28	O	11.09	G	-		
560	29	O	11.09	C	-		
560	30	O	11.09	C	-		
560	31	O	11.09	T	-		
560	32	O	11.09	C	-		
560	33	O	11.09	T	-		
560	34	O	11.09	A	-		
560	35	O	11.09	G	-		
560	36	O	11.09	A	-		
560	37	O	11.09	C	-		
560	38	O	11.09	G	-		
560	39	U	2.86	A	G		
560	40	O	11.09	G	-		
560	41	O	11.09	A	-		
560	42	O	11.09	A	-		
560	43	O	11.09	G	-		
560	44	O	11.09	C	-		
560	45	O	11.09	A	-		
560	46	O	11.09	G	-		
560	47	O	11.09	G	-		
560	48	O	11.09	C	-		
560	49	O	11.09	A	-		
560	50	O	11.09	T	-		
560	51	O	11.09	T	-		
560	52	O	11.09	T	-		
560	53	O	11.09	C	-		
560	54	O	11.09	A	-		
560	55	O	11.09	T	-		
560	56	O	11.09	G	-		
560	57	O	11.09	T	-		
560	58	O	11.09	C	-		
560	59	O	11.09	G	-		
560	60	O	11.09	G	-		
560	61	O	11.09	C	-		
560	62	O	11.09	T	-		
560	63	O	11.09	A	-		
560	64	O	11.09	T	-		
560	65	O	11.09	G	-		
560	66	O	11.09	C	-		
560	67	O	11.09	C	-		
560	68	O	11.09	G	-		
560	69	O	11.09	C	-		
560	70	O	11.09	T	-		
560	71	O	11.09	T	-		
560	72	O	11.09	A	-		
560	73	O	11.09	C	-		
560	74	O	11.09	A	-		
560	75	O	11.09	T	-		
560	76	O	11.09	T	-		
560	77	O	11.09	G	-		
560	78	O	11.09	C	-		
560	79	O	11.09	C	-		
560	80	O	11.09	A	-		
560	81	O	11.09	C	-		
560	82	O	11.09	G	-		
560	83	O	11.09	A	-		
560	84	O	11.09	C	-		
560	85	O	11.09	A	-		
560	86	O	11.09	T	-		
560	87	O	11.09	C	-		
560	88	O	11.09	A	-		
560	89	O	11.09	T	-		
560	90	O	11.09	G	-		
560	91	O	11.09	T	-		
560	92	O	11.09	C	-		
560	93	O	11.09	G	-		
560	94	O	11.09	A	-		
560	95	O	11.09	T	-		
560	96	O	11.09	C	-		
560	97	O	11.09	C	-		
560	98	O	11.09	A	-		
560	99	O	11.09	C	-		
560	100	O	11.09	G	-		
560	101	O	11.09	T	-		
560	102	O	11.09	T	-		
560	103	O	11.09	A	-		
560	104	O	11.09	G	-		
560	105	O	11.09	T	-		
560	106	O	11.09	C	-		
560	107	O	11.09	T	-		
560	108	O	11.09	T	-		
560	109	O	11.09	T	-		
561	0	O	13.86	A	-		
561	1	O	13.86	G	-		
561	2	O	13.86	C	-		
561	3	O	13.86	C	-		
561	4	O	13.86	A	-		
561	5	O	13.86	G	-		
561	6	O	13.86	T	-		
561	7	O	13.86	G	-		
561	8	O	13.86	G	-		
561	9	O	13.86	A	-		
561	10	O	13.86	A	-		
561	11	O	13.86	C	-		
561	12	O	13.86	T	-		
561	13	O	13.86	G	-		
561	14	O	13.86	G	-		
561	15	O	13.86	A	-		
561	16	O	13.86	G	-		
561	17	O	13.86	G	-		
561	18	O	13.86	T	-		
561	19	O	13.86	G	-		
561	20	O	13.86	T	-		
561	21	O	13.86	T	-		
561	22	O	13.86	C	-		
561	23	O	13.86	T	-		
561	24	O	13.86	T	-		
561	25	O	13.86	T	-		
561	26	O	13.86	C	-		
561	27	O	13.86	C	-		
561	28	O	13.86	A	-		
561	29	O	13.86	A	-		
561	30	O	13.86	A	-		
561	31	O	13.86	A	-		
561	32	O	13.86	T	-		
561	33	O	13.86	T	-		
561	34	O	13.86	G	-		
561	35	O	13.86	C	-		
561	36	O	13.86	A	-		
561	37	O	13.86	G	-		
561	38	O	13.86	A	-		
561	39	O	13.86	A	-		
561	40	O	13.86	G	-		
561	41	O	13.86	A	-		
561	42	O	13.86	A	-		
561	43	O	13.86	C	-		
561	44	O	13.86	G	-		
561	45	O	13.86	G	-		
561	46	O	13.86	C	-		
561	47	O	13.86	G	-		
561	48	O	13.86	G	-		
561	49	O	13.86	C	-		
561	50	O	13.86	C	-		
561	51	O	13.86	T	-		
561	52	O	13.86	T	-		
561	53	O	13.86	A	-		
561	54	O	13.86	C	-		
561	55	O	13.86	T	-		
561	56	O	13.86	T	-		
561	57	O	13.86	G	-		
561	58	O	13.86	T	-		
561	59	O	13.86	A	-		
561	60	O	13.86	G	-		
561	61	O	13.86	T	-		
561	62	O	13.86	C	-		
561	63	O	13.86	G	-		
561	64	O	13.86	T	-		
561	65	O	13.86	G	-		
561	66	O	13.86	T	-		
561	67	O	13.86	G	-		
561	68	O	13.86	A	-		
561	69	O	13.86	G	-		
561	70	O	13.86	T	-		
561	71	O	13.86	A	-		
561	72	O	13.86	G	-		
561	73	O	13.86	G	-		
561	74	O	13.86	C	-		
561	75	O	13.86	G	-		
561	76	O	13.86	C	-		
561	77	O	13.86	T	-		
561	78	O	13.86	T	-		
561	79	O	13.86	G	-		
561	80	O	13.86	T	-		
561	81	O	13.86	G	-		
561	82	O	13.86	A	-		
561	83	O	13.86	C	-		
561	84	O	13.86	G	-		
561	85	O	13.86	A	-		
561	86	O	13.86	T	-		
561	87	O	13.86	G	-		
561	88	O	13.86	A	-		
561	89	O	13.86	C	-		
561	90	O	13.86	G	-		
561	91	O	13.86	C	-		
561	92	O	13.86	A	-		
561	93	O	13.86	C	-		
561	94	O	13.86	C	-		
561	95	O	13.86	G	-		
561	96	O	13.86	T	-		
561	97	O	13.86	C	-		
561	98	O	13.86	A	-		
561	99	O	13.86	T	-		
561	100	O	13.86	G	-		
561	101	O	13.86	C	-		
561	102	O	13.86	G	-		
561	103	O	13.86	T	-		
561	104	O	13.86	T	-		
561	105	O	13.86	G	-		
561	106	O	13.86	T	-		
561	107	O	13.86	G	-		
561	108	O	13.86	C	-		
561	109	O	13.86	A	-		
562	0	O	5.55	A	-		
562	1	O	5.55	T	-		
562	2	O	5.55	G	-		
562	3	O	5.55	C	-		
562	4	O	5.55	C	-		
562	5	O	5.55	T	-		
562	6	O	5.55	T	-		
562	7	O	5.55	C	-		
562	8	O	5.55	G	-		
562	9	O	5.55	G	-		
562	10	O	5.55	C	-		
562	11	O	5.55	G	-		
562	12	O	5.55	G	-		
562	13	O	5.55	C	-		
562	14	O	5.55	G	-		
562	15	O	5.55	T	-		
562	16	O	5.55	A	-		
562	17	O	5.55	G	-		
562	18	O	5.55	T	-		
562	19	O	5.55	A	-		
562	20	O	5.55	A	-		
562	21	O	5.55	C	-		
562	22	O	5.55	G	-		
562	23	O	5.55	C	-		
562	24	O	5.55	A	-		
562	25	O	5.55	G	-		
562	26	O	5.55	C	-		
562	27	O	5.55	A	-		
562	28	O	5.55	G	-		
562	29	O	5.55	C	-		
562	30	O	5.55	G	-		
562	31	O	5.55	C	-		
562	32	O	5.55	G	-		
562	33	O	5.55	C	-		
562	34	O	5.55	C	-		
562	35	O	5.55	G	-		
562	36	O	5.55	G	-		
562	37	O	5.55	C	-		
562	38	O	5.55	G	-		
562	39	O	5.55	A	-		
562	40	O	5.55	A	-		
562	41	O	5.55	G	-		
562	42	O	5.55	T	-		
562	43	O	5.55	C	-		
562	44	O	5.55	T	-		
562	45	O	5.55	G	-		
562	46	O	5.55	T	-		
562	47	O	5.55	C	-		
562	48	O	5.55	G	-		
562	49	O	5.55	T	-		
562	50	O	5.55	G	-		
562	51	O	5.55	T	-		
562	52	O	5.55	C	-		
562	53	O	5.55	G	-		
562	54	O	5.55	T	-		
562	55	O	5.55	G	-		
562	56	O	5.55	C	-		
562	57	O	5.55	T	-		
562	58	O	5.55	C	-		
562	59	O	5.55	G	-		
562	60	O	5.55	C	-		
562	61	O	5.55	C	-		
562	62	O	5.55	T	-		
562	63	O	5.55	A	-		
562	64	O	5.55	T	-		
562	65	O	5.55	G	-		
562	66	O	5.55	A	-		
562	67	O	5.55	G	-		
562	68	O	5.55	C	-		
562	69	O	5.55	A	-		
562	70	O	5.55	G	-		
562	71	O	5.55	A	-		
562	72	O	5.55	C	-		
562	73	O	5.55	T	-		
562	74	O	5.55	C	-		
562	75	O	5.55	G	-		
562	76	O	5.55	A	-		
562	77	O	5.55	G	-		
562	78	O	5.55	C	-		
562	79	O	5.55	C	-		
562	80	O	5.55	G	-		
562	81	O	5.55	A	-		
562	82	O	5.55	G	-		
562	83	O	5.55	C	-		
562	84	O	5.55	G	-		
562	85	O	5.55	C	-		
562	86	O	5.55	G	-		
562	87	O	5.55	A	-		
562	88	O	5.55	G	-		
562	89	O	5.55	G	-		
562	90	O	5.55	C	-		
562	91	O	5.55	C	-		
562	92	O	5.55	G	-		
562	93	O	5.55	C	-		
562	94	O	5.55	T	-		
562	95	O	5.55	G	-		
562	96	O	5.55	T	-		
562	97	O	5.55	G	-		
562	98	O	5.55	G	-		
562	99	O	5.55	C	-		
562	100	O	5.55	C	-		
562	101	O	5.55	G	-		
562	102	O	5.55	C	-		
562	103	O	5.55	C	-		
562	104	O	5.55	G	-		
562	105	O	5.55	A	-		
562	106	O	5.55	G	-		
562	107	O	5.55	G	-		
562	108	O	5.55	A	-		
562	109	O	5.55	G	-		
563	0	O	13.86	C	-		
563	1	O	13.86	G	-		
563	2	O	13.86	C	-		
563	3	O	13.86	G	-		
563	4	O	13.86	C	-		
563	5	O	13.86	T	-		
563	6	O	13.86	G	-		
563	7	O	13.86	A	-		
563	8	O	13.86	G	-		
563	9	O	13.86	G	-		
563	10	O	13.86	T	-		
563	11	O	13.86	G	-		
563	12	O	13.86	A	-		
563	13	O	13.86	C	-		
563	14	O	13.86	T	-		
563	15	O	5.16	G	-		
563	16	O	13.86	A	-		
563	17	O	13.86	G	-		
563	18	O	13.86	A	-		
563	19	O	13.86	T	-		
563	20	O	13.86	G	-		
563	21	O	13.86	T	-		
563	22	O	13.86	C	-		
563	23	O	13.86	G	-		
563	24	O	13.86	G	-		
563	25	O	13.86	C	-		
563	26	O	13.86	C	-		
563	27	O	13.86	A	-		
563	28	O	13.86	G	-		
563	29	O	13.86	C	-		
563	30	O	13.86	G	-		
563	31	O	13.86	G	-		
563	32	O	13.86	C	-		
563	33	O	13.86	G	-		
563	34	O	13.86	A	-		
563	35	O	13.86	C	-		
563	36	O	13.86	T	-		
563	37	O	13.86	G	-		
563	38	O	13.86	C	-		
563	39	O	13.86	T	-		
563	40	O	13.86	C	-		
563	41	O	13.86	C	-		
563	42	O	13.86	A	-		
563	43	O	13.86	C	-		
563	44	O	13.86	G	-		
563	45	O	13.86	C	-		
563	46	O	13.86	G	-		
563	47	O	13.86	C	-		
563	48	O	13.86	A	-		
563	49	O	13.86	C	-		
563	50	O	13.86	C	-		
563	51	O	13.86	A	-		
563	52	O	13.86	T	-		
563	53	O	13.86	C	-		
563	54	O	13.86	T	-		
563	55	O	13.86	T	-		
563	56	O	13.86	G	-		
563	57	O	13.86	C	-		
563	58	O	13.86	G	-		
563	59	O	13.86	C	-		
563	60	O	13.86	G	-		
563	61	O	13.86	C	-		
563	62	O	13.86	C	-		
563	63	O	13.86	T	-		
563	64	O	13.86	G	-		
563	65	O	13.86	C	-		
563	66	O	13.86	T	-		
563	67	O	13.86	T	-		
563	68	O	13.86	G	-		
563	69	O	13.86	G	-		
563	70	O	13.86	C	-		
563	71	O	13.86	G	-		
563	72	O	13.86	C	-		
563	73	O	13.86	C	-		
563	74	O	13.86	G	-		
563	75	O	13.86	C	-		
563	76	O	13.86	T	-		
563	77	O	13.86	C	-		
563	78	O	13.86	G	-		
563	79	O	13.86	T	-		
563	80	O	13.86	C	-		
563	81	O	13.86	G	-		
563	82	O	13.86	G	-		
563	83	O	13.86	G	-		
563	84	O	13.86	T	-		
563	85	O	13.86	T	-		
563	86	O	13.86	C	-		
563	87	O	13.86	A	-		
563	88	O	13.86	G	-		
563	89	O	13.86	C	-		
563	90	O	13.86	T	-		
563	91	O	13.86	C	-		
563	92	O	13.86	G	-		
563	93	O	13.86	A	-		
563	94	O	13.86	A	-		
563	95	O	13.86	G	-		
563	96	O	13.86	T	-		
563	97	O	13.86	T	-		
563	98	O	13.86	G	-		
563	99	O	13.86	G	-		
563	100	O	13.86	C	-		
563	101	O	13.86	G	-		
563	102	O	13.86	C	-		
563	103	O	13.86	C	-		
563	104	O	13.86	C	-		
563	105	O	13.86	A	-		
563	106	O	13.86	G	-		
563	107	O	13.86	C	-		
563	108	O	13.86	T	-		
563	109	O	13.86	G	-		
564	0	O	13.86	G	-		
564	1	O	13.86	T	-		
564	2	O	13.86	C	-		
564	3	O	13.86	G	-		
564	4	O	13.86	G	-		
564	5	O	13.86	A	-		
564	6	O	13.86	G	-		
564	7	O	13.86	A	-		
564	8	O	13.86	G	-		
564	9	O	13.86	A	-		
564	10	O	13.86	T	-		
564	11	O	13.86	T	-		
564	12	O	13.86	G	-		
564	13	O	13.86	T	-		
564	14	O	13.86	T	-		
564	15	O	13.86	G	-		
564	16	O	13.86	T	-		
564	17	O	13.86	C	-		
564	18	O	13.86	A	-		
564	19	O	13.86	A	-		
564	20	O	13.86	G	-		
564	21	O	13.86	A	-		
564	22	O	13.86	G	-		
564	23	O	13.86	T	-		
564	24	O	13.86	G	-		
564	25	O	13.86	G	-		
564	26	O	13.86	A	-		
564	27	O	13.86	C	-		
564	28	O	13.86	T	-		
564	29	O	13.86	C	-		
564	30	O	13.86	C	-		
564	31	O	13.86	T	-		
564	32	O	13.86	G	-		
564	33	O	13.86	C	-		
564	34	O	13.86	A	-		
564	35	O	13.86	G	-		
564	36	O	13.86	C	-		
564	37	O	13.86	A	-		
564	38	O	13.86	T	-		
564	39	O	13.86	T	-		
564	40	O	13.86	T	-		
564	41	O	13.86	C	-		
564	42	O	13.86	G	-		
564	43	O	13.86	C	-		
564	44	O	13.86	G	-		
564	45	O	13.86	A	-		
564	46	O	13.86	A	-		
564	47	O	13.86	T	-		
564	48	O	13.86	G	-		
564	49	O	13.86	C	-		
564	50	O	13.86	T	-		
564	51	O	13.86	T	-		
564	52	O	13.86	T	-		
564	53	O	13.86	C	-		
564	54	O	13.86	A	-		
564	55	O	13.86	A	-		
564	56	O	13.86	G	-		
564	57	O	13.86	T	-		
564	58	O	13.86	T	-		
564	59	O	13.86	G	-		
564	60	O	13.86	T	-		
564	61	O	13.86	G	-		
564	62	O	13.86	G	-		
564	63	O	13.86	G	-		
564	64	O	13.86	T	-		
564	65	O	13.86	T	-		
564	66	O	13.86	A	-		
564	67	O	13.86	C	-		
564	68	O	13.86	C	-		
564	69	O	13.86	C	-		
564	70	O	13.86	G	-		
564	71	O	13.86	G	-		
564	72	O	13.86	G	-		
564	73	O	13.86	C	-		
564	74	O	13.86	G	-		
564	75	O	13.86	G	-		
564	76	O	13.86	A	-		
564	77	O	13.86	G	-		
564	78	O	13.86	G	-		
564	79	O	13.86	A	-		
564	80	O	13.86	G	-		
564	81	O	13.86	A	-		
564	82	O	13.86	T	-		
564	83	O	13.86	A	-		
564	84	O	13.86	G	-		
564	85	O	13.86	G	-		
564	86	O	13.86	T	-		
564	87	O	13.86	C	-		
564	88	O	13.86	T	-		
564	89	O	13.86	T	-		
564	90	O	13.86	T	-		
564	91	O	13.86	G	-		
564	92	O	13.86	C	-		
564	93	O	13.86	A	-		
564	94	O	13.86	G	-		
564	95	O	13.86	C	-		
564	96	O	13.86	A	-		
564	97	O	13.86	G	-		
564	98	O	13.86	C	-		
564	99	O	13.86	A	-		
564	100	O	13.86	A	-		
564	101	O	13.86	G	-		
564	102	O	13.86	G	-		
564	103	O	13.86	A	-		
564	104	O	13.86	G	-		
564	105	O	13.86	G	-		
564	106	O	13.86	G	-		
564	107	O	13.86	T	-		
564	108	O	13.86	A	-		
564	109	O	13.86	C	-		
565	0	O	16.64	T	-		
565	1	O	16.64	C	-		
565	2	O	16.64	G	-		
565	3	O	16.64	G	-		
565	4	O	16.64	A	-		
565	5	O	16.64	T	-		
565	6	O	16.64	G	-		
565	7	O	16.64	T	-		
565	8	O	16.64	T	-		
565	9	O	16.64	T	-		
565	10	O	16.64	T	-		
565	11	O	16.64	A	-		
565	12	O	16.64	T	-		
565	13	O	16.64	G	-		
565	14	O	16.64	G	-		
565	15	O	16.64	A	-		
565	16	O	16.64	G	-		
565	17	O	16.64	T	-		
565	18	O	16.64	C	-		
565	19	O	16.64	A	-		
565	20	O	16.64	G	-		
565	21	O	16.64	T	-		
565	22	O	16.64	G	-		
565	23	O	16.64	G	-		
565	24	O	16.64	G	-		
565	25	O	16.64	T	-		
565	26	O	16.64	G	-		
565	27	O	16.64	C	-		
565	28	O	16.64	A	-		
565	29	O	16.64	G	-		
565	30	O	16.64	T	-		
565	31	O	16.64	G	-		
565	32	O	16.64	T	-		
565	33	O	16.64	A	-		
565	34	O	16.64	G	-		
565	35	O	16.64	A	-		
565	36	O	16.64	G	-		
565	37	O	16.64	A	-		
565	38	O	16.64	G	-		
565	39	O	16.64	T	-		
565	40	O	16.64	G	-		
565	41	O	16.64	G	-		
565	42	O	16.64	A	-		
565	43	O	16.64	A	-		
565	44	O	16.64	G	-		
565	45	O	16.64	G	-		
565	46	O	16.64	A	-		
565	47	O	16.64	G	-		
565	48	O	16.64	C	-		
565	49	O	16.64	G	-		
565	50	O	16.64	A	-		
565	51	O	16.64	C	-		
565	52	O	16.64	C	-		
565	53	O	16.64	C	-		
565	54	O	16.64	T	-		
565	55	O	16.64	A	-		
565	56	O	16.64	G	-		
565	57	O	16.64	G	-		
565	58	O	16.64	C	-		
565	59	O	16.64	G	-		
565	60	O	16.64	C	-		
565	61	O	16.64	A	-		
565	62	O	16.64	C	-		
565	63	O	16.64	A	-		
565	64	O	16.64	T	-		
565	65	O	16.64	A	-		
565	66	O	16.64	C	-		
565	67	O	16.64	T	-		
565	68	O	16.64	C	-		
565	69	O	16.64	A	-		
565	70	O	16.64	C	-		
565	71	O	16.64	C	-		
565	72	O	16.64	G	-		
565	73	O	16.64	T	-		
565	74	O	16.64	C	-		
565	75	O	16.64	G	-		
565	76	O	16.64	A	-		
565	77	O	16.64	A	-		
565	78	O	16.64	G	-		
565	79	O	16.64	C	-		
565	80	O	16.64	T	-		
565	81	O	16.64	G	-		
565	82	O	16.64	G	-		
565	83	O	16.64	C	-		
565	84	O	16.64	G	-		
565	85	O	16.64	A	-		
565	86	O	16.64	G	-		
565	87	O	16.64	C	-		
565	88	O	16.64	G	-		
565	89	O	16.64	C	-		
565	90	O	16.64	C	-		
565	91	O	16.64	C	-		
565	92	O	16.64	C	-		
565	93	O	16.64	T	-		
565	94	O	16.64	A	-		
565	95	O	16.64	T	-		
565	96	O	16.64	G	-		
565	97	O	16.64	T	-		
565	98	O	16.64	C	-		
565	99	O	16.64	G	-		
565	100	O	16.64	T	-		
565	101	O	16.64	C	-		
565	102	O	16.64	G	-		
565	103	O	16.64	G	-		
565	104	O	16.64	C	-		
565	105	O	16.64	C	-		
565	106	O	16.64	A	-		
565	107	O	16.64	G	-		
565	108	O	16.64	G	-		
565	109	O	16.64	T	-		
566	0	O	6.93	A	-		
566	1	O	6.93	T	-		
566	2	O	6.93	C	-		
566	3	O	6.93	A	-		
566	4	O	6.93	A	-		
566	5	O	6.93	G	-		
566	6	O	6.93	A	-		
566	7	O	6.93	C	-		
566	8	O	6.93	A	-		
566	9	O	6.93	C	-		
566	10	O	6.93	G	-		
566	11	O	6.93	C	-		
566	12	O	6.93	A	-		
566	13	O	6.93	G	-		
566	14	O	6.93	A	-		
566	15	O	6.93	T	-		
566	16	O	6.93	A	-		
566	17	O	6.93	G	-		
566	18	O	6.93	T	-		
566	19	O	6.93	A	-		
566	20	O	6.93	A	-		
566	21	O	6.93	C	-		
566	22	O	6.93	A	-		
566	23	O	6.93	A	-		
566	24	O	6.93	C	-		
566	25	O	6.93	T	-		
566	26	O	6.93	G	-		
566	27	O	6.93	G	-		
566	28	O	6.93	A	-		
566	29	O	6.93	C	-		
566	30	O	6.93	A	-		
566	31	O	6.93	G	-		
566	32	O	6.93	C	-		
566	33	O	6.93	C	-		
566	34	O	6.93	A	-		
566	35	O	6.93	T	-		
566	36	O	6.93	G	-		
566	37	O	6.93	G	-		
566	38	O	6.93	C	-		
566	39	O	6.93	T	-		
566	40	O	6.93	T	-		
566	41	O	6.93	G	-		
566	42	O	6.93	G	-		
566	43	O	6.93	A	-		
566	44	O	6.93	T	-		
566	45	O	6.93	G	-		
566	46	O	6.93	A	-		
566	47	O	6.93	C	-		
566	48	O	6.93	C	-		
566	49	O	6.93	G	-		
566	50	O	6.93	T	-		
566	51	O	6.93	C	-		
566	52	O	6.93	G	-		
566	53	O	6.93	T	-		
566	54	O	6.93	C	-		
566	55	O	6.93	T	-		
566	56	O	6.93	G	-		
566	57	O	6.93	G	-		
566	58	O	6.93	C	-		
566	59	O	6.93	T	-		
566	60	O	6.93	T	-		
566	61	O	6.93	G	-		
566	62	O	6.93	A	-		
566	63	O	6.93	T	-		
566	64	O	6.93	T	-		
566	65	O	6.93	T	-		
566	66	O	6.93	G	-		
566	67	O	6.93	C	-		
566	68	O	6.93	T	-		
566	69	O	6.93	T	-		
566	70	O	6.93	G	-		
566	71	O	6.93	A	-		
566	72	O	6.93	T	-		
566	73	O	6.93	G	-		
566	74	O	6.93	T	-		
566	75	O	6.93	G	-		
566	76	O	6.93	A	-		
566	77	O	6.93	G	-		
566	78	O	6.93	T	-		
566	79	O	6.93	C	-		
566	80	O	6.93	G	-		
566	81	O	6.93	A	-		
566	82	O	6.93	A	-		
566	83	O	6.93	C	-		
566	84	O	6.93	G	-		
566	85	O	6.93	A	-		
566	86	O	6.93	C	-		
566	87	O	6.93	C	-		
566	88	O	6.93	T	-		
566	89	O	6.93	T	-		
566	90	O	6.93	C	-		
566	91	O	6.93	G	-		
566	92	O	6.93	T	-		
566	93	O	6.93	G	-		
566	94	O	6.93	T	-		
566	95	O	6.93	C	-		
566	96	O	6.93	T	-		
566	97	O	6.93	A	-		
566	98	O	6.93	C	-		
566	99	O	6.93	A	-		
566	100	O	6.93	G	-		
566	101	O	6.93	A	-		
566	102	O	6.93	C	-		
566	103	O	6.93	A	-		
566	104	O	6.93	G	-		
566	105	O	6.93	G	-		
566	106	O	6.93	A	-		
566	107	O	6.93	G	-		
566	108	O	6.93	C	-		
566	109	O	6.93	T	-		
567	0	O	5.55	T	-		
567	1	O	5.55	G	-		
567	2	O	5.55	A	-		
567	3	O	5.55	T	-		
567	4	O	5.55	C	-		
567	5	O	5.55	A	-		
567	6	O	5.55	A	-		
567	7	O	5.55	T	-		
567	8	O	5.55	T	-		
567	9	O	5.55	A	-		
567	10	O	5.55	A	-		
567	11	O	5.55	C	-		
567	12	O	5.55	A	-		
567	13	O	5.55	A	-		
567	14	O	5.55	G	-		
567	15	O	5.55	A	-		
567	16	O	5.55	A	-		
567	17	O	5.55	G	-		
567	18	O	5.55	T	-		
567	19	O	5.55	G	-		
567	20	O	5.55	G	-		
567	21	O	5.55	C	-		
567	22	O	5.55	A	-		
567	23	O	5.55	A	-		
567	24	O	5.55	T	-		
567	25	O	5.55	A	-		
567	26	O	5.55	A	-		
567	27	O	5.55	G	-		
567	28	O	5.55	C	-		
567	29	O	5.55	T	-		
567	30	O	5.55	C	-		
567	31	O	5.55	C	-		
567	32	O	5.55	T	-		
567	33	O	5.55	T	-		
567	34	O	5.55	A	-		
567	35	O	5.55	G	-		
567	36	O	5.55	A	-		
567	37	O	5.55	C	-		
567	38	O	5.55	C	-		
567	39	O	5.55	A	-		
567	40	O	5.55	G	-		
567	41	O	5.55	G	-		
567	42	O	5.55	T	-		
567	43	O	5.55	T	-		
567	44	O	5.55	C	-		
567	45	O	5.55	A	-		
567	46	O	5.55	A	-		
567	47	O	5.55	C	-		
567	48	O	5.55	T	-		
567	49	O	5.55	G	-		
567	50	O	5.55	T	-		
567	51	O	5.55	T	-		
567	52	O	5.55	C	-		
567	53	O	5.55	G	-		
567	54	O	5.55	A	-		
567	55	O	5.55	G	-		
567	56	O	5.55	T	-		
567	57	O	5.55	T	-		
567	58	O	5.55	G	-		
567	59	O	5.55	T	-		
567	60	O	5.55	A	-		
567	61	O	5.55	T	-		
567	62	O	5.55	C	-		
567	63	O	5.55	T	-		
567	64	O	5.55	G	-		
567	65	O	5.55	G	-		
567	66	O	5.55	A	-		
567	67	O	5.55	A	-		
567	68	O	5.55	C	-		
567	69	O	5.55	A	-		
567	70	O	5.55	T	-		
567	71	O	5.55	T	-		
567	72	O	5.55	T	-		
567	73	O	5.55	G	-		
567	74	O	5.55	C	-		
567	75	O	5.55	A	-		
567	76	O	5.55	G	-		
567	77	O	5.55	A	-		
567	78	O	5.55	G	-		
567	79	O	5.55	T	-		
567	80	O	5.55	T	-		
567	81	O	5.55	C	-		
567	82	O	5.55	G	-		
567	83	O	5.55	C	-		
567	84	O	5.55	A	-		
567	85	O	5.55	G	-		
567	86	O	5.55	G	-		
567	87	O	5.55	C	-		
567	88	O	5.55	A	-		
567	89	O	5.55	T	-		
567	90	O	5.55	C	-		
567	91	O	5.55	C	-		
567	92	O	5.55	T	-		
567	93	O	5.55	T	-		
567	94	O	5.55	A	-		
567	95	O	5.55	A	-		
567	96	O	5.55	G	-		
567	97	O	5.55	A	-		
567	98	O	5.55	A	-		
567	99	O	5.55	A	-		
567	100	O	5.55	T	-		
567	101	O	5.55	T	-		
567	102	O	5.55	G	-		
567	103	O	5.55	G	-		
567	104	O	5.55	A	-		
567	105	O	5.55	T	-		
567	106	O	5.55	C	-		
567	107	O	5.55	G	-		
567	108	O	5.55	T	-		
567	109	O	5.55	A	-		
568	0	O	15.25	C	-		
568	1	O	15.25	G	-		
568	2	O	15.25	G	-		
568	3	O	15.25	G	-		
568	4	O	15.25	G	-		
568	5	O	15.25	C	-		
568	6	O	15.25	A	-		
568	7	O	15.25	A	-		
568	8	O	15.25	T	-		
568	9	O	15.25	A	-		
568	10	O	15.25	T	-		
568	11	O	15.25	A	-		
568	12	O	15.25	C	-		
568	13	O	15.25	A	-		
568	14	O	15.25	T	-		
568	15	O	15.25	T	-		
568	16	O	15.25	T	-		
568	17	O	15.25	T	-		
568	18	O	15.25	G	-		
568	19	O	15.25	C	-		
568	20	O	15.25	T	-		
568	21	O	15.25	C	-		
568	22	O	15.25	G	-		
568	23	O	15.25	T	-		
568	24	O	15.25	T	-		
568	25	O	15.25	A	-		
568	26	O	15.25	T	-		
568	27	O	15.25	T	-		
568	28	O	15.25	G	-		
568	29	O	15.25	G	-		
568	30	O	15.25	G	-		
568	31	O	15.25	C	-		
568	32	O	15.25	A	-		
568	33	O	15.25	T	-		
568	34	O	15.25	T	-		
568	35	O	15.25	G	-		
568	36	O	15.25	A	-		
568	37	O	15.25	A	-		
568	38	O	15.25	A	-		
568	39	O	15.25	G	-		
568	40	O	15.25	T	-		
568	41	O	15.25	A	-		
568	42	O	15.25	G	-		
568	43	O	15.25	C	-		
568	44	O	15.25	T	-		
568	45	O	15.25	T	-		
568	46	O	15.25	G	-		
568	47	O	15.25	G	-		
568	48	O	15.25	T	-		
568	49	O	15.25	G	-		
568	50	O	15.25	A	-		
568	51	O	15.25	G	-		
568	52	O	15.25	G	-		
568	53	O	15.25	C	-		
568	54	O	15.25	T	-		
568	55	O	15.25	T	-		
568	56	O	15.25	C	-		
568	57	O	15.25	A	-		
568	58	O	15.25	T	-		
568	59	O	15.25	C	-		
568	60	O	15.25	T	-		
568	61	O	15.25	T	-		
568	62	O	15.25	T	-		
568	63	O	15.25	T	-		
568	64	O	15.25	G	-		
568	65	O	15.25	C	-		
568	66	O	15.25	T	-		
568	67	O	15.25	G	-		
568	68	O	15.25	T	-		
568	69	O	15.25	A	-		
568	70	O	15.25	C	-		
568	71	O	15.25	A	-		
568	72	O	15.25	G	-		
568	73	O	15.25	G	-		
568	74	O	15.25	G	-		
568	75	O	15.25	A	-		
568	76	O	15.25	T	-		
568	77	O	15.25	A	-		
568	78	O	15.25	C	-		
568	79	O	15.25	T	-		
568	80	O	15.25	G	-		
568	81	O	15.25	C	-		
568	82	O	15.25	A	-		
568	83	O	15.25	A	-		
568	84	O	15.25	G	-		
568	85	O	15.25	C	-		
568	86	O	15.25	C	-		
568	87	O	15.25	T	-		
568	88	O	15.25	G	-		
568	89	O	15.25	C	-		
568	90	O	15.25	G	-		
568	91	O	15.25	C	-		
568	92	O	15.25	C	-		
568	93	O	15.25	C	-		
568	94	O	15.25	A	-		
568	95	O	15.25	A	-		
568	96	O	15.25	A	-		
568	97	O	15.25	A	-		
568	98	O	15.25	G	-		
568	99	O	15.25	G	-		
568	100	O	15.25	A	-		
568	101	O	15.25	T	-		
568	102	O	15.25	G	-		
568	103	O	15.25	T	-		
568	104	O	15.25	G	-		
568	105	O	15.25	A	-		
568	106	O	15.25	T	-		
568	107	O	15.25	T	-		
568	108	O	15.25	G	-		
568	109	O	15.25	A	-		
569	0	O	6.93	G	-		
569	1	O	6.93	T	-		
569	2	O	6.93	C	-		
569	3	O	6.93	G	-		
569	4	O	6.93	A	-		
569	5	O	6.93	T	-		
569	6	O	6.93	T	-		
569	7	O	6.93	G	-		
569	8	O	6.93	C	-		
569	9	O	6.93	T	-		
569	10	O	6.93	T	-		
569	11	O	6.93	T	-		
569	12	O	6.93	G	-		
569	13	O	6.93	G	-		
569	14	O	6.93	A	-		
569	15	O	6.93	C	-		
569	16	O	6.93	T	-		
569	17	O	6.93	A	-		
569	18	O	6.93	C	-		
569	19	O	6.93	A	-		
569	20	O	6.93	A	-		
569	21	O	6.93	C	-		
569	22	O	6.93	A	-		
569	23	O	6.93	T	-		
569	24	O	6.93	G	-		
569	25	O	6.93	G	-		
569	26	O	6.93	A	-		
569	27	O	6.93	G	-		
569	28	O	6.93	G	-		
569	29	O	6.93	T	-		
569	30	O	6.93	T	-		
569	31	O	6.93	G	-		
569	32	O	6.93	T	-		
569	33	O	6.93	C	-		
569	34	O	6.93	C	-		
569	35	O	6.93	A	-		
569	36	O	6.93	G	-		
569	37	O	6.93	C	-		
569	38	O	6.93	A	-		
569	39	O	6.93	G	-		
569	40	O	6.93	G	-		
569	41	O	6.93	T	-		
569	42	O	6.93	G	-		
569	43	O	6.93	A	-		
569	44	O	6.93	C	-		
569	45	O	6.93	C	-		
569	46	O	6.93	A	-		
569	47	O	6.93	A	-		
569	48	O	6.93	T	-		
569	49	O	6.93	C	-		
569	50	O	6.93	C	-		
569	51	O	6.93	A	-		
569	52	O	6.93	A	-		
569	53	O	6.93	G	-		
569	54	O	6.93	C	-		
569	55	O	6.93	C	-		
569	56	O	6.93	A	-		
569	57	O	6.93	G	-		
569	58	O	6.93	T	-		
569	59	O	6.93	T	-		
569	60	O	6.93	T	-		
569	61	O	6.93	G	-		
569	62	O	6.93	G	-		
569	63	O	6.93	G	-		
569	64	O	6.93	T	-		
569	65	O	6.93	G	-		
569	66	O	6.93	C	-		
569	67	O	6.93	A	-		
569	68	O	6.93	C	-		
569	69	O	6.93	G	-		
569	70	O	6.93	G	-		
569	71	O	6.93	A	-		
569	72	O	6.93	G	-		
569	73	O	6.93	G	-		
569	74	O	6.93	G	-		
569	75	O	6.93	G	-		
569	76	O	6.93	C	-		
569	77	O	6.93	G	-		
569	78	O	6.93	T	-		
569	79	O	6.93	G	-		
569	80	O	6.93	A	-		
569	81	O	6.93	A	-		
569	82	O	6.93	A	-		
569	83	O	6.93	G	-		
569	84	O	6.93	T	-		
569	85	O	6.93	T	-		
569	86	O	6.93	G	-		
569	87	O	6.93	G	-		
569	88	O	6.93	A	-		
569	89	O	6.93	A	-		
569	90	O	6.93	G	-		
569	91	O	6.93	A	-		
569	92	O	6.93	G	-		
569	93	O	6.93	C	-		
569	94	O	6.93	T	-		
569	95	O	6.93	C	-		
569	96	O	6.93	C	-		
569	97	O	6.93	C	-		
569	98	O	6.93	T	-		
569	99	O	6.93	T	-		
569	100	O	6.93	C	-		
569	101	O	6.93	A	-		
569	102	O	6.93	G	-		
569	103	O	6.93	G	-		
569	104	O	6.93	C	-		
569	105	O	6.93	T	-		
569	106	O	6.93	A	-		
569	107	O	6.93	G	-		
569	108	O	6.93	C	-		
569	109	O	6.93	C	-		
570	0	O	6.93	G	-		
570	1	O	6.93	G	-		
570	2	O	6.93	A	-		
570	3	O	6.93	G	-		
570	4	O	6.93	A	-		
570	5	O	6.93	T	-		
570	6	O	6.93	G	-		
570	7	O	6.93	A	-		
570	8	O	6.93	C	-		
570	9	O	6.93	G	-		
570	10	O	6.93	A	-		
570	11	O	6.93	C	-		
570	12	O	6.93	G	-		
570	13	O	6.93	T	-		
570	14	O	6.93	T	-		
570	15	O	6.93	G	-		
570	16	O	6.93	T	-		
570	17	O	6.93	A	-		
570	18	O	6.93	G	-		
570	19	O	6.93	T	-		
570	20	O	6.93	T	-		
570	21	O	6.93	C	-		
570	22	O	6.93	T	-		
570	23	O	6.93	C	-		
570	24	O	6.93	G	-		
570	25	O	6.93	G	-		
570	26	O	6.93	T	-		
570	27	O	6.93	G	-		
570	28	O	6.93	G	-		
570	29	O	6.93	T	-		
570	30	O	6.93	C	-		
570	31	O	6.93	T	-		
570	32	O	6.93	T	-		
570	33	O	6.93	G	-		
570	34	O	6.93	T	-		
570	35	O	6.93	T	-		
570	36	O	6.93	G	-		
570	37	O	6.93	C	-		
570	38	O	6.93	C	-		
570	39	O	6.93	G	-		
570	40	O	6.93	T	-		
570	41	O	6.93	C	-		
570	42	O	6.93	G	-		
570	43	O	6.93	G	-		
570	44	O	6.93	A	-		
570	45	O	6.93	C	-		
570	46	O	6.93	T	-		
570	47	O	6.93	G	-		
570	48	O	6.93	G	-		
570	49	O	6.93	A	-		
570	50	O	6.93	T	-		
570	51	O	6.93	C	-		
570	52	O	6.93	A	-		
570	53	O	6.93	G	-		
570	54	O	6.93	G	-		
570	55	O	6.93	T	-		
570	56	O	6.93	C	-		
570	57	O	6.93	A	-		
570	58	O	6.93	G	-		
570	59	O	6.93	C	-		
570	60	O	6.93	A	-		
570	61	O	6.93	A	-		
570	62	O	6.93	G	-		
570	63	O	6.93	G	-		
570	64	O	6.93	G	-		
570	65	O	6.93	G	-		
570	66	O	6.93	A	-		
570	67	O	6.93	A	-		
570	68	O	6.93	G	-		
570	69	O	6.93	T	-		
570	70	O	6.93	G	-		
570	71	O	6.93	G	-		
570	72	O	6.93	G	-		
570	73	O	6.93	C	-		
570	74	O	6.93	G	-		
570	75	O	6.93	A	-		
570	76	O	6.93	A	-		
570	77	O	6.93	A	-		
570	78	O	6.93	A	-		
570	79	O	6.93	G	-		
570	80	O	6.93	G	-		
570	81	O	6.93	T	-		
570	82	O	6.93	G	-		
570	83	O	6.93	G	-		
570	84	O	6.93	G	-		
570	85	O	6.93	A	-		
570	86	O	6.93	G	-		
570	87	O	6.93	G	-		
570	88	O	6.93	T	-		
570	89	O	6.93	G	-		
570	90	O	6.93	T	-		
570	91	O	6.93	G	-		
570	92	O	6.93	C	-		
570	93	O	6.93	G	-		
570	94	O	6.93	T	-		
570	95	O	6.93	A	-		
570	96	O	6.93	C	-		
570	97	O	6.93	G	-		
570	98	O	6.93	C	-		
570	99	O	6.93	C	-		
570	100	O	6.93	T	-		
570	101	O	6.93	G	-		
570	102	O	6.93	C	-		
570	103	O	6.93	G	-		
570	104	O	6.93	A	-		
570	105	O	6.93	T	-		
570	106	O	6.93	G	-		
570	107	O	6.93	A	-		
570	108	O	6.93	C	-		
570	109	O	6.93	C	-		
571	0	O	11.09	C	-		
571	1	O	11.09	T	-		
571	2	O	11.09	C	-		
571	3	O	11.09	C	-		
571	4	O	11.09	A	-		
571	5	O	11.09	A	-		
571	6	O	11.09	C	-		
571	7	O	11.09	T	-		
571	8	O	11.09	C	-		
571	9	O	11.09	T	-		
571	10	O	11.09	C	-		
571	11	O	11.09	G	-		
571	12	O	11.09	A	-		
571	13	O	11.09	C	-		
571	14	O	11.09	C	-		
571	15	O	11.09	G	-		
571	16	O	11.09	A	-		
571	17	O	11.09	G	-		
571	18	O	11.09	T	-		
571	19	O	11.09	C	-		
571	20	O	11.09	A	-		
571	21	O	11.09	A	-		
571	22	O	11.09	C	-		
571	23	O	11.09	G	-		
571	24	O	11.09	C	-		
571	25	O	11.09	C	-		
571	26	O	11.09	A	-		
571	27	O	11.09	T	-		
571	28	O	11.09	C	-		
571	29	O	11.09	C	-		
571	30	O	11.09	T	-		
571	31	O	11.09	A	-		
571	32	O	11.09	T	-		
571	33	O	11.09	C	-		
571	34	O	11.09	A	-		
571	35	O	11.09	A	-		
571	36	O	11.09	C	-		
571	37	O	11.09	C	-		
571	38	O	11.09	A	-		
571	39	O	11.09	C	-		
571	40	O	11.09	T	-		
571	41	O	11.09	C	-		
571	42	O	11.09	A	-		
571	43	O	11.09	C	-		
571	44	O	11.09	T	-		
571	45	O	11.09	C	-		
571	46	O	11.09	C	-		
571	47	O	11.09	T	-		
571	48	O	11.09	C	-		
571	49	O	11.09	A	-		
571	50	O	11.09	A	-		
571	51	O	11.09	A	-		
571	52	O	11.09	C	-		
571	53	O	11.09	A	-		
571	54	O	11.09	A	-		
571	55	O	11.09	A	-		
571	56	O	11.09	A	-		
571	57	O	11.09	A	-		
571	58	O	11.09	C	-		
571	59	O	11.09	C	-		
571	60	O	11.09	A	-		
571	61	O	11.09	A	-		
571	62	O	11.09	A	-		
571	63	O	11.09	C	-		
571	64	O	11.09	C	-		
571	65	O	11.09	T	-		
571	66	O	11.09	C	-		
571	67	O	11.09	A	-		
571	68	O	11.09	A	-		
571	69	O	11.09	A	-		
571	70	O	11.09	A	-		
571	71	O	11.09	C	-		
571	72	O	11.09	A	-		
571	73	O	11.09	C	-		
571	74	O	11.09	T	-		
571	75	O	11.09	A	-		
571	76	O	11.09	C	-		
571	77	O	11.09	C	-		
571	78	O	11.09	A	-		
571	79	O	11.09	C	-		
571	80	O	11.09	T	-		
571	81	O	11.09	C	-		
571	82	O	11.09	C	-		
571	83	O	11.09	C	-		
571	84	O	11.09	C	-		
571	85	O	11.09	T	-		
571	86	O	11.09	C	-		
571	87	O	11.09	C	-		
571	88	O	11.09	A	-		
571	89	O	11.09	A	-		
571	90	O	11.09	A	-		
571	91	O	11.09	C	-		
571	92	O	11.09	C	-		
571	93	U	2.86	T	C		
571	94	O	11.09	C	-		
571	95	O	11.09	C	-		
571	96	O	11.09	A	-		
571	97	O	11.09	A	-		
571	98	O	11.09	C	-		
571	99	O	11.09	C	-		
571	100	O	11.09	A	-		
571	101	O	11.09	T	-		
571	102	O	11.09	G	-		
571	103	O	11.09	G	-		
571	104	O	11.09	T	-		
571	105	O	11.09	A	-		
571	106	O	11.09	G	-		
571	107	O	11.09	G	-		
571	108	O	11.09	A	-		
571	109	O	11.09	G	-		
572	0	O	16.64	A	-		
572	1	O	16.64	A	-		
572	2	O	16.64	C	-		
572	3	O	16.64	C	-		
572	4	O	16.64	G	-		
572	5	O	16.64	G	-		
572	6	O	16.64	C	-		
572	7	O	16.64	A	-		
572	8	O	16.64	A	-		
572	9	O	16.64	A	-		
572	10	O	16.64	G	-		
572	11	O	16.64	C	-		
572	12	O	16.64	T	-		
572	13	O	16.64	C	-		
572	14	O	16.64	A	-		
572	15	O	16.64	A	-		
572	16	O	16.64	C	-		
572	17	O	16.64	A	-		
572	18	O	16.64	C	-		
572	19	O	16.64	C	-		
572	20	O	16.64	A	-		
572	21	O	16.64	T	-		
572	22	O	16.64	C	-		
572	23	O	16.64	G	-		
572	24	O	16.64	G	-		
572	25	O	16.64	C	-		
572	26	O	16.64	A	-		
572	27	O	16.64	G	-		
572	28	O	16.64	G	-		
572	29	O	16.64	C	-		
572	30	O	16.64	T	-		
572	31	O	16.64	G	-		
572	32	O	16.64	G	-		
572	33	O	16.64	C	-		
572	34	O	16.64	G	-		
572	35	O	16.64	A	-		
572	36	O	16.64	T	-		
572	37	O	16.64	C	-		
572	38	O	16.64	T	-		
572	39	O	16.64	G	-		
572	40	O	16.64	C	-		
572	41	O	16.64	G	-		
572	42	O	16.64	A	-		
572	43	O	16.64	T	-		
572	44	O	16.64	C	-		
572	45	O	16.64	T	-		
572	46	O	16.64	G	-		
572	47	O	16.64	C	-		
572	48	O	16.64	G	-		
572	49	O	16.64	G	-		
572	50	O	16.64	C	-		
572	51	O	16.64	C	-		
572	52	O	16.64	A	-		
572	53	O	16.64	G	-		
572	54	O	16.64	C	-		
572	55	O	16.64	A	-		
572	56	O	16.64	A	-		
572	57	O	16.64	G	-		
572	58	O	16.64	C	-		
572	59	O	16.64	C	-		
572	60	O	16.64	A	-		
572	61	O	16.64	G	-		
572	62	O	16.64	C	-		
572	63	O	16.64	T	-		
572	64	O	16.64	T	-		
572	65	O	16.64	C	-		
572	66	O	16.64	T	-		
572	67	O	16.64	G	-		
572	68	O	16.64	T	-		
572	69	O	16.64	T	-		
572	70	O	16.64	G	-		
572	71	O	16.64	G	-		
572	72	O	16.64	A	-		
572	73	O	16.64	G	-		
572	74	O	16.64	C	-		
572	75	O	16.64	C	-		
572	76	O	16.64	T	-		
572	77	O	16.64	T	-		
572	78	O	16.64	T	-		
572	79	O	16.64	C	-		
572	80	O	16.64	G	-		
572	81	O	16.64	G	-		
572	82	O	16.64	T	-		
572	83	O	16.64	T	-		
572	84	O	16.64	G	-		
572	85	O	16.64	G	-		
572	86	O	16.64	C	-		
572	87	O	16.64	C	-		
572	88	O	16.64	G	-		
572	89	O	16.64	C	-		
572	90	O	7.55	T	-		
572	91	O	16.64	G	-		
572	92	O	16.64	C	-		
572	93	O	16.64	T	-		
572	94	O	16.64	G	-		
572	95	O	16.64	T	-		
572	96	O	16.64	G	-		
572	97	O	16.64	C	-		
572	98	O	16.64	C	-		
572	99	O	16.64	A	-		
572	100	O	16.64	G	-		
572	101	O	16.64	C	-		
572	102	O	16.64	T	-		
572	103	O	16.64	G	-		
572	104	O	16.64	A	-		
572	105	O	16.64	T	-		
572	106	O	16.64	C	-		
572	107	O	16.64	C	-		
572	108	O	16.64	G	-		
572	109	O	16.64	C	-		
573	0	O	8.32	T	-		
573	1	O	8.32	C	-		
573	2	O	8.32	C	-		
573	3	O	8.32	A	-		
573	4	O	8.32	T	-		
573	5	O	8.32	C	-		
573	6	O	8.32	A	-		
573	7	O	8.32	A	-		
573	8	O	8.32	T	-		
573	9	O	8.32	C	-		
573	10	O	8.32	G	-		
573	11	O	8.32	T	-		
573	12	O	8.32	C	-		
573	13	O	8.32	A	-		
573	14	O	8.32	G	-		
573	15	O	8.32	C	-		
573	16	O	8.32	C	-		
573	17	O	8.32	G	-		
573	18	O	8.32	G	-		
573	19	O	8.32	C	-		
573	20	O	8.32	T	-		
573	21	O	8.32	T	-		
573	22	O	8.32	A	-		
573	23	O	8.32	G	-		
573	24	O	8.32	T	-		
573	25	O	8.32	A	-		
573	26	O	8.32	T	-		
573	27	O	8.32	C	-		
573	28	O	8.32	G	-		
573	29	O	8.32	C	-		
573	30	O	8.32	T	-		
573	31	O	8.32	C	-		
573	32	O	8.32	G	-		
573	33	O	8.32	G	-		
573	34	O	8.32	A	-		
573	35	O	8.32	T	-		
573	36	O	8.32	T	-		
573	37	O	8.32	T	-		
573	38	O	8.32	C	-		
573	39	O	8.32	A	-		
573	40	O	8.32	T	-		
573	41	O	8.32	C	-		
573	42	O	8.32	G	-		
573	43	O	8.32	C	-		
573	44	O	8.32	C	-		
573	45	O	8.32	C	-		
573	46	O	8.32	T	-		
573	47	O	8.32	C	-		
573	48	O	8.32	C	-		
573	49	O	8.32	G	-		
573	50	O	8.32	T	-		
573	51	O	8.32	G	-		
573	52	O	8.32	G	-		
573	53	O	8.32	G	-		
573	54	O	8.32	T	-		
573	55	O	8.32	G	-		
573	56	O	8.32	C	-		
573	57	O	8.32	C	-		
573	58	O	8.32	A	-		
573	59	O	8.32	A	-		
573	60	O	8.32	A	-		
573	61	O	8.32	A	-		
573	62	O	8.32	G	-		
573	63	O	8.32	T	-		
573	64	O	8.32	C	-		
573	65	O	8.32	G	-		
573	66	O	8.32	G	-		
573	67	O	8.32	C	-		
573	68	O	8.32	C	-		
573	69	O	8.32	G	-		
573	70	O	8.32	C	-		
573	71	O	8.32	C	-		
573	72	O	8.32	C	-		
573	73	O	8.32	G	-		
573	74	O	8.32	C	-		
573	75	O	8.32	C	-		
573	76	O	8.32	G	-		
573	77	O	8.32	A	-		
573	78	O	8.32	C	-		
573	79	O	8.32	T	-		
573	80	O	8.32	G	-		
573	81	O	8.32	A	-		
573	82	O	8.32	G	-		
573	83	O	8.32	C	-		
573	84	O	8.32	A	-		
573	85	O	8.32	T	-		
573	86	O	8.32	G	-		
573	87	O	8.32	C	-		
573	88	O	8.32	G	-		
573	89	O	8.32	C	-		
573	90	O	8.32	G	-		
573	91	O	8.32	G	-		
573	92	O	8.32	C	-		
573	93	O	8.32	C	-		
573	94	O	8.32	G	-		
573	95	O	8.32	A	-		
573	96	O	8.32	G	-		
573	97	O	8.32	G	-		
573	98	O	8.32	G	-		
573	99	O	8.32	A	-		
573	100	O	8.32	T	-		
573	101	O	8.32	C	-		
573	102	O	8.32	C	-		
573	103	O	8.32	C	-		
573	104	O	8.32	C	-		
573	105	O	8.32	G	-		
573	106	O	8.32	A	-		
573	107	O	8.32	C	-		
573	108	O	8.32	G	-		
573	109	O	8.32	G	-		
574	0	O	5.55	T	-		
574	1	O	5.55	G	-		
574	2	O	5.55	A	-		
574	3	O	5.55	C	-		
574	4	O	5.55	G	-		
574	5	O	5.55	T	-		
574	6	O	5.55	T	-		
574	7	O	5.55	G	-		
574	8	O	5.55	A	-		
574	9	O	5.55	A	-		
574	10	O	5.55	T	-		
574	11	O	5.55	G	-		
574	12	O	5.55	C	-		
574	13	O	5.55	A	-		
574	14	O	5.55	G	-		
574	15	O	5.55	C	-		
574	16	O	5.55	C	-		
574	17	O	5.55	A	-		
574	18	O	5.55	T	-		
574	19	O	5.55	C	-		
574	20	O	5.55	A	-		
574	21	O	5.55	T	-		
574	22	O	5.55	T	-		
574	23	O	5.55	T	-		
574	24	O	5.55	C	-		
574	25	O	5.55	G	-		
574	26	O	5.55	T	-		
574	27	O	5.55	G	-		
574	28	O	5.55	G	-		
574	29	O	5.55	T	-		
574	30	O	5.55	C	-		
574	31	O	5.55	T	-		
574	32	O	5.55	T	-		
574	33	O	5.55	C	-		
574	34	O	5.55	G	-		
574	35	O	5.55	T	-		
574	36	O	5.55	G	-		
574	37	O	5.55	G	-		
574	38	O	5.55	A	-		
574	39	O	5.55	C	-		
574	40	O	5.55	T	-		
574	41	O	5.55	A	-		
574	42	O	5.55	G	-		
574	43	O	5.55	A	-		
574	44	O	5.55	T	-		
574	45	O	5.55	T	-		
574	46	O	5.55	A	-		
574	47	O	5.55	T	-		
574	48	O	5.55	G	-		
574	49	O	5.55	G	-		
574	50	O	5.55	C	-		
574	51	O	5.55	A	-		
574	52	O	5.55	G	-		
574	53	O	5.55	T	-		
574	54	O	5.55	G	-		
574	55	O	5.55	G	-		
574	56	O	5.55	A	-		
574	57	O	5.55	A	-		
574	58	O	5.55	C	-		
574	59	O	5.55	A	-		
574	60	O	5.55	T	-		
574	61	O	5.55	G	-		
574	62	O	5.55	T	-		
574	63	O	5.55	A	-		
574	64	O	5.55	G	-		
574	65	O	5.55	A	-		
574	66	O	5.55	G	-		
574	67	O	5.55	G	-		
574	68	O	5.55	C	-		
574	69	O	5.55	C	-		
574	70	O	5.55	G	-		
574	71	O	5.55	T	-		
574	72	O	5.55	T	-		
574	73	O	5.55	C	-		
574	74	O	5.55	C	-		
574	75	O	5.55	A	-		
574	76	O	5.55	G	-		
574	77	O	5.55	G	-		
574	78	O	5.55	G	-		
574	79	O	5.55	T	-		
574	80	O	5.55	C	-		
574	81	O	5.55	C	-		
574	82	O	5.55	G	-		
574	83	O	5.55	A	-		
574	84	O	5.55	A	-		
574	85	O	5.55	A	-		
574	86	O	5.55	T	-		
574	87	O	5.55	A	-		
574	88	O	5.55	A	-		
574	89	O	5.55	G	-		
574	90	O	5.55	C	-		
574	91	O	5.55	C	-		
574	92	O	5.55	A	-		
574	93	O	5.55	A	-		
574	94	O	5.55	C	-		
574	95	O	5.55	A	-		
574	96	O	5.55	C	-		
574	97	O	5.55	A	-		
574	98	O	5.55	T	-		
574	99	O	5.55	G	-		
574	100	O	5.55	A	-		
574	101	O	5.55	A	-		
574	102	O	5.55	C	-		
574	103	O	5.55	G	-		
574	104	O	5.55	A	-		
574	105	O	5.55	C	-		
574	106	O	5.55	C	-		
574	107	O	5.55	T	-		
574	108	O	5.55	C	-		
574	109	O	5.55	A	-		
575	0	O	19.41	T	-		
575	1	O	19.41	G	-		
575	2	O	19.41	C	-		
575	3	O	19.41	A	-		
575	4	O	19.41	A	-		
575	5	O	19.41	G	-		
575	6	O	19.41	A	-		
575	7	O	19.41	G	-		
575	8	O	19.41	G	-		
575	9	O	19.41	T	-		
575	10	O	19.41	G	-		
575	11	O	19.41	G	-		
575	12	O	19.41	A	-		
575	13	O	19.41	A	-		
575	14	O	19.41	T	-		
575	15	O	19.41	T	-		
575	16	O	19.41	T	-		
575	17	O	19.41	A	-		
575	18	O	19.41	T	-		
575	19	O	19.41	C	-		
575	20	O	19.41	A	-		
575	21	O	19.41	G	-		
575	22	O	19.41	G	-		
575	23	O	19.41	T	-		
575	24	O	19.41	A	-		
575	25	O	19.41	T	-		
575	26	O	19.41	A	-		
575	27	O	19.41	C	-		
575	28	O	19.41	C	-		
575	29	O	19.41	T	-		
575	30	O	19.41	T	-		
575	31	O	19.41	G	-		
575	32	O	19.41	T	-		
575	33	O	19.41	T	-		
575	34	O	19.41	G	-		
575	35	O	19.41	C	-		
575	36	O	19.41	C	-		
575	37	O	19.41	A	-		
575	38	O	19.41	T	-		
575	39	O	19.41	G	-		
575	40	O	19.41	C	-		
575	41	O	19.41	T	-		
575	42	O	19.41	A	-		
575	43	O	19.41	T	-		
575	44	O	19.41	C	-		
575	45	O	19.41	A	-		
575	46	O	19.41	G	-		
575	47	O	19.41	T	-		
575	48	O	19.41	G	-		
575	49	O	19.41	C	-		
575	50	O	19.41	C	-		
575	51	O	19.41	A	-		
575	52	O	19.41	T	-		
575	53	O	19.41	T	-		
575	54	O	19.41	C	-		
575	55	O	19.41	A	-		
575	56	O	19.41	A	-		
575	57	O	19.41	C	-		
575	58	O	19.41	T	-		
575	59	O	19.41	T	-		
575	60	O	19.41	C	-		
575	61	O	19.41	G	-		
575	62	O	19.41	A	-		
575	63	O	19.41	C	-		
575	64	O	19.41	A	-		
575	65	O	19.41	C	-		
575	66	O	19.41	G	-		
575	67	O	19.41	A	-		
575	68	O	19.41	G	-		
575	69	O	19.41	C	-		
575	70	O	19.41	A	-		
575	71	O	19.41	A	-		
575	72	O	19.41	G	-		
575	73	O	19.41	T	-		
575	74	O	19.41	A	-		
575	75	O	19.41	G	-		
575	76	O	19.41	A	-		
575	77	O	19.41	A	-		
575	78	O	19.41	A	-		
575	79	O	19.41	C	-		
575	80	O	19.41	T	-		
575	81	O	19.41	T	-		
575	82	O	19.41	A	-		
575	83	O	19.41	T	-		
575	84	O	19.41	G	-		
575	85	O	19.41	T	-		
575	86	O	19.41	C	-		
575	87	O	19.41	C	-		
575	88	O	19.41	A	-		
575	89	O	19.41	T	-		
575	90	O	19.41	C	-		
575	91	O	19.41	C	-		
575	92	O	19.41	T	-		
575	93	O	19.41	T	-		
575	94	O	19.41	A	-		
575	95	O	19.41	C	-		
575	96	O	19.41	T	-		
575	97	O	19.41	A	-		
575	98	O	19.41	T	-		
575	99	O	19.41	A	-		
575	100	O	19.41	A	-		
575	101	O	19.41	G	-		
575	102	O	19.41	G	-		
575	103	O	19.41	C	-		
575	104	O	19.41	A	-		
575	105	O	19.41	A	-		
575	106	O	19.41	A	-		
575	107	O	19.41	C	-		
575	108	O	19.41	T	-		
575	109	O	19.41	A	-		
576	0	O	12.48	C	-		
576	1	O	12.48	A	-		
576	2	O	12.48	C	-		
576	3	O	12.48	C	-		
576	4	O	12.48	G	-		
576	5	O	12.48	T	-		
576	6	O	12.48	A	-		
576	7	O	12.48	A	-		
576	8	O	12.48	C	-		
576	9	O	12.48	A	-		
576	10	O	12.48	G	-		
576	11	O	12.48	A	-		
576	12	O	12.48	G	-		
576	13	O	12.48	G	-		
576	14	O	12.48	T	-		
576	15	O	12.48	A	-		
576	16	O	12.48	T	-		
576	17	O	12.48	T	-		
576	18	O	12.48	A	-		
576	19	O	12.48	C	-		
576	20	O	12.48	T	-		
576	21	O	12.48	T	-		
576	22	O	12.48	A	-		
576	23	O	12.48	G	-		
576	24	O	12.48	G	-		
576	25	O	12.48	A	-		
576	26	O	12.48	A	-		
576	27	O	12.48	C	-		
576	28	O	12.48	T	-		
576	29	O	12.48	C	-		
576	30	O	12.48	G	-		
576	31	O	12.48	G	-		
576	32	O	12.48	C	-		
576	33	O	12.48	G	-		
576	34	O	12.48	C	-		
576	35	O	12.48	A	-		
576	36	O	12.48	C	-		
576	37	O	12.48	G	-		
576	38	O	12.48	C	-		
576	39	O	12.48	A	-		
576	40	O	12.48	T	-		
576	41	O	12.48	G	-		
576	42	O	12.48	T	-		
576	43	O	12.48	T	-		
576	44	O	12.48	G	-		
576	45	O	12.48	A	-		
576	46	O	12.48	T	-		
576	47	O	12.48	T	-		
576	48	O	12.48	G	-		
576	49	O	12.48	C	-		
576	50	O	12.48	T	-		
576	51	O	12.48	C	-		
576	52	O	12.48	T	-		
576	53	O	12.48	T	-		
576	54	O	12.48	G	-		
576	55	O	12.48	G	-		
576	56	O	12.48	A	-		
576	57	O	12.48	A	-		
576	58	O	12.48	T	-		
576	59	O	12.48	C	-		
576	60	O	12.48	C	-		
576	61	O	12.48	A	-		
576	62	O	12.48	T	-		
576	63	O	12.48	G	-		
576	64	O	12.48	A	-		
576	65	O	12.48	T	-		
576	66	O	12.48	A	-		
576	67	O	12.48	C	-		
576	68	O	12.48	T	-		
576	69	O	12.48	G	-		
576	70	O	12.48	C	-		
576	71	O	12.48	T	-		
576	72	O	12.48	G	-		
576	73	O	12.48	T	-		
576	74	O	12.48	C	-		
576	75	O	12.48	C	-		
576	76	O	12.48	A	-		
576	77	O	12.48	G	-		
576	78	O	12.48	C	-		
576	79	O	12.48	T	-		
576	80	O	12.48	T	-		
576	81	O	12.48	A	-		
576	82	O	12.48	G	-		
576	83	O	12.48	A	-		
576	84	O	12.48	G	-		
576	85	O	12.48	A	-		
576	86	O	12.48	T	-		
576	87	O	12.48	C	-		
576	88	O	12.48	G	-		
576	89	O	12.48	A	-		
576	90	O	12.48	C	-		
576	91	O	12.48	G	-		
576	92	O	12.48	T	-		
576	93	O	12.48	T	-		
576	94	O	12.48	C	-		
576	95	O	12.48	G	-		
576	96	O	12.48	G	-		
576	97	O	12.48	A	-		
576	98	O	12.48	G	-		
576	99	O	12.48	G	-		
576	100	O	12.48	G	-		
576	101	O	12.48	T	-		
576	102	O	12.48	T	-		
576	103	O	12.48	A	-		
576	104	O	12.48	C	-		
576	105	O	12.48	T	-		
576	106	O	12.48	T	-		
576	107	O	12.48	T	-		
576	108	O	12.48	G	-		
576	109	O	12.48	C	-		
577	0	O	16.64	T	-		
577	1	O	16.64	C	-		
577	2	O	16.64	G	-		
577	3	O	16.64	A	-		
577	4	O	16.64	A	-		
577	5	O	16.64	C	-		
577	6	O	16.64	G	-		
577	7	O	16.64	C	-		
577	8	O	16.64	G	-		
577	9	O	16.64	G	-		
577	10	O	16.64	T	-		
577	11	O	7.55	C	-		
577	12	O	16.64	C	-		
577	13	O	16.64	A	-		
577	14	O	16.64	G	-		
577	15	O	16.64	T	-		
577	16	O	16.64	C	-		
577	17	O	16.64	G	-		
577	18	O	16.64	A	-		
577	19	O	16.64	C	-		
577	20	O	16.64	A	-		
577	21	O	16.64	C	-		
577	22	O	16.64	C	-		
577	23	O	16.64	A	-		
577	24	O	16.64	G	-		
577	25	O	16.64	C	-		
577	26	O	16.64	C	-		
577	27	O	16.64	A	-		
577	28	O	16.64	C	-		
577	29	O	16.64	G	-		
577	30	O	16.64	G	-		
577	31	O	16.64	C	-		
577	32	O	16.64	C	-		
577	33	O	16.64	T	-		
577	34	O	16.64	T	-		
577	35	O	16.64	C	-		
577	36	O	16.64	T	-		
577	37	O	16.64	G	-		
577	38	O	16.64	G	-		
577	39	O	16.64	T	-		
577	40	O	16.64	A	-		
577	41	O	16.64	G	-		
577	42	O	16.64	T	-		
577	43	O	16.64	C	-		
577	44	O	16.64	G	-		
577	45	O	16.64	A	-		
577	46	O	16.64	C	-		
577	47	O	16.64	G	-		
577	48	O	16.64	G	-		
577	49	O	16.64	C	-		
577	50	O	16.64	A	-		
577	51	O	16.64	G	-		
577	52	O	7.55	T	-		
577	53	O	16.64	C	-		
577	54	U	1.43	T	C		
577	55	O	16.64	C	-		
577	56	O	16.64	A	-		
577	57	O	16.64	G	-		
577	58	O	16.64	A	-		
577	59	O	16.64	C	-		
577	60	O	16.64	C	-		
577	61	O	16.64	A	-		
577	62	O	16.64	G	-		
577	63	O	16.64	T	-		
577	64	O	16.64	T	-		
577	65	O	16.64	G	-		
577	66	O	16.64	G	-		
577	67	O	7.55	T	-		
577	68	O	16.64	C	-		
577	69	O	16.64	G	-		
577	70	O	16.64	T	-		
577	71	O	16.64	G	-		
577	72	O	16.64	A	-		
577	73	O	16.64	T	-		
577	74	O	7.55	G	-		
577	75	O	16.64	C	-		
577	76	O	16.64	G	-		
577	77	O	16.64	G	-		
577	78	O	16.64	C	-		
577	79	O	16.64	C	-		
577	80	U	1.43	G	A		
577	81	O	7.55	T	-		
577	82	O	16.64	C	-		
577	83	O	16.64	C	-		
577	84	O	16.64	G	-		
577	85	O	16.64	C	-		
577	86	O	16.64	G	-		
577	87	O	16.64	G	-		
577	88	O	16.64	C	-		
577	89	O	16.64	C	-		
577	90	O	16.64	C	-		
577	91	O	16.64	T	-		
577	92	O	16.64	G	-		
577	93	O	16.64	T	-		
577	94	O	16.64	A	-		
577	95	O	16.64	C	-		
577	96	O	16.64	C	-		
577	97	O	16.64	A	-		
577	98	O	16.64	G	-		
577	99	O	16.64	G	-		
577	100	O	16.64	A	-		
577	101	O	16.64	G	-		
577	102	O	16.64	C	-		
577	103	O	16.64	T	-		
577	104	O	16.64	A	-		
577	105	O	16.64	C	-		
577	106	O	16.64	A	-		
577	107	O	16.64	C	-		
577	108	O	16.64	A	-		
577	109	O	16.64	G	-		
578	0	O	6.93	C	-		
578	1	O	6.93	C	-		
578	2	O	6.93	G	-		
578	3	O	6.93	T	-		
578	4	O	6.93	C	-		
578	5	O	6.93	G	-		
578	6	O	6.93	T	-		
578	7	O	6.93	T	-		
578	8	O	6.93	A	-		
578	9	O	6.93	T	-		
578	10	O	6.93	C	-		
578	11	O	6.93	T	-		
578	12	O	6.93	C	-		
578	13	O	6.93	G	-		
578	14	O	6.93	T	-		
578	15	O	6.93	A	-		
578	16	O	6.93	G	-		
578	17	O	6.93	C	-		
578	18	O	6.93	T	-		
578	19	O	6.93	G	-		
578	20	O	6.93	T	-		
578	21	O	6.93	A	-		
578	22	O	6.93	T	-		
578	23	O	6.93	A	-		
578	24	O	6.93	T	-		
578	25	O	6.93	G	-		
578	26	O	6.93	C	-		
578	27	O	6.93	C	-		
578	28	O	6.93	G	-		
578	29	O	6.93	A	-		
578	30	O	6.93	A	-		
578	31	O	6.93	T	-		
578	32	O	6.93	A	-		
578	33	O	6.93	A	-		
578	34	O	6.93	G	-		
578	35	O	6.93	T	-		
578	36	O	6.93	A	-		
578	37	O	6.93	T	-		
578	38	O	6.93	C	-		
578	39	O	6.93	A	-		
578	40	O	6.93	A	-		
578	41	O	6.93	G	-		
578	42	O	6.93	A	-		
578	43	O	6.93	A	-		
578	44	O	6.93	G	-		
578	45	O	6.93	T	-		
578	46	O	6.93	C	-		
578	47	O	6.93	G	-		
578	48	O	6.93	G	-		
578	49	O	6.93	C	-		
578	50	O	6.93	G	-		
578	51	O	6.93	A	-		
578	52	O	6.93	G	-		
578	53	O	6.93	C	-		
578	54	O	6.93	G	-		
578	55	O	6.93	C	-		
578	56	O	6.93	G	-		
578	57	O	6.93	A	-		
578	58	O	6.93	T	-		
578	59	O	6.93	C	-		
578	60	O	6.93	G	-		
578	61	O	6.93	A	-		
578	62	O	6.93	C	-		
578	63	O	6.93	G	-		
578	64	O	6.93	A	-		
578	65	O	6.93	C	-		
578	66	O	6.93	G	-		
578	67	O	6.93	G	-		
578	68	O	6.93	G	-		
578	69	U	-0.27	T	G		
578	70	O	6.93	T	-		
578	71	O	6.93	T	-		
578	72	O	6.93	G	-		
578	73	O	6.93	T	-		
578	74	O	6.93	C	-		
578	75	O	6.93	G	-		
578	76	O	6.93	A	-		
578	77	O	6.93	C	-		
578	78	O	6.93	T	-		
578	79	O	6.93	A	-		
578	80	O	6.93	G	-		
578	81	O	6.93	T	-		
578	82	O	6.93	T	-		
578	83	O	6.93	T	-		
578	84	O	6.93	G	-		
578	85	O	6.93	C	-		
578	86	O	6.93	C	-		
578	87	O	6.93	G	-		
578	88	O	6.93	T	-		
578	89	O	6.93	C	-		
578	90	O	6.93	G	-		
578	91	O	6.93	A	-		
578	92	O	6.93	T	-		
578	93	O	6.93	G	-		
578	94	O	6.93	G	-		
578	95	O	6.93	C	-		
578	96	O	6.93	C	-		
578	97	O	6.93	A	-		
578	98	O	6.93	C	-		
578	99	O	6.93	G	-		
578	100	O	6.93	G	-		
578	101	O	6.93	C	-		
578	102	O	6.93	A	-		
578	103	O	6.93	C	-		
578	104	O	6.93	C	-		
578	105	O	6.93	G	-		
578	106	O	6.93	A	-		
578	107	O	6.93	A	-		
578	108	O	6.93	T	-		
578	109	O	6.93	G	-		
579	0	O	12.48	T	-		
579	1	O	12.48	G	-		
579	2	O	12.48	C	-		
579	3	O	12.48	G	-		
579	4	O	12.48	A	-		
579	5	O	12.48	T	-		
579	6	O	12.48	G	-		
579	7	O	12.48	C	-		
579	8	O	12.48	C	-		
579	9	O	12.48	G	-		
579	10	O	12.48	G	-		
579	11	O	12.48	C	-		
579	12	O	12.48	T	-		
579	13	O	12.48	T	-		
579	14	O	12.48	G	-		
579	15	O	12.48	A	-		
579	16	O	12.48	G	-		
579	17	O	12.48	T	-		
579	18	O	12.48	A	-		
579	19	O	12.48	T	-		
579	20	O	12.48	A	-		
579	21	O	12.48	T	-		
579	22	O	12.48	T	-		
579	23	O	12.48	T	-		
579	24	O	12.48	C	-		
579	25	O	12.48	T	-		
579	26	O	12.48	C	-		
579	27	O	12.48	A	-		
579	28	O	12.48	C	-		
579	29	O	12.48	A	-		
579	30	O	12.48	T	-		
579	31	O	12.48	T	-		
579	32	O	12.48	G	-		
579	33	O	12.48	C	-		
579	34	O	12.48	C	-		
579	35	O	12.48	A	-		
579	36	O	12.48	A	-		
579	37	O	12.48	C	-		
579	38	O	12.48	C	-		
579	39	O	12.48	G	-		
579	40	O	12.48	C	-		
579	41	O	12.48	T	-		
579	42	O	12.48	G	-		
579	43	O	12.48	A	-		
579	44	O	12.48	G	-		
579	45	O	12.48	G	-		
579	46	O	12.48	A	-		
579	47	O	12.48	A	-		
579	48	O	12.48	A	-		
579	49	O	12.48	G	-		
579	50	O	12.48	A	-		
579	51	O	12.48	A	-		
579	52	O	12.48	G	-		
579	53	O	12.48	A	-		
579	54	O	12.48	C	-		
579	55	O	12.48	A	-		
579	56	O	12.48	G	-		
579	57	O	12.48	C	-		
579	58	O	12.48	C	-		
579	59	O	12.48	A	-		
579	60	O	12.48	T	-		
579	61	O	12.48	G	-		
579	62	O	12.48	T	-		
579	63	O	12.48	C	-		
579	64	O	12.48	C	-		
579	65	O	12.48	T	-		
579	66	O	12.48	T	-		
579	67	O	12.48	G	-		
579	68	O	12.48	A	-		
579	69	O	12.48	T	-		
579	70	O	12.48	G	-		
579	71	O	12.48	C	-		
579	72	O	12.48	C	-		
579	73	O	12.48	G	-		
579	74	O	12.48	A	-		
579	75	O	12.48	C	-		
579	76	O	12.48	A	-		
579	77	O	12.48	G	-		
579	78	O	12.48	G	-		
579	79	O	12.48	C	-		
579	80	O	12.48	T	-		
579	81	O	12.48	C	-		
579	82	O	12.48	A	-		
579	83	O	12.48	A	-		
579	84	O	12.48	G	-		
579	85	O	12.48	A	-		
579	86	O	12.48	T	-		
579	87	O	12.48	G	-		
579	88	O	12.48	A	-		
579	89	O	12.48	T	-		
579	90	O	12.48	A	-		
579	91	O	12.48	G	-		
579	92	O	12.48	A	-		
579	93	O	12.48	C	-		
579	94	O	12.48	A	-		
579	95	O	12.48	C	-		
579	96	O	12.48	A	-		
579	97	O	12.48	T	-		
579	98	O	12.48	G	-		
579	99	O	12.48	G	-		
579	100	O	12.48	A	-		
579	101	O	12.48	T	-		
579	102	O	12.48	G	-		
579	103	O	12.48	G	-		
579	104	O	12.48	A	-		
579	105	O	12.48	A	-		
579	106	O	12.48	G	-		
579	107	O	12.48	G	-		
579	108	O	12.48	C	-		
579	109	O	12.48	T	-		
580	0	O	8.32	T	-		
580	1	O	8.32	T	-		
580	2	O	8.32	G	-		
580	3	O	8.32	A	-		
580	4	O	8.32	C	-		
580	5	O	8.32	G	-		
580	6	O	8.32	C	-		
580	7	O	8.32	C	-		
580	8	O	8.32	G	-		
580	9	O	8.32	G	-		
580	10	O	8.32	C	-		
580	11	O	8.32	G	-		
580	12	O	8.32	G	-		
580	13	O	8.32	T	-		
580	14	O	8.32	G	-		
580	15	O	8.32	A	-		
580	16	O	8.32	G	-		
580	17	O	8.32	G	-		
580	18	O	8.32	A	-		
580	19	O	8.32	C	-		
580	20	O	8.32	G	-		
580	21	O	8.32	T	-		
580	22	O	8.32	G	-		
580	23	O	8.32	G	-		
580	24	O	8.32	G	-		
580	25	O	8.32	C	-		
580	26	O	8.32	G	-		
580	27	O	8.32	A	-		
580	28	O	8.32	T	-		
580	29	O	8.32	G	-		
580	30	O	8.32	C	-		
580	31	O	8.32	C	-		
580	32	O	8.32	G	-		
580	33	O	8.32	G	-		
580	34	O	8.32	T	-		
580	35	O	8.32	C	-		
580	36	O	8.32	T	-		
580	37	O	8.32	T	-		
580	38	O	8.32	G	-		
580	39	O	8.32	G	-		
580	40	O	8.32	C	-		
580	41	O	8.32	C	-		
580	42	O	8.32	G	-		
580	43	O	8.32	A	-		
580	44	O	8.32	G	-		
580	45	O	8.32	G	-		
580	46	O	8.32	T	-		
580	47	O	8.32	C	-		
580	48	O	8.32	T	-		
580	49	O	8.32	C	-		
580	50	O	8.32	T	-		
580	51	O	8.32	T	-		
580	52	O	8.32	C	-		
580	53	O	8.32	G	-		
580	54	O	8.32	T	-		
580	55	O	8.32	C	-		
580	56	O	8.32	C	-		
580	57	O	8.32	A	-		
580	58	O	8.32	C	-		
580	59	O	8.32	G	-		
580	60	O	8.32	G	-		
580	61	O	8.32	C	-		
580	62	O	8.32	G	-		
580	63	O	8.32	C	-		
580	64	O	8.32	A	-		
580	65	O	8.32	G	-		
580	66	O	8.32	G	-		
580	67	O	8.32	T	-		
580	68	O	8.32	G	-		
580	69	O	8.32	G	-		
580	70	O	8.32	C	-		
580	71	O	8.32	C	-		
580	72	O	8.32	A	-		
580	73	O	8.32	A	-		
580	74	O	8.32	G	-		
580	75	O	8.32	C	-		
580	76	O	8.32	C	-		
580	77	O	8.32	G	-		
580	78	O	8.32	G	-		
580	79	O	8.32	G	-		
580	80	O	8.32	G	-		
580	81	O	8.32	A	-		
580	82	O	8.32	C	-		
580	83	O	8.32	G	-		
580	84	O	8.32	G	-		
580	85	O	8.32	A	-		
580	86	O	8.32	C	-		
580	87	O	8.32	T	-		
580	88	O	8.32	G	-		
580	89	O	8.32	G	-		
580	90	O	8.32	A	-		
580	91	O	8.32	C	-		
580	92	O	8.32	G	-		
580	93	O	8.32	A	-		
580	94	O	8.32	G	-		
580	95	O	8.32	G	-		
580	96	O	8.32	G	-		
580	97	O	8.32	C	-		
580	98	O	8.32	C	-		
580	99	O	8.32	T	-		
580	100	O	8.32	G	-		
580	101	O	8.32	G	-		
580	102	O	8.32	C	-		
580	103	O	8.32	G	-		
580	104	O	8.32	G	-		
580	105	O	8.32	G	-		
580	106	O	8.32	C	-		
580	107	O	8.32	G	-		
580	108	O	8.32	C	-		
580	109	O	8.32	A	-		
581	0	O	5.55	A	-		
581	1	O	5.55	G	-		
581	2	O	5.55	T	-		
581	3	O	5.55	T	-		
581	4	O	5.55	C	-		
581	5	O	5.55	A	-		
581	6	O	5.55	A	-		
581	7	O	5.55	A	-		
581	8	O	5.55	G	-		
581	9	O	5.55	T	-		
581	10	O	5.55	A	-		
581	11	O	5.55	T	-		
581	12	O	5.55	G	-		
581	13	O	5.55	T	-		
581	14	O	5.55	C	-		
581	15	O	5.55	T	-		
581	16	O	5.55	T	-		
581	17	O	5.55	C	-		
581	18	O	5.55	T	-		
581	19	O	5.55	T	-		
581	20	O	5.55	C	-		
581	21	O	5.55	A	-		
581	22	O	5.55	G	-		
581	23	O	5.55	C	-		
581	24	O	5.55	C	-		
581	25	O	5.55	A	-		
581	26	O	5.55	G	-		
581	27	O	5.55	T	-		
581	28	O	5.55	C	-		
581	29	O	5.55	C	-		
581	30	O	5.55	T	-		
581	31	O	5.55	C	-		
581	32	O	5.55	G	-		
581	33	O	5.55	T	-		
581	34	O	5.55	A	-		
581	35	O	5.55	T	-		
581	36	O	5.55	G	-		
581	37	O	5.55	C	-		
581	38	O	5.55	C	-		
581	39	O	5.55	C	-		
581	40	O	5.55	A	-		
581	41	O	5.55	A	-		
581	42	O	5.55	A	-		
581	43	O	5.55	C	-		
581	44	O	5.55	C	-		
581	45	O	5.55	A	-		
581	46	O	5.55	C	-		
581	47	O	5.55	C	-		
581	48	O	5.55	A	-		
581	49	O	5.55	G	-		
581	50	O	5.55	G	-		
581	51	O	5.55	T	-		
581	52	O	5.55	G	-		
581	53	O	5.55	G	-		
581	54	O	5.55	A	-		
581	55	O	5.55	T	-		
581	56	O	5.55	T	-		
581	57	O	5.55	T	-		
581	58	O	5.55	T	-		
581	59	O	5.55	T	-		
581	60	O	5.55	T	-		
581	61	O	5.55	G	-		
581	62	O	5.55	C	-		
581	63	O	5.55	A	-		
581	64	O	5.55	G	-		
581	65	O	5.55	A	-		
581	66	O	5.55	C	-		
581	67	O	5.55	C	-		
581	68	O	5.55	A	-		
581	69	O	5.55	C	-		
581	70	O	5.55	C	-		
581	71	O	5.55	C	-		
581	72	O	5.55	G	-		
581	73	O	5.55	G	-		
581	74	O	5.55	C	-		
581	75	O	5.55	A	-		
581	76	O	5.55	G	-		
581	77	O	5.55	C	-		
581	78	O	5.55	G	-		
581	79	O	5.55	G	-		
581	80	O	5.55	C	-		
581	81	O	5.55	T	-		
581	82	O	5.55	G	-		
581	83	O	5.55	C	-		
581	84	O	5.55	C	-		
581	85	O	5.55	C	-		
581	86	O	5.55	A	-		
581	87	O	5.55	G	-		
581	88	O	5.55	A	-		
581	89	O	5.55	G	-		
581	90	O	5.55	G	-		
581	91	O	5.55	C	-		
581	92	O	5.55	C	-		
581	93	O	5.55	C	-		
581	94	O	5.55	A	-		
581	95	O	5.55	T	-		
581	96	O	5.55	C	-		
581	97	O	5.55	T	-		
581	98	O	5.55	C	-		
581	99	O	5.55	G	-		
581	100	O	5.55	C	-		
581	101	O	5.55	A	-		
581	102	O	5.55	C	-		
581	103	O	5.55	C	-		
581	104	O	5.55	C	-		
581	105	O	5.55	T	-		
581	106	O	5.55	G	-		
581	107	O	5.55	G	-		
581	108	O	5.55	C	-		
581	109	O	5.55	C	-		
582	0	O	5.55	T	-		
582	1	O	5.55	A	-		
582	2	O	5.55	C	-		
582	3	O	5.55	G	-		
582	4	O	5.55	C	-		
582	5	O	5.55	A	-		
582	6	O	5.55	T	-		
582	7	O	5.55	T	-		
582	8	O	5.55	G	-		
582	9	O	5.55	G	-		
582	10	O	5.55	A	-		
582	11	O	5.55	A	-		
582	12	O	5.55	G	-		
582	13	O	5.55	T	-		
582	14	O	5.55	G	-		
582	15	O	5.55	T	-		
582	16	O	5.55	T	-		
582	17	O	5.55	A	-		
582	18	O	5.55	T	-		
582	19	O	5.55	C	-		
582	20	O	5.55	C	-		
582	21	O	5.55	G	-		
582	22	O	5.55	C	-		
582	23	O	5.55	A	-		
582	24	O	5.55	A	-		
582	25	O	5.55	A	-		
582	26	O	5.55	G	-		
582	27	O	5.55	A	-		
582	28	O	5.55	T	-		
582	29	O	5.55	A	-		
582	30	O	5.55	G	-		
582	31	O	5.55	A	-		
582	32	O	5.55	C	-		
582	33	O	5.55	T	-		
582	34	O	5.55	G	-		
582	35	O	5.55	T	-		
582	36	O	5.55	T	-		
582	37	O	5.55	T	-		
582	38	O	5.55	A	-		
582	39	O	5.55	T	-		
582	40	O	5.55	G	-		
582	41	O	5.55	G	-		
582	42	O	5.55	A	-		
582	43	O	5.55	T	-		
582	44	O	5.55	A	-		
582	45	O	5.55	G	-		
582	46	O	5.55	C	-		
582	47	O	5.55	A	-		
582	48	O	5.55	G	-		
582	49	O	5.55	C	-		
582	50	O	5.55	C	-		
582	51	O	5.55	A	-		
582	52	O	5.55	C	-		
582	53	O	5.55	A	-		
582	54	O	5.55	T	-		
582	55	O	5.55	G	-		
582	56	O	5.55	A	-		
582	57	O	5.55	C	-		
582	58	O	5.55	C	-		
582	59	O	5.55	A	-		
582	60	O	5.55	T	-		
582	61	O	5.55	T	-		
582	62	O	5.55	G	-		
582	63	O	5.55	G	-		
582	64	O	5.55	A	-		
582	65	O	5.55	A	-		
582	66	O	5.55	C	-		
582	67	O	5.55	A	-		
582	68	O	5.55	G	-		
582	69	O	5.55	T	-		
582	70	O	5.55	T	-		
582	71	O	5.55	G	-		
582	72	O	5.55	G	-		
582	73	O	5.55	A	-		
582	74	O	5.55	G	-		
582	75	O	5.55	T	-		
582	76	O	5.55	T	-		
582	77	O	5.55	C	-		
582	78	O	5.55	A	-		
582	79	O	5.55	T	-		
582	80	O	5.55	T	-		
582	81	O	5.55	A	-		
582	82	O	5.55	T	-		
582	83	O	5.55	T	-		
582	84	O	5.55	G	-		
582	85	O	5.55	T	-		
582	86	O	5.55	C	-		
582	87	O	5.55	T	-		
582	88	O	5.55	C	-		
582	89	O	5.55	A	-		
582	90	O	5.55	C	-		
582	91	O	5.55	A	-		
582	92	O	5.55	A	-		
582	93	O	5.55	G	-		
582	94	O	5.55	C	-		
582	95	O	5.55	A	-		
582	96	O	5.55	A	-		
582	97	O	5.55	A	-		
582	98	O	5.55	G	-		
582	99	O	5.55	T	-		
582	100	O	5.55	T	-		
582	101	O	5.55	G	-		
582	102	O	5.55	T	-		
582	103	O	5.55	T	-		
582	104	O	5.55	G	-		
582	105	O	5.55	G	-		
582	106	O	5.55	T	-		
582	107	O	5.55	G	-		
582	108	O	5.55	A	-		
582	109	O	5.55	A	-		
583	0	O	8.32	G	-		
583	1	O	8.32	G	-		
583	2	O	8.32	A	-		
583	3	O	8.32	A	-		
583	4	O	8.32	G	-		
583	5	O	8.32	G	-		
583	6	O	8.32	A	-		
583	7	O	8.32	C	-		
583	8	O	8.32	A	-		
583	9	O	8.32	G	-		
583	10	O	8.32	A	-		
583	11	O	8.32	C	-		
583	12	O	8.32	T	-		
583	13	O	8.32	T	-		
583	14	O	8.32	G	-		
583	15	O	8.32	G	-		
583	16	O	8.32	G	-		
583	17	O	8.32	T	-		
583	18	O	8.32	T	-		
583	19	O	8.32	G	-		
583	20	O	8.32	A	-		
583	21	O	8.32	G	-		
583	22	O	8.32	C	-		
583	23	O	8.32	T	-		
583	24	O	8.32	C	-		
583	25	O	8.32	T	-		
583	26	O	8.32	C	-		
583	27	O	8.32	T	-		
583	28	O	8.32	C	-		
583	29	O	8.32	A	-		
583	30	O	8.32	A	-		
583	31	O	8.32	A	-		
583	32	O	8.32	A	-		
583	33	O	8.32	A	-		
583	34	O	8.32	A	-		
583	35	O	8.32	G	-		
583	36	O	8.32	C	-		
583	37	O	8.32	A	-		
583	38	O	8.32	T	-		
583	39	O	8.32	G	-		
583	40	O	8.32	C	-		
583	41	O	8.32	C	-		
583	42	O	8.32	C	-		
583	43	O	8.32	C	-		
583	44	O	8.32	C	-		
583	45	O	8.32	A	-		
583	46	O	8.32	A	-		
583	47	O	8.32	G	-		
583	48	O	8.32	A	-		
583	49	O	8.32	G	-		
583	50	O	8.32	C	-		
583	51	O	8.32	T	-		
583	52	O	8.32	T	-		
583	53	O	8.32	A	-		
583	54	O	8.32	T	-		
583	55	O	8.32	G	-		
583	56	O	8.32	C	-		
583	57	O	8.32	C	-		
583	58	O	8.32	G	-		
583	59	O	8.32	C	-		
583	60	O	8.32	G	-		
583	61	O	8.32	T	-		
583	62	O	8.32	G	-		
583	63	O	8.32	A	-		
583	64	O	8.32	G	-		
583	65	O	8.32	G	-		
583	66	O	8.32	G	-		
583	67	O	8.32	C	-		
583	68	O	8.32	T	-		
583	69	O	8.32	G	-		
583	70	O	8.32	C	-		
583	71	O	8.32	A	-		
583	72	O	8.32	G	-		
583	73	O	8.32	A	-		
583	74	O	8.32	T	-		
583	75	O	8.32	G	-		
583	76	O	8.32	G	-		
583	77	O	8.32	T	-		
583	78	O	8.32	C	-		
583	79	O	8.32	T	-		
583	80	O	8.32	C	-		
583	81	O	8.32	T	-		
583	82	O	8.32	T	-		
583	83	O	8.32	A	-		
583	84	O	8.32	C	-		
583	85	O	8.32	C	-		
583	86	O	8.32	G	-		
583	87	O	8.32	C	-		
583	88	O	8.32	A	-		
583	89	O	8.32	G	-		
583	90	O	8.32	C	-		
583	91	O	8.32	C	-		
583	92	O	8.32	A	-		
583	93	O	8.32	C	-		
583	94	O	8.32	C	-		
583	95	O	8.32	A	-		
583	96	O	8.32	T	-		
583	97	O	8.32	C	-		
583	98	O	8.32	G	-		
583	99	O	8.32	T	-		
583	100	O	8.32	C	-		
583	101	O	8.32	T	-		
583	102	O	8.32	A	-		
583	103	O	8.32	G	-		
583	104	O	8.32	T	-		
583	105	O	8.32	C	-		
583	106	O	8.32	G	-		
583	107	O	8.32	C	-		
583	108	O	8.32	G	-		
583	109	O	8.32	A	-		
584	0	O	9.70	T	-		
584	1	O	9.70	G	-		
584	2	O	9.70	A	-		
584	3	O	9.70	A	-		
584	4	O	9.70	G	-		
584	5	O	9.70	G	-		
584	6	O	9.70	C	-		
584	7	O	9.70	C	-		
584	8	O	9.70	A	-		
584	9	O	9.70	T	-		
584	10	O	9.70	G	-		
584	11	O	9.70	G	-		
584	12	O	9.70	A	-		
584	13	O	9.70	G	-		
584	14	O	9.70	T	-		
584	15	O	9.70	T	-		
584	16	O	9.70	G	-		
584	17	O	9.70	A	-		
584	18	O	9.70	T	-		
584	19	O	9.70	T	-		
584	20	O	9.70	G	-		
584	21	O	9.70	A	-		
584	22	O	9.70	C	-		
584	23	O	9.70	C	-		
584	24	O	9.70	A	-		
584	25	O	9.70	G	-		
584	26	O	9.70	T	-		
584	27	O	9.70	T	-		
584	28	O	9.70	G	-		
584	29	O	9.70	G	-		
584	30	O	9.70	A	-		
584	31	O	9.70	A	-		
584	32	O	9.70	G	-		
584	33	O	9.70	T	-		
584	34	O	9.70	A	-		
584	35	O	9.70	A	-		
584	36	O	9.70	C	-		
584	37	O	9.70	A	-		
584	38	O	9.70	A	-		
584	39	O	9.70	G	-		
584	40	O	9.70	A	-		
584	41	O	9.70	C	-		
584	42	O	9.70	G	-		
584	43	O	9.70	C	-		
584	44	O	9.70	G	-		
584	45	O	9.70	G	-		
584	46	O	9.70	G	-		
584	47	O	9.70	C	-		
584	48	O	9.70	C	-		
584	49	O	9.70	T	-		
584	50	O	9.70	T	-		
584	51	O	9.70	A	-		
584	52	O	9.70	T	-		
584	53	O	9.70	G	-		
584	54	O	9.70	G	-		
584	55	O	9.70	T	-		
584	56	O	9.70	G	-		
584	57	O	9.70	G	-		
584	58	O	9.70	T	-		
584	59	O	9.70	G	-		
584	60	O	9.70	G	-		
584	61	O	9.70	A	-		
584	62	O	9.70	T	-		
584	63	O	9.70	T	-		
584	64	O	9.70	T	-		
584	65	O	9.70	G	-		
584	66	O	9.70	G	-		
584	67	O	9.70	A	-		
584	68	O	9.70	G	-		
584	69	O	9.70	G	-		
584	70	O	9.70	C	-		
584	71	O	9.70	A	-		
584	72	O	9.70	T	-		
584	73	O	9.70	T	-		
584	74	O	9.70	T	-		
584	75	O	9.70	C	-		
584	76	O	9.70	C	-		
584	77	O	9.70	T	-		
584	78	O	9.70	T	-		
584	79	O	9.70	T	-		
584	80	O	9.70	T	-		
584	81	O	9.70	C	-		
584	82	O	9.70	T	-		
584	83	O	9.70	G	-		
584	84	O	9.70	G	-		
584	85	O	9.70	C	-		
584	86	O	9.70	G	-		
584	87	O	9.70	A	-		
584	88	O	9.70	C	-		
584	89	O	9.70	A	-		
584	90	O	9.70	T	-		
584	91	O	9.70	G	-		
584	92	O	9.70	G	-		
584	93	O	9.70	A	-		
584	94	O	9.70	A	-		
584	95	O	9.70	A	-		
584	96	O	9.70	T	-		
584	97	O	9.70	T	-		
584	98	O	9.70	G	-		
584	99	O	9.70	C	-		
584	100	O	9.70	A	-		
584	101	O	9.70	T	-		
584	102	O	9.70	T	-		
584	103	O	9.70	A	-		
584	104	O	9.70	A	-		
584	105	O	9.70	C	-		
584	106	O	9.70	T	-		
584	107	O	9.70	C	-		
584	108	O	9.70	T	-		
584	109	O	9.70	A	-		
585	0	O	11.09	A	-		
585	1	O	11.09	C	-		
585	2	O	11.09	T	-		
585	3	O	11.09	T	-		
585	4	O	11.09	G	-		
585	5	O	11.09	C	-		
585	6	O	11.09	C	-		
585	7	O	11.09	A	-		
585	8	O	11.09	G	-		
585	9	O	11.09	T	-		
585	10	O	11.09	G	-		
585	11	O	11.09	T	-		
585	12	O	11.09	A	-		
585	13	O	11.09	A	-		
585	14	O	11.09	G	-		
585	15	O	11.09	G	-		
585	16	O	11.09	A	-		
585	17	O	11.09	A	-		
585	18	O	11.09	A	-		
585	19	O	11.09	C	-		
585	20	O	11.09	T	-		
585	21	O	11.09	A	-		
585	22	O	11.09	T	-		
585	23	O	11.09	A	-		
585	24	O	11.09	T	-		
585	25	O	11.09	A	-		
585	26	O	11.09	A	-		
585	27	O	11.09	T	-		
585	28	O	11.09	A	-		
585	29	O	11.09	C	-		
585	30	O	11.09	A	-		
585	31	O	11.09	C	-		
585	32	O	11.09	C	-		
585	33	O	11.09	A	-		
585	34	O	11.09	A	-		
585	35	O	11.09	A	-		
585	36	O	11.09	A	-		
585	37	O	11.09	A	-		
585	38	O	11.09	C	-		
585	39	O	11.09	T	-		
585	40	O	11.09	T	-		
585	41	O	11.09	T	-		
585	42	O	11.09	T	-		
585	43	O	11.09	C	-		
585	44	O	11.09	A	-		
585	45	O	11.09	A	-		
585	46	O	11.09	G	-		
585	47	O	11.09	C	-		
585	48	O	11.09	C	-		
585	49	O	11.09	A	-		
585	50	O	11.09	A	-		
585	51	O	11.09	A	-		
585	52	O	11.09	C	-		
585	53	O	11.09	A	-		
585	54	O	11.09	G	-		
585	55	O	11.09	T	-		
585	56	O	11.09	T	-		
585	57	O	11.09	C	-		
585	58	O	11.09	C	-		
585	59	O	11.09	A	-		
585	60	O	11.09	A	-		
585	61	O	11.09	G	-		
585	62	O	11.09	G	-		
585	63	O	11.09	C	-		
585	64	O	11.09	T	-		
585	65	O	11.09	G	-		
585	66	O	11.09	C	-		
585	67	O	11.09	A	-		
585	68	O	11.09	G	-		
585	69	O	11.09	C	-		
585	70	O	11.09	A	-		
585	71	O	11.09	G	-		
585	72	O	11.09	G	-		
585	73	O	11.09	C	-		
585	74	O	11.09	A	-		
585	75	O	11.09	C	-		
585	76	O	11.09	A	-		
585	77	O	11.09	A	-		
585	78	O	11.09	T	-		
585	79	O	11.09	T	-		
585	80	O	11.09	G	-		
585	81	O	11.09	C	-		
585	82	O	11.09	C	-		
585	83	O	11.09	C	-		
585	84	O	11.09	A	-		
585	85	O	11.09	G	-		
585	86	O	11.09	T	-		
585	87	O	11.09	G	-		
585	88	O	11.09	C	-		
585	89	O	11.09	G	-		
585	90	O	11.09	C	-		
585	91	O	11.09	A	-		
585	92	O	11.09	C	-		
585	93	O	11.09	A	-		
585	94	O	11.09	A	-		
585	95	O	11.09	T	-		
585	96	O	11.09	A	-		
585	97	O	11.09	T	-		
585	98	O	11.09	C	-		
585	99	O	11.09	C	-		
585	100	O	11.09	A	-		
585	101	O	11.09	A	-		
585	102	O	11.09	G	-		
585	103	O	11.09	T	-		
585	104	O	11.09	C	-		
585	105	O	11.09	C	-		
585	106	O	11.09	T	-		
585	107	O	11.09	A	-		
585	108	O	11.09	T	-		
585	109	O	11.09	T	-		
586	0	O	11.09	A	-		
586	1	O	11.09	G	-		
586	2	O	11.09	C	-		
586	3	O	11.09	T	-		
586	4	O	11.09	C	-		
586	5	O	11.09	G	-		
586	6	O	11.09	A	-		
586	7	O	11.09	T	-		
586	8	O	11.09	G	-		
586	9	O	11.09	G	-		
586	10	O	11.09	T	-		
586	11	O	11.09	T	-		
586	12	O	11.09	C	-		
586	13	O	11.09	T	-		
586	14	O	11.09	C	-		
586	15	O	11.09	A	-		
586	16	O	11.09	G	-		
586	17	O	11.09	A	-		
586	18	O	11.09	A	-		
586	19	O	11.09	G	-		
586	20	O	11.09	G	-		
586	21	O	11.09	T	-		
586	22	O	11.09	T	-		
586	23	O	11.09	G	-		
586	24	O	11.09	A	-		
586	25	O	11.09	A	-		
586	26	O	11.09	C	-		
586	27	O	11.09	T	-		
586	28	O	11.09	T	-		
586	29	O	11.09	G	-		
586	30	O	11.09	A	-		
586	31	O	11.09	T	-		
586	32	O	11.09	G	-		
586	33	O	11.09	G	-		
586	34	O	11.09	C	-		
586	35	O	11.09	G	-		
586	36	O	11.09	C	-		
586	37	O	11.09	C	-		
586	38	O	11.09	T	-		
586	39	O	11.09	G	-		
586	40	O	11.09	A	-		
586	41	O	11.09	A	-		
586	42	O	11.09	C	-		
586	43	O	11.09	G	-		
586	44	O	11.09	G	-		
586	45	O	11.09	T	-		
586	46	O	11.09	T	-		
586	47	O	11.09	T	-		
586	48	O	11.09	C	-		
586	49	O	11.09	A	-		
586	50	O	11.09	T	-		
586	51	O	11.09	C	-		
586	52	O	11.09	G	-		
586	53	O	11.09	T	-		
586	54	O	11.09	G	-		
586	55	O	11.09	T	-		
586	56	O	11.09	C	-		
586	57	O	11.09	G	-		
586	58	O	11.09	G	-		
586	59	O	11.09	T	-		
586	60	O	11.09	C	-		
586	61	O	11.09	G	-		
586	62	O	11.09	G	-		
586	63	O	11.09	T	-		
586	64	O	11.09	T	-		
586	65	O	11.09	G	-		
586	66	O	11.09	G	-		
586	67	O	11.09	G	-		
586	68	O	11.09	C	-		
586	69	O	11.09	A	-		
586	70	O	11.09	A	-		
586	71	O	11.09	C	-		
586	72	O	11.09	C	-		
586	73	O	11.09	A	-		
586	74	O	11.09	G	-		
586	75	U	2.86	T	C		
586	76	O	11.09	G	-		
586	77	O	11.09	A	-		
586	78	O	11.09	T	-		
586	79	O	11.09	G	-		
586	80	O	11.09	A	-		
586	81	O	11.09	T	-		
586	82	O	11.09	T	-		
586	83	O	11.09	G	-		
586	84	O	11.09	T	-		
586	85	O	11.09	T	-		
586	86	O	11.09	A	-		
586	87	O	11.09	G	-		
586	88	O	11.09	T	-		
586	89	O	11.09	T	-		
586	90	O	11.09	G	-		
586	91	O	11.09	A	-		
586	92	O	11.09	C	-		
586	93	O	11.09	A	-		
586	94	O	11.09	T	-		
586	95	O	11.09	T	-		
586	96	O	11.09	T	-		
586	97	O	11.09	G	-		
586	98	O	11.09	G	-		
586	99	O	11.09	T	-		
586	100	O	11.09	C	-		
586	101	O	11.09	A	-		
586	102	O	11.09	A	-		
586	103	O	11.09	T	-		
586	104	O	11.09	C	-		
586	105	O	11.09	G	-		
586	106	O	11.09	A	-		
586	107	O	11.09	A	-		
586	108	O	11.09	G	-		
586	109	O	11.09	C	-		
587	0	O	8.32	A	-		
587	1	O	8.32	G	-		
587	2	O	8.32	G	-		
587	3	O	8.32	T	-		
587	4	O	8.32	T	-		
587	5	O	8.32	G	-		
587	6	O	8.32	T	-		
587	7	O	8.32	T	-		
587	8	O	8.32	A	-		
587	9	O	8.32	T	-		
587	10	O	8.32	A	-		
587	11	O	8.32	T	-		
587	12	O	8.32	A	-		
587	13	O	8.32	A	-		
587	14	O	8.32	C	-		
587	15	O	8.32	A	-		
587	16	O	8.32	C	-		
587	17	O	8.32	T	-		
587	18	O	8.32	C	-		
587	19	O	8.32	T	-		
587	20	O	8.32	T	-		
587	21	O	8.32	T	-		
587	22	O	8.32	C	-		
587	23	O	8.32	C	-		
587	24	O	8.32	A	-		
587	25	O	8.32	G	-		
587	26	O	8.32	T	-		
587	27	O	8.32	A	-		
587	28	O	8.32	G	-		
587	29	O	8.32	T	-		
587	30	O	8.32	G	-		
587	31	O	8.32	T	-		
587	32	O	8.32	T	-		
587	33	O	8.32	T	-		
587	34	O	8.32	C	-		
587	35	O	8.32	T	-		
587	36	O	8.32	C	-		
587	37	O	8.32	T	-		
587	38	O	8.32	T	-		
587	39	O	8.32	A	-		
587	40	O	8.32	C	-		
587	41	O	8.32	A	-		
587	42	O	8.32	C	-		
587	43	O	8.32	A	-		
587	44	O	8.32	C	-		
587	45	O	8.32	T	-		
587	46	O	8.32	C	-		
587	47	O	8.32	A	-		
587	48	O	8.32	T	-		
587	49	O	8.32	T	-		
587	50	O	8.32	T	-		
587	51	U	0.71	T	C		
587	52	O	8.32	C	-		
587	53	O	8.32	A	-		
587	54	O	8.32	T	-		
587	55	O	8.32	A	-		
587	56	O	8.32	T	-		
587	57	O	8.32	G	-		
587	58	O	8.32	A	-		
587	59	O	8.32	C	-		
587	60	O	8.32	T	-		
587	61	O	8.32	T	-		
587	62	O	8.32	A	-		
587	63	O	8.32	A	-		
587	64	O	8.32	T	-		
587	65	O	8.32	A	-		
587	66	O	8.32	A	-		
587	67	O	8.32	G	-		
587	68	O	8.32	T	-		
587	69	O	8.32	T	-		
587	70	O	8.32	G	-		
587	71	O	8.32	C	-		
587	72	O	8.32	A	-		
587	73	O	8.32	A	-		
587	74	O	8.32	T	-		
587	75	O	8.32	T	-		
587	76	O	8.32	T	-		
587	77	O	8.32	A	-		
587	78	O	8.32	A	-		
587	79	O	8.32	C	-		
587	80	O	8.32	C	-		
587	81	O	8.32	T	-		
587	82	O	8.32	A	-		
587	83	O	8.32	T	-		
587	84	O	8.32	T	-		
587	85	O	8.32	T	-		
587	86	O	8.32	T	-		
587	87	O	8.32	G	-		
587	88	O	8.32	G	-		
587	89	O	8.32	A	-		
587	90	O	8.32	T	-		
587	91	O	8.32	G	-		
587	92	O	8.32	A	-		
587	93	O	8.32	T	-		
587	94	O	8.32	A	-		
587	95	O	8.32	A	-		
587	96	O	8.32	G	-		
587	97	U	0.71	C	A		
587	98	O	8.32	A	-		
587	99	O	8.32	T	-		
587	100	O	8.32	A	-		
587	101	O	8.32	A	-		
587	102	O	8.32	A	-		
587	103	O	8.32	G	-		
587	104	O	8.32	T	-		
587	105	O	8.32	C	-		
587	106	O	8.32	C	-		
587	107	O	8.32	T	-		
587	108	O	8.32	C	-		
587	109	O	8.32	T	-		
588	0	O	15.25	C	-		
588	1	O	15.25	C	-		
588	2	O	15.25	A	-		
588	3	O	15.25	C	-		
588	4	O	15.25	G	-		
588	5	O	15.25	G	-		
588	6	O	15.25	C	-		
588	7	O	15.25	G	-		
588	8	O	15.25	C	-		
588	9	O	15.25	A	-		
588	10	O	15.25	C	-		
588	11	O	15.25	C	-		
588	12	O	15.25	A	-		
588	13	O	15.25	A	-		
588	14	O	15.25	A	-		
588	15	O	15.25	T	-		
588	16	O	15.25	A	-		
588	17	O	15.25	G	-		
588	18	O	15.25	T	-		
588	19	O	15.25	A	-		
588	20	O	15.25	C	-		
588	21	O	15.25	C	-		
588	22	O	15.25	G	-		
588	23	O	15.25	A	-		
588	24	O	15.25	C	-		
588	25	O	15.25	A	-		
588	26	O	15.25	A	-		
588	27	O	15.25	A	-		
588	28	O	15.25	A	-		
588	29	O	15.25	G	-		
588	30	O	15.25	T	-		
588	31	O	15.25	C	-		
588	32	O	15.25	A	-		
588	33	O	15.25	C	-		
588	34	O	15.25	C	-		
588	35	O	15.25	A	-		
588	36	O	15.25	G	-		
588	37	O	15.25	A	-		
588	38	O	15.25	A	-		
588	39	O	15.25	T	-		
588	40	O	15.25	G	-		
588	41	O	15.25	A	-		
588	42	O	15.25	C	-		
588	43	O	15.25	A	-		
588	44	O	15.25	G	-		
588	45	O	15.25	G	-		
588	46	O	15.25	T	-		
588	47	O	15.25	G	-		
588	48	O	15.25	C	-		
588	49	O	15.25	A	-		
588	50	O	15.25	G	-		
588	51	O	15.25	A	-		
588	52	O	15.25	G	-		
588	53	O	15.25	A	-		
588	54	O	15.25	A	-		
588	55	O	15.25	A	-		
588	56	O	15.25	A	-		
588	57	O	15.25	T	-		
588	58	O	15.25	T	-		
588	59	O	15.25	A	-		
588	60	O	15.25	T	-		
588	61	O	15.25	C	-		
588	62	O	15.25	G	-		
588	63	O	15.25	T	-		
588	64	O	15.25	C	-		
588	65	O	15.25	A	-		
588	66	O	15.25	A	-		
588	67	O	15.25	G	-		
588	68	O	15.25	G	-		
588	69	O	15.25	C	-		
588	70	O	15.25	G	-		
588	71	O	15.25	A	-		
588	72	O	15.25	T	-		
588	73	O	15.25	C	-		
588	74	O	15.25	A	-		
588	75	O	15.25	T	-		
588	76	O	15.25	C	-		
588	77	O	15.25	A	-		
588	78	O	15.25	C	-		
588	79	O	15.25	C	-		
588	80	O	15.25	T	-		
588	81	O	15.25	T	-		
588	82	O	15.25	G	-		
588	83	O	15.25	C	-		
588	84	O	15.25	T	-		
588	85	O	15.25	G	-		
588	86	O	15.25	G	-		
588	87	O	15.25	C	-		
588	88	O	15.25	T	-		
588	89	O	15.25	T	-		
588	90	O	15.25	T	-		
588	91	O	15.25	G	-		
588	92	O	15.25	T	-		
588	93	O	15.25	C	-		
588	94	O	15.25	A	-		
588	95	O	15.25	T	-		
588	96	O	15.25	G	-		
588	97	O	15.25	G	-		
588	98	O	15.25	A	-		
588	99	O	15.25	A	-		
588	100	O	15.25	A	-		
588	101	O	15.25	A	-		
588	102	O	15.25	T	-		
588	103	O	15.25	G	-		
588	104	O	15.25	A	-		
588	105	O	15.25	A	-		
588	106	O	15.25	C	-		
588	107	O	15.25	A	-		
588	108	O	15.25	G	-		
588	109	O	15.25	C	-		
589	0	O	5.55	A	-		
589	1	O	5.55	G	-		
589	2	O	5.55	G	-		
589	3	O	5.55	T	-		
589	4	O	5.55	G	-		
589	5	O	5.55	C	-		
589	6	O	5.55	T	-		
589	7	O	5.55	T	-		
589	8	O	5.55	C	-		
589	9	O	5.55	T	-		
589	10	O	5.55	G	-		
589	11	O	5.55	A	-		
589	12	O	5.55	A	-		
589	13	O	5.55	A	-		
589	14	O	5.55	T	-		
589	15	O	5.55	G	-		
589	16	O	5.55	G	-		
589	17	O	5.55	G	-		
589	18	O	5.55	A	-		
589	19	O	5.55	T	-		
589	20	O	5.55	T	-		
589	21	O	5.55	T	-		
589	22	O	5.55	G	-		
589	23	O	5.55	A	-		
589	24	O	5.55	T	-		
589	25	O	5.55	T	-		
589	26	O	5.55	C	-		
589	27	O	5.55	A	-		
589	28	O	5.55	T	-		
589	29	O	5.55	A	-		
589	30	O	5.55	T	-		
589	31	O	5.55	T	-		
589	32	O	5.55	T	-		
589	33	O	5.55	G	-		
589	34	O	5.55	A	-		
589	35	O	5.55	T	-		
589	36	O	5.55	T	-		
589	37	O	5.55	T	-		
589	38	O	5.55	G	-		
589	39	O	5.55	A	-		
589	40	O	5.55	A	-		
589	41	O	5.55	A	-		
589	42	O	5.55	G	-		
589	43	O	5.55	A	-		
589	44	O	5.55	A	-		
589	45	O	5.55	A	-		
589	46	O	5.55	G	-		
589	47	O	5.55	T	-		
589	48	O	5.55	T	-		
589	49	O	5.55	T	-		
589	50	O	5.55	A	-		
589	51	O	5.55	C	-		
589	52	O	5.55	T	-		
589	53	O	5.55	A	-		
589	54	O	5.55	T	-		
589	55	O	5.55	T	-		
589	56	O	5.55	G	-		
589	57	O	5.55	A	-		
589	58	O	5.55	C	-		
589	59	O	5.55	T	-		
589	60	O	5.55	G	-		
589	61	O	5.55	C	-		
589	62	O	5.55	A	-		
589	63	O	5.55	A	-		
589	64	O	5.55	T	-		
589	65	O	5.55	T	-		
589	66	O	5.55	C	-		
589	67	O	5.55	C	-		
589	68	O	5.55	C	-		
589	69	O	5.55	T	-		
589	70	O	5.55	G	-		
589	71	O	5.55	A	-		
589	72	O	5.55	T	-		
589	73	O	5.55	T	-		
589	74	O	5.55	T	-		
589	75	O	5.55	C	-		
589	76	O	5.55	T	-		
589	77	O	5.55	T	-		
589	78	O	5.55	A	-		
589	79	O	5.55	C	-		
589	80	O	5.55	G	-		
589	81	O	5.55	C	-		
589	82	O	5.55	T	-		
589	83	O	5.55	T	-		
589	84	O	5.55	G	-		
589	85	O	5.55	T	-		
589	86	O	5.55	G	-		
589	87	O	5.55	T	-		
589	88	O	5.55	G	-		
589	89	O	5.55	C	-		
589	90	O	5.55	G	-		
589	91	O	5.55	G	-		
589	92	O	5.55	A	-		
589	93	O	5.55	A	-		
589	94	O	5.55	A	-		
589	95	O	5.55	G	-		
589	96	O	5.55	A	-		
589	97	O	5.55	G	-		
589	98	O	5.55	A	-		
589	99	O	5.55	T	-		
589	100	O	5.55	G	-		
589	101	O	5.55	G	-		
589	102	O	5.55	A	-		
589	103	O	5.55	T	-		
589	104	O	5.55	T	-		
589	105	O	5.55	G	-		
589	106	O	5.55	T	-		
589	107	O	5.55	G	-		
589	108	O	5.55	G	-		
589	109	O	5.55	G	-		
590	0	O	9.70	G	-		
590	1	O	9.70	A	-		
590	2	O	9.70	G	-		
590	3	O	9.70	C	-		
590	4	O	9.70	G	-		
590	5	O	9.70	T	-		
590	6	O	9.70	A	-		
590	7	O	9.70	G	-		
590	8	O	9.70	T	-		
590	9	O	9.70	T	-		
590	10	O	9.70	G	-		
590	11	O	9.70	T	-		
590	12	O	9.70	G	-		
590	13	O	9.70	C	-		
590	14	O	9.70	T	-		
590	15	O	9.70	A	-		
590	16	O	9.70	G	-		
590	17	O	9.70	G	-		
590	18	O	9.70	G	-		
590	19	O	9.70	C	-		
590	20	O	9.70	T	-		
590	21	O	9.70	A	-		
590	22	O	9.70	A	-		
590	23	O	9.70	G	-		
590	24	O	9.70	A	-		
590	25	O	9.70	C	-		
590	26	O	9.70	C	-		
590	27	O	9.70	A	-		
590	28	O	9.70	T	-		
590	29	O	9.70	T	-		
590	30	O	9.70	A	-		
590	31	O	9.70	T	-		
590	32	O	9.70	A	-		
590	33	O	9.70	C	-		
590	34	U	1.77	C	G		
590	35	O	9.70	T	-		
590	36	O	9.70	C	-		
590	37	O	9.70	G	-		
590	38	O	9.70	C	-		
590	39	O	9.70	C	-		
590	40	O	9.70	T	-		
590	41	O	9.70	C	-		
590	42	O	9.70	A	-		
590	43	O	9.70	A	-		
590	44	O	9.70	C	-		
590	45	O	9.70	C	-		
590	46	O	9.70	T	-		
590	47	O	9.70	T	-		
590	48	O	9.70	G	-		
590	49	O	9.70	T	-		
590	50	O	9.70	T	-		
590	51	O	9.70	A	-		
590	52	O	9.70	G	-		
590	53	O	9.70	G	-		
590	54	O	9.70	C	-		
590	55	O	9.70	T	-		
590	56	O	9.70	T	-		
590	57	O	9.70	T	-		
590	58	O	9.70	G	-		
590	59	O	9.70	G	-		
590	60	O	9.70	G	-		
590	61	O	9.70	G	-		
590	62	O	9.70	A	-		
590	63	O	9.70	T	-		
590	64	O	9.70	G	-		
590	65	O	9.70	G	-		
590	66	O	9.70	T	-		
590	67	O	9.70	T	-		
590	68	O	9.70	T	-		
590	69	O	9.70	G	-		
590	70	O	9.70	T	-		
590	71	O	9.70	G	-		
590	72	O	9.70	C	-		
590	73	O	9.70	A	-		
590	74	O	9.70	G	-		
590	75	O	9.70	C	-		
590	76	O	9.70	A	-		
590	77	O	9.70	C	-		
590	78	O	9.70	C	-		
590	79	O	9.70	G	-		
590	80	O	9.70	G	-		
590	81	O	9.70	G	-		
590	82	O	9.70	A	-		
590	83	O	9.70	T	-		
590	84	O	9.70	G	-		
590	85	O	9.70	C	-		
590	86	O	9.70	C	-		
590	87	O	9.70	T	-		
590	88	O	9.70	G	-		
590	89	O	9.70	C	-		
590	90	O	9.70	A	-		
590	91	O	9.70	A	-		
590	92	O	9.70	C	-		
590	93	O	9.70	C	-		
590	94	O	9.70	T	-		
590	95	O	9.70	C	-		
590	96	O	9.70	A	-		
590	97	O	9.70	T	-		
590	98	O	9.70	A	-		
590	99	O	9.70	A	-		
590	100	O	9.70	G	-		
590	101	O	9.70	G	-		
590	102	O	9.70	A	-		
590	103	O	9.70	T	-		
590	104	O	9.70	G	-		
590	105	O	9.70	A	-		
590	106	O	9.70	G	-		
590	107	O	9.70	A	-		
590	108	O	9.70	T	-		
590	109	O	9.70	T	-		
591	0	O	8.32	C	-		
591	1	O	8.32	G	-		
591	2	O	8.32	T	-		
591	3	O	8.32	A	-		
591	4	O	8.32	T	-		
591	5	O	8.32	G	-		
591	6	O	8.32	A	-		
591	7	O	8.32	A	-		
591	8	O	8.32	A	-		
591	9	O	8.32	C	-		
591	10	O	8.32	G	-		
591	11	O	8.32	T	-		
591	12	O	8.32	G	-		
591	13	O	8.32	T	-		
591	14	O	8.32	C	-		
591	15	O	8.32	T	-		
591	16	O	8.32	G	-		
591	17	O	8.32	T	-		
591	18	O	8.32	C	-		
591	19	O	8.32	T	-		
591	20	O	8.32	G	-		
591	21	O	8.32	G	-		
591	22	O	8.32	A	-		
591	23	O	8.32	C	-		
591	24	O	8.32	C	-		
591	25	O	8.32	T	-		
591	26	O	8.32	C	-		
591	27	O	8.32	A	-		
591	28	O	8.32	C	-		
591	29	O	8.32	C	-		
591	30	O	8.32	A	-		
591	31	O	8.32	T	-		
591	32	O	8.32	T	-		
591	33	O	8.32	G	-		
591	34	O	8.32	C	-		
591	35	O	8.32	C	-		
591	36	O	8.32	G	-		
591	37	O	8.32	T	-		
591	38	O	8.32	C	-		
591	39	O	8.32	C	-		
591	40	O	8.32	T	-		
591	41	O	8.32	C	-		
591	42	O	8.32	T	-		
591	43	O	8.32	T	-		
591	44	O	8.32	T	-		
591	45	O	8.32	G	-		
591	46	O	8.32	A	-		
591	47	O	8.32	C	-		
591	48	O	8.32	T	-		
591	49	O	8.32	T	-		
591	50	O	8.32	T	-		
591	51	O	8.32	C	-		
591	52	O	8.32	C	-		
591	53	O	8.32	A	-		
591	54	O	8.32	T	-		
591	55	O	8.32	T	-		
591	56	O	8.32	T	-		
591	57	O	8.32	A	-		
591	58	O	8.32	C	-		
591	59	O	8.32	C	-		
591	60	O	8.32	A	-		
591	61	O	8.32	T	-		
591	62	O	8.32	C	-		
591	63	O	8.32	C	-		
591	64	O	8.32	G	-		
591	65	O	8.32	C	-		
591	66	O	8.32	T	-		
591	67	O	8.32	G	-		
591	68	O	8.32	A	-		
591	69	O	8.32	C	-		
591	70	O	8.32	C	-		
591	71	O	8.32	A	-		
591	72	O	8.32	C	-		
591	73	O	8.32	A	-		
591	74	O	8.32	A	-		
591	75	O	8.32	T	-		
591	76	O	8.32	T	-		
591	77	O	8.32	C	-		
591	78	O	8.32	A	-		
591	79	O	8.32	A	-		
591	80	O	8.32	A	-		
591	81	O	8.32	T	-		
591	82	O	8.32	T	-		
591	83	O	8.32	C	-		
591	84	O	8.32	T	-		
591	85	O	8.32	T	-		
591	86	O	8.32	G	-		
591	87	O	8.32	G	-		
591	88	O	8.32	C	-		
591	89	O	8.32	C	-		
591	90	O	8.32	G	-		
591	91	O	8.32	C	-		
591	92	O	8.32	T	-		
591	93	O	8.32	G	-		
591	94	O	8.32	A	-		
591	95	O	8.32	T	-		
591	96	O	8.32	T	-		
591	97	O	8.32	G	-		
591	98	O	8.32	C	-		
591	99	O	8.32	C	-		
591	100	O	8.32	C	-		
591	101	O	8.32	C	-		
591	102	O	8.32	A	-		
591	103	O	8.32	G	-		
591	104	O	8.32	A	-		
591	105	O	8.32	T	-		
591	106	O	8.32	G	-		
591	107	O	8.32	A	-		
591	108	O	8.32	C	-		
591	109	O	8.32	T	-		
592	0	O	15.25	T	-		
592	1	O	15.25	C	-		
592	2	O	15.25	C	-		
592	3	O	15.25	T	-		
592	4	O	15.25	T	-		
592	5	O	15.25	G	-		
592	6	O	15.25	T	-		
592	7	O	15.25	C	-		
592	8	O	15.25	A	-		
592	9	O	15.25	G	-		
592	10	O	15.25	A	-		
592	11	O	15.25	T	-		
592	12	O	15.25	T	-		
592	13	O	15.25	C	-		
592	14	O	15.25	G	-		
592	15	O	15.25	T	-		
592	16	O	15.25	C	-		
592	17	O	15.25	A	-		
592	18	O	15.25	T	-		
592	19	O	15.25	C	-		
592	20	O	15.25	G	-		
592	21	O	15.25	A	-		
592	22	O	15.25	A	-		
592	23	O	15.25	A	-		
592	24	O	15.25	T	-		
592	25	O	15.25	G	-		
592	26	O	15.25	A	-		
592	27	O	15.25	A	-		
592	28	O	15.25	G	-		
592	29	O	15.25	G	-		
592	30	O	15.25	C	-		
592	31	O	15.25	T	-		
592	32	O	15.25	C	-		
592	33	O	15.25	G	-		
592	34	O	15.25	T	-		
592	35	O	15.25	C	-		
592	36	O	15.25	T	-		
592	37	O	15.25	G	-		
592	38	O	15.25	C	-		
592	39	O	15.25	A	-		
592	40	O	15.25	G	-		
592	41	O	15.25	G	-		
592	42	O	15.25	A	-		
592	43	O	15.25	G	-		
592	44	O	6.35	A	-		
592	45	O	15.25	T	-		
592	46	O	15.25	C	-		
592	47	O	15.25	A	-		
592	48	O	15.25	A	-		
592	49	O	15.25	C	-		
592	50	O	15.25	G	-		
592	51	O	15.25	A	-		
592	52	O	15.25	G	-		
592	53	O	15.25	C	-		
592	54	O	15.25	A	-		
592	55	O	15.25	C	-		
592	56	O	15.25	T	-		
592	57	O	15.25	C	-		
592	58	O	15.25	G	-		
592	59	O	15.25	T	-		
592	60	O	15.25	A	-		
592	61	O	15.25	C	-		
592	62	O	15.25	A	-		
592	63	O	15.25	A	-		
592	64	O	15.25	T	-		
592	65	O	15.25	T	-		
592	66	O	15.25	G	-		
592	67	O	15.25	T	-		
592	68	O	15.25	T	-		
592	69	O	15.25	T	-		
592	70	O	15.25	C	-		
592	71	O	15.25	A	-		
592	72	O	15.25	A	-		
592	73	O	15.25	G	-		
592	74	O	15.25	T	-		
592	75	O	15.25	T	-		
592	76	O	15.25	G	-		
592	77	O	15.25	C	-		
592	78	O	15.25	G	-		
592	79	O	15.25	C	-		
592	80	O	15.25	G	-		
592	81	O	15.25	T	-		
592	82	O	15.25	C	-		
592	83	O	15.25	G	-		
592	84	O	15.25	G	-		
592	85	O	15.25	C	-		
592	86	O	6.35	A	-		
592	87	O	15.25	T	-		
592	88	O	15.25	C	-		
592	89	O	15.25	A	-		
592	90	O	15.25	A	-		
592	91	O	15.25	C	-		
592	92	O	15.25	G	-		
592	93	O	15.25	T	-		
592	94	O	15.25	T	-		
592	95	O	15.25	G	-		
592	96	O	15.25	G	-		
592	97	O	15.25	C	-		
592	98	O	6.35	C	-		
592	99	O	15.25	C	-		
592	100	O	15.25	G	-		
592	101	O	15.25	G	-		
592	102	O	15.25	T	-		
592	103	O	15.25	G	-		
592	104	O	15.25	A	-		
592	105	O	15.25	C	-		
592	106	O	15.25	G	-		
592	107	O	15.25	G	-		
592	108	O	15.25	C	-		
592	109	O	15.25	G	-		
593	0	O	11.09	G	-		
593	1	O	11.09	C	-		
593	2	O	11.09	G	-		
593	3	O	11.09	C	-		
593	4	O	11.09	G	-		
593	5	O	11.09	G	-		
593	6	O	11.09	A	-		
593	7	O	11.09	T	-		
593	8	O	11.09	G	-		
593	9	O	11.09	G	-		
593	10	O	11.09	C	-		
593	11	O	11.09	G	-		
593	12	O	11.09	A	-		
593	13	O	11.09	G	-		
593	14	O	11.09	A	-		
593	15	O	11.09	T	-		
593	16	O	11.09	T	-		
593	17	O	11.09	G	-		
593	18	O	11.09	G	-		
593	19	O	11.09	A	-		
593	20	O	11.09	G	-		
593	21	O	11.09	A	-		
593	22	O	11.09	C	-		
593	23	O	11.09	C	-		
593	24	O	11.09	A	-		
593	25	O	11.09	T	-		
593	26	O	11.09	G	-		
593	27	O	11.09	G	-		
593	28	O	11.09	C	-		
593	29	O	11.09	A	-		
593	30	O	11.09	A	-		
593	31	O	11.09	G	-		
593	32	O	11.09	G	-		
593	33	O	11.09	C	-		
593	34	O	11.09	A	-		
593	35	O	11.09	A	-		
593	36	O	11.09	T	-		
593	37	O	11.09	C	-		
593	38	O	11.09	G	-		
593	39	O	11.09	G	-		
593	40	O	11.09	C	-		
593	41	O	11.09	T	-		
593	42	O	11.09	G	-		
593	43	O	11.09	G	-		
593	44	O	11.09	A	-		
593	45	O	11.09	C	-		
593	46	O	11.09	G	-		
593	47	O	11.09	C	-		
593	48	O	11.09	T	-		
593	49	O	11.09	G	-		
593	50	O	11.09	A	-		
593	51	O	11.09	C	-		
593	52	O	11.09	C	-		
593	53	O	11.09	G	-		
593	54	O	11.09	G	-		
593	55	O	11.09	C	-		
593	56	O	11.09	A	-		
593	57	O	11.09	T	-		
593	58	O	11.09	C	-		
593	59	O	11.09	A	-		
593	60	O	11.09	T	-		
593	61	O	11.09	G	-		
593	62	O	11.09	A	-		
593	63	O	11.09	A	-		
593	64	O	11.09	C	-		
593	65	O	11.09	T	-		
593	66	O	11.09	C	-		
593	67	O	11.09	G	-		
593	68	O	11.09	C	-		
593	69	O	11.09	C	-		
593	70	O	11.09	C	-		
593	71	O	11.09	T	-		
593	72	O	11.09	C	-		
593	73	O	11.09	G	-		
593	74	O	11.09	A	-		
593	75	O	11.09	C	-		
593	76	O	11.09	C	-		
593	77	O	11.09	A	-		
593	78	O	11.09	A	-		
593	79	O	11.09	C	-		
593	80	O	11.09	C	-		
593	81	O	11.09	T	-		
593	82	O	11.09	C	-		
593	83	O	11.09	G	-		
593	84	O	11.09	C	-		
593	85	O	11.09	T	-		
593	86	O	11.09	T	-		
593	87	O	11.09	G	-		
593	88	O	11.09	G	-		
593	89	O	11.09	C	-		
593	90	O	11.09	A	-		
593	91	O	11.09	C	-		
593	92	O	11.09	T	-		
593	93	O	11.09	A	-		
593	94	O	11.09	T	-		
593	95	O	11.09	C	-		
593	96	O	11.09	C	-		
593	97	O	11.09	C	-		
593	98	O	11.09	C	-		
593	99	O	11.09	G	-		
593	100	O	11.09	T	-		
593	101	O	11.09	G	-		
593	102	O	11.09	A	-		
593	103	O	11.09	T	-		
593	104	O	11.09	C	-		
593	105	O	11.09	C	-		
593	106	O	11.09	A	-		
593	107	O	11.09	A	-		
593	108	O	11.09	A	-		
593	109	O	11.09	T	-		
594	0	O	9.70	T	-		
594	1	O	9.70	G	-		
594	2	O	9.70	A	-		
594	3	O	9.70	A	-		
594	4	O	9.70	G	-		
594	5	O	9.70	G	-		
594	6	O	9.70	G	-		
594	7	O	9.70	C	-		
594	8	O	9.70	G	-		
594	9	O	9.70	A	-		
594	10	O	9.70	C	-		
594	11	O	9.70	T	-		
594	12	O	9.70	T	-		
594	13	O	9.70	G	-		
594	14	O	9.70	G	-		
594	15	O	9.70	C	-		
594	16	O	9.70	C	-		
594	17	O	9.70	A	-		
594	18	O	9.70	A	-		
594	19	O	9.70	G	-		
594	20	O	9.70	G	-		
594	21	O	9.70	T	-		
594	22	O	9.70	G	-		
594	23	O	9.70	G	-		
594	24	O	9.70	T	-		
594	25	O	9.70	G	-		
594	26	O	9.70	C	-		
594	27	O	9.70	T	-		
594	28	O	9.70	G	-		
594	29	O	9.70	A	-		
594	30	O	9.70	C	-		
594	31	O	9.70	G	-		
594	32	O	9.70	T	-		
594	33	O	9.70	C	-		
594	34	O	9.70	G	-		
594	35	O	9.70	C	-		
594	36	O	9.70	C	-		
594	37	O	9.70	C	-		
594	38	O	9.70	G	-		
594	39	O	9.70	T	-		
594	40	O	9.70	G	-		
594	41	O	9.70	T	-		
594	42	O	9.70	G	-		
594	43	O	9.70	C	-		
594	44	O	9.70	A	-		
594	45	O	9.70	C	-		
594	46	O	9.70	C	-		
594	47	O	9.70	A	-		
594	48	O	9.70	G	-		
594	49	O	9.70	C	-		
594	50	O	9.70	G	-		
594	51	O	9.70	A	-		
594	52	O	9.70	G	-		
594	53	O	9.70	G	-		
594	54	O	9.70	G	-		
594	55	O	9.70	C	-		
594	56	O	9.70	G	-		
594	57	O	9.70	A	-		
594	58	O	9.70	G	-		
594	59	O	9.70	A	-		
594	60	O	9.70	A	-		
594	61	O	9.70	G	-		
594	62	O	9.70	C	-		
594	63	O	9.70	T	-		
594	64	O	9.70	G	-		
594	65	O	9.70	G	-		
594	66	O	9.70	C	-		
594	67	O	9.70	C	-		
594	68	O	9.70	C	-		
594	69	O	9.70	T	-		
594	70	O	9.70	G	-		
594	71	O	9.70	T	-		
594	72	O	9.70	C	-		
594	73	O	9.70	G	-		
594	74	O	9.70	C	-		
594	75	O	9.70	G	-		
594	76	O	9.70	C	-		
594	77	O	9.70	C	-		
594	78	O	9.70	G	-		
594	79	O	9.70	C	-		
594	80	O	9.70	G	-		
594	81	O	9.70	T	-		
594	82	O	9.70	G	-		
594	83	O	9.70	G	-		
594	84	O	9.70	A	-		
594	85	O	9.70	C	-		
594	86	O	9.70	A	-		
594	87	O	9.70	A	-		
594	88	O	9.70	G	-		
594	89	O	9.70	C	-		
594	90	O	9.70	A	-		
594	91	O	9.70	C	-		
594	92	O	9.70	T	-		
594	93	O	9.70	G	-		
594	94	O	9.70	G	-		
594	95	O	9.70	C	-		
594	96	O	9.70	G	-		
594	97	O	9.70	C	-		
594	98	O	9.70	C	-		
594	99	O	9.70	T	-		
594	100	O	9.70	C	-		
594	101	O	9.70	A	-		
594	102	O	9.70	T	-		
594	103	O	9.70	C	-		
594	104	O	9.70	G	-		
594	105	O	9.70	G	-		
594	106	O	9.70	C	-		
594	107	O	9.70	T	-		
594	108	O	9.70	G	-		
594	109	O	9.70	G	-		
595	0	O	16.64	T	-		
595	1	O	16.64	G	-		
595	2	O	16.64	A	-		
595	3	O	16.64	G	-		
595	4	O	16.64	T	-		
595	5	O	16.64	A	-		
595	6	O	16.64	C	-		
595	7	O	16.64	T	-		
595	8	O	16.64	G	-		
595	9	O	16.64	A	-		
595	10	O	16.64	T	-		
595	11	O	16.64	T	-		
595	12	O	16.64	G	-		
595	13	O	16.64	A	-		
595	14	O	16.64	A	-		
595	15	O	16.64	G	-		
595	16	O	16.64	C	-		
595	17	O	16.64	T	-		
595	18	O	16.64	T	-		
595	19	O	16.64	A	-		
595	20	O	16.64	A	-		
595	21	O	16.64	G	-		
595	22	O	16.64	A	-		
595	23	O	16.64	T	-		
595	24	O	16.64	A	-		
595	25	O	16.64	G	-		
595	26	O	16.64	G	-		
595	27	O	16.64	G	-		
595	28	O	16.64	A	-		
595	29	O	16.64	C	-		
595	30	O	16.64	G	-		
595	31	O	16.64	T	-		
595	32	O	16.64	A	-		
595	33	O	16.64	A	-		
595	34	O	16.64	C	-		
595	35	O	16.64	T	-		
595	36	O	16.64	C	-		
595	37	O	16.64	A	-		
595	38	O	16.64	C	-		
595	39	O	16.64	C	-		
595	40	O	16.64	T	-		
595	41	O	16.64	C	-		
595	42	O	16.64	A	-		
595	43	O	16.64	G	-		
595	44	O	16.64	A	-		
595	45	O	16.64	T	-		
595	46	O	16.64	T	-		
595	47	O	16.64	G	-		
595	48	O	16.64	A	-		
595	49	O	16.64	A	-		
595	50	O	16.64	G	-		
595	51	O	16.64	A	-		
595	52	O	16.64	T	-		
595	53	O	16.64	T	-		
595	54	O	16.64	T	-		
595	55	O	16.64	C	-		
595	56	O	16.64	A	-		
595	57	O	16.64	G	-		
595	58	O	16.64	A	-		
595	59	O	16.64	A	-		
595	60	O	16.64	G	-		
595	61	O	16.64	T	-		
595	62	O	16.64	C	-		
595	63	O	16.64	C	-		
595	64	O	16.64	G	-		
595	65	O	16.64	T	-		
595	66	O	16.64	C	-		
595	67	O	16.64	G	-		
595	68	O	16.64	G	-		
595	69	O	16.64	T	-		
595	70	O	16.64	T	-		
595	71	O	16.64	G	-		
595	72	O	16.64	C	-		
595	73	O	16.64	T	-		
595	74	O	16.64	C	-		
595	75	O	16.64	C	-		
595	76	O	16.64	G	-		
595	77	O	16.64	T	-		
595	78	O	16.64	C	-		
595	79	O	16.64	C	-		
595	80	O	16.64	A	-		
595	81	O	16.64	T	-		
595	82	O	16.64	C	-		
595	83	O	16.64	T	-		
595	84	O	16.64	T	-		
595	85	O	16.64	A	-		
595	86	O	16.64	A	-		
595	87	O	16.64	G	-		
595	88	O	16.64	T	-		
595	89	O	16.64	T	-		
595	90	O	16.64	C	-		
595	91	O	16.64	A	-		
595	92	O	16.64	A	-		
595	93	O	16.64	C	-		
595	94	O	16.64	T	-		
595	95	O	16.64	T	-		
595	96	O	16.64	C	-		
595	97	O	16.64	C	-		
595	98	O	16.64	A	-		
595	99	O	16.64	C	-		
595	100	O	16.64	G	-		
595	101	O	16.64	G	-		
595	102	O	16.64	A	-		
595	103	O	16.64	A	-		
595	104	O	16.64	T	-		
595	105	O	16.64	C	-		
595	106	O	16.64	T	-		
595	107	O	16.64	G	-		
595	108	O	16.64	G	-		
595	109	O	16.64	C	-		
596	0	O	8.32	A	-		
596	1	O	8.32	A	-		
596	2	O	8.32	C	-		
596	3	O	8.32	T	-		
596	4	O	8.32	G	-		
596	5	O	8.32	A	-		
596	6	O	8.32	C	-		
596	7	O	8.32	A	-		
596	8	O	8.32	A	-		
596	9	O	8.32	T	-		
596	10	O	8.32	A	-		
596	11	O	8.32	A	-		
596	12	O	8.32	C	-		
596	13	O	8.32	G	-		
596	14	O	8.32	T	-		
596	15	O	8.32	T	-		
596	16	O	8.32	G	-		
596	17	O	8.32	C	-		
596	18	O	8.32	G	-		
596	19	O	8.32	T	-		
596	20	O	8.32	T	-		
596	21	O	8.32	G	-		
596	22	O	8.32	C	-		
596	23	O	8.32	C	-		
596	24	O	8.32	T	-		
596	25	O	8.32	G	-		
596	26	O	8.32	A	-		
596	27	O	8.32	A	-		
596	28	O	8.32	T	-		
596	29	O	8.32	T	-		
596	30	O	8.32	T	-		
596	31	O	8.32	G	-		
596	32	O	8.32	T	-		
596	33	O	8.32	T	-		
596	34	O	8.32	T	-		
596	35	O	8.32	A	-		
596	36	O	8.32	C	-		
596	37	O	8.32	C	-		
596	38	O	8.32	A	-		
596	39	O	8.32	T	-		
596	40	O	8.32	T	-		
596	41	O	8.32	T	-		
596	42	O	8.32	G	-		
596	43	O	8.32	A	-		
596	44	O	8.32	T	-		
596	45	O	8.32	G	-		
596	46	O	8.32	T	-		
596	47	O	8.32	G	-		
596	48	O	8.32	T	-		
596	49	O	8.32	C	-		
596	50	O	8.32	A	-		
596	51	O	8.32	C	-		
596	52	O	8.32	T	-		
596	53	O	8.32	A	-		
596	54	O	8.32	T	-		
596	55	O	8.32	T	-		
596	56	O	8.32	A	-		
596	57	O	8.32	C	-		
596	58	O	8.32	A	-		
596	59	O	8.32	T	-		
596	60	O	8.32	T	-		
596	61	O	8.32	A	-		
596	62	O	8.32	G	-		
596	63	O	8.32	T	-		
596	64	O	8.32	A	-		
596	65	O	8.32	A	-		
596	66	O	8.32	G	-		
596	67	O	8.32	A	-		
596	68	O	8.32	G	-		
596	69	O	8.32	A	-		
596	70	O	8.32	C	-		
596	71	O	8.32	G	-		
596	72	O	8.32	C	-		
596	73	O	8.32	A	-		
596	74	O	8.32	A	-		
596	75	O	8.32	A	-		
596	76	O	8.32	C	-		
596	77	O	8.32	G	-		
596	78	O	8.32	A	-		
596	79	O	8.32	G	-		
596	80	O	8.32	G	-		
596	81	O	8.32	C	-		
596	82	O	8.32	G	-		
596	83	O	8.32	G	-		
596	84	O	8.32	T	-		
596	85	O	8.32	G	-		
596	86	O	8.32	C	-		
596	87	O	8.32	A	-		
596	88	O	8.32	A	-		
596	89	O	8.32	T	-		
596	90	O	8.32	A	-		
596	91	O	8.32	A	-		
596	92	O	8.32	A	-		
596	93	O	8.32	C	-		
596	94	O	8.32	T	-		
596	95	O	8.32	A	-		
596	96	O	8.32	A	-		
596	97	O	8.32	T	-		
596	98	O	8.32	G	-		
596	99	O	8.32	C	-		
596	100	O	8.32	A	-		
596	101	O	8.32	G	-		
596	102	O	8.32	T	-		
596	103	O	8.32	G	-		
596	104	O	8.32	G	-		
596	105	O	8.32	T	-		
596	106	O	8.32	G	-		
596	107	O	8.32	A	-		
596	108	O	8.32	C	-		
596	109	O	8.32	A	-		
597	0	O	16.64	G	-		
597	1	O	16.64	T	-		
597	2	O	16.64	C	-		
597	3	O	16.64	G	-		
597	4	O	16.64	A	-		
597	5	O	16.64	T	-		
597	6	O	16.64	C	-		
597	7	O	16.64	G	-		
597	8	O	16.64	A	-		
597	9	O	16.64	C	-		
597	10	O	16.64	G	-		
597	11	O	16.64	T	-		
597	12	O	16.64	C	-		
597	13	O	16.64	G	-		
597	14	O	16.64	G	-		
597	15	O	16.64	C	-		
597	16	O	16.64	C	-		
597	17	O	16.64	A	-		
597	18	O	16.64	C	-		
597	19	O	16.64	C	-		
597	20	O	16.64	C	-		
597	21	O	16.64	A	-		
597	22	O	16.64	G	-		
597	23	O	16.64	C	-		
597	24	O	16.64	A	-		
597	25	O	16.64	G	-		
597	26	O	16.64	G	-		
597	27	O	16.64	T	-		
597	28	O	16.64	G	-		
597	29	O	16.64	C	-		
597	30	O	16.64	T	-		
597	31	O	16.64	C	-		
597	32	O	16.64	G	-		
597	33	O	16.64	A	-		
597	34	O	16.64	G	-		
597	35	O	16.64	T	-		
597	36	O	16.64	A	-		
597	37	O	16.64	C	-		
597	38	O	16.64	G	-		
597	39	O	16.64	C	-		
597	40	O	16.64	C	-		
597	41	O	16.64	G	-		
597	42	O	16.64	T	-		
597	43	O	16.64	G	-		
597	44	O	16.64	G	-		
597	45	O	16.64	G	-		
597	46	O	16.64	C	-		
597	47	O	16.64	C	-		
597	48	O	16.64	A	-		
597	49	O	16.64	C	-		
597	50	O	16.64	C	-		
597	51	O	16.64	T	-		
597	52	O	16.64	G	-		
597	53	O	16.64	C	-		
597	54	O	16.64	A	-		
597	55	O	16.64	C	-		
597	56	O	16.64	G	-		
597	57	O	16.64	G	-		
597	58	O	16.64	G	-		
597	59	O	16.64	C	-		
597	60	O	16.64	G	-		
597	61	O	16.64	G	-		
597	62	O	16.64	C	-		
597	63	O	16.64	G	-		
597	64	O	16.64	C	-		
597	65	O	16.64	A	-		
597	66	O	16.64	T	-		
597	67	O	16.64	C	-		
597	68	O	16.64	G	-		
597	69	O	16.64	A	-		
597	70	O	16.64	T	-		
597	71	O	16.64	T	-		
597	72	O	16.64	C	-		
597	73	O	16.64	C	-		
597	74	O	16.64	G	-		
597	75	O	16.64	T	-		
597	76	O	16.64	G	-		
597	77	O	16.64	G	-		
597	78	O	16.64	T	-		
597	79	O	16.64	C	-		
597	80	O	16.64	G	-		
597	81	O	16.64	A	-		
597	82	O	16.64	C	-		
597	83	O	16.64	G	-		
597	84	O	16.64	A	-		
597	85	O	16.64	C	-		
597	86	O	16.64	C	-		
597	87	O	16.64	T	-		
597	88	O	16.64	G	-		
597	89	O	16.64	T	-		
597	90	O	16.64	G	-		
597	91	O	16.64	C	-		
597	92	O	16.64	G	-		
597	93	O	16.64	G	-		
597	94	O	16.64	C	-		
597	95	O	16.64	C	-		
597	96	O	16.64	T	-		
597	97	O	16.64	C	-		
597	98	O	16.64	G	-		
597	99	O	16.64	C	-		
597	100	O	16.64	G	-		
597	101	O	16.64	G	-		
597	102	O	16.64	C	-		
597	103	O	16.64	C	-		
597	104	O	16.64	A	-		
597	105	O	16.64	A	-		
597	106	O	16.64	G	-		
597	107	O	16.64	C	-		
597	108	O	16.64	A	-		
597	109	O	16.64	G	-		
598	0	O	11.09	T	-		
598	1	O	11.09	C	-		
598	2	O	11.09	C	-		
598	3	O	11.09	T	-		
598	4	O	11.09	G	-		
598	5	O	11.09	C	-		
598	6	O	11.09	A	-		
598	7	O	11.09	G	-		
598	8	O	11.09	C	-		
598	9	O	11.09	G	-		
598	10	O	11.09	C	-		
598	11	O	11.09	C	-		
598	12	O	11.09	T	-		
598	13	O	11.09	G	-		
598	14	O	11.09	T	-		
598	15	O	11.09	C	-		
598	16	O	11.09	G	-		
598	17	O	11.09	G	-		
598	18	O	11.09	T	-		
598	19	O	11.09	C	-		
598	20	O	11.09	A	-		
598	21	O	11.09	G	-		
598	22	O	11.09	G	-		
598	23	O	11.09	C	-		
598	24	O	11.09	T	-		
598	25	O	11.09	T	-		
598	26	O	11.09	G	-		
598	27	O	11.09	T	-		
598	28	O	11.09	T	-		
598	29	O	11.09	T	-		
598	30	O	11.09	G	-		
598	31	O	11.09	G	-		
598	32	O	11.09	T	-		
598	33	O	11.09	T	-		
598	34	O	11.09	C	-		
598	35	O	11.09	G	-		
598	36	O	11.09	T	-		
598	37	O	11.09	T	-		
598	38	O	11.09	T	-		
598	39	O	11.09	T	-		
598	40	O	11.09	G	-		
598	41	O	11.09	C	-		
598	42	O	11.09	T	-		
598	43	O	11.09	A	-		
598	44	O	11.09	C	-		
598	45	O	11.09	T	-		
598	46	O	11.09	T	-		
598	47	O	11.09	C	-		
598	48	O	11.09	T	-		
598	49	O	11.09	G	-		
598	50	O	11.09	G	-		
598	51	O	11.09	A	-		
598	52	O	11.09	C	-		
598	53	O	11.09	A	-		
598	54	O	11.09	G	-		
598	55	O	11.09	G	-		
598	56	O	11.09	T	-		
598	57	O	11.09	C	-		
598	58	O	11.09	G	-		
598	59	O	11.09	G	-		
598	60	O	11.09	G	-		
598	61	O	11.09	T	-		
598	62	O	11.09	G	-		
598	63	O	11.09	G	-		
598	64	O	11.09	C	-		
598	65	O	11.09	G	-		
598	66	O	11.09	G	-		
598	67	O	11.09	T	-		
598	68	O	11.09	G	-		
598	69	O	11.09	G	-		
598	70	O	11.09	C	-		
598	71	O	11.09	C	-		
598	72	O	11.09	A	-		
598	73	O	11.09	G	-		
598	74	O	11.09	C	-		
598	75	O	11.09	A	-		
598	76	O	11.09	G	-		
598	77	O	11.09	C	-		
598	78	O	11.09	G	-		
598	79	O	11.09	C	-		
598	80	O	11.09	T	-		
598	81	O	11.09	A	-		
598	82	O	11.09	G	-		
598	83	O	11.09	A	-		
598	84	O	11.09	C	-		
598	85	O	11.09	A	-		
598	86	O	11.09	C	-		
598	87	O	11.09	A	-		
598	88	O	11.09	A	-		
598	89	O	11.09	A	-		
598	90	O	11.09	A	-		
598	91	O	11.09	C	-		
598	92	O	11.09	T	-		
598	93	O	11.09	G	-		
598	94	O	11.09	C	-		
598	95	O	11.09	G	-		
598	96	O	11.09	A	-		
598	97	O	11.09	G	-		
598	98	O	11.09	T	-		
598	99	O	11.09	G	-		
598	100	O	11.09	T	-		
598	101	O	11.09	C	-		
598	102	O	11.09	A	-		
598	103	O	11.09	C	-		
598	104	O	11.09	G	-		
598	105	O	11.09	G	-		
598	106	O	11.09	T	-		
598	107	O	11.09	C	-		
598	108	O	11.09	G	-		
598	109	O	11.09	T	-		
599	0	O	8.32	G	-		
599	1	O	8.32	A	-		
599	2	O	8.32	A	-		
599	3	O	8.32	T	-		
599	4	O	8.32	G	-		
599	5	O	8.32	G	-		
599	6	O	8.32	A	-		
599	7	O	8.32	A	-		
599	8	O	8.32	G	-		
599	9	O	8.32	C	-		
599	10	O	8.32	T	-		
599	11	O	8.32	T	-		
599	12	O	8.32	T	-		
599	13	O	8.32	G	-		
599	14	O	8.32	T	-		
599	15	O	8.32	G	-		
599	16	O	8.32	A	-		
599	17	O	8.32	A	-		
599	18	O	8.32	A	-		
599	19	O	8.32	C	-		
599	20	O	8.32	A	-		
599	21	O	8.32	T	-		
599	22	O	8.32	T	-		
599	23	O	8.32	T	-		
599	24	O	8.32	C	-		
599	25	O	8.32	C	-		
599	26	O	8.32	A	-		
599	27	O	8.32	A	-		
599	28	O	8.32	C	-		
599	29	O	8.32	T	-		
599	30	O	8.32	G	-		
599	31	O	8.32	G	-		
599	32	O	8.32	A	-		
599	33	O	8.32	A	-		
599	34	O	8.32	T	-		
599	35	O	8.32	C	-		
599	36	O	8.32	A	-		
599	37	O	8.32	A	-		
599	38	O	8.32	C	-		
599	39	O	8.32	T	-		
599	40	O	8.32	C	-		
599	41	O	8.32	A	-		
599	42	O	8.32	A	-		
599	43	O	8.32	A	-		
599	44	O	8.32	C	-		
599	45	O	8.32	T	-		
599	46	O	8.32	T	-		
599	47	O	8.32	T	-		
599	48	O	8.32	G	-		
599	49	O	8.32	C	-		
599	50	O	8.32	C	-		
599	51	O	8.32	A	-		
599	52	O	8.32	G	-		
599	53	O	8.32	A	-		
599	54	O	8.32	T	-		
599	55	O	8.32	T	-		
599	56	O	8.32	C	-		
599	57	O	8.32	A	-		
599	58	O	8.32	C	-		
599	59	O	8.32	C	-		
599	60	O	8.32	T	-		
599	61	O	8.32	T	-		
599	62	O	8.32	C	-		
599	63	O	8.32	A	-		
599	64	O	8.32	A	-		
599	65	O	8.32	A	-		
599	66	O	8.32	C	-		
599	67	O	8.32	C	-		
599	68	O	8.32	T	-		
599	69	O	8.32	G	-		
599	70	O	8.32	A	-		
599	71	O	8.32	A	-		
599	72	O	8.32	A	-		
599	73	O	8.32	C	-		
599	74	O	8.32	C	-		
599	75	O	8.32	A	-		
599	76	O	8.32	C	-		
599	77	O	8.32	C	-		
599	78	O	8.32	T	-		
599	79	O	8.32	C	-		
599	80	O	8.32	A	-		
599	81	O	8.32	A	-		
599	82	O	8.32	A	-		
599	83	O	8.32	G	-		
599	84	O	8.32	G	-		
599	85	O	8.32	A	-		
599	86	O	8.32	C	-		
599	87	O	8.32	A	-		
599	88	O	8.32	A	-		
599	89	O	8.32	C	-		
599	90	O	8.32	A	-		
599	91	O	8.32	A	-		
599	92	O	8.32	A	-		
599	93	O	8.32	C	-		
599	94	O	8.32	A	-		
599	95	O	8.32	C	-		
599	96	O	8.32	A	-		
599	97	O	8.32	A	-		
599	98	O	8.32	G	-		
599	99	O	8.32	A	-		
599	100	O	8.32	G	-		
599	101	O	8.32	G	-		
599	102	O	8.32	T	-		
599	103	O	8.32	G	-		
599	104	O	8.32	G	-		
599	105	O	8.32	C	-		
599	106	O	8.32	C	-		
599	107	O	8.32	A	-		
599	108	O	8.32	A	-		
599	109	O	8.32	A	-		
600	0	O	6.93	T	-		
600	1	O	6.93	G	-		
600	2	O	6.93	C	-		
600	3	O	6.93	G	-		
600	4	O	6.93	A	-		
600	5	O	6.93	C	-		
600	6	O	6.93	C	-		
600	7	O	6.93	C	-		
600	8	O	6.93	C	-		
600	9	O	6.93	A	-		
600	10	O	6.93	C	-		
600	11	O	6.93	G	-		
600	12	O	6.93	A	-		
600	13	O	6.93	C	-		
600	14	O	6.93	C	-		
600	15	O	6.93	T	-		
600	16	O	6.93	C	-		
600	17	O	6.93	A	-		
600	18	O	6.93	A	-		
600	19	O	6.93	T	-		
600	20	O	6.93	G	-		
600	21	O	6.93	T	-		
600	22	O	6.93	C	-		
600	23	O	6.93	G	-		
600	24	O	6.93	A	-		
600	25	O	6.93	C	-		
600	26	O	6.93	C	-		
600	27	O	6.93	A	-		
600	28	O	6.93	C	-		
600	29	O	6.93	C	-		
600	30	O	6.93	C	-		
600	31	O	6.93	C	-		
600	32	O	6.93	G	-		
600	33	O	6.93	C	-		
600	34	O	6.93	C	-		
600	35	O	6.93	A	-		
600	36	O	6.93	G	-		
600	37	O	6.93	C	-		
600	38	O	6.93	G	-		
600	39	O	6.93	C	-		
600	40	O	6.93	C	-		
600	41	O	6.93	G	-		
600	42	O	6.93	T	-		
600	43	O	6.93	G	-		
600	44	O	6.93	C	-		
600	45	O	6.93	C	-		
600	46	O	6.93	C	-		
600	47	O	6.93	C	-		
600	48	O	6.93	T	-		
600	49	O	6.93	C	-		
600	50	O	6.93	G	-		
600	51	O	6.93	C	-		
600	52	O	6.93	G	-		
600	53	O	6.93	G	-		
600	54	O	6.93	G	-		
600	55	O	6.93	T	-		
600	56	O	6.93	T	-		
600	57	O	6.93	G	-		
600	58	O	6.93	G	-		
600	59	O	6.93	A	-		
600	60	O	6.93	C	-		
600	61	O	6.93	A	-		
600	62	O	6.93	C	-		
600	63	O	6.93	G	-		
600	64	O	6.93	T	-		
600	65	O	6.93	C	-		
600	66	O	6.93	A	-		
600	67	O	6.93	A	-		
600	68	O	6.93	T	-		
600	69	O	6.93	C	-		
600	70	O	6.93	A	-		
600	71	O	6.93	G	-		
600	72	O	6.93	G	-		
600	73	O	6.93	G	-		
600	74	O	6.93	A	-		
600	75	O	6.93	C	-		
600	76	O	6.93	G	-		
600	77	O	6.93	A	-		
600	78	O	6.93	C	-		
600	79	O	6.93	A	-		
600	80	O	6.93	G	-		
600	81	O	6.93	C	-		
600	82	O	6.93	G	-		
600	83	O	6.93	A	-		
600	84	O	6.93	C	-		
600	85	O	6.93	C	-		
600	86	O	6.93	T	-		
600	87	O	6.93	A	-		
600	88	O	6.93	T	-		
600	89	O	6.93	C	-		
600	90	O	6.93	A	-		
600	91	O	6.93	G	-		
600	92	O	6.93	C	-		
600	93	O	6.93	A	-		
600	94	O	6.93	C	-		
600	95	O	6.93	G	-		
600	96	O	6.93	C	-		
600	97	O	6.93	C	-		
600	98	O	6.93	C	-		
600	99	O	6.93	A	-		
600	100	O	6.93	C	-		
600	101	O	6.93	A	-		
600	102	O	6.93	T	-		
600	103	O	6.93	G	-		
600	104	O	6.93	T	-		
600	105	O	6.93	G	-		
600	106	O	6.93	C	-		
600	107	O	6.93	C	-		
600	108	O	6.93	T	-		
600	109	O	6.93	G	-		
601	0	U	-2.30	A	G		
601	1	O	11.09	A	-		
601	2	O	11.09	A	-		
601	3	O	11.09	T	-		
601	4	O	11.09	A	-		
601	5	O	11.09	T	-		
601	6	O	11.09	A	-		
601	7	O	11.09	T	-		
601	8	O	11.09	T	-		
601	9	O	11.09	T	-		
601	10	O	11.09	C	-		
601	11	O	11.09	T	-		
601	12	O	11.09	C	-		
601	13	O	11.09	G	-		
601	14	O	11.09	T	-		
601	15	O	11.09	C	-		
601	16	O	11.09	G	-		
601	17	O	11.09	A	-		
601	18	O	11.09	C	-		
601	19	O	11.09	C	-		
601	20	O	11.09	A	-		
601	21	O	11.09	C	-		
601	22	O	11.09	G	-		
601	23	O	11.09	A	-		
601	24	O	11.09	T	-		
601	25	O	11.09	A	-		
601	26	O	11.09	T	-		
601	27	O	11.09	C	-		
601	28	U	0.00	-	-		
601	29	U	0.00	-	-		
601	30	U	0.00	-	-		
601	31	U	0.00	-	-		
601	32	U	0.00	-	-		
601	33	U	0.00	-	-		
601	34	U	0.00	-	-		
601	35	U	0.00	-	-		
601	36	U	0.00	-	-		
601	37	U	0.00	-	-		
601	38	U	0.00	-	-		
601	39	O	11.09	A	-		
601	40	O	11.09	C	-		
601	41	O	11.09	G	-		
601	42	O	11.09	C	-		
601	43	O	11.09	T	-		
601	44	O	11.09	G	-		
601	45	O	11.09	C	-		
601	46	O	11.09	T	-		
601	47	O	11.09	T	-		
601	48	O	11.09	G	-		
601	49	O	11.09	G	-		
601	50	O	11.09	C	-		
601	51	O	11.09	G	-		
601	52	O	11.09	T	-		
601	53	O	11.09	T	-		
601	54	O	11.09	A	-		
601	55	O	11.09	G	-		
601	56	O	11.09	C	-		
601	57	O	11.09	A	-		
601	58	O	11.09	T	-		
601	59	O	11.09	G	-		
601	60	O	11.09	G	-		
601	61	O	11.09	C	-		
601	62	O	11.09	T	-		
601	63	O	11.09	T	-		
601	64	O	11.09	G	-		
601	65	O	11.09	T	-		
601	66	O	11.09	C	-		
601	67	O	11.09	T	-		
601	68	O	11.09	G	-		
601	69	O	11.09	A	-		
601	70	O	11.09	T	-		
601	71	O	11.09	G	-		
601	72	O	11.09	T	-		
601	73	O	11.09	A	-		
601	74	U	2.86	A	C		
601	75	O	11.09	A	-		
601	76	O	11.09	G	-		
601	77	O	11.09	C	-		
601	78	O	11.09	G	-		
601	79	O	11.09	A	-		
601	80	O	11.09	A	-		
601	81	O	11.09	T	-		
601	82	O	11.09	G	-		
601	83	O	11.09	A	-		
601	84	O	11.09	C	-		
601	85	U	2.86	A	C		
601	86	O	11.09	A	-		
601	87	O	11.09	G	-		
601	88	O	11.09	A	-		
601	89	O	11.09	T	-		
601	90	O	11.09	C	-		
601	91	O	11.09	A	-		
601	92	O	11.09	G	-		
601	93	O	11.09	C	-		
601	94	O	11.09	G	-		
601	95	O	11.09	G	-		
601	96	O	11.09	C	-		
601	97	O	11.09	A	-		
601	98	O	11.09	C	-		
601	99	O	11.09	T	-		
601	100	O	11.09	C	-		
601	101	O	11.09	G	-		
601	102	O	11.09	A	-		
601	103	O	11.09	A	-		
601	104	O	11.09	G	-		
601	105	O	11.09	T	-		
601	106	O	11.09	C	-		
601	107	O	11.09	G	-		
601	108	O	11.09	G	-		
601	109	U	0.00	-	-		
601	110	U	0.00	-	-		
601	111	U	0.00	-	-		
601	112	U	0.00	-	-		
601	113	U	0.00	-	-		
601	114	U	0.00	-	-		
601	115	U	0.00	-	-		
601	116	U	0.00	-	-		
601	117	U	0.00	-	-		
601	118	U	0.00	-	-		
601	119	U	0.00	-	-		
601	120	O	11.09	A	-		
602	0	O	8.32	G	-		
602	1	O	8.32	C	-		
602	2	O	8.32	G	-		
602	3	O	8.32	T	-		
602	4	O	8.32	G	-		
602	5	O	8.32	C	-		
602	6	O	8.32	A	-		
602	7	O	8.32	A	-		
602	8	O	8.32	G	-		
602	9	O	8.32	T	-		
602	10	O	8.32	T	-		
602	11	O	8.32	G	-		
602	12	O	8.32	G	-		
602	13	O	8.32	A	-		
602	14	O	8.32	A	-		
602	15	O	8.32	A	-		
602	16	O	8.32	T	-		
602	17	O	8.32	T	-		
602	18	O	8.32	T	-		
602	19	O	8.32	T	-		
602	20	O	8.32	G	-		
602	21	O	8.32	A	-		
602	22	O	8.32	T	-		
602	23	O	8.32	A	-		
602	24	O	8.32	C	-		
602	25	O	8.32	A	-		
602	26	O	8.32	T	-		
602	27	O	8.32	T	-		
602	28	O	8.32	C	-		
602	29	O	8.32	A	-		
602	30	O	8.32	T	-		
602	31	O	8.32	G	-		
602	32	O	8.32	C	-		
602	33	O	8.32	C	-		
602	34	O	8.32	G	-		
602	35	O	8.32	G	-		
602	36	O	8.32	A	-		
602	37	O	8.32	T	-		
602	38	O	8.32	T	-		
602	39	O	8.32	G	-		
602	40	O	8.32	G	-		
602	41	O	8.32	A	-		
602	42	O	8.32	G	-		
602	43	O	8.32	T	-		
602	44	O	8.32	T	-		
602	45	O	8.32	C	-		
602	46	O	8.32	G	-		
602	47	O	8.32	C	-		
602	48	O	8.32	G	-		
602	49	O	8.32	G	-		
602	50	O	8.32	C	-		
602	51	O	8.32	G	-		
602	52	O	8.32	G	-		
602	53	O	8.32	A	-		
602	54	O	8.32	G	-		
602	55	O	8.32	G	-		
602	56	O	8.32	G	-		
602	57	O	8.32	G	-		
602	58	O	8.32	G	-		
602	59	O	8.32	A	-		
602	60	O	8.32	G	-		
602	61	O	8.32	G	-		
602	62	O	8.32	A	-		
602	63	O	8.32	G	-		
602	64	O	8.32	G	-		
602	65	O	8.32	A	-		
602	66	O	8.32	G	-		
602	67	O	8.32	A	-		
602	68	O	8.32	G	-		
602	69	O	8.32	G	-		
602	70	O	8.32	C	-		
602	71	O	8.32	A	-		
602	72	O	8.32	G	-		
602	73	O	8.32	C	-		
602	74	O	8.32	C	-		
602	75	O	8.32	G	-		
602	76	O	8.32	A	-		
602	77	O	8.32	C	-		
602	78	O	8.32	T	-		
602	79	O	8.32	G	-		
602	80	O	8.32	A	-		
602	81	O	8.32	G	-		
602	82	O	8.32	C	-		
602	83	O	8.32	G	-		
602	84	O	8.32	C	-		
602	85	O	8.32	C	-		
602	86	O	8.32	G	-		
602	87	O	8.32	A	-		
602	88	O	8.32	C	-		
602	89	O	8.32	G	-		
602	90	O	8.32	G	-		
602	91	O	8.32	A	-		
602	92	O	8.32	T	-		
602	93	O	8.32	T	-		
602	94	O	8.32	A	-		
602	95	O	8.32	C	-		
602	96	O	8.32	C	-		
602	97	O	8.32	T	-		
602	98	O	8.32	G	-		
602	99	O	8.32	A	-		
602	100	O	8.32	C	-		
602	101	O	8.32	G	-		
602	102	O	8.32	A	-		
602	103	O	8.32	A	-		
602	104	O	8.32	C	-		
602	105	O	8.32	A	-		
602	106	O	8.32	G	-		
602	107	O	8.32	T	-		
602	108	O	8.32	T	-		
602	109	O	8.32	T	-		
603	0	O	5.55	T	-		
603	1	O	5.55	C	-		
603	2	O	5.55	T	-		
603	3	O	5.55	A	-		
603	4	O	5.55	T	-		
603	5	O	5.55	G	-		
603	6	O	5.55	T	-		
603	7	O	5.55	C	-		
603	8	O	5.55	G	-		
603	9	O	5.55	T	-		
603	10	O	5.55	T	-		
603	11	O	5.55	T	-		
603	12	O	5.55	A	-		
603	13	O	5.55	A	-		
603	14	O	5.55	T	-		
603	15	O	5.55	A	-		
603	16	O	5.55	T	-		
603	17	O	5.55	A	-		
603	18	O	5.55	A	-		
603	19	O	5.55	G	-		
603	20	O	5.55	T	-		
603	21	O	5.55	T	-		
603	22	O	5.55	G	-		
603	23	O	5.55	G	-		
603	24	O	5.55	T	-		
603	25	O	5.55	T	-		
603	26	O	5.55	G	-		
603	27	O	5.55	T	-		
603	28	O	5.55	T	-		
603	29	O	5.55	T	-		
603	30	O	5.55	T	-		
603	31	O	5.55	A	-		
603	32	O	5.55	C	-		
603	33	O	5.55	G	-		
603	34	O	5.55	T	-		
603	35	O	5.55	T	-		
603	36	O	5.55	G	-		
603	37	O	5.55	T	-		
603	38	O	5.55	T	-		
603	39	O	5.55	C	-		
603	40	O	5.55	C	-		
603	41	O	5.55	T	-		
603	42	O	5.55	C	-		
603	43	O	5.55	A	-		
603	44	O	5.55	T	-		
603	45	O	5.55	T	-		
603	46	O	5.55	C	-		
603	47	O	5.55	A	-		
603	48	O	5.55	T	-		
603	49	O	5.55	A	-		
603	50	O	5.55	T	-		
603	51	O	5.55	G	-		
603	52	O	5.55	G	-		
603	53	O	5.55	A	-		
603	54	O	5.55	A	-		
603	55	O	5.55	T	-		
603	56	O	5.55	T	-		
603	57	O	5.55	G	-		
603	58	O	5.55	T	-		
603	59	O	5.55	A	-		
603	60	O	5.55	T	-		
603	61	O	5.55	G	-		
603	62	O	5.55	A	-		
603	63	O	5.55	T	-		
603	64	O	5.55	A	-		
603	65	O	5.55	T	-		
603	66	O	5.55	A	-		
603	67	O	5.55	T	-		
603	68	O	5.55	A	-		
603	69	O	5.55	T	-		
603	70	O	5.55	G	-		
603	71	O	5.55	T	-		
603	72	O	5.55	T	-		
603	73	O	5.55	T	-		
603	74	O	5.55	G	-		
603	75	O	5.55	A	-		
603	76	O	5.55	T	-		
603	77	O	5.55	T	-		
603	78	O	5.55	G	-		
603	79	O	5.55	A	-		
603	80	O	5.55	C	-		
603	81	O	5.55	A	-		
603	82	O	5.55	A	-		
603	83	O	5.55	G	-		
603	84	O	5.55	A	-		
603	85	O	5.55	A	-		
603	86	O	5.55	A	-		
603	87	O	5.55	C	-		
603	88	O	5.55	A	-		
603	89	O	5.55	C	-		
603	90	O	5.55	T	-		
603	91	O	5.55	G	-		
603	92	O	5.55	A	-		
603	93	O	5.55	T	-		
603	94	O	5.55	T	-		
603	95	O	5.55	C	-		
603	96	O	5.55	G	-		
603	97	O	5.55	T	-		
603	98	O	5.55	A	-		
603	99	O	5.55	A	-		
603	100	O	5.55	A	-		
603	101	O	5.55	T	-		
603	102	O	5.55	A	-		
603	103	O	5.55	T	-		
603	104	O	5.55	T	-		
603	105	O	5.55	G	-		
603	106	O	5.55	A	-		
603	107	O	5.55	A	-		
603	108	O	5.55	C	-		
603	109	O	5.55	T	-		
604	0	O	8.32	T	-		
604	1	O	8.32	C	-		
604	2	O	8.32	C	-		
604	3	O	8.32	A	-		
604	4	U	0.71	G	A		
604	5	O	8.32	C	-		
604	6	O	8.32	G	-		
604	7	O	8.32	T	-		
604	8	O	8.32	G	-		
604	9	O	8.32	C	-		
604	10	O	8.32	G	-		
604	11	O	8.32	C	-		
604	12	O	8.32	T	-		
604	13	U	0.71	G	T		
604	14	O	8.32	G	-		
604	15	O	8.32	G	-		
604	16	O	8.32	G	-		
604	17	O	8.32	C	-		
604	18	O	8.32	C	-		
604	19	O	8.32	G	-		
604	20	O	8.32	C	-		
604	21	O	8.32	T	-		
604	22	O	8.32	C	-		
604	23	O	8.32	A	-		
604	24	O	8.32	G	-		
604	25	O	8.32	T	-		
604	26	O	8.32	C	-		
604	27	O	8.32	T	-		
604	28	O	8.32	G	-		
604	29	O	8.32	G	-		
604	30	O	8.32	C	-		
604	31	O	8.32	C	-		
604	32	O	8.32	C	-		
604	33	O	8.32	T	-		
604	34	O	8.32	C	-		
604	35	O	8.32	C	-		
604	36	O	8.32	G	-		
604	37	O	8.32	G	-		
604	38	O	8.32	A	-		
604	39	O	8.32	A	-		
604	40	O	8.32	T	-		
604	41	O	8.32	G	-		
604	42	O	8.32	A	-		
604	43	O	8.32	T	-		
604	44	O	8.32	G	-		
604	45	O	8.32	T	-		
604	46	O	8.32	T	-		
604	47	O	8.32	T	-		
604	48	O	8.32	G	-		
604	49	O	8.32	C	-		
604	50	O	8.32	G	-		
604	51	O	8.32	G	-		
604	52	O	8.32	C	-		
604	53	O	8.32	C	-		
604	54	O	8.32	G	-		
604	55	O	8.32	T	-		
604	56	O	8.32	C	-		
604	57	O	8.32	T	-		
604	58	O	8.32	G	-		
604	59	O	8.32	C	-		
604	60	U	0.71	T	C		
604	61	O	8.32	C	-		
604	62	O	8.32	G	-		
604	63	O	8.32	G	-		
604	64	O	8.32	A	-		
604	65	O	8.32	C	-		
604	66	O	8.32	G	-		
604	67	O	8.32	G	-		
604	68	O	8.32	C	-		
604	69	O	8.32	T	-		
604	70	O	8.32	G	-		
604	71	O	8.32	C	-		
604	72	O	8.32	G	-		
604	73	O	8.32	C	-		
604	74	O	8.32	C	-		
604	75	O	8.32	G	-		
604	76	O	8.32	G	-		
604	77	O	8.32	T	-		
604	78	O	8.32	G	-		
604	79	O	8.32	G	-		
604	80	O	8.32	C	-		
604	81	O	8.32	G	-		
604	82	O	8.32	C	-		
604	83	O	8.32	C	-		
604	84	O	8.32	G	-		
604	85	O	8.32	A	-		
604	86	O	8.32	C	-		
604	87	O	8.32	T	-		
604	88	O	8.32	G	-		
604	89	O	8.32	C	-		
604	90	O	8.32	A	-		
604	91	O	8.32	A	-		
604	92	O	8.32	C	-		
604	93	O	8.32	T	-		
604	94	O	8.32	C	-		
604	95	O	8.32	G	-		
604	96	O	8.32	G	-		
604	97	O	8.32	C	-		
604	98	O	8.32	C	-		
604	99	O	8.32	A	-		
604	100	O	8.32	G	-		
604	101	O	8.32	A	-		
604	102	O	8.32	C	-		
604	103	O	8.32	T	-		
604	104	O	8.32	G	-		
604	105	O	8.32	G	-		
604	106	O	8.32	T	-		
604	107	O	8.32	C	-		
604	108	O	8.32	G	-		
604	109	O	8.32	G	-		
605	0	O	20.79	C	-		
605	1	O	20.79	A	-		
605	2	O	20.79	A	-		
605	3	O	20.79	A	-		
605	4	O	20.79	A	-		
605	5	O	20.79	A	-		
605	6	O	20.79	A	-		
605	7	O	20.79	A	-		
605	8	O	20.79	G	-		
605	9	O	20.79	A	-		
605	10	O	20.79	G	-		
605	11	O	20.79	C	-		
605	12	O	20.79	G	-		
605	13	O	20.79	G	-		
605	14	O	20.79	T	-		
605	15	O	20.79	G	-		
605	16	O	20.79	C	-		
605	17	O	20.79	C	-		
605	18	O	20.79	T	-		
605	19	O	20.79	A	-		
605	20	O	20.79	C	-		
605	21	O	20.79	C	-		
605	22	O	20.79	T	-		
605	23	O	20.79	G	-		
605	24	O	20.79	G	-		
605	25	O	20.79	G	-		
605	26	O	20.79	C	-		
605	27	O	20.79	A	-		
605	28	O	20.79	T	-		
605	29	O	20.79	G	-		
605	30	O	20.79	T	-		
605	31	O	20.79	G	-		
605	32	O	20.79	C	-		
605	33	O	20.79	G	-		
605	34	O	20.79	T	-		
605	35	O	20.79	G	-		
605	36	O	20.79	T	-		
605	37	O	20.79	G	-		
605	38	O	20.79	T	-		
605	39	O	20.79	G	-		
605	40	O	20.79	C	-		
605	41	O	20.79	G	-		
605	42	O	20.79	T	-		
605	43	O	20.79	G	-		
605	44	O	20.79	T	-		
605	45	O	20.79	G	-		
605	46	O	20.79	T	-		
605	47	O	20.79	G	-		
605	48	O	20.79	C	-		
605	49	O	20.79	T	-		
605	50	O	20.79	G	-		
605	51	O	20.79	A	-		
605	52	O	20.79	A	-		
605	53	O	20.79	G	-		
605	54	O	20.79	C	-		
605	55	O	20.79	C	-		
605	56	O	20.79	G	-		
605	57	O	20.79	G	-		
605	58	O	20.79	C	-		
605	59	O	20.79	G	-		
605	60	O	20.79	C	-		
605	61	O	20.79	T	-		
605	62	O	20.79	C	-		
605	63	O	20.79	G	-		
605	64	O	20.79	T	-		
605	65	O	20.79	C	-		
605	66	O	20.79	C	-		
605	67	O	20.79	G	-		
605	68	O	20.79	C	-		
605	69	O	20.79	C	-		
605	70	O	20.79	T	-		
605	71	O	20.79	A	-		
605	72	O	20.79	T	-		
605	73	O	20.79	G	-		
605	74	O	20.79	C	-		
605	75	O	20.79	G	-		
605	76	O	20.79	T	-		
605	77	O	20.79	G	-		
605	78	O	20.79	C	-		
605	79	O	20.79	G	-		
605	80	O	20.79	T	-		
605	81	O	20.79	C	-		
605	82	O	20.79	T	-		
605	83	O	20.79	G	-		
605	84	O	20.79	T	-		
605	85	O	20.79	G	-		
605	86	O	20.79	C	-		
605	87	O	20.79	G	-		
605	88	O	20.79	T	-		
605	89	O	20.79	C	-		
605	90	O	20.79	T	-		
605	91	O	20.79	G	-		
605	92	O	20.79	T	-		
605	93	O	20.79	G	-		
605	94	O	20.79	T	-		
605	95	O	20.79	C	-		
605	96	O	20.79	C	-		
605	97	O	20.79	G	-		
605	98	O	20.79	T	-		
605	99	O	20.79	T	-		
605	100	O	20.79	T	-		
605	101	O	20.79	G	-		
605	102	O	20.79	G	-		
605	103	O	20.79	G	-		
605	104	O	20.79	C	-		
605	105	O	20.79	G	-		
605	106	O	20.79	G	-		
605	107	O	20.79	G	-		
605	108	O	20.79	C	-		
605	109	O	20.79	G	-		
606	0	O	6.93	A	-		
606	1	O	6.93	G	-		
606	2	O	6.93	C	-		
606	3	O	6.93	T	-		
606	4	O	6.93	G	-		
606	5	O	6.93	A	-		
606	6	O	6.93	T	-		
606	7	O	6.93	T	-		
606	8	O	6.93	C	-		
606	9	O	6.93	A	-		
606	10	O	6.93	C	-		
606	11	O	6.93	A	-		
606	12	O	6.93	A	-		
606	13	O	6.93	C	-		
606	14	O	6.93	A	-		
606	15	O	6.93	A	-		
606	16	O	6.93	C	-		
606	17	O	6.93	C	-		
606	18	O	6.93	A	-		
606	19	O	6.93	G	-		
606	20	O	6.93	G	-		
606	21	O	6.93	C	-		
606	22	O	6.93	T	-		
606	23	O	6.93	A	-		
606	24	O	6.93	C	-		
606	25	O	6.93	C	-		
606	26	O	6.93	G	-		
606	27	O	6.93	G	-		
606	28	O	6.93	C	-		
606	29	O	6.93	A	-		
606	30	O	6.93	T	-		
606	31	O	6.93	C	-		
606	32	O	6.93	A	-		
606	33	O	6.93	G	-		
606	34	O	6.93	T	-		
606	35	O	6.93	A	-		
606	36	O	6.93	T	-		
606	37	O	6.93	G	-		
606	38	O	6.93	A	-		
606	39	O	6.93	C	-		
606	40	O	6.93	T	-		
606	41	O	6.93	C	-		
606	42	O	6.93	A	-		
606	43	O	6.93	A	-		
606	44	O	6.93	G	-		
606	45	O	6.93	T	-		
606	46	O	6.93	G	-		
606	47	O	6.93	A	-		
606	48	O	6.93	G	-		
606	49	O	6.93	C	-		
606	50	O	6.93	A	-		
606	51	O	6.93	A	-		
606	52	O	6.93	C	-		
606	53	O	6.93	T	-		
606	54	O	6.93	G	-		
606	55	O	6.93	G	-		
606	56	O	6.93	T	-		
606	57	O	6.93	T	-		
606	58	O	6.93	C	-		
606	59	O	6.93	A	-		
606	60	O	6.93	T	-		
606	61	O	6.93	C	-		
606	62	O	6.93	A	-		
606	63	O	6.93	A	-		
606	64	O	6.93	C	-		
606	65	O	6.93	C	-		
606	66	O	6.93	A	-		
606	67	O	6.93	C	-		
606	68	O	6.93	C	-		
606	69	O	6.93	G	-		
606	70	O	6.93	C	-		
606	71	O	6.93	C	-		
606	72	O	6.93	G	-		
606	73	O	6.93	C	-		
606	74	O	6.93	C	-		
606	75	O	6.93	G	-		
606	76	O	6.93	A	-		
606	77	O	6.93	T	-		
606	78	O	6.93	G	-		
606	79	O	6.93	C	-		
606	80	O	6.93	C	-		
606	81	O	6.93	C	-		
606	82	O	6.93	A	-		
606	83	O	6.93	G	-		
606	84	O	6.93	A	-		
606	85	O	6.93	A	-		
606	86	O	6.93	C	-		
606	87	O	6.93	T	-		
606	88	O	6.93	G	-		
606	89	O	6.93	C	-		
606	90	O	6.93	G	-		
606	91	O	6.93	C	-		
606	92	O	6.93	G	-		
606	93	O	6.93	A	-		
606	94	O	6.93	C	-		
606	95	O	6.93	A	-		
606	96	O	6.93	A	-		
606	97	O	6.93	A	-		
606	98	O	6.93	A	-		
606	99	O	6.93	G	-		
606	100	O	6.93	A	-		
606	101	O	6.93	G	-		
606	102	O	6.93	A	-		
606	103	O	6.93	C	-		
606	104	O	6.93	A	-		
606	105	O	6.93	A	-		
606	106	O	6.93	A	-		
606	107	O	6.93	A	-		
606	108	O	6.93	C	-		
606	109	O	6.93	G	-		
607	0	O	6.93	G	-		
607	1	O	6.93	A	-		
607	2	O	6.93	C	-		
607	3	O	6.93	T	-		
607	4	O	6.93	C	-		
607	5	O	6.93	G	-		
607	6	O	6.93	C	-		
607	7	O	6.93	T	-		
607	8	O	6.93	T	-		
607	9	O	6.93	C	-		
607	10	O	6.93	T	-		
607	11	O	6.93	C	-		
607	12	O	6.93	T	-		
607	13	O	6.93	T	-		
607	14	O	6.93	C	-		
607	15	O	6.93	C	-		
607	16	O	6.93	T	-		
607	17	O	6.93	C	-		
607	18	O	6.93	C	-		
607	19	O	6.93	T	-		
607	20	O	6.93	T	-		
607	21	O	6.93	T	-		
607	22	O	6.93	G	-		
607	23	O	6.93	T	-		
607	24	O	6.93	T	-		
607	25	O	6.93	C	-		
607	26	O	6.93	T	-		
607	27	O	6.93	T	-		
607	28	O	6.93	C	-		
607	29	O	6.93	G	-		
607	30	O	6.93	A	-		
607	31	O	6.93	T	-		
607	32	O	6.93	T	-		
607	33	O	6.93	G	-		
607	34	O	6.93	G	-		
607	35	O	6.93	A	-		
607	36	O	6.93	A	-		
607	37	O	6.93	T	-		
607	38	O	6.93	G	-		
607	39	O	6.93	C	-		
607	40	O	6.93	A	-		
607	41	O	6.93	A	-		
607	42	O	6.93	A	-		
607	43	O	6.93	G	-		
607	44	O	6.93	C	-		
607	45	O	6.93	T	-		
607	46	O	6.93	G	-		
607	47	O	6.93	C	-		
607	48	O	6.93	A	-		
607	49	O	6.93	G	-		
607	50	O	6.93	T	-		
607	51	O	6.93	T	-		
607	52	O	6.93	C	-		
607	53	O	6.93	G	-		
607	54	O	6.93	C	-		
607	55	O	6.93	T	-		
607	56	O	6.93	G	-		
607	57	O	6.93	T	-		
607	58	O	6.93	A	-		
607	59	O	6.93	C	-		
607	60	O	6.93	C	-		
607	61	O	6.93	G	-		
607	62	O	6.93	T	-		
607	63	O	6.93	T	-		
607	64	O	6.93	C	-		
607	65	O	6.93	T	-		
607	66	O	6.93	C	-		
607	67	O	6.93	G	-		
607	68	O	6.93	T	-		
607	69	O	6.93	T	-		
607	70	O	6.93	G	-		
607	71	O	6.93	T	-		
607	72	O	6.93	T	-		
607	73	O	6.93	G	-		
607	74	O	6.93	A	-		
607	75	O	6.93	C	-		
607	76	O	6.93	C	-		
607	77	O	6.93	T	-		
607	78	O	6.93	C	-		
607	79	O	6.93	C	-		
607	80	O	6.93	G	-		
607	81	O	6.93	A	-		
607	82	O	6.93	C	-		
607	83	O	6.93	C	-		
607	84	O	6.93	A	-		
607	85	O	6.93	T	-		
607	86	O	6.93	C	-		
607	87	O	6.93	T	-		
607	88	O	6.93	C	-		
607	89	O	6.93	T	-		
607	90	O	6.93	T	-		
607	91	O	6.93	T	-		
607	92	O	6.93	T	-		
607	93	O	6.93	G	-		
607	94	O	6.93	G	-		
607	95	O	6.93	G	-		
607	96	O	6.93	G	-		
607	97	O	6.93	C	-		
607	98	O	6.93	T	-		
607	99	O	6.93	A	-		
607	100	O	6.93	G	-		
607	101	O	6.93	G	-		
607	102	O	6.93	T	-		
607	103	O	6.93	T	-		
607	104	O	6.93	T	-		
607	105	O	6.93	C	-		
607	106	O	6.93	G	-		
607	107	O	6.93	G	-		
607	108	O	6.93	C	-		
607	109	O	6.93	G	-		
608	0	O	11.09	G	-		
608	1	O	11.09	A	-		
608	2	O	11.09	C	-		
608	3	O	11.09	A	-		
608	4	O	11.09	C	-		
608	5	O	11.09	C	-		
608	6	O	11.09	A	-		
608	7	O	11.09	G	-		
608	8	O	11.09	G	-		
608	9	O	11.09	C	-		
608	10	O	11.09	C	-		
608	11	O	11.09	G	-		
608	12	O	11.09	G	-		
608	13	O	11.09	C	-		
608	14	O	11.09	C	-		
608	15	O	11.09	G	-		
608	16	O	11.09	G	-		
608	17	O	11.09	G	-		
608	18	O	11.09	T	-		
608	19	O	11.09	G	-		
608	20	O	11.09	T	-		
608	21	O	11.09	C	-		
608	22	O	11.09	T	-		
608	23	O	11.09	G	-		
608	24	O	11.09	C	-		
608	25	O	11.09	T	-		
608	26	O	11.09	G	-		
608	27	O	11.09	G	-		
608	28	O	11.09	T	-		
608	29	O	11.09	T	-		
608	30	O	11.09	G	-		
608	31	O	11.09	G	-		
608	32	O	11.09	A	-		
608	33	O	11.09	C	-		
608	34	O	11.09	T	-		
608	35	O	11.09	G	-		
608	36	O	11.09	C	-		
608	37	O	11.09	A	-		
608	38	O	11.09	G	-		
608	39	O	11.09	G	-		
608	40	O	11.09	A	-		
608	41	O	11.09	A	-		
608	42	O	11.09	G	-		
608	43	O	11.09	C	-		
608	44	O	11.09	C	-		
608	45	O	11.09	A	-		
608	46	O	11.09	G	-		
608	47	O	11.09	A	-		
608	48	O	11.09	C	-		
608	49	O	11.09	C	-		
608	50	O	11.09	C	-		
608	51	O	11.09	G	-		
608	52	O	11.09	A	-		
608	53	O	11.09	A	-		
608	54	O	11.09	T	-		
608	55	O	11.09	C	-		
608	56	O	11.09	C	-		
608	57	O	11.09	A	-		
608	58	O	11.09	C	-		
608	59	U	2.86	C	T		
608	60	O	11.09	A	-		
608	61	O	11.09	G	-		
608	62	O	11.09	C	-		
608	63	O	11.09	A	-		
608	64	O	11.09	T	-		
608	65	O	11.09	T	-		
608	66	O	11.09	A	-		
608	67	O	11.09	T	-		
608	68	O	11.09	C	-		
608	69	O	11.09	G	-		
608	70	O	11.09	G	-		
608	71	O	11.09	A	-		
608	72	O	11.09	G	-		
608	73	O	11.09	G	-		
608	74	O	11.09	T	-		
608	75	O	11.09	C	-		
608	76	O	11.09	A	-		
608	77	O	11.09	T	-		
608	78	O	11.09	G	-		
608	79	O	11.09	C	-		
608	80	O	11.09	C	-		
608	81	O	11.09	A	-		
608	82	O	11.09	A	-		
608	83	O	11.09	A	-		
608	84	O	11.09	G	-		
608	85	O	11.09	G	-		
608	86	O	11.09	C	-		
608	87	O	11.09	G	-		
608	88	O	11.09	C	-		
608	89	O	11.09	C	-		
608	90	O	11.09	A	-		
608	91	O	11.09	A	-		
608	92	U	2.86	A	C		
608	93	O	11.09	T	-		
608	94	O	11.09	C	-		
608	95	O	11.09	C	-		
608	96	O	11.09	A	-		
608	97	O	11.09	A	-		
608	98	O	11.09	A	-		
608	99	O	11.09	G	-		
608	100	O	11.09	T	-		
608	101	O	11.09	C	-		
608	102	O	11.09	A	-		
608	103	O	11.09	C	-		
608	104	O	11.09	G	-		
608	105	O	11.09	A	-		
608	106	O	11.09	T	-		
608	107	O	11.09	C	-		
608	108	O	11.09	G	-		
608	109	O	11.09	C	-		
609	0	O	16.64	C	-		
609	1	O	16.64	T	-		
609	2	O	16.64	G	-		
609	3	O	16.64	T	-		
609	4	O	16.64	G	-		
609	5	O	16.64	G	-		
609	6	O	16.64	C	-		
609	7	O	16.64	A	-		
609	8	O	16.64	G	-		
609	9	O	16.64	A	-		
609	10	O	16.64	C	-		
609	11	O	16.64	G	-		
609	12	O	16.64	T	-		
609	13	O	16.64	A	-		
609	14	O	16.64	C	-		
609	15	O	16.64	A	-		
609	16	O	16.64	G	-		
609	17	O	16.64	A	-		
609	18	O	16.64	C	-		
609	19	O	16.64	T	-		
609	20	O	16.64	G	-		
609	21	O	16.64	T	-		
609	22	O	16.64	T	-		
609	23	O	16.64	G	-		
609	24	O	16.64	C	-		
609	25	O	16.64	G	-		
609	26	O	16.64	C	-		
609	27	O	16.64	T	-		
609	28	O	16.64	G	-		
609	29	O	16.64	C	-		
609	30	O	16.64	G	-		
609	31	O	16.64	A	-		
609	32	O	16.64	C	-		
609	33	O	16.64	C	-		
609	34	O	16.64	G	-		
609	35	O	16.64	A	-		
609	36	O	16.64	C	-		
609	37	O	16.64	C	-		
609	38	O	16.64	C	-		
609	39	O	16.64	A	-		
609	40	O	16.64	C	-		
609	41	O	16.64	C	-		
609	42	O	16.64	G	-		
609	43	O	16.64	G	-		
609	44	O	16.64	C	-		
609	45	O	16.64	T	-		
609	46	O	16.64	T	-		
609	47	O	16.64	G	-		
609	48	O	16.64	G	-		
609	49	O	7.55	G	-		
609	50	O	16.64	C	-		
609	51	O	16.64	A	-		
609	52	O	16.64	G	-		
609	53	O	16.64	C	-		
609	54	O	16.64	C	-		
609	55	O	16.64	C	-		
609	56	O	16.64	G	-		
609	57	O	16.64	G	-		
609	58	O	16.64	T	-		
609	59	O	16.64	G	-		
609	60	O	16.64	G	-		
609	61	O	16.64	A	-		
609	62	O	16.64	G	-		
609	63	O	16.64	C	-		
609	64	O	16.64	C	-		
609	65	O	16.64	A	-		
609	66	O	16.64	G	-		
609	67	O	16.64	A	-		
609	68	O	16.64	G	-		
609	69	O	16.64	G	-		
609	70	O	16.64	T	-		
609	71	O	16.64	G	-		
609	72	O	16.64	A	-		
609	73	O	16.64	G	-		
609	74	O	16.64	C	-		
609	75	O	16.64	A	-		
609	76	O	16.64	G	-		
609	77	O	16.64	C	-		
609	78	O	16.64	A	-		
609	79	O	16.64	C	-		
609	80	O	16.64	G	-		
609	81	O	16.64	T	-		
609	82	O	16.64	A	-		
609	83	O	16.64	G	-		
609	84	O	16.64	G	-		
609	85	O	16.64	C	-		
609	86	O	16.64	G	-		
609	87	O	16.64	G	-		
609	88	O	16.64	C	-		
609	89	O	16.64	C	-		
609	90	O	16.64	G	-		
609	91	O	16.64	T	-		
609	92	O	16.64	G	-		
609	93	O	16.64	T	-		
609	94	O	16.64	C	-		
609	95	O	16.64	G	-		
609	96	O	16.64	C	-		
609	97	O	16.64	C	-		
609	98	O	16.64	C	-		
609	99	O	16.64	G	-		
609	100	O	16.64	G	-		
609	101	O	16.64	C	-		
609	102	O	16.64	A	-		
609	103	O	16.64	C	-		
609	104	O	16.64	C	-		
609	105	O	16.64	A	-		
609	106	O	16.64	G	-		
609	107	O	16.64	C	-		
609	108	O	16.64	A	-		
609	109	O	16.64	C	-		
610	0	O	9.70	G	-		
610	1	O	9.70	G	-		
610	2	O	9.70	T	-		
610	3	O	9.70	T	-		
610	4	O	9.70	G	-		
610	5	O	9.70	G	-		
610	6	O	9.70	C	-		
610	7	O	9.70	T	-		
610	8	O	9.70	G	-		
610	9	O	9.70	T	-		
610	10	O	9.70	A	-		
610	11	O	9.70	T	-		
610	12	O	9.70	G	-		
610	13	O	9.70	C	-		
610	14	O	9.70	G	-		
610	15	O	9.70	A	-		
610	16	O	9.70	G	-		
610	17	O	9.70	G	-		
610	18	O	9.70	A	-		
610	19	O	9.70	A	-		
610	20	O	9.70	G	-		
610	21	O	9.70	C	-		
610	22	O	9.70	T	-		
610	23	O	9.70	G	-		
610	24	O	9.70	G	-		
610	25	O	9.70	C	-		
610	26	O	9.70	C	-		
610	27	O	9.70	A	-		
610	28	O	9.70	A	-		
610	29	O	9.70	C	-		
610	30	O	9.70	T	-		
610	31	O	9.70	C	-		
610	32	O	9.70	A	-		
610	33	O	9.70	A	-		
610	34	O	9.70	A	-		
610	35	O	9.70	G	-		
610	36	O	9.70	G	-		
610	37	O	9.70	G	-		
610	38	O	9.70	T	-		
610	39	O	9.70	T	-		
610	40	O	9.70	T	-		
610	41	O	9.70	G	-		
610	42	U	1.77	A	C		
610	43	O	9.70	A	-		
610	44	O	9.70	A	-		
610	45	O	9.70	G	-		
610	46	U	1.77	T	G		
610	47	O	9.70	C	-		
610	48	O	9.70	T	-		
610	49	O	9.70	G	-		
610	50	O	9.70	C	-		
610	51	O	9.70	C	-		
610	52	O	9.70	T	-		
610	53	O	9.70	T	-		
610	54	O	9.70	G	-		
610	55	O	9.70	C	-		
610	56	O	9.70	G	-		
610	57	O	9.70	C	-		
610	58	O	9.70	G	-		
610	59	O	9.70	G	-		
610	60	O	9.70	T	-		
610	61	O	9.70	T	-		
610	62	O	9.70	C	-		
610	63	O	9.70	G	-		
610	64	O	9.70	A	-		
610	65	O	9.70	G	-		
610	66	O	9.70	G	-		
610	67	O	9.70	G	-		
610	68	O	9.70	C	-		
610	69	O	9.70	C	-		
610	70	O	9.70	A	-		
610	71	O	9.70	T	-		
610	72	O	9.70	T	-		
610	73	O	9.70	G	-		
610	74	O	9.70	G	-		
610	75	O	9.70	A	-		
610	76	O	9.70	A	-		
610	77	O	9.70	G	-		
610	78	O	9.70	G	-		
610	79	O	9.70	C	-		
610	80	O	9.70	C	-		
610	81	O	9.70	T	-		
610	82	O	9.70	G	-		
610	83	O	9.70	G	-		
610	84	O	9.70	T	-		
610	85	O	9.70	A	-		
610	86	O	9.70	T	-		
610	87	O	9.70	G	-		
610	88	O	9.70	C	-		
610	89	O	9.70	T	-		
610	90	O	9.70	C	-		
610	91	O	9.70	A	-		
610	92	O	9.70	C	-		
610	93	O	9.70	A	-		
610	94	O	9.70	C	-		
610	95	O	9.70	T	-		
610	96	O	9.70	G	-		
610	97	O	9.70	T	-		
610	98	O	9.70	C	-		
610	99	U	1.77	A	C		
610	100	O	9.70	C	-		
610	101	O	9.70	A	-		
610	102	O	9.70	G	-		
610	103	O	9.70	A	-		
610	104	O	9.70	T	-		
610	105	O	9.70	T	-		
610	106	O	9.70	A	-		
610	107	O	9.70	T	-		
610	108	O	9.70	T	-		
610	109	O	9.70	C	-		
611	0	O	12.48	A	-		
611	1	O	12.48	C	-		
611	2	O	12.48	T	-		
611	3	O	12.48	A	-		
611	4	O	12.48	G	-		
611	5	O	12.48	A	-		
611	6	O	12.48	A	-		
611	7	O	12.48	T	-		
611	8	O	12.48	T	-		
611	9	O	12.48	C	-		
611	10	O	12.48	T	-		
611	11	O	12.48	A	-		
611	12	O	12.48	G	-		
611	13	O	12.48	C	-		
611	14	O	12.48	T	-		
611	15	O	12.48	C	-		
611	16	O	12.48	G	-		
611	17	O	12.48	C	-		
611	18	O	12.48	C	-		
611	19	O	12.48	A	-		
611	20	O	12.48	A	-		
611	21	O	12.48	G	-		
611	22	O	12.48	G	-		
611	23	O	12.48	G	-		
611	24	O	12.48	G	-		
611	25	O	12.48	C	-		
611	26	O	12.48	C	-		
611	27	O	12.48	A	-		
611	28	O	12.48	A	-		
611	29	O	12.48	C	-		
611	30	O	12.48	G	-		
611	31	O	12.48	G	-		
611	32	O	12.48	C	-		
611	33	O	12.48	C	-		
611	34	O	12.48	A	-		
611	35	O	12.48	C	-		
611	36	O	12.48	C	-		
611	37	O	12.48	C	-		
611	38	O	12.48	C	-		
611	39	O	12.48	T	-		
611	40	O	12.48	T	-		
611	41	O	12.48	C	-		
611	42	O	12.48	T	-		
611	43	O	12.48	C	-		
611	44	O	12.48	T	-		
611	45	O	12.48	A	-		
611	46	O	12.48	T	-		
611	47	O	12.48	C	-		
611	48	O	12.48	C	-		
611	49	O	12.48	C	-		
611	50	O	12.48	T	-		
611	51	O	12.48	T	-		
611	52	O	12.48	T	-		
611	53	O	12.48	A	-		
611	54	O	12.48	T	-		
611	55	O	12.48	T	-		
611	56	O	12.48	G	-		
611	57	O	12.48	A	-		
611	58	O	12.48	C	-		
611	59	O	12.48	C	-		
611	60	O	12.48	C	-		
611	61	O	12.48	C	-		
611	62	O	12.48	A	-		
611	63	O	12.48	A	-		
611	64	O	12.48	C	-		
611	65	O	12.48	A	-		
611	66	O	12.48	T	-		
611	67	O	12.48	A	-		
611	68	O	12.48	G	-		
611	69	O	12.48	C	-		
611	70	O	12.48	C	-		
611	71	O	12.48	G	-		
611	72	O	12.48	C	-		
611	73	O	12.48	C	-		
611	74	O	12.48	A	-		
611	75	O	12.48	C	-		
611	76	O	12.48	C	-		
611	77	O	12.48	A	-		
611	78	O	12.48	C	-		
611	79	O	12.48	A	-		
611	80	O	12.48	C	-		
611	81	O	12.48	A	-		
611	82	O	12.48	C	-		
611	83	O	12.48	A	-		
611	84	O	12.48	T	-		
611	85	O	12.48	C	-		
611	86	O	12.48	T	-		
611	87	O	12.48	C	-		
611	88	O	12.48	T	-		
611	89	O	12.48	A	-		
611	90	O	12.48	A	-		
611	91	O	12.48	T	-		
611	92	O	12.48	T	-		
611	93	O	12.48	T	-		
611	94	O	12.48	C	-		
611	95	O	12.48	A	-		
611	96	O	12.48	C	-		
611	97	O	12.48	A	-		
611	98	O	12.48	G	-		
611	99	O	12.48	A	-		
611	100	O	12.48	A	-		
611	101	O	12.48	A	-		
611	102	O	12.48	A	-		
611	103	O	12.48	C	-		
611	104	O	12.48	C	-		
611	105	O	12.48	T	-		
611	106	O	12.48	T	-		
611	107	O	12.48	C	-		
611	108	O	12.48	A	-		
611	109	O	12.48	A	-		
612	0	O	6.93	A	-		
612	1	O	6.93	A	-		
612	2	O	6.93	A	-		
612	3	O	6.93	A	-		
612	4	O	6.93	G	-		
612	5	O	6.93	A	-		
612	6	O	6.93	A	-		
612	7	O	6.93	A	-		
612	8	O	6.93	G	-		
612	9	O	6.93	T	-		
612	10	O	6.93	A	-		
612	11	O	6.93	T	-		
612	12	O	6.93	A	-		
612	13	O	6.93	T	-		
612	14	O	6.93	A	-		
612	15	O	6.93	T	-		
612	16	O	6.93	A	-		
612	17	O	6.93	T	-		
612	18	O	6.93	A	-		
612	19	O	6.93	G	-		
612	20	O	6.93	T	-		
612	21	O	6.93	T	-		
612	22	O	6.93	G	-		
612	23	O	6.93	A	-		
612	24	O	6.93	A	-		
612	25	O	6.93	A	-		
612	26	O	6.93	G	-		
612	27	O	6.93	C	-		
612	28	O	6.93	A	-		
612	29	O	6.93	C	-		
612	30	O	6.93	A	-		
612	31	O	6.93	G	-		
612	32	O	6.93	C	-		
612	33	O	6.93	C	-		
612	34	O	6.93	A	-		
612	35	O	6.93	G	-		
612	36	O	6.93	A	-		
612	37	O	6.93	T	-		
612	38	O	6.93	T	-		
612	39	O	6.93	C	-		
612	40	O	6.93	A	-		
612	41	O	6.93	C	-		
612	42	O	6.93	C	-		
612	43	O	6.93	A	-		
612	44	O	6.93	A	-		
612	45	O	6.93	A	-		
612	46	O	6.93	A	-		
612	47	O	6.93	C	-		
612	48	O	6.93	A	-		
612	49	O	6.93	A	-		
612	50	O	6.93	A	-		
612	51	O	6.93	G	-		
612	52	O	6.93	G	-		
612	53	O	6.93	C	-		
612	54	O	6.93	A	-		
612	55	O	6.93	A	-		
612	56	O	6.93	C	-		
612	57	O	6.93	T	-		
612	58	O	6.93	A	-		
612	59	O	6.93	A	-		
612	60	O	6.93	T	-		
612	61	O	6.93	A	-		
612	62	O	6.93	A	-		
612	63	O	6.93	G	-		
612	64	O	6.93	A	-		
612	65	O	6.93	A	-		
612	66	O	6.93	G	-		
612	67	O	6.93	A	-		
612	68	O	6.93	G	-		
612	69	O	6.93	A	-		
612	70	O	6.93	A	-		
612	71	O	6.93	T	-		
612	72	O	6.93	C	-		
612	73	O	6.93	C	-		
612	74	O	6.93	C	-		
612	75	O	6.93	C	-		
612	76	O	6.93	A	-		
612	77	O	6.93	T	-		
612	78	O	6.93	T	-		
612	79	O	6.93	T	-		
612	80	O	6.93	T	-		
612	81	O	6.93	C	-		
612	82	O	6.93	T	-		
612	83	O	6.93	G	-		
612	84	O	6.93	T	-		
612	85	O	6.93	A	-		
612	86	O	6.93	A	-		
612	87	O	6.93	A	-		
612	88	O	6.93	T	-		
612	89	O	6.93	C	-		
612	90	O	6.93	T	-		
612	91	O	6.93	G	-		
612	92	O	6.93	T	-		
612	93	O	6.93	A	-		
612	94	O	6.93	A	-		
612	95	O	6.93	A	-		
612	96	O	6.93	G	-		
612	97	O	6.93	A	-		
612	98	O	6.93	T	-		
612	99	O	6.93	C	-		
612	100	O	6.93	A	-		
612	101	O	6.93	T	-		
612	102	O	6.93	A	-		
612	103	O	6.93	C	-		
612	104	O	6.93	C	-		
612	105	O	6.93	C	-		
612	106	O	6.93	T	-		
612	107	O	6.93	G	-		
612	108	O	6.93	C	-		
612	109	O	6.93	C	-		
613	0	O	6.93	C	-		
613	1	O	6.93	G	-		
613	2	O	6.93	C	-		
613	3	O	6.93	G	-		
613	4	O	6.93	C	-		
613	5	U	-0.27	T	C		
613	6	O	6.93	C	-		
613	7	O	6.93	A	-		
613	8	O	6.93	A	-		
613	9	O	6.93	G	-		
613	10	O	6.93	G	-		
613	11	O	6.93	T	-		
613	12	O	6.93	C	-		
613	13	O	6.93	G	-		
613	14	O	6.93	G	-		
613	15	O	6.93	C	-		
613	16	O	6.93	G	-		
613	17	O	6.93	C	-		
613	18	O	6.93	A	-		
613	19	O	6.93	A	-		
613	20	O	6.93	A	-		
613	21	O	6.93	G	-		
613	22	O	6.93	C	-		
613	23	O	6.93	C	-		
613	24	O	6.93	G	-		
613	25	O	6.93	G	-		
613	26	O	6.93	C	-		
613	27	O	6.93	G	-		
613	28	O	6.93	A	-		
613	29	O	6.93	A	-		
613	30	O	6.93	A	-		
613	31	O	6.93	G	-		
613	32	O	6.93	G	-		
613	33	O	6.93	C	-		
613	34	O	6.93	C	-		
613	35	O	6.93	G	-		
613	36	O	6.93	A	-		
613	37	O	6.93	C	-		
613	38	O	6.93	C	-		
613	39	O	6.93	T	-		
613	40	O	6.93	G	-		
613	41	O	6.93	A	-		
613	42	O	6.93	T	-		
613	43	O	6.93	C	-		
613	44	O	6.93	G	-		
613	45	O	6.93	G	-		
613	46	O	6.93	C	-		
613	47	O	6.93	C	-		
613	48	O	6.93	T	-		
613	49	O	6.93	G	-		
613	50	O	6.93	A	-		
613	51	O	6.93	T	-		
613	52	O	6.93	T	-		
613	53	O	6.93	A	-		
613	54	O	6.93	G	-		
613	55	O	6.93	C	-		
613	56	O	6.93	G	-		
613	57	O	6.93	G	-		
613	58	O	6.93	C	-		
613	59	O	6.93	C	-		
613	60	O	6.93	G	-		
613	61	O	6.93	A	-		
613	62	O	6.93	A	-		
613	63	O	6.93	C	-		
613	64	O	6.93	A	-		
613	65	O	6.93	A	-		
613	66	O	6.93	A	-		
613	67	O	6.93	C	-		
613	68	O	6.93	G	-		
613	69	O	6.93	G	-		
613	70	O	6.93	C	-		
613	71	O	6.93	G	-		
613	72	O	6.93	G	-		
613	73	O	6.93	A	-		
613	74	O	6.93	T	-		
613	75	O	6.93	G	-		
613	76	O	6.93	C	-		
613	77	O	6.93	G	-		
613	78	O	6.93	A	-		
613	79	O	6.93	C	-		
613	80	O	6.93	G	-		
613	81	O	6.93	C	-		
613	82	O	6.93	A	-		
613	83	O	6.93	G	-		
613	84	O	6.93	A	-		
613	85	O	6.93	C	-		
613	86	O	6.93	A	-		
613	87	O	6.93	G	-		
613	88	O	6.93	A	-		
613	89	O	6.93	C	-		
613	90	O	6.93	T	-		
613	91	O	6.93	C	-		
613	92	O	6.93	A	-		
613	93	O	6.93	C	-		
613	94	O	6.93	C	-		
613	95	O	6.93	T	-		
613	96	O	6.93	C	-		
613	97	O	6.93	G	-		
613	98	O	6.93	C	-		
613	99	O	6.93	G	-		
613	100	O	6.93	C	-		
613	101	O	6.93	G	-		
613	102	O	6.93	C	-		
613	103	O	6.93	G	-		
613	104	O	6.93	C	-		
613	105	O	6.93	C	-		
613	106	O	6.93	T	-		
613	107	O	6.93	A	-		
613	108	O	6.93	T	-		
613	109	O	6.93	G	-		
614	0	O	9.70	T	-		
614	1	O	9.70	C	-		
614	2	O	9.70	G	-		
614	3	O	9.70	C	-		
614	4	O	9.70	C	-		
614	5	O	9.70	G	-		
614	6	O	9.70	T	-		
614	7	O	9.70	C	-		
614	8	O	9.70	G	-		
614	9	O	9.70	C	-		
614	10	O	9.70	C	-		
614	11	O	9.70	C	-		
614	12	O	9.70	G	-		
614	13	O	9.70	C	-		
614	14	O	9.70	G	-		
614	15	O	9.70	A	-		
614	16	O	9.70	T	-		
614	17	O	9.70	C	-		
614	18	O	9.70	A	-		
614	19	O	9.70	C	-		
614	20	O	9.70	G	-		
614	21	O	9.70	T	-		
614	22	O	9.70	A	-		
614	23	O	9.70	G	-		
614	24	O	9.70	A	-		
614	25	O	9.70	C	-		
614	26	O	9.70	G	-		
614	27	O	9.70	A	-		
614	28	O	9.70	A	-		
614	29	O	9.70	G	-		
614	30	O	9.70	T	-		
614	31	O	9.70	G	-		
614	32	O	9.70	G	-		
614	33	O	9.70	T	-		
614	34	O	9.70	C	-		
614	35	O	9.70	G	-		
614	36	O	9.70	A	-		
614	37	O	9.70	A	-		
614	38	O	9.70	C	-		
614	39	O	9.70	G	-		
614	40	O	9.70	G	-		
614	41	O	9.70	G	-		
614	42	O	9.70	C	-		
614	43	O	9.70	T	-		
614	44	O	9.70	G	-		
614	45	O	9.70	G	-		
614	46	O	9.70	T	-		
614	47	O	9.70	G	-		
614	48	O	9.70	C	-		
614	49	O	9.70	C	-		
614	50	O	9.70	G	-		
614	51	O	9.70	G	-		
614	52	O	9.70	G	-		
614	53	O	9.70	C	-		
614	54	U	1.77	T	G		
614	55	O	9.70	C	-		
614	56	O	9.70	G	-		
614	57	O	9.70	G	-		
614	58	O	9.70	C	-		
614	59	O	9.70	G	-		
614	60	O	9.70	T	-		
614	61	O	9.70	C	-		
614	62	O	9.70	C	-		
614	63	O	9.70	G	-		
614	64	O	9.70	G	-		
614	65	O	9.70	G	-		
614	66	O	9.70	T	-		
614	67	O	9.70	C	-		
614	68	O	9.70	G	-		
614	69	O	9.70	A	-		
614	70	O	9.70	A	-		
614	71	O	9.70	C	-		
614	72	O	9.70	A	-		
614	73	O	9.70	G	-		
614	74	O	9.70	G	-		
614	75	O	9.70	C	-		
614	76	O	9.70	C	-		
614	77	O	9.70	G	-		
614	78	O	9.70	C	-		
614	79	O	9.70	G	-		
614	80	O	9.70	C	-		
614	81	O	9.70	T	-		
614	82	O	9.70	C	-		
614	83	O	9.70	G	-		
614	84	O	9.70	A	-		
614	85	O	9.70	A	-		
614	86	O	9.70	A	-		
614	87	O	9.70	C	-		
614	88	O	9.70	G	-		
614	89	O	9.70	G	-		
614	90	O	9.70	C	-		
614	91	U	1.77	T	C		
614	92	O	9.70	C	-		
614	93	O	9.70	G	-		
614	94	O	9.70	C	-		
614	95	O	9.70	A	-		
614	96	O	9.70	T	-		
614	97	O	9.70	A	-		
614	98	O	9.70	T	-		
614	99	O	9.70	G	-		
614	100	O	9.70	C	-		
614	101	O	9.70	G	-		
614	102	O	9.70	A	-		
614	103	O	9.70	A	-		
614	104	O	9.70	A	-		
614	105	O	9.70	C	-		
614	106	O	9.70	C	-		
614	107	O	9.70	G	-		
614	108	O	9.70	A	-		
614	109	O	9.70	C	-		
615	0	O	6.93	A	-		
615	1	O	6.93	G	-		
615	2	O	6.93	C	-		
615	3	O	6.93	C	-		
615	4	O	6.93	G	-		
615	5	O	6.93	G	-		
615	6	O	6.93	C	-		
615	7	O	6.93	C	-		
615	8	O	6.93	A	-		
615	9	O	6.93	T	-		
615	10	O	6.93	C	-		
615	11	O	6.93	C	-		
615	12	O	6.93	T	-		
615	13	O	6.93	C	-		
615	14	O	6.93	C	-		
615	15	O	6.93	T	-		
615	16	O	6.93	C	-		
615	17	O	6.93	C	-		
615	18	O	6.93	C	-		
615	19	O	6.93	A	-		
615	20	O	6.93	A	-		
615	21	O	6.93	G	-		
615	22	O	6.93	C	-		
615	23	O	6.93	T	-		
615	24	O	6.93	C	-		
615	25	O	6.93	C	-		
615	26	O	6.93	T	-		
615	27	O	6.93	G	-		
615	28	O	6.93	T	-		
615	29	O	6.93	C	-		
615	30	O	6.93	C	-		
615	31	O	6.93	A	-		
615	32	O	6.93	A	-		
615	33	O	6.93	A	-		
615	34	O	6.93	A	-		
615	35	O	6.93	C	-		
615	36	O	6.93	A	-		
615	37	O	6.93	A	-		
615	38	O	6.93	T	-		
615	39	O	6.93	A	-		
615	40	O	6.93	G	-		
615	41	O	6.93	G	-		
615	42	O	6.93	C	-		
615	43	O	6.93	A	-		
615	44	O	6.93	G	-		
615	45	O	6.93	C	-		
615	46	O	6.93	G	-		
615	47	O	6.93	T	-		
615	48	O	6.93	C	-		
615	49	O	6.93	T	-		
615	50	O	6.93	C	-		
615	51	O	6.93	G	-		
615	52	O	6.93	T	-		
615	53	O	6.93	T	-		
615	54	O	6.93	C	-		
615	55	O	6.93	G	-		
615	56	O	6.93	T	-		
615	57	O	6.93	G	-		
615	58	O	6.93	A	-		
615	59	O	6.93	T	-		
615	60	O	6.93	G	-		
615	61	O	6.93	A	-		
615	62	O	6.93	C	-		
615	63	O	6.93	G	-		
615	64	O	6.93	T	-		
615	65	O	6.93	T	-		
615	66	O	6.93	G	-		
615	67	O	6.93	C	-		
615	68	O	6.93	T	-		
615	69	O	6.93	C	-		
615	70	O	6.93	A	-		
615	71	O	6.93	G	-		
615	72	O	6.93	A	-		
615	73	O	6.93	A	-		
615	74	O	6.93	G	-		
615	75	O	6.93	A	-		
615	76	O	6.93	A	-		
615	77	O	6.93	G	-		
615	78	O	6.93	C	-		
615	79	O	6.93	G	-		
615	80	O	6.93	T	-		
615	81	O	6.93	A	-		
615	82	O	6.93	A	-		
615	83	O	6.93	C	-		
615	84	O	6.93	C	-		
615	85	O	6.93	A	-		
615	86	O	6.93	G	-		
615	87	O	6.93	A	-		
615	88	O	6.93	A	-		
615	89	O	6.93	C	-		
615	90	O	6.93	C	-		
615	91	O	6.93	C	-		
615	92	O	6.93	A	-		
615	93	O	6.93	A	-		
615	94	O	6.93	T	-		
615	95	O	6.93	G	-		
615	96	O	6.93	C	-		
615	97	O	6.93	T	-		
615	98	O	6.93	T	-		
615	99	O	6.93	G	-		
615	100	O	6.93	C	-		
615	101	O	6.93	C	-		
615	102	O	6.93	C	-		
615	103	O	6.93	T	-		
615	104	O	6.93	T	-		
615	105	O	6.93	A	-		
615	106	O	6.93	C	-		
615	107	O	6.93	C	-		
615	108	O	6.93	C	-		
615	109	O	6.93	A	-		
616	0	O	22.18	C	-		
616	1	O	22.18	C	-		
616	2	O	22.18	C	-		
616	3	O	22.18	A	-		
616	4	O	22.18	G	-		
616	5	O	22.18	C	-		
616	6	O	22.18	T	-		
616	7	O	22.18	G	-		
616	8	O	22.18	A	-		
616	9	O	22.18	A	-		
616	10	O	22.18	G	-		
616	11	O	22.18	G	-		
616	12	O	22.18	A	-		
616	13	O	22.18	G	-		
616	14	O	22.18	A	-		
616	15	O	22.18	A	-		
616	16	O	22.18	G	-		
616	17	O	22.18	C	-		
616	18	O	22.18	A	-		
616	19	O	22.18	A	-		
616	20	O	22.18	A	-		
616	21	O	22.18	A	-		
616	22	O	22.18	G	-		
616	23	O	22.18	G	-		
616	24	O	22.18	C	-		
616	25	O	22.18	A	-		
616	26	O	22.18	G	-		
616	27	O	22.18	A	-		
616	28	O	22.18	A	-		
616	29	O	22.18	G	-		
616	30	O	22.18	C	-		
616	31	O	22.18	G	-		
616	32	O	22.18	G	-		
616	33	O	22.18	A	-		
616	34	O	22.18	C	-		
616	35	O	22.18	A	-		
616	36	O	22.18	G	-		
616	37	O	22.18	C	-		
616	38	O	22.18	C	-		
616	39	O	22.18	T	-		
616	40	O	22.18	C	-		
616	41	O	22.18	A	-		
616	42	O	22.18	G	-		
616	43	O	22.18	T	-		
616	44	O	22.18	C	-		
616	45	O	22.18	G	-		
616	46	O	22.18	C	-		
616	47	O	22.18	A	-		
616	48	O	22.18	A	-		
616	49	O	22.18	G	-		
616	50	O	22.18	C	-		
616	51	O	22.18	A	-		
616	52	O	22.18	T	-		
616	53	O	22.18	C	-		
616	54	O	22.18	T	-		
616	55	O	22.18	C	-		
616	56	O	22.18	G	-		
616	57	O	22.18	C	-		
616	58	O	22.18	T	-		
616	59	O	22.18	G	-		
616	60	O	22.18	G	-		
616	61	O	22.18	C	-		
616	62	O	22.18	C	-		
616	63	O	22.18	T	-		
616	64	O	22.18	C	-		
616	65	O	22.18	C	-		
616	66	O	22.18	G	-		
616	67	O	22.18	G	-		
616	68	O	22.18	G	-		
616	69	O	22.18	T	-		
616	70	O	22.18	C	-		
616	71	O	22.18	G	-		
616	72	O	22.18	T	-		
616	73	O	22.18	G	-		
616	74	O	22.18	C	-		
616	75	O	22.18	A	-		
616	76	O	22.18	A	-		
616	77	O	22.18	A	-		
616	78	O	22.18	A	-		
616	79	O	22.18	G	-		
616	80	O	22.18	A	-		
616	81	O	22.18	A	-		
616	82	O	22.18	T	-		
616	83	O	22.18	C	-		
616	84	O	22.18	T	-		
616	85	O	22.18	C	-		
616	86	O	22.18	G	-		
616	87	O	22.18	T	-		
616	88	O	22.18	C	-		
616	89	O	12.50	T	-		
616	90	O	22.18	A	-		
616	91	O	22.18	C	-		
616	92	O	22.18	G	-		
616	93	O	22.18	T	-		
616	94	O	22.18	G	-		
616	95	O	22.18	A	-		
616	96	O	22.18	C	-		
616	97	O	22.18	C	-		
616	98	O	22.18	G	-		
616	99	O	22.18	G	-		
616	100	O	22.18	C	-		
616	101	O	22.18	C	-		
616	102	O	22.18	T	-		
616	103	O	22.18	C	-		
616	104	O	22.18	T	-		
616	105	O	22.18	C	-		
616	106	O	22.18	A	-		
616	107	O	22.18	C	-		
616	108	O	22.18	C	-		
616	109	O	22.18	C	-		
617	0	O	6.93	G	-		
617	1	O	6.93	G	-		
617	2	O	6.93	C	-		
617	3	O	6.93	C	-		
617	4	O	6.93	G	-		
617	5	O	6.93	C	-		
617	6	O	6.93	T	-		
617	7	O	6.93	C	-		
617	8	O	6.93	T	-		
617	9	O	6.93	G	-		
617	10	O	6.93	T	-		
617	11	O	6.93	G	-		
617	12	O	6.93	C	-		
617	13	O	6.93	G	-		
617	14	O	6.93	C	-		
617	15	O	6.93	G	-		
617	16	O	6.93	A	-		
617	17	O	6.93	A	-		
617	18	O	6.93	C	-		
617	19	O	6.93	T	-		
617	20	O	6.93	C	-		
617	21	O	6.93	G	-		
617	22	O	6.93	C	-		
617	23	O	6.93	A	-		
617	24	O	6.93	C	-		
617	25	O	6.93	T	-		
617	26	O	6.93	G	-		
617	27	O	6.93	A	-		
617	28	O	6.93	G	-		
617	29	O	6.93	C	-		
617	30	O	6.93	G	-		
617	31	O	6.93	G	-		
617	32	O	6.93	G	-		
617	33	O	6.93	C	-		
617	34	O	6.93	G	-		
617	35	O	6.93	C	-		
617	36	O	6.93	A	-		
617	37	O	6.93	C	-		
617	38	O	6.93	A	-		
617	39	O	6.93	A	-		
617	40	O	6.93	C	-		
617	41	O	6.93	A	-		
617	42	O	6.93	C	-		
617	43	O	6.93	A	-		
617	44	O	6.93	T	-		
617	45	O	6.93	G	-		
617	46	O	6.93	A	-		
617	47	O	6.93	T	-		
617	48	O	6.93	C	-		
617	49	O	6.93	T	-		
617	50	O	6.93	G	-		
617	51	O	6.93	C	-		
617	52	O	6.93	G	-		
617	53	O	6.93	T	-		
617	54	O	6.93	T	-		
617	55	O	6.93	A	-		
617	56	O	6.93	T	-		
617	57	O	6.93	G	-		
617	58	O	6.93	T	-		
617	59	O	6.93	A	-		
617	60	O	6.93	A	-		
617	61	O	6.93	A	-		
617	62	O	6.93	A	-		
617	63	O	6.93	T	-		
617	64	O	6.93	T	-		
617	65	O	6.93	C	-		
617	66	O	6.93	A	-		
617	67	O	6.93	C	-		
617	68	O	6.93	A	-		
617	69	O	6.93	G	-		
617	70	O	6.93	T	-		
617	71	O	6.93	G	-		
617	72	O	6.93	A	-		
617	73	O	6.93	A	-		
617	74	O	6.93	C	-		
617	75	O	6.93	A	-		
617	76	O	6.93	G	-		
617	77	O	6.93	G	-		
617	78	O	6.93	C	-		
617	79	O	6.93	A	-		
617	80	O	6.93	A	-		
617	81	O	6.93	A	-		
617	82	O	6.93	C	-		
617	83	O	6.93	A	-		
617	84	O	6.93	C	-		
617	85	O	6.93	T	-		
617	86	O	6.93	C	-		
617	87	O	6.93	A	-		
617	88	O	6.93	T	-		
617	89	O	6.93	G	-		
617	90	O	6.93	T	-		
617	91	O	6.93	C	-		
617	92	O	6.93	A	-		
617	93	O	6.93	G	-		
617	94	O	6.93	T	-		
617	95	O	6.93	C	-		
617	96	O	6.93	T	-		
617	97	O	6.93	A	-		
617	98	O	6.93	C	-		
617	99	O	6.93	G	-		
617	100	O	6.93	T	-		
617	101	O	6.93	C	-		
617	102	O	6.93	A	-		
617	103	O	6.93	A	-		
617	104	O	6.93	A	-		
617	105	O	6.93	T	-		
617	106	O	6.93	C	-		
617	107	O	6.93	C	-		
617	108	O	6.93	T	-		
617	109	O	6.93	C	-		
618	0	O	20.79	T	-		
618	1	O	20.79	A	-		
618	2	O	20.79	C	-		
618	3	O	20.79	T	-		
618	4	O	20.79	G	-		
618	5	O	20.79	G	-		
618	6	O	20.79	C	-		
618	7	O	20.79	T	-		
618	8	O	20.79	A	-		
618	9	O	20.79	G	-		
618	10	O	20.79	T	-		
618	11	O	20.79	A	-		
618	12	O	20.79	T	-		
618	13	O	20.79	C	-		
618	14	O	20.79	T	-		
618	15	O	20.79	T	-		
618	16	O	20.79	A	-		
618	17	O	20.79	T	-		
618	18	O	20.79	C	-		
618	19	O	20.79	A	-		
618	20	O	20.79	A	-		
618	21	O	20.79	A	-		
618	22	O	20.79	G	-		
618	23	O	20.79	G	-		
618	24	O	20.79	T	-		
618	25	O	20.79	T	-		
618	26	O	20.79	T	-		
618	27	O	20.79	T	-		
618	28	O	20.79	T	-		
618	29	O	20.79	G	-		
618	30	O	20.79	A	-		
618	31	O	20.79	T	-		
618	32	O	20.79	A	-		
618	33	O	20.79	T	-		
618	34	O	20.79	A	-		
618	35	O	20.79	A	-		
618	36	O	20.79	T	-		
618	37	O	20.79	A	-		
618	38	O	20.79	T	-		
618	39	O	20.79	T	-		
618	40	O	20.79	G	-		
618	41	O	20.79	A	-		
618	42	O	20.79	T	-		
618	43	O	20.79	C	-		
618	44	O	20.79	T	-		
618	45	O	20.79	T	-		
618	46	O	20.79	C	-		
618	47	O	20.79	A	-		
618	48	O	20.79	T	-		
618	49	O	20.79	T	-		
618	50	O	20.79	A	-		
618	51	O	20.79	T	-		
618	52	O	20.79	A	-		
618	53	O	20.79	G	-		
618	54	O	20.79	G	-		
618	55	O	20.79	A	-		
618	56	O	20.79	G	-		
618	57	O	20.79	C	-		
618	58	O	20.79	A	-		
618	59	O	20.79	C	-		
618	60	O	20.79	A	-		
618	61	O	20.79	T	-		
618	62	O	20.79	A	-		
618	63	O	20.79	G	-		
618	64	O	20.79	T	-		
618	65	O	20.79	T	-		
618	66	O	20.79	T	-		
618	67	O	20.79	T	-		
618	68	O	20.79	T	-		
618	69	O	20.79	G	-		
618	70	O	20.79	T	-		
618	71	O	20.79	T	-		
618	72	O	20.79	G	-		
618	73	O	20.79	C	-		
618	74	O	20.79	T	-		
618	75	O	20.79	A	-		
618	76	O	20.79	G	-		
618	77	O	20.79	G	-		
618	78	O	20.79	A	-		
618	79	O	20.79	T	-		
618	80	O	20.79	T	-		
618	81	O	20.79	A	-		
618	82	O	20.79	A	-		
618	83	O	20.79	T	-		
618	84	O	20.79	A	-		
618	85	O	20.79	A	-		
618	86	O	20.79	A	-		
618	87	O	20.79	T	-		
618	88	O	20.79	A	-		
618	89	O	20.79	T	-		
618	90	O	20.79	G	-		
618	91	O	20.79	G	-		
618	92	O	20.79	T	-		
618	93	O	20.79	A	-		
618	94	O	20.79	G	-		
618	95	O	20.79	T	-		
618	96	O	20.79	T	-		
618	97	O	20.79	T	-		
618	98	O	20.79	T	-		
618	99	O	20.79	G	-		
618	100	O	20.79	T	-		
618	101	O	20.79	T	-		
618	102	O	20.79	G	-		
618	103	O	20.79	A	-		
618	104	O	20.79	T	-		
618	105	O	20.79	A	-		
618	106	O	20.79	A	-		
618	107	O	20.79	T	-		
618	108	O	20.79	T	-		
618	109	O	20.79	T	-		
619	0	O	6.93	C	-		
619	1	O	6.93	C	-		
619	2	O	6.93	C	-		
619	3	O	6.93	A	-		
619	4	O	6.93	G	-		
619	5	O	6.93	G	-		
619	6	O	6.93	C	-		
619	7	O	6.93	A	-		
619	8	O	6.93	A	-		
619	9	O	6.93	G	-		
619	10	O	6.93	G	-		
619	11	O	6.93	C	-		
619	12	O	6.93	T	-		
619	13	O	6.93	G	-		
619	14	O	6.93	T	-		
619	15	O	6.93	C	-		
619	16	O	6.93	T	-		
619	17	O	6.93	C	-		
619	18	O	6.93	T	-		
619	19	O	6.93	C	-		
619	20	O	6.93	A	-		
619	21	O	6.93	C	-		
619	22	O	6.93	G	-		
619	23	O	6.93	G	-		
619	24	O	6.93	A	-		
619	25	O	6.93	T	-		
619	26	O	6.93	T	-		
619	27	O	6.93	C	-		
619	28	O	6.93	G	-		
619	29	O	6.93	C	-		
619	30	O	6.93	C	-		
619	31	O	6.93	A	-		
619	32	O	6.93	A	-		
619	33	O	6.93	G	-		
619	34	O	6.93	G	-		
619	35	O	6.93	A	-		
619	36	O	6.93	G	-		
619	37	O	6.93	C	-		
619	38	O	6.93	T	-		
619	39	O	6.93	C	-		
619	40	O	6.93	C	-		
619	41	O	6.93	T	-		
619	42	O	6.93	T	-		
619	43	O	6.93	G	-		
619	44	O	6.93	C	-		
619	45	O	6.93	T	-		
619	46	O	6.93	G	-		
619	47	O	6.93	G	-		
619	48	O	6.93	C	-		
619	49	O	6.93	T	-		
619	50	O	6.93	T	-		
619	51	O	6.93	T	-		
619	52	O	6.93	G	-		
619	53	O	6.93	C	-		
619	54	O	6.93	T	-		
619	55	O	6.93	G	-		
619	56	O	6.93	G	-		
619	57	O	6.93	C	-		
619	58	O	6.93	G	-		
619	59	O	6.93	G	-		
619	60	O	6.93	T	-		
619	61	O	6.93	G	-		
619	62	O	6.93	A	-		
619	63	O	6.93	G	-		
619	64	O	6.93	G	-		
619	65	O	6.93	T	-		
619	66	O	6.93	C	-		
619	67	O	6.93	G	-		
619	68	O	6.93	A	-		
619	69	O	6.93	C	-		
619	70	O	6.93	C	-		
619	71	O	6.93	G	-		
619	72	O	6.93	T	-		
619	73	O	6.93	C	-		
619	74	O	6.93	T	-		
619	75	O	6.93	T	-		
619	76	O	6.93	G	-		
619	77	O	6.93	C	-		
619	78	O	6.93	T	-		
619	79	O	6.93	G	-		
619	80	O	6.93	A	-		
619	81	O	6.93	G	-		
619	82	O	6.93	A	-		
619	83	O	6.93	C	-		
619	84	O	6.93	C	-		
619	85	O	6.93	A	-		
619	86	O	6.93	A	-		
619	87	O	6.93	G	-		
619	88	O	6.93	G	-		
619	89	O	6.93	G	-		
619	90	O	6.93	C	-		
619	91	O	6.93	G	-		
619	92	O	6.93	C	-		
619	93	O	6.93	C	-		
619	94	O	6.93	G	-		
619	95	O	6.93	A	-		
619	96	O	6.93	C	-		
619	97	O	6.93	T	-		
619	98	O	6.93	A	-		
619	99	O	6.93	C	-		
619	100	O	6.93	A	-		
619	101	O	6.93	T	-		
619	102	O	6.93	C	-		
619	103	O	6.93	G	-		
619	104	O	6.93	A	-		
619	105	O	6.93	C	-		
619	106	O	6.93	C	-		
619	107	O	6.93	G	-		
619	108	O	6.93	C	-		
619	109	O	6.93	G	-		
620	0	O	5.55	A	-		
620	1	O	5.55	A	-		
620	2	O	5.55	A	-		
620	3	O	5.55	G	-		
620	4	O	5.55	G	-		
620	5	O	5.55	A	-		
620	6	O	5.55	A	-		
620	7	O	5.55	G	-		
620	8	O	5.55	A	-		
620	9	O	5.55	G	-		
620	10	O	5.55	A	-		
620	11	O	5.55	G	-		
620	12	O	5.55	C	-		
620	13	O	5.55	A	-		
620	14	O	5.55	T	-		
620	15	O	5.55	T	-		
620	16	O	5.55	T	-		
620	17	O	5.55	G	-		
620	18	O	5.55	A	-		
620	19	O	5.55	G	-		
620	20	O	5.55	G	-		
620	21	O	5.55	A	-		
620	22	O	5.55	G	-		
620	23	O	5.55	G	-		
620	24	O	5.55	A	-		
620	25	O	5.55	G	-		
620	26	O	5.55	A	-		
620	27	O	5.55	G	-		
620	28	O	5.55	G	-		
620	29	O	5.55	G	-		
620	30	O	5.55	A	-		
620	31	O	5.55	G	-		
620	32	O	5.55	A	-		
620	33	O	5.55	A	-		
620	34	O	5.55	A	-		
620	35	O	5.55	G	-		
620	36	O	5.55	A	-		
620	37	O	5.55	A	-		
620	38	O	5.55	C	-		
620	39	O	5.55	T	-		
620	40	O	5.55	T	-		
620	41	O	5.55	A	-		
620	42	O	5.55	C	-		
620	43	O	5.55	T	-		
620	44	O	5.55	A	-		
620	45	O	5.55	A	-		
620	46	O	5.55	T	-		
620	47	O	5.55	A	-		
620	48	O	5.55	T	-		
620	49	O	5.55	C	-		
620	50	O	5.55	A	-		
620	51	O	5.55	A	-		
620	52	O	5.55	C	-		
620	53	O	5.55	T	-		
620	54	O	5.55	A	-		
620	55	O	5.55	C	-		
620	56	O	5.55	C	-		
620	57	O	5.55	T	-		
620	58	O	5.55	G	-		
620	59	O	5.55	A	-		
620	60	O	5.55	A	-		
620	61	O	5.55	A	-		
620	62	O	5.55	G	-		
620	63	O	5.55	G	-		
620	64	O	5.55	A	-		
620	65	O	5.55	G	-		
620	66	O	5.55	T	-		
620	67	O	5.55	T	-		
620	68	O	5.55	G	-		
620	69	O	5.55	T	-		
620	70	O	5.55	C	-		
620	71	O	5.55	C	-		
620	72	O	5.55	A	-		
620	73	O	5.55	G	-		
620	74	O	5.55	A	-		
620	75	O	5.55	G	-		
620	76	O	5.55	G	-		
620	77	O	5.55	G	-		
620	78	O	5.55	A	-		
620	79	O	5.55	A	-		
620	80	O	5.55	A	-		
620	81	O	5.55	T	-		
620	82	O	5.55	A	-		
620	83	O	5.55	G	-		
620	84	O	5.55	A	-		
620	85	O	5.55	G	-		
620	86	O	5.55	G	-		
620	87	O	5.55	A	-		
620	88	O	5.55	A	-		
620	89	O	5.55	A	-		
620	90	O	5.55	T	-		
620	91	O	5.55	G	-		
620	92	O	5.55	A	-		
620	93	O	5.55	G	-		
620	94	O	5.55	A	-		
620	95	O	5.55	T	-		
620	96	O	5.55	C	-		
620	97	O	5.55	T	-		
620	98	O	5.55	G	-		
620	99	O	5.55	A	-		
620	100	O	5.55	A	-		
620	101	O	5.55	A	-		
620	102	O	5.55	G	-		
620	103	O	5.55	G	-		
620	104	O	5.55	C	-		
620	105	O	5.55	A	-		
620	106	O	5.55	T	-		
620	107	O	5.55	G	-		
620	108	O	5.55	G	-		
620	109	O	5.55	A	-		
621	0	O	13.86	T	-		
621	1	O	13.86	A	-		
621	2	O	13.86	G	-		
621	3	O	13.86	A	-		
621	4	O	13.86	A	-		
621	5	O	13.86	A	-		
621	6	O	13.86	A	-		
621	7	O	13.86	G	-		
621	8	O	13.86	A	-		
621	9	O	13.86	T	-		
621	10	O	13.86	A	-		
621	11	O	13.86	T	-		
621	12	O	13.86	T	-		
621	13	O	13.86	A	-		
621	14	O	13.86	A	-		
621	15	O	13.86	A	-		
621	16	O	13.86	G	-		
621	17	O	13.86	C	-		
621	18	O	13.86	T	-		
621	19	O	13.86	G	-		
621	20	O	13.86	A	-		
621	21	O	13.86	A	-		
621	22	O	13.86	T	-		
621	23	O	13.86	T	-		
621	24	O	13.86	T	-		
621	25	O	13.86	C	-		
621	26	O	13.86	A	-		
621	27	O	13.86	T	-		
621	28	O	13.86	G	-		
621	29	O	13.86	T	-		
621	30	O	13.86	A	-		
621	31	O	13.86	A	-		
621	32	O	13.86	T	-		
621	33	O	13.86	G	-		
621	34	O	13.86	G	-		
621	35	O	13.86	C	-		
621	36	O	13.86	C	-		
621	37	O	13.86	T	-		
621	38	O	13.86	C	-		
621	39	O	13.86	G	-		
621	40	O	13.86	G	-		
621	41	O	13.86	C	-		
621	42	O	13.86	T	-		
621	43	O	13.86	T	-		
621	44	O	13.86	T	-		
621	45	O	13.86	G	-		
621	46	O	13.86	T	-		
621	47	O	13.86	C	-		
621	48	O	13.86	T	-		
621	49	O	13.86	A	-		
621	50	O	13.86	A	-		
621	51	O	13.86	A	-		
621	52	O	13.86	G	-		
621	53	O	13.86	A	-		
621	54	O	13.86	A	-		
621	55	O	13.86	A	-		
621	56	O	13.86	T	-		
621	57	O	13.86	G	-		
621	58	O	13.86	G	-		
621	59	O	13.86	G	-		
621	60	O	13.86	A	-		
621	61	O	13.86	A	-		
621	62	O	13.86	T	-		
621	63	O	13.86	G	-		
621	64	O	13.86	A	-		
621	65	O	13.86	T	-		
621	66	O	13.86	G	-		
621	67	O	13.86	G	-		
621	68	O	13.86	A	-		
621	69	O	13.86	A	-		
621	70	O	13.86	G	-		
621	71	O	13.86	C	-		
621	72	O	13.86	T	-		
621	73	O	13.86	C	-		
621	74	O	13.86	A	-		
621	75	O	13.86	G	-		
621	76	O	13.86	C	-		
621	77	O	13.86	T	-		
621	78	O	13.86	G	-		
621	79	O	13.86	A	-		
621	80	O	13.86	A	-		
621	81	O	13.86	T	-		
621	82	O	13.86	C	-		
621	83	O	13.86	A	-		
621	84	O	13.86	G	-		
621	85	O	13.86	T	-		
621	86	O	13.86	G	-		
621	87	O	13.86	G	-		
621	88	O	13.86	A	-		
621	89	O	13.86	A	-		
621	90	O	13.86	G	-		
621	91	O	13.86	G	-		
621	92	O	13.86	A	-		
621	93	O	13.86	A	-		
621	94	O	13.86	A	-		
621	95	O	13.86	T	-		
621	96	O	13.86	A	-		
621	97	O	13.86	G	-		
621	98	O	13.86	C	-		
621	99	O	13.86	T	-		
621	100	O	13.86	C	-		
621	101	O	13.86	G	-		
621	102	O	13.86	T	-		
621	103	O	13.86	G	-		
621	104	O	13.86	A	-		
621	105	O	13.86	A	-		
621	106	O	13.86	G	-		
621	107	O	13.86	C	-		
621	108	O	13.86	T	-		
621	109	O	13.86	C	-		
622	0	O	8.32	A	-		
622	1	O	8.32	T	-		
622	2	O	8.32	G	-		
622	3	O	8.32	G	-		
622	4	O	8.32	T	-		
622	5	O	8.32	G	-		
622	6	O	8.32	A	-		
622	7	O	8.32	G	-		
622	8	O	8.32	G	-		
622	9	O	8.32	G	-		
622	10	O	8.32	G	-		
622	11	O	8.32	T	-		
622	12	O	8.32	C	-		
622	13	O	8.32	C	-		
622	14	O	8.32	A	-		
622	15	O	8.32	T	-		
622	16	O	8.32	C	-		
622	17	O	8.32	A	-		
622	18	O	8.32	T	-		
622	19	O	8.32	C	-		
622	20	O	8.32	G	-		
622	21	O	8.32	A	-		
622	22	O	8.32	T	-		
622	23	O	8.32	T	-		
622	24	O	8.32	A	-		
622	25	O	8.32	T	-		
622	26	O	8.32	C	-		
622	27	O	8.32	T	-		
622	28	O	8.32	T	-		
622	29	O	8.32	G	-		
622	30	O	8.32	G	-		
622	31	O	8.32	T	-		
622	32	O	8.32	G	-		
622	33	O	8.32	A	-		
622	34	O	8.32	A	-		
622	35	O	8.32	T	-		
622	36	O	8.32	A	-		
622	37	O	8.32	T	-		
622	38	O	8.32	A	-		
622	39	O	8.32	A	-		
622	40	O	8.32	G	-		
622	41	O	8.32	C	-		
622	42	O	8.32	T	-		
622	43	O	8.32	G	-		
622	44	O	8.32	T	-		
622	45	O	8.32	A	-		
622	46	O	8.32	T	-		
622	47	O	8.32	A	-		
622	48	O	8.32	A	-		
622	49	O	8.32	G	-		
622	50	O	8.32	G	-		
622	51	O	8.32	A	-		
622	52	O	8.32	G	-		
622	53	O	8.32	A	-		
622	54	O	8.32	T	-		
622	55	O	8.32	G	-		
622	56	O	8.32	G	-		
622	57	O	8.32	A	-		
622	58	O	8.32	T	-		
622	59	O	8.32	A	-		
622	60	O	8.32	A	-		
622	61	O	8.32	G	-		
622	62	O	8.32	A	-		
622	63	O	8.32	C	-		
622	64	O	8.32	G	-		
622	65	O	8.32	G	-		
622	66	O	8.32	G	-		
622	67	O	8.32	G	-		
622	68	O	8.32	A	-		
622	69	O	8.32	A	-		
622	70	O	8.32	G	-		
622	71	O	8.32	T	-		
622	72	O	8.32	C	-		
622	73	O	8.32	G	-		
622	74	O	8.32	A	-		
622	75	O	8.32	G	-		
622	76	O	8.32	A	-		
622	77	O	8.32	C	-		
622	78	O	8.32	A	-		
622	79	O	8.32	G	-		
622	80	O	8.32	G	-		
622	81	O	8.32	A	-		
622	82	O	8.32	G	-		
622	83	O	8.32	T	-		
622	84	O	8.32	T	-		
622	85	O	8.32	C	-		
622	86	O	8.32	A	-		
622	87	O	8.32	C	-		
622	88	O	8.32	G	-		
622	89	O	8.32	C	-		
622	90	O	8.32	A	-		
622	91	O	8.32	G	-		
622	92	O	8.32	A	-		
622	93	O	8.32	C	-		
622	94	O	8.32	G	-		
622	95	O	8.32	G	-		
622	96	O	8.32	A	-		
622	97	O	8.32	C	-		
622	98	O	8.32	A	-		
622	99	O	8.32	G	-		
622	100	O	8.32	G	-		
622	101	O	8.32	T	-		
622	102	O	8.32	C	-		
622	103	O	8.32	G	-		
622	104	O	8.32	A	-		
622	105	O	8.32	G	-		
622	106	O	8.32	A	-		
622	107	O	8.32	A	-		
622	108	O	8.32	G	-		
622	109	O	8.32	G	-		
623	0	O	8.32	G	-		
623	1	O	8.32	C	-		
623	2	O	8.32	A	-		
623	3	O	8.32	C	-		
623	4	O	8.32	G	-		
623	5	O	8.32	T	-		
623	6	O	8.32	T	-		
623	7	O	8.32	C	-		
623	8	O	8.32	G	-		
623	9	O	8.32	A	-		
623	10	O	8.32	G	-		
623	11	O	8.32	A	-		
623	12	O	8.32	C	-		
623	13	O	8.32	G	-		
623	14	O	8.32	T	-		
623	15	O	8.32	T	-		
623	16	O	8.32	C	-		
623	17	O	8.32	G	-		
623	18	O	8.32	C	-		
623	19	O	8.32	G	-		
623	20	O	8.32	G	-		
623	21	O	8.32	C	-		
623	22	O	8.32	C	-		
623	23	O	8.32	G	-		
623	24	O	8.32	T	-		
623	25	O	8.32	C	-		
623	26	O	8.32	G	-		
623	27	O	8.32	C	-		
623	28	O	8.32	C	-		
623	29	O	8.32	G	-		
623	30	O	8.32	A	-		
623	31	O	8.32	G	-		
623	32	O	8.32	A	-		
623	33	O	8.32	A	-		
623	34	O	8.32	G	-		
623	35	O	8.32	C	-		
623	36	O	8.32	T	-		
623	37	O	8.32	C	-		
623	38	O	8.32	G	-		
623	39	O	8.32	C	-		
623	40	O	8.32	C	-		
623	41	O	8.32	G	-		
623	42	O	8.32	C	-		
623	43	O	8.32	C	-		
623	44	O	8.32	C	-		
623	45	O	8.32	G	-		
623	46	O	8.32	A	-		
623	47	O	8.32	A	-		
623	48	O	8.32	A	-		
623	49	O	8.32	G	-		
623	50	O	8.32	G	-		
623	51	O	8.32	G	-		
623	52	O	8.32	C	-		
623	53	O	8.32	G	-		
623	54	O	8.32	G	-		
623	55	O	8.32	G	-		
623	56	O	8.32	T	-		
623	57	O	8.32	C	-		
623	58	O	8.32	T	-		
623	59	O	8.32	G	-		
623	60	O	8.32	A	-		
623	61	O	8.32	A	-		
623	62	O	8.32	G	-		
623	63	O	8.32	C	-		
623	64	O	8.32	G	-		
623	65	O	8.32	C	-		
623	66	O	8.32	A	-		
623	67	O	8.32	C	-		
623	68	O	8.32	A	-		
623	69	O	8.32	G	-		
623	70	O	8.32	C	-		
623	71	O	8.32	G	-		
623	72	O	8.32	A	-		
623	73	O	8.32	G	-		
623	74	O	8.32	G	-		
623	75	O	8.32	G	-		
623	76	O	8.32	C	-		
623	77	O	8.32	A	-		
623	78	O	8.32	C	-		
623	79	O	8.32	C	-		
623	80	O	8.32	C	-		
623	81	O	8.32	T	-		
623	82	O	8.32	C	-		
623	83	O	8.32	G	-		
623	84	O	8.32	C	-		
623	85	O	8.32	C	-		
623	86	O	8.32	G	-		
623	87	O	8.32	G	-		
623	88	O	8.32	C	-		
623	89	O	8.32	A	-		
623	90	O	8.32	C	-		
623	91	O	8.32	C	-		
623	92	O	8.32	A	-		
623	93	O	8.32	T	-		
623	94	O	8.32	C	-		
623	95	O	8.32	A	-		
623	96	O	8.32	C	-		
623	97	O	8.32	C	-		
623	98	O	8.32	C	-		
623	99	O	8.32	T	-		
623	100	O	8.32	C	-		
623	101	O	8.32	A	-		
623	102	O	8.32	C	-		
623	103	O	8.32	C	-		
623	104	O	8.32	G	-		
623	105	O	8.32	G	-		
623	106	O	8.32	C	-		
623	107	O	8.32	G	-		
623	108	O	8.32	G	-		
623	109	O	8.32	A	-		
624	0	O	5.55	C	-		
624	1	O	5.55	C	-		
624	2	O	5.55	T	-		
624	3	O	5.55	A	-		
624	4	O	5.55	A	-		
624	5	O	5.55	G	-		
624	6	O	5.55	A	-		
624	7	O	5.55	T	-		
624	8	O	5.55	C	-		
624	9	O	5.55	A	-		
624	10	O	5.55	C	-		
624	11	O	5.55	C	-		
624	12	O	5.55	T	-		
624	13	O	5.55	G	-		
624	14	O	5.55	A	-		
624	15	O	5.55	T	-		
624	16	O	5.55	G	-		
624	17	O	5.55	C	-		
624	18	O	5.55	A	-		
624	19	O	5.55	C	-		
624	20	O	5.55	C	-		
624	21	O	5.55	G	-		
624	22	O	5.55	T	-		
624	23	O	5.55	A	-		
624	24	O	5.55	C	-		
624	25	O	5.55	A	-		
624	26	O	5.55	C	-		
624	27	O	5.55	A	-		
624	28	O	5.55	T	-		
624	29	O	5.55	C	-		
624	30	O	5.55	C	-		
624	31	O	5.55	A	-		
624	32	O	5.55	C	-		
624	33	O	5.55	T	-		
624	34	O	5.55	T	-		
624	35	O	5.55	T	-		
624	36	O	5.55	C	-		
624	37	O	5.55	C	-		
624	38	O	5.55	A	-		
624	39	O	5.55	T	-		
624	40	O	5.55	T	-		
624	41	O	5.55	A	-		
624	42	O	5.55	T	-		
624	43	O	5.55	G	-		
624	44	O	5.55	C	-		
624	45	O	5.55	A	-		
624	46	O	5.55	T	-		
624	47	O	5.55	G	-		
624	48	O	5.55	C	-		
624	49	O	5.55	A	-		
624	50	O	5.55	A	-		
624	51	O	5.55	G	-		
624	52	O	5.55	C	-		
624	53	O	5.55	A	-		
624	54	O	5.55	C	-		
624	55	O	5.55	A	-		
624	56	O	5.55	G	-		
624	57	O	5.55	C	-		
624	58	O	5.55	T	-		
624	59	O	5.55	G	-		
624	60	O	5.55	A	-		
624	61	O	5.55	C	-		
624	62	O	5.55	G	-		
624	63	O	5.55	A	-		
624	64	O	5.55	T	-		
624	65	O	5.55	G	-		
624	66	O	5.55	A	-		
624	67	O	5.55	T	-		
624	68	O	5.55	C	-		
624	69	O	5.55	A	-		
624	70	O	5.55	G	-		
624	71	O	5.55	A	-		
624	72	O	5.55	A	-		
624	73	O	5.55	G	-		
624	74	O	5.55	G	-		
624	75	O	5.55	G	-		
624	76	O	5.55	T	-		
624	77	O	5.55	C	-		
624	78	O	5.55	C	-		
624	79	O	5.55	T	-		
624	80	O	5.55	G	-		
624	81	O	5.55	G	-		
624	82	O	5.55	A	-		
624	83	O	5.55	T	-		
624	84	O	5.55	C	-		
624	85	O	5.55	A	-		
624	86	O	5.55	T	-		
624	87	O	5.55	G	-		
624	88	O	5.55	A	-		
624	89	O	5.55	A	-		
624	90	O	5.55	G	-		
624	91	O	5.55	G	-		
624	92	O	5.55	C	-		
624	93	O	5.55	C	-		
624	94	O	5.55	T	-		
624	95	O	5.55	G	-		
624	96	O	5.55	A	-		
624	97	O	5.55	A	-		
624	98	O	5.55	A	-		
624	99	O	5.55	A	-		
624	100	O	5.55	T	-		
624	101	O	5.55	C	-		
624	102	O	5.55	A	-		
624	103	O	5.55	A	-		
624	104	O	5.55	A	-		
624	105	O	5.55	C	-		
624	106	O	5.55	G	-		
624	107	O	5.55	A	-		
624	108	O	5.55	G	-		
624	109	O	5.55	T	-		
625	0	O	8.32	T	-		
625	1	O	8.32	C	-		
625	2	O	8.32	C	-		
625	3	O	8.32	G	-		
625	4	O	8.32	G	-		
625	5	O	8.32	G	-		
625	6	O	8.32	A	-		
625	7	O	8.32	G	-		
625	8	O	8.32	G	-		
625	9	O	8.32	G	-		
625	10	O	8.32	A	-		
625	11	O	8.32	T	-		
625	12	O	8.32	G	-		
625	13	O	8.32	T	-		
625	14	O	8.32	G	-		
625	15	O	8.32	C	-		
625	16	O	8.32	T	-		
625	17	O	8.32	T	-		
625	18	O	8.32	G	-		
625	19	O	8.32	G	-		
625	20	O	8.32	G	-		
625	21	O	8.32	C	-		
625	22	O	8.32	C	-		
625	23	O	8.32	T	-		
625	24	O	8.32	G	-		
625	25	O	8.32	T	-		
625	26	O	8.32	A	-		
625	27	O	8.32	T	-		
625	28	O	8.32	T	-		
625	29	O	8.32	T	-		
625	30	O	8.32	C	-		
625	31	O	8.32	G	-		
625	32	O	8.32	C	-		
625	33	O	8.32	T	-		
625	34	O	8.32	G	-		
625	35	O	8.32	G	-		
625	36	O	8.32	C	-		
625	37	O	8.32	A	-		
625	38	O	8.32	C	-		
625	39	O	8.32	G	-		
625	40	O	8.32	T	-		
625	41	O	8.32	C	-		
625	42	O	8.32	G	-		
625	43	O	8.32	G	-		
625	44	O	8.32	C	-		
625	45	O	8.32	G	-		
625	46	O	8.32	A	-		
625	47	O	8.32	A	-		
625	48	O	8.32	G	-		
625	49	O	8.32	G	-		
625	50	O	8.32	A	-		
625	51	O	8.32	G	-		
625	52	O	8.32	A	-		
625	53	O	8.32	A	-		
625	54	O	8.32	G	-		
625	55	O	8.32	C	-		
625	56	O	8.32	C	-		
625	57	O	8.32	G	-		
625	58	O	8.32	G	-		
625	59	O	8.32	A	-		
625	60	O	8.32	T	-		
625	61	O	8.32	T	-		
625	62	O	8.32	T	-		
625	63	O	8.32	A	-		
625	64	O	8.32	G	-		
625	65	O	8.32	C	-		
625	66	O	8.32	C	-		
625	67	O	8.32	C	-		
625	68	O	8.32	A	-		
625	69	O	8.32	T	-		
625	70	O	8.32	T	-		
625	71	O	8.32	T	-		
625	72	O	8.32	G	-		
625	73	O	8.32	A	-		
625	74	O	8.32	G	-		
625	75	O	8.32	C	-		
625	76	O	8.32	T	-		
625	77	O	8.32	G	-		
625	78	O	8.32	T	-		
625	79	O	8.32	T	-		
625	80	O	8.32	C	-		
625	81	O	8.32	T	-		
625	82	O	8.32	G	-		
625	83	O	8.32	C	-		
625	84	O	8.32	T	-		
625	85	O	8.32	C	-		
625	86	O	8.32	G	-		
625	87	O	8.32	T	-		
625	88	O	8.32	G	-		
625	89	O	8.32	G	-		
625	90	O	8.32	A	-		
625	91	O	8.32	G	-		
625	92	O	8.32	T	-		
625	93	O	8.32	T	-		
625	94	O	8.32	T	-		
625	95	O	8.32	C	-		
625	96	O	8.32	G	-		
625	97	O	8.32	C	-		
625	98	O	8.32	C	-		
625	99	O	8.32	T	-		
625	100	O	8.32	T	-		
625	101	O	8.32	T	-		
625	102	O	8.32	G	-		
625	103	O	8.32	G	-		
625	104	O	8.32	C	-		
625	105	O	8.32	T	-		
625	106	O	8.32	T	-		
625	107	O	8.32	C	-		
625	108	O	8.32	C	-		
625	109	O	8.32	C	-		
626	0	O	13.86	C	-		
626	1	O	13.86	T	-		
626	2	O	13.86	G	-		
626	3	O	13.86	C	-		
626	4	O	13.86	T	-		
626	5	O	13.86	C	-		
626	6	O	13.86	A	-		
626	7	O	13.86	A	-		
626	8	O	13.86	T	-		
626	9	O	13.86	G	-		
626	10	O	13.86	T	-		
626	11	O	13.86	T	-		
626	12	O	13.86	T	-		
626	13	O	13.86	A	-		
626	14	O	13.86	C	-		
626	15	O	13.86	C	-		
626	16	O	13.86	G	-		
626	17	O	13.86	T	-		
626	18	O	13.86	C	-		
626	19	O	13.86	G	-		
626	20	O	13.86	C	-		
626	21	O	13.86	T	-		
626	22	O	13.86	G	-		
626	23	O	13.86	G	-		
626	24	O	13.86	G	-		
626	25	O	13.86	G	-		
626	26	O	13.86	A	-		
626	27	O	13.86	T	-		
626	28	O	13.86	G	-		
626	29	O	13.86	C	-		
626	30	O	13.86	C	-		
626	31	O	13.86	G	-		
626	32	O	13.86	A	-		
626	33	O	13.86	C	-		
626	34	O	13.86	A	-		
626	35	O	13.86	G	-		
626	36	O	13.86	G	-		
626	37	O	13.86	T	-		
626	38	O	13.86	G	-		
626	39	O	13.86	C	-		
626	40	O	13.86	A	-		
626	41	O	13.86	G	-		
626	42	O	13.86	G	-		
626	43	O	13.86	T	-		
626	44	O	13.86	G	-		
626	45	O	13.86	A	-		
626	46	O	13.86	G	-		
626	47	O	13.86	G	-		
626	48	O	13.86	A	-		
626	49	O	13.86	T	-		
626	50	O	13.86	G	-		
626	51	O	13.86	C	-		
626	52	O	13.86	G	-		
626	53	O	13.86	A	-		
626	54	O	13.86	C	-		
626	55	O	13.86	C	-		
626	56	O	13.86	G	-		
626	57	O	13.86	A	-		
626	58	O	13.86	A	-		
626	59	O	13.86	C	-		
626	60	O	13.86	G	-		
626	61	O	13.86	A	-		
626	62	O	13.86	G	-		
626	63	O	13.86	A	-		
626	64	O	13.86	A	-		
626	65	O	13.86	C	-		
626	66	O	13.86	C	-		
626	67	O	13.86	A	-		
626	68	O	13.86	T	-		
626	69	O	13.86	T	-		
626	70	O	13.86	T	-		
626	71	O	13.86	T	-		
626	72	O	13.86	C	-		
626	73	O	13.86	G	-		
626	74	O	13.86	C	-		
626	75	O	13.86	C	-		
626	76	O	13.86	A	-		
626	77	O	13.86	C	-		
626	78	O	13.86	C	-		
626	79	O	13.86	A	-		
626	80	O	13.86	G	-		
626	81	O	13.86	A	-		
626	82	O	13.86	G	-		
626	83	O	13.86	T	-		
626	84	O	13.86	T	-		
626	85	O	13.86	T	-		
626	86	O	13.86	G	-		
626	87	O	13.86	C	-		
626	88	O	13.86	G	-		
626	89	O	13.86	G	-		
626	90	O	13.86	A	-		
626	91	O	13.86	T	-		
626	92	O	13.86	G	-		
626	93	O	13.86	A	-		
626	94	O	13.86	A	-		
626	95	O	13.86	C	-		
626	96	O	13.86	G	-		
626	97	O	13.86	A	-		
626	98	O	13.86	G	-		
626	99	O	13.86	A	-		
626	100	O	13.86	A	-		
626	101	O	13.86	T	-		
626	102	O	13.86	G	-		
626	103	O	13.86	G	-		
626	104	O	13.86	G	-		
626	105	O	13.86	C	-		
626	106	O	13.86	C	-		
626	107	O	13.86	A	-		
626	108	O	13.86	A	-		
626	109	O	13.86	T	-		
627	0	O	8.32	T	-		
627	1	O	8.32	G	-		
627	2	O	8.32	C	-		
627	3	O	8.32	A	-		
627	4	O	8.32	C	-		
627	5	O	8.32	A	-		
627	6	O	8.32	A	-		
627	7	O	8.32	C	-		
627	8	O	8.32	C	-		
627	9	O	8.32	G	-		
627	10	O	8.32	A	-		
627	11	O	8.32	A	-		
627	12	O	8.32	C	-		
627	13	O	8.32	A	-		
627	14	O	8.32	A	-		
627	15	O	8.32	A	-		
627	16	O	8.32	G	-		
627	17	O	8.32	T	-		
627	18	O	8.32	G	-		
627	19	O	8.32	A	-		
627	20	O	8.32	G	-		
627	21	O	8.32	C	-		
627	22	O	8.32	C	-		
627	23	O	8.32	T	-		
627	24	O	8.32	T	-		
627	25	O	8.32	C	-		
627	26	O	8.32	C	-		
627	27	O	8.32	A	-		
627	28	O	8.32	C	-		
627	29	O	8.32	T	-		
627	30	O	8.32	G	-		
627	31	O	8.32	C	-		
627	32	O	8.32	C	-		
627	33	O	8.32	G	-		
627	34	O	8.32	C	-		
627	35	O	8.32	T	-		
627	36	O	8.32	A	-		
627	37	O	8.32	C	-		
627	38	O	8.32	T	-		
627	39	O	8.32	A	-		
627	40	O	8.32	A	-		
627	41	O	8.32	T	-		
627	42	O	8.32	T	-		
627	43	O	8.32	G	-		
627	44	O	8.32	G	-		
627	45	O	8.32	C	-		
627	46	O	8.32	G	-		
627	47	O	8.32	A	-		
627	48	O	8.32	T	-		
627	49	O	8.32	T	-		
627	50	O	8.32	A	-		
627	51	O	8.32	C	-		
627	52	O	8.32	A	-		
627	53	O	8.32	C	-		
627	54	O	8.32	G	-		
627	55	O	8.32	A	-		
627	56	O	8.32	G	-		
627	57	O	8.32	C	-		
627	58	O	8.32	C	-		
627	59	O	8.32	A	-		
627	60	O	8.32	T	-		
627	61	O	8.32	G	-		
627	62	O	8.32	C	-		
627	63	O	8.32	T	-		
627	64	O	8.32	G	-		
627	65	O	8.32	A	-		
627	66	O	8.32	T	-		
627	67	O	8.32	A	-		
627	68	O	8.32	C	-		
627	69	O	8.32	C	-		
627	70	O	8.32	C	-		
627	71	O	8.32	A	-		
627	72	U	0.71	T	G		
627	73	O	8.32	C	-		
627	74	O	8.32	A	-		
627	75	O	8.32	A	-		
627	76	O	8.32	A	-		
627	77	O	8.32	G	-		
627	78	O	8.32	A	-		
627	79	O	8.32	A	-		
627	80	O	8.32	A	-		
627	81	O	8.32	C	-		
627	82	O	8.32	C	-		
627	83	O	8.32	C	-		
627	84	O	8.32	A	-		
627	85	O	8.32	A	-		
627	86	O	8.32	G	-		
627	87	O	8.32	A	-		
627	88	O	8.32	T	-		
627	89	O	8.32	A	-		
627	90	O	8.32	T	-		
627	91	O	8.32	C	-		
627	92	O	8.32	C	-		
627	93	O	8.32	C	-		
627	94	O	8.32	C	-		
627	95	O	8.32	A	-		
627	96	O	8.32	G	-		
627	97	O	8.32	A	-		
627	98	O	8.32	A	-		
627	99	O	8.32	G	-		
627	100	O	8.32	C	-		
627	101	O	8.32	T	-		
627	102	O	8.32	G	-		
627	103	O	8.32	A	-		
627	104	O	8.32	C	-		
627	105	U	0.71	C	A		
627	106	O	8.32	A	-		
627	107	O	8.32	C	-		
627	108	O	8.32	G	-		
627	109	O	8.32	T	-		
628	0	O	5.55	C	-		
628	1	O	5.55	C	-		
628	2	O	5.55	C	-		
628	3	O	5.55	G	-		
628	4	O	5.55	T	-		
628	5	O	5.55	C	-		
628	6	O	5.55	A	-		
628	7	O	5.55	G	-		
628	8	O	5.55	G	-		
628	9	O	5.55	G	-		
628	10	O	5.55	A	-		
628	11	O	5.55	T	-		
628	12	O	5.55	C	-		
628	13	O	5.55	T	-		
628	14	O	5.55	C	-		
628	15	O	5.55	A	-		
628	16	O	5.55	G	-		
628	17	O	5.55	G	-		
628	18	O	5.55	A	-		
628	19	O	5.55	T	-		
628	20	O	5.55	C	-		
628	21	O	5.55	C	-		
628	22	O	5.55	T	-		
628	23	O	5.55	A	-		
628	24	O	5.55	G	-		
628	25	O	5.55	G	-		
628	26	O	5.55	A	-		
628	27	O	5.55	T	-		
628	28	O	5.55	C	-		
628	29	O	5.55	C	-		
628	30	O	5.55	C	-		
628	31	O	5.55	A	-		
628	32	O	5.55	G	-		
628	33	O	5.55	C	-		
628	34	O	5.55	A	-		
628	35	O	5.55	T	-		
628	36	O	5.55	C	-		
628	37	O	5.55	T	-		
628	38	O	5.55	C	-		
628	39	O	5.55	G	-		
628	40	O	5.55	T	-		
628	41	O	5.55	G	-		
628	42	O	5.55	A	-		
628	43	O	5.55	C	-		
628	44	O	5.55	C	-		
628	45	O	5.55	G	-		
628	46	O	5.55	T	-		
628	47	O	5.55	A	-		
628	48	O	5.55	G	-		
628	49	O	5.55	G	-		
628	50	O	5.55	A	-		
628	51	O	5.55	T	-		
628	52	O	5.55	C	-		
628	53	O	5.55	C	-		
628	54	O	5.55	T	-		
628	55	O	5.55	A	-		
628	56	O	5.55	G	-		
628	57	O	5.55	G	-		
628	58	O	5.55	A	-		
628	59	O	5.55	T	-		
628	60	O	5.55	C	-		
628	61	O	5.55	C	-		
628	62	O	5.55	T	-		
628	63	O	5.55	A	-		
628	64	O	5.55	T	-		
628	65	O	5.55	G	-		
628	66	O	5.55	A	-		
628	67	O	5.55	T	-		
628	68	O	5.55	C	-		
628	69	O	5.55	C	-		
628	70	O	5.55	T	-		
628	71	O	5.55	A	-		
628	72	O	5.55	G	-		
628	73	O	5.55	A	-		
628	74	O	5.55	A	-		
628	75	O	5.55	T	-		
628	76	O	5.55	C	-		
628	77	O	5.55	G	-		
628	78	O	5.55	G	-		
628	79	O	5.55	C	-		
628	80	O	5.55	C	-		
628	81	O	5.55	A	-		
628	82	O	5.55	A	-		
628	83	O	5.55	A	-		
628	84	O	5.55	C	-		
628	85	O	5.55	T	-		
628	86	O	5.55	C	-		
628	87	O	5.55	T	-		
628	88	O	5.55	C	-		
628	89	O	5.55	T	-		
628	90	O	5.55	G	-		
628	91	O	5.55	C	-		
628	92	O	5.55	G	-		
628	93	O	5.55	C	-		
628	94	O	5.55	T	-		
628	95	O	5.55	G	-		
628	96	O	5.55	C	-		
628	97	O	5.55	C	-		
628	98	O	5.55	A	-		
628	99	O	5.55	G	-		
628	100	O	5.55	G	-		
628	101	O	5.55	C	-		
628	102	O	5.55	G	-		
628	103	O	5.55	A	-		
628	104	O	5.55	G	-		
628	105	O	5.55	C	-		
628	106	O	5.55	A	-		
628	107	O	5.55	G	-		
628	108	O	5.55	G	-		
628	109	O	5.55	C	-		
629	0	O	12.48	C	-		
629	1	O	12.48	A	-		
629	2	O	12.48	C	-		
629	3	O	12.48	C	-		
629	4	O	12.48	G	-		
629	5	O	12.48	G	-		
629	6	O	12.48	T	-		
629	7	O	12.48	T	-		
629	8	O	12.48	C	-		
629	9	O	12.48	T	-		
629	10	O	12.48	C	-		
629	11	O	12.48	T	-		
629	12	O	12.48	C	-		
629	13	O	12.48	T	-		
629	14	O	12.48	A	-		
629	15	O	12.48	C	-		
629	16	O	12.48	A	-		
629	17	O	12.48	A	-		
629	18	O	12.48	T	-		
629	19	O	12.48	G	-		
629	20	O	12.48	C	-		
629	21	O	12.48	C	-		
629	22	O	12.48	A	-		
629	23	O	12.48	G	-		
629	24	O	12.48	C	-		
629	25	O	12.48	C	-		
629	26	O	12.48	T	-		
629	27	O	12.48	C	-		
629	28	O	12.48	C	-		
629	29	O	12.48	C	-		
629	30	O	12.48	G	-		
629	31	O	12.48	G	-		
629	32	O	12.48	C	-		
629	33	O	12.48	C	-		
629	34	O	12.48	G	-		
629	35	O	12.48	A	-		
629	36	O	12.48	T	-		
629	37	O	12.48	C	-		
629	38	O	12.48	T	-		
629	39	O	12.48	A	-		
629	40	O	12.48	G	-		
629	41	O	12.48	C	-		
629	42	O	12.48	A	-		
629	43	O	12.48	G	-		
629	44	O	12.48	G	-		
629	45	O	12.48	C	-		
629	46	O	12.48	A	-		
629	47	O	12.48	T	-		
629	48	O	12.48	G	-		
629	49	O	12.48	G	-		
629	50	O	12.48	A	-		
629	51	O	12.48	A	-		
629	52	O	12.48	G	-		
629	53	O	12.48	T	-		
629	54	O	12.48	A	-		
629	55	O	12.48	T	-		
629	56	O	12.48	C	-		
629	57	O	12.48	A	-		
629	58	O	12.48	G	-		
629	59	O	12.48	T	-		
629	60	O	12.48	C	-		
629	61	O	12.48	A	-		
629	62	O	12.48	C	-		
629	63	O	12.48	C	-		
629	64	O	12.48	C	-		
629	65	O	12.48	A	-		
629	66	O	12.48	G	-		
629	67	O	12.48	C	-		
629	68	O	12.48	T	-		
629	69	O	12.48	C	-		
629	70	O	12.48	C	-		
629	71	O	12.48	G	-		
629	72	O	12.48	A	-		
629	73	O	12.48	A	-		
629	74	O	12.48	G	-		
629	75	O	12.48	C	-		
629	76	O	12.48	A	-		
629	77	O	12.48	A	-		
629	78	O	12.48	G	-		
629	79	O	12.48	A	-		
629	80	O	12.48	C	-		
629	81	O	12.48	C	-		
629	82	O	12.48	T	-		
629	83	O	12.48	T	-		
629	84	O	12.48	G	-		
629	85	O	12.48	T	-		
629	86	O	12.48	G	-		
629	87	O	12.48	G	-		
629	88	O	12.48	A	-		
629	89	O	12.48	G	-		
629	90	O	12.48	T	-		
629	91	O	12.48	A	-		
629	92	O	12.48	G	-		
629	93	O	12.48	A	-		
629	94	O	12.48	G	-		
629	95	O	12.48	G	-		
629	96	O	12.48	T	-		
629	97	O	12.48	G	-		
629	98	O	12.48	T	-		
629	99	O	12.48	T	-		
629	100	O	12.48	A	-		
629	101	O	12.48	A	-		
629	102	O	12.48	T	-		
629	103	O	12.48	T	-		
629	104	O	12.48	T	-		
629	105	O	12.48	C	-		
629	106	O	12.48	A	-		
629	107	O	12.48	G	-		
629	108	O	12.48	C	-		
629	109	O	12.48	C	-		
630	0	O	6.93	C	-		
630	1	O	6.93	G	-		
630	2	O	6.93	T	-		
630	3	O	6.93	T	-		
630	4	O	6.93	C	-		
630	5	O	6.93	G	-		
630	6	O	6.93	A	-		
630	7	O	6.93	G	-		
630	8	O	6.93	C	-		
630	9	O	6.93	A	-		
630	10	O	6.93	G	-		
630	11	O	6.93	C	-		
630	12	O	6.93	T	-		
630	13	O	6.93	C	-		
630	14	O	6.93	A	-		
630	15	O	6.93	T	-		
630	16	O	6.93	C	-		
630	17	O	6.93	C	-		
630	18	O	6.93	T	-		
630	19	O	6.93	T	-		
630	20	O	6.93	C	-		
630	21	O	6.93	A	-		
630	22	O	6.93	T	-		
630	23	O	6.93	A	-		
630	24	O	6.93	G	-		
630	25	O	6.93	A	-		
630	26	O	6.93	A	-		
630	27	O	6.93	G	-		
630	28	O	6.93	C	-		
630	29	O	6.93	G	-		
630	30	O	6.93	T	-		
630	31	O	6.93	A	-		
630	32	O	6.93	G	-		
630	33	O	6.93	C	-		
630	34	O	6.93	T	-		
630	35	O	6.93	G	-		
630	36	O	6.93	G	-		
630	37	O	6.93	C	-		
630	38	O	6.93	C	-		
630	39	O	6.93	G	-		
630	40	O	6.93	C	-		
630	41	O	6.93	T	-		
630	42	O	6.93	T	-		
630	43	O	6.93	C	-		
630	44	O	6.93	A	-		
630	45	O	6.93	A	-		
630	46	O	6.93	C	-		
630	47	O	6.93	C	-		
630	48	O	6.93	G	-		
630	49	O	6.93	G	-		
630	50	O	6.93	G	-		
630	51	O	6.93	C	-		
630	52	O	6.93	C	-		
630	53	O	6.93	G	-		
630	54	O	6.93	C	-		
630	55	O	6.93	C	-		
630	56	O	6.93	G	-		
630	57	O	6.93	G	-		
630	58	O	6.93	G	-		
630	59	O	6.93	G	-		
630	60	O	6.93	A	-		
630	61	O	6.93	T	-		
630	62	O	6.93	C	-		
630	63	O	6.93	G	-		
630	64	O	6.93	C	-		
630	65	O	6.93	C	-		
630	66	O	6.93	C	-		
630	67	O	6.93	G	-		
630	68	O	6.93	C	-		
630	69	O	6.93	G	-		
630	70	O	6.93	C	-		
630	71	O	6.93	C	-		
630	72	O	6.93	T	-		
630	73	O	6.93	T	-		
630	74	O	6.93	G	-		
630	75	O	6.93	A	-		
630	76	O	6.93	G	-		
630	77	O	6.93	C	-		
630	78	O	6.93	G	-		
630	79	O	6.93	T	-		
630	80	O	6.93	G	-		
630	81	O	6.93	C	-		
630	82	O	6.93	C	-		
630	83	O	6.93	G	-		
630	84	O	6.93	A	-		
630	85	O	6.93	A	-		
630	86	O	6.93	C	-		
630	87	O	6.93	C	-		
630	88	O	6.93	A	-		
630	89	O	6.93	C	-		
630	90	O	6.93	T	-		
630	91	O	6.93	C	-		
630	92	O	6.93	G	-		
630	93	O	6.93	A	-		
630	94	O	6.93	C	-		
630	95	O	6.93	G	-		
630	96	O	6.93	T	-		
630	97	O	6.93	C	-		
630	98	O	6.93	G	-		
630	99	O	6.93	T	-		
630	100	O	6.93	T	-		
630	101	O	6.93	G	-		
630	102	O	6.93	C	-		
630	103	O	6.93	G	-		
630	104	O	6.93	A	-		
630	105	O	6.93	C	-		
630	106	O	6.93	C	-		
630	107	O	6.93	C	-		
630	108	O	6.93	T	-		
630	109	O	6.93	C	-		
631	0	O	6.93	A	-		
631	1	O	6.93	G	-		
631	2	O	6.93	A	-		
631	3	O	6.93	C	-		
631	4	O	6.93	G	-		
631	5	O	6.93	G	-		
631	6	O	6.93	G	-		
631	7	O	6.93	A	-		
631	8	O	6.93	A	-		
631	9	O	6.93	T	-		
631	10	O	6.93	G	-		
631	11	O	6.93	T	-		
631	12	O	6.93	T	-		
631	13	O	6.93	G	-		
631	14	O	6.93	C	-		
631	15	O	6.93	A	-		
631	16	O	6.93	T	-		
631	17	O	6.93	G	-		
631	18	O	6.93	T	-		
631	19	O	6.93	G	-		
631	20	O	6.93	C	-		
631	21	O	6.93	T	-		
631	22	O	6.93	C	-		
631	23	O	6.93	A	-		
631	24	O	6.93	A	-		
631	25	O	6.93	G	-		
631	26	O	6.93	A	-		
631	27	O	6.93	A	-		
631	28	O	6.93	C	-		
631	29	O	6.93	C	-		
631	30	O	6.93	G	-		
631	31	O	6.93	C	-		
631	32	O	6.93	T	-		
631	33	O	6.93	G	-		
631	34	O	6.93	G	-		
631	35	O	6.93	T	-		
631	36	O	6.93	G	-		
631	37	O	6.93	G	-		
631	38	O	6.93	A	-		
631	39	O	6.93	A	-		
631	40	O	6.93	G	-		
631	41	O	6.93	G	-		
631	42	O	6.93	A	-		
631	43	O	6.93	G	-		
631	44	O	6.93	C	-		
631	45	O	6.93	G	-		
631	46	O	6.93	C	-		
631	47	O	6.93	A	-		
631	48	O	6.93	G	-		
631	49	O	6.93	A	-		
631	50	O	6.93	G	-		
631	51	O	6.93	G	-		
631	52	O	6.93	C	-		
631	53	O	6.93	G	-		
631	54	O	6.93	G	-		
631	55	O	6.93	T	-		
631	56	O	6.93	G	-		
631	57	O	6.93	G	-		
631	58	O	6.93	A	-		
631	59	O	6.93	A	-		
631	60	O	6.93	C	-		
631	61	O	6.93	T	-		
631	62	O	6.93	T	-		
631	63	O	6.93	G	-		
631	64	O	6.93	C	-		
631	65	O	6.93	A	-		
631	66	O	6.93	C	-		
631	67	O	6.93	G	-		
631	68	O	6.93	G	-		
631	69	O	6.93	A	-		
631	70	O	6.93	C	-		
631	71	O	6.93	G	-		
631	72	O	6.93	A	-		
631	73	O	6.93	C	-		
631	74	O	6.93	T	-		
631	75	O	6.93	C	-		
631	76	O	6.93	C	-		
631	77	O	6.93	A	-		
631	78	O	6.93	A	-		
631	79	O	6.93	G	-		
631	80	O	6.93	G	-		
631	81	O	6.93	G	-		
631	82	O	6.93	C	-		
631	83	O	6.93	G	-		
631	84	O	6.93	G	-		
631	85	O	6.93	C	-		
631	86	O	6.93	G	-		
631	87	O	6.93	G	-		
631	88	O	6.93	C	-		
631	89	O	6.93	G	-		
631	90	O	6.93	T	-		
631	91	O	6.93	C	-		
631	92	O	6.93	A	-		
631	93	O	6.93	C	-		
631	94	O	6.93	C	-		
631	95	O	6.93	G	-		
631	96	O	6.93	A	-		
631	97	O	6.93	G	-		
631	98	O	6.93	C	-		
631	99	O	6.93	T	-		
631	100	O	6.93	T	-		
631	101	O	6.93	A	-		
631	102	O	6.93	G	-		
631	103	O	6.93	T	-		
631	104	O	6.93	C	-		
631	105	O	6.93	T	-		
631	106	O	6.93	G	-		
631	107	O	6.93	G	-		
631	108	O	6.93	C	-		
631	109	O	6.93	C	-		
632	0	O	9.70	G	-		
632	1	O	9.70	A	-		
632	2	O	9.70	C	-		
632	3	O	9.70	A	-		
632	4	O	9.70	A	-		
632	5	O	9.70	T	-		
632	6	O	9.70	G	-		
632	7	O	9.70	G	-		
632	8	O	9.70	T	-		
632	9	O	9.70	G	-		
632	10	O	9.70	T	-		
632	11	O	9.70	T	-		
632	12	O	9.70	C	-		
632	13	O	9.70	T	-		
632	14	O	9.70	T	-		
632	15	O	9.70	C	-		
632	16	O	9.70	A	-		
632	17	O	9.70	C	-		
632	18	O	9.70	G	-		
632	19	O	9.70	C	-		
632	20	O	9.70	C	-		
632	21	O	9.70	G	-		
632	22	O	9.70	A	-		
632	23	O	9.70	G	-		
632	24	O	9.70	A	-		
632	25	O	9.70	C	-		
632	26	O	9.70	G	-		
632	27	O	9.70	G	-		
632	28	O	9.70	T	-		
632	29	O	9.70	G	-		
632	30	O	9.70	A	-		
632	31	O	9.70	A	-		
632	32	O	9.70	T	-		
632	33	O	9.70	G	-		
632	34	O	9.70	T	-		
632	35	O	9.70	T	-		
632	36	O	9.70	A	-		
632	37	O	9.70	C	-		
632	38	O	9.70	C	-		
632	39	O	9.70	A	-		
632	40	O	9.70	A	-		
632	41	O	9.70	T	-		
632	42	O	9.70	G	-		
632	43	O	9.70	A	-		
632	44	O	9.70	G	-		
632	45	O	9.70	A	-		
632	46	O	9.70	C	-		
632	47	O	9.70	C	-		
632	48	O	9.70	C	-		
632	49	O	9.70	T	-		
632	50	O	9.70	T	-		
632	51	O	9.70	G	-		
632	52	O	9.70	G	-		
632	53	O	9.70	A	-		
632	54	O	9.70	A	-		
632	55	O	9.70	C	-		
632	56	O	9.70	G	-		
632	57	O	9.70	C	-		
632	58	O	9.70	T	-		
632	59	O	9.70	C	-		
632	60	O	9.70	T	-		
632	61	O	9.70	T	-		
632	62	O	9.70	T	-		
632	63	O	9.70	G	-		
632	64	O	9.70	C	-		
632	65	O	9.70	T	-		
632	66	O	9.70	G	-		
632	67	O	9.70	G	-		
632	68	O	9.70	C	-		
632	69	O	9.70	A	-		
632	70	O	9.70	T	-		
632	71	O	9.70	C	-		
632	72	O	9.70	G	-		
632	73	O	9.70	T	-		
632	74	O	9.70	T	-		
632	75	O	9.70	G	-		
632	76	O	9.70	G	-		
632	77	O	9.70	C	-		
632	78	O	9.70	G	-		
632	79	O	9.70	A	-		
632	80	O	9.70	A	-		
632	81	O	9.70	G	-		
632	82	O	9.70	A	-		
632	83	O	9.70	C	-		
632	84	O	9.70	A	-		
632	85	O	9.70	A	-		
632	86	O	9.70	C	-		
632	87	O	9.70	A	-		
632	88	O	9.70	C	-		
632	89	O	9.70	C	-		
632	90	O	9.70	G	-		
632	91	O	9.70	G	-		
632	92	O	9.70	T	-		
632	93	O	9.70	G	-		
632	94	O	9.70	T	-		
632	95	O	9.70	T	-		
632	96	O	9.70	G	-		
632	97	O	9.70	C	-		
632	98	O	9.70	G	-		
632	99	O	9.70	C	-		
632	100	O	9.70	A	-		
632	101	O	9.70	T	-		
632	102	O	9.70	C	-		
632	103	O	9.70	A	-		
632	104	O	9.70	C	-		
632	105	O	9.70	A	-		
632	106	O	9.70	G	-		
632	107	O	9.70	C	-		
632	108	O	9.70	G	-		
632	109	O	9.70	G	-		
633	0	O	5.55	C	-		
633	1	O	5.55	A	-		
633	2	O	5.55	A	-		
633	3	O	5.55	A	-		
633	4	O	5.55	A	-		
633	5	O	5.55	A	-		
633	6	O	5.55	C	-		
633	7	O	5.55	A	-		
633	8	O	5.55	A	-		
633	9	O	5.55	C	-		
633	10	O	5.55	A	-		
633	11	O	5.55	A	-		
633	12	O	5.55	C	-		
633	13	O	5.55	C	-		
633	14	O	5.55	C	-		
633	15	O	5.55	T	-		
633	16	O	5.55	T	-		
633	17	O	5.55	G	-		
633	18	O	5.55	A	-		
633	19	O	5.55	A	-		
633	20	O	5.55	T	-		
633	21	O	5.55	A	-		
633	22	O	5.55	A	-		
633	23	O	5.55	G	-		
633	24	O	5.55	A	-		
633	25	O	5.55	C	-		
633	26	O	5.55	T	-		
633	27	O	5.55	T	-		
633	28	O	5.55	C	-		
633	29	O	5.55	T	-		
633	30	O	5.55	C	-		
633	31	O	5.55	T	-		
633	32	O	5.55	G	-		
633	33	O	5.55	C	-		
633	34	O	5.55	C	-		
633	35	O	5.55	A	-		
633	36	O	5.55	T	-		
633	37	O	5.55	A	-		
633	38	O	5.55	C	-		
633	39	O	5.55	A	-		
633	40	O	5.55	A	-		
633	41	O	5.55	T	-		
633	42	O	5.55	G	-		
633	43	O	5.55	T	-		
633	44	O	5.55	T	-		
633	45	O	5.55	C	-		
633	46	O	5.55	A	-		
633	47	O	5.55	T	-		
633	48	O	5.55	C	-		
633	49	O	5.55	G	-		
633	50	O	5.55	C	-		
633	51	O	5.55	C	-		
633	52	O	5.55	A	-		
633	53	O	5.55	C	-		
633	54	O	5.55	T	-		
633	55	O	5.55	G	-		
633	56	O	5.55	A	-		
633	57	O	5.55	A	-		
633	58	O	5.55	A	-		
633	59	O	5.55	A	-		
633	60	O	5.55	A	-		
633	61	O	5.55	C	-		
633	62	O	5.55	C	-		
633	63	O	5.55	C	-		
633	64	O	5.55	A	-		
633	65	O	5.55	C	-		
633	66	O	5.55	C	-		
633	67	O	5.55	T	-		
633	68	O	5.55	C	-		
633	69	O	5.55	C	-		
633	70	O	5.55	A	-		
633	71	O	5.55	T	-		
633	72	O	5.55	T	-		
633	73	O	5.55	C	-		
633	74	O	5.55	T	-		
633	75	O	5.55	C	-		
633	76	O	5.55	C	-		
633	77	O	5.55	C	-		
633	78	O	5.55	G	-		
633	79	O	5.55	C	-		
633	80	O	5.55	C	-		
633	81	O	5.55	A	-		
633	82	O	5.55	A	-		
633	83	O	5.55	A	-		
633	84	O	5.55	A	-		
633	85	O	5.55	A	-		
633	86	O	5.55	C	-		
633	87	O	5.55	T	-		
633	88	O	5.55	A	-		
633	89	O	5.55	G	-		
633	90	O	5.55	A	-		
633	91	O	5.55	G	-		
633	92	O	5.55	T	-		
633	93	O	5.55	T	-		
633	94	O	5.55	C	-		
633	95	O	5.55	C	-		
633	96	O	5.55	C	-		
633	97	O	5.55	A	-		
633	98	O	5.55	G	-		
633	99	O	5.55	C	-		
633	100	O	5.55	A	-		
633	101	O	5.55	A	-		
633	102	O	5.55	A	-		
633	103	O	5.55	A	-		
633	104	O	5.55	A	-		
633	105	O	5.55	A	-		
633	106	O	5.55	C	-		
633	107	O	5.55	C	-		
633	108	O	5.55	C	-		
633	109	O	5.55	A	-		
634	0	O	9.70	A	-		
634	1	O	9.70	A	-		
634	2	O	9.70	A	-		
634	3	O	9.70	T	-		
634	4	O	9.70	C	-		
634	5	O	9.70	T	-		
634	6	O	9.70	T	-		
634	7	O	9.70	T	-		
634	8	O	9.70	C	-		
634	9	O	9.70	A	-		
634	10	O	9.70	G	-		
634	11	O	9.70	A	-		
634	12	O	9.70	G	-		
634	13	O	9.70	G	-		
634	14	O	9.70	C	-		
634	15	O	9.70	A	-		
634	16	O	9.70	G	-		
634	17	O	9.70	A	-		
634	18	O	9.70	C	-		
634	19	O	9.70	G	-		
634	20	O	9.70	A	-		
634	21	O	9.70	C	-		
634	22	O	9.70	C	-		
634	23	O	9.70	T	-		
634	24	O	9.70	G	-		
634	25	O	9.70	C	-		
634	26	O	9.70	C	-		
634	27	O	9.70	T	-		
634	28	O	9.70	T	-		
634	29	O	9.70	C	-		
634	30	O	9.70	C	-		
634	31	O	9.70	A	-		
634	32	O	9.70	C	-		
634	33	O	9.70	C	-		
634	34	O	9.70	T	-		
634	35	O	9.70	C	-		
634	36	O	9.70	T	-		
634	37	O	9.70	C	-		
634	38	O	9.70	C	-		
634	39	O	9.70	T	-		
634	40	O	9.70	G	-		
634	41	O	9.70	G	-		
634	42	O	9.70	G	-		
634	43	O	9.70	A	-		
634	44	O	9.70	C	-		
634	45	O	9.70	T	-		
634	46	O	9.70	G	-		
634	47	O	9.70	C	-		
634	48	O	9.70	C	-		
634	49	O	9.70	A	-		
634	50	O	9.70	A	-		
634	51	O	9.70	C	-		
634	52	O	9.70	A	-		
634	53	O	9.70	C	-		
634	54	O	9.70	T	-		
634	55	O	9.70	C	-		
634	56	O	9.70	T	-		
634	57	O	9.70	A	-		
634	58	O	9.70	T	-		
634	59	O	9.70	C	-		
634	60	O	9.70	A	-		
634	61	O	9.70	C	-		
634	62	O	9.70	G	-		
634	63	O	9.70	A	-		
634	64	O	9.70	C	-		
634	65	O	9.70	A	-		
634	66	O	9.70	A	-		
634	67	O	9.70	C	-		
634	68	O	9.70	C	-		
634	69	O	9.70	G	-		
634	70	O	9.70	A	-		
634	71	O	9.70	G	-		
634	72	O	9.70	C	-		
634	73	O	9.70	C	-		
634	74	O	9.70	G	-		
634	75	O	9.70	C	-		
634	76	O	9.70	G	-		
634	77	O	9.70	A	-		
634	78	O	9.70	T	-		
634	79	O	9.70	G	-		
634	80	O	9.70	T	-		
634	81	O	9.70	C	-		
634	82	O	9.70	G	-		
634	83	O	9.70	G	-		
634	84	O	9.70	C	-		
634	85	O	9.70	T	-		
634	86	O	9.70	A	-		
634	87	O	9.70	C	-		
634	88	O	9.70	C	-		
634	89	O	9.70	A	-		
634	90	O	9.70	A	-		
634	91	O	9.70	C	-		
634	92	O	9.70	A	-		
634	93	O	9.70	G	-		
634	94	O	9.70	A	-		
634	95	O	9.70	G	-		
634	96	O	9.70	C	-		
634	97	O	9.70	G	-		
634	98	O	9.70	A	-		
634	99	O	9.70	A	-		
634	100	O	9.70	T	-		
634	101	O	9.70	T	-		
634	102	O	9.70	G	-		
634	103	O	9.70	C	-		
634	104	O	9.70	C	-		
634	105	O	9.70	C	-		
634	106	O	9.70	A	-		
634	107	O	9.70	C	-		
634	108	O	9.70	C	-		
634	109	O	9.70	C	-		
635	0	O	13.86	T	-		
635	1	O	13.86	G	-		
635	2	O	13.86	C	-		
635	3	O	13.86	A	-		
635	4	O	13.86	T	-		
635	5	O	13.86	C	-		
635	6	O	13.86	A	-		
635	7	O	13.86	A	-		
635	8	O	13.86	G	-		
635	9	O	13.86	G	-		
635	10	O	13.86	A	-		
635	11	O	13.86	T	-		
635	12	O	13.86	T	-		
635	13	O	13.86	C	-		
635	14	O	13.86	A	-		
635	15	O	13.86	G	-		
635	16	O	13.86	A	-		
635	17	O	13.86	A	-		
635	18	O	13.86	C	-		
635	19	O	13.86	T	-		
635	20	O	13.86	T	-		
635	21	O	13.86	C	-		
635	22	O	13.86	A	-		
635	23	O	13.86	C	-		
635	24	O	13.86	A	-		
635	25	O	13.86	G	-		
635	26	O	13.86	A	-		
635	27	O	13.86	C	-		
635	28	O	13.86	T	-		
635	29	O	13.86	C	-		
635	30	O	13.86	A	-		
635	31	O	13.86	T	-		
635	32	O	13.86	T	-		
635	33	O	13.86	G	-		
635	34	O	13.86	A	-		
635	35	O	13.86	A	-		
635	36	O	13.86	C	-		
635	37	O	13.86	A	-		
635	38	O	13.86	T	-		
635	39	O	13.86	C	-		
635	40	O	13.86	C	-		
635	41	O	13.86	A	-		
635	42	O	13.86	T	-		
635	43	O	13.86	A	-		
635	44	O	13.86	T	-		
635	45	O	13.86	G	-		
635	46	O	13.86	G	-		
635	47	O	13.86	T	-		
635	48	O	13.86	T	-		
635	49	O	13.86	G	-		
635	50	O	13.86	A	-		
635	51	O	13.86	A	-		
635	52	O	13.86	T	-		
635	53	O	13.86	G	-		
635	54	O	13.86	T	-		
635	55	O	13.86	A	-		
635	56	O	13.86	G	-		
635	57	O	13.86	T	-		
635	58	O	13.86	C	-		
635	59	O	13.86	C	-		
635	60	O	13.86	A	-		
635	61	O	13.86	A	-		
635	62	O	13.86	C	-		
635	63	O	13.86	G	-		
635	64	O	13.86	C	-		
635	65	O	13.86	T	-		
635	66	O	13.86	A	-		
635	67	O	13.86	C	-		
635	68	O	13.86	A	-		
635	69	O	13.86	G	-		
635	70	O	13.86	A	-		
635	71	O	13.86	A	-		
635	72	O	13.86	G	-		
635	73	O	13.86	C	-		
635	74	O	13.86	T	-		
635	75	O	13.86	T	-		
635	76	O	13.86	C	-		
635	77	O	13.86	A	-		
635	78	O	13.86	G	-		
635	79	O	13.86	T	-		
635	80	O	13.86	A	-		
635	81	O	13.86	T	-		
635	82	O	13.86	G	-		
635	83	O	13.86	G	-		
635	84	O	13.86	C	-		
635	85	O	13.86	C	-		
635	86	O	13.86	A	-		
635	87	O	13.86	C	-		
635	88	O	13.86	C	-		
635	89	O	13.86	T	-		
635	90	O	13.86	G	-		
635	91	O	13.86	A	-		
635	92	O	13.86	A	-		
635	93	O	13.86	A	-		
635	94	O	13.86	T	-		
635	95	O	13.86	G	-		
635	96	O	13.86	C	-		
635	97	O	13.86	A	-		
635	98	O	13.86	T	-		
635	99	O	13.86	G	-		
635	100	O	13.86	A	-		
635	101	O	13.86	A	-		
635	102	O	13.86	T	-		
635	103	O	13.86	G	-		
635	104	O	13.86	A	-		
635	105	O	13.86	G	-		
635	106	O	13.86	G	-		
635	107	O	13.86	A	-		
635	108	O	13.86	T	-		
635	109	O	13.86	A	-		
636	0	O	6.93	C	-		
636	1	O	6.93	C	-		
636	2	O	6.93	C	-		
636	3	O	6.93	T	-		
636	4	O	6.93	G	-		
636	5	O	6.93	A	-		
636	6	O	6.93	G	-		
636	7	O	6.93	T	-		
636	8	O	6.93	A	-		
636	9	O	6.93	A	-		
636	10	O	6.93	G	-		
636	11	O	6.93	G	-		
636	12	O	6.93	T	-		
636	13	O	6.93	T	-		
636	14	O	6.93	G	-		
636	15	O	6.93	A	-		
636	16	O	6.93	A	-		
636	17	O	6.93	G	-		
636	18	O	6.93	G	-		
636	19	O	6.93	C	-		
636	20	O	6.93	T	-		
636	21	O	6.93	C	-		
636	22	O	6.93	A	-		
636	23	O	6.93	A	-		
636	24	O	6.93	T	-		
636	25	O	6.93	C	-		
636	26	O	6.93	G	-		
636	27	O	6.93	G	-		
636	28	O	6.93	A	-		
636	29	O	6.93	C	-		
636	30	O	6.93	A	-		
636	31	O	6.93	A	-		
636	32	O	6.93	G	-		
636	33	O	6.93	T	-		
636	34	O	6.93	A	-		
636	35	O	6.93	G	-		
636	36	O	6.93	C	-		
636	37	O	6.93	G	-		
636	38	O	6.93	A	-		
636	39	O	6.93	A	-		
636	40	O	6.93	T	-		
636	41	O	6.93	A	-		
636	42	O	6.93	C	-		
636	43	O	6.93	A	-		
636	44	O	6.93	G	-		
636	45	O	6.93	G	-		
636	46	O	6.93	A	-		
636	47	O	6.93	T	-		
636	48	O	6.93	A	-		
636	49	O	6.93	G	-		
636	50	O	6.93	A	-		
636	51	O	6.93	G	-		
636	52	O	6.93	G	-		
636	53	O	6.93	C	-		
636	54	O	6.93	T	-		
636	55	O	6.93	T	-		
636	56	O	6.93	G	-		
636	57	O	6.93	G	-		
636	58	O	6.93	G	-		
636	59	O	6.93	A	-		
636	60	O	6.93	G	-		
636	61	O	6.93	G	-		
636	62	O	6.93	C	-		
636	63	O	6.93	T	-		
636	64	O	6.93	A	-		
636	65	O	6.93	C	-		
636	66	O	6.93	G	-		
636	67	O	6.93	T	-		
636	68	O	6.93	A	-		
636	69	O	6.93	T	-		
636	70	O	6.93	A	-		
636	71	O	6.93	T	-		
636	72	O	6.93	G	-		
636	73	O	6.93	C	-		
636	74	O	6.93	C	-		
636	75	O	6.93	T	-		
636	76	O	6.93	C	-		
636	77	O	6.93	T	-		
636	78	O	6.93	G	-		
636	79	O	6.93	C	-		
636	80	O	6.93	T	-		
636	81	O	6.93	A	-		
636	82	O	6.93	C	-		
636	83	O	6.93	C	-		
636	84	O	6.93	A	-		
636	85	O	6.93	C	-		
636	86	O	6.93	T	-		
636	87	O	6.93	C	-		
636	88	O	6.93	T	-		
636	89	O	6.93	A	-		
636	90	O	6.93	G	-		
636	91	O	6.93	C	-		
636	92	O	6.93	C	-		
636	93	O	6.93	G	-		
636	94	O	6.93	C	-		
636	95	O	6.93	G	-		
636	96	O	6.93	T	-		
636	97	O	6.93	C	-		
636	98	O	6.93	T	-		
636	99	O	6.93	G	-		
636	100	O	6.93	C	-		
636	101	O	6.93	A	-		
636	102	O	6.93	T	-		
636	103	O	6.93	T	-		
636	104	O	6.93	A	-		
636	105	O	6.93	A	-		
636	106	O	6.93	T	-		
636	107	O	6.93	C	-		
636	108	O	6.93	A	-		
636	109	O	6.93	G	-		
637	0	O	5.55	T	-		
637	1	O	5.55	G	-		
637	2	O	5.55	T	-		
637	3	O	5.55	G	-		
637	4	O	5.55	G	-		
637	5	O	5.55	A	-		
637	6	O	5.55	C	-		
637	7	O	5.55	A	-		
637	8	O	5.55	T	-		
637	9	O	5.55	G	-		
637	10	O	5.55	G	-		
637	11	O	5.55	T	-		
637	12	O	5.55	T	-		
637	13	O	5.55	T	-		
637	14	O	5.55	G	-		
637	15	O	5.55	G	-		
637	16	O	5.55	G	-		
637	17	O	5.55	C	-		
637	18	O	5.55	A	-		
637	19	O	5.55	A	-		
637	20	O	5.55	G	-		
637	21	O	5.55	A	-		
637	22	O	5.55	A	-		
637	23	O	5.55	A	-		
637	24	O	5.55	C	-		
637	25	O	5.55	G	-		
637	26	O	5.55	C	-		
637	27	O	5.55	T	-		
637	28	O	5.55	G	-		
637	29	O	5.55	A	-		
637	30	O	5.55	C	-		
637	31	O	5.55	G	-		
637	32	O	5.55	A	-		
637	33	O	5.55	G	-		
637	34	O	5.55	A	-		
637	35	O	5.55	G	-		
637	36	O	5.55	G	-		
637	37	O	5.55	A	-		
637	38	O	5.55	G	-		
637	39	O	5.55	G	-		
637	40	O	5.55	C	-		
637	41	O	5.55	G	-		
637	42	O	5.55	T	-		
637	43	O	5.55	G	-		
637	44	O	5.55	C	-		
637	45	O	5.55	A	-		
637	46	O	5.55	T	-		
637	47	O	5.55	G	-		
637	48	O	5.55	C	-		
637	49	O	5.55	G	-		
637	50	O	5.55	T	-		
637	51	O	5.55	A	-		
637	52	O	5.55	C	-		
637	53	O	5.55	C	-		
637	54	O	5.55	T	-		
637	55	O	5.55	T	-		
637	56	O	5.55	C	-		
637	57	O	5.55	T	-		
637	58	O	5.55	C	-		
637	59	O	5.55	T	-		
637	60	O	5.55	C	-		
637	61	O	5.55	A	-		
637	62	O	5.55	G	-		
637	63	O	5.55	A	-		
637	64	O	5.55	A	-		
637	65	O	5.55	C	-		
637	66	O	5.55	T	-		
637	67	O	5.55	C	-		
637	68	O	5.55	G	-		
637	69	O	5.55	T	-		
637	70	O	5.55	C	-		
637	71	O	5.55	C	-		
637	72	O	5.55	T	-		
637	73	O	5.55	C	-		
637	74	O	5.55	C	-		
637	75	O	5.55	C	-		
637	76	O	5.55	A	-		
637	77	O	5.55	A	-		
637	78	O	5.55	A	-		
637	79	O	5.55	C	-		
637	80	O	5.55	A	-		
637	81	O	5.55	T	-		
637	82	O	5.55	C	-		
637	83	O	5.55	C	-		
637	84	O	5.55	C	-		
637	85	O	5.55	G	-		
637	86	O	5.55	G	-		
637	87	O	5.55	C	-		
637	88	O	5.55	A	-		
637	89	O	5.55	C	-		
637	90	O	5.55	T	-		
637	91	O	5.55	C	-		
637	92	O	5.55	A	-		
637	93	O	5.55	G	-		
637	94	O	5.55	T	-		
637	95	O	5.55	C	-		
637	96	O	5.55	T	-		
637	97	O	5.55	C	-		
637	98	O	5.55	G	-		
637	99	O	5.55	T	-		
637	100	O	5.55	T	-		
637	101	O	5.55	C	-		
637	102	O	5.55	T	-		
637	103	O	5.55	C	-		
637	104	O	5.55	G	-		
637	105	O	5.55	A	-		
637	106	O	5.55	A	-		
637	107	O	5.55	C	-		
637	108	O	5.55	T	-		
637	109	O	5.55	C	-		
638	0	O	8.32	A	-		
638	1	O	8.32	T	-		
638	2	O	8.32	C	-		
638	3	O	8.32	A	-		
638	4	O	8.32	C	-		
638	5	O	8.32	T	-		
638	6	O	8.32	T	-		
638	7	O	8.32	T	-		
638	8	O	8.32	A	-		
638	9	O	8.32	T	-		
638	10	O	8.32	T	-		
638	11	O	8.32	A	-		
638	12	O	8.32	C	-		
638	13	O	8.32	T	-		
638	14	O	8.32	G	-		
638	15	O	8.32	A	-		
638	16	O	8.32	T	-		
638	17	O	8.32	G	-		
638	18	O	8.32	A	-		
638	19	O	8.32	G	-		
638	20	O	8.32	T	-		
638	21	O	8.32	G	-		
638	22	O	8.32	A	-		
638	23	O	8.32	G	-		
638	24	O	8.32	A	-		
638	25	O	8.32	C	-		
638	26	O	8.32	A	-		
638	27	O	8.32	A	-		
638	28	O	8.32	A	-		
638	29	O	8.32	A	-		
638	30	O	8.32	T	-		
638	31	O	8.32	A	-		
638	32	O	8.32	T	-		
638	33	O	8.32	C	-		
638	34	O	8.32	T	-		
638	35	O	8.32	T	-		
638	36	O	8.32	T	-		
638	37	O	8.32	T	-		
638	38	O	8.32	A	-		
638	39	O	8.32	A	-		
638	40	O	8.32	T	-		
638	41	O	8.32	G	-		
638	42	O	8.32	G	-		
638	43	O	8.32	T	-		
638	44	O	8.32	A	-		
638	45	O	8.32	A	-		
638	46	O	8.32	G	-		
638	47	O	8.32	T	-		
638	48	U	0.71	A	C		
638	49	O	8.32	T	-		
638	50	O	8.32	T	-		
638	51	O	8.32	T	-		
638	52	O	8.32	A	-		
638	53	O	8.32	C	-		
638	54	O	8.32	T	-		
638	55	O	8.32	C	-		
638	56	O	8.32	T	-		
638	57	O	8.32	T	-		
638	58	O	8.32	C	-		
638	59	O	8.32	A	-		
638	60	O	8.32	T	-		
638	61	O	8.32	A	-		
638	62	O	8.32	A	-		
638	63	O	8.32	A	-		
638	64	O	8.32	A	-		
638	65	O	8.32	T	-		
638	66	O	8.32	A	-		
638	67	O	8.32	A	-		
638	68	O	8.32	T	-		
638	69	O	8.32	T	-		
638	70	O	8.32	A	-		
638	71	O	8.32	A	-		
638	72	O	8.32	A	-		
638	73	O	8.32	A	-		
638	74	O	8.32	T	-		
638	75	O	8.32	T	-		
638	76	O	8.32	A	-		
638	77	O	8.32	A	-		
638	78	O	8.32	T	-		
638	79	O	8.32	T	-		
638	80	O	8.32	T	-		
638	81	O	8.32	T	-		
638	82	O	8.32	A	-		
638	83	O	8.32	C	-		
638	84	O	8.32	T	-		
638	85	O	8.32	A	-		
638	86	O	8.32	T	-		
638	87	O	8.32	T	-		
638	88	O	8.32	T	-		
638	89	O	8.32	T	-		
638	90	O	8.32	T	-		
638	91	O	8.32	A	-		
638	92	O	8.32	A	-		
638	93	O	8.32	A	-		
638	94	O	8.32	A	-		
638	95	O	8.32	T	-		
638	96	O	8.32	A	-		
638	97	O	8.32	C	-		
638	98	O	8.32	G	-		
638	99	O	8.32	T	-		
638	100	O	8.32	G	-		
638	101	O	8.32	G	-		
638	102	O	8.32	T	-		
638	103	O	8.32	T	-		
638	104	O	8.32	A	-		
638	105	O	8.32	A	-		
638	106	O	8.32	C	-		
638	107	O	8.32	A	-		
638	108	O	8.32	G	-		
638	109	O	8.32	T	-		
639	0	O	12.48	G	-		
639	1	O	12.48	G	-		
639	2	O	12.48	C	-		
639	3	O	12.48	G	-		
639	4	O	12.48	G	-		
639	5	O	12.48	G	-		
639	6	O	12.48	G	-		
639	7	O	12.48	C	-		
639	8	O	12.48	C	-		
639	9	O	12.48	G	-		
639	10	O	12.48	T	-		
639	11	O	12.48	C	-		
639	12	O	12.48	T	-		
639	13	O	12.48	T	-		
639	14	O	12.48	G	-		
639	15	O	12.48	C	-		
639	16	O	12.48	T	-		
639	17	O	12.48	G	-		
639	18	O	12.48	C	-		
639	19	O	12.48	T	-		
639	20	O	12.48	G	-		
639	21	O	12.48	G	-		
639	22	O	12.48	C	-		
639	23	O	12.48	G	-		
639	24	O	12.48	G	-		
639	25	O	12.48	G	-		
639	26	O	12.48	C	-		
639	27	O	12.48	C	-		
639	28	O	12.48	C	-		
639	29	O	12.48	G	-		
639	30	O	12.48	A	-		
639	31	O	12.48	A	-		
639	32	O	12.48	C	-		
639	33	O	12.48	A	-		
639	34	O	12.48	G	-		
639	35	O	12.48	A	-		
639	36	O	12.48	G	-		
639	37	O	12.48	C	-		
639	38	O	12.48	C	-		
639	39	O	12.48	C	-		
639	40	O	12.48	A	-		
639	41	O	12.48	A	-		
639	42	O	12.48	C	-		
639	43	O	12.48	T	-		
639	44	O	12.48	G	-		
639	45	O	12.48	T	-		
639	46	O	12.48	T	-		
639	47	O	12.48	G	-		
639	48	O	12.48	C	-		
639	49	O	12.48	C	-		
639	50	O	12.48	A	-		
639	51	O	12.48	C	-		
639	52	O	12.48	T	-		
639	53	O	12.48	G	-		
639	54	O	12.48	C	-		
639	55	O	12.48	C	-		
639	56	O	12.48	G	-		
639	57	O	12.48	C	-		
639	58	O	12.48	T	-		
639	59	O	12.48	G	-		
639	60	O	12.48	G	-		
639	61	O	12.48	G	-		
639	62	O	12.48	C	-		
639	63	O	12.48	A	-		
639	64	O	12.48	G	-		
639	65	O	12.48	G	-		
639	66	O	12.48	G	-		
639	67	O	12.48	T	-		
639	68	O	12.48	G	-		
639	69	O	12.48	G	-		
639	70	O	12.48	A	-		
639	71	O	12.48	G	-		
639	72	O	12.48	G	-		
639	73	O	12.48	C	-		
639	74	O	12.48	C	-		
639	75	O	12.48	T	-		
639	76	O	12.48	T	-		
639	77	O	12.48	G	-		
639	78	O	12.48	G	-		
639	79	O	12.48	C	-		
639	80	O	12.48	G	-		
639	81	O	12.48	A	-		
639	82	O	12.48	G	-		
639	83	O	12.48	C	-		
639	84	O	12.48	T	-		
639	85	O	12.48	G	-		
639	86	O	12.48	C	-		
639	87	O	12.48	T	-		
639	88	O	12.48	T	-		
639	89	O	12.48	G	-		
639	90	O	12.48	T	-		
639	91	O	12.48	G	-		
639	92	O	12.48	G	-		
639	93	O	12.48	G	-		
639	94	O	12.48	C	-		
639	95	O	12.48	C	-		
639	96	O	12.48	G	-		
639	97	O	12.48	G	-		
639	98	O	12.48	C	-		
639	99	O	12.48	G	-		
639	100	O	12.48	A	-		
639	101	O	12.48	G	-		
639	102	O	12.48	C	-		
639	103	O	12.48	G	-		
639	104	O	12.48	G	-		
639	105	O	12.48	G	-		
639	106	O	12.48	C	-		
639	107	O	12.48	G	-		
639	108	O	12.48	C	-		
639	109	O	12.48	T	-		
640	0	O	23.57	T	-		
640	1	O	23.57	A	-		
640	2	O	23.57	G	-		
640	3	O	23.57	G	-		
640	4	O	23.57	T	-		
640	5	O	23.57	G	-		
640	6	O	23.57	T	-		
640	7	O	23.57	T	-		
640	8	O	23.57	G	-		
640	9	O	23.57	A	-		
640	10	O	23.57	T	-		
640	11	O	23.57	G	-		
640	12	O	23.57	A	-		
640	13	O	23.57	G	-		
640	14	O	23.57	C	-		
640	15	O	23.57	T	-		
640	16	O	23.57	G	-		
640	17	O	23.57	G	-		
640	18	O	23.57	C	-		
640	19	O	23.57	T	-		
640	20	O	23.57	G	-		
640	21	O	23.57	G	-		
640	22	O	23.57	T	-		
640	23	O	23.57	G	-		
640	24	O	23.57	T	-		
640	25	O	23.57	G	-		
640	26	O	23.57	T	-		
640	27	O	23.57	C	-		
640	28	O	23.57	C	-		
640	29	O	23.57	G	-		
640	30	O	23.57	G	-		
640	31	O	23.57	C	-		
640	32	O	23.57	C	-		
640	33	O	23.57	A	-		
640	34	O	23.57	G	-		
640	35	O	23.57	C	-		
640	36	O	23.57	T	-		
640	37	O	23.57	G	-		
640	38	O	23.57	A	-		
640	39	O	23.57	C	-		
640	40	O	23.57	C	-		
640	41	O	23.57	T	-		
640	42	O	23.57	C	-		
640	43	O	23.57	T	-		
640	44	O	23.57	G	-		
640	45	O	23.57	T	-		
640	46	O	23.57	T	-		
640	47	O	23.57	G	-		
640	48	O	23.57	A	-		
640	49	O	23.57	G	-		
640	50	O	23.57	C	-		
640	51	O	23.57	G	-		
640	52	O	23.57	C	-		
640	53	O	23.57	A	-		
640	54	O	23.57	T	-		
640	55	O	23.57	C	-		
640	56	O	23.57	C	-		
640	57	O	23.57	G	-		
640	58	O	23.57	C	-		
640	59	O	23.57	C	-		
640	60	O	23.57	G	-		
640	61	O	23.57	A	-		
640	62	O	23.57	C	-		
640	63	O	23.57	G	-		
640	64	O	23.57	C	-		
640	65	O	23.57	G	-		
640	66	O	23.57	T	-		
640	67	O	23.57	A	-		
640	68	O	23.57	G	-		
640	69	O	23.57	G	-		
640	70	O	23.57	C	-		
640	71	O	23.57	G	-		
640	72	O	23.57	C	-		
640	73	O	23.57	C	-		
640	74	O	23.57	G	-		
640	75	O	23.57	C	-		
640	76	O	23.57	G	-		
640	77	O	23.57	C	-		
640	78	O	23.57	A	-		
640	79	O	23.57	G	-		
640	80	O	23.57	G	-		
640	81	O	23.57	T	-		
640	82	O	23.57	A	-		
640	83	O	23.57	G	-		
640	84	O	23.57	G	-		
640	85	O	23.57	C	-		
640	86	O	23.57	G	-		
640	87	O	23.57	A	-		
640	88	O	13.76	G	-		
640	89	O	23.57	A	-		
640	90	O	23.57	T	-		
640	91	O	23.57	T	-		
640	92	O	23.57	G	-		
640	93	O	23.57	G	-		
640	94	O	23.57	C	-		
640	95	O	23.57	C	-		
640	96	O	23.57	G	-		
640	97	O	23.57	C	-		
640	98	O	23.57	G	-		
640	99	O	23.57	C	-		
640	100	O	23.57	G	-		
640	101	O	23.57	C	-		
640	102	O	23.57	A	-		
640	103	O	23.57	G	-		
640	104	O	23.57	G	-		
640	105	O	23.57	G	-		
640	106	O	23.57	T	-		
640	107	O	23.57	T	-		
640	108	O	23.57	C	-		
640	109	O	23.57	T	-		
641	0	O	9.70	T	-		
641	1	O	9.70	A	-		
641	2	O	9.70	C	-		
641	3	O	9.70	T	-		
641	4	O	9.70	T	-		
641	5	O	9.70	C	-		
641	6	O	9.70	A	-		
641	7	O	9.70	A	-		
641	8	O	9.70	G	-		
641	9	O	9.70	A	-		
641	10	O	9.70	C	-		
641	11	O	9.70	C	-		
641	12	O	9.70	C	-		
641	13	O	9.70	T	-		
641	14	O	9.70	G	-		
641	15	O	9.70	G	-		
641	16	U	1.77	T	G		
641	17	O	9.70	G	-		
641	18	O	9.70	G	-		
641	19	O	9.70	G	-		
641	20	O	9.70	C	-		
641	21	O	9.70	C	-		
641	22	O	9.70	A	-		
641	23	O	9.70	T	-		
641	24	O	9.70	C	-		
641	25	O	9.70	C	-		
641	26	O	9.70	G	-		
641	27	O	9.70	C	-		
641	28	O	9.70	C	-		
641	29	O	9.70	G	-		
641	30	O	9.70	T	-		
641	31	O	9.70	C	-		
641	32	O	9.70	G	-		
641	33	O	9.70	C	-		
641	34	O	9.70	A	-		
641	35	O	9.70	G	-		
641	36	O	9.70	C	-		
641	37	O	9.70	C	-		
641	38	O	9.70	G	-		
641	39	O	9.70	A	-		
641	40	O	9.70	A	-		
641	41	O	9.70	G	-		
641	42	O	9.70	T	-		
641	43	O	9.70	T	-		
641	44	O	9.70	T	-		
641	45	O	9.70	T	-		
641	46	O	9.70	T	-		
641	47	O	9.70	G	-		
641	48	O	9.70	T	-		
641	49	O	9.70	A	-		
641	50	O	9.70	G	-		
641	51	O	9.70	G	-		
641	52	O	9.70	C	-		
641	53	O	9.70	T	-		
641	54	O	9.70	G	-		
641	55	O	9.70	T	-		
641	56	O	9.70	C	-		
641	57	O	9.70	G	-		
641	58	O	9.70	A	-		
641	59	O	9.70	A	-		
641	60	O	9.70	C	-		
641	61	O	9.70	A	-		
641	62	O	9.70	G	-		
641	63	O	9.70	T	-		
641	64	O	9.70	C	-		
641	65	O	9.70	G	-		
641	66	O	9.70	A	-		
641	67	O	9.70	C	-		
641	68	O	9.70	G	-		
641	69	O	9.70	A	-		
641	70	O	9.70	C	-		
641	71	O	9.70	T	-		
641	72	U	1.77	T	G		
641	73	O	9.70	G	-		
641	74	O	9.70	T	-		
641	75	O	9.70	T	-		
641	76	O	9.70	G	-		
641	77	O	9.70	T	-		
641	78	O	9.70	G	-		
641	79	O	9.70	G	-		
641	80	O	9.70	A	-		
641	81	O	9.70	C	-		
641	82	U	1.77	T	G		
641	83	O	9.70	G	-		
641	84	O	9.70	A	-		
641	85	O	9.70	G	-		
641	86	O	9.70	T	-		
641	87	O	9.70	A	-		
641	88	O	9.70	T	-		
641	89	O	9.70	G	-		
641	90	O	9.70	G	-		
641	91	O	9.70	G	-		
641	92	O	9.70	C	-		
641	93	O	9.70	G	-		
641	94	O	9.70	A	-		
641	95	O	9.70	G	-		
641	96	O	9.70	G	-		
641	97	O	9.70	A	-		
641	98	O	9.70	C	-		
641	99	O	9.70	A	-		
641	100	O	9.70	C	-		
641	101	O	9.70	C	-		
641	102	O	9.70	T	-		
641	103	O	9.70	T	-		
641	104	O	9.70	G	-		
641	105	O	9.70	T	-		
641	106	O	9.70	T	-		
641	107	O	9.70	C	-		
641	108	O	9.70	A	-		
641	109	O	9.70	A	-		
642	0	O	8.32	T	-		
642	1	O	8.32	G	-		
642	2	O	8.32	C	-		
642	3	O	8.32	T	-		
642	4	O	8.32	T	-		
642	5	O	8.32	A	-		
642	6	O	8.32	G	-		
642	7	O	8.32	T	-		
642	8	O	8.32	T	-		
642	9	O	8.32	G	-		
642	10	O	8.32	G	-		
642	11	O	8.32	C	-		
642	12	O	8.32	T	-		
642	13	O	8.32	G	-		
642	14	O	8.32	C	-		
642	15	O	8.32	T	-		
642	16	O	8.32	C	-		
642	17	O	8.32	G	-		
642	18	O	8.32	A	-		
642	19	O	8.32	C	-		
642	20	O	8.32	G	-		
642	21	O	8.32	A	-		
642	22	O	8.32	T	-		
642	23	O	8.32	T	-		
642	24	O	8.32	A	-		
642	25	O	8.32	T	-		
642	26	O	8.32	T	-		
642	27	O	8.32	G	-		
642	28	O	8.32	G	-		
642	29	O	8.32	T	-		
642	30	O	8.32	A	-		
642	31	O	8.32	C	-		
642	32	O	8.32	T	-		
642	33	O	8.32	G	-		
642	34	O	8.32	T	-		
642	35	O	8.32	A	-		
642	36	O	8.32	G	-		
642	37	O	8.32	C	-		
642	38	O	8.32	T	-		
642	39	O	8.32	G	-		
642	40	O	8.32	G	-		
642	41	O	8.32	T	-		
642	42	O	8.32	T	-		
642	43	O	8.32	C	-		
642	44	O	8.32	T	-		
642	45	O	8.32	A	-		
642	46	O	8.32	T	-		
642	47	O	8.32	T	-		
642	48	O	8.32	G	-		
642	49	O	8.32	T	-		
642	50	O	8.32	C	-		
642	51	O	8.32	G	-		
642	52	O	8.32	C	-		
642	53	O	8.32	T	-		
642	54	O	8.32	T	-		
642	55	O	8.32	T	-		
642	56	O	8.32	C	-		
642	57	O	8.32	G	-		
642	58	O	8.32	T	-		
642	59	O	8.32	G	-		
642	60	O	8.32	C	-		
642	61	O	8.32	A	-		
642	62	O	8.32	G	-		
642	63	O	8.32	A	-		
642	64	O	8.32	G	-		
642	65	O	8.32	C	-		
642	66	O	8.32	T	-		
642	67	O	8.32	C	-		
642	68	O	8.32	T	-		
642	69	O	8.32	C	-		
642	70	O	8.32	G	-		
642	71	O	8.32	T	-		
642	72	O	8.32	G	-		
642	73	O	8.32	G	-		
642	74	O	8.32	C	-		
642	75	O	8.32	T	-		
642	76	O	8.32	C	-		
642	77	O	8.32	T	-		
642	78	O	8.32	G	-		
642	79	O	8.32	A	-		
642	80	O	8.32	G	-		
642	81	O	8.32	C	-		
642	82	O	8.32	G	-		
642	83	O	8.32	G	-		
642	84	O	8.32	A	-		
642	85	O	8.32	T	-		
642	86	O	8.32	T	-		
642	87	O	8.32	T	-		
642	88	O	8.32	T	-		
642	89	O	8.32	C	-		
642	90	O	8.32	T	-		
642	91	O	8.32	C	-		
642	92	O	8.32	C	-		
642	93	O	8.32	C	-		
642	94	O	8.32	C	-		
642	95	O	8.32	T	-		
642	96	O	8.32	C	-		
642	97	O	8.32	G	-		
642	98	O	8.32	A	-		
642	99	O	8.32	A	-		
642	100	O	8.32	C	-		
642	101	O	8.32	G	-		
642	102	O	8.32	C	-		
642	103	O	8.32	G	-		
642	104	O	8.32	A	-		
642	105	O	8.32	T	-		
642	106	O	8.32	C	-		
642	107	O	8.32	G	-		
642	108	O	8.32	C	-		
642	109	O	8.32	C	-		
643	0	O	8.32	C	-		
643	1	O	8.32	T	-		
643	2	O	8.32	G	-		
643	3	O	8.32	C	-		
643	4	O	8.32	A	-		
643	5	O	8.32	G	-		
643	6	O	8.32	T	-		
643	7	O	8.32	A	-		
643	8	O	8.32	G	-		
643	9	O	8.32	T	-		
643	10	O	8.32	A	-		
643	11	O	8.32	G	-		
643	12	O	8.32	G	-		
643	13	O	8.32	T	-		
643	14	O	8.32	A	-		
643	15	O	8.32	A	-		
643	16	O	8.32	T	-		
643	17	O	8.32	C	-		
643	18	O	8.32	G	-		
643	19	O	8.32	C	-		
643	20	O	8.32	C	-		
643	21	O	8.32	A	-		
643	22	O	8.32	C	-		
643	23	O	8.32	T	-		
643	24	O	8.32	G	-		
643	25	O	8.32	T	-		
643	26	O	8.32	T	-		
643	27	O	8.32	A	-		
643	28	O	8.32	T	-		
643	29	O	8.32	C	-		
643	30	O	8.32	A	-		
643	31	O	8.32	C	-		
643	32	O	8.32	C	-		
643	33	O	8.32	A	-		
643	34	O	8.32	G	-		
643	35	O	8.32	T	-		
643	36	O	8.32	A	-		
643	37	O	8.32	G	-		
643	38	O	8.32	T	-		
643	39	O	8.32	G	-		
643	40	O	8.32	T	-		
643	41	O	8.32	A	-		
643	42	O	8.32	A	-		
643	43	O	8.32	A	-		
643	44	O	8.32	G	-		
643	45	O	8.32	A	-		
643	46	O	8.32	C	-		
643	47	O	8.32	T	-		
643	48	O	8.32	C	-		
643	49	O	8.32	C	-		
643	50	O	8.32	G	-		
643	51	O	8.32	A	-		
643	52	O	8.32	A	-		
643	53	O	8.32	T	-		
643	54	O	8.32	C	-		
643	55	O	8.32	C	-		
643	56	O	8.32	T	-		
643	57	O	8.32	C	-		
643	58	O	8.32	C	-		
643	59	O	8.32	G	-		
643	60	O	8.32	A	-		
643	61	O	8.32	A	-		
643	62	O	8.32	T	-		
643	63	O	8.32	A	-		
643	64	O	8.32	G	-		
643	65	O	8.32	G	-		
643	66	O	8.32	A	-		
643	67	O	8.32	A	-		
643	68	O	8.32	T	-		
643	69	O	8.32	T	-		
643	70	O	8.32	T	-		
643	71	O	8.32	C	-		
643	72	O	8.32	A	-		
643	73	O	8.32	G	-		
643	74	O	8.32	G	-		
643	75	O	8.32	A	-		
643	76	O	8.32	A	-		
643	77	O	8.32	A	-		
643	78	O	8.32	G	-		
643	79	O	8.32	A	-		
643	80	O	8.32	C	-		
643	81	O	8.32	C	-		
643	82	O	8.32	C	-		
643	83	O	8.32	T	-		
643	84	O	8.32	C	-		
643	85	O	8.32	T	-		
643	86	O	8.32	A	-		
643	87	O	8.32	C	-		
643	88	O	8.32	G	-		
643	89	O	8.32	T	-		
643	90	O	8.32	G	-		
643	91	O	8.32	T	-		
643	92	O	8.32	T	-		
643	93	O	8.32	A	-		
643	94	O	8.32	G	-		
643	95	O	8.32	C	-		
643	96	O	8.32	C	-		
643	97	O	8.32	G	-		
643	98	O	8.32	G	-		
643	99	O	8.32	A	-		
643	100	O	8.32	A	-		
643	101	O	8.32	A	-		
643	102	O	8.32	G	-		
643	103	O	8.32	T	-		
643	104	O	8.32	C	-		
643	105	O	8.32	G	-		
643	106	O	8.32	G	-		
643	107	O	8.32	G	-		
643	108	O	8.32	A	-		
643	109	O	8.32	A	-		
644	0	O	5.55	A	-		
644	1	O	5.55	A	-		
644	2	O	5.55	C	-		
644	3	O	5.55	A	-		
644	4	O	5.55	T	-		
644	5	O	5.55	T	-		
644	6	O	5.55	A	-		
644	7	O	5.55	T	-		
644	8	O	5.55	C	-		
644	9	O	5.55	C	-		
644	10	O	5.55	A	-		
644	11	O	5.55	C	-		
644	12	O	5.55	A	-		
644	13	O	5.55	C	-		
644	14	O	5.55	T	-		
644	15	O	5.55	G	-		
644	16	O	5.55	C	-		
644	17	O	5.55	T	-		
644	18	O	5.55	A	-		
644	19	O	5.55	G	-		
644	20	O	5.55	G	-		
644	21	O	5.55	T	-		
644	22	O	5.55	C	-		
644	23	O	5.55	C	-		
644	24	O	5.55	A	-		
644	25	O	5.55	C	-		
644	26	O	5.55	A	-		
644	27	O	5.55	A	-		
644	28	O	5.55	G	-		
644	29	O	5.55	G	-		
644	30	O	5.55	C	-		
644	31	O	5.55	A	-		
644	32	O	5.55	T	-		
644	33	O	5.55	T	-		
644	34	O	5.55	T	-		
644	35	O	5.55	C	-		
644	36	O	5.55	T	-		
644	37	O	5.55	G	-		
644	38	O	5.55	A	-		
644	39	O	5.55	A	-		
644	40	O	5.55	G	-		
644	41	O	5.55	T	-		
644	42	O	5.55	T	-		
644	43	O	5.55	C	-		
644	44	O	5.55	C	-		
644	45	O	5.55	T	-		
644	46	O	5.55	G	-		
644	47	O	5.55	C	-		
644	48	O	5.55	T	-		
644	49	O	5.55	G	-		
644	50	O	5.55	T	-		
644	51	O	5.55	C	-		
644	52	O	5.55	A	-		
644	53	O	5.55	T	-		
644	54	O	5.55	C	-		
644	55	O	5.55	A	-		
644	56	O	5.55	A	-		
644	57	O	5.55	G	-		
644	58	O	5.55	G	-		
644	59	O	5.55	A	-		
644	60	O	5.55	C	-		
644	61	O	5.55	A	-		
644	62	O	5.55	C	-		
644	63	O	5.55	A	-		
644	64	O	5.55	T	-		
644	65	O	5.55	A	-		
644	66	O	5.55	A	-		
644	67	O	5.55	C	-		
644	68	O	5.55	T	-		
644	69	O	5.55	G	-		
644	70	O	5.55	C	-		
644	71	O	5.55	T	-		
644	72	O	5.55	G	-		
644	73	O	5.55	T	-		
644	74	O	5.55	G	-		
644	75	O	5.55	A	-		
644	76	O	5.55	T	-		
644	77	O	5.55	C	-		
644	78	O	5.55	A	-		
644	79	O	5.55	G	-		
644	80	O	5.55	G	-		
644	81	O	5.55	T	-		
644	82	O	5.55	T	-		
644	83	O	5.55	C	-		
644	84	O	5.55	C	-		
644	85	O	5.55	T	-		
644	86	O	5.55	C	-		
644	87	O	5.55	A	-		
644	88	O	5.55	C	-		
644	89	O	5.55	C	-		
644	90	O	5.55	G	-		
644	91	O	5.55	T	-		
644	92	O	5.55	G	-		
644	93	O	5.55	C	-		
644	94	O	5.55	C	-		
644	95	O	5.55	T	-		
644	96	O	5.55	T	-		
644	97	O	5.55	T	-		
644	98	O	5.55	T	-		
644	99	O	5.55	C	-		
644	100	O	5.55	T	-		
644	101	O	5.55	T	-		
644	102	O	5.55	A	-		
644	103	O	5.55	G	-		
644	104	O	5.55	G	-		
644	105	O	5.55	G	-		
644	106	O	5.55	T	-		
644	107	O	5.55	C	-		
644	108	O	5.55	C	-		
644	109	O	5.55	T	-		
645	0	O	8.32	C	-		
645	1	O	8.32	C	-		
645	2	O	8.32	C	-		
645	3	O	8.32	T	-		
645	4	O	8.32	C	-		
645	5	O	8.32	C	-		
645	6	O	8.32	T	-		
645	7	O	8.32	C	-		
645	8	O	8.32	C	-		
645	9	O	8.32	C	-		
645	10	O	8.32	C	-		
645	11	O	8.32	A	-		
645	12	O	8.32	A	-		
645	13	O	8.32	C	-		
645	14	O	8.32	G	-		
645	15	O	8.32	A	-		
645	16	O	8.32	G	-		
645	17	O	8.32	C	-		
645	18	O	8.32	G	-		
645	19	O	8.32	C	-		
645	20	O	8.32	G	-		
645	21	O	8.32	A	-		
645	22	O	8.32	T	-		
645	23	O	8.32	T	-		
645	24	O	8.32	T	-		
645	25	O	8.32	C	-		
645	26	O	8.32	G	-		
645	27	O	8.32	A	-		
645	28	O	8.32	T	-		
645	29	O	8.32	C	-		
645	30	O	8.32	C	-		
645	31	O	8.32	C	-		
645	32	O	8.32	T	-		
645	33	O	8.32	T	-		
645	34	O	8.32	C	-		
645	35	O	8.32	G	-		
645	36	O	8.32	A	-		
645	37	O	8.32	C	-		
645	38	O	8.32	A	-		
645	39	O	8.32	T	-		
645	40	O	8.32	C	-		
645	41	O	8.32	C	-		
645	42	O	8.32	T	-		
645	43	O	8.32	A	-		
645	44	O	8.32	G	-		
645	45	O	8.32	C	-		
645	46	O	8.32	G	-		
645	47	O	8.32	A	-		
645	48	O	8.32	A	-		
645	49	O	8.32	C	-		
645	50	O	8.32	G	-		
645	51	O	8.32	T	-		
645	52	O	8.32	G	-		
645	53	O	8.32	G	-		
645	54	O	8.32	T	-		
645	55	O	8.32	C	-		
645	56	O	8.32	G	-		
645	57	O	8.32	G	-		
645	58	O	8.32	A	-		
645	59	O	8.32	T	-		
645	60	O	8.32	C	-		
645	61	O	8.32	C	-		
645	62	O	8.32	G	-		
645	63	O	8.32	G	-		
645	64	O	8.32	A	-		
645	65	O	8.32	C	-		
645	66	O	8.32	T	-		
645	67	O	8.32	A	-		
645	68	O	8.32	G	-		
645	69	O	8.32	C	-		
645	70	O	8.32	G	-		
645	71	O	8.32	C	-		
645	72	O	8.32	T	-		
645	73	O	8.32	G	-		
645	74	O	8.32	G	-		
645	75	O	8.32	C	-		
645	76	O	8.32	G	-		
645	77	O	8.32	G	-		
645	78	O	8.32	C	-		
645	79	O	8.32	T	-		
645	80	O	8.32	T	-		
645	81	O	8.32	G	-		
645	82	O	8.32	C	-		
645	83	O	8.32	A	-		
645	84	O	8.32	G	-		
645	85	O	8.32	T	-		
645	86	O	8.32	T	-		
645	87	O	8.32	G	-		
645	88	O	8.32	G	-		
645	89	O	8.32	T	-		
645	90	O	8.32	A	-		
645	91	O	8.32	C	-		
645	92	O	8.32	C	-		
645	93	O	8.32	A	-		
645	94	O	8.32	C	-		
645	95	O	8.32	C	-		
645	96	O	8.32	G	-		
645	97	O	8.32	C	-		
645	98	O	8.32	C	-		
645	99	O	8.32	G	-		
645	100	O	8.32	G	-		
645	101	O	8.32	A	-		
645	102	O	8.32	T	-		
645	103	O	8.32	G	-		
645	104	O	8.32	C	-		
645	105	O	8.32	T	-		
645	106	O	8.32	C	-		
645	107	O	8.32	G	-		
645	108	O	8.32	A	-		
645	109	O	8.32	G	-		
646	0	O	6.93	G	-		
646	1	O	6.93	C	-		
646	2	O	6.93	G	-		
646	3	O	6.93	A	-		
646	4	O	6.93	G	-		
646	5	O	6.93	A	-		
646	6	O	6.93	T	-		
646	7	O	6.93	G	-		
646	8	O	6.93	A	-		
646	9	O	6.93	C	-		
646	10	O	6.93	T	-		
646	11	O	6.93	T	-		
646	12	O	6.93	C	-		
646	13	O	6.93	T	-		
646	14	O	6.93	T	-		
646	15	O	6.93	C	-		
646	16	O	6.93	G	-		
646	17	O	6.93	C	-		
646	18	O	6.93	G	-		
646	19	O	6.93	G	-		
646	20	O	6.93	C	-		
646	21	O	6.93	G	-		
646	22	O	6.93	C	-		
646	23	O	6.93	G	-		
646	24	O	6.93	C	-		
646	25	O	6.93	G	-		
646	26	O	6.93	G	-		
646	27	O	6.93	G	-		
646	28	O	6.93	G	-		
646	29	O	6.93	G	-		
646	30	O	6.93	T	-		
646	31	O	6.93	C	-		
646	32	O	6.93	A	-		
646	33	O	6.93	G	-		
646	34	O	6.93	G	-		
646	35	O	6.93	T	-		
646	36	O	6.93	G	-		
646	37	O	6.93	G	-		
646	38	O	6.93	C	-		
646	39	O	6.93	G	-		
646	40	O	6.93	G	-		
646	41	O	6.93	G	-		
646	42	O	6.93	G	-		
646	43	O	6.93	G	-		
646	44	O	6.93	A	-		
646	45	O	6.93	A	-		
646	46	O	6.93	G	-		
646	47	O	6.93	A	-		
646	48	O	6.93	G	-		
646	49	O	6.93	G	-		
646	50	O	6.93	A	-		
646	51	O	6.93	C	-		
646	52	O	6.93	T	-		
646	53	O	6.93	G	-		
646	54	O	6.93	T	-		
646	55	O	6.93	G	-		
646	56	O	6.93	G	-		
646	57	O	6.93	G	-		
646	58	O	6.93	T	-		
646	59	O	6.93	G	-		
646	60	U	-0.27	A	G		
646	61	O	6.93	G	-		
646	62	O	6.93	G	-		
646	63	O	6.93	G	-		
646	64	U	-0.27	A	G		
646	65	O	6.93	A	-		
646	66	O	6.93	G	-		
646	67	O	6.93	T	-		
646	68	O	6.93	G	-		
646	69	O	6.93	T	-		
646	70	O	6.93	G	-		
646	71	O	6.93	T	-		
646	72	O	6.93	T	-		
646	73	O	6.93	A	-		
646	74	O	6.93	G	-		
646	75	O	6.93	C	-		
646	76	O	6.93	C	-		
646	77	O	6.93	A	-		
646	78	O	6.93	T	-		
646	79	O	6.93	G	-		
646	80	O	6.93	C	-		
646	81	O	6.93	T	-		
646	82	O	6.93	G	-		
646	83	O	6.93	T	-		
646	84	O	6.93	C	-		
646	85	O	6.93	A	-		
646	86	U	-0.27	A	G		
646	87	O	6.93	T	-		
646	88	O	6.93	G	-		
646	89	O	6.93	T	-		
646	90	O	6.93	G	-		
646	91	O	6.93	G	-		
646	92	O	6.93	A	-		
646	93	O	6.93	G	-		
646	94	O	6.93	G	-		
646	95	O	6.93	A	-		
646	96	O	6.93	T	-		
646	97	O	6.93	T	-		
646	98	O	6.93	T	-		
646	99	O	6.93	G	-		
646	100	O	6.93	G	-		
646	101	O	6.93	A	-		
646	102	O	6.93	G	-		
646	103	O	6.93	A	-		
646	104	O	6.93	T	-		
646	105	O	6.93	G	-		
646	106	O	6.93	G	-		
646	107	O	6.93	A	-		
646	108	O	6.93	T	-		
646	109	O	6.93	G	-		
647	0	O	26.34	G	-		
647	1	O	26.34	G	-		
647	2	O	26.34	G	-		
647	3	O	16.31	T	-		
647	4	O	26.34	C	-		
647	5	O	26.34	G	-		
647	6	O	26.34	T	-		
647	7	O	26.34	G	-		
647	8	O	26.34	G	-		
647	9	O	26.34	C	-		
647	10	O	26.34	A	-		
647	11	O	26.34	G	-		
647	12	O	26.34	T	-		
647	13	O	26.34	G	-		
647	14	O	26.34	C	-		
647	15	O	26.34	C	-		
647	16	O	26.34	A	-		
647	17	O	26.34	G	-		
647	18	O	26.34	A	-		
647	19	O	26.34	C	-		
647	20	O	26.34	T	-		
647	21	O	26.34	G	-		
647	22	O	26.34	C	-		
647	23	O	26.34	A	-		
647	24	O	26.34	G	-		
647	25	O	26.34	T	-		
647	26	O	26.34	A	-		
647	27	O	26.34	G	-		
647	28	O	26.34	A	-		
647	29	O	26.34	G	-		
647	30	O	26.34	A	-		
647	31	O	26.34	A	-		
647	32	O	26.34	C	-		
647	33	O	26.34	C	-		
647	34	O	26.34	A	-		
647	35	O	26.34	A	-		
647	36	O	26.34	A	-		
647	37	O	26.34	C	-		
647	38	O	26.34	G	-		
647	39	O	26.34	C	-		
647	40	O	26.34	C	-		
647	41	O	26.34	C	-		
647	42	O	26.34	C	-		
647	43	O	26.34	G	-		
647	44	O	26.34	A	-		
647	45	O	26.34	G	-		
647	46	O	26.34	C	-		
647	47	O	26.34	C	-		
647	48	O	26.34	G	-		
647	49	O	26.34	A	-		
647	50	O	26.34	T	-		
647	51	O	26.34	C	-		
647	52	O	26.34	T	-		
647	53	O	26.34	T	-		
647	54	O	26.34	A	-		
647	55	O	26.34	T	-		
647	56	O	26.34	T	-		
647	57	O	26.34	T	-		
647	58	O	26.34	C	-		
647	59	O	26.34	G	-		
647	60	O	26.34	A	-		
647	61	O	26.34	T	-		
647	62	O	26.34	T	-		
647	63	O	26.34	C	-		
647	64	O	26.34	G	-		
647	65	O	26.34	T	-		
647	66	O	26.34	G	-		
647	67	O	26.34	G	-		
647	68	O	26.34	T	-		
647	69	O	26.34	A	-		
647	70	O	26.34	T	-		
647	71	O	26.34	G	-		
647	72	O	26.34	A	-		
647	73	O	26.34	T	-		
647	74	O	26.34	C	-		
647	75	O	26.34	G	-		
647	76	O	26.34	A	-		
647	77	O	26.34	C	-		
647	78	O	26.34	C	-		
647	79	O	26.34	C	-		
647	80	O	26.34	C	-		
647	81	O	26.34	G	-		
647	82	O	26.34	A	-		
647	83	O	26.34	C	-		
647	84	O	26.34	A	-		
647	85	O	26.34	G	-		
647	86	O	26.34	C	-		
647	87	O	26.34	A	-		
647	88	O	26.34	G	-		
647	89	O	26.34	T	-		
647	90	O	26.34	T	-		
647	91	O	26.34	A	-		
647	92	O	26.34	A	-		
647	93	O	26.34	A	-		
647	94	O	26.34	G	-		
647	95	O	26.34	C	-		
647	96	O	26.34	C	-		
647	97	O	26.34	A	-		
647	98	O	26.34	C	-		
647	99	O	26.34	C	-		
647	100	O	26.34	A	-		
647	101	O	26.34	A	-		
647	102	O	26.34	A	-		
647	103	O	26.34	A	-		
647	104	O	26.34	T	-		
647	105	O	26.34	A	-		
647	106	O	26.34	G	-		
647	107	O	26.34	G	-		
647	108	O	16.31	T	-		
647	109	O	26.34	T	-		
648	0	O	6.93	T	-		
648	1	O	6.93	A	-		
648	2	O	6.93	C	-		
648	3	O	6.93	A	-		
648	4	O	6.93	A	-		
648	5	O	6.93	G	-		
648	6	O	6.93	G	-		
648	7	O	6.93	G	-		
648	8	O	6.93	C	-		
648	9	O	6.93	G	-		
648	10	O	6.93	C	-		
648	11	O	6.93	G	-		
648	12	O	6.93	C	-		
648	13	O	6.93	A	-		
648	14	O	6.93	G	-		
648	15	O	6.93	A	-		
648	16	O	6.93	T	-		
648	17	O	6.93	C	-		
648	18	O	6.93	T	-		
648	19	O	6.93	T	-		
648	20	O	6.93	C	-		
648	21	O	6.93	G	-		
648	22	O	6.93	A	-		
648	23	O	6.93	G	-		
648	24	O	6.93	G	-		
648	25	O	6.93	C	-		
648	26	O	6.93	C	-		
648	27	O	6.93	G	-		
648	28	O	6.93	T	-		
648	29	O	6.93	C	-		
648	30	O	6.93	G	-		
648	31	O	6.93	G	-		
648	32	O	6.93	C	-		
648	33	O	6.93	T	-		
648	34	O	6.93	T	-		
648	35	O	6.93	G	-		
648	36	O	6.93	G	-		
648	37	O	6.93	C	-		
648	38	O	6.93	C	-		
648	39	O	6.93	A	-		
648	40	O	6.93	G	-		
648	41	O	6.93	C	-		
648	42	O	6.93	G	-		
648	43	O	6.93	A	-		
648	44	O	6.93	T	-		
648	45	O	6.93	G	-		
648	46	O	6.93	T	-		
648	47	O	6.93	G	-		
648	48	O	6.93	A	-		
648	49	O	6.93	T	-		
648	50	O	6.93	T	-		
648	51	O	6.93	G	-		
648	52	O	6.93	A	-		
648	53	O	6.93	C	-		
648	54	O	6.93	A	-		
648	55	O	6.93	A	-		
648	56	O	6.93	G	-		
648	57	O	6.93	T	-		
648	58	O	6.93	G	-		
648	59	O	6.93	T	-		
648	60	O	6.93	T	-		
648	61	O	6.93	T	-		
648	62	O	6.93	C	-		
648	63	O	6.93	A	-		
648	64	O	6.93	A	-		
648	65	O	6.93	G	-		
648	66	O	6.93	A	-		
648	67	O	6.93	G	-		
648	68	O	6.93	C	-		
648	69	O	6.93	A	-		
648	70	O	6.93	C	-		
648	71	O	6.93	T	-		
648	72	O	6.93	C	-		
648	73	O	6.93	C	-		
648	74	O	6.93	G	-		
648	75	O	6.93	T	-		
648	76	O	6.93	C	-		
648	77	O	6.93	G	-		
648	78	O	6.93	C	-		
648	79	O	6.93	G	-		
648	80	O	6.93	T	-		
648	81	O	6.93	A	-		
648	82	O	6.93	T	-		
648	83	O	6.93	T	-		
648	84	O	6.93	G	-		
648	85	O	6.93	G	-		
648	86	O	6.93	A	-		
648	87	O	6.93	G	-		
648	88	O	6.93	G	-		
648	89	O	6.93	C	-		
648	90	O	6.93	T	-		
648	91	O	6.93	C	-		
648	92	O	6.93	C	-		
648	93	O	6.93	A	-		
648	94	O	6.93	A	-		
648	95	O	6.93	C	-		
648	96	O	6.93	T	-		
648	97	O	6.93	T	-		
648	98	O	6.93	C	-		
648	99	O	6.93	G	-		
648	100	O	6.93	A	-		
648	101	O	6.93	C	-		
648	102	O	6.93	G	-		
648	103	O	6.93	T	-		
648	104	O	6.93	G	-		
648	105	O	6.93	C	-		
648	106	O	6.93	T	-		
648	107	O	6.93	G	-		
648	108	O	6.93	G	-		
648	109	O	6.93	C	-		
649	0	O	11.09	A	-		
649	1	O	11.09	G	-		
649	2	O	11.09	G	-		
649	3	O	11.09	C	-		
649	4	O	11.09	G	-		
649	5	O	11.09	G	-		
649	6	O	11.09	T	-		
649	7	O	11.09	G	-		
649	8	O	11.09	C	-		
649	9	O	11.09	G	-		
649	10	O	11.09	T	-		
649	11	O	11.09	T	-		
649	12	O	11.09	C	-		
649	13	O	11.09	A	-		
649	14	O	11.09	A	-		
649	15	O	11.09	C	-		
649	16	O	11.09	T	-		
649	17	O	11.09	C	-		
649	18	O	11.09	G	-		
649	19	O	11.09	T	-		
649	20	O	11.09	C	-		
649	21	O	11.09	G	-		
649	22	O	11.09	G	-		
649	23	O	11.09	A	-		
649	24	O	11.09	G	-		
649	25	O	11.09	A	-		
649	26	O	11.09	A	-		
649	27	O	11.09	T	-		
649	28	O	11.09	A	-		
649	29	O	11.09	G	-		
649	30	O	11.09	G	-		
649	31	O	11.09	T	-		
649	32	O	11.09	A	-		
649	33	O	11.09	T	-		
649	34	O	11.09	G	-		
649	35	O	11.09	C	-		
649	36	O	11.09	C	-		
649	37	O	11.09	C	-		
649	38	O	11.09	T	-		
649	39	O	11.09	G	-		
649	40	O	11.09	G	-		
649	41	O	11.09	C	-		
649	42	O	11.09	A	-		
649	43	O	11.09	C	-		
649	44	O	11.09	G	-		
649	45	O	11.09	C	-		
649	46	O	11.09	T	-		
649	47	O	11.09	T	-		
649	48	O	11.09	C	-		
649	49	O	11.09	T	-		
649	50	O	11.09	C	-		
649	51	O	11.09	C	-		
649	52	O	11.09	C	-		
649	53	O	11.09	C	-		
649	54	O	11.09	C	-		
649	55	O	11.09	T	-		
649	56	O	11.09	T	-		
649	57	O	11.09	G	-		
649	58	O	11.09	A	-		
649	59	O	11.09	C	-		
649	60	O	11.09	G	-		
649	61	O	11.09	G	-		
649	62	O	11.09	T	-		
649	63	O	11.09	G	-		
649	64	O	11.09	A	-		
649	65	O	11.09	A	-		
649	66	O	11.09	A	-		
649	67	O	11.09	C	-		
649	68	O	11.09	T	-		
649	69	O	11.09	G	-		
649	70	O	11.09	G	-		
649	71	O	11.09	G	-		
649	72	O	11.09	C	-		
649	73	O	11.09	T	-		
649	74	O	11.09	C	-		
649	75	O	11.09	C	-		
649	76	O	11.09	G	-		
649	77	O	11.09	G	-		
649	78	O	11.09	C	-		
649	79	O	11.09	T	-		
649	80	O	11.09	T	-		
649	81	O	11.09	T	-		
649	82	O	11.09	T	-		
649	83	O	11.09	C	-		
649	84	O	11.09	C	-		
649	85	O	11.09	A	-		
649	86	O	11.09	C	-		
649	87	O	11.09	C	-		
649	88	O	11.09	A	-		
649	89	O	11.09	C	-		
649	90	O	11.09	C	-		
649	91	O	11.09	A	-		
649	92	O	11.09	C	-		
649	93	O	11.09	C	-		
649	94	O	11.09	A	-		
649	95	O	11.09	C	-		
649	96	O	11.09	C	-		
649	97	O	11.09	T	-		
649	98	O	11.09	C	-		
649	99	O	11.09	T	-		
649	100	O	11.09	T	-		
649	101	O	11.09	C	-		
649	102	O	11.09	C	-		
649	103	O	11.09	T	-		
649	104	O	11.09	G	-		
649	105	O	11.09	T	-		
649	106	O	11.09	T	-		
649	107	O	11.09	C	-		
649	108	O	11.09	C	-		
649	109	O	11.09	A	-		
650	0	O	5.55	A	-		
650	1	O	5.55	G	-		
650	2	O	5.55	C	-		
650	3	O	5.55	A	-		
650	4	O	5.55	C	-		
650	5	O	5.55	G	-		
650	6	O	5.55	T	-		
650	7	O	5.55	C	-		
650	8	O	5.55	T	-		
650	9	O	5.55	A	-		
650	10	O	5.55	C	-		
650	11	O	5.55	A	-		
650	12	O	5.55	A	-		
650	13	O	5.55	C	-		
650	14	O	5.55	C	-		
650	15	O	5.55	T	-		
650	16	O	5.55	G	-		
650	17	O	5.55	T	-		
650	18	O	5.55	G	-		
650	19	O	5.55	T	-		
650	20	O	5.55	C	-		
650	21	O	5.55	G	-		
650	22	O	5.55	C	-		
650	23	O	5.55	T	-		
650	24	O	5.55	C	-		
650	25	O	5.55	A	-		
650	26	O	5.55	T	-		
650	27	O	5.55	A	-		
650	28	O	5.55	T	-		
650	29	O	5.55	C	-		
650	30	O	5.55	T	-		
650	31	O	5.55	G	-		
650	32	O	5.55	C	-		
650	33	O	5.55	T	-		
650	34	O	5.55	C	-		
650	35	O	5.55	T	-		
650	36	O	5.55	T	-		
650	37	O	5.55	G	-		
650	38	O	5.55	C	-		
650	39	O	5.55	G	-		
650	40	O	5.55	A	-		
650	41	O	5.55	A	-		
650	42	O	5.55	G	-		
650	43	O	5.55	T	-		
650	44	O	5.55	C	-		
650	45	O	5.55	C	-		
650	46	O	5.55	T	-		
650	47	O	5.55	T	-		
650	48	O	5.55	T	-		
650	49	O	5.55	C	-		
650	50	O	5.55	A	-		
650	51	O	5.55	G	-		
650	52	O	5.55	C	-		
650	53	O	5.55	T	-		
650	54	O	5.55	C	-		
650	55	O	5.55	T	-		
650	56	O	5.55	T	-		
650	57	O	5.55	A	-		
650	58	O	5.55	C	-		
650	59	O	5.55	T	-		
650	60	O	5.55	C	-		
650	61	O	5.55	C	-		
650	62	O	5.55	T	-		
650	63	O	5.55	G	-		
650	64	O	5.55	A	-		
650	65	O	5.55	T	-		
650	66	O	5.55	C	-		
650	67	O	5.55	T	-		
650	68	O	5.55	C	-		
650	69	O	5.55	G	-		
650	70	O	5.55	A	-		
650	71	O	5.55	G	-		
650	72	O	5.55	C	-		
650	73	O	5.55	G	-		
650	74	O	5.55	C	-		
650	75	O	5.55	G	-		
650	76	O	5.55	C	-		
650	77	O	5.55	C	-		
650	78	O	5.55	A	-		
650	79	O	5.55	G	-		
650	80	O	5.55	T	-		
650	81	O	5.55	A	-		
650	82	O	5.55	C	-		
650	83	O	5.55	A	-		
650	84	O	5.55	C	-		
650	85	O	5.55	C	-		
650	86	O	5.55	T	-		
650	87	O	5.55	C	-		
650	88	O	5.55	T	-		
650	89	O	5.55	C	-		
650	90	O	5.55	A	-		
650	91	O	5.55	A	-		
650	92	O	5.55	G	-		
650	93	O	5.55	A	-		
650	94	O	5.55	T	-		
650	95	O	5.55	T	-		
650	96	O	5.55	T	-		
650	97	O	5.55	G	-		
650	98	O	5.55	A	-		
650	99	O	5.55	A	-		
650	100	O	5.55	G	-		
650	101	O	5.55	T	-		
650	102	O	5.55	A	-		
650	103	O	5.55	C	-		
650	104	O	5.55	C	-		
650	105	O	5.55	G	-		
650	106	O	5.55	G	-		
650	107	O	5.55	C	-		
650	108	O	5.55	T	-		
650	109	O	5.55	G	-		
651	0	O	16.64	A	-		
651	1	O	16.64	C	-		
651	2	O	16.64	A	-		
651	3	O	16.64	C	-		
651	4	O	16.64	C	-		
651	5	O	16.64	G	-		
651	6	O	16.64	C	-		
651	7	O	16.64	C	-		
651	8	O	16.64	A	-		
651	9	O	16.64	C	-		
651	10	O	16.64	G	-		
651	11	O	16.64	A	-		
651	12	O	16.64	A	-		
651	13	O	16.64	C	-		
651	14	O	16.64	G	-		
651	15	O	16.64	T	-		
651	16	O	16.64	T	-		
651	17	O	16.64	G	-		
651	18	O	16.64	C	-		
651	19	O	16.64	A	-		
651	20	O	16.64	G	-		
651	21	O	16.64	G	-		
651	22	O	16.64	G	-		
651	23	O	16.64	C	-		
651	24	O	16.64	T	-		
651	25	O	16.64	C	-		
651	26	O	16.64	G	-		
651	27	O	16.64	T	-		
651	28	O	16.64	G	-		
651	29	O	16.64	T	-		
651	30	O	16.64	T	-		
651	31	O	16.64	C	-		
651	32	O	16.64	A	-		
651	33	O	16.64	C	-		
651	34	O	16.64	G	-		
651	35	O	16.64	A	-		
651	36	O	16.64	A	-		
651	37	O	16.64	C	-		
651	38	O	16.64	A	-		
651	39	O	16.64	C	-		
651	40	O	16.64	A	-		
651	41	O	16.64	G	-		
651	42	O	16.64	C	-		
651	43	O	16.64	G	-		
651	44	O	16.64	T	-		
651	45	O	16.64	C	-		
651	46	O	16.64	G	-		
651	47	O	16.64	T	-		
651	48	O	16.64	C	-		
651	49	O	16.64	C	-		
651	50	O	16.64	A	-		
651	51	O	16.64	C	-		
651	52	O	16.64	C	-		
651	53	O	16.64	T	-		
651	54	O	16.64	A	-		
651	55	O	16.64	C	-		
651	56	O	16.64	A	-		
651	57	O	16.64	A	-		
651	58	O	16.64	C	-		
651	59	O	16.64	C	-		
651	60	O	16.64	A	-		
651	61	O	16.64	A	-		
651	62	O	16.64	C	-		
651	63	O	16.64	A	-		
651	64	O	16.64	G	-		
651	65	O	16.64	G	-		
651	66	O	16.64	A	-		
651	67	O	16.64	T	-		
651	68	O	16.64	A	-		
651	69	O	16.64	A	-		
651	70	O	16.64	C	-		
651	71	O	16.64	A	-		
651	72	O	16.64	A	-		
651	73	O	16.64	T	-		
651	74	O	16.64	G	-		
651	75	O	16.64	G	-		
651	76	O	16.64	C	-		
651	77	O	16.64	G	-		
651	78	O	16.64	C	-		
651	79	O	16.64	G	-		
651	80	O	16.64	T	-		
651	81	O	16.64	C	-		
651	82	O	16.64	G	-		
651	83	O	16.64	C	-		
651	84	O	16.64	A	-		
651	85	O	16.64	G	-		
651	86	O	16.64	C	-		
651	87	O	16.64	G	-		
651	88	O	16.64	G	-		
651	89	O	16.64	C	-		
651	90	O	16.64	C	-		
651	91	O	16.64	C	-		
651	92	O	16.64	G	-		
651	93	O	16.64	G	-		
651	94	O	16.64	T	-		
651	95	O	16.64	A	-		
651	96	O	16.64	C	-		
651	97	O	16.64	C	-		
651	98	O	16.64	G	-		
651	99	O	16.64	C	-		
651	100	O	16.64	G	-		
651	101	O	16.64	T	-		
651	102	O	16.64	G	-		
651	103	O	16.64	G	-		
651	104	O	16.64	A	-		
651	105	O	16.64	C	-		
651	106	O	16.64	G	-		
651	107	O	16.64	A	-		
651	108	O	16.64	G	-		
651	109	O	16.64	C	-		
652	0	O	12.48	G	-		
652	1	O	12.48	G	-		
652	2	O	12.48	C	-		
652	3	O	12.48	T	-		
652	4	O	12.48	C	-		
652	5	O	12.48	C	-		
652	6	O	12.48	T	-		
652	7	O	12.48	G	-		
652	8	O	12.48	C	-		
652	9	O	12.48	G	-		
652	10	O	12.48	C	-		
652	11	O	12.48	C	-		
652	12	O	12.48	C	-		
652	13	O	12.48	G	-		
652	14	O	12.48	G	-		
652	15	O	12.48	T	-		
652	16	O	12.48	G	-		
652	17	O	12.48	C	-		
652	18	O	12.48	G	-		
652	19	O	12.48	A	-		
652	20	O	12.48	G	-		
652	21	O	12.48	C	-		
652	22	O	12.48	G	-		
652	23	O	12.48	A	-		
652	24	O	12.48	C	-		
652	25	O	12.48	T	-		
652	26	O	12.48	C	-		
652	27	O	12.48	G	-		
652	28	O	12.48	A	-		
652	29	O	12.48	G	-		
652	30	O	12.48	G	-		
652	31	O	12.48	C	-		
652	32	O	12.48	C	-		
652	33	O	12.48	G	-		
652	34	O	12.48	A	-		
652	35	O	12.48	G	-		
652	36	O	12.48	C	-		
652	37	O	12.48	G	-		
652	38	O	12.48	C	-		
652	39	O	12.48	T	-		
652	40	O	12.48	T	-		
652	41	O	12.48	G	-		
652	42	O	12.48	C	-		
652	43	O	12.48	C	-		
652	44	O	12.48	C	-		
652	45	O	12.48	G	-		
652	46	O	12.48	C	-		
652	47	O	12.48	C	-		
652	48	O	12.48	T	-		
652	49	O	12.48	G	-		
652	50	O	12.48	T	-		
652	51	O	12.48	C	-		
652	52	O	12.48	T	-		
652	53	O	12.48	G	-		
652	54	O	12.48	T	-		
652	55	O	12.48	C	-		
652	56	O	12.48	C	-		
652	57	O	12.48	G	-		
652	58	O	12.48	C	-		
652	59	O	12.48	C	-		
652	60	O	12.48	T	-		
652	61	O	12.48	G	-		
652	62	O	12.48	C	-		
652	63	O	12.48	T	-		
652	64	O	12.48	C	-		
652	65	O	12.48	G	-		
652	66	O	12.48	G	-		
652	67	O	12.48	C	-		
652	68	O	12.48	C	-		
652	69	O	12.48	C	-		
652	70	O	12.48	G	-		
652	71	O	12.48	C	-		
652	72	O	12.48	G	-		
652	73	O	12.48	C	-		
652	74	O	12.48	C	-		
652	75	O	12.48	G	-		
652	76	O	12.48	G	-		
652	77	O	12.48	C	-		
652	78	O	12.48	G	-		
652	79	O	12.48	G	-		
652	80	O	12.48	C	-		
652	81	O	12.48	T	-		
652	82	O	12.48	C	-		
652	83	O	12.48	C	-		
652	84	O	12.48	A	-		
652	85	O	12.48	G	-		
652	86	O	12.48	C	-		
652	87	O	12.48	G	-		
652	88	O	12.48	G	-		
652	89	O	12.48	G	-		
652	90	O	12.48	A	-		
652	91	O	12.48	G	-		
652	92	O	12.48	T	-		
652	93	O	12.48	T	-		
652	94	O	12.48	G	-		
652	95	O	12.48	T	-		
652	96	O	12.48	T	-		
652	97	O	12.48	G	-		
652	98	O	12.48	C	-		
652	99	O	12.48	T	-		
652	100	O	12.48	G	-		
652	101	O	12.48	C	-		
652	102	O	12.48	G	-		
652	103	O	12.48	T	-		
652	104	O	12.48	G	-		
652	105	O	12.48	G	-		
652	106	O	12.48	G	-		
652	107	O	12.48	C	-		
652	108	O	12.48	G	-		
652	109	O	12.48	C	-		
653	0	O	5.55	C	-		
653	1	O	5.55	A	-		
653	2	O	5.55	C	-		
653	3	O	5.55	T	-		
653	4	O	5.55	G	-		
653	5	O	5.55	A	-		
653	6	O	5.55	A	-		
653	7	O	5.55	T	-		
653	8	O	5.55	C	-		
653	9	O	5.55	G	-		
653	10	O	5.55	G	-		
653	11	O	5.55	G	-		
653	12	O	5.55	C	-		
653	13	O	5.55	A	-		
653	14	O	5.55	C	-		
653	15	O	5.55	A	-		
653	16	O	5.55	C	-		
653	17	O	5.55	T	-		
653	18	O	5.55	T	-		
653	19	O	5.55	C	-		
653	20	O	5.55	T	-		
653	21	O	5.55	T	-		
653	22	O	5.55	T	-		
653	23	O	5.55	C	-		
653	24	O	5.55	T	-		
653	25	O	5.55	T	-		
653	26	O	5.55	C	-		
653	27	O	5.55	G	-		
653	28	O	5.55	G	-		
653	29	O	5.55	A	-		
653	30	O	5.55	T	-		
653	31	O	5.55	A	-		
653	32	O	5.55	C	-		
653	33	O	5.55	C	-		
653	34	O	5.55	G	-		
653	35	O	5.55	C	-		
653	36	O	5.55	C	-		
653	37	O	5.55	T	-		
653	38	O	5.55	C	-		
653	39	O	5.55	C	-		
653	40	O	5.55	C	-		
653	41	O	5.55	T	-		
653	42	O	5.55	G	-		
653	43	O	5.55	G	-		
653	44	O	5.55	A	-		
653	45	O	5.55	A	-		
653	46	O	5.55	C	-		
653	47	O	5.55	G	-		
653	48	O	5.55	T	-		
653	49	O	5.55	C	-		
653	50	O	5.55	A	-		
653	51	O	5.55	G	-		
653	52	O	5.55	A	-		
653	53	O	5.55	A	-		
653	54	O	5.55	T	-		
653	55	O	5.55	G	-		
653	56	O	5.55	G	-		
653	57	O	5.55	G	-		
653	58	O	5.55	A	-		
653	59	O	5.55	A	-		
653	60	O	5.55	A	-		
653	61	O	5.55	C	-		
653	62	O	5.55	C	-		
653	63	O	5.55	G	-		
653	64	O	5.55	A	-		
653	65	O	5.55	A	-		
653	66	O	5.55	T	-		
653	67	O	5.55	C	-		
653	68	O	5.55	T	-		
653	69	O	5.55	C	-		
653	70	O	5.55	T	-		
653	71	O	5.55	A	-		
653	72	O	5.55	T	-		
653	73	O	5.55	T	-		
653	74	O	5.55	G	-		
653	75	O	5.55	G	-		
653	76	O	5.55	C	-		
653	77	O	5.55	C	-		
653	78	O	5.55	T	-		
653	79	O	5.55	T	-		
653	80	O	5.55	C	-		
653	81	O	5.55	C	-		
653	82	O	5.55	C	-		
653	83	O	5.55	A	-		
653	84	O	5.55	T	-		
653	85	O	5.55	G	-		
653	86	O	5.55	G	-		
653	87	O	5.55	T	-		
653	88	O	5.55	G	-		
653	89	O	5.55	T	-		
653	90	O	5.55	T	-		
653	91	O	5.55	T	-		
653	92	O	5.55	A	-		
653	93	O	5.55	G	-		
653	94	O	5.55	A	-		
653	95	O	5.55	T	-		
653	96	O	5.55	T	-		
653	97	O	5.55	G	-		
653	98	O	5.55	A	-		
653	99	O	5.55	G	-		
653	100	O	5.55	C	-		
653	101	O	5.55	T	-		
653	102	O	5.55	T	-		
653	103	O	5.55	G	-		
653	104	O	5.55	G	-		
653	105	O	5.55	T	-		
653	106	O	5.55	G	-		
653	107	O	5.55	A	-		
653	108	O	5.55	C	-		
653	109	O	5.55	A	-		
654	0	O	27.73	A	-		
654	1	O	27.73	A	-		
654	2	O	27.73	C	-		
654	3	O	27.73	C	-		
654	4	O	27.73	C	-		
654	5	O	27.73	G	-		
654	6	O	27.73	G	-		
654	7	O	27.73	G	-		
654	8	O	27.73	G	-		
654	9	O	27.73	G	-		
654	10	O	27.73	A	-		
654	11	O	27.73	A	-		
654	12	O	27.73	G	-		
654	13	O	27.73	T	-		
654	14	O	27.73	C	-		
654	15	O	27.73	G	-		
654	16	O	27.73	C	-		
654	17	O	27.73	C	-		
654	18	O	27.73	A	-		
654	19	O	27.73	G	-		
654	20	O	27.73	G	-		
654	21	O	27.73	C	-		
654	22	O	27.73	T	-		
654	23	O	27.73	T	-		
654	24	O	27.73	G	-		
654	25	O	27.73	T	-		
654	26	O	27.73	T	-		
654	27	O	27.73	G	-		
654	28	O	27.73	C	-		
654	29	O	27.73	G	-		
654	30	O	27.73	C	-		
654	31	O	27.73	T	-		
654	32	O	27.73	G	-		
654	33	O	27.73	G	-		
654	34	O	27.73	C	-		
654	35	O	27.73	A	-		
654	36	O	27.73	G	-		
654	37	O	27.73	C	-		
654	38	O	27.73	A	-		
654	39	O	27.73	A	-		
654	40	O	27.73	C	-		
654	41	O	27.73	A	-		
654	42	O	27.73	G	-		
654	43	O	27.73	C	-		
654	44	O	27.73	A	-		
654	45	O	27.73	G	-		
654	46	O	27.73	C	-		
654	47	O	27.73	T	-		
654	48	O	27.73	C	-		
654	49	O	27.73	C	-		
654	50	O	27.73	G	-		
654	51	O	27.73	G	-		
654	52	O	27.73	C	-		
654	53	O	27.73	G	-		
654	54	O	27.73	A	-		
654	55	O	27.73	C	-		
654	56	O	27.73	T	-		
654	57	O	27.73	G	-		
654	58	O	27.73	G	-		
654	59	O	17.59	C	-		
654	60	O	27.73	A	-		
654	61	O	27.73	C	-		
654	62	O	27.73	A	-		
654	63	O	27.73	G	-		
654	64	O	27.73	C	-		
654	65	O	27.73	T	-		
654	66	O	27.73	C	-		
654	67	O	27.73	A	-		
654	68	O	27.73	C	-		
654	69	O	27.73	T	-		
654	70	O	27.73	A	-		
654	71	O	27.73	G	-		
654	72	O	27.73	A	-		
654	73	O	27.73	G	-		
654	74	O	27.73	G	-		
654	75	O	27.73	C	-		
654	76	O	27.73	G	-		
654	77	O	27.73	G	-		
654	78	O	27.73	T	-		
654	79	O	27.73	C	-		
654	80	O	27.73	T	-		
654	81	O	27.73	A	-		
654	82	O	27.73	C	-		
654	83	O	27.73	T	-		
654	84	O	27.73	T	-		
654	85	O	27.73	A	-		
654	86	O	27.73	A	-		
654	87	O	27.73	A	-		
654	88	O	27.73	C	-		
654	89	O	27.73	A	-		
654	90	O	27.73	C	-		
654	91	O	27.73	G	-		
654	92	O	27.73	A	-		
654	93	O	27.73	G	-		
654	94	O	27.73	C	-		
654	95	O	27.73	T	-		
654	96	O	27.73	A	-		
654	97	O	27.73	G	-		
654	98	O	27.73	C	-		
654	99	O	27.73	G	-		
654	100	O	17.59	A	-		
654	101	O	27.73	C	-		
654	102	O	27.73	C	-		
654	103	O	27.73	C	-		
654	104	O	27.73	G	-		
654	105	O	27.73	C	-		
654	106	O	27.73	G	-		
654	107	O	27.73	C	-		
654	108	O	27.73	G	-		
654	109	O	27.73	G	-		
655	0	O	8.32	G	-		
655	1	O	8.32	T	-		
655	2	O	8.32	C	-		
655	3	O	8.32	G	-		
655	4	O	8.32	T	-		
655	5	O	8.32	A	-		
655	6	O	8.32	G	-		
655	7	O	8.32	A	-		
655	8	O	8.32	T	-		
655	9	O	8.32	T	-		
655	10	O	8.32	C	-		
655	11	O	8.32	C	-		
655	12	O	8.32	C	-		
655	13	O	8.32	T	-		
655	14	O	8.32	G	-		
655	15	O	8.32	C	-		
655	16	O	8.32	A	-		
655	17	O	8.32	G	-		
655	18	O	8.32	A	-		
655	19	O	8.32	T	-		
655	20	O	8.32	A	-		
655	21	O	8.32	A	-		
655	22	O	8.32	T	-		
655	23	O	8.32	C	-		
655	24	O	8.32	G	-		
655	25	O	8.32	T	-		
655	26	O	8.32	C	-		
655	27	O	8.32	C	-		
655	28	O	8.32	G	-		
655	29	O	8.32	G	-		
655	30	O	8.32	C	-		
655	31	O	8.32	A	-		
655	32	O	8.32	A	-		
655	33	O	8.32	G	-		
655	34	O	8.32	C	-		
655	35	O	8.32	T	-		
655	36	O	8.32	C	-		
655	37	O	8.32	T	-		
655	38	O	8.32	G	-		
655	39	O	8.32	T	-		
655	40	O	8.32	C	-		
655	41	O	8.32	C	-		
655	42	O	8.32	G	-		
655	43	O	8.32	T	-		
655	44	O	8.32	C	-		
655	45	O	8.32	G	-		
655	46	O	8.32	T	-		
655	47	O	8.32	T	-		
655	48	O	8.32	G	-		
655	49	O	8.32	A	-		
655	50	O	8.32	T	-		
655	51	O	8.32	A	-		
655	52	O	8.32	C	-		
655	53	O	8.32	C	-		
655	54	O	8.32	A	-		
655	55	O	8.32	C	-		
655	56	O	8.32	G	-		
655	57	O	8.32	G	-		
655	58	O	8.32	T	-		
655	59	O	8.32	T	-		
655	60	O	8.32	G	-		
655	61	U	0.71	T	C		
655	62	O	8.32	T	-		
655	63	O	8.32	C	-		
655	64	O	8.32	T	-		
655	65	O	8.32	T	-		
655	66	O	8.32	G	-		
655	67	O	8.32	A	-		
655	68	O	8.32	T	-		
655	69	O	8.32	G	-		
655	70	O	8.32	A	-		
655	71	O	8.32	A	-		
655	72	O	8.32	G	-		
655	73	O	8.32	T	-		
655	74	O	8.32	C	-		
655	75	O	8.32	C	-		
655	76	O	8.32	T	-		
655	77	O	8.32	C	-		
655	78	O	8.32	G	-		
655	79	O	8.32	A	-		
655	80	O	8.32	T	-		
655	81	O	8.32	C	-		
655	82	O	8.32	G	-		
655	83	O	8.32	T	-		
655	84	O	8.32	C	-		
655	85	O	8.32	A	-		
655	86	O	8.32	T	-		
655	87	O	8.32	G	-		
655	88	O	8.32	C	-		
655	89	O	8.32	G	-		
655	90	O	8.32	C	-		
655	91	O	8.32	T	-		
655	92	O	8.32	T	-		
655	93	O	8.32	C	-		
655	94	O	8.32	T	-		
655	95	O	8.32	T	-		
655	96	O	8.32	G	-		
655	97	O	8.32	A	-		
655	98	O	8.32	C	-		
655	99	O	8.32	C	-		
655	100	O	8.32	T	-		
655	101	U	0.71	G	T		
655	102	O	8.32	C	-		
655	103	O	8.32	G	-		
655	104	O	8.32	A	-		
655	105	O	8.32	A	-		
655	106	O	8.32	G	-		
655	107	O	8.32	A	-		
655	108	O	8.32	A	-		
655	109	O	8.32	T	-		
656	0	O	9.70	C	-		
656	1	O	9.70	G	-		
656	2	O	9.70	C	-		
656	3	O	9.70	C	-		
656	4	O	9.70	A	-		
656	5	O	9.70	C	-		
656	6	O	9.70	T	-		
656	7	O	9.70	G	-		
656	8	O	9.70	G	-		
656	9	O	9.70	C	-		
656	10	O	9.70	C	-		
656	11	O	9.70	A	-		
656	12	O	9.70	G	-		
656	13	O	9.70	C	-		
656	14	O	9.70	C	-		
656	15	O	9.70	G	-		
656	16	O	9.70	A	-		
656	17	O	9.70	C	-		
656	18	O	9.70	G	-		
656	19	O	9.70	A	-		
656	20	O	9.70	G	-		
656	21	O	9.70	C	-		
656	22	O	9.70	G	-		
656	23	O	9.70	C	-		
656	24	O	9.70	C	-		
656	25	O	9.70	C	-		
656	26	O	9.70	G	-		
656	27	O	9.70	C	-		
656	28	O	9.70	C	-		
656	29	O	9.70	G	-		
656	30	O	9.70	A	-		
656	31	O	9.70	G	-		
656	32	O	9.70	C	-		
656	33	O	9.70	C	-		
656	34	O	9.70	A	-		
656	35	O	9.70	G	-		
656	36	O	9.70	A	-		
656	37	O	9.70	T	-		
656	38	O	9.70	C	-		
656	39	O	9.70	C	-		
656	40	O	9.70	A	-		
656	41	O	9.70	C	-		
656	42	O	9.70	C	-		
656	43	O	9.70	A	-		
656	44	O	9.70	G	-		
656	45	O	9.70	G	-		
656	46	O	9.70	G	-		
656	47	U	1.77	A	G		
656	48	O	9.70	C	-		
656	49	O	9.70	G	-		
656	50	O	9.70	T	-		
656	51	O	9.70	C	-		
656	52	O	9.70	C	-		
656	53	O	9.70	G	-		
656	54	O	9.70	A	-		
656	55	O	9.70	G	-		
656	56	O	9.70	G	-		
656	57	O	9.70	T	-		
656	58	O	9.70	C	-		
656	59	O	9.70	G	-		
656	60	O	9.70	C	-		
656	61	O	9.70	G	-		
656	62	O	9.70	C	-		
656	63	O	9.70	G	-		
656	64	O	9.70	A	-		
656	65	O	9.70	G	-		
656	66	O	9.70	G	-		
656	67	O	9.70	G	-		
656	68	O	9.70	T	-		
656	69	O	9.70	G	-		
656	70	O	9.70	G	-		
656	71	O	9.70	C	-		
656	72	O	9.70	G	-		
656	73	O	9.70	G	-		
656	74	O	9.70	C	-		
656	75	O	9.70	G	-		
656	76	O	9.70	G	-		
656	77	O	9.70	C	-		
656	78	O	9.70	C	-		
656	79	O	9.70	G	-		
656	80	O	9.70	C	-		
656	81	O	9.70	T	-		
656	82	O	9.70	G	-		
656	83	O	9.70	C	-		
656	84	O	9.70	G	-		
656	85	O	9.70	C	-		
656	86	O	9.70	A	-		
656	87	O	9.70	G	-		
656	88	O	9.70	G	-		
656	89	O	9.70	C	-		
656	90	O	9.70	G	-		
656	91	O	9.70	C	-		
656	92	O	9.70	A	-		
656	93	O	9.70	G	-		
656	94	O	9.70	A	-		
656	95	O	9.70	C	-		
656	96	O	9.70	G	-		
656	97	O	9.70	G	-		
656	98	O	9.70	G	-		
656	99	O	9.70	C	-		
656	100	O	9.70	G	-		
656	101	O	9.70	G	-		
656	102	O	9.70	C	-		
656	103	O	9.70	G	-		
656	104	O	9.70	C	-		
656	105	O	9.70	G	-		
656	106	O	9.70	C	-		
656	107	O	9.70	G	-		
656	108	O	9.70	C	-		
656	109	O	9.70	A	-		
657	0	O	8.32	G	-		
657	1	O	8.32	G	-		
657	2	O	8.32	C	-		
657	3	O	8.32	G	-		
657	4	O	8.32	C	-		
657	5	O	8.32	C	-		
657	6	O	8.32	C	-		
657	7	O	8.32	G	-		
657	8	O	8.32	G	-		
657	9	O	8.32	C	-		
657	10	O	8.32	A	-		
657	11	O	8.32	A	-		
657	12	O	8.32	C	-		
657	13	O	8.32	A	-		
657	14	O	8.32	T	-		
657	15	O	8.32	G	-		
657	16	O	8.32	G	-		
657	17	O	8.32	G	-		
657	18	O	8.32	C	-		
657	19	O	8.32	A	-		
657	20	O	8.32	T	-		
657	21	O	8.32	C	-		
657	22	O	8.32	C	-		
657	23	O	8.32	A	-		
657	24	O	8.32	C	-		
657	25	O	8.32	G	-		
657	26	O	8.32	A	-		
657	27	O	8.32	C	-		
657	28	O	8.32	C	-		
657	29	O	8.32	A	-		
657	30	O	8.32	G	-		
657	31	O	8.32	C	-		
657	32	O	8.32	T	-		
657	33	O	8.32	G	-		
657	34	O	8.32	A	-		
657	35	O	8.32	T	-		
657	36	O	8.32	G	-		
657	37	O	8.32	G	-		
657	38	O	8.32	C	-		
657	39	O	8.32	G	-		
657	40	O	8.32	C	-		
657	41	O	8.32	T	-		
657	42	O	8.32	C	-		
657	43	O	8.32	A	-		
657	44	O	8.32	G	-		
657	45	O	8.32	G	-		
657	46	O	8.32	T	-		
657	47	O	8.32	G	-		
657	48	O	8.32	G	-		
657	49	O	8.32	G	-		
657	50	O	8.32	T	-		
657	51	O	8.32	G	-		
657	52	O	8.32	C	-		
657	53	O	8.32	G	-		
657	54	O	8.32	C	-		
657	55	O	8.32	A	-		
657	56	O	8.32	G	-		
657	57	O	8.32	G	-		
657	58	O	8.32	A	-		
657	59	O	8.32	A	-		
657	60	O	8.32	C	-		
657	61	O	8.32	A	-		
657	62	O	8.32	T	-		
657	63	O	8.32	C	-		
657	64	O	8.32	G	-		
657	65	O	8.32	C	-		
657	66	O	8.32	C	-		
657	67	O	8.32	A	-		
657	68	O	8.32	A	-		
657	69	O	8.32	C	-		
657	70	O	8.32	T	-		
657	71	O	8.32	T	-		
657	72	O	8.32	T	-		
657	73	O	8.32	G	-		
657	74	O	8.32	G	-		
657	75	O	8.32	C	-		
657	76	O	8.32	G	-		
657	77	O	8.32	G	-		
657	78	O	8.32	C	-		
657	79	O	8.32	G	-		
657	80	O	8.32	A	-		
657	81	O	8.32	C	-		
657	82	O	8.32	G	-		
657	83	O	8.32	C	-		
657	84	O	8.32	C	-		
657	85	O	8.32	G	-		
657	86	O	8.32	A	-		
657	87	O	8.32	G	-		
657	88	O	8.32	C	-		
657	89	O	8.32	G	-		
657	90	O	8.32	C	-		
657	91	O	8.32	G	-		
657	92	O	8.32	T	-		
657	93	O	8.32	C	-		
657	94	O	8.32	A	-		
657	95	O	8.32	G	-		
657	96	O	8.32	C	-		
657	97	O	8.32	G	-		
657	98	O	8.32	T	-		
657	99	O	8.32	G	-		
657	100	O	8.32	A	-		
657	101	O	8.32	T	-		
657	102	O	8.32	G	-		
657	103	O	8.32	G	-		
657	104	O	8.32	G	-		
657	105	O	8.32	C	-		
657	106	O	8.32	A	-		
657	107	O	8.32	G	-		
657	108	O	8.32	A	-		
657	109	O	8.32	T	-		
658	0	O	8.32	A	-		
658	1	O	8.32	G	-		
658	2	O	8.32	A	-		
658	3	O	8.32	A	-		
658	4	O	8.32	A	-		
658	5	O	8.32	G	-		
658	6	O	8.32	T	-		
658	7	O	8.32	C	-		
658	8	O	8.32	A	-		
658	9	O	8.32	C	-		
658	10	O	8.32	A	-		
658	11	O	8.32	G	-		
658	12	O	8.32	G	-		
658	13	O	8.32	T	-		
658	14	O	8.32	T	-		
658	15	O	8.32	T	-		
658	16	O	8.32	G	-		
658	17	O	8.32	A	-		
658	18	O	8.32	T	-		
658	19	O	8.32	G	-		
658	20	O	8.32	C	-		
658	21	O	8.32	A	-		
658	22	O	8.32	G	-		
658	23	O	8.32	A	-		
658	24	O	8.32	A	-		
658	25	O	8.32	A	-		
658	26	O	8.32	A	-		
658	27	O	8.32	T	-		
658	28	O	8.32	A	-		
658	29	O	8.32	A	-		
658	30	O	8.32	C	-		
658	31	O	8.32	A	-		
658	32	O	8.32	G	-		
658	33	O	8.32	G	-		
658	34	O	8.32	T	-		
658	35	O	8.32	T	-		
658	36	O	8.32	A	-		
658	37	O	8.32	T	-		
658	38	O	8.32	T	-		
658	39	O	8.32	G	-		
658	40	O	8.32	T	-		
658	41	O	8.32	C	-		
658	42	O	8.32	C	-		
658	43	O	8.32	A	-		
658	44	O	8.32	G	-		
658	45	O	8.32	G	-		
658	46	O	8.32	A	-		
658	47	O	8.32	T	-		
658	48	O	8.32	C	-		
658	49	O	8.32	A	-		
658	50	O	8.32	C	-		
658	51	O	8.32	A	-		
658	52	O	8.32	C	-		
658	53	O	8.32	C	-		
658	54	O	8.32	A	-		
658	55	O	8.32	A	-		
658	56	O	8.32	G	-		
658	57	O	8.32	G	-		
658	58	O	8.32	T	-		
658	59	O	8.32	T	-		
658	60	O	8.32	C	-		
658	61	O	8.32	T	-		
658	62	O	8.32	T	-		
658	63	O	8.32	T	-		
658	64	O	8.32	G	-		
658	65	O	8.32	C	-		
658	66	O	8.32	A	-		
658	67	O	8.32	C	-		
658	68	O	8.32	T	-		
658	69	O	8.32	C	-		
658	70	O	8.32	T	-		
658	71	O	8.32	T	-		
658	72	O	8.32	G	-		
658	73	O	8.32	G	-		
658	74	O	8.32	A	-		
658	75	O	8.32	G	-		
658	76	O	8.32	G	-		
658	77	O	8.32	G	-		
658	78	O	8.32	G	-		
658	79	O	8.32	G	-		
658	80	O	8.32	A	-		
658	81	O	8.32	C	-		
658	82	O	8.32	A	-		
658	83	O	8.32	C	-		
658	84	O	8.32	C	-		
658	85	O	8.32	G	-		
658	86	O	8.32	T	-		
658	87	O	8.32	G	-		
658	88	O	8.32	G	-		
658	89	U	0.71	A	G		
658	90	O	8.32	T	-		
658	91	O	8.32	A	-		
658	92	O	8.32	G	-		
658	93	O	8.32	A	-		
658	94	O	8.32	G	-		
658	95	O	8.32	G	-		
658	96	O	8.32	T	-		
658	97	O	8.32	T	-		
658	98	O	8.32	T	-		
658	99	O	8.32	T	-		
658	100	O	8.32	G	-		
658	101	O	8.32	G	-		
658	102	O	8.32	A	-		
658	103	O	8.32	G	-		
658	104	O	8.32	C	-		
658	105	O	8.32	G	-		
658	106	O	8.32	G	-		
658	107	O	8.32	G	-		
658	108	O	8.32	C	-		
658	109	O	8.32	A	-		
659	0	O	11.09	C	-		
659	1	O	11.09	G	-		
659	2	O	11.09	G	-		
659	3	O	11.09	C	-		
659	4	O	11.09	G	-		
659	5	O	11.09	T	-		
659	6	O	11.09	A	-		
659	7	O	11.09	G	-		
659	8	O	11.09	G	-		
659	9	O	11.09	C	-		
659	10	O	11.09	C	-		
659	11	O	11.09	A	-		
659	12	O	11.09	T	-		
659	13	O	11.09	C	-		
659	14	O	11.09	G	-		
659	15	O	11.09	C	-		
659	16	O	11.09	C	-		
659	17	O	11.09	A	-		
659	18	O	11.09	G	-		
659	19	O	11.09	C	-		
659	20	O	11.09	G	-		
659	21	O	11.09	T	-		
659	22	O	11.09	G	-		
659	23	O	11.09	G	-		
659	24	O	11.09	C	-		
659	25	O	11.09	C	-		
659	26	O	11.09	G	-		
659	27	O	11.09	A	-		
659	28	O	11.09	C	-		
659	29	O	11.09	C	-		
659	30	O	11.09	C	-		
659	31	O	11.09	T	-		
659	32	O	11.09	T	-		
659	33	O	11.09	T	-		
659	34	O	11.09	G	-		
659	35	O	11.09	C	-		
659	36	O	11.09	C	-		
659	37	O	11.09	T	-		
659	38	O	11.09	C	-		
659	39	O	11.09	T	-		
659	40	O	11.09	C	-		
659	41	O	11.09	T	-		
659	42	O	11.09	T	-		
659	43	O	11.09	C	-		
659	44	O	11.09	T	-		
659	45	O	11.09	G	-		
659	46	O	11.09	G	-		
659	47	O	11.09	T	-		
659	48	O	11.09	T	-		
659	49	O	11.09	C	-		
659	50	O	11.09	A	-		
659	51	O	11.09	G	-		
659	52	O	11.09	C	-		
659	53	O	11.09	A	-		
659	54	O	11.09	C	-		
659	55	O	11.09	C	-		
659	56	O	11.09	T	-		
659	57	O	11.09	C	-		
659	58	O	11.09	A	-		
659	59	O	11.09	A	-		
659	60	O	11.09	T	-		
659	61	O	11.09	G	-		
659	62	O	11.09	C	-		
659	63	O	11.09	C	-		
659	64	O	11.09	G	-		
659	65	O	11.09	G	-		
659	66	O	11.09	C	-		
659	67	O	11.09	C	-		
659	68	O	11.09	T	-		
659	69	O	11.09	G	-		
659	70	O	11.09	C	-		
659	71	O	11.09	T	-		
659	72	O	11.09	G	-		
659	73	O	11.09	G	-		
659	74	O	11.09	A	-		
659	75	O	11.09	C	-		
659	76	O	11.09	G	-		
659	77	O	11.09	C	-		
659	78	O	11.09	T	-		
659	79	O	11.09	C	-		
659	80	O	11.09	T	-		
659	81	O	11.09	C	-		
659	82	O	11.09	C	-		
659	83	O	11.09	A	-		
659	84	O	11.09	C	-		
659	85	O	11.09	C	-		
659	86	O	11.09	A	-		
659	87	O	11.09	G	-		
659	88	O	11.09	G	-		
659	89	O	11.09	G	-		
659	90	O	11.09	T	-		
659	91	O	11.09	G	-		
659	92	O	11.09	C	-		
659	93	O	11.09	T	-		
659	94	O	11.09	G	-		
659	95	O	11.09	C	-		
659	96	O	11.09	G	-		
659	97	O	11.09	C	-		
659	98	O	11.09	G	-		
659	99	O	11.09	T	-		
659	100	O	11.09	G	-		
659	101	O	11.09	G	-		
659	102	O	11.09	C	-		
659	103	O	11.09	C	-		
659	104	O	11.09	T	-		
659	105	O	11.09	T	-		
659	106	O	11.09	G	-		
659	107	O	11.09	T	-		
659	108	O	11.09	C	-		
659	109	O	11.09	C	-		
660	0	O	11.09	A	-		
660	1	O	11.09	G	-		
660	2	O	11.09	C	-		
660	3	O	11.09	C	-		
660	4	O	11.09	C	-		
660	5	O	11.09	C	-		
660	6	O	11.09	C	-		
660	7	O	11.09	G	-		
660	8	O	11.09	A	-		
660	9	O	11.09	A	-		
660	10	O	11.09	A	-		
660	11	O	11.09	C	-		
660	12	O	11.09	G	-		
660	13	O	11.09	T	-		
660	14	O	11.09	A	-		
660	15	O	11.09	A	-		
660	16	O	11.09	T	-		
660	17	O	11.09	A	-		
660	18	O	11.09	C	-		
660	19	O	11.09	A	-		
660	20	O	11.09	A	-		
660	21	O	11.09	A	-		
660	22	O	11.09	C	-		
660	23	O	11.09	G	-		
660	24	O	11.09	C	-		
660	25	O	11.09	C	-		
660	26	O	11.09	A	-		
660	27	O	11.09	T	-		
660	28	O	11.09	T	-		
660	29	O	11.09	G	-		
660	30	O	11.09	C	-		
660	31	O	11.09	T	-		
660	32	O	11.09	G	-		
660	33	O	11.09	C	-		
660	34	O	11.09	C	-		
660	35	O	11.09	T	-		
660	36	O	11.09	G	-		
660	37	O	11.09	C	-		
660	38	O	11.09	T	-		
660	39	O	11.09	C	-		
660	40	O	11.09	C	-		
660	41	O	11.09	A	-		
660	42	O	11.09	A	-		
660	43	O	11.09	C	-		
660	44	O	11.09	T	-		
660	45	O	11.09	C	-		
660	46	O	11.09	G	-		
660	47	O	11.09	G	-		
660	48	O	11.09	C	-		
660	49	O	11.09	C	-		
660	50	O	11.09	C	-		
660	51	O	11.09	C	-		
660	52	O	11.09	T	-		
660	53	O	11.09	G	-		
660	54	O	11.09	C	-		
660	55	O	11.09	G	-		
660	56	O	11.09	C	-		
660	57	O	11.09	A	-		
660	58	O	11.09	A	-		
660	59	O	11.09	C	-		
660	60	O	11.09	C	-		
660	61	O	11.09	A	-		
660	62	O	11.09	T	-		
660	63	O	11.09	C	-		
660	64	O	11.09	C	-		
660	65	O	11.09	G	-		
660	66	O	11.09	A	-		
660	67	O	11.09	A	-		
660	68	O	11.09	G	-		
660	69	O	11.09	A	-		
660	70	O	11.09	G	-		
660	71	O	11.09	A	-		
660	72	O	11.09	T	-		
660	73	O	11.09	C	-		
660	74	O	11.09	A	-		
660	75	O	11.09	G	-		
660	76	O	11.09	C	-		
660	77	O	11.09	G	-		
660	78	O	11.09	G	-		
660	79	O	11.09	G	-		
660	80	O	11.09	A	-		
660	81	O	11.09	A	-		
660	82	O	11.09	T	-		
660	83	O	11.09	C	-		
660	84	O	11.09	A	-		
660	85	O	11.09	G	-		
660	86	O	11.09	A	-		
660	87	O	11.09	C	-		
660	88	O	11.09	C	-		
660	89	O	11.09	T	-		
660	90	O	11.09	G	-		
660	91	O	11.09	G	-		
660	92	O	11.09	C	-		
660	93	O	11.09	A	-		
660	94	O	11.09	G	-		
660	95	O	11.09	A	-		
660	96	O	11.09	G	-		
660	97	O	11.09	C	-		
660	98	O	11.09	A	-		
660	99	O	11.09	A	-		
660	100	O	11.09	G	-		
660	101	O	11.09	A	-		
660	102	O	11.09	G	-		
660	103	O	11.09	T	-		
660	104	O	11.09	G	-		
660	105	O	11.09	G	-		
660	106	O	11.09	C	-		
660	107	O	11.09	G	-		
660	108	O	11.09	C	-		
660	109	O	11.09	C	-		
661	0	O	11.09	C	-		
661	1	O	11.09	C	-		
661	2	O	11.09	G	-		
661	3	O	11.09	T	-		
661	4	O	11.09	A	-		
661	5	O	11.09	G	-		
661	6	O	11.09	T	-		
661	7	O	11.09	G	-		
661	8	O	11.09	G	-		
661	9	O	11.09	A	-		
661	10	O	11.09	G	-		
661	11	O	11.09	C	-		
661	12	O	11.09	A	-		
661	13	O	11.09	G	-		
661	14	O	11.09	C	-		
661	15	O	11.09	G	-		
661	16	O	11.09	A	-		
661	17	O	11.09	A	-		
661	18	O	11.09	C	-		
661	19	O	11.09	G	-		
661	20	O	11.09	C	-		
661	21	O	11.09	T	-		
661	22	O	11.09	C	-		
661	23	O	11.09	A	-		
661	24	O	11.09	T	-		
661	25	O	11.09	C	-		
661	26	O	11.09	A	-		
661	27	O	11.09	C	-		
661	28	O	11.09	G	-		
661	29	O	11.09	C	-		
661	30	O	11.09	T	-		
661	31	O	11.09	G	-		
661	32	O	11.09	C	-		
661	33	O	11.09	T	-		
661	34	O	11.09	C	-		
661	35	O	11.09	A	-		
661	36	O	11.09	C	-		
661	37	O	11.09	T	-		
661	38	O	11.09	G	-		
661	39	O	11.09	G	-		
661	40	O	11.09	A	-		
661	41	O	11.09	C	-		
661	42	O	11.09	T	-		
661	43	O	11.09	C	-		
661	44	O	11.09	G	-		
661	45	O	11.09	A	-		
661	46	O	11.09	A	-		
661	47	O	11.09	G	-		
661	48	O	11.09	A	-		
661	49	O	11.09	T	-		
661	50	O	11.09	C	-		
661	51	O	11.09	T	-		
661	52	O	11.09	G	-		
661	53	O	11.09	G	-		
661	54	O	11.09	A	-		
661	55	O	11.09	G	-		
661	56	O	11.09	G	-		
661	57	O	11.09	A	-		
661	58	O	11.09	G	-		
661	59	U	2.86	T	C		
661	60	O	11.09	T	-		
661	61	O	11.09	G	-		
661	62	O	11.09	C	-		
661	63	O	11.09	A	-		
661	64	O	11.09	G	-		
661	65	O	11.09	C	-		
661	66	O	11.09	T	-		
661	67	O	11.09	G	-		
661	68	O	11.09	A	-		
661	69	O	11.09	A	-		
661	70	O	11.09	T	-		
661	71	O	11.09	T	-		
661	72	O	11.09	A	-		
661	73	O	11.09	T	-		
661	74	O	11.09	C	-		
661	75	O	11.09	T	-		
661	76	O	11.09	G	-		
661	77	O	11.09	C	-		
661	78	O	11.09	A	-		
661	79	O	11.09	A	-		
661	80	O	11.09	C	-		
661	81	O	11.09	T	-		
661	82	O	11.09	C	-		
661	83	O	11.09	A	-		
661	84	O	11.09	A	-		
661	85	O	11.09	C	-		
661	86	O	11.09	C	-		
661	87	O	11.09	T	-		
661	88	O	11.09	G	-		
661	89	O	11.09	A	-		
661	90	O	11.09	C	-		
661	91	O	11.09	C	-		
661	92	O	11.09	A	-		
661	93	O	11.09	A	-		
661	94	O	11.09	C	-		
661	95	O	11.09	T	-		
661	96	O	11.09	T	-		
661	97	O	11.09	T	-		
661	98	O	11.09	G	-		
661	99	O	11.09	A	-		
661	100	O	11.09	G	-		
661	101	O	11.09	C	-		
661	102	O	11.09	C	-		
661	103	O	11.09	G	-		
661	104	O	11.09	A	-		
661	105	O	11.09	C	-		
661	106	O	11.09	G	-		
661	107	O	11.09	C	-		
661	108	O	11.09	T	-		
661	109	O	11.09	G	-		
662	0	O	9.70	T	-		
662	1	O	9.70	T	-		
662	2	O	9.70	C	-		
662	3	O	9.70	T	-		
662	4	O	9.70	G	-		
662	5	O	9.70	C	-		
662	6	O	9.70	G	-		
662	7	O	9.70	G	-		
662	8	O	9.70	T	-		
662	9	O	9.70	T	-		
662	10	O	9.70	C	-		
662	11	O	9.70	T	-		
662	12	O	9.70	G	-		
662	13	O	9.70	T	-		
662	14	O	9.70	T	-		
662	15	O	9.70	T	-		
662	16	O	9.70	C	-		
662	17	O	9.70	T	-		
662	18	O	9.70	G	-		
662	19	O	9.70	C	-		
662	20	O	9.70	A	-		
662	21	O	9.70	A	-		
662	22	O	9.70	A	-		
662	23	O	9.70	G	-		
662	24	O	9.70	C	-		
662	25	O	9.70	T	-		
662	26	O	9.70	C	-		
662	27	O	9.70	A	-		
662	28	O	9.70	T	-		
662	29	O	9.70	A	-		
662	30	O	9.70	A	-		
662	31	O	9.70	A	-		
662	32	O	9.70	A	-		
662	33	O	9.70	G	-		
662	34	O	9.70	A	-		
662	35	O	9.70	G	-		
662	36	O	9.70	T	-		
662	37	O	9.70	T	-		
662	38	O	9.70	T	-		
662	39	O	9.70	G	-		
662	40	O	9.70	T	-		
662	41	O	9.70	T	-		
662	42	O	9.70	A	-		
662	43	O	9.70	G	-		
662	44	O	9.70	C	-		
662	45	O	9.70	A	-		
662	46	O	9.70	A	-		
662	47	O	9.70	T	-		
662	48	O	9.70	T	-		
662	49	O	9.70	T	-		
662	50	O	9.70	T	-		
662	51	O	9.70	T	-		
662	52	O	9.70	G	-		
662	53	O	9.70	T	-		
662	54	O	9.70	T	-		
662	55	O	9.70	G	-		
662	56	O	9.70	A	-		
662	57	O	9.70	T	-		
662	58	O	9.70	C	-		
662	59	O	9.70	C	-		
662	60	O	9.70	T	-		
662	61	O	9.70	A	-		
662	62	O	9.70	C	-		
662	63	O	9.70	A	-		
662	64	O	9.70	A	-		
662	65	O	9.70	G	-		
662	66	O	9.70	A	-		
662	67	O	9.70	A	-		
662	68	O	9.70	A	-		
662	69	O	9.70	A	-		
662	70	O	9.70	G	-		
662	71	O	9.70	A	-		
662	72	O	9.70	A	-		
662	73	O	9.70	C	-		
662	74	O	9.70	T	-		
662	75	O	9.70	A	-		
662	76	O	9.70	G	-		
662	77	O	9.70	G	-		
662	78	O	9.70	T	-		
662	79	O	9.70	T	-		
662	80	O	9.70	G	-		
662	81	O	9.70	G	-		
662	82	O	9.70	A	-		
662	83	O	9.70	A	-		
662	84	O	9.70	A	-		
662	85	O	9.70	T	-		
662	86	O	9.70	G	-		
662	87	O	9.70	C	-		
662	88	O	9.70	T	-		
662	89	O	9.70	T	-		
662	90	O	9.70	A	-		
662	91	O	9.70	G	-		
662	92	O	9.70	T	-		
662	93	O	9.70	C	-		
662	94	O	9.70	T	-		
662	95	O	9.70	G	-		
662	96	O	9.70	A	-		
662	97	O	9.70	G	-		
662	98	O	9.70	A	-		
662	99	O	9.70	G	-		
662	100	O	9.70	T	-		
662	101	O	9.70	A	-		
662	102	O	9.70	C	-		
662	103	O	9.70	A	-		
662	104	O	9.70	A	-		
662	105	O	9.70	C	-		
662	106	O	9.70	A	-		
662	107	O	9.70	A	-		
662	108	O	9.70	A	-		
662	109	O	9.70	G	-		
663	0	O	11.09	C	-		
663	1	O	11.09	T	-		
663	2	O	11.09	A	-		
663	3	O	11.09	C	-		
663	4	O	11.09	G	-		
663	5	O	11.09	G	-		
663	6	O	11.09	A	-		
663	7	O	11.09	A	-		
663	8	O	11.09	G	-		
663	9	O	11.09	C	-		
663	10	O	11.09	A	-		
663	11	O	11.09	A	-		
663	12	O	11.09	G	-		
663	13	O	11.09	A	-		
663	14	O	11.09	C	-		
663	15	O	11.09	A	-		
663	16	O	11.09	G	-		
663	17	O	11.09	A	-		
663	18	O	11.09	C	-		
663	19	O	11.09	T	-		
663	20	O	11.09	C	-		
663	21	O	11.09	T	-		
663	22	O	11.09	C	-		
663	23	O	11.09	G	-		
663	24	O	11.09	T	-		
663	25	O	11.09	G	-		
663	26	O	11.09	A	-		
663	27	O	11.09	C	-		
663	28	O	11.09	A	-		
663	29	O	11.09	A	-		
663	30	O	11.09	G	-		
663	31	O	11.09	A	-		
663	32	O	11.09	A	-		
663	33	O	11.09	G	-		
663	34	O	11.09	A	-		
663	35	O	11.09	G	-		
663	36	O	11.09	A	-		
663	37	O	11.09	G	-		
663	38	O	11.09	G	-		
663	39	O	11.09	G	-		
663	40	O	11.09	G	-		
663	41	O	11.09	C	-		
663	42	O	11.09	A	-		
663	43	O	11.09	A	-		
663	44	O	11.09	G	-		
663	45	O	11.09	G	-		
663	46	O	11.09	C	-		
663	47	O	11.09	A	-		
663	48	O	11.09	A	-		
663	49	O	11.09	G	-		
663	50	O	11.09	G	-		
663	51	O	11.09	C	-		
663	52	O	11.09	T	-		
663	53	O	11.09	A	-		
663	54	O	11.09	G	-		
663	55	O	11.09	A	-		
663	56	O	11.09	A	-		
663	57	O	11.09	G	-		
663	58	O	11.09	A	-		
663	59	O	11.09	T	-		
663	60	O	11.09	G	-		
663	61	O	11.09	T	-		
663	62	O	11.09	C	-		
663	63	O	11.09	G	-		
663	64	O	11.09	G	-		
663	65	O	11.09	C	-		
663	66	O	11.09	A	-		
663	67	O	11.09	G	-		
663	68	O	11.09	C	-		
663	69	O	11.09	G	-		
663	70	O	11.09	A	-		
663	71	O	11.09	T	-		
663	72	O	11.09	A	-		
663	73	O	11.09	A	-		
663	74	O	11.09	G	-		
663	75	O	11.09	G	-		
663	76	O	11.09	C	-		
663	77	O	11.09	G	-		
663	78	O	11.09	A	-		
663	79	O	11.09	G	-		
663	80	O	11.09	G	-		
663	81	O	11.09	A	-		
663	82	O	11.09	G	-		
663	83	O	11.09	A	-		
663	84	O	11.09	T	-		
663	85	O	11.09	T	-		
663	86	O	11.09	G	-		
663	87	O	11.09	C	-		
663	88	O	11.09	A	-		
663	89	O	11.09	T	-		
663	90	O	11.09	G	-		
663	91	O	11.09	T	-		
663	92	O	11.09	G	-		
663	93	O	11.09	A	-		
663	94	O	11.09	A	-		
663	95	O	11.09	A	-		
663	96	O	11.09	T	-		
663	97	O	11.09	G	-		
663	98	O	11.09	C	-		
663	99	O	11.09	C	-		
663	100	O	11.09	G	-		
663	101	O	11.09	G	-		
663	102	O	11.09	G	-		
663	103	O	11.09	T	-		
663	104	O	11.09	C	-		
663	105	O	11.09	T	-		
663	106	O	11.09	T	-		
663	107	E	-6.09	T	C		
663	108	O	11.09	T	-		
663	109	O	11.09	C	-		
664	0	O	6.93	T	-		
664	1	O	6.93	C	-		
664	2	O	6.93	A	-		
664	3	O	6.93	C	-		
664	4	O	6.93	T	-		
664	5	O	6.93	A	-		
664	6	O	6.93	A	-		
664	7	O	6.93	T	-		
664	8	O	6.93	C	-		
664	9	O	6.93	G	-		
664	10	O	6.93	A	-		
664	11	O	6.93	T	-		
664	12	O	6.93	C	-		
664	13	O	6.93	G	-		
664	14	O	6.93	A	-		
664	15	O	6.93	T	-		
664	16	O	6.93	G	-		
664	17	O	6.93	G	-		
664	18	O	6.93	T	-		
664	19	O	6.93	T	-		
664	20	O	6.93	A	-		
664	21	O	6.93	G	-		
664	22	O	6.93	T	-		
664	23	O	6.93	A	-		
664	24	O	6.93	G	-		
664	25	O	6.93	A	-		
664	26	O	6.93	C	-		
664	27	O	6.93	C	-		
664	28	O	6.93	A	-		
664	29	O	6.93	A	-		
664	30	O	6.93	A	-		
664	31	O	6.93	G	-		
664	32	O	6.93	G	-		
664	33	O	6.93	A	-		
664	34	O	6.93	T	-		
664	35	O	6.93	G	-		
664	36	O	6.93	G	-		
664	37	O	6.93	T	-		
664	38	O	6.93	C	-		
664	39	O	6.93	G	-		
664	40	O	6.93	T	-		
664	41	O	6.93	T	-		
664	42	O	6.93	G	-		
664	43	O	6.93	T	-		
664	44	O	6.93	T	-		
664	45	O	6.93	C	-		
664	46	O	6.93	C	-		
664	47	O	6.93	G	-		
664	48	O	6.93	A	-		
664	49	O	6.93	A	-		
664	50	O	6.93	A	-		
664	51	O	6.93	A	-		
664	52	O	6.93	C	-		
664	53	O	6.93	A	-		
664	54	O	6.93	A	-		
664	55	O	6.93	T	-		
664	56	O	6.93	A	-		
664	57	O	6.93	G	-		
664	58	O	6.93	A	-		
664	59	O	6.93	G	-		
664	60	O	6.93	A	-		
664	61	O	6.93	T	-		
664	62	O	6.93	T	-		
664	63	O	6.93	C	-		
664	64	O	6.93	G	-		
664	65	O	6.93	G	-		
664	66	O	6.93	G	-		
664	67	O	6.93	G	-		
664	68	O	6.93	T	-		
664	69	O	6.93	C	-		
664	70	O	6.93	G	-		
664	71	O	6.93	T	-		
664	72	O	6.93	G	-		
664	73	O	6.93	T	-		
664	74	O	6.93	T	-		
664	75	O	6.93	G	-		
664	76	O	6.93	T	-		
664	77	O	6.93	G	-		
664	78	O	6.93	T	-		
664	79	O	6.93	T	-		
664	80	O	6.93	A	-		
664	81	O	6.93	A	-		
664	82	O	6.93	T	-		
664	83	O	6.93	T	-		
664	84	O	6.93	G	-		
664	85	O	6.93	T	-		
664	86	O	6.93	T	-		
664	87	O	6.93	C	-		
664	88	O	6.93	T	-		
664	89	O	6.93	T	-		
664	90	O	6.93	T	-		
664	91	O	6.93	T	-		
664	92	O	6.93	C	-		
664	93	O	6.93	T	-		
664	94	O	6.93	T	-		
664	95	O	6.93	C	-		
664	96	O	6.93	A	-		
664	97	O	6.93	A	-		
664	98	O	6.93	A	-		
664	99	O	6.93	T	-		
664	100	O	6.93	G	-		
664	101	O	6.93	C	-		
664	102	O	6.93	C	-		
664	103	O	6.93	G	-		
664	104	O	6.93	G	-		
664	105	O	6.93	A	-		
664	106	O	6.93	T	-		
664	107	O	6.93	T	-		
664	108	O	6.93	G	-		
664	109	O	6.93	A	-		
665	0	O	5.55	G	-		
665	1	O	5.55	T	-		
665	2	O	5.55	C	-		
665	3	O	5.55	A	-		
665	4	O	5.55	A	-		
665	5	O	5.55	G	-		
665	6	O	5.55	A	-		
665	7	O	5.55	C	-		
665	8	O	5.55	A	-		
665	9	O	5.55	T	-		
665	10	O	5.55	C	-		
665	11	O	5.55	A	-		
665	12	O	5.55	A	-		
665	13	O	5.55	C	-		
665	14	O	5.55	C	-		
665	15	O	5.55	G	-		
665	16	O	5.55	A	-		
665	17	O	5.55	G	-		
665	18	O	5.55	C	-		
665	19	O	5.55	C	-		
665	20	O	5.55	A	-		
665	21	O	5.55	C	-		
665	22	O	5.55	G	-		
665	23	O	5.55	C	-		
665	24	O	5.55	C	-		
665	25	O	5.55	C	-		
665	26	O	5.55	A	-		
665	27	O	5.55	T	-		
665	28	O	5.55	A	-		
665	29	O	5.55	C	-		
665	30	O	5.55	A	-		
665	31	O	5.55	T	-		
665	32	O	5.55	T	-		
665	33	O	5.55	G	-		
665	34	O	5.55	C	-		
665	35	O	5.55	G	-		
665	36	O	5.55	C	-		
665	37	O	5.55	G	-		
665	38	O	5.55	T	-		
665	39	O	5.55	C	-		
665	40	O	5.55	G	-		
665	41	O	5.55	C	-		
665	42	O	5.55	A	-		
665	43	O	5.55	T	-		
665	44	O	5.55	C	-		
665	45	O	5.55	G	-		
665	46	O	5.55	A	-		
665	47	O	5.55	C	-		
665	48	O	5.55	A	-		
665	49	O	5.55	A	-		
665	50	O	5.55	G	-		
665	51	O	5.55	A	-		
665	52	O	5.55	A	-		
665	53	O	5.55	C	-		
665	54	O	5.55	G	-		
665	55	O	5.55	G	-		
665	56	O	5.55	C	-		
665	57	O	5.55	A	-		
665	58	O	5.55	T	-		
665	59	O	5.55	T	-		
665	60	O	5.55	G	-		
665	61	O	5.55	T	-		
665	62	O	5.55	C	-		
665	63	O	5.55	A	-		
665	64	O	5.55	A	-		
665	65	O	5.55	A	-		
665	66	O	5.55	G	-		
665	67	O	5.55	T	-		
665	68	O	5.55	G	-		
665	69	O	5.55	G	-		
665	70	O	5.55	C	-		
665	71	O	5.55	A	-		
665	72	O	5.55	C	-		
665	73	O	5.55	C	-		
665	74	O	5.55	C	-		
665	75	O	5.55	G	-		
665	76	O	5.55	A	-		
665	77	O	5.55	C	-		
665	78	O	5.55	A	-		
665	79	O	5.55	G	-		
665	80	O	5.55	A	-		
665	81	O	5.55	G	-		
665	82	O	5.55	C	-		
665	83	O	5.55	G	-		
665	84	O	5.55	A	-		
665	85	O	5.55	G	-		
665	86	O	5.55	C	-		
665	87	O	5.55	G	-		
665	88	O	5.55	C	-		
665	89	O	5.55	A	-		
665	90	O	5.55	G	-		
665	91	O	5.55	C	-		
665	92	O	5.55	G	-		
665	93	O	5.55	A	-		
665	94	O	5.55	A	-		
665	95	O	5.55	G	-		
665	96	O	5.55	C	-		
665	97	O	5.55	A	-		
665	98	O	5.55	A	-		
665	99	O	5.55	G	-		
665	100	O	5.55	C	-		
665	101	O	5.55	T	-		
665	102	O	5.55	G	-		
665	103	O	5.55	C	-		
665	104	O	5.55	A	-		
665	105	O	5.55	T	-		
665	106	O	5.55	C	-		
665	107	O	5.55	T	-		
665	108	O	5.55	G	-		
665	109	O	5.55	A	-		
666	0	O	26.34	G	-		
666	1	O	26.34	C	-		
666	2	O	26.34	C	-		
666	3	O	26.34	A	-		
666	4	O	26.34	A	-		
666	5	O	26.34	A	-		
666	6	O	26.34	C	-		
666	7	O	26.34	A	-		
666	8	O	26.34	A	-		
666	9	O	26.34	G	-		
666	10	O	26.34	T	-		
666	11	O	26.34	T	-		
666	12	O	26.34	T	-		
666	13	O	26.34	G	-		
666	14	O	26.34	G	-		
666	15	O	26.34	A	-		
666	16	O	26.34	G	-		
666	17	O	26.34	G	-		
666	18	O	26.34	A	-		
666	19	O	26.34	G	-		
666	20	O	26.34	C	-		
666	21	O	26.34	A	-		
666	22	O	26.34	A	-		
666	23	O	26.34	C	-		
666	24	O	26.34	A	-		
666	25	O	26.34	A	-		
666	26	O	26.34	C	-		
666	27	O	26.34	A	-		
666	28	O	26.34	C	-		
666	29	O	26.34	C	-		
666	30	O	26.34	A	-		
666	31	O	26.34	C	-		
666	32	O	26.34	T	-		
666	33	O	26.34	T	-		
666	34	O	26.34	T	-		
666	35	O	26.34	C	-		
666	36	O	26.34	C	-		
666	37	O	26.34	A	-		
666	38	O	26.34	G	-		
666	39	O	26.34	T	-		
666	40	O	26.34	A	-		
666	41	O	26.34	A	-		
666	42	O	26.34	C	-		
666	43	O	26.34	A	-		
666	44	O	26.34	C	-		
666	45	O	26.34	A	-		
666	46	O	26.34	T	-		
666	47	O	26.34	C	-		
666	48	O	26.34	A	-		
666	49	O	26.34	T	-		
666	50	O	26.34	G	-		
666	51	O	26.34	A	-		
666	52	O	26.34	A	-		
666	53	O	26.34	G	-		
666	54	O	26.34	T	-		
666	55	O	26.34	T	-		
666	56	O	26.34	T	-		
666	57	O	26.34	C	-		
666	58	O	26.34	T	-		
666	59	O	26.34	G	-		
666	60	O	26.34	A	-		
666	61	O	26.34	G	-		
666	62	O	26.34	C	-		
666	63	O	26.34	T	-		
666	64	O	26.34	A	-		
666	65	O	26.34	A	-		
666	66	O	26.34	T	-		
666	67	O	26.34	T	-		
666	68	O	26.34	G	-		
666	69	O	26.34	T	-		
666	70	O	26.34	G	-		
666	71	O	26.34	G	-		
666	72	O	26.34	A	-		
666	73	O	26.34	T	-		
666	74	O	16.31	T	-		
666	75	O	26.34	T	-		
666	76	O	26.34	T	-		
666	77	O	26.34	C	-		
666	78	O	26.34	T	-		
666	79	O	26.34	T	-		
666	80	O	26.34	T	-		
666	81	O	26.34	G	-		
666	82	O	26.34	G	-		
666	83	O	26.34	C	-		
666	84	O	26.34	A	-		
666	85	O	26.34	G	-		
666	86	O	26.34	C	-		
666	87	O	26.34	A	-		
666	88	O	26.34	T	-		
666	89	O	26.34	C	-		
666	90	O	26.34	A	-		
666	91	O	26.34	A	-		
666	92	O	26.34	T	-		
666	93	O	26.34	C	-		
666	94	O	26.34	A	-		
666	95	O	26.34	T	-		
666	96	O	26.34	G	-		
666	97	O	26.34	T	-		
666	98	O	26.34	A	-		
666	99	O	26.34	T	-		
666	100	O	26.34	T	-		
666	101	O	26.34	G	-		
666	102	O	26.34	T	-		
666	103	O	26.34	G	-		
666	104	O	26.34	A	-		
666	105	O	26.34	A	-		
666	106	O	26.34	A	-		
666	107	O	26.34	C	-		
666	108	O	26.34	A	-		
666	109	O	26.34	T	-		
667	0	O	20.79	C	-		
667	1	O	20.79	A	-		
667	2	O	20.79	G	-		
667	3	O	20.79	T	-		
667	4	O	20.79	G	-		
667	5	O	20.79	G	-		
667	6	O	20.79	G	-		
667	7	O	20.79	A	-		
667	8	O	20.79	G	-		
667	9	O	20.79	C	-		
667	10	O	20.79	C	-		
667	11	O	20.79	T	-		
667	12	O	20.79	T	-		
667	13	O	20.79	G	-		
667	14	O	20.79	A	-		
667	15	O	20.79	G	-		
667	16	O	20.79	C	-		
667	17	O	20.79	T	-		
667	18	O	20.79	T	-		
667	19	O	20.79	C	-		
667	20	O	20.79	T	-		
667	21	O	20.79	T	-		
667	22	O	20.79	C	-		
667	23	O	20.79	G	-		
667	24	O	20.79	A	-		
667	25	O	20.79	G	-		
667	26	O	20.79	A	-		
667	27	O	20.79	C	-		
667	28	O	20.79	G	-		
667	29	O	20.79	G	-		
667	30	O	20.79	A	-		
667	31	O	20.79	T	-		
667	32	O	20.79	A	-		
667	33	O	20.79	G	-		
667	34	O	20.79	T	-		
667	35	O	20.79	G	-		
667	36	O	20.79	T	-		
667	37	O	20.79	C	-		
667	38	O	20.79	G	-		
667	39	O	20.79	A	-		
667	40	O	20.79	T	-		
667	41	O	20.79	T	-		
667	42	O	20.79	T	-		
667	43	O	20.79	C	-		
667	44	O	20.79	C	-		
667	45	O	20.79	C	-		
667	46	O	20.79	T	-		
667	47	O	20.79	A	-		
667	48	O	20.79	A	-		
667	49	O	20.79	A	-		
667	50	O	20.79	A	-		
667	51	O	20.79	A	-		
667	52	O	20.79	G	-		
667	53	O	11.25	T	-		
667	54	O	20.79	T	-		
667	55	O	20.79	T	-		
667	56	O	20.79	C	-		
667	57	O	20.79	C	-		
667	58	O	20.79	A	-		
667	59	O	20.79	T	-		
667	60	O	20.79	T	-		
667	61	O	20.79	C	-		
667	62	O	20.79	T	-		
667	63	O	20.79	C	-		
667	64	O	20.79	A	-		
667	65	O	20.79	C	-		
667	66	O	20.79	T	-		
667	67	O	20.79	A	-		
667	68	O	20.79	T	-		
667	69	O	20.79	T	-		
667	70	O	20.79	C	-		
667	71	O	20.79	G	-		
667	72	O	20.79	T	-		
667	73	O	20.79	G	-		
667	74	O	20.79	C	-		
667	75	O	20.79	C	-		
667	76	O	20.79	A	-		
667	77	O	20.79	A	-		
667	78	O	20.79	A	-		
667	79	O	20.79	G	-		
667	80	O	20.79	G	-		
667	81	O	20.79	T	-		
667	82	O	20.79	A	-		
667	83	O	20.79	T	-		
667	84	O	20.79	A	-		
667	85	O	20.79	C	-		
667	86	O	20.79	G	-		
667	87	O	20.79	A	-		
667	88	O	20.79	A	-		
667	89	O	20.79	G	-		
667	90	O	20.79	A	-		
667	91	O	20.79	G	-		
667	92	O	20.79	G	-		
667	93	O	20.79	T	-		
667	94	O	20.79	A	-		
667	95	O	20.79	C	-		
667	96	O	20.79	G	-		
667	97	O	20.79	A	-		
667	98	O	20.79	A	-		
667	99	O	20.79	A	-		
667	100	O	20.79	T	-		
667	101	O	20.79	T	-		
667	102	O	20.79	T	-		
667	103	O	20.79	C	-		
667	104	O	20.79	A	-		
667	105	O	20.79	T	-		
667	106	O	20.79	C	-		
667	107	O	20.79	G	-		
667	108	O	20.79	A	-		
667	109	O	20.79	G	-		
668	0	O	12.48	T	-		
668	1	O	12.48	A	-		
668	2	O	12.48	G	-		
668	3	O	12.48	A	-		
668	4	O	12.48	T	-		
668	5	O	12.48	G	-		
668	6	O	12.48	A	-		
668	7	O	12.48	A	-		
668	8	O	12.48	C	-		
668	9	O	12.48	T	-		
668	10	O	12.48	C	-		
668	11	O	12.48	C	-		
668	12	O	12.48	A	-		
668	13	O	12.48	G	-		
668	14	O	12.48	C	-		
668	15	O	12.48	T	-		
668	16	O	12.48	G	-		
668	17	O	12.48	G	-		
668	18	O	12.48	C	-		
668	19	O	12.48	C	-		
668	20	O	12.48	C	-		
668	21	O	12.48	A	-		
668	22	O	12.48	G	-		
668	23	O	12.48	C	-		
668	24	O	12.48	A	-		
668	25	O	12.48	A	-		
668	26	O	12.48	C	-		
668	27	O	12.48	C	-		
668	28	O	12.48	G	-		
668	29	O	12.48	T	-		
668	30	O	12.48	T	-		
668	31	O	12.48	T	-		
668	32	O	12.48	G	-		
668	33	O	12.48	G	-		
668	34	O	12.48	C	-		
668	35	O	12.48	C	-		
668	36	O	12.48	T	-		
668	37	O	12.48	C	-		
668	38	O	12.48	T	-		
668	39	O	12.48	C	-		
668	40	O	12.48	T	-		
668	41	O	12.48	C	-		
668	42	O	12.48	T	-		
668	43	O	12.48	C	-		
668	44	O	12.48	C	-		
668	45	O	12.48	A	-		
668	46	O	12.48	C	-		
668	47	O	12.48	C	-		
668	48	O	12.48	G	-		
668	49	O	12.48	A	-		
668	50	O	12.48	G	-		
668	51	O	12.48	T	-		
668	52	O	12.48	T	-		
668	53	O	12.48	G	-		
668	54	O	12.48	C	-		
668	55	O	12.48	C	-		
668	56	O	12.48	C	-		
668	57	O	12.48	G	-		
668	58	O	12.48	C	-		
668	59	O	12.48	C	-		
668	60	O	12.48	A	-		
668	61	O	12.48	G	-		
668	62	O	12.48	G	-		
668	63	O	12.48	A	-		
668	64	O	12.48	A	-		
668	65	O	12.48	G	-		
668	66	O	12.48	A	-		
668	67	O	12.48	G	-		
668	68	O	12.48	G	-		
668	69	O	12.48	C	-		
668	70	O	12.48	A	-		
668	71	O	12.48	G	-		
668	72	O	12.48	A	-		
668	73	O	12.48	A	-		
668	74	O	12.48	G	-		
668	75	O	12.48	G	-		
668	76	O	12.48	G	-		
668	77	O	12.48	C	-		
668	78	O	12.48	G	-		
668	79	O	12.48	C	-		
668	80	O	12.48	G	-		
668	81	O	12.48	C	-		
668	82	O	12.48	A	-		
668	83	O	12.48	G	-		
668	84	O	12.48	A	-		
668	85	O	12.48	G	-		
668	86	O	12.48	G	-		
668	87	O	12.48	C	-		
668	88	O	12.48	G	-		
668	89	O	12.48	C	-		
668	90	O	12.48	G	-		
668	91	O	12.48	C	-		
668	92	O	12.48	G	-		
668	93	O	12.48	A	-		
668	94	O	12.48	G	-		
668	95	O	12.48	A	-		
668	96	O	12.48	C	-		
668	97	O	12.48	A	-		
668	98	O	12.48	G	-		
668	99	O	12.48	T	-		
668	100	O	12.48	A	-		
668	101	O	12.48	G	-		
668	102	O	12.48	G	-		
668	103	O	12.48	T	-		
668	104	O	12.48	G	-		
668	105	O	12.48	A	-		
668	106	O	12.48	G	-		
668	107	O	12.48	G	-		
668	108	O	12.48	C	-		
668	109	O	12.48	C	-		
669	0	O	8.32	G	-		
669	1	O	8.32	G	-		
669	2	O	8.32	A	-		
669	3	O	8.32	C	-		
669	4	O	8.32	G	-		
669	5	O	8.32	C	-		
669	6	O	8.32	T	-		
669	7	O	8.32	C	-		
669	8	O	8.32	A	-		
669	9	O	8.32	C	-		
669	10	O	8.32	C	-		
669	11	O	8.32	A	-		
669	12	O	8.32	A	-		
669	13	O	8.32	A	-		
669	14	O	8.32	G	-		
669	15	O	8.32	T	-		
669	16	O	8.32	C	-		
669	17	O	8.32	G	-		
669	18	O	8.32	T	-		
669	19	O	8.32	C	-		
669	20	O	8.32	A	-		
669	21	O	8.32	G	-		
669	22	O	8.32	G	-		
669	23	O	8.32	A	-		
669	24	O	8.32	A	-		
669	25	O	8.32	A	-		
669	26	O	8.32	G	-		
669	27	O	8.32	C	-		
669	28	O	8.32	A	-		
669	29	O	8.32	T	-		
669	30	O	8.32	T	-		
669	31	O	8.32	C	-		
669	32	O	8.32	A	-		
669	33	O	8.32	A	-		
669	34	O	8.32	A	-		
669	35	O	8.32	A	-		
669	36	O	8.32	T	-		
669	37	O	8.32	C	-		
669	38	O	8.32	A	-		
669	39	O	8.32	G	-		
669	40	O	8.32	G	-		
669	41	O	8.32	G	-		
669	42	O	8.32	C	-		
669	43	O	8.32	C	-		
669	44	O	8.32	A	-		
669	45	O	8.32	A	-		
669	46	O	8.32	A	-		
669	47	O	8.32	G	-		
669	48	O	8.32	T	-		
669	49	O	8.32	T	-		
669	50	O	8.32	G	-		
669	51	O	8.32	A	-		
669	52	O	8.32	A	-		
669	53	O	8.32	C	-		
669	54	O	8.32	T	-		
669	55	O	8.32	T	-		
669	56	O	8.32	G	-		
669	57	O	8.32	A	-		
669	58	O	8.32	C	-		
669	59	O	8.32	A	-		
669	60	O	8.32	A	-		
669	61	O	8.32	C	-		
669	62	O	8.32	A	-		
669	63	O	8.32	C	-		
669	64	O	8.32	A	-		
669	65	O	8.32	A	-		
669	66	O	8.32	T	-		
669	67	O	8.32	T	-		
669	68	O	8.32	G	-		
669	69	O	8.32	G	-		
669	70	O	8.32	G	-		
669	71	O	8.32	T	-		
669	72	O	8.32	T	-		
669	73	O	8.32	G	-		
669	74	O	8.32	A	-		
669	75	O	8.32	T	-		
669	76	O	8.32	T	-		
669	77	O	8.32	A	-		
669	78	O	8.32	G	-		
669	79	O	8.32	G	-		
669	80	O	8.32	A	-		
669	81	O	8.32	A	-		
669	82	O	8.32	G	-		
669	83	O	8.32	A	-		
669	84	O	8.32	G	-		
669	85	O	8.32	A	-		
669	86	O	8.32	A	-		
669	87	O	8.32	T	-		
669	88	O	8.32	A	-		
669	89	O	8.32	C	-		
669	90	O	8.32	A	-		
669	91	O	8.32	T	-		
669	92	O	8.32	T	-		
669	93	O	8.32	G	-		
669	94	O	8.32	A	-		
669	95	O	8.32	A	-		
669	96	O	8.32	G	-		
669	97	O	8.32	C	-		
669	98	O	8.32	A	-		
669	99	O	8.32	G	-		
669	100	O	8.32	C	-		
669	101	O	8.32	A	-		
669	102	O	8.32	G	-		
669	103	O	8.32	G	-		
669	104	O	8.32	G	-		
669	105	O	8.32	T	-		
669	106	O	8.32	A	-		
669	107	O	8.32	G	-		
669	108	O	8.32	T	-		
669	109	O	8.32	A	-		
670	0	O	11.09	C	-		
670	1	O	11.09	G	-		
670	2	O	11.09	G	-		
670	3	O	11.09	C	-		
670	4	O	11.09	T	-		
670	5	O	11.09	G	-		
670	6	O	11.09	A	-		
670	7	O	11.09	T	-		
670	8	O	11.09	G	-		
670	9	O	11.09	A	-		
670	10	O	11.09	C	-		
670	11	O	11.09	A	-		
670	12	O	11.09	C	-		
670	13	O	11.09	T	-		
670	14	O	11.09	G	-		
670	15	O	11.09	A	-		
670	16	O	11.09	G	-		
670	17	O	11.09	C	-		
670	18	O	11.09	T	-		
670	19	O	11.09	C	-		
670	20	O	11.09	G	-		
670	21	O	11.09	A	-		
670	22	O	11.09	C	-		
670	23	O	11.09	C	-		
670	24	O	11.09	G	-		
670	25	O	11.09	C	-		
670	26	O	11.09	A	-		
670	27	O	11.09	T	-		
670	28	O	11.09	C	-		
670	29	O	11.09	G	-		
670	30	O	11.09	T	-		
670	31	O	11.09	T	-		
670	32	O	11.09	C	-		
670	33	O	11.09	G	-		
670	34	O	11.09	C	-		
670	35	O	11.09	T	-		
670	36	O	11.09	T	-		
670	37	O	11.09	T	-		
670	38	O	11.09	A	-		
670	39	O	11.09	C	-		
670	40	O	11.09	G	-		
670	41	O	11.09	T	-		
670	42	O	11.09	T	-		
670	43	O	11.09	T	-		
670	44	O	11.09	G	-		
670	45	O	11.09	T	-		
670	46	O	11.09	G	-		
670	47	O	11.09	C	-		
670	48	O	11.09	T	-		
670	49	O	11.09	G	-		
670	50	O	11.09	G	-		
670	51	O	11.09	A	-		
670	52	O	11.09	C	-		
670	53	O	11.09	G	-		
670	54	O	11.09	G	-		
670	55	O	11.09	C	-		
670	56	O	11.09	A	-		
670	57	O	11.09	G	-		
670	58	O	11.09	C	-		
670	59	O	11.09	A	-		
670	60	O	11.09	A	-		
670	61	O	11.09	A	-		
670	62	O	11.09	C	-		
670	63	O	11.09	G	-		
670	64	O	11.09	A	-		
670	65	O	11.09	A	-		
670	66	O	11.09	A	-		
670	67	O	11.09	A	-		
670	68	O	11.09	T	-		
670	69	O	11.09	T	-		
670	70	O	11.09	A	-		
670	71	O	11.09	T	-		
670	72	O	11.09	C	-		
670	73	O	11.09	C	-		
670	74	O	11.09	G	-		
670	75	O	11.09	T	-		
670	76	O	11.09	A	-		
670	77	O	11.09	G	-		
670	78	O	11.09	C	-		
670	79	O	11.09	C	-		
670	80	O	11.09	G	-		
670	81	O	11.09	A	-		
670	82	O	11.09	G	-		
670	83	O	11.09	A	-		
670	84	O	11.09	T	-		
670	85	O	11.09	C	-		
670	86	O	11.09	T	-		
670	87	O	11.09	A	-		
670	88	O	11.09	T	-		
670	89	O	11.09	A	-		
670	90	O	11.09	C	-		
670	91	O	11.09	G	-		
670	92	O	11.09	C	-		
670	93	O	11.09	A	-		
670	94	O	11.09	C	-		
670	95	O	11.09	C	-		
670	96	O	11.09	T	-		
670	97	O	11.09	G	-		
670	98	O	11.09	G	-		
670	99	O	11.09	T	-		
670	100	O	11.09	A	-		
670	101	O	11.09	A	-		
670	102	O	11.09	C	-		
670	103	O	11.09	G	-		
670	104	O	11.09	C	-		
670	105	O	11.09	A	-		
670	106	O	11.09	T	-		
670	107	O	11.09	T	-		
670	108	O	11.09	C	-		
670	109	O	11.09	C	-		
671	0	O	11.09	T	-		
671	1	O	11.09	T	-		
671	2	O	11.09	G	-		
671	3	O	11.09	C	-		
671	4	O	11.09	A	-		
671	5	O	11.09	G	-		
671	6	O	11.09	G	-		
671	7	O	11.09	T	-		
671	8	O	11.09	C	-		
671	9	O	11.09	T	-		
671	10	O	11.09	C	-		
671	11	O	11.09	T	-		
671	12	O	11.09	G	-		
671	13	O	11.09	G	-		
671	14	O	11.09	A	-		
671	15	O	11.09	T	-		
671	16	O	11.09	C	-		
671	17	O	11.09	T	-		
671	18	O	11.09	G	-		
671	19	O	11.09	G	-		
671	20	O	11.09	G	-		
671	21	O	11.09	C	-		
671	22	O	11.09	T	-		
671	23	O	11.09	T	-		
671	24	O	11.09	C	-		
671	25	O	11.09	A	-		
671	26	O	11.09	G	-		
671	27	O	11.09	G	-		
671	28	O	11.09	G	-		
671	29	O	11.09	G	-		
671	30	O	11.09	T	-		
671	31	O	11.09	T	-		
671	32	O	11.09	C	-		
671	33	O	11.09	C	-		
671	34	O	11.09	A	-		
671	35	O	11.09	G	-		
671	36	O	11.09	C	-		
671	37	O	11.09	T	-		
671	38	O	11.09	A	-		
671	39	O	11.09	C	-		
671	40	O	11.09	C	-		
671	41	O	11.09	A	-		
671	42	O	11.09	A	-		
671	43	O	11.09	A	-		
671	44	O	11.09	G	-		
671	45	O	11.09	C	-		
671	46	O	11.09	A	-		
671	47	O	11.09	A	-		
671	48	O	11.09	C	-		
671	49	O	11.09	A	-		
671	50	O	11.09	C	-		
671	51	O	11.09	C	-		
671	52	O	11.09	G	-		
671	53	O	11.09	C	-		
671	54	O	11.09	T	-		
671	55	O	11.09	C	-		
671	56	O	11.09	T	-		
671	57	O	11.09	T	-		
671	58	O	11.09	G	-		
671	59	O	11.09	T	-		
671	60	O	11.09	A	-		
671	61	O	11.09	T	-		
671	62	O	11.09	A	-		
671	63	O	11.09	G	-		
671	64	O	11.09	T	-		
671	65	O	11.09	T	-		
671	66	O	11.09	G	-		
671	67	O	11.09	C	-		
671	68	O	11.09	A	-		
671	69	O	11.09	G	-		
671	70	O	11.09	G	-		
671	71	O	11.09	G	-		
671	72	O	11.09	C	-		
671	73	O	11.09	C	-		
671	74	O	11.09	A	-		
671	75	O	11.09	T	-		
671	76	O	11.09	G	-		
671	77	O	11.09	C	-		
671	78	O	11.09	G	-		
671	79	O	11.09	T	-		
671	80	O	11.09	G	-		
671	81	O	11.09	C	-		
671	82	O	11.09	C	-		
671	83	O	11.09	G	-		
671	84	O	11.09	G	-		
671	85	O	11.09	T	-		
671	86	O	11.09	G	-		
671	87	O	11.09	A	-		
671	88	O	11.09	G	-		
671	89	O	11.09	G	-		
671	90	O	11.09	A	-		
671	91	O	11.09	A	-		
671	92	O	11.09	A	-		
671	93	O	11.09	A	-		
671	94	O	11.09	A	-		
671	95	O	11.09	C	-		
671	96	O	11.09	G	-		
671	97	O	11.09	A	-		
671	98	O	11.09	G	-		
671	99	O	11.09	G	-		
671	100	O	11.09	A	-		
671	101	O	11.09	A	-		
671	102	O	11.09	G	-		
671	103	O	11.09	A	-		
671	104	O	11.09	G	-		
671	105	O	11.09	G	-		
671	106	O	11.09	A	-		
671	107	O	11.09	G	-		
671	108	O	11.09	G	-		
671	109	O	11.09	G	-		
672	0	O	8.32	T	-		
672	1	O	8.32	C	-		
672	2	O	8.32	A	-		
672	3	O	8.32	C	-		
672	4	O	8.32	A	-		
672	5	O	8.32	T	-		
672	6	O	8.32	G	-		
672	7	O	8.32	A	-		
672	8	O	8.32	C	-		
672	9	O	8.32	C	-		
672	10	O	8.32	T	-		
672	11	O	8.32	G	-		
672	12	O	8.32	T	-		
672	13	O	8.32	G	-		
672	14	O	8.32	C	-		
672	15	O	8.32	T	-		
672	16	O	8.32	C	-		
672	17	O	8.32	T	-		
672	18	O	8.32	G	-		
672	19	O	8.32	T	-		
672	20	O	8.32	T	-		
672	21	O	8.32	G	-		
672	22	O	8.32	T	-		
672	23	O	8.32	C	-		
672	24	O	8.32	A	-		
672	25	O	8.32	C	-		
672	26	O	8.32	G	-		
672	27	O	8.32	T	-		
672	28	O	8.32	G	-		
672	29	O	8.32	A	-		
672	30	O	8.32	C	-		
672	31	O	8.32	A	-		
672	32	O	8.32	G	-		
672	33	O	8.32	C	-		
672	34	O	8.32	C	-		
672	35	O	8.32	A	-		
672	36	O	8.32	G	-		
672	37	O	8.32	C	-		
672	38	O	8.32	T	-		
672	39	O	8.32	C	-		
672	40	O	8.32	T	-		
672	41	O	8.32	C	-		
672	42	O	8.32	G	-		
672	43	O	8.32	G	-		
672	44	O	8.32	C	-		
672	45	O	8.32	T	-		
672	46	O	8.32	G	-		
672	47	O	8.32	A	-		
672	48	O	8.32	C	-		
672	49	O	8.32	T	-		
672	50	O	8.32	G	-		
672	51	O	8.32	C	-		
672	52	O	8.32	A	-		
672	53	O	8.32	C	-		
672	54	O	8.32	T	-		
672	55	O	8.32	G	-		
672	56	O	8.32	C	-		
672	57	O	8.32	C	-		
672	58	O	8.32	T	-		
672	59	O	8.32	G	-		
672	60	O	8.32	T	-		
672	61	O	8.32	A	-		
672	62	O	8.32	C	-		
672	63	O	8.32	C	-		
672	64	O	8.32	T	-		
672	65	O	8.32	T	-		
672	66	O	8.32	C	-		
672	67	O	8.32	G	-		
672	68	O	8.32	G	-		
672	69	O	8.32	T	-		
672	70	O	8.32	A	-		
672	71	O	8.32	C	-		
672	72	O	8.32	A	-		
672	73	O	8.32	G	-		
672	74	O	8.32	C	-		
672	75	O	8.32	G	-		
672	76	O	8.32	G	-		
672	77	O	8.32	T	-		
672	78	O	8.32	G	-		
672	79	O	8.32	T	-		
672	80	O	8.32	G	-		
672	81	O	8.32	T	-		
672	82	O	8.32	C	-		
672	83	O	8.32	T	-		
672	84	O	8.32	G	-		
672	85	O	8.32	G	-		
672	86	O	8.32	G	-		
672	87	O	8.32	C	-		
672	88	O	8.32	G	-		
672	89	O	8.32	T	-		
672	90	O	8.32	C	-		
672	91	O	8.32	A	-		
672	92	O	8.32	T	-		
672	93	O	8.32	C	-		
672	94	O	8.32	A	-		
672	95	O	8.32	C	-		
672	96	O	8.32	A	-		
672	97	O	8.32	G	-		
672	98	O	8.32	T	-		
672	99	O	8.32	A	-		
672	100	O	8.32	G	-		
672	101	O	8.32	A	-		
672	102	O	8.32	T	-		
672	103	O	8.32	C	-		
672	104	O	8.32	T	-		
672	105	O	8.32	A	-		
672	106	O	8.32	A	-		
672	107	O	8.32	A	-		
672	108	O	8.32	A	-		
672	109	O	8.32	T	-		
673	0	O	6.93	G	-		
673	1	O	6.93	A	-		
673	2	O	6.93	C	-		
673	3	O	6.93	C	-		
673	4	O	6.93	G	-		
673	5	O	6.93	C	-		
673	6	O	6.93	T	-		
673	7	O	6.93	G	-		
673	8	O	6.93	G	-		
673	9	O	6.93	A	-		
673	10	O	6.93	C	-		
673	11	O	6.93	T	-		
673	12	O	6.93	G	-		
673	13	O	6.93	A	-		
673	14	O	6.93	G	-		
673	15	O	6.93	G	-		
673	16	O	6.93	A	-		
673	17	O	6.93	A	-		
673	18	O	6.93	G	-		
673	19	O	6.93	A	-		
673	20	O	6.93	T	-		
673	21	O	6.93	G	-		
673	22	O	6.93	A	-		
673	23	O	6.93	G	-		
673	24	O	6.93	G	-		
673	25	O	6.93	G	-		
673	26	O	6.93	C	-		
673	27	O	6.93	G	-		
673	28	O	6.93	C	-		
673	29	O	6.93	T	-		
673	30	O	6.93	T	-		
673	31	O	6.93	T	-		
673	32	O	6.93	C	-		
673	33	O	6.93	G	-		
673	34	O	6.93	T	-		
673	35	O	6.93	C	-		
673	36	O	6.93	G	-		
673	37	O	6.93	A	-		
673	38	O	6.93	T	-		
673	39	O	6.93	G	-		
673	40	O	6.93	A	-		
673	41	O	6.93	G	-		
673	42	O	6.93	C	-		
673	43	O	6.93	T	-		
673	44	O	6.93	G	-		
673	45	O	6.93	G	-		
673	46	O	6.93	T	-		
673	47	O	6.93	C	-		
673	48	O	6.93	A	-		
673	49	O	6.93	A	-		
673	50	O	6.93	C	-		
673	51	O	6.93	G	-		
673	52	O	6.93	T	-		
673	53	O	6.93	C	-		
673	54	O	6.93	C	-		
673	55	O	6.93	A	-		
673	56	O	6.93	G	-		
673	57	O	6.93	C	-		
673	58	O	6.93	T	-		
673	59	O	6.93	C	-		
673	60	O	6.93	G	-		
673	61	O	6.93	A	-		
673	62	O	6.93	G	-		
673	63	O	6.93	C	-		
673	64	O	6.93	A	-		
673	65	O	6.93	G	-		
673	66	O	6.93	G	-		
673	67	O	6.93	T	-		
673	68	O	6.93	C	-		
673	69	O	6.93	C	-		
673	70	O	6.93	A	-		
673	71	O	6.93	C	-		
673	72	O	6.93	G	-		
673	73	O	6.93	C	-		
673	74	O	6.93	T	-		
673	75	O	6.93	T	-		
673	76	O	6.93	T	-		
673	77	O	6.93	C	-		
673	78	O	6.93	C	-		
673	79	O	6.93	A	-		
673	80	O	6.93	C	-		
673	81	O	6.93	A	-		
673	82	O	6.93	A	-		
673	83	O	6.93	A	-		
673	84	O	6.93	C	-		
673	85	O	6.93	A	-		
673	86	O	6.93	A	-		
673	87	O	6.93	A	-		
673	88	O	6.93	C	-		
673	89	O	6.93	A	-		
673	90	O	6.93	T	-		
673	91	O	6.93	A	-		
673	92	O	6.93	C	-		
673	93	O	6.93	G	-		
673	94	O	6.93	A	-		
673	95	O	6.93	G	-		
673	96	O	6.93	A	-		
673	97	O	6.93	A	-		
673	98	O	6.93	G	-		
673	99	O	6.93	T	-		
673	100	O	6.93	T	-		
673	101	O	6.93	G	-		
673	102	O	6.93	A	-		
673	103	O	6.93	C	-		
673	104	O	6.93	C	-		
673	105	O	6.93	G	-		
673	106	O	6.93	A	-		
673	107	O	6.93	G	-		
673	108	O	6.93	C	-		
673	109	O	6.93	A	-		
674	0	O	34.66	A	-		
674	1	O	34.66	A	-		
674	2	O	34.66	G	-		
674	3	O	34.66	C	-		
674	4	O	34.66	G	-		
674	5	O	34.66	C	-		
674	6	O	34.66	G	-		
674	7	O	34.66	A	-		
674	8	O	34.66	G	-		
674	9	O	34.66	T	-		
674	10	O	34.66	G	-		
674	11	O	34.66	G	-		
674	12	O	34.66	T	-		
674	13	O	34.66	G	-		
674	14	O	34.66	C	-		
674	15	O	34.66	G	-		
674	16	O	34.66	C	-		
674	17	O	34.66	G	-		
674	18	O	34.66	A	-		
674	19	O	34.66	C	-		
674	20	O	34.66	G	-		
674	21	O	34.66	G	-		
674	22	O	34.66	T	-		
674	23	O	34.66	G	-		
674	24	O	34.66	C	-		
674	25	O	34.66	C	-		
674	26	O	34.66	G	-		
674	27	O	34.66	C	-		
674	28	O	34.66	A	-		
674	29	O	34.66	C	-		
674	30	O	34.66	C	-		
674	31	O	34.66	T	-		
674	32	O	34.66	T	-		
674	33	O	34.66	T	-		
674	34	O	34.66	C	-		
674	35	O	34.66	G	-		
674	36	O	34.66	G	-		
674	37	O	34.66	A	-		
674	38	O	34.66	A	-		
674	39	O	34.66	G	-		
674	40	O	34.66	C	-		
674	41	O	34.66	G	-		
674	42	O	34.66	C	-		
674	43	O	34.66	A	-		
674	44	O	34.66	A	-		
674	45	O	34.66	C	-		
674	46	O	34.66	G	-		
674	47	O	34.66	T	-		
674	48	O	34.66	T	-		
674	49	O	34.66	G	-		
674	50	O	34.66	A	-		
674	51	O	34.66	C	-		
674	52	O	34.66	C	-		
674	53	O	34.66	T	-		
674	54	O	34.66	C	-		
674	55	O	34.66	T	-		
674	56	O	34.66	A	-		
674	57	O	34.66	G	-		
674	58	O	34.66	G	-		
674	59	O	34.66	T	-		
674	60	O	34.66	G	-		
674	61	O	34.66	C	-		
674	62	O	34.66	T	-		
674	63	O	34.66	G	-		
674	64	O	34.66	C	-		
674	65	O	24.06	A	-		
674	66	O	34.66	C	-		
674	67	O	34.66	G	-		
674	68	O	34.66	T	-		
674	69	O	34.66	C	-		
674	70	O	34.66	G	-		
674	71	O	34.66	G	-		
674	72	O	34.66	C	-		
674	73	O	34.66	C	-		
674	74	O	34.66	A	-		
674	75	O	34.66	C	-		
674	76	O	34.66	C	-		
674	77	O	34.66	C	-		
674	78	O	34.66	G	-		
674	79	O	34.66	A	-		
674	80	O	34.66	G	-		
674	81	O	34.66	G	-		
674	82	O	34.66	G	-		
674	83	O	34.66	A	-		
674	84	O	34.66	G	-		
674	85	O	34.66	C	-		
674	86	O	34.66	T	-		
674	87	O	34.66	G	-		
674	88	O	34.66	C	-		
674	89	O	34.66	C	-		
674	90	O	34.66	G	-		
674	91	O	34.66	T	-		
674	92	O	34.66	A	-		
674	93	O	34.66	G	-		
674	94	O	34.66	T	-		
674	95	O	34.66	C	-		
674	96	O	34.66	A	-		
674	97	O	34.66	T	-		
674	98	O	34.66	G	-		
674	99	O	34.66	G	-		
674	100	O	34.66	G	-		
674	101	O	34.66	T	-		
674	102	O	34.66	G	-		
674	103	O	34.66	T	-		
674	104	O	34.66	A	-		
674	105	O	34.66	G	-		
674	106	O	34.66	T	-		
674	107	O	34.66	G	-		
674	108	O	34.66	G	-		
674	109	O	34.66	T	-		
675	0	O	5.55	T	-		
675	1	O	5.55	T	-		
675	2	O	5.55	T	-		
675	3	O	5.55	T	-		
675	4	O	5.55	G	-		
675	5	O	5.55	A	-		
675	6	O	5.55	A	-		
675	7	O	5.55	G	-		
675	8	O	5.55	C	-		
675	9	O	5.55	G	-		
675	10	O	5.55	G	-		
675	11	O	5.55	T	-		
675	12	O	5.55	G	-		
675	13	O	5.55	A	-		
675	14	O	5.55	G	-		
675	15	O	5.55	A	-		
675	16	O	5.55	T	-		
675	17	O	5.55	A	-		
675	18	O	5.55	G	-		
675	19	O	5.55	G	-		
675	20	O	5.55	T	-		
675	21	O	5.55	T	-		
675	22	O	5.55	G	-		
675	23	O	5.55	A	-		
675	24	O	5.55	G	-		
675	25	O	5.55	G	-		
675	26	O	5.55	A	-		
675	27	O	5.55	G	-		
675	28	O	5.55	A	-		
675	29	O	5.55	G	-		
675	30	O	5.55	G	-		
675	31	O	5.55	G	-		
675	32	O	5.55	A	-		
675	33	O	5.55	T	-		
675	34	O	5.55	A	-		
675	35	O	5.55	T	-		
675	36	O	5.55	T	-		
675	37	O	5.55	A	-		
675	38	O	5.55	G	-		
675	39	O	5.55	A	-		
675	40	O	5.55	G	-		
675	41	O	5.55	A	-		
675	42	O	5.55	G	-		
675	43	O	5.55	A	-		
675	44	O	5.55	G	-		
675	45	O	5.55	A	-		
675	46	O	5.55	A	-		
675	47	O	5.55	A	-		
675	48	O	5.55	C	-		
675	49	O	5.55	A	-		
675	50	O	5.55	C	-		
675	51	O	5.55	A	-		
675	52	O	5.55	A	-		
675	53	O	5.55	C	-		
675	54	O	5.55	G	-		
675	55	O	5.55	A	-		
675	56	O	5.55	C	-		
675	57	O	5.55	T	-		
675	58	O	5.55	G	-		
675	59	O	5.55	A	-		
675	60	O	5.55	A	-		
675	61	O	5.55	G	-		
675	62	O	5.55	A	-		
675	63	O	5.55	A	-		
675	64	O	5.55	G	-		
675	65	O	5.55	T	-		
675	66	O	5.55	C	-		
675	67	O	5.55	T	-		
675	68	O	5.55	G	-		
675	69	O	5.55	A	-		
675	70	O	5.55	G	-		
675	71	O	5.55	T	-		
675	72	O	5.55	T	-		
675	73	O	5.55	C	-		
675	74	O	5.55	T	-		
675	75	O	5.55	G	-		
675	76	O	5.55	G	-		
675	77	O	5.55	C	-		
675	78	O	5.55	C	-		
675	79	O	5.55	A	-		
675	80	O	5.55	T	-		
675	81	O	5.55	T	-		
675	82	O	5.55	T	-		
675	83	O	5.55	T	-		
675	84	O	5.55	T	-		
675	85	O	5.55	A	-		
675	86	O	5.55	C	-		
675	87	O	5.55	A	-		
675	88	O	5.55	G	-		
675	89	O	5.55	G	-		
675	90	O	5.55	T	-		
675	91	O	5.55	G	-		
675	92	O	5.55	A	-		
675	93	O	5.55	A	-		
675	94	O	5.55	G	-		
675	95	O	5.55	T	-		
675	96	O	5.55	T	-		
675	97	O	5.55	T	-		
675	98	O	5.55	G	-		
675	99	O	5.55	A	-		
675	100	O	5.55	T	-		
675	101	O	5.55	C	-		
675	102	O	5.55	T	-		
675	103	O	5.55	A	-		
675	104	O	5.55	T	-		
675	105	O	5.55	G	-		
675	106	O	5.55	A	-		
675	107	O	5.55	A	-		
675	108	O	5.55	T	-		
675	109	O	5.55	C	-		
676	0	O	11.09	A	-		
676	1	O	11.09	A	-		
676	2	O	11.09	G	-		
676	3	O	11.09	G	-		
676	4	O	11.09	A	-		
676	5	O	11.09	C	-		
676	6	O	11.09	G	-		
676	7	O	11.09	G	-		
676	8	O	11.09	A	-		
676	9	O	11.09	C	-		
676	10	O	11.09	G	-		
676	11	O	11.09	G	-		
676	12	O	11.09	C	-		
676	13	O	11.09	G	-		
676	14	O	11.09	T	-		
676	15	O	11.09	G	-		
676	16	O	11.09	A	-		
676	17	O	11.09	G	-		
676	18	O	11.09	G	-		
676	19	O	11.09	C	-		
676	20	O	11.09	G	-		
676	21	O	11.09	G	-		
676	22	O	11.09	T	-		
676	23	O	11.09	G	-		
676	24	O	11.09	G	-		
676	25	O	11.09	A	-		
676	26	O	11.09	C	-		
676	27	U	2.86	A	C		
676	28	O	11.09	G	-		
676	29	O	11.09	G	-		
676	30	O	11.09	T	-		
676	31	O	11.09	C	-		
676	32	U	2.86	A	C		
676	33	O	11.09	G	-		
676	34	O	11.09	T	-		
676	35	O	11.09	C	-		
676	36	O	11.09	A	-		
676	37	O	11.09	G	-		
676	38	O	11.09	G	-		
676	39	O	11.09	A	-		
676	40	O	11.09	C	-		
676	41	O	11.09	G	-		
676	42	O	11.09	A	-		
676	43	O	11.09	G	-		
676	44	O	11.09	A	-		
676	45	O	11.09	C	-		
676	46	O	11.09	A	-		
676	47	O	11.09	G	-		
676	48	O	11.09	G	-		
676	49	O	11.09	T	-		
676	50	U	2.86	T	G		
676	51	O	11.09	A	-		
676	52	O	11.09	T	-		
676	53	O	11.09	T	-		
676	54	O	11.09	A	-		
676	55	O	11.09	C	-		
676	56	O	11.09	C	-		
676	57	O	11.09	T	-		
676	58	O	11.09	A	-		
676	59	O	11.09	C	-		
676	60	O	11.09	T	-		
676	61	O	11.09	C	-		
676	62	O	11.09	T	-		
676	63	O	11.09	A	-		
676	64	O	11.09	C	-		
676	65	O	11.09	C	-		
676	66	O	11.09	G	-		
676	67	O	11.09	G	-		
676	68	O	11.09	A	-		
676	69	O	11.09	A	-		
676	70	O	11.09	A	-		
676	71	O	11.09	A	-		
676	72	O	11.09	A	-		
676	73	O	11.09	G	-		
676	74	O	11.09	C	-		
676	75	O	11.09	T	-		
676	76	O	11.09	G	-		
676	77	O	11.09	T	-		
676	78	O	11.09	G	-		
676	79	O	11.09	C	-		
676	80	O	11.09	T	-		
676	81	O	11.09	C	-		
676	82	O	11.09	C	-		
676	83	O	11.09	G	-		
676	84	O	11.09	T	-		
676	85	O	11.09	C	-		
676	86	U	2.86	G	T		
676	87	O	11.09	C	-		
676	88	O	11.09	T	-		
676	89	O	11.09	C	-		
676	90	O	11.09	G	-		
676	91	O	11.09	C	-		
676	92	O	11.09	A	-		
676	93	O	11.09	G	-		
676	94	O	11.09	C	-		
676	95	O	11.09	A	-		
676	96	O	11.09	A	-		
676	97	O	11.09	T	-		
676	98	O	11.09	T	-		
676	99	O	11.09	C	-		
676	100	O	11.09	C	-		
676	101	O	11.09	C	-		
676	102	O	11.09	A	-		
676	103	O	11.09	A	-		
676	104	O	11.09	G	-		
676	105	O	11.09	A	-		
676	106	O	11.09	G	-		
676	107	O	11.09	G	-		
676	108	O	11.09	T	-		
676	109	O	11.09	T	-		
677	0	O	5.55	T	-		
677	1	O	5.55	G	-		
677	2	O	5.55	T	-		
677	3	O	5.55	C	-		
677	4	O	5.55	T	-		
677	5	O	5.55	A	-		
677	6	O	5.55	G	-		
677	7	O	5.55	G	-		
677	8	O	5.55	A	-		
677	9	O	5.55	C	-		
677	10	O	5.55	C	-		
677	11	O	5.55	A	-		
677	12	O	5.55	A	-		
677	13	O	5.55	C	-		
677	14	O	5.55	C	-		
677	15	O	5.55	T	-		
677	16	O	5.55	G	-		
677	17	O	5.55	A	-		
677	18	O	5.55	A	-		
677	19	O	5.55	T	-		
677	20	O	5.55	A	-		
677	21	O	5.55	A	-		
677	22	O	5.55	T	-		
677	23	O	5.55	A	-		
677	24	O	5.55	T	-		
677	25	O	5.55	C	-		
677	26	O	5.55	T	-		
677	27	O	5.55	T	-		
677	28	O	5.55	A	-		
677	29	O	5.55	T	-		
677	30	O	5.55	T	-		
677	31	O	5.55	T	-		
677	32	O	5.55	G	-		
677	33	O	5.55	G	-		
677	34	O	5.55	C	-		
677	35	O	5.55	T	-		
677	36	O	5.55	A	-		
677	37	O	5.55	A	-		
677	38	O	5.55	A	-		
677	39	O	5.55	T	-		
677	40	O	5.55	T	-		
677	41	O	5.55	C	-		
677	42	O	5.55	A	-		
677	43	O	5.55	C	-		
677	44	O	5.55	C	-		
677	45	O	5.55	T	-		
677	46	O	5.55	G	-		
677	47	O	5.55	A	-		
677	48	O	5.55	A	-		
677	49	O	5.55	G	-		
677	50	O	5.55	T	-		
677	51	O	5.55	C	-		
677	52	O	5.55	C	-		
677	53	O	5.55	C	-		
677	54	O	5.55	G	-		
677	55	O	5.55	A	-		
677	56	O	5.55	C	-		
677	57	O	5.55	A	-		
677	58	O	5.55	T	-		
677	59	O	5.55	A	-		
677	60	O	5.55	G	-		
677	61	O	5.55	C	-		
677	62	O	5.55	C	-		
677	63	O	5.55	T	-		
677	64	O	5.55	C	-		
677	65	O	5.55	A	-		
677	66	O	5.55	A	-		
677	67	O	5.55	A	-		
677	68	O	5.55	G	-		
677	69	O	5.55	T	-		
677	70	O	5.55	A	-		
677	71	O	5.55	A	-		
677	72	O	5.55	A	-		
677	73	O	5.55	G	-		
677	74	O	5.55	A	-		
677	75	O	5.55	A	-		
677	76	O	5.55	G	-		
677	77	O	5.55	A	-		
677	78	O	5.55	A	-		
677	79	O	5.55	T	-		
677	80	O	5.55	A	-		
677	81	O	5.55	C	-		
677	82	O	5.55	A	-		
677	83	O	5.55	C	-		
677	84	O	5.55	C	-		
677	85	O	5.55	T	-		
677	86	O	5.55	G	-		
677	87	O	5.55	A	-		
677	88	O	5.55	G	-		
677	89	O	5.55	A	-		
677	90	O	5.55	T	-		
677	91	O	5.55	T	-		
677	92	O	5.55	C	-		
677	93	O	5.55	C	-		
677	94	O	5.55	C	-		
677	95	O	5.55	A	-		
677	96	O	5.55	A	-		
677	97	O	5.55	A	-		
677	98	O	5.55	T	-		
677	99	O	5.55	T	-		
677	100	O	5.55	G	-		
677	101	O	5.55	G	-		
677	102	O	5.55	C	-		
677	103	O	5.55	T	-		
677	104	O	5.55	C	-		
677	105	O	5.55	A	-		
677	106	O	5.55	G	-		
677	107	O	5.55	C	-		
677	108	O	5.55	T	-		
677	109	O	5.55	C	-		
678	0	O	5.55	C	-		
678	1	O	5.55	T	-		
678	2	O	5.55	G	-		
678	3	O	5.55	G	-		
678	4	O	5.55	A	-		
678	5	O	5.55	C	-		
678	6	O	5.55	A	-		
678	7	O	5.55	G	-		
678	8	O	5.55	C	-		
678	9	O	5.55	A	-		
678	10	O	5.55	T	-		
678	11	O	5.55	G	-		
678	12	O	5.55	G	-		
678	13	O	5.55	G	-		
678	14	O	5.55	C	-		
678	15	O	5.55	G	-		
678	16	O	5.55	C	-		
678	17	O	5.55	C	-		
678	18	O	5.55	A	-		
678	19	O	5.55	C	-		
678	20	O	5.55	C	-		
678	21	O	5.55	T	-		
678	22	O	5.55	G	-		
678	23	O	5.55	T	-		
678	24	O	5.55	T	-		
678	25	O	5.55	C	-		
678	26	O	5.55	G	-		
678	27	O	5.55	C	-		
678	28	O	5.55	C	-		
678	29	O	5.55	C	-		
678	30	O	5.55	T	-		
678	31	O	5.55	G	-		
678	32	O	5.55	C	-		
678	33	O	5.55	T	-		
678	34	O	5.55	C	-		
678	35	O	5.55	G	-		
678	36	O	5.55	C	-		
678	37	O	5.55	C	-		
678	38	O	5.55	G	-		
678	39	O	5.55	G	-		
678	40	O	5.55	C	-		
678	41	O	5.55	C	-		
678	42	O	5.55	A	-		
678	43	O	5.55	C	-		
678	44	O	5.55	C	-		
678	45	O	5.55	A	-		
678	46	O	5.55	G	-		
678	47	O	5.55	C	-		
678	48	O	5.55	T	-		
678	49	O	5.55	G	-		
678	50	O	5.55	A	-		
678	51	O	5.55	C	-		
678	52	O	5.55	A	-		
678	53	O	5.55	G	-		
678	54	O	5.55	T	-		
678	55	O	5.55	C	-		
678	56	O	5.55	G	-		
678	57	O	5.55	G	-		
678	58	O	5.55	C	-		
678	59	O	5.55	G	-		
678	60	O	5.55	G	-		
678	61	O	5.55	C	-		
678	62	O	5.55	A	-		
678	63	O	5.55	G	-		
678	64	O	5.55	C	-		
678	65	O	5.55	A	-		
678	66	O	5.55	G	-		
678	67	O	5.55	C	-		
678	68	O	5.55	G	-		
678	69	O	5.55	G	-		
678	70	O	5.55	C	-		
678	71	O	5.55	A	-		
678	72	O	5.55	G	-		
678	73	O	5.55	T	-		
678	74	O	5.55	G	-		
678	75	O	5.55	G	-		
678	76	O	5.55	C	-		
678	77	O	5.55	G	-		
678	78	O	5.55	C	-		
678	79	O	5.55	T	-		
678	80	O	5.55	C	-		
678	81	O	5.55	G	-		
678	82	O	5.55	G	-		
678	83	O	5.55	C	-		
678	84	O	5.55	A	-		
678	85	O	5.55	G	-		
678	86	O	5.55	C	-		
678	87	O	5.55	G	-		
678	88	O	5.55	C	-		
678	89	O	5.55	C	-		
678	90	O	5.55	T	-		
678	91	O	5.55	G	-		
678	92	O	5.55	T	-		
678	93	O	5.55	G	-		
678	94	O	5.55	C	-		
678	95	O	5.55	G	-		
678	96	O	5.55	T	-		
678	97	O	5.55	C	-		
678	98	O	5.55	G	-		
678	99	O	5.55	A	-		
678	100	O	5.55	G	-		
678	101	O	5.55	C	-		
678	102	O	5.55	G	-		
678	103	O	5.55	C	-		
678	104	O	5.55	C	-		
678	105	O	5.55	T	-		
678	106	O	5.55	G	-		
678	107	O	5.55	C	-		
678	108	O	5.55	T	-		
678	109	O	5.55	T	-		
679	0	O	13.86	T	-		
679	1	O	13.86	G	-		
679	2	O	13.86	T	-		
679	3	O	13.86	C	-		
679	4	O	13.86	C	-		
679	5	O	13.86	G	-		
679	6	O	13.86	A	-		
679	7	O	13.86	C	-		
679	8	O	13.86	C	-		
679	9	O	13.86	G	-		
679	10	O	13.86	G	-		
679	11	O	13.86	C	-		
679	12	O	13.86	A	-		
679	13	O	13.86	T	-		
679	14	O	13.86	T	-		
679	15	O	13.86	C	-		
679	16	O	13.86	G	-		
679	17	O	13.86	G	-		
679	18	O	13.86	C	-		
679	19	O	13.86	C	-		
679	20	O	13.86	T	-		
679	21	O	13.86	G	-		
679	22	O	13.86	C	-		
679	23	O	13.86	A	-		
679	24	O	13.86	T	-		
679	25	O	13.86	C	-		
679	26	O	13.86	T	-		
679	27	O	13.86	G	-		
679	28	O	13.86	C	-		
679	29	O	13.86	T	-		
679	30	O	13.86	C	-		
679	31	O	13.86	T	-		
679	32	O	13.86	G	-		
679	33	O	13.86	T	-		
679	34	O	13.86	C	-		
679	35	O	13.86	C	-		
679	36	O	13.86	C	-		
679	37	O	13.86	T	-		
679	38	O	13.86	C	-		
679	39	O	13.86	A	-		
679	40	O	13.86	T	-		
679	41	O	13.86	A	-		
679	42	O	13.86	C	-		
679	43	O	13.86	G	-		
679	44	O	13.86	G	-		
679	45	O	13.86	C	-		
679	46	O	13.86	G	-		
679	47	O	13.86	C	-		
679	48	O	13.86	C	-		
679	49	O	13.86	C	-		
679	50	O	13.86	A	-		
679	51	O	13.86	A	-		
679	52	O	13.86	C	-		
679	53	O	13.86	T	-		
679	54	O	13.86	C	-		
679	55	O	13.86	G	-		
679	56	O	13.86	T	-		
679	57	O	13.86	C	-		
679	58	O	13.86	C	-		
679	59	O	13.86	G	-		
679	60	O	13.86	C	-		
679	61	O	13.86	C	-		
679	62	O	13.86	T	-		
679	63	O	13.86	C	-		
679	64	O	13.86	C	-		
679	65	O	13.86	G	-		
679	66	O	13.86	T	-		
679	67	O	13.86	G	-		
679	68	O	13.86	C	-		
679	69	O	13.86	G	-		
679	70	O	13.86	G	-		
679	71	O	13.86	C	-		
679	72	O	13.86	G	-		
679	73	O	13.86	C	-		
679	74	O	13.86	A	-		
679	75	O	13.86	G	-		
679	76	O	13.86	A	-		
679	77	O	13.86	G	-		
679	78	O	13.86	A	-		
679	79	O	13.86	G	-		
679	80	O	13.86	C	-		
679	81	O	13.86	T	-		
679	82	O	13.86	T	-		
679	83	O	13.86	A	-		
679	84	O	13.86	C	-		
679	85	O	13.86	G	-		
679	86	O	13.86	C	-		
679	87	O	13.86	C	-		
679	88	O	13.86	A	-		
679	89	O	13.86	G	-		
679	90	O	13.86	A	-		
679	91	O	13.86	C	-		
679	92	O	13.86	A	-		
679	93	O	13.86	G	-		
679	94	O	13.86	A	-		
679	95	O	13.86	T	-		
679	96	O	13.86	A	-		
679	97	O	13.86	A	-		
679	98	O	13.86	G	-		
679	99	O	13.86	C	-		
679	100	O	13.86	G	-		
679	101	O	13.86	A	-		
679	102	O	13.86	T	-		
679	103	O	13.86	C	-		
679	104	O	13.86	T	-		
679	105	O	13.86	G	-		
679	106	O	13.86	G	-		
679	107	O	13.86	C	-		
679	108	O	13.86	G	-		
679	109	O	13.86	G	-		
680	0	O	6.93	G	-		
680	1	U	0.00	-	-		
680	2	U	0.00	-	-		
680	3	U	0.00	-	-		
680	4	U	0.00	-	-		
680	5	U	0.00	-	-		
680	6	U	0.00	-	-		
680	7	U	0.00	-	-		
680	8	U	0.00	-	-		
680	9	U	0.00	-	-		
680	10	O	6.93	T	-		
680	11	O	6.93	T	-		
680	12	O	6.93	G	-		
680	13	O	6.93	C	-		
680	14	O	6.93	G	-		
680	15	O	6.93	G	-		
680	16	O	6.93	A	-		
680	17	O	6.93	A	-		
680	18	O	6.93	C	-		
680	19	O	6.93	T	-		
680	20	O	6.93	C	-		
680	21	O	6.93	C	-		
680	22	O	6.93	G	-		
680	23	O	6.93	G	-		
680	24	O	6.93	G	-		
680	25	O	6.93	C	-		
680	26	O	6.93	G	-		
680	27	O	6.93	G	-		
680	28	O	6.93	C	-		
680	29	O	6.93	T	-		
680	30	O	6.93	G	-		
680	31	O	6.93	G	-		
680	32	O	6.93	A	-		
680	33	O	6.93	A	-		
680	34	O	6.93	G	-		
680	35	O	6.93	T	-		
680	36	O	6.93	G	-		
680	37	O	6.93	A	-		
680	38	O	6.93	T	-		
680	39	O	6.93	C	-		
680	40	O	6.93	G	-		
680	41	O	6.93	G	-		
680	42	O	6.93	G	-		
680	43	O	6.93	G	-		
680	44	O	6.93	T	-		
680	45	O	6.93	C	-		
680	46	O	6.93	T	-		
680	47	O	6.93	G	-		
680	48	O	6.93	G	-		
680	49	O	6.93	C	-		
680	50	O	6.93	A	-		
680	51	O	6.93	C	-		
680	52	O	6.93	T	-		
680	53	O	6.93	C	-		
680	54	O	6.93	C	-		
680	55	O	6.93	G	-		
680	56	O	6.93	A	-		
680	57	O	6.93	A	-		
680	58	O	6.93	T	-		
680	59	O	6.93	T	-		
680	60	O	6.93	G	-		
680	61	O	6.93	C	-		
680	62	O	6.93	G	-		
680	63	O	6.93	A	-		
680	64	O	6.93	C	-		
680	65	O	6.93	G	-		
680	66	O	6.93	A	-		
680	67	O	6.93	C	-		
680	68	O	6.93	G	-		
680	69	O	6.93	G	-		
680	70	O	6.93	T	-		
680	71	O	6.93	T	-		
680	72	O	6.93	G	-		
680	73	O	6.93	A	-		
680	74	O	6.93	G	-		
680	75	O	6.93	G	-		
680	76	O	6.93	A	-		
680	77	O	6.93	C	-		
680	78	O	6.93	C	-		
680	79	O	6.93	T	-		
680	80	O	6.93	C	-		
680	81	O	6.93	G	-		
680	82	O	6.93	A	-		
680	83	O	6.93	C	-		
680	84	O	6.93	C	-		
680	85	O	6.93	A	-		
680	86	O	6.93	G	-		
680	87	O	6.93	G	-		
680	88	O	6.93	G	-		
680	89	O	6.93	C	-		
680	90	O	6.93	C	-		
680	91	O	6.93	C	-		
680	92	O	6.93	A	-		
680	93	O	6.93	C	-		
680	94	O	6.93	T	-		
680	95	O	6.93	T	-		
680	96	O	6.93	G	-		
680	97	O	6.93	G	-		
680	98	O	6.93	C	-		
680	99	O	6.93	T	-		
680	100	O	6.93	G	-		
680	101	O	6.93	G	-		
680	102	O	6.93	G	-		
680	103	O	6.93	G	-		
680	104	O	6.93	T	-		
680	105	O	6.93	C	-		
680	106	O	6.93	G	-		
680	107	O	6.93	G	-		
680	108	O	6.93	G	-		
680	109	O	6.93	C	-		
680	110	U	0.00	-	-		
680	111	U	0.00	-	-		
680	112	U	0.00	-	-		
680	113	U	0.00	-	-		
680	114	U	0.00	-	-		
680	115	U	0.00	-	-		
680	116	U	0.00	-	-		
680	117	U	0.00	-	-		
680	118	U	0.00	-	-		
681	0	O	8.32	G	-		
681	1	O	8.32	T	-		
681	2	O	8.32	C	-		
681	3	O	8.32	T	-		
681	4	O	8.32	A	-		
681	5	O	8.32	G	-		
681	6	O	8.32	T	-		
681	7	O	8.32	C	-		
681	8	O	8.32	T	-		
681	9	O	8.32	A	-		
681	10	O	8.32	G	-		
681	11	O	8.32	C	-		
681	12	O	8.32	T	-		
681	13	O	8.32	A	-		
681	14	O	8.32	C	-		
681	15	O	8.32	T	-		
681	16	O	8.32	A	-		
681	17	O	8.32	G	-		
681	18	O	8.32	T	-		
681	19	O	8.32	A	-		
681	20	O	8.32	T	-		
681	21	O	8.32	T	-		
681	22	O	8.32	T	-		
681	23	O	8.32	G	-		
681	24	O	8.32	C	-		
681	25	O	8.32	A	-		
681	26	O	8.32	T	-		
681	27	O	8.32	T	-		
681	28	O	8.32	A	-		
681	29	O	8.32	T	-		
681	30	O	8.32	A	-		
681	31	O	8.32	T	-		
681	32	O	8.32	A	-		
681	33	O	8.32	G	-		
681	34	O	8.32	G	-		
681	35	O	8.32	C	-		
681	36	O	8.32	A	-		
681	37	O	8.32	A	-		
681	38	O	8.32	A	-		
681	39	O	8.32	A	-		
681	40	O	8.32	T	-		
681	41	O	8.32	G	-		
681	42	O	8.32	A	-		
681	43	O	8.32	G	-		
681	44	O	8.32	A	-		
681	45	O	8.32	T	-		
681	46	O	8.32	G	-		
681	47	O	8.32	T	-		
681	48	O	8.32	T	-		
681	49	O	8.32	G	-		
681	50	O	8.32	G	-		
681	51	O	8.32	T	-		
681	52	O	8.32	T	-		
681	53	O	8.32	T	-		
681	54	O	8.32	T	-		
681	55	O	8.32	G	-		
681	56	O	8.32	A	-		
681	57	O	8.32	G	-		
681	58	O	8.32	G	-		
681	59	O	8.32	C	-		
681	60	O	8.32	T	-		
681	61	O	8.32	A	-		
681	62	O	8.32	T	-		
681	63	O	8.32	T	-		
681	64	O	8.32	T	-		
681	65	O	8.32	G	-		
681	66	O	8.32	A	-		
681	67	O	8.32	G	-		
681	68	O	8.32	G	-		
681	69	O	8.32	A	-		
681	70	O	8.32	C	-		
681	71	O	8.32	A	-		
681	72	O	8.32	A	-		
681	73	O	8.32	T	-		
681	74	O	8.32	G	-		
681	75	O	8.32	T	-		
681	76	O	8.32	A	-		
681	77	O	8.32	A	-		
681	78	O	8.32	G	-		
681	79	O	8.32	T	-		
681	80	O	8.32	T	-		
681	81	O	8.32	G	-		
681	82	O	8.32	A	-		
681	83	O	8.32	T	-		
681	84	O	8.32	G	-		
681	85	O	8.32	G	-		
681	86	O	8.32	T	-		
681	87	O	8.32	T	-		
681	88	O	8.32	T	-		
681	89	O	8.32	T	-		
681	90	O	8.32	C	-		
681	91	O	8.32	A	-		
681	92	O	8.32	A	-		
681	93	O	8.32	C	-		
681	94	O	8.32	A	-		
681	95	O	8.32	G	-		
681	96	O	8.32	A	-		
681	97	O	8.32	G	-		
681	98	O	8.32	C	-		
681	99	O	8.32	T	-		
681	100	O	8.32	T	-		
681	101	O	8.32	T	-		
681	102	O	8.32	G	-		
681	103	O	8.32	C	-		
681	104	O	8.32	A	-		
681	105	O	8.32	A	-		
681	106	O	8.32	T	-		
681	107	O	8.32	A	-		
681	108	O	8.32	A	-		
681	109	O	8.32	G	-		
682	0	O	11.09	T	-		
682	1	O	11.09	A	-		
682	2	O	11.09	G	-		
682	3	O	11.09	G	-		
682	4	O	11.09	A	-		
682	5	O	11.09	T	-		
682	6	O	11.09	G	-		
682	7	O	11.09	A	-		
682	8	O	11.09	A	-		
682	9	O	11.09	A	-		
682	10	O	11.09	G	-		
682	11	O	11.09	T	-		
682	12	O	11.09	T	-		
682	13	O	11.09	C	-		
682	14	O	11.09	C	-		
682	15	O	11.09	G	-		
682	16	O	11.09	A	-		
682	17	O	11.09	G	-		
682	18	O	11.09	A	-		
682	19	O	11.09	G	-		
682	20	O	11.09	T	-		
682	21	O	11.09	C	-		
682	22	O	11.09	A	-		
682	23	O	11.09	G	-		
682	24	O	11.09	A	-		
682	25	O	11.09	C	-		
682	26	O	11.09	T	-		
682	27	O	11.09	G	-		
682	28	O	11.09	A	-		
682	29	O	11.09	A	-		
682	30	O	11.09	A	-		
682	31	O	11.09	G	-		
682	32	O	11.09	C	-		
682	33	O	11.09	T	-		
682	34	O	11.09	G	-		
682	35	O	11.09	C	-		
682	36	O	11.09	T	-		
682	37	O	11.09	G	-		
682	38	O	11.09	G	-		
682	39	O	11.09	G	-		
682	40	O	11.09	T	-		
682	41	O	11.09	A	-		
682	42	O	11.09	C	-		
682	43	O	11.09	C	-		
682	44	O	11.09	A	-		
682	45	O	11.09	G	-		
682	46	O	11.09	C	-		
682	47	O	11.09	T	-		
682	48	O	11.09	C	-		
682	49	O	11.09	A	-		
682	50	O	11.09	A	-		
682	51	O	11.09	T	-		
682	52	O	11.09	T	-		
682	53	U	2.86	C	A		
682	54	O	11.09	A	-		
682	55	O	11.09	C	-		
682	56	O	11.09	C	-		
682	57	O	11.09	T	-		
682	58	O	11.09	T	-		
682	59	O	11.09	C	-		
682	60	O	11.09	T	-		
682	61	O	11.09	T	-		
682	62	O	11.09	T	-		
682	63	O	11.09	G	-		
682	64	O	11.09	G	-		
682	65	O	11.09	T	-		
682	66	O	11.09	C	-		
682	67	O	11.09	A	-		
682	68	O	11.09	C	-		
682	69	O	11.09	G	-		
682	70	O	11.09	T	-		
682	71	O	11.09	C	-		
682	72	O	11.09	G	-		
682	73	O	11.09	A	-		
682	74	O	11.09	A	-		
682	75	O	11.09	A	-		
682	76	O	11.09	C	-		
682	77	O	11.09	T	-		
682	78	O	11.09	G	-		
682	79	O	11.09	C	-		
682	80	O	11.09	G	-		
682	81	O	11.09	G	-		
682	82	O	11.09	C	-		
682	83	O	11.09	C	-		
682	84	O	11.09	G	-		
682	85	O	11.09	A	-		
682	86	O	11.09	T	-		
682	87	O	11.09	G	-		
682	88	O	11.09	A	-		
682	89	O	11.09	T	-		
682	90	O	11.09	G	-		
682	91	O	11.09	C	-		
682	92	O	11.09	C	-		
682	93	O	11.09	C	-		
682	94	O	11.09	A	-		
682	95	O	11.09	G	-		
682	96	O	11.09	T	-		
682	97	O	11.09	G	-		
682	98	O	11.09	G	-		
682	99	O	11.09	A	-		
682	100	O	11.09	G	-		
682	101	O	11.09	C	-		
682	102	O	11.09	G	-		
682	103	O	11.09	A	-		
682	104	O	11.09	T	-		
682	105	O	11.09	G	-		
682	106	O	11.09	G	-		
682	107	O	11.09	T	-		
682	108	O	11.09	T	-		
682	109	U	2.86	T	G		
683	0	O	12.48	T	-		
683	1	O	12.48	C	-		
683	2	O	12.48	G	-		
683	3	O	12.48	T	-		
683	4	O	12.48	C	-		
683	5	O	12.48	G	-		
683	6	O	12.48	A	-		
683	7	O	12.48	T	-		
683	8	O	12.48	G	-		
683	9	O	12.48	G	-		
683	10	O	12.48	C	-		
683	11	O	12.48	G	-		
683	12	O	12.48	T	-		
683	13	O	12.48	T	-		
683	14	O	12.48	C	-		
683	15	O	12.48	T	-		
683	16	O	12.48	G	-		
683	17	O	12.48	C	-		
683	18	O	12.48	G	-		
683	19	O	12.48	C	-		
683	20	O	12.48	G	-		
683	21	O	12.48	C	-		
683	22	O	12.48	T	-		
683	23	O	12.48	G	-		
683	24	O	12.48	T	-		
683	25	O	12.48	C	-		
683	26	O	12.48	C	-		
683	27	O	12.48	A	-		
683	28	O	12.48	C	-		
683	29	O	12.48	A	-		
683	30	O	12.48	T	-		
683	31	O	12.48	T	-		
683	32	O	12.48	G	-		
683	33	O	12.48	T	-		
683	34	O	12.48	C	-		
683	35	O	12.48	G	-		
683	36	O	12.48	T	-		
683	37	O	12.48	A	-		
683	38	O	12.48	G	-		
683	39	O	12.48	A	-		
683	40	O	12.48	T	-		
683	41	O	12.48	G	-		
683	42	O	12.48	A	-		
683	43	O	12.48	T	-		
683	44	O	12.48	G	-		
683	45	O	12.48	A	-		
683	46	O	12.48	A	-		
683	47	O	12.48	G	-		
683	48	O	12.48	G	-		
683	49	O	12.48	C	-		
683	50	O	12.48	C	-		
683	51	O	12.48	T	-		
683	52	O	12.48	G	-		
683	53	O	12.48	G	-		
683	54	O	12.48	C	-		
683	55	O	12.48	C	-		
683	56	O	12.48	C	-		
683	57	O	12.48	T	-		
683	58	O	12.48	T	-		
683	59	O	12.48	G	-		
683	60	O	12.48	C	-		
683	61	O	12.48	G	-		
683	62	O	12.48	C	-		
683	63	O	12.48	T	-		
683	64	O	12.48	T	-		
683	65	O	12.48	G	-		
683	66	O	12.48	A	-		
683	67	O	12.48	G	-		
683	68	O	12.48	G	-		
683	69	O	12.48	C	-		
683	70	O	12.48	T	-		
683	71	O	12.48	C	-		
683	72	O	12.48	T	-		
683	73	O	12.48	T	-		
683	74	O	12.48	T	-		
683	75	O	12.48	T	-		
683	76	O	12.48	T	-		
683	77	O	12.48	G	-		
683	78	O	12.48	G	-		
683	79	O	12.48	C	-		
683	80	O	12.48	G	-		
683	81	O	12.48	A	-		
683	82	O	12.48	C	-		
683	83	O	12.48	G	-		
683	84	O	12.48	A	-		
683	85	O	12.48	T	-		
683	86	O	12.48	G	-		
683	87	O	12.48	T	-		
683	88	O	12.48	C	-		
683	89	O	12.48	G	-		
683	90	O	12.48	A	-		
683	91	O	12.48	C	-		
683	92	O	12.48	G	-		
683	93	O	12.48	A	-		
683	94	O	12.48	T	-		
683	95	O	12.48	G	-		
683	96	O	12.48	G	-		
683	97	O	12.48	T	-		
683	98	O	12.48	A	-		
683	99	O	12.48	C	-		
683	100	O	12.48	C	-		
683	101	O	12.48	G	-		
683	102	O	12.48	A	-		
683	103	O	12.48	A	-		
683	104	O	12.48	C	-		
683	105	O	12.48	T	-		
683	106	O	12.48	C	-		
683	107	O	12.48	G	-		
683	108	O	12.48	T	-		
683	109	O	12.48	C	-		
684	0	O	6.93	T	-		
684	1	O	6.93	C	-		
684	2	O	6.93	A	-		
684	3	O	6.93	G	-		
684	4	O	6.93	C	-		
684	5	O	6.93	T	-		
684	6	O	6.93	T	-		
684	7	O	6.93	G	-		
684	8	O	6.93	C	-		
684	9	O	6.93	A	-		
684	10	O	6.93	A	-		
684	11	O	6.93	A	-		
684	12	O	6.93	T	-		
684	13	O	6.93	A	-		
684	14	O	6.93	G	-		
684	15	O	6.93	T	-		
684	16	O	6.93	A	-		
684	17	O	6.93	C	-		
684	18	O	6.93	G	-		
684	19	O	6.93	A	-		
684	20	O	6.93	T	-		
684	21	O	6.93	A	-		
684	22	O	6.93	G	-		
684	23	O	6.93	C	-		
684	24	O	6.93	C	-		
684	25	O	6.93	A	-		
684	26	O	6.93	A	-		
684	27	O	6.93	G	-		
684	28	O	6.93	G	-		
684	29	O	6.93	T	-		
684	30	O	6.93	A	-		
684	31	O	6.93	G	-		
684	32	O	6.93	C	-		
684	33	O	6.93	G	-		
684	34	O	6.93	G	-		
684	35	O	6.93	A	-		
684	36	O	6.93	C	-		
684	37	O	6.93	C	-		
684	38	O	6.93	T	-		
684	39	O	6.93	G	-		
684	40	O	6.93	A	-		
684	41	O	6.93	T	-		
684	42	O	6.93	C	-		
684	43	O	6.93	A	-		
684	44	O	6.93	A	-		
684	45	O	6.93	G	-		
684	46	U	-0.27	A	C		
684	47	O	6.93	G	-		
684	48	O	6.93	G	-		
684	49	O	6.93	T	-		
684	50	O	6.93	T	-		
684	51	O	6.93	T	-		
684	52	O	6.93	A	-		
684	53	O	6.93	C	-		
684	54	O	6.93	A	-		
684	55	O	6.93	G	-		
684	56	O	6.93	A	-		
684	57	O	6.93	T	-		
684	58	O	6.93	C	-		
684	59	O	6.93	T	-		
684	60	O	6.93	T	-		
684	61	O	6.93	C	-		
684	62	O	6.93	A	-		
684	63	O	6.93	A	-		
684	64	O	6.93	G	-		
684	65	O	6.93	C	-		
684	66	O	6.93	A	-		
684	67	O	6.93	G	-		
684	68	O	6.93	G	-		
684	69	O	6.93	T	-		
684	70	O	6.93	C	-		
684	71	O	6.93	A	-		
684	72	O	6.93	G	-		
684	73	O	6.93	A	-		
684	74	O	6.93	A	-		
684	75	O	6.93	G	-		
684	76	O	6.93	A	-		
684	77	O	6.93	G	-		
684	78	O	6.93	A	-		
684	79	O	6.93	A	-		
684	80	O	6.93	C	-		
684	81	O	6.93	C	-		
684	82	O	6.93	G	-		
684	83	U	-0.27	A	C		
684	84	O	6.93	G	-		
684	85	O	6.93	A	-		
684	86	O	6.93	T	-		
684	87	O	6.93	C	-		
684	88	O	6.93	G	-		
684	89	O	6.93	C	-		
684	90	O	6.93	C	-		
684	91	O	6.93	T	-		
684	92	O	6.93	A	-		
684	93	O	6.93	C	-		
684	94	O	6.93	G	-		
684	95	O	6.93	G	-		
684	96	O	6.93	A	-		
684	97	O	6.93	T	-		
684	98	O	6.93	T	-		
684	99	O	6.93	A	-		
684	100	O	6.93	G	-		
684	101	O	6.93	C	-		
684	102	O	6.93	T	-		
684	103	O	6.93	T	-		
684	104	O	6.93	C	-		
684	105	O	6.93	T	-		
684	106	O	6.93	T	-		
684	107	O	6.93	G	-		
684	108	O	6.93	T	-		
684	109	O	6.93	G	-		
685	0	O	8.32	A	-		
685	1	O	8.32	G	-		
685	2	O	8.32	G	-		
685	3	O	8.32	G	-		
685	4	O	8.32	C	-		
685	5	O	8.32	G	-		
685	6	O	8.32	G	-		
685	7	O	8.32	C	-		
685	8	O	8.32	A	-		
685	9	O	8.32	A	-		
685	10	O	8.32	G	-		
685	11	O	8.32	A	-		
685	12	O	8.32	T	-		
685	13	O	8.32	G	-		
685	14	O	8.32	A	-		
685	15	O	8.32	G	-		
685	16	O	8.32	C	-		
685	17	O	8.32	T	-		
685	18	O	8.32	C	-		
685	19	O	8.32	G	-		
685	20	O	8.32	T	-		
685	21	O	8.32	C	-		
685	22	O	8.32	G	-		
685	23	O	8.32	G	-		
685	24	O	8.32	A	-		
685	25	O	8.32	C	-		
685	26	O	8.32	C	-		
685	27	O	8.32	C	-		
685	28	O	8.32	G	-		
685	29	O	8.32	G	-		
685	30	O	8.32	A	-		
685	31	O	8.32	C	-		
685	32	O	8.32	T	-		
685	33	O	8.32	C	-		
685	34	O	8.32	G	-		
685	35	O	8.32	A	-		
685	36	O	8.32	A	-		
685	37	O	8.32	G	-		
685	38	O	8.32	A	-		
685	39	O	8.32	T	-		
685	40	O	8.32	C	-		
685	41	O	8.32	G	-		
685	42	O	8.32	A	-		
685	43	O	8.32	C	-		
685	44	O	8.32	C	-		
685	45	O	8.32	T	-		
685	46	O	8.32	G	-		
685	47	O	8.32	C	-		
685	48	O	8.32	T	-		
685	49	O	8.32	C	-		
685	50	O	8.32	G	-		
685	51	O	8.32	A	-		
685	52	O	8.32	C	-		
685	53	O	8.32	A	-		
685	54	O	8.32	C	-		
685	55	O	8.32	G	-		
685	56	O	8.32	C	-		
685	57	O	8.32	C	-		
685	58	O	8.32	C	-		
685	59	O	8.32	G	-		
685	60	O	8.32	A	-		
685	61	O	8.32	G	-		
685	62	O	8.32	G	-		
685	63	O	8.32	T	-		
685	64	O	8.32	C	-		
685	65	O	8.32	G	-		
685	66	O	8.32	T	-		
685	67	O	8.32	G	-		
685	68	O	8.32	C	-		
685	69	O	8.32	G	-		
685	70	O	8.32	C	-		
685	71	O	8.32	A	-		
685	72	O	8.32	A	-		
685	73	O	8.32	G	-		
685	74	O	8.32	A	-		
685	75	O	8.32	A	-		
685	76	O	8.32	G	-		
685	77	O	8.32	C	-		
685	78	O	8.32	T	-		
685	79	O	8.32	G	-		
685	80	O	8.32	A	-		
685	81	O	8.32	A	-		
685	82	O	8.32	G	-		
685	83	O	8.32	A	-		
685	84	O	8.32	A	-		
685	85	O	8.32	G	-		
685	86	O	8.32	G	-		
685	87	O	8.32	C	-		
685	88	O	8.32	C	-		
685	89	O	8.32	T	-		
685	90	O	8.32	T	-		
685	91	O	8.32	C	-		
685	92	O	8.32	T	-		
685	93	O	8.32	G	-		
685	94	O	8.32	C	-		
685	95	O	8.32	C	-		
685	96	O	8.32	C	-		
685	97	O	8.32	G	-		
685	98	O	8.32	C	-		
685	99	O	8.32	C	-		
685	100	O	8.32	C	-		
685	101	O	8.32	A	-		
685	102	O	8.32	A	-		
685	103	O	8.32	G	-		
685	104	O	8.32	C	-		
685	105	O	8.32	A	-		
685	106	O	8.32	G	-		
685	107	O	8.32	G	-		
685	108	O	8.32	T	-		
685	109	O	8.32	C	-		
686	0	O	8.32	G	-		
686	1	O	8.32	G	-		
686	2	O	8.32	C	-		
686	3	O	8.32	T	-		
686	4	O	8.32	G	-		
686	5	O	8.32	C	-		
686	6	O	8.32	T	-		
686	7	O	8.32	C	-		
686	8	O	8.32	C	-		
686	9	O	8.32	T	-		
686	10	O	8.32	C	-		
686	11	O	8.32	T	-		
686	12	O	8.32	T	-		
686	13	O	8.32	G	-		
686	14	O	8.32	C	-		
686	15	O	8.32	A	-		
686	16	O	8.32	T	-		
686	17	O	8.32	C	-		
686	18	O	8.32	A	-		
686	19	O	8.32	T	-		
686	20	O	8.32	T	-		
686	21	O	8.32	T	-		
686	22	O	8.32	G	-		
686	23	O	8.32	C	-		
686	24	O	8.32	T	-		
686	25	O	8.32	T	-		
686	26	O	8.32	A	-		
686	27	O	8.32	T	-		
686	28	O	8.32	C	-		
686	29	O	8.32	A	-		
686	30	O	8.32	G	-		
686	31	O	8.32	A	-		
686	32	O	8.32	T	-		
686	33	O	8.32	A	-		
686	34	O	8.32	C	-		
686	35	O	8.32	A	-		
686	36	O	8.32	A	-		
686	37	O	8.32	G	-		
686	38	O	8.32	A	-		
686	39	O	8.32	T	-		
686	40	O	8.32	C	-		
686	41	O	8.32	C	-		
686	42	O	8.32	C	-		
686	43	O	8.32	A	-		
686	44	O	8.32	T	-		
686	45	O	8.32	T	-		
686	46	O	8.32	G	-		
686	47	O	8.32	G	-		
686	48	O	8.32	C	-		
686	49	U	0.71	C	G		
686	50	O	8.32	G	-		
686	51	O	8.32	G	-		
686	52	O	8.32	G	-		
686	53	O	8.32	T	-		
686	54	O	8.32	G	-		
686	55	O	8.32	C	-		
686	56	O	8.32	A	-		
686	57	O	8.32	G	-		
686	58	O	8.32	C	-		
686	59	O	8.32	T	-		
686	60	O	8.32	A	-		
686	61	O	8.32	A	-		
686	62	O	8.32	G	-		
686	63	O	8.32	C	-		
686	64	O	8.32	C	-		
686	65	O	8.32	A	-		
686	66	O	8.32	G	-		
686	67	O	8.32	T	-		
686	68	O	8.32	G	-		
686	69	O	8.32	T	-		
686	70	O	8.32	C	-		
686	71	O	8.32	T	-		
686	72	O	8.32	G	-		
686	73	O	8.32	A	-		
686	74	O	8.32	C	-		
686	75	O	8.32	T	-		
686	76	O	8.32	C	-		
686	77	O	8.32	C	-		
686	78	O	8.32	T	-		
686	79	O	8.32	T	-		
686	80	O	8.32	G	-		
686	81	O	8.32	A	-		
686	82	O	8.32	T	-		
686	83	O	8.32	A	-		
686	84	O	8.32	C	-		
686	85	O	8.32	C	-		
686	86	O	8.32	T	-		
686	87	O	8.32	A	-		
686	88	O	8.32	T	-		
686	89	O	8.32	G	-		
686	90	O	8.32	G	-		
686	91	O	8.32	T	-		
686	92	O	8.32	A	-		
686	93	O	8.32	A	-		
686	94	O	8.32	G	-		
686	95	O	8.32	A	-		
686	96	O	8.32	T	-		
686	97	O	8.32	A	-		
686	98	O	8.32	T	-		
686	99	O	8.32	G	-		
686	100	O	8.32	G	-		
686	101	O	8.32	A	-		
686	102	O	8.32	C	-		
686	103	O	8.32	C	-		
686	104	O	8.32	A	-		
686	105	O	8.32	A	-		
686	106	O	8.32	C	-		
686	107	O	8.32	A	-		
686	108	O	8.32	C	-		
686	109	O	8.32	T	-		
687	0	O	5.55	C	-		
687	1	O	5.55	G	-		
687	2	O	5.55	C	-		
687	3	O	5.55	C	-		
687	4	O	5.55	G	-		
687	5	O	5.55	G	-		
687	6	O	5.55	C	-		
687	7	O	5.55	A	-		
687	8	O	5.55	A	-		
687	9	O	5.55	T	-		
687	10	O	5.55	G	-		
687	11	O	5.55	G	-		
687	12	O	5.55	C	-		
687	13	O	5.55	C	-		
687	14	O	5.55	A	-		
687	15	O	5.55	G	-		
687	16	O	5.55	G	-		
687	17	O	5.55	G	-		
687	18	O	5.55	C	-		
687	19	O	5.55	A	-		
687	20	O	5.55	A	-		
687	21	O	5.55	T	-		
687	22	O	5.55	G	-		
687	23	O	5.55	A	-		
687	24	O	5.55	C	-		
687	25	O	5.55	T	-		
687	26	O	5.55	G	-		
687	27	O	5.55	A	-		
687	28	O	5.55	G	-		
687	29	O	5.55	A	-		
687	30	O	5.55	G	-		
687	31	O	5.55	G	-		
687	32	O	5.55	C	-		
687	33	O	5.55	G	-		
687	34	O	5.55	G	-		
687	35	O	5.55	T	-		
687	36	O	5.55	T	-		
687	37	O	5.55	C	-		
687	38	O	5.55	A	-		
687	39	O	5.55	T	-		
687	40	O	5.55	G	-		
687	41	O	5.55	T	-		
687	42	O	5.55	T	-		
687	43	O	5.55	G	-		
687	44	O	5.55	T	-		
687	45	O	5.55	G	-		
687	46	O	5.55	A	-		
687	47	O	5.55	T	-		
687	48	O	5.55	T	-		
687	49	O	5.55	G	-		
687	50	O	5.55	C	-		
687	51	O	5.55	T	-		
687	52	O	5.55	G	-		
687	53	O	5.55	T	-		
687	54	O	5.55	C	-		
687	55	O	5.55	G	-		
687	56	O	5.55	A	-		
687	57	O	5.55	C	-		
687	58	O	5.55	A	-		
687	59	O	5.55	G	-		
687	60	O	5.55	G	-		
687	61	O	5.55	A	-		
687	62	O	5.55	T	-		
687	63	O	5.55	G	-		
687	64	O	5.55	G	-		
687	65	O	5.55	T	-		
687	66	O	5.55	G	-		
687	67	O	5.55	G	-		
687	68	O	5.55	T	-		
687	69	O	5.55	G	-		
687	70	O	5.55	G	-		
687	71	O	5.55	T	-		
687	72	O	5.55	G	-		
687	73	O	5.55	C	-		
687	74	O	5.55	T	-		
687	75	O	5.55	C	-		
687	76	O	5.55	A	-		
687	77	O	5.55	A	-		
687	78	O	5.55	G	-		
687	79	O	5.55	G	-		
687	80	O	5.55	C	-		
687	81	O	5.55	T	-		
687	82	O	5.55	G	-		
687	83	O	5.55	T	-		
687	84	O	5.55	A	-		
687	85	O	5.55	T	-		
687	86	O	5.55	C	-		
687	87	O	5.55	G	-		
687	88	O	5.55	A	-		
687	89	O	5.55	T	-		
687	90	O	5.55	G	-		
687	91	O	5.55	G	-		
687	92	O	5.55	A	-		
687	93	O	5.55	A	-		
687	94	O	5.55	G	-		
687	95	O	5.55	G	-		
687	96	O	5.55	T	-		
687	97	O	5.55	G	-		
687	98	O	5.55	T	-		
687	99	O	5.55	C	-		
687	100	O	5.55	A	-		
687	101	O	5.55	G	-		
687	102	O	5.55	G	-		
687	103	O	5.55	T	-		
687	104	O	5.55	A	-		
687	105	O	5.55	A	-		
687	106	O	5.55	T	-		
687	107	O	5.55	G	-		
687	108	O	5.55	A	-		
687	109	O	5.55	G	-		
688	0	O	15.25	A	-		
688	1	O	15.25	G	-		
688	2	O	15.25	A	-		
688	3	O	15.25	G	-		
688	4	O	15.25	C	-		
688	5	O	15.25	A	-		
688	6	O	15.25	G	-		
688	7	O	15.25	A	-		
688	8	O	15.25	T	-		
688	9	O	15.25	A	-		
688	10	O	15.25	C	-		
688	11	O	15.25	G	-		
688	12	O	15.25	T	-		
688	13	O	15.25	G	-		
688	14	O	15.25	G	-		
688	15	O	15.25	A	-		
688	16	O	15.25	G	-		
688	17	O	15.25	C	-		
688	18	O	15.25	G	-		
688	19	O	15.25	G	-		
688	20	O	15.25	C	-		
688	21	O	15.25	T	-		
688	22	O	15.25	A	-		
688	23	O	15.25	A	-		
688	24	O	15.25	A	-		
688	25	O	15.25	A	-		
688	26	O	15.25	C	-		
688	27	O	15.25	G	-		
688	28	O	15.25	G	-		
688	29	O	15.25	A	-		
688	30	O	15.25	C	-		
688	31	O	15.25	C	-		
688	32	O	15.25	T	-		
688	33	O	15.25	G	-		
688	34	O	15.25	G	-		
688	35	O	15.25	G	-		
688	36	O	15.25	A	-		
688	37	O	15.25	T	-		
688	38	O	15.25	G	-		
688	39	O	15.25	G	-		
688	40	O	15.25	A	-		
688	41	O	15.25	C	-		
688	42	O	15.25	A	-		
688	43	O	15.25	C	-		
688	44	O	15.25	T	-		
688	45	O	15.25	T	-		
688	46	O	15.25	G	-		
688	47	O	15.25	G	-		
688	48	O	15.25	C	-		
688	49	O	15.25	G	-		
688	50	O	15.25	G	-		
688	51	O	15.25	A	-		
688	52	O	15.25	G	-		
688	53	O	15.25	C	-		
688	54	O	15.25	T	-		
688	55	O	15.25	G	-		
688	56	O	15.25	G	-		
688	57	O	15.25	A	-		
688	58	O	15.25	G	-		
688	59	O	15.25	G	-		
688	60	O	15.25	C	-		
688	61	O	15.25	G	-		
688	62	O	15.25	A	-		
688	63	O	15.25	G	-		
688	64	O	15.25	A	-		
688	65	O	15.25	C	-		
688	66	O	15.25	G	-		
688	67	O	15.25	G	-		
688	68	O	15.25	G	-		
688	69	O	15.25	A	-		
688	70	O	15.25	C	-		
688	71	O	15.25	G	-		
688	72	O	15.25	C	-		
688	73	O	15.25	A	-		
688	74	O	15.25	C	-		
688	75	O	15.25	G	-		
688	76	O	15.25	A	-		
688	77	O	15.25	G	-		
688	78	O	15.25	A	-		
688	79	O	15.25	G	-		
688	80	O	15.25	G	-		
688	81	O	15.25	A	-		
688	82	O	15.25	G	-		
688	83	O	15.25	C	-		
688	84	O	15.25	A	-		
688	85	O	15.25	T	-		
688	86	O	15.25	A	-		
688	87	O	15.25	A	-		
688	88	O	15.25	G	-		
688	89	O	15.25	A	-		
688	90	O	15.25	T	-		
688	91	O	15.25	T	-		
688	92	O	15.25	T	-		
688	93	O	15.25	C	-		
688	94	O	15.25	G	-		
688	95	O	15.25	A	-		
688	96	O	15.25	G	-		
688	97	O	15.25	A	-		
688	98	O	15.25	A	-		
688	99	O	15.25	A	-		
688	100	O	15.25	G	-		
688	101	O	15.25	A	-		
688	102	O	15.25	G	-		
688	103	O	15.25	C	-		
688	104	O	15.25	T	-		
688	105	O	15.25	C	-		
688	106	O	15.25	G	-		
688	107	O	15.25	G	-		
688	108	O	15.25	T	-		
688	109	O	15.25	G	-		
689	0	O	13.86	C	-		
689	1	O	13.86	G	-		
689	2	O	13.86	T	-		
689	3	O	13.86	C	-		
689	4	O	13.86	C	-		
689	5	O	13.86	A	-		
689	6	O	13.86	T	-		
689	7	O	13.86	A	-		
689	8	O	13.86	C	-		
689	9	O	13.86	A	-		
689	10	O	13.86	T	-		
689	11	O	13.86	C	-		
689	12	O	13.86	A	-		
689	13	O	13.86	T	-		
689	14	O	13.86	T	-		
689	15	O	13.86	A	-		
689	16	O	13.86	C	-		
689	17	O	13.86	A	-		
689	18	O	13.86	T	-		
689	19	O	13.86	G	-		
689	20	O	13.86	C	-		
689	21	O	13.86	A	-		
689	22	O	13.86	G	-		
689	23	O	13.86	A	-		
689	24	O	13.86	G	-		
689	25	O	13.86	G	-		
689	26	O	13.86	T	-		
689	27	O	13.86	T	-		
689	28	O	13.86	G	-		
689	29	O	13.86	C	-		
689	30	O	13.86	G	-		
689	31	O	13.86	G	-		
689	32	O	13.86	T	-		
689	33	O	13.86	A	-		
689	34	O	13.86	A	-		
689	35	O	13.86	G	-		
689	36	O	13.86	C	-		
689	37	O	13.86	A	-		
689	38	O	13.86	T	-		
689	39	O	13.86	T	-		
689	40	O	13.86	T	-		
689	41	O	13.86	T	-		
689	42	O	13.86	T	-		
689	43	O	13.86	C	-		
689	44	O	13.86	G	-		
689	45	O	13.86	T	-		
689	46	O	13.86	G	-		
689	47	O	13.86	C	-		
689	48	O	13.86	A	-		
689	49	O	13.86	G	-		
689	50	O	13.86	C	-		
689	51	O	5.16	C	-		
689	52	O	13.86	C	-		
689	53	O	13.86	T	-		
689	54	O	13.86	C	-		
689	55	O	13.86	T	-		
689	56	O	13.86	C	-		
689	57	O	13.86	A	-		
689	58	O	13.86	T	-		
689	59	O	13.86	C	-		
689	60	O	13.86	A	-		
689	61	O	13.86	T	-		
689	62	O	13.86	C	-		
689	63	O	13.86	G	-		
689	64	O	13.86	G	-		
689	65	O	13.86	A	-		
689	66	O	13.86	T	-		
689	67	O	13.86	T	-		
689	68	O	13.86	C	-		
689	69	O	13.86	G	-		
689	70	O	13.86	C	-		
689	71	O	13.86	A	-		
689	72	O	13.86	A	-		
689	73	O	13.86	T	-		
689	74	O	13.86	C	-		
689	75	O	13.86	G	-		
689	76	O	13.86	C	-		
689	77	O	13.86	A	-		
689	78	O	13.86	A	-		
689	79	O	13.86	A	-		
689	80	O	13.86	C	-		
689	81	O	13.86	T	-		
689	82	O	13.86	C	-		
689	83	O	13.86	G	-		
689	84	O	13.86	T	-		
689	85	O	13.86	C	-		
689	86	O	13.86	A	-		
689	87	O	13.86	T	-		
689	88	O	13.86	T	-		
689	89	O	13.86	C	-		
689	90	O	13.86	T	-		
689	91	O	13.86	C	-		
689	92	O	13.86	A	-		
689	93	O	13.86	T	-		
689	94	O	13.86	C	-		
689	95	O	13.86	T	-		
689	96	O	13.86	T	-		
689	97	O	13.86	T	-		
689	98	O	13.86	A	-		
689	99	O	13.86	G	-		
689	100	O	13.86	G	-		
689	101	O	13.86	C	-		
689	102	O	13.86	G	-		
689	103	O	13.86	T	-		
689	104	O	13.86	T	-		
689	105	O	13.86	A	-		
689	106	O	13.86	C	-		
689	107	O	13.86	A	-		
689	108	U	-0.54	T	C		
689	109	O	13.86	C	-		
690	0	O	8.32	A	-		
690	1	O	8.32	T	-		
690	2	O	8.32	C	-		
690	3	O	8.32	T	-		
690	4	O	8.32	G	-		
690	5	O	8.32	G	-		
690	6	O	8.32	C	-		
690	7	O	8.32	A	-		
690	8	O	8.32	A	-		
690	9	O	8.32	A	-		
690	10	O	8.32	T	-		
690	11	O	8.32	A	-		
690	12	O	8.32	A	-		
690	13	O	8.32	G	-		
690	14	O	8.32	C	-		
690	15	O	8.32	G	-		
690	16	O	8.32	C	-		
690	17	O	8.32	T	-		
690	18	O	8.32	T	-		
690	19	O	8.32	G	-		
690	20	O	8.32	T	-		
690	21	O	8.32	C	-		
690	22	O	8.32	G	-		
690	23	O	8.32	T	-		
690	24	O	8.32	T	-		
690	25	O	8.32	G	-		
690	26	O	8.32	T	-		
690	27	O	8.32	T	-		
690	28	O	8.32	T	-		
690	29	O	8.32	G	-		
690	30	O	8.32	G	-		
690	31	O	8.32	G	-		
690	32	O	8.32	G	-		
690	33	O	8.32	A	-		
690	34	O	8.32	A	-		
690	35	O	8.32	A	-		
690	36	O	8.32	G	-		
690	37	O	8.32	C	-		
690	38	O	8.32	A	-		
690	39	O	8.32	G	-		
690	40	O	8.32	C	-		
690	41	O	8.32	A	-		
690	42	O	8.32	T	-		
690	43	O	8.32	A	-		
690	44	O	8.32	A	-		
690	45	O	8.32	T	-		
690	46	O	8.32	C	-		
690	47	O	8.32	G	-		
690	48	O	8.32	A	-		
690	49	O	8.32	G	-		
690	50	O	8.32	C	-		
690	51	O	8.32	A	-		
690	52	O	8.32	C	-		
690	53	O	8.32	A	-		
690	54	O	8.32	A	-		
690	55	O	8.32	A	-		
690	56	O	8.32	T	-		
690	57	O	8.32	A	-		
690	58	O	8.32	A	-		
690	59	O	8.32	C	-		
690	60	O	8.32	T	-		
690	61	O	8.32	C	-		
690	62	O	8.32	C	-		
690	63	O	8.32	T	-		
690	64	O	8.32	G	-		
690	65	O	8.32	A	-		
690	66	O	8.32	T	-		
690	67	O	8.32	T	-		
690	68	O	8.32	A	-		
690	69	O	8.32	A	-		
690	70	O	8.32	A	-		
690	71	O	8.32	T	-		
690	72	O	8.32	C	-		
690	73	O	8.32	T	-		
690	74	O	8.32	T	-		
690	75	O	8.32	C	-		
690	76	O	8.32	A	-		
690	77	O	8.32	T	-		
690	78	O	8.32	C	-		
690	79	O	8.32	G	-		
690	80	O	8.32	A	-		
690	81	O	8.32	G	-		
690	82	O	8.32	C	-		
690	83	O	8.32	A	-		
690	84	O	8.32	A	-		
690	85	O	8.32	C	-		
690	86	O	8.32	A	-		
690	87	O	8.32	A	-		
690	88	O	8.32	A	-		
690	89	O	8.32	G	-		
690	90	O	8.32	T	-		
690	91	O	8.32	G	-		
690	92	O	8.32	C	-		
690	93	O	8.32	A	-		
690	94	O	8.32	T	-		
690	95	O	8.32	G	-		
690	96	O	8.32	A	-		
690	97	O	8.32	T	-		
690	98	O	8.32	C	-		
690	99	O	8.32	G	-		
690	100	U	0.71	T	C		
690	101	O	8.32	G	-		
690	102	O	8.32	C	-		
690	103	O	8.32	A	-		
690	104	O	8.32	T	-		
690	105	O	8.32	T	-		
690	106	O	8.32	A	-		
690	107	O	8.32	C	-		
690	108	O	8.32	A	-		
690	109	O	8.32	G	-		
691	0	O	15.25	T	-		
691	1	O	15.25	G	-		
691	2	O	15.25	G	-		
691	3	O	15.25	T	-		
691	4	O	15.25	C	-		
691	5	O	15.25	G	-		
691	6	O	15.25	G	-		
691	7	O	15.25	A	-		
691	8	O	15.25	G	-		
691	9	O	15.25	T	-		
691	10	O	15.25	G	-		
691	11	O	15.25	A	-		
691	12	O	15.25	T	-		
691	13	O	15.25	G	-		
691	14	O	15.25	A	-		
691	15	O	15.25	G	-		
691	16	O	15.25	A	-		
691	17	O	15.25	G	-		
691	18	O	15.25	G	-		
691	19	O	15.25	G	-		
691	20	O	15.25	G	-		
691	21	O	15.25	A	-		
691	22	O	15.25	T	-		
691	23	O	15.25	G	-		
691	24	O	15.25	T	-		
691	25	O	15.25	T	-		
691	26	O	15.25	G	-		
691	27	O	15.25	A	-		
691	28	O	15.25	A	-		
691	29	O	15.25	T	-		
691	30	O	15.25	T	-		
691	31	O	15.25	T	-		
691	32	O	15.25	G	-		
691	33	O	15.25	A	-		
691	34	O	15.25	T	-		
691	35	O	15.25	A	-		
691	36	O	15.25	G	-		
691	37	O	15.25	G	-		
691	38	O	15.25	T	-		
691	39	O	15.25	T	-		
691	40	O	15.25	T	-		
691	41	O	15.25	A	-		
691	42	O	15.25	G	-		
691	43	O	15.25	C	-		
691	44	O	15.25	T	-		
691	45	O	15.25	T	-		
691	46	O	15.25	A	-		
691	47	O	15.25	A	-		
691	48	O	15.25	A	-		
691	49	O	15.25	C	-		
691	50	O	15.25	T	-		
691	51	O	15.25	A	-		
691	52	O	15.25	G	-		
691	53	O	15.25	A	-		
691	54	O	15.25	A	-		
691	55	O	15.25	G	-		
691	56	O	15.25	G	-		
691	57	O	15.25	T	-		
691	58	O	15.25	C	-		
691	59	O	15.25	T	-		
691	60	O	15.25	G	-		
691	61	O	15.25	T	-		
691	62	O	15.25	T	-		
691	63	O	15.25	A	-		
691	64	O	15.25	T	-		
691	65	O	15.25	T	-		
691	66	O	15.25	T	-		
691	67	O	15.25	C	-		
691	68	O	15.25	T	-		
691	69	O	15.25	T	-		
691	70	O	15.25	G	-		
691	71	O	15.25	G	-		
691	72	O	15.25	T	-		
691	73	O	15.25	T	-		
691	74	O	15.25	T	-		
691	75	O	15.25	C	-		
691	76	O	15.25	T	-		
691	77	O	15.25	C	-		
691	78	O	15.25	A	-		
691	79	O	15.25	T	-		
691	80	O	15.25	T	-		
691	81	O	15.25	A	-		
691	82	O	15.25	T	-		
691	83	O	15.25	T	-		
691	84	O	15.25	A	-		
691	85	O	15.25	C	-		
691	86	O	15.25	T	-		
691	87	O	15.25	T	-		
691	88	O	15.25	T	-		
691	89	O	15.25	T	-		
691	90	O	15.25	G	-		
691	91	O	15.25	C	-		
691	92	O	15.25	T	-		
691	93	O	15.25	G	-		
691	94	O	15.25	C	-		
691	95	O	15.25	T	-		
691	96	O	15.25	C	-		
691	97	O	15.25	A	-		
691	98	O	15.25	C	-		
691	99	O	15.25	T	-		
691	100	O	15.25	T	-		
691	101	O	15.25	T	-		
691	102	O	15.25	T	-		
691	103	O	15.25	C	-		
691	104	O	15.25	C	-		
691	105	O	15.25	C	-		
691	106	O	15.25	T	-		
691	107	O	15.25	T	-		
691	108	O	15.25	A	-		
691	109	O	15.25	C	-		
692	0	U	0.00	-	-		
692	1	U	0.00	-	-		
692	2	U	0.00	-	-		
692	3	U	0.00	-	-		
692	4	U	0.00	-	-		
692	5	O	13.86	G	-		
692	6	O	13.86	A	-		
692	7	O	13.86	A	-		
692	8	O	16.64	G	-		
692	9	O	16.64	T	-		
692	10	O	16.64	T	-		
692	11	O	16.64	A	-		
692	12	O	16.64	A	-		
692	13	O	16.64	G	-		
692	14	O	16.64	A	-		
692	15	O	16.64	A	-		
692	16	O	16.64	T	-		
692	17	O	16.64	A	-		
692	18	O	16.64	G	-		
692	19	O	16.64	A	-		
692	20	O	16.64	T	-		
692	21	O	16.64	T	-		
692	22	O	16.64	A	-		
692	23	O	16.64	G	-		
692	24	O	16.64	G	-		
692	25	O	16.64	C	-		
692	26	O	16.64	G	-		
692	27	O	16.64	T	-		
692	28	O	16.64	C	-		
692	29	O	16.64	A	-		
692	30	O	16.64	T	-		
692	31	O	16.64	T	-		
692	32	O	16.64	C	-		
692	33	O	16.64	G	-		
692	34	O	16.64	A	-		
692	35	O	16.64	A	-		
692	36	O	16.64	C	-		
692	37	O	16.64	A	-		
692	38	O	16.64	G	-		
692	39	O	16.64	A	-		
692	40	O	16.64	T	-		
692	41	O	16.64	T	-		
692	42	O	16.64	A	-		
692	43	O	16.64	T	-		
692	44	O	16.64	A	-		
692	45	O	16.64	G	-		
692	46	O	16.64	A	-		
692	47	O	16.64	T	-		
692	48	O	16.64	T	-		
692	49	O	16.64	G	-		
692	50	O	16.64	T	-		
692	51	O	16.64	A	-		
692	52	O	16.64	G	-		
692	53	O	16.64	T	-		
692	54	O	16.64	T	-		
692	55	O	16.64	T	-		
692	56	O	16.64	C	-		
692	57	O	16.64	C	-		
692	58	O	16.64	T	-		
692	59	O	16.64	C	-		
692	60	O	16.64	C	-		
692	61	O	16.64	C	-		
692	62	O	16.64	T	-		
692	63	O	16.64	C	-		
692	64	O	16.64	C	-		
692	65	O	16.64	T	-		
692	66	O	16.64	A	-		
692	67	O	16.64	G	-		
692	68	O	16.64	T	-		
692	69	O	16.64	A	-		
692	70	O	16.64	G	-		
692	71	O	16.64	C	-		
692	72	O	16.64	T	-		
692	73	O	16.64	A	-		
692	74	O	16.64	G	-		
692	75	O	16.64	G	-		
692	76	O	16.64	T	-		
692	77	O	16.64	A	-		
692	78	O	16.64	G	-		
692	79	O	16.64	C	-		
692	80	O	16.64	T	-		
692	81	O	16.64	A	-		
692	82	O	16.64	G	-		
692	83	O	16.64	G	-		
692	84	O	16.64	T	-		
692	85	O	16.64	A	-		
692	86	O	16.64	G	-		
692	87	O	16.64	C	-		
692	88	O	16.64	T	-		
692	89	O	16.64	C	-		
692	90	O	16.64	G	-		
692	91	O	16.64	G	-		
692	92	O	16.64	T	-		
692	93	O	16.64	A	-		
692	94	O	16.64	G	-		
692	95	O	16.64	T	-		
692	96	O	16.64	T	-		
692	97	O	16.64	T	-		
692	98	O	16.64	G	-		
692	99	O	16.64	T	-		
692	100	O	16.64	T	-		
692	101	O	16.64	G	-		
692	102	O	16.64	T	-		
692	103	O	16.64	T	-		
692	104	O	16.64	G	-		
692	105	O	16.64	T	-		
692	106	O	16.64	C	-		
692	107	O	16.64	A	-		
692	108	O	16.64	T	-		
692	109	O	16.64	T	-		
692	110	U	0.00	-	-		
692	111	U	0.00	-	-		
692	112	U	0.00	-	-		
692	113	U	0.00	-	-		
692	114	U	0.00	-	-		
692	115	U	2.77	C	-		
692	116	U	2.77	C	-		
692	117	U	2.77	T	-		
693	0	O	8.32	A	-		
693	1	O	8.32	G	-		
693	2	O	8.32	G	-		
693	3	O	8.32	A	-		
693	4	O	8.32	A	-		
693	5	O	8.32	T	-		
693	6	O	8.32	G	-		
693	7	O	8.32	G	-		
693	8	O	8.32	C	-		
693	9	O	8.32	C	-		
693	10	O	8.32	T	-		
693	11	O	8.32	G	-		
693	12	O	8.32	A	-		
693	13	O	8.32	A	-		
693	14	O	8.32	G	-		
693	15	O	8.32	T	-		
693	16	O	8.32	C	-		
693	17	O	8.32	G	-		
693	18	O	8.32	G	-		
693	19	O	8.32	A	-		
693	20	O	8.32	T	-		
693	21	O	8.32	A	-		
693	22	O	8.32	C	-		
693	23	O	8.32	G	-		
693	24	O	8.32	A	-		
693	25	O	8.32	T	-		
693	26	O	8.32	C	-		
693	27	O	8.32	T	-		
693	28	O	8.32	G	-		
693	29	O	8.32	A	-		
693	30	O	8.32	A	-		
693	31	O	8.32	G	-		
693	32	O	8.32	A	-		
693	33	O	8.32	C	-		
693	34	O	8.32	C	-		
693	35	O	8.32	A	-		
693	36	O	8.32	G	-		
693	37	O	8.32	T	-		
693	38	O	8.32	A	-		
693	39	O	8.32	G	-		
693	40	O	8.32	C	-		
693	41	O	8.32	A	-		
693	42	O	8.32	T	-		
693	43	O	8.32	A	-		
693	44	O	8.32	T	-		
693	45	O	8.32	T	-		
693	46	O	8.32	G	-		
693	47	O	8.32	T	-		
693	48	O	8.32	T	-		
693	49	O	8.32	A	-		
693	50	O	8.32	T	-		
693	51	O	8.32	C	-		
693	52	O	8.32	A	-		
693	53	O	8.32	G	-		
693	54	O	8.32	A	-		
693	55	O	8.32	G	-		
693	56	O	8.32	G	-		
693	57	O	8.32	A	-		
693	58	O	8.32	T	-		
693	59	O	8.32	C	-		
693	60	O	8.32	A	-		
693	61	O	8.32	T	-		
693	62	O	8.32	C	-		
693	63	O	8.32	A	-		
693	64	O	8.32	T	-		
693	65	O	8.32	T	-		
693	66	O	8.32	G	-		
693	67	O	8.32	G	-		
693	68	O	8.32	G	-		
693	69	O	8.32	A	-		
693	70	O	8.32	G	-		
693	71	O	8.32	C	-		
693	72	O	8.32	C	-		
693	73	O	8.32	A	-		
693	74	O	8.32	T	-		
693	75	O	8.32	T	-		
693	76	O	8.32	T	-		
693	77	O	8.32	A	-		
693	78	O	8.32	T	-		
693	79	O	8.32	T	-		
693	80	O	8.32	T	-		
693	81	O	8.32	C	-		
693	82	O	8.32	A	-		
693	83	O	8.32	A	-		
693	84	O	8.32	G	-		
693	85	O	8.32	A	-		
693	86	O	8.32	T	-		
693	87	O	8.32	T	-		
693	88	O	8.32	C	-		
693	89	O	8.32	A	-		
693	90	O	8.32	G	-		
693	91	O	8.32	A	-		
693	92	O	8.32	G	-		
693	93	O	8.32	T	-		
693	94	O	8.32	C	-		
693	95	O	8.32	G	-		
693	96	O	8.32	A	-		
693	97	O	8.32	A	-		
693	98	O	8.32	G	-		
693	99	O	8.32	A	-		
693	100	O	8.32	T	-		
693	101	O	8.32	C	-		
693	102	O	8.32	A	-		
693	103	O	8.32	G	-		
693	104	O	8.32	A	-		
693	105	O	8.32	A	-		
693	106	O	8.32	T	-		
693	107	O	8.32	A	-		
693	108	O	8.32	A	-		
693	109	O	8.32	C	-		
694	0	O	6.93	C	-		
694	1	O	6.93	A	-		
694	2	O	6.93	G	-		
694	3	O	6.93	G	-		
694	4	O	6.93	C	-		
694	5	O	6.93	T	-		
694	6	O	6.93	G	-		
694	7	O	6.93	A	-		
694	8	O	6.93	G	-		
694	9	O	6.93	T	-		
694	10	O	6.93	A	-		
694	11	O	6.93	C	-		
694	12	O	6.93	T	-		
694	13	O	6.93	T	-		
694	14	O	6.93	T	-		
694	15	O	6.93	C	-		
694	16	O	6.93	T	-		
694	17	O	6.93	A	-		
694	18	O	6.93	A	-		
694	19	O	6.93	A	-		
694	20	O	6.93	C	-		
694	21	O	6.93	C	-		
694	22	O	6.93	C	-		
694	23	O	6.93	G	-		
694	24	O	6.93	T	-		
694	25	O	6.93	G	-		
694	26	O	6.93	T	-		
694	27	O	6.93	T	-		
694	28	O	6.93	A	-		
694	29	O	6.93	C	-		
694	30	O	6.93	C	-		
694	31	O	6.93	A	-		
694	32	O	6.93	G	-		
694	33	O	6.93	A	-		
694	34	O	6.93	A	-		
694	35	O	6.93	T	-		
694	36	O	6.93	A	-		
694	37	O	6.93	C	-		
694	38	O	6.93	G	-		
694	39	O	6.93	T	-		
694	40	O	6.93	T	-		
694	41	O	6.93	C	-		
694	42	O	6.93	A	-		
694	43	O	6.93	C	-		
694	44	O	6.93	C	-		
694	45	O	6.93	C	-		
694	46	O	6.93	C	-		
694	47	O	6.93	A	-		
694	48	O	6.93	T	-		
694	49	O	6.93	C	-		
694	50	O	6.93	A	-		
694	51	O	6.93	T	-		
694	52	O	6.93	G	-		
694	53	O	6.93	A	-		
694	54	O	6.93	A	-		
694	55	O	6.93	T	-		
694	56	O	6.93	T	-		
694	57	O	6.93	A	-		
694	58	O	6.93	T	-		
694	59	O	6.93	A	-		
694	60	O	6.93	T	-		
694	61	O	6.93	T	-		
694	62	O	6.93	T	-		
694	63	O	6.93	T	-		
694	64	O	6.93	G	-		
694	65	O	6.93	G	-		
694	66	O	6.93	A	-		
694	67	O	6.93	A	-		
694	68	O	6.93	T	-		
694	69	O	6.93	G	-		
694	70	O	6.93	C	-		
694	71	O	6.93	A	-		
694	72	O	6.93	C	-		
694	73	O	6.93	G	-		
694	74	O	6.93	T	-		
694	75	O	6.93	T	-		
694	76	O	6.93	C	-		
694	77	O	6.93	C	-		
694	78	O	6.93	G	-		
694	79	O	6.93	A	-		
694	80	O	6.93	A	-		
694	81	O	6.93	A	-		
694	82	O	6.93	T	-		
694	83	O	6.93	A	-		
694	84	O	6.93	T	-		
694	85	O	6.93	G	-		
694	86	O	6.93	G	-		
694	87	O	6.93	T	-		
694	88	O	6.93	A	-		
694	89	O	6.93	T	-		
694	90	O	6.93	A	-		
694	91	O	6.93	T	-		
694	92	O	6.93	T	-		
694	93	O	6.93	T	-		
694	94	O	6.93	T	-		
694	95	O	6.93	C	-		
694	96	O	6.93	G	-		
694	97	O	6.93	T	-		
694	98	O	6.93	T	-		
694	99	O	6.93	C	-		
694	100	O	6.93	C	-		
694	101	O	6.93	A	-		
694	102	O	6.93	A	-		
694	103	O	6.93	A	-		
694	104	O	6.93	A	-		
694	105	O	6.93	C	-		
694	106	O	6.93	G	-		
694	107	O	6.93	G	-		
694	108	O	6.93	T	-		
694	109	O	6.93	G	-		
695	0	O	11.09	G	-		
695	1	O	11.09	T	-		
695	2	O	11.09	C	-		
695	3	O	11.09	G	-		
695	4	O	11.09	G	-		
695	5	O	11.09	A	-		
695	6	O	11.09	G	-		
695	7	O	11.09	C	-		
695	8	O	11.09	G	-		
695	9	O	11.09	G	-		
695	10	O	11.09	A	-		
695	11	O	11.09	G	-		
695	12	O	11.09	T	-		
695	13	O	11.09	G	-		
695	14	O	11.09	G	-		
695	15	O	11.09	C	-		
695	16	O	11.09	A	-		
695	17	O	11.09	A	-		
695	18	O	11.09	C	-		
695	19	O	11.09	C	-		
695	20	O	11.09	G	-		
695	21	O	11.09	A	-		
695	22	O	11.09	C	-		
695	23	O	11.09	C	-		
695	24	O	11.09	A	-		
695	25	O	11.09	A	-		
695	26	O	11.09	A	-		
695	27	O	11.09	T	-		
695	28	O	11.09	T	-		
695	29	O	11.09	G	-		
695	30	O	11.09	T	-		
695	31	O	11.09	C	-		
695	32	O	11.09	A	-		
695	33	O	11.09	G	-		
695	34	O	11.09	C	-		
695	35	O	11.09	C	-		
695	36	O	11.09	A	-		
695	37	O	11.09	C	-		
695	38	O	11.09	T	-		
695	39	O	11.09	A	-		
695	40	O	11.09	C	-		
695	41	O	11.09	A	-		
695	42	O	11.09	T	-		
695	43	O	11.09	T	-		
695	44	O	11.09	C	-		
695	45	O	11.09	G	-		
695	46	O	11.09	C	-		
695	47	O	11.09	C	-		
695	48	O	11.09	G	-		
695	49	O	11.09	T	-		
695	50	O	11.09	A	-		
695	51	O	11.09	C	-		
695	52	O	11.09	G	-		
695	53	O	11.09	T	-		
695	54	O	11.09	G	-		
695	55	O	11.09	T	-		
695	56	O	11.09	C	-		
695	57	O	11.09	T	-		
695	58	O	11.09	C	-		
695	59	O	11.09	G	-		
695	60	O	11.09	C	-		
695	61	O	11.09	T	-		
695	62	O	11.09	G	-		
695	63	O	11.09	G	-		
695	64	O	11.09	A	-		
695	65	O	11.09	G	-		
695	66	O	11.09	C	-		
695	67	O	11.09	T	-		
695	68	O	11.09	T	-		
695	69	O	11.09	T	-		
695	70	O	11.09	C	-		
695	71	O	11.09	A	-		
695	72	O	11.09	C	-		
695	73	O	11.09	G	-		
695	74	O	11.09	C	-		
695	75	O	11.09	G	-		
695	76	O	11.09	A	-		
695	77	O	11.09	A	-		
695	78	O	11.09	A	-		
695	79	O	11.09	G	-		
695	80	O	11.09	C	-		
695	81	O	11.09	A	-		
695	82	O	11.09	G	-		
695	83	O	11.09	C	-		
695	84	O	11.09	A	-		
695	85	O	11.09	A	-		
695	86	O	11.09	T	-		
695	87	O	11.09	C	-		
695	88	O	11.09	T	-		
695	89	O	11.09	C	-		
695	90	O	11.09	A	-		
695	91	O	11.09	C	-		
695	92	O	11.09	C	-		
695	93	O	11.09	G	-		
695	94	O	11.09	T	-		
695	95	O	11.09	C	-		
695	96	O	11.09	C	-		
695	97	O	11.09	A	-		
695	98	O	11.09	T	-		
695	99	O	11.09	C	-		
695	100	O	11.09	C	-		
695	101	O	11.09	T	-		
695	102	O	11.09	C	-		
695	103	O	11.09	A	-		
695	104	O	11.09	C	-		
695	105	O	11.09	G	-		
695	106	O	11.09	T	-		
695	107	O	11.09	G	-		
695	108	O	11.09	A	-		
695	109	O	11.09	A	-		
696	0	O	8.32	T	-		
696	1	O	8.32	T	-		
696	2	U	-3.71	T	C		
696	3	O	8.32	G	-		
696	4	O	8.32	A	-		
696	5	O	8.32	C	-		
696	6	O	8.32	C	-		
696	7	O	8.32	A	-		
696	8	O	8.32	T	-		
696	9	O	8.32	G	-		
696	10	O	8.32	T	-		
696	11	O	8.32	C	-		
696	12	O	8.32	A	-		
696	13	O	8.32	G	-		
696	14	O	8.32	G	-		
696	15	O	8.32	T	-		
696	16	O	8.32	G	-		
696	17	O	8.32	C	-		
696	18	O	8.32	A	-		
696	19	O	8.32	A	-		
696	20	O	8.32	T	-		
696	21	O	8.32	T	-		
696	22	O	8.32	T	-		
696	23	O	8.32	A	-		
696	24	O	8.32	T	-		
696	25	O	8.32	T	-		
696	26	O	8.32	A	-		
696	27	O	8.32	C	-		
696	28	O	8.32	T	-		
696	29	O	8.32	A	-		
696	30	O	8.32	C	-		
696	31	O	8.32	C	-		
696	32	O	8.32	G	-		
696	33	O	8.32	T	-		
696	34	O	8.32	T	-		
696	35	O	8.32	C	-		
696	36	O	8.32	T	-		
696	37	O	8.32	T	-		
696	38	O	8.32	T	-		
696	39	O	8.32	T	-		
696	40	O	8.32	T	-		
696	41	O	8.32	G	-		
696	42	O	8.32	G	-		
696	43	O	8.32	A	-		
696	44	O	8.32	C	-		
696	45	O	8.32	T	-		
696	46	O	8.32	G	-		
696	47	O	8.32	T	-		
696	48	O	8.32	T	-		
696	49	O	8.32	G	-		
696	50	O	8.32	T	-		
696	51	O	8.32	C	-		
696	52	O	8.32	C	-		
696	53	O	8.32	T	-		
696	54	O	8.32	C	-		
696	55	O	8.32	T	-		
696	56	O	8.32	T	-		
696	57	O	8.32	C	-		
696	58	O	8.32	G	-		
696	59	O	8.32	T	-		
696	60	O	8.32	T	-		
696	61	O	8.32	C	-		
696	62	O	8.32	C	-		
696	63	O	8.32	C	-		
696	64	O	8.32	G	-		
696	65	O	8.32	C	-		
696	66	O	8.32	T	-		
696	67	O	8.32	T	-		
696	68	O	8.32	T	-		
696	69	O	8.32	T	-		
696	70	O	8.32	G	-		
696	71	O	8.32	C	-		
696	72	O	8.32	A	-		
696	73	O	8.32	G	-		
696	74	O	8.32	C	-		
696	75	O	8.32	C	-		
696	76	O	8.32	T	-		
696	77	O	8.32	G	-		
696	78	O	8.32	G	-		
696	79	O	8.32	A	-		
696	80	O	8.32	A	-		
696	81	O	8.32	G	-		
696	82	O	8.32	G	-		
696	83	O	8.32	G	-		
696	84	O	8.32	A	-		
696	85	U	-3.71	C	T		
696	86	O	8.32	G	-		
696	87	O	8.32	T	-		
696	88	O	8.32	T	-		
696	89	O	8.32	G	-		
696	90	O	8.32	A	-		
696	91	O	8.32	G	-		
696	92	O	8.32	G	-		
696	93	O	8.32	A	-		
696	94	O	8.32	G	-		
696	95	O	8.32	A	-		
696	96	O	8.32	C	-		
696	97	O	8.32	A	-		
696	98	O	8.32	C	-		
696	99	O	8.32	C	-		
696	100	O	8.32	A	-		
696	101	O	8.32	C	-		
696	102	O	8.32	A	-		
696	103	O	8.32	G	-		
696	104	O	8.32	C	-		
696	105	O	8.32	C	-		
696	106	O	8.32	A	-		
696	107	O	8.32	T	-		
696	108	O	8.32	A	-		
696	109	O	8.32	C	-		
697	0	O	6.93	T	-		
697	1	O	6.93	G	-		
697	2	O	6.93	T	-		
697	3	O	6.93	C	-		
697	4	O	6.93	G	-		
697	5	O	6.93	T	-		
697	6	O	6.93	T	-		
697	7	O	6.93	G	-		
697	8	O	6.93	A	-		
697	9	O	6.93	C	-		
697	10	O	6.93	C	-		
697	11	O	6.93	C	-		
697	12	O	6.93	C	-		
697	13	O	6.93	C	-		
697	14	O	6.93	A	-		
697	15	O	6.93	G	-		
697	16	O	6.93	A	-		
697	17	O	6.93	G	-		
697	18	O	6.93	G	-		
697	19	O	6.93	C	-		
697	20	O	6.93	A	-		
697	21	O	6.93	A	-		
697	22	O	6.93	A	-		
697	23	O	6.93	C	-		
697	24	O	6.93	T	-		
697	25	O	6.93	C	-		
697	26	O	6.93	A	-		
697	27	O	6.93	T	-		
697	28	O	6.93	G	-		
697	29	O	6.93	G	-		
697	30	O	6.93	A	-		
697	31	O	6.93	C	-		
697	32	O	6.93	A	-		
697	33	O	6.93	C	-		
697	34	O	6.93	A	-		
697	35	O	6.93	A	-		
697	36	O	6.93	T	-		
697	37	O	6.93	T	-		
697	38	O	6.93	C	-		
697	39	O	6.93	C	-		
697	40	O	6.93	C	-		
697	41	O	6.93	A	-		
697	42	O	6.93	A	-		
697	43	O	6.93	T	-		
697	44	O	6.93	T	-		
697	45	O	6.93	T	-		
697	46	O	6.93	C	-		
697	47	O	6.93	A	-		
697	48	O	6.93	G	-		
697	49	O	6.93	T	-		
697	50	O	6.93	C	-		
697	51	O	6.93	C	-		
697	52	O	6.93	A	-		
697	53	O	6.93	G	-		
697	54	O	6.93	C	-		
697	55	O	6.93	T	-		
697	56	O	6.93	C	-		
697	57	O	6.93	A	-		
697	58	O	6.93	A	-		
697	59	O	6.93	A	-		
697	60	O	6.93	C	-		
697	61	O	6.93	C	-		
697	62	O	6.93	A	-		
697	63	O	6.93	G	-		
697	64	O	6.93	G	-		
697	65	O	6.93	C	-		
697	66	O	6.93	T	-		
697	67	O	6.93	C	-		
697	68	O	6.93	T	-		
697	69	O	6.93	T	-		
697	70	O	6.93	T	-		
697	71	O	6.93	T	-		
697	72	O	6.93	T	-		
697	73	O	6.93	G	-		
697	74	O	6.93	A	-		
697	75	O	6.93	A	-		
697	76	O	6.93	C	-		
697	77	O	6.93	T	-		
697	78	O	6.93	C	-		
697	79	O	6.93	C	-		
697	80	O	6.93	C	-		
697	81	U	-0.27	A	C		
697	82	O	6.93	G	-		
697	83	O	6.93	C	-		
697	84	O	6.93	C	-		
697	85	O	6.93	C	-		
697	86	O	6.93	T	-		
697	87	O	6.93	T	-		
697	88	O	6.93	T	-		
697	89	O	6.93	C	-		
697	90	O	6.93	A	-		
697	91	O	6.93	T	-		
697	92	O	6.93	C	-		
697	93	O	6.93	T	-		
697	94	O	6.93	C	-		
697	95	O	6.93	T	-		
697	96	O	6.93	C	-		
697	97	O	6.93	T	-		
697	98	O	6.93	C	-		
697	99	O	6.93	C	-		
697	100	O	6.93	T	-		
697	101	O	6.93	T	-		
697	102	O	6.93	A	-		
697	103	O	6.93	T	-		
697	104	O	6.93	G	-		
697	105	O	6.93	A	-		
697	106	O	6.93	G	-		
697	107	O	6.93	T	-		
697	108	O	6.93	C	-		
697	109	O	6.93	C	-		
698	0	O	30.50	A	-		
698	1	O	30.50	A	-		
698	2	O	30.50	G	-		
698	3	O	30.50	C	-		
698	4	O	30.50	G	-		
698	5	O	30.50	A	-		
698	6	O	30.50	A	-		
698	7	O	30.50	A	-		
698	8	O	30.50	G	-		
698	9	O	30.50	A	-		
698	10	O	30.50	T	-		
698	11	O	30.50	T	-		
698	12	O	30.50	A	-		
698	13	O	30.50	C	-		
698	14	O	30.50	T	-		
698	15	O	30.50	G	-		
698	16	O	30.50	T	-		
698	17	O	30.50	G	-		
698	18	O	30.50	T	-		
698	19	O	30.50	T	-		
698	20	O	30.50	G	-		
698	21	O	30.50	G	-		
698	22	O	30.50	T	-		
698	23	O	30.50	G	-		
698	24	O	30.50	T	-		
698	25	O	30.50	T	-		
698	26	O	30.50	G	-		
698	27	O	30.50	G	-		
698	28	O	30.50	T	-		
698	29	O	30.50	A	-		
698	30	O	30.50	G	-		
698	31	O	30.50	A	-		
698	32	O	30.50	C	-		
698	33	O	30.50	T	-		
698	34	O	30.50	T	-		
698	35	O	30.50	G	-		
698	36	O	30.50	A	-		
698	37	O	30.50	T	-		
698	38	O	30.50	G	-		
698	39	O	30.50	G	-		
698	40	O	30.50	G	-		
698	41	O	30.50	T	-		
698	42	O	30.50	T	-		
698	43	O	30.50	T	-		
698	44	O	30.50	G	-		
698	45	O	30.50	C	-		
698	46	O	30.50	T	-		
698	47	O	30.50	T	-		
698	48	O	30.50	T	-		
698	49	O	30.50	G	-		
698	50	O	30.50	C	-		
698	51	O	30.50	A	-		
698	52	O	30.50	C	-		
698	53	O	30.50	C	-		
698	54	O	30.50	A	-		
698	55	O	30.50	T	-		
698	56	O	30.50	T	-		
698	57	O	30.50	G	-		
698	58	O	30.50	C	-		
698	59	O	30.50	C	-		
698	60	O	30.50	A	-		
698	61	O	30.50	T	-		
698	62	O	30.50	T	-		
698	63	O	30.50	G	-		
698	64	O	30.50	C	-		
698	65	O	30.50	C	-		
698	66	O	30.50	A	-		
698	67	O	30.50	T	-		
698	68	O	30.50	T	-		
698	69	O	30.50	G	-		
698	70	O	30.50	C	-		
698	71	O	30.50	C	-		
698	72	O	30.50	G	-		
698	73	O	30.50	T	-		
698	74	O	30.50	T	-		
698	75	O	30.50	G	-		
698	76	O	30.50	C	-		
698	77	O	30.50	T	-		
698	78	O	30.50	G	-		
698	79	O	20.17	T	-		
698	80	O	30.50	T	-		
698	81	O	30.50	G	-		
698	82	O	30.50	G	-		
698	83	O	30.50	T	-		
698	84	O	30.50	C	-		
698	85	O	30.50	G	-		
698	86	O	30.50	T	-		
698	87	O	30.50	G	-		
698	88	O	30.50	G	-		
698	89	O	30.50	C	-		
698	90	O	30.50	G	-		
698	91	O	30.50	G	-		
698	92	O	30.50	G	-		
698	93	O	20.17	A	-		
698	94	O	30.50	T	-		
698	95	O	30.50	T	-		
698	96	O	30.50	G	-		
698	97	O	30.50	G	-		
698	98	O	30.50	T	-		
698	99	O	30.50	C	-		
698	100	O	30.50	T	-		
698	101	O	30.50	G	-		
698	102	O	30.50	A	-		
698	103	O	30.50	T	-		
698	104	O	30.50	T	-		
698	105	O	30.50	T	-		
698	106	O	30.50	G	-		
698	107	O	30.50	A	-		
698	108	O	30.50	A	-		
698	109	O	30.50	C	-		
699	0	O	30.50	T	-		
699	1	O	30.50	T	-		
699	2	O	30.50	C	-		
699	3	O	30.50	G	-		
699	4	O	30.50	C	-		
699	5	O	30.50	C	-		
699	6	O	30.50	G	-		
699	7	O	30.50	A	-		
699	8	O	30.50	C	-		
699	9	O	30.50	C	-		
699	10	O	30.50	A	-		
699	11	O	30.50	C	-		
699	12	O	30.50	C	-		
699	13	O	30.50	T	-		
699	14	O	30.50	A	-		
699	15	O	30.50	C	-		
699	16	O	30.50	A	-		
699	17	O	30.50	C	-		
699	18	O	30.50	C	-		
699	19	O	30.50	C	-		
699	20	O	30.50	T	-		
699	21	O	30.50	G	-		
699	22	O	30.50	C	-		
699	23	O	30.50	C	-		
699	24	O	30.50	T	-		
699	25	O	30.50	G	-		
699	26	O	30.50	A	-		
699	27	O	30.50	G	-		
699	28	O	30.50	G	-		
699	29	O	30.50	G	-		
699	30	O	30.50	A	-		
699	31	O	30.50	T	-		
699	32	O	30.50	T	-		
699	33	O	30.50	G	-		
699	34	O	30.50	G	-		
699	35	O	30.50	A	-		
699	36	O	30.50	A	-		
699	37	O	30.50	C	-		
699	38	O	30.50	C	-		
699	39	O	30.50	G	-		
699	40	O	30.50	G	-		
699	41	O	30.50	A	-		
699	42	O	30.50	T	-		
699	43	O	20.17	T	-		
699	44	O	30.50	C	-		
699	45	O	30.50	A	-		
699	46	O	30.50	G	-		
699	47	O	30.50	T	-		
699	48	O	30.50	G	-		
699	49	O	30.50	G	-		
699	50	O	30.50	A	-		
699	51	O	30.50	T	-		
699	52	O	30.50	G	-		
699	53	O	30.50	T	-		
699	54	O	20.17	A	-		
699	55	O	20.17	A	-		
699	56	O	30.50	T	-		
699	57	O	30.50	C	-		
699	58	O	30.50	A	-		
699	59	O	30.50	C	-		
699	60	O	30.50	T	-		
699	61	O	30.50	G	-		
699	62	O	30.50	T	-		
699	63	O	30.50	A	-		
699	64	O	30.50	A	-		
699	65	O	30.50	T	-		
699	66	O	30.50	C	-		
699	67	O	30.50	T	-		
699	68	O	30.50	A	-		
699	69	O	30.50	C	-		
699	70	O	30.50	G	-		
699	71	O	30.50	T	-		
699	72	O	30.50	T	-		
699	73	O	30.50	C	-		
699	74	O	30.50	T	-		
699	75	O	30.50	T	-		
699	76	O	30.50	T	-		
699	77	O	30.50	C	-		
699	78	O	30.50	C	-		
699	79	O	30.50	G	-		
699	80	O	30.50	C	-		
699	81	O	30.50	G	-		
699	82	O	30.50	T	-		
699	83	O	30.50	T	-		
699	84	O	30.50	A	-		
699	85	O	30.50	C	-		
699	86	O	30.50	A	-		
699	87	O	30.50	C	-		
699	88	O	30.50	C	-		
699	89	O	30.50	C	-		
699	90	O	30.50	C	-		
699	91	O	30.50	A	-		
699	92	O	30.50	A	-		
699	93	O	30.50	G	-		
699	94	O	30.50	G	-		
699	95	O	30.50	A	-		
699	96	O	30.50	G	-		
699	97	O	30.50	T	-		
699	98	O	20.17	T	-		
699	99	O	30.50	C	-		
699	100	O	30.50	G	-		
699	101	O	30.50	A	-		
699	102	O	12.70	T	-		
699	103	O	30.50	C	-		
699	104	O	30.50	A	-		
699	105	O	30.50	G	-		
699	106	O	30.50	G	-		
699	107	O	30.50	C	-		
699	108	O	30.50	A	-		
699	109	O	30.50	A	-		
700	0	O	8.32	T	-		
700	1	O	8.32	T	-		
700	2	O	8.32	T	-		
700	3	O	8.32	C	-		
700	4	O	8.32	G	-		
700	5	O	8.32	G	-		
700	6	O	8.32	C	-		
700	7	O	8.32	G	-		
700	8	O	8.32	T	-		
700	9	O	8.32	C	-		
700	10	O	8.32	G	-		
700	11	O	8.32	T	-		
700	12	O	8.32	T	-		
700	13	O	8.32	G	-		
700	14	O	8.32	A	-		
700	15	O	8.32	A	-		
700	16	O	8.32	G	-		
700	17	O	8.32	G	-		
700	18	O	8.32	G	-		
700	19	O	8.32	G	-		
700	20	O	8.32	A	-		
700	21	O	8.32	G	-		
700	22	O	8.32	G	-		
700	23	O	8.32	G	-		
700	24	O	8.32	A	-		
700	25	O	8.32	A	-		
700	26	O	8.32	G	-		
700	27	O	8.32	C	-		
700	28	O	8.32	G	-		
700	29	O	8.32	C	-		
700	30	O	8.32	A	-		
700	31	O	8.32	G	-		
700	32	O	8.32	G	-		
700	33	O	8.32	C	-		
700	34	U	0.71	C	A		
700	35	O	8.32	C	-		
700	36	O	8.32	G	-		
700	37	O	8.32	T	-		
700	38	O	8.32	C	-		
700	39	O	8.32	T	-		
700	40	O	8.32	G	-		
700	41	O	8.32	T	-		
700	42	O	8.32	C	-		
700	43	O	8.32	A	-		
700	44	O	8.32	G	-		
700	45	O	8.32	G	-		
700	46	O	8.32	G	-		
700	47	O	8.32	T	-		
700	48	O	8.32	G	-		
700	49	O	8.32	A	-		
700	50	O	8.32	C	-		
700	51	O	8.32	T	-		
700	52	O	8.32	G	-		
700	53	O	8.32	G	-		
700	54	O	8.32	T	-		
700	55	O	8.32	T	-		
700	56	O	8.32	T	-		
700	57	O	8.32	C	-		
700	58	O	8.32	C	-		
700	59	O	8.32	T	-		
700	60	O	8.32	C	-		
700	61	O	8.32	G	-		
700	62	O	8.32	C	-		
700	63	O	8.32	A	-		
700	64	O	8.32	G	-		
700	65	O	8.32	G	-		
700	66	O	8.32	A	-		
700	67	O	8.32	A	-		
700	68	O	8.32	C	-		
700	69	O	8.32	G	-		
700	70	O	8.32	T	-		
700	71	O	8.32	C	-		
700	72	O	8.32	T	-		
700	73	O	8.32	G	-		
700	74	O	8.32	C	-		
700	75	O	8.32	A	-		
700	76	O	8.32	G	-		
700	77	O	8.32	G	-		
700	78	O	8.32	C	-		
700	79	O	8.32	C	-		
700	80	O	8.32	C	-		
700	81	O	8.32	A	-		
700	82	O	8.32	G	-		
700	83	O	8.32	G	-		
700	84	O	8.32	A	-		
700	85	O	8.32	G	-		
700	86	O	8.32	G	-		
700	87	O	8.32	T	-		
700	88	O	8.32	G	-		
700	89	O	8.32	G	-		
700	90	O	8.32	C	-		
700	91	O	8.32	C	-		
700	92	O	8.32	G	-		
700	93	O	8.32	T	-		
700	94	O	8.32	G	-		
700	95	O	8.32	A	-		
700	96	O	8.32	G	-		
700	97	O	8.32	G	-		
700	98	O	8.32	C	-		
700	99	O	8.32	T	-		
700	100	O	8.32	G	-		
700	101	O	8.32	G	-		
700	102	O	8.32	T	-		
700	103	O	8.32	C	-		
700	104	O	8.32	G	-		
700	105	O	8.32	A	-		
700	106	O	8.32	G	-		
700	107	O	8.32	A	-		
700	108	O	8.32	A	-		
700	109	O	8.32	G	-		
701	0	O	5.55	C	-		
701	1	O	5.55	T	-		
701	2	O	5.55	G	-		
701	3	O	5.55	A	-		
701	4	O	5.55	G	-		
701	5	O	5.55	G	-		
701	6	O	5.55	G	-		
701	7	O	5.55	C	-		
701	8	O	5.55	G	-		
701	9	O	5.55	C	-		
701	10	O	5.55	A	-		
701	11	O	5.55	G	-		
701	12	O	5.55	T	-		
701	13	O	5.55	C	-		
701	14	O	5.55	G	-		
701	15	O	5.55	G	-		
701	16	O	5.55	T	-		
701	17	O	5.55	T	-		
701	18	O	5.55	C	-		
701	19	O	5.55	A	-		
701	20	O	5.55	C	-		
701	21	O	5.55	A	-		
701	22	O	5.55	C	-		
701	23	O	5.55	G	-		
701	24	O	5.55	A	-		
701	25	O	5.55	G	-		
701	26	O	5.55	T	-		
701	27	O	5.55	G	-		
701	28	O	5.55	C	-		
701	29	O	5.55	G	-		
701	30	O	5.55	G	-		
701	31	O	5.55	C	-		
701	32	O	5.55	G	-		
701	33	O	5.55	A	-		
701	34	O	5.55	C	-		
701	35	O	5.55	A	-		
701	36	O	5.55	C	-		
701	37	O	5.55	T	-		
701	38	O	5.55	T	-		
701	39	O	5.55	T	-		
701	40	O	5.55	C	-		
701	41	O	5.55	T	-		
701	42	O	5.55	C	-		
701	43	O	5.55	A	-		
701	44	O	5.55	G	-		
701	45	O	5.55	C	-		
701	46	O	5.55	G	-		
701	47	O	5.55	C	-		
701	48	O	5.55	C	-		
701	49	O	5.55	T	-		
701	50	O	5.55	G	-		
701	51	O	5.55	T	-		
701	52	O	5.55	G	-		
701	53	O	5.55	T	-		
701	54	O	5.55	G	-		
701	55	O	5.55	A	-		
701	56	O	5.55	G	-		
701	57	O	5.55	C	-		
701	58	O	5.55	G	-		
701	59	O	5.55	A	-		
701	60	O	5.55	A	-		
701	61	O	5.55	G	-		
701	62	O	5.55	C	-		
701	63	O	5.55	C	-		
701	64	O	5.55	C	-		
701	65	O	5.55	A	-		
701	66	O	5.55	C	-		
701	67	O	5.55	A	-		
701	68	O	5.55	G	-		
701	69	O	5.55	A	-		
701	70	O	5.55	T	-		
701	71	O	5.55	G	-		
701	72	O	5.55	G	-		
701	73	O	5.55	T	-		
701	74	O	5.55	C	-		
701	75	O	5.55	G	-		
701	76	O	5.55	G	-		
701	77	O	5.55	C	-		
701	78	O	5.55	G	-		
701	79	O	5.55	G	-		
701	80	O	5.55	C	-		
701	81	O	5.55	C	-		
701	82	O	5.55	T	-		
701	83	O	5.55	C	-		
701	84	O	5.55	G	-		
701	85	O	5.55	G	-		
701	86	O	5.55	C	-		
701	87	O	5.55	G	-		
701	88	O	5.55	G	-		
701	89	O	5.55	T	-		
701	90	O	5.55	C	-		
701	91	O	5.55	C	-		
701	92	O	5.55	C	-		
701	93	O	5.55	A	-		
701	94	O	5.55	G	-		
701	95	O	5.55	C	-		
701	96	O	5.55	A	-		
701	97	O	5.55	A	-		
701	98	O	5.55	A	-		
701	99	O	5.55	C	-		
701	100	O	5.55	A	-		
701	101	O	5.55	G	-		
701	102	O	5.55	G	-		
701	103	O	5.55	C	-		
701	104	O	5.55	G	-		
701	105	O	5.55	G	-		
701	106	O	5.55	A	-		
701	107	O	5.55	T	-		
701	108	O	5.55	G	-		
701	109	O	5.55	T	-		
702	0	O	22.18	C	-		
702	1	O	22.18	T	-		
702	2	O	22.18	G	-		
702	3	O	22.18	G	-		
702	4	O	22.18	T	-		
702	5	O	22.18	G	-		
702	6	O	22.18	A	-		
702	7	O	22.18	T	-		
702	8	O	22.18	G	-		
702	9	O	22.18	G	-		
702	10	O	22.18	T	-		
702	11	O	22.18	G	-		
702	12	O	22.18	G	-		
702	13	O	22.18	G	-		
702	14	O	22.18	C	-		
702	15	O	22.18	A	-		
702	16	O	22.18	A	-		
702	17	O	22.18	C	-		
702	18	O	22.18	T	-		
702	19	O	22.18	G	-		
702	20	O	22.18	T	-		
702	21	O	22.18	T	-		
702	22	O	22.18	G	-		
702	23	O	22.18	G	-		
702	24	O	22.18	T	-		
702	25	O	22.18	C	-		
702	26	O	22.18	G	-		
702	27	O	22.18	G	-		
702	28	O	22.18	C	-		
702	29	O	22.18	G	-		
702	30	O	22.18	C	-		
702	31	O	22.18	T	-		
702	32	O	22.18	T	-		
702	33	O	22.18	T	-		
702	34	O	22.18	G	-		
702	35	O	22.18	C	-		
702	36	O	22.18	G	-		
702	37	O	22.18	T	-		
702	38	O	22.18	C	-		
702	39	O	22.18	T	-		
702	40	O	22.18	G	-		
702	41	O	22.18	G	-		
702	42	O	22.18	C	-		
702	43	O	22.18	G	-		
702	44	O	22.18	G	-		
702	45	O	22.18	C	-		
702	46	O	22.18	C	-		
702	47	O	22.18	G	-		
702	48	O	22.18	C	-		
702	49	O	22.18	T	-		
702	50	O	22.18	C	-		
702	51	O	22.18	G	-		
702	52	O	22.18	C	-		
702	53	O	22.18	C	-		
702	54	O	22.18	T	-		
702	55	O	22.18	G	-		
702	56	O	22.18	C	-		
702	57	O	22.18	C	-		
702	58	O	22.18	A	-		
702	59	O	22.18	G	-		
702	60	O	22.18	C	-		
702	61	O	22.18	C	-		
702	62	O	22.18	C	-		
702	63	O	22.18	G	-		
702	64	O	22.18	A	-		
702	65	O	22.18	C	-		
702	66	O	22.18	T	-		
702	67	O	22.18	G	-		
702	68	O	22.18	C	-		
702	69	O	22.18	T	-		
702	70	O	22.18	T	-		
702	71	O	22.18	G	-		
702	72	O	22.18	A	-		
702	73	O	22.18	C	-		
702	74	O	22.18	A	-		
702	75	O	22.18	G	-		
702	76	O	22.18	A	-		
702	77	O	22.18	T	-		
702	78	O	22.18	T	-		
702	79	O	22.18	G	-		
702	80	O	22.18	G	-		
702	81	O	22.18	C	-		
702	82	O	22.18	T	-		
702	83	O	22.18	G	-		
702	84	O	22.18	G	-		
702	85	O	22.18	C	-		
702	86	O	22.18	C	-		
702	87	O	22.18	A	-		
702	88	O	22.18	G	-		
702	89	O	22.18	G	-		
702	90	O	12.50	C	-		
702	91	O	12.50	T	-		
702	92	O	22.18	G	-		
702	93	O	22.18	G	-		
702	94	O	22.18	G	-		
702	95	O	22.18	C	-		
702	96	O	22.18	A	-		
702	97	O	22.18	A	-		
702	98	O	22.18	C	-		
702	99	O	22.18	C	-		
702	100	O	12.50	T	-		
702	101	O	22.18	G	-		
702	102	O	22.18	T	-		
702	103	O	22.18	C	-		
702	104	O	22.18	C	-		
702	105	O	22.18	G	-		
702	106	O	22.18	C	-		
702	107	O	22.18	G	-		
702	108	O	22.18	C	-		
702	109	O	22.18	C	-		
703	0	O	11.09	A	-		
703	1	O	11.09	C	-		
703	2	O	11.09	G	-		
703	3	O	11.09	A	-		
703	4	O	11.09	C	-		
703	5	O	11.09	T	-		
703	6	O	11.09	A	-		
703	7	O	11.09	C	-		
703	8	O	11.09	G	-		
703	9	O	11.09	A	-		
703	10	O	11.09	A	-		
703	11	O	11.09	G	-		
703	12	O	11.09	A	-		
703	13	O	11.09	C	-		
703	14	O	11.09	G	-		
703	15	O	11.09	A	-		
703	16	O	11.09	C	-		
703	17	O	11.09	C	-		
703	18	O	11.09	T	-		
703	19	O	11.09	C	-		
703	20	O	11.09	A	-		
703	21	O	11.09	T	-		
703	22	O	11.09	C	-		
703	23	O	11.09	G	-		
703	24	O	11.09	G	-		
703	25	O	11.09	C	-		
703	26	O	11.09	G	-		
703	27	O	11.09	C	-		
703	28	O	11.09	T	-		
703	29	O	11.09	A	-		
703	30	O	11.09	T	-		
703	31	O	11.09	G	-		
703	32	O	11.09	C	-		
703	33	O	11.09	G	-		
703	34	O	11.09	C	-		
703	35	O	11.09	G	-		
703	36	O	11.09	G	-		
703	37	O	11.09	C	-		
703	38	O	11.09	T	-		
703	39	O	11.09	C	-		
703	40	O	11.09	G	-		
703	41	O	11.09	A	-		
703	42	O	11.09	A	-		
703	43	O	11.09	G	-		
703	44	O	11.09	C	-		
703	45	O	11.09	T	-		
703	46	O	11.09	G	-		
703	47	O	11.09	C	-		
703	48	O	11.09	T	-		
703	49	O	11.09	C	-		
703	50	O	11.09	A	-		
703	51	O	11.09	C	-		
703	52	O	11.09	C	-		
703	53	O	11.09	G	-		
703	54	O	11.09	C	-		
703	55	O	11.09	C	-		
703	56	O	11.09	G	-		
703	57	O	11.09	G	-		
703	58	O	11.09	C	-		
703	59	O	11.09	T	-		
703	60	O	11.09	C	-		
703	61	O	11.09	C	-		
703	62	O	11.09	A	-		
703	63	O	11.09	A	-		
703	64	O	11.09	C	-		
703	65	O	11.09	T	-		
703	66	O	11.09	C	-		
703	67	O	11.09	T	-		
703	68	O	11.09	C	-		
703	69	O	11.09	C	-		
703	70	O	11.09	C	-		
703	71	O	11.09	G	-		
703	72	O	11.09	C	-		
703	73	O	11.09	T	-		
703	74	O	11.09	T	-		
703	75	O	11.09	C	-		
703	76	O	11.09	T	-		
703	77	O	11.09	A	-		
703	78	O	11.09	C	-		
703	79	O	11.09	G	-		
703	80	O	11.09	C	-		
703	81	O	11.09	C	-		
703	82	O	11.09	T	-		
703	83	O	11.09	A	-		
703	84	O	11.09	G	-		
703	85	O	11.09	A	-		
703	86	O	11.09	C	-		
703	87	O	11.09	C	-		
703	88	O	11.09	T	-		
703	89	O	11.09	C	-		
703	90	O	11.09	G	-		
703	91	O	11.09	C	-		
703	92	O	11.09	C	-		
703	93	O	11.09	G	-		
703	94	O	11.09	T	-		
703	95	O	11.09	A	-		
703	96	O	11.09	G	-		
703	97	O	11.09	C	-		
703	98	O	11.09	A	-		
703	99	O	11.09	G	-		
703	100	O	11.09	G	-		
703	101	O	11.09	A	-		
703	102	O	11.09	T	-		
703	103	O	11.09	G	-		
703	104	O	11.09	A	-		
703	105	O	11.09	C	-		
703	106	O	11.09	T	-		
703	107	O	11.09	G	-		
703	108	O	11.09	C	-		
703	109	O	11.09	A	-		
704	0	O	11.09	C	-		
704	1	O	11.09	A	-		
704	2	O	11.09	T	-		
704	3	O	11.09	T	-		
704	4	O	11.09	T	-		
704	5	O	11.09	T	-		
704	6	O	11.09	C	-		
704	7	O	11.09	C	-		
704	8	O	11.09	A	-		
704	9	O	11.09	G	-		
704	10	O	11.09	C	-		
704	11	O	11.09	C	-		
704	12	O	11.09	A	-		
704	13	O	11.09	T	-		
704	14	O	11.09	T	-		
704	15	O	11.09	C	-		
704	16	O	11.09	C	-		
704	17	O	11.09	C	-		
704	18	O	11.09	T	-		
704	19	O	11.09	A	-		
704	20	O	11.09	T	-		
704	21	O	11.09	G	-		
704	22	O	11.09	G	-		
704	23	O	11.09	T	-		
704	24	O	11.09	C	-		
704	25	O	11.09	G	-		
704	26	O	11.09	C	-		
704	27	O	11.09	C	-		
704	28	O	11.09	C	-		
704	29	O	11.09	A	-		
704	30	O	11.09	A	-		
704	31	O	11.09	C	-		
704	32	O	11.09	C	-		
704	33	O	11.09	G	-		
704	34	O	11.09	G	-		
704	35	O	11.09	T	-		
704	36	O	11.09	C	-		
704	37	O	11.09	C	-		
704	38	O	11.09	T	-		
704	39	O	11.09	A	-		
704	40	O	11.09	C	-		
704	41	O	11.09	A	-		
704	42	O	11.09	G	-		
704	43	O	11.09	G	-		
704	44	O	11.09	G	-		
704	45	O	11.09	T	-		
704	46	O	11.09	T	-		
704	47	O	11.09	A	-		
704	48	O	11.09	G	-		
704	49	O	11.09	C	-		
704	50	O	11.09	T	-		
704	51	O	11.09	C	-		
704	52	O	11.09	C	-		
704	53	O	11.09	T	-		
704	54	O	11.09	C	-		
704	55	O	11.09	G	-		
704	56	O	11.09	C	-		
704	57	O	11.09	G	-		
704	58	O	11.09	C	-		
704	59	O	11.09	A	-		
704	60	O	11.09	G	-		
704	61	O	11.09	C	-		
704	62	O	11.09	A	-		
704	63	O	11.09	G	-		
704	64	O	11.09	C	-		
704	65	O	11.09	A	-		
704	66	O	11.09	A	-		
704	67	O	11.09	G	-		
704	68	O	11.09	A	-		
704	69	O	11.09	C	-		
704	70	O	11.09	G	-		
704	71	O	11.09	A	-		
704	72	O	11.09	T	-		
704	73	O	11.09	G	-		
704	74	O	11.09	T	-		
704	75	O	11.09	G	-		
704	76	U	2.86	T	C		
704	77	O	11.09	C	-		
704	78	O	11.09	T	-		
704	79	O	11.09	T	-		
704	80	O	11.09	T	-		
704	81	O	11.09	G	-		
704	82	O	11.09	A	-		
704	83	O	11.09	T	-		
704	84	O	11.09	A	-		
704	85	O	11.09	A	-		
704	86	O	11.09	A	-		
704	87	O	11.09	C	-		
704	88	O	11.09	T	-		
704	89	O	11.09	T	-		
704	90	O	11.09	C	-		
704	91	O	11.09	T	-		
704	92	O	11.09	C	-		
704	93	O	11.09	G	-		
704	94	O	11.09	T	-		
704	95	O	11.09	T	-		
704	96	O	11.09	C	-		
704	97	O	11.09	C	-		
704	98	O	11.09	T	-		
704	99	O	11.09	C	-		
704	100	O	11.09	T	-		
704	101	O	11.09	C	-		
704	102	O	11.09	C	-		
704	103	O	11.09	T	-		
704	104	O	11.09	T	-		
704	105	O	11.09	G	-		
704	106	O	11.09	C	-		
704	107	O	11.09	G	-		
704	108	O	11.09	G	-		
704	109	O	11.09	T	-		
705	0	O	6.93	A	-		
705	1	O	6.93	G	-		
705	2	O	6.93	A	-		
705	3	O	6.93	A	-		
705	4	O	6.93	C	-		
705	5	O	6.93	A	-		
705	6	O	6.93	C	-		
705	7	O	6.93	T	-		
705	8	O	6.93	G	-		
705	9	O	6.93	C	-		
705	10	O	6.93	G	-		
705	11	O	6.93	G	-		
705	12	O	6.93	C	-		
705	13	O	6.93	C	-		
705	14	O	6.93	A	-		
705	15	O	6.93	A	-		
705	16	O	6.93	T	-		
705	17	O	6.93	C	-		
705	18	O	6.93	C	-		
705	19	O	6.93	G	-		
705	20	O	6.93	C	-		
705	21	O	6.93	T	-		
705	22	O	6.93	C	-		
705	23	O	6.93	T	-		
705	24	O	6.93	T	-		
705	25	O	6.93	G	-		
705	26	O	6.93	C	-		
705	27	O	6.93	T	-		
705	28	O	6.93	A	-		
705	29	O	6.93	T	-		
705	30	O	6.93	G	-		
705	31	O	6.93	C	-		
705	32	O	6.93	C	-		
705	33	O	6.93	G	-		
705	34	O	6.93	C	-		
705	35	O	6.93	T	-		
705	36	O	6.93	T	-		
705	37	O	6.93	A	-		
705	38	O	6.93	C	-		
705	39	O	6.93	T	-		
705	40	O	6.93	A	-		
705	41	O	6.93	A	-		
705	42	O	6.93	A	-		
705	43	O	6.93	T	-		
705	44	O	6.93	C	-		
705	45	O	6.93	T	-		
705	46	O	6.93	T	-		
705	47	O	6.93	T	-		
705	48	O	6.93	T	-		
705	49	U	-0.27	T	G		
705	50	O	6.93	C	-		
705	51	O	6.93	G	-		
705	52	O	6.93	A	-		
705	53	O	6.93	C	-		
705	54	O	6.93	C	-		
705	55	O	6.93	C	-		
705	56	O	6.93	T	-		
705	57	O	6.93	T	-		
705	58	O	6.93	G	-		
705	59	O	6.93	T	-		
705	60	O	6.93	T	-		
705	61	O	6.93	T	-		
705	62	O	6.93	C	-		
705	63	O	6.93	C	-		
705	64	O	6.93	C	-		
705	65	O	6.93	T	-		
705	66	O	6.93	C	-		
705	67	O	6.93	G	-		
705	68	O	6.93	C	-		
705	69	O	6.93	C	-		
705	70	O	6.93	G	-		
705	71	O	6.93	T	-		
705	72	O	6.93	C	-		
705	73	O	6.93	G	-		
705	74	O	6.93	T	-		
705	75	O	6.93	C	-		
705	76	O	6.93	T	-		
705	77	O	6.93	T	-		
705	78	O	6.93	T	-		
705	79	O	6.93	T	-		
705	80	O	6.93	T	-		
705	81	O	6.93	C	-		
705	82	O	6.93	T	-		
705	83	O	6.93	T	-		
705	84	O	6.93	T	-		
705	85	O	6.93	C	-		
705	86	O	6.93	C	-		
705	87	O	6.93	G	-		
705	88	O	6.93	C	-		
705	89	O	6.93	A	-		
705	90	O	6.93	G	-		
705	91	O	6.93	C	-		
705	92	O	6.93	G	-		
705	93	O	6.93	T	-		
705	94	O	6.93	C	-		
705	95	O	6.93	T	-		
705	96	O	6.93	G	-		
705	97	O	6.93	T	-		
705	98	O	6.93	C	-		
705	99	O	6.93	G	-		
705	100	O	6.93	G	-		
705	101	O	6.93	C	-		
705	102	O	6.93	C	-		
705	103	O	6.93	C	-		
705	104	O	6.93	G	-		
705	105	O	6.93	A	-		
705	106	O	6.93	G	-		
705	107	O	6.93	T	-		
705	108	O	6.93	G	-		
705	109	O	6.93	G	-		
706	0	O	8.32	C	-		
706	1	O	8.32	T	-		
706	2	O	8.32	A	-		
706	3	O	8.32	A	-		
706	4	O	8.32	G	-		
706	5	O	8.32	T	-		
706	6	O	8.32	T	-		
706	7	O	8.32	T	-		
706	8	O	8.32	C	-		
706	9	O	8.32	G	-		
706	10	O	8.32	A	-		
706	11	O	8.32	C	-		
706	12	O	8.32	A	-		
706	13	O	8.32	A	-		
706	14	O	8.32	A	-		
706	15	O	8.32	A	-		
706	16	O	8.32	A	-		
706	17	O	8.32	G	-		
706	18	O	8.32	G	-		
706	19	O	8.32	G	-		
706	20	O	8.32	A	-		
706	21	O	8.32	A	-		
706	22	O	8.32	T	-		
706	23	O	8.32	T	-		
706	24	O	8.32	C	-		
706	25	O	8.32	T	-		
706	26	O	8.32	T	-		
706	27	O	8.32	A	-		
706	28	O	8.32	A	-		
706	29	O	8.32	C	-		
706	30	O	8.32	A	-		
706	31	O	8.32	C	-		
706	32	O	8.32	A	-		
706	33	O	8.32	T	-		
706	34	O	8.32	G	-		
706	35	O	8.32	G	-		
706	36	O	8.32	A	-		
706	37	O	8.32	A	-		
706	38	O	8.32	T	-		
706	39	O	8.32	T	-		
706	40	O	8.32	G	-		
706	41	O	8.32	C	-		
706	42	O	8.32	C	-		
706	43	O	8.32	A	-		
706	44	O	8.32	T	-		
706	45	O	8.32	T	-		
706	46	O	8.32	C	-		
706	47	O	8.32	A	-		
706	48	O	8.32	C	-		
706	49	O	8.32	C	-		
706	50	O	8.32	C	-		
706	51	O	8.32	C	-		
706	52	O	8.32	C	-		
706	53	O	8.32	A	-		
706	54	O	8.32	A	-		
706	55	O	8.32	A	-		
706	56	O	8.32	A	-		
706	57	O	8.32	T	-		
706	58	O	8.32	T	-		
706	59	O	8.32	A	-		
706	60	O	8.32	T	-		
706	61	O	8.32	C	-		
706	62	O	8.32	T	-		
706	63	O	8.32	G	-		
706	64	O	8.32	C	-		
706	65	O	8.32	C	-		
706	66	O	8.32	A	-		
706	67	O	8.32	A	-		
706	68	O	8.32	A	-		
706	69	O	8.32	C	-		
706	70	O	8.32	A	-		
706	71	O	8.32	G	-		
706	72	O	8.32	A	-		
706	73	O	8.32	A	-		
706	74	O	8.32	A	-		
706	75	O	8.32	C	-		
706	76	O	8.32	T	-		
706	77	O	8.32	T	-		
706	78	O	8.32	C	-		
706	79	O	8.32	A	-		
706	80	O	8.32	A	-		
706	81	O	8.32	A	-		
706	82	O	8.32	A	-		
706	83	O	8.32	T	-		
706	84	O	8.32	T	-		
706	85	O	8.32	C	-		
706	86	O	8.32	A	-		
706	87	O	8.32	A	-		
706	88	O	8.32	A	-		
706	89	O	8.32	T	-		
706	90	O	8.32	A	-		
706	91	O	8.32	C	-		
706	92	O	8.32	G	-		
706	93	O	8.32	C	-		
706	94	O	8.32	G	-		
706	95	O	8.32	C	-		
706	96	O	8.32	A	-		
706	97	O	8.32	G	-		
706	98	O	8.32	A	-		
706	99	O	8.32	T	-		
706	100	O	8.32	A	-		
706	101	O	8.32	T	-		
706	102	O	8.32	A	-		
706	103	O	8.32	T	-		
706	104	O	8.32	A	-		
706	105	O	8.32	T	-		
706	106	O	8.32	A	-		
706	107	O	8.32	T	-		
706	108	O	8.32	A	-		
706	109	O	8.32	T	-		
707	0	O	16.64	A	-		
707	1	O	16.64	A	-		
707	2	O	16.64	T	-		
707	3	O	16.64	T	-		
707	4	O	16.64	G	-		
707	5	O	16.64	A	-		
707	6	O	16.64	C	-		
707	7	O	16.64	T	-		
707	8	O	16.64	A	-		
707	9	O	16.64	G	-		
707	10	O	16.64	A	-		
707	11	O	16.64	A	-		
707	12	O	16.64	G	-		
707	13	O	16.64	T	-		
707	14	O	16.64	C	-		
707	15	O	16.64	A	-		
707	16	O	16.64	A	-		
707	17	O	16.64	T	-		
707	18	O	16.64	A	-		
707	19	O	16.64	C	-		
707	20	O	16.64	A	-		
707	21	O	16.64	G	-		
707	22	O	16.64	T	-		
707	23	O	16.64	A	-		
707	24	O	16.64	A	-		
707	25	O	16.64	C	-		
707	26	O	16.64	A	-		
707	27	O	16.64	T	-		
707	28	O	16.64	T	-		
707	29	O	16.64	A	-		
707	30	O	16.64	A	-		
707	31	O	16.64	T	-		
707	32	O	16.64	G	-		
707	33	O	16.64	C	-		
707	34	O	16.64	A	-		
707	35	O	16.64	T	-		
707	36	O	16.64	A	-		
707	37	O	16.64	A	-		
707	38	O	16.64	T	-		
707	39	O	16.64	C	-		
707	40	O	16.64	T	-		
707	41	O	16.64	T	-		
707	42	O	16.64	T	-		
707	43	O	16.64	C	-		
707	44	O	16.64	A	-		
707	45	O	16.64	C	-		
707	46	O	16.64	G	-		
707	47	O	16.64	T	-		
707	48	O	16.64	A	-		
707	49	O	16.64	T	-		
707	50	O	16.64	T	-		
707	51	O	16.64	T	-		
707	52	O	16.64	G	-		
707	53	O	16.64	T	-		
707	54	O	16.64	G	-		
707	55	O	16.64	T	-		
707	56	O	16.64	T	-		
707	57	O	16.64	C	-		
707	58	O	16.64	A	-		
707	59	O	16.64	T	-		
707	60	O	16.64	G	-		
707	61	O	16.64	G	-		
707	62	O	16.64	T	-		
707	63	O	16.64	C	-		
707	64	O	16.64	G	-		
707	65	O	16.64	G	-		
707	66	O	16.64	G	-		
707	67	O	16.64	A	-		
707	68	O	16.64	A	-		
707	69	O	16.64	T	-		
707	70	O	16.64	A	-		
707	71	O	16.64	T	-		
707	72	O	16.64	G	-		
707	73	O	16.64	T	-		
707	74	O	16.64	G	-		
707	75	O	16.64	C	-		
707	76	O	16.64	T	-		
707	77	O	16.64	G	-		
707	78	O	16.64	C	-		
707	79	O	16.64	A	-		
707	80	O	16.64	C	-		
707	81	O	16.64	C	-		
707	82	O	16.64	A	-		
707	83	O	16.64	C	-		
707	84	O	16.64	A	-		
707	85	O	16.64	C	-		
707	86	O	16.64	C	-		
707	87	O	16.64	A	-		
707	88	O	16.64	A	-		
707	89	O	16.64	A	-		
707	90	O	16.64	A	-		
707	91	O	16.64	A	-		
707	92	O	16.64	A	-		
707	93	O	16.64	A	-		
707	94	O	16.64	C	-		
707	95	O	16.64	A	-		
707	96	O	16.64	A	-		
707	97	O	16.64	A	-		
707	98	O	16.64	C	-		
707	99	O	16.64	A	-		
707	100	O	16.64	A	-		
707	101	O	16.64	A	-		
707	102	O	16.64	C	-		
707	103	O	16.64	A	-		
707	104	O	16.64	A	-		
707	105	O	16.64	A	-		
707	106	O	16.64	C	-		
707	107	O	16.64	C	-		
707	108	O	16.64	T	-		
707	109	O	16.64	T	-		
708	0	O	9.70	A	-		
708	1	O	9.70	T	-		
708	2	O	9.70	G	-		
708	3	O	9.70	C	-		
708	4	O	9.70	A	-		
708	5	O	9.70	G	-		
708	6	O	9.70	G	-		
708	7	O	9.70	G	-		
708	8	O	9.70	T	-		
708	9	O	9.70	T	-		
708	10	O	9.70	C	-		
708	11	O	9.70	G	-		
708	12	O	9.70	G	-		
708	13	O	9.70	C	-		
708	14	O	9.70	C	-		
708	15	O	9.70	T	-		
708	16	O	9.70	G	-		
708	17	O	9.70	T	-		
708	18	O	9.70	G	-		
708	19	O	9.70	G	-		
708	20	O	9.70	C	-		
708	21	O	9.70	G	-		
708	22	O	9.70	A	-		
708	23	O	9.70	A	-		
708	24	O	9.70	C	-		
708	25	O	9.70	G	-		
708	26	O	9.70	G	-		
708	27	O	9.70	A	-		
708	28	O	9.70	A	-		
708	29	O	9.70	G	-		
708	30	O	9.70	G	-		
708	31	O	9.70	C	-		
708	32	O	9.70	G	-		
708	33	O	9.70	G	-		
708	34	O	9.70	G	-		
708	35	O	9.70	T	-		
708	36	O	9.70	G	-		
708	37	O	9.70	C	-		
708	38	O	9.70	G	-		
708	39	O	9.70	T	-		
708	40	O	9.70	G	-		
708	41	O	9.70	C	-		
708	42	O	9.70	C	-		
708	43	O	9.70	G	-		
708	44	O	9.70	A	-		
708	45	O	9.70	T	-		
708	46	O	9.70	C	-		
708	47	O	9.70	T	-		
708	48	O	9.70	T	-		
708	49	O	9.70	G	-		
708	50	O	9.70	T	-		
708	51	O	9.70	A	-		
708	52	O	9.70	C	-		
708	53	O	9.70	C	-		
708	54	O	9.70	T	-		
708	55	O	9.70	T	-		
708	56	O	9.70	T	-		
708	57	O	9.70	T	-		
708	58	O	9.70	C	-		
708	59	O	9.70	T	-		
708	60	O	9.70	G	-		
708	61	O	9.70	C	-		
708	62	O	9.70	C	-		
708	63	O	9.70	T	-		
708	64	O	9.70	T	-		
708	65	O	9.70	T	-		
708	66	O	9.70	G	-		
708	67	O	9.70	T	-		
708	68	O	9.70	A	-		
708	69	O	9.70	C	-		
708	70	O	9.70	G	-		
708	71	O	9.70	T	-		
708	72	O	9.70	G	-		
708	73	O	9.70	C	-		
708	74	O	9.70	A	-		
708	75	O	9.70	T	-		
708	76	O	9.70	C	-		
708	77	O	9.70	G	-		
708	78	O	9.70	A	-		
708	79	O	9.70	C	-		
708	80	O	9.70	A	-		
708	81	O	9.70	T	-		
708	82	O	9.70	G	-		
708	83	O	9.70	G	-		
708	84	O	9.70	C	-		
708	85	O	9.70	G	-		
708	86	O	9.70	G	-		
708	87	O	9.70	C	-		
708	88	O	9.70	A	-		
708	89	O	9.70	A	-		
708	90	O	9.70	T	-		
708	91	O	9.70	C	-		
708	92	O	9.70	G	-		
708	93	O	9.70	G	-		
708	94	O	9.70	C	-		
708	95	O	9.70	C	-		
708	96	O	9.70	A	-		
708	97	O	9.70	A	-		
708	98	O	9.70	G	-		
708	99	O	9.70	C	-		
708	100	O	9.70	G	-		
708	101	O	9.70	A	-		
708	102	O	9.70	C	-		
708	103	O	9.70	T	-		
708	104	O	9.70	T	-		
708	105	O	9.70	G	-		
708	106	O	9.70	A	-		
708	107	O	9.70	C	-		
708	108	O	9.70	G	-		
708	109	O	9.70	A	-		
709	0	O	9.70	C	-		
709	1	O	9.70	C	-		
709	2	O	9.70	A	-		
709	3	O	9.70	T	-		
709	4	O	9.70	C	-		
709	5	O	9.70	G	-		
709	6	O	9.70	C	-		
709	7	O	9.70	A	-		
709	8	O	9.70	G	-		
709	9	O	9.70	A	-		
709	10	O	9.70	C	-		
709	11	O	9.70	T	-		
709	12	O	9.70	C	-		
709	13	O	9.70	C	-		
709	14	O	9.70	A	-		
709	15	O	9.70	A	-		
709	16	O	9.70	G	-		
709	17	O	9.70	A	-		
709	18	O	9.70	T	-		
709	19	O	9.70	G	-		
709	20	O	9.70	A	-		
709	21	O	9.70	A	-		
709	22	O	9.70	G	-		
709	23	O	9.70	G	-		
709	24	O	9.70	C	-		
709	25	O	9.70	C	-		
709	26	O	9.70	A	-		
709	27	O	9.70	A	-		
709	28	O	9.70	A	-		
709	29	O	9.70	C	-		
709	30	O	9.70	A	-		
709	31	O	9.70	A	-		
709	32	O	9.70	C	-		
709	33	O	9.70	G	-		
709	34	O	9.70	C	-		
709	35	O	9.70	A	-		
709	36	O	9.70	C	-		
709	37	O	9.70	T	-		
709	38	O	9.70	C	-		
709	39	O	9.70	T	-		
709	40	O	9.70	T	-		
709	41	O	9.70	A	-		
709	42	O	9.70	C	-		
709	43	O	9.70	G	-		
709	44	O	9.70	T	-		
709	45	O	9.70	C	-		
709	46	O	9.70	C	-		
709	47	O	9.70	T	-		
709	48	O	9.70	C	-		
709	49	O	9.70	C	-		
709	50	O	9.70	G	-		
709	51	O	9.70	T	-		
709	52	O	9.70	C	-		
709	53	O	9.70	T	-		
709	54	O	9.70	A	-		
709	55	O	9.70	C	-		
709	56	O	9.70	A	-		
709	57	O	9.70	T	-		
709	58	O	9.70	C	-		
709	59	O	9.70	A	-		
709	60	O	9.70	C	-		
709	61	O	9.70	A	-		
709	62	O	9.70	G	-		
709	63	O	9.70	C	-		
709	64	O	9.70	C	-		
709	65	O	9.70	G	-		
709	66	O	9.70	T	-		
709	67	O	9.70	G	-		
709	68	O	9.70	A	-		
709	69	O	9.70	A	-		
709	70	O	9.70	T	-		
709	71	O	9.70	T	-		
709	72	U	1.77	T	G		
709	73	O	9.70	C	-		
709	74	O	9.70	A	-		
709	75	O	9.70	G	-		
709	76	O	9.70	A	-		
709	77	O	9.70	T	-		
709	78	O	9.70	A	-		
709	79	O	9.70	C	-		
709	80	O	9.70	G	-		
709	81	O	9.70	A	-		
709	82	O	9.70	G	-		
709	83	O	9.70	T	-		
709	84	O	9.70	A	-		
709	85	O	9.70	T	-		
709	86	U	1.77	G	C		
709	87	O	9.70	C	-		
709	88	O	9.70	G	-		
709	89	O	9.70	C	-		
709	90	O	9.70	T	-		
709	91	O	9.70	C	-		
709	92	O	9.70	A	-		
709	93	O	9.70	C	-		
709	94	O	9.70	G	-		
709	95	O	9.70	C	-		
709	96	O	9.70	T	-		
709	97	O	9.70	C	-		
709	98	O	9.70	C	-		
709	99	O	9.70	T	-		
709	100	O	9.70	G	-		
709	101	O	9.70	C	-		
709	102	O	9.70	T	-		
709	103	O	9.70	G	-		
709	104	O	9.70	T	-		
709	105	O	9.70	T	-		
709	106	O	9.70	G	-		
709	107	O	9.70	T	-		
709	108	O	9.70	T	-		
709	109	O	9.70	T	-		
710	0	O	5.55	G	-		
710	1	O	5.55	G	-		
710	2	O	5.55	C	-		
710	3	O	5.55	A	-		
710	4	O	5.55	G	-		
710	5	O	5.55	A	-		
710	6	O	5.55	T	-		
710	7	O	5.55	C	-		
710	8	O	5.55	T	-		
710	9	O	5.55	A	-		
710	10	O	5.55	T	-		
710	11	O	5.55	T	-		
710	12	O	5.55	G	-		
710	13	O	5.55	C	-		
710	14	O	5.55	C	-		
710	15	O	5.55	A	-		
710	16	O	5.55	G	-		
710	17	O	5.55	C	-		
710	18	O	5.55	A	-		
710	19	O	5.55	G	-		
710	20	O	5.55	A	-		
710	21	O	5.55	T	-		
710	22	O	5.55	T	-		
710	23	O	5.55	T	-		
710	24	O	5.55	T	-		
710	25	O	5.55	G	-		
710	26	O	5.55	A	-		
710	27	O	5.55	C	-		
710	28	O	5.55	T	-		
710	29	O	5.55	T	-		
710	30	O	5.55	G	-		
710	31	O	5.55	C	-		
710	32	O	5.55	A	-		
710	33	O	5.55	A	-		
710	34	O	5.55	G	-		
710	35	O	5.55	A	-		
710	36	O	5.55	C	-		
710	37	O	5.55	C	-		
710	38	O	5.55	A	-		
710	39	O	5.55	G	-		
710	40	O	5.55	T	-		
710	41	O	5.55	T	-		
710	42	O	5.55	C	-		
710	43	O	5.55	C	-		
710	44	O	5.55	C	-		
710	45	O	5.55	C	-		
710	46	O	5.55	T	-		
710	47	O	5.55	C	-		
710	48	O	5.55	G	-		
710	49	O	5.55	C	-		
710	50	O	5.55	G	-		
710	51	O	5.55	A	-		
710	52	O	5.55	G	-		
710	53	O	5.55	G	-		
710	54	O	5.55	A	-		
710	55	O	5.55	A	-		
710	56	O	5.55	A	-		
710	57	O	5.55	G	-		
710	58	O	5.55	C	-		
710	59	O	5.55	G	-		
710	60	O	5.55	A	-		
710	61	O	5.55	A	-		
710	62	O	5.55	G	-		
710	63	O	5.55	T	-		
710	64	O	5.55	G	-		
710	65	O	5.55	C	-		
710	66	O	5.55	C	-		
710	67	O	5.55	T	-		
710	68	O	5.55	T	-		
710	69	O	5.55	C	-		
710	70	O	5.55	C	-		
710	71	O	5.55	G	-		
710	72	O	5.55	G	-		
710	73	O	5.55	A	-		
710	74	O	5.55	C	-		
710	75	O	5.55	G	-		
710	76	O	5.55	C	-		
710	77	O	5.55	T	-		
710	78	O	5.55	T	-		
710	79	O	5.55	A	-		
710	80	O	5.55	C	-		
710	81	O	5.55	G	-		
710	82	O	5.55	A	-		
710	83	O	5.55	T	-		
710	84	O	5.55	G	-		
710	85	O	5.55	A	-		
710	86	O	5.55	C	-		
710	87	O	5.55	C	-		
710	88	O	5.55	A	-		
710	89	O	5.55	T	-		
710	90	O	5.55	G	-		
710	91	O	5.55	G	-		
710	92	O	5.55	A	-		
710	93	O	5.55	G	-		
710	94	O	5.55	C	-		
710	95	O	5.55	G	-		
710	96	O	5.55	A	-		
710	97	O	5.55	C	-		
710	98	O	5.55	C	-		
710	99	O	5.55	G	-		
710	100	O	5.55	T	-		
710	101	O	5.55	T	-		
710	102	O	5.55	T	-		
710	103	O	5.55	A	-		
710	104	O	5.55	G	-		
710	105	O	5.55	C	-		
710	106	O	5.55	C	-		
710	107	O	5.55	C	-		
710	108	O	5.55	T	-		
710	109	O	5.55	T	-		
711	0	O	8.32	T	-		
711	1	O	8.32	C	-		
711	2	O	8.32	G	-		
711	3	O	8.32	A	-		
711	4	O	8.32	A	-		
711	5	O	8.32	A	-		
711	6	O	8.32	C	-		
711	7	O	8.32	G	-		
711	8	O	8.32	G	-		
711	9	O	8.32	T	-		
711	10	O	8.32	C	-		
711	11	O	8.32	C	-		
711	12	O	8.32	A	-		
711	13	O	8.32	A	-		
711	14	O	8.32	G	-		
711	15	O	8.32	T	-		
711	16	O	8.32	T	-		
711	17	O	8.32	C	-		
711	18	O	8.32	A	-		
711	19	O	8.32	T	-		
711	20	O	8.32	C	-		
711	21	O	8.32	A	-		
711	22	O	8.32	C	-		
711	23	O	8.32	C	-		
711	24	O	8.32	T	-		
711	25	O	8.32	T	-		
711	26	O	8.32	G	-		
711	27	O	8.32	T	-		
711	28	O	8.32	T	-		
711	29	O	8.32	C	-		
711	30	O	8.32	C	-		
711	31	O	8.32	A	-		
711	32	O	8.32	T	-		
711	33	O	8.32	A	-		
711	34	O	8.32	C	-		
711	35	O	8.32	A	-		
711	36	O	8.32	G	-		
711	37	O	8.32	C	-		
711	38	O	8.32	G	-		
711	39	O	8.32	A	-		
711	40	O	8.32	C	-		
711	41	O	8.32	A	-		
711	42	O	8.32	A	-		
711	43	O	8.32	A	-		
711	44	O	8.32	G	-		
711	45	O	8.32	T	-		
711	46	O	8.32	C	-		
711	47	O	8.32	C	-		
711	48	O	8.32	T	-		
711	49	O	8.32	T	-		
711	50	O	8.32	G	-		
711	51	O	8.32	A	-		
711	52	O	8.32	C	-		
711	53	O	8.32	G	-		
711	54	O	8.32	A	-		
711	55	O	8.32	A	-		
711	56	O	8.32	C	-		
711	57	O	8.32	T	-		
711	58	O	8.32	T	-		
711	59	O	8.32	G	-		
711	60	O	8.32	T	-		
711	61	O	8.32	C	-		
711	62	O	8.32	C	-		
711	63	O	8.32	T	-		
711	64	O	8.32	G	-		
711	65	O	8.32	G	-		
711	66	O	8.32	G	-		
711	67	O	8.32	C	-		
711	68	O	8.32	G	-		
711	69	O	8.32	T	-		
711	70	O	8.32	C	-		
711	71	O	8.32	C	-		
711	72	O	8.32	G	-		
711	73	O	8.32	A	-		
711	74	O	8.32	G	-		
711	75	O	8.32	C	-		
711	76	O	8.32	T	-		
711	77	O	8.32	G	-		
711	78	O	8.32	C	-		
711	79	O	8.32	C	-		
711	80	O	8.32	G	-		
711	81	O	8.32	T	-		
711	82	O	8.32	A	-		
711	83	O	8.32	C	-		
711	84	O	8.32	A	-		
711	85	O	8.32	C	-		
711	86	O	8.32	C	-		
711	87	O	8.32	T	-		
711	88	O	8.32	C	-		
711	89	O	8.32	A	-		
711	90	O	8.32	G	-		
711	91	O	8.32	C	-		
711	92	O	8.32	G	-		
711	93	O	8.32	G	-		
711	94	O	8.32	T	-		
711	95	O	8.32	G	-		
711	96	O	8.32	G	-		
711	97	O	8.32	C	-		
711	98	O	8.32	G	-		
711	99	O	8.32	C	-		
711	100	O	8.32	G	-		
711	101	O	8.32	G	-		
711	102	O	8.32	A	-		
711	103	O	8.32	G	-		
711	104	O	8.32	C	-		
711	105	O	8.32	T	-		
711	106	O	8.32	C	-		
711	107	O	8.32	G	-		
711	108	O	8.32	G	-		
711	109	O	8.32	G	-		
712	0	O	12.48	C	-		
712	1	O	12.48	T	-		
712	2	O	12.48	C	-		
712	3	O	12.48	A	-		
712	4	O	12.48	G	-		
712	5	O	12.48	A	-		
712	6	O	12.48	G	-		
712	7	O	12.48	C	-		
712	8	O	12.48	T	-		
712	9	O	12.48	T	-		
712	10	O	12.48	C	-		
712	11	O	12.48	T	-		
712	12	O	12.48	T	-		
712	13	O	12.48	T	-		
712	14	O	12.48	G	-		
712	15	O	12.48	G	-		
712	16	O	12.48	C	-		
712	17	O	12.48	T	-		
712	18	O	12.48	T	-		
712	19	O	12.48	C	-		
712	20	O	12.48	C	-		
712	21	O	12.48	T	-		
712	22	O	4.00	C	-		
712	23	O	12.48	G	-		
712	24	O	12.48	G	-		
712	25	O	12.48	G	-		
712	26	O	12.48	C	-		
712	27	O	12.48	G	-		
712	28	O	12.48	C	-		
712	29	O	12.48	A	-		
712	30	O	12.48	T	-		
712	31	O	12.48	T	-		
712	32	O	12.48	C	-		
712	33	O	12.48	C	-		
712	34	O	12.48	C	-		
712	35	O	12.48	C	-		
712	36	O	12.48	A	-		
712	37	O	12.48	T	-		
712	38	O	12.48	C	-		
712	39	O	12.48	G	-		
712	40	O	12.48	A	-		
712	41	O	12.48	G	-		
712	42	O	12.48	C	-		
712	43	O	12.48	T	-		
712	44	O	12.48	C	-		
712	45	O	12.48	G	-		
712	46	O	12.48	C	-		
712	47	O	12.48	C	-		
712	48	O	12.48	C	-		
712	49	O	12.48	G	-		
712	50	O	12.48	G	-		
712	51	O	12.48	G	-		
712	52	O	12.48	G	-		
712	53	O	12.48	C	-		
712	54	O	12.48	C	-		
712	55	O	12.48	G	-		
712	56	O	12.48	C	-		
712	57	O	12.48	T	-		
712	58	O	12.48	T	-		
712	59	O	12.48	A	-		
712	60	O	12.48	A	-		
712	61	O	12.48	T	-		
712	62	O	12.48	T	-		
712	63	O	12.48	G	-		
712	64	O	12.48	G	-		
712	65	O	12.48	G	-		
712	66	O	12.48	G	-		
712	67	O	12.48	G	-		
712	68	O	12.48	C	-		
712	69	O	12.48	T	-		
712	70	O	12.48	G	-		
712	71	O	12.48	C	-		
712	72	O	12.48	C	-		
712	73	O	12.48	G	-		
712	74	O	12.48	G	-		
712	75	O	12.48	C	-		
712	76	O	12.48	C	-		
712	77	O	12.48	G	-		
712	78	O	12.48	G	-		
712	79	O	12.48	C	-		
712	80	O	12.48	C	-		
712	81	O	12.48	G	-		
712	82	O	12.48	G	-		
712	83	O	12.48	G	-		
712	84	O	12.48	G	-		
712	85	O	12.48	G	-		
712	86	O	12.48	A	-		
712	87	O	12.48	C	-		
712	88	O	12.48	A	-		
712	89	O	12.48	A	-		
712	90	O	12.48	A	-		
712	91	O	12.48	T	-		
712	92	O	12.48	C	-		
712	93	O	12.48	A	-		
712	94	O	12.48	G	-		
712	95	O	12.48	T	-		
712	96	O	12.48	G	-		
712	97	O	12.48	G	-		
712	98	O	12.48	G	-		
712	99	O	12.48	C	-		
712	100	O	12.48	A	-		
712	101	O	12.48	G	-		
712	102	O	12.48	A	-		
712	103	O	12.48	C	-		
712	104	O	12.48	A	-		
712	105	O	12.48	A	-		
712	106	O	12.48	A	-		
712	107	O	12.48	T	-		
712	108	O	12.48	C	-		
712	109	O	12.48	G	-		
713	0	O	6.93	A	-		
713	1	O	6.93	T	-		
713	2	O	6.93	A	-		
713	3	O	6.93	T	-		
713	4	O	6.93	G	-		
713	5	O	6.93	T	-		
713	6	O	6.93	C	-		
713	7	O	6.93	G	-		
713	8	O	6.93	A	-		
713	9	O	6.93	C	-		
713	10	O	6.93	T	-		
713	11	O	6.93	A	-		
713	12	O	6.93	C	-		
713	13	O	6.93	A	-		
713	14	O	6.93	T	-		
713	15	O	6.93	T	-		
713	16	O	6.93	G	-		
713	17	O	6.93	A	-		
713	18	O	6.93	T	-		
713	19	O	6.93	T	-		
713	20	O	6.93	C	-		
713	21	O	6.93	T	-		
713	22	O	6.93	C	-		
713	23	O	6.93	T	-		
713	24	O	6.93	C	-		
713	25	O	6.93	C	-		
713	26	O	6.93	G	-		
713	27	O	6.93	C	-		
713	28	O	6.93	G	-		
713	29	O	6.93	C	-		
713	30	O	6.93	C	-		
713	31	O	6.93	G	-		
713	32	O	6.93	G	-		
713	33	O	6.93	T	-		
713	34	O	6.93	G	-		
713	35	O	6.93	G	-		
713	36	O	6.93	A	-		
713	37	O	6.93	T	-		
713	38	O	6.93	C	-		
713	39	O	6.93	A	-		
713	40	O	6.93	A	-		
713	41	O	6.93	C	-		
713	42	O	6.93	C	-		
713	43	O	6.93	A	-		
713	44	O	6.93	C	-		
713	45	O	6.93	T	-		
713	46	O	6.93	C	-		
713	47	O	6.93	C	-		
713	48	O	6.93	G	-		
713	49	O	6.93	C	-		
713	50	O	6.93	C	-		
713	51	O	6.93	T	-		
713	52	O	6.93	G	-		
713	53	O	6.93	A	-		
713	54	O	6.93	T	-		
713	55	O	6.93	T	-		
713	56	O	6.93	A	-		
713	57	O	6.93	A	-		
713	58	O	6.93	C	-		
713	59	O	6.93	G	-		
713	60	O	6.93	C	-		
713	61	O	6.93	C	-		
713	62	O	6.93	T	-		
713	63	O	6.93	T	-		
713	64	O	6.93	G	-		
713	65	O	6.93	G	-		
713	66	O	6.93	A	-		
713	67	O	6.93	C	-		
713	68	O	6.93	T	-		
713	69	O	6.93	C	-		
713	70	O	6.93	G	-		
713	71	O	6.93	T	-		
713	72	O	6.93	C	-		
713	73	O	6.93	T	-		
713	74	O	6.93	T	-		
713	75	O	6.93	T	-		
713	76	O	6.93	C	-		
713	77	O	6.93	A	-		
713	78	O	6.93	C	-		
713	79	O	6.93	A	-		
713	80	O	6.93	C	-		
713	81	O	6.93	A	-		
713	82	O	6.93	C	-		
713	83	O	6.93	G	-		
713	84	O	6.93	C	-		
713	85	O	6.93	C	-		
713	86	O	6.93	A	-		
713	87	O	6.93	G	-		
713	88	O	6.93	T	-		
713	89	O	6.93	T	-		
713	90	O	6.93	A	-		
713	91	O	6.93	C	-		
713	92	O	6.93	C	-		
713	93	O	6.93	C	-		
713	94	O	6.93	G	-		
713	95	O	6.93	T	-		
713	96	O	6.93	A	-		
713	97	O	6.93	C	-		
713	98	O	6.93	A	-		
713	99	O	6.93	T	-		
713	100	O	6.93	C	-		
713	101	O	6.93	C	-		
713	102	O	6.93	A	-		
713	103	O	6.93	C	-		
713	104	O	6.93	A	-		
713	105	O	6.93	C	-		
713	106	O	6.93	C	-		
713	107	O	6.93	A	-		
713	108	O	6.93	A	-		
713	109	O	6.93	A	-		
714	0	O	5.55	A	-		
714	1	O	5.55	G	-		
714	2	O	5.55	C	-		
714	3	O	5.55	A	-		
714	4	O	5.55	T	-		
714	5	O	5.55	G	-		
714	6	O	5.55	T	-		
714	7	O	5.55	T	-		
714	8	O	5.55	A	-		
714	9	O	5.55	A	-		
714	10	O	5.55	C	-		
714	11	O	5.55	A	-		
714	12	O	5.55	A	-		
714	13	O	5.55	C	-		
714	14	O	5.55	A	-		
714	15	O	5.55	G	-		
714	16	O	5.55	T	-		
714	17	O	5.55	C	-		
714	18	O	5.55	C	-		
714	19	O	5.55	G	-		
714	20	O	5.55	A	-		
714	21	O	5.55	G	-		
714	22	O	5.55	C	-		
714	23	O	5.55	A	-		
714	24	O	5.55	C	-		
714	25	O	5.55	T	-		
714	26	O	5.55	T	-		
714	27	O	5.55	C	-		
714	28	O	5.55	T	-		
714	29	O	5.55	G	-		
714	30	O	5.55	G	-		
714	31	O	5.55	T	-		
714	32	O	5.55	G	-		
714	33	O	5.55	G	-		
714	34	O	5.55	G	-		
714	35	O	5.55	A	-		
714	36	O	5.55	T	-		
714	37	O	5.55	T	-		
714	38	O	5.55	A	-		
714	39	O	5.55	A	-		
714	40	O	5.55	G	-		
714	41	O	5.55	A	-		
714	42	O	5.55	T	-		
714	43	O	5.55	A	-		
714	44	O	5.55	C	-		
714	45	O	5.55	C	-		
714	46	O	5.55	T	-		
714	47	O	5.55	C	-		
714	48	O	5.55	A	-		
714	49	O	5.55	G	-		
714	50	O	5.55	T	-		
714	51	O	5.55	T	-		
714	52	O	5.55	G	-		
714	53	O	5.55	A	-		
714	54	O	5.55	G	-		
714	55	O	5.55	A	-		
714	56	O	5.55	A	-		
714	57	O	5.55	C	-		
714	58	O	5.55	A	-		
714	59	O	5.55	A	-		
714	60	O	5.55	A	-		
714	61	O	5.55	T	-		
714	62	O	5.55	G	-		
714	63	O	5.55	G	-		
714	64	O	5.55	A	-		
714	65	O	5.55	G	-		
714	66	O	5.55	G	-		
714	67	O	5.55	A	-		
714	68	O	5.55	T	-		
714	69	O	5.55	T	-		
714	70	O	5.55	A	-		
714	71	O	5.55	A	-		
714	72	O	5.55	G	-		
714	73	O	5.55	T	-		
714	74	O	5.55	T	-		
714	75	O	5.55	C	-		
714	76	O	5.55	T	-		
714	77	O	5.55	A	-		
714	78	O	5.55	G	-		
714	79	O	5.55	A	-		
714	80	O	5.55	G	-		
714	81	O	5.55	G	-		
714	82	O	5.55	T	-		
714	83	O	5.55	C	-		
714	84	O	5.55	G	-		
714	85	O	5.55	T	-		
714	86	O	5.55	C	-		
714	87	O	5.55	A	-		
714	88	O	5.55	G	-		
714	89	O	5.55	T	-		
714	90	O	5.55	T	-		
714	91	O	5.55	G	-		
714	92	O	5.55	C	-		
714	93	O	5.55	A	-		
714	94	O	5.55	T	-		
714	95	O	5.55	A	-		
714	96	O	5.55	G	-		
714	97	O	5.55	T	-		
714	98	O	5.55	G	-		
714	99	O	5.55	G	-		
714	100	O	5.55	T	-		
714	101	O	5.55	G	-		
714	102	O	5.55	C	-		
714	103	O	5.55	T	-		
714	104	O	5.55	A	-		
714	105	O	5.55	G	-		
714	106	O	5.55	T	-		
714	107	O	5.55	A	-		
714	108	O	5.55	G	-		
714	109	O	5.55	T	-		
715	0	O	16.64	T	-		
715	1	O	16.64	G	-		
715	2	O	16.64	C	-		
715	3	O	16.64	C	-		
715	4	O	16.64	G	-		
715	5	O	16.64	G	-		
715	6	O	16.64	C	-		
715	7	O	16.64	C	-		
715	8	O	16.64	C	-		
715	9	O	16.64	T	-		
715	10	O	16.64	G	-		
715	11	O	16.64	G	-		
715	12	O	16.64	G	-		
715	13	O	16.64	C	-		
715	14	O	16.64	C	-		
715	15	O	16.64	A	-		
715	16	O	16.64	G	-		
715	17	O	16.64	A	-		
715	18	O	16.64	G	-		
715	19	O	16.64	T	-		
715	20	O	16.64	T	-		
715	21	O	16.64	C	-		
715	22	O	16.64	T	-		
715	23	O	16.64	C	-		
715	24	O	16.64	G	-		
715	25	O	16.64	C	-		
715	26	O	16.64	C	-		
715	27	O	16.64	A	-		
715	28	O	16.64	G	-		
715	29	O	16.64	C	-		
715	30	O	16.64	T	-		
715	31	O	16.64	C	-		
715	32	O	16.64	C	-		
715	33	O	16.64	G	-		
715	34	O	16.64	C	-		
715	35	O	16.64	G	-		
715	36	O	16.64	A	-		
715	37	O	16.64	A	-		
715	38	O	16.64	G	-		
715	39	O	16.64	A	-		
715	40	O	16.64	G	-		
715	41	O	16.64	C	-		
715	42	O	16.64	A	-		
715	43	O	16.64	T	-		
715	44	O	16.64	T	-		
715	45	O	16.64	T	-		
715	46	O	16.64	C	-		
715	47	O	16.64	C	-		
715	48	O	16.64	A	-		
715	49	O	16.64	G	-		
715	50	O	16.64	T	-		
715	51	O	16.64	A	-		
715	52	O	16.64	C	-		
715	53	O	16.64	T	-		
715	54	O	16.64	A	-		
715	55	O	16.64	T	-		
715	56	U	-3.45	T	C		
715	57	O	16.64	G	-		
715	58	O	16.64	C	-		
715	59	O	16.64	T	-		
715	60	O	16.64	A	-		
715	61	U	-3.45	C	T		
715	62	O	16.64	G	-		
715	63	O	16.64	A	-		
715	64	O	16.64	G	-		
715	65	O	16.64	A	-		
715	66	O	16.64	G	-		
715	67	O	16.64	G	-		
715	68	O	16.64	G	-		
715	69	O	16.64	A	-		
715	70	O	16.64	C	-		
715	71	O	16.64	A	-		
715	72	O	16.64	T	-		
715	73	O	16.64	C	-		
715	74	O	16.64	G	-		
715	75	O	16.64	T	-		
715	76	O	16.64	A	-		
715	77	O	16.64	G	-		
715	78	O	16.64	T	-		
715	79	O	16.64	T	-		
715	80	O	7.55	G	-		
715	81	O	16.64	A	-		
715	82	O	16.64	T	-		
715	83	O	7.55	C	-		
715	84	O	16.64	T	-		
715	85	O	16.64	G	-		
715	86	U	-3.45	G	T		
715	87	O	16.64	C	-		
715	88	O	16.64	T	-		
715	89	O	16.64	G	-		
715	90	O	16.64	C	-		
715	91	O	16.64	C	-		
715	92	O	16.64	A	-		
715	93	O	16.64	A	-		
715	94	O	16.64	A	-		
715	95	O	16.64	T	-		
715	96	O	16.64	T	-		
715	97	O	16.64	C	-		
715	98	O	16.64	G	-		
715	99	O	16.64	C	-		
715	100	O	16.64	G	-		
715	101	O	16.64	C	-		
715	102	O	16.64	G	-		
715	103	O	16.64	C	-		
715	104	O	16.64	T	-		
715	105	O	16.64	C	-		
715	106	O	16.64	G	-		
715	107	O	16.64	C	-		
715	108	O	16.64	A	-		
715	109	O	16.64	G	-		
716	0	O	12.48	C	-		
716	1	O	12.48	G	-		
716	2	O	12.48	A	-		
716	3	O	12.48	G	-		
716	4	O	12.48	C	-		
716	5	O	12.48	T	-		
716	6	O	12.48	T	-		
716	7	O	12.48	G	-		
716	8	O	12.48	C	-		
716	9	O	12.48	G	-		
716	10	O	12.48	T	-		
716	11	O	12.48	G	-		
716	12	O	12.48	G	-		
716	13	O	12.48	A	-		
716	14	O	12.48	C	-		
716	15	O	12.48	T	-		
716	16	O	12.48	G	-		
716	17	O	12.48	T	-		
716	18	O	12.48	C	-		
716	19	O	12.48	G	-		
716	20	E	-5.57	A	C		
716	21	O	12.48	G	-		
716	22	O	12.48	G	-		
716	23	O	12.48	T	-		
716	24	O	12.48	G	-		
716	25	O	12.48	C	-		
716	26	O	12.48	T	-		
716	27	O	12.48	C	-		
716	28	O	12.48	A	-		
716	29	O	4.00	T	-		
716	30	O	12.48	C	-		
716	31	O	12.48	G	-		
716	32	O	12.48	T	-		
716	33	O	12.48	A	-		
716	34	O	12.48	G	-		
716	35	O	12.48	G	-		
716	36	O	12.48	A	-		
716	37	O	12.48	T	-		
716	38	O	12.48	T	-		
716	39	O	12.48	T	-		
716	40	O	12.48	G	-		
716	41	O	12.48	T	-		
716	42	O	12.48	T	-		
716	43	O	12.48	G	-		
716	44	O	12.48	A	-		
716	45	O	12.48	G	-		
716	46	O	12.48	T	-		
716	47	O	12.48	C	-		
716	48	O	12.48	T	-		
716	49	O	12.48	C	-		
716	50	O	12.48	T	-		
716	51	O	12.48	G	-		
716	52	O	12.48	T	-		
716	53	O	12.48	G	-		
716	54	O	12.48	A	-		
716	55	O	12.48	T	-		
716	56	O	12.48	T	-		
716	57	O	12.48	T	-		
716	58	O	12.48	G	-		
716	59	O	12.48	C	-		
716	60	O	12.48	G	-		
716	61	O	12.48	A	-		
716	62	O	12.48	G	-		
716	63	O	12.48	A	-		
716	64	O	12.48	G	-		
716	65	O	12.48	A	-		
716	66	O	12.48	A	-		
716	67	O	12.48	G	-		
716	68	O	12.48	C	-		
716	69	O	12.48	G	-		
716	70	O	12.48	A	-		
716	71	O	12.48	T	-		
716	72	O	12.48	G	-		
716	73	O	12.48	G	-		
716	74	O	12.48	T	-		
716	75	O	12.48	A	-		
716	76	O	12.48	A	-		
716	77	O	12.48	T	-		
716	78	O	12.48	G	-		
716	79	O	12.48	A	-		
716	80	O	12.48	T	-		
716	81	O	12.48	G	-		
716	82	O	12.48	A	-		
716	83	O	12.48	G	-		
716	84	O	12.48	A	-		
716	85	O	12.48	T	-		
716	86	O	12.48	G	-		
716	87	O	12.48	T	-		
716	88	O	12.48	T	-		
716	89	O	12.48	G	-		
716	90	O	12.48	C	-		
716	91	O	12.48	A	-		
716	92	O	12.48	T	-		
716	93	O	12.48	A	-		
716	94	O	12.48	T	-		
716	95	O	12.48	G	-		
716	96	O	12.48	T	-		
716	97	O	12.48	G	-		
716	98	O	12.48	T	-		
716	99	O	12.48	G	-		
716	100	O	12.48	C	-		
716	101	O	12.48	T	-		
716	102	O	12.48	G	-		
716	103	O	12.48	C	-		
716	104	O	12.48	A	-		
716	105	O	12.48	A	-		
716	106	O	12.48	G	-		
716	107	O	12.48	G	-		
716	108	O	12.48	A	-		
716	109	O	12.48	A	-		
717	0	O	8.32	G	-		
717	1	O	8.32	A	-		
717	2	O	8.32	A	-		
717	3	O	8.32	A	-		
717	4	O	8.32	T	-		
717	5	O	8.32	G	-		
717	6	O	8.32	C	-		
717	7	O	8.32	G	-		
717	8	O	8.32	A	-		
717	9	O	8.32	A	-		
717	10	O	8.32	T	-		
717	11	O	8.32	G	-		
717	12	O	8.32	C	-		
717	13	O	8.32	A	-		
717	14	O	8.32	A	-		
717	15	O	8.32	T	-		
717	16	O	8.32	G	-		
717	17	O	8.32	A	-		
717	18	O	8.32	T	-		
717	19	O	8.32	A	-		
717	20	O	8.32	A	-		
717	21	O	8.32	T	-		
717	22	O	8.32	T	-		
717	23	O	8.32	A	-		
717	24	O	8.32	T	-		
717	25	O	8.32	C	-		
717	26	O	8.32	G	-		
717	27	O	8.32	A	-		
717	28	O	8.32	C	-		
717	29	O	8.32	T	-		
717	30	O	8.32	T	-		
717	31	O	8.32	G	-		
717	32	O	8.32	A	-		
717	33	O	8.32	T	-		
717	34	O	8.32	G	-		
717	35	O	8.32	C	-		
717	36	O	8.32	T	-		
717	37	O	8.32	A	-		
717	38	O	8.32	T	-		
717	39	O	8.32	A	-		
717	40	O	8.32	G	-		
717	41	O	8.32	A	-		
717	42	O	8.32	A	-		
717	43	O	8.32	T	-		
717	44	O	8.32	C	-		
717	45	O	8.32	A	-		
717	46	O	8.32	T	-		
717	47	O	8.32	A	-		
717	48	O	8.32	T	-		
717	49	O	8.32	C	-		
717	50	O	8.32	A	-		
717	51	O	8.32	T	-		
717	52	O	8.32	G	-		
717	53	O	8.32	A	-		
717	54	O	8.32	G	-		
717	55	O	8.32	G	-		
717	56	O	8.32	G	-		
717	57	O	8.32	T	-		
717	58	O	8.32	T	-		
717	59	O	8.32	T	-		
717	60	O	8.32	T	-		
717	61	O	8.32	T	-		
717	62	O	8.32	T	-		
717	63	O	8.32	C	-		
717	64	O	8.32	A	-		
717	65	O	8.32	T	-		
717	66	O	8.32	A	-		
717	67	O	8.32	T	-		
717	68	O	8.32	T	-		
717	69	O	8.32	C	-		
717	70	O	8.32	A	-		
717	71	O	8.32	T	-		
717	72	O	8.32	A	-		
717	73	O	8.32	T	-		
717	74	O	8.32	C	-		
717	75	O	8.32	G	-		
717	76	O	8.32	T	-		
717	77	O	8.32	C	-		
717	78	O	8.32	A	-		
717	79	O	8.32	G	-		
717	80	O	8.32	T	-		
717	81	O	8.32	C	-		
717	82	O	8.32	G	-		
717	83	O	8.32	T	-		
717	84	O	8.32	T	-		
717	85	O	8.32	G	-		
717	86	O	8.32	G	-		
717	87	O	8.32	G	-		
717	88	O	8.32	A	-		
717	89	O	8.32	A	-		
717	90	O	8.32	G	-		
717	91	O	8.32	C	-		
717	92	O	8.32	C	-		
717	93	O	8.32	G	-		
717	94	O	8.32	G	-		
717	95	O	8.32	A	-		
717	96	O	8.32	A	-		
717	97	O	8.32	A	-		
717	98	O	8.32	T	-		
717	99	O	8.32	A	-		
717	100	O	8.32	T	-		
717	101	O	8.32	T	-		
717	102	O	8.32	C	-		
717	103	O	8.32	G	-		
717	104	O	8.32	A	-		
717	105	O	8.32	T	-		
717	106	O	8.32	C	-		
717	107	O	8.32	A	-		
717	108	O	8.32	G	-		
717	109	O	8.32	A	-		
718	0	O	8.32	A	-		
718	1	O	8.32	G	-		
718	2	O	8.32	C	-		
718	3	O	8.32	G	-		
718	4	O	8.32	G	-		
718	5	O	8.32	A	-		
718	6	O	8.32	T	-		
718	7	O	8.32	G	-		
718	8	O	8.32	G	-		
718	9	O	8.32	C	-		
718	10	O	8.32	G	-		
718	11	O	8.32	C	-		
718	12	O	8.32	A	-		
718	13	O	8.32	A	-		
718	14	O	8.32	G	-		
718	15	O	8.32	C	-		
718	16	O	8.32	G	-		
718	17	O	8.32	A	-		
718	18	O	8.32	C	-		
718	19	O	8.32	A	-		
718	20	O	8.32	G	-		
718	21	O	8.32	T	-		
718	22	O	8.32	G	-		
718	23	O	8.32	A	-		
718	24	O	8.32	C	-		
718	25	O	8.32	A	-		
718	26	O	8.32	A	-		
718	27	O	8.32	C	-		
718	28	O	8.32	A	-		
718	29	O	8.32	G	-		
718	30	O	8.32	C	-		
718	31	O	8.32	T	-		
718	32	O	8.32	C	-		
718	33	O	8.32	G	-		
718	34	O	8.32	G	-		
718	35	O	8.32	C	-		
718	36	O	8.32	G	-		
718	37	O	8.32	C	-		
718	38	O	8.32	A	-		
718	39	O	8.32	C	-		
718	40	O	8.32	T	-		
718	41	O	8.32	C	-		
718	42	O	8.32	G	-		
718	43	O	8.32	G	-		
718	44	O	8.32	A	-		
718	45	O	8.32	A	-		
718	46	O	8.32	G	-		
718	47	O	8.32	T	-		
718	48	O	8.32	G	-		
718	49	O	8.32	A	-		
718	50	O	8.32	T	-		
718	51	O	8.32	T	-		
718	52	O	8.32	G	-		
718	53	O	8.32	C	-		
718	54	O	8.32	A	-		
718	55	O	8.32	G	-		
718	56	O	8.32	T	-		
718	57	O	8.32	C	-		
718	58	O	8.32	C	-		
718	59	O	8.32	A	-		
718	60	O	8.32	G	-		
718	61	O	8.32	A	-		
718	62	O	8.32	G	-		
718	63	O	8.32	C	-		
718	64	O	8.32	A	-		
718	65	O	8.32	G	-		
718	66	O	8.32	T	-		
718	67	O	8.32	T	-		
718	68	O	8.32	C	-		
718	69	O	8.32	A	-		
718	70	O	8.32	G	-		
718	71	O	8.32	A	-		
718	72	O	8.32	G	-		
718	73	O	8.32	A	-		
718	74	O	8.32	G	-		
718	75	O	8.32	C	-		
718	76	O	8.32	C	-		
718	77	O	8.32	C	-		
718	78	O	8.32	A	-		
718	79	O	8.32	G	-		
718	80	O	8.32	C	-		
718	81	O	8.32	T	-		
718	82	O	8.32	G	-		
718	83	O	8.32	A	-		
718	84	O	8.32	G	-		
718	85	O	8.32	C	-		
718	86	O	8.32	G	-		
718	87	O	8.32	C	-		
718	88	O	8.32	C	-		
718	89	O	8.32	C	-		
718	90	O	8.32	A	-		
718	91	O	8.32	C	-		
718	92	O	8.32	C	-		
718	93	O	8.32	T	-		
718	94	O	8.32	G	-		
718	95	O	8.32	G	-		
718	96	O	8.32	C	-		
718	97	O	8.32	C	-		
718	98	O	8.32	G	-		
718	99	O	8.32	A	-		
718	100	O	8.32	C	-		
718	101	O	8.32	C	-		
718	102	O	8.32	A	-		
718	103	O	8.32	C	-		
718	104	O	8.32	T	-		
718	105	O	8.32	C	-		
718	106	O	8.32	G	-		
718	107	O	8.32	A	-		
718	108	O	8.32	G	-		
718	109	O	8.32	G	-		
719	0	O	13.86	C	-		
719	1	O	13.86	G	-		
719	2	O	13.86	T	-		
719	3	O	13.86	G	-		
719	4	O	13.86	G	-		
719	5	O	13.86	A	-		
719	6	O	13.86	A	-		
719	7	O	13.86	A	-		
719	8	O	13.86	G	-		
719	9	O	13.86	A	-		
719	10	O	13.86	C	-		
719	11	O	13.86	G	-		
719	12	O	13.86	G	-		
719	13	O	13.86	T	-		
719	14	O	13.86	G	-		
719	15	O	13.86	T	-		
719	16	O	13.86	T	-		
719	17	O	13.86	C	-		
719	18	O	13.86	A	-		
719	19	O	13.86	G	-		
719	20	O	13.86	T	-		
719	21	O	13.86	G	-		
719	22	O	13.86	C	-		
719	23	O	13.86	T	-		
719	24	O	13.86	A	-		
719	25	O	13.86	T	-		
719	26	O	13.86	T	-		
719	27	O	13.86	C	-		
719	28	O	13.86	C	-		
719	29	O	13.86	G	-		
719	30	O	13.86	A	-		
719	31	O	13.86	C	-		
719	32	O	13.86	G	-		
719	33	O	13.86	T	-		
719	34	O	13.86	A	-		
719	35	O	13.86	C	-		
719	36	O	13.86	A	-		
719	37	O	13.86	C	-		
719	38	O	13.86	G	-		
719	39	O	13.86	A	-		
719	40	O	13.86	G	-		
719	41	O	13.86	C	-		
719	42	O	13.86	C	-		
719	43	O	13.86	C	-		
719	44	O	13.86	G	-		
719	45	O	13.86	G	-		
719	46	O	13.86	A	-		
719	47	O	13.86	A	-		
719	48	O	13.86	C	-		
719	49	O	13.86	T	-		
719	50	O	13.86	T	-		
719	51	O	13.86	C	-		
719	52	O	13.86	A	-		
719	53	O	13.86	A	-		
719	54	O	13.86	T	-		
719	55	O	13.86	T	-		
719	56	O	13.86	G	-		
719	57	O	13.86	G	-		
719	58	O	13.86	C	-		
719	59	O	13.86	A	-		
719	60	O	13.86	C	-		
719	61	O	13.86	C	-		
719	62	O	13.86	G	-		
719	63	O	13.86	A	-		
719	64	O	13.86	G	-		
719	65	O	13.86	C	-		
719	66	O	13.86	G	-		
719	67	O	13.86	T	-		
719	68	O	13.86	T	-		
719	69	O	13.86	T	-		
719	70	O	13.86	C	-		
719	71	O	13.86	C	-		
719	72	O	13.86	A	-		
719	73	O	13.86	T	-		
719	74	O	13.86	C	-		
719	75	O	13.86	C	-		
719	76	O	13.86	C	-		
719	77	O	13.86	G	-		
719	78	O	13.86	A	-		
719	79	O	13.86	T	-		
719	80	O	13.86	G	-		
719	81	O	13.86	C	-		
719	82	O	13.86	G	-		
719	83	O	13.86	C	-		
719	84	O	13.86	T	-		
719	85	O	13.86	G	-		
719	86	O	13.86	C	-		
719	87	O	13.86	G	-		
719	88	O	13.86	C	-		
719	89	O	13.86	A	-		
719	90	O	13.86	C	-		
719	91	O	13.86	T	-		
719	92	O	13.86	G	-		
719	93	O	13.86	C	-		
719	94	O	13.86	G	-		
719	95	O	13.86	G	-		
719	96	O	13.86	A	-		
719	97	O	13.86	A	-		
719	98	O	13.86	A	-		
719	99	O	13.86	T	-		
719	100	O	13.86	T	-		
719	101	O	13.86	T	-		
719	102	O	13.86	G	-		
719	103	O	13.86	G	-		
719	104	O	13.86	C	-		
719	105	O	13.86	C	-		
719	106	O	13.86	C	-		
719	107	O	13.86	A	-		
719	108	O	13.86	T	-		
719	109	O	13.86	T	-		
720	0	O	5.55	G	-		
720	1	O	5.55	A	-		
720	2	O	5.55	G	-		
720	3	O	5.55	G	-		
720	4	O	5.55	A	-		
720	5	O	5.55	G	-		
720	6	O	5.55	C	-		
720	7	O	5.55	C	-		
720	8	O	5.55	A	-		
720	9	O	5.55	A	-		
720	10	O	5.55	A	-		
720	11	O	5.55	G	-		
720	12	O	5.55	T	-		
720	13	O	5.55	A	-		
720	14	O	5.55	T	-		
720	15	O	5.55	T	-		
720	16	O	5.55	T	-		
720	17	O	5.55	T	-		
720	18	O	5.55	G	-		
720	19	O	5.55	G	-		
720	20	O	5.55	T	-		
720	21	O	5.55	A	-		
720	22	O	5.55	C	-		
720	23	O	5.55	C	-		
720	24	O	5.55	A	-		
720	25	O	5.55	C	-		
720	26	O	5.55	T	-		
720	27	O	5.55	T	-		
720	28	O	5.55	G	-		
720	29	O	5.55	C	-		
720	30	O	5.55	A	-		
720	31	O	5.55	G	-		
720	32	O	5.55	A	-		
720	33	O	5.55	T	-		
720	34	O	5.55	C	-		
720	35	O	5.55	C	-		
720	36	O	5.55	T	-		
720	37	O	5.55	C	-		
720	38	O	5.55	T	-		
720	39	O	5.55	T	-		
720	40	O	5.55	C	-		
720	41	O	5.55	C	-		
720	42	O	5.55	A	-		
720	43	O	5.55	C	-		
720	44	O	5.55	C	-		
720	45	O	5.55	A	-		
720	46	O	5.55	T	-		
720	47	O	5.55	C	-		
720	48	O	5.55	A	-		
720	49	O	5.55	C	-		
720	50	O	5.55	C	-		
720	51	O	5.55	G	-		
720	52	O	5.55	T	-		
720	53	O	5.55	C	-		
720	54	O	5.55	C	-		
720	55	O	5.55	A	-		
720	56	O	5.55	C	-		
720	57	O	5.55	A	-		
720	58	O	5.55	G	-		
720	59	O	5.55	A	-		
720	60	O	5.55	G	-		
720	61	O	5.55	C	-		
720	62	O	5.55	C	-		
720	63	O	5.55	T	-		
720	64	O	5.55	G	-		
720	65	O	5.55	C	-		
720	66	O	5.55	G	-		
720	67	O	5.55	C	-		
720	68	O	5.55	C	-		
720	69	O	5.55	T	-		
720	70	O	5.55	T	-		
720	71	O	5.55	G	-		
720	72	O	5.55	C	-		
720	73	O	5.55	C	-		
720	74	O	5.55	T	-		
720	75	O	5.55	T	-		
720	76	O	5.55	T	-		
720	77	O	5.55	G	-		
720	78	O	5.55	A	-		
720	79	O	5.55	C	-		
720	80	O	5.55	T	-		
720	81	O	5.55	G	-		
720	82	O	5.55	C	-		
720	83	O	5.55	A	-		
720	84	O	5.55	C	-		
720	85	O	5.55	T	-		
720	86	O	5.55	T	-		
720	87	O	5.55	C	-		
720	88	O	5.55	C	-		
720	89	O	5.55	G	-		
720	90	O	5.55	G	-		
720	91	O	5.55	G	-		
720	92	O	5.55	A	-		
720	93	O	5.55	T	-		
720	94	O	5.55	A	-		
720	95	O	5.55	G	-		
720	96	O	5.55	G	-		
720	97	O	5.55	A	-		
720	98	O	5.55	A	-		
720	99	O	5.55	C	-		
720	100	O	5.55	C	-		
720	101	O	5.55	A	-		
720	102	O	5.55	G	-		
720	103	O	5.55	C	-		
720	104	O	5.55	G	-		
720	105	O	5.55	C	-		
720	106	O	5.55	C	-		
720	107	O	5.55	A	-		
720	108	O	5.55	A	-		
720	109	O	5.55	A	-		
721	0	O	5.55	T	-		
721	1	O	5.55	C	-		
721	2	O	5.55	G	-		
721	3	O	5.55	A	-		
721	4	O	5.55	G	-		
721	5	O	5.55	C	-		
721	6	O	5.55	T	-		
721	7	O	5.55	T	-		
721	8	O	5.55	G	-		
721	9	O	5.55	G	-		
721	10	O	5.55	C	-		
721	11	O	5.55	C	-		
721	12	O	5.55	G	-		
721	13	O	5.55	A	-		
721	14	O	5.55	C	-		
721	15	O	5.55	T	-		
721	16	O	5.55	G	-		
721	17	O	5.55	C	-		
721	18	O	5.55	A	-		
721	19	O	5.55	T	-		
721	20	O	5.55	C	-		
721	21	O	5.55	C	-		
721	22	O	5.55	G	-		
721	23	O	5.55	A	-		
721	24	O	5.55	T	-		
721	25	O	5.55	G	-		
721	26	O	5.55	T	-		
721	27	O	5.55	T	-		
721	28	O	5.55	T	-		
721	29	O	5.55	G	-		
721	30	O	5.55	G	-		
721	31	O	5.55	C	-		
721	32	O	5.55	G	-		
721	33	O	5.55	C	-		
721	34	O	5.55	A	-		
721	35	O	5.55	C	-		
721	36	O	5.55	A	-		
721	37	O	5.55	C	-		
721	38	O	5.55	G	-		
721	39	O	5.55	A	-		
721	40	O	5.55	G	-		
721	41	O	5.55	C	-		
721	42	O	5.55	G	-		
721	43	O	5.55	A	-		
721	44	O	5.55	T	-		
721	45	O	5.55	C	-		
721	46	O	5.55	C	-		
721	47	O	5.55	G	-		
721	48	O	5.55	T	-		
721	49	O	5.55	C	-		
721	50	O	5.55	G	-		
721	51	O	5.55	C	-		
721	52	O	5.55	C	-		
721	53	O	5.55	G	-		
721	54	O	5.55	G	-		
721	55	O	5.55	C	-		
721	56	O	5.55	G	-		
721	57	O	5.55	C	-		
721	58	O	5.55	C	-		
721	59	O	5.55	G	-		
721	60	O	5.55	T	-		
721	61	O	5.55	T	-		
721	62	O	5.55	G	-		
721	63	O	5.55	C	-		
721	64	O	5.55	A	-		
721	65	O	5.55	G	-		
721	66	O	5.55	T	-		
721	67	O	5.55	C	-		
721	68	O	5.55	C	-		
721	69	O	5.55	C	-		
721	70	O	5.55	T	-		
721	71	O	5.55	C	-		
721	72	O	5.55	C	-		
721	73	O	5.55	T	-		
721	74	O	5.55	T	-		
721	75	O	5.55	T	-		
721	76	O	5.55	G	-		
721	77	O	5.55	C	-		
721	78	O	5.55	A	-		
721	79	O	5.55	C	-		
721	80	O	5.55	C	-		
721	81	O	5.55	T	-		
721	82	O	5.55	C	-		
721	83	O	5.55	G	-		
721	84	O	5.55	A	-		
721	85	O	5.55	T	-		
721	86	O	5.55	G	-		
721	87	O	5.55	G	-		
721	88	O	5.55	G	-		
721	89	O	5.55	A	-		
721	90	O	5.55	G	-		
721	91	O	5.55	C	-		
721	92	O	5.55	G	-		
721	93	O	5.55	C	-		
721	94	O	5.55	T	-		
721	95	O	5.55	G	-		
721	96	O	5.55	A	-		
721	97	O	5.55	C	-		
721	98	O	5.55	A	-		
721	99	O	5.55	G	-		
721	100	O	5.55	C	-		
721	101	O	5.55	G	-		
721	102	O	5.55	C	-		
721	103	O	5.55	C	-		
721	104	O	5.55	G	-		
721	105	O	5.55	G	-		
721	106	O	5.55	A	-		
721	107	O	5.55	C	-		
721	108	O	5.55	T	-		
721	109	O	5.55	C	-		
722	0	O	20.79	C	-		
722	1	O	20.79	G	-		
722	2	O	20.79	G	-		
722	3	O	20.79	C	-		
722	4	O	20.79	C	-		
722	5	O	20.79	G	-		
722	6	O	20.79	A	-		
722	7	O	20.79	C	-		
722	8	O	20.79	A	-		
722	9	O	20.79	T	-		
722	10	O	20.79	G	-		
722	11	O	20.79	T	-		
722	12	O	20.79	G	-		
722	13	O	20.79	G	-		
722	14	O	20.79	A	-		
722	15	O	20.79	G	-		
722	16	O	20.79	C	-		
722	17	O	20.79	T	-		
722	18	O	20.79	T	-		
722	19	O	20.79	C	-		
722	20	O	20.79	G	-		
722	21	O	20.79	C	-		
722	22	O	20.79	G	-		
722	23	O	20.79	A	-		
722	24	O	20.79	T	-		
722	25	O	20.79	C	-		
722	26	O	20.79	A	-		
722	27	O	20.79	T	-		
722	28	O	20.79	T	-		
722	29	O	20.79	C	-		
722	30	O	20.79	T	-		
722	31	O	20.79	C	-		
722	32	O	20.79	T	-		
722	33	O	20.79	G	-		
722	34	O	20.79	G	-		
722	35	O	20.79	G	-		
722	36	O	20.79	A	-		
722	37	O	20.79	G	-		
722	38	O	20.79	T	-		
722	39	O	20.79	T	-		
722	40	O	20.79	A	-		
722	41	O	20.79	G	-		
722	42	O	20.79	C	-		
722	43	O	20.79	C	-		
722	44	O	20.79	A	-		
722	45	O	20.79	C	-		
722	46	O	20.79	C	-		
722	47	O	20.79	C	-		
722	48	O	20.79	G	-		
722	49	O	20.79	T	-		
722	50	O	20.79	C	-		
722	51	O	20.79	A	-		
722	52	O	20.79	G	-		
722	53	O	20.79	G	-		
722	54	O	20.79	T	-		
722	55	O	20.79	G	-		
722	56	O	20.79	C	-		
722	57	O	20.79	C	-		
722	58	O	20.79	C	-		
722	59	O	20.79	T	-		
722	60	O	20.79	T	-		
722	61	O	20.79	C	-		
722	62	O	20.79	G	-		
722	63	O	20.79	C	-		
722	64	O	20.79	C	-		
722	65	O	20.79	G	-		
722	66	O	20.79	G	-		
722	67	O	20.79	C	-		
722	68	O	20.79	C	-		
722	69	O	20.79	T	-		
722	70	O	20.79	G	-		
722	71	O	20.79	T	-		
722	72	O	20.79	C	-		
722	73	O	20.79	C	-		
722	74	O	20.79	G	-		
722	75	O	20.79	C	-		
722	76	O	20.79	C	-		
722	77	O	20.79	A	-		
722	78	O	20.79	T	-		
722	79	O	20.79	C	-		
722	80	O	20.79	G	-		
722	81	O	20.79	A	-		
722	82	O	20.79	G	-		
722	83	O	20.79	A	-		
722	84	O	20.79	T	-		
722	85	O	20.79	T	-		
722	86	O	20.79	G	-		
722	87	O	20.79	G	-		
722	88	O	20.79	C	-		
722	89	O	20.79	A	-		
722	90	O	20.79	T	-		
722	91	O	20.79	G	-		
722	92	O	20.79	A	-		
722	93	O	20.79	A	-		
722	94	O	20.79	A	-		
722	95	O	20.79	G	-		
722	96	O	20.79	T	-		
722	97	O	20.79	G	-		
722	98	O	20.79	G	-		
722	99	O	20.79	T	-		
722	100	O	20.79	C	-		
722	101	O	20.79	C	-		
722	102	O	20.79	T	-		
722	103	O	20.79	G	-		
722	104	O	20.79	G	-		
722	105	E	-9.29	G	A		
722	106	O	20.79	G	-		
722	107	O	20.79	A	-		
722	108	O	20.79	A	-		
722	109	O	20.79	T	-		
723	0	O	6.93	T	-		
723	1	O	6.93	C	-		
723	2	O	6.93	G	-		
723	3	O	6.93	G	-		
723	4	O	6.93	T	-		
723	5	O	6.93	T	-		
723	6	O	6.93	T	-		
723	7	O	6.93	T	-		
723	8	O	6.93	G	-		
723	9	O	6.93	T	-		
723	10	O	6.93	C	-		
723	11	O	6.93	C	-		
723	12	O	6.93	T	-		
723	13	O	6.93	C	-		
723	14	O	6.93	T	-		
723	15	O	6.93	G	-		
723	16	O	6.93	A	-		
723	17	O	6.93	G	-		
723	18	O	6.93	T	-		
723	19	O	6.93	C	-		
723	20	O	6.93	T	-		
723	21	O	6.93	G	-		
723	22	O	6.93	T	-		
723	23	O	6.93	G	-		
723	24	O	6.93	T	-		
723	25	O	6.93	T	-		
723	26	O	6.93	T	-		
723	27	O	6.93	T	-		
723	28	O	6.93	C	-		
723	29	O	6.93	A	-		
723	30	O	6.93	C	-		
723	31	O	6.93	T	-		
723	32	O	6.93	T	-		
723	33	O	6.93	G	-		
723	34	O	6.93	T	-		
723	35	O	6.93	G	-		
723	36	O	6.93	G	-		
723	37	O	6.93	C	-		
723	38	O	6.93	T	-		
723	39	O	6.93	G	-		
723	40	O	6.93	C	-		
723	41	O	6.93	T	-		
723	42	O	6.93	A	-		
723	43	O	6.93	T	-		
723	44	O	6.93	T	-		
723	45	O	6.93	T	-		
723	46	O	6.93	C	-		
723	47	O	6.93	G	-		
723	48	O	6.93	T	-		
723	49	O	6.93	G	-		
723	50	O	6.93	A	-		
723	51	O	6.93	G	-		
723	52	O	6.93	C	-		
723	53	O	6.93	T	-		
723	54	O	6.93	A	-		
723	55	O	6.93	T	-		
723	56	O	6.93	T	-		
723	57	O	6.93	T	-		
723	58	O	6.93	T	-		
723	59	O	6.93	T	-		
723	60	O	6.93	A	-		
723	61	O	6.93	G	-		
723	62	O	6.93	T	-		
723	63	O	6.93	T	-		
723	64	O	6.93	T	-		
723	65	O	6.93	A	-		
723	66	O	6.93	T	-		
723	67	O	6.93	T	-		
723	68	O	6.93	T	-		
723	69	O	6.93	T	-		
723	70	O	6.93	G	-		
723	71	O	6.93	G	-		
723	72	O	6.93	T	-		
723	73	O	6.93	A	-		
723	74	O	6.93	C	-		
723	75	O	6.93	C	-		
723	76	O	6.93	C	-		
723	77	O	6.93	A	-		
723	78	O	6.93	G	-		
723	79	O	6.93	T	-		
723	80	O	6.93	T	-		
723	81	O	6.93	G	-		
723	82	O	6.93	C	-		
723	83	O	6.93	T	-		
723	84	O	6.93	T	-		
723	85	O	6.93	A	-		
723	86	O	6.93	T	-		
723	87	O	6.93	T	-		
723	88	O	6.93	T	-		
723	89	O	6.93	T	-		
723	90	O	6.93	T	-		
723	91	O	6.93	T	-		
723	92	O	6.93	A	-		
723	93	O	6.93	G	-		
723	94	O	6.93	T	-		
723	95	O	6.93	T	-		
723	96	O	6.93	T	-		
723	97	O	6.93	A	-		
723	98	O	6.93	T	-		
723	99	O	6.93	T	-		
723	100	O	6.93	T	-		
723	101	O	6.93	G	-		
723	102	O	6.93	G	-		
723	103	O	6.93	A	-		
723	104	O	6.93	C	-		
723	105	O	6.93	T	-		
723	106	O	6.93	G	-		
723	107	O	6.93	T	-		
723	108	O	6.93	C	-		
723	109	O	6.93	A	-		
724	0	O	30.50	A	-		
724	1	O	30.50	T	-		
724	2	O	30.50	G	-		
724	3	O	30.50	T	-		
724	4	O	30.50	G	-		
724	5	O	30.50	G	-		
724	6	O	30.50	G	-		
724	7	O	30.50	A	-		
724	8	O	30.50	G	-		
724	9	O	30.50	G	-		
724	10	O	30.50	C	-		
724	11	O	30.50	T	-		
724	12	O	30.50	T	-		
724	13	O	30.50	A	-		
724	14	O	30.50	C	-		
724	15	O	30.50	C	-		
724	16	O	30.50	A	-		
724	17	O	30.50	T	-		
724	18	O	30.50	T	-		
724	19	O	30.50	T	-		
724	20	O	30.50	C	-		
724	21	O	30.50	C	-		
724	22	O	30.50	A	-		
724	23	O	30.50	T	-		
724	24	O	30.50	C	-		
724	25	O	30.50	T	-		
724	26	O	30.50	C	-		
724	27	O	30.50	C	-		
724	28	O	30.50	T	-		
724	29	O	30.50	C	-		
724	30	O	30.50	C	-		
724	31	O	30.50	T	-		
724	32	O	30.50	C	-		
724	33	O	30.50	C	-		
724	34	O	30.50	A	-		
724	35	O	30.50	C	-		
724	36	O	30.50	G	-		
724	37	O	30.50	T	-		
724	38	O	30.50	A	-		
724	39	O	30.50	G	-		
724	40	O	30.50	G	-		
724	41	O	30.50	C	-		
724	42	O	30.50	C	-		
724	43	O	30.50	T	-		
724	44	O	30.50	G	-		
724	45	O	30.50	T	-		
724	46	O	30.50	C	-		
724	47	O	30.50	T	-		
724	48	O	30.50	C	-		
724	49	O	30.50	G	-		
724	50	O	30.50	C	-		
724	51	O	30.50	C	-		
724	52	O	30.50	G	-		
724	53	O	30.50	G	-		
724	54	O	30.50	G	-		
724	55	O	30.50	T	-		
724	56	O	30.50	G	-		
724	57	O	30.50	A	-		
724	58	O	30.50	C	-		
724	59	O	30.50	G	-		
724	60	O	30.50	C	-		
724	61	O	30.50	G	-		
724	62	O	30.50	C	-		
724	63	O	30.50	C	-		
724	64	O	30.50	A	-		
724	65	O	30.50	T	-		
724	66	O	30.50	T	-		
724	67	O	30.50	G	-		
724	68	O	30.50	C	-		
724	69	O	30.50	G	-		
724	70	O	30.50	G	-		
724	71	O	30.50	T	-		
724	72	O	30.50	A	-		
724	73	O	30.50	G	-		
724	74	O	30.50	A	-		
724	75	O	30.50	C	-		
724	76	O	30.50	T	-		
724	77	O	30.50	G	-		
724	78	O	30.50	T	-		
724	79	O	30.50	G	-		
724	80	O	30.50	A	-		
724	81	O	30.50	T	-		
724	82	O	30.50	G	-		
724	83	O	30.50	T	-		
724	84	O	30.50	T	-		
724	85	O	30.50	C	-		
724	86	O	30.50	A	-		
724	87	O	30.50	G	-		
724	88	O	30.50	A	-		
724	89	O	30.50	C	-		
724	90	O	30.50	A	-		
724	91	O	30.50	G	-		
724	92	O	30.50	G	-		
724	93	O	30.50	T	-		
724	94	O	30.50	G	-		
724	95	O	30.50	C	-		
724	96	O	30.50	T	-		
724	97	O	30.50	T	-		
724	98	O	30.50	A	-		
724	99	O	30.50	G	-		
724	100	O	30.50	T	-		
724	101	O	30.50	C	-		
724	102	O	30.50	T	-		
724	103	O	30.50	G	-		
724	104	O	30.50	G	-		
724	105	O	30.50	T	-		
724	106	O	30.50	T	-		
724	107	O	30.50	G	-		
724	108	O	30.50	A	-		
724	109	O	30.50	G	-		
725	0	O	11.09	A	-		
725	1	O	11.09	G	-		
725	2	O	11.09	G	-		
725	3	O	11.09	G	-		
725	4	O	11.09	G	-		
725	5	O	11.09	A	-		
725	6	O	11.09	A	-		
725	7	O	11.09	G	-		
725	8	O	11.09	A	-		
725	9	O	11.09	A	-		
725	10	O	11.09	C	-		
725	11	O	11.09	G	-		
725	12	O	11.09	G	-		
725	13	O	11.09	C	-		
725	14	O	11.09	C	-		
725	15	O	11.09	T	-		
725	16	O	11.09	G	-		
725	17	O	11.09	G	-		
725	18	O	11.09	A	-		
725	19	O	11.09	A	-		
725	20	O	11.09	C	-		
725	21	O	11.09	A	-		
725	22	O	11.09	G	-		
725	23	O	11.09	C	-		
725	24	O	11.09	C	-		
725	25	O	11.09	T	-		
725	26	O	11.09	G	-		
725	27	O	11.09	A	-		
725	28	O	11.09	T	-		
725	29	O	11.09	G	-		
725	30	O	11.09	G	-		
725	31	O	11.09	G	-		
725	32	O	11.09	G	-		
725	33	O	11.09	C	-		
725	34	O	11.09	C	-		
725	35	O	11.09	A	-		
725	36	O	11.09	T	-		
725	37	O	11.09	T	-		
725	38	O	11.09	G	-		
725	39	O	11.09	A	-		
725	40	O	11.09	C	-		
725	41	O	11.09	G	-		
725	42	O	11.09	T	-		
725	43	O	11.09	T	-		
725	44	O	11.09	G	-		
725	45	O	11.09	A	-		
725	46	O	11.09	C	-		
725	47	O	11.09	G	-		
725	48	O	11.09	T	-		
725	49	O	11.09	C	-		
725	50	O	11.09	G	-		
725	51	O	11.09	A	-		
725	52	O	11.09	C	-		
725	53	O	11.09	G	-		
725	54	O	11.09	T	-		
725	55	O	11.09	G	-		
725	56	O	11.09	C	-		
725	57	O	11.09	T	-		
725	58	O	11.09	C	-		
725	59	O	11.09	G	-		
725	60	O	11.09	G	-		
725	61	O	11.09	T	-		
725	62	O	11.09	C	-		
725	63	O	11.09	A	-		
725	64	O	11.09	T	-		
725	65	O	11.09	G	-		
725	66	O	11.09	T	-		
725	67	O	11.09	C	-		
725	68	O	11.09	A	-		
725	69	O	11.09	G	-		
725	70	O	11.09	A	-		
725	71	O	11.09	C	-		
725	72	O	11.09	G	-		
725	73	O	11.09	T	-		
725	74	O	11.09	C	-		
725	75	O	11.09	T	-		
725	76	O	11.09	T	-		
725	77	O	11.09	G	-		
725	78	O	11.09	A	-		
725	79	O	11.09	C	-		
725	80	O	11.09	C	-		
725	81	O	11.09	T	-		
725	82	O	11.09	T	-		
725	83	O	11.09	G	-		
725	84	O	11.09	G	-		
725	85	O	11.09	C	-		
725	86	O	11.09	A	-		
725	87	O	11.09	A	-		
725	88	O	11.09	C	-		
725	89	O	11.09	C	-		
725	90	O	11.09	T	-		
725	91	O	11.09	C	-		
725	92	O	11.09	G	-		
725	93	O	11.09	A	-		
725	94	O	11.09	C	-		
725	95	O	11.09	G	-		
725	96	O	11.09	A	-		
725	97	O	11.09	A	-		
725	98	O	11.09	A	-		
725	99	O	11.09	G	-		
725	100	O	11.09	C	-		
725	101	O	11.09	C	-		
725	102	O	11.09	T	-		
725	103	O	11.09	C	-		
725	104	O	11.09	G	-		
725	105	O	11.09	G	-		
725	106	O	11.09	A	-		
725	107	O	11.09	T	-		
725	108	O	11.09	T	-		
725	109	O	11.09	T	-		
726	0	O	8.32	C	-		
726	1	O	8.32	T	-		
726	2	O	8.32	C	-		
726	3	O	8.32	G	-		
726	4	O	8.32	C	-		
726	5	O	8.32	C	-		
726	6	O	8.32	G	-		
726	7	U	-3.71	C	G		
726	8	O	8.32	A	-		
726	9	O	8.32	C	-		
726	10	O	8.32	A	-		
726	11	O	8.32	C	-		
726	12	O	8.32	T	-		
726	13	O	8.32	T	-		
726	14	O	8.32	C	-		
726	15	O	8.32	G	-		
726	16	O	8.32	T	-		
726	17	O	8.32	C	-		
726	18	O	8.32	G	-		
726	19	O	8.32	A	-		
726	20	O	8.32	T	-		
726	21	O	8.32	G	-		
726	22	O	8.32	G	-		
726	23	O	8.32	G	-		
726	24	O	8.32	A	-		
726	25	O	8.32	A	-		
726	26	O	8.32	T	-		
726	27	O	8.32	T	-		
726	28	O	8.32	C	-		
726	29	O	8.32	G	-		
726	30	O	8.32	G	-		
726	31	O	8.32	G	-		
726	32	O	8.32	C	-		
726	33	O	8.32	G	-		
726	34	O	8.32	A	-		
726	35	O	8.32	G	-		
726	36	O	8.32	C	-		
726	37	O	8.32	G	-		
726	38	O	8.32	C	-		
726	39	O	8.32	T	-		
726	40	O	8.32	G	-		
726	41	O	8.32	G	-		
726	42	O	8.32	G	-		
726	43	O	8.32	G	-		
726	44	O	8.32	C	-		
726	45	O	8.32	T	-		
726	46	O	8.32	G	-		
726	47	O	8.32	A	-		
726	48	O	8.32	G	-		
726	49	O	8.32	A	-		
726	50	O	8.32	A	-		
726	51	O	8.32	G	-		
726	52	O	8.32	G	-		
726	53	O	8.32	T	-		
726	54	O	8.32	A	-		
726	55	O	8.32	T	-		
726	56	O	8.32	T	-		
726	57	O	8.32	G	-		
726	58	O	8.32	G	-		
726	59	O	8.32	T	-		
726	60	O	8.32	A	-		
726	61	O	8.32	A	-		
726	62	O	8.32	A	-		
726	63	O	8.32	G	-		
726	64	O	8.32	T	-		
726	65	O	8.32	A	-		
726	66	O	8.32	C	-		
726	67	O	8.32	A	-		
726	68	O	8.32	A	-		
726	69	O	8.32	A	-		
726	70	O	8.32	T	-		
726	71	O	8.32	A	-		
726	72	O	8.32	T	-		
726	73	O	8.32	C	-		
726	74	O	8.32	C	-		
726	75	O	8.32	T	-		
726	76	O	8.32	C	-		
726	77	O	8.32	C	-		
726	78	O	8.32	C	-		
726	79	O	8.32	T	-		
726	80	O	8.32	G	-		
726	81	O	8.32	G	-		
726	82	O	8.32	A	-		
726	83	O	8.32	C	-		
726	84	O	8.32	G	-		
726	85	O	8.32	T	-		
726	86	O	8.32	G	-		
726	87	O	8.32	C	-		
726	88	O	8.32	A	-		
726	89	O	8.32	G	-		
726	90	O	8.32	G	-		
726	91	O	8.32	C	-		
726	92	O	8.32	C	-		
726	93	O	8.32	G	-		
726	94	O	8.32	T	-		
726	95	O	8.32	T	-		
726	96	O	8.32	G	-		
726	97	O	8.32	A	-		
726	98	O	8.32	T	-		
726	99	O	8.32	A	-		
726	100	O	8.32	C	-		
726	101	O	8.32	C	-		
726	102	O	8.32	G	-		
726	103	O	8.32	G	-		
726	104	O	8.32	A	-		
726	105	O	8.32	T	-		
726	106	O	8.32	T	-		
726	107	O	8.32	T	-		
726	108	O	8.32	G	-		
726	109	O	8.32	A	-		
727	0	O	8.32	C	-		
727	1	O	8.32	A	-		
727	2	O	8.32	C	-		
727	3	O	8.32	A	-		
727	4	O	8.32	C	-		
727	5	O	8.32	T	-		
727	6	O	8.32	A	-		
727	7	O	8.32	A	-		
727	8	O	8.32	G	-		
727	9	O	8.32	T	-		
727	10	O	8.32	G	-		
727	11	O	8.32	T	-		
727	12	O	8.32	G	-		
727	13	O	8.32	G	-		
727	14	O	8.32	T	-		
727	15	O	8.32	G	-		
727	16	O	8.32	T	-		
727	17	O	8.32	T	-		
727	18	O	8.32	T	-		
727	19	O	8.32	G	-		
727	20	O	8.32	T	-		
727	21	O	8.32	A	-		
727	22	O	8.32	C	-		
727	23	O	8.32	T	-		
727	24	O	8.32	T	-		
727	25	O	8.32	G	-		
727	26	O	8.32	A	-		
727	27	O	8.32	G	-		
727	28	O	8.32	T	-		
727	29	O	8.32	A	-		
727	30	O	8.32	G	-		
727	31	O	8.32	A	-		
727	32	O	8.32	C	-		
727	33	O	8.32	T	-		
727	34	O	8.32	G	-		
727	35	O	8.32	G	-		
727	36	O	8.32	A	-		
727	37	O	8.32	C	-		
727	38	O	8.32	T	-		
727	39	O	8.32	G	-		
727	40	O	8.32	T	-		
727	41	O	8.32	A	-		
727	42	O	8.32	A	-		
727	43	O	8.32	G	-		
727	44	O	8.32	T	-		
727	45	O	8.32	G	-		
727	46	O	8.32	T	-		
727	47	O	8.32	G	-		
727	48	O	8.32	T	-		
727	49	O	8.32	T	-		
727	50	O	8.32	G	-		
727	51	O	8.32	G	-		
727	52	O	8.32	A	-		
727	53	O	8.32	C	-		
727	54	O	8.32	T	-		
727	55	O	8.32	A	-		
727	56	O	8.32	T	-		
727	57	O	8.32	C	-		
727	58	O	8.32	G	-		
727	59	O	8.32	G	-		
727	60	O	8.32	T	-		
727	61	O	8.32	G	-		
727	62	O	8.32	C	-		
727	63	O	8.32	A	-		
727	64	O	8.32	C	-		
727	65	O	8.32	T	-		
727	66	O	8.32	C	-		
727	67	O	8.32	G	-		
727	68	O	8.32	G	-		
727	69	O	8.32	T	-		
727	70	O	8.32	G	-		
727	71	O	8.32	A	-		
727	72	O	8.32	T	-		
727	73	O	8.32	C	-		
727	74	O	8.32	T	-		
727	75	O	8.32	G	-		
727	76	O	8.32	A	-		
727	77	O	8.32	A	-		
727	78	O	8.32	T	-		
727	79	O	8.32	G	-		
727	80	O	8.32	G	-		
727	81	O	8.32	A	-		
727	82	O	8.32	T	-		
727	83	O	8.32	G	-		
727	84	O	8.32	C	-		
727	85	O	8.32	C	-		
727	86	O	8.32	T	-		
727	87	O	8.32	C	-		
727	88	O	8.32	C	-		
727	89	O	8.32	A	-		
727	90	O	8.32	A	-		
727	91	O	8.32	A	-		
727	92	O	8.32	T	-		
727	93	O	8.32	G	-		
727	94	O	8.32	C	-		
727	95	O	8.32	T	-		
727	96	O	8.32	C	-		
727	97	O	8.32	A	-		
727	98	O	8.32	C	-		
727	99	O	8.32	G	-		
727	100	O	8.32	T	-		
727	101	O	8.32	T	-		
727	102	O	8.32	G	-		
727	103	O	8.32	G	-		
727	104	O	8.32	C	-		
727	105	O	8.32	T	-		
727	106	O	8.32	C	-		
727	107	O	8.32	G	-		
727	108	O	8.32	C	-		
727	109	U	0.71	A	C		
728	0	O	23.57	T	-		
728	1	O	23.57	G	-		
728	2	O	23.57	C	-		
728	3	O	23.57	T	-		
728	4	O	23.57	C	-		
728	5	O	23.57	G	-		
728	6	O	23.57	A	-		
728	7	O	23.57	C	-		
728	8	O	23.57	C	-		
728	9	O	23.57	T	-		
728	10	O	23.57	G	-		
728	11	O	23.57	T	-		
728	12	O	23.57	C	-		
728	13	O	23.57	C	-		
728	14	O	23.57	A	-		
728	15	O	23.57	A	-		
728	16	O	23.57	C	-		
728	17	O	23.57	A	-		
728	18	O	23.57	A	-		
728	19	O	23.57	T	-		
728	20	O	23.57	C	-		
728	21	O	23.57	A	-		
728	22	O	23.57	G	-		
728	23	O	23.57	C	-		
728	24	O	23.57	T	-		
728	25	O	23.57	G	-		
728	26	O	23.57	G	-		
728	27	O	23.57	C	-		
728	28	O	23.57	C	-		
728	29	O	23.57	G	-		
728	30	O	23.57	A	-		
728	31	O	23.57	G	-		
728	32	O	23.57	C	-		
728	33	O	23.57	T	-		
728	34	O	23.57	G	-		
728	35	O	23.57	A	-		
728	36	O	23.57	G	-		
728	37	O	23.57	C	-		
728	38	O	23.57	A	-		
728	39	O	23.57	A	-		
728	40	O	23.57	C	-		
728	41	O	23.57	T	-		
728	42	O	23.57	C	-		
728	43	O	23.57	A	-		
728	44	O	23.57	A	-		
728	45	O	23.57	C	-		
728	46	O	23.57	C	-		
728	47	O	23.57	T	-		
728	48	O	23.57	T	-		
728	49	O	23.57	C	-		
728	50	O	23.57	G	-		
728	51	O	23.57	C	-		
728	52	O	23.57	C	-		
728	53	O	23.57	T	-		
728	54	O	23.57	C	-		
728	55	O	23.57	C	-		
728	56	O	23.57	C	-		
728	57	O	23.57	T	-		
728	58	O	23.57	C	-		
728	59	O	23.57	A	-		
728	60	O	23.57	A	-		
728	61	O	23.57	C	-		
728	62	O	23.57	C	-		
728	63	O	23.57	T	-		
728	64	O	23.57	G	-		
728	65	O	23.57	C	-		
728	66	O	23.57	T	-		
728	67	O	23.57	C	-		
728	68	O	23.57	A	-		
728	69	O	23.57	A	-		
728	70	O	23.57	T	-		
728	71	O	23.57	C	-		
728	72	O	23.57	T	-		
728	73	O	23.57	G	-		
728	74	O	23.57	C	-		
728	75	O	23.57	A	-		
728	76	O	23.57	A	-		
728	77	O	23.57	C	-		
728	78	O	23.57	G	-		
728	79	O	23.57	C	-		
728	80	O	23.57	A	-		
728	81	O	23.57	T	-		
728	82	O	23.57	T	-		
728	83	O	23.57	T	-		
728	84	O	23.57	A	-		
728	85	O	23.57	C	-		
728	86	O	23.57	C	-		
728	87	O	23.57	T	-		
728	88	O	23.57	G	-		
728	89	O	23.57	T	-		
728	90	O	23.57	C	-		
728	91	O	23.57	C	-		
728	92	O	23.57	A	-		
728	93	O	23.57	G	-		
728	94	O	23.57	G	-		
728	95	O	23.57	T	-		
728	96	O	23.57	G	-		
728	97	O	23.57	A	-		
728	98	O	23.57	G	-		
728	99	O	23.57	T	-		
728	100	O	23.57	A	-		
728	101	O	23.57	T	-		
728	102	O	23.57	G	-		
728	103	O	23.57	C	-		
728	104	O	23.57	G	-		
728	105	O	23.57	C	-		
728	106	O	23.57	T	-		
728	107	O	23.57	G	-		
728	108	O	23.57	A	-		
728	109	O	23.57	T	-		
729	0	O	12.48	C	-		
729	1	O	12.48	T	-		
729	2	O	12.48	C	-		
729	3	O	12.48	A	-		
729	4	O	12.48	T	-		
729	5	O	12.48	G	-		
729	6	O	12.48	C	-		
729	7	O	12.48	C	-		
729	8	O	12.48	A	-		
729	9	O	12.48	A	-		
729	10	O	12.48	A	-		
729	11	O	12.48	G	-		
729	12	O	12.48	A	-		
729	13	O	12.48	G	-		
729	14	O	12.48	C	-		
729	15	O	12.48	A	-		
729	16	O	12.48	G	-		
729	17	O	12.48	C	-		
729	18	O	4.00	T	-		
729	19	O	12.48	G	-		
729	20	O	12.48	A	-		
729	21	O	12.48	G	-		
729	22	O	12.48	G	-		
729	23	O	12.48	A	-		
729	24	O	12.48	A	-		
729	25	O	12.48	A	-		
729	26	O	12.48	G	-		
729	27	O	12.48	C	-		
729	28	O	12.48	T	-		
729	29	O	12.48	A	-		
729	30	O	12.48	G	-		
729	31	O	12.48	T	-		
729	32	O	12.48	G	-		
729	33	O	12.48	G	-		
729	34	O	12.48	G	-		
729	35	O	12.48	A	-		
729	36	O	12.48	A	-		
729	37	O	12.48	G	-		
729	38	O	12.48	A	-		
729	39	O	12.48	C	-		
729	40	O	12.48	T	-		
729	41	O	12.48	A	-		
729	42	O	12.48	C	-		
729	43	O	12.48	G	-		
729	44	O	12.48	G	-		
729	45	O	12.48	G	-		
729	46	O	12.48	G	-		
729	47	O	12.48	G	-		
729	48	O	12.48	G	-		
729	49	O	12.48	G	-		
729	50	O	12.48	A	-		
729	51	O	12.48	G	-		
729	52	O	12.48	T	-		
729	53	O	12.48	C	-		
729	54	O	12.48	G	-		
729	55	O	12.48	T	-		
729	56	O	12.48	T	-		
729	57	O	12.48	T	-		
729	58	O	12.48	C	-		
729	59	O	12.48	A	-		
729	60	O	12.48	A	-		
729	61	O	12.48	C	-		
729	62	O	12.48	A	-		
729	63	O	12.48	A	-		
729	64	O	12.48	T	-		
729	65	O	12.48	G	-		
729	66	O	12.48	G	-		
729	67	O	12.48	A	-		
729	68	O	12.48	G	-		
729	69	O	12.48	A	-		
729	70	O	12.48	T	-		
729	71	O	12.48	G	-		
729	72	O	12.48	A	-		
729	73	O	12.48	A	-		
729	74	O	12.48	G	-		
729	75	O	12.48	A	-		
729	76	O	12.48	G	-		
729	77	O	12.48	A	-		
729	78	O	12.48	C	-		
729	79	O	12.48	T	-		
729	80	O	12.48	C	-		
729	81	O	12.48	T	-		
729	82	O	12.48	T	-		
729	83	O	12.48	T	-		
729	84	O	12.48	G	-		
729	85	O	12.48	G	-		
729	86	O	12.48	A	-		
729	87	O	12.48	A	-		
729	88	O	12.48	G	-		
729	89	O	12.48	T	-		
729	90	O	12.48	T	-		
729	91	O	12.48	G	-		
729	92	O	12.48	T	-		
729	93	O	12.48	T	-		
729	94	O	12.48	T	-		
729	95	O	12.48	T	-		
729	96	O	12.48	C	-		
729	97	O	12.48	T	-		
729	98	O	12.48	G	-		
729	99	O	12.48	G	-		
729	100	O	4.00	T	-		
729	101	O	12.48	G	-		
729	102	O	12.48	A	-		
729	103	O	12.48	G	-		
729	104	O	12.48	G	-		
729	105	O	12.48	A	-		
729	106	O	12.48	G	-		
729	107	O	12.48	A	-		
729	108	O	12.48	T	-		
729	109	O	12.48	T	-		
730	0	O	6.93	G	-		
730	1	O	6.93	G	-		
730	2	O	6.93	C	-		
730	3	O	6.93	A	-		
730	4	O	6.93	A	-		
730	5	O	6.93	C	-		
730	6	O	6.93	T	-		
730	7	O	6.93	G	-		
730	8	O	6.93	A	-		
730	9	O	6.93	T	-		
730	10	O	6.93	C	-		
730	11	O	6.93	G	-		
730	12	O	6.93	A	-		
730	13	O	6.93	T	-		
730	14	O	6.93	G	-		
730	15	O	6.93	G	-		
730	16	O	6.93	C	-		
730	17	O	6.93	C	-		
730	18	O	6.93	G	-		
730	19	O	6.93	G	-		
730	20	O	6.93	C	-		
730	21	O	6.93	G	-		
730	22	O	6.93	G	-		
730	23	O	6.93	G	-		
730	24	O	6.93	A	-		
730	25	O	6.93	A	-		
730	26	O	6.93	C	-		
730	27	O	6.93	C	-		
730	28	O	6.93	A	-		
730	29	O	6.93	A	-		
730	30	O	6.93	C	-		
730	31	O	6.93	T	-		
730	32	O	6.93	C	-		
730	33	O	6.93	A	-		
730	34	O	6.93	G	-		
730	35	O	6.93	C	-		
730	36	O	6.93	G	-		
730	37	O	6.93	C	-		
730	38	O	6.93	T	-		
730	39	O	6.93	C	-		
730	40	O	6.93	G	-		
730	41	O	6.93	C	-		
730	42	O	6.93	T	-		
730	43	O	6.93	T	-		
730	44	O	6.93	G	-		
730	45	O	6.93	G	-		
730	46	O	6.93	C	-		
730	47	O	6.93	C	-		
730	48	O	6.93	G	-		
730	49	O	6.93	C	-		
730	50	O	6.93	T	-		
730	51	O	6.93	T	-		
730	52	O	6.93	G	-		
730	53	O	6.93	T	-		
730	54	O	6.93	T	-		
730	55	O	6.93	T	-		
730	56	O	6.93	G	-		
730	57	O	6.93	C	-		
730	58	O	6.93	C	-		
730	59	O	6.93	G	-		
730	60	O	6.93	A	-		
730	61	O	6.93	C	-		
730	62	O	6.93	C	-		
730	63	O	6.93	C	-		
730	64	O	6.93	T	-		
730	65	O	6.93	C	-		
730	66	O	6.93	T	-		
730	67	O	6.93	C	-		
730	68	O	6.93	G	-		
730	69	O	6.93	A	-		
730	70	O	6.93	G	-		
730	71	O	6.93	C	-		
730	72	O	6.93	C	-		
730	73	O	6.93	T	-		
730	74	O	6.93	G	-		
730	75	O	6.93	T	-		
730	76	O	6.93	C	-		
730	77	U	-0.27	T	C		
730	78	O	6.93	G	-		
730	79	O	6.93	T	-		
730	80	O	6.93	C	-		
730	81	O	6.93	C	-		
730	82	O	6.93	G	-		
730	83	O	6.93	G	-		
730	84	O	6.93	C	-		
730	85	O	6.93	T	-		
730	86	O	6.93	G	-		
730	87	O	6.93	T	-		
730	88	O	6.93	C	-		
730	89	O	6.93	T	-		
730	90	O	6.93	G	-		
730	91	O	6.93	G	-		
730	92	O	6.93	C	-		
730	93	O	6.93	T	-		
730	94	O	6.93	G	-		
730	95	O	6.93	C	-		
730	96	O	6.93	C	-		
730	97	O	6.93	A	-		
730	98	O	6.93	G	-		
730	99	O	6.93	T	-		
730	100	O	6.93	T	-		
730	101	O	6.93	A	-		
730	102	O	6.93	A	-		
730	103	O	6.93	T	-		
730	104	O	6.93	C	-		
730	105	O	6.93	A	-		
730	106	O	6.93	G	-		
730	107	O	6.93	C	-		
730	108	O	6.93	C	-		
730	109	O	6.93	T	-		
731	0	O	6.93	A	-		
731	1	O	6.93	G	-		
731	2	O	6.93	T	-		
731	3	O	6.93	G	-		
731	4	O	6.93	C	-		
731	5	O	6.93	A	-		
731	6	O	6.93	T	-		
731	7	O	6.93	C	-		
731	8	O	6.93	C	-		
731	9	O	6.93	A	-		
731	10	O	6.93	G	-		
731	11	O	6.93	G	-		
731	12	O	6.93	T	-		
731	13	O	6.93	T	-		
731	14	O	6.93	G	-		
731	15	O	6.93	A	-		
731	16	O	6.93	C	-		
731	17	O	6.93	G	-		
731	18	O	6.93	G	-		
731	19	O	6.93	C	-		
731	20	O	6.93	T	-		
731	21	O	6.93	G	-		
731	22	O	6.93	A	-		
731	23	O	6.93	T	-		
731	24	O	6.93	C	-		
731	25	O	6.93	A	-		
731	26	O	6.93	T	-		
731	27	O	6.93	T	-		
731	28	O	6.93	A	-		
731	29	O	6.93	G	-		
731	30	O	6.93	C	-		
731	31	O	6.93	T	-		
731	32	O	6.93	G	-		
731	33	O	6.93	A	-		
731	34	O	6.93	A	-		
731	35	O	6.93	G	-		
731	36	O	6.93	G	-		
731	37	O	6.93	A	-		
731	38	O	6.93	T	-		
731	39	O	6.93	T	-		
731	40	O	6.93	C	-		
731	41	O	6.93	A	-		
731	42	O	6.93	G	-		
731	43	O	6.93	A	-		
731	44	O	6.93	G	-		
731	45	O	6.93	T	-		
731	46	O	6.93	C	-		
731	47	O	6.93	G	-		
731	48	O	6.93	A	-		
731	49	O	6.93	T	-		
731	50	O	6.93	G	-		
731	51	O	6.93	A	-		
731	52	O	6.93	G	-		
731	53	O	6.93	C	-		
731	54	O	6.93	A	-		
731	55	O	6.93	C	-		
731	56	O	6.93	T	-		
731	57	O	6.93	G	-		
731	58	O	6.93	A	-		
731	59	O	6.93	C	-		
731	60	O	6.93	A	-		
731	61	O	6.93	G	-		
731	62	O	6.93	T	-		
731	63	O	6.93	T	-		
731	64	O	6.93	C	-		
731	65	O	6.93	T	-		
731	66	O	6.93	C	-		
731	67	O	6.93	T	-		
731	68	O	6.93	G	-		
731	69	O	6.93	C	-		
731	70	O	6.93	A	-		
731	71	O	6.93	C	-		
731	72	O	6.93	C	-		
731	73	O	6.93	A	-		
731	74	O	6.93	T	-		
731	75	O	6.93	A	-		
731	76	O	6.93	A	-		
731	77	O	6.93	T	-		
731	78	O	6.93	T	-		
731	79	O	6.93	T	-		
731	80	O	6.93	G	-		
731	81	O	6.93	C	-		
731	82	O	6.93	T	-		
731	83	O	6.93	G	-		
731	84	O	6.93	C	-		
731	85	O	6.93	A	-		
731	86	O	6.93	A	-		
731	87	O	6.93	C	-		
731	88	O	6.93	A	-		
731	89	O	6.93	C	-		
731	90	O	6.93	G	-		
731	91	O	6.93	T	-		
731	92	O	6.93	C	-		
731	93	O	6.93	C	-		
731	94	O	6.93	A	-		
731	95	O	6.93	A	-		
731	96	O	6.93	C	-		
731	97	O	6.93	C	-		
731	98	O	6.93	T	-		
731	99	O	6.93	G	-		
731	100	O	6.93	C	-		
731	101	O	6.93	A	-		
731	102	O	6.93	A	-		
731	103	O	6.93	A	-		
731	104	O	6.93	A	-		
731	105	O	6.93	A	-		
731	106	O	6.93	T	-		
731	107	O	6.93	A	-		
731	108	O	6.93	G	-		
731	109	O	6.93	C	-		
732	0	O	20.79	C	-		
732	1	O	20.79	G	-		
732	2	O	20.79	A	-		
732	3	O	20.79	G	-		
732	4	O	20.79	C	-		
732	5	O	20.79	G	-		
732	6	O	20.79	A	-		
732	7	O	20.79	A	-		
732	8	O	20.79	A	-		
732	9	O	20.79	G	-		
732	10	O	20.79	T	-		
732	11	O	20.79	T	-		
732	12	O	20.79	C	-		
732	13	O	20.79	A	-		
732	14	O	20.79	C	-		
732	15	O	20.79	C	-		
732	16	O	20.79	T	-		
732	17	O	20.79	G	-		
732	18	O	20.79	T	-		
732	19	O	20.79	T	-		
732	20	O	20.79	G	-		
732	21	O	20.79	C	-		
732	22	O	20.79	C	-		
732	23	O	20.79	A	-		
732	24	O	20.79	G	-		
732	25	O	20.79	C	-		
732	26	O	20.79	C	-		
732	27	O	20.79	G	-		
732	28	O	11.25	A	-		
732	29	O	20.79	T	-		
732	30	O	20.79	C	-		
732	31	O	20.79	G	-		
732	32	O	20.79	G	-		
732	33	O	11.25	T	-		
732	34	O	20.79	G	-		
732	35	O	20.79	T	-		
732	36	O	20.79	G	-		
732	37	O	11.97	A	-		
732	38	O	20.79	A	-		
732	39	O	20.79	T	-		
732	40	O	20.79	T	-		
732	41	O	20.79	G	-		
732	42	O	20.79	G	-		
732	43	O	20.79	C	-		
732	44	O	20.79	G	-		
732	45	O	20.79	A	-		
732	46	O	20.79	G	-		
732	47	O	20.79	C	-		
732	48	O	11.25	A	-		
732	49	O	20.79	C	-		
732	50	O	20.79	G	-		
732	51	O	20.79	A	-		
732	52	O	20.79	A	-		
732	53	O	20.79	C	-		
732	54	O	20.79	A	-		
732	55	O	20.79	T	-		
732	56	O	20.79	G	-		
732	57	O	20.79	C	-		
732	58	O	20.79	C	-		
732	59	O	11.25	T	-		
732	60	O	20.79	G	-		
732	61	O	20.79	A	-		
732	62	O	20.79	G	-		
732	63	O	20.79	G	-		
732	64	O	20.79	A	-		
732	65	O	20.79	T	-		
732	66	O	20.79	G	-		
732	67	O	20.79	T	-		
732	68	O	20.79	C	-		
732	69	O	20.79	C	-		
732	70	O	20.79	G	-		
732	71	O	20.79	A	-		
732	72	O	20.79	G	-		
732	73	O	20.79	T	-		
732	74	O	20.79	A	-		
732	75	O	20.79	G	-		
732	76	O	20.79	A	-		
732	77	O	20.79	A	-		
732	78	O	20.79	G	-		
732	79	O	20.79	C	-		
732	80	O	20.79	G	-		
732	81	O	20.79	A	-		
732	82	O	20.79	A	-		
732	83	O	20.79	C	-		
732	84	O	20.79	G	-		
732	85	O	20.79	C	-		
732	86	O	20.79	T	-		
732	87	O	20.79	T	-		
732	88	O	20.79	T	-		
732	89	O	20.79	T	-		
732	90	O	20.79	G	-		
732	91	O	20.79	G	-		
732	92	O	20.79	C	-		
732	93	O	20.79	G	-		
732	94	O	20.79	C	-		
732	95	O	20.79	C	-		
732	96	O	20.79	T	-		
732	97	O	20.79	A	-		
732	98	O	20.79	A	-		
732	99	O	20.79	G	-		
732	100	O	20.79	T	-		
732	101	O	20.79	G	-		
732	102	O	20.79	G	-		
732	103	O	20.79	G	-		
732	104	O	20.79	T	-		
732	105	O	20.79	G	-		
732	106	O	20.79	T	-		
732	107	O	20.79	G	-		
732	108	O	20.79	T	-		
732	109	O	20.79	A	-		
733	0	O	8.32	C	-		
733	1	O	8.32	T	-		
733	2	O	8.32	A	-		
733	3	O	8.32	C	-		
733	4	O	8.32	C	-		
733	5	O	8.32	T	-		
733	6	O	8.32	A	-		
733	7	O	8.32	C	-		
733	8	O	8.32	T	-		
733	9	O	8.32	A	-		
733	10	O	8.32	C	-		
733	11	O	8.32	C	-		
733	12	O	8.32	A	-		
733	13	O	8.32	C	-		
733	14	O	8.32	T	-		
733	15	O	8.32	C	-		
733	16	O	8.32	A	-		
733	17	O	8.32	A	-		
733	18	O	8.32	C	-		
733	19	O	8.32	G	-		
733	20	O	8.32	G	-		
733	21	O	8.32	T	-		
733	22	O	8.32	C	-		
733	23	O	8.32	T	-		
733	24	O	8.32	G	-		
733	25	O	8.32	T	-		
733	26	O	8.32	G	-		
733	27	O	8.32	T	-		
733	28	O	8.32	T	-		
733	29	O	8.32	C	-		
733	30	O	8.32	A	-		
733	31	O	8.32	A	-		
733	32	O	8.32	T	-		
733	33	O	8.32	C	-		
733	34	O	8.32	A	-		
733	35	O	8.32	T	-		
733	36	O	8.32	A	-		
733	37	O	8.32	G	-		
733	38	O	8.32	T	-		
733	39	O	8.32	G	-		
733	40	O	8.32	C	-		
733	41	O	8.32	T	-		
733	42	O	8.32	T	-		
733	43	O	8.32	T	-		
733	44	O	8.32	C	-		
733	45	O	8.32	G	-		
733	46	O	8.32	G	-		
733	47	O	8.32	G	-		
733	48	O	8.32	T	-		
733	49	O	8.32	A	-		
733	50	O	8.32	T	-		
733	51	O	8.32	G	-		
733	52	O	8.32	G	-		
733	53	O	8.32	T	-		
733	54	O	8.32	G	-		
733	55	O	8.32	G	-		
733	56	O	8.32	T	-		
733	57	O	8.32	T	-		
733	58	O	8.32	C	-		
733	59	O	8.32	G	-		
733	60	O	8.32	A	-		
733	61	O	8.32	A	-		
733	62	O	8.32	G	-		
733	63	O	8.32	C	-		
733	64	O	8.32	T	-		
733	65	O	8.32	T	-		
733	66	O	8.32	C	-		
733	67	O	8.32	T	-		
733	68	O	8.32	T	-		
733	69	O	8.32	T	-		
733	70	O	8.32	T	-		
733	71	O	8.32	G	-		
733	72	O	8.32	T	-		
733	73	O	8.32	G	-		
733	74	O	8.32	A	-		
733	75	O	8.32	G	-		
733	76	O	8.32	G	-		
733	77	O	8.32	A	-		
733	78	O	8.32	G	-		
733	79	O	8.32	A	-		
733	80	O	8.32	T	-		
733	81	O	8.32	G	-		
733	82	O	8.32	G	-		
733	83	O	8.32	C	-		
733	84	O	8.32	C	-		
733	85	O	8.32	C	-		
733	86	O	8.32	A	-		
733	87	O	8.32	A	-		
733	88	O	8.32	A	-		
733	89	O	8.32	G	-		
733	90	O	8.32	T	-		
733	91	O	8.32	G	-		
733	92	O	8.32	G	-		
733	93	O	8.32	C	-		
733	94	O	8.32	T	-		
733	95	O	8.32	C	-		
733	96	O	8.32	G	-		
733	97	O	8.32	T	-		
733	98	O	8.32	C	-		
733	99	O	8.32	C	-		
733	100	O	8.32	G	-		
733	101	O	8.32	C	-		
733	102	O	8.32	C	-		
733	103	O	8.32	G	-		
733	104	O	8.32	G	-		
733	105	O	8.32	A	-		
733	106	O	8.32	T	-		
733	107	O	8.32	A	-		
733	108	O	8.32	T	-		
733	109	O	8.32	G	-		
734	0	O	11.09	A	-		
734	1	O	11.09	A	-		
734	2	O	11.09	A	-		
734	3	O	11.09	A	-		
734	4	O	11.09	G	-		
734	5	O	11.09	G	-		
734	6	O	11.09	T	-		
734	7	O	11.09	T	-		
734	8	O	11.09	T	-		
734	9	O	11.09	G	-		
734	10	O	11.09	A	-		
734	11	O	11.09	G	-		
734	12	O	11.09	G	-		
734	13	O	11.09	C	-		
734	14	O	11.09	C	-		
734	15	O	11.09	T	-		
734	16	O	11.09	T	-		
734	17	O	11.09	G	-		
734	18	O	11.09	A	-		
734	19	O	11.09	A	-		
734	20	O	11.09	G	-		
734	21	O	11.09	C	-		
734	22	O	11.09	A	-		
734	23	O	11.09	G	-		
734	24	O	11.09	G	-		
734	25	O	11.09	G	-		
734	26	O	11.09	C	-		
734	27	O	11.09	A	-		
734	28	O	11.09	T	-		
734	29	O	11.09	A	-		
734	30	O	11.09	G	-		
734	31	O	11.09	A	-		
734	32	O	11.09	A	-		
734	33	O	11.09	A	-		
734	34	O	11.09	A	-		
734	35	O	11.09	A	-		
734	36	O	11.09	A	-		
734	37	O	11.09	G	-		
734	38	O	11.09	A	-		
734	39	O	11.09	A	-		
734	40	O	11.09	A	-		
734	41	O	11.09	A	-		
734	42	O	11.09	A	-		
734	43	O	11.09	A	-		
734	44	O	11.09	G	-		
734	45	O	11.09	G	-		
734	46	O	11.09	A	-		
734	47	O	11.09	T	-		
734	48	O	11.09	G	-		
734	49	O	11.09	A	-		
734	50	O	11.09	C	-		
734	51	O	11.09	C	-		
734	52	O	11.09	C	-		
734	53	O	11.09	G	-		
734	54	O	11.09	G	-		
734	55	O	11.09	T	-		
734	56	O	11.09	T	-		
734	57	O	11.09	G	-		
734	58	O	11.09	A	-		
734	59	O	11.09	A	-		
734	60	O	11.09	G	-		
734	61	O	11.09	G	-		
734	62	O	11.09	T	-		
734	63	O	11.09	T	-		
734	64	O	11.09	C	-		
734	65	O	11.09	T	-		
734	66	O	11.09	A	-		
734	67	O	11.09	C	-		
734	68	O	11.09	C	-		
734	69	O	11.09	A	-		
734	70	O	11.09	C	-		
734	71	O	11.09	C	-		
734	72	O	11.09	A	-		
734	73	O	11.09	A	-		
734	74	O	11.09	A	-		
734	75	O	11.09	A	-		
734	76	O	11.09	A	-		
734	77	O	11.09	A	-		
734	78	O	11.09	T	-		
734	79	O	11.09	G	-		
734	80	O	11.09	G	-		
734	81	O	11.09	T	-		
734	82	O	11.09	T	-		
734	83	O	11.09	T	-		
734	84	O	11.09	T	-		
734	85	O	11.09	T	-		
734	86	O	11.09	T	-		
734	87	O	11.09	T	-		
734	88	O	11.09	G	-		
734	89	O	11.09	G	-		
734	90	O	11.09	T	-		
734	91	O	11.09	G	-		
734	92	O	11.09	A	-		
734	93	O	11.09	A	-		
734	94	O	11.09	A	-		
734	95	O	11.09	G	-		
734	96	O	11.09	A	-		
734	97	O	11.09	T	-		
734	98	O	11.09	A	-		
734	99	O	11.09	A	-		
734	100	O	11.09	T	-		
734	101	O	11.09	G	-		
734	102	O	11.09	A	-		
734	103	O	11.09	T	-		
734	104	O	11.09	G	-		
734	105	O	11.09	C	-		
734	106	O	11.09	A	-		
734	107	O	11.09	T	-		
734	108	O	11.09	T	-		
734	109	O	11.09	G	-		
735	0	O	11.09	A	-		
735	1	O	11.09	G	-		
735	2	O	11.09	A	-		
735	3	O	11.09	T	-		
735	4	O	11.09	A	-		
735	5	O	11.09	C	-		
735	6	O	11.09	T	-		
735	7	O	11.09	T	-		
735	8	O	11.09	G	-		
735	9	O	11.09	T	-		
735	10	O	11.09	G	-		
735	11	O	11.09	A	-		
735	12	O	11.09	G	-		
735	13	O	11.09	G	-		
735	14	O	11.09	T	-		
735	15	O	11.09	T	-		
735	16	O	11.09	A	-		
735	17	O	11.09	C	-		
735	18	O	11.09	A	-		
735	19	O	11.09	A	-		
735	20	O	11.09	G	-		
735	21	O	11.09	C	-		
735	22	O	11.09	A	-		
735	23	O	11.09	G	-		
735	24	O	11.09	T	-		
735	25	O	11.09	A	-		
735	26	O	11.09	C	-		
735	27	O	11.09	G	-		
735	28	O	11.09	C	-		
735	29	O	11.09	C	-		
735	30	O	11.09	T	-		
735	31	O	11.09	C	-		
735	32	O	11.09	C	-		
735	33	O	11.09	T	-		
735	34	O	11.09	G	-		
735	35	O	11.09	A	-		
735	36	O	11.09	A	-		
735	37	O	11.09	G	-		
735	38	O	11.09	C	-		
735	39	O	11.09	G	-		
735	40	O	11.09	G	-		
735	41	O	11.09	A	-		
735	42	O	11.09	T	-		
735	43	O	11.09	G	-		
735	44	O	11.09	C	-		
735	45	O	11.09	A	-		
735	46	O	11.09	G	-		
735	47	O	11.09	G	-		
735	48	O	11.09	T	-		
735	49	O	11.09	G	-		
735	50	O	11.09	C	-		
735	51	O	11.09	A	-		
735	52	O	11.09	G	-		
735	53	O	11.09	A	-		
735	54	O	11.09	G	-		
735	55	O	11.09	G	-		
735	56	O	11.09	C	-		
735	57	O	11.09	T	-		
735	58	O	11.09	T	-		
735	59	O	11.09	G	-		
735	60	O	11.09	T	-		
735	61	O	11.09	G	-		
735	62	O	11.09	G	-		
735	63	O	11.09	A	-		
735	64	O	11.09	G	-		
735	65	O	11.09	T	-		
735	66	O	11.09	G	-		
735	67	O	11.09	G	-		
735	68	O	11.09	C	-		
735	69	O	11.09	A	-		
735	70	O	11.09	C	-		
735	71	O	11.09	G	-		
735	72	O	11.09	G	-		
735	73	O	11.09	T	-		
735	74	O	11.09	G	-		
735	75	O	11.09	T	-		
735	76	O	11.09	A	-		
735	77	O	11.09	G	-		
735	78	O	11.09	C	-		
735	79	O	11.09	A	-		
735	80	O	11.09	G	-		
735	81	O	11.09	A	-		
735	82	O	11.09	G	-		
735	83	O	11.09	C	-		
735	84	O	11.09	T	-		
735	85	O	11.09	C	-		
735	86	O	11.09	C	-		
735	87	O	11.09	A	-		
735	88	O	11.09	G	-		
735	89	O	11.09	C	-		
735	90	O	11.09	T	-		
735	91	O	11.09	A	-		
735	92	O	11.09	G	-		
735	93	O	11.09	A	-		
735	94	O	11.09	A	-		
735	95	O	11.09	C	-		
735	96	O	11.09	A	-		
735	97	O	11.09	A	-		
735	98	O	11.09	A	-		
735	99	O	11.09	G	-		
735	100	O	11.09	A	-		
735	101	O	11.09	G	-		
735	102	O	11.09	T	-		
735	103	O	11.09	A	-		
735	104	O	11.09	T	-		
735	105	O	11.09	C	-		
735	106	O	11.09	T	-		
735	107	O	11.09	T	-		
735	108	O	11.09	G	-		
735	109	O	11.09	A	-		
736	0	O	11.09	G	-		
736	1	O	11.09	G	-		
736	2	O	11.09	T	-		
736	3	O	11.09	C	-		
736	4	O	11.09	A	-		
736	5	O	11.09	A	-		
736	6	O	11.09	A	-		
736	7	O	11.09	G	-		
736	8	O	11.09	G	-		
736	9	O	11.09	T	-		
736	10	O	11.09	T	-		
736	11	O	11.09	G	-		
736	12	O	11.09	G	-		
736	13	O	11.09	T	-		
736	14	O	11.09	T	-		
736	15	O	11.09	T	-		
736	16	O	11.09	G	-		
736	17	O	11.09	G	-		
736	18	O	11.09	C	-		
736	19	O	11.09	G	-		
736	20	O	11.09	C	-		
736	21	O	11.09	A	-		
736	22	O	11.09	A	-		
736	23	O	11.09	T	-		
736	24	O	11.09	G	-		
736	25	O	11.09	T	-		
736	26	O	11.09	A	-		
736	27	O	11.09	C	-		
736	28	O	11.09	C	-		
736	29	O	11.09	T	-		
736	30	O	11.09	C	-		
736	31	O	11.09	G	-		
736	32	O	11.09	A	-		
736	33	O	11.09	T	-		
736	34	O	11.09	G	-		
736	35	O	11.09	A	-		
736	36	O	11.09	C	-		
736	37	O	11.09	G	-		
736	38	O	11.09	G	-		
736	39	O	11.09	T	-		
736	40	O	11.09	A	-		
736	41	O	11.09	T	-		
736	42	O	11.09	C	-		
736	43	O	11.09	T	-		
736	44	O	11.09	C	-		
736	45	O	11.09	A	-		
736	46	O	11.09	T	-		
736	47	O	11.09	C	-		
736	48	O	11.09	T	-		
736	49	O	11.09	T	-		
736	50	O	11.09	C	-		
736	51	O	11.09	T	-		
736	52	O	11.09	T	-		
736	53	O	11.09	T	-		
736	54	O	11.09	A	-		
736	55	O	11.09	C	-		
736	56	O	11.09	G	-		
736	57	O	11.09	T	-		
736	58	O	11.09	T	-		
736	59	O	11.09	G	-		
736	60	O	11.09	A	-		
736	61	U	2.86	T	G		
736	62	O	11.09	T	-		
736	63	O	11.09	T	-		
736	64	O	11.09	T	-		
736	65	O	11.09	T	-		
736	66	O	11.09	C	-		
736	67	O	11.09	T	-		
736	68	O	11.09	C	-		
736	69	O	11.09	A	-		
736	70	O	11.09	G	-		
736	71	O	11.09	A	-		
736	72	O	11.09	T	-		
736	73	O	11.09	G	-		
736	74	O	11.09	G	-		
736	75	O	11.09	G	-		
736	76	O	11.09	A	-		
736	77	O	11.09	A	-		
736	78	O	11.09	A	-		
736	79	O	11.09	C	-		
736	80	O	11.09	T	-		
736	81	O	11.09	C	-		
736	82	O	11.09	T	-		
736	83	O	11.09	C	-		
736	84	O	11.09	G	-		
736	85	O	11.09	T	-		
736	86	O	11.09	T	-		
736	87	O	11.09	G	-		
736	88	O	11.09	T	-		
736	89	O	11.09	G	-		
736	90	O	11.09	T	-		
736	91	O	11.09	T	-		
736	92	O	11.09	C	-		
736	93	O	11.09	T	-		
736	94	O	11.09	C	-		
736	95	O	11.09	C	-		
736	96	O	11.09	T	-		
736	97	O	11.09	C	-		
736	98	O	11.09	T	-		
736	99	O	11.09	G	-		
736	100	O	11.09	C	-		
736	101	O	11.09	T	-		
736	102	O	11.09	T	-		
736	103	O	11.09	C	-		
736	104	O	11.09	G	-		
736	105	O	11.09	A	-		
736	106	O	11.09	T	-		
736	107	U	2.86	G	T		
736	108	O	11.09	T	-		
736	109	O	11.09	T	-		
737	0	O	8.32	C	-		
737	1	O	8.32	T	-		
737	2	O	8.32	G	-		
737	3	O	8.32	C	-		
737	4	O	8.32	A	-		
737	5	O	8.32	T	-		
737	6	O	8.32	G	-		
737	7	O	8.32	T	-		
737	8	O	8.32	G	-		
737	9	O	8.32	A	-		
737	10	O	8.32	T	-		
737	11	O	8.32	G	-		
737	12	O	8.32	C	-		
737	13	O	8.32	C	-		
737	14	O	8.32	T	-		
737	15	O	8.32	T	-		
737	16	O	8.32	T	-		
737	17	O	8.32	T	-		
737	18	O	8.32	C	-		
737	19	O	8.32	A	-		
737	20	O	8.32	A	-		
737	21	O	8.32	T	-		
737	22	O	8.32	G	-		
737	23	O	8.32	T	-		
737	24	O	8.32	A	-		
737	25	O	8.32	C	-		
737	26	O	8.32	T	-		
737	27	O	8.32	A	-		
737	28	O	8.32	T	-		
737	29	O	8.32	A	-		
737	30	O	8.32	C	-		
737	31	O	8.32	A	-		
737	32	O	8.32	T	-		
737	33	O	8.32	A	-		
737	34	O	8.32	T	-		
737	35	O	8.32	A	-		
737	36	O	8.32	T	-		
737	37	O	8.32	G	-		
737	38	O	8.32	A	-		
737	39	O	8.32	G	-		
737	40	O	8.32	G	-		
737	41	O	8.32	C	-		
737	42	O	8.32	T	-		
737	43	O	8.32	T	-		
737	44	O	8.32	C	-		
737	45	O	8.32	T	-		
737	46	O	8.32	T	-		
737	47	O	8.32	G	-		
737	48	O	8.32	G	-		
737	49	O	8.32	G	-		
737	50	O	8.32	A	-		
737	51	O	8.32	A	-		
737	52	O	8.32	C	-		
737	53	O	8.32	C	-		
737	54	O	8.32	C	-		
737	55	O	8.32	C	-		
737	56	O	8.32	A	-		
737	57	O	8.32	C	-		
737	58	O	8.32	A	-		
737	59	O	8.32	A	-		
737	60	O	8.32	C	-		
737	61	O	8.32	C	-		
737	62	O	8.32	C	-		
737	63	O	8.32	A	-		
737	64	O	8.32	G	-		
737	65	O	8.32	T	-		
737	66	O	8.32	C	-		
737	67	O	8.32	A	-		
737	68	O	8.32	A	-		
737	69	O	8.32	C	-		
737	70	O	8.32	T	-		
737	71	O	8.32	G	-		
737	72	O	8.32	G	-		
737	73	O	8.32	G	-		
737	74	O	8.32	G	-		
737	75	O	8.32	A	-		
737	76	O	8.32	T	-		
737	77	O	8.32	T	-		
737	78	O	8.32	G	-		
737	79	O	8.32	G	-		
737	80	O	8.32	A	-		
737	81	O	8.32	T	-		
737	82	O	8.32	G	-		
737	83	O	8.32	A	-		
737	84	O	8.32	C	-		
737	85	O	8.32	C	-		
737	86	O	8.32	A	-		
737	87	O	8.32	A	-		
737	88	O	8.32	T	-		
737	89	O	8.32	T	-		
737	90	O	8.32	T	-		
737	91	O	8.32	G	-		
737	92	O	8.32	A	-		
737	93	O	8.32	A	-		
737	94	O	8.32	T	-		
737	95	O	8.32	C	-		
737	96	O	8.32	T	-		
737	97	O	8.32	A	-		
737	98	O	8.32	T	-		
737	99	O	8.32	A	-		
737	100	O	8.32	T	-		
737	101	O	8.32	T	-		
737	102	O	8.32	G	-		
737	103	O	8.32	C	-		
737	104	O	8.32	T	-		
737	105	O	8.32	T	-		
737	106	O	8.32	G	-		
737	107	O	8.32	A	-		
737	108	O	8.32	C	-		
737	109	O	8.32	G	-		
738	0	O	6.93	T	-		
738	1	O	6.93	T	-		
738	2	O	6.93	G	-		
738	3	O	6.93	A	-		
738	4	O	6.93	A	-		
738	5	O	6.93	C	-		
738	6	O	6.93	T	-		
738	7	O	6.93	G	-		
738	8	O	6.93	C	-		
738	9	O	6.93	A	-		
738	10	O	6.93	A	-		
738	11	O	6.93	G	-		
738	12	O	6.93	A	-		
738	13	O	6.93	A	-		
738	14	O	6.93	G	-		
738	15	O	6.93	C	-		
738	16	O	6.93	C	-		
738	17	O	6.93	C	-		
738	18	O	6.93	A	-		
738	19	O	6.93	C	-		
738	20	O	6.93	A	-		
738	21	O	6.93	T	-		
738	22	O	6.93	C	-		
738	23	O	6.93	T	-		
738	24	O	6.93	A	-		
738	25	O	6.93	G	-		
738	26	O	6.93	T	-		
738	27	O	6.93	G	-		
738	28	O	6.93	G	-		
738	29	O	6.93	C	-		
738	30	O	6.93	T	-		
738	31	O	6.93	G	-		
738	32	O	6.93	G	-		
738	33	O	6.93	A	-		
738	34	O	6.93	G	-		
738	35	O	6.93	T	-		
738	36	O	6.93	T	-		
738	37	O	6.93	G	-		
738	38	O	6.93	A	-		
738	39	O	6.93	C	-		
738	40	O	6.93	C	-		
738	41	O	6.93	T	-		
738	42	O	6.93	G	-		
738	43	O	6.93	T	-		
738	44	O	6.93	C	-		
738	45	O	6.93	G	-		
738	46	O	6.93	T	-		
738	47	O	6.93	C	-		
738	48	O	6.93	G	-		
738	49	O	6.93	A	-		
738	50	O	6.93	T	-		
738	51	O	6.93	G	-		
738	52	O	6.93	G	-		
738	53	O	6.93	C	-		
738	54	O	6.93	G	-		
738	55	O	6.93	G	-		
738	56	O	6.93	T	-		
738	57	O	6.93	A	-		
738	58	O	6.93	T	-		
738	59	O	6.93	A	-		
738	60	O	6.93	A	-		
738	61	O	6.93	T	-		
738	62	O	6.93	C	-		
738	63	O	6.93	A	-		
738	64	O	6.93	G	-		
738	65	O	6.93	T	-		
738	66	O	6.93	G	-		
738	67	O	6.93	G	-		
738	68	O	6.93	T	-		
738	69	O	6.93	T	-		
738	70	O	6.93	T	-		
738	71	O	6.93	T	-		
738	72	O	6.93	G	-		
738	73	O	6.93	A	-		
738	74	O	6.93	G	-		
738	75	O	6.93	C	-		
738	76	O	6.93	C	-		
738	77	O	6.93	T	-		
738	78	O	6.93	G	-		
738	79	O	6.93	T	-		
738	80	O	6.93	C	-		
738	81	O	6.93	A	-		
738	82	O	6.93	G	-		
738	83	O	6.93	A	-		
738	84	O	6.93	C	-		
738	85	O	6.93	G	-		
738	86	O	6.93	A	-		
738	87	O	6.93	G	-		
738	88	O	6.93	C	-		
738	89	O	6.93	C	-		
738	90	O	6.93	C	-		
738	91	O	6.93	G	-		
738	92	O	6.93	C	-		
738	93	O	6.93	A	-		
738	94	O	6.93	C	-		
738	95	O	6.93	T	-		
738	96	O	6.93	A	-		
738	97	O	6.93	T	-		
738	98	O	6.93	C	-		
738	99	O	6.93	A	-		
738	100	O	6.93	T	-		
738	101	O	6.93	T	-		
738	102	O	6.93	C	-		
738	103	O	6.93	T	-		
738	104	O	6.93	G	-		
738	105	O	6.93	T	-		
738	106	O	6.93	C	-		
738	107	O	6.93	A	-		
738	108	O	6.93	C	-		
738	109	O	6.93	T	-		
739	0	O	5.55	A	-		
739	1	O	5.55	G	-		
739	2	O	5.55	C	-		
739	3	O	5.55	G	-		
739	4	O	5.55	A	-		
739	5	O	5.55	T	-		
739	6	O	5.55	G	-		
739	7	O	5.55	G	-		
739	8	O	5.55	A	-		
739	9	O	5.55	G	-		
739	10	O	5.55	G	-		
739	11	O	5.55	T	-		
739	12	O	5.55	A	-		
739	13	O	5.55	T	-		
739	14	O	5.55	T	-		
739	15	O	5.55	G	-		
739	16	O	5.55	T	-		
739	17	O	5.55	G	-		
739	18	O	5.55	T	-		
739	19	O	5.55	A	-		
739	20	O	5.55	G	-		
739	21	O	5.55	A	-		
739	22	O	5.55	G	-		
739	23	O	5.55	C	-		
739	24	O	5.55	G	-		
739	25	O	5.55	C	-		
739	26	O	5.55	T	-		
739	27	O	5.55	G	-		
739	28	O	5.55	T	-		
739	29	O	5.55	T	-		
739	30	O	5.55	T	-		
739	31	O	5.55	C	-		
739	32	O	5.55	C	-		
739	33	O	5.55	T	-		
739	34	O	5.55	T	-		
739	35	O	5.55	G	-		
739	36	O	5.55	T	-		
739	37	O	5.55	G	-		
739	38	O	5.55	T	-		
739	39	O	5.55	G	-		
739	40	O	5.55	A	-		
739	41	O	5.55	G	-		
739	42	O	5.55	A	-		
739	43	O	5.55	A	-		
739	44	O	5.55	C	-		
739	45	O	5.55	G	-		
739	46	O	5.55	G	-		
739	47	O	5.55	A	-		
739	48	O	5.55	C	-		
739	49	O	5.55	G	-		
739	50	O	5.55	A	-		
739	51	O	5.55	C	-		
739	52	O	5.55	A	-		
739	53	O	5.55	A	-		
739	54	O	5.55	G	-		
739	55	O	5.55	G	-		
739	56	O	5.55	C	-		
739	57	O	5.55	A	-		
739	58	O	5.55	G	-		
739	59	O	5.55	C	-		
739	60	O	5.55	A	-		
739	61	O	5.55	A	-		
739	62	O	5.55	C	-		
739	63	O	5.55	A	-		
739	64	O	5.55	C	-		
739	65	O	5.55	G	-		
739	66	O	5.55	A	-		
739	67	O	5.55	T	-		
739	68	O	5.55	G	-		
739	69	O	5.55	G	-		
739	70	O	5.55	G	-		
739	71	O	5.55	T	-		
739	72	O	5.55	G	-		
739	73	O	5.55	A	-		
739	74	O	5.55	G	-		
739	75	O	5.55	A	-		
739	76	O	5.55	T	-		
739	77	O	5.55	A	-		
739	78	O	5.55	C	-		
739	79	O	5.55	A	-		
739	80	O	5.55	A	-		
739	81	O	5.55	A	-		
739	82	O	5.55	G	-		
739	83	O	5.55	A	-		
739	84	O	5.55	C	-		
739	85	O	5.55	A	-		
739	86	O	5.55	G	-		
739	87	O	5.55	G	-		
739	88	O	5.55	A	-		
739	89	O	5.55	T	-		
739	90	O	5.55	A	-		
739	91	O	5.55	A	-		
739	92	O	5.55	T	-		
739	93	O	5.55	G	-		
739	94	O	5.55	G	-		
739	95	O	5.55	T	-		
739	96	O	5.55	A	-		
739	97	O	5.55	T	-		
739	98	O	5.55	G	-		
739	99	O	5.55	A	-		
739	100	O	5.55	G	-		
739	101	O	5.55	C	-		
739	102	O	5.55	G	-		
739	103	O	5.55	C	-		
739	104	O	5.55	C	-		
739	105	O	5.55	T	-		
739	106	O	5.55	G	-		
739	107	O	5.55	G	-		
739	108	O	5.55	T	-		
739	109	O	5.55	C	-		
740	0	O	8.32	T	-		
740	1	O	8.32	G	-		
740	2	O	8.32	T	-		
740	3	O	8.32	C	-		
740	4	O	8.32	T	-		
740	5	O	8.32	T	-		
740	6	O	8.32	T	-		
740	7	O	8.32	C	-		
740	8	O	8.32	T	-		
740	9	O	8.32	T	-		
740	10	O	8.32	T	-		
740	11	O	8.32	T	-		
740	12	O	8.32	A	-		
740	13	O	8.32	T	-		
740	14	O	8.32	G	-		
740	15	O	8.32	C	-		
740	16	O	8.32	A	-		
740	17	O	8.32	T	-		
740	18	O	8.32	G	-		
740	19	O	8.32	C	-		
740	20	O	8.32	T	-		
740	21	O	8.32	A	-		
740	22	O	8.32	C	-		
740	23	O	8.32	T	-		
740	24	O	8.32	T	-		
740	25	O	8.32	A	-		
740	26	O	8.32	A	-		
740	27	O	8.32	C	-		
740	28	O	8.32	A	-		
740	29	O	8.32	C	-		
740	30	O	8.32	A	-		
740	31	O	8.32	A	-		
740	32	O	8.32	A	-		
740	33	O	8.32	G	-		
740	34	O	8.32	A	-		
740	35	O	8.32	A	-		
740	36	O	8.32	G	-		
740	37	O	8.32	A	-		
740	38	O	8.32	A	-		
740	39	O	8.32	T	-		
740	40	O	8.32	G	-		
740	41	O	8.32	C	-		
740	42	O	8.32	A	-		
740	43	O	8.32	C	-		
740	44	O	8.32	G	-		
740	45	O	8.32	A	-		
740	46	O	8.32	T	-		
740	47	O	8.32	C	-		
740	48	O	8.32	A	-		
740	49	O	8.32	A	-		
740	50	O	8.32	G	-		
740	51	O	8.32	A	-		
740	52	O	8.32	G	-		
740	53	O	8.32	G	-		
740	54	O	8.32	G	-		
740	55	O	8.32	G	-		
740	56	O	8.32	A	-		
740	57	O	8.32	T	-		
740	58	O	8.32	A	-		
740	59	O	8.32	C	-		
740	60	O	8.32	A	-		
740	61	O	8.32	T	-		
740	62	O	8.32	A	-		
740	63	O	8.32	G	-		
740	64	O	8.32	A	-		
740	65	O	8.32	G	-		
740	66	O	8.32	C	-		
740	67	O	8.32	G	-		
740	68	O	8.32	C	-		
740	69	O	8.32	A	-		
740	70	O	8.32	G	-		
740	71	O	8.32	T	-		
740	72	O	8.32	T	-		
740	73	O	8.32	G	-		
740	74	O	8.32	C	-		
740	75	O	8.32	T	-		
740	76	O	8.32	T	-		
740	77	O	8.32	C	-		
740	78	O	8.32	A	-		
740	79	O	8.32	T	-		
740	80	O	8.32	G	-		
740	81	O	8.32	A	-		
740	82	O	8.32	G	-		
740	83	O	8.32	G	-		
740	84	O	8.32	T	-		
740	85	O	8.32	A	-		
740	86	O	8.32	T	-		
740	87	O	8.32	T	-		
740	88	O	8.32	G	-		
740	89	O	8.32	G	-		
740	90	O	8.32	T	-		
740	91	O	8.32	A	-		
740	92	O	8.32	T	-		
740	93	O	8.32	T	-		
740	94	O	8.32	C	-		
740	95	O	8.32	A	-		
740	96	O	8.32	G	-		
740	97	O	8.32	C	-		
740	98	O	8.32	A	-		
740	99	O	8.32	G	-		
740	100	O	8.32	T	-		
740	101	O	8.32	C	-		
740	102	O	8.32	A	-		
740	103	O	8.32	T	-		
740	104	O	8.32	A	-		
740	105	O	8.32	A	-		
740	106	O	8.32	A	-		
740	107	O	8.32	A	-		
740	108	O	8.32	G	-		
740	109	O	8.32	T	-		
741	0	O	5.55	T	-		
741	1	O	5.55	C	-		
741	2	O	5.55	T	-		
741	3	O	5.55	G	-		
741	4	O	5.55	A	-		
741	5	O	5.55	A	-		
741	6	O	5.55	T	-		
741	7	O	5.55	T	-		
741	8	O	5.55	T	-		
741	9	O	5.55	G	-		
741	10	O	5.55	T	-		
741	11	O	5.55	T	-		
741	12	O	5.55	C	-		
741	13	O	5.55	A	-		
741	14	O	5.55	C	-		
741	15	O	5.55	C	-		
741	16	O	5.55	T	-		
741	17	O	5.55	T	-		
741	18	O	5.55	T	-		
741	19	O	5.55	G	-		
741	20	O	5.55	T	-		
741	21	O	5.55	G	-		
741	22	O	5.55	G	-		
741	23	O	5.55	C	-		
741	24	O	5.55	T	-		
741	25	O	5.55	T	-		
741	26	O	5.55	A	-		
741	27	O	5.55	C	-		
741	28	O	5.55	A	-		
741	29	O	5.55	A	-		
741	30	O	5.55	A	-		
741	31	O	5.55	T	-		
741	32	O	5.55	T	-		
741	33	O	5.55	T	-		
741	34	O	5.55	T	-		
741	35	O	5.55	T	-		
741	36	O	5.55	T	-		
741	37	O	5.55	T	-		
741	38	O	5.55	T	-		
741	39	O	5.55	G	-		
741	40	O	5.55	G	-		
741	41	O	5.55	G	-		
741	42	O	5.55	C	-		
741	43	O	5.55	G	-		
741	44	O	5.55	A	-		
741	45	O	5.55	A	-		
741	46	O	5.55	A	-		
741	47	O	5.55	T	-		
741	48	O	5.55	T	-		
741	49	O	5.55	T	-		
741	50	O	5.55	A	-		
741	51	O	5.55	A	-		
741	52	O	5.55	A	-		
741	53	O	5.55	T	-		
741	54	O	5.55	G	-		
741	55	O	5.55	C	-		
741	56	O	5.55	C	-		
741	57	O	5.55	T	-		
741	58	O	5.55	T	-		
741	59	O	5.55	T	-		
741	60	O	5.55	T	-		
741	61	O	5.55	T	-		
741	62	O	5.55	G	-		
741	63	O	5.55	A	-		
741	64	O	5.55	A	-		
741	65	O	5.55	T	-		
741	66	O	5.55	T	-		
741	67	O	5.55	A	-		
741	68	O	5.55	T	-		
741	69	O	5.55	C	-		
741	70	O	5.55	A	-		
741	71	O	5.55	A	-		
741	72	O	5.55	A	-		
741	73	O	5.55	T	-		
741	74	O	5.55	G	-		
741	75	O	5.55	T	-		
741	76	O	5.55	A	-		
741	77	O	5.55	C	-		
741	78	O	5.55	A	-		
741	79	O	5.55	G	-		
741	80	O	5.55	G	-		
741	81	O	5.55	G	-		
741	82	O	5.55	G	-		
741	83	O	5.55	G	-		
741	84	O	5.55	T	-		
741	85	O	5.55	G	-		
741	86	O	5.55	A	-		
741	87	O	5.55	T	-		
741	88	O	5.55	A	-		
741	89	O	5.55	A	-		
741	90	O	5.55	A	-		
741	91	O	5.55	T	-		
741	92	O	5.55	G	-		
741	93	O	5.55	G	-		
741	94	O	5.55	A	-		
741	95	O	5.55	T	-		
741	96	O	5.55	A	-		
741	97	O	5.55	T	-		
741	98	O	5.55	T	-		
741	99	O	5.55	A	-		
741	100	O	5.55	A	-		
741	101	O	5.55	T	-		
741	102	O	5.55	G	-		
741	103	O	5.55	A	-		
741	104	O	5.55	G	-		
741	105	O	5.55	A	-		
741	106	O	5.55	T	-		
741	107	O	5.55	T	-		
741	108	O	5.55	T	-		
741	109	O	5.55	T	-		
742	0	O	15.25	G	-		
742	1	O	15.25	C	-		
742	2	O	15.25	C	-		
742	3	O	15.25	A	-		
742	4	O	15.25	G	-		
742	5	O	15.25	G	-		
742	6	O	15.25	C	-		
742	7	O	15.25	G	-		
742	8	O	15.25	G	-		
742	9	O	15.25	G	-		
742	10	O	15.25	C	-		
742	11	O	15.25	G	-		
742	12	O	15.25	A	-		
742	13	O	15.25	C	-		
742	14	O	15.25	A	-		
742	15	O	15.25	A	-		
742	16	O	15.25	A	-		
742	17	O	15.25	C	-		
742	18	O	15.25	A	-		
742	19	O	15.25	T	-		
742	20	O	15.25	A	-		
742	21	O	15.25	T	-		
742	22	O	15.25	C	-		
742	23	O	15.25	G	-		
742	24	O	15.25	G	-		
742	25	O	6.35	C	-		
742	26	O	15.25	G	-		
742	27	O	15.25	T	-		
742	28	O	6.35	T	-		
742	29	O	15.25	G	-		
742	30	O	15.25	G	-		
742	31	O	15.25	A	-		
742	32	O	15.25	A	-		
742	33	O	15.25	A	-		
742	34	O	15.25	C	-		
742	35	O	15.25	A	-		
742	36	O	15.25	A	-		
742	37	O	15.25	T	-		
742	38	O	15.25	A	-		
742	39	O	15.25	A	-		
742	40	O	15.25	A	-		
742	41	O	15.25	T	-		
742	42	O	6.35	A	-		
742	43	O	15.25	A	-		
742	44	O	15.25	A	-		
742	45	O	15.25	C	-		
742	46	O	15.25	A	-		
742	47	O	15.25	A	-		
742	48	O	15.25	G	-		
742	49	O	15.25	C	-		
742	50	O	15.25	G	-		
742	51	O	15.25	C	-		
742	52	O	15.25	C	-		
742	53	O	15.25	T	-		
742	54	O	15.25	C	-		
742	55	O	6.35	A	-		
742	56	O	15.25	C	-		
742	57	O	15.25	T	-		
742	58	O	6.35	T	-		
742	59	O	15.25	A	-		
742	60	O	15.25	G	-		
742	61	O	15.25	G	-		
742	62	O	15.25	C	-		
742	63	O	15.25	G	-		
742	64	O	6.35	C	-		
742	65	O	15.25	G	-		
742	66	O	15.25	C	-		
742	67	O	15.25	G	-		
742	68	O	15.25	C	-		
742	69	O	15.25	G	-		
742	70	O	6.35	T	-		
742	71	O	15.25	T	-		
742	72	O	15.25	T	-		
742	73	O	15.25	G	-		
742	74	O	15.25	T	-		
742	75	O	15.25	C	-		
742	76	O	6.35	T	-		
742	77	U	0.42	T	G		
742	78	O	15.25	T	-		
742	79	O	15.25	A	-		
742	80	O	15.25	T	-		
742	81	O	6.35	T	-		
742	82	O	15.25	A	-		
742	83	O	15.25	T	-		
742	84	O	15.25	C	-		
742	85	O	15.25	C	-		
742	86	O	15.25	C	-		
742	87	O	15.25	G	-		
742	88	O	15.25	G	-		
742	89	O	15.25	C	-		
742	90	O	15.25	C	-		
742	91	O	15.25	G	-		
742	92	O	15.25	G	-		
742	93	O	15.25	C	-		
742	94	O	15.25	C	-		
742	95	O	15.25	G	-		
742	96	O	15.25	G	-		
742	97	O	15.25	C	-		
742	98	O	15.25	G	-		
742	99	O	15.25	A	-		
742	100	O	15.25	G	-		
742	101	O	15.25	T	-		
742	102	O	15.25	G	-		
742	103	O	15.25	T	-		
742	104	O	15.25	T	-		
742	105	O	15.25	G	-		
742	106	O	15.25	T	-		
742	107	O	15.25	C	-		
742	108	O	15.25	T	-		
742	109	O	15.25	G	-		
743	0	O	33.27	A	-		
743	1	O	33.27	T	-		
743	2	O	33.27	G	-		
743	3	O	33.27	A	-		
743	4	O	33.27	G	-		
743	5	O	33.27	G	-		
743	6	O	33.27	T	-		
743	7	O	33.27	C	-		
743	8	O	33.27	G	-		
743	9	O	33.27	C	-		
743	10	O	22.76	A	-		
743	11	O	33.27	T	-		
743	12	O	33.27	T	-		
743	13	O	33.27	C	-		
743	14	O	33.27	C	-		
743	15	O	33.27	T	-		
743	16	O	33.27	G	-		
743	17	O	33.27	C	-		
743	18	O	33.27	T	-		
743	19	O	33.27	G	-		
743	20	O	33.27	G	-		
743	21	O	33.27	T	-		
743	22	O	33.27	T	-		
743	23	O	33.27	C	-		
743	24	O	33.27	A	-		
743	25	O	33.27	G	-		
743	26	O	33.27	C	-		
743	27	O	33.27	T	-		
743	28	O	33.27	T	-		
743	29	O	33.27	C	-		
743	30	O	33.27	T	-		
743	31	O	33.27	C	-		
743	32	O	33.27	T	-		
743	33	O	33.27	C	-		
743	34	O	33.27	C	-		
743	35	O	33.27	C	-		
743	36	O	33.27	C	-		
743	37	O	33.27	A	-		
743	38	O	33.27	G	-		
743	39	O	33.27	G	-		
743	40	O	33.27	T	-		
743	41	O	33.27	C	-		
743	42	O	33.27	A	-		
743	43	O	33.27	T	-		
743	44	O	33.27	G	-		
743	45	O	33.27	A	-		
743	46	O	33.27	G	-		
743	47	O	33.27	C	-		
743	48	O	33.27	A	-		
743	49	O	33.27	C	-		
743	50	O	33.27	A	-		
743	51	O	33.27	T	-		
743	52	O	33.27	G	-		
743	53	O	33.27	A	-		
743	54	O	33.27	C	-		
743	55	O	33.27	G	-		
743	56	O	33.27	C	-		
743	57	O	33.27	A	-		
743	58	O	33.27	A	-		
743	59	O	33.27	C	-		
743	60	O	33.27	T	-		
743	61	O	33.27	T	-		
743	62	O	33.27	G	-		
743	63	O	33.27	T	-		
743	64	O	33.27	C	-		
743	65	O	33.27	C	-		
743	66	O	33.27	T	-		
743	67	O	33.27	C	-		
743	68	O	33.27	C	-		
743	69	O	33.27	T	-		
743	70	O	33.27	G	-		
743	71	O	33.27	A	-		
743	72	O	33.27	C	-		
743	73	O	33.27	A	-		
743	74	O	33.27	G	-		
743	75	O	33.27	A	-		
743	76	O	33.27	A	-		
743	77	O	33.27	G	-		
743	78	O	33.27	C	-		
743	79	O	33.27	C	-		
743	80	O	33.27	G	-		
743	81	O	33.27	T	-		
743	82	O	33.27	C	-		
743	83	O	33.27	G	-		
743	84	O	33.27	C	-		
743	85	O	33.27	C	-		
743	86	O	33.27	C	-		
743	87	O	33.27	T	-		
743	88	O	33.27	C	-		
743	89	O	33.27	G	-		
743	90	O	33.27	T	-		
743	91	O	33.27	C	-		
743	92	O	33.27	G	-		
743	93	O	33.27	A	-		
743	94	O	33.27	A	-		
743	95	O	33.27	C	-		
743	96	O	33.27	T	-		
743	97	O	33.27	T	-		
743	98	O	33.27	G	-		
743	99	O	33.27	G	-		
743	100	O	33.27	C	-		
743	101	O	33.27	G	-		
743	102	O	33.27	A	-		
743	103	O	33.27	A	-		
743	104	O	33.27	C	-		
743	105	O	33.27	G	-		
743	106	O	33.27	C	-		
743	107	O	33.27	C	-		
743	108	O	33.27	G	-		
743	109	O	33.27	A	-		
744	0	O	9.70	A	-		
744	1	O	9.70	G	-		
744	2	O	9.70	G	-		
744	3	O	9.70	A	-		
744	4	O	9.70	A	-		
744	5	O	9.70	A	-		
744	6	O	9.70	A	-		
744	7	O	9.70	T	-		
744	8	O	9.70	T	-		
744	9	O	9.70	C	-		
744	10	O	9.70	A	-		
744	11	O	9.70	A	-		
744	12	U	1.77	T	A		
744	13	O	9.70	G	-		
744	14	O	9.70	G	-		
744	15	O	9.70	C	-		
744	16	O	9.70	A	-		
744	17	U	1.77	C	A		
744	18	O	9.70	G	-		
744	19	O	9.70	T	-		
744	20	O	9.70	G	-		
744	21	O	9.70	G	-		
744	22	O	9.70	A	-		
744	23	O	9.70	G	-		
744	24	O	9.70	C	-		
744	25	O	9.70	G	-		
744	26	O	9.70	C	-		
744	27	O	9.70	T	-		
744	28	O	9.70	A	-		
744	29	O	9.70	G	-		
744	30	O	9.70	T	-		
744	31	O	9.70	A	-		
744	32	O	9.70	T	-		
744	33	O	9.70	T	-		
744	34	O	9.70	C	-		
744	35	O	9.70	C	-		
744	36	O	9.70	A	-		
744	37	O	9.70	A	-		
744	38	O	9.70	G	-		
744	39	O	9.70	A	-		
744	40	O	9.70	T	-		
744	41	O	9.70	G	-		
744	42	O	9.70	G	-		
744	43	O	9.70	T	-		
744	44	O	9.70	C	-		
744	45	O	9.70	A	-		
744	46	O	9.70	A	-		
744	47	O	9.70	T	-		
744	48	O	9.70	G	-		
744	49	O	9.70	C	-		
744	50	U	1.77	A	G		
744	51	O	9.70	C	-		
744	52	O	9.70	G	-		
744	53	O	9.70	A	-		
744	54	O	9.70	C	-		
744	55	O	9.70	A	-		
744	56	O	9.70	G	-		
744	57	O	9.70	A	-		
744	58	O	9.70	C	-		
744	59	O	9.70	G	-		
744	60	O	9.70	T	-		
744	61	O	9.70	C	-		
744	62	O	9.70	C	-		
744	63	O	9.70	A	-		
744	64	O	9.70	A	-		
744	65	O	9.70	C	-		
744	66	O	9.70	T	-		
744	67	O	9.70	C	-		
744	68	O	9.70	A	-		
744	69	O	9.70	G	-		
744	70	O	9.70	C	-		
744	71	O	9.70	A	-		
744	72	O	9.70	T	-		
744	73	U	1.77	C	G		
744	74	O	9.70	T	-		
744	75	O	9.70	A	-		
744	76	O	9.70	T	-		
744	77	O	9.70	T	-		
744	78	O	9.70	C	-		
744	79	O	9.70	C	-		
744	80	O	9.70	G	-		
744	81	O	9.70	C	-		
744	82	O	9.70	G	-		
744	83	O	9.70	G	-		
744	84	O	9.70	C	-		
744	85	O	9.70	A	-		
744	86	O	9.70	C	-		
744	87	O	9.70	C	-		
744	88	O	9.70	G	-		
744	89	O	9.70	T	-		
744	90	O	9.70	A	-		
744	91	O	9.70	A	-		
744	92	O	9.70	T	-		
744	93	O	9.70	A	-		
744	94	O	9.70	C	-		
744	95	O	9.70	G	-		
744	96	O	9.70	G	-		
744	97	O	9.70	C	-		
744	98	O	9.70	T	-		
744	99	O	9.70	G	-		
744	100	O	9.70	A	-		
744	101	O	9.70	C	-		
744	102	O	9.70	A	-		
744	103	O	9.70	A	-		
744	104	O	9.70	A	-		
744	105	O	9.70	G	-		
744	106	O	9.70	G	-		
744	107	O	9.70	C	-		
744	108	O	9.70	T	-		
744	109	O	9.70	G	-		
745	0	O	19.41	G	-		
745	1	O	19.41	T	-		
745	2	O	19.41	C	-		
745	3	O	19.41	C	-		
745	4	O	19.41	G	-		
745	5	O	19.41	A	-		
745	6	O	19.41	G	-		
745	7	O	19.41	C	-		
745	8	O	19.41	T	-		
745	9	O	19.41	G	-		
745	10	O	19.41	A	-		
745	11	O	19.41	T	-		
745	12	O	19.41	C	-		
745	13	O	19.41	G	-		
745	14	O	19.41	A	-		
745	15	O	19.41	T	-		
745	16	O	19.41	G	-		
745	17	O	19.41	G	-		
745	18	O	19.41	G	-		
745	19	O	19.41	G	-		
745	20	O	19.41	T	-		
745	21	O	19.41	T	-		
745	22	O	19.41	A	-		
745	23	O	19.41	C	-		
745	24	O	19.41	T	-		
745	25	O	19.41	G	-		
745	26	O	19.41	T	-		
745	27	O	19.41	C	-		
745	28	O	19.41	A	-		
745	29	O	19.41	A	-		
745	30	O	19.41	A	-		
745	31	O	19.41	G	-		
745	32	O	19.41	A	-		
745	33	O	19.41	T	-		
745	34	O	19.41	G	-		
745	35	O	19.41	T	-		
745	36	O	19.41	A	-		
745	37	O	19.41	C	-		
745	38	O	19.41	T	-		
745	39	O	19.41	G	-		
745	40	O	19.41	G	-		
745	41	O	19.41	T	-		
745	42	O	19.41	C	-		
745	43	O	19.41	A	-		
745	44	O	19.41	C	-		
745	45	O	19.41	A	-		
745	46	O	19.41	G	-		
745	47	O	19.41	A	-		
745	48	O	19.41	A	-		
745	49	O	19.41	T	-		
745	50	O	19.41	C	-		
745	51	O	19.41	G	-		
745	52	O	19.41	T	-		
745	53	O	19.41	T	-		
745	54	O	19.41	G	-		
745	55	O	19.41	G	-		
745	56	O	19.41	C	-		
745	57	O	19.41	T	-		
745	58	O	19.41	G	-		
745	59	O	19.41	C	-		
745	60	O	19.41	T	-		
745	61	O	19.41	T	-		
745	62	O	19.41	G	-		
745	63	O	19.41	G	-		
745	64	O	19.41	T	-		
745	65	O	19.41	C	-		
745	66	O	19.41	G	-		
745	67	O	19.41	G	-		
745	68	O	19.41	G	-		
745	69	O	19.41	C	-		
745	70	O	19.41	T	-		
745	71	O	19.41	G	-		
745	72	O	19.41	A	-		
745	73	O	19.41	G	-		
745	74	O	19.41	C	-		
745	75	O	19.41	C	-		
745	76	O	19.41	T	-		
745	77	O	19.41	G	-		
745	78	O	19.41	C	-		
745	79	O	19.41	T	-		
745	80	O	19.41	C	-		
745	81	O	19.41	A	-		
745	82	O	19.41	T	-		
745	83	O	19.41	C	-		
745	84	O	19.41	G	-		
745	85	O	19.41	G	-		
745	86	O	19.41	A	-		
745	87	O	19.41	G	-		
745	88	O	19.41	C	-		
745	89	O	19.41	C	-		
745	90	O	19.41	G	-		
745	91	O	19.41	T	-		
745	92	O	19.41	T	-		
745	93	O	19.41	G	-		
745	94	O	19.41	G	-		
745	95	O	19.41	A	-		
745	96	O	19.41	A	-		
745	97	O	19.41	G	-		
745	98	O	19.41	G	-		
745	99	O	19.41	C	-		
745	100	O	19.41	C	-		
745	101	O	19.41	T	-		
745	102	O	19.41	A	-		
745	103	O	19.41	C	-		
745	104	O	19.41	T	-		
745	105	O	19.41	C	-		
745	106	O	19.41	T	-		
745	107	O	19.41	C	-		
745	108	O	19.41	A	-		
745	109	O	19.41	G	-		
746	0	O	11.09	A	-		
746	1	O	11.09	G	-		
746	2	O	11.09	C	-		
746	3	O	11.09	A	-		
746	4	O	11.09	C	-		
746	5	O	11.09	C	-		
746	6	O	11.09	C	-		
746	7	O	11.09	C	-		
746	8	O	11.09	G	-		
746	9	O	11.09	G	-		
746	10	U	2.86	G	C		
746	11	O	11.09	A	-		
746	12	O	11.09	T	-		
746	13	O	11.09	T	-		
746	14	O	11.09	A	-		
746	15	O	11.09	G	-		
746	16	O	11.09	C	-		
746	17	O	11.09	A	-		
746	18	O	11.09	A	-		
746	19	O	11.09	G	-		
746	20	O	11.09	A	-		
746	21	O	11.09	G	-		
746	22	O	11.09	T	-		
746	23	O	11.09	G	-		
746	24	O	11.09	A	-		
746	25	O	11.09	G	-		
746	26	O	11.09	A	-		
746	27	O	11.09	G	-		
746	28	O	11.09	A	-		
746	29	O	11.09	A	-		
746	30	O	11.09	A	-		
746	31	O	11.09	G	-		
746	32	U	2.86	A	G		
746	33	O	11.09	A	-		
746	34	O	11.09	G	-		
746	35	O	11.09	A	-		
746	36	O	11.09	T	-		
746	37	O	11.09	A	-		
746	38	O	11.09	T	-		
746	39	O	11.09	G	-		
746	40	O	11.09	C	-		
746	41	O	11.09	A	-		
746	42	O	11.09	G	-		
746	43	O	11.09	G	-		
746	44	O	11.09	T	-		
746	45	O	11.09	T	-		
746	46	O	11.09	G	-		
746	47	O	11.09	A	-		
746	48	O	11.09	T	-		
746	49	O	11.09	G	-		
746	50	O	11.09	G	-		
746	51	O	11.09	A	-		
746	52	O	11.09	C	-		
746	53	O	11.09	T	-		
746	54	O	11.09	G	-		
746	55	O	11.09	C	-		
746	56	O	11.09	A	-		
746	57	O	11.09	A	-		
746	58	O	11.09	G	-		
746	59	O	11.09	A	-		
746	60	O	11.09	A	-		
746	61	O	11.09	G	-		
746	62	O	11.09	C	-		
746	63	U	2.86	T	G		
746	64	O	11.09	C	-		
746	65	O	11.09	T	-		
746	66	O	11.09	C	-		
746	67	O	11.09	G	-		
746	68	O	11.09	G	-		
746	69	O	11.09	T	-		
746	70	O	11.09	A	-		
746	71	O	11.09	G	-		
746	72	O	11.09	A	-		
746	73	O	11.09	T	-		
746	74	O	11.09	G	-		
746	75	O	11.09	C	-		
746	76	O	11.09	A	-		
746	77	O	11.09	T	-		
746	78	O	11.09	G	-		
746	79	O	11.09	C	-		
746	80	O	11.09	A	-		
746	81	O	11.09	T	-		
746	82	O	11.09	G	-		
746	83	O	11.09	C	-		
746	84	O	11.09	A	-		
746	85	O	11.09	T	-		
746	86	O	11.09	G	-		
746	87	O	11.09	C	-		
746	88	O	11.09	A	-		
746	89	O	11.09	G	-		
746	90	O	11.09	T	-		
746	91	U	2.86	G	T		
746	92	O	11.09	C	-		
746	93	O	11.09	A	-		
746	94	O	11.09	A	-		
746	95	O	11.09	A	-		
746	96	O	11.09	A	-		
746	97	O	11.09	C	-		
746	98	O	11.09	G	-		
746	99	O	11.09	A	-		
746	100	O	11.09	G	-		
746	101	O	11.09	A	-		
746	102	O	11.09	G	-		
746	103	O	11.09	A	-		
746	104	O	11.09	C	-		
746	105	O	11.09	T	-		
746	106	O	11.09	A	-		
746	107	O	11.09	C	-		
746	108	O	11.09	C	-		
746	109	O	11.09	A	-		
747	0	U	0.00	-	-		
747	1	U	0.00	-	-		
747	2	U	0.00	-	-		
747	3	U	0.00	-	-		
747	4	U	0.00	-	-		
747	5	U	0.00	-	-		
747	6	O	11.09	C	-		
747	7	O	11.09	G	-		
747	8	O	11.09	A	-		
747	9	O	11.09	T	-		
747	10	O	11.09	C	-		
747	11	O	11.09	G	-		
747	12	O	11.09	G	-		
747	13	O	11.09	T	-		
747	14	O	11.09	T	-		
747	15	O	11.09	G	-		
747	16	O	11.09	G	-		
747	17	O	11.09	C	-		
747	18	O	11.09	C	-		
747	19	O	11.09	T	-		
747	20	O	11.09	G	-		
747	21	O	11.09	G	-		
747	22	O	11.09	C	-		
747	23	O	11.09	C	-		
747	24	O	11.09	A	-		
747	25	O	11.09	G	-		
747	26	O	11.09	A	-		
747	27	O	11.09	A	-		
747	28	O	11.09	A	-		
747	29	O	11.09	T	-		
747	30	O	11.09	T	-		
747	31	O	11.09	A	-		
747	32	O	11.09	G	-		
747	33	O	11.09	C	-		
747	34	O	11.09	T	-		
747	35	O	11.09	C	-		
747	36	O	11.09	G	-		
747	37	O	11.09	T	-		
747	38	O	11.09	T	-		
747	39	O	11.09	C	-		
747	40	O	11.09	G	-		
747	41	O	11.09	G	-		
747	42	O	11.09	C	-		
747	43	O	11.09	C	-		
747	44	O	11.09	T	-		
747	45	O	11.09	T	-		
747	46	O	11.09	T	-		
747	47	O	11.09	C	-		
747	48	O	11.09	A	-		
747	49	O	11.09	A	-		
747	50	O	11.09	T	-		
747	51	O	11.09	T	-		
747	52	O	11.09	T	-		
747	53	O	11.09	G	-		
747	54	O	11.09	G	-		
747	55	O	11.09	C	-		
747	56	O	11.09	C	-		
747	57	O	11.09	C	-		
747	58	O	11.09	T	-		
747	59	O	11.09	C	-		
747	60	O	11.09	G	-		
747	61	O	11.09	C	-		
747	62	O	11.09	G	-		
747	63	O	11.09	C	-		
747	64	O	11.09	G	-		
747	65	O	11.09	T	-		
747	66	O	11.09	C	-		
747	67	O	11.09	C	-		
747	68	O	11.09	A	-		
747	69	O	11.09	C	-		
747	70	O	11.09	C	-		
747	71	O	11.09	T	-		
747	72	O	11.09	G	-		
747	73	O	11.09	T	-		
747	74	O	11.09	T	-		
747	75	O	11.09	C	-		
747	76	O	11.09	G	-		
747	77	O	11.09	C	-		
747	78	O	11.09	T	-		
747	79	O	11.09	C	-		
747	80	O	11.09	G	-		
747	81	O	11.09	C	-		
747	82	O	11.09	T	-		
747	83	O	11.09	C	-		
747	84	O	11.09	G	-		
747	85	O	11.09	C	-		
747	86	O	11.09	T	-		
747	87	O	11.09	G	-		
747	88	O	11.09	A	-		
747	89	O	11.09	G	-		
747	90	O	11.09	A	-		
747	91	O	11.09	G	-		
747	92	O	11.09	C	-		
747	93	O	11.09	A	-		
747	94	O	11.09	G	-		
747	95	O	11.09	A	-		
747	96	O	11.09	C	-		
747	97	O	11.09	G	-		
747	98	O	11.09	T	-		
747	99	O	11.09	G	-		
747	100	O	11.09	A	-		
747	101	O	11.09	G	-		
747	102	O	11.09	T	-		
747	103	O	11.09	G	-		
747	104	O	11.09	C	-		
747	105	O	11.09	G	-		
747	106	O	11.09	C	-		
747	107	O	11.09	C	-		
747	108	O	11.09	C	-		
747	109	O	11.09	G	-		
747	110	U	0.00	-	-		
747	111	U	0.00	-	-		
747	112	U	0.00	-	-		
747	113	U	0.00	-	-		
747	114	U	0.00	-	-		
747	115	U	0.00	-	-		
748	0	O	8.32	C	-		
748	1	O	8.32	A	-		
748	2	O	8.32	G	-		
748	3	O	8.32	A	-		
748	4	O	8.32	C	-		
748	5	O	8.32	G	-		
748	6	O	8.32	G	-		
748	7	O	8.32	C	-		
748	8	O	8.32	C	-		
748	9	O	8.32	G	-		
748	10	O	8.32	A	-		
748	11	O	8.32	G	-		
748	12	O	8.32	C	-		
748	13	O	8.32	G	-		
748	14	O	8.32	A	-		
748	15	O	8.32	G	-		
748	16	O	8.32	G	-		
748	17	O	8.32	C	-		
748	18	O	8.32	G	-		
748	19	O	8.32	C	-		
748	20	O	8.32	C	-		
748	21	O	8.32	C	-		
748	22	O	8.32	G	-		
748	23	O	8.32	G	-		
748	24	O	8.32	C	-		
748	25	O	8.32	T	-		
748	26	O	8.32	G	-		
748	27	O	8.32	G	-		
748	28	O	8.32	C	-		
748	29	O	8.32	C	-		
748	30	O	8.32	C	-		
748	31	O	8.32	T	-		
748	32	O	8.32	G	-		
748	33	O	8.32	C	-		
748	34	O	8.32	A	-		
748	35	O	8.32	G	-		
748	36	O	8.32	T	-		
748	37	O	8.32	G	-		
748	38	O	8.32	C	-		
748	39	O	8.32	T	-		
748	40	O	8.32	C	-		
748	41	O	8.32	G	-		
748	42	O	8.32	G	-		
748	43	O	8.32	C	-		
748	44	O	8.32	C	-		
748	45	O	8.32	A	-		
748	46	O	8.32	G	-		
748	47	O	8.32	C	-		
748	48	O	8.32	G	-		
748	49	O	8.32	G	-		
748	50	O	8.32	A	-		
748	51	O	8.32	C	-		
748	52	O	8.32	T	-		
748	53	O	8.32	G	-		
748	54	O	8.32	C	-		
748	55	O	8.32	C	-		
748	56	O	8.32	G	-		
748	57	O	8.32	G	-		
748	58	O	8.32	C	-		
748	59	O	8.32	G	-		
748	60	O	8.32	C	-		
748	61	O	8.32	C	-		
748	62	O	8.32	C	-		
748	63	O	8.32	A	-		
748	64	O	8.32	A	-		
748	65	O	8.32	A	-		
748	66	O	8.32	A	-		
748	67	O	8.32	T	-		
748	68	O	8.32	C	-		
748	69	O	8.32	G	-		
748	70	O	8.32	T	-		
748	71	O	8.32	C	-		
748	72	O	8.32	T	-		
748	73	O	8.32	G	-		
748	74	O	8.32	G	-		
748	75	O	8.32	C	-		
748	76	O	8.32	T	-		
748	77	O	8.32	G	-		
748	78	O	8.32	C	-		
748	79	O	8.32	T	-		
748	80	O	8.32	C	-		
748	81	O	8.32	G	-		
748	82	O	8.32	A	-		
748	83	O	8.32	C	-		
748	84	O	8.32	G	-		
748	85	O	8.32	G	-		
748	86	O	8.32	A	-		
748	87	U	-3.71	C	T		
748	88	O	8.32	A	-		
748	89	O	8.32	G	-		
748	90	O	8.32	C	-		
748	91	O	8.32	C	-		
748	92	O	8.32	C	-		
748	93	O	8.32	A	-		
748	94	O	8.32	T	-		
748	95	O	8.32	C	-		
748	96	O	8.32	G	-		
748	97	O	8.32	C	-		
748	98	O	8.32	A	-		
748	99	O	8.32	C	-		
748	100	O	8.32	A	-		
748	101	O	8.32	A	-		
748	102	O	8.32	C	-		
748	103	O	8.32	T	-		
748	104	O	8.32	C	-		
748	105	O	8.32	G	-		
748	106	O	8.32	A	-		
748	107	O	8.32	G	-		
748	108	O	8.32	C	-		
748	109	O	8.32	C	-		
749	0	O	6.93	T	-		
749	1	O	6.93	C	-		
749	2	O	6.93	T	-		
749	3	O	6.93	T	-		
749	4	O	6.93	C	-		
749	5	O	6.93	G	-		
749	6	O	6.93	C	-		
749	7	O	6.93	G	-		
749	8	O	6.93	C	-		
749	9	O	6.93	T	-		
749	10	O	6.93	C	-		
749	11	O	6.93	A	-		
749	12	O	6.93	C	-		
749	13	O	6.93	C	-		
749	14	O	6.93	G	-		
749	15	O	6.93	G	-		
749	16	O	6.93	C	-		
749	17	O	6.93	G	-		
749	18	O	6.93	C	-		
749	19	O	6.93	A	-		
749	20	O	6.93	C	-		
749	21	O	6.93	T	-		
749	22	O	6.93	C	-		
749	23	O	6.93	G	-		
749	24	O	6.93	A	-		
749	25	O	6.93	A	-		
749	26	O	6.93	A	-		
749	27	O	6.93	C	-		
749	28	O	6.93	C	-		
749	29	O	6.93	A	-		
749	30	O	6.93	A	-		
749	31	O	6.93	C	-		
749	32	O	6.93	T	-		
749	33	O	6.93	G	-		
749	34	O	6.93	C	-		
749	35	O	6.93	G	-		
749	36	O	6.93	C	-		
749	37	O	6.93	C	-		
749	38	O	6.93	C	-		
749	39	O	6.93	A	-		
749	40	O	6.93	C	-		
749	41	O	6.93	C	-		
749	42	O	6.93	T	-		
749	43	O	6.93	G	-		
749	44	O	6.93	T	-		
749	45	O	6.93	C	-		
749	46	O	6.93	C	-		
749	47	O	6.93	G	-		
749	48	O	6.93	C	-		
749	49	O	6.93	C	-		
749	50	O	6.93	T	-		
749	51	O	6.93	C	-		
749	52	O	6.93	A	-		
749	53	O	6.93	G	-		
749	54	O	6.93	T	-		
749	55	O	6.93	G	-		
749	56	O	6.93	G	-		
749	57	O	6.93	A	-		
749	58	O	6.93	C	-		
749	59	O	6.93	G	-		
749	60	O	6.93	T	-		
749	61	O	6.93	C	-		
749	62	O	6.93	C	-		
749	63	O	6.93	G	-		
749	64	O	6.93	G	-		
749	65	O	6.93	C	-		
749	66	O	6.93	G	-		
749	67	O	6.93	A	-		
749	68	O	6.93	A	-		
749	69	O	6.93	G	-		
749	70	O	6.93	A	-		
749	71	O	6.93	G	-		
749	72	O	6.93	T	-		
749	73	O	6.93	G	-		
749	74	O	6.93	G	-		
749	75	O	6.93	G	-		
749	76	O	6.93	C	-		
749	77	O	6.93	G	-		
749	78	O	6.93	C	-		
749	79	O	6.93	C	-		
749	80	O	6.93	A	-		
749	81	O	6.93	A	-		
749	82	O	6.93	C	-		
749	83	O	6.93	C	-		
749	84	O	6.93	T	-		
749	85	O	6.93	G	-		
749	86	O	6.93	G	-		
749	87	O	6.93	T	-		
749	88	O	6.93	G	-		
749	89	O	6.93	G	-		
749	90	O	6.93	C	-		
749	91	O	6.93	G	-		
749	92	O	6.93	C	-		
749	93	O	6.93	T	-		
749	94	O	6.93	G	-		
749	95	O	6.93	G	-		
749	96	O	6.93	A	-		
749	97	O	6.93	A	-		
749	98	O	6.93	A	-		
749	99	O	6.93	C	-		
749	100	O	6.93	G	-		
749	101	O	6.93	A	-		
749	102	O	6.93	C	-		
749	103	O	6.93	C	-		
749	104	O	6.93	A	-		
749	105	O	6.93	C	-		
749	106	O	6.93	A	-		
749	107	O	6.93	C	-		
749	108	O	6.93	C	-		
749	109	O	6.93	G	-		
750	0	O	11.09	C	-		
750	1	U	2.86	T	G		
750	2	O	11.09	A	-		
750	3	O	11.09	G	-		
750	4	O	11.09	A	-		
750	5	O	11.09	G	-		
750	6	O	11.09	T	-		
750	7	O	11.09	G	-		
750	8	O	11.09	G	-		
750	9	O	11.09	A	-		
750	10	O	11.09	A	-		
750	11	O	11.09	T	-		
750	12	O	11.09	C	-		
750	13	O	11.09	G	-		
750	14	O	11.09	C	-		
750	15	O	11.09	A	-		
750	16	O	11.09	G	-		
750	17	O	11.09	G	-		
750	18	O	11.09	C	-		
750	19	O	11.09	G	-		
750	20	O	11.09	C	-		
750	21	O	11.09	G	-		
750	22	O	11.09	A	-		
750	23	O	11.09	G	-		
750	24	O	11.09	T	-		
750	25	O	11.09	G	-		
750	26	O	11.09	A	-		
750	27	O	11.09	G	-		
750	28	O	11.09	C	-		
750	29	O	11.09	T	-		
750	30	O	11.09	G	-		
750	31	O	11.09	C	-		
750	32	O	11.09	T	-		
750	33	O	11.09	C	-		
750	34	O	11.09	A	-		
750	35	O	11.09	C	-		
750	36	O	11.09	T	-		
750	37	U	2.86	A	C		
750	38	O	11.09	G	-		
750	39	O	11.09	A	-		
750	40	O	11.09	A	-		
750	41	O	11.09	G	-		
750	42	O	11.09	A	-		
750	43	O	11.09	G	-		
750	44	O	11.09	A	-		
750	45	O	11.09	C	-		
750	46	O	11.09	A	-		
750	47	O	11.09	G	-		
750	48	O	11.09	T	-		
750	49	O	11.09	T	-		
750	50	O	11.09	G	-		
750	51	O	11.09	C	-		
750	52	O	11.09	T	-		
750	53	O	11.09	A	-		
750	54	O	11.09	T	-		
750	55	O	11.09	A	-		
750	56	O	11.09	C	-		
750	57	O	11.09	G	-		
750	58	U	2.86	A	C		
750	59	O	11.09	T	-		
750	60	O	11.09	G	-		
750	61	O	11.09	A	-		
750	62	O	11.09	T	-		
750	63	O	11.09	A	-		
750	64	O	11.09	A	-		
750	65	O	11.09	G	-		
750	66	O	11.09	A	-		
750	67	O	11.09	T	-		
750	68	O	11.09	C	-		
750	69	O	11.09	G	-		
750	70	O	11.09	A	-		
750	71	O	11.09	T	-		
750	72	O	11.09	T	-		
750	73	O	11.09	T	-		
750	74	O	11.09	A	-		
750	75	O	11.09	T	-		
750	76	O	11.09	T	-		
750	77	O	11.09	T	-		
750	78	O	11.09	A	-		
750	79	O	11.09	T	-		
750	80	O	11.09	T	-		
750	81	O	11.09	C	-		
750	82	O	11.09	A	-		
750	83	O	11.09	C	-		
750	84	O	11.09	C	-		
750	85	O	11.09	C	-		
750	86	O	11.09	T	-		
750	87	O	11.09	A	-		
750	88	O	11.09	A	-		
750	89	O	11.09	A	-		
750	90	O	11.09	G	-		
750	91	O	11.09	G	-		
750	92	O	11.09	T	-		
750	93	O	11.09	A	-		
750	94	O	11.09	C	-		
750	95	O	11.09	A	-		
750	96	O	11.09	T	-		
750	97	O	11.09	C	-		
750	98	O	11.09	G	-		
750	99	O	11.09	A	-		
750	100	O	11.09	T	-		
750	101	O	11.09	A	-		
750	102	O	11.09	G	-		
750	103	O	11.09	C	-		
750	104	O	11.09	T	-		
750	105	O	11.09	G	-		
750	106	O	11.09	A	-		
750	107	O	11.09	T	-		
750	108	O	11.09	G	-		
750	109	O	11.09	G	-		
751	0	O	5.55	C	-		
751	1	O	5.55	A	-		
751	2	O	5.55	G	-		
751	3	O	5.55	A	-		
751	4	O	5.55	C	-		
751	5	O	5.55	G	-		
751	6	O	5.55	T	-		
751	7	O	5.55	T	-		
751	8	O	5.55	T	-		
751	9	O	5.55	G	-		
751	10	O	5.55	G	-		
751	11	O	5.55	G	-		
751	12	O	5.55	A	-		
751	13	O	5.55	A	-		
751	14	O	5.55	T	-		
751	15	O	5.55	C	-		
751	16	O	5.55	A	-		
751	17	O	5.55	T	-		
751	18	O	5.55	G	-		
751	19	O	5.55	G	-		
751	20	O	5.55	C	-		
751	21	O	5.55	T	-		
751	22	O	5.55	T	-		
751	23	O	5.55	C	-		
751	24	O	5.55	A	-		
751	25	O	5.55	T	-		
751	26	O	5.55	G	-		
751	27	O	5.55	G	-		
751	28	O	5.55	T	-		
751	29	O	5.55	T	-		
751	30	O	5.55	A	-		
751	31	O	5.55	G	-		
751	32	O	5.55	T	-		
751	33	O	5.55	T	-		
751	34	O	5.55	C	-		
751	35	O	5.55	A	-		
751	36	O	5.55	T	-		
751	37	O	5.55	G	-		
751	38	O	5.55	T	-		
751	39	O	5.55	G	-		
751	40	O	5.55	C	-		
751	41	O	5.55	T	-		
751	42	O	5.55	T	-		
751	43	O	5.55	G	-		
751	44	O	5.55	G	-		
751	45	O	5.55	T	-		
751	46	O	5.55	T	-		
751	47	O	5.55	C	-		
751	48	O	5.55	C	-		
751	49	O	5.55	C	-		
751	50	O	5.55	T	-		
751	51	O	5.55	G	-		
751	52	O	5.55	A	-		
751	53	O	5.55	C	-		
751	54	O	5.55	T	-		
751	55	O	5.55	C	-		
751	56	O	5.55	A	-		
751	57	O	5.55	A	-		
751	58	O	5.55	A	-		
751	59	O	5.55	G	-		
751	60	O	5.55	C	-		
751	61	O	5.55	G	-		
751	62	O	5.55	A	-		
751	63	O	5.55	C	-		
751	64	O	5.55	T	-		
751	65	O	5.55	C	-		
751	66	O	5.55	G	-		
751	67	O	5.55	T	-		
751	68	O	5.55	C	-		
751	69	O	5.55	T	-		
751	70	O	5.55	G	-		
751	71	O	5.55	T	-		
751	72	O	5.55	G	-		
751	73	O	5.55	G	-		
751	74	O	5.55	C	-		
751	75	O	5.55	A	-		
751	76	O	5.55	G	-		
751	77	O	5.55	C	-		
751	78	O	5.55	T	-		
751	79	O	5.55	C	-		
751	80	O	5.55	C	-		
751	81	O	5.55	G	-		
751	82	O	5.55	A	-		
751	83	O	5.55	T	-		
751	84	O	5.55	G	-		
751	85	O	5.55	C	-		
751	86	O	5.55	A	-		
751	87	O	5.55	G	-		
751	88	O	5.55	C	-		
751	89	O	5.55	A	-		
751	90	O	5.55	A	-		
751	91	O	5.55	A	-		
751	92	O	5.55	G	-		
751	93	O	5.55	G	-		
751	94	O	5.55	G	-		
751	95	O	5.55	C	-		
751	96	O	5.55	A	-		
751	97	O	5.55	T	-		
751	98	O	5.55	C	-		
751	99	O	5.55	T	-		
751	100	O	5.55	A	-		
751	101	O	5.55	C	-		
751	102	O	5.55	A	-		
751	103	O	5.55	T	-		
751	104	O	5.55	G	-		
751	105	O	5.55	T	-		
751	106	O	5.55	G	-		
751	107	O	5.55	G	-		
751	108	O	5.55	G	-		
751	109	O	5.55	A	-		
752	0	O	6.93	A	-		
752	1	O	6.93	G	-		
752	2	O	6.93	G	-		
752	3	O	6.93	T	-		
752	4	O	6.93	G	-		
752	5	O	6.93	G	-		
752	6	O	6.93	T	-		
752	7	O	6.93	T	-		
752	8	O	6.93	G	-		
752	9	O	6.93	C	-		
752	10	O	6.93	A	-		
752	11	O	6.93	T	-		
752	12	O	6.93	T	-		
752	13	O	6.93	T	-		
752	14	O	6.93	T	-		
752	15	O	6.93	G	-		
752	16	O	6.93	G	-		
752	17	O	6.93	G	-		
752	18	O	6.93	C	-		
752	19	O	6.93	A	-		
752	20	O	6.93	C	-		
752	21	O	6.93	A	-		
752	22	O	6.93	C	-		
752	23	O	6.93	G	-		
752	24	O	6.93	A	-		
752	25	O	6.93	C	-		
752	26	O	6.93	A	-		
752	27	O	6.93	A	-		
752	28	O	6.93	G	-		
752	29	O	6.93	T	-		
752	30	O	6.93	G	-		
752	31	O	6.93	C	-		
752	32	O	6.93	G	-		
752	33	O	6.93	C	-		
752	34	O	6.93	C	-		
752	35	O	6.93	T	-		
752	36	O	6.93	G	-		
752	37	O	6.93	A	-		
752	38	O	6.93	T	-		
752	39	O	6.93	T	-		
752	40	O	6.93	G	-		
752	41	O	6.93	G	-		
752	42	O	6.93	A	-		
752	43	O	6.93	G	-		
752	44	O	6.93	C	-		
752	45	O	6.93	T	-		
752	46	O	6.93	G	-		
752	47	O	6.93	A	-		
752	48	O	6.93	T	-		
752	49	O	6.93	T	-		
752	50	O	6.93	A	-		
752	51	O	6.93	G	-		
752	52	O	6.93	T	-		
752	53	O	6.93	G	-		
752	54	O	6.93	T	-		
752	55	O	6.93	G	-		
752	56	O	6.93	A	-		
752	57	O	6.93	C	-		
752	58	O	6.93	A	-		
752	59	O	6.93	G	-		
752	60	O	6.93	T	-		
752	61	O	6.93	T	-		
752	62	O	6.93	C	-		
752	63	O	6.93	G	-		
752	64	O	6.93	C	-		
752	65	O	6.93	T	-		
752	66	O	6.93	C	-		
752	67	O	6.93	G	-		
752	68	O	6.93	C	-		
752	69	O	6.93	C	-		
752	70	O	6.93	G	-		
752	71	O	6.93	A	-		
752	72	O	6.93	T	-		
752	73	O	6.93	C	-		
752	74	O	6.93	A	-		
752	75	O	6.93	G	-		
752	76	O	6.93	T	-		
752	77	O	6.93	T	-		
752	78	O	6.93	G	-		
752	79	O	6.93	G	-		
752	80	O	6.93	A	-		
752	81	O	6.93	A	-		
752	82	O	6.93	C	-		
752	83	O	6.93	A	-		
752	84	O	6.93	C	-		
752	85	O	6.93	C	-		
752	86	O	6.93	T	-		
752	87	O	6.93	G	-		
752	88	O	6.93	T	-		
752	89	O	6.93	G	-		
752	90	O	6.93	A	-		
752	91	O	6.93	G	-		
752	92	O	6.93	A	-		
752	93	O	6.93	T	-		
752	94	O	6.93	A	-		
752	95	O	6.93	C	-		
752	96	O	6.93	A	-		
752	97	O	6.93	C	-		
752	98	O	6.93	A	-		
752	99	O	6.93	G	-		
752	100	O	6.93	A	-		
752	101	O	6.93	C	-		
752	102	O	6.93	A	-		
752	103	O	6.93	C	-		
752	104	O	6.93	T	-		
752	105	O	6.93	T	-		
752	106	O	6.93	G	-		
752	107	O	6.93	T	-		
752	108	O	6.93	T	-		
752	109	O	6.93	G	-		
753	0	O	26.34	T	-		
753	1	O	26.34	G	-		
753	2	O	26.34	G	-		
753	3	O	26.34	G	-		
753	4	O	26.34	G	-		
753	5	O	26.34	T	-		
753	6	O	26.34	T	-		
753	7	O	26.34	T	-		
753	8	O	26.34	T	-		
753	9	O	26.34	C	-		
753	10	O	26.34	T	-		
753	11	O	26.34	C	-		
753	12	O	26.34	G	-		
753	13	O	26.34	T	-		
753	14	O	26.34	A	-		
753	15	O	26.34	C	-		
753	16	O	26.34	T	-		
753	17	O	26.34	G	-		
753	18	O	26.34	G	-		
753	19	O	26.34	A	-		
753	20	O	26.34	G	-		
753	21	O	26.34	C	-		
753	22	O	26.34	T	-		
753	23	O	26.34	T	-		
753	24	O	26.34	G	-		
753	25	O	26.34	T	-		
753	26	O	26.34	A	-		
753	27	O	26.34	A	-		
753	28	O	26.34	C	-		
753	29	O	26.34	G	-		
753	30	O	26.34	G	-		
753	31	O	26.34	C	-		
753	32	O	26.34	C	-		
753	33	O	26.34	T	-		
753	34	O	16.31	T	-		
753	35	O	26.34	C	-		
753	36	O	26.34	T	-		
753	37	O	26.34	G	-		
753	38	O	26.34	G	-		
753	39	O	26.34	G	-		
753	40	O	26.34	G	-		
753	41	O	26.34	T	-		
753	42	O	26.34	T	-		
753	43	O	26.34	T	-		
753	44	O	26.34	T	-		
753	45	O	26.34	G	-		
753	46	O	26.34	A	-		
753	47	O	26.34	A	-		
753	48	O	26.34	A	-		
753	49	O	26.34	T	-		
753	50	O	26.34	A	-		
753	51	O	26.34	C	-		
753	52	O	26.34	G	-		
753	53	O	26.34	T	-		
753	54	O	26.34	C	-		
753	55	O	26.34	T	-		
753	56	O	26.34	T	-		
753	57	O	26.34	G	-		
753	58	O	16.31	A	-		
753	59	O	26.34	G	-		
753	60	O	26.34	A	-		
753	61	O	26.34	C	-		
753	62	O	26.34	C	-		
753	63	O	26.34	C	-		
753	64	O	26.34	G	-		
753	65	O	26.34	G	-		
753	66	O	26.34	C	-		
753	67	O	26.34	G	-		
753	68	O	26.34	A	-		
753	69	O	26.34	T	-		
753	70	O	26.34	T	-		
753	71	O	26.34	G	-		
753	72	O	26.34	C	-		
753	73	O	26.34	G	-		
753	74	O	26.34	C	-		
753	75	O	26.34	G	-		
753	76	O	26.34	T	-		
753	77	O	26.34	T	-		
753	78	O	26.34	G	-		
753	79	O	26.34	G	-		
753	80	O	26.34	T	-		
753	81	O	26.34	G	-		
753	82	O	26.34	G	-		
753	83	O	26.34	C	-		
753	84	O	26.34	C	-		
753	85	O	26.34	G	-		
753	86	O	26.34	C	-		
753	87	O	26.34	C	-		
753	88	O	26.34	G	-		
753	89	O	26.34	A	-		
753	90	O	26.34	T	-		
753	91	O	26.34	G	-		
753	92	O	26.34	A	-		
753	93	O	26.34	C	-		
753	94	O	26.34	G	-		
753	95	O	26.34	A	-		
753	96	O	26.34	A	-		
753	97	O	26.34	G	-		
753	98	O	26.34	A	-		
753	99	O	26.34	C	-		
753	100	O	26.34	G	-		
753	101	O	26.34	A	-		
753	102	O	26.34	C	-		
753	103	O	26.34	G	-		
753	104	O	26.34	A	-		
753	105	O	26.34	C	-		
753	106	O	26.34	A	-		
753	107	O	26.34	T	-		
753	108	O	26.34	C	-		
753	109	O	26.34	A	-		
754	0	O	8.32	T	-		
754	1	O	8.32	C	-		
754	2	O	8.32	G	-		
754	3	O	8.32	A	-		
754	4	O	8.32	C	-		
754	5	O	8.32	A	-		
754	6	O	8.32	A	-		
754	7	O	8.32	C	-		
754	8	O	8.32	T	-		
754	9	O	8.32	T	-		
754	10	O	8.32	C	-		
754	11	O	8.32	G	-		
754	12	O	8.32	C	-		
754	13	O	8.32	C	-		
754	14	O	8.32	A	-		
754	15	O	8.32	T	-		
754	16	O	8.32	T	-		
754	17	O	8.32	T	-		
754	18	O	8.32	C	-		
754	19	O	8.32	G	-		
754	20	O	8.32	C	-		
754	21	O	8.32	G	-		
754	22	O	8.32	G	-		
754	23	O	8.32	C	-		
754	24	O	8.32	A	-		
754	25	O	8.32	C	-		
754	26	O	8.32	A	-		
754	27	O	8.32	T	-		
754	28	O	8.32	G	-		
754	29	O	8.32	T	-		
754	30	O	8.32	G	-		
754	31	O	8.32	C	-		
754	32	O	8.32	T	-		
754	33	O	8.32	A	-		
754	34	O	8.32	G	-		
754	35	O	8.32	A	-		
754	36	O	8.32	A	-		
754	37	O	8.32	A	-		
754	38	O	8.32	A	-		
754	39	O	8.32	C	-		
754	40	O	8.32	G	-		
754	41	O	8.32	A	-		
754	42	O	8.32	T	-		
754	43	O	8.32	C	-		
754	44	O	8.32	G	-		
754	45	O	8.32	A	-		
754	46	O	8.32	A	-		
754	47	O	8.32	G	-		
754	48	O	8.32	T	-		
754	49	O	8.32	G	-		
754	50	O	8.32	G	-		
754	51	O	8.32	T	-		
754	52	O	8.32	C	-		
754	53	O	8.32	G	-		
754	54	O	8.32	G	-		
754	55	O	8.32	A	-		
754	56	O	8.32	G	-		
754	57	O	8.32	T	-		
754	58	O	8.32	A	-		
754	59	O	8.32	G	-		
754	60	O	8.32	A	-		
754	61	O	8.32	T	-		
754	62	O	8.32	G	-		
754	63	O	8.32	G	-		
754	64	O	8.32	A	-		
754	65	O	8.32	G	-		
754	66	O	8.32	A	-		
754	67	O	8.32	G	-		
754	68	O	8.32	G	-		
754	69	O	8.32	T	-		
754	70	O	8.32	C	-		
754	71	O	8.32	T	-		
754	72	O	8.32	T	-		
754	73	O	8.32	C	-		
754	74	O	8.32	G	-		
754	75	O	8.32	A	-		
754	76	O	8.32	G	-		
754	77	O	8.32	T	-		
754	78	O	8.32	G	-		
754	79	O	8.32	C	-		
754	80	O	8.32	T	-		
754	81	O	8.32	T	-		
754	82	O	8.32	T	-		
754	83	O	8.32	T	-		
754	84	O	8.32	T	-		
754	85	O	8.32	T	-		
754	86	O	8.32	A	-		
754	87	O	8.32	C	-		
754	88	O	8.32	T	-		
754	89	O	8.32	G	-		
754	90	O	8.32	A	-		
754	91	O	8.32	A	-		
754	92	O	8.32	G	-		
754	93	O	8.32	C	-		
754	94	O	8.32	T	-		
754	95	O	8.32	A	-		
754	96	O	8.32	G	-		
754	97	O	8.32	G	-		
754	98	O	8.32	C	-		
754	99	O	8.32	A	-		
754	100	O	8.32	T	-		
754	101	O	8.32	C	-		
754	102	O	8.32	A	-		
754	103	O	8.32	T	-		
754	104	O	8.32	C	-		
754	105	O	8.32	A	-		
754	106	O	8.32	A	-		
754	107	O	8.32	T	-		
754	108	O	8.32	T	-		
754	109	O	8.32	T	-		
755	0	O	13.86	A	-		
755	1	O	13.86	A	-		
755	2	O	13.86	A	-		
755	3	O	13.86	C	-		
755	4	O	13.86	C	-		
755	5	O	13.86	G	-		
755	6	O	13.86	G	-		
755	7	O	13.86	C	-		
755	8	O	13.86	G	-		
755	9	O	13.86	A	-		
755	10	O	13.86	C	-		
755	11	O	13.86	A	-		
755	12	O	13.86	G	-		
755	13	O	13.86	C	-		
755	14	O	13.86	T	-		
755	15	O	13.86	T	-		
755	16	O	13.86	C	-		
755	17	O	13.86	A	-		
755	18	O	13.86	A	-		
755	19	O	13.86	G	-		
755	20	O	13.86	G	-		
755	21	O	13.86	A	-		
755	22	O	13.86	A	-		
755	23	O	13.86	A	-		
755	24	O	13.86	T	-		
755	25	O	13.86	C	-		
755	26	O	13.86	G	-		
755	27	O	13.86	G	-		
755	28	O	13.86	C	-		
755	29	O	13.86	G	-		
755	30	O	13.86	A	-		
755	31	O	13.86	A	-		
755	32	O	13.86	G	-		
755	33	O	13.86	G	-		
755	34	O	13.86	C	-		
755	35	O	13.86	C	-		
755	36	O	13.86	T	-		
755	37	O	13.86	G	-		
755	38	O	13.86	A	-		
755	39	O	13.86	A	-		
755	40	O	13.86	G	-		
755	41	O	13.86	C	-		
755	42	O	13.86	G	-		
755	43	O	13.86	C	-		
755	44	O	13.86	G	-		
755	45	O	13.86	T	-		
755	46	O	13.86	C	-		
755	47	O	13.86	T	-		
755	48	O	13.86	C	-		
755	49	O	13.86	C	-		
755	50	O	13.86	A	-		
755	51	O	13.86	A	-		
755	52	O	13.86	C	-		
755	53	O	13.86	T	-		
755	54	O	13.86	G	-		
755	55	O	13.86	G	-		
755	56	O	13.86	G	-		
755	57	O	13.86	A	-		
755	58	O	13.86	G	-		
755	59	O	13.86	G	-		
755	60	O	13.86	A	-		
755	61	O	13.86	C	-		
755	62	O	13.86	C	-		
755	63	O	13.86	T	-		
755	64	O	13.86	G	-		
755	65	O	13.86	G	-		
755	66	O	13.86	G	-		
755	67	O	13.86	C	-		
755	68	O	13.86	C	-		
755	69	O	13.86	C	-		
755	70	O	13.86	G	-		
755	71	O	13.86	A	-		
755	72	O	13.86	G	-		
755	73	O	13.86	C	-		
755	74	O	13.86	C	-		
755	75	O	13.86	A	-		
755	76	O	13.86	G	-		
755	77	O	13.86	A	-		
755	78	O	13.86	A	-		
755	79	O	13.86	G	-		
755	80	O	13.86	T	-		
755	81	O	13.86	A	-		
755	82	O	13.86	C	-		
755	83	O	13.86	A	-		
755	84	O	13.86	C	-		
755	85	O	13.86	C	-		
755	86	O	13.86	C	-		
755	87	O	13.86	A	-		
755	88	O	13.86	G	-		
755	89	O	13.86	G	-		
755	90	O	13.86	G	-		
755	91	O	13.86	C	-		
755	92	O	13.86	A	-		
755	93	O	13.86	A	-		
755	94	O	13.86	G	-		
755	95	O	13.86	C	-		
755	96	O	13.86	T	-		
755	97	O	13.86	C	-		
755	98	O	13.86	A	-		
755	99	O	13.86	A	-		
755	100	O	13.86	C	-		
755	101	U	0.00	-	-		
755	102	O	13.86	A	-		
755	103	O	13.86	G	-		
755	104	O	13.86	G	-		
755	105	O	13.86	A	-		
755	106	O	13.86	G	-		
755	107	O	13.86	T	-		
755	108	O	13.86	T	-		
755	109	O	13.86	C	-		
755	110	U	0.00	-	-		
756	0	O	6.93	C	-		
756	1	O	6.93	G	-		
756	2	O	6.93	C	-		
756	3	O	6.93	C	-		
756	4	O	6.93	C	-		
756	5	O	6.93	G	-		
756	6	O	6.93	C	-		
756	7	O	6.93	T	-		
756	8	O	6.93	A	-		
756	9	O	6.93	A	-		
756	10	O	6.93	T	-		
756	11	O	6.93	G	-		
756	12	O	6.93	C	-		
756	13	O	6.93	A	-		
756	14	O	6.93	C	-		
756	15	O	6.93	G	-		
756	16	O	6.93	A	-		
756	17	O	6.93	C	-		
756	18	O	6.93	A	-		
756	19	O	6.93	T	-		
756	20	O	6.93	A	-		
756	21	O	6.93	C	-		
756	22	O	6.93	T	-		
756	23	O	6.93	C	-		
756	24	O	6.93	T	-		
756	25	O	6.93	C	-		
756	26	O	6.93	C	-		
756	27	O	6.93	G	-		
756	28	O	6.93	C	-		
756	29	O	6.93	A	-		
756	30	O	6.93	A	-		
756	31	O	6.93	C	-		
756	32	O	6.93	C	-		
756	33	O	6.93	C	-		
756	34	O	6.93	C	-		
756	35	O	6.93	A	-		
756	36	O	6.93	G	-		
756	37	O	6.93	A	-		
756	38	O	6.93	C	-		
756	39	O	6.93	C	-		
756	40	O	6.93	A	-		
756	41	O	6.93	G	-		
756	42	O	6.93	G	-		
756	43	O	6.93	G	-		
756	44	O	6.93	A	-		
756	45	O	6.93	C	-		
756	46	O	6.93	A	-		
756	47	O	6.93	C	-		
756	48	O	6.93	A	-		
756	49	O	6.93	A	-		
756	50	O	6.93	G	-		
756	51	O	6.93	G	-		
756	52	O	6.93	G	-		
756	53	O	6.93	G	-		
756	54	O	6.93	A	-		
756	55	O	6.93	T	-		
756	56	O	6.93	T	-		
756	57	O	6.93	C	-		
756	58	O	6.93	A	-		
756	59	O	6.93	A	-		
756	60	O	6.93	G	-		
756	61	O	6.93	C	-		
756	62	O	6.93	T	-		
756	63	O	6.93	C	-		
756	64	O	6.93	T	-		
756	65	O	6.93	T	-		
756	66	O	6.93	C	-		
756	67	O	6.93	A	-		
756	68	O	6.93	G	-		
756	69	O	6.93	C	-		
756	70	O	6.93	T	-		
756	71	O	6.93	T	-		
756	72	O	6.93	A	-		
756	73	O	6.93	T	-		
756	74	O	6.93	C	-		
756	75	O	6.93	T	-		
756	76	O	6.93	G	-		
756	77	O	6.93	A	-		
756	78	O	6.93	T	-		
756	79	O	6.93	C	-		
756	80	O	6.93	T	-		
756	81	O	6.93	G	-		
756	82	O	6.93	T	-		
756	83	O	6.93	C	-		
756	84	O	6.93	T	-		
756	85	O	6.93	C	-		
756	86	O	6.93	G	-		
756	87	O	6.93	G	-		
756	88	O	6.93	C	-		
756	89	O	6.93	G	-		
756	90	O	6.93	G	-		
756	91	O	6.93	C	-		
756	92	O	6.93	G	-		
756	93	O	6.93	G	-		
756	94	O	6.93	C	-		
756	95	O	6.93	G	-		
756	96	O	6.93	G	-		
756	97	O	6.93	C	-		
756	98	O	6.93	G	-		
756	99	O	6.93	G	-		
756	100	O	6.93	C	-		
756	101	O	6.93	G	-		
756	102	O	6.93	G	-		
756	103	O	6.93	G	-		
756	104	O	6.93	C	-		
756	105	O	6.93	T	-		
756	106	O	6.93	T	-		
756	107	O	6.93	C	-		
756	108	O	6.93	C	-		
756	109	O	6.93	C	-		
757	0	O	6.93	T	-		
757	1	O	6.93	C	-		
757	2	O	6.93	G	-		
757	3	O	6.93	T	-		
757	4	O	6.93	C	-		
757	5	O	6.93	C	-		
757	6	O	6.93	G	-		
757	7	O	6.93	G	-		
757	8	O	6.93	A	-		
757	9	O	6.93	G	-		
757	10	O	6.93	G	-		
757	11	O	6.93	A	-		
757	12	O	6.93	G	-		
757	13	O	6.93	C	-		
757	14	O	6.93	C	-		
757	15	O	6.93	G	-		
757	16	O	6.93	A	-		
757	17	O	6.93	A	-		
757	18	O	6.93	A	-		
757	19	O	6.93	A	-		
757	20	O	6.93	C	-		
757	21	O	6.93	A	-		
757	22	O	6.93	T	-		
757	23	O	6.93	T	-		
757	24	O	6.93	A	-		
757	25	O	6.93	G	-		
757	26	O	6.93	C	-		
757	27	O	6.93	T	-		
757	28	O	6.93	G	-		
757	29	O	6.93	T	-		
757	30	O	6.93	C	-		
757	31	O	6.93	G	-		
757	32	O	6.93	G	-		
757	33	O	6.93	C	-		
757	34	O	6.93	G	-		
757	35	O	6.93	C	-		
757	36	O	6.93	C	-		
757	37	O	6.93	C	-		
757	38	O	6.93	G	-		
757	39	O	6.93	A	-		
757	40	O	6.93	G	-		
757	41	O	6.93	A	-		
757	42	O	6.93	G	-		
757	43	O	6.93	C	-		
757	44	O	6.93	C	-		
757	45	O	6.93	G	-		
757	46	O	6.93	G	-		
757	47	O	6.93	C	-		
757	48	O	6.93	G	-		
757	49	O	6.93	A	-		
757	50	O	6.93	G	-		
757	51	O	6.93	A	-		
757	52	O	6.93	A	-		
757	53	O	6.93	A	-		
757	54	O	6.93	A	-		
757	55	O	6.93	A	-		
757	56	O	6.93	C	-		
757	57	O	6.93	A	-		
757	58	O	6.93	A	-		
757	59	O	6.93	T	-		
757	60	O	6.93	G	-		
757	61	O	6.93	T	-		
757	62	O	6.93	C	-		
757	63	O	6.93	C	-		
757	64	O	6.93	A	-		
757	65	O	6.93	C	-		
757	66	O	6.93	T	-		
757	67	O	6.93	G	-		
757	68	O	6.93	G	-		
757	69	O	6.93	C	-		
757	70	O	6.93	G	-		
757	71	O	6.93	G	-		
757	72	O	6.93	A	-		
757	73	O	6.93	G	-		
757	74	O	6.93	G	-		
757	75	O	6.93	G	-		
757	76	O	6.93	T	-		
757	77	O	6.93	A	-		
757	78	O	6.93	T	-		
757	79	O	6.93	A	-		
757	80	O	6.93	C	-		
757	81	O	6.93	A	-		
757	82	O	6.93	T	-		
757	83	O	6.93	T	-		
757	84	O	6.93	A	-		
757	85	O	6.93	G	-		
757	86	O	6.93	C	-		
757	87	O	6.93	C	-		
757	88	O	6.93	G	-		
757	89	O	6.93	C	-		
757	90	O	6.93	G	-		
757	91	O	6.93	C	-		
757	92	O	6.93	G	-		
757	93	O	6.93	C	-		
757	94	O	6.93	A	-		
757	95	O	6.93	C	-		
757	96	O	6.93	A	-		
757	97	O	6.93	T	-		
757	98	O	6.93	T	-		
757	99	O	6.93	G	-		
757	100	O	6.93	T	-		
757	101	O	6.93	A	-		
757	102	O	6.93	C	-		
757	103	O	6.93	C	-		
757	104	O	6.93	T	-		
757	105	O	6.93	G	-		
757	106	O	6.93	G	-		
757	107	O	6.93	C	-		
757	108	O	6.93	C	-		
757	109	O	6.93	G	-		
758	0	O	5.55	G	-		
758	1	O	5.55	A	-		
758	2	O	5.55	T	-		
758	3	O	5.55	C	-		
758	4	O	5.55	G	-		
758	5	O	5.55	A	-		
758	6	O	5.55	C	-		
758	7	O	5.55	A	-		
758	8	O	5.55	C	-		
758	9	O	5.55	A	-		
758	10	O	5.55	G	-		
758	11	O	5.55	A	-		
758	12	O	5.55	C	-		
758	13	O	5.55	A	-		
758	14	O	5.55	G	-		
758	15	O	5.55	T	-		
758	16	O	5.55	C	-		
758	17	O	5.55	G	-		
758	18	O	5.55	G	-		
758	19	O	5.55	C	-		
758	20	O	5.55	C	-		
758	21	O	5.55	C	-		
758	22	O	5.55	G	-		
758	23	O	5.55	T	-		
758	24	O	5.55	T	-		
758	25	O	5.55	G	-		
758	26	O	5.55	T	-		
758	27	O	5.55	G	-		
758	28	O	5.55	T	-		
758	29	O	5.55	T	-		
758	30	O	5.55	G	-		
758	31	O	5.55	T	-		
758	32	O	5.55	C	-		
758	33	O	5.55	G	-		
758	34	O	5.55	G	-		
758	35	O	5.55	G	-		
758	36	O	5.55	C	-		
758	37	O	5.55	T	-		
758	38	O	5.55	G	-		
758	39	O	5.55	G	-		
758	40	O	5.55	C	-		
758	41	O	5.55	T	-		
758	42	O	5.55	G	-		
758	43	O	5.55	G	-		
758	44	O	5.55	G	-		
758	45	O	5.55	G	-		
758	46	O	5.55	G	-		
758	47	O	5.55	G	-		
758	48	O	5.55	C	-		
758	49	O	5.55	C	-		
758	50	O	5.55	G	-		
758	51	O	5.55	A	-		
758	52	O	5.55	G	-		
758	53	O	5.55	T	-		
758	54	O	5.55	G	-		
758	55	O	5.55	T	-		
758	56	O	5.55	G	-		
758	57	O	5.55	C	-		
758	58	O	5.55	G	-		
758	59	O	5.55	A	-		
758	60	O	5.55	G	-		
758	61	O	5.55	T	-		
758	62	O	5.55	G	-		
758	63	O	5.55	C	-		
758	64	O	5.55	G	-		
758	65	O	5.55	T	-		
758	66	O	5.55	G	-		
758	67	O	5.55	T	-		
758	68	O	5.55	A	-		
758	69	O	5.55	T	-		
758	70	O	5.55	G	-		
758	71	O	5.55	T	-		
758	72	O	5.55	G	-		
758	73	O	5.55	T	-		
758	74	O	5.55	G	-		
758	75	O	5.55	T	-		
758	76	O	5.55	G	-		
758	77	O	5.55	T	-		
758	78	O	5.55	G	-		
758	79	O	5.55	C	-		
758	80	O	5.55	G	-		
758	81	O	5.55	C	-		
758	82	O	5.55	G	-		
758	83	O	5.55	C	-		
758	84	O	5.55	G	-		
758	85	O	5.55	C	-		
758	86	O	5.55	A	-		
758	87	O	5.55	A	-		
758	88	O	5.55	C	-		
758	89	O	5.55	G	-		
758	90	O	5.55	C	-		
758	91	O	5.55	G	-		
758	92	O	5.55	T	-		
758	93	O	5.55	T	-		
758	94	O	5.55	C	-		
758	95	O	5.55	G	-		
758	96	O	5.55	T	-		
758	97	O	5.55	C	-		
758	98	O	5.55	G	-		
758	99	O	5.55	T	-		
758	100	O	5.55	C	-		
758	101	O	5.55	G	-		
758	102	O	5.55	G	-		
758	103	O	5.55	G	-		
758	104	O	5.55	C	-		
758	105	O	5.55	A	-		
758	106	O	5.55	G	-		
758	107	O	5.55	A	-		
758	108	O	5.55	G	-		
758	109	O	5.55	G	-		
759	0	O	9.70	A	-		
759	1	O	9.70	A	-		
759	2	O	9.70	T	-		
759	3	O	9.70	C	-		
759	4	O	9.70	C	-		
759	5	O	9.70	A	-		
759	6	O	9.70	G	-		
759	7	O	9.70	T	-		
759	8	O	9.70	G	-		
759	9	O	9.70	T	-		
759	10	O	9.70	A	-		
759	11	O	9.70	C	-		
759	12	O	9.70	T	-		
759	13	O	9.70	G	-		
759	14	O	9.70	T	-		
759	15	O	9.70	G	-		
759	16	O	9.70	C	-		
759	17	O	9.70	A	-		
759	18	O	9.70	G	-		
759	19	O	9.70	A	-		
759	20	O	9.70	G	-		
759	21	O	9.70	T	-		
759	22	O	9.70	C	-		
759	23	O	9.70	T	-		
759	24	O	9.70	T	-		
759	25	O	9.70	T	-		
759	26	O	9.70	C	-		
759	27	O	9.70	T	-		
759	28	O	9.70	T	-		
759	29	O	9.70	A	-		
759	30	O	9.70	G	-		
759	31	O	9.70	C	-		
759	32	O	9.70	A	-		
759	33	O	9.70	G	-		
759	34	O	9.70	C	-		
759	35	O	9.70	G	-		
759	36	O	9.70	G	-		
759	37	O	9.70	A	-		
759	38	O	9.70	G	-		
759	39	O	9.70	C	-		
759	40	O	9.70	A	-		
759	41	O	9.70	A	-		
759	42	O	9.70	G	-		
759	43	O	9.70	T	-		
759	44	O	9.70	T	-		
759	45	O	9.70	C	-		
759	46	O	9.70	A	-		
759	47	O	9.70	A	-		
759	48	O	9.70	A	-		
759	49	O	9.70	C	-		
759	50	O	9.70	C	-		
759	51	O	9.70	A	-		
759	52	O	9.70	A	-		
759	53	O	9.70	G	-		
759	54	O	9.70	A	-		
759	55	O	9.70	A	-		
759	56	O	9.70	A	-		
759	57	O	9.70	T	-		
759	58	O	9.70	G	-		
759	59	O	9.70	C	-		
759	60	O	9.70	C	-		
759	61	O	9.70	A	-		
759	62	O	9.70	C	-		
759	63	O	9.70	A	-		
759	64	O	9.70	C	-		
759	65	O	9.70	A	-		
759	66	O	9.70	A	-		
759	67	O	9.70	A	-		
759	68	O	9.70	C	-		
759	69	O	9.70	T	-		
759	70	O	9.70	G	-		
759	71	O	9.70	G	-		
759	72	O	9.70	G	-		
759	73	O	9.70	T	-		
759	74	O	9.70	G	-		
759	75	O	9.70	G	-		
759	76	O	9.70	A	-		
759	77	O	9.70	G	-		
759	78	O	9.70	C	-		
759	79	O	9.70	A	-		
759	80	O	9.70	G	-		
759	81	O	9.70	A	-		
759	82	O	9.70	A	-		
759	83	O	9.70	G	-		
759	84	O	9.70	T	-		
759	85	O	9.70	C	-		
759	86	O	9.70	G	-		
759	87	O	9.70	C	-		
759	88	O	9.70	A	-		
759	89	O	9.70	C	-		
759	90	O	9.70	C	-		
759	91	O	9.70	A	-		
759	92	O	9.70	C	-		
759	93	O	9.70	C	-		
759	94	O	9.70	C	-		
759	95	O	9.70	A	-		
759	96	O	9.70	A	-		
759	97	O	9.70	T	-		
759	98	O	9.70	C	-		
759	99	O	9.70	A	-		
759	100	O	9.70	C	-		
759	101	O	9.70	A	-		
759	102	O	9.70	T	-		
759	103	O	9.70	T	-		
759	104	O	9.70	C	-		
759	105	O	9.70	A	-		
759	106	O	9.70	T	-		
759	107	O	9.70	C	-		
759	108	O	9.70	C	-		
759	109	O	9.70	A	-		
760	0	O	9.70	A	-		
760	1	O	9.70	G	-		
760	2	O	9.70	G	-		
760	3	O	9.70	T	-		
760	4	O	9.70	C	-		
760	5	O	9.70	G	-		
760	6	O	9.70	A	-		
760	7	O	9.70	G	-		
760	8	O	9.70	A	-		
760	9	O	9.70	G	-		
760	10	O	9.70	C	-		
760	11	O	9.70	A	-		
760	12	O	9.70	A	-		
760	13	O	9.70	C	-		
760	14	O	9.70	T	-		
760	15	O	9.70	T	-		
760	16	O	9.70	G	-		
760	17	O	9.70	A	-		
760	18	O	9.70	A	-		
760	19	O	9.70	T	-		
760	20	O	9.70	G	-		
760	21	O	9.70	T	-		
760	22	O	9.70	T	-		
760	23	O	9.70	A	-		
760	24	O	9.70	C	-		
760	25	O	9.70	T	-		
760	26	O	9.70	C	-		
760	27	O	9.70	A	-		
760	28	O	9.70	T	-		
760	29	O	9.70	T	-		
760	30	O	9.70	T	-		
760	31	O	9.70	T	-		
760	32	O	9.70	G	-		
760	33	O	9.70	G	-		
760	34	O	9.70	T	-		
760	35	O	9.70	G	-		
760	36	O	9.70	T	-		
760	37	O	9.70	A	-		
760	38	O	9.70	T	-		
760	39	O	9.70	T	-		
760	40	O	9.70	T	-		
760	41	O	9.70	C	-		
760	42	O	9.70	G	-		
760	43	O	9.70	T	-		
760	44	O	9.70	G	-		
760	45	O	9.70	A	-		
760	46	O	9.70	C	-		
760	47	O	9.70	C	-		
760	48	O	9.70	G	-		
760	49	O	9.70	C	-		
760	50	O	9.70	A	-		
760	51	O	9.70	G	-		
760	52	O	9.70	G	-		
760	53	O	9.70	G	-		
760	54	O	9.70	A	-		
760	55	O	9.70	A	-		
760	56	O	9.70	T	-		
760	57	O	9.70	T	-		
760	58	O	9.70	T	-		
760	59	O	9.70	A	-		
760	60	O	9.70	C	-		
760	61	O	9.70	G	-		
760	62	O	9.70	C	-		
760	63	O	9.70	T	-		
760	64	O	9.70	G	-		
760	65	O	9.70	T	-		
760	66	O	9.70	C	-		
760	67	O	9.70	A	-		
760	68	O	9.70	C	-		
760	69	O	9.70	C	-		
760	70	O	9.70	T	-		
760	71	O	9.70	G	-		
760	72	O	9.70	C	-		
760	73	O	9.70	A	-		
760	74	O	9.70	T	-		
760	75	O	9.70	T	-		
760	76	O	9.70	T	-		
760	77	O	9.70	T	-		
760	78	O	9.70	C	-		
760	79	O	9.70	G	-		
760	80	O	9.70	G	-		
760	81	O	9.70	C	-		
760	82	O	9.70	T	-		
760	83	O	9.70	G	-		
760	84	O	9.70	T	-		
760	85	O	9.70	T	-		
760	86	O	9.70	T	-		
760	87	O	9.70	T	-		
760	88	O	9.70	A	-		
760	89	O	9.70	A	-		
760	90	O	9.70	T	-		
760	91	O	9.70	G	-		
760	92	O	9.70	C	-		
760	93	O	9.70	C	-		
760	94	O	9.70	C	-		
760	95	O	9.70	T	-		
760	96	O	9.70	C	-		
760	97	O	9.70	A	-		
760	98	O	9.70	G	-		
760	99	O	9.70	C	-		
760	100	O	9.70	G	-		
760	101	O	9.70	G	-		
760	102	O	9.70	T	-		
760	103	O	9.70	C	-		
760	104	O	9.70	A	-		
760	105	O	9.70	C	-		
760	106	O	9.70	A	-		
760	107	O	9.70	T	-		
760	108	O	9.70	G	-		
760	109	O	9.70	T	-		
761	0	O	9.70	A	-		
761	1	O	9.70	G	-		
761	2	O	9.70	C	-		
761	3	O	9.70	A	-		
761	4	O	9.70	A	-		
761	5	O	9.70	C	-		
761	6	O	9.70	A	-		
761	7	O	9.70	C	-		
761	8	O	9.70	A	-		
761	9	O	9.70	A	-		
761	10	O	9.70	G	-		
761	11	O	9.70	C	-		
761	12	O	9.70	A	-		
761	13	O	9.70	T	-		
761	14	O	9.70	G	-		
761	15	O	9.70	G	-		
761	16	O	9.70	T	-		
761	17	O	9.70	G	-		
761	18	O	9.70	G	-		
761	19	O	9.70	T	-		
761	20	O	9.70	G	-		
761	21	O	9.70	C	-		
761	22	O	9.70	A	-		
761	23	O	9.70	G	-		
761	24	O	9.70	G	-		
761	25	O	9.70	C	-		
761	26	O	9.70	G	-		
761	27	O	9.70	G	-		
761	28	O	9.70	C	-		
761	29	O	9.70	C	-		
761	30	O	9.70	A	-		
761	31	O	9.70	G	-		
761	32	O	9.70	C	-		
761	33	O	9.70	A	-		
761	34	O	9.70	G	-		
761	35	O	9.70	C	-		
761	36	O	9.70	C	-		
761	37	O	9.70	G	-		
761	38	O	9.70	C	-		
761	39	O	9.70	A	-		
761	40	O	9.70	A	-		
761	41	O	9.70	C	-		
761	42	O	9.70	A	-		
761	43	O	9.70	A	-		
761	44	O	9.70	C	-		
761	45	O	9.70	A	-		
761	46	O	9.70	A	-		
761	47	O	9.70	C	-		
761	48	O	9.70	A	-		
761	49	O	9.70	A	-		
761	50	O	9.70	C	-		
761	51	O	9.70	A	-		
761	52	O	9.70	C	-		
761	53	O	9.70	G	-		
761	54	O	9.70	C	-		
761	55	O	9.70	A	-		
761	56	O	9.70	T	-		
761	57	O	9.70	C	-		
761	58	O	9.70	A	-		
761	59	O	9.70	A	-		
761	60	O	9.70	C	-		
761	61	O	9.70	A	-		
761	62	O	9.70	G	-		
761	63	O	9.70	G	-		
761	64	O	9.70	T	-		
761	65	O	9.70	G	-		
761	66	O	9.70	G	-		
761	67	O	9.70	A	-		
761	68	O	9.70	C	-		
761	69	O	9.70	A	-		
761	70	O	9.70	C	-		
761	71	O	9.70	G	-		
761	72	O	9.70	C	-		
761	73	O	9.70	G	-		
761	74	O	9.70	C	-		
761	75	O	9.70	A	-		
761	76	O	9.70	A	-		
761	77	O	9.70	A	-		
761	78	O	9.70	T	-		
761	79	O	9.70	G	-		
761	80	O	9.70	A	-		
761	81	O	9.70	T	-		
761	82	U	1.77	C	T		
761	83	O	9.70	A	-		
761	84	O	9.70	A	-		
761	85	O	9.70	C	-		
761	86	O	9.70	A	-		
761	87	O	9.70	T	-		
761	88	O	9.70	G	-		
761	89	O	9.70	A	-		
761	90	O	9.70	G	-		
761	91	O	9.70	C	-		
761	92	O	9.70	A	-		
761	93	O	9.70	T	-		
761	94	O	9.70	G	-		
761	95	O	9.70	G	-		
761	96	O	9.70	C	-		
761	97	O	9.70	C	-		
761	98	O	9.70	A	-		
761	99	O	9.70	A	-		
761	100	O	9.70	C	-		
761	101	O	9.70	T	-		
761	102	O	9.70	A	-		
761	103	O	9.70	T	-		
761	104	O	9.70	T	-		
761	105	O	9.70	T	-		
761	106	O	9.70	G	-		
761	107	O	9.70	G	-		
761	108	O	9.70	A	-		
761	109	O	9.70	C	-		
762	0	O	5.55	A	-		
762	1	O	5.55	C	-		
762	2	O	5.55	A	-		
762	3	O	5.55	A	-		
762	4	O	5.55	G	-		
762	5	O	5.55	G	-		
762	6	O	5.55	A	-		
762	7	O	5.55	A	-		
762	8	O	5.55	G	-		
762	9	O	5.55	C	-		
762	10	O	5.55	A	-		
762	11	O	5.55	G	-		
762	12	O	5.55	A	-		
762	13	O	5.55	C	-		
762	14	O	5.55	G	-		
762	15	O	5.55	C	-		
762	16	O	5.55	A	-		
762	17	O	5.55	C	-		
762	18	O	5.55	T	-		
762	19	O	5.55	T	-		
762	20	O	5.55	C	-		
762	21	O	5.55	A	-		
762	22	O	5.55	A	-		
762	23	O	5.55	G	-		
762	24	O	5.55	A	-		
762	25	O	5.55	T	-		
762	26	O	5.55	G	-		
762	27	O	5.55	A	-		
762	28	O	5.55	G	-		
762	29	O	5.55	G	-		
762	30	O	5.55	A	-		
762	31	O	5.55	G	-		
762	32	O	5.55	T	-		
762	33	O	5.55	T	-		
762	34	O	5.55	T	-		
762	35	O	5.55	T	-		
762	36	O	5.55	T	-		
762	37	O	5.55	G	-		
762	38	O	5.55	G	-		
762	39	O	5.55	G	-		
762	40	O	5.55	C	-		
762	41	O	5.55	C	-		
762	42	O	5.55	T	-		
762	43	O	5.55	T	-		
762	44	O	5.55	G	-		
762	45	O	5.55	C	-		
762	46	O	5.55	C	-		
762	47	O	5.55	C	-		
762	48	O	5.55	G	-		
762	49	O	5.55	C	-		
762	50	O	5.55	T	-		
762	51	O	5.55	C	-		
762	52	O	5.55	T	-		
762	53	O	5.55	G	-		
762	54	O	5.55	C	-		
762	55	O	5.55	T	-		
762	56	O	5.55	G	-		
762	57	O	5.55	C	-		
762	58	O	5.55	G	-		
762	59	O	5.55	A	-		
762	60	O	5.55	G	-		
762	61	O	5.55	T	-		
762	62	O	5.55	A	-		
762	63	O	5.55	G	-		
762	64	O	5.55	C	-		
762	65	O	5.55	G	-		
762	66	O	5.55	G	-		
762	67	O	5.55	C	-		
762	68	O	5.55	C	-		
762	69	O	5.55	G	-		
762	70	O	5.55	C	-		
762	71	O	5.55	T	-		
762	72	O	5.55	G	-		
762	73	O	5.55	C	-		
762	74	O	5.55	T	-		
762	75	O	5.55	C	-		
762	76	O	5.55	A	-		
762	77	O	5.55	G	-		
762	78	O	5.55	A	-		
762	79	O	5.55	A	-		
762	80	O	5.55	T	-		
762	81	O	5.55	A	-		
762	82	O	5.55	C	-		
762	83	O	5.55	C	-		
762	84	O	5.55	T	-		
762	85	O	5.55	T	-		
762	86	O	5.55	C	-		
762	87	O	5.55	A	-		
762	88	O	5.55	G	-		
762	89	O	5.55	T	-		
762	90	O	5.55	G	-		
762	91	O	5.55	T	-		
762	92	O	5.55	G	-		
762	93	O	5.55	C	-		
762	94	O	5.55	A	-		
762	95	O	5.55	A	-		
762	96	O	5.55	G	-		
762	97	O	5.55	A	-		
762	98	O	5.55	T	-		
762	99	O	5.55	G	-		
762	100	O	5.55	A	-		
762	101	O	5.55	T	-		
762	102	O	5.55	G	-		
762	103	O	5.55	T	-		
762	104	O	5.55	T	-		
762	105	O	5.55	C	-		
762	106	O	5.55	T	-		
762	107	O	5.55	T	-		
762	108	O	5.55	G	-		
762	109	O	5.55	C	-		
763	0	O	13.86	G	-		
763	1	O	13.86	A	-		
763	2	O	13.86	G	-		
763	3	O	13.86	G	-		
763	4	O	13.86	A	-		
763	5	O	13.86	G	-		
763	6	O	13.86	C	-		
763	7	O	13.86	G	-		
763	8	O	13.86	C	-		
763	9	O	13.86	G	-		
763	10	O	13.86	A	-		
763	11	O	13.86	G	-		
763	12	O	13.86	A	-		
763	13	O	13.86	G	-		
763	14	O	13.86	C	-		
763	15	O	13.86	C	-		
763	16	O	13.86	T	-		
763	17	O	13.86	T	-		
763	18	O	13.86	T	-		
763	19	O	13.86	G	-		
763	20	O	13.86	G	-		
763	21	O	13.86	C	-		
763	22	O	13.86	G	-		
763	23	O	13.86	C	-		
763	24	O	13.86	A	-		
763	25	O	13.86	T	-		
763	26	O	13.86	G	-		
763	27	O	13.86	A	-		
763	28	O	13.86	G	-		
763	29	O	13.86	A	-		
763	30	O	13.86	G	-		
763	31	O	13.86	T	-		
763	32	O	13.86	C	-		
763	33	O	13.86	T	-		
763	34	O	13.86	A	-		
763	35	O	13.86	C	-		
763	36	O	13.86	A	-		
763	37	O	13.86	C	-		
763	38	O	13.86	G	-		
763	39	O	13.86	G	-		
763	40	O	13.86	A	-		
763	41	O	13.86	A	-		
763	42	O	13.86	A	-		
763	43	O	13.86	T	-		
763	44	O	13.86	A	-		
763	45	O	13.86	G	-		
763	46	O	13.86	T	-		
763	47	O	13.86	G	-		
763	48	O	13.86	A	-		
763	49	O	13.86	G	-		
763	50	O	13.86	A	-		
763	51	O	13.86	G	-		
763	52	O	13.86	A	-		
763	53	O	13.86	G	-		
763	54	O	13.86	A	-		
763	55	O	13.86	T	-		
763	56	O	13.86	C	-		
763	57	O	13.86	T	-		
763	58	O	13.86	T	-		
763	59	O	13.86	T	-		
763	60	O	13.86	A	-		
763	61	O	13.86	C	-		
763	62	O	13.86	A	-		
763	63	O	13.86	C	-		
763	64	O	13.86	A	-		
763	65	O	13.86	C	-		
763	66	O	13.86	C	-		
763	67	O	13.86	C	-		
763	68	O	13.86	C	-		
763	69	O	13.86	C	-		
763	70	O	13.86	A	-		
763	71	O	13.86	C	-		
763	72	O	13.86	T	-		
763	73	O	13.86	G	-		
763	74	O	13.86	G	-		
763	75	O	13.86	G	-		
763	76	O	13.86	G	-		
763	77	O	13.86	G	-		
763	78	O	13.86	A	-		
763	79	O	13.86	T	-		
763	80	O	13.86	G	-		
763	81	O	13.86	C	-		
763	82	O	13.86	A	-		
763	83	O	13.86	C	-		
763	84	O	13.86	A	-		
763	85	O	13.86	C	-		
763	86	O	13.86	T	-		
763	87	O	13.86	T	-		
763	88	O	13.86	T	-		
763	89	O	13.86	C	-		
763	90	O	13.86	G	-		
763	91	O	13.86	T	-		
763	92	O	13.86	C	-		
763	93	O	13.86	G	-		
763	94	O	13.86	G	-		
763	95	O	13.86	G	-		
763	96	O	13.86	A	-		
763	97	O	13.86	G	-		
763	98	O	13.86	C	-		
763	99	O	13.86	G	-		
763	100	O	13.86	G	-		
763	101	O	13.86	C	-		
763	102	O	13.86	G	-		
763	103	O	13.86	T	-		
763	104	O	13.86	G	-		
763	105	O	13.86	G	-		
763	106	O	13.86	A	-		
763	107	O	13.86	G	-		
763	108	O	13.86	A	-		
763	109	O	13.86	A	-		
764	0	O	12.48	A	-		
764	1	O	12.48	C	-		
764	2	O	12.48	G	-		
764	3	O	12.48	A	-		
764	4	O	12.48	A	-		
764	5	O	12.48	G	-		
764	6	O	12.48	A	-		
764	7	O	12.48	T	-		
764	8	O	12.48	C	-		
764	9	O	12.48	T	-		
764	10	O	12.48	T	-		
764	11	O	12.48	T	-		
764	12	O	12.48	A	-		
764	13	O	12.48	T	-		
764	14	O	12.48	T	-		
764	15	O	12.48	T	-		
764	16	O	12.48	A	-		
764	17	O	12.48	A	-		
764	18	O	12.48	G	-		
764	19	O	12.48	T	-		
764	20	O	12.48	C	-		
764	21	O	12.48	A	-		
764	22	O	12.48	A	-		
764	23	O	12.48	G	-		
764	24	O	12.48	G	-		
764	25	O	12.48	T	-		
764	26	O	12.48	A	-		
764	27	O	12.48	G	-		
764	28	O	12.48	A	-		
764	29	O	12.48	A	-		
764	30	O	12.48	A	-		
764	31	O	12.48	G	-		
764	32	O	12.48	T	-		
764	33	O	12.48	A	-		
764	34	O	12.48	G	-		
764	35	O	12.48	A	-		
764	36	O	12.48	T	-		
764	37	O	12.48	T	-		
764	38	O	12.48	C	-		
764	39	O	12.48	A	-		
764	40	O	12.48	A	-		
764	41	O	12.48	C	-		
764	42	O	12.48	A	-		
764	43	O	12.48	A	-		
764	44	O	12.48	A	-		
764	45	O	12.48	T	-		
764	46	O	12.48	T	-		
764	47	O	12.48	A	-		
764	48	O	12.48	G	-		
764	49	O	12.48	A	-		
764	50	O	12.48	A	-		
764	51	O	12.48	G	-		
764	52	O	12.48	T	-		
764	53	O	12.48	T	-		
764	54	O	12.48	C	-		
764	55	O	12.48	T	-		
764	56	O	12.48	G	-		
764	57	O	12.48	T	-		
764	58	O	12.48	A	-		
764	59	O	12.48	G	-		
764	60	O	12.48	C	-		
764	61	O	12.48	T	-		
764	62	O	12.48	C	-		
764	63	O	12.48	A	-		
764	64	O	12.48	T	-		
764	65	O	12.48	A	-		
764	66	O	12.48	T	-		
764	67	O	12.48	G	-		
764	68	O	12.48	T	-		
764	69	O	12.48	G	-		
764	70	O	12.48	T	-		
764	71	O	12.48	G	-		
764	72	O	12.48	T	-		
764	73	O	12.48	A	-		
764	74	O	12.48	C	-		
764	75	O	12.48	A	-		
764	76	O	12.48	A	-		
764	77	O	12.48	A	-		
764	78	O	12.48	T	-		
764	79	O	12.48	A	-		
764	80	O	12.48	T	-		
764	81	O	12.48	A	-		
764	82	O	12.48	G	-		
764	83	O	12.48	A	-		
764	84	O	12.48	A	-		
764	85	O	12.48	A	-		
764	86	O	12.48	G	-		
764	87	O	12.48	T	-		
764	88	O	12.48	G	-		
764	89	O	12.48	T	-		
764	90	O	12.48	A	-		
764	91	O	12.48	C	-		
764	92	O	12.48	A	-		
764	93	O	12.48	T	-		
764	94	O	12.48	A	-		
764	95	O	12.48	T	-		
764	96	O	12.48	T	-		
764	97	O	12.48	T	-		
764	98	O	12.48	A	-		
764	99	O	12.48	T	-		
764	100	O	12.48	G	-		
764	101	O	12.48	C	-		
764	102	O	12.48	A	-		
764	103	O	12.48	T	-		
764	104	O	12.48	A	-		
764	105	O	12.48	T	-		
764	106	O	12.48	T	-		
764	107	O	12.48	T	-		
764	108	O	12.48	T	-		
764	109	O	12.48	G	-		
765	0	O	20.79	C	-		
765	1	O	20.79	G	-		
765	2	O	20.79	C	-		
765	3	O	20.79	A	-		
765	4	O	20.79	G	-		
765	5	O	20.79	C	-		
765	6	O	20.79	G	-		
765	7	O	20.79	C	-		
765	8	O	20.79	A	-		
765	9	O	20.79	G	-		
765	10	O	20.79	G	-		
765	11	O	20.79	C	-		
765	12	O	20.79	A	-		
765	13	O	20.79	T	-		
765	14	O	20.79	T	-		
765	15	O	20.79	T	-		
765	16	O	20.79	G	-		
765	17	O	20.79	C	-		
765	18	O	20.79	G	-		
765	19	O	20.79	C	-		
765	20	O	20.79	A	-		
765	21	O	20.79	T	-		
765	22	O	20.79	T	-		
765	23	O	20.79	G	-		
765	24	O	20.79	C	-		
765	25	O	20.79	G	-		
765	26	O	20.79	T	-		
765	27	O	20.79	C	-		
765	28	O	20.79	A	-		
765	29	O	20.79	G	-		
765	30	O	20.79	C	-		
765	31	O	20.79	G	-		
765	32	O	20.79	C	-		
765	33	O	20.79	A	-		
765	34	O	20.79	C	-		
765	35	O	20.79	G	-		
765	36	O	20.79	C	-		
765	37	O	20.79	A	-		
765	38	O	20.79	G	-		
765	39	O	20.79	G	-		
765	40	O	20.79	C	-		
765	41	O	20.79	G	-		
765	42	O	20.79	G	-		
765	43	O	20.79	C	-		
765	44	O	20.79	C	-		
765	45	O	20.79	T	-		
765	46	O	20.79	G	-		
765	47	O	20.79	C	-		
765	48	O	20.79	C	-		
765	49	O	20.79	A	-		
765	50	O	20.79	G	-		
765	51	O	20.79	C	-		
765	52	O	20.79	T	-		
765	53	O	20.79	T	-		
765	54	O	20.79	G	-		
765	55	O	20.79	C	-		
765	56	O	20.79	C	-		
765	57	O	20.79	T	-		
765	58	O	20.79	G	-		
765	59	O	20.79	C	-		
765	60	O	20.79	C	-		
765	61	O	20.79	C	-		
765	62	O	20.79	A	-		
765	63	O	20.79	G	-		
765	64	O	20.79	T	-		
765	65	O	20.79	C	-		
765	66	O	20.79	G	-		
765	67	O	20.79	A	-		
765	68	O	20.79	T	-		
765	69	O	20.79	T	-		
765	70	O	20.79	G	-		
765	71	O	20.79	T	-		
765	72	O	20.79	G	-		
765	73	O	20.79	G	-		
765	74	O	20.79	C	-		
765	75	O	20.79	T	-		
765	76	O	20.79	G	-		
765	77	O	20.79	T	-		
765	78	O	20.79	T	-		
765	79	O	20.79	T	-		
765	80	O	20.79	A	-		
765	81	O	20.79	A	-		
765	82	O	20.79	C	-		
765	83	O	20.79	G	-		
765	84	O	20.79	G	-		
765	85	O	20.79	G	-		
765	86	O	20.79	A	-		
765	87	O	20.79	C	-		
765	88	O	20.79	A	-		
765	89	O	20.79	A	-		
765	90	O	20.79	G	-		
765	91	O	20.79	T	-		
765	92	O	20.79	T	-		
765	93	O	20.79	C	-		
765	94	O	20.79	G	-		
765	95	O	20.79	G	-		
765	96	O	20.79	G	-		
765	97	O	20.79	C	-		
765	98	O	20.79	G	-		
765	99	O	20.79	A	-		
765	100	O	20.79	A	-		
765	101	O	20.79	A	-		
765	102	O	20.79	T	-		
765	103	O	20.79	A	-		
765	104	O	20.79	A	-		
765	105	O	20.79	T	-		
765	106	O	20.79	T	-		
765	107	O	20.79	T	-		
765	108	O	20.79	G	-		
765	109	O	20.79	T	-		
766	0	O	5.55	T	-		
766	1	O	5.55	A	-		
766	2	O	5.55	A	-		
766	3	O	5.55	G	-		
766	4	O	5.55	T	-		
766	5	O	5.55	C	-		
766	6	O	5.55	T	-		
766	7	O	5.55	T	-		
766	8	O	5.55	C	-		
766	9	O	5.55	T	-		
766	10	O	5.55	T	-		
766	11	O	5.55	G	-		
766	12	O	5.55	C	-		
766	13	O	5.55	C	-		
766	14	O	5.55	C	-		
766	15	O	5.55	G	-		
766	16	O	5.55	T	-		
766	17	O	5.55	G	-		
766	18	O	5.55	A	-		
766	19	O	5.55	C	-		
766	20	O	5.55	T	-		
766	21	O	5.55	G	-		
766	22	O	5.55	T	-		
766	23	O	5.55	C	-		
766	24	O	5.55	A	-		
766	25	O	5.55	A	-		
766	26	O	5.55	G	-		
766	27	O	5.55	C	-		
766	28	O	5.55	G	-		
766	29	O	5.55	T	-		
766	30	O	5.55	A	-		
766	31	O	5.55	T	-		
766	32	O	5.55	G	-		
766	33	O	5.55	C	-		
766	34	O	5.55	T	-		
766	35	O	5.55	A	-		
766	36	O	5.55	A	-		
766	37	O	5.55	C	-		
766	38	O	5.55	G	-		
766	39	O	5.55	A	-		
766	40	O	5.55	C	-		
766	41	O	5.55	G	-		
766	42	O	5.55	C	-		
766	43	O	5.55	A	-		
766	44	O	5.55	G	-		
766	45	O	5.55	A	-		
766	46	O	5.55	C	-		
766	47	O	5.55	C	-		
766	48	O	5.55	T	-		
766	49	O	5.55	A	-		
766	50	O	5.55	C	-		
766	51	O	5.55	G	-		
766	52	O	5.55	G	-		
766	53	O	5.55	G	-		
766	54	O	5.55	T	-		
766	55	O	5.55	A	-		
766	56	O	5.55	T	-		
766	57	O	5.55	C	-		
766	58	O	5.55	A	-		
766	59	O	5.55	T	-		
766	60	O	5.55	C	-		
766	61	O	5.55	A	-		
766	62	O	5.55	C	-		
766	63	O	5.55	T	-		
766	64	O	5.55	T	-		
766	65	O	5.55	G	-		
766	66	O	5.55	T	-		
766	67	O	5.55	C	-		
766	68	O	5.55	T	-		
766	69	O	5.55	C	-		
766	70	O	5.55	T	-		
766	71	O	5.55	T	-		
766	72	O	5.55	T	-		
766	73	O	5.55	T	-		
766	74	O	5.55	G	-		
766	75	O	5.55	A	-		
766	76	O	5.55	T	-		
766	77	O	5.55	T	-		
766	78	O	5.55	G	-		
766	79	O	5.55	C	-		
766	80	O	5.55	C	-		
766	81	O	5.55	T	-		
766	82	O	5.55	T	-		
766	83	O	5.55	G	-		
766	84	O	5.55	C	-		
766	85	O	5.55	A	-		
766	86	O	5.55	A	-		
766	87	O	5.55	G	-		
766	88	O	5.55	A	-		
766	89	O	5.55	T	-		
766	90	O	5.55	C	-		
766	91	O	5.55	T	-		
766	92	O	5.55	C	-		
766	93	O	5.55	A	-		
766	94	O	5.55	A	-		
766	95	O	5.55	T	-		
766	96	O	5.55	C	-		
766	97	O	5.55	T	-		
766	98	O	5.55	A	-		
766	99	O	5.55	C	-		
766	100	O	5.55	T	-		
766	101	O	5.55	G	-		
766	102	O	5.55	G	-		
766	103	O	5.55	T	-		
766	104	O	5.55	C	-		
766	105	O	5.55	A	-		
766	106	O	5.55	A	-		
766	107	O	5.55	G	-		
766	108	O	5.55	T	-		
766	109	O	5.55	C	-		
767	0	O	8.32	T	-		
767	1	O	8.32	T	-		
767	2	O	8.32	A	-		
767	3	O	8.32	G	-		
767	4	O	8.32	G	-		
767	5	O	8.32	G	-		
767	6	O	8.32	A	-		
767	7	O	8.32	A	-		
767	8	O	8.32	A	-		
767	9	O	8.32	A	-		
767	10	O	8.32	A	-		
767	11	O	8.32	G	-		
767	12	O	8.32	A	-		
767	13	O	8.32	G	-		
767	14	O	8.32	G	-		
767	15	O	8.32	A	-		
767	16	O	8.32	A	-		
767	17	O	8.32	T	-		
767	18	O	8.32	C	-		
767	19	O	8.32	C	-		
767	20	O	8.32	A	-		
767	21	O	8.32	G	-		
767	22	O	8.32	T	-		
767	23	O	8.32	G	-		
767	24	O	8.32	C	-		
767	25	O	8.32	T	-		
767	26	O	8.32	G	-		
767	27	O	8.32	C	-		
767	28	O	8.32	C	-		
767	29	O	8.32	G	-		
767	30	O	8.32	A	-		
767	31	O	8.32	G	-		
767	32	O	8.32	G	-		
767	33	O	8.32	A	-		
767	34	O	8.32	A	-		
767	35	O	8.32	G	-		
767	36	O	8.32	A	-		
767	37	O	8.32	G	-		
767	38	O	8.32	A	-		
767	39	O	8.32	T	-		
767	40	O	8.32	G	-		
767	41	O	8.32	T	-		
767	42	O	8.32	C	-		
767	43	O	8.32	G	-		
767	44	O	8.32	C	-		
767	45	O	8.32	A	-		
767	46	O	8.32	G	-		
767	47	O	8.32	T	-		
767	48	O	8.32	C	-		
767	49	O	8.32	T	-		
767	50	O	8.32	A	-		
767	51	O	8.32	A	-		
767	52	O	8.32	T	-		
767	53	O	8.32	A	-		
767	54	O	8.32	C	-		
767	55	O	8.32	C	-		
767	56	O	8.32	T	-		
767	57	O	8.32	T	-		
767	58	O	8.32	G	-		
767	59	O	8.32	A	-		
767	60	O	8.32	T	-		
767	61	O	8.32	T	-		
767	62	O	8.32	T	-		
767	63	O	8.32	G	-		
767	64	O	8.32	G	-		
767	65	O	8.32	G	-		
767	66	O	8.32	C	-		
767	67	O	8.32	G	-		
767	68	O	8.32	C	-		
767	69	O	8.32	T	-		
767	70	O	8.32	T	-		
767	71	O	8.32	T	-		
767	72	O	8.32	T	-		
767	73	O	8.32	C	-		
767	74	O	8.32	G	-		
767	75	O	8.32	T	-		
767	76	O	8.32	A	-		
767	77	O	8.32	G	-		
767	78	O	8.32	G	-		
767	79	O	8.32	T	-		
767	80	O	8.32	G	-		
767	81	O	8.32	G	-		
767	82	O	8.32	C	-		
767	83	O	8.32	A	-		
767	84	O	8.32	T	-		
767	85	O	8.32	C	-		
767	86	O	8.32	C	-		
767	87	O	8.32	T	-		
767	88	O	8.32	A	-		
767	89	O	8.32	G	-		
767	90	O	8.32	C	-		
767	91	O	8.32	A	-		
767	92	O	8.32	C	-		
767	93	O	8.32	T	-		
767	94	O	8.32	G	-		
767	95	O	8.32	G	-		
767	96	O	8.32	A	-		
767	97	O	8.32	C	-		
767	98	O	8.32	G	-		
767	99	O	8.32	A	-		
767	100	O	8.32	G	-		
767	101	O	8.32	G	-		
767	102	O	8.32	A	-		
767	103	O	8.32	A	-		
767	104	O	8.32	G	-		
767	105	O	8.32	A	-		
767	106	O	8.32	A	-		
767	107	O	8.32	G	-		
767	108	O	8.32	A	-		
767	109	O	8.32	G	-		
768	0	O	5.55	C	-		
768	1	O	5.55	G	-		
768	2	O	5.55	A	-		
768	3	O	5.55	A	-		
768	4	O	5.55	C	-		
768	5	O	5.55	G	-		
768	6	O	5.55	C	-		
768	7	O	5.55	C	-		
768	8	O	5.55	A	-		
768	9	O	5.55	T	-		
768	10	O	5.55	G	-		
768	11	O	5.55	C	-		
768	12	O	5.55	T	-		
768	13	O	5.55	A	-		
768	14	O	5.55	T	-		
768	15	O	5.55	G	-		
768	16	O	5.55	T	-		
768	17	O	5.55	C	-		
768	18	O	5.55	G	-		
768	19	O	5.55	C	-		
768	20	O	5.55	C	-		
768	21	O	5.55	C	-		
768	22	O	5.55	C	-		
768	23	O	5.55	A	-		
768	24	O	5.55	G	-		
768	25	O	5.55	T	-		
768	26	O	5.55	C	-		
768	27	O	5.55	T	-		
768	28	O	5.55	G	-		
768	29	O	5.55	C	-		
768	30	O	5.55	A	-		
768	31	O	5.55	T	-		
768	32	O	5.55	T	-		
768	33	O	5.55	G	-		
768	34	O	5.55	G	-		
768	35	O	5.55	A	-		
768	36	O	5.55	G	-		
768	37	O	5.55	A	-		
768	38	O	5.55	G	-		
768	39	O	5.55	A	-		
768	40	O	5.55	T	-		
768	41	O	5.55	C	-		
768	42	O	5.55	G	-		
768	43	O	5.55	A	-		
768	44	O	5.55	G	-		
768	45	O	5.55	G	-		
768	46	O	5.55	C	-		
768	47	O	5.55	T	-		
768	48	O	5.55	T	-		
768	49	O	5.55	G	-		
768	50	O	5.55	A	-		
768	51	O	5.55	C	-		
768	52	O	5.55	T	-		
768	53	O	5.55	G	-		
768	54	O	5.55	G	-		
768	55	O	5.55	T	-		
768	56	O	5.55	A	-		
768	57	O	5.55	C	-		
768	58	O	5.55	G	-		
768	59	O	5.55	A	-		
768	60	O	5.55	G	-		
768	61	O	5.55	A	-		
768	62	O	5.55	C	-		
768	63	O	5.55	G	-		
768	64	O	5.55	T	-		
768	65	O	5.55	G	-		
768	66	O	5.55	G	-		
768	67	O	5.55	T	-		
768	68	O	5.55	A	-		
768	69	O	5.55	G	-		
768	70	O	5.55	A	-		
768	71	O	5.55	G	-		
768	72	O	5.55	A	-		
768	73	O	5.55	T	-		
768	74	O	5.55	C	-		
768	75	O	5.55	T	-		
768	76	O	5.55	G	-		
768	77	O	5.55	T	-		
768	78	O	5.55	C	-		
768	79	O	5.55	T	-		
768	80	O	5.55	T	-		
768	81	O	5.55	G	-		
768	82	O	5.55	G	-		
768	83	O	5.55	G	-		
768	84	O	5.55	A	-		
768	85	O	5.55	T	-		
768	86	O	5.55	C	-		
768	87	O	5.55	G	-		
768	88	O	5.55	T	-		
768	89	O	5.55	A	-		
768	90	O	5.55	G	-		
768	91	O	5.55	T	-		
768	92	O	5.55	G	-		
768	93	O	5.55	T	-		
768	94	O	5.55	G	-		
768	95	O	5.55	G	-		
768	96	O	5.55	T	-		
768	97	O	5.55	G	-		
768	98	O	5.55	C	-		
768	99	O	5.55	G	-		
768	100	O	5.55	C	-		
768	101	O	5.55	A	-		
768	102	O	5.55	T	-		
768	103	O	5.55	G	-		
768	104	O	5.55	G	-		
768	105	O	5.55	G	-		
768	106	O	5.55	T	-		
768	107	O	5.55	C	-		
768	108	O	5.55	C	-		
768	109	O	5.55	T	-		
769	0	O	5.55	T	-		
769	1	O	5.55	A	-		
769	2	O	5.55	C	-		
769	3	O	5.55	C	-		
769	4	O	5.55	G	-		
769	5	O	5.55	T	-		
769	6	O	5.55	T	-		
769	7	O	5.55	C	-		
769	8	O	5.55	C	-		
769	9	O	5.55	G	-		
769	10	O	5.55	C	-		
769	11	O	5.55	G	-		
769	12	O	5.55	A	-		
769	13	O	5.55	C	-		
769	14	O	5.55	T	-		
769	15	O	5.55	T	-		
769	16	O	5.55	T	-		
769	17	O	5.55	C	-		
769	18	O	5.55	T	-		
769	19	O	5.55	T	-		
769	20	O	5.55	C	-		
769	21	O	5.55	T	-		
769	22	O	5.55	C	-		
769	23	O	5.55	A	-		
769	24	O	5.55	A	-		
769	25	O	5.55	T	-		
769	26	O	5.55	C	-		
769	27	O	5.55	A	-		
769	28	O	5.55	C	-		
769	29	O	5.55	C	-		
769	30	O	5.55	A	-		
769	31	O	5.55	A	-		
769	32	O	5.55	A	-		
769	33	O	5.55	G	-		
769	34	O	5.55	C	-		
769	35	O	5.55	C	-		
769	36	O	5.55	C	-		
769	37	O	5.55	G	-		
769	38	O	5.55	C	-		
769	39	O	5.55	A	-		
769	40	O	5.55	T	-		
769	41	O	5.55	T	-		
769	42	O	5.55	G	-		
769	43	O	5.55	C	-		
769	44	O	5.55	G	-		
769	45	O	5.55	A	-		
769	46	O	5.55	A	-		
769	47	O	5.55	G	-		
769	48	O	5.55	T	-		
769	49	O	5.55	C	-		
769	50	O	5.55	G	-		
769	51	O	5.55	A	-		
769	52	O	5.55	C	-		
769	53	O	5.55	G	-		
769	54	O	5.55	G	-		
769	55	O	5.55	C	-		
769	56	O	5.55	T	-		
769	57	O	5.55	A	-		
769	58	O	5.55	T	-		
769	59	O	5.55	C	-		
769	60	O	5.55	A	-		
769	61	O	5.55	A	-		
769	62	O	5.55	G	-		
769	63	O	5.55	G	-		
769	64	O	5.55	C	-		
769	65	O	5.55	G	-		
769	66	O	5.55	A	-		
769	67	O	5.55	A	-		
769	68	O	5.55	A	-		
769	69	O	5.55	G	-		
769	70	O	5.55	C	-		
769	71	O	5.55	A	-		
769	72	O	5.55	A	-		
769	73	O	5.55	T	-		
769	74	O	5.55	G	-		
769	75	O	5.55	C	-		
769	76	O	5.55	C	-		
769	77	O	5.55	G	-		
769	78	O	5.55	A	-		
769	79	O	5.55	A	-		
769	80	O	5.55	A	-		
769	81	O	5.55	A	-		
769	82	O	5.55	C	-		
769	83	O	5.55	A	-		
769	84	O	5.55	C	-		
769	85	O	5.55	C	-		
769	86	O	5.55	G	-		
769	87	O	5.55	G	-		
769	88	O	5.55	G	-		
769	89	O	5.55	A	-		
769	90	O	5.55	T	-		
769	91	O	5.55	A	-		
769	92	O	5.55	A	-		
769	93	O	5.55	C	-		
769	94	O	5.55	C	-		
769	95	O	5.55	G	-		
769	96	O	5.55	G	-		
769	97	O	5.55	T	-		
769	98	O	5.55	C	-		
769	99	O	5.55	T	-		
769	100	O	5.55	T	-		
769	101	O	5.55	T	-		
769	102	O	5.55	T	-		
769	103	O	5.55	C	-		
769	104	O	5.55	G	-		
769	105	O	5.55	T	-		
769	106	O	5.55	A	-		
769	107	O	5.55	C	-		
769	108	O	5.55	A	-		
769	109	O	5.55	G	-		
770	0	O	8.32	C	-		
770	1	O	8.32	T	-		
770	2	O	8.32	T	-		
770	3	O	8.32	G	-		
770	4	O	8.32	C	-		
770	5	O	8.32	C	-		
770	6	O	8.32	G	-		
770	7	O	8.32	C	-		
770	8	O	8.32	A	-		
770	9	O	8.32	A	-		
770	10	O	8.32	G	-		
770	11	O	8.32	T	-		
770	12	O	8.32	G	-		
770	13	O	8.32	C	-		
770	14	O	8.32	T	-		
770	15	O	8.32	C	-		
770	16	O	8.32	A	-		
770	17	O	8.32	A	-		
770	18	O	8.32	C	-		
770	19	O	8.32	G	-		
770	20	O	8.32	A	-		
770	21	O	8.32	C	-		
770	22	O	8.32	T	-		
770	23	O	8.32	C	-		
770	24	O	8.32	C	-		
770	25	O	8.32	C	-		
770	26	O	8.32	T	-		
770	27	O	8.32	T	-		
770	28	O	8.32	C	-		
770	29	O	8.32	T	-		
770	30	O	8.32	C	-		
770	31	O	8.32	C	-		
770	32	O	8.32	A	-		
770	33	O	8.32	T	-		
770	34	O	8.32	G	-		
770	35	O	8.32	T	-		
770	36	O	8.32	C	-		
770	37	O	8.32	G	-		
770	38	O	8.32	C	-		
770	39	O	8.32	G	-		
770	40	O	8.32	T	-		
770	41	O	8.32	G	-		
770	42	O	8.32	C	-		
770	43	O	8.32	T	-		
770	44	O	8.32	G	-		
770	45	O	8.32	T	-		
770	46	O	8.32	C	-		
770	47	O	8.32	G	-		
770	48	O	8.32	C	-		
770	49	O	8.32	C	-		
770	50	O	8.32	A	-		
770	51	O	8.32	A	-		
770	52	O	8.32	G	-		
770	53	O	8.32	C	-		
770	54	O	8.32	A	-		
770	55	O	8.32	C	-		
770	56	O	8.32	C	-		
770	57	O	8.32	A	-		
770	58	O	8.32	A	-		
770	59	O	8.32	C	-		
770	60	O	8.32	C	-		
770	61	O	8.32	T	-		
770	62	O	8.32	A	-		
770	63	O	8.32	C	-		
770	64	O	8.32	A	-		
770	65	O	8.32	C	-		
770	66	O	8.32	C	-		
770	67	O	8.32	T	-		
770	68	O	8.32	C	-		
770	69	O	8.32	T	-		
770	70	O	8.32	C	-		
770	71	O	8.32	T	-		
770	72	O	8.32	A	-		
770	73	O	8.32	C	-		
770	74	O	8.32	T	-		
770	75	O	8.32	C	-		
770	76	O	8.32	T	-		
770	77	O	8.32	G	-		
770	78	O	8.32	T	-		
770	79	O	8.32	C	-		
770	80	O	8.32	T	-		
770	81	O	8.32	T	-		
770	82	O	8.32	G	-		
770	83	O	8.32	A	-		
770	84	O	8.32	T	-		
770	85	O	8.32	C	-		
770	86	O	8.32	T	-		
770	87	O	8.32	T	-		
770	88	O	8.32	G	-		
770	89	O	8.32	T	-		
770	90	O	8.32	C	-		
770	91	O	8.32	C	-		
770	92	O	8.32	T	-		
770	93	O	8.32	T	-		
770	94	O	8.32	A	-		
770	95	O	8.32	C	-		
770	96	O	8.32	G	-		
770	97	O	8.32	T	-		
770	98	O	8.32	C	-		
770	99	O	8.32	T	-		
770	100	O	8.32	G	-		
770	101	O	8.32	A	-		
770	102	O	8.32	A	-		
770	103	O	8.32	C	-		
770	104	O	8.32	A	-		
770	105	O	8.32	C	-		
770	106	O	8.32	C	-		
770	107	O	8.32	T	-		
770	108	O	8.32	C	-		
770	109	O	8.32	C	-		
771	0	O	20.79	C	-		
771	1	O	20.79	T	-		
771	2	O	20.79	C	-		
771	3	O	20.79	T	-		
771	4	O	20.79	T	-		
771	5	O	20.79	C	-		
771	6	O	20.79	T	-		
771	7	O	20.79	A	-		
771	8	O	20.79	C	-		
771	9	O	20.79	C	-		
771	10	O	20.79	G	-		
771	11	O	20.79	A	-		
771	12	O	20.79	G	-		
771	13	O	20.79	C	-		
771	14	O	20.79	T	-		
771	15	O	20.79	T	-		
771	16	O	20.79	A	-		
771	17	O	20.79	C	-		
771	18	O	20.79	C	-		
771	19	O	20.79	A	-		
771	20	O	20.79	G	-		
771	21	O	20.79	G	-		
771	22	O	20.79	T	-		
771	23	O	20.79	G	-		
771	24	O	20.79	A	-		
771	25	O	20.79	T	-		
771	26	O	20.79	G	-		
771	27	O	20.79	A	-		
771	28	O	20.79	A	-		
771	29	O	20.79	C	-		
771	30	O	20.79	A	-		
771	31	O	20.79	A	-		
771	32	O	20.79	G	-		
771	33	O	20.79	C	-		
771	34	O	20.79	C	-		
771	35	O	20.79	G	-		
771	36	O	20.79	C	-		
771	37	O	11.25	T	-		
771	38	O	20.79	G	-		
771	39	O	20.79	C	-		
771	40	O	20.79	A	-		
771	41	O	20.79	A	-		
771	42	O	20.79	G	-		
771	43	O	20.79	A	-		
771	44	O	20.79	G	-		
771	45	O	20.79	C	-		
771	46	O	20.79	T	-		
771	47	O	20.79	G	-		
771	48	O	20.79	G	-		
771	49	O	20.79	C	-		
771	50	O	20.79	T	-		
771	51	O	20.79	G	-		
771	52	O	20.79	G	-		
771	53	O	20.79	T	-		
771	54	O	20.79	C	-		
771	55	O	20.79	T	-		
771	56	O	20.79	C	-		
771	57	O	20.79	C	-		
771	58	O	20.79	T	-		
771	59	O	20.79	C	-		
771	60	O	20.79	G	-		
771	61	O	20.79	G	-		
771	62	O	20.79	C	-		
771	63	O	11.25	T	-		
771	64	O	20.79	T	-		
771	65	O	20.79	T	-		
771	66	O	20.79	G	-		
771	67	O	20.79	A	-		
771	68	O	20.79	C	-		
771	69	O	20.79	A	-		
771	70	O	20.79	T	-		
771	71	O	20.79	T	-		
771	72	O	20.79	C	-		
771	73	O	20.79	C	-		
771	74	O	20.79	T	-		
771	75	O	20.79	C	-		
771	76	O	20.79	C	-		
771	77	O	20.79	C	-		
771	78	O	11.25	A	-		
771	79	O	20.79	C	-		
771	80	O	20.79	G	-		
771	81	O	20.79	C	-		
771	82	O	20.79	C	-		
771	83	O	20.79	C	-		
771	84	O	20.79	A	-		
771	85	O	20.79	C	-		
771	86	O	20.79	T	-		
771	87	O	20.79	G	-		
771	88	O	20.79	T	-		
771	89	O	20.79	C	-		
771	90	O	20.79	G	-		
771	91	O	20.79	A	-		
771	92	O	20.79	C	-		
771	93	O	20.79	C	-		
771	94	O	20.79	T	-		
771	95	O	20.79	T	-		
771	96	O	20.79	G	-		
771	97	O	20.79	C	-		
771	98	O	20.79	A	-		
771	99	O	20.79	A	-		
771	100	O	20.79	G	-		
771	101	O	20.79	C	-		
771	102	O	20.79	A	-		
771	103	O	20.79	T	-		
771	104	O	20.79	C	-		
771	105	O	20.79	A	-		
771	106	O	20.79	A	-		
771	107	O	20.79	G	-		
771	108	O	20.79	G	-		
771	109	O	20.79	C	-		
772	0	O	5.55	A	-		
772	1	O	5.55	T	-		
772	2	O	5.55	C	-		
772	3	O	5.55	C	-		
772	4	O	5.55	A	-		
772	5	O	5.55	G	-		
772	6	O	5.55	T	-		
772	7	O	5.55	C	-		
772	8	O	5.55	A	-		
772	9	O	5.55	G	-		
772	10	O	5.55	G	-		
772	11	O	5.55	A	-		
772	12	O	5.55	G	-		
772	13	O	5.55	C	-		
772	14	O	5.55	C	-		
772	15	O	5.55	A	-		
772	16	O	5.55	G	-		
772	17	O	5.55	G	-		
772	18	O	5.55	T	-		
772	19	O	5.55	C	-		
772	20	O	5.55	G	-		
772	21	O	5.55	C	-		
772	22	O	5.55	G	-		
772	23	O	5.55	C	-		
772	24	O	5.55	G	-		
772	25	O	5.55	C	-		
772	26	O	5.55	C	-		
772	27	O	5.55	A	-		
772	28	O	5.55	T	-		
772	29	O	5.55	T	-		
772	30	O	5.55	G	-		
772	31	O	5.55	G	-		
772	32	O	5.55	A	-		
772	33	O	5.55	A	-		
772	34	O	5.55	G	-		
772	35	O	5.55	G	-		
772	36	O	5.55	T	-		
772	37	O	5.55	G	-		
772	38	O	5.55	T	-		
772	39	O	5.55	T	-		
772	40	O	5.55	T	-		
772	41	O	5.55	T	-		
772	42	O	5.55	T	-		
772	43	O	5.55	G	-		
772	44	O	5.55	G	-		
772	45	O	5.55	T	-		
772	46	O	5.55	T	-		
772	47	O	5.55	G	-		
772	48	O	5.55	C	-		
772	49	O	5.55	G	-		
772	50	O	5.55	T	-		
772	51	O	5.55	G	-		
772	52	O	5.55	A	-		
772	53	O	5.55	G	-		
772	54	O	5.55	T	-		
772	55	O	5.55	G	-		
772	56	O	5.55	T	-		
772	57	O	5.55	G	-		
772	58	O	5.55	A	-		
772	59	O	5.55	T	-		
772	60	O	5.55	T	-		
772	61	O	5.55	G	-		
772	62	O	5.55	G	-		
772	63	O	5.55	C	-		
772	64	O	5.55	G	-		
772	65	O	5.55	G	-		
772	66	O	5.55	T	-		
772	67	O	5.55	G	-		
772	68	O	5.55	T	-		
772	69	O	5.55	T	-		
772	70	O	5.55	G	-		
772	71	O	5.55	A	-		
772	72	O	5.55	A	-		
772	73	O	5.55	G	-		
772	74	O	5.55	T	-		
772	75	O	5.55	A	-		
772	76	O	5.55	A	-		
772	77	O	5.55	A	-		
772	78	O	5.55	G	-		
772	79	O	5.55	T	-		
772	80	O	5.55	G	-		
772	81	O	5.55	A	-		
772	82	O	5.55	A	-		
772	83	O	5.55	G	-		
772	84	O	5.55	C	-		
772	85	O	5.55	C	-		
772	86	O	5.55	T	-		
772	87	O	5.55	G	-		
772	88	O	5.55	G	-		
772	89	O	5.55	A	-		
772	90	O	5.55	C	-		
772	91	O	5.55	C	-		
772	92	O	5.55	C	-		
772	93	O	5.55	C	-		
772	94	O	5.55	G	-		
772	95	O	5.55	C	-		
772	96	O	5.55	G	-		
772	97	O	5.55	A	-		
772	98	O	5.55	T	-		
772	99	O	5.55	A	-		
772	100	O	5.55	T	-		
772	101	O	5.55	T	-		
772	102	O	5.55	C	-		
772	103	O	5.55	A	-		
772	104	O	5.55	C	-		
772	105	O	5.55	A	-		
772	106	O	5.55	A	-		
772	107	O	5.55	G	-		
772	108	O	5.55	G	-		
772	109	O	5.55	A	-		
773	0	O	9.70	A	-		
773	1	O	9.70	A	-		
773	2	O	9.70	C	-		
773	3	O	9.70	A	-		
773	4	O	9.70	C	-		
773	5	O	9.70	T	-		
773	6	O	9.70	G	-		
773	7	O	9.70	A	-		
773	8	O	9.70	T	-		
773	9	O	9.70	G	-		
773	10	O	9.70	C	-		
773	11	O	9.70	A	-		
773	12	O	9.70	A	-		
773	13	O	9.70	G	-		
773	14	O	9.70	C	-		
773	15	O	9.70	G	-		
773	16	O	9.70	G	-		
773	17	O	9.70	T	-		
773	18	O	9.70	A	-		
773	19	O	9.70	A	-		
773	20	O	9.70	G	-		
773	21	O	9.70	G	-		
773	22	O	9.70	C	-		
773	23	O	9.70	T	-		
773	24	O	9.70	A	-		
773	25	O	9.70	G	-		
773	26	O	9.70	C	-		
773	27	O	9.70	A	-		
773	28	O	9.70	G	-		
773	29	O	9.70	C	-		
773	30	O	9.70	T	-		
773	31	O	9.70	C	-		
773	32	O	9.70	C	-		
773	33	O	9.70	A	-		
773	34	O	9.70	A	-		
773	35	O	9.70	C	-		
773	36	O	9.70	T	-		
773	37	O	9.70	G	-		
773	38	O	9.70	C	-		
773	39	O	9.70	C	-		
773	40	O	9.70	A	-		
773	41	O	9.70	A	-		
773	42	O	9.70	A	-		
773	43	O	9.70	T	-		
773	44	O	9.70	G	-		
773	45	O	9.70	A	-		
773	46	O	9.70	T	-		
773	47	O	9.70	C	-		
773	48	O	9.70	C	-		
773	49	O	9.70	C	-		
773	50	O	9.70	A	-		
773	51	O	9.70	A	-		
773	52	O	9.70	C	-		
773	53	O	9.70	A	-		
773	54	O	9.70	A	-		
773	55	O	9.70	G	-		
773	56	O	9.70	A	-		
773	57	O	9.70	T	-		
773	58	O	9.70	A	-		
773	59	O	9.70	C	-		
773	60	O	9.70	A	-		
773	61	O	9.70	T	-		
773	62	O	9.70	G	-		
773	63	O	9.70	A	-		
773	64	O	9.70	G	-		
773	65	O	9.70	A	-		
773	66	O	9.70	T	-		
773	67	O	9.70	C	-		
773	68	O	9.70	C	-		
773	69	O	9.70	A	-		
773	70	O	9.70	A	-		
773	71	O	9.70	T	-		
773	72	O	9.70	T	-		
773	73	O	9.70	T	-		
773	74	O	9.70	A	-		
773	75	O	9.70	C	-		
773	76	O	9.70	T	-		
773	77	O	9.70	A	-		
773	78	O	9.70	G	-		
773	79	O	9.70	G	-		
773	80	O	9.70	C	-		
773	81	O	9.70	C	-		
773	82	O	9.70	T	-		
773	83	O	9.70	G	-		
773	84	O	9.70	A	-		
773	85	O	9.70	C	-		
773	86	O	9.70	A	-		
773	87	O	9.70	T	-		
773	88	O	9.70	T	-		
773	89	O	9.70	T	-		
773	90	O	9.70	T	-		
773	91	O	9.70	C	-		
773	92	O	9.70	C	-		
773	93	O	9.70	A	-		
773	94	O	9.70	T	-		
773	95	O	9.70	C	-		
773	96	O	9.70	A	-		
773	97	O	9.70	T	-		
773	98	O	9.70	A	-		
773	99	O	9.70	C	-		
773	100	O	9.70	A	-		
773	101	O	9.70	C	-		
773	102	O	9.70	T	-		
773	103	O	9.70	C	-		
773	104	O	9.70	T	-		
773	105	O	9.70	C	-		
773	106	O	9.70	T	-		
773	107	O	9.70	A	-		
773	108	O	9.70	G	-		
773	109	O	9.70	G	-		
774	0	O	8.32	G	-		
774	1	O	8.32	G	-		
774	2	O	8.32	A	-		
774	3	O	8.32	G	-		
774	4	O	8.32	G	-		
774	5	O	8.32	G	-		
774	6	O	8.32	A	-		
774	7	O	8.32	G	-		
774	8	O	8.32	G	-		
774	9	O	8.32	G	-		
774	10	O	8.32	G	-		
774	11	O	8.32	A	-		
774	12	O	8.32	A	-		
774	13	O	8.32	A	-		
774	14	O	8.32	G	-		
774	15	O	8.32	A	-		
774	16	O	8.32	G	-		
774	17	O	8.32	G	-		
774	18	O	8.32	A	-		
774	19	O	8.32	T	-		
774	20	O	8.32	A	-		
774	21	O	8.32	G	-		
774	22	O	8.32	C	-		
774	23	O	8.32	G	-		
774	24	O	8.32	A	-		
774	25	O	8.32	C	-		
774	26	O	8.32	G	-		
774	27	O	8.32	A	-		
774	28	O	8.32	T	-		
774	29	O	8.32	T	-		
774	30	O	8.32	T	-		
774	31	O	8.32	G	-		
774	32	O	8.32	T	-		
774	33	O	8.32	T	-		
774	34	O	8.32	G	-		
774	35	O	8.32	G	-		
774	36	O	8.32	A	-		
774	37	O	8.32	G	-		
774	38	O	8.32	T	-		
774	39	O	8.32	T	-		
774	40	O	8.32	G	-		
774	41	O	8.32	A	-		
774	42	O	8.32	C	-		
774	43	O	8.32	G	-		
774	44	O	8.32	A	-		
774	45	O	8.32	A	-		
774	46	O	8.32	A	-		
774	47	O	8.32	A	-		
774	48	O	8.32	G	-		
774	49	O	8.32	T	-		
774	50	O	8.32	T	-		
774	51	O	8.32	A	-		
774	52	O	8.32	C	-		
774	53	O	8.32	G	-		
774	54	O	8.32	T	-		
774	55	O	8.32	G	-		
774	56	O	8.32	A	-		
774	57	O	8.32	A	-		
774	58	O	8.32	A	-		
774	59	O	8.32	C	-		
774	60	O	8.32	A	-		
774	61	O	8.32	A	-		
774	62	O	8.32	G	-		
774	63	O	8.32	T	-		
774	64	O	8.32	A	-		
774	65	O	8.32	G	-		
774	66	O	8.32	A	-		
774	67	O	8.32	A	-		
774	68	O	8.32	A	-		
774	69	O	8.32	A	-		
774	70	O	8.32	G	-		
774	71	O	8.32	T	-		
774	72	O	8.32	A	-		
774	73	O	8.32	A	-		
774	74	O	8.32	T	-		
774	75	O	8.32	T	-		
774	76	O	8.32	C	-		
774	77	O	8.32	A	-		
774	78	O	8.32	A	-		
774	79	O	8.32	A	-		
774	80	O	8.32	A	-		
774	81	O	8.32	C	-		
774	82	O	8.32	C	-		
774	83	O	8.32	A	-		
774	84	O	8.32	T	-		
774	85	O	8.32	C	-		
774	86	O	8.32	G	-		
774	87	O	8.32	T	-		
774	88	O	8.32	A	-		
774	89	O	8.32	T	-		
774	90	O	8.32	C	-		
774	91	O	8.32	A	-		
774	92	O	8.32	G	-		
774	93	O	8.32	T	-		
774	94	O	8.32	C	-		
774	95	O	8.32	C	-		
774	96	O	8.32	G	-		
774	97	O	8.32	C	-		
774	98	O	8.32	G	-		
774	99	O	8.32	C	-		
774	100	O	8.32	A	-		
774	101	O	8.32	T	-		
774	102	O	8.32	A	-		
774	103	O	8.32	C	-		
774	104	O	8.32	A	-		
774	105	O	8.32	T	-		
774	106	U	0.71	G	A		
774	107	O	8.32	C	-		
774	108	O	8.32	T	-		
774	109	O	8.32	A	-		
775	0	O	8.32	G	-		
775	1	O	8.32	G	-		
775	2	O	8.32	C	-		
775	3	O	8.32	A	-		
775	4	O	8.32	G	-		
775	5	O	8.32	C	-		
775	6	O	8.32	T	-		
775	7	O	8.32	C	-		
775	8	O	8.32	C	-		
775	9	O	8.32	A	-		
775	10	O	8.32	G	-		
775	11	O	8.32	A	-		
775	12	O	8.32	A	-		
775	13	O	8.32	G	-		
775	14	O	8.32	G	-		
775	15	U	0.71	A	G		
775	16	O	8.32	C	-		
775	17	O	8.32	T	-		
775	18	O	8.32	T	-		
775	19	O	8.32	C	-		
775	20	O	8.32	G	-		
775	21	O	8.32	A	-		
775	22	O	8.32	C	-		
775	23	O	8.32	T	-		
775	24	O	8.32	G	-		
775	25	O	8.32	G	-		
775	26	O	8.32	A	-		
775	27	O	8.32	C	-		
775	28	O	8.32	C	-		
775	29	O	8.32	A	-		
775	30	O	8.32	A	-		
775	31	O	8.32	A	-		
775	32	O	8.32	G	-		
775	33	O	8.32	G	-		
775	34	O	8.32	G	-		
775	35	O	8.32	T	-		
775	36	O	8.32	T	-		
775	37	O	8.32	G	-		
775	38	O	8.32	G	-		
775	39	O	8.32	A	-		
775	40	O	8.32	C	-		
775	41	O	8.32	G	-		
775	42	O	8.32	A	-		
775	43	O	8.32	G	-		
775	44	O	8.32	C	-		
775	45	O	8.32	T	-		
775	46	O	8.32	G	-		
775	47	O	8.32	A	-		
775	48	O	8.32	C	-		
775	49	O	8.32	G	-		
775	50	O	8.32	G	-		
775	51	O	8.32	A	-		
775	52	O	8.32	C	-		
775	53	O	8.32	A	-		
775	54	O	8.32	A	-		
775	55	O	8.32	A	-		
775	56	O	8.32	G	-		
775	57	O	8.32	A	-		
775	58	O	8.32	C	-		
775	59	O	8.32	C	-		
775	60	O	8.32	C	-		
775	61	O	8.32	T	-		
775	62	O	8.32	G	-		
775	63	O	8.32	A	-		
775	64	O	8.32	A	-		
775	65	O	8.32	G	-		
775	66	O	8.32	A	-		
775	67	O	8.32	G	-		
775	68	O	8.32	T	-		
775	69	O	8.32	G	-		
775	70	O	8.32	G	-		
775	71	O	8.32	C	-		
775	72	O	8.32	G	-		
775	73	O	8.32	A	-		
775	74	O	8.32	A	-		
775	75	O	8.32	A	-		
775	76	O	8.32	G	-		
775	77	O	8.32	G	-		
775	78	O	8.32	C	-		
775	79	O	8.32	C	-		
775	80	O	8.32	A	-		
775	81	O	8.32	C	-		
775	82	O	8.32	T	-		
775	83	O	8.32	T	-		
775	84	O	8.32	T	-		
775	85	O	8.32	C	-		
775	86	O	8.32	G	-		
775	87	O	8.32	T	-		
775	88	O	8.32	C	-		
775	89	O	8.32	T	-		
775	90	O	8.32	G	-		
775	91	O	8.32	G	-		
775	92	O	8.32	A	-		
775	93	O	8.32	A	-		
775	94	O	8.32	C	-		
775	95	O	8.32	A	-		
775	96	O	8.32	A	-		
775	97	O	8.32	A	-		
775	98	O	8.32	G	-		
775	99	O	8.32	T	-		
775	100	O	8.32	C	-		
775	101	O	8.32	C	-		
775	102	O	8.32	A	-		
775	103	O	8.32	G	-		
775	104	O	8.32	A	-		
775	105	O	8.32	G	-		
775	106	O	8.32	T	-		
775	107	O	8.32	G	-		
775	108	O	8.32	G	-		
775	109	O	8.32	C	-		
776	0	O	8.32	G	-		
776	1	O	8.32	G	-		
776	2	O	8.32	C	-		
776	3	O	8.32	C	-		
776	4	O	8.32	T	-		
776	5	O	8.32	C	-		
776	6	O	8.32	A	-		
776	7	O	8.32	G	-		
776	8	O	8.32	A	-		
776	9	O	8.32	A	-		
776	10	O	8.32	C	-		
776	11	O	8.32	T	-		
776	12	O	8.32	G	-		
776	13	O	8.32	C	-		
776	14	O	8.32	T	-		
776	15	O	8.32	A	-		
776	16	O	8.32	G	-		
776	17	O	8.32	C	-		
776	18	O	8.32	G	-		
776	19	O	8.32	A	-		
776	20	O	8.32	C	-		
776	21	O	8.32	T	-		
776	22	O	8.32	C	-		
776	23	O	8.32	G	-		
776	24	O	8.32	G	-		
776	25	O	8.32	C	-		
776	26	O	8.32	T	-		
776	27	O	8.32	G	-		
776	28	O	8.32	T	-		
776	29	O	8.32	G	-		
776	30	O	8.32	G	-		
776	31	O	8.32	G	-		
776	32	O	8.32	C	-		
776	33	O	8.32	G	-		
776	34	O	8.32	A	-		
776	35	O	8.32	G	-		
776	36	O	8.32	C	-		
776	37	O	8.32	A	-		
776	38	O	8.32	A	-		
776	39	O	8.32	A	-		
776	40	O	8.32	A	-		
776	41	O	8.32	C	-		
776	42	O	8.32	G	-		
776	43	O	8.32	A	-		
776	44	O	8.32	T	-		
776	45	O	8.32	C	-		
776	46	O	8.32	T	-		
776	47	O	8.32	A	-		
776	48	O	8.32	A	-		
776	49	O	8.32	T	-		
776	50	O	8.32	C	-		
776	51	O	8.32	C	-		
776	52	O	8.32	G	-		
776	53	O	8.32	G	-		
776	54	O	8.32	A	-		
776	55	O	8.32	A	-		
776	56	O	8.32	T	-		
776	57	O	8.32	A	-		
776	58	O	8.32	T	-		
776	59	O	8.32	A	-		
776	60	O	8.32	T	-		
776	61	O	8.32	T	-		
776	62	O	8.32	C	-		
776	63	O	8.32	T	-		
776	64	O	8.32	T	-		
776	65	O	8.32	G	-		
776	66	O	8.32	A	-		
776	67	O	8.32	T	-		
776	68	O	8.32	G	-		
776	69	O	8.32	T	-		
776	70	O	8.32	C	-		
776	71	O	8.32	A	-		
776	72	O	8.32	A	-		
776	73	O	8.32	C	-		
776	74	O	8.32	A	-		
776	75	O	8.32	A	-		
776	76	O	8.32	T	-		
776	77	O	8.32	T	-		
776	78	O	8.32	T	-		
776	79	O	8.32	A	-		
776	80	O	8.32	T	-		
776	81	O	8.32	C	-		
776	82	O	8.32	T	-		
776	83	O	8.32	A	-		
776	84	O	8.32	A	-		
776	85	O	8.32	A	-		
776	86	O	8.32	A	-		
776	87	O	8.32	G	-		
776	88	O	8.32	A	-		
776	89	O	8.32	G	-		
776	90	O	8.32	T	-		
776	91	O	8.32	T	-		
776	92	O	8.32	T	-		
776	93	O	8.32	G	-		
776	94	O	8.32	A	-		
776	95	O	8.32	T	-		
776	96	O	8.32	G	-		
776	97	O	8.32	G	-		
776	98	O	8.32	A	-		
776	99	O	8.32	G	-		
776	100	O	8.32	T	-		
776	101	O	8.32	G	-		
776	102	O	8.32	C	-		
776	103	O	8.32	T	-		
776	104	O	8.32	G	-		
776	105	O	8.32	A	-		
776	106	O	8.32	A	-		
776	107	O	8.32	G	-		
776	108	O	8.32	C	-		
776	109	O	8.32	A	-		
777	0	O	5.55	C	-		
777	1	O	5.55	C	-		
777	2	O	5.55	C	-		
777	3	O	5.55	T	-		
777	4	O	5.55	G	-		
777	5	O	5.55	G	-		
777	6	O	5.55	C	-		
777	7	O	5.55	T	-		
777	8	O	5.55	G	-		
777	9	O	5.55	G	-		
777	10	O	5.55	C	-		
777	11	O	5.55	T	-		
777	12	O	5.55	T	-		
777	13	O	5.55	G	-		
777	14	O	5.55	C	-		
777	15	O	5.55	C	-		
777	16	O	5.55	T	-		
777	17	O	5.55	G	-		
777	18	O	5.55	A	-		
777	19	O	5.55	G	-		
777	20	O	5.55	T	-		
777	21	O	5.55	T	-		
777	22	O	5.55	G	-		
777	23	O	5.55	C	-		
777	24	O	5.55	G	-		
777	25	O	5.55	C	-		
777	26	O	5.55	A	-		
777	27	O	5.55	T	-		
777	28	O	5.55	G	-		
777	29	O	5.55	T	-		
777	30	O	5.55	A	-		
777	31	O	5.55	C	-		
777	32	O	5.55	C	-		
777	33	O	5.55	T	-		
777	34	O	5.55	G	-		
777	35	O	5.55	A	-		
777	36	O	5.55	T	-		
777	37	O	5.55	C	-		
777	38	O	5.55	C	-		
777	39	O	5.55	G	-		
777	40	O	5.55	C	-		
777	41	O	5.55	G	-		
777	42	O	5.55	A	-		
777	43	O	5.55	A	-		
777	44	O	5.55	T	-		
777	45	O	5.55	T	-		
777	46	O	5.55	G	-		
777	47	O	5.55	C	-		
777	48	O	5.55	A	-		
777	49	O	5.55	C	-		
777	50	O	5.55	C	-		
777	51	O	5.55	G	-		
777	52	O	5.55	A	-		
777	53	O	5.55	A	-		
777	54	O	5.55	G	-		
777	55	O	5.55	A	-		
777	56	O	5.55	A	-		
777	57	O	5.55	A	-		
777	58	O	5.55	A	-		
777	59	O	5.55	C	-		
777	60	O	5.55	T	-		
777	61	O	5.55	G	-		
777	62	O	5.55	G	-		
777	63	O	5.55	A	-		
777	64	O	5.55	C	-		
777	65	O	5.55	G	-		
777	66	O	5.55	G	-		
777	67	O	5.55	A	-		
777	68	O	5.55	C	-		
777	69	O	5.55	C	-		
777	70	O	5.55	T	-		
777	71	O	5.55	T	-		
777	72	O	5.55	C	-		
777	73	O	5.55	A	-		
777	74	O	5.55	C	-		
777	75	O	5.55	T	-		
777	76	O	5.55	C	-		
777	77	O	5.55	T	-		
777	78	O	5.55	A	-		
777	79	O	5.55	C	-		
777	80	O	5.55	G	-		
777	81	O	5.55	A	-		
777	82	O	5.55	G	-		
777	83	O	5.55	A	-		
777	84	O	5.55	A	-		
777	85	O	5.55	C	-		
777	86	O	5.55	A	-		
777	87	O	5.55	T	-		
777	88	O	5.55	C	-		
777	89	O	5.55	G	-		
777	90	O	5.55	A	-		
777	91	O	5.55	T	-		
777	92	O	5.55	G	-		
777	93	O	5.55	C	-		
777	94	O	5.55	G	-		
777	95	O	5.55	G	-		
777	96	O	5.55	C	-		
777	97	O	5.55	T	-		
777	98	O	5.55	A	-		
777	99	O	5.55	T	-		
777	100	O	5.55	C	-		
777	101	O	5.55	G	-		
777	102	O	5.55	A	-		
777	103	O	5.55	A	-		
777	104	O	5.55	G	-		
777	105	O	5.55	A	-		
777	106	O	5.55	G	-		
777	107	O	5.55	G	-		
777	108	O	5.55	A	-		
777	109	O	5.55	G	-		
778	0	O	15.25	A	-		
778	1	O	15.25	G	-		
778	2	O	15.25	G	-		
778	3	O	15.25	C	-		
778	4	O	15.25	T	-		
778	5	O	15.25	G	-		
778	6	O	15.25	G	-		
778	7	O	15.25	G	-		
778	8	O	15.25	C	-		
778	9	O	15.25	C	-		
778	10	O	15.25	G	-		
778	11	O	15.25	G	-		
778	12	O	15.25	C	-		
778	13	O	15.25	G	-		
778	14	O	15.25	C	-		
778	15	O	15.25	A	-		
778	16	O	15.25	T	-		
778	17	O	15.25	T	-		
778	18	O	15.25	G	-		
778	19	O	15.25	G	-		
778	20	O	15.25	C	-		
778	21	O	15.25	T	-		
778	22	O	15.25	T	-		
778	23	O	15.25	G	-		
778	24	O	15.25	C	-		
778	25	O	15.25	G	-		
778	26	O	15.25	G	-		
778	27	O	15.25	T	-		
778	28	O	15.25	T	-		
778	29	O	15.25	G	-		
778	30	O	15.25	T	-		
778	31	O	15.25	T	-		
778	32	O	15.25	C	-		
778	33	O	15.25	C	-		
778	34	O	15.25	C	-		
778	35	O	15.25	A	-		
778	36	O	15.25	A	-		
778	37	O	15.25	G	-		
778	38	O	15.25	C	-		
778	39	O	15.25	A	-		
778	40	O	15.25	A	-		
778	41	O	15.25	A	-		
778	42	O	15.25	C	-		
778	43	O	15.25	A	-		
778	44	O	15.25	T	-		
778	45	O	15.25	G	-		
778	46	O	15.25	T	-		
778	47	O	15.25	T	-		
778	48	O	15.25	C	-		
778	49	O	15.25	T	-		
778	50	O	15.25	C	-		
778	51	O	15.25	T	-		
778	52	O	15.25	C	-		
778	53	O	15.25	T	-		
778	54	O	15.25	G	-		
778	55	O	15.25	C	-		
778	56	O	15.25	A	-		
778	57	O	15.25	A	-		
778	58	O	15.25	A	-		
778	59	O	15.25	C	-		
778	60	O	15.25	G	-		
778	61	O	15.25	A	-		
778	62	O	15.25	T	-		
778	63	O	15.25	A	-		
778	64	O	15.25	C	-		
778	65	O	15.25	A	-		
778	66	O	15.25	C	-		
778	67	O	15.25	G	-		
778	68	O	15.25	C	-		
778	69	O	15.25	A	-		
778	70	O	15.25	T	-		
778	71	O	15.25	C	-		
778	72	O	15.25	G	-		
778	73	O	15.25	C	-		
778	74	O	15.25	C	-		
778	75	O	15.25	T	-		
778	76	O	15.25	C	-		
778	77	O	15.25	T	-		
778	78	O	15.25	G	-		
778	79	O	15.25	A	-		
778	80	O	15.25	T	-		
778	81	O	15.25	C	-		
778	82	O	15.25	T	-		
778	83	O	15.25	C	-		
778	84	O	15.25	C	-		
778	85	O	15.25	T	-		
778	86	O	15.25	C	-		
778	87	O	15.25	C	-		
778	88	O	15.25	G	-		
778	89	O	15.25	T	-		
778	90	O	15.25	T	-		
778	91	O	15.25	G	-		
778	92	O	15.25	T	-		
778	93	O	15.25	G	-		
778	94	O	15.25	G	-		
778	95	O	15.25	C	-		
778	96	O	15.25	A	-		
778	97	O	15.25	T	-		
778	98	O	15.25	C	-		
778	99	O	15.25	C	-		
778	100	O	15.25	G	-		
778	101	O	15.25	G	-		
778	102	O	15.25	A	-		
778	103	O	15.25	T	-		
778	104	O	15.25	A	-		
778	105	O	15.25	G	-		
778	106	O	15.25	C	-		
778	107	O	15.25	G	-		
778	108	O	15.25	T	-		
778	109	O	15.25	G	-		
779	0	O	6.93	C	-		
779	1	O	6.93	A	-		
779	2	O	6.93	C	-		
779	3	O	6.93	A	-		
779	4	O	6.93	G	-		
779	5	O	6.93	C	-		
779	6	O	6.93	A	-		
779	7	O	6.93	C	-		
779	8	O	6.93	G	-		
779	9	O	6.93	A	-		
779	10	O	6.93	A	-		
779	11	O	6.93	T	-		
779	12	O	6.93	G	-		
779	13	O	6.93	A	-		
779	14	O	6.93	C	-		
779	15	O	6.93	G	-		
779	16	O	6.93	A	-		
779	17	O	6.93	G	-		
779	18	O	6.93	A	-		
779	19	O	6.93	G	-		
779	20	O	6.93	G	-		
779	21	O	6.93	G	-		
779	22	O	6.93	G	-		
779	23	O	6.93	A	-		
779	24	O	6.93	G	-		
779	25	O	6.93	A	-		
779	26	O	6.93	A	-		
779	27	O	6.93	T	-		
779	28	O	6.93	G	-		
779	29	O	6.93	A	-		
779	30	O	6.93	T	-		
779	31	O	6.93	G	-		
779	32	O	6.93	A	-		
779	33	O	6.93	T	-		
779	34	O	6.93	T	-		
779	35	O	6.93	C	-		
779	36	O	6.93	A	-		
779	37	O	6.93	C	-		
779	38	O	6.93	C	-		
779	39	O	6.93	T	-		
779	40	O	6.93	G	-		
779	41	O	6.93	C	-		
779	42	O	6.93	G	-		
779	43	O	6.93	C	-		
779	44	O	6.93	T	-		
779	45	O	6.93	G	-		
779	46	O	6.93	C	-		
779	47	O	6.93	T	-		
779	48	O	6.93	A	-		
779	49	O	6.93	C	-		
779	50	O	6.93	C	-		
779	51	O	6.93	T	-		
779	52	O	6.93	A	-		
779	53	O	6.93	G	-		
779	54	O	6.93	A	-		
779	55	O	6.93	A	-		
779	56	O	6.93	A	-		
779	57	O	6.93	G	-		
779	58	O	6.93	G	-		
779	59	O	6.93	C	-		
779	60	O	6.93	T	-		
779	61	O	6.93	T	-		
779	62	O	6.93	T	-		
779	63	O	6.93	T	-		
779	64	O	6.93	G	-		
779	65	O	6.93	C	-		
779	66	O	6.93	G	-		
779	67	O	6.93	G	-		
779	68	O	6.93	A	-		
779	69	O	6.93	C	-		
779	70	O	6.93	A	-		
779	71	O	6.93	T	-		
779	72	O	6.93	T	-		
779	73	O	6.93	C	-		
779	74	O	6.93	G	-		
779	75	O	6.93	A	-		
779	76	O	6.93	A	-		
779	77	O	6.93	A	-		
779	78	O	6.93	T	-		
779	79	O	6.93	G	-		
779	80	O	6.93	G	-		
779	81	O	6.93	C	-		
779	82	O	6.93	C	-		
779	83	O	6.93	A	-		
779	84	O	6.93	A	-		
779	85	O	6.93	C	-		
779	86	O	6.93	G	-		
779	87	O	6.93	C	-		
779	88	O	6.93	T	-		
779	89	O	6.93	A	-		
779	90	O	6.93	C	-		
779	91	O	6.93	T	-		
779	92	O	6.93	A	-		
779	93	O	6.93	C	-		
779	94	O	6.93	T	-		
779	95	O	6.93	G	-		
779	96	O	6.93	T	-		
779	97	O	6.93	T	-		
779	98	O	6.93	A	-		
779	99	O	6.93	C	-		
779	100	O	6.93	G	-		
779	101	O	6.93	A	-		
779	102	O	6.93	C	-		
779	103	O	6.93	A	-		
779	104	O	6.93	C	-		
779	105	O	6.93	C	-		
779	106	O	6.93	G	-		
779	107	O	6.93	A	-		
779	108	O	6.93	T	-		
779	109	O	6.93	G	-		
780	0	O	5.55	T	-		
780	1	O	5.55	G	-		
780	2	O	5.55	T	-		
780	3	O	5.55	A	-		
780	4	O	5.55	G	-		
780	5	O	5.55	T	-		
780	6	O	5.55	A	-		
780	7	O	5.55	G	-		
780	8	O	5.55	A	-		
780	9	O	5.55	T	-		
780	10	O	5.55	T	-		
780	11	O	5.55	G	-		
780	12	O	5.55	C	-		
780	13	O	5.55	C	-		
780	14	O	5.55	C	-		
780	15	O	5.55	T	-		
780	16	O	5.55	T	-		
780	17	O	5.55	T	-		
780	18	O	5.55	T	-		
780	19	O	5.55	A	-		
780	20	O	5.55	T	-		
780	21	O	5.55	T	-		
780	22	O	5.55	T	-		
780	23	O	5.55	C	-		
780	24	O	5.55	G	-		
780	25	O	5.55	T	-		
780	26	O	5.55	G	-		
780	27	O	5.55	T	-		
780	28	O	5.55	T	-		
780	29	O	5.55	A	-		
780	30	O	5.55	G	-		
780	31	O	5.55	A	-		
780	32	O	5.55	A	-		
780	33	O	5.55	A	-		
780	34	O	5.55	C	-		
780	35	O	5.55	G	-		
780	36	O	5.55	G	-		
780	37	O	5.55	A	-		
780	38	O	5.55	T	-		
780	39	O	5.55	T	-		
780	40	O	5.55	A	-		
780	41	O	5.55	A	-		
780	42	O	5.55	T	-		
780	43	O	5.55	T	-		
780	44	O	5.55	A	-		
780	45	O	5.55	A	-		
780	46	O	5.55	T	-		
780	47	O	5.55	G	-		
780	48	O	5.55	C	-		
780	49	O	5.55	G	-		
780	50	O	5.55	A	-		
780	51	O	5.55	G	-		
780	52	O	5.55	T	-		
780	53	O	5.55	G	-		
780	54	O	5.55	T	-		
780	55	O	5.55	T	-		
780	56	O	5.55	T	-		
780	57	O	5.55	T	-		
780	58	O	5.55	T	-		
780	59	O	5.55	A	-		
780	60	O	5.55	G	-		
780	61	O	5.55	G	-		
780	62	O	5.55	T	-		
780	63	O	5.55	G	-		
780	64	O	5.55	A	-		
780	65	O	5.55	T	-		
780	66	O	5.55	T	-		
780	67	O	5.55	G	-		
780	68	O	5.55	C	-		
780	69	O	5.55	A	-		
780	70	O	5.55	C	-		
780	71	O	5.55	A	-		
780	72	O	5.55	A	-		
780	73	O	5.55	A	-		
780	74	O	5.55	A	-		
780	75	O	5.55	T	-		
780	76	O	5.55	G	-		
780	77	O	5.55	G	-		
780	78	O	5.55	T	-		
780	79	O	5.55	T	-		
780	80	O	5.55	G	-		
780	81	O	5.55	A	-		
780	82	O	5.55	C	-		
780	83	O	5.55	A	-		
780	84	O	5.55	T	-		
780	85	O	5.55	G	-		
780	86	O	5.55	C	-		
780	87	O	5.55	C	-		
780	88	O	5.55	A	-		
780	89	O	5.55	A	-		
780	90	O	5.55	A	-		
780	91	O	5.55	A	-		
780	92	O	5.55	A	-		
780	93	O	5.55	C	-		
780	94	O	5.55	C	-		
780	95	O	5.55	A	-		
780	96	O	5.55	A	-		
780	97	O	5.55	C	-		
780	98	O	5.55	T	-		
780	99	O	5.55	C	-		
780	100	O	5.55	A	-		
780	101	O	5.55	T	-		
780	102	O	5.55	C	-		
780	103	O	5.55	T	-		
780	104	O	5.55	A	-		
780	105	O	5.55	T	-		
780	106	O	5.55	T	-		
780	107	O	5.55	T	-		
780	108	O	5.55	G	-		
780	109	O	5.55	C	-		
781	0	O	6.93	C	-		
781	1	O	6.93	G	-		
781	2	O	6.93	G	-		
781	3	O	6.93	C	-		
781	4	O	6.93	G	-		
781	5	O	6.93	T	-		
781	6	O	6.93	A	-		
781	7	O	6.93	C	-		
781	8	O	6.93	G	-		
781	9	O	6.93	A	-		
781	10	O	6.93	A	-		
781	11	O	6.93	A	-		
781	12	O	6.93	T	-		
781	13	O	6.93	G	-		
781	14	O	6.93	G	-		
781	15	O	6.93	A	-		
781	16	O	6.93	C	-		
781	17	O	6.93	A	-		
781	18	O	6.93	T	-		
781	19	O	6.93	C	-		
781	20	O	6.93	T	-		
781	21	O	6.93	G	-		
781	22	O	6.93	A	-		
781	23	O	6.93	C	-		
781	24	O	6.93	G	-		
781	25	O	6.93	G	-		
781	26	O	6.93	C	-		
781	27	O	6.93	T	-		
781	28	O	6.93	G	-		
781	29	O	6.93	G	-		
781	30	O	6.93	C	-		
781	31	O	6.93	G	-		
781	32	O	6.93	A	-		
781	33	O	6.93	T	-		
781	34	O	6.93	A	-		
781	35	O	6.93	G	-		
781	36	O	6.93	G	-		
781	37	O	6.93	C	-		
781	38	O	6.93	T	-		
781	39	O	6.93	C	-		
781	40	O	6.93	C	-		
781	41	O	6.93	T	-		
781	42	O	6.93	T	-		
781	43	O	6.93	G	-		
781	44	O	6.93	A	-		
781	45	O	6.93	G	-		
781	46	O	6.93	T	-		
781	47	O	6.93	G	-		
781	48	O	6.93	G	-		
781	49	O	6.93	G	-		
781	50	O	6.93	G	-		
781	51	O	6.93	T	-		
781	52	O	6.93	G	-		
781	53	O	6.93	T	-		
781	54	O	6.93	T	-		
781	55	O	6.93	G	-		
781	56	O	6.93	T	-		
781	57	O	6.93	T	-		
781	58	O	6.93	C	-		
781	59	O	6.93	G	-		
781	60	O	6.93	G	-		
781	61	O	6.93	G	-		
781	62	O	6.93	G	-		
781	63	O	6.93	G	-		
781	64	O	6.93	G	-		
781	65	O	6.93	C	-		
781	66	O	6.93	A	-		
781	67	O	6.93	G	-		
781	68	O	6.93	T	-		
781	69	O	6.93	C	-		
781	70	O	6.93	T	-		
781	71	O	6.93	G	-		
781	72	O	6.93	C	-		
781	73	O	6.93	C	-		
781	74	O	6.93	T	-		
781	75	O	6.93	C	-		
781	76	O	6.93	G	-		
781	77	O	6.93	T	-		
781	78	O	6.93	A	-		
781	79	O	6.93	G	-		
781	80	O	6.93	T	-		
781	81	O	6.93	A	-		
781	82	O	6.93	G	-		
781	83	O	6.93	C	-		
781	84	O	6.93	G	-		
781	85	O	6.93	C	-		
781	86	O	6.93	T	-		
781	87	O	6.93	C	-		
781	88	O	6.93	G	-		
781	89	O	6.93	G	-		
781	90	O	6.93	C	-		
781	91	O	6.93	A	-		
781	92	O	6.93	G	-		
781	93	O	6.93	G	-		
781	94	O	6.93	C	-		
781	95	O	6.93	G	-		
781	96	O	6.93	G	-		
781	97	O	6.93	G	-		
781	98	O	6.93	G	-		
781	99	O	6.93	T	-		
781	100	O	6.93	G	-		
781	101	O	6.93	T	-		
781	102	O	6.93	T	-		
781	103	O	6.93	G	-		
781	104	O	6.93	T	-		
781	105	O	6.93	C	-		
781	106	O	6.93	G	-		
781	107	O	6.93	G	-		
781	108	O	6.93	A	-		
781	109	O	6.93	G	-		
782	0	O	5.55	T	-		
782	1	O	5.55	G	-		
782	2	O	5.55	A	-		
782	3	O	5.55	T	-		
782	4	O	5.55	C	-		
782	5	O	5.55	G	-		
782	6	O	5.55	G	-		
782	7	O	5.55	C	-		
782	8	O	5.55	G	-		
782	9	O	5.55	C	-		
782	10	O	5.55	G	-		
782	11	O	5.55	A	-		
782	12	O	5.55	T	-		
782	13	O	5.55	C	-		
782	14	O	5.55	A	-		
782	15	O	5.55	A	-		
782	16	O	5.55	C	-		
782	17	O	5.55	G	-		
782	18	O	5.55	C	-		
782	19	O	5.55	C	-		
782	20	O	5.55	A	-		
782	21	O	5.55	A	-		
782	22	O	5.55	C	-		
782	23	O	5.55	C	-		
782	24	O	5.55	A	-		
782	25	O	5.55	C	-		
782	26	O	5.55	G	-		
782	27	O	5.55	C	-		
782	28	O	5.55	C	-		
782	29	O	5.55	C	-		
782	30	O	5.55	T	-		
782	31	O	5.55	G	-		
782	32	O	5.55	C	-		
782	33	O	5.55	T	-		
782	34	O	5.55	G	-		
782	35	O	5.55	G	-		
782	36	O	5.55	C	-		
782	37	O	5.55	G	-		
782	38	O	5.55	C	-		
782	39	O	5.55	A	-		
782	40	O	5.55	G	-		
782	41	O	5.55	C	-		
782	42	O	5.55	G	-		
782	43	O	5.55	C	-		
782	44	O	5.55	G	-		
782	45	O	5.55	C	-		
782	46	O	5.55	C	-		
782	47	O	5.55	G	-		
782	48	O	5.55	G	-		
782	49	O	5.55	C	-		
782	50	O	5.55	T	-		
782	51	O	5.55	A	-		
782	52	O	5.55	C	-		
782	53	O	5.55	C	-		
782	54	O	5.55	G	-		
782	55	O	5.55	C	-		
782	56	O	5.55	G	-		
782	57	O	5.55	C	-		
782	58	O	5.55	C	-		
782	59	O	5.55	A	-		
782	60	O	5.55	T	-		
782	61	O	5.55	T	-		
782	62	O	5.55	T	-		
782	63	O	5.55	A	-		
782	64	O	5.55	C	-		
782	65	O	5.55	C	-		
782	66	O	5.55	T	-		
782	67	O	5.55	G	-		
782	68	O	5.55	T	-		
782	69	O	5.55	C	-		
782	70	O	5.55	C	-		
782	71	O	5.55	G	-		
782	72	O	5.55	G	-		
782	73	O	5.55	T	-		
782	74	O	5.55	G	-		
782	75	O	5.55	G	-		
782	76	O	5.55	C	-		
782	77	O	5.55	G	-		
782	78	O	5.55	G	-		
782	79	O	5.55	C	-		
782	80	O	5.55	G	-		
782	81	O	5.55	T	-		
782	82	O	5.55	C	-		
782	83	O	5.55	G	-		
782	84	O	5.55	C	-		
782	85	O	5.55	C	-		
782	86	O	5.55	G	-		
782	87	O	5.55	C	-		
782	88	O	5.55	C	-		
782	89	O	5.55	G	-		
782	90	O	5.55	G	-		
782	91	O	5.55	T	-		
782	92	O	5.55	T	-		
782	93	O	5.55	C	-		
782	94	O	5.55	G	-		
782	95	O	5.55	C	-		
782	96	O	5.55	T	-		
782	97	O	5.55	G	-		
782	98	O	5.55	G	-		
782	99	O	5.55	G	-		
782	100	O	5.55	C	-		
782	101	O	5.55	C	-		
782	102	O	5.55	T	-		
782	103	O	5.55	G	-		
782	104	O	5.55	C	-		
782	105	O	5.55	C	-		
782	106	O	5.55	G	-		
782	107	O	5.55	G	-		
782	108	O	5.55	A	-		
782	109	O	5.55	C	-		
783	0	O	15.25	T	-		
783	1	O	15.25	T	-		
783	2	O	15.25	G	-		
783	3	O	15.25	C	-		
783	4	O	15.25	A	-		
783	5	O	15.25	G	-		
783	6	O	15.25	C	-		
783	7	O	15.25	C	-		
783	8	O	6.35	G	-		
783	9	O	15.25	A	-		
783	10	O	15.25	G	-		
783	11	O	15.25	C	-		
783	12	O	15.25	G	-		
783	13	O	15.25	A	-		
783	14	O	15.25	C	-		
783	15	O	15.25	T	-		
783	16	O	15.25	C	-		
783	17	O	15.25	T	-		
783	18	O	15.25	C	-		
783	19	O	15.25	T	-		
783	20	O	15.25	C	-		
783	21	O	15.25	C	-		
783	22	O	15.25	G	-		
783	23	O	15.25	C	-		
783	24	O	15.25	C	-		
783	25	O	15.25	C	-		
783	26	O	15.25	G	-		
783	27	O	15.25	T	-		
783	28	O	15.25	C	-		
783	29	O	15.25	T	-		
783	30	O	15.25	G	-		
783	31	O	15.25	G	-		
783	32	O	15.25	C	-		
783	33	O	15.25	C	-		
783	34	O	15.25	G	-		
783	35	O	15.25	C	-		
783	36	O	15.25	T	-		
783	37	O	15.25	C	-		
783	38	O	15.25	G	-		
783	39	O	15.25	C	-		
783	40	O	15.25	A	-		
783	41	O	15.25	A	-		
783	42	O	15.25	T	-		
783	43	O	15.25	A	-		
783	44	O	15.25	T	-		
783	45	O	15.25	C	-		
783	46	O	15.25	T	-		
783	47	O	15.25	C	-		
783	48	O	15.25	T	-		
783	49	O	15.25	C	-		
783	50	O	15.25	C	-		
783	51	O	15.25	G	-		
783	52	O	15.25	G	-		
783	53	O	15.25	C	-		
783	54	O	15.25	T	-		
783	55	O	15.25	C	-		
783	56	O	15.25	T	-		
783	57	O	15.25	C	-		
783	58	O	15.25	C	-		
783	59	O	15.25	G	-		
783	60	O	15.25	C	-		
783	61	O	15.25	T	-		
783	62	O	15.25	A	-		
783	63	O	15.25	G	-		
783	64	O	15.25	A	-		
783	65	O	15.25	C	-		
783	66	O	15.25	C	-		
783	67	O	15.25	G	-		
783	68	O	15.25	G	-		
783	69	O	15.25	C	-		
783	70	O	15.25	C	-		
783	71	O	15.25	G	-		
783	72	O	15.25	A	-		
783	73	O	15.25	C	-		
783	74	O	15.25	C	-		
783	75	O	15.25	C	-		
783	76	O	15.25	A	-		
783	77	O	15.25	C	-		
783	78	O	15.25	T	-		
783	79	O	15.25	G	-		
783	80	O	15.25	A	-		
783	81	O	15.25	G	-		
783	82	O	15.25	G	-		
783	83	O	15.25	C	-		
783	84	O	15.25	T	-		
783	85	O	15.25	C	-		
783	86	O	15.25	G	-		
783	87	O	15.25	C	-		
783	88	O	15.25	A	-		
783	89	O	15.25	G	-		
783	90	O	15.25	A	-		
783	91	O	15.25	G	-		
783	92	O	15.25	T	-		
783	93	O	15.25	G	-		
783	94	O	15.25	T	-		
783	95	O	15.25	C	-		
783	96	O	15.25	C	-		
783	97	O	15.25	A	-		
783	98	O	15.25	G	-		
783	99	O	15.25	T	-		
783	100	O	15.25	C	-		
783	101	O	15.25	C	-		
783	102	O	15.25	G	-		
783	103	O	15.25	C	-		
783	104	O	15.25	C	-		
783	105	O	15.25	C	-		
783	106	O	15.25	G	-		
783	107	O	15.25	C	-		
783	108	O	15.25	C	-		
783	109	O	6.35	T	-		
784	0	O	5.55	A	-		
784	1	O	5.55	T	-		
784	2	O	5.55	C	-		
784	3	O	5.55	G	-		
784	4	O	5.55	G	-		
784	5	O	5.55	G	-		
784	6	O	5.55	A	-		
784	7	O	5.55	A	-		
784	8	O	5.55	A	-		
784	9	O	5.55	T	-		
784	10	O	5.55	A	-		
784	11	O	5.55	G	-		
784	12	O	5.55	A	-		
784	13	O	5.55	G	-		
784	14	O	5.55	A	-		
784	15	O	5.55	C	-		
784	16	O	5.55	G	-		
784	17	O	5.55	T	-		
784	18	O	5.55	C	-		
784	19	O	5.55	G	-		
784	20	O	5.55	G	-		
784	21	O	5.55	A	-		
784	22	O	5.55	G	-		
784	23	O	5.55	C	-		
784	24	O	5.55	T	-		
784	25	O	5.55	C	-		
784	26	O	5.55	T	-		
784	27	O	5.55	C	-		
784	28	O	5.55	G	-		
784	29	O	5.55	C	-		
784	30	O	5.55	A	-		
784	31	O	5.55	A	-		
784	32	O	5.55	T	-		
784	33	O	5.55	C	-		
784	34	O	5.55	T	-		
784	35	O	5.55	G	-		
784	36	O	5.55	C	-		
784	37	O	5.55	A	-		
784	38	O	5.55	A	-		
784	39	O	5.55	T	-		
784	40	O	5.55	A	-		
784	41	O	5.55	C	-		
784	42	O	5.55	C	-		
784	43	O	5.55	C	-		
784	44	O	5.55	A	-		
784	45	O	5.55	A	-		
784	46	O	5.55	T	-		
784	47	O	5.55	T	-		
784	48	O	5.55	A	-		
784	49	O	5.55	T	-		
784	50	O	5.55	G	-		
784	51	O	5.55	C	-		
784	52	O	5.55	T	-		
784	53	O	5.55	T	-		
784	54	O	5.55	C	-		
784	55	O	5.55	G	-		
784	56	O	5.55	C	-		
784	57	O	5.55	C	-		
784	58	O	5.55	A	-		
784	59	O	5.55	G	-		
784	60	O	5.55	C	-		
784	61	O	5.55	C	-		
784	62	O	5.55	A	-		
784	63	O	5.55	C	-		
784	64	O	5.55	A	-		
784	65	O	5.55	C	-		
784	66	O	5.55	C	-		
784	67	O	5.55	T	-		
784	68	O	5.55	G	-		
784	69	O	5.55	G	-		
784	70	O	5.55	T	-		
784	71	O	5.55	T	-		
784	72	O	5.55	G	-		
784	73	O	5.55	G	-		
784	74	O	5.55	C	-		
784	75	O	5.55	T	-		
784	76	O	5.55	T	-		
784	77	O	5.55	G	-		
784	78	O	5.55	G	-		
784	79	O	5.55	T	-		
784	80	O	5.55	A	-		
784	81	O	5.55	G	-		
784	82	O	5.55	A	-		
784	83	O	5.55	G	-		
784	84	O	5.55	A	-		
784	85	O	5.55	C	-		
784	86	O	5.55	G	-		
784	87	O	5.55	A	-		
784	88	O	5.55	A	-		
784	89	O	5.55	G	-		
784	90	O	5.55	A	-		
784	91	O	5.55	A	-		
784	92	O	5.55	A	-		
784	93	O	5.55	G	-		
784	94	O	5.55	A	-		
784	95	O	5.55	A	-		
784	96	O	5.55	G	-		
784	97	O	5.55	G	-		
784	98	O	5.55	T	-		
784	99	O	5.55	A	-		
784	100	O	5.55	G	-		
784	101	O	5.55	G	-		
784	102	O	5.55	T	-		
784	103	O	5.55	A	-		
784	104	O	5.55	T	-		
784	105	O	5.55	A	-		
784	106	O	5.55	C	-		
784	107	O	5.55	G	-		
784	108	O	5.55	A	-		
784	109	O	5.55	C	-		
785	0	O	11.09	C	-		
785	1	O	11.09	G	-		
785	2	O	11.09	C	-		
785	3	O	11.09	C	-		
785	4	O	11.09	G	-		
785	5	O	11.09	G	-		
785	6	O	11.09	T	-		
785	7	O	11.09	C	-		
785	8	O	11.09	A	-		
785	9	O	11.09	A	-		
785	10	O	11.09	T	-		
785	11	O	11.09	G	-		
785	12	O	11.09	T	-		
785	13	O	11.09	C	-		
785	14	O	11.09	G	-		
785	15	O	11.09	G	-		
785	16	O	11.09	G	-		
785	17	O	11.09	A	-		
785	18	O	11.09	T	-		
785	19	O	11.09	A	-		
785	20	O	11.09	G	-		
785	21	O	11.09	G	-		
785	22	O	11.09	A	-		
785	23	O	11.09	A	-		
785	24	O	11.09	T	-		
785	25	O	11.09	G	-		
785	26	O	11.09	C	-		
785	27	O	11.09	T	-		
785	28	O	11.09	A	-		
785	29	O	11.09	C	-		
785	30	O	11.09	T	-		
785	31	O	11.09	T	-		
785	32	O	11.09	C	-		
785	33	O	11.09	C	-		
785	34	O	11.09	G	-		
785	35	O	11.09	G	-		
785	36	O	11.09	G	-		
785	37	O	11.09	A	-		
785	38	O	11.09	A	-		
785	39	O	11.09	G	-		
785	40	O	11.09	T	-		
785	41	O	11.09	G	-		
785	42	O	11.09	C	-		
785	43	O	11.09	A	-		
785	44	O	11.09	A	-		
785	45	O	11.09	C	-		
785	46	O	11.09	G	-		
785	47	O	11.09	T	-		
785	48	O	11.09	G	-		
785	49	O	11.09	C	-		
785	50	O	11.09	T	-		
785	51	O	11.09	G	-		
785	52	O	11.09	A	-		
785	53	O	11.09	A	-		
785	54	O	11.09	T	-		
785	55	O	11.09	G	-		
785	56	O	11.09	A	-		
785	57	O	11.09	G	-		
785	58	O	11.09	G	-		
785	59	O	11.09	A	-		
785	60	O	11.09	G	-		
785	61	O	11.09	T	-		
785	62	O	11.09	A	-		
785	63	O	11.09	C	-		
785	64	O	11.09	A	-		
785	65	O	11.09	G	-		
785	66	O	11.09	T	-		
785	67	O	11.09	A	-		
785	68	O	11.09	T	-		
785	69	O	11.09	G	-		
785	70	O	11.09	C	-		
785	71	O	11.09	A	-		
785	72	O	11.09	C	-		
785	73	O	11.09	C	-		
785	74	O	11.09	A	-		
785	75	O	11.09	G	-		
785	76	O	11.09	C	-		
785	77	O	11.09	G	-		
785	78	O	11.09	C	-		
785	79	O	11.09	A	-		
785	80	O	11.09	C	-		
785	81	O	11.09	G	-		
785	82	O	11.09	C	-		
785	83	O	11.09	T	-		
785	84	O	11.09	G	-		
785	85	O	11.09	C	-		
785	86	O	11.09	A	-		
785	87	O	11.09	C	-		
785	88	O	11.09	C	-		
785	89	O	11.09	A	-		
785	90	O	11.09	T	-		
785	91	O	11.09	C	-		
785	92	O	11.09	G	-		
785	93	O	11.09	C	-		
785	94	O	11.09	C	-		
785	95	O	11.09	G	-		
785	96	O	11.09	G	-		
785	97	O	11.09	A	-		
785	98	O	11.09	A	-		
785	99	O	11.09	C	-		
785	100	O	11.09	C	-		
785	101	O	11.09	C	-		
785	102	O	11.09	C	-		
785	103	O	11.09	T	-		
785	104	O	11.09	A	-		
785	105	O	11.09	A	-		
785	106	O	11.09	C	-		
785	107	O	11.09	C	-		
785	108	U	2.86	T	C		
785	109	O	11.09	G	-		
786	0	O	5.55	T	-		
786	1	O	5.55	A	-		
786	2	O	5.55	C	-		
786	3	O	5.55	A	-		
786	4	O	5.55	T	-		
786	5	O	5.55	A	-		
786	6	O	5.55	G	-		
786	7	O	5.55	T	-		
786	8	O	5.55	A	-		
786	9	O	5.55	G	-		
786	10	O	5.55	T	-		
786	11	O	5.55	C	-		
786	12	O	5.55	G	-		
786	13	O	5.55	A	-		
786	14	O	5.55	C	-		
786	15	O	5.55	G	-		
786	16	O	5.55	A	-		
786	17	O	5.55	C	-		
786	18	O	5.55	T	-		
786	19	O	5.55	G	-		
786	20	O	5.55	A	-		
786	21	O	5.55	C	-		
786	22	O	5.55	T	-		
786	23	O	5.55	C	-		
786	24	O	5.55	G	-		
786	25	O	5.55	C	-		
786	26	O	5.55	C	-		
786	27	O	5.55	A	-		
786	28	O	5.55	A	-		
786	29	O	5.55	A	-		
786	30	O	5.55	A	-		
786	31	O	5.55	A	-		
786	32	O	5.55	C	-		
786	33	O	5.55	C	-		
786	34	O	5.55	G	-		
786	35	O	5.55	G	-		
786	36	O	5.55	A	-		
786	37	O	5.55	G	-		
786	38	O	5.55	C	-		
786	39	O	5.55	C	-		
786	40	O	5.55	A	-		
786	41	O	5.55	C	-		
786	42	O	5.55	C	-		
786	43	O	5.55	A	-		
786	44	O	5.55	G	-		
786	45	O	5.55	T	-		
786	46	O	5.55	A	-		
786	47	O	5.55	T	-		
786	48	O	5.55	G	-		
786	49	O	5.55	T	-		
786	50	O	5.55	C	-		
786	51	O	5.55	C	-		
786	52	O	5.55	G	-		
786	53	O	5.55	A	-		
786	54	O	5.55	G	-		
786	55	O	5.55	C	-		
786	56	O	5.55	C	-		
786	57	O	5.55	T	-		
786	58	O	5.55	A	-		
786	59	O	5.55	G	-		
786	60	O	5.55	C	-		
786	61	O	5.55	A	-		
786	62	O	5.55	T	-		
786	63	O	5.55	A	-		
786	64	O	5.55	T	-		
786	65	O	5.55	A	-		
786	66	O	5.55	C	-		
786	67	O	5.55	T	-		
786	68	O	5.55	G	-		
786	69	O	5.55	T	-		
786	70	O	5.55	T	-		
786	71	O	5.55	G	-		
786	72	O	5.55	G	-		
786	73	O	5.55	T	-		
786	74	O	5.55	C	-		
786	75	O	5.55	G	-		
786	76	O	5.55	A	-		
786	77	O	5.55	G	-		
786	78	O	5.55	G	-		
786	79	O	5.55	A	-		
786	80	O	5.55	A	-		
786	81	O	5.55	C	-		
786	82	O	5.55	C	-		
786	83	O	5.55	A	-		
786	84	O	5.55	G	-		
786	85	O	5.55	C	-		
786	86	O	5.55	A	-		
786	87	O	5.55	A	-		
786	88	O	5.55	G	-		
786	89	O	5.55	T	-		
786	90	O	5.55	C	-		
786	91	O	5.55	T	-		
786	92	O	5.55	T	-		
786	93	O	5.55	G	-		
786	94	O	5.55	T	-		
786	95	O	5.55	C	-		
786	96	O	5.55	T	-		
786	97	O	5.55	T	-		
786	98	O	5.55	C	-		
786	99	O	5.55	G	-		
786	100	O	5.55	G	-		
786	101	O	5.55	G	-		
786	102	O	5.55	G	-		
786	103	O	5.55	T	-		
786	104	O	5.55	A	-		
786	105	O	5.55	C	-		
786	106	O	5.55	T	-		
786	107	O	5.55	C	-		
786	108	O	5.55	C	-		
786	109	O	5.55	A	-		
787	0	O	9.70	A	-		
787	1	O	9.70	A	-		
787	2	O	9.70	G	-		
787	3	O	9.70	A	-		
787	4	O	9.70	A	-		
787	5	O	9.70	G	-		
787	6	O	9.70	G	-		
787	7	O	9.70	A	-		
787	8	O	9.70	C	-		
787	9	O	9.70	A	-		
787	10	O	9.70	A	-		
787	11	O	9.70	A	-		
787	12	O	9.70	A	-		
787	13	O	9.70	C	-		
787	14	U	-3.07	G	A		
787	15	O	9.70	T	-		
787	16	O	9.70	C	-		
787	17	O	9.70	G	-		
787	18	O	9.70	C	-		
787	19	O	9.70	C	-		
787	20	U	-3.07	G	C		
787	21	O	9.70	G	-		
787	22	O	9.70	T	-		
787	23	O	9.70	A	-		
787	24	O	9.70	A	-		
787	25	O	9.70	C	-		
787	26	O	9.70	G	-		
787	27	O	9.70	A	-		
787	28	O	9.70	A	-		
787	29	O	9.70	G	-		
787	30	O	9.70	A	-		
787	31	O	9.70	T	-		
787	32	O	9.70	C	-		
787	33	O	9.70	T	-		
787	34	O	9.70	T	-		
787	35	U	-3.07	T	G		
787	36	O	9.70	G	-		
787	37	O	9.70	T	-		
787	38	O	9.70	G	-		
787	39	O	9.70	A	-		
787	40	O	9.70	T	-		
787	41	O	9.70	C	-		
787	42	O	9.70	C	-		
787	43	O	9.70	A	-		
787	44	O	9.70	C	-		
787	45	O	9.70	T	-		
787	46	O	9.70	T	-		
787	47	O	9.70	G	-		
787	48	O	9.70	T	-		
787	49	O	9.70	G	-		
787	50	O	9.70	T	-		
787	51	O	9.70	C	-		
787	52	O	9.70	G	-		
787	53	O	9.70	G	-		
787	54	O	9.70	A	-		
787	55	O	9.70	T	-		
787	56	O	9.70	G	-		
787	57	O	9.70	A	-		
787	58	O	9.70	G	-		
787	59	O	9.70	A	-		
787	60	O	9.70	G	-		
787	61	O	9.70	T	-		
787	62	O	9.70	A	-		
787	63	O	9.70	T	-		
787	64	O	9.70	A	-		
787	65	O	9.70	G	-		
787	66	O	9.70	C	-		
787	67	O	9.70	T	-		
787	68	O	9.70	C	-		
787	69	O	9.70	T	-		
787	70	O	9.70	G	-		
787	71	O	9.70	C	-		
787	72	O	9.70	G	-		
787	73	O	9.70	C	-		
787	74	O	9.70	C	-		
787	75	O	9.70	C	-		
787	76	O	9.70	C	-		
787	77	O	9.70	G	-		
787	78	O	9.70	G	-		
787	79	O	9.70	C	-		
787	80	O	9.70	T	-		
787	81	O	9.70	C	-		
787	82	O	9.70	C	-		
787	83	O	9.70	G	-		
787	84	O	9.70	G	-		
787	85	O	9.70	T	-		
787	86	O	9.70	C	-		
787	87	O	9.70	A	-		
787	88	O	9.70	C	-		
787	89	O	9.70	A	-		
787	90	O	9.70	A	-		
787	91	O	9.70	G	-		
787	92	O	9.70	A	-		
787	93	O	9.70	C	-		
787	94	O	9.70	G	-		
787	95	O	9.70	T	-		
787	96	O	9.70	C	-		
787	97	O	9.70	C	-		
787	98	O	9.70	G	-		
787	99	O	9.70	A	-		
787	100	O	9.70	A	-		
787	101	U	-3.07	G	A		
787	102	O	9.70	G	-		
787	103	O	9.70	C	-		
787	104	O	9.70	C	-		
787	105	O	9.70	A	-		
787	106	O	9.70	T	-		
787	107	O	9.70	G	-		
787	108	O	9.70	T	-		
787	109	O	9.70	A	-		
788	0	O	18.02	A	-		
788	1	O	18.02	G	-		
788	2	O	18.02	C	-		
788	3	O	18.02	A	-		
788	4	O	18.02	A	-		
788	5	O	18.02	C	-		
788	6	O	18.02	A	-		
788	7	O	18.02	G	-		
788	8	O	18.02	T	-		
788	9	O	18.02	A	-		
788	10	O	18.02	T	-		
788	11	O	18.02	G	-		
788	12	O	18.02	A	-		
788	13	O	18.02	A	-		
788	14	O	18.02	C	-		
788	15	O	18.02	A	-		
788	16	O	18.02	C	-		
788	17	O	18.02	C	-		
788	18	O	18.02	C	-		
788	19	O	18.02	A	-		
788	20	O	18.02	A	-		
788	21	O	18.02	A	-		
788	22	O	18.02	C	-		
788	23	O	18.02	G	-		
788	24	O	18.02	A	-		
788	25	O	18.02	A	-		
788	26	O	18.02	G	-		
788	27	O	18.02	G	-		
788	28	O	18.02	G	-		
788	29	O	18.02	T	-		
788	30	O	18.02	C	-		
788	31	O	18.02	C	-		
788	32	O	18.02	A	-		
788	33	O	18.02	T	-		
788	34	O	18.02	T	-		
788	35	O	18.02	G	-		
788	36	O	18.02	G	-		
788	37	O	18.02	T	-		
788	38	O	18.02	G	-		
788	39	O	18.02	G	-		
788	40	O	18.02	G	-		
788	41	O	18.02	C	-		
788	42	O	18.02	A	-		
788	43	O	18.02	C	-		
788	44	O	18.02	C	-		
788	45	O	18.02	T	-		
788	46	O	18.02	T	-		
788	47	O	18.02	G	-		
788	48	O	18.02	T	-		
788	49	O	18.02	A	-		
788	50	O	18.02	T	-		
788	51	O	18.02	A	-		
788	52	O	18.02	T	-		
788	53	O	18.02	A	-		
788	54	O	18.02	A	-		
788	55	O	18.02	C	-		
788	56	O	18.02	G	-		
788	57	O	18.02	A	-		
788	58	O	18.02	A	-		
788	59	O	18.02	G	-		
788	60	O	18.02	G	-		
788	61	O	18.02	T	-		
788	62	O	18.02	G	-		
788	63	O	18.02	A	-		
788	64	O	18.02	A	-		
788	65	O	18.02	G	-		
788	66	O	18.02	A	-		
788	67	O	18.02	A	-		
788	68	O	18.02	G	-		
788	69	O	18.02	A	-		
788	70	O	18.02	C	-		
788	71	O	18.02	A	-		
788	72	O	18.02	A	-		
788	73	O	18.02	C	-		
788	74	O	18.02	C	-		
788	75	O	18.02	A	-		
788	76	O	18.02	G	-		
788	77	O	18.02	A	-		
788	78	O	18.02	C	-		
788	79	O	18.02	T	-		
788	80	O	18.02	G	-		
788	81	O	18.02	A	-		
788	82	O	18.02	T	-		
788	83	O	18.02	C	-		
788	84	O	18.02	T	-		
788	85	O	18.02	G	-		
788	86	O	18.02	G	-		
788	87	O	18.02	A	-		
788	88	O	18.02	C	-		
788	89	O	18.02	T	-		
788	90	O	18.02	A	-		
788	91	O	18.02	T	-		
788	92	O	18.02	C	-		
788	93	O	18.02	A	-		
788	94	O	18.02	T	-		
788	95	O	18.02	G	-		
788	96	O	18.02	A	-		
788	97	O	18.02	C	-		
788	98	O	18.02	C	-		
788	99	O	18.02	A	-		
788	100	O	18.02	C	-		
788	101	O	18.02	C	-		
788	102	O	18.02	A	-		
788	103	O	18.02	G	-		
788	104	O	18.02	T	-		
788	105	O	18.02	T	-		
788	106	O	18.02	G	-		
788	107	O	18.02	C	-		
788	108	O	18.02	A	-		
788	109	O	18.02	C	-		
789	0	O	9.70	A	-		
789	1	O	9.70	G	-		
789	2	O	9.70	C	-		
789	3	O	9.70	C	-		
789	4	O	9.70	T	-		
789	5	O	9.70	A	-		
789	6	O	9.70	T	-		
789	7	O	9.70	C	-		
789	8	O	9.70	C	-		
789	9	O	9.70	G	-		
789	10	O	9.70	C	-		
789	11	O	9.70	A	-		
789	12	O	9.70	T	-		
789	13	O	9.70	G	-		
789	14	O	9.70	A	-		
789	15	O	9.70	A	-		
789	16	O	9.70	A	-		
789	17	O	9.70	A	-		
789	18	O	9.70	G	-		
789	19	O	9.70	A	-		
789	20	O	9.70	T	-		
789	21	O	9.70	C	-		
789	22	O	9.70	A	-		
789	23	O	9.70	T	-		
789	24	O	9.70	T	-		
789	25	O	9.70	A	-		
789	26	O	9.70	C	-		
789	27	O	9.70	C	-		
789	28	O	9.70	C	-		
789	29	O	9.70	A	-		
789	30	O	9.70	G	-		
789	31	O	9.70	C	-		
789	32	O	9.70	A	-		
789	33	O	9.70	G	-		
789	34	O	9.70	T	-		
789	35	O	9.70	G	-		
789	36	O	9.70	C	-		
789	37	O	9.70	C	-		
789	38	O	9.70	C	-		
789	39	O	9.70	C	-		
789	40	O	9.70	T	-		
789	41	O	9.70	G	-		
789	42	O	9.70	T	-		
789	43	O	9.70	C	-		
789	44	O	9.70	T	-		
789	45	O	9.70	T	-		
789	46	O	9.70	C	-		
789	47	O	9.70	T	-		
789	48	O	9.70	C	-		
789	49	O	9.70	A	-		
789	50	O	9.70	A	-		
789	51	O	9.70	A	-		
789	52	O	9.70	G	-		
789	53	O	9.70	G	-		
789	54	O	9.70	T	-		
789	55	O	9.70	A	-		
789	56	O	9.70	C	-		
789	57	O	9.70	T	-		
789	58	O	9.70	C	-		
789	59	O	9.70	C	-		
789	60	O	9.70	T	-		
789	61	O	9.70	C	-		
789	62	O	9.70	A	-		
789	63	O	9.70	T	-		
789	64	O	9.70	T	-		
789	65	O	9.70	T	-		
789	66	O	9.70	G	-		
789	67	O	9.70	G	-		
789	68	O	9.70	G	-		
789	69	O	9.70	A	-		
789	70	O	9.70	C	-		
789	71	O	9.70	G	-		
789	72	O	9.70	T	-		
789	73	O	9.70	A	-		
789	74	O	9.70	A	-		
789	75	O	9.70	G	-		
789	76	O	9.70	A	-		
789	77	O	9.70	T	-		
789	78	O	9.70	A	-		
789	79	O	9.70	T	-		
789	80	O	9.70	C	-		
789	81	O	9.70	G	-		
789	82	O	9.70	G	-		
789	83	O	9.70	T	-		
789	84	O	9.70	C	-		
789	85	O	9.70	A	-		
789	86	O	9.70	C	-		
789	87	O	9.70	G	-		
789	88	O	9.70	A	-		
789	89	O	9.70	T	-		
789	90	O	9.70	C	-		
789	91	O	9.70	C	-		
789	92	O	9.70	C	-		
789	93	O	9.70	T	-		
789	94	O	9.70	G	-		
789	95	O	9.70	A	-		
789	96	O	9.70	G	-		
789	97	O	9.70	T	-		
789	98	O	9.70	C	-		
789	99	O	9.70	T	-		
789	100	O	9.70	C	-		
789	101	O	9.70	G	-		
789	102	O	9.70	C	-		
789	103	O	9.70	A	-		
789	104	O	9.70	G	-		
789	105	O	9.70	C	-		
789	106	O	9.70	G	-		
789	107	O	9.70	C	-		
789	108	O	9.70	A	-		
789	109	O	9.70	G	-		
790	0	O	5.55	C	-		
790	1	O	5.55	G	-		
790	2	O	5.55	C	-		
790	3	O	5.55	A	-		
790	4	O	5.55	C	-		
790	5	O	5.55	T	-		
790	6	O	5.55	C	-		
790	7	O	5.55	C	-		
790	8	O	5.55	C	-		
790	9	O	5.55	G	-		
790	10	O	5.55	G	-		
790	11	O	5.55	A	-		
790	12	O	5.55	A	-		
790	13	O	5.55	T	-		
790	14	O	5.55	G	-		
790	15	O	5.55	C	-		
790	16	O	5.55	T	-		
790	17	O	5.55	A	-		
790	18	O	5.55	A	-		
790	19	O	5.55	T	-		
790	20	O	5.55	A	-		
790	21	O	5.55	G	-		
790	22	O	5.55	C	-		
790	23	O	5.55	T	-		
790	24	O	5.55	A	-		
790	25	O	5.55	T	-		
790	26	O	5.55	C	-		
790	27	O	5.55	A	-		
790	28	O	5.55	A	-		
790	29	O	5.55	T	-		
790	30	O	5.55	A	-		
790	31	O	5.55	G	-		
790	32	O	5.55	A	-		
790	33	O	5.55	A	-		
790	34	O	5.55	C	-		
790	35	O	5.55	C	-		
790	36	O	5.55	T	-		
790	37	O	5.55	C	-		
790	38	O	5.55	A	-		
790	39	O	5.55	A	-		
790	40	O	5.55	C	-		
790	41	O	5.55	G	-		
790	42	O	5.55	T	-		
790	43	O	5.55	A	-		
790	44	O	5.55	A	-		
790	45	O	5.55	A	-		
790	46	O	5.55	C	-		
790	47	O	5.55	T	-		
790	48	O	5.55	T	-		
790	49	O	5.55	G	-		
790	50	O	5.55	A	-		
790	51	O	5.55	C	-		
790	52	O	5.55	G	-		
790	53	O	5.55	G	-		
790	54	O	5.55	G	-		
790	55	O	5.55	A	-		
790	56	O	5.55	T	-		
790	57	O	5.55	T	-		
790	58	O	5.55	A	-		
790	59	O	5.55	G	-		
790	60	O	5.55	T	-		
790	61	O	5.55	G	-		
790	62	O	5.55	G	-		
790	63	O	5.55	A	-		
790	64	O	5.55	A	-		
790	65	O	5.55	C	-		
790	66	O	5.55	A	-		
790	67	O	5.55	C	-		
790	68	O	5.55	A	-		
790	69	O	5.55	T	-		
790	70	O	5.55	G	-		
790	71	O	5.55	T	-		
790	72	O	5.55	C	-		
790	73	O	5.55	C	-		
790	74	O	5.55	A	-		
790	75	O	5.55	T	-		
790	76	O	5.55	C	-		
790	77	O	5.55	G	-		
790	78	O	5.55	A	-		
790	79	O	5.55	A	-		
790	80	O	5.55	A	-		
790	81	O	5.55	G	-		
790	82	O	5.55	A	-		
790	83	O	5.55	A	-		
790	84	O	5.55	T	-		
790	85	O	5.55	G	-		
790	86	O	5.55	T	-		
790	87	O	5.55	G	-		
790	88	O	5.55	A	-		
790	89	O	5.55	T	-		
790	90	O	5.55	G	-		
790	91	O	5.55	C	-		
790	92	O	5.55	T	-		
790	93	O	5.55	A	-		
790	94	O	5.55	A	-		
790	95	O	5.55	G	-		
790	96	O	5.55	G	-		
790	97	O	5.55	T	-		
790	98	O	5.55	G	-		
790	99	O	5.55	T	-		
790	100	O	5.55	C	-		
790	101	O	5.55	G	-		
790	102	O	5.55	T	-		
790	103	O	5.55	T	-		
790	104	O	5.55	G	-		
790	105	O	5.55	C	-		
790	106	O	5.55	C	-		
790	107	O	5.55	G	-		
790	108	O	5.55	C	-		
790	109	O	5.55	G	-		
791	0	O	6.93	T	-		
791	1	O	6.93	G	-		
791	2	O	6.93	T	-		
791	3	O	6.93	T	-		
791	4	O	6.93	C	-		
791	5	O	6.93	C	-		
791	6	U	-0.27	T	C		
791	7	O	6.93	T	-		
791	8	O	6.93	G	-		
791	9	O	6.93	C	-		
791	10	O	6.93	T	-		
791	11	O	6.93	C	-		
791	12	O	6.93	T	-		
791	13	O	6.93	T	-		
791	14	O	6.93	A	-		
791	15	O	6.93	G	-		
791	16	O	6.93	A	-		
791	17	O	6.93	T	-		
791	18	O	6.93	G	-		
791	19	O	6.93	G	-		
791	20	O	6.93	C	-		
791	21	O	6.93	G	-		
791	22	O	6.93	G	-		
791	23	O	6.93	C	-		
791	24	O	6.93	C	-		
791	25	O	6.93	G	-		
791	26	O	6.93	T	-		
791	27	O	6.93	G	-		
791	28	O	6.93	G	-		
791	29	O	6.93	G	-		
791	30	O	6.93	C	-		
791	31	O	6.93	T	-		
791	32	O	6.93	A	-		
791	33	O	6.93	T	-		
791	34	O	6.93	G	-		
791	35	O	6.93	G	-		
791	36	O	6.93	C	-		
791	37	O	6.93	T	-		
791	38	O	6.93	C	-		
791	39	O	6.93	G	-		
791	40	O	6.93	T	-		
791	41	O	6.93	G	-		
791	42	O	6.93	A	-		
791	43	O	6.93	G	-		
791	44	O	6.93	A	-		
791	45	O	6.93	A	-		
791	46	O	6.93	C	-		
791	47	O	6.93	T	-		
791	48	O	6.93	G	-		
791	49	O	6.93	A	-		
791	50	O	6.93	G	-		
791	51	O	6.93	G	-		
791	52	O	6.93	G	-		
791	53	O	6.93	G	-		
791	54	O	6.93	T	-		
791	55	O	6.93	T	-		
791	56	O	6.93	T	-		
791	57	O	6.93	G	-		
791	58	O	6.93	A	-		
791	59	O	6.93	A	-		
791	60	O	6.93	T	-		
791	61	O	6.93	C	-		
791	62	O	6.93	A	-		
791	63	O	6.93	A	-		
791	64	O	6.93	G	-		
791	65	O	6.93	T	-		
791	66	O	6.93	A	-		
791	67	O	6.93	A	-		
791	68	O	6.93	G	-		
791	69	O	6.93	G	-		
791	70	O	6.93	G	-		
791	71	O	6.93	C	-		
791	72	O	6.93	C	-		
791	73	O	6.93	T	-		
791	74	O	6.93	C	-		
791	75	O	6.93	A	-		
791	76	O	6.93	T	-		
791	77	O	6.93	C	-		
791	78	O	6.93	A	-		
791	79	O	6.93	A	-		
791	80	O	6.93	T	-		
791	81	O	6.93	C	-		
791	82	O	6.93	A	-		
791	83	O	6.93	A	-		
791	84	O	6.93	T	-		
791	85	O	6.93	T	-		
791	86	O	6.93	C	-		
791	87	O	6.93	G	-		
791	88	O	6.93	T	-		
791	89	O	6.93	C	-		
791	90	O	6.93	C	-		
791	91	O	6.93	A	-		
791	92	O	6.93	G	-		
791	93	O	6.93	T	-		
791	94	O	6.93	T	-		
791	95	O	6.93	G	-		
791	96	O	6.93	A	-		
791	97	O	6.93	T	-		
791	98	O	6.93	G	-		
791	99	O	6.93	A	-		
791	100	O	6.93	G	-		
791	101	O	6.93	C	-		
791	102	O	6.93	C	-		
791	103	O	6.93	T	-		
791	104	O	6.93	C	-		
791	105	O	6.93	T	-		
791	106	O	6.93	C	-		
791	107	O	6.93	T	-		
791	108	O	6.93	C	-		
791	109	O	6.93	T	-		
792	0	O	8.32	T	-		
792	1	O	8.32	C	-		
792	2	O	8.32	T	-		
792	3	O	8.32	T	-		
792	4	O	8.32	T	-		
792	5	O	8.32	G	-		
792	6	O	8.32	T	-		
792	7	O	8.32	G	-		
792	8	O	8.32	G	-		
792	9	O	8.32	C	-		
792	10	O	8.32	C	-		
792	11	O	8.32	C	-		
792	12	O	8.32	G	-		
792	13	O	8.32	G	-		
792	14	O	8.32	A	-		
792	15	O	8.32	C	-		
792	16	O	8.32	T	-		
792	17	O	8.32	A	-		
792	18	O	8.32	A	-		
792	19	O	8.32	G	-		
792	20	O	8.32	A	-		
792	21	O	8.32	A	-		
792	22	O	8.32	T	-		
792	23	O	8.32	T	-		
792	24	O	8.32	T	-		
792	25	O	8.32	C	-		
792	26	O	8.32	T	-		
792	27	O	8.32	G	-		
792	28	O	8.32	T	-		
792	29	O	8.32	C	-		
792	30	O	8.32	C	-		
792	31	O	8.32	A	-		
792	32	O	8.32	C	-		
792	33	O	8.32	C	-		
792	34	O	8.32	C	-		
792	35	O	8.32	G	-		
792	36	O	8.32	T	-		
792	37	O	8.32	G	-		
792	38	O	8.32	T	-		
792	39	O	8.32	A	-		
792	40	O	8.32	G	-		
792	41	O	8.32	C	-		
792	42	O	8.32	T	-		
792	43	O	8.32	G	-		
792	44	O	8.32	T	-		
792	45	O	8.32	A	-		
792	46	O	8.32	A	-		
792	47	O	8.32	T	-		
792	48	O	8.32	C	-		
792	49	O	8.32	A	-		
792	50	O	8.32	G	-		
792	51	O	8.32	G	-		
792	52	O	8.32	C	-		
792	53	O	8.32	C	-		
792	54	O	8.32	T	-		
792	55	O	8.32	C	-		
792	56	O	8.32	G	-		
792	57	O	8.32	C	-		
792	58	O	8.32	C	-		
792	59	O	8.32	A	-		
792	60	O	8.32	G	-		
792	61	O	8.32	G	-		
792	62	O	8.32	G	-		
792	63	O	8.32	T	-		
792	64	O	8.32	G	-		
792	65	O	8.32	A	-		
792	66	O	8.32	T	-		
792	67	O	8.32	C	-		
792	68	O	8.32	A	-		
792	69	O	8.32	C	-		
792	70	O	8.32	A	-		
792	71	O	8.32	C	-		
792	72	O	8.32	C	-		
792	73	O	8.32	G	-		
792	74	O	8.32	G	-		
792	75	O	8.32	T	-		
792	76	O	8.32	T	-		
792	77	O	8.32	A	-		
792	78	O	8.32	A	-		
792	79	O	8.32	T	-		
792	80	O	8.32	T	-		
792	81	O	8.32	C	-		
792	82	O	8.32	G	-		
792	83	O	8.32	T	-		
792	84	O	8.32	C	-		
792	85	O	8.32	G	-		
792	86	O	8.32	A	-		
792	87	O	8.32	C	-		
792	88	O	8.32	C	-		
792	89	O	8.32	T	-		
792	90	O	8.32	T	-		
792	91	O	8.32	G	-		
792	92	O	8.32	T	-		
792	93	O	8.32	A	-		
792	94	O	8.32	A	-		
792	95	O	8.32	C	-		
792	96	O	8.32	G	-		
792	97	O	8.32	G	-		
792	98	O	8.32	C	-		
792	99	O	8.32	G	-		
792	100	O	8.32	A	-		
792	101	O	8.32	G	-		
792	102	O	8.32	G	-		
792	103	O	8.32	C	-		
792	104	O	8.32	G	-		
792	105	O	8.32	A	-		
792	106	O	8.32	T	-		
792	107	O	8.32	C	-		
792	108	O	8.32	C	-		
792	109	O	8.32	G	-		
793	0	O	5.55	G	-		
793	1	O	5.55	C	-		
793	2	O	5.55	C	-		
793	3	O	5.55	C	-		
793	4	O	5.55	G	-		
793	5	O	5.55	G	-		
793	6	O	5.55	G	-		
793	7	O	5.55	A	-		
793	8	O	5.55	T	-		
793	9	O	5.55	T	-		
793	10	O	5.55	C	-		
793	11	O	5.55	C	-		
793	12	O	5.55	C	-		
793	13	O	5.55	C	-		
793	14	O	5.55	A	-		
793	15	O	5.55	C	-		
793	16	O	5.55	A	-		
793	17	O	5.55	C	-		
793	18	O	5.55	C	-		
793	19	O	5.55	C	-		
793	20	O	5.55	A	-		
793	21	O	5.55	A	-		
793	22	O	5.55	C	-		
793	23	O	5.55	G	-		
793	24	O	5.55	A	-		
793	25	O	5.55	G	-		
793	26	O	5.55	C	-		
793	27	O	5.55	C	-		
793	28	O	5.55	C	-		
793	29	O	5.55	G	-		
793	30	O	5.55	C	-		
793	31	O	5.55	C	-		
793	32	O	5.55	A	-		
793	33	O	5.55	G	-		
793	34	O	5.55	C	-		
793	35	O	5.55	C	-		
793	36	O	5.55	A	-		
793	37	O	5.55	G	-		
793	38	O	5.55	C	-		
793	39	O	5.55	T	-		
793	40	O	5.55	T	-		
793	41	O	5.55	C	-		
793	42	O	5.55	T	-		
793	43	O	5.55	C	-		
793	44	O	5.55	C	-		
793	45	O	5.55	T	-		
793	46	O	5.55	G	-		
793	47	O	5.55	G	-		
793	48	O	5.55	C	-		
793	49	O	5.55	T	-		
793	50	O	5.55	T	-		
793	51	O	5.55	C	-		
793	52	O	5.55	T	-		
793	53	O	5.55	G	-		
793	54	O	5.55	T	-		
793	55	O	5.55	G	-		
793	56	O	5.55	C	-		
793	57	O	5.55	G	-		
793	58	O	5.55	C	-		
793	59	O	5.55	G	-		
793	60	O	5.55	C	-		
793	61	O	5.55	T	-		
793	62	O	5.55	G	-		
793	63	O	5.55	C	-		
793	64	O	5.55	G	-		
793	65	O	5.55	A	-		
793	66	O	5.55	C	-		
793	67	O	5.55	C	-		
793	68	O	5.55	A	-		
793	69	O	5.55	C	-		
793	70	O	5.55	G	-		
793	71	O	5.55	G	-		
793	72	O	5.55	G	-		
793	73	O	5.55	G	-		
793	74	O	5.55	C	-		
793	75	O	5.55	C	-		
793	76	O	5.55	G	-		
793	77	O	5.55	G	-		
793	78	O	5.55	A	-		
793	79	O	5.55	T	-		
793	80	O	5.55	G	-		
793	81	O	5.55	A	-		
793	82	O	5.55	A	-		
793	83	O	5.55	A	-		
793	84	O	5.55	A	-		
793	85	O	5.55	A	-		
793	86	O	5.55	G	-		
793	87	O	5.55	C	-		
793	88	O	5.55	C	-		
793	89	O	5.55	G	-		
793	90	O	5.55	C	-		
793	91	O	5.55	A	-		
793	92	O	5.55	G	-		
793	93	O	5.55	A	-		
793	94	O	5.55	C	-		
793	95	O	5.55	T	-		
793	96	O	5.55	G	-		
793	97	O	5.55	C	-		
793	98	O	5.55	A	-		
793	99	O	5.55	A	-		
793	100	O	5.55	A	-		
793	101	O	5.55	T	-		
793	102	O	5.55	C	-		
793	103	O	5.55	T	-		
793	104	O	5.55	T	-		
793	105	O	5.55	T	-		
793	106	O	5.55	C	-		
793	107	O	5.55	T	-		
793	108	O	5.55	G	-		
793	109	O	5.55	G	-		
794	0	O	11.09	C	-		
794	1	O	11.09	C	-		
794	2	O	11.09	A	-		
794	3	O	11.09	G	-		
794	4	O	11.09	C	-		
794	5	O	11.09	G	-		
794	6	O	11.09	C	-		
794	7	O	11.09	G	-		
794	8	O	11.09	C	-		
794	9	O	11.09	G	-		
794	10	O	11.09	A	-		
794	11	O	11.09	A	-		
794	12	O	11.09	C	-		
794	13	O	11.09	G	-		
794	14	O	11.09	A	-		
794	15	O	11.09	A	-		
794	16	O	11.09	C	-		
794	17	O	11.09	C	-		
794	18	O	11.09	A	-		
794	19	O	11.09	G	-		
794	20	O	11.09	C	-		
794	21	O	11.09	A	-		
794	22	O	11.09	G	-		
794	23	O	11.09	G	-		
794	24	O	11.09	A	-		
794	25	O	11.09	G	-		
794	26	O	11.09	G	-		
794	27	O	11.09	C	-		
794	28	O	11.09	T	-		
794	29	O	11.09	T	-		
794	30	O	11.09	G	-		
794	31	O	11.09	C	-		
794	32	O	11.09	G	-		
794	33	O	11.09	C	-		
794	34	O	11.09	G	-		
794	35	O	11.09	T	-		
794	36	O	11.09	T	-		
794	37	O	11.09	T	-		
794	38	O	11.09	T	-		
794	39	O	11.09	G	-		
794	40	O	11.09	C	-		
794	41	O	11.09	C	-		
794	42	O	11.09	C	-		
794	43	O	11.09	G	-		
794	44	O	11.09	T	-		
794	45	O	11.09	T	-		
794	46	O	11.09	C	-		
794	47	O	11.09	T	-		
794	48	O	11.09	T	-		
794	49	O	11.09	G	-		
794	50	O	11.09	G	-		
794	51	O	11.09	A	-		
794	52	O	11.09	C	-		
794	53	O	11.09	C	-		
794	54	O	11.09	C	-		
794	55	O	11.09	C	-		
794	56	O	11.09	A	-		
794	57	O	11.09	A	-		
794	58	O	11.09	A	-		
794	59	O	11.09	C	-		
794	60	O	11.09	T	-		
794	61	O	11.09	G	-		
794	62	O	11.09	G	-		
794	63	O	11.09	C	-		
794	64	O	11.09	T	-		
794	65	O	11.09	G	-		
794	66	O	11.09	G	-		
794	67	O	11.09	C	-		
794	68	O	11.09	C	-		
794	69	O	11.09	G	-		
794	70	O	11.09	C	-		
794	71	O	11.09	T	-		
794	72	O	11.09	C	-		
794	73	O	11.09	T	-		
794	74	O	11.09	G	-		
794	75	O	11.09	A	-		
794	76	O	11.09	T	-		
794	77	O	11.09	T	-		
794	78	O	11.09	C	-		
794	79	O	11.09	A	-		
794	80	O	11.09	T	-		
794	81	O	11.09	C	-		
794	82	O	11.09	G	-		
794	83	O	11.09	T	-		
794	84	O	11.09	C	-		
794	85	O	11.09	G	-		
794	86	O	11.09	T	-		
794	87	O	11.09	G	-		
794	88	O	11.09	G	-		
794	89	O	11.09	G	-		
794	90	O	11.09	C	-		
794	91	O	11.09	G	-		
794	92	O	11.09	A	-		
794	93	O	11.09	G	-		
794	94	O	11.09	C	-		
794	95	O	11.09	A	-		
794	96	O	11.09	A	-		
794	97	O	11.09	T	-		
794	98	O	11.09	T	-		
794	99	O	11.09	A	-		
794	100	O	11.09	G	-		
794	101	O	11.09	T	-		
794	102	O	11.09	G	-		
794	103	O	11.09	T	-		
794	104	O	11.09	G	-		
794	105	O	11.09	C	-		
794	106	O	11.09	C	-		
794	107	O	11.09	A	-		
794	108	O	11.09	G	-		
794	109	O	11.09	A	-		
795	0	O	5.55	T	-		
795	1	O	5.55	G	-		
795	2	O	5.55	T	-		
795	3	O	5.55	C	-		
795	4	O	5.55	T	-		
795	5	O	5.55	C	-		
795	6	O	5.55	G	-		
795	7	O	5.55	C	-		
795	8	O	5.55	A	-		
795	9	O	5.55	A	-		
795	10	O	5.55	T	-		
795	11	O	5.55	G	-		
795	12	O	5.55	T	-		
795	13	O	5.55	C	-		
795	14	O	5.55	A	-		
795	15	O	5.55	C	-		
795	16	O	5.55	C	-		
795	17	O	5.55	G	-		
795	18	O	5.55	C	-		
795	19	O	5.55	T	-		
795	20	O	5.55	T	-		
795	21	O	5.55	C	-		
795	22	O	5.55	T	-		
795	23	O	5.55	T	-		
795	24	O	5.55	T	-		
795	25	O	5.55	G	-		
795	26	O	5.55	G	-		
795	27	O	5.55	A	-		
795	28	O	5.55	G	-		
795	29	O	5.55	A	-		
795	30	O	5.55	C	-		
795	31	O	5.55	A	-		
795	32	O	5.55	T	-		
795	33	O	5.55	T	-		
795	34	O	5.55	C	-		
795	35	O	5.55	G	-		
795	36	O	5.55	G	-		
795	37	O	5.55	C	-		
795	38	O	5.55	G	-		
795	39	O	5.55	A	-		
795	40	O	5.55	G	-		
795	41	O	5.55	T	-		
795	42	O	5.55	T	-		
795	43	O	5.55	C	-		
795	44	O	5.55	A	-		
795	45	O	5.55	G	-		
795	46	O	5.55	C	-		
795	47	O	5.55	T	-		
795	48	O	5.55	G	-		
795	49	O	5.55	A	-		
795	50	O	5.55	G	-		
795	51	O	5.55	C	-		
795	52	O	5.55	G	-		
795	53	O	5.55	A	-		
795	54	O	5.55	T	-		
795	55	O	5.55	C	-		
795	56	O	5.55	A	-		
795	57	O	5.55	T	-		
795	58	O	5.55	C	-		
795	59	O	5.55	G	-		
795	60	O	5.55	G	-		
795	61	O	5.55	G	-		
795	62	O	5.55	T	-		
795	63	O	5.55	G	-		
795	64	O	5.55	A	-		
795	65	O	5.55	C	-		
795	66	O	5.55	G	-		
795	67	O	5.55	T	-		
795	68	O	5.55	A	-		
795	69	O	5.55	A	-		
795	70	O	5.55	A	-		
795	71	O	5.55	A	-		
795	72	O	5.55	A	-		
795	73	O	5.55	C	-		
795	74	O	5.55	G	-		
795	75	O	5.55	C	-		
795	76	O	5.55	C	-		
795	77	O	5.55	A	-		
795	78	O	5.55	A	-		
795	79	O	5.55	G	-		
795	80	O	5.55	A	-		
795	81	O	5.55	C	-		
795	82	O	5.55	C	-		
795	83	O	5.55	C	-		
795	84	O	5.55	T	-		
795	85	O	5.55	T	-		
795	86	O	5.55	G	-		
795	87	O	5.55	G	-		
795	88	O	5.55	T	-		
795	89	O	5.55	C	-		
795	90	O	5.55	C	-		
795	91	O	5.55	T	-		
795	92	O	5.55	C	-		
795	93	O	5.55	C	-		
795	94	O	5.55	C	-		
795	95	O	5.55	G	-		
795	96	O	5.55	T	-		
795	97	O	5.55	A	-		
795	98	O	5.55	C	-		
795	99	O	5.55	A	-		
795	100	O	5.55	G	-		
795	101	O	5.55	T	-		
795	102	O	5.55	C	-		
795	103	O	5.55	G	-		
795	104	O	5.55	T	-		
795	105	O	5.55	C	-		
795	106	O	5.55	T	-		
795	107	O	5.55	G	-		
795	108	O	5.55	C	-		
795	109	O	5.55	G	-		
796	0	O	9.70	T	-		
796	1	O	9.70	T	-		
796	2	U	0.00	-	-		
796	3	U	0.00	-	-		
796	4	U	0.00	-	-		
796	5	U	0.00	-	-		
796	6	U	0.00	-	-		
796	7	U	0.00	-	-		
796	8	U	0.00	-	-		
796	9	U	0.00	-	-		
796	10	O	9.70	C	-		
796	11	O	9.70	A	-		
796	12	O	9.70	A	-		
796	13	O	9.70	G	-		
796	14	O	9.70	C	-		
796	15	O	9.70	A	-		
796	16	O	9.70	G	-		
796	17	O	9.70	T	-		
796	18	O	9.70	T	-		
796	19	O	9.70	C	-		
796	20	O	9.70	A	-		
796	21	O	9.70	C	-		
796	22	O	9.70	G	-		
796	23	O	9.70	T	-		
796	24	O	9.70	G	-		
796	25	O	9.70	C	-		
796	26	O	9.70	C	-		
796	27	O	9.70	C	-		
796	28	O	9.70	A	-		
796	29	O	9.70	C	-		
796	30	O	9.70	A	-		
796	31	O	9.70	A	-		
796	32	O	9.70	G	-		
796	33	O	9.70	A	-		
796	34	O	9.70	C	-		
796	35	O	9.70	T	-		
796	36	O	9.70	T	-		
796	37	O	9.70	C	-		
796	38	O	9.70	T	-		
796	39	O	9.70	C	-		
796	40	O	9.70	G	-		
796	41	O	9.70	T	-		
796	42	O	9.70	G	-		
796	43	O	9.70	C	-		
796	44	O	9.70	T	-		
796	45	O	9.70	G	-		
796	46	O	9.70	C	-		
796	47	O	9.70	G	-		
796	48	O	9.70	A	-		
796	49	O	9.70	G	-		
796	50	O	9.70	G	-		
796	51	O	9.70	C	-		
796	52	O	9.70	T	-		
796	53	O	9.70	T	-		
796	54	O	9.70	G	-		
796	55	O	9.70	C	-		
796	56	O	9.70	T	-		
796	57	O	9.70	G	-		
796	58	O	9.70	C	-		
796	59	O	9.70	G	-		
796	60	O	9.70	A	-		
796	61	O	9.70	C	-		
796	62	O	9.70	G	-		
796	63	O	9.70	A	-		
796	64	O	9.70	A	-		
796	65	O	9.70	T	-		
796	66	O	9.70	T	-		
796	67	O	9.70	C	-		
796	68	O	9.70	T	-		
796	69	O	9.70	G	-		
796	70	O	9.70	A	-		
796	71	O	9.70	C	-		
796	72	O	9.70	T	-		
796	73	O	9.70	C	-		
796	74	O	9.70	T	-		
796	75	O	9.70	G	-		
796	76	O	9.70	C	-		
796	77	O	9.70	G	-		
796	78	O	9.70	G	-		
796	79	O	9.70	T	-		
796	80	O	9.70	T	-		
796	81	O	9.70	G	-		
796	82	O	9.70	A	-		
796	83	O	9.70	G	-		
796	84	O	9.70	C	-		
796	85	O	9.70	C	-		
796	86	O	9.70	A	-		
796	87	O	9.70	G	-		
796	88	O	9.70	A	-		
796	89	O	9.70	G	-		
796	90	O	9.70	A	-		
796	91	O	9.70	C	-		
796	92	O	9.70	A	-		
796	93	O	9.70	C	-		
796	94	O	9.70	G	-		
796	95	O	9.70	T	-		
796	96	O	9.70	G	-		
796	97	O	9.70	C	-		
796	98	O	9.70	C	-		
796	99	O	9.70	T	-		
796	100	O	9.70	G	-		
796	101	O	9.70	C	-		
796	102	O	9.70	T	-		
796	103	O	9.70	T	-		
796	104	O	9.70	G	-		
796	105	O	9.70	A	-		
796	106	O	9.70	C	-		
796	107	O	9.70	A	-		
796	108	O	9.70	G	-		
796	109	O	9.70	A	-		
796	110	U	0.00	-	-		
796	111	U	0.00	-	-		
796	112	U	0.00	-	-		
796	113	U	0.00	-	-		
796	114	U	0.00	-	-		
796	115	U	0.00	-	-		
796	116	U	0.00	-	-		
796	117	U	0.00	-	-		
797	0	O	6.93	T	-		
797	1	O	6.93	G	-		
797	2	O	6.93	T	-		
797	3	O	6.93	T	-		
797	4	O	6.93	C	-		
797	5	O	6.93	G	-		
797	6	O	6.93	T	-		
797	7	O	6.93	C	-		
797	8	O	6.93	G	-		
797	9	O	6.93	A	-		
797	10	U	-0.27	A	G		
797	11	O	6.93	C	-		
797	12	O	6.93	A	-		
797	13	O	6.93	G	-		
797	14	O	6.93	G	-		
797	15	O	6.93	T	-		
797	16	O	6.93	T	-		
797	17	O	6.93	C	-		
797	18	O	6.93	C	-		
797	19	O	6.93	G	-		
797	20	O	6.93	T	-		
797	21	O	6.93	G	-		
797	22	O	6.93	C	-		
797	23	O	6.93	C	-		
797	24	O	6.93	C	-		
797	25	O	6.93	A	-		
797	26	O	6.93	A	-		
797	27	O	6.93	G	-		
797	28	O	6.93	C	-		
797	29	O	6.93	C	-		
797	30	O	6.93	G	-		
797	31	O	6.93	A	-		
797	32	O	6.93	G	-		
797	33	O	6.93	A	-		
797	34	O	6.93	C	-		
797	35	O	6.93	G	-		
797	36	O	6.93	G	-		
797	37	O	6.93	T	-		
797	38	O	6.93	C	-		
797	39	O	6.93	A	-		
797	40	O	6.93	G	-		
797	41	O	6.93	C	-		
797	42	O	6.93	T	-		
797	43	O	6.93	T	-		
797	44	O	6.93	C	-		
797	45	O	6.93	T	-		
797	46	O	6.93	G	-		
797	47	O	6.93	C	-		
797	48	O	6.93	C	-		
797	49	O	6.93	C	-		
797	50	O	6.93	C	-		
797	51	O	6.93	C	-		
797	52	O	6.93	C	-		
797	53	O	6.93	C	-		
797	54	O	6.93	G	-		
797	55	O	6.93	A	-		
797	56	O	6.93	A	-		
797	57	U	-0.27	C	A		
797	58	O	6.93	C	-		
797	59	O	6.93	C	-		
797	60	O	6.93	A	-		
797	61	O	6.93	T	-		
797	62	O	6.93	C	-		
797	63	O	6.93	G	-		
797	64	O	6.93	A	-		
797	65	O	6.93	A	-		
797	66	O	6.93	A	-		
797	67	O	6.93	T	-		
797	68	O	6.93	A	-		
797	69	O	6.93	T	-		
797	70	O	6.93	C	-		
797	71	O	6.93	G	-		
797	72	O	6.93	G	-		
797	73	O	6.93	C	-		
797	74	O	6.93	C	-		
797	75	O	6.93	A	-		
797	76	O	6.93	G	-		
797	77	O	6.93	C	-		
797	78	O	6.93	G	-		
797	79	O	6.93	C	-		
797	80	O	6.93	A	-		
797	81	O	6.93	A	-		
797	82	O	6.93	T	-		
797	83	O	6.93	G	-		
797	84	O	6.93	C	-		
797	85	O	6.93	G	-		
797	86	O	6.93	C	-		
797	87	O	6.93	G	-		
797	88	O	6.93	C	-		
797	89	O	6.93	A	-		
797	90	O	6.93	T	-		
797	91	O	6.93	T	-		
797	92	O	6.93	G	-		
797	93	O	6.93	A	-		
797	94	O	6.93	C	-		
797	95	O	6.93	G	-		
797	96	O	6.93	A	-		
797	97	O	6.93	C	-		
797	98	O	6.93	A	-		
797	99	O	6.93	A	-		
797	100	O	6.93	A	-		
797	101	O	6.93	C	-		
797	102	O	6.93	G	-		
797	103	O	6.93	A	-		
797	104	O	6.93	G	-		
797	105	O	6.93	G	-		
797	106	O	6.93	C	-		
797	107	O	6.93	A	-		
797	108	O	6.93	T	-		
797	109	O	6.93	C	-		
798	0	O	6.93	A	-		
798	1	O	6.93	A	-		
798	2	O	6.93	T	-		
798	3	O	6.93	G	-		
798	4	O	6.93	T	-		
798	5	O	6.93	A	-		
798	6	O	6.93	C	-		
798	7	O	6.93	T	-		
798	8	O	6.93	T	-		
798	9	O	6.93	A	-		
798	10	O	6.93	C	-		
798	11	O	6.93	A	-		
798	12	O	6.93	A	-		
798	13	O	6.93	G	-		
798	14	O	6.93	G	-		
798	15	O	6.93	A	-		
798	16	O	6.93	C	-		
798	17	O	6.93	A	-		
798	18	O	6.93	A	-		
798	19	O	6.93	T	-		
798	20	O	6.93	G	-		
798	21	O	6.93	A	-		
798	22	O	6.93	T	-		
798	23	O	6.93	G	-		
798	24	O	6.93	A	-		
798	25	O	6.93	T	-		
798	26	O	6.93	C	-		
798	27	O	6.93	C	-		
798	28	O	6.93	A	-		
798	29	O	6.93	T	-		
798	30	O	6.93	G	-		
798	31	O	6.93	A	-		
798	32	O	6.93	G	-		
798	33	O	6.93	C	-		
798	34	O	6.93	A	-		
798	35	O	6.93	A	-		
798	36	O	6.93	C	-		
798	37	O	6.93	A	-		
798	38	O	6.93	C	-		
798	39	O	6.93	A	-		
798	40	O	6.93	C	-		
798	41	O	6.93	A	-		
798	42	O	6.93	C	-		
798	43	O	6.93	C	-		
798	44	O	6.93	G	-		
798	45	O	6.93	C	-		
798	46	O	6.93	T	-		
798	47	O	6.93	T	-		
798	48	O	6.93	A	-		
798	49	O	6.93	C	-		
798	50	O	6.93	A	-		
798	51	O	6.93	C	-		
798	52	O	6.93	A	-		
798	53	O	6.93	C	-		
798	54	O	6.93	T	-		
798	55	O	6.93	G	-		
798	56	O	6.93	A	-		
798	57	O	6.93	A	-		
798	58	O	6.93	C	-		
798	59	O	6.93	A	-		
798	60	O	6.93	A	-		
798	61	O	6.93	T	-		
798	62	O	6.93	G	-		
798	63	O	6.93	A	-		
798	64	O	6.93	T	-		
798	65	O	6.93	G	-		
798	66	O	6.93	T	-		
798	67	O	6.93	G	-		
798	68	O	6.93	T	-		
798	69	O	6.93	A	-		
798	70	O	6.93	C	-		
798	71	O	6.93	G	-		
798	72	O	6.93	T	-		
798	73	O	6.93	T	-		
798	74	O	6.93	C	-		
798	75	O	6.93	C	-		
798	76	O	6.93	G	-		
798	77	O	6.93	G	-		
798	78	O	6.93	T	-		
798	79	O	6.93	T	-		
798	80	O	6.93	T	-		
798	81	O	6.93	C	-		
798	82	O	6.93	G	-		
798	83	O	6.93	G	-		
798	84	O	6.93	T	-		
798	85	O	6.93	C	-		
798	86	O	6.93	C	-		
798	87	O	6.93	A	-		
798	88	O	6.93	T	-		
798	89	O	6.93	C	-		
798	90	O	6.93	A	-		
798	91	O	6.93	C	-		
798	92	O	6.93	A	-		
798	93	O	6.93	T	-		
798	94	O	6.93	T	-		
798	95	O	6.93	T	-		
798	96	O	6.93	C	-		
798	97	O	6.93	C	-		
798	98	O	6.93	T	-		
798	99	O	6.93	A	-		
798	100	O	6.93	C	-		
798	101	O	6.93	A	-		
798	102	O	6.93	C	-		
798	103	O	6.93	C	-		
798	104	O	6.93	T	-		
798	105	O	6.93	C	-		
798	106	O	6.93	C	-		
798	107	O	6.93	T	-		
798	108	O	6.93	C	-		
798	109	O	6.93	A	-		
799	0	O	20.79	T	-		
799	1	O	20.79	A	-		
799	2	O	20.79	C	-		
799	3	O	20.79	G	-		
799	4	O	20.79	A	-		
799	5	O	20.79	G	-		
799	6	O	20.79	A	-		
799	7	O	20.79	A	-		
799	8	O	20.79	G	-		
799	9	O	20.79	C	-		
799	10	O	20.79	T	-		
799	11	O	20.79	C	-		
799	12	O	20.79	A	-		
799	13	O	20.79	G	-		
799	14	O	20.79	T	-		
799	15	O	20.79	T	-		
799	16	O	20.79	A	-		
799	17	O	20.79	G	-		
799	18	O	20.79	C	-		
799	19	O	20.79	G	-		
799	20	O	20.79	C	-		
799	21	O	20.79	A	-		
799	22	O	20.79	A	-		
799	23	O	20.79	T	-		
799	24	O	20.79	A	-		
799	25	O	20.79	C	-		
799	26	O	20.79	A	-		
799	27	O	20.79	A	-		
799	28	O	20.79	A	-		
799	29	O	20.79	C	-		
799	30	O	20.79	T	-		
799	31	O	20.79	A	-		
799	32	O	20.79	T	-		
799	33	O	20.79	A	-		
799	34	O	20.79	T	-		
799	35	O	20.79	A	-		
799	36	O	20.79	T	-		
799	37	O	20.79	T	-		
799	38	O	20.79	G	-		
799	39	O	20.79	G	-		
799	40	O	20.79	T	-		
799	41	O	11.25	T	-		
799	42	O	20.79	G	-		
799	43	O	20.79	G	-		
799	44	O	20.79	T	-		
799	45	O	20.79	G	-		
799	46	O	20.79	A	-		
799	47	O	20.79	G	-		
799	48	O	20.79	G	-		
799	49	O	20.79	A	-		
799	50	O	20.79	G	-		
799	51	O	20.79	G	-		
799	52	O	20.79	A	-		
799	53	O	20.79	A	-		
799	54	O	20.79	A	-		
799	55	O	20.79	T	-		
799	56	O	20.79	G	-		
799	57	O	20.79	A	-		
799	58	O	20.79	A	-		
799	59	O	20.79	A	-		
799	60	O	20.79	A	-		
799	61	O	20.79	C	-		
799	62	O	20.79	T	-		
799	63	O	20.79	G	-		
799	64	O	20.79	G	-		
799	65	O	20.79	A	-		
799	66	O	20.79	C	-		
799	67	O	20.79	A	-		
799	68	O	20.79	G	-		
799	69	O	20.79	G	-		
799	70	O	20.79	T	-		
799	71	O	20.79	A	-		
799	72	O	20.79	A	-		
799	73	O	20.79	C	-		
799	74	O	20.79	A	-		
799	75	O	20.79	T	-		
799	76	O	20.79	C	-		
799	77	O	20.79	C	-		
799	78	O	20.79	A	-		
799	79	O	20.79	T	-		
799	80	O	20.79	G	-		
799	81	O	20.79	C	-		
799	82	O	20.79	A	-		
799	83	O	20.79	C	-		
799	84	O	20.79	T	-		
799	85	O	20.79	T	-		
799	86	O	20.79	A	-		
799	87	O	20.79	T	-		
799	88	O	20.79	G	-		
799	89	O	20.79	T	-		
799	90	O	20.79	T	-		
799	91	O	20.79	G	-		
799	92	O	20.79	A	-		
799	93	O	20.79	A	-		
799	94	O	20.79	T	-		
799	95	O	20.79	A	-		
799	96	O	20.79	C	-		
799	97	O	20.79	A	-		
799	98	O	20.79	G	-		
799	99	O	20.79	T	-		
799	100	O	20.79	A	-		
799	101	O	20.79	T	-		
799	102	O	20.79	T	-		
799	103	O	20.79	A	-		
799	104	O	20.79	T	-		
799	105	O	20.79	T	-		
799	106	O	20.79	A	-		
799	107	O	20.79	T	-		
799	108	O	20.79	T	-		
799	109	O	20.79	C	-		
800	0	O	11.09	T	-		
800	1	O	11.09	A	-		
800	2	O	11.09	C	-		
800	3	O	11.09	A	-		
800	4	O	11.09	A	-		
800	5	O	11.09	T	-		
800	6	O	11.09	A	-		
800	7	O	11.09	A	-		
800	8	O	11.09	C	-		
800	9	O	11.09	T	-		
800	10	O	11.09	A	-		
800	11	O	11.09	C	-		
800	12	O	11.09	C	-		
800	13	O	11.09	T	-		
800	14	O	11.09	G	-		
800	15	O	11.09	C	-		
800	16	O	11.09	T	-		
800	17	O	11.09	T	-		
800	18	O	11.09	C	-		
800	19	O	11.09	A	-		
800	20	O	11.09	C	-		
800	21	O	11.09	C	-		
800	22	O	11.09	C	-		
800	23	O	11.09	C	-		
800	24	O	11.09	A	-		
800	25	O	11.09	T	-		
800	26	O	11.09	A	-		
800	27	O	11.09	T	-		
800	28	O	11.09	T	-		
800	29	O	11.09	C	-		
800	30	O	11.09	C	-		
800	31	O	11.09	A	-		
800	32	O	11.09	T	-		
800	33	O	11.09	C	-		
800	34	O	11.09	T	-		
800	35	O	11.09	A	-		
800	36	O	11.09	C	-		
800	37	O	11.09	C	-		
800	38	O	11.09	C	-		
800	39	O	11.09	T	-		
800	40	O	11.09	C	-		
800	41	O	11.09	A	-		
800	42	O	11.09	A	-		
800	43	O	11.09	T	-		
800	44	O	11.09	T	-		
800	45	O	11.09	T	-		
800	46	O	11.09	C	-		
800	47	O	11.09	T	-		
800	48	O	11.09	C	-		
800	49	O	11.09	C	-		
800	50	O	11.09	T	-		
800	51	O	11.09	T	-		
800	52	O	11.09	G	-		
800	53	O	11.09	A	-		
800	54	O	11.09	T	-		
800	55	O	11.09	A	-		
800	56	O	11.09	T	-		
800	57	O	11.09	G	-		
800	58	O	11.09	T	-		
800	59	O	11.09	G	-		
800	60	O	11.09	T	-		
800	61	O	11.09	A	-		
800	62	O	11.09	T	-		
800	63	O	11.09	T	-		
800	64	O	11.09	A	-		
800	65	O	11.09	T	-		
800	66	O	11.09	T	-		
800	67	O	11.09	G	-		
800	68	O	11.09	C	-		
800	69	O	11.09	C	-		
800	70	O	11.09	A	-		
800	71	O	11.09	A	-		
800	72	O	11.09	A	-		
800	73	O	11.09	T	-		
800	74	O	11.09	G	-		
800	75	O	11.09	T	-		
800	76	O	11.09	G	-		
800	77	O	11.09	T	-		
800	78	O	11.09	C	-		
800	79	O	11.09	A	-		
800	80	O	11.09	C	-		
800	81	O	11.09	A	-		
800	82	O	11.09	G	-		
800	83	O	11.09	T	-		
800	84	O	11.09	C	-		
800	85	O	11.09	T	-		
800	86	O	11.09	T	-		
800	87	O	11.09	C	-		
800	88	O	11.09	T	-		
800	89	O	11.09	T	-		
800	90	O	11.09	C	-		
800	91	O	11.09	C	-		
800	92	O	11.09	T	-		
800	93	O	11.09	C	-		
800	94	O	11.09	T	-		
800	95	O	11.09	G	-		
800	96	O	11.09	G	-		
800	97	O	11.09	T	-		
800	98	O	11.09	A	-		
800	99	O	11.09	G	-		
800	100	O	11.09	G	-		
800	101	O	11.09	G	-		
800	102	O	11.09	T	-		
800	103	O	11.09	G	-		
800	104	O	11.09	A	-		
800	105	O	11.09	A	-		
800	106	O	11.09	T	-		
800	107	O	11.09	G	-		
800	108	O	11.09	G	-		
800	109	O	11.09	A	-		
801	0	O	5.55	C	-		
801	1	O	5.55	G	-		
801	2	O	5.55	A	-		
801	3	O	5.55	T	-		
801	4	O	5.55	C	-		
801	5	O	5.55	G	-		
801	6	O	5.55	T	-		
801	7	O	5.55	G	-		
801	8	O	5.55	T	-		
801	9	O	5.55	C	-		
801	10	O	5.55	C	-		
801	11	O	5.55	C	-		
801	12	O	5.55	G	-		
801	13	O	5.55	C	-		
801	14	O	5.55	C	-		
801	15	O	5.55	G	-		
801	16	O	5.55	C	-		
801	17	O	5.55	A	-		
801	18	O	5.55	G	-		
801	19	O	5.55	C	-		
801	20	O	5.55	G	-		
801	21	O	5.55	C	-		
801	22	O	5.55	G	-		
801	23	O	5.55	A	-		
801	24	O	5.55	T	-		
801	25	O	5.55	G	-		
801	26	O	5.55	A	-		
801	27	O	5.55	C	-		
801	28	O	5.55	C	-		
801	29	O	5.55	T	-		
801	30	O	5.55	C	-		
801	31	O	5.55	G	-		
801	32	O	5.55	C	-		
801	33	O	5.55	G	-		
801	34	O	5.55	G	-		
801	35	O	5.55	G	-		
801	36	O	5.55	G	-		
801	37	O	5.55	C	-		
801	38	O	5.55	G	-		
801	39	O	5.55	A	-		
801	40	O	5.55	G	-		
801	41	O	5.55	G	-		
801	42	O	5.55	C	-		
801	43	O	5.55	C	-		
801	44	O	5.55	T	-		
801	45	O	5.55	T	-		
801	46	O	5.55	T	-		
801	47	O	5.55	G	-		
801	48	O	5.55	C	-		
801	49	O	5.55	C	-		
801	50	O	5.55	A	-		
801	51	O	5.55	G	-		
801	52	O	5.55	G	-		
801	53	O	5.55	T	-		
801	54	O	5.55	C	-		
801	55	O	5.55	G	-		
801	56	O	5.55	G	-		
801	57	O	5.55	C	-		
801	58	O	5.55	C	-		
801	59	O	5.55	A	-		
801	60	O	5.55	C	-		
801	61	O	5.55	G	-		
801	62	O	5.55	C	-		
801	63	O	5.55	T	-		
801	64	O	5.55	C	-		
801	65	O	5.55	C	-		
801	66	O	5.55	C	-		
801	67	O	5.55	G	-		
801	68	O	5.55	C	-		
801	69	O	5.55	C	-		
801	70	O	5.55	G	-		
801	71	O	5.55	G	-		
801	72	O	5.55	G	-		
801	73	O	5.55	A	-		
801	74	O	5.55	C	-		
801	75	O	5.55	G	-		
801	76	O	5.55	T	-		
801	77	O	5.55	C	-		
801	78	O	5.55	G	-		
801	79	O	5.55	G	-		
801	80	O	5.55	A	-		
801	81	O	5.55	C	-		
801	82	O	5.55	C	-		
801	83	O	5.55	A	-		
801	84	O	5.55	G	-		
801	85	O	5.55	A	-		
801	86	O	5.55	A	-		
801	87	O	5.55	T	-		
801	88	O	5.55	G	-		
801	89	O	5.55	C	-		
801	90	O	5.55	A	-		
801	91	O	5.55	C	-		
801	92	O	5.55	C	-		
801	93	O	5.55	C	-		
801	94	O	5.55	G	-		
801	95	O	5.55	G	-		
801	96	O	5.55	C	-		
801	97	O	5.55	A	-		
801	98	O	5.55	T	-		
801	99	O	5.55	C	-		
801	100	O	5.55	G	-		
801	101	O	5.55	G	-		
801	102	O	5.55	T	-		
801	103	O	5.55	G	-		
801	104	O	5.55	C	-		
801	105	O	5.55	C	-		
801	106	O	5.55	G	-		
801	107	O	5.55	T	-		
801	108	O	5.55	A	-		
801	109	O	5.55	G	-		
802	0	O	26.34	T	-		
802	1	O	26.34	G	-		
802	2	O	26.34	T	-		
802	3	O	26.34	G	-		
802	4	O	26.34	A	-		
802	5	O	26.34	T	-		
802	6	O	26.34	T	-		
802	7	O	26.34	C	-		
802	8	O	26.34	G	-		
802	9	O	26.34	C	-		
802	10	O	26.34	C	-		
802	11	O	26.34	A	-		
802	12	O	26.34	G	-		
802	13	O	26.34	C	-		
802	14	O	26.34	T	-		
802	15	O	26.34	G	-		
802	16	O	26.34	A	-		
802	17	O	26.34	T	-		
802	18	O	26.34	G	-		
802	19	O	26.34	G	-		
802	20	O	26.34	C	-		
802	21	O	26.34	G	-		
802	22	O	26.34	G	-		
802	23	O	26.34	C	-		
802	24	O	26.34	A	-		
802	25	O	26.34	A	-		
802	26	O	26.34	G	-		
802	27	O	26.34	T	-		
802	28	O	26.34	C	-		
802	29	O	26.34	T	-		
802	30	O	26.34	G	-		
802	31	O	26.34	T	-		
802	32	O	16.31	C	-		
802	33	O	26.34	T	-		
802	34	O	26.34	T	-		
802	35	O	26.34	G	-		
802	36	O	26.34	G	-		
802	37	O	26.34	C	-		
802	38	O	26.34	T	-		
802	39	O	26.34	G	-		
802	40	O	26.34	C	-		
802	41	O	26.34	T	-		
802	42	O	26.34	G	-		
802	43	O	26.34	T	-		
802	44	O	16.31	C	-		
802	45	O	26.34	G	-		
802	46	O	26.34	T	-		
802	47	O	26.34	T	-		
802	48	O	26.34	C	-		
802	49	O	26.34	A	-		
802	50	O	26.34	T	-		
802	51	O	26.34	C	-		
802	52	O	26.34	T	-		
802	53	O	26.34	G	-		
802	54	O	26.34	G	-		
802	55	O	26.34	A	-		
802	56	O	26.34	A	-		
802	57	O	26.34	A	-		
802	58	U	1.29	T	C		
802	59	O	26.34	C	-		
802	60	O	26.34	A	-		
802	61	O	26.34	C	-		
802	62	O	26.34	T	-		
802	63	O	26.34	T	-		
802	64	O	26.34	C	-		
802	65	O	26.34	G	-		
802	66	O	26.34	A	-		
802	67	O	26.34	G	-		
802	68	O	26.34	A	-		
802	69	O	26.34	G	-		
802	70	O	26.34	G	-		
802	71	O	26.34	C	-		
802	72	O	26.34	T	-		
802	73	O	26.34	C	-		
802	74	O	26.34	C	-		
802	75	O	26.34	A	-		
802	76	O	26.34	A	-		
802	77	O	26.34	C	-		
802	78	O	26.34	A	-		
802	79	O	26.34	C	-		
802	80	E	-6.55	A	T		
802	81	O	26.34	T	-		
802	82	O	26.34	C	-		
802	83	O	26.34	G	-		
802	84	O	26.34	A	-		
802	85	O	26.34	T	-		
802	86	O	26.34	G	-		
802	87	O	26.34	C	-		
802	88	O	26.34	A	-		
802	89	O	26.34	C	-		
802	90	O	26.34	C	-		
802	91	O	26.34	T	-		
802	92	O	26.34	C	-		
802	93	O	26.34	G	-		
802	94	O	26.34	T	-		
802	95	O	26.34	C	-		
802	96	O	26.34	T	-		
802	97	O	26.34	T	-		
802	98	O	26.34	G	-		
802	99	O	26.34	T	-		
802	100	O	26.34	G	-		
802	101	O	26.34	T	-		
802	102	O	26.34	A	-		
802	103	O	26.34	A	-		
802	104	O	26.34	C	-		
802	105	O	26.34	G	-		
802	106	O	26.34	A	-		
802	107	O	26.34	G	-		
802	108	O	26.34	A	-		
802	109	O	16.31	G	-		
803	0	O	12.48	A	-		
803	1	O	12.48	T	-		
803	2	O	12.48	C	-		
803	3	O	12.48	A	-		
803	4	O	12.48	A	-		
803	5	O	12.48	T	-		
803	6	O	12.48	T	-		
803	7	O	12.48	G	-		
803	8	O	12.48	C	-		
803	9	O	12.48	A	-		
803	10	O	12.48	T	-		
803	11	O	12.48	T	-		
803	12	O	12.48	G	-		
803	13	O	12.48	C	-		
803	14	O	12.48	G	-		
803	15	O	12.48	C	-		
803	16	O	12.48	G	-		
803	17	O	12.48	G	-		
803	18	O	12.48	A	-		
803	19	O	12.48	C	-		
803	20	O	12.48	A	-		
803	21	O	12.48	A	-		
803	22	O	12.48	C	-		
803	23	O	12.48	G	-		
803	24	O	12.48	C	-		
803	25	O	12.48	G	-		
803	26	O	12.48	C	-		
803	27	O	12.48	A	-		
803	28	O	12.48	T	-		
803	29	O	12.48	A	-		
803	30	O	12.48	G	-		
803	31	O	12.48	C	-		
803	32	O	12.48	G	-		
803	33	O	12.48	T	-		
803	34	O	12.48	T	-		
803	35	O	12.48	C	-		
803	36	O	12.48	G	-		
803	37	O	12.48	C	-		
803	38	O	12.48	A	-		
803	39	O	12.48	C	-		
803	40	O	12.48	G	-		
803	41	O	12.48	A	-		
803	42	O	12.48	G	-		
803	43	O	12.48	T	-		
803	44	O	12.48	G	-		
803	45	O	12.48	G	-		
803	46	O	12.48	T	-		
803	47	O	12.48	G	-		
803	48	O	12.48	G	-		
803	49	O	12.48	G	-		
803	50	O	12.48	T	-		
803	51	O	12.48	G	-		
803	52	O	12.48	C	-		
803	53	O	12.48	G	-		
803	54	O	12.48	T	-		
803	55	O	12.48	C	-		
803	56	O	12.48	G	-		
803	57	O	12.48	A	-		
803	58	O	12.48	A	-		
803	59	O	12.48	G	-		
803	60	O	12.48	T	-		
803	61	O	12.48	T	-		
803	62	O	12.48	G	-		
803	63	O	12.48	A	-		
803	64	O	12.48	A	-		
803	65	O	12.48	G	-		
803	66	O	12.48	G	-		
803	67	O	12.48	T	-		
803	68	O	12.48	T	-		
803	69	O	12.48	T	-		
803	70	O	12.48	G	-		
803	71	O	12.48	C	-		
803	72	O	12.48	A	-		
803	73	O	12.48	C	-		
803	74	O	12.48	A	-		
803	75	O	12.48	A	-		
803	76	O	12.48	G	-		
803	77	O	12.48	C	-		
803	78	O	12.48	T	-		
803	79	O	12.48	C	-		
803	80	O	12.48	C	-		
803	81	O	12.48	G	-		
803	82	O	12.48	G	-		
803	83	O	12.48	A	-		
803	84	O	12.48	G	-		
803	85	O	12.48	C	-		
803	86	O	12.48	A	-		
803	87	O	12.48	T	-		
803	88	O	12.48	T	-		
803	89	O	12.48	C	-		
803	90	O	12.48	G	-		
803	91	O	12.48	G	-		
803	92	O	12.48	T	-		
803	93	O	12.48	T	-		
803	94	O	12.48	T	-		
803	95	O	12.48	G	-		
803	96	O	12.48	C	-		
803	97	O	12.48	G	-		
803	98	O	12.48	A	-		
803	99	O	12.48	C	-		
803	100	O	12.48	T	-		
803	101	O	12.48	C	-		
803	102	O	12.48	A	-		
803	103	O	12.48	C	-		
803	104	O	12.48	G	-		
803	105	O	12.48	G	-		
803	106	O	12.48	C	-		
803	107	O	12.48	G	-		
803	108	O	12.48	A	-		
803	109	O	12.48	A	-		
804	0	O	18.02	G	-		
804	1	O	18.02	G	-		
804	2	O	18.02	C	-		
804	3	O	18.02	G	-		
804	4	O	18.02	G	-		
804	5	O	18.02	C	-		
804	6	O	18.02	C	-		
804	7	O	18.02	G	-		
804	8	O	18.02	G	-		
804	9	O	18.02	C	-		
804	10	O	18.02	C	-		
804	11	O	18.02	G	-		
804	12	O	18.02	G	-		
804	13	O	18.02	G	-		
804	14	O	18.02	C	-		
804	15	O	18.02	G	-		
804	16	O	18.02	A	-		
804	17	O	18.02	G	-		
804	18	O	18.02	G	-		
804	19	O	18.02	C	-		
804	20	O	18.02	C	-		
804	21	O	18.02	G	-		
804	22	O	18.02	C	-		
804	23	O	18.02	G	-		
804	24	O	18.02	A	-		
804	25	O	18.02	A	-		
804	26	O	18.02	T	-		
804	27	O	18.02	G	-		
804	28	O	18.02	A	-		
804	29	O	18.02	G	-		
804	30	O	18.02	G	-		
804	31	O	18.02	A	-		
804	32	O	18.02	T	-		
804	33	O	18.02	G	-		
804	34	O	18.02	G	-		
804	35	O	18.02	A	-		
804	36	O	18.02	C	-		
804	37	O	18.02	G	-		
804	38	O	18.02	C	-		
804	39	O	18.02	G	-		
804	40	O	18.02	C	-		
804	41	O	18.02	G	-		
804	42	O	18.02	A	-		
804	43	O	18.02	G	-		
804	44	O	18.02	C	-		
804	45	O	18.02	G	-		
804	46	O	18.02	C	-		
804	47	O	18.02	C	-		
804	48	O	18.02	A	-		
804	49	O	18.02	G	-		
804	50	O	18.02	C	-		
804	51	O	18.02	C	-		
804	52	O	18.02	T	-		
804	53	O	18.02	G	-		
804	54	O	18.02	G	-		
804	55	O	18.02	C	-		
804	56	O	18.02	G	-		
804	57	O	18.02	A	-		
804	58	O	18.02	A	-		
804	59	O	18.02	A	-		
804	60	O	18.02	G	-		
804	61	O	18.02	G	-		
804	62	O	18.02	T	-		
804	63	O	18.02	C	-		
804	64	O	18.02	G	-		
804	65	O	18.02	T	-		
804	66	O	18.02	A	-		
804	67	O	18.02	A	-		
804	68	O	18.02	A	-		
804	69	O	18.02	T	-		
804	70	O	18.02	C	-		
804	71	O	18.02	A	-		
804	72	O	18.02	G	-		
804	73	O	18.02	T	-		
804	74	O	18.02	C	-		
804	75	O	18.02	G	-		
804	76	O	18.02	G	-		
804	77	O	18.02	G	-		
804	78	O	18.02	C	-		
804	79	O	18.02	G	-		
804	80	O	18.02	G	-		
804	81	O	18.02	C	-		
804	82	O	18.02	A	-		
804	83	O	18.02	A	-		
804	84	O	18.02	T	-		
804	85	O	18.02	T	-		
804	86	O	18.02	T	-		
804	87	O	18.02	A	-		
804	88	O	18.02	G	-		
804	89	O	18.02	C	-		
804	90	O	18.02	T	-		
804	91	O	18.02	G	-		
804	92	O	18.02	T	-		
804	93	O	18.02	T	-		
804	94	O	18.02	C	-		
804	95	O	18.02	C	-		
804	96	O	18.02	G	-		
804	97	O	18.02	C	-		
804	98	O	18.02	T	-		
804	99	O	18.02	T	-		
804	100	O	18.02	C	-		
804	101	O	18.02	C	-		
804	102	O	18.02	G	-		
804	103	O	18.02	A	-		
804	104	O	18.02	C	-		
804	105	O	18.02	T	-		
804	106	O	18.02	T	-		
804	107	O	18.02	G	-		
804	108	O	18.02	G	-		
804	109	O	18.02	C	-		
805	0	O	8.32	T	-		
805	1	O	8.32	C	-		
805	2	O	8.32	T	-		
805	3	O	8.32	T	-		
805	4	O	8.32	T	-		
805	5	O	8.32	T	-		
805	6	O	8.32	T	-		
805	7	O	8.32	G	-		
805	8	O	8.32	G	-		
805	9	O	8.32	A	-		
805	10	O	8.32	A	-		
805	11	O	8.32	C	-		
805	12	O	8.32	T	-		
805	13	O	8.32	T	-		
805	14	O	8.32	C	-		
805	15	O	8.32	T	-		
805	16	O	8.32	T	-		
805	17	O	8.32	T	-		
805	18	O	8.32	G	-		
805	19	O	8.32	T	-		
805	20	O	8.32	T	-		
805	21	O	8.32	T	-		
805	22	O	8.32	C	-		
805	23	O	8.32	T	-		
805	24	O	8.32	T	-		
805	25	O	8.32	T	-		
805	26	O	8.32	G	-		
805	27	O	8.32	T	-		
805	28	O	8.32	C	-		
805	29	O	8.32	A	-		
805	30	O	8.32	G	-		
805	31	O	8.32	T	-		
805	32	O	8.32	A	-		
805	33	O	8.32	G	-		
805	34	O	8.32	A	-		
805	35	O	8.32	G	-		
805	36	O	8.32	T	-		
805	37	O	8.32	T	-		
805	38	O	8.32	G	-		
805	39	O	8.32	T	-		
805	40	O	8.32	C	-		
805	41	O	8.32	T	-		
805	42	O	8.32	T	-		
805	43	O	8.32	C	-		
805	44	O	8.32	A	-		
805	45	O	8.32	C	-		
805	46	O	8.32	C	-		
805	47	O	8.32	A	-		
805	48	O	8.32	A	-		
805	49	O	8.32	A	-		
805	50	O	8.32	G	-		
805	51	O	8.32	G	-		
805	52	O	8.32	A	-		
805	53	O	8.32	A	-		
805	54	O	8.32	A	-		
805	55	O	8.32	C	-		
805	56	O	8.32	T	-		
805	57	O	8.32	G	-		
805	58	O	8.32	A	-		
805	59	O	8.32	A	-		
805	60	O	8.32	G	-		
805	61	O	8.32	A	-		
805	62	O	8.32	C	-		
805	63	O	8.32	A	-		
805	64	O	8.32	T	-		
805	65	O	8.32	T	-		
805	66	O	8.32	T	-		
805	67	O	8.32	T	-		
805	68	O	8.32	G	-		
805	69	O	8.32	A	-		
805	70	O	8.32	G	-		
805	71	O	8.32	A	-		
805	72	O	8.32	G	-		
805	73	O	8.32	T	-		
805	74	O	8.32	G	-		
805	75	O	8.32	G	-		
805	76	O	8.32	A	-		
805	77	O	8.32	G	-		
805	78	O	8.32	A	-		
805	79	O	8.32	A	-		
805	80	O	8.32	A	-		
805	81	O	8.32	T	-		
805	82	O	8.32	T	-		
805	83	O	8.32	G	-		
805	84	O	8.32	C	-		
805	85	O	8.32	A	-		
805	86	O	8.32	T	-		
805	87	O	8.32	A	-		
805	88	O	8.32	G	-		
805	89	O	8.32	A	-		
805	90	O	8.32	A	-		
805	91	O	8.32	G	-		
805	92	O	8.32	A	-		
805	93	O	8.32	C	-		
805	94	O	8.32	C	-		
805	95	O	8.32	A	-		
805	96	O	8.32	C	-		
805	97	O	8.32	T	-		
805	98	O	8.32	G	-		
805	99	O	8.32	T	-		
805	100	O	8.32	T	-		
805	101	O	8.32	T	-		
805	102	O	8.32	A	-		
805	103	O	8.32	T	-		
805	104	O	8.32	T	-		
805	105	O	8.32	T	-		
805	106	O	8.32	A	-		
805	107	O	8.32	C	-		
805	108	O	8.32	C	-		
805	109	O	8.32	T	-		
806	0	O	13.86	A	-		
806	1	O	13.86	G	-		
806	2	O	13.86	A	-		
806	3	O	13.86	A	-		
806	4	O	13.86	C	-		
806	5	O	13.86	A	-		
806	6	O	13.86	G	-		
806	7	O	13.86	G	-		
806	8	O	13.86	A	-		
806	9	O	13.86	G	-		
806	10	O	13.86	T	-		
806	11	O	13.86	T	-		
806	12	O	13.86	C	-		
806	13	O	13.86	A	-		
806	14	O	13.86	C	-		
806	15	O	13.86	T	-		
806	16	O	13.86	G	-		
806	17	O	13.86	C	-		
806	18	O	13.86	A	-		
806	19	O	13.86	A	-		
806	20	O	13.86	A	-		
806	21	O	13.86	A	-		
806	22	O	13.86	T	-		
806	23	O	13.86	A	-		
806	24	O	13.86	A	-		
806	25	O	13.86	A	-		
806	26	O	13.86	A	-		
806	27	O	13.86	A	-		
806	28	O	13.86	T	-		
806	29	O	13.86	G	-		
806	30	O	13.86	C	-		
806	31	O	13.86	A	-		
806	32	O	13.86	A	-		
806	33	O	13.86	C	-		
806	34	O	13.86	C	-		
806	35	O	13.86	A	-		
806	36	O	13.86	T	-		
806	37	O	13.86	G	-		
806	38	O	13.86	T	-		
806	39	O	13.86	A	-		
806	40	O	13.86	C	-		
806	41	O	13.86	A	-		
806	42	O	13.86	A	-		
806	43	O	13.86	T	-		
806	44	O	13.86	G	-		
806	45	O	13.86	G	-		
806	46	O	13.86	C	-		
806	47	O	13.86	A	-		
806	48	O	13.86	G	-		
806	49	O	13.86	A	-		
806	50	O	13.86	A	-		
806	51	O	13.86	A	-		
806	52	O	13.86	A	-		
806	53	O	13.86	T	-		
806	54	O	13.86	T	-		
806	55	O	13.86	G	-		
806	56	O	13.86	C	-		
806	57	O	13.86	T	-		
806	58	O	13.86	A	-		
806	59	O	13.86	A	-		
806	60	O	13.86	G	-		
806	61	O	13.86	A	-		
806	62	O	13.86	G	-		
806	63	O	13.86	T	-		
806	64	O	13.86	A	-		
806	65	O	13.86	A	-		
806	66	O	13.86	A	-		
806	67	O	13.86	T	-		
806	68	O	13.86	A	-		
806	69	O	13.86	A	-		
806	70	O	13.86	A	-		
806	71	O	13.86	A	-		
806	72	O	13.86	C	-		
806	73	O	13.86	A	-		
806	74	O	13.86	C	-		
806	75	O	13.86	A	-		
806	76	O	13.86	C	-		
806	77	O	13.86	T	-		
806	78	O	13.86	T	-		
806	79	O	13.86	A	-		
806	80	O	13.86	T	-		
806	81	O	13.86	G	-		
806	82	O	13.86	G	-		
806	83	O	13.86	T	-		
806	84	O	13.86	G	-		
806	85	O	13.86	T	-		
806	86	O	13.86	T	-		
806	87	O	13.86	G	-		
806	88	O	13.86	T	-		
806	89	O	13.86	G	-		
806	90	O	13.86	C	-		
806	91	O	13.86	A	-		
806	92	O	13.86	T	-		
806	93	O	13.86	A	-		
806	94	O	13.86	A	-		
806	95	O	13.86	G	-		
806	96	O	13.86	T	-		
806	97	O	13.86	G	-		
806	98	O	13.86	T	-		
806	99	O	13.86	T	-		
806	100	O	13.86	T	-		
806	101	O	13.86	A	-		
806	102	O	13.86	A	-		
806	103	O	13.86	C	-		
806	104	O	13.86	A	-		
806	105	O	13.86	A	-		
806	106	O	13.86	A	-		
806	107	O	13.86	A	-		
806	108	O	13.86	T	-		
806	109	O	13.86	A	-		
807	0	O	22.18	C	-		
807	1	O	22.18	G	-		
807	2	O	22.18	A	-		
807	3	O	22.18	A	-		
807	4	O	22.18	G	-		
807	5	O	22.18	T	-		
807	6	O	22.18	C	-		
807	7	O	22.18	C	-		
807	8	O	22.18	G	-		
807	9	O	22.18	A	-		
807	10	O	22.18	C	-		
807	11	O	22.18	A	-		
807	12	O	22.18	A	-		
807	13	O	22.18	G	-		
807	14	O	22.18	C	-		
807	15	O	22.18	T	-		
807	16	O	22.18	G	-		
807	17	O	22.18	C	-		
807	18	O	22.18	T	-		
807	19	O	22.18	G	-		
807	20	O	22.18	A	-		
807	21	O	22.18	A	-		
807	22	O	22.18	G	-		
807	23	O	22.18	G	-		
807	24	O	22.18	A	-		
807	25	O	22.18	C	-		
807	26	O	22.18	A	-		
807	27	O	22.18	C	-		
807	28	O	22.18	C	-		
807	29	O	22.18	T	-		
807	30	O	22.18	T	-		
807	31	O	22.18	C	-		
807	32	O	22.18	G	-		
807	33	O	22.18	C	-		
807	34	O	22.18	C	-		
807	35	O	12.50	C	-		
807	36	O	22.18	G	-		
807	37	O	22.18	G	-		
807	38	O	22.18	C	-		
807	39	O	22.18	T	-		
807	40	O	22.18	G	-		
807	41	O	22.18	A	-		
807	42	O	22.18	C	-		
807	43	O	22.18	C	-		
807	44	O	22.18	C	-		
807	45	O	22.18	C	-		
807	46	O	22.18	G	-		
807	47	O	22.18	T	-		
807	48	O	22.18	G	-		
807	49	O	22.18	G	-		
807	50	O	22.18	C	-		
807	51	O	22.18	A	-		
807	52	O	22.18	G	-		
807	53	O	22.18	A	-		
807	54	O	22.18	A	-		
807	55	O	22.18	G	-		
807	56	O	22.18	A	-		
807	57	O	22.18	C	-		
807	58	O	22.18	G	-		
807	59	O	22.18	C	-		
807	60	O	22.18	A	-		
807	61	O	22.18	G	-		
807	62	O	22.18	G	-		
807	63	O	22.18	T	-		
807	64	O	22.18	C	-		
807	65	O	22.18	G	-		
807	66	O	22.18	C	-		
807	67	O	22.18	G	-		
807	68	O	22.18	C	-		
807	69	O	22.18	G	-		
807	70	O	22.18	C	-		
807	71	O	22.18	C	-		
807	72	O	22.18	A	-		
807	73	O	22.18	T	-		
807	74	O	22.18	C	-		
807	75	O	22.18	C	-		
807	76	O	22.18	G	-		
807	77	O	22.18	G	-		
807	78	O	22.18	A	-		
807	79	O	22.18	A	-		
807	80	O	22.18	C	-		
807	81	O	22.18	G	-		
807	82	O	22.18	T	-		
807	83	O	22.18	C	-		
807	84	O	22.18	C	-		
807	85	O	22.18	G	-		
807	86	O	22.18	C	-		
807	87	O	22.18	A	-		
807	88	O	22.18	C	-		
807	89	O	22.18	T	-		
807	90	O	22.18	T	-		
807	91	O	22.18	C	-		
807	92	O	22.18	A	-		
807	93	O	22.18	A	-		
807	94	O	22.18	G	-		
807	95	O	22.18	G	-		
807	96	O	22.18	A	-		
807	97	O	22.18	T	-		
807	98	O	22.18	T	-		
807	99	O	22.18	A	-		
807	100	O	22.18	C	-		
807	101	O	22.18	G	-		
807	102	O	22.18	T	-		
807	103	O	22.18	C	-		
807	104	O	22.18	G	-		
807	105	O	22.18	C	-		
807	106	O	22.18	C	-		
807	107	O	22.18	G	-		
807	108	O	22.18	C	-		
807	109	O	22.18	G	-		
808	0	O	9.70	G	-		
808	1	O	9.70	G	-		
808	2	O	9.70	C	-		
808	3	O	9.70	T	-		
808	4	O	9.70	T	-		
808	5	O	9.70	G	-		
808	6	O	9.70	A	-		
808	7	O	9.70	G	-		
808	8	O	9.70	A	-		
808	9	O	9.70	C	-		
808	10	O	9.70	T	-		
808	11	O	9.70	G	-		
808	12	O	9.70	C	-		
808	13	O	9.70	A	-		
808	14	O	9.70	G	-		
808	15	O	9.70	A	-		
808	16	O	9.70	T	-		
808	17	O	9.70	C	-		
808	18	O	9.70	C	-		
808	19	O	9.70	G	-		
808	20	O	9.70	C	-		
808	21	O	9.70	C	-		
808	22	O	9.70	A	-		
808	23	O	9.70	G	-		
808	24	O	9.70	G	-		
808	25	O	9.70	A	-		
808	26	O	9.70	A	-		
808	27	O	9.70	G	-		
808	28	O	9.70	C	-		
808	29	O	9.70	A	-		
808	30	O	9.70	A	-		
808	31	O	9.70	T	-		
808	32	O	9.70	C	-		
808	33	O	9.70	C	-		
808	34	O	9.70	A	-		
808	35	O	9.70	G	-		
808	36	O	9.70	G	-		
808	37	O	9.70	G	-		
808	38	O	9.70	C	-		
808	39	O	9.70	G	-		
808	40	O	9.70	A	-		
808	41	O	9.70	C	-		
808	42	O	9.70	G	-		
808	43	O	9.70	T	-		
808	44	O	9.70	C	-		
808	45	O	9.70	T	-		
808	46	O	9.70	C	-		
808	47	O	9.70	C	-		
808	48	O	9.70	T	-		
808	49	O	9.70	T	-		
808	50	O	9.70	G	-		
808	51	O	9.70	G	-		
808	52	O	9.70	C	-		
808	53	O	9.70	C	-		
808	54	O	9.70	G	-		
808	55	O	9.70	A	-		
808	56	O	9.70	C	-		
808	57	O	9.70	C	-		
808	58	O	9.70	A	-		
808	59	O	9.70	A	-		
808	60	O	9.70	G	-		
808	61	O	9.70	C	-		
808	62	O	9.70	C	-		
808	63	O	9.70	G	-		
808	64	O	9.70	T	-		
808	65	O	9.70	T	-		
808	66	O	9.70	T	-		
808	67	O	9.70	T	-		
808	68	U	1.77	C	A		
808	69	O	9.70	G	-		
808	70	O	9.70	A	-		
808	71	O	9.70	A	-		
808	72	O	9.70	G	-		
808	73	O	9.70	C	-		
808	74	O	9.70	G	-		
808	75	O	9.70	T	-		
808	76	O	9.70	A	-		
808	77	O	9.70	C	-		
808	78	O	9.70	T	-		
808	79	O	9.70	T	-		
808	80	O	9.70	C	-		
808	81	O	9.70	G	-		
808	82	O	9.70	G	-		
808	83	O	9.70	C	-		
808	84	O	9.70	G	-		
808	85	O	9.70	A	-		
808	86	O	9.70	C	-		
808	87	O	9.70	C	-		
808	88	O	9.70	G	-		
808	89	U	1.77	C	G		
808	90	O	9.70	T	-		
808	91	O	9.70	A	-		
808	92	O	9.70	C	-		
808	93	O	9.70	C	-		
808	94	O	9.70	A	-		
808	95	O	9.70	T	-		
808	96	O	9.70	C	-		
808	97	O	9.70	G	-		
808	98	O	9.70	C	-		
808	99	U	1.77	C	G		
808	100	O	9.70	C	-		
808	101	O	9.70	T	-		
808	102	O	9.70	A	-		
808	103	O	9.70	C	-		
808	104	O	9.70	C	-		
808	105	O	9.70	T	-		
808	106	O	9.70	C	-		
808	107	O	9.70	G	-		
808	108	O	9.70	C	-		
808	109	O	9.70	C	-		
809	0	O	6.93	T	-		
809	1	O	6.93	T	-		
809	2	O	6.93	A	-		
809	3	O	6.93	T	-		
809	4	O	6.93	C	-		
809	5	O	6.93	A	-		
809	6	O	6.93	C	-		
809	7	O	6.93	A	-		
809	8	O	6.93	A	-		
809	9	O	6.93	A	-		
809	10	O	6.93	A	-		
809	11	O	6.93	G	-		
809	12	O	6.93	T	-		
809	13	O	6.93	T	-		
809	14	O	6.93	T	-		
809	15	O	6.93	G	-		
809	16	O	6.93	T	-		
809	17	O	6.93	G	-		
809	18	O	6.93	C	-		
809	19	O	6.93	A	-		
809	20	O	6.93	A	-		
809	21	O	6.93	C	-		
809	22	O	6.93	A	-		
809	23	O	6.93	A	-		
809	24	O	6.93	T	-		
809	25	O	6.93	T	-		
809	26	O	6.93	G	-		
809	27	O	6.93	G	-		
809	28	O	6.93	C	-		
809	29	O	6.93	T	-		
809	30	O	6.93	T	-		
809	31	O	6.93	T	-		
809	32	O	6.93	A	-		
809	33	O	6.93	C	-		
809	34	O	6.93	C	-		
809	35	O	6.93	T	-		
809	36	O	6.93	T	-		
809	37	O	6.93	C	-		
809	38	O	6.93	C	-		
809	39	O	6.93	G	-		
809	40	O	6.93	G	-		
809	41	O	6.93	T	-		
809	42	O	6.93	C	-		
809	43	O	6.93	A	-		
809	44	O	6.93	G	-		
809	45	O	6.93	G	-		
809	46	O	6.93	C	-		
809	47	O	6.93	A	-		
809	48	O	6.93	A	-		
809	49	O	6.93	G	-		
809	50	O	6.93	A	-		
809	51	O	6.93	A	-		
809	52	O	6.93	A	-		
809	53	O	6.93	T	-		
809	54	O	6.93	A	-		
809	55	O	6.93	G	-		
809	56	O	6.93	G	-		
809	57	O	6.93	A	-		
809	58	O	6.93	T	-		
809	59	O	6.93	A	-		
809	60	O	6.93	A	-		
809	61	O	6.93	C	-		
809	62	O	6.93	A	-		
809	63	O	6.93	A	-		
809	64	O	6.93	C	-		
809	65	O	6.93	G	-		
809	66	O	6.93	T	-		
809	67	O	6.93	A	-		
809	68	O	6.93	G	-		
809	69	O	6.93	C	-		
809	70	O	6.93	T	-		
809	71	O	6.93	G	-		
809	72	O	6.93	C	-		
809	73	O	6.93	G	-		
809	74	O	6.93	T	-		
809	75	O	6.93	A	-		
809	76	O	6.93	A	-		
809	77	O	6.93	C	-		
809	78	O	6.93	T	-		
809	79	O	6.93	T	-		
809	80	O	6.93	G	-		
809	81	O	6.93	C	-		
809	82	O	6.93	G	-		
809	83	O	6.93	G	-		
809	84	O	6.93	T	-		
809	85	O	6.93	T	-		
809	86	O	6.93	G	-		
809	87	O	6.93	T	-		
809	88	O	6.93	G	-		
809	89	O	6.93	C	-		
809	90	O	6.93	C	-		
809	91	O	6.93	A	-		
809	92	O	6.93	A	-		
809	93	O	6.93	A	-		
809	94	O	6.93	G	-		
809	95	O	6.93	C	-		
809	96	O	6.93	T	-		
809	97	O	6.93	A	-		
809	98	O	6.93	A	-		
809	99	O	6.93	A	-		
809	100	O	6.93	T	-		
809	101	O	6.93	G	-		
809	102	O	6.93	T	-		
809	103	O	6.93	G	-		
809	104	O	6.93	G	-		
809	105	O	6.93	C	-		
809	106	O	6.93	T	-		
809	107	O	6.93	C	-		
809	108	O	6.93	A	-		
809	109	O	6.93	A	-		
810	0	O	8.32	T	-		
810	1	O	8.32	T	-		
810	2	O	8.32	C	-		
810	3	O	8.32	T	-		
810	4	O	8.32	T	-		
810	5	O	8.32	C	-		
810	6	O	8.32	A	-		
810	7	O	8.32	C	-		
810	8	O	8.32	G	-		
810	9	O	8.32	T	-		
810	10	O	8.32	C	-		
810	11	O	8.32	A	-		
810	12	O	8.32	A	-		
810	13	O	8.32	G	-		
810	14	O	8.32	T	-		
810	15	O	8.32	T	-		
810	16	O	8.32	G	-		
810	17	O	8.32	A	-		
810	18	O	8.32	A	-		
810	19	O	8.32	A	-		
810	20	O	8.32	T	-		
810	21	O	8.32	A	-		
810	22	O	8.32	A	-		
810	23	O	8.32	G	-		
810	24	O	8.32	G	-		
810	25	O	8.32	G	-		
810	26	O	8.32	C	-		
810	27	O	8.32	C	-		
810	28	O	8.32	A	-		
810	29	O	8.32	C	-		
810	30	O	8.32	T	-		
810	31	O	8.32	T	-		
810	32	O	8.32	T	-		
810	33	O	8.32	T	-		
810	34	O	8.32	T	-		
810	35	O	8.32	G	-		
810	36	O	8.32	A	-		
810	37	O	8.32	T	-		
810	38	O	8.32	T	-		
810	39	O	8.32	G	-		
810	40	O	8.32	C	-		
810	41	O	8.32	A	-		
810	42	O	8.32	G	-		
810	43	O	8.32	C	-		
810	44	O	8.32	C	-		
810	45	O	8.32	A	-		
810	46	O	8.32	A	-		
810	47	O	8.32	G	-		
810	48	O	8.32	G	-		
810	49	O	8.32	C	-		
810	50	O	8.32	A	-		
810	51	O	8.32	A	-		
810	52	O	8.32	G	-		
810	53	O	8.32	A	-		
810	54	O	8.32	A	-		
810	55	O	8.32	T	-		
810	56	O	8.32	G	-		
810	57	O	8.32	C	-		
810	58	O	8.32	C	-		
810	59	O	8.32	A	-		
810	60	O	8.32	C	-		
810	61	O	8.32	G	-		
810	62	O	8.32	A	-		
810	63	O	8.32	A	-		
810	64	O	8.32	T	-		
810	65	O	8.32	G	-		
810	66	O	8.32	G	-		
810	67	O	8.32	T	-		
810	68	O	8.32	G	-		
810	69	O	8.32	T	-		
810	70	O	8.32	T	-		
810	71	O	8.32	T	-		
810	72	O	8.32	A	-		
810	73	O	8.32	G	-		
810	74	O	8.32	C	-		
810	75	O	8.32	A	-		
810	76	O	8.32	A	-		
810	77	O	8.32	C	-		
810	78	O	8.32	C	-		
810	79	O	8.32	T	-		
810	80	O	8.32	G	-		
810	81	O	8.32	G	-		
810	82	O	8.32	G	-		
810	83	O	8.32	G	-		
810	84	O	8.32	C	-		
810	85	O	8.32	A	-		
810	86	O	8.32	A	-		
810	87	O	8.32	A	-		
810	88	O	8.32	T	-		
810	89	O	8.32	C	-		
810	90	O	8.32	T	-		
810	91	O	8.32	T	-		
810	92	O	8.32	T	-		
810	93	O	8.32	C	-		
810	94	O	8.32	C	-		
810	95	O	8.32	C	-		
810	96	O	8.32	C	-		
810	97	O	8.32	T	-		
810	98	O	8.32	A	-		
810	99	O	8.32	T	-		
810	100	O	8.32	C	-		
810	101	O	8.32	T	-		
810	102	O	8.32	C	-		
810	103	O	8.32	T	-		
810	104	O	8.32	A	-		
810	105	O	8.32	A	-		
810	106	O	8.32	A	-		
810	107	O	8.32	T	-		
810	108	O	8.32	G	-		
810	109	O	8.32	G	-		
811	0	O	8.32	T	-		
811	1	O	8.32	C	-		
811	2	O	8.32	G	-		
811	3	O	8.32	A	-		
811	4	O	8.32	G	-		
811	5	O	8.32	T	-		
811	6	O	8.32	G	-		
811	7	O	8.32	G	-		
811	8	O	8.32	C	-		
811	9	O	8.32	T	-		
811	10	O	8.32	C	-		
811	11	O	8.32	C	-		
811	12	O	8.32	A	-		
811	13	O	8.32	G	-		
811	14	O	8.32	C	-		
811	15	O	8.32	T	-		
811	16	O	8.32	T	-		
811	17	O	8.32	G	-		
811	18	O	8.32	C	-		
811	19	O	8.32	G	-		
811	20	O	8.32	G	-		
811	21	O	8.32	C	-		
811	22	O	8.32	T	-		
811	23	O	8.32	C	-		
811	24	O	8.32	G	-		
811	25	O	8.32	C	-		
811	26	O	8.32	T	-		
811	27	O	8.32	G	-		
811	28	O	8.32	G	-		
811	29	O	8.32	T	-		
811	30	O	8.32	A	-		
811	31	O	8.32	T	-		
811	32	O	8.32	A	-		
811	33	O	8.32	G	-		
811	34	O	8.32	G	-		
811	35	O	8.32	T	-		
811	36	O	8.32	G	-		
811	37	O	8.32	C	-		
811	38	O	8.32	G	-		
811	39	O	8.32	C	-		
811	40	O	8.32	T	-		
811	41	O	8.32	C	-		
811	42	O	8.32	G	-		
811	43	O	8.32	A	-		
811	44	O	8.32	C	-		
811	45	O	8.32	A	-		
811	46	O	8.32	G	-		
811	47	O	8.32	G	-		
811	48	O	8.32	C	-		
811	49	O	8.32	A	-		
811	50	O	8.32	G	-		
811	51	O	8.32	A	-		
811	52	O	8.32	C	-		
811	53	O	8.32	G	-		
811	54	O	8.32	T	-		
811	55	O	8.32	C	-		
811	56	O	8.32	A	-		
811	57	O	8.32	G	-		
811	58	O	8.32	C	-		
811	59	O	8.32	G	-		
811	60	O	8.32	C	-		
811	61	O	8.32	C	-		
811	62	O	8.32	G	-		
811	63	O	8.32	C	-		
811	64	O	8.32	C	-		
811	65	O	8.32	T	-		
811	66	O	8.32	G	-		
811	67	O	8.32	C	-		
811	68	O	8.32	T	-		
811	69	O	8.32	C	-		
811	70	O	8.32	G	-		
811	71	O	8.32	C	-		
811	72	O	8.32	C	-		
811	73	O	8.32	T	-		
811	74	O	8.32	G	-		
811	75	O	8.32	G	-		
811	76	O	8.32	C	-		
811	77	O	8.32	A	-		
811	78	O	8.32	G	-		
811	79	O	8.32	C	-		
811	80	O	8.32	G	-		
811	81	O	8.32	C	-		
811	82	O	8.32	A	-		
811	83	O	8.32	G	-		
811	84	O	8.32	A	-		
811	85	O	8.32	G	-		
811	86	O	8.32	A	-		
811	87	O	8.32	G	-		
811	88	O	8.32	T	-		
811	89	O	8.32	T	-		
811	90	O	8.32	T	-		
811	91	O	8.32	G	-		
811	92	O	8.32	G	-		
811	93	O	8.32	C	-		
811	94	O	8.32	C	-		
811	95	O	8.32	G	-		
811	96	O	8.32	A	-		
811	97	O	8.32	T	-		
811	98	O	8.32	T	-		
811	99	O	8.32	C	-		
811	100	O	8.32	T	-		
811	101	O	8.32	A	-		
811	102	O	8.32	G	-		
811	103	O	8.32	G	-		
811	104	O	8.32	A	-		
811	105	O	8.32	T	-		
811	106	O	8.32	C	-		
811	107	O	8.32	A	-		
811	108	O	8.32	T	-		
811	109	O	8.32	A	-		
812	0	O	6.93	T	-		
812	1	O	6.93	A	-		
812	2	O	6.93	G	-		
812	3	O	6.93	T	-		
812	4	O	6.93	T	-		
812	5	O	6.93	G	-		
812	6	O	6.93	T	-		
812	7	O	6.93	G	-		
812	8	O	6.93	C	-		
812	9	O	6.93	T	-		
812	10	O	6.93	C	-		
812	11	O	6.93	C	-		
812	12	O	6.93	A	-		
812	13	O	6.93	T	-		
812	14	O	6.93	C	-		
812	15	O	6.93	A	-		
812	16	O	6.93	C	-		
812	17	O	6.93	T	-		
812	18	O	6.93	G	-		
812	19	O	6.93	A	-		
812	20	O	6.93	G	-		
812	21	O	6.93	C	-		
812	22	O	6.93	G	-		
812	23	O	6.93	C	-		
812	24	O	6.93	C	-		
812	25	O	6.93	T	-		
812	26	O	6.93	G	-		
812	27	O	6.93	A	-		
812	28	O	6.93	T	-		
812	29	O	6.93	C	-		
812	30	O	6.93	T	-		
812	31	O	6.93	T	-		
812	32	O	6.93	C	-		
812	33	O	6.93	T	-		
812	34	O	6.93	C	-		
812	35	O	6.93	G	-		
812	36	O	6.93	C	-		
812	37	O	6.93	T	-		
812	38	O	6.93	G	-		
812	39	O	6.93	A	-		
812	40	O	6.93	T	-		
812	41	O	6.93	C	-		
812	42	O	6.93	A	-		
812	43	O	6.93	G	-		
812	44	O	6.93	C	-		
812	45	O	6.93	T	-		
812	46	O	6.93	C	-		
812	47	O	6.93	G	-		
812	48	O	6.93	G	-		
812	49	O	6.93	C	-		
812	50	O	6.93	C	-		
812	51	O	6.93	G	-		
812	52	O	6.93	A	-		
812	53	O	6.93	G	-		
812	54	O	6.93	C	-		
812	55	O	6.93	T	-		
812	56	O	6.93	C	-		
812	57	O	6.93	A	-		
812	58	O	6.93	G	-		
812	59	O	6.93	C	-		
812	60	O	6.93	T	-		
812	61	O	6.93	G	-		
812	62	O	6.93	G	-		
812	63	O	6.93	G	-		
812	64	O	6.93	C	-		
812	65	O	6.93	G	-		
812	66	O	6.93	C	-		
812	67	O	6.93	C	-		
812	68	O	6.93	G	-		
812	69	O	6.93	T	-		
812	70	O	6.93	T	-		
812	71	O	6.93	G	-		
812	72	O	6.93	G	-		
812	73	O	6.93	T	-		
812	74	O	6.93	T	-		
812	75	O	6.93	G	-		
812	76	O	6.93	T	-		
812	77	O	6.93	C	-		
812	78	O	6.93	T	-		
812	79	O	6.93	G	-		
812	80	O	6.93	G	-		
812	81	O	6.93	C	-		
812	82	O	6.93	T	-		
812	83	O	6.93	G	-		
812	84	O	6.93	C	-		
812	85	O	6.93	T	-		
812	86	O	6.93	G	-		
812	87	O	6.93	G	-		
812	88	O	6.93	C	-		
812	89	O	6.93	G	-		
812	90	O	6.93	A	-		
812	91	O	6.93	G	-		
812	92	O	6.93	C	-		
812	93	O	6.93	T	-		
812	94	O	6.93	G	-		
812	95	O	6.93	G	-		
812	96	O	6.93	C	-		
812	97	O	6.93	G	-		
812	98	O	6.93	C	-		
812	99	O	6.93	T	-		
812	100	O	6.93	G	-		
812	101	O	6.93	G	-		
812	102	O	6.93	A	-		
812	103	O	6.93	C	-		
812	104	O	6.93	G	-		
812	105	O	6.93	T	-		
812	106	O	6.93	T	-		
812	107	O	6.93	G	-		
812	108	O	6.93	T	-		
812	109	O	6.93	T	-		
813	0	O	9.70	A	-		
813	1	O	9.70	G	-		
813	2	O	9.70	C	-		
813	3	O	9.70	G	-		
813	4	O	9.70	G	-		
813	5	O	9.70	C	-		
813	6	O	9.70	T	-		
813	7	O	9.70	C	-		
813	8	O	9.70	A	-		
813	9	O	9.70	C	-		
813	10	O	9.70	G	-		
813	11	O	9.70	C	-		
813	12	O	9.70	A	-		
813	13	O	9.70	C	-		
813	14	O	9.70	C	-		
813	15	O	9.70	C	-		
813	16	O	9.70	G	-		
813	17	O	9.70	G	-		
813	18	O	9.70	C	-		
813	19	O	9.70	G	-		
813	20	O	9.70	G	-		
813	21	O	9.70	A	-		
813	22	O	9.70	T	-		
813	23	O	9.70	A	-		
813	24	O	9.70	T	-		
813	25	O	9.70	C	-		
813	26	O	9.70	A	-		
813	27	O	9.70	C	-		
813	28	O	9.70	C	-		
813	29	O	9.70	A	-		
813	30	O	9.70	A	-		
813	31	O	9.70	C	-		
813	32	O	9.70	G	-		
813	33	O	9.70	A	-		
813	34	O	9.70	G	-		
813	35	O	9.70	A	-		
813	36	O	9.70	C	-		
813	37	O	9.70	G	-		
813	38	O	9.70	C	-		
813	39	U	1.77	T	C		
813	40	O	9.70	G	-		
813	41	O	9.70	A	-		
813	42	O	9.70	C	-		
813	43	O	9.70	G	-		
813	44	O	9.70	A	-		
813	45	O	9.70	A	-		
813	46	O	9.70	C	-		
813	47	O	9.70	G	-		
813	48	O	9.70	G	-		
813	49	O	9.70	C	-		
813	50	O	9.70	A	-		
813	51	O	9.70	C	-		
813	52	O	9.70	C	-		
813	53	O	9.70	A	-		
813	54	O	9.70	T	-		
813	55	O	9.70	C	-		
813	56	O	9.70	A	-		
813	57	U	1.77	A	C		
813	58	O	9.70	C	-		
813	59	O	9.70	A	-		
813	60	O	9.70	T	-		
813	61	O	9.70	C	-		
813	62	O	9.70	T	-		
813	63	O	9.70	A	-		
813	64	O	9.70	C	-		
813	65	U	1.77	C	A		
813	66	O	9.70	C	-		
813	67	O	9.70	G	-		
813	68	O	9.70	G	-		
813	69	O	9.70	A	-		
813	70	O	9.70	C	-		
813	71	O	9.70	C	-		
813	72	O	9.70	T	-		
813	73	O	9.70	G	-		
813	74	O	9.70	A	-		
813	75	O	9.70	C	-		
813	76	O	9.70	C	-		
813	77	O	9.70	A	-		
813	78	O	9.70	A	-		
813	79	O	9.70	C	-		
813	80	O	9.70	C	-		
813	81	O	9.70	T	-		
813	82	O	9.70	G	-		
813	83	O	9.70	C	-		
813	84	O	9.70	A	-		
813	85	O	9.70	C	-		
813	86	O	9.70	C	-		
813	87	O	9.70	T	-		
813	88	O	9.70	G	-		
813	89	O	9.70	G	-		
813	90	O	9.70	C	-		
813	91	O	9.70	A	-		
813	92	O	9.70	C	-		
813	93	O	9.70	T	-		
813	94	U	1.77	G	C		
813	95	O	9.70	G	-		
813	96	U	1.77	C	G		
813	97	O	9.70	C	-		
813	98	O	9.70	A	-		
813	99	O	9.70	T	-		
813	100	O	9.70	G	-		
813	101	O	9.70	G	-		
813	102	O	9.70	A	-		
813	103	O	9.70	G	-		
813	104	O	9.70	A	-		
813	105	O	9.70	A	-		
813	106	O	9.70	C	-		
813	107	O	9.70	A	-		
813	108	O	9.70	C	-		
813	109	O	9.70	C	-		
814	0	O	5.55	G	-		
814	1	O	5.55	C	-		
814	2	O	5.55	A	-		
814	3	O	5.55	A	-		
814	4	O	5.55	G	-		
814	5	O	5.55	A	-		
814	6	O	5.55	C	-		
814	7	O	5.55	A	-		
814	8	O	5.55	C	-		
814	9	O	5.55	T	-		
814	10	O	5.55	T	-		
814	11	O	5.55	G	-		
814	12	O	5.55	G	-		
814	13	O	5.55	A	-		
814	14	O	5.55	G	-		
814	15	O	5.55	A	-		
814	16	O	5.55	A	-		
814	17	O	5.55	C	-		
814	18	O	5.55	T	-		
814	19	O	5.55	T	-		
814	20	O	5.55	G	-		
814	21	O	5.55	G	-		
814	22	O	5.55	A	-		
814	23	O	5.55	A	-		
814	24	O	5.55	T	-		
814	25	O	5.55	T	-		
814	26	O	5.55	G	-		
814	27	O	5.55	A	-		
814	28	O	5.55	T	-		
814	29	O	5.55	C	-		
814	30	O	5.55	T	-		
814	31	O	5.55	G	-		
814	32	O	5.55	A	-		
814	33	O	5.55	T	-		
814	34	O	5.55	G	-		
814	35	O	5.55	C	-		
814	36	O	5.55	A	-		
814	37	O	5.55	A	-		
814	38	O	5.55	G	-		
814	39	O	5.55	G	-		
814	40	O	5.55	A	-		
814	41	O	5.55	G	-		
814	42	O	5.55	G	-		
814	43	O	5.55	A	-		
814	44	O	5.55	A	-		
814	45	O	5.55	A	-		
814	46	O	5.55	C	-		
814	47	O	5.55	G	-		
814	48	O	5.55	C	-		
814	49	O	5.55	T	-		
814	50	O	5.55	G	-		
814	51	O	5.55	T	-		
814	52	O	5.55	C	-		
814	53	O	5.55	T	-		
814	54	O	5.55	T	-		
814	55	O	5.55	T	-		
814	56	O	5.55	G	-		
814	57	O	5.55	T	-		
814	58	O	5.55	C	-		
814	59	O	5.55	T	-		
814	60	O	5.55	C	-		
814	61	O	5.55	G	-		
814	62	O	5.55	T	-		
814	63	O	5.55	G	-		
814	64	O	5.55	G	-		
814	65	O	5.55	G	-		
814	66	O	5.55	A	-		
814	67	O	5.55	G	-		
814	68	O	5.55	G	-		
814	69	O	5.55	A	-		
814	70	O	5.55	T	-		
814	71	O	5.55	A	-		
814	72	O	5.55	T	-		
814	73	O	5.55	A	-		
814	74	O	5.55	T	-		
814	75	O	5.55	T	-		
814	76	O	5.55	A	-		
814	77	O	5.55	C	-		
814	78	O	5.55	A	-		
814	79	O	5.55	G	-		
814	80	O	5.55	A	-		
814	81	O	5.55	A	-		
814	82	O	5.55	C	-		
814	83	O	5.55	G	-		
814	84	O	5.55	T	-		
814	85	O	5.55	G	-		
814	86	O	5.55	G	-		
814	87	O	5.55	T	-		
814	88	O	5.55	C	-		
814	89	O	5.55	G	-		
814	90	O	5.55	A	-		
814	91	O	5.55	C	-		
814	92	O	5.55	G	-		
814	93	O	5.55	A	-		
814	94	O	5.55	C	-		
814	95	O	5.55	G	-		
814	96	O	5.55	C	-		
814	97	O	5.55	C	-		
814	98	O	5.55	G	-		
814	99	O	5.55	C	-		
814	100	O	5.55	C	-		
814	101	O	5.55	A	-		
814	102	O	5.55	A	-		
814	103	O	5.55	A	-		
814	104	O	5.55	G	-		
814	105	O	5.55	C	-		
814	106	O	5.55	G	-		
814	107	O	5.55	C	-		
814	108	O	5.55	A	-		
814	109	O	5.55	G	-		
815	0	O	20.79	A	-		
815	1	O	20.79	C	-		
815	2	O	20.79	T	-		
815	3	O	20.79	C	-		
815	4	O	20.79	G	-		
815	5	O	20.79	A	-		
815	6	O	20.79	C	-		
815	7	O	20.79	C	-		
815	8	O	20.79	A	-		
815	9	O	20.79	C	-		
815	10	O	20.79	C	-		
815	11	O	20.79	A	-		
815	12	O	20.79	A	-		
815	13	O	20.79	C	-		
815	14	O	20.79	T	-		
815	15	O	20.79	T	-		
815	16	O	20.79	A	-		
815	17	O	20.79	A	-		
815	18	O	20.79	A	-		
815	19	O	20.79	A	-		
815	20	O	20.79	A	-		
815	21	O	20.79	G	-		
815	22	O	20.79	G	-		
815	23	O	20.79	C	-		
815	24	O	20.79	A	-		
815	25	O	20.79	A	-		
815	26	O	20.79	A	-		
815	27	O	20.79	C	-		
815	28	O	20.79	G	-		
815	29	O	20.79	A	-		
815	30	O	20.79	G	-		
815	31	O	20.79	G	-		
815	32	O	20.79	C	-		
815	33	O	20.79	C	-		
815	34	O	20.79	T	-		
815	35	O	20.79	T	-		
815	36	O	20.79	A	-		
815	37	O	20.79	T	-		
815	38	O	20.79	C	-		
815	39	O	20.79	T	-		
815	40	O	20.79	T	-		
815	41	O	20.79	C	-		
815	42	O	20.79	A	-		
815	43	O	20.79	A	-		
815	44	O	20.79	C	-		
815	45	O	20.79	C	-		
815	46	O	20.79	C	-		
815	47	O	20.79	A	-		
815	48	O	20.79	C	-		
815	49	O	20.79	C	-		
815	50	O	20.79	G	-		
815	51	O	20.79	A	-		
815	52	O	20.79	T	-		
815	53	O	20.79	C	-		
815	54	O	20.79	T	-		
815	55	O	20.79	C	-		
815	56	O	20.79	T	-		
815	57	O	20.79	C	-		
815	58	O	20.79	G	-		
815	59	O	20.79	A	-		
815	60	O	20.79	C	-		
815	61	O	20.79	A	-		
815	62	O	20.79	C	-		
815	63	O	20.79	T	-		
815	64	O	20.79	C	-		
815	65	O	20.79	C	-		
815	66	O	20.79	T	-		
815	67	O	20.79	C	-		
815	68	O	20.79	G	-		
815	69	O	20.79	G	-		
815	70	O	20.79	T	-		
815	71	O	20.79	C	-		
815	72	O	20.79	A	-		
815	73	O	20.79	T	-		
815	74	O	20.79	C	-		
815	75	O	20.79	C	-		
815	76	O	20.79	A	-		
815	77	O	20.79	C	-		
815	78	O	20.79	A	-		
815	79	O	20.79	C	-		
815	80	O	20.79	G	-		
815	81	O	20.79	A	-		
815	82	O	20.79	G	-		
815	83	O	20.79	C	-		
815	84	O	20.79	A	-		
815	85	O	20.79	G	-		
815	86	O	20.79	G	-		
815	87	O	20.79	C	-		
815	88	O	20.79	C	-		
815	89	O	20.79	G	-		
815	90	O	20.79	A	-		
815	91	O	20.79	A	-		
815	92	O	20.79	C	-		
815	93	O	20.79	C	-		
815	94	O	20.79	T	-		
815	95	O	20.79	C	-		
815	96	O	20.79	A	-		
815	97	O	20.79	A	-		
815	98	O	20.79	G	-		
815	99	O	20.79	A	-		
815	100	O	20.79	C	-		
815	101	O	20.79	A	-		
815	102	O	20.79	C	-		
815	103	O	20.79	C	-		
815	104	O	20.79	G	-		
815	105	O	20.79	A	-		
815	106	O	20.79	G	-		
815	107	O	20.79	C	-		
815	108	O	20.79	C	-		
815	109	O	20.79	A	-		
816	0	O	16.64	G	-		
816	1	O	16.64	C	-		
816	2	O	16.64	C	-		
816	3	O	16.64	C	-		
816	4	O	16.64	A	-		
816	5	O	16.64	G	-		
816	6	O	16.64	A	-		
816	7	O	16.64	G	-		
816	8	O	16.64	G	-		
816	9	O	16.64	A	-		
816	10	O	16.64	C	-		
816	11	O	16.64	T	-		
816	12	O	16.64	A	-		
816	13	O	16.64	C	-		
816	14	O	16.64	C	-		
816	15	O	16.64	A	-		
816	16	O	16.64	G	-		
816	17	O	16.64	G	-		
816	18	O	16.64	G	-		
816	19	O	16.64	A	-		
816	20	O	16.64	C	-		
816	21	O	16.64	C	-		
816	22	O	16.64	T	-		
816	23	O	16.64	C	-		
816	24	O	16.64	A	-		
816	25	O	16.64	C	-		
816	26	O	16.64	C	-		
816	27	O	16.64	G	-		
816	28	O	16.64	G	-		
816	29	O	16.64	T	-		
816	30	O	16.64	T	-		
816	31	O	16.64	C	-		
816	32	O	16.64	T	-		
816	33	O	16.64	C	-		
816	34	O	16.64	A	-		
816	35	O	16.64	C	-		
816	36	O	16.64	T	-		
816	37	O	16.64	A	-		
816	38	O	16.64	G	-		
816	39	O	16.64	G	-		
816	40	O	16.64	T	-		
816	41	O	16.64	C	-		
816	42	O	16.64	C	-		
816	43	O	16.64	A	-		
816	44	O	16.64	T	-		
816	45	O	16.64	A	-		
816	46	O	16.64	A	-		
816	47	O	16.64	C	-		
816	48	O	16.64	T	-		
816	49	O	16.64	C	-		
816	50	O	16.64	T	-		
816	51	O	16.64	A	-		
816	52	O	16.64	G	-		
816	53	O	16.64	T	-		
816	54	O	16.64	A	-		
816	55	O	16.64	G	-		
816	56	O	16.64	C	-		
816	57	O	16.64	T	-		
816	58	O	16.64	T	-		
816	59	O	16.64	G	-		
816	60	O	16.64	C	-		
816	61	O	16.64	A	-		
816	62	O	16.64	T	-		
816	63	O	16.64	T	-		
816	64	O	16.64	G	-		
816	65	O	16.64	C	-		
816	66	O	16.64	C	-		
816	67	O	16.64	A	-		
816	68	O	16.64	T	-		
816	69	O	16.64	G	-		
816	70	O	16.64	A	-		
816	71	O	16.64	T	-		
816	72	O	16.64	C	-		
816	73	O	16.64	T	-		
816	74	O	16.64	C	-		
816	75	O	16.64	A	-		
816	76	O	16.64	G	-		
816	77	O	16.64	T	-		
816	78	O	16.64	C	-		
816	79	O	16.64	A	-		
816	80	O	16.64	T	-		
816	81	O	16.64	C	-		
816	82	O	16.64	C	-		
816	83	O	16.64	T	-		
816	84	O	16.64	T	-		
816	85	O	16.64	A	-		
816	86	O	16.64	T	-		
816	87	O	16.64	A	-		
816	88	O	16.64	G	-		
816	89	O	16.64	C	-		
816	90	O	16.64	T	-		
816	91	O	16.64	T	-		
816	92	O	16.64	C	-		
816	93	O	16.64	T	-		
816	94	O	16.64	C	-		
816	95	O	16.64	A	-		
816	96	O	16.64	G	-		
816	97	O	16.64	C	-		
816	98	O	16.64	C	-		
816	99	O	16.64	C	-		
816	100	O	16.64	G	-		
816	101	O	16.64	A	-		
816	102	O	16.64	C	-		
816	103	O	16.64	G	-		
816	104	O	16.64	C	-		
816	105	O	16.64	G	-		
816	106	O	16.64	G	-		
816	107	O	16.64	T	-		
816	108	O	16.64	T	-		
816	109	O	16.64	A	-		
817	0	O	23.57	A	-		
817	1	O	23.57	A	-		
817	2	O	23.57	G	-		
817	3	O	23.57	A	-		
817	4	O	23.57	T	-		
817	5	O	23.57	A	-		
817	6	O	23.57	T	-		
817	7	O	23.57	C	-		
817	8	O	23.57	C	-		
817	9	O	23.57	C	-		
817	10	O	23.57	T	-		
817	11	O	23.57	G	-		
817	12	O	23.57	G	-		
817	13	O	23.57	A	-		
817	14	O	23.57	T	-		
817	15	O	23.57	G	-		
817	16	O	23.57	A	-		
817	17	O	23.57	G	-		
817	18	O	23.57	A	-		
817	19	O	23.57	C	-		
817	20	O	23.57	G	-		
817	21	O	23.57	G	-		
817	22	O	23.57	C	-		
817	23	O	23.57	G	-		
817	24	O	23.57	A	-		
817	25	O	23.57	G	-		
817	26	O	23.57	G	-		
817	27	O	23.57	A	-		
817	28	O	23.57	G	-		
817	29	O	23.57	C	-		
817	30	O	23.57	A	-		
817	31	O	23.57	T	-		
817	32	O	23.57	C	-		
817	33	O	23.57	C	-		
817	34	O	23.57	G	-		
817	35	O	23.57	C	-		
817	36	O	23.57	C	-		
817	37	O	23.57	A	-		
817	38	O	23.57	G	-		
817	39	O	13.76	T	-		
817	40	O	23.57	T	-		
817	41	O	23.57	T	-		
817	42	O	23.57	T	-		
817	43	O	23.57	T	-		
817	44	O	23.57	T	-		
817	45	O	23.57	G	-		
817	46	O	23.57	T	-		
817	47	O	23.57	C	-		
817	48	O	23.57	C	-		
817	49	O	23.57	G	-		
817	50	O	23.57	G	-		
817	51	O	23.57	A	-		
817	52	O	23.57	T	-		
817	53	O	23.57	T	-		
817	54	O	23.57	A	-		
817	55	O	23.57	T	-		
817	56	O	23.57	C	-		
817	57	O	23.57	G	-		
817	58	O	23.57	C	-		
817	59	O	23.57	T	-		
817	60	O	23.57	C	-		
817	61	O	23.57	T	-		
817	62	O	23.57	C	-		
817	63	O	23.57	A	-		
817	64	O	23.57	A	-		
817	65	O	23.57	G	-		
817	66	O	23.57	C	-		
817	67	O	23.57	G	-		
817	68	O	23.57	T	-		
817	69	O	23.57	G	-		
817	70	O	23.57	T	-		
817	71	O	23.57	G	-		
817	72	O	23.57	G	-		
817	73	O	23.57	G	-		
817	74	O	23.57	A	-		
817	75	O	23.57	G	-		
817	76	O	23.57	G	-		
817	77	O	23.57	A	-		
817	78	O	23.57	G	-		
817	79	O	23.57	C	-		
817	80	O	23.57	T	-		
817	81	O	23.57	C	-		
817	82	O	23.57	A	-		
817	83	O	23.57	C	-		
817	84	O	23.57	T	-		
817	85	O	23.57	T	-		
817	86	O	23.57	C	-		
817	87	O	23.57	G	-		
817	88	O	23.57	A	-		
817	89	O	23.57	A	-		
817	90	O	23.57	C	-		
817	91	O	23.57	A	-		
817	92	O	23.57	T	-		
817	93	O	23.57	G	-		
817	94	O	23.57	G	-		
817	95	O	23.57	C	-		
817	96	O	23.57	T	-		
817	97	O	23.57	T	-		
817	98	O	23.57	T	-		
817	99	O	23.57	G	-		
817	100	O	23.57	G	-		
817	101	O	23.57	G	-		
817	102	O	23.57	A	-		
817	103	O	23.57	C	-		
817	104	O	23.57	T	-		
817	105	O	23.57	T	-		
817	106	O	23.57	T	-		
817	107	O	23.57	C	-		
817	108	O	23.57	A	-		
817	109	O	23.57	A	-		
818	0	O	5.55	A	-		
818	1	O	5.55	G	-		
818	2	O	5.55	A	-		
818	3	O	5.55	A	-		
818	4	O	5.55	G	-		
818	5	O	5.55	A	-		
818	6	O	5.55	T	-		
818	7	O	5.55	A	-		
818	8	O	5.55	C	-		
818	9	O	5.55	A	-		
818	10	O	5.55	C	-		
818	11	O	5.55	C	-		
818	12	O	5.55	T	-		
818	13	O	5.55	C	-		
818	14	O	5.55	T	-		
818	15	O	5.55	G	-		
818	16	O	5.55	A	-		
818	17	O	5.55	C	-		
818	18	O	5.55	G	-		
818	19	O	5.55	A	-		
818	20	O	5.55	G	-		
818	21	O	5.55	C	-		
818	22	O	5.55	T	-		
818	23	O	5.55	T	-		
818	24	O	5.55	C	-		
818	25	O	5.55	T	-		
818	26	O	5.55	G	-		
818	27	O	5.55	T	-		
818	28	O	5.55	C	-		
818	29	O	5.55	T	-		
818	30	O	5.55	G	-		
818	31	O	5.55	T	-		
818	32	O	5.55	A	-		
818	33	O	5.55	G	-		
818	34	O	5.55	A	-		
818	35	O	5.55	T	-		
818	36	O	5.55	A	-		
818	37	O	5.55	C	-		
818	38	O	5.55	A	-		
818	39	O	5.55	A	-		
818	40	O	5.55	A	-		
818	41	O	5.55	A	-		
818	42	O	5.55	G	-		
818	43	O	5.55	T	-		
818	44	O	5.55	C	-		
818	45	O	5.55	A	-		
818	46	O	5.55	T	-		
818	47	O	5.55	T	-		
818	48	O	5.55	C	-		
818	49	O	5.55	G	-		
818	50	O	5.55	T	-		
818	51	O	5.55	C	-		
818	52	O	5.55	T	-		
818	53	O	5.55	C	-		
818	54	O	5.55	A	-		
818	55	O	5.55	C	-		
818	56	O	5.55	G	-		
818	57	O	5.55	T	-		
818	58	O	5.55	C	-		
818	59	O	5.55	G	-		
818	60	O	5.55	A	-		
818	61	O	5.55	G	-		
818	62	O	5.55	C	-		
818	63	O	5.55	A	-		
818	64	O	5.55	C	-		
818	65	O	5.55	A	-		
818	66	O	5.55	T	-		
818	67	O	5.55	C	-		
818	68	O	5.55	A	-		
818	69	O	5.55	A	-		
818	70	O	5.55	A	-		
818	71	O	5.55	A	-		
818	72	O	5.55	C	-		
818	73	O	5.55	A	-		
818	74	O	5.55	G	-		
818	75	O	5.55	A	-		
818	76	O	5.55	C	-		
818	77	O	5.55	A	-		
818	78	O	5.55	A	-		
818	79	O	5.55	C	-		
818	80	O	5.55	G	-		
818	81	O	5.55	G	-		
818	82	O	5.55	T	-		
818	83	O	5.55	C	-		
818	84	O	5.55	A	-		
818	85	O	5.55	T	-		
818	86	O	5.55	C	-		
818	87	O	5.55	C	-		
818	88	O	5.55	A	-		
818	89	O	5.55	A	-		
818	90	O	5.55	G	-		
818	91	O	5.55	C	-		
818	92	O	5.55	C	-		
818	93	O	5.55	A	-		
818	94	O	5.55	T	-		
818	95	O	5.55	G	-		
818	96	O	5.55	G	-		
818	97	O	5.55	C	-		
818	98	O	5.55	T	-		
818	99	O	5.55	G	-		
818	100	O	5.55	T	-		
818	101	O	5.55	C	-		
818	102	O	5.55	C	-		
818	103	O	5.55	A	-		
818	104	O	5.55	G	-		
818	105	O	5.55	C	-		
818	106	O	5.55	T	-		
818	107	O	5.55	G	-		
818	108	O	5.55	T	-		
818	109	O	5.55	T	-		
819	0	O	5.55	G	-		
819	1	O	5.55	C	-		
819	2	O	5.55	C	-		
819	3	O	5.55	G	-		
819	4	O	5.55	C	-		
819	5	O	5.55	G	-		
819	6	O	5.55	G	-		
819	7	O	5.55	G	-		
819	8	O	5.55	C	-		
819	9	O	5.55	T	-		
819	10	O	5.55	A	-		
819	11	O	5.55	C	-		
819	12	O	5.55	T	-		
819	13	O	5.55	G	-		
819	14	O	5.55	C	-		
819	15	O	5.55	A	-		
819	16	O	5.55	T	-		
819	17	O	5.55	C	-		
819	18	O	5.55	T	-		
819	19	O	5.55	A	-		
819	20	O	5.55	T	-		
819	21	O	5.55	G	-		
819	22	O	5.55	G	-		
819	23	O	5.55	T	-		
819	24	O	5.55	C	-		
819	25	O	5.55	C	-		
819	26	O	5.55	G	-		
819	27	O	5.55	C	-		
819	28	O	5.55	A	-		
819	29	O	5.55	G	-		
819	30	O	5.55	A	-		
819	31	O	5.55	C	-		
819	32	O	5.55	C	-		
819	33	O	5.55	A	-		
819	34	O	5.55	C	-		
819	35	O	5.55	G	-		
819	36	O	5.55	C	-		
819	37	O	5.55	T	-		
819	38	O	5.55	G	-		
819	39	O	5.55	G	-		
819	40	O	5.55	T	-		
819	41	O	5.55	A	-		
819	42	O	5.55	C	-		
819	43	O	5.55	T	-		
819	44	O	5.55	C	-		
819	45	O	5.55	A	-		
819	46	O	5.55	C	-		
819	47	O	5.55	C	-		
819	48	O	5.55	G	-		
819	49	O	5.55	T	-		
819	50	O	5.55	G	-		
819	51	O	5.55	G	-		
819	52	O	5.55	G	-		
819	53	O	5.55	C	-		
819	54	O	5.55	G	-		
819	55	O	5.55	A	-		
819	56	O	5.55	C	-		
819	57	O	5.55	G	-		
819	58	O	5.55	G	-		
819	59	O	5.55	C	-		
819	60	O	5.55	G	-		
819	61	O	5.55	T	-		
819	62	O	5.55	G	-		
819	63	O	5.55	G	-		
819	64	O	5.55	C	-		
819	65	O	5.55	C	-		
819	66	O	5.55	A	-		
819	67	O	5.55	T	-		
819	68	O	5.55	G	-		
819	69	O	5.55	T	-		
819	70	O	5.55	T	-		
819	71	O	5.55	C	-		
819	72	O	5.55	A	-		
819	73	O	5.55	C	-		
819	74	O	5.55	G	-		
819	75	O	5.55	C	-		
819	76	O	5.55	T	-		
819	77	O	5.55	G	-		
819	78	O	5.55	G	-		
819	79	O	5.55	A	-		
819	80	O	5.55	C	-		
819	81	O	5.55	C	-		
819	82	O	5.55	G	-		
819	83	O	5.55	C	-		
819	84	O	5.55	G	-		
819	85	O	5.55	A	-		
819	86	O	5.55	A	-		
819	87	O	5.55	C	-		
819	88	O	5.55	A	-		
819	89	O	5.55	G	-		
819	90	O	5.55	G	-		
819	91	O	5.55	G	-		
819	92	O	5.55	C	-		
819	93	O	5.55	T	-		
819	94	O	5.55	C	-		
819	95	O	5.55	C	-		
819	96	O	5.55	T	-		
819	97	O	5.55	T	-		
819	98	O	5.55	T	-		
819	99	O	5.55	G	-		
819	100	O	5.55	T	-		
819	101	O	5.55	G	-		
819	102	O	5.55	C	-		
819	103	O	5.55	T	-		
819	104	O	5.55	C	-		
819	105	O	5.55	A	-		
819	106	O	5.55	C	-		
819	107	O	5.55	G	-		
819	108	O	5.55	C	-		
819	109	O	5.55	G	-		
820	0	O	5.55	A	-		
820	1	O	5.55	A	-		
820	2	O	5.55	T	-		
820	3	O	5.55	G	-		
820	4	O	5.55	A	-		
820	5	O	5.55	T	-		
820	6	O	5.55	G	-		
820	7	O	5.55	T	-		
820	8	O	5.55	C	-		
820	9	O	5.55	C	-		
820	10	O	5.55	G	-		
820	11	O	5.55	A	-		
820	12	O	5.55	T	-		
820	13	O	5.55	A	-		
820	14	O	5.55	C	-		
820	15	O	5.55	A	-		
820	16	O	5.55	C	-		
820	17	O	5.55	A	-		
820	18	O	5.55	A	-		
820	19	O	5.55	A	-		
820	20	O	5.55	A	-		
820	21	O	5.55	G	-		
820	22	O	5.55	G	-		
820	23	O	5.55	G	-		
820	24	O	5.55	A	-		
820	25	O	5.55	T	-		
820	26	O	5.55	T	-		
820	27	O	5.55	G	-		
820	28	O	5.55	C	-		
820	29	O	5.55	T	-		
820	30	O	5.55	G	-		
820	31	O	5.55	G	-		
820	32	O	5.55	G	-		
820	33	O	5.55	C	-		
820	34	O	5.55	C	-		
820	35	O	5.55	T	-		
820	36	O	5.55	G	-		
820	37	O	5.55	A	-		
820	38	O	5.55	G	-		
820	39	O	5.55	G	-		
820	40	O	5.55	G	-		
820	41	O	5.55	G	-		
820	42	O	5.55	A	-		
820	43	O	5.55	T	-		
820	44	O	5.55	T	-		
820	45	O	5.55	G	-		
820	46	O	5.55	C	-		
820	47	O	5.55	T	-		
820	48	O	5.55	C	-		
820	49	O	5.55	G	-		
820	50	O	5.55	G	-		
820	51	O	5.55	A	-		
820	52	O	5.55	A	-		
820	53	O	5.55	A	-		
820	54	O	5.55	T	-		
820	55	O	5.55	G	-		
820	56	O	5.55	A	-		
820	57	O	5.55	T	-		
820	58	O	5.55	G	-		
820	59	O	5.55	G	-		
820	60	O	5.55	C	-		
820	61	O	5.55	A	-		
820	62	O	5.55	C	-		
820	63	O	5.55	T	-		
820	64	O	5.55	G	-		
820	65	O	5.55	G	-		
820	66	O	5.55	A	-		
820	67	O	5.55	A	-		
820	68	O	5.55	A	-		
820	69	O	5.55	T	-		
820	70	O	5.55	T	-		
820	71	O	5.55	G	-		
820	72	O	5.55	C	-		
820	73	O	5.55	C	-		
820	74	O	5.55	C	-		
820	75	O	5.55	C	-		
820	76	O	5.55	A	-		
820	77	O	5.55	A	-		
820	78	O	5.55	A	-		
820	79	O	5.55	A	-		
820	80	O	5.55	A	-		
820	81	O	5.55	G	-		
820	82	O	5.55	G	-		
820	83	O	5.55	G	-		
820	84	O	5.55	A	-		
820	85	O	5.55	A	-		
820	86	O	5.55	A	-		
820	87	O	5.55	A	-		
820	88	O	5.55	T	-		
820	89	O	5.55	C	-		
820	90	O	5.55	T	-		
820	91	O	5.55	T	-		
820	92	O	5.55	G	-		
820	93	O	5.55	G	-		
820	94	O	5.55	G	-		
820	95	O	5.55	G	-		
820	96	O	5.55	T	-		
820	97	O	5.55	T	-		
820	98	O	5.55	G	-		
820	99	O	5.55	T	-		
820	100	O	5.55	G	-		
820	101	O	5.55	G	-		
820	102	O	5.55	A	-		
820	103	O	5.55	A	-		
820	104	O	5.55	C	-		
820	105	O	5.55	C	-		
820	106	O	5.55	C	-		
820	107	O	5.55	G	-		
820	108	O	5.55	A	-		
820	109	O	5.55	A	-		
821	0	O	9.70	G	-		
821	1	O	9.70	G	-		
821	2	O	9.70	G	-		
821	3	O	9.70	A	-		
821	4	O	9.70	T	-		
821	5	O	9.70	C	-		
821	6	O	9.70	G	-		
821	7	O	9.70	A	-		
821	8	O	9.70	G	-		
821	9	O	9.70	C	-		
821	10	O	9.70	A	-		
821	11	O	9.70	T	-		
821	12	O	9.70	G	-		
821	13	O	9.70	T	-		
821	14	O	9.70	C	-		
821	15	O	9.70	A	-		
821	16	O	9.70	G	-		
821	17	O	9.70	G	-		
821	18	O	9.70	C	-		
821	19	O	9.70	G	-		
821	20	O	9.70	C	-		
821	21	O	9.70	G	-		
821	22	O	9.70	C	-		
821	23	O	9.70	G	-		
821	24	O	9.70	T	-		
821	25	O	9.70	T	-		
821	26	O	9.70	C	-		
821	27	O	9.70	G	-		
821	28	O	9.70	A	-		
821	29	O	9.70	G	-		
821	30	O	9.70	C	-		
821	31	O	9.70	G	-		
821	32	O	9.70	C	-		
821	33	O	9.70	T	-		
821	34	O	9.70	T	-		
821	35	O	9.70	G	-		
821	36	O	9.70	T	-		
821	37	O	9.70	T	-		
821	38	O	9.70	G	-		
821	39	O	9.70	G	-		
821	40	O	9.70	T	-		
821	41	O	9.70	A	-		
821	42	O	9.70	C	-		
821	43	O	9.70	A	-		
821	44	O	9.70	T	-		
821	45	O	9.70	T	-		
821	46	O	9.70	T	-		
821	47	O	9.70	G	-		
821	48	O	9.70	C	-		
821	49	O	9.70	A	-		
821	50	O	9.70	A	-		
821	51	O	9.70	G	-		
821	52	O	9.70	G	-		
821	53	O	9.70	C	-		
821	54	O	9.70	T	-		
821	55	O	9.70	T	-		
821	56	O	9.70	C	-		
821	57	O	9.70	C	-		
821	58	O	9.70	G	-		
821	59	O	9.70	G	-		
821	60	O	9.70	A	-		
821	61	O	9.70	A	-		
821	62	O	9.70	A	-		
821	63	O	9.70	T	-		
821	64	O	9.70	C	-		
821	65	O	9.70	T	-		
821	66	O	9.70	G	-		
821	67	O	9.70	C	-		
821	68	O	9.70	C	-		
821	69	O	9.70	C	-		
821	70	O	9.70	A	-		
821	71	O	9.70	T	-		
821	72	O	9.70	T	-		
821	73	O	9.70	G	-		
821	74	O	9.70	T	-		
821	75	O	9.70	G	-		
821	76	O	9.70	T	-		
821	77	O	9.70	A	-		
821	78	O	9.70	G	-		
821	79	O	9.70	G	-		
821	80	O	9.70	T	-		
821	81	O	9.70	T	-		
821	82	O	9.70	G	-		
821	83	O	9.70	T	-		
821	84	O	9.70	C	-		
821	85	O	9.70	C	-		
821	86	O	9.70	T	-		
821	87	O	9.70	C	-		
821	88	O	9.70	G	-		
821	89	O	9.70	C	-		
821	90	O	9.70	T	-		
821	91	O	9.70	T	-		
821	92	O	9.70	T	-		
821	93	O	9.70	T	-		
821	94	O	9.70	C	-		
821	95	O	9.70	C	-		
821	96	O	9.70	A	-		
821	97	O	9.70	A	-		
821	98	O	9.70	G	-		
821	99	O	9.70	G	-		
821	100	O	9.70	A	-		
821	101	O	9.70	G	-		
821	102	O	9.70	A	-		
821	103	O	9.70	G	-		
821	104	O	9.70	C	-		
821	105	O	9.70	C	-		
821	106	O	9.70	A	-		
821	107	O	9.70	T	-		
821	108	O	9.70	G	-		
821	109	O	9.70	A	-		
822	0	O	9.70	C	-		
822	1	O	9.70	A	-		
822	2	O	9.70	G	-		
822	3	O	9.70	A	-		
822	4	O	9.70	A	-		
822	5	O	9.70	A	-		
822	6	O	9.70	T	-		
822	7	O	9.70	T	-		
822	8	O	9.70	T	-		
822	9	O	9.70	A	-		
822	10	O	9.70	C	-		
822	11	O	9.70	A	-		
822	12	O	9.70	T	-		
822	13	O	9.70	G	-		
822	14	O	9.70	A	-		
822	15	O	9.70	T	-		
822	16	O	9.70	T	-		
822	17	O	9.70	G	-		
822	18	O	9.70	T	-		
822	19	O	9.70	T	-		
822	20	O	9.70	A	-		
822	21	O	9.70	T	-		
822	22	O	9.70	G	-		
822	23	O	9.70	A	-		
822	24	O	9.70	C	-		
822	25	O	9.70	T	-		
822	26	O	9.70	A	-		
822	27	O	9.70	A	-		
822	28	O	9.70	T	-		
822	29	O	9.70	C	-		
822	30	O	9.70	A	-		
822	31	O	9.70	A	-		
822	32	O	9.70	C	-		
822	33	O	9.70	A	-		
822	34	O	9.70	G	-		
822	35	O	9.70	G	-		
822	36	O	9.70	C	-		
822	37	O	9.70	A	-		
822	38	O	9.70	A	-		
822	39	O	9.70	T	-		
822	40	O	9.70	G	-		
822	41	O	9.70	G	-		
822	42	O	9.70	C	-		
822	43	O	9.70	G	-		
822	44	O	9.70	A	-		
822	45	O	9.70	A	-		
822	46	O	9.70	G	-		
822	47	O	9.70	G	-		
822	48	O	9.70	A	-		
822	49	O	9.70	A	-		
822	50	O	9.70	G	-		
822	51	O	9.70	G	-		
822	52	O	9.70	T	-		
822	53	O	9.70	C	-		
822	54	O	9.70	A	-		
822	55	O	9.70	C	-		
822	56	O	9.70	T	-		
822	57	O	9.70	A	-		
822	58	O	9.70	T	-		
822	59	O	9.70	C	-		
822	60	O	9.70	A	-		
822	61	O	9.70	G	-		
822	62	O	9.70	T	-		
822	63	O	9.70	T	-		
822	64	O	9.70	C	-		
822	65	O	9.70	C	-		
822	66	O	9.70	A	-		
822	67	O	9.70	C	-		
822	68	O	9.70	G	-		
822	69	O	9.70	A	-		
822	70	O	9.70	C	-		
822	71	O	9.70	A	-		
822	72	O	9.70	A	-		
822	73	O	9.70	C	-		
822	74	O	9.70	A	-		
822	75	O	9.70	T	-		
822	76	O	9.70	C	-		
822	77	O	9.70	A	-		
822	78	O	9.70	A	-		
822	79	O	9.70	A	-		
822	80	O	9.70	A	-		
822	81	O	9.70	G	-		
822	82	O	9.70	G	-		
822	83	O	9.70	C	-		
822	84	O	9.70	T	-		
822	85	O	9.70	C	-		
822	86	O	9.70	A	-		
822	87	O	9.70	C	-		
822	88	O	9.70	A	-		
822	89	O	9.70	T	-		
822	90	O	9.70	A	-		
822	91	O	9.70	T	-		
822	92	O	9.70	T	-		
822	93	O	9.70	G	-		
822	94	O	9.70	C	-		
822	95	O	9.70	A	-		
822	96	O	9.70	T	-		
822	97	O	9.70	T	-		
822	98	O	9.70	A	-		
822	99	O	9.70	C	-		
822	100	O	9.70	C	-		
822	101	O	9.70	A	-		
822	102	O	9.70	A	-		
822	103	O	9.70	A	-		
822	104	O	9.70	C	-		
822	105	O	9.70	C	-		
822	106	O	9.70	T	-		
822	107	O	9.70	G	-		
822	108	O	9.70	A	-		
822	109	O	9.70	C	-		
823	0	O	5.55	A	-		
823	1	O	5.55	A	-		
823	2	O	5.55	C	-		
823	3	O	5.55	G	-		
823	4	O	5.55	A	-		
823	5	O	5.55	A	-		
823	6	O	5.55	C	-		
823	7	O	5.55	A	-		
823	8	O	5.55	A	-		
823	9	O	5.55	T	-		
823	10	O	5.55	T	-		
823	11	O	5.55	C	-		
823	12	O	5.55	C	-		
823	13	O	5.55	T	-		
823	14	O	5.55	C	-		
823	15	O	5.55	A	-		
823	16	O	5.55	A	-		
823	17	O	5.55	A	-		
823	18	O	5.55	G	-		
823	19	O	5.55	A	-		
823	20	O	5.55	T	-		
823	21	O	5.55	C	-		
823	22	O	5.55	T	-		
823	23	O	5.55	C	-		
823	24	O	5.55	T	-		
823	25	O	5.55	T	-		
823	26	O	5.55	G	-		
823	27	O	5.55	T	-		
823	28	O	5.55	T	-		
823	29	O	5.55	A	-		
823	30	O	5.55	T	-		
823	31	O	5.55	A	-		
823	32	O	5.55	T	-		
823	33	O	5.55	G	-		
823	34	O	5.55	A	-		
823	35	O	5.55	A	-		
823	36	O	5.55	G	-		
823	37	O	5.55	T	-		
823	38	O	5.55	C	-		
823	39	O	5.55	T	-		
823	40	O	5.55	T	-		
823	41	O	5.55	C	-		
823	42	O	5.55	G	-		
823	43	O	5.55	A	-		
823	44	O	5.55	C	-		
823	45	O	5.55	G	-		
823	46	O	5.55	A	-		
823	47	O	5.55	T	-		
823	48	O	5.55	G	-		
823	49	O	5.55	T	-		
823	50	O	5.55	A	-		
823	51	O	5.55	A	-		
823	52	O	5.55	T	-		
823	53	O	5.55	C	-		
823	54	O	5.55	A	-		
823	55	O	5.55	G	-		
823	56	O	5.55	G	-		
823	57	O	5.55	A	-		
823	58	O	5.55	T	-		
823	59	O	5.55	T	-		
823	60	O	5.55	C	-		
823	61	O	5.55	C	-		
823	62	O	5.55	A	-		
823	63	O	5.55	T	-		
823	64	O	5.55	C	-		
823	65	O	5.55	T	-		
823	66	O	5.55	C	-		
823	67	O	5.55	T	-		
823	68	O	5.55	A	-		
823	69	O	5.55	A	-		
823	70	O	5.55	C	-		
823	71	O	5.55	C	-		
823	72	O	5.55	A	-		
823	73	O	5.55	C	-		
823	74	O	5.55	T	-		
823	75	O	5.55	C	-		
823	76	O	5.55	C	-		
823	77	O	5.55	A	-		
823	78	O	5.55	A	-		
823	79	O	5.55	A	-		
823	80	O	5.55	C	-		
823	81	O	5.55	C	-		
823	82	O	5.55	A	-		
823	83	O	5.55	A	-		
823	84	O	5.55	G	-		
823	85	O	5.55	T	-		
823	86	O	5.55	G	-		
823	87	O	5.55	A	-		
823	88	O	5.55	G	-		
823	89	O	5.55	C	-		
823	90	O	5.55	A	-		
823	91	O	5.55	C	-		
823	92	O	5.55	A	-		
823	93	O	5.55	G	-		
823	94	O	5.55	T	-		
823	95	O	5.55	C	-		
823	96	O	5.55	C	-		
823	97	O	5.55	T	-		
823	98	O	5.55	G	-		
823	99	O	5.55	A	-		
823	100	O	5.55	A	-		
823	101	O	5.55	G	-		
823	102	O	5.55	C	-		
823	103	O	5.55	A	-		
823	104	O	5.55	G	-		
823	105	O	5.55	A	-		
823	106	O	5.55	T	-		
823	107	O	5.55	A	-		
823	108	O	5.55	T	-		
823	109	O	5.55	C	-		
824	0	O	8.32	A	-		
824	1	O	8.32	G	-		
824	2	O	8.32	G	-		
824	3	O	8.32	A	-		
824	4	O	8.32	G	-		
824	5	O	8.32	C	-		
824	6	O	8.32	A	-		
824	7	O	8.32	G	-		
824	8	O	8.32	A	-		
824	9	O	8.32	G	-		
824	10	O	8.32	G	-		
824	11	O	8.32	C	-		
824	12	O	8.32	C	-		
824	13	O	8.32	G	-		
824	14	O	8.32	A	-		
824	15	O	8.32	C	-		
824	16	O	8.32	G	-		
824	17	O	8.32	C	-		
824	18	O	8.32	A	-		
824	19	O	8.32	A	-		
824	20	O	8.32	T	-		
824	21	O	8.32	G	-		
824	22	O	8.32	T	-		
824	23	O	8.32	T	-		
824	24	O	8.32	G	-		
824	25	O	8.32	A	-		
824	26	O	8.32	T	-		
824	27	O	8.32	T	-		
824	28	O	8.32	G	-		
824	29	O	8.32	G	-		
824	30	O	8.32	A	-		
824	31	O	8.32	G	-		
824	32	O	8.32	T	-		
824	33	O	8.32	C	-		
824	34	O	8.32	C	-		
824	35	O	8.32	A	-		
824	36	O	8.32	T	-		
824	37	O	8.32	C	-		
824	38	O	8.32	C	-		
824	39	O	8.32	A	-		
824	40	O	8.32	C	-		
824	41	O	8.32	C	-		
824	42	O	8.32	A	-		
824	43	O	8.32	A	-		
824	44	O	8.32	C	-		
824	45	O	8.32	G	-		
824	46	O	8.32	A	-		
824	47	O	8.32	G	-		
824	48	O	8.32	A	-		
824	49	O	8.32	C	-		
824	50	O	8.32	T	-		
824	51	O	8.32	A	-		
824	52	O	8.32	G	-		
824	53	O	8.32	A	-		
824	54	O	8.32	G	-		
824	55	O	8.32	A	-		
824	56	O	8.32	A	-		
824	57	O	8.32	G	-		
824	58	O	8.32	G	-		
824	59	O	8.32	A	-		
824	60	O	8.32	G	-		
824	61	O	8.32	G	-		
824	62	O	8.32	T	-		
824	63	O	8.32	C	-		
824	64	O	8.32	A	-		
824	65	O	8.32	G	-		
824	66	O	8.32	T	-		
824	67	O	8.32	A	-		
824	68	O	8.32	T	-		
824	69	O	8.32	G	-		
824	70	O	8.32	A	-		
824	71	O	8.32	T	-		
824	72	O	8.32	C	-		
824	73	O	8.32	A	-		
824	74	O	8.32	C	-		
824	75	O	8.32	C	-		
824	76	O	8.32	C	-		
824	77	O	8.32	T	-		
824	78	U	0.71	T	C		
824	79	O	8.32	G	-		
824	80	O	8.32	A	-		
824	81	O	8.32	G	-		
824	82	O	8.32	A	-		
824	83	O	8.32	A	-		
824	84	O	8.32	G	-		
824	85	O	8.32	A	-		
824	86	O	8.32	A	-		
824	87	O	8.32	T	-		
824	88	O	8.32	A	-		
824	89	O	8.32	A	-		
824	90	O	8.32	A	-		
824	91	O	8.32	T	-		
824	92	O	8.32	A	-		
824	93	O	8.32	A	-		
824	94	O	8.32	G	-		
824	95	O	8.32	G	-		
824	96	O	8.32	A	-		
824	97	O	8.32	G	-		
824	98	O	8.32	G	-		
824	99	O	8.32	A	-		
824	100	O	8.32	A	-		
824	101	O	8.32	G	-		
824	102	O	8.32	C	-		
824	103	O	8.32	T	-		
824	104	O	8.32	G	-		
824	105	O	8.32	A	-		
824	106	O	8.32	T	-		
824	107	O	8.32	T	-		
824	108	O	8.32	G	-		
824	109	O	8.32	A	-		
825	0	O	5.55	C	-		
825	1	O	5.55	C	-		
825	2	O	5.55	A	-		
825	3	O	5.55	G	-		
825	4	O	5.55	G	-		
825	5	O	5.55	C	-		
825	6	O	5.55	G	-		
825	7	O	5.55	A	-		
825	8	O	5.55	A	-		
825	9	O	5.55	A	-		
825	10	O	5.55	C	-		
825	11	O	5.55	G	-		
825	12	O	5.55	C	-		
825	13	O	5.55	C	-		
825	14	O	5.55	G	-		
825	15	O	5.55	C	-		
825	16	O	5.55	A	-		
825	17	O	5.55	A	-		
825	18	O	5.55	C	-		
825	19	O	5.55	G	-		
825	20	O	5.55	A	-		
825	21	O	5.55	T	-		
825	22	O	5.55	T	-		
825	23	O	5.55	T	-		
825	24	O	5.55	C	-		
825	25	O	5.55	T	-		
825	26	O	5.55	A	-		
825	27	O	5.55	A	-		
825	28	O	5.55	T	-		
825	29	O	5.55	T	-		
825	30	O	5.55	C	-		
825	31	O	5.55	C	-		
825	32	O	5.55	G	-		
825	33	O	5.55	T	-		
825	34	O	5.55	G	-		
825	35	O	5.55	A	-		
825	36	O	5.55	T	-		
825	37	O	5.55	C	-		
825	38	O	5.55	A	-		
825	39	O	5.55	T	-		
825	40	O	5.55	C	-		
825	41	O	5.55	T	-		
825	42	O	5.55	C	-		
825	43	O	5.55	G	-		
825	44	O	5.55	C	-		
825	45	O	5.55	G	-		
825	46	O	5.55	C	-		
825	47	O	5.55	A	-		
825	48	O	5.55	A	-		
825	49	O	5.55	G	-		
825	50	O	5.55	T	-		
825	51	O	5.55	T	-		
825	52	O	5.55	G	-		
825	53	O	5.55	A	-		
825	54	O	5.55	C	-		
825	55	O	5.55	G	-		
825	56	O	5.55	C	-		
825	57	O	5.55	A	-		
825	58	O	5.55	A	-		
825	59	O	5.55	C	-		
825	60	O	5.55	A	-		
825	61	O	5.55	G	-		
825	62	O	5.55	A	-		
825	63	O	5.55	C	-		
825	64	O	5.55	T	-		
825	65	O	5.55	T	-		
825	66	O	5.55	T	-		
825	67	O	5.55	C	-		
825	68	O	5.55	C	-		
825	69	O	5.55	C	-		
825	70	O	5.55	C	-		
825	71	O	5.55	A	-		
825	72	O	5.55	A	-		
825	73	O	5.55	C	-		
825	74	O	5.55	A	-		
825	75	O	5.55	T	-		
825	76	O	5.55	C	-		
825	77	O	5.55	C	-		
825	78	O	5.55	A	-		
825	79	O	5.55	C	-		
825	80	O	5.55	A	-		
825	81	O	5.55	C	-		
825	82	O	5.55	C	-		
825	83	O	5.55	A	-		
825	84	O	5.55	G	-		
825	85	O	5.55	A	-		
825	86	O	5.55	C	-		
825	87	O	5.55	T	-		
825	88	O	5.55	T	-		
825	89	O	5.55	C	-		
825	90	O	5.55	A	-		
825	91	O	5.55	C	-		
825	92	O	5.55	C	-		
825	93	O	5.55	G	-		
825	94	O	5.55	T	-		
825	95	O	5.55	G	-		
825	96	O	5.55	T	-		
825	97	O	5.55	A	-		
825	98	O	5.55	A	-		
825	99	O	5.55	C	-		
825	100	O	5.55	A	-		
825	101	O	5.55	C	-		
825	102	O	5.55	T	-		
825	103	O	5.55	C	-		
825	104	O	5.55	A	-		
825	105	O	5.55	C	-		
825	106	O	5.55	C	-		
825	107	O	5.55	G	-		
825	108	O	5.55	A	-		
825	109	O	5.55	C	-		
826	0	O	9.70	T	-		
826	1	O	9.70	G	-		
826	2	O	9.70	G	-		
826	3	O	9.70	A	-		
826	4	O	9.70	G	-		
826	5	O	9.70	G	-		
826	6	O	9.70	C	-		
826	7	O	9.70	T	-		
826	8	O	9.70	A	-		
826	9	O	9.70	C	-		
826	10	O	9.70	C	-		
826	11	O	9.70	A	-		
826	12	O	9.70	T	-		
826	13	O	9.70	G	-		
826	14	O	9.70	T	-		
826	15	O	9.70	C	-		
826	16	O	9.70	G	-		
826	17	O	9.70	T	-		
826	18	O	9.70	C	-		
826	19	O	9.70	G	-		
826	20	O	9.70	G	-		
826	21	O	9.70	A	-		
826	22	O	9.70	A	-		
826	23	O	9.70	G	-		
826	24	O	9.70	C	-		
826	25	O	9.70	T	-		
826	26	O	9.70	C	-		
826	27	O	9.70	C	-		
826	28	O	9.70	T	-		
826	29	O	9.70	T	-		
826	30	O	9.70	C	-		
826	31	O	9.70	G	-		
826	32	O	9.70	T	-		
826	33	O	9.70	T	-		
826	34	O	9.70	G	-		
826	35	O	9.70	C	-		
826	36	O	9.70	G	-		
826	37	O	9.70	G	-		
826	38	O	9.70	G	-		
826	39	O	9.70	C	-		
826	40	O	9.70	G	-		
826	41	O	9.70	T	-		
826	42	O	9.70	T	-		
826	43	O	9.70	A	-		
826	44	O	9.70	T	-		
826	45	O	9.70	G	-		
826	46	O	9.70	T	-		
826	47	O	9.70	A	-		
826	48	O	9.70	C	-		
826	49	O	9.70	G	-		
826	50	O	9.70	G	-		
826	51	O	9.70	C	-		
826	52	O	9.70	G	-		
826	53	O	9.70	A	-		
826	54	O	9.70	A	-		
826	55	O	9.70	C	-		
826	56	O	9.70	T	-		
826	57	O	9.70	T	-		
826	58	O	9.70	G	-		
826	59	O	9.70	T	-		
826	60	O	9.70	A	-		
826	61	O	9.70	A	-		
826	62	O	9.70	A	-		
826	63	O	9.70	G	-		
826	64	O	9.70	C	-		
826	65	O	9.70	A	-		
826	66	O	9.70	A	-		
826	67	O	9.70	A	-		
826	68	O	9.70	T	-		
826	69	O	9.70	G	-		
826	70	O	9.70	C	-		
826	71	O	9.70	A	-		
826	72	O	9.70	A	-		
826	73	O	9.70	A	-		
826	74	O	9.70	G	-		
826	75	O	9.70	C	-		
826	76	O	9.70	G	-		
826	77	O	9.70	A	-		
826	78	O	9.70	G	-		
826	79	O	9.70	G	-		
826	80	O	9.70	A	-		
826	81	O	9.70	C	-		
826	82	O	9.70	A	-		
826	83	O	9.70	G	-		
826	84	O	9.70	C	-		
826	85	O	9.70	C	-		
826	86	O	9.70	T	-		
826	87	O	9.70	T	-		
826	88	O	9.70	G	-		
826	89	O	9.70	C	-		
826	90	O	9.70	G	-		
826	91	O	9.70	G	-		
826	92	O	9.70	A	-		
826	93	O	9.70	T	-		
826	94	O	9.70	C	-		
826	95	O	9.70	A	-		
826	96	O	9.70	T	-		
826	97	O	9.70	A	-		
826	98	O	9.70	C	-		
826	99	O	9.70	G	-		
826	100	O	9.70	A	-		
826	101	O	9.70	A	-		
826	102	O	9.70	G	-		
826	103	O	9.70	T	-		
826	104	O	9.70	C	-		
826	105	O	9.70	T	-		
826	106	O	9.70	T	-		
826	107	O	9.70	T	-		
826	108	O	9.70	T	-		
826	109	O	9.70	A	-		
827	0	O	5.55	A	-		
827	1	O	5.55	A	-		
827	2	O	5.55	T	-		
827	3	O	5.55	G	-		
827	4	O	5.55	C	-		
827	5	O	5.55	G	-		
827	6	O	5.55	A	-		
827	7	O	5.55	G	-		
827	8	O	5.55	T	-		
827	9	O	5.55	T	-		
827	10	O	5.55	C	-		
827	11	O	5.55	G	-		
827	12	O	5.55	C	-		
827	13	O	5.55	C	-		
827	14	O	5.55	C	-		
827	15	O	5.55	A	-		
827	16	O	5.55	G	-		
827	17	O	5.55	C	-		
827	18	O	5.55	T	-		
827	19	O	5.55	C	-		
827	20	O	5.55	G	-		
827	21	O	5.55	A	-		
827	22	O	5.55	A	-		
827	23	O	5.55	G	-		
827	24	O	5.55	A	-		
827	25	O	5.55	G	-		
827	26	O	5.55	C	-		
827	27	O	5.55	T	-		
827	28	O	5.55	A	-		
827	29	O	5.55	G	-		
827	30	O	5.55	C	-		
827	31	O	5.55	C	-		
827	32	O	5.55	A	-		
827	33	O	5.55	A	-		
827	34	O	5.55	G	-		
827	35	O	5.55	T	-		
827	36	O	5.55	C	-		
827	37	O	5.55	G	-		
827	38	O	5.55	G	-		
827	39	O	5.55	A	-		
827	40	O	5.55	C	-		
827	41	O	5.55	G	-		
827	42	O	5.55	A	-		
827	43	O	5.55	G	-		
827	44	O	5.55	C	-		
827	45	O	5.55	T	-		
827	46	O	5.55	C	-		
827	47	O	5.55	G	-		
827	48	O	5.55	A	-		
827	49	O	5.55	C	-		
827	50	O	5.55	G	-		
827	51	O	5.55	G	-		
827	52	O	5.55	C	-		
827	53	O	5.55	T	-		
827	54	O	5.55	C	-		
827	55	O	5.55	C	-		
827	56	O	5.55	A	-		
827	57	O	5.55	G	-		
827	58	O	5.55	C	-		
827	59	O	5.55	A	-		
827	60	O	5.55	G	-		
827	61	O	5.55	G	-		
827	62	O	5.55	C	-		
827	63	O	5.55	C	-		
827	64	O	5.55	G	-		
827	65	O	5.55	G	-		
827	66	O	5.55	C	-		
827	67	O	5.55	G	-		
827	68	O	5.55	A	-		
827	69	O	5.55	G	-		
827	70	O	5.55	G	-		
827	71	O	5.55	A	-		
827	72	O	5.55	G	-		
827	73	O	5.55	G	-		
827	74	O	5.55	G	-		
827	75	O	5.55	T	-		
827	76	O	5.55	G	-		
827	77	O	5.55	C	-		
827	78	O	5.55	G	-		
827	79	O	5.55	A	-		
827	80	O	5.55	A	-		
827	81	O	5.55	C	-		
827	82	O	5.55	A	-		
827	83	O	5.55	T	-		
827	84	O	5.55	C	-		
827	85	O	5.55	C	-		
827	86	O	5.55	T	-		
827	87	O	5.55	G	-		
827	88	O	5.55	C	-		
827	89	O	5.55	G	-		
827	90	O	5.55	T	-		
827	91	O	5.55	G	-		
827	92	O	5.55	A	-		
827	93	O	5.55	G	-		
827	94	O	5.55	T	-		
827	95	O	5.55	C	-		
827	96	O	5.55	C	-		
827	97	O	5.55	C	-		
827	98	O	5.55	G	-		
827	99	O	5.55	C	-		
827	100	O	5.55	C	-		
827	101	O	5.55	G	-		
827	102	O	5.55	A	-		
827	103	O	5.55	C	-		
827	104	O	5.55	C	-		
827	105	O	5.55	A	-		
827	106	O	5.55	G	-		
827	107	O	5.55	T	-		
827	108	O	5.55	C	-		
827	109	O	5.55	G	-		
828	0	O	6.93	A	-		
828	1	O	6.93	A	-		
828	2	O	6.93	G	-		
828	3	O	6.93	T	-		
828	4	O	6.93	T	-		
828	5	O	6.93	T	-		
828	6	O	6.93	G	-		
828	7	O	6.93	T	-		
828	8	O	6.93	G	-		
828	9	O	6.93	G	-		
828	10	O	6.93	C	-		
828	11	O	6.93	T	-		
828	12	O	6.93	A	-		
828	13	O	6.93	G	-		
828	14	O	6.93	C	-		
828	15	O	6.93	A	-		
828	16	O	6.93	T	-		
828	17	O	6.93	C	-		
828	18	O	6.93	G	-		
828	19	O	6.93	G	-		
828	20	O	6.93	C	-		
828	21	O	6.93	A	-		
828	22	O	6.93	T	-		
828	23	O	6.93	C	-		
828	24	O	6.93	A	-		
828	25	O	6.93	A	-		
828	26	O	6.93	A	-		
828	27	O	6.93	G	-		
828	28	O	6.93	G	-		
828	29	O	6.93	C	-		
828	30	O	6.93	G	-		
828	31	O	6.93	C	-		
828	32	O	6.93	T	-		
828	33	O	6.93	C	-		
828	34	O	6.93	A	-		
828	35	O	6.93	G	-		
828	36	O	6.93	G	-		
828	37	O	6.93	T	-		
828	38	O	6.93	C	-		
828	39	O	6.93	A	-		
828	40	O	6.93	C	-		
828	41	O	6.93	C	-		
828	42	O	6.93	G	-		
828	43	O	6.93	C	-		
828	44	O	6.93	A	-		
828	45	O	6.93	A	-		
828	46	O	6.93	G	-		
828	47	O	6.93	C	-		
828	48	O	6.93	A	-		
828	49	O	6.93	A	-		
828	50	O	6.93	G	-		
828	51	O	6.93	G	-		
828	52	O	6.93	A	-		
828	53	O	6.93	A	-		
828	54	O	6.93	C	-		
828	55	O	6.93	G	-		
828	56	O	6.93	G	-		
828	57	O	6.93	C	-		
828	58	O	6.93	G	-		
828	59	O	6.93	C	-		
828	60	O	6.93	A	-		
828	61	O	6.93	A	-		
828	62	O	6.93	T	-		
828	63	O	6.93	C	-		
828	64	O	6.93	C	-		
828	65	O	6.93	A	-		
828	66	O	6.93	G	-		
828	67	O	6.93	C	-		
828	68	O	6.93	G	-		
828	69	O	6.93	G	-		
828	70	O	6.93	T	-		
828	71	O	6.93	T	-		
828	72	O	6.93	G	-		
828	73	O	6.93	C	-		
828	74	O	6.93	C	-		
828	75	O	6.93	T	-		
828	76	O	6.93	T	-		
828	77	O	6.93	C	-		
828	78	O	6.93	G	-		
828	79	O	6.93	T	-		
828	80	O	6.93	C	-		
828	81	O	6.93	T	-		
828	82	O	6.93	T	-		
828	83	O	6.93	C	-		
828	84	O	6.93	A	-		
828	85	O	6.93	T	-		
828	86	O	6.93	C	-		
828	87	O	6.93	T	-		
828	88	O	6.93	T	-		
828	89	O	6.93	C	-		
828	90	O	6.93	G	-		
828	91	O	6.93	G	-		
828	92	O	6.93	T	-		
828	93	O	6.93	G	-		
828	94	O	6.93	T	-		
828	95	O	6.93	C	-		
828	96	O	6.93	T	-		
828	97	O	6.93	G	-		
828	98	O	6.93	A	-		
828	99	O	6.93	G	-		
828	100	O	6.93	C	-		
828	101	O	6.93	C	-		
828	102	O	6.93	G	-		
828	103	O	6.93	A	-		
828	104	O	6.93	A	-		
828	105	O	6.93	C	-		
828	106	O	6.93	T	-		
828	107	O	6.93	C	-		
828	108	O	6.93	A	-		
828	109	O	6.93	A	-		
829	0	O	5.55	T	-		
829	1	O	5.55	A	-		
829	2	O	5.55	A	-		
829	3	O	5.55	G	-		
829	4	O	5.55	A	-		
829	5	O	5.55	G	-		
829	6	O	5.55	A	-		
829	7	O	5.55	A	-		
829	8	O	5.55	G	-		
829	9	O	5.55	T	-		
829	10	O	5.55	G	-		
829	11	O	5.55	T	-		
829	12	O	5.55	G	-		
829	13	O	5.55	C	-		
829	14	O	5.55	A	-		
829	15	O	5.55	T	-		
829	16	O	5.55	G	-		
829	17	O	5.55	C	-		
829	18	O	5.55	A	-		
829	19	O	5.55	G	-		
829	20	O	5.55	T	-		
829	21	O	5.55	C	-		
829	22	O	5.55	C	-		
829	23	O	5.55	A	-		
829	24	O	5.55	C	-		
829	25	O	5.55	G	-		
829	26	O	5.55	T	-		
829	27	O	5.55	G	-		
829	28	O	5.55	C	-		
829	29	O	5.55	G	-		
829	30	O	5.55	G	-		
829	31	O	5.55	G	-		
829	32	O	5.55	G	-		
829	33	O	5.55	T	-		
829	34	O	5.55	T	-		
829	35	O	5.55	C	-		
829	36	O	5.55	T	-		
829	37	O	5.55	T	-		
829	38	O	5.55	G	-		
829	39	O	5.55	T	-		
829	40	O	5.55	C	-		
829	41	O	5.55	G	-		
829	42	O	5.55	T	-		
829	43	O	5.55	T	-		
829	44	O	5.55	G	-		
829	45	O	5.55	A	-		
829	46	O	5.55	A	-		
829	47	O	5.55	C	-		
829	48	O	5.55	T	-		
829	49	O	5.55	T	-		
829	50	O	5.55	T	-		
829	51	O	5.55	A	-		
829	52	O	5.55	T	-		
829	53	O	5.55	T	-		
829	54	O	5.55	G	-		
829	55	O	5.55	C	-		
829	56	O	5.55	C	-		
829	57	O	5.55	G	-		
829	58	O	5.55	T	-		
829	59	O	5.55	C	-		
829	60	O	5.55	C	-		
829	61	O	5.55	A	-		
829	62	O	5.55	T	-		
829	63	O	5.55	C	-		
829	64	O	5.55	G	-		
829	65	O	5.55	T	-		
829	66	O	5.55	G	-		
829	67	O	5.55	G	-		
829	68	O	5.55	A	-		
829	69	O	5.55	A	-		
829	70	O	5.55	C	-		
829	71	O	5.55	A	-		
829	72	O	5.55	A	-		
829	73	O	5.55	T	-		
829	74	O	5.55	T	-		
829	75	O	5.55	C	-		
829	76	O	5.55	T	-		
829	77	O	5.55	C	-		
829	78	O	5.55	C	-		
829	79	O	5.55	C	-		
829	80	O	5.55	G	-		
829	81	O	5.55	G	-		
829	82	O	5.55	A	-		
829	83	O	5.55	C	-		
829	84	O	5.55	T	-		
829	85	O	5.55	T	-		
829	86	O	5.55	A	-		
829	87	O	5.55	C	-		
829	88	O	5.55	T	-		
829	89	O	5.55	T	-		
829	90	O	5.55	T	-		
829	91	O	5.55	G	-		
829	92	O	5.55	C	-		
829	93	O	5.55	G	-		
829	94	O	5.55	A	-		
829	95	O	5.55	G	-		
829	96	O	5.55	G	-		
829	97	O	5.55	A	-		
829	98	O	5.55	T	-		
829	99	O	5.55	G	-		
829	100	O	5.55	T	-		
829	101	O	5.55	G	-		
829	102	O	5.55	A	-		
829	103	O	5.55	G	-		
829	104	O	5.55	T	-		
829	105	O	5.55	G	-		
829	106	O	5.55	A	-		
829	107	O	5.55	G	-		
829	108	O	5.55	T	-		
829	109	O	5.55	G	-		
830	0	O	20.79	C	-		
830	1	O	20.79	G	-		
830	2	O	20.79	C	-		
830	3	O	20.79	A	-		
830	4	O	20.79	G	-		
830	5	O	20.79	A	-		
830	6	O	20.79	G	-		
830	7	O	20.79	T	-		
830	8	O	20.79	T	-		
830	9	O	20.79	G	-		
830	10	O	20.79	T	-		
830	11	O	20.79	T	-		
830	12	O	20.79	G	-		
830	13	O	20.79	G	-		
830	14	O	20.79	C	-		
830	15	O	11.25	T	-		
830	16	O	20.79	T	-		
830	17	O	20.79	C	-		
830	18	O	20.79	C	-		
830	19	O	20.79	G	-		
830	20	O	20.79	G	-		
830	21	O	20.79	A	-		
830	22	O	20.79	G	-		
830	23	O	20.79	A	-		
830	24	O	20.79	G	-		
830	25	O	20.79	T	-		
830	26	O	20.79	T	-		
830	27	O	20.79	T	-		
830	28	O	20.79	G	-		
830	29	O	20.79	G	-		
830	30	O	20.79	G	-		
830	31	O	20.79	A	-		
830	32	O	20.79	G	-		
830	33	O	20.79	A	-		
830	34	O	20.79	G	-		
830	35	O	20.79	T	-		
830	36	O	20.79	G	-		
830	37	O	20.79	C	-		
830	38	O	20.79	G	-		
830	39	O	20.79	G	-		
830	40	O	20.79	G	-		
830	41	O	20.79	A	-		
830	42	O	20.79	C	-		
830	43	O	20.79	T	-		
830	44	O	20.79	G	-		
830	45	O	20.79	G	-		
830	46	O	20.79	T	-		
830	47	O	20.79	C	-		
830	48	O	20.79	A	-		
830	49	O	20.79	G	-		
830	50	O	20.79	G	-		
830	51	O	20.79	C	-		
830	52	O	20.79	G	-		
830	53	O	20.79	T	-		
830	54	O	11.25	A	-		
830	55	O	20.79	G	-		
830	56	O	20.79	G	-		
830	57	O	20.79	A	-		
830	58	O	11.25	A	-		
830	59	O	20.79	A	-		
830	60	O	20.79	G	-		
830	61	O	20.79	G	-		
830	62	O	20.79	G	-		
830	63	O	20.79	A	-		
830	64	O	20.79	A	-		
830	65	O	20.79	G	-		
830	66	O	20.79	G	-		
830	67	O	20.79	A	-		
830	68	O	20.79	G	-		
830	69	O	20.79	G	-		
830	70	O	20.79	G	-		
830	71	O	20.79	C	-		
830	72	O	20.79	T	-		
830	73	O	20.79	C	-		
830	74	O	20.79	C	-		
830	75	O	20.79	C	-		
830	76	O	20.79	A	-		
830	77	O	20.79	G	-		
830	78	O	20.79	G	-		
830	79	O	20.79	C	-		
830	80	O	20.79	G	-		
830	81	O	20.79	A	-		
830	82	O	20.79	T	-		
830	83	O	20.79	G	-		
830	84	O	20.79	T	-		
830	85	O	20.79	T	-		
830	86	O	20.79	T	-		
830	87	O	20.79	G	-		
830	88	O	20.79	A	-		
830	89	O	20.79	C	-		
830	90	O	20.79	A	-		
830	91	O	20.79	C	-		
830	92	O	20.79	G	-		
830	93	O	20.79	T	-		
830	94	O	20.79	A	-		
830	95	O	20.79	A	-		
830	96	O	20.79	C	-		
830	97	O	20.79	A	-		
830	98	O	20.79	G	-		
830	99	O	20.79	A	-		
830	100	O	20.79	C	-		
830	101	O	20.79	T	-		
830	102	O	20.79	A	-		
830	103	O	20.79	T	-		
830	104	O	20.79	A	-		
830	105	O	20.79	C	-		
830	106	O	20.79	G	-		
830	107	O	20.79	A	-		
830	108	O	20.79	C	-		
830	109	O	20.79	T	-		
831	0	O	13.86	A	-		
831	1	O	13.86	T	-		
831	2	O	13.86	C	-		
831	3	O	13.86	G	-		
831	4	O	13.86	A	-		
831	5	O	13.86	G	-		
831	6	O	13.86	A	-		
831	7	O	13.86	C	-		
831	8	O	13.86	A	-		
831	9	O	13.86	T	-		
831	10	O	13.86	G	-		
831	11	O	13.86	C	-		
831	12	O	13.86	A	-		
831	13	O	13.86	G	-		
831	14	O	13.86	A	-		
831	15	O	13.86	T	-		
831	16	O	13.86	A	-		
831	17	O	13.86	A	-		
831	18	O	13.86	C	-		
831	19	O	13.86	A	-		
831	20	O	13.86	A	-		
831	21	O	13.86	C	-		
831	22	O	13.86	A	-		
831	23	O	13.86	G	-		
831	24	O	13.86	C	-		
831	25	O	13.86	T	-		
831	26	O	13.86	G	-		
831	27	O	13.86	G	-		
831	28	O	13.86	A	-		
831	29	O	13.86	C	-		
831	30	O	13.86	G	-		
831	31	O	13.86	G	-		
831	32	O	13.86	C	-		
831	33	O	13.86	C	-		
831	34	O	13.86	A	-		
831	35	O	13.86	T	-		
831	36	O	13.86	G	-		
831	37	O	13.86	G	-		
831	38	O	13.86	C	-		
831	39	O	13.86	T	-		
831	40	O	13.86	T	-		
831	41	O	13.86	G	-		
831	42	O	13.86	G	-		
831	43	O	13.86	A	-		
831	44	O	13.86	T	-		
831	45	O	13.86	G	-		
831	46	O	13.86	A	-		
831	47	O	13.86	C	-		
831	48	O	13.86	C	-		
831	49	O	13.86	G	-		
831	50	O	13.86	T	-		
831	51	O	13.86	T	-		
831	52	O	13.86	G	-		
831	53	O	13.86	T	-		
831	54	O	13.86	C	-		
831	55	O	13.86	C	-		
831	56	O	13.86	G	-		
831	57	O	13.86	C	-		
831	58	O	13.86	T	-		
831	59	O	13.86	T	-		
831	60	O	13.86	T	-		
831	61	O	13.86	G	-		
831	62	O	13.86	A	-		
831	63	O	13.86	T	-		
831	64	O	13.86	G	-		
831	65	O	13.86	T	-		
831	66	O	13.86	G	-		
831	67	O	13.86	C	-		
831	68	O	13.86	T	-		
831	69	O	13.86	C	-		
831	70	O	13.86	G	-		
831	71	O	13.86	A	-		
831	72	O	13.86	C	-		
831	73	O	13.86	G	-		
831	74	O	13.86	T	-		
831	75	O	13.86	G	-		
831	76	O	13.86	A	-		
831	77	O	13.86	G	-		
831	78	O	13.86	A	-		
831	79	O	13.86	C	-		
831	80	O	13.86	G	-		
831	81	O	13.86	A	-		
831	82	O	13.86	A	-		
831	83	O	13.86	T	-		
831	84	O	13.86	G	-		
831	85	O	13.86	A	-		
831	86	O	13.86	C	-		
831	87	O	13.86	T	-		
831	88	O	13.86	T	-		
831	89	O	13.86	T	-		
831	90	O	13.86	T	-		
831	91	O	13.86	G	-		
831	92	O	13.86	T	-		
831	93	O	13.86	A	-		
831	94	O	13.86	T	-		
831	95	O	13.86	C	-		
831	96	O	13.86	T	-		
831	97	O	13.86	A	-		
831	98	O	13.86	C	-		
831	99	O	13.86	A	-		
831	100	O	13.86	G	-		
831	101	O	13.86	A	-		
831	102	O	13.86	C	-		
831	103	O	13.86	A	-		
831	104	O	13.86	G	-		
831	105	O	13.86	A	-		
831	106	O	13.86	A	-		
831	107	O	13.86	G	-		
831	108	O	13.86	C	-		
831	109	O	13.86	T	-		
832	0	O	6.93	T	-		
832	1	O	6.93	G	-		
832	2	O	6.93	T	-		
832	3	O	6.93	C	-		
832	4	O	6.93	T	-		
832	5	O	6.93	T	-		
832	6	O	6.93	T	-		
832	7	O	6.93	G	-		
832	8	O	6.93	G	-		
832	9	O	6.93	T	-		
832	10	O	6.93	G	-		
832	11	O	6.93	A	-		
832	12	O	6.93	A	-		
832	13	O	6.93	A	-		
832	14	O	6.93	G	-		
832	15	O	6.93	G	-		
832	16	O	6.93	A	-		
832	17	O	6.93	T	-		
832	18	O	6.93	C	-		
832	19	O	6.93	T	-		
832	20	O	6.93	C	-		
832	21	O	6.93	A	-		
832	22	O	6.93	A	-		
832	23	O	6.93	A	-		
832	24	O	6.93	A	-		
832	25	O	6.93	T	-		
832	26	O	6.93	G	-		
832	27	O	6.93	C	-		
832	28	O	6.93	C	-		
832	29	O	6.93	C	-		
832	30	O	6.93	T	-		
832	31	O	6.93	G	-		
832	32	O	6.93	G	-		
832	33	O	6.93	G	-		
832	34	O	6.93	A	-		
832	35	O	6.93	A	-		
832	36	O	6.93	C	-		
832	37	O	6.93	A	-		
832	38	O	6.93	C	-		
832	39	O	6.93	C	-		
832	40	O	6.93	C	-		
832	41	O	6.93	T	-		
832	42	O	6.93	G	-		
832	43	O	6.93	C	-		
832	44	O	6.93	T	-		
832	45	O	6.93	A	-		
832	46	O	6.93	T	-		
832	47	O	6.93	G	-		
832	48	O	6.93	T	-		
832	49	O	6.93	T	-		
832	50	O	6.93	G	-		
832	51	O	6.93	T	-		
832	52	O	6.93	G	-		
832	53	O	6.93	C	-		
832	54	O	6.93	A	-		
832	55	O	6.93	T	-		
832	56	O	6.93	T	-		
832	57	O	6.93	T	-		
832	58	O	6.93	T	-		
832	59	O	6.93	G	-		
832	60	O	6.93	G	-		
832	61	O	6.93	C	-		
832	62	O	6.93	A	-		
832	63	O	6.93	G	-		
832	64	O	6.93	G	-		
832	65	O	6.93	C	-		
832	66	O	6.93	A	-		
832	67	O	6.93	A	-		
832	68	O	6.93	G	-		
832	69	O	6.93	T	-		
832	70	O	6.93	T	-		
832	71	O	6.93	C	-		
832	72	O	6.93	C	-		
832	73	O	6.93	T	-		
832	74	O	6.93	C	-		
832	75	O	6.93	A	-		
832	76	O	6.93	C	-		
832	77	O	6.93	T	-		
832	78	O	6.93	C	-		
832	79	O	6.93	T	-		
832	80	O	6.93	G	-		
832	81	O	6.93	A	-		
832	82	O	6.93	G	-		
832	83	O	6.93	G	-		
832	84	O	6.93	T	-		
832	85	O	6.93	T	-		
832	86	O	6.93	C	-		
832	87	O	6.93	A	-		
832	88	O	6.93	A	-		
832	89	O	6.93	G	-		
832	90	U	-0.27	A	T		
832	91	O	6.93	T	-		
832	92	O	6.93	C	-		
832	93	O	6.93	T	-		
832	94	O	6.93	T	-		
832	95	O	6.93	T	-		
832	96	O	6.93	G	-		
832	97	O	6.93	A	-		
832	98	O	6.93	C	-		
832	99	O	6.93	A	-		
832	100	O	6.93	A	-		
832	101	O	6.93	T	-		
832	102	O	6.93	T	-		
832	103	O	6.93	A	-		
832	104	O	6.93	C	-		
832	105	O	6.93	C	-		
832	106	O	6.93	C	-		
832	107	O	6.93	A	-		
832	108	O	6.93	T	-		
832	109	O	6.93	A	-		
833	0	O	6.93	A	-		
833	1	O	6.93	T	-		
833	2	O	6.93	C	-		
833	3	O	6.93	A	-		
833	4	O	6.93	C	-		
833	5	O	6.93	G	-		
833	6	O	6.93	T	-		
833	7	O	6.93	G	-		
833	8	O	6.93	T	-		
833	9	O	6.93	A	-		
833	10	O	6.93	T	-		
833	11	O	6.93	C	-		
833	12	O	6.93	C	-		
833	13	O	6.93	G	-		
833	14	O	6.93	G	-		
833	15	O	6.93	G	-		
833	16	O	6.93	C	-		
833	17	O	6.93	G	-		
833	18	O	6.93	G	-		
833	19	O	6.93	C	-		
833	20	O	6.93	A	-		
833	21	O	6.93	T	-		
833	22	O	6.93	G	-		
833	23	O	6.93	C	-		
833	24	O	6.93	A	-		
833	25	O	6.93	C	-		
833	26	O	6.93	T	-		
833	27	O	6.93	T	-		
833	28	O	6.93	C	-		
833	29	O	6.93	A	-		
833	30	O	6.93	C	-		
833	31	O	6.93	C	-		
833	32	O	6.93	A	-		
833	33	O	6.93	T	-		
833	34	O	6.93	C	-		
833	35	O	6.93	G	-		
833	36	O	6.93	G	-		
833	37	O	6.93	C	-		
833	38	O	6.93	A	-		
833	39	O	6.93	A	-		
833	40	O	6.93	C	-		
833	41	O	6.93	G	-		
833	42	O	6.93	A	-		
833	43	O	6.93	G	-		
833	44	O	6.93	T	-		
833	45	O	6.93	T	-		
833	46	O	6.93	C	-		
833	47	O	6.93	T	-		
833	48	O	6.93	C	-		
833	49	O	6.93	G	-		
833	50	O	6.93	C	-		
833	51	O	6.93	T	-		
833	52	O	6.93	C	-		
833	53	O	6.93	A	-		
833	54	O	6.93	T	-		
833	55	O	6.93	C	-		
833	56	O	6.93	C	-		
833	57	O	6.93	A	-		
833	58	O	6.93	G	-		
833	59	O	6.93	C	-		
833	60	O	6.93	G	-		
833	61	O	6.93	C	-		
833	62	O	6.93	C	-		
833	63	O	6.93	G	-		
833	64	O	6.93	C	-		
833	65	O	6.93	G	-		
833	66	O	6.93	T	-		
833	67	O	6.93	G	-		
833	68	O	6.93	G	-		
833	69	O	6.93	T	-		
833	70	O	6.93	G	-		
833	71	O	6.93	A	-		
833	72	O	6.93	C	-		
833	73	O	6.93	C	-		
833	74	O	6.93	T	-		
833	75	O	6.93	T	-		
833	76	O	6.93	C	-		
833	77	O	6.93	G	-		
833	78	O	6.93	C	-		
833	79	O	6.93	C	-		
833	80	O	6.93	A	-		
833	81	O	6.93	A	-		
833	82	O	6.93	C	-		
833	83	O	6.93	C	-		
833	84	O	6.93	T	-		
833	85	O	6.93	G	-		
833	86	O	6.93	C	-		
833	87	O	6.93	T	-		
833	88	O	6.93	C	-		
833	89	O	6.93	A	-		
833	90	O	6.93	G	-		
833	91	O	6.93	G	-		
833	92	O	6.93	T	-		
833	93	O	6.93	A	-		
833	94	O	6.93	C	-		
833	95	O	6.93	T	-		
833	96	O	6.93	T	-		
833	97	O	6.93	C	-		
833	98	O	6.93	A	-		
833	99	O	6.93	C	-		
833	100	O	6.93	G	-		
833	101	O	6.93	C	-		
833	102	O	6.93	A	-		
833	103	O	6.93	G	-		
833	104	O	6.93	G	-		
833	105	O	6.93	G	-		
833	106	O	6.93	C	-		
833	107	O	6.93	A	-		
833	108	O	6.93	G	-		
833	109	O	6.93	A	-		
834	0	O	18.02	G	-		
834	1	O	18.02	A	-		
834	2	O	18.02	C	-		
834	3	O	18.02	C	-		
834	4	O	18.02	G	-		
834	5	O	18.02	A	-		
834	6	O	18.02	C	-		
834	7	O	18.02	C	-		
834	8	O	18.02	C	-		
834	9	O	18.02	C	-		
834	10	O	18.02	G	-		
834	11	O	18.02	A	-		
834	12	O	18.02	G	-		
834	13	O	18.02	G	-		
834	14	O	18.02	G	-		
834	15	O	18.02	A	-		
834	16	O	18.02	C	-		
834	17	O	18.02	T	-		
834	18	O	18.02	T	-		
834	19	O	18.02	G	-		
834	20	O	18.02	T	-		
834	21	O	18.02	T	-		
834	22	O	18.02	C	-		
834	23	O	18.02	G	-		
834	24	O	18.02	T	-		
834	25	O	18.02	G	-		
834	26	O	18.02	C	-		
834	27	O	18.02	C	-		
834	28	O	18.02	G	-		
834	29	O	18.02	G	-		
834	30	O	18.02	A	-		
834	31	O	18.02	T	-		
834	32	O	18.02	C	-		
834	33	O	18.02	C	-		
834	34	O	18.02	A	-		
834	35	O	18.02	A	-		
834	36	O	18.02	C	-		
834	37	O	18.02	A	-		
834	38	O	18.02	T	-		
834	39	O	18.02	A	-		
834	40	O	18.02	G	-		
834	41	O	18.02	A	-		
834	42	O	18.02	T	-		
834	43	O	18.02	G	-		
834	44	O	18.02	C	-		
834	45	O	18.02	C	-		
834	46	O	18.02	A	-		
834	47	O	18.02	G	-		
834	48	O	18.02	T	-		
834	49	O	18.02	C	-		
834	50	O	18.02	T	-		
834	51	O	18.02	T	-		
834	52	O	18.02	G	-		
834	53	O	18.02	C	-		
834	54	O	18.02	C	-		
834	55	O	18.02	C	-		
834	56	O	18.02	G	-		
834	57	O	18.02	G	-		
834	58	O	18.02	C	-		
834	59	O	18.02	T	-		
834	60	O	18.02	T	-		
834	61	O	18.02	T	-		
834	62	O	18.02	G	-		
834	63	O	18.02	T	-		
834	64	O	18.02	G	-		
834	65	O	18.02	A	-		
834	66	O	18.02	G	-		
834	67	O	18.02	G	-		
834	68	O	18.02	A	-		
834	69	O	18.02	C	-		
834	70	O	18.02	G	-		
834	71	O	18.02	A	-		
834	72	O	18.02	G	-		
834	73	O	18.02	G	-		
834	74	O	18.02	A	-		
834	75	O	18.02	G	-		
834	76	O	18.02	G	-		
834	77	O	18.02	T	-		
834	78	O	18.02	A	-		
834	79	O	18.02	G	-		
834	80	O	18.02	A	-		
834	81	O	18.02	T	-		
834	82	O	18.02	G	-		
834	83	O	18.02	C	-		
834	84	O	18.02	C	-		
834	85	O	18.02	C	-		
834	86	O	18.02	C	-		
834	87	O	18.02	A	-		
834	88	O	18.02	C	-		
834	89	O	18.02	T	-		
834	90	O	18.02	G	-		
834	91	O	18.02	A	-		
834	92	O	18.02	T	-		
834	93	O	18.02	A	-		
834	94	O	18.02	A	-		
834	95	O	18.02	T	-		
834	96	O	18.02	T	-		
834	97	O	18.02	C	-		
834	98	O	18.02	G	-		
834	99	O	18.02	T	-		
834	100	O	18.02	G	-		
834	101	O	18.02	C	-		
834	102	O	18.02	C	-		
834	103	O	18.02	G	-		
834	104	O	18.02	A	-		
834	105	O	18.02	C	-		
834	106	O	18.02	T	-		
834	107	O	18.02	T	-		
834	108	O	18.02	C	-		
834	109	O	18.02	G	-		
835	0	O	9.70	G	-		
835	1	O	9.70	G	-		
835	2	O	9.70	C	-		
835	3	O	9.70	A	-		
835	4	O	9.70	C	-		
835	5	O	9.70	T	-		
835	6	O	9.70	C	-		
835	7	O	9.70	A	-		
835	8	O	9.70	T	-		
835	9	O	9.70	A	-		
835	10	O	9.70	C	-		
835	11	O	9.70	C	-		
835	12	O	9.70	G	-		
835	13	O	9.70	A	-		
835	14	O	9.70	A	-		
835	15	O	9.70	G	-		
835	16	O	9.70	G	-		
835	17	O	9.70	T	-		
835	18	O	9.70	A	-		
835	19	O	9.70	T	-		
835	20	O	9.70	G	-		
835	21	O	9.70	C	-		
835	22	O	9.70	A	-		
835	23	O	9.70	T	-		
835	24	O	9.70	G	-		
835	25	O	9.70	T	-		
835	26	O	9.70	G	-		
835	27	O	9.70	A	-		
835	28	O	9.70	G	-		
835	29	O	9.70	C	-		
835	30	O	9.70	A	-		
835	31	O	9.70	C	-		
835	32	O	9.70	C	-		
835	33	O	9.70	G	-		
835	34	O	9.70	G	-		
835	35	O	9.70	C	-		
835	36	O	9.70	A	-		
835	37	O	9.70	T	-		
835	38	O	9.70	G	-		
835	39	O	9.70	A	-		
835	40	O	9.70	G	-		
835	41	O	9.70	C	-		
835	42	O	9.70	G	-		
835	43	O	9.70	T	-		
835	44	O	9.70	A	-		
835	45	O	9.70	T	-		
835	46	O	9.70	C	-		
835	47	O	9.70	G	-		
835	48	O	9.70	T	-		
835	49	O	9.70	G	-		
835	50	O	9.70	C	-		
835	51	O	9.70	C	-		
835	52	O	9.70	C	-		
835	53	O	9.70	A	-		
835	54	O	9.70	A	-		
835	55	O	9.70	C	-		
835	56	O	9.70	C	-		
835	57	O	9.70	C	-		
835	58	O	9.70	A	-		
835	59	O	9.70	A	-		
835	60	O	9.70	T	-		
835	61	O	9.70	G	-		
835	62	O	9.70	A	-		
835	63	O	9.70	T	-		
835	64	O	9.70	C	-		
835	65	O	9.70	C	-		
835	66	O	9.70	C	-		
835	67	O	9.70	C	-		
835	68	O	9.70	A	-		
835	69	O	9.70	T	-		
835	70	O	9.70	G	-		
835	71	O	9.70	C	-		
835	72	O	9.70	T	-		
835	73	O	9.70	T	-		
835	74	O	9.70	C	-		
835	75	O	9.70	A	-		
835	76	O	9.70	A	-		
835	77	O	9.70	T	-		
835	78	O	9.70	C	-		
835	79	O	9.70	G	-		
835	80	O	9.70	C	-		
835	81	O	9.70	A	-		
835	82	O	9.70	A	-		
835	83	O	9.70	C	-		
835	84	O	9.70	G	-		
835	85	O	9.70	A	-		
835	86	O	9.70	T	-		
835	87	O	9.70	G	-		
835	88	O	9.70	A	-		
835	89	O	9.70	G	-		
835	90	O	9.70	A	-		
835	91	O	9.70	G	-		
835	92	O	9.70	A	-		
835	93	O	9.70	G	-		
835	94	O	9.70	G	-		
835	95	O	9.70	T	-		
835	96	O	9.70	A	-		
835	97	O	9.70	G	-		
835	98	O	9.70	A	-		
835	99	O	9.70	C	-		
835	100	O	9.70	G	-		
835	101	O	9.70	G	-		
835	102	O	9.70	T	-		
835	103	O	9.70	A	-		
835	104	O	9.70	A	-		
835	105	O	9.70	T	-		
835	106	O	9.70	A	-		
835	107	O	9.70	C	-		
835	108	O	9.70	T	-		
835	109	O	9.70	G	-		
836	0	O	6.93	G	-		
836	1	O	6.93	A	-		
836	2	O	6.93	G	-		
836	3	O	6.93	A	-		
836	4	O	6.93	A	-		
836	5	O	6.93	G	-		
836	6	O	6.93	A	-		
836	7	O	6.93	A	-		
836	8	O	6.93	A	-		
836	9	O	6.93	G	-		
836	10	O	6.93	T	-		
836	11	O	6.93	A	-		
836	12	O	6.93	G	-		
836	13	O	6.93	T	-		
836	14	O	6.93	A	-		
836	15	O	6.93	A	-		
836	16	O	6.93	A	-		
836	17	O	6.93	A	-		
836	18	O	6.93	G	-		
836	19	O	6.93	A	-		
836	20	O	6.93	A	-		
836	21	O	6.93	A	-		
836	22	O	6.93	A	-		
836	23	O	6.93	G	-		
836	24	O	6.93	A	-		
836	25	O	6.93	G	-		
836	26	O	6.93	T	-		
836	27	O	6.93	A	-		
836	28	O	6.93	C	-		
836	29	O	6.93	A	-		
836	30	O	6.93	A	-		
836	31	O	6.93	G	-		
836	32	O	6.93	A	-		
836	33	O	6.93	G	-		
836	34	O	6.93	A	-		
836	35	O	6.93	G	-		
836	36	O	6.93	G	-		
836	37	O	6.93	A	-		
836	38	O	6.93	G	-		
836	39	O	6.93	A	-		
836	40	O	6.93	G	-		
836	41	O	6.93	G	-		
836	42	O	6.93	A	-		
836	43	O	6.93	C	-		
836	44	O	6.93	C	-		
836	45	O	6.93	G	-		
836	46	O	6.93	A	-		
836	47	O	6.93	A	-		
836	48	O	6.93	G	-		
836	49	O	6.93	A	-		
836	50	O	6.93	G	-		
836	51	O	6.93	A	-		
836	52	O	6.93	T	-		
836	53	O	6.93	G	-		
836	54	O	6.93	G	-		
836	55	O	6.93	T	-		
836	56	O	6.93	A	-		
836	57	O	6.93	A	-		
836	58	O	6.93	G	-		
836	59	O	6.93	A	-		
836	60	O	6.93	G	-		
836	61	U	-0.27	A	C		
836	62	O	6.93	A	-		
836	63	O	6.93	A	-		
836	64	O	6.93	A	-		
836	65	O	6.93	G	-		
836	66	O	6.93	G	-		
836	67	O	6.93	T	-		
836	68	O	6.93	A	-		
836	69	O	6.93	C	-		
836	70	O	6.93	A	-		
836	71	O	6.93	A	-		
836	72	O	6.93	G	-		
836	73	O	6.93	G	-		
836	74	O	6.93	A	-		
836	75	O	6.93	G	-		
836	76	O	6.93	A	-		
836	77	O	6.93	G	-		
836	78	O	6.93	A	-		
836	79	O	6.93	G	-		
836	80	O	6.93	G	-		
836	81	O	6.93	A	-		
836	82	O	6.93	T	-		
836	83	O	6.93	A	-		
836	84	O	6.93	G	-		
836	85	O	6.93	A	-		
836	86	O	6.93	T	-		
836	87	O	6.93	C	-		
836	88	O	6.93	T	-		
836	89	O	6.93	A	-		
836	90	O	6.93	C	-		
836	91	O	6.93	G	-		
836	92	O	6.93	A	-		
836	93	O	6.93	C	-		
836	94	O	6.93	T	-		
836	95	O	6.93	G	-		
836	96	O	6.93	T	-		
836	97	O	6.93	A	-		
836	98	O	6.93	A	-		
836	99	O	6.93	T	-		
836	100	O	6.93	T	-		
836	101	O	6.93	T	-		
836	102	O	6.93	T	-		
836	103	O	6.93	G	-		
836	104	O	6.93	G	-		
836	105	O	6.93	C	-		
836	106	O	6.93	C	-		
836	107	O	6.93	C	-		
836	108	O	6.93	A	-		
836	109	O	6.93	A	-		
837	0	O	6.93	C	-		
837	1	O	6.93	G	-		
837	2	O	6.93	C	-		
837	3	O	6.93	A	-		
837	4	O	6.93	T	-		
837	5	O	6.93	T	-		
837	6	O	6.93	C	-		
837	7	O	6.93	C	-		
837	8	O	6.93	T	-		
837	9	O	6.93	T	-		
837	10	O	6.93	G	-		
837	11	O	6.93	G	-		
837	12	O	6.93	T	-		
837	13	O	6.93	G	-		
837	14	O	6.93	T	-		
837	15	O	6.93	A	-		
837	16	O	6.93	A	-		
837	17	O	6.93	C	-		
837	18	O	6.93	C	-		
837	19	O	6.93	A	-		
837	20	O	6.93	G	-		
837	21	O	6.93	C	-		
837	22	O	6.93	A	-		
837	23	O	6.93	G	-		
837	24	O	6.93	C	-		
837	25	O	6.93	A	-		
837	26	O	6.93	G	-		
837	27	O	6.93	C	-		
837	28	O	6.93	A	-		
837	29	O	6.93	G	-		
837	30	O	6.93	A	-		
837	31	O	6.93	A	-		
837	32	O	6.93	A	-		
837	33	O	6.93	T	-		
837	34	O	6.93	A	-		
837	35	O	6.93	C	-		
837	36	O	6.93	C	-		
837	37	O	6.93	G	-		
837	38	O	6.93	T	-		
837	39	O	6.93	T	-		
837	40	O	6.93	T	-		
837	41	O	6.93	G	-		
837	42	O	6.93	A	-		
837	43	O	6.93	T	-		
837	44	O	6.93	A	-		
837	45	O	6.93	C	-		
837	46	U	-0.27	T	C		
837	47	O	6.93	C	-		
837	48	O	6.93	C	-		
837	49	O	6.93	C	-		
837	50	O	6.93	T	-		
837	51	O	6.93	T	-		
837	52	O	6.93	C	-		
837	53	O	6.93	C	-		
837	54	O	6.93	T	-		
837	55	O	6.93	G	-		
837	56	O	6.93	C	-		
837	57	O	6.93	T	-		
837	58	O	6.93	G	-		
837	59	O	6.93	T	-		
837	60	O	6.93	T	-		
837	61	O	6.93	T	-		
837	62	O	6.93	T	-		
837	63	O	6.93	C	-		
837	64	O	6.93	C	-		
837	65	O	6.93	T	-		
837	66	O	6.93	A	-		
837	67	O	6.93	C	-		
837	68	O	6.93	C	-		
837	69	O	6.93	C	-		
837	70	O	6.93	T	-		
837	71	O	6.93	T	-		
837	72	O	6.93	C	-		
837	73	O	6.93	C	-		
837	74	O	6.93	T	-		
837	75	O	6.93	T	-		
837	76	O	6.93	C	-		
837	77	O	6.93	T	-		
837	78	O	6.93	T	-		
837	79	O	6.93	C	-		
837	80	O	6.93	C	-		
837	81	O	6.93	T	-		
837	82	O	6.93	C	-		
837	83	O	6.93	C	-		
837	84	O	6.93	A	-		
837	85	O	6.93	T	-		
837	86	O	6.93	C	-		
837	87	O	6.93	C	-		
837	88	O	6.93	A	-		
837	89	O	6.93	A	-		
837	90	O	6.93	A	-		
837	91	O	6.93	C	-		
837	92	O	6.93	A	-		
837	93	O	6.93	T	-		
837	94	O	6.93	C	-		
837	95	O	6.93	C	-		
837	96	O	6.93	C	-		
837	97	O	6.93	A	-		
837	98	O	6.93	T	-		
837	99	O	6.93	T	-		
837	100	O	6.93	C	-		
837	101	O	6.93	C	-		
837	102	O	6.93	A	-		
837	103	O	6.93	T	-		
837	104	O	6.93	C	-		
837	105	O	6.93	C	-		
837	106	O	6.93	A	-		
837	107	O	6.93	T	-		
837	108	O	6.93	C	-		
837	109	O	6.93	T	-		
838	0	O	9.70	C	-		
838	1	O	9.70	C	-		
838	2	O	9.70	T	-		
838	3	O	9.70	C	-		
838	4	O	9.70	T	-		
838	5	O	9.70	G	-		
838	6	O	9.70	G	-		
838	7	O	9.70	C	-		
838	8	O	9.70	G	-		
838	9	O	9.70	T	-		
838	10	O	9.70	C	-		
838	11	O	9.70	T	-		
838	12	O	9.70	G	-		
838	13	O	9.70	G	-		
838	14	O	9.70	G	-		
838	15	O	9.70	G	-		
838	16	O	9.70	A	-		
838	17	O	9.70	G	-		
838	18	O	9.70	C	-		
838	19	O	9.70	C	-		
838	20	O	9.70	C	-		
838	21	O	9.70	T	-		
838	22	O	9.70	C	-		
838	23	O	9.70	C	-		
838	24	O	9.70	A	-		
838	25	O	9.70	C	-		
838	26	O	9.70	G	-		
838	27	O	9.70	G	-		
838	28	O	9.70	C	-		
838	29	O	9.70	A	-		
838	30	O	9.70	A	-		
838	31	O	9.70	A	-		
838	32	O	9.70	A	-		
838	33	O	9.70	C	-		
838	34	O	9.70	T	-		
838	35	O	9.70	G	-		
838	36	O	9.70	C	-		
838	37	O	9.70	C	-		
838	38	O	9.70	G	-		
838	39	O	9.70	T	-		
838	40	O	9.70	C	-		
838	41	O	9.70	G	-		
838	42	O	9.70	A	-		
838	43	O	9.70	G	-		
838	44	O	9.70	C	-		
838	45	O	9.70	A	-		
838	46	O	9.70	G	-		
838	47	O	9.70	A	-		
838	48	O	9.70	T	-		
838	49	O	9.70	G	-		
838	50	O	9.70	T	-		
838	51	O	9.70	T	-		
838	52	O	9.70	G	-		
838	53	O	9.70	A	-		
838	54	O	9.70	C	-		
838	55	O	9.70	T	-		
838	56	O	9.70	C	-		
838	57	O	9.70	C	-		
838	58	O	9.70	C	-		
838	59	O	9.70	T	-		
838	60	O	9.70	G	-		
838	61	O	9.70	G	-		
838	62	O	9.70	T	-		
838	63	O	9.70	T	-		
838	64	O	9.70	C	-		
838	65	O	9.70	A	-		
838	66	O	9.70	T	-		
838	67	O	9.70	T	-		
838	68	O	9.70	C	-		
838	69	O	9.70	T	-		
838	70	O	9.70	G	-		
838	71	O	9.70	A	-		
838	72	O	9.70	T	-		
838	73	O	9.70	G	-		
838	74	O	9.70	A	-		
838	75	O	9.70	C	-		
838	76	O	9.70	G	-		
838	77	O	9.70	G	-		
838	78	O	9.70	G	-		
838	79	O	9.70	T	-		
838	80	O	9.70	C	-		
838	81	O	9.70	T	-		
838	82	O	9.70	G	-		
838	83	O	9.70	A	-		
838	84	O	9.70	C	-		
838	85	O	9.70	G	-		
838	86	O	9.70	G	-		
838	87	O	9.70	T	-		
838	88	O	9.70	G	-		
838	89	O	9.70	C	-		
838	90	O	9.70	T	-		
838	91	O	9.70	G	-		
838	92	O	9.70	C	-		
838	93	O	9.70	A	-		
838	94	O	9.70	G	-		
838	95	O	9.70	A	-		
838	96	O	9.70	T	-		
838	97	O	9.70	G	-		
838	98	O	9.70	C	-		
838	99	O	9.70	T	-		
838	100	O	9.70	G	-		
838	101	O	9.70	C	-		
838	102	O	9.70	G	-		
838	103	O	9.70	C	-		
838	104	O	9.70	A	-		
838	105	O	9.70	T	-		
838	106	O	9.70	G	-		
838	107	O	9.70	A	-		
838	108	O	9.70	A	-		
838	109	O	9.70	C	-		
839	0	O	6.93	T	-		
839	1	O	6.93	G	-		
839	2	O	6.93	T	-		
839	3	O	6.93	C	-		
839	4	O	6.93	T	-		
839	5	O	6.93	C	-		
839	6	O	6.93	A	-		
839	7	O	6.93	A	-		
839	8	O	6.93	A	-		
839	9	O	6.93	T	-		
839	10	O	6.93	A	-		
839	11	O	6.93	T	-		
839	12	O	6.93	C	-		
839	13	O	6.93	G	-		
839	14	O	6.93	A	-		
839	15	O	6.93	T	-		
839	16	O	6.93	C	-		
839	17	O	6.93	T	-		
839	18	O	6.93	C	-		
839	19	O	6.93	T	-		
839	20	O	6.93	C	-		
839	21	O	6.93	G	-		
839	22	O	6.93	G	-		
839	23	O	6.93	C	-		
839	24	O	6.93	C	-		
839	25	O	6.93	A	-		
839	26	O	6.93	T	-		
839	27	O	6.93	G	-		
839	28	O	6.93	G	-		
839	29	O	6.93	T	-		
839	30	O	6.93	T	-		
839	31	O	6.93	T	-		
839	32	O	6.93	C	-		
839	33	O	6.93	T	-		
839	34	O	6.93	G	-		
839	35	O	6.93	A	-		
839	36	O	6.93	A	-		
839	37	O	6.93	G	-		
839	38	O	6.93	T	-		
839	39	O	6.93	G	-		
839	40	O	6.93	A	-		
839	41	O	6.93	A	-		
839	42	O	6.93	C	-		
839	43	O	6.93	T	-		
839	44	O	6.93	T	-		
839	45	O	6.93	T	-		
839	46	O	6.93	A	-		
839	47	O	6.93	T	-		
839	48	O	6.93	A	-		
839	49	O	6.93	G	-		
839	50	O	6.93	G	-		
839	51	O	6.93	C	-		
839	52	O	6.93	T	-		
839	53	O	6.93	C	-		
839	54	O	6.93	G	-		
839	55	O	6.93	A	-		
839	56	O	6.93	A	-		
839	57	O	6.93	C	-		
839	58	O	6.93	T	-		
839	59	O	6.93	C	-		
839	60	O	6.93	A	-		
839	61	O	6.93	C	-		
839	62	O	6.93	A	-		
839	63	O	6.93	A	-		
839	64	O	6.93	G	-		
839	65	O	6.93	A	-		
839	66	O	6.93	A	-		
839	67	O	6.93	T	-		
839	68	O	6.93	G	-		
839	69	O	6.93	G	-		
839	70	O	6.93	T	-		
839	71	O	6.93	G	-		
839	72	O	6.93	G	-		
839	73	O	6.93	A	-		
839	74	O	6.93	T	-		
839	75	O	6.93	A	-		
839	76	O	6.93	G	-		
839	77	O	6.93	A	-		
839	78	O	6.93	C	-		
839	79	O	6.93	A	-		
839	80	O	6.93	C	-		
839	81	O	6.93	A	-		
839	82	O	6.93	G	-		
839	83	O	6.93	A	-		
839	84	O	6.93	G	-		
839	85	O	6.93	G	-		
839	86	O	6.93	T	-		
839	87	O	6.93	T	-		
839	88	O	6.93	A	-		
839	89	O	6.93	C	-		
839	90	O	6.93	T	-		
839	91	O	6.93	C	-		
839	92	O	6.93	G	-		
839	93	O	6.93	C	-		
839	94	O	6.93	C	-		
839	95	O	6.93	A	-		
839	96	O	6.93	T	-		
839	97	O	6.93	G	-		
839	98	O	6.93	T	-		
839	99	O	6.93	C	-		
839	100	O	6.93	T	-		
839	101	O	6.93	G	-		
839	102	O	6.93	C	-		
839	103	O	6.93	T	-		
839	104	O	6.93	G	-		
839	105	O	6.93	T	-		
839	106	O	6.93	G	-		
839	107	O	6.93	A	-		
839	108	O	6.93	C	-		
839	109	O	6.93	A	-		
840	0	O	11.09	A	-		
840	1	O	11.09	A	-		
840	2	O	11.09	T	-		
840	3	O	11.09	A	-		
840	4	O	11.09	T	-		
840	5	O	11.09	G	-		
840	6	O	11.09	G	-		
840	7	O	11.09	T	-		
840	8	O	11.09	A	-		
840	9	O	11.09	T	-		
840	10	O	11.09	G	-		
840	11	O	11.09	T	-		
840	12	O	11.09	C	-		
840	13	O	11.09	G	-		
840	14	O	11.09	C	-		
840	15	O	11.09	G	-		
840	16	O	11.09	T	-		
840	17	O	11.09	G	-		
840	18	O	11.09	C	-		
840	19	O	11.09	G	-		
840	20	O	11.09	A	-		
840	21	O	11.09	C	-		
840	22	O	11.09	G	-		
840	23	O	11.09	T	-		
840	24	O	11.09	C	-		
840	25	O	11.09	T	-		
840	26	O	11.09	C	-		
840	27	O	11.09	G	-		
840	28	O	11.09	A	-		
840	29	O	11.09	T	-		
840	30	O	11.09	C	-		
840	31	O	11.09	A	-		
840	32	O	11.09	T	-		
840	33	O	11.09	C	-		
840	34	O	11.09	T	-		
840	35	O	11.09	G	-		
840	36	O	11.09	A	-		
840	37	O	11.09	G	-		
840	38	O	11.09	G	-		
840	39	O	11.09	T	-		
840	40	O	11.09	G	-		
840	41	O	11.09	C	-		
840	42	O	11.09	A	-		
840	43	O	11.09	T	-		
840	44	O	11.09	T	-		
840	45	O	11.09	C	-		
840	46	O	11.09	G	-		
840	47	O	11.09	T	-		
840	48	O	11.09	G	-		
840	49	O	11.09	T	-		
840	50	O	11.09	C	-		
840	51	O	11.09	C	-		
840	52	O	11.09	C	-		
840	53	O	11.09	G	-		
840	54	O	11.09	A	-		
840	55	O	11.09	G	-		
840	56	O	11.09	C	-		
840	57	O	11.09	T	-		
840	58	O	11.09	A	-		
840	59	O	11.09	T	-		
840	60	O	11.09	G	-		
840	61	O	11.09	T	-		
840	62	O	11.09	G	-		
840	63	O	11.09	G	-		
840	64	O	11.09	A	-		
840	65	O	11.09	T	-		
840	66	O	11.09	C	-		
840	67	O	11.09	A	-		
840	68	O	11.09	C	-		
840	69	O	11.09	T	-		
840	70	O	11.09	G	-		
840	71	O	11.09	G	-		
840	72	O	11.09	C	-		
840	73	O	11.09	G	-		
840	74	O	11.09	T	-		
840	75	O	11.09	G	-		
840	76	O	11.09	A	-		
840	77	O	11.09	A	-		
840	78	O	11.09	A	-		
840	79	O	11.09	A	-		
840	80	O	11.09	G	-		
840	81	O	11.09	T	-		
840	82	O	11.09	C	-		
840	83	O	11.09	T	-		
840	84	O	11.09	C	-		
840	85	O	11.09	A	-		
840	86	O	11.09	A	-		
840	87	O	11.09	T	-		
840	88	O	11.09	A	-		
840	89	O	11.09	C	-		
840	90	O	11.09	C	-		
840	91	O	11.09	T	-		
840	92	O	11.09	C	-		
840	93	O	11.09	G	-		
840	94	O	11.09	A	-		
840	95	O	11.09	G	-		
840	96	O	11.09	C	-		
840	97	O	11.09	A	-		
840	98	O	11.09	T	-		
840	99	O	11.09	G	-		
840	100	O	11.09	A	-		
840	101	O	11.09	C	-		
840	102	O	11.09	A	-		
840	103	O	11.09	C	-		
840	104	O	11.09	C	-		
840	105	O	11.09	C	-		
840	106	O	11.09	A	-		
840	107	O	11.09	T	-		
840	108	O	11.09	T	-		
840	109	O	11.09	A	-		
841	0	O	16.64	C	-		
841	1	O	16.64	T	-		
841	2	O	16.64	G	-		
841	3	O	16.64	C	-		
841	4	O	16.64	A	-		
841	5	O	16.64	G	-		
841	6	O	16.64	C	-		
841	7	O	16.64	A	-		
841	8	O	16.64	T	-		
841	9	O	16.64	C	-		
841	10	O	16.64	A	-		
841	11	O	16.64	T	-		
841	12	O	16.64	C	-		
841	13	O	16.64	A	-		
841	14	O	16.64	A	-		
841	15	O	16.64	A	-		
841	16	O	16.64	G	-		
841	17	O	16.64	T	-		
841	18	O	16.64	G	-		
841	19	O	16.64	G	-		
841	20	O	16.64	A	-		
841	21	O	16.64	T	-		
841	22	O	16.64	G	-		
841	23	O	16.64	G	-		
841	24	O	16.64	A	-		
841	25	O	16.64	G	-		
841	26	O	16.64	G	-		
841	27	O	16.64	C	-		
841	28	O	16.64	A	-		
841	29	O	16.64	A	-		
841	30	O	16.64	T	-		
841	31	O	16.64	A	-		
841	32	O	16.64	G	-		
841	33	O	16.64	T	-		
841	34	O	16.64	G	-		
841	35	O	16.64	G	-		
841	36	O	16.64	A	-		
841	37	O	16.64	G	-		
841	38	O	16.64	A	-		
841	39	O	16.64	G	-		
841	40	O	16.64	G	-		
841	41	O	16.64	G	-		
841	42	O	16.64	C	-		
841	43	O	7.55	T	-		
841	44	O	16.64	T	-		
841	45	O	16.64	T	-		
841	46	O	16.64	G	-		
841	47	O	16.64	C	-		
841	48	O	7.55	C	-		
841	49	O	16.64	A	-		
841	50	O	16.64	G	-		
841	51	O	16.64	G	-		
841	52	O	16.64	T	-		
841	53	O	16.64	T	-		
841	54	O	16.64	T	-		
841	55	O	16.64	G	-		
841	56	O	16.64	A	-		
841	57	O	16.64	A	-		
841	58	O	16.64	T	-		
841	59	O	16.64	G	-		
841	60	O	16.64	T	-		
841	61	O	16.64	T	-		
841	62	O	16.64	A	-		
841	63	O	16.64	T	-		
841	64	O	16.64	T	-		
841	65	O	16.64	A	-		
841	66	O	16.64	T	-		
841	67	O	16.64	C	-		
841	68	O	16.64	A	-		
841	69	O	16.64	T	-		
841	70	O	16.64	T	-		
841	71	O	16.64	G	-		
841	72	O	16.64	A	-		
841	73	O	16.64	A	-		
841	74	O	16.64	G	-		
841	75	O	16.64	G	-		
841	76	O	16.64	A	-		
841	77	O	16.64	T	-		
841	78	O	16.64	T	-		
841	79	O	16.64	A	-		
841	80	O	16.64	G	-		
841	81	O	16.64	A	-		
841	82	O	16.64	T	-		
841	83	O	16.64	T	-		
841	84	O	16.64	G	-		
841	85	O	16.64	T	-		
841	86	O	16.64	T	-		
841	87	O	16.64	T	-		
841	88	O	16.64	G	-		
841	89	O	16.64	A	-		
841	90	O	16.64	T	-		
841	91	O	16.64	C	-		
841	92	O	16.64	A	-		
841	93	O	16.64	T	-		
841	94	O	16.64	C	-		
841	95	O	16.64	C	-		
841	96	O	16.64	T	-		
841	97	O	16.64	C	-		
841	98	O	16.64	T	-		
841	99	O	16.64	C	-		
841	100	O	16.64	T	-		
841	101	O	16.64	C	-		
841	102	O	16.64	C	-		
841	103	O	16.64	T	-		
841	104	O	16.64	G	-		
841	105	O	16.64	A	-		
841	106	O	16.64	T	-		
841	107	O	16.64	G	-		
841	108	O	16.64	C	-		
841	109	O	16.64	T	-		
842	0	O	23.57	G	-		
842	1	O	23.57	T	-		
842	2	O	23.57	G	-		
842	3	O	23.57	C	-		
842	4	O	23.57	G	-		
842	5	O	23.57	T	-		
842	6	O	23.57	A	-		
842	7	O	23.57	C	-		
842	8	O	23.57	A	-		
842	9	O	23.57	G	-		
842	10	O	23.57	G	-		
842	11	O	23.57	A	-		
842	12	O	23.57	T	-		
842	13	O	23.57	G	-		
842	14	O	23.57	G	-		
842	15	O	23.57	C	-		
842	16	O	23.57	C	-		
842	17	O	23.57	A	-		
842	18	O	23.57	G	-		
842	19	O	23.57	C	-		
842	20	O	23.57	A	-		
842	21	O	23.57	G	-		
842	22	O	23.57	G	-		
842	23	O	23.57	A	-		
842	24	O	23.57	G	-		
842	25	O	23.57	C	-		
842	26	O	23.57	A	-		
842	27	O	23.57	G	-		
842	28	O	23.57	C	-		
842	29	O	23.57	A	-		
842	30	O	23.57	G	-		
842	31	O	23.57	C	-		
842	32	O	23.57	A	-		
842	33	O	23.57	G	-		
842	34	O	23.57	C	-		
842	35	O	23.57	G	-		
842	36	O	23.57	A	-		
842	37	O	23.57	C	-		
842	38	O	23.57	C	-		
842	39	O	23.57	G	-		
842	40	O	23.57	G	-		
842	41	O	23.57	C	-		
842	42	O	23.57	G	-		
842	43	O	23.57	C	-		
842	44	O	23.57	C	-		
842	45	O	23.57	A	-		
842	46	O	23.57	C	-		
842	47	O	23.57	T	-		
842	48	O	23.57	T	-		
842	49	O	23.57	G	-		
842	50	O	23.57	A	-		
842	51	O	23.57	C	-		
842	52	O	23.57	G	-		
842	53	O	23.57	A	-		
842	54	O	23.57	T	-		
842	55	O	23.57	C	-		
842	56	O	23.57	T	-		
842	57	O	23.57	C	-		
842	58	O	23.57	G	-		
842	59	O	23.57	T	-		
842	60	O	23.57	C	-		
842	61	O	23.57	G	-		
842	62	O	23.57	G	-		
842	63	O	23.57	C	-		
842	64	O	23.57	C	-		
842	65	O	23.57	T	-		
842	66	O	23.57	T	-		
842	67	O	23.57	G	-		
842	68	O	23.57	G	-		
842	69	O	23.57	T	-		
842	70	O	23.57	G	-		
842	71	O	23.57	G	-		
842	72	O	23.57	C	-		
842	73	O	23.57	G	-		
842	74	O	23.57	C	-		
842	75	O	23.57	T	-		
842	76	O	23.57	C	-		
842	77	O	23.57	A	-		
842	78	O	23.57	G	-		
842	79	O	23.57	G	-		
842	80	O	23.57	C	-		
842	81	O	23.57	G	-		
842	82	O	23.57	C	-		
842	83	O	23.57	A	-		
842	84	O	23.57	G	-		
842	85	O	23.57	G	-		
842	86	O	23.57	T	-		
842	87	O	23.57	A	-		
842	88	O	23.57	G	-		
842	89	O	23.57	C	-		
842	90	O	23.57	C	-		
842	91	O	23.57	T	-		
842	92	O	23.57	T	-		
842	93	O	23.57	G	-		
842	94	O	23.57	G	-		
842	95	O	23.57	C	-		
842	96	O	23.57	C	-		
842	97	O	23.57	A	-		
842	98	O	23.57	A	-		
842	99	O	23.57	G	-		
842	100	O	23.57	C	-		
842	101	O	23.57	T	-		
842	102	O	23.57	C	-		
842	103	O	23.57	G	-		
842	104	O	23.57	A	-		
842	105	O	23.57	A	-		
842	106	O	23.57	C	-		
842	107	O	23.57	G	-		
842	108	O	23.57	G	-		
842	109	O	23.57	C	-		
843	0	O	11.09	A	-		
843	1	O	11.09	C	-		
843	2	O	11.09	G	-		
843	3	O	11.09	T	-		
843	4	O	11.09	G	-		
843	5	O	11.09	G	-		
843	6	O	11.09	A	-		
843	7	O	11.09	T	-		
843	8	O	11.09	C	-		
843	9	O	11.09	T	-		
843	10	O	11.09	C	-		
843	11	O	11.09	G	-		
843	12	O	11.09	A	-		
843	13	O	11.09	C	-		
843	14	O	11.09	C	-		
843	15	O	11.09	G	-		
843	16	O	11.09	A	-		
843	17	O	11.09	C	-		
843	18	O	11.09	G	-		
843	19	O	11.09	G	-		
843	20	O	11.09	C	-		
843	21	O	11.09	T	-		
843	22	O	11.09	G	-		
843	23	O	11.09	G	-		
843	24	O	11.09	T	-		
843	25	O	11.09	T	-		
843	26	O	11.09	G	-		
843	27	O	11.09	T	-		
843	28	O	11.09	C	-		
843	29	O	11.09	C	-		
843	30	O	11.09	T	-		
843	31	O	11.09	C	-		
843	32	O	11.09	C	-		
843	33	O	11.09	G	-		
843	34	O	11.09	C	-		
843	35	O	11.09	C	-		
843	36	O	11.09	G	-		
843	37	O	11.09	T	-		
843	38	O	11.09	C	-		
843	39	O	11.09	G	-		
843	40	O	11.09	A	-		
843	41	O	11.09	G	-		
843	42	O	11.09	A	-		
843	43	O	11.09	A	-		
843	44	O	11.09	G	-		
843	45	O	11.09	A	-		
843	46	O	11.09	C	-		
843	47	O	11.09	C	-		
843	48	O	11.09	T	-		
843	49	O	11.09	C	-		
843	50	O	11.09	G	-		
843	51	O	11.09	G	-		
843	52	O	11.09	A	-		
843	53	O	11.09	C	-		
843	54	O	11.09	T	-		
843	55	O	11.09	T	-		
843	56	O	11.09	G	-		
843	57	O	11.09	C	-		
843	58	O	11.09	G	-		
843	59	O	11.09	C	-		
843	60	O	11.09	G	-		
843	61	O	11.09	T	-		
843	62	O	11.09	G	-		
843	63	O	11.09	G	-		
843	64	O	11.09	G	-		
843	65	O	11.09	G	-		
843	66	O	11.09	A	-		
843	67	O	11.09	T	-		
843	68	O	11.09	C	-		
843	69	O	11.09	G	-		
843	70	O	11.09	T	-		
843	71	O	11.09	C	-		
843	72	O	11.09	G	-		
843	73	O	11.09	T	-		
843	74	O	11.09	G	-		
843	75	O	11.09	T	-		
843	76	O	11.09	T	-		
843	77	O	11.09	G	-		
843	78	O	11.09	C	-		
843	79	O	11.09	G	-		
843	80	O	11.09	C	-		
843	81	O	11.09	T	-		
843	82	O	11.09	C	-		
843	83	O	11.09	G	-		
843	84	O	11.09	A	-		
843	85	O	11.09	T	-		
843	86	O	11.09	G	-		
843	87	O	11.09	A	-		
843	88	O	11.09	G	-		
843	89	O	11.09	C	-		
843	90	O	11.09	T	-		
843	91	O	11.09	T	-		
843	92	O	11.09	G	-		
843	93	O	11.09	G	-		
843	94	O	11.09	T	-		
843	95	O	11.09	C	-		
843	96	O	11.09	A	-		
843	97	O	11.09	T	-		
843	98	O	11.09	G	-		
843	99	O	11.09	A	-		
843	100	O	11.09	C	-		
843	101	O	11.09	G	-		
843	102	O	11.09	C	-		
843	103	O	11.09	C	-		
843	104	O	11.09	G	-		
843	105	O	11.09	C	-		
843	106	O	11.09	C	-		
843	107	O	11.09	C	-		
843	108	O	11.09	T	-		
843	109	O	11.09	T	-		
844	0	O	5.55	C	-		
844	1	O	5.55	A	-		
844	2	O	5.55	G	-		
844	3	O	5.55	T	-		
844	4	O	5.55	G	-		
844	5	O	5.55	G	-		
844	6	O	5.55	A	-		
844	7	O	5.55	A	-		
844	8	O	5.55	C	-		
844	9	O	5.55	G	-		
844	10	O	5.55	A	-		
844	11	O	5.55	A	-		
844	12	O	5.55	T	-		
844	13	O	5.55	G	-		
844	14	O	5.55	G	-		
844	15	O	5.55	G	-		
844	16	O	5.55	T	-		
844	17	O	5.55	T	-		
844	18	O	5.55	G	-		
844	19	O	5.55	T	-		
844	20	O	5.55	G	-		
844	21	O	5.55	T	-		
844	22	O	5.55	T	-		
844	23	O	5.55	G	-		
844	24	O	5.55	C	-		
844	25	O	5.55	G	-		
844	26	O	5.55	A	-		
844	27	O	5.55	G	-		
844	28	O	5.55	A	-		
844	29	O	5.55	C	-		
844	30	O	5.55	T	-		
844	31	O	5.55	C	-		
844	32	O	5.55	C	-		
844	33	O	5.55	T	-		
844	34	O	5.55	T	-		
844	35	O	5.55	G	-		
844	36	O	5.55	G	-		
844	37	O	5.55	A	-		
844	38	O	5.55	C	-		
844	39	O	5.55	G	-		
844	40	O	5.55	G	-		
844	41	O	5.55	A	-		
844	42	O	5.55	T	-		
844	43	O	5.55	C	-		
844	44	O	5.55	T	-		
844	45	O	5.55	G	-		
844	46	O	5.55	T	-		
844	47	O	5.55	A	-		
844	48	O	5.55	A	-		
844	49	O	5.55	G	-		
844	50	O	5.55	G	-		
844	51	O	5.55	C	-		
844	52	O	5.55	T	-		
844	53	O	5.55	G	-		
844	54	O	5.55	G	-		
844	55	O	5.55	G	-		
844	56	O	5.55	G	-		
844	57	O	5.55	C	-		
844	58	O	5.55	A	-		
844	59	O	5.55	C	-		
844	60	O	5.55	A	-		
844	61	O	5.55	C	-		
844	62	O	5.55	C	-		
844	63	O	5.55	C	-		
844	64	O	5.55	T	-		
844	65	O	5.55	C	-		
844	66	O	5.55	C	-		
844	67	O	5.55	A	-		
844	68	O	5.55	C	-		
844	69	O	5.55	G	-		
844	70	O	5.55	G	-		
844	71	O	5.55	A	-		
844	72	O	5.55	T	-		
844	73	O	5.55	T	-		
844	74	O	5.55	G	-		
844	75	O	5.55	A	-		
844	76	O	5.55	A	-		
844	77	O	5.55	G	-		
844	78	O	5.55	C	-		
844	79	O	5.55	G	-		
844	80	O	5.55	A	-		
844	81	O	5.55	G	-		
844	82	O	5.55	A	-		
844	83	O	5.55	T	-		
844	84	O	5.55	G	-		
844	85	O	5.55	G	-		
844	86	O	5.55	A	-		
844	87	O	5.55	C	-		
844	88	O	5.55	A	-		
844	89	O	5.55	G	-		
844	90	O	5.55	A	-		
844	91	O	5.55	T	-		
844	92	O	5.55	G	-		
844	93	O	5.55	T	-		
844	94	O	5.55	G	-		
844	95	O	5.55	C	-		
844	96	O	5.55	A	-		
844	97	O	5.55	C	-		
844	98	O	5.55	A	-		
844	99	O	5.55	T	-		
844	100	O	5.55	G	-		
844	101	O	5.55	G	-		
844	102	O	5.55	G	-		
844	103	O	5.55	G	-		
844	104	O	5.55	G	-		
844	105	O	5.55	A	-		
844	106	O	5.55	G	-		
844	107	O	5.55	A	-		
844	108	O	5.55	G	-		
844	109	O	5.55	G	-		
845	0	O	12.48	C	-		
845	1	O	12.48	G	-		
845	2	O	12.48	A	-		
845	3	O	12.48	C	-		
845	4	O	12.48	G	-		
845	5	O	12.48	C	-		
845	6	O	12.48	A	-		
845	7	O	12.48	G	-		
845	8	O	12.48	A	-		
845	9	O	12.48	A	-		
845	10	O	12.48	G	-		
845	11	O	12.48	A	-		
845	12	O	12.48	G	-		
845	13	O	12.48	G	-		
845	14	O	12.48	A	-		
845	15	O	12.48	G	-		
845	16	O	12.48	A	-		
845	17	O	12.48	A	-		
845	18	O	12.48	G	-		
845	19	O	12.48	A	-		
845	20	O	12.48	A	-		
845	21	O	12.48	G	-		
845	22	O	12.48	A	-		
845	23	O	12.48	A	-		
845	24	O	12.48	G	-		
845	25	O	12.48	A	-		
845	26	O	12.48	A	-		
845	27	O	12.48	A	-		
845	28	O	12.48	G	-		
845	29	O	12.48	C	-		
845	30	O	12.48	C	-		
845	31	O	12.48	C	-		
845	32	O	12.48	C	-		
845	33	O	12.48	A	-		
845	34	O	12.48	A	-		
845	35	O	12.48	C	-		
845	36	O	12.48	G	-		
845	37	O	12.48	C	-		
845	38	O	12.48	A	-		
845	39	O	12.48	G	-		
845	40	O	4.00	T	-		
845	41	O	12.48	T	-		
845	42	O	12.48	C	-		
845	43	O	12.48	A	-		
845	44	O	12.48	A	-		
845	45	O	12.48	G	-		
845	46	O	12.48	G	-		
845	47	O	12.48	A	-		
845	48	O	12.48	G	-		
845	49	O	12.48	C	-		
845	50	O	12.48	C	-		
845	51	O	12.48	T	-		
845	52	O	12.48	G	-		
845	53	O	12.48	C	-		
845	54	O	12.48	G	-		
845	55	O	12.48	G	-		
845	56	O	12.48	C	-		
845	57	O	12.48	T	-		
845	58	O	12.48	A	-		
845	59	O	12.48	A	-		
845	60	O	12.48	T	-		
845	61	O	12.48	A	-		
845	62	O	12.48	G	-		
845	63	O	12.48	T	-		
845	64	O	12.48	A	-		
845	65	O	12.48	T	-		
845	66	O	12.48	C	-		
845	67	O	12.48	T	-		
845	68	O	12.48	T	-		
845	69	O	12.48	G	-		
845	70	O	12.48	G	-		
845	71	O	12.48	A	-		
845	72	O	12.48	C	-		
845	73	O	12.48	A	-		
845	74	E	-5.57	G	A		
845	75	O	12.48	T	-		
845	76	O	12.48	T	-		
845	77	O	12.48	T	-		
845	78	O	12.48	T	-		
845	79	O	12.48	G	-		
845	80	O	12.48	G	-		
845	81	O	12.48	A	-		
845	82	O	12.48	T	-		
845	83	O	12.48	T	-		
845	84	O	12.48	C	-		
845	85	O	12.48	T	-		
845	86	O	12.48	G	-		
845	87	O	12.48	A	-		
845	88	O	12.48	G	-		
845	89	O	12.48	G	-		
845	90	O	12.48	G	-		
845	91	O	12.48	A	-		
845	92	O	12.48	C	-		
845	93	O	12.48	C	-		
845	94	O	12.48	T	-		
845	95	O	12.48	T	-		
845	96	O	12.48	T	-		
845	97	O	12.48	A	-		
845	98	O	12.48	A	-		
845	99	O	12.48	T	-		
845	100	O	12.48	G	-		
845	101	O	12.48	T	-		
845	102	O	12.48	T	-		
845	103	O	12.48	T	-		
845	104	O	12.48	G	-		
845	105	O	12.48	T	-		
845	106	O	12.48	T	-		
845	107	O	12.48	T	-		
845	108	O	12.48	G	-		
845	109	O	12.48	T	-		
846	0	O	6.93	T	-		
846	1	O	6.93	C	-		
846	2	O	6.93	A	-		
846	3	O	6.93	C	-		
846	4	O	6.93	A	-		
846	5	O	6.93	T	-		
846	6	O	6.93	T	-		
846	7	O	6.93	A	-		
846	8	O	6.93	G	-		
846	9	O	6.93	A	-		
846	10	O	6.93	A	-		
846	11	O	6.93	G	-		
846	12	O	6.93	T	-		
846	13	O	6.93	C	-		
846	14	O	6.93	T	-		
846	15	O	6.93	A	-		
846	16	O	6.93	G	-		
846	17	O	6.93	A	-		
846	18	O	6.93	C	-		
846	19	O	6.93	T	-		
846	20	O	6.93	G	-		
846	21	O	6.93	A	-		
846	22	O	6.93	C	-		
846	23	O	6.93	C	-		
846	24	O	6.93	C	-		
846	25	O	6.93	T	-		
846	26	O	6.93	C	-		
846	27	O	6.93	T	-		
846	28	O	6.93	C	-		
846	29	O	6.93	G	-		
846	30	O	6.93	A	-		
846	31	O	6.93	C	-		
846	32	O	6.93	T	-		
846	33	O	6.93	T	-		
846	34	O	6.93	T	-		
846	35	O	6.93	C	-		
846	36	O	6.93	C	-		
846	37	O	6.93	A	-		
846	38	O	6.93	T	-		
846	39	O	6.93	G	-		
846	40	O	6.93	C	-		
846	41	O	6.93	A	-		
846	42	O	6.93	C	-		
846	43	O	6.93	C	-		
846	44	O	6.93	A	-		
846	45	O	6.93	C	-		
846	46	O	6.93	A	-		
846	47	O	6.93	A	-		
846	48	O	6.93	A	-		
846	49	O	6.93	G	-		
846	50	O	6.93	C	-		
846	51	O	6.93	A	-		
846	52	O	6.93	C	-		
846	53	O	6.93	G	-		
846	54	O	6.93	A	-		
846	55	O	6.93	A	-		
846	56	O	6.93	A	-		
846	57	O	6.93	A	-		
846	58	O	6.93	T	-		
846	59	O	6.93	C	-		
846	60	O	6.93	G	-		
846	61	O	6.93	A	-		
846	62	O	6.93	A	-		
846	63	O	6.93	T	-		
846	64	O	6.93	A	-		
846	65	O	6.93	G	-		
846	66	O	6.93	C	-		
846	67	O	6.93	T	-		
846	68	O	6.93	A	-		
846	69	O	6.93	G	-		
846	70	O	6.93	A	-		
846	71	O	6.93	C	-		
846	72	O	6.93	G	-		
846	73	O	6.93	G	-		
846	74	O	6.93	T	-		
846	75	O	6.93	T	-		
846	76	O	6.93	G	-		
846	77	O	6.93	G	-		
846	78	O	6.93	T	-		
846	79	O	6.93	G	-		
846	80	O	6.93	T	-		
846	81	O	6.93	C	-		
846	82	O	6.93	A	-		
846	83	O	6.93	G	-		
846	84	O	6.93	C	-		
846	85	O	6.93	C	-		
846	86	O	6.93	T	-		
846	87	O	6.93	C	-		
846	88	O	6.93	A	-		
846	89	O	6.93	G	-		
846	90	O	6.93	C	-		
846	91	O	6.93	T	-		
846	92	O	6.93	G	-		
846	93	O	6.93	C	-		
846	94	O	6.93	C	-		
846	95	O	6.93	G	-		
846	96	O	6.93	T	-		
846	97	O	6.93	C	-		
846	98	O	6.93	T	-		
846	99	O	6.93	A	-		
846	100	O	6.93	C	-		
846	101	O	6.93	C	-		
846	102	O	6.93	A	-		
846	103	O	6.93	G	-		
846	104	O	6.93	A	-		
846	105	O	6.93	C	-		
846	106	O	6.93	C	-		
846	107	O	6.93	G	-		
846	108	O	6.93	T	-		
846	109	O	6.93	T	-		
847	0	O	5.55	A	-		
847	1	O	5.55	C	-		
847	2	O	5.55	C	-		
847	3	O	5.55	A	-		
847	4	O	5.55	C	-		
847	5	O	5.55	A	-		
847	6	O	5.55	T	-		
847	7	O	5.55	G	-		
847	8	O	5.55	A	-		
847	9	O	5.55	A	-		
847	10	O	5.55	G	-		
847	11	O	5.55	A	-		
847	12	O	5.55	A	-		
847	13	O	5.55	C	-		
847	14	O	5.55	C	-		
847	15	O	5.55	C	-		
847	16	O	5.55	G	-		
847	17	O	5.55	G	-		
847	18	O	5.55	A	-		
847	19	O	5.55	C	-		
847	20	O	5.55	A	-		
847	21	O	5.55	T	-		
847	22	O	5.55	C	-		
847	23	O	5.55	A	-		
847	24	O	5.55	A	-		
847	25	O	5.55	G	-		
847	26	O	5.55	A	-		
847	27	O	5.55	A	-		
847	28	O	5.55	C	-		
847	29	O	5.55	A	-		
847	30	O	5.55	A	-		
847	31	O	5.55	G	-		
847	32	O	5.55	G	-		
847	33	O	5.55	T	-		
847	34	O	5.55	G	-		
847	35	O	5.55	C	-		
847	36	O	5.55	A	-		
847	37	O	5.55	G	-		
847	38	O	5.55	A	-		
847	39	O	5.55	A	-		
847	40	O	5.55	G	-		
847	41	O	5.55	T	-		
847	42	O	5.55	T	-		
847	43	O	5.55	G	-		
847	44	O	5.55	A	-		
847	45	O	5.55	T	-		
847	46	O	5.55	G	-		
847	47	O	5.55	G	-		
847	48	O	5.55	C	-		
847	49	O	5.55	T	-		
847	50	O	5.55	G	-		
847	51	O	5.55	C	-		
847	52	O	5.55	T	-		
847	53	O	5.55	G	-		
847	54	O	5.55	G	-		
847	55	O	5.55	T	-		
847	56	O	5.55	G	-		
847	57	O	5.55	T	-		
847	58	O	5.55	T	-		
847	59	O	5.55	A	-		
847	60	O	5.55	T	-		
847	61	O	5.55	C	-		
847	62	O	5.55	A	-		
847	63	O	5.55	G	-		
847	64	O	5.55	G	-		
847	65	O	5.55	A	-		
847	66	O	5.55	T	-		
847	67	O	5.55	G	-		
847	68	O	5.55	G	-		
847	69	O	5.55	G	-		
847	70	O	5.55	T	-		
847	71	O	5.55	T	-		
847	72	O	5.55	A	-		
847	73	O	5.55	A	-		
847	74	O	5.55	G	-		
847	75	O	5.55	G	-		
847	76	O	5.55	A	-		
847	77	O	5.55	G	-		
847	78	O	5.55	G	-		
847	79	O	5.55	G	-		
847	80	O	5.55	G	-		
847	81	O	5.55	T	-		
847	82	O	5.55	T	-		
847	83	O	5.55	G	-		
847	84	O	5.55	A	-		
847	85	O	5.55	A	-		
847	86	O	5.55	T	-		
847	87	O	5.55	C	-		
847	88	O	5.55	G	-		
847	89	O	5.55	G	-		
847	90	O	5.55	G	-		
847	91	O	5.55	G	-		
847	92	O	5.55	T	-		
847	93	O	5.55	G	-		
847	94	O	5.55	A	-		
847	95	O	5.55	A	-		
847	96	O	5.55	T	-		
847	97	O	5.55	G	-		
847	98	O	5.55	A	-		
847	99	O	5.55	A	-		
847	100	O	5.55	T	-		
847	101	O	5.55	G	-		
847	102	O	5.55	A	-		
847	103	O	5.55	A	-		
847	104	O	5.55	T	-		
847	105	O	5.55	G	-		
847	106	O	5.55	C	-		
847	107	O	5.55	A	-		
847	108	O	5.55	T	-		
847	109	O	5.55	G	-		
848	0	O	8.32	G	-		
848	1	O	8.32	T	-		
848	2	O	8.32	G	-		
848	3	O	8.32	G	-		
848	4	O	8.32	G	-		
848	5	O	8.32	A	-		
848	6	O	8.32	T	-		
848	7	O	8.32	G	-		
848	8	O	8.32	A	-		
848	9	O	8.32	G	-		
848	10	O	8.32	A	-		
848	11	O	8.32	A	-		
848	12	O	8.32	G	-		
848	13	O	8.32	G	-		
848	14	O	8.32	A	-		
848	15	O	8.32	T	-		
848	16	O	8.32	G	-		
848	17	O	8.32	A	-		
848	18	O	8.32	A	-		
848	19	O	8.32	G	-		
848	20	O	8.32	A	-		
848	21	O	8.32	G	-		
848	22	O	8.32	G	-		
848	23	O	8.32	C	-		
848	24	O	8.32	C	-		
848	25	O	8.32	G	-		
848	26	O	8.32	A	-		
848	27	O	8.32	G	-		
848	28	O	8.32	A	-		
848	29	O	8.32	G	-		
848	30	O	8.32	G	-		
848	31	O	8.32	G	-		
848	32	O	8.32	A	-		
848	33	O	8.32	G	-		
848	34	O	8.32	T	-		
848	35	O	8.32	T	-		
848	36	O	8.32	T	-		
848	37	O	8.32	A	-		
848	38	O	8.32	T	-		
848	39	O	8.32	G	-		
848	40	O	8.32	A	-		
848	41	O	8.32	A	-		
848	42	O	8.32	A	-		
848	43	O	8.32	A	-		
848	44	O	8.32	A	-		
848	45	O	8.32	G	-		
848	46	O	8.32	G	-		
848	47	O	8.32	G	-		
848	48	O	8.32	A	-		
848	49	O	8.32	A	-		
848	50	O	8.32	T	-		
848	51	O	8.32	G	-		
848	52	O	8.32	T	-		
848	53	O	8.32	T	-		
848	54	O	8.32	T	-		
848	55	O	8.32	G	-		
848	56	O	8.32	A	-		
848	57	O	8.32	T	-		
848	58	O	8.32	T	-		
848	59	O	8.32	G	-		
848	60	O	8.32	G	-		
848	61	O	8.32	A	-		
848	62	O	8.32	A	-		
848	63	O	8.32	A	-		
848	64	O	8.32	G	-		
848	65	O	8.32	C	-		
848	66	O	8.32	G	-		
848	67	O	8.32	T	-		
848	68	O	8.32	T	-		
848	69	O	8.32	C	-		
848	70	O	8.32	A	-		
848	71	O	8.32	T	-		
848	72	O	8.32	G	-		
848	73	O	8.32	G	-		
848	74	O	8.32	G	-		
848	75	O	8.32	T	-		
848	76	O	8.32	T	-		
848	77	O	8.32	G	-		
848	78	O	8.32	G	-		
848	79	O	8.32	A	-		
848	80	O	8.32	G	-		
848	81	O	8.32	G	-		
848	82	O	8.32	T	-		
848	83	O	8.32	A	-		
848	84	O	8.32	T	-		
848	85	O	8.32	T	-		
848	86	O	8.32	G	-		
848	87	O	8.32	G	-		
848	88	O	8.32	A	-		
848	89	O	8.32	T	-		
848	90	O	8.32	T	-		
848	91	O	8.32	A	-		
848	92	O	8.32	G	-		
848	93	O	8.32	G	-		
848	94	O	8.32	A	-		
848	95	O	8.32	A	-		
848	96	O	8.32	G	-		
848	97	O	8.32	G	-		
848	98	O	8.32	A	-		
848	99	O	8.32	G	-		
848	100	O	8.32	T	-		
848	101	O	8.32	G	-		
848	102	O	8.32	G	-		
848	103	O	8.32	T	-		
848	104	O	8.32	G	-		
848	105	O	8.32	G	-		
848	106	O	8.32	G	-		
848	107	O	8.32	G	-		
848	108	O	8.32	T	-		
848	109	O	8.32	A	-		
849	0	O	8.32	G	-		
849	1	U	-3.71	C	A		
849	2	O	8.32	G	-		
849	3	O	8.32	A	-		
849	4	O	8.32	C	-		
849	5	O	8.32	G	-		
849	6	O	8.32	T	-		
849	7	O	8.32	C	-		
849	8	O	8.32	A	-		
849	9	O	8.32	G	-		
849	10	O	8.32	C	-		
849	11	O	8.32	C	-		
849	12	O	8.32	A	-		
849	13	O	8.32	T	-		
849	14	O	8.32	G	-		
849	15	O	8.32	T	-		
849	16	O	8.32	C	-		
849	17	O	8.32	A	-		
849	18	O	8.32	C	-		
849	19	O	8.32	G	-		
849	20	O	8.32	C	-		
849	21	O	8.32	T	-		
849	22	O	8.32	G	-		
849	23	O	8.32	G	-		
849	24	O	8.32	G	-		
849	25	O	8.32	T	-		
849	26	O	8.32	G	-		
849	27	O	8.32	G	-		
849	28	O	8.32	A	-		
849	29	O	8.32	C	-		
849	30	O	8.32	G	-		
849	31	O	8.32	G	-		
849	32	O	8.32	T	-		
849	33	O	8.32	G	-		
849	34	O	8.32	T	-		
849	35	O	8.32	G	-		
849	36	O	8.32	G	-		
849	37	O	8.32	C	-		
849	38	O	8.32	C	-		
849	39	O	8.32	A	-		
849	40	O	8.32	C	-		
849	41	O	8.32	A	-		
849	42	O	8.32	C	-		
849	43	O	8.32	A	-		
849	44	O	8.32	A	-		
849	45	O	8.32	T	-		
849	46	O	8.32	T	-		
849	47	O	8.32	C	-		
849	48	O	8.32	G	-		
849	49	O	8.32	A	-		
849	50	O	8.32	T	-		
849	51	O	8.32	T	-		
849	52	O	8.32	C	-		
849	53	O	8.32	G	-		
849	54	O	8.32	C	-		
849	55	O	8.32	T	-		
849	56	O	8.32	T	-		
849	57	O	8.32	A	-		
849	58	O	8.32	C	-		
849	59	O	8.32	T	-		
849	60	O	8.32	T	-		
849	61	O	8.32	A	-		
849	62	O	8.32	A	-		
849	63	O	8.32	G	-		
849	64	O	8.32	G	-		
849	65	O	8.32	T	-		
849	66	O	8.32	C	-		
849	67	O	8.32	A	-		
849	68	O	8.32	T	-		
849	69	O	8.32	G	-		
849	70	O	8.32	C	-		
849	71	O	8.32	G	-		
849	72	O	8.32	A	-		
849	73	O	8.32	G	-		
849	74	O	8.32	A	-		
849	75	O	8.32	T	-		
849	76	O	8.32	G	-		
849	77	O	8.32	G	-		
849	78	U	0.71	T	G		
849	79	O	8.32	G	-		
849	80	O	8.32	G	-		
849	81	O	8.32	T	-		
849	82	O	8.32	A	-		
849	83	O	8.32	C	-		
849	84	O	8.32	A	-		
849	85	O	8.32	G	-		
849	86	O	8.32	C	-		
849	87	O	8.32	A	-		
849	88	O	8.32	G	-		
849	89	O	8.32	T	-		
849	90	O	8.32	A	-		
849	91	O	8.32	C	-		
849	92	O	8.32	A	-		
849	93	O	8.32	G	-		
849	94	O	8.32	T	-		
849	95	O	8.32	G	-		
849	96	O	8.32	T	-		
849	97	O	8.32	G	-		
849	98	O	8.32	C	-		
849	99	O	8.32	A	-		
849	100	O	8.32	T	-		
849	101	O	8.32	G	-		
849	102	O	8.32	G	-		
849	103	O	8.32	C	-		
849	104	O	8.32	G	-		
849	105	O	8.32	A	-		
849	106	O	8.32	C	-		
849	107	O	8.32	G	-		
849	108	O	8.32	A	-		
849	109	O	8.32	C	-		
850	0	O	19.41	T	-		
850	1	O	19.41	T	-		
850	2	O	19.41	A	-		
850	3	O	19.41	G	-		
850	4	O	19.41	G	-		
850	5	O	19.41	A	-		
850	6	O	19.41	T	-		
850	7	O	19.41	T	-		
850	8	O	19.41	T	-		
850	9	O	19.41	C	-		
850	10	O	19.41	A	-		
850	11	O	19.41	G	-		
850	12	O	19.41	A	-		
850	13	O	19.41	A	-		
850	14	O	19.41	C	-		
850	15	O	19.41	T	-		
850	16	O	19.41	T	-		
850	17	O	19.41	C	-		
850	18	O	19.41	A	-		
850	19	O	19.41	G	-		
850	20	O	19.41	A	-		
850	21	O	19.41	A	-		
850	22	O	19.41	G	-		
850	23	O	19.41	A	-		
850	24	O	19.41	C	-		
850	25	O	19.41	T	-		
850	26	O	19.41	G	-		
850	27	O	19.41	G	-		
850	28	O	19.41	G	-		
850	29	O	19.41	A	-		
850	30	O	19.41	C	-		
850	31	O	19.41	A	-		
850	32	O	19.41	T	-		
850	33	O	19.41	A	-		
850	34	O	19.41	A	-		
850	35	O	19.41	T	-		
850	36	O	19.41	A	-		
850	37	O	19.41	A	-		
850	38	O	19.41	T	-		
850	39	O	19.41	A	-		
850	40	O	19.41	A	-		
850	41	O	19.41	G	-		
850	42	O	19.41	C	-		
850	43	O	19.41	A	-		
850	44	O	19.41	A	-		
850	45	O	19.41	C	-		
850	46	O	19.41	A	-		
850	47	O	19.41	G	-		
850	48	O	19.41	A	-		
850	49	O	19.41	T	-		
850	50	O	19.41	T	-		
850	51	O	19.41	A	-		
850	52	O	19.41	C	-		
850	53	O	19.41	C	-		
850	54	O	19.41	A	-		
850	55	O	19.41	A	-		
850	56	O	19.41	T	-		
850	57	O	19.41	A	-		
850	58	O	19.41	A	-		
850	59	O	19.41	A	-		
850	60	O	19.41	T	-		
850	61	O	19.41	A	-		
850	62	O	19.41	A	-		
850	63	O	19.41	C	-		
850	64	O	19.41	A	-		
850	65	O	19.41	G	-		
850	66	O	19.41	A	-		
850	67	O	19.41	A	-		
850	68	O	19.41	A	-		
850	69	O	19.41	T	-		
850	70	O	19.41	C	-		
850	71	O	19.41	A	-		
850	72	O	19.41	A	-		
850	73	O	19.41	G	-		
850	74	O	19.41	A	-		
850	75	O	19.41	A	-		
850	76	O	19.41	T	-		
850	77	O	19.41	A	-		
850	78	O	19.41	T	-		
850	79	O	19.41	A	-		
850	80	O	19.41	A	-		
850	81	O	19.41	C	-		
850	82	O	19.41	C	-		
850	83	O	19.41	T	-		
850	84	O	19.41	C	-		
850	85	O	19.41	C	-		
850	86	O	19.41	G	-		
850	87	O	19.41	C	-		
850	88	O	19.41	A	-		
850	89	O	10.01	A	-		
850	90	O	19.41	G	-		
850	91	O	19.41	C	-		
850	92	O	19.41	A	-		
850	93	O	19.41	A	-		
850	94	O	19.41	C	-		
850	95	O	19.41	A	-		
850	96	O	19.41	G	-		
850	97	O	19.41	C	-		
850	98	O	19.41	C	-		
850	99	O	19.41	T	-		
850	100	O	19.41	C	-		
850	101	O	19.41	T	-		
850	102	O	19.41	C	-		
850	103	O	19.41	A	-		
850	104	O	19.41	T	-		
850	105	O	19.41	C	-		
850	106	O	19.41	A	-		
850	107	O	19.41	C	-		
850	108	O	19.41	T	-		
850	109	O	19.41	C	-		
851	0	O	5.55	T	-		
851	1	O	5.55	C	-		
851	2	O	5.55	A	-		
851	3	O	5.55	C	-		
851	4	O	5.55	A	-		
851	5	O	5.55	G	-		
851	6	O	5.55	A	-		
851	7	O	5.55	G	-		
851	8	O	5.55	A	-		
851	9	O	5.55	T	-		
851	10	O	5.55	C	-		
851	11	O	5.55	A	-		
851	12	O	5.55	T	-		
851	13	O	5.55	C	-		
851	14	O	5.55	A	-		
851	15	O	5.55	C	-		
851	16	O	5.55	T	-		
851	17	O	5.55	T	-		
851	18	O	5.55	T	-		
851	19	O	5.55	C	-		
851	20	O	5.55	T	-		
851	21	O	5.55	C	-		
851	22	O	5.55	G	-		
851	23	O	5.55	A	-		
851	24	O	5.55	G	-		
851	25	O	5.55	A	-		
851	26	O	5.55	A	-		
851	27	O	5.55	A	-		
851	28	O	5.55	A	-		
851	29	O	5.55	T	-		
851	30	O	5.55	T	-		
851	31	O	5.55	A	-		
851	32	O	5.55	G	-		
851	33	O	5.55	A	-		
851	34	O	5.55	C	-		
851	35	O	5.55	A	-		
851	36	O	5.55	A	-		
851	37	O	5.55	T	-		
851	38	O	5.55	A	-		
851	39	O	5.55	A	-		
851	40	O	5.55	A	-		
851	41	O	5.55	A	-		
851	42	O	5.55	T	-		
851	43	O	5.55	T	-		
851	44	O	5.55	C	-		
851	45	O	5.55	A	-		
851	46	O	5.55	T	-		
851	47	O	5.55	A	-		
851	48	O	5.55	A	-		
851	49	O	5.55	G	-		
851	50	O	5.55	A	-		
851	51	O	5.55	G	-		
851	52	O	5.55	C	-		
851	53	O	5.55	A	-		
851	54	O	5.55	A	-		
851	55	O	5.55	A	-		
851	56	O	5.55	A	-		
851	57	O	5.55	T	-		
851	58	O	5.55	A	-		
851	59	O	5.55	C	-		
851	60	O	5.55	A	-		
851	61	O	5.55	A	-		
851	62	O	5.55	A	-		
851	63	O	5.55	T	-		
851	64	O	5.55	T	-		
851	65	O	5.55	A	-		
851	66	O	5.55	A	-		
851	67	O	5.55	G	-		
851	68	O	5.55	A	-		
851	69	O	5.55	A	-		
851	70	O	5.55	C	-		
851	71	O	5.55	C	-		
851	72	O	5.55	C	-		
851	73	O	5.55	A	-		
851	74	O	5.55	A	-		
851	75	O	5.55	A	-		
851	76	O	5.55	A	-		
851	77	O	5.55	T	-		
851	78	O	5.55	G	-		
851	79	O	5.55	A	-		
851	80	O	5.55	T	-		
851	81	O	5.55	C	-		
851	82	O	5.55	A	-		
851	83	O	5.55	A	-		
851	84	O	5.55	T	-		
851	85	O	5.55	C	-		
851	86	O	5.55	A	-		
851	87	O	5.55	A	-		
851	88	O	5.55	C	-		
851	89	O	5.55	C	-		
851	90	O	5.55	A	-		
851	91	O	5.55	A	-		
851	92	O	5.55	C	-		
851	93	O	5.55	A	-		
851	94	O	5.55	A	-		
851	95	O	5.55	A	-		
851	96	O	5.55	A	-		
851	97	O	5.55	C	-		
851	98	O	5.55	G	-		
851	99	O	5.55	C	-		
851	100	O	5.55	T	-		
851	101	O	5.55	T	-		
851	102	O	5.55	A	-		
851	103	O	5.55	C	-		
851	104	O	5.55	G	-		
851	105	O	5.55	C	-		
851	106	O	5.55	T	-		
851	107	O	5.55	A	-		
851	108	O	5.55	T	-		
851	109	O	5.55	C	-		
852	0	O	8.32	T	-		
852	1	O	8.32	A	-		
852	2	O	8.32	T	-		
852	3	O	8.32	A	-		
852	4	O	8.32	A	-		
852	5	O	8.32	A	-		
852	6	O	8.32	A	-		
852	7	O	8.32	T	-		
852	8	O	8.32	C	-		
852	9	O	8.32	G	-		
852	10	O	8.32	G	-		
852	11	O	8.32	A	-		
852	12	O	8.32	A	-		
852	13	O	8.32	G	-		
852	14	O	8.32	C	-		
852	15	O	8.32	A	-		
852	16	O	8.32	A	-		
852	17	O	8.32	G	-		
852	18	O	8.32	G	-		
852	19	O	8.32	A	-		
852	20	O	8.32	T	-		
852	21	O	8.32	C	-		
852	22	O	8.32	A	-		
852	23	O	8.32	A	-		
852	24	O	8.32	T	-		
852	25	O	8.32	G	-		
852	26	O	8.32	A	-		
852	27	O	8.32	G	-		
852	28	O	8.32	T	-		
852	29	O	8.32	T	-		
852	30	O	8.32	T	-		
852	31	O	8.32	C	-		
852	32	O	8.32	T	-		
852	33	O	8.32	C	-		
852	34	O	8.32	A	-		
852	35	O	8.32	A	-		
852	36	O	8.32	G	-		
852	37	O	8.32	A	-		
852	38	O	8.32	A	-		
852	39	O	8.32	T	-		
852	40	O	8.32	G	-		
852	41	O	8.32	G	-		
852	42	O	8.32	T	-		
852	43	O	8.32	T	-		
852	44	O	8.32	C	-		
852	45	O	8.32	A	-		
852	46	O	8.32	G	-		
852	47	O	8.32	A	-		
852	48	O	8.32	C	-		
852	49	O	8.32	A	-		
852	50	O	8.32	T	-		
852	51	O	8.32	C	-		
852	52	O	8.32	A	-		
852	53	O	8.32	G	-		
852	54	O	8.32	A	-		
852	55	O	8.32	G	-		
852	56	O	8.32	G	-		
852	57	O	8.32	C	-		
852	58	O	8.32	T	-		
852	59	O	8.32	C	-		
852	60	O	8.32	A	-		
852	61	O	8.32	G	-		
852	62	O	8.32	A	-		
852	63	O	8.32	G	-		
852	64	O	8.32	C	-		
852	65	O	8.32	C	-		
852	66	O	8.32	A	-		
852	67	O	8.32	T	-		
852	68	O	8.32	T	-		
852	69	O	8.32	G	-		
852	70	O	8.32	C	-		
852	71	O	8.32	T	-		
852	72	O	8.32	T	-		
852	73	O	8.32	C	-		
852	74	O	8.32	T	-		
852	75	O	8.32	A	-		
852	76	O	8.32	C	-		
852	77	O	8.32	T	-		
852	78	O	8.32	A	-		
852	79	O	8.32	A	-		
852	80	O	8.32	T	-		
852	81	O	8.32	T	-		
852	82	O	8.32	G	-		
852	83	O	8.32	A	-		
852	84	O	8.32	C	-		
852	85	O	8.32	A	-		
852	86	O	8.32	T	-		
852	87	O	8.32	T	-		
852	88	O	8.32	C	-		
852	89	O	8.32	T	-		
852	90	O	8.32	T	-		
852	91	O	8.32	T	-		
852	92	O	8.32	G	-		
852	93	O	8.32	A	-		
852	94	O	8.32	C	-		
852	95	O	8.32	T	-		
852	96	O	8.32	T	-		
852	97	O	8.32	T	-		
852	98	O	8.32	C	-		
852	99	O	8.32	T	-		
852	100	O	8.32	T	-		
852	101	O	8.32	G	-		
852	102	O	8.32	T	-		
852	103	O	8.32	T	-		
852	104	O	8.32	T	-		
852	105	O	8.32	G	-		
852	106	O	8.32	T	-		
852	107	O	8.32	T	-		
852	108	O	8.32	T	-		
852	109	O	8.32	A	-		
853	0	O	18.02	T	-		
853	1	O	18.02	G	-		
853	2	O	18.02	T	-		
853	3	O	18.02	A	-		
853	4	O	18.02	G	-		
853	5	O	18.02	G	-		
853	6	O	18.02	A	-		
853	7	O	18.02	T	-		
853	8	O	18.02	T	-		
853	9	O	18.02	G	-		
853	10	O	18.02	T	-		
853	11	O	18.02	G	-		
853	12	O	18.02	T	-		
853	13	O	18.02	A	-		
853	14	O	18.02	G	-		
853	15	O	18.02	T	-		
853	16	O	18.02	T	-		
853	17	O	18.02	G	-		
853	18	O	18.02	A	-		
853	19	O	18.02	G	-		
853	20	O	18.02	C	-		
853	21	O	18.02	T	-		
853	22	O	18.02	A	-		
853	23	O	18.02	A	-		
853	24	O	18.02	A	-		
853	25	O	18.02	T	-		
853	26	O	18.02	A	-		
853	27	O	18.02	G	-		
853	28	O	18.02	C	-		
853	29	O	18.02	G	-		
853	30	O	18.02	G	-		
853	31	O	18.02	G	-		
853	32	O	18.02	A	-		
853	33	O	18.02	T	-		
853	34	O	18.02	T	-		
853	35	O	18.02	T	-		
853	36	O	18.02	T	-		
853	37	O	18.02	A	-		
853	38	O	18.02	G	-		
853	39	O	18.02	T	-		
853	40	O	18.02	T	-		
853	41	O	18.02	C	-		
853	42	O	18.02	T	-		
853	43	O	18.02	C	-		
853	44	O	18.02	A	-		
853	45	O	18.02	T	-		
853	46	O	18.02	G	-		
853	47	O	18.02	G	-		
853	48	O	18.02	A	-		
853	49	O	18.02	T	-		
853	50	O	18.02	T	-		
853	51	O	18.02	A	-		
853	52	O	18.02	G	-		
853	53	O	18.02	G	-		
853	54	O	18.02	C	-		
853	55	O	18.02	A	-		
853	56	O	18.02	G	-		
853	57	O	18.02	G	-		
853	58	O	18.02	C	-		
853	59	O	18.02	A	-		
853	60	O	18.02	T	-		
853	61	O	18.02	C	-		
853	62	O	18.02	C	-		
853	63	O	18.02	A	-		
853	64	O	18.02	T	-		
853	65	O	18.02	T	-		
853	66	O	18.02	G	-		
853	67	O	18.02	C	-		
853	68	O	18.02	C	-		
853	69	O	18.02	T	-		
853	70	O	18.02	A	-		
853	71	O	18.02	T	-		
853	72	O	18.02	C	-		
853	73	O	18.02	A	-		
853	74	O	18.02	T	-		
853	75	O	18.02	T	-		
853	76	O	18.02	T	-		
853	77	O	18.02	A	-		
853	78	O	18.02	T	-		
853	79	O	18.02	T	-		
853	80	O	18.02	C	-		
853	81	O	18.02	C	-		
853	82	O	18.02	A	-		
853	83	O	18.02	A	-		
853	84	O	18.02	T	-		
853	85	O	18.02	A	-		
853	86	O	18.02	T	-		
853	87	O	18.02	C	-		
853	88	O	18.02	A	-		
853	89	O	18.02	T	-		
853	90	O	18.02	T	-		
853	91	O	18.02	A	-		
853	92	O	18.02	T	-		
853	93	O	18.02	T	-		
853	94	O	18.02	G	-		
853	95	O	18.02	G	-		
853	96	O	18.02	T	-		
853	97	O	18.02	T	-		
853	98	O	18.02	C	-		
853	99	O	18.02	A	-		
853	100	O	18.02	A	-		
853	101	O	18.02	C	-		
853	102	O	18.02	C	-		
853	103	O	18.02	A	-		
853	104	O	18.02	C	-		
853	105	O	18.02	T	-		
853	106	O	18.02	G	-		
853	107	O	18.02	A	-		
853	108	O	18.02	T	-		
853	109	O	18.02	T	-		
854	0	O	6.93	T	-		
854	1	O	6.93	G	-		
854	2	O	6.93	G	-		
854	3	O	6.93	T	-		
854	4	O	6.93	T	-		
854	5	O	6.93	G	-		
854	6	O	6.93	G	-		
854	7	O	6.93	C	-		
854	8	O	6.93	G	-		
854	9	O	6.93	T	-		
854	10	O	6.93	G	-		
854	11	O	6.93	G	-		
854	12	O	6.93	A	-		
854	13	O	6.93	T	-		
854	14	O	6.93	A	-		
854	15	O	6.93	T	-		
854	16	O	6.93	A	-		
854	17	O	6.93	G	-		
854	18	O	6.93	C	-		
854	19	O	6.93	G	-		
854	20	O	6.93	A	-		
854	21	O	6.93	A	-		
854	22	O	6.93	G	-		
854	23	O	6.93	C	-		
854	24	O	6.93	A	-		
854	25	O	6.93	G	-		
854	26	O	6.93	T	-		
854	27	O	6.93	T	-		
854	28	O	6.93	C	-		
854	29	O	6.93	G	-		
854	30	O	6.93	G	-		
854	31	O	6.93	A	-		
854	32	O	6.93	C	-		
854	33	O	6.93	G	-		
854	34	O	6.93	A	-		
854	35	O	6.93	G	-		
854	36	O	6.93	T	-		
854	37	O	6.93	T	-		
854	38	O	6.93	C	-		
854	39	O	6.93	T	-		
854	40	O	6.93	C	-		
854	41	O	6.93	G	-		
854	42	O	6.93	A	-		
854	43	O	6.93	A	-		
854	44	O	6.93	G	-		
854	45	O	6.93	C	-		
854	46	O	6.93	T	-		
854	47	O	6.93	G	-		
854	48	O	6.93	C	-		
854	49	O	6.93	T	-		
854	50	O	6.93	C	-		
854	51	O	6.93	G	-		
854	52	O	6.93	A	-		
854	53	O	6.93	C	-		
854	54	O	6.93	G	-		
854	55	O	6.93	A	-		
854	56	O	6.93	A	-		
854	57	O	6.93	C	-		
854	58	O	6.93	T	-		
854	59	O	6.93	C	-		
854	60	O	6.93	A	-		
854	61	O	6.93	G	-		
854	62	O	6.93	C	-		
854	63	O	6.93	T	-		
854	64	O	6.93	C	-		
854	65	O	6.93	G	-		
854	66	O	6.93	C	-		
854	67	O	6.93	T	-		
854	68	O	6.93	A	-		
854	69	O	6.93	G	-		
854	70	O	6.93	C	-		
854	71	O	6.93	T	-		
854	72	O	6.93	G	-		
854	73	O	6.93	T	-		
854	74	O	6.93	G	-		
854	75	O	6.93	T	-		
854	76	O	6.93	A	-		
854	77	O	6.93	C	-		
854	78	O	6.93	T	-		
854	79	O	6.93	T	-		
854	80	O	6.93	C	-		
854	81	O	6.93	T	-		
854	82	O	6.93	C	-		
854	83	O	6.93	G	-		
854	84	O	6.93	C	-		
854	85	O	6.93	C	-		
854	86	O	6.93	C	-		
854	87	O	6.93	G	-		
854	88	O	6.93	A	-		
854	89	O	6.93	T	-		
854	90	O	6.93	A	-		
854	91	O	6.93	T	-		
854	92	O	6.93	G	-		
854	93	O	6.93	A	-		
854	94	O	6.93	T	-		
854	95	O	6.93	G	-		
854	96	O	6.93	A	-		
854	97	O	6.93	G	-		
854	98	O	6.93	G	-		
854	99	O	6.93	A	-		
854	100	O	6.93	T	-		
854	101	O	6.93	G	-		
854	102	O	6.93	C	-		
854	103	O	6.93	G	-		
854	104	O	6.93	T	-		
854	105	O	6.93	C	-		
854	106	O	6.93	G	-		
854	107	O	6.93	G	-		
854	108	O	6.93	A	-		
854	109	O	6.93	C	-		
855	0	O	6.93	C	-		
855	1	O	6.93	G	-		
855	2	O	6.93	G	-		
855	3	O	6.93	A	-		
855	4	O	6.93	C	-		
855	5	O	6.93	T	-		
855	6	O	6.93	C	-		
855	7	O	6.93	C	-		
855	8	O	6.93	G	-		
855	9	O	6.93	C	-		
855	10	O	6.93	C	-		
855	11	O	6.93	C	-		
855	12	O	6.93	A	-		
855	13	O	6.93	A	-		
855	14	O	6.93	G	-		
855	15	O	6.93	T	-		
855	16	U	-0.27	C	A		
855	17	O	6.93	T	-		
855	18	O	6.93	T	-		
855	19	O	6.93	C	-		
855	20	O	6.93	T	-		
855	21	O	6.93	C	-		
855	22	O	6.93	G	-		
855	23	O	6.93	G	-		
855	24	O	6.93	A	-		
855	25	O	6.93	C	-		
855	26	O	6.93	A	-		
855	27	O	6.93	T	-		
855	28	O	6.93	G	-		
855	29	O	6.93	G	-		
855	30	O	6.93	A	-		
855	31	O	6.93	A	-		
855	32	O	6.93	T	-		
855	33	O	6.93	A	-		
855	34	O	6.93	C	-		
855	35	O	6.93	G	-		
855	36	O	6.93	A	-		
855	37	O	6.93	A	-		
855	38	O	6.93	T	-		
855	39	O	6.93	G	-		
855	40	O	6.93	G	-		
855	41	O	6.93	T	-		
855	42	O	6.93	A	-		
855	43	O	6.93	C	-		
855	44	O	6.93	A	-		
855	45	O	6.93	G	-		
855	46	O	6.93	C	-		
855	47	O	6.93	A	-		
855	48	O	6.93	G	-		
855	49	O	6.93	C	-		
855	50	O	6.93	G	-		
855	51	O	6.93	A	-		
855	52	O	6.93	C	-		
855	53	O	6.93	G	-		
855	54	O	6.93	A	-		
855	55	O	6.93	G	-		
855	56	O	6.93	C	-		
855	57	O	6.93	C	-		
855	58	O	6.93	C	-		
855	59	O	6.93	T	-		
855	60	O	6.93	C	-		
855	61	O	6.93	G	-		
855	62	O	6.93	A	-		
855	63	O	6.93	C	-		
855	64	O	6.93	T	-		
855	65	O	6.93	G	-		
855	66	O	6.93	C	-		
855	67	O	6.93	G	-		
855	68	O	6.93	C	-		
855	69	O	6.93	C	-		
855	70	O	6.93	C	-		
855	71	O	6.93	T	-		
855	72	O	6.93	A	-		
855	73	O	6.93	C	-		
855	74	O	6.93	T	-		
855	75	O	6.93	A	-		
855	76	O	6.93	C	-		
855	77	O	6.93	G	-		
855	78	O	6.93	C	-		
855	79	O	6.93	C	-		
855	80	O	6.93	G	-		
855	81	O	6.93	C	-		
855	82	O	6.93	C	-		
855	83	O	6.93	C	-		
855	84	O	6.93	G	-		
855	85	O	6.93	C	-		
855	86	O	6.93	A	-		
855	87	O	6.93	C	-		
855	88	O	6.93	C	-		
855	89	O	6.93	G	-		
855	90	O	6.93	T	-		
855	91	O	6.93	C	-		
855	92	O	6.93	C	-		
855	93	O	6.93	T	-		
855	94	O	6.93	C	-		
855	95	O	6.93	C	-		
855	96	O	6.93	C	-		
855	97	O	6.93	C	-		
855	98	O	6.93	T	-		
855	99	O	6.93	A	-		
855	100	O	6.93	C	-		
855	101	O	6.93	C	-		
855	102	O	6.93	T	-		
855	103	O	6.93	C	-		
855	104	O	6.93	C	-		
855	105	O	6.93	T	-		
855	106	O	6.93	G	-		
855	107	O	6.93	A	-		
855	108	O	6.93	T	-		
855	109	O	6.93	C	-		
856	0	O	8.32	T	-		
856	1	O	8.32	A	-		
856	2	O	8.32	T	-		
856	3	O	8.32	C	-		
856	4	O	8.32	G	-		
856	5	O	8.32	T	-		
856	6	O	8.32	C	-		
856	7	O	8.32	A	-		
856	8	O	8.32	C	-		
856	9	O	8.32	A	-		
856	10	O	8.32	G	-		
856	11	O	8.32	C	-		
856	12	O	8.32	C	-		
856	13	O	8.32	G	-		
856	14	O	8.32	A	-		
856	15	O	8.32	T	-		
856	16	O	8.32	C	-		
856	17	O	8.32	G	-		
856	18	O	8.32	G	-		
856	19	O	8.32	A	-		
856	20	O	8.32	T	-		
856	21	O	8.32	G	-		
856	22	O	8.32	A	-		
856	23	O	8.32	G	-		
856	24	O	8.32	T	-		
856	25	O	8.32	G	-		
856	26	O	8.32	A	-		
856	27	O	8.32	A	-		
856	28	O	8.32	T	-		
856	29	O	8.32	C	-		
856	30	O	8.32	T	-		
856	31	O	8.32	G	-		
856	32	O	8.32	G	-		
856	33	O	8.32	C	-		
856	34	O	8.32	A	-		
856	35	O	8.32	A	-		
856	36	O	8.32	G	-		
856	37	O	8.32	C	-		
856	38	O	8.32	G	-		
856	39	O	8.32	A	-		
856	40	O	8.32	A	-		
856	41	O	8.32	C	-		
856	42	O	8.32	G	-		
856	43	O	8.32	C	-		
856	44	O	8.32	T	-		
856	45	O	8.32	T	-		
856	46	O	8.32	C	-		
856	47	O	8.32	T	-		
856	48	O	8.32	C	-		
856	49	O	8.32	C	-		
856	50	O	8.32	T	-		
856	51	O	8.32	C	-		
856	52	O	8.32	G	-		
856	53	O	8.32	A	-		
856	54	O	8.32	G	-		
856	55	O	8.32	C	-		
856	56	O	8.32	A	-		
856	57	O	8.32	A	-		
856	58	O	8.32	G	-		
856	59	O	8.32	G	-		
856	60	O	8.32	C	-		
856	61	O	8.32	G	-		
856	62	O	8.32	G	-		
856	63	O	8.32	C	-		
856	64	O	8.32	G	-		
856	65	O	8.32	G	-		
856	66	O	8.32	T	-		
856	67	O	8.32	T	-		
856	68	O	8.32	C	-		
856	69	O	8.32	C	-		
856	70	O	8.32	T	-		
856	71	O	8.32	A	-		
856	72	O	8.32	C	-		
856	73	O	8.32	T	-		
856	74	O	8.32	A	-		
856	75	O	8.32	C	-		
856	76	O	8.32	A	-		
856	77	O	8.32	G	-		
856	78	O	8.32	C	-		
856	79	O	8.32	A	-		
856	80	O	8.32	C	-		
856	81	O	8.32	C	-		
856	82	O	8.32	G	-		
856	83	O	8.32	G	-		
856	84	O	8.32	C	-		
856	85	O	8.32	G	-		
856	86	O	8.32	G	-		
856	87	O	8.32	T	-		
856	88	O	8.32	C	-		
856	89	O	8.32	G	-		
856	90	O	8.32	T	-		
856	91	O	8.32	G	-		
856	92	O	8.32	A	-		
856	93	O	8.32	G	-		
856	94	O	8.32	C	-		
856	95	O	8.32	G	-		
856	96	O	8.32	A	-		
856	97	O	8.32	C	-		
856	98	O	8.32	C	-		
856	99	O	8.32	C	-		
856	100	O	8.32	G	-		
856	101	O	8.32	A	-		
856	102	O	8.32	A	-		
856	103	O	8.32	T	-		
856	104	O	8.32	G	-		
856	105	O	8.32	G	-		
856	106	O	8.32	C	-		
856	107	O	8.32	T	-		
856	108	O	8.32	C	-		
856	109	O	8.32	T	-		
857	0	O	11.09	T	-		
857	1	O	11.09	G	-		
857	2	O	11.09	G	-		
857	3	O	11.09	A	-		
857	4	O	11.09	G	-		
857	5	O	11.09	G	-		
857	6	O	11.09	G	-		
857	7	O	11.09	T	-		
857	8	O	11.09	G	-		
857	9	O	11.09	A	-		
857	10	O	11.09	A	-		
857	11	O	11.09	C	-		
857	12	O	11.09	T	-		
857	13	O	11.09	T	-		
857	14	O	11.09	C	-		
857	15	O	11.09	T	-		
857	16	O	11.09	G	-		
857	17	O	11.09	C	-		
857	18	O	11.09	T	-		
857	19	O	11.09	C	-		
857	20	O	11.09	G	-		
857	21	O	11.09	G	-		
857	22	O	11.09	C	-		
857	23	O	11.09	C	-		
857	24	O	11.09	C	-		
857	25	O	11.09	A	-		
857	26	O	11.09	C	-		
857	27	O	11.09	T	-		
857	28	O	11.09	C	-		
857	29	O	11.09	G	-		
857	30	O	11.09	G	-		
857	31	O	11.09	T	-		
857	32	O	11.09	C	-		
857	33	O	11.09	C	-		
857	34	O	11.09	A	-		
857	35	O	11.09	G	-		
857	36	O	11.09	C	-		
857	37	O	11.09	G	-		
857	38	O	11.09	C	-		
857	39	O	11.09	G	-		
857	40	O	11.09	C	-		
857	41	O	11.09	G	-		
857	42	O	11.09	G	-		
857	43	O	11.09	C	-		
857	44	O	11.09	C	-		
857	45	O	11.09	A	-		
857	46	O	11.09	G	-		
857	47	O	11.09	G	-		
857	48	O	11.09	A	-		
857	49	O	11.09	A	-		
857	50	O	11.09	G	-		
857	51	O	11.09	G	-		
857	52	O	11.09	C	-		
857	53	O	11.09	G	-		
857	54	O	11.09	C	-		
857	55	O	11.09	C	-		
857	56	O	11.09	C	-		
857	57	O	11.09	G	-		
857	58	O	11.09	A	-		
857	59	O	11.09	G	-		
857	60	O	11.09	T	-		
857	61	O	11.09	G	-		
857	62	O	11.09	G	-		
857	63	O	11.09	C	-		
857	64	O	11.09	C	-		
857	65	O	11.09	C	-		
857	66	O	11.09	G	-		
857	67	O	11.09	G	-		
857	68	O	11.09	G	-		
857	69	O	11.09	A	-		
857	70	O	11.09	A	-		
857	71	O	11.09	A	-		
857	72	O	11.09	G	-		
857	73	O	11.09	A	-		
857	74	O	11.09	G	-		
857	75	O	11.09	A	-		
857	76	O	11.09	G	-		
857	77	O	11.09	T	-		
857	78	O	11.09	T	-		
857	79	O	11.09	C	-		
857	80	O	11.09	G	-		
857	81	O	11.09	A	-		
857	82	O	11.09	G	-		
857	83	O	11.09	C	-		
857	84	O	11.09	G	-		
857	85	O	11.09	A	-		
857	86	O	11.09	C	-		
857	87	O	11.09	C	-		
857	88	O	11.09	T	-		
857	89	O	11.09	G	-		
857	90	O	11.09	T	-		
857	91	O	11.09	T	-		
857	92	O	11.09	G	-		
857	93	O	11.09	G	-		
857	94	O	11.09	C	-		
857	95	O	11.09	C	-		
857	96	O	11.09	G	-		
857	97	O	11.09	G	-		
857	98	O	11.09	C	-		
857	99	O	11.09	T	-		
857	100	O	11.09	G	-		
857	101	O	11.09	G	-		
857	102	O	11.09	C	-		
857	103	O	11.09	G	-		
857	104	O	11.09	G	-		
857	105	O	11.09	T	-		
857	106	O	11.09	T	-		
857	107	O	11.09	A	-		
857	108	O	11.09	C	-		
857	109	O	11.09	C	-		
858	0	O	5.55	G	-		
858	1	O	5.55	G	-		
858	2	O	5.55	A	-		
858	3	O	5.55	A	-		
858	4	O	5.55	G	-		
858	5	O	5.55	G	-		
858	6	O	5.55	A	-		
858	7	O	5.55	T	-		
858	8	O	5.55	A	-		
858	9	O	5.55	A	-		
858	10	O	5.55	A	-		
858	11	O	5.55	G	-		
858	12	O	5.55	A	-		
858	13	O	5.55	A	-		
858	14	O	5.55	C	-		
858	15	O	5.55	A	-		
858	16	O	5.55	A	-		
858	17	O	5.55	T	-		
858	18	O	5.55	G	-		
858	19	O	5.55	T	-		
858	20	O	5.55	T	-		
858	21	O	5.55	G	-		
858	22	O	5.55	A	-		
858	23	O	5.55	T	-		
858	24	O	5.55	G	-		
858	25	O	5.55	A	-		
858	26	O	5.55	C	-		
858	27	O	5.55	A	-		
858	28	O	5.55	G	-		
858	29	O	5.55	T	-		
858	30	O	5.55	G	-		
858	31	O	5.55	C	-		
858	32	O	5.55	A	-		
858	33	O	5.55	A	-		
858	34	O	5.55	A	-		
858	35	O	5.55	G	-		
858	36	O	5.55	G	-		
858	37	O	5.55	G	-		
858	38	O	5.55	A	-		
858	39	O	5.55	T	-		
858	40	O	5.55	G	-		
858	41	O	5.55	T	-		
858	42	O	5.55	T	-		
858	43	O	5.55	T	-		
858	44	O	5.55	A	-		
858	45	O	5.55	G	-		
858	46	O	5.55	G	-		
858	47	O	5.55	T	-		
858	48	O	5.55	C	-		
858	49	O	5.55	C	-		
858	50	O	5.55	T	-		
858	51	O	5.55	G	-		
858	52	O	5.55	C	-		
858	53	O	5.55	T	-		
858	54	O	5.55	G	-		
858	55	O	5.55	G	-		
858	56	O	5.55	G	-		
858	57	O	5.55	T	-		
858	58	O	5.55	G	-		
858	59	O	5.55	A	-		
858	60	O	5.55	A	-		
858	61	O	5.55	C	-		
858	62	O	5.55	A	-		
858	63	O	5.55	T	-		
858	64	O	5.55	A	-		
858	65	O	5.55	G	-		
858	66	O	5.55	G	-		
858	67	O	5.55	C	-		
858	68	O	5.55	A	-		
858	69	O	5.55	C	-		
858	70	O	5.55	T	-		
858	71	O	5.55	G	-		
858	72	O	5.55	C	-		
858	73	O	5.55	T	-		
858	74	O	5.55	T	-		
858	75	O	5.55	C	-		
858	76	O	5.55	C	-		
858	77	O	5.55	A	-		
858	78	O	5.55	G	-		
858	79	O	5.55	C	-		
858	80	O	5.55	T	-		
858	81	O	5.55	T	-		
858	82	O	5.55	G	-		
858	83	O	5.55	T	-		
858	84	O	5.55	A	-		
858	85	O	5.55	A	-		
858	86	O	5.55	G	-		
858	87	O	5.55	C	-		
858	88	O	5.55	T	-		
858	89	O	5.55	G	-		
858	90	O	5.55	A	-		
858	91	O	5.55	A	-		
858	92	O	5.55	C	-		
858	93	O	5.55	T	-		
858	94	O	5.55	G	-		
858	95	O	5.55	T	-		
858	96	O	5.55	G	-		
858	97	O	5.55	G	-		
858	98	O	5.55	G	-		
858	99	O	5.55	G	-		
858	100	O	5.55	A	-		
858	101	O	5.55	A	-		
858	102	O	5.55	T	-		
858	103	O	5.55	T	-		
858	104	O	5.55	C	-		
858	105	O	5.55	T	-		
858	106	O	5.55	A	-		
858	107	O	5.55	A	-		
858	108	O	5.55	A	-		
858	109	O	5.55	G	-		
859	0	O	13.86	T	-		
859	1	O	13.86	A	-		
859	2	O	13.86	C	-		
859	3	O	13.86	G	-		
859	4	O	13.86	A	-		
859	5	O	13.86	G	-		
859	6	O	13.86	G	-		
859	7	O	13.86	G	-		
859	8	O	13.86	T	-		
859	9	O	13.86	T	-		
859	10	O	13.86	G	-		
859	11	O	13.86	T	-		
859	12	O	13.86	C	-		
859	13	O	13.86	G	-		
859	14	O	13.86	G	-		
859	15	O	13.86	G	-		
859	16	O	13.86	C	-		
859	17	O	13.86	G	-		
859	18	O	13.86	G	-		
859	19	O	13.86	C	-		
859	20	O	13.86	G	-		
859	21	O	13.86	G	-		
859	22	O	13.86	C	-		
859	23	O	13.86	G	-		
859	24	O	13.86	A	-		
859	25	O	13.86	G	-		
859	26	O	13.86	C	-		
859	27	O	13.86	G	-		
859	28	O	13.86	C	-		
859	29	O	13.86	T	-		
859	30	O	13.86	C	-		
859	31	O	13.86	G	-		
859	32	O	13.86	C	-		
859	33	O	13.86	G	-		
859	34	O	13.86	T	-		
859	35	O	13.86	G	-		
859	36	O	13.86	G	-		
859	37	O	13.86	T	-		
859	38	O	13.86	C	-		
859	39	O	13.86	G	-		
859	40	O	13.86	C	-		
859	41	O	13.86	C	-		
859	42	O	13.86	G	-		
859	43	O	13.86	T	-		
859	44	O	13.86	C	-		
859	45	O	13.86	T	-		
859	46	O	13.86	G	-		
859	47	O	13.86	C	-		
859	48	O	13.86	G	-		
859	49	O	13.86	A	-		
859	50	O	13.86	C	-		
859	51	O	13.86	C	-		
859	52	O	13.86	A	-		
859	53	O	13.86	G	-		
859	54	O	13.86	C	-		
859	55	O	13.86	A	-		
859	56	O	13.86	A	-		
859	57	O	13.86	G	-		
859	58	O	13.86	C	-		
859	59	O	13.86	G	-		
859	60	O	13.86	G	-		
859	61	O	13.86	C	-		
859	62	O	13.86	G	-		
859	63	O	5.16	G	-		
859	64	O	13.86	G	-		
859	65	O	13.86	C	-		
859	66	O	13.86	A	-		
859	67	O	13.86	A	-		
859	68	O	13.86	G	-		
859	69	O	13.86	T	-		
859	70	O	13.86	C	-		
859	71	O	13.86	G	-		
859	72	O	13.86	G	-		
859	73	O	13.86	C	-		
859	74	O	13.86	G	-		
859	75	O	13.86	C	-		
859	76	O	13.86	G	-		
859	77	O	13.86	A	-		
859	78	O	13.86	C	-		
859	79	O	13.86	C	-		
859	80	O	13.86	G	-		
859	81	O	13.86	C	-		
859	82	O	13.86	C	-		
859	83	O	13.86	A	-		
859	84	O	13.86	G	-		
859	85	O	13.86	T	-		
859	86	O	13.86	C	-		
859	87	O	13.86	A	-		
859	88	O	13.86	C	-		
859	89	O	13.86	C	-		
859	90	O	13.86	G	-		
859	91	O	13.86	T	-		
859	92	O	13.86	T	-		
859	93	O	13.86	A	-		
859	94	O	13.86	C	-		
859	95	O	13.86	C	-		
859	96	O	13.86	T	-		
859	97	O	13.86	T	-		
859	98	O	13.86	C	-		
859	99	O	13.86	C	-		
859	100	O	13.86	G	-		
859	101	O	13.86	C	-		
859	102	O	13.86	T	-		
859	103	O	13.86	C	-		
859	104	O	13.86	C	-		
859	105	O	13.86	T	-		
859	106	O	13.86	A	-		
859	107	O	13.86	C	-		
859	108	O	13.86	A	-		
859	109	O	13.86	C	-		
860	0	O	6.93	A	-		
860	1	O	6.93	C	-		
860	2	O	6.93	G	-		
860	3	O	6.93	G	-		
860	4	O	6.93	C	-		
860	5	O	6.93	G	-		
860	6	O	6.93	T	-		
860	7	O	6.93	G	-		
860	8	O	6.93	G	-		
860	9	O	6.93	A	-		
860	10	O	6.93	C	-		
860	11	O	6.93	T	-		
860	12	O	6.93	A	-		
860	13	O	6.93	T	-		
860	14	O	6.93	C	-		
860	15	O	6.93	A	-		
860	16	O	6.93	C	-		
860	17	O	6.93	T	-		
860	18	O	6.93	G	-		
860	19	O	6.93	G	-		
860	20	O	6.93	T	-		
860	21	O	6.93	G	-		
860	22	O	6.93	G	-		
860	23	O	6.93	G	-		
860	24	O	6.93	A	-		
860	25	O	6.93	T	-		
860	26	O	6.93	C	-		
860	27	O	6.93	T	-		
860	28	O	6.93	C	-		
860	29	O	6.93	G	-		
860	30	O	6.93	C	-		
860	31	O	6.93	G	-		
860	32	O	6.93	A	-		
860	33	O	6.93	A	-		
860	34	O	6.93	G	-		
860	35	O	6.93	G	-		
860	36	O	6.93	C	-		
860	37	O	6.93	G	-		
860	38	O	6.93	G	-		
860	39	O	6.93	C	-		
860	40	O	6.93	C	-		
860	41	O	6.93	G	-		
860	42	O	6.93	G	-		
860	43	O	6.93	C	-		
860	44	O	6.93	C	-		
860	45	O	6.93	T	-		
860	46	O	6.93	C	-		
860	47	O	6.93	T	-		
860	48	O	6.93	C	-		
860	49	O	6.93	A	-		
860	50	O	6.93	A	-		
860	51	O	6.93	C	-		
860	52	O	6.93	G	-		
860	53	O	6.93	C	-		
860	54	O	6.93	T	-		
860	55	O	6.93	C	-		
860	56	O	6.93	C	-		
860	57	O	6.93	T	-		
860	58	O	6.93	T	-		
860	59	O	6.93	A	-		
860	60	O	6.93	G	-		
860	61	O	6.93	C	-		
860	62	O	6.93	G	-		
860	63	O	6.93	T	-		
860	64	O	6.93	C	-		
860	65	O	6.93	G	-		
860	66	O	6.93	G	-		
860	67	O	6.93	T	-		
860	68	O	6.93	G	-		
860	69	O	6.93	C	-		
860	70	O	6.93	G	-		
860	71	O	6.93	G	-		
860	72	O	6.93	A	-		
860	73	O	6.93	A	-		
860	74	O	6.93	C	-		
860	75	O	6.93	T	-		
860	76	O	6.93	C	-		
860	77	O	6.93	G	-		
860	78	O	6.93	C	-		
860	79	O	6.93	C	-		
860	80	O	6.93	A	-		
860	81	O	6.93	C	-		
860	82	O	6.93	G	-		
860	83	O	6.93	A	-		
860	84	O	6.93	A	-		
860	85	O	6.93	C	-		
860	86	O	6.93	G	-		
860	87	O	6.93	A	-		
860	88	O	6.93	T	-		
860	89	O	6.93	G	-		
860	90	O	6.93	A	-		
860	91	O	6.93	T	-		
860	92	O	6.93	G	-		
860	93	O	6.93	A	-		
860	94	O	6.93	T	-		
860	95	O	6.93	C	-		
860	96	O	6.93	G	-		
860	97	O	6.93	A	-		
860	98	O	6.93	C	-		
860	99	O	6.93	T	-		
860	100	O	6.93	G	-		
860	101	O	6.93	A	-		
860	102	O	6.93	T	-		
860	103	O	6.93	C	-		
860	104	O	6.93	C	-		
860	105	O	6.93	A	-		
860	106	O	6.93	G	-		
860	107	O	6.93	G	-		
860	108	O	6.93	C	-		
860	109	O	6.93	G	-		
861	0	O	8.32	C	-		
861	1	O	8.32	A	-		
861	2	O	8.32	A	-		
861	3	O	8.32	A	-		
861	4	O	8.32	C	-		
861	5	O	8.32	A	-		
861	6	O	8.32	T	-		
861	7	O	8.32	G	-		
861	8	O	8.32	A	-		
861	9	O	8.32	C	-		
861	10	O	8.32	A	-		
861	11	O	8.32	A	-		
861	12	O	8.32	T	-		
861	13	O	8.32	T	-		
861	14	O	8.32	C	-		
861	15	O	8.32	A	-		
861	16	O	8.32	G	-		
861	17	O	8.32	G	-		
861	18	O	8.32	T	-		
861	19	O	8.32	A	-		
861	20	O	8.32	C	-		
861	21	O	8.32	A	-		
861	22	O	8.32	T	-		
861	23	O	8.32	A	-		
861	24	O	8.32	A	-		
861	25	O	8.32	A	-		
861	26	O	8.32	C	-		
861	27	O	8.32	T	-		
861	28	O	8.32	T	-		
861	29	O	8.32	A	-		
861	30	O	8.32	G	-		
861	31	O	8.32	G	-		
861	32	O	8.32	G	-		
861	33	O	8.32	T	-		
861	34	O	8.32	G	-		
861	35	O	8.32	T	-		
861	36	O	8.32	T	-		
861	37	O	8.32	C	-		
861	38	O	8.32	A	-		
861	39	O	8.32	T	-		
861	40	O	8.32	G	-		
861	41	O	8.32	G	-		
861	42	O	8.32	G	-		
861	43	O	8.32	T	-		
861	44	O	8.32	T	-		
861	45	O	8.32	G	-		
861	46	O	8.32	A	-		
861	47	O	8.32	A	-		
861	48	O	8.32	C	-		
861	49	O	8.32	T	-		
861	50	O	8.32	C	-		
861	51	O	8.32	G	-		
861	52	O	8.32	A	-		
861	53	O	8.32	A	-		
861	54	O	8.32	C	-		
861	55	O	8.32	C	-		
861	56	O	8.32	C	-		
861	57	O	8.32	A	-		
861	58	O	8.32	T	-		
861	59	O	8.32	C	-		
861	60	O	8.32	A	-		
861	61	O	8.32	T	-		
861	62	O	8.32	C	-		
861	63	O	8.32	C	-		
861	64	O	8.32	T	-		
861	65	O	8.32	G	-		
861	66	O	8.32	A	-		
861	67	O	8.32	C	-		
861	68	O	8.32	A	-		
861	69	O	8.32	A	-		
861	70	O	8.32	A	-		
861	71	O	8.32	A	-		
861	72	O	8.32	C	-		
861	73	O	8.32	A	-		
861	74	O	8.32	A	-		
861	75	O	8.32	T	-		
861	76	O	8.32	C	-		
861	77	O	8.32	A	-		
861	78	O	8.32	A	-		
861	79	O	8.32	T	-		
861	80	O	8.32	T	-		
861	81	O	8.32	G	-		
861	82	O	8.32	T	-		
861	83	O	8.32	C	-		
861	84	O	8.32	G	-		
861	85	O	8.32	G	-		
861	86	O	8.32	A	-		
861	87	O	8.32	T	-		
861	88	O	8.32	T	-		
861	89	O	8.32	G	-		
861	90	O	8.32	A	-		
861	91	O	8.32	G	-		
861	92	O	8.32	T	-		
861	93	O	8.32	G	-		
861	94	O	8.32	G	-		
861	95	O	8.32	A	-		
861	96	O	8.32	T	-		
861	97	O	8.32	T	-		
861	98	O	8.32	G	-		
861	99	O	8.32	A	-		
861	100	O	8.32	A	-		
861	101	O	8.32	C	-		
861	102	O	8.32	G	-		
861	103	O	8.32	G	-		
861	104	O	8.32	T	-		
861	105	O	8.32	T	-		
861	106	O	8.32	T	-		
861	107	O	8.32	G	-		
861	108	O	8.32	A	-		
861	109	O	8.32	A	-		
862	0	O	8.32	T	-		
862	1	O	8.32	T	-		
862	2	O	8.32	A	-		
862	3	O	8.32	G	-		
862	4	O	8.32	G	-		
862	5	O	8.32	C	-		
862	6	O	8.32	A	-		
862	7	O	8.32	G	-		
862	8	O	8.32	T	-		
862	9	O	8.32	G	-		
862	10	O	8.32	A	-		
862	11	O	8.32	G	-		
862	12	O	8.32	T	-		
862	13	O	8.32	G	-		
862	14	O	8.32	T	-		
862	15	O	8.32	A	-		
862	16	O	8.32	G	-		
862	17	O	8.32	A	-		
862	18	O	8.32	C	-		
862	19	O	8.32	G	-		
862	20	O	8.32	A	-		
862	21	O	8.32	C	-		
862	22	O	8.32	T	-		
862	23	O	8.32	G	-		
862	24	O	8.32	A	-		
862	25	O	8.32	T	-		
862	26	O	8.32	C	-		
862	27	O	8.32	C	-		
862	28	O	8.32	G	-		
862	29	O	8.32	G	-		
862	30	O	8.32	G	-		
862	31	O	8.32	C	-		
862	32	O	8.32	G	-		
862	33	O	8.32	A	-		
862	34	O	8.32	T	-		
862	35	O	8.32	C	-		
862	36	O	8.32	T	-		
862	37	O	8.32	G	-		
862	38	O	8.32	A	-		
862	39	O	8.32	A	-		
862	40	O	8.32	G	-		
862	41	O	8.32	G	-		
862	42	O	8.32	C	-		
862	43	O	8.32	C	-		
862	44	O	8.32	C	-		
862	45	O	8.32	T	-		
862	46	O	8.32	T	-		
862	47	O	8.32	T	-		
862	48	O	8.32	G	-		
862	49	O	8.32	A	-		
862	50	O	8.32	T	-		
862	51	O	8.32	G	-		
862	52	O	8.32	A	-		
862	53	O	8.32	T	-		
862	54	O	8.32	T	-		
862	55	O	8.32	A	-		
862	56	O	8.32	G	-		
862	57	O	8.32	G	-		
862	58	O	8.32	C	-		
862	59	O	8.32	T	-		
862	60	O	8.32	A	-		
862	61	O	8.32	C	-		
862	62	O	8.32	C	-		
862	63	O	8.32	T	-		
862	64	O	8.32	A	-		
862	65	O	8.32	T	-		
862	66	O	8.32	G	-		
862	67	O	8.32	C	-		
862	68	O	8.32	T	-		
862	69	O	8.32	T	-		
862	70	O	8.32	A	-		
862	71	O	8.32	G	-		
862	72	O	8.32	G	-		
862	73	O	8.32	A	-		
862	74	O	8.32	T	-		
862	75	O	8.32	C	-		
862	76	O	8.32	A	-		
862	77	O	8.32	A	-		
862	78	O	8.32	T	-		
862	79	O	8.32	C	-		
862	80	O	8.32	A	-		
862	81	O	8.32	T	-		
862	82	O	8.32	A	-		
862	83	O	8.32	T	-		
862	84	O	8.32	A	-		
862	85	O	8.32	G	-		
862	86	O	8.32	G	-		
862	87	O	8.32	T	-		
862	88	O	8.32	G	-		
862	89	O	8.32	G	-		
862	90	O	8.32	G	-		
862	91	O	8.32	T	-		
862	92	O	8.32	G	-		
862	93	O	8.32	C	-		
862	94	O	8.32	A	-		
862	95	O	8.32	T	-		
862	96	O	8.32	T	-		
862	97	O	8.32	C	-		
862	98	O	8.32	A	-		
862	99	O	8.32	T	-		
862	100	O	8.32	T	-		
862	101	O	8.32	T	-		
862	102	O	8.32	C	-		
862	103	O	8.32	A	-		
862	104	O	8.32	G	-		
862	105	O	8.32	T	-		
862	106	O	8.32	C	-		
862	107	O	8.32	G	-		
862	108	O	8.32	A	-		
862	109	O	8.32	A	-		
863	0	O	9.70	T	-		
863	1	O	9.70	A	-		
863	2	O	9.70	C	-		
863	3	O	9.70	T	-		
863	4	O	9.70	G	-		
863	5	O	9.70	C	-		
863	6	O	9.70	A	-		
863	7	O	9.70	A	-		
863	8	O	9.70	T	-		
863	9	O	9.70	G	-		
863	10	O	9.70	G	-		
863	11	O	9.70	T	-		
863	12	O	9.70	A	-		
863	13	O	9.70	G	-		
863	14	O	9.70	A	-		
863	15	O	9.70	G	-		
863	16	O	9.70	G	-		
863	17	O	9.70	T	-		
863	18	O	9.70	G	-		
863	19	O	9.70	G	-		
863	20	O	9.70	A	-		
863	21	O	9.70	G	-		
863	22	O	9.70	A	-		
863	23	O	9.70	C	-		
863	24	O	9.70	G	-		
863	25	O	9.70	C	-		
863	26	O	9.70	C	-		
863	27	O	9.70	G	-		
863	28	O	9.70	G	-		
863	29	O	9.70	G	-		
863	30	O	9.70	T	-		
863	31	O	9.70	A	-		
863	32	O	9.70	G	-		
863	33	O	9.70	G	-		
863	34	O	9.70	G	-		
863	35	O	9.70	C	-		
863	36	O	9.70	C	-		
863	37	O	9.70	A	-		
863	38	O	9.70	T	-		
863	39	O	9.70	T	-		
863	40	O	9.70	G	-		
863	41	O	9.70	A	-		
863	42	O	9.70	A	-		
863	43	O	9.70	G	-		
863	44	O	9.70	A	-		
863	45	O	9.70	C	-		
863	46	O	9.70	A	-		
863	47	O	9.70	A	-		
863	48	O	9.70	A	-		
863	49	O	9.70	G	-		
863	50	O	9.70	T	-		
863	51	O	9.70	C	-		
863	52	O	9.70	A	-		
863	53	O	9.70	C	-		
863	54	O	9.70	C	-		
863	55	O	9.70	A	-		
863	56	O	9.70	G	-		
863	57	O	9.70	A	-		
863	58	O	9.70	C	-		
863	59	O	9.70	G	-		
863	60	O	9.70	A	-		
863	61	O	9.70	G	-		
863	62	O	9.70	G	-		
863	63	O	9.70	C	-		
863	64	O	9.70	C	-		
863	65	O	9.70	A	-		
863	66	O	9.70	A	-		
863	67	O	9.70	T	-		
863	68	O	9.70	G	-		
863	69	O	9.70	G	-		
863	70	O	9.70	A	-		
863	71	O	9.70	T	-		
863	72	O	9.70	C	-		
863	73	O	9.70	C	-		
863	74	O	9.70	C	-		
863	75	O	9.70	A	-		
863	76	O	9.70	A	-		
863	77	O	9.70	G	-		
863	78	O	9.70	A	-		
863	79	O	9.70	C	-		
863	80	O	9.70	T	-		
863	81	O	9.70	T	-		
863	82	O	9.70	T	-		
863	83	O	9.70	A	-		
863	84	O	9.70	A	-		
863	85	O	9.70	G	-		
863	86	O	9.70	C	-		
863	87	O	9.70	T	-		
863	88	O	9.70	T	-		
863	89	O	9.70	T	-		
863	90	O	9.70	A	-		
863	91	O	9.70	T	-		
863	92	O	9.70	T	-		
863	93	O	9.70	A	-		
863	94	O	9.70	G	-		
863	95	O	9.70	G	-		
863	96	O	9.70	C	-		
863	97	O	9.70	A	-		
863	98	O	9.70	A	-		
863	99	O	9.70	C	-		
863	100	O	9.70	G	-		
863	101	O	9.70	A	-		
863	102	O	9.70	C	-		
863	103	O	9.70	C	-		
863	104	O	9.70	A	-		
863	105	O	9.70	G	-		
863	106	O	9.70	A	-		
863	107	O	9.70	G	-		
863	108	O	9.70	G	-		
863	109	O	9.70	C	-		
864	0	O	12.48	T	-		
864	1	O	12.48	G	-		
864	2	O	12.48	A	-		
864	3	O	12.48	C	-		
864	4	O	12.48	A	-		
864	5	O	12.48	A	-		
864	6	O	12.48	A	-		
864	7	O	12.48	A	-		
864	8	O	12.48	G	-		
864	9	O	12.48	G	-		
864	10	O	12.48	A	-		
864	11	O	12.48	C	-		
864	12	O	12.48	C	-		
864	13	O	12.48	G	-		
864	14	O	12.48	A	-		
864	15	O	12.48	T	-		
864	16	O	12.48	C	-		
864	17	O	12.48	T	-		
864	18	O	12.48	A	-		
864	19	O	12.48	G	-		
864	20	O	12.48	A	-		
864	21	O	12.48	G	-		
864	22	O	12.48	A	-		
864	23	O	12.48	C	-		
864	24	O	12.48	C	-		
864	25	O	12.48	G	-		
864	26	O	12.48	C	-		
864	27	O	12.48	C	-		
864	28	O	12.48	C	-		
864	29	O	12.48	T	-		
864	30	O	12.48	G	-		
864	31	O	12.48	C	-		
864	32	O	12.48	C	-		
864	33	O	12.48	G	-		
864	34	O	12.48	T	-		
864	35	O	12.48	T	-		
864	36	O	12.48	C	-		
864	37	O	12.48	A	-		
864	38	O	12.48	T	-		
864	39	O	12.48	C	-		
864	40	O	12.48	G	-		
864	41	O	12.48	A	-		
864	42	O	12.48	G	-		
864	43	O	12.48	A	-		
864	44	O	12.48	C	-		
864	45	O	12.48	C	-		
864	46	O	12.48	G	-		
864	47	O	12.48	A	-		
864	48	O	12.48	C	-		
864	49	O	12.48	A	-		
864	50	O	12.48	A	-		
864	51	O	12.48	G	-		
864	52	O	12.48	G	-		
864	53	O	4.00	A	-		
864	54	O	12.48	G	-		
864	55	O	12.48	G	-		
864	56	O	12.48	C	-		
864	57	O	12.48	C	-		
864	58	O	12.48	A	-		
864	59	O	12.48	T	-		
864	60	O	12.48	C	-		
864	61	O	12.48	G	-		
864	62	O	12.48	A	-		
864	63	O	12.48	A	-		
864	64	O	12.48	G	-		
864	65	O	12.48	C	-		
864	66	O	12.48	A	-		
864	67	O	12.48	T	-		
864	68	O	12.48	A	-		
864	69	O	12.48	C	-		
864	70	O	12.48	G	-		
864	71	O	12.48	A	-		
864	72	O	12.48	G	-		
864	73	O	12.48	G	-		
864	74	O	12.48	C	-		
864	75	O	12.48	C	-		
864	76	O	12.48	T	-		
864	77	O	12.48	C	-		
864	78	O	12.48	A	-		
864	79	O	12.48	C	-		
864	80	O	12.48	G	-		
864	81	O	12.48	T	-		
864	82	O	12.48	G	-		
864	83	O	12.48	C	-		
864	84	O	12.48	T	-		
864	85	O	12.48	G	-		
864	86	O	12.48	C	-		
864	87	O	12.48	C	-		
864	88	O	12.48	G	-		
864	89	O	12.48	G	-		
864	90	O	12.48	A	-		
864	91	O	12.48	G	-		
864	92	O	12.48	A	-		
864	93	O	12.48	G	-		
864	94	O	12.48	C	-		
864	95	O	12.48	T	-		
864	96	O	12.48	G	-		
864	97	O	12.48	G	-		
864	98	O	12.48	G	-		
864	99	O	12.48	A	-		
864	100	O	12.48	C	-		
864	101	O	12.48	T	-		
864	102	O	12.48	G	-		
864	103	O	12.48	C	-		
864	104	O	12.48	A	-		
864	105	O	12.48	A	-		
864	106	O	12.48	G	-		
864	107	O	12.48	G	-		
864	108	O	4.00	C	-		
864	109	O	12.48	C	-		
865	0	O	9.70	G	-		
865	1	O	9.70	C	-		
865	2	O	9.70	A	-		
865	3	O	9.70	T	-		
865	4	O	9.70	C	-		
865	5	O	9.70	G	-		
865	6	O	9.70	C	-		
865	7	O	9.70	C	-		
865	8	O	9.70	A	-		
865	9	O	9.70	A	-		
865	10	O	9.70	G	-		
865	11	O	9.70	G	-		
865	12	O	9.70	A	-		
865	13	O	9.70	C	-		
865	14	O	9.70	G	-		
865	15	O	9.70	A	-		
865	16	O	9.70	G	-		
865	17	O	9.70	G	-		
865	18	O	9.70	T	-		
865	19	O	9.70	C	-		
865	20	O	9.70	A	-		
865	21	O	9.70	T	-		
865	22	O	9.70	C	-		
865	23	O	9.70	C	-		
865	24	O	9.70	C	-		
865	25	O	9.70	C	-		
865	26	O	9.70	T	-		
865	27	O	9.70	G	-		
865	28	O	9.70	C	-		
865	29	O	9.70	T	-		
865	30	O	9.70	T	-		
865	31	O	9.70	C	-		
865	32	O	9.70	T	-		
865	33	O	9.70	C	-		
865	34	O	9.70	G	-		
865	35	O	9.70	C	-		
865	36	O	9.70	G	-		
865	37	O	9.70	C	-		
865	38	O	9.70	T	-		
865	39	O	9.70	T	-		
865	40	O	9.70	C	-		
865	41	O	9.70	G	-		
865	42	O	9.70	C	-		
865	43	O	9.70	C	-		
865	44	O	9.70	A	-		
865	45	O	9.70	A	-		
865	46	O	9.70	G	-		
865	47	O	9.70	G	-		
865	48	O	9.70	T	-		
865	49	O	9.70	G	-		
865	50	O	9.70	A	-		
865	51	O	9.70	G	-		
865	52	O	9.70	C	-		
865	53	O	9.70	G	-		
865	54	O	9.70	C	-		
865	55	O	9.70	G	-		
865	56	O	9.70	C	-		
865	57	O	9.70	G	-		
865	58	O	9.70	C	-		
865	59	O	9.70	G	-		
865	60	O	9.70	G	-		
865	61	O	9.70	C	-		
865	62	O	9.70	G	-		
865	63	O	9.70	A	-		
865	64	O	9.70	G	-		
865	65	O	9.70	C	-		
865	66	O	9.70	C	-		
865	67	O	9.70	T	-		
865	68	O	9.70	G	-		
865	69	O	9.70	A	-		
865	70	O	9.70	G	-		
865	71	O	9.70	G	-		
865	72	O	9.70	C	-		
865	73	O	9.70	G	-		
865	74	O	9.70	G	-		
865	75	O	9.70	C	-		
865	76	O	9.70	C	-		
865	77	O	9.70	G	-		
865	78	O	9.70	T	-		
865	79	O	9.70	G	-		
865	80	O	9.70	G	-		
865	81	O	9.70	C	-		
865	82	O	9.70	C	-		
865	83	O	9.70	T	-		
865	84	O	9.70	G	-		
865	85	O	9.70	C	-		
865	86	O	9.70	A	-		
865	87	O	9.70	C	-		
865	88	O	9.70	G	-		
865	89	O	9.70	C	-		
865	90	O	9.70	T	-		
865	91	O	9.70	G	-		
865	92	O	9.70	G	-		
865	93	O	9.70	C	-		
865	94	O	9.70	C	-		
865	95	O	9.70	A	-		
865	96	O	9.70	T	-		
865	97	O	9.70	C	-		
865	98	O	9.70	G	-		
865	99	O	9.70	C	-		
865	100	O	9.70	C	-		
865	101	O	9.70	T	-		
865	102	O	9.70	G	-		
865	103	O	9.70	G	-		
865	104	O	9.70	C	-		
865	105	O	9.70	T	-		
865	106	O	9.70	G	-		
865	107	O	9.70	G	-		
865	108	O	9.70	C	-		
865	109	O	9.70	C	-		
866	0	O	6.93	A	-		
866	1	O	6.93	C	-		
866	2	O	6.93	C	-		
866	3	O	6.93	A	-		
866	4	O	6.93	T	-		
866	5	O	6.93	T	-		
866	6	O	6.93	T	-		
866	7	O	6.93	G	-		
866	8	O	6.93	A	-		
866	9	O	6.93	A	-		
866	10	O	6.93	G	-		
866	11	O	6.93	C	-		
866	12	O	6.93	T	-		
866	13	O	6.93	A	-		
866	14	O	6.93	A	-		
866	15	O	6.93	T	-		
866	16	O	6.93	G	-		
866	17	O	6.93	G	-		
866	18	O	6.93	A	-		
866	19	O	6.93	A	-		
866	20	O	6.93	G	-		
866	21	O	6.93	A	-		
866	22	O	6.93	G	-		
866	23	O	6.93	C	-		
866	24	O	6.93	T	-		
866	25	O	6.93	A	-		
866	26	O	6.93	G	-		
866	27	O	6.93	A	-		
866	28	O	6.93	A	-		
866	29	O	6.93	A	-		
866	30	O	6.93	A	-		
866	31	O	6.93	T	-		
866	32	O	6.93	G	-		
866	33	O	6.93	A	-		
866	34	O	6.93	T	-		
866	35	O	6.93	G	-		
866	36	O	6.93	T	-		
866	37	O	6.93	T	-		
866	38	O	6.93	C	-		
866	39	O	6.93	T	-		
866	40	O	6.93	A	-		
866	41	O	6.93	C	-		
866	42	O	6.93	C	-		
866	43	O	6.93	T	-		
866	44	O	6.93	G	-		
866	45	O	6.93	C	-		
866	46	O	6.93	C	-		
866	47	O	6.93	C	-		
866	48	O	6.93	A	-		
866	49	O	6.93	G	-		
866	50	O	6.93	C	-		
866	51	O	6.93	C	-		
866	52	O	6.93	G	-		
866	53	O	6.93	C	-		
866	54	O	6.93	T	-		
866	55	O	6.93	C	-		
866	56	O	6.93	A	-		
866	57	O	6.93	G	-		
866	58	O	6.93	G	-		
866	59	O	6.93	A	-		
866	60	O	6.93	A	-		
866	61	O	6.93	A	-		
866	62	O	6.93	C	-		
866	63	O	6.93	C	-		
866	64	O	6.93	G	-		
866	65	O	6.93	T	-		
866	66	O	6.93	C	-		
866	67	O	6.93	C	-		
866	68	O	6.93	A	-		
866	69	O	6.93	G	-		
866	70	O	6.93	G	-		
866	71	O	6.93	T	-		
866	72	O	6.93	T	-		
866	73	O	6.93	T	-		
866	74	O	6.93	G	-		
866	75	O	6.93	G	-		
866	76	O	6.93	T	-		
866	77	O	6.93	A	-		
866	78	O	6.93	A	-		
866	79	O	6.93	G	-		
866	80	O	6.93	G	-		
866	81	O	6.93	T	-		
866	82	O	6.93	T	-		
866	83	O	6.93	G	-		
866	84	O	6.93	C	-		
866	85	O	6.93	G	-		
866	86	O	6.93	A	-		
866	87	O	6.93	A	-		
866	88	O	6.93	C	-		
866	89	O	6.93	C	-		
866	90	O	6.93	A	-		
866	91	O	6.93	C	-		
866	92	O	6.93	A	-		
866	93	O	6.93	G	-		
866	94	O	6.93	A	-		
866	95	O	6.93	T	-		
866	96	O	6.93	T	-		
866	97	O	6.93	T	-		
866	98	O	6.93	T	-		
866	99	O	6.93	A	-		
866	100	O	6.93	C	-		
866	101	O	6.93	T	-		
866	102	O	6.93	T	-		
866	103	O	6.93	A	-		
866	104	O	6.93	C	-		
866	105	O	6.93	A	-		
866	106	O	6.93	G	-		
866	107	O	6.93	C	-		
866	108	O	6.93	G	-		
866	109	O	6.93	C	-		
867	0	O	11.09	T	-		
867	1	O	11.09	C	-		
867	2	O	11.09	A	-		
867	3	O	11.09	T	-		
867	4	O	11.09	G	-		
867	5	O	11.09	G	-		
867	6	O	11.09	G	-		
867	7	O	11.09	C	-		
867	8	O	11.09	A	-		
867	9	O	11.09	T	-		
867	10	O	11.09	T	-		
867	11	O	11.09	A	-		
867	12	O	11.09	G	-		
867	13	O	11.09	G	-		
867	14	O	11.09	G	-		
867	15	O	11.09	A	-		
867	16	O	11.09	G	-		
867	17	O	11.09	A	-		
867	18	O	11.09	G	-		
867	19	O	11.09	G	-		
867	20	O	11.09	G	-		
867	21	O	11.09	A	-		
867	22	O	11.09	T	-		
867	23	O	11.09	T	-		
867	24	O	11.09	G	-		
867	25	U	2.86	A	C		
867	26	O	11.09	G	-		
867	27	O	11.09	A	-		
867	28	O	11.09	G	-		
867	29	O	11.09	G	-		
867	30	O	11.09	G	-		
867	31	O	11.09	A	-		
867	32	O	11.09	G	-		
867	33	O	11.09	A	-		
867	34	O	11.09	G	-		
867	35	O	11.09	A	-		
867	36	O	11.09	G	-		
867	37	O	11.09	A	-		
867	38	O	11.09	C	-		
867	39	O	11.09	T	-		
867	40	O	11.09	G	-		
867	41	O	11.09	G	-		
867	42	O	11.09	C	-		
867	43	O	11.09	G	-		
867	44	O	11.09	G	-		
867	45	O	11.09	T	-		
867	46	O	11.09	G	-		
867	47	O	11.09	T	-		
867	48	O	11.09	T	-		
867	49	O	11.09	G	-		
867	50	O	11.09	C	-		
867	51	O	11.09	A	-		
867	52	O	11.09	G	-		
867	53	O	11.09	T	-		
867	54	O	11.09	G	-		
867	55	O	11.09	G	-		
867	56	O	11.09	G	-		
867	57	O	11.09	A	-		
867	58	O	11.09	T	-		
867	59	O	11.09	C	-		
867	60	O	11.09	A	-		
867	61	O	11.09	G	-		
867	62	O	11.09	T	-		
867	63	O	11.09	G	-		
867	64	O	11.09	T	-		
867	65	O	11.09	G	-		
867	66	O	11.09	T	-		
867	67	O	11.09	A	-		
867	68	O	11.09	G	-		
867	69	O	11.09	A	-		
867	70	O	11.09	G	-		
867	71	O	11.09	G	-		
867	72	O	11.09	G	-		
867	73	O	11.09	G	-		
867	74	O	11.09	C	-		
867	75	O	11.09	A	-		
867	76	O	11.09	G	-		
867	77	O	11.09	G	-		
867	78	O	11.09	C	-		
867	79	O	11.09	G	-		
867	80	O	11.09	C	-		
867	81	O	11.09	A	-		
867	82	O	11.09	G	-		
867	83	O	11.09	A	-		
867	84	O	11.09	G	-		
867	85	O	11.09	G	-		
867	86	O	11.09	C	-		
867	87	O	11.09	G	-		
867	88	O	11.09	C	-		
867	89	O	11.09	A	-		
867	90	O	11.09	G	-		
867	91	O	11.09	G	-		
867	92	O	11.09	G	-		
867	93	O	11.09	A	-		
867	94	O	11.09	A	-		
867	95	O	11.09	T	-		
867	96	O	11.09	C	-		
867	97	O	11.09	A	-		
867	98	O	11.09	A	-		
867	99	O	11.09	T	-		
867	100	O	11.09	C	-		
867	101	O	11.09	A	-		
867	102	O	11.09	T	-		
867	103	O	11.09	G	-		
867	104	O	11.09	G	-		
867	105	U	2.86	A	C		
867	106	O	11.09	T	-		
867	107	O	11.09	T	-		
867	108	O	11.09	A	-		
867	109	O	11.09	T	-		
868	0	O	15.25	A	-		
868	1	O	15.25	C	-		
868	2	O	15.25	C	-		
868	3	O	15.25	T	-		
868	4	O	15.25	C	-		
868	5	O	15.25	T	-		
868	6	O	15.25	T	-		
868	7	O	15.25	T	-		
868	8	O	15.25	T	-		
868	9	O	15.25	T	-		
868	10	O	15.25	C	-		
868	11	O	15.25	C	-		
868	12	O	15.25	G	-		
868	13	O	15.25	A	-		
868	14	O	15.25	C	-		
868	15	O	15.25	T	-		
868	16	O	15.25	T	-		
868	17	O	15.25	A	-		
868	18	O	15.25	C	-		
868	19	O	15.25	G	-		
868	20	O	15.25	A	-		
868	21	O	15.25	T	-		
868	22	O	15.25	G	-		
868	23	O	15.25	G	-		
868	24	O	15.25	A	-		
868	25	O	15.25	C	-		
868	26	O	15.25	T	-		
868	27	O	15.25	C	-		
868	28	O	15.25	T	-		
868	29	O	15.25	T	-		
868	30	O	15.25	C	-		
868	31	O	15.25	G	-		
868	32	O	15.25	A	-		
868	33	O	15.25	C	-		
868	34	O	15.25	T	-		
868	35	O	15.25	G	-		
868	36	O	15.25	C	-		
868	37	O	15.25	C	-		
868	38	O	15.25	C	-		
868	39	O	15.25	A	-		
868	40	O	15.25	T	-		
868	41	O	15.25	C	-		
868	42	O	15.25	T	-		
868	43	O	15.25	C	-		
868	44	O	15.25	T	-		
868	45	O	15.25	T	-		
868	46	O	15.25	G	-		
868	47	O	15.25	G	-		
868	48	O	15.25	G	-		
868	49	O	15.25	A	-		
868	50	O	15.25	T	-		
868	51	O	15.25	G	-		
868	52	O	15.25	T	-		
868	53	O	15.25	A	-		
868	54	O	15.25	G	-		
868	55	O	15.25	C	-		
868	56	O	15.25	A	-		
868	57	O	15.25	G	-		
868	58	O	15.25	C	-		
868	59	O	15.25	A	-		
868	60	O	15.25	A	-		
868	61	O	15.25	T	-		
868	62	O	15.25	A	-		
868	63	O	15.25	C	-		
868	64	O	15.25	A	-		
868	65	O	15.25	C	-		
868	66	O	15.25	T	-		
868	67	O	15.25	C	-		
868	68	O	15.25	G	-		
868	69	O	15.25	C	-		
868	70	O	15.25	A	-		
868	71	O	15.25	T	-		
868	72	O	15.25	C	-		
868	73	O	15.25	A	-		
868	74	O	15.25	A	-		
868	75	O	15.25	C	-		
868	76	O	15.25	T	-		
868	77	O	15.25	T	-		
868	78	O	15.25	C	-		
868	79	O	15.25	T	-		
868	80	O	15.25	G	-		
868	81	O	15.25	A	-		
868	82	O	15.25	G	-		
868	83	O	15.25	G	-		
868	84	O	15.25	T	-		
868	85	O	15.25	C	-		
868	86	O	15.25	T	-		
868	87	O	15.25	C	-		
868	88	O	15.25	G	-		
868	89	O	15.25	C	-		
868	90	O	15.25	C	-		
868	91	O	15.25	T	-		
868	92	O	15.25	G	-		
868	93	O	15.25	A	-		
868	94	O	15.25	G	-		
868	95	O	15.25	C	-		
868	96	O	15.25	C	-		
868	97	O	15.25	C	-		
868	98	O	15.25	G	-		
868	99	O	15.25	A	-		
868	100	O	15.25	G	-		
868	101	O	15.25	C	-		
868	102	O	15.25	T	-		
868	103	O	15.25	A	-		
868	104	O	15.25	G	-		
868	105	O	15.25	C	-		
868	106	O	15.25	C	-		
868	107	O	15.25	G	-		
868	108	O	15.25	G	-		
868	109	O	15.25	T	-		
869	0	O	5.55	A	-		
869	1	O	5.55	T	-		
869	2	O	5.55	C	-		
869	3	O	5.55	G	-		
869	4	O	5.55	C	-		
869	5	O	5.55	C	-		
869	6	O	5.55	T	-		
869	7	O	5.55	G	-		
869	8	O	5.55	T	-		
869	9	O	5.55	T	-		
869	10	O	5.55	C	-		
869	11	O	5.55	A	-		
869	12	O	5.55	T	-		
869	13	O	5.55	T	-		
869	14	O	5.55	T	-		
869	15	O	5.55	C	-		
869	16	O	5.55	C	-		
869	17	O	5.55	A	-		
869	18	O	5.55	G	-		
869	19	O	5.55	C	-		
869	20	O	5.55	G	-		
869	21	O	5.55	A	-		
869	22	O	5.55	T	-		
869	23	O	5.55	T	-		
869	24	O	5.55	T	-		
869	25	O	5.55	T	-		
869	26	O	5.55	G	-		
869	27	O	5.55	C	-		
869	28	O	5.55	G	-		
869	29	O	5.55	T	-		
869	30	O	5.55	C	-		
869	31	O	5.55	A	-		
869	32	O	5.55	C	-		
869	33	O	5.55	A	-		
869	34	O	5.55	G	-		
869	35	O	5.55	C	-		
869	36	O	5.55	G	-		
869	37	O	5.55	G	-		
869	38	O	5.55	T	-		
869	39	O	5.55	C	-		
869	40	O	5.55	T	-		
869	41	O	5.55	A	-		
869	42	O	5.55	T	-		
869	43	O	5.55	G	-		
869	44	O	5.55	T	-		
869	45	O	5.55	G	-		
869	46	O	5.55	T	-		
869	47	O	5.55	C	-		
869	48	O	5.55	G	-		
869	49	O	5.55	A	-		
869	50	O	5.55	A	-		
869	51	O	5.55	A	-		
869	52	O	5.55	A	-		
869	53	O	5.55	G	-		
869	54	O	5.55	C	-		
869	55	O	5.55	T	-		
869	56	O	5.55	G	-		
869	57	O	5.55	G	-		
869	58	O	5.55	C	-		
869	59	O	5.55	A	-		
869	60	O	5.55	A	-		
869	61	O	5.55	G	-		
869	62	O	5.55	A	-		
869	63	O	5.55	T	-		
869	64	O	5.55	C	-		
869	65	O	5.55	G	-		
869	66	O	5.55	A	-		
869	67	O	5.55	G	-		
869	68	O	5.55	A	-		
869	69	O	5.55	G	-		
869	70	O	5.55	G	-		
869	71	O	5.55	G	-		
869	72	O	5.55	G	-		
869	73	O	5.55	C	-		
869	74	O	5.55	G	-		
869	75	O	5.55	A	-		
869	76	O	5.55	C	-		
869	77	O	5.55	G	-		
869	78	O	5.55	G	-		
869	79	O	5.55	A	-		
869	80	O	5.55	G	-		
869	81	O	5.55	A	-		
869	82	O	5.55	A	-		
869	83	O	5.55	C	-		
869	84	O	5.55	G	-		
869	85	O	5.55	A	-		
869	86	O	5.55	A	-		
869	87	O	5.55	A	-		
869	88	O	5.55	T	-		
869	89	O	5.55	G	-		
869	90	O	5.55	G	-		
869	91	O	5.55	A	-		
869	92	O	5.55	T	-		
869	93	O	5.55	C	-		
869	94	O	5.55	A	-		
869	95	O	5.55	A	-		
869	96	O	5.55	T	-		
869	97	O	5.55	G	-		
869	98	O	5.55	C	-		
869	99	O	5.55	A	-		
869	100	O	5.55	G	-		
869	101	O	5.55	G	-		
869	102	O	5.55	C	-		
869	103	O	5.55	G	-		
869	104	O	5.55	T	-		
869	105	O	5.55	G	-		
869	106	O	5.55	T	-		
869	107	O	5.55	T	-		
869	108	O	5.55	G	-		
869	109	O	5.55	T	-		
870	0	O	5.55	T	-		
870	1	O	5.55	C	-		
870	2	O	5.55	A	-		
870	3	O	5.55	A	-		
870	4	O	5.55	C	-		
870	5	O	5.55	G	-		
870	6	O	5.55	C	-		
870	7	O	5.55	A	-		
870	8	O	5.55	C	-		
870	9	O	5.55	C	-		
870	10	O	5.55	G	-		
870	11	O	5.55	G	-		
870	12	O	5.55	T	-		
870	13	O	5.55	C	-		
870	14	O	5.55	T	-		
870	15	O	5.55	C	-		
870	16	O	5.55	T	-		
870	17	O	5.55	G	-		
870	18	O	5.55	C	-		
870	19	O	5.55	C	-		
870	20	O	5.55	T	-		
870	21	O	5.55	C	-		
870	22	O	5.55	G	-		
870	23	O	5.55	A	-		
870	24	O	5.55	A	-		
870	25	O	5.55	G	-		
870	26	O	5.55	G	-		
870	27	O	5.55	A	-		
870	28	O	5.55	G	-		
870	29	O	5.55	T	-		
870	30	O	5.55	G	-		
870	31	O	5.55	C	-		
870	32	O	5.55	T	-		
870	33	O	5.55	C	-		
870	34	O	5.55	C	-		
870	35	O	5.55	T	-		
870	36	O	5.55	T	-		
870	37	O	5.55	C	-		
870	38	O	5.55	G	-		
870	39	O	5.55	C	-		
870	40	O	5.55	C	-		
870	41	O	5.55	A	-		
870	42	O	5.55	T	-		
870	43	O	5.55	C	-		
870	44	O	5.55	C	-		
870	45	O	5.55	T	-		
870	46	O	5.55	T	-		
870	47	O	5.55	C	-		
870	48	O	5.55	C	-		
870	49	O	5.55	C	-		
870	50	O	5.55	G	-		
870	51	O	5.55	G	-		
870	52	O	5.55	T	-		
870	53	O	5.55	G	-		
870	54	O	5.55	G	-		
870	55	O	5.55	C	-		
870	56	O	5.55	A	-		
870	57	O	5.55	C	-		
870	58	O	5.55	A	-		
870	59	O	5.55	T	-		
870	60	O	5.55	C	-		
870	61	O	5.55	G	-		
870	62	O	5.55	T	-		
870	63	O	5.55	C	-		
870	64	O	5.55	G	-		
870	65	O	5.55	G	-		
870	66	O	5.55	A	-		
870	67	O	5.55	C	-		
870	68	O	5.55	T	-		
870	69	O	5.55	C	-		
870	70	O	5.55	T	-		
870	71	O	5.55	G	-		
870	72	O	5.55	A	-		
870	73	O	5.55	G	-		
870	74	O	5.55	G	-		
870	75	O	5.55	G	-		
870	76	O	5.55	A	-		
870	77	O	5.55	C	-		
870	78	O	5.55	G	-		
870	79	O	5.55	G	-		
870	80	O	5.55	C	-		
870	81	O	5.55	C	-		
870	82	O	5.55	G	-		
870	83	O	5.55	G	-		
870	84	O	5.55	T	-		
870	85	O	5.55	C	-		
870	86	O	5.55	A	-		
870	87	O	5.55	A	-		
870	88	O	5.55	C	-		
870	89	O	5.55	A	-		
870	90	O	5.55	T	-		
870	91	O	5.55	G	-		
870	92	O	5.55	A	-		
870	93	O	5.55	G	-		
870	94	O	5.55	C	-		
870	95	O	5.55	T	-		
870	96	O	5.55	G	-		
870	97	O	5.55	C	-		
870	98	O	5.55	A	-		
870	99	O	5.55	T	-		
870	100	O	5.55	T	-		
870	101	O	5.55	T	-		
870	102	O	5.55	T	-		
870	103	O	5.55	C	-		
870	104	O	5.55	G	-		
870	105	O	5.55	A	-		
870	106	O	5.55	T	-		
870	107	O	5.55	C	-		
870	108	O	5.55	G	-		
870	109	O	5.55	T	-		
871	0	O	5.55	C	-		
871	1	O	5.55	C	-		
871	2	O	5.55	C	-		
871	3	O	5.55	G	-		
871	4	O	5.55	A	-		
871	5	O	5.55	G	-		
871	6	O	5.55	G	-		
871	7	O	5.55	T	-		
871	8	O	5.55	A	-		
871	9	O	5.55	T	-		
871	10	O	5.55	T	-		
871	11	O	5.55	T	-		
871	12	O	5.55	G	-		
871	13	O	5.55	A	-		
871	14	O	5.55	C	-		
871	15	O	5.55	G	-		
871	16	O	5.55	G	-		
871	17	O	5.55	C	-		
871	18	O	5.55	A	-		
871	19	O	5.55	G	-		
871	20	O	5.55	C	-		
871	21	O	5.55	C	-		
871	22	O	5.55	G	-		
871	23	O	5.55	G	-		
871	24	O	5.55	C	-		
871	25	O	5.55	G	-		
871	26	O	5.55	G	-		
871	27	O	5.55	G	-		
871	28	O	5.55	C	-		
871	29	O	5.55	T	-		
871	30	O	5.55	G	-		
871	31	O	5.55	C	-		
871	32	O	5.55	A	-		
871	33	O	5.55	G	-		
871	34	O	5.55	A	-		
871	35	O	5.55	A	-		
871	36	O	5.55	A	-		
871	37	O	5.55	T	-		
871	38	O	5.55	A	-		
871	39	O	5.55	G	-		
871	40	O	5.55	A	-		
871	41	O	5.55	A	-		
871	42	O	5.55	C	-		
871	43	O	5.55	A	-		
871	44	O	5.55	T	-		
871	45	O	5.55	G	-		
871	46	O	5.55	T	-		
871	47	O	5.55	C	-		
871	48	O	5.55	G	-		
871	49	O	5.55	G	-		
871	50	O	5.55	C	-		
871	51	O	5.55	C	-		
871	52	O	5.55	A	-		
871	53	O	5.55	T	-		
871	54	O	5.55	G	-		
871	55	O	5.55	G	-		
871	56	O	5.55	T	-		
871	57	O	5.55	A	-		
871	58	O	5.55	C	-		
871	59	O	5.55	C	-		
871	60	O	5.55	G	-		
871	61	O	5.55	C	-		
871	62	O	5.55	A	-		
871	63	O	5.55	G	-		
871	64	O	5.55	G	-		
871	65	O	5.55	A	-		
871	66	O	5.55	G	-		
871	67	O	5.55	T	-		
871	68	O	5.55	T	-		
871	69	O	5.55	G	-		
871	70	O	5.55	C	-		
871	71	O	5.55	A	-		
871	72	O	5.55	G	-		
871	73	O	5.55	G	-		
871	74	O	5.55	G	-		
871	75	O	5.55	C	-		
871	76	O	5.55	C	-		
871	77	O	5.55	A	-		
871	78	O	5.55	C	-		
871	79	O	5.55	A	-		
871	80	O	5.55	C	-		
871	81	O	5.55	G	-		
871	82	O	5.55	C	-		
871	83	O	5.55	G	-		
871	84	O	5.55	A	-		
871	85	O	5.55	G	-		
871	86	O	5.55	A	-		
871	87	O	5.55	A	-		
871	88	O	5.55	A	-		
871	89	O	5.55	G	-		
871	90	O	5.55	A	-		
871	91	O	5.55	A	-		
871	92	O	5.55	G	-		
871	93	O	5.55	A	-		
871	94	O	5.55	C	-		
871	95	O	5.55	A	-		
871	96	O	5.55	C	-		
871	97	O	5.55	T	-		
871	98	O	5.55	C	-		
871	99	O	5.55	C	-		
871	100	O	5.55	C	-		
871	101	O	5.55	G	-		
871	102	O	5.55	G	-		
871	103	O	5.55	T	-		
871	104	O	5.55	C	-		
871	105	O	5.55	G	-		
871	106	O	5.55	A	-		
871	107	O	5.55	T	-		
871	108	O	5.55	A	-		
871	109	O	5.55	C	-		
872	0	O	6.93	T	-		
872	1	O	6.93	G	-		
872	2	O	6.93	A	-		
872	3	O	6.93	A	-		
872	4	O	6.93	C	-		
872	5	O	6.93	T	-		
872	6	O	6.93	A	-		
872	7	O	6.93	T	-		
872	8	O	6.93	C	-		
872	9	O	6.93	A	-		
872	10	O	6.93	A	-		
872	11	O	6.93	A	-		
872	12	O	6.93	C	-		
872	13	O	6.93	C	-		
872	14	O	6.93	T	-		
872	15	O	6.93	T	-		
872	16	O	6.93	G	-		
872	17	O	6.93	A	-		
872	18	O	6.93	A	-		
872	19	O	6.93	C	-		
872	20	O	6.93	C	-		
872	21	O	6.93	T	-		
872	22	O	6.93	A	-		
872	23	O	6.93	G	-		
872	24	O	6.93	A	-		
872	25	O	6.93	A	-		
872	26	O	6.93	T	-		
872	27	O	6.93	A	-		
872	28	O	6.93	C	-		
872	29	O	6.93	T	-		
872	30	O	6.93	A	-		
872	31	O	6.93	A	-		
872	32	O	6.93	C	-		
872	33	O	6.93	C	-		
872	34	O	6.93	T	-		
872	35	O	6.93	C	-		
872	36	O	6.93	T	-		
872	37	O	6.93	C	-		
872	38	O	6.93	A	-		
872	39	O	6.93	G	-		
872	40	O	6.93	T	-		
872	41	O	6.93	T	-		
872	42	O	6.93	C	-		
872	43	O	6.93	C	-		
872	44	O	6.93	C	-		
872	45	O	6.93	C	-		
872	46	O	6.93	T	-		
872	47	O	6.93	T	-		
872	48	O	6.93	T	-		
872	49	O	6.93	G	-		
872	50	O	6.93	G	-		
872	51	O	6.93	A	-		
872	52	O	6.93	T	-		
872	53	O	6.93	A	-		
872	54	O	6.93	C	-		
872	55	O	6.93	C	-		
872	56	O	6.93	T	-		
872	57	O	6.93	A	-		
872	58	O	6.93	T	-		
872	59	O	6.93	C	-		
872	60	O	6.93	A	-		
872	61	O	6.93	G	-		
872	62	O	6.93	C	-		
872	63	O	6.93	C	-		
872	64	O	6.93	A	-		
872	65	O	6.93	A	-		
872	66	O	6.93	C	-		
872	67	O	6.93	G	-		
872	68	O	6.93	A	-		
872	69	O	6.93	A	-		
872	70	O	6.93	A	-		
872	71	O	6.93	T	-		
872	72	O	6.93	T	-		
872	73	O	6.93	G	-		
872	74	O	6.93	A	-		
872	75	O	6.93	T	-		
872	76	O	6.93	C	-		
872	77	O	6.93	T	-		
872	78	O	6.93	C	-		
872	79	O	6.93	C	-		
872	80	O	6.93	A	-		
872	81	O	6.93	A	-		
872	82	O	6.93	T	-		
872	83	O	6.93	T	-		
872	84	O	6.93	C	-		
872	85	O	6.93	C	-		
872	86	O	6.93	A	-		
872	87	O	6.93	A	-		
872	88	O	6.93	T	-		
872	89	O	6.93	A	-		
872	90	O	6.93	C	-		
872	91	O	6.93	A	-		
872	92	O	6.93	G	-		
872	93	O	6.93	A	-		
872	94	O	6.93	T	-		
872	95	O	6.93	A	-		
872	96	O	6.93	T	-		
872	97	O	6.93	G	-		
872	98	O	6.93	C	-		
872	99	O	6.93	C	-		
872	100	O	6.93	A	-		
872	101	O	6.93	A	-		
872	102	O	6.93	C	-		
872	103	O	6.93	C	-		
872	104	O	6.93	A	-		
872	105	O	6.93	G	-		
872	106	O	6.93	G	-		
872	107	O	6.93	T	-		
872	108	O	6.93	G	-		
872	109	O	6.93	A	-		
873	0	O	5.55	T	-		
873	1	O	5.55	C	-		
873	2	O	5.55	C	-		
873	3	O	5.55	T	-		
873	4	O	5.55	G	-		
873	5	O	5.55	C	-		
873	6	O	5.55	G	-		
873	7	O	5.55	G	-		
873	8	O	5.55	C	-		
873	9	O	5.55	A	-		
873	10	O	5.55	C	-		
873	11	O	5.55	C	-		
873	12	O	5.55	G	-		
873	13	O	5.55	A	-		
873	14	O	5.55	G	-		
873	15	O	5.55	G	-		
873	16	O	5.55	A	-		
873	17	O	5.55	C	-		
873	18	O	5.55	G	-		
873	19	O	5.55	A	-		
873	20	O	5.55	G	-		
873	21	O	5.55	C	-		
873	22	O	5.55	C	-		
873	23	O	5.55	G	-		
873	24	O	5.55	T	-		
873	25	O	5.55	G	-		
873	26	O	5.55	C	-		
873	27	O	5.55	A	-		
873	28	O	5.55	T	-		
873	29	O	5.55	C	-		
873	30	O	5.55	A	-		
873	31	O	5.55	C	-		
873	32	O	5.55	G	-		
873	33	O	5.55	A	-		
873	34	O	5.55	G	-		
873	35	O	5.55	G	-		
873	36	O	5.55	T	-		
873	37	O	5.55	G	-		
873	38	O	5.55	G	-		
873	39	O	5.55	G	-		
873	40	O	5.55	T	-		
873	41	O	5.55	C	-		
873	42	O	5.55	G	-		
873	43	O	5.55	T	-		
873	44	O	5.55	C	-		
873	45	O	5.55	G	-		
873	46	O	5.55	G	-		
873	47	O	5.55	C	-		
873	48	O	5.55	A	-		
873	49	O	5.55	G	-		
873	50	O	5.55	G	-		
873	51	O	5.55	C	-		
873	52	O	5.55	G	-		
873	53	O	5.55	C	-		
873	54	O	5.55	C	-		
873	55	O	5.55	G	-		
873	56	O	5.55	G	-		
873	57	O	5.55	T	-		
873	58	O	5.55	G	-		
873	59	O	5.55	G	-		
873	60	O	5.55	A	-		
873	61	O	5.55	T	-		
873	62	O	5.55	T	-		
873	63	O	5.55	T	-		
873	64	O	5.55	C	-		
873	65	O	5.55	C	-		
873	66	O	5.55	T	-		
873	67	O	5.55	C	-		
873	68	O	5.55	G	-		
873	69	O	5.55	A	-		
873	70	O	5.55	T	-		
873	71	O	5.55	G	-		
873	72	O	5.55	A	-		
873	73	O	5.55	C	-		
873	74	O	5.55	G	-		
873	75	O	5.55	T	-		
873	76	O	5.55	T	-		
873	77	O	5.55	C	-		
873	78	O	5.55	A	-		
873	79	O	5.55	T	-		
873	80	O	5.55	C	-		
873	81	O	5.55	G	-		
873	82	O	5.55	C	-		
873	83	O	5.55	G	-		
873	84	O	5.55	A	-		
873	85	O	5.55	G	-		
873	86	O	5.55	C	-		
873	87	O	5.55	A	-		
873	88	O	5.55	C	-		
873	89	O	5.55	G	-		
873	90	O	5.55	T	-		
873	91	O	5.55	C	-		
873	92	O	5.55	G	-		
873	93	O	5.55	C	-		
873	94	O	5.55	C	-		
873	95	O	5.55	G	-		
873	96	O	5.55	T	-		
873	97	O	5.55	C	-		
873	98	O	5.55	G	-		
873	99	O	5.55	G	-		
873	100	O	5.55	G	-		
873	101	O	5.55	C	-		
873	102	O	5.55	T	-		
873	103	O	5.55	G	-		
873	104	O	5.55	G	-		
873	105	O	5.55	C	-		
873	106	O	5.55	G	-		
873	107	O	5.55	G	-		
873	108	O	5.55	G	-		
873	109	O	5.55	T	-		
874	0	U	0.00	-	-		
874	1	U	0.00	-	-		
874	2	U	0.00	-	-		
874	3	O	22.18	C	-		
874	4	O	22.18	G	-		
874	5	O	22.18	T	-		
874	6	O	22.18	C	-		
874	7	O	22.18	G	-		
874	8	O	22.18	T	-		
874	9	O	22.18	A	-		
874	10	O	22.18	G	-		
874	11	O	22.18	A	-		
874	12	O	22.18	A	-		
874	13	O	22.18	C	-		
874	14	O	22.18	T	-		
874	15	O	22.18	G	-		
874	16	O	22.18	G	-		
874	17	O	22.18	A	-		
874	18	O	22.18	C	-		
874	19	O	22.18	C	-		
874	20	O	22.18	T	-		
874	21	O	22.18	G	-		
874	22	O	22.18	A	-		
874	23	O	22.18	G	-		
874	24	O	22.18	G	-		
874	25	O	22.18	T	-		
874	26	O	22.18	T	-		
874	27	O	22.18	C	-		
874	28	O	22.18	G	-		
874	29	O	22.18	C	-		
874	30	O	22.18	G	-		
874	31	O	22.18	A	-		
874	32	O	22.18	G	-		
874	33	O	22.18	T	-		
874	34	O	22.18	T	-		
874	35	O	22.18	T	-		
874	36	O	22.18	C	-		
874	37	O	22.18	C	-		
874	38	O	22.18	T	-		
874	39	O	22.18	T	-		
874	40	O	22.18	G	-		
874	41	O	22.18	T	-		
874	42	O	22.18	C	-		
874	43	O	22.18	T	-		
874	44	O	22.18	T	-		
874	45	O	22.18	G	-		
874	46	O	22.18	A	-		
874	47	O	22.18	T	-		
874	48	O	22.18	A	-		
874	49	O	22.18	A	-		
874	50	O	22.18	G	-		
874	51	O	22.18	G	-		
874	52	O	22.18	C	-		
874	53	O	22.18	A	-		
874	54	O	22.18	C	-		
874	55	O	22.18	A	-		
874	56	O	22.18	A	-		
874	57	O	22.18	C	-		
874	58	O	22.18	T	-		
874	59	O	22.18	G	-		
874	60	O	22.18	C	-		
874	61	O	22.18	G	-		
874	62	O	22.18	T	-		
874	63	O	22.18	T	-		
874	64	O	22.18	C	-		
874	65	O	22.18	C	-		
874	66	O	22.18	T	-		
874	67	O	22.18	T	-		
874	68	O	22.18	T	-		
874	69	O	22.18	G	-		
874	70	O	22.18	G	-		
874	71	O	22.18	G	-		
874	72	O	22.18	T	-		
874	73	O	22.18	A	-		
874	74	O	22.18	C	-		
874	75	O	22.18	T	-		
874	76	O	22.18	C	-		
874	77	O	22.18	T	-		
874	78	O	22.18	G	-		
874	79	O	22.18	G	-		
874	80	O	22.18	G	-		
874	81	O	22.18	G	-		
874	82	O	22.18	G	-		
874	83	O	22.18	T	-		
874	84	O	22.18	T	-		
874	85	O	22.18	A	-		
874	86	O	22.18	G	-		
874	87	O	22.18	G	-		
874	88	O	22.18	G	-		
874	89	O	22.18	T	-		
874	90	O	22.18	T	-		
874	91	O	22.18	G	-		
874	92	O	22.18	C	-		
874	93	O	22.18	C	-		
874	94	O	22.18	A	-		
874	95	O	22.18	G	-		
874	96	O	22.18	G	-		
874	97	O	22.18	G	-		
874	98	O	22.18	G	-		
874	99	O	22.18	T	-		
874	100	O	22.18	T	-		
874	101	O	22.18	G	-		
874	102	O	22.18	C	-		
874	103	O	22.18	T	-		
874	104	O	22.18	G	-		
874	105	O	22.18	G	-		
874	106	O	22.18	C	-		
874	107	O	12.50	T	-		
874	108	O	22.18	G	-		
874	109	O	22.18	C	-		
874	110	U	0.00	-	-		
874	111	U	0.00	-	-		
874	112	U	0.00	-	-		
875	0	O	5.55	G	-		
875	1	O	5.55	T	-		
875	2	O	5.55	C	-		
875	3	O	5.55	A	-		
875	4	O	5.55	T	-		
875	5	O	5.55	T	-		
875	6	O	5.55	A	-		
875	7	O	5.55	C	-		
875	8	O	5.55	C	-		
875	9	O	5.55	G	-		
875	10	O	5.55	A	-		
875	11	O	5.55	T	-		
875	12	O	5.55	G	-		
875	13	O	5.55	G	-		
875	14	O	5.55	A	-		
875	15	O	5.55	G	-		
875	16	O	5.55	C	-		
875	17	O	5.55	C	-		
875	18	O	5.55	G	-		
875	19	O	5.55	G	-		
875	20	O	5.55	C	-		
875	21	O	5.55	G	-		
875	22	O	5.55	G	-		
875	23	O	5.55	T	-		
875	24	O	5.55	C	-		
875	25	O	5.55	C	-		
875	26	O	5.55	C	-		
875	27	O	5.55	G	-		
875	28	O	5.55	A	-		
875	29	O	5.55	A	-		
875	30	O	5.55	C	-		
875	31	O	5.55	G	-		
875	32	O	5.55	G	-		
875	33	O	5.55	A	-		
875	34	O	5.55	T	-		
875	35	O	5.55	G	-		
875	36	O	5.55	G	-		
875	37	O	5.55	A	-		
875	38	O	5.55	T	-		
875	39	O	5.55	A	-		
875	40	O	5.55	C	-		
875	41	O	5.55	A	-		
875	42	O	5.55	T	-		
875	43	O	5.55	T	-		
875	44	O	5.55	C	-		
875	45	O	5.55	G	-		
875	46	O	5.55	A	-		
875	47	O	5.55	C	-		
875	48	O	5.55	T	-		
875	49	O	5.55	A	-		
875	50	O	5.55	A	-		
875	51	O	5.55	C	-		
875	52	O	5.55	A	-		
875	53	O	5.55	G	-		
875	54	O	5.55	C	-		
875	55	O	5.55	T	-		
875	56	O	5.55	C	-		
875	57	O	5.55	G	-		
875	58	O	5.55	A	-		
875	59	O	5.55	T	-		
875	60	O	5.55	C	-		
875	61	O	5.55	A	-		
875	62	O	5.55	T	-		
875	63	O	5.55	G	-		
875	64	O	5.55	C	-		
875	65	O	5.55	T	-		
875	66	O	5.55	C	-		
875	67	O	5.55	G	-		
875	68	O	5.55	G	-		
875	69	O	5.55	A	-		
875	70	O	5.55	T	-		
875	71	O	5.55	C	-		
875	72	O	5.55	G	-		
875	73	O	5.55	C	-		
875	74	O	5.55	C	-		
875	75	O	5.55	A	-		
875	76	O	5.55	G	-		
875	77	O	5.55	T	-		
875	78	O	5.55	G	-		
875	79	O	5.55	C	-		
875	80	O	5.55	A	-		
875	81	O	5.55	A	-		
875	82	O	5.55	T	-		
875	83	O	5.55	C	-		
875	84	O	5.55	G	-		
875	85	O	5.55	A	-		
875	86	O	5.55	T	-		
875	87	O	5.55	G	-		
875	88	O	5.55	G	-		
875	89	O	5.55	C	-		
875	90	O	5.55	G	-		
875	91	O	5.55	A	-		
875	92	O	5.55	A	-		
875	93	O	5.55	C	-		
875	94	O	5.55	G	-		
875	95	O	5.55	A	-		
875	96	O	5.55	C	-		
875	97	O	5.55	G	-		
875	98	O	5.55	C	-		
875	99	O	5.55	T	-		
875	100	O	5.55	C	-		
875	101	O	5.55	C	-		
875	102	O	5.55	T	-		
875	103	O	5.55	C	-		
875	104	O	5.55	T	-		
875	105	O	5.55	A	-		
875	106	O	5.55	C	-		
875	107	O	5.55	C	-		
875	108	O	5.55	A	-		
875	109	O	5.55	G	-		
876	0	O	6.93	A	-		
876	1	O	6.93	G	-		
876	2	O	6.93	C	-		
876	3	O	6.93	G	-		
876	4	O	6.93	T	-		
876	5	O	6.93	A	-		
876	6	O	6.93	C	-		
876	7	O	6.93	G	-		
876	8	O	6.93	G	-		
876	9	O	6.93	C	-		
876	10	O	6.93	G	-		
876	11	O	6.93	A	-		
876	12	O	6.93	G	-		
876	13	O	6.93	T	-		
876	14	O	6.93	A	-		
876	15	O	6.93	T	-		
876	16	O	6.93	G	-		
876	17	O	6.93	C	-		
876	18	O	6.93	C	-		
876	19	O	6.93	T	-		
876	20	O	6.93	T	-		
876	21	O	6.93	T	-		
876	22	O	6.93	G	-		
876	23	O	6.93	G	-		
876	24	O	6.93	T	-		
876	25	O	6.93	G	-		
876	26	O	6.93	G	-		
876	27	O	6.93	C	-		
876	28	O	6.93	G	-		
876	29	O	6.93	A	-		
876	30	O	6.93	G	-		
876	31	O	6.93	C	-		
876	32	O	6.93	A	-		
876	33	O	6.93	A	-		
876	34	O	6.93	G	-		
876	35	O	6.93	T	-		
876	36	O	6.93	C	-		
876	37	O	6.93	T	-		
876	38	O	6.93	T	-		
876	39	O	6.93	C	-		
876	40	O	6.93	C	-		
876	41	O	6.93	G	-		
876	42	O	6.93	T	-		
876	43	O	6.93	G	-		
876	44	O	6.93	G	-		
876	45	O	6.93	A	-		
876	46	O	6.93	T	-		
876	47	O	6.93	A	-		
876	48	O	6.93	C	-		
876	49	O	6.93	A	-		
876	50	O	6.93	T	-		
876	51	O	6.93	T	-		
876	52	O	6.93	G	-		
876	53	O	6.93	G	-		
876	54	O	6.93	A	-		
876	55	O	6.93	A	-		
876	56	O	6.93	G	-		
876	57	O	6.93	A	-		
876	58	O	6.93	G	-		
876	59	O	6.93	A	-		
876	60	O	6.93	C	-		
876	61	O	6.93	G	-		
876	62	O	6.93	A	-		
876	63	O	6.93	T	-		
876	64	O	6.93	C	-		
876	65	O	6.93	T	-		
876	66	O	6.93	G	-		
876	67	O	6.93	A	-		
876	68	O	6.93	A	-		
876	69	O	6.93	C	-		
876	70	O	6.93	A	-		
876	71	O	6.93	A	-		
876	72	O	6.93	C	-		
876	73	O	6.93	G	-		
876	74	O	6.93	T	-		
876	75	O	6.93	C	-		
876	76	O	6.93	A	-		
876	77	O	6.93	A	-		
876	78	O	6.93	G	-		
876	79	O	6.93	A	-		
876	80	O	6.93	T	-		
876	81	O	6.93	C	-		
876	82	O	6.93	A	-		
876	83	O	6.93	T	-		
876	84	O	6.93	C	-		
876	85	O	6.93	A	-		
876	86	O	6.93	A	-		
876	87	O	6.93	T	-		
876	88	O	6.93	C	-		
876	89	O	6.93	A	-		
876	90	O	6.93	T	-		
876	91	O	6.93	G	-		
876	92	O	6.93	C	-		
876	93	O	6.93	G	-		
876	94	O	6.93	G	-		
876	95	O	6.93	A	-		
876	96	O	6.93	G	-		
876	97	O	6.93	T	-		
876	98	O	6.93	A	-		
876	99	O	6.93	T	-		
876	100	O	6.93	G	-		
876	101	O	6.93	G	-		
876	102	O	6.93	C	-		
876	103	O	6.93	C	-		
876	104	O	6.93	G	-		
876	105	O	6.93	T	-		
876	106	O	6.93	G	-		
876	107	O	6.93	T	-		
876	108	O	6.93	G	-		
876	109	O	6.93	T	-		
877	0	O	13.86	G	-		
877	1	O	13.86	C	-		
877	2	O	13.86	G	-		
877	3	O	13.86	A	-		
877	4	O	13.86	A	-		
877	5	O	13.86	C	-		
877	6	O	13.86	G	-		
877	7	O	13.86	C	-		
877	8	O	13.86	G	-		
877	9	O	13.86	T	-		
877	10	O	13.86	C	-		
877	11	O	13.86	A	-		
877	12	O	13.86	A	-		
877	13	O	13.86	G	-		
877	14	O	5.16	A	-		
877	15	O	13.86	T	-		
877	16	O	13.86	G	-		
877	17	O	13.86	C	-		
877	18	O	13.86	T	-		
877	19	O	13.86	G	-		
877	20	O	13.86	A	-		
877	21	O	13.86	C	-		
877	22	O	13.86	C	-		
877	23	O	13.86	A	-		
877	24	O	13.86	A	-		
877	25	O	13.86	C	-		
877	26	O	13.86	A	-		
877	27	O	13.86	G	-		
877	28	O	13.86	C	-		
877	29	O	13.86	C	-		
877	30	O	13.86	T	-		
877	31	O	13.86	G	-		
877	32	O	13.86	T	-		
877	33	O	13.86	C	-		
877	34	O	13.86	G	-		
877	35	O	13.86	A	-		
877	36	O	13.86	C	-		
877	37	O	13.86	C	-		
877	38	O	13.86	G	-		
877	39	O	13.86	T	-		
877	40	O	13.86	C	-		
877	41	O	13.86	G	-		
877	42	O	13.86	A	-		
877	43	O	13.86	C	-		
877	44	O	13.86	G	-		
877	45	O	13.86	T	-		
877	46	O	13.86	G	-		
877	47	O	13.86	T	-		
877	48	O	13.86	C	-		
877	49	O	13.86	C	-		
877	50	O	13.86	A	-		
877	51	O	13.86	A	-		
877	52	O	13.86	C	-		
877	53	O	13.86	A	-		
877	54	O	13.86	C	-		
877	55	O	13.86	C	-		
877	56	O	13.86	T	-		
877	57	O	13.86	C	-		
877	58	O	13.86	G	-		
877	59	O	13.86	G	-		
877	60	O	13.86	T	-		
877	61	O	13.86	C	-		
877	62	O	13.86	G	-		
877	63	O	13.86	A	-		
877	64	O	13.86	T	-		
877	65	O	13.86	C	-		
877	66	O	13.86	A	-		
877	67	O	13.86	T	-		
877	68	O	5.16	G	-		
877	69	O	13.86	C	-		
877	70	O	13.86	C	-		
877	71	O	13.86	G	-		
877	72	O	13.86	T	-		
877	73	O	13.86	G	-		
877	74	O	13.86	G	-		
877	75	O	13.86	T	-		
877	76	O	13.86	C	-		
877	77	O	13.86	G	-		
877	78	O	13.86	T	-		
877	79	O	13.86	C	-		
877	80	O	13.86	A	-		
877	81	O	13.86	A	-		
877	82	O	13.86	T	-		
877	83	O	13.86	C	-		
877	84	O	13.86	C	-		
877	85	O	13.86	G	-		
877	86	O	13.86	C	-		
877	87	O	13.86	T	-		
877	88	O	13.86	G	-		
877	89	O	5.16	C	-		
877	90	O	13.86	T	-		
877	91	O	13.86	C	-		
877	92	O	13.86	G	-		
877	93	O	13.86	C	-		
877	94	O	13.86	C	-		
877	95	O	13.86	G	-		
877	96	O	13.86	A	-		
877	97	O	13.86	A	-		
877	98	O	5.16	C	-		
877	99	O	13.86	G	-		
877	100	O	5.16	G	-		
877	101	O	5.16	A	-		
877	102	O	13.86	T	-		
877	103	O	13.86	C	-		
877	104	O	13.86	G	-		
877	105	O	13.86	A	-		
877	106	O	13.86	G	-		
877	107	O	13.86	G	-		
877	108	O	13.86	T	-		
877	109	O	13.86	G	-		
878	0	O	6.93	G	-		
878	1	O	6.93	G	-		
878	2	O	6.93	G	-		
878	3	O	6.93	G	-		
878	4	O	6.93	G	-		
878	5	O	6.93	G	-		
878	6	O	6.93	C	-		
878	7	O	6.93	C	-		
878	8	O	6.93	A	-		
878	9	O	6.93	G	-		
878	10	O	6.93	A	-		
878	11	O	6.93	A	-		
878	12	O	6.93	T	-		
878	13	O	6.93	T	-		
878	14	O	6.93	A	-		
878	15	O	6.93	A	-		
878	16	O	6.93	C	-		
878	17	O	6.93	C	-		
878	18	O	6.93	G	-		
878	19	O	6.93	C	-		
878	20	O	6.93	G	-		
878	21	O	6.93	C	-		
878	22	O	6.93	C	-		
878	23	O	6.93	G	-		
878	24	O	6.93	C	-		
878	25	O	6.93	G	-		
878	26	O	6.93	A	-		
878	27	O	6.93	G	-		
878	28	O	6.93	A	-		
878	29	O	6.93	A	-		
878	30	O	6.93	G	-		
878	31	O	6.93	A	-		
878	32	O	6.93	G	-		
878	33	O	6.93	G	-		
878	34	O	6.93	C	-		
878	35	O	6.93	T	-		
878	36	O	6.93	A	-		
878	37	O	6.93	A	-		
878	38	O	6.93	G	-		
878	39	O	6.93	G	-		
878	40	O	6.93	C	-		
878	41	O	6.93	A	-		
878	42	O	6.93	G	-		
878	43	O	6.93	G	-		
878	44	O	6.93	T	-		
878	45	O	6.93	T	-		
878	46	O	6.93	T	-		
878	47	O	6.93	T	-		
878	48	O	6.93	T	-		
878	49	O	6.93	T	-		
878	50	O	6.93	G	-		
878	51	O	6.93	A	-		
878	52	O	6.93	T	-		
878	53	O	6.93	T	-		
878	54	O	6.93	A	-		
878	55	O	6.93	A	-		
878	56	O	6.93	C	-		
878	57	O	6.93	A	-		
878	58	O	6.93	G	-		
878	59	O	6.93	A	-		
878	60	O	6.93	A	-		
878	61	O	6.93	T	-		
878	62	O	6.93	C	-		
878	63	O	6.93	C	-		
878	64	O	6.93	G	-		
878	65	O	6.93	A	-		
878	66	O	6.93	G	-		
878	67	O	6.93	T	-		
878	68	O	6.93	T	-		
878	69	O	6.93	G	-		
878	70	O	6.93	C	-		
878	71	O	6.93	C	-		
878	72	O	6.93	T	-		
878	73	O	6.93	T	-		
878	74	O	6.93	A	-		
878	75	O	6.93	C	-		
878	76	O	6.93	C	-		
878	77	O	6.93	T	-		
878	78	U	-0.27	G	A		
878	79	O	6.93	G	-		
878	80	O	6.93	G	-		
878	81	O	6.93	T	-		
878	82	O	6.93	T	-		
878	83	O	6.93	G	-		
878	84	O	6.93	T	-		
878	85	O	6.93	T	-		
878	86	O	6.93	G	-		
878	87	O	6.93	T	-		
878	88	O	6.93	C	-		
878	89	O	6.93	C	-		
878	90	O	6.93	G	-		
878	91	O	6.93	A	-		
878	92	O	6.93	T	-		
878	93	O	6.93	G	-		
878	94	O	6.93	G	-		
878	95	O	6.93	A	-		
878	96	O	6.93	G	-		
878	97	O	6.93	A	-		
878	98	O	6.93	A	-		
878	99	O	6.93	G	-		
878	100	O	6.93	A	-		
878	101	O	6.93	T	-		
878	102	O	6.93	G	-		
878	103	O	6.93	A	-		
878	104	O	6.93	T	-		
878	105	O	6.93	G	-		
878	106	O	6.93	A	-		
878	107	O	6.93	G	-		
878	108	O	6.93	A	-		
878	109	O	6.93	T	-		
879	0	O	6.93	T	-		
879	1	O	6.93	G	-		
879	2	O	6.93	T	-		
879	3	O	6.93	G	-		
879	4	O	6.93	C	-		
879	5	O	6.93	A	-		
879	6	O	6.93	A	-		
879	7	O	6.93	G	-		
879	8	O	6.93	T	-		
879	9	O	6.93	A	-		
879	10	O	6.93	G	-		
879	11	O	6.93	T	-		
879	12	O	6.93	T	-		
879	13	O	6.93	G	-		
879	14	O	6.93	G	-		
879	15	O	6.93	C	-		
879	16	O	6.93	G	-		
879	17	O	6.93	A	-		
879	18	O	6.93	C	-		
879	19	O	6.93	G	-		
879	20	O	6.93	A	-		
879	21	O	6.93	T	-		
879	22	O	6.93	G	-		
879	23	O	6.93	A	-		
879	24	O	6.93	G	-		
879	25	O	6.93	C	-		
879	26	O	6.93	A	-		
879	27	O	6.93	T	-		
879	28	O	6.93	T	-		
879	29	O	6.93	G	-		
879	30	O	6.93	G	-		
879	31	O	6.93	T	-		
879	32	O	6.93	T	-		
879	33	O	6.93	G	-		
879	34	O	6.93	T	-		
879	35	O	6.93	T	-		
879	36	O	6.93	C	-		
879	37	O	6.93	A	-		
879	38	O	6.93	A	-		
879	39	O	6.93	G	-		
879	40	O	6.93	T	-		
879	41	O	6.93	G	-		
879	42	O	6.93	G	-		
879	43	O	6.93	G	-		
879	44	O	6.93	A	-		
879	45	O	6.93	G	-		
879	46	O	6.93	G	-		
879	47	O	6.93	A	-		
879	48	O	6.93	G	-		
879	49	O	6.93	C	-		
879	50	O	6.93	C	-		
879	51	O	6.93	G	-		
879	52	O	6.93	G	-		
879	53	O	6.93	T	-		
879	54	O	6.93	G	-		
879	55	O	6.93	G	-		
879	56	O	6.93	T	-		
879	57	O	6.93	T	-		
879	58	O	6.93	G	-		
879	59	O	6.93	G	-		
879	60	O	6.93	A	-		
879	61	O	6.93	G	-		
879	62	O	6.93	A	-		
879	63	O	6.93	G	-		
879	64	O	6.93	T	-		
879	65	O	6.93	C	-		
879	66	O	6.93	G	-		
879	67	O	6.93	A	-		
879	68	O	6.93	C	-		
879	69	O	6.93	C	-		
879	70	O	6.93	G	-		
879	71	O	6.93	A	-		
879	72	O	6.93	C	-		
879	73	O	6.93	G	-		
879	74	O	6.93	A	-		
879	75	O	6.93	C	-		
879	76	O	6.93	G	-		
879	77	O	6.93	A	-		
879	78	O	6.93	G	-		
879	79	O	6.93	T	-		
879	80	O	6.93	T	-		
879	81	O	6.93	A	-		
879	82	O	6.93	C	-		
879	83	O	6.93	C	-		
879	84	O	6.93	C	-		
879	85	O	6.93	T	-		
879	86	O	6.93	G	-		
879	87	O	6.93	G	-		
879	88	O	6.93	T	-		
879	89	O	6.93	T	-		
879	90	O	6.93	A	-		
879	91	O	6.93	G	-		
879	92	O	6.93	C	-		
879	93	O	6.93	T	-		
879	94	O	6.93	A	-		
879	95	O	6.93	A	-		
879	96	O	6.93	C	-		
879	97	O	6.93	T	-		
879	98	O	6.93	C	-		
879	99	O	6.93	T	-		
879	100	O	6.93	C	-		
879	101	O	6.93	T	-		
879	102	O	6.93	T	-		
879	103	O	6.93	G	-		
879	104	O	6.93	C	-		
879	105	O	6.93	A	-		
879	106	O	6.93	C	-		
879	107	O	6.93	T	-		
879	108	O	6.93	G	-		
879	109	O	6.93	A	-		
880	0	O	11.09	G	-		
880	1	O	11.09	T	-		
880	2	O	11.09	T	-		
880	3	O	11.09	A	-		
880	4	O	11.09	G	-		
880	5	O	11.09	A	-		
880	6	O	11.09	C	-		
880	7	O	11.09	C	-		
880	8	O	11.09	C	-		
880	9	O	11.09	A	-		
880	10	O	11.09	G	-		
880	11	O	11.09	C	-		
880	12	O	11.09	A	-		
880	13	O	11.09	C	-		
880	14	O	11.09	T	-		
880	15	O	11.09	T	-		
880	16	O	11.09	T	-		
880	17	O	11.09	T	-		
880	18	O	11.09	G	-		
880	19	O	11.09	C	-		
880	20	O	11.09	G	-		
880	21	O	11.09	G	-		
880	22	O	11.09	C	-		
880	23	O	11.09	C	-		
880	24	O	11.09	T	-		
880	25	O	11.09	G	-		
880	26	O	11.09	G	-		
880	27	O	11.09	A	-		
880	28	O	11.09	A	-		
880	29	O	11.09	G	-		
880	30	O	11.09	G	-		
880	31	O	11.09	C	-		
880	32	O	11.09	T	-		
880	33	O	11.09	T	-		
880	34	O	11.09	G	-		
880	35	O	11.09	A	-		
880	36	O	11.09	C	-		
880	37	O	11.09	C	-		
880	38	O	11.09	G	-		
880	39	O	11.09	T	-		
880	40	O	11.09	A	-		
880	41	O	11.09	A	-		
880	42	O	11.09	G	-		
880	43	O	11.09	A	-		
880	44	O	11.09	T	-		
880	45	O	11.09	T	-		
880	46	O	11.09	G	-		
880	47	O	11.09	A	-		
880	48	O	11.09	G	-		
880	49	O	11.09	T	-		
880	50	O	11.09	T	-		
880	51	O	11.09	G	-		
880	52	O	11.09	A	-		
880	53	O	11.09	T	-		
880	54	O	11.09	T	-		
880	55	O	11.09	G	-		
880	56	O	11.09	A	-		
880	57	O	11.09	G	-		
880	58	O	11.09	T	-		
880	59	O	11.09	T	-		
880	60	O	11.09	T	-		
880	61	O	11.09	C	-		
880	62	O	11.09	C	-		
880	63	O	11.09	T	-		
880	64	O	11.09	C	-		
880	65	O	11.09	T	-		
880	66	O	11.09	G	-		
880	67	O	11.09	C	-		
880	68	O	11.09	C	-		
880	69	O	11.09	T	-		
880	70	O	11.09	G	-		
880	71	O	11.09	A	-		
880	72	O	11.09	T	-		
880	73	O	11.09	A	-		
880	74	O	11.09	G	-		
880	75	O	11.09	A	-		
880	76	O	11.09	C	-		
880	77	O	11.09	G	-		
880	78	O	11.09	G	-		
880	79	O	11.09	C	-		
880	80	O	11.09	A	-		
880	81	O	11.09	A	-		
880	82	O	11.09	A	-		
880	83	O	11.09	A	-		
880	84	O	11.09	G	-		
880	85	O	11.09	A	-		
880	86	O	11.09	G	-		
880	87	O	11.09	G	-		
880	88	O	11.09	C	-		
880	89	O	11.09	T	-		
880	90	O	11.09	T	-		
880	91	O	11.09	G	-		
880	92	O	11.09	T	-		
880	93	O	11.09	T	-		
880	94	O	11.09	T	-		
880	95	O	11.09	T	-		
880	96	O	11.09	C	-		
880	97	O	11.09	C	-		
880	98	O	11.09	A	-		
880	99	O	11.09	G	-		
880	100	O	11.09	G	-		
880	101	O	11.09	T	-		
880	102	O	11.09	G	-		
880	103	O	11.09	A	-		
880	104	O	11.09	T	-		
880	105	O	11.09	C	-		
880	106	O	11.09	T	-		
880	107	O	11.09	T	-		
880	108	O	11.09	T	-		
880	109	O	11.09	G	-		
881	0	O	6.93	G	-		
881	1	O	6.93	G	-		
881	2	O	6.93	C	-		
881	3	O	6.93	C	-		
881	4	O	6.93	A	-		
881	5	O	6.93	A	-		
881	6	O	6.93	G	-		
881	7	O	6.93	A	-		
881	8	O	6.93	C	-		
881	9	O	6.93	C	-		
881	10	O	6.93	T	-		
881	11	O	6.93	G	-		
881	12	O	6.93	A	-		
881	13	O	6.93	C	-		
881	14	O	6.93	C	-		
881	15	O	6.93	A	-		
881	16	O	6.93	G	-		
881	17	O	6.93	G	-		
881	18	O	6.93	G	-		
881	19	O	6.93	T	-		
881	20	O	6.93	G	-		
881	21	O	6.93	T	-		
881	22	O	6.93	G	-		
881	23	O	6.93	C	-		
881	24	O	6.93	G	-		
881	25	O	6.93	T	-		
881	26	O	6.93	A	-		
881	27	O	6.93	A	-		
881	28	O	6.93	C	-		
881	29	O	6.93	C	-		
881	30	O	6.93	T	-		
881	31	O	6.93	G	-		
881	32	O	6.93	T	-		
881	33	O	6.93	A	-		
881	34	O	6.93	A	-		
881	35	O	6.93	G	-		
881	36	O	6.93	G	-		
881	37	O	6.93	C	-		
881	38	O	6.93	C	-		
881	39	O	6.93	T	-		
881	40	O	6.93	T	-		
881	41	O	6.93	G	-		
881	42	O	6.93	A	-		
881	43	O	6.93	A	-		
881	44	O	6.93	C	-		
881	45	O	6.93	G	-		
881	46	O	6.93	A	-		
881	47	O	6.93	T	-		
881	48	O	6.93	T	-		
881	49	O	6.93	G	-		
881	50	O	6.93	A	-		
881	51	O	6.93	T	-		
881	52	O	6.93	T	-		
881	53	O	6.93	T	-		
881	54	O	6.93	T	-		
881	55	O	6.93	C	-		
881	56	O	6.93	T	-		
881	57	O	6.93	G	-		
881	58	O	6.93	C	-		
881	59	O	6.93	T	-		
881	60	O	6.93	A	-		
881	61	O	6.93	C	-		
881	62	O	6.93	C	-		
881	63	O	6.93	T	-		
881	64	O	6.93	T	-		
881	65	O	6.93	T	-		
881	66	O	6.93	T	-		
881	67	O	6.93	C	-		
881	68	O	6.93	C	-		
881	69	O	6.93	G	-		
881	70	O	6.93	T	-		
881	71	O	6.93	T	-		
881	72	O	6.93	C	-		
881	73	O	6.93	G	-		
881	74	O	6.93	A	-		
881	75	O	6.93	A	-		
881	76	O	6.93	A	-		
881	77	O	6.93	C	-		
881	78	O	6.93	A	-		
881	79	O	6.93	G	-		
881	80	O	6.93	T	-		
881	81	O	6.93	C	-		
881	82	O	6.93	A	-		
881	83	O	6.93	C	-		
881	84	O	6.93	C	-		
881	85	O	6.93	C	-		
881	86	O	6.93	A	-		
881	87	O	6.93	C	-		
881	88	O	6.93	A	-		
881	89	O	6.93	A	-		
881	90	O	6.93	A	-		
881	91	O	6.93	T	-		
881	92	O	6.93	C	-		
881	93	O	6.93	C	-		
881	94	O	6.93	T	-		
881	95	O	6.93	G	-		
881	96	O	6.93	C	-		
881	97	O	6.93	C	-		
881	98	O	6.93	A	-		
881	99	O	6.93	T	-		
881	100	O	6.93	G	-		
881	101	O	6.93	T	-		
881	102	O	6.93	C	-		
881	103	O	6.93	A	-		
881	104	O	6.93	A	-		
881	105	O	6.93	G	-		
881	106	O	6.93	A	-		
881	107	O	6.93	A	-		
881	108	O	6.93	G	-		
881	109	O	6.93	A	-		
882	0	O	11.09	T	-		
882	1	O	11.09	G	-		
882	2	O	11.09	A	-		
882	3	O	11.09	G	-		
882	4	O	11.09	A	-		
882	5	O	11.09	C	-		
882	6	O	11.09	T	-		
882	7	O	11.09	C	-		
882	8	O	11.09	C	-		
882	9	O	11.09	T	-		
882	10	O	11.09	T	-		
882	11	O	11.09	T	-		
882	12	O	11.09	C	-		
882	13	O	11.09	A	-		
882	14	O	11.09	T	-		
882	15	O	11.09	G	-		
882	16	O	11.09	C	-		
882	17	O	11.09	T	-		
882	18	O	11.09	T	-		
882	19	O	11.09	G	-		
882	20	O	11.09	C	-		
882	21	O	11.09	C	-		
882	22	O	11.09	T	-		
882	23	O	11.09	T	-		
882	24	O	11.09	T	-		
882	25	O	11.09	G	-		
882	26	O	11.09	G	-		
882	27	O	11.09	G	-		
882	28	O	11.09	A	-		
882	29	O	11.09	G	-		
882	30	O	11.09	T	-		
882	31	O	11.09	G	-		
882	32	O	11.09	A	-		
882	33	O	11.09	A	-		
882	34	O	11.09	G	-		
882	35	O	11.09	C	-		
882	36	O	11.09	T	-		
882	37	O	11.09	T	-		
882	38	O	11.09	T	-		
882	39	O	11.09	A	-		
882	40	O	11.09	A	-		
882	41	O	11.09	T	-		
882	42	O	11.09	C	-		
882	43	O	11.09	C	-		
882	44	O	11.09	C	-		
882	45	O	11.09	A	-		
882	46	O	11.09	T	-		
882	47	O	11.09	T	-		
882	48	O	11.09	A	-		
882	49	O	11.09	G	-		
882	50	O	11.09	A	-		
882	51	O	11.09	A	-		
882	52	O	11.09	A	-		
882	53	O	11.09	T	-		
882	54	O	11.09	T	-		
882	55	O	11.09	G	-		
882	56	O	11.09	G	-		
882	57	O	11.09	A	-		
882	58	O	11.09	C	-		
882	59	O	11.09	T	-		
882	60	O	11.09	C	-		
882	61	O	11.09	A	-		
882	62	O	11.09	C	-		
882	63	O	11.09	T	-		
882	64	U	-2.30	A	G		
882	65	O	11.09	A	-		
882	66	O	11.09	T	-		
882	67	O	11.09	C	-		
882	68	O	11.09	T	-		
882	69	O	11.09	C	-		
882	70	O	11.09	T	-		
882	71	O	11.09	G	-		
882	72	O	11.09	A	-		
882	73	O	11.09	A	-		
882	74	O	11.09	T	-		
882	75	O	11.09	G	-		
882	76	O	11.09	T	-		
882	77	O	11.09	A	-		
882	78	O	11.09	T	-		
882	79	O	11.09	G	-		
882	80	O	11.09	A	-		
882	81	O	11.09	T	-		
882	82	O	11.09	C	-		
882	83	O	11.09	A	-		
882	84	O	11.09	G	-		
882	85	O	11.09	A	-		
882	86	O	11.09	A	-		
882	87	O	11.09	A	-		
882	88	O	11.09	C	-		
882	89	O	11.09	C	-		
882	90	O	11.09	T	-		
882	91	O	11.09	G	-		
882	92	O	11.09	A	-		
882	93	O	11.09	T	-		
882	94	O	11.09	C	-		
882	95	O	11.09	G	-		
882	96	O	11.09	A	-		
882	97	O	11.09	G	-		
882	98	O	11.09	A	-		
882	99	O	11.09	A	-		
882	100	O	11.09	C	-		
882	101	O	11.09	T	-		
882	102	O	11.09	A	-		
882	103	O	11.09	A	-		
882	104	O	11.09	A	-		
882	105	O	11.09	A	-		
882	106	O	11.09	A	-		
882	107	O	11.09	A	-		
882	108	O	11.09	G	-		
882	109	O	11.09	C	-		
883	0	O	5.55	T	-		
883	1	O	5.55	T	-		
883	2	O	5.55	C	-		
883	3	O	5.55	C	-		
883	4	O	5.55	C	-		
883	5	O	5.55	G	-		
883	6	O	5.55	A	-		
883	7	O	5.55	C	-		
883	8	O	5.55	A	-		
883	9	O	5.55	A	-		
883	10	O	5.55	C	-		
883	11	O	5.55	C	-		
883	12	O	5.55	T	-		
883	13	O	5.55	G	-		
883	14	O	5.55	T	-		
883	15	O	5.55	T	-		
883	16	O	5.55	G	-		
883	17	O	5.55	G	-		
883	18	O	5.55	C	-		
883	19	O	5.55	T	-		
883	20	O	5.55	G	-		
883	21	O	5.55	G	-		
883	22	O	5.55	C	-		
883	23	O	5.55	G	-		
883	24	O	5.55	G	-		
883	25	O	5.55	T	-		
883	26	O	5.55	C	-		
883	27	O	5.55	G	-		
883	28	O	5.55	C	-		
883	29	O	5.55	C	-		
883	30	O	5.55	T	-		
883	31	O	5.55	G	-		
883	32	O	5.55	C	-		
883	33	O	5.55	G	-		
883	34	O	5.55	G	-		
883	35	O	5.55	T	-		
883	36	O	5.55	G	-		
883	37	O	5.55	A	-		
883	38	O	5.55	A	-		
883	39	O	5.55	T	-		
883	40	O	5.55	A	-		
883	41	O	5.55	T	-		
883	42	O	5.55	T	-		
883	43	O	5.55	G	-		
883	44	O	5.55	T	-		
883	45	O	5.55	A	-		
883	46	O	5.55	G	-		
883	47	O	5.55	C	-		
883	48	O	5.55	T	-		
883	49	O	5.55	C	-		
883	50	O	5.55	T	-		
883	51	O	5.55	C	-		
883	52	O	5.55	G	-		
883	53	O	5.55	G	-		
883	54	O	5.55	C	-		
883	55	O	5.55	A	-		
883	56	O	5.55	T	-		
883	57	O	5.55	G	-		
883	58	O	5.55	C	-		
883	59	O	5.55	A	-		
883	60	O	5.55	T	-		
883	61	O	5.55	A	-		
883	62	O	5.55	T	-		
883	63	O	5.55	T	-		
883	64	O	5.55	A	-		
883	65	O	5.55	T	-		
883	66	O	5.55	C	-		
883	67	O	5.55	T	-		
883	68	O	5.55	G	-		
883	69	O	5.55	T	-		
883	70	O	5.55	T	-		
883	71	O	5.55	G	-		
883	72	O	5.55	G	-		
883	73	O	5.55	A	-		
883	74	O	5.55	C	-		
883	75	O	5.55	A	-		
883	76	O	5.55	G	-		
883	77	O	5.55	G	-		
883	78	O	5.55	T	-		
883	79	O	5.55	G	-		
883	80	O	5.55	A	-		
883	81	O	5.55	A	-		
883	82	O	5.55	G	-		
883	83	O	5.55	T	-		
883	84	O	5.55	T	-		
883	85	O	5.55	C	-		
883	86	O	5.55	T	-		
883	87	O	5.55	C	-		
883	88	O	5.55	T	-		
883	89	O	5.55	T	-		
883	90	O	5.55	G	-		
883	91	O	5.55	G	-		
883	92	O	5.55	T	-		
883	93	O	5.55	G	-		
883	94	O	5.55	G	-		
883	95	O	5.55	C	-		
883	96	O	5.55	A	-		
883	97	O	5.55	G	-		
883	98	O	5.55	A	-		
883	99	O	5.55	A	-		
883	100	O	5.55	C	-		
883	101	O	5.55	T	-		
883	102	O	5.55	A	-		
883	103	O	5.55	A	-		
883	104	O	5.55	C	-		
883	105	O	5.55	C	-		
883	106	O	5.55	T	-		
883	107	O	5.55	G	-		
883	108	O	5.55	G	-		
883	109	O	5.55	G	-		
884	0	O	6.93	G	-		
884	1	O	6.93	T	-		
884	2	O	6.93	G	-		
884	3	O	6.93	C	-		
884	4	O	6.93	C	-		
884	5	O	6.93	A	-		
884	6	O	6.93	A	-		
884	7	O	6.93	G	-		
884	8	O	6.93	C	-		
884	9	O	6.93	C	-		
884	10	O	6.93	G	-		
884	11	O	6.93	G	-		
884	12	O	6.93	C	-		
884	13	O	6.93	A	-		
884	14	O	6.93	G	-		
884	15	O	6.93	A	-		
884	16	O	6.93	G	-		
884	17	O	6.93	T	-		
884	18	O	6.93	T	-		
884	19	O	6.93	G	-		
884	20	O	6.93	C	-		
884	21	O	6.93	C	-		
884	22	O	6.93	C	-		
884	23	O	6.93	A	-		
884	24	O	6.93	T	-		
884	25	O	6.93	C	-		
884	26	O	6.93	G	-		
884	27	O	6.93	A	-		
884	28	O	6.93	A	-		
884	29	O	6.93	C	-		
884	30	O	6.93	A	-		
884	31	O	6.93	G	-		
884	32	O	6.93	C	-		
884	33	O	6.93	C	-		
884	34	O	6.93	G	-		
884	35	O	6.93	A	-		
884	36	O	6.93	C	-		
884	37	O	6.93	C	-		
884	38	O	6.93	A	-		
884	39	O	6.93	C	-		
884	40	O	6.93	G	-		
884	41	O	6.93	T	-		
884	42	O	6.93	T	-		
884	43	O	6.93	T	-		
884	44	O	6.93	G	-		
884	45	O	6.93	A	-		
884	46	O	6.93	G	-		
884	47	O	6.93	T	-		
884	48	O	6.93	T	-		
884	49	O	6.93	G	-		
884	50	O	6.93	G	-		
884	51	O	6.93	T	-		
884	52	O	6.93	C	-		
884	53	O	6.93	G	-		
884	54	O	6.93	T	-		
884	55	O	6.93	C	-		
884	56	O	6.93	A	-		
884	57	O	6.93	A	-		
884	58	O	6.93	T	-		
884	59	O	6.93	C	-		
884	60	O	6.93	T	-		
884	61	O	6.93	C	-		
884	62	O	6.93	A	-		
884	63	O	6.93	A	-		
884	64	O	6.93	G	-		
884	65	O	6.93	A	-		
884	66	O	6.93	C	-		
884	67	O	6.93	T	-		
884	68	O	6.93	G	-		
884	69	O	6.93	C	-		
884	70	O	6.93	C	-		
884	71	O	6.93	A	-		
884	72	O	6.93	A	-		
884	73	O	6.93	G	-		
884	74	O	6.93	G	-		
884	75	O	6.93	C	-		
884	76	O	6.93	G	-		
884	77	O	6.93	C	-		
884	78	O	6.93	T	-		
884	79	O	6.93	C	-		
884	80	O	6.93	G	-		
884	81	O	6.93	G	-		
884	82	O	6.93	A	-		
884	83	O	6.93	C	-		
884	84	O	6.93	T	-		
884	85	O	6.93	A	-		
884	86	O	6.93	A	-		
884	87	O	6.93	G	-		
884	88	O	6.93	C	-		
884	89	O	6.93	A	-		
884	90	O	6.93	T	-		
884	91	O	6.93	C	-		
884	92	O	6.93	C	-		
884	93	O	6.93	C	-		
884	94	O	6.93	A	-		
884	95	O	6.93	G	-		
884	96	U	-0.27	A	C		
884	97	O	6.93	G	-		
884	98	O	6.93	T	-		
884	99	O	6.93	C	-		
884	100	O	6.93	G	-		
884	101	O	6.93	A	-		
884	102	O	6.93	T	-		
884	103	O	6.93	C	-		
884	104	O	6.93	T	-		
884	105	O	6.93	T	-		
884	106	O	6.93	G	-		
884	107	O	6.93	C	-		
884	108	O	6.93	T	-		
884	109	O	6.93	G	-		
885	0	O	5.55	G	-		
885	1	O	5.55	A	-		
885	2	O	5.55	C	-		
885	3	O	5.55	A	-		
885	4	O	5.55	T	-		
885	5	O	5.55	G	-		
885	6	O	5.55	A	-		
885	7	O	5.55	G	-		
885	8	O	5.55	C	-		
885	9	O	5.55	T	-		
885	10	O	5.55	T	-		
885	11	O	5.55	G	-		
885	12	O	5.55	T	-		
885	13	O	5.55	T	-		
885	14	O	5.55	G	-		
885	15	O	5.55	G	-		
885	16	O	5.55	C	-		
885	17	O	5.55	A	-		
885	18	O	5.55	A	-		
885	19	O	5.55	T	-		
885	20	O	5.55	G	-		
885	21	O	5.55	T	-		
885	22	O	5.55	G	-		
885	23	O	5.55	C	-		
885	24	O	5.55	T	-		
885	25	O	5.55	T	-		
885	26	O	5.55	A	-		
885	27	O	5.55	C	-		
885	28	O	5.55	T	-		
885	29	O	5.55	C	-		
885	30	O	5.55	T	-		
885	31	O	5.55	T	-		
885	32	O	5.55	G	-		
885	33	O	5.55	G	-		
885	34	O	5.55	C	-		
885	35	O	5.55	G	-		
885	36	O	5.55	T	-		
885	37	O	5.55	G	-		
885	38	O	5.55	G	-		
885	39	O	5.55	A	-		
885	40	O	5.55	T	-		
885	41	O	5.55	C	-		
885	42	O	5.55	T	-		
885	43	O	5.55	G	-		
885	44	O	5.55	G	-		
885	45	O	5.55	G	-		
885	46	O	5.55	G	-		
885	47	O	5.55	A	-		
885	48	O	5.55	T	-		
885	49	O	5.55	T	-		
885	50	O	5.55	C	-		
885	51	O	5.55	A	-		
885	52	O	5.55	C	-		
885	53	O	5.55	A	-		
885	54	O	5.55	A	-		
885	55	O	5.55	T	-		
885	56	O	5.55	C	-		
885	57	O	5.55	A	-		
885	58	O	5.55	T	-		
885	59	O	5.55	T	-		
885	60	O	5.55	C	-		
885	61	O	5.55	T	-		
885	62	O	5.55	G	-		
885	63	O	5.55	A	-		
885	64	O	5.55	T	-		
885	65	O	5.55	T	-		
885	66	O	5.55	G	-		
885	67	O	5.55	C	-		
885	68	O	5.55	T	-		
885	69	O	5.55	G	-		
885	70	O	5.55	C	-		
885	71	O	5.55	T	-		
885	72	O	5.55	T	-		
885	73	O	5.55	G	-		
885	74	O	5.55	G	-		
885	75	O	5.55	T	-		
885	76	O	5.55	T	-		
885	77	O	5.55	G	-		
885	78	O	5.55	T	-		
885	79	O	5.55	C	-		
885	80	O	5.55	A	-		
885	81	O	5.55	A	-		
885	82	O	5.55	T	-		
885	83	O	5.55	G	-		
885	84	O	5.55	T	-		
885	85	O	5.55	G	-		
885	86	O	5.55	C	-		
885	87	O	5.55	A	-		
885	88	O	5.55	T	-		
885	89	O	5.55	G	-		
885	90	O	5.55	A	-		
885	91	O	5.55	C	-		
885	92	O	5.55	T	-		
885	93	O	5.55	G	-		
885	94	O	5.55	T	-		
885	95	O	5.55	C	-		
885	96	O	5.55	G	-		
885	97	O	5.55	G	-		
885	98	O	5.55	T	-		
885	99	O	5.55	C	-		
885	100	O	5.55	C	-		
885	101	O	5.55	C	-		
885	102	O	5.55	T	-		
885	103	O	5.55	C	-		
885	104	O	5.55	G	-		
885	105	O	5.55	A	-		
885	106	O	5.55	G	-		
885	107	O	5.55	T	-		
885	108	O	5.55	T	-		
885	109	O	5.55	C	-		
886	0	O	12.48	A	-		
886	1	O	12.48	T	-		
886	2	O	12.48	A	-		
886	3	O	12.48	G	-		
886	4	O	12.48	G	-		
886	5	O	12.48	G	-		
886	6	O	12.48	C	-		
886	7	O	12.48	A	-		
886	8	O	12.48	C	-		
886	9	O	12.48	A	-		
886	10	O	12.48	C	-		
886	11	O	12.48	A	-		
886	12	O	12.48	G	-		
886	13	O	12.48	C	-		
886	14	O	12.48	A	-		
886	15	O	12.48	G	-		
886	16	O	12.48	T	-		
886	17	O	12.48	T	-		
886	18	O	12.48	C	-		
886	19	O	12.48	G	-		
886	20	O	12.48	G	-		
886	21	O	12.48	C	-		
886	22	O	12.48	T	-		
886	23	O	12.48	G	-		
886	24	O	12.48	G	-		
886	25	O	12.48	G	-		
886	26	O	12.48	T	-		
886	27	O	12.48	G	-		
886	28	O	12.48	G	-		
886	29	O	12.48	A	-		
886	30	O	12.48	C	-		
886	31	O	12.48	T	-		
886	32	O	12.48	T	-		
886	33	O	12.48	G	-		
886	34	O	12.48	C	-		
886	35	O	12.48	C	-		
886	36	O	12.48	G	-		
886	37	O	12.48	C	-		
886	38	O	12.48	T	-		
886	39	O	12.48	G	-		
886	40	O	12.48	T	-		
886	41	O	12.48	C	-		
886	42	O	12.48	G	-		
886	43	O	12.48	T	-		
886	44	O	12.48	G	-		
886	45	O	12.48	A	-		
886	46	O	12.48	A	-		
886	47	O	12.48	G	-		
886	48	O	12.48	G	-		
886	49	O	12.48	A	-		
886	50	O	12.48	T	-		
886	51	O	12.48	G	-		
886	52	O	12.48	C	-		
886	53	O	12.48	A	-		
886	54	O	12.48	C	-		
886	55	O	12.48	A	-		
886	56	O	12.48	A	-		
886	57	O	12.48	C	-		
886	58	O	12.48	G	-		
886	59	O	12.48	G	-		
886	60	O	12.48	A	-		
886	61	O	12.48	C	-		
886	62	O	12.48	T	-		
886	63	O	12.48	G	-		
886	64	O	4.00	A	-		
886	65	O	12.48	A	-		
886	66	O	12.48	G	-		
886	67	O	12.48	T	-		
886	68	O	12.48	C	-		
886	69	O	12.48	C	-		
886	70	O	12.48	G	-		
886	71	O	12.48	G	-		
886	72	O	12.48	T	-		
886	73	O	12.48	T	-		
886	74	O	12.48	C	-		
886	75	O	12.48	G	-		
886	76	O	12.48	C	-		
886	77	O	12.48	T	-		
886	78	O	12.48	T	-		
886	79	O	12.48	T	-		
886	80	O	12.48	C	-		
886	81	O	12.48	T	-		
886	82	O	12.48	C	-		
886	83	O	12.48	T	-		
886	84	O	12.48	G	-		
886	85	O	12.48	G	-		
886	86	O	12.48	C	-		
886	87	O	12.48	T	-		
886	88	O	12.48	C	-		
886	89	O	12.48	T	-		
886	90	O	12.48	G	-		
886	91	O	12.48	G	-		
886	92	O	12.48	T	-		
886	93	O	12.48	G	-		
886	94	O	12.48	G	-		
886	95	O	12.48	C	-		
886	96	O	12.48	G	-		
886	97	O	12.48	T	-		
886	98	O	12.48	A	-		
886	99	O	12.48	T	-		
886	100	O	12.48	C	-		
886	101	O	12.48	T	-		
886	102	O	12.48	T	-		
886	103	O	12.48	G	-		
886	104	O	12.48	T	-		
886	105	O	12.48	T	-		
886	106	O	12.48	T	-		
886	107	O	12.48	T	-		
886	108	O	12.48	G	-		
886	109	O	12.48	A	-		
887	0	O	6.93	C	-		
887	1	O	6.93	G	-		
887	2	O	6.93	C	-		
887	3	O	6.93	T	-		
887	4	O	6.93	A	-		
887	5	O	6.93	T	-		
887	6	O	6.93	G	-		
887	7	O	6.93	T	-		
887	8	O	6.93	C	-		
887	9	O	6.93	T	-		
887	10	O	6.93	T	-		
887	11	O	6.93	C	-		
887	12	O	6.93	T	-		
887	13	O	6.93	G	-		
887	14	O	6.93	C	-		
887	15	O	6.93	T	-		
887	16	O	6.93	C	-		
887	17	O	6.93	G	-		
887	18	O	6.93	C	-		
887	19	O	6.93	C	-		
887	20	O	6.93	A	-		
887	21	O	6.93	C	-		
887	22	O	6.93	A	-		
887	23	O	6.93	G	-		
887	24	O	6.93	C	-		
887	25	O	6.93	C	-		
887	26	O	6.93	T	-		
887	27	O	6.93	T	-		
887	28	O	6.93	G	-		
887	29	O	6.93	C	-		
887	30	O	6.93	A	-		
887	31	O	6.93	G	-		
887	32	O	6.93	T	-		
887	33	O	6.93	T	-		
887	34	O	6.93	T	-		
887	35	O	6.93	G	-		
887	36	O	6.93	T	-		
887	37	O	6.93	A	-		
887	38	O	6.93	G	-		
887	39	O	6.93	T	-		
887	40	O	6.93	G	-		
887	41	O	6.93	A	-		
887	42	O	6.93	T	-		
887	43	O	6.93	G	-		
887	44	O	6.93	C	-		
887	45	O	6.93	A	-		
887	46	O	6.93	A	-		
887	47	O	6.93	G	-		
887	48	O	6.93	C	-		
887	49	O	6.93	G	-		
887	50	O	6.93	G	-		
887	51	O	6.93	A	-		
887	52	O	6.93	T	-		
887	53	O	6.93	G	-		
887	54	O	6.93	T	-		
887	55	O	6.93	T	-		
887	56	O	6.93	C	-		
887	57	O	6.93	G	-		
887	58	O	6.93	T	-		
887	59	O	6.93	C	-		
887	60	O	6.93	T	-		
887	61	O	6.93	G	-		
887	62	O	6.93	G	-		
887	63	O	6.93	A	-		
887	64	O	6.93	T	-		
887	65	O	6.93	A	-		
887	66	O	6.93	G	-		
887	67	O	6.93	T	-		
887	68	O	6.93	C	-		
887	69	O	6.93	G	-		
887	70	O	6.93	C	-		
887	71	O	6.93	T	-		
887	72	O	6.93	G	-		
887	73	O	6.93	A	-		
887	74	O	6.93	C	-		
887	75	O	6.93	A	-		
887	76	O	6.93	A	-		
887	77	O	6.93	A	-		
887	78	O	6.93	C	-		
887	79	O	6.93	T	-		
887	80	O	6.93	G	-		
887	81	O	6.93	G	-		
887	82	O	6.93	C	-		
887	83	O	6.93	C	-		
887	84	O	6.93	C	-		
887	85	O	6.93	A	-		
887	86	O	6.93	A	-		
887	87	O	6.93	T	-		
887	88	O	6.93	C	-		
887	89	O	6.93	C	-		
887	90	O	6.93	A	-		
887	91	O	6.93	G	-		
887	92	O	6.93	C	-		
887	93	O	6.93	C	-		
887	94	O	6.93	C	-		
887	95	O	6.93	G	-		
887	96	O	6.93	A	-		
887	97	O	6.93	A	-		
887	98	O	6.93	G	-		
887	99	O	6.93	T	-		
887	100	O	6.93	G	-		
887	101	O	6.93	A	-		
887	102	O	6.93	G	-		
887	103	O	6.93	C	-		
887	104	O	6.93	G	-		
887	105	O	6.93	C	-		
887	106	O	6.93	C	-		
887	107	O	6.93	T	-		
887	108	O	6.93	C	-		
887	109	O	6.93	A	-		
888	0	O	6.93	C	-		
888	1	O	6.93	G	-		
888	2	O	6.93	G	-		
888	3	O	6.93	C	-		
888	4	O	6.93	G	-		
888	5	O	6.93	C	-		
888	6	O	6.93	C	-		
888	7	O	6.93	C	-		
888	8	O	6.93	G	-		
888	9	O	6.93	C	-		
888	10	O	6.93	G	-		
888	11	O	6.93	C	-		
888	12	O	6.93	A	-		
888	13	O	6.93	A	-		
888	14	O	6.93	C	-		
888	15	O	6.93	A	-		
888	16	O	6.93	G	-		
888	17	O	6.93	G	-		
888	18	O	6.93	T	-		
888	19	O	6.93	G	-		
888	20	O	6.93	G	-		
888	21	O	6.93	A	-		
888	22	O	6.93	G	-		
888	23	O	6.93	G	-		
888	24	O	6.93	C	-		
888	25	O	6.93	G	-		
888	26	O	6.93	G	-		
888	27	O	6.93	A	-		
888	28	O	6.93	C	-		
888	29	O	6.93	G	-		
888	30	O	6.93	C	-		
888	31	O	6.93	G	-		
888	32	O	6.93	G	-		
888	33	O	6.93	A	-		
888	34	O	6.93	G	-		
888	35	O	6.93	G	-		
888	36	O	6.93	G	-		
888	37	O	6.93	C	-		
888	38	O	6.93	G	-		
888	39	O	6.93	G	-		
888	40	O	6.93	C	-		
888	41	O	6.93	C	-		
888	42	O	6.93	A	-		
888	43	O	6.93	G	-		
888	44	O	6.93	G	-		
888	45	O	6.93	G	-		
888	46	O	6.93	C	-		
888	47	O	6.93	G	-		
888	48	O	6.93	G	-		
888	49	O	6.93	C	-		
888	50	O	6.93	G	-		
888	51	O	6.93	A	-		
888	52	O	6.93	G	-		
888	53	O	6.93	C	-		
888	54	O	6.93	G	-		
888	55	O	6.93	A	-		
888	56	O	6.93	A	-		
888	57	O	6.93	A	-		
888	58	O	6.93	G	-		
888	59	O	6.93	C	-		
888	60	O	6.93	A	-		
888	61	O	6.93	C	-		
888	62	O	6.93	C	-		
888	63	O	6.93	A	-		
888	64	O	6.93	G	-		
888	65	O	6.93	A	-		
888	66	O	6.93	G	-		
888	67	O	6.93	C	-		
888	68	O	6.93	G	-		
888	69	O	6.93	G	-		
888	70	O	6.93	C	-		
888	71	O	6.93	G	-		
888	72	O	6.93	A	-		
888	73	O	6.93	G	-		
888	74	O	6.93	C	-		
888	75	O	6.93	T	-		
888	76	O	6.93	G	-		
888	77	O	6.93	G	-		
888	78	O	6.93	C	-		
888	79	O	6.93	G	-		
888	80	O	6.93	G	-		
888	81	O	6.93	C	-		
888	82	O	6.93	C	-		
888	83	O	6.93	A	-		
888	84	O	6.93	G	-		
888	85	O	6.93	T	-		
888	86	O	6.93	G	-		
888	87	O	6.93	C	-		
888	88	O	6.93	G	-		
888	89	O	6.93	C	-		
888	90	U	-0.27	T	C		
888	91	O	6.93	C	-		
888	92	O	6.93	G	-		
888	93	O	6.93	A	-		
888	94	O	6.93	G	-		
888	95	O	6.93	C	-		
888	96	O	6.93	G	-		
888	97	O	6.93	C	-		
888	98	O	6.93	G	-		
888	99	O	6.93	C	-		
888	100	O	6.93	C	-		
888	101	O	6.93	G	-		
888	102	O	6.93	A	-		
888	103	O	6.93	C	-		
888	104	O	6.93	C	-		
888	105	O	6.93	A	-		
888	106	O	6.93	C	-		
888	107	O	6.93	A	-		
888	108	O	6.93	C	-		
888	109	O	6.93	C	-		
889	0	O	9.70	G	-		
889	1	O	9.70	G	-		
889	2	O	9.70	A	-		
889	3	O	9.70	A	-		
889	4	O	9.70	G	-		
889	5	O	9.70	C	-		
889	6	O	9.70	T	-		
889	7	O	9.70	T	-		
889	8	O	9.70	T	-		
889	9	O	9.70	C	-		
889	10	O	9.70	A	-		
889	11	O	9.70	A	-		
889	12	O	9.70	C	-		
889	13	O	9.70	T	-		
889	14	O	9.70	T	-		
889	15	O	9.70	A	-		
889	16	O	9.70	A	-		
889	17	O	9.70	A	-		
889	18	O	9.70	T	-		
889	19	O	9.70	C	-		
889	20	O	9.70	A	-		
889	21	O	9.70	T	-		
889	22	O	9.70	C	-		
889	23	U	-3.07	A	C		
889	24	O	9.70	G	-		
889	25	O	9.70	G	-		
889	26	O	9.70	A	-		
889	27	O	9.70	G	-		
889	28	O	9.70	G	-		
889	29	O	9.70	C	-		
889	30	O	9.70	A	-		
889	31	O	9.70	T	-		
889	32	U	-3.07	T	C		
889	33	O	9.70	G	-		
889	34	O	9.70	A	-		
889	35	O	9.70	T	-		
889	36	O	9.70	G	-		
889	37	O	9.70	C	-		
889	38	O	9.70	T	-		
889	39	O	9.70	T	-		
889	40	O	9.70	G	-		
889	41	O	9.70	T	-		
889	42	O	9.70	T	-		
889	43	O	9.70	A	-		
889	44	O	9.70	A	-		
889	45	O	9.70	A	-		
889	46	O	9.70	A	-		
889	47	U	-3.07	G	A		
889	48	O	9.70	C	-		
889	49	O	9.70	T	-		
889	50	O	9.70	G	-		
889	51	O	9.70	C	-		
889	52	O	9.70	A	-		
889	53	O	9.70	A	-		
889	54	O	9.70	T	-		
889	55	O	9.70	G	-		
889	56	O	9.70	T	-		
889	57	O	9.70	G	-		
889	58	O	9.70	A	-		
889	59	O	9.70	T	-		
889	60	O	9.70	T	-		
889	61	O	9.70	T	-		
889	62	O	9.70	T	-		
889	63	O	9.70	A	-		
889	64	O	9.70	A	-		
889	65	O	9.70	G	-		
889	66	O	9.70	G	-		
889	67	O	9.70	T	-		
889	68	U	-3.07	A	G		
889	69	O	9.70	G	-		
889	70	O	9.70	A	-		
889	71	O	9.70	T	-		
889	72	O	9.70	G	-		
889	73	O	9.70	C	-		
889	74	O	9.70	T	-		
889	75	O	9.70	T	-		
889	76	O	9.70	G	-		
889	77	O	9.70	A	-		
889	78	O	9.70	T	-		
889	79	O	9.70	T	-		
889	80	O	9.70	T	-		
889	81	O	9.70	G	-		
889	82	O	9.70	C	-		
889	83	O	9.70	A	-		
889	84	O	9.70	T	-		
889	85	O	9.70	T	-		
889	86	O	9.70	A	-		
889	87	O	9.70	A	-		
889	88	O	9.70	G	-		
889	89	O	9.70	T	-		
889	90	O	9.70	T	-		
889	91	O	9.70	T	-		
889	92	O	9.70	G	-		
889	93	O	9.70	T	-		
889	94	O	9.70	A	-		
889	95	O	9.70	T	-		
889	96	O	9.70	T	-		
889	97	O	9.70	C	-		
889	98	O	9.70	A	-		
889	99	O	9.70	C	-		
889	100	O	9.70	A	-		
889	101	O	9.70	T	-		
889	102	O	9.70	C	-		
889	103	O	9.70	A	-		
889	104	O	9.70	A	-		
889	105	O	9.70	C	-		
889	106	O	9.70	A	-		
889	107	O	9.70	T	-		
889	108	O	9.70	T	-		
889	109	O	9.70	A	-		
890	0	O	5.55	A	-		
890	1	O	5.55	C	-		
890	2	O	5.55	T	-		
890	3	O	5.55	A	-		
890	4	O	5.55	T	-		
890	5	O	5.55	G	-		
890	6	O	5.55	G	-		
890	7	O	5.55	T	-		
890	8	O	5.55	T	-		
890	9	O	5.55	T	-		
890	10	O	5.55	A	-		
890	11	O	5.55	C	-		
890	12	O	5.55	A	-		
890	13	O	5.55	A	-		
890	14	O	5.55	G	-		
890	15	O	5.55	T	-		
890	16	O	5.55	A	-		
890	17	O	5.55	T	-		
890	18	O	5.55	T	-		
890	19	O	5.55	T	-		
890	20	O	5.55	C	-		
890	21	O	5.55	C	-		
890	22	O	5.55	T	-		
890	23	O	5.55	A	-		
890	24	O	5.55	T	-		
890	25	O	5.55	A	-		
890	26	O	5.55	C	-		
890	27	O	5.55	C	-		
890	28	O	5.55	T	-		
890	29	O	5.55	T	-		
890	30	O	5.55	T	-		
890	31	O	5.55	T	-		
890	32	O	5.55	T	-		
890	33	O	5.55	A	-		
890	34	O	5.55	G	-		
890	35	O	5.55	T	-		
890	36	O	5.55	T	-		
890	37	O	5.55	T	-		
890	38	O	5.55	A	-		
890	39	O	5.55	T	-		
890	40	O	5.55	A	-		
890	41	O	5.55	T	-		
890	42	O	5.55	G	-		
890	43	O	5.55	G	-		
890	44	O	5.55	G	-		
890	45	O	5.55	T	-		
890	46	O	5.55	T	-		
890	47	O	5.55	T	-		
890	48	O	5.55	A	-		
890	49	O	5.55	C	-		
890	50	O	5.55	A	-		
890	51	O	5.55	C	-		
890	52	O	5.55	T	-		
890	53	O	5.55	T	-		
890	54	O	5.55	A	-		
890	55	O	5.55	G	-		
890	56	O	5.55	T	-		
890	57	O	5.55	G	-		
890	58	O	5.55	T	-		
890	59	O	5.55	T	-		
890	60	O	5.55	G	-		
890	61	O	5.55	C	-		
890	62	O	5.55	T	-		
890	63	O	5.55	A	-		
890	64	O	5.55	G	-		
890	65	O	5.55	C	-		
890	66	O	5.55	A	-		
890	67	O	5.55	A	-		
890	68	O	5.55	G	-		
890	69	O	5.55	C	-		
890	70	O	5.55	T	-		
890	71	O	5.55	G	-		
890	72	O	5.55	C	-		
890	73	O	5.55	T	-		
890	74	O	5.55	T	-		
890	75	O	5.55	G	-		
890	76	O	5.55	C	-		
890	77	O	5.55	A	-		
890	78	O	5.55	T	-		
890	79	O	5.55	A	-		
890	80	O	5.55	G	-		
890	81	O	5.55	G	-		
890	82	O	5.55	G	-		
890	83	O	5.55	C	-		
890	84	O	5.55	T	-		
890	85	O	5.55	C	-		
890	86	O	5.55	G	-		
890	87	O	5.55	T	-		
890	88	O	5.55	T	-		
890	89	O	5.55	G	-		
890	90	O	5.55	C	-		
890	91	O	5.55	T	-		
890	92	O	5.55	A	-		
890	93	O	5.55	G	-		
890	94	O	5.55	G	-		
890	95	O	5.55	T	-		
890	96	O	5.55	G	-		
890	97	O	5.55	G	-		
890	98	O	5.55	G	-		
890	99	O	5.55	T	-		
890	100	O	5.55	T	-		
890	101	O	5.55	T	-		
890	102	O	5.55	A	-		
890	103	O	5.55	A	-		
890	104	O	5.55	T	-		
890	105	O	5.55	G	-		
890	106	O	5.55	C	-		
890	107	O	5.55	T	-		
890	108	O	5.55	A	-		
890	109	O	5.55	T	-		
891	0	O	6.93	A	-		
891	1	O	6.93	T	-		
891	2	O	6.93	A	-		
891	3	O	6.93	A	-		
891	4	O	6.93	T	-		
891	5	O	6.93	C	-		
891	6	O	6.93	A	-		
891	7	O	6.93	T	-		
891	8	O	6.93	C	-		
891	9	O	6.93	A	-		
891	10	O	6.93	A	-		
891	11	O	6.93	G	-		
891	12	O	6.93	G	-		
891	13	O	6.93	G	-		
891	14	O	6.93	C	-		
891	15	O	6.93	G	-		
891	16	O	6.93	A	-		
891	17	O	6.93	C	-		
891	18	O	6.93	T	-		
891	19	O	6.93	T	-		
891	20	O	6.93	G	-		
891	21	O	6.93	A	-		
891	22	O	6.93	C	-		
891	23	O	6.93	T	-		
891	24	O	6.93	G	-		
891	25	O	6.93	T	-		
891	26	O	6.93	G	-		
891	27	O	6.93	T	-		
891	28	O	6.93	C	-		
891	29	O	6.93	A	-		
891	30	O	6.93	A	-		
891	31	O	6.93	A	-		
891	32	O	6.93	G	-		
891	33	O	6.93	G	-		
891	34	O	6.93	A	-		
891	35	O	6.93	C	-		
891	36	O	6.93	A	-		
891	37	O	6.93	A	-		
891	38	O	6.93	G	-		
891	39	O	6.93	A	-		
891	40	O	6.93	T	-		
891	41	O	6.93	G	-		
891	42	O	6.93	C	-		
891	43	O	6.93	C	-		
891	44	O	6.93	T	-		
891	45	O	6.93	A	-		
891	46	O	6.93	G	-		
891	47	O	6.93	C	-		
891	48	O	6.93	T	-		
891	49	O	6.93	T	-		
891	50	O	6.93	T	-		
891	51	O	6.93	G	-		
891	52	O	6.93	C	-		
891	53	O	6.93	A	-		
891	54	O	6.93	G	-		
891	55	O	6.93	C	-		
891	56	O	6.93	T	-		
891	57	O	6.93	T	-		
891	58	O	6.93	A	-		
891	59	O	6.93	T	-		
891	60	O	6.93	T	-		
891	61	O	6.93	A	-		
891	62	O	6.93	C	-		
891	63	O	6.93	T	-		
891	64	O	6.93	G	-		
891	65	O	6.93	T	-		
891	66	O	6.93	A	-		
891	67	O	6.93	A	-		
891	68	O	6.93	G	-		
891	69	O	6.93	G	-		
891	70	O	6.93	G	-		
891	71	O	6.93	C	-		
891	72	O	6.93	G	-		
891	73	O	6.93	A	-		
891	74	O	6.93	G	-		
891	75	O	6.93	A	-		
891	76	O	6.93	C	-		
891	77	O	6.93	T	-		
891	78	O	6.93	G	-		
891	79	O	6.93	T	-		
891	80	O	6.93	C	-		
891	81	O	6.93	A	-		
891	82	O	6.93	A	-		
891	83	O	6.93	T	-		
891	84	O	6.93	G	-		
891	85	O	6.93	C	-		
891	86	O	6.93	G	-		
891	87	O	6.93	G	-		
891	88	O	6.93	T	-		
891	89	O	6.93	G	-		
891	90	O	6.93	G	-		
891	91	O	6.93	C	-		
891	92	O	6.93	A	-		
891	93	O	6.93	A	-		
891	94	O	6.93	C	-		
891	95	O	6.93	T	-		
891	96	O	6.93	A	-		
891	97	O	6.93	T	-		
891	98	O	6.93	G	-		
891	99	O	6.93	C	-		
891	100	O	6.93	A	-		
891	101	O	6.93	G	-		
891	102	O	6.93	A	-		
891	103	O	6.93	T	-		
891	104	O	6.93	G	-		
891	105	O	6.93	G	-		
891	106	O	6.93	A	-		
891	107	O	6.93	C	-		
891	108	O	6.93	C	-		
891	109	O	6.93	C	-		
892	0	O	6.93	G	-		
892	1	O	6.93	G	-		
892	2	O	6.93	A	-		
892	3	O	6.93	C	-		
892	4	O	6.93	A	-		
892	5	O	6.93	T	-		
892	6	O	6.93	T	-		
892	7	O	6.93	G	-		
892	8	O	6.93	T	-		
892	9	O	6.93	T	-		
892	10	O	6.93	G	-		
892	11	O	6.93	A	-		
892	12	O	6.93	T	-		
892	13	O	6.93	G	-		
892	14	O	6.93	T	-		
892	15	O	6.93	A	-		
892	16	O	6.93	T	-		
892	17	O	6.93	G	-		
892	18	O	6.93	C	-		
892	19	O	6.93	C	-		
892	20	O	6.93	T	-		
892	21	O	6.93	A	-		
892	22	O	6.93	G	-		
892	23	O	6.93	A	-		
892	24	O	6.93	A	-		
892	25	O	6.93	A	-		
892	26	O	6.93	G	-		
892	27	O	6.93	T	-		
892	28	O	6.93	G	-		
892	29	O	6.93	G	-		
892	30	O	6.93	C	-		
892	31	O	6.93	T	-		
892	32	O	6.93	A	-		
892	33	O	6.93	G	-		
892	34	O	6.93	G	-		
892	35	U	-0.27	G	A		
892	36	O	6.93	C	-		
892	37	O	6.93	A	-		
892	38	O	6.93	T	-		
892	39	O	6.93	T	-		
892	40	O	6.93	C	-		
892	41	O	6.93	G	-		
892	42	O	6.93	T	-		
892	43	O	6.93	G	-		
892	44	O	6.93	A	-		
892	45	O	6.93	G	-		
892	46	O	6.93	C	-		
892	47	O	6.93	C	-		
892	48	O	6.93	C	-		
892	49	O	6.93	G	-		
892	50	O	6.93	A	-		
892	51	O	6.93	A	-		
892	52	O	6.93	T	-		
892	53	O	6.93	G	-		
892	54	O	6.93	G	-		
892	55	O	6.93	C	-		
892	56	O	6.93	A	-		
892	57	O	6.93	T	-		
892	58	O	6.93	G	-		
892	59	O	6.93	A	-		
892	60	O	6.93	C	-		
892	61	O	6.93	T	-		
892	62	O	6.93	A	-		
892	63	O	6.93	G	-		
892	64	O	6.93	A	-		
892	65	O	6.93	T	-		
892	66	O	6.93	A	-		
892	67	O	6.93	T	-		
892	68	O	6.93	T	-		
892	69	O	6.93	C	-		
892	70	O	6.93	A	-		
892	71	O	6.93	T	-		
892	72	O	6.93	A	-		
892	73	O	6.93	T	-		
892	74	O	6.93	A	-		
892	75	O	6.93	G	-		
892	76	O	6.93	T	-		
892	77	O	6.93	C	-		
892	78	O	6.93	C	-		
892	79	O	6.93	G	-		
892	80	O	6.93	A	-		
892	81	O	6.93	A	-		
892	82	O	6.93	G	-		
892	83	O	6.93	C	-		
892	84	O	6.93	G	-		
892	85	O	6.93	T	-		
892	86	O	6.93	G	-		
892	87	O	6.93	T	-		
892	88	O	6.93	A	-		
892	89	O	6.93	T	-		
892	90	O	6.93	G	-		
892	91	O	6.93	A	-		
892	92	O	6.93	A	-		
892	93	O	6.93	A	-		
892	94	O	6.93	T	-		
892	95	O	6.93	G	-		
892	96	O	6.93	C	-		
892	97	O	6.93	T	-		
892	98	O	6.93	G	-		
892	99	O	6.93	T	-		
892	100	O	6.93	C	-		
892	101	O	6.93	T	-		
892	102	O	6.93	T	-		
892	103	O	6.93	C	-		
892	104	O	6.93	C	-		
892	105	O	6.93	A	-		
892	106	O	6.93	T	-		
892	107	O	6.93	T	-		
892	108	O	6.93	C	-		
892	109	O	6.93	T	-		
893	0	O	12.48	T	-		
893	1	O	12.48	G	-		
893	2	O	12.48	C	-		
893	3	O	12.48	A	-		
893	4	O	12.48	A	-		
893	5	O	12.48	C	-		
893	6	O	12.48	A	-		
893	7	O	12.48	G	-		
893	8	O	12.48	C	-		
893	9	O	12.48	C	-		
893	10	O	12.48	G	-		
893	11	O	12.48	C	-		
893	12	O	12.48	G	-		
893	13	O	12.48	G	-		
893	14	O	12.48	G	-		
893	15	O	12.48	C	-		
893	16	O	12.48	G	-		
893	17	O	12.48	T	-		
893	18	O	12.48	T	-		
893	19	O	12.48	T	-		
893	20	O	12.48	A	-		
893	21	O	12.48	C	-		
893	22	O	12.48	G	-		
893	23	O	12.48	A	-		
893	24	O	12.48	C	-		
893	25	O	12.48	T	-		
893	26	O	12.48	C	-		
893	27	O	12.48	C	-		
893	28	O	12.48	G	-		
893	29	O	12.48	C	-		
893	30	O	12.48	C	-		
893	31	O	12.48	C	-		
893	32	O	12.48	G	-		
893	33	O	12.48	G	-		
893	34	O	12.48	C	-		
893	35	O	12.48	T	-		
893	36	O	12.48	A	-		
893	37	O	12.48	G	-		
893	38	O	12.48	C	-		
893	39	O	12.48	T	-		
893	40	O	12.48	C	-		
893	41	O	12.48	G	-		
893	42	O	12.48	C	-		
893	43	O	12.48	C	-		
893	44	O	12.48	G	-		
893	45	O	12.48	C	-		
893	46	O	12.48	C	-		
893	47	O	12.48	C	-		
893	48	O	12.48	G	-		
893	49	O	12.48	G	-		
893	50	O	12.48	C	-		
893	51	O	12.48	C	-		
893	52	O	12.48	G	-		
893	53	O	12.48	A	-		
893	54	O	12.48	G	-		
893	55	O	12.48	G	-		
893	56	O	12.48	G	-		
893	57	O	12.48	A	-		
893	58	O	12.48	T	-		
893	59	O	12.48	T	-		
893	60	O	12.48	G	-		
893	61	O	12.48	G	-		
893	62	O	12.48	T	-		
893	63	O	12.48	A	-		
893	64	O	4.00	A	-		
893	65	O	12.48	T	-		
893	66	O	12.48	A	-		
893	67	O	12.48	A	-		
893	68	O	12.48	T	-		
893	69	O	12.48	C	-		
893	70	O	12.48	T	-		
893	71	O	12.48	G	-		
893	72	O	12.48	A	-		
893	73	O	12.48	T	-		
893	74	O	12.48	C	-		
893	75	O	12.48	A	-		
893	76	O	12.48	C	-		
893	77	O	12.48	A	-		
893	78	O	12.48	G	-		
893	79	O	12.48	A	-		
893	80	O	12.48	T	-		
893	81	O	12.48	C	-		
893	82	O	12.48	G	-		
893	83	O	12.48	T	-		
893	84	O	12.48	A	-		
893	85	O	12.48	C	-		
893	86	O	12.48	C	-		
893	87	O	12.48	T	-		
893	88	O	12.48	G	-		
893	89	O	12.48	T	-		
893	90	O	12.48	C	-		
893	91	O	12.48	C	-		
893	92	O	12.48	T	-		
893	93	O	12.48	G	-		
893	94	O	12.48	A	-		
893	95	O	12.48	T	-		
893	96	O	12.48	T	-		
893	97	O	12.48	G	-		
893	98	O	12.48	G	-		
893	99	O	12.48	C	-		
893	100	O	12.48	A	-		
893	101	O	12.48	A	-		
893	102	O	12.48	T	-		
893	103	O	12.48	G	-		
893	104	O	12.48	G	-		
893	105	O	12.48	C	-		
893	106	O	12.48	C	-		
893	107	O	12.48	G	-		
893	108	O	12.48	C	-		
893	109	O	12.48	A	-		
894	0	O	9.70	T	-		
894	1	O	9.70	G	-		
894	2	O	9.70	T	-		
894	3	O	9.70	T	-		
894	4	O	9.70	C	-		
894	5	O	9.70	A	-		
894	6	O	9.70	T	-		
894	7	O	9.70	C	-		
894	8	O	9.70	G	-		
894	9	O	9.70	T	-		
894	10	O	9.70	A	-		
894	11	O	9.70	G	-		
894	12	O	9.70	G	-		
894	13	O	9.70	C	-		
894	14	O	9.70	C	-		
894	15	O	9.70	G	-		
894	16	O	9.70	G	-		
894	17	O	9.70	T	-		
894	18	O	9.70	C	-		
894	19	O	9.70	G	-		
894	20	O	9.70	G	-		
894	21	O	9.70	A	-		
894	22	O	9.70	T	-		
894	23	O	9.70	G	-		
894	24	O	9.70	G	-		
894	25	O	9.70	G	-		
894	26	O	9.70	T	-		
894	27	O	9.70	T	-		
894	28	O	9.70	G	-		
894	29	O	9.70	C	-		
894	30	O	9.70	T	-		
894	31	O	9.70	G	-		
894	32	O	9.70	C	-		
894	33	O	9.70	G	-		
894	34	O	9.70	C	-		
894	35	O	9.70	G	-		
894	36	O	9.70	C	-		
894	37	O	9.70	G	-		
894	38	O	9.70	G	-		
894	39	O	9.70	C	-		
894	40	O	9.70	C	-		
894	41	O	9.70	G	-		
894	42	O	9.70	C	-		
894	43	O	9.70	C	-		
894	44	O	9.70	C	-		
894	45	O	9.70	T	-		
894	46	O	9.70	G	-		
894	47	O	9.70	T	-		
894	48	O	9.70	A	-		
894	49	O	9.70	G	-		
894	50	O	9.70	T	-		
894	51	O	9.70	T	-		
894	52	O	9.70	G	-		
894	53	O	9.70	G	-		
894	54	O	9.70	T	-		
894	55	O	9.70	C	-		
894	56	O	9.70	G	-		
894	57	O	9.70	G	-		
894	58	O	9.70	A	-		
894	59	O	9.70	T	-		
894	60	O	9.70	G	-		
894	61	O	9.70	T	-		
894	62	O	9.70	G	-		
894	63	O	9.70	C	-		
894	64	O	9.70	G	-		
894	65	O	9.70	C	-		
894	66	O	9.70	T	-		
894	67	O	9.70	G	-		
894	68	O	9.70	G	-		
894	69	O	9.70	C	-		
894	70	O	9.70	G	-		
894	71	O	9.70	C	-		
894	72	O	9.70	T	-		
894	73	O	9.70	G	-		
894	74	O	9.70	A	-		
894	75	O	9.70	G	-		
894	76	O	9.70	T	-		
894	77	O	9.70	C	-		
894	78	O	9.70	T	-		
894	79	O	9.70	G	-		
894	80	O	9.70	G	-		
894	81	O	9.70	C	-		
894	82	O	9.70	G	-		
894	83	O	9.70	G	-		
894	84	O	9.70	T	-		
894	85	O	9.70	C	-		
894	86	O	9.70	G	-		
894	87	O	9.70	C	-		
894	88	O	9.70	T	-		
894	89	O	9.70	C	-		
894	90	O	9.70	C	-		
894	91	O	9.70	G	-		
894	92	O	9.70	C	-		
894	93	O	9.70	T	-		
894	94	O	9.70	G	-		
894	95	O	9.70	G	-		
894	96	O	9.70	C	-		
894	97	O	9.70	T	-		
894	98	O	9.70	G	-		
894	99	O	9.70	G	-		
894	100	O	9.70	A	-		
894	101	O	9.70	G	-		
894	102	O	9.70	T	-		
894	103	O	9.70	G	-		
894	104	O	9.70	C	-		
894	105	O	9.70	T	-		
894	106	O	9.70	T	-		
894	107	O	9.70	C	-		
894	108	O	9.70	T	-		
894	109	O	9.70	G	-		
895	0	O	13.86	T	-		
895	1	O	13.86	G	-		
895	2	O	13.86	C	-		
895	3	O	13.86	T	-		
895	4	O	13.86	G	-		
895	5	O	13.86	G	-		
895	6	O	13.86	G	-		
895	7	O	13.86	C	-		
895	8	O	13.86	G	-		
895	9	O	13.86	A	-		
895	10	O	13.86	G	-		
895	11	O	13.86	C	-		
895	12	O	13.86	G	-		
895	13	O	13.86	A	-		
895	14	O	13.86	G	-		
895	15	O	13.86	T	-		
895	16	O	13.86	C	-		
895	17	O	13.86	G	-		
895	18	O	13.86	G	-		
895	19	O	13.86	C	-		
895	20	O	13.86	C	-		
895	21	O	13.86	G	-		
895	22	O	13.86	G	-		
895	23	O	13.86	C	-		
895	24	O	13.86	G	-		
895	25	O	13.86	A	-		
895	26	O	13.86	G	-		
895	27	O	13.86	T	-		
895	28	O	13.86	C	-		
895	29	O	13.86	T	-		
895	30	O	13.86	G	-		
895	31	O	13.86	C	-		
895	32	O	13.86	C	-		
895	33	O	13.86	G	-		
895	34	O	13.86	A	-		
895	35	O	13.86	G	-		
895	36	O	13.86	C	-		
895	37	O	13.86	T	-		
895	38	O	13.86	G	-		
895	39	O	13.86	G	-		
895	40	O	13.86	C	-		
895	41	O	13.86	C	-		
895	42	O	13.86	G	-		
895	43	O	13.86	C	-		
895	44	O	13.86	T	-		
895	45	O	13.86	G	-		
895	46	O	13.86	C	-		
895	47	O	13.86	T	-		
895	48	O	13.86	G	-		
895	49	O	13.86	C	-		
895	50	O	13.86	C	-		
895	51	O	13.86	G	-		
895	52	O	13.86	C	-		
895	53	O	13.86	C	-		
895	54	O	13.86	G	-		
895	55	O	13.86	C	-		
895	56	O	13.86	C	-		
895	57	O	13.86	G	-		
895	58	O	13.86	C	-		
895	59	O	13.86	C	-		
895	60	O	13.86	A	-		
895	61	O	13.86	C	-		
895	62	O	13.86	C	-		
895	63	O	13.86	A	-		
895	64	O	13.86	G	-		
895	65	O	13.86	A	-		
895	66	O	13.86	G	-		
895	67	O	13.86	G	-		
895	68	O	13.86	G	-		
895	69	O	13.86	T	-		
895	70	O	13.86	T	-		
895	71	O	13.86	C	-		
895	72	O	13.86	T	-		
895	73	O	13.86	G	-		
895	74	O	13.86	C	-		
895	75	O	13.86	G	-		
895	76	O	13.86	C	-		
895	77	O	13.86	G	-		
895	78	O	13.86	C	-		
895	79	O	13.86	C	-		
895	80	O	13.86	C	-		
895	81	O	13.86	G	-		
895	82	O	13.86	T	-		
895	83	O	13.86	C	-		
895	84	O	13.86	T	-		
895	85	O	13.86	G	-		
895	86	O	13.86	G	-		
895	87	O	13.86	C	-		
895	88	O	13.86	C	-		
895	89	O	13.86	G	-		
895	90	O	13.86	G	-		
895	91	O	13.86	C	-		
895	92	O	13.86	G	-		
895	93	O	13.86	A	-		
895	94	O	13.86	G	-		
895	95	O	13.86	C	-		
895	96	O	13.86	G	-		
895	97	O	13.86	C	-		
895	98	O	13.86	G	-		
895	99	O	13.86	A	-		
895	100	O	13.86	A	-		
895	101	O	13.86	C	-		
895	102	O	13.86	T	-		
895	103	O	13.86	G	-		
895	104	O	13.86	C	-		
895	105	O	13.86	T	-		
895	106	O	13.86	G	-		
895	107	O	13.86	C	-		
895	108	O	13.86	T	-		
895	109	O	13.86	G	-		
896	0	O	6.93	T	-		
896	1	O	6.93	G	-		
896	2	O	6.93	C	-		
896	3	O	6.93	C	-		
896	4	O	6.93	G	-		
896	5	O	6.93	C	-		
896	6	O	6.93	T	-		
896	7	O	6.93	G	-		
896	8	O	6.93	C	-		
896	9	O	6.93	T	-		
896	10	O	6.93	G	-		
896	11	O	6.93	A	-		
896	12	O	6.93	G	-		
896	13	O	6.93	T	-		
896	14	O	6.93	G	-		
896	15	O	6.93	T	-		
896	16	O	6.93	G	-		
896	17	O	6.93	A	-		
896	18	O	6.93	C	-		
896	19	O	6.93	G	-		
896	20	O	6.93	G	-		
896	21	O	6.93	T	-		
896	22	O	6.93	G	-		
896	23	O	6.93	A	-		
896	24	O	6.93	G	-		
896	25	O	6.93	C	-		
896	26	O	6.93	A	-		
896	27	O	6.93	A	-		
896	28	O	6.93	G	-		
896	29	O	6.93	G	-		
896	30	O	6.93	A	-		
896	31	O	6.93	C	-		
896	32	O	6.93	T	-		
896	33	O	6.93	T	-		
896	34	O	6.93	C	-		
896	35	O	6.93	T	-		
896	36	O	6.93	A	-		
896	37	O	6.93	C	-		
896	38	O	6.93	G	-		
896	39	O	6.93	C	-		
896	40	O	6.93	G	-		
896	41	O	6.93	C	-		
896	42	O	6.93	T	-		
896	43	O	6.93	C	-		
896	44	O	6.93	G	-		
896	45	O	6.93	T	-		
896	46	O	6.93	C	-		
896	47	O	6.93	G	-		
896	48	O	6.93	A	-		
896	49	O	6.93	C	-		
896	50	O	6.93	G	-		
896	51	O	6.93	G	-		
896	52	O	6.93	C	-		
896	53	O	6.93	T	-		
896	54	O	6.93	A	-		
896	55	O	6.93	C	-		
896	56	O	6.93	G	-		
896	57	O	6.93	A	-		
896	58	O	6.93	C	-		
896	59	O	6.93	T	-		
896	60	O	6.93	T	-		
896	61	O	6.93	T	-		
896	62	O	6.93	C	-		
896	63	O	6.93	G	-		
896	64	O	6.93	C	-		
896	65	O	6.93	G	-		
896	66	O	6.93	C	-		
896	67	O	6.93	C	-		
896	68	O	6.93	A	-		
896	69	O	6.93	T	-		
896	70	O	6.93	C	-		
896	71	O	6.93	A	-		
896	72	O	6.93	G	-		
896	73	O	6.93	C	-		
896	74	O	6.93	T	-		
896	75	O	6.93	C	-		
896	76	O	6.93	G	-		
896	77	O	6.93	C	-		
896	78	O	6.93	T	-		
896	79	O	6.93	A	-		
896	80	O	6.93	G	-		
896	81	O	6.93	C	-		
896	82	O	6.93	C	-		
896	83	O	6.93	G	-		
896	84	O	6.93	A	-		
896	85	O	6.93	C	-		
896	86	O	6.93	T	-		
896	87	O	6.93	A	-		
896	88	O	6.93	C	-		
896	89	O	6.93	G	-		
896	90	O	6.93	T	-		
896	91	O	6.93	C	-		
896	92	O	6.93	C	-		
896	93	O	6.93	A	-		
896	94	O	6.93	C	-		
896	95	O	6.93	C	-		
896	96	O	6.93	T	-		
896	97	O	6.93	G	-		
896	98	O	6.93	C	-		
896	99	O	6.93	C	-		
896	100	O	6.93	A	-		
896	101	O	6.93	G	-		
896	102	O	6.93	C	-		
896	103	O	6.93	C	-		
896	104	O	6.93	T	-		
896	105	O	6.93	T	-		
896	106	O	6.93	C	-		
896	107	O	6.93	G	-		
896	108	O	6.93	A	-		
896	109	O	6.93	C	-		
897	0	O	20.79	G	-		
897	1	O	20.79	T	-		
897	2	O	20.79	C	-		
897	3	O	20.79	G	-		
897	4	O	20.79	A	-		
897	5	O	20.79	G	-		
897	6	O	20.79	T	-		
897	7	O	20.79	A	-		
897	8	O	20.79	C	-		
897	9	O	20.79	G	-		
897	10	O	20.79	A	-		
897	11	O	20.79	A	-		
897	12	O	20.79	G	-		
897	13	O	20.79	T	-		
897	14	O	20.79	T	-		
897	15	O	20.79	G	-		
897	16	O	20.79	C	-		
897	17	O	20.79	C	-		
897	18	O	20.79	A	-		
897	19	O	20.79	T	-		
897	20	O	20.79	C	-		
897	21	O	20.79	G	-		
897	22	O	20.79	G	-		
897	23	O	20.79	C	-		
897	24	O	20.79	A	-		
897	25	O	20.79	T	-		
897	26	O	20.79	C	-		
897	27	O	20.79	G	-		
897	28	O	20.79	A	-		
897	29	O	20.79	T	-		
897	30	O	20.79	C	-		
897	31	O	20.79	T	-		
897	32	O	20.79	G	-		
897	33	O	20.79	C	-		
897	34	O	20.79	A	-		
897	35	O	20.79	T	-		
897	36	O	20.79	C	-		
897	37	O	20.79	C	-		
897	38	O	20.79	C	-		
897	39	O	20.79	A	-		
897	40	O	20.79	A	-		
897	41	O	20.79	G	-		
897	42	O	20.79	G	-		
897	43	O	20.79	T	-		
897	44	O	20.79	C	-		
897	45	O	20.79	A	-		
897	46	O	20.79	T	-		
897	47	O	20.79	C	-		
897	48	O	20.79	T	-		
897	49	O	20.79	T	-		
897	50	O	20.79	C	-		
897	51	O	20.79	A	-		
897	52	O	20.79	A	-		
897	53	O	20.79	G	-		
897	54	O	20.79	C	-		
897	55	O	20.79	A	-		
897	56	O	20.79	T	-		
897	57	O	20.79	G	-		
897	58	O	20.79	C	-		
897	59	O	20.79	C	-		
897	60	O	20.79	G	-		
897	61	O	20.79	T	-		
897	62	O	20.79	G	-		
897	63	O	20.79	C	-		
897	64	O	20.79	G	-		
897	65	O	20.79	C	-		
897	66	O	20.79	C	-		
897	67	O	20.79	T	-		
897	68	O	20.79	C	-		
897	69	O	20.79	G	-		
897	70	O	20.79	T	-		
897	71	O	20.79	C	-		
897	72	O	20.79	C	-		
897	73	O	20.79	T	-		
897	74	O	20.79	G	-		
897	75	O	20.79	C	-		
897	76	O	20.79	T	-		
897	77	O	20.79	G	-		
897	78	O	20.79	G	-		
897	79	O	20.79	A	-		
897	80	O	20.79	A	-		
897	81	O	20.79	G	-		
897	82	O	20.79	A	-		
897	83	O	20.79	A	-		
897	84	O	20.79	G	-		
897	85	O	20.79	C	-		
897	86	O	20.79	C	-		
897	87	O	20.79	G	-		
897	88	O	20.79	G	-		
897	89	O	20.79	C	-		
897	90	O	20.79	A	-		
897	91	O	20.79	C	-		
897	92	O	20.79	C	-		
897	93	O	20.79	A	-		
897	94	O	20.79	A	-		
897	95	O	20.79	T	-		
897	96	O	20.79	C	-		
897	97	O	20.79	C	-		
897	98	O	20.79	G	-		
897	99	O	20.79	A	-		
897	100	O	20.79	G	-		
897	101	O	20.79	G	-		
897	102	O	20.79	T	-		
897	103	O	20.79	C	-		
897	104	O	20.79	C	-		
897	105	O	20.79	G	-		
897	106	O	20.79	G	-		
897	107	O	20.79	C	-		
897	108	O	20.79	A	-		
897	109	O	20.79	C	-		
898	0	O	5.55	T	-		
898	1	O	5.55	A	-		
898	2	O	5.55	C	-		
898	3	O	5.55	A	-		
898	4	O	5.55	C	-		
898	5	O	5.55	A	-		
898	6	O	5.55	C	-		
898	7	O	5.55	G	-		
898	8	O	5.55	G	-		
898	9	O	5.55	C	-		
898	10	O	5.55	C	-		
898	11	O	5.55	A	-		
898	12	O	5.55	A	-		
898	13	O	5.55	T	-		
898	14	O	5.55	T	-		
898	15	O	5.55	C	-		
898	16	O	5.55	G	-		
898	17	O	5.55	T	-		
898	18	O	5.55	G	-		
898	19	O	5.55	C	-		
898	20	O	5.55	A	-		
898	21	O	5.55	C	-		
898	22	O	5.55	C	-		
898	23	O	5.55	A	-		
898	24	O	5.55	G	-		
898	25	O	5.55	C	-		
898	26	O	5.55	C	-		
898	27	O	5.55	G	-		
898	28	O	5.55	C	-		
898	29	O	5.55	T	-		
898	30	O	5.55	A	-		
898	31	O	5.55	C	-		
898	32	O	5.55	G	-		
898	33	O	5.55	G	-		
898	34	O	5.55	A	-		
898	35	O	5.55	C	-		
898	36	O	5.55	G	-		
898	37	O	5.55	C	-		
898	38	O	5.55	T	-		
898	39	O	5.55	G	-		
898	40	O	5.55	C	-		
898	41	O	5.55	T	-		
898	42	O	5.55	G	-		
898	43	O	5.55	G	-		
898	44	O	5.55	C	-		
898	45	O	5.55	G	-		
898	46	O	5.55	A	-		
898	47	O	5.55	A	-		
898	48	O	5.55	T	-		
898	49	O	5.55	G	-		
898	50	O	5.55	C	-		
898	51	O	5.55	G	-		
898	52	O	5.55	C	-		
898	53	O	5.55	A	-		
898	54	O	5.55	T	-		
898	55	O	5.55	C	-		
898	56	O	5.55	C	-		
898	57	O	5.55	G	-		
898	58	O	5.55	A	-		
898	59	O	5.55	T	-		
898	60	O	5.55	A	-		
898	61	O	5.55	C	-		
898	62	O	5.55	G	-		
898	63	O	5.55	G	-		
898	64	O	5.55	A	-		
898	65	O	5.55	T	-		
898	66	O	5.55	T	-		
898	67	O	5.55	G	-		
898	68	O	5.55	G	-		
898	69	O	5.55	C	-		
898	70	O	5.55	C	-		
898	71	O	5.55	G	-		
898	72	O	5.55	A	-		
898	73	O	5.55	A	-		
898	74	O	5.55	C	-		
898	75	O	5.55	A	-		
898	76	O	5.55	T	-		
898	77	O	5.55	C	-		
898	78	O	5.55	T	-		
898	79	O	5.55	C	-		
898	80	O	5.55	A	-		
898	81	O	5.55	T	-		
898	82	O	5.55	C	-		
898	83	O	5.55	A	-		
898	84	O	5.55	G	-		
898	85	O	5.55	A	-		
898	86	O	5.55	T	-		
898	87	O	5.55	T	-		
898	88	O	5.55	T	-		
898	89	O	5.55	G	-		
898	90	O	5.55	G	-		
898	91	O	5.55	C	-		
898	92	O	5.55	G	-		
898	93	O	5.55	C	-		
898	94	O	5.55	T	-		
898	95	O	5.55	C	-		
898	96	O	5.55	C	-		
898	97	O	5.55	G	-		
898	98	O	5.55	T	-		
898	99	O	5.55	C	-		
898	100	O	5.55	G	-		
898	101	O	5.55	G	-		
898	102	O	5.55	C	-		
898	103	O	5.55	C	-		
898	104	O	5.55	T	-		
898	105	O	5.55	T	-		
898	106	O	5.55	A	-		
898	107	O	5.55	T	-		
898	108	O	5.55	T	-		
898	109	O	5.55	T	-		
899	0	O	8.32	G	-		
899	1	O	8.32	A	-		
899	2	O	8.32	G	-		
899	3	O	8.32	T	-		
899	4	O	8.32	C	-		
899	5	O	8.32	G	-		
899	6	O	8.32	A	-		
899	7	O	8.32	G	-		
899	8	O	8.32	G	-		
899	9	O	8.32	T	-		
899	10	O	8.32	C	-		
899	11	O	8.32	T	-		
899	12	O	8.32	G	-		
899	13	O	8.32	T	-		
899	14	O	8.32	G	-		
899	15	O	8.32	A	-		
899	16	O	8.32	C	-		
899	17	O	8.32	C	-		
899	18	O	8.32	A	-		
899	19	O	8.32	A	-		
899	20	O	8.32	A	-		
899	21	O	8.32	T	-		
899	22	O	8.32	C	-		
899	23	O	8.32	G	-		
899	24	O	8.32	G	-		
899	25	O	8.32	G	-		
899	26	O	8.32	C	-		
899	27	O	8.32	A	-		
899	28	O	8.32	T	-		
899	29	O	8.32	C	-		
899	30	O	8.32	T	-		
899	31	O	8.32	C	-		
899	32	O	8.32	C	-		
899	33	O	8.32	A	-		
899	34	O	8.32	G	-		
899	35	O	8.32	G	-		
899	36	O	8.32	T	-		
899	37	O	8.32	T	-		
899	38	O	8.32	C	-		
899	39	O	8.32	A	-		
899	40	O	8.32	C	-		
899	41	O	8.32	C	-		
899	42	O	8.32	T	-		
899	43	O	8.32	G	-		
899	44	O	8.32	A	-		
899	45	O	8.32	A	-		
899	46	O	8.32	G	-		
899	47	O	8.32	C	-		
899	48	O	8.32	A	-		
899	49	U	0.71	G	A		
899	50	O	8.32	G	-		
899	51	O	8.32	T	-		
899	52	O	8.32	C	-		
899	53	O	8.32	G	-		
899	54	O	8.32	A	-		
899	55	O	8.32	G	-		
899	56	O	8.32	C	-		
899	57	O	8.32	T	-		
899	58	O	8.32	C	-		
899	59	O	8.32	C	-		
899	60	O	8.32	G	-		
899	61	O	8.32	G	-		
899	62	O	8.32	C	-		
899	63	O	8.32	A	-		
899	64	O	8.32	A	-		
899	65	O	8.32	G	-		
899	66	O	8.32	A	-		
899	67	O	8.32	A	-		
899	68	O	8.32	A	-		
899	69	O	8.32	T	-		
899	70	O	8.32	T	-		
899	71	O	8.32	C	-		
899	72	O	8.32	G	-		
899	73	O	8.32	G	-		
899	74	O	8.32	A	-		
899	75	O	8.32	T	-		
899	76	O	8.32	C	-		
899	77	O	8.32	G	-		
899	78	O	8.32	T	-		
899	79	O	8.32	C	-		
899	80	O	8.32	T	-		
899	81	O	8.32	T	-		
899	82	O	8.32	C	-		
899	83	O	8.32	G	-		
899	84	O	8.32	A	-		
899	85	O	8.32	G	-		
899	86	O	8.32	C	-		
899	87	O	8.32	A	-		
899	88	O	8.32	T	-		
899	89	O	8.32	G	-		
899	90	O	8.32	A	-		
899	91	O	8.32	G	-		
899	92	O	8.32	C	-		
899	93	O	8.32	T	-		
899	94	O	8.32	G	-		
899	95	O	8.32	G	-		
899	96	O	8.32	T	-		
899	97	O	8.32	C	-		
899	98	O	8.32	A	-		
899	99	O	8.32	G	-		
899	100	O	8.32	A	-		
899	101	O	8.32	A	-		
899	102	O	8.32	C	-		
899	103	O	8.32	T	-		
899	104	O	8.32	G	-		
899	105	O	8.32	G	-		
899	106	O	8.32	T	-		
899	107	O	8.32	G	-		
899	108	O	8.32	G	-		
899	109	O	8.32	C	-		
900	0	O	13.86	G	-		
900	1	O	13.86	G	-		
900	2	O	13.86	C	-		
900	3	O	13.86	A	-		
900	4	O	13.86	A	-		
900	5	O	13.86	A	-		
900	6	O	13.86	C	-		
900	7	O	13.86	A	-		
900	8	O	13.86	G	-		
900	9	O	13.86	A	-		
900	10	O	13.86	C	-		
900	11	O	13.86	G	-		
900	12	O	13.86	G	-		
900	13	O	13.86	C	-		
900	14	O	13.86	C	-		
900	15	O	13.86	A	-		
900	16	O	13.86	C	-		
900	17	O	13.86	T	-		
900	18	O	13.86	A	-		
900	19	O	13.86	T	-		
900	20	O	13.86	G	-		
900	21	O	13.86	C	-		
900	22	O	13.86	G	-		
900	23	O	13.86	C	-		
900	24	O	13.86	G	-		
900	25	O	13.86	C	-		
900	26	O	13.86	A	-		
900	27	O	13.86	A	-		
900	28	O	13.86	A	-		
900	29	O	13.86	C	-		
900	30	O	13.86	A	-		
900	31	O	13.86	A	-		
900	32	O	13.86	G	-		
900	33	O	13.86	C	-		
900	34	O	13.86	C	-		
900	35	O	13.86	G	-		
900	36	O	13.86	C	-		
900	37	O	13.86	C	-		
900	38	O	13.86	A	-		
900	39	O	13.86	G	-		
900	40	O	13.86	T	-		
900	41	O	13.86	C	-		
900	42	O	13.86	G	-		
900	43	O	13.86	C	-		
900	44	O	13.86	C	-		
900	45	O	13.86	A	-		
900	46	O	13.86	A	-		
900	47	O	13.86	C	-		
900	48	O	13.86	T	-		
900	49	O	13.86	G	-		
900	50	O	13.86	A	-		
900	51	O	13.86	T	-		
900	52	O	13.86	A	-		
900	53	O	13.86	G	-		
900	54	O	13.86	A	-		
900	55	O	13.86	T	-		
900	56	O	13.86	C	-		
900	57	O	13.86	C	-		
900	58	O	13.86	T	-		
900	59	O	13.86	T	-		
900	60	O	13.86	C	-		
900	61	O	13.86	G	-		
900	62	O	13.86	C	-		
900	63	O	13.86	C	-		
900	64	O	13.86	C	-		
900	65	O	13.86	G	-		
900	66	O	13.86	A	-		
900	67	O	13.86	T	-		
900	68	O	13.86	C	-		
900	69	O	13.86	T	-		
900	70	O	13.86	C	-		
900	71	O	13.86	C	-		
900	72	O	13.86	G	-		
900	73	O	13.86	A	-		
900	74	O	13.86	G	-		
900	75	O	13.86	C	-		
900	76	O	13.86	C	-		
900	77	O	13.86	C	-		
900	78	O	13.86	G	-		
900	79	O	13.86	T	-		
900	80	O	13.86	G	-		
900	81	O	13.86	A	-		
900	82	O	13.86	T	-		
900	83	O	13.86	G	-		
900	84	O	13.86	G	-		
900	85	O	13.86	T	-		
900	86	O	13.86	T	-		
900	87	O	13.86	G	-		
900	88	O	13.86	G	-		
900	89	O	13.86	C	-		
900	90	O	13.86	T	-		
900	91	O	13.86	G	-		
900	92	O	13.86	G	-		
900	93	O	13.86	C	-		
900	94	O	13.86	G	-		
900	95	O	13.86	C	-		
900	96	O	13.86	C	-		
900	97	O	13.86	T	-		
900	98	O	13.86	G	-		
900	99	O	13.86	C	-		
900	100	O	13.86	T	-		
900	101	O	13.86	C	-		
900	102	O	13.86	G	-		
900	103	O	13.86	A	-		
900	104	O	13.86	G	-		
900	105	O	13.86	T	-		
900	106	O	13.86	A	-		
900	107	O	13.86	T	-		
900	108	O	13.86	C	-		
900	109	O	13.86	G	-		
901	0	O	8.32	T	-		
901	1	O	8.32	A	-		
901	2	O	8.32	G	-		
901	3	O	8.32	A	-		
901	4	O	8.32	T	-		
901	5	O	8.32	G	-		
901	6	O	8.32	T	-		
901	7	O	8.32	C	-		
901	8	O	8.32	C	-		
901	9	O	8.32	G	-		
901	10	O	8.32	G	-		
901	11	O	8.32	G	-		
901	12	O	8.32	T	-		
901	13	O	8.32	G	-		
901	14	O	8.32	G	-		
901	15	O	8.32	A	-		
901	16	O	8.32	G	-		
901	17	O	8.32	A	-		
901	18	O	8.32	T	-		
901	19	O	8.32	C	-		
901	20	O	8.32	A	-		
901	21	O	8.32	C	-		
901	22	O	8.32	C	-		
901	23	O	8.32	A	-		
901	24	O	8.32	C	-		
901	25	O	8.32	C	-		
901	26	O	8.32	G	-		
901	27	O	8.32	A	-		
901	28	O	8.32	T	-		
901	29	O	8.32	C	-		
901	30	O	8.32	G	-		
901	31	O	8.32	C	-		
901	32	O	8.32	C	-		
901	33	O	8.32	G	-		
901	34	O	8.32	A	-		
901	35	O	8.32	G	-		
901	36	O	8.32	G	-		
901	37	O	8.32	G	-		
901	38	O	8.32	T	-		
901	39	O	8.32	T	-		
901	40	O	8.32	T	-		
901	41	O	8.32	A	-		
901	42	O	8.32	T	-		
901	43	O	8.32	A	-		
901	44	O	8.32	T	-		
901	45	O	8.32	T	-		
901	46	O	8.32	C	-		
901	47	O	8.32	G	-		
901	48	O	8.32	G	-		
901	49	O	8.32	T	-		
901	50	O	8.32	C	-		
901	51	O	8.32	G	-		
901	52	O	8.32	G	-		
901	53	O	8.32	A	-		
901	54	O	8.32	A	-		
901	55	O	8.32	G	-		
901	56	O	8.32	A	-		
901	57	O	8.32	C	-		
901	58	O	8.32	C	-		
901	59	O	8.32	G	-		
901	60	O	8.32	G	-		
901	61	O	8.32	T	-		
901	62	O	8.32	G	-		
901	63	O	8.32	G	-		
901	64	O	8.32	A	-		
901	65	O	8.32	G	-		
901	66	O	8.32	A	-		
901	67	O	8.32	A	-		
901	68	O	8.32	A	-		
901	69	O	8.32	A	-		
901	70	O	8.32	C	-		
901	71	O	8.32	G	-		
901	72	O	8.32	T	-		
901	73	O	8.32	A	-		
901	74	O	8.32	G	-		
901	75	O	8.32	C	-		
901	76	O	8.32	G	-		
901	77	O	8.32	T	-		
901	78	O	8.32	G	-		
901	79	O	8.32	T	-		
901	80	O	8.32	G	-		
901	81	O	8.32	T	-		
901	82	O	8.32	T	-		
901	83	O	8.32	G	-		
901	84	O	8.32	C	-		
901	85	O	8.32	T	-		
901	86	O	8.32	A	-		
901	87	O	8.32	C	-		
901	88	O	8.32	C	-		
901	89	O	8.32	T	-		
901	90	O	8.32	A	-		
901	91	O	8.32	C	-		
901	92	O	8.32	C	-		
901	93	O	8.32	T	-		
901	94	O	8.32	A	-		
901	95	O	8.32	G	-		
901	96	O	8.32	T	-		
901	97	O	8.32	G	-		
901	98	O	8.32	A	-		
901	99	O	8.32	T	-		
901	100	O	8.32	G	-		
901	101	O	8.32	C	-		
901	102	O	8.32	T	-		
901	103	O	8.32	C	-		
901	104	O	8.32	G	-		
901	105	O	8.32	A	-		
901	106	O	8.32	C	-		
901	107	O	8.32	G	-		
901	108	O	8.32	G	-		
901	109	O	8.32	A	-		
902	0	O	11.09	A	-		
902	1	O	11.09	T	-		
902	2	O	11.09	G	-		
902	3	O	11.09	C	-		
902	4	O	11.09	C	-		
902	5	O	11.09	G	-		
902	6	O	11.09	A	-		
902	7	O	11.09	G	-		
902	8	O	11.09	C	-		
902	9	O	11.09	G	-		
902	10	O	11.09	T	-		
902	11	O	11.09	C	-		
902	12	O	11.09	G	-		
902	13	O	11.09	C	-		
902	14	O	11.09	G	-		
902	15	O	11.09	T	-		
902	16	O	11.09	C	-		
902	17	O	11.09	G	-		
902	18	O	11.09	A	-		
902	19	O	11.09	T	-		
902	20	O	11.09	G	-		
902	21	O	11.09	A	-		
902	22	O	11.09	A	-		
902	23	O	11.09	C	-		
902	24	O	11.09	C	-		
902	25	O	11.09	G	-		
902	26	O	11.09	G	-		
902	27	O	11.09	C	-		
902	28	O	11.09	C	-		
902	29	O	11.09	C	-		
902	30	O	11.09	T	-		
902	31	O	11.09	C	-		
902	32	O	11.09	G	-		
902	33	O	11.09	T	-		
902	34	O	11.09	A	-		
902	35	O	11.09	C	-		
902	36	O	11.09	T	-		
902	37	O	11.09	C	-		
902	38	O	11.09	G	-		
902	39	O	11.09	T	-		
902	40	O	11.09	A	-		
902	41	O	11.09	C	-		
902	42	O	11.09	C	-		
902	43	O	11.09	A	-		
902	44	O	11.09	G	-		
902	45	O	11.09	C	-		
902	46	O	11.09	C	-		
902	47	O	11.09	G	-		
902	48	O	11.09	G	-		
902	49	O	11.09	C	-		
902	50	O	11.09	C	-		
902	51	O	11.09	A	-		
902	52	O	11.09	G	-		
902	53	O	11.09	C	-		
902	54	O	11.09	G	-		
902	55	O	11.09	C	-		
902	56	O	11.09	G	-		
902	57	O	11.09	G	-		
902	58	O	11.09	C	-		
902	59	O	11.09	G	-		
902	60	O	11.09	A	-		
902	61	O	11.09	T	-		
902	62	O	11.09	G	-		
902	63	O	11.09	T	-		
902	64	O	11.09	T	-		
902	65	O	11.09	C	-		
902	66	O	11.09	G	-		
902	67	O	11.09	G	-		
902	68	O	11.09	G	-		
902	69	O	11.09	A	-		
902	70	O	11.09	A	-		
902	71	O	11.09	G	-		
902	72	O	11.09	C	-		
902	73	O	11.09	C	-		
902	74	O	11.09	G	-		
902	75	O	11.09	C	-		
902	76	O	11.09	G	-		
902	77	O	11.09	C	-		
902	78	O	11.09	T	-		
902	79	O	11.09	C	-		
902	80	O	11.09	G	-		
902	81	O	11.09	G	-		
902	82	O	11.09	A	-		
902	83	O	11.09	C	-		
902	84	O	11.09	A	-		
902	85	O	11.09	G	-		
902	86	O	11.09	G	-		
902	87	O	11.09	A	-		
902	88	O	11.09	A	-		
902	89	O	11.09	G	-		
902	90	O	11.09	C	-		
902	91	O	11.09	G	-		
902	92	O	11.09	C	-		
902	93	O	11.09	A	-		
902	94	O	11.09	G	-		
902	95	O	11.09	C	-		
902	96	O	11.09	A	-		
902	97	O	11.09	G	-		
902	98	O	11.09	C	-		
902	99	O	11.09	T	-		
902	100	O	11.09	C	-		
902	101	O	11.09	G	-		
902	102	O	11.09	A	-		
902	103	O	11.09	G	-		
902	104	O	11.09	C	-		
902	105	O	11.09	T	-		
902	106	O	11.09	C	-		
902	107	O	11.09	G	-		
902	108	O	11.09	G	-		
902	109	O	11.09	G	-		
903	0	O	11.09	A	-		
903	1	O	11.09	A	-		
903	2	O	11.09	G	-		
903	3	O	11.09	G	-		
903	4	O	11.09	A	-		
903	5	O	11.09	G	-		
903	6	O	11.09	G	-		
903	7	O	11.09	T	-		
903	8	O	11.09	G	-		
903	9	O	11.09	T	-		
903	10	O	11.09	A	-		
903	11	O	11.09	G	-		
903	12	O	11.09	T	-		
903	13	O	11.09	A	-		
903	14	O	11.09	T	-		
903	15	O	11.09	G	-		
903	16	O	11.09	A	-		
903	17	O	11.09	G	-		
903	18	O	11.09	A	-		
903	19	O	11.09	T	-		
903	20	O	11.09	C	-		
903	21	O	11.09	C	-		
903	22	O	11.09	A	-		
903	23	O	11.09	G	-		
903	24	O	11.09	C	-		
903	25	O	11.09	A	-		
903	26	O	11.09	G	-		
903	27	O	11.09	T	-		
903	28	O	11.09	A	-		
903	29	O	11.09	G	-		
903	30	O	11.09	T	-		
903	31	O	11.09	A	-		
903	32	O	11.09	G	-		
903	33	O	11.09	G	-		
903	34	O	11.09	A	-		
903	35	O	11.09	G	-		
903	36	O	11.09	A	-		
903	37	O	11.09	T	-		
903	38	E	-6.09	C	T		
903	39	O	11.09	T	-		
903	40	O	11.09	G	-		
903	41	O	11.09	G	-		
903	42	O	11.09	T	-		
903	43	O	11.09	A	-		
903	44	O	11.09	G	-		
903	45	O	11.09	C	-		
903	46	O	11.09	A	-		
903	47	O	11.09	G	-		
903	48	O	11.09	A	-		
903	49	O	11.09	C	-		
903	50	O	11.09	G	-		
903	51	O	11.09	T	-		
903	52	O	11.09	C	-		
903	53	O	11.09	G	-		
903	54	O	11.09	A	-		
903	55	O	11.09	G	-		
903	56	O	11.09	G	-		
903	57	O	11.09	G	-		
903	58	O	11.09	C	-		
903	59	O	11.09	G	-		
903	60	O	11.09	C	-		
903	61	O	11.09	A	-		
903	62	O	11.09	T	-		
903	63	O	11.09	G	-		
903	64	O	11.09	T	-		
903	65	O	11.09	G	-		
903	66	O	11.09	C	-		
903	67	O	11.09	C	-		
903	68	O	11.09	C	-		
903	69	O	11.09	A	-		
903	70	O	11.09	T	-		
903	71	O	11.09	G	-		
903	72	O	11.09	A	-		
903	73	O	11.09	C	-		
903	74	O	11.09	C	-		
903	75	O	11.09	G	-		
903	76	O	11.09	T	-		
903	77	O	11.09	G	-		
903	78	O	11.09	C	-		
903	79	O	11.09	G	-		
903	80	O	11.09	C	-		
903	81	O	11.09	G	-		
903	82	O	11.09	A	-		
903	83	O	11.09	G	-		
903	84	O	11.09	C	-		
903	85	O	11.09	G	-		
903	86	O	11.09	C	-		
903	87	O	11.09	A	-		
903	88	O	11.09	C	-		
903	89	O	11.09	G	-		
903	90	O	11.09	A	-		
903	91	O	11.09	T	-		
903	92	O	11.09	T	-		
903	93	O	11.09	T	-		
903	94	O	11.09	C	-		
903	95	O	11.09	C	-		
903	96	O	11.09	C	-		
903	97	O	11.09	A	-		
903	98	O	11.09	T	-		
903	99	O	11.09	T	-		
903	100	O	11.09	G	-		
903	101	O	11.09	C	-		
903	102	O	11.09	A	-		
903	103	O	11.09	G	-		
903	104	O	11.09	G	-		
903	105	O	11.09	A	-		
903	106	O	11.09	A	-		
903	107	O	11.09	A	-		
903	108	O	11.09	G	-		
903	109	O	11.09	G	-		
904	0	O	5.55	A	-		
904	1	O	5.55	G	-		
904	2	O	5.55	G	-		
904	3	O	5.55	A	-		
904	4	O	5.55	G	-		
904	5	O	5.55	C	-		
904	6	O	5.55	A	-		
904	7	O	5.55	A	-		
904	8	O	5.55	G	-		
904	9	O	5.55	C	-		
904	10	O	5.55	C	-		
904	11	O	5.55	C	-		
904	12	O	5.55	T	-		
904	13	O	5.55	C	-		
904	14	O	5.55	G	-		
904	15	O	5.55	A	-		
904	16	O	5.55	C	-		
904	17	O	5.55	C	-		
904	18	O	5.55	C	-		
904	19	O	5.55	A	-		
904	20	O	5.55	T	-		
904	21	O	5.55	G	-		
904	22	O	5.55	A	-		
904	23	O	5.55	A	-		
904	24	O	5.55	T	-		
904	25	O	5.55	G	-		
904	26	O	5.55	C	-		
904	27	O	5.55	A	-		
904	28	O	5.55	C	-		
904	29	O	5.55	G	-		
904	30	O	5.55	C	-		
904	31	O	5.55	T	-		
904	32	O	5.55	C	-		
904	33	O	5.55	C	-		
904	34	O	5.55	A	-		
904	35	O	5.55	C	-		
904	36	O	5.55	T	-		
904	37	O	5.55	C	-		
904	38	O	5.55	G	-		
904	39	O	5.55	A	-		
904	40	O	5.55	A	-		
904	41	O	5.55	G	-		
904	42	O	5.55	C	-		
904	43	O	5.55	C	-		
904	44	O	5.55	A	-		
904	45	O	5.55	C	-		
904	46	O	5.55	C	-		
904	47	O	5.55	T	-		
904	48	O	5.55	C	-		
904	49	O	5.55	G	-		
904	50	O	5.55	A	-		
904	51	O	5.55	A	-		
904	52	O	5.55	C	-		
904	53	O	5.55	A	-		
904	54	O	5.55	A	-		
904	55	O	5.55	G	-		
904	56	O	5.55	A	-		
904	57	O	5.55	A	-		
904	58	O	5.55	G	-		
904	59	O	5.55	G	-		
904	60	O	5.55	C	-		
904	61	O	5.55	C	-		
904	62	O	5.55	A	-		
904	63	O	5.55	G	-		
904	64	O	5.55	C	-		
904	65	O	5.55	A	-		
904	66	O	5.55	G	-		
904	67	O	5.55	A	-		
904	68	O	5.55	C	-		
904	69	O	5.55	G	-		
904	70	O	5.55	A	-		
904	71	O	5.55	T	-		
904	72	O	5.55	C	-		
904	73	O	5.55	C	-		
904	74	O	5.55	G	-		
904	75	O	5.55	C	-		
904	76	O	5.55	C	-		
904	77	O	5.55	C	-		
904	78	O	5.55	A	-		
904	79	O	5.55	G	-		
904	80	O	5.55	C	-		
904	81	O	5.55	A	-		
904	82	O	5.55	C	-		
904	83	O	5.55	G	-		
904	84	O	5.55	C	-		
904	85	O	5.55	C	-		
904	86	O	5.55	G	-		
904	87	O	5.55	T	-		
904	88	O	5.55	C	-		
904	89	O	5.55	C	-		
904	90	O	5.55	C	-		
904	91	O	5.55	A	-		
904	92	O	5.55	C	-		
904	93	O	5.55	C	-		
904	94	O	5.55	G	-		
904	95	O	5.55	T	-		
904	96	O	5.55	C	-		
904	97	O	5.55	C	-		
904	98	O	5.55	A	-		
904	99	O	5.55	A	-		
904	100	O	5.55	C	-		
904	101	O	5.55	C	-		
904	102	O	5.55	T	-		
904	103	O	5.55	G	-		
904	104	O	5.55	A	-		
904	105	O	5.55	C	-		
904	106	O	5.55	C	-		
904	107	O	5.55	G	-		
904	108	O	5.55	G	-		
904	109	O	5.55	A	-		
905	0	O	6.93	A	-		
905	1	O	6.93	A	-		
905	2	O	6.93	T	-		
905	3	O	6.93	C	-		
905	4	O	6.93	G	-		
905	5	O	6.93	G	-		
905	6	O	6.93	C	-		
905	7	O	6.93	T	-		
905	8	O	6.93	G	-		
905	9	O	6.93	G	-		
905	10	O	6.93	A	-		
905	11	O	6.93	A	-		
905	12	O	6.93	G	-		
905	13	O	6.93	A	-		
905	14	O	6.93	G	-		
905	15	O	6.93	T	-		
905	16	O	6.93	T	-		
905	17	O	6.93	T	-		
905	18	O	6.93	C	-		
905	19	O	6.93	G	-		
905	20	O	6.93	G	-		
905	21	O	6.93	T	-		
905	22	O	6.93	G	-		
905	23	O	6.93	A	-		
905	24	O	6.93	A	-		
905	25	O	6.93	G	-		
905	26	O	6.93	G	-		
905	27	O	6.93	C	-		
905	28	O	6.93	G	-		
905	29	O	6.93	C	-		
905	30	O	6.93	G	-		
905	31	O	6.93	A	-		
905	32	O	6.93	A	-		
905	33	O	6.93	C	-		
905	34	O	6.93	G	-		
905	35	O	6.93	G	-		
905	36	O	6.93	C	-		
905	37	O	6.93	G	-		
905	38	O	6.93	C	-		
905	39	O	6.93	G	-		
905	40	O	6.93	T	-		
905	41	O	6.93	G	-		
905	42	O	6.93	T	-		
905	43	O	6.93	G	-		
905	44	O	6.93	C	-		
905	45	O	6.93	G	-		
905	46	O	6.93	T	-		
905	47	O	6.93	C	-		
905	48	O	6.93	T	-		
905	49	O	6.93	G	-		
905	50	O	6.93	T	-		
905	51	O	6.93	C	-		
905	52	O	6.93	T	-		
905	53	O	6.93	G	-		
905	54	O	6.93	C	-		
905	55	O	6.93	G	-		
905	56	O	6.93	C	-		
905	57	O	6.93	G	-		
905	58	O	6.93	A	-		
905	59	O	6.93	C	-		
905	60	O	6.93	T	-		
905	61	O	6.93	G	-		
905	62	O	6.93	T	-		
905	63	O	6.93	G	-		
905	64	O	6.93	C	-		
905	65	O	6.93	G	-		
905	66	O	6.93	G	-		
905	67	O	6.93	A	-		
905	68	O	6.93	G	-		
905	69	O	6.93	T	-		
905	70	O	6.93	T	-		
905	71	O	6.93	A	-		
905	72	O	6.93	T	-		
905	73	O	6.93	G	-		
905	74	O	6.93	A	-		
905	75	O	6.93	A	-		
905	76	O	6.93	A	-		
905	77	O	6.93	C	-		
905	78	O	6.93	T	-		
905	79	O	6.93	C	-		
905	80	O	6.93	G	-		
905	81	O	6.93	A	-		
905	82	O	6.93	C	-		
905	83	O	6.93	G	-		
905	84	O	6.93	A	-		
905	85	O	6.93	G	-		
905	86	O	6.93	C	-		
905	87	O	6.93	G	-		
905	88	O	6.93	C	-		
905	89	O	6.93	G	-		
905	90	O	6.93	A	-		
905	91	O	6.93	C	-		
905	92	O	6.93	G	-		
905	93	O	6.93	A	-		
905	94	O	6.93	C	-		
905	95	O	6.93	A	-		
905	96	O	6.93	A	-		
905	97	U	-0.27	C	A		
905	98	O	6.93	G	-		
905	99	O	6.93	A	-		
905	100	O	6.93	C	-		
905	101	O	6.93	G	-		
905	102	O	6.93	A	-		
905	103	O	6.93	C	-		
905	104	O	6.93	G	-		
905	105	O	6.93	C	-		
905	106	O	6.93	T	-		
905	107	O	6.93	C	-		
905	108	O	6.93	A	-		
905	109	O	6.93	T	-		
906	0	O	5.55	G	-		
906	1	O	5.55	G	-		
906	2	O	5.55	C	-		
906	3	O	5.55	C	-		
906	4	O	5.55	T	-		
906	5	O	5.55	C	-		
906	6	O	5.55	C	-		
906	7	O	5.55	A	-		
906	8	O	5.55	T	-		
906	9	O	5.55	A	-		
906	10	O	5.55	G	-		
906	11	O	5.55	G	-		
906	12	O	5.55	C	-		
906	13	O	5.55	A	-		
906	14	O	5.55	C	-		
906	15	O	5.55	G	-		
906	16	O	5.55	G	-		
906	17	O	5.55	A	-		
906	18	O	5.55	A	-		
906	19	O	5.55	G	-		
906	20	O	5.55	A	-		
906	21	O	5.55	C	-		
906	22	O	5.55	A	-		
906	23	O	5.55	T	-		
906	24	O	5.55	C	-		
906	25	O	5.55	A	-		
906	26	O	5.55	C	-		
906	27	O	5.55	A	-		
906	28	O	5.55	G	-		
906	29	O	5.55	A	-		
906	30	O	5.55	A	-		
906	31	O	5.55	C	-		
906	32	O	5.55	G	-		
906	33	O	5.55	C	-		
906	34	O	5.55	A	-		
906	35	O	5.55	T	-		
906	36	O	5.55	T	-		
906	37	O	5.55	G	-		
906	38	O	5.55	C	-		
906	39	O	5.55	C	-		
906	40	O	5.55	T	-		
906	41	O	5.55	G	-		
906	42	O	5.55	A	-		
906	43	O	5.55	T	-		
906	44	O	5.55	A	-		
906	45	O	5.55	C	-		
906	46	O	5.55	C	-		
906	47	O	5.55	C	-		
906	48	O	5.55	T	-		
906	49	O	5.55	C	-		
906	50	O	5.55	C	-		
906	51	O	5.55	C	-		
906	52	O	5.55	A	-		
906	53	O	5.55	T	-		
906	54	O	5.55	C	-		
906	55	O	5.55	T	-		
906	56	O	5.55	C	-		
906	57	O	5.55	C	-		
906	58	O	5.55	A	-		
906	59	O	5.55	G	-		
906	60	O	5.55	T	-		
906	61	O	5.55	G	-		
906	62	O	5.55	T	-		
906	63	O	5.55	G	-		
906	64	O	5.55	C	-		
906	65	O	5.55	T	-		
906	66	O	5.55	A	-		
906	67	O	5.55	G	-		
906	68	O	5.55	T	-		
906	69	O	5.55	C	-		
906	70	O	5.55	G	-		
906	71	O	5.55	T	-		
906	72	O	5.55	C	-		
906	73	O	5.55	C	-		
906	74	O	5.55	G	-		
906	75	O	5.55	T	-		
906	76	O	5.55	C	-		
906	77	O	5.55	G	-		
906	78	O	5.55	C	-		
906	79	O	5.55	C	-		
906	80	O	5.55	G	-		
906	81	O	5.55	T	-		
906	82	O	5.55	T	-		
906	83	O	5.55	G	-		
906	84	O	5.55	C	-		
906	85	O	5.55	C	-		
906	86	O	5.55	C	-		
906	87	O	5.55	A	-		
906	88	O	5.55	T	-		
906	89	O	5.55	T	-		
906	90	O	5.55	A	-		
906	91	O	5.55	G	-		
906	92	O	5.55	A	-		
906	93	O	5.55	A	-		
906	94	O	5.55	G	-		
906	95	O	5.55	G	-		
906	96	O	5.55	A	-		
906	97	O	5.55	T	-		
906	98	O	5.55	C	-		
906	99	O	5.55	A	-		
906	100	O	5.55	T	-		
906	101	O	5.55	T	-		
906	102	O	5.55	G	-		
906	103	O	5.55	C	-		
906	104	O	5.55	T	-		
906	105	O	5.55	C	-		
906	106	O	5.55	T	-		
906	107	O	5.55	G	-		
906	108	O	5.55	C	-		
906	109	O	5.55	A	-		
907	0	O	9.70	A	-		
907	1	O	9.70	A	-		
907	2	O	9.70	G	-		
907	3	O	9.70	G	-		
907	4	O	9.70	G	-		
907	5	O	9.70	A	-		
907	6	O	9.70	C	-		
907	7	O	9.70	A	-		
907	8	O	9.70	C	-		
907	9	O	9.70	A	-		
907	10	O	9.70	G	-		
907	11	O	9.70	C	-		
907	12	O	9.70	C	-		
907	13	O	9.70	C	-		
907	14	O	9.70	A	-		
907	15	O	9.70	T	-		
907	16	O	9.70	T	-		
907	17	O	9.70	A	-		
907	18	O	9.70	T	-		
907	19	O	9.70	T	-		
907	20	O	9.70	C	-		
907	21	O	9.70	A	-		
907	22	O	9.70	A	-		
907	23	O	9.70	T	-		
907	24	O	9.70	T	-		
907	25	O	9.70	C	-		
907	26	O	9.70	A	-		
907	27	O	9.70	T	-		
907	28	O	9.70	C	-		
907	29	O	9.70	C	-		
907	30	O	9.70	C	-		
907	31	O	9.70	A	-		
907	32	O	9.70	A	-		
907	33	O	9.70	C	-		
907	34	O	9.70	A	-		
907	35	O	9.70	A	-		
907	36	O	9.70	G	-		
907	37	O	9.70	T	-		
907	38	O	9.70	G	-		
907	39	O	9.70	G	-		
907	40	O	9.70	G	-		
907	41	O	9.70	C	-		
907	42	O	9.70	T	-		
907	43	O	9.70	C	-		
907	44	O	9.70	A	-		
907	45	O	9.70	T	-		
907	46	O	9.70	G	-		
907	47	O	9.70	T	-		
907	48	O	9.70	G	-		
907	49	O	9.70	T	-		
907	50	O	9.70	T	-		
907	51	O	9.70	T	-		
907	52	O	9.70	A	-		
907	53	O	9.70	A	-		
907	54	O	9.70	T	-		
907	55	O	9.70	T	-		
907	56	O	9.70	T	-		
907	57	O	9.70	T	-		
907	58	O	9.70	T	-		
907	59	O	9.70	T	-		
907	60	O	9.70	C	-		
907	61	O	9.70	A	-		
907	62	O	9.70	G	-		
907	63	O	9.70	G	-		
907	64	O	9.70	A	-		
907	65	O	9.70	G	-		
907	66	O	9.70	G	-		
907	67	O	9.70	G	-		
907	68	O	9.70	A	-		
907	69	O	9.70	A	-		
907	70	O	9.70	G	-		
907	71	O	9.70	C	-		
907	72	O	9.70	T	-		
907	73	O	9.70	G	-		
907	74	O	9.70	C	-		
907	75	O	9.70	C	-		
907	76	O	9.70	C	-		
907	77	O	9.70	A	-		
907	78	O	9.70	T	-		
907	79	O	9.70	G	-		
907	80	O	9.70	A	-		
907	81	O	9.70	C	-		
907	82	O	9.70	A	-		
907	83	O	9.70	T	-		
907	84	O	9.70	G	-		
907	85	O	9.70	G	-		
907	86	O	9.70	T	-		
907	87	O	9.70	A	-		
907	88	O	9.70	T	-		
907	89	O	9.70	C	-		
907	90	O	9.70	C	-		
907	91	O	9.70	A	-		
907	92	O	9.70	C	-		
907	93	O	9.70	A	-		
907	94	O	9.70	G	-		
907	95	O	9.70	G	-		
907	96	O	9.70	A	-		
907	97	O	9.70	C	-		
907	98	O	9.70	T	-		
907	99	O	9.70	A	-		
907	100	O	9.70	C	-		
907	101	O	9.70	C	-		
907	102	O	9.70	T	-		
907	103	O	9.70	G	-		
907	104	O	9.70	G	-		
907	105	O	9.70	C	-		
907	106	O	9.70	T	-		
907	107	O	9.70	A	-		
907	108	O	9.70	A	-		
907	109	O	9.70	G	-		
908	0	O	12.48	C	-		
908	1	O	12.48	C	-		
908	2	O	12.48	C	-		
908	3	O	12.48	G	-		
908	4	O	12.48	G	-		
908	5	O	12.48	C	-		
908	6	O	12.48	A	-		
908	7	O	12.48	A	-		
908	8	O	12.48	A	-		
908	9	O	12.48	C	-		
908	10	O	12.48	G	-		
908	11	O	12.48	G	-		
908	12	O	12.48	G	-		
908	13	O	12.48	C	-		
908	14	O	12.48	C	-		
908	15	O	12.48	A	-		
908	16	O	12.48	G	-		
908	17	O	12.48	G	-		
908	18	O	12.48	G	-		
908	19	O	12.48	A	-		
908	20	O	12.48	A	-		
908	21	O	12.48	A	-		
908	22	O	12.48	A	-		
908	23	O	12.48	T	-		
908	24	O	12.48	C	-		
908	25	O	12.48	C	-		
908	26	O	12.48	G	-		
908	27	O	12.48	C	-		
908	28	O	12.48	A	-		
908	29	O	12.48	C	-		
908	30	O	12.48	T	-		
908	31	O	12.48	T	-		
908	32	O	12.48	C	-		
908	33	O	12.48	T	-		
908	34	O	12.48	T	-		
908	35	O	12.48	C	-		
908	36	O	12.48	A	-		
908	37	O	12.48	T	-		
908	38	O	12.48	T	-		
908	39	O	12.48	T	-		
908	40	O	12.48	G	-		
908	41	O	12.48	G	-		
908	42	O	12.48	C	-		
908	43	O	12.48	A	-		
908	44	O	12.48	A	-		
908	45	O	4.00	T	-		
908	46	O	12.48	A	-		
908	47	O	12.48	T	-		
908	48	O	12.48	T	-		
908	49	O	12.48	T	-		
908	50	O	12.48	A	-		
908	51	O	12.48	C	-		
908	52	O	12.48	G	-		
908	53	O	12.48	A	-		
908	54	O	12.48	A	-		
908	55	O	12.48	T	-		
908	56	O	12.48	G	-		
908	57	O	12.48	A	-		
908	58	O	12.48	A	-		
908	59	O	12.48	A	-		
908	60	O	12.48	A	-		
908	61	O	12.48	A	-		
908	62	O	12.48	G	-		
908	63	O	12.48	T	-		
908	64	O	12.48	G	-		
908	65	O	12.48	G	-		
908	66	O	12.48	A	-		
908	67	O	12.48	G	-		
908	68	O	12.48	C	-		
908	69	O	12.48	C	-		
908	70	O	12.48	A	-		
908	71	O	12.48	C	-		
908	72	O	12.48	T	-		
908	73	O	12.48	G	-		
908	74	O	12.48	T	-		
908	75	O	12.48	C	-		
908	76	O	12.48	T	-		
908	77	O	12.48	G	-		
908	78	O	12.48	T	-		
908	79	O	12.48	T	-		
908	80	O	12.48	T	-		
908	81	O	12.48	G	-		
908	82	O	12.48	A	-		
908	83	O	12.48	C	-		
908	84	O	12.48	T	-		
908	85	O	12.48	G	-		
908	86	O	12.48	A	-		
908	87	O	12.48	T	-		
908	88	O	12.48	G	-		
908	89	O	12.48	T	-		
908	90	O	12.48	A	-		
908	91	O	12.48	C	-		
908	92	O	12.48	G	-		
908	93	O	12.48	A	-		
908	94	O	12.48	A	-		
908	95	O	12.48	G	-		
908	96	O	12.48	T	-		
908	97	O	12.48	A	-		
908	98	O	12.48	G	-		
908	99	O	12.48	G	-		
908	100	O	12.48	G	-		
908	101	O	12.48	C	-		
908	102	O	12.48	T	-		
908	103	O	12.48	G	-		
908	104	O	12.48	G	-		
908	105	O	12.48	A	-		
908	106	O	12.48	T	-		
908	107	O	12.48	C	-		
908	108	O	12.48	C	-		
908	109	O	12.48	G	-		
909	0	O	11.09	T	-		
909	1	O	11.09	G	-		
909	2	O	11.09	T	-		
909	3	O	11.09	T	-		
909	4	O	11.09	T	-		
909	5	O	11.09	G	-		
909	6	O	11.09	T	-		
909	7	O	11.09	G	-		
909	8	O	11.09	A	-		
909	9	O	11.09	A	-		
909	10	O	11.09	T	-		
909	11	O	11.09	C	-		
909	12	O	11.09	T	-		
909	13	O	11.09	C	-		
909	14	O	11.09	C	-		
909	15	O	11.09	G	-		
909	16	O	11.09	A	-		
909	17	O	11.09	T	-		
909	18	O	11.09	G	-		
909	19	O	11.09	T	-		
909	20	O	11.09	G	-		
909	21	O	11.09	G	-		
909	22	O	11.09	C	-		
909	23	O	11.09	G	-		
909	24	O	11.09	C	-		
909	25	O	11.09	A	-		
909	26	O	11.09	A	-		
909	27	O	11.09	A	-		
909	28	O	11.09	T	-		
909	29	O	11.09	G	-		
909	30	O	11.09	A	-		
909	31	O	11.09	G	-		
909	32	O	11.09	A	-		
909	33	O	11.09	T	-		
909	34	O	11.09	A	-		
909	35	O	11.09	C	-		
909	36	O	11.09	G	-		
909	37	O	11.09	C	-		
909	38	O	11.09	A	-		
909	39	O	11.09	A	-		
909	40	O	11.09	A	-		
909	41	O	11.09	C	-		
909	42	O	11.09	T	-		
909	43	O	11.09	T	-		
909	44	O	11.09	G	-		
909	45	O	11.09	T	-		
909	46	O	11.09	A	-		
909	47	O	11.09	T	-		
909	48	O	11.09	T	-		
909	49	O	11.09	C	-		
909	50	O	11.09	A	-		
909	51	O	11.09	A	-		
909	52	O	11.09	G	-		
909	53	O	11.09	A	-		
909	54	O	11.09	C	-		
909	55	O	11.09	C	-		
909	56	O	11.09	G	-		
909	57	O	11.09	C	-		
909	58	O	11.09	A	-		
909	59	O	11.09	A	-		
909	60	O	11.09	A	-		
909	61	O	11.09	A	-		
909	62	O	11.09	A	-		
909	63	O	11.09	C	-		
909	64	O	11.09	C	-		
909	65	O	11.09	T	-		
909	66	O	11.09	G	-		
909	67	O	11.09	C	-		
909	68	O	11.09	G	-		
909	69	O	11.09	A	-		
909	70	O	11.09	G	-		
909	71	O	11.09	T	-		
909	72	O	11.09	G	-		
909	73	O	11.09	C	-		
909	74	O	11.09	T	-		
909	75	O	11.09	T	-		
909	76	O	11.09	C	-		
909	77	O	11.09	T	-		
909	78	O	11.09	T	-		
909	79	O	11.09	C	-		
909	80	O	11.09	T	-		
909	81	O	11.09	G	-		
909	82	O	11.09	C	-		
909	83	O	11.09	A	-		
909	84	O	11.09	A	-		
909	85	O	11.09	G	-		
909	86	O	11.09	C	-		
909	87	O	11.09	A	-		
909	88	O	11.09	C	-		
909	89	O	11.09	G	-		
909	90	O	11.09	T	-		
909	91	O	11.09	C	-		
909	92	O	11.09	T	-		
909	93	O	11.09	G	-		
909	94	O	11.09	A	-		
909	95	O	11.09	C	-		
909	96	O	11.09	G	-		
909	97	O	11.09	T	-		
909	98	O	11.09	C	-		
909	99	O	11.09	T	-		
909	100	O	11.09	T	-		
909	101	O	11.09	T	-		
909	102	O	11.09	C	-		
909	103	O	11.09	G	-		
909	104	O	11.09	G	-		
909	105	O	11.09	T	-		
909	106	O	11.09	G	-		
909	107	O	11.09	C	-		
909	108	O	11.09	C	-		
909	109	O	11.09	C	-		
910	0	O	5.55	G	-		
910	1	O	5.55	A	-		
910	2	O	5.55	C	-		
910	3	O	5.55	G	-		
910	4	O	5.55	A	-		
910	5	O	5.55	T	-		
910	6	O	5.55	G	-		
910	7	O	5.55	A	-		
910	8	O	5.55	G	-		
910	9	O	5.55	A	-		
910	10	O	5.55	G	-		
910	11	O	5.55	A	-		
910	12	O	5.55	C	-		
910	13	O	5.55	A	-		
910	14	O	5.55	A	-		
910	15	O	5.55	G	-		
910	16	O	5.55	A	-		
910	17	O	5.55	C	-		
910	18	O	5.55	A	-		
910	19	O	5.55	T	-		
910	20	O	5.55	G	-		
910	21	O	5.55	G	-		
910	22	O	5.55	C	-		
910	23	O	5.55	A	-		
910	24	O	5.55	G	-		
910	25	O	5.55	C	-		
910	26	O	5.55	T	-		
910	27	O	5.55	G	-		
910	28	O	5.55	C	-		
910	29	O	5.55	A	-		
910	30	O	5.55	A	-		
910	31	O	5.55	C	-		
910	32	O	5.55	A	-		
910	33	O	5.55	T	-		
910	34	O	5.55	A	-		
910	35	O	5.55	A	-		
910	36	O	5.55	G	-		
910	37	O	5.55	A	-		
910	38	O	5.55	A	-		
910	39	O	5.55	T	-		
910	40	O	5.55	T	-		
910	41	O	5.55	G	-		
910	42	O	5.55	T	-		
910	43	O	5.55	C	-		
910	44	O	5.55	G	-		
910	45	O	5.55	T	-		
910	46	O	5.55	C	-		
910	47	O	5.55	G	-		
910	48	O	5.55	A	-		
910	49	O	5.55	T	-		
910	50	O	5.55	A	-		
910	51	O	5.55	G	-		
910	52	O	5.55	A	-		
910	53	O	5.55	G	-		
910	54	O	5.55	T	-		
910	55	O	5.55	T	-		
910	56	O	5.55	G	-		
910	57	O	5.55	T	-		
910	58	O	5.55	G	-		
910	59	O	5.55	G	-		
910	60	O	5.55	A	-		
910	61	O	5.55	T	-		
910	62	O	5.55	G	-		
910	63	O	5.55	T	-		
910	64	O	5.55	G	-		
910	65	O	5.55	G	-		
910	66	O	5.55	C	-		
910	67	O	5.55	C	-		
910	68	O	5.55	G	-		
910	69	O	5.55	C	-		
910	70	O	5.55	C	-		
910	71	O	5.55	T	-		
910	72	O	5.55	A	-		
910	73	O	5.55	T	-		
910	74	O	5.55	G	-		
910	75	O	5.55	G	-		
910	76	O	5.55	C	-		
910	77	O	5.55	A	-		
910	78	O	5.55	A	-		
910	79	O	5.55	G	-		
910	80	O	5.55	G	-		
910	81	O	5.55	C	-		
910	82	O	5.55	C	-		
910	83	O	5.55	A	-		
910	84	O	5.55	G	-		
910	85	O	5.55	A	-		
910	86	O	5.55	C	-		
910	87	O	5.55	A	-		
910	88	O	5.55	G	-		
910	89	O	5.55	C	-		
910	90	O	5.55	A	-		
910	91	O	5.55	C	-		
910	92	O	5.55	T	-		
910	93	O	5.55	G	-		
910	94	O	5.55	C	-		
910	95	O	5.55	A	-		
910	96	O	5.55	G	-		
910	97	O	5.55	T	-		
910	98	O	5.55	C	-		
910	99	O	5.55	G	-		
910	100	O	5.55	G	-		
910	101	O	5.55	A	-		
910	102	O	5.55	C	-		
910	103	O	5.55	T	-		
910	104	O	5.55	A	-		
910	105	O	5.55	T	-		
910	106	O	5.55	T	-		
910	107	O	5.55	G	-		
910	108	O	5.55	G	-		
910	109	O	5.55	C	-		
911	0	O	9.70	C	-		
911	1	O	9.70	T	-		
911	2	O	9.70	G	-		
911	3	O	9.70	C	-		
911	4	O	9.70	A	-		
911	5	O	9.70	A	-		
911	6	O	9.70	C	-		
911	7	O	9.70	T	-		
911	8	O	9.70	G	-		
911	9	O	9.70	C	-		
911	10	O	9.70	T	-		
911	11	O	9.70	A	-		
911	12	O	9.70	G	-		
911	13	O	9.70	A	-		
911	14	O	9.70	C	-		
911	15	O	9.70	G	-		
911	16	O	9.70	T	-		
911	17	O	9.70	A	-		
911	18	O	9.70	C	-		
911	19	O	9.70	A	-		
911	20	O	9.70	C	-		
911	21	O	9.70	T	-		
911	22	O	9.70	T	-		
911	23	O	9.70	T	-		
911	24	O	9.70	G	-		
911	25	O	9.70	G	-		
911	26	O	9.70	T	-		
911	27	O	9.70	T	-		
911	28	O	9.70	A	-		
911	29	O	9.70	T	-		
911	30	O	9.70	A	-		
911	31	O	9.70	T	-		
911	32	O	9.70	G	-		
911	33	O	9.70	A	-		
911	34	O	9.70	C	-		
911	35	O	9.70	T	-		
911	36	O	9.70	A	-		
911	37	O	9.70	G	-		
911	38	O	9.70	G	-		
911	39	O	9.70	T	-		
911	40	O	9.70	A	-		
911	41	O	9.70	T	-		
911	42	O	9.70	A	-		
911	43	O	9.70	T	-		
911	44	O	9.70	C	-		
911	45	O	9.70	G	-		
911	46	O	9.70	C	-		
911	47	O	9.70	G	-		
911	48	O	9.70	T	-		
911	49	O	9.70	G	-		
911	50	O	9.70	C	-		
911	51	O	9.70	A	-		
911	52	O	9.70	T	-		
911	53	O	9.70	C	-		
911	54	O	9.70	C	-		
911	55	O	9.70	G	-		
911	56	O	9.70	G	-		
911	57	O	9.70	T	-		
911	58	O	9.70	A	-		
911	59	O	9.70	G	-		
911	60	O	9.70	T	-		
911	61	O	9.70	T	-		
911	62	O	9.70	G	-		
911	63	O	9.70	A	-		
911	64	O	9.70	G	-		
911	65	O	9.70	C	-		
911	66	O	9.70	C	-		
911	67	O	9.70	T	-		
911	68	O	9.70	C	-		
911	69	O	9.70	G	-		
911	70	O	9.70	C	-		
911	71	O	9.70	A	-		
911	72	O	9.70	A	-		
911	73	U	1.77	T	A		
911	74	O	9.70	G	-		
911	75	O	9.70	A	-		
911	76	O	9.70	G	-		
911	77	O	9.70	C	-		
911	78	O	9.70	C	-		
911	79	O	9.70	T	-		
911	80	O	9.70	A	-		
911	81	O	9.70	C	-		
911	82	O	9.70	A	-		
911	83	O	9.70	C	-		
911	84	O	9.70	T	-		
911	85	O	9.70	T	-		
911	86	O	9.70	C	-		
911	87	O	9.70	T	-		
911	88	O	9.70	A	-		
911	89	O	9.70	C	-		
911	90	O	9.70	C	-		
911	91	O	9.70	A	-		
911	92	O	9.70	A	-		
911	93	O	9.70	G	-		
911	94	O	9.70	A	-		
911	95	O	9.70	A	-		
911	96	O	9.70	C	-		
911	97	O	9.70	A	-		
911	98	O	9.70	C	-		
911	99	O	9.70	C	-		
911	100	O	9.70	A	-		
911	101	O	9.70	T	-		
911	102	O	9.70	C	-		
911	103	U	1.77	C	A		
911	104	O	9.70	G	-		
911	105	U	1.77	A	C		
911	106	O	9.70	G	-		
911	107	O	9.70	C	-		
911	108	O	9.70	T	-		
911	109	U	1.77	T	G		
912	0	O	9.70	T	-		
912	1	O	9.70	G	-		
912	2	O	9.70	G	-		
912	3	O	9.70	C	-		
912	4	O	9.70	T	-		
912	5	O	9.70	G	-		
912	6	O	9.70	C	-		
912	7	O	9.70	C	-		
912	8	O	9.70	A	-		
912	9	O	9.70	C	-		
912	10	O	9.70	T	-		
912	11	O	9.70	A	-		
912	12	O	9.70	T	-		
912	13	O	9.70	T	-		
912	14	O	9.70	G	-		
912	15	O	9.70	C	-		
912	16	O	9.70	A	-		
912	17	O	9.70	A	-		
912	18	O	9.70	T	-		
912	19	O	9.70	A	-		
912	20	O	9.70	A	-		
912	21	O	9.70	C	-		
912	22	O	9.70	A	-		
912	23	O	9.70	A	-		
912	24	O	9.70	A	-		
912	25	O	9.70	A	-		
912	26	O	9.70	A	-		
912	27	O	9.70	A	-		
912	28	O	9.70	G	-		
912	29	O	9.70	G	-		
912	30	O	9.70	A	-		
912	31	O	9.70	G	-		
912	32	O	9.70	T	-		
912	33	O	9.70	C	-		
912	34	O	9.70	C	-		
912	35	O	9.70	A	-		
912	36	O	9.70	T	-		
912	37	O	9.70	G	-		
912	38	O	9.70	G	-		
912	39	O	9.70	C	-		
912	40	O	9.70	C	-		
912	41	O	9.70	C	-		
912	42	U	1.77	A	C		
912	43	O	9.70	A	-		
912	44	O	9.70	C	-		
912	45	O	9.70	C	-		
912	46	O	9.70	A	-		
912	47	O	9.70	C	-		
912	48	O	9.70	T	-		
912	49	O	9.70	C	-		
912	50	O	9.70	T	-		
912	51	O	9.70	G	-		
912	52	O	9.70	A	-		
912	53	O	9.70	T	-		
912	54	O	9.70	T	-		
912	55	O	9.70	G	-		
912	56	O	9.70	T	-		
912	57	O	9.70	G	-		
912	58	O	9.70	T	-		
912	59	O	9.70	C	-		
912	60	O	9.70	T	-		
912	61	O	9.70	T	-		
912	62	O	9.70	G	-		
912	63	O	9.70	C	-		
912	64	O	9.70	T	-		
912	65	O	9.70	A	-		
912	66	O	9.70	A	-		
912	67	O	9.70	G	-		
912	68	O	9.70	T	-		
912	69	O	9.70	C	-		
912	70	O	9.70	T	-		
912	71	O	9.70	C	-		
912	72	O	9.70	T	-		
912	73	O	9.70	T	-		
912	74	O	9.70	T	-		
912	75	O	9.70	T	-		
912	76	O	9.70	T	-		
912	77	O	9.70	C	-		
912	78	O	9.70	A	-		
912	79	O	9.70	C	-		
912	80	O	9.70	A	-		
912	81	O	9.70	T	-		
912	82	O	9.70	G	-		
912	83	O	9.70	G	-		
912	84	O	9.70	G	-		
912	85	O	9.70	A	-		
912	86	O	9.70	T	-		
912	87	O	9.70	C	-		
912	88	O	9.70	C	-		
912	89	O	9.70	A	-		
912	90	O	9.70	A	-		
912	91	O	9.70	C	-		
912	92	O	9.70	G	-		
912	93	O	9.70	A	-		
912	94	O	9.70	C	-		
912	95	O	9.70	A	-		
912	96	O	9.70	C	-		
912	97	O	9.70	C	-		
912	98	O	9.70	A	-		
912	99	O	9.70	T	-		
912	100	O	9.70	T	-		
912	101	O	9.70	C	-		
912	102	O	9.70	C	-		
912	103	O	9.70	A	-		
912	104	O	9.70	C	-		
912	105	O	9.70	A	-		
912	106	O	9.70	A	-		
912	107	O	9.70	A	-		
912	108	O	9.70	G	-		
912	109	O	9.70	A	-		
913	0	O	8.32	T	-		
913	1	O	8.32	G	-		
913	2	O	8.32	C	-		
913	3	O	8.32	G	-		
913	4	O	8.32	T	-		
913	5	O	8.32	A	-		
913	6	O	8.32	G	-		
913	7	O	8.32	A	-		
913	8	O	8.32	T	-		
913	9	O	8.32	A	-		
913	10	O	8.32	A	-		
913	11	O	8.32	T	-		
913	12	O	8.32	T	-		
913	13	O	8.32	C	-		
913	14	O	8.32	G	-		
913	15	O	8.32	G	-		
913	16	O	8.32	T	-		
913	17	O	8.32	G	-		
913	18	O	8.32	A	-		
913	19	O	8.32	T	-		
913	20	O	8.32	T	-		
913	21	O	8.32	A	-		
913	22	O	8.32	C	-		
913	23	O	8.32	T	-		
913	24	O	8.32	A	-		
913	25	O	8.32	C	-		
913	26	O	8.32	G	-		
913	27	O	8.32	C	-		
913	28	O	8.32	C	-		
913	29	O	8.32	G	-		
913	30	O	8.32	T	-		
913	31	O	8.32	G	-		
913	32	O	8.32	A	-		
913	33	O	8.32	G	-		
913	34	O	8.32	A	-		
913	35	O	8.32	T	-		
913	36	O	8.32	T	-		
913	37	O	8.32	C	-		
913	38	O	8.32	A	-		
913	39	O	8.32	A	-		
913	40	O	8.32	C	-		
913	41	O	8.32	A	-		
913	42	O	8.32	G	-		
913	43	O	8.32	T	-		
913	44	O	8.32	G	-		
913	45	O	8.32	C	-		
913	46	O	8.32	C	-		
913	47	O	8.32	G	-		
913	48	O	8.32	C	-		
913	49	O	8.32	C	-		
913	50	O	8.32	A	-		
913	51	O	8.32	A	-		
913	52	O	8.32	T	-		
913	53	O	8.32	C	-		
913	54	O	8.32	T	-		
913	55	O	8.32	C	-		
913	56	O	8.32	A	-		
913	57	O	8.32	T	-		
913	58	O	8.32	C	-		
913	59	O	8.32	A	-		
913	60	O	8.32	C	-		
913	61	O	8.32	A	-		
913	62	O	8.32	A	-		
913	63	O	8.32	T	-		
913	64	O	8.32	A	-		
913	65	O	8.32	G	-		
913	66	O	8.32	T	-		
913	67	O	8.32	C	-		
913	68	O	8.32	T	-		
913	69	O	8.32	T	-		
913	70	O	8.32	T	-		
913	71	O	8.32	G	-		
913	72	O	8.32	C	-		
913	73	O	8.32	T	-		
913	74	O	8.32	C	-		
913	75	O	8.32	T	-		
913	76	O	8.32	T	-		
913	77	O	8.32	T	-		
913	78	O	8.32	G	-		
913	79	O	8.32	C	-		
913	80	O	8.32	A	-		
913	81	O	8.32	G	-		
913	82	O	8.32	C	-		
913	83	O	8.32	C	-		
913	84	O	8.32	A	-		
913	85	O	8.32	G	-		
913	86	O	8.32	A	-		
913	87	O	8.32	G	-		
913	88	O	8.32	A	-		
913	89	O	8.32	A	-		
913	90	O	8.32	A	-		
913	91	O	8.32	G	-		
913	92	O	8.32	A	-		
913	93	O	8.32	T	-		
913	94	O	8.32	C	-		
913	95	O	8.32	G	-		
913	96	O	8.32	A	-		
913	97	O	8.32	A	-		
913	98	O	8.32	G	-		
913	99	O	8.32	T	-		
913	100	O	8.32	A	-		
913	101	O	8.32	A	-		
913	102	O	8.32	T	-		
913	103	O	8.32	T	-		
913	104	O	8.32	G	-		
913	105	O	8.32	C	-		
913	106	O	8.32	T	-		
913	107	O	8.32	A	-		
913	108	O	8.32	T	-		
913	109	O	8.32	C	-		
914	0	O	18.02	G	-		
914	1	O	18.02	T	-		
914	2	O	18.02	C	-		
914	3	O	18.02	G	-		
914	4	O	18.02	G	-		
914	5	O	18.02	C	-		
914	6	O	18.02	C	-		
914	7	O	18.02	C	-		
914	8	O	18.02	T	-		
914	9	O	18.02	G	-		
914	10	O	18.02	A	-		
914	11	O	18.02	G	-		
914	12	O	18.02	A	-		
914	13	O	18.02	A	-		
914	14	O	18.02	T	-		
914	15	O	18.02	T	-		
914	16	O	18.02	T	-		
914	17	O	18.02	C	-		
914	18	O	18.02	G	-		
914	19	O	18.02	A	-		
914	20	O	18.02	G	-		
914	21	O	18.02	G	-		
914	22	O	18.02	C	-		
914	23	O	18.02	C	-		
914	24	O	18.02	C	-		
914	25	O	18.02	T	-		
914	26	O	18.02	A	-		
914	27	O	18.02	A	-		
914	28	O	18.02	G	-		
914	29	O	18.02	C	-		
914	30	O	18.02	A	-		
914	31	O	18.02	A	-		
914	32	O	18.02	G	-		
914	33	O	18.02	C	-		
914	34	O	18.02	T	-		
914	35	O	18.02	T	-		
914	36	O	18.02	C	-		
914	37	O	18.02	T	-		
914	38	O	18.02	A	-		
914	39	O	18.02	A	-		
914	40	O	18.02	T	-		
914	41	O	18.02	A	-		
914	42	O	18.02	T	-		
914	43	O	18.02	G	-		
914	44	O	18.02	G	-		
914	45	O	18.02	G	-		
914	46	O	18.02	G	-		
914	47	O	18.02	C	-		
914	48	O	18.02	C	-		
914	49	O	18.02	C	-		
914	50	O	18.02	T	-		
914	51	O	18.02	G	-		
914	52	O	18.02	A	-		
914	53	O	18.02	T	-		
914	54	O	18.02	A	-		
914	55	O	18.02	A	-		
914	56	O	18.02	A	-		
914	57	O	18.02	T	-		
914	58	O	18.02	T	-		
914	59	O	18.02	T	-		
914	60	O	18.02	T	-		
914	61	O	18.02	A	-		
914	62	O	18.02	C	-		
914	63	O	18.02	A	-		
914	64	O	18.02	T	-		
914	65	O	18.02	A	-		
914	66	O	18.02	A	-		
914	67	O	18.02	A	-		
914	68	O	18.02	T	-		
914	69	O	18.02	T	-		
914	70	O	18.02	C	-		
914	71	O	18.02	A	-		
914	72	O	18.02	A	-		
914	73	O	18.02	A	-		
914	74	O	18.02	A	-		
914	75	O	18.02	A	-		
914	76	O	18.02	A	-		
914	77	O	18.02	A	-		
914	78	O	18.02	T	-		
914	79	O	18.02	T	-		
914	80	O	18.02	G	-		
914	81	O	18.02	A	-		
914	82	O	18.02	C	-		
914	83	O	18.02	T	-		
914	84	O	18.02	A	-		
914	85	O	18.02	A	-		
914	86	O	18.02	A	-		
914	87	O	18.02	A	-		
914	88	O	18.02	C	-		
914	89	O	18.02	T	-		
914	90	O	18.02	T	-		
914	91	O	18.02	C	-		
914	92	O	18.02	A	-		
914	93	O	18.02	A	-		
914	94	O	18.02	G	-		
914	95	O	18.02	T	-		
914	96	O	18.02	A	-		
914	97	O	18.02	G	-		
914	98	O	18.02	A	-		
914	99	O	18.02	C	-		
914	100	O	18.02	A	-		
914	101	O	18.02	A	-		
914	102	O	18.02	A	-		
914	103	O	18.02	A	-		
914	104	O	18.02	T	-		
914	105	O	18.02	A	-		
914	106	O	18.02	T	-		
914	107	O	18.02	G	-		
914	108	O	18.02	C	-		
914	109	O	18.02	T	-		
915	0	O	12.48	G	-		
915	1	U	0.00	-	-		
915	2	U	0.00	-	-		
915	3	U	0.00	-	-		
915	4	U	0.00	-	-		
915	5	O	12.48	G	-		
915	6	O	12.48	A	-		
915	7	O	12.48	A	-		
915	8	O	12.48	A	-		
915	9	O	12.48	T	-		
915	10	O	12.48	A	-		
915	11	O	12.48	G	-		
915	12	O	12.48	T	-		
915	13	O	12.48	A	-		
915	14	O	12.48	T	-		
915	15	O	12.48	A	-		
915	16	O	12.48	A	-		
915	17	O	12.48	A	-		
915	18	O	12.48	C	-		
915	19	O	12.48	A	-		
915	20	O	12.48	G	-		
915	21	O	12.48	T	-		
915	22	O	12.48	G	-		
915	23	O	12.48	G	-		
915	24	O	12.48	G	-		
915	25	O	12.48	T	-		
915	26	O	12.48	C	-		
915	27	O	12.48	T	-		
915	28	O	12.48	T	-		
915	29	O	12.48	T	-		
915	30	O	12.48	A	-		
915	31	O	12.48	A	-		
915	32	O	12.48	T	-		
915	33	O	12.48	T	-		
915	34	O	12.48	T	-		
915	35	O	12.48	G	-		
915	36	O	12.48	A	-		
915	37	O	12.48	A	-		
915	38	O	12.48	T	-		
915	39	O	12.48	A	-		
915	40	O	12.48	C	-		
915	41	O	12.48	A	-		
915	42	O	12.48	G	-		
915	43	O	12.48	A	-		
915	44	O	12.48	C	-		
915	45	O	12.48	T	-		
915	46	O	12.48	T	-		
915	47	O	12.48	C	-		
915	48	O	12.48	A	-		
915	49	O	12.48	A	-		
915	50	O	12.48	G	-		
915	51	O	12.48	T	-		
915	52	O	12.48	A	-		
915	53	O	12.48	A	-		
915	54	O	12.48	A	-		
915	55	O	12.48	G	-		
915	56	O	12.48	A	-		
915	57	O	12.48	A	-		
915	58	O	12.48	A	-		
915	59	O	12.48	G	-		
915	60	O	12.48	A	-		
915	61	O	12.48	A	-		
915	62	O	12.48	A	-		
915	63	O	12.48	A	-		
915	64	O	12.48	A	-		
915	65	O	12.48	G	-		
915	66	O	12.48	A	-		
915	67	O	12.48	A	-		
915	68	O	12.48	G	-		
915	69	O	12.48	C	-		
915	70	O	12.48	T	-		
915	71	O	12.48	A	-		
915	72	O	12.48	T	-		
915	73	O	12.48	A	-		
915	74	O	12.48	A	-		
915	75	O	12.48	A	-		
915	76	O	12.48	A	-		
915	77	O	12.48	T	-		
915	78	O	12.48	G	-		
915	79	O	12.48	T	-		
915	80	O	12.48	T	-		
915	81	O	12.48	T	-		
915	82	O	12.48	A	-		
915	83	O	12.48	A	-		
915	84	O	12.48	A	-		
915	85	O	12.48	C	-		
915	86	O	12.48	T	-		
915	87	O	12.48	T	-		
915	88	O	12.48	C	-		
915	89	O	12.48	A	-		
915	90	O	12.48	G	-		
915	91	O	12.48	A	-		
915	92	O	12.48	G	-		
915	93	O	12.48	A	-		
915	94	O	12.48	G	-		
915	95	O	12.48	A	-		
915	96	O	12.48	G	-		
915	97	O	12.48	A	-		
915	98	O	12.48	G	-		
915	99	O	12.48	A	-		
915	100	O	12.48	G	-		
915	101	O	4.00	A	-		
915	102	U	0.00	-	-		
915	103	U	0.00	-	-		
915	104	U	0.00	-	-		
915	105	U	0.00	-	-		
915	106	O	12.48	A	-		
915	107	O	12.48	C	-		
915	108	O	12.48	A	-		
915	109	O	12.48	T	-		
915	110	O	12.48	G	-		
915	111	O	12.48	A	-		
915	112	O	12.48	A	-		
915	113	O	12.48	C	-		
916	0	O	29.11	C	-		
916	1	O	29.11	A	-		
916	2	O	29.11	G	-		
916	3	O	29.11	C	-		
916	4	O	29.11	T	-		
916	5	O	29.11	C	-		
916	6	O	29.11	T	-		
916	7	O	29.11	A	-		
916	8	O	29.11	T	-		
916	9	O	29.11	G	-		
916	10	O	29.11	A	-		
916	11	O	29.11	A	-		
916	12	O	29.11	A	-		
916	13	O	29.11	A	-		
916	14	O	29.11	G	-		
916	15	O	29.11	C	-		
916	16	O	29.11	G	-		
916	17	O	29.11	A	-		
916	18	O	29.11	G	-		
916	19	O	29.11	A	-		
916	20	O	29.11	C	-		
916	21	O	29.11	C	-		
916	22	O	29.11	T	-		
916	23	O	29.11	T	-		
916	24	O	29.11	A	-		
916	25	O	29.11	C	-		
916	26	O	29.11	C	-		
916	27	O	29.11	T	-		
916	28	O	29.11	C	-		
916	29	O	29.11	T	-		
916	30	O	29.11	T	-		
916	31	O	29.11	T	-		
916	32	O	29.11	T	-		
916	33	O	29.11	T	-		
916	34	O	29.11	C	-		
916	35	O	29.11	C	-		
916	36	O	29.11	A	-		
916	37	O	29.11	G	-		
916	38	O	29.11	G	-		
916	39	O	29.11	C	-		
916	40	O	29.11	C	-		
916	41	O	29.11	T	-		
916	42	O	29.11	G	-		
916	43	O	29.11	T	-		
916	44	O	29.11	T	-		
916	45	O	29.11	C	-		
916	46	O	29.11	G	-		
916	47	O	29.11	G	-		
916	48	O	29.11	A	-		
916	49	O	29.11	A	-		
916	50	O	29.11	G	-		
916	51	O	29.11	T	-		
916	52	O	29.11	G	-		
916	53	O	29.11	T	-		
916	54	O	29.11	T	-		
916	55	O	29.11	C	-		
916	56	O	29.11	G	-		
916	57	O	29.11	G	-		
916	58	O	29.11	T	-		
916	59	O	29.11	C	-		
916	60	O	29.11	T	-		
916	61	O	29.11	T	-		
916	62	O	29.11	T	-		
916	63	O	29.11	A	-		
916	64	O	29.11	T	-		
916	65	O	29.11	C	-		
916	66	O	29.11	T	-		
916	67	O	29.11	T	-		
916	68	O	29.11	T	-		
916	69	O	29.11	A	-		
916	70	O	29.11	T	-		
916	71	O	29.11	C	-		
916	72	O	29.11	T	-		
916	73	O	29.11	T	-		
916	74	O	29.11	G	-		
916	75	O	29.11	C	-		
916	76	O	29.11	T	-		
916	77	O	29.11	T	-		
916	78	O	29.11	G	-		
916	79	O	29.11	G	-		
916	80	O	29.11	A	-		
916	81	O	29.11	T	-		
916	82	O	29.11	C	-		
916	83	O	29.11	T	-		
916	84	O	29.11	A	-		
916	85	O	29.11	C	-		
916	86	O	29.11	T	-		
916	87	O	29.11	G	-		
916	88	O	29.11	C	-		
916	89	O	29.11	C	-		
916	90	O	29.11	T	-		
916	91	O	29.11	G	-		
916	92	O	29.11	C	-		
916	93	O	29.11	G	-		
916	94	O	29.11	T	-		
916	95	O	29.11	C	-		
916	96	O	29.11	T	-		
916	97	O	29.11	G	-		
916	98	O	29.11	G	-		
916	99	O	29.11	T	-		
916	100	O	29.11	C	-		
916	101	O	29.11	C	-		
916	102	O	29.11	C	-		
916	103	O	29.11	T	-		
916	104	O	29.11	T	-		
916	105	O	29.11	G	-		
916	106	O	29.11	G	-		
916	107	O	29.11	C	-		
916	108	O	29.11	A	-		
916	109	O	29.11	C	-		
917	0	O	5.55	A	-		
917	1	O	5.55	C	-		
917	2	O	5.55	G	-		
917	3	O	5.55	T	-		
917	4	O	5.55	A	-		
917	5	O	5.55	G	-		
917	6	O	5.55	A	-		
917	7	O	5.55	T	-		
917	8	O	5.55	C	-		
917	9	O	5.55	T	-		
917	10	O	5.55	C	-		
917	11	O	5.55	C	-		
917	12	O	5.55	A	-		
917	13	O	5.55	A	-		
917	14	O	5.55	A	-		
917	15	O	5.55	G	-		
917	16	O	5.55	A	-		
917	17	O	5.55	A	-		
917	18	O	5.55	T	-		
917	19	O	5.55	G	-		
917	20	O	5.55	A	-		
917	21	O	5.55	T	-		
917	22	O	5.55	A	-		
917	23	O	5.55	A	-		
917	24	O	5.55	T	-		
917	25	O	5.55	G	-		
917	26	O	5.55	C	-		
917	27	O	5.55	A	-		
917	28	O	5.55	A	-		
917	29	O	5.55	G	-		
917	30	O	5.55	A	-		
917	31	O	5.55	C	-		
917	32	O	5.55	T	-		
917	33	O	5.55	C	-		
917	34	O	5.55	G	-		
917	35	O	5.55	T	-		
917	36	O	5.55	T	-		
917	37	O	5.55	G	-		
917	38	O	5.55	C	-		
917	39	O	5.55	G	-		
917	40	O	5.55	A	-		
917	41	O	5.55	C	-		
917	42	O	5.55	C	-		
917	43	O	5.55	C	-		
917	44	O	5.55	A	-		
917	45	O	5.55	G	-		
917	46	O	5.55	C	-		
917	47	O	5.55	C	-		
917	48	O	5.55	A	-		
917	49	O	5.55	C	-		
917	50	O	5.55	C	-		
917	51	O	5.55	G	-		
917	52	O	5.55	C	-		
917	53	O	5.55	A	-		
917	54	O	5.55	C	-		
917	55	O	5.55	C	-		
917	56	O	5.55	A	-		
917	57	O	5.55	T	-		
917	58	O	5.55	C	-		
917	59	O	5.55	G	-		
917	60	O	5.55	A	-		
917	61	O	5.55	G	-		
917	62	O	5.55	C	-		
917	63	O	5.55	C	-		
917	64	O	5.55	T	-		
917	65	O	5.55	T	-		
917	66	O	5.55	T	-		
917	67	O	5.55	T	-		
917	68	O	5.55	C	-		
917	69	O	5.55	A	-		
917	70	O	5.55	G	-		
917	71	O	5.55	T	-		
917	72	O	5.55	G	-		
917	73	O	5.55	T	-		
917	74	O	5.55	C	-		
917	75	O	5.55	T	-		
917	76	O	5.55	C	-		
917	77	O	5.55	G	-		
917	78	O	5.55	A	-		
917	79	O	5.55	G	-		
917	80	O	5.55	A	-		
917	81	O	5.55	A	-		
917	82	O	5.55	C	-		
917	83	O	5.55	G	-		
917	84	O	5.55	T	-		
917	85	O	5.55	C	-		
917	86	O	5.55	G	-		
917	87	O	5.55	T	-		
917	88	O	5.55	G	-		
917	89	O	5.55	G	-		
917	90	O	5.55	C	-		
917	91	O	5.55	T	-		
917	92	O	5.55	C	-		
917	93	O	5.55	C	-		
917	94	O	5.55	G	-		
917	95	O	5.55	A	-		
917	96	O	5.55	A	-		
917	97	O	5.55	A	-		
917	98	O	5.55	G	-		
917	99	O	5.55	A	-		
917	100	O	5.55	T	-		
917	101	O	5.55	T	-		
917	102	O	5.55	T	-		
917	103	O	5.55	C	-		
917	104	O	5.55	T	-		
917	105	O	5.55	T	-		
917	106	O	5.55	G	-		
917	107	O	5.55	C	-		
917	108	O	5.55	A	-		
917	109	O	5.55	A	-		
918	0	O	5.55	T	-		
918	1	O	5.55	C	-		
918	2	O	5.55	A	-		
918	3	O	5.55	A	-		
918	4	O	5.55	A	-		
918	5	O	5.55	A	-		
918	6	O	5.55	T	-		
918	7	O	5.55	T	-		
918	8	O	5.55	A	-		
918	9	O	5.55	T	-		
918	10	O	5.55	A	-		
918	11	O	5.55	A	-		
918	12	O	5.55	G	-		
918	13	O	5.55	A	-		
918	14	O	5.55	A	-		
918	15	O	5.55	A	-		
918	16	O	5.55	T	-		
918	17	O	5.55	T	-		
918	18	O	5.55	T	-		
918	19	O	5.55	T	-		
918	20	O	5.55	C	-		
918	21	O	5.55	A	-		
918	22	O	5.55	A	-		
918	23	O	5.55	T	-		
918	24	O	5.55	C	-		
918	25	O	5.55	T	-		
918	26	O	5.55	A	-		
918	27	O	5.55	G	-		
918	28	O	5.55	T	-		
918	29	O	5.55	A	-		
918	30	O	5.55	T	-		
918	31	O	5.55	A	-		
918	32	O	5.55	G	-		
918	33	O	5.55	G	-		
918	34	O	5.55	T	-		
918	35	O	5.55	C	-		
918	36	O	5.55	G	-		
918	37	O	5.55	A	-		
918	38	O	5.55	G	-		
918	39	O	5.55	A	-		
918	40	O	5.55	G	-		
918	41	O	5.55	C	-		
918	42	O	5.55	A	-		
918	43	O	5.55	A	-		
918	44	O	5.55	C	-		
918	45	O	5.55	T	-		
918	46	O	5.55	T	-		
918	47	O	5.55	G	-		
918	48	O	5.55	A	-		
918	49	O	5.55	A	-		
918	50	O	5.55	T	-		
918	51	O	5.55	G	-		
918	52	O	5.55	T	-		
918	53	O	5.55	T	-		
918	54	O	5.55	A	-		
918	55	O	5.55	C	-		
918	56	O	5.55	T	-		
918	57	O	5.55	C	-		
918	58	O	5.55	A	-		
918	59	O	5.55	T	-		
918	60	O	5.55	T	-		
918	61	O	5.55	T	-		
918	62	O	5.55	T	-		
918	63	O	5.55	G	-		
918	64	O	5.55	G	-		
918	65	O	5.55	T	-		
918	66	O	5.55	G	-		
918	67	O	5.55	T	-		
918	68	O	5.55	A	-		
918	69	O	5.55	T	-		
918	70	O	5.55	T	-		
918	71	O	5.55	T	-		
918	72	O	5.55	C	-		
918	73	O	5.55	G	-		
918	74	O	5.55	T	-		
918	75	O	5.55	G	-		
918	76	O	5.55	A	-		
918	77	O	5.55	C	-		
918	78	O	5.55	C	-		
918	79	O	5.55	G	-		
918	80	O	5.55	C	-		
918	81	O	5.55	A	-		
918	82	O	5.55	G	-		
918	83	O	5.55	G	-		
918	84	O	5.55	G	-		
918	85	O	5.55	A	-		
918	86	O	5.55	A	-		
918	87	O	5.55	T	-		
918	88	O	5.55	T	-		
918	89	O	5.55	T	-		
918	90	O	5.55	A	-		
918	91	O	5.55	C	-		
918	92	O	5.55	G	-		
918	93	O	5.55	C	-		
918	94	O	5.55	T	-		
918	95	O	5.55	G	-		
918	96	O	5.55	T	-		
918	97	O	5.55	C	-		
918	98	O	5.55	A	-		
918	99	O	5.55	C	-		
918	100	O	5.55	C	-		
918	101	O	5.55	T	-		
918	102	O	5.55	G	-		
918	103	O	5.55	C	-		
918	104	O	5.55	A	-		
918	105	O	5.55	T	-		
918	106	O	5.55	T	-		
918	107	O	5.55	T	-		
918	108	O	5.55	T	-		
918	109	O	5.55	C	-		
919	0	U	0.00	-	-		
919	1	O	13.86	C	-		
919	2	O	13.86	C	-		
919	3	O	13.86	T	-		
919	4	O	13.86	C	-		
919	5	O	13.86	C	-		
919	6	O	13.86	G	-		
919	7	O	13.86	G	-		
919	8	O	13.86	C	-		
919	9	O	13.86	T	-		
919	10	O	13.86	C	-		
919	11	O	13.86	G	-		
919	12	O	13.86	G	-		
919	13	O	13.86	C	-		
919	14	O	13.86	T	-		
919	15	O	13.86	T	-		
919	16	O	13.86	C	-		
919	17	O	13.86	C	-		
919	18	O	13.86	T	-		
919	19	O	13.86	C	-		
919	20	O	13.86	T	-		
919	21	O	13.86	G	-		
919	22	O	13.86	G	-		
919	23	O	13.86	C	-		
919	24	O	13.86	A	-		
919	25	O	13.86	G	-		
919	26	O	13.86	A	-		
919	27	O	13.86	T	-		
919	28	O	13.86	C	-		
919	29	O	13.86	T	-		
919	30	O	13.86	A	-		
919	31	O	13.86	T	-		
919	32	O	13.86	T	-		
919	33	O	13.86	G	-		
919	34	O	13.86	C	-		
919	35	O	13.86	C	-		
919	36	O	13.86	A	-		
919	37	O	13.86	G	-		
919	38	O	13.86	C	-		
919	39	O	13.86	A	-		
919	40	O	13.86	G	-		
919	41	O	13.86	A	-		
919	42	O	13.86	T	-		
919	43	O	13.86	T	-		
919	44	O	13.86	T	-		
919	45	O	13.86	T	-		
919	46	O	13.86	G	-		
919	47	O	13.86	A	-		
919	48	O	13.86	C	-		
919	49	O	13.86	T	-		
919	50	O	13.86	T	-		
919	51	O	13.86	G	-		
919	52	O	13.86	C	-		
919	53	O	13.86	A	-		
919	54	O	13.86	A	-		
919	55	O	13.86	G	-		
919	56	O	13.86	A	-		
919	57	O	13.86	C	-		
919	58	O	13.86	C	-		
919	59	O	13.86	A	-		
919	60	O	13.86	G	-		
919	61	O	13.86	T	-		
919	62	O	13.86	T	-		
919	63	O	13.86	C	-		
919	64	O	13.86	C	-		
919	65	O	13.86	C	-		
919	66	O	13.86	C	-		
919	67	O	13.86	T	-		
919	68	O	13.86	C	-		
919	69	O	13.86	G	-		
919	70	O	13.86	C	-		
919	71	O	13.86	G	-		
919	72	O	13.86	A	-		
919	73	O	13.86	G	-		
919	74	O	13.86	G	-		
919	75	O	13.86	A	-		
919	76	O	13.86	A	-		
919	77	O	13.86	A	-		
919	78	O	13.86	G	-		
919	79	O	13.86	C	-		
919	80	O	13.86	G	-		
919	81	O	13.86	A	-		
919	82	O	13.86	A	-		
919	83	O	13.86	G	-		
919	84	O	13.86	T	-		
919	85	O	13.86	G	-		
919	86	O	13.86	C	-		
919	87	O	13.86	C	-		
919	88	O	13.86	T	-		
919	89	O	13.86	T	-		
919	90	O	13.86	C	-		
919	91	O	13.86	C	-		
919	92	O	13.86	G	-		
919	93	O	13.86	G	-		
919	94	O	13.86	A	-		
919	95	O	13.86	C	-		
919	96	O	13.86	G	-		
919	97	O	13.86	C	-		
919	98	O	13.86	T	-		
919	99	O	13.86	T	-		
919	100	O	13.86	A	-		
919	101	O	13.86	C	-		
919	102	O	13.86	G	-		
919	103	O	13.86	A	-		
919	104	O	13.86	T	-		
919	105	O	13.86	G	-		
919	106	O	13.86	A	-		
919	107	O	13.86	C	-		
919	108	O	13.86	C	-		
919	109	O	13.86	A	-		
919	110	U	0.00	-	-		
920	0	O	13.86	A	-		
920	1	O	13.86	G	-		
920	2	O	13.86	T	-		
920	3	O	13.86	G	-		
920	4	O	13.86	G	-		
920	5	O	13.86	A	-		
920	6	O	13.86	A	-		
920	7	O	13.86	A	-		
920	8	O	13.86	A	-		
920	9	O	13.86	T	-		
920	10	O	13.86	T	-		
920	11	O	13.86	G	-		
920	12	O	13.86	G	-		
920	13	O	13.86	G	-		
920	14	O	13.86	C	-		
920	15	O	13.86	C	-		
920	16	O	13.86	A	-		
920	17	O	13.86	A	-		
920	18	O	13.86	C	-		
920	19	O	13.86	A	-		
920	20	O	13.86	G	-		
920	21	O	13.86	T	-		
920	22	O	13.86	G	-		
920	23	O	13.86	C	-		
920	24	O	13.86	T	-		
920	25	O	13.86	G	-		
920	26	O	13.86	A	-		
920	27	O	13.86	C	-		
920	28	O	13.86	T	-		
920	29	O	13.86	T	-		
920	30	O	13.86	T	-		
920	31	O	13.86	G	-		
920	32	O	13.86	T	-		
920	33	O	13.86	G	-		
920	34	O	13.86	C	-		
920	35	O	13.86	G	-		
920	36	O	13.86	A	-		
920	37	O	13.86	A	-		
920	38	O	13.86	C	-		
920	39	O	13.86	A	-		
920	40	O	13.86	C	-		
920	41	O	13.86	C	-		
920	42	O	13.86	T	-		
920	43	O	13.86	C	-		
920	44	O	13.86	T	-		
920	45	O	13.86	T	-		
920	46	O	13.86	C	-		
920	47	O	13.86	G	-		
920	48	O	13.86	T	-		
920	49	O	13.86	G	-		
920	50	O	13.86	A	-		
920	51	O	13.86	G	-		
920	52	O	5.16	T	-		
920	53	O	13.86	T	-		
920	54	O	13.86	T	-		
920	55	O	13.86	T	-		
920	56	O	13.86	G	-		
920	57	O	13.86	C	-		
920	58	O	13.86	G	-		
920	59	O	13.86	A	-		
920	60	O	13.86	T	-		
920	61	O	13.86	T	-		
920	62	O	13.86	C	-		
920	63	O	13.86	G	-		
920	64	O	13.86	G	-		
920	65	O	13.86	C	-		
920	66	O	13.86	T	-		
920	67	O	13.86	G	-		
920	68	O	13.86	C	-		
920	69	O	13.86	T	-		
920	70	O	13.86	G	-		
920	71	O	13.86	A	-		
920	72	O	13.86	G	-		
920	73	O	13.86	A	-		
920	74	O	13.86	A	-		
920	75	O	13.86	A	-		
920	76	O	13.86	G	-		
920	77	O	13.86	C	-		
920	78	O	13.86	A	-		
920	79	O	13.86	A	-		
920	80	O	13.86	G	-		
920	81	O	13.86	C	-		
920	82	O	13.86	T	-		
920	83	O	13.86	G	-		
920	84	O	13.86	G	-		
920	85	O	13.86	T	-		
920	86	O	13.86	A	-		
920	87	O	13.86	A	-		
920	88	O	13.86	G	-		
920	89	O	13.86	T	-		
920	90	O	13.86	T	-		
920	91	O	13.86	G	-		
920	92	O	13.86	A	-		
920	93	O	13.86	C	-		
920	94	O	13.86	T	-		
920	95	O	13.86	G	-		
920	96	O	13.86	C	-		
920	97	O	13.86	C	-		
920	98	O	13.86	A	-		
920	99	O	13.86	G	-		
920	100	O	13.86	A	-		
920	101	O	13.86	G	-		
920	102	O	13.86	T	-		
920	103	O	13.86	G	-		
920	104	O	13.86	A	-		
920	105	O	13.86	A	-		
920	106	O	13.86	G	-		
920	107	O	13.86	T	-		
920	108	O	13.86	G	-		
920	109	O	13.86	G	-		
921	0	O	15.25	T	-		
921	1	O	15.25	C	-		
921	2	O	15.25	T	-		
921	3	O	15.25	T	-		
921	4	O	15.25	C	-		
921	5	O	15.25	G	-		
921	6	O	15.25	C	-		
921	7	O	15.25	T	-		
921	8	O	15.25	G	-		
921	9	O	15.25	A	-		
921	10	O	15.25	T	-		
921	11	O	15.25	T	-		
921	12	O	15.25	A	-		
921	13	O	15.25	G	-		
921	14	O	15.25	C	-		
921	15	O	15.25	T	-		
921	16	O	15.25	T	-		
921	17	O	15.25	G	-		
921	18	O	15.25	T	-		
921	19	O	15.25	C	-		
921	20	O	15.25	T	-		
921	21	O	15.25	G	-		
921	22	O	15.25	A	-		
921	23	O	15.25	G	-		
921	24	O	15.25	T	-		
921	25	O	15.25	C	-		
921	26	O	15.25	G	-		
921	27	O	15.25	G	-		
921	28	O	15.25	A	-		
921	29	O	15.25	G	-		
921	30	O	15.25	G	-		
921	31	O	15.25	C	-		
921	32	O	15.25	C	-		
921	33	O	15.25	A	-		
921	34	O	15.25	T	-		
921	35	O	15.25	C	-		
921	36	O	15.25	G	-		
921	37	O	15.25	T	-		
921	38	O	15.25	G	-		
921	39	O	15.25	C	-		
921	40	O	15.25	C	-		
921	41	O	15.25	G	-		
921	42	O	15.25	T	-		
921	43	O	15.25	G	-		
921	44	O	15.25	T	-		
921	45	O	15.25	G	-		
921	46	O	15.25	A	-		
921	47	O	15.25	G	-		
921	48	O	15.25	T	-		
921	49	O	15.25	G	-		
921	50	O	15.25	T	-		
921	51	O	15.25	G	-		
921	52	O	15.25	T	-		
921	53	O	15.25	C	-		
921	54	O	15.25	A	-		
921	55	O	15.25	A	-		
921	56	O	15.25	T	-		
921	57	O	15.25	G	-		
921	58	O	15.25	T	-		
921	59	O	15.25	G	-		
921	60	O	15.25	T	-		
921	61	O	15.25	G	-		
921	62	O	15.25	T	-		
921	63	O	15.25	G	-		
921	64	O	15.25	T	-		
921	65	O	15.25	A	-		
921	66	O	15.25	C	-		
921	67	O	15.25	G	-		
921	68	O	15.25	T	-		
921	69	O	15.25	G	-		
921	70	O	15.25	C	-		
921	71	O	15.25	A	-		
921	72	O	15.25	C	-		
921	73	O	15.25	T	-		
921	74	O	15.25	C	-		
921	75	O	15.25	G	-		
921	76	O	15.25	G	-		
921	77	O	15.25	C	-		
921	78	O	15.25	C	-		
921	79	O	15.25	T	-		
921	80	O	15.25	A	-		
921	81	O	15.25	G	-		
921	82	O	15.25	A	-		
921	83	O	15.25	C	-		
921	84	O	15.25	A	-		
921	85	O	15.25	G	-		
921	86	O	15.25	A	-		
921	87	O	15.25	T	-		
921	88	O	15.25	C	-		
921	89	O	15.25	G	-		
921	90	O	15.25	T	-		
921	91	O	15.25	C	-		
921	92	O	15.25	G	-		
921	93	O	15.25	A	-		
921	94	O	15.25	A	-		
921	95	O	15.25	T	-		
921	96	O	15.25	G	-		
921	97	O	15.25	C	-		
921	98	O	15.25	A	-		
921	99	O	15.25	C	-		
921	100	O	15.25	T	-		
921	101	O	15.25	T	-		
921	102	O	15.25	G	-		
921	103	O	15.25	T	-		
921	104	O	15.25	T	-		
921	105	O	15.25	C	-		
921	106	O	15.25	T	-		
921	107	O	15.25	C	-		
921	108	O	15.25	A	-		
921	109	O	15.25	G	-		
922	0	O	16.64	A	-		
922	1	O	16.64	C	-		
922	2	O	16.64	C	-		
922	3	O	16.64	A	-		
922	4	O	16.64	G	-		
922	5	O	16.64	A	-		
922	6	O	16.64	C	-		
922	7	O	16.64	G	-		
922	8	O	16.64	G	-		
922	9	O	16.64	C	-		
922	10	O	16.64	G	-		
922	11	O	16.64	G	-		
922	12	O	16.64	C	-		
922	13	O	16.64	C	-		
922	14	O	16.64	C	-		
922	15	O	16.64	G	-		
922	16	O	16.64	A	-		
922	17	O	16.64	C	-		
922	18	O	7.55	T	-		
922	19	O	16.64	A	-		
922	20	O	16.64	C	-		
922	21	O	16.64	T	-		
922	22	O	16.64	G	-		
922	23	O	16.64	G	-		
922	24	O	16.64	A	-		
922	25	O	16.64	G	-		
922	26	O	16.64	A	-		
922	27	O	16.64	G	-		
922	28	O	16.64	G	-		
922	29	O	16.64	G	-		
922	30	O	16.64	A	-		
922	31	O	16.64	C	-		
922	32	O	16.64	C	-		
922	33	O	16.64	C	-		
922	34	O	16.64	G	-		
922	35	O	16.64	T	-		
922	36	O	7.55	G	-		
922	37	O	16.64	G	-		
922	38	O	16.64	G	-		
922	39	O	16.64	C	-		
922	40	O	16.64	G	-		
922	41	O	16.64	T	-		
922	42	O	16.64	C	-		
922	43	O	16.64	C	-		
922	44	O	16.64	C	-		
922	45	O	16.64	G	-		
922	46	O	16.64	G	-		
922	47	O	16.64	C	-		
922	48	O	16.64	G	-		
922	49	O	16.64	G	-		
922	50	O	16.64	G	-		
922	51	O	16.64	T	-		
922	52	O	16.64	A	-		
922	53	O	16.64	G	-		
922	54	O	16.64	T	-		
922	55	O	16.64	C	-		
922	56	O	16.64	T	-		
922	57	O	16.64	G	-		
922	58	O	16.64	T	-		
922	59	O	16.64	C	-		
922	60	O	16.64	C	-		
922	61	O	16.64	G	-		
922	62	O	16.64	A	-		
922	63	O	16.64	C	-		
922	64	O	16.64	C	-		
922	65	O	16.64	T	-		
922	66	O	16.64	G	-		
922	67	O	16.64	G	-		
922	68	O	16.64	G	-		
922	69	O	16.64	T	-		
922	70	O	16.64	C	-		
922	71	O	16.64	C	-		
922	72	O	16.64	T	-		
922	73	O	16.64	G	-		
922	74	O	16.64	A	-		
922	75	O	16.64	A	-		
922	76	O	16.64	G	-		
922	77	O	16.64	G	-		
922	78	O	16.64	T	-		
922	79	O	16.64	G	-		
922	80	O	16.64	G	-		
922	81	O	16.64	T	-		
922	82	O	16.64	G	-		
922	83	O	16.64	G	-		
922	84	O	16.64	C	-		
922	85	O	16.64	C	-		
922	86	O	16.64	C	-		
922	87	O	16.64	T	-		
922	88	O	16.64	G	-		
922	89	O	16.64	T	-		
922	90	O	16.64	G	-		
922	91	O	16.64	G	-		
922	92	O	7.55	G	-		
922	93	O	16.64	C	-		
922	94	O	16.64	G	-		
922	95	O	16.64	A	-		
922	96	O	16.64	C	-		
922	97	O	16.64	G	-		
922	98	O	16.64	A	-		
922	99	O	16.64	G	-		
922	100	O	16.64	G	-		
922	101	O	16.64	G	-		
922	102	O	16.64	G	-		
922	103	O	16.64	T	-		
922	104	O	16.64	T	-		
922	105	O	16.64	G	-		
922	106	O	16.64	C	-		
922	107	O	16.64	G	-		
922	108	O	16.64	A	-		
922	109	O	16.64	G	-		
923	0	O	6.93	C	-		
923	1	O	6.93	G	-		
923	2	O	6.93	C	-		
923	3	O	6.93	A	-		
923	4	O	6.93	A	-		
923	5	O	6.93	C	-		
923	6	O	6.93	G	-		
923	7	O	6.93	T	-		
923	8	O	6.93	T	-		
923	9	O	6.93	C	-		
923	10	O	6.93	A	-		
923	11	O	6.93	A	-		
923	12	O	6.93	G	-		
923	13	O	6.93	C	-		
923	14	O	6.93	C	-		
923	15	O	6.93	T	-		
923	16	O	6.93	G	-		
923	17	O	6.93	C	-		
923	18	O	6.93	A	-		
923	19	O	6.93	G	-		
923	20	O	6.93	T	-		
923	21	O	6.93	C	-		
923	22	O	6.93	A	-		
923	23	O	6.93	G	-		
923	24	O	6.93	G	-		
923	25	O	6.93	A	-		
923	26	O	6.93	G	-		
923	27	O	6.93	A	-		
923	28	O	6.93	T	-		
923	29	O	6.93	C	-		
923	30	O	6.93	G	-		
923	31	O	6.93	C	-		
923	32	O	6.93	G	-		
923	33	O	6.93	C	-		
923	34	O	6.93	T	-		
923	35	O	6.93	T	-		
923	36	O	6.93	G	-		
923	37	O	6.93	T	-		
923	38	O	6.93	C	-		
923	39	O	6.93	C	-		
923	40	O	6.93	G	-		
923	41	O	6.93	T	-		
923	42	O	6.93	G	-		
923	43	O	6.93	A	-		
923	44	O	6.93	T	-		
923	45	O	6.93	A	-		
923	46	O	6.93	G	-		
923	47	O	6.93	C	-		
923	48	O	6.93	G	-		
923	49	O	6.93	C	-		
923	50	O	6.93	C	-		
923	51	O	6.93	G	-		
923	52	O	6.93	T	-		
923	53	O	6.93	C	-		
923	54	O	6.93	T	-		
923	55	O	6.93	T	-		
923	56	O	6.93	C	-		
923	57	O	6.93	G	-		
923	58	O	6.93	T	-		
923	59	O	6.93	T	-		
923	60	O	6.93	G	-		
923	61	O	6.93	A	-		
923	62	O	6.93	C	-		
923	63	O	6.93	G	-		
923	64	O	6.93	T	-		
923	65	O	6.93	G	-		
923	66	O	6.93	G	-		
923	67	O	6.93	A	-		
923	68	O	6.93	C	-		
923	69	O	6.93	C	-		
923	70	O	6.93	T	-		
923	71	O	6.93	T	-		
923	72	O	6.93	G	-		
923	73	O	6.93	A	-		
923	74	O	6.93	T	-		
923	75	O	6.93	A	-		
923	76	O	6.93	C	-		
923	77	O	6.93	C	-		
923	78	O	6.93	C	-		
923	79	O	6.93	T	-		
923	80	O	6.93	T	-		
923	81	O	6.93	T	-		
923	82	O	6.93	G	-		
923	83	O	6.93	C	-		
923	84	O	6.93	C	-		
923	85	O	6.93	A	-		
923	86	O	6.93	G	-		
923	87	O	6.93	A	-		
923	88	O	6.93	A	-		
923	89	O	6.93	G	-		
923	90	O	6.93	C	-		
923	91	O	6.93	T	-		
923	92	O	6.93	C	-		
923	93	O	6.93	G	-		
923	94	O	6.93	G	-		
923	95	O	6.93	C	-		
923	96	O	6.93	A	-		
923	97	O	6.93	G	-		
923	98	O	6.93	C	-		
923	99	O	6.93	A	-		
923	100	O	6.93	A	-		
923	101	O	6.93	G	-		
923	102	O	6.93	C	-		
923	103	O	6.93	T	-		
923	104	O	6.93	C	-		
923	105	O	6.93	A	-		
923	106	O	6.93	G	-		
923	107	O	6.93	C	-		
923	108	O	6.93	A	-		
923	109	O	6.93	T	-		
924	0	O	5.55	C	-		
924	1	O	5.55	T	-		
924	2	O	5.55	G	-		
924	3	O	5.55	A	-		
924	4	O	5.55	G	-		
924	5	O	5.55	C	-		
924	6	O	5.55	G	-		
924	7	O	5.55	G	-		
924	8	O	5.55	A	-		
924	9	O	5.55	C	-		
924	10	O	5.55	T	-		
924	11	O	5.55	G	-		
924	12	O	5.55	G	-		
924	13	O	5.55	C	-		
924	14	O	5.55	G	-		
924	15	O	5.55	A	-		
924	16	O	5.55	T	-		
924	17	O	5.55	G	-		
924	18	O	5.55	G	-		
924	19	O	5.55	G	-		
924	20	O	5.55	C	-		
924	21	O	5.55	G	-		
924	22	O	5.55	G	-		
924	23	O	5.55	G	-		
924	24	O	5.55	G	-		
924	25	O	5.55	C	-		
924	26	O	5.55	T	-		
924	27	O	5.55	G	-		
924	28	O	5.55	G	-		
924	29	O	5.55	A	-		
924	30	O	5.55	A	-		
924	31	O	5.55	T	-		
924	32	O	5.55	G	-		
924	33	O	5.55	G	-		
924	34	O	5.55	G	-		
924	35	O	5.55	T	-		
924	36	O	5.55	G	-		
924	37	O	5.55	G	-		
924	38	O	5.55	C	-		
924	39	O	5.55	G	-		
924	40	O	5.55	G	-		
924	41	O	5.55	C	-		
924	42	O	5.55	C	-		
924	43	O	5.55	G	-		
924	44	O	5.55	C	-		
924	45	O	5.55	A	-		
924	46	O	5.55	C	-		
924	47	O	5.55	A	-		
924	48	O	5.55	G	-		
924	49	O	5.55	T	-		
924	50	O	5.55	G	-		
924	51	O	5.55	G	-		
924	52	O	5.55	G	-		
924	53	O	5.55	C	-		
924	54	O	5.55	G	-		
924	55	O	5.55	G	-		
924	56	O	5.55	C	-		
924	57	O	5.55	C	-		
924	58	O	5.55	G	-		
924	59	O	5.55	C	-		
924	60	O	5.55	G	-		
924	61	O	5.55	T	-		
924	62	O	5.55	G	-		
924	63	O	5.55	A	-		
924	64	O	5.55	G	-		
924	65	O	5.55	C	-		
924	66	O	5.55	G	-		
924	67	O	5.55	C	-		
924	68	O	5.55	A	-		
924	69	O	5.55	T	-		
924	70	O	5.55	G	-		
924	71	O	5.55	C	-		
924	72	O	5.55	G	-		
924	73	O	5.55	C	-		
924	74	O	5.55	G	-		
924	75	O	5.55	C	-		
924	76	O	5.55	C	-		
924	77	O	5.55	G	-		
924	78	O	5.55	G	-		
924	79	O	5.55	G	-		
924	80	O	5.55	C	-		
924	81	O	5.55	G	-		
924	82	O	5.55	C	-		
924	83	O	5.55	C	-		
924	84	O	5.55	T	-		
924	85	O	5.55	C	-		
924	86	O	5.55	C	-		
924	87	O	5.55	T	-		
924	88	O	5.55	G	-		
924	89	O	5.55	G	-		
924	90	O	5.55	G	-		
924	91	O	5.55	T	-		
924	92	O	5.55	T	-		
924	93	O	5.55	C	-		
924	94	O	5.55	G	-		
924	95	O	5.55	C	-		
924	96	O	5.55	C	-		
924	97	O	5.55	G	-		
924	98	O	5.55	A	-		
924	99	O	5.55	C	-		
924	100	O	5.55	C	-		
924	101	O	5.55	G	-		
924	102	O	5.55	C	-		
924	103	O	5.55	T	-		
924	104	O	5.55	C	-		
924	105	O	5.55	G	-		
924	106	O	5.55	G	-		
924	107	O	5.55	T	-		
924	108	O	5.55	C	-		
924	109	O	5.55	G	-		
925	0	O	13.86	T	-		
925	1	O	13.86	G	-		
925	2	O	13.86	T	-		
925	3	O	13.86	T	-		
925	4	O	13.86	G	-		
925	5	O	13.86	C	-		
925	6	O	13.86	G	-		
925	7	O	13.86	C	-		
925	8	O	13.86	C	-		
925	9	O	13.86	G	-		
925	10	O	13.86	C	-		
925	11	O	13.86	T	-		
925	12	O	13.86	A	-		
925	13	O	13.86	G	-		
925	14	O	13.86	C	-		
925	15	O	13.86	G	-		
925	16	O	13.86	T	-		
925	17	O	13.86	C	-		
925	18	O	13.86	C	-		
925	19	O	13.86	G	-		
925	20	O	13.86	C	-		
925	21	O	13.86	G	-		
925	22	O	13.86	C	-		
925	23	O	13.86	G	-		
925	24	O	13.86	C	-		
925	25	O	13.86	C	-		
925	26	O	13.86	A	-		
925	27	O	13.86	G	-		
925	28	O	13.86	T	-		
925	29	O	13.86	G	-		
925	30	O	13.86	T	-		
925	31	O	13.86	C	-		
925	32	O	13.86	A	-		
925	33	O	13.86	C	-		
925	34	O	13.86	C	-		
925	35	O	13.86	T	-		
925	36	O	13.86	G	-		
925	37	O	13.86	A	-		
925	38	O	13.86	G	-		
925	39	O	13.86	T	-		
925	40	O	13.86	C	-		
925	41	O	13.86	G	-		
925	42	O	13.86	A	-		
925	43	O	13.86	G	-		
925	44	O	13.86	C	-		
925	45	O	13.86	T	-		
925	46	O	13.86	C	-		
925	47	O	13.86	G	-		
925	48	O	13.86	T	-		
925	49	O	13.86	G	-		
925	50	O	13.86	C	-		
925	51	O	13.86	G	-		
925	52	O	13.86	C	-		
925	53	O	13.86	C	-		
925	54	O	13.86	C	-		
925	55	O	13.86	T	-		
925	56	O	13.86	T	-		
925	57	O	13.86	T	-		
925	58	O	13.86	G	-		
925	59	O	13.86	C	-		
925	60	O	13.86	G	-		
925	61	O	13.86	C	-		
925	62	O	13.86	G	-		
925	63	O	13.86	C	-		
925	64	O	13.86	C	-		
925	65	O	13.86	A	-		
925	66	O	13.86	A	-		
925	67	O	13.86	A	-		
925	68	O	13.86	A	-		
925	69	O	13.86	G	-		
925	70	O	13.86	C	-		
925	71	O	13.86	G	-		
925	72	O	13.86	C	-		
925	73	O	13.86	C	-		
925	74	O	13.86	G	-		
925	75	O	13.86	C	-		
925	76	O	13.86	C	-		
925	77	O	13.86	G	-		
925	78	O	13.86	T	-		
925	79	O	13.86	C	-		
925	80	O	13.86	G	-		
925	81	O	13.86	A	-		
925	82	O	13.86	A	-		
925	83	O	13.86	C	-		
925	84	O	13.86	A	-		
925	85	O	13.86	G	-		
925	86	O	13.86	G	-		
925	87	O	13.86	A	-		
925	88	O	13.86	A	-		
925	89	O	13.86	A	-		
925	90	O	13.86	G	-		
925	91	O	13.86	T	-		
925	92	O	13.86	C	-		
925	93	O	13.86	T	-		
925	94	O	13.86	C	-		
925	95	O	13.86	G	-		
925	96	O	13.86	A	-		
925	97	O	13.86	G	-		
925	98	O	13.86	C	-		
925	99	O	13.86	G	-		
925	100	O	13.86	C	-		
925	101	O	13.86	T	-		
925	102	O	13.86	C	-		
925	103	O	13.86	G	-		
925	104	O	13.86	T	-		
925	105	O	13.86	T	-		
925	106	O	13.86	T	-		
925	107	O	13.86	G	-		
925	108	O	13.86	C	-		
925	109	O	13.86	G	-		
926	0	O	5.55	A	-		
926	1	O	5.55	C	-		
926	2	O	5.55	A	-		
926	3	O	5.55	T	-		
926	4	O	5.55	T	-		
926	5	O	5.55	G	-		
926	6	O	5.55	G	-		
926	7	O	5.55	G	-		
926	8	O	5.55	C	-		
926	9	O	5.55	G	-		
926	10	O	5.55	C	-		
926	11	O	5.55	A	-		
926	12	O	5.55	A	-		
926	13	O	5.55	G	-		
926	14	O	5.55	G	-		
926	15	O	5.55	G	-		
926	16	O	5.55	A	-		
926	17	O	5.55	A	-		
926	18	O	5.55	G	-		
926	19	O	5.55	T	-		
926	20	O	5.55	G	-		
926	21	O	5.55	C	-		
926	22	O	5.55	G	-		
926	23	O	5.55	A	-		
926	24	O	5.55	G	-		
926	25	O	5.55	G	-		
926	26	O	5.55	A	-		
926	27	O	5.55	T	-		
926	28	O	5.55	A	-		
926	29	O	5.55	G	-		
926	30	O	5.55	G	-		
926	31	O	5.55	C	-		
926	32	O	5.55	C	-		
926	33	O	5.55	T	-		
926	34	O	5.55	G	-		
926	35	O	5.55	C	-		
926	36	O	5.55	T	-		
926	37	O	5.55	G	-		
926	38	O	5.55	G	-		
926	39	O	5.55	C	-		
926	40	O	5.55	T	-		
926	41	O	5.55	G	-		
926	42	O	5.55	C	-		
926	43	O	5.55	G	-		
926	44	O	5.55	A	-		
926	45	O	5.55	A	-		
926	46	O	5.55	G	-		
926	47	O	5.55	A	-		
926	48	O	5.55	C	-		
926	49	O	5.55	C	-		
926	50	O	5.55	G	-		
926	51	O	5.55	A	-		
926	52	O	5.55	T	-		
926	53	O	5.55	C	-		
926	54	O	5.55	C	-		
926	55	O	5.55	A	-		
926	56	O	5.55	G	-		
926	57	O	5.55	A	-		
926	58	O	5.55	A	-		
926	59	O	5.55	G	-		
926	60	O	5.55	A	-		
926	61	O	5.55	G	-		
926	62	O	5.55	G	-		
926	63	O	5.55	A	-		
926	64	O	5.55	T	-		
926	65	O	5.55	G	-		
926	66	O	5.55	C	-		
926	67	O	5.55	T	-		
926	68	O	5.55	G	-		
926	69	O	5.55	A	-		
926	70	O	5.55	G	-		
926	71	O	5.55	C	-		
926	72	O	5.55	G	-		
926	73	O	5.55	C	-		
926	74	O	5.55	G	-		
926	75	O	5.55	T	-		
926	76	O	5.55	C	-		
926	77	O	5.55	T	-		
926	78	O	5.55	C	-		
926	79	O	5.55	T	-		
926	80	O	5.55	C	-		
926	81	O	5.55	G	-		
926	82	O	5.55	A	-		
926	83	O	5.55	A	-		
926	84	O	5.55	G	-		
926	85	O	5.55	A	-		
926	86	O	5.55	C	-		
926	87	O	5.55	T	-		
926	88	O	5.55	T	-		
926	89	O	5.55	G	-		
926	90	O	5.55	T	-		
926	91	O	5.55	C	-		
926	92	O	5.55	A	-		
926	93	O	5.55	A	-		
926	94	O	5.55	A	-		
926	95	O	5.55	A	-		
926	96	O	5.55	G	-		
926	97	O	5.55	T	-		
926	98	O	5.55	C	-		
926	99	O	5.55	T	-		
926	100	O	5.55	C	-		
926	101	O	5.55	A	-		
926	102	O	5.55	A	-		
926	103	O	5.55	A	-		
926	104	O	5.55	G	-		
926	105	O	5.55	T	-		
926	106	O	5.55	T	-		
926	107	O	5.55	C	-		
926	108	O	5.55	T	-		
926	109	O	5.55	T	-		
927	0	O	5.55	T	-		
927	1	O	5.55	G	-		
927	2	O	5.55	G	-		
927	3	O	5.55	C	-		
927	4	O	5.55	T	-		
927	5	O	5.55	T	-		
927	6	O	5.55	C	-		
927	7	O	5.55	G	-		
927	8	O	5.55	C	-		
927	9	O	5.55	T	-		
927	10	O	5.55	G	-		
927	11	O	5.55	G	-		
927	12	O	5.55	C	-		
927	13	O	5.55	C	-		
927	14	O	5.55	A	-		
927	15	O	5.55	C	-		
927	16	O	5.55	G	-		
927	17	O	5.55	T	-		
927	18	O	5.55	C	-		
927	19	O	5.55	T	-		
927	20	O	5.55	T	-		
927	21	O	5.55	C	-		
927	22	O	5.55	G	-		
927	23	O	5.55	C	-		
927	24	O	5.55	T	-		
927	25	O	5.55	C	-		
927	26	O	5.55	G	-		
927	27	O	5.55	A	-		
927	28	O	5.55	C	-		
927	29	O	5.55	T	-		
927	30	O	5.55	C	-		
927	31	O	5.55	T	-		
927	32	O	5.55	G	-		
927	33	O	5.55	G	-		
927	34	O	5.55	C	-		
927	35	O	5.55	T	-		
927	36	O	5.55	C	-		
927	37	O	5.55	G	-		
927	38	O	5.55	T	-		
927	39	O	5.55	C	-		
927	40	O	5.55	T	-		
927	41	O	5.55	G	-		
927	42	O	5.55	G	-		
927	43	O	5.55	G	-		
927	44	O	5.55	T	-		
927	45	O	5.55	A	-		
927	46	O	5.55	G	-		
927	47	O	5.55	C	-		
927	48	O	5.55	C	-		
927	49	O	5.55	G	-		
927	50	O	5.55	T	-		
927	51	O	5.55	C	-		
927	52	O	5.55	G	-		
927	53	O	5.55	C	-		
927	54	O	5.55	T	-		
927	55	O	5.55	C	-		
927	56	O	5.55	G	-		
927	57	O	5.55	T	-		
927	58	O	5.55	G	-		
927	59	O	5.55	A	-		
927	60	O	5.55	T	-		
927	61	O	5.55	G	-		
927	62	O	5.55	C	-		
927	63	O	5.55	T	-		
927	64	O	5.55	G	-		
927	65	O	5.55	C	-		
927	66	O	5.55	C	-		
927	67	O	5.55	A	-		
927	68	O	5.55	G	-		
927	69	O	5.55	G	-		
927	70	O	5.55	G	-		
927	71	O	5.55	T	-		
927	72	O	5.55	C	-		
927	73	O	5.55	C	-		
927	74	O	5.55	A	-		
927	75	O	5.55	A	-		
927	76	O	5.55	G	-		
927	77	O	5.55	G	-		
927	78	O	5.55	G	-		
927	79	O	5.55	C	-		
927	80	O	5.55	G	-		
927	81	O	5.55	C	-		
927	82	O	5.55	T	-		
927	83	O	5.55	C	-		
927	84	O	5.55	T	-		
927	85	O	5.55	C	-		
927	86	O	5.55	A	-		
927	87	O	5.55	C	-		
927	88	O	5.55	G	-		
927	89	O	5.55	T	-		
927	90	O	5.55	C	-		
927	91	O	5.55	T	-		
927	92	O	5.55	G	-		
927	93	O	5.55	G	-		
927	94	O	5.55	A	-		
927	95	O	5.55	A	-		
927	96	O	5.55	A	-		
927	97	O	5.55	G	-		
927	98	O	5.55	T	-		
927	99	O	5.55	C	-		
927	100	O	5.55	T	-		
927	101	O	5.55	T	-		
927	102	O	5.55	C	-		
927	103	O	5.55	G	-		
927	104	O	5.55	G	-		
927	105	O	5.55	C	-		
927	106	O	5.55	T	-		
927	107	O	5.55	C	-		
927	108	O	5.55	G	-		
927	109	O	5.55	T	-		
928	0	O	23.57	C	-		
928	1	O	23.57	T	-		
928	2	O	23.57	C	-		
928	3	O	23.57	C	-		
928	4	O	23.57	G	-		
928	5	O	23.57	C	-		
928	6	O	23.57	T	-		
928	7	O	23.57	T	-		
928	8	O	23.57	T	-		
928	9	O	23.57	C	-		
928	10	O	23.57	G	-		
928	11	O	23.57	C	-		
928	12	O	23.57	C	-		
928	13	O	23.57	C	-		
928	14	O	23.57	C	-		
928	15	O	23.57	C	-		
928	16	O	23.57	A	-		
928	17	O	23.57	G	-		
928	18	O	23.57	C	-		
928	19	O	23.57	T	-		
928	20	O	23.57	G	-		
928	21	O	23.57	A	-		
928	22	O	23.57	T	-		
928	23	O	23.57	C	-		
928	24	O	23.57	G	-		
928	25	O	23.57	G	-		
928	26	O	23.57	C	-		
928	27	O	23.57	G	-		
928	28	O	23.57	C	-		
928	29	O	23.57	G	-		
928	30	O	23.57	C	-		
928	31	O	23.57	T	-		
928	32	O	23.57	G	-		
928	33	O	23.57	A	-		
928	34	O	23.57	T	-		
928	35	O	23.57	C	-		
928	36	O	23.57	C	-		
928	37	O	23.57	A	-		
928	38	O	23.57	G	-		
928	39	O	23.57	T	-		
928	40	O	23.57	T	-		
928	41	O	23.57	C	-		
928	42	O	23.57	G	-		
928	43	O	23.57	C	-		
928	44	O	23.57	T	-		
928	45	O	23.57	C	-		
928	46	O	23.57	C	-		
928	47	O	23.57	T	-		
928	48	O	23.57	G	-		
928	49	O	23.57	A	-		
928	50	O	23.57	G	-		
928	51	O	23.57	C	-		
928	52	O	23.57	T	-		
928	53	O	23.57	A	-		
928	54	O	23.57	A	-		
928	55	O	23.57	T	-		
928	56	O	23.57	G	-		
928	57	O	23.57	G	-		
928	58	O	23.57	A	-		
928	59	O	23.57	T	-		
928	60	O	23.57	A	-		
928	61	O	23.57	C	-		
928	62	O	23.57	C	-		
928	63	O	23.57	A	-		
928	64	O	23.57	G	-		
928	65	O	23.57	A	-		
928	66	O	23.57	C	-		
928	67	O	23.57	G	-		
928	68	O	23.57	A	-		
928	69	O	23.57	T	-		
928	70	O	23.57	C	-		
928	71	O	23.57	C	-		
928	72	O	23.57	A	-		
928	73	O	23.57	G	-		
928	74	O	23.57	A	-		
928	75	O	23.57	C	-		
928	76	O	23.57	G	-		
928	77	O	23.57	G	-		
928	78	O	23.57	C	-		
928	79	O	23.57	C	-		
928	80	O	23.57	C	-		
928	81	O	23.57	A	-		
928	82	O	23.57	A	-		
928	83	O	23.57	C	-		
928	84	O	23.57	A	-		
928	85	O	23.57	G	-		
928	86	O	23.57	G	-		
928	87	O	23.57	C	-		
928	88	O	23.57	C	-		
928	89	O	23.57	G	-		
928	90	O	23.57	A	-		
928	91	O	23.57	C	-		
928	92	O	23.57	C	-		
928	93	O	23.57	G	-		
928	94	O	23.57	G	-		
928	95	O	23.57	C	-		
928	96	O	23.57	C	-		
928	97	O	23.57	G	-		
928	98	O	23.57	A	-		
928	99	O	23.57	C	-		
928	100	O	23.57	T	-		
928	101	O	23.57	A	-		
928	102	O	23.57	G	-		
928	103	O	23.57	C	-		
928	104	O	23.57	C	-		
928	105	O	23.57	G	-		
928	106	O	23.57	G	-		
928	107	O	23.57	C	-		
928	108	O	23.57	C	-		
928	109	O	23.57	A	-		
929	0	O	9.70	G	-		
929	1	O	9.70	C	-		
929	2	O	9.70	G	-		
929	3	O	9.70	G	-		
929	4	O	9.70	C	-		
929	5	O	9.70	A	-		
929	6	O	9.70	A	-		
929	7	O	9.70	C	-		
929	8	O	9.70	T	-		
929	9	O	9.70	G	-		
929	10	O	9.70	G	-		
929	11	O	9.70	G	-		
929	12	O	9.70	A	-		
929	13	O	9.70	C	-		
929	14	O	9.70	G	-		
929	15	O	9.70	T	-		
929	16	O	9.70	G	-		
929	17	O	9.70	C	-		
929	18	O	9.70	A	-		
929	19	O	9.70	G	-		
929	20	O	9.70	A	-		
929	21	O	9.70	C	-		
929	22	O	9.70	C	-		
929	23	O	9.70	C	-		
929	24	O	9.70	G	-		
929	25	O	9.70	C	-		
929	26	O	9.70	C	-		
929	27	O	9.70	C	-		
929	28	O	9.70	G	-		
929	29	O	9.70	G	-		
929	30	O	9.70	A	-		
929	31	O	9.70	G	-		
929	32	O	9.70	A	-		
929	33	O	9.70	A	-		
929	34	O	9.70	G	-		
929	35	O	9.70	T	-		
929	36	O	9.70	A	-		
929	37	O	9.70	C	-		
929	38	O	9.70	A	-		
929	39	O	9.70	G	-		
929	40	O	9.70	C	-		
929	41	U	1.77	A	C		
929	42	O	9.70	A	-		
929	43	O	9.70	C	-		
929	44	O	9.70	A	-		
929	45	O	9.70	C	-		
929	46	O	9.70	C	-		
929	47	O	9.70	C	-		
929	48	O	9.70	C	-		
929	49	O	9.70	G	-		
929	50	O	9.70	G	-		
929	51	O	9.70	A	-		
929	52	O	9.70	G	-		
929	53	O	9.70	A	-		
929	54	O	9.70	A	-		
929	55	O	9.70	G	-		
929	56	O	9.70	G	-		
929	57	O	9.70	G	-		
929	58	O	9.70	C	-		
929	59	O	9.70	C	-		
929	60	O	9.70	C	-		
929	61	O	9.70	C	-		
929	62	O	9.70	T	-		
929	63	O	9.70	A	-		
929	64	O	9.70	C	-		
929	65	O	9.70	C	-		
929	66	O	9.70	G	-		
929	67	O	9.70	C	-		
929	68	O	9.70	C	-		
929	69	O	9.70	A	-		
929	70	O	9.70	G	-		
929	71	O	9.70	C	-		
929	72	O	9.70	A	-		
929	73	O	9.70	C	-		
929	74	O	9.70	T	-		
929	75	O	9.70	T	-		
929	76	O	9.70	C	-		
929	77	O	9.70	C	-		
929	78	O	9.70	A	-		
929	79	O	9.70	C	-		
929	80	O	9.70	C	-		
929	81	O	9.70	T	-		
929	82	O	9.70	C	-		
929	83	O	9.70	C	-		
929	84	O	9.70	T	-		
929	85	O	9.70	C	-		
929	86	O	9.70	C	-		
929	87	O	9.70	C	-		
929	88	O	9.70	C	-		
929	89	O	9.70	C	-		
929	90	O	9.70	T	-		
929	91	O	9.70	C	-		
929	92	O	9.70	C	-		
929	93	O	9.70	G	-		
929	94	O	9.70	C	-		
929	95	O	9.70	A	-		
929	96	O	9.70	C	-		
929	97	O	9.70	C	-		
929	98	O	9.70	G	-		
929	99	O	9.70	G	-		
929	100	O	9.70	C	-		
929	101	O	9.70	G	-		
929	102	O	9.70	A	-		
929	103	O	9.70	G	-		
929	104	O	9.70	A	-		
929	105	O	9.70	A	-		
929	106	O	9.70	C	-		
929	107	O	9.70	C	-		
929	108	O	9.70	C	-		
929	109	O	9.70	G	-		
930	0	O	5.55	A	-		
930	1	O	5.55	A	-		
930	2	O	5.55	C	-		
930	3	O	5.55	T	-		
930	4	O	5.55	G	-		
930	5	O	5.55	C	-		
930	6	O	5.55	T	-		
930	7	O	5.55	T	-		
930	8	O	5.55	T	-		
930	9	O	5.55	T	-		
930	10	O	5.55	C	-		
930	11	O	5.55	T	-		
930	12	O	5.55	C	-		
930	13	O	5.55	T	-		
930	14	O	5.55	C	-		
930	15	O	5.55	A	-		
930	16	O	5.55	T	-		
930	17	O	5.55	T	-		
930	18	O	5.55	A	-		
930	19	O	5.55	G	-		
930	20	O	5.55	T	-		
930	21	O	5.55	T	-		
930	22	O	5.55	T	-		
930	23	O	5.55	G	-		
930	24	O	5.55	G	-		
930	25	O	5.55	A	-		
930	26	O	5.55	C	-		
930	27	O	5.55	A	-		
930	28	O	5.55	A	-		
930	29	O	5.55	T	-		
930	30	O	5.55	G	-		
930	31	O	5.55	A	-		
930	32	O	5.55	T	-		
930	33	O	5.55	G	-		
930	34	O	5.55	C	-		
930	35	O	5.55	T	-		
930	36	O	5.55	A	-		
930	37	O	5.55	C	-		
930	38	O	5.55	A	-		
930	39	O	5.55	C	-		
930	40	O	5.55	T	-		
930	41	O	5.55	T	-		
930	42	O	5.55	A	-		
930	43	O	5.55	T	-		
930	44	O	5.55	A	-		
930	45	O	5.55	T	-		
930	46	O	5.55	T	-		
930	47	O	5.55	T	-		
930	48	O	5.55	T	-		
930	49	O	5.55	A	-		
930	50	O	5.55	C	-		
930	51	O	5.55	T	-		
930	52	O	5.55	G	-		
930	53	O	5.55	T	-		
930	54	O	5.55	T	-		
930	55	O	5.55	T	-		
930	56	O	5.55	G	-		
930	57	O	5.55	G	-		
930	58	O	5.55	T	-		
930	59	O	5.55	A	-		
930	60	O	5.55	C	-		
930	61	O	5.55	T	-		
930	62	O	5.55	G	-		
930	63	O	5.55	C	-		
930	64	O	5.55	A	-		
930	65	O	5.55	A	-		
930	66	O	5.55	C	-		
930	67	O	5.55	T	-		
930	68	O	5.55	T	-		
930	69	O	5.55	C	-		
930	70	O	5.55	A	-		
930	71	O	5.55	A	-		
930	72	O	5.55	T	-		
930	73	O	5.55	A	-		
930	74	O	5.55	T	-		
930	75	O	5.55	G	-		
930	76	O	5.55	T	-		
930	77	O	5.55	G	-		
930	78	O	5.55	G	-		
930	79	O	5.55	T	-		
930	80	O	5.55	G	-		
930	81	O	5.55	A	-		
930	82	O	5.55	T	-		
930	83	O	5.55	C	-		
930	84	O	5.55	A	-		
930	85	O	5.55	A	-		
930	86	O	5.55	T	-		
930	87	O	5.55	C	-		
930	88	O	5.55	T	-		
930	89	O	5.55	A	-		
930	90	O	5.55	A	-		
930	91	O	5.55	A	-		
930	92	O	5.55	A	-		
930	93	O	5.55	A	-		
930	94	O	5.55	C	-		
930	95	O	5.55	A	-		
930	96	O	5.55	T	-		
930	97	O	5.55	G	-		
930	98	O	5.55	C	-		
930	99	O	5.55	C	-		
930	100	O	5.55	T	-		
930	101	O	5.55	G	-		
930	102	O	5.55	A	-		
930	103	O	5.55	A	-		
930	104	O	5.55	T	-		
930	105	O	5.55	C	-		
930	106	O	5.55	T	-		
930	107	O	5.55	T	-		
930	108	O	5.55	G	-		
930	109	O	5.55	A	-		
931	0	O	6.93	T	-		
931	1	O	6.93	G	-		
931	2	O	6.93	G	-		
931	3	O	6.93	T	-		
931	4	O	6.93	A	-		
931	5	O	6.93	C	-		
931	6	O	6.93	A	-		
931	7	O	6.93	T	-		
931	8	O	6.93	A	-		
931	9	O	6.93	A	-		
931	10	O	6.93	G	-		
931	11	O	6.93	T	-		
931	12	O	6.93	T	-		
931	13	O	6.93	A	-		
931	14	O	6.93	C	-		
931	15	O	6.93	A	-		
931	16	O	6.93	T	-		
931	17	O	6.93	A	-		
931	18	O	6.93	A	-		
931	19	O	6.93	G	-		
931	20	O	6.93	A	-		
931	21	O	6.93	T	-		
931	22	O	6.93	G	-		
931	23	O	6.93	T	-		
931	24	O	6.93	A	-		
931	25	O	6.93	C	-		
931	26	O	6.93	A	-		
931	27	O	6.93	T	-		
931	28	O	6.93	G	-		
931	29	O	6.93	C	-		
931	30	O	6.93	A	-		
931	31	O	6.93	A	-		
931	32	O	6.93	T	-		
931	33	O	6.93	G	-		
931	34	O	6.93	A	-		
931	35	O	6.93	A	-		
931	36	O	6.93	A	-		
931	37	O	6.93	A	-		
931	38	O	6.93	A	-		
931	39	O	6.93	A	-		
931	40	O	6.93	T	-		
931	41	O	6.93	A	-		
931	42	O	6.93	A	-		
931	43	O	6.93	T	-		
931	44	O	6.93	G	-		
931	45	O	6.93	G	-		
931	46	O	6.93	T	-		
931	47	O	6.93	T	-		
931	48	O	6.93	A	-		
931	49	O	6.93	T	-		
931	50	O	6.93	A	-		
931	51	O	6.93	A	-		
931	52	O	6.93	T	-		
931	53	O	6.93	A	-		
931	54	O	6.93	A	-		
931	55	O	6.93	A	-		
931	56	O	6.93	A	-		
931	57	O	6.93	T	-		
931	58	O	6.93	A	-		
931	59	O	6.93	T	-		
931	60	O	6.93	T	-		
931	61	O	6.93	T	-		
931	62	O	6.93	T	-		
931	63	O	6.93	T	-		
931	64	O	6.93	C	-		
931	65	O	6.93	T	-		
931	66	O	6.93	T	-		
931	67	O	6.93	C	-		
931	68	O	6.93	A	-		
931	69	O	6.93	A	-		
931	70	O	6.93	A	-		
931	71	O	6.93	A	-		
931	72	O	6.93	A	-		
931	73	O	6.93	A	-		
931	74	O	6.93	T	-		
931	75	O	6.93	A	-		
931	76	O	6.93	T	-		
931	77	O	6.93	C	-		
931	78	O	6.93	A	-		
931	79	O	6.93	T	-		
931	80	O	6.93	A	-		
931	81	O	6.93	A	-		
931	82	O	6.93	A	-		
931	83	O	6.93	A	-		
931	84	O	6.93	A	-		
931	85	O	6.93	A	-		
931	86	O	6.93	T	-		
931	87	O	6.93	G	-		
931	88	O	6.93	A	-		
931	89	O	6.93	T	-		
931	90	O	6.93	A	-		
931	91	O	6.93	A	-		
931	92	O	6.93	T	-		
931	93	O	6.93	A	-		
931	94	O	6.93	C	-		
931	95	O	6.93	A	-		
931	96	O	6.93	C	-		
931	97	O	6.93	T	-		
931	98	O	6.93	A	-		
931	99	O	6.93	G	-		
931	100	O	6.93	T	-		
931	101	O	6.93	A	-		
931	102	O	6.93	A	-		
931	103	O	6.93	A	-		
931	104	O	6.93	C	-		
931	105	O	6.93	A	-		
931	106	O	6.93	G	-		
931	107	O	6.93	G	-		
931	108	O	6.93	T	-		
931	109	O	6.93	A	-		
932	0	O	23.57	G	-		
932	1	O	23.57	C	-		
932	2	O	23.57	C	-		
932	3	O	23.57	A	-		
932	4	O	23.57	G	-		
932	5	O	23.57	C	-		
932	6	O	23.57	G	-		
932	7	O	23.57	T	-		
932	8	O	23.57	G	-		
932	9	O	23.57	G	-		
932	10	O	23.57	A	-		
932	11	O	23.57	G	-		
932	12	O	23.57	G	-		
932	13	O	23.57	T	-		
932	14	O	23.57	G	-		
932	15	O	23.57	T	-		
932	16	O	23.57	C	-		
932	17	O	23.57	T	-		
932	18	O	23.57	G	-		
932	19	O	23.57	G	-		
932	20	O	23.57	T	-		
932	21	O	23.57	G	-		
932	22	O	23.57	C	-		
932	23	O	23.57	G	-		
932	24	O	23.57	G	-		
932	25	O	23.57	G	-		
932	26	O	23.57	G	-		
932	27	O	23.57	A	-		
932	28	O	23.57	A	-		
932	29	O	23.57	G	-		
932	30	O	23.57	G	-		
932	31	O	23.57	C	-		
932	32	O	23.57	G	-		
932	33	O	23.57	G	-		
932	34	O	23.57	C	-		
932	35	O	23.57	A	-		
932	36	O	23.57	T	-		
932	37	O	23.57	C	-		
932	38	O	23.57	T	-		
932	39	O	23.57	C	-		
932	40	O	23.57	T	-		
932	41	O	23.57	G	-		
932	42	O	23.57	A	-		
932	43	O	23.57	G	-		
932	44	O	23.57	C	-		
932	45	O	23.57	G	-		
932	46	O	23.57	C	-		
932	47	O	23.57	G	-		
932	48	O	23.57	T	-		
932	49	O	23.57	C	-		
932	50	O	23.57	C	-		
932	51	O	23.57	A	-		
932	52	O	23.57	G	-		
932	53	O	23.57	G	-		
932	54	O	23.57	C	-		
932	55	O	23.57	C	-		
932	56	O	23.57	G	-		
932	57	O	23.57	G	-		
932	58	O	23.57	C	-		
932	59	O	23.57	C	-		
932	60	O	23.57	G	-		
932	61	O	23.57	G	-		
932	62	O	23.57	G	-		
932	63	O	23.57	T	-		
932	64	O	23.57	C	-		
932	65	O	23.57	G	-		
932	66	O	23.57	G	-		
932	67	O	23.57	A	-		
932	68	O	23.57	C	-		
932	69	O	23.57	T	-		
932	70	O	23.57	C	-		
932	71	O	23.57	G	-		
932	72	O	23.57	T	-		
932	73	O	23.57	C	-		
932	74	O	23.57	C	-		
932	75	O	23.57	T	-		
932	76	O	23.57	C	-		
932	77	O	23.57	G	-		
932	78	O	23.57	G	-		
932	79	O	23.57	G	-		
932	80	O	23.57	C	-		
932	81	O	23.57	G	-		
932	82	O	23.57	C	-		
932	83	O	23.57	A	-		
932	84	O	23.57	C	-		
932	85	O	23.57	T	-		
932	86	O	23.57	G	-		
932	87	O	23.57	G	-		
932	88	O	23.57	C	-		
932	89	O	23.57	G	-		
932	90	O	23.57	T	-		
932	91	O	23.57	A	-		
932	92	O	23.57	C	-		
932	93	O	23.57	T	-		
932	94	O	23.57	G	-		
932	95	O	23.57	G	-		
932	96	O	23.57	T	-		
932	97	O	23.57	A	-		
932	98	O	23.57	G	-		
932	99	O	23.57	A	-		
932	100	O	23.57	C	-		
932	101	O	23.57	G	-		
932	102	O	23.57	G	-		
932	103	O	23.57	C	-		
932	104	O	23.57	C	-		
932	105	O	23.57	G	-		
932	106	O	23.57	T	-		
932	107	O	23.57	C	-		
932	108	O	23.57	G	-		
932	109	O	23.57	T	-		
933	0	O	8.32	G	-		
933	1	O	8.32	T	-		
933	2	O	8.32	C	-		
933	3	O	8.32	A	-		
933	4	O	8.32	G	-		
933	5	O	8.32	C	-		
933	6	O	8.32	A	-		
933	7	O	8.32	A	-		
933	8	O	8.32	G	-		
933	9	O	8.32	C	-		
933	10	O	8.32	T	-		
933	11	O	8.32	T	-		
933	12	O	8.32	C	-		
933	13	O	8.32	T	-		
933	14	O	8.32	C	-		
933	15	O	8.32	T	-		
933	16	O	8.32	C	-		
933	17	O	8.32	A	-		
933	18	O	8.32	C	-		
933	19	O	8.32	C	-		
933	20	O	8.32	C	-		
933	21	O	8.32	T	-		
933	22	O	8.32	A	-		
933	23	O	8.32	C	-		
933	24	O	8.32	C	-		
933	25	O	8.32	T	-		
933	26	O	8.32	G	-		
933	27	O	8.32	T	-		
933	28	O	8.32	T	-		
933	29	O	8.32	C	-		
933	30	O	8.32	G	-		
933	31	O	8.32	C	-		
933	32	O	8.32	G	-		
933	33	O	8.32	G	-		
933	34	O	8.32	G	-		
933	35	O	8.32	C	-		
933	36	O	8.32	C	-		
933	37	O	8.32	A	-		
933	38	O	8.32	G	-		
933	39	O	8.32	T	-		
933	40	O	8.32	C	-		
933	41	O	8.32	G	-		
933	42	O	8.32	G	-		
933	43	O	8.32	G	-		
933	44	O	8.32	C	-		
933	45	O	8.32	G	-		
933	46	O	8.32	C	-		
933	47	O	8.32	C	-		
933	48	O	8.32	C	-		
933	49	O	8.32	T	-		
933	50	O	8.32	C	-		
933	51	O	8.32	G	-		
933	52	O	8.32	G	-		
933	53	O	8.32	C	-		
933	54	O	8.32	C	-		
933	55	O	8.32	A	-		
933	56	O	8.32	G	-		
933	57	O	8.32	G	-		
933	58	O	8.32	A	-		
933	59	O	8.32	C	-		
933	60	O	8.32	C	-		
933	61	O	8.32	C	-		
933	62	O	8.32	C	-		
933	63	O	8.32	A	-		
933	64	O	8.32	T	-		
933	65	O	8.32	G	-		
933	66	O	8.32	A	-		
933	67	O	8.32	T	-		
933	68	O	8.32	G	-		
933	69	O	8.32	A	-		
933	70	O	8.32	C	-		
933	71	O	8.32	C	-		
933	72	O	8.32	T	-		
933	73	O	8.32	C	-		
933	74	O	8.32	G	-		
933	75	O	8.32	G	-		
933	76	O	8.32	G	-		
933	77	O	8.32	C	-		
933	78	O	8.32	T	-		
933	79	O	8.32	C	-		
933	80	O	8.32	G	-		
933	81	O	8.32	C	-		
933	82	O	8.32	T	-		
933	83	O	8.32	C	-		
933	84	O	8.32	G	-		
933	85	O	8.32	C	-		
933	86	O	8.32	C	-		
933	87	O	8.32	G	-		
933	88	O	8.32	G	-		
933	89	O	8.32	T	-		
933	90	O	8.32	C	-		
933	91	O	8.32	C	-		
933	92	O	8.32	C	-		
933	93	O	8.32	G	-		
933	94	O	8.32	C	-		
933	95	O	8.32	C	-		
933	96	O	8.32	T	-		
933	97	O	8.32	A	-		
933	98	O	8.32	C	-		
933	99	O	8.32	T	-		
933	100	O	8.32	T	-		
933	101	O	8.32	C	-		
933	102	O	8.32	A	-		
933	103	O	8.32	C	-		
933	104	O	8.32	G	-		
933	105	O	8.32	C	-		
933	106	O	8.32	C	-		
933	107	O	8.32	C	-		
933	108	O	8.32	G	-		
933	109	O	8.32	G	-		
934	0	O	8.32	T	-		
934	1	O	8.32	G	-		
934	2	O	8.32	C	-		
934	3	O	8.32	T	-		
934	4	O	8.32	C	-		
934	5	O	8.32	G	-		
934	6	O	8.32	T	-		
934	7	O	8.32	C	-		
934	8	O	8.32	C	-		
934	9	O	8.32	T	-		
934	10	O	8.32	A	-		
934	11	O	8.32	T	-		
934	12	O	8.32	C	-		
934	13	O	8.32	G	-		
934	14	O	8.32	C	-		
934	15	O	8.32	G	-		
934	16	O	8.32	T	-		
934	17	O	8.32	C	-		
934	18	O	8.32	C	-		
934	19	O	8.32	G	-		
934	20	O	8.32	C	-		
934	21	O	8.32	T	-		
934	22	O	8.32	T	-		
934	23	O	8.32	G	-		
934	24	O	8.32	A	-		
934	25	O	8.32	A	-		
934	26	O	8.32	C	-		
934	27	O	8.32	C	-		
934	28	O	8.32	A	-		
934	29	O	8.32	G	-		
934	30	O	8.32	C	-		
934	31	O	8.32	C	-		
934	32	O	8.32	A	-		
934	33	O	8.32	G	-		
934	34	O	8.32	T	-		
934	35	O	8.32	A	-		
934	36	O	8.32	C	-		
934	37	O	8.32	A	-		
934	38	O	8.32	G	-		
934	39	O	8.32	T	-		
934	40	O	8.32	C	-		
934	41	O	8.32	C	-		
934	42	O	8.32	T	-		
934	43	O	8.32	T	-		
934	44	O	8.32	A	-		
934	45	O	8.32	G	-		
934	46	O	8.32	C	-		
934	47	O	8.32	T	-		
934	48	O	8.32	G	-		
934	49	O	8.32	A	-		
934	50	O	8.32	A	-		
934	51	O	8.32	G	-		
934	52	O	8.32	C	-		
934	53	O	8.32	C	-		
934	54	O	8.32	T	-		
934	55	O	8.32	C	-		
934	56	O	8.32	T	-		
934	57	O	8.32	G	-		
934	58	O	8.32	C	-		
934	59	O	8.32	G	-		
934	60	O	8.32	G	-		
934	61	O	8.32	C	-		
934	62	O	8.32	C	-		
934	63	O	8.32	A	-		
934	64	O	8.32	T	-		
934	65	O	8.32	G	-		
934	66	O	8.32	C	-		
934	67	O	8.32	G	-		
934	68	O	8.32	A	-		
934	69	O	8.32	T	-		
934	70	O	8.32	C	-		
934	71	O	8.32	A	-		
934	72	O	8.32	A	-		
934	73	O	8.32	T	-		
934	74	O	8.32	C	-		
934	75	O	8.32	G	-		
934	76	O	8.32	C	-		
934	77	O	8.32	C	-		
934	78	O	8.32	T	-		
934	79	O	8.32	C	-		
934	80	O	8.32	G	-		
934	81	O	8.32	C	-		
934	82	O	8.32	T	-		
934	83	O	8.32	A	-		
934	84	O	8.32	T	-		
934	85	O	8.32	C	-		
934	86	O	8.32	C	-		
934	87	O	8.32	T	-		
934	88	O	8.32	C	-		
934	89	O	8.32	G	-		
934	90	O	8.32	C	-		
934	91	O	8.32	G	-		
934	92	O	8.32	C	-		
934	93	O	8.32	T	-		
934	94	O	8.32	T	-		
934	95	O	8.32	T	-		
934	96	O	8.32	A	-		
934	97	O	8.32	G	-		
934	98	O	8.32	G	-		
934	99	O	8.32	G	-		
934	100	O	8.32	C	-		
934	101	O	8.32	C	-		
934	102	O	8.32	T	-		
934	103	O	8.32	T	-		
934	104	O	8.32	T	-		
934	105	O	8.32	A	-		
934	106	O	8.32	G	-		
934	107	O	8.32	G	-		
934	108	O	8.32	C	-		
934	109	O	8.32	T	-		
935	0	O	8.32	G	-		
935	1	O	8.32	C	-		
935	2	O	8.32	C	-		
935	3	O	8.32	C	-		
935	4	O	8.32	G	-		
935	5	O	8.32	G	-		
935	6	O	8.32	T	-		
935	7	O	8.32	C	-		
935	8	O	8.32	G	-		
935	9	O	8.32	C	-		
935	10	O	8.32	C	-		
935	11	O	8.32	G	-		
935	12	O	8.32	C	-		
935	13	O	8.32	C	-		
935	14	O	8.32	G	-		
935	15	O	8.32	A	-		
935	16	O	8.32	T	-		
935	17	O	8.32	C	-		
935	18	O	8.32	A	-		
935	19	O	8.32	G	-		
935	20	O	8.32	G	-		
935	21	O	8.32	G	-		
935	22	O	8.32	C	-		
935	23	O	8.32	G	-		
935	24	O	8.32	G	-		
935	25	O	8.32	G	-		
935	26	O	8.32	G	-		
935	27	O	8.32	C	-		
935	28	O	8.32	C	-		
935	29	O	8.32	G	-		
935	30	O	8.32	T	-		
935	31	O	8.32	T	-		
935	32	O	8.32	G	-		
935	33	O	8.32	G	-		
935	34	O	8.32	C	-		
935	35	O	8.32	T	-		
935	36	O	8.32	T	-		
935	37	O	8.32	C	-		
935	38	O	8.32	C	-		
935	39	O	8.32	A	-		
935	40	O	8.32	G	-		
935	41	O	8.32	C	-		
935	42	O	8.32	C	-		
935	43	O	8.32	A	-		
935	44	O	8.32	G	-		
935	45	O	8.32	G	-		
935	46	O	8.32	C	-		
935	47	O	8.32	G	-		
935	48	O	8.32	A	-		
935	49	O	8.32	A	-		
935	50	O	8.32	G	-		
935	51	O	8.32	A	-		
935	52	O	8.32	A	-		
935	53	O	8.32	C	-		
935	54	O	8.32	C	-		
935	55	O	8.32	T	-		
935	56	O	8.32	G	-		
935	57	O	8.32	G	-		
935	58	O	8.32	C	-		
935	59	O	8.32	G	-		
935	60	O	8.32	T	-		
935	61	O	8.32	C	-		
935	62	O	8.32	G	-		
935	63	O	8.32	C	-		
935	64	O	8.32	C	-		
935	65	O	8.32	G	-		
935	66	O	8.32	A	-		
935	67	O	8.32	T	-		
935	68	O	8.32	C	-		
935	69	O	8.32	A	-		
935	70	O	8.32	G	-		
935	71	O	8.32	C	-		
935	72	O	8.32	C	-		
935	73	O	8.32	C	-		
935	74	O	8.32	G	-		
935	75	O	8.32	G	-		
935	76	O	8.32	C	-		
935	77	O	8.32	C	-		
935	78	O	8.32	T	-		
935	79	O	8.32	T	-		
935	80	O	8.32	G	-		
935	81	O	8.32	G	-		
935	82	O	8.32	C	-		
935	83	O	8.32	A	-		
935	84	O	8.32	A	-		
935	85	O	8.32	T	-		
935	86	O	8.32	C	-		
935	87	O	8.32	T	-		
935	88	O	8.32	C	-		
935	89	O	8.32	G	-		
935	90	O	8.32	G	-		
935	91	O	8.32	C	-		
935	92	O	8.32	G	-		
935	93	O	8.32	T	-		
935	94	O	8.32	A	-		
935	95	O	8.32	G	-		
935	96	O	8.32	C	-		
935	97	O	8.32	C	-		
935	98	O	8.32	G	-		
935	99	O	8.32	G	-		
935	100	O	8.32	C	-		
935	101	O	8.32	G	-		
935	102	O	8.32	C	-		
935	103	O	8.32	G	-		
935	104	O	8.32	C	-		
935	105	O	8.32	A	-		
935	106	O	8.32	G	-		
935	107	O	8.32	C	-		
935	108	O	8.32	T	-		
935	109	O	8.32	G	-		
936	0	O	5.55	C	-		
936	1	O	5.55	G	-		
936	2	O	5.55	A	-		
936	3	O	5.55	T	-		
936	4	O	5.55	G	-		
936	5	O	5.55	T	-		
936	6	O	5.55	T	-		
936	7	O	5.55	G	-		
936	8	O	5.55	G	-		
936	9	O	5.55	A	-		
936	10	O	5.55	A	-		
936	11	O	5.55	C	-		
936	12	O	5.55	A	-		
936	13	O	5.55	A	-		
936	14	O	5.55	G	-		
936	15	O	5.55	T	-		
936	16	O	5.55	G	-		
936	17	O	5.55	A	-		
936	18	O	5.55	A	-		
936	19	O	5.55	G	-		
936	20	O	5.55	C	-		
936	21	O	5.55	A	-		
936	22	O	5.55	A	-		
936	23	O	5.55	C	-		
936	24	O	5.55	T	-		
936	25	O	5.55	C	-		
936	26	O	5.55	A	-		
936	27	O	5.55	A	-		
936	28	O	5.55	G	-		
936	29	O	5.55	T	-		
936	30	O	5.55	T	-		
936	31	O	5.55	C	-		
936	32	O	5.55	A	-		
936	33	O	5.55	T	-		
936	34	O	5.55	C	-		
936	35	O	5.55	C	-		
936	36	O	5.55	T	-		
936	37	O	5.55	G	-		
936	38	O	5.55	A	-		
936	39	O	5.55	G	-		
936	40	O	5.55	A	-		
936	41	O	5.55	G	-		
936	42	O	5.55	C	-		
936	43	O	5.55	C	-		
936	44	O	5.55	T	-		
936	45	O	5.55	C	-		
936	46	O	5.55	T	-		
936	47	O	5.55	A	-		
936	48	O	5.55	C	-		
936	49	O	5.55	C	-		
936	50	O	5.55	G	-		
936	51	O	5.55	C	-		
936	52	O	5.55	G	-		
936	53	O	5.55	C	-		
936	54	O	5.55	C	-		
936	55	O	5.55	G	-		
936	56	O	5.55	A	-		
936	57	O	5.55	C	-		
936	58	O	5.55	T	-		
936	59	O	5.55	T	-		
936	60	O	5.55	C	-		
936	61	O	5.55	G	-		
936	62	O	5.55	C	-		
936	63	O	5.55	T	-		
936	64	O	5.55	T	-		
936	65	O	5.55	G	-		
936	66	O	5.55	T	-		
936	67	O	5.55	T	-		
936	68	O	5.55	A	-		
936	69	O	5.55	G	-		
936	70	O	5.55	C	-		
936	71	O	5.55	C	-		
936	72	O	5.55	A	-		
936	73	O	5.55	A	-		
936	74	O	5.55	T	-		
936	75	O	5.55	C	-		
936	76	O	5.55	G	-		
936	77	O	5.55	C	-		
936	78	O	5.55	T	-		
936	79	O	5.55	C	-		
936	80	O	5.55	G	-		
936	81	O	5.55	T	-		
936	82	O	5.55	C	-		
936	83	O	5.55	A	-		
936	84	O	5.55	A	-		
936	85	O	5.55	T	-		
936	86	O	5.55	G	-		
936	87	O	5.55	G	-		
936	88	O	5.55	A	-		
936	89	O	5.55	A	-		
936	90	O	5.55	C	-		
936	91	O	5.55	T	-		
936	92	O	5.55	C	-		
936	93	O	5.55	G	-		
936	94	O	5.55	A	-		
936	95	O	5.55	T	-		
936	96	O	5.55	C	-		
936	97	O	5.55	A	-		
936	98	O	5.55	G	-		
936	99	O	5.55	A	-		
936	100	O	5.55	T	-		
936	101	O	5.55	C	-		
936	102	O	5.55	G	-		
936	103	O	5.55	G	-		
936	104	O	5.55	A	-		
936	105	O	5.55	A	-		
936	106	O	5.55	G	-		
936	107	O	5.55	A	-		
936	108	O	5.55	G	-		
936	109	O	5.55	C	-		
937	0	O	5.55	T	-		
937	1	O	5.55	G	-		
937	2	O	5.55	C	-		
937	3	O	5.55	A	-		
937	4	O	5.55	T	-		
937	5	O	5.55	G	-		
937	6	O	5.55	T	-		
937	7	O	5.55	A	-		
937	8	O	5.55	C	-		
937	9	O	5.55	T	-		
937	10	O	5.55	C	-		
937	11	O	5.55	G	-		
937	12	O	5.55	T	-		
937	13	O	5.55	A	-		
937	14	O	5.55	C	-		
937	15	O	5.55	A	-		
937	16	O	5.55	T	-		
937	17	O	5.55	G	-		
937	18	O	5.55	A	-		
937	19	O	5.55	T	-		
937	20	O	5.55	G	-		
937	21	O	5.55	T	-		
937	22	O	5.55	C	-		
937	23	O	5.55	T	-		
937	24	O	5.55	T	-		
937	25	O	5.55	T	-		
937	26	O	5.55	G	-		
937	27	O	5.55	A	-		
937	28	O	5.55	G	-		
937	29	O	5.55	C	-		
937	30	O	5.55	T	-		
937	31	O	5.55	C	-		
937	32	O	5.55	T	-		
937	33	O	5.55	G	-		
937	34	O	5.55	G	-		
937	35	O	5.55	A	-		
937	36	O	5.55	G	-		
937	37	O	5.55	G	-		
937	38	O	5.55	G	-		
937	39	O	5.55	A	-		
937	40	O	5.55	A	-		
937	41	O	5.55	G	-		
937	42	O	5.55	C	-		
937	43	O	5.55	C	-		
937	44	O	5.55	G	-		
937	45	O	5.55	T	-		
937	46	O	5.55	C	-		
937	47	O	5.55	A	-		
937	48	O	5.55	A	-		
937	49	O	5.55	A	-		
937	50	O	5.55	A	-		
937	51	O	5.55	T	-		
937	52	O	5.55	C	-		
937	53	O	5.55	G	-		
937	54	O	5.55	A	-		
937	55	O	5.55	C	-		
937	56	O	5.55	C	-		
937	57	O	5.55	G	-		
937	58	O	5.55	T	-		
937	59	O	5.55	C	-		
937	60	O	5.55	C	-		
937	61	O	5.55	C	-		
937	62	O	5.55	G	-		
937	63	O	5.55	T	-		
937	64	O	5.55	G	-		
937	65	O	5.55	G	-		
937	66	O	5.55	T	-		
937	67	O	5.55	C	-		
937	68	O	5.55	G	-		
937	69	O	5.55	T	-		
937	70	O	5.55	G	-		
937	71	O	5.55	G	-		
937	72	O	5.55	G	-		
937	73	O	5.55	C	-		
937	74	O	5.55	T	-		
937	75	O	5.55	G	-		
937	76	O	5.55	C	-		
937	77	O	5.55	A	-		
937	78	O	5.55	G	-		
937	79	O	5.55	G	-		
937	80	O	5.55	T	-		
937	81	O	5.55	T	-		
937	82	O	5.55	T	-		
937	83	O	5.55	G	-		
937	84	O	5.55	C	-		
937	85	O	5.55	A	-		
937	86	O	5.55	A	-		
937	87	O	5.55	A	-		
937	88	O	5.55	G	-		
937	89	O	5.55	C	-		
937	90	O	5.55	A	-		
937	91	O	5.55	T	-		
937	92	O	5.55	C	-		
937	93	O	5.55	T	-		
937	94	O	5.55	T	-		
937	95	O	5.55	G	-		
937	96	O	5.55	G	-		
937	97	O	5.55	T	-		
937	98	O	5.55	T	-		
937	99	O	5.55	T	-		
937	100	O	5.55	T	-		
937	101	O	5.55	G	-		
937	102	O	5.55	T	-		
937	103	O	5.55	G	-		
937	104	O	5.55	A	-		
937	105	O	5.55	G	-		
937	106	O	5.55	A	-		
937	107	O	5.55	T	-		
937	108	O	5.55	T	-		
937	109	O	5.55	C	-		
938	0	O	16.64	A	-		
938	1	O	16.64	C	-		
938	2	O	16.64	C	-		
938	3	O	16.64	G	-		
938	4	O	16.64	G	-		
938	5	O	16.64	C	-		
938	6	O	16.64	G	-		
938	7	O	16.64	G	-		
938	8	O	16.64	A	-		
938	9	O	16.64	C	-		
938	10	O	16.64	A	-		
938	11	O	16.64	A	-		
938	12	O	16.64	A	-		
938	13	O	16.64	C	-		
938	14	O	16.64	A	-		
938	15	O	16.64	C	-		
938	16	O	16.64	G	-		
938	17	O	16.64	C	-		
938	18	O	16.64	C	-		
938	19	O	16.64	C	-		
938	20	O	16.64	G	-		
938	21	O	16.64	C	-		
938	22	O	16.64	T	-		
938	23	O	16.64	C	-		
938	24	O	16.64	G	-		
938	25	O	16.64	A	-		
938	26	O	16.64	C	-		
938	27	O	16.64	T	-		
938	28	O	16.64	G	-		
938	29	O	16.64	C	-		
938	30	O	16.64	T	-		
938	31	O	16.64	C	-		
938	32	O	16.64	G	-		
938	33	O	16.64	G	-		
938	34	O	16.64	A	-		
938	35	O	16.64	T	-		
938	36	O	16.64	G	-		
938	37	O	16.64	G	-		
938	38	O	16.64	T	-		
938	39	O	16.64	C	-		
938	40	O	16.64	G	-		
938	41	O	16.64	G	-		
938	42	O	16.64	C	-		
938	43	O	16.64	T	-		
938	44	O	16.64	G	-		
938	45	O	7.55	G	-		
938	46	O	16.64	T	-		
938	47	O	16.64	G	-		
938	48	O	16.64	G	-		
938	49	O	16.64	G	-		
938	50	O	16.64	G	-		
938	51	O	16.64	T	-		
938	52	O	16.64	A	-		
938	53	O	16.64	G	-		
938	54	O	16.64	T	-		
938	55	O	7.55	C	-		
938	56	O	16.64	G	-		
938	57	O	16.64	G	-		
938	58	O	16.64	A	-		
938	59	O	16.64	T	-		
938	60	O	16.64	G	-		
938	61	O	16.64	G	-		
938	62	O	16.64	C	-		
938	63	O	16.64	C	-		
938	64	O	16.64	G	-		
938	65	O	16.64	A	-		
938	66	O	16.64	G	-		
938	67	O	16.64	C	-		
938	68	O	16.64	A	-		
938	69	O	16.64	A	-		
938	70	O	16.64	C	-		
938	71	O	16.64	A	-		
938	72	O	16.64	A	-		
938	73	O	16.64	A	-		
938	74	O	16.64	C	-		
938	75	O	16.64	T	-		
938	76	O	16.64	A	-		
938	77	O	16.64	C	-		
938	78	O	16.64	A	-		
938	79	O	16.64	T	-		
938	80	O	16.64	C	-		
938	81	O	16.64	C	-		
938	82	O	16.64	A	-		
938	83	O	16.64	G	-		
938	84	O	7.55	C	-		
938	85	O	16.64	G	-		
938	86	O	16.64	G	-		
938	87	O	16.64	A	-		
938	88	O	16.64	C	-		
938	89	O	16.64	C	-		
938	90	O	16.64	A	-		
938	91	O	16.64	T	-		
938	92	O	16.64	T	-		
938	93	O	16.64	C	-		
938	94	O	16.64	G	-		
938	95	O	16.64	G	-		
938	96	O	16.64	G	-		
938	97	O	16.64	C	-		
938	98	O	16.64	G	-		
938	99	O	16.64	T	-		
938	100	O	16.64	C	-		
938	101	O	16.64	T	-		
938	102	O	16.64	T	-		
938	103	O	16.64	T	-		
938	104	O	16.64	G	-		
938	105	O	16.64	T	-		
938	106	O	16.64	T	-		
938	107	O	16.64	G	-		
938	108	O	16.64	A	-		
938	109	O	16.64	C	-		
939	0	O	6.93	A	-		
939	1	O	6.93	A	-		
939	2	O	6.93	A	-		
939	3	O	6.93	C	-		
939	4	O	6.93	G	-		
939	5	O	6.93	A	-		
939	6	O	6.93	A	-		
939	7	O	6.93	T	-		
939	8	O	6.93	A	-		
939	9	O	6.93	G	-		
939	10	O	6.93	T	-		
939	11	O	6.93	A	-		
939	12	O	6.93	A	-		
939	13	O	6.93	T	-		
939	14	O	6.93	A	-		
939	15	O	6.93	T	-		
939	16	O	6.93	G	-		
939	17	O	6.93	T	-		
939	18	O	6.93	A	-		
939	19	O	6.93	G	-		
939	20	O	6.93	T	-		
939	21	O	6.93	C	-		
939	22	O	6.93	C	-		
939	23	O	6.93	C	-		
939	24	O	6.93	A	-		
939	25	O	6.93	C	-		
939	26	O	6.93	C	-		
939	27	O	6.93	G	-		
939	28	O	6.93	T	-		
939	29	O	6.93	A	-		
939	30	O	6.93	A	-		
939	31	O	6.93	A	-		
939	32	O	6.93	T	-		
939	33	O	6.93	A	-		
939	34	O	6.93	G	-		
939	35	O	6.93	G	-		
939	36	O	6.93	T	-		
939	37	O	6.93	C	-		
939	38	O	6.93	C	-		
939	39	O	6.93	A	-		
939	40	O	6.93	T	-		
939	41	O	6.93	G	-		
939	42	O	6.93	A	-		
939	43	O	6.93	C	-		
939	44	O	6.93	A	-		
939	45	O	6.93	G	-		
939	46	O	6.93	C	-		
939	47	O	6.93	A	-		
939	48	O	6.93	G	-		
939	49	O	6.93	G	-		
939	50	O	6.93	C	-		
939	51	O	6.93	T	-		
939	52	O	6.93	A	-		
939	53	O	6.93	G	-		
939	54	O	6.93	T	-		
939	55	O	6.93	A	-		
939	56	O	6.93	T	-		
939	57	O	6.93	G	-		
939	58	O	6.93	T	-		
939	59	O	6.93	T	-		
939	60	O	6.93	T	-		
939	61	O	6.93	G	-		
939	62	O	6.93	A	-		
939	63	O	6.93	A	-		
939	64	O	6.93	G	-		
939	65	O	6.93	A	-		
939	66	O	6.93	G	-		
939	67	O	6.93	T	-		
939	68	O	6.93	T	-		
939	69	O	6.93	T	-		
939	70	O	6.93	G	-		
939	71	O	6.93	A	-		
939	72	O	6.93	A	-		
939	73	O	6.93	G	-		
939	74	O	6.93	A	-		
939	75	O	6.93	T	-		
939	76	O	6.93	T	-		
939	77	O	6.93	C	-		
939	78	O	6.93	T	-		
939	79	O	6.93	C	-		
939	80	O	6.93	C	-		
939	81	O	6.93	T	-		
939	82	O	6.93	G	-		
939	83	O	6.93	C	-		
939	84	O	6.93	C	-		
939	85	O	6.93	C	-		
939	86	O	6.93	A	-		
939	87	O	6.93	G	-		
939	88	O	6.93	G	-		
939	89	O	6.93	T	-		
939	90	O	6.93	A	-		
939	91	O	6.93	G	-		
939	92	O	6.93	A	-		
939	93	O	6.93	T	-		
939	94	O	6.93	T	-		
939	95	O	6.93	G	-		
939	96	O	6.93	A	-		
939	97	O	6.93	T	-		
939	98	O	6.93	G	-		
939	99	O	6.93	A	-		
939	100	O	6.93	T	-		
939	101	O	6.93	G	-		
939	102	O	6.93	T	-		
939	103	O	6.93	G	-		
939	104	O	6.93	A	-		
939	105	O	6.93	G	-		
939	106	O	6.93	A	-		
939	107	O	6.93	T	-		
939	108	O	6.93	G	-		
939	109	O	6.93	G	-		
940	0	U	0.00	-	-		
940	1	U	0.00	-	-		
940	2	U	0.00	-	-		
940	3	U	0.00	-	-		
940	4	U	0.00	-	-		
940	5	U	0.00	-	-		
940	6	U	0.00	-	-		
940	7	U	0.00	-	-		
940	8	U	0.00	-	-		
940	9	U	0.00	-	-		
940	10	U	0.00	-	-		
940	11	O	8.32	T	-		
940	12	O	8.32	T	-		
940	13	O	8.32	C	-		
940	14	O	8.32	G	-		
940	15	O	8.32	C	-		
940	16	O	8.32	T	-		
940	17	O	8.32	T	-		
940	18	O	8.32	G	-		
940	19	O	8.32	T	-		
940	20	O	8.32	G	-		
940	21	O	8.32	T	-		
940	22	O	8.32	G	-		
940	23	O	8.32	C	-		
940	24	O	8.32	G	-		
940	25	O	8.32	G	-		
940	26	O	8.32	C	-		
940	27	O	8.32	G	-		
940	28	O	8.32	G	-		
940	29	O	8.32	C	-		
940	30	O	8.32	C	-		
940	31	O	8.32	T	-		
940	32	O	8.32	G	-		
940	33	O	8.32	G	-		
940	34	O	8.32	A	-		
940	35	O	8.32	T	-		
940	36	O	8.32	A	-		
940	37	O	8.32	C	-		
940	38	O	8.32	C	-		
940	39	O	8.32	G	-		
940	40	O	8.32	G	-		
940	41	O	8.32	A	-		
940	42	O	8.32	T	-		
940	43	O	8.32	A	-		
940	44	O	8.32	A	-		
940	45	O	8.32	G	-		
940	46	O	8.32	T	-		
940	47	O	8.32	G	-		
940	48	O	8.32	T	-		
940	49	O	8.32	T	-		
940	50	O	8.32	G	-		
940	51	O	8.32	C	-		
940	52	O	8.32	T	-		
940	53	O	8.32	C	-		
940	54	O	8.32	C	-		
940	55	O	8.32	G	-		
940	56	O	8.32	G	-		
940	57	O	8.32	T	-		
940	58	O	8.32	C	-		
940	59	O	8.32	A	-		
940	60	O	8.32	T	-		
940	61	O	8.32	G	-		
940	62	O	8.32	G	-		
940	63	O	8.32	C	-		
940	64	O	8.32	G	-		
940	65	O	8.32	T	-		
940	66	O	8.32	C	-		
940	67	O	8.32	G	-		
940	68	O	8.32	T	-		
940	69	O	8.32	T	-		
940	70	O	8.32	T	-		
940	71	O	8.32	C	-		
940	72	O	8.32	G	-		
940	73	O	8.32	T	-		
940	74	O	8.32	T	-		
940	75	O	8.32	T	-		
940	76	O	8.32	G	-		
940	77	O	8.32	G	-		
940	78	O	8.32	C	-		
940	79	O	8.32	G	-		
940	80	O	8.32	A	-		
940	81	O	8.32	T	-		
940	82	O	8.32	A	-		
940	83	O	8.32	A	-		
940	84	O	8.32	C	-		
940	85	O	8.32	G	-		
940	86	O	8.32	T	-		
940	87	O	8.32	C	-		
940	88	O	8.32	G	-		
940	89	O	8.32	T	-		
940	90	O	8.32	T	-		
940	91	O	8.32	C	-		
940	92	O	8.32	G	-		
940	93	O	8.32	T	-		
940	94	O	8.32	T	-		
940	95	O	8.32	T	-		
940	96	O	8.32	A	-		
940	97	O	8.32	C	-		
940	98	O	8.32	T	-		
940	99	O	8.32	T	-		
940	100	O	8.32	G	-		
940	101	O	8.32	T	-		
940	102	O	8.32	A	-		
940	103	O	8.32	T	-		
940	104	O	8.32	A	-		
940	105	O	8.32	T	-		
940	106	O	8.32	G	-		
940	107	O	8.32	T	-		
940	108	O	8.32	T	-		
940	109	O	8.32	C	-		
940	110	U	0.00	-	-		
940	111	U	0.00	-	-		
940	112	U	0.00	-	-		
940	113	U	0.00	-	-		
940	114	U	0.00	-	-		
940	115	U	0.00	-	-		
940	116	U	0.00	-	-		
940	117	U	0.00	-	-		
940	118	U	0.00	-	-		
940	119	U	0.00	-	-		
940	120	U	0.00	-	-		
941	0	O	6.93	T	-		
941	1	O	6.93	A	-		
941	2	O	6.93	G	-		
941	3	O	6.93	C	-		
941	4	O	6.93	A	-		
941	5	O	6.93	A	-		
941	6	O	6.93	A	-		
941	7	O	6.93	G	-		
941	8	O	6.93	G	-		
941	9	O	6.93	A	-		
941	10	O	6.93	G	-		
941	11	O	6.93	A	-		
941	12	O	6.93	C	-		
941	13	O	6.93	A	-		
941	14	O	6.93	A	-		
941	15	O	6.93	A	-		
941	16	O	6.93	A	-		
941	17	O	6.93	G	-		
941	18	O	6.93	C	-		
941	19	O	6.93	T	-		
941	20	O	6.93	C	-		
941	21	O	6.93	C	-		
941	22	O	6.93	C	-		
941	23	O	6.93	T	-		
941	24	O	6.93	C	-		
941	25	O	6.93	C	-		
941	26	O	6.93	T	-		
941	27	O	6.93	T	-		
941	28	O	6.93	C	-		
941	29	O	6.93	G	-		
941	30	O	6.93	T	-		
941	31	O	6.93	T	-		
941	32	O	6.93	T	-		
941	33	O	6.93	G	-		
941	34	O	6.93	C	-		
941	35	O	6.93	C	-		
941	36	O	6.93	T	-		
941	37	O	6.93	A	-		
941	38	O	6.93	C	-		
941	39	O	6.93	C	-		
941	40	O	6.93	C	-		
941	41	O	6.93	G	-		
941	42	O	6.93	G	-		
941	43	O	6.93	C	-		
941	44	O	6.93	C	-		
941	45	O	6.93	A	-		
941	46	O	6.93	T	-		
941	47	O	6.93	A	-		
941	48	O	6.93	A	-		
941	49	O	6.93	G	-		
941	50	O	6.93	C	-		
941	51	O	6.93	C	-		
941	52	O	6.93	A	-		
941	53	O	6.93	T	-		
941	54	O	6.93	G	-		
941	55	O	6.93	G	-		
941	56	O	6.93	A	-		
941	57	O	6.93	G	-		
941	58	O	6.93	A	-		
941	59	O	6.93	G	-		
941	60	O	6.93	T	-		
941	61	O	6.93	G	-		
941	62	O	6.93	C	-		
941	63	O	6.93	T	-		
941	64	O	6.93	T	-		
941	65	O	6.93	T	-		
941	66	O	6.93	C	-		
941	67	O	6.93	A	-		
941	68	O	6.93	G	-		
941	69	O	6.93	G	-		
941	70	O	6.93	A	-		
941	71	O	6.93	G	-		
941	72	O	6.93	C	-		
941	73	O	6.93	A	-		
941	74	O	6.93	T	-		
941	75	O	6.93	C	-		
941	76	O	6.93	T	-		
941	77	O	6.93	T	-		
941	78	O	6.93	C	-		
941	79	O	6.93	C	-		
941	80	O	6.93	G	-		
941	81	O	6.93	A	-		
941	82	O	6.93	T	-		
941	83	O	6.93	C	-		
941	84	O	6.93	T	-		
941	85	O	6.93	C	-		
941	86	O	6.93	C	-		
941	87	O	6.93	T	-		
941	88	O	6.93	T	-		
941	89	O	6.93	C	-		
941	90	O	6.93	A	-		
941	91	O	6.93	T	-		
941	92	O	6.93	T	-		
941	93	O	6.93	T	-		
941	94	O	6.93	G	-		
941	95	O	6.93	C	-		
941	96	O	6.93	C	-		
941	97	O	6.93	C	-		
941	98	O	6.93	G	-		
941	99	O	6.93	G	-		
941	100	O	6.93	C	-		
941	101	O	6.93	G	-		
941	102	O	6.93	C	-		
941	103	O	6.93	A	-		
941	104	O	6.93	T	-		
941	105	O	6.93	C	-		
941	106	O	6.93	T	-		
941	107	O	6.93	G	-		
941	108	O	6.93	G	-		
941	109	O	6.93	T	-		
942	0	O	31.88	C	-		
942	1	O	31.88	A	-		
942	2	O	31.88	G	-		
942	3	O	31.88	G	-		
942	4	O	31.88	C	-		
942	5	O	31.88	G	-		
942	6	O	31.88	C	-		
942	7	O	31.88	T	-		
942	8	O	31.88	G	-		
942	9	O	31.88	G	-		
942	10	O	31.88	T	-		
942	11	O	31.88	G	-		
942	12	O	31.88	T	-		
942	13	O	31.88	C	-		
942	14	O	31.88	T	-		
942	15	O	31.88	A	-		
942	16	O	31.88	G	-		
942	17	O	31.88	C	-		
942	18	O	31.88	C	-		
942	19	O	31.88	C	-		
942	20	O	31.88	A	-		
942	21	O	31.88	G	-		
942	22	O	31.88	A	-		
942	23	O	31.88	G	-		
942	24	O	31.88	C	-		
942	25	O	31.88	T	-		
942	26	O	31.88	G	-		
942	27	O	31.88	C	-		
942	28	O	31.88	C	-		
942	29	O	31.88	G	-		
942	30	O	31.88	C	-		
942	31	O	31.88	T	-		
942	32	O	31.88	C	-		
942	33	O	31.88	G	-		
942	34	O	31.88	A	-		
942	35	O	31.88	G	-		
942	36	O	31.88	A	-		
942	37	O	31.88	G	-		
942	38	O	31.88	A	-		
942	39	O	31.88	G	-		
942	40	O	31.88	G	-		
942	41	O	31.88	A	-		
942	42	O	31.88	G	-		
942	43	O	31.88	A	-		
942	44	O	31.88	G	-		
942	45	O	31.88	T	-		
942	46	O	31.88	C	-		
942	47	O	31.88	G	-		
942	48	O	31.88	T	-		
942	49	O	31.88	G	-		
942	50	O	31.88	G	-		
942	51	O	31.88	A	-		
942	52	O	31.88	G	-		
942	53	O	31.88	G	-		
942	54	O	31.88	T	-		
942	55	O	31.88	G	-		
942	56	O	31.88	G	-		
942	57	O	31.88	A	-		
942	58	O	31.88	A	-		
942	59	O	31.88	G	-		
942	60	O	31.88	A	-		
942	61	O	31.88	A	-		
942	62	O	31.88	G	-		
942	63	O	31.88	G	-		
942	64	O	31.88	C	-		
942	65	O	31.88	G	-		
942	66	O	31.88	A	-		
942	67	O	31.88	T	-		
942	68	O	31.88	G	-		
942	69	O	31.88	T	-		
942	70	O	31.88	G	-		
942	71	O	31.88	A	-		
942	72	O	31.88	T	-		
942	73	O	31.88	C	-		
942	74	O	31.88	C	-		
942	75	O	31.88	A	-		
942	76	O	31.88	C	-		
942	77	O	31.88	A	-		
942	78	O	21.46	T	-		
942	79	O	31.88	G	-		
942	80	O	31.88	G	-		
942	81	O	31.88	G	-		
942	82	O	31.88	G	-		
942	83	O	31.88	G	-		
942	84	O	31.88	G	-		
942	85	O	31.88	A	-		
942	86	O	31.88	G	-		
942	87	O	31.88	G	-		
942	88	O	31.88	A	-		
942	89	O	31.88	G	-		
942	90	O	31.88	C	-		
942	91	O	31.88	G	-		
942	92	O	31.88	G	-		
942	93	O	31.88	A	-		
942	94	O	31.88	G	-		
942	95	O	31.88	T	-		
942	96	O	21.46	C	-		
942	97	O	31.88	G	-		
942	98	O	31.88	G	-		
942	99	O	31.88	C	-		
942	100	O	31.88	A	-		
942	101	O	31.88	G	-		
942	102	O	31.88	C	-		
942	103	O	31.88	T	-		
942	104	O	31.88	G	-		
942	105	O	31.88	C	-		
942	106	O	31.88	C	-		
942	107	O	31.88	C	-		
942	108	O	31.88	A	-		
942	109	O	31.88	G	-		
943	0	O	9.70	T	-		
943	1	O	9.70	T	-		
943	2	O	9.70	C	-		
943	3	O	9.70	C	-		
943	4	O	9.70	A	-		
943	5	O	9.70	G	-		
943	6	O	9.70	C	-		
943	7	O	9.70	C	-		
943	8	O	9.70	A	-		
943	9	O	9.70	G	-		
943	10	O	9.70	T	-		
943	11	O	9.70	T	-		
943	12	O	9.70	T	-		
943	13	O	9.70	T	-		
943	14	O	9.70	C	-		
943	15	O	9.70	T	-		
943	16	O	9.70	C	-		
943	17	O	9.70	T	-		
943	18	O	9.70	G	-		
943	19	O	9.70	C	-		
943	20	O	9.70	A	-		
943	21	O	9.70	C	-		
943	22	O	9.70	A	-		
943	23	O	9.70	A	-		
943	24	O	9.70	T	-		
943	25	O	9.70	C	-		
943	26	O	9.70	T	-		
943	27	O	9.70	A	-		
943	28	O	9.70	C	-		
943	29	O	9.70	G	-		
943	30	O	9.70	T	-		
943	31	O	9.70	C	-		
943	32	O	9.70	A	-		
943	33	O	9.70	T	-		
943	34	O	9.70	C	-		
943	35	O	9.70	T	-		
943	36	O	9.70	T	-		
943	37	O	9.70	G	-		
943	38	O	9.70	G	-		
943	39	O	9.70	C	-		
943	40	O	9.70	G	-		
943	41	O	9.70	C	-		
943	42	O	9.70	C	-		
943	43	O	9.70	A	-		
943	44	O	9.70	A	-		
943	45	O	9.70	A	-		
943	46	O	9.70	T	-		
943	47	O	9.70	T	-		
943	48	O	9.70	G	-		
943	49	O	9.70	C	-		
943	50	O	9.70	C	-		
943	51	O	9.70	T	-		
943	52	O	9.70	C	-		
943	53	O	9.70	C	-		
943	54	O	9.70	C	-		
943	55	O	9.70	T	-		
943	56	O	9.70	C	-		
943	57	O	9.70	G	-		
943	58	O	9.70	C	-		
943	59	O	9.70	C	-		
943	60	O	9.70	A	-		
943	61	O	9.70	G	-		
943	62	O	9.70	T	-		
943	63	O	9.70	C	-		
943	64	O	9.70	G	-		
943	65	O	9.70	C	-		
943	66	O	9.70	G	-		
943	67	O	9.70	C	-		
943	68	U	1.77	A	C		
943	69	O	9.70	C	-		
943	70	O	9.70	G	-		
943	71	O	9.70	C	-		
943	72	O	9.70	T	-		
943	73	O	9.70	C	-		
943	74	O	9.70	A	-		
943	75	O	9.70	C	-		
943	76	O	9.70	T	-		
943	77	O	9.70	A	-		
943	78	O	9.70	A	-		
943	79	O	9.70	T	-		
943	80	O	9.70	A	-		
943	81	O	9.70	G	-		
943	82	O	9.70	C	-		
943	83	O	9.70	T	-		
943	84	O	9.70	C	-		
943	85	O	9.70	A	-		
943	86	O	9.70	G	-		
943	87	O	9.70	C	-		
943	88	O	9.70	C	-		
943	89	O	9.70	G	-		
943	90	O	9.70	G	-		
943	91	O	9.70	C	-		
943	92	O	9.70	A	-		
943	93	O	9.70	A	-		
943	94	O	9.70	C	-		
943	95	O	9.70	A	-		
943	96	O	9.70	G	-		
943	97	O	9.70	G	-		
943	98	O	9.70	T	-		
943	99	O	9.70	G	-		
943	100	O	9.70	A	-		
943	101	O	9.70	G	-		
943	102	O	9.70	C	-		
943	103	O	9.70	G	-		
943	104	O	9.70	A	-		
943	105	O	9.70	C	-		
943	106	O	9.70	G	-		
943	107	O	9.70	C	-		
943	108	O	9.70	C	-		
943	109	O	9.70	G	-		
944	0	O	13.86	A	-		
944	1	O	13.86	A	-		
944	2	O	13.86	C	-		
944	3	O	13.86	G	-		
944	4	O	13.86	A	-		
944	5	O	13.86	A	-		
944	6	O	13.86	G	-		
944	7	O	13.86	A	-		
944	8	O	13.86	C	-		
944	9	O	13.86	C	-		
944	10	O	13.86	A	-		
944	11	O	13.86	G	-		
944	12	O	13.86	C	-		
944	13	O	13.86	C	-		
944	14	O	13.86	A	-		
944	15	O	13.86	G	-		
944	16	O	13.86	A	-		
944	17	O	13.86	G	-		
944	18	O	13.86	C	-		
944	19	O	13.86	C	-		
944	20	O	13.86	G	-		
944	21	O	13.86	C	-		
944	22	O	13.86	C	-		
944	23	O	13.86	G	-		
944	24	O	13.86	C	-		
944	25	O	13.86	G	-		
944	26	O	13.86	T	-		
944	27	O	13.86	A	-		
944	28	O	13.86	A	-		
944	29	O	13.86	A	-		
944	30	O	13.86	A	-		
944	31	O	13.86	A	-		
944	32	O	13.86	G	-		
944	33	O	13.86	A	-		
944	34	O	13.86	C	-		
944	35	O	13.86	C	-		
944	36	O	13.86	A	-		
944	37	O	13.86	A	-		
944	38	O	13.86	G	-		
944	39	O	13.86	A	-		
944	40	O	13.86	A	-		
944	41	O	13.86	G	-		
944	42	O	13.86	G	-		
944	43	O	13.86	T	-		
944	44	O	13.86	C	-		
944	45	O	13.86	C	-		
944	46	O	13.86	A	-		
944	47	O	13.86	G	-		
944	48	O	13.86	T	-		
944	49	O	13.86	C	-		
944	50	O	13.86	G	-		
944	51	O	13.86	A	-		
944	52	O	13.86	G	-		
944	53	O	13.86	C	-		
944	54	O	13.86	G	-		
944	55	O	13.86	C	-		
944	56	O	13.86	T	-		
944	57	O	13.86	G	-		
944	58	O	13.86	T	-		
944	59	O	13.86	G	-		
944	60	O	13.86	G	-		
944	61	O	13.86	C	-		
944	62	O	13.86	G	-		
944	63	O	13.86	A	-		
944	64	O	13.86	A	-		
944	65	O	13.86	G	-		
944	66	O	13.86	A	-		
944	67	O	13.86	G	-		
944	68	O	13.86	C	-		
944	69	O	13.86	C	-		
944	70	O	13.86	T	-		
944	71	O	13.86	T	-		
944	72	O	13.86	G	-		
944	73	O	13.86	C	-		
944	74	O	13.86	T	-		
944	75	O	13.86	C	-		
944	76	O	13.86	C	-		
944	77	O	13.86	C	-		
944	78	O	13.86	A	-		
944	79	O	13.86	G	-		
944	80	O	13.86	C	-		
944	81	O	13.86	C	-		
944	82	O	13.86	T	-		
944	83	O	13.86	G	-		
944	84	O	13.86	G	-		
944	85	O	13.86	A	-		
944	86	O	13.86	C	-		
944	87	O	13.86	G	-		
944	88	O	13.86	C	-		
944	89	O	13.86	G	-		
944	90	O	13.86	T	-		
944	91	O	13.86	C	-		
944	92	O	13.86	T	-		
944	93	O	13.86	C	-		
944	94	O	13.86	A	-		
944	95	O	13.86	A	-		
944	96	O	13.86	G	-		
944	97	O	13.86	A	-		
944	98	O	13.86	C	-		
944	99	O	13.86	G	-		
944	100	O	13.86	A	-		
944	101	O	13.86	C	-		
944	102	O	13.86	G	-		
944	103	O	13.86	A	-		
944	104	O	13.86	A	-		
944	105	O	13.86	G	-		
944	106	O	13.86	A	-		
944	107	O	13.86	C	-		
944	108	O	13.86	T	-		
944	109	O	13.86	T	-		
945	0	O	5.55	G	-		
945	1	O	5.55	T	-		
945	2	O	5.55	C	-		
945	3	O	5.55	A	-		
945	4	O	5.55	G	-		
945	5	O	5.55	A	-		
945	6	O	5.55	G	-		
945	7	O	5.55	C	-		
945	8	O	5.55	G	-		
945	9	O	5.55	C	-		
945	10	O	5.55	G	-		
945	11	O	5.55	C	-		
945	12	O	5.55	C	-		
945	13	O	5.55	G	-		
945	14	O	5.55	C	-		
945	15	O	5.55	A	-		
945	16	O	5.55	G	-		
945	17	O	5.55	A	-		
945	18	O	5.55	C	-		
945	19	O	5.55	A	-		
945	20	O	5.55	A	-		
945	21	O	5.55	A	-		
945	22	O	5.55	C	-		
945	23	O	5.55	G	-		
945	24	O	5.55	C	-		
945	25	O	5.55	C	-		
945	26	O	5.55	T	-		
945	27	O	5.55	T	-		
945	28	O	5.55	C	-		
945	29	O	5.55	C	-		
945	30	O	5.55	T	-		
945	31	O	5.55	C	-		
945	32	O	5.55	A	-		
945	33	O	5.55	A	-		
945	34	O	5.55	A	-		
945	35	O	5.55	G	-		
945	36	O	5.55	G	-		
945	37	O	5.55	C	-		
945	38	O	5.55	C	-		
945	39	O	5.55	T	-		
945	40	O	5.55	C	-		
945	41	O	5.55	T	-		
945	42	O	5.55	C	-		
945	43	O	5.55	G	-		
945	44	O	5.55	T	-		
945	45	O	5.55	C	-		
945	46	O	5.55	C	-		
945	47	O	5.55	A	-		
945	48	O	5.55	T	-		
945	49	O	5.55	C	-		
945	50	O	5.55	G	-		
945	51	O	5.55	T	-		
945	52	O	5.55	C	-		
945	53	O	5.55	C	-		
945	54	O	5.55	A	-		
945	55	O	5.55	G	-		
945	56	O	5.55	C	-		
945	57	O	5.55	C	-		
945	58	O	5.55	C	-		
945	59	O	5.55	A	-		
945	60	O	5.55	G	-		
945	61	O	5.55	C	-		
945	62	O	5.55	T	-		
945	63	O	5.55	G	-		
945	64	O	5.55	G	-		
945	65	O	5.55	C	-		
945	66	O	5.55	T	-		
945	67	O	5.55	C	-		
945	68	O	5.55	T	-		
945	69	O	5.55	C	-		
945	70	O	5.55	A	-		
945	71	O	5.55	A	-		
945	72	O	5.55	T	-		
945	73	O	5.55	G	-		
945	74	O	5.55	T	-		
945	75	O	5.55	T	-		
945	76	O	5.55	C	-		
945	77	O	5.55	A	-		
945	78	O	5.55	A	-		
945	79	O	5.55	C	-		
945	80	O	5.55	C	-		
945	81	O	5.55	A	-		
945	82	O	5.55	A	-		
945	83	O	5.55	G	-		
945	84	O	5.55	C	-		
945	85	O	5.55	C	-		
945	86	O	5.55	G	-		
945	87	O	5.55	A	-		
945	88	O	5.55	G	-		
945	89	O	5.55	C	-		
945	90	O	5.55	T	-		
945	91	O	5.55	G	-		
945	92	O	5.55	C	-		
945	93	O	5.55	A	-		
945	94	O	5.55	G	-		
945	95	O	5.55	A	-		
945	96	O	5.55	C	-		
945	97	O	5.55	C	-		
945	98	O	5.55	C	-		
945	99	O	5.55	T	-		
945	100	O	5.55	C	-		
945	101	O	5.55	A	-		
945	102	O	5.55	T	-		
945	103	O	5.55	C	-		
945	104	O	5.55	G	-		
945	105	O	5.55	G	-		
945	106	O	5.55	C	-		
945	107	O	5.55	G	-		
945	108	O	5.55	G	-		
945	109	O	5.55	C	-		
946	0	O	5.55	T	-		
946	1	O	5.55	G	-		
946	2	O	5.55	A	-		
946	3	O	5.55	A	-		
946	4	O	5.55	G	-		
946	5	O	5.55	C	-		
946	6	O	5.55	G	-		
946	7	O	5.55	T	-		
946	8	O	5.55	T	-		
946	9	O	5.55	T	-		
946	10	O	5.55	C	-		
946	11	O	5.55	G	-		
946	12	O	5.55	A	-		
946	13	O	5.55	C	-		
946	14	O	5.55	G	-		
946	15	O	5.55	C	-		
946	16	O	5.55	G	-		
946	17	O	5.55	G	-		
946	18	O	5.55	A	-		
946	19	O	5.55	C	-		
946	20	O	5.55	A	-		
946	21	O	5.55	T	-		
946	22	O	5.55	C	-		
946	23	O	5.55	G	-		
946	24	O	5.55	C	-		
946	25	O	5.55	C	-		
946	26	O	5.55	A	-		
946	27	O	5.55	G	-		
946	28	O	5.55	C	-		
946	29	O	5.55	G	-		
946	30	O	5.55	C	-		
946	31	O	5.55	G	-		
946	32	O	5.55	T	-		
946	33	O	5.55	C	-		
946	34	O	5.55	C	-		
946	35	O	5.55	T	-		
946	36	O	5.55	A	-		
946	37	O	5.55	C	-		
946	38	O	5.55	G	-		
946	39	O	5.55	A	-		
946	40	O	5.55	T	-		
946	41	O	5.55	G	-		
946	42	O	5.55	C	-		
946	43	O	5.55	C	-		
946	44	O	5.55	G	-		
946	45	O	5.55	C	-		
946	46	O	5.55	G	-		
946	47	O	5.55	G	-		
946	48	O	5.55	C	-		
946	49	O	5.55	A	-		
946	50	O	5.55	G	-		
946	51	O	5.55	C	-		
946	52	O	5.55	C	-		
946	53	O	5.55	A	-		
946	54	O	5.55	C	-		
946	55	O	5.55	G	-		
946	56	O	5.55	C	-		
946	57	O	5.55	T	-		
946	58	O	5.55	G	-		
946	59	O	5.55	A	-		
946	60	O	5.55	C	-		
946	61	O	5.55	G	-		
946	62	O	5.55	G	-		
946	63	O	5.55	T	-		
946	64	O	5.55	A	-		
946	65	O	5.55	A	-		
946	66	O	5.55	T	-		
946	67	O	5.55	C	-		
946	68	O	5.55	C	-		
946	69	O	5.55	G	-		
946	70	O	5.55	C	-		
946	71	O	5.55	A	-		
946	72	O	5.55	A	-		
946	73	O	5.55	C	-		
946	74	O	5.55	T	-		
946	75	O	5.55	G	-		
946	76	O	5.55	A	-		
946	77	O	5.55	T	-		
946	78	O	5.55	G	-		
946	79	O	5.55	C	-		
946	80	O	5.55	G	-		
946	81	O	5.55	C	-		
946	82	O	5.55	A	-		
946	83	O	5.55	G	-		
946	84	O	5.55	G	-		
946	85	O	5.55	C	-		
946	86	O	5.55	G	-		
946	87	O	5.55	A	-		
946	88	O	5.55	T	-		
946	89	O	5.55	G	-		
946	90	O	5.55	G	-		
946	91	O	5.55	A	-		
946	92	O	5.55	T	-		
946	93	O	5.55	C	-		
946	94	O	5.55	A	-		
946	95	O	5.55	T	-		
946	96	O	5.55	G	-		
946	97	O	5.55	G	-		
946	98	O	5.55	T	-		
946	99	O	5.55	T	-		
946	100	O	5.55	G	-		
946	101	O	5.55	C	-		
946	102	O	5.55	C	-		
946	103	O	5.55	G	-		
946	104	O	5.55	G	-		
946	105	O	5.55	G	-		
946	106	O	5.55	G	-		
946	107	O	5.55	T	-		
946	108	O	5.55	G	-		
946	109	O	5.55	C	-		
947	0	O	11.09	T	-		
947	1	O	11.09	T	-		
947	2	O	11.09	G	-		
947	3	O	11.09	G	-		
947	4	O	11.09	A	-		
947	5	O	11.09	C	-		
947	6	O	11.09	A	-		
947	7	O	11.09	G	-		
947	8	O	11.09	C	-		
947	9	O	11.09	G	-		
947	10	O	11.09	T	-		
947	11	O	11.09	G	-		
947	12	O	11.09	T	-		
947	13	O	11.09	G	-		
947	14	O	11.09	C	-		
947	15	O	11.09	A	-		
947	16	O	11.09	G	-		
947	17	O	11.09	G	-		
947	18	O	11.09	C	-		
947	19	O	11.09	T	-		
947	20	O	11.09	G	-		
947	21	O	11.09	G	-		
947	22	O	11.09	T	-		
947	23	O	11.09	C	-		
947	24	O	11.09	T	-		
947	25	O	11.09	G	-		
947	26	O	11.09	G	-		
947	27	O	11.09	G	-		
947	28	O	11.09	C	-		
947	29	O	11.09	G	-		
947	30	O	11.09	C	-		
947	31	O	11.09	T	-		
947	32	O	11.09	G	-		
947	33	O	11.09	A	-		
947	34	O	11.09	C	-		
947	35	O	11.09	G	-		
947	36	O	11.09	A	-		
947	37	O	11.09	G	-		
947	38	O	11.09	C	-		
947	39	O	11.09	T	-		
947	40	O	11.09	C	-		
947	41	O	11.09	G	-		
947	42	O	11.09	G	-		
947	43	O	11.09	C	-		
947	44	O	11.09	G	-		
947	45	O	11.09	G	-		
947	46	O	11.09	A	-		
947	47	O	11.09	T	-		
947	48	O	11.09	C	-		
947	49	O	11.09	C	-		
947	50	O	11.09	G	-		
947	51	O	11.09	C	-		
947	52	O	11.09	C	-		
947	53	O	11.09	C	-		
947	54	O	11.09	A	-		
947	55	O	11.09	G	-		
947	56	O	11.09	A	-		
947	57	O	11.09	G	-		
947	58	O	11.09	G	-		
947	59	O	11.09	A	-		
947	60	O	11.09	T	-		
947	61	O	11.09	C	-		
947	62	O	11.09	G	-		
947	63	O	11.09	C	-		
947	64	O	11.09	C	-		
947	65	O	11.09	C	-		
947	66	O	11.09	A	-		
947	67	O	11.09	G	-		
947	68	O	11.09	C	-		
947	69	O	11.09	A	-		
947	70	O	11.09	G	-		
947	71	O	11.09	T	-		
947	72	O	11.09	C	-		
947	73	O	11.09	G	-		
947	74	O	11.09	A	-		
947	75	O	11.09	C	-		
947	76	O	11.09	T	-		
947	77	O	11.09	G	-		
947	78	O	11.09	G	-		
947	79	O	11.09	C	-		
947	80	O	11.09	C	-		
947	81	O	11.09	G	-		
947	82	O	11.09	C	-		
947	83	O	11.09	C	-		
947	84	O	11.09	G	-		
947	85	O	11.09	C	-		
947	86	O	11.09	G	-		
947	87	O	11.09	T	-		
947	88	O	11.09	C	-		
947	89	O	11.09	C	-		
947	90	O	11.09	G	-		
947	91	O	11.09	A	-		
947	92	O	11.09	C	-		
947	93	O	11.09	C	-		
947	94	O	11.09	C	-		
947	95	O	11.09	G	-		
947	96	O	11.09	T	-		
947	97	O	11.09	C	-		
947	98	O	11.09	C	-		
947	99	O	11.09	G	-		
947	100	O	11.09	C	-		
947	101	O	11.09	G	-		
947	102	O	11.09	C	-		
947	103	O	11.09	C	-		
947	104	O	11.09	C	-		
947	105	O	11.09	G	-		
947	106	O	11.09	A	-		
947	107	O	11.09	C	-		
947	108	O	11.09	T	-		
947	109	O	11.09	G	-		
948	0	O	12.48	C	-		
948	1	O	12.48	G	-		
948	2	O	12.48	C	-		
948	3	O	12.48	A	-		
948	4	O	12.48	C	-		
948	5	O	12.48	A	-		
948	6	O	12.48	T	-		
948	7	O	12.48	G	-		
948	8	O	12.48	T	-		
948	9	O	12.48	T	-		
948	10	O	12.48	A	-		
948	11	O	12.48	C	-		
948	12	O	12.48	A	-		
948	13	O	12.48	A	-		
948	14	O	12.48	C	-		
948	15	O	12.48	C	-		
948	16	O	12.48	A	-		
948	17	O	12.48	C	-		
948	18	O	12.48	T	-		
948	19	O	12.48	C	-		
948	20	O	12.48	A	-		
948	21	O	12.48	T	-		
948	22	O	12.48	T	-		
948	23	O	12.48	C	-		
948	24	O	12.48	T	-		
948	25	O	12.48	C	-		
948	26	O	12.48	T	-		
948	27	O	12.48	T	-		
948	28	O	12.48	T	-		
948	29	O	12.48	A	-		
948	30	O	12.48	A	-		
948	31	O	12.48	T	-		
948	32	O	12.48	T	-		
948	33	O	12.48	G	-		
948	34	O	12.48	A	-		
948	35	O	12.48	A	-		
948	36	O	12.48	A	-		
948	37	O	12.48	C	-		
948	38	O	12.48	C	-		
948	39	O	12.48	T	-		
948	40	O	12.48	C	-		
948	41	O	12.48	T	-		
948	42	O	12.48	C	-		
948	43	O	12.48	A	-		
948	44	O	12.48	T	-		
948	45	O	12.48	G	-		
948	46	O	12.48	C	-		
948	47	O	12.48	G	-		
948	48	O	12.48	C	-		
948	49	O	12.48	C	-		
948	50	O	12.48	C	-		
948	51	O	12.48	A	-		
948	52	O	12.48	A	-		
948	53	O	12.48	A	-		
948	54	O	12.48	T	-		
948	55	O	12.48	A	-		
948	56	O	12.48	T	-		
948	57	O	12.48	T	-		
948	58	O	12.48	G	-		
948	59	O	12.48	G	-		
948	60	O	12.48	C	-		
948	61	O	12.48	C	-		
948	62	O	12.48	G	-		
948	63	O	12.48	A	-		
948	64	O	12.48	A	-		
948	65	O	12.48	A	-		
948	66	O	12.48	T	-		
948	67	O	12.48	T	-		
948	68	O	12.48	A	-		
948	69	O	12.48	T	-		
948	70	O	12.48	T	-		
948	71	O	12.48	C	-		
948	72	O	12.48	A	-		
948	73	O	12.48	C	-		
948	74	O	12.48	C	-		
948	75	O	12.48	A	-		
948	76	O	12.48	T	-		
948	77	O	12.48	G	-		
948	78	O	12.48	G	-		
948	79	O	12.48	A	-		
948	80	O	12.48	G	-		
948	81	O	12.48	G	-		
948	82	O	12.48	A	-		
948	83	O	12.48	C	-		
948	84	O	12.48	G	-		
948	85	O	12.48	G	-		
948	86	O	12.48	G	-		
948	87	O	12.48	A	-		
948	88	O	4.00	A	-		
948	89	O	12.48	G	-		
948	90	O	12.48	G	-		
948	91	O	12.48	C	-		
948	92	O	12.48	C	-		
948	93	O	12.48	A	-		
948	94	O	12.48	G	-		
948	95	O	12.48	C	-		
948	96	O	12.48	G	-		
948	97	O	12.48	C	-		
948	98	O	12.48	G	-		
948	99	O	12.48	A	-		
948	100	O	12.48	G	-		
948	101	O	12.48	C	-		
948	102	O	12.48	G	-		
948	103	O	12.48	A	-		
948	104	O	12.48	G	-		
948	105	O	12.48	T	-		
948	106	O	12.48	T	-		
948	107	O	12.48	T	-		
948	108	O	12.48	G	-		
948	109	O	12.48	T	-		
949	0	O	9.70	G	-		
949	1	O	9.70	C	-		
949	2	O	9.70	G	-		
949	3	O	9.70	T	-		
949	4	O	9.70	G	-		
949	5	O	9.70	C	-		
949	6	O	9.70	G	-		
949	7	O	9.70	G	-		
949	8	O	9.70	C	-		
949	9	O	9.70	T	-		
949	10	O	9.70	G	-		
949	11	O	9.70	C	-		
949	12	O	9.70	T	-		
949	13	O	9.70	C	-		
949	14	O	9.70	G	-		
949	15	O	9.70	A	-		
949	16	O	9.70	C	-		
949	17	O	9.70	T	-		
949	18	O	9.70	G	-		
949	19	O	9.70	G	-		
949	20	O	9.70	G	-		
949	21	O	9.70	G	-		
949	22	O	9.70	C	-		
949	23	O	9.70	C	-		
949	24	O	9.70	G	-		
949	25	O	9.70	G	-		
949	26	O	9.70	C	-		
949	27	O	9.70	G	-		
949	28	O	9.70	C	-		
949	29	O	9.70	T	-		
949	30	O	9.70	G	-		
949	31	O	9.70	C	-		
949	32	O	9.70	T	-		
949	33	O	9.70	T	-		
949	34	O	9.70	C	-		
949	35	O	9.70	G	-		
949	36	O	9.70	G	-		
949	37	O	9.70	C	-		
949	38	O	9.70	T	-		
949	39	O	9.70	G	-		
949	40	O	9.70	C	-		
949	41	O	9.70	C	-		
949	42	O	9.70	A	-		
949	43	O	9.70	G	-		
949	44	O	9.70	C	-		
949	45	O	9.70	T	-		
949	46	O	9.70	G	-		
949	47	O	9.70	A	-		
949	48	O	9.70	T	-		
949	49	O	9.70	C	-		
949	50	O	9.70	G	-		
949	51	O	9.70	C	-		
949	52	O	9.70	G	-		
949	53	O	9.70	C	-		
949	54	O	9.70	A	-		
949	55	O	9.70	C	-		
949	56	O	9.70	T	-		
949	57	O	9.70	C	-		
949	58	O	9.70	G	-		
949	59	O	9.70	G	-		
949	60	O	9.70	A	-		
949	61	O	9.70	C	-		
949	62	O	9.70	A	-		
949	63	O	9.70	G	-		
949	64	O	9.70	G	-		
949	65	O	9.70	T	-		
949	66	O	9.70	C	-		
949	67	O	9.70	G	-		
949	68	O	9.70	G	-		
949	69	O	9.70	C	-		
949	70	O	9.70	C	-		
949	71	O	9.70	G	-		
949	72	O	9.70	A	-		
949	73	O	9.70	G	-		
949	74	O	9.70	G	-		
949	75	O	9.70	C	-		
949	76	O	9.70	G	-		
949	77	O	9.70	A	-		
949	78	O	9.70	T	-		
949	79	O	9.70	G	-		
949	80	O	9.70	G	-		
949	81	O	9.70	A	-		
949	82	O	9.70	G	-		
949	83	O	9.70	C	-		
949	84	O	9.70	T	-		
949	85	O	9.70	G	-		
949	86	O	9.70	C	-		
949	87	O	9.70	T	-		
949	88	O	9.70	C	-		
949	89	O	9.70	C	-		
949	90	O	9.70	A	-		
949	91	O	9.70	C	-		
949	92	O	9.70	T	-		
949	93	O	9.70	A	-		
949	94	O	9.70	C	-		
949	95	O	9.70	G	-		
949	96	O	9.70	G	-		
949	97	O	9.70	G	-		
949	98	O	9.70	T	-		
949	99	O	9.70	G	-		
949	100	O	9.70	G	-		
949	101	O	9.70	C	-		
949	102	O	9.70	T	-		
949	103	O	9.70	C	-		
949	104	O	9.70	T	-		
949	105	O	9.70	T	-		
949	106	O	9.70	C	-		
949	107	O	9.70	T	-		
949	108	O	9.70	T	-		
949	109	O	9.70	C	-		
950	0	O	8.32	A	-		
950	1	O	8.32	A	-		
950	2	O	8.32	A	-		
950	3	O	8.32	T	-		
950	4	O	8.32	G	-		
950	5	O	8.32	C	-		
950	6	O	8.32	T	-		
950	7	O	8.32	C	-		
950	8	O	8.32	T	-		
950	9	O	8.32	C	-		
950	10	O	8.32	T	-		
950	11	O	8.32	T	-		
950	12	O	8.32	G	-		
950	13	O	8.32	C	-		
950	14	O	8.32	A	-		
950	15	O	8.32	G	-		
950	16	O	8.32	T	-		
950	17	O	8.32	A	-		
950	18	O	8.32	A	-		
950	19	O	8.32	C	-		
950	20	O	8.32	C	-		
950	21	O	8.32	T	-		
950	22	O	8.32	G	-		
950	23	O	8.32	C	-		
950	24	O	8.32	C	-		
950	25	O	8.32	T	-		
950	26	O	8.32	C	-		
950	27	O	8.32	A	-		
950	28	O	8.32	T	-		
950	29	O	8.32	G	-		
950	30	O	8.32	C	-		
950	31	O	8.32	G	-		
950	32	O	8.32	T	-		
950	33	O	8.32	C	-		
950	34	O	8.32	C	-		
950	35	O	8.32	A	-		
950	36	O	8.32	A	-		
950	37	O	8.32	T	-		
950	38	O	8.32	C	-		
950	39	O	8.32	A	-		
950	40	O	8.32	T	-		
950	41	O	8.32	T	-		
950	42	O	8.32	G	-		
950	43	O	8.32	A	-		
950	44	O	8.32	G	-		
950	45	O	8.32	A	-		
950	46	O	8.32	G	-		
950	47	O	8.32	G	-		
950	48	O	8.32	C	-		
950	49	O	8.32	G	-		
950	50	O	8.32	C	-		
950	51	O	8.32	T	-		
950	52	O	8.32	C	-		
950	53	O	8.32	A	-		
950	54	O	8.32	T	-		
950	55	O	8.32	A	-		
950	56	O	8.32	A	-		
950	57	O	8.32	T	-		
950	58	O	8.32	T	-		
950	59	O	8.32	G	-		
950	60	O	8.32	A	-		
950	61	O	8.32	A	-		
950	62	O	8.32	A	-		
950	63	O	8.32	T	-		
950	64	O	8.32	G	-		
950	65	O	8.32	T	-		
950	66	O	8.32	T	-		
950	67	O	8.32	T	-		
950	68	O	8.32	G	-		
950	69	O	8.32	G	-		
950	70	O	8.32	C	-		
950	71	O	8.32	A	-		
950	72	O	8.32	A	-		
950	73	O	8.32	T	-		
950	74	O	8.32	C	-		
950	75	O	8.32	A	-		
950	76	O	8.32	G	-		
950	77	O	8.32	C	-		
950	78	O	8.32	A	-		
950	79	O	8.32	A	-		
950	80	O	8.32	A	-		
950	81	O	8.32	T	-		
950	82	O	8.32	C	-		
950	83	O	8.32	A	-		
950	84	O	8.32	T	-		
950	85	O	8.32	T	-		
950	86	O	8.32	G	-		
950	87	O	8.32	A	-		
950	88	O	8.32	G	-		
950	89	O	8.32	A	-		
950	90	O	8.32	C	-		
950	91	O	8.32	G	-		
950	92	O	8.32	T	-		
950	93	O	8.32	C	-		
950	94	O	8.32	T	-		
950	95	O	8.32	A	-		
950	96	O	8.32	A	-		
950	97	O	8.32	C	-		
950	98	O	8.32	C	-		
950	99	O	8.32	C	-		
950	100	O	8.32	G	-		
950	101	O	8.32	A	-		
950	102	O	8.32	C	-		
950	103	O	8.32	T	-		
950	104	O	8.32	G	-		
950	105	O	8.32	A	-		
950	106	O	8.32	G	-		
950	107	O	8.32	G	-		
950	108	O	8.32	G	-		
950	109	O	8.32	C	-		
951	0	O	5.55	C	-		
951	1	O	5.55	C	-		
951	2	O	5.55	A	-		
951	3	O	5.55	C	-		
951	4	O	5.55	G	-		
951	5	O	5.55	A	-		
951	6	O	5.55	A	-		
951	7	O	5.55	C	-		
951	8	O	5.55	G	-		
951	9	O	5.55	T	-		
951	10	O	5.55	A	-		
951	11	O	5.55	C	-		
951	12	O	5.55	A	-		
951	13	O	5.55	A	-		
951	14	O	5.55	T	-		
951	15	O	5.55	C	-		
951	16	O	5.55	G	-		
951	17	O	5.55	C	-		
951	18	O	5.55	T	-		
951	19	O	5.55	A	-		
951	20	O	5.55	C	-		
951	21	O	5.55	T	-		
951	22	O	5.55	G	-		
951	23	O	5.55	A	-		
951	24	O	5.55	C	-		
951	25	O	5.55	G	-		
951	26	O	5.55	T	-		
951	27	O	5.55	C	-		
951	28	O	5.55	T	-		
951	29	O	5.55	T	-		
951	30	O	5.55	G	-		
951	31	O	5.55	T	-		
951	32	O	5.55	T	-		
951	33	O	5.55	T	-		
951	34	O	5.55	G	-		
951	35	O	5.55	G	-		
951	36	O	5.55	A	-		
951	37	O	5.55	C	-		
951	38	O	5.55	T	-		
951	39	O	5.55	G	-		
951	40	O	5.55	C	-		
951	41	O	5.55	T	-		
951	42	O	5.55	G	-		
951	43	O	5.55	A	-		
951	44	O	5.55	A	-		
951	45	O	5.55	G	-		
951	46	O	5.55	A	-		
951	47	O	5.55	A	-		
951	48	O	5.55	G	-		
951	49	O	5.55	A	-		
951	50	O	5.55	C	-		
951	51	O	5.55	A	-		
951	52	O	5.55	C	-		
951	53	O	5.55	T	-		
951	54	O	5.55	C	-		
951	55	O	5.55	A	-		
951	56	O	5.55	A	-		
951	57	O	5.55	A	-		
951	58	O	5.55	C	-		
951	59	O	5.55	G	-		
951	60	O	5.55	G	-		
951	61	O	5.55	C	-		
951	62	O	5.55	G	-		
951	63	O	5.55	C	-		
951	64	O	5.55	C	-		
951	65	O	5.55	C	-		
951	66	O	5.55	G	-		
951	67	O	5.55	G	-		
951	68	O	5.55	A	-		
951	69	O	5.55	T	-		
951	70	O	5.55	A	-		
951	71	O	5.55	T	-		
951	72	O	5.55	G	-		
951	73	O	5.55	A	-		
951	74	O	5.55	A	-		
951	75	O	5.55	G	-		
951	76	O	5.55	C	-		
951	77	O	5.55	T	-		
951	78	O	5.55	C	-		
951	79	O	5.55	A	-		
951	80	O	5.55	T	-		
951	81	O	5.55	A	-		
951	82	O	5.55	G	-		
951	83	O	5.55	T	-		
951	84	O	5.55	G	-		
951	85	O	5.55	A	-		
951	86	O	5.55	C	-		
951	87	O	5.55	C	-		
951	88	O	5.55	A	-		
951	89	O	5.55	G	-		
951	90	O	5.55	T	-		
951	91	O	5.55	G	-		
951	92	O	5.55	C	-		
951	93	O	5.55	C	-		
951	94	O	5.55	A	-		
951	95	O	5.55	C	-		
951	96	O	5.55	T	-		
951	97	O	5.55	T	-		
951	98	O	5.55	T	-		
951	99	O	5.55	G	-		
951	100	O	5.55	G	-		
951	101	O	5.55	A	-		
951	102	O	5.55	T	-		
951	103	O	5.55	G	-		
951	104	O	5.55	C	-		
951	105	O	5.55	C	-		
951	106	O	5.55	G	-		
951	107	O	5.55	A	-		
951	108	O	5.55	C	-		
951	109	O	5.55	A	-		
952	0	O	11.09	A	-		
952	1	O	11.09	G	-		
952	2	O	11.09	C	-		
952	3	O	11.09	G	-		
952	4	O	11.09	A	-		
952	5	O	11.09	A	-		
952	6	O	11.09	C	-		
952	7	O	11.09	C	-		
952	8	O	11.09	A	-		
952	9	O	11.09	G	-		
952	10	O	11.09	A	-		
952	11	O	11.09	A	-		
952	12	O	11.09	G	-		
952	13	O	11.09	A	-		
952	14	O	11.09	A	-		
952	15	O	11.09	G	-		
952	16	O	11.09	T	-		
952	17	O	11.09	C	-		
952	18	O	11.09	A	-		
952	19	O	11.09	G	-		
952	20	O	11.09	T	-		
952	21	O	11.09	G	-		
952	22	O	11.09	A	-		
952	23	O	11.09	G	-		
952	24	O	11.09	C	-		
952	25	O	11.09	C	-		
952	26	O	11.09	A	-		
952	27	O	11.09	G	-		
952	28	O	11.09	T	-		
952	29	O	11.09	G	-		
952	30	O	11.09	A	-		
952	31	O	11.09	G	-		
952	32	O	11.09	T	-		
952	33	O	11.09	T	-		
952	34	O	11.09	C	-		
952	35	O	11.09	G	-		
952	36	O	11.09	T	-		
952	37	O	11.09	C	-		
952	38	O	11.09	A	-		
952	39	O	11.09	G	-		
952	40	O	11.09	C	-		
952	41	O	11.09	C	-		
952	42	O	11.09	A	-		
952	43	O	11.09	C	-		
952	44	O	11.09	T	-		
952	45	O	11.09	G	-		
952	46	O	11.09	A	-		
952	47	O	11.09	C	-		
952	48	O	11.09	A	-		
952	49	O	11.09	G	-		
952	50	O	11.09	G	-		
952	51	O	11.09	C	-		
952	52	O	11.09	A	-		
952	53	O	11.09	G	-		
952	54	O	11.09	G	-		
952	55	O	11.09	T	-		
952	56	O	11.09	C	-		
952	57	O	11.09	G	-		
952	58	O	11.09	A	-		
952	59	O	11.09	G	-		
952	60	O	11.09	T	-		
952	61	O	11.09	G	-		
952	62	O	11.09	A	-		
952	63	O	11.09	G	-		
952	64	O	11.09	C	-		
952	65	O	11.09	T	-		
952	66	O	11.09	C	-		
952	67	O	11.09	G	-		
952	68	O	11.09	C	-		
952	69	O	11.09	A	-		
952	70	O	11.09	G	-		
952	71	O	11.09	G	-		
952	72	O	11.09	C	-		
952	73	O	11.09	T	-		
952	74	O	11.09	G	-		
952	75	O	11.09	T	-		
952	76	O	11.09	T	-		
952	77	O	11.09	T	-		
952	78	O	11.09	A	-		
952	79	O	11.09	T	-		
952	80	O	11.09	C	-		
952	81	O	11.09	C	-		
952	82	O	11.09	T	-		
952	83	O	11.09	G	-		
952	84	O	11.09	C	-		
952	85	O	11.09	G	-		
952	86	O	11.09	G	-		
952	87	O	11.09	C	-		
952	88	O	11.09	C	-		
952	89	O	11.09	G	-		
952	90	O	11.09	C	-		
952	91	O	11.09	C	-		
952	92	O	11.09	G	-		
952	93	O	11.09	C	-		
952	94	O	11.09	A	-		
952	95	O	11.09	G	-		
952	96	O	11.09	C	-		
952	97	O	11.09	A	-		
952	98	O	11.09	G	-		
952	99	O	11.09	C	-		
952	100	O	11.09	G	-		
952	101	O	11.09	C	-		
952	102	O	11.09	C	-		
952	103	O	11.09	G	-		
952	104	O	11.09	A	-		
952	105	O	11.09	C	-		
952	106	O	11.09	A	-		
952	107	O	11.09	A	-		
952	108	O	11.09	C	-		
952	109	O	11.09	A	-		
953	0	O	45.75	A	-		
953	1	O	45.75	C	-		
953	2	O	45.75	A	-		
953	3	O	45.75	A	-		
953	4	O	45.75	C	-		
953	5	O	45.75	C	-		
953	6	O	34.59	T	-		
953	7	O	45.75	A	-		
953	8	O	45.75	C	-		
953	9	O	45.75	T	-		
953	10	O	45.75	G	-		
953	11	O	45.75	T	-		
953	12	O	45.75	G	-		
953	13	O	45.75	A	-		
953	14	O	45.75	G	-		
953	15	O	45.75	G	-		
953	16	O	45.75	C	-		
953	17	O	45.75	A	-		
953	18	O	45.75	C	-		
953	19	O	45.75	C	-		
953	20	O	45.75	A	-		
953	21	O	45.75	C	-		
953	22	O	45.75	G	-		
953	23	O	45.75	T	-		
953	24	O	45.75	G	-		
953	25	O	45.75	G	-		
953	26	O	45.75	G	-		
953	27	O	45.75	T	-		
953	28	O	45.75	G	-		
953	29	O	45.75	A	-		
953	30	O	45.75	A	-		
953	31	O	45.75	G	-		
953	32	O	45.75	T	-		
953	33	O	45.75	C	-		
953	34	O	45.75	G	-		
953	35	O	34.59	A	-		
953	36	O	45.75	G	-		
953	37	O	45.75	T	-		
953	38	O	45.75	G	-		
953	39	O	45.75	G	-		
953	40	O	45.75	T	-		
953	41	O	45.75	G	-		
953	42	O	34.59	T	-		
953	43	O	45.75	G	-		
953	44	O	45.75	G	-		
953	45	O	45.75	A	-		
953	46	O	45.75	G	-		
953	47	O	45.75	A	-		
953	48	O	45.75	C	-		
953	49	O	45.75	C	-		
953	50	O	45.75	G	-		
953	51	O	45.75	G	-		
953	52	O	45.75	A	-		
953	53	O	45.75	A	-		
953	54	O	45.75	G	-		
953	55	O	45.75	G	-		
953	56	O	45.75	A	-		
953	57	O	45.75	T	-		
953	58	O	45.75	T	-		
953	59	O	45.75	C	-		
953	60	O	45.75	G	-		
953	61	O	45.75	A	-		
953	62	O	45.75	T	-		
953	63	O	45.75	C	-		
953	64	O	45.75	G	-		
953	65	O	45.75	G	-		
953	66	O	45.75	C	-		
953	67	O	45.75	G	-		
953	68	O	45.75	G	-		
953	69	O	45.75	C	-		
953	70	O	45.75	G	-		
953	71	O	45.75	A	-		
953	72	O	45.75	G	-		
953	73	O	45.75	G	-		
953	74	O	45.75	C	-		
953	75	O	45.75	T	-		
953	76	O	45.75	A	-		
953	77	O	45.75	G	-		
953	78	O	45.75	T	-		
953	79	O	45.75	C	-		
953	80	O	45.75	T	-		
953	81	O	45.75	G	-		
953	82	O	45.75	A	-		
953	83	O	45.75	C	-		
953	84	O	45.75	T	-		
953	85	O	45.75	C	-		
953	86	O	45.75	T	-		
953	87	O	45.75	G	-		
953	88	O	45.75	G	-		
953	89	O	45.75	A	-		
953	90	O	45.75	A	-		
953	91	O	45.75	G	-		
953	92	O	45.75	G	-		
953	93	O	34.59	T	-		
953	94	O	34.59	T	-		
953	95	O	45.75	T	-		
953	96	O	45.75	C	-		
953	97	O	45.75	G	-		
953	98	O	45.75	A	-		
953	99	O	45.75	A	-		
953	100	O	45.75	A	-		
953	101	O	45.75	C	-		
953	102	O	45.75	C	-		
953	103	O	45.75	A	-		
953	104	O	45.75	T	-		
953	105	O	45.75	G	-		
953	106	O	45.75	A	-		
953	107	O	45.75	C	-		
953	108	O	34.59	A	-		
953	109	O	45.75	G	-		
954	0	O	34.66	C	-		
954	1	O	34.66	G	-		
954	2	O	34.66	C	-		
954	3	O	34.66	A	-		
954	4	O	34.66	G	-		
954	5	O	34.66	C	-		
954	6	O	34.66	G	-		
954	7	O	34.66	T	-		
954	8	O	34.66	A	-		
954	9	O	34.66	G	-		
954	10	O	34.66	G	-		
954	11	O	34.66	C	-		
954	12	O	34.66	G	-		
954	13	O	34.66	A	-		
954	14	O	34.66	T	-		
954	15	O	34.66	C	-		
954	16	O	34.66	G	-		
954	17	O	34.66	C	-		
954	18	O	34.66	T	-		
954	19	O	34.66	G	-		
954	20	O	34.66	A	-		
954	21	O	34.66	A	-		
954	22	O	34.66	A	-		
954	23	O	34.66	A	-		
954	24	O	34.66	A	-		
954	25	O	34.66	C	-		
954	26	O	34.66	G	-		
954	27	O	34.66	T	-		
954	28	O	34.66	A	-		
954	29	O	34.66	G	-		
954	30	O	34.66	G	-		
954	31	O	34.66	T	-		
954	32	O	3.88	G	-		
954	33	O	24.06	C	-		
954	34	O	34.66	C	-		
954	35	O	3.88	A	-		
954	36	O	34.66	A	-		
954	37	O	34.66	T	-		
954	38	O	34.66	C	-		
954	39	O	34.66	A	-		
954	40	O	34.66	G	-		
954	41	O	34.66	G	-		
954	42	O	34.66	T	-		
954	43	O	34.66	T	-		
954	44	O	34.66	G	-		
954	45	O	34.66	C	-		
954	46	O	34.66	C	-		
954	47	O	34.66	T	-		
954	48	O	34.66	A	-		
954	49	O	34.66	C	-		
954	50	O	34.66	G	-		
954	51	O	34.66	C	-		
954	52	O	34.66	G	-		
954	53	O	34.66	G	-		
954	54	O	34.66	C	-		
954	55	O	34.66	C	-		
954	56	O	34.66	G	-		
954	57	O	34.66	C	-		
954	58	O	34.66	T	-		
954	59	O	34.66	T	-		
954	60	O	34.66	A	-		
954	61	O	34.66	G	-		
954	62	O	34.66	G	-		
954	63	O	34.66	C	-		
954	64	O	34.66	G	-		
954	65	O	34.66	A	-		
954	66	O	34.66	G	-		
954	67	O	34.66	T	-		
954	68	O	34.66	G	-		
954	69	O	34.66	A	-		
954	70	O	34.66	G	-		
954	71	O	34.66	C	-		
954	72	O	34.66	C	-		
954	73	O	34.66	G	-		
954	74	O	34.66	C	-		
954	75	O	34.66	A	-		
954	76	O	34.66	G	-		
954	77	O	34.66	A	-		
954	78	O	34.66	G	-		
954	79	O	34.66	C	-		
954	80	O	34.66	C	-		
954	81	O	34.66	A	-		
954	82	O	34.66	G	-		
954	83	O	34.66	A	-		
954	84	O	34.66	C	-		
954	85	O	34.66	A	-		
954	86	O	34.66	G	-		
954	87	O	34.66	T	-		
954	88	O	34.66	G	-		
954	89	O	34.66	C	-		
954	90	O	34.66	G	-		
954	91	O	34.66	G	-		
954	92	O	34.66	A	-		
954	93	O	34.66	G	-		
954	94	O	34.66	A	-		
954	95	O	34.66	G	-		
954	96	O	34.66	C	-		
954	97	O	34.66	G	-		
954	98	O	34.66	A	-		
954	99	O	34.66	A	-		
954	100	O	34.66	T	-		
954	101	O	34.66	A	-		
954	102	O	34.66	C	-		
954	103	O	34.66	G	-		
954	104	O	34.66	A	-		
954	105	O	34.66	A	-		
954	106	O	34.66	A	-		
954	107	O	34.66	G	-		
954	108	O	34.66	C	-		
954	109	O	34.66	G	-		
955	0	O	11.09	A	-		
955	1	O	11.09	G	-		
955	2	O	11.09	C	-		
955	3	O	11.09	T	-		
955	4	O	11.09	C	-		
955	5	O	11.09	A	-		
955	6	O	11.09	C	-		
955	7	O	11.09	G	-		
955	8	O	11.09	C	-		
955	9	O	11.09	T	-		
955	10	O	11.09	A	-		
955	11	O	11.09	C	-		
955	12	O	11.09	A	-		
955	13	O	11.09	T	-		
955	14	O	11.09	A	-		
955	15	O	11.09	A	-		
955	16	O	11.09	G	-		
955	17	O	11.09	T	-		
955	18	O	11.09	G	-		
955	19	O	11.09	A	-		
955	20	O	11.09	A	-		
955	21	O	11.09	G	-		
955	22	O	11.09	A	-		
955	23	O	11.09	C	-		
955	24	O	11.09	A	-		
955	25	O	11.09	C	-		
955	26	O	11.09	A	-		
955	27	O	11.09	G	-		
955	28	O	11.09	C	-		
955	29	O	11.09	A	-		
955	30	O	11.09	G	-		
955	31	O	11.09	A	-		
955	32	O	11.09	T	-		
955	33	O	11.09	T	-		
955	34	O	11.09	G	-		
955	35	O	11.09	G	-		
955	36	O	11.09	C	-		
955	37	O	11.09	G	-		
955	38	O	11.09	T	-		
955	39	O	11.09	G	-		
955	40	O	11.09	A	-		
955	41	O	11.09	A	-		
955	42	O	11.09	C	-		
955	43	O	11.09	T	-		
955	44	O	11.09	G	-		
955	45	O	11.09	G	-		
955	46	O	11.09	C	-		
955	47	O	11.09	A	-		
955	48	O	11.09	A	-		
955	49	O	11.09	A	-		
955	50	O	11.09	G	-		
955	51	O	11.09	G	-		
955	52	O	11.09	G	-		
955	53	O	11.09	A	-		
955	54	O	11.09	A	-		
955	55	O	11.09	T	-		
955	56	O	11.09	A	-		
955	57	O	11.09	A	-		
955	58	O	11.09	T	-		
955	59	O	11.09	T	-		
955	60	O	11.09	G	-		
955	61	O	11.09	A	-		
955	62	O	11.09	A	-		
955	63	O	11.09	C	-		
955	64	O	11.09	C	-		
955	65	O	11.09	A	-		
955	66	O	11.09	C	-		
955	67	O	11.09	C	-		
955	68	O	11.09	A	-		
955	69	O	11.09	T	-		
955	70	O	11.09	A	-		
955	71	O	11.09	A	-		
955	72	O	11.09	T	-		
955	73	O	11.09	T	-		
955	74	O	11.09	G	-		
955	75	O	11.09	C	-		
955	76	O	11.09	C	-		
955	77	O	11.09	T	-		
955	78	O	11.09	G	-		
955	79	O	11.09	A	-		
955	80	O	11.09	T	-		
955	81	O	11.09	C	-		
955	82	O	11.09	A	-		
955	83	O	11.09	G	-		
955	84	O	11.09	G	-		
955	85	O	11.09	C	-		
955	86	O	11.09	C	-		
955	87	O	11.09	A	-		
955	88	O	11.09	C	-		
955	89	O	11.09	A	-		
955	90	O	11.09	T	-		
955	91	O	11.09	T	-		
955	92	O	11.09	T	-		
955	93	O	11.09	A	-		
955	94	O	11.09	T	-		
955	95	O	11.09	G	-		
955	96	O	11.09	T	-		
955	97	O	11.09	T	-		
955	98	O	11.09	T	-		
955	99	O	11.09	G	-		
955	100	O	11.09	A	-		
955	101	O	11.09	T	-		
955	102	O	11.09	G	-		
955	103	O	11.09	A	-		
955	104	O	11.09	G	-		
955	105	O	11.09	T	-		
955	106	O	11.09	A	-		
955	107	O	11.09	T	-		
955	108	O	11.09	G	-		
955	109	O	11.09	A	-		
956	0	O	9.70	C	-		
956	1	O	9.70	C	-		
956	2	O	9.70	G	-		
956	3	O	9.70	C	-		
956	4	O	9.70	C	-		
956	5	O	9.70	G	-		
956	6	O	9.70	A	-		
956	7	O	9.70	C	-		
956	8	O	9.70	T	-		
956	9	O	9.70	T	-		
956	10	O	9.70	C	-		
956	11	O	9.70	G	-		
956	12	O	9.70	A	-		
956	13	O	9.70	C	-		
956	14	O	9.70	G	-		
956	15	O	9.70	T	-		
956	16	O	9.70	G	-		
956	17	O	9.70	A	-		
956	18	O	9.70	A	-		
956	19	O	9.70	G	-		
956	20	O	9.70	C	-		
956	21	O	9.70	G	-		
956	22	O	9.70	C	-		
956	23	O	9.70	G	-		
956	24	O	9.70	C	-		
956	25	O	9.70	C	-		
956	26	O	9.70	G	-		
956	27	O	9.70	A	-		
956	28	O	9.70	G	-		
956	29	O	9.70	A	-		
956	30	O	9.70	C	-		
956	31	O	9.70	C	-		
956	32	O	9.70	G	-		
956	33	O	9.70	G	-		
956	34	O	9.70	C	-		
956	35	O	9.70	A	-		
956	36	O	9.70	T	-		
956	37	O	9.70	C	-		
956	38	O	9.70	A	-		
956	39	O	9.70	T	-		
956	40	O	9.70	C	-		
956	41	O	9.70	T	-		
956	42	O	9.70	A	-		
956	43	O	9.70	C	-		
956	44	O	9.70	A	-		
956	45	O	9.70	T	-		
956	46	O	9.70	C	-		
956	47	O	9.70	G	-		
956	48	O	9.70	A	-		
956	49	O	9.70	C	-		
956	50	O	9.70	G	-		
956	51	O	9.70	A	-		
956	52	O	9.70	G	-		
956	53	O	9.70	G	-		
956	54	O	9.70	T	-		
956	55	U	1.77	C	T		
956	56	O	9.70	G	-		
956	57	O	9.70	A	-		
956	58	O	9.70	C	-		
956	59	O	9.70	A	-		
956	60	O	9.70	A	-		
956	61	O	9.70	G	-		
956	62	O	9.70	A	-		
956	63	O	9.70	T	-		
956	64	O	9.70	C	-		
956	65	O	9.70	G	-		
956	66	O	9.70	C	-		
956	67	O	9.70	C	-		
956	68	O	9.70	C	-		
956	69	O	9.70	G	-		
956	70	O	9.70	C	-		
956	71	O	9.70	A	-		
956	72	O	9.70	A	-		
956	73	O	9.70	G	-		
956	74	O	9.70	G	-		
956	75	O	9.70	C	-		
956	76	O	9.70	G	-		
956	77	O	9.70	G	-		
956	78	O	9.70	A	-		
956	79	O	9.70	G	-		
956	80	O	9.70	A	-		
956	81	O	9.70	A	-		
956	82	O	9.70	C	-		
956	83	O	9.70	C	-		
956	84	O	9.70	C	-		
956	85	O	9.70	C	-		
956	86	O	9.70	T	-		
956	87	O	9.70	C	-		
956	88	O	9.70	G	-		
956	89	O	9.70	A	-		
956	90	O	9.70	T	-		
956	91	O	9.70	C	-		
956	92	O	9.70	A	-		
956	93	O	9.70	C	-		
956	94	O	9.70	G	-		
956	95	O	9.70	C	-		
956	96	O	9.70	G	-		
956	97	O	9.70	A	-		
956	98	O	9.70	G	-		
956	99	O	9.70	A	-		
956	100	O	9.70	T	-		
956	101	O	9.70	G	-		
956	102	O	9.70	T	-		
956	103	O	9.70	C	-		
956	104	O	9.70	T	-		
956	105	O	9.70	C	-		
956	106	O	9.70	C	-		
956	107	O	9.70	G	-		
956	108	O	9.70	G	-		
956	109	O	9.70	T	-		
957	0	O	24.95	T	-		
957	1	O	24.95	T	-		
957	2	O	24.95	T	-		
957	3	O	24.95	C	-		
957	4	O	24.95	T	-		
957	5	O	24.95	T	-		
957	6	O	24.95	C	-		
957	7	O	24.95	C	-		
957	8	O	24.95	A	-		
957	9	O	24.95	A	-		
957	10	O	24.95	A	-		
957	11	O	24.95	T	-		
957	12	O	24.95	T	-		
957	13	O	24.95	T	-		
957	14	O	24.95	C	-		
957	15	O	24.95	T	-		
957	16	O	24.95	A	-		
957	17	O	24.95	G	-		
957	18	O	24.95	G	-		
957	19	O	24.95	G	-		
957	20	O	24.95	G	-		
957	21	O	24.95	C	-		
957	22	O	24.95	T	-		
957	23	O	24.95	T	-		
957	24	O	24.95	G	-		
957	25	O	24.95	A	-		
957	26	O	24.95	G	-		
957	27	O	24.95	G	-		
957	28	O	24.95	T	-		
957	29	O	24.95	A	-		
957	30	O	24.95	A	-		
957	31	O	24.95	A	-		
957	32	O	24.95	G	-		
957	33	O	24.95	A	-		
957	34	O	24.95	G	-		
957	35	O	24.95	A	-		
957	36	O	24.95	T	-		
957	37	O	24.95	T	-		
957	38	O	24.95	C	-		
957	39	O	24.95	T	-		
957	40	O	24.95	T	-		
957	41	O	24.95	T	-		
957	42	O	24.95	A	-		
957	43	O	24.95	T	-		
957	44	O	24.95	C	-		
957	45	O	24.95	T	-		
957	46	O	24.95	C	-		
957	47	O	24.95	A	-		
957	48	O	24.95	T	-		
957	49	O	24.95	T	-		
957	50	O	24.95	T	-		
957	51	O	24.95	T	-		
957	52	O	24.95	C	-		
957	53	O	24.95	T	-		
957	54	O	24.95	A	-		
957	55	O	24.95	T	-		
957	56	O	24.95	T	-		
957	57	O	24.95	C	-		
957	58	O	24.95	A	-		
957	59	O	24.95	T	-		
957	60	O	24.95	T	-		
957	61	O	24.95	C	-		
957	62	O	24.95	T	-		
957	63	O	24.95	G	-		
957	64	O	24.95	G	-		
957	65	O	24.95	A	-		
957	66	O	24.95	T	-		
957	67	O	24.95	A	-		
957	68	O	24.95	T	-		
957	69	O	15.03	G	-		
957	70	O	24.95	G	-		
957	71	O	24.95	A	-		
957	72	O	24.95	G	-		
957	73	O	24.95	G	-		
957	74	O	24.95	C	-		
957	75	O	24.95	C	-		
957	76	O	24.95	T	-		
957	77	O	24.95	T	-		
957	78	O	24.95	G	-		
957	79	O	24.95	A	-		
957	80	O	24.95	G	-		
957	81	O	24.95	T	-		
957	82	O	24.95	T	-		
957	83	O	24.95	G	-		
957	84	O	24.95	C	-		
957	85	O	24.95	A	-		
957	86	O	24.95	T	-		
957	87	O	24.95	G	-		
957	88	O	24.95	A	-		
957	89	O	24.95	T	-		
957	90	O	24.95	T	-		
957	91	O	24.95	G	-		
957	92	O	24.95	A	-		
957	93	O	24.95	T	-		
957	94	O	24.95	A	-		
957	95	O	24.95	A	-		
957	96	O	24.95	G	-		
957	97	O	24.95	G	-		
957	98	O	24.95	T	-		
957	99	O	24.95	T	-		
957	100	O	24.95	G	-		
957	101	O	24.95	T	-		
957	102	O	24.95	G	-		
957	103	O	24.95	G	-		
957	104	O	24.95	A	-		
957	105	O	24.95	G	-		
957	106	O	24.95	G	-		
957	107	O	24.95	G	-		
957	108	O	15.03	A	-		
957	109	O	24.95	G	-		
958	0	O	15.25	T	-		
958	1	O	15.25	C	-		
958	2	O	15.25	A	-		
958	3	O	15.25	A	-		
958	4	O	15.25	G	-		
958	5	O	15.25	T	-		
958	6	O	15.25	C	-		
958	7	O	15.25	G	-		
958	8	O	15.25	A	-		
958	9	O	15.25	A	-		
958	10	O	15.25	G	-		
958	11	O	15.25	C	-		
958	12	O	15.25	T	-		
958	13	O	15.25	G	-		
958	14	O	15.25	C	-		
958	15	O	15.25	T	-		
958	16	O	15.25	C	-		
958	17	O	15.25	A	-		
958	18	O	15.25	A	-		
958	19	O	15.25	G	-		
958	20	O	15.25	A	-		
958	21	O	15.25	T	-		
958	22	O	15.25	G	-		
958	23	O	15.25	A	-		
958	24	O	15.25	T	-		
958	25	O	15.25	C	-		
958	26	O	15.25	G	-		
958	27	O	15.25	A	-		
958	28	O	15.25	G	-		
958	29	O	15.25	C	-		
958	30	O	15.25	G	-		
958	31	O	15.25	C	-		
958	32	O	15.25	C	-		
958	33	O	15.25	A	-		
958	34	O	15.25	G	-		
958	35	O	15.25	A	-		
958	36	O	15.25	T	-		
958	37	O	15.25	C	-		
958	38	O	15.25	G	-		
958	39	O	15.25	C	-		
958	40	O	15.25	C	-		
958	41	O	15.25	A	-		
958	42	O	15.25	A	-		
958	43	O	15.25	C	-		
958	44	O	15.25	T	-		
958	45	O	15.25	T	-		
958	46	O	15.25	T	-		
958	47	O	15.25	G	-		
958	48	O	15.25	C	-		
958	49	O	15.25	G	-		
958	50	O	15.25	C	-		
958	51	O	15.25	T	-		
958	52	O	15.25	C	-		
958	53	O	15.25	T	-		
958	54	O	15.25	G	-		
958	55	O	15.25	C	-		
958	56	O	15.25	T	-		
958	57	O	15.25	T	-		
958	58	O	15.25	C	-		
958	59	O	15.25	C	-		
958	60	O	15.25	C	-		
958	61	O	15.25	C	-		
958	62	O	15.25	T	-		
958	63	O	15.25	A	-		
958	64	O	15.25	C	-		
958	65	O	15.25	G	-		
958	66	O	15.25	G	-		
958	67	O	15.25	G	-		
958	68	O	15.25	A	-		
958	69	O	15.25	A	-		
958	70	O	15.25	G	-		
958	71	O	15.25	C	-		
958	72	O	15.25	C	-		
958	73	O	15.25	C	-		
958	74	O	15.25	G	-		
958	75	O	15.25	A	-		
958	76	O	15.25	C	-		
958	77	O	15.25	G	-		
958	78	O	15.25	G	-		
958	79	O	15.25	C	-		
958	80	O	15.25	G	-		
958	81	O	15.25	C	-		
958	82	O	15.25	C	-		
958	83	O	15.25	C	-		
958	84	O	15.25	T	-		
958	85	O	15.25	C	-		
958	86	O	15.25	A	-		
958	87	O	15.25	A	-		
958	88	O	15.25	G	-		
958	89	O	15.25	T	-		
958	90	O	15.25	C	-		
958	91	O	15.25	G	-		
958	92	O	15.25	G	-		
958	93	O	15.25	C	-		
958	94	O	15.25	G	-		
958	95	O	15.25	C	-		
958	96	O	15.25	T	-		
958	97	O	15.25	G	-		
958	98	O	15.25	T	-		
958	99	O	15.25	C	-		
958	100	O	15.25	G	-		
958	101	O	15.25	C	-		
958	102	O	15.25	T	-		
958	103	O	15.25	G	-		
958	104	O	15.25	C	-		
958	105	O	15.25	T	-		
958	106	O	15.25	C	-		
958	107	O	15.25	G	-		
958	108	O	15.25	A	-		
958	109	O	15.25	G	-		
959	0	O	8.32	T	-		
959	1	O	8.32	A	-		
959	2	O	8.32	C	-		
959	3	O	8.32	T	-		
959	4	O	8.32	G	-		
959	5	O	8.32	C	-		
959	6	O	8.32	T	-		
959	7	O	8.32	G	-		
959	8	O	8.32	T	-		
959	9	O	8.32	G	-		
959	10	O	8.32	C	-		
959	11	O	8.32	T	-		
959	12	O	8.32	T	-		
959	13	O	8.32	G	-		
959	14	O	8.32	T	-		
959	15	O	8.32	T	-		
959	16	O	8.32	G	-		
959	17	O	8.32	T	-		
959	18	O	8.32	T	-		
959	19	O	8.32	C	-		
959	20	O	8.32	G	-		
959	21	O	8.32	A	-		
959	22	O	8.32	A	-		
959	23	O	8.32	T	-		
959	24	O	8.32	A	-		
959	25	O	8.32	C	-		
959	26	O	8.32	A	-		
959	27	O	8.32	A	-		
959	28	O	8.32	A	-		
959	29	O	8.32	A	-		
959	30	O	8.32	A	-		
959	31	O	8.32	C	-		
959	32	O	8.32	A	-		
959	33	O	8.32	G	-		
959	34	O	8.32	A	-		
959	35	O	8.32	G	-		
959	36	O	8.32	T	-		
959	37	O	8.32	G	-		
959	38	O	8.32	C	-		
959	39	O	8.32	G	-		
959	40	O	8.32	C	-		
959	41	O	8.32	C	-		
959	42	O	8.32	A	-		
959	43	O	8.32	A	-		
959	44	O	8.32	C	-		
959	45	O	8.32	A	-		
959	46	O	8.32	C	-		
959	47	O	8.32	C	-		
959	48	O	8.32	A	-		
959	49	O	8.32	T	-		
959	50	O	8.32	C	-		
959	51	U	0.71	A	C		
959	52	O	8.32	A	-		
959	53	O	8.32	C	-		
959	54	O	8.32	C	-		
959	55	O	8.32	A	-		
959	56	O	8.32	T	-		
959	57	O	8.32	G	-		
959	58	O	8.32	C	-		
959	59	O	8.32	G	-		
959	60	O	8.32	G	-		
959	61	O	8.32	A	-		
959	62	O	8.32	T	-		
959	63	O	8.32	G	-		
959	64	O	8.32	T	-		
959	65	O	8.32	A	-		
959	66	O	8.32	A	-		
959	67	O	8.32	C	-		
959	68	O	8.32	T	-		
959	69	O	8.32	G	-		
959	70	O	8.32	A	-		
959	71	O	8.32	A	-		
959	72	O	8.32	A	-		
959	73	O	8.32	C	-		
959	74	O	8.32	A	-		
959	75	O	8.32	T	-		
959	76	O	8.32	C	-		
959	77	O	8.32	C	-		
959	78	O	8.32	G	-		
959	79	O	8.32	C	-		
959	80	O	8.32	T	-		
959	81	O	8.32	T	-		
959	82	O	8.32	A	-		
959	83	O	8.32	C	-		
959	84	O	8.32	C	-		
959	85	O	8.32	A	-		
959	86	O	8.32	G	-		
959	87	O	8.32	A	-		
959	88	O	8.32	G	-		
959	89	O	8.32	T	-		
959	90	O	8.32	G	-		
959	91	O	8.32	A	-		
959	92	O	8.32	G	-		
959	93	O	8.32	G	-		
959	94	O	8.32	G	-		
959	95	O	8.32	C	-		
959	96	O	8.32	C	-		
959	97	O	8.32	T	-		
959	98	O	8.32	C	-		
959	99	O	8.32	A	-		
959	100	O	8.32	C	-		
959	101	O	8.32	T	-		
959	102	O	8.32	A	-		
959	103	O	8.32	G	-		
959	104	O	8.32	T	-		
959	105	O	8.32	A	-		
959	106	O	8.32	A	-		
959	107	O	8.32	T	-		
959	108	O	8.32	A	-		
959	109	O	8.32	G	-		
960	0	O	22.18	T	-		
960	1	O	22.18	T	-		
960	2	O	22.18	G	-		
960	3	O	22.18	A	-		
960	4	O	22.18	A	-		
960	5	O	22.18	A	-		
960	6	O	22.18	T	-		
960	7	O	22.18	C	-		
960	8	O	22.18	A	-		
960	9	O	22.18	A	-		
960	10	O	22.18	T	-		
960	11	O	22.18	G	-		
960	12	O	22.18	A	-		
960	13	O	22.18	T	-		
960	14	O	22.18	G	-		
960	15	O	22.18	T	-		
960	16	O	22.18	A	-		
960	17	O	22.18	C	-		
960	18	O	22.18	C	-		
960	19	O	22.18	T	-		
960	20	O	22.18	G	-		
960	21	O	22.18	A	-		
960	22	O	22.18	A	-		
960	23	O	22.18	G	-		
960	24	O	22.18	A	-		
960	25	O	22.18	T	-		
960	26	O	22.18	A	-		
960	27	O	22.18	C	-		
960	28	O	22.18	C	-		
960	29	O	22.18	A	-		
960	30	O	22.18	A	-		
960	31	O	22.18	G	-		
960	32	O	22.18	G	-		
960	33	O	22.18	A	-		
960	34	O	22.18	T	-		
960	35	O	22.18	A	-		
960	36	O	22.18	A	-		
960	37	O	22.18	A	-		
960	38	O	22.18	G	-		
960	39	O	22.18	A	-		
960	40	O	22.18	T	-		
960	41	O	22.18	G	-		
960	42	O	22.18	A	-		
960	43	O	22.18	G	-		
960	44	O	22.18	A	-		
960	45	O	22.18	T	-		
960	46	O	22.18	T	-		
960	47	O	22.18	C	-		
960	48	O	22.18	T	-		
960	49	O	22.18	T	-		
960	50	O	22.18	G	-		
960	51	O	22.18	A	-		
960	52	O	22.18	G	-		
960	53	O	22.18	A	-		
960	54	O	22.18	G	-		
960	55	O	22.18	C	-		
960	56	O	22.18	G	-		
960	57	O	22.18	A	-		
960	58	O	22.18	A	-		
960	59	O	22.18	T	-		
960	60	O	22.18	T	-		
960	61	O	22.18	C	-		
960	62	O	22.18	T	-		
960	63	O	22.18	T	-		
960	64	O	22.18	T	-		
960	65	O	22.18	G	-		
960	66	O	22.18	A	-		
960	67	O	22.18	T	-		
960	68	O	22.18	A	-		
960	69	O	22.18	C	-		
960	70	O	22.18	A	-		
960	71	O	22.18	A	-		
960	72	O	22.18	G	-		
960	73	O	22.18	G	-		
960	74	O	22.18	C	-		
960	75	O	22.18	A	-		
960	76	O	22.18	G	-		
960	77	O	22.18	G	-		
960	78	O	22.18	C	-		
960	79	O	22.18	A	-		
960	80	O	22.18	T	-		
960	81	O	22.18	T	-		
960	82	O	22.18	T	-		
960	83	O	22.18	T	-		
960	84	O	22.18	T	-		
960	85	O	22.18	G	-		
960	86	O	22.18	A	-		
960	87	O	22.18	G	-		
960	88	O	22.18	T	-		
960	89	O	22.18	C	-		
960	90	O	22.18	T	-		
960	91	O	22.18	C	-		
960	92	O	22.18	T	-		
960	93	O	22.18	G	-		
960	94	O	22.18	T	-		
960	95	O	22.18	C	-		
960	96	O	22.18	A	-		
960	97	O	22.18	A	-		
960	98	O	22.18	G	-		
960	99	O	22.18	G	-		
960	100	O	22.18	A	-		
960	101	O	22.18	A	-		
960	102	O	22.18	A	-		
960	103	O	22.18	T	-		
960	104	O	22.18	C	-		
960	105	O	22.18	A	-		
960	106	O	22.18	T	-		
960	107	O	22.18	T	-		
960	108	O	22.18	A	-		
960	109	O	22.18	T	-		
961	0	O	6.93	T	-		
961	1	O	6.93	C	-		
961	2	O	6.93	A	-		
961	3	O	6.93	A	-		
961	4	O	6.93	G	-		
961	5	O	6.93	T	-		
961	6	O	6.93	T	-		
961	7	O	6.93	T	-		
961	8	O	6.93	G	-		
961	9	O	6.93	A	-		
961	10	O	6.93	A	-		
961	11	O	6.93	C	-		
961	12	O	6.93	A	-		
961	13	O	6.93	A	-		
961	14	O	6.93	A	-		
961	15	O	6.93	G	-		
961	16	O	6.93	G	-		
961	17	O	6.93	C	-		
961	18	O	6.93	A	-		
961	19	O	6.93	A	-		
961	20	O	6.93	A	-		
961	21	O	6.93	G	-		
961	22	O	6.93	T	-		
961	23	O	6.93	T	-		
961	24	O	6.93	G	-		
961	25	O	6.93	T	-		
961	26	O	6.93	G	-		
961	27	O	6.93	T	-		
961	28	O	6.93	T	-		
961	29	O	6.93	T	-		
961	30	O	6.93	C	-		
961	31	O	6.93	C	-		
961	32	O	6.93	T	-		
961	33	O	6.93	C	-		
961	34	O	6.93	A	-		
961	35	O	6.93	G	-		
961	36	O	6.93	A	-		
961	37	O	6.93	T	-		
961	38	O	6.93	T	-		
961	39	O	6.93	C	-		
961	40	O	6.93	C	-		
961	41	O	6.93	C	-		
961	42	O	6.93	C	-		
961	43	O	6.93	G	-		
961	44	O	6.93	A	-		
961	45	O	6.93	A	-		
961	46	O	6.93	G	-		
961	47	O	6.93	G	-		
961	48	O	6.93	C	-		
961	49	O	6.93	A	-		
961	50	O	6.93	T	-		
961	51	O	6.93	G	-		
961	52	O	6.93	T	-		
961	53	O	6.93	G	-		
961	54	O	6.93	A	-		
961	55	O	6.93	G	-		
961	56	O	6.93	C	-		
961	57	O	6.93	A	-		
961	58	O	6.93	G	-		
961	59	O	6.93	A	-		
961	60	O	6.93	C	-		
961	61	O	6.93	C	-		
961	62	O	6.93	A	-		
961	63	O	6.93	T	-		
961	64	O	6.93	G	-		
961	65	O	6.93	C	-		
961	66	O	6.93	C	-		
961	67	O	6.93	C	-		
961	68	O	6.93	T	-		
961	69	O	6.93	T	-		
961	70	O	6.93	T	-		
961	71	O	6.93	T	-		
961	72	O	6.93	T	-		
961	73	O	6.93	G	-		
961	74	O	6.93	G	-		
961	75	O	6.93	G	-		
961	76	O	6.93	A	-		
961	77	O	6.93	G	-		
961	78	O	6.93	G	-		
961	79	O	6.93	G	-		
961	80	O	6.93	C	-		
961	81	O	6.93	C	-		
961	82	O	6.93	T	-		
961	83	O	6.93	C	-		
961	84	O	6.93	C	-		
961	85	O	6.93	T	-		
961	86	O	6.93	C	-		
961	87	O	6.93	G	-		
961	88	O	6.93	T	-		
961	89	O	6.93	T	-		
961	90	O	6.93	C	-		
961	91	O	6.93	A	-		
961	92	O	6.93	C	-		
961	93	O	6.93	T	-		
961	94	O	6.93	C	-		
961	95	O	6.93	G	-		
961	96	O	6.93	C	-		
961	97	O	6.93	C	-		
961	98	O	6.93	A	-		
961	99	O	6.93	G	-		
961	100	O	6.93	A	-		
961	101	O	6.93	G	-		
961	102	O	6.93	A	-		
961	103	O	6.93	T	-		
961	104	O	6.93	A	-		
961	105	O	6.93	T	-		
961	106	O	6.93	G	-		
961	107	O	6.93	A	-		
961	108	O	6.93	A	-		
961	109	O	6.93	G	-		
962	0	O	19.41	G	-		
962	1	O	19.41	C	-		
962	2	O	19.41	C	-		
962	3	O	19.41	G	-		
962	4	O	19.41	A	-		
962	5	O	19.41	A	-		
962	6	O	19.41	G	-		
962	7	O	19.41	C	-		
962	8	O	19.41	T	-		
962	9	O	19.41	T	-		
962	10	O	19.41	G	-		
962	11	O	19.41	A	-		
962	12	O	19.41	C	-		
962	13	O	19.41	C	-		
962	14	O	19.41	G	-		
962	15	O	19.41	C	-		
962	16	O	19.41	T	-		
962	17	O	19.41	T	-		
962	18	O	19.41	T	-		
962	19	O	19.41	A	-		
962	20	O	19.41	A	-		
962	21	O	19.41	A	-		
962	22	O	19.41	A	-		
962	23	O	19.41	T	-		
962	24	O	19.41	A	-		
962	25	O	19.41	A	-		
962	26	O	19.41	A	-		
962	27	O	19.41	G	-		
962	28	O	19.41	G	-		
962	29	O	19.41	C	-		
962	30	O	19.41	A	-		
962	31	O	19.41	C	-		
962	32	O	19.41	A	-		
962	33	O	19.41	A	-		
962	34	O	19.41	A	-		
962	35	O	19.41	C	-		
962	36	O	19.41	A	-		
962	37	O	19.41	C	-		
962	38	O	19.41	A	-		
962	39	O	19.41	T	-		
962	40	O	19.41	C	-		
962	41	O	19.41	T	-		
962	42	O	19.41	T	-		
962	43	O	19.41	C	-		
962	44	O	19.41	T	-		
962	45	O	19.41	C	-		
962	46	O	10.01	A	-		
962	47	O	19.41	A	-		
962	48	O	19.41	T	-		
962	49	O	19.41	T	-		
962	50	O	19.41	G	-		
962	51	O	19.41	G	-		
962	52	O	19.41	A	-		
962	53	O	19.41	G	-		
962	54	O	19.41	T	-		
962	55	O	19.41	G	-		
962	56	O	19.41	T	-		
962	57	O	19.41	C	-		
962	58	O	19.41	A	-		
962	59	O	19.41	T	-		
962	60	O	19.41	T	-		
962	61	O	19.41	T	-		
962	62	O	19.41	T	-		
962	63	O	19.41	T	-		
962	64	O	19.41	C	-		
962	65	O	19.41	T	-		
962	66	O	19.41	C	-		
962	67	O	19.41	T	-		
962	68	O	19.41	T	-		
962	69	O	5.47	G	-		
962	70	O	10.01	C	-		
962	71	O	19.41	C	-		
962	72	O	10.01	C	-		
962	73	O	19.41	C	-		
962	74	O	19.41	T	-		
962	75	O	19.41	T	-		
962	76	O	19.41	A	-		
962	77	O	19.41	A	-		
962	78	O	19.41	C	-		
962	79	O	19.41	T	-		
962	80	O	19.41	T	-		
962	81	O	19.41	A	-		
962	82	O	19.41	A	-		
962	83	O	19.41	T	-		
962	84	O	19.41	A	-		
962	85	O	19.41	A	-		
962	86	O	19.41	G	-		
962	87	O	19.41	G	-		
962	88	O	19.41	C	-		
962	89	O	19.41	G	-		
962	90	O	19.41	A	-		
962	91	O	19.41	C	-		
962	92	O	19.41	T	-		
962	93	O	19.41	T	-		
962	94	O	19.41	A	-		
962	95	O	19.41	A	-		
962	96	O	19.41	G	-		
962	97	O	19.41	T	-		
962	98	O	19.41	A	-		
962	99	O	19.41	A	-		
962	100	O	19.41	T	-		
962	101	O	19.41	A	-		
962	102	O	19.41	A	-		
962	103	O	19.41	A	-		
962	104	O	19.41	T	-		
962	105	O	19.41	C	-		
962	106	O	19.41	G	-		
962	107	O	19.41	C	-		
962	108	O	19.41	T	-		
962	109	O	19.41	T	-		
963	0	O	18.02	A	-		
963	1	O	18.02	A	-		
963	2	O	18.02	G	-		
963	3	O	18.02	A	-		
963	4	O	18.02	T	-		
963	5	O	18.02	C	-		
963	6	O	18.02	A	-		
963	7	O	18.02	G	-		
963	8	O	18.02	G	-		
963	9	O	18.02	C	-		
963	10	O	18.02	G	-		
963	11	O	18.02	G	-		
963	12	O	18.02	T	-		
963	13	O	18.02	G	-		
963	14	O	18.02	A	-		
963	15	O	18.02	C	-		
963	16	O	18.02	C	-		
963	17	O	18.02	G	-		
963	18	O	18.02	C	-		
963	19	O	18.02	A	-		
963	20	O	18.02	G	-		
963	21	O	18.02	T	-		
963	22	O	18.02	A	-		
963	23	O	18.02	A	-		
963	24	O	18.02	A	-		
963	25	O	18.02	C	-		
963	26	O	18.02	A	-		
963	27	O	18.02	G	-		
963	28	O	18.02	C	-		
963	29	O	18.02	T	-		
963	30	O	18.02	C	-		
963	31	O	18.02	G	-		
963	32	O	18.02	C	-		
963	33	O	18.02	C	-		
963	34	O	18.02	G	-		
963	35	O	18.02	A	-		
963	36	O	18.02	T	-		
963	37	O	18.02	G	-		
963	38	O	18.02	C	-		
963	39	O	18.02	A	-		
963	40	O	18.02	G	-		
963	41	O	18.02	C	-		
963	42	O	18.02	A	-		
963	43	O	18.02	A	-		
963	44	O	18.02	A	-		
963	45	O	18.02	A	-		
963	46	O	18.02	G	-		
963	47	O	18.02	C	-		
963	48	O	18.02	G	-		
963	49	O	18.02	T	-		
963	50	O	18.02	T	-		
963	51	O	18.02	T	-		
963	52	O	18.02	G	-		
963	53	O	18.02	A	-		
963	54	O	18.02	T	-		
963	55	O	18.02	G	-		
963	56	O	18.02	A	-		
963	57	O	18.02	G	-		
963	58	O	18.02	A	-		
963	59	O	18.02	C	-		
963	60	O	18.02	A	-		
963	61	O	18.02	T	-		
963	62	O	18.02	T	-		
963	63	O	18.02	G	-		
963	64	O	18.02	C	-		
963	65	O	18.02	G	-		
963	66	O	18.02	C	-		
963	67	O	18.02	C	-		
963	68	O	18.02	A	-		
963	69	O	18.02	T	-		
963	70	O	18.02	T	-		
963	71	O	18.02	C	-		
963	72	O	18.02	C	-		
963	73	O	18.02	A	-		
963	74	O	18.02	A	-		
963	75	O	18.02	T	-		
963	76	O	18.02	G	-		
963	77	O	18.02	G	-		
963	78	O	8.77	C	-		
963	79	O	18.02	A	-		
963	80	O	18.02	A	-		
963	81	O	18.02	G	-		
963	82	O	18.02	A	-		
963	83	O	18.02	A	-		
963	84	O	18.02	C	-		
963	85	O	18.02	A	-		
963	86	O	18.02	T	-		
963	87	O	18.02	C	-		
963	88	O	18.02	A	-		
963	89	O	18.02	T	-		
963	90	O	18.02	G	-		
963	91	O	18.02	G	-		
963	92	O	18.02	C	-		
963	93	O	18.02	T	-		
963	94	O	18.02	C	-		
963	95	O	18.02	T	-		
963	96	O	18.02	C	-		
963	97	O	18.02	C	-		
963	98	O	18.02	T	-		
963	99	O	18.02	T	-		
963	100	O	18.02	G	-		
963	101	O	18.02	G	-		
963	102	O	18.02	A	-		
963	103	O	18.02	A	-		
963	104	O	18.02	A	-		
963	105	O	18.02	A	-		
963	106	O	18.02	G	-		
963	107	O	18.02	C	-		
963	108	O	18.02	G	-		
963	109	O	18.02	A	-		
964	0	O	11.09	T	-		
964	1	O	11.09	A	-		
964	2	O	11.09	C	-		
964	3	O	11.09	T	-		
964	4	O	11.09	C	-		
964	5	O	11.09	A	-		
964	6	O	11.09	T	-		
964	7	O	11.09	T	-		
964	8	O	11.09	C	-		
964	9	O	11.09	T	-		
964	10	O	11.09	A	-		
964	11	O	11.09	A	-		
964	12	O	11.09	A	-		
964	13	O	11.09	C	-		
964	14	O	11.09	G	-		
964	15	O	11.09	A	-		
964	16	O	11.09	A	-		
964	17	O	11.09	A	-		
964	18	O	11.09	C	-		
964	19	O	11.09	C	-		
964	20	O	11.09	G	-		
964	21	O	11.09	A	-		
964	22	O	11.09	T	-		
964	23	O	11.09	A	-		
964	24	O	11.09	G	-		
964	25	O	11.09	A	-		
964	26	O	11.09	C	-		
964	27	O	11.09	T	-		
964	28	O	11.09	T	-		
964	29	O	11.09	C	-		
964	30	O	11.09	A	-		
964	31	O	11.09	T	-		
964	32	O	11.09	G	-		
964	33	O	11.09	G	-		
964	34	O	11.09	C	-		
964	35	O	11.09	C	-		
964	36	O	11.09	T	-		
964	37	O	11.09	A	-		
964	38	O	11.09	T	-		
964	39	O	11.09	T	-		
964	40	O	11.09	A	-		
964	41	O	11.09	T	-		
964	42	O	11.09	T	-		
964	43	O	11.09	C	-		
964	44	O	11.09	A	-		
964	45	O	11.09	G	-		
964	46	O	11.09	C	-		
964	47	O	11.09	T	-		
964	48	O	11.09	A	-		
964	49	O	11.09	T	-		
964	50	O	11.09	C	-		
964	51	O	11.09	G	-		
964	52	O	11.09	A	-		
964	53	O	11.09	G	-		
964	54	O	11.09	G	-		
964	55	O	11.09	C	-		
964	56	O	11.09	T	-		
964	57	O	11.09	T	-		
964	58	O	11.09	G	-		
964	59	O	11.09	G	-		
964	60	O	11.09	C	-		
964	61	O	11.09	G	-		
964	62	O	11.09	A	-		
964	63	O	11.09	G	-		
964	64	O	11.09	A	-		
964	65	O	11.09	T	-		
964	66	O	11.09	A	-		
964	67	O	11.09	G	-		
964	68	O	11.09	G	-		
964	69	O	11.09	G	-		
964	70	O	11.09	C	-		
964	71	O	11.09	G	-		
964	72	O	11.09	T	-		
964	73	O	11.09	C	-		
964	74	O	11.09	T	-		
964	75	O	11.09	T	-		
964	76	O	11.09	C	-		
964	77	O	11.09	A	-		
964	78	O	11.09	A	-		
964	79	O	11.09	G	-		
964	80	O	11.09	G	-		
964	81	O	11.09	A	-		
964	82	O	11.09	G	-		
964	83	O	11.09	A	-		
964	84	O	11.09	C	-		
964	85	O	11.09	C	-		
964	86	O	11.09	G	-		
964	87	O	11.09	A	-		
964	88	O	11.09	A	-		
964	89	O	11.09	G	-		
964	90	O	11.09	A	-		
964	91	O	11.09	T	-		
964	92	O	11.09	C	-		
964	93	O	11.09	A	-		
964	94	O	11.09	G	-		
964	95	O	11.09	A	-		
964	96	O	11.09	T	-		
964	97	O	11.09	G	-		
964	98	O	11.09	C	-		
964	99	O	11.09	A	-		
964	100	O	11.09	A	-		
964	101	O	11.09	A	-		
964	102	O	11.09	C	-		
964	103	O	11.09	A	-		
964	104	O	11.09	C	-		
964	105	O	11.09	G	-		
964	106	O	11.09	C	-		
964	107	O	11.09	C	-		
964	108	O	11.09	A	-		
964	109	O	11.09	G	-		
965	0	O	11.09	T	-		
965	1	O	11.09	G	-		
965	2	O	11.09	C	-		
965	3	O	11.09	A	-		
965	4	O	11.09	G	-		
965	5	O	11.09	C	-		
965	6	O	11.09	A	-		
965	7	O	11.09	A	-		
965	8	O	11.09	A	-		
965	9	O	11.09	G	-		
965	10	O	11.09	T	-		
965	11	O	11.09	G	-		
965	12	O	11.09	C	-		
965	13	O	11.09	T	-		
965	14	O	11.09	T	-		
965	15	O	11.09	G	-		
965	16	O	11.09	T	-		
965	17	O	11.09	G	-		
965	18	O	11.09	T	-		
965	19	O	11.09	G	-		
965	20	O	11.09	A	-		
965	21	O	11.09	A	-		
965	22	O	11.09	G	-		
965	23	O	11.09	C	-		
965	24	O	11.09	A	-		
965	25	O	11.09	T	-		
965	26	O	11.09	C	-		
965	27	O	11.09	G	-		
965	28	O	11.09	C	-		
965	29	O	11.09	G	-		
965	30	O	11.09	C	-		
965	31	O	11.09	G	-		
965	32	O	11.09	C	-		
965	33	O	11.09	A	-		
965	34	O	11.09	G	-		
965	35	O	11.09	C	-		
965	36	O	11.09	C	-		
965	37	O	11.09	T	-		
965	38	O	11.09	G	-		
965	39	O	11.09	C	-		
965	40	O	11.09	G	-		
965	41	O	11.09	C	-		
965	42	O	11.09	A	-		
965	43	O	11.09	T	-		
965	44	O	11.09	G	-		
965	45	O	11.09	C	-		
965	46	O	11.09	G	-		
965	47	O	11.09	C	-		
965	48	O	11.09	C	-		
965	49	O	11.09	A	-		
965	50	O	11.09	A	-		
965	51	O	11.09	G	-		
965	52	O	11.09	T	-		
965	53	O	11.09	G	-		
965	54	O	11.09	T	-		
965	55	O	11.09	A	-		
965	56	O	11.09	C	-		
965	57	O	11.09	G	-		
965	58	O	11.09	C	-		
965	59	O	11.09	T	-		
965	60	O	11.09	C	-		
965	61	O	11.09	A	-		
965	62	O	11.09	A	-		
965	63	O	11.09	C	-		
965	64	O	11.09	G	-		
965	65	O	11.09	C	-		
965	66	O	11.09	C	-		
965	67	O	11.09	G	-		
965	68	O	11.09	A	-		
965	69	O	11.09	T	-		
965	70	O	11.09	A	-		
965	71	O	11.09	T	-		
965	72	O	11.09	G	-		
965	73	O	11.09	C	-		
965	74	O	11.09	G	-		
965	75	O	11.09	C	-		
965	76	O	11.09	G	-		
965	77	O	11.09	C	-		
965	78	O	11.09	T	-		
965	79	O	11.09	C	-		
965	80	O	11.09	G	-		
965	81	O	11.09	C	-		
965	82	O	11.09	T	-		
965	83	O	11.09	G	-		
965	84	O	11.09	C	-		
965	85	O	11.09	G	-		
965	86	O	11.09	C	-		
965	87	O	11.09	C	-		
965	88	O	11.09	T	-		
965	89	O	11.09	A	-		
965	90	O	11.09	G	-		
965	91	O	11.09	C	-		
965	92	O	11.09	G	-		
965	93	O	11.09	C	-		
965	94	O	11.09	C	-		
965	95	O	11.09	G	-		
965	96	O	11.09	T	-		
965	97	O	11.09	T	-		
965	98	O	11.09	G	-		
965	99	O	11.09	C	-		
965	100	O	11.09	G	-		
965	101	O	11.09	C	-		
965	102	U	2.86	A	C		
965	103	O	11.09	T	-		
965	104	O	11.09	C	-		
965	105	O	11.09	C	-		
965	106	O	11.09	A	-		
965	107	O	11.09	C	-		
965	108	O	11.09	T	-		
965	109	O	11.09	A	-		
966	0	O	6.93	T	-		
966	1	O	6.93	C	-		
966	2	O	6.93	T	-		
966	3	O	6.93	C	-		
966	4	O	6.93	T	-		
966	5	O	6.93	T	-		
966	6	O	6.93	G	-		
966	7	O	6.93	T	-		
966	8	O	6.93	T	-		
966	9	O	6.93	T	-		
966	10	O	6.93	G	-		
966	11	O	6.93	T	-		
966	12	O	6.93	C	-		
966	13	O	6.93	T	-		
966	14	O	6.93	C	-		
966	15	O	6.93	T	-		
966	16	O	6.93	T	-		
966	17	O	6.93	A	-		
966	18	O	6.93	T	-		
966	19	O	6.93	C	-		
966	20	O	6.93	A	-		
966	21	O	6.93	T	-		
966	22	O	6.93	G	-		
966	23	O	6.93	A	-		
966	24	O	6.93	G	-		
966	25	O	6.93	C	-		
966	26	O	6.93	G	-		
966	27	O	6.93	T	-		
966	28	O	6.93	T	-		
966	29	O	6.93	G	-		
966	30	O	6.93	T	-		
966	31	O	6.93	T	-		
966	32	O	6.93	A	-		
966	33	O	6.93	A	-		
966	34	O	6.93	A	-		
966	35	O	6.93	A	-		
966	36	O	6.93	C	-		
966	37	O	6.93	T	-		
966	38	O	6.93	C	-		
966	39	O	6.93	T	-		
966	40	O	6.93	C	-		
966	41	O	6.93	A	-		
966	42	O	6.93	T	-		
966	43	O	6.93	C	-		
966	44	O	6.93	A	-		
966	45	O	6.93	G	-		
966	46	O	6.93	C	-		
966	47	O	6.93	A	-		
966	48	O	6.93	T	-		
966	49	O	6.93	T	-		
966	50	O	6.93	G	-		
966	51	O	6.93	A	-		
966	52	O	6.93	A	-		
966	53	O	6.93	A	-		
966	54	O	6.93	A	-		
966	55	O	6.93	A	-		
966	56	O	6.93	G	-		
966	57	O	6.93	C	-		
966	58	O	6.93	T	-		
966	59	O	6.93	C	-		
966	60	O	6.93	C	-		
966	61	O	6.93	A	-		
966	62	O	6.93	T	-		
966	63	O	6.93	C	-		
966	64	O	6.93	A	-		
966	65	O	6.93	A	-		
966	66	O	6.93	T	-		
966	67	O	6.93	C	-		
966	68	O	6.93	A	-		
966	69	O	6.93	C	-		
966	70	O	6.93	T	-		
966	71	O	6.93	G	-		
966	72	O	6.93	G	-		
966	73	O	6.93	A	-		
966	74	O	6.93	G	-		
966	75	O	6.93	A	-		
966	76	O	6.93	A	-		
966	77	O	6.93	G	-		
966	78	O	6.93	T	-		
966	79	O	6.93	T	-		
966	80	O	6.93	C	-		
966	81	O	6.93	A	-		
966	82	O	6.93	C	-		
966	83	O	6.93	G	-		
966	84	O	6.93	A	-		
966	85	O	6.93	A	-		
966	86	O	6.93	T	-		
966	87	O	6.93	G	-		
966	88	O	6.93	A	-		
966	89	O	6.93	A	-		
966	90	O	6.93	A	-		
966	91	O	6.93	T	-		
966	92	O	6.93	T	-		
966	93	O	6.93	T	-		
966	94	O	6.93	C	-		
966	95	O	6.93	T	-		
966	96	O	6.93	T	-		
966	97	O	6.93	G	-		
966	98	O	6.93	A	-		
966	99	O	6.93	A	-		
966	100	O	6.93	C	-		
966	101	O	6.93	G	-		
966	102	O	6.93	A	-		
966	103	O	6.93	T	-		
966	104	O	6.93	C	-		
966	105	O	6.93	G	-		
966	106	O	6.93	A	-		
966	107	O	6.93	A	-		
966	108	O	6.93	T	-		
966	109	O	6.93	G	-		
967	0	O	8.32	C	-		
967	1	U	0.71	C	G		
967	2	O	8.32	C	-		
967	3	O	8.32	A	-		
967	4	O	8.32	C	-		
967	5	O	8.32	T	-		
967	6	O	8.32	T	-		
967	7	O	8.32	A	-		
967	8	O	8.32	T	-		
967	9	O	8.32	T	-		
967	10	O	8.32	A	-		
967	11	O	8.32	A	-		
967	12	O	8.32	C	-		
967	13	O	8.32	T	-		
967	14	O	8.32	C	-		
967	15	O	8.32	A	-		
967	16	O	8.32	T	-		
967	17	O	8.32	T	-		
967	18	O	8.32	T	-		
967	19	O	8.32	A	-		
967	20	O	8.32	T	-		
967	21	O	8.32	G	-		
967	22	O	8.32	T	-		
967	23	O	8.32	A	-		
967	24	O	8.32	G	-		
967	25	O	8.32	C	-		
967	26	O	8.32	A	-		
967	27	O	8.32	T	-		
967	28	O	8.32	A	-		
967	29	O	8.32	T	-		
967	30	O	8.32	T	-		
967	31	O	8.32	T	-		
967	32	O	8.32	T	-		
967	33	O	8.32	A	-		
967	34	O	8.32	A	-		
967	35	O	8.32	A	-		
967	36	O	8.32	C	-		
967	37	O	8.32	A	-		
967	38	O	8.32	C	-		
967	39	O	8.32	T	-		
967	40	O	8.32	G	-		
967	41	O	8.32	A	-		
967	42	O	8.32	A	-		
967	43	O	8.32	C	-		
967	44	O	8.32	G	-		
967	45	O	8.32	T	-		
967	46	O	8.32	G	-		
967	47	O	8.32	A	-		
967	48	O	8.32	A	-		
967	49	O	8.32	C	-		
967	50	O	8.32	T	-		
967	51	O	8.32	A	-		
967	52	O	8.32	C	-		
967	53	O	8.32	T	-		
967	54	O	8.32	C	-		
967	55	O	8.32	A	-		
967	56	O	8.32	A	-		
967	57	O	8.32	T	-		
967	58	O	8.32	T	-		
967	59	O	8.32	T	-		
967	60	O	8.32	A	-		
967	61	O	8.32	T	-		
967	62	O	8.32	G	-		
967	63	O	8.32	C	-		
967	64	O	8.32	A	-		
967	65	O	8.32	T	-		
967	66	O	8.32	T	-		
967	67	O	8.32	T	-		
967	68	O	8.32	T	-		
967	69	O	8.32	T	-		
967	70	O	8.32	C	-		
967	71	O	8.32	C	-		
967	72	O	8.32	C	-		
967	73	O	8.32	A	-		
967	74	O	8.32	A	-		
967	75	O	8.32	C	-		
967	76	O	8.32	C	-		
967	77	O	8.32	T	-		
967	78	O	8.32	C	-		
967	79	O	8.32	T	-		
967	80	O	8.32	A	-		
967	81	O	8.32	C	-		
967	82	O	8.32	C	-		
967	83	O	8.32	C	-		
967	84	O	8.32	G	-		
967	85	O	8.32	T	-		
967	86	O	8.32	T	-		
967	87	O	8.32	G	-		
967	88	O	8.32	T	-		
967	89	O	8.32	G	-		
967	90	O	8.32	T	-		
967	91	O	8.32	T	-		
967	92	O	8.32	G	-		
967	93	O	8.32	T	-		
967	94	O	8.32	A	-		
967	95	O	8.32	A	-		
967	96	O	8.32	G	-		
967	97	O	8.32	C	-		
967	98	O	8.32	C	-		
967	99	O	8.32	C	-		
967	100	O	8.32	T	-		
967	101	O	8.32	T	-		
967	102	O	8.32	A	-		
967	103	O	8.32	T	-		
967	104	O	8.32	G	-		
967	105	O	8.32	C	-		
967	106	O	8.32	A	-		
967	107	O	8.32	T	-		
967	108	O	8.32	T	-		
967	109	O	8.32	T	-		
968	0	O	18.02	A	-		
968	1	O	18.02	C	-		
968	2	O	18.02	C	-		
968	3	O	18.02	T	-		
968	4	O	18.02	G	-		
968	5	O	18.02	G	-		
968	6	O	18.02	A	-		
968	7	O	18.02	C	-		
968	8	O	18.02	G	-		
968	9	O	18.02	A	-		
968	10	O	18.02	C	-		
968	11	O	18.02	A	-		
968	12	O	18.02	C	-		
968	13	O	18.02	T	-		
968	14	O	18.02	G	-		
968	15	O	18.02	C	-		
968	16	O	18.02	C	-		
968	17	O	18.02	G	-		
968	18	O	18.02	G	-		
968	19	O	18.02	T	-		
968	20	O	18.02	C	-		
968	21	O	18.02	C	-		
968	22	O	18.02	A	-		
968	23	O	18.02	G	-		
968	24	O	18.02	T	-		
968	25	O	18.02	G	-		
968	26	O	18.02	G	-		
968	27	O	18.02	G	-		
968	28	O	18.02	C	-		
968	29	O	18.02	G	-		
968	30	O	18.02	G	-		
968	31	O	18.02	C	-		
968	32	O	18.02	C	-		
968	33	O	18.02	T	-		
968	34	O	18.02	G	-		
968	35	O	18.02	G	-		
968	36	O	18.02	T	-		
968	37	O	18.02	G	-		
968	38	O	18.02	G	-		
968	39	O	18.02	A	-		
968	40	O	18.02	G	-		
968	41	O	8.77	C	-		
968	42	O	18.02	A	-		
968	43	O	18.02	G	-		
968	44	O	18.02	C	-		
968	45	O	18.02	C	-		
968	46	O	18.02	G	-		
968	47	O	18.02	G	-		
968	48	O	18.02	C	-		
968	49	O	18.02	G	-		
968	50	O	18.02	G	-		
968	51	O	18.02	G	-		
968	52	O	18.02	C	-		
968	53	O	18.02	G	-		
968	54	O	18.02	A	-		
968	55	O	18.02	A	-		
968	56	O	18.02	C	-		
968	57	O	18.02	A	-		
968	58	O	18.02	G	-		
968	59	O	18.02	A	-		
968	60	O	18.02	C	-		
968	61	O	18.02	G	-		
968	62	O	18.02	A	-		
968	63	O	18.02	A	-		
968	64	O	18.02	C	-		
968	65	O	18.02	A	-		
968	66	O	18.02	C	-		
968	67	O	18.02	C	-		
968	68	O	18.02	A	-		
968	69	O	18.02	G	-		
968	70	O	18.02	C	-		
968	71	O	18.02	G	-		
968	72	O	18.02	G	-		
968	73	O	18.02	C	-		
968	74	O	18.02	C	-		
968	75	O	18.02	C	-		
968	76	O	18.02	C	-		
968	77	O	18.02	T	-		
968	78	O	18.02	C	-		
968	79	O	18.02	A	-		
968	80	O	18.02	A	-		
968	81	O	18.02	G	-		
968	82	O	18.02	C	-		
968	83	O	18.02	A	-		
968	84	O	18.02	C	-		
968	85	O	18.02	T	-		
968	86	O	18.02	A	-		
968	87	O	18.02	G	-		
968	88	O	18.02	C	-		
968	89	O	18.02	G	-		
968	90	O	18.02	C	-		
968	91	O	18.02	C	-		
968	92	O	18.02	A	-		
968	93	O	18.02	C	-		
968	94	O	18.02	C	-		
968	95	O	18.02	A	-		
968	96	O	18.02	A	-		
968	97	O	18.02	C	-		
968	98	O	18.02	A	-		
968	99	O	18.02	G	-		
968	100	O	18.02	C	-		
968	101	O	18.02	A	-		
968	102	O	18.02	A	-		
968	103	O	18.02	C	-		
968	104	O	18.02	A	-		
968	105	O	18.02	C	-		
968	106	O	18.02	C	-		
968	107	O	18.02	A	-		
968	108	O	18.02	A	-		
968	109	O	18.02	C	-		
969	0	O	6.93	T	-		
969	1	O	6.93	A	-		
969	2	O	6.93	C	-		
969	3	O	6.93	A	-		
969	4	O	6.93	G	-		
969	5	O	6.93	G	-		
969	6	O	6.93	T	-		
969	7	O	6.93	G	-		
969	8	O	6.93	A	-		
969	9	O	6.93	T	-		
969	10	O	6.93	T	-		
969	11	O	6.93	T	-		
969	12	O	6.93	A	-		
969	13	O	6.93	A	-		
969	14	O	6.93	C	-		
969	15	O	6.93	A	-		
969	16	O	6.93	G	-		
969	17	O	6.93	A	-		
969	18	O	6.93	G	-		
969	19	O	6.93	A	-		
969	20	O	6.93	T	-		
969	21	O	6.93	C	-		
969	22	O	6.93	G	-		
969	23	O	6.93	T	-		
969	24	O	6.93	T	-		
969	25	O	6.93	C	-		
969	26	O	6.93	C	-		
969	27	U	-0.27	A	G		
969	28	O	6.93	G	-		
969	29	O	6.93	G	-		
969	30	O	6.93	T	-		
969	31	O	6.93	A	-		
969	32	O	6.93	T	-		
969	33	O	6.93	G	-		
969	34	O	6.93	C	-		
969	35	O	6.93	C	-		
969	36	O	6.93	G	-		
969	37	O	6.93	C	-		
969	38	O	6.93	C	-		
969	39	O	6.93	T	-		
969	40	O	6.93	T	-		
969	41	O	6.93	C	-		
969	42	O	6.93	G	-		
969	43	O	6.93	A	-		
969	44	O	6.93	T	-		
969	45	O	6.93	T	-		
969	46	O	6.93	G	-		
969	47	O	6.93	G	-		
969	48	O	6.93	A	-		
969	49	O	6.93	G	-		
969	50	O	6.93	G	-		
969	51	O	6.93	A	-		
969	52	O	6.93	A	-		
969	53	O	6.93	T	-		
969	54	O	6.93	C	-		
969	55	O	6.93	C	-		
969	56	O	6.93	T	-		
969	57	O	6.93	G	-		
969	58	O	6.93	C	-		
969	59	O	6.93	G	-		
969	60	O	6.93	T	-		
969	61	O	6.93	A	-		
969	62	O	6.93	G	-		
969	63	O	6.93	C	-		
969	64	O	6.93	C	-		
969	65	O	6.93	G	-		
969	66	O	6.93	A	-		
969	67	O	6.93	G	-		
969	68	O	6.93	A	-		
969	69	O	6.93	T	-		
969	70	O	6.93	C	-		
969	71	O	6.93	T	-		
969	72	O	6.93	T	-		
969	73	O	6.93	G	-		
969	74	O	6.93	G	-		
969	75	O	6.93	G	-		
969	76	O	6.93	A	-		
969	77	O	6.93	G	-		
969	78	O	6.93	G	-		
969	79	O	6.93	C	-		
969	80	O	6.93	T	-		
969	81	O	6.93	G	-		
969	82	O	6.93	A	-		
969	83	O	6.93	G	-		
969	84	O	6.93	C	-		
969	85	O	6.93	C	-		
969	86	O	6.93	T	-		
969	87	O	6.93	G	-		
969	88	O	6.93	G	-		
969	89	O	6.93	C	-		
969	90	O	6.93	C	-		
969	91	O	6.93	A	-		
969	92	O	6.93	T	-		
969	93	O	6.93	C	-		
969	94	O	6.93	C	-		
969	95	O	6.93	A	-		
969	96	O	6.93	A	-		
969	97	O	6.93	T	-		
969	98	O	6.93	T	-		
969	99	O	6.93	G	-		
969	100	O	6.93	A	-		
969	101	O	6.93	A	-		
969	102	O	6.93	G	-		
969	103	O	6.93	A	-		
969	104	O	6.93	C	-		
969	105	O	6.93	G	-		
969	106	O	6.93	T	-		
969	107	O	6.93	T	-		
969	108	O	6.93	G	-		
969	109	O	6.93	C	-		
970	0	O	5.55	C	-		
970	1	O	5.55	C	-		
970	2	O	5.55	T	-		
970	3	O	5.55	A	-		
970	4	O	5.55	T	-		
970	5	O	5.55	T	-		
970	6	O	5.55	T	-		
970	7	O	5.55	G	-		
970	8	O	5.55	C	-		
970	9	O	5.55	A	-		
970	10	O	5.55	G	-		
970	11	O	5.55	G	-		
970	12	O	5.55	A	-		
970	13	O	5.55	G	-		
970	14	O	5.55	G	-		
970	15	O	5.55	C	-		
970	16	O	5.55	T	-		
970	17	O	5.55	T	-		
970	18	O	5.55	C	-		
970	19	O	5.55	G	-		
970	20	O	5.55	A	-		
970	21	O	5.55	A	-		
970	22	O	5.55	G	-		
970	23	O	5.55	A	-		
970	24	O	5.55	G	-		
970	25	O	5.55	G	-		
970	26	O	5.55	C	-		
970	27	O	5.55	T	-		
970	28	O	5.55	A	-		
970	29	O	5.55	T	-		
970	30	O	5.55	C	-		
970	31	O	5.55	A	-		
970	32	O	5.55	T	-		
970	33	O	5.55	C	-		
970	34	O	5.55	G	-		
970	35	O	5.55	A	-		
970	36	O	5.55	C	-		
970	37	O	5.55	A	-		
970	38	O	5.55	T	-		
970	39	O	5.55	A	-		
970	40	O	5.55	T	-		
970	41	O	5.55	G	-		
970	42	O	5.55	G	-		
970	43	O	5.55	A	-		
970	44	O	5.55	C	-		
970	45	O	5.55	G	-		
970	46	O	5.55	C	-		
970	47	O	5.55	C	-		
970	48	O	5.55	A	-		
970	49	O	5.55	A	-		
970	50	O	5.55	T	-		
970	51	O	5.55	A	-		
970	52	O	5.55	C	-		
970	53	O	5.55	A	-		
970	54	O	5.55	G	-		
970	55	O	5.55	T	-		
970	56	O	5.55	A	-		
970	57	O	5.55	A	-		
970	58	O	5.55	A	-		
970	59	O	5.55	C	-		
970	60	O	5.55	T	-		
970	61	O	5.55	T	-		
970	62	O	5.55	C	-		
970	63	O	5.55	T	-		
970	64	O	5.55	T	-		
970	65	O	5.55	G	-		
970	66	O	5.55	C	-		
970	67	O	5.55	G	-		
970	68	O	5.55	T	-		
970	69	O	5.55	T	-		
970	70	O	5.55	T	-		
970	71	O	5.55	A	-		
970	72	O	5.55	T	-		
970	73	O	5.55	T	-		
970	74	O	5.55	A	-		
970	75	O	5.55	G	-		
970	76	O	5.55	G	-		
970	77	O	5.55	A	-		
970	78	O	5.55	A	-		
970	79	O	5.55	T	-		
970	80	O	5.55	C	-		
970	81	O	5.55	A	-		
970	82	O	5.55	C	-		
970	83	O	5.55	T	-		
970	84	O	5.55	A	-		
970	85	O	5.55	C	-		
970	86	O	5.55	A	-		
970	87	O	5.55	T	-		
970	88	O	5.55	C	-		
970	89	O	5.55	A	-		
970	90	O	5.55	A	-		
970	91	O	5.55	A	-		
970	92	O	5.55	T	-		
970	93	O	5.55	C	-		
970	94	O	5.55	G	-		
970	95	O	5.55	G	-		
970	96	O	5.55	T	-		
970	97	O	5.55	C	-		
970	98	O	5.55	G	-		
970	99	O	5.55	A	-		
970	100	O	5.55	G	-		
970	101	O	5.55	G	-		
970	102	O	5.55	A	-		
970	103	O	5.55	G	-		
970	104	O	5.55	A	-		
970	105	O	5.55	T	-		
970	106	O	5.55	C	-		
970	107	O	5.55	A	-		
970	108	O	5.55	C	-		
970	109	O	5.55	G	-		
971	0	O	15.25	C	-		
971	1	O	15.25	T	-		
971	2	O	15.25	C	-		
971	3	O	15.25	C	-		
971	4	O	15.25	G	-		
971	5	O	15.25	C	-		
971	6	O	15.25	C	-		
971	7	O	15.25	A	-		
971	8	O	15.25	T	-		
971	9	O	15.25	T	-		
971	10	O	15.25	T	-		
971	11	O	15.25	C	-		
971	12	O	15.25	A	-		
971	13	O	15.25	T	-		
971	14	O	15.25	C	-		
971	15	O	15.25	A	-		
971	16	O	15.25	T	-		
971	17	O	15.25	G	-		
971	18	O	15.25	G	-		
971	19	O	15.25	C	-		
971	20	O	15.25	C	-		
971	21	O	15.25	A	-		
971	22	O	15.25	A	-		
971	23	O	15.25	T	-		
971	24	O	15.25	C	-		
971	25	O	15.25	G	-		
971	26	O	15.25	G	-		
971	27	O	15.25	G	-		
971	28	O	15.25	C	-		
971	29	O	6.35	T	-		
971	30	O	15.25	C	-		
971	31	O	15.25	A	-		
971	32	O	15.25	A	-		
971	33	O	15.25	T	-		
971	34	O	15.25	T	-		
971	35	O	15.25	C	-		
971	36	O	15.25	G	-		
971	37	O	15.25	A	-		
971	38	O	15.25	G	-		
971	39	O	6.35	C	-		
971	40	O	15.25	A	-		
971	41	O	15.25	C	-		
971	42	O	15.25	C	-		
971	43	O	15.25	C	-		
971	44	O	15.25	G	-		
971	45	O	15.25	A	-		
971	46	O	15.25	C	-		
971	47	O	15.25	G	-		
971	48	O	15.25	G	-		
971	49	O	15.25	G	-		
971	50	O	15.25	A	-		
971	51	O	15.25	A	-		
971	52	O	15.25	A	-		
971	53	O	15.25	C	-		
971	54	O	15.25	A	-		
971	55	O	15.25	A	-		
971	56	O	15.25	G	-		
971	57	O	15.25	T	-		
971	58	O	15.25	A	-		
971	59	O	15.25	G	-		
971	60	O	15.25	C	-		
971	61	O	15.25	G	-		
971	62	O	15.25	C	-		
971	63	O	15.25	A	-		
971	64	O	15.25	C	-		
971	65	O	15.25	A	-		
971	66	O	15.25	C	-		
971	67	O	15.25	A	-		
971	68	O	15.25	G	-		
971	69	O	15.25	A	-		
971	70	O	15.25	C	-		
971	71	O	15.25	A	-		
971	72	O	15.25	C	-		
971	73	O	15.25	A	-		
971	74	O	15.25	C	-		
971	75	O	15.25	T	-		
971	76	O	15.25	G	-		
971	77	O	15.25	G	-		
971	78	O	15.25	C	-		
971	79	O	6.35	T	-		
971	80	O	15.25	T	-		
971	81	O	15.25	C	-		
971	82	O	15.25	C	-		
971	83	O	15.25	A	-		
971	84	O	15.25	G	-		
971	85	O	15.25	G	-		
971	86	O	15.25	G	-		
971	87	O	15.25	T	-		
971	88	O	15.25	A	-		
971	89	O	15.25	A	-		
971	90	O	15.25	A	-		
971	91	O	15.25	T	-		
971	92	O	15.25	A	-		
971	93	O	6.35	T	-		
971	94	O	15.25	C	-		
971	95	O	6.35	A	-		
971	96	O	15.25	A	-		
971	97	O	15.25	C	-		
971	98	O	6.35	A	-		
971	99	O	15.25	C	-		
971	100	O	15.25	A	-		
971	101	O	15.25	A	-		
971	102	O	15.25	T	-		
971	103	O	15.25	G	-		
971	104	O	15.25	T	-		
971	105	O	15.25	T	-		
971	106	O	15.25	T	-		
971	107	O	15.25	C	-		
971	108	O	15.25	G	-		
971	109	O	15.25	C	-		
972	0	O	8.32	T	-		
972	1	O	8.32	A	-		
972	2	O	8.32	C	-		
972	3	O	8.32	A	-		
972	4	O	8.32	C	-		
972	5	O	8.32	G	-		
972	6	O	8.32	A	-		
972	7	O	8.32	A	-		
972	8	O	8.32	A	-		
972	9	O	8.32	A	-		
972	10	O	8.32	T	-		
972	11	O	8.32	G	-		
972	12	O	8.32	G	-		
972	13	O	8.32	A	-		
972	14	O	8.32	A	-		
972	15	O	8.32	C	-		
972	16	O	8.32	G	-		
972	17	O	8.32	C	-		
972	18	O	8.32	G	-		
972	19	O	8.32	A	-		
972	20	O	8.32	C	-		
972	21	O	8.32	A	-		
972	22	O	8.32	A	-		
972	23	O	8.32	T	-		
972	24	O	8.32	T	-		
972	25	O	8.32	G	-		
972	26	O	8.32	T	-		
972	27	O	8.32	T	-		
972	28	O	8.32	T	-		
972	29	O	8.32	T	-		
972	30	O	8.32	T	-		
972	31	O	8.32	T	-		
972	32	O	8.32	A	-		
972	33	O	8.32	A	-		
972	34	O	8.32	G	-		
972	35	O	8.32	A	-		
972	36	O	8.32	A	-		
972	37	O	8.32	A	-		
972	38	O	8.32	G	-		
972	39	O	8.32	G	-		
972	40	O	8.32	A	-		
972	41	O	8.32	C	-		
972	42	O	8.32	A	-		
972	43	O	8.32	C	-		
972	44	O	8.32	A	-		
972	45	O	8.32	A	-		
972	46	O	8.32	A	-		
972	47	O	8.32	T	-		
972	48	O	8.32	A	-		
972	49	O	8.32	T	-		
972	50	O	8.32	A	-		
972	51	O	8.32	G	-		
972	52	O	8.32	C	-		
972	53	O	8.32	G	-		
972	54	O	8.32	G	-		
972	55	O	8.32	G	-		
972	56	O	8.32	A	-		
972	57	O	8.32	A	-		
972	58	O	8.32	C	-		
972	59	O	8.32	A	-		
972	60	O	8.32	T	-		
972	61	O	8.32	G	-		
972	62	O	8.32	A	-		
972	63	O	8.32	C	-		
972	64	O	8.32	A	-		
972	65	O	8.32	A	-		
972	66	O	8.32	G	-		
972	67	O	8.32	T	-		
972	68	O	8.32	A	-		
972	69	O	8.32	T	-		
972	70	O	8.32	T	-		
972	71	O	8.32	T	-		
972	72	O	8.32	T	-		
972	73	O	8.32	T	-		
972	74	O	8.32	G	-		
972	75	O	8.32	T	-		
972	76	O	8.32	C	-		
972	77	O	8.32	T	-		
972	78	O	8.32	G	-		
972	79	O	8.32	T	-		
972	80	O	8.32	A	-		
972	81	O	8.32	T	-		
972	82	O	8.32	G	-		
972	83	O	8.32	T	-		
972	84	O	8.32	T	-		
972	85	O	8.32	T	-		
972	86	O	8.32	A	-		
972	87	O	8.32	T	-		
972	88	O	8.32	T	-		
972	89	O	8.32	T	-		
972	90	O	8.32	A	-		
972	91	O	8.32	C	-		
972	92	O	8.32	C	-		
972	93	O	8.32	G	-		
972	94	O	8.32	A	-		
972	95	O	8.32	T	-		
972	96	O	8.32	A	-		
972	97	O	8.32	T	-		
972	98	O	8.32	G	-		
972	99	O	8.32	A	-		
972	100	O	8.32	A	-		
972	101	O	8.32	T	-		
972	102	O	8.32	T	-		
972	103	O	8.32	T	-		
972	104	O	8.32	A	-		
972	105	O	8.32	G	-		
972	106	O	8.32	C	-		
972	107	O	8.32	A	-		
972	108	O	8.32	T	-		
972	109	O	8.32	C	-		
973	0	O	6.93	G	-		
973	1	O	6.93	T	-		
973	2	O	6.93	C	-		
973	3	O	6.93	T	-		
973	4	O	6.93	G	-		
973	5	O	6.93	G	-		
973	6	O	6.93	A	-		
973	7	O	6.93	G	-		
973	8	O	6.93	A	-		
973	9	O	6.93	A	-		
973	10	O	6.93	G	-		
973	11	O	6.93	A	-		
973	12	O	6.93	C	-		
973	13	O	6.93	C	-		
973	14	O	6.93	T	-		
973	15	O	6.93	G	-		
973	16	O	6.93	C	-		
973	17	O	6.93	C	-		
973	18	O	6.93	G	-		
973	19	O	6.93	T	-		
973	20	O	6.93	T	-		
973	21	O	6.93	G	-		
973	22	O	6.93	A	-		
973	23	O	6.93	A	-		
973	24	O	6.93	G	-		
973	25	O	6.93	G	-		
973	26	O	6.93	T	-		
973	27	O	6.93	G	-		
973	28	O	6.93	G	-		
973	29	O	6.93	C	-		
973	30	O	6.93	G	-		
973	31	O	6.93	C	-		
973	32	O	6.93	G	-		
973	33	O	6.93	A	-		
973	34	O	6.93	C	-		
973	35	O	6.93	C	-		
973	36	O	6.93	A	-		
973	37	O	6.93	T	-		
973	38	O	6.93	T	-		
973	39	O	6.93	C	-		
973	40	O	6.93	G	-		
973	41	O	6.93	A	-		
973	42	O	6.93	G	-		
973	43	O	6.93	T	-		
973	44	O	6.93	A	-		
973	45	O	6.93	C	-		
973	46	O	6.93	G	-		
973	47	O	6.93	A	-		
973	48	O	6.93	C	-		
973	49	O	6.93	T	-		
973	50	O	6.93	G	-		
973	51	O	6.93	C	-		
973	52	O	6.93	C	-		
973	53	O	6.93	C	-		
973	54	O	6.93	A	-		
973	55	O	6.93	T	-		
973	56	O	6.93	A	-		
973	57	O	6.93	G	-		
973	58	O	6.93	C	-		
973	59	O	6.93	A	-		
973	60	O	6.93	C	-		
973	61	O	6.93	G	-		
973	62	O	6.93	C	-		
973	63	O	6.93	T	-		
973	64	O	6.93	C	-		
973	65	O	6.93	T	-		
973	66	O	6.93	T	-		
973	67	O	6.93	G	-		
973	68	O	6.93	T	-		
973	69	O	6.93	G	-		
973	70	O	6.93	T	-		
973	71	O	6.93	T	-		
973	72	O	6.93	C	-		
973	73	O	6.93	A	-		
973	74	O	6.93	A	-		
973	75	O	6.93	C	-		
973	76	O	6.93	C	-		
973	77	O	6.93	A	-		
973	78	O	6.93	G	-		
973	79	O	6.93	T	-		
973	80	O	6.93	T	-		
973	81	O	6.93	G	-		
973	82	O	6.93	T	-		
973	83	O	6.93	T	-		
973	84	O	6.93	C	-		
973	85	O	6.93	C	-		
973	86	O	6.93	A	-		
973	87	O	6.93	T	-		
973	88	O	6.93	G	-		
973	89	O	6.93	C	-		
973	90	O	6.93	G	-		
973	91	O	6.93	C	-		
973	92	O	6.93	A	-		
973	93	O	6.93	G	-		
973	94	O	6.93	C	-		
973	95	O	6.93	A	-		
973	96	O	6.93	A	-		
973	97	O	6.93	A	-		
973	98	O	6.93	G	-		
973	99	O	6.93	C	-		
973	100	O	6.93	A	-		
973	101	O	6.93	G	-		
973	102	O	6.93	A	-		
973	103	O	6.93	C	-		
973	104	O	6.93	T	-		
973	105	O	6.93	G	-		
973	106	O	6.93	C	-		
973	107	O	6.93	G	-		
973	108	O	6.93	T	-		
973	109	O	6.93	C	-		
974	0	O	5.55	T	-		
974	1	O	5.55	T	-		
974	2	O	5.55	C	-		
974	3	O	5.55	T	-		
974	4	O	5.55	G	-		
974	5	O	5.55	C	-		
974	6	O	5.55	A	-		
974	7	O	5.55	G	-		
974	8	O	5.55	G	-		
974	9	O	5.55	T	-		
974	10	O	5.55	G	-		
974	11	O	5.55	G	-		
974	12	O	5.55	G	-		
974	13	O	5.55	C	-		
974	14	O	5.55	G	-		
974	15	O	5.55	A	-		
974	16	O	5.55	C	-		
974	17	O	5.55	G	-		
974	18	O	5.55	T	-		
974	19	O	5.55	G	-		
974	20	O	5.55	C	-		
974	21	O	5.55	G	-		
974	22	O	5.55	A	-		
974	23	O	5.55	T	-		
974	24	O	5.55	T	-		
974	25	O	5.55	T	-		
974	26	O	5.55	C	-		
974	27	O	5.55	G	-		
974	28	O	5.55	T	-		
974	29	O	5.55	G	-		
974	30	O	5.55	C	-		
974	31	O	5.55	T	-		
974	32	O	5.55	C	-		
974	33	O	5.55	T	-		
974	34	O	5.55	T	-		
974	35	O	5.55	G	-		
974	36	O	5.55	A	-		
974	37	O	5.55	T	-		
974	38	O	5.55	C	-		
974	39	O	5.55	T	-		
974	40	O	5.55	C	-		
974	41	O	5.55	G	-		
974	42	O	5.55	T	-		
974	43	O	5.55	T	-		
974	44	O	5.55	C	-		
974	45	O	5.55	G	-		
974	46	O	5.55	A	-		
974	47	O	5.55	G	-		
974	48	O	5.55	C	-		
974	49	O	5.55	T	-		
974	50	O	5.55	G	-		
974	51	O	5.55	A	-		
974	52	O	5.55	A	-		
974	53	O	5.55	C	-		
974	54	O	5.55	G	-		
974	55	O	5.55	C	-		
974	56	O	5.55	C	-		
974	57	O	5.55	T	-		
974	58	O	5.55	G	-		
974	59	O	5.55	G	-		
974	60	O	5.55	C	-		
974	61	O	5.55	G	-		
974	62	O	5.55	C	-		
974	63	O	5.55	T	-		
974	64	O	5.55	G	-		
974	65	O	5.55	G	-		
974	66	O	5.55	T	-		
974	67	O	5.55	C	-		
974	68	O	5.55	G	-		
974	69	O	5.55	T	-		
974	70	O	5.55	G	-		
974	71	O	5.55	C	-		
974	72	O	5.55	T	-		
974	73	O	5.55	G	-		
974	74	O	5.55	G	-		
974	75	O	5.55	G	-		
974	76	O	5.55	C	-		
974	77	O	5.55	G	-		
974	78	O	5.55	G	-		
974	79	O	5.55	C	-		
974	80	O	5.55	T	-		
974	81	O	5.55	A	-		
974	82	O	5.55	T	-		
974	83	O	5.55	C	-		
974	84	O	5.55	A	-		
974	85	O	5.55	G	-		
974	86	O	5.55	G	-		
974	87	O	5.55	T	-		
974	88	O	5.55	C	-		
974	89	O	5.55	G	-		
974	90	O	5.55	G	-		
974	91	O	5.55	T	-		
974	92	O	5.55	C	-		
974	93	O	5.55	T	-		
974	94	O	5.55	C	-		
974	95	O	5.55	G	-		
974	96	O	5.55	A	-		
974	97	O	5.55	G	-		
974	98	O	5.55	G	-		
974	99	O	5.55	A	-		
974	100	O	5.55	T	-		
974	101	O	5.55	G	-		
974	102	O	5.55	G	-		
974	103	O	5.55	C	-		
974	104	O	5.55	C	-		
974	105	O	5.55	G	-		
974	106	O	5.55	A	-		
974	107	O	5.55	C	-		
974	108	O	5.55	A	-		
974	109	O	5.55	G	-		
975	0	O	12.48	G	-		
975	1	O	12.48	T	-		
975	2	O	12.48	C	-		
975	3	O	12.48	T	-		
975	4	O	12.48	T	-		
975	5	O	12.48	G	-		
975	6	O	12.48	T	-		
975	7	O	12.48	C	-		
975	8	O	12.48	C	-		
975	9	O	12.48	C	-		
975	10	O	12.48	C	-		
975	11	O	12.48	A	-		
975	12	O	12.48	C	-		
975	13	O	12.48	G	-		
975	14	O	12.48	A	-		
975	15	O	12.48	T	-		
975	16	O	12.48	G	-		
975	17	O	12.48	C	-		
975	18	O	12.48	C	-		
975	19	O	12.48	A	-		
975	20	O	12.48	C	-		
975	21	O	12.48	G	-		
975	22	O	12.48	A	-		
975	23	O	12.48	C	-		
975	24	O	12.48	T	-		
975	25	O	12.48	C	-		
975	26	O	12.48	C	-		
975	27	O	12.48	C	-		
975	28	O	12.48	C	-		
975	29	O	12.48	C	-		
975	30	O	12.48	T	-		
975	31	O	12.48	T	-		
975	32	O	12.48	T	-		
975	33	O	12.48	G	-		
975	34	O	12.48	C	-		
975	35	O	12.48	A	-		
975	36	O	12.48	G	-		
975	37	O	12.48	C	-		
975	38	O	12.48	A	-		
975	39	O	12.48	G	-		
975	40	O	12.48	T	-		
975	41	O	12.48	T	-		
975	42	O	12.48	C	-		
975	43	O	12.48	G	-		
975	44	O	12.48	A	-		
975	45	O	12.48	G	-		
975	46	O	12.48	A	-		
975	47	O	12.48	A	-		
975	48	O	12.48	C	-		
975	49	O	12.48	T	-		
975	50	O	12.48	G	-		
975	51	O	12.48	T	-		
975	52	O	12.48	T	-		
975	53	O	12.48	G	-		
975	54	O	12.48	G	-		
975	55	O	12.48	T	-		
975	56	O	12.48	T	-		
975	57	O	12.48	G	-		
975	58	O	12.48	T	-		
975	59	O	12.48	A	-		
975	60	O	12.48	G	-		
975	61	O	12.48	G	-		
975	62	O	12.48	G	-		
975	63	O	12.48	A	-		
975	64	O	12.48	A	-		
975	65	O	12.48	C	-		
975	66	O	12.48	T	-		
975	67	O	12.48	C	-		
975	68	O	12.48	C	-		
975	69	O	12.48	G	-		
975	70	O	12.48	G	-		
975	71	O	12.48	G	-		
975	72	O	12.48	G	-		
975	73	O	12.48	A	-		
975	74	O	12.48	G	-		
975	75	O	12.48	C	-		
975	76	O	12.48	A	-		
975	77	O	12.48	A	-		
975	78	O	12.48	G	-		
975	79	O	12.48	T	-		
975	80	O	12.48	C	-		
975	81	O	12.48	G	-		
975	82	O	12.48	A	-		
975	83	O	12.48	C	-		
975	84	O	12.48	A	-		
975	85	O	12.48	A	-		
975	86	O	12.48	C	-		
975	87	O	12.48	T	-		
975	88	O	12.48	G	-		
975	89	O	12.48	T	-		
975	90	O	12.48	G	-		
975	91	O	12.48	G	-		
975	92	O	12.48	G	-		
975	93	O	12.48	A	-		
975	94	O	12.48	G	-		
975	95	O	12.48	T	-		
975	96	O	12.48	C	-		
975	97	O	12.48	C	-		
975	98	O	12.48	T	-		
975	99	O	12.48	C	-		
975	100	O	12.48	T	-		
975	101	O	12.48	G	-		
975	102	O	12.48	A	-		
975	103	O	12.48	C	-		
975	104	O	12.48	A	-		
975	105	O	12.48	A	-		
975	106	O	12.48	C	-		
975	107	O	12.48	A	-		
975	108	O	12.48	G	-		
975	109	O	12.48	T	-		
976	0	O	12.48	A	-		
976	1	O	12.48	A	-		
976	2	O	12.48	C	-		
976	3	O	12.48	A	-		
976	4	O	12.48	A	-		
976	5	O	12.48	G	-		
976	6	O	12.48	G	-		
976	7	O	12.48	A	-		
976	8	O	12.48	T	-		
976	9	O	12.48	C	-		
976	10	O	12.48	A	-		
976	11	O	12.48	A	-		
976	12	O	12.48	A	-		
976	13	O	12.48	A	-		
976	14	O	12.48	T	-		
976	15	O	12.48	G	-		
976	16	O	12.48	A	-		
976	17	O	12.48	T	-		
976	18	O	12.48	T	-		
976	19	O	12.48	T	-		
976	20	O	12.48	T	-		
976	21	O	12.48	G	-		
976	22	O	12.48	T	-		
976	23	O	12.48	T	-		
976	24	O	12.48	A	-		
976	25	O	12.48	A	-		
976	26	O	12.48	T	-		
976	27	O	12.48	G	-		
976	28	O	12.48	G	-		
976	29	O	12.48	A	-		
976	30	O	12.48	A	-		
976	31	O	12.48	T	-		
976	32	O	12.48	G	-		
976	33	O	12.48	A	-		
976	34	O	12.48	C	-		
976	35	O	12.48	T	-		
976	36	O	12.48	A	-		
976	37	O	12.48	T	-		
976	38	O	12.48	A	-		
976	39	O	12.48	G	-		
976	40	O	12.48	A	-		
976	41	O	12.48	A	-		
976	42	O	12.48	T	-		
976	43	O	12.48	T	-		
976	44	O	12.48	T	-		
976	45	O	12.48	G	-		
976	46	O	12.48	A	-		
976	47	O	12.48	T	-		
976	48	O	12.48	G	-		
976	49	O	12.48	G	-		
976	50	O	12.48	G	-		
976	51	O	12.48	A	-		
976	52	O	12.48	C	-		
976	53	O	12.48	A	-		
976	54	O	12.48	C	-		
976	55	O	12.48	C	-		
976	56	O	12.48	A	-		
976	57	O	12.48	G	-		
976	58	O	12.48	A	-		
976	59	O	12.48	T	-		
976	60	O	12.48	T	-		
976	61	O	12.48	C	-		
976	62	O	12.48	T	-		
976	63	O	12.48	G	-		
976	64	O	12.48	G	-		
976	65	O	12.48	T	-		
976	66	O	12.48	A	-		
976	67	O	12.48	A	-		
976	68	O	12.48	A	-		
976	69	O	12.48	C	-		
976	70	O	12.48	G	-		
976	71	O	12.48	G	-		
976	72	O	12.48	A	-		
976	73	O	12.48	A	-		
976	74	O	12.48	G	-		
976	75	O	12.48	A	-		
976	76	O	12.48	C	-		
976	77	O	12.48	C	-		
976	78	O	12.48	A	-		
976	79	O	12.48	T	-		
976	80	O	12.48	T	-		
976	81	O	12.48	C	-		
976	82	O	12.48	G	-		
976	83	O	12.48	A	-		
976	84	O	12.48	C	-		
976	85	O	12.48	G	-		
976	86	O	12.48	A	-		
976	87	O	12.48	G	-		
976	88	O	12.48	C	-		
976	89	O	12.48	T	-		
976	90	O	12.48	T	-		
976	91	O	12.48	C	-		
976	92	O	12.48	T	-		
976	93	O	12.48	G	-		
976	94	O	12.48	C	-		
976	95	O	12.48	T	-		
976	96	O	12.48	G	-		
976	97	O	12.48	A	-		
976	98	O	12.48	G	-		
976	99	O	12.48	G	-		
976	100	O	12.48	A	-		
976	101	O	12.48	T	-		
976	102	O	12.48	A	-		
976	103	O	12.48	A	-		
976	104	O	12.48	G	-		
976	105	O	12.48	G	-		
976	106	O	12.48	T	-		
976	107	O	12.48	G	-		
976	108	O	12.48	A	-		
976	109	O	12.48	A	-		
977	0	O	8.32	T	-		
977	1	O	8.32	T	-		
977	2	O	8.32	T	-		
977	3	O	8.32	T	-		
977	4	O	8.32	C	-		
977	5	O	8.32	T	-		
977	6	O	8.32	G	-		
977	7	O	8.32	C	-		
977	8	O	8.32	A	-		
977	9	O	8.32	G	-		
977	10	O	8.32	G	-		
977	11	O	8.32	C	-		
977	12	O	8.32	A	-		
977	13	O	8.32	C	-		
977	14	O	8.32	A	-		
977	15	O	8.32	A	-		
977	16	O	8.32	A	-		
977	17	O	8.32	T	-		
977	18	O	8.32	C	-		
977	19	O	8.32	G	-		
977	20	O	8.32	A	-		
977	21	O	8.32	A	-		
977	22	O	8.32	T	-		
977	23	O	8.32	G	-		
977	24	O	8.32	T	-		
977	25	O	8.32	C	-		
977	26	O	8.32	G	-		
977	27	O	8.32	C	-		
977	28	O	8.32	T	-		
977	29	O	8.32	T	-		
977	30	O	8.32	C	-		
977	31	O	8.32	C	-		
977	32	O	8.32	G	-		
977	33	O	8.32	C	-		
977	34	O	8.32	C	-		
977	35	O	8.32	A	-		
977	36	O	8.32	T	-		
977	37	O	8.32	C	-		
977	38	O	8.32	C	-		
977	39	O	8.32	T	-		
977	40	O	8.32	C	-		
977	41	O	8.32	T	-		
977	42	O	8.32	C	-		
977	43	O	8.32	T	-		
977	44	O	8.32	C	-		
977	45	O	8.32	G	-		
977	46	O	8.32	C	-		
977	47	O	8.32	G	-		
977	48	O	8.32	T	-		
977	49	O	8.32	A	-		
977	50	O	8.32	T	-		
977	51	O	8.32	G	-		
977	52	O	8.32	T	-		
977	53	O	8.32	C	-		
977	54	O	8.32	A	-		
977	55	O	8.32	G	-		
977	56	O	8.32	A	-		
977	57	O	8.32	A	-		
977	58	O	8.32	A	-		
977	59	O	8.32	G	-		
977	60	O	8.32	G	-		
977	61	O	8.32	T	-		
977	62	O	8.32	T	-		
977	63	O	8.32	T	-		
977	64	O	8.32	G	-		
977	65	O	8.32	A	-		
977	66	O	8.32	G	-		
977	67	O	8.32	C	-		
977	68	O	8.32	C	-		
977	69	O	8.32	T	-		
977	70	O	8.32	G	-		
977	71	O	8.32	T	-		
977	72	O	8.32	A	-		
977	73	O	8.32	T	-		
977	74	O	8.32	T	-		
977	75	O	8.32	G	-		
977	76	O	8.32	G	-		
977	77	O	8.32	A	-		
977	78	O	8.32	G	-		
977	79	O	8.32	G	-		
977	80	O	8.32	C	-		
977	81	O	8.32	A	-		
977	82	O	8.32	G	-		
977	83	O	8.32	A	-		
977	84	O	8.32	A	-		
977	85	O	8.32	G	-		
977	86	O	8.32	G	-		
977	87	O	8.32	A	-		
977	88	O	8.32	T	-		
977	89	O	8.32	T	-		
977	90	O	8.32	G	-		
977	91	O	8.32	G	-		
977	92	O	8.32	C	-		
977	93	O	8.32	C	-		
977	94	O	8.32	C	-		
977	95	O	8.32	C	-		
977	96	O	8.32	T	-		
977	97	O	8.32	A	-		
977	98	O	8.32	T	-		
977	99	O	8.32	G	-		
977	100	O	8.32	C	-		
977	101	O	8.32	C	-		
977	102	O	8.32	T	-		
977	103	O	8.32	A	-		
977	104	O	8.32	G	-		
977	105	O	8.32	G	-		
977	106	O	8.32	A	-		
977	107	O	8.32	C	-		
977	108	O	8.32	G	-		
977	109	O	8.32	C	-		
978	0	O	5.55	C	-		
978	1	O	5.55	C	-		
978	2	O	5.55	C	-		
978	3	O	5.55	A	-		
978	4	O	5.55	G	-		
978	5	O	5.55	C	-		
978	6	O	5.55	A	-		
978	7	O	5.55	C	-		
978	8	O	5.55	G	-		
978	9	O	5.55	T	-		
978	10	O	5.55	G	-		
978	11	O	5.55	A	-		
978	12	O	5.55	C	-		
978	13	O	5.55	G	-		
978	14	O	5.55	T	-		
978	15	O	5.55	G	-		
978	16	O	5.55	C	-		
978	17	O	5.55	C	-		
978	18	O	5.55	T	-		
978	19	O	5.55	G	-		
978	20	O	5.55	G	-		
978	21	O	5.55	G	-		
978	22	O	5.55	C	-		
978	23	O	5.55	A	-		
978	24	O	5.55	C	-		
978	25	O	5.55	A	-		
978	26	O	5.55	G	-		
978	27	O	5.55	G	-		
978	28	O	5.55	C	-		
978	29	O	5.55	A	-		
978	30	O	5.55	T	-		
978	31	O	5.55	C	-		
978	32	O	5.55	G	-		
978	33	O	5.55	G	-		
978	34	O	5.55	C	-		
978	35	O	5.55	C	-		
978	36	O	5.55	G	-		
978	37	O	5.55	G	-		
978	38	O	5.55	C	-		
978	39	O	5.55	A	-		
978	40	O	5.55	G	-		
978	41	O	5.55	A	-		
978	42	O	5.55	T	-		
978	43	O	5.55	C	-		
978	44	O	5.55	C	-		
978	45	O	5.55	T	-		
978	46	O	5.55	C	-		
978	47	O	5.55	G	-		
978	48	O	5.55	T	-		
978	49	O	5.55	C	-		
978	50	O	5.55	C	-		
978	51	O	5.55	C	-		
978	52	O	5.55	G	-		
978	53	O	5.55	C	-		
978	54	O	5.55	C	-		
978	55	O	5.55	A	-		
978	56	O	5.55	G	-		
978	57	O	5.55	A	-		
978	58	O	5.55	G	-		
978	59	O	5.55	C	-		
978	60	O	5.55	T	-		
978	61	O	5.55	T	-		
978	62	O	5.55	T	-		
978	63	O	5.55	C	-		
978	64	O	5.55	C	-		
978	65	O	5.55	G	-		
978	66	O	5.55	A	-		
978	67	O	5.55	G	-		
978	68	O	5.55	C	-		
978	69	O	5.55	A	-		
978	70	O	5.55	G	-		
978	71	O	5.55	C	-		
978	72	O	5.55	G	-		
978	73	O	5.55	C	-		
978	74	O	5.55	G	-		
978	75	O	5.55	G	-		
978	76	O	5.55	T	-		
978	77	O	5.55	G	-		
978	78	O	5.55	G	-		
978	79	O	5.55	T	-		
978	80	O	5.55	C	-		
978	81	O	5.55	T	-		
978	82	O	5.55	C	-		
978	83	O	5.55	C	-		
978	84	O	5.55	C	-		
978	85	O	5.55	G	-		
978	86	O	5.55	C	-		
978	87	O	5.55	G	-		
978	88	O	5.55	G	-		
978	89	O	5.55	C	-		
978	90	O	5.55	G	-		
978	91	O	5.55	T	-		
978	92	O	5.55	C	-		
978	93	O	5.55	G	-		
978	94	O	5.55	T	-		
978	95	O	5.55	A	-		
978	96	O	5.55	C	-		
978	97	O	5.55	G	-		
978	98	O	5.55	G	-		
978	99	O	5.55	A	-		
978	100	O	5.55	T	-		
978	101	O	5.55	C	-		
978	102	O	5.55	G	-		
978	103	O	5.55	T	-		
978	104	O	5.55	C	-		
978	105	O	5.55	T	-		
978	106	O	5.55	C	-		
978	107	O	5.55	C	-		
978	108	O	5.55	A	-		
978	109	O	5.55	G	-		
979	0	O	11.09	A	-		
979	1	O	11.09	T	-		
979	2	O	11.09	C	-		
979	3	O	11.09	T	-		
979	4	O	11.09	A	-		
979	5	O	11.09	G	-		
979	6	O	11.09	T	-		
979	7	O	11.09	G	-		
979	8	O	11.09	A	-		
979	9	O	11.09	T	-		
979	10	O	11.09	G	-		
979	11	O	11.09	T	-		
979	12	O	11.09	T	-		
979	13	O	11.09	A	-		
979	14	O	11.09	T	-		
979	15	O	11.09	C	-		
979	16	O	11.09	C	-		
979	17	O	11.09	C	-		
979	18	O	11.09	T	-		
979	19	O	11.09	T	-		
979	20	O	11.09	T	-		
979	21	E	-6.09	C	T		
979	22	O	11.09	C	-		
979	23	O	11.09	T	-		
979	24	O	11.09	C	-		
979	25	O	11.09	C	-		
979	26	O	11.09	C	-		
979	27	O	11.09	C	-		
979	28	O	11.09	A	-		
979	29	O	11.09	C	-		
979	30	O	11.09	G	-		
979	31	O	11.09	A	-		
979	32	O	11.09	C	-		
979	33	O	11.09	A	-		
979	34	O	11.09	C	-		
979	35	E	-6.09	G	A		
979	36	O	11.09	A	-		
979	37	O	11.09	T	-		
979	38	O	11.09	G	-		
979	39	O	11.09	G	-		
979	40	O	11.09	C	-		
979	41	E	-6.09	A	C		
979	42	O	11.09	C	-		
979	43	O	11.09	A	-		
979	44	O	11.09	T	-		
979	45	O	11.09	G	-		
979	46	O	11.09	A	-		
979	47	O	11.09	T	-		
979	48	O	11.09	C	-		
979	49	O	11.09	G	-		
979	50	O	11.09	G	-		
979	51	O	11.09	G	-		
979	52	O	11.09	A	-		
979	53	O	11.09	G	-		
979	54	O	11.09	A	-		
979	55	O	11.09	C	-		
979	56	O	11.09	G	-		
979	57	O	11.09	C	-		
979	58	O	11.09	C	-		
979	59	O	11.09	A	-		
979	60	O	11.09	A	-		
979	61	O	11.09	A	-		
979	62	O	11.09	T	-		
979	63	O	11.09	C	-		
979	64	O	11.09	G	-		
979	65	O	11.09	C	-		
979	66	O	11.09	G	-		
979	67	O	11.09	T	-		
979	68	O	11.09	C	-		
979	69	O	11.09	C	-		
979	70	O	11.09	T	-		
979	71	O	11.09	C	-		
979	72	O	11.09	C	-		
979	73	O	11.09	G	-		
979	74	O	11.09	A	-		
979	75	O	11.09	A	-		
979	76	O	11.09	C	-		
979	77	O	11.09	C	-		
979	78	O	11.09	C	-		
979	79	O	11.09	C	-		
979	80	O	11.09	A	-		
979	81	O	11.09	G	-		
979	82	O	11.09	T	-		
979	83	O	11.09	T	-		
979	84	O	11.09	G	-		
979	85	O	11.09	T	-		
979	86	O	11.09	C	-		
979	87	O	11.09	T	-		
979	88	O	11.09	A	-		
979	89	O	11.09	C	-		
979	90	O	11.09	G	-		
979	91	O	11.09	A	-		
979	92	E	-6.09	T	A		
979	93	O	11.09	C	-		
979	94	O	11.09	G	-		
979	95	O	11.09	T	-		
979	96	O	11.09	G	-		
979	97	O	11.09	C	-		
979	98	O	11.09	A	-		
979	99	O	11.09	G	-		
979	100	O	11.09	C	-		
979	101	O	11.09	A	-		
979	102	O	11.09	A	-		
979	103	O	11.09	T	-		
979	104	O	11.09	A	-		
979	105	O	11.09	C	-		
979	106	O	11.09	G	-		
979	107	O	11.09	C	-		
979	108	O	11.09	C	-		
979	109	O	11.09	G	-		
980	0	O	5.55	T	-		
980	1	O	5.55	G	-		
980	2	O	5.55	T	-		
980	3	O	5.55	C	-		
980	4	O	5.55	G	-		
980	5	O	5.55	A	-		
980	6	O	5.55	T	-		
980	7	O	5.55	C	-		
980	8	O	5.55	T	-		
980	9	O	5.55	C	-		
980	10	O	5.55	G	-		
980	11	O	5.55	T	-		
980	12	O	5.55	C	-		
980	13	O	5.55	C	-		
980	14	O	5.55	T	-		
980	15	O	5.55	G	-		
980	16	O	5.55	G	-		
980	17	O	5.55	A	-		
980	18	O	5.55	A	-		
980	19	O	5.55	G	-		
980	20	O	5.55	A	-		
980	21	O	5.55	G	-		
980	22	O	5.55	C	-		
980	23	O	5.55	C	-		
980	24	O	5.55	G	-		
980	25	O	5.55	A	-		
980	26	O	5.55	A	-		
980	27	O	5.55	A	-		
980	28	O	5.55	G	-		
980	29	O	5.55	T	-		
980	30	O	5.55	C	-		
980	31	O	5.55	C	-		
980	32	O	5.55	A	-		
980	33	O	5.55	G	-		
980	34	O	5.55	G	-		
980	35	O	5.55	T	-		
980	36	O	5.55	A	-		
980	37	O	5.55	G	-		
980	38	O	5.55	G	-		
980	39	O	5.55	T	-		
980	40	O	5.55	G	-		
980	41	O	5.55	G	-		
980	42	O	5.55	A	-		
980	43	O	5.55	G	-		
980	44	O	5.55	A	-		
980	45	O	5.55	G	-		
980	46	O	5.55	G	-		
980	47	O	5.55	A	-		
980	48	O	5.55	G	-		
980	49	O	5.55	G	-		
980	50	O	5.55	A	-		
980	51	O	5.55	A	-		
980	52	O	5.55	T	-		
980	53	O	5.55	C	-		
980	54	O	5.55	G	-		
980	55	O	5.55	T	-		
980	56	O	5.55	T	-		
980	57	O	5.55	C	-		
980	58	O	5.55	G	-		
980	59	O	5.55	C	-		
980	60	O	5.55	C	-		
980	61	O	5.55	G	-		
980	62	O	5.55	T	-		
980	63	O	5.55	T	-		
980	64	O	5.55	G	-		
980	65	O	5.55	T	-		
980	66	O	5.55	G	-		
980	67	O	5.55	C	-		
980	68	O	5.55	T	-		
980	69	O	5.55	T	-		
980	70	O	5.55	G	-		
980	71	O	5.55	C	-		
980	72	O	5.55	G	-		
980	73	O	5.55	C	-		
980	74	O	5.55	C	-		
980	75	O	5.55	A	-		
980	76	O	5.55	G	-		
980	77	O	5.55	T	-		
980	78	O	5.55	T	-		
980	79	O	5.55	G	-		
980	80	O	5.55	G	-		
980	81	O	5.55	A	-		
980	82	O	5.55	C	-		
980	83	O	5.55	T	-		
980	84	O	5.55	T	-		
980	85	O	5.55	G	-		
980	86	O	5.55	A	-		
980	87	O	5.55	G	-		
980	88	O	5.55	C	-		
980	89	O	5.55	T	-		
980	90	O	5.55	G	-		
980	91	O	5.55	G	-		
980	92	O	5.55	T	-		
980	93	O	5.55	C	-		
980	94	O	5.55	C	-		
980	95	O	5.55	A	-		
980	96	O	5.55	G	-		
980	97	O	5.55	C	-		
980	98	O	5.55	T	-		
980	99	O	5.55	G	-		
980	100	O	5.55	C	-		
980	101	O	5.55	A	-		
980	102	O	5.55	T	-		
980	103	O	5.55	G	-		
980	104	O	5.55	A	-		
980	105	O	5.55	G	-		
980	106	O	5.55	C	-		
980	107	O	5.55	T	-		
980	108	O	5.55	T	-		
980	109	O	5.55	G	-		
981	0	O	5.55	T	-		
981	1	O	5.55	G	-		
981	2	O	5.55	A	-		
981	3	O	5.55	T	-		
981	4	O	5.55	A	-		
981	5	O	5.55	T	-		
981	6	O	5.55	C	-		
981	7	O	5.55	C	-		
981	8	O	5.55	T	-		
981	9	O	5.55	G	-		
981	10	O	5.55	G	-		
981	11	O	5.55	T	-		
981	12	O	5.55	G	-		
981	13	O	5.55	C	-		
981	14	O	5.55	T	-		
981	15	O	5.55	C	-		
981	16	O	5.55	C	-		
981	17	O	5.55	T	-		
981	18	O	5.55	G	-		
981	19	O	5.55	T	-		
981	20	O	5.55	T	-		
981	21	O	5.55	T	-		
981	22	O	5.55	G	-		
981	23	O	5.55	A	-		
981	24	O	5.55	G	-		
981	25	O	5.55	A	-		
981	26	O	5.55	T	-		
981	27	O	5.55	T	-		
981	28	O	5.55	C	-		
981	29	O	5.55	A	-		
981	30	O	5.55	C	-		
981	31	O	5.55	G	-		
981	32	O	5.55	T	-		
981	33	O	5.55	C	-		
981	34	O	5.55	T	-		
981	35	O	5.55	T	-		
981	36	O	5.55	T	-		
981	37	O	5.55	G	-		
981	38	O	5.55	C	-		
981	39	O	5.55	T	-		
981	40	O	5.55	A	-		
981	41	O	5.55	C	-		
981	42	O	5.55	G	-		
981	43	O	5.55	C	-		
981	44	O	5.55	T	-		
981	45	O	5.55	C	-		
981	46	O	5.55	T	-		
981	47	O	5.55	G	-		
981	48	O	5.55	C	-		
981	49	O	5.55	T	-		
981	50	O	5.55	C	-		
981	51	O	5.55	T	-		
981	52	O	5.55	G	-		
981	53	O	5.55	A	-		
981	54	O	5.55	T	-		
981	55	O	5.55	C	-		
981	56	O	5.55	G	-		
981	57	O	5.55	T	-		
981	58	O	5.55	C	-		
981	59	O	5.55	A	-		
981	60	O	5.55	C	-		
981	61	O	5.55	A	-		
981	62	O	5.55	T	-		
981	63	O	5.55	C	-		
981	64	O	5.55	G	-		
981	65	O	5.55	C	-		
981	66	O	5.55	C	-		
981	67	O	5.55	C	-		
981	68	O	5.55	A	-		
981	69	O	5.55	C	-		
981	70	O	5.55	T	-		
981	71	O	5.55	T	-		
981	72	O	5.55	T	-		
981	73	O	5.55	C	-		
981	74	O	5.55	C	-		
981	75	O	5.55	A	-		
981	76	O	5.55	A	-		
981	77	O	5.55	T	-		
981	78	O	5.55	A	-		
981	79	O	5.55	G	-		
981	80	O	5.55	T	-		
981	81	O	5.55	C	-		
981	82	O	5.55	A	-		
981	83	O	5.55	G	-		
981	84	O	5.55	A	-		
981	85	O	5.55	T	-		
981	86	O	5.55	G	-		
981	87	O	5.55	G	-		
981	88	O	5.55	T	-		
981	89	O	5.55	T	-		
981	90	O	5.55	T	-		
981	91	O	5.55	T	-		
981	92	O	5.55	C	-		
981	93	O	5.55	G	-		
981	94	O	5.55	C	-		
981	95	O	5.55	T	-		
981	96	O	5.55	A	-		
981	97	O	5.55	T	-		
981	98	O	5.55	G	-		
981	99	O	5.55	C	-		
981	100	O	5.55	T	-		
981	101	O	5.55	G	-		
981	102	O	5.55	C	-		
981	103	O	5.55	A	-		
981	104	O	5.55	T	-		
981	105	O	5.55	G	-		
981	106	O	5.55	A	-		
981	107	O	5.55	G	-		
981	108	O	5.55	T	-		
981	109	O	5.55	T	-		
982	0	O	5.55	T	-		
982	1	O	5.55	A	-		
982	2	O	5.55	C	-		
982	3	O	5.55	A	-		
982	4	O	5.55	G	-		
982	5	O	5.55	T	-		
982	6	O	5.55	T	-		
982	7	O	5.55	T	-		
982	8	O	5.55	C	-		
982	9	O	5.55	T	-		
982	10	O	5.55	T	-		
982	11	O	5.55	T	-		
982	12	O	5.55	T	-		
982	13	O	5.55	T	-		
982	14	O	5.55	T	-		
982	15	O	5.55	T	-		
982	16	O	5.55	T	-		
982	17	O	5.55	C	-		
982	18	O	5.55	A	-		
982	19	O	5.55	A	-		
982	20	O	5.55	C	-		
982	21	O	5.55	A	-		
982	22	O	5.55	G	-		
982	23	O	5.55	C	-		
982	24	O	5.55	C	-		
982	25	O	5.55	G	-		
982	26	O	5.55	C	-		
982	27	O	5.55	A	-		
982	28	O	5.55	A	-		
982	29	O	5.55	T	-		
982	30	O	5.55	C	-		
982	31	O	5.55	A	-		
982	32	O	5.55	A	-		
982	33	O	5.55	G	-		
982	34	O	5.55	C	-		
982	35	O	5.55	A	-		
982	36	O	5.55	C	-		
982	37	O	5.55	T	-		
982	38	O	5.55	A	-		
982	39	O	5.55	G	-		
982	40	O	5.55	T	-		
982	41	O	5.55	C	-		
982	42	O	5.55	G	-		
982	43	O	5.55	T	-		
982	44	O	5.55	C	-		
982	45	O	5.55	A	-		
982	46	O	5.55	G	-		
982	47	O	5.55	C	-		
982	48	O	5.55	A	-		
982	49	O	5.55	A	-		
982	50	O	5.55	A	-		
982	51	O	5.55	C	-		
982	52	O	5.55	A	-		
982	53	O	5.55	C	-		
982	54	O	5.55	A	-		
982	55	O	5.55	A	-		
982	56	O	5.55	T	-		
982	57	O	5.55	C	-		
982	58	O	5.55	G	-		
982	59	O	5.55	C	-		
982	60	O	5.55	T	-		
982	61	O	5.55	T	-		
982	62	O	5.55	A	-		
982	63	O	5.55	C	-		
982	64	O	5.55	T	-		
982	65	O	5.55	C	-		
982	66	O	5.55	G	-		
982	67	O	5.55	A	-		
982	68	O	5.55	C	-		
982	69	O	5.55	A	-		
982	70	O	5.55	A	-		
982	71	O	5.55	A	-		
982	72	O	5.55	G	-		
982	73	O	5.55	T	-		
982	74	O	5.55	C	-		
982	75	O	5.55	C	-		
982	76	O	5.55	T	-		
982	77	O	5.55	T	-		
982	78	O	5.55	G	-		
982	79	O	5.55	A	-		
982	80	O	5.55	C	-		
982	81	O	5.55	C	-		
982	82	O	5.55	T	-		
982	83	O	5.55	T	-		
982	84	O	5.55	C	-		
982	85	O	5.55	T	-		
982	86	O	5.55	T	-		
982	87	O	5.55	C	-		
982	88	O	5.55	A	-		
982	89	O	5.55	A	-		
982	90	O	5.55	C	-		
982	91	O	5.55	C	-		
982	92	O	5.55	A	-		
982	93	O	5.55	G	-		
982	94	O	5.55	C	-		
982	95	O	5.55	C	-		
982	96	O	5.55	A	-		
982	97	O	5.55	A	-		
982	98	O	5.55	G	-		
982	99	O	5.55	G	-		
982	100	O	5.55	T	-		
982	101	O	5.55	A	-		
982	102	O	5.55	C	-		
982	103	O	5.55	T	-		
982	104	O	5.55	C	-		
982	105	O	5.55	C	-		
982	106	O	5.55	T	-		
982	107	O	5.55	T	-		
982	108	O	5.55	C	-		
982	109	O	5.55	T	-		
983	0	O	8.32	T	-		
983	1	O	8.32	T	-		
983	2	O	8.32	C	-		
983	3	O	8.32	C	-		
983	4	O	8.32	T	-		
983	5	O	8.32	C	-		
983	6	O	8.32	G	-		
983	7	O	8.32	T	-		
983	8	O	8.32	T	-		
983	9	O	8.32	C	-		
983	10	O	8.32	C	-		
983	11	O	8.32	T	-		
983	12	O	8.32	A	-		
983	13	O	8.32	G	-		
983	14	O	8.32	G	-		
983	15	O	8.32	C	-		
983	16	O	8.32	C	-		
983	17	O	8.32	T	-		
983	18	O	8.32	A	-		
983	19	O	8.32	G	-		
983	20	O	8.32	A	-		
983	21	O	8.32	A	-		
983	22	O	8.32	G	-		
983	23	O	8.32	G	-		
983	24	O	8.32	C	-		
983	25	O	8.32	C	-		
983	26	O	8.32	C	-		
983	27	O	8.32	A	-		
983	28	O	8.32	T	-		
983	29	O	8.32	G	-		
983	30	O	8.32	G	-		
983	31	O	8.32	C	-		
983	32	O	8.32	A	-		
983	33	O	8.32	C	-		
983	34	O	8.32	C	-		
983	35	O	8.32	G	-		
983	36	O	8.32	T	-		
983	37	O	8.32	C	-		
983	38	O	8.32	A	-		
983	39	O	8.32	A	-		
983	40	O	8.32	C	-		
983	41	O	8.32	T	-		
983	42	O	8.32	C	-		
983	43	O	8.32	T	-		
983	44	O	8.32	T	-		
983	45	O	8.32	T	-		
983	46	O	8.32	G	-		
983	47	O	8.32	A	-		
983	48	O	8.32	G	-		
983	49	O	8.32	G	-		
983	50	O	8.32	A	-		
983	51	O	8.32	C	-		
983	52	O	8.32	A	-		
983	53	U	0.71	T	C		
983	54	O	8.32	T	-		
983	55	O	8.32	T	-		
983	56	O	8.32	A	-		
983	57	O	8.32	T	-		
983	58	O	8.32	T	-		
983	59	O	8.32	C	-		
983	60	O	8.32	G	-		
983	61	O	8.32	T	-		
983	62	O	8.32	A	-		
983	63	O	8.32	G	-		
983	64	O	8.32	A	-		
983	65	O	8.32	A	-		
983	66	O	8.32	G	-		
983	67	O	8.32	G	-		
983	68	O	8.32	G	-		
983	69	O	8.32	A	-		
983	70	O	8.32	G	-		
983	71	O	8.32	G	-		
983	72	O	8.32	T	-		
983	73	O	8.32	G	-		
983	74	O	8.32	G	-		
983	75	O	8.32	C	-		
983	76	O	8.32	A	-		
983	77	O	8.32	T	-		
983	78	O	8.32	T	-		
983	79	O	8.32	T	-		
983	80	O	8.32	A	-		
983	81	O	8.32	G	-		
983	82	O	8.32	A	-		
983	83	O	8.32	G	-		
983	84	O	8.32	T	-		
983	85	O	8.32	G	-		
983	86	O	8.32	C	-		
983	87	O	8.32	C	-		
983	88	O	8.32	C	-		
983	89	O	8.32	G	-		
983	90	O	8.32	A	-		
983	91	O	8.32	C	-		
983	92	O	8.32	T	-		
983	93	O	8.32	C	-		
983	94	O	8.32	T	-		
983	95	O	8.32	T	-		
983	96	O	8.32	G	-		
983	97	O	8.32	C	-		
983	98	O	8.32	A	-		
983	99	O	8.32	G	-		
983	100	O	8.32	C	-		
983	101	O	8.32	G	-		
983	102	O	8.32	T	-		
983	103	O	8.32	A	-		
983	104	O	8.32	G	-		
983	105	O	8.32	T	-		
983	106	O	8.32	T	-		
983	107	O	8.32	C	-		
983	108	O	8.32	G	-		
983	109	O	8.32	A	-		
984	0	O	6.93	T	-		
984	1	O	6.93	G	-		
984	2	O	6.93	C	-		
984	3	O	6.93	C	-		
984	4	O	6.93	T	-		
984	5	O	6.93	C	-		
984	6	O	6.93	G	-		
984	7	O	6.93	G	-		
984	8	O	6.93	C	-		
984	9	O	6.93	G	-		
984	10	O	6.93	C	-		
984	11	O	6.93	T	-		
984	12	O	6.93	G	-		
984	13	O	6.93	A	-		
984	14	O	6.93	C	-		
984	15	O	6.93	G	-		
984	16	O	6.93	T	-		
984	17	O	6.93	A	-		
984	18	O	6.93	G	-		
984	19	O	6.93	G	-		
984	20	O	6.93	C	-		
984	21	O	6.93	G	-		
984	22	O	6.93	G	-		
984	23	O	6.93	C	-		
984	24	O	6.93	T	-		
984	25	O	6.93	C	-		
984	26	O	6.93	T	-		
984	27	O	6.93	C	-		
984	28	O	6.93	A	-		
984	29	O	6.93	G	-		
984	30	O	6.93	T	-		
984	31	O	6.93	C	-		
984	32	O	6.93	C	-		
984	33	O	6.93	G	-		
984	34	O	6.93	A	-		
984	35	O	6.93	C	-		
984	36	O	6.93	G	-		
984	37	O	6.93	A	-		
984	38	O	6.93	T	-		
984	39	O	6.93	C	-		
984	40	O	6.93	C	-		
984	41	O	6.93	C	-		
984	42	O	6.93	C	-		
984	43	O	6.93	A	-		
984	44	O	6.93	C	-		
984	45	O	6.93	G	-		
984	46	O	6.93	G	-		
984	47	O	6.93	G	-		
984	48	O	6.93	C	-		
984	49	O	6.93	A	-		
984	50	O	6.93	T	-		
984	51	O	6.93	G	-		
984	52	O	6.93	C	-		
984	53	O	6.93	T	-		
984	54	O	6.93	C	-		
984	55	O	6.93	G	-		
984	56	O	6.93	T	-		
984	57	O	6.93	C	-		
984	58	O	6.93	G	-		
984	59	O	6.93	G	-		
984	60	O	6.93	A	-		
984	61	O	6.93	G	-		
984	62	O	6.93	A	-		
984	63	O	6.93	G	-		
984	64	O	6.93	T	-		
984	65	O	6.93	T	-		
984	66	O	6.93	G	-		
984	67	O	6.93	G	-		
984	68	O	6.93	A	-		
984	69	O	6.93	G	-		
984	70	O	6.93	A	-		
984	71	O	6.93	G	-		
984	72	O	6.93	G	-		
984	73	O	6.93	A	-		
984	74	O	6.93	A	-		
984	75	O	6.93	G	-		
984	76	O	6.93	T	-		
984	77	O	6.93	T	-		
984	78	O	6.93	G	-		
984	79	O	6.93	G	-		
984	80	O	6.93	A	-		
984	81	O	6.93	G	-		
984	82	O	6.93	A	-		
984	83	O	6.93	G	-		
984	84	O	6.93	G	-		
984	85	O	6.93	G	-		
984	86	O	6.93	C	-		
984	87	O	6.93	T	-		
984	88	O	6.93	G	-		
984	89	O	6.93	G	-		
984	90	O	6.93	T	-		
984	91	O	6.93	C	-		
984	92	O	6.93	T	-		
984	93	O	6.93	A	-		
984	94	O	6.93	G	-		
984	95	O	6.93	C	-		
984	96	O	6.93	G	-		
984	97	O	6.93	T	-		
984	98	O	6.93	T	-		
984	99	O	6.93	A	-		
984	100	O	6.93	G	-		
984	101	O	6.93	T	-		
984	102	O	6.93	T	-		
984	103	O	6.93	C	-		
984	104	O	6.93	T	-		
984	105	O	6.93	C	-		
984	106	O	6.93	T	-		
984	107	O	6.93	C	-		
984	108	O	6.93	G	-		
984	109	O	6.93	A	-		
985	0	O	16.64	A	-		
985	1	O	16.64	G	-		
985	2	O	16.64	G	-		
985	3	O	16.64	A	-		
985	4	O	16.64	A	-		
985	5	O	16.64	T	-		
985	6	O	16.64	G	-		
985	7	O	16.64	C	-		
985	8	O	16.64	A	-		
985	9	O	16.64	A	-		
985	10	O	16.64	A	-		
985	11	O	16.64	G	-		
985	12	O	16.64	A	-		
985	13	O	16.64	T	-		
985	14	O	16.64	T	-		
985	15	O	16.64	T	-		
985	16	O	16.64	C	-		
985	17	O	16.64	A	-		
985	18	O	16.64	A	-		
985	19	O	16.64	C	-		
985	20	O	16.64	T	-		
985	21	O	16.64	T	-		
985	22	O	16.64	G	-		
985	23	O	16.64	A	-		
985	24	O	16.64	A	-		
985	25	O	16.64	T	-		
985	26	O	16.64	T	-		
985	27	O	16.64	T	-		
985	28	O	16.64	T	-		
985	29	O	16.64	T	-		
985	30	O	16.64	T	-		
985	31	O	16.64	T	-		
985	32	O	16.64	G	-		
985	33	O	16.64	T	-		
985	34	O	16.64	A	-		
985	35	O	16.64	A	-		
985	36	O	16.64	A	-		
985	37	O	16.64	A	-		
985	38	O	16.64	T	-		
985	39	O	16.64	A	-		
985	40	O	16.64	T	-		
985	41	O	16.64	C	-		
985	42	O	16.64	A	-		
985	43	O	16.64	A	-		
985	44	O	16.64	A	-		
985	45	O	16.64	A	-		
985	46	O	16.64	G	-		
985	47	O	16.64	T	-		
985	48	O	16.64	G	-		
985	49	O	16.64	A	-		
985	50	O	16.64	T	-		
985	51	O	16.64	A	-		
985	52	O	16.64	G	-		
985	53	O	16.64	G	-		
985	54	O	16.64	T	-		
985	55	O	16.64	A	-		
985	56	O	16.64	T	-		
985	57	O	16.64	G	-		
985	58	O	16.64	T	-		
985	59	O	16.64	G	-		
985	60	O	16.64	C	-		
985	61	O	16.64	T	-		
985	62	O	16.64	G	-		
985	63	O	16.64	C	-		
985	64	O	16.64	A	-		
985	65	O	16.64	C	-		
985	66	O	16.64	T	-		
985	67	O	16.64	A	-		
985	68	O	16.64	A	-		
985	69	O	16.64	T	-		
985	70	O	16.64	T	-		
985	71	O	16.64	C	-		
985	72	O	16.64	A	-		
985	73	O	16.64	A	-		
985	74	O	16.64	G	-		
985	75	O	16.64	T	-		
985	76	O	16.64	T	-		
985	77	O	16.64	T	-		
985	78	O	16.64	A	-		
985	79	O	16.64	T	-		
985	80	O	16.64	A	-		
985	81	O	16.64	T	-		
985	82	O	16.64	A	-		
985	83	O	16.64	G	-		
985	84	O	16.64	T	-		
985	85	O	16.64	T	-		
985	86	O	16.64	C	-		
985	87	O	16.64	C	-		
985	88	O	16.64	A	-		
985	89	O	16.64	A	-		
985	90	O	16.64	G	-		
985	91	O	16.64	C	-		
985	92	O	16.64	T	-		
985	93	O	16.64	G	-		
985	94	O	16.64	T	-		
985	95	O	16.64	G	-		
985	96	O	16.64	T	-		
985	97	O	16.64	T	-		
985	98	O	16.64	T	-		
985	99	O	16.64	G	-		
985	100	O	16.64	G	-		
985	101	O	16.64	A	-		
985	102	O	16.64	T	-		
985	103	O	16.64	C	-		
985	104	O	16.64	C	-		
985	105	O	16.64	A	-		
985	106	O	16.64	A	-		
985	107	O	16.64	A	-		
985	108	O	16.64	T	-		
985	109	O	16.64	T	-		
986	0	O	24.95	G	-		
986	1	O	24.95	A	-		
986	2	O	24.95	A	-		
986	3	O	24.95	T	-		
986	4	O	24.95	C	-		
986	5	O	24.95	G	-		
986	6	O	15.03	T	-		
986	7	O	24.95	G	-		
986	8	O	24.95	C	-		
986	9	O	24.95	C	-		
986	10	O	24.95	A	-		
986	11	O	24.95	G	-		
986	12	O	24.95	C	-		
986	13	O	24.95	A	-		
986	14	O	24.95	A	-		
986	15	O	24.95	G	-		
986	16	O	24.95	C	-		
986	17	O	24.95	C	-		
986	18	O	24.95	G	-		
986	19	O	24.95	C	-		
986	20	O	24.95	C	-		
986	21	O	24.95	T	-		
986	22	O	24.95	T	-		
986	23	O	15.03	A	-		
986	24	O	24.95	G	-		
986	25	O	24.95	C	-		
986	26	O	24.95	T	-		
986	27	O	24.95	C	-		
986	28	O	24.95	G	-		
986	29	O	24.95	G	-		
986	30	O	24.95	T	-		
986	31	O	24.95	A	-		
986	32	O	24.95	C	-		
986	33	O	24.95	A	-		
986	34	O	24.95	A	-		
986	35	O	24.95	G	-		
986	36	O	24.95	T	-		
986	37	O	24.95	C	-		
986	38	O	24.95	G	-		
986	39	O	24.95	T	-		
986	40	O	24.95	T	-		
986	41	O	24.95	A	-		
986	42	O	24.95	T	-		
986	43	O	24.95	T	-		
986	44	O	24.95	G	-		
986	45	O	24.95	C	-		
986	46	O	24.95	T	-		
986	47	O	24.95	T	-		
986	48	O	24.95	G	-		
986	49	O	24.95	C	-		
986	50	O	24.95	G	-		
986	51	O	24.95	T	-		
986	52	O	24.95	A	-		
986	53	O	24.95	C	-		
986	54	O	24.95	A	-		
986	55	O	24.95	T	-		
986	56	O	24.95	A	-		
986	57	O	24.95	A	-		
986	58	O	24.95	C	-		
986	59	O	24.95	A	-		
986	60	O	24.95	C	-		
986	61	O	24.95	C	-		
986	62	O	24.95	A	-		
986	63	O	24.95	C	-		
986	64	O	24.95	G	-		
986	65	O	24.95	T	-		
986	66	O	24.95	C	-		
986	67	O	24.95	C	-		
986	68	O	24.95	C	-		
986	69	O	24.95	T	-		
986	70	O	24.95	C	-		
986	71	O	24.95	T	-		
986	72	O	24.95	T	-		
986	73	O	24.95	C	-		
986	74	O	24.95	A	-		
986	75	O	24.95	C	-		
986	76	O	24.95	G	-		
986	77	O	24.95	A	-		
986	78	O	24.95	A	-		
986	79	O	24.95	C	-		
986	80	O	24.95	G	-		
986	81	O	24.95	T	-		
986	82	O	24.95	A	-		
986	83	O	24.95	G	-		
986	84	O	24.95	T	-		
986	85	O	24.95	G	-		
986	86	O	24.95	C	-		
986	87	O	24.95	T	-		
986	88	O	24.95	T	-		
986	89	O	24.95	C	-		
986	90	O	24.95	T	-		
986	91	O	24.95	T	-		
986	92	O	24.95	C	-		
986	93	O	24.95	T	-		
986	94	O	24.95	T	-		
986	95	O	24.95	C	-		
986	96	O	15.03	A	-		
986	97	O	24.95	C	-		
986	98	O	24.95	C	-		
986	99	O	24.95	T	-		
986	100	O	24.95	C	-		
986	101	O	24.95	A	-		
986	102	O	24.95	G	-		
986	103	O	24.95	C	-		
986	104	O	15.03	T	-		
986	105	O	24.95	G	-		
986	106	O	24.95	G	-		
986	107	O	24.95	C	-		
986	108	O	24.95	T	-		
986	109	O	24.95	G	-		
987	0	O	12.48	T	-		
987	1	U	-1.45	A	C		
987	2	O	12.48	C	-		
987	3	O	12.48	G	-		
987	4	O	12.48	G	-		
987	5	O	12.48	T	-		
987	6	O	12.48	C	-		
987	7	O	12.48	C	-		
987	8	O	12.48	A	-		
987	9	O	12.48	T	-		
987	10	O	12.48	C	-		
987	11	O	12.48	A	-		
987	12	O	12.48	A	-		
987	13	O	12.48	C	-		
987	14	O	12.48	A	-		
987	15	O	12.48	T	-		
987	16	O	12.48	A	-		
987	17	O	12.48	C	-		
987	18	O	12.48	A	-		
987	19	O	12.48	G	-		
987	20	O	12.48	A	-		
987	21	O	12.48	C	-		
987	22	O	12.48	A	-		
987	23	O	12.48	T	-		
987	24	O	12.48	G	-		
987	25	O	12.48	T	-		
987	26	O	12.48	A	-		
987	27	O	12.48	C	-		
987	28	O	12.48	C	-		
987	29	O	12.48	A	-		
987	30	O	12.48	T	-		
987	31	O	12.48	C	-		
987	32	O	12.48	A	-		
987	33	O	12.48	C	-		
987	34	O	12.48	T	-		
987	35	O	12.48	T	-		
987	36	O	12.48	C	-		
987	37	O	12.48	T	-		
987	38	O	12.48	C	-		
987	39	O	12.48	C	-		
987	40	O	12.48	G	-		
987	41	O	12.48	C	-		
987	42	O	12.48	T	-		
987	43	O	12.48	C	-		
987	44	O	12.48	G	-		
987	45	O	12.48	A	-		
987	46	O	12.48	G	-		
987	47	O	12.48	C	-		
987	48	O	12.48	G	-		
987	49	O	12.48	G	-		
987	50	O	12.48	G	-		
987	51	O	12.48	C	-		
987	52	O	12.48	A	-		
987	53	O	12.48	A	-		
987	54	O	12.48	A	-		
987	55	O	12.48	A	-		
987	56	O	12.48	T	-		
987	57	O	12.48	G	-		
987	58	O	12.48	C	-		
987	59	O	12.48	T	-		
987	60	U	-1.45	A	T		
987	61	O	12.48	C	-		
987	62	O	12.48	C	-		
987	63	O	12.48	C	-		
987	64	O	12.48	A	-		
987	65	O	12.48	T	-		
987	66	O	12.48	C	-		
987	67	O	12.48	G	-		
987	68	O	12.48	G	-		
987	69	O	12.48	T	-		
987	70	O	12.48	C	-		
987	71	O	12.48	A	-		
987	72	O	12.48	T	-		
987	73	O	12.48	T	-		
987	74	O	12.48	G	-		
987	75	O	12.48	A	-		
987	76	O	12.48	T	-		
987	77	O	12.48	A	-		
987	78	O	12.48	T	-		
987	79	O	12.48	G	-		
987	80	O	12.48	C	-		
987	81	O	12.48	A	-		
987	82	O	12.48	C	-		
987	83	O	12.48	T	-		
987	84	O	12.48	A	-		
987	85	O	12.48	T	-		
987	86	U	-1.45	G	A		
987	87	O	12.48	C	-		
987	88	O	12.48	T	-		
987	89	O	12.48	T	-		
987	90	O	12.48	C	-		
987	91	O	12.48	C	-		
987	92	O	12.48	A	-		
987	93	O	12.48	G	-		
987	94	O	12.48	T	-		
987	95	O	12.48	C	-		
987	96	O	12.48	A	-		
987	97	O	12.48	C	-		
987	98	O	12.48	A	-		
987	99	O	12.48	G	-		
987	100	O	12.48	T	-		
987	101	O	12.48	G	-		
987	102	U	-1.45	T	C		
987	103	O	12.48	C	-		
987	104	O	12.48	G	-		
987	105	O	12.48	C	-		
987	106	O	12.48	C	-		
987	107	O	12.48	C	-		
987	108	O	12.48	G	-		
987	109	O	12.48	A	-		
988	0	O	5.55	C	-		
988	1	O	5.55	T	-		
988	2	O	5.55	T	-		
988	3	O	5.55	T	-		
988	4	O	5.55	G	-		
988	5	O	5.55	G	-		
988	6	O	5.55	A	-		
988	7	O	5.55	A	-		
988	8	O	5.55	T	-		
988	9	O	5.55	A	-		
988	10	O	5.55	A	-		
988	11	O	5.55	C	-		
988	12	O	5.55	C	-		
988	13	O	5.55	T	-		
988	14	O	5.55	C	-		
988	15	O	5.55	G	-		
988	16	O	5.55	T	-		
988	17	O	5.55	T	-		
988	18	O	5.55	T	-		
988	19	O	5.55	G	-		
988	20	O	5.55	T	-		
988	21	O	5.55	C	-		
988	22	O	5.55	A	-		
988	23	O	5.55	A	-		
988	24	O	5.55	T	-		
988	25	O	5.55	G	-		
988	26	O	5.55	A	-		
988	27	O	5.55	G	-		
988	28	O	5.55	A	-		
988	29	O	5.55	T	-		
988	30	O	5.55	G	-		
988	31	O	5.55	C	-		
988	32	O	5.55	A	-		
988	33	O	5.55	C	-		
988	34	O	5.55	A	-		
988	35	O	5.55	T	-		
988	36	O	5.55	G	-		
988	37	O	5.55	G	-		
988	38	O	5.55	C	-		
988	39	O	5.55	G	-		
988	40	O	5.55	C	-		
988	41	O	5.55	C	-		
988	42	O	5.55	T	-		
988	43	O	5.55	C	-		
988	44	O	5.55	T	-		
988	45	O	5.55	C	-		
988	46	O	5.55	A	-		
988	47	O	5.55	G	-		
988	48	O	5.55	A	-		
988	49	O	5.55	T	-		
988	50	O	5.55	C	-		
988	51	O	5.55	G	-		
988	52	O	5.55	G	-		
988	53	O	5.55	C	-		
988	54	O	5.55	A	-		
988	55	O	5.55	A	-		
988	56	O	5.55	A	-		
988	57	O	5.55	G	-		
988	58	O	5.55	C	-		
988	59	O	5.55	T	-		
988	60	O	5.55	G	-		
988	61	O	5.55	A	-		
988	62	O	5.55	C	-		
988	63	O	5.55	A	-		
988	64	O	5.55	T	-		
988	65	O	5.55	C	-		
988	66	O	5.55	T	-		
988	67	O	5.55	G	-		
988	68	O	5.55	A	-		
988	69	O	5.55	G	-		
988	70	O	5.55	C	-		
988	71	O	5.55	C	-		
988	72	O	5.55	G	-		
988	73	O	5.55	C	-		
988	74	O	5.55	C	-		
988	75	O	5.55	A	-		
988	76	O	5.55	T	-		
988	77	O	5.55	C	-		
988	78	O	5.55	T	-		
988	79	O	5.55	C	-		
988	80	O	5.55	A	-		
988	81	O	5.55	C	-		
988	82	O	5.55	T	-		
988	83	O	5.55	C	-		
988	84	O	5.55	C	-		
988	85	O	5.55	T	-		
988	86	O	5.55	C	-		
988	87	O	5.55	A	-		
988	88	O	5.55	A	-		
988	89	O	5.55	C	-		
988	90	O	5.55	T	-		
988	91	O	5.55	C	-		
988	92	O	5.55	T	-		
988	93	O	5.55	T	-		
988	94	O	5.55	C	-		
988	95	O	5.55	T	-		
988	96	O	5.55	C	-		
988	97	O	5.55	T	-		
988	98	O	5.55	G	-		
988	99	O	5.55	A	-		
988	100	O	5.55	G	-		
988	101	O	5.55	C	-		
988	102	O	5.55	T	-		
988	103	O	5.55	C	-		
988	104	O	5.55	C	-		
988	105	O	5.55	T	-		
988	106	O	5.55	T	-		
988	107	O	5.55	A	-		
988	108	O	5.55	T	-		
988	109	O	5.55	T	-		
989	0	O	8.32	G	-		
989	1	O	8.32	T	-		
989	2	O	8.32	C	-		
989	3	O	8.32	G	-		
989	4	O	8.32	G	-		
989	5	O	8.32	G	-		
989	6	O	8.32	T	-		
989	7	O	8.32	G	-		
989	8	O	8.32	C	-		
989	9	O	8.32	G	-		
989	10	O	8.32	C	-		
989	11	O	8.32	G	-		
989	12	O	8.32	A	-		
989	13	O	8.32	A	-		
989	14	O	8.32	C	-		
989	15	O	8.32	T	-		
989	16	O	8.32	G	-		
989	17	O	8.32	G	-		
989	18	O	8.32	A	-		
989	19	O	8.32	G	-		
989	20	O	8.32	C	-		
989	21	O	8.32	A	-		
989	22	O	8.32	G	-		
989	23	O	8.32	C	-		
989	24	O	8.32	C	-		
989	25	O	8.32	G	-		
989	26	O	8.32	G	-		
989	27	O	8.32	C	-		
989	28	O	8.32	T	-		
989	29	O	8.32	G	-		
989	30	O	8.32	G	-		
989	31	O	8.32	G	-		
989	32	O	8.32	G	-		
989	33	O	8.32	G	-		
989	34	O	8.32	G	-		
989	35	O	8.32	C	-		
989	36	O	8.32	G	-		
989	37	O	8.32	T	-		
989	38	O	8.32	G	-		
989	39	O	8.32	T	-		
989	40	O	8.32	C	-		
989	41	O	8.32	G	-		
989	42	O	8.32	G	-		
989	43	O	8.32	T	-		
989	44	O	8.32	C	-		
989	45	O	8.32	G	-		
989	46	O	8.32	C	-		
989	47	O	8.32	G	-		
989	48	O	8.32	C	-		
989	49	O	8.32	C	-		
989	50	O	8.32	G	-		
989	51	O	8.32	A	-		
989	52	O	8.32	G	-		
989	53	O	8.32	C	-		
989	54	O	8.32	G	-		
989	55	O	8.32	T	-		
989	56	O	8.32	G	-		
989	57	O	8.32	C	-		
989	58	O	8.32	G	-		
989	59	O	8.32	G	-		
989	60	O	8.32	T	-		
989	61	O	8.32	C	-		
989	62	O	8.32	G	-		
989	63	O	8.32	A	-		
989	64	O	8.32	C	-		
989	65	O	8.32	G	-		
989	66	O	8.32	A	-		
989	67	O	8.32	G	-		
989	68	O	8.32	C	-		
989	69	O	8.32	A	-		
989	70	O	8.32	G	-		
989	71	O	8.32	G	-		
989	72	O	8.32	C	-		
989	73	O	8.32	G	-		
989	74	O	8.32	C	-		
989	75	O	8.32	A	-		
989	76	O	8.32	G	-		
989	77	O	8.32	T	-		
989	78	O	8.32	A	-		
989	79	O	8.32	A	-		
989	80	O	8.32	A	-		
989	81	O	8.32	C	-		
989	82	O	8.32	T	-		
989	83	O	8.32	C	-		
989	84	O	8.32	A	-		
989	85	O	8.32	C	-		
989	86	O	8.32	T	-		
989	87	O	8.32	A	-		
989	88	O	8.32	G	-		
989	89	O	8.32	A	-		
989	90	O	8.32	T	-		
989	91	O	8.32	T	-		
989	92	O	8.32	G	-		
989	93	O	8.32	A	-		
989	94	O	8.32	T	-		
989	95	O	8.32	G	-		
989	96	O	8.32	T	-		
989	97	O	8.32	C	-		
989	98	O	8.32	G	-		
989	99	O	8.32	G	-		
989	100	O	8.32	C	-		
989	101	O	8.32	C	-		
989	102	O	8.32	G	-		
989	103	O	8.32	C	-		
989	104	O	8.32	G	-		
989	105	O	8.32	G	-		
989	106	O	8.32	G	-		
989	107	O	8.32	C	-		
989	108	O	8.32	C	-		
989	109	O	8.32	C	-		
990	0	O	8.32	A	-		
990	1	O	8.32	T	-		
990	2	O	8.32	T	-		
990	3	O	8.32	T	-		
990	4	O	8.32	G	-		
990	5	O	8.32	A	-		
990	6	O	8.32	A	-		
990	7	O	8.32	G	-		
990	8	O	8.32	A	-		
990	9	O	8.32	G	-		
990	10	O	8.32	C	-		
990	11	O	8.32	T	-		
990	12	O	8.32	G	-		
990	13	O	8.32	G	-		
990	14	O	8.32	G	-		
990	15	O	8.32	A	-		
990	16	O	8.32	A	-		
990	17	O	8.32	C	-		
990	18	O	8.32	A	-		
990	19	O	8.32	G	-		
990	20	O	8.32	G	-		
990	21	O	8.32	T	-		
990	22	O	8.32	G	-		
990	23	O	8.32	T	-		
990	24	O	8.32	G	-		
990	25	O	8.32	C	-		
990	26	O	8.32	T	-		
990	27	O	8.32	C	-		
990	28	O	8.32	C	-		
990	29	O	8.32	A	-		
990	30	O	8.32	A	-		
990	31	O	8.32	G	-		
990	32	O	8.32	G	-		
990	33	O	8.32	C	-		
990	34	O	8.32	T	-		
990	35	O	8.32	G	-		
990	36	O	8.32	T	-		
990	37	O	8.32	C	-		
990	38	O	8.32	G	-		
990	39	O	8.32	A	-		
990	40	O	8.32	C	-		
990	41	O	8.32	G	-		
990	42	O	8.32	A	-		
990	43	O	8.32	A	-		
990	44	O	8.32	G	-		
990	45	O	8.32	G	-		
990	46	O	8.32	A	-		
990	47	O	8.32	A	-		
990	48	O	8.32	G	-		
990	49	O	8.32	C	-		
990	50	O	8.32	G	-		
990	51	O	8.32	A	-		
990	52	O	8.32	G	-		
990	53	O	8.32	C	-		
990	54	O	8.32	A	-		
990	55	O	8.32	T	-		
990	56	O	8.32	C	-		
990	57	O	8.32	T	-		
990	58	O	8.32	C	-		
990	59	O	8.32	A	-		
990	60	O	8.32	A	-		
990	61	O	8.32	G	-		
990	62	O	8.32	G	-		
990	63	O	8.32	A	-		
990	64	O	8.32	G	-		
990	65	O	8.32	C	-		
990	66	O	8.32	G	-		
990	67	O	8.32	T	-		
990	68	O	8.32	A	-		
990	69	O	8.32	T	-		
990	70	O	8.32	T	-		
990	71	O	8.32	G	-		
990	72	O	8.32	A	-		
990	73	O	8.32	T	-		
990	74	O	8.32	G	-		
990	75	O	8.32	A	-		
990	76	O	8.32	G	-		
990	77	O	8.32	A	-		
990	78	O	8.32	T	-		
990	79	O	8.32	C	-		
990	80	O	8.32	T	-		
990	81	O	8.32	C	-		
990	82	O	8.32	G	-		
990	83	O	8.32	G	-		
990	84	O	8.32	A	-		
990	85	O	8.32	A	-		
990	86	O	8.32	C	-		
990	87	O	8.32	A	-		
990	88	O	8.32	C	-		
990	89	O	8.32	C	-		
990	90	O	8.32	A	-		
990	91	O	8.32	G	-		
990	92	O	8.32	A	-		
990	93	O	8.32	A	-		
990	94	O	8.32	G	-		
990	95	O	8.32	A	-		
990	96	O	8.32	A	-		
990	97	O	8.32	G	-		
990	98	O	8.32	A	-		
990	99	O	8.32	G	-		
990	100	O	8.32	C	-		
990	101	O	8.32	C	-		
990	102	O	8.32	A	-		
990	103	O	8.32	G	-		
990	104	O	8.32	G	-		
990	105	O	8.32	T	-		
990	106	O	8.32	T	-		
990	107	O	8.32	G	-		
990	108	O	8.32	A	-		
990	109	O	8.32	G	-		
991	0	O	15.25	C	-		
991	1	O	15.25	C	-		
991	2	O	15.25	C	-		
991	3	O	15.25	A	-		
991	4	O	15.25	A	-		
991	5	O	15.25	T	-		
991	6	O	15.25	G	-		
991	7	O	15.25	T	-		
991	8	O	15.25	T	-		
991	9	O	15.25	A	-		
991	10	O	15.25	C	-		
991	11	O	15.25	T	-		
991	12	O	15.25	C	-		
991	13	O	15.25	A	-		
991	14	O	15.25	G	-		
991	15	O	15.25	T	-		
991	16	O	15.25	A	-		
991	17	O	15.25	T	-		
991	18	O	15.25	T	-		
991	19	O	15.25	C	-		
991	20	O	15.25	T	-		
991	21	O	15.25	T	-		
991	22	O	15.25	T	-		
991	23	O	15.25	G	-		
991	24	O	15.25	C	-		
991	25	O	15.25	A	-		
991	26	O	15.25	G	-		
991	27	O	15.25	A	-		
991	28	O	15.25	T	-		
991	29	O	15.25	C	-		
991	30	O	15.25	T	-		
991	31	O	15.25	G	-		
991	32	O	15.25	T	-		
991	33	O	15.25	C	-		
991	34	O	15.25	A	-		
991	35	O	15.25	A	-		
991	36	O	15.25	T	-		
991	37	O	15.25	T	-		
991	38	O	15.25	T	-		
991	39	O	15.25	T	-		
991	40	O	15.25	A	-		
991	41	O	15.25	C	-		
991	42	O	15.25	A	-		
991	43	O	15.25	G	-		
991	44	O	15.25	G	-		
991	45	O	15.25	C	-		
991	46	O	15.25	C	-		
991	47	O	15.25	C	-		
991	48	O	15.25	A	-		
991	49	O	15.25	G	-		
991	50	O	15.25	A	-		
991	51	O	15.25	A	-		
991	52	O	15.25	G	-		
991	53	O	15.25	A	-		
991	54	O	15.25	A	-		
991	55	O	15.25	G	-		
991	56	O	15.25	T	-		
991	57	O	15.25	T	-		
991	58	O	15.25	A	-		
991	59	O	15.25	C	-		
991	60	O	15.25	A	-		
991	61	O	15.25	T	-		
991	62	O	15.25	C	-		
991	63	O	15.25	A	-		
991	64	O	15.25	C	-		
991	65	O	15.25	T	-		
991	66	O	15.25	A	-		
991	67	O	15.25	G	-		
991	68	O	15.25	A	-		
991	69	O	15.25	T	-		
991	70	O	15.25	A	-		
991	71	O	15.25	C	-		
991	72	O	15.25	T	-		
991	73	O	15.25	T	-		
991	74	O	15.25	C	-		
991	75	O	15.25	A	-		
991	76	O	15.25	G	-		
991	77	O	15.25	C	-		
991	78	O	15.25	G	-		
991	79	O	15.25	C	-		
991	80	O	15.25	C	-		
991	81	O	15.25	C	-		
991	82	O	15.25	A	-		
991	83	O	15.25	T	-		
991	84	O	15.25	G	-		
991	85	O	15.25	C	-		
991	86	O	15.25	T	-		
991	87	O	15.25	T	-		
991	88	O	15.25	G	-		
991	89	O	15.25	G	-		
991	90	O	15.25	G	-		
991	91	O	15.25	C	-		
991	92	O	15.25	C	-		
991	93	O	15.25	A	-		
991	94	O	15.25	A	-		
991	95	O	15.25	C	-		
991	96	O	15.25	C	-		
991	97	O	15.25	A	-		
991	98	O	15.25	A	-		
991	99	O	15.25	A	-		
991	100	O	15.25	T	-		
991	101	O	15.25	T	-		
991	102	O	15.25	T	-		
991	103	O	15.25	C	-		
991	104	O	15.25	C	-		
991	105	O	15.25	A	-		
991	106	O	15.25	G	-		
991	107	O	15.25	C	-		
991	108	O	15.25	C	-		
991	109	O	15.25	C	-		
992	0	O	19.41	T	-		
992	1	O	19.41	C	-		
992	2	O	19.41	A	-		
992	3	O	19.41	C	-		
992	4	O	19.41	C	-		
992	5	O	19.41	G	-		
992	6	O	19.41	G	-		
992	7	O	19.41	T	-		
992	8	O	19.41	G	-		
992	9	O	19.41	G	-		
992	10	O	19.41	G	-		
992	11	O	19.41	G	-		
992	12	O	19.41	C	-		
992	13	O	19.41	G	-		
992	14	O	19.41	C	-		
992	15	O	19.41	G	-		
992	16	O	19.41	C	-		
992	17	O	19.41	A	-		
992	18	O	19.41	G	-		
992	19	O	19.41	G	-		
992	20	O	19.41	A	-		
992	21	O	19.41	C	-		
992	22	O	19.41	T	-		
992	23	O	19.41	G	-		
992	24	O	19.41	G	-		
992	25	O	19.41	C	-		
992	26	O	19.41	G	-		
992	27	O	19.41	C	-		
992	28	O	19.41	C	-		
992	29	O	19.41	G	-		
992	30	O	19.41	C	-		
992	31	O	19.41	C	-		
992	32	O	19.41	C	-		
992	33	O	19.41	T	-		
992	34	O	19.41	G	-		
992	35	O	19.41	G	-		
992	36	O	19.41	C	-		
992	37	O	19.41	A	-		
992	38	O	19.41	A	-		
992	39	O	19.41	A	-		
992	40	O	19.41	C	-		
992	41	O	19.41	A	-		
992	42	O	19.41	C	-		
992	43	O	19.41	A	-		
992	44	O	19.41	C	-		
992	45	O	19.41	T	-		
992	46	O	19.41	G	-		
992	47	O	19.41	C	-		
992	48	O	19.41	G	-		
992	49	O	19.41	G	-		
992	50	O	19.41	C	-		
992	51	O	19.41	C	-		
992	52	O	19.41	G	-		
992	53	O	19.41	G	-		
992	54	O	19.41	C	-		
992	55	O	19.41	T	-		
992	56	O	19.41	G	-		
992	57	O	19.41	G	-		
992	58	O	19.41	T	-		
992	59	O	19.41	C	-		
992	60	O	19.41	C	-		
992	61	O	19.41	T	-		
992	62	O	19.41	G	-		
992	63	O	19.41	C	-		
992	64	O	19.41	G	-		
992	65	O	19.41	A	-		
992	66	O	19.41	G	-		
992	67	O	19.41	C	-		
992	68	O	19.41	G	-		
992	69	O	19.41	C	-		
992	70	O	19.41	C	-		
992	71	O	19.41	G	-		
992	72	O	19.41	A	-		
992	73	O	19.41	C	-		
992	74	O	19.41	T	-		
992	75	O	19.41	G	-		
992	76	O	19.41	C	-		
992	77	O	19.41	C	-		
992	78	O	19.41	C	-		
992	79	O	19.41	C	-		
992	80	O	19.41	G	-		
992	81	O	19.41	C	-		
992	82	O	19.41	C	-		
992	83	O	19.41	T	-		
992	84	O	19.41	G	-		
992	85	O	19.41	C	-		
992	86	O	19.41	C	-		
992	87	O	19.41	A	-		
992	88	O	19.41	G	-		
992	89	O	19.41	C	-		
992	90	O	19.41	C	-		
992	91	O	19.41	A	-		
992	92	O	19.41	G	-		
992	93	O	19.41	C	-		
992	94	O	19.41	A	-		
992	95	O	19.41	G	-		
992	96	O	19.41	G	-		
992	97	O	19.41	C	-		
992	98	O	19.41	G	-		
992	99	O	19.41	A	-		
992	100	O	19.41	T	-		
992	101	O	19.41	C	-		
992	102	O	19.41	T	-		
992	103	O	19.41	T	-		
992	104	O	19.41	G	-		
992	105	O	19.41	A	-		
992	106	O	19.41	A	-		
992	107	O	19.41	C	-		
992	108	O	19.41	C	-		
992	109	O	19.41	G	-		
993	0	O	8.32	T	-		
993	1	O	8.32	G	-		
993	2	O	8.32	A	-		
993	3	O	8.32	T	-		
993	4	O	8.32	G	-		
993	5	O	8.32	C	-		
993	6	O	8.32	A	-		
993	7	O	8.32	T	-		
993	8	O	8.32	T	-		
993	9	O	8.32	T	-		
993	10	O	8.32	G	-		
993	11	O	8.32	C	-		
993	12	O	8.32	T	-		
993	13	O	8.32	T	-		
993	14	O	8.32	A	-		
993	15	O	8.32	C	-		
993	16	O	8.32	T	-		
993	17	O	8.32	C	-		
993	18	O	8.32	C	-		
993	19	O	8.32	T	-		
993	20	O	8.32	T	-		
993	21	O	8.32	A	-		
993	22	O	8.32	T	-		
993	23	O	8.32	A	-		
993	24	O	8.32	G	-		
993	25	O	8.32	A	-		
993	26	O	8.32	A	-		
993	27	O	8.32	C	-		
993	28	O	8.32	A	-		
993	29	O	8.32	A	-		
993	30	O	8.32	C	-		
993	31	O	8.32	T	-		
993	32	O	8.32	T	-		
993	33	O	8.32	T	-		
993	34	O	8.32	T	-		
993	35	O	8.32	A	-		
993	36	O	8.32	G	-		
993	37	O	8.32	A	-		
993	38	O	8.32	T	-		
993	39	O	8.32	A	-		
993	40	O	8.32	C	-		
993	41	O	8.32	T	-		
993	42	O	8.32	G	-		
993	43	O	8.32	G	-		
993	44	O	8.32	T	-		
993	45	O	8.32	T	-		
993	46	O	8.32	T	-		
993	47	O	8.32	T	-		
993	48	O	8.32	T	-		
993	49	O	8.32	T	-		
993	50	O	8.32	C	-		
993	51	O	8.32	T	-		
993	52	O	8.32	T	-		
993	53	U	0.71	G	T		
993	54	O	8.32	A	-		
993	55	O	8.32	T	-		
993	56	O	8.32	G	-		
993	57	O	8.32	A	-		
993	58	O	8.32	C	-		
993	59	O	8.32	A	-		
993	60	O	8.32	A	-		
993	61	O	8.32	A	-		
993	62	O	8.32	T	-		
993	63	O	8.32	A	-		
993	64	O	8.32	A	-		
993	65	O	8.32	T	-		
993	66	O	8.32	T	-		
993	67	O	8.32	G	-		
993	68	O	8.32	G	-		
993	69	O	8.32	T	-		
993	70	O	8.32	G	-		
993	71	O	8.32	G	-		
993	72	O	8.32	T	-		
993	73	O	8.32	C	-		
993	74	O	8.32	C	-		
993	75	O	8.32	T	-		
993	76	O	8.32	T	-		
993	77	O	8.32	G	-		
993	78	O	8.32	C	-		
993	79	O	8.32	A	-		
993	80	O	8.32	G	-		
993	81	O	8.32	G	-		
993	82	O	8.32	T	-		
993	83	O	8.32	A	-		
993	84	O	8.32	C	-		
993	85	O	8.32	T	-		
993	86	O	8.32	G	-		
993	87	O	8.32	G	-		
993	88	O	8.32	G	-		
993	89	U	0.71	A	C		
993	90	O	8.32	A	-		
993	91	O	8.32	A	-		
993	92	O	8.32	T	-		
993	93	O	8.32	G	-		
993	94	O	8.32	C	-		
993	95	O	8.32	A	-		
993	96	O	8.32	A	-		
993	97	O	8.32	A	-		
993	98	O	8.32	A	-		
993	99	O	8.32	G	-		
993	100	O	8.32	G	-		
993	101	O	8.32	G	-		
993	102	O	8.32	G	-		
993	103	O	8.32	C	-		
993	104	O	8.32	A	-		
993	105	O	8.32	G	-		
993	106	O	8.32	T	-		
993	107	O	8.32	G	-		
993	108	O	8.32	G	-		
993	109	O	8.32	C	-		
994	0	O	13.86	T	-		
994	1	O	13.86	G	-		
994	2	O	13.86	A	-		
994	3	O	13.86	T	-		
994	4	O	13.86	C	-		
994	5	O	13.86	A	-		
994	6	O	13.86	G	-		
994	7	O	13.86	T	-		
994	8	O	13.86	C	-		
994	9	O	13.86	C	-		
994	10	O	13.86	A	-		
994	11	O	13.86	T	-		
994	12	O	13.86	T	-		
994	13	O	13.86	G	-		
994	14	O	13.86	G	-		
994	15	O	13.86	C	-		
994	16	O	13.86	G	-		
994	17	O	13.86	A	-		
994	18	O	13.86	G	-		
994	19	O	13.86	T	-		
994	20	O	13.86	C	-		
994	21	O	13.86	T	-		
994	22	O	13.86	C	-		
994	23	O	13.86	T	-		
994	24	O	13.86	G	-		
994	25	O	13.86	G	-		
994	26	O	13.86	A	-		
994	27	O	13.86	T	-		
994	28	O	13.86	C	-		
994	29	O	13.86	C	-		
994	30	O	13.86	G	-		
994	31	O	13.86	C	-		
994	32	O	13.86	G	-		
994	33	O	13.86	A	-		
994	34	O	13.86	G	-		
994	35	O	13.86	G	-		
994	36	O	13.86	A	-		
994	37	O	13.86	C	-		
994	38	O	13.86	A	-		
994	39	O	13.86	C	-		
994	40	O	13.86	C	-		
994	41	O	13.86	T	-		
994	42	O	13.86	A	-		
994	43	O	13.86	C	-		
994	44	O	13.86	A	-		
994	45	O	13.86	C	-		
994	46	O	13.86	T	-		
994	47	O	13.86	A	-		
994	48	O	13.86	A	-		
994	49	O	13.86	G	-		
994	50	O	13.86	G	-		
994	51	O	13.86	G	-		
994	52	O	13.86	C	-		
994	53	O	13.86	A	-		
994	54	O	13.86	A	-		
994	55	O	13.86	A	-		
994	56	O	13.86	A	-		
994	57	O	13.86	A	-		
994	58	O	13.86	G	-		
994	59	O	13.86	C	-		
994	60	O	13.86	T	-		
994	61	O	13.86	T	-		
994	62	O	13.86	G	-		
994	63	O	13.86	C	-		
994	64	O	13.86	C	-		
994	65	O	13.86	G	-		
994	66	O	13.86	A	-		
994	67	O	13.86	C	-		
994	68	O	13.86	G	-		
994	69	O	13.86	A	-		
994	70	O	13.86	C	-		
994	71	O	13.86	G	-		
994	72	O	13.86	C	-		
994	73	O	13.86	C	-		
994	74	O	13.86	A	-		
994	75	O	13.86	T	-		
994	76	O	13.86	G	-		
994	77	O	13.86	C	-		
994	78	O	13.86	G	-		
994	79	O	13.86	T	-		
994	80	O	13.86	G	-		
994	81	O	13.86	C	-		
994	82	O	13.86	G	-		
994	83	O	13.86	G	-		
994	84	O	13.86	G	-		
994	85	O	13.86	T	-		
994	86	O	13.86	G	-		
994	87	O	13.86	A	-		
994	88	O	13.86	G	-		
994	89	O	13.86	T	-		
994	90	O	5.16	G	-		
994	91	O	13.86	A	-		
994	92	O	13.86	G	-		
994	93	O	13.86	C	-		
994	94	O	13.86	T	-		
994	95	O	13.86	G	-		
994	96	O	13.86	G	-		
994	97	O	13.86	A	-		
994	98	O	13.86	G	-		
994	99	O	13.86	C	-		
994	100	O	13.86	T	-		
994	101	O	13.86	C	-		
994	102	O	13.86	G	-		
994	103	O	13.86	C	-		
994	104	O	13.86	G	-		
994	105	O	13.86	G	-		
994	106	O	13.86	A	-		
994	107	O	13.86	A	-		
994	108	O	13.86	G	-		
994	109	O	13.86	T	-		
995	0	O	6.93	C	-		
995	1	O	6.93	A	-		
995	2	O	6.93	A	-		
995	3	O	6.93	A	-		
995	4	O	6.93	A	-		
995	5	O	6.93	G	-		
995	6	O	6.93	A	-		
995	7	O	6.93	T	-		
995	8	O	6.93	A	-		
995	9	O	6.93	T	-		
995	10	O	6.93	T	-		
995	11	O	6.93	C	-		
995	12	O	6.93	A	-		
995	13	O	6.93	A	-		
995	14	O	6.93	G	-		
995	15	O	6.93	A	-		
995	16	O	6.93	T	-		
995	17	O	6.93	G	-		
995	18	O	6.93	T	-		
995	19	O	6.93	A	-		
995	20	O	6.93	A	-		
995	21	O	6.93	C	-		
995	22	O	6.93	C	-		
995	23	O	6.93	A	-		
995	24	O	6.93	C	-		
995	25	O	6.93	G	-		
995	26	O	6.93	A	-		
995	27	O	6.93	A	-		
995	28	O	6.93	T	-		
995	29	O	6.93	A	-		
995	30	O	6.93	T	-		
995	31	O	6.93	G	-		
995	32	O	6.93	A	-		
995	33	O	6.93	A	-		
995	34	O	6.93	T	-		
995	35	O	6.93	T	-		
995	36	O	6.93	T	-		
995	37	O	6.93	C	-		
995	38	O	6.93	T	-		
995	39	O	6.93	A	-		
995	40	O	6.93	T	-		
995	41	O	6.93	A	-		
995	42	O	6.93	A	-		
995	43	O	6.93	G	-		
995	44	O	6.93	A	-		
995	45	O	6.93	A	-		
995	46	O	6.93	A	-		
995	47	O	6.93	A	-		
995	48	O	6.93	T	-		
995	49	O	6.93	G	-		
995	50	O	6.93	A	-		
995	51	O	6.93	A	-		
995	52	O	6.93	A	-		
995	53	O	6.93	A	-		
995	54	O	6.93	C	-		
995	55	O	6.93	C	-		
995	56	O	6.93	A	-		
995	57	O	6.93	C	-		
995	58	O	6.93	A	-		
995	59	O	6.93	C	-		
995	60	O	6.93	T	-		
995	61	O	6.93	G	-		
995	62	O	6.93	A	-		
995	63	O	6.93	T	-		
995	64	O	6.93	T	-		
995	65	O	6.93	T	-		
995	66	O	6.93	A	-		
995	67	O	6.93	A	-		
995	68	O	6.93	A	-		
995	69	O	6.93	A	-		
995	70	O	6.93	A	-		
995	71	O	6.93	T	-		
995	72	O	6.93	A	-		
995	73	O	6.93	C	-		
995	74	O	6.93	T	-		
995	75	O	6.93	C	-		
995	76	O	6.93	C	-		
995	77	O	6.93	A	-		
995	78	O	6.93	A	-		
995	79	O	6.93	A	-		
995	80	O	6.93	A	-		
995	81	O	6.93	G	-		
995	82	O	6.93	A	-		
995	83	O	6.93	A	-		
995	84	O	6.93	G	-		
995	85	O	6.93	G	-		
995	86	O	6.93	A	-		
995	87	O	6.93	C	-		
995	88	O	6.93	A	-		
995	89	O	6.93	A	-		
995	90	O	6.93	G	-		
995	91	O	6.93	G	-		
995	92	O	6.93	T	-		
995	93	O	6.93	G	-		
995	94	O	6.93	C	-		
995	95	O	6.93	A	-		
995	96	O	6.93	C	-		
995	97	O	6.93	A	-		
995	98	O	6.93	T	-		
995	99	O	6.93	T	-		
995	100	O	6.93	C	-		
995	101	O	6.93	A	-		
995	102	O	6.93	T	-		
995	103	O	6.93	G	-		
995	104	O	6.93	T	-		
995	105	O	6.93	C	-		
995	106	O	6.93	C	-		
995	107	O	6.93	A	-		
995	108	O	6.93	G	-		
995	109	O	6.93	A	-		
996	0	O	6.93	T	-		
996	1	O	6.93	G	-		
996	2	O	6.93	T	-		
996	3	O	6.93	A	-		
996	4	O	6.93	G	-		
996	5	O	6.93	C	-		
996	6	O	6.93	C	-		
996	7	O	6.93	C	-		
996	8	O	6.93	T	-		
996	9	O	6.93	G	-		
996	10	O	6.93	C	-		
996	11	O	6.93	C	-		
996	12	O	6.93	C	-		
996	13	O	6.93	A	-		
996	14	O	6.93	G	-		
996	15	O	6.93	A	-		
996	16	O	6.93	C	-		
996	17	O	6.93	C	-		
996	18	O	6.93	T	-		
996	19	O	6.93	C	-		
996	20	O	6.93	C	-		
996	21	O	6.93	A	-		
996	22	O	6.93	G	-		
996	23	O	6.93	A	-		
996	24	O	6.93	C	-		
996	25	O	6.93	G	-		
996	26	O	6.93	C	-		
996	27	O	6.93	A	-		
996	28	O	6.93	G	-		
996	29	O	6.93	A	-		
996	30	O	6.93	G	-		
996	31	O	6.93	A	-		
996	32	O	6.93	C	-		
996	33	O	6.93	A	-		
996	34	O	6.93	G	-		
996	35	O	6.93	C	-		
996	36	O	6.93	A	-		
996	37	O	6.93	T	-		
996	38	O	6.93	C	-		
996	39	O	6.93	C	-		
996	40	O	6.93	G	-		
996	41	O	6.93	T	-		
996	42	O	6.93	C	-		
996	43	O	6.93	A	-		
996	44	O	6.93	A	-		
996	45	O	6.93	C	-		
996	46	O	6.93	C	-		
996	47	O	6.93	C	-		
996	48	O	6.93	A	-		
996	49	O	6.93	T	-		
996	50	O	6.93	C	-		
996	51	O	6.93	C	-		
996	52	O	6.93	G	-		
996	53	O	6.93	T	-		
996	54	O	6.93	G	-		
996	55	O	6.93	C	-		
996	56	O	6.93	C	-		
996	57	O	6.93	G	-		
996	58	O	6.93	T	-		
996	59	O	6.93	G	-		
996	60	O	6.93	C	-		
996	61	O	6.93	G	-		
996	62	O	6.93	C	-		
996	63	O	6.93	A	-		
996	64	O	6.93	G	-		
996	65	O	6.93	A	-		
996	66	O	6.93	C	-		
996	67	O	6.93	T	-		
996	68	O	6.93	C	-		
996	69	O	6.93	C	-		
996	70	O	6.93	C	-		
996	71	O	6.93	G	-		
996	72	O	6.93	C	-		
996	73	O	6.93	C	-		
996	74	O	6.93	G	-		
996	75	O	6.93	A	-		
996	76	O	6.93	C	-		
996	77	O	6.93	C	-		
996	78	O	6.93	G	-		
996	79	O	6.93	A	-		
996	80	O	6.93	A	-		
996	81	O	6.93	G	-		
996	82	O	6.93	T	-		
996	83	O	6.93	C	-		
996	84	O	6.93	T	-		
996	85	O	6.93	C	-		
996	86	O	6.93	G	-		
996	87	O	6.93	T	-		
996	88	O	6.93	C	-		
996	89	O	6.93	C	-		
996	90	O	6.93	T	-		
996	91	O	6.93	T	-		
996	92	O	6.93	A	-		
996	93	O	6.93	C	-		
996	94	O	6.93	C	-		
996	95	O	6.93	C	-		
996	96	O	6.93	A	-		
996	97	O	6.93	G	-		
996	98	O	6.93	C	-		
996	99	O	6.93	C	-		
996	100	O	6.93	A	-		
996	101	O	6.93	G	-		
996	102	O	6.93	C	-		
996	103	O	6.93	G	-		
996	104	O	6.93	C	-		
996	105	O	6.93	G	-		
996	106	O	6.93	A	-		
996	107	O	6.93	G	-		
996	108	O	6.93	C	-		
996	109	O	6.93	A	-		
997	0	O	5.55	T	-		
997	1	O	5.55	T	-		
997	2	O	5.55	T	-		
997	3	O	5.55	A	-		
997	4	O	5.55	T	-		
997	5	O	5.55	T	-		
997	6	O	5.55	G	-		
997	7	O	5.55	T	-		
997	8	O	5.55	T	-		
997	9	O	5.55	G	-		
997	10	O	5.55	C	-		
997	11	O	5.55	G	-		
997	12	O	5.55	T	-		
997	13	O	5.55	T	-		
997	14	O	5.55	C	-		
997	15	O	5.55	G	-		
997	16	O	5.55	C	-		
997	17	O	5.55	G	-		
997	18	O	5.55	C	-		
997	19	O	5.55	G	-		
997	20	O	5.55	G	-		
997	21	O	5.55	C	-		
997	22	O	5.55	C	-		
997	23	O	5.55	A	-		
997	24	O	5.55	A	-		
997	25	O	5.55	A	-		
997	26	O	5.55	C	-		
997	27	O	5.55	T	-		
997	28	O	5.55	G	-		
997	29	O	5.55	G	-		
997	30	O	5.55	T	-		
997	31	O	5.55	C	-		
997	32	O	5.55	A	-		
997	33	O	5.55	C	-		
997	34	O	5.55	T	-		
997	35	O	5.55	C	-		
997	36	O	5.55	G	-		
997	37	O	5.55	G	-		
997	38	O	5.55	G	-		
997	39	O	5.55	C	-		
997	40	O	5.55	T	-		
997	41	O	5.55	C	-		
997	42	O	5.55	G	-		
997	43	O	5.55	C	-		
997	44	O	5.55	T	-		
997	45	O	5.55	A	-		
997	46	O	5.55	G	-		
997	47	O	5.55	C	-		
997	48	O	5.55	T	-		
997	49	O	5.55	C	-		
997	50	O	5.55	C	-		
997	51	O	5.55	T	-		
997	52	O	5.55	C	-		
997	53	O	5.55	C	-		
997	54	O	5.55	G	-		
997	55	O	5.55	C	-		
997	56	O	5.55	T	-		
997	57	O	5.55	C	-		
997	58	O	5.55	T	-		
997	59	O	5.55	G	-		
997	60	O	5.55	G	-		
997	61	O	5.55	C	-		
997	62	O	5.55	C	-		
997	63	O	5.55	A	-		
997	64	O	5.55	G	-		
997	65	O	5.55	C	-		
997	66	O	5.55	T	-		
997	67	O	5.55	C	-		
997	68	O	5.55	G	-		
997	69	O	5.55	A	-		
997	70	O	5.55	C	-		
997	71	O	5.55	A	-		
997	72	O	5.55	C	-		
997	73	O	5.55	T	-		
997	74	O	5.55	G	-		
997	75	O	5.55	C	-		
997	76	O	5.55	T	-		
997	77	O	5.55	G	-		
997	78	O	5.55	C	-		
997	79	O	5.55	T	-		
997	80	O	5.55	G	-		
997	81	O	5.55	C	-		
997	82	O	5.55	T	-		
997	83	O	5.55	G	-		
997	84	O	5.55	C	-		
997	85	O	5.55	T	-		
997	86	O	5.55	T	-		
997	87	O	5.55	T	-		
997	88	O	5.55	T	-		
997	89	O	5.55	G	-		
997	90	O	5.55	A	-		
997	91	O	5.55	G	-		
997	92	O	5.55	G	-		
997	93	O	5.55	C	-		
997	94	O	5.55	T	-		
997	95	O	5.55	A	-		
997	96	O	5.55	T	-		
997	97	O	5.55	T	-		
997	98	O	5.55	A	-		
997	99	O	5.55	A	-		
997	100	O	5.55	A	-		
997	101	O	5.55	G	-		
997	102	O	5.55	A	-		
997	103	O	5.55	T	-		
997	104	O	5.55	G	-		
997	105	O	5.55	G	-		
997	106	O	5.55	A	-		
997	107	O	5.55	G	-		
997	108	O	5.55	C	-		
997	109	O	5.55	T	-		
998	0	O	13.86	T	-		
998	1	O	13.86	T	-		
998	2	O	13.86	G	-		
998	3	O	13.86	T	-		
998	4	O	13.86	T	-		
998	5	O	13.86	G	-		
998	6	O	13.86	G	-		
998	7	O	13.86	C	-		
998	8	O	13.86	G	-		
998	9	O	13.86	C	-		
998	10	O	13.86	C	-		
998	11	O	13.86	A	-		
998	12	O	13.86	C	-		
998	13	O	13.86	T	-		
998	14	O	13.86	C	-		
998	15	O	13.86	G	-		
998	16	O	13.86	C	-		
998	17	O	13.86	G	-		
998	18	O	13.86	G	-		
998	19	O	13.86	G	-		
998	20	O	13.86	G	-		
998	21	O	13.86	C	-		
998	22	O	13.86	A	-		
998	23	O	13.86	A	-		
998	24	O	13.86	C	-		
998	25	O	13.86	C	-		
998	26	O	13.86	A	-		
998	27	O	13.86	G	-		
998	28	O	13.86	T	-		
998	29	O	13.86	G	-		
998	30	O	13.86	G	-		
998	31	O	13.86	G	-		
998	32	O	13.86	C	-		
998	33	O	13.86	G	-		
998	34	O	13.86	G	-		
998	35	O	13.86	C	-		
998	36	O	13.86	C	-		
998	37	O	13.86	T	-		
998	38	O	13.86	A	-		
998	39	O	13.86	G	-		
998	40	O	13.86	C	-		
998	41	O	13.86	G	-		
998	42	O	13.86	G	-		
998	43	O	13.86	T	-		
998	44	O	13.86	G	-		
998	45	O	13.86	C	-		
998	46	O	13.86	C	-		
998	47	O	13.86	G	-		
998	48	O	13.86	G	-		
998	49	O	13.86	C	-		
998	50	O	13.86	C	-		
998	51	O	13.86	A	-		
998	52	O	13.86	G	-		
998	53	O	13.86	C	-		
998	54	O	13.86	A	-		
998	55	O	13.86	G	-		
998	56	O	13.86	C	-		
998	57	O	13.86	A	-		
998	58	O	13.86	G	-		
998	59	O	13.86	C	-		
998	60	O	13.86	G	-		
998	61	O	13.86	A	-		
998	62	O	13.86	C	-		
998	63	O	13.86	G	-		
998	64	O	13.86	T	-		
998	65	O	13.86	C	-		
998	66	O	13.86	A	-		
998	67	O	13.86	A	-		
998	68	O	13.86	G	-		
998	69	O	13.86	C	-		
998	70	O	13.86	A	-		
998	71	O	13.86	C	-		
998	72	O	13.86	T	-		
998	73	O	13.86	G	-		
998	74	O	13.86	C	-		
998	75	O	13.86	T	-		
998	76	O	13.86	G	-		
998	77	O	13.86	G	-		
998	78	O	13.86	T	-		
998	79	O	13.86	T	-		
998	80	O	13.86	G	-		
998	81	O	13.86	C	-		
998	82	O	13.86	G	-		
998	83	O	13.86	G	-		
998	84	O	13.86	A	-		
998	85	O	13.86	T	-		
998	86	O	13.86	G	-		
998	87	O	13.86	T	-		
998	88	O	13.86	T	-		
998	89	O	13.86	G	-		
998	90	O	13.86	C	-		
998	91	O	13.86	T	-		
998	92	O	13.86	C	-		
998	93	O	13.86	G	-		
998	94	O	13.86	C	-		
998	95	O	13.86	C	-		
998	96	O	13.86	G	-		
998	97	O	13.86	A	-		
998	98	O	13.86	A	-		
998	99	O	13.86	G	-		
998	100	O	13.86	A	-		
998	101	O	13.86	G	-		
998	102	O	13.86	C	-		
998	103	O	13.86	T	-		
998	104	O	13.86	C	-		
998	105	O	13.86	C	-		
998	106	O	13.86	G	-		
998	107	O	13.86	G	-		
998	108	O	13.86	T	-		
998	109	O	13.86	C	-		
999	0	O	11.09	C	-		
999	1	O	11.09	T	-		
999	2	O	11.09	C	-		
999	3	O	11.09	G	-		
999	4	O	11.09	A	-		
999	5	O	11.09	C	-		
999	6	O	11.09	A	-		
999	7	O	11.09	A	-		
999	8	O	11.09	T	-		
999	9	O	11.09	C	-		
999	10	O	11.09	A	-		
999	11	O	11.09	C	-		
999	12	O	11.09	G	-		
999	13	O	11.09	T	-		
999	14	O	11.09	A	-		
999	15	O	11.09	C	-		
999	16	O	11.09	G	-		
999	17	O	11.09	C	-		
999	18	O	11.09	C	-		
999	19	O	11.09	C	-		
999	20	O	11.09	T	-		
999	21	O	11.09	T	-		
999	22	O	11.09	G	-		
999	23	O	11.09	C	-		
999	24	O	11.09	C	-		
999	25	O	11.09	A	-		
999	26	O	11.09	A	-		
999	27	O	11.09	C	-		
999	28	O	11.09	G	-		
999	29	O	11.09	C	-		
999	30	O	11.09	A	-		
999	31	O	11.09	G	-		
999	32	O	11.09	G	-		
999	33	O	11.09	C	-		
999	34	O	11.09	T	-		
999	35	O	11.09	T	-		
999	36	O	11.09	G	-		
999	37	O	11.09	G	-		
999	38	O	11.09	C	-		
999	39	O	11.09	G	-		
999	40	O	11.09	A	-		
999	41	O	11.09	G	-		
999	42	O	11.09	C	-		
999	43	O	11.09	T	-		
999	44	O	11.09	T	-		
999	45	O	11.09	C	-		
999	46	O	11.09	T	-		
999	47	O	11.09	T	-		
999	48	O	11.09	A	-		
999	49	O	11.09	C	-		
999	50	U	2.86	A	G		
999	51	O	11.09	T	-		
999	52	O	11.09	T	-		
999	53	O	11.09	C	-		
999	54	O	11.09	C	-		
999	55	O	11.09	C	-		
999	56	O	11.09	A	-		
999	57	O	11.09	C	-		
999	58	O	11.09	A	-		
999	59	O	11.09	A	-		
999	60	O	11.09	A	-		
999	61	O	11.09	T	-		
999	62	O	11.09	C	-		
999	63	O	11.09	C	-		
999	64	O	11.09	G	-		
999	65	O	11.09	G	-		
999	66	O	11.09	G	-		
999	67	O	11.09	T	-		
999	68	O	11.09	C	-		
999	69	O	11.09	A	-		
999	70	O	11.09	T	-		
999	71	O	11.09	G	-		
999	72	O	11.09	T	-		
999	73	O	11.09	G	-		
999	74	O	11.09	T	-		
999	75	O	11.09	C	-		
999	76	O	11.09	A	-		
999	77	O	11.09	A	-		
999	78	O	11.09	C	-		
999	79	O	11.09	G	-		
999	80	O	11.09	C	-		
999	81	O	11.09	A	-		
999	82	O	11.09	A	-		
999	83	O	11.09	C	-		
999	84	O	11.09	C	-		
999	85	O	11.09	G	-		
999	86	O	11.09	A	-		
999	87	O	11.09	T	-		
999	88	O	11.09	G	-		
999	89	O	11.09	C	-		
999	90	O	11.09	C	-		
999	91	O	11.09	G	-		
999	92	O	11.09	C	-		
999	93	O	11.09	T	-		
999	94	O	11.09	C	-		
999	95	O	11.09	G	-		
999	96	O	11.09	G	-		
999	97	O	11.09	G	-		
999	98	O	11.09	T	-		
999	99	O	11.09	A	-		
999	100	O	11.09	C	-		
999	101	O	11.09	A	-		
999	102	O	11.09	T	-		
999	103	O	11.09	G	-		
999	104	O	11.09	C	-		
999	105	O	11.09	C	-		
999	106	O	11.09	C	-		
999	107	O	11.09	A	-		
999	108	O	11.09	G	-		
999	109	O	11.09	A	-		
1000	0	O	8.32	C	-		
1000	1	O	8.32	C	-		
1000	2	O	8.32	G	-		
1000	3	O	8.32	A	-		
1000	4	O	8.32	A	-		
1000	5	O	8.32	C	-		
1000	6	O	8.32	A	-		
1000	7	O	8.32	G	-		
1000	8	O	8.32	C	-		
1000	9	O	8.32	A	-		
1000	10	O	8.32	T	-		
1000	11	O	8.32	G	-		
1000	12	O	8.32	T	-		
1000	13	O	8.32	G	-		
1000	14	O	8.32	C	-		
1000	15	O	8.32	T	-		
1000	16	O	8.32	C	-		
1000	17	O	8.32	G	-		
1000	18	O	8.32	G	-		
1000	19	O	8.32	G	-		
1000	20	O	8.32	C	-		
1000	21	O	8.32	G	-		
1000	22	O	8.32	C	-		
1000	23	O	8.32	T	-		
1000	24	O	8.32	G	-		
1000	25	O	8.32	T	-		
1000	26	O	8.32	G	-		
1000	27	O	8.32	C	-		
1000	28	O	8.32	C	-		
1000	29	O	8.32	G	-		
1000	30	O	8.32	C	-		
1000	31	O	8.32	A	-		
1000	32	O	8.32	G	-		
1000	33	O	8.32	A	-		
1000	34	O	8.32	A	-		
1000	35	O	8.32	C	-		
1000	36	O	8.32	T	-		
1000	37	O	8.32	T	-		
1000	38	O	8.32	G	-		
1000	39	O	8.32	C	-		
1000	40	O	8.32	G	-		
1000	41	O	8.32	G	-		
1000	42	O	8.32	T	-		
1000	43	O	8.32	A	-		
1000	44	O	8.32	G	-		
1000	45	O	8.32	T	-		
1000	46	O	8.32	T	-		
1000	47	O	8.32	C	-		
1000	48	O	8.32	T	-		
1000	49	O	8.32	C	-		
1000	50	O	8.32	C	-		
1000	51	O	8.32	T	-		
1000	52	O	8.32	C	-		
1000	53	O	8.32	C	-		
1000	54	O	8.32	A	-		
1000	55	O	8.32	T	-		
1000	56	O	8.32	G	-		
1000	57	O	8.32	T	-		
1000	58	O	8.32	C	-		
1000	59	O	8.32	G	-		
1000	60	O	8.32	C	-		
1000	61	O	8.32	G	-		
1000	62	O	8.32	C	-		
1000	63	O	8.32	G	-		
1000	64	O	8.32	C	-		
1000	65	O	8.32	C	-		
1000	66	O	8.32	G	-		
1000	67	O	8.32	T	-		
1000	68	O	8.32	C	-		
1000	69	O	8.32	C	-		
1000	70	O	8.32	A	-		
1000	71	O	8.32	A	-		
1000	72	O	8.32	T	-		
1000	73	O	8.32	C	-		
1000	74	O	8.32	C	-		
1000	75	O	8.32	C	-		
1000	76	O	8.32	A	-		
1000	77	O	8.32	G	-		
1000	78	O	8.32	T	-		
1000	79	O	8.32	A	-		
1000	80	O	8.32	G	-		
1000	81	O	8.32	G	-		
1000	82	O	8.32	C	-		
1000	83	O	8.32	G	-		
1000	84	O	8.32	G	-		
1000	85	O	8.32	T	-		
1000	86	O	8.32	G	-		
1000	87	O	8.32	C	-		
1000	88	O	8.32	G	-		
1000	89	O	8.32	C	-		
1000	90	O	8.32	A	-		
1000	91	O	8.32	G	-		
1000	92	O	8.32	C	-		
1000	93	O	8.32	C	-		
1000	94	O	8.32	C	-		
1000	95	O	8.32	G	-		
1000	96	O	8.32	G	-		
1000	97	O	8.32	C	-		
1000	98	O	8.32	C	-		
1000	99	O	8.32	G	-		
1000	100	O	8.32	C	-		
1000	101	O	8.32	C	-		
1000	102	O	8.32	G	-		
1000	103	O	8.32	C	-		
1000	104	O	8.32	A	-		
1000	105	O	8.32	T	-		
1000	106	O	8.32	G	-		
1000	107	O	8.32	G	-		
1000	108	O	8.32	G	-		
1000	109	O	8.32	C	-		
1001	0	O	12.48	C	-		
1001	1	O	12.48	T	-		
1001	2	O	12.48	C	-		
1001	3	O	12.48	A	-		
1001	4	O	12.48	G	-		
1001	5	O	12.48	C	-		
1001	6	O	12.48	G	-		
1001	7	O	12.48	C	-		
1001	8	O	12.48	A	-		
1001	9	O	12.48	A	-		
1001	10	O	12.48	C	-		
1001	11	O	12.48	A	-		
1001	12	O	12.48	A	-		
1001	13	O	12.48	C	-		
1001	14	O	12.48	A	-		
1001	15	O	12.48	A	-		
1001	16	O	12.48	C	-		
1001	17	O	12.48	A	-		
1001	18	O	12.48	A	-		
1001	19	O	12.48	C	-		
1001	20	O	12.48	A	-		
1001	21	O	12.48	A	-		
1001	22	O	12.48	G	-		
1001	23	O	12.48	C	-		
1001	24	O	12.48	G	-		
1001	25	O	12.48	C	-		
1001	26	O	12.48	C	-		
1001	27	O	12.48	A	-		
1001	28	O	4.00	A	-		
1001	29	O	12.48	T	-		
1001	30	O	12.48	T	-		
1001	31	O	12.48	T	-		
1001	32	O	12.48	C	-		
1001	33	O	12.48	T	-		
1001	34	O	12.48	C	-		
1001	35	O	12.48	G	-		
1001	36	O	12.48	C	-		
1001	37	O	12.48	C	-		
1001	38	O	12.48	C	-		
1001	39	O	12.48	A	-		
1001	40	O	12.48	C	-		
1001	41	O	12.48	T	-		
1001	42	O	12.48	C	-		
1001	43	O	12.48	C	-		
1001	44	O	12.48	G	-		
1001	45	O	12.48	C	-		
1001	46	O	12.48	T	-		
1001	47	O	12.48	C	-		
1001	48	O	12.48	G	-		
1001	49	O	12.48	C	-		
1001	50	O	12.48	T	-		
1001	51	O	12.48	G	-		
1001	52	O	12.48	A	-		
1001	53	O	12.48	C	-		
1001	54	O	12.48	A	-		
1001	55	O	12.48	C	-		
1001	56	O	12.48	A	-		
1001	57	O	12.48	G	-		
1001	58	O	12.48	A	-		
1001	59	O	12.48	T	-		
1001	60	O	12.48	C	-		
1001	61	O	12.48	C	-		
1001	62	O	12.48	A	-		
1001	63	O	12.48	G	-		
1001	64	O	12.48	C	-		
1001	65	O	12.48	A	-		
1001	66	O	12.48	C	-		
1001	67	O	12.48	A	-		
1001	68	O	12.48	G	-		
1001	69	O	12.48	G	-		
1001	70	O	12.48	C	-		
1001	71	O	12.48	G	-		
1001	72	O	12.48	G	-		
1001	73	O	12.48	C	-		
1001	74	O	12.48	C	-		
1001	75	O	12.48	G	-		
1001	76	O	12.48	C	-		
1001	77	O	12.48	T	-		
1001	78	O	12.48	C	-		
1001	79	O	12.48	G	-		
1001	80	O	12.48	G	-		
1001	81	O	12.48	C	-		
1001	82	O	12.48	C	-		
1001	83	O	12.48	G	-		
1001	84	O	12.48	C	-		
1001	85	O	12.48	T	-		
1001	86	O	12.48	C	-		
1001	87	O	12.48	G	-		
1001	88	O	12.48	G	-		
1001	89	O	12.48	C	-		
1001	90	O	12.48	C	-		
1001	91	O	12.48	G	-		
1001	92	O	12.48	C	-		
1001	93	O	12.48	C	-		
1001	94	O	12.48	G	-		
1001	95	O	12.48	G	-		
1001	96	O	12.48	A	-		
1001	97	O	12.48	A	-		
1001	98	O	12.48	T	-		
1001	99	O	12.48	G	-		
1001	100	O	12.48	C	-		
1001	101	O	12.48	C	-		
1001	102	O	12.48	C	-		
1001	103	O	12.48	G	-		
1001	104	O	12.48	C	-		
1001	105	O	12.48	C	-		
1001	106	O	12.48	C	-		
1001	107	O	12.48	G	-		
1001	108	O	12.48	C	-		
1001	109	O	12.48	C	-		
1002	0	O	19.41	G	-		
1002	1	O	19.41	T	-		
1002	2	O	19.41	T	-		
1002	3	O	19.41	A	-		
1002	4	O	19.41	T	-		
1002	5	O	19.41	T	-		
1002	6	O	19.41	T	-		
1002	7	O	19.41	C	-		
1002	8	O	19.41	A	-		
1002	9	O	19.41	G	-		
1002	10	O	19.41	C	-		
1002	11	O	19.41	A	-		
1002	12	O	19.41	A	-		
1002	13	O	19.41	C	-		
1002	14	O	19.41	A	-		
1002	15	O	19.41	C	-		
1002	16	O	19.41	T	-		
1002	17	O	19.41	T	-		
1002	18	O	19.41	C	-		
1002	19	O	19.41	A	-		
1002	20	O	19.41	G	-		
1002	21	O	19.41	A	-		
1002	22	O	19.41	G	-		
1002	23	O	19.41	T	-		
1002	24	O	19.41	A	-		
1002	25	O	19.41	T	-		
1002	26	O	19.41	C	-		
1002	27	O	19.41	T	-		
1002	28	O	19.41	C	-		
1002	29	O	19.41	A	-		
1002	30	O	19.41	G	-		
1002	31	O	19.41	A	-		
1002	32	O	19.41	A	-		
1002	33	O	19.41	T	-		
1002	34	O	19.41	T	-		
1002	35	O	19.41	G	-		
1002	36	O	19.41	G	-		
1002	37	O	19.41	A	-		
1002	38	O	19.41	C	-		
1002	39	O	19.41	C	-		
1002	40	O	19.41	G	-		
1002	41	O	19.41	C	-		
1002	42	O	19.41	C	-		
1002	43	O	19.41	A	-		
1002	44	O	19.41	C	-		
1002	45	O	19.41	T	-		
1002	46	O	19.41	A	-		
1002	47	O	19.41	T	-		
1002	48	O	19.41	A	-		
1002	49	O	19.41	T	-		
1002	50	O	19.41	T	-		
1002	51	O	19.41	T	-		
1002	52	O	19.41	T	-		
1002	53	O	19.41	G	-		
1002	54	O	19.41	T	-		
1002	55	O	19.41	T	-		
1002	56	O	19.41	G	-		
1002	57	O	19.41	T	-		
1002	58	O	19.41	G	-		
1002	59	O	19.41	A	-		
1002	60	O	19.41	A	-		
1002	61	O	19.41	A	-		
1002	62	O	19.41	A	-		
1002	63	O	19.41	A	-		
1002	64	O	19.41	C	-		
1002	65	O	19.41	T	-		
1002	66	O	19.41	A	-		
1002	67	O	19.41	T	-		
1002	68	O	19.41	A	-		
1002	69	O	19.41	A	-		
1002	70	O	19.41	T	-		
1002	71	O	19.41	T	-		
1002	72	O	19.41	A	-		
1002	73	O	19.41	T	-		
1002	74	O	19.41	A	-		
1002	75	O	19.41	G	-		
1002	76	O	19.41	G	-		
1002	77	O	19.41	T	-		
1002	78	O	19.41	A	-		
1002	79	O	19.41	T	-		
1002	80	O	19.41	T	-		
1002	81	O	19.41	A	-		
1002	82	O	19.41	T	-		
1002	83	O	19.41	A	-		
1002	84	O	19.41	G	-		
1002	85	O	19.41	T	-		
1002	86	O	19.41	A	-		
1002	87	O	19.41	T	-		
1002	88	O	19.41	C	-		
1002	89	O	19.41	A	-		
1002	90	O	19.41	A	-		
1002	91	O	19.41	G	-		
1002	92	O	19.41	T	-		
1002	93	O	19.41	A	-		
1002	94	O	19.41	T	-		
1002	95	O	19.41	T	-		
1002	96	O	19.41	T	-		
1002	97	O	19.41	C	-		
1002	98	O	19.41	A	-		
1002	99	O	19.41	T	-		
1002	100	O	19.41	C	-		
1002	101	O	19.41	T	-		
1002	102	O	19.41	T	-		
1002	103	O	19.41	A	-		
1002	104	O	19.41	T	-		
1002	105	O	19.41	G	-		
1002	106	O	19.41	C	-		
1002	107	O	19.41	A	-		
1002	108	O	19.41	T	-		
1002	109	O	19.41	C	-		
1003	0	O	9.70	A	-		
1003	1	O	9.70	C	-		
1003	2	O	9.70	A	-		
1003	3	O	9.70	T	-		
1003	4	O	9.70	C	-		
1003	5	O	9.70	C	-		
1003	6	O	9.70	C	-		
1003	7	O	9.70	A	-		
1003	8	O	9.70	A	-		
1003	9	O	9.70	G	-		
1003	10	O	9.70	C	-		
1003	11	O	9.70	C	-		
1003	12	O	9.70	A	-		
1003	13	O	9.70	G	-		
1003	14	O	9.70	C	-		
1003	15	O	9.70	A	-		
1003	16	O	9.70	T	-		
1003	17	O	9.70	T	-		
1003	18	O	9.70	C	-		
1003	19	O	9.70	C	-		
1003	20	O	9.70	A	-		
1003	21	O	9.70	C	-		
1003	22	O	9.70	G	-		
1003	23	O	9.70	C	-		
1003	24	U	1.77	C	A		
1003	25	O	9.70	A	-		
1003	26	O	9.70	G	-		
1003	27	O	9.70	C	-		
1003	28	O	9.70	A	-		
1003	29	O	9.70	A	-		
1003	30	O	9.70	C	-		
1003	31	O	9.70	G	-		
1003	32	O	9.70	C	-		
1003	33	O	9.70	A	-		
1003	34	O	9.70	C	-		
1003	35	O	9.70	T	-		
1003	36	O	9.70	C	-		
1003	37	O	9.70	G	-		
1003	38	O	9.70	T	-		
1003	39	O	9.70	T	-		
1003	40	O	9.70	A	-		
1003	41	O	9.70	A	-		
1003	42	O	9.70	C	-		
1003	43	O	9.70	G	-		
1003	44	O	9.70	A	-		
1003	45	O	9.70	C	-		
1003	46	O	9.70	C	-		
1003	47	O	9.70	C	-		
1003	48	O	9.70	T	-		
1003	49	O	9.70	T	-		
1003	50	O	9.70	T	-		
1003	51	O	9.70	C	-		
1003	52	O	9.70	G	-		
1003	53	O	9.70	G	-		
1003	54	O	9.70	A	-		
1003	55	O	9.70	C	-		
1003	56	O	9.70	A	-		
1003	57	O	9.70	G	-		
1003	58	O	9.70	C	-		
1003	59	O	9.70	C	-		
1003	60	O	9.70	C	-		
1003	61	O	9.70	A	-		
1003	62	O	9.70	G	-		
1003	63	O	9.70	G	-		
1003	64	O	9.70	A	-		
1003	65	O	9.70	C	-		
1003	66	O	9.70	A	-		
1003	67	O	9.70	G	-		
1003	68	O	9.70	C	-		
1003	69	O	9.70	A	-		
1003	70	O	9.70	T	-		
1003	71	O	9.70	T	-		
1003	72	O	9.70	G	-		
1003	73	O	9.70	T	-		
1003	74	O	9.70	G	-		
1003	75	O	9.70	T	-		
1003	76	O	9.70	G	-		
1003	77	O	9.70	A	-		
1003	78	O	9.70	A	-		
1003	79	O	9.70	G	-		
1003	80	O	9.70	G	-		
1003	81	O	9.70	T	-		
1003	82	O	9.70	G	-		
1003	83	O	9.70	T	-		
1003	84	O	9.70	C	-		
1003	85	O	9.70	G	-		
1003	86	O	9.70	G	-		
1003	87	O	9.70	A	-		
1003	88	O	9.70	G	-		
1003	89	O	9.70	T	-		
1003	90	O	9.70	A	-		
1003	91	O	9.70	C	-		
1003	92	O	9.70	A	-		
1003	93	O	9.70	T	-		
1003	94	O	9.70	G	-		
1003	95	O	9.70	G	-		
1003	96	O	9.70	A	-		
1003	97	O	9.70	G	-		
1003	98	O	9.70	A	-		
1003	99	O	9.70	T	-		
1003	100	O	9.70	T	-		
1003	101	O	9.70	G	-		
1003	102	O	9.70	G	-		
1003	103	O	9.70	T	-		
1003	104	O	9.70	C	-		
1003	105	O	9.70	T	-		
1003	106	O	9.70	C	-		
1003	107	O	9.70	G	-		
1003	108	O	9.70	C	-		
1003	109	O	9.70	A	-		
1004	0	O	5.55	T	-		
1004	1	O	5.55	T	-		
1004	2	O	5.55	T	-		
1004	3	O	5.55	T	-		
1004	4	O	5.55	G	-		
1004	5	O	5.55	T	-		
1004	6	O	5.55	C	-		
1004	7	O	5.55	A	-		
1004	8	O	5.55	T	-		
1004	9	O	5.55	C	-		
1004	10	O	5.55	A	-		
1004	11	O	5.55	A	-		
1004	12	O	5.55	T	-		
1004	13	O	5.55	C	-		
1004	14	O	5.55	C	-		
1004	15	O	5.55	C	-		
1004	16	O	5.55	A	-		
1004	17	O	5.55	A	-		
1004	18	O	5.55	A	-		
1004	19	O	5.55	T	-		
1004	20	O	5.55	C	-		
1004	21	O	5.55	A	-		
1004	22	O	5.55	A	-		
1004	23	O	5.55	G	-		
1004	24	O	5.55	C	-		
1004	25	O	5.55	A	-		
1004	26	O	5.55	A	-		
1004	27	O	5.55	A	-		
1004	28	O	5.55	A	-		
1004	29	O	5.55	T	-		
1004	30	O	5.55	G	-		
1004	31	O	5.55	A	-		
1004	32	O	5.55	A	-		
1004	33	O	5.55	A	-		
1004	34	O	5.55	A	-		
1004	35	O	5.55	G	-		
1004	36	O	5.55	G	-		
1004	37	O	5.55	A	-		
1004	38	O	5.55	A	-		
1004	39	O	5.55	A	-		
1004	40	O	5.55	A	-		
1004	41	O	5.55	G	-		
1004	42	O	5.55	G	-		
1004	43	O	5.55	G	-		
1004	44	O	5.55	A	-		
1004	45	O	5.55	A	-		
1004	46	O	5.55	G	-		
1004	47	O	5.55	A	-		
1004	48	O	5.55	A	-		
1004	49	O	5.55	T	-		
1004	50	O	5.55	G	-		
1004	51	O	5.55	A	-		
1004	52	O	5.55	T	-		
1004	53	O	5.55	G	-		
1004	54	O	5.55	A	-		
1004	55	O	5.55	A	-		
1004	56	O	5.55	A	-		
1004	57	O	5.55	G	-		
1004	58	O	5.55	T	-		
1004	59	O	5.55	T	-		
1004	60	O	5.55	G	-		
1004	61	O	5.55	G	-		
1004	62	O	5.55	C	-		
1004	63	O	5.55	T	-		
1004	64	O	5.55	G	-		
1004	65	O	5.55	T	-		
1004	66	O	5.55	C	-		
1004	67	O	5.55	T	-		
1004	68	O	5.55	G	-		
1004	69	O	5.55	T	-		
1004	70	O	5.55	T	-		
1004	71	O	5.55	T	-		
1004	72	O	5.55	G	-		
1004	73	O	5.55	T	-		
1004	74	O	5.55	A	-		
1004	75	O	5.55	T	-		
1004	76	O	5.55	T	-		
1004	77	O	5.55	G	-		
1004	78	O	5.55	A	-		
1004	79	O	5.55	C	-		
1004	80	O	5.55	T	-		
1004	81	O	5.55	G	-		
1004	82	O	5.55	T	-		
1004	83	O	5.55	T	-		
1004	84	O	5.55	A	-		
1004	85	O	5.55	A	-		
1004	86	O	5.55	A	-		
1004	87	O	5.55	T	-		
1004	88	O	5.55	T	-		
1004	89	O	5.55	A	-		
1004	90	O	5.55	A	-		
1004	91	O	5.55	T	-		
1004	92	O	5.55	A	-		
1004	93	O	5.55	A	-		
1004	94	O	5.55	T	-		
1004	95	O	5.55	G	-		
1004	96	O	5.55	A	-		
1004	97	O	5.55	T	-		
1004	98	O	5.55	C	-		
1004	99	O	5.55	C	-		
1004	100	O	5.55	A	-		
1004	101	O	5.55	T	-		
1004	102	O	5.55	G	-		
1004	103	O	5.55	T	-		
1004	104	O	5.55	A	-		
1004	105	O	5.55	A	-		
1004	106	O	5.55	G	-		
1004	107	O	5.55	T	-		
1004	108	O	5.55	G	-		
1004	109	O	5.55	G	-		
1005	0	O	5.55	T	-		
1005	1	O	5.55	T	-		
1005	2	O	5.55	T	-		
1005	3	O	5.55	T	-		
1005	4	O	5.55	G	-		
1005	5	O	5.55	A	-		
1005	6	O	5.55	A	-		
1005	7	O	5.55	T	-		
1005	8	O	5.55	T	-		
1005	9	O	5.55	T	-		
1005	10	O	5.55	A	-		
1005	11	O	5.55	C	-		
1005	12	O	5.55	C	-		
1005	13	O	5.55	A	-		
1005	14	O	5.55	T	-		
1005	15	O	5.55	C	-		
1005	16	O	5.55	A	-		
1005	17	O	5.55	G	-		
1005	18	O	5.55	C	-		
1005	19	O	5.55	A	-		
1005	20	O	5.55	A	-		
1005	21	O	5.55	T	-		
1005	22	O	5.55	A	-		
1005	23	O	5.55	T	-		
1005	24	O	5.55	G	-		
1005	25	O	5.55	G	-		
1005	26	O	5.55	T	-		
1005	27	O	5.55	C	-		
1005	28	O	5.55	T	-		
1005	29	O	5.55	G	-		
1005	30	O	5.55	T	-		
1005	31	O	5.55	T	-		
1005	32	O	5.55	C	-		
1005	33	O	5.55	T	-		
1005	34	O	5.55	C	-		
1005	35	O	5.55	T	-		
1005	36	O	5.55	C	-		
1005	37	O	5.55	T	-		
1005	38	O	5.55	C	-		
1005	39	O	5.55	A	-		
1005	40	O	5.55	T	-		
1005	41	O	5.55	A	-		
1005	42	O	5.55	A	-		
1005	43	O	5.55	A	-		
1005	44	O	5.55	C	-		
1005	45	O	5.55	T	-		
1005	46	O	5.55	T	-		
1005	47	O	5.55	G	-		
1005	48	O	5.55	C	-		
1005	49	O	5.55	T	-		
1005	50	O	5.55	T	-		
1005	51	O	5.55	A	-		
1005	52	O	5.55	A	-		
1005	53	O	5.55	G	-		
1005	54	O	5.55	A	-		
1005	55	O	5.55	A	-		
1005	56	O	5.55	A	-		
1005	57	O	5.55	A	-		
1005	58	O	5.55	C	-		
1005	59	O	5.55	C	-		
1005	60	O	5.55	T	-		
1005	61	O	5.55	G	-		
1005	62	O	5.55	C	-		
1005	63	O	5.55	A	-		
1005	64	O	5.55	T	-		
1005	65	O	5.55	G	-		
1005	66	O	5.55	T	-		
1005	67	O	5.55	G	-		
1005	68	O	5.55	T	-		
1005	69	O	5.55	C	-		
1005	70	O	5.55	T	-		
1005	71	O	5.55	A	-		
1005	72	O	5.55	C	-		
1005	73	O	5.55	T	-		
1005	74	O	5.55	T	-		
1005	75	O	5.55	T	-		
1005	76	O	5.55	C	-		
1005	77	O	5.55	T	-		
1005	78	O	5.55	G	-		
1005	79	O	5.55	A	-		
1005	80	O	5.55	A	-		
1005	81	O	5.55	T	-		
1005	82	O	5.55	T	-		
1005	83	O	5.55	T	-		
1005	84	O	5.55	T	-		
1005	85	O	5.55	A	-		
1005	86	O	5.55	G	-		
1005	87	O	5.55	G	-		
1005	88	O	5.55	C	-		
1005	89	O	5.55	A	-		
1005	90	O	5.55	G	-		
1005	91	O	5.55	T	-		
1005	92	O	5.55	C	-		
1005	93	O	5.55	G	-		
1005	94	O	5.55	T	-		
1005	95	O	5.55	T	-		
1005	96	O	5.55	G	-		
1005	97	O	5.55	C	-		
1005	98	O	5.55	A	-		
1005	99	O	5.55	T	-		
1005	100	O	5.55	C	-		
1005	101	O	5.55	A	-		
1005	102	O	5.55	T	-		
1005	103	O	5.55	A	-		
1005	104	O	5.55	C	-		
1005	105	O	5.55	T	-		
1005	106	O	5.55	T	-		
1005	107	O	5.55	T	-		
1005	108	O	5.55	G	-		
1005	109	O	5.55	C	-		
1006	0	O	12.48	T	-		
1006	1	O	12.48	G	-		
1006	2	O	12.48	G	-		
1006	3	O	12.48	T	-		
1006	4	O	12.48	G	-		
1006	5	O	12.48	T	-		
1006	6	O	12.48	A	-		
1006	7	O	12.48	G	-		
1006	8	O	12.48	G	-		
1006	9	O	12.48	T	-		
1006	10	O	12.48	G	-		
1006	11	O	12.48	C	-		
1006	12	O	12.48	T	-		
1006	13	O	12.48	C	-		
1006	14	O	12.48	T	-		
1006	15	O	12.48	G	-		
1006	16	O	12.48	A	-		
1006	17	O	12.48	G	-		
1006	18	O	12.48	A	-		
1006	19	O	12.48	A	-		
1006	20	O	12.48	G	-		
1006	21	O	12.48	T	-		
1006	22	O	12.48	T	-		
1006	23	O	12.48	G	-		
1006	24	O	12.48	A	-		
1006	25	O	12.48	T	-		
1006	26	O	12.48	T	-		
1006	27	O	4.00	T	-		
1006	28	O	12.48	G	-		
1006	29	O	12.48	G	-		
1006	30	O	12.48	G	-		
1006	31	O	12.48	G	-		
1006	32	O	12.48	G	-		
1006	33	O	12.48	A	-		
1006	34	O	12.48	G	-		
1006	35	O	12.48	A	-		
1006	36	O	12.48	G	-		
1006	37	O	12.48	A	-		
1006	38	O	12.48	T	-		
1006	39	O	12.48	G	-		
1006	40	O	12.48	A	-		
1006	41	O	12.48	A	-		
1006	42	O	12.48	T	-		
1006	43	O	12.48	G	-		
1006	44	O	12.48	T	-		
1006	45	O	12.48	T	-		
1006	46	O	12.48	T	-		
1006	47	O	12.48	G	-		
1006	48	O	12.48	C	-		
1006	49	O	12.48	A	-		
1006	50	O	12.48	T	-		
1006	51	O	12.48	A	-		
1006	52	O	12.48	T	-		
1006	53	O	12.48	A	-		
1006	54	O	4.00	A	-		
1006	55	O	12.48	A	-		
1006	56	O	12.48	A	-		
1006	57	O	12.48	G	-		
1006	58	O	12.48	T	-		
1006	59	O	12.48	G	-		
1006	60	O	12.48	A	-		
1006	61	O	12.48	G	-		
1006	62	O	12.48	A	-		
1006	63	O	12.48	G	-		
1006	64	O	4.00	A	-		
1006	65	O	12.48	G	-		
1006	66	O	12.48	G	-		
1006	67	O	12.48	T	-		
1006	68	O	12.48	G	-		
1006	69	O	12.48	A	-		
1006	70	O	12.48	G	-		
1006	71	O	12.48	A	-		
1006	72	O	12.48	T	-		
1006	73	O	12.48	A	-		
1006	74	O	12.48	A	-		
1006	75	O	12.48	A	-		
1006	76	O	12.48	G	-		
1006	77	O	12.48	G	-		
1006	78	O	12.48	T	-		
1006	79	O	12.48	A	-		
1006	80	O	12.48	T	-		
1006	81	O	12.48	T	-		
1006	82	O	12.48	T	-		
1006	83	O	12.48	G	-		
1006	84	O	12.48	A	-		
1006	85	O	12.48	G	-		
1006	86	O	12.48	T	-		
1006	87	O	12.48	A	-		
1006	88	O	12.48	A	-		
1006	89	O	12.48	A	-		
1006	90	O	12.48	T	-		
1006	91	O	12.48	T	-		
1006	92	O	12.48	T	-		
1006	93	O	12.48	C	-		
1006	94	O	12.48	T	-		
1006	95	O	12.48	T	-		
1006	96	O	12.48	A	-		
1006	97	O	12.48	T	-		
1006	98	O	12.48	G	-		
1006	99	O	12.48	T	-		
1006	100	O	12.48	A	-		
1006	101	O	12.48	A	-		
1006	102	O	12.48	A	-		
1006	103	O	12.48	A	-		
1006	104	O	12.48	T	-		
1006	105	O	12.48	A	-		
1006	106	O	12.48	A	-		
1006	107	O	12.48	G	-		
1006	108	O	12.48	G	-		
1006	109	O	12.48	G	-		
1007	0	O	16.64	T	-		
1007	1	O	16.64	T	-		
1007	2	O	16.64	C	-		
1007	3	O	16.64	A	-		
1007	4	O	16.64	G	-		
1007	5	O	16.64	T	-		
1007	6	O	16.64	G	-		
1007	7	O	16.64	T	-		
1007	8	O	16.64	C	-		
1007	9	O	16.64	G	-		
1007	10	O	16.64	A	-		
1007	11	O	16.64	G	-		
1007	12	O	16.64	C	-		
1007	13	O	16.64	T	-		
1007	14	O	16.64	G	-		
1007	15	O	16.64	G	-		
1007	16	O	16.64	C	-		
1007	17	O	16.64	C	-		
1007	18	O	16.64	G	-		
1007	19	O	16.64	G	-		
1007	20	O	16.64	C	-		
1007	21	O	16.64	C	-		
1007	22	O	16.64	G	-		
1007	23	O	16.64	G	-		
1007	24	O	16.64	C	-		
1007	25	O	16.64	C	-		
1007	26	O	16.64	G	-		
1007	27	O	16.64	T	-		
1007	28	O	16.64	C	-		
1007	29	O	7.55	T	-		
1007	30	O	16.64	A	-		
1007	31	O	16.64	G	-		
1007	32	O	16.64	T	-		
1007	33	O	16.64	G	-		
1007	34	O	16.64	A	-		
1007	35	O	16.64	G	-		
1007	36	O	16.64	G	-		
1007	37	O	16.64	G	-		
1007	38	O	16.64	T	-		
1007	39	O	16.64	G	-		
1007	40	O	16.64	G	-		
1007	41	O	16.64	C	-		
1007	42	O	16.64	A	-		
1007	43	O	16.64	A	-		
1007	44	O	7.55	A	-		
1007	45	O	16.64	T	-		
1007	46	O	16.64	G	-		
1007	47	O	16.64	C	-		
1007	48	O	16.64	G	-		
1007	49	O	16.64	A	-		
1007	50	O	16.64	A	-		
1007	51	O	16.64	A	-		
1007	52	O	16.64	G	-		
1007	53	O	16.64	C	-		
1007	54	O	16.64	A	-		
1007	55	O	16.64	A	-		
1007	56	O	16.64	C	-		
1007	57	O	16.64	A	-		
1007	58	O	16.64	A	-		
1007	59	O	16.64	C	-		
1007	60	O	16.64	T	-		
1007	61	O	16.64	G	-		
1007	62	O	16.64	G	-		
1007	63	O	16.64	C	-		
1007	64	O	7.55	A	-		
1007	65	O	16.64	G	-		
1007	66	O	16.64	T	-		
1007	67	O	16.64	T	-		
1007	68	O	16.64	A	-		
1007	69	O	16.64	A	-		
1007	70	O	16.64	C	-		
1007	71	O	16.64	G	-		
1007	72	O	16.64	G	-		
1007	73	O	16.64	G	-		
1007	74	O	16.64	C	-		
1007	75	O	16.64	T	-		
1007	76	O	7.55	A	-		
1007	77	O	16.64	G	-		
1007	78	O	16.64	C	-		
1007	79	O	16.64	G	-		
1007	80	O	16.64	G	-		
1007	81	O	16.64	A	-		
1007	82	O	16.64	C	-		
1007	83	O	16.64	A	-		
1007	84	O	16.64	T	-		
1007	85	O	16.64	C	-		
1007	86	O	16.64	C	-		
1007	87	O	16.64	G	-		
1007	88	O	16.64	G	-		
1007	89	O	16.64	A	-		
1007	90	O	16.64	C	-		
1007	91	O	16.64	G	-		
1007	92	O	16.64	G	-		
1007	93	O	16.64	C	-		
1007	94	O	7.55	T	-		
1007	95	O	16.64	G	-		
1007	96	O	7.55	G	-		
1007	97	O	16.64	A	-		
1007	98	O	16.64	T	-		
1007	99	O	16.64	C	-		
1007	100	O	16.64	G	-		
1007	101	O	16.64	C	-		
1007	102	O	16.64	T	-		
1007	103	O	16.64	A	-		
1007	104	O	16.64	C	-		
1007	105	O	16.64	G	-		
1007	106	O	16.64	A	-		
1007	107	O	16.64	C	-		
1007	108	O	16.64	G	-		
1007	109	O	16.64	A	-		
1008	0	O	6.93	A	-		
1008	1	O	6.93	C	-		
1008	2	O	6.93	C	-		
1008	3	O	6.93	C	-		
1008	4	O	6.93	C	-		
1008	5	O	6.93	A	-		
1008	6	O	6.93	T	-		
1008	7	O	6.93	T	-		
1008	8	O	6.93	A	-		
1008	9	O	6.93	C	-		
1008	10	O	6.93	G	-		
1008	11	O	6.93	T	-		
1008	12	O	6.93	A	-		
1008	13	O	6.93	G	-		
1008	14	O	6.93	A	-		
1008	15	O	6.93	G	-		
1008	16	O	6.93	T	-		
1008	17	O	6.93	G	-		
1008	18	O	6.93	T	-		
1008	19	O	6.93	A	-		
1008	20	O	6.93	G	-		
1008	21	O	6.93	C	-		
1008	22	O	6.93	T	-		
1008	23	O	6.93	T	-		
1008	24	O	6.93	G	-		
1008	25	O	6.93	A	-		
1008	26	O	6.93	T	-		
1008	27	O	6.93	G	-		
1008	28	O	6.93	G	-		
1008	29	O	6.93	G	-		
1008	30	O	6.93	C	-		
1008	31	O	6.93	A	-		
1008	32	O	6.93	A	-		
1008	33	O	6.93	G	-		
1008	34	O	6.93	G	-		
1008	35	O	6.93	A	-		
1008	36	O	6.93	G	-		
1008	37	O	6.93	G	-		
1008	38	O	6.93	G	-		
1008	39	O	6.93	A	-		
1008	40	O	6.93	G	-		
1008	41	O	6.93	A	-		
1008	42	O	6.93	G	-		
1008	43	O	6.93	A	-		
1008	44	O	6.93	C	-		
1008	45	O	6.93	G	-		
1008	46	O	6.93	A	-		
1008	47	O	6.93	C	-		
1008	48	O	6.93	G	-		
1008	49	O	6.93	G	-		
1008	50	O	6.93	C	-		
1008	51	O	6.93	A	-		
1008	52	O	6.93	C	-		
1008	53	O	6.93	C	-		
1008	54	O	6.93	T	-		
1008	55	O	6.93	T	-		
1008	56	O	6.93	T	-		
1008	57	O	6.93	C	-		
1008	58	O	6.93	A	-		
1008	59	O	6.93	A	-		
1008	60	O	6.93	G	-		
1008	61	O	6.93	A	-		
1008	62	O	6.93	T	-		
1008	63	O	6.93	G	-		
1008	64	O	6.93	C	-		
1008	65	O	6.93	T	-		
1008	66	O	6.93	C	-		
1008	67	O	6.93	G	-		
1008	68	O	6.93	G	-		
1008	69	O	6.93	C	-		
1008	70	O	6.93	A	-		
1008	71	U	-0.27	T	C		
1008	72	O	6.93	G	-		
1008	73	O	6.93	T	-		
1008	74	O	6.93	G	-		
1008	75	O	6.93	A	-		
1008	76	O	6.93	G	-		
1008	77	O	6.93	T	-		
1008	78	O	6.93	C	-		
1008	79	O	6.93	A	-		
1008	80	O	6.93	T	-		
1008	81	O	6.93	G	-		
1008	82	O	6.93	T	-		
1008	83	O	6.93	T	-		
1008	84	O	6.93	T	-		
1008	85	O	6.93	T	-		
1008	86	O	6.93	G	-		
1008	87	O	6.93	G	-		
1008	88	O	6.93	T	-		
1008	89	O	6.93	C	-		
1008	90	O	6.93	T	-		
1008	91	O	6.93	G	-		
1008	92	O	6.93	G	-		
1008	93	O	6.93	T	-		
1008	94	O	6.93	C	-		
1008	95	O	6.93	T	-		
1008	96	O	6.93	C	-		
1008	97	O	6.93	A	-		
1008	98	O	6.93	G	-		
1008	99	O	6.93	A	-		
1008	100	O	6.93	C	-		
1008	101	O	6.93	G	-		
1008	102	O	6.93	A	-		
1008	103	O	6.93	C	-		
1008	104	O	6.93	A	-		
1008	105	O	6.93	G	-		
1008	106	O	6.93	C	-		
1008	107	O	6.93	T	-		
1008	108	O	6.93	G	-		
1008	109	O	6.93	A	-		
1009	0	O	6.93	A	-		
1009	1	O	6.93	C	-		
1009	2	O	6.93	T	-		
1009	3	O	6.93	G	-		
1009	4	O	6.93	G	-		
1009	5	O	6.93	C	-		
1009	6	O	6.93	C	-		
1009	7	O	6.93	T	-		
1009	8	O	6.93	G	-		
1009	9	O	6.93	G	-		
1009	10	O	6.93	C	-		
1009	11	O	6.93	C	-		
1009	12	O	6.93	A	-		
1009	13	O	6.93	C	-		
1009	14	O	6.93	A	-		
1009	15	O	6.93	A	-		
1009	16	O	6.93	T	-		
1009	17	O	6.93	C	-		
1009	18	O	6.93	T	-		
1009	19	O	6.93	A	-		
1009	20	O	6.93	T	-		
1009	21	O	6.93	C	-		
1009	22	O	6.93	C	-		
1009	23	O	6.93	T	-		
1009	24	O	6.93	C	-		
1009	25	O	6.93	A	-		
1009	26	O	6.93	T	-		
1009	27	O	6.93	A	-		
1009	28	O	6.93	A	-		
1009	29	O	6.93	A	-		
1009	30	O	6.93	T	-		
1009	31	O	6.93	T	-		
1009	32	O	6.93	G	-		
1009	33	O	6.93	G	-		
1009	34	O	6.93	G	-		
1009	35	O	6.93	G	-		
1009	36	O	6.93	G	-		
1009	37	O	6.93	A	-		
1009	38	O	6.93	G	-		
1009	39	O	6.93	T	-		
1009	40	O	6.93	G	-		
1009	41	O	6.93	A	-		
1009	42	O	6.93	A	-		
1009	43	O	6.93	G	-		
1009	44	O	6.93	A	-		
1009	45	O	6.93	C	-		
1009	46	O	6.93	A	-		
1009	47	O	6.93	T	-		
1009	48	O	6.93	G	-		
1009	49	O	6.93	C	-		
1009	50	O	6.93	C	-		
1009	51	O	6.93	T	-		
1009	52	O	6.93	G	-		
1009	53	O	6.93	C	-		
1009	54	O	6.93	A	-		
1009	55	O	6.93	C	-		
1009	56	O	6.93	C	-		
1009	57	O	6.93	C	-		
1009	58	O	6.93	A	-		
1009	59	O	6.93	A	-		
1009	60	O	6.93	G	-		
1009	61	O	6.93	G	-		
1009	62	O	6.93	G	-		
1009	63	O	6.93	C	-		
1009	64	O	6.93	G	-		
1009	65	O	6.93	T	-		
1009	66	O	6.93	C	-		
1009	67	O	6.93	A	-		
1009	68	O	6.93	A	-		
1009	69	O	6.93	G	-		
1009	70	O	6.93	T	-		
1009	71	O	6.93	T	-		
1009	72	O	6.93	A	-		
1009	73	O	6.93	C	-		
1009	74	O	6.93	G	-		
1009	75	O	6.93	C	-		
1009	76	O	6.93	T	-		
1009	77	O	6.93	G	-		
1009	78	O	6.93	C	-		
1009	79	O	6.93	C	-		
1009	80	O	6.93	C	-		
1009	81	O	6.93	T	-		
1009	82	O	6.93	T	-		
1009	83	O	6.93	T	-		
1009	84	O	6.93	G	-		
1009	85	O	6.93	C	-		
1009	86	O	6.93	C	-		
1009	87	O	6.93	T	-		
1009	88	O	6.93	C	-		
1009	89	O	6.93	C	-		
1009	90	O	6.93	G	-		
1009	91	O	6.93	T	-		
1009	92	O	6.93	C	-		
1009	93	O	6.93	T	-		
1009	94	O	6.93	G	-		
1009	95	O	6.93	C	-		
1009	96	O	6.93	A	-		
1009	97	O	6.93	T	-		
1009	98	O	6.93	C	-		
1009	99	O	6.93	G	-		
1009	100	O	6.93	A	-		
1009	101	O	6.93	T	-		
1009	102	O	6.93	C	-		
1009	103	O	6.93	A	-		
1009	104	O	6.93	A	-		
1009	105	O	6.93	C	-		
1009	106	O	6.93	G	-		
1009	107	O	6.93	G	-		
1009	108	O	6.93	T	-		
1009	109	O	6.93	C	-		
1010	0	O	6.93	T	-		
1010	1	O	6.93	A	-		
1010	2	O	6.93	G	-		
1010	3	O	6.93	A	-		
1010	4	O	6.93	C	-		
1010	5	O	6.93	G	-		
1010	6	O	6.93	T	-		
1010	7	O	6.93	T	-		
1010	8	O	6.93	A	-		
1010	9	O	6.93	C	-		
1010	10	O	6.93	A	-		
1010	11	O	6.93	A	-		
1010	12	O	6.93	A	-		
1010	13	O	6.93	A	-		
1010	14	O	6.93	A	-		
1010	15	O	6.93	G	-		
1010	16	O	6.93	G	-		
1010	17	O	6.93	C	-		
1010	18	O	6.93	A	-		
1010	19	O	6.93	G	-		
1010	20	O	6.93	C	-		
1010	21	O	6.93	A	-		
1010	22	O	6.93	A	-		
1010	23	O	6.93	A	-		
1010	24	O	6.93	A	-		
1010	25	O	6.93	C	-		
1010	26	O	6.93	A	-		
1010	27	O	6.93	T	-		
1010	28	O	6.93	T	-		
1010	29	O	6.93	T	-		
1010	30	O	6.93	C	-		
1010	31	O	6.93	C	-		
1010	32	O	6.93	T	-		
1010	33	O	6.93	A	-		
1010	34	O	6.93	A	-		
1010	35	O	6.93	A	-		
1010	36	O	6.93	C	-		
1010	37	O	6.93	A	-		
1010	38	O	6.93	C	-		
1010	39	O	6.93	G	-		
1010	40	O	6.93	A	-		
1010	41	O	6.93	A	-		
1010	42	O	6.93	C	-		
1010	43	O	6.93	T	-		
1010	44	O	6.93	T	-		
1010	45	O	6.93	T	-		
1010	46	O	6.93	G	-		
1010	47	O	6.93	A	-		
1010	48	O	6.93	C	-		
1010	49	O	6.93	C	-		
1010	50	O	6.93	A	-		
1010	51	O	6.93	T	-		
1010	52	O	6.93	T	-		
1010	53	O	6.93	T	-		
1010	54	O	6.93	C	-		
1010	55	O	6.93	G	-		
1010	56	O	6.93	A	-		
1010	57	O	6.93	T	-		
1010	58	O	6.93	T	-		
1010	59	O	6.93	C	-		
1010	60	O	6.93	A	-		
1010	61	O	6.93	A	-		
1010	62	O	6.93	G	-		
1010	63	O	6.93	C	-		
1010	64	O	6.93	T	-		
1010	65	O	6.93	T	-		
1010	66	O	6.93	T	-		
1010	67	O	6.93	G	-		
1010	68	O	6.93	G	-		
1010	69	O	6.93	T	-		
1010	70	O	6.93	G	-		
1010	71	O	6.93	T	-		
1010	72	O	6.93	T	-		
1010	73	O	6.93	T	-		
1010	74	O	6.93	T	-		
1010	75	O	6.93	G	-		
1010	76	O	6.93	G	-		
1010	77	O	6.93	C	-		
1010	78	O	6.93	T	-		
1010	79	O	6.93	C	-		
1010	80	O	6.93	C	-		
1010	81	O	6.93	T	-		
1010	82	O	6.93	A	-		
1010	83	O	6.93	T	-		
1010	84	O	6.93	C	-		
1010	85	O	6.93	A	-		
1010	86	O	6.93	A	-		
1010	87	O	6.93	C	-		
1010	88	O	6.93	A	-		
1010	89	O	6.93	T	-		
1010	90	O	6.93	A	-		
1010	91	O	6.93	G	-		
1010	92	O	6.93	C	-		
1010	93	O	6.93	G	-		
1010	94	O	6.93	G	-		
1010	95	O	6.93	T	-		
1010	96	O	6.93	C	-		
1010	97	O	6.93	T	-		
1010	98	O	6.93	A	-		
1010	99	O	6.93	C	-		
1010	100	O	6.93	G	-		
1010	101	O	6.93	G	-		
1010	102	O	6.93	C	-		
1010	103	O	6.93	A	-		
1010	104	O	6.93	G	-		
1010	105	O	6.93	C	-		
1010	106	O	6.93	T	-		
1010	107	O	6.93	T	-		
1010	108	O	6.93	G	-		
1010	109	O	6.93	T	-		
1011	0	O	11.09	G	-		
1011	1	O	11.09	A	-		
1011	2	O	11.09	A	-		
1011	3	O	11.09	A	-		
1011	4	O	11.09	G	-		
1011	5	O	11.09	C	-		
1011	6	O	11.09	G	-		
1011	7	O	11.09	A	-		
1011	8	O	11.09	A	-		
1011	9	O	11.09	C	-		
1011	10	O	11.09	A	-		
1011	11	O	11.09	T	-		
1011	12	O	11.09	C	-		
1011	13	O	11.09	G	-		
1011	14	O	11.09	G	-		
1011	15	O	11.09	A	-		
1011	16	O	11.09	T	-		
1011	17	O	11.09	T	-		
1011	18	O	11.09	C	-		
1011	19	O	11.09	G	-		
1011	20	O	11.09	C	-		
1011	21	O	11.09	G	-		
1011	22	O	11.09	T	-		
1011	23	O	11.09	T	-		
1011	24	O	11.09	C	-		
1011	25	O	11.09	G	-		
1011	26	O	11.09	A	-		
1011	27	O	11.09	A	-		
1011	28	O	11.09	T	-		
1011	29	O	11.09	T	-		
1011	30	O	11.09	G	-		
1011	31	O	11.09	A	-		
1011	32	O	11.09	A	-		
1011	33	O	11.09	G	-		
1011	34	O	11.09	G	-		
1011	35	O	11.09	C	-		
1011	36	O	11.09	G	-		
1011	37	O	11.09	T	-		
1011	38	O	11.09	C	-		
1011	39	O	11.09	A	-		
1011	40	O	11.09	T	-		
1011	41	O	11.09	C	-		
1011	42	O	11.09	C	-		
1011	43	O	11.09	C	-		
1011	44	O	11.09	T	-		
1011	45	O	11.09	T	-		
1011	46	O	11.09	G	-		
1011	47	O	11.09	A	-		
1011	48	O	11.09	T	-		
1011	49	O	11.09	C	-		
1011	50	O	11.09	G	-		
1011	51	O	11.09	T	-		
1011	52	O	11.09	C	-		
1011	53	O	11.09	A	-		
1011	54	O	11.09	T	-		
1011	55	O	11.09	C	-		
1011	56	O	11.09	G	-		
1011	57	O	11.09	A	-		
1011	58	O	11.09	T	-		
1011	59	O	11.09	C	-		
1011	60	O	11.09	G	-		
1011	61	O	11.09	A	-		
1011	62	O	11.09	G	-		
1011	63	O	11.09	T	-		
1011	64	O	11.09	A	-		
1011	65	O	11.09	C	-		
1011	66	O	11.09	C	-		
1011	67	O	11.09	T	-		
1011	68	O	11.09	A	-		
1011	69	O	11.09	A	-		
1011	70	O	11.09	C	-		
1011	71	O	11.09	A	-		
1011	72	O	11.09	T	-		
1011	73	O	11.09	C	-		
1011	74	O	11.09	A	-		
1011	75	O	11.09	A	-		
1011	76	O	11.09	T	-		
1011	77	O	11.09	T	-		
1011	78	O	11.09	G	-		
1011	79	O	11.09	A	-		
1011	80	O	11.09	C	-		
1011	81	O	11.09	G	-		
1011	82	O	11.09	C	-		
1011	83	O	11.09	G	-		
1011	84	O	11.09	T	-		
1011	85	O	11.09	A	-		
1011	86	O	11.09	G	-		
1011	87	O	11.09	A	-		
1011	88	O	11.09	C	-		
1011	89	O	11.09	A	-		
1011	90	O	11.09	G	-		
1011	91	O	11.09	G	-		
1011	92	O	11.09	C	-		
1011	93	O	11.09	A	-		
1011	94	O	11.09	T	-		
1011	95	O	11.09	C	-		
1011	96	O	11.09	A	-		
1011	97	O	11.09	C	-		
1011	98	O	11.09	A	-		
1011	99	O	11.09	A	-		
1011	100	O	11.09	G	-		
1011	101	O	11.09	G	-		
1011	102	O	11.09	T	-		
1011	103	O	11.09	A	-		
1011	104	O	11.09	T	-		
1011	105	O	11.09	A	-		
1011	106	O	11.09	A	-		
1011	107	O	11.09	C	-		
1011	108	O	11.09	T	-		
1011	109	O	11.09	C	-		
1012	0	O	11.09	G	-		
1012	1	O	11.09	C	-		
1012	2	O	11.09	A	-		
1012	3	O	11.09	T	-		
1012	4	O	11.09	G	-		
1012	5	O	11.09	T	-		
1012	6	O	11.09	C	-		
1012	7	O	11.09	C	-		
1012	8	O	11.09	G	-		
1012	9	O	11.09	A	-		
1012	10	O	11.09	C	-		
1012	11	O	11.09	C	-		
1012	12	O	11.09	T	-		
1012	13	O	11.09	G	-		
1012	14	O	11.09	G	-		
1012	15	O	11.09	C	-		
1012	16	O	11.09	C	-		
1012	17	O	11.09	G	-		
1012	18	O	11.09	C	-		
1012	19	O	11.09	G	-		
1012	20	O	11.09	C	-		
1012	21	O	11.09	C	-		
1012	22	O	11.09	C	-		
1012	23	O	11.09	A	-		
1012	24	O	11.09	T	-		
1012	25	O	11.09	C	-		
1012	26	O	11.09	C	-		
1012	27	O	11.09	T	-		
1012	28	O	11.09	G	-		
1012	29	O	11.09	T	-		
1012	30	O	11.09	A	-		
1012	31	O	11.09	C	-		
1012	32	O	11.09	G	-		
1012	33	O	11.09	T	-		
1012	34	O	11.09	G	-		
1012	35	O	11.09	T	-		
1012	36	O	11.09	T	-		
1012	37	O	11.09	C	-		
1012	38	O	11.09	A	-		
1012	39	O	11.09	A	-		
1012	40	O	11.09	T	-		
1012	41	O	11.09	G	-		
1012	42	O	11.09	G	-		
1012	43	O	11.09	G	-		
1012	44	O	11.09	G	-		
1012	45	O	11.09	A	-		
1012	46	O	11.09	T	-		
1012	47	O	11.09	C	-		
1012	48	O	11.09	C	-		
1012	49	O	11.09	A	-		
1012	50	O	11.09	G	-		
1012	51	O	11.09	T	-		
1012	52	O	11.09	C	-		
1012	53	O	11.09	A	-		
1012	54	O	11.09	A	-		
1012	55	O	11.09	G	-		
1012	56	O	11.09	T	-		
1012	57	O	11.09	C	-		
1012	58	O	11.09	G	-		
1012	59	O	11.09	T	-		
1012	60	O	11.09	T	-		
1012	61	O	11.09	C	-		
1012	62	O	11.09	T	-		
1012	63	O	11.09	G	-		
1012	64	O	11.09	G	-		
1012	65	O	11.09	G	-		
1012	66	U	2.86	T	G		
1012	67	O	11.09	G	-		
1012	68	O	11.09	T	-		
1012	69	O	11.09	T	-		
1012	70	O	11.09	T	-		
1012	71	O	11.09	G	-		
1012	72	O	11.09	T	-		
1012	73	O	11.09	G	-		
1012	74	O	11.09	G	-		
1012	75	O	11.09	A	-		
1012	76	O	11.09	G	-		
1012	77	O	11.09	G	-		
1012	78	O	11.09	T	-		
1012	79	O	11.09	G	-		
1012	80	O	11.09	A	-		
1012	81	O	11.09	T	-		
1012	82	O	11.09	G	-		
1012	83	O	11.09	A	-		
1012	84	O	11.09	A	-		
1012	85	O	11.09	G	-		
1012	86	O	11.09	C	-		
1012	87	O	11.09	T	-		
1012	88	O	11.09	G	-		
1012	89	O	11.09	T	-		
1012	90	O	11.09	T	-		
1012	91	O	11.09	T	-		
1012	92	O	11.09	A	-		
1012	93	O	11.09	G	-		
1012	94	O	11.09	G	-		
1012	95	O	11.09	C	-		
1012	96	O	11.09	G	-		
1012	97	O	11.09	A	-		
1012	98	O	11.09	A	-		
1012	99	O	11.09	A	-		
1012	100	O	11.09	C	-		
1012	101	O	11.09	T	-		
1012	102	O	11.09	T	-		
1012	103	O	11.09	T	-		
1012	104	O	11.09	G	-		
1012	105	O	11.09	A	-		
1012	106	O	11.09	G	-		
1012	107	O	11.09	T	-		
1012	108	O	11.09	A	-		
1012	109	O	11.09	C	-		
1013	0	O	16.64	G	-		
1013	1	O	16.64	T	-		
1013	2	O	16.64	C	-		
1013	3	O	16.64	T	-		
1013	4	O	16.64	T	-		
1013	5	O	16.64	G	-		
1013	6	O	16.64	A	-		
1013	7	O	16.64	C	-		
1013	8	O	16.64	A	-		
1013	9	O	16.64	T	-		
1013	10	O	16.64	C	-		
1013	11	O	16.64	G	-		
1013	12	O	16.64	A	-		
1013	13	O	16.64	G	-		
1013	14	O	16.64	C	-		
1013	15	O	16.64	A	-		
1013	16	O	16.64	A	-		
1013	17	O	16.64	A	-		
1013	18	O	16.64	C	-		
1013	19	O	16.64	A	-		
1013	20	O	16.64	T	-		
1013	21	O	16.64	T	-		
1013	22	O	16.64	C	-		
1013	23	O	16.64	G	-		
1013	24	O	16.64	C	-		
1013	25	O	16.64	G	-		
1013	26	O	16.64	G	-		
1013	27	O	16.64	A	-		
1013	28	O	16.64	C	-		
1013	29	O	16.64	T	-		
1013	30	O	16.64	T	-		
1013	31	O	16.64	G	-		
1013	32	O	16.64	G	-		
1013	33	O	16.64	T	-		
1013	34	O	16.64	A	-		
1013	35	O	16.64	C	-		
1013	36	O	16.64	C	-		
1013	37	O	16.64	A	-		
1013	38	O	16.64	C	-		
1013	39	O	16.64	T	-		
1013	40	O	16.64	T	-		
1013	41	O	16.64	G	-		
1013	42	O	16.64	A	-		
1013	43	O	16.64	C	-		
1013	44	O	16.64	C	-		
1013	45	O	16.64	T	-		
1013	46	O	16.64	T	-		
1013	47	O	16.64	T	-		
1013	48	O	16.64	T	-		
1013	49	O	16.64	T	-		
1013	50	O	16.64	G	-		
1013	51	O	16.64	T	-		
1013	52	O	16.64	C	-		
1013	53	O	16.64	T	-		
1013	54	O	16.64	T	-		
1013	55	O	16.64	C	-		
1013	56	O	16.64	C	-		
1013	57	O	16.64	A	-		
1013	58	O	16.64	G	-		
1013	59	O	7.55	A	-		
1013	60	O	16.64	C	-		
1013	61	O	16.64	C	-		
1013	62	O	16.64	G	-		
1013	63	O	16.64	G	-		
1013	64	O	16.64	T	-		
1013	65	O	16.64	G	-		
1013	66	O	8.31	T	-		
1013	67	O	16.64	T	-		
1013	68	O	16.64	G	-		
1013	69	O	16.64	T	-		
1013	70	O	16.64	T	-		
1013	71	O	16.64	G	-		
1013	72	O	16.64	A	-		
1013	73	O	16.64	G	-		
1013	74	O	16.64	T	-		
1013	75	O	16.64	C	-		
1013	76	O	16.64	T	-		
1013	77	O	16.64	G	-		
1013	78	O	16.64	A	-		
1013	79	O	16.64	T	-		
1013	80	O	16.64	C	-		
1013	81	O	16.64	C	-		
1013	82	O	16.64	T	-		
1013	83	O	16.64	G	-		
1013	84	O	16.64	T	-		
1013	85	O	16.64	C	-		
1013	86	O	16.64	G	-		
1013	87	O	16.64	A	-		
1013	88	O	16.64	T	-		
1013	89	O	16.64	A	-		
1013	90	O	16.64	C	-		
1013	91	O	16.64	A	-		
1013	92	O	16.64	C	-		
1013	93	O	16.64	A	-		
1013	94	O	16.64	C	-		
1013	95	O	16.64	G	-		
1013	96	O	16.64	T	-		
1013	97	O	16.64	A	-		
1013	98	O	16.64	T	-		
1013	99	O	16.64	T	-		
1013	100	O	16.64	T	-		
1013	101	O	16.64	C	-		
1013	102	O	16.64	T	-		
1013	103	O	16.64	C	-		
1013	104	O	16.64	A	-		
1013	105	O	16.64	C	-		
1013	106	O	16.64	G	-		
1013	107	O	16.64	A	-		
1013	108	O	16.64	T	-		
1013	109	O	16.64	C	-		
1014	0	O	6.93	C	-		
1014	1	O	6.93	A	-		
1014	2	O	6.93	T	-		
1014	3	O	6.93	A	-		
1014	4	O	6.93	T	-		
1014	5	O	6.93	C	-		
1014	6	O	6.93	T	-		
1014	7	O	6.93	G	-		
1014	8	O	6.93	T	-		
1014	9	O	6.93	G	-		
1014	10	O	6.93	G	-		
1014	11	O	6.93	G	-		
1014	12	O	6.93	G	-		
1014	13	O	6.93	A	-		
1014	14	O	6.93	T	-		
1014	15	O	6.93	T	-		
1014	16	O	6.93	T	-		
1014	17	O	6.93	G	-		
1014	18	O	6.93	A	-		
1014	19	O	6.93	C	-		
1014	20	O	6.93	A	-		
1014	21	O	6.93	T	-		
1014	22	O	6.93	A	-		
1014	23	O	6.93	T	-		
1014	24	O	6.93	G	-		
1014	25	O	6.93	C	-		
1014	26	O	6.93	A	-		
1014	27	O	6.93	T	-		
1014	28	O	6.93	C	-		
1014	29	O	6.93	T	-		
1014	30	O	6.93	G	-		
1014	31	O	6.93	G	-		
1014	32	O	6.93	A	-		
1014	33	O	6.93	A	-		
1014	34	O	6.93	G	-		
1014	35	O	6.93	A	-		
1014	36	O	6.93	A	-		
1014	37	O	6.93	C	-		
1014	38	O	6.93	C	-		
1014	39	O	6.93	A	-		
1014	40	O	6.93	C	-		
1014	41	O	6.93	T	-		
1014	42	O	6.93	T	-		
1014	43	O	6.93	G	-		
1014	44	O	6.93	A	-		
1014	45	O	6.93	A	-		
1014	46	O	6.93	T	-		
1014	47	O	6.93	C	-		
1014	48	O	6.93	C	-		
1014	49	O	6.93	A	-		
1014	50	O	6.93	T	-		
1014	51	O	6.93	T	-		
1014	52	O	6.93	G	-		
1014	53	O	6.93	A	-		
1014	54	O	6.93	C	-		
1014	55	O	6.93	A	-		
1014	56	O	6.93	T	-		
1014	57	O	6.93	G	-		
1014	58	O	6.93	G	-		
1014	59	O	6.93	C	-		
1014	60	O	6.93	C	-		
1014	61	O	6.93	T	-		
1014	62	O	6.93	G	-		
1014	63	O	6.93	A	-		
1014	64	O	6.93	A	-		
1014	65	O	6.93	A	-		
1014	66	O	6.93	T	-		
1014	67	O	6.93	A	-		
1014	68	O	6.93	T	-		
1014	69	O	6.93	T	-		
1014	70	O	6.93	G	-		
1014	71	O	6.93	C	-		
1014	72	O	6.93	G	-		
1014	73	O	6.93	C	-		
1014	74	O	6.93	C	-		
1014	75	O	6.93	A	-		
1014	76	O	6.93	G	-		
1014	77	O	6.93	T	-		
1014	78	O	6.93	T	-		
1014	79	O	6.93	T	-		
1014	80	O	6.93	G	-		
1014	81	O	6.93	C	-		
1014	82	O	6.93	A	-		
1014	83	O	6.93	C	-		
1014	84	O	6.93	T	-		
1014	85	O	6.93	A	-		
1014	86	O	6.93	T	-		
1014	87	O	6.93	C	-		
1014	88	O	6.93	A	-		
1014	89	O	6.93	G	-		
1014	90	O	6.93	C	-		
1014	91	O	6.93	A	-		
1014	92	O	6.93	G	-		
1014	93	O	6.93	G	-		
1014	94	O	6.93	T	-		
1014	95	O	6.93	T	-		
1014	96	O	6.93	T	-		
1014	97	O	6.93	T	-		
1014	98	O	6.93	G	-		
1014	99	O	6.93	G	-		
1014	100	O	6.93	G	-		
1014	101	O	6.93	C	-		
1014	102	O	6.93	C	-		
1014	103	O	6.93	G	-		
1014	104	O	6.93	C	-		
1014	105	O	6.93	A	-		
1014	106	O	6.93	G	-		
1014	107	O	6.93	T	-		
1014	108	O	6.93	T	-		
1014	109	O	6.93	G	-		
1015	0	O	8.32	C	-		
1015	1	O	8.32	T	-		
1015	2	O	8.32	C	-		
1015	3	O	8.32	G	-		
1015	4	O	8.32	A	-		
1015	5	O	8.32	G	-		
1015	6	O	8.32	G	-		
1015	7	O	8.32	C	-		
1015	8	O	8.32	C	-		
1015	9	O	8.32	G	-		
1015	10	O	8.32	C	-		
1015	11	O	8.32	A	-		
1015	12	O	8.32	T	-		
1015	13	O	8.32	G	-		
1015	14	O	8.32	T	-		
1015	15	O	8.32	G	-		
1015	16	O	8.32	T	-		
1015	17	O	8.32	A	-		
1015	18	O	8.32	T	-		
1015	19	O	8.32	G	-		
1015	20	O	8.32	C	-		
1015	21	O	8.32	G	-		
1015	22	O	8.32	G	-		
1015	23	O	8.32	C	-		
1015	24	O	8.32	G	-		
1015	25	O	8.32	A	-		
1015	26	O	8.32	T	-		
1015	27	O	8.32	G	-		
1015	28	O	8.32	G	-		
1015	29	O	8.32	A	-		
1015	30	O	8.32	A	-		
1015	31	O	8.32	G	-		
1015	32	O	8.32	T	-		
1015	33	O	8.32	G	-		
1015	34	O	8.32	A	-		
1015	35	O	8.32	C	-		
1015	36	O	8.32	T	-		
1015	37	O	8.32	G	-		
1015	38	O	8.32	C	-		
1015	39	O	8.32	G	-		
1015	40	O	8.32	G	-		
1015	41	O	8.32	G	-		
1015	42	O	8.32	T	-		
1015	43	O	8.32	G	-		
1015	44	O	8.32	T	-		
1015	45	O	8.32	A	-		
1015	46	O	8.32	G	-		
1015	47	O	8.32	G	-		
1015	48	O	8.32	T	-		
1015	49	O	8.32	G	-		
1015	50	O	8.32	C	-		
1015	51	O	8.32	G	-		
1015	52	O	8.32	A	-		
1015	53	O	8.32	A	-		
1015	54	O	8.32	T	-		
1015	55	O	8.32	G	-		
1015	56	O	8.32	T	-		
1015	57	O	8.32	T	-		
1015	58	O	8.32	T	-		
1015	59	O	8.32	C	-		
1015	60	O	8.32	C	-		
1015	61	O	8.32	T	-		
1015	62	O	8.32	A	-		
1015	63	O	8.32	T	-		
1015	64	O	8.32	G	-		
1015	65	O	8.32	C	-		
1015	66	O	8.32	C	-		
1015	67	O	8.32	G	-		
1015	68	O	8.32	A	-		
1015	69	O	8.32	T	-		
1015	70	O	8.32	A	-		
1015	71	O	8.32	C	-		
1015	72	O	8.32	T	-		
1015	73	O	8.32	C	-		
1015	74	O	8.32	C	-		
1015	75	O	8.32	T	-		
1015	76	O	8.32	G	-		
1015	77	O	8.32	G	-		
1015	78	O	8.32	C	-		
1015	79	O	8.32	A	-		
1015	80	O	8.32	A	-		
1015	81	O	8.32	G	-		
1015	82	O	8.32	A	-		
1015	83	O	8.32	A	-		
1015	84	O	8.32	C	-		
1015	85	O	8.32	T	-		
1015	86	O	8.32	C	-		
1015	87	O	8.32	A	-		
1015	88	O	8.32	A	-		
1015	89	O	8.32	A	-		
1015	90	O	8.32	G	-		
1015	91	O	8.32	G	-		
1015	92	O	8.32	C	-		
1015	93	O	8.32	G	-		
1015	94	O	8.32	G	-		
1015	95	O	8.32	C	-		
1015	96	O	8.32	A	-		
1015	97	O	8.32	G	-		
1015	98	O	8.32	T	-		
1015	99	O	8.32	G	-		
1015	100	O	8.32	A	-		
1015	101	O	8.32	T	-		
1015	102	O	8.32	T	-		
1015	103	O	8.32	C	-		
1015	104	O	8.32	A	-		
1015	105	O	8.32	A	-		
1015	106	O	8.32	G	-		
1015	107	O	8.32	A	-		
1015	108	O	8.32	C	-		
1015	109	O	8.32	A	-		
1016	0	O	30.50	G	-		
1016	1	O	30.50	G	-		
1016	2	O	30.50	C	-		
1016	3	O	30.50	C	-		
1016	4	O	30.50	G	-		
1016	5	O	30.50	A	-		
1016	6	O	30.50	G	-		
1016	7	O	30.50	C	-		
1016	8	O	30.50	A	-		
1016	9	O	30.50	G	-		
1016	10	O	30.50	G	-		
1016	11	O	30.50	T	-		
1016	12	O	30.50	G	-		
1016	13	O	30.50	A	-		
1016	14	O	30.50	T	-		
1016	15	O	30.50	T	-		
1016	16	O	30.50	T	-		
1016	17	O	30.50	G	-		
1016	18	O	30.50	C	-		
1016	19	O	30.50	G	-		
1016	20	O	30.50	C	-		
1016	21	O	30.50	G	-		
1016	22	O	30.50	A	-		
1016	23	O	30.50	T	-		
1016	24	O	30.50	G	-		
1016	25	O	30.50	C	-		
1016	26	O	30.50	C	-		
1016	27	O	30.50	G	-		
1016	28	O	30.50	C	-		
1016	29	O	30.50	C	-		
1016	30	O	30.50	G	-		
1016	31	O	30.50	C	-		
1016	32	O	30.50	A	-		
1016	33	O	30.50	C	-		
1016	34	O	30.50	C	-		
1016	35	O	30.50	T	-		
1016	36	O	30.50	G	-		
1016	37	O	30.50	T	-		
1016	38	O	30.50	T	-		
1016	39	O	30.50	G	-		
1016	40	O	30.50	C	-		
1016	41	O	30.50	T	-		
1016	42	O	30.50	C	-		
1016	43	O	30.50	A	-		
1016	44	O	30.50	A	-		
1016	45	O	30.50	G	-		
1016	46	O	30.50	A	-		
1016	47	O	30.50	T	-		
1016	48	O	30.50	C	-		
1016	49	O	30.50	C	-		
1016	50	O	30.50	A	-		
1016	51	O	30.50	C	-		
1016	52	O	30.50	C	-		
1016	53	O	30.50	A	-		
1016	54	O	30.50	C	-		
1016	55	O	30.50	G	-		
1016	56	O	30.50	A	-		
1016	57	O	30.50	G	-		
1016	58	O	30.50	C	-		
1016	59	O	30.50	C	-		
1016	60	O	30.50	T	-		
1016	61	O	30.50	G	-		
1016	62	O	30.50	C	-		
1016	63	O	30.50	G	-		
1016	64	O	30.50	C	-		
1016	65	O	30.50	T	-		
1016	66	O	30.50	G	-		
1016	67	O	30.50	C	-		
1016	68	O	30.50	C	-		
1016	69	O	30.50	G	-		
1016	70	O	30.50	G	-		
1016	71	O	30.50	C	-		
1016	72	O	30.50	G	-		
1016	73	O	30.50	G	-		
1016	74	O	30.50	C	-		
1016	75	O	30.50	C	-		
1016	76	O	30.50	A	-		
1016	77	O	30.50	A	-		
1016	78	O	30.50	G	-		
1016	79	O	30.50	G	-		
1016	80	O	30.50	G	-		
1016	81	O	30.50	C	-		
1016	82	O	30.50	C	-		
1016	83	O	30.50	A	-		
1016	84	O	30.50	G	-		
1016	85	O	30.50	C	-		
1016	86	O	30.50	T	-		
1016	87	O	30.50	G	-		
1016	88	O	30.50	T	-		
1016	89	O	30.50	G	-		
1016	90	O	30.50	C	-		
1016	91	O	30.50	C	-		
1016	92	O	30.50	A	-		
1016	93	O	30.50	G	-		
1016	94	O	30.50	C	-		
1016	95	O	30.50	G	-		
1016	96	O	30.50	C	-		
1016	97	O	30.50	T	-		
1016	98	O	30.50	C	-		
1016	99	O	30.50	G	-		
1016	100	O	30.50	C	-		
1016	101	O	30.50	C	-		
1016	102	O	30.50	C	-		
1016	103	O	30.50	A	-		
1016	104	O	30.50	T	-		
1016	105	O	30.50	G	-		
1016	106	O	30.50	G	-		
1016	107	O	30.50	G	-		
1016	108	O	30.50	C	-		
1016	109	O	30.50	C	-		
1017	0	O	5.55	A	-		
1017	1	O	5.55	T	-		
1017	2	O	5.55	G	-		
1017	3	O	5.55	T	-		
1017	4	O	5.55	G	-		
1017	5	O	5.55	G	-		
1017	6	O	5.55	T	-		
1017	7	O	5.55	T	-		
1017	8	O	5.55	A	-		
1017	9	O	5.55	C	-		
1017	10	O	5.55	T	-		
1017	11	O	5.55	G	-		
1017	12	O	5.55	A	-		
1017	13	O	5.55	G	-		
1017	14	O	5.55	A	-		
1017	15	O	5.55	A	-		
1017	16	O	5.55	T	-		
1017	17	O	5.55	G	-		
1017	18	O	5.55	A	-		
1017	19	O	5.55	T	-		
1017	20	O	5.55	T	-		
1017	21	O	5.55	T	-		
1017	22	O	5.55	T	-		
1017	23	O	5.55	G	-		
1017	24	O	5.55	A	-		
1017	25	O	5.55	G	-		
1017	26	O	5.55	A	-		
1017	27	O	5.55	A	-		
1017	28	O	5.55	G	-		
1017	29	O	5.55	A	-		
1017	30	O	5.55	G	-		
1017	31	O	5.55	G	-		
1017	32	O	5.55	C	-		
1017	33	O	5.55	T	-		
1017	34	O	5.55	T	-		
1017	35	O	5.55	C	-		
1017	36	O	5.55	T	-		
1017	37	O	5.55	T	-		
1017	38	O	5.55	G	-		
1017	39	O	5.55	C	-		
1017	40	O	5.55	G	-		
1017	41	O	5.55	G	-		
1017	42	O	5.55	A	-		
1017	43	O	5.55	T	-		
1017	44	O	5.55	G	-		
1017	45	O	5.55	T	-		
1017	46	O	5.55	C	-		
1017	47	O	5.55	A	-		
1017	48	O	5.55	T	-		
1017	49	O	5.55	T	-		
1017	50	O	5.55	C	-		
1017	51	O	5.55	C	-		
1017	52	O	5.55	G	-		
1017	53	O	5.55	C	-		
1017	54	O	5.55	C	-		
1017	55	O	5.55	A	-		
1017	56	O	5.55	A	-		
1017	57	O	5.55	G	-		
1017	58	O	5.55	T	-		
1017	59	O	5.55	G	-		
1017	60	O	5.55	A	-		
1017	61	O	5.55	T	-		
1017	62	O	5.55	A	-		
1017	63	O	5.55	T	-		
1017	64	O	5.55	T	-		
1017	65	O	5.55	G	-		
1017	66	O	5.55	G	-		
1017	67	O	5.55	G	-		
1017	68	O	5.55	G	-		
1017	69	O	5.55	T	-		
1017	70	O	5.55	T	-		
1017	71	O	5.55	A	-		
1017	72	O	5.55	C	-		
1017	73	O	5.55	T	-		
1017	74	O	5.55	T	-		
1017	75	O	5.55	T	-		
1017	76	O	5.55	T	-		
1017	77	O	5.55	G	-		
1017	78	O	5.55	A	-		
1017	79	O	5.55	T	-		
1017	80	O	5.55	G	-		
1017	81	O	5.55	A	-		
1017	82	O	5.55	T	-		
1017	83	O	5.55	A	-		
1017	84	O	5.55	T	-		
1017	85	O	5.55	T	-		
1017	86	O	5.55	G	-		
1017	87	O	5.55	G	-		
1017	88	O	5.55	A	-		
1017	89	O	5.55	G	-		
1017	90	O	5.55	C	-		
1017	91	O	5.55	G	-		
1017	92	O	5.55	T	-		
1017	93	O	5.55	T	-		
1017	94	O	5.55	A	-		
1017	95	O	5.55	G	-		
1017	96	O	5.55	A	-		
1017	97	O	5.55	G	-		
1017	98	O	5.55	A	-		
1017	99	O	5.55	A	-		
1017	100	O	5.55	T	-		
1017	101	O	5.55	G	-		
1017	102	O	5.55	T	-		
1017	103	O	5.55	G	-		
1017	104	O	5.55	A	-		
1017	105	O	5.55	A	-		
1017	106	O	5.55	A	-		
1017	107	O	5.55	G	-		
1017	108	O	5.55	A	-		
1017	109	O	5.55	T	-		
1018	0	O	11.09	A	-		
1018	1	O	11.09	A	-		
1018	2	O	11.09	C	-		
1018	3	O	11.09	G	-		
1018	4	O	11.09	C	-		
1018	5	O	11.09	A	-		
1018	6	O	11.09	G	-		
1018	7	O	11.09	C	-		
1018	8	O	11.09	C	-		
1018	9	O	11.09	C	-		
1018	10	O	11.09	T	-		
1018	11	O	11.09	G	-		
1018	12	O	11.09	G	-		
1018	13	O	11.09	T	-		
1018	14	O	11.09	A	-		
1018	15	O	11.09	A	-		
1018	16	O	11.09	G	-		
1018	17	O	11.09	A	-		
1018	18	O	11.09	T	-		
1018	19	O	11.09	G	-		
1018	20	O	11.09	C	-		
1018	21	O	11.09	G	-		
1018	22	O	11.09	A	-		
1018	23	O	11.09	G	-		
1018	24	O	11.09	A	-		
1018	25	O	11.09	C	-		
1018	26	O	11.09	A	-		
1018	27	O	11.09	T	-		
1018	28	O	11.09	C	-		
1018	29	O	11.09	C	-		
1018	30	O	11.09	T	-		
1018	31	O	11.09	T	-		
1018	32	O	11.09	G	-		
1018	33	O	11.09	G	-		
1018	34	O	11.09	T	-		
1018	35	O	11.09	A	-		
1018	36	O	11.09	A	-		
1018	37	O	11.09	C	-		
1018	38	O	11.09	G	-		
1018	39	O	11.09	G	-		
1018	40	O	11.09	T	-		
1018	41	O	11.09	A	-		
1018	42	O	11.09	A	-		
1018	43	O	11.09	A	-		
1018	44	O	11.09	C	-		
1018	45	O	11.09	T	-		
1018	46	O	11.09	G	-		
1018	47	O	11.09	C	-		
1018	48	O	11.09	C	-		
1018	49	O	11.09	C	-		
1018	50	O	11.09	A	-		
1018	51	O	11.09	A	-		
1018	52	O	11.09	A	-		
1018	53	O	11.09	A	-		
1018	54	O	11.09	G	-		
1018	55	O	11.09	C	-		
1018	56	O	11.09	A	-		
1018	57	O	11.09	C	-		
1018	58	O	11.09	T	-		
1018	59	O	11.09	C	-		
1018	60	O	11.09	C	-		
1018	61	O	11.09	A	-		
1018	62	O	11.09	T	-		
1018	63	O	11.09	C	-		
1018	64	O	11.09	C	-		
1018	65	O	11.09	A	-		
1018	66	O	11.09	G	-		
1018	67	O	11.09	C	-		
1018	68	O	11.09	A	-		
1018	69	O	11.09	G	-		
1018	70	O	11.09	G	-		
1018	71	O	11.09	A	-		
1018	72	O	11.09	T	-		
1018	73	O	11.09	G	-		
1018	74	O	11.09	T	-		
1018	75	O	11.09	A	-		
1018	76	O	11.09	C	-		
1018	77	O	11.09	G	-		
1018	78	O	11.09	A	-		
1018	79	O	11.09	T	-		
1018	80	O	11.09	T	-		
1018	81	O	11.09	C	-		
1018	82	O	11.09	T	-		
1018	83	O	11.09	C	-		
1018	84	O	11.09	T	-		
1018	85	O	11.09	C	-		
1018	86	O	11.09	C	-		
1018	87	O	11.09	G	-		
1018	88	O	11.09	T	-		
1018	89	O	11.09	G	-		
1018	90	O	11.09	A	-		
1018	91	O	11.09	T	-		
1018	92	O	11.09	C	-		
1018	93	O	11.09	T	-		
1018	94	O	11.09	T	-		
1018	95	O	11.09	T	-		
1018	96	O	11.09	G	-		
1018	97	O	11.09	A	-		
1018	98	O	11.09	T	-		
1018	99	O	11.09	C	-		
1018	100	O	11.09	G	-		
1018	101	O	11.09	A	-		
1018	102	O	11.09	T	-		
1018	103	O	11.09	C	-		
1018	104	O	11.09	A	-		
1018	105	O	11.09	A	-		
1018	106	O	11.09	A	-		
1018	107	O	11.09	A	-		
1018	108	O	11.09	G	-		
1018	109	O	11.09	C	-		
1019	0	O	5.55	A	-		
1019	1	O	5.55	A	-		
1019	2	O	5.55	G	-		
1019	3	O	5.55	T	-		
1019	4	O	5.55	G	-		
1019	5	O	5.55	C	-		
1019	6	O	5.55	C	-		
1019	7	O	5.55	C	-		
1019	8	O	5.55	T	-		
1019	9	O	5.55	T	-		
1019	10	O	5.55	G	-		
1019	11	O	5.55	A	-		
1019	12	O	5.55	A	-		
1019	13	O	5.55	C	-		
1019	14	O	5.55	C	-		
1019	15	O	5.55	A	-		
1019	16	O	5.55	C	-		
1019	17	O	5.55	A	-		
1019	18	O	5.55	A	-		
1019	19	O	5.55	T	-		
1019	20	O	5.55	C	-		
1019	21	O	5.55	A	-		
1019	22	O	5.55	T	-		
1019	23	O	5.55	C	-		
1019	24	O	5.55	C	-		
1019	25	O	5.55	T	-		
1019	26	O	5.55	A	-		
1019	27	O	5.55	C	-		
1019	28	O	5.55	T	-		
1019	29	O	5.55	C	-		
1019	30	O	5.55	A	-		
1019	31	O	5.55	A	-		
1019	32	O	5.55	A	-		
1019	33	O	5.55	G	-		
1019	34	O	5.55	C	-		
1019	35	O	5.55	T	-		
1019	36	O	5.55	T	-		
1019	37	O	5.55	C	-		
1019	38	O	5.55	C	-		
1019	39	O	5.55	A	-		
1019	40	O	5.55	T	-		
1019	41	O	5.55	A	-		
1019	42	O	5.55	A	-		
1019	43	O	5.55	C	-		
1019	44	O	5.55	C	-		
1019	45	O	5.55	A	-		
1019	46	O	5.55	A	-		
1019	47	O	5.55	G	-		
1019	48	O	5.55	A	-		
1019	49	O	5.55	T	-		
1019	50	O	5.55	G	-		
1019	51	O	5.55	A	-		
1019	52	O	5.55	A	-		
1019	53	O	5.55	A	-		
1019	54	O	5.55	A	-		
1019	55	O	5.55	G	-		
1019	56	O	5.55	C	-		
1019	57	O	5.55	A	-		
1019	58	O	5.55	A	-		
1019	59	O	5.55	A	-		
1019	60	O	5.55	G	-		
1019	61	O	5.55	G	-		
1019	62	O	5.55	T	-		
1019	63	O	5.55	G	-		
1019	64	O	5.55	G	-		
1019	65	O	5.55	A	-		
1019	66	O	5.55	A	-		
1019	67	O	5.55	A	-		
1019	68	O	5.55	G	-		
1019	69	O	5.55	G	-		
1019	70	O	5.55	G	-		
1019	71	O	5.55	A	-		
1019	72	O	5.55	T	-		
1019	73	O	5.55	C	-		
1019	74	O	5.55	A	-		
1019	75	O	5.55	A	-		
1019	76	O	5.55	C	-		
1019	77	O	5.55	T	-		
1019	78	O	5.55	T	-		
1019	79	O	5.55	G	-		
1019	80	O	5.55	C	-		
1019	81	O	5.55	C	-		
1019	82	O	5.55	C	-		
1019	83	O	5.55	A	-		
1019	84	O	5.55	A	-		
1019	85	O	5.55	G	-		
1019	86	O	5.55	G	-		
1019	87	O	5.55	C	-		
1019	88	O	5.55	T	-		
1019	89	O	5.55	C	-		
1019	90	O	5.55	C	-		
1019	91	O	5.55	T	-		
1019	92	O	5.55	T	-		
1019	93	O	5.55	G	-		
1019	94	O	5.55	A	-		
1019	95	O	5.55	A	-		
1019	96	O	5.55	G	-		
1019	97	O	5.55	T	-		
1019	98	O	5.55	A	-		
1019	99	O	5.55	T	-		
1019	100	O	5.55	C	-		
1019	101	O	5.55	A	-		
1019	102	O	5.55	A	-		
1019	103	O	5.55	A	-		
1019	104	O	5.55	A	-		
1019	105	O	5.55	A	-		
1019	106	O	5.55	A	-		
1019	107	O	5.55	A	-		
1019	108	O	5.55	C	-		
1019	109	O	5.55	C	-		
1020	0	O	9.70	C	-		
1020	1	O	9.70	T	-		
1020	2	O	9.70	A	-		
1020	3	O	9.70	C	-		
1020	4	O	9.70	C	-		
1020	5	O	9.70	T	-		
1020	6	O	9.70	T	-		
1020	7	O	9.70	C	-		
1020	8	O	9.70	T	-		
1020	9	O	9.70	G	-		
1020	10	O	9.70	C	-		
1020	11	O	9.70	T	-		
1020	12	O	9.70	A	-		
1020	13	O	9.70	T	-		
1020	14	O	9.70	G	-		
1020	15	O	9.70	A	-		
1020	16	O	9.70	G	-		
1020	17	O	9.70	T	-		
1020	18	O	9.70	G	-		
1020	19	O	9.70	C	-		
1020	20	O	9.70	T	-		
1020	21	O	9.70	A	-		
1020	22	O	9.70	G	-		
1020	23	O	9.70	T	-		
1020	24	O	9.70	T	-		
1020	25	O	9.70	T	-		
1020	26	O	9.70	T	-		
1020	27	O	9.70	T	-		
1020	28	O	9.70	A	-		
1020	29	O	9.70	A	-		
1020	30	O	9.70	T	-		
1020	31	O	9.70	T	-		
1020	32	O	9.70	A	-		
1020	33	O	9.70	T	-		
1020	34	O	9.70	T	-		
1020	35	O	9.70	T	-		
1020	36	O	9.70	T	-		
1020	37	O	9.70	T	-		
1020	38	O	9.70	G	-		
1020	39	O	9.70	C	-		
1020	40	O	9.70	T	-		
1020	41	O	9.70	G	-		
1020	42	O	9.70	G	-		
1020	43	O	9.70	T	-		
1020	44	O	9.70	T	-		
1020	45	O	9.70	T	-		
1020	46	O	9.70	G	-		
1020	47	O	9.70	T	-		
1020	48	O	9.70	G	-		
1020	49	O	9.70	G	-		
1020	50	O	9.70	A	-		
1020	51	O	9.70	T	-		
1020	52	O	9.70	G	-		
1020	53	O	9.70	C	-		
1020	54	O	9.70	T	-		
1020	55	O	9.70	A	-		
1020	56	O	9.70	A	-		
1020	57	O	9.70	A	-		
1020	58	O	9.70	T	-		
1020	59	O	9.70	T	-		
1020	60	O	9.70	C	-		
1020	61	O	9.70	A	-		
1020	62	O	9.70	T	-		
1020	63	O	9.70	A	-		
1020	64	O	9.70	T	-		
1020	65	O	9.70	C	-		
1020	66	O	9.70	G	-		
1020	67	O	9.70	G	-		
1020	68	O	9.70	T	-		
1020	69	O	9.70	A	-		
1020	70	O	9.70	A	-		
1020	71	O	9.70	A	-		
1020	72	O	9.70	T	-		
1020	73	O	9.70	A	-		
1020	74	O	9.70	A	-		
1020	75	O	9.70	A	-		
1020	76	O	9.70	C	-		
1020	77	O	9.70	A	-		
1020	78	O	9.70	T	-		
1020	79	O	9.70	A	-		
1020	80	O	9.70	C	-		
1020	81	O	9.70	A	-		
1020	82	O	9.70	G	-		
1020	83	O	9.70	A	-		
1020	84	O	9.70	C	-		
1020	85	O	9.70	A	-		
1020	86	O	9.70	A	-		
1020	87	O	9.70	A	-		
1020	88	O	9.70	A	-		
1020	89	O	9.70	A	-		
1020	90	O	9.70	T	-		
1020	91	O	9.70	A	-		
1020	92	O	9.70	C	-		
1020	93	O	9.70	T	-		
1020	94	O	9.70	T	-		
1020	95	O	9.70	G	-		
1020	96	O	9.70	T	-		
1020	97	O	9.70	C	-		
1020	98	O	9.70	A	-		
1020	99	O	9.70	T	-		
1020	100	O	9.70	G	-		
1020	101	O	9.70	T	-		
1020	102	O	9.70	T	-		
1020	103	O	9.70	C	-		
1020	104	O	9.70	C	-		
1020	105	O	9.70	C	-		
1020	106	O	9.70	G	-		
1020	107	O	9.70	C	-		
1020	108	O	9.70	T	-		
1020	109	O	9.70	A	-		
1021	0	O	8.32	T	-		
1021	1	O	8.32	T	-		
1021	2	O	8.32	C	-		
1021	3	O	8.32	T	-		
1021	4	O	8.32	C	-		
1021	5	O	8.32	A	-		
1021	6	O	8.32	A	-		
1021	7	O	8.32	T	-		
1021	8	O	8.32	G	-		
1021	9	O	8.32	T	-		
1021	10	O	8.32	C	-		
1021	11	O	8.32	G	-		
1021	12	O	8.32	A	-		
1021	13	O	8.32	T	-		
1021	14	O	8.32	C	-		
1021	15	O	8.32	T	-		
1021	16	O	8.32	C	-		
1021	17	O	8.32	G	-		
1021	18	O	8.32	T	-		
1021	19	O	8.32	C	-		
1021	20	O	8.32	G	-		
1021	21	O	8.32	G	-		
1021	22	O	8.32	T	-		
1021	23	O	8.32	G	-		
1021	24	O	8.32	T	-		
1021	25	O	8.32	T	-		
1021	26	O	8.32	G	-		
1021	27	O	8.32	G	-		
1021	28	O	8.32	A	-		
1021	29	O	8.32	G	-		
1021	30	O	8.32	A	-		
1021	31	O	8.32	T	-		
1021	32	O	8.32	G	-		
1021	33	O	8.32	G	-		
1021	34	O	8.32	T	-		
1021	35	O	8.32	G	-		
1021	36	O	8.32	A	-		
1021	37	O	8.32	A	-		
1021	38	O	8.32	C	-		
1021	39	U	0.71	T	A		
1021	40	O	8.32	C	-		
1021	41	O	8.32	G	-		
1021	42	O	8.32	G	-		
1021	43	O	8.32	A	-		
1021	44	O	8.32	G	-		
1021	45	O	8.32	C	-		
1021	46	O	8.32	C	-		
1021	47	O	8.32	G	-		
1021	48	O	8.32	T	-		
1021	49	O	8.32	C	-		
1021	50	O	8.32	C	-		
1021	51	O	8.32	T	-		
1021	52	O	8.32	C	-		
1021	53	O	8.32	G	-		
1021	54	O	8.32	G	-		
1021	55	O	8.32	C	-		
1021	56	O	8.32	T	-		
1021	57	O	8.32	T	-		
1021	58	O	8.32	T	-		
1021	59	O	8.32	G	-		
1021	60	O	8.32	C	-		
1021	61	O	8.32	C	-		
1021	62	O	8.32	G	-		
1021	63	O	8.32	G	-		
1021	64	O	8.32	A	-		
1021	65	O	8.32	C	-		
1021	66	O	8.32	A	-		
1021	67	O	8.32	G	-		
1021	68	O	8.32	G	-		
1021	69	O	8.32	T	-		
1021	70	O	8.32	A	-		
1021	71	O	8.32	G	-		
1021	72	O	8.32	C	-		
1021	73	O	8.32	G	-		
1021	74	O	8.32	G	-		
1021	75	O	8.32	A	-		
1021	76	O	8.32	A	-		
1021	77	O	8.32	C	-		
1021	78	U	0.71	C	G		
1021	79	O	8.32	A	-		
1021	80	O	8.32	G	-		
1021	81	O	8.32	G	-		
1021	82	O	8.32	C	-		
1021	83	O	8.32	G	-		
1021	84	O	8.32	G	-		
1021	85	O	8.32	C	-		
1021	86	O	8.32	G	-		
1021	87	O	8.32	A	-		
1021	88	O	8.32	C	-		
1021	89	O	8.32	G	-		
1021	90	O	8.32	G	-		
1021	91	O	8.32	C	-		
1021	92	O	8.32	G	-		
1021	93	O	8.32	A	-		
1021	94	O	8.32	G	-		
1021	95	O	8.32	C	-		
1021	96	O	8.32	G	-		
1021	97	O	8.32	T	-		
1021	98	O	8.32	C	-		
1021	99	O	8.32	A	-		
1021	100	O	8.32	G	-		
1021	101	O	8.32	G	-		
1021	102	O	8.32	C	-		
1021	103	O	8.32	G	-		
1021	104	O	8.32	G	-		
1021	105	O	8.32	C	-		
1021	106	O	8.32	G	-		
1021	107	O	8.32	C	-		
1021	108	O	8.32	G	-		
1021	109	O	8.32	C	-		
1022	0	O	20.79	A	-		
1022	1	O	20.79	G	-		
1022	2	O	20.79	G	-		
1022	3	O	20.79	G	-		
1022	4	O	20.79	C	-		
1022	5	O	20.79	G	-		
1022	6	O	20.79	G	-		
1022	7	O	20.79	A	-		
1022	8	O	20.79	C	-		
1022	9	O	20.79	G	-		
1022	10	O	20.79	A	-		
1022	11	O	20.79	G	-		
1022	12	O	20.79	T	-		
1022	13	O	20.79	C	-		
1022	14	O	20.79	G	-		
1022	15	O	20.79	A	-		
1022	16	O	20.79	A	-		
1022	17	O	20.79	C	-		
1022	18	O	20.79	A	-		
1022	19	O	20.79	C	-		
1022	20	O	20.79	T	-		
1022	21	O	20.79	T	-		
1022	22	O	20.79	G	-		
1022	23	O	20.79	G	-		
1022	24	O	20.79	C	-		
1022	25	O	20.79	C	-		
1022	26	O	20.79	G	-		
1022	27	O	20.79	C	-		
1022	28	O	20.79	C	-		
1022	29	O	20.79	A	-		
1022	30	O	20.79	T	-		
1022	31	O	20.79	A	-		
1022	32	O	20.79	C	-		
1022	33	O	20.79	T	-		
1022	34	O	20.79	C	-		
1022	35	O	20.79	G	-		
1022	36	O	20.79	C	-		
1022	37	O	20.79	T	-		
1022	38	O	20.79	G	-		
1022	39	O	20.79	C	-		
1022	40	O	20.79	T	-		
1022	41	O	20.79	A	-		
1022	42	O	20.79	G	-		
1022	43	O	20.79	A	-		
1022	44	O	20.79	G	-		
1022	45	O	20.79	T	-		
1022	46	O	20.79	A	-		
1022	47	O	20.79	C	-		
1022	48	O	20.79	C	-		
1022	49	O	20.79	C	-		
1022	50	O	20.79	G	-		
1022	51	O	20.79	C	-		
1022	52	O	20.79	C	-		
1022	53	O	20.79	C	-		
1022	54	O	20.79	A	-		
1022	55	O	20.79	C	-		
1022	56	O	20.79	C	-		
1022	57	O	20.79	G	-		
1022	58	O	20.79	G	-		
1022	59	O	20.79	C	-		
1022	60	O	20.79	G	-		
1022	61	O	20.79	G	-		
1022	62	O	20.79	C	-		
1022	63	O	20.79	T	-		
1022	64	O	20.79	C	-		
1022	65	O	20.79	C	-		
1022	66	O	20.79	G	-		
1022	67	O	20.79	G	-		
1022	68	O	20.79	G	-		
1022	69	O	20.79	C	-		
1022	70	O	20.79	T	-		
1022	71	O	20.79	G	-		
1022	72	O	20.79	A	-		
1022	73	O	20.79	A	-		
1022	74	O	20.79	C	-		
1022	75	O	20.79	C	-		
1022	76	O	20.79	C	-		
1022	77	O	20.79	G	-		
1022	78	O	20.79	G	-		
1022	79	O	20.79	G	-		
1022	80	O	20.79	G	-		
1022	81	O	20.79	G	-		
1022	82	O	20.79	G	-		
1022	83	O	20.79	C	-		
1022	84	O	20.79	G	-		
1022	85	O	20.79	T	-		
1022	86	O	20.79	G	-		
1022	87	O	20.79	T	-		
1022	88	O	20.79	A	-		
1022	89	O	20.79	C	-		
1022	90	O	20.79	A	-		
1022	91	O	20.79	T	-		
1022	92	O	20.79	G	-		
1022	93	O	20.79	T	-		
1022	94	O	20.79	A	-		
1022	95	O	20.79	G	-		
1022	96	O	20.79	A	-		
1022	97	O	20.79	C	-		
1022	98	O	20.79	C	-		
1022	99	O	20.79	G	-		
1022	100	O	20.79	G	-		
1022	101	O	20.79	G	-		
1022	102	O	20.79	A	-		
1022	103	O	20.79	A	-		
1022	104	O	20.79	G	-		
1022	105	O	20.79	T	-		
1022	106	O	20.79	T	-		
1022	107	O	20.79	G	-		
1022	108	O	20.79	C	-		
1022	109	O	20.79	T	-		
1023	0	O	12.48	A	-		
1023	1	O	12.48	A	-		
1023	2	O	12.48	T	-		
1023	3	O	12.48	T	-		
1023	4	O	12.48	T	-		
1023	5	O	12.48	G	-		
1023	6	O	12.48	A	-		
1023	7	O	12.48	C	-		
1023	8	O	12.48	A	-		
1023	9	O	12.48	A	-		
1023	10	O	12.48	G	-		
1023	11	O	12.48	G	-		
1023	12	O	12.48	T	-		
1023	13	O	12.48	G	-		
1023	14	O	12.48	T	-		
1023	15	O	12.48	A	-		
1023	16	O	12.48	T	-		
1023	17	O	12.48	G	-		
1023	18	O	12.48	G	-		
1023	19	O	12.48	G	-		
1023	20	O	12.48	C	-		
1023	21	O	12.48	C	-		
1023	22	O	12.48	G	-		
1023	23	O	12.48	G	-		
1023	24	O	12.48	C	-		
1023	25	O	12.48	C	-		
1023	26	O	12.48	T	-		
1023	27	O	12.48	G	-		
1023	28	O	12.48	G	-		
1023	29	O	12.48	C	-		
1023	30	O	12.48	A	-		
1023	31	O	12.48	T	-		
1023	32	O	12.48	T	-		
1023	33	O	12.48	G	-		
1023	34	O	12.48	C	-		
1023	35	O	12.48	A	-		
1023	36	O	12.48	T	-		
1023	37	O	12.48	T	-		
1023	38	O	12.48	G	-		
1023	39	O	12.48	T	-		
1023	40	O	12.48	G	-		
1023	41	O	12.48	G	-		
1023	42	O	12.48	G	-		
1023	43	O	12.48	C	-		
1023	44	O	12.48	T	-		
1023	45	O	12.48	C	-		
1023	46	O	12.48	T	-		
1023	47	O	12.48	A	-		
1023	48	O	12.48	G	-		
1023	49	O	12.48	T	-		
1023	50	O	12.48	T	-		
1023	51	O	12.48	T	-		
1023	52	O	12.48	C	-		
1023	53	O	12.48	G	-		
1023	54	O	12.48	G	-		
1023	55	O	12.48	G	-		
1023	56	O	12.48	T	-		
1023	57	O	12.48	C	-		
1023	58	O	12.48	C	-		
1023	59	O	12.48	T	-		
1023	60	O	12.48	T	-		
1023	61	O	12.48	T	-		
1023	62	O	12.48	G	-		
1023	63	O	12.48	T	-		
1023	64	O	12.48	G	-		
1023	65	O	12.48	A	-		
1023	66	O	12.48	C	-		
1023	67	O	12.48	C	-		
1023	68	O	12.48	C	-		
1023	69	O	12.48	A	-		
1023	70	O	12.48	C	-		
1023	71	O	12.48	T	-		
1023	72	O	12.48	C	-		
1023	73	O	12.48	A	-		
1023	74	O	12.48	A	-		
1023	75	O	12.48	C	-		
1023	76	O	12.48	A	-		
1023	77	O	12.48	G	-		
1023	78	O	12.48	G	-		
1023	79	O	12.48	T	-		
1023	80	O	12.48	T	-		
1023	81	O	12.48	G	-		
1023	82	O	12.48	T	-		
1023	83	O	12.48	T	-		
1023	84	O	12.48	T	-		
1023	85	O	12.48	C	-		
1023	86	O	12.48	C	-		
1023	87	O	12.48	T	-		
1023	88	O	12.48	T	-		
1023	89	O	12.48	T	-		
1023	90	O	12.48	A	-		
1023	91	O	12.48	T	-		
1023	92	O	12.48	T	-		
1023	93	O	12.48	T	-		
1023	94	O	12.48	T	-		
1023	95	O	12.48	T	-		
1023	96	O	12.48	C	-		
1023	97	O	12.48	A	-		
1023	98	O	12.48	A	-		
1023	99	O	12.48	T	-		
1023	100	O	12.48	T	-		
1023	101	O	12.48	G	-		
1023	102	O	12.48	A	-		
1023	103	O	12.48	G	-		
1023	104	O	12.48	A	-		
1023	105	O	12.48	A	-		
1023	106	O	12.48	A	-		
1023	107	O	12.48	C	-		
1023	108	O	12.48	T	-		
1023	109	O	12.48	T	-		
1024	0	O	8.32	T	-		
1024	1	O	8.32	G	-		
1024	2	O	8.32	G	-		
1024	3	O	8.32	A	-		
1024	4	O	8.32	A	-		
1024	5	O	8.32	A	-		
1024	6	O	8.32	A	-		
1024	7	O	8.32	C	-		
1024	8	O	8.32	G	-		
1024	9	O	8.32	A	-		
1024	10	O	8.32	T	-		
1024	11	O	8.32	T	-		
1024	12	O	8.32	T	-		
1024	13	O	8.32	A	-		
1024	14	O	8.32	A	-		
1024	15	O	8.32	A	-		
1024	16	O	8.32	G	-		
1024	17	O	8.32	A	-		
1024	18	O	8.32	T	-		
1024	19	O	8.32	G	-		
1024	20	O	8.32	T	-		
1024	21	O	8.32	T	-		
1024	22	O	8.32	T	-		
1024	23	O	8.32	T	-		
1024	24	O	8.32	C	-		
1024	25	O	8.32	T	-		
1024	26	O	8.32	C	-		
1024	27	O	8.32	T	-		
1024	28	O	8.32	A	-		
1024	29	O	8.32	T	-		
1024	30	O	8.32	T	-		
1024	31	O	8.32	T	-		
1024	32	O	8.32	T	-		
1024	33	O	8.32	G	-		
1024	34	O	8.32	T	-		
1024	35	O	8.32	A	-		
1024	36	O	8.32	G	-		
1024	37	O	8.32	T	-		
1024	38	O	8.32	T	-		
1024	39	O	8.32	T	-		
1024	40	O	8.32	A	-		
1024	41	O	8.32	T	-		
1024	42	O	8.32	T	-		
1024	43	O	8.32	T	-		
1024	44	O	8.32	T	-		
1024	45	O	8.32	T	-		
1024	46	O	8.32	C	-		
1024	47	O	8.32	A	-		
1024	48	O	8.32	A	-		
1024	49	O	8.32	A	-		
1024	50	O	8.32	A	-		
1024	51	O	8.32	A	-		
1024	52	O	8.32	T	-		
1024	53	O	8.32	A	-		
1024	54	O	8.32	A	-		
1024	55	O	8.32	A	-		
1024	56	O	8.32	T	-		
1024	57	O	8.32	T	-		
1024	58	O	8.32	T	-		
1024	59	O	8.32	T	-		
1024	60	O	8.32	T	-		
1024	61	O	8.32	A	-		
1024	62	O	8.32	T	-		
1024	63	O	8.32	T	-		
1024	64	O	8.32	C	-		
1024	65	O	8.32	T	-		
1024	66	O	8.32	A	-		
1024	67	O	8.32	G	-		
1024	68	O	8.32	T	-		
1024	69	O	8.32	A	-		
1024	70	O	8.32	A	-		
1024	71	O	8.32	C	-		
1024	72	O	8.32	T	-		
1024	73	O	8.32	A	-		
1024	74	O	8.32	A	-		
1024	75	O	8.32	T	-		
1024	76	O	8.32	T	-		
1024	77	O	8.32	A	-		
1024	78	O	8.32	C	-		
1024	79	O	8.32	A	-		
1024	80	O	8.32	T	-		
1024	81	O	8.32	T	-		
1024	82	O	8.32	C	-		
1024	83	O	8.32	T	-		
1024	84	O	8.32	C	-		
1024	85	O	8.32	C	-		
1024	86	O	8.32	T	-		
1024	87	O	8.32	T	-		
1024	88	O	8.32	T	-		
1024	89	O	8.32	T	-		
1024	90	O	8.32	A	-		
1024	91	O	8.32	A	-		
1024	92	O	8.32	A	-		
1024	93	O	8.32	A	-		
1024	94	O	8.32	A	-		
1024	95	O	8.32	A	-		
1024	96	O	8.32	T	-		
1024	97	O	8.32	T	-		
1024	98	O	8.32	T	-		
1024	99	O	8.32	C	-		
1024	100	O	8.32	A	-		
1024	101	O	8.32	C	-		
1024	102	O	8.32	A	-		
1024	103	O	8.32	A	-		
1024	104	O	8.32	A	-		
1024	105	O	8.32	A	-		
1024	106	O	8.32	A	-		
1024	107	O	8.32	A	-		
1024	108	O	8.32	T	-		
1024	109	O	8.32	T	-		
1025	0	O	15.25	T	-		
1025	1	O	15.25	C	-		
1025	2	O	15.25	G	-		
1025	3	O	15.25	C	-		
1025	4	O	15.25	C	-		
1025	5	O	15.25	G	-		
1025	6	O	15.25	G	-		
1025	7	O	15.25	A	-		
1025	8	O	15.25	G	-		
1025	9	O	15.25	T	-		
1025	10	O	15.25	A	-		
1025	11	O	15.25	A	-		
1025	12	O	15.25	A	-		
1025	13	O	15.25	G	-		
1025	14	O	15.25	C	-		
1025	15	O	15.25	T	-		
1025	16	O	15.25	G	-		
1025	17	U	0.42	C	T		
1025	18	O	15.25	G	-		
1025	19	O	15.25	C	-		
1025	20	O	15.25	G	-		
1025	21	O	15.25	A	-		
1025	22	O	15.25	G	-		
1025	23	U	0.42	A	G		
1025	24	O	15.25	A	-		
1025	25	O	15.25	G	-		
1025	26	O	15.25	T	-		
1025	27	O	15.25	T	-		
1025	28	O	15.25	G	-		
1025	29	O	15.25	C	-		
1025	30	O	15.25	T	-		
1025	31	O	15.25	G	-		
1025	32	O	15.25	G	-		
1025	33	O	15.25	T	-		
1025	34	O	15.25	G	-		
1025	35	O	15.25	T	-		
1025	36	O	15.25	T	-		
1025	37	O	15.25	G	-		
1025	38	O	15.25	G	-		
1025	39	O	15.25	A	-		
1025	40	O	15.25	T	-		
1025	41	O	15.25	C	-		
1025	42	O	15.25	C	-		
1025	43	O	15.25	C	-		
1025	44	O	15.25	G	-		
1025	45	O	15.25	A	-		
1025	46	O	15.25	G	-		
1025	47	O	15.25	T	-		
1025	48	O	15.25	T	-		
1025	49	O	15.25	T	-		
1025	50	O	15.25	C	-		
1025	51	O	15.25	T	-		
1025	52	O	15.25	T	-		
1025	53	O	15.25	G	-		
1025	54	O	15.25	G	-		
1025	55	O	15.25	C	-		
1025	56	O	15.25	C	-		
1025	57	O	15.25	A	-		
1025	58	O	15.25	T	-		
1025	59	O	15.25	G	-		
1025	60	O	15.25	C	-		
1025	61	O	15.25	C	-		
1025	62	O	15.25	T	-		
1025	63	O	15.25	T	-		
1025	64	O	15.25	C	-		
1025	65	O	15.25	G	-		
1025	66	O	15.25	G	-		
1025	67	O	15.25	C	-		
1025	68	O	15.25	C	-		
1025	69	O	15.25	A	-		
1025	70	O	15.25	C	-		
1025	71	O	15.25	G	-		
1025	72	O	15.25	A	-		
1025	73	O	15.25	T	-		
1025	74	O	15.25	C	-		
1025	75	O	15.25	G	-		
1025	76	O	15.25	C	-		
1025	77	O	15.25	G	-		
1025	78	O	15.25	A	-		
1025	79	O	15.25	G	-		
1025	80	O	15.25	A	-		
1025	81	O	15.25	T	-		
1025	82	O	15.25	A	-		
1025	83	O	15.25	C	-		
1025	84	O	15.25	T	-		
1025	85	O	15.25	C	-		
1025	86	O	15.25	G	-		
1025	87	O	15.25	G	-		
1025	88	O	15.25	C	-		
1025	89	O	15.25	T	-		
1025	90	O	15.25	T	-		
1025	91	O	15.25	T	-		
1025	92	O	15.25	C	-		
1025	93	O	15.25	G	-		
1025	94	O	15.25	C	-		
1025	95	U	0.42	C	T		
1025	96	O	15.25	T	-		
1025	97	O	15.25	T	-		
1025	98	O	15.25	G	-		
1025	99	O	15.25	G	-		
1025	100	O	15.25	A	-		
1025	101	O	15.25	T	-		
1025	102	O	15.25	G	-		
1025	103	O	15.25	C	-		
1025	104	O	15.25	T	-		
1025	105	O	15.25	C	-		
1025	106	O	15.25	T	-		
1025	107	O	15.25	C	-		
1025	108	O	15.25	G	-		
1025	109	O	15.25	A	-		
1026	0	O	11.09	T	-		
1026	1	O	11.09	T	-		
1026	2	O	11.09	G	-		
1026	3	O	11.09	T	-		
1026	4	O	11.09	C	-		
1026	5	O	11.09	C	-		
1026	6	O	11.09	A	-		
1026	7	O	11.09	A	-		
1026	8	O	11.09	C	-		
1026	9	O	11.09	C	-		
1026	10	O	11.09	A	-		
1026	11	O	11.09	A	-		
1026	12	O	11.09	A	-		
1026	13	O	11.09	C	-		
1026	14	O	11.09	C	-		
1026	15	O	11.09	G	-		
1026	16	O	11.09	G	-		
1026	17	O	11.09	C	-		
1026	18	O	11.09	A	-		
1026	19	O	11.09	A	-		
1026	20	O	11.09	T	-		
1026	21	O	11.09	T	-		
1026	22	O	11.09	G	-		
1026	23	O	11.09	A	-		
1026	24	O	11.09	C	-		
1026	25	O	11.09	T	-		
1026	26	O	11.09	G	-		
1026	27	O	11.09	G	-		
1026	28	O	11.09	C	-		
1026	29	O	11.09	A	-		
1026	30	O	11.09	G	-		
1026	31	O	11.09	G	-		
1026	32	O	11.09	T	-		
1026	33	O	11.09	C	-		
1026	34	O	11.09	G	-		
1026	35	O	11.09	G	-		
1026	36	O	11.09	A	-		
1026	37	O	11.09	T	-		
1026	38	O	11.09	C	-		
1026	39	O	11.09	G	-		
1026	40	O	11.09	A	-		
1026	41	O	11.09	T	-		
1026	42	O	11.09	G	-		
1026	43	O	11.09	A	-		
1026	44	O	11.09	T	-		
1026	45	O	11.09	G	-		
1026	46	O	11.09	A	-		
1026	47	O	11.09	A	-		
1026	48	O	11.09	A	-		
1026	49	O	11.09	A	-		
1026	50	O	11.09	T	-		
1026	51	O	11.09	A	-		
1026	52	O	11.09	A	-		
1026	53	O	11.09	A	-		
1026	54	O	11.09	A	-		
1026	55	O	11.09	G	-		
1026	56	O	11.09	A	-		
1026	57	O	11.09	A	-		
1026	58	O	11.09	A	-		
1026	59	O	11.09	A	-		
1026	60	O	11.09	A	-		
1026	61	O	11.09	C	-		
1026	62	O	11.09	G	-		
1026	63	O	11.09	T	-		
1026	64	O	11.09	C	-		
1026	65	O	11.09	A	-		
1026	66	O	11.09	G	-		
1026	67	O	11.09	G	-		
1026	68	O	11.09	A	-		
1026	69	O	11.09	A	-		
1026	70	O	11.09	A	-		
1026	71	O	11.09	A	-		
1026	72	O	11.09	A	-		
1026	73	O	11.09	A	-		
1026	74	O	11.09	G	-		
1026	75	O	11.09	C	-		
1026	76	O	11.09	A	-		
1026	77	O	11.09	T	-		
1026	78	O	11.09	A	-		
1026	79	O	11.09	C	-		
1026	80	O	11.09	A	-		
1026	81	O	11.09	G	-		
1026	82	O	11.09	G	-		
1026	83	O	11.09	A	-		
1026	84	O	11.09	G	-		
1026	85	O	11.09	T	-		
1026	86	O	11.09	A	-		
1026	87	O	11.09	G	-		
1026	88	O	11.09	C	-		
1026	89	O	11.09	A	-		
1026	90	O	11.09	G	-		
1026	91	O	11.09	G	-		
1026	92	O	11.09	T	-		
1026	93	O	11.09	G	-		
1026	94	O	11.09	G	-		
1026	95	O	11.09	T	-		
1026	96	O	11.09	G	-		
1026	97	O	11.09	T	-		
1026	98	O	11.09	G	-		
1026	99	O	11.09	G	-		
1026	100	O	11.09	T	-		
1026	101	O	11.09	T	-		
1026	102	O	11.09	T	-		
1026	103	O	11.09	A	-		
1026	104	O	11.09	C	-		
1026	105	O	11.09	C	-		
1026	106	O	11.09	T	-		
1026	107	O	11.09	T	-		
1026	108	O	11.09	T	-		
1026	109	O	11.09	G	-		
1027	0	O	22.18	T	-		
1027	1	O	22.18	T	-		
1027	2	O	22.18	A	-		
1027	3	O	22.18	C	-		
1027	4	O	22.18	G	-		
1027	5	O	22.18	C	-		
1027	6	O	22.18	T	-		
1027	7	O	22.18	C	-		
1027	8	O	22.18	C	-		
1027	9	O	22.18	C	-		
1027	10	O	22.18	T	-		
1027	11	O	22.18	T	-		
1027	12	O	22.18	C	-		
1027	13	O	22.18	C	-		
1027	14	O	22.18	T	-		
1027	15	O	22.18	C	-		
1027	16	O	22.18	T	-		
1027	17	O	22.18	T	-		
1027	18	O	22.18	T	-		
1027	19	O	22.18	G	-		
1027	20	O	22.18	A	-		
1027	21	O	22.18	T	-		
1027	22	O	22.18	C	-		
1027	23	O	22.18	A	-		
1027	24	O	22.18	T	-		
1027	25	O	22.18	A	-		
1027	26	O	22.18	C	-		
1027	27	O	22.18	C	-		
1027	28	O	22.18	A	-		
1027	29	O	22.18	A	-		
1027	30	O	22.18	C	-		
1027	31	O	22.18	T	-		
1027	32	O	22.18	T	-		
1027	33	O	22.18	C	-		
1027	34	O	22.18	C	-		
1027	35	O	22.18	T	-		
1027	36	O	22.18	C	-		
1027	37	O	22.18	C	-		
1027	38	O	22.18	T	-		
1027	39	O	22.18	C	-		
1027	40	O	22.18	A	-		
1027	41	O	22.18	C	-		
1027	42	O	22.18	C	-		
1027	43	O	22.18	A	-		
1027	44	O	22.18	T	-		
1027	45	O	22.18	G	-		
1027	46	O	22.18	T	-		
1027	47	O	22.18	A	-		
1027	48	O	22.18	T	-		
1027	49	O	22.18	A	-		
1027	50	O	22.18	A	-		
1027	51	O	22.18	T	-		
1027	52	O	22.18	T	-		
1027	53	O	22.18	A	-		
1027	54	O	22.18	A	-		
1027	55	O	22.18	A	-		
1027	56	O	22.18	C	-		
1027	57	O	22.18	A	-		
1027	58	O	22.18	A	-		
1027	59	O	22.18	T	-		
1027	60	O	22.18	A	-		
1027	61	O	22.18	A	-		
1027	62	O	22.18	A	-		
1027	63	O	22.18	C	-		
1027	64	O	22.18	A	-		
1027	65	O	22.18	A	-		
1027	66	O	22.18	A	-		
1027	67	O	22.18	G	-		
1027	68	O	22.18	C	-		
1027	69	O	22.18	A	-		
1027	70	O	22.18	A	-		
1027	71	O	22.18	T	-		
1027	72	O	22.18	T	-		
1027	73	O	22.18	A	-		
1027	74	O	22.18	T	-		
1027	75	O	22.18	A	-		
1027	76	O	22.18	T	-		
1027	77	O	22.18	T	-		
1027	78	O	22.18	T	-		
1027	79	O	22.18	T	-		
1027	80	O	22.18	T	-		
1027	81	O	22.18	T	-		
1027	82	O	22.18	A	-		
1027	83	O	22.18	A	-		
1027	84	O	22.18	T	-		
1027	85	O	22.18	T	-		
1027	86	O	22.18	T	-		
1027	87	O	22.18	C	-		
1027	88	O	22.18	A	-		
1027	89	O	22.18	A	-		
1027	90	O	22.18	T	-		
1027	91	O	22.18	T	-		
1027	92	O	22.18	A	-		
1027	93	O	22.18	T	-		
1027	94	O	22.18	T	-		
1027	95	O	22.18	A	-		
1027	96	O	22.18	T	-		
1027	97	O	22.18	G	-		
1027	98	O	22.18	T	-		
1027	99	O	22.18	A	-		
1027	100	O	22.18	T	-		
1027	101	O	22.18	G	-		
1027	102	O	22.18	A	-		
1027	103	O	22.18	A	-		
1027	104	O	22.18	A	-		
1027	105	O	22.18	C	-		
1027	106	O	22.18	T	-		
1027	107	O	22.18	C	-		
1027	108	O	22.18	A	-		
1027	109	O	22.18	A	-		
1028	0	O	9.70	A	-		
1028	1	O	9.70	G	-		
1028	2	O	9.70	C	-		
1028	3	O	9.70	C	-		
1028	4	O	9.70	A	-		
1028	5	O	9.70	G	-		
1028	6	O	9.70	C	-		
1028	7	O	9.70	T	-		
1028	8	O	9.70	C	-		
1028	9	O	9.70	T	-		
1028	10	O	9.70	T	-		
1028	11	O	9.70	G	-		
1028	12	O	9.70	T	-		
1028	13	O	9.70	C	-		
1028	14	O	9.70	A	-		
1028	15	O	9.70	A	-		
1028	16	O	9.70	G	-		
1028	17	O	9.70	T	-		
1028	18	O	9.70	G	-		
1028	19	O	9.70	A	-		
1028	20	O	9.70	T	-		
1028	21	O	9.70	G	-		
1028	22	O	9.70	C	-		
1028	23	O	9.70	C	-		
1028	24	O	9.70	T	-		
1028	25	O	9.70	G	-		
1028	26	O	9.70	G	-		
1028	27	O	9.70	G	-		
1028	28	O	9.70	T	-		
1028	29	O	9.70	G	-		
1028	30	O	9.70	A	-		
1028	31	O	9.70	C	-		
1028	32	O	9.70	T	-		
1028	33	O	9.70	T	-		
1028	34	O	9.70	C	-		
1028	35	O	9.70	A	-		
1028	36	O	9.70	C	-		
1028	37	O	9.70	G	-		
1028	38	O	9.70	A	-		
1028	39	O	9.70	C	-		
1028	40	O	9.70	C	-		
1028	41	O	9.70	T	-		
1028	42	O	9.70	A	-		
1028	43	O	9.70	C	-		
1028	44	O	9.70	G	-		
1028	45	O	9.70	G	-		
1028	46	O	9.70	C	-		
1028	47	O	9.70	A	-		
1028	48	O	9.70	C	-		
1028	49	O	9.70	C	-		
1028	50	O	9.70	A	-		
1028	51	O	9.70	G	-		
1028	52	O	9.70	G	-		
1028	53	O	9.70	T	-		
1028	54	O	9.70	C	-		
1028	55	O	9.70	T	-		
1028	56	O	9.70	C	-		
1028	57	O	9.70	C	-		
1028	58	O	9.70	A	-		
1028	59	O	9.70	A	-		
1028	60	O	9.70	G	-		
1028	61	O	9.70	A	-		
1028	62	O	9.70	T	-		
1028	63	O	9.70	C	-		
1028	64	O	9.70	T	-		
1028	65	O	9.70	C	-		
1028	66	O	9.70	T	-		
1028	67	O	9.70	T	-		
1028	68	O	9.70	C	-		
1028	69	O	9.70	A	-		
1028	70	O	9.70	G	-		
1028	71	O	9.70	A	-		
1028	72	O	9.70	T	-		
1028	73	O	9.70	C	-		
1028	74	O	9.70	A	-		
1028	75	O	9.70	A	-		
1028	76	O	9.70	C	-		
1028	77	O	9.70	G	-		
1028	78	O	9.70	G	-		
1028	79	O	9.70	G	-		
1028	80	O	9.70	G	-		
1028	81	O	9.70	G	-		
1028	82	O	9.70	T	-		
1028	83	O	9.70	A	-		
1028	84	O	9.70	A	-		
1028	85	O	9.70	A	-		
1028	86	O	9.70	T	-		
1028	87	O	9.70	T	-		
1028	88	O	9.70	G	-		
1028	89	O	9.70	A	-		
1028	90	O	9.70	A	-		
1028	91	O	9.70	A	-		
1028	92	O	9.70	G	-		
1028	93	O	9.70	G	-		
1028	94	O	9.70	A	-		
1028	95	O	9.70	T	-		
1028	96	O	9.70	G	-		
1028	97	O	9.70	C	-		
1028	98	O	9.70	C	-		
1028	99	O	9.70	T	-		
1028	100	O	9.70	C	-		
1028	101	O	9.70	A	-		
1028	102	O	9.70	G	-		
1028	103	O	9.70	A	-		
1028	104	O	9.70	T	-		
1028	105	O	9.70	G	-		
1028	106	O	9.70	A	-		
1028	107	O	9.70	A	-		
1028	108	O	9.70	G	-		
1028	109	O	9.70	T	-		
1029	0	O	6.93	A	-		
1029	1	O	6.93	A	-		
1029	2	O	6.93	G	-		
1029	3	O	6.93	A	-		
1029	4	O	6.93	G	-		
1029	5	O	6.93	A	-		
1029	6	O	6.93	A	-		
1029	7	O	6.93	A	-		
1029	8	O	6.93	T	-		
1029	9	O	6.93	C	-		
1029	10	O	6.93	T	-		
1029	11	O	6.93	G	-		
1029	12	O	6.93	C	-		
1029	13	O	6.93	G	-		
1029	14	O	6.93	G	-		
1029	15	O	6.93	C	-		
1029	16	O	6.93	C	-		
1029	17	O	6.93	G	-		
1029	18	O	6.93	A	-		
1029	19	O	6.93	A	-		
1029	20	O	6.93	G	-		
1029	21	O	6.93	C	-		
1029	22	O	6.93	G	-		
1029	23	O	6.93	A	-		
1029	24	O	6.93	T	-		
1029	25	O	6.93	C	-		
1029	26	O	6.93	G	-		
1029	27	O	6.93	A	-		
1029	28	O	6.93	C	-		
1029	29	O	6.93	G	-		
1029	30	O	6.93	G	-		
1029	31	O	6.93	C	-		
1029	32	O	6.93	C	-		
1029	33	O	6.93	A	-		
1029	34	O	6.93	C	-		
1029	35	O	6.93	A	-		
1029	36	O	6.93	G	-		
1029	37	O	6.93	T	-		
1029	38	O	6.93	G	-		
1029	39	O	6.93	G	-		
1029	40	O	6.93	A	-		
1029	41	O	6.93	C	-		
1029	42	O	6.93	A	-		
1029	43	O	6.93	C	-		
1029	44	O	6.93	A	-		
1029	45	O	6.93	A	-		
1029	46	O	6.93	G	-		
1029	47	O	6.93	A	-		
1029	48	O	6.93	A	-		
1029	49	O	6.93	T	-		
1029	50	O	6.93	T	-		
1029	51	O	6.93	G	-		
1029	52	O	6.93	A	-		
1029	53	O	6.93	G	-		
1029	54	O	6.93	G	-		
1029	55	O	6.93	C	-		
1029	56	O	6.93	A	-		
1029	57	O	6.93	A	-		
1029	58	O	6.93	G	-		
1029	59	O	6.93	A	-		
1029	60	O	6.93	T	-		
1029	61	O	6.93	T	-		
1029	62	O	6.93	A	-		
1029	63	O	6.93	A	-		
1029	64	O	6.93	C	-		
1029	65	O	6.93	C	-		
1029	66	O	6.93	A	-		
1029	67	O	6.93	A	-		
1029	68	O	6.93	T	-		
1029	69	O	6.93	C	-		
1029	70	O	6.93	C	-		
1029	71	O	6.93	G	-		
1029	72	O	6.93	A	-		
1029	73	O	6.93	G	-		
1029	74	O	6.93	T	-		
1029	75	O	6.93	A	-		
1029	76	O	6.93	T	-		
1029	77	O	6.93	A	-		
1029	78	O	6.93	A	-		
1029	79	O	6.93	T	-		
1029	80	O	6.93	C	-		
1029	81	O	6.93	G	-		
1029	82	O	6.93	C	-		
1029	83	O	6.93	A	-		
1029	84	O	6.93	G	-		
1029	85	O	6.93	C	-		
1029	86	O	6.93	G	-		
1029	87	O	6.93	A	-		
1029	88	O	6.93	T	-		
1029	89	O	6.93	T	-		
1029	90	O	6.93	A	-		
1029	91	O	6.93	G	-		
1029	92	O	6.93	G	-		
1029	93	O	6.93	G	-		
1029	94	O	6.93	C	-		
1029	95	O	6.93	G	-		
1029	96	O	6.93	G	-		
1029	97	O	6.93	A	-		
1029	98	O	6.93	G	-		
1029	99	O	6.93	T	-		
1029	100	O	6.93	C	-		
1029	101	O	6.93	A	-		
1029	102	O	6.93	T	-		
1029	103	O	6.93	T	-		
1029	104	O	6.93	T	-		
1029	105	O	6.93	C	-		
1029	106	O	6.93	C	-		
1029	107	O	6.93	G	-		
1029	108	O	6.93	A	-		
1029	109	O	6.93	A	-		
1030	0	O	15.25	T	-		
1030	1	O	15.25	A	-		
1030	2	O	15.25	G	-		
1030	3	O	15.25	G	-		
1030	4	O	15.25	C	-		
1030	5	O	15.25	G	-		
1030	6	O	15.25	C	-		
1030	7	O	15.25	C	-		
1030	8	O	15.25	A	-		
1030	9	O	15.25	G	-		
1030	10	O	15.25	T	-		
1030	11	O	15.25	G	-		
1030	12	O	15.25	T	-		
1030	13	O	15.25	G	-		
1030	14	O	15.25	C	-		
1030	15	O	15.25	T	-		
1030	16	O	15.25	C	-		
1030	17	O	15.25	G	-		
1030	18	O	15.25	A	-		
1030	19	O	15.25	T	-		
1030	20	O	15.25	G	-		
1030	21	O	15.25	A	-		
1030	22	O	15.25	G	-		
1030	23	O	15.25	T	-		
1030	24	O	15.25	G	-		
1030	25	O	15.25	C	-		
1030	26	O	15.25	G	-		
1030	27	O	15.25	C	-		
1030	28	O	15.25	G	-		
1030	29	O	15.25	C	-		
1030	30	O	15.25	A	-		
1030	31	O	15.25	T	-		
1030	32	O	15.25	A	-		
1030	33	O	15.25	G	-		
1030	34	O	6.35	C	-		
1030	35	O	15.25	G	-		
1030	36	O	15.25	C	-		
1030	37	O	15.25	C	-		
1030	38	O	15.25	C	-		
1030	39	O	15.25	A	-		
1030	40	O	15.25	C	-		
1030	41	O	15.25	G	-		
1030	42	O	15.25	C	-		
1030	43	O	15.25	T	-		
1030	44	O	15.25	G	-		
1030	45	O	15.25	G	-		
1030	46	O	15.25	C	-		
1030	47	O	15.25	C	-		
1030	48	O	15.25	T	-		
1030	49	O	15.25	G	-		
1030	50	O	15.25	A	-		
1030	51	O	15.25	G	-		
1030	52	O	15.25	T	-		
1030	53	O	15.25	G	-		
1030	54	O	15.25	C	-		
1030	55	O	15.25	C	-		
1030	56	O	15.25	A	-		
1030	57	O	15.25	T	-		
1030	58	O	15.25	C	-		
1030	59	O	15.25	G	-		
1030	60	O	15.25	T	-		
1030	61	O	15.25	G	-		
1030	62	O	15.25	G	-		
1030	63	O	15.25	A	-		
1030	64	O	15.25	G	-		
1030	65	O	15.25	C	-		
1030	66	O	15.25	T	-		
1030	67	O	15.25	G	-		
1030	68	O	15.25	C	-		
1030	69	O	15.25	C	-		
1030	70	O	15.25	T	-		
1030	71	O	15.25	G	-		
1030	72	O	15.25	C	-		
1030	73	O	15.25	T	-		
1030	74	O	15.25	A	-		
1030	75	O	15.25	G	-		
1030	76	O	15.25	G	-		
1030	77	O	15.25	T	-		
1030	78	O	15.25	T	-		
1030	79	O	15.25	T	-		
1030	80	O	15.25	A	-		
1030	81	O	15.25	C	-		
1030	82	O	15.25	C	-		
1030	83	O	15.25	G	-		
1030	84	O	15.25	C	-		
1030	85	O	15.25	G	-		
1030	86	O	15.25	C	-		
1030	87	O	15.25	A	-		
1030	88	O	15.25	A	-		
1030	89	O	15.25	G	-		
1030	90	O	15.25	T	-		
1030	91	O	15.25	G	-		
1030	92	O	15.25	C	-		
1030	93	O	15.25	A	-		
1030	94	O	15.25	G	-		
1030	95	O	15.25	A	-		
1030	96	O	15.25	T	-		
1030	97	O	15.25	T	-		
1030	98	O	15.25	G	-		
1030	99	O	15.25	A	-		
1030	100	O	15.25	C	-		
1030	101	O	15.25	C	-		
1030	102	O	15.25	G	-		
1030	103	O	15.25	G	-		
1030	104	O	15.25	C	-		
1030	105	O	15.25	T	-		
1030	106	O	15.25	G	-		
1030	107	O	15.25	C	-		
1030	108	O	15.25	T	-		
1030	109	O	15.25	C	-		
1031	0	O	11.09	T	-		
1031	1	O	11.09	C	-		
1031	2	O	11.09	C	-		
1031	3	O	11.09	A	-		
1031	4	O	11.09	C	-		
1031	5	O	11.09	T	-		
1031	6	O	11.09	A	-		
1031	7	O	11.09	G	-		
1031	8	O	11.09	C	-		
1031	9	O	11.09	C	-		
1031	10	O	11.09	G	-		
1031	11	O	11.09	C	-		
1031	12	O	11.09	T	-		
1031	13	O	11.09	C	-		
1031	14	O	11.09	A	-		
1031	15	O	11.09	A	-		
1031	16	O	11.09	C	-		
1031	17	O	11.09	T	-		
1031	18	O	11.09	A	-		
1031	19	O	11.09	G	-		
1031	20	O	11.09	G	-		
1031	21	O	11.09	C	-		
1031	22	O	11.09	C	-		
1031	23	O	11.09	C	-		
1031	24	O	11.09	A	-		
1031	25	O	11.09	C	-		
1031	26	O	11.09	T	-		
1031	27	O	11.09	G	-		
1031	28	O	11.09	C	-		
1031	29	O	11.09	G	-		
1031	30	O	11.09	G	-		
1031	31	O	11.09	C	-		
1031	32	O	11.09	C	-		
1031	33	O	11.09	A	-		
1031	34	O	11.09	G	-		
1031	35	O	11.09	T	-		
1031	36	O	11.09	A	-		
1031	37	O	11.09	T	-		
1031	38	O	11.09	G	-		
1031	39	O	11.09	C	-		
1031	40	O	11.09	C	-		
1031	41	O	11.09	T	-		
1031	42	O	11.09	C	-		
1031	43	O	11.09	C	-		
1031	44	O	11.09	C	-		
1031	45	O	11.09	A	-		
1031	46	O	11.09	C	-		
1031	47	O	11.09	A	-		
1031	48	O	11.09	C	-		
1031	49	O	11.09	T	-		
1031	50	O	11.09	T	-		
1031	51	O	11.09	T	-		
1031	52	O	11.09	G	-		
1031	53	O	11.09	T	-		
1031	54	O	11.09	G	-		
1031	55	O	11.09	A	-		
1031	56	O	11.09	C	-		
1031	57	O	11.09	T	-		
1031	58	O	11.09	T	-		
1031	59	O	11.09	C	-		
1031	60	O	11.09	G	-		
1031	61	O	11.09	C	-		
1031	62	O	11.09	G	-		
1031	63	O	11.09	C	-		
1031	64	O	11.09	C	-		
1031	65	O	11.09	T	-		
1031	66	O	11.09	A	-		
1031	67	O	11.09	T	-		
1031	68	O	11.09	C	-		
1031	69	O	11.09	A	-		
1031	70	O	11.09	C	-		
1031	71	O	11.09	C	-		
1031	72	O	11.09	G	-		
1031	73	O	11.09	C	-		
1031	74	O	11.09	T	-		
1031	75	O	11.09	G	-		
1031	76	O	11.09	C	-		
1031	77	O	11.09	T	-		
1031	78	O	11.09	C	-		
1031	79	O	11.09	G	-		
1031	80	O	11.09	A	-		
1031	81	O	11.09	G	-		
1031	82	O	11.09	C	-		
1031	83	O	11.09	T	-		
1031	84	O	11.09	A	-		
1031	85	O	11.09	G	-		
1031	86	O	11.09	C	-		
1031	87	O	11.09	C	-		
1031	88	O	11.09	A	-		
1031	89	O	11.09	G	-		
1031	90	O	11.09	T	-		
1031	91	O	11.09	C	-		
1031	92	O	11.09	C	-		
1031	93	O	11.09	A	-		
1031	94	O	11.09	T	-		
1031	95	O	11.09	T	-		
1031	96	O	11.09	G	-		
1031	97	O	11.09	A	-		
1031	98	O	11.09	G	-		
1031	99	O	11.09	C	-		
1031	100	O	11.09	T	-		
1031	101	O	11.09	A	-		
1031	102	O	11.09	G	-		
1031	103	O	11.09	C	-		
1031	104	U	2.86	T	C		
1031	105	O	11.09	G	-		
1031	106	O	11.09	T	-		
1031	107	O	11.09	C	-		
1031	108	O	11.09	A	-		
1031	109	O	11.09	A	-		
1032	0	O	9.70	C	-		
1032	1	O	9.70	G	-		
1032	2	O	9.70	C	-		
1032	3	O	9.70	C	-		
1032	4	O	9.70	T	-		
1032	5	O	9.70	G	-		
1032	6	O	9.70	C	-		
1032	7	O	9.70	A	-		
1032	8	O	9.70	A	-		
1032	9	O	9.70	T	-		
1032	10	O	9.70	G	-		
1032	11	O	9.70	G	-		
1032	12	O	9.70	C	-		
1032	13	O	9.70	G	-		
1032	14	O	9.70	A	-		
1032	15	O	9.70	T	-		
1032	16	O	9.70	C	-		
1032	17	O	9.70	T	-		
1032	18	O	9.70	T	-		
1032	19	O	9.70	G	-		
1032	20	O	9.70	A	-		
1032	21	O	9.70	T	-		
1032	22	O	9.70	C	-		
1032	23	O	9.70	T	-		
1032	24	O	9.70	T	-		
1032	25	O	9.70	G	-		
1032	26	O	9.70	C	-		
1032	27	O	9.70	G	-		
1032	28	O	9.70	G	-		
1032	29	O	9.70	T	-		
1032	30	O	9.70	C	-		
1032	31	O	9.70	T	-		
1032	32	O	9.70	G	-		
1032	33	O	9.70	G	-		
1032	34	O	9.70	T	-		
1032	35	O	9.70	G	-		
1032	36	O	9.70	G	-		
1032	37	O	9.70	T	-		
1032	38	O	9.70	G	-		
1032	39	O	9.70	C	-		
1032	40	O	9.70	G	-		
1032	41	O	9.70	G	-		
1032	42	O	9.70	A	-		
1032	43	O	9.70	G	-		
1032	44	O	9.70	C	-		
1032	45	O	9.70	C	-		
1032	46	O	9.70	C	-		
1032	47	O	9.70	A	-		
1032	48	O	9.70	T	-		
1032	49	O	9.70	G	-		
1032	50	O	9.70	A	-		
1032	51	O	9.70	T	-		
1032	52	O	9.70	G	-		
1032	53	O	9.70	T	-		
1032	54	O	9.70	G	-		
1032	55	O	9.70	T	-		
1032	56	O	9.70	G	-		
1032	57	O	9.70	C	-		
1032	58	O	9.70	T	-		
1032	59	O	9.70	G	-		
1032	60	O	9.70	T	-		
1032	61	O	9.70	C	-		
1032	62	O	9.70	T	-		
1032	63	O	9.70	T	-		
1032	64	O	9.70	T	-		
1032	65	O	9.70	G	-		
1032	66	O	9.70	G	-		
1032	67	O	9.70	G	-		
1032	68	O	9.70	G	-		
1032	69	O	9.70	G	-		
1032	70	O	9.70	G	-		
1032	71	O	9.70	T	-		
1032	72	O	9.70	C	-		
1032	73	O	9.70	G	-		
1032	74	O	9.70	T	-		
1032	75	O	9.70	G	-		
1032	76	O	9.70	G	-		
1032	77	O	9.70	T	-		
1032	78	O	9.70	A	-		
1032	79	O	9.70	G	-		
1032	80	O	9.70	T	-		
1032	81	O	9.70	G	-		
1032	82	O	9.70	G	-		
1032	83	O	9.70	G	-		
1032	84	O	9.70	T	-		
1032	85	O	9.70	G	-		
1032	86	O	9.70	A	-		
1032	87	O	9.70	G	-		
1032	88	O	9.70	A	-		
1032	89	O	9.70	G	-		
1032	90	O	9.70	G	-		
1032	91	O	9.70	G	-		
1032	92	O	9.70	A	-		
1032	93	O	9.70	A	-		
1032	94	O	9.70	C	-		
1032	95	O	9.70	A	-		
1032	96	O	9.70	G	-		
1032	97	O	9.70	T	-		
1032	98	O	9.70	A	-		
1032	99	O	9.70	G	-		
1032	100	O	9.70	G	-		
1032	101	O	9.70	T	-		
1032	102	O	9.70	A	-		
1032	103	O	9.70	T	-		
1032	104	O	9.70	T	-		
1032	105	O	9.70	T	-		
1032	106	O	9.70	T	-		
1032	107	O	9.70	T	-		
1032	108	O	9.70	A	-		
1032	109	O	9.70	C	-		
1033	0	O	29.11	G	-		
1033	1	O	29.11	T	-		
1033	2	O	29.11	G	-		
1033	3	O	29.11	A	-		
1033	4	O	29.11	G	-		
1033	5	O	29.11	G	-		
1033	6	O	29.11	T	-		
1033	7	O	29.11	C	-		
1033	8	O	29.11	T	-		
1033	9	O	29.11	T	-		
1033	10	O	29.11	C	-		
1033	11	O	29.11	T	-		
1033	12	O	29.11	T	-		
1033	13	O	29.11	C	-		
1033	14	O	29.11	T	-		
1033	15	O	29.11	T	-		
1033	16	O	29.11	G	-		
1033	17	O	29.11	C	-		
1033	18	O	29.11	G	-		
1033	19	O	29.11	C	-		
1033	20	O	29.11	G	-		
1033	21	O	29.11	G	-		
1033	22	O	29.11	C	-		
1033	23	O	29.11	T	-		
1033	24	O	29.11	T	-		
1033	25	O	29.11	T	-		
1033	26	O	29.11	G	-		
1033	27	O	29.11	T	-		
1033	28	O	29.11	T	-		
1033	29	O	29.11	G	-		
1033	30	O	29.11	G	-		
1033	31	O	29.11	C	-		
1033	32	O	29.11	G	-		
1033	33	O	29.11	A	-		
1033	34	O	29.11	G	-		
1033	35	O	29.11	G	-		
1033	36	O	29.11	C	-		
1033	37	O	29.11	C	-		
1033	38	O	29.11	G	-		
1033	39	O	29.11	C	-		
1033	40	O	29.11	G	-		
1033	41	O	29.11	G	-		
1033	42	O	29.11	G	-		
1033	43	O	29.11	C	-		
1033	44	O	29.11	G	-		
1033	45	O	29.11	A	-		
1033	46	O	29.11	G	-		
1033	47	O	29.11	G	-		
1033	48	O	29.11	T	-		
1033	49	O	29.11	C	-		
1033	50	O	29.11	G	-		
1033	51	O	29.11	C	-		
1033	52	O	29.11	G	-		
1033	53	O	29.11	G	-		
1033	54	O	29.11	T	-		
1033	55	O	29.11	T	-		
1033	56	O	29.11	G	-		
1033	57	O	29.11	A	-		
1033	58	O	29.11	A	-		
1033	59	O	29.11	T	-		
1033	60	O	29.11	T	-		
1033	61	O	29.11	G	-		
1033	62	O	29.11	C	-		
1033	63	O	29.11	T	-		
1033	64	O	29.11	T	-		
1033	65	O	29.11	G	-		
1033	66	O	29.11	A	-		
1033	67	O	29.11	G	-		
1033	68	O	29.11	G	-		
1033	69	O	29.11	G	-		
1033	70	O	29.11	C	-		
1033	71	O	29.11	G	-		
1033	72	O	29.11	T	-		
1033	73	O	29.11	C	-		
1033	74	O	29.11	T	-		
1033	75	O	29.11	T	-		
1033	76	O	29.11	T	-		
1033	77	O	29.11	G	-		
1033	78	O	29.11	A	-		
1033	79	O	29.11	T	-		
1033	80	O	29.11	G	-		
1033	81	O	29.11	C	-		
1033	82	O	29.11	G	-		
1033	83	O	29.11	G	-		
1033	84	O	29.11	A	-		
1033	85	O	29.11	G	-		
1033	86	O	29.11	G	-		
1033	87	O	29.11	C	-		
1033	88	O	29.11	G	-		
1033	89	O	29.11	G	-		
1033	90	O	29.11	G	-		
1033	91	O	29.11	A	-		
1033	92	O	29.11	G	-		
1033	93	O	29.11	C	-		
1033	94	O	29.11	G	-		
1033	95	O	29.11	A	-		
1033	96	O	29.11	G	-		
1033	97	O	29.11	G	-		
1033	98	O	29.11	G	-		
1033	99	O	29.11	T	-		
1033	100	O	29.11	T	-		
1033	101	O	29.11	G	-		
1033	102	O	29.11	A	-		
1033	103	O	29.11	C	-		
1033	104	O	29.11	G	-		
1033	105	O	29.11	G	-		
1033	106	O	29.11	T	-		
1033	107	O	29.11	C	-		
1033	108	O	29.11	T	-		
1033	109	O	29.11	G	-		
1034	0	O	6.93	C	-		
1034	1	O	6.93	T	-		
1034	2	O	6.93	T	-		
1034	3	O	6.93	G	-		
1034	4	O	6.93	G	-		
1034	5	O	6.93	T	-		
1034	6	O	6.93	T	-		
1034	7	O	6.93	T	-		
1034	8	O	6.93	A	-		
1034	9	O	6.93	G	-		
1034	10	O	6.93	T	-		
1034	11	O	6.93	G	-		
1034	12	O	6.93	G	-		
1034	13	O	6.93	A	-		
1034	14	O	6.93	A	-		
1034	15	O	6.93	T	-		
1034	16	O	6.93	T	-		
1034	17	O	6.93	C	-		
1034	18	O	6.93	T	-		
1034	19	O	6.93	A	-		
1034	20	O	6.93	T	-		
1034	21	O	6.93	T	-		
1034	22	O	6.93	A	-		
1034	23	O	6.93	T	-		
1034	24	O	6.93	G	-		
1034	25	O	6.93	G	-		
1034	26	O	6.93	C	-		
1034	27	O	6.93	A	-		
1034	28	O	6.93	A	-		
1034	29	O	6.93	A	-		
1034	30	O	6.93	G	-		
1034	31	O	6.93	T	-		
1034	32	O	6.93	G	-		
1034	33	O	6.93	G	-		
1034	34	O	6.93	C	-		
1034	35	O	6.93	A	-		
1034	36	O	6.93	A	-		
1034	37	O	6.93	T	-		
1034	38	O	6.93	A	-		
1034	39	O	6.93	A	-		
1034	40	O	6.93	A	-		
1034	41	O	6.93	G	-		
1034	42	O	6.93	C	-		
1034	43	O	6.93	A	-		
1034	44	O	6.93	A	-		
1034	45	O	6.93	T	-		
1034	46	O	6.93	G	-		
1034	47	O	6.93	G	-		
1034	48	O	6.93	C	-		
1034	49	O	6.93	A	-		
1034	50	O	6.93	T	-		
1034	51	O	6.93	T	-		
1034	52	O	6.93	G	-		
1034	53	O	6.93	A	-		
1034	54	O	6.93	G	-		
1034	55	O	6.93	G	-		
1034	56	O	6.93	A	-		
1034	57	O	6.93	T	-		
1034	58	O	6.93	T	-		
1034	59	O	6.93	G	-		
1034	60	O	6.93	A	-		
1034	61	O	6.93	A	-		
1034	62	O	6.93	A	-		
1034	63	O	6.93	C	-		
1034	64	O	6.93	A	-		
1034	65	O	6.93	T	-		
1034	66	O	6.93	T	-		
1034	67	O	6.93	C	-		
1034	68	O	6.93	T	-		
1034	69	O	6.93	T	-		
1034	70	O	6.93	T	-		
1034	71	O	6.93	C	-		
1034	72	O	6.93	A	-		
1034	73	O	6.93	A	-		
1034	74	O	6.93	A	-		
1034	75	O	6.93	A	-		
1034	76	O	6.93	A	-		
1034	77	O	6.93	G	-		
1034	78	O	6.93	A	-		
1034	79	O	6.93	G	-		
1034	80	O	6.93	A	-		
1034	81	O	6.93	T	-		
1034	82	O	6.93	T	-		
1034	83	O	6.93	T	-		
1034	84	O	6.93	T	-		
1034	85	O	6.93	A	-		
1034	86	O	6.93	A	-		
1034	87	O	6.93	A	-		
1034	88	O	6.93	A	-		
1034	89	O	6.93	A	-		
1034	90	O	6.93	A	-		
1034	91	O	6.93	A	-		
1034	92	O	6.93	A	-		
1034	93	O	6.93	A	-		
1034	94	O	6.93	T	-		
1034	95	O	6.93	A	-		
1034	96	O	6.93	G	-		
1034	97	O	6.93	C	-		
1034	98	O	6.93	A	-		
1034	99	O	6.93	T	-		
1034	100	O	6.93	T	-		
1034	101	O	6.93	C	-		
1034	102	O	6.93	A	-		
1034	103	O	6.93	C	-		
1034	104	O	6.93	A	-		
1034	105	U	-0.27	T	C		
1034	106	O	6.93	C	-		
1034	107	O	6.93	C	-		
1034	108	O	6.93	A	-		
1034	109	O	6.93	C	-		
1035	0	O	6.93	C	-		
1035	1	O	6.93	C	-		
1035	2	O	6.93	C	-		
1035	3	O	6.93	T	-		
1035	4	O	6.93	C	-		
1035	5	O	6.93	G	-		
1035	6	O	6.93	A	-		
1035	7	O	6.93	G	-		
1035	8	O	6.93	T	-		
1035	9	O	6.93	T	-		
1035	10	O	6.93	G	-		
1035	11	O	6.93	A	-		
1035	12	O	6.93	G	-		
1035	13	O	6.93	C	-		
1035	14	O	6.93	A	-		
1035	15	O	6.93	T	-		
1035	16	O	6.93	T	-		
1035	17	O	6.93	T	-		
1035	18	O	6.93	C	-		
1035	19	O	6.93	G	-		
1035	20	O	6.93	A	-		
1035	21	O	6.93	G	-		
1035	22	O	6.93	G	-		
1035	23	O	6.93	A	-		
1035	24	O	6.93	G	-		
1035	25	O	6.93	G	-		
1035	26	O	6.93	A	-		
1035	27	O	6.93	C	-		
1035	28	O	6.93	T	-		
1035	29	O	6.93	T	-		
1035	30	O	6.93	T	-		
1035	31	O	6.93	C	-		
1035	32	O	6.93	G	-		
1035	33	O	6.93	G	-		
1035	34	O	6.93	A	-		
1035	35	O	6.93	C	-		
1035	36	O	6.93	A	-		
1035	37	O	6.93	A	-		
1035	38	O	6.93	G	-		
1035	39	O	6.93	T	-		
1035	40	O	6.93	T	-		
1035	41	O	6.93	C	-		
1035	42	O	6.93	C	-		
1035	43	O	6.93	C	-		
1035	44	O	6.93	A	-		
1035	45	O	6.93	G	-		
1035	46	O	6.93	T	-		
1035	47	O	6.93	C	-		
1035	48	O	6.93	G	-		
1035	49	O	6.93	A	-		
1035	50	O	6.93	C	-		
1035	51	O	6.93	G	-		
1035	52	O	6.93	A	-		
1035	53	O	6.93	A	-		
1035	54	O	6.93	G	-		
1035	55	O	6.93	C	-		
1035	56	O	6.93	C	-		
1035	57	O	6.93	A	-		
1035	58	O	6.93	G	-		
1035	59	O	6.93	G	-		
1035	60	O	6.93	A	-		
1035	61	O	6.93	C	-		
1035	62	O	6.93	T	-		
1035	63	O	6.93	T	-		
1035	64	O	6.93	T	-		
1035	65	O	6.93	A	-		
1035	66	O	6.93	C	-		
1035	67	O	6.93	G	-		
1035	68	O	6.93	C	-		
1035	69	O	6.93	C	-		
1035	70	O	6.93	G	-		
1035	71	O	6.93	T	-		
1035	72	O	6.93	C	-		
1035	73	O	6.93	A	-		
1035	74	O	6.93	G	-		
1035	75	O	6.93	A	-		
1035	76	O	6.93	T	-		
1035	77	O	6.93	G	-		
1035	78	O	6.93	C	-		
1035	79	O	6.93	A	-		
1035	80	O	6.93	G	-		
1035	81	O	6.93	G	-		
1035	82	O	6.93	C	-		
1035	83	O	6.93	A	-		
1035	84	O	6.93	G	-		
1035	85	O	6.93	A	-		
1035	86	O	6.93	C	-		
1035	87	O	6.93	C	-		
1035	88	O	6.93	C	-		
1035	89	O	6.93	G	-		
1035	90	O	6.93	G	-		
1035	91	O	6.93	C	-		
1035	92	O	6.93	G	-		
1035	93	O	6.93	G	-		
1035	94	O	6.93	T	-		
1035	95	O	6.93	A	-		
1035	96	O	6.93	T	-		
1035	97	O	6.93	T	-		
1035	98	O	6.93	G	-		
1035	99	O	6.93	G	-		
1035	100	O	6.93	C	-		
1035	101	O	6.93	T	-		
1035	102	O	6.93	T	-		
1035	103	O	6.93	C	-		
1035	104	O	6.93	C	-		
1035	105	O	6.93	C	-		
1035	106	O	6.93	A	-		
1035	107	O	6.93	G	-		
1035	108	O	6.93	A	-		
1035	109	O	6.93	C	-		
1036	0	O	9.70	C	-		
1036	1	O	9.70	C	-		
1036	2	O	9.70	C	-		
1036	3	O	9.70	T	-		
1036	4	O	9.70	C	-		
1036	5	O	9.70	G	-		
1036	6	O	9.70	T	-		
1036	7	O	9.70	A	-		
1036	8	O	9.70	C	-		
1036	9	O	9.70	T	-		
1036	10	O	9.70	T	-		
1036	11	O	9.70	G	-		
1036	12	O	9.70	T	-		
1036	13	O	9.70	C	-		
1036	14	O	9.70	G	-		
1036	15	O	9.70	T	-		
1036	16	O	9.70	C	-		
1036	17	O	9.70	G	-		
1036	18	O	9.70	A	-		
1036	19	O	9.70	T	-		
1036	20	O	9.70	G	-		
1036	21	O	9.70	A	-		
1036	22	O	9.70	A	-		
1036	23	O	9.70	G	-		
1036	24	O	9.70	G	-		
1036	25	O	9.70	C	-		
1036	26	O	9.70	T	-		
1036	27	O	9.70	G	-		
1036	28	O	9.70	C	-		
1036	29	O	9.70	T	-		
1036	30	O	9.70	G	-		
1036	31	O	9.70	C	-		
1036	32	O	9.70	C	-		
1036	33	O	9.70	T	-		
1036	34	O	9.70	C	-		
1036	35	O	9.70	C	-		
1036	36	O	9.70	T	-		
1036	37	O	9.70	G	-		
1036	38	O	9.70	C	-		
1036	39	O	9.70	T	-		
1036	40	O	9.70	C	-		
1036	41	O	9.70	C	-		
1036	42	O	9.70	G	-		
1036	43	O	9.70	G	-		
1036	44	O	9.70	G	-		
1036	45	O	9.70	A	-		
1036	46	O	9.70	T	-		
1036	47	O	9.70	A	-		
1036	48	O	9.70	C	-		
1036	49	O	9.70	C	-		
1036	50	O	9.70	G	-		
1036	51	O	9.70	G	-		
1036	52	O	9.70	C	-		
1036	53	O	9.70	T	-		
1036	54	O	9.70	G	-		
1036	55	O	9.70	C	-		
1036	56	O	9.70	T	-		
1036	57	O	9.70	G	-		
1036	58	O	9.70	T	-		
1036	59	O	9.70	T	-		
1036	60	O	9.70	G	-		
1036	61	O	9.70	T	-		
1036	62	O	9.70	C	-		
1036	63	O	9.70	G	-		
1036	64	O	9.70	C	-		
1036	65	O	9.70	G	-		
1036	66	O	9.70	G	-		
1036	67	O	9.70	C	-		
1036	68	O	9.70	G	-		
1036	69	O	9.70	A	-		
1036	70	O	9.70	G	-		
1036	71	O	9.70	C	-		
1036	72	O	9.70	A	-		
1036	73	O	9.70	A	-		
1036	74	O	9.70	C	-		
1036	75	O	9.70	G	-		
1036	76	O	9.70	T	-		
1036	77	O	9.70	C	-		
1036	78	O	9.70	T	-		
1036	79	O	9.70	C	-		
1036	80	O	9.70	C	-		
1036	81	O	9.70	C	-		
1036	82	O	9.70	G	-		
1036	83	O	9.70	T	-		
1036	84	O	9.70	G	-		
1036	85	O	9.70	A	-		
1036	86	O	9.70	C	-		
1036	87	O	9.70	G	-		
1036	88	O	9.70	A	-		
1036	89	O	9.70	G	-		
1036	90	O	9.70	G	-		
1036	91	O	9.70	G	-		
1036	92	O	9.70	A	-		
1036	93	O	9.70	T	-		
1036	94	O	9.70	G	-		
1036	95	O	9.70	T	-		
1036	96	O	9.70	T	-		
1036	97	O	9.70	G	-		
1036	98	O	9.70	T	-		
1036	99	O	9.70	T	-		
1036	100	O	9.70	C	-		
1036	101	O	9.70	C	-		
1036	102	O	9.70	T	-		
1036	103	O	9.70	G	-		
1036	104	O	9.70	C	-		
1036	105	O	9.70	T	-		
1036	106	O	9.70	C	-		
1036	107	O	9.70	G	-		
1036	108	O	9.70	A	-		
1036	109	O	9.70	A	-		
1037	0	O	11.09	A	-		
1037	1	O	11.09	A	-		
1037	2	O	11.09	T	-		
1037	3	O	11.09	A	-		
1037	4	O	11.09	G	-		
1037	5	O	11.09	T	-		
1037	6	O	11.09	C	-		
1037	7	O	11.09	A	-		
1037	8	O	11.09	A	-		
1037	9	O	11.09	T	-		
1037	10	O	11.09	G	-		
1037	11	O	11.09	A	-		
1037	12	U	2.86	T	C		
1037	13	O	11.09	G	-		
1037	14	O	11.09	G	-		
1037	15	O	11.09	T	-		
1037	16	O	11.09	G	-		
1037	17	O	11.09	A	-		
1037	18	O	11.09	A	-		
1037	19	O	11.09	G	-		
1037	20	O	11.09	A	-		
1037	21	U	2.86	T	G		
1037	22	O	11.09	G	-		
1037	23	U	-2.30	A	G		
1037	24	O	11.09	T	-		
1037	25	O	11.09	T	-		
1037	26	O	11.09	G	-		
1037	27	O	11.09	C	-		
1037	28	O	11.09	A	-		
1037	29	O	11.09	T	-		
1037	30	O	11.09	C	-		
1037	31	O	11.09	A	-		
1037	32	O	11.09	T	-		
1037	33	O	11.09	T	-		
1037	34	O	11.09	C	-		
1037	35	O	11.09	C	-		
1037	36	O	11.09	G	-		
1037	37	O	11.09	T	-		
1037	38	O	11.09	A	-		
1037	39	O	11.09	T	-		
1037	40	O	11.09	G	-		
1037	41	O	11.09	A	-		
1037	42	O	11.09	A	-		
1037	43	O	11.09	A	-		
1037	44	O	11.09	T	-		
1037	45	O	11.09	A	-		
1037	46	O	11.09	T	-		
1037	47	O	11.09	G	-		
1037	48	O	11.09	A	-		
1037	49	O	11.09	G	-		
1037	50	O	11.09	G	-		
1037	51	O	11.09	A	-		
1037	52	O	11.09	T	-		
1037	53	O	11.09	G	-		
1037	54	O	11.09	A	-		
1037	55	O	11.09	T	-		
1037	56	O	11.09	G	-		
1037	57	O	11.09	A	-		
1037	58	O	11.09	T	-		
1037	59	O	11.09	G	-		
1037	60	O	11.09	A	-		
1037	61	O	11.09	T	-		
1037	62	O	11.09	G	-		
1037	63	O	11.09	A	-		
1037	64	U	2.86	T	G		
1037	65	O	11.09	G	-		
1037	66	O	11.09	G	-		
1037	67	O	11.09	T	-		
1037	68	O	11.09	C	-		
1037	69	O	11.09	T	-		
1037	70	O	11.09	T	-		
1037	71	O	11.09	G	-		
1037	72	O	11.09	A	-		
1037	73	O	11.09	A	-		
1037	74	O	11.09	G	-		
1037	75	O	11.09	T	-		
1037	76	O	11.09	T	-		
1037	77	O	11.09	G	-		
1037	78	O	11.09	C	-		
1037	79	O	11.09	T	-		
1037	80	O	11.09	G	-		
1037	81	O	11.09	G	-		
1037	82	O	11.09	C	-		
1037	83	O	11.09	T	-		
1037	84	O	11.09	T	-		
1037	85	O	11.09	T	-		
1037	86	O	11.09	G	-		
1037	87	O	11.09	G	-		
1037	88	O	11.09	T	-		
1037	89	O	11.09	G	-		
1037	90	O	11.09	T	-		
1037	91	O	11.09	A	-		
1037	92	O	11.09	G	-		
1037	93	O	11.09	T	-		
1037	94	O	11.09	T	-		
1037	95	O	11.09	G	-		
1037	96	O	11.09	T	-		
1037	97	O	11.09	T	-		
1037	98	O	11.09	G	-		
1037	99	O	11.09	C	-		
1037	100	O	11.09	G	-		
1037	101	O	11.09	G	-		
1037	102	O	11.09	G	-		
1037	103	O	11.09	T	-		
1037	104	O	11.09	C	-		
1037	105	O	11.09	T	-		
1037	106	O	11.09	A	-		
1037	107	O	11.09	C	-		
1037	108	O	11.09	C	-		
1037	109	O	11.09	A	-		
1038	0	O	5.55	G	-		
1038	1	O	5.55	G	-		
1038	2	O	5.55	C	-		
1038	3	O	5.55	G	-		
1038	4	O	5.55	G	-		
1038	5	O	5.55	C	-		
1038	6	O	5.55	G	-		
1038	7	O	5.55	G	-		
1038	8	O	5.55	C	-		
1038	9	O	5.55	C	-		
1038	10	O	5.55	A	-		
1038	11	O	5.55	A	-		
1038	12	O	5.55	G	-		
1038	13	O	5.55	C	-		
1038	14	O	5.55	A	-		
1038	15	O	5.55	G	-		
1038	16	O	5.55	C	-		
1038	17	O	5.55	C	-		
1038	18	O	5.55	G	-		
1038	19	O	5.55	C	-		
1038	20	O	5.55	C	-		
1038	21	O	5.55	G	-		
1038	22	O	5.55	A	-		
1038	23	O	5.55	T	-		
1038	24	O	5.55	T	-		
1038	25	O	5.55	A	-		
1038	26	O	5.55	G	-		
1038	27	O	5.55	C	-		
1038	28	O	5.55	A	-		
1038	29	O	5.55	G	-		
1038	30	O	5.55	T	-		
1038	31	O	5.55	G	-		
1038	32	O	5.55	A	-		
1038	33	O	5.55	T	-		
1038	34	O	5.55	A	-		
1038	35	O	5.55	A	-		
1038	36	O	5.55	A	-		
1038	37	O	5.55	G	-		
1038	38	O	5.55	T	-		
1038	39	O	5.55	G	-		
1038	40	O	5.55	T	-		
1038	41	O	5.55	C	-		
1038	42	O	5.55	C	-		
1038	43	O	5.55	A	-		
1038	44	O	5.55	C	-		
1038	45	O	5.55	A	-		
1038	46	O	5.55	G	-		
1038	47	O	5.55	A	-		
1038	48	O	5.55	G	-		
1038	49	O	5.55	T	-		
1038	50	O	5.55	T	-		
1038	51	O	5.55	G	-		
1038	52	O	5.55	G	-		
1038	53	O	5.55	C	-		
1038	54	O	5.55	C	-		
1038	55	O	5.55	A	-		
1038	56	O	5.55	A	-		
1038	57	O	5.55	A	-		
1038	58	O	5.55	T	-		
1038	59	O	5.55	G	-		
1038	60	O	5.55	C	-		
1038	61	O	5.55	T	-		
1038	62	O	5.55	A	-		
1038	63	O	5.55	C	-		
1038	64	O	5.55	G	-		
1038	65	O	5.55	A	-		
1038	66	O	5.55	C	-		
1038	67	O	5.55	G	-		
1038	68	O	5.55	A	-		
1038	69	O	5.55	A	-		
1038	70	O	5.55	A	-		
1038	71	O	5.55	T	-		
1038	72	O	5.55	C	-		
1038	73	O	5.55	G	-		
1038	74	O	5.55	A	-		
1038	75	O	5.55	T	-		
1038	76	O	5.55	C	-		
1038	77	O	5.55	A	-		
1038	78	O	5.55	G	-		
1038	79	O	5.55	A	-		
1038	80	O	5.55	T	-		
1038	81	O	5.55	C	-		
1038	82	O	5.55	T	-		
1038	83	O	5.55	A	-		
1038	84	O	5.55	C	-		
1038	85	O	5.55	G	-		
1038	86	O	5.55	A	-		
1038	87	O	5.55	C	-		
1038	88	O	5.55	T	-		
1038	89	O	5.55	A	-		
1038	90	O	5.55	C	-		
1038	91	O	5.55	A	-		
1038	92	O	5.55	T	-		
1038	93	O	5.55	C	-		
1038	94	O	5.55	A	-		
1038	95	O	5.55	G	-		
1038	96	O	5.55	G	-		
1038	97	O	5.55	G	-		
1038	98	O	5.55	G	-		
1038	99	O	5.55	T	-		
1038	100	O	5.55	T	-		
1038	101	O	5.55	T	-		
1038	102	O	5.55	A	-		
1038	103	O	5.55	G	-		
1038	104	O	5.55	C	-		
1038	105	O	5.55	T	-		
1038	106	O	5.55	C	-		
1038	107	O	5.55	C	-		
1038	108	O	5.55	T	-		
1038	109	O	5.55	C	-		
1039	0	O	12.48	C	-		
1039	1	O	12.48	T	-		
1039	2	O	12.48	C	-		
1039	3	O	12.48	A	-		
1039	4	O	12.48	A	-		
1039	5	O	12.48	A	-		
1039	6	O	12.48	T	-		
1039	7	O	12.48	T	-		
1039	8	O	12.48	A	-		
1039	9	O	12.48	C	-		
1039	10	O	12.48	G	-		
1039	11	O	12.48	A	-		
1039	12	O	12.48	A	-		
1039	13	O	12.48	G	-		
1039	14	O	12.48	C	-		
1039	15	O	12.48	T	-		
1039	16	O	12.48	T	-		
1039	17	O	12.48	G	-		
1039	18	O	12.48	A	-		
1039	19	O	12.48	G	-		
1039	20	O	12.48	G	-		
1039	21	O	12.48	C	-		
1039	22	O	12.48	C	-		
1039	23	O	12.48	A	-		
1039	24	O	12.48	A	-		
1039	25	O	12.48	G	-		
1039	26	O	12.48	T	-		
1039	27	O	12.48	C	-		
1039	28	O	12.48	T	-		
1039	29	O	12.48	G	-		
1039	30	O	12.48	C	-		
1039	31	O	12.48	A	-		
1039	32	O	12.48	G	-		
1039	33	O	12.48	A	-		
1039	34	O	12.48	A	-		
1039	35	O	12.48	C	-		
1039	36	O	12.48	T	-		
1039	37	O	12.48	G	-		
1039	38	O	12.48	A	-		
1039	39	O	12.48	C	-		
1039	40	O	12.48	T	-		
1039	41	O	12.48	C	-		
1039	42	O	12.48	A	-		
1039	43	O	12.48	T	-		
1039	44	O	12.48	G	-		
1039	45	O	12.48	T	-		
1039	46	O	12.48	C	-		
1039	47	O	12.48	G	-		
1039	48	O	12.48	A	-		
1039	49	O	12.48	A	-		
1039	50	O	12.48	T	-		
1039	51	O	12.48	C	-		
1039	52	O	12.48	A	-		
1039	53	O	12.48	G	-		
1039	54	O	12.48	A	-		
1039	55	O	12.48	C	-		
1039	56	O	12.48	T	-		
1039	57	O	12.48	T	-		
1039	58	O	12.48	G	-		
1039	59	O	12.48	C	-		
1039	60	O	12.48	A	-		
1039	61	O	12.48	A	-		
1039	62	O	12.48	G	-		
1039	63	O	12.48	A	-		
1039	64	O	12.48	T	-		
1039	65	O	12.48	G	-		
1039	66	O	12.48	C	-		
1039	67	O	12.48	T	-		
1039	68	O	12.48	T	-		
1039	69	O	12.48	T	-		
1039	70	O	12.48	A	-		
1039	71	O	12.48	A	-		
1039	72	O	12.48	G	-		
1039	73	O	12.48	A	-		
1039	74	O	12.48	C	-		
1039	75	O	12.48	G	-		
1039	76	O	12.48	T	-		
1039	77	O	12.48	T	-		
1039	78	O	12.48	G	-		
1039	79	O	12.48	C	-		
1039	80	O	12.48	T	-		
1039	81	O	12.48	C	-		
1039	82	O	12.48	C	-		
1039	83	O	12.48	C	-		
1039	84	O	12.48	A	-		
1039	85	O	12.48	G	-		
1039	86	O	12.48	T	-		
1039	87	O	12.48	C	-		
1039	88	O	12.48	G	-		
1039	89	O	12.48	G	-		
1039	90	O	12.48	A	-		
1039	91	O	12.48	G	-		
1039	92	O	12.48	G	-		
1039	93	O	12.48	A	-		
1039	94	O	12.48	A	-		
1039	95	O	12.48	C	-		
1039	96	O	12.48	A	-		
1039	97	O	12.48	A	-		
1039	98	O	12.48	G	-		
1039	99	O	12.48	T	-		
1039	100	O	12.48	C	-		
1039	101	O	12.48	G	-		
1039	102	O	12.48	A	-		
1039	103	O	12.48	T	-		
1039	104	O	12.48	C	-		
1039	105	O	12.48	G	-		
1039	106	O	12.48	G	-		
1039	107	O	12.48	C	-		
1039	108	O	12.48	T	-		
1039	109	O	12.48	T	-		
1040	0	O	15.25	C	-		
1040	1	O	15.25	A	-		
1040	2	O	15.25	T	-		
1040	3	O	15.25	G	-		
1040	4	O	15.25	A	-		
1040	5	O	15.25	A	-		
1040	6	O	15.25	C	-		
1040	7	O	15.25	A	-		
1040	8	O	15.25	G	-		
1040	9	O	15.25	C	-		
1040	10	O	15.25	A	-		
1040	11	O	15.25	T	-		
1040	12	O	15.25	A	-		
1040	13	O	15.25	G	-		
1040	14	O	15.25	A	-		
1040	15	O	15.25	G	-		
1040	16	O	15.25	G	-		
1040	17	O	15.25	C	-		
1040	18	O	15.25	C	-		
1040	19	O	15.25	A	-		
1040	20	O	15.25	A	-		
1040	21	O	15.25	C	-		
1040	22	O	15.25	A	-		
1040	23	O	15.25	A	-		
1040	24	O	15.25	G	-		
1040	25	O	15.25	A	-		
1040	26	O	15.25	G	-		
1040	27	O	15.25	G	-		
1040	28	O	15.25	C	-		
1040	29	O	15.25	T	-		
1040	30	O	15.25	G	-		
1040	31	O	15.25	A	-		
1040	32	O	15.25	G	-		
1040	33	O	15.25	C	-		
1040	34	O	15.25	A	-		
1040	35	O	15.25	C	-		
1040	36	O	15.25	A	-		
1040	37	O	15.25	A	-		
1040	38	O	15.25	G	-		
1040	39	O	15.25	T	-		
1040	40	O	15.25	G	-		
1040	41	O	15.25	C	-		
1040	42	O	15.25	C	-		
1040	43	O	15.25	A	-		
1040	44	O	15.25	G	-		
1040	45	O	15.25	A	-		
1040	46	O	15.25	C	-		
1040	47	O	15.25	G	-		
1040	48	O	15.25	A	-		
1040	49	O	15.25	C	-		
1040	50	O	15.25	A	-		
1040	51	O	15.25	C	-		
1040	52	O	15.25	C	-		
1040	53	O	15.25	T	-		
1040	54	O	15.25	G	-		
1040	55	O	15.25	G	-		
1040	56	O	15.25	A	-		
1040	57	O	15.25	C	-		
1040	58	O	15.25	G	-		
1040	59	O	15.25	C	-		
1040	60	O	15.25	C	-		
1040	61	O	15.25	C	-		
1040	62	O	15.25	T	-		
1040	63	O	15.25	C	-		
1040	64	O	15.25	A	-		
1040	65	O	15.25	G	-		
1040	66	O	15.25	T	-		
1040	67	O	15.25	T	-		
1040	68	O	15.25	G	-		
1040	69	O	15.25	G	-		
1040	70	O	15.25	G	-		
1040	71	O	15.25	C	-		
1040	72	O	15.25	C	-		
1040	73	O	15.25	T	-		
1040	74	O	15.25	G	-		
1040	75	O	15.25	A	-		
1040	76	O	15.25	C	-		
1040	77	O	15.25	T	-		
1040	78	O	15.25	G	-		
1040	79	O	15.25	A	-		
1040	80	O	15.25	G	-		
1040	81	O	15.25	C	-		
1040	82	O	15.25	C	-		
1040	83	O	15.25	T	-		
1040	84	O	15.25	G	-		
1040	85	O	15.25	A	-		
1040	86	O	15.25	A	-		
1040	87	O	15.25	G	-		
1040	88	O	15.25	G	-		
1040	89	O	15.25	T	-		
1040	90	O	15.25	C	-		
1040	91	O	15.25	A	-		
1040	92	O	15.25	A	-		
1040	93	O	15.25	G	-		
1040	94	O	15.25	C	-		
1040	95	O	15.25	C	-		
1040	96	O	15.25	G	-		
1040	97	O	15.25	G	-		
1040	98	O	15.25	A	-		
1040	99	O	15.25	G	-		
1040	100	O	15.25	C	-		
1040	101	O	15.25	C	-		
1040	102	O	15.25	T	-		
1040	103	O	15.25	C	-		
1040	104	O	15.25	C	-		
1040	105	O	15.25	A	-		
1040	106	O	15.25	G	-		
1040	107	O	15.25	A	-		
1040	108	O	15.25	G	-		
1040	109	O	15.25	C	-		
1041	0	O	5.55	G	-		
1041	1	O	5.55	C	-		
1041	2	O	5.55	C	-		
1041	3	O	5.55	A	-		
1041	4	O	5.55	G	-		
1041	5	O	5.55	A	-		
1041	6	O	5.55	G	-		
1041	7	O	5.55	C	-		
1041	8	O	5.55	G	-		
1041	9	O	5.55	C	-		
1041	10	O	5.55	G	-		
1041	11	O	5.55	C	-		
1041	12	O	5.55	C	-		
1041	13	O	5.55	G	-		
1041	14	O	5.55	C	-		
1041	15	O	5.55	A	-		
1041	16	O	5.55	G	-		
1041	17	O	5.55	A	-		
1041	18	O	5.55	C	-		
1041	19	O	5.55	A	-		
1041	20	O	5.55	A	-		
1041	21	O	5.55	A	-		
1041	22	O	5.55	C	-		
1041	23	O	5.55	G	-		
1041	24	O	5.55	C	-		
1041	25	O	5.55	C	-		
1041	26	O	5.55	T	-		
1041	27	O	5.55	T	-		
1041	28	O	5.55	C	-		
1041	29	O	5.55	C	-		
1041	30	O	5.55	T	-		
1041	31	O	5.55	C	-		
1041	32	O	5.55	A	-		
1041	33	O	5.55	A	-		
1041	34	O	5.55	G	-		
1041	35	O	5.55	G	-		
1041	36	O	5.55	G	-		
1041	37	O	5.55	C	-		
1041	38	O	5.55	C	-		
1041	39	O	5.55	T	-		
1041	40	O	5.55	C	-		
1041	41	O	5.55	T	-		
1041	42	O	5.55	C	-		
1041	43	O	5.55	G	-		
1041	44	O	5.55	T	-		
1041	45	O	5.55	C	-		
1041	46	O	5.55	C	-		
1041	47	O	5.55	A	-		
1041	48	O	5.55	T	-		
1041	49	O	5.55	C	-		
1041	50	O	5.55	G	-		
1041	51	O	5.55	T	-		
1041	52	O	5.55	C	-		
1041	53	O	5.55	C	-		
1041	54	O	5.55	A	-		
1041	55	O	5.55	G	-		
1041	56	O	5.55	C	-		
1041	57	O	5.55	C	-		
1041	58	O	5.55	T	-		
1041	59	O	5.55	A	-		
1041	60	O	5.55	G	-		
1041	61	O	5.55	C	-		
1041	62	O	5.55	T	-		
1041	63	O	5.55	G	-		
1041	64	O	5.55	G	-		
1041	65	O	5.55	C	-		
1041	66	O	5.55	T	-		
1041	67	O	5.55	G	-		
1041	68	O	5.55	T	-		
1041	69	O	5.55	C	-		
1041	70	O	5.55	A	-		
1041	71	O	5.55	A	-		
1041	72	O	5.55	T	-		
1041	73	O	5.55	G	-		
1041	74	O	5.55	T	-		
1041	75	O	5.55	T	-		
1041	76	O	5.55	C	-		
1041	77	O	5.55	A	-		
1041	78	O	5.55	A	-		
1041	79	O	5.55	C	-		
1041	80	O	5.55	C	-		
1041	81	O	5.55	A	-		
1041	82	O	5.55	A	-		
1041	83	O	5.55	G	-		
1041	84	O	5.55	C	-		
1041	85	O	5.55	C	-		
1041	86	O	5.55	G	-		
1041	87	O	5.55	A	-		
1041	88	O	5.55	G	-		
1041	89	O	5.55	C	-		
1041	90	O	5.55	T	-		
1041	91	O	5.55	G	-		
1041	92	O	5.55	C	-		
1041	93	O	5.55	A	-		
1041	94	O	5.55	G	-		
1041	95	O	5.55	A	-		
1041	96	O	5.55	C	-		
1041	97	O	5.55	C	-		
1041	98	O	5.55	C	-		
1041	99	O	5.55	T	-		
1041	100	O	5.55	C	-		
1041	101	O	5.55	A	-		
1041	102	O	5.55	T	-		
1041	103	O	5.55	A	-		
1041	104	O	5.55	G	-		
1041	105	O	5.55	G	-		
1041	106	O	5.55	C	-		
1041	107	O	5.55	G	-		
1041	108	O	5.55	G	-		
1041	109	O	5.55	C	-		
1042	0	O	8.32	T	-		
1042	1	O	8.32	C	-		
1042	2	O	8.32	T	-		
1042	3	O	8.32	T	-		
1042	4	O	8.32	T	-		
1042	5	O	8.32	G	-		
1042	6	O	8.32	G	-		
1042	7	O	8.32	T	-		
1042	8	O	8.32	G	-		
1042	9	O	8.32	C	-		
1042	10	O	8.32	C	-		
1042	11	O	8.32	G	-		
1042	12	O	8.32	C	-		
1042	13	O	8.32	C	-		
1042	14	O	8.32	A	-		
1042	15	O	8.32	T	-		
1042	16	O	8.32	C	-		
1042	17	O	8.32	T	-		
1042	18	O	8.32	G	-		
1042	19	O	8.32	A	-		
1042	20	O	8.32	C	-		
1042	21	O	8.32	C	-		
1042	22	O	8.32	A	-		
1042	23	O	8.32	G	-		
1042	24	O	8.32	G	-		
1042	25	O	8.32	G	-		
1042	26	O	8.32	C	-		
1042	27	O	8.32	A	-		
1042	28	O	8.32	C	-		
1042	29	O	8.32	A	-		
1042	30	O	8.32	T	-		
1042	31	O	8.32	G	-		
1042	32	O	8.32	T	-		
1042	33	O	8.32	A	-		
1042	34	O	8.32	G	-		
1042	35	O	8.32	C	-		
1042	36	O	8.32	C	-		
1042	37	O	8.32	A	-		
1042	38	O	8.32	C	-		
1042	39	O	8.32	T	-		
1042	40	O	8.32	C	-		
1042	41	O	8.32	C	-		
1042	42	O	8.32	G	-		
1042	43	O	8.32	G	-		
1042	44	O	8.32	G	-		
1042	45	O	8.32	C	-		
1042	46	O	8.32	C	-		
1042	47	O	8.32	C	-		
1042	48	O	8.32	T	-		
1042	49	O	8.32	C	-		
1042	50	O	8.32	C	-		
1042	51	O	8.32	A	-		
1042	52	O	8.32	G	-		
1042	53	O	8.32	G	-		
1042	54	O	8.32	A	-		
1042	55	O	8.32	A	-		
1042	56	O	8.32	A	-		
1042	57	O	8.32	G	-		
1042	58	O	8.32	A	-		
1042	59	O	8.32	C	-		
1042	60	O	8.32	C	-		
1042	61	O	8.32	G	-		
1042	62	O	8.32	T	-		
1042	63	O	8.32	C	-		
1042	64	O	8.32	G	-		
1042	65	O	8.32	G	-		
1042	66	O	8.32	C	-		
1042	67	O	8.32	G	-		
1042	68	O	8.32	G	-		
1042	69	O	8.32	A	-		
1042	70	O	8.32	G	-		
1042	71	O	8.32	G	-		
1042	72	O	8.32	A	-		
1042	73	O	8.32	A	-		
1042	74	O	8.32	C	-		
1042	75	O	8.32	A	-		
1042	76	O	8.32	A	-		
1042	77	O	8.32	G	-		
1042	78	O	8.32	T	-		
1042	79	O	8.32	T	-		
1042	80	O	8.32	T	-		
1042	81	O	8.32	A	-		
1042	82	O	8.32	A	-		
1042	83	O	8.32	G	-		
1042	84	O	8.32	G	-		
1042	85	O	8.32	G	-		
1042	86	O	8.32	T	-		
1042	87	O	8.32	A	-		
1042	88	O	8.32	C	-		
1042	89	O	8.32	C	-		
1042	90	O	8.32	T	-		
1042	91	O	8.32	T	-		
1042	92	O	8.32	A	-		
1042	93	O	8.32	T	-		
1042	94	O	8.32	C	-		
1042	95	O	8.32	T	-		
1042	96	O	8.32	T	-		
1042	97	O	8.32	G	-		
1042	98	O	8.32	C	-		
1042	99	O	8.32	G	-		
1042	100	O	8.32	T	-		
1042	101	O	8.32	C	-		
1042	102	O	8.32	A	-		
1042	103	O	8.32	G	-		
1042	104	O	8.32	C	-		
1042	105	O	8.32	A	-		
1042	106	O	8.32	C	-		
1042	107	O	8.32	A	-		
1042	108	O	8.32	C	-		
1042	109	O	8.32	C	-		
1043	0	O	9.70	T	-		
1043	1	O	9.70	A	-		
1043	2	O	9.70	G	-		
1043	3	O	9.70	C	-		
1043	4	O	9.70	G	-		
1043	5	O	9.70	G	-		
1043	6	O	9.70	C	-		
1043	7	O	9.70	A	-		
1043	8	O	9.70	T	-		
1043	9	O	9.70	G	-		
1043	10	O	9.70	C	-		
1043	11	O	9.70	A	-		
1043	12	O	9.70	T	-		
1043	13	O	9.70	C	-		
1043	14	O	9.70	T	-		
1043	15	O	9.70	T	-		
1043	16	O	9.70	G	-		
1043	17	O	9.70	C	-		
1043	18	O	9.70	C	-		
1043	19	O	9.70	T	-		
1043	20	O	9.70	T	-		
1043	21	O	9.70	C	-		
1043	22	O	9.70	A	-		
1043	23	O	9.70	C	-		
1043	24	O	9.70	C	-		
1043	25	O	9.70	C	-		
1043	26	O	9.70	G	-		
1043	27	O	9.70	T	-		
1043	28	O	9.70	C	-		
1043	29	O	9.70	G	-		
1043	30	O	9.70	C	-		
1043	31	O	9.70	C	-		
1043	32	O	9.70	A	-		
1043	33	O	9.70	A	-		
1043	34	O	9.70	G	-		
1043	35	O	9.70	T	-		
1043	36	O	9.70	C	-		
1043	37	O	9.70	G	-		
1043	38	O	9.70	A	-		
1043	39	O	9.70	A	-		
1043	40	O	9.70	T	-		
1043	41	O	9.70	A	-		
1043	42	O	9.70	G	-		
1043	43	O	9.70	T	-		
1043	44	O	9.70	T	-		
1043	45	O	9.70	T	-		
1043	46	O	9.70	C	-		
1043	47	O	9.70	T	-		
1043	48	O	9.70	T	-		
1043	49	O	9.70	G	-		
1043	50	O	9.70	A	-		
1043	51	O	9.70	C	-		
1043	52	O	9.70	A	-		
1043	53	O	9.70	A	-		
1043	54	O	9.70	C	-		
1043	55	O	9.70	T	-		
1043	56	O	9.70	T	-		
1043	57	O	9.70	C	-		
1043	58	O	9.70	C	-		
1043	59	O	9.70	G	-		
1043	60	O	9.70	C	-		
1043	61	O	9.70	A	-		
1043	62	O	9.70	T	-		
1043	63	O	9.70	T	-		
1043	64	O	9.70	C	-		
1043	65	O	9.70	A	-		
1043	66	O	9.70	G	-		
1043	67	O	9.70	C	-		
1043	68	O	9.70	T	-		
1043	69	O	9.70	A	-		
1043	70	O	9.70	C	-		
1043	71	O	9.70	A	-		
1043	72	O	9.70	G	-		
1043	73	O	9.70	C	-		
1043	74	O	9.70	C	-		
1043	75	O	9.70	C	-		
1043	76	O	9.70	G	-		
1043	77	O	9.70	A	-		
1043	78	O	9.70	G	-		
1043	79	O	9.70	G	-		
1043	80	O	9.70	C	-		
1043	81	O	9.70	A	-		
1043	82	O	9.70	C	-		
1043	83	O	9.70	T	-		
1043	84	O	9.70	T	-		
1043	85	O	9.70	T	-		
1043	86	O	9.70	A	-		
1043	87	O	9.70	G	-		
1043	88	O	9.70	G	-		
1043	89	O	9.70	G	-		
1043	90	O	9.70	C	-		
1043	91	O	9.70	C	-		
1043	92	O	9.70	C	-		
1043	93	O	9.70	A	-		
1043	94	O	9.70	C	-		
1043	95	O	9.70	G	-		
1043	96	O	9.70	T	-		
1043	97	O	9.70	G	-		
1043	98	O	9.70	C	-		
1043	99	O	9.70	C	-		
1043	100	O	9.70	C	-		
1043	101	O	9.70	G	-		
1043	102	O	9.70	G	-		
1043	103	O	9.70	C	-		
1043	104	O	9.70	G	-		
1043	105	O	9.70	A	-		
1043	106	O	9.70	G	-		
1043	107	O	9.70	A	-		
1043	108	O	9.70	T	-		
1043	109	O	9.70	A	-		
1044	0	O	36.04	C	-		
1044	1	O	36.04	C	-		
1044	2	O	36.04	G	-		
1044	3	O	36.04	A	-		
1044	4	O	36.04	A	-		
1044	5	O	36.04	A	-		
1044	6	O	36.04	C	-		
1044	7	O	36.04	A	-		
1044	8	O	36.04	T	-		
1044	9	O	36.04	T	-		
1044	10	O	36.04	T	-		
1044	11	O	36.04	C	-		
1044	12	O	36.04	C	-		
1044	13	O	36.04	T	-		
1044	14	O	36.04	T	-		
1044	15	O	36.04	T	-		
1044	16	O	36.04	G	-		
1044	17	O	36.04	A	-		
1044	18	O	36.04	A	-		
1044	19	O	36.04	T	-		
1044	20	O	36.04	A	-		
1044	21	O	36.04	G	-		
1044	22	O	36.04	A	-		
1044	23	O	36.04	T	-		
1044	24	O	36.04	G	-		
1044	25	O	36.04	T	-		
1044	26	O	36.04	G	-		
1044	27	O	36.04	G	-		
1044	28	O	36.04	T	-		
1044	29	O	36.04	T	-		
1044	30	O	36.04	C	-		
1044	31	O	36.04	T	-		
1044	32	O	36.04	C	-		
1044	33	O	36.04	C	-		
1044	34	O	36.04	C	-		
1044	35	O	36.04	C	-		
1044	36	O	36.04	A	-		
1044	37	O	36.04	T	-		
1044	38	O	36.04	T	-		
1044	39	O	36.04	T	-		
1044	40	O	36.04	T	-		
1044	41	O	36.04	T	-		
1044	42	O	36.04	T	-		
1044	43	O	36.04	G	-		
1044	44	O	36.04	T	-		
1044	45	O	36.04	T	-		
1044	46	O	36.04	G	-		
1044	47	O	36.04	C	-		
1044	48	O	36.04	G	-		
1044	49	O	36.04	A	-		
1044	50	O	36.04	A	-		
1044	51	O	36.04	A	-		
1044	52	O	36.04	T	-		
1044	53	O	36.04	C	-		
1044	54	O	36.04	T	-		
1044	55	O	36.04	C	-		
1044	56	O	36.04	A	-		
1044	57	O	36.04	C	-		
1044	58	O	36.04	C	-		
1044	59	O	36.04	T	-		
1044	60	O	36.04	T	-		
1044	61	O	36.04	T	-		
1044	62	O	36.04	T	-		
1044	63	O	36.04	G	-		
1044	64	O	36.04	G	-		
1044	65	U	0.00	-	-		
1044	66	O	36.04	A	-		
1044	67	O	36.04	A	-		
1044	68	O	36.04	A	-		
1044	69	O	36.04	T	-		
1044	70	O	36.04	C	-		
1044	71	O	36.04	T	-		
1044	72	O	36.04	C	-		
1044	73	O	36.04	A	-		
1044	74	O	36.04	A	-		
1044	75	O	36.04	A	-		
1044	76	O	36.04	T	-		
1044	77	O	36.04	A	-		
1044	78	O	36.04	A	-		
1044	79	O	36.04	A	-		
1044	80	O	36.04	G	-		
1044	81	O	36.04	G	-		
1044	82	O	36.04	G	-		
1044	83	O	36.04	A	-		
1044	84	O	36.04	A	-		
1044	85	O	36.04	G	-		
1044	86	O	25.37	T	-		
1044	87	O	36.04	G	-		
1044	88	O	36.04	G	-		
1044	89	O	36.04	G	-		
1044	90	O	36.04	A	-		
1044	91	O	36.04	G	-		
1044	92	O	36.04	T	-		
1044	93	O	36.04	A	-		
1044	94	O	36.04	T	-		
1044	95	O	36.04	A	-		
1044	96	O	36.04	G	-		
1044	97	O	36.04	G	-		
1044	98	O	36.04	T	-		
1044	99	O	36.04	T	-		
1044	100	O	36.04	T	-		
1044	101	O	36.04	T	-		
1044	102	O	36.04	T	-		
1044	103	O	36.04	T	-		
1044	104	O	36.04	T	-		
1044	105	O	36.04	G	-		
1044	106	O	36.04	A	-		
1044	107	O	36.04	A	-		
1044	108	O	36.04	G	-		
1044	109	O	36.04	A	-		
1044	110	U	0.00	-	-		
1045	0	O	30.50	G	-		
1045	1	O	30.50	T	-		
1045	2	O	30.50	A	-		
1045	3	O	30.50	G	-		
1045	4	O	30.50	G	-		
1045	5	O	30.50	G	-		
1045	6	O	30.50	A	-		
1045	7	O	30.50	C	-		
1045	8	O	30.50	T	-		
1045	9	O	30.50	T	-		
1045	10	O	20.17	C	-		
1045	11	O	30.50	G	-		
1045	12	O	30.50	G	-		
1045	13	O	30.50	C	-		
1045	14	O	30.50	A	-		
1045	15	O	30.50	A	-		
1045	16	O	30.50	A	-		
1045	17	O	30.50	G	-		
1045	18	O	30.50	T	-		
1045	19	O	20.17	T	-		
1045	20	O	30.50	G	-		
1045	21	O	30.50	C	-		
1045	22	O	30.50	C	-		
1045	23	O	30.50	A	-		
1045	24	O	30.50	A	-		
1045	25	O	30.50	C	-		
1045	26	O	30.50	A	-		
1045	27	O	30.50	G	-		
1045	28	O	30.50	A	-		
1045	29	O	30.50	A	-		
1045	30	O	30.50	G	-		
1045	31	O	20.17	C	-		
1045	32	O	30.50	G	-		
1045	33	O	30.50	T	-		
1045	34	O	30.50	T	-		
1045	35	O	30.50	G	-		
1045	36	O	20.17	A	-		
1045	37	O	30.50	T	-		
1045	38	O	30.50	T	-		
1045	39	O	30.50	T	-		
1045	40	O	30.50	T	-		
1045	41	O	30.50	G	-		
1045	42	O	30.50	C	-		
1045	43	O	30.50	T	-		
1045	44	O	30.50	C	-		
1045	45	O	30.50	T	-		
1045	46	O	30.50	T	-		
1045	47	O	30.50	T	-		
1045	48	O	30.50	C	-		
1045	49	O	30.50	A	-		
1045	50	O	30.50	A	-		
1045	51	O	30.50	G	-		
1045	52	O	30.50	C	-		
1045	53	O	30.50	T	-		
1045	54	O	30.50	C	-		
1045	55	O	30.50	G	-		
1045	56	O	30.50	G	-		
1045	57	O	30.50	T	-		
1045	58	O	30.50	C	-		
1045	59	O	30.50	T	-		
1045	60	O	30.50	G	-		
1045	61	O	30.50	C	-		
1045	62	O	30.50	T	-		
1045	63	O	30.50	T	-		
1045	64	O	30.50	G	-		
1045	65	O	30.50	T	-		
1045	66	O	30.50	G	-		
1045	67	O	30.50	G	-		
1045	68	O	30.50	G	-		
1045	69	O	30.50	A	-		
1045	70	O	30.50	T	-		
1045	71	O	30.50	C	-		
1045	72	O	30.50	T	-		
1045	73	O	30.50	C	-		
1045	74	O	30.50	A	-		
1045	75	O	30.50	C	-		
1045	76	O	30.50	A	-		
1045	77	O	30.50	T	-		
1045	78	O	30.50	G	-		
1045	79	O	30.50	T	-		
1045	80	O	30.50	C	-		
1045	81	O	30.50	C	-		
1045	82	O	30.50	T	-		
1045	83	O	30.50	G	-		
1045	84	O	30.50	G	-		
1045	85	O	30.50	A	-		
1045	86	O	30.50	A	-		
1045	87	O	30.50	T	-		
1045	88	O	30.50	T	-		
1045	89	O	30.50	C	-		
1045	90	O	30.50	T	-		
1045	91	O	30.50	T	-		
1045	92	O	30.50	T	-		
1045	93	O	30.50	T	-		
1045	94	O	30.50	C	-		
1045	95	O	20.17	G	-		
1045	96	O	30.50	T	-		
1045	97	O	30.50	G	-		
1045	98	O	30.50	C	-		
1045	99	O	30.50	C	-		
1045	100	O	30.50	T	-		
1045	101	O	30.50	A	-		
1045	102	O	30.50	T	-		
1045	103	O	30.50	T	-		
1045	104	O	30.50	T	-		
1045	105	O	30.50	T	-		
1045	106	O	30.50	T	-		
1045	107	O	30.50	T	-		
1045	108	O	30.50	G	-		
1045	109	O	12.70	A	-		
1046	0	O	5.55	C	-		
1046	1	O	5.55	C	-		
1046	2	O	5.55	G	-		
1046	3	O	5.55	C	-		
1046	4	O	5.55	C	-		
1046	5	O	5.55	G	-		
1046	6	O	5.55	C	-		
1046	7	O	5.55	T	-		
1046	8	O	5.55	C	-		
1046	9	O	5.55	A	-		
1046	10	O	5.55	C	-		
1046	11	O	5.55	A	-		
1046	12	O	5.55	G	-		
1046	13	O	5.55	G	-		
1046	14	O	5.55	A	-		
1046	15	O	5.55	T	-		
1046	16	O	5.55	C	-		
1046	17	O	5.55	C	-		
1046	18	O	5.55	C	-		
1046	19	O	5.55	T	-		
1046	20	O	5.55	T	-		
1046	21	O	5.55	C	-		
1046	22	O	5.55	T	-		
1046	23	O	5.55	C	-		
1046	24	O	5.55	T	-		
1046	25	O	5.55	G	-		
1046	26	O	5.55	G	-		
1046	27	O	5.55	A	-		
1046	28	O	5.55	C	-		
1046	29	O	5.55	G	-		
1046	30	O	5.55	C	-		
1046	31	O	5.55	T	-		
1046	32	O	5.55	T	-		
1046	33	O	5.55	T	-		
1046	34	O	5.55	T	-		
1046	35	O	5.55	G	-		
1046	36	O	5.55	G	-		
1046	37	O	5.55	T	-		
1046	38	O	5.55	G	-		
1046	39	O	5.55	C	-		
1046	40	O	5.55	G	-		
1046	41	O	5.55	A	-		
1046	42	O	5.55	T	-		
1046	43	O	5.55	G	-		
1046	44	O	5.55	G	-		
1046	45	O	5.55	C	-		
1046	46	O	5.55	G	-		
1046	47	O	5.55	C	-		
1046	48	O	5.55	G	-		
1046	49	O	5.55	C	-		
1046	50	O	5.55	C	-		
1046	51	O	5.55	C	-		
1046	52	O	5.55	T	-		
1046	53	O	5.55	G	-		
1046	54	O	5.55	G	-		
1046	55	O	5.55	A	-		
1046	56	O	5.55	G	-		
1046	57	O	5.55	A	-		
1046	58	O	5.55	T	-		
1046	59	O	5.55	A	-		
1046	60	O	5.55	G	-		
1046	61	O	5.55	T	-		
1046	62	O	5.55	T	-		
1046	63	O	5.55	G	-		
1046	64	O	5.55	A	-		
1046	65	O	5.55	A	-		
1046	66	O	5.55	C	-		
1046	67	O	5.55	A	-		
1046	68	O	5.55	C	-		
1046	69	O	5.55	C	-		
1046	70	O	5.55	T	-		
1046	71	O	5.55	G	-		
1046	72	O	5.55	T	-		
1046	73	O	5.55	A	-		
1046	74	O	5.55	A	-		
1046	75	O	5.55	C	-		
1046	76	O	5.55	T	-		
1046	77	O	5.55	C	-		
1046	78	O	5.55	C	-		
1046	79	O	5.55	G	-		
1046	80	O	5.55	C	-		
1046	81	O	5.55	G	-		
1046	82	O	5.55	A	-		
1046	83	O	5.55	C	-		
1046	84	O	5.55	C	-		
1046	85	O	5.55	C	-		
1046	86	O	5.55	A	-		
1046	87	O	5.55	G	-		
1046	88	O	5.55	C	-		
1046	89	O	5.55	C	-		
1046	90	O	5.55	A	-		
1046	91	O	5.55	G	-		
1046	92	O	5.55	G	-		
1046	93	O	5.55	A	-		
1046	94	O	5.55	A	-		
1046	95	O	5.55	A	-		
1046	96	O	5.55	T	-		
1046	97	O	5.55	A	-		
1046	98	O	5.55	C	-		
1046	99	O	5.55	G	-		
1046	100	O	5.55	G	-		
1046	101	O	5.55	A	-		
1046	102	O	5.55	G	-		
1046	103	O	5.55	A	-		
1046	104	O	5.55	T	-		
1046	105	O	5.55	A	-		
1046	106	O	5.55	G	-		
1046	107	O	5.55	G	-		
1046	108	O	5.55	T	-		
1046	109	O	5.55	G	-		
1047	0	O	11.09	C	-		
1047	1	O	11.09	T	-		
1047	2	O	11.09	A	-		
1047	3	O	11.09	A	-		
1047	4	O	11.09	A	-		
1047	5	O	11.09	C	-		
1047	6	O	11.09	T	-		
1047	7	O	11.09	C	-		
1047	8	O	11.09	G	-		
1047	9	O	11.09	A	-		
1047	10	O	11.09	C	-		
1047	11	O	11.09	T	-		
1047	12	O	11.09	T	-		
1047	13	O	11.09	G	-		
1047	14	O	11.09	C	-		
1047	15	O	11.09	G	-		
1047	16	O	11.09	A	-		
1047	17	O	11.09	G	-		
1047	18	O	11.09	G	-		
1047	19	O	11.09	A	-		
1047	20	O	11.09	T	-		
1047	21	O	11.09	A	-		
1047	22	O	11.09	A	-		
1047	23	O	11.09	T	-		
1047	24	O	11.09	G	-		
1047	25	O	11.09	G	-		
1047	26	O	11.09	C	-		
1047	27	O	11.09	C	-		
1047	28	O	11.09	G	-		
1047	29	O	11.09	C	-		
1047	30	O	11.09	G	-		
1047	31	O	11.09	G	-		
1047	32	O	11.09	C	-		
1047	33	O	11.09	G	-		
1047	34	O	11.09	C	-		
1047	35	O	11.09	G	-		
1047	36	O	11.09	G	-		
1047	37	U	2.86	C	T		
1047	38	O	11.09	A	-		
1047	39	O	11.09	T	-		
1047	40	O	11.09	A	-		
1047	41	O	11.09	A	-		
1047	42	O	11.09	T	-		
1047	43	O	11.09	T	-		
1047	44	O	11.09	G	-		
1047	45	O	11.09	T	-		
1047	46	O	11.09	T	-		
1047	47	O	11.09	C	-		
1047	48	O	11.09	T	-		
1047	49	O	11.09	C	-		
1047	50	O	11.09	G	-		
1047	51	O	11.09	G	-		
1047	52	O	11.09	C	-		
1047	53	O	11.09	C	-		
1047	54	O	11.09	G	-		
1047	55	O	11.09	A	-		
1047	56	O	11.09	G	-		
1047	57	O	11.09	C	-		
1047	58	O	11.09	G	-		
1047	59	O	11.09	C	-		
1047	60	O	11.09	T	-		
1047	61	O	11.09	G	-		
1047	62	O	11.09	G	-		
1047	63	O	11.09	C	-		
1047	64	O	11.09	T	-		
1047	65	O	11.09	T	-		
1047	66	O	11.09	C	-		
1047	67	O	11.09	G	-		
1047	68	O	11.09	C	-		
1047	69	O	11.09	G	-		
1047	70	O	11.09	C	-		
1047	71	O	11.09	T	-		
1047	72	O	11.09	T	-		
1047	73	O	11.09	C	-		
1047	74	O	11.09	G	-		
1047	75	O	11.09	T	-		
1047	76	O	11.09	C	-		
1047	77	O	11.09	G	-		
1047	78	O	11.09	C	-		
1047	79	O	11.09	A	-		
1047	80	O	11.09	G	-		
1047	81	O	11.09	C	-		
1047	82	O	11.09	C	-		
1047	83	O	11.09	A	-		
1047	84	O	11.09	G	-		
1047	85	O	11.09	A	-		
1047	86	O	11.09	C	-		
1047	87	O	11.09	C	-		
1047	88	O	11.09	G	-		
1047	89	O	11.09	A	-		
1047	90	O	11.09	G	-		
1047	91	O	11.09	C	-		
1047	92	O	11.09	C	-		
1047	93	O	11.09	G	-		
1047	94	O	11.09	A	-		
1047	95	O	11.09	G	-		
1047	96	O	11.09	A	-		
1047	97	O	11.09	G	-		
1047	98	O	11.09	C	-		
1047	99	O	11.09	G	-		
1047	100	O	11.09	A	-		
1047	101	O	11.09	C	-		
1047	102	O	11.09	T	-		
1047	103	O	11.09	T	-		
1047	104	O	11.09	G	-		
1047	105	O	11.09	T	-		
1047	106	O	11.09	T	-		
1047	107	O	11.09	G	-		
1047	108	O	11.09	T	-		
1047	109	O	11.09	G	-		
1048	0	O	23.57	A	-		
1048	1	O	23.57	C	-		
1048	2	O	23.57	A	-		
1048	3	O	23.57	T	-		
1048	4	O	23.57	C	-		
1048	5	O	23.57	C	-		
1048	6	O	23.57	T	-		
1048	7	O	23.57	G	-		
1048	8	O	23.57	A	-		
1048	9	O	23.57	A	-		
1048	10	O	23.57	C	-		
1048	11	O	23.57	G	-		
1048	12	O	23.57	A	-		
1048	13	O	23.57	T	-		
1048	14	O	23.57	C	-		
1048	15	O	23.57	C	-		
1048	16	O	23.57	G	-		
1048	17	O	23.57	T	-		
1048	18	O	23.57	C	-		
1048	19	O	23.57	G	-		
1048	20	O	23.57	C	-		
1048	21	O	23.57	C	-		
1048	22	O	23.57	T	-		
1048	23	O	23.57	C	-		
1048	24	O	23.57	T	-		
1048	25	O	23.57	G	-		
1048	26	O	23.57	C	-		
1048	27	O	23.57	C	-		
1048	28	O	23.57	C	-		
1048	29	O	23.57	A	-		
1048	30	O	23.57	G	-		
1048	31	O	23.57	G	-		
1048	32	O	23.57	G	-		
1048	33	O	23.57	A	-		
1048	34	O	23.57	G	-		
1048	35	O	23.57	G	-		
1048	36	O	23.57	T	-		
1048	37	O	23.57	C	-		
1048	38	O	23.57	G	-		
1048	39	O	23.57	A	-		
1048	40	O	23.57	C	-		
1048	41	O	23.57	T	-		
1048	42	O	23.57	G	-		
1048	43	O	23.57	G	-		
1048	44	O	23.57	C	-		
1048	45	O	23.57	G	-		
1048	46	O	23.57	C	-		
1048	47	O	23.57	A	-		
1048	48	O	23.57	A	-		
1048	49	O	23.57	A	-		
1048	50	O	23.57	G	-		
1048	51	O	23.57	T	-		
1048	52	O	23.57	T	-		
1048	53	O	23.57	C	-		
1048	54	O	23.57	C	-		
1048	55	O	23.57	C	-		
1048	56	O	23.57	A	-		
1048	57	O	23.57	A	-		
1048	58	O	23.57	C	-		
1048	59	O	23.57	C	-		
1048	60	O	23.57	G	-		
1048	61	O	23.57	A	-		
1048	62	O	23.57	G	-		
1048	63	O	23.57	T	-		
1048	64	O	23.57	T	-		
1048	65	O	23.57	T	-		
1048	66	O	23.57	C	-		
1048	67	O	23.57	G	-		
1048	68	O	23.57	G	-		
1048	69	O	23.57	C	-		
1048	70	O	23.57	C	-		
1048	71	O	23.57	G	-		
1048	72	O	23.57	T	-		
1048	73	O	23.57	C	-		
1048	74	O	23.57	A	-		
1048	75	O	23.57	A	-		
1048	76	O	23.57	A	-		
1048	77	O	23.57	G	-		
1048	78	O	23.57	A	-		
1048	79	O	23.57	T	-		
1048	80	O	23.57	C	-		
1048	81	O	23.57	A	-		
1048	82	O	23.57	A	-		
1048	83	O	23.57	G	-		
1048	84	O	23.57	G	-		
1048	85	O	23.57	T	-		
1048	86	O	23.57	T	-		
1048	87	O	23.57	T	-		
1048	88	O	23.57	T	-		
1048	89	O	23.57	T	-		
1048	90	O	23.57	G	-		
1048	91	O	23.57	T	-		
1048	92	O	23.57	G	-		
1048	93	O	23.57	G	-		
1048	94	O	23.57	C	-		
1048	95	O	23.57	T	-		
1048	96	O	23.57	C	-		
1048	97	O	23.57	A	-		
1048	98	O	23.57	T	-		
1048	99	O	23.57	G	-		
1048	100	O	23.57	T	-		
1048	101	O	23.57	T	-		
1048	102	O	23.57	G	-		
1048	103	O	23.57	G	-		
1048	104	O	23.57	G	-		
1048	105	O	23.57	C	-		
1048	106	O	23.57	C	-		
1048	107	O	23.57	T	-		
1048	108	O	23.57	T	-		
1048	109	O	23.57	C	-		
1049	0	O	11.09	G	-		
1049	1	O	11.09	A	-		
1049	2	O	11.09	A	-		
1049	3	O	11.09	G	-		
1049	4	O	11.09	G	-		
1049	5	O	11.09	C	-		
1049	6	O	11.09	C	-		
1049	7	O	11.09	C	-		
1049	8	O	11.09	G	-		
1049	9	O	11.09	T	-		
1049	10	O	11.09	T	-		
1049	11	O	11.09	G	-		
1049	12	O	11.09	T	-		
1049	13	O	11.09	T	-		
1049	14	O	11.09	T	-		
1049	15	O	11.09	T	-		
1049	16	O	11.09	C	-		
1049	17	O	11.09	T	-		
1049	18	O	11.09	A	-		
1049	19	O	11.09	A	-		
1049	20	O	11.09	T	-		
1049	21	O	11.09	A	-		
1049	22	O	11.09	T	-		
1049	23	O	11.09	A	-		
1049	24	O	11.09	C	-		
1049	25	O	11.09	T	-		
1049	26	O	11.09	T	-		
1049	27	O	11.09	C	-		
1049	28	O	11.09	T	-		
1049	29	O	11.09	T	-		
1049	30	O	11.09	T	-		
1049	31	O	11.09	A	-		
1049	32	O	11.09	T	-		
1049	33	O	11.09	T	-		
1049	34	O	11.09	T	-		
1049	35	O	11.09	A	-		
1049	36	O	11.09	T	-		
1049	37	O	11.09	C	-		
1049	38	O	11.09	A	-		
1049	39	O	11.09	A	-		
1049	40	O	11.09	A	-		
1049	41	O	11.09	A	-		
1049	42	O	11.09	A	-		
1049	43	O	11.09	T	-		
1049	44	O	11.09	A	-		
1049	45	O	11.09	A	-		
1049	46	O	11.09	A	-		
1049	47	O	11.09	T	-		
1049	48	O	11.09	A	-		
1049	49	O	11.09	T	-		
1049	50	O	11.09	A	-		
1049	51	O	11.09	T	-		
1049	52	O	11.09	G	-		
1049	53	O	11.09	T	-		
1049	54	O	11.09	A	-		
1049	55	O	11.09	T	-		
1049	56	O	11.09	G	-		
1049	57	O	11.09	T	-		
1049	58	O	11.09	G	-		
1049	59	O	11.09	C	-		
1049	60	O	11.09	C	-		
1049	61	O	11.09	A	-		
1049	62	O	11.09	T	-		
1049	63	O	11.09	A	-		
1049	64	O	11.09	T	-		
1049	65	O	11.09	T	-		
1049	66	O	11.09	A	-		
1049	67	O	11.09	A	-		
1049	68	O	11.09	C	-		
1049	69	O	11.09	A	-		
1049	70	O	11.09	C	-		
1049	71	O	11.09	T	-		
1049	72	O	11.09	A	-		
1049	73	O	11.09	T	-		
1049	74	O	11.09	T	-		
1049	75	O	11.09	A	-		
1049	76	O	11.09	A	-		
1049	77	O	11.09	A	-		
1049	78	O	11.09	C	-		
1049	79	O	11.09	A	-		
1049	80	O	11.09	T	-		
1049	81	O	11.09	C	-		
1049	82	O	11.09	A	-		
1049	83	O	11.09	A	-		
1049	84	O	11.09	A	-		
1049	85	O	11.09	T	-		
1049	86	O	11.09	A	-		
1049	87	O	11.09	C	-		
1049	88	O	11.09	T	-		
1049	89	O	11.09	T	-		
1049	90	O	11.09	C	-		
1049	91	O	11.09	G	-		
1049	92	O	11.09	A	-		
1049	93	O	11.09	A	-		
1049	94	O	11.09	T	-		
1049	95	O	11.09	G	-		
1049	96	O	11.09	A	-		
1049	97	O	11.09	C	-		
1049	98	O	11.09	A	-		
1049	99	O	11.09	A	-		
1049	100	O	11.09	T	-		
1049	101	O	11.09	G	-		
1049	102	O	11.09	A	-		
1049	103	O	11.09	A	-		
1049	104	O	11.09	C	-		
1049	105	O	11.09	A	-		
1049	106	O	11.09	T	-		
1049	107	O	11.09	T	-		
1049	108	O	11.09	T	-		
1049	109	O	11.09	G	-		
1050	0	O	6.93	T	-		
1050	1	O	6.93	A	-		
1050	2	O	6.93	G	-		
1050	3	O	6.93	T	-		
1050	4	O	6.93	C	-		
1050	5	O	6.93	G	-		
1050	6	O	6.93	A	-		
1050	7	O	6.93	T	-		
1050	8	O	6.93	T	-		
1050	9	O	6.93	G	-		
1050	10	O	6.93	C	-		
1050	11	O	6.93	C	-		
1050	12	O	6.93	C	-		
1050	13	O	6.93	A	-		
1050	14	O	6.93	C	-		
1050	15	O	6.93	C	-		
1050	16	O	6.93	T	-		
1050	17	O	6.93	A	-		
1050	18	O	6.93	C	-		
1050	19	O	6.93	G	-		
1050	20	O	6.93	A	-		
1050	21	O	6.93	C	-		
1050	22	O	6.93	C	-		
1050	23	O	6.93	C	-		
1050	24	O	6.93	T	-		
1050	25	O	6.93	G	-		
1050	26	O	6.93	T	-		
1050	27	O	6.93	A	-		
1050	28	O	6.93	A	-		
1050	29	O	6.93	G	-		
1050	30	O	6.93	C	-		
1050	31	O	6.93	A	-		
1050	32	O	6.93	C	-		
1050	33	O	6.93	A	-		
1050	34	O	6.93	C	-		
1050	35	O	6.93	G	-		
1050	36	O	6.93	G	-		
1050	37	O	6.93	G	-		
1050	38	O	6.93	T	-		
1050	39	O	6.93	G	-		
1050	40	O	6.93	T	-		
1050	41	O	6.93	A	-		
1050	42	O	6.93	A	-		
1050	43	O	6.93	G	-		
1050	44	O	6.93	T	-		
1050	45	O	6.93	T	-		
1050	46	O	6.93	T	-		
1050	47	O	6.93	A	-		
1050	48	O	6.93	G	-		
1050	49	O	6.93	C	-		
1050	50	O	6.93	A	-		
1050	51	O	6.93	C	-		
1050	52	O	6.93	C	-		
1050	53	O	6.93	A	-		
1050	54	O	6.93	G	-		
1050	55	O	6.93	C	-		
1050	56	U	-0.27	T	A		
1050	57	O	6.93	C	-		
1050	58	O	6.93	G	-		
1050	59	O	6.93	A	-		
1050	60	O	6.93	T	-		
1050	61	O	6.93	G	-		
1050	62	O	6.93	G	-		
1050	63	O	6.93	T	-		
1050	64	O	6.93	G	-		
1050	65	O	6.93	A	-		
1050	66	O	6.93	A	-		
1050	67	O	6.93	A	-		
1050	68	O	6.93	C	-		
1050	69	O	6.93	C	-		
1050	70	O	6.93	C	-		
1050	71	O	6.93	A	-		
1050	72	O	6.93	G	-		
1050	73	O	6.93	C	-		
1050	74	O	6.93	A	-		
1050	75	O	6.93	A	-		
1050	76	O	6.93	T	-		
1050	77	O	6.93	A	-		
1050	78	O	6.93	G	-		
1050	79	O	6.93	A	-		
1050	80	O	6.93	T	-		
1050	81	O	6.93	G	-		
1050	82	O	6.93	C	-		
1050	83	O	6.93	A	-		
1050	84	O	6.93	G	-		
1050	85	O	6.93	G	-		
1050	86	O	6.93	A	-		
1050	87	O	6.93	G	-		
1050	88	O	6.93	G	-		
1050	89	O	6.93	T	-		
1050	90	O	6.93	G	-		
1050	91	O	6.93	C	-		
1050	92	O	6.93	A	-		
1050	93	O	6.93	C	-		
1050	94	O	6.93	A	-		
1050	95	O	6.93	C	-		
1050	96	O	6.93	A	-		
1050	97	O	6.93	G	-		
1050	98	O	6.93	A	-		
1050	99	O	6.93	A	-		
1050	100	O	6.93	T	-		
1050	101	O	6.93	G	-		
1050	102	O	6.93	G	-		
1050	103	O	6.93	G	-		
1050	104	O	6.93	C	-		
1050	105	O	6.93	C	-		
1050	106	O	6.93	T	-		
1050	107	O	6.93	G	-		
1050	108	O	6.93	A	-		
1050	109	O	6.93	A	-		
1051	0	O	12.48	T	-		
1051	1	O	12.48	G	-		
1051	2	O	12.48	G	-		
1051	3	O	12.48	G	-		
1051	4	O	12.48	T	-		
1051	5	O	12.48	C	-		
1051	6	O	12.48	A	-		
1051	7	O	12.48	A	-		
1051	8	O	12.48	G	-		
1051	9	O	12.48	G	-		
1051	10	O	12.48	T	-		
1051	11	O	12.48	A	-		
1051	12	O	12.48	G	-		
1051	13	O	12.48	T	-		
1051	14	O	12.48	A	-		
1051	15	O	12.48	T	-		
1051	16	O	12.48	C	-		
1051	17	O	12.48	T	-		
1051	18	O	12.48	C	-		
1051	19	O	12.48	G	-		
1051	20	O	12.48	A	-		
1051	21	O	12.48	A	-		
1051	22	O	12.48	C	-		
1051	23	O	12.48	C	-		
1051	24	O	12.48	A	-		
1051	25	O	12.48	A	-		
1051	26	O	12.48	G	-		
1051	27	O	12.48	T	-		
1051	28	O	12.48	C	-		
1051	29	O	12.48	A	-		
1051	30	O	12.48	A	-		
1051	31	O	12.48	A	-		
1051	32	O	12.48	C	-		
1051	33	O	12.48	C	-		
1051	34	O	12.48	C	-		
1051	35	O	12.48	G	-		
1051	36	O	12.48	C	-		
1051	37	O	12.48	G	-		
1051	38	O	12.48	T	-		
1051	39	O	12.48	G	-		
1051	40	O	12.48	C	-		
1051	41	O	12.48	G	-		
1051	42	O	12.48	A	-		
1051	43	O	12.48	T	-		
1051	44	O	12.48	A	-		
1051	45	O	12.48	A	-		
1051	46	O	12.48	T	-		
1051	47	O	12.48	G	-		
1051	48	O	12.48	C	-		
1051	49	O	12.48	T	-		
1051	50	O	12.48	A	-		
1051	51	O	12.48	G	-		
1051	52	O	12.48	C	-		
1051	53	O	12.48	C	-		
1051	54	O	12.48	C	-		
1051	55	O	12.48	A	-		
1051	56	O	12.48	T	-		
1051	57	O	12.48	G	-		
1051	58	O	12.48	G	-		
1051	59	O	12.48	A	-		
1051	60	O	12.48	G	-		
1051	61	O	12.48	C	-		
1051	62	O	12.48	C	-		
1051	63	O	12.48	T	-		
1051	64	O	12.48	A	-		
1051	65	O	12.48	G	-		
1051	66	O	12.48	A	-		
1051	67	O	12.48	C	-		
1051	68	O	12.48	C	-		
1051	69	O	12.48	A	-		
1051	70	O	12.48	G	-		
1051	71	O	12.48	G	-		
1051	72	O	12.48	A	-		
1051	73	O	12.48	C	-		
1051	74	O	12.48	G	-		
1051	75	O	12.48	C	-		
1051	76	O	12.48	A	-		
1051	77	O	12.48	G	-		
1051	78	O	12.48	A	-		
1051	79	O	12.48	T	-		
1051	80	O	12.48	C	-		
1051	81	O	12.48	C	-		
1051	82	O	12.48	T	-		
1051	83	O	12.48	T	-		
1051	84	O	12.48	G	-		
1051	85	O	12.48	C	-		
1051	86	O	12.48	A	-		
1051	87	O	12.48	G	-		
1051	88	O	12.48	T	-		
1051	89	O	12.48	A	-		
1051	90	O	12.48	G	-		
1051	91	O	12.48	T	-		
1051	92	O	12.48	G	-		
1051	93	O	12.48	G	-		
1051	94	O	12.48	T	-		
1051	95	O	12.48	T	-		
1051	96	O	12.48	T	-		
1051	97	O	12.48	A	-		
1051	98	O	12.48	G	-		
1051	99	O	12.48	T	-		
1051	100	O	12.48	T	-		
1051	101	O	12.48	G	-		
1051	102	O	12.48	G	-		
1051	103	O	12.48	C	-		
1051	104	O	12.48	T	-		
1051	105	O	12.48	G	-		
1051	106	O	12.48	A	-		
1051	107	O	12.48	G	-		
1051	108	O	12.48	A	-		
1051	109	O	12.48	C	-		
1052	0	O	15.25	A	-		
1052	1	O	15.25	T	-		
1052	2	O	15.25	C	-		
1052	3	O	15.25	A	-		
1052	4	O	15.25	T	-		
1052	5	O	15.25	C	-		
1052	6	O	15.25	T	-		
1052	7	O	15.25	C	-		
1052	8	O	15.25	C	-		
1052	9	O	15.25	T	-		
1052	10	O	15.25	A	-		
1052	11	O	15.25	A	-		
1052	12	O	15.25	T	-		
1052	13	O	15.25	A	-		
1052	14	O	15.25	C	-		
1052	15	O	15.25	T	-		
1052	16	O	15.25	T	-		
1052	17	O	15.25	C	-		
1052	18	O	15.25	A	-		
1052	19	O	15.25	C	-		
1052	20	O	15.25	C	-		
1052	21	O	15.25	A	-		
1052	22	O	15.25	G	-		
1052	23	O	15.25	A	-		
1052	24	O	15.25	C	-		
1052	25	O	15.25	T	-		
1052	26	O	15.25	T	-		
1052	27	O	15.25	G	-		
1052	28	O	15.25	T	-		
1052	29	O	15.25	T	-		
1052	30	O	15.25	A	-		
1052	31	O	15.25	G	-		
1052	32	O	15.25	C	-		
1052	33	O	15.25	T	-		
1052	34	O	15.25	T	-		
1052	35	O	15.25	G	-		
1052	36	O	15.25	C	-		
1052	37	O	15.25	A	-		
1052	38	O	15.25	T	-		
1052	39	O	15.25	T	-		
1052	40	O	15.25	G	-		
1052	41	O	15.25	A	-		
1052	42	O	15.25	A	-		
1052	43	O	15.25	G	-		
1052	44	O	15.25	A	-		
1052	45	O	15.25	A	-		
1052	46	O	15.25	T	-		
1052	47	O	15.25	T	-		
1052	48	O	15.25	A	-		
1052	49	O	15.25	T	-		
1052	50	O	15.25	T	-		
1052	51	O	15.25	G	-		
1052	52	O	15.25	T	-		
1052	53	O	15.25	T	-		
1052	54	O	15.25	A	-		
1052	55	O	15.25	C	-		
1052	56	O	15.25	T	-		
1052	57	O	15.25	T	-		
1052	58	O	15.25	T	-		
1052	59	O	15.25	G	-		
1052	60	O	15.25	A	-		
1052	61	O	15.25	T	-		
1052	62	O	15.25	T	-		
1052	63	O	15.25	T	-		
1052	64	O	15.25	G	-		
1052	65	O	15.25	G	-		
1052	66	O	15.25	A	-		
1052	67	O	15.25	A	-		
1052	68	O	15.25	A	-		
1052	69	O	15.25	A	-		
1052	70	O	15.25	T	-		
1052	71	O	15.25	T	-		
1052	72	O	15.25	C	-		
1052	73	O	15.25	T	-		
1052	74	O	15.25	C	-		
1052	75	O	15.25	A	-		
1052	76	O	15.25	C	-		
1052	77	O	15.25	T	-		
1052	78	O	15.25	A	-		
1052	79	O	15.25	C	-		
1052	80	O	15.25	T	-		
1052	81	O	15.25	T	-		
1052	82	O	15.25	T	-		
1052	83	O	15.25	G	-		
1052	84	O	15.25	C	-		
1052	85	O	15.25	A	-		
1052	86	O	15.25	C	-		
1052	87	O	15.25	A	-		
1052	88	O	15.25	T	-		
1052	89	O	15.25	T	-		
1052	90	O	15.25	G	-		
1052	91	O	15.25	T	-		
1052	92	O	15.25	C	-		
1052	93	O	15.25	G	-		
1052	94	O	15.25	T	-		
1052	95	O	15.25	G	-		
1052	96	O	15.25	T	-		
1052	97	O	15.25	T	-		
1052	98	O	15.25	G	-		
1052	99	O	15.25	G	-		
1052	100	O	15.25	G	-		
1052	101	O	15.25	C	-		
1052	102	O	15.25	T	-		
1052	103	O	15.25	G	-		
1052	104	O	15.25	A	-		
1052	105	O	15.25	T	-		
1052	106	O	15.25	G	-		
1052	107	O	15.25	A	-		
1052	108	O	15.25	A	-		
1052	109	O	15.25	T	-		
1053	0	O	6.93	G	-		
1053	1	O	6.93	T	-		
1053	2	O	6.93	C	-		
1053	3	O	6.93	G	-		
1053	4	O	6.93	G	-		
1053	5	O	6.93	C	-		
1053	6	O	6.93	G	-		
1053	7	O	6.93	T	-		
1053	8	O	6.93	C	-		
1053	9	O	6.93	T	-		
1053	10	O	6.93	G	-		
1053	11	O	6.93	G	-		
1053	12	O	6.93	A	-		
1053	13	O	6.93	G	-		
1053	14	O	6.93	A	-		
1053	15	O	6.93	G	-		
1053	16	O	6.93	G	-		
1053	17	O	6.93	G	-		
1053	18	O	6.93	C	-		
1053	19	O	6.93	A	-		
1053	20	O	6.93	A	-		
1053	21	O	6.93	T	-		
1053	22	O	6.93	G	-		
1053	23	O	6.93	A	-		
1053	24	O	6.93	T	-		
1053	25	O	6.93	C	-		
1053	26	O	6.93	G	-		
1053	27	O	6.93	C	-		
1053	28	O	6.93	A	-		
1053	29	O	6.93	G	-		
1053	30	O	6.93	T	-		
1053	31	O	6.93	C	-		
1053	32	O	6.93	G	-		
1053	33	O	6.93	G	-		
1053	34	O	6.93	G	-		
1053	35	O	6.93	G	-		
1053	36	O	6.93	C	-		
1053	37	O	6.93	G	-		
1053	38	O	6.93	A	-		
1053	39	O	6.93	G	-		
1053	40	O	6.93	G	-		
1053	41	O	6.93	C	-		
1053	42	O	6.93	A	-		
1053	43	O	6.93	G	-		
1053	44	O	6.93	T	-		
1053	45	O	6.93	C	-		
1053	46	O	6.93	G	-		
1053	47	O	6.93	A	-		
1053	48	O	6.93	G	-		
1053	49	O	6.93	T	-		
1053	50	O	6.93	G	-		
1053	51	O	6.93	G	-		
1053	52	O	6.93	C	-		
1053	53	O	6.93	A	-		
1053	54	O	6.93	G	-		
1053	55	O	6.93	C	-		
1053	56	O	6.93	C	-		
1053	57	O	6.93	C	-		
1053	58	O	6.93	G	-		
1053	59	O	6.93	C	-		
1053	60	O	6.93	T	-		
1053	61	O	6.93	G	-		
1053	62	O	6.93	C	-		
1053	63	O	6.93	T	-		
1053	64	O	6.93	C	-		
1053	65	O	6.93	G	-		
1053	66	O	6.93	A	-		
1053	67	O	6.93	C	-		
1053	68	O	6.93	T	-		
1053	69	O	6.93	G	-		
1053	70	O	6.93	A	-		
1053	71	O	6.93	C	-		
1053	72	O	6.93	G	-		
1053	73	O	6.93	A	-		
1053	74	O	6.93	A	-		
1053	75	O	6.93	G	-		
1053	76	O	6.93	A	-		
1053	77	O	6.93	G	-		
1053	78	O	6.93	C	-		
1053	79	O	6.93	A	-		
1053	80	O	6.93	G	-		
1053	81	O	6.93	C	-		
1053	82	O	6.93	A	-		
1053	83	O	6.93	G	-		
1053	84	O	6.93	G	-		
1053	85	O	6.93	T	-		
1053	86	O	6.93	T	-		
1053	87	O	6.93	A	-		
1053	88	O	6.93	G	-		
1053	89	O	6.93	C	-		
1053	90	O	6.93	G	-		
1053	91	O	6.93	G	-		
1053	92	O	6.93	C	-		
1053	93	O	6.93	C	-		
1053	94	O	6.93	G	-		
1053	95	O	6.93	T	-		
1053	96	O	6.93	G	-		
1053	97	O	6.93	A	-		
1053	98	O	6.93	T	-		
1053	99	O	6.93	G	-		
1053	100	O	6.93	T	-		
1053	101	O	6.93	G	-		
1053	102	O	6.93	T	-		
1053	103	O	6.93	G	-		
1053	104	O	6.93	G	-		
1053	105	O	6.93	C	-		
1053	106	O	6.93	T	-		
1053	107	O	6.93	G	-		
1053	108	O	6.93	C	-		
1053	109	O	6.93	G	-		
1054	0	O	6.93	A	-		
1054	1	O	6.93	A	-		
1054	2	O	6.93	G	-		
1054	3	O	6.93	A	-		
1054	4	O	6.93	A	-		
1054	5	O	6.93	A	-		
1054	6	O	6.93	G	-		
1054	7	O	6.93	C	-		
1054	8	O	6.93	A	-		
1054	9	O	6.93	A	-		
1054	10	O	6.93	A	-		
1054	11	O	6.93	T	-		
1054	12	O	6.93	G	-		
1054	13	O	6.93	A	-		
1054	14	O	6.93	A	-		
1054	15	O	6.93	A	-		
1054	16	O	6.93	G	-		
1054	17	O	6.93	C	-		
1054	18	O	6.93	A	-		
1054	19	O	6.93	A	-		
1054	20	O	6.93	A	-		
1054	21	O	6.93	A	-		
1054	22	O	6.93	G	-		
1054	23	O	6.93	G	-		
1054	24	O	6.93	G	-		
1054	25	O	6.93	T	-		
1054	26	O	6.93	C	-		
1054	27	O	6.93	C	-		
1054	28	O	6.93	C	-		
1054	29	O	6.93	T	-		
1054	30	O	6.93	C	-		
1054	31	O	6.93	C	-		
1054	32	O	6.93	A	-		
1054	33	O	6.93	T	-		
1054	34	O	6.93	C	-		
1054	35	O	6.93	G	-		
1054	36	O	6.93	T	-		
1054	37	O	6.93	G	-		
1054	38	O	6.93	T	-		
1054	39	O	6.93	T	-		
1054	40	O	6.93	G	-		
1054	41	O	6.93	T	-		
1054	42	O	6.93	C	-		
1054	43	O	6.93	T	-		
1054	44	O	6.93	G	-		
1054	45	O	6.93	A	-		
1054	46	O	6.93	T	-		
1054	47	O	6.93	C	-		
1054	48	O	6.93	T	-		
1054	49	O	6.93	C	-		
1054	50	O	6.93	C	-		
1054	51	O	6.93	A	-		
1054	52	O	6.93	T	-		
1054	53	O	6.93	G	-		
1054	54	O	6.93	T	-		
1054	55	O	6.93	C	-		
1054	56	O	6.93	T	-		
1054	57	O	6.93	C	-		
1054	58	O	6.93	C	-		
1054	59	O	6.93	T	-		
1054	60	O	6.93	C	-		
1054	61	O	6.93	T	-		
1054	62	O	6.93	C	-		
1054	63	O	6.93	C	-		
1054	64	O	6.93	C	-		
1054	65	O	6.93	A	-		
1054	66	O	6.93	C	-		
1054	67	O	6.93	T	-		
1054	68	O	6.93	C	-		
1054	69	O	6.93	C	-		
1054	70	O	6.93	A	-		
1054	71	O	6.93	G	-		
1054	72	O	6.93	G	-		
1054	73	O	6.93	G	-		
1054	74	O	6.93	T	-		
1054	75	O	6.93	C	-		
1054	76	O	6.93	G	-		
1054	77	O	6.93	T	-		
1054	78	O	6.93	G	-		
1054	79	O	6.93	T	-		
1054	80	O	6.93	T	-		
1054	81	O	6.93	T	-		
1054	82	O	6.93	T	-		
1054	83	O	6.93	T	-		
1054	84	O	6.93	G	-		
1054	85	O	6.93	T	-		
1054	86	O	6.93	G	-		
1054	87	O	6.93	G	-		
1054	88	O	6.93	T	-		
1054	89	O	6.93	T	-		
1054	90	O	6.93	T	-		
1054	91	O	6.93	T	-		
1054	92	O	6.93	C	-		
1054	93	O	6.93	T	-		
1054	94	O	6.93	C	-		
1054	95	O	6.93	T	-		
1054	96	O	6.93	T	-		
1054	97	O	6.93	T	-		
1054	98	O	6.93	T	-		
1054	99	O	6.93	G	-		
1054	100	O	6.93	T	-		
1054	101	O	6.93	T	-		
1054	102	O	6.93	G	-		
1054	103	O	6.93	T	-		
1054	104	O	6.93	G	-		
1054	105	O	6.93	A	-		
1054	106	O	6.93	A	-		
1054	107	O	6.93	G	-		
1054	108	O	6.93	T	-		
1054	109	O	6.93	A	-		
1055	0	O	5.55	T	-		
1055	1	O	5.55	C	-		
1055	2	O	5.55	G	-		
1055	3	O	5.55	A	-		
1055	4	O	5.55	G	-		
1055	5	O	5.55	G	-		
1055	6	O	5.55	C	-		
1055	7	O	5.55	T	-		
1055	8	O	5.55	T	-		
1055	9	O	5.55	G	-		
1055	10	O	5.55	C	-		
1055	11	O	5.55	G	-		
1055	12	O	5.55	A	-		
1055	13	O	5.55	T	-		
1055	14	O	5.55	T	-		
1055	15	O	5.55	T	-		
1055	16	O	5.55	T	-		
1055	17	O	5.55	G	-		
1055	18	O	5.55	A	-		
1055	19	O	5.55	T	-		
1055	20	O	5.55	G	-		
1055	21	O	5.55	A	-		
1055	22	O	5.55	C	-		
1055	23	O	5.55	A	-		
1055	24	O	5.55	T	-		
1055	25	O	5.55	G	-		
1055	26	O	5.55	G	-		
1055	27	O	5.55	G	-		
1055	28	O	5.55	T	-		
1055	29	O	5.55	G	-		
1055	30	O	5.55	T	-		
1055	31	O	5.55	G	-		
1055	32	O	5.55	G	-		
1055	33	O	5.55	A	-		
1055	34	O	5.55	G	-		
1055	35	O	5.55	T	-		
1055	36	O	5.55	A	-		
1055	37	O	5.55	T	-		
1055	38	O	5.55	C	-		
1055	39	O	5.55	A	-		
1055	40	O	5.55	G	-		
1055	41	O	5.55	G	-		
1055	42	O	5.55	C	-		
1055	43	O	5.55	T	-		
1055	44	O	5.55	T	-		
1055	45	O	5.55	A	-		
1055	46	O	5.55	G	-		
1055	47	O	5.55	T	-		
1055	48	O	5.55	C	-		
1055	49	O	5.55	A	-		
1055	50	O	5.55	C	-		
1055	51	O	5.55	A	-		
1055	52	O	5.55	A	-		
1055	53	O	5.55	C	-		
1055	54	O	5.55	T	-		
1055	55	O	5.55	A	-		
1055	56	O	5.55	C	-		
1055	57	O	5.55	T	-		
1055	58	O	5.55	T	-		
1055	59	O	5.55	C	-		
1055	60	O	5.55	C	-		
1055	61	O	5.55	G	-		
1055	62	O	5.55	C	-		
1055	63	O	5.55	C	-		
1055	64	O	5.55	G	-		
1055	65	O	5.55	A	-		
1055	66	O	5.55	G	-		
1055	67	O	5.55	A	-		
1055	68	O	5.55	A	-		
1055	69	O	5.55	A	-		
1055	70	O	5.55	G	-		
1055	71	O	5.55	G	-		
1055	72	O	5.55	T	-		
1055	73	O	5.55	G	-		
1055	74	O	5.55	G	-		
1055	75	O	5.55	C	-		
1055	76	O	5.55	A	-		
1055	77	O	5.55	G	-		
1055	78	O	5.55	T	-		
1055	79	O	5.55	G	-		
1055	80	O	5.55	G	-		
1055	81	O	5.55	G	-		
1055	82	O	5.55	G	-		
1055	83	O	5.55	T	-		
1055	84	O	5.55	G	-		
1055	85	O	5.55	C	-		
1055	86	O	5.55	C	-		
1055	87	O	5.55	A	-		
1055	88	O	5.55	G	-		
1055	89	O	5.55	G	-		
1055	90	O	5.55	G	-		
1055	91	O	5.55	A	-		
1055	92	O	5.55	G	-		
1055	93	O	5.55	G	-		
1055	94	O	5.55	A	-		
1055	95	O	5.55	C	-		
1055	96	O	5.55	T	-		
1055	97	O	5.55	G	-		
1055	98	O	5.55	G	-		
1055	99	O	5.55	A	-		
1055	100	O	5.55	G	-		
1055	101	O	5.55	A	-		
1055	102	O	5.55	T	-		
1055	103	O	5.55	T	-		
1055	104	O	5.55	T	-		
1055	105	O	5.55	A	-		
1055	106	O	5.55	C	-		
1055	107	O	5.55	A	-		
1055	108	O	5.55	G	-		
1055	109	O	5.55	A	-		
1056	0	O	22.18	A	-		
1056	1	O	22.18	G	-		
1056	2	O	22.18	C	-		
1056	3	O	22.18	T	-		
1056	4	O	22.18	G	-		
1056	5	O	22.18	G	-		
1056	6	O	22.18	T	-		
1056	7	O	22.18	G	-		
1056	8	O	22.18	T	-		
1056	9	O	22.18	A	-		
1056	10	O	22.18	G	-		
1056	11	O	22.18	A	-		
1056	12	O	22.18	G	-		
1056	13	O	22.18	A	-		
1056	14	O	22.18	A	-		
1056	15	O	22.18	T	-		
1056	16	O	22.18	C	-		
1056	17	O	22.18	T	-		
1056	18	O	22.18	G	-		
1056	19	O	22.18	G	-		
1056	20	O	22.18	A	-		
1056	21	O	22.18	A	-		
1056	22	O	22.18	G	-		
1056	23	O	22.18	G	-		
1056	24	O	22.18	T	-		
1056	25	O	22.18	C	-		
1056	26	O	22.18	T	-		
1056	27	O	22.18	G	-		
1056	28	O	22.18	A	-		
1056	29	O	22.18	G	-		
1056	30	O	22.18	C	-		
1056	31	O	22.18	G	-		
1056	32	O	22.18	G	-		
1056	33	O	22.18	T	-		
1056	34	O	22.18	A	-		
1056	35	O	22.18	C	-		
1056	36	O	22.18	C	-		
1056	37	O	22.18	G	-		
1056	38	O	22.18	C	-		
1056	39	O	22.18	A	-		
1056	40	O	22.18	T	-		
1056	41	O	22.18	A	-		
1056	42	O	22.18	C	-		
1056	43	O	22.18	A	-		
1056	44	O	22.18	G	-		
1056	45	O	22.18	A	-		
1056	46	O	22.18	C	-		
1056	47	O	22.18	A	-		
1056	48	O	22.18	T	-		
1056	49	O	22.18	C	-		
1056	50	O	22.18	T	-		
1056	51	O	22.18	G	-		
1056	52	O	22.18	C	-		
1056	53	O	22.18	G	-		
1056	54	O	22.18	A	-		
1056	55	O	22.18	G	-		
1056	56	O	22.18	G	-		
1056	57	O	22.18	A	-		
1056	58	O	22.18	T	-		
1056	59	O	22.18	C	-		
1056	60	O	22.18	A	-		
1056	61	O	22.18	C	-		
1056	62	O	22.18	C	-		
1056	63	O	22.18	T	-		
1056	64	O	22.18	C	-		
1056	65	O	22.18	G	-		
1056	66	O	22.18	C	-		
1056	67	O	22.18	C	-		
1056	68	O	22.18	G	-		
1056	69	O	22.18	G	-		
1056	70	O	22.18	C	-		
1056	71	O	22.18	T	-		
1056	72	O	22.18	G	-		
1056	73	O	22.18	T	-		
1056	74	O	22.18	G	-		
1056	75	O	22.18	G	-		
1056	76	O	22.18	G	-		
1056	77	O	22.18	C	-		
1056	78	O	22.18	C	-		
1056	79	O	22.18	A	-		
1056	80	O	22.18	G	-		
1056	81	O	22.18	T	-		
1056	82	O	22.18	C	-		
1056	83	O	22.18	T	-		
1056	84	O	22.18	T	-		
1056	85	O	22.18	T	-		
1056	86	O	22.18	T	-		
1056	87	O	22.18	G	-		
1056	88	O	22.18	G	-		
1056	89	O	22.18	T	-		
1056	90	O	22.18	G	-		
1056	91	O	22.18	G	-		
1056	92	O	22.18	C	-		
1056	93	O	22.18	A	-		
1056	94	O	22.18	G	-		
1056	95	O	22.18	C	-		
1056	96	O	22.18	T	-		
1056	97	O	22.18	T	-		
1056	98	O	22.18	G	-		
1056	99	O	22.18	T	-		
1056	100	O	22.18	A	-		
1056	101	O	22.18	A	-		
1056	102	O	22.18	G	-		
1056	103	O	22.18	C	-		
1056	104	O	22.18	G	-		
1056	105	O	22.18	G	-		
1056	106	O	22.18	A	-		
1056	107	O	22.18	G	-		
1056	108	O	22.18	A	-		
1056	109	O	22.18	T	-		
1057	0	O	8.32	C	-		
1057	1	O	8.32	G	-		
1057	2	O	8.32	G	-		
1057	3	O	8.32	C	-		
1057	4	O	8.32	C	-		
1057	5	O	8.32	C	-		
1057	6	O	8.32	A	-		
1057	7	O	8.32	G	-		
1057	8	O	8.32	A	-		
1057	9	O	8.32	T	-		
1057	10	O	8.32	C	-		
1057	11	O	8.32	A	-		
1057	12	O	8.32	C	-		
1057	13	O	8.32	C	-		
1057	14	O	8.32	T	-		
1057	15	O	8.32	C	-		
1057	16	O	8.32	C	-		
1057	17	O	8.32	T	-		
1057	18	O	8.32	T	-		
1057	19	O	8.32	C	-		
1057	20	O	8.32	A	-		
1057	21	O	8.32	T	-		
1057	22	O	8.32	C	-		
1057	23	O	8.32	T	-		
1057	24	O	8.32	C	-		
1057	25	O	8.32	C	-		
1057	26	O	8.32	A	-		
1057	27	O	8.32	A	-		
1057	28	O	8.32	C	-		
1057	29	O	8.32	C	-		
1057	30	O	8.32	T	-		
1057	31	O	8.32	C	-		
1057	32	O	8.32	T	-		
1057	33	O	8.32	T	-		
1057	34	O	8.32	C	-		
1057	35	O	8.32	G	-		
1057	36	O	8.32	A	-		
1057	37	O	8.32	C	-		
1057	38	O	8.32	A	-		
1057	39	O	8.32	G	-		
1057	40	O	8.32	C	-		
1057	41	O	8.32	A	-		
1057	42	O	8.32	C	-		
1057	43	O	8.32	C	-		
1057	44	O	8.32	G	-		
1057	45	O	8.32	A	-		
1057	46	O	8.32	G	-		
1057	47	O	8.32	G	-		
1057	48	O	8.32	A	-		
1057	49	O	8.32	C	-		
1057	50	O	8.32	C	-		
1057	51	O	8.32	T	-		
1057	52	O	8.32	G	-		
1057	53	O	8.32	C	-		
1057	54	O	8.32	C	-		
1057	55	O	8.32	T	-		
1057	56	O	8.32	A	-		
1057	57	O	8.32	A	-		
1057	58	O	8.32	G	-		
1057	59	O	8.32	T	-		
1057	60	O	8.32	T	-		
1057	61	O	8.32	C	-		
1057	62	O	8.32	A	-		
1057	63	O	8.32	A	-		
1057	64	O	8.32	G	-		
1057	65	O	8.32	C	-		
1057	66	O	8.32	T	-		
1057	67	O	8.32	C	-		
1057	68	O	8.32	A	-		
1057	69	O	8.32	T	-		
1057	70	O	8.32	C	-		
1057	71	O	8.32	C	-		
1057	72	O	8.32	T	-		
1057	73	O	8.32	C	-		
1057	74	O	8.32	C	-		
1057	75	O	8.32	G	-		
1057	76	O	8.32	T	-		
1057	77	O	8.32	G	-		
1057	78	O	8.32	A	-		
1057	79	O	8.32	C	-		
1057	80	O	8.32	T	-		
1057	81	O	8.32	T	-		
1057	82	O	8.32	C	-		
1057	83	O	8.32	C	-		
1057	84	O	8.32	T	-		
1057	85	O	8.32	G	-		
1057	86	O	8.32	G	-		
1057	87	O	8.32	T	-		
1057	88	O	8.32	C	-		
1057	89	O	8.32	T	-		
1057	90	O	8.32	C	-		
1057	91	O	8.32	T	-		
1057	92	O	8.32	C	-		
1057	93	O	8.32	T	-		
1057	94	O	8.32	C	-		
1057	95	O	8.32	A	-		
1057	96	O	8.32	A	-		
1057	97	O	8.32	G	-		
1057	98	O	8.32	G	-		
1057	99	O	8.32	A	-		
1057	100	O	8.32	G	-		
1057	101	O	8.32	T	-		
1057	102	O	8.32	T	-		
1057	103	O	8.32	C	-		
1057	104	O	8.32	G	-		
1057	105	O	8.32	C	-		
1057	106	O	8.32	C	-		
1057	107	O	8.32	G	-		
1057	108	O	8.32	G	-		
1057	109	O	8.32	C	-		
1058	0	O	6.93	A	-		
1058	1	O	6.93	C	-		
1058	2	O	6.93	A	-		
1058	3	O	6.93	A	-		
1058	4	O	6.93	C	-		
1058	5	O	6.93	C	-		
1058	6	O	6.93	T	-		
1058	7	O	6.93	G	-		
1058	8	O	6.93	C	-		
1058	9	O	6.93	C	-		
1058	10	O	6.93	G	-		
1058	11	O	6.93	A	-		
1058	12	O	6.93	G	-		
1058	13	O	6.93	C	-		
1058	14	O	6.93	A	-		
1058	15	O	6.93	G	-		
1058	16	O	6.93	C	-		
1058	17	O	6.93	G	-		
1058	18	O	6.93	A	-		
1058	19	O	6.93	A	-		
1058	20	O	6.93	A	-		
1058	21	O	6.93	C	-		
1058	22	O	6.93	C	-		
1058	23	O	6.93	T	-		
1058	24	O	6.93	C	-		
1058	25	O	6.93	G	-		
1058	26	O	6.93	G	-		
1058	27	O	6.93	C	-		
1058	28	O	6.93	G	-		
1058	29	O	6.93	C	-		
1058	30	O	6.93	C	-		
1058	31	O	6.93	G	-		
1058	32	O	6.93	G	-		
1058	33	O	6.93	C	-		
1058	34	O	6.93	G	-		
1058	35	O	6.93	C	-		
1058	36	O	6.93	C	-		
1058	37	O	6.93	G	-		
1058	38	O	6.93	A	-		
1058	39	O	6.93	A	-		
1058	40	O	6.93	G	-		
1058	41	O	6.93	G	-		
1058	42	O	6.93	A	-		
1058	43	O	6.93	A	-		
1058	44	O	6.93	G	-		
1058	45	O	6.93	C	-		
1058	46	O	6.93	G	-		
1058	47	O	6.93	A	-		
1058	48	O	6.93	T	-		
1058	49	O	6.93	C	-		
1058	50	O	6.93	C	-		
1058	51	O	6.93	G	-		
1058	52	O	6.93	G	-		
1058	53	O	6.93	C	-		
1058	54	O	6.93	G	-		
1058	55	O	6.93	C	-		
1058	56	O	6.93	A	-		
1058	57	O	6.93	A	-		
1058	58	O	6.93	G	-		
1058	59	O	6.93	C	-		
1058	60	O	6.93	T	-		
1058	61	O	6.93	G	-		
1058	62	O	6.93	C	-		
1058	63	O	6.93	G	-		
1058	64	O	6.93	T	-		
1058	65	O	6.93	G	-		
1058	66	O	6.93	A	-		
1058	67	O	6.93	C	-		
1058	68	O	6.93	C	-		
1058	69	O	6.93	T	-		
1058	70	O	6.93	G	-		
1058	71	O	6.93	A	-		
1058	72	O	6.93	T	-		
1058	73	O	6.93	C	-		
1058	74	O	6.93	G	-		
1058	75	O	6.93	C	-		
1058	76	O	6.93	G	-		
1058	77	O	6.93	C	-		
1058	78	O	6.93	T	-		
1058	79	O	6.93	G	-		
1058	80	O	6.93	A	-		
1058	81	O	6.93	C	-		
1058	82	O	6.93	C	-		
1058	83	O	6.93	G	-		
1058	84	O	6.93	A	-		
1058	85	O	6.93	A	-		
1058	86	O	6.93	G	-		
1058	87	O	6.93	A	-		
1058	88	O	6.93	G	-		
1058	89	O	6.93	T	-		
1058	90	O	6.93	C	-		
1058	91	O	6.93	G	-		
1058	92	O	6.93	T	-		
1058	93	O	6.93	G	-		
1058	94	O	6.93	G	-		
1058	95	O	6.93	A	-		
1058	96	O	6.93	A	-		
1058	97	O	6.93	C	-		
1058	98	O	6.93	A	-		
1058	99	O	6.93	A	-		
1058	100	O	6.93	G	-		
1058	101	O	6.93	T	-		
1058	102	O	6.93	A	-		
1058	103	O	6.93	T	-		
1058	104	O	6.93	T	-		
1058	105	O	6.93	G	-		
1058	106	O	6.93	C	-		
1058	107	O	6.93	G	-		
1058	108	O	6.93	C	-		
1058	109	O	6.93	C	-		
1059	0	O	36.04	G	-		
1059	1	O	36.04	G	-		
1059	2	O	36.04	A	-		
1059	3	O	36.04	T	-		
1059	4	O	36.04	A	-		
1059	5	O	36.04	T	-		
1059	6	O	36.04	T	-		
1059	7	O	36.04	T	-		
1059	8	O	36.04	T	-		
1059	9	O	36.04	T	-		
1059	10	O	36.04	A	-		
1059	11	O	36.04	G	-		
1059	12	O	36.04	C	-		
1059	13	O	36.04	C	-		
1059	14	O	36.04	A	-		
1059	15	O	36.04	A	-		
1059	16	O	36.04	T	-		
1059	17	O	36.04	T	-		
1059	18	O	36.04	T	-		
1059	19	O	36.04	C	-		
1059	20	O	36.04	A	-		
1059	21	O	36.04	C	-		
1059	22	O	36.04	T	-		
1059	23	O	36.04	T	-		
1059	24	O	36.04	A	-		
1059	25	O	36.04	T	-		
1059	26	O	36.04	T	-		
1059	27	O	36.04	T	-		
1059	28	O	36.04	T	-		
1059	29	O	36.04	T	-		
1059	30	O	36.04	G	-		
1059	31	O	36.04	T	-		
1059	32	O	36.04	C	-		
1059	33	O	36.04	T	-		
1059	34	O	36.04	T	-		
1059	35	O	36.04	T	-		
1059	36	O	36.04	T	-		
1059	37	O	36.04	C	-		
1059	38	O	36.04	T	-		
1059	39	O	36.04	G	-		
1059	40	O	36.04	A	-		
1059	41	O	36.04	A	-		
1059	42	O	36.04	C	-		
1059	43	O	36.04	C	-		
1059	44	O	36.04	T	-		
1059	45	O	36.04	T	-		
1059	46	O	36.04	T	-		
1059	47	O	36.04	T	-		
1059	48	O	36.04	T	-		
1059	49	O	36.04	C	-		
1059	50	O	36.04	A	-		
1059	51	O	36.04	T	-		
1059	52	O	36.04	G	-		
1059	53	O	36.04	C	-		
1059	54	O	25.37	T	-		
1059	55	O	36.04	T	-		
1059	56	O	36.04	T	-		
1059	57	O	36.04	G	-		
1059	58	O	36.04	A	-		
1059	59	O	36.04	T	-		
1059	60	O	36.04	C	-		
1059	61	O	36.04	A	-		
1059	62	O	36.04	A	-		
1059	63	O	36.04	A	-		
1059	64	O	36.04	A	-		
1059	65	O	36.04	A	-		
1059	66	O	36.04	A	-		
1059	67	O	36.04	A	-		
1059	68	O	36.04	T	-		
1059	69	O	36.04	T	-		
1059	70	O	36.04	T	-		
1059	71	O	36.04	A	-		
1059	72	O	36.04	C	-		
1059	73	O	36.04	T	-		
1059	74	O	36.04	T	-		
1059	75	O	36.04	T	-		
1059	76	O	36.04	T	-		
1059	77	O	36.04	T	-		
1059	78	O	36.04	C	-		
1059	79	O	36.04	G	-		
1059	80	O	36.04	C	-		
1059	81	O	36.04	A	-		
1059	82	O	36.04	T	-		
1059	83	O	36.04	C	-		
1059	84	O	36.04	G	-		
1059	85	O	36.04	T	-		
1059	86	O	36.04	C	-		
1059	87	O	36.04	T	-		
1059	88	O	36.04	C	-		
1059	89	O	36.04	G	-		
1059	90	O	36.04	A	-		
1059	91	O	36.04	T	-		
1059	92	O	36.04	G	-		
1059	93	O	36.04	A	-		
1059	94	O	36.04	G	-		
1059	95	O	36.04	A	-		
1059	96	O	36.04	G	-		
1059	97	O	36.04	G	-		
1059	98	O	36.04	A	-		
1059	99	O	36.04	A	-		
1059	100	O	36.04	T	-		
1059	101	O	36.04	C	-		
1059	102	O	36.04	G	-		
1059	103	O	36.04	A	-		
1059	104	O	36.04	A	-		
1059	105	O	36.04	A	-		
1059	106	O	36.04	A	-		
1059	107	O	36.04	A	-		
1059	108	O	36.04	G	-		
1059	109	O	36.04	T	-		
1060	0	O	6.93	C	-		
1060	1	O	6.93	G	-		
1060	2	O	6.93	T	-		
1060	3	O	6.93	C	-		
1060	4	O	6.93	T	-		
1060	5	O	6.93	G	-		
1060	6	O	6.93	G	-		
1060	7	O	6.93	T	-		
1060	8	O	6.93	A	-		
1060	9	O	6.93	G	-		
1060	10	O	6.93	A	-		
1060	11	O	6.93	C	-		
1060	12	O	6.93	A	-		
1060	13	O	6.93	G	-		
1060	14	O	6.93	C	-		
1060	15	O	6.93	A	-		
1060	16	O	6.93	A	-		
1060	17	O	6.93	C	-		
1060	18	O	6.93	G	-		
1060	19	O	6.93	A	-		
1060	20	O	6.93	A	-		
1060	21	O	6.93	T	-		
1060	22	O	6.93	C	-		
1060	23	O	6.93	C	-		
1060	24	O	6.93	C	-		
1060	25	O	6.93	T	-		
1060	26	O	6.93	C	-		
1060	27	O	6.93	G	-		
1060	28	O	6.93	C	-		
1060	29	O	6.93	G	-		
1060	30	O	6.93	A	-		
1060	31	O	6.93	G	-		
1060	32	O	6.93	C	-		
1060	33	O	6.93	C	-		
1060	34	O	6.93	T	-		
1060	35	O	6.93	G	-		
1060	36	O	6.93	A	-		
1060	37	O	6.93	A	-		
1060	38	O	6.93	C	-		
1060	39	O	6.93	G	-		
1060	40	O	6.93	T	-		
1060	41	O	6.93	T	-		
1060	42	O	6.93	T	-		
1060	43	O	6.93	T	-		
1060	44	O	6.93	G	-		
1060	45	O	6.93	C	-		
1060	46	O	6.93	G	-		
1060	47	O	6.93	C	-		
1060	48	O	6.93	C	-		
1060	49	O	6.93	T	-		
1060	50	O	6.93	C	-		
1060	51	O	6.93	A	-		
1060	52	O	6.93	T	-		
1060	53	O	6.93	A	-		
1060	54	O	6.93	C	-		
1060	55	O	6.93	T	-		
1060	56	O	6.93	C	-		
1060	57	O	6.93	G	-		
1060	58	O	6.93	A	-		
1060	59	O	6.93	G	-		
1060	60	O	6.93	C	-		
1060	61	O	6.93	A	-		
1060	62	O	6.93	T	-		
1060	63	O	6.93	C	-		
1060	64	O	6.93	A	-		
1060	65	O	6.93	G	-		
1060	66	O	6.93	G	-		
1060	67	O	6.93	T	-		
1060	68	O	6.93	A	-		
1060	69	O	6.93	G	-		
1060	70	O	6.93	T	-		
1060	71	O	6.93	T	-		
1060	72	O	6.93	G	-		
1060	73	O	6.93	G	-		
1060	74	O	6.93	A	-		
1060	75	O	6.93	G	-		
1060	76	O	6.93	T	-		
1060	77	O	6.93	T	-		
1060	78	O	6.93	G	-		
1060	79	O	6.93	C	-		
1060	80	O	6.93	T	-		
1060	81	O	6.93	C	-		
1060	82	O	6.93	T	-		
1060	83	O	6.93	C	-		
1060	84	O	6.93	G	-		
1060	85	O	6.93	A	-		
1060	86	O	6.93	T	-		
1060	87	O	6.93	G	-		
1060	88	O	6.93	G	-		
1060	89	O	6.93	T	-		
1060	90	O	6.93	G	-		
1060	91	O	6.93	A	-		
1060	92	O	6.93	A	-		
1060	93	O	6.93	T	-		
1060	94	O	6.93	G	-		
1060	95	O	6.93	C	-		
1060	96	O	6.93	G	-		
1060	97	O	6.93	T	-		
1060	98	O	6.93	C	-		
1060	99	O	6.93	C	-		
1060	100	O	6.93	T	-		
1060	101	O	6.93	T	-		
1060	102	O	6.93	G	-		
1060	103	O	6.93	G	-		
1060	104	O	6.93	G	-		
1060	105	O	6.93	G	-		
1060	106	O	6.93	G	-		
1060	107	O	6.93	C	-		
1060	108	O	6.93	C	-		
1060	109	O	6.93	A	-		
1061	0	O	6.93	C	-		
1061	1	O	6.93	G	-		
1061	2	O	6.93	C	-		
1061	3	O	6.93	T	-		
1061	4	O	6.93	T	-		
1061	5	O	6.93	G	-		
1061	6	O	6.93	T	-		
1061	7	O	6.93	T	-		
1061	8	O	6.93	T	-		
1061	9	O	6.93	G	-		
1061	10	O	6.93	G	-		
1061	11	O	6.93	C	-		
1061	12	O	6.93	A	-		
1061	13	O	6.93	T	-		
1061	14	O	6.93	G	-		
1061	15	O	6.93	T	-		
1061	16	O	6.93	G	-		
1061	17	O	6.93	G	-		
1061	18	O	6.93	A	-		
1061	19	O	6.93	T	-		
1061	20	O	6.93	G	-		
1061	21	O	6.93	C	-		
1061	22	O	6.93	G	-		
1061	23	O	6.93	G	-		
1061	24	O	6.93	C	-		
1061	25	O	6.93	G	-		
1061	26	O	6.93	A	-		
1061	27	O	6.93	C	-		
1061	28	O	6.93	T	-		
1061	29	O	6.93	T	-		
1061	30	O	6.93	G	-		
1061	31	O	6.93	C	-		
1061	32	O	6.93	T	-		
1061	33	O	6.93	G	-		
1061	34	O	6.93	G	-		
1061	35	O	6.93	T	-		
1061	36	O	6.93	C	-		
1061	37	O	6.93	G	-		
1061	38	O	6.93	C	-		
1061	39	O	6.93	A	-		
1061	40	O	6.93	A	-		
1061	41	O	6.93	C	-		
1061	42	O	6.93	A	-		
1061	43	O	6.93	G	-		
1061	44	O	6.93	G	-		
1061	45	O	6.93	T	-		
1061	46	O	6.93	G	-		
1061	47	O	6.93	G	-		
1061	48	O	6.93	A	-		
1061	49	O	6.93	T	-		
1061	50	O	6.93	A	-		
1061	51	O	6.93	C	-		
1061	52	O	6.93	G	-		
1061	53	O	6.93	T	-		
1061	54	O	6.93	C	-		
1061	55	O	6.93	C	-		
1061	56	O	6.93	G	-		
1061	57	O	6.93	A	-		
1061	58	O	6.93	G	-		
1061	59	O	6.93	G	-		
1061	60	O	6.93	G	-		
1061	61	O	6.93	G	-		
1061	62	O	6.93	C	-		
1061	63	O	6.93	T	-		
1061	64	O	6.93	G	-		
1061	65	O	6.93	G	-		
1061	66	O	6.93	T	-		
1061	67	O	6.93	A	-		
1061	68	O	6.93	A	-		
1061	69	O	6.93	G	-		
1061	70	O	6.93	T	-		
1061	71	O	6.93	A	-		
1061	72	O	6.93	G	-		
1061	73	O	6.93	T	-		
1061	74	O	6.93	G	-		
1061	75	O	6.93	C	-		
1061	76	O	6.93	A	-		
1061	77	O	6.93	G	-		
1061	78	O	6.93	C	-		
1061	79	O	6.93	G	-		
1061	80	O	6.93	C	-		
1061	81	O	6.93	G	-		
1061	82	O	6.93	A	-		
1061	83	O	6.93	A	-		
1061	84	O	6.93	C	-		
1061	85	O	6.93	A	-		
1061	86	O	6.93	G	-		
1061	87	O	6.93	T	-		
1061	88	O	6.93	G	-		
1061	89	O	6.93	A	-		
1061	90	O	6.93	A	-		
1061	91	O	6.93	T	-		
1061	92	O	6.93	A	-		
1061	93	O	6.93	C	-		
1061	94	O	6.93	A	-		
1061	95	O	6.93	C	-		
1061	96	O	6.93	T	-		
1061	97	O	6.93	G	-		
1061	98	O	6.93	A	-		
1061	99	O	6.93	A	-		
1061	100	O	6.93	C	-		
1061	101	O	6.93	A	-		
1061	102	O	6.93	C	-		
1061	103	O	6.93	T	-		
1061	104	O	6.93	A	-		
1061	105	O	6.93	G	-		
1061	106	O	6.93	C	-		
1061	107	O	6.93	C	-		
1061	108	O	6.93	A	-		
1061	109	O	6.93	A	-		
1062	0	O	6.93	G	-		
1062	1	O	6.93	A	-		
1062	2	O	6.93	C	-		
1062	3	O	6.93	A	-		
1062	4	O	6.93	A	-		
1062	5	O	6.93	C	-		
1062	6	O	6.93	A	-		
1062	7	O	6.93	G	-		
1062	8	O	6.93	A	-		
1062	9	O	6.93	T	-		
1062	10	O	6.93	G	-		
1062	11	O	6.93	A	-		
1062	12	O	6.93	G	-		
1062	13	O	6.93	G	-		
1062	14	O	6.93	A	-		
1062	15	O	6.93	T	-		
1062	16	O	6.93	G	-		
1062	17	O	6.93	T	-		
1062	18	O	6.93	C	-		
1062	19	O	6.93	A	-		
1062	20	O	6.93	A	-		
1062	21	O	6.93	T	-		
1062	22	O	6.93	C	-		
1062	23	O	6.93	C	-		
1062	24	O	6.93	T	-		
1062	25	O	6.93	A	-		
1062	26	O	6.93	G	-		
1062	27	O	6.93	C	-		
1062	28	O	6.93	A	-		
1062	29	O	6.93	C	-		
1062	30	O	6.93	G	-		
1062	31	O	6.93	T	-		
1062	32	O	6.93	T	-		
1062	33	O	6.93	T	-		
1062	34	O	6.93	G	-		
1062	35	O	6.93	C	-		
1062	36	O	6.93	C	-		
1062	37	O	6.93	A	-		
1062	38	O	6.93	A	-		
1062	39	O	6.93	A	-		
1062	40	O	6.93	G	-		
1062	41	O	6.93	T	-		
1062	42	O	6.93	T	-		
1062	43	O	6.93	G	-		
1062	44	O	6.93	A	-		
1062	45	O	6.93	T	-		
1062	46	O	6.93	G	-		
1062	47	O	6.93	G	-		
1062	48	O	6.93	C	-		
1062	49	O	6.93	A	-		
1062	50	O	6.93	G	-		
1062	51	O	6.93	C	-		
1062	52	O	6.93	T	-		
1062	53	O	6.93	A	-		
1062	54	O	6.93	G	-		
1062	55	O	6.93	C	-		
1062	56	O	6.93	T	-		
1062	57	O	6.93	A	-		
1062	58	O	6.93	C	-		
1062	59	O	6.93	A	-		
1062	60	O	6.93	T	-		
1062	61	O	6.93	T	-		
1062	62	O	6.93	G	-		
1062	63	O	6.93	A	-		
1062	64	O	6.93	A	-		
1062	65	O	6.93	G	-		
1062	66	O	6.93	A	-		
1062	67	O	6.93	G	-		
1062	68	O	6.93	A	-		
1062	69	O	6.93	A	-		
1062	70	O	6.93	C	-		
1062	71	O	6.93	A	-		
1062	72	O	6.93	A	-		
1062	73	O	6.93	G	-		
1062	74	O	6.93	C	-		
1062	75	O	6.93	T	-		
1062	76	O	6.93	G	-		
1062	77	O	6.93	A	-		
1062	78	O	6.93	G	-		
1062	79	O	6.93	A	-		
1062	80	O	6.93	G	-		
1062	81	O	6.93	A	-		
1062	82	O	6.93	G	-		
1062	83	O	6.93	A	-		
1062	84	O	6.93	T	-		
1062	85	O	6.93	C	-		
1062	86	O	6.93	C	-		
1062	87	O	6.93	T	-		
1062	88	O	6.93	C	-		
1062	89	O	6.93	A	-		
1062	90	O	6.93	T	-		
1062	91	O	6.93	C	-		
1062	92	O	6.93	A	-		
1062	93	O	6.93	G	-		
1062	94	O	6.93	C	-		
1062	95	O	6.93	C	-		
1062	96	O	6.93	C	-		
1062	97	O	6.93	C	-		
1062	98	O	6.93	C	-		
1062	99	O	6.93	A	-		
1062	100	O	6.93	A	-		
1062	101	O	6.93	T	-		
1062	102	O	6.93	T	-		
1062	103	O	6.93	C	-		
1062	104	O	6.93	T	-		
1062	105	O	6.93	C	-		
1062	106	O	6.93	C	-		
1062	107	O	6.93	A	-		
1062	108	O	6.93	G	-		
1062	109	O	6.93	T	-		
1063	0	O	12.48	T	-		
1063	1	O	12.48	G	-		
1063	2	O	12.48	T	-		
1063	3	O	12.48	C	-		
1063	4	O	12.48	A	-		
1063	5	O	12.48	G	-		
1063	6	O	12.48	T	-		
1063	7	O	12.48	T	-		
1063	8	O	12.48	G	-		
1063	9	O	12.48	T	-		
1063	10	O	12.48	G	-		
1063	11	O	12.48	G	-		
1063	12	O	12.48	A	-		
1063	13	O	12.48	G	-		
1063	14	O	12.48	C	-		
1063	15	O	12.48	G	-		
1063	16	O	12.48	T	-		
1063	17	O	12.48	C	-		
1063	18	O	12.48	T	-		
1063	19	O	12.48	C	-		
1063	20	O	12.48	C	-		
1063	21	O	12.48	A	-		
1063	22	O	12.48	G	-		
1063	23	O	12.48	T	-		
1063	24	O	12.48	G	-		
1063	25	O	12.48	T	-		
1063	26	O	12.48	C	-		
1063	27	O	12.48	T	-		
1063	28	O	12.48	G	-		
1063	29	O	12.48	A	-		
1063	30	O	12.48	G	-		
1063	31	O	12.48	T	-		
1063	32	O	12.48	G	-		
1063	33	O	12.48	T	-		
1063	34	O	12.48	G	-		
1063	35	O	12.48	G	-		
1063	36	O	12.48	A	-		
1063	37	O	12.48	G	-		
1063	38	O	12.48	C	-		
1063	39	O	12.48	A	-		
1063	40	O	12.48	C	-		
1063	41	O	12.48	G	-		
1063	42	O	12.48	A	-		
1063	43	O	12.48	A	-		
1063	44	O	12.48	G	-		
1063	45	O	12.48	A	-		
1063	46	O	12.48	G	-		
1063	47	O	12.48	C	-		
1063	48	O	12.48	G	-		
1063	49	O	12.48	G	-		
1063	50	O	12.48	G	-		
1063	51	O	12.48	T	-		
1063	52	O	12.48	T	-		
1063	53	O	12.48	A	-		
1063	54	O	12.48	C	-		
1063	55	O	12.48	G	-		
1063	56	O	12.48	A	-		
1063	57	O	12.48	T	-		
1063	58	O	12.48	T	-		
1063	59	O	12.48	C	-		
1063	60	O	12.48	A	-		
1063	61	O	12.48	C	-		
1063	62	O	12.48	G	-		
1063	63	O	12.48	G	-		
1063	64	O	12.48	C	-		
1063	65	O	12.48	G	-		
1063	66	O	12.48	T	-		
1063	67	O	12.48	G	-		
1063	68	O	12.48	C	-		
1063	69	O	12.48	C	-		
1063	70	O	12.48	A	-		
1063	71	O	12.48	G	-		
1063	72	O	12.48	C	-		
1063	73	O	12.48	A	-		
1063	74	O	12.48	A	-		
1063	75	O	12.48	G	-		
1063	76	O	12.48	C	-		
1063	77	O	12.48	A	-		
1063	78	O	12.48	A	-		
1063	79	O	12.48	A	-		
1063	80	O	12.48	C	-		
1063	81	O	12.48	C	-		
1063	82	O	12.48	A	-		
1063	83	O	12.48	T	-		
1063	84	O	12.48	C	-		
1063	85	O	12.48	G	-		
1063	86	O	12.48	A	-		
1063	87	O	12.48	C	-		
1063	88	O	12.48	C	-		
1063	89	O	12.48	A	-		
1063	90	O	12.48	G	-		
1063	91	O	12.48	T	-		
1063	92	O	12.48	A	-		
1063	93	O	12.48	T	-		
1063	94	O	12.48	C	-		
1063	95	O	12.48	A	-		
1063	96	O	12.48	G	-		
1063	97	O	12.48	G	-		
1063	98	O	12.48	C	-		
1063	99	O	12.48	T	-		
1063	100	O	12.48	G	-		
1063	101	O	12.48	A	-		
1063	102	O	12.48	A	-		
1063	103	O	12.48	T	-		
1063	104	O	12.48	C	-		
1063	105	O	12.48	A	-		
1063	106	O	12.48	G	-		
1063	107	O	12.48	C	-		
1063	108	O	12.48	G	-		
1063	109	O	12.48	G	-		
1064	0	O	5.55	A	-		
1064	1	O	5.55	T	-		
1064	2	O	5.55	C	-		
1064	3	O	5.55	A	-		
1064	4	O	5.55	T	-		
1064	5	O	5.55	T	-		
1064	6	O	5.55	T	-		
1064	7	O	5.55	G	-		
1064	8	O	5.55	A	-		
1064	9	O	5.55	G	-		
1064	10	O	5.55	T	-		
1064	11	O	5.55	C	-		
1064	12	O	5.55	C	-		
1064	13	O	5.55	A	-		
1064	14	O	5.55	A	-		
1064	15	O	5.55	C	-		
1064	16	O	5.55	C	-		
1064	17	O	5.55	A	-		
1064	18	O	5.55	C	-		
1064	19	O	5.55	C	-		
1064	20	O	5.55	G	-		
1064	21	O	5.55	G	-		
1064	22	O	5.55	A	-		
1064	23	O	5.55	C	-		
1064	24	O	5.55	A	-		
1064	25	O	5.55	G	-		
1064	26	O	5.55	C	-		
1064	27	O	5.55	T	-		
1064	28	O	5.55	G	-		
1064	29	O	5.55	A	-		
1064	30	O	5.55	T	-		
1064	31	O	5.55	G	-		
1064	32	O	5.55	A	-		
1064	33	O	5.55	A	-		
1064	34	O	5.55	A	-		
1064	35	O	5.55	C	-		
1064	36	O	5.55	T	-		
1064	37	O	5.55	G	-		
1064	38	O	5.55	T	-		
1064	39	O	5.55	G	-		
1064	40	O	5.55	G	-		
1064	41	O	5.55	G	-		
1064	42	O	5.55	T	-		
1064	43	O	5.55	T	-		
1064	44	O	5.55	T	-		
1064	45	O	5.55	G	-		
1064	46	O	5.55	C	-		
1064	47	O	5.55	A	-		
1064	48	O	5.55	C	-		
1064	49	O	5.55	A	-		
1064	50	O	5.55	A	-		
1064	51	O	5.55	C	-		
1064	52	O	5.55	T	-		
1064	53	O	5.55	G	-		
1064	54	O	5.55	A	-		
1064	55	O	5.55	A	-		
1064	56	O	5.55	G	-		
1064	57	O	5.55	A	-		
1064	58	O	5.55	A	-		
1064	59	O	5.55	T	-		
1064	60	O	5.55	T	-		
1064	61	O	5.55	T	-		
1064	62	O	5.55	C	-		
1064	63	O	5.55	T	-		
1064	64	O	5.55	G	-		
1064	65	O	5.55	C	-		
1064	66	O	5.55	T	-		
1064	67	O	5.55	C	-		
1064	68	O	5.55	A	-		
1064	69	O	5.55	A	-		
1064	70	O	5.55	A	-		
1064	71	O	5.55	C	-		
1064	72	O	5.55	T	-		
1064	73	O	5.55	G	-		
1064	74	O	5.55	T	-		
1064	75	O	5.55	C	-		
1064	76	O	5.55	A	-		
1064	77	O	5.55	G	-		
1064	78	O	5.55	A	-		
1064	79	O	5.55	A	-		
1064	80	O	5.55	A	-		
1064	81	O	5.55	C	-		
1064	82	O	5.55	T	-		
1064	83	O	5.55	G	-		
1064	84	O	5.55	C	-		
1064	85	O	5.55	C	-		
1064	86	O	5.55	T	-		
1064	87	O	5.55	C	-		
1064	88	O	5.55	A	-		
1064	89	O	5.55	T	-		
1064	90	O	5.55	G	-		
1064	91	O	5.55	G	-		
1064	92	O	5.55	A	-		
1064	93	O	5.55	A	-		
1064	94	O	5.55	G	-		
1064	95	O	5.55	C	-		
1064	96	O	5.55	T	-		
1064	97	O	5.55	C	-		
1064	98	O	5.55	A	-		
1064	99	O	5.55	T	-		
1064	100	O	5.55	C	-		
1064	101	O	5.55	T	-		
1064	102	O	5.55	G	-		
1064	103	O	5.55	C	-		
1064	104	O	5.55	G	-		
1064	105	O	5.55	T	-		
1064	106	O	5.55	G	-		
1064	107	O	5.55	C	-		
1064	108	O	5.55	T	-		
1064	109	O	5.55	G	-		
1065	0	O	11.09	C	-		
1065	1	O	11.09	G	-		
1065	2	O	11.09	C	-		
1065	3	O	11.09	A	-		
1065	4	O	11.09	G	-		
1065	5	O	11.09	G	-		
1065	6	O	11.09	T	-		
1065	7	O	11.09	A	-		
1065	8	O	11.09	G	-		
1065	9	O	11.09	G	-		
1065	10	O	11.09	C	-		
1065	11	O	11.09	C	-		
1065	12	O	11.09	G	-		
1065	13	O	11.09	A	-		
1065	14	O	11.09	C	-		
1065	15	O	11.09	G	-		
1065	16	O	11.09	A	-		
1065	17	O	11.09	C	-		
1065	18	O	11.09	G	-		
1065	19	O	11.09	G	-		
1065	20	O	11.09	A	-		
1065	21	O	11.09	C	-		
1065	22	O	11.09	T	-		
1065	23	O	11.09	C	-		
1065	24	O	11.09	G	-		
1065	25	O	11.09	A	-		
1065	26	O	11.09	C	-		
1065	27	O	11.09	T	-		
1065	28	O	11.09	G	-		
1065	29	O	11.09	C	-		
1065	30	O	11.09	G	-		
1065	31	O	11.09	C	-		
1065	32	O	11.09	C	-		
1065	33	O	11.09	A	-		
1065	34	O	11.09	G	-		
1065	35	O	11.09	G	-		
1065	36	O	11.09	C	-		
1065	37	O	11.09	C	-		
1065	38	O	11.09	G	-		
1065	39	O	11.09	G	-		
1065	40	O	11.09	A	-		
1065	41	O	11.09	C	-		
1065	42	O	11.09	T	-		
1065	43	O	11.09	G	-		
1065	44	O	11.09	G	-		
1065	45	O	11.09	A	-		
1065	46	O	11.09	G	-		
1065	47	O	11.09	A	-		
1065	48	O	11.09	C	-		
1065	49	O	11.09	T	-		
1065	50	O	11.09	C	-		
1065	51	O	11.09	T	-		
1065	52	O	11.09	C	-		
1065	53	O	11.09	G	-		
1065	54	O	11.09	T	-		
1065	55	O	11.09	T	-		
1065	56	O	11.09	G	-		
1065	57	O	11.09	A	-		
1065	58	O	11.09	T	-		
1065	59	O	11.09	G	-		
1065	60	O	11.09	G	-		
1065	61	O	11.09	C	-		
1065	62	O	11.09	G	-		
1065	63	O	11.09	G	-		
1065	64	O	11.09	C	-		
1065	65	O	11.09	C	-		
1065	66	O	11.09	A	-		
1065	67	O	11.09	G	-		
1065	68	O	11.09	C	-		
1065	69	O	11.09	A	-		
1065	70	O	11.09	C	-		
1065	71	O	11.09	G	-		
1065	72	O	11.09	A	-		
1065	73	O	11.09	G	-		
1065	74	O	11.09	G	-		
1065	75	O	11.09	C	-		
1065	76	O	11.09	T	-		
1065	77	O	11.09	C	-		
1065	78	O	11.09	A	-		
1065	79	O	11.09	G	-		
1065	80	O	11.09	G	-		
1065	81	O	11.09	T	-		
1065	82	O	11.09	G	-		
1065	83	O	11.09	C	-		
1065	84	O	11.09	T	-		
1065	85	O	11.09	G	-		
1065	86	O	11.09	C	-		
1065	87	O	11.09	C	-		
1065	88	O	11.09	G	-		
1065	89	O	11.09	G	-		
1065	90	O	11.09	C	-		
1065	91	O	11.09	T	-		
1065	92	O	11.09	G	-		
1065	93	O	11.09	G	-		
1065	94	O	11.09	C	-		
1065	95	O	11.09	G	-		
1065	96	O	11.09	T	-		
1065	97	O	11.09	T	-		
1065	98	O	11.09	C	-		
1065	99	O	11.09	G	-		
1065	100	O	11.09	G	-		
1065	101	O	11.09	C	-		
1065	102	O	11.09	G	-		
1065	103	O	11.09	A	-		
1065	104	O	11.09	G	-		
1065	105	O	11.09	C	-		
1065	106	O	11.09	T	-		
1065	107	O	11.09	C	-		
1065	108	O	11.09	A	-		
1065	109	O	11.09	T	-		
1066	0	O	18.02	C	-		
1066	1	O	18.02	A	-		
1066	2	O	18.02	C	-		
1066	3	O	18.02	A	-		
1066	4	O	18.02	C	-		
1066	5	O	18.02	T	-		
1066	6	O	18.02	A	-		
1066	7	O	18.02	A	-		
1066	8	O	18.02	G	-		
1066	9	O	18.02	T	-		
1066	10	O	18.02	G	-		
1066	11	O	18.02	T	-		
1066	12	O	18.02	G	-		
1066	13	O	18.02	G	-		
1066	14	O	18.02	T	-		
1066	15	O	18.02	G	-		
1066	16	O	18.02	T	-		
1066	17	O	18.02	T	-		
1066	18	O	18.02	T	-		
1066	19	O	18.02	G	-		
1066	20	O	18.02	T	-		
1066	21	O	18.02	G	-		
1066	22	O	18.02	C	-		
1066	23	O	18.02	T	-		
1066	24	O	18.02	T	-		
1066	25	O	18.02	G	-		
1066	26	O	18.02	A	-		
1066	27	O	18.02	G	-		
1066	28	O	18.02	T	-		
1066	29	O	18.02	A	-		
1066	30	O	18.02	G	-		
1066	31	O	18.02	A	-		
1066	32	O	18.02	C	-		
1066	33	O	18.02	T	-		
1066	34	O	18.02	G	-		
1066	35	O	18.02	G	-		
1066	36	O	18.02	A	-		
1066	37	O	18.02	C	-		
1066	38	O	18.02	T	-		
1066	39	O	18.02	G	-		
1066	40	O	18.02	T	-		
1066	41	O	18.02	G	-		
1066	42	O	18.02	A	-		
1066	43	O	18.02	G	-		
1066	44	O	18.02	T	-		
1066	45	O	18.02	G	-		
1066	46	O	18.02	T	-		
1066	47	O	18.02	G	-		
1066	48	O	18.02	T	-		
1066	49	O	18.02	T	-		
1066	50	O	18.02	G	-		
1066	51	O	18.02	G	-		
1066	52	O	18.02	A	-		
1066	53	O	18.02	C	-		
1066	54	O	18.02	T	-		
1066	55	O	18.02	A	-		
1066	56	O	18.02	T	-		
1066	57	O	18.02	C	-		
1066	58	O	18.02	G	-		
1066	59	O	18.02	G	-		
1066	60	O	18.02	T	-		
1066	61	O	18.02	G	-		
1066	62	O	18.02	C	-		
1066	63	O	18.02	A	-		
1066	64	O	18.02	C	-		
1066	65	O	18.02	T	-		
1066	66	O	18.02	T	-		
1066	67	O	18.02	G	-		
1066	68	O	18.02	G	-		
1066	69	O	18.02	T	-		
1066	70	O	18.02	A	-		
1066	71	O	18.02	A	-		
1066	72	O	18.02	T	-		
1066	73	O	18.02	C	-		
1066	74	O	18.02	T	-		
1066	75	O	18.02	G	-		
1066	76	O	18.02	A	-		
1066	77	O	18.02	A	-		
1066	78	O	18.02	T	-		
1066	79	O	18.02	G	-		
1066	80	O	18.02	G	-		
1066	81	O	18.02	A	-		
1066	82	O	18.02	T	-		
1066	83	O	18.02	G	-		
1066	84	O	18.02	C	-		
1066	85	O	18.02	C	-		
1066	86	O	18.02	T	-		
1066	87	O	18.02	C	-		
1066	88	O	18.02	C	-		
1066	89	O	18.02	A	-		
1066	90	O	18.02	A	-		
1066	91	O	18.02	A	-		
1066	92	O	18.02	T	-		
1066	93	O	18.02	G	-		
1066	94	O	18.02	C	-		
1066	95	O	18.02	T	-		
1066	96	O	18.02	C	-		
1066	97	O	18.02	A	-		
1066	98	O	18.02	C	-		
1066	99	O	18.02	G	-		
1066	100	O	18.02	T	-		
1066	101	O	18.02	T	-		
1066	102	O	18.02	G	-		
1066	103	O	18.02	G	-		
1066	104	O	18.02	C	-		
1066	105	O	18.02	T	-		
1066	106	O	18.02	C	-		
1066	107	O	18.02	G	-		
1066	108	O	18.02	C	-		
1066	109	O	18.02	A	-		
1067	0	O	23.57	A	-		
1067	1	O	23.57	G	-		
1067	2	O	23.57	C	-		
1067	3	O	23.57	A	-		
1067	4	O	23.57	T	-		
1067	5	O	23.57	G	-		
1067	6	O	23.57	G	-		
1067	7	O	23.57	G	-		
1067	8	O	23.57	C	-		
1067	9	O	23.57	A	-		
1067	10	O	23.57	C	-		
1067	11	O	23.57	T	-		
1067	12	O	23.57	C	-		
1067	13	O	23.57	G	-		
1067	14	O	23.57	G	-		
1067	15	O	23.57	C	-		
1067	16	O	23.57	T	-		
1067	17	O	23.57	A	-		
1067	18	O	23.57	G	-		
1067	19	O	23.57	G	-		
1067	20	O	23.57	C	-		
1067	21	O	23.57	C	-		
1067	22	O	23.57	T	-		
1067	23	O	23.57	G	-		
1067	24	O	23.57	G	-		
1067	25	O	23.57	A	-		
1067	26	O	23.57	A	-		
1067	27	O	23.57	G	-		
1067	28	O	23.57	C	-		
1067	29	O	23.57	A	-		
1067	30	O	23.57	T	-		
1067	31	O	23.57	G	-		
1067	32	O	23.57	G	-		
1067	33	O	23.57	C	-		
1067	34	O	23.57	G	-		
1067	35	O	23.57	C	-		
1067	36	O	23.57	T	-		
1067	37	O	23.57	G	-		
1067	38	O	23.57	G	-		
1067	39	O	23.57	C	-		
1067	40	O	23.57	T	-		
1067	41	O	23.57	C	-		
1067	42	O	23.57	T	-		
1067	43	O	23.57	T	-		
1067	44	O	23.57	C	-		
1067	45	O	23.57	A	-		
1067	46	O	23.57	T	-		
1067	47	O	23.57	C	-		
1067	48	O	23.57	A	-		
1067	49	O	23.57	T	-		
1067	50	O	23.57	C	-		
1067	51	O	23.57	G	-		
1067	52	O	23.57	A	-		
1067	53	O	23.57	A	-		
1067	54	O	23.57	G	-		
1067	55	O	23.57	G	-		
1067	56	O	23.57	A	-		
1067	57	O	23.57	G	-		
1067	58	O	23.57	C	-		
1067	59	O	23.57	C	-		
1067	60	O	23.57	G	-		
1067	61	O	23.57	T	-		
1067	62	O	23.57	G	-		
1067	63	O	23.57	T	-		
1067	64	O	23.57	C	-		
1067	65	O	23.57	G	-		
1067	66	O	23.57	A	-		
1067	67	O	23.57	T	-		
1067	68	O	23.57	C	-		
1067	69	O	23.57	G	-		
1067	70	O	23.57	G	-		
1067	71	O	23.57	G	-		
1067	72	O	23.57	C	-		
1067	73	O	23.57	T	-		
1067	74	O	23.57	C	-		
1067	75	O	23.57	T	-		
1067	76	O	23.57	G	-		
1067	77	O	23.57	C	-		
1067	78	O	23.57	G	-		
1067	79	O	23.57	G	-		
1067	80	O	23.57	C	-		
1067	81	O	23.57	A	-		
1067	82	O	23.57	T	-		
1067	83	O	23.57	G	-		
1067	84	O	23.57	T	-		
1067	85	O	23.57	G	-		
1067	86	O	23.57	T	-		
1067	87	O	23.57	T	-		
1067	88	O	23.57	G	-		
1067	89	O	23.57	G	-		
1067	90	O	23.57	T	-		
1067	91	O	23.57	G	-		
1067	92	O	23.57	C	-		
1067	93	O	23.57	C	-		
1067	94	O	23.57	T	-		
1067	95	O	23.57	A	-		
1067	96	O	23.57	T	-		
1067	97	O	23.57	T	-		
1067	98	O	23.57	A	-		
1067	99	O	23.57	C	-		
1067	100	O	23.57	C	-		
1067	101	O	23.57	C	-		
1067	102	O	23.57	A	-		
1067	103	O	23.57	G	-		
1067	104	O	23.57	C	-		
1067	105	O	23.57	A	-		
1067	106	O	23.57	C	-		
1067	107	O	23.57	C	-		
1067	108	O	23.57	G	-		
1067	109	O	23.57	C	-		
1068	0	O	13.86	T	-		
1068	1	O	13.86	C	-		
1068	2	O	13.86	T	-		
1068	3	O	13.86	T	-		
1068	4	O	13.86	T	-		
1068	5	O	13.86	G	-		
1068	6	O	13.86	G	-		
1068	7	O	13.86	C	-		
1068	8	O	13.86	C	-		
1068	9	O	13.86	A	-		
1068	10	O	13.86	A	-		
1068	11	O	13.86	C	-		
1068	12	O	13.86	G	-		
1068	13	O	13.86	T	-		
1068	14	O	13.86	C	-		
1068	15	O	13.86	T	-		
1068	16	O	13.86	A	-		
1068	17	O	13.86	C	-		
1068	18	O	13.86	G	-		
1068	19	O	13.86	C	-		
1068	20	O	13.86	C	-		
1068	21	O	13.86	A	-		
1068	22	O	13.86	A	-		
1068	23	O	13.86	C	-		
1068	24	O	13.86	T	-		
1068	25	O	13.86	G	-		
1068	26	O	13.86	G	-		
1068	27	O	13.86	A	-		
1068	28	O	13.86	T	-		
1068	29	O	13.86	C	-		
1068	30	O	13.86	C	-		
1068	31	O	13.86	C	-		
1068	32	O	13.86	C	-		
1068	33	O	13.86	G	-		
1068	34	O	13.86	A	-		
1068	35	O	13.86	G	-		
1068	36	O	13.86	G	-		
1068	37	O	13.86	A	-		
1068	38	O	13.86	C	-		
1068	39	O	13.86	A	-		
1068	40	O	13.86	G	-		
1068	41	O	13.86	G	-		
1068	42	O	13.86	A	-		
1068	43	O	13.86	T	-		
1068	44	O	13.86	C	-		
1068	45	O	13.86	T	-		
1068	46	O	13.86	T	-		
1068	47	O	13.86	G	-		
1068	48	O	13.86	A	-		
1068	49	O	13.86	C	-		
1068	50	O	13.86	C	-		
1068	51	O	13.86	G	-		
1068	52	O	13.86	T	-		
1068	53	O	13.86	C	-		
1068	54	O	13.86	G	-		
1068	55	O	13.86	G	-		
1068	56	O	13.86	T	-		
1068	57	O	13.86	C	-		
1068	58	O	13.86	T	-		
1068	59	O	13.86	T	-		
1068	60	O	13.86	T	-		
1068	61	O	13.86	G	-		
1068	62	O	13.86	G	-		
1068	63	O	13.86	T	-		
1068	64	O	13.86	C	-		
1068	65	O	13.86	T	-		
1068	66	O	13.86	T	-		
1068	67	O	13.86	C	-		
1068	68	O	13.86	C	-		
1068	69	O	13.86	G	-		
1068	70	O	13.86	A	-		
1068	71	O	13.86	G	-		
1068	72	O	13.86	C	-		
1068	73	O	13.86	T	-		
1068	74	O	13.86	C	-		
1068	75	O	13.86	T	-		
1068	76	O	13.86	C	-		
1068	77	O	13.86	C	-		
1068	78	O	13.86	A	-		
1068	79	O	13.86	A	-		
1068	80	O	13.86	G	-		
1068	81	O	13.86	C	-		
1068	82	O	13.86	T	-		
1068	83	O	13.86	C	-		
1068	84	O	13.86	G	-		
1068	85	O	13.86	C	-		
1068	86	O	13.86	G	-		
1068	87	O	13.86	G	-		
1068	88	O	13.86	C	-		
1068	89	O	13.86	C	-		
1068	90	O	13.86	A	-		
1068	91	O	13.86	A	-		
1068	92	O	13.86	C	-		
1068	93	O	13.86	G	-		
1068	94	O	13.86	C	-		
1068	95	O	13.86	C	-		
1068	96	O	13.86	A	-		
1068	97	O	13.86	T	-		
1068	98	O	13.86	G	-		
1068	99	O	13.86	T	-		
1068	100	O	13.86	T	-		
1068	101	O	13.86	G	-		
1068	102	O	13.86	G	-		
1068	103	O	13.86	C	-		
1068	104	O	13.86	C	-		
1068	105	O	13.86	C	-		
1068	106	O	13.86	A	-		
1068	107	O	13.86	G	-		
1068	108	O	13.86	C	-		
1068	109	O	13.86	G	-		
1069	0	O	13.86	C	-		
1069	1	O	13.86	G	-		
1069	2	O	13.86	C	-		
1069	3	O	13.86	A	-		
1069	4	O	13.86	G	-		
1069	5	O	13.86	C	-		
1069	6	O	13.86	G	-		
1069	7	O	13.86	T	-		
1069	8	O	13.86	A	-		
1069	9	O	13.86	G	-		
1069	10	O	13.86	G	-		
1069	11	O	13.86	C	-		
1069	12	O	13.86	G	-		
1069	13	O	13.86	A	-		
1069	14	O	13.86	G	-		
1069	15	O	13.86	C	-		
1069	16	O	13.86	G	-		
1069	17	O	13.86	C	-		
1069	18	O	13.86	T	-		
1069	19	O	13.86	C	-		
1069	20	O	13.86	A	-		
1069	21	O	13.86	A	-		
1069	22	O	13.86	A	-		
1069	23	O	13.86	A	-		
1069	24	O	13.86	G	-		
1069	25	O	13.86	C	-		
1069	26	O	13.86	G	-		
1069	27	O	13.86	T	-		
1069	28	O	13.86	A	-		
1069	29	O	13.86	G	-		
1069	30	O	13.86	G	-		
1069	31	O	13.86	C	-		
1069	32	O	13.86	A	-		
1069	33	O	13.86	C	-		
1069	34	O	13.86	G	-		
1069	35	O	13.86	T	-		
1069	36	O	13.86	A	-		
1069	37	O	13.86	G	-		
1069	38	O	13.86	G	-		
1069	39	O	13.86	C	-		
1069	40	O	13.86	A	-		
1069	41	O	13.86	G	-		
1069	42	O	13.86	C	-		
1069	43	O	13.86	C	-		
1069	44	O	13.86	G	-		
1069	45	O	13.86	T	-		
1069	46	O	13.86	T	-		
1069	47	O	13.86	A	-		
1069	48	O	13.86	T	-		
1069	49	O	13.86	C	-		
1069	50	O	13.86	A	-		
1069	51	O	13.86	A	-		
1069	52	O	13.86	G	-		
1069	53	O	13.86	A	-		
1069	54	O	13.86	T	-		
1069	55	O	13.86	C	-		
1069	56	O	13.86	A	-		
1069	57	O	13.86	A	-		
1069	58	O	13.86	A	-		
1069	59	O	13.86	C	-		
1069	60	O	13.86	C	-		
1069	61	O	13.86	G	-		
1069	62	O	13.86	T	-		
1069	63	O	13.86	A	-		
1069	64	O	13.86	G	-		
1069	65	O	13.86	G	-		
1069	66	O	13.86	T	-		
1069	67	O	13.86	C	-		
1069	68	O	13.86	G	-		
1069	69	O	13.86	C	-		
1069	70	O	13.86	C	-		
1069	71	O	13.86	T	-		
1069	72	O	13.86	G	-		
1069	73	O	13.86	A	-		
1069	74	O	13.86	T	-		
1069	75	O	13.86	A	-		
1069	76	O	13.86	G	-		
1069	77	O	13.86	G	-		
1069	78	O	13.86	C	-		
1069	79	O	13.86	A	-		
1069	80	O	13.86	G	-		
1069	81	O	13.86	A	-		
1069	82	O	13.86	C	-		
1069	83	O	13.86	C	-		
1069	84	O	13.86	T	-		
1069	85	O	13.86	A	-		
1069	86	O	13.86	C	-		
1069	87	O	13.86	G	-		
1069	88	O	13.86	G	-		
1069	89	O	13.86	C	-		
1069	90	O	13.86	G	-		
1069	91	O	13.86	T	-		
1069	92	O	13.86	T	-		
1069	93	O	13.86	G	-		
1069	94	O	13.86	A	-		
1069	95	O	13.86	C	-		
1069	96	O	13.86	G	-		
1069	97	O	13.86	C	-		
1069	98	O	13.86	A	-		
1069	99	O	13.86	A	-		
1069	100	O	13.86	C	-		
1069	101	O	13.86	G	-		
1069	102	O	13.86	C	-		
1069	103	O	13.86	G	-		
1069	104	O	13.86	A	-		
1069	105	O	13.86	A	-		
1069	106	O	13.86	A	-		
1069	107	O	13.86	C	-		
1069	108	O	13.86	T	-		
1069	109	O	13.86	G	-		
1070	0	O	9.70	T	-		
1070	1	O	9.70	G	-		
1070	2	O	9.70	C	-		
1070	3	O	9.70	A	-		
1070	4	O	9.70	G	-		
1070	5	O	9.70	C	-		
1070	6	O	9.70	G	-		
1070	7	O	9.70	A	-		
1070	8	O	9.70	C	-		
1070	9	O	9.70	T	-		
1070	10	O	9.70	C	-		
1070	11	O	9.70	A	-		
1070	12	O	9.70	G	-		
1070	13	O	9.70	C	-		
1070	14	O	9.70	A	-		
1070	15	O	9.70	C	-		
1070	16	O	9.70	T	-		
1070	17	O	9.70	C	-		
1070	18	O	9.70	G	-		
1070	19	O	9.70	C	-		
1070	20	O	9.70	A	-		
1070	21	O	9.70	C	-		
1070	22	O	9.70	G	-		
1070	23	O	9.70	G	-		
1070	24	O	9.70	T	-		
1070	25	O	9.70	C	-		
1070	26	O	9.70	C	-		
1070	27	O	9.70	A	-		
1070	28	O	9.70	G	-		
1070	29	O	9.70	C	-		
1070	30	O	9.70	G	-		
1070	31	O	9.70	G	-		
1070	32	O	9.70	A	-		
1070	33	O	9.70	A	-		
1070	34	O	9.70	G	-		
1070	35	O	9.70	C	-		
1070	36	O	9.70	T	-		
1070	37	O	9.70	T	-		
1070	38	O	9.70	C	-		
1070	39	O	9.70	G	-		
1070	40	O	9.70	C	-		
1070	41	O	9.70	T	-		
1070	42	O	9.70	C	-		
1070	43	O	9.70	G	-		
1070	44	O	9.70	A	-		
1070	45	O	9.70	T	-		
1070	46	O	9.70	G	-		
1070	47	O	9.70	G	-		
1070	48	O	9.70	A	-		
1070	49	O	9.70	C	-		
1070	50	O	9.70	C	-		
1070	51	O	9.70	A	-		
1070	52	O	9.70	A	-		
1070	53	O	9.70	A	-		
1070	54	O	9.70	C	-		
1070	55	O	9.70	A	-		
1070	56	O	9.70	T	-		
1070	57	O	9.70	A	-		
1070	58	O	9.70	T	-		
1070	59	O	9.70	A	-		
1070	60	O	9.70	A	-		
1070	61	O	9.70	A	-		
1070	62	O	9.70	A	-		
1070	63	O	9.70	C	-		
1070	64	O	9.70	A	-		
1070	65	O	9.70	G	-		
1070	66	O	9.70	C	-		
1070	67	O	9.70	C	-		
1070	68	O	9.70	A	-		
1070	69	O	9.70	A	-		
1070	70	O	9.70	G	-		
1070	71	O	9.70	A	-		
1070	72	O	9.70	A	-		
1070	73	O	9.70	A	-		
1070	74	O	9.70	G	-		
1070	75	O	9.70	T	-		
1070	76	O	9.70	C	-		
1070	77	O	9.70	A	-		
1070	78	O	9.70	T	-		
1070	79	O	9.70	C	-		
1070	80	O	9.70	A	-		
1070	81	O	9.70	T	-		
1070	82	O	9.70	C	-		
1070	83	O	9.70	T	-		
1070	84	O	9.70	T	-		
1070	85	O	9.70	G	-		
1070	86	O	9.70	A	-		
1070	87	O	9.70	G	-		
1070	88	O	9.70	C	-		
1070	89	O	9.70	T	-		
1070	90	O	9.70	C	-		
1070	91	O	9.70	A	-		
1070	92	O	9.70	G	-		
1070	93	O	9.70	C	-		
1070	94	O	9.70	C	-		
1070	95	O	9.70	C	-		
1070	96	O	9.70	A	-		
1070	97	O	9.70	C	-		
1070	98	O	9.70	A	-		
1070	99	O	9.70	A	-		
1070	100	O	9.70	G	-		
1070	101	O	9.70	T	-		
1070	102	O	9.70	G	-		
1070	103	O	9.70	C	-		
1070	104	O	9.70	G	-		
1070	105	O	9.70	A	-		
1070	106	O	9.70	C	-		
1070	107	O	9.70	T	-		
1070	108	O	9.70	C	-		
1070	109	O	9.70	C	-		
1071	0	O	18.02	A	-		
1071	1	O	18.02	A	-		
1071	2	O	18.02	G	-		
1071	3	O	18.02	C	-		
1071	4	O	18.02	G	-		
1071	5	O	18.02	G	-		
1071	6	O	18.02	G	-		
1071	7	O	18.02	C	-		
1071	8	O	18.02	G	-		
1071	9	O	18.02	G	-		
1071	10	O	18.02	C	-		
1071	11	O	18.02	T	-		
1071	12	O	18.02	C	-		
1071	13	O	18.02	T	-		
1071	14	O	18.02	T	-		
1071	15	O	18.02	G	-		
1071	16	O	18.02	C	-		
1071	17	O	18.02	G	-		
1071	18	O	18.02	C	-		
1071	19	O	18.02	A	-		
1071	20	O	18.02	A	-		
1071	21	O	18.02	G	-		
1071	22	O	18.02	T	-		
1071	23	O	18.02	C	-		
1071	24	O	18.02	A	-		
1071	25	O	18.02	A	-		
1071	26	O	18.02	T	-		
1071	27	O	18.02	T	-		
1071	28	O	18.02	T	-		
1071	29	O	18.02	G	-		
1071	30	O	18.02	T	-		
1071	31	O	18.02	C	-		
1071	32	O	18.02	A	-		
1071	33	O	18.02	T	-		
1071	34	O	18.02	T	-		
1071	35	O	18.02	C	-		
1071	36	O	18.02	A	-		
1071	37	O	18.02	A	-		
1071	38	O	18.02	T	-		
1071	39	O	18.02	T	-		
1071	40	O	18.02	C	-		
1071	41	O	18.02	C	-		
1071	42	O	18.02	G	-		
1071	43	O	18.02	C	-		
1071	44	O	18.02	C	-		
1071	45	O	18.02	G	-		
1071	46	O	18.02	G	-		
1071	47	O	18.02	C	-		
1071	48	O	18.02	G	-		
1071	49	O	18.02	A	-		
1071	50	O	18.02	C	-		
1071	51	O	18.02	A	-		
1071	52	O	18.02	C	-		
1071	53	O	18.02	C	-		
1071	54	O	18.02	G	-		
1071	55	O	18.02	A	-		
1071	56	O	18.02	G	-		
1071	57	O	18.02	T	-		
1071	58	O	18.02	T	-		
1071	59	O	18.02	G	-		
1071	60	O	18.02	G	-		
1071	61	O	18.02	G	-		
1071	62	O	18.02	C	-		
1071	63	O	18.02	G	-		
1071	64	O	18.02	C	-		
1071	65	O	18.02	A	-		
1071	66	O	18.02	A	-		
1071	67	O	18.02	C	-		
1071	68	O	18.02	G	-		
1071	69	O	18.02	A	-		
1071	70	O	18.02	A	-		
1071	71	O	18.02	C	-		
1071	72	O	18.02	T	-		
1071	73	O	18.02	A	-		
1071	74	O	18.02	C	-		
1071	75	O	18.02	A	-		
1071	76	O	18.02	G	-		
1071	77	O	18.02	T	-		
1071	78	O	18.02	T	-		
1071	79	O	18.02	G	-		
1071	80	O	18.02	C	-		
1071	81	O	18.02	G	-		
1071	82	O	18.02	C	-		
1071	83	O	18.02	C	-		
1071	84	O	18.02	C	-		
1071	85	O	18.02	G	-		
1071	86	O	18.02	A	-		
1071	87	O	18.02	C	-		
1071	88	O	18.02	A	-		
1071	89	O	18.02	A	-		
1071	90	O	18.02	A	-		
1071	91	O	18.02	A	-		
1071	92	O	18.02	C	-		
1071	93	O	18.02	T	-		
1071	94	O	8.77	G	-		
1071	95	O	18.02	C	-		
1071	96	O	18.02	C	-		
1071	97	O	18.02	C	-		
1071	98	O	18.02	G	-		
1071	99	O	18.02	C	-		
1071	100	O	18.02	T	-		
1071	101	O	18.02	G	-		
1071	102	O	18.02	A	-		
1071	103	O	18.02	C	-		
1071	104	O	18.02	C	-		
1071	105	O	18.02	T	-		
1071	106	O	18.02	C	-		
1071	107	O	18.02	T	-		
1071	108	O	18.02	G	-		
1071	109	O	18.02	G	-		
1072	0	O	9.70	A	-		
1072	1	O	9.70	G	-		
1072	2	O	9.70	C	-		
1072	3	O	9.70	A	-		
1072	4	O	9.70	G	-		
1072	5	O	9.70	T	-		
1072	6	O	9.70	T	-		
1072	7	O	9.70	C	-		
1072	8	O	9.70	C	-		
1072	9	O	9.70	A	-		
1072	10	O	9.70	G	-		
1072	11	O	9.70	A	-		
1072	12	O	9.70	G	-		
1072	13	O	9.70	G	-		
1072	14	O	9.70	G	-		
1072	15	O	9.70	T	-		
1072	16	O	9.70	A	-		
1072	17	O	9.70	G	-		
1072	18	O	9.70	T	-		
1072	19	O	9.70	G	-		
1072	20	O	9.70	A	-		
1072	21	O	9.70	G	-		
1072	22	O	9.70	T	-		
1072	23	O	9.70	A	-		
1072	24	O	9.70	G	-		
1072	25	O	9.70	T	-		
1072	26	O	9.70	T	-		
1072	27	O	9.70	T	-		
1072	28	O	9.70	G	-		
1072	29	O	9.70	A	-		
1072	30	O	9.70	G	-		
1072	31	O	9.70	T	-		
1072	32	O	9.70	C	-		
1072	33	O	9.70	G	-		
1072	34	O	9.70	A	-		
1072	35	O	9.70	T	-		
1072	36	O	9.70	T	-		
1072	37	O	9.70	G	-		
1072	38	O	9.70	C	-		
1072	39	O	9.70	T	-		
1072	40	O	9.70	G	-		
1072	41	O	9.70	G	-		
1072	42	O	9.70	T	-		
1072	43	O	9.70	C	-		
1072	44	O	9.70	T	-		
1072	45	O	9.70	T	-		
1072	46	O	9.70	G	-		
1072	47	O	9.70	T	-		
1072	48	O	9.70	A	-		
1072	49	O	9.70	T	-		
1072	50	O	9.70	C	-		
1072	51	O	9.70	A	-		
1072	52	O	9.70	G	-		
1072	53	O	9.70	T	-		
1072	54	O	9.70	A	-		
1072	55	O	9.70	C	-		
1072	56	O	9.70	G	-		
1072	57	O	9.70	T	-		
1072	58	O	9.70	A	-		
1072	59	O	9.70	C	-		
1072	60	O	9.70	A	-		
1072	61	O	9.70	G	-		
1072	62	O	9.70	C	-		
1072	63	O	9.70	G	-		
1072	64	O	9.70	G	-		
1072	65	O	9.70	A	-		
1072	66	O	9.70	C	-		
1072	67	O	9.70	A	-		
1072	68	O	9.70	G	-		
1072	69	O	9.70	G	-		
1072	70	O	9.70	G	-		
1072	71	O	9.70	T	-		
1072	72	O	9.70	T	-		
1072	73	O	9.70	G	-		
1072	74	O	9.70	G	-		
1072	75	O	9.70	A	-		
1072	76	O	9.70	T	-		
1072	77	O	9.70	T	-		
1072	78	O	9.70	A	-		
1072	79	O	9.70	T	-		
1072	80	O	9.70	T	-		
1072	81	O	9.70	C	-		
1072	82	O	9.70	G	-		
1072	83	O	9.70	C	-		
1072	84	O	9.70	A	-		
1072	85	O	9.70	A	-		
1072	86	O	9.70	T	-		
1072	87	O	9.70	G	-		
1072	88	O	9.70	G	-		
1072	89	O	9.70	A	-		
1072	90	O	9.70	C	-		
1072	91	O	9.70	A	-		
1072	92	O	9.70	C	-		
1072	93	O	9.70	T	-		
1072	94	O	9.70	C	-		
1072	95	O	9.70	A	-		
1072	96	O	9.70	C	-		
1072	97	O	9.70	G	-		
1072	98	O	9.70	T	-		
1072	99	O	9.70	A	-		
1072	100	O	9.70	T	-		
1072	101	O	9.70	G	-		
1072	102	O	9.70	T	-		
1072	103	O	9.70	T	-		
1072	104	O	9.70	G	-		
1072	105	O	9.70	T	-		
1072	106	O	9.70	T	-		
1072	107	O	9.70	A	-		
1072	108	O	9.70	A	-		
1072	109	O	9.70	T	-		
1073	0	O	11.09	T	-		
1073	1	O	11.09	G	-		
1073	2	O	11.09	G	-		
1073	3	O	11.09	G	-		
1073	4	O	11.09	T	-		
1073	5	O	11.09	G	-		
1073	6	O	11.09	G	-		
1073	7	O	11.09	G	-		
1073	8	O	11.09	T	-		
1073	9	O	11.09	G	-		
1073	10	O	11.09	C	-		
1073	11	O	11.09	T	-		
1073	12	O	11.09	G	-		
1073	13	O	11.09	G	-		
1073	14	O	11.09	T	-		
1073	15	O	11.09	A	-		
1073	16	O	11.09	A	-		
1073	17	O	11.09	T	-		
1073	18	O	11.09	G	-		
1073	19	O	11.09	G	-		
1073	20	O	11.09	T	-		
1073	21	O	11.09	A	-		
1073	22	O	11.09	G	-		
1073	23	O	11.09	T	-		
1073	24	O	11.09	T	-		
1073	25	O	11.09	G	-		
1073	26	O	11.09	G	-		
1073	27	O	11.09	C	-		
1073	28	O	11.09	G	-		
1073	29	O	11.09	C	-		
1073	30	O	11.09	C	-		
1073	31	O	11.09	G	-		
1073	32	O	11.09	T	-		
1073	33	O	11.09	A	-		
1073	34	O	11.09	A	-		
1073	35	O	11.09	T	-		
1073	36	O	11.09	G	-		
1073	37	O	11.09	G	-		
1073	38	O	11.09	T	-		
1073	39	O	11.09	C	-		
1073	40	O	11.09	G	-		
1073	41	O	11.09	A	-		
1073	42	O	11.09	G	-		
1073	43	O	11.09	G	-		
1073	44	O	11.09	G	-		
1073	45	O	11.09	T	-		
1073	46	O	11.09	G	-		
1073	47	O	11.09	C	-		
1073	48	O	11.09	A	-		
1073	49	O	11.09	G	-		
1073	50	O	11.09	T	-		
1073	51	O	11.09	T	-		
1073	52	O	11.09	G	-		
1073	53	O	11.09	T	-		
1073	54	O	11.09	T	-		
1073	55	O	11.09	G	-		
1073	56	O	11.09	G	-		
1073	57	O	11.09	A	-		
1073	58	O	11.09	C	-		
1073	59	O	11.09	T	-		
1073	60	O	11.09	T	-		
1073	61	O	11.09	G	-		
1073	62	O	11.09	T	-		
1073	63	O	11.09	A	-		
1073	64	O	11.09	G	-		
1073	65	O	11.09	C	-		
1073	66	O	11.09	A	-		
1073	67	O	11.09	G	-		
1073	68	O	11.09	T	-		
1073	69	O	11.09	T	-		
1073	70	O	11.09	C	-		
1073	71	O	11.09	T	-		
1073	72	O	11.09	G	-		
1073	73	O	11.09	G	-		
1073	74	O	11.09	C	-		
1073	75	O	11.09	C	-		
1073	76	O	11.09	G	-		
1073	77	O	11.09	G	-		
1073	78	O	11.09	C	-		
1073	79	O	11.09	C	-		
1073	80	O	11.09	A	-		
1073	81	O	11.09	A	-		
1073	82	O	11.09	C	-		
1073	83	O	11.09	T	-		
1073	84	O	11.09	T	-		
1073	85	O	11.09	G	-		
1073	86	O	11.09	C	-		
1073	87	O	11.09	T	-		
1073	88	O	11.09	G	-		
1073	89	O	11.09	G	-		
1073	90	O	11.09	C	-		
1073	91	O	11.09	G	-		
1073	92	O	11.09	G	-		
1073	93	O	11.09	A	-		
1073	94	O	11.09	G	-		
1073	95	O	11.09	A	-		
1073	96	O	11.09	G	-		
1073	97	O	11.09	C	-		
1073	98	O	11.09	G	-		
1073	99	O	11.09	C	-		
1073	100	O	11.09	C	-		
1073	101	O	11.09	G	-		
1073	102	O	11.09	A	-		
1073	103	O	11.09	C	-		
1073	104	O	11.09	A	-		
1073	105	O	11.09	G	-		
1073	106	O	11.09	G	-		
1073	107	O	11.09	C	-		
1073	108	O	11.09	C	-		
1073	109	O	11.09	A	-		
1074	0	O	11.09	T	-		
1074	1	O	11.09	C	-		
1074	2	O	11.09	G	-		
1074	3	O	11.09	C	-		
1074	4	O	11.09	G	-		
1074	5	O	11.09	A	-		
1074	6	O	11.09	G	-		
1074	7	O	11.09	A	-		
1074	8	O	11.09	T	-		
1074	9	O	11.09	C	-		
1074	10	O	11.09	A	-		
1074	11	O	11.09	A	-		
1074	12	O	11.09	T	-		
1074	13	O	11.09	C	-		
1074	14	O	11.09	T	-		
1074	15	O	11.09	T	-		
1074	16	O	11.09	G	-		
1074	17	O	11.09	T	-		
1074	18	O	11.09	G	-		
1074	19	O	11.09	A	-		
1074	20	O	11.09	C	-		
1074	21	O	11.09	T	-		
1074	22	O	11.09	A	-		
1074	23	O	11.09	T	-		
1074	24	O	11.09	C	-		
1074	25	O	11.09	C	-		
1074	26	O	11.09	T	-		
1074	27	O	11.09	G	-		
1074	28	O	11.09	G	-		
1074	29	O	11.09	G	-		
1074	30	O	11.09	A	-		
1074	31	O	11.09	G	-		
1074	32	O	11.09	T	-		
1074	33	O	11.09	A	-		
1074	34	O	11.09	A	-		
1074	35	O	11.09	G	-		
1074	36	O	11.09	G	-		
1074	37	O	11.09	A	-		
1074	38	O	11.09	T	-		
1074	39	O	11.09	A	-		
1074	40	O	11.09	A	-		
1074	41	O	11.09	C	-		
1074	42	O	11.09	G	-		
1074	43	O	11.09	C	-		
1074	44	O	11.09	A	-		
1074	45	O	11.09	T	-		
1074	46	O	11.09	C	-		
1074	47	O	11.09	G	-		
1074	48	O	11.09	G	-		
1074	49	O	11.09	C	-		
1074	50	O	11.09	C	-		
1074	51	O	11.09	A	-		
1074	52	O	11.09	G	-		
1074	53	O	11.09	T	-		
1074	54	O	11.09	C	-		
1074	55	O	11.09	G	-		
1074	56	O	11.09	T	-		
1074	57	O	11.09	C	-		
1074	58	O	11.09	A	-		
1074	59	O	11.09	G	-		
1074	60	O	11.09	T	-		
1074	61	O	11.09	A	-		
1074	62	O	11.09	C	-		
1074	63	O	11.09	G	-		
1074	64	O	11.09	T	-		
1074	65	O	11.09	A	-		
1074	66	O	11.09	T	-		
1074	67	O	11.09	C	-		
1074	68	O	11.09	A	-		
1074	69	O	11.09	T	-		
1074	70	O	11.09	C	-		
1074	71	O	11.09	T	-		
1074	72	O	11.09	T	-		
1074	73	O	11.09	G	-		
1074	74	O	11.09	A	-		
1074	75	O	11.09	T	-		
1074	76	O	11.09	G	-		
1074	77	O	11.09	T	-		
1074	78	O	11.09	G	-		
1074	79	O	11.09	C	-		
1074	80	O	11.09	A	-		
1074	81	O	11.09	T	-		
1074	82	O	11.09	G	-		
1074	83	O	11.09	T	-		
1074	84	O	11.09	G	-		
1074	85	O	11.09	G	-		
1074	86	O	11.09	A	-		
1074	87	O	11.09	G	-		
1074	88	O	11.09	C	-		
1074	89	O	11.09	T	-		
1074	90	O	11.09	G	-		
1074	91	O	11.09	T	-		
1074	92	O	11.09	T	-		
1074	93	O	11.09	C	-		
1074	94	O	11.09	T	-		
1074	95	O	11.09	G	-		
1074	96	O	11.09	A	-		
1074	97	O	11.09	C	-		
1074	98	O	11.09	C	-		
1074	99	O	11.09	T	-		
1074	100	O	11.09	T	-		
1074	101	U	2.86	T	G		
1074	102	O	11.09	C	-		
1074	103	O	11.09	A	-		
1074	104	O	11.09	G	-		
1074	105	O	11.09	T	-		
1074	106	O	11.09	T	-		
1074	107	O	11.09	A	-		
1074	108	O	11.09	T	-		
1074	109	O	11.09	G	-		
1075	0	O	9.70	C	-		
1075	1	O	9.70	G	-		
1075	2	O	9.70	A	-		
1075	3	O	9.70	G	-		
1075	4	O	9.70	G	-		
1075	5	O	9.70	C	-		
1075	6	O	9.70	A	-		
1075	7	O	9.70	T	-		
1075	8	O	9.70	C	-		
1075	9	O	9.70	A	-		
1075	10	O	9.70	T	-		
1075	11	O	9.70	C	-		
1075	12	O	9.70	T	-		
1075	13	O	9.70	G	-		
1075	14	O	9.70	T	-		
1075	15	O	9.70	C	-		
1075	16	O	9.70	T	-		
1075	17	O	9.70	C	-		
1075	18	O	9.70	G	-		
1075	19	O	9.70	A	-		
1075	20	O	9.70	C	-		
1075	21	O	9.70	G	-		
1075	22	O	9.70	A	-		
1075	23	O	9.70	G	-		
1075	24	O	9.70	A	-		
1075	25	O	9.70	T	-		
1075	26	O	9.70	T	-		
1075	27	O	9.70	G	-		
1075	28	O	9.70	A	-		
1075	29	O	9.70	C	-		
1075	30	O	9.70	A	-		
1075	31	O	9.70	A	-		
1075	32	O	9.70	A	-		
1075	33	O	9.70	A	-		
1075	34	O	9.70	T	-		
1075	35	O	9.70	T	-		
1075	36	O	9.70	G	-		
1075	37	O	9.70	C	-		
1075	38	O	9.70	C	-		
1075	39	O	9.70	A	-		
1075	40	O	9.70	C	-		
1075	41	O	9.70	A	-		
1075	42	O	9.70	G	-		
1075	43	O	9.70	C	-		
1075	44	O	9.70	C	-		
1075	45	O	9.70	A	-		
1075	46	O	9.70	A	-		
1075	47	O	9.70	G	-		
1075	48	O	9.70	G	-		
1075	49	O	9.70	T	-		
1075	50	O	9.70	T	-		
1075	51	O	9.70	G	-		
1075	52	O	9.70	C	-		
1075	53	O	9.70	G	-		
1075	54	O	9.70	A	-		
1075	55	O	9.70	A	-		
1075	56	O	9.70	C	-		
1075	57	O	9.70	G	-		
1075	58	O	9.70	G	-		
1075	59	O	9.70	G	-		
1075	60	O	9.70	A	-		
1075	61	O	9.70	A	-		
1075	62	O	9.70	A	-		
1075	63	O	9.70	G	-		
1075	64	O	9.70	A	-		
1075	65	O	9.70	T	-		
1075	66	O	9.70	G	-		
1075	67	O	9.70	T	-		
1075	68	O	9.70	G	-		
1075	69	O	9.70	A	-		
1075	70	O	9.70	G	-		
1075	71	O	9.70	C	-		
1075	72	O	9.70	G	-		
1075	73	O	9.70	G	-		
1075	74	O	9.70	C	-		
1075	75	O	9.70	G	-		
1075	76	O	9.70	A	-		
1075	77	O	9.70	A	-		
1075	78	O	9.70	G	-		
1075	79	O	9.70	G	-		
1075	80	O	9.70	C	-		
1075	81	O	9.70	G	-		
1075	82	O	9.70	T	-		
1075	83	O	9.70	A	-		
1075	84	O	9.70	C	-		
1075	85	O	9.70	A	-		
1075	86	O	9.70	A	-		
1075	87	O	9.70	C	-		
1075	88	O	9.70	A	-		
1075	89	O	9.70	A	-		
1075	90	O	9.70	G	-		
1075	91	O	9.70	C	-		
1075	92	O	9.70	G	-		
1075	93	O	9.70	T	-		
1075	94	O	9.70	T	-		
1075	95	O	9.70	G	-		
1075	96	O	9.70	T	-		
1075	97	O	9.70	T	-		
1075	98	O	9.70	G	-		
1075	99	O	9.70	A	-		
1075	100	O	9.70	A	-		
1075	101	O	9.70	G	-		
1075	102	O	9.70	A	-		
1075	103	O	9.70	T	-		
1075	104	O	9.70	T	-		
1075	105	O	9.70	A	-		
1075	106	O	9.70	T	-		
1075	107	O	9.70	C	-		
1075	108	O	9.70	G	-		
1075	109	O	9.70	A	-		
1076	0	O	5.55	T	-		
1076	1	O	5.55	T	-		
1076	2	O	5.55	C	-		
1076	3	O	5.55	G	-		
1076	4	O	5.55	A	-		
1076	5	O	5.55	A	-		
1076	6	O	5.55	C	-		
1076	7	O	5.55	T	-		
1076	8	O	5.55	T	-		
1076	9	O	5.55	G	-		
1076	10	O	5.55	C	-		
1076	11	O	5.55	T	-		
1076	12	O	5.55	C	-		
1076	13	O	5.55	G	-		
1076	14	O	5.55	T	-		
1076	15	O	5.55	A	-		
1076	16	O	5.55	T	-		
1076	17	O	5.55	G	-		
1076	18	O	5.55	A	-		
1076	19	O	5.55	T	-		
1076	20	O	5.55	T	-		
1076	21	O	5.55	A	-		
1076	22	O	5.55	G	-		
1076	23	O	5.55	A	-		
1076	24	O	5.55	C	-		
1076	25	O	5.55	G	-		
1076	26	O	5.55	G	-		
1076	27	O	5.55	C	-		
1076	28	O	5.55	C	-		
1076	29	O	5.55	G	-		
1076	30	O	5.55	G	-		
1076	31	O	5.55	C	-		
1076	32	O	5.55	G	-		
1076	33	O	5.55	A	-		
1076	34	O	5.55	G	-		
1076	35	O	5.55	G	-		
1076	36	O	5.55	C	-		
1076	37	O	5.55	A	-		
1076	38	O	5.55	A	-		
1076	39	O	5.55	A	-		
1076	40	O	5.55	A	-		
1076	41	O	5.55	G	-		
1076	42	O	5.55	G	-		
1076	43	O	5.55	A	-		
1076	44	O	5.55	G	-		
1076	45	O	5.55	A	-		
1076	46	O	5.55	C	-		
1076	47	O	5.55	C	-		
1076	48	O	5.55	G	-		
1076	49	O	5.55	A	-		
1076	50	O	5.55	G	-		
1076	51	O	5.55	A	-		
1076	52	O	5.55	T	-		
1076	53	O	5.55	T	-		
1076	54	O	5.55	T	-		
1076	55	O	5.55	T	-		
1076	56	O	5.55	C	-		
1076	57	O	5.55	C	-		
1076	58	O	5.55	A	-		
1076	59	O	5.55	A	-		
1076	60	O	5.55	A	-		
1076	61	O	5.55	G	-		
1076	62	O	5.55	C	-		
1076	63	O	5.55	C	-		
1076	64	O	5.55	C	-		
1076	65	O	5.55	T	-		
1076	66	O	5.55	C	-		
1076	67	O	5.55	G	-		
1076	68	O	5.55	C	-		
1076	69	O	5.55	G	-		
1076	70	O	5.55	T	-		
1076	71	O	5.55	C	-		
1076	72	O	5.55	T	-		
1076	73	O	5.55	G	-		
1076	74	O	5.55	T	-		
1076	75	O	5.55	A	-		
1076	76	O	5.55	C	-		
1076	77	O	5.55	T	-		
1076	78	O	5.55	G	-		
1076	79	O	5.55	T	-		
1076	80	O	5.55	G	-		
1076	81	O	5.55	G	-		
1076	82	O	5.55	T	-		
1076	83	O	5.55	C	-		
1076	84	O	5.55	G	-		
1076	85	O	5.55	G	-		
1076	86	O	5.55	A	-		
1076	87	O	5.55	T	-		
1076	88	O	5.55	T	-		
1076	89	O	5.55	T	-		
1076	90	O	5.55	T	-		
1076	91	O	5.55	C	-		
1076	92	O	5.55	A	-		
1076	93	O	5.55	G	-		
1076	94	O	5.55	C	-		
1076	95	O	5.55	A	-		
1076	96	O	5.55	A	-		
1076	97	O	5.55	G	-		
1076	98	O	5.55	G	-		
1076	99	O	5.55	T	-		
1076	100	O	5.55	A	-		
1076	101	O	5.55	A	-		
1076	102	O	5.55	G	-		
1076	103	O	5.55	G	-		
1076	104	O	5.55	A	-		
1076	105	O	5.55	G	-		
1076	106	O	5.55	A	-		
1076	107	O	5.55	T	-		
1076	108	O	5.55	G	-		
1076	109	O	5.55	G	-		
1077	0	O	13.86	A	-		
1077	1	O	13.86	A	-		
1077	2	O	13.86	G	-		
1077	3	O	13.86	C	-		
1077	4	O	13.86	C	-		
1077	5	O	13.86	G	-		
1077	6	O	13.86	A	-		
1077	7	O	13.86	A	-		
1077	8	O	13.86	C	-		
1077	9	O	13.86	T	-		
1077	10	O	13.86	G	-		
1077	11	O	13.86	A	-		
1077	12	O	13.86	T	-		
1077	13	O	13.86	G	-		
1077	14	O	13.86	C	-		
1077	15	O	13.86	T	-		
1077	16	O	13.86	G	-		
1077	17	O	13.86	A	-		
1077	18	O	13.86	A	-		
1077	19	O	13.86	G	-		
1077	20	O	13.86	A	-		
1077	21	O	13.86	G	-		
1077	22	O	13.86	A	-		
1077	23	O	13.86	A	-		
1077	24	O	13.86	T	-		
1077	25	O	13.86	G	-		
1077	26	O	13.86	G	-		
1077	27	O	13.86	A	-		
1077	28	O	13.86	A	-		
1077	29	O	13.86	T	-		
1077	30	O	13.86	C	-		
1077	31	O	13.86	A	-		
1077	32	O	13.86	A	-		
1077	33	O	13.86	T	-		
1077	34	O	13.86	T	-		
1077	35	O	13.86	T	-		
1077	36	O	13.86	A	-		
1077	37	O	13.86	C	-		
1077	38	O	13.86	A	-		
1077	39	O	13.86	G	-		
1077	40	O	13.86	A	-		
1077	41	O	13.86	C	-		
1077	42	O	13.86	C	-		
1077	43	O	13.86	G	-		
1077	44	O	13.86	C	-		
1077	45	O	13.86	A	-		
1077	46	O	13.86	A	-		
1077	47	O	13.86	T	-		
1077	48	O	13.86	T	-		
1077	49	O	13.86	C	-		
1077	50	O	13.86	T	-		
1077	51	O	13.86	A	-		
1077	52	O	13.86	T	-		
1077	53	O	13.86	C	-		
1077	54	O	13.86	G	-		
1077	55	O	13.86	C	-		
1077	56	O	13.86	G	-		
1077	57	O	13.86	A	-		
1077	58	O	13.86	G	-		
1077	59	O	13.86	G	-		
1077	60	O	13.86	G	-		
1077	61	O	13.86	C	-		
1077	62	O	13.86	G	-		
1077	63	O	13.86	T	-		
1077	64	O	13.86	C	-		
1077	65	O	13.86	A	-		
1077	66	O	13.86	T	-		
1077	67	O	13.86	G	-		
1077	68	O	13.86	A	-		
1077	69	O	13.86	C	-		
1077	70	O	13.86	C	-		
1077	71	O	13.86	G	-		
1077	72	O	13.86	A	-		
1077	73	O	13.86	G	-		
1077	74	O	13.86	A	-		
1077	75	O	13.86	T	-		
1077	76	O	13.86	C	-		
1077	77	O	13.86	G	-		
1077	78	O	13.86	A	-		
1077	79	O	13.86	G	-		
1077	80	O	13.86	A	-		
1077	81	O	13.86	A	-		
1077	82	O	13.86	G	-		
1077	83	O	13.86	C	-		
1077	84	O	13.86	T	-		
1077	85	O	13.86	T	-		
1077	86	O	13.86	G	-		
1077	87	O	13.86	C	-		
1077	88	O	13.86	C	-		
1077	89	O	13.86	A	-		
1077	90	O	13.86	A	-		
1077	91	E	-8.39	C	T		
1077	92	O	13.86	A	-		
1077	93	O	13.86	G	-		
1077	94	O	13.86	A	-		
1077	95	O	13.86	C	-		
1077	96	O	13.86	C	-		
1077	97	O	5.16	C	-		
1077	98	O	13.86	C	-		
1077	99	O	13.86	T	-		
1077	100	O	13.86	C	-		
1077	101	O	5.16	A	-		
1077	102	O	13.86	A	-		
1077	103	O	13.86	A	-		
1077	104	O	13.86	T	-		
1077	105	O	13.86	C	-		
1077	106	O	13.86	G	-		
1077	107	O	13.86	G	-		
1077	108	O	13.86	A	-		
1077	109	O	13.86	C	-		
1078	0	O	11.09	T	-		
1078	1	O	11.09	T	-		
1078	2	O	11.09	T	-		
1078	3	O	11.09	C	-		
1078	4	O	11.09	A	-		
1078	5	O	11.09	T	-		
1078	6	O	11.09	T	-		
1078	7	O	11.09	A	-		
1078	8	O	11.09	G	-		
1078	9	O	11.09	T	-		
1078	10	O	11.09	C	-		
1078	11	O	11.09	G	-		
1078	12	O	11.09	A	-		
1078	13	O	11.09	C	-		
1078	14	O	11.09	T	-		
1078	15	O	11.09	T	-		
1078	16	O	11.09	T	-		
1078	17	O	11.09	C	-		
1078	18	O	11.09	T	-		
1078	19	O	11.09	C	-		
1078	20	O	11.09	C	-		
1078	21	O	11.09	G	-		
1078	22	O	11.09	C	-		
1078	23	O	11.09	C	-		
1078	24	O	11.09	T	-		
1078	25	O	11.09	T	-		
1078	26	O	11.09	A	-		
1078	27	O	11.09	T	-		
1078	28	O	11.09	C	-		
1078	29	O	11.09	A	-		
1078	30	O	11.09	T	-		
1078	31	O	11.09	A	-		
1078	32	O	11.09	A	-		
1078	33	O	11.09	T	-		
1078	34	O	11.09	C	-		
1078	35	O	11.09	T	-		
1078	36	O	11.09	T	-		
1078	37	O	11.09	A	-		
1078	38	O	11.09	T	-		
1078	39	O	11.09	T	-		
1078	40	O	11.09	G	-		
1078	41	O	11.09	A	-		
1078	42	O	11.09	T	-		
1078	43	O	11.09	G	-		
1078	44	O	11.09	T	-		
1078	45	O	11.09	C	-		
1078	46	O	11.09	A	-		
1078	47	O	11.09	T	-		
1078	48	O	11.09	G	-		
1078	49	O	11.09	C	-		
1078	50	O	11.09	A	-		
1078	51	O	11.09	C	-		
1078	52	O	11.09	T	-		
1078	53	O	11.09	T	-		
1078	54	O	11.09	T	-		
1078	55	O	11.09	T	-		
1078	56	O	11.09	T	-		
1078	57	O	11.09	T	-		
1078	58	O	11.09	G	-		
1078	59	O	11.09	T	-		
1078	60	O	11.09	A	-		
1078	61	O	11.09	T	-		
1078	62	O	11.09	T	-		
1078	63	O	11.09	A	-		
1078	64	O	11.09	T	-		
1078	65	O	11.09	T	-		
1078	66	O	11.09	G	-		
1078	67	U	2.86	A	T		
1078	68	O	11.09	A	-		
1078	69	O	11.09	T	-		
1078	70	O	11.09	T	-		
1078	71	O	11.09	A	-		
1078	72	O	11.09	T	-		
1078	73	O	11.09	T	-		
1078	74	O	11.09	T	-		
1078	75	O	11.09	T	-		
1078	76	O	11.09	G	-		
1078	77	O	11.09	G	-		
1078	78	O	11.09	G	-		
1078	79	O	11.09	G	-		
1078	80	O	11.09	G	-		
1078	81	O	11.09	T	-		
1078	82	O	11.09	A	-		
1078	83	O	11.09	A	-		
1078	84	O	11.09	A	-		
1078	85	O	11.09	G	-		
1078	86	O	11.09	T	-		
1078	87	O	11.09	T	-		
1078	88	O	11.09	G	-		
1078	89	O	11.09	T	-		
1078	90	O	11.09	C	-		
1078	91	O	11.09	A	-		
1078	92	O	11.09	T	-		
1078	93	O	11.09	A	-		
1078	94	O	11.09	C	-		
1078	95	O	11.09	T	-		
1078	96	O	11.09	T	-		
1078	97	O	11.09	G	-		
1078	98	O	11.09	C	-		
1078	99	U	2.86	A	T		
1078	100	O	11.09	T	-		
1078	101	O	11.09	T	-		
1078	102	O	11.09	A	-		
1078	103	O	11.09	A	-		
1078	104	O	11.09	G	-		
1078	105	O	11.09	G	-		
1078	106	U	-2.30	A	G		
1078	107	O	11.09	A	-		
1078	108	O	11.09	C	-		
1078	109	O	11.09	C	-		
1079	0	O	6.93	G	-		
1079	1	O	6.93	G	-		
1079	2	O	6.93	A	-		
1079	3	O	6.93	C	-		
1079	4	O	6.93	C	-		
1079	5	O	6.93	G	-		
1079	6	O	6.93	C	-		
1079	7	O	6.93	C	-		
1079	8	O	6.93	T	-		
1079	9	O	6.93	G	-		
1079	10	O	6.93	G	-		
1079	11	O	6.93	C	-		
1079	12	O	6.93	C	-		
1079	13	O	6.93	T	-		
1079	14	O	6.93	T	-		
1079	15	O	6.93	A	-		
1079	16	O	6.93	C	-		
1079	17	O	6.93	T	-		
1079	18	O	6.93	C	-		
1079	19	O	6.93	A	-		
1079	20	O	6.93	C	-		
1079	21	O	6.93	G	-		
1079	22	O	6.93	T	-		
1079	23	O	6.93	G	-		
1079	24	O	6.93	C	-		
1079	25	O	6.93	T	-		
1079	26	O	6.93	T	-		
1079	27	O	6.93	G	-		
1079	28	O	6.93	G	-		
1079	29	O	6.93	T	-		
1079	30	O	6.93	T	-		
1079	31	O	6.93	T	-		
1079	32	O	6.93	G	-		
1079	33	O	6.93	G	-		
1079	34	O	6.93	C	-		
1079	35	O	6.93	T	-		
1079	36	O	6.93	G	-		
1079	37	O	6.93	C	-		
1079	38	O	6.93	A	-		
1079	39	O	6.93	G	-		
1079	40	O	6.93	C	-		
1079	41	O	6.93	T	-		
1079	42	O	6.93	T	-		
1079	43	O	6.93	T	-		
1079	44	O	6.93	G	-		
1079	45	O	6.93	G	-		
1079	46	O	6.93	A	-		
1079	47	O	6.93	G	-		
1079	48	O	6.93	G	-		
1079	49	O	6.93	A	-		
1079	50	O	6.93	G	-		
1079	51	O	6.93	C	-		
1079	52	O	6.93	A	-		
1079	53	O	6.93	G	-		
1079	54	O	6.93	A	-		
1079	55	O	6.93	C	-		
1079	56	O	6.93	A	-		
1079	57	O	6.93	C	-		
1079	58	O	6.93	A	-		
1079	59	O	6.93	C	-		
1079	60	O	6.93	A	-		
1079	61	O	6.93	C	-		
1079	62	O	6.93	G	-		
1079	63	O	6.93	C	-		
1079	64	O	6.93	C	-		
1079	65	O	6.93	G	-		
1079	66	O	6.93	C	-		
1079	67	O	6.93	A	-		
1079	68	O	6.93	C	-		
1079	69	O	6.93	A	-		
1079	70	O	6.93	A	-		
1079	71	O	6.93	G	-		
1079	72	O	6.93	A	-		
1079	73	O	6.93	C	-		
1079	74	O	6.93	C	-		
1079	75	O	6.93	T	-		
1079	76	O	6.93	G	-		
1079	77	O	6.93	A	-		
1079	78	O	6.93	T	-		
1079	79	O	6.93	G	-		
1079	80	O	6.93	C	-		
1079	81	O	6.93	G	-		
1079	82	O	6.93	G	-		
1079	83	O	6.93	A	-		
1079	84	O	6.93	C	-		
1079	85	O	6.93	A	-		
1079	86	O	6.93	G	-		
1079	87	O	6.93	T	-		
1079	88	O	6.93	G	-		
1079	89	O	6.93	A	-		
1079	90	O	6.93	A	-		
1079	91	O	6.93	G	-		
1079	92	O	6.93	A	-		
1079	93	O	6.93	C	-		
1079	94	O	6.93	C	-		
1079	95	O	6.93	A	-		
1079	96	O	6.93	A	-		
1079	97	O	6.93	A	-		
1079	98	O	6.93	G	-		
1079	99	O	6.93	G	-		
1079	100	O	6.93	A	-		
1079	101	O	6.93	A	-		
1079	102	O	6.93	C	-		
1079	103	O	6.93	A	-		
1079	104	O	6.93	A	-		
1079	105	O	6.93	G	-		
1079	106	O	6.93	G	-		
1079	107	O	6.93	A	-		
1079	108	O	6.93	C	-		
1079	109	O	6.93	A	-		
1080	0	O	12.48	A	-		
1080	1	O	12.48	A	-		
1080	2	O	12.48	G	-		
1080	3	O	12.48	A	-		
1080	4	O	12.48	G	-		
1080	5	O	12.48	A	-		
1080	6	O	12.48	T	-		
1080	7	O	12.48	C	-		
1080	8	O	12.48	T	-		
1080	9	O	12.48	C	-		
1080	10	O	12.48	T	-		
1080	11	O	12.48	T	-		
1080	12	O	12.48	T	-		
1080	13	O	12.48	C	-		
1080	14	O	12.48	C	-		
1080	15	O	12.48	T	-		
1080	16	O	12.48	C	-		
1080	17	O	12.48	C	-		
1080	18	O	12.48	A	-		
1080	19	O	12.48	C	-		
1080	20	O	12.48	C	-		
1080	21	O	12.48	G	-		
1080	22	O	12.48	T	-		
1080	23	O	12.48	C	-		
1080	24	O	12.48	A	-		
1080	25	O	12.48	C	-		
1080	26	O	12.48	C	-		
1080	27	O	12.48	G	-		
1080	28	O	12.48	T	-		
1080	29	O	12.48	A	-		
1080	30	O	12.48	C	-		
1080	31	O	12.48	C	-		
1080	32	U	0.00	-	-		
1080	33	O	12.48	A	-		
1080	34	O	12.48	C	-		
1080	35	O	12.48	C	-		
1080	36	O	12.48	C	-		
1080	37	O	12.48	C	-		
1080	38	O	12.48	G	-		
1080	39	O	12.48	C	-		
1080	40	O	12.48	C	-		
1080	41	O	12.48	C	-		
1080	42	O	12.48	G	-		
1080	43	O	12.48	G	-		
1080	44	O	12.48	C	-		
1080	45	O	12.48	C	-		
1080	46	O	12.48	T	-		
1080	47	O	12.48	G	-		
1080	48	O	12.48	A	-		
1080	49	O	12.48	G	-		
1080	50	O	12.48	G	-		
1080	51	O	12.48	T	-		
1080	52	O	12.48	C	-		
1080	53	O	12.48	G	-		
1080	54	O	12.48	A	-		
1080	55	O	12.48	A	-		
1080	56	O	12.48	G	-		
1080	57	O	12.48	C	-		
1080	58	O	12.48	T	-		
1080	59	O	12.48	G	-		
1080	60	O	12.48	A	-		
1080	61	O	12.48	C	-		
1080	62	O	12.48	G	-		
1080	63	O	12.48	G	-		
1080	64	O	12.48	A	-		
1080	65	O	12.48	G	-		
1080	66	O	12.48	C	-		
1080	67	O	12.48	C	-		
1080	68	O	12.48	C	-		
1080	69	O	12.48	A	-		
1080	70	O	12.48	T	-		
1080	71	O	12.48	C	-		
1080	72	O	12.48	G	-		
1080	73	O	12.48	G	-		
1080	74	O	12.48	G	-		
1080	75	O	12.48	T	-		
1080	76	O	12.48	G	-		
1080	77	O	12.48	C	-		
1080	78	O	12.48	G	-		
1080	79	O	12.48	C	-		
1080	80	O	12.48	C	-		
1080	81	O	12.48	T	-		
1080	82	O	12.48	G	-		
1080	83	O	12.48	G	-		
1080	84	O	12.48	G	-		
1080	85	O	12.48	C	-		
1080	86	O	12.48	T	-		
1080	87	O	12.48	C	-		
1080	88	O	12.48	C	-		
1080	89	O	12.48	C	-		
1080	90	O	12.48	G	-		
1080	91	O	12.48	T	-		
1080	92	O	12.48	G	-		
1080	93	O	12.48	T	-		
1080	94	O	12.48	T	-		
1080	95	O	12.48	G	-		
1080	96	O	12.48	C	-		
1080	97	O	12.48	C	-		
1080	98	O	12.48	G	-		
1080	99	O	12.48	C	-		
1080	100	O	12.48	T	-		
1080	101	O	12.48	C	-		
1080	102	O	12.48	A	-		
1080	103	O	12.48	C	-		
1080	104	O	12.48	G	-		
1080	105	O	12.48	T	-		
1080	106	O	12.48	G	-		
1080	107	O	12.48	C	-		
1080	108	O	12.48	G	-		
1080	109	O	12.48	A	-		
1080	110	U	0.00	-	-		
1081	0	O	6.93	C	-		
1081	1	O	6.93	T	-		
1081	2	O	6.93	C	-		
1081	3	O	6.93	G	-		
1081	4	O	6.93	C	-		
1081	5	O	6.93	G	-		
1081	6	O	6.93	A	-		
1081	7	O	6.93	C	-		
1081	8	O	6.93	C	-		
1081	9	O	6.93	G	-		
1081	10	O	6.93	G	-		
1081	11	O	6.93	T	-		
1081	12	O	6.93	G	-		
1081	13	O	6.93	C	-		
1081	14	O	6.93	C	-		
1081	15	O	6.93	G	-		
1081	16	O	6.93	C	-		
1081	17	O	6.93	G	-		
1081	18	O	6.93	A	-		
1081	19	O	6.93	C	-		
1081	20	O	6.93	C	-		
1081	21	O	6.93	G	-		
1081	22	O	6.93	C	-		
1081	23	O	6.93	C	-		
1081	24	O	6.93	G	-		
1081	25	O	6.93	T	-		
1081	26	O	6.93	C	-		
1081	27	O	6.93	G	-		
1081	28	O	6.93	A	-		
1081	29	O	6.93	A	-		
1081	30	O	6.93	C	-		
1081	31	O	6.93	A	-		
1081	32	O	6.93	G	-		
1081	33	O	6.93	T	-		
1081	34	O	6.93	C	-		
1081	35	O	6.93	G	-		
1081	36	O	6.93	G	-		
1081	37	O	6.93	G	-		
1081	38	O	6.93	C	-		
1081	39	O	6.93	G	-		
1081	40	O	6.93	A	-		
1081	41	O	6.93	G	-		
1081	42	O	6.93	C	-		
1081	43	O	6.93	C	-		
1081	44	O	6.93	G	-		
1081	45	O	6.93	A	-		
1081	46	O	6.93	C	-		
1081	47	O	6.93	T	-		
1081	48	O	6.93	C	-		
1081	49	O	6.93	T	-		
1081	50	O	6.93	C	-		
1081	51	O	6.93	G	-		
1081	52	O	6.93	C	-		
1081	53	O	6.93	T	-		
1081	54	O	6.93	C	-		
1081	55	O	6.93	C	-		
1081	56	O	6.93	C	-		
1081	57	O	6.93	A	-		
1081	58	O	6.93	A	-		
1081	59	O	6.93	G	-		
1081	60	O	6.93	C	-		
1081	61	O	6.93	T	-		
1081	62	O	6.93	C	-		
1081	63	O	6.93	G	-		
1081	64	O	6.93	G	-		
1081	65	O	6.93	A	-		
1081	66	O	6.93	C	-		
1081	67	O	6.93	T	-		
1081	68	O	6.93	G	-		
1081	69	O	6.93	G	-		
1081	70	O	6.93	C	-		
1081	71	O	6.93	G	-		
1081	72	O	6.93	G	-		
1081	73	O	6.93	A	-		
1081	74	O	6.93	T	-		
1081	75	O	6.93	G	-		
1081	76	O	6.93	C	-		
1081	77	O	6.93	T	-		
1081	78	O	6.93	C	-		
1081	79	O	6.93	A	-		
1081	80	O	6.93	T	-		
1081	81	O	6.93	C	-		
1081	82	O	6.93	T	-		
1081	83	O	6.93	C	-		
1081	84	O	6.93	G	-		
1081	85	O	6.93	A	-		
1081	86	O	6.93	T	-		
1081	87	O	6.93	C	-		
1081	88	O	6.93	T	-		
1081	89	O	6.93	C	-		
1081	90	O	6.93	T	-		
1081	91	O	6.93	C	-		
1081	92	O	6.93	C	-		
1081	93	O	6.93	C	-		
1081	94	O	6.93	A	-		
1081	95	O	6.93	G	-		
1081	96	O	6.93	T	-		
1081	97	O	6.93	C	-		
1081	98	O	6.93	T	-		
1081	99	O	6.93	G	-		
1081	100	O	6.93	C	-		
1081	101	O	6.93	G	-		
1081	102	U	-0.27	T	C		
1081	103	O	6.93	C	-		
1081	104	O	6.93	C	-		
1081	105	O	6.93	G	-		
1081	106	O	6.93	T	-		
1081	107	O	6.93	C	-		
1081	108	O	6.93	G	-		
1081	109	O	6.93	T	-		
1082	0	O	8.32	A	-		
1082	1	O	8.32	T	-		
1082	2	O	8.32	C	-		
1082	3	O	8.32	T	-		
1082	4	O	8.32	T	-		
1082	5	O	8.32	G	-		
1082	6	O	8.32	A	-		
1082	7	O	8.32	T	-		
1082	8	O	8.32	C	-		
1082	9	O	8.32	C	-		
1082	10	O	8.32	T	-		
1082	11	O	8.32	C	-		
1082	12	O	8.32	T	-		
1082	13	O	8.32	A	-		
1082	14	O	8.32	G	-		
1082	15	O	8.32	G	-		
1082	16	O	8.32	T	-		
1082	17	O	8.32	C	-		
1082	18	O	8.32	C	-		
1082	19	O	8.32	C	-		
1082	20	O	8.32	C	-		
1082	21	O	8.32	A	-		
1082	22	O	8.32	C	-		
1082	23	O	8.32	T	-		
1082	24	O	8.32	T	-		
1082	25	O	8.32	A	-		
1082	26	O	8.32	A	-		
1082	27	O	8.32	G	-		
1082	28	O	8.32	T	-		
1082	29	O	8.32	T	-		
1082	30	O	8.32	A	-		
1082	31	O	8.32	G	-		
1082	32	O	8.32	T	-		
1082	33	O	8.32	G	-		
1082	34	O	8.32	T	-		
1082	35	O	8.32	A	-		
1082	36	O	8.32	T	-		
1082	37	O	8.32	G	-		
1082	38	O	8.32	C	-		
1082	39	O	8.32	A	-		
1082	40	O	8.32	C	-		
1082	41	O	8.32	C	-		
1082	42	O	8.32	T	-		
1082	43	O	8.32	A	-		
1082	44	O	8.32	T	-		
1082	45	O	8.32	G	-		
1082	46	O	8.32	A	-		
1082	47	O	8.32	A	-		
1082	48	O	8.32	G	-		
1082	49	O	8.32	T	-		
1082	50	O	8.32	C	-		
1082	51	O	8.32	A	-		
1082	52	O	8.32	C	-		
1082	53	O	8.32	C	-		
1082	54	O	8.32	A	-		
1082	55	O	8.32	A	-		
1082	56	O	8.32	T	-		
1082	57	O	8.32	C	-		
1082	58	O	8.32	A	-		
1082	59	O	8.32	G	-		
1082	60	O	8.32	G	-		
1082	61	O	8.32	T	-		
1082	62	O	8.32	T	-		
1082	63	O	8.32	A	-		
1082	64	O	8.32	T	-		
1082	65	O	8.32	T	-		
1082	66	O	8.32	C	-		
1082	67	O	8.32	A	-		
1082	68	O	8.32	T	-		
1082	69	O	8.32	G	-		
1082	70	O	8.32	C	-		
1082	71	O	8.32	A	-		
1082	72	O	8.32	A	-		
1082	73	O	8.32	C	-		
1082	74	O	8.32	C	-		
1082	75	O	8.32	A	-		
1082	76	O	8.32	T	-		
1082	77	O	8.32	T	-		
1082	78	O	8.32	T	-		
1082	79	O	8.32	G	-		
1082	80	O	8.32	C	-		
1082	81	O	8.32	A	-		
1082	82	O	8.32	G	-		
1082	83	O	8.32	A	-		
1082	84	O	8.32	G	-		
1082	85	O	8.32	A	-		
1082	86	O	8.32	A	-		
1082	87	O	8.32	A	-		
1082	88	O	8.32	A	-		
1082	89	O	8.32	T	-		
1082	90	O	8.32	T	-		
1082	91	O	8.32	A	-		
1082	92	O	8.32	C	-		
1082	93	O	8.32	C	-		
1082	94	O	8.32	C	-		
1082	95	O	8.32	T	-		
1082	96	O	8.32	G	-		
1082	97	O	8.32	A	-		
1082	98	O	8.32	G	-		
1082	99	O	8.32	T	-		
1082	100	O	8.32	G	-		
1082	101	O	8.32	G	-		
1082	102	O	8.32	G	-		
1082	103	O	8.32	T	-		
1082	104	O	8.32	T	-		
1082	105	O	8.32	C	-		
1082	106	O	8.32	T	-		
1082	107	O	8.32	C	-		
1082	108	O	8.32	T	-		
1082	109	O	8.32	C	-		
1083	0	O	6.93	A	-		
1083	1	O	6.93	G	-		
1083	2	O	6.93	G	-		
1083	3	O	6.93	G	-		
1083	4	O	6.93	A	-		
1083	5	O	6.93	G	-		
1083	6	O	6.93	T	-		
1083	7	O	6.93	T	-		
1083	8	O	6.93	G	-		
1083	9	O	6.93	A	-		
1083	10	O	6.93	T	-		
1083	11	O	6.93	G	-		
1083	12	O	6.93	T	-		
1083	13	O	6.93	A	-		
1083	14	O	6.93	A	-		
1083	15	O	6.93	C	-		
1083	16	O	6.93	C	-		
1083	17	O	6.93	T	-		
1083	18	O	6.93	C	-		
1083	19	O	6.93	C	-		
1083	20	O	6.93	T	-		
1083	21	O	6.93	G	-		
1083	22	O	6.93	C	-		
1083	23	O	6.93	C	-		
1083	24	O	6.93	G	-		
1083	25	O	6.93	C	-		
1083	26	O	6.93	C	-		
1083	27	O	6.93	G	-		
1083	28	O	6.93	C	-		
1083	29	O	6.93	C	-		
1083	30	O	6.93	G	-		
1083	31	O	6.93	A	-		
1083	32	O	6.93	G	-		
1083	33	O	6.93	C	-		
1083	34	O	6.93	C	-		
1083	35	O	6.93	G	-		
1083	36	O	6.93	G	-		
1083	37	O	6.93	T	-		
1083	38	O	6.93	G	-		
1083	39	O	6.93	G	-		
1083	40	O	6.93	A	-		
1083	41	O	6.93	G	-		
1083	42	O	6.93	G	-		
1083	43	O	6.93	A	-		
1083	44	O	6.93	C	-		
1083	45	O	6.93	A	-		
1083	46	O	6.93	C	-		
1083	47	O	6.93	G	-		
1083	48	O	6.93	A	-		
1083	49	O	6.93	A	-		
1083	50	O	6.93	G	-		
1083	51	O	6.93	G	-		
1083	52	O	6.93	T	-		
1083	53	O	6.93	C	-		
1083	54	O	6.93	C	-		
1083	55	O	6.93	C	-		
1083	56	O	6.93	G	-		
1083	57	O	6.93	A	-		
1083	58	O	6.93	G	-		
1083	59	O	6.93	C	-		
1083	60	O	6.93	G	-		
1083	61	O	6.93	C	-		
1083	62	O	6.93	G	-		
1083	63	O	6.93	T	-		
1083	64	O	6.93	G	-		
1083	65	O	6.93	G	-		
1083	66	O	6.93	C	-		
1083	67	O	6.93	C	-		
1083	68	O	6.93	G	-		
1083	69	O	6.93	G	-		
1083	70	O	6.93	T	-		
1083	71	O	6.93	G	-		
1083	72	O	6.93	T	-		
1083	73	O	6.93	T	-		
1083	74	O	6.93	G	-		
1083	75	O	6.93	C	-		
1083	76	O	6.93	A	-		
1083	77	O	6.93	G	-		
1083	78	O	6.93	C	-		
1083	79	O	6.93	A	-		
1083	80	O	6.93	G	-		
1083	81	O	6.93	A	-		
1083	82	O	6.93	A	-		
1083	83	O	6.93	C	-		
1083	84	O	6.93	T	-		
1083	85	O	6.93	T	-		
1083	86	O	6.93	G	-		
1083	87	O	6.93	A	-		
1083	88	O	6.93	G	-		
1083	89	O	6.93	G	-		
1083	90	O	6.93	A	-		
1083	91	O	6.93	G	-		
1083	92	O	6.93	G	-		
1083	93	O	6.93	T	-		
1083	94	O	6.93	T	-		
1083	95	O	6.93	G	-		
1083	96	O	6.93	T	-		
1083	97	O	6.93	G	-		
1083	98	O	6.93	T	-		
1083	99	O	6.93	T	-		
1083	100	O	6.93	G	-		
1083	101	O	6.93	T	-		
1083	102	O	6.93	C	-		
1083	103	O	6.93	G	-		
1083	104	O	6.93	T	-		
1083	105	O	6.93	G	-		
1083	106	O	6.93	G	-		
1083	107	O	6.93	G	-		
1083	108	O	6.93	A	-		
1083	109	O	6.93	A	-		
1084	0	O	8.32	C	-		
1084	1	O	8.32	A	-		
1084	2	O	8.32	G	-		
1084	3	O	8.32	G	-		
1084	4	O	8.32	C	-		
1084	5	O	8.32	G	-		
1084	6	O	8.32	G	-		
1084	7	O	8.32	C	-		
1084	8	O	8.32	C	-		
1084	9	O	8.32	G	-		
1084	10	O	8.32	T	-		
1084	11	O	8.32	T	-		
1084	12	O	8.32	G	-		
1084	13	O	8.32	G	-		
1084	14	O	8.32	C	-		
1084	15	O	8.32	T	-		
1084	16	O	8.32	C	-		
1084	17	O	8.32	T	-		
1084	18	O	8.32	G	-		
1084	19	O	8.32	G	-		
1084	20	O	8.32	G	-		
1084	21	O	8.32	G	-		
1084	22	O	8.32	C	-		
1084	23	O	8.32	T	-		
1084	24	O	8.32	T	-		
1084	25	O	8.32	G	-		
1084	26	O	8.32	T	-		
1084	27	O	8.32	G	-		
1084	28	O	8.32	T	-		
1084	29	O	8.32	G	-		
1084	30	O	8.32	T	-		
1084	31	O	8.32	G	-		
1084	32	O	8.32	C	-		
1084	33	O	8.32	G	-		
1084	34	O	8.32	G	-		
1084	35	O	8.32	A	-		
1084	36	O	8.32	G	-		
1084	37	O	8.32	C	-		
1084	38	O	8.32	G	-		
1084	39	O	8.32	T	-		
1084	40	O	8.32	A	-		
1084	41	O	8.32	C	-		
1084	42	O	8.32	T	-		
1084	43	O	8.32	T	-		
1084	44	O	8.32	A	-		
1084	45	O	8.32	G	-		
1084	46	O	8.32	C	-		
1084	47	O	8.32	T	-		
1084	48	O	8.32	G	-		
1084	49	O	8.32	C	-		
1084	50	O	8.32	A	-		
1084	51	O	8.32	T	-		
1084	52	O	8.32	C	-		
1084	53	O	8.32	A	-		
1084	54	O	8.32	C	-		
1084	55	O	8.32	G	-		
1084	56	O	8.32	C	-		
1084	57	O	8.32	C	-		
1084	58	O	8.32	C	-		
1084	59	O	8.32	G	-		
1084	60	O	8.32	C	-		
1084	61	O	8.32	T	-		
1084	62	O	8.32	C	-		
1084	63	O	8.32	A	-		
1084	64	O	8.32	A	-		
1084	65	O	8.32	C	-		
1084	66	O	8.32	T	-		
1084	67	O	8.32	C	-		
1084	68	O	8.32	T	-		
1084	69	O	8.32	C	-		
1084	70	O	8.32	T	-		
1084	71	O	8.32	T	-		
1084	72	O	8.32	T	-		
1084	73	O	8.32	G	-		
1084	74	O	8.32	C	-		
1084	75	O	8.32	C	-		
1084	76	O	8.32	T	-		
1084	77	O	8.32	G	-		
1084	78	O	8.32	C	-		
1084	79	O	8.32	C	-		
1084	80	O	8.32	C	-		
1084	81	O	8.32	G	-		
1084	82	O	8.32	A	-		
1084	83	O	8.32	G	-		
1084	84	O	8.32	T	-		
1084	85	O	8.32	C	-		
1084	86	O	8.32	G	-		
1084	87	O	8.32	T	-		
1084	88	O	8.32	G	-		
1084	89	O	8.32	G	-		
1084	90	O	8.32	T	-		
1084	91	O	8.32	G	-		
1084	92	O	8.32	T	-		
1084	93	O	8.32	G	-		
1084	94	O	8.32	T	-		
1084	95	O	8.32	A	-		
1084	96	O	8.32	G	-		
1084	97	O	8.32	A	-		
1084	98	O	8.32	G	-		
1084	99	O	8.32	C	-		
1084	100	O	8.32	C	-		
1084	101	O	8.32	T	-		
1084	102	O	8.32	C	-		
1084	103	O	8.32	T	-		
1084	104	O	8.32	A	-		
1084	105	O	8.32	C	-		
1084	106	O	8.32	T	-		
1084	107	O	8.32	T	-		
1084	108	O	8.32	G	-		
1084	109	O	8.32	A	-		
1085	0	O	12.48	A	-		
1085	1	O	12.48	C	-		
1085	2	O	12.48	C	-		
1085	3	O	12.48	G	-		
1085	4	O	12.48	G	-		
1085	5	O	12.48	A	-		
1085	6	O	12.48	A	-		
1085	7	O	12.48	T	-		
1085	8	O	12.48	G	-		
1085	9	O	12.48	T	-		
1085	10	O	12.48	T	-		
1085	11	O	12.48	G	-		
1085	12	O	12.48	A	-		
1085	13	O	12.48	T	-		
1085	14	O	12.48	C	-		
1085	15	O	12.48	A	-		
1085	16	O	12.48	G	-		
1085	17	O	12.48	T	-		
1085	18	O	12.48	C	-		
1085	19	O	12.48	G	-		
1085	20	O	12.48	A	-		
1085	21	O	12.48	G	-		
1085	22	O	12.48	C	-		
1085	23	O	12.48	G	-		
1085	24	O	12.48	A	-		
1085	25	O	12.48	C	-		
1085	26	O	12.48	A	-		
1085	27	O	12.48	T	-		
1085	28	O	12.48	C	-		
1085	29	O	12.48	T	-		
1085	30	O	12.48	G	-		
1085	31	O	12.48	T	-		
1085	32	O	12.48	G	-		
1085	33	O	12.48	T	-		
1085	34	O	12.48	G	-		
1085	35	O	12.48	A	-		
1085	36	O	12.48	A	-		
1085	37	O	12.48	A	-		
1085	38	O	12.48	A	-		
1085	39	O	12.48	A	-		
1085	40	O	12.48	A	-		
1085	41	O	12.48	G	-		
1085	42	O	12.48	T	-		
1085	43	O	12.48	A	-		
1085	44	O	12.48	C	-		
1085	45	O	12.48	T	-		
1085	46	O	12.48	G	-		
1085	47	O	12.48	C	-		
1085	48	O	12.48	A	-		
1085	49	O	12.48	G	-		
1085	50	O	12.48	A	-		
1085	51	O	12.48	T	-		
1085	52	O	12.48	G	-		
1085	53	O	12.48	C	-		
1085	54	O	12.48	T	-		
1085	55	O	12.48	C	-		
1085	56	O	12.48	C	-		
1085	57	O	12.48	A	-		
1085	58	O	12.48	T	-		
1085	59	O	12.48	G	-		
1085	60	O	12.48	A	-		
1085	61	O	12.48	A	-		
1085	62	O	12.48	C	-		
1085	63	O	12.48	A	-		
1085	64	O	12.48	C	-		
1085	65	O	12.48	T	-		
1085	66	O	12.48	C	-		
1085	67	O	12.48	C	-		
1085	68	O	12.48	A	-		
1085	69	O	12.48	C	-		
1085	70	O	12.48	T	-		
1085	71	O	12.48	C	-		
1085	72	O	12.48	T	-		
1085	73	O	12.48	C	-		
1085	74	O	12.48	G	-		
1085	75	O	12.48	T	-		
1085	76	O	12.48	T	-		
1085	77	O	12.48	G	-		
1085	78	O	12.48	A	-		
1085	79	O	12.48	A	-		
1085	80	O	12.48	G	-		
1085	81	O	12.48	T	-		
1085	82	O	12.48	A	-		
1085	83	O	12.48	C	-		
1085	84	O	12.48	C	-		
1085	85	O	12.48	T	-		
1085	86	O	12.48	G	-		
1085	87	O	12.48	A	-		
1085	88	O	12.48	T	-		
1085	89	O	12.48	C	-		
1085	90	O	12.48	C	-		
1085	91	O	12.48	G	-		
1085	92	O	12.48	C	-		
1085	93	O	12.48	A	-		
1085	94	O	12.48	G	-		
1085	95	O	12.48	G	-		
1085	96	O	12.48	G	-		
1085	97	O	12.48	G	-		
1085	98	O	12.48	A	-		
1085	99	O	12.48	A	-		
1085	100	O	12.48	C	-		
1085	101	O	12.48	T	-		
1085	102	O	12.48	T	-		
1085	103	O	12.48	G	-		
1085	104	O	12.48	A	-		
1085	105	O	12.48	A	-		
1085	106	O	12.48	T	-		
1085	107	O	12.48	C	-		
1085	108	O	12.48	G	-		
1085	109	O	12.48	A	-		
1086	0	O	6.93	C	-		
1086	1	O	6.93	T	-		
1086	2	O	6.93	G	-		
1086	3	O	6.93	A	-		
1086	4	O	6.93	C	-		
1086	5	O	6.93	C	-		
1086	6	O	6.93	A	-		
1086	7	O	6.93	G	-		
1086	8	O	6.93	G	-		
1086	9	O	6.93	A	-		
1086	10	O	6.93	C	-		
1086	11	O	6.93	T	-		
1086	12	O	6.93	G	-		
1086	13	O	6.93	A	-		
1086	14	O	6.93	G	-		
1086	15	O	6.93	A	-		
1086	16	O	6.93	C	-		
1086	17	O	6.93	G	-		
1086	18	O	6.93	G	-		
1086	19	O	6.93	C	-		
1086	20	O	6.93	C	-		
1086	21	O	6.93	G	-		
1086	22	O	6.93	G	-		
1086	23	O	6.93	G	-		
1086	24	O	6.93	C	-		
1086	25	O	6.93	G	-		
1086	26	O	6.93	G	-		
1086	27	O	6.93	G	-		
1086	28	O	6.93	C	-		
1086	29	O	6.93	G	-		
1086	30	O	6.93	A	-		
1086	31	O	6.93	G	-		
1086	32	O	6.93	T	-		
1086	33	O	6.93	T	-		
1086	34	O	6.93	T	-		
1086	35	O	6.93	T	-		
1086	36	O	6.93	G	-		
1086	37	O	6.93	T	-		
1086	38	O	6.93	G	-		
1086	39	O	6.93	C	-		
1086	40	O	6.93	A	-		
1086	41	O	6.93	G	-		
1086	42	O	6.93	T	-		
1086	43	O	6.93	T	-		
1086	44	O	6.93	C	-		
1086	45	O	6.93	C	-		
1086	46	O	6.93	G	-		
1086	47	O	6.93	C	-		
1086	48	O	6.93	T	-		
1086	49	O	6.93	C	-		
1086	50	O	6.93	G	-		
1086	51	O	6.93	A	-		
1086	52	O	6.93	G	-		
1086	53	O	6.93	C	-		
1086	54	O	6.93	A	-		
1086	55	O	6.93	G	-		
1086	56	O	6.93	T	-		
1086	57	O	6.93	C	-		
1086	58	O	6.93	A	-		
1086	59	O	6.93	G	-		
1086	60	O	6.93	C	-		
1086	61	O	6.93	G	-		
1086	62	O	6.93	C	-		
1086	63	O	6.93	G	-		
1086	64	O	6.93	C	-		
1086	65	O	6.93	G	-		
1086	66	O	6.93	C	-		
1086	67	O	6.93	A	-		
1086	68	O	6.93	A	-		
1086	69	O	6.93	A	-		
1086	70	O	6.93	C	-		
1086	71	O	6.93	A	-		
1086	72	O	6.93	A	-		
1086	73	O	6.93	A	-		
1086	74	O	6.93	C	-		
1086	75	O	6.93	C	-		
1086	76	O	6.93	C	-		
1086	77	O	6.93	A	-		
1086	78	O	6.93	C	-		
1086	79	O	6.93	C	-		
1086	80	O	6.93	A	-		
1086	81	O	6.93	G	-		
1086	82	O	6.93	G	-		
1086	83	O	6.93	C	-		
1086	84	O	6.93	C	-		
1086	85	O	6.93	A	-		
1086	86	O	6.93	G	-		
1086	87	O	6.93	T	-		
1086	88	O	6.93	C	-		
1086	89	O	6.93	G	-		
1086	90	O	6.93	G	-		
1086	91	O	6.93	T	-		
1086	92	O	6.93	G	-		
1086	93	O	6.93	G	-		
1086	94	O	6.93	G	-		
1086	95	O	6.93	C	-		
1086	96	O	6.93	C	-		
1086	97	O	6.93	A	-		
1086	98	O	6.93	G	-		
1086	99	O	6.93	A	-		
1086	100	O	6.93	C	-		
1086	101	O	6.93	C	-		
1086	102	O	6.93	G	-		
1086	103	U	-0.27	G	C		
1086	104	O	6.93	T	-		
1086	105	O	6.93	C	-		
1086	106	O	6.93	A	-		
1086	107	O	6.93	C	-		
1086	108	O	6.93	A	-		
1086	109	O	6.93	G	-		
1087	0	O	5.55	A	-		
1087	1	O	5.55	A	-		
1087	2	O	5.55	C	-		
1087	3	O	5.55	T	-		
1087	4	O	5.55	T	-		
1087	5	O	5.55	G	-		
1087	6	O	5.55	G	-		
1087	7	O	5.55	C	-		
1087	8	O	5.55	A	-		
1087	9	O	5.55	T	-		
1087	10	O	5.55	C	-		
1087	11	O	5.55	A	-		
1087	12	O	5.55	A	-		
1087	13	O	5.55	A	-		
1087	14	O	5.55	G	-		
1087	15	O	5.55	A	-		
1087	16	O	5.55	A	-		
1087	17	O	5.55	G	-		
1087	18	O	5.55	A	-		
1087	19	O	5.55	T	-		
1087	20	O	5.55	G	-		
1087	21	O	5.55	A	-		
1087	22	O	5.55	C	-		
1087	23	O	5.55	C	-		
1087	24	O	5.55	G	-		
1087	25	O	5.55	C	-		
1087	26	O	5.55	G	-		
1087	27	O	5.55	T	-		
1087	28	O	5.55	C	-		
1087	29	O	5.55	T	-		
1087	30	O	5.55	A	-		
1087	31	O	5.55	T	-		
1087	32	O	5.55	C	-		
1087	33	O	5.55	A	-		
1087	34	O	5.55	A	-		
1087	35	O	5.55	A	-		
1087	36	O	5.55	T	-		
1087	37	O	5.55	G	-		
1087	38	O	5.55	C	-		
1087	39	O	5.55	G	-		
1087	40	O	5.55	C	-		
1087	41	O	5.55	A	-		
1087	42	O	5.55	T	-		
1087	43	O	5.55	C	-		
1087	44	O	5.55	A	-		
1087	45	O	5.55	T	-		
1087	46	O	5.55	A	-		
1087	47	O	5.55	G	-		
1087	48	O	5.55	A	-		
1087	49	O	5.55	C	-		
1087	50	O	5.55	T	-		
1087	51	O	5.55	C	-		
1087	52	O	5.55	G	-		
1087	53	O	5.55	C	-		
1087	54	O	5.55	T	-		
1087	55	O	5.55	A	-		
1087	56	O	5.55	C	-		
1087	57	O	5.55	C	-		
1087	58	O	5.55	C	-		
1087	59	O	5.55	G	-		
1087	60	O	5.55	A	-		
1087	61	O	5.55	G	-		
1087	62	O	5.55	T	-		
1087	63	O	5.55	C	-		
1087	64	O	5.55	G	-		
1087	65	O	5.55	T	-		
1087	66	O	5.55	A	-		
1087	67	O	5.55	T	-		
1087	68	O	5.55	C	-		
1087	69	O	5.55	A	-		
1087	70	O	5.55	T	-		
1087	71	O	5.55	T	-		
1087	72	O	5.55	C	-		
1087	73	O	5.55	A	-		
1087	74	O	5.55	G	-		
1087	75	O	5.55	T	-		
1087	76	O	5.55	C	-		
1087	77	O	5.55	T	-		
1087	78	O	5.55	T	-		
1087	79	O	5.55	G	-		
1087	80	O	5.55	G	-		
1087	81	O	5.55	A	-		
1087	82	O	5.55	C	-		
1087	83	O	5.55	T	-		
1087	84	O	5.55	A	-		
1087	85	O	5.55	C	-		
1087	86	O	5.55	T	-		
1087	87	O	5.55	G	-		
1087	88	O	5.55	G	-		
1087	89	O	5.55	G	-		
1087	90	O	5.55	A	-		
1087	91	O	5.55	A	-		
1087	92	O	5.55	C	-		
1087	93	O	5.55	T	-		
1087	94	O	5.55	A	-		
1087	95	O	5.55	C	-		
1087	96	O	5.55	C	-		
1087	97	O	5.55	A	-		
1087	98	O	5.55	A	-		
1087	99	O	5.55	C	-		
1087	100	O	5.55	G	-		
1087	101	O	5.55	A	-		
1087	102	O	5.55	A	-		
1087	103	O	5.55	A	-		
1087	104	O	5.55	G	-		
1087	105	O	5.55	A	-		
1087	106	O	5.55	T	-		
1087	107	O	5.55	C	-		
1087	108	O	5.55	C	-		
1087	109	O	5.55	C	-		
1088	0	O	6.93	C	-		
1088	1	O	6.93	A	-		
1088	2	O	6.93	T	-		
1088	3	O	6.93	A	-		
1088	4	O	6.93	G	-		
1088	5	O	6.93	G	-		
1088	6	O	6.93	C	-		
1088	7	O	6.93	A	-		
1088	8	O	6.93	T	-		
1088	9	O	6.93	T	-		
1088	10	O	6.93	G	-		
1088	11	O	6.93	G	-		
1088	12	O	6.93	C	-		
1088	13	O	6.93	T	-		
1088	14	O	6.93	C	-		
1088	15	O	6.93	C	-		
1088	16	O	6.93	A	-		
1088	17	O	6.93	A	-		
1088	18	O	6.93	A	-		
1088	19	O	6.93	G	-		
1088	20	O	6.93	A	-		
1088	21	O	6.93	T	-		
1088	22	O	6.93	C	-		
1088	23	O	6.93	C	-		
1088	24	O	6.93	G	-		
1088	25	O	6.93	C	-		
1088	26	O	6.93	A	-		
1088	27	O	6.93	A	-		
1088	28	O	6.93	T	-		
1088	29	O	6.93	A	-		
1088	30	O	6.93	T	-		
1088	31	O	6.93	C	-		
1088	32	O	6.93	T	-		
1088	33	O	6.93	G	-		
1088	34	O	6.93	T	-		
1088	35	O	6.93	G	-		
1088	36	O	6.93	T	-		
1088	37	O	6.93	C	-		
1088	38	O	6.93	A	-		
1088	39	O	6.93	T	-		
1088	40	O	6.93	A	-		
1088	41	O	6.93	T	-		
1088	42	O	6.93	G	-		
1088	43	O	6.93	T	-		
1088	44	O	6.93	T	-		
1088	45	O	6.93	G	-		
1088	46	O	6.93	T	-		
1088	47	O	6.93	A	-		
1088	48	O	6.93	A	-		
1088	49	O	6.93	A	-		
1088	50	O	6.93	G	-		
1088	51	O	6.93	T	-		
1088	52	O	6.93	T	-		
1088	53	O	6.93	A	-		
1088	54	O	6.93	A	-		
1088	55	O	6.93	A	-		
1088	56	O	6.93	C	-		
1088	57	O	6.93	A	-		
1088	58	O	6.93	A	-		
1088	59	O	6.93	C	-		
1088	60	O	6.93	T	-		
1088	61	O	6.93	T	-		
1088	62	O	6.93	A	-		
1088	63	O	6.93	A	-		
1088	64	O	6.93	T	-		
1088	65	O	6.93	C	-		
1088	66	O	6.93	C	-		
1088	67	O	6.93	C	-		
1088	68	O	6.93	T	-		
1088	69	O	6.93	T	-		
1088	70	O	6.93	G	-		
1088	71	O	6.93	C	-		
1088	72	O	6.93	C	-		
1088	73	O	6.93	C	-		
1088	74	O	6.93	G	-		
1088	75	O	6.93	G	-		
1088	76	O	6.93	G	-		
1088	77	O	6.93	A	-		
1088	78	O	6.93	A	-		
1088	79	O	6.93	A	-		
1088	80	O	6.93	G	-		
1088	81	O	6.93	A	-		
1088	82	O	6.93	A	-		
1088	83	O	6.93	A	-		
1088	84	O	6.93	A	-		
1088	85	O	6.93	A	-		
1088	86	O	6.93	A	-		
1088	87	O	6.93	C	-		
1088	88	O	6.93	T	-		
1088	89	O	6.93	C	-		
1088	90	O	6.93	A	-		
1088	91	O	6.93	A	-		
1088	92	O	6.93	C	-		
1088	93	O	6.93	C	-		
1088	94	O	6.93	T	-		
1088	95	O	6.93	A	-		
1088	96	O	6.93	A	-		
1088	97	O	6.93	C	-		
1088	98	U	-0.27	T	A		
1088	99	O	6.93	C	-		
1088	100	O	6.93	T	-		
1088	101	O	6.93	A	-		
1088	102	O	6.93	G	-		
1088	103	O	6.93	C	-		
1088	104	O	6.93	C	-		
1088	105	O	6.93	A	-		
1088	106	O	6.93	C	-		
1088	107	O	6.93	A	-		
1088	108	O	6.93	A	-		
1088	109	O	6.93	A	-		
1089	0	O	8.32	C	-		
1089	1	O	8.32	G	-		
1089	2	O	8.32	C	-		
1089	3	O	8.32	A	-		
1089	4	O	8.32	T	-		
1089	5	O	8.32	A	-		
1089	6	O	8.32	G	-		
1089	7	O	8.32	G	-		
1089	8	O	8.32	T	-		
1089	9	O	8.32	T	-		
1089	10	O	8.32	C	-		
1089	11	O	8.32	G	-		
1089	12	O	8.32	G	-		
1089	13	O	8.32	C	-		
1089	14	O	8.32	C	-		
1089	15	O	8.32	A	-		
1089	16	O	8.32	A	-		
1089	17	O	8.32	C	-		
1089	18	O	8.32	C	-		
1089	19	O	8.32	C	-		
1089	20	O	8.32	G	-		
1089	21	O	8.32	C	-		
1089	22	O	8.32	C	-		
1089	23	O	8.32	C	-		
1089	24	O	8.32	G	-		
1089	25	O	8.32	C	-		
1089	26	O	8.32	T	-		
1089	27	O	8.32	A	-		
1089	28	O	8.32	G	-		
1089	29	O	8.32	C	-		
1089	30	O	8.32	T	-		
1089	31	O	8.32	C	-		
1089	32	O	8.32	G	-		
1089	33	O	8.32	A	-		
1089	34	O	8.32	T	-		
1089	35	O	8.32	G	-		
1089	36	O	8.32	A	-		
1089	37	O	8.32	G	-		
1089	38	O	8.32	T	-		
1089	39	O	8.32	G	-		
1089	40	O	8.32	C	-		
1089	41	O	8.32	T	-		
1089	42	O	8.32	T	-		
1089	43	O	8.32	G	-		
1089	44	O	8.32	C	-		
1089	45	O	8.32	T	-		
1089	46	O	8.32	G	-		
1089	47	O	8.32	A	-		
1089	48	O	8.32	A	-		
1089	49	O	8.32	T	-		
1089	50	O	8.32	G	-		
1089	51	O	8.32	A	-		
1089	52	O	8.32	C	-		
1089	53	O	8.32	T	-		
1089	54	O	8.32	C	-		
1089	55	O	8.32	G	-		
1089	56	O	8.32	C	-		
1089	57	O	8.32	G	-		
1089	58	O	8.32	T	-		
1089	59	O	8.32	G	-		
1089	60	O	8.32	C	-		
1089	61	O	8.32	G	-		
1089	62	O	8.32	C	-		
1089	63	O	8.32	G	-		
1089	64	O	8.32	T	-		
1089	65	O	8.32	G	-		
1089	66	O	8.32	C	-		
1089	67	O	8.32	A	-		
1089	68	O	8.32	A	-		
1089	69	O	8.32	C	-		
1089	70	O	8.32	A	-		
1089	71	O	8.32	C	-		
1089	72	O	8.32	C	-		
1089	73	O	8.32	G	-		
1089	74	O	8.32	C	-		
1089	75	O	8.32	G	-		
1089	76	O	8.32	C	-		
1089	77	O	8.32	G	-		
1089	78	O	8.32	A	-		
1089	79	O	8.32	A	-		
1089	80	O	8.32	G	-		
1089	81	O	8.32	C	-		
1089	82	O	8.32	T	-		
1089	83	O	8.32	C	-		
1089	84	O	8.32	G	-		
1089	85	O	8.32	A	-		
1089	86	O	8.32	G	-		
1089	87	O	8.32	C	-		
1089	88	O	8.32	A	-		
1089	89	O	8.32	A	-		
1089	90	O	8.32	A	-		
1089	91	O	8.32	C	-		
1089	92	O	8.32	T	-		
1089	93	O	8.32	A	-		
1089	94	O	8.32	G	-		
1089	95	O	8.32	C	-		
1089	96	O	8.32	T	-		
1089	97	O	8.32	A	-		
1089	98	O	8.32	C	-		
1089	99	O	8.32	A	-		
1089	100	O	8.32	G	-		
1089	101	O	8.32	C	-		
1089	102	O	8.32	T	-		
1089	103	O	8.32	A	-		
1089	104	O	8.32	C	-		
1089	105	O	8.32	C	-		
1089	106	O	8.32	G	-		
1089	107	O	8.32	G	-		
1089	108	O	8.32	C	-		
1089	109	O	8.32	T	-		
1090	0	O	13.86	T	-		
1090	1	O	13.86	G	-		
1090	2	O	13.86	C	-		
1090	3	O	13.86	G	-		
1090	4	O	13.86	A	-		
1090	5	O	13.86	G	-		
1090	6	O	13.86	T	-		
1090	7	O	13.86	C	-		
1090	8	O	13.86	A	-		
1090	9	O	13.86	T	-		
1090	10	O	13.86	C	-		
1090	11	O	13.86	C	-		
1090	12	O	13.86	A	-		
1090	13	O	13.86	C	-		
1090	14	O	13.86	G	-		
1090	15	O	13.86	T	-		
1090	16	O	13.86	C	-		
1090	17	O	13.86	T	-		
1090	18	O	13.86	T	-		
1090	19	O	13.86	A	-		
1090	20	O	13.86	T	-		
1090	21	O	13.86	G	-		
1090	22	O	13.86	T	-		
1090	23	O	13.86	C	-		
1090	24	O	13.86	G	-		
1090	25	O	13.86	A	-		
1090	26	O	13.86	T	-		
1090	27	O	13.86	T	-		
1090	28	O	13.86	G	-		
1090	29	O	13.86	C	-		
1090	30	O	13.86	G	-		
1090	31	O	13.86	T	-		
1090	32	O	13.86	T	-		
1090	33	O	13.86	C	-		
1090	34	O	13.86	G	-		
1090	35	O	13.86	C	-		
1090	36	O	13.86	A	-		
1090	37	O	13.86	A	-		
1090	38	O	13.86	G	-		
1090	39	O	13.86	C	-		
1090	40	O	13.86	T	-		
1090	41	O	13.86	C	-		
1090	42	O	13.86	G	-		
1090	43	O	13.86	C	-		
1090	44	O	13.86	A	-		
1090	45	O	13.86	C	-		
1090	46	O	13.86	G	-		
1090	47	O	13.86	T	-		
1090	48	O	13.86	A	-		
1090	49	O	13.86	G	-		
1090	50	O	13.86	T	-		
1090	51	O	13.86	A	-		
1090	52	O	13.86	T	-		
1090	53	O	13.86	G	-		
1090	54	O	13.86	A	-		
1090	55	O	13.86	A	-		
1090	56	O	13.86	C	-		
1090	57	O	13.86	G	-		
1090	58	O	13.86	A	-		
1090	59	O	13.86	T	-		
1090	60	O	13.86	G	-		
1090	61	O	13.86	T	-		
1090	62	O	13.86	C	-		
1090	63	O	13.86	T	-		
1090	64	O	13.86	T	-		
1090	65	O	13.86	C	-		
1090	66	O	13.86	A	-		
1090	67	O	13.86	G	-		
1090	68	O	13.86	G	-		
1090	69	O	13.86	T	-		
1090	70	O	13.86	T	-		
1090	71	O	13.86	G	-		
1090	72	O	13.86	A	-		
1090	73	O	13.86	T	-		
1090	74	O	13.86	G	-		
1090	75	O	13.86	A	-		
1090	76	O	13.86	C	-		
1090	77	O	13.86	A	-		
1090	78	O	13.86	C	-		
1090	79	O	13.86	C	-		
1090	80	O	13.86	T	-		
1090	81	O	13.86	C	-		
1090	82	O	13.86	G	-		
1090	83	O	13.86	C	-		
1090	84	O	13.86	T	-		
1090	85	O	13.86	G	-		
1090	86	O	13.86	T	-		
1090	87	O	13.86	C	-		
1090	88	O	13.86	G	-		
1090	89	O	13.86	G	-		
1090	90	O	13.86	C	-		
1090	91	O	13.86	G	-		
1090	92	O	13.86	A	-		
1090	93	O	13.86	G	-		
1090	94	O	13.86	A	-		
1090	95	O	13.86	T	-		
1090	96	O	13.86	G	-		
1090	97	O	13.86	G	-		
1090	98	O	13.86	G	-		
1090	99	O	13.86	G	-		
1090	100	O	13.86	C	-		
1090	101	O	13.86	A	-		
1090	102	O	13.86	T	-		
1090	103	O	13.86	A	-		
1090	104	O	13.86	C	-		
1090	105	O	13.86	C	-		
1090	106	O	13.86	G	-		
1090	107	O	13.86	C	-		
1090	108	O	13.86	T	-		
1090	109	O	13.86	C	-		
1091	0	O	20.79	T	-		
1091	1	O	20.79	C	-		
1091	2	O	20.79	C	-		
1091	3	O	20.79	A	-		
1091	4	O	20.79	A	-		
1091	5	O	20.79	T	-		
1091	6	O	20.79	G	-		
1091	7	O	20.79	C	-		
1091	8	O	20.79	C	-		
1091	9	O	20.79	G	-		
1091	10	O	20.79	A	-		
1091	11	O	20.79	G	-		
1091	12	O	20.79	T	-		
1091	13	O	20.79	A	-		
1091	14	O	20.79	G	-		
1091	15	O	20.79	T	-		
1091	16	O	20.79	T	-		
1091	17	O	20.79	G	-		
1091	18	O	20.79	C	-		
1091	19	O	20.79	A	-		
1091	20	O	20.79	G	-		
1091	21	O	20.79	A	-		
1091	22	O	20.79	C	-		
1091	23	O	20.79	A	-		
1091	24	O	20.79	A	-		
1091	25	O	20.79	T	-		
1091	26	O	20.79	G	-		
1091	27	O	20.79	G	-		
1091	28	O	20.79	T	-		
1091	29	O	20.79	G	-		
1091	30	O	20.79	T	-		
1091	31	O	20.79	T	-		
1091	32	O	20.79	C	-		
1091	33	O	20.79	T	-		
1091	34	O	20.79	T	-		
1091	35	O	20.79	C	-		
1091	36	O	20.79	A	-		
1091	37	O	20.79	C	-		
1091	38	O	20.79	G	-		
1091	39	O	20.79	C	-		
1091	40	O	20.79	C	-		
1091	41	O	20.79	G	-		
1091	42	O	20.79	A	-		
1091	43	O	20.79	G	-		
1091	44	O	20.79	A	-		
1091	45	O	20.79	C	-		
1091	46	O	20.79	G	-		
1091	47	O	20.79	G	-		
1091	48	O	20.79	T	-		
1091	49	O	20.79	G	-		
1091	50	O	20.79	A	-		
1091	51	O	20.79	A	-		
1091	52	O	20.79	T	-		
1091	53	O	20.79	G	-		
1091	54	O	20.79	T	-		
1091	55	O	20.79	T	-		
1091	56	O	20.79	A	-		
1091	57	O	20.79	C	-		
1091	58	O	20.79	C	-		
1091	59	O	20.79	A	-		
1091	60	O	20.79	A	-		
1091	61	O	20.79	T	-		
1091	62	O	20.79	G	-		
1091	63	O	20.79	A	-		
1091	64	O	20.79	G	-		
1091	65	O	20.79	A	-		
1091	66	O	20.79	C	-		
1091	67	O	20.79	C	-		
1091	68	O	20.79	C	-		
1091	69	O	20.79	T	-		
1091	70	O	20.79	T	-		
1091	71	O	20.79	G	-		
1091	72	O	20.79	G	-		
1091	73	O	20.79	A	-		
1091	74	O	20.79	A	-		
1091	75	O	20.79	C	-		
1091	76	O	20.79	G	-		
1091	77	O	20.79	C	-		
1091	78	O	20.79	T	-		
1091	79	O	20.79	C	-		
1091	80	O	20.79	T	-		
1091	81	O	20.79	T	-		
1091	82	O	20.79	T	-		
1091	83	O	20.79	G	-		
1091	84	O	20.79	C	-		
1091	85	O	20.79	T	-		
1091	86	O	20.79	G	-		
1091	87	O	20.79	G	-		
1091	88	O	20.79	C	-		
1091	89	O	20.79	A	-		
1091	90	O	20.79	T	-		
1091	91	O	20.79	C	-		
1091	92	O	20.79	G	-		
1091	93	O	20.79	T	-		
1091	94	O	20.79	T	-		
1091	95	O	20.79	G	-		
1091	96	O	20.79	G	-		
1091	97	O	20.79	C	-		
1091	98	O	20.79	G	-		
1091	99	O	20.79	A	-		
1091	100	O	20.79	A	-		
1091	101	O	20.79	G	-		
1091	102	O	20.79	A	-		
1091	103	O	20.79	C	-		
1091	104	O	20.79	A	-		
1091	105	O	20.79	A	-		
1091	106	O	20.79	C	-		
1091	107	O	20.79	A	-		
1091	108	O	20.79	C	-		
1091	109	O	20.79	C	-		
1092	0	O	6.93	A	-		
1092	1	O	6.93	T	-		
1092	2	O	6.93	C	-		
1092	3	O	6.93	G	-		
1092	4	O	6.93	C	-		
1092	5	O	6.93	G	-		
1092	6	O	6.93	A	-		
1092	7	O	6.93	A	-		
1092	8	O	6.93	T	-		
1092	9	O	6.93	T	-		
1092	10	O	6.93	C	-		
1092	11	O	6.93	C	-		
1092	12	O	6.93	G	-		
1092	13	O	6.93	C	-		
1092	14	O	6.93	G	-		
1092	15	O	6.93	T	-		
1092	16	O	6.93	G	-		
1092	17	O	6.93	C	-		
1092	18	O	6.93	G	-		
1092	19	O	6.93	G	-		
1092	20	O	6.93	T	-		
1092	21	O	6.93	A	-		
1092	22	O	6.93	C	-		
1092	23	O	6.93	A	-		
1092	24	O	6.93	A	-		
1092	25	O	6.93	T	-		
1092	26	O	6.93	G	-		
1092	27	O	6.93	A	-		
1092	28	O	6.93	G	-		
1092	29	O	6.93	C	-		
1092	30	O	6.93	G	-		
1092	31	O	6.93	C	-		
1092	32	O	6.93	T	-		
1092	33	O	6.93	A	-		
1092	34	O	6.93	C	-		
1092	35	O	6.93	G	-		
1092	36	O	6.93	A	-		
1092	37	O	6.93	A	-		
1092	38	O	6.93	A	-		
1092	39	O	6.93	C	-		
1092	40	O	6.93	G	-		
1092	41	O	6.93	A	-		
1092	42	O	6.93	G	-		
1092	43	O	6.93	C	-		
1092	44	O	6.93	A	-		
1092	45	O	6.93	A	-		
1092	46	O	6.93	G	-		
1092	47	O	6.93	C	-		
1092	48	O	6.93	C	-		
1092	49	O	6.93	G	-		
1092	50	O	6.93	T	-		
1092	51	O	6.93	T	-		
1092	52	O	6.93	C	-		
1092	53	O	6.93	A	-		
1092	54	O	6.93	G	-		
1092	55	O	6.93	A	-		
1092	56	O	6.93	C	-		
1092	57	O	6.93	G	-		
1092	58	O	6.93	C	-		
1092	59	O	6.93	A	-		
1092	60	O	6.93	T	-		
1092	61	O	6.93	G	-		
1092	62	O	6.93	T	-		
1092	63	O	6.93	T	-		
1092	64	O	6.93	C	-		
1092	65	O	6.93	G	-		
1092	66	O	6.93	T	-		
1092	67	O	6.93	C	-		
1092	68	O	6.93	T	-		
1092	69	O	6.93	G	-		
1092	70	O	6.93	G	-		
1092	71	O	6.93	C	-		
1092	72	O	6.93	T	-		
1092	73	O	6.93	G	-		
1092	74	O	6.93	A	-		
1092	75	O	6.93	C	-		
1092	76	O	6.93	G	-		
1092	77	O	6.93	C	-		
1092	78	O	6.93	T	-		
1092	79	O	6.93	T	-		
1092	80	O	6.93	T	-		
1092	81	O	6.93	G	-		
1092	82	O	6.93	G	-		
1092	83	O	6.93	T	-		
1092	84	O	6.93	G	-		
1092	85	O	6.93	G	-		
1092	86	O	6.93	G	-		
1092	87	O	6.93	A	-		
1092	88	O	6.93	A	-		
1092	89	O	6.93	T	-		
1092	90	O	6.93	T	-		
1092	91	O	6.93	C	-		
1092	92	O	6.93	G	-		
1092	93	O	6.93	G	-		
1092	94	O	6.93	C	-		
1092	95	O	6.93	A	-		
1092	96	O	6.93	T	-		
1092	97	O	6.93	T	-		
1092	98	O	6.93	T	-		
1092	99	O	6.93	T	-		
1092	100	O	6.93	G	-		
1092	101	O	6.93	G	-		
1092	102	O	6.93	T	-		
1092	103	O	6.93	A	-		
1092	104	O	6.93	T	-		
1092	105	O	6.93	A	-		
1092	106	O	6.93	T	-		
1092	107	O	6.93	A	-		
1092	108	O	6.93	T	-		
1092	109	O	6.93	T	-		
1093	0	O	24.95	C	-		
1093	1	O	24.95	G	-		
1093	2	O	24.95	C	-		
1093	3	O	24.95	C	-		
1093	4	O	24.95	A	-		
1093	5	O	24.95	T	-		
1093	6	O	24.95	A	-		
1093	7	O	24.95	C	-		
1093	8	O	24.95	T	-		
1093	9	O	24.95	G	-		
1093	10	O	24.95	A	-		
1093	11	O	24.95	T	-		
1093	12	O	24.95	C	-		
1093	13	O	24.95	T	-		
1093	14	O	24.95	C	-		
1093	15	O	24.95	A	-		
1093	16	O	24.95	A	-		
1093	17	O	24.95	T	-		
1093	18	O	24.95	A	-		
1093	19	O	24.95	G	-		
1093	20	O	24.95	C	-		
1093	21	O	24.95	T	-		
1093	22	O	24.95	C	-		
1093	23	O	24.95	A	-		
1093	24	O	24.95	T	-		
1093	25	O	24.95	T	-		
1093	26	O	24.95	C	-		
1093	27	O	24.95	G	-		
1093	28	O	24.95	A	-		
1093	29	O	24.95	G	-		
1093	30	O	24.95	C	-		
1093	31	O	24.95	A	-		
1093	32	O	24.95	A	-		
1093	33	O	24.95	A	-		
1093	34	O	24.95	C	-		
1093	35	O	24.95	G	-		
1093	36	O	24.95	G	-		
1093	37	O	24.95	A	-		
1093	38	O	24.95	G	-		
1093	39	O	24.95	T	-		
1093	40	O	24.95	C	-		
1093	41	O	24.95	T	-		
1093	42	O	24.95	C	-		
1093	43	O	24.95	G	-		
1093	44	O	24.95	T	-		
1093	45	O	24.95	A	-		
1093	46	O	24.95	C	-		
1093	47	O	24.95	C	-		
1093	48	O	24.95	A	-		
1093	49	O	24.95	C	-		
1093	50	O	24.95	G	-		
1093	51	O	24.95	A	-		
1093	52	O	24.95	G	-		
1093	53	O	24.95	A	-		
1093	54	O	24.95	A	-		
1093	55	O	24.95	G	-		
1093	56	O	24.95	A	-		
1093	57	O	24.95	C	-		
1093	58	O	24.95	A	-		
1093	59	O	24.95	G	-		
1093	60	O	24.95	A	-		
1093	61	O	24.95	T	-		
1093	62	O	24.95	C	-		
1093	63	O	24.95	T	-		
1093	64	O	24.95	A	-		
1093	65	O	24.95	T	-		
1093	66	O	24.95	C	-		
1093	67	O	24.95	A	-		
1093	68	O	24.95	A	-		
1093	69	O	24.95	A	-		
1093	70	O	24.95	T	-		
1093	71	O	24.95	T	-		
1093	72	O	24.95	C	-		
1093	73	O	24.95	T	-		
1093	74	O	24.95	T	-		
1093	75	O	24.95	C	-		
1093	76	O	24.95	C	-		
1093	77	O	24.95	A	-		
1093	78	O	24.95	C	-		
1093	79	O	24.95	C	-		
1093	80	O	24.95	C	-		
1093	81	O	24.95	G	-		
1093	82	O	24.95	G	-		
1093	83	O	24.95	A	-		
1093	84	O	24.95	T	-		
1093	85	O	24.95	T	-		
1093	86	O	24.95	T	-		
1093	87	O	24.95	T	-		
1093	88	O	24.95	C	-		
1093	89	O	24.95	C	-		
1093	90	O	24.95	T	-		
1093	91	O	24.95	C	-		
1093	92	O	24.95	G	-		
1093	93	O	24.95	A	-		
1093	94	O	24.95	G	-		
1093	95	O	24.95	A	-		
1093	96	O	24.95	T	-		
1093	97	O	24.95	A	-		
1093	98	O	24.95	A	-		
1093	99	O	24.95	C	-		
1093	100	O	24.95	G	-		
1093	101	O	24.95	T	-		
1093	102	O	24.95	C	-		
1093	103	O	24.95	C	-		
1093	104	O	24.95	T	-		
1093	105	O	24.95	C	-		
1093	106	O	24.95	G	-		
1093	107	O	24.95	G	-		
1093	108	O	24.95	A	-		
1093	109	O	24.95	G	-		
1094	0	O	5.55	A	-		
1094	1	O	5.55	G	-		
1094	2	O	5.55	A	-		
1094	3	O	5.55	G	-		
1094	4	O	5.55	A	-		
1094	5	O	5.55	A	-		
1094	6	O	5.55	C	-		
1094	7	O	5.55	G	-		
1094	8	O	5.55	T	-		
1094	9	O	5.55	C	-		
1094	10	O	5.55	T	-		
1094	11	O	5.55	G	-		
1094	12	O	5.55	C	-		
1094	13	O	5.55	A	-		
1094	14	O	5.55	G	-		
1094	15	O	5.55	G	-		
1094	16	O	5.55	A	-		
1094	17	O	5.55	A	-		
1094	18	O	5.55	C	-		
1094	19	O	5.55	T	-		
1094	20	O	5.55	C	-		
1094	21	O	5.55	C	-		
1094	22	O	5.55	G	-		
1094	23	O	5.55	G	-		
1094	24	O	5.55	A	-		
1094	25	O	5.55	T	-		
1094	26	O	5.55	T	-		
1094	27	O	5.55	T	-		
1094	28	O	5.55	T	-		
1094	29	O	5.55	T	-		
1094	30	O	5.55	C	-		
1094	31	O	5.55	T	-		
1094	32	O	5.55	C	-		
1094	33	O	5.55	G	-		
1094	34	O	5.55	A	-		
1094	35	O	5.55	G	-		
1094	36	O	5.55	C	-		
1094	37	O	5.55	A	-		
1094	38	O	5.55	T	-		
1094	39	O	5.55	G	-		
1094	40	O	5.55	G	-		
1094	41	O	5.55	T	-		
1094	42	O	5.55	G	-		
1094	43	O	5.55	T	-		
1094	44	O	5.55	C	-		
1094	45	O	5.55	G	-		
1094	46	O	5.55	A	-		
1094	47	O	5.55	T	-		
1094	48	O	5.55	A	-		
1094	49	O	5.55	C	-		
1094	50	O	5.55	C	-		
1094	51	O	5.55	C	-		
1094	52	O	5.55	T	-		
1094	53	O	5.55	G	-		
1094	54	O	5.55	A	-		
1094	55	O	5.55	A	-		
1094	56	O	5.55	A	-		
1094	57	O	5.55	T	-		
1094	58	O	5.55	T	-		
1094	59	O	5.55	T	-		
1094	60	O	5.55	A	-		
1094	61	O	5.55	G	-		
1094	62	O	5.55	C	-		
1094	63	O	5.55	A	-		
1094	64	O	5.55	A	-		
1094	65	O	5.55	A	-		
1094	66	O	5.55	G	-		
1094	67	O	5.55	C	-		
1094	68	O	5.55	G	-		
1094	69	O	5.55	G	-		
1094	70	O	5.55	C	-		
1094	71	O	5.55	A	-		
1094	72	O	5.55	G	-		
1094	73	O	5.55	G	-		
1094	74	O	5.55	A	-		
1094	75	O	5.55	C	-		
1094	76	O	5.55	T	-		
1094	77	O	5.55	G	-		
1094	78	O	5.55	G	-		
1094	79	O	5.55	A	-		
1094	80	O	5.55	G	-		
1094	81	O	5.55	A	-		
1094	82	O	5.55	G	-		
1094	83	O	5.55	A	-		
1094	84	O	5.55	A	-		
1094	85	O	5.55	G	-		
1094	86	O	5.55	A	-		
1094	87	O	5.55	T	-		
1094	88	O	5.55	G	-		
1094	89	O	5.55	A	-		
1094	90	O	5.55	T	-		
1094	91	O	5.55	A	-		
1094	92	O	5.55	A	-		
1094	93	O	5.55	G	-		
1094	94	O	5.55	G	-		
1094	95	O	5.55	G	-		
1094	96	O	5.55	C	-		
1094	97	O	5.55	T	-		
1094	98	O	5.55	C	-		
1094	99	O	5.55	A	-		
1094	100	O	5.55	C	-		
1094	101	O	5.55	C	-		
1094	102	O	5.55	T	-		
1094	103	O	5.55	C	-		
1094	104	O	5.55	T	-		
1094	105	O	5.55	G	-		
1094	106	O	5.55	T	-		
1094	107	O	5.55	A	-		
1094	108	O	5.55	C	-		
1094	109	O	5.55	G	-		
1095	0	O	11.09	T	-		
1095	1	O	11.09	C	-		
1095	2	O	11.09	T	-		
1095	3	O	11.09	G	-		
1095	4	O	11.09	C	-		
1095	5	O	11.09	G	-		
1095	6	O	11.09	A	-		
1095	7	O	11.09	T	-		
1095	8	O	11.09	C	-		
1095	9	O	11.09	G	-		
1095	10	O	11.09	A	-		
1095	11	O	11.09	G	-		
1095	12	O	11.09	T	-		
1095	13	O	11.09	G	-		
1095	14	O	11.09	A	-		
1095	15	O	11.09	T	-		
1095	16	O	11.09	T	-		
1095	17	O	11.09	G	-		
1095	18	O	11.09	C	-		
1095	19	O	11.09	T	-		
1095	20	O	11.09	T	-		
1095	21	O	11.09	G	-		
1095	22	U	2.86	G	T		
1095	23	O	11.09	T	-		
1095	24	O	11.09	T	-		
1095	25	O	11.09	G	-		
1095	26	O	11.09	C	-		
1095	27	O	11.09	C	-		
1095	28	O	11.09	C	-		
1095	29	O	11.09	C	-		
1095	30	O	11.09	T	-		
1095	31	O	11.09	C	-		
1095	32	O	11.09	G	-		
1095	33	O	11.09	T	-		
1095	34	O	11.09	G	-		
1095	35	O	11.09	C	-		
1095	36	O	11.09	T	-		
1095	37	O	11.09	C	-		
1095	38	O	11.09	G	-		
1095	39	O	11.09	G	-		
1095	40	O	11.09	G	-		
1095	41	O	11.09	T	-		
1095	42	O	11.09	G	-		
1095	43	O	11.09	G	-		
1095	44	O	11.09	A	-		
1095	45	O	11.09	A	-		
1095	46	O	11.09	T	-		
1095	47	O	11.09	G	-		
1095	48	O	11.09	T	-		
1095	49	O	11.09	T	-		
1095	50	O	11.09	T	-		
1095	51	O	11.09	C	-		
1095	52	O	11.09	T	-		
1095	53	O	11.09	T	-		
1095	54	O	11.09	G	-		
1095	55	O	11.09	T	-		
1095	56	O	11.09	T	-		
1095	57	O	11.09	G	-		
1095	58	O	11.09	C	-		
1095	59	O	11.09	A	-		
1095	60	O	11.09	T	-		
1095	61	O	11.09	C	-		
1095	62	O	11.09	T	-		
1095	63	O	11.09	T	-		
1095	64	O	11.09	G	-		
1095	65	O	11.09	C	-		
1095	66	O	11.09	A	-		
1095	67	O	11.09	T	-		
1095	68	O	11.09	T	-		
1095	69	O	11.09	C	-		
1095	70	O	11.09	G	-		
1095	71	O	11.09	A	-		
1095	72	O	11.09	A	-		
1095	73	O	11.09	T	-		
1095	74	O	11.09	T	-		
1095	75	O	11.09	T	-		
1095	76	O	11.09	G	-		
1095	77	O	11.09	A	-		
1095	78	O	11.09	C	-		
1095	79	O	11.09	G	-		
1095	80	O	11.09	T	-		
1095	81	O	11.09	T	-		
1095	82	O	11.09	T	-		
1095	83	O	11.09	G	-		
1095	84	O	11.09	C	-		
1095	85	O	11.09	C	-		
1095	86	O	11.09	A	-		
1095	87	O	11.09	T	-		
1095	88	O	11.09	T	-		
1095	89	O	11.09	G	-		
1095	90	O	11.09	G	-		
1095	91	O	11.09	A	-		
1095	92	O	11.09	A	-		
1095	93	O	11.09	T	-		
1095	94	O	11.09	G	-		
1095	95	O	11.09	C	-		
1095	96	O	11.09	G	-		
1095	97	O	11.09	T	-		
1095	98	O	11.09	T	-		
1095	99	O	11.09	G	-		
1095	100	O	11.09	A	-		
1095	101	O	11.09	T	-		
1095	102	O	11.09	C	-		
1095	103	O	11.09	T	-		
1095	104	O	11.09	T	-		
1095	105	O	11.09	G	-		
1095	106	O	11.09	G	-		
1095	107	O	11.09	C	-		
1095	108	O	11.09	T	-		
1095	109	O	11.09	G	-		
1096	0	O	5.55	C	-		
1096	1	O	5.55	C	-		
1096	2	O	5.55	G	-		
1096	3	O	5.55	C	-		
1096	4	O	5.55	T	-		
1096	5	O	5.55	G	-		
1096	6	O	5.55	C	-		
1096	7	O	5.55	A	-		
1096	8	O	5.55	C	-		
1096	9	O	5.55	G	-		
1096	10	O	5.55	T	-		
1096	11	O	5.55	G	-		
1096	12	O	5.55	G	-		
1096	13	O	5.55	T	-		
1096	14	O	5.55	G	-		
1096	15	O	5.55	C	-		
1096	16	O	5.55	C	-		
1096	17	O	5.55	C	-		
1096	18	O	5.55	T	-		
1096	19	O	5.55	T	-		
1096	20	O	5.55	T	-		
1096	21	O	5.55	C	-		
1096	22	O	5.55	G	-		
1096	23	O	5.55	C	-		
1096	24	O	5.55	G	-		
1096	25	O	5.55	G	-		
1096	26	O	5.55	A	-		
1096	27	O	5.55	A	-		
1096	28	O	5.55	A	-		
1096	29	O	5.55	A	-		
1096	30	O	5.55	G	-		
1096	31	O	5.55	A	-		
1096	32	O	5.55	T	-		
1096	33	O	5.55	T	-		
1096	34	O	5.55	G	-		
1096	35	O	5.55	A	-		
1096	36	O	5.55	C	-		
1096	37	O	5.55	C	-		
1096	38	O	5.55	G	-		
1096	39	O	5.55	C	-		
1096	40	O	5.55	T	-		
1096	41	O	5.55	T	-		
1096	42	O	5.55	T	-		
1096	43	O	5.55	C	-		
1096	44	O	5.55	A	-		
1096	45	O	5.55	T	-		
1096	46	O	5.55	G	-		
1096	47	O	5.55	C	-		
1096	48	O	5.55	A	-		
1096	49	O	5.55	A	-		
1096	50	O	5.55	T	-		
1096	51	O	5.55	C	-		
1096	52	O	5.55	T	-		
1096	53	O	5.55	C	-		
1096	54	O	5.55	T	-		
1096	55	O	5.55	C	-		
1096	56	O	5.55	T	-		
1096	57	O	5.55	G	-		
1096	58	O	5.55	G	-		
1096	59	O	5.55	G	-		
1096	60	O	5.55	A	-		
1096	61	O	5.55	T	-		
1096	62	O	5.55	G	-		
1096	63	O	5.55	T	-		
1096	64	O	5.55	C	-		
1096	65	O	5.55	G	-		
1096	66	O	5.55	A	-		
1096	67	O	5.55	A	-		
1096	68	O	5.55	G	-		
1096	69	O	5.55	A	-		
1096	70	O	5.55	T	-		
1096	71	O	5.55	A	-		
1096	72	O	5.55	C	-		
1096	73	O	5.55	G	-		
1096	74	O	5.55	G	-		
1096	75	O	5.55	T	-		
1096	76	O	5.55	C	-		
1096	77	O	5.55	T	-		
1096	78	O	5.55	G	-		
1096	79	O	5.55	C	-		
1096	80	O	5.55	A	-		
1096	81	O	5.55	A	-		
1096	82	O	5.55	G	-		
1096	83	O	5.55	C	-		
1096	84	O	5.55	T	-		
1096	85	O	5.55	T	-		
1096	86	O	5.55	C	-		
1096	87	O	5.55	A	-		
1096	88	O	5.55	A	-		
1096	89	O	5.55	G	-		
1096	90	O	5.55	C	-		
1096	91	O	5.55	C	-		
1096	92	O	5.55	T	-		
1096	93	O	5.55	C	-		
1096	94	O	5.55	A	-		
1096	95	O	5.55	G	-		
1096	96	O	5.55	C	-		
1096	97	O	5.55	C	-		
1096	98	O	5.55	C	-		
1096	99	O	5.55	G	-		
1096	100	O	5.55	T	-		
1096	101	O	5.55	G	-		
1096	102	O	5.55	G	-		
1096	103	O	5.55	A	-		
1096	104	O	5.55	T	-		
1096	105	O	5.55	C	-		
1096	106	O	5.55	T	-		
1096	107	O	5.55	C	-		
1096	108	O	5.55	G	-		
1096	109	O	5.55	C	-		
1097	0	O	19.41	T	-		
1097	1	O	19.41	C	-		
1097	2	O	19.41	G	-		
1097	3	O	19.41	A	-		
1097	4	O	19.41	T	-		
1097	5	O	19.41	G	-		
1097	6	O	19.41	T	-		
1097	7	O	19.41	C	-		
1097	8	O	19.41	A	-		
1097	9	O	19.41	A	-		
1097	10	O	19.41	T	-		
1097	11	O	19.41	A	-		
1097	12	O	19.41	T	-		
1097	13	O	19.41	C	-		
1097	14	O	19.41	G	-		
1097	15	O	19.41	G	-		
1097	16	O	19.41	A	-		
1097	17	O	19.41	G	-		
1097	18	O	19.41	G	-		
1097	19	O	19.41	G	-		
1097	20	O	19.41	A	-		
1097	21	O	19.41	T	-		
1097	22	O	19.41	C	-		
1097	23	O	19.41	C	-		
1097	24	O	19.41	T	-		
1097	25	O	19.41	C	-		
1097	26	O	19.41	G	-		
1097	27	O	19.41	G	-		
1097	28	O	19.41	G	-		
1097	29	O	19.41	G	-		
1097	30	O	19.41	A	-		
1097	31	O	19.41	T	-		
1097	32	O	19.41	G	-		
1097	33	O	19.41	C	-		
1097	34	O	19.41	C	-		
1097	35	O	19.41	G	-		
1097	36	O	19.41	C	-		
1097	37	O	19.41	C	-		
1097	38	O	19.41	T	-		
1097	39	O	19.41	A	-		
1097	40	O	19.41	C	-		
1097	41	O	19.41	G	-		
1097	42	O	19.41	A	-		
1097	43	O	19.41	T	-		
1097	44	O	19.41	T	-		
1097	45	O	19.41	G	-		
1097	46	O	19.41	C	-		
1097	47	O	19.41	A	-		
1097	48	O	19.41	A	-		
1097	49	O	19.41	G	-		
1097	50	O	19.41	G	-		
1097	51	O	19.41	A	-		
1097	52	O	19.41	T	-		
1097	53	O	19.41	A	-		
1097	54	O	19.41	C	-		
1097	55	O	19.41	G	-		
1097	56	O	19.41	T	-		
1097	57	O	19.41	G	-		
1097	58	O	19.41	C	-		
1097	59	O	19.41	T	-		
1097	60	O	19.41	T	-		
1097	61	O	19.41	T	-		
1097	62	O	19.41	G	-		
1097	63	O	19.41	G	-		
1097	64	O	19.41	C	-		
1097	65	O	19.41	G	-		
1097	66	O	19.41	C	-		
1097	67	O	19.41	T	-		
1097	68	O	19.41	G	-		
1097	69	O	19.41	T	-		
1097	70	O	19.41	T	-		
1097	71	O	19.41	G	-		
1097	72	O	19.41	A	-		
1097	73	O	19.41	T	-		
1097	74	O	19.41	A	-		
1097	75	O	19.41	A	-		
1097	76	O	19.41	C	-		
1097	77	O	19.41	A	-		
1097	78	O	19.41	C	-		
1097	79	O	19.41	C	-		
1097	80	O	19.41	T	-		
1097	81	O	19.41	T	-		
1097	82	O	19.41	C	-		
1097	83	O	19.41	G	-		
1097	84	O	19.41	A	-		
1097	85	O	19.41	C	-		
1097	86	O	19.41	C	-		
1097	87	O	19.41	G	-		
1097	88	O	19.41	T	-		
1097	89	O	19.41	C	-		
1097	90	O	19.41	T	-		
1097	91	O	19.41	C	-		
1097	92	O	19.41	C	-		
1097	93	O	19.41	T	-		
1097	94	O	19.41	C	-		
1097	95	O	19.41	G	-		
1097	96	O	19.41	A	-		
1097	97	O	19.41	G	-		
1097	98	O	19.41	T	-		
1097	99	O	19.41	T	-		
1097	100	O	19.41	G	-		
1097	101	O	19.41	G	-		
1097	102	O	19.41	A	-		
1097	103	O	19.41	C	-		
1097	104	O	19.41	C	-		
1097	105	O	19.41	A	-		
1097	106	O	19.41	G	-		
1097	107	O	19.41	A	-		
1097	108	O	19.41	A	-		
1097	109	O	19.41	G	-		
1098	0	O	11.09	C	-		
1098	1	O	11.09	G	-		
1098	2	O	11.09	A	-		
1098	3	O	11.09	T	-		
1098	4	O	11.09	G	-		
1098	5	O	11.09	C	-		
1098	6	O	11.09	T	-		
1098	7	O	11.09	C	-		
1098	8	O	11.09	T	-		
1098	9	O	11.09	G	-		
1098	10	O	11.09	C	-		
1098	11	O	11.09	T	-		
1098	12	O	11.09	T	-		
1098	13	O	11.09	C	-		
1098	14	O	11.09	G	-		
1098	15	O	11.09	A	-		
1098	16	O	11.09	G	-		
1098	17	O	11.09	G	-		
1098	18	O	11.09	A	-		
1098	19	O	11.09	A	-		
1098	20	O	11.09	G	-		
1098	21	O	11.09	T	-		
1098	22	O	11.09	T	-		
1098	23	O	11.09	G	-		
1098	24	O	11.09	T	-		
1098	25	O	11.09	T	-		
1098	26	O	11.09	G	-		
1098	27	O	11.09	G	-		
1098	28	O	11.09	T	-		
1098	29	O	11.09	C	-		
1098	30	O	11.09	T	-		
1098	31	O	11.09	C	-		
1098	32	O	11.09	G	-		
1098	33	O	11.09	G	-		
1098	34	O	11.09	A	-		
1098	35	O	11.09	A	-		
1098	36	O	11.09	A	-		
1098	37	O	11.09	G	-		
1098	38	O	11.09	T	-		
1098	39	O	11.09	T	-		
1098	40	O	11.09	G	-		
1098	41	O	11.09	C	-		
1098	42	O	11.09	T	-		
1098	43	O	11.09	G	-		
1098	44	O	11.09	G	-		
1098	45	O	11.09	A	-		
1098	46	O	11.09	T	-		
1098	47	O	11.09	A	-		
1098	48	O	11.09	T	-		
1098	49	O	11.09	C	-		
1098	50	O	11.09	G	-		
1098	51	O	11.09	C	-		
1098	52	O	11.09	G	-		
1098	53	O	11.09	A	-		
1098	54	O	11.09	C	-		
1098	55	O	11.09	A	-		
1098	56	O	11.09	C	-		
1098	57	O	11.09	A	-		
1098	58	O	11.09	T	-		
1098	59	O	11.09	G	-		
1098	60	O	11.09	C	-		
1098	61	O	11.09	G	-		
1098	62	O	11.09	T	-		
1098	63	O	11.09	T	-		
1098	64	O	11.09	G	-		
1098	65	O	11.09	G	-		
1098	66	O	11.09	T	-		
1098	67	O	11.09	A	-		
1098	68	O	11.09	G	-		
1098	69	O	11.09	A	-		
1098	70	O	11.09	G	-		
1098	71	O	11.09	A	-		
1098	72	O	11.09	T	-		
1098	73	U	2.86	C	A		
1098	74	O	11.09	C	-		
1098	75	O	11.09	T	-		
1098	76	O	11.09	T	-		
1098	77	O	11.09	T	-		
1098	78	O	11.09	T	-		
1098	79	O	11.09	G	-		
1098	80	O	11.09	C	-		
1098	81	O	11.09	A	-		
1098	82	O	11.09	C	-		
1098	83	O	11.09	A	-		
1098	84	O	11.09	G	-		
1098	85	O	11.09	G	-		
1098	86	O	11.09	A	-		
1098	87	O	11.09	A	-		
1098	88	O	11.09	T	-		
1098	89	O	11.09	A	-		
1098	90	O	11.09	G	-		
1098	91	O	11.09	T	-		
1098	92	O	11.09	G	-		
1098	93	O	11.09	C	-		
1098	94	O	11.09	C	-		
1098	95	O	11.09	A	-		
1098	96	O	11.09	T	-		
1098	97	O	11.09	C	-		
1098	98	O	11.09	A	-		
1098	99	O	11.09	T	-		
1098	100	O	11.09	C	-		
1098	101	O	11.09	C	-		
1098	102	O	11.09	T	-		
1098	103	O	11.09	G	-		
1098	104	O	11.09	C	-		
1098	105	O	11.09	A	-		
1098	106	O	11.09	T	-		
1098	107	O	11.09	G	-		
1098	108	O	11.09	G	-		
1098	109	O	11.09	G	-		
1099	0	O	20.79	C	-		
1099	1	O	20.79	G	-		
1099	2	O	20.79	A	-		
1099	3	O	20.79	C	-		
1099	4	O	20.79	G	-		
1099	5	O	20.79	C	-		
1099	6	O	20.79	G	-		
1099	7	O	20.79	A	-		
1099	8	O	20.79	C	-		
1099	9	O	20.79	T	-		
1099	10	O	20.79	C	-		
1099	11	O	20.79	T	-		
1099	12	O	20.79	T	-		
1099	13	O	20.79	G	-		
1099	14	O	20.79	C	-		
1099	15	O	20.79	G	-		
1099	16	O	20.79	T	-		
1099	17	O	20.79	T	-		
1099	18	O	20.79	G	-		
1099	19	O	20.79	G	-		
1099	20	O	20.79	T	-		
1099	21	O	20.79	C	-		
1099	22	O	20.79	A	-		
1099	23	O	20.79	G	-		
1099	24	O	20.79	C	-		
1099	25	O	20.79	T	-		
1099	26	O	20.79	T	-		
1099	27	O	20.79	T	-		
1099	28	O	20.79	C	-		
1099	29	O	20.79	G	-		
1099	30	O	20.79	T	-		
1099	31	O	20.79	C	-		
1099	32	O	20.79	G	-		
1099	33	O	20.79	A	-		
1099	34	O	20.79	A	-		
1099	35	O	20.79	A	-		
1099	36	O	20.79	A	-		
1099	37	O	20.79	A	-		
1099	38	O	20.79	T	-		
1099	39	O	20.79	G	-		
1099	40	O	20.79	A	-		
1099	41	O	20.79	A	-		
1099	42	O	20.79	T	-		
1099	43	O	20.79	C	-		
1099	44	O	20.79	C	-		
1099	45	O	20.79	A	-		
1099	46	O	20.79	G	-		
1099	47	O	20.79	A	-		
1099	48	O	20.79	C	-		
1099	49	O	20.79	A	-		
1099	50	O	20.79	G	-		
1099	51	O	20.79	A	-		
1099	52	O	20.79	C	-		
1099	53	O	20.79	T	-		
1099	54	O	20.79	T	-		
1099	55	O	20.79	C	-		
1099	56	O	20.79	A	-		
1099	57	O	20.79	T	-		
1099	58	O	20.79	T	-		
1099	59	O	20.79	G	-		
1099	60	E	-9.29	A	G		
1099	61	O	20.79	A	-		
1099	62	O	20.79	G	-		
1099	63	O	20.79	T	-		
1099	64	O	20.79	T	-		
1099	65	O	20.79	G	-		
1099	66	O	20.79	C	-		
1099	67	O	20.79	G	-		
1099	68	O	20.79	A	-		
1099	69	O	20.79	T	-		
1099	70	O	20.79	C	-		
1099	71	O	20.79	C	-		
1099	72	O	20.79	A	-		
1099	73	O	20.79	T	-		
1099	74	E	-9.29	T	C		
1099	75	O	20.79	C	-		
1099	76	O	20.79	C	-		
1099	77	O	20.79	C	-		
1099	78	O	20.79	A	-		
1099	79	O	20.79	C	-		
1099	80	O	20.79	C	-		
1099	81	O	20.79	A	-		
1099	82	O	20.79	A	-		
1099	83	O	20.79	C	-		
1099	84	O	20.79	T	-		
1099	85	O	20.79	C	-		
1099	86	O	20.79	T	-		
1099	87	O	20.79	T	-		
1099	88	O	20.79	T	-		
1099	89	O	20.79	C	-		
1099	90	O	20.79	A	-		
1099	91	O	20.79	C	-		
1099	92	O	20.79	T	-		
1099	93	O	20.79	T	-		
1099	94	O	20.79	A	-		
1099	95	O	20.79	C	-		
1099	96	O	20.79	T	-		
1099	97	O	20.79	T	-		
1099	98	O	20.79	T	-		
1099	99	O	20.79	C	-		
1099	100	O	20.79	A	-		
1099	101	O	20.79	G	-		
1099	102	O	20.79	A	-		
1099	103	O	20.79	A	-		
1099	104	O	20.79	A	-		
1099	105	O	20.79	C	-		
1099	106	O	20.79	C	-		
1099	107	O	20.79	C	-		
1099	108	O	20.79	A	-		
1099	109	O	20.79	T	-		
1100	0	O	6.93	C	-		
1100	1	O	6.93	A	-		
1100	2	O	6.93	G	-		
1100	3	O	6.93	A	-		
1100	4	O	6.93	G	-		
1100	5	O	6.93	G	-		
1100	6	O	6.93	A	-		
1100	7	O	6.93	C	-		
1100	8	O	6.93	A	-		
1100	9	O	6.93	T	-		
1100	10	O	6.93	T	-		
1100	11	O	6.93	C	-		
1100	12	O	6.93	G	-		
1100	13	O	6.93	G	-		
1100	14	O	6.93	C	-		
1100	15	O	6.93	T	-		
1100	16	O	6.93	C	-		
1100	17	O	6.93	C	-		
1100	18	O	6.93	T	-		
1100	19	O	6.93	A	-		
1100	20	O	6.93	C	-		
1100	21	O	6.93	A	-		
1100	22	O	6.93	G	-		
1100	23	O	6.93	C	-		
1100	24	O	6.93	C	-		
1100	25	O	6.93	G	-		
1100	26	O	6.93	G	-		
1100	27	O	6.93	T	-		
1100	28	O	6.93	G	-		
1100	29	O	6.93	A	-		
1100	30	O	6.93	A	-		
1100	31	O	6.93	A	-		
1100	32	O	6.93	A	-		
1100	33	O	6.93	C	-		
1100	34	O	6.93	T	-		
1100	35	O	6.93	C	-		
1100	36	O	6.93	A	-		
1100	37	O	6.93	C	-		
1100	38	O	6.93	C	-		
1100	39	O	6.93	T	-		
1100	40	O	6.93	G	-		
1100	41	O	6.93	A	-		
1100	42	O	6.93	A	-		
1100	43	O	6.93	C	-		
1100	44	O	6.93	G	-		
1100	45	O	6.93	A	-		
1100	46	O	6.93	A	-		
1100	47	O	6.93	T	-		
1100	48	O	6.93	A	-		
1100	49	O	6.93	T	-		
1100	50	O	6.93	C	-		
1100	51	O	6.93	T	-		
1100	52	O	6.93	G	-		
1100	53	O	6.93	G	-		
1100	54	O	6.93	C	-		
1100	55	O	6.93	G	-		
1100	56	O	6.93	A	-		
1100	57	O	6.93	C	-		
1100	58	O	6.93	A	-		
1100	59	O	6.93	A	-		
1100	60	O	6.93	T	-		
1100	61	O	6.93	G	-		
1100	62	O	6.93	G	-		
1100	63	O	6.93	G	-		
1100	64	O	6.93	C	-		
1100	65	O	6.93	A	-		
1100	66	O	6.93	A	-		
1100	67	O	6.93	G	-		
1100	68	O	6.93	G	-		
1100	69	O	6.93	C	-		
1100	70	O	6.93	C	-		
1100	71	O	6.93	A	-		
1100	72	O	6.93	A	-		
1100	73	O	6.93	A	-		
1100	74	O	6.93	G	-		
1100	75	O	6.93	A	-		
1100	76	O	6.93	C	-		
1100	77	O	6.93	C	-		
1100	78	O	6.93	T	-		
1100	79	O	6.93	G	-		
1100	80	O	6.93	C	-		
1100	81	O	6.93	T	-		
1100	82	O	6.93	C	-		
1100	83	O	6.93	G	-		
1100	84	O	6.93	A	-		
1100	85	O	6.93	A	-		
1100	86	O	6.93	A	-		
1100	87	O	6.93	A	-		
1100	88	O	6.93	C	-		
1100	89	O	6.93	A	-		
1100	90	O	6.93	T	-		
1100	91	O	6.93	G	-		
1100	92	O	6.93	C	-		
1100	93	O	6.93	C	-		
1100	94	O	6.93	G	-		
1100	95	O	6.93	G	-		
1100	96	O	6.93	C	-		
1100	97	O	6.93	G	-		
1100	98	O	6.93	G	-		
1100	99	O	6.93	C	-		
1100	100	O	6.93	A	-		
1100	101	U	-0.27	C	A		
1100	102	O	6.93	T	-		
1100	103	O	6.93	T	-		
1100	104	O	6.93	C	-		
1100	105	O	6.93	A	-		
1100	106	O	6.93	G	-		
1100	107	O	6.93	C	-		
1100	108	O	6.93	C	-		
1100	109	O	6.93	C	-		
1101	0	O	13.76	G	-		
1101	1	O	23.57	T	-		
1101	2	O	23.57	C	-		
1101	3	O	23.57	A	-		
1101	4	O	23.57	T	-		
1101	5	O	23.57	G	-		
1101	6	O	23.57	T	-		
1101	7	O	23.57	A	-		
1101	8	O	23.57	G	-		
1101	9	O	23.57	T	-		
1101	10	O	23.57	T	-		
1101	11	O	23.57	G	-		
1101	12	O	23.57	C	-		
1101	13	O	23.57	G	-		
1101	14	O	23.57	A	-		
1101	15	O	23.57	T	-		
1101	16	O	23.57	G	-		
1101	17	O	23.57	T	-		
1101	18	O	23.57	T	-		
1101	19	O	23.57	G	-		
1101	20	O	23.57	T	-		
1101	21	O	23.57	A	-		
1101	22	O	23.57	G	-		
1101	23	O	23.57	C	-		
1101	24	O	23.57	G	-		
1101	25	O	23.57	G	-		
1101	26	O	23.57	A	-		
1101	27	O	23.57	C	-		
1101	28	O	23.57	C	-		
1101	29	O	23.57	A	-		
1101	30	O	23.57	C	-		
1101	31	O	23.57	A	-		
1101	32	O	23.57	G	-		
1101	33	O	23.57	T	-		
1101	34	O	23.57	T	-		
1101	35	O	23.57	G	-		
1101	36	O	23.57	A	-		
1101	37	O	23.57	G	-		
1101	38	O	23.57	C	-		
1101	39	O	23.57	C	-		
1101	40	O	23.57	G	-		
1101	41	O	23.57	T	-		
1101	42	O	23.57	G	-		
1101	43	O	23.57	G	-		
1101	44	O	23.57	T	-		
1101	45	O	23.57	G	-		
1101	46	O	23.57	A	-		
1101	47	O	23.57	C	-		
1101	48	O	23.57	G	-		
1101	49	O	23.57	C	-		
1101	50	O	23.57	T	-		
1101	51	O	23.57	G	-		
1101	52	O	13.76	A	-		
1101	53	O	23.57	A	-		
1101	54	O	23.57	G	-		
1101	55	O	23.57	T	-		
1101	56	O	23.57	T	-		
1101	57	O	23.57	C	-		
1101	58	O	23.57	A	-		
1101	59	O	23.57	A	-		
1101	60	O	23.57	A	-		
1101	61	O	23.57	G	-		
1101	62	O	23.57	T	-		
1101	63	O	23.57	C	-		
1101	64	O	23.57	G	-		
1101	65	O	23.57	G	-		
1101	66	O	23.57	G	-		
1101	67	O	23.57	A	-		
1101	68	O	23.57	A	-		
1101	69	O	23.57	G	-		
1101	70	O	23.57	T	-		
1101	71	O	23.57	T	-		
1101	72	O	23.57	G	-		
1101	73	O	23.57	A	-		
1101	74	O	23.57	A	-		
1101	75	O	23.57	C	-		
1101	76	O	23.57	T	-		
1101	77	O	23.57	T	-		
1101	78	O	23.57	C	-		
1101	79	O	23.57	A	-		
1101	80	O	23.57	A	-		
1101	81	O	23.57	G	-		
1101	82	O	23.57	C	-		
1101	83	O	23.57	C	-		
1101	84	O	23.57	G	-		
1101	85	O	23.57	C	-		
1101	86	O	23.57	T	-		
1101	87	O	23.57	G	-		
1101	88	O	23.57	A	-		
1101	89	O	23.57	C	-		
1101	90	O	23.57	A	-		
1101	91	O	23.57	G	-		
1101	92	O	23.57	C	-		
1101	93	O	13.76	C	-		
1101	94	O	23.57	C	-		
1101	95	O	23.57	G	-		
1101	96	O	23.57	C	-		
1101	97	O	23.57	G	-		
1101	98	O	23.57	T	-		
1101	99	O	23.57	C	-		
1101	100	O	23.57	G	-		
1101	101	O	23.57	C	-		
1101	102	O	23.57	G	-		
1101	103	O	23.57	C	-		
1101	104	O	23.57	G	-		
1101	105	O	23.57	C	-		
1101	106	O	23.57	C	-		
1101	107	O	23.57	A	-		
1101	108	O	23.57	C	-		
1101	109	O	23.57	C	-		
1102	0	O	15.25	G	-		
1102	1	O	15.25	T	-		
1102	2	O	15.25	C	-		
1102	3	O	15.25	A	-		
1102	4	O	15.25	G	-		
1102	5	O	15.25	C	-		
1102	6	O	15.25	T	-		
1102	7	O	15.25	G	-		
1102	8	O	15.25	T	-		
1102	9	O	15.25	T	-		
1102	10	O	15.25	C	-		
1102	11	O	15.25	T	-		
1102	12	O	15.25	G	-		
1102	13	O	15.25	C	-		
1102	14	O	15.25	T	-		
1102	15	O	15.25	G	-		
1102	16	O	15.25	G	-		
1102	17	O	15.25	A	-		
1102	18	O	15.25	T	-		
1102	19	O	15.25	T	-		
1102	20	O	15.25	G	-		
1102	21	O	15.25	A	-		
1102	22	O	15.25	C	-		
1102	23	O	15.25	A	-		
1102	24	O	15.25	A	-		
1102	25	O	15.25	A	-		
1102	26	O	15.25	T	-		
1102	27	O	15.25	G	-		
1102	28	O	15.25	G	-		
1102	29	O	15.25	G	-		
1102	30	O	15.25	T	-		
1102	31	O	15.25	T	-		
1102	32	O	15.25	G	-		
1102	33	O	15.25	G	-		
1102	34	O	15.25	T	-		
1102	35	O	15.25	T	-		
1102	36	O	15.25	T	-		
1102	37	O	15.25	G	-		
1102	38	O	15.25	A	-		
1102	39	O	15.25	C	-		
1102	40	O	15.25	T	-		
1102	41	O	15.25	A	-		
1102	42	O	15.25	T	-		
1102	43	O	15.25	G	-		
1102	44	O	15.25	G	-		
1102	45	O	15.25	A	-		
1102	46	O	15.25	G	-		
1102	47	O	15.25	G	-		
1102	48	O	15.25	A	-		
1102	49	O	15.25	C	-		
1102	50	O	15.25	A	-		
1102	51	O	15.25	T	-		
1102	52	O	15.25	C	-		
1102	53	O	15.25	C	-		
1102	54	O	15.25	G	-		
1102	55	O	15.25	G	-		
1102	56	O	15.25	C	-		
1102	57	O	15.25	G	-		
1102	58	O	15.25	G	-		
1102	59	O	6.35	A	-		
1102	60	O	15.25	T	-		
1102	61	O	15.25	T	-		
1102	62	O	15.25	G	-		
1102	63	O	15.25	A	-		
1102	64	O	15.25	G	-		
1102	65	O	15.25	G	-		
1102	66	O	15.25	A	-		
1102	67	O	15.25	G	-		
1102	68	O	15.25	G	-		
1102	69	O	15.25	A	-		
1102	70	O	15.25	G	-		
1102	71	O	15.25	A	-		
1102	72	O	15.25	C	-		
1102	73	O	15.25	C	-		
1102	74	O	15.25	C	-		
1102	75	O	15.25	A	-		
1102	76	O	15.25	G	-		
1102	77	O	15.25	A	-		
1102	78	O	15.25	A	-		
1102	79	O	15.25	A	-		
1102	80	O	15.25	G	-		
1102	81	O	15.25	A	-		
1102	82	O	15.25	G	-		
1102	83	O	15.25	C	-		
1102	84	O	15.25	T	-		
1102	85	O	15.25	A	-		
1102	86	O	15.25	G	-		
1102	87	O	15.25	A	-		
1102	88	O	15.25	G	-		
1102	89	O	15.25	G	-		
1102	90	O	15.25	A	-		
1102	91	O	15.25	G	-		
1102	92	O	15.25	G	-		
1102	93	O	15.25	T	-		
1102	94	O	15.25	A	-		
1102	95	O	15.25	A	-		
1102	96	O	15.25	T	-		
1102	97	O	15.25	G	-		
1102	98	O	15.25	C	-		
1102	99	O	15.25	A	-		
1102	100	O	15.25	T	-		
1102	101	O	15.25	T	-		
1102	102	O	15.25	C	-		
1102	103	O	15.25	A	-		
1102	104	O	15.25	A	-		
1102	105	O	15.25	A	-		
1102	106	O	15.25	C	-		
1102	107	O	15.25	C	-		
1102	108	O	15.25	T	-		
1102	109	O	15.25	G	-		
1103	0	O	5.55	T	-		
1103	1	O	5.55	G	-		
1103	2	O	5.55	T	-		
1103	3	O	5.55	A	-		
1103	4	O	5.55	G	-		
1103	5	O	5.55	G	-		
1103	6	O	5.55	T	-		
1103	7	O	5.55	C	-		
1103	8	O	5.55	C	-		
1103	9	O	5.55	C	-		
1103	10	O	5.55	G	-		
1103	11	O	5.55	T	-		
1103	12	O	5.55	A	-		
1103	13	O	5.55	A	-		
1103	14	O	5.55	T	-		
1103	15	O	5.55	T	-		
1103	16	O	5.55	C	-		
1103	17	O	5.55	G	-		
1103	18	O	5.55	A	-		
1103	19	O	5.55	G	-		
1103	20	O	5.55	T	-		
1103	21	O	5.55	G	-		
1103	22	O	5.55	A	-		
1103	23	O	5.55	G	-		
1103	24	O	5.55	G	-		
1103	25	O	5.55	T	-		
1103	26	O	5.55	T	-		
1103	27	O	5.55	G	-		
1103	28	O	5.55	T	-		
1103	29	O	5.55	C	-		
1103	30	O	5.55	A	-		
1103	31	O	5.55	A	-		
1103	32	O	5.55	G	-		
1103	33	O	5.55	G	-		
1103	34	O	5.55	C	-		
1103	35	O	5.55	G	-		
1103	36	O	5.55	C	-		
1103	37	O	5.55	A	-		
1103	38	O	5.55	A	-		
1103	39	O	5.55	A	-		
1103	40	O	5.55	A	-		
1103	41	O	5.55	G	-		
1103	42	O	5.55	T	-		
1103	43	O	5.55	A	-		
1103	44	O	5.55	G	-		
1103	45	O	5.55	A	-		
1103	46	O	5.55	T	-		
1103	47	O	5.55	A	-		
1103	48	O	5.55	T	-		
1103	49	O	5.55	G	-		
1103	50	O	5.55	G	-		
1103	51	O	5.55	T	-		
1103	52	O	5.55	C	-		
1103	53	O	5.55	C	-		
1103	54	O	5.55	A	-		
1103	55	O	5.55	G	-		
1103	56	O	5.55	C	-		
1103	57	O	5.55	T	-		
1103	58	O	5.55	T	-		
1103	59	O	5.55	G	-		
1103	60	O	5.55	T	-		
1103	61	O	5.55	C	-		
1103	62	O	5.55	A	-		
1103	63	O	5.55	G	-		
1103	64	O	5.55	T	-		
1103	65	O	5.55	G	-		
1103	66	O	5.55	T	-		
1103	67	O	5.55	T	-		
1103	68	O	5.55	C	-		
1103	69	O	5.55	A	-		
1103	70	O	5.55	T	-		
1103	71	O	5.55	T	-		
1103	72	O	5.55	T	-		
1103	73	O	5.55	C	-		
1103	74	O	5.55	T	-		
1103	75	O	5.55	G	-		
1103	76	O	5.55	A	-		
1103	77	O	5.55	G	-		
1103	78	O	5.55	T	-		
1103	79	O	5.55	G	-		
1103	80	O	5.55	A	-		
1103	81	O	5.55	T	-		
1103	82	O	5.55	C	-		
1103	83	O	5.55	G	-		
1103	84	O	5.55	C	-		
1103	85	O	5.55	T	-		
1103	86	O	5.55	C	-		
1103	87	O	5.55	G	-		
1103	88	O	5.55	C	-		
1103	89	O	5.55	T	-		
1103	90	O	5.55	A	-		
1103	91	O	5.55	T	-		
1103	92	O	5.55	C	-		
1103	93	O	5.55	T	-		
1103	94	O	5.55	T	-		
1103	95	O	5.55	G	-		
1103	96	O	5.55	A	-		
1103	97	O	5.55	C	-		
1103	98	O	5.55	C	-		
1103	99	O	5.55	T	-		
1103	100	O	5.55	A	-		
1103	101	O	5.55	G	-		
1103	102	O	5.55	T	-		
1103	103	O	5.55	A	-		
1103	104	O	5.55	G	-		
1103	105	O	5.55	T	-		
1103	106	O	5.55	T	-		
1103	107	O	5.55	G	-		
1103	108	O	5.55	T	-		
1103	109	O	5.55	T	-		
1104	0	O	6.93	T	-		
1104	1	O	6.93	A	-		
1104	2	O	6.93	A	-		
1104	3	O	6.93	A	-		
1104	4	O	6.93	G	-		
1104	5	O	6.93	G	-		
1104	6	O	6.93	G	-		
1104	7	O	6.93	C	-		
1104	8	O	6.93	C	-		
1104	9	O	6.93	T	-		
1104	10	O	6.93	A	-		
1104	11	O	6.93	T	-		
1104	12	O	6.93	G	-		
1104	13	O	6.93	G	-		
1104	14	O	6.93	G	-		
1104	15	O	6.93	C	-		
1104	16	O	6.93	C	-		
1104	17	O	6.93	A	-		
1104	18	O	6.93	T	-		
1104	19	O	6.93	C	-		
1104	20	O	6.93	T	-		
1104	21	O	6.93	T	-		
1104	22	O	6.93	C	-		
1104	23	O	6.93	C	-		
1104	24	O	6.93	G	-		
1104	25	O	6.93	A	-		
1104	26	O	6.93	A	-		
1104	27	O	6.93	T	-		
1104	28	O	6.93	A	-		
1104	29	O	6.93	T	-		
1104	30	O	6.93	A	-		
1104	31	O	6.93	T	-		
1104	32	O	6.93	C	-		
1104	33	O	6.93	C	-		
1104	34	O	6.93	C	-		
1104	35	O	6.93	A	-		
1104	36	O	6.93	A	-		
1104	37	O	6.93	G	-		
1104	38	O	6.93	T	-		
1104	39	O	6.93	G	-		
1104	40	O	6.93	A	-		
1104	41	O	6.93	C	-		
1104	42	O	6.93	A	-		
1104	43	O	6.93	T	-		
1104	44	O	6.93	G	-		
1104	45	O	6.93	G	-		
1104	46	O	6.93	A	-		
1104	47	O	6.93	C	-		
1104	48	O	6.93	A	-		
1104	49	O	6.93	G	-		
1104	50	O	6.93	C	-		
1104	51	O	6.93	T	-		
1104	52	O	6.93	A	-		
1104	53	O	6.93	A	-		
1104	54	O	6.93	A	-		
1104	55	O	6.93	G	-		
1104	56	O	6.93	A	-		
1104	57	O	6.93	G	-		
1104	58	O	6.93	C	-		
1104	59	O	6.93	T	-		
1104	60	O	6.93	T	-		
1104	61	O	6.93	C	-		
1104	62	O	6.93	T	-		
1104	63	O	6.93	A	-		
1104	64	O	6.93	A	-		
1104	65	O	6.93	C	-		
1104	66	O	6.93	A	-		
1104	67	O	6.93	A	-		
1104	68	O	6.93	T	-		
1104	69	O	6.93	C	-		
1104	70	O	6.93	A	-		
1104	71	O	6.93	T	-		
1104	72	O	6.93	C	-		
1104	73	O	6.93	A	-		
1104	74	O	6.93	C	-		
1104	75	O	6.93	A	-		
1104	76	O	6.93	A	-		
1104	77	O	6.93	G	-		
1104	78	O	6.93	C	-		
1104	79	O	6.93	A	-		
1104	80	O	6.93	A	-		
1104	81	O	6.93	T	-		
1104	82	O	6.93	T	-		
1104	83	O	6.93	G	-		
1104	84	O	6.93	G	-		
1104	85	O	6.93	A	-		
1104	86	O	6.93	G	-		
1104	87	O	6.93	A	-		
1104	88	O	6.93	C	-		
1104	89	O	6.93	A	-		
1104	90	O	6.93	T	-		
1104	91	O	6.93	C	-		
1104	92	O	6.93	A	-		
1104	93	O	6.93	A	-		
1104	94	O	6.93	T	-		
1104	95	O	6.93	G	-		
1104	96	O	6.93	T	-		
1104	97	O	6.93	C	-		
1104	98	O	6.93	T	-		
1104	99	O	6.93	T	-		
1104	100	O	6.93	G	-		
1104	101	O	6.93	A	-		
1104	102	O	6.93	G	-		
1104	103	O	6.93	C	-		
1104	104	O	6.93	T	-		
1104	105	O	6.93	A	-		
1104	106	O	6.93	G	-		
1104	107	O	6.93	A	-		
1104	108	O	6.93	C	-		
1104	109	O	6.93	A	-		
1105	0	O	5.55	C	-		
1105	1	O	5.55	A	-		
1105	2	O	5.55	C	-		
1105	3	O	5.55	A	-		
1105	4	O	5.55	T	-		
1105	5	O	5.55	C	-		
1105	6	O	5.55	G	-		
1105	7	O	5.55	C	-		
1105	8	O	5.55	A	-		
1105	9	O	5.55	G	-		
1105	10	O	5.55	G	-		
1105	11	O	5.55	C	-		
1105	12	O	5.55	A	-		
1105	13	O	5.55	T	-		
1105	14	O	5.55	T	-		
1105	15	O	5.55	T	-		
1105	16	O	5.55	G	-		
1105	17	O	5.55	C	-		
1105	18	O	5.55	G	-		
1105	19	O	5.55	C	-		
1105	20	O	5.55	G	-		
1105	21	O	5.55	T	-		
1105	22	O	5.55	T	-		
1105	23	O	5.55	G	-		
1105	24	O	5.55	C	-		
1105	25	O	5.55	G	-		
1105	26	O	5.55	C	-		
1105	27	O	5.55	C	-		
1105	28	O	5.55	A	-		
1105	29	O	5.55	G	-		
1105	30	O	5.55	C	-		
1105	31	O	5.55	G	-		
1105	32	O	5.55	C	-		
1105	33	O	5.55	A	-		
1105	34	O	5.55	C	-		
1105	35	O	5.55	A	-		
1105	36	O	5.55	C	-		
1105	37	O	5.55	A	-		
1105	38	O	5.55	G	-		
1105	39	O	5.55	G	-		
1105	40	O	5.55	C	-		
1105	41	O	5.55	A	-		
1105	42	O	5.55	T	-		
1105	43	O	5.55	G	-		
1105	44	O	5.55	C	-		
1105	45	O	5.55	C	-		
1105	46	O	5.55	T	-		
1105	47	O	5.55	G	-		
1105	48	O	5.55	C	-		
1105	49	O	5.55	C	-		
1105	50	O	5.55	A	-		
1105	51	O	5.55	G	-		
1105	52	O	5.55	G	-		
1105	53	O	5.55	C	-		
1105	54	O	5.55	T	-		
1105	55	O	5.55	G	-		
1105	56	O	5.55	C	-		
1105	57	O	5.55	C	-		
1105	58	O	5.55	T	-		
1105	59	O	5.55	G	-		
1105	60	O	5.55	T	-		
1105	61	O	5.55	G	-		
1105	62	O	5.55	A	-		
1105	63	O	5.55	G	-		
1105	64	O	5.55	A	-		
1105	65	O	5.55	T	-		
1105	66	O	5.55	G	-		
1105	67	O	5.55	G	-		
1105	68	O	5.55	C	-		
1105	69	O	5.55	C	-		
1105	70	O	5.55	C	-		
1105	71	O	5.55	G	-		
1105	72	O	5.55	A	-		
1105	73	O	5.55	C	-		
1105	74	O	5.55	C	-		
1105	75	O	5.55	G	-		
1105	76	O	5.55	C	-		
1105	77	O	5.55	T	-		
1105	78	O	5.55	G	-		
1105	79	O	5.55	C	-		
1105	80	O	5.55	A	-		
1105	81	O	5.55	C	-		
1105	82	O	5.55	C	-		
1105	83	O	5.55	T	-		
1105	84	O	5.55	G	-		
1105	85	O	5.55	T	-		
1105	86	O	5.55	G	-		
1105	87	O	5.55	A	-		
1105	88	O	5.55	G	-		
1105	89	O	5.55	T	-		
1105	90	O	5.55	A	-		
1105	91	O	5.55	A	-		
1105	92	O	5.55	T	-		
1105	93	O	5.55	C	-		
1105	94	O	5.55	G	-		
1105	95	O	5.55	A	-		
1105	96	O	5.55	A	-		
1105	97	O	5.55	A	-		
1105	98	O	5.55	C	-		
1105	99	O	5.55	G	-		
1105	100	O	5.55	A	-		
1105	101	O	5.55	A	-		
1105	102	O	5.55	G	-		
1105	103	O	5.55	G	-		
1105	104	O	5.55	A	-		
1105	105	O	5.55	A	-		
1105	106	O	5.55	A	-		
1105	107	O	5.55	G	-		
1105	108	O	5.55	C	-		
1105	109	O	5.55	G	-		
1106	0	O	9.70	G	-		
1106	1	O	9.70	A	-		
1106	2	O	9.70	G	-		
1106	3	O	9.70	A	-		
1106	4	O	9.70	G	-		
1106	5	O	9.70	C	-		
1106	6	O	9.70	T	-		
1106	7	O	9.70	A	-		
1106	8	O	9.70	A	-		
1106	9	O	9.70	C	-		
1106	10	O	9.70	G	-		
1106	11	O	9.70	A	-		
1106	12	O	9.70	T	-		
1106	13	O	9.70	T	-		
1106	14	O	9.70	A	-		
1106	15	O	9.70	G	-		
1106	16	O	9.70	A	-		
1106	17	O	9.70	C	-		
1106	18	O	9.70	G	-		
1106	19	O	9.70	T	-		
1106	20	O	9.70	G	-		
1106	21	O	9.70	G	-		
1106	22	O	9.70	A	-		
1106	23	O	9.70	G	-		
1106	24	U	1.77	C	G		
1106	25	O	9.70	T	-		
1106	26	O	9.70	G	-		
1106	27	O	9.70	A	-		
1106	28	O	9.70	G	-		
1106	29	O	9.70	G	-		
1106	30	O	9.70	G	-		
1106	31	O	9.70	A	-		
1106	32	O	9.70	A	-		
1106	33	O	9.70	C	-		
1106	34	O	9.70	C	-		
1106	35	O	9.70	G	-		
1106	36	O	9.70	A	-		
1106	37	O	9.70	A	-		
1106	38	O	9.70	A	-		
1106	39	O	9.70	G	-		
1106	40	O	9.70	C	-		
1106	41	O	9.70	T	-		
1106	42	O	9.70	T	-		
1106	43	O	9.70	G	-		
1106	44	O	9.70	G	-		
1106	45	O	9.70	G	-		
1106	46	O	9.70	A	-		
1106	47	O	9.70	A	-		
1106	48	O	9.70	G	-		
1106	49	O	9.70	G	-		
1106	50	O	9.70	A	-		
1106	51	O	9.70	T	-		
1106	52	O	9.70	T	-		
1106	53	O	9.70	G	-		
1106	54	O	9.70	T	-		
1106	55	O	9.70	T	-		
1106	56	O	9.70	T	-		
1106	57	O	9.70	G	-		
1106	58	O	9.70	G	-		
1106	59	O	9.70	G	-		
1106	60	O	9.70	G	-		
1106	61	U	1.77	T	A		
1106	62	O	9.70	C	-		
1106	63	O	9.70	A	-		
1106	64	O	9.70	A	-		
1106	65	O	9.70	G	-		
1106	66	O	9.70	G	-		
1106	67	O	9.70	A	-		
1106	68	O	9.70	A	-		
1106	69	O	9.70	G	-		
1106	70	O	9.70	G	-		
1106	71	O	9.70	A	-		
1106	72	O	9.70	T	-		
1106	73	O	9.70	G	-		
1106	74	O	9.70	G	-		
1106	75	O	9.70	A	-		
1106	76	O	9.70	G	-		
1106	77	O	9.70	T	-		
1106	78	O	9.70	G	-		
1106	79	O	9.70	G	-		
1106	80	O	9.70	A	-		
1106	81	O	9.70	G	-		
1106	82	O	9.70	G	-		
1106	83	O	9.70	T	-		
1106	84	O	9.70	G	-		
1106	85	O	9.70	C	-		
1106	86	O	9.70	T	-		
1106	87	O	9.70	G	-		
1106	88	O	9.70	G	-		
1106	89	O	9.70	A	-		
1106	90	O	9.70	T	-		
1106	91	O	9.70	C	-		
1106	92	O	9.70	A	-		
1106	93	O	9.70	A	-		
1106	94	O	9.70	A	-		
1106	95	O	9.70	T	-		
1106	96	O	9.70	G	-		
1106	97	O	9.70	C	-		
1106	98	O	9.70	T	-		
1106	99	O	9.70	G	-		
1106	100	O	9.70	A	-		
1106	101	O	9.70	A	-		
1106	102	O	9.70	T	-		
1106	103	O	9.70	T	-		
1106	104	O	9.70	G	-		
1106	105	O	9.70	T	-		
1106	106	O	9.70	A	-		
1106	107	O	9.70	C	-		
1106	108	O	9.70	G	-		
1106	109	O	9.70	G	-		
1107	0	O	16.64	T	-		
1107	1	O	16.64	G	-		
1107	2	O	16.64	T	-		
1107	3	O	16.64	C	-		
1107	4	O	16.64	A	-		
1107	5	O	16.64	A	-		
1107	6	O	16.64	T	-		
1107	7	O	16.64	G	-		
1107	8	O	16.64	C	-		
1107	9	O	16.64	A	-		
1107	10	O	16.64	G	-		
1107	11	O	16.64	G	-		
1107	12	O	16.64	A	-		
1107	13	O	16.64	A	-		
1107	14	O	16.64	T	-		
1107	15	O	16.64	T	-		
1107	16	O	16.64	A	-		
1107	17	O	16.64	T	-		
1107	18	O	16.64	G	-		
1107	19	O	16.64	A	-		
1107	20	O	16.64	C	-		
1107	21	O	16.64	T	-		
1107	22	O	16.64	C	-		
1107	23	O	16.64	G	-		
1107	24	O	16.64	C	-		
1107	25	O	16.64	G	-		
1107	26	O	16.64	T	-		
1107	27	O	16.64	C	-		
1107	28	O	16.64	G	-		
1107	29	O	16.64	A	-		
1107	30	O	16.64	C	-		
1107	31	O	16.64	G	-		
1107	32	O	16.64	A	-		
1107	33	O	16.64	A	-		
1107	34	O	16.64	A	-		
1107	35	O	16.64	C	-		
1107	36	O	16.64	A	-		
1107	37	O	16.64	T	-		
1107	38	O	16.64	T	-		
1107	39	O	16.64	C	-		
1107	40	O	16.64	C	-		
1107	41	O	16.64	A	-		
1107	42	O	16.64	G	-		
1107	43	O	16.64	C	-		
1107	44	O	16.64	T	-		
1107	45	O	16.64	T	-		
1107	46	O	16.64	C	-		
1107	47	O	16.64	G	-		
1107	48	O	16.64	A	-		
1107	49	O	16.64	T	-		
1107	50	O	16.64	T	-		
1107	51	O	16.64	C	-		
1107	52	O	16.64	T	-		
1107	53	O	16.64	T	-		
1107	54	O	16.64	T	-		
1107	55	O	16.64	C	-		
1107	56	O	16.64	A	-		
1107	57	O	16.64	C	-		
1107	58	O	16.64	T	-		
1107	59	O	16.64	C	-		
1107	60	O	16.64	C	-		
1107	61	O	16.64	T	-		
1107	62	O	16.64	C	-		
1107	63	O	16.64	C	-		
1107	64	O	16.64	A	-		
1107	65	O	16.64	T	-		
1107	66	O	16.64	A	-		
1107	67	O	16.64	C	-		
1107	68	O	16.64	A	-		
1107	69	O	16.64	C	-		
1107	70	O	16.64	C	-		
1107	71	O	16.64	A	-		
1107	72	O	16.64	A	-		
1107	73	O	16.64	T	-		
1107	74	O	16.64	C	-		
1107	75	O	16.64	C	-		
1107	76	O	16.64	C	-		
1107	77	O	16.64	A	-		
1107	78	O	16.64	A	-		
1107	79	O	16.64	G	-		
1107	80	O	16.64	T	-		
1107	81	O	16.64	T	-		
1107	82	O	16.64	T	-		
1107	83	O	16.64	G	-		
1107	84	O	16.64	C	-		
1107	85	O	16.64	A	-		
1107	86	O	16.64	G	-		
1107	87	O	16.64	T	-		
1107	88	O	16.64	G	-		
1107	89	O	16.64	C	-		
1107	90	O	16.64	C	-		
1107	91	O	16.64	T	-		
1107	92	O	16.64	T	-		
1107	93	O	16.64	T	-		
1107	94	O	16.64	G	-		
1107	95	O	16.64	A	-		
1107	96	O	16.64	G	-		
1107	97	O	16.64	A	-		
1107	98	O	16.64	T	-		
1107	99	O	16.64	A	-		
1107	100	O	16.64	T	-		
1107	101	O	16.64	C	-		
1107	102	O	16.64	G	-		
1107	103	O	16.64	G	-		
1107	104	O	16.64	A	-		
1107	105	O	16.64	G	-		
1107	106	O	16.64	A	-		
1107	107	O	7.55	A	-		
1107	108	O	16.64	T	-		
1107	109	O	16.64	G	-		
1108	0	O	5.55	C	-		
1108	1	O	5.55	G	-		
1108	2	O	5.55	C	-		
1108	3	O	5.55	C	-		
1108	4	O	5.55	T	-		
1108	5	O	5.55	C	-		
1108	6	O	5.55	A	-		
1108	7	O	5.55	C	-		
1108	8	O	5.55	C	-		
1108	9	O	5.55	G	-		
1108	10	O	5.55	C	-		
1108	11	O	5.55	C	-		
1108	12	O	5.55	G	-		
1108	13	O	5.55	G	-		
1108	14	O	5.55	T	-		
1108	15	O	5.55	C	-		
1108	16	O	5.55	A	-		
1108	17	O	5.55	T	-		
1108	18	O	5.55	T	-		
1108	19	O	5.55	T	-		
1108	20	O	5.55	G	-		
1108	21	O	5.55	C	-		
1108	22	O	5.55	C	-		
1108	23	O	5.55	A	-		
1108	24	O	5.55	C	-		
1108	25	O	5.55	T	-		
1108	26	O	5.55	C	-		
1108	27	O	5.55	C	-		
1108	28	O	5.55	A	-		
1108	29	O	5.55	T	-		
1108	30	O	5.55	C	-		
1108	31	O	5.55	A	-		
1108	32	O	5.55	G	-		
1108	33	O	5.55	C	-		
1108	34	O	5.55	T	-		
1108	35	O	5.55	T	-		
1108	36	O	5.55	C	-		
1108	37	O	5.55	G	-		
1108	38	O	5.55	C	-		
1108	39	O	5.55	G	-		
1108	40	O	5.55	A	-		
1108	41	O	5.55	A	-		
1108	42	O	5.55	A	-		
1108	43	O	5.55	G	-		
1108	44	O	5.55	C	-		
1108	45	O	5.55	A	-		
1108	46	O	5.55	C	-		
1108	47	O	5.55	C	-		
1108	48	O	5.55	G	-		
1108	49	O	5.55	T	-		
1108	50	O	5.55	T	-		
1108	51	O	5.55	C	-		
1108	52	O	5.55	T	-		
1108	53	O	5.55	T	-		
1108	54	O	5.55	G	-		
1108	55	O	5.55	T	-		
1108	56	O	5.55	C	-		
1108	57	O	5.55	A	-		
1108	58	O	5.55	G	-		
1108	59	O	5.55	C	-		
1108	60	O	5.55	G	-		
1108	61	O	5.55	G	-		
1108	62	O	5.55	C	-		
1108	63	O	5.55	G	-		
1108	64	O	5.55	A	-		
1108	65	O	5.55	G	-		
1108	66	O	5.55	C	-		
1108	67	O	5.55	T	-		
1108	68	O	5.55	T	-		
1108	69	O	5.55	G	-		
1108	70	O	5.55	G	-		
1108	71	O	5.55	C	-		
1108	72	O	5.55	G	-		
1108	73	O	5.55	T	-		
1108	74	O	5.55	A	-		
1108	75	O	5.55	A	-		
1108	76	O	5.55	G	-		
1108	77	O	5.55	G	-		
1108	78	O	5.55	T	-		
1108	79	O	5.55	C	-		
1108	80	O	5.55	C	-		
1108	81	O	5.55	G	-		
1108	82	O	5.55	A	-		
1108	83	O	5.55	C	-		
1108	84	O	5.55	T	-		
1108	85	O	5.55	T	-		
1108	86	O	5.55	G	-		
1108	87	O	5.55	G	-		
1108	88	O	5.55	G	-		
1108	89	O	5.55	C	-		
1108	90	O	5.55	G	-		
1108	91	O	5.55	A	-		
1108	92	O	5.55	C	-		
1108	93	O	5.55	A	-		
1108	94	O	5.55	C	-		
1108	95	O	5.55	G	-		
1108	96	O	5.55	G	-		
1108	97	O	5.55	C	-		
1108	98	O	5.55	C	-		
1108	99	O	5.55	G	-		
1108	100	O	5.55	T	-		
1108	101	O	5.55	C	-		
1108	102	O	5.55	A	-		
1108	103	O	5.55	C	-		
1108	104	O	5.55	T	-		
1108	105	O	5.55	A	-		
1108	106	O	5.55	C	-		
1108	107	O	5.55	C	-		
1108	108	O	5.55	G	-		
1108	109	O	5.55	A	-		
1109	0	O	8.32	A	-		
1109	1	O	8.32	A	-		
1109	2	O	8.32	A	-		
1109	3	O	8.32	G	-		
1109	4	O	8.32	G	-		
1109	5	O	8.32	A	-		
1109	6	O	8.32	C	-		
1109	7	O	8.32	G	-		
1109	8	O	8.32	C	-		
1109	9	O	8.32	C	-		
1109	10	O	8.32	T	-		
1109	11	O	8.32	T	-		
1109	12	O	8.32	A	-		
1109	13	O	8.32	G	-		
1109	14	O	8.32	C	-		
1109	15	O	8.32	T	-		
1109	16	O	8.32	T	-		
1109	17	O	8.32	G	-		
1109	18	O	8.32	T	-		
1109	19	O	8.32	G	-		
1109	20	O	8.32	C	-		
1109	21	O	8.32	T	-		
1109	22	O	8.32	T	-		
1109	23	O	8.32	G	-		
1109	24	O	8.32	A	-		
1109	25	O	8.32	G	-		
1109	26	O	8.32	A	-		
1109	27	O	8.32	T	-		
1109	28	O	8.32	C	-		
1109	29	O	8.32	G	-		
1109	30	O	8.32	G	-		
1109	31	O	8.32	C	-		
1109	32	O	8.32	T	-		
1109	33	O	8.32	C	-		
1109	34	O	8.32	G	-		
1109	35	O	8.32	C	-		
1109	36	O	8.32	T	-		
1109	37	O	8.32	T	-		
1109	38	O	8.32	G	-		
1109	39	O	8.32	A	-		
1109	40	O	8.32	G	-		
1109	41	O	8.32	C	-		
1109	42	O	8.32	T	-		
1109	43	O	8.32	C	-		
1109	44	O	8.32	G	-		
1109	45	O	8.32	A	-		
1109	46	O	8.32	G	-		
1109	47	O	8.32	A	-		
1109	48	O	8.32	A	-		
1109	49	O	8.32	C	-		
1109	50	O	8.32	G	-		
1109	51	O	8.32	A	-		
1109	52	O	8.32	A	-		
1109	53	O	8.32	A	-		
1109	54	O	8.32	G	-		
1109	55	O	8.32	A	-		
1109	56	O	8.32	A	-		
1109	57	O	8.32	G	-		
1109	58	O	8.32	A	-		
1109	59	O	8.32	T	-		
1109	60	O	8.32	G	-		
1109	61	O	8.32	T	-		
1109	62	O	8.32	G	-		
1109	63	O	8.32	A	-		
1109	64	O	8.32	G	-		
1109	65	O	8.32	A	-		
1109	66	O	8.32	A	-		
1109	67	O	8.32	G	-		
1109	68	O	8.32	T	-		
1109	69	O	8.32	G	-		
1109	70	O	8.32	C	-		
1109	71	O	8.32	C	-		
1109	72	O	8.32	G	-		
1109	73	O	8.32	C	-		
1109	74	O	8.32	A	-		
1109	75	O	8.32	G	-		
1109	76	O	8.32	C	-		
1109	77	O	8.32	C	-		
1109	78	O	8.32	T	-		
1109	79	O	8.32	C	-		
1109	80	O	8.32	A	-		
1109	81	O	8.32	C	-		
1109	82	O	8.32	G	-		
1109	83	O	8.32	T	-		
1109	84	O	8.32	T	-		
1109	85	O	8.32	A	-		
1109	86	O	8.32	C	-		
1109	87	O	8.32	C	-		
1109	88	O	8.32	T	-		
1109	89	O	8.32	G	-		
1109	90	O	8.32	C	-		
1109	91	O	8.32	C	-		
1109	92	O	8.32	T	-		
1109	93	O	8.32	A	-		
1109	94	O	8.32	A	-		
1109	95	O	8.32	T	-		
1109	96	O	8.32	G	-		
1109	97	O	8.32	C	-		
1109	98	O	8.32	G	-		
1109	99	O	8.32	A	-		
1109	100	O	8.32	A	-		
1109	101	O	8.32	C	-		
1109	102	O	8.32	A	-		
1109	103	O	8.32	C	-		
1109	104	O	8.32	G	-		
1109	105	O	8.32	T	-		
1109	106	O	8.32	A	-		
1109	107	O	8.32	G	-		
1109	108	O	8.32	A	-		
1109	109	O	8.32	T	-		
1110	0	O	12.48	T	-		
1110	1	O	12.48	G	-		
1110	2	O	12.48	C	-		
1110	3	O	12.48	G	-		
1110	4	O	12.48	A	-		
1110	5	O	12.48	A	-		
1110	6	O	12.48	T	-		
1110	7	O	12.48	T	-		
1110	8	O	12.48	T	-		
1110	9	O	12.48	C	-		
1110	10	O	12.48	G	-		
1110	11	O	12.48	G	-		
1110	12	O	12.48	T	-		
1110	13	O	12.48	G	-		
1110	14	O	12.48	G	-		
1110	15	O	12.48	T	-		
1110	16	O	12.48	T	-		
1110	17	O	12.48	T	-		
1110	18	O	12.48	C	-		
1110	19	O	12.48	A	-		
1110	20	O	12.48	A	-		
1110	21	O	12.48	A	-		
1110	22	O	12.48	A	-		
1110	23	O	12.48	T	-		
1110	24	O	12.48	C	-		
1110	25	O	12.48	A	-		
1110	26	O	12.48	C	-		
1110	27	O	12.48	C	-		
1110	28	O	12.48	A	-		
1110	29	O	12.48	T	-		
1110	30	O	12.48	T	-		
1110	31	O	12.48	G	-		
1110	32	O	12.48	T	-		
1110	33	O	12.48	T	-		
1110	34	O	12.48	G	-		
1110	35	O	12.48	G	-		
1110	36	O	12.48	G	-		
1110	37	O	12.48	C	-		
1110	38	O	12.48	A	-		
1110	39	O	12.48	A	-		
1110	40	O	12.48	C	-		
1110	41	O	12.48	C	-		
1110	42	O	12.48	A	-		
1110	43	O	12.48	A	-		
1110	44	O	12.48	A	-		
1110	45	O	12.48	G	-		
1110	46	O	12.48	A	-		
1110	47	O	12.48	A	-		
1110	48	O	12.48	A	-		
1110	49	O	12.48	A	-		
1110	50	O	12.48	A	-		
1110	51	O	12.48	C	-		
1110	52	O	12.48	A	-		
1110	53	O	12.48	C	-		
1110	54	O	12.48	A	-		
1110	55	O	12.48	G	-		
1110	56	O	12.48	G	-		
1110	57	O	12.48	T	-		
1110	58	O	12.48	G	-		
1110	59	O	12.48	A	-		
1110	60	O	12.48	G	-		
1110	61	O	12.48	T	-		
1110	62	O	12.48	G	-		
1110	63	O	12.48	A	-		
1110	64	O	12.48	A	-		
1110	65	O	12.48	T	-		
1110	66	O	12.48	A	-		
1110	67	O	12.48	T	-		
1110	68	O	12.48	T	-		
1110	69	O	12.48	T	-		
1110	70	O	12.48	G	-		
1110	71	O	12.48	T	-		
1110	72	O	12.48	C	-		
1110	73	O	12.48	A	-		
1110	74	O	12.48	A	-		
1110	75	O	12.48	A	-		
1110	76	O	12.48	T	-		
1110	77	O	12.48	G	-		
1110	78	O	12.48	C	-		
1110	79	O	12.48	A	-		
1110	80	O	12.48	A	-		
1110	81	O	12.48	T	-		
1110	82	O	12.48	T	-		
1110	83	O	12.48	C	-		
1110	84	O	12.48	A	-		
1110	85	O	12.48	T	-		
1110	86	O	12.48	T	-		
1110	87	O	12.48	T	-		
1110	88	O	12.48	T	-		
1110	89	O	12.48	T	-		
1110	90	O	12.48	G	-		
1110	91	O	12.48	C	-		
1110	92	O	12.48	C	-		
1110	93	O	12.48	C	-		
1110	94	O	12.48	C	-		
1110	95	O	12.48	T	-		
1110	96	O	12.48	T	-		
1110	97	O	12.48	T	-		
1110	98	O	12.48	T	-		
1110	99	O	12.48	T	-		
1110	100	O	12.48	A	-		
1110	101	O	12.48	G	-		
1110	102	O	12.48	C	-		
1110	103	O	12.48	T	-		
1110	104	O	12.48	A	-		
1110	105	O	12.48	T	-		
1110	106	O	12.48	C	-		
1110	107	O	12.48	T	-		
1110	108	O	12.48	C	-		
1110	109	O	12.48	T	-		
1111	0	O	5.55	T	-		
1111	1	O	5.55	A	-		
1111	2	O	5.55	C	-		
1111	3	O	5.55	A	-		
1111	4	O	5.55	A	-		
1111	5	O	5.55	G	-		
1111	6	O	5.55	T	-		
1111	7	O	5.55	G	-		
1111	8	O	5.55	G	-		
1111	9	O	5.55	T	-		
1111	10	O	5.55	A	-		
1111	11	O	5.55	G	-		
1111	12	O	5.55	A	-		
1111	13	O	5.55	C	-		
1111	14	O	5.55	T	-		
1111	15	O	5.55	A	-		
1111	16	O	5.55	G	-		
1111	17	O	5.55	C	-		
1111	18	O	5.55	T	-		
1111	19	O	5.55	A	-		
1111	20	O	5.55	C	-		
1111	21	O	5.55	A	-		
1111	22	O	5.55	C	-		
1111	23	O	5.55	C	-		
1111	24	O	5.55	G	-		
1111	25	O	5.55	G	-		
1111	26	O	5.55	G	-		
1111	27	O	5.55	A	-		
1111	28	O	5.55	T	-		
1111	29	O	5.55	C	-		
1111	30	O	5.55	A	-		
1111	31	O	5.55	A	-		
1111	32	O	5.55	C	-		
1111	33	O	5.55	T	-		
1111	34	O	5.55	T	-		
1111	35	O	5.55	A	-		
1111	36	O	5.55	C	-		
1111	37	O	5.55	T	-		
1111	38	O	5.55	G	-		
1111	39	O	5.55	G	-		
1111	40	O	5.55	T	-		
1111	41	O	5.55	C	-		
1111	42	O	5.55	G	-		
1111	43	O	5.55	C	-		
1111	44	O	5.55	T	-		
1111	45	O	5.55	C	-		
1111	46	O	5.55	C	-		
1111	47	O	5.55	T	-		
1111	48	O	5.55	T	-		
1111	49	O	5.55	A	-		
1111	50	O	5.55	T	-		
1111	51	O	5.55	C	-		
1111	52	O	5.55	C	-		
1111	53	O	5.55	G	-		
1111	54	O	5.55	G	-		
1111	55	O	5.55	G	-		
1111	56	O	5.55	C	-		
1111	57	O	5.55	A	-		
1111	58	O	5.55	A	-		
1111	59	O	5.55	A	-		
1111	60	O	5.55	A	-		
1111	61	O	5.55	C	-		
1111	62	O	5.55	T	-		
1111	63	O	5.55	G	-		
1111	64	O	5.55	C	-		
1111	65	O	5.55	T	-		
1111	66	O	5.55	C	-		
1111	67	O	5.55	A	-		
1111	68	O	5.55	G	-		
1111	69	O	5.55	A	-		
1111	70	O	5.55	G	-		
1111	71	O	5.55	C	-		
1111	72	O	5.55	A	-		
1111	73	O	5.55	G	-		
1111	74	O	5.55	C	-		
1111	75	O	5.55	C	-		
1111	76	O	5.55	G	-		
1111	77	O	5.55	C	-		
1111	78	O	5.55	A	-		
1111	79	O	5.55	G	-		
1111	80	O	5.55	G	-		
1111	81	O	5.55	A	-		
1111	82	O	5.55	T	-		
1111	83	O	5.55	T	-		
1111	84	O	5.55	C	-		
1111	85	O	5.55	G	-		
1111	86	O	5.55	C	-		
1111	87	O	5.55	A	-		
1111	88	O	5.55	T	-		
1111	89	O	5.55	T	-		
1111	90	O	5.55	C	-		
1111	91	O	5.55	G	-		
1111	92	O	5.55	C	-		
1111	93	O	5.55	C	-		
1111	94	O	5.55	C	-		
1111	95	O	5.55	T	-		
1111	96	O	5.55	C	-		
1111	97	O	5.55	C	-		
1111	98	O	5.55	A	-		
1111	99	O	5.55	C	-		
1111	100	O	5.55	C	-		
1111	101	O	5.55	G	-		
1111	102	O	5.55	C	-		
1111	103	O	5.55	T	-		
1111	104	O	5.55	T	-		
1111	105	O	5.55	A	-		
1111	106	O	5.55	A	-		
1111	107	O	5.55	T	-		
1111	108	O	5.55	C	-		
1111	109	O	5.55	T	-		
1112	0	O	11.09	A	-		
1112	1	O	11.09	T	-		
1112	2	O	11.09	C	-		
1112	3	U	2.86	G	A		
1112	4	O	11.09	A	-		
1112	5	O	11.09	A	-		
1112	6	O	11.09	G	-		
1112	7	O	11.09	A	-		
1112	8	O	11.09	C	-		
1112	9	O	11.09	G	-		
1112	10	O	11.09	G	-		
1112	11	O	11.09	C	-		
1112	12	O	11.09	G	-		
1112	13	O	11.09	T	-		
1112	14	O	11.09	C	-		
1112	15	O	11.09	A	-		
1112	16	O	11.09	A	-		
1112	17	O	11.09	C	-		
1112	18	O	11.09	C	-		
1112	19	O	11.09	A	-		
1112	20	O	11.09	C	-		
1112	21	O	11.09	A	-		
1112	22	O	11.09	T	-		
1112	23	O	11.09	G	-		
1112	24	O	11.09	T	-		
1112	25	O	11.09	G	-		
1112	26	O	11.09	G	-		
1112	27	O	11.09	A	-		
1112	28	O	11.09	C	-		
1112	29	O	11.09	A	-		
1112	30	O	11.09	C	-		
1112	31	O	11.09	T	-		
1112	32	O	11.09	C	-		
1112	33	O	11.09	T	-		
1112	34	O	11.09	C	-		
1112	35	O	11.09	A	-		
1112	36	O	11.09	T	-		
1112	37	O	11.09	C	-		
1112	38	O	11.09	C	-		
1112	39	O	11.09	C	-		
1112	40	O	11.09	T	-		
1112	41	O	11.09	G	-		
1112	42	O	11.09	C	-		
1112	43	O	11.09	A	-		
1112	44	O	11.09	A	-		
1112	45	O	11.09	C	-		
1112	46	O	11.09	T	-		
1112	47	O	11.09	A	-		
1112	48	O	11.09	C	-		
1112	49	O	11.09	A	-		
1112	50	O	11.09	C	-		
1112	51	O	11.09	C	-		
1112	52	O	11.09	C	-		
1112	53	O	11.09	C	-		
1112	54	O	11.09	C	-		
1112	55	O	11.09	A	-		
1112	56	O	11.09	C	-		
1112	57	O	11.09	G	-		
1112	58	O	11.09	C	-		
1112	59	O	11.09	C	-		
1112	60	O	11.09	A	-		
1112	61	O	11.09	T	-		
1112	62	O	11.09	G	-		
1112	63	O	11.09	A	-		
1112	64	O	11.09	T	-		
1112	65	O	11.09	C	-		
1112	66	O	11.09	G	-		
1112	67	O	11.09	T	-		
1112	68	O	11.09	C	-		
1112	69	O	11.09	G	-		
1112	70	O	11.09	T	-		
1112	71	O	11.09	C	-		
1112	72	O	11.09	G	-		
1112	73	O	11.09	A	-		
1112	74	O	11.09	C	-		
1112	75	O	11.09	G	-		
1112	76	O	11.09	A	-		
1112	77	O	11.09	A	-		
1112	78	O	11.09	G	-		
1112	79	O	11.09	A	-		
1112	80	O	11.09	C	-		
1112	81	O	11.09	G	-		
1112	82	O	11.09	C	-		
1112	83	O	11.09	C	-		
1112	84	O	11.09	A	-		
1112	85	O	11.09	C	-		
1112	86	O	11.09	T	-		
1112	87	O	11.09	C	-		
1112	88	O	11.09	T	-		
1112	89	O	11.09	C	-		
1112	90	O	11.09	G	-		
1112	91	O	11.09	A	-		
1112	92	O	11.09	G	-		
1112	93	O	11.09	C	-		
1112	94	O	11.09	T	-		
1112	95	O	11.09	G	-		
1112	96	O	11.09	C	-		
1112	97	O	11.09	A	-		
1112	98	O	11.09	A	-		
1112	99	O	11.09	G	-		
1112	100	O	11.09	T	-		
1112	101	O	11.09	C	-		
1112	102	O	11.09	A	-		
1112	103	O	11.09	A	-		
1112	104	O	11.09	G	-		
1112	105	O	11.09	A	-		
1112	106	O	11.09	C	-		
1112	107	O	11.09	C	-		
1112	108	O	11.09	G	-		
1112	109	O	11.09	T	-		
1113	0	O	15.25	T	-		
1113	1	O	15.25	A	-		
1113	2	O	15.25	G	-		
1113	3	O	15.25	A	-		
1113	4	O	15.25	G	-		
1113	5	O	15.25	A	-		
1113	6	O	15.25	C	-		
1113	7	O	15.25	G	-		
1113	8	O	15.25	G	-		
1113	9	O	15.25	A	-		
1113	10	O	15.25	G	-		
1113	11	O	15.25	G	-		
1113	12	O	15.25	A	-		
1113	13	O	15.25	G	-		
1113	14	O	15.25	T	-		
1113	15	O	15.25	C	-		
1113	16	O	15.25	T	-		
1113	17	O	15.25	C	-		
1113	18	O	15.25	T	-		
1113	19	O	15.25	C	-		
1113	20	O	15.25	G	-		
1113	21	O	15.25	C	-		
1113	22	O	15.25	G	-		
1113	23	O	15.25	C	-		
1113	24	O	15.25	G	-		
1113	25	O	15.25	A	-		
1113	26	O	15.25	G	-		
1113	27	O	15.25	A	-		
1113	28	O	15.25	A	-		
1113	29	O	15.25	C	-		
1113	30	O	15.25	C	-		
1113	31	O	15.25	T	-		
1113	32	O	15.25	C	-		
1113	33	O	15.25	T	-		
1113	34	O	15.25	G	-		
1113	35	O	15.25	C	-		
1113	36	O	15.25	A	-		
1113	37	O	15.25	C	-		
1113	38	O	15.25	G	-		
1113	39	O	15.25	G	-		
1113	40	O	15.25	A	-		
1113	41	O	15.25	C	-		
1113	42	O	15.25	T	-		
1113	43	O	15.25	G	-		
1113	44	O	15.25	G	-		
1113	45	O	15.25	T	-		
1113	46	O	15.25	C	-		
1113	47	O	15.25	G	-		
1113	48	O	15.25	T	-		
1113	49	O	15.25	A	-		
1113	50	O	15.25	G	-		
1113	51	O	15.25	T	-		
1113	52	O	15.25	C	-		
1113	53	O	15.25	G	-		
1113	54	O	15.25	A	-		
1113	55	O	15.25	G	-		
1113	56	O	15.25	A	-		
1113	57	O	15.25	A	-		
1113	58	O	15.25	G	-		
1113	59	O	15.25	T	-		
1113	60	O	15.25	T	-		
1113	61	O	15.25	T	-		
1113	62	O	15.25	T	-		
1113	63	O	15.25	C	-		
1113	64	O	15.25	T	-		
1113	65	O	15.25	G	-		
1113	66	O	15.25	A	-		
1113	67	O	15.25	A	-		
1113	68	O	15.25	C	-		
1113	69	O	15.25	A	-		
1113	70	O	15.25	A	-		
1113	71	O	15.25	C	-		
1113	72	O	15.25	C	-		
1113	73	O	15.25	G	-		
1113	74	O	15.25	A	-		
1113	75	O	15.25	T	-		
1113	76	O	15.25	C	-		
1113	77	O	15.25	G	-		
1113	78	O	15.25	C	-		
1113	79	O	15.25	C	-		
1113	80	O	15.25	C	-		
1113	81	O	15.25	G	-		
1113	82	O	15.25	T	-		
1113	83	O	15.25	C	-		
1113	84	O	15.25	C	-		
1113	85	O	15.25	G	-		
1113	86	O	15.25	C	-		
1113	87	O	15.25	T	-		
1113	88	O	15.25	T	-		
1113	89	O	15.25	G	-		
1113	90	O	15.25	T	-		
1113	91	O	15.25	C	-		
1113	92	O	6.35	T	-		
1113	93	O	15.25	A	-		
1113	94	O	15.25	T	-		
1113	95	O	15.25	C	-		
1113	96	O	15.25	C	-		
1113	97	O	15.25	T	-		
1113	98	O	15.25	G	-		
1113	99	O	15.25	A	-		
1113	100	O	15.25	C	-		
1113	101	O	15.25	C	-		
1113	102	O	15.25	A	-		
1113	103	O	15.25	G	-		
1113	104	O	15.25	C	-		
1113	105	O	15.25	C	-		
1113	106	O	15.25	G	-		
1113	107	O	15.25	A	-		
1113	108	O	15.25	C	-		
1113	109	O	15.25	A	-		
1114	0	O	5.55	C	-		
1114	1	O	5.55	A	-		
1114	2	O	5.55	T	-		
1114	3	O	5.55	G	-		
1114	4	O	5.55	G	-		
1114	5	O	5.55	A	-		
1114	6	O	5.55	C	-		
1114	7	O	5.55	G	-		
1114	8	O	5.55	T	-		
1114	9	O	5.55	A	-		
1114	10	O	5.55	G	-		
1114	11	O	5.55	C	-		
1114	12	O	5.55	C	-		
1114	13	O	5.55	A	-		
1114	14	O	5.55	G	-		
1114	15	O	5.55	C	-		
1114	16	O	5.55	C	-		
1114	17	O	5.55	A	-		
1114	18	O	5.55	C	-		
1114	19	O	5.55	T	-		
1114	20	O	5.55	T	-		
1114	21	O	5.55	T	-		
1114	22	O	5.55	A	-		
1114	23	O	5.55	G	-		
1114	24	O	5.55	A	-		
1114	25	O	5.55	A	-		
1114	26	O	5.55	C	-		
1114	27	O	5.55	A	-		
1114	28	O	5.55	A	-		
1114	29	O	5.55	T	-		
1114	30	O	5.55	T	-		
1114	31	O	5.55	T	-		
1114	32	O	5.55	C	-		
1114	33	O	5.55	A	-		
1114	34	O	5.55	A	-		
1114	35	O	5.55	G	-		
1114	36	O	5.55	G	-		
1114	37	O	5.55	C	-		
1114	38	O	5.55	A	-		
1114	39	O	5.55	A	-		
1114	40	O	5.55	C	-		
1114	41	O	5.55	A	-		
1114	42	O	5.55	A	-		
1114	43	O	5.55	A	-		
1114	44	O	5.55	A	-		
1114	45	O	5.55	G	-		
1114	46	O	5.55	C	-		
1114	47	O	5.55	A	-		
1114	48	O	5.55	A	-		
1114	49	O	5.55	A	-		
1114	50	O	5.55	C	-		
1114	51	O	5.55	C	-		
1114	52	O	5.55	C	-		
1114	53	O	5.55	C	-		
1114	54	O	5.55	C	-		
1114	55	O	5.55	C	-		
1114	56	O	5.55	C	-		
1114	57	O	5.55	A	-		
1114	58	O	5.55	A	-		
1114	59	O	5.55	A	-		
1114	60	O	5.55	C	-		
1114	61	O	5.55	A	-		
1114	62	O	5.55	G	-		
1114	63	O	5.55	T	-		
1114	64	O	5.55	A	-		
1114	65	O	5.55	T	-		
1114	66	O	5.55	A	-		
1114	67	O	5.55	A	-		
1114	68	O	5.55	T	-		
1114	69	O	5.55	T	-		
1114	70	O	5.55	G	-		
1114	71	O	5.55	T	-		
1114	72	O	5.55	T	-		
1114	73	O	5.55	C	-		
1114	74	O	5.55	T	-		
1114	75	O	5.55	A	-		
1114	76	O	5.55	T	-		
1114	77	O	5.55	G	-		
1114	78	O	5.55	A	-		
1114	79	O	5.55	T	-		
1114	80	O	5.55	A	-		
1114	81	O	5.55	A	-		
1114	82	O	5.55	A	-		
1114	83	O	5.55	A	-		
1114	84	O	5.55	A	-		
1114	85	O	5.55	T	-		
1114	86	O	5.55	C	-		
1114	87	O	5.55	A	-		
1114	88	O	5.55	G	-		
1114	89	O	5.55	G	-		
1114	90	O	5.55	C	-		
1114	91	O	5.55	A	-		
1114	92	O	5.55	T	-		
1114	93	O	5.55	G	-		
1114	94	O	5.55	A	-		
1114	95	O	5.55	A	-		
1114	96	O	5.55	A	-		
1114	97	O	5.55	C	-		
1114	98	O	5.55	C	-		
1114	99	O	5.55	T	-		
1114	100	O	5.55	A	-		
1114	101	O	5.55	A	-		
1114	102	O	5.55	T	-		
1114	103	O	5.55	T	-		
1114	104	O	5.55	A	-		
1114	105	O	5.55	A	-		
1114	106	O	5.55	A	-		
1114	107	O	5.55	C	-		
1114	108	O	5.55	G	-		
1114	109	O	5.55	C	-		
1115	0	O	8.32	T	-		
1115	1	O	8.32	G	-		
1115	2	O	8.32	G	-		
1115	3	O	8.32	C	-		
1115	4	O	8.32	A	-		
1115	5	O	8.32	A	-		
1115	6	O	8.32	A	-		
1115	7	O	8.32	G	-		
1115	8	O	8.32	T	-		
1115	9	O	8.32	G	-		
1115	10	O	8.32	G	-		
1115	11	O	8.32	T	-		
1115	12	O	8.32	C	-		
1115	13	O	8.32	A	-		
1115	14	O	8.32	C	-		
1115	15	O	8.32	T	-		
1115	16	O	8.32	T	-		
1115	17	O	8.32	G	-		
1115	18	O	8.32	T	-		
1115	19	O	8.32	C	-		
1115	20	O	8.32	G	-		
1115	21	O	8.32	G	-		
1115	22	O	8.32	A	-		
1115	23	O	8.32	C	-		
1115	24	O	8.32	A	-		
1115	25	O	8.32	G	-		
1115	26	O	8.32	G	-		
1115	27	O	8.32	T	-		
1115	28	O	8.32	A	-		
1115	29	O	8.32	G	-		
1115	30	O	8.32	G	-		
1115	31	O	8.32	A	-		
1115	32	O	8.32	C	-		
1115	33	O	8.32	G	-		
1115	34	O	8.32	A	-		
1115	35	O	8.32	T	-		
1115	36	O	8.32	G	-		
1115	37	O	8.32	A	-		
1115	38	O	8.32	T	-		
1115	39	O	8.32	T	-		
1115	40	O	8.32	G	-		
1115	41	O	8.32	A	-		
1115	42	O	8.32	C	-		
1115	43	O	8.32	T	-		
1115	44	O	8.32	G	-		
1115	45	O	8.32	G	-		
1115	46	O	8.32	T	-		
1115	47	O	8.32	A	-		
1115	48	O	8.32	T	-		
1115	49	O	8.32	C	-		
1115	50	O	8.32	G	-		
1115	51	O	8.32	C	-		
1115	52	O	8.32	G	-		
1115	53	O	8.32	C	-		
1115	54	O	8.32	G	-		
1115	55	O	8.32	A	-		
1115	56	O	8.32	C	-		
1115	57	O	8.32	A	-		
1115	58	O	8.32	C	-		
1115	59	O	8.32	A	-		
1115	60	O	8.32	C	-		
1115	61	O	8.32	A	-		
1115	62	O	8.32	T	-		
1115	63	O	8.32	C	-		
1115	64	O	8.32	A	-		
1115	65	O	8.32	G	-		
1115	66	O	8.32	C	-		
1115	67	O	8.32	G	-		
1115	68	O	8.32	G	-		
1115	69	O	8.32	C	-		
1115	70	O	8.32	T	-		
1115	71	O	8.32	T	-		
1115	72	O	8.32	C	-		
1115	73	O	8.32	G	-		
1115	74	O	8.32	G	-		
1115	75	O	8.32	T	-		
1115	76	O	8.32	C	-		
1115	77	O	8.32	A	-		
1115	78	O	8.32	C	-		
1115	79	O	8.32	G	-		
1115	80	O	8.32	A	-		
1115	81	O	8.32	G	-		
1115	82	O	8.32	T	-		
1115	83	O	8.32	G	-		
1115	84	O	8.32	G	-		
1115	85	O	8.32	T	-		
1115	86	O	8.32	C	-		
1115	87	O	8.32	A	-		
1115	88	O	8.32	A	-		
1115	89	O	8.32	G	-		
1115	90	O	8.32	C	-		
1115	91	O	8.32	C	-		
1115	92	O	8.32	C	-		
1115	93	O	8.32	A	-		
1115	94	O	8.32	T	-		
1115	95	O	8.32	T	-		
1115	96	O	8.32	G	-		
1115	97	O	8.32	A	-		
1115	98	O	8.32	C	-		
1115	99	O	8.32	A	-		
1115	100	O	8.32	G	-		
1115	101	O	8.32	G	-		
1115	102	O	8.32	C	-		
1115	103	O	8.32	A	-		
1115	104	O	8.32	T	-		
1115	105	O	8.32	T	-		
1115	106	O	8.32	G	-		
1115	107	O	8.32	T	-		
1115	108	O	8.32	G	-		
1115	109	O	8.32	T	-		
1116	0	O	26.34	T	-		
1116	1	O	26.34	T	-		
1116	2	O	26.34	C	-		
1116	3	O	26.34	G	-		
1116	4	O	26.34	G	-		
1116	5	O	26.34	T	-		
1116	6	O	26.34	T	-		
1116	7	O	26.34	G	-		
1116	8	O	26.34	A	-		
1116	9	O	26.34	C	-		
1116	10	O	26.34	T	-		
1116	11	O	26.34	G	-		
1116	12	O	26.34	G	-		
1116	13	O	26.34	C	-		
1116	14	O	26.34	C	-		
1116	15	O	26.34	C	-		
1116	16	O	26.34	G	-		
1116	17	O	26.34	G	-		
1116	18	O	26.34	A	-		
1116	19	O	26.34	T	-		
1116	20	O	26.34	A	-		
1116	21	O	26.34	C	-		
1116	22	O	26.34	T	-		
1116	23	O	26.34	A	-		
1116	24	O	26.34	G	-		
1116	25	O	26.34	C	-		
1116	26	O	26.34	T	-		
1116	27	O	26.34	A	-		
1116	28	O	26.34	C	-		
1116	29	O	26.34	T	-		
1116	30	O	26.34	G	-		
1116	31	O	26.34	C	-		
1116	32	O	26.34	A	-		
1116	33	O	26.34	G	-		
1116	34	O	26.34	A	-		
1116	35	O	26.34	G	-		
1116	36	O	26.34	C	-		
1116	37	O	26.34	A	-		
1116	38	O	26.34	A	-		
1116	39	O	26.34	T	-		
1116	40	O	26.34	C	-		
1116	41	O	26.34	T	-		
1116	42	O	26.34	A	-		
1116	43	O	26.34	T	-		
1116	44	O	26.34	G	-		
1116	45	O	26.34	T	-		
1116	46	O	26.34	G	-		
1116	47	O	26.34	T	-		
1116	48	O	26.34	T	-		
1116	49	O	26.34	C	-		
1116	50	O	26.34	C	-		
1116	51	O	26.34	T	-		
1116	52	O	26.34	T	-		
1116	53	O	26.34	T	-		
1116	54	O	26.34	G	-		
1116	55	O	26.34	A	-		
1116	56	O	26.34	T	-		
1116	57	O	26.34	G	-		
1116	58	O	26.34	G	-		
1116	59	O	26.34	G	-		
1116	60	O	26.34	C	-		
1116	61	O	26.34	G	-		
1116	62	O	26.34	C	-		
1116	63	O	26.34	T	-		
1116	64	O	26.34	A	-		
1116	65	O	26.34	A	-		
1116	66	O	26.34	A	-		
1116	67	O	26.34	A	-		
1116	68	O	26.34	T	-		
1116	69	O	26.34	G	-		
1116	70	O	26.34	T	-		
1116	71	O	26.34	C	-		
1116	72	O	26.34	A	-		
1116	73	O	26.34	T	-		
1116	74	O	26.34	T	-		
1116	75	O	26.34	C	-		
1116	76	O	26.34	C	-		
1116	77	O	26.34	T	-		
1116	78	O	26.34	C	-		
1116	79	O	26.34	C	-		
1116	80	O	26.34	C	-		
1116	81	O	26.34	G	-		
1116	82	O	26.34	A	-		
1116	83	O	26.34	G	-		
1116	84	O	26.34	C	-		
1116	85	O	26.34	C	-		
1116	86	O	26.34	T	-		
1116	87	O	26.34	G	-		
1116	88	O	26.34	A	-		
1116	89	O	26.34	C	-		
1116	90	O	26.34	A	-		
1116	91	O	26.34	A	-		
1116	92	O	26.34	C	-		
1116	93	O	26.34	C	-		
1116	94	O	26.34	C	-		
1116	95	O	26.34	T	-		
1116	96	O	26.34	G	-		
1116	97	O	26.34	A	-		
1116	98	O	26.34	C	-		
1116	99	O	26.34	A	-		
1116	100	O	26.34	T	-		
1116	101	O	26.34	T	-		
1116	102	O	26.34	T	-		
1116	103	O	26.34	C	-		
1116	104	O	26.34	T	-		
1116	105	O	26.34	T	-		
1116	106	O	26.34	C	-		
1116	107	O	26.34	G	-		
1116	108	O	26.34	A	-		
1116	109	O	26.34	C	-		
1117	0	O	5.55	T	-		
1117	1	O	5.55	G	-		
1117	2	O	5.55	A	-		
1117	3	O	5.55	G	-		
1117	4	O	5.55	T	-		
1117	5	O	5.55	T	-		
1117	6	O	5.55	G	-		
1117	7	O	5.55	A	-		
1117	8	O	5.55	T	-		
1117	9	O	5.55	A	-		
1117	10	O	5.55	A	-		
1117	11	O	5.55	A	-		
1117	12	O	5.55	T	-		
1117	13	O	5.55	C	-		
1117	14	O	5.55	T	-		
1117	15	O	5.55	T	-		
1117	16	O	5.55	C	-		
1117	17	O	5.55	A	-		
1117	18	O	5.55	A	-		
1117	19	O	5.55	G	-		
1117	20	O	5.55	G	-		
1117	21	O	5.55	C	-		
1117	22	O	5.55	A	-		
1117	23	O	5.55	G	-		
1117	24	O	5.55	T	-		
1117	25	O	5.55	T	-		
1117	26	O	5.55	T	-		
1117	27	O	5.55	G	-		
1117	28	O	5.55	G	-		
1117	29	O	5.55	A	-		
1117	30	O	5.55	G	-		
1117	31	O	5.55	A	-		
1117	32	O	5.55	T	-		
1117	33	O	5.55	C	-		
1117	34	O	5.55	C	-		
1117	35	O	5.55	G	-		
1117	36	O	5.55	A	-		
1117	37	O	5.55	G	-		
1117	38	O	5.55	A	-		
1117	39	O	5.55	T	-		
1117	40	O	5.55	T	-		
1117	41	O	5.55	G	-		
1117	42	O	5.55	T	-		
1117	43	O	5.55	G	-		
1117	44	O	5.55	G	-		
1117	45	O	5.55	A	-		
1117	46	O	5.55	T	-		
1117	47	O	5.55	G	-		
1117	48	O	5.55	G	-		
1117	49	O	5.55	G	-		
1117	50	O	5.55	T	-		
1117	51	O	5.55	G	-		
1117	52	O	5.55	T	-		
1117	53	O	5.55	G	-		
1117	54	O	5.55	C	-		
1117	55	O	5.55	G	-		
1117	56	O	5.55	A	-		
1117	57	O	5.55	C	-		
1117	58	O	5.55	C	-		
1117	59	O	5.55	T	-		
1117	60	O	5.55	T	-		
1117	61	O	5.55	G	-		
1117	62	O	5.55	A	-		
1117	63	O	5.55	C	-		
1117	64	O	5.55	T	-		
1117	65	O	5.55	A	-		
1117	66	O	5.55	A	-		
1117	67	O	5.55	C	-		
1117	68	O	5.55	C	-		
1117	69	O	5.55	T	-		
1117	70	O	5.55	G	-		
1117	71	O	5.55	C	-		
1117	72	O	5.55	C	-		
1117	73	O	5.55	A	-		
1117	74	O	5.55	A	-		
1117	75	O	5.55	A	-		
1117	76	O	5.55	A	-		
1117	77	O	5.55	A	-		
1117	78	O	5.55	C	-		
1117	79	O	5.55	A	-		
1117	80	O	5.55	A	-		
1117	81	O	5.55	C	-		
1117	82	O	5.55	C	-		
1117	83	O	5.55	A	-		
1117	84	O	5.55	A	-		
1117	85	O	5.55	C	-		
1117	86	O	5.55	G	-		
1117	87	O	5.55	A	-		
1117	88	O	5.55	C	-		
1117	89	O	5.55	A	-		
1117	90	O	5.55	C	-		
1117	91	O	5.55	G	-		
1117	92	O	5.55	A	-		
1117	93	O	5.55	A	-		
1117	94	O	5.55	C	-		
1117	95	O	5.55	A	-		
1117	96	O	5.55	G	-		
1117	97	O	5.55	C	-		
1117	98	O	5.55	T	-		
1117	99	O	5.55	G	-		
1117	100	O	5.55	A	-		
1117	101	O	5.55	C	-		
1117	102	O	5.55	C	-		
1117	103	O	5.55	C	-		
1117	104	O	5.55	G	-		
1117	105	O	5.55	G	-		
1117	106	O	5.55	G	-		
1117	107	O	5.55	C	-		
1117	108	O	5.55	G	-		
1117	109	O	5.55	A	-		
1118	0	O	6.93	T	-		
1118	1	O	6.93	G	-		
1118	2	O	6.93	G	-		
1118	3	O	6.93	C	-		
1118	4	O	6.93	G	-		
1118	5	O	6.93	T	-		
1118	6	O	6.93	C	-		
1118	7	O	6.93	A	-		
1118	8	O	6.93	A	-		
1118	9	O	6.93	C	-		
1118	10	O	6.93	G	-		
1118	11	O	6.93	C	-		
1118	12	O	6.93	C	-		
1118	13	O	6.93	A	-		
1118	14	O	6.93	C	-		
1118	15	O	6.93	A	-		
1118	16	O	6.93	A	-		
1118	17	O	6.93	C	-		
1118	18	O	6.93	A	-		
1118	19	O	6.93	A	-		
1118	20	O	6.93	C	-		
1118	21	O	6.93	T	-		
1118	22	O	6.93	C	-		
1118	23	O	6.93	G	-		
1118	24	O	6.93	C	-		
1118	25	O	6.93	A	-		
1118	26	O	6.93	C	-		
1118	27	O	6.93	A	-		
1118	28	O	6.93	G	-		
1118	29	O	6.93	T	-		
1118	30	O	6.93	C	-		
1118	31	O	6.93	A	-		
1118	32	O	6.93	T	-		
1118	33	O	6.93	G	-		
1118	34	O	6.93	G	-		
1118	35	O	6.93	C	-		
1118	36	O	6.93	A	-		
1118	37	O	6.93	A	-		
1118	38	O	6.93	A	-		
1118	39	O	6.93	C	-		
1118	40	O	6.93	A	-		
1118	41	O	6.93	G	-		
1118	42	O	6.93	G	-		
1118	43	O	6.93	A	-		
1118	44	O	6.93	T	-		
1118	45	O	6.93	G	-		
1118	46	O	6.93	G	-		
1118	47	O	6.93	T	-		
1118	48	O	6.93	G	-		
1118	49	O	6.93	G	-		
1118	50	O	6.93	T	-		
1118	51	O	6.93	G	-		
1118	52	O	6.93	G	-		
1118	53	O	6.93	T	-		
1118	54	O	6.93	T	-		
1118	55	O	6.93	T	-		
1118	56	O	6.93	C	-		
1118	57	O	6.93	T	-		
1118	58	O	6.93	G	-		
1118	59	O	6.93	C	-		
1118	60	O	6.93	C	-		
1118	61	O	6.93	G	-		
1118	62	O	6.93	G	-		
1118	63	O	6.93	T	-		
1118	64	O	6.93	G	-		
1118	65	O	6.93	C	-		
1118	66	O	6.93	T	-		
1118	67	O	6.93	C	-		
1118	68	O	6.93	T	-		
1118	69	O	6.93	C	-		
1118	70	O	6.93	G	-		
1118	71	O	6.93	G	-		
1118	72	O	6.93	T	-		
1118	73	O	6.93	A	-		
1118	74	O	6.93	C	-		
1118	75	O	6.93	C	-		
1118	76	O	6.93	C	-		
1118	77	O	6.93	C	-		
1118	78	O	6.93	A	-		
1118	79	O	6.93	T	-		
1118	80	O	6.93	C	-		
1118	81	O	6.93	G	-		
1118	82	O	6.93	A	-		
1118	83	O	6.93	T	-		
1118	84	O	6.93	C	-		
1118	85	O	6.93	C	-		
1118	86	O	6.93	T	-		
1118	87	O	6.93	C	-		
1118	88	O	6.93	G	-		
1118	89	O	6.93	A	-		
1118	90	O	6.93	A	-		
1118	91	O	6.93	A	-		
1118	92	O	6.93	G	-		
1118	93	O	6.93	A	-		
1118	94	O	6.93	T	-		
1118	95	O	6.93	C	-		
1118	96	O	6.93	C	-		
1118	97	O	6.93	G	-		
1118	98	O	6.93	G	-		
1118	99	O	6.93	C	-		
1118	100	O	6.93	G	-		
1118	101	O	6.93	T	-		
1118	102	O	6.93	T	-		
1118	103	O	6.93	G	-		
1118	104	O	6.93	G	-		
1118	105	O	6.93	A	-		
1118	106	O	6.93	A	-		
1118	107	O	6.93	A	-		
1118	108	O	6.93	C	-		
1118	109	O	6.93	A	-		
1119	0	O	8.32	T	-		
1119	1	O	8.32	A	-		
1119	2	O	8.32	G	-		
1119	3	O	8.32	A	-		
1119	4	O	8.32	A	-		
1119	5	O	8.32	G	-		
1119	6	O	8.32	A	-		
1119	7	O	8.32	A	-		
1119	8	O	8.32	G	-		
1119	9	O	8.32	G	-		
1119	10	O	8.32	G	-		
1119	11	O	8.32	T	-		
1119	12	O	8.32	C	-		
1119	13	O	8.32	A	-		
1119	14	O	8.32	A	-		
1119	15	O	8.32	C	-		
1119	16	O	8.32	C	-		
1119	17	O	8.32	T	-		
1119	18	O	8.32	C	-		
1119	19	O	8.32	A	-		
1119	20	O	8.32	A	-		
1119	21	O	8.32	G	-		
1119	22	O	8.32	C	-		
1119	23	O	8.32	A	-		
1119	24	O	8.32	C	-		
1119	25	O	8.32	C	-		
1119	26	O	8.32	A	-		
1119	27	O	8.32	A	-		
1119	28	U	0.71	A	G		
1119	29	O	8.32	G	-		
1119	30	O	8.32	T	-		
1119	31	O	8.32	T	-		
1119	32	O	8.32	G	-		
1119	33	O	8.32	A	-		
1119	34	O	8.32	A	-		
1119	35	O	8.32	T	-		
1119	36	O	8.32	T	-		
1119	37	O	8.32	G	-		
1119	38	O	8.32	A	-		
1119	39	O	8.32	G	-		
1119	40	O	8.32	G	-		
1119	41	O	8.32	A	-		
1119	42	O	8.32	C	-		
1119	43	O	8.32	A	-		
1119	44	O	8.32	G	-		
1119	45	O	8.32	A	-		
1119	46	O	8.32	G	-		
1119	47	O	8.32	C	-		
1119	48	O	8.32	A	-		
1119	49	O	8.32	T	-		
1119	50	O	8.32	G	-		
1119	51	O	8.32	A	-		
1119	52	O	8.32	G	-		
1119	53	O	8.32	C	-		
1119	54	O	8.32	A	-		
1119	55	O	8.32	C	-		
1119	56	O	8.32	T	-		
1119	57	O	8.32	A	-		
1119	58	O	8.32	T	-		
1119	59	O	8.32	A	-		
1119	60	O	8.32	C	-		
1119	61	O	8.32	T	-		
1119	62	O	8.32	C	-		
1119	63	O	8.32	A	-		
1119	64	O	8.32	A	-		
1119	65	O	8.32	A	-		
1119	66	O	8.32	T	-		
1119	67	O	8.32	A	-		
1119	68	O	8.32	T	-		
1119	69	O	8.32	C	-		
1119	70	U	0.71	C	A		
1119	71	O	8.32	A	-		
1119	72	O	8.32	A	-		
1119	73	O	8.32	G	-		
1119	74	O	8.32	G	-		
1119	75	O	8.32	C	-		
1119	76	O	8.32	A	-		
1119	77	O	8.32	A	-		
1119	78	O	8.32	A	-		
1119	79	O	8.32	G	-		
1119	80	O	8.32	A	-		
1119	81	O	8.32	A	-		
1119	82	O	8.32	T	-		
1119	83	O	8.32	A	-		
1119	84	O	8.32	T	-		
1119	85	O	8.32	G	-		
1119	86	U	0.71	C	A		
1119	87	O	8.32	C	-		
1119	88	O	8.32	A	-		
1119	89	O	8.32	A	-		
1119	90	O	8.32	A	-		
1119	91	O	8.32	A	-		
1119	92	O	8.32	A	-		
1119	93	O	8.32	T	-		
1119	94	O	8.32	T	-		
1119	95	O	8.32	G	-		
1119	96	O	8.32	A	-		
1119	97	O	8.32	G	-		
1119	98	O	8.32	T	-		
1119	99	O	8.32	T	-		
1119	100	O	8.32	G	-		
1119	101	O	8.32	T	-		
1119	102	O	8.32	C	-		
1119	103	O	8.32	A	-		
1119	104	O	8.32	C	-		
1119	105	O	8.32	A	-		
1119	106	O	8.32	T	-		
1119	107	O	8.32	T	-		
1119	108	O	8.32	C	-		
1119	109	O	8.32	C	-		
1120	0	O	8.32	A	-		
1120	1	O	8.32	G	-		
1120	2	O	8.32	C	-		
1120	3	O	8.32	C	-		
1120	4	O	8.32	G	-		
1120	5	O	8.32	G	-		
1120	6	O	8.32	A	-		
1120	7	O	8.32	G	-		
1120	8	O	8.32	G	-		
1120	9	O	8.32	G	-		
1120	10	O	8.32	T	-		
1120	11	O	8.32	T	-		
1120	12	O	8.32	C	-		
1120	13	O	8.32	C	-		
1120	14	O	8.32	A	-		
1120	15	O	8.32	G	-		
1120	16	O	8.32	G	-		
1120	17	O	8.32	G	-		
1120	18	O	8.32	A	-		
1120	19	O	8.32	T	-		
1120	20	O	8.32	G	-		
1120	21	O	8.32	G	-		
1120	22	O	8.32	C	-		
1120	23	O	8.32	T	-		
1120	24	O	8.32	G	-		
1120	25	O	8.32	C	-		
1120	26	O	8.32	G	-		
1120	27	O	8.32	A	-		
1120	28	O	8.32	T	-		
1120	29	O	8.32	G	-		
1120	30	O	8.32	C	-		
1120	31	O	8.32	A	-		
1120	32	O	8.32	A	-		
1120	33	O	8.32	T	-		
1120	34	O	8.32	G	-		
1120	35	O	8.32	C	-		
1120	36	O	8.32	A	-		
1120	37	O	8.32	G	-		
1120	38	O	8.32	G	-		
1120	39	O	8.32	C	-		
1120	40	O	8.32	T	-		
1120	41	O	8.32	G	-		
1120	42	O	8.32	T	-		
1120	43	U	0.71	A	C		
1120	44	O	8.32	A	-		
1120	45	O	8.32	G	-		
1120	46	O	8.32	C	-		
1120	47	O	8.32	G	-		
1120	48	O	8.32	C	-		
1120	49	O	8.32	C	-		
1120	50	O	8.32	T	-		
1120	51	O	8.32	G	-		
1120	52	O	8.32	T	-		
1120	53	O	8.32	C	-		
1120	54	O	8.32	C	-		
1120	55	O	8.32	A	-		
1120	56	O	8.32	A	-		
1120	57	O	8.32	G	-		
1120	58	O	8.32	T	-		
1120	59	O	8.32	C	-		
1120	60	O	8.32	A	-		
1120	61	O	8.32	T	-		
1120	62	O	8.32	C	-		
1120	63	O	8.32	T	-		
1120	64	O	8.32	C	-		
1120	65	O	8.32	C	-		
1120	66	O	8.32	C	-		
1120	67	O	8.32	A	-		
1120	68	O	8.32	G	-		
1120	69	O	8.32	C	-		
1120	70	O	8.32	T	-		
1120	71	O	8.32	G	-		
1120	72	O	8.32	C	-		
1120	73	O	8.32	G	-		
1120	74	O	8.32	C	-		
1120	75	O	8.32	C	-		
1120	76	O	8.32	G	-		
1120	77	U	0.71	A	G		
1120	78	O	8.32	T	-		
1120	79	O	8.32	C	-		
1120	80	O	8.32	A	-		
1120	81	O	8.32	C	-		
1120	82	O	8.32	G	-		
1120	83	O	8.32	C	-		
1120	84	O	8.32	C	-		
1120	85	O	8.32	G	-		
1120	86	O	8.32	G	-		
1120	87	O	8.32	T	-		
1120	88	O	8.32	G	-		
1120	89	O	8.32	G	-		
1120	90	O	8.32	C	-		
1120	91	O	8.32	T	-		
1120	92	O	8.32	G	-		
1120	93	O	8.32	C	-		
1120	94	O	8.32	T	-		
1120	95	O	8.32	C	-		
1120	96	O	8.32	G	-		
1120	97	O	8.32	G	-		
1120	98	O	8.32	C	-		
1120	99	O	8.32	C	-		
1120	100	O	8.32	T	-		
1120	101	O	8.32	G	-		
1120	102	O	8.32	C	-		
1120	103	O	8.32	C	-		
1120	104	O	8.32	G	-		
1120	105	O	8.32	G	-		
1120	106	O	8.32	C	-		
1120	107	O	8.32	C	-		
1120	108	O	8.32	C	-		
1120	109	O	8.32	A	-		
1121	0	O	9.70	A	-		
1121	1	O	9.70	A	-		
1121	2	O	9.70	C	-		
1121	3	O	9.70	G	-		
1121	4	O	9.70	G	-		
1121	5	O	9.70	C	-		
1121	6	O	9.70	A	-		
1121	7	O	9.70	G	-		
1121	8	O	9.70	G	-		
1121	9	O	9.70	G	-		
1121	10	O	9.70	T	-		
1121	11	O	9.70	C	-		
1121	12	O	9.70	A	-		
1121	13	O	9.70	G	-		
1121	14	O	9.70	C	-		
1121	15	O	9.70	T	-		
1121	16	O	9.70	C	-		
1121	17	O	9.70	G	-		
1121	18	O	9.70	T	-		
1121	19	O	9.70	C	-		
1121	20	O	9.70	C	-		
1121	21	O	9.70	A	-		
1121	22	O	9.70	G	-		
1121	23	O	9.70	C	-		
1121	24	O	9.70	T	-		
1121	25	O	9.70	G	-		
1121	26	O	9.70	G	-		
1121	27	O	9.70	T	-		
1121	28	O	9.70	C	-		
1121	29	O	9.70	T	-		
1121	30	O	9.70	T	-		
1121	31	O	9.70	C	-		
1121	32	O	9.70	G	-		
1121	33	O	9.70	T	-		
1121	34	O	9.70	G	-		
1121	35	O	9.70	C	-		
1121	36	O	9.70	G	-		
1121	37	O	9.70	T	-		
1121	38	O	9.70	G	-		
1121	39	O	9.70	G	-		
1121	40	O	9.70	C	-		
1121	41	O	9.70	C	-		
1121	42	O	9.70	C	-		
1121	43	O	9.70	A	-		
1121	44	O	9.70	C	-		
1121	45	O	9.70	A	-		
1121	46	O	9.70	A	-		
1121	47	O	9.70	C	-		
1121	48	O	9.70	G	-		
1121	49	O	9.70	C	-		
1121	50	O	9.70	C	-		
1121	51	O	9.70	T	-		
1121	52	O	9.70	G	-		
1121	53	O	9.70	G	-		
1121	54	O	9.70	A	-		
1121	55	O	9.70	T	-		
1121	56	O	9.70	G	-		
1121	57	O	9.70	T	-		
1121	58	O	9.70	T	-		
1121	59	O	9.70	C	-		
1121	60	O	9.70	G	-		
1121	61	O	9.70	C	-		
1121	62	O	9.70	G	-		
1121	63	O	9.70	A	-		
1121	64	O	9.70	T	-		
1121	65	O	9.70	C	-		
1121	66	O	9.70	G	-		
1121	67	O	9.70	C	-		
1121	68	O	9.70	G	-		
1121	69	O	9.70	G	-		
1121	70	O	9.70	C	-		
1121	71	O	9.70	G	-		
1121	72	O	9.70	A	-		
1121	73	O	9.70	G	-		
1121	74	O	9.70	C	-		
1121	75	O	9.70	G	-		
1121	76	O	9.70	G	-		
1121	77	O	9.70	G	-		
1121	78	O	9.70	G	-		
1121	79	O	9.70	C	-		
1121	80	O	9.70	G	-		
1121	81	O	9.70	A	-		
1121	82	O	9.70	A	-		
1121	83	O	9.70	C	-		
1121	84	O	9.70	C	-		
1121	85	O	9.70	G	-		
1121	86	O	9.70	G	-		
1121	87	O	9.70	G	-		
1121	88	O	9.70	A	-		
1121	89	O	9.70	G	-		
1121	90	O	9.70	A	-		
1121	91	O	9.70	C	-		
1121	92	O	9.70	G	-		
1121	93	O	9.70	T	-		
1121	94	O	9.70	C	-		
1121	95	O	9.70	G	-		
1121	96	O	9.70	T	-		
1121	97	O	9.70	C	-		
1121	98	O	9.70	G	-		
1121	99	O	9.70	G	-		
1121	100	O	9.70	C	-		
1121	101	O	9.70	G	-		
1121	102	O	9.70	G	-		
1121	103	O	9.70	C	-		
1121	104	O	9.70	G	-		
1121	105	O	9.70	A	-		
1121	106	O	9.70	T	-		
1121	107	O	9.70	G	-		
1121	108	O	9.70	A	-		
1121	109	O	9.70	T	-		
1122	0	O	9.70	A	-		
1122	1	O	9.70	A	-		
1122	2	O	9.70	G	-		
1122	3	O	9.70	A	-		
1122	4	O	9.70	A	-		
1122	5	O	9.70	A	-		
1122	6	O	9.70	C	-		
1122	7	O	9.70	C	-		
1122	8	O	9.70	C	-		
1122	9	O	9.70	A	-		
1122	10	O	9.70	T	-		
1122	11	O	9.70	A	-		
1122	12	O	9.70	C	-		
1122	13	O	9.70	A	-		
1122	14	O	9.70	A	-		
1122	15	O	9.70	T	-		
1122	16	O	9.70	G	-		
1122	17	O	9.70	A	-		
1122	18	O	9.70	A	-		
1122	19	O	9.70	C	-		
1122	20	O	9.70	A	-		
1122	21	O	9.70	A	-		
1122	22	O	9.70	C	-		
1122	23	O	9.70	T	-		
1122	24	O	9.70	G	-		
1122	25	O	9.70	A	-		
1122	26	O	9.70	C	-		
1122	27	O	9.70	C	-		
1122	28	O	9.70	T	-		
1122	29	O	9.70	C	-		
1122	30	O	9.70	T	-		
1122	31	O	9.70	G	-		
1122	32	O	9.70	T	-		
1122	33	O	9.70	T	-		
1122	34	O	9.70	C	-		
1122	35	O	9.70	G	-		
1122	36	O	9.70	A	-		
1122	37	O	9.70	C	-		
1122	38	O	9.70	T	-		
1122	39	O	9.70	C	-		
1122	40	O	9.70	A	-		
1122	41	O	9.70	T	-		
1122	42	O	9.70	G	-		
1122	43	O	9.70	G	-		
1122	44	O	9.70	G	-		
1122	45	O	9.70	T	-		
1122	46	O	9.70	C	-		
1122	47	O	9.70	T	-		
1122	48	O	9.70	C	-		
1122	49	O	9.70	T	-		
1122	50	O	9.70	T	-		
1122	51	O	9.70	G	-		
1122	52	O	9.70	G	-		
1122	53	O	9.70	A	-		
1122	54	O	9.70	G	-		
1122	55	O	9.70	C	-		
1122	56	O	9.70	G	-		
1122	57	O	9.70	A	-		
1122	58	O	9.70	A	-		
1122	59	O	9.70	G	-		
1122	60	O	9.70	T	-		
1122	61	O	9.70	T	-		
1122	62	O	9.70	G	-		
1122	63	O	9.70	G	-		
1122	64	O	9.70	T	-		
1122	65	O	9.70	T	-		
1122	66	O	9.70	A	-		
1122	67	O	9.70	A	-		
1122	68	O	9.70	T	-		
1122	69	O	9.70	G	-		
1122	70	O	9.70	G	-		
1122	71	O	9.70	C	-		
1122	72	O	9.70	A	-		
1122	73	O	9.70	T	-		
1122	74	O	9.70	C	-		
1122	75	O	9.70	T	-		
1122	76	O	9.70	T	-		
1122	77	O	9.70	C	-		
1122	78	O	9.70	T	-		
1122	79	O	9.70	G	-		
1122	80	O	9.70	T	-		
1122	81	O	9.70	G	-		
1122	82	O	9.70	C	-		
1122	83	O	9.70	T	-		
1122	84	O	9.70	G	-		
1122	85	O	9.70	C	-		
1122	86	O	9.70	T	-		
1122	87	O	9.70	T	-		
1122	88	O	9.70	G	-		
1122	89	O	9.70	C	-		
1122	90	O	9.70	T	-		
1122	91	O	9.70	G	-		
1122	92	O	9.70	G	-		
1122	93	O	9.70	T	-		
1122	94	O	9.70	G	-		
1122	95	O	9.70	G	-		
1122	96	O	9.70	A	-		
1122	97	O	9.70	T	-		
1122	98	O	9.70	C	-		
1122	99	O	9.70	T	-		
1122	100	O	9.70	G	-		
1122	101	O	9.70	C	-		
1122	102	O	9.70	A	-		
1122	103	O	9.70	A	-		
1122	104	O	9.70	T	-		
1122	105	O	9.70	A	-		
1122	106	O	9.70	A	-		
1122	107	O	9.70	A	-		
1122	108	O	9.70	T	-		
1122	109	O	9.70	G	-		
1123	0	O	5.55	C	-		
1123	1	O	5.55	G	-		
1123	2	O	5.55	A	-		
1123	3	O	5.55	T	-		
1123	4	O	5.55	C	-		
1123	5	O	5.55	A	-		
1123	6	O	5.55	C	-		
1123	7	O	5.55	G	-		
1123	8	O	5.55	A	-		
1123	9	O	5.55	A	-		
1123	10	O	5.55	G	-		
1123	11	O	5.55	C	-		
1123	12	O	5.55	C	-		
1123	13	O	5.55	G	-		
1123	14	O	5.55	G	-		
1123	15	O	5.55	C	-		
1123	16	O	5.55	G	-		
1123	17	O	5.55	G	-		
1123	18	O	5.55	A	-		
1123	19	O	5.55	T	-		
1123	20	O	5.55	G	-		
1123	21	O	5.55	C	-		
1123	22	O	5.55	G	-		
1123	23	O	5.55	T	-		
1123	24	O	5.55	C	-		
1123	25	O	5.55	G	-		
1123	26	O	5.55	A	-		
1123	27	O	5.55	A	-		
1123	28	O	5.55	C	-		
1123	29	O	5.55	A	-		
1123	30	O	5.55	G	-		
1123	31	O	5.55	C	-		
1123	32	O	5.55	G	-		
1123	33	O	5.55	A	-		
1123	34	O	5.55	A	-		
1123	35	O	5.55	C	-		
1123	36	O	5.55	A	-		
1123	37	O	5.55	G	-		
1123	38	O	5.55	A	-		
1123	39	O	5.55	T	-		
1123	40	O	5.55	A	-		
1123	41	O	5.55	T	-		
1123	42	O	5.55	T	-		
1123	43	O	5.55	C	-		
1123	44	O	5.55	A	-		
1123	45	O	5.55	G	-		
1123	46	O	5.55	G	-		
1123	47	O	5.55	G	-		
1123	48	O	5.55	A	-		
1123	49	O	5.55	T	-		
1123	50	O	5.55	C	-		
1123	51	O	5.55	T	-		
1123	52	O	5.55	T	-		
1123	53	O	5.55	C	-		
1123	54	O	5.55	T	-		
1123	55	O	5.55	G	-		
1123	56	O	5.55	C	-		
1123	57	O	5.55	C	-		
1123	58	O	5.55	G	-		
1123	59	O	5.55	C	-		
1123	60	O	5.55	A	-		
1123	61	O	5.55	G	-		
1123	62	O	5.55	A	-		
1123	63	O	5.55	T	-		
1123	64	O	5.55	G	-		
1123	65	O	5.55	C	-		
1123	66	O	5.55	T	-		
1123	67	O	5.55	C	-		
1123	68	O	5.55	G	-		
1123	69	O	5.55	C	-		
1123	70	O	5.55	C	-		
1123	71	O	5.55	A	-		
1123	72	O	5.55	A	-		
1123	73	O	5.55	C	-		
1123	74	O	5.55	G	-		
1123	75	O	5.55	C	-		
1123	76	O	5.55	A	-		
1123	77	O	5.55	T	-		
1123	78	O	5.55	T	-		
1123	79	O	5.55	C	-		
1123	80	O	5.55	A	-		
1123	81	O	5.55	C	-		
1123	82	O	5.55	C	-		
1123	83	O	5.55	T	-		
1123	84	O	5.55	C	-		
1123	85	O	5.55	C	-		
1123	86	O	5.55	A	-		
1123	87	O	5.55	T	-		
1123	88	O	5.55	C	-		
1123	89	O	5.55	C	-		
1123	90	O	5.55	A	-		
1123	91	O	5.55	G	-		
1123	92	O	5.55	A	-		
1123	93	O	5.55	T	-		
1123	94	O	5.55	C	-		
1123	95	O	5.55	T	-		
1123	96	O	5.55	T	-		
1123	97	O	5.55	C	-		
1123	98	O	5.55	T	-		
1123	99	O	5.55	T	-		
1123	100	O	5.55	C	-		
1123	101	O	5.55	T	-		
1123	102	O	5.55	T	-		
1123	103	O	5.55	T	-		
1123	104	O	5.55	A	-		
1123	105	O	5.55	T	-		
1123	106	O	5.55	G	-		
1123	107	O	5.55	G	-		
1123	108	O	5.55	C	-		
1123	109	O	5.55	T	-		
1124	0	O	5.55	G	-		
1124	1	O	5.55	C	-		
1124	2	O	5.55	G	-		
1124	3	O	5.55	T	-		
1124	4	O	5.55	C	-		
1124	5	O	5.55	G	-		
1124	6	O	5.55	A	-		
1124	7	O	5.55	G	-		
1124	8	O	5.55	A	-		
1124	9	O	5.55	G	-		
1124	10	O	5.55	T	-		
1124	11	O	5.55	T	-		
1124	12	O	5.55	T	-		
1124	13	O	5.55	G	-		
1124	14	O	5.55	T	-		
1124	15	O	5.55	A	-		
1124	16	O	5.55	T	-		
1124	17	O	5.55	A	-		
1124	18	O	5.55	C	-		
1124	19	O	5.55	A	-		
1124	20	O	5.55	T	-		
1124	21	O	5.55	C	-		
1124	22	O	5.55	C	-		
1124	23	O	5.55	C	-		
1124	24	O	5.55	C	-		
1124	25	O	5.55	C	-		
1124	26	O	5.55	A	-		
1124	27	O	5.55	T	-		
1124	28	O	5.55	A	-		
1124	29	O	5.55	G	-		
1124	30	O	5.55	T	-		
1124	31	O	5.55	T	-		
1124	32	O	5.55	T	-		
1124	33	O	5.55	T	-		
1124	34	O	5.55	C	-		
1124	35	O	5.55	C	-		
1124	36	O	5.55	A	-		
1124	37	O	5.55	A	-		
1124	38	O	5.55	C	-		
1124	39	O	5.55	C	-		
1124	40	O	5.55	G	-		
1124	41	O	5.55	G	-		
1124	42	O	5.55	A	-		
1124	43	O	5.55	A	-		
1124	44	O	5.55	C	-		
1124	45	O	5.55	A	-		
1124	46	O	5.55	T	-		
1124	47	O	5.55	G	-		
1124	48	O	5.55	A	-		
1124	49	O	5.55	T	-		
1124	50	O	5.55	C	-		
1124	51	O	5.55	T	-		
1124	52	O	5.55	G	-		
1124	53	O	5.55	C	-		
1124	54	O	5.55	G	-		
1124	55	O	5.55	A	-		
1124	56	O	5.55	T	-		
1124	57	O	5.55	T	-		
1124	58	O	5.55	T	-		
1124	59	O	5.55	G	-		
1124	60	O	5.55	A	-		
1124	61	O	5.55	G	-		
1124	62	O	5.55	G	-		
1124	63	O	5.55	A	-		
1124	64	O	5.55	T	-		
1124	65	O	5.55	C	-		
1124	66	O	5.55	T	-		
1124	67	O	5.55	G	-		
1124	68	O	5.55	A	-		
1124	69	O	5.55	G	-		
1124	70	O	5.55	C	-		
1124	71	O	5.55	A	-		
1124	72	O	5.55	G	-		
1124	73	O	5.55	C	-		
1124	74	O	5.55	C	-		
1124	75	O	5.55	C	-		
1124	76	O	5.55	A	-		
1124	77	O	5.55	G	-		
1124	78	O	5.55	C	-		
1124	79	O	5.55	A	-		
1124	80	O	5.55	G	-		
1124	81	O	5.55	T	-		
1124	82	O	5.55	T	-		
1124	83	O	5.55	C	-		
1124	84	O	5.55	T	-		
1124	85	O	5.55	T	-		
1124	86	O	5.55	G	-		
1124	87	O	5.55	T	-		
1124	88	O	5.55	C	-		
1124	89	O	5.55	G	-		
1124	90	O	5.55	A	-		
1124	91	O	5.55	G	-		
1124	92	O	5.55	C	-		
1124	93	O	5.55	T	-		
1124	94	O	5.55	T	-		
1124	95	O	5.55	G	-		
1124	96	O	5.55	A	-		
1124	97	O	5.55	A	-		
1124	98	O	5.55	C	-		
1124	99	O	5.55	G	-		
1124	100	O	5.55	C	-		
1124	101	O	5.55	C	-		
1124	102	O	5.55	T	-		
1124	103	O	5.55	C	-		
1124	104	O	5.55	T	-		
1124	105	O	5.55	T	-		
1124	106	O	5.55	C	-		
1124	107	O	5.55	A	-		
1124	108	O	5.55	C	-		
1124	109	O	5.55	A	-		
1125	0	O	8.32	C	-		
1125	1	O	8.32	A	-		
1125	2	U	0.71	T	G		
1125	3	O	8.32	T	-		
1125	4	O	8.32	A	-		
1125	5	O	8.32	A	-		
1125	6	O	8.32	G	-		
1125	7	O	8.32	T	-		
1125	8	O	8.32	A	-		
1125	9	O	8.32	T	-		
1125	10	O	8.32	A	-		
1125	11	O	8.32	C	-		
1125	12	O	8.32	A	-		
1125	13	O	8.32	G	-		
1125	14	O	8.32	T	-		
1125	15	O	8.32	C	-		
1125	16	O	8.32	C	-		
1125	17	O	8.32	C	-		
1125	18	O	8.32	T	-		
1125	19	O	8.32	A	-		
1125	20	O	8.32	G	-		
1125	21	U	0.71	T	G		
1125	22	O	8.32	G	-		
1125	23	O	8.32	A	-		
1125	24	O	8.32	G	-		
1125	25	O	8.32	C	-		
1125	26	O	8.32	C	-		
1125	27	O	8.32	T	-		
1125	28	O	8.32	T	-		
1125	29	O	8.32	A	-		
1125	30	O	8.32	C	-		
1125	31	O	8.32	A	-		
1125	32	O	8.32	A	-		
1125	33	O	8.32	A	-		
1125	34	O	8.32	C	-		
1125	35	O	8.32	C	-		
1125	36	O	8.32	T	-		
1125	37	O	8.32	T	-		
1125	38	O	8.32	C	-		
1125	39	O	8.32	G	-		
1125	40	O	8.32	G	-		
1125	41	O	8.32	A	-		
1125	42	O	8.32	C	-		
1125	43	O	8.32	A	-		
1125	44	O	8.32	A	-		
1125	45	O	8.32	C	-		
1125	46	O	8.32	A	-		
1125	47	O	8.32	T	-		
1125	48	O	8.32	C	-		
1125	49	O	8.32	C	-		
1125	50	O	8.32	G	-		
1125	51	O	8.32	G	-		
1125	52	O	8.32	G	-		
1125	53	O	8.32	C	-		
1125	54	O	8.32	C	-		
1125	55	O	8.32	A	-		
1125	56	O	8.32	T	-		
1125	57	O	8.32	C	-		
1125	58	O	8.32	C	-		
1125	59	O	8.32	A	-		
1125	60	O	8.32	A	-		
1125	61	O	8.32	A	-		
1125	62	O	8.32	C	-		
1125	63	O	8.32	T	-		
1125	64	O	8.32	A	-		
1125	65	O	8.32	A	-		
1125	66	O	8.32	T	-		
1125	67	O	8.32	C	-		
1125	68	O	8.32	T	-		
1125	69	O	8.32	C	-		
1125	70	O	8.32	A	-		
1125	71	O	8.32	C	-		
1125	72	O	8.32	A	-		
1125	73	O	8.32	C	-		
1125	74	O	8.32	A	-		
1125	75	O	8.32	G	-		
1125	76	O	8.32	A	-		
1125	77	O	8.32	G	-		
1125	78	O	8.32	C	-		
1125	79	O	8.32	G	-		
1125	80	U	0.71	T	A		
1125	81	O	8.32	G	-		
1125	82	O	8.32	G	-		
1125	83	O	8.32	A	-		
1125	84	O	8.32	A	-		
1125	85	O	8.32	G	-		
1125	86	O	8.32	C	-		
1125	87	O	8.32	T	-		
1125	88	O	8.32	T	-		
1125	89	O	8.32	C	-		
1125	90	O	8.32	T	-		
1125	91	O	8.32	G	-		
1125	92	O	8.32	T	-		
1125	93	O	8.32	G	-		
1125	94	O	8.32	G	-		
1125	95	O	8.32	C	-		
1125	96	O	8.32	C	-		
1125	97	O	8.32	A	-		
1125	98	O	8.32	A	-		
1125	99	O	8.32	A	-		
1125	100	O	8.32	C	-		
1125	101	O	8.32	G	-		
1125	102	O	8.32	G	-		
1125	103	O	8.32	G	-		
1125	104	O	8.32	C	-		
1125	105	O	8.32	A	-		
1125	106	O	8.32	A	-		
1125	107	O	8.32	C	-		
1125	108	O	8.32	A	-		
1125	109	O	8.32	G	-		
1126	0	O	12.48	T	-		
1126	1	O	12.48	G	-		
1126	2	O	12.48	T	-		
1126	3	O	12.48	G	-		
1126	4	O	12.48	C	-		
1126	5	O	12.48	G	-		
1126	6	O	12.48	G	-		
1126	7	O	12.48	A	-		
1126	8	O	12.48	T	-		
1126	9	O	12.48	G	-		
1126	10	O	12.48	T	-		
1126	11	O	12.48	C	-		
1126	12	O	12.48	T	-		
1126	13	O	12.48	C	-		
1126	14	O	12.48	T	-		
1126	15	O	12.48	G	-		
1126	16	O	12.48	G	-		
1126	17	O	12.48	G	-		
1126	18	O	12.48	A	-		
1126	19	O	12.48	G	-		
1126	20	O	12.48	A	-		
1126	21	O	12.48	G	-		
1126	22	O	12.48	A	-		
1126	23	O	12.48	T	-		
1126	24	O	12.48	C	-		
1126	25	O	12.48	T	-		
1126	26	O	12.48	G	-		
1126	27	O	12.48	T	-		
1126	28	O	12.48	C	-		
1126	29	O	12.48	T	-		
1126	30	O	12.48	G	-		
1126	31	O	12.48	G	-		
1126	32	O	12.48	G	-		
1126	33	O	12.48	G	-		
1126	34	O	12.48	A	-		
1126	35	O	12.48	G	-		
1126	36	O	12.48	C	-		
1126	37	O	12.48	G	-		
1126	38	O	12.48	A	-		
1126	39	O	12.48	C	-		
1126	40	O	12.48	A	-		
1126	41	O	12.48	A	-		
1126	42	O	12.48	T	-		
1126	43	U	0.00	-	-		
1126	44	O	12.48	G	-		
1126	45	O	12.48	G	-		
1126	46	O	12.48	C	-		
1126	47	O	12.48	T	-		
1126	48	O	12.48	C	-		
1126	49	O	12.48	G	-		
1126	50	O	12.48	A	-		
1126	51	O	4.00	A	-		
1126	52	O	12.48	C	-		
1126	53	O	12.48	C	-		
1126	54	O	12.48	C	-		
1126	55	O	12.48	A	-		
1126	56	O	12.48	A	-		
1126	57	O	12.48	C	-		
1126	58	O	12.48	A	-		
1126	59	O	12.48	A	-		
1126	60	O	12.48	C	-		
1126	61	O	12.48	A	-		
1126	62	O	12.48	G	-		
1126	63	O	12.48	A	-		
1126	64	O	12.48	A	-		
1126	65	O	12.48	A	-		
1126	66	O	12.48	C	-		
1126	67	O	12.48	A	-		
1126	68	O	12.48	G	-		
1126	69	O	12.48	A	-		
1126	70	O	12.48	A	-		
1126	71	O	12.48	A	-		
1126	72	O	12.48	C	-		
1126	73	O	12.48	G	-		
1126	74	O	12.48	G	-		
1126	75	O	12.48	C	-		
1126	76	O	12.48	G	-		
1126	77	O	12.48	A	-		
1126	78	O	12.48	C	-		
1126	79	O	12.48	A	-		
1126	80	O	12.48	G	-		
1126	81	O	12.48	G	-		
1126	82	O	12.48	A	-		
1126	83	O	12.48	A	-		
1126	84	O	12.48	A	-		
1126	85	O	4.00	C	-		
1126	86	O	12.48	A	-		
1126	87	O	12.48	A	-		
1126	88	O	12.48	C	-		
1126	89	O	12.48	A	-		
1126	90	O	12.48	G	-		
1126	91	O	12.48	G	-		
1126	92	O	12.48	T	-		
1126	93	O	12.48	T	-		
1126	94	O	12.48	G	-		
1126	95	O	12.48	G	-		
1126	96	O	12.48	G	-		
1126	97	O	12.48	A	-		
1126	98	O	12.48	A	-		
1126	99	O	12.48	G	-		
1126	100	O	12.48	G	-		
1126	101	O	12.48	G	-		
1126	102	O	12.48	A	-		
1126	103	O	12.48	G	-		
1126	104	O	12.48	A	-		
1126	105	O	12.48	C	-		
1126	106	O	12.48	C	-		
1126	107	O	12.48	T	-		
1126	108	O	12.48	G	-		
1126	109	O	12.48	T	-		
1126	110	U	0.00	-	-		
1127	0	O	16.64	A	-		
1127	1	O	16.64	G	-		
1127	2	O	16.64	T	-		
1127	3	O	16.64	C	-		
1127	4	O	16.64	G	-		
1127	5	O	16.64	C	-		
1127	6	O	16.64	A	-		
1127	7	O	16.64	G	-		
1127	8	O	16.64	C	-		
1127	9	O	16.64	A	-		
1127	10	O	16.64	C	-		
1127	11	O	16.64	G	-		
1127	12	O	16.64	C	-		
1127	13	O	16.64	T	-		
1127	14	O	16.64	C	-		
1127	15	O	16.64	C	-		
1127	16	O	16.64	C	-		
1127	17	O	16.64	A	-		
1127	18	O	16.64	A	-		
1127	19	O	16.64	G	-		
1127	20	O	16.64	C	-		
1127	21	O	16.64	C	-		
1127	22	O	16.64	C	-		
1127	23	O	16.64	G	-		
1127	24	O	16.64	G	-		
1127	25	O	16.64	C	-		
1127	26	O	16.64	C	-		
1127	27	O	16.64	A	-		
1127	28	O	16.64	A	-		
1127	29	O	16.64	C	-		
1127	30	O	16.64	A	-		
1127	31	O	16.64	G	-		
1127	32	O	16.64	C	-		
1127	33	O	16.64	A	-		
1127	34	O	16.64	G	-		
1127	35	O	16.64	A	-		
1127	36	O	16.64	A	-		
1127	37	O	16.64	C	-		
1127	38	O	16.64	G	-		
1127	39	O	16.64	G	-		
1127	40	O	16.64	T	-		
1127	41	O	16.64	G	-		
1127	42	O	16.64	G	-		
1127	43	O	16.64	C	-		
1127	44	O	16.64	T	-		
1127	45	O	16.64	A	-		
1127	46	O	16.64	C	-		
1127	47	O	16.64	G	-		
1127	48	O	16.64	G	-		
1127	49	O	16.64	T	-		
1127	50	O	16.64	C	-		
1127	51	O	16.64	A	-		
1127	52	O	16.64	A	-		
1127	53	O	16.64	G	-		
1127	54	O	16.64	G	-		
1127	55	O	16.64	C	-		
1127	56	O	16.64	C	-		
1127	57	O	16.64	G	-		
1127	58	O	16.64	C	-		
1127	59	O	7.55	T	-		
1127	60	O	16.64	C	-		
1127	61	O	16.64	T	-		
1127	62	O	16.64	G	-		
1127	63	O	16.64	C	-		
1127	64	O	16.64	C	-		
1127	65	O	16.64	T	-		
1127	66	O	16.64	A	-		
1127	67	O	16.64	C	-		
1127	68	O	16.64	A	-		
1127	69	O	16.64	T	-		
1127	70	O	16.64	T	-		
1127	71	O	16.64	C	-		
1127	72	O	16.64	C	-		
1127	73	O	16.64	T	-		
1127	74	O	16.64	C	-		
1127	75	O	16.64	C	-		
1127	76	O	16.64	T	-		
1127	77	O	16.64	C	-		
1127	78	O	16.64	A	-		
1127	79	O	16.64	C	-		
1127	80	O	16.64	A	-		
1127	81	O	16.64	T	-		
1127	82	O	16.64	G	-		
1127	83	O	16.64	A	-		
1127	84	O	16.64	G	-		
1127	85	O	16.64	A	-		
1127	86	O	16.64	G	-		
1127	87	O	16.64	G	-		
1127	88	O	16.64	T	-		
1127	89	O	16.64	G	-		
1127	90	O	16.64	C	-		
1127	91	O	16.64	G	-		
1127	92	O	16.64	C	-		
1127	93	O	16.64	G	-		
1127	94	O	16.64	C	-		
1127	95	O	16.64	G	-		
1127	96	O	16.64	G	-		
1127	97	O	16.64	C	-		
1127	98	O	16.64	G	-		
1127	99	O	16.64	G	-		
1127	100	O	16.64	C	-		
1127	101	O	16.64	C	-		
1127	102	O	16.64	C	-		
1127	103	O	16.64	T	-		
1127	104	O	16.64	G	-		
1127	105	O	16.64	C	-		
1127	106	O	16.64	G	-		
1127	107	O	16.64	C	-		
1127	108	O	16.64	C	-		
1127	109	O	16.64	T	-		
1128	0	U	0.00	-	-		
1128	1	U	0.00	-	-		
1128	2	U	0.00	-	-		
1128	3	U	0.00	-	-		
1128	4	U	0.00	-	-		
1128	5	U	0.00	-	-		
1128	6	U	0.00	-	-		
1128	7	U	0.00	-	-		
1128	8	U	0.00	-	-		
1128	9	U	0.00	-	-		
1128	10	O	6.93	C	-		
1128	11	O	6.93	G	-		
1128	12	O	6.93	A	-		
1128	13	O	6.93	G	-		
1128	14	O	6.93	T	-		
1128	15	O	6.93	G	-		
1128	16	O	6.93	C	-		
1128	17	O	6.93	A	-		
1128	18	O	6.93	A	-		
1128	19	O	6.93	A	-		
1128	20	O	6.93	G	-		
1128	21	O	6.93	G	-		
1128	22	O	6.93	A	-		
1128	23	O	6.93	C	-		
1128	24	O	6.93	T	-		
1128	25	O	6.93	G	-		
1128	26	O	6.93	T	-		
1128	27	O	6.93	G	-		
1128	28	O	6.93	A	-		
1128	29	O	6.93	G	-		
1128	30	O	6.93	T	-		
1128	31	O	6.93	G	-		
1128	32	O	6.93	A	-		
1128	33	O	6.93	A	-		
1128	34	O	6.93	C	-		
1128	35	O	6.93	T	-		
1128	36	O	6.93	C	-		
1128	37	O	6.93	G	-		
1128	38	O	6.93	A	-		
1128	39	O	6.93	G	-		
1128	40	O	6.93	C	-		
1128	41	O	6.93	A	-		
1128	42	O	6.93	G	-		
1128	43	O	6.93	A	-		
1128	44	O	6.93	G	-		
1128	45	O	6.93	A	-		
1128	46	O	6.93	T	-		
1128	47	O	6.93	A	-		
1128	48	O	6.93	T	-		
1128	49	O	6.93	G	-		
1128	50	O	6.93	G	-		
1128	51	O	6.93	T	-		
1128	52	O	6.93	A	-		
1128	53	O	6.93	A	-		
1128	54	O	6.93	T	-		
1128	55	O	6.93	A	-		
1128	56	O	6.93	T	-		
1128	57	O	6.93	C	-		
1128	58	O	6.93	A	-		
1128	59	O	6.93	G	-		
1128	60	O	6.93	A	-		
1128	61	O	6.93	G	-		
1128	62	O	6.93	T	-		
1128	63	U	-0.27	G	A		
1128	64	O	6.93	T	-		
1128	65	O	6.93	T	-		
1128	66	O	6.93	T	-		
1128	67	O	6.93	G	-		
1128	68	O	6.93	C	-		
1128	69	O	6.93	G	-		
1128	70	O	6.93	A	-		
1128	71	O	6.93	G	-		
1128	72	O	6.93	C	-		
1128	73	O	6.93	A	-		
1128	74	O	6.93	A	-		
1128	75	O	6.93	G	-		
1128	76	O	6.93	A	-		
1128	77	O	6.93	G	-		
1128	78	O	6.93	T	-		
1128	79	O	6.93	G	-		
1128	80	O	6.93	G	-		
1128	81	O	6.93	T	-		
1128	82	O	6.93	A	-		
1128	83	O	6.93	A	-		
1128	84	O	6.93	A	-		
1128	85	O	6.93	A	-		
1128	86	O	6.93	T	-		
1128	87	O	6.93	G	-		
1128	88	O	6.93	T	-		
1128	89	O	6.93	C	-		
1128	90	O	6.93	A	-		
1128	91	O	6.93	A	-		
1128	92	O	6.93	G	-		
1128	93	O	6.93	C	-		
1128	94	O	6.93	A	-		
1128	95	O	6.93	A	-		
1128	96	O	6.93	C	-		
1128	97	O	6.93	T	-		
1128	98	O	6.93	T	-		
1128	99	O	6.93	G	-		
1128	100	O	6.93	A	-		
1128	101	O	6.93	T	-		
1128	102	O	6.93	G	-		
1128	103	O	6.93	A	-		
1128	104	U	-0.27	T	C		
1128	105	O	6.93	A	-		
1128	106	O	6.93	A	-		
1128	107	O	6.93	C	-		
1128	108	O	6.93	T	-		
1128	109	O	6.93	T	-		
1128	110	U	0.00	-	-		
1128	111	U	0.00	-	-		
1128	112	U	0.00	-	-		
1128	113	U	0.00	-	-		
1128	114	U	0.00	-	-		
1128	115	U	0.00	-	-		
1128	116	U	0.00	-	-		
1128	117	U	0.00	-	-		
1128	118	U	0.00	-	-		
1128	119	U	0.00	-	-		
1129	0	O	5.55	T	-		
1129	1	O	5.55	G	-		
1129	2	O	5.55	G	-		
1129	3	O	5.55	T	-		
1129	4	O	5.55	T	-		
1129	5	O	5.55	G	-		
1129	6	O	5.55	C	-		
1129	7	O	5.55	C	-		
1129	8	O	5.55	A	-		
1129	9	O	5.55	C	-		
1129	10	O	5.55	T	-		
1129	11	O	5.55	C	-		
1129	12	O	5.55	T	-		
1129	13	O	5.55	G	-		
1129	14	O	5.55	T	-		
1129	15	O	5.55	G	-		
1129	16	O	5.55	G	-		
1129	17	O	5.55	C	-		
1129	18	O	5.55	T	-		
1129	19	O	5.55	G	-		
1129	20	O	5.55	A	-		
1129	21	O	5.55	G	-		
1129	22	O	5.55	C	-		
1129	23	O	5.55	A	-		
1129	24	O	5.55	A	-		
1129	25	O	5.55	G	-		
1129	26	O	5.55	A	-		
1129	27	O	5.55	A	-		
1129	28	O	5.55	G	-		
1129	29	O	5.55	C	-		
1129	30	O	5.55	G	-		
1129	31	O	5.55	A	-		
1129	32	O	5.55	T	-		
1129	33	O	5.55	C	-		
1129	34	O	5.55	T	-		
1129	35	O	5.55	A	-		
1129	36	O	5.55	G	-		
1129	37	O	5.55	G	-		
1129	38	O	5.55	T	-		
1129	39	O	5.55	T	-		
1129	40	O	5.55	G	-		
1129	41	O	5.55	G	-		
1129	42	O	5.55	A	-		
1129	43	O	5.55	A	-		
1129	44	O	5.55	G	-		
1129	45	O	5.55	G	-		
1129	46	O	5.55	A	-		
1129	47	O	5.55	T	-		
1129	48	O	5.55	G	-		
1129	49	O	5.55	C	-		
1129	50	O	5.55	A	-		
1129	51	O	5.55	A	-		
1129	52	O	5.55	A	-		
1129	53	O	5.55	C	-		
1129	54	O	5.55	A	-		
1129	55	O	5.55	T	-		
1129	56	O	5.55	G	-		
1129	57	O	5.55	T	-		
1129	58	O	5.55	T	-		
1129	59	O	5.55	G	-		
1129	60	O	5.55	T	-		
1129	61	O	5.55	G	-		
1129	62	O	5.55	C	-		
1129	63	O	5.55	T	-		
1129	64	O	5.55	C	-		
1129	65	O	5.55	G	-		
1129	66	O	5.55	C	-		
1129	67	O	5.55	A	-		
1129	68	O	5.55	A	-		
1129	69	O	5.55	G	-		
1129	70	O	5.55	A	-		
1129	71	O	5.55	G	-		
1129	72	O	5.55	G	-		
1129	73	O	5.55	C	-		
1129	74	O	5.55	T	-		
1129	75	O	5.55	T	-		
1129	76	O	5.55	G	-		
1129	77	O	5.55	A	-		
1129	78	O	5.55	T	-		
1129	79	O	5.55	G	-		
1129	80	O	5.55	T	-		
1129	81	O	5.55	T	-		
1129	82	O	5.55	G	-		
1129	83	O	5.55	G	-		
1129	84	O	5.55	G	-		
1129	85	O	5.55	T	-		
1129	86	O	5.55	G	-		
1129	87	O	5.55	C	-		
1129	88	O	5.55	G	-		
1129	89	O	5.55	A	-		
1129	90	O	5.55	G	-		
1129	91	O	5.55	T	-		
1129	92	O	5.55	G	-		
1129	93	O	5.55	G	-		
1129	94	O	5.55	T	-		
1129	95	O	5.55	A	-		
1129	96	O	5.55	A	-		
1129	97	O	5.55	G	-		
1129	98	O	5.55	A	-		
1129	99	O	5.55	A	-		
1129	100	O	5.55	A	-		
1129	101	O	5.55	A	-		
1129	102	O	5.55	C	-		
1129	103	O	5.55	T	-		
1129	104	O	5.55	G	-		
1129	105	O	5.55	T	-		
1129	106	O	5.55	G	-		
1129	107	O	5.55	C	-		
1129	108	O	5.55	C	-		
1129	109	O	5.55	A	-		
1130	0	U	1.77	A	G		
1130	1	O	9.70	G	-		
1130	2	O	9.70	C	-		
1130	3	O	9.70	T	-		
1130	4	O	9.70	G	-		
1130	5	O	9.70	G	-		
1130	6	O	9.70	A	-		
1130	7	O	9.70	C	-		
1130	8	O	9.70	C	-		
1130	9	O	9.70	T	-		
1130	10	O	9.70	C	-		
1130	11	O	9.70	C	-		
1130	12	O	9.70	G	-		
1130	13	O	9.70	G	-		
1130	14	O	9.70	T	-		
1130	15	O	9.70	G	-		
1130	16	O	9.70	T	-		
1130	17	O	9.70	G	-		
1130	18	O	9.70	G	-		
1130	19	O	9.70	A	-		
1130	20	O	9.70	C	-		
1130	21	O	9.70	T	-		
1130	22	O	9.70	T	-		
1130	23	O	9.70	C	-		
1130	24	O	9.70	C	-		
1130	25	O	9.70	A	-		
1130	26	O	9.70	G	-		
1130	27	O	9.70	C	-		
1130	28	O	9.70	A	-		
1130	29	O	9.70	G	-		
1130	30	O	9.70	G	-		
1130	31	O	9.70	T	-		
1130	32	O	9.70	G	-		
1130	33	O	9.70	A	-		
1130	34	O	9.70	A	-		
1130	35	O	9.70	C	-		
1130	36	O	9.70	C	-		
1130	37	O	9.70	A	-		
1130	38	O	9.70	G	-		
1130	39	O	9.70	A	-		
1130	40	O	9.70	T	-		
1130	41	O	9.70	C	-		
1130	42	O	9.70	G	-		
1130	43	O	9.70	G	-		
1130	44	O	9.70	C	-		
1130	45	O	9.70	A	-		
1130	46	O	9.70	T	-		
1130	47	O	9.70	T	-		
1130	48	O	9.70	G	-		
1130	49	O	9.70	A	-		
1130	50	O	9.70	T	-		
1130	51	O	9.70	G	-		
1130	52	O	9.70	C	-		
1130	53	O	9.70	C	-		
1130	54	O	9.70	A	-		
1130	55	O	9.70	A	-		
1130	56	O	9.70	C	-		
1130	57	O	9.70	T	-		
1130	58	O	9.70	T	-		
1130	59	O	9.70	C	-		
1130	60	O	9.70	G	-		
1130	61	O	9.70	G	-		
1130	62	O	9.70	C	-		
1130	63	O	9.70	A	-		
1130	64	O	9.70	A	-		
1130	65	O	9.70	G	-		
1130	66	O	9.70	G	-		
1130	67	O	9.70	C	-		
1130	68	O	9.70	G	-		
1130	69	O	9.70	A	-		
1130	70	O	9.70	T	-		
1130	71	O	9.70	G	-		
1130	72	O	9.70	T	-		
1130	73	O	9.70	C	-		
1130	74	O	9.70	G	-		
1130	75	O	9.70	A	-		
1130	76	O	9.70	T	-		
1130	77	O	9.70	G	-		
1130	78	O	9.70	G	-		
1130	79	O	9.70	G	-		
1130	80	O	9.70	T	-		
1130	81	O	9.70	G	-		
1130	82	O	9.70	A	-		
1130	83	O	9.70	C	-		
1130	84	O	9.70	A	-		
1130	85	O	9.70	T	-		
1130	86	O	9.70	C	-		
1130	87	O	9.70	A	-		
1130	88	O	9.70	C	-		
1130	89	O	9.70	A	-		
1130	90	O	9.70	G	-		
1130	91	O	9.70	T	-		
1130	92	O	9.70	C	-		
1130	93	O	9.70	C	-		
1130	94	O	9.70	T	-		
1130	95	O	9.70	C	-		
1130	96	O	9.70	G	-		
1130	97	O	9.70	C	-		
1130	98	O	9.70	G	-		
1130	99	O	9.70	A	-		
1130	100	O	9.70	A	-		
1130	101	O	9.70	C	-		
1130	102	O	9.70	A	-		
1130	103	O	9.70	A	-		
1130	104	O	9.70	C	-		
1130	105	O	9.70	G	-		
1130	106	O	9.70	C	-		
1130	107	O	9.70	C	-		
1130	108	O	9.70	C	-		
1130	109	O	9.70	C	-		
1131	0	O	5.55	T	-		
1131	1	O	5.55	G	-		
1131	2	O	5.55	A	-		
1131	3	O	5.55	T	-		
1131	4	O	5.55	T	-		
1131	5	O	5.55	G	-		
1131	6	O	5.55	T	-		
1131	7	O	5.55	G	-		
1131	8	O	5.55	C	-		
1131	9	O	5.55	C	-		
1131	10	O	5.55	C	-		
1131	11	O	5.55	C	-		
1131	12	O	5.55	G	-		
1131	13	O	5.55	C	-		
1131	14	O	5.55	C	-		
1131	15	O	5.55	A	-		
1131	16	O	5.55	G	-		
1131	17	O	5.55	G	-		
1131	18	O	5.55	A	-		
1131	19	O	5.55	G	-		
1131	20	O	5.55	T	-		
1131	21	O	5.55	C	-		
1131	22	O	5.55	G	-		
1131	23	O	5.55	A	-		
1131	24	O	5.55	G	-		
1131	25	O	5.55	G	-		
1131	26	O	5.55	T	-		
1131	27	O	5.55	C	-		
1131	28	O	5.55	G	-		
1131	29	O	5.55	A	-		
1131	30	O	5.55	G	-		
1131	31	O	5.55	C	-		
1131	32	O	5.55	G	-		
1131	33	O	5.55	G	-		
1131	34	O	5.55	A	-		
1131	35	O	5.55	T	-		
1131	36	O	5.55	T	-		
1131	37	O	5.55	G	-		
1131	38	O	5.55	G	-		
1131	39	O	5.55	T	-		
1131	40	O	5.55	G	-		
1131	41	O	5.55	G	-		
1131	42	O	5.55	A	-		
1131	43	O	5.55	A	-		
1131	44	O	5.55	C	-		
1131	45	O	5.55	G	-		
1131	46	O	5.55	T	-		
1131	47	O	5.55	C	-		
1131	48	O	5.55	G	-		
1131	49	O	5.55	A	-		
1131	50	O	5.55	C	-		
1131	51	O	5.55	G	-		
1131	52	O	5.55	T	-		
1131	53	O	5.55	G	-		
1131	54	O	5.55	T	-		
1131	55	O	5.55	T	-		
1131	56	O	5.55	G	-		
1131	57	O	5.55	C	-		
1131	58	O	5.55	T	-		
1131	59	O	5.55	G	-		
1131	60	O	5.55	A	-		
1131	61	O	5.55	G	-		
1131	62	O	5.55	C	-		
1131	63	O	5.55	T	-		
1131	64	O	5.55	C	-		
1131	65	O	5.55	T	-		
1131	66	O	5.55	C	-		
1131	67	O	5.55	T	-		
1131	68	O	5.55	T	-		
1131	69	O	5.55	G	-		
1131	70	O	5.55	G	-		
1131	71	O	5.55	C	-		
1131	72	O	5.55	C	-		
1131	73	O	5.55	T	-		
1131	74	O	5.55	G	-		
1131	75	O	5.55	C	-		
1131	76	O	5.55	A	-		
1131	77	O	5.55	G	-		
1131	78	O	5.55	T	-		
1131	79	O	5.55	T	-		
1131	80	O	5.55	G	-		
1131	81	O	5.55	C	-		
1131	82	O	5.55	G	-		
1131	83	O	5.55	C	-		
1131	84	O	5.55	A	-		
1131	85	O	5.55	T	-		
1131	86	O	5.55	T	-		
1131	87	O	5.55	G	-		
1131	88	O	5.55	A	-		
1131	89	O	5.55	T	-		
1131	90	O	5.55	C	-		
1131	91	O	5.55	C	-		
1131	92	O	5.55	T	-		
1131	93	O	5.55	T	-		
1131	94	O	5.55	G	-		
1131	95	O	5.55	C	-		
1131	96	O	5.55	G	-		
1131	97	O	5.55	G	-		
1131	98	O	5.55	C	-		
1131	99	O	5.55	A	-		
1131	100	O	5.55	G	-		
1131	101	O	5.55	C	-		
1131	102	O	5.55	A	-		
1131	103	O	5.55	G	-		
1131	104	O	5.55	C	-		
1131	105	O	5.55	G	-		
1131	106	O	5.55	G	-		
1131	107	O	5.55	C	-		
1131	108	O	5.55	G	-		
1131	109	O	5.55	G	-		
1132	0	O	6.93	T	-		
1132	1	O	6.93	C	-		
1132	2	O	6.93	T	-		
1132	3	O	6.93	C	-		
1132	4	O	6.93	C	-		
1132	5	O	6.93	C	-		
1132	6	O	6.93	C	-		
1132	7	O	6.93	C	-		
1132	8	O	6.93	G	-		
1132	9	O	6.93	A	-		
1132	10	O	6.93	C	-		
1132	11	O	6.93	T	-		
1132	12	O	6.93	C	-		
1132	13	O	6.93	C	-		
1132	14	O	6.93	C	-		
1132	15	O	6.93	T	-		
1132	16	O	6.93	T	-		
1132	17	O	6.93	G	-		
1132	18	O	6.93	C	-		
1132	19	O	6.93	A	-		
1132	20	O	6.93	A	-		
1132	21	O	6.93	A	-		
1132	22	O	6.93	T	-		
1132	23	O	6.93	G	-		
1132	24	O	6.93	A	-		
1132	25	O	6.93	G	-		
1132	26	O	6.93	C	-		
1132	27	O	6.93	A	-		
1132	28	O	6.93	G	-		
1132	29	O	6.93	C	-		
1132	30	O	6.93	T	-		
1132	31	O	6.93	G	-		
1132	32	O	6.93	A	-		
1132	33	O	6.93	C	-		
1132	34	O	6.93	C	-		
1132	35	O	6.93	G	-		
1132	36	O	6.93	T	-		
1132	37	O	6.93	G	-		
1132	38	O	6.93	C	-		
1132	39	O	6.93	T	-		
1132	40	O	6.93	G	-		
1132	41	O	6.93	C	-		
1132	42	O	6.93	T	-		
1132	43	O	6.93	C	-		
1132	44	O	6.93	G	-		
1132	45	O	6.93	A	-		
1132	46	O	6.93	A	-		
1132	47	O	6.93	T	-		
1132	48	O	6.93	T	-		
1132	49	O	6.93	G	-		
1132	50	O	6.93	C	-		
1132	51	O	6.93	T	-		
1132	52	O	6.93	C	-		
1132	53	O	6.93	C	-		
1132	54	O	6.93	T	-		
1132	55	O	6.93	T	-		
1132	56	O	6.93	C	-		
1132	57	O	6.93	T	-		
1132	58	O	6.93	G	-		
1132	59	O	6.93	C	-		
1132	60	O	6.93	A	-		
1132	61	O	6.93	A	-		
1132	62	O	6.93	G	-		
1132	63	O	6.93	A	-		
1132	64	O	6.93	C	-		
1132	65	O	6.93	G	-		
1132	66	O	6.93	G	-		
1132	67	O	6.93	C	-		
1132	68	O	6.93	A	-		
1132	69	O	6.93	C	-		
1132	70	O	6.93	A	-		
1132	71	O	6.93	G	-		
1132	72	O	6.93	A	-		
1132	73	O	6.93	A	-		
1132	74	O	6.93	T	-		
1132	75	O	6.93	A	-		
1132	76	O	6.93	C	-		
1132	77	O	6.93	C	-		
1132	78	O	6.93	T	-		
1132	79	O	6.93	T	-		
1132	80	O	6.93	G	-		
1132	81	O	6.93	C	-		
1132	82	O	6.93	A	-		
1132	83	O	6.93	C	-		
1132	84	O	6.93	A	-		
1132	85	O	6.93	A	-		
1132	86	O	6.93	G	-		
1132	87	O	6.93	G	-		
1132	88	O	6.93	G	-		
1132	89	O	6.93	T	-		
1132	90	O	6.93	T	-		
1132	91	O	6.93	T	-		
1132	92	O	6.93	G	-		
1132	93	O	6.93	G	-		
1132	94	O	6.93	G	-		
1132	95	O	6.93	C	-		
1132	96	O	6.93	G	-		
1132	97	O	6.93	G	-		
1132	98	O	6.93	C	-		
1132	99	O	6.93	T	-		
1132	100	O	6.93	T	-		
1132	101	O	6.93	T	-		
1132	102	O	6.93	G	-		
1132	103	O	6.93	G	-		
1132	104	O	6.93	C	-		
1132	105	O	6.93	G	-		
1132	106	O	6.93	C	-		
1132	107	O	6.93	A	-		
1132	108	O	6.93	T	-		
1132	109	O	6.93	T	-		
1133	0	O	13.86	T	-		
1133	1	O	13.86	C	-		
1133	2	O	13.86	G	-		
1133	3	O	13.86	T	-		
1133	4	O	13.86	C	-		
1133	5	O	13.86	A	-		
1133	6	O	13.86	A	-		
1133	7	O	13.86	G	-		
1133	8	O	13.86	A	-		
1133	9	O	13.86	T	-		
1133	10	O	13.86	A	-		
1133	11	O	13.86	C	-		
1133	12	O	13.86	A	-		
1133	13	O	13.86	G	-		
1133	14	O	13.86	A	-		
1133	15	O	13.86	A	-		
1133	16	O	13.86	T	-		
1133	17	O	13.86	C	-		
1133	18	O	13.86	A	-		
1133	19	O	13.86	A	-		
1133	20	O	13.86	G	-		
1133	21	O	13.86	A	-		
1133	22	O	13.86	T	-		
1133	23	O	13.86	C	-		
1133	24	O	13.86	A	-		
1133	25	O	13.86	G	-		
1133	26	O	13.86	A	-		
1133	27	O	13.86	G	-		
1133	28	O	13.86	G	-		
1133	29	O	13.86	A	-		
1133	30	O	13.86	T	-		
1133	31	O	13.86	G	-		
1133	32	O	13.86	A	-		
1133	33	O	13.86	C	-		
1133	34	O	13.86	A	-		
1133	35	O	13.86	G	-		
1133	36	O	13.86	G	-		
1133	37	O	13.86	A	-		
1133	38	O	13.86	C	-		
1133	39	O	13.86	T	-		
1133	40	O	13.86	T	-		
1133	41	O	13.86	A	-		
1133	42	O	13.86	C	-		
1133	43	O	13.86	T	-		
1133	44	O	13.86	T	-		
1133	45	O	13.86	C	-		
1133	46	O	13.86	T	-		
1133	47	O	13.86	C	-		
1133	48	O	13.86	C	-		
1133	49	O	13.86	G	-		
1133	50	O	13.86	T	-		
1133	51	O	13.86	T	-		
1133	52	O	13.86	G	-		
1133	53	O	13.86	T	-		
1133	54	O	13.86	C	-		
1133	55	O	13.86	C	-		
1133	56	O	13.86	C	-		
1133	57	O	13.86	T	-		
1133	58	O	13.86	T	-		
1133	59	O	13.86	G	-		
1133	60	O	13.86	C	-		
1133	61	O	13.86	T	-		
1133	62	O	13.86	T	-		
1133	63	O	13.86	T	-		
1133	64	O	13.86	G	-		
1133	65	O	13.86	A	-		
1133	66	O	13.86	A	-		
1133	67	O	13.86	A	-		
1133	68	O	13.86	C	-		
1133	69	O	13.86	A	-		
1133	70	O	13.86	T	-		
1133	71	O	13.86	A	-		
1133	72	O	13.86	C	-		
1133	73	O	13.86	A	-		
1133	74	O	13.86	C	-		
1133	75	O	13.86	A	-		
1133	76	O	13.86	C	-		
1133	77	O	13.86	A	-		
1133	78	O	13.86	T	-		
1133	79	O	13.86	A	-		
1133	80	O	13.86	G	-		
1133	81	O	13.86	A	-		
1133	82	O	13.86	C	-		
1133	83	O	13.86	T	-		
1133	84	O	13.86	C	-		
1133	85	O	13.86	T	-		
1133	86	O	13.86	T	-		
1133	87	O	13.86	C	-		
1133	88	O	13.86	T	-		
1133	89	O	13.86	T	-		
1133	90	O	13.86	T	-		
1133	91	O	13.86	G	-		
1133	92	O	13.86	A	-		
1133	93	O	13.86	G	-		
1133	94	O	13.86	T	-		
1133	95	O	13.86	T	-		
1133	96	O	13.86	G	-		
1133	97	O	13.86	T	-		
1133	98	O	13.86	A	-		
1133	99	O	13.86	A	-		
1133	100	O	13.86	G	-		
1133	101	O	13.86	A	-		
1133	102	O	13.86	T	-		
1133	103	O	5.16	C	-		
1133	104	O	13.86	G	-		
1133	105	O	13.86	G	-		
1133	106	O	13.86	T	-		
1133	107	O	13.86	G	-		
1133	108	O	13.86	A	-		
1133	109	O	13.86	A	-		
1134	0	O	13.86	C	-		
1134	1	O	13.86	T	-		
1134	2	O	13.86	G	-		
1134	3	O	13.86	A	-		
1134	4	O	13.86	C	-		
1134	5	O	13.86	C	-		
1134	6	O	13.86	A	-		
1134	7	O	13.86	G	-		
1134	8	O	13.86	T	-		
1134	9	O	13.86	A	-		
1134	10	O	13.86	G	-		
1134	11	O	13.86	A	-		
1134	12	O	13.86	C	-		
1134	13	O	13.86	T	-		
1134	14	O	13.86	C	-		
1134	15	O	13.86	T	-		
1134	16	O	13.86	T	-		
1134	17	O	13.86	C	-		
1134	18	O	13.86	A	-		
1134	19	O	13.86	C	-		
1134	20	O	13.86	C	-		
1134	21	O	13.86	T	-		
1134	22	O	13.86	T	-		
1134	23	O	13.86	G	-		
1134	24	O	13.86	G	-		
1134	25	O	13.86	G	-		
1134	26	O	13.86	C	-		
1134	27	O	13.86	T	-		
1134	28	O	13.86	C	-		
1134	29	O	13.86	G	-		
1134	30	O	13.86	T	-		
1134	31	O	13.86	T	-		
1134	32	O	13.86	C	-		
1134	33	O	13.86	G	-		
1134	34	O	13.86	C	-		
1134	35	O	13.86	A	-		
1134	36	O	13.86	G	-		
1134	37	O	13.86	G	-		
1134	38	O	13.86	T	-		
1134	39	O	13.86	T	-		
1134	40	O	13.86	G	-		
1134	41	O	13.86	T	-		
1134	42	O	13.86	C	-		
1134	43	O	13.86	G	-		
1134	44	O	13.86	G	-		
1134	45	O	13.86	A	-		
1134	46	O	13.86	T	-		
1134	47	O	13.86	G	-		
1134	48	O	13.86	T	-		
1134	49	O	13.86	T	-		
1134	50	O	13.86	G	-		
1134	51	O	13.86	T	-		
1134	52	O	13.86	T	-		
1134	53	O	13.86	G	-		
1134	54	O	13.86	T	-		
1134	55	O	13.86	T	-		
1134	56	O	13.86	G	-		
1134	57	O	13.86	T	-		
1134	58	O	13.86	T	-		
1134	59	O	13.86	G	-		
1134	60	O	13.86	C	-		
1134	61	O	13.86	T	-		
1134	62	O	13.86	G	-		
1134	63	O	13.86	C	-		
1134	64	O	13.86	T	-		
1134	65	O	13.86	G	-		
1134	66	O	13.86	T	-		
1134	67	O	13.86	T	-		
1134	68	O	13.86	G	-		
1134	69	O	13.86	C	-		
1134	70	O	13.86	T	-		
1134	71	O	13.86	G	-		
1134	72	O	13.86	T	-		
1134	73	O	13.86	T	-		
1134	74	O	13.86	G	-		
1134	75	O	13.86	G	-		
1134	76	O	13.86	C	-		
1134	77	O	13.86	G	-		
1134	78	O	13.86	G	-		
1134	79	O	13.86	C	-		
1134	80	O	13.86	C	-		
1134	81	O	13.86	T	-		
1134	82	O	13.86	T	-		
1134	83	O	13.86	C	-		
1134	84	O	13.86	T	-		
1134	85	O	13.86	G	-		
1134	86	O	13.86	C	-		
1134	87	O	13.86	T	-		
1134	88	O	13.86	C	-		
1134	89	O	13.86	G	-		
1134	90	O	13.86	C	-		
1134	91	O	13.86	G	-		
1134	92	O	13.86	C	-		
1134	93	O	13.86	G	-		
1134	94	O	13.86	T	-		
1134	95	O	13.86	C	-		
1134	96	O	13.86	C	-		
1134	97	O	13.86	G	-		
1134	98	O	13.86	C	-		
1134	99	O	5.16	A	-		
1134	100	O	13.86	C	-		
1134	101	O	13.86	T	-		
1134	102	O	13.86	G	-		
1134	103	O	13.86	G	-		
1134	104	O	13.86	C	-		
1134	105	O	13.86	C	-		
1134	106	O	13.86	T	-		
1134	107	O	13.86	C	-		
1134	108	O	13.86	T	-		
1134	109	O	13.86	C	-		
1135	0	O	11.09	A	-		
1135	1	O	11.09	A	-		
1135	2	O	11.09	A	-		
1135	3	O	11.09	C	-		
1135	4	O	11.09	G	-		
1135	5	O	11.09	A	-		
1135	6	O	11.09	G	-		
1135	7	O	11.09	T	-		
1135	8	O	11.09	G	-		
1135	9	O	11.09	C	-		
1135	10	O	11.09	A	-		
1135	11	O	11.09	G	-		
1135	12	O	11.09	C	-		
1135	13	O	11.09	A	-		
1135	14	O	11.09	G	-		
1135	15	O	11.09	A	-		
1135	16	O	11.09	C	-		
1135	17	O	11.09	T	-		
1135	18	O	11.09	T	-		
1135	19	O	11.09	G	-		
1135	20	O	11.09	A	-		
1135	21	O	11.09	G	-		
1135	22	O	11.09	A	-		
1135	23	O	11.09	G	-		
1135	24	O	11.09	C	-		
1135	25	O	11.09	G	-		
1135	26	O	11.09	C	-		
1135	27	O	11.09	A	-		
1135	28	O	11.09	A	-		
1135	29	O	11.09	C	-		
1135	30	O	11.09	A	-		
1135	31	U	2.86	A	C		
1135	32	O	11.09	A	-		
1135	33	O	11.09	C	-		
1135	34	O	11.09	G	-		
1135	35	O	11.09	G	-		
1135	36	O	11.09	A	-		
1135	37	O	11.09	C	-		
1135	38	O	11.09	T	-		
1135	39	O	11.09	T	-		
1135	40	O	11.09	T	-		
1135	41	O	11.09	G	-		
1135	42	O	11.09	G	-		
1135	43	O	11.09	C	-		
1135	44	O	11.09	T	-		
1135	45	O	11.09	A	-		
1135	46	O	11.09	C	-		
1135	47	O	11.09	A	-		
1135	48	O	11.09	A	-		
1135	49	O	11.09	A	-		
1135	50	O	11.09	T	-		
1135	51	O	11.09	G	-		
1135	52	O	11.09	T	-		
1135	53	O	11.09	A	-		
1135	54	O	11.09	G	-		
1135	55	O	11.09	C	-		
1135	56	O	11.09	C	-		
1135	57	O	11.09	A	-		
1135	58	O	11.09	A	-		
1135	59	O	11.09	T	-		
1135	60	O	11.09	C	-		
1135	61	O	11.09	C	-		
1135	62	O	11.09	G	-		
1135	63	O	11.09	A	-		
1135	64	O	11.09	T	-		
1135	65	O	11.09	G	-		
1135	66	O	11.09	C	-		
1135	67	O	11.09	T	-		
1135	68	O	11.09	G	-		
1135	69	O	11.09	G	-		
1135	70	O	11.09	C	-		
1135	71	O	11.09	G	-		
1135	72	O	11.09	G	-		
1135	73	O	11.09	C	-		
1135	74	O	11.09	C	-		
1135	75	O	11.09	G	-		
1135	76	O	11.09	A	-		
1135	77	O	11.09	T	-		
1135	78	O	11.09	G	-		
1135	79	O	11.09	A	-		
1135	80	O	11.09	A	-		
1135	81	O	11.09	G	-		
1135	82	O	11.09	A	-		
1135	83	O	11.09	C	-		
1135	84	O	11.09	A	-		
1135	85	O	11.09	A	-		
1135	86	O	11.09	C	-		
1135	87	O	11.09	A	-		
1135	88	O	11.09	A	-		
1135	89	O	11.09	C	-		
1135	90	O	11.09	A	-		
1135	91	O	11.09	A	-		
1135	92	O	11.09	C	-		
1135	93	O	11.09	A	-		
1135	94	O	11.09	A	-		
1135	95	O	11.09	C	-		
1135	96	O	11.09	A	-		
1135	97	O	11.09	A	-		
1135	98	O	11.09	C	-		
1135	99	O	11.09	A	-		
1135	100	O	11.09	A	-		
1135	101	O	11.09	C	-		
1135	102	O	11.09	G	-		
1135	103	O	11.09	A	-		
1135	104	O	11.09	C	-		
1135	105	O	11.09	A	-		
1135	106	O	11.09	A	-		
1135	107	O	11.09	C	-		
1135	108	O	11.09	A	-		
1135	109	O	11.09	G	-		
1136	0	O	5.55	T	-		
1136	1	O	5.55	C	-		
1136	2	O	5.55	T	-		
1136	3	O	5.55	G	-		
1136	4	O	5.55	G	-		
1136	5	O	5.55	A	-		
1136	6	O	5.55	A	-		
1136	7	O	5.55	A	-		
1136	8	O	5.55	G	-		
1136	9	O	5.55	G	-		
1136	10	O	5.55	T	-		
1136	11	O	5.55	G	-		
1136	12	O	5.55	T	-		
1136	13	O	5.55	C	-		
1136	14	O	5.55	A	-		
1136	15	O	5.55	T	-		
1136	16	O	5.55	G	-		
1136	17	O	5.55	A	-		
1136	18	O	5.55	C	-		
1136	19	O	5.55	A	-		
1136	20	O	5.55	C	-		
1136	21	O	5.55	A	-		
1136	22	O	5.55	C	-		
1136	23	O	5.55	T	-		
1136	24	O	5.55	A	-		
1136	25	O	5.55	A	-		
1136	26	O	5.55	G	-		
1136	27	O	5.55	A	-		
1136	28	O	5.55	C	-		
1136	29	O	5.55	T	-		
1136	30	O	5.55	T	-		
1136	31	O	5.55	T	-		
1136	32	O	5.55	C	-		
1136	33	O	5.55	A	-		
1136	34	O	5.55	T	-		
1136	35	O	5.55	G	-		
1136	36	O	5.55	A	-		
1136	37	O	5.55	T	-		
1136	38	O	5.55	T	-		
1136	39	O	5.55	A	-		
1136	40	O	5.55	C	-		
1136	41	O	5.55	C	-		
1136	42	O	5.55	A	-		
1136	43	O	5.55	C	-		
1136	44	O	5.55	C	-		
1136	45	O	5.55	A	-		
1136	46	O	5.55	A	-		
1136	47	O	5.55	A	-		
1136	48	O	5.55	G	-		
1136	49	O	5.55	C	-		
1136	50	O	5.55	C	-		
1136	51	O	5.55	G	-		
1136	52	O	5.55	A	-		
1136	53	O	5.55	A	-		
1136	54	O	5.55	T	-		
1136	55	O	5.55	A	-		
1136	56	O	5.55	T	-		
1136	57	O	5.55	G	-		
1136	58	O	5.55	A	-		
1136	59	O	5.55	T	-		
1136	60	O	5.55	T	-		
1136	61	O	5.55	G	-		
1136	62	O	5.55	T	-		
1136	63	O	5.55	A	-		
1136	64	O	5.55	G	-		
1136	65	O	5.55	C	-		
1136	66	O	5.55	T	-		
1136	67	O	5.55	A	-		
1136	68	O	5.55	C	-		
1136	69	O	5.55	T	-		
1136	70	O	5.55	A	-		
1136	71	O	5.55	G	-		
1136	72	O	5.55	A	-		
1136	73	O	5.55	A	-		
1136	74	O	5.55	A	-		
1136	75	O	5.55	A	-		
1136	76	O	5.55	T	-		
1136	77	O	5.55	T	-		
1136	78	O	5.55	G	-		
1136	79	O	5.55	A	-		
1136	80	O	5.55	A	-		
1136	81	O	5.55	C	-		
1136	82	O	5.55	C	-		
1136	83	O	5.55	C	-		
1136	84	O	5.55	A	-		
1136	85	O	5.55	A	-		
1136	86	O	5.55	A	-		
1136	87	O	5.55	G	-		
1136	88	O	5.55	T	-		
1136	89	O	5.55	T	-		
1136	90	O	5.55	C	-		
1136	91	O	5.55	T	-		
1136	92	O	5.55	A	-		
1136	93	O	5.55	A	-		
1136	94	O	5.55	A	-		
1136	95	O	5.55	A	-		
1136	96	O	5.55	A	-		
1136	97	O	5.55	A	-		
1136	98	O	5.55	T	-		
1136	99	O	5.55	A	-		
1136	100	O	5.55	A	-		
1136	101	O	5.55	C	-		
1136	102	O	5.55	A	-		
1136	103	O	5.55	C	-		
1136	104	O	5.55	T	-		
1136	105	O	5.55	G	-		
1136	106	O	5.55	T	-		
1136	107	O	5.55	T	-		
1136	108	O	5.55	G	-		
1136	109	O	5.55	T	-		
1137	0	O	8.32	C	-		
1137	1	O	8.32	G	-		
1137	2	O	8.32	T	-		
1137	3	O	8.32	G	-		
1137	4	O	8.32	T	-		
1137	5	O	8.32	G	-		
1137	6	O	8.32	G	-		
1137	7	O	8.32	C	-		
1137	8	O	8.32	T	-		
1137	9	O	8.32	G	-		
1137	10	O	8.32	C	-		
1137	11	O	8.32	A	-		
1137	12	O	8.32	G	-		
1137	13	O	8.32	G	-		
1137	14	O	8.32	C	-		
1137	15	O	8.32	A	-		
1137	16	O	8.32	A	-		
1137	17	O	8.32	A	-		
1137	18	O	8.32	A	-		
1137	19	O	8.32	C	-		
1137	20	O	8.32	G	-		
1137	21	O	8.32	T	-		
1137	22	O	8.32	G	-		
1137	23	O	8.32	C	-		
1137	24	O	8.32	G	-		
1137	25	O	8.32	C	-		
1137	26	O	8.32	G	-		
1137	27	O	8.32	T	-		
1137	28	O	8.32	C	-		
1137	29	O	8.32	T	-		
1137	30	O	8.32	C	-		
1137	31	O	8.32	A	-		
1137	32	O	8.32	C	-		
1137	33	O	8.32	T	-		
1137	34	O	8.32	G	-		
1137	35	O	8.32	T	-		
1137	36	O	8.32	C	-		
1137	37	O	8.32	T	-		
1137	38	O	8.32	G	-		
1137	39	O	8.32	C	-		
1137	40	O	8.32	A	-		
1137	41	O	8.32	G	-		
1137	42	O	8.32	G	-		
1137	43	O	8.32	C	-		
1137	44	O	8.32	T	-		
1137	45	O	8.32	C	-		
1137	46	O	8.32	T	-		
1137	47	O	8.32	C	-		
1137	48	O	8.32	G	-		
1137	49	O	8.32	C	-		
1137	50	O	8.32	C	-		
1137	51	O	8.32	G	-		
1137	52	O	8.32	A	-		
1137	53	O	8.32	G	-		
1137	54	O	8.32	C	-		
1137	55	O	8.32	G	-		
1137	56	O	8.32	C	-		
1137	57	O	8.32	A	-		
1137	58	O	8.32	G	-		
1137	59	O	8.32	C	-		
1137	60	O	8.32	A	-		
1137	61	O	8.32	C	-		
1137	62	O	8.32	A	-		
1137	63	O	8.32	G	-		
1137	64	O	8.32	A	-		
1137	65	O	8.32	A	-		
1137	66	O	8.32	C	-		
1137	67	O	8.32	G	-		
1137	68	O	8.32	A	-		
1137	69	O	8.32	C	-		
1137	70	O	8.32	C	-		
1137	71	O	8.32	G	-		
1137	72	O	8.32	G	-		
1137	73	O	8.32	C	-		
1137	74	O	8.32	C	-		
1137	75	O	8.32	A	-		
1137	76	O	8.32	G	-		
1137	77	O	8.32	A	-		
1137	78	O	8.32	A	-		
1137	79	O	8.32	G	-		
1137	80	O	8.32	C	-		
1137	81	O	8.32	G	-		
1137	82	O	8.32	C	-		
1137	83	O	8.32	A	-		
1137	84	O	8.32	A	-		
1137	85	O	8.32	A	-		
1137	86	O	8.32	C	-		
1137	87	O	8.32	G	-		
1137	88	O	8.32	T	-		
1137	89	O	8.32	T	-		
1137	90	O	8.32	C	-		
1137	91	O	8.32	G	-		
1137	92	O	8.32	C	-		
1137	93	O	8.32	A	-		
1137	94	O	8.32	A	-		
1137	95	O	8.32	G	-		
1137	96	O	8.32	C	-		
1137	97	O	8.32	C	-		
1137	98	O	8.32	T	-		
1137	99	O	8.32	G	-		
1137	100	O	8.32	C	-		
1137	101	O	8.32	C	-		
1137	102	O	8.32	T	-		
1137	103	O	8.32	G	-		
1137	104	O	8.32	G	-		
1137	105	O	8.32	C	-		
1137	106	O	8.32	C	-		
1137	107	O	8.32	G	-		
1137	108	O	8.32	A	-		
1137	109	O	8.32	C	-		
1138	0	O	5.55	G	-		
1138	1	O	5.55	G	-		
1138	2	O	5.55	A	-		
1138	3	O	5.55	A	-		
1138	4	O	5.55	A	-		
1138	5	O	5.55	T	-		
1138	6	O	5.55	C	-		
1138	7	O	5.55	C	-		
1138	8	O	5.55	T	-		
1138	9	O	5.55	C	-		
1138	10	O	5.55	C	-		
1138	11	O	5.55	A	-		
1138	12	O	5.55	T	-		
1138	13	O	5.55	G	-		
1138	14	O	5.55	T	-		
1138	15	O	5.55	G	-		
1138	16	O	5.55	A	-		
1138	17	O	5.55	A	-		
1138	18	O	5.55	A	-		
1138	19	O	5.55	A	-		
1138	20	O	5.55	T	-		
1138	21	O	5.55	C	-		
1138	22	O	5.55	A	-		
1138	23	O	5.55	A	-		
1138	24	O	5.55	C	-		
1138	25	O	5.55	A	-		
1138	26	O	5.55	C	-		
1138	27	O	5.55	C	-		
1138	28	O	5.55	A	-		
1138	29	O	5.55	T	-		
1138	30	O	5.55	T	-		
1138	31	O	5.55	G	-		
1138	32	O	5.55	A	-		
1138	33	O	5.55	T	-		
1138	34	O	5.55	G	-		
1138	35	O	5.55	A	-		
1138	36	O	5.55	A	-		
1138	37	O	5.55	A	-		
1138	38	O	5.55	C	-		
1138	39	O	5.55	C	-		
1138	40	O	5.55	A	-		
1138	41	O	5.55	T	-		
1138	42	O	5.55	G	-		
1138	43	O	5.55	C	-		
1138	44	O	5.55	T	-		
1138	45	O	5.55	T	-		
1138	46	O	5.55	A	-		
1138	47	O	5.55	A	-		
1138	48	O	5.55	T	-		
1138	49	O	5.55	T	-		
1138	50	O	5.55	C	-		
1138	51	O	5.55	A	-		
1138	52	O	5.55	T	-		
1138	53	O	5.55	T	-		
1138	54	O	5.55	C	-		
1138	55	O	5.55	A	-		
1138	56	O	5.55	C	-		
1138	57	O	5.55	C	-		
1138	58	O	5.55	A	-		
1138	59	O	5.55	T	-		
1138	60	O	5.55	C	-		
1138	61	O	5.55	A	-		
1138	62	O	5.55	A	-		
1138	63	O	5.55	G	-		
1138	64	O	5.55	G	-		
1138	65	O	5.55	T	-		
1138	66	O	5.55	A	-		
1138	67	O	5.55	C	-		
1138	68	O	5.55	G	-		
1138	69	O	5.55	T	-		
1138	70	O	5.55	A	-		
1138	71	O	5.55	A	-		
1138	72	O	5.55	C	-		
1138	73	O	5.55	A	-		
1138	74	O	5.55	C	-		
1138	75	O	5.55	T	-		
1138	76	O	5.55	A	-		
1138	77	O	5.55	A	-		
1138	78	O	5.55	A	-		
1138	79	O	5.55	A	-		
1138	80	O	5.55	C	-		
1138	81	O	5.55	A	-		
1138	82	O	5.55	C	-		
1138	83	O	5.55	A	-		
1138	84	O	5.55	A	-		
1138	85	O	5.55	T	-		
1138	86	O	5.55	G	-		
1138	87	O	5.55	C	-		
1138	88	O	5.55	A	-		
1138	89	O	5.55	A	-		
1138	90	O	5.55	C	-		
1138	91	O	5.55	T	-		
1138	92	O	5.55	C	-		
1138	93	O	5.55	A	-		
1138	94	O	5.55	T	-		
1138	95	O	5.55	G	-		
1138	96	O	5.55	A	-		
1138	97	O	5.55	T	-		
1138	98	O	5.55	A	-		
1138	99	O	5.55	A	-		
1138	100	O	5.55	T	-		
1138	101	O	5.55	C	-		
1138	102	O	5.55	A	-		
1138	103	O	5.55	G	-		
1138	104	O	5.55	C	-		
1138	105	O	5.55	T	-		
1138	106	O	5.55	G	-		
1138	107	O	5.55	T	-		
1138	108	O	5.55	T	-		
1138	109	O	5.55	C	-		
1139	0	O	8.32	C	-		
1139	1	O	8.32	T	-		
1139	2	O	8.32	C	-		
1139	3	O	8.32	A	-		
1139	4	O	8.32	G	-		
1139	5	O	8.32	G	-		
1139	6	O	8.32	C	-		
1139	7	O	8.32	G	-		
1139	8	O	8.32	A	-		
1139	9	O	8.32	G	-		
1139	10	O	8.32	G	-		
1139	11	O	8.32	C	-		
1139	12	O	8.32	C	-		
1139	13	O	8.32	A	-		
1139	14	O	8.32	A	-		
1139	15	O	8.32	A	-		
1139	16	O	8.32	A	-		
1139	17	O	8.32	T	-		
1139	18	O	8.32	G	-		
1139	19	O	8.32	A	-		
1139	20	O	8.32	G	-		
1139	21	O	8.32	A	-		
1139	22	O	8.32	G	-		
1139	23	O	8.32	T	-		
1139	24	O	8.32	C	-		
1139	25	O	8.32	A	-		
1139	26	O	8.32	C	-		
1139	27	O	8.32	C	-		
1139	28	O	8.32	G	-		
1139	29	O	8.32	A	-		
1139	30	O	8.32	A	-		
1139	31	O	8.32	G	-		
1139	32	O	8.32	A	-		
1139	33	O	8.32	A	-		
1139	34	O	8.32	A	-		
1139	35	O	8.32	A	-		
1139	36	O	8.32	T	-		
1139	37	O	8.32	G	-		
1139	38	O	8.32	A	-		
1139	39	O	8.32	T	-		
1139	40	O	8.32	T	-		
1139	41	O	8.32	A	-		
1139	42	O	8.32	C	-		
1139	43	O	8.32	T	-		
1139	44	O	8.32	G	-		
1139	45	O	8.32	C	-		
1139	46	O	8.32	A	-		
1139	47	O	8.32	A	-		
1139	48	O	8.32	A	-		
1139	49	O	8.32	G	-		
1139	50	O	8.32	G	-		
1139	51	O	8.32	G	-		
1139	52	O	8.32	T	-		
1139	53	O	8.32	A	-		
1139	54	O	8.32	A	-		
1139	55	O	8.32	C	-		
1139	56	O	8.32	A	-		
1139	57	O	8.32	T	-		
1139	58	O	8.32	T	-		
1139	59	O	8.32	C	-		
1139	60	O	8.32	A	-		
1139	61	O	8.32	T	-		
1139	62	O	8.32	T	-		
1139	63	O	8.32	C	-		
1139	64	O	8.32	T	-		
1139	65	O	8.32	A	-		
1139	66	O	8.32	A	-		
1139	67	O	8.32	A	-		
1139	68	O	8.32	A	-		
1139	69	O	8.32	A	-		
1139	70	O	8.32	T	-		
1139	71	O	8.32	C	-		
1139	72	O	8.32	T	-		
1139	73	O	8.32	G	-		
1139	74	O	8.32	T	-		
1139	75	O	8.32	A	-		
1139	76	O	8.32	A	-		
1139	77	O	8.32	A	-		
1139	78	O	8.32	C	-		
1139	79	O	8.32	T	-		
1139	80	O	8.32	G	-		
1139	81	O	8.32	G	-		
1139	82	O	8.32	A	-		
1139	83	O	8.32	A	-		
1139	84	O	8.32	A	-		
1139	85	O	8.32	C	-		
1139	86	O	8.32	G	-		
1139	87	O	8.32	A	-		
1139	88	O	8.32	C	-		
1139	89	O	8.32	A	-		
1139	90	O	8.32	A	-		
1139	91	O	8.32	T	-		
1139	92	O	8.32	G	-		
1139	93	O	8.32	C	-		
1139	94	O	8.32	C	-		
1139	95	O	8.32	T	-		
1139	96	O	8.32	A	-		
1139	97	O	8.32	A	-		
1139	98	O	8.32	C	-		
1139	99	O	8.32	C	-		
1139	100	O	8.32	G	-		
1139	101	O	8.32	C	-		
1139	102	O	8.32	A	-		
1139	103	O	8.32	A	-		
1139	104	O	8.32	A	-		
1139	105	O	8.32	A	-		
1139	106	O	8.32	A	-		
1139	107	O	8.32	A	-		
1139	108	O	8.32	A	-		
1139	109	O	8.32	G	-		
1140	0	O	11.09	T	-		
1140	1	O	11.09	G	-		
1140	2	O	11.09	C	-		
1140	3	O	11.09	G	-		
1140	4	O	11.09	G	-		
1140	5	O	11.09	C	-		
1140	6	O	11.09	T	-		
1140	7	O	11.09	C	-		
1140	8	O	11.09	A	-		
1140	9	O	11.09	C	-		
1140	10	O	11.09	G	-		
1140	11	O	11.09	G	-		
1140	12	O	11.09	C	-		
1140	13	O	11.09	G	-		
1140	14	O	11.09	A	-		
1140	15	O	11.09	A	-		
1140	16	O	11.09	G	-		
1140	17	O	11.09	G	-		
1140	18	O	11.09	G	-		
1140	19	O	11.09	T	-		
1140	20	O	11.09	C	-		
1140	21	O	11.09	C	-		
1140	22	O	11.09	A	-		
1140	23	O	11.09	A	-		
1140	24	O	11.09	A	-		
1140	25	O	11.09	G	-		
1140	26	O	11.09	C	-		
1140	27	O	11.09	G	-		
1140	28	O	11.09	A	-		
1140	29	O	11.09	G	-		
1140	30	O	11.09	C	-		
1140	31	O	11.09	G	-		
1140	32	O	11.09	T	-		
1140	33	O	11.09	A	-		
1140	34	O	11.09	T	-		
1140	35	O	11.09	T	-		
1140	36	O	11.09	G	-		
1140	37	O	11.09	G	-		
1140	38	O	11.09	G	-		
1140	39	O	11.09	C	-		
1140	40	O	11.09	A	-		
1140	41	O	11.09	T	-		
1140	42	O	11.09	C	-		
1140	43	O	11.09	T	-		
1140	44	O	11.09	G	-		
1140	45	O	11.09	C	-		
1140	46	O	11.09	T	-		
1140	47	O	11.09	G	-		
1140	48	O	11.09	T	-		
1140	49	O	11.09	G	-		
1140	50	O	11.09	A	-		
1140	51	O	11.09	C	-		
1140	52	O	11.09	A	-		
1140	53	O	11.09	G	-		
1140	54	O	11.09	C	-		
1140	55	O	11.09	A	-		
1140	56	O	11.09	A	-		
1140	57	O	11.09	G	-		
1140	58	O	11.09	T	-		
1140	59	O	11.09	T	-		
1140	60	O	11.09	G	-		
1140	61	O	11.09	G	-		
1140	62	O	11.09	G	-		
1140	63	O	11.09	C	-		
1140	64	O	11.09	A	-		
1140	65	O	11.09	T	-		
1140	66	O	11.09	T	-		
1140	67	O	11.09	G	-		
1140	68	O	11.09	T	-		
1140	69	O	11.09	A	-		
1140	70	O	11.09	A	-		
1140	71	O	11.09	A	-		
1140	72	O	11.09	C	-		
1140	73	O	11.09	C	-		
1140	74	O	11.09	G	-		
1140	75	O	11.09	C	-		
1140	76	O	11.09	G	-		
1140	77	O	11.09	G	-		
1140	78	O	11.09	C	-		
1140	79	O	11.09	A	-		
1140	80	O	11.09	G	-		
1140	81	O	11.09	T	-		
1140	82	O	11.09	G	-		
1140	83	O	11.09	T	-		
1140	84	O	11.09	C	-		
1140	85	O	11.09	A	-		
1140	86	O	11.09	G	-		
1140	87	O	11.09	C	-		
1140	88	O	11.09	A	-		
1140	89	O	11.09	C	-		
1140	90	O	11.09	T	-		
1140	91	O	11.09	G	-		
1140	92	O	11.09	A	-		
1140	93	O	11.09	G	-		
1140	94	O	11.09	C	-		
1140	95	O	11.09	A	-		
1140	96	O	11.09	G	-		
1140	97	O	11.09	T	-		
1140	98	O	11.09	C	-		
1140	99	O	11.09	G	-		
1140	100	O	11.09	A	-		
1140	101	O	11.09	C	-		
1140	102	O	11.09	T	-		
1140	103	O	11.09	G	-		
1140	104	O	11.09	A	-		
1140	105	O	11.09	G	-		
1140	106	O	11.09	C	-		
1140	107	O	11.09	T	-		
1140	108	O	11.09	C	-		
1140	109	O	11.09	A	-		
1141	0	O	20.79	T	-		
1141	1	O	20.79	C	-		
1141	2	O	20.79	T	-		
1141	3	O	20.79	C	-		
1141	4	O	20.79	G	-		
1141	5	O	20.79	C	-		
1141	6	O	20.79	T	-		
1141	7	O	20.79	C	-		
1141	8	O	20.79	T	-		
1141	9	O	11.25	T	-		
1141	10	O	20.79	G	-		
1141	11	O	20.79	C	-		
1141	12	O	20.79	A	-		
1141	13	O	20.79	G	-		
1141	14	O	20.79	T	-		
1141	15	O	20.79	T	-		
1141	16	O	20.79	C	-		
1141	17	O	20.79	A	-		
1141	18	O	20.79	G	-		
1141	19	O	20.79	C	-		
1141	20	O	20.79	A	-		
1141	21	O	20.79	G	-		
1141	22	O	20.79	G	-		
1141	23	O	20.79	C	-		
1141	24	O	20.79	C	-		
1141	25	O	20.79	C	-		
1141	26	O	20.79	A	-		
1141	27	O	20.79	A	-		
1141	28	O	20.79	G	-		
1141	29	O	20.79	A	-		
1141	30	O	20.79	C	-		
1141	31	O	20.79	T	-		
1141	32	O	20.79	T	-		
1141	33	O	20.79	C	-		
1141	34	O	20.79	C	-		
1141	35	O	11.25	T	-		
1141	36	O	20.79	A	-		
1141	37	O	20.79	C	-		
1141	38	O	20.79	C	-		
1141	39	O	20.79	G	-		
1141	40	O	20.79	T	-		
1141	41	O	20.79	G	-		
1141	42	O	20.79	G	-		
1141	43	O	20.79	C	-		
1141	44	O	20.79	C	-		
1141	45	O	20.79	C	-		
1141	46	O	20.79	G	-		
1141	47	O	20.79	C	-		
1141	48	O	20.79	A	-		
1141	49	O	11.25	G	-		
1141	50	O	20.79	C	-		
1141	51	O	20.79	G	-		
1141	52	O	20.79	T	-		
1141	53	O	20.79	T	-		
1141	54	O	20.79	A	-		
1141	55	O	20.79	C	-		
1141	56	O	20.79	C	-		
1141	57	O	20.79	A	-		
1141	58	O	20.79	G	-		
1141	59	O	20.79	A	-		
1141	60	O	20.79	T	-		
1141	61	O	20.79	G	-		
1141	62	O	20.79	T	-		
1141	63	O	20.79	C	-		
1141	64	O	20.79	T	-		
1141	65	O	20.79	C	-		
1141	66	O	20.79	A	-		
1141	67	O	20.79	C	-		
1141	68	O	20.79	C	-		
1141	69	O	20.79	A	-		
1141	70	O	20.79	G	-		
1141	71	O	20.79	A	-		
1141	72	O	20.79	G	-		
1141	73	O	20.79	C	-		
1141	74	O	20.79	G	-		
1141	75	O	20.79	C	-		
1141	76	O	20.79	C	-		
1141	77	O	20.79	A	-		
1141	78	O	20.79	A	-		
1141	79	O	20.79	C	-		
1141	80	O	20.79	C	-		
1141	81	O	20.79	A	-		
1141	82	O	20.79	G	-		
1141	83	O	20.79	G	-		
1141	84	O	20.79	T	-		
1141	85	O	20.79	G	-		
1141	86	O	20.79	G	-		
1141	87	O	20.79	T	-		
1141	88	O	20.79	A	-		
1141	89	O	20.79	A	-		
1141	90	O	20.79	C	-		
1141	91	O	20.79	T	-		
1141	92	O	20.79	T	-		
1141	93	O	20.79	C	-		
1141	94	O	20.79	C	-		
1141	95	O	20.79	A	-		
1141	96	O	20.79	A	-		
1141	97	O	20.79	T	-		
1141	98	O	20.79	G	-		
1141	99	O	20.79	G	-		
1141	100	O	20.79	C	-		
1141	101	O	20.79	A	-		
1141	102	O	20.79	G	-		
1141	103	O	20.79	T	-		
1141	104	O	20.79	C	-		
1141	105	O	20.79	G	-		
1141	106	O	20.79	T	-		
1141	107	O	20.79	G	-		
1141	108	O	20.79	C	-		
1141	109	O	20.79	A	-		
1142	0	O	12.48	T	-		
1142	1	O	12.48	A	-		
1142	2	O	12.48	A	-		
1142	3	O	12.48	A	-		
1142	4	O	12.48	T	-		
1142	5	O	12.48	C	-		
1142	6	O	12.48	C	-		
1142	7	O	12.48	A	-		
1142	8	O	12.48	G	-		
1142	9	O	12.48	T	-		
1142	10	O	12.48	T	-		
1142	11	O	12.48	C	-		
1142	12	O	12.48	G	-		
1142	13	O	12.48	A	-		
1142	14	O	12.48	C	-		
1142	15	O	12.48	G	-		
1142	16	O	12.48	T	-		
1142	17	O	12.48	C	-		
1142	18	O	12.48	C	-		
1142	19	O	12.48	G	-		
1142	20	O	12.48	T	-		
1142	21	O	12.48	C	-		
1142	22	O	12.48	A	-		
1142	23	O	12.48	A	-		
1142	24	O	12.48	G	-		
1142	25	O	12.48	A	-		
1142	26	O	12.48	T	-		
1142	27	O	12.48	G	-		
1142	28	O	12.48	T	-		
1142	29	O	12.48	C	-		
1142	30	O	12.48	G	-		
1142	31	O	12.48	T	-		
1142	32	O	12.48	G	-		
1142	33	O	12.48	T	-		
1142	34	O	12.48	A	-		
1142	35	O	12.48	C	-		
1142	36	O	12.48	C	-		
1142	37	O	12.48	G	-		
1142	38	O	12.48	A	-		
1142	39	O	12.48	A	-		
1142	40	O	12.48	A	-		
1142	41	O	12.48	G	-		
1142	42	O	12.48	C	-		
1142	43	O	4.00	C	-		
1142	44	O	12.48	C	-		
1142	45	O	12.48	T	-		
1142	46	O	12.48	G	-		
1142	47	O	12.48	C	-		
1142	48	O	12.48	C	-		
1142	49	O	12.48	G	-		
1142	50	O	12.48	A	-		
1142	51	O	12.48	G	-		
1142	52	O	4.00	T	-		
1142	53	O	12.48	G	-		
1142	54	O	12.48	A	-		
1142	55	O	4.00	C	-		
1142	56	O	12.48	A	-		
1142	57	O	12.48	C	-		
1142	58	O	12.48	G	-		
1142	59	O	12.48	C	-		
1142	60	O	12.48	C	-		
1142	61	O	12.48	A	-		
1142	62	O	12.48	G	-		
1142	63	O	12.48	G	-		
1142	64	O	12.48	T	-		
1142	65	O	12.48	T	-		
1142	66	O	12.48	G	-		
1142	67	O	12.48	C	-		
1142	68	O	12.48	T	-		
1142	69	O	12.48	G	-		
1142	70	O	12.48	C	-		
1142	71	O	12.48	C	-		
1142	72	O	12.48	C	-		
1142	73	O	12.48	A	-		
1142	74	O	12.48	T	-		
1142	75	O	12.48	C	-		
1142	76	O	12.48	A	-		
1142	77	O	12.48	T	-		
1142	78	O	12.48	G	-		
1142	79	O	12.48	C	-		
1142	80	O	12.48	T	-		
1142	81	O	12.48	G	-		
1142	82	O	12.48	T	-		
1142	83	O	12.48	T	-		
1142	84	O	12.48	G	-		
1142	85	O	12.48	A	-		
1142	86	O	12.48	G	-		
1142	87	O	12.48	C	-		
1142	88	O	12.48	C	-		
1142	89	O	12.48	C	-		
1142	90	O	12.48	G	-		
1142	91	O	12.48	T	-		
1142	92	O	12.48	C	-		
1142	93	O	12.48	G	-		
1142	94	O	12.48	T	-		
1142	95	O	12.48	T	-		
1142	96	O	12.48	G	-		
1142	97	O	12.48	C	-		
1142	98	O	12.48	C	-		
1142	99	O	12.48	G	-		
1142	100	O	12.48	C	-		
1142	101	O	12.48	T	-		
1142	102	O	12.48	G	-		
1142	103	O	12.48	C	-		
1142	104	O	12.48	T	-		
1142	105	O	12.48	G	-		
1142	106	O	4.00	C	-		
1142	107	O	12.48	A	-		
1142	108	O	12.48	C	-		
1142	109	O	12.48	G	-		
1143	0	O	11.09	G	-		
1143	1	O	11.09	G	-		
1143	2	O	11.09	C	-		
1143	3	O	11.09	A	-		
1143	4	O	11.09	A	-		
1143	5	O	11.09	G	-		
1143	6	O	11.09	A	-		
1143	7	O	11.09	T	-		
1143	8	O	11.09	T	-		
1143	9	O	11.09	G	-		
1143	10	O	11.09	G	-		
1143	11	O	11.09	T	-		
1143	12	O	11.09	T	-		
1143	13	O	11.09	T	-		
1143	14	O	11.09	C	-		
1143	15	O	11.09	A	-		
1143	16	O	11.09	T	-		
1143	17	O	11.09	C	-		
1143	18	O	11.09	T	-		
1143	19	O	11.09	G	-		
1143	20	O	11.09	G	-		
1143	21	O	11.09	A	-		
1143	22	O	11.09	T	-		
1143	23	O	11.09	G	-		
1143	24	O	11.09	G	-		
1143	25	O	11.09	C	-		
1143	26	O	11.09	A	-		
1143	27	O	11.09	T	-		
1143	28	O	11.09	T	-		
1143	29	O	11.09	T	-		
1143	30	O	11.09	T	-		
1143	31	O	11.09	C	-		
1143	32	O	11.09	G	-		
1143	33	O	11.09	A	-		
1143	34	O	11.09	T	-		
1143	35	O	11.09	C	-		
1143	36	O	11.09	A	-		
1143	37	O	11.09	T	-		
1143	38	O	11.09	T	-		
1143	39	O	11.09	T	-		
1143	40	O	11.09	C	-		
1143	41	O	11.09	A	-		
1143	42	O	11.09	G	-		
1143	43	O	11.09	G	-		
1143	44	O	11.09	T	-		
1143	45	O	11.09	G	-		
1143	46	O	11.09	T	-		
1143	47	O	11.09	T	-		
1143	48	O	11.09	T	-		
1143	49	O	11.09	A	-		
1143	50	O	11.09	C	-		
1143	51	O	11.09	G	-		
1143	52	O	11.09	T	-		
1143	53	O	11.09	C	-		
1143	54	O	11.09	T	-		
1143	55	O	11.09	A	-		
1143	56	O	11.09	T	-		
1143	57	O	11.09	T	-		
1143	58	O	11.09	T	-		
1143	59	O	11.09	C	-		
1143	60	O	11.09	T	-		
1143	61	O	11.09	T	-		
1143	62	O	11.09	C	-		
1143	63	O	11.09	C	-		
1143	64	O	11.09	T	-		
1143	65	O	11.09	C	-		
1143	66	O	11.09	C	-		
1143	67	O	11.09	C	-		
1143	68	O	11.09	C	-		
1143	69	O	11.09	G	-		
1143	70	O	11.09	A	-		
1143	71	O	11.09	G	-		
1143	72	O	11.09	C	-		
1143	73	O	11.09	T	-		
1143	74	O	11.09	C	-		
1143	75	O	11.09	A	-		
1143	76	O	11.09	A	-		
1143	77	O	11.09	G	-		
1143	78	O	11.09	G	-		
1143	79	O	11.09	G	-		
1143	80	O	11.09	G	-		
1143	81	O	11.09	T	-		
1143	82	O	11.09	A	-		
1143	83	O	11.09	A	-		
1143	84	O	11.09	G	-		
1143	85	O	11.09	T	-		
1143	86	O	11.09	C	-		
1143	87	O	11.09	C	-		
1143	88	O	11.09	A	-		
1143	89	O	11.09	T	-		
1143	90	O	11.09	C	-		
1143	91	O	11.09	C	-		
1143	92	O	11.09	T	-		
1143	93	O	11.09	T	-		
1143	94	O	11.09	G	-		
1143	95	O	11.09	C	-		
1143	96	O	11.09	A	-		
1143	97	O	11.09	C	-		
1143	98	O	11.09	A	-		
1143	99	O	11.09	C	-		
1143	100	O	11.09	A	-		
1143	101	O	11.09	C	-		
1143	102	O	11.09	T	-		
1143	103	O	11.09	T	-		
1143	104	O	11.09	C	-		
1143	105	O	11.09	G	-		
1143	106	O	11.09	A	-		
1143	107	O	11.09	T	-		
1143	108	O	11.09	T	-		
1143	109	O	11.09	C	-		
1144	0	O	13.86	A	-		
1144	1	O	13.86	T	-		
1144	2	O	13.86	T	-		
1144	3	O	13.86	T	-		
1144	4	O	13.86	A	-		
1144	5	O	13.86	A	-		
1144	6	O	13.86	G	-		
1144	7	O	13.86	C	-		
1144	8	O	13.86	G	-		
1144	9	O	13.86	C	-		
1144	10	O	13.86	T	-		
1144	11	O	13.86	C	-		
1144	12	O	13.86	G	-		
1144	13	O	13.86	G	-		
1144	14	O	13.86	G	-		
1144	15	O	13.86	A	-		
1144	16	O	13.86	T	-		
1144	17	O	13.86	C	-		
1144	18	O	13.86	T	-		
1144	19	O	13.86	A	-		
1144	20	O	13.86	A	-		
1144	21	O	13.86	G	-		
1144	22	O	13.86	A	-		
1144	23	O	13.86	C	-		
1144	24	O	13.86	A	-		
1144	25	O	13.86	T	-		
1144	26	O	13.86	G	-		
1144	27	O	13.86	C	-		
1144	28	O	13.86	G	-		
1144	29	O	13.86	A	-		
1144	30	O	13.86	G	-		
1144	31	O	13.86	A	-		
1144	32	O	13.86	T	-		
1144	33	O	13.86	G	-		
1144	34	O	13.86	G	-		
1144	35	O	13.86	C	-		
1144	36	O	13.86	G	-		
1144	37	O	13.86	T	-		
1144	38	O	13.86	G	-		
1144	39	O	13.86	C	-		
1144	40	O	13.86	T	-		
1144	41	O	13.86	T	-		
1144	42	O	13.86	C	-		
1144	43	O	13.86	A	-		
1144	44	O	13.86	C	-		
1144	45	O	13.86	C	-		
1144	46	O	13.86	T	-		
1144	47	O	13.86	C	-		
1144	48	O	13.86	A	-		
1144	49	O	13.86	T	-		
1144	50	O	13.86	C	-		
1144	51	O	13.86	G	-		
1144	52	O	13.86	T	-		
1144	53	O	13.86	T	-		
1144	54	O	13.86	C	-		
1144	55	O	13.86	C	-		
1144	56	O	13.86	A	-		
1144	57	O	13.86	A	-		
1144	58	O	13.86	A	-		
1144	59	O	13.86	C	-		
1144	60	O	13.86	A	-		
1144	61	O	13.86	T	-		
1144	62	O	13.86	C	-		
1144	63	O	13.86	A	-		
1144	64	O	13.86	C	-		
1144	65	O	13.86	T	-		
1144	66	O	13.86	T	-		
1144	67	O	13.86	C	-		
1144	68	O	13.86	G	-		
1144	69	O	13.86	T	-		
1144	70	O	13.86	A	-		
1144	71	O	13.86	C	-		
1144	72	O	13.86	A	-		
1144	73	O	13.86	A	-		
1144	74	O	13.86	A	-		
1144	75	O	13.86	C	-		
1144	76	O	13.86	T	-		
1144	77	O	13.86	C	-		
1144	78	O	13.86	C	-		
1144	79	O	13.86	T	-		
1144	80	O	13.86	C	-		
1144	81	O	13.86	A	-		
1144	82	O	13.86	G	-		
1144	83	O	13.86	T	-		
1144	84	O	13.86	C	-		
1144	85	O	13.86	C	-		
1144	86	O	13.86	A	-		
1144	87	O	13.86	A	-		
1144	88	O	13.86	A	-		
1144	89	O	13.86	C	-		
1144	90	O	13.86	A	-		
1144	91	O	13.86	T	-		
1144	92	O	13.86	G	-		
1144	93	O	13.86	C	-		
1144	94	O	13.86	T	-		
1144	95	O	13.86	C	-		
1144	96	O	13.86	T	-		
1144	97	O	13.86	T	-		
1144	98	O	13.86	C	-		
1144	99	O	13.86	G	-		
1144	100	O	13.86	A	-		
1144	101	O	13.86	A	-		
1144	102	O	13.86	G	-		
1144	103	O	13.86	A	-		
1144	104	O	13.86	A	-		
1144	105	O	13.86	C	-		
1144	106	O	13.86	A	-		
1144	107	O	5.16	T	-		
1144	108	O	13.86	T	-		
1144	109	O	13.86	C	-		
1145	0	O	8.32	A	-		
1145	1	O	8.32	C	-		
1145	2	O	8.32	A	-		
1145	3	O	8.32	T	-		
1145	4	O	8.32	G	-		
1145	5	O	8.32	C	-		
1145	6	O	8.32	A	-		
1145	7	O	8.32	G	-		
1145	8	O	8.32	T	-		
1145	9	O	8.32	T	-		
1145	10	O	8.32	C	-		
1145	11	O	8.32	T	-		
1145	12	O	8.32	C	-		
1145	13	O	8.32	A	-		
1145	14	O	8.32	A	-		
1145	15	O	8.32	A	-		
1145	16	O	8.32	C	-		
1145	17	O	8.32	C	-		
1145	18	O	8.32	A	-		
1145	19	O	8.32	C	-		
1145	20	O	8.32	A	-		
1145	21	O	8.32	T	-		
1145	22	O	8.32	G	-		
1145	23	O	8.32	A	-		
1145	24	O	8.32	G	-		
1145	25	O	8.32	A	-		
1145	26	O	8.32	G	-		
1145	27	O	8.32	T	-		
1145	28	O	8.32	A	-		
1145	29	O	8.32	G	-		
1145	30	O	8.32	G	-		
1145	31	O	8.32	G	-		
1145	32	O	8.32	T	-		
1145	33	O	8.32	C	-		
1145	34	O	8.32	G	-		
1145	35	O	8.32	C	-		
1145	36	O	8.32	T	-		
1145	37	O	8.32	A	-		
1145	38	O	8.32	C	-		
1145	39	O	8.32	C	-		
1145	40	O	8.32	T	-		
1145	41	O	8.32	C	-		
1145	42	O	8.32	T	-		
1145	43	O	8.32	A	-		
1145	44	O	8.32	C	-		
1145	45	O	8.32	A	-		
1145	46	O	8.32	A	-		
1145	47	O	8.32	T	-		
1145	48	O	8.32	C	-		
1145	49	O	8.32	T	-		
1145	50	O	8.32	G	-		
1145	51	O	8.32	C	-		
1145	52	O	8.32	A	-		
1145	53	O	8.32	C	-		
1145	54	O	8.32	C	-		
1145	55	O	8.32	G	-		
1145	56	O	8.32	G	-		
1145	57	O	8.32	A	-		
1145	58	O	8.32	A	-		
1145	59	O	8.32	G	-		
1145	60	O	8.32	T	-		
1145	61	O	8.32	G	-		
1145	62	O	8.32	C	-		
1145	63	O	8.32	C	-		
1145	64	O	8.32	G	-		
1145	65	O	8.32	G	-		
1145	66	O	8.32	A	-		
1145	67	O	8.32	G	-		
1145	68	O	8.32	G	-		
1145	69	O	8.32	A	-		
1145	70	O	8.32	C	-		
1145	71	O	8.32	A	-		
1145	72	O	8.32	A	-		
1145	73	O	8.32	G	-		
1145	74	O	8.32	C	-		
1145	75	O	8.32	G	-		
1145	76	O	8.32	A	-		
1145	77	O	8.32	C	-		
1145	78	O	8.32	G	-		
1145	79	O	8.32	A	-		
1145	80	O	8.32	A	-		
1145	81	O	8.32	A	-		
1145	82	O	8.32	G	-		
1145	83	O	8.32	G	-		
1145	84	O	8.32	G	-		
1145	85	O	8.32	A	-		
1145	86	O	8.32	T	-		
1145	87	O	8.32	C	-		
1145	88	O	8.32	T	-		
1145	89	O	8.32	G	-		
1145	90	O	8.32	C	-		
1145	91	O	8.32	G	-		
1145	92	O	8.32	G	-		
1145	93	O	8.32	T	-		
1145	94	O	8.32	G	-		
1145	95	O	8.32	A	-		
1145	96	O	8.32	C	-		
1145	97	O	8.32	C	-		
1145	98	O	8.32	G	-		
1145	99	O	8.32	C	-		
1145	100	O	8.32	C	-		
1145	101	O	8.32	A	-		
1145	102	O	8.32	C	-		
1145	103	O	8.32	A	-		
1145	104	O	8.32	A	-		
1145	105	O	8.32	A	-		
1145	106	O	8.32	C	-		
1145	107	O	8.32	G	-		
1145	108	O	8.32	A	-		
1145	109	O	8.32	C	-		
1146	0	O	5.55	T	-		
1146	1	O	5.55	G	-		
1146	2	O	5.55	A	-		
1146	3	O	5.55	C	-		
1146	4	O	5.55	C	-		
1146	5	O	5.55	A	-		
1146	6	O	5.55	A	-		
1146	7	O	5.55	T	-		
1146	8	O	5.55	T	-		
1146	9	O	5.55	G	-		
1146	10	O	5.55	A	-		
1146	11	O	5.55	A	-		
1146	12	O	5.55	T	-		
1146	13	O	5.55	G	-		
1146	14	O	5.55	G	-		
1146	15	O	5.55	C	-		
1146	16	O	5.55	A	-		
1146	17	O	5.55	T	-		
1146	18	O	5.55	A	-		
1146	19	O	5.55	G	-		
1146	20	O	5.55	A	-		
1146	21	O	5.55	A	-		
1146	22	O	5.55	T	-		
1146	23	O	5.55	C	-		
1146	24	O	5.55	G	-		
1146	25	O	5.55	A	-		
1146	26	O	5.55	C	-		
1146	27	O	5.55	C	-		
1146	28	O	5.55	A	-		
1146	29	O	5.55	T	-		
1146	30	O	5.55	C	-		
1146	31	O	5.55	G	-		
1146	32	O	5.55	G	-		
1146	33	O	5.55	T	-		
1146	34	O	5.55	C	-		
1146	35	O	5.55	G	-		
1146	36	O	5.55	C	-		
1146	37	O	5.55	C	-		
1146	38	O	5.55	A	-		
1146	39	O	5.55	C	-		
1146	40	O	5.55	G	-		
1146	41	O	5.55	C	-		
1146	42	O	5.55	C	-		
1146	43	O	5.55	A	-		
1146	44	O	5.55	C	-		
1146	45	O	5.55	T	-		
1146	46	O	5.55	C	-		
1146	47	O	5.55	T	-		
1146	48	O	5.55	T	-		
1146	49	O	5.55	G	-		
1146	50	O	5.55	A	-		
1146	51	O	5.55	G	-		
1146	52	O	5.55	T	-		
1146	53	O	5.55	G	-		
1146	54	O	5.55	T	-		
1146	55	O	5.55	C	-		
1146	56	O	5.55	G	-		
1146	57	O	5.55	G	-		
1146	58	O	5.55	T	-		
1146	59	O	5.55	T	-		
1146	60	O	5.55	T	-		
1146	61	O	5.55	G	-		
1146	62	O	5.55	A	-		
1146	63	O	5.55	T	-		
1146	64	O	5.55	T	-		
1146	65	O	5.55	G	-		
1146	66	O	5.55	C	-		
1146	67	O	5.55	G	-		
1146	68	O	5.55	C	-		
1146	69	O	5.55	T	-		
1146	70	O	5.55	G	-		
1146	71	O	5.55	G	-		
1146	72	O	5.55	T	-		
1146	73	O	5.55	C	-		
1146	74	O	5.55	T	-		
1146	75	O	5.55	T	-		
1146	76	O	5.55	T	-		
1146	77	O	5.55	C	-		
1146	78	O	5.55	C	-		
1146	79	O	5.55	C	-		
1146	80	O	5.55	A	-		
1146	81	O	5.55	T	-		
1146	82	O	5.55	C	-		
1146	83	O	5.55	T	-		
1146	84	O	5.55	T	-		
1146	85	O	5.55	G	-		
1146	86	O	5.55	T	-		
1146	87	O	5.55	C	-		
1146	88	O	5.55	G	-		
1146	89	O	5.55	A	-		
1146	90	O	5.55	T	-		
1146	91	O	5.55	G	-		
1146	92	O	5.55	A	-		
1146	93	O	5.55	G	-		
1146	94	O	5.55	G	-		
1146	95	O	5.55	T	-		
1146	96	O	5.55	T	-		
1146	97	O	5.55	C	-		
1146	98	O	5.55	C	-		
1146	99	O	5.55	A	-		
1146	100	O	5.55	G	-		
1146	101	O	5.55	A	-		
1146	102	O	5.55	G	-		
1146	103	O	5.55	G	-		
1146	104	O	5.55	A	-		
1146	105	O	5.55	C	-		
1146	106	O	5.55	T	-		
1146	107	O	5.55	T	-		
1146	108	O	5.55	C	-		
1146	109	O	5.55	G	-		
1147	0	O	6.93	A	-		
1147	1	O	6.93	G	-		
1147	2	O	6.93	A	-		
1147	3	O	6.93	G	-		
1147	4	O	6.93	C	-		
1147	5	O	6.93	G	-		
1147	6	O	6.93	T	-		
1147	7	O	6.93	A	-		
1147	8	O	6.93	G	-		
1147	9	O	6.93	A	-		
1147	10	O	6.93	G	-		
1147	11	O	6.93	G	-		
1147	12	O	6.93	C	-		
1147	13	O	6.93	C	-		
1147	14	O	6.93	G	-		
1147	15	O	6.93	G	-		
1147	16	O	6.93	C	-		
1147	17	O	6.93	G	-		
1147	18	O	6.93	A	-		
1147	19	O	6.93	G	-		
1147	20	O	6.93	C	-		
1147	21	O	6.93	A	-		
1147	22	O	6.93	G	-		
1147	23	O	6.93	A	-		
1147	24	O	6.93	T	-		
1147	25	O	6.93	G	-		
1147	26	O	6.93	C	-		
1147	27	O	6.93	G	-		
1147	28	O	6.93	T	-		
1147	29	O	6.93	A	-		
1147	30	O	6.93	C	-		
1147	31	O	6.93	C	-		
1147	32	O	6.93	A	-		
1147	33	O	6.93	T	-		
1147	34	O	6.93	G	-		
1147	35	O	6.93	C	-		
1147	36	O	6.93	A	-		
1147	37	O	6.93	G	-		
1147	38	O	6.93	G	-		
1147	39	O	6.93	C	-		
1147	40	O	6.93	A	-		
1147	41	O	6.93	C	-		
1147	42	O	6.93	C	-		
1147	43	O	6.93	C	-		
1147	44	O	6.93	A	-		
1147	45	O	6.93	A	-		
1147	46	O	6.93	C	-		
1147	47	O	6.93	C	-		
1147	48	O	6.93	G	-		
1147	49	O	6.93	C	-		
1147	50	O	6.93	A	-		
1147	51	O	6.93	A	-		
1147	52	O	6.93	G	-		
1147	53	O	6.93	G	-		
1147	54	O	6.93	G	-		
1147	55	O	6.93	C	-		
1147	56	O	6.93	A	-		
1147	57	O	6.93	T	-		
1147	58	O	6.93	C	-		
1147	59	O	6.93	T	-		
1147	60	O	6.93	G	-		
1147	61	O	6.93	G	-		
1147	62	O	6.93	A	-		
1147	63	O	6.93	G	-		
1147	64	O	6.93	C	-		
1147	65	O	6.93	A	-		
1147	66	O	6.93	G	-		
1147	67	O	6.93	G	-		
1147	68	O	6.93	A	-		
1147	69	O	6.93	G	-		
1147	70	O	6.93	C	-		
1147	71	O	6.93	C	-		
1147	72	O	6.93	A	-		
1147	73	O	6.93	G	-		
1147	74	O	6.93	G	-		
1147	75	O	6.93	C	-		
1147	76	O	6.93	G	-		
1147	77	O	6.93	C	-		
1147	78	O	6.93	C	-		
1147	79	O	6.93	G	-		
1147	80	O	6.93	C	-		
1147	81	O	6.93	G	-		
1147	82	O	6.93	C	-		
1147	83	O	6.93	G	-		
1147	84	O	6.93	A	-		
1147	85	O	6.93	G	-		
1147	86	O	6.93	A	-		
1147	87	O	6.93	A	-		
1147	88	O	6.93	G	-		
1147	89	O	6.93	G	-		
1147	90	O	6.93	C	-		
1147	91	O	6.93	T	-		
1147	92	O	6.93	A	-		
1147	93	O	6.93	T	-		
1147	94	O	6.93	G	-		
1147	95	O	6.93	G	-		
1147	96	O	6.93	T	-		
1147	97	O	6.93	T	-		
1147	98	O	6.93	G	-		
1147	99	O	6.93	G	-		
1147	100	O	6.93	C	-		
1147	101	O	6.93	C	-		
1147	102	O	6.93	C	-		
1147	103	O	6.93	A	-		
1147	104	O	6.93	C	-		
1147	105	O	6.93	G	-		
1147	106	O	6.93	T	-		
1147	107	O	6.93	T	-		
1147	108	O	6.93	T	-		
1147	109	O	6.93	C	-		
1148	0	O	26.34	T	-		
1148	1	O	16.31	C	-		
1148	2	O	26.34	A	-		
1148	3	O	26.34	T	-		
1148	4	O	26.34	A	-		
1148	5	O	26.34	G	-		
1148	6	O	26.34	C	-		
1148	7	O	26.34	C	-		
1148	8	O	26.34	A	-		
1148	9	O	26.34	T	-		
1148	10	O	26.34	T	-		
1148	11	O	16.31	A	-		
1148	12	O	26.34	A	-		
1148	13	O	26.34	C	-		
1148	14	O	26.34	C	-		
1148	15	O	26.34	T	-		
1148	16	O	26.34	C	-		
1148	17	O	16.31	T	-		
1148	18	O	26.34	C	-		
1148	19	O	26.34	T	-		
1148	20	O	26.34	C	-		
1148	21	O	26.34	T	-		
1148	22	O	26.34	C	-		
1148	23	O	26.34	T	-		
1148	24	O	26.34	C	-		
1148	25	O	26.34	T	-		
1148	26	O	26.34	C	-		
1148	27	O	26.34	C	-		
1148	28	O	26.34	C	-		
1148	29	O	26.34	C	-		
1148	30	O	26.34	C	-		
1148	31	O	26.34	T	-		
1148	32	O	26.34	C	-		
1148	33	O	26.34	T	-		
1148	34	O	26.34	C	-		
1148	35	O	26.34	T	-		
1148	36	O	26.34	T	-		
1148	37	O	26.34	T	-		
1148	38	O	26.34	C	-		
1148	39	O	26.34	T	-		
1148	40	O	26.34	C	-		
1148	41	O	26.34	T	-		
1148	42	O	26.34	C	-		
1148	43	O	26.34	T	-		
1148	44	O	26.34	C	-		
1148	45	O	26.34	C	-		
1148	46	O	26.34	C	-		
1148	47	O	26.34	T	-		
1148	48	O	26.34	C	-		
1148	49	O	26.34	C	-		
1148	50	O	16.31	A	-		
1148	51	O	26.34	C	-		
1148	52	O	26.34	T	-		
1148	53	O	26.34	A	-		
1148	54	O	26.34	C	-		
1148	55	O	26.34	A	-		
1148	56	O	26.34	T	-		
1148	57	O	26.34	G	-		
1148	58	O	26.34	C	-		
1148	59	O	26.34	A	-		
1148	60	O	26.34	G	-		
1148	61	O	26.34	C	-		
1148	62	O	26.34	G	-		
1148	63	O	26.34	A	-		
1148	64	O	26.34	T	-		
1148	65	O	26.34	G	-		
1148	66	O	26.34	A	-		
1148	67	O	26.34	A	-		
1148	68	O	26.34	C	-		
1148	69	O	26.34	A	-		
1148	70	O	26.34	A	-		
1148	71	O	26.34	C	-		
1148	72	O	26.34	T	-		
1148	73	O	26.34	T	-		
1148	74	O	26.34	A	-		
1148	75	O	26.34	A	-		
1148	76	O	26.34	C	-		
1148	77	O	26.34	C	-		
1148	78	O	26.34	A	-		
1148	79	O	26.34	A	-		
1148	80	O	26.34	A	-		
1148	81	O	26.34	C	-		
1148	82	O	26.34	T	-		
1148	83	O	26.34	G	-		
1148	84	O	26.34	A	-		
1148	85	O	26.34	A	-		
1148	86	O	26.34	C	-		
1148	87	O	26.34	T	-		
1148	88	O	26.34	T	-		
1148	89	O	26.34	T	-		
1148	90	O	26.34	C	-		
1148	91	O	26.34	A	-		
1148	92	O	26.34	T	-		
1148	93	O	26.34	G	-		
1148	94	O	26.34	C	-		
1148	95	O	26.34	T	-		
1148	96	O	26.34	T	-		
1148	97	O	26.34	C	-		
1148	98	O	26.34	A	-		
1148	99	O	26.34	G	-		
1148	100	O	26.34	A	-		
1148	101	O	26.34	T	-		
1148	102	O	26.34	G	-		
1148	103	O	26.34	T	-		
1148	104	O	26.34	C	-		
1148	105	O	26.34	C	-		
1148	106	O	26.34	A	-		
1148	107	O	26.34	G	-		
1148	108	O	26.34	C	-		
1148	109	O	26.34	T	-		
1149	0	O	8.32	A	-		
1149	1	O	8.32	G	-		
1149	2	O	8.32	G	-		
1149	3	O	8.32	A	-		
1149	4	O	8.32	A	-		
1149	5	O	8.32	A	-		
1149	6	O	8.32	A	-		
1149	7	O	8.32	T	-		
1149	8	O	8.32	G	-		
1149	9	O	8.32	A	-		
1149	10	O	8.32	G	-		
1149	11	O	8.32	G	-		
1149	12	O	8.32	A	-		
1149	13	O	8.32	G	-		
1149	14	O	8.32	A	-		
1149	15	O	8.32	T	-		
1149	16	O	8.32	T	-		
1149	17	O	8.32	G	-		
1149	18	O	8.32	G	-		
1149	19	O	8.32	A	-		
1149	20	O	8.32	A	-		
1149	21	O	8.32	A	-		
1149	22	O	8.32	C	-		
1149	23	O	8.32	C	-		
1149	24	O	8.32	A	-		
1149	25	O	8.32	A	-		
1149	26	O	8.32	G	-		
1149	27	O	8.32	C	-		
1149	28	O	8.32	T	-		
1149	29	O	8.32	A	-		
1149	30	O	8.32	A	-		
1149	31	O	8.32	T	-		
1149	32	O	8.32	G	-		
1149	33	O	8.32	A	-		
1149	34	O	8.32	A	-		
1149	35	O	8.32	G	-		
1149	36	O	8.32	G	-		
1149	37	O	8.32	A	-		
1149	38	O	8.32	A	-		
1149	39	O	8.32	A	-		
1149	40	O	8.32	G	-		
1149	41	O	8.32	G	-		
1149	42	O	8.32	T	-		
1149	43	O	8.32	A	-		
1149	44	O	8.32	C	-		
1149	45	O	8.32	T	-		
1149	46	O	8.32	G	-		
1149	47	O	8.32	G	-		
1149	48	O	8.32	T	-		
1149	49	O	8.32	T	-		
1149	50	O	8.32	A	-		
1149	51	O	8.32	T	-		
1149	52	O	8.32	T	-		
1149	53	O	8.32	G	-		
1149	54	O	8.32	G	-		
1149	55	O	8.32	T	-		
1149	56	O	8.32	T	-		
1149	57	O	8.32	T	-		
1149	58	O	8.32	G	-		
1149	59	O	8.32	T	-		
1149	60	O	8.32	A	-		
1149	61	O	8.32	T	-		
1149	62	O	8.32	A	-		
1149	63	O	8.32	G	-		
1149	64	O	8.32	T	-		
1149	65	O	8.32	A	-		
1149	66	O	8.32	C	-		
1149	67	O	8.32	A	-		
1149	68	O	8.32	T	-		
1149	69	O	8.32	C	-		
1149	70	O	8.32	T	-		
1149	71	O	8.32	T	-		
1149	72	O	8.32	T	-		
1149	73	O	8.32	T	-		
1149	74	O	8.32	T	-		
1149	75	O	8.32	A	-		
1149	76	O	8.32	T	-		
1149	77	O	8.32	G	-		
1149	78	O	8.32	T	-		
1149	79	O	8.32	A	-		
1149	80	O	8.32	T	-		
1149	81	O	8.32	T	-		
1149	82	O	8.32	C	-		
1149	83	O	8.32	A	-		
1149	84	O	8.32	G	-		
1149	85	O	8.32	A	-		
1149	86	O	8.32	T	-		
1149	87	O	8.32	A	-		
1149	88	O	8.32	G	-		
1149	89	O	8.32	T	-		
1149	90	O	8.32	G	-		
1149	91	O	8.32	C	-		
1149	92	O	8.32	A	-		
1149	93	O	8.32	T	-		
1149	94	O	8.32	G	-		
1149	95	O	8.32	G	-		
1149	96	O	8.32	A	-		
1149	97	O	8.32	G	-		
1149	98	O	8.32	T	-		
1149	99	O	8.32	A	-		
1149	100	O	8.32	G	-		
1149	101	O	8.32	G	-		
1149	102	O	8.32	A	-		
1149	103	O	8.32	G	-		
1149	104	O	8.32	C	-		
1149	105	O	8.32	T	-		
1149	106	O	8.32	T	-		
1149	107	O	8.32	G	-		
1149	108	O	8.32	A	-		
1149	109	O	8.32	A	-		
1150	0	O	18.02	T	-		
1150	1	O	18.02	T	-		
1150	2	O	18.02	C	-		
1150	3	O	18.02	A	-		
1150	4	O	18.02	A	-		
1150	5	O	18.02	G	-		
1150	6	O	18.02	C	-		
1150	7	O	18.02	G	-		
1150	8	O	18.02	C	-		
1150	9	O	18.02	C	-		
1150	10	O	18.02	T	-		
1150	11	O	18.02	G	-		
1150	12	O	18.02	T	-		
1150	13	O	18.02	G	-		
1150	14	O	18.02	T	-		
1150	15	O	18.02	G	-		
1150	16	O	18.02	G	-		
1150	17	O	18.02	T	-		
1150	18	O	18.02	G	-		
1150	19	O	18.02	G	-		
1150	20	O	18.02	C	-		
1150	21	O	18.02	G	-		
1150	22	O	18.02	T	-		
1150	23	O	18.02	C	-		
1150	24	O	18.02	T	-		
1150	25	O	18.02	A	-		
1150	26	O	18.02	C	-		
1150	27	O	18.02	A	-		
1150	28	O	18.02	T	-		
1150	29	O	18.02	G	-		
1150	30	O	18.02	T	-		
1150	31	O	18.02	G	-		
1150	32	O	18.02	C	-		
1150	33	O	18.02	T	-		
1150	34	O	18.02	G	-		
1150	35	O	18.02	G	-		
1150	36	O	18.02	C	-		
1150	37	O	18.02	T	-		
1150	38	O	18.02	C	-		
1150	39	O	18.02	T	-		
1150	40	O	18.02	C	-		
1150	41	O	18.02	G	-		
1150	42	O	18.02	C	-		
1150	43	O	18.02	T	-		
1150	44	O	18.02	A	-		
1150	45	O	18.02	A	-		
1150	46	O	18.02	C	-		
1150	47	O	18.02	G	-		
1150	48	O	18.02	G	-		
1150	49	O	18.02	T	-		
1150	50	O	18.02	C	-		
1150	51	O	18.02	C	-		
1150	52	O	18.02	T	-		
1150	53	O	18.02	A	-		
1150	54	O	18.02	G	-		
1150	55	O	18.02	A	-		
1150	56	O	18.02	T	-		
1150	57	O	18.02	C	-		
1150	58	O	18.02	A	-		
1150	59	O	18.02	G	-		
1150	60	O	18.02	G	-		
1150	61	O	18.02	A	-		
1150	62	O	18.02	G	-		
1150	63	O	18.02	G	-		
1150	64	O	18.02	G	-		
1150	65	O	18.02	A	-		
1150	66	O	18.02	A	-		
1150	67	O	18.02	A	-		
1150	68	O	18.02	G	-		
1150	69	O	18.02	C	-		
1150	70	O	18.02	C	-		
1150	71	O	18.02	A	-		
1150	72	O	18.02	T	-		
1150	73	O	18.02	C	-		
1150	74	O	18.02	A	-		
1150	75	O	18.02	T	-		
1150	76	O	18.02	T	-		
1150	77	O	18.02	A	-		
1150	78	O	18.02	A	-		
1150	79	O	18.02	C	-		
1150	80	O	18.02	G	-		
1150	81	O	18.02	G	-		
1150	82	O	18.02	C	-		
1150	83	O	8.77	A	-		
1150	84	O	18.02	C	-		
1150	85	O	18.02	A	-		
1150	86	O	18.02	A	-		
1150	87	O	18.02	C	-		
1150	88	O	18.02	C	-		
1150	89	O	18.02	G	-		
1150	90	O	18.02	A	-		
1150	91	O	18.02	G	-		
1150	92	O	18.02	G	-		
1150	93	O	18.02	C	-		
1150	94	O	18.02	G	-		
1150	95	O	18.02	G	-		
1150	96	O	18.02	C	-		
1150	97	O	18.02	T	-		
1150	98	O	18.02	A	-		
1150	99	O	18.02	A	-		
1150	100	O	18.02	G	-		
1150	101	O	18.02	C	-		
1150	102	O	18.02	C	-		
1150	103	O	18.02	C	-		
1150	104	O	8.77	G	-		
1150	105	O	18.02	G	-		
1150	106	O	18.02	A	-		
1150	107	O	18.02	C	-		
1150	108	O	18.02	A	-		
1150	109	O	18.02	T	-		
1151	0	O	8.32	T	-		
1151	1	O	8.32	G	-		
1151	2	O	8.32	C	-		
1151	3	O	8.32	A	-		
1151	4	O	8.32	T	-		
1151	5	O	8.32	C	-		
1151	6	O	8.32	C	-		
1151	7	O	8.32	T	-		
1151	8	O	8.32	C	-		
1151	9	O	8.32	T	-		
1151	10	O	8.32	A	-		
1151	11	O	8.32	T	-		
1151	12	O	8.32	C	-		
1151	13	O	8.32	C	-		
1151	14	O	8.32	G	-		
1151	15	O	8.32	C	-		
1151	16	O	8.32	G	-		
1151	17	O	8.32	C	-		
1151	18	O	8.32	G	-		
1151	19	O	8.32	G	-		
1151	20	O	8.32	A	-		
1151	21	O	8.32	T	-		
1151	22	O	8.32	T	-		
1151	23	O	8.32	T	-		
1151	24	O	8.32	T	-		
1151	25	O	8.32	T	-		
1151	26	O	8.32	G	-		
1151	27	O	8.32	C	-		
1151	28	O	8.32	T	-		
1151	29	O	8.32	G	-		
1151	30	O	8.32	A	-		
1151	31	O	8.32	C	-		
1151	32	O	8.32	T	-		
1151	33	O	8.32	A	-		
1151	34	O	8.32	G	-		
1151	35	O	8.32	C	-		
1151	36	O	8.32	G	-		
1151	37	O	8.32	T	-		
1151	38	O	8.32	T	-		
1151	39	O	8.32	G	-		
1151	40	O	8.32	C	-		
1151	41	O	8.32	T	-		
1151	42	O	8.32	G	-		
1151	43	O	8.32	G	-		
1151	44	O	8.32	G	-		
1151	45	O	8.32	A	-		
1151	46	O	8.32	T	-		
1151	47	O	8.32	G	-		
1151	48	O	8.32	C	-		
1151	49	O	8.32	C	-		
1151	50	O	8.32	G	-		
1151	51	O	8.32	T	-		
1151	52	O	8.32	G	-		
1151	53	O	8.32	A	-		
1151	54	O	8.32	C	-		
1151	55	O	8.32	T	-		
1151	56	O	8.32	C	-		
1151	57	O	8.32	T	-		
1151	58	O	8.32	T	-		
1151	59	O	8.32	C	-		
1151	60	O	8.32	T	-		
1151	61	O	8.32	C	-		
1151	62	O	8.32	G	-		
1151	63	O	8.32	T	-		
1151	64	O	8.32	C	-		
1151	65	O	8.32	G	-		
1151	66	O	8.32	T	-		
1151	67	O	8.32	C	-		
1151	68	O	8.32	G	-		
1151	69	O	8.32	T	-		
1151	70	O	8.32	T	-		
1151	71	O	8.32	T	-		
1151	72	O	8.32	G	-		
1151	73	O	8.32	T	-		
1151	74	O	8.32	T	-		
1151	75	O	8.32	G	-		
1151	76	O	8.32	G	-		
1151	77	O	8.32	G	-		
1151	78	O	8.32	T	-		
1151	79	O	8.32	C	-		
1151	80	O	8.32	T	-		
1151	81	O	8.32	T	-		
1151	82	O	8.32	G	-		
1151	83	O	8.32	C	-		
1151	84	O	8.32	C	-		
1151	85	O	8.32	A	-		
1151	86	O	8.32	T	-		
1151	87	O	8.32	C	-		
1151	88	O	8.32	G	-		
1151	89	O	8.32	G	-		
1151	90	O	8.32	C	-		
1151	91	O	8.32	A	-		
1151	92	O	8.32	G	-		
1151	93	O	8.32	A	-		
1151	94	O	8.32	T	-		
1151	95	O	8.32	T	-		
1151	96	O	8.32	G	-		
1151	97	O	8.32	C	-		
1151	98	O	8.32	T	-		
1151	99	O	8.32	G	-		
1151	100	O	8.32	C	-		
1151	101	O	8.32	C	-		
1151	102	O	8.32	T	-		
1151	103	O	8.32	T	-		
1151	104	O	8.32	T	-		
1151	105	O	8.32	C	-		
1151	106	O	8.32	A	-		
1151	107	O	8.32	C	-		
1151	108	O	8.32	C	-		
1151	109	O	8.32	A	-		
1152	0	O	5.55	C	-		
1152	1	O	5.55	A	-		
1152	2	O	5.55	C	-		
1152	3	O	5.55	C	-		
1152	4	O	5.55	G	-		
1152	5	O	5.55	C	-		
1152	6	O	5.55	G	-		
1152	7	O	5.55	C	-		
1152	8	O	5.55	A	-		
1152	9	O	5.55	C	-		
1152	10	O	5.55	A	-		
1152	11	O	5.55	T	-		
1152	12	O	5.55	C	-		
1152	13	O	5.55	G	-		
1152	14	O	5.55	G	-		
1152	15	O	5.55	C	-		
1152	16	O	5.55	C	-		
1152	17	O	5.55	T	-		
1152	18	O	5.55	G	-		
1152	19	O	5.55	G	-		
1152	20	O	5.55	A	-		
1152	21	O	5.55	A	-		
1152	22	O	5.55	G	-		
1152	23	O	5.55	A	-		
1152	24	O	5.55	G	-		
1152	25	O	5.55	T	-		
1152	26	O	5.55	A	-		
1152	27	O	5.55	T	-		
1152	28	O	5.55	G	-		
1152	29	O	5.55	T	-		
1152	30	O	5.55	C	-		
1152	31	O	5.55	G	-		
1152	32	O	5.55	A	-		
1152	33	O	5.55	G	-		
1152	34	O	5.55	A	-		
1152	35	O	5.55	G	-		
1152	36	O	5.55	C	-		
1152	37	O	5.55	G	-		
1152	38	O	5.55	C	-		
1152	39	O	5.55	G	-		
1152	40	O	5.55	C	-		
1152	41	O	5.55	T	-		
1152	42	O	5.55	T	-		
1152	43	O	5.55	G	-		
1152	44	O	5.55	C	-		
1152	45	O	5.55	G	-		
1152	46	O	5.55	C	-		
1152	47	O	5.55	G	-		
1152	48	O	5.55	C	-		
1152	49	O	5.55	T	-		
1152	50	O	5.55	T	-		
1152	51	O	5.55	T	-		
1152	52	O	5.55	G	-		
1152	53	O	5.55	G	-		
1152	54	O	5.55	T	-		
1152	55	O	5.55	A	-		
1152	56	O	5.55	C	-		
1152	57	O	5.55	G	-		
1152	58	O	5.55	T	-		
1152	59	O	5.55	G	-		
1152	60	O	5.55	C	-		
1152	61	O	5.55	G	-		
1152	62	O	5.55	C	-		
1152	63	O	5.55	C	-		
1152	64	O	5.55	C	-		
1152	65	O	5.55	A	-		
1152	66	O	5.55	C	-		
1152	67	O	5.55	G	-		
1152	68	O	5.55	C	-		
1152	69	O	5.55	G	-		
1152	70	O	5.55	T	-		
1152	71	O	5.55	C	-		
1152	72	O	5.55	A	-		
1152	73	O	5.55	G	-		
1152	74	O	5.55	C	-		
1152	75	O	5.55	T	-		
1152	76	O	5.55	G	-		
1152	77	O	5.55	A	-		
1152	78	O	5.55	C	-		
1152	79	O	5.55	G	-		
1152	80	O	5.55	C	-		
1152	81	O	5.55	G	-		
1152	82	O	5.55	A	-		
1152	83	O	5.55	C	-		
1152	84	O	5.55	C	-		
1152	85	O	5.55	G	-		
1152	86	O	5.55	A	-		
1152	87	O	5.55	G	-		
1152	88	O	5.55	G	-		
1152	89	O	5.55	T	-		
1152	90	O	5.55	A	-		
1152	91	O	5.55	G	-		
1152	92	O	5.55	T	-		
1152	93	O	5.55	C	-		
1152	94	O	5.55	G	-		
1152	95	O	5.55	C	-		
1152	96	O	5.55	C	-		
1152	97	O	5.55	C	-		
1152	98	O	5.55	G	-		
1152	99	O	5.55	T	-		
1152	100	O	5.55	G	-		
1152	101	O	5.55	C	-		
1152	102	O	5.55	G	-		
1152	103	O	5.55	G	-		
1152	104	O	5.55	G	-		
1152	105	O	5.55	T	-		
1152	106	O	5.55	A	-		
1152	107	O	5.55	T	-		
1152	108	O	5.55	C	-		
1152	109	O	5.55	G	-		
1153	0	O	15.25	T	-		
1153	1	O	15.25	G	-		
1153	2	O	15.25	T	-		
1153	3	O	15.25	A	-		
1153	4	O	15.25	G	-		
1153	5	O	15.25	T	-		
1153	6	O	15.25	G	-		
1153	7	O	15.25	A	-		
1153	8	O	15.25	G	-		
1153	9	O	15.25	T	-		
1153	10	O	15.25	T	-		
1153	11	O	15.25	G	-		
1153	12	O	15.25	C	-		
1153	13	O	15.25	G	-		
1153	14	O	15.25	G	-		
1153	15	O	15.25	G	-		
1153	16	O	15.25	G	-		
1153	17	O	15.25	A	-		
1153	18	O	15.25	A	-		
1153	19	O	15.25	C	-		
1153	20	O	15.25	C	-		
1153	21	O	15.25	T	-		
1153	22	O	15.25	T	-		
1153	23	O	15.25	G	-		
1153	24	O	15.25	G	-		
1153	25	O	15.25	A	-		
1153	26	O	15.25	G	-		
1153	27	O	15.25	A	-		
1153	28	O	15.25	A	-		
1153	29	O	15.25	C	-		
1153	30	O	15.25	G	-		
1153	31	O	15.25	G	-		
1153	32	O	15.25	G	-		
1153	33	O	15.25	G	-		
1153	34	O	15.25	A	-		
1153	35	O	15.25	T	-		
1153	36	O	15.25	G	-		
1153	37	O	15.25	C	-		
1153	38	O	15.25	G	-		
1153	39	O	15.25	A	-		
1153	40	O	15.25	T	-		
1153	41	O	15.25	T	-		
1153	42	O	15.25	G	-		
1153	43	O	15.25	T	-		
1153	44	O	15.25	G	-		
1153	45	O	15.25	G	-		
1153	46	O	15.25	A	-		
1153	47	O	15.25	G	-		
1153	48	O	15.25	C	-		
1153	49	O	15.25	C	-		
1153	50	O	15.25	G	-		
1153	51	O	15.25	A	-		
1153	52	O	15.25	A	-		
1153	53	O	15.25	T	-		
1153	54	O	15.25	A	-		
1153	55	O	15.25	T	-		
1153	56	O	15.25	A	-		
1153	57	O	15.25	C	-		
1153	58	O	15.25	T	-		
1153	59	O	15.25	G	-		
1153	60	O	15.25	C	-		
1153	61	O	15.25	G	-		
1153	62	O	15.25	C	-		
1153	63	O	15.25	A	-		
1153	64	O	15.25	C	-		
1153	65	O	15.25	G	-		
1153	66	O	15.25	T	-		
1153	67	O	15.25	A	-		
1153	68	O	15.25	C	-		
1153	69	O	15.25	G	-		
1153	70	O	15.25	G	-		
1153	71	O	15.25	C	-		
1153	72	O	15.25	G	-		
1153	73	O	15.25	T	-		
1153	74	O	15.25	T	-		
1153	75	O	15.25	G	-		
1153	76	O	15.25	T	-		
1153	77	O	15.25	T	-		
1153	78	O	15.25	A	-		
1153	79	O	15.25	G	-		
1153	80	O	15.25	T	-		
1153	81	O	15.25	A	-		
1153	82	O	15.25	G	-		
1153	83	O	15.25	T	-		
1153	84	O	15.25	C	-		
1153	85	O	15.25	T	-		
1153	86	O	15.25	T	-		
1153	87	O	15.25	A	-		
1153	88	O	15.25	C	-		
1153	89	O	15.25	C	-		
1153	90	O	15.25	T	-		
1153	91	O	15.25	C	-		
1153	92	O	15.25	C	-		
1153	93	O	15.25	T	-		
1153	94	O	15.25	G	-		
1153	95	O	15.25	T	-		
1153	96	O	15.25	G	-		
1153	97	O	15.25	C	-		
1153	98	O	15.25	A	-		
1153	99	O	15.25	A	-		
1153	100	O	15.25	C	-		
1153	101	O	15.25	C	-		
1153	102	O	15.25	C	-		
1153	103	O	15.25	G	-		
1153	104	O	15.25	A	-		
1153	105	O	15.25	G	-		
1153	106	O	15.25	G	-		
1153	107	O	15.25	C	-		
1153	108	O	15.25	A	-		
1153	109	O	15.25	G	-		
1154	0	U	0.00	-	-		
1154	1	U	0.00	-	-		
1154	2	O	8.32	C	-		
1154	3	O	8.32	G	-		
1154	4	O	8.32	C	-		
1154	5	O	8.32	C	-		
1154	6	O	8.32	A	-		
1154	7	O	8.32	C	-		
1154	8	O	8.32	T	-		
1154	9	O	8.32	G	-		
1154	10	O	8.32	T	-		
1154	11	O	8.32	T	-		
1154	12	O	8.32	A	-		
1154	13	O	8.32	T	-		
1154	14	O	8.32	C	-		
1154	15	O	8.32	A	-		
1154	16	O	8.32	C	-		
1154	17	O	8.32	C	-		
1154	18	O	8.32	A	-		
1154	19	O	8.32	G	-		
1154	20	O	8.32	T	-		
1154	21	O	8.32	A	-		
1154	22	O	8.32	G	-		
1154	23	O	8.32	T	-		
1154	24	O	8.32	G	-		
1154	25	O	8.32	T	-		
1154	26	O	8.32	A	-		
1154	27	O	8.32	A	-		
1154	28	O	8.32	A	-		
1154	29	O	8.32	G	-		
1154	30	O	8.32	A	-		
1154	31	O	8.32	C	-		
1154	32	O	8.32	T	-		
1154	33	O	8.32	C	-		
1154	34	O	8.32	C	-		
1154	35	O	8.32	G	-		
1154	36	O	8.32	A	-		
1154	37	O	8.32	A	-		
1154	38	O	8.32	T	-		
1154	39	O	8.32	C	-		
1154	40	O	8.32	C	-		
1154	41	O	8.32	T	-		
1154	42	O	8.32	C	-		
1154	43	O	8.32	C	-		
1154	44	O	8.32	G	-		
1154	45	O	8.32	A	-		
1154	46	O	8.32	A	-		
1154	47	O	8.32	T	-		
1154	48	O	8.32	A	-		
1154	49	O	8.32	G	-		
1154	50	O	8.32	G	-		
1154	51	O	8.32	A	-		
1154	52	O	8.32	A	-		
1154	53	O	8.32	T	-		
1154	54	O	8.32	T	-		
1154	55	O	8.32	T	-		
1154	56	O	8.32	C	-		
1154	57	O	8.32	A	-		
1154	58	O	8.32	G	-		
1154	59	O	8.32	G	-		
1154	60	O	8.32	A	-		
1154	61	O	8.32	A	-		
1154	62	O	8.32	A	-		
1154	63	O	8.32	G	-		
1154	64	O	8.32	A	-		
1154	65	O	8.32	C	-		
1154	66	O	8.32	C	-		
1154	67	O	8.32	C	-		
1154	68	O	8.32	T	-		
1154	69	O	8.32	C	-		
1154	70	O	8.32	T	-		
1154	71	O	8.32	A	-		
1154	72	O	8.32	C	-		
1154	73	O	8.32	G	-		
1154	74	O	8.32	T	-		
1154	75	O	8.32	G	-		
1154	76	O	8.32	T	-		
1154	77	O	8.32	T	-		
1154	78	O	8.32	A	-		
1154	79	O	8.32	G	-		
1154	80	O	8.32	C	-		
1154	81	O	8.32	C	-		
1154	82	O	8.32	G	-		
1154	83	O	8.32	G	-		
1154	84	O	8.32	A	-		
1154	85	O	8.32	A	-		
1154	86	O	8.32	A	-		
1154	87	O	8.32	G	-		
1154	88	O	8.32	T	-		
1154	89	O	8.32	C	-		
1154	90	O	8.32	G	-		
1154	91	O	8.32	G	-		
1154	92	O	8.32	G	-		
1154	93	O	8.32	A	-		
1154	94	O	8.32	A	-		
1154	95	O	8.32	G	-		
1154	96	O	8.32	A	-		
1154	97	O	8.32	T	-		
1154	98	O	8.32	A	-		
1154	99	O	8.32	A	-		
1154	100	O	8.32	C	-		
1154	101	O	8.32	C	-		
1154	102	O	8.32	G	-		
1154	103	O	8.32	G	-		
1154	104	O	8.32	T	-		
1154	105	O	8.32	G	-		
1154	106	O	8.32	G	-		
1154	107	O	8.32	A	-		
1154	108	O	8.32	G	-		
1154	109	O	8.32	C	-		
1154	110	U	0.00	-	-		
1154	111	U	0.00	-	-		
1155	0	O	16.64	T	-		
1155	1	O	16.64	G	-		
1155	2	O	16.64	G	-		
1155	3	O	16.64	T	-		
1155	4	O	16.64	T	-		
1155	5	O	16.64	A	-		
1155	6	O	16.64	G	-		
1155	7	O	16.64	C	-		
1155	8	O	16.64	A	-		
1155	9	O	16.64	C	-		
1155	10	O	16.64	G	-		
1155	11	O	16.64	G	-		
1155	12	O	16.64	T	-		
1155	13	O	16.64	T	-		
1155	14	O	16.64	G	-		
1155	15	O	16.64	G	-		
1155	16	O	16.64	C	-		
1155	17	O	16.64	G	-		
1155	18	O	16.64	C	-		
1155	19	O	16.64	C	-		
1155	20	O	16.64	C	-		
1155	21	O	16.64	T	-		
1155	22	O	16.64	C	-		
1155	23	O	16.64	T	-		
1155	24	O	16.64	T	-		
1155	25	O	16.64	G	-		
1155	26	O	16.64	A	-		
1155	27	O	16.64	C	-		
1155	28	O	16.64	C	-		
1155	29	O	16.64	A	-		
1155	30	O	16.64	T	-		
1155	31	O	16.64	G	-		
1155	32	O	16.64	C	-		
1155	33	O	16.64	C	-		
1155	34	O	16.64	A	-		
1155	35	O	16.64	A	-		
1155	36	O	16.64	T	-		
1155	37	O	16.64	G	-		
1155	38	O	16.64	T	-		
1155	39	O	16.64	T	-		
1155	40	O	16.64	G	-		
1155	41	O	16.64	C	-		
1155	42	O	16.64	T	-		
1155	43	O	16.64	A	-		
1155	44	O	16.64	T	-		
1155	45	O	16.64	A	-		
1155	46	O	16.64	C	-		
1155	47	O	16.64	A	-		
1155	48	O	16.64	T	-		
1155	49	O	16.64	A	-		
1155	50	O	16.64	A	-		
1155	51	O	16.64	T	-		
1155	52	O	16.64	G	-		
1155	53	O	16.64	G	-		
1155	54	O	16.64	A	-		
1155	55	O	16.64	G	-		
1155	56	O	16.64	A	-		
1155	57	O	16.64	T	-		
1155	58	O	16.64	T	-		
1155	59	O	16.64	A	-		
1155	60	O	16.64	G	-		
1155	61	O	16.64	T	-		
1155	62	O	16.64	C	-		
1155	63	O	16.64	T	-		
1155	64	O	16.64	G	-		
1155	65	O	16.64	C	-		
1155	66	O	16.64	C	-		
1155	67	O	16.64	G	-		
1155	68	O	16.64	C	-		
1155	69	O	16.64	A	-		
1155	70	O	16.64	G	-		
1155	71	O	16.64	G	-		
1155	72	O	7.55	A	-		
1155	73	O	16.64	T	-		
1155	74	O	16.64	G	-		
1155	75	O	16.64	G	-		
1155	76	O	16.64	A	-		
1155	77	O	16.64	C	-		
1155	78	O	16.64	C	-		
1155	79	O	16.64	T	-		
1155	80	O	16.64	C	-		
1155	81	O	16.64	A	-		
1155	82	O	16.64	A	-		
1155	83	O	16.64	C	-		
1155	84	O	16.64	A	-		
1155	85	O	16.64	C	-		
1155	86	O	16.64	G	-		
1155	87	O	16.64	C	-		
1155	88	O	16.64	C	-		
1155	89	O	16.64	A	-		
1155	90	O	16.64	T	-		
1155	91	O	16.64	C	-		
1155	92	O	16.64	C	-		
1155	93	O	16.64	A	-		
1155	94	O	16.64	A	-		
1155	95	O	16.64	G	-		
1155	96	O	16.64	T	-		
1155	97	O	16.64	A	-		
1155	98	O	16.64	C	-		
1155	99	O	16.64	C	-		
1155	100	O	16.64	C	-		
1155	101	O	16.64	T	-		
1155	102	O	16.64	A	-		
1155	103	O	16.64	C	-		
1155	104	O	16.64	G	-		
1155	105	O	16.64	G	-		
1155	106	O	16.64	A	-		
1155	107	O	16.64	C	-		
1155	108	O	16.64	G	-		
1155	109	O	16.64	A	-		
1156	0	O	11.09	G	-		
1156	1	O	11.09	G	-		
1156	2	O	11.09	C	-		
1156	3	O	11.09	A	-		
1156	4	O	11.09	G	-		
1156	5	O	11.09	A	-		
1156	6	O	11.09	T	-		
1156	7	O	11.09	G	-		
1156	8	O	11.09	G	-		
1156	9	O	11.09	C	-		
1156	10	O	11.09	T	-		
1156	11	O	11.09	G	-		
1156	12	O	11.09	T	-		
1156	13	O	11.09	A	-		
1156	14	O	11.09	G	-		
1156	15	O	11.09	T	-		
1156	16	O	11.09	T	-		
1156	17	O	11.09	C	-		
1156	18	O	11.09	T	-		
1156	19	O	11.09	G	-		
1156	20	O	11.09	G	-		
1156	21	O	11.09	C	-		
1156	22	O	11.09	A	-		
1156	23	O	11.09	G	-		
1156	24	O	11.09	A	-		
1156	25	O	11.09	T	-		
1156	26	O	11.09	G	-		
1156	27	O	11.09	A	-		
1156	28	O	11.09	C	-		
1156	29	O	11.09	G	-		
1156	30	O	11.09	C	-		
1156	31	O	11.09	T	-		
1156	32	O	11.09	G	-		
1156	33	O	11.09	T	-		
1156	34	O	11.09	G	-		
1156	35	O	11.09	C	-		
1156	36	O	11.09	T	-		
1156	37	O	11.09	C	-		
1156	38	O	11.09	G	-		
1156	39	O	11.09	T	-		
1156	40	O	11.09	G	-		
1156	41	O	11.09	G	-		
1156	42	O	11.09	C	-		
1156	43	O	11.09	T	-		
1156	44	O	11.09	A	-		
1156	45	O	11.09	G	-		
1156	46	O	11.09	A	-		
1156	47	O	11.09	C	-		
1156	48	O	11.09	C	-		
1156	49	O	11.09	T	-		
1156	50	O	11.09	G	-		
1156	51	O	11.09	G	-		
1156	52	O	11.09	T	-		
1156	53	O	11.09	G	-		
1156	54	O	11.09	A	-		
1156	55	O	11.09	G	-		
1156	56	O	11.09	A	-		
1156	57	O	11.09	A	-		
1156	58	O	11.09	A	-		
1156	59	O	11.09	T	-		
1156	60	O	11.09	T	-		
1156	61	O	11.09	G	-		
1156	62	O	11.09	C	-		
1156	63	O	11.09	T	-		
1156	64	O	11.09	G	-		
1156	65	O	11.09	G	-		
1156	66	O	11.09	A	-		
1156	67	O	11.09	C	-		
1156	68	O	11.09	T	-		
1156	69	O	11.09	A	-		
1156	70	O	11.09	A	-		
1156	71	O	11.09	T	-		
1156	72	O	11.09	T	-		
1156	73	O	11.09	C	-		
1156	74	O	11.09	T	-		
1156	75	O	11.09	C	-		
1156	76	O	11.09	T	-		
1156	77	O	11.09	G	-		
1156	78	O	11.09	T	-		
1156	79	O	11.09	A	-		
1156	80	O	11.09	A	-		
1156	81	O	11.09	T	-		
1156	82	O	11.09	A	-		
1156	83	O	11.09	G	-		
1156	84	O	11.09	A	-		
1156	85	O	11.09	A	-		
1156	86	O	11.09	G	-		
1156	87	O	11.09	A	-		
1156	88	O	11.09	C	-		
1156	89	O	11.09	T	-		
1156	90	O	11.09	T	-		
1156	91	O	11.09	A	-		
1156	92	O	11.09	C	-		
1156	93	O	11.09	G	-		
1156	94	O	11.09	C	-		
1156	95	O	11.09	A	-		
1156	96	O	11.09	T	-		
1156	97	O	11.09	T	-		
1156	98	O	11.09	G	-		
1156	99	O	11.09	T	-		
1156	100	O	11.09	C	-		
1156	101	O	11.09	G	-		
1156	102	O	11.09	T	-		
1156	103	O	11.09	C	-		
1156	104	O	11.09	C	-		
1156	105	O	11.09	A	-		
1156	106	O	11.09	T	-		
1156	107	O	11.09	A	-		
1156	108	O	11.09	C	-		
1156	109	O	11.09	A	-		
1157	0	O	5.55	G	-		
1157	1	O	5.55	T	-		
1157	2	O	5.55	C	-		
1157	3	O	5.55	G	-		
1157	4	O	5.55	C	-		
1157	5	O	5.55	C	-		
1157	6	O	5.55	T	-		
1157	7	O	5.55	A	-		
1157	8	O	5.55	G	-		
1157	9	O	5.55	C	-		
1157	10	O	5.55	G	-		
1157	11	O	5.55	C	-		
1157	12	O	5.55	G	-		
1157	13	O	5.55	C	-		
1157	14	O	5.55	G	-		
1157	15	O	5.55	A	-		
1157	16	O	5.55	G	-		
1157	17	O	5.55	T	-		
1157	18	O	5.55	G	-		
1157	19	O	5.55	C	-		
1157	20	O	5.55	A	-		
1157	21	O	5.55	C	-		
1157	22	O	5.55	C	-		
1157	23	O	5.55	T	-		
1157	24	O	5.55	A	-		
1157	25	O	5.55	T	-		
1157	26	O	5.55	G	-		
1157	27	O	5.55	T	-		
1157	28	O	5.55	G	-		
1157	29	O	5.55	C	-		
1157	30	O	5.55	A	-		
1157	31	O	5.55	C	-		
1157	32	O	5.55	G	-		
1157	33	O	5.55	T	-		
1157	34	O	5.55	G	-		
1157	35	O	5.55	C	-		
1157	36	O	5.55	G	-		
1157	37	O	5.55	A	-		
1157	38	O	5.55	G	-		
1157	39	O	5.55	T	-		
1157	40	O	5.55	G	-		
1157	41	O	5.55	G	-		
1157	42	O	5.55	C	-		
1157	43	O	5.55	T	-		
1157	44	O	5.55	G	-		
1157	45	O	5.55	C	-		
1157	46	O	5.55	T	-		
1157	47	O	5.55	G	-		
1157	48	O	5.55	T	-		
1157	49	O	5.55	T	-		
1157	50	O	5.55	G	-		
1157	51	O	5.55	C	-		
1157	52	O	5.55	C	-		
1157	53	O	5.55	G	-		
1157	54	O	5.55	C	-		
1157	55	O	5.55	G	-		
1157	56	O	5.55	C	-		
1157	57	O	5.55	T	-		
1157	58	O	5.55	G	-		
1157	59	O	5.55	G	-		
1157	60	O	5.55	C	-		
1157	61	O	5.55	C	-		
1157	62	O	5.55	C	-		
1157	63	O	5.55	A	-		
1157	64	O	5.55	T	-		
1157	65	O	5.55	G	-		
1157	66	O	5.55	T	-		
1157	67	O	5.55	G	-		
1157	68	O	5.55	C	-		
1157	69	O	5.55	G	-		
1157	70	O	5.55	T	-		
1157	71	O	5.55	G	-		
1157	72	O	5.55	A	-		
1157	73	O	5.55	T	-		
1157	74	O	5.55	T	-		
1157	75	O	5.55	C	-		
1157	76	O	5.55	G	-		
1157	77	O	5.55	C	-		
1157	78	O	5.55	G	-		
1157	79	O	5.55	C	-		
1157	80	O	5.55	G	-		
1157	81	O	5.55	A	-		
1157	82	O	5.55	C	-		
1157	83	O	5.55	C	-		
1157	84	O	5.55	G	-		
1157	85	O	5.55	A	-		
1157	86	O	5.55	T	-		
1157	87	O	5.55	A	-		
1157	88	O	5.55	A	-		
1157	89	O	5.55	C	-		
1157	90	O	5.55	G	-		
1157	91	O	5.55	A	-		
1157	92	O	5.55	G	-		
1157	93	O	5.55	C	-		
1157	94	O	5.55	A	-		
1157	95	O	5.55	A	-		
1157	96	O	5.55	C	-		
1157	97	O	5.55	T	-		
1157	98	O	5.55	C	-		
1157	99	O	5.55	G	-		
1157	100	O	5.55	C	-		
1157	101	O	5.55	T	-		
1157	102	O	5.55	C	-		
1157	103	O	5.55	G	-		
1157	104	O	5.55	C	-		
1157	105	O	5.55	C	-		
1157	106	O	5.55	T	-		
1157	107	O	5.55	G	-		
1157	108	O	5.55	T	-		
1157	109	O	5.55	C	-		
1158	0	O	18.02	C	-		
1158	1	O	18.02	A	-		
1158	2	O	18.02	A	-		
1158	3	O	18.02	T	-		
1158	4	O	18.02	G	-		
1158	5	O	18.02	A	-		
1158	6	O	18.02	G	-		
1158	7	O	18.02	G	-		
1158	8	O	18.02	A	-		
1158	9	O	18.02	T	-		
1158	10	O	18.02	T	-		
1158	11	O	18.02	A	-		
1158	12	O	18.02	C	-		
1158	13	O	18.02	A	-		
1158	14	O	18.02	A	-		
1158	15	O	18.02	C	-		
1158	16	O	18.02	G	-		
1158	17	O	18.02	A	-		
1158	18	O	18.02	T	-		
1158	19	O	18.02	A	-		
1158	20	O	18.02	T	-		
1158	21	O	18.02	G	-		
1158	22	O	18.02	C	-		
1158	23	O	18.02	C	-		
1158	24	O	18.02	A	-		
1158	25	O	18.02	C	-		
1158	26	O	18.02	A	-		
1158	27	O	18.02	C	-		
1158	28	O	18.02	T	-		
1158	29	O	18.02	G	-		
1158	30	O	18.02	C	-		
1158	31	O	18.02	A	-		
1158	32	O	18.02	G	-		
1158	33	O	18.02	G	-		
1158	34	O	18.02	G	-		
1158	35	O	8.77	T	-		
1158	36	O	18.02	T	-		
1158	37	O	18.02	C	-		
1158	38	O	18.02	G	-		
1158	39	O	18.02	C	-		
1158	40	O	18.02	G	-		
1158	41	O	18.02	C	-		
1158	42	O	18.02	G	-		
1158	43	O	18.02	T	-		
1158	44	O	18.02	C	-		
1158	45	O	18.02	A	-		
1158	46	O	18.02	C	-		
1158	47	O	18.02	T	-		
1158	48	O	18.02	G	-		
1158	49	O	18.02	C	-		
1158	50	O	18.02	A	-		
1158	51	O	18.02	A	-		
1158	52	O	18.02	T	-		
1158	53	O	18.02	G	-		
1158	54	O	18.02	A	-		
1158	55	O	18.02	A	-		
1158	56	O	18.02	T	-		
1158	57	O	18.02	G	-		
1158	58	O	8.77	T	-		
1158	59	O	8.77	T	-		
1158	60	O	18.02	T	-		
1158	61	O	18.02	C	-		
1158	62	O	18.02	C	-		
1158	63	O	18.02	T	-		
1158	64	O	18.02	T	-		
1158	65	O	18.02	G	-		
1158	66	O	18.02	T	-		
1158	67	O	18.02	T	-		
1158	68	O	18.02	A	-		
1158	69	O	18.02	G	-		
1158	70	O	18.02	T	-		
1158	71	O	18.02	C	-		
1158	72	O	18.02	A	-		
1158	73	O	18.02	C	-		
1158	74	O	18.02	A	-		
1158	75	O	18.02	T	-		
1158	76	O	18.02	A	-		
1158	77	O	18.02	C	-		
1158	78	O	18.02	G	-		
1158	79	O	8.77	T	-		
1158	80	O	18.02	T	-		
1158	81	O	18.02	T	-		
1158	82	O	18.02	G	-		
1158	83	O	18.02	G	-		
1158	84	O	8.77	T	-		
1158	85	O	18.02	T	-		
1158	86	O	18.02	G	-		
1158	87	O	18.02	C	-		
1158	88	O	18.02	A	-		
1158	89	O	18.02	C	-		
1158	90	O	18.02	A	-		
1158	91	O	18.02	T	-		
1158	92	O	18.02	G	-		
1158	93	O	18.02	T	-		
1158	94	O	18.02	A	-		
1158	95	O	18.02	T	-		
1158	96	O	18.02	T	-		
1158	97	O	18.02	T	-		
1158	98	O	18.02	A	-		
1158	99	O	18.02	A	-		
1158	100	O	18.02	G	-		
1158	101	O	18.02	T	-		
1158	102	O	18.02	C	-		
1158	103	O	18.02	A	-		
1158	104	O	18.02	A	-		
1158	105	O	18.02	T	-		
1158	106	O	18.02	T	-		
1158	107	O	18.02	C	-		
1158	108	O	18.02	A	-		
1158	109	O	18.02	C	-		
1159	0	O	12.48	A	-		
1159	1	O	12.48	A	-		
1159	2	O	12.48	C	-		
1159	3	O	12.48	C	-		
1159	4	O	12.48	C	-		
1159	5	O	12.48	G	-		
1159	6	O	12.48	C	-		
1159	7	O	12.48	A	-		
1159	8	O	12.48	A	-		
1159	9	O	12.48	G	-		
1159	10	O	12.48	T	-		
1159	11	O	12.48	G	-		
1159	12	O	12.48	A	-		
1159	13	O	12.48	C	-		
1159	14	O	12.48	T	-		
1159	15	O	12.48	G	-		
1159	16	O	12.48	G	-		
1159	17	O	12.48	A	-		
1159	18	O	12.48	G	-		
1159	19	O	12.48	C	-		
1159	20	O	12.48	A	-		
1159	21	O	12.48	C	-		
1159	22	O	12.48	G	-		
1159	23	O	12.48	C	-		
1159	24	O	12.48	G	-		
1159	25	O	12.48	A	-		
1159	26	O	12.48	C	-		
1159	27	O	12.48	C	-		
1159	28	O	12.48	T	-		
1159	29	O	12.48	A	-		
1159	30	O	12.48	C	-		
1159	31	O	12.48	A	-		
1159	32	O	12.48	C	-		
1159	33	O	12.48	A	-		
1159	34	O	12.48	A	-		
1159	35	O	12.48	C	-		
1159	36	O	12.48	A	-		
1159	37	O	12.48	C	-		
1159	38	O	12.48	A	-		
1159	39	O	12.48	T	-		
1159	40	O	12.48	A	-		
1159	41	O	12.48	C	-		
1159	42	O	12.48	C	-		
1159	43	O	12.48	G	-		
1159	44	O	12.48	A	-		
1159	45	O	12.48	G	-		
1159	46	O	12.48	G	-		
1159	47	O	12.48	A	-		
1159	48	O	12.48	A	-		
1159	49	O	12.48	T	-		
1159	50	O	12.48	C	-		
1159	51	O	12.48	T	-		
1159	52	O	12.48	A	-		
1159	53	O	12.48	G	-		
1159	54	O	12.48	T	-		
1159	55	O	12.48	A	-		
1159	56	O	12.48	G	-		
1159	57	O	12.48	C	-		
1159	58	O	12.48	C	-		
1159	59	O	12.48	T	-		
1159	60	O	12.48	G	-		
1159	61	O	12.48	C	-		
1159	62	O	12.48	C	-		
1159	63	O	12.48	A	-		
1159	64	O	12.48	G	-		
1159	65	O	12.48	G	-		
1159	66	O	12.48	C	-		
1159	67	O	12.48	A	-		
1159	68	O	12.48	C	-		
1159	69	O	12.48	C	-		
1159	70	O	12.48	T	-		
1159	71	O	12.48	C	-		
1159	72	O	12.48	A	-		
1159	73	O	12.48	C	-		
1159	74	O	12.48	C	-		
1159	75	O	12.48	A	-		
1159	76	O	12.48	C	-		
1159	77	O	12.48	C	-		
1159	78	O	12.48	A	-		
1159	79	O	12.48	T	-		
1159	80	O	12.48	G	-		
1159	81	O	12.48	C	-		
1159	82	O	12.48	C	-		
1159	83	O	12.48	C	-		
1159	84	O	12.48	T	-		
1159	85	O	12.48	C	-		
1159	86	O	12.48	C	-		
1159	87	O	12.48	A	-		
1159	88	O	12.48	T	-		
1159	89	O	12.48	C	-		
1159	90	O	12.48	C	-		
1159	91	O	12.48	T	-		
1159	92	O	12.48	C	-		
1159	93	O	12.48	T	-		
1159	94	O	12.48	C	-		
1159	95	O	12.48	G	-		
1159	96	O	12.48	G	-		
1159	97	O	12.48	A	-		
1159	98	O	12.48	C	-		
1159	99	O	12.48	G	-		
1159	100	O	12.48	A	-		
1159	101	O	12.48	C	-		
1159	102	O	12.48	G	-		
1159	103	O	12.48	A	-		
1159	104	O	12.48	C	-		
1159	105	O	12.48	A	-		
1159	106	O	12.48	A	-		
1159	107	O	12.48	G	-		
1159	108	O	12.48	C	-		
1159	109	O	12.48	A	-		
1160	0	O	15.25	T	-		
1160	1	O	15.25	T	-		
1160	2	O	15.25	C	-		
1160	3	E	-4.23	A	G		
1160	4	O	15.25	A	-		
1160	5	O	15.25	A	-		
1160	6	O	15.25	C	-		
1160	7	O	15.25	T	-		
1160	8	O	15.25	C	-		
1160	9	O	15.25	C	-		
1160	10	O	15.25	G	-		
1160	11	O	15.25	G	-		
1160	12	O	15.25	T	-		
1160	13	O	15.25	T	-		
1160	14	O	15.25	C	-		
1160	15	O	15.25	T	-		
1160	16	O	15.25	G	-		
1160	17	O	15.25	C	-		
1160	18	O	15.25	C	-		
1160	19	O	15.25	A	-		
1160	20	O	15.25	G	-		
1160	21	O	15.25	T	-		
1160	22	O	15.25	G	-		
1160	23	O	15.25	T	-		
1160	24	O	15.25	T	-		
1160	25	O	15.25	G	-		
1160	26	O	15.25	A	-		
1160	27	O	15.25	C	-		
1160	28	O	15.25	T	-		
1160	29	O	15.25	C	-		
1160	30	O	15.25	T	-		
1160	31	O	15.25	C	-		
1160	32	O	15.25	C	-		
1160	33	E	-4.23	A	G		
1160	34	O	15.25	T	-		
1160	35	O	15.25	A	-		
1160	36	O	15.25	A	-		
1160	37	O	15.25	A	-		
1160	38	O	15.25	G	-		
1160	39	O	15.25	G	-		
1160	40	O	15.25	T	-		
1160	41	O	15.25	G	-		
1160	42	O	15.25	T	-		
1160	43	O	15.25	T	-		
1160	44	O	15.25	C	-		
1160	45	O	15.25	G	-		
1160	46	O	15.25	T	-		
1160	47	O	15.25	G	-		
1160	48	O	15.25	C	-		
1160	49	O	15.25	G	-		
1160	50	O	15.25	A	-		
1160	51	O	15.25	G	-		
1160	52	O	15.25	C	-		
1160	53	O	15.25	C	-		
1160	54	O	15.25	A	-		
1160	55	O	15.25	T	-		
1160	56	O	15.25	A	-		
1160	57	O	15.25	C	-		
1160	58	O	15.25	T	-		
1160	59	O	15.25	G	-		
1160	60	O	15.25	C	-		
1160	61	O	15.25	G	-		
1160	62	O	15.25	C	-		
1160	63	O	15.25	T	-		
1160	64	O	15.25	T	-		
1160	65	O	15.25	G	-		
1160	66	O	15.25	C	-		
1160	67	O	15.25	G	-		
1160	68	O	15.25	A	-		
1160	69	O	15.25	G	-		
1160	70	O	15.25	A	-		
1160	71	O	15.25	T	-		
1160	72	O	15.25	G	-		
1160	73	O	15.25	G	-		
1160	74	O	15.25	C	-		
1160	75	O	15.25	C	-		
1160	76	O	15.25	T	-		
1160	77	O	15.25	C	-		
1160	78	O	15.25	G	-		
1160	79	O	15.25	C	-		
1160	80	O	15.25	C	-		
1160	81	O	15.25	T	-		
1160	82	O	15.25	T	-		
1160	83	O	15.25	C	-		
1160	84	O	15.25	G	-		
1160	85	O	15.25	G	-		
1160	86	O	15.25	C	-		
1160	87	O	15.25	A	-		
1160	88	O	15.25	A	-		
1160	89	O	15.25	T	-		
1160	90	O	15.25	A	-		
1160	91	O	15.25	C	-		
1160	92	O	15.25	C	-		
1160	93	O	15.25	A	-		
1160	94	O	15.25	G	-		
1160	95	O	15.25	C	-		
1160	96	O	15.25	A	-		
1160	97	O	15.25	G	-		
1160	98	O	15.25	C	-		
1160	99	O	15.25	A	-		
1160	100	O	15.25	T	-		
1160	101	O	15.25	C	-		
1160	102	O	15.25	C	-		
1160	103	O	15.25	T	-		
1160	104	O	15.25	C	-		
1160	105	O	15.25	C	-		
1160	106	O	15.25	C	-		
1160	107	O	15.25	A	-		
1160	108	O	15.25	A	-		
1160	109	O	15.25	G	-		
1161	0	O	6.93	T	-		
1161	1	O	6.93	T	-		
1161	2	O	6.93	G	-		
1161	3	O	6.93	G	-		
1161	4	O	6.93	A	-		
1161	5	O	6.93	G	-		
1161	6	O	6.93	T	-		
1161	7	O	6.93	G	-		
1161	8	O	6.93	T	-		
1161	9	O	6.93	C	-		
1161	10	O	6.93	A	-		
1161	11	O	6.93	T	-		
1161	12	O	6.93	T	-		
1161	13	O	6.93	T	-		
1161	14	O	6.93	T	-		
1161	15	O	6.93	T	-		
1161	16	O	6.93	C	-		
1161	17	O	6.93	T	-		
1161	18	O	6.93	C	-		
1161	19	O	6.93	T	-		
1161	20	O	6.93	T	-		
1161	21	O	6.93	G	-		
1161	22	O	6.93	C	-		
1161	23	O	6.93	C	-		
1161	24	O	6.93	C	-		
1161	25	O	6.93	C	-		
1161	26	O	6.93	T	-		
1161	27	O	6.93	T	-		
1161	28	O	6.93	A	-		
1161	29	O	6.93	A	-		
1161	30	O	6.93	C	-		
1161	31	O	6.93	T	-		
1161	32	O	6.93	T	-		
1161	33	O	6.93	A	-		
1161	34	O	6.93	A	-		
1161	35	O	6.93	T	-		
1161	36	O	6.93	A	-		
1161	37	O	6.93	A	-		
1161	38	O	6.93	G	-		
1161	39	O	6.93	G	-		
1161	40	O	6.93	C	-		
1161	41	O	6.93	G	-		
1161	42	O	6.93	A	-		
1161	43	O	6.93	C	-		
1161	44	O	6.93	T	-		
1161	45	O	6.93	T	-		
1161	46	O	6.93	A	-		
1161	47	O	6.93	A	-		
1161	48	O	6.93	G	-		
1161	49	O	6.93	T	-		
1161	50	O	6.93	A	-		
1161	51	O	6.93	A	-		
1161	52	O	6.93	T	-		
1161	53	O	6.93	A	-		
1161	54	O	6.93	A	-		
1161	55	O	6.93	A	-		
1161	56	O	6.93	T	-		
1161	57	O	6.93	C	-		
1161	58	O	6.93	G	-		
1161	59	O	6.93	C	-		
1161	60	O	6.93	T	-		
1161	61	O	6.93	T	-		
1161	62	O	6.93	G	-		
1161	63	O	6.93	T	-		
1161	64	O	6.93	T	-		
1161	65	O	6.93	C	-		
1161	66	O	6.93	C	-		
1161	67	O	6.93	T	-		
1161	68	O	6.93	T	-		
1161	69	O	6.93	T	-		
1161	70	O	6.93	C	-		
1161	71	O	6.93	C	-		
1161	72	O	6.93	T	-		
1161	73	O	6.93	T	-		
1161	74	O	6.93	C	-		
1161	75	O	6.93	C	-		
1161	76	O	6.93	T	-		
1161	77	O	6.93	C	-		
1161	78	O	6.93	A	-		
1161	79	O	6.93	T	-		
1161	80	O	6.93	T	-		
1161	81	O	6.93	C	-		
1161	82	O	6.93	T	-		
1161	83	O	6.93	T	-		
1161	84	O	6.93	C	-		
1161	85	O	6.93	T	-		
1161	86	O	6.93	G	-		
1161	87	O	6.93	T	-		
1161	88	O	6.93	G	-		
1161	89	O	6.93	C	-		
1161	90	O	6.93	C	-		
1161	91	O	6.93	A	-		
1161	92	O	6.93	A	-		
1161	93	O	6.93	G	-		
1161	94	O	6.93	A	-		
1161	95	O	6.93	A	-		
1161	96	O	6.93	T	-		
1161	97	O	6.93	G	-		
1161	98	O	6.93	A	-		
1161	99	O	6.93	T	-		
1161	100	O	6.93	C	-		
1161	101	O	6.93	T	-		
1161	102	O	6.93	A	-		
1161	103	O	6.93	A	-		
1161	104	O	6.93	T	-		
1161	105	O	6.93	T	-		
1161	106	O	6.93	G	-		
1161	107	O	6.93	A	-		
1161	108	O	6.93	A	-		
1161	109	O	6.93	T	-		
1162	0	O	9.70	A	-		
1162	1	O	9.70	T	-		
1162	2	O	9.70	G	-		
1162	3	O	9.70	C	-		
1162	4	O	9.70	C	-		
1162	5	O	9.70	G	-		
1162	6	O	9.70	C	-		
1162	7	O	9.70	A	-		
1162	8	O	9.70	A	-		
1162	9	O	9.70	A	-		
1162	10	O	9.70	G	-		
1162	11	O	9.70	T	-		
1162	12	O	9.70	C	-		
1162	13	O	9.70	A	-		
1162	14	O	9.70	G	-		
1162	15	O	9.70	C	-		
1162	16	O	9.70	C	-		
1162	17	O	9.70	G	-		
1162	18	O	9.70	C	-		
1162	19	O	9.70	T	-		
1162	20	O	9.70	A	-		
1162	21	O	9.70	G	-		
1162	22	O	9.70	C	-		
1162	23	O	9.70	T	-		
1162	24	O	9.70	C	-		
1162	25	O	9.70	T	-		
1162	26	O	9.70	T	-		
1162	27	O	9.70	A	-		
1162	28	O	9.70	C	-		
1162	29	O	9.70	A	-		
1162	30	O	9.70	G	-		
1162	31	O	9.70	T	-		
1162	32	O	9.70	C	-		
1162	33	O	9.70	C	-		
1162	34	O	9.70	C	-		
1162	35	O	9.70	G	-		
1162	36	O	9.70	G	-		
1162	37	O	9.70	G	-		
1162	38	O	9.70	A	-		
1162	39	O	9.70	C	-		
1162	40	O	9.70	G	-		
1162	41	O	9.70	A	-		
1162	42	O	9.70	A	-		
1162	43	O	9.70	T	-		
1162	44	O	9.70	C	-		
1162	45	O	9.70	G	-		
1162	46	O	9.70	T	-		
1162	47	O	9.70	C	-		
1162	48	O	9.70	G	-		
1162	49	O	9.70	T	-		
1162	50	O	9.70	C	-		
1162	51	O	9.70	G	-		
1162	52	O	9.70	A	-		
1162	53	O	9.70	G	-		
1162	54	O	9.70	G	-		
1162	55	O	9.70	A	-		
1162	56	O	9.70	C	-		
1162	57	O	9.70	T	-		
1162	58	O	9.70	T	-		
1162	59	O	9.70	G	-		
1162	60	O	9.70	C	-		
1162	61	O	9.70	T	-		
1162	62	O	9.70	T	-		
1162	63	O	9.70	G	-		
1162	64	O	9.70	C	-		
1162	65	O	9.70	T	-		
1162	66	O	9.70	G	-		
1162	67	O	9.70	C	-		
1162	68	O	9.70	T	-		
1162	69	O	9.70	C	-		
1162	70	O	9.70	T	-		
1162	71	O	9.70	A	-		
1162	72	O	9.70	T	-		
1162	73	O	9.70	C	-		
1162	74	O	9.70	A	-		
1162	75	O	9.70	A	-		
1162	76	O	9.70	T	-		
1162	77	O	9.70	A	-		
1162	78	O	9.70	G	-		
1162	79	O	9.70	A	-		
1162	80	O	9.70	A	-		
1162	81	O	9.70	G	-		
1162	82	O	9.70	C	-		
1162	83	O	9.70	G	-		
1162	84	O	9.70	C	-		
1162	85	O	9.70	C	-		
1162	86	O	9.70	G	-		
1162	87	O	9.70	C	-		
1162	88	O	9.70	G	-		
1162	89	U	1.77	A	C		
1162	90	O	9.70	G	-		
1162	91	O	9.70	G	-		
1162	92	O	9.70	A	-		
1162	93	O	9.70	T	-		
1162	94	O	9.70	G	-		
1162	95	O	9.70	G	-		
1162	96	O	9.70	G	-		
1162	97	O	9.70	T	-		
1162	98	O	9.70	T	-		
1162	99	O	9.70	C	-		
1162	100	O	9.70	G	-		
1162	101	O	9.70	G	-		
1162	102	O	9.70	A	-		
1162	103	O	9.70	G	-		
1162	104	O	9.70	G	-		
1162	105	O	9.70	G	-		
1162	106	O	9.70	T	-		
1162	107	O	9.70	T	-		
1162	108	O	9.70	T	-		
1162	109	O	9.70	T	-		
1163	0	O	6.93	G	-		
1163	1	O	6.93	C	-		
1163	2	O	6.93	G	-		
1163	3	O	6.93	C	-		
1163	4	O	6.93	G	-		
1163	5	O	6.93	C	-		
1163	6	O	6.93	G	-		
1163	7	O	6.93	A	-		
1163	8	O	6.93	A	-		
1163	9	O	6.93	T	-		
1163	10	O	6.93	T	-		
1163	11	O	6.93	C	-		
1163	12	O	6.93	A	-		
1163	13	O	6.93	T	-		
1163	14	O	6.93	C	-		
1163	15	O	6.93	A	-		
1163	16	O	6.93	C	-		
1163	17	O	6.93	C	-		
1163	18	O	6.93	T	-		
1163	19	O	6.93	C	-		
1163	20	O	6.93	G	-		
1163	21	O	6.93	A	-		
1163	22	O	6.93	T	-		
1163	23	O	6.93	C	-		
1163	24	O	6.93	C	-		
1163	25	O	6.93	G	-		
1163	26	O	6.93	G	-		
1163	27	O	6.93	C	-		
1163	28	O	6.93	C	-		
1163	29	O	6.93	C	-		
1163	30	O	6.93	A	-		
1163	31	O	6.93	A	-		
1163	32	O	6.93	C	-		
1163	33	O	6.93	A	-		
1163	34	O	6.93	C	-		
1163	35	O	6.93	A	-		
1163	36	O	6.93	G	-		
1163	37	O	6.93	C	-		
1163	38	O	6.93	G	-		
1163	39	O	6.93	C	-		
1163	40	O	6.93	A	-		
1163	41	O	6.93	G	-		
1163	42	O	6.93	G	-		
1163	43	O	6.93	C	-		
1163	44	O	6.93	G	-		
1163	45	O	6.93	A	-		
1163	46	O	6.93	C	-		
1163	47	O	6.93	A	-		
1163	48	O	6.93	A	-		
1163	49	O	6.93	G	-		
1163	50	O	6.93	T	-		
1163	51	O	6.93	G	-		
1163	52	O	6.93	C	-		
1163	53	O	6.93	G	-		
1163	54	O	6.93	T	-		
1163	55	O	6.93	C	-		
1163	56	O	6.93	C	-		
1163	57	O	6.93	G	-		
1163	58	O	6.93	C	-		
1163	59	O	6.93	G	-		
1163	60	O	6.93	C	-		
1163	61	O	6.93	G	-		
1163	62	O	6.93	A	-		
1163	63	O	6.93	G	-		
1163	64	O	6.93	C	-		
1163	65	O	6.93	C	-		
1163	66	O	6.93	C	-		
1163	67	O	6.93	C	-		
1163	68	O	6.93	T	-		
1163	69	O	6.93	C	-		
1163	70	O	6.93	G	-		
1163	71	O	6.93	A	-		
1163	72	O	6.93	T	-		
1163	73	O	6.93	T	-		
1163	74	O	6.93	G	-		
1163	75	O	6.93	G	-		
1163	76	O	6.93	C	-		
1163	77	O	6.93	C	-		
1163	78	O	6.93	G	-		
1163	79	O	6.93	A	-		
1163	80	O	6.93	T	-		
1163	81	O	6.93	C	-		
1163	82	O	6.93	G	-		
1163	83	O	6.93	A	-		
1163	84	O	6.93	G	-		
1163	85	O	6.93	G	-		
1163	86	O	6.93	C	-		
1163	87	O	6.93	A	-		
1163	88	O	6.93	A	-		
1163	89	O	6.93	A	-		
1163	90	O	6.93	G	-		
1163	91	O	6.93	C	-		
1163	92	O	6.93	C	-		
1163	93	O	6.93	G	-		
1163	94	O	6.93	C	-		
1163	95	O	6.93	C	-		
1163	96	O	6.93	G	-		
1163	97	O	6.93	G	-		
1163	98	O	6.93	C	-		
1163	99	O	6.93	G	-		
1163	100	O	6.93	C	-		
1163	101	O	6.93	G	-		
1163	102	O	6.93	A	-		
1163	103	O	6.93	A	-		
1163	104	O	6.93	T	-		
1163	105	O	6.93	G	-		
1163	106	O	6.93	C	-		
1163	107	O	6.93	C	-		
1163	108	O	6.93	A	-		
1163	109	O	6.93	A	-		
1164	0	U	0.00	-	-		
1164	1	U	0.00	-	-		
1164	2	U	0.00	-	-		
1164	3	U	0.00	-	-		
1164	4	U	0.00	-	-		
1164	5	U	0.00	-	-		
1164	6	O	15.25	A	-		
1164	7	O	15.25	A	-		
1164	8	O	15.25	C	-		
1164	9	O	15.25	G	-		
1164	10	O	15.25	G	-		
1164	11	O	15.25	C	-		
1164	12	O	15.25	A	-		
1164	13	O	15.25	G	-		
1164	14	O	15.25	G	-		
1164	15	O	15.25	T	-		
1164	16	O	15.25	T	-		
1164	17	O	15.25	C	-		
1164	18	O	15.25	T	-		
1164	19	O	15.25	T	-		
1164	20	O	15.25	C	-		
1164	21	O	15.25	T	-		
1164	22	O	15.25	G	-		
1164	23	O	15.25	C	-		
1164	24	O	15.25	A	-		
1164	25	O	15.25	A	-		
1164	26	O	15.25	G	-		
1164	27	O	15.25	T	-		
1164	28	O	15.25	A	-		
1164	29	O	15.25	T	-		
1164	30	O	15.25	G	-		
1164	31	O	15.25	C	-		
1164	32	O	15.25	T	-		
1164	33	O	15.25	G	-		
1164	34	O	15.25	C	-		
1164	35	O	15.25	A	-		
1164	36	O	15.25	A	-		
1164	37	O	15.25	G	-		
1164	38	O	15.25	C	-		
1164	39	O	15.25	G	-		
1164	40	O	15.25	C	-		
1164	41	O	15.25	C	-		
1164	42	O	15.25	T	-		
1164	43	O	15.25	G	-		
1164	44	O	15.25	A	-		
1164	45	O	15.25	A	-		
1164	46	O	15.25	C	-		
1164	47	O	15.25	C	-		
1164	48	O	15.25	G	-		
1164	49	O	15.25	T	-		
1164	50	O	15.25	C	-		
1164	51	O	15.25	G	-		
1164	52	O	15.25	T	-		
1164	53	O	15.25	G	-		
1164	54	O	15.25	T	-		
1164	55	O	15.25	C	-		
1164	56	O	15.25	T	-		
1164	57	O	15.25	C	-		
1164	58	O	15.25	G	-		
1164	59	O	15.25	C	-		
1164	60	O	15.25	A	-		
1164	61	O	15.25	C	-		
1164	62	U	0.42	A	G		
1164	63	O	15.25	T	-		
1164	64	O	15.25	C	-		
1164	65	O	15.25	C	-		
1164	66	O	15.25	T	-		
1164	67	O	15.25	G	-		
1164	68	O	15.25	A	-		
1164	69	O	15.25	T	-		
1164	70	O	15.25	C	-		
1164	71	O	15.25	T	-		
1164	72	O	15.25	A	-		
1164	73	O	15.25	C	-		
1164	74	O	15.25	C	-		
1164	75	O	15.25	T	-		
1164	76	O	15.25	C	-		
1164	77	O	15.25	C	-		
1164	78	O	15.25	T	-		
1164	79	O	15.25	T	-		
1164	80	O	15.25	G	-		
1164	81	O	15.25	T	-		
1164	82	O	15.25	G	-		
1164	83	O	15.25	T	-		
1164	84	O	6.35	T	-		
1164	85	O	15.25	T	-		
1164	86	O	15.25	C	-		
1164	87	O	15.25	G	-		
1164	88	O	15.25	C	-		
1164	89	O	15.25	C	-		
1164	90	O	15.25	A	-		
1164	91	O	15.25	G	-		
1164	92	O	15.25	C	-		
1164	93	O	15.25	C	-		
1164	94	O	15.25	A	-		
1164	95	O	15.25	G	-		
1164	96	O	15.25	T	-		
1164	97	O	15.25	C	-		
1164	98	O	15.25	G	-		
1164	99	O	15.25	G	-		
1164	100	O	15.25	C	-		
1164	101	O	15.25	A	-		
1164	102	O	15.25	A	-		
1164	103	O	15.25	G	-		
1164	104	O	15.25	C	-		
1164	105	O	15.25	A	-		
1164	106	O	15.25	G	-		
1164	107	O	15.25	A	-		
1164	108	U	0.00	-	-		
1164	109	U	0.00	-	-		
1164	110	U	0.00	-	-		
1164	111	U	0.00	-	-		
1164	112	U	0.00	-	-		
1164	113	U	0.00	-	-		
1164	114	O	15.25	T	-		
1164	115	O	15.25	G	-		
1165	0	O	13.86	A	-		
1165	1	O	13.86	G	-		
1165	2	O	13.86	G	-		
1165	3	O	13.86	A	-		
1165	4	O	13.86	C	-		
1165	5	O	13.86	A	-		
1165	6	O	13.86	A	-		
1165	7	O	13.86	G	-		
1165	8	O	13.86	G	-		
1165	9	O	13.86	A	-		
1165	10	O	13.86	C	-		
1165	11	O	13.86	G	-		
1165	12	O	13.86	G	-		
1165	13	O	13.86	T	-		
1165	14	O	13.86	A	-		
1165	15	O	13.86	T	-		
1165	16	O	13.86	C	-		
1165	17	O	5.16	T	-		
1165	18	O	13.86	C	-		
1165	19	O	13.86	T	-		
1165	20	O	13.86	G	-		
1165	21	O	13.86	A	-		
1165	22	O	13.86	C	-		
1165	23	O	13.86	C	-		
1165	24	O	13.86	G	-		
1165	25	O	13.86	T	-		
1165	26	O	13.86	G	-		
1165	27	O	13.86	T	-		
1165	28	O	13.86	C	-		
1165	29	O	13.86	A	-		
1165	30	O	13.86	C	-		
1165	31	O	13.86	A	-		
1165	32	O	13.86	A	-		
1165	33	O	13.86	C	-		
1165	34	O	13.86	C	-		
1165	35	O	13.86	G	-		
1165	36	O	13.86	G	-		
1165	37	O	13.86	T	-		
1165	38	O	13.86	G	-		
1165	39	O	13.86	T	-		
1165	40	O	5.16	G	-		
1165	41	O	13.86	C	-		
1165	42	O	13.86	T	-		
1165	43	O	13.86	G	-		
1165	44	O	13.86	T	-		
1165	45	O	13.86	C	-		
1165	46	O	13.86	C	-		
1165	47	O	13.86	T	-		
1165	48	O	13.86	C	-		
1165	49	O	13.86	G	-		
1165	50	O	13.86	C	-		
1165	51	O	13.86	T	-		
1165	52	O	13.86	C	-		
1165	53	O	13.86	G	-		
1165	54	O	13.86	A	-		
1165	55	O	13.86	G	-		
1165	56	O	13.86	G	-		
1165	57	O	13.86	C	-		
1165	58	O	13.86	C	-		
1165	59	O	13.86	A	-		
1165	60	O	13.86	G	-		
1165	61	O	13.86	C	-		
1165	62	O	13.86	A	-		
1165	63	O	13.86	A	-		
1165	64	O	13.86	G	-		
1165	65	O	13.86	G	-		
1165	66	O	13.86	A	-		
1165	67	O	13.86	C	-		
1165	68	O	13.86	G	-		
1165	69	O	13.86	T	-		
1165	70	O	13.86	C	-		
1165	71	O	13.86	A	-		
1165	72	O	13.86	A	-		
1165	73	O	5.16	G	-		
1165	74	O	13.86	A	-		
1165	75	O	13.86	T	-		
1165	76	O	13.86	C	-		
1165	77	O	13.86	A	-		
1165	78	O	13.86	C	-		
1165	79	O	13.86	C	-		
1165	80	O	13.86	T	-		
1165	81	O	13.86	C	-		
1165	82	O	13.86	C	-		
1165	83	O	13.86	G	-		
1165	84	O	13.86	C	-		
1165	85	O	13.86	C	-		
1165	86	O	13.86	T	-		
1165	87	O	13.86	C	-		
1165	88	O	13.86	A	-		
1165	89	O	13.86	C	-		
1165	90	O	13.86	T	-		
1165	91	O	13.86	C	-		
1165	92	O	13.86	G	-		
1165	93	O	13.86	T	-		
1165	94	O	13.86	G	-		
1165	95	O	13.86	T	-		
1165	96	O	13.86	T	-		
1165	97	O	13.86	C	-		
1165	98	O	13.86	C	-		
1165	99	O	13.86	A	-		
1165	100	O	13.86	C	-		
1165	101	O	13.86	G	-		
1165	102	O	13.86	G	-		
1165	103	O	13.86	A	-		
1165	104	O	13.86	A	-		
1165	105	O	13.86	A	-		
1165	106	O	13.86	A	-		
1165	107	O	13.86	G	-		
1165	108	O	13.86	T	-		
1165	109	O	13.86	C	-		
1166	0	O	9.70	C	-		
1166	1	O	9.70	G	-		
1166	2	O	9.70	A	-		
1166	3	O	9.70	G	-		
1166	4	O	9.70	C	-		
1166	5	O	9.70	G	-		
1166	6	O	9.70	G	-		
1166	7	O	9.70	G	-		
1166	8	O	9.70	C	-		
1166	9	O	9.70	A	-		
1166	10	O	9.70	T	-		
1166	11	O	9.70	G	-		
1166	12	O	9.70	T	-		
1166	13	O	9.70	G	-		
1166	14	O	9.70	C	-		
1166	15	O	9.70	A	-		
1166	16	O	9.70	C	-		
1166	17	O	9.70	C	-		
1166	18	O	9.70	A	-		
1166	19	O	9.70	G	-		
1166	20	O	9.70	T	-		
1166	21	O	9.70	C	-		
1166	22	O	9.70	T	-		
1166	23	O	9.70	C	-		
1166	24	O	9.70	T	-		
1166	25	O	9.70	G	-		
1166	26	O	9.70	T	-		
1166	27	O	9.70	A	-		
1166	28	O	9.70	T	-		
1166	29	O	9.70	C	-		
1166	30	O	9.70	C	-		
1166	31	O	9.70	C	-		
1166	32	O	9.70	A	-		
1166	33	O	9.70	T	-		
1166	34	O	9.70	C	-		
1166	35	O	9.70	A	-		
1166	36	O	9.70	G	-		
1166	37	O	9.70	C	-		
1166	38	O	9.70	A	-		
1166	39	O	9.70	T	-		
1166	40	O	9.70	T	-		
1166	41	O	9.70	T	-		
1166	42	O	9.70	C	-		
1166	43	O	9.70	C	-		
1166	44	O	9.70	G	-		
1166	45	O	9.70	A	-		
1166	46	O	9.70	T	-		
1166	47	O	9.70	A	-		
1166	48	O	9.70	C	-		
1166	49	O	9.70	C	-		
1166	50	O	9.70	C	-		
1166	51	O	9.70	T	-		
1166	52	O	9.70	C	-		
1166	53	U	1.77	G	A		
1166	54	O	9.70	C	-		
1166	55	O	9.70	C	-		
1166	56	O	9.70	A	-		
1166	57	O	9.70	G	-		
1166	58	O	9.70	T	-		
1166	59	O	9.70	T	-		
1166	60	O	9.70	G	-		
1166	61	O	9.70	G	-		
1166	62	O	9.70	G	-		
1166	63	O	9.70	A	-		
1166	64	O	9.70	T	-		
1166	65	O	9.70	T	-		
1166	66	O	9.70	T	-		
1166	67	O	9.70	G	-		
1166	68	O	9.70	C	-		
1166	69	O	9.70	A	-		
1166	70	O	9.70	T	-		
1166	71	O	9.70	T	-		
1166	72	O	9.70	C	-		
1166	73	O	9.70	A	-		
1166	74	O	9.70	C	-		
1166	75	O	9.70	A	-		
1166	76	O	9.70	A	-		
1166	77	O	9.70	G	-		
1166	78	U	1.77	T	A		
1166	79	O	9.70	G	-		
1166	80	O	9.70	A	-		
1166	81	O	9.70	A	-		
1166	82	O	9.70	A	-		
1166	83	O	9.70	G	-		
1166	84	O	9.70	C	-		
1166	85	O	9.70	G	-		
1166	86	O	9.70	T	-		
1166	87	O	9.70	T	-		
1166	88	O	9.70	C	-		
1166	89	O	9.70	G	-		
1166	90	O	9.70	G	-		
1166	91	O	9.70	T	-		
1166	92	O	9.70	G	-		
1166	93	O	9.70	G	-		
1166	94	O	9.70	G	-		
1166	95	O	9.70	C	-		
1166	96	O	9.70	C	-		
1166	97	O	9.70	G	-		
1166	98	O	9.70	G	-		
1166	99	O	9.70	C	-		
1166	100	O	9.70	C	-		
1166	101	O	9.70	T	-		
1166	102	O	9.70	G	-		
1166	103	O	9.70	T	-		
1166	104	O	9.70	G	-		
1166	105	O	9.70	C	-		
1166	106	O	9.70	A	-		
1166	107	O	9.70	T	-		
1166	108	O	9.70	A	-		
1166	109	O	9.70	C	-		
1167	0	O	8.32	A	-		
1167	1	O	8.32	G	-		
1167	2	O	8.32	T	-		
1167	3	O	8.32	G	-		
1167	4	O	8.32	G	-		
1167	5	O	8.32	T	-		
1167	6	O	8.32	C	-		
1167	7	O	8.32	A	-		
1167	8	O	8.32	T	-		
1167	9	O	8.32	G	-		
1167	10	O	8.32	C	-		
1167	11	O	8.32	A	-		
1167	12	O	8.32	G	-		
1167	13	O	8.32	G	-		
1167	14	O	8.32	T	-		
1167	15	O	8.32	T	-		
1167	16	O	8.32	G	-		
1167	17	O	8.32	T	-		
1167	18	O	8.32	G	-		
1167	19	O	8.32	A	-		
1167	20	O	8.32	C	-		
1167	21	O	8.32	T	-		
1167	22	O	8.32	T	-		
1167	23	O	8.32	T	-		
1167	24	O	8.32	G	-		
1167	25	O	8.32	C	-		
1167	26	O	8.32	G	-		
1167	27	O	8.32	C	-		
1167	28	O	8.32	C	-		
1167	29	O	8.32	T	-		
1167	30	O	8.32	G	-		
1167	31	O	8.32	A	-		
1167	32	O	8.32	A	-		
1167	33	O	8.32	T	-		
1167	34	O	8.32	T	-		
1167	35	O	8.32	T	-		
1167	36	O	8.32	G	-		
1167	37	O	8.32	C	-		
1167	38	O	8.32	A	-		
1167	39	O	8.32	A	-		
1167	40	O	8.32	A	-		
1167	41	O	8.32	T	-		
1167	42	O	8.32	G	-		
1167	43	O	8.32	T	-		
1167	44	O	8.32	A	-		
1167	45	O	8.32	T	-		
1167	46	O	8.32	T	-		
1167	47	O	8.32	T	-		
1167	48	O	8.32	G	-		
1167	49	O	8.32	A	-		
1167	50	O	8.32	A	-		
1167	51	O	8.32	C	-		
1167	52	O	8.32	G	-		
1167	53	O	8.32	A	-		
1167	54	O	8.32	A	-		
1167	55	O	8.32	G	-		
1167	56	O	8.32	C	-		
1167	57	O	8.32	G	-		
1167	58	O	8.32	G	-		
1167	59	O	8.32	T	-		
1167	60	O	8.32	T	-		
1167	61	O	8.32	C	-		
1167	62	O	8.32	T	-		
1167	63	O	8.32	G	-		
1167	64	O	8.32	T	-		
1167	65	O	8.32	C	-		
1167	66	O	8.32	T	-		
1167	67	O	8.32	T	-		
1167	68	O	8.32	G	-		
1167	69	O	8.32	G	-		
1167	70	O	8.32	T	-		
1167	71	O	8.32	A	-		
1167	72	O	8.32	T	-		
1167	73	O	8.32	C	-		
1167	74	O	8.32	A	-		
1167	75	O	8.32	G	-		
1167	76	O	8.32	A	-		
1167	77	O	8.32	G	-		
1167	78	O	8.32	G	-		
1167	79	O	8.32	T	-		
1167	80	O	8.32	T	-		
1167	81	O	8.32	G	-		
1167	82	O	8.32	C	-		
1167	83	O	8.32	A	-		
1167	84	O	8.32	T	-		
1167	85	O	8.32	G	-		
1167	86	O	8.32	C	-		
1167	87	O	8.32	C	-		
1167	88	O	8.32	A	-		
1167	89	O	8.32	G	-		
1167	90	O	8.32	C	-		
1167	91	O	8.32	A	-		
1167	92	O	8.32	A	-		
1167	93	O	8.32	G	-		
1167	94	O	8.32	G	-		
1167	95	O	8.32	T	-		
1167	96	O	8.32	T	-		
1167	97	O	8.32	C	-		
1167	98	O	8.32	C	-		
1167	99	O	8.32	A	-		
1167	100	O	8.32	G	-		
1167	101	O	8.32	A	-		
1167	102	O	8.32	T	-		
1167	103	O	8.32	T	-		
1167	104	O	8.32	T	-		
1167	105	O	8.32	G	-		
1167	106	O	8.32	G	-		
1167	107	O	8.32	A	-		
1167	108	O	8.32	T	-		
1167	109	O	8.32	T	-		
1168	0	O	11.09	C	-		
1168	1	O	11.09	G	-		
1168	2	O	11.09	G	-		
1168	3	O	11.09	C	-		
1168	4	O	11.09	C	-		
1168	5	O	11.09	A	-		
1168	6	O	11.09	G	-		
1168	7	O	11.09	C	-		
1168	8	O	11.09	A	-		
1168	9	O	11.09	T	-		
1168	10	O	11.09	G	-		
1168	11	O	11.09	C	-		
1168	12	O	11.09	G	-		
1168	13	O	11.09	C	-		
1168	14	U	2.86	C	T		
1168	15	O	11.09	A	-		
1168	16	O	11.09	T	-		
1168	17	O	11.09	G	-		
1168	18	O	11.09	T	-		
1168	19	O	11.09	G	-		
1168	20	O	11.09	T	-		
1168	21	O	11.09	T	-		
1168	22	O	11.09	T	-		
1168	23	O	11.09	G	-		
1168	24	O	11.09	A	-		
1168	25	O	11.09	C	-		
1168	26	O	11.09	A	-		
1168	27	O	11.09	T	-		
1168	28	O	11.09	A	-		
1168	29	O	11.09	G	-		
1168	30	O	11.09	A	-		
1168	31	O	11.09	C	-		
1168	32	O	11.09	C	-		
1168	33	O	11.09	C	-		
1168	34	O	11.09	G	-		
1168	35	O	11.09	C	-		
1168	36	O	11.09	G	-		
1168	37	O	11.09	C	-		
1168	38	O	11.09	G	-		
1168	39	O	11.09	C	-		
1168	40	O	11.09	A	-		
1168	41	O	11.09	G	-		
1168	42	O	11.09	G	-		
1168	43	O	11.09	T	-		
1168	44	O	11.09	A	-		
1168	45	O	11.09	T	-		
1168	46	O	11.09	A	-		
1168	47	O	11.09	T	-		
1168	48	O	11.09	T	-		
1168	49	O	11.09	G	-		
1168	50	O	11.09	C	-		
1168	51	O	11.09	G	-		
1168	52	O	11.09	C	-		
1168	53	O	11.09	A	-		
1168	54	O	11.09	A	-		
1168	55	O	11.09	C	-		
1168	56	O	11.09	G	-		
1168	57	O	11.09	C	-		
1168	58	O	11.09	G	-		
1168	59	O	11.09	G	-		
1168	60	O	11.09	T	-		
1168	61	O	11.09	G	-		
1168	62	O	11.09	C	-		
1168	63	O	11.09	C	-		
1168	64	O	11.09	C	-		
1168	65	O	11.09	C	-		
1168	66	O	11.09	T	-		
1168	67	O	11.09	G	-		
1168	68	O	11.09	G	-		
1168	69	O	11.09	G	-		
1168	70	O	11.09	G	-		
1168	71	O	11.09	C	-		
1168	72	O	11.09	C	-		
1168	73	O	11.09	C	-		
1168	74	O	11.09	T	-		
1168	75	O	11.09	T	-		
1168	76	O	11.09	C	-		
1168	77	O	11.09	A	-		
1168	78	O	11.09	A	-		
1168	79	O	11.09	C	-		
1168	80	O	11.09	G	-		
1168	81	O	11.09	A	-		
1168	82	O	11.09	T	-		
1168	83	O	11.09	G	-		
1168	84	O	11.09	G	-		
1168	85	O	11.09	C	-		
1168	86	O	11.09	T	-		
1168	87	O	11.09	A	-		
1168	88	O	11.09	C	-		
1168	89	O	11.09	T	-		
1168	90	O	11.09	T	-		
1168	91	O	11.09	C	-		
1168	92	O	11.09	G	-		
1168	93	O	11.09	A	-		
1168	94	O	11.09	G	-		
1168	95	O	11.09	G	-		
1168	96	O	11.09	T	-		
1168	97	O	11.09	A	-		
1168	98	O	11.09	T	-		
1168	99	O	11.09	T	-		
1168	100	O	11.09	C	-		
1168	101	O	11.09	G	-		
1168	102	O	11.09	T	-		
1168	103	O	11.09	G	-		
1168	104	O	11.09	A	-		
1168	105	O	11.09	A	-		
1168	106	O	11.09	G	-		
1168	107	O	11.09	G	-		
1168	108	O	11.09	C	-		
1168	109	O	11.09	C	-		
1169	0	O	9.70	T	-		
1169	1	O	9.70	G	-		
1169	2	O	9.70	G	-		
1169	3	O	9.70	G	-		
1169	4	O	9.70	T	-		
1169	5	O	9.70	G	-		
1169	6	O	9.70	G	-		
1169	7	O	9.70	A	-		
1169	8	O	9.70	A	-		
1169	9	O	9.70	T	-		
1169	10	O	9.70	T	-		
1169	11	O	9.70	G	-		
1169	12	O	9.70	G	-		
1169	13	O	9.70	T	-		
1169	14	O	9.70	G	-		
1169	15	O	9.70	G	-		
1169	16	O	9.70	A	-		
1169	17	O	9.70	A	-		
1169	18	O	9.70	G	-		
1169	19	O	9.70	A	-		
1169	20	O	9.70	A	-		
1169	21	O	9.70	G	-		
1169	22	O	9.70	G	-		
1169	23	O	9.70	A	-		
1169	24	O	9.70	C	-		
1169	25	O	9.70	G	-		
1169	26	O	9.70	C	-		
1169	27	O	9.70	T	-		
1169	28	O	9.70	G	-		
1169	29	O	9.70	G	-		
1169	30	O	9.70	G	-		
1169	31	O	9.70	A	-		
1169	32	O	9.70	T	-		
1169	33	O	9.70	T	-		
1169	34	O	9.70	G	-		
1169	35	O	9.70	G	-		
1169	36	O	9.70	A	-		
1169	37	O	9.70	C	-		
1169	38	O	9.70	G	-		
1169	39	O	9.70	A	-		
1169	40	O	9.70	A	-		
1169	41	O	9.70	G	-		
1169	42	O	9.70	G	-		
1169	43	O	9.70	G	-		
1169	44	U	1.77	T	G		
1169	45	O	9.70	C	-		
1169	46	O	9.70	A	-		
1169	47	O	9.70	G	-		
1169	48	O	9.70	G	-		
1169	49	O	9.70	T	-		
1169	50	O	9.70	C	-		
1169	51	O	9.70	G	-		
1169	52	O	9.70	G	-		
1169	53	O	9.70	C	-		
1169	54	O	9.70	C	-		
1169	55	O	9.70	A	-		
1169	56	O	9.70	C	-		
1169	57	O	9.70	G	-		
1169	58	O	9.70	A	-		
1169	59	O	9.70	T	-		
1169	60	O	9.70	G	-		
1169	61	O	9.70	A	-		
1169	62	O	9.70	C	-		
1169	63	O	9.70	T	-		
1169	64	O	9.70	C	-		
1169	65	O	9.70	A	-		
1169	66	O	9.70	G	-		
1169	67	O	9.70	T	-		
1169	68	O	9.70	C	-		
1169	69	O	9.70	A	-		
1169	70	O	9.70	A	-		
1169	71	O	9.70	C	-		
1169	72	O	9.70	T	-		
1169	73	O	9.70	C	-		
1169	74	O	9.70	G	-		
1169	75	O	9.70	G	-		
1169	76	O	9.70	C	-		
1169	77	O	9.70	A	-		
1169	78	O	9.70	A	-		
1169	79	O	9.70	T	-		
1169	80	O	9.70	G	-		
1169	81	O	9.70	C	-		
1169	82	O	9.70	C	-		
1169	83	O	9.70	A	-		
1169	84	O	9.70	C	-		
1169	85	O	9.70	C	-		
1169	86	O	9.70	C	-		
1169	87	O	9.70	A	-		
1169	88	O	9.70	A	-		
1169	89	O	9.70	G	-		
1169	90	O	9.70	G	-		
1169	91	O	9.70	A	-		
1169	92	O	9.70	T	-		
1169	93	O	9.70	A	-		
1169	94	O	9.70	G	-		
1169	95	O	9.70	C	-		
1169	96	O	9.70	A	-		
1169	97	O	9.70	T	-		
1169	98	O	9.70	C	-		
1169	99	O	9.70	A	-		
1169	100	O	9.70	A	-		
1169	101	O	9.70	G	-		
1169	102	O	9.70	C	-		
1169	103	O	9.70	T	-		
1169	104	O	9.70	C	-		
1169	105	O	9.70	A	-		
1169	106	O	9.70	C	-		
1169	107	O	9.70	T	-		
1169	108	O	9.70	T	-		
1169	109	O	9.70	G	-		
1170	0	O	20.79	C	-		
1170	1	O	20.79	T	-		
1170	2	O	20.79	A	-		
1170	3	O	20.79	A	-		
1170	4	O	20.79	T	-		
1170	5	O	20.79	C	-		
1170	6	O	20.79	G	-		
1170	7	O	20.79	A	-		
1170	8	O	20.79	T	-		
1170	9	O	20.79	C	-		
1170	10	O	20.79	C	-		
1170	11	O	20.79	T	-		
1170	12	O	20.79	G	-		
1170	13	O	20.79	C	-		
1170	14	O	20.79	G	-		
1170	15	O	20.79	C	-		
1170	16	O	20.79	G	-		
1170	17	O	20.79	C	-		
1170	18	O	20.79	G	-		
1170	19	O	20.79	G	-		
1170	20	O	20.79	C	-		
1170	21	O	20.79	C	-		
1170	22	O	20.79	A	-		
1170	23	O	20.79	G	-		
1170	24	O	20.79	A	-		
1170	25	O	20.79	G	-		
1170	26	O	20.79	C	-		
1170	27	O	20.79	T	-		
1170	28	O	20.79	G	-		
1170	29	O	20.79	A	-		
1170	30	O	20.79	C	-		
1170	31	O	20.79	C	-		
1170	32	O	20.79	G	-		
1170	33	O	20.79	T	-		
1170	34	O	20.79	T	-		
1170	35	O	20.79	G	-		
1170	36	O	20.79	G	-		
1170	37	O	20.79	C	-		
1170	38	O	20.79	A	-		
1170	39	O	20.79	G	-		
1170	40	O	20.79	G	-		
1170	41	O	20.79	T	-		
1170	42	O	20.79	G	-		
1170	43	O	20.79	G	-		
1170	44	O	20.79	C	-		
1170	45	O	20.79	G	-		
1170	46	O	20.79	C	-		
1170	47	O	20.79	T	-		
1170	48	O	20.79	T	-		
1170	49	O	20.79	T	-		
1170	50	O	20.79	T	-		
1170	51	O	20.79	G	-		
1170	52	O	20.79	C	-		
1170	53	O	20.79	G	-		
1170	54	O	20.79	G	-		
1170	55	O	20.79	G	-		
1170	56	O	20.79	A	-		
1170	57	O	20.79	A	-		
1170	58	O	20.79	T	-		
1170	59	O	20.79	T	-		
1170	60	O	20.79	G	-		
1170	61	O	20.79	G	-		
1170	62	O	20.79	T	-		
1170	63	O	20.79	G	-		
1170	64	O	20.79	C	-		
1170	65	O	20.79	G	-		
1170	66	O	20.79	C	-		
1170	67	O	20.79	T	-		
1170	68	O	20.79	T	-		
1170	69	O	20.79	G	-		
1170	70	O	20.79	G	-		
1170	71	O	20.79	T	-		
1170	72	O	20.79	G	-		
1170	73	O	20.79	G	-		
1170	74	O	20.79	G	-		
1170	75	O	20.79	C	-		
1170	76	O	20.79	G	-		
1170	77	O	20.79	G	-		
1170	78	O	20.79	G	-		
1170	79	O	20.79	T	-		
1170	80	O	20.79	G	-		
1170	81	O	20.79	T	-		
1170	82	O	20.79	G	-		
1170	83	O	20.79	G	-		
1170	84	O	20.79	C	-		
1170	85	O	20.79	C	-		
1170	86	O	20.79	A	-		
1170	87	O	20.79	C	-		
1170	88	O	20.79	G	-		
1170	89	O	20.79	T	-		
1170	90	O	20.79	T	-		
1170	91	O	20.79	C	-		
1170	92	O	20.79	G	-		
1170	93	O	20.79	A	-		
1170	94	O	20.79	T	-		
1170	95	O	20.79	G	-		
1170	96	O	20.79	G	-		
1170	97	O	20.79	C	-		
1170	98	O	20.79	G	-		
1170	99	O	20.79	C	-		
1170	100	O	20.79	A	-		
1170	101	O	20.79	G	-		
1170	102	O	20.79	T	-		
1170	103	O	20.79	A	-		
1170	104	O	20.79	A	-		
1170	105	O	20.79	T	-		
1170	106	O	20.79	T	-		
1170	107	O	20.79	A	-		
1170	108	O	20.79	T	-		
1170	109	O	20.79	T	-		
1171	0	O	5.55	A	-		
1171	1	O	5.55	A	-		
1171	2	O	5.55	A	-		
1171	3	O	5.55	C	-		
1171	4	O	5.55	G	-		
1171	5	O	5.55	G	-		
1171	6	O	5.55	T	-		
1171	7	O	5.55	A	-		
1171	8	O	5.55	T	-		
1171	9	O	5.55	A	-		
1171	10	O	5.55	T	-		
1171	11	O	5.55	A	-		
1171	12	O	5.55	A	-		
1171	13	O	5.55	A	-		
1171	14	O	5.55	A	-		
1171	15	O	5.55	A	-		
1171	16	O	5.55	C	-		
1171	17	O	5.55	A	-		
1171	18	O	5.55	A	-		
1171	19	O	5.55	A	-		
1171	20	O	5.55	G	-		
1171	21	O	5.55	C	-		
1171	22	O	5.55	T	-		
1171	23	O	5.55	G	-		
1171	24	O	5.55	A	-		
1171	25	O	5.55	T	-		
1171	26	O	5.55	T	-		
1171	27	O	5.55	A	-		
1171	28	O	5.55	A	-		
1171	29	O	5.55	A	-		
1171	30	O	5.55	T	-		
1171	31	O	5.55	G	-		
1171	32	O	5.55	C	-		
1171	33	O	5.55	C	-		
1171	34	O	5.55	T	-		
1171	35	O	5.55	T	-		
1171	36	O	5.55	C	-		
1171	37	O	5.55	C	-		
1171	38	O	5.55	T	-		
1171	39	O	5.55	A	-		
1171	40	O	5.55	T	-		
1171	41	O	5.55	G	-		
1171	42	O	5.55	A	-		
1171	43	O	5.55	G	-		
1171	44	O	5.55	T	-		
1171	45	O	5.55	T	-		
1171	46	O	5.55	T	-		
1171	47	O	5.55	C	-		
1171	48	O	5.55	A	-		
1171	49	O	5.55	A	-		
1171	50	O	5.55	G	-		
1171	51	O	5.55	T	-		
1171	52	O	5.55	C	-		
1171	53	O	5.55	C	-		
1171	54	O	5.55	C	-		
1171	55	O	5.55	C	-		
1171	56	O	5.55	C	-		
1171	57	O	5.55	A	-		
1171	58	O	5.55	A	-		
1171	59	O	5.55	T	-		
1171	60	O	5.55	G	-		
1171	61	O	5.55	A	-		
1171	62	O	5.55	T	-		
1171	63	O	5.55	C	-		
1171	64	O	5.55	A	-		
1171	65	O	5.55	A	-		
1171	66	O	5.55	A	-		
1171	67	O	5.55	A	-		
1171	68	O	5.55	A	-		
1171	69	O	5.55	T	-		
1171	70	O	5.55	C	-		
1171	71	O	5.55	A	-		
1171	72	O	5.55	A	-		
1171	73	O	5.55	A	-		
1171	74	O	5.55	T	-		
1171	75	O	5.55	A	-		
1171	76	O	5.55	T	-		
1171	77	O	5.55	T	-		
1171	78	O	5.55	A	-		
1171	79	O	5.55	T	-		
1171	80	O	5.55	T	-		
1171	81	O	5.55	A	-		
1171	82	O	5.55	C	-		
1171	83	O	5.55	T	-		
1171	84	O	5.55	T	-		
1171	85	O	5.55	T	-		
1171	86	O	5.55	C	-		
1171	87	O	5.55	A	-		
1171	88	O	5.55	G	-		
1171	89	O	5.55	A	-		
1171	90	O	5.55	A	-		
1171	91	O	5.55	G	-		
1171	92	O	5.55	C	-		
1171	93	O	5.55	C	-		
1171	94	O	5.55	C	-		
1171	95	O	5.55	C	-		
1171	96	O	5.55	A	-		
1171	97	O	5.55	A	-		
1171	98	O	5.55	A	-		
1171	99	O	5.55	C	-		
1171	100	O	5.55	T	-		
1171	101	O	5.55	C	-		
1171	102	O	5.55	T	-		
1171	103	O	5.55	C	-		
1171	104	O	5.55	T	-		
1171	105	O	5.55	G	-		
1171	106	O	5.55	C	-		
1171	107	O	5.55	A	-		
1171	108	O	5.55	A	-		
1171	109	O	5.55	G	-		
1172	0	O	15.25	T	-		
1172	1	O	15.25	A	-		
1172	2	O	15.25	T	-		
1172	3	O	15.25	T	-		
1172	4	O	15.25	C	-		
1172	5	O	15.25	T	-		
1172	6	O	15.25	C	-		
1172	7	O	15.25	A	-		
1172	8	O	15.25	G	-		
1172	9	O	15.25	C	-		
1172	10	O	15.25	C	-		
1172	11	O	15.25	C	-		
1172	12	O	15.25	C	-		
1172	13	O	15.25	T	-		
1172	14	O	15.25	C	-		
1172	15	O	15.25	G	-		
1172	16	O	15.25	T	-		
1172	17	O	15.25	T	-		
1172	18	O	15.25	G	-		
1172	19	O	15.25	A	-		
1172	20	O	15.25	G	-		
1172	21	O	15.25	C	-		
1172	22	O	15.25	C	-		
1172	23	O	15.25	A	-		
1172	24	O	15.25	C	-		
1172	25	O	15.25	A	-		
1172	26	O	15.25	G	-		
1172	27	O	15.25	G	-		
1172	28	O	15.25	C	-		
1172	29	O	15.25	A	-		
1172	30	O	15.25	T	-		
1172	31	O	15.25	G	-		
1172	32	O	15.25	A	-		
1172	33	O	15.25	C	-		
1172	34	O	15.25	G	-		
1172	35	O	6.35	A	-		
1172	36	O	15.25	C	-		
1172	37	O	15.25	A	-		
1172	38	O	15.25	C	-		
1172	39	O	15.25	T	-		
1172	40	O	15.25	C	-		
1172	41	O	15.25	T	-		
1172	42	O	15.25	G	-		
1172	43	O	15.25	G	-		
1172	44	O	15.25	T	-		
1172	45	O	6.35	G	-		
1172	46	O	15.25	A	-		
1172	47	O	15.25	T	-		
1172	48	O	15.25	T	-		
1172	49	O	15.25	C	-		
1172	50	O	15.25	G	-		
1172	51	O	15.25	A	-		
1172	52	O	15.25	A	-		
1172	53	O	15.25	G	-		
1172	54	O	15.25	C	-		
1172	55	O	15.25	A	-		
1172	56	O	15.25	G	-		
1172	57	O	15.25	C	-		
1172	58	O	15.25	T	-		
1172	59	O	15.25	A	-		
1172	60	O	15.25	C	-		
1172	61	O	15.25	C	-		
1172	62	O	15.25	C	-		
1172	63	O	15.25	A	-		
1172	64	O	15.25	T	-		
1172	65	O	15.25	T	-		
1172	66	O	15.25	A	-		
1172	67	O	15.25	G	-		
1172	68	O	15.25	C	-		
1172	69	O	15.25	T	-		
1172	70	O	15.25	C	-		
1172	71	O	15.25	C	-		
1172	72	O	15.25	C	-		
1172	73	O	15.25	A	-		
1172	74	O	15.25	C	-		
1172	75	O	15.25	A	-		
1172	76	O	15.25	C	-		
1172	77	O	15.25	T	-		
1172	78	O	15.25	C	-		
1172	79	O	15.25	A	-		
1172	80	O	15.25	A	-		
1172	81	O	15.25	C	-		
1172	82	O	15.25	G	-		
1172	83	O	15.25	A	-		
1172	84	O	15.25	A	-		
1172	85	O	15.25	G	-		
1172	86	O	15.25	A	-		
1172	87	O	15.25	G	-		
1172	88	O	15.25	T	-		
1172	89	O	15.25	A	-		
1172	90	O	15.25	G	-		
1172	91	O	15.25	T	-		
1172	92	O	15.25	A	-		
1172	93	O	15.25	G	-		
1172	94	O	15.25	A	-		
1172	95	O	15.25	C	-		
1172	96	O	15.25	T	-		
1172	97	O	15.25	C	-		
1172	98	O	15.25	A	-		
1172	99	O	15.25	C	-		
1172	100	O	15.25	A	-		
1172	101	O	15.25	C	-		
1172	102	O	15.25	A	-		
1172	103	O	15.25	T	-		
1172	104	O	15.25	G	-		
1172	105	O	15.25	A	-		
1172	106	O	15.25	T	-		
1172	107	O	15.25	G	-		
1172	108	O	15.25	G	-		
1172	109	O	15.25	T	-		
1173	0	O	20.79	G	-		
1173	1	O	20.79	C	-		
1173	2	O	20.79	C	-		
1173	3	O	20.79	A	-		
1173	4	O	20.79	C	-		
1173	5	O	20.79	G	-		
1173	6	O	20.79	C	-		
1173	7	O	20.79	G	-		
1173	8	O	20.79	A	-		
1173	9	O	20.79	G	-		
1173	10	O	20.79	G	-		
1173	11	O	20.79	C	-		
1173	12	O	20.79	T	-		
1173	13	O	20.79	T	-		
1173	14	O	20.79	G	-		
1173	15	O	20.79	A	-		
1173	16	O	20.79	C	-		
1173	17	O	20.79	G	-		
1173	18	O	20.79	A	-		
1173	19	O	20.79	T	-		
1173	20	O	20.79	T	-		
1173	21	O	20.79	G	-		
1173	22	O	20.79	A	-		
1173	23	O	20.79	A	-		
1173	24	O	20.79	C	-		
1173	25	O	20.79	G	-		
1173	26	O	20.79	A	-		
1173	27	O	20.79	C	-		
1173	28	O	20.79	C	-		
1173	29	O	20.79	T	-		
1173	30	O	20.79	C	-		
1173	31	O	20.79	G	-		
1173	32	O	20.79	G	-		
1173	33	O	20.79	A	-		
1173	34	O	20.79	T	-		
1173	35	O	20.79	T	-		
1173	36	O	20.79	T	-		
1173	37	O	20.79	G	-		
1173	38	O	20.79	G	-		
1173	39	O	20.79	C	-		
1173	40	O	20.79	A	-		
1173	41	O	20.79	G	-		
1173	42	O	20.79	A	-		
1173	43	O	20.79	C	-		
1173	44	O	20.79	A	-		
1173	45	O	20.79	T	-		
1173	46	O	20.79	G	-		
1173	47	O	20.79	G	-		
1173	48	O	20.79	G	-		
1173	49	O	20.79	A	-		
1173	50	O	20.79	A	-		
1173	51	O	20.79	A	-		
1173	52	O	20.79	T	-		
1173	53	O	20.79	G	-		
1173	54	O	20.79	A	-		
1173	55	O	20.79	A	-		
1173	56	O	20.79	G	-		
1173	57	O	20.79	T	-		
1173	58	O	20.79	G	-		
1173	59	O	20.79	A	-		
1173	60	O	20.79	T	-		
1173	61	O	20.79	G	-		
1173	62	O	20.79	C	-		
1173	63	O	20.79	G	-		
1173	64	O	20.79	C	-		
1173	65	O	20.79	A	-		
1173	66	O	20.79	C	-		
1173	67	O	20.79	G	-		
1173	68	O	20.79	C	-		
1173	69	O	20.79	A	-		
1173	70	O	20.79	C	-		
1173	71	O	20.79	G	-		
1173	72	O	20.79	T	-		
1173	73	O	20.79	A	-		
1173	74	O	20.79	A	-		
1173	75	O	20.79	G	-		
1173	76	O	20.79	G	-		
1173	77	O	20.79	C	-		
1173	78	O	20.79	G	-		
1173	79	O	20.79	C	-		
1173	80	O	20.79	A	-		
1173	81	O	20.79	C	-		
1173	82	O	20.79	G	-		
1173	83	O	20.79	A	-		
1173	84	O	20.79	G	-		
1173	85	O	20.79	A	-		
1173	86	O	20.79	A	-		
1173	87	O	20.79	T	-		
1173	88	O	20.79	G	-		
1173	89	O	20.79	A	-		
1173	90	O	20.79	G	-		
1173	91	O	20.79	A	-		
1173	92	O	20.79	G	-		
1173	93	O	20.79	G	-		
1173	94	O	20.79	C	-		
1173	95	O	20.79	A	-		
1173	96	O	20.79	G	-		
1173	97	O	20.79	C	-		
1173	98	O	20.79	T	-		
1173	99	O	20.79	T	-		
1173	100	O	20.79	G	-		
1173	101	O	20.79	A	-		
1173	102	O	20.79	G	-		
1173	103	O	20.79	A	-		
1173	104	O	20.79	A	-		
1173	105	O	20.79	C	-		
1173	106	O	20.79	G	-		
1173	107	O	20.79	G	-		
1173	108	O	20.79	G	-		
1173	109	O	20.79	C	-		
1174	0	O	8.32	A	-		
1174	1	O	8.32	A	-		
1174	2	O	8.32	T	-		
1174	3	O	8.32	C	-		
1174	4	O	8.32	C	-		
1174	5	O	8.32	A	-		
1174	6	O	8.32	G	-		
1174	7	O	8.32	A	-		
1174	8	O	8.32	A	-		
1174	9	O	8.32	A	-		
1174	10	O	8.32	T	-		
1174	11	O	8.32	C	-		
1174	12	O	8.32	C	-		
1174	13	O	8.32	G	-		
1174	14	O	8.32	A	-		
1174	15	O	8.32	T	-		
1174	16	O	8.32	C	-		
1174	17	O	8.32	A	-		
1174	18	O	8.32	A	-		
1174	19	O	8.32	G	-		
1174	20	O	8.32	A	-		
1174	21	O	8.32	G	-		
1174	22	O	8.32	A	-		
1174	23	O	8.32	T	-		
1174	24	O	8.32	A	-		
1174	25	O	8.32	C	-		
1174	26	O	8.32	T	-		
1174	27	O	8.32	T	-		
1174	28	O	8.32	T	-		
1174	29	O	8.32	T	-		
1174	30	O	8.32	G	-		
1174	31	O	8.32	T	-		
1174	32	O	8.32	C	-		
1174	33	O	8.32	T	-		
1174	34	O	8.32	G	-		
1174	35	O	8.32	G	-		
1174	36	O	8.32	G	-		
1174	37	O	8.32	C	-		
1174	38	O	8.32	C	-		
1174	39	O	8.32	A	-		
1174	40	O	8.32	T	-		
1174	41	O	8.32	C	-		
1174	42	O	8.32	A	-		
1174	43	O	8.32	T	-		
1174	44	O	8.32	A	-		
1174	45	O	8.32	G	-		
1174	46	O	8.32	A	-		
1174	47	O	8.32	C	-		
1174	48	O	8.32	A	-		
1174	49	O	8.32	C	-		
1174	50	O	8.32	C	-		
1174	51	O	8.32	A	-		
1174	52	O	8.32	G	-		
1174	53	O	8.32	G	-		
1174	54	O	8.32	T	-		
1174	55	O	8.32	C	-		
1174	56	O	8.32	G	-		
1174	57	U	0.71	G	A		
1174	58	O	8.32	G	-		
1174	59	O	8.32	A	-		
1174	60	O	8.32	A	-		
1174	61	O	8.32	A	-		
1174	62	O	8.32	A	-		
1174	63	O	8.32	T	-		
1174	64	O	8.32	T	-		
1174	65	O	8.32	C	-		
1174	66	O	8.32	C	-		
1174	67	O	8.32	T	-		
1174	68	O	8.32	A	-		
1174	69	O	8.32	A	-		
1174	70	O	8.32	G	-		
1174	71	O	8.32	T	-		
1174	72	O	8.32	G	-		
1174	73	O	8.32	G	-		
1174	74	O	8.32	T	-		
1174	75	O	8.32	T	-		
1174	76	O	8.32	C	-		
1174	77	O	8.32	T	-		
1174	78	O	8.32	T	-		
1174	79	O	8.32	G	-		
1174	80	O	8.32	G	-		
1174	81	O	8.32	A	-		
1174	82	O	8.32	G	-		
1174	83	O	8.32	G	-		
1174	84	O	8.32	A	-		
1174	85	O	8.32	T	-		
1174	86	O	8.32	C	-		
1174	87	O	8.32	C	-		
1174	88	O	8.32	T	-		
1174	89	O	8.32	G	-		
1174	90	O	8.32	A	-		
1174	91	O	8.32	A	-		
1174	92	O	8.32	T	-		
1174	93	O	8.32	G	-		
1174	94	O	8.32	T	-		
1174	95	O	8.32	A	-		
1174	96	O	8.32	G	-		
1174	97	O	8.32	C	-		
1174	98	O	8.32	C	-		
1174	99	O	8.32	A	-		
1174	100	O	8.32	G	-		
1174	101	O	8.32	A	-		
1174	102	O	8.32	G	-		
1174	103	O	8.32	C	-		
1174	104	O	8.32	T	-		
1174	105	O	8.32	G	-		
1174	106	O	8.32	A	-		
1174	107	O	8.32	A	-		
1174	108	O	8.32	A	-		
1174	109	O	8.32	G	-		
1175	0	O	11.09	G	-		
1175	1	O	11.09	T	-		
1175	2	O	11.09	C	-		
1175	3	O	11.09	G	-		
1175	4	O	11.09	A	-		
1175	5	O	11.09	G	-		
1175	6	O	11.09	A	-		
1175	7	O	11.09	T	-		
1175	8	O	11.09	C	-		
1175	9	O	11.09	A	-		
1175	10	O	11.09	G	-		
1175	11	O	11.09	G	-		
1175	12	O	11.09	G	-		
1175	13	O	11.09	T	-		
1175	14	O	11.09	T	-		
1175	15	O	11.09	G	-		
1175	16	O	11.09	C	-		
1175	17	O	11.09	C	-		
1175	18	O	11.09	T	-		
1175	19	O	11.09	G	-		
1175	20	O	11.09	T	-		
1175	21	O	11.09	T	-		
1175	22	O	11.09	G	-		
1175	23	O	11.09	A	-		
1175	24	O	11.09	G	-		
1175	25	O	11.09	G	-		
1175	26	O	11.09	G	-		
1175	27	O	11.09	T	-		
1175	28	O	11.09	G	-		
1175	29	O	11.09	G	-		
1175	30	O	11.09	G	-		
1175	31	O	11.09	A	-		
1175	32	O	11.09	T	-		
1175	33	O	11.09	C	-		
1175	34	O	11.09	C	-		
1175	35	O	11.09	A	-		
1175	36	O	11.09	T	-		
1175	37	O	11.09	T	-		
1175	38	O	11.09	G	-		
1175	39	O	11.09	C	-		
1175	40	O	11.09	G	-		
1175	41	O	11.09	A	-		
1175	42	O	11.09	G	-		
1175	43	O	11.09	G	-		
1175	44	O	11.09	A	-		
1175	45	O	11.09	C	-		
1175	46	O	11.09	C	-		
1175	47	O	11.09	C	-		
1175	48	O	11.09	G	-		
1175	49	O	11.09	G	-		
1175	50	O	11.09	A	-		
1175	51	O	11.09	C	-		
1175	52	O	11.09	G	-		
1175	53	O	11.09	G	-		
1175	54	U	2.86	T	A		
1175	55	O	11.09	T	-		
1175	56	O	11.09	G	-		
1175	57	O	11.09	C	-		
1175	58	O	11.09	T	-		
1175	59	O	11.09	T	-		
1175	60	O	11.09	G	-		
1175	61	O	11.09	G	-		
1175	62	O	11.09	C	-		
1175	63	O	11.09	G	-		
1175	64	O	11.09	C	-		
1175	65	O	11.09	C	-		
1175	66	O	11.09	G	-		
1175	67	O	11.09	G	-		
1175	68	O	11.09	G	-		
1175	69	O	11.09	C	-		
1175	70	O	11.09	T	-		
1175	71	O	11.09	G	-		
1175	72	U	2.86	A	G		
1175	73	O	11.09	G	-		
1175	74	O	11.09	G	-		
1175	75	O	11.09	A	-		
1175	76	O	11.09	G	-		
1175	77	O	11.09	G	-		
1175	78	O	11.09	A	-		
1175	79	O	11.09	G	-		
1175	80	O	11.09	C	-		
1175	81	O	11.09	A	-		
1175	82	O	11.09	C	-		
1175	83	O	11.09	C	-		
1175	84	O	11.09	T	-		
1175	85	O	11.09	G	-		
1175	86	O	11.09	G	-		
1175	87	O	11.09	C	-		
1175	88	O	11.09	A	-		
1175	89	O	11.09	C	-		
1175	90	O	11.09	T	-		
1175	91	U	2.86	T	A		
1175	92	O	11.09	G	-		
1175	93	O	11.09	G	-		
1175	94	O	11.09	C	-		
1175	95	O	11.09	G	-		
1175	96	O	11.09	T	-		
1175	97	O	11.09	T	-		
1175	98	O	11.09	G	-		
1175	99	O	11.09	G	-		
1175	100	O	11.09	T	-		
1175	101	O	11.09	C	-		
1175	102	O	11.09	G	-		
1175	103	O	11.09	G	-		
1175	104	O	11.09	G	-		
1175	105	O	11.09	T	-		
1175	106	O	11.09	T	-		
1175	107	O	11.09	G	-		
1175	108	O	11.09	C	-		
1175	109	U	2.86	T	A		
1176	0	O	9.70	G	-		
1176	1	O	9.70	T	-		
1176	2	O	9.70	A	-		
1176	3	O	9.70	A	-		
1176	4	O	9.70	G	-		
1176	5	O	9.70	C	-		
1176	6	O	9.70	C	-		
1176	7	O	9.70	C	-		
1176	8	O	9.70	C	-		
1176	9	O	9.70	A	-		
1176	10	O	9.70	G	-		
1176	11	O	9.70	A	-		
1176	12	O	9.70	T	-		
1176	13	O	9.70	A	-		
1176	14	O	9.70	C	-		
1176	15	O	9.70	T	-		
1176	16	O	9.70	T	-		
1176	17	O	9.70	G	-		
1176	18	O	9.70	C	-		
1176	19	O	9.70	T	-		
1176	20	O	9.70	T	-		
1176	21	O	9.70	C	-		
1176	22	O	9.70	C	-		
1176	23	O	9.70	A	-		
1176	24	O	9.70	C	-		
1176	25	O	9.70	T	-		
1176	26	O	9.70	C	-		
1176	27	O	9.70	A	-		
1176	28	O	9.70	C	-		
1176	29	O	9.70	A	-		
1176	30	O	9.70	A	-		
1176	31	O	9.70	T	-		
1176	32	O	9.70	C	-		
1176	33	O	9.70	C	-		
1176	34	O	9.70	A	-		
1176	35	O	9.70	T	-		
1176	36	O	9.70	A	-		
1176	37	O	9.70	G	-		
1176	38	O	9.70	G	-		
1176	39	O	9.70	C	-		
1176	40	O	9.70	A	-		
1176	41	O	9.70	T	-		
1176	42	O	9.70	C	-		
1176	43	O	9.70	A	-		
1176	44	O	9.70	G	-		
1176	45	O	9.70	G	-		
1176	46	O	9.70	T	-		
1176	47	O	9.70	A	-		
1176	48	O	9.70	A	-		
1176	49	O	9.70	G	-		
1176	50	O	9.70	T	-		
1176	51	O	9.70	T	-		
1176	52	O	9.70	G	-		
1176	53	O	9.70	G	-		
1176	54	O	9.70	G	-		
1176	55	O	9.70	G	-		
1176	56	O	9.70	C	-		
1176	57	O	9.70	A	-		
1176	58	O	9.70	T	-		
1176	59	O	9.70	T	-		
1176	60	O	9.70	G	-		
1176	61	O	9.70	C	-		
1176	62	O	9.70	C	-		
1176	63	O	9.70	A	-		
1176	64	O	9.70	G	-		
1176	65	O	9.70	C	-		
1176	66	O	9.70	G	-		
1176	67	O	9.70	G	-		
1176	68	O	9.70	G	-		
1176	69	O	9.70	A	-		
1176	70	O	9.70	G	-		
1176	71	O	9.70	T	-		
1176	72	O	9.70	T	-		
1176	73	O	9.70	A	-		
1176	74	O	9.70	C	-		
1176	75	O	9.70	A	-		
1176	76	O	9.70	T	-		
1176	77	O	9.70	G	-		
1176	78	O	9.70	T	-		
1176	79	O	9.70	A	-		
1176	80	O	9.70	T	-		
1176	81	O	9.70	T	-		
1176	82	O	9.70	G	-		
1176	83	O	9.70	G	-		
1176	84	O	9.70	A	-		
1176	85	O	9.70	A	-		
1176	86	O	9.70	G	-		
1176	87	O	9.70	T	-		
1176	88	O	9.70	T	-		
1176	89	O	9.70	G	-		
1176	90	O	9.70	A	-		
1176	91	O	9.70	G	-		
1176	92	O	9.70	C	-		
1176	93	O	9.70	T	-		
1176	94	O	9.70	A	-		
1176	95	O	9.70	A	-		
1176	96	O	9.70	C	-		
1176	97	O	9.70	A	-		
1176	98	O	9.70	C	-		
1176	99	O	9.70	T	-		
1176	100	O	9.70	T	-		
1176	101	O	9.70	C	-		
1176	102	O	9.70	G	-		
1176	103	O	9.70	C	-		
1176	104	O	9.70	T	-		
1176	105	O	9.70	T	-		
1176	106	O	9.70	C	-		
1176	107	O	9.70	T	-		
1176	108	O	9.70	T	-		
1176	109	O	9.70	A	-		
1177	0	O	6.93	A	-		
1177	1	O	6.93	G	-		
1177	2	O	6.93	G	-		
1177	3	O	6.93	A	-		
1177	4	O	6.93	T	-		
1177	5	O	6.93	T	-		
1177	6	O	6.93	G	-		
1177	7	O	6.93	G	-		
1177	8	O	6.93	G	-		
1177	9	O	6.93	A	-		
1177	10	O	6.93	T	-		
1177	11	O	6.93	T	-		
1177	12	O	6.93	T	-		
1177	13	O	6.93	G	-		
1177	14	O	6.93	A	-		
1177	15	O	6.93	T	-		
1177	16	O	6.93	C	-		
1177	17	O	6.93	T	-		
1177	18	O	6.93	A	-		
1177	19	O	6.93	C	-		
1177	20	O	6.93	A	-		
1177	21	O	6.93	G	-		
1177	22	O	6.93	G	-		
1177	23	O	6.93	C	-		
1177	24	O	6.93	T	-		
1177	25	O	6.93	G	-		
1177	26	O	6.93	A	-		
1177	27	O	6.93	T	-		
1177	28	O	6.93	C	-		
1177	29	O	6.93	A	-		
1177	30	O	6.93	A	-		
1177	31	O	6.93	C	-		
1177	32	O	6.93	A	-		
1177	33	O	6.93	A	-		
1177	34	O	6.93	G	-		
1177	35	O	6.93	C	-		
1177	36	O	6.93	T	-		
1177	37	O	6.93	G	-		
1177	38	O	6.93	C	-		
1177	39	O	6.93	A	-		
1177	40	O	6.93	C	-		
1177	41	O	6.93	T	-		
1177	42	O	6.93	T	-		
1177	43	O	6.93	G	-		
1177	44	O	6.93	A	-		
1177	45	O	6.93	A	-		
1177	46	O	6.93	C	-		
1177	47	O	6.93	T	-		
1177	48	O	6.93	T	-		
1177	49	O	6.93	G	-		
1177	50	O	6.93	G	-		
1177	51	O	6.93	A	-		
1177	52	O	6.93	C	-		
1177	53	O	6.93	A	-		
1177	54	O	6.93	T	-		
1177	55	O	6.93	C	-		
1177	56	O	6.93	C	-		
1177	57	O	6.93	C	-		
1177	58	O	6.93	T	-		
1177	59	O	6.93	G	-		
1177	60	O	6.93	T	-		
1177	61	O	6.93	G	-		
1177	62	O	6.93	A	-		
1177	63	O	6.93	C	-		
1177	64	O	6.93	G	-		
1177	65	O	6.93	G	-		
1177	66	O	6.93	C	-		
1177	67	O	6.93	G	-		
1177	68	O	6.93	A	-		
1177	69	O	6.93	A	-		
1177	70	O	6.93	G	-		
1177	71	O	6.93	A	-		
1177	72	O	6.93	T	-		
1177	73	O	6.93	G	-		
1177	74	O	6.93	C	-		
1177	75	O	6.93	G	-		
1177	76	O	6.93	G	-		
1177	77	O	6.93	G	-		
1177	78	O	6.93	T	-		
1177	79	O	6.93	G	-		
1177	80	O	6.93	T	-		
1177	81	O	6.93	T	-		
1177	82	O	6.93	G	-		
1177	83	O	6.93	G	-		
1177	84	O	6.93	A	-		
1177	85	O	6.93	G	-		
1177	86	O	6.93	A	-		
1177	87	O	6.93	C	-		
1177	88	O	6.93	G	-		
1177	89	O	6.93	C	-		
1177	90	O	6.93	G	-		
1177	91	O	6.93	G	-		
1177	92	O	6.93	G	-		
1177	93	O	6.93	A	-		
1177	94	O	6.93	G	-		
1177	95	O	6.93	A	-		
1177	96	O	6.93	A	-		
1177	97	O	6.93	G	-		
1177	98	O	6.93	A	-		
1177	99	O	6.93	C	-		
1177	100	O	6.93	G	-		
1177	101	O	6.93	C	-		
1177	102	O	6.93	T	-		
1177	103	O	6.93	G	-		
1177	104	O	6.93	G	-		
1177	105	O	6.93	A	-		
1177	106	O	6.93	G	-		
1177	107	O	6.93	T	-		
1177	108	O	6.93	A	-		
1177	109	O	6.93	C	-		
1178	0	O	18.02	C	-		
1178	1	O	18.02	A	-		
1178	2	O	18.02	C	-		
1178	3	O	18.02	G	-		
1178	4	O	18.02	G	-		
1178	5	O	18.02	C	-		
1178	6	O	18.02	G	-		
1178	7	O	18.02	G	-		
1178	8	O	18.02	G	-		
1178	9	O	18.02	C	-		
1178	10	O	18.02	A	-		
1178	11	O	18.02	G	-		
1178	12	O	18.02	C	-		
1178	13	O	18.02	C	-		
1178	14	O	18.02	T	-		
1178	15	O	18.02	T	-		
1178	16	O	18.02	G	-		
1178	17	O	18.02	T	-		
1178	18	O	18.02	G	-		
1178	19	O	18.02	G	-		
1178	20	O	18.02	G	-		
1178	21	O	18.02	C	-		
1178	22	O	18.02	G	-		
1178	23	O	18.02	C	-		
1178	24	O	18.02	G	-		
1178	25	O	18.02	G	-		
1178	26	O	18.02	A	-		
1178	27	O	18.02	C	-		
1178	28	O	18.02	G	-		
1178	29	O	18.02	G	-		
1178	30	O	18.02	G	-		
1178	31	O	18.02	G	-		
1178	32	O	18.02	A	-		
1178	33	O	18.02	T	-		
1178	34	O	18.02	G	-		
1178	35	O	18.02	C	-		
1178	36	O	18.02	C	-		
1178	37	O	18.02	G	-		
1178	38	O	18.02	C	-		
1178	39	O	18.02	A	-		
1178	40	O	18.02	A	-		
1178	41	O	18.02	G	-		
1178	42	O	18.02	T	-		
1178	43	O	18.02	G	-		
1178	44	O	18.02	C	-		
1178	45	O	18.02	A	-		
1178	46	O	18.02	G	-		
1178	47	O	18.02	C	-		
1178	48	O	18.02	G	-		
1178	49	O	18.02	A	-		
1178	50	O	18.02	C	-		
1178	51	O	18.02	G	-		
1178	52	O	18.02	A	-		
1178	53	O	18.02	T	-		
1178	54	O	18.02	G	-		
1178	55	O	18.02	A	-		
1178	56	O	18.02	G	-		
1178	57	O	18.02	C	-		
1178	58	O	18.02	T	-		
1178	59	O	18.02	A	-		
1178	60	O	18.02	C	-		
1178	61	O	18.02	T	-		
1178	62	O	18.02	T	-		
1178	63	O	18.02	A	-		
1178	64	O	18.02	C	-		
1178	65	O	18.02	T	-		
1178	66	O	18.02	T	-		
1178	67	O	18.02	G	-		
1178	68	O	18.02	G	-		
1178	69	O	18.02	C	-		
1178	70	O	18.02	C	-		
1178	71	O	18.02	G	-		
1178	72	O	18.02	G	-		
1178	73	O	18.02	C	-		
1178	74	O	18.02	C	-		
1178	75	O	18.02	A	-		
1178	76	O	18.02	G	-		
1178	77	O	18.02	T	-		
1178	78	O	18.02	C	-		
1178	79	O	18.02	G	-		
1178	80	O	18.02	G	-		
1178	81	O	18.02	G	-		
1178	82	O	18.02	C	-		
1178	83	O	18.02	A	-		
1178	84	O	18.02	G	-		
1178	85	O	18.02	A	-		
1178	86	O	18.02	G	-		
1178	87	O	18.02	T	-		
1178	88	O	18.02	C	-		
1178	89	O	18.02	A	-		
1178	90	O	18.02	G	-		
1178	91	O	18.02	T	-		
1178	92	O	18.02	T	-		
1178	93	O	18.02	A	-		
1178	94	O	18.02	G	-		
1178	95	O	18.02	T	-		
1178	96	O	18.02	C	-		
1178	97	O	18.02	G	-		
1178	98	O	18.02	A	-		
1178	99	O	18.02	G	-		
1178	100	O	18.02	G	-		
1178	101	O	18.02	C	-		
1178	102	O	18.02	T	-		
1178	103	O	18.02	A	-		
1178	104	O	18.02	G	-		
1178	105	O	18.02	C	-		
1178	106	O	18.02	G	-		
1178	107	O	18.02	A	-		
1178	108	O	18.02	G	-		
1178	109	O	18.02	T	-		
1179	0	O	13.86	A	-		
1179	1	O	13.86	G	-		
1179	2	O	13.86	G	-		
1179	3	O	13.86	G	-		
1179	4	O	13.86	A	-		
1179	5	O	13.86	T	-		
1179	6	O	13.86	C	-		
1179	7	O	13.86	G	-		
1179	8	O	13.86	C	-		
1179	9	O	13.86	C	-		
1179	10	O	13.86	G	-		
1179	11	O	13.86	C	-		
1179	12	O	13.86	T	-		
1179	13	O	13.86	G	-		
1179	14	O	13.86	T	-		
1179	15	O	13.86	T	-		
1179	16	O	13.86	C	-		
1179	17	O	13.86	G	-		
1179	18	O	13.86	C	-		
1179	19	O	13.86	C	-		
1179	20	O	13.86	A	-		
1179	21	O	13.86	A	-		
1179	22	O	13.86	G	-		
1179	23	O	13.86	A	-		
1179	24	O	13.86	A	-		
1179	25	O	13.86	C	-		
1179	26	O	13.86	G	-		
1179	27	O	13.86	G	-		
1179	28	O	13.86	A	-		
1179	29	O	13.86	C	-		
1179	30	O	13.86	T	-		
1179	31	O	13.86	C	-		
1179	32	O	13.86	T	-		
1179	33	O	13.86	T	-		
1179	34	O	13.86	C	-		
1179	35	O	13.86	G	-		
1179	36	O	13.86	G	-		
1179	37	O	13.86	C	-		
1179	38	O	13.86	A	-		
1179	39	O	13.86	A	-		
1179	40	O	13.86	G	-		
1179	41	O	13.86	T	-		
1179	42	O	13.86	G	-		
1179	43	O	13.86	G	-		
1179	44	O	13.86	C	-		
1179	45	O	13.86	A	-		
1179	46	O	13.86	T	-		
1179	47	O	13.86	C	-		
1179	48	O	13.86	T	-		
1179	49	O	13.86	G	-		
1179	50	O	13.86	C	-		
1179	51	O	13.86	T	-		
1179	52	O	13.86	G	-		
1179	53	O	13.86	G	-		
1179	54	O	13.86	C	-		
1179	55	O	13.86	C	-		
1179	56	O	13.86	A	-		
1179	57	O	13.86	T	-		
1179	58	O	13.86	A	-		
1179	59	O	13.86	C	-		
1179	60	O	13.86	A	-		
1179	61	O	13.86	C	-		
1179	62	O	13.86	A	-		
1179	63	O	13.86	G	-		
1179	64	O	13.86	C	-		
1179	65	O	13.86	C	-		
1179	66	O	13.86	G	-		
1179	67	O	13.86	G	-		
1179	68	O	13.86	C	-		
1179	69	O	13.86	G	-		
1179	70	O	13.86	C	-		
1179	71	O	13.86	G	-		
1179	72	O	13.86	C	-		
1179	73	O	13.86	C	-		
1179	74	O	13.86	A	-		
1179	75	O	13.86	A	-		
1179	76	O	13.86	C	-		
1179	77	O	13.86	T	-		
1179	78	O	13.86	C	-		
1179	79	O	13.86	C	-		
1179	80	O	13.86	A	-		
1179	81	O	13.86	C	-		
1179	82	O	13.86	C	-		
1179	83	O	13.86	G	-		
1179	84	O	13.86	C	-		
1179	85	O	5.16	C	-		
1179	86	O	13.86	G	-		
1179	87	O	13.86	A	-		
1179	88	O	13.86	C	-		
1179	89	O	13.86	T	-		
1179	90	O	13.86	A	-		
1179	91	O	13.86	C	-		
1179	92	O	13.86	T	-		
1179	93	O	13.86	G	-		
1179	94	O	13.86	C	-		
1179	95	O	13.86	G	-		
1179	96	O	13.86	A	-		
1179	97	O	13.86	G	-		
1179	98	O	13.86	C	-		
1179	99	O	13.86	C	-		
1179	100	O	13.86	C	-		
1179	101	O	13.86	G	-		
1179	102	O	13.86	A	-		
1179	103	O	13.86	C	-		
1179	104	O	13.86	G	-		
1179	105	O	13.86	A	-		
1179	106	O	13.86	G	-		
1179	107	O	13.86	A	-		
1179	108	O	13.86	C	-		
1179	109	O	13.86	C	-		
1180	0	O	13.86	G	-		
1180	1	O	13.86	C	-		
1180	2	O	13.86	A	-		
1180	3	O	13.86	C	-		
1180	4	O	13.86	T	-		
1180	5	O	13.86	G	-		
1180	6	O	13.86	A	-		
1180	7	O	13.86	C	-		
1180	8	O	13.86	A	-		
1180	9	O	13.86	G	-		
1180	10	O	13.86	G	-		
1180	11	O	5.16	A	-		
1180	12	O	13.86	G	-		
1180	13	O	13.86	A	-		
1180	14	O	13.86	G	-		
1180	15	O	13.86	A	-		
1180	16	O	13.86	A	-		
1180	17	O	13.86	A	-		
1180	18	O	13.86	A	-		
1180	19	O	13.86	A	-		
1180	20	O	13.86	T	-		
1180	21	O	13.86	C	-		
1180	22	O	13.86	A	-		
1180	23	O	13.86	A	-		
1180	24	O	13.86	G	-		
1180	25	O	13.86	A	-		
1180	26	O	13.86	A	-		
1180	27	O	13.86	A	-		
1180	28	O	13.86	G	-		
1180	29	O	13.86	A	-		
1180	30	O	13.86	G	-		
1180	31	O	13.86	C	-		
1180	32	O	13.86	A	-		
1180	33	O	13.86	T	-		
1180	34	O	13.86	T	-		
1180	35	O	13.86	G	-		
1180	36	O	13.86	A	-		
1180	37	O	13.86	T	-		
1180	38	O	13.86	C	-		
1180	39	O	13.86	A	-		
1180	40	O	5.16	T	-		
1180	41	O	13.86	G	-		
1180	42	O	13.86	C	-		
1180	43	O	5.16	T	-		
1180	44	O	13.86	G	-		
1180	45	O	13.86	A	-		
1180	46	O	13.86	G	-		
1180	47	O	13.86	A	-		
1180	48	O	13.86	A	-		
1180	49	O	13.86	A	-		
1180	50	O	13.86	G	-		
1180	51	O	13.86	C	-		
1180	52	O	13.86	A	-		
1180	53	O	13.86	A	-		
1180	54	O	13.86	A	-		
1180	55	O	13.86	T	-		
1180	56	O	13.86	A	-		
1180	57	O	13.86	A	-		
1180	58	O	13.86	C	-		
1180	59	O	13.86	A	-		
1180	60	O	13.86	G	-		
1180	61	O	13.86	C	-		
1180	62	O	13.86	A	-		
1180	63	O	13.86	C	-		
1180	64	O	13.86	A	-		
1180	65	O	13.86	G	-		
1180	66	O	13.86	A	-		
1180	67	O	13.86	T	-		
1180	68	O	13.86	C	-		
1180	69	O	13.86	A	-		
1180	70	O	13.86	G	-		
1180	71	O	13.86	C	-		
1180	72	O	13.86	C	-		
1180	73	O	13.86	G	-		
1180	74	O	13.86	G	-		
1180	75	O	13.86	A	-		
1180	76	O	13.86	G	-		
1180	77	O	13.86	A	-		
1180	78	O	13.86	A	-		
1180	79	O	13.86	A	-		
1180	80	O	13.86	G	-		
1180	81	O	13.86	C	-		
1180	82	O	13.86	G	-		
1180	83	O	13.86	A	-		
1180	84	O	13.86	G	-		
1180	85	O	13.86	G	-		
1180	86	O	13.86	A	-		
1180	87	O	13.86	A	-		
1180	88	O	13.86	C	-		
1180	89	O	13.86	A	-		
1180	90	O	13.86	G	-		
1180	91	O	13.86	C	-		
1180	92	O	13.86	A	-		
1180	93	O	13.86	T	-		
1180	94	O	13.86	T	-		
1180	95	O	13.86	G	-		
1180	96	O	13.86	A	-		
1180	97	O	13.86	T	-		
1180	98	O	13.86	C	-		
1180	99	O	13.86	G	-		
1180	100	O	13.86	G	-		
1180	101	O	13.86	T	-		
1180	102	O	13.86	T	-		
1180	103	O	13.86	G	-		
1180	104	O	13.86	G	-		
1180	105	O	13.86	A	-		
1180	106	O	13.86	C	-		
1180	107	O	13.86	T	-		
1180	108	O	13.86	A	-		
1180	109	O	13.86	A	-		
1181	0	O	5.55	T	-		
1181	1	O	5.55	T	-		
1181	2	O	5.55	C	-		
1181	3	O	5.55	T	-		
1181	4	O	5.55	C	-		
1181	5	O	5.55	G	-		
1181	6	O	5.55	C	-		
1181	7	O	5.55	C	-		
1181	8	O	5.55	G	-		
1181	9	O	5.55	A	-		
1181	10	O	5.55	C	-		
1181	11	O	5.55	A	-		
1181	12	O	5.55	A	-		
1181	13	O	5.55	A	-		
1181	14	O	5.55	G	-		
1181	15	O	5.55	A	-		
1181	16	O	5.55	C	-		
1181	17	O	5.55	A	-		
1181	18	O	5.55	A	-		
1181	19	O	5.55	T	-		
1181	20	O	5.55	G	-		
1181	21	O	5.55	T	-		
1181	22	O	5.55	A	-		
1181	23	O	5.55	G	-		
1181	24	O	5.55	G	-		
1181	25	O	5.55	C	-		
1181	26	O	5.55	G	-		
1181	27	O	5.55	C	-		
1181	28	O	5.55	T	-		
1181	29	O	5.55	C	-		
1181	30	O	5.55	G	-		
1181	31	O	5.55	A	-		
1181	32	O	5.55	G	-		
1181	33	O	5.55	A	-		
1181	34	O	5.55	A	-		
1181	35	O	5.55	T	-		
1181	36	O	5.55	C	-		
1181	37	O	5.55	C	-		
1181	38	O	5.55	A	-		
1181	39	O	5.55	A	-		
1181	40	O	5.55	T	-		
1181	41	O	5.55	C	-		
1181	42	O	5.55	T	-		
1181	43	O	5.55	G	-		
1181	44	O	5.55	A	-		
1181	45	O	5.55	G	-		
1181	46	O	5.55	A	-		
1181	47	O	5.55	G	-		
1181	48	O	5.55	A	-		
1181	49	O	5.55	T	-		
1181	50	O	5.55	A	-		
1181	51	O	5.55	A	-		
1181	52	O	5.55	C	-		
1181	53	O	5.55	G	-		
1181	54	O	5.55	A	-		
1181	55	O	5.55	G	-		
1181	56	O	5.55	C	-		
1181	57	O	5.55	G	-		
1181	58	O	5.55	A	-		
1181	59	O	5.55	G	-		
1181	60	O	5.55	A	-		
1181	61	O	5.55	A	-		
1181	62	O	5.55	G	-		
1181	63	O	5.55	T	-		
1181	64	O	5.55	T	-		
1181	65	O	5.55	G	-		
1181	66	O	5.55	A	-		
1181	67	O	5.55	T	-		
1181	68	O	5.55	C	-		
1181	69	O	5.55	A	-		
1181	70	O	5.55	T	-		
1181	71	O	5.55	G	-		
1181	72	O	5.55	T	-		
1181	73	O	5.55	T	-		
1181	74	O	5.55	G	-		
1181	75	O	5.55	C	-		
1181	76	O	5.55	G	-		
1181	77	O	5.55	G	-		
1181	78	O	5.55	A	-		
1181	79	O	5.55	A	-		
1181	80	O	5.55	G	-		
1181	81	O	5.55	T	-		
1181	82	O	5.55	G	-		
1181	83	O	5.55	C	-		
1181	84	O	5.55	T	-		
1181	85	O	5.55	T	-		
1181	86	O	5.55	G	-		
1181	87	O	5.55	C	-		
1181	88	O	5.55	C	-		
1181	89	O	5.55	G	-		
1181	90	O	5.55	A	-		
1181	91	O	5.55	A	-		
1181	92	O	5.55	G	-		
1181	93	O	5.55	A	-		
1181	94	O	5.55	T	-		
1181	95	O	5.55	G	-		
1181	96	O	5.55	A	-		
1181	97	O	5.55	T	-		
1181	98	O	5.55	G	-		
1181	99	O	5.55	C	-		
1181	100	O	5.55	C	-		
1181	101	O	5.55	G	-		
1181	102	O	5.55	C	-		
1181	103	O	5.55	C	-		
1181	104	O	5.55	C	-		
1181	105	O	5.55	A	-		
1181	106	O	5.55	T	-		
1181	107	O	5.55	G	-		
1181	108	O	5.55	T	-		
1181	109	O	5.55	C	-		
1182	0	O	8.32	C	-		
1182	1	O	8.32	G	-		
1182	2	O	8.32	A	-		
1182	3	O	8.32	C	-		
1182	4	O	8.32	A	-		
1182	5	O	8.32	C	-		
1182	6	O	8.32	A	-		
1182	7	O	8.32	C	-		
1182	8	O	8.32	A	-		
1182	9	O	8.32	C	-		
1182	10	O	8.32	C	-		
1182	11	O	8.32	C	-		
1182	12	O	8.32	A	-		
1182	13	O	8.32	G	-		
1182	14	O	8.32	C	-		
1182	15	O	8.32	A	-		
1182	16	O	8.32	G	-		
1182	17	O	8.32	C	-		
1182	18	O	8.32	A	-		
1182	19	O	8.32	C	-		
1182	20	O	8.32	T	-		
1182	21	O	8.32	T	-		
1182	22	O	8.32	G	-		
1182	23	O	8.32	A	-		
1182	24	O	8.32	C	-		
1182	25	O	8.32	A	-		
1182	26	O	8.32	C	-		
1182	27	O	8.32	T	-		
1182	28	O	8.32	A	-		
1182	29	O	8.32	T	-		
1182	30	O	8.32	C	-		
1182	31	O	8.32	A	-		
1182	32	O	8.32	C	-		
1182	33	O	8.32	T	-		
1182	34	O	8.32	T	-		
1182	35	O	8.32	T	-		
1182	36	O	8.32	G	-		
1182	37	O	8.32	T	-		
1182	38	O	8.32	A	-		
1182	39	O	8.32	T	-		
1182	40	O	8.32	T	-		
1182	41	O	8.32	T	-		
1182	42	O	8.32	T	-		
1182	43	O	8.32	C	-		
1182	44	O	8.32	T	-		
1182	45	O	8.32	G	-		
1182	46	O	8.32	T	-		
1182	47	O	8.32	C	-		
1182	48	O	8.32	C	-		
1182	49	O	8.32	G	-		
1182	50	O	8.32	G	-		
1182	51	O	8.32	C	-		
1182	52	O	8.32	C	-		
1182	53	O	8.32	G	-		
1182	54	O	8.32	A	-		
1182	55	O	8.32	A	-		
1182	56	O	8.32	C	-		
1182	57	O	8.32	G	-		
1182	58	O	8.32	C	-		
1182	59	O	8.32	A	-		
1182	60	O	8.32	G	-		
1182	61	O	8.32	G	-		
1182	62	O	8.32	G	-		
1182	63	O	8.32	C	-		
1182	64	O	8.32	G	-		
1182	65	O	8.32	G	-		
1182	66	O	8.32	C	-		
1182	67	O	8.32	G	-		
1182	68	O	8.32	A	-		
1182	69	O	8.32	A	-		
1182	70	O	8.32	T	-		
1182	71	O	8.32	G	-		
1182	72	O	8.32	G	-		
1182	73	O	8.32	G	-		
1182	74	O	8.32	G	-		
1182	75	O	8.32	C	-		
1182	76	O	8.32	G	-		
1182	77	O	8.32	A	-		
1182	78	O	8.32	A	-		
1182	79	O	8.32	C	-		
1182	80	O	8.32	G	-		
1182	81	O	8.32	C	-		
1182	82	O	8.32	A	-		
1182	83	O	8.32	A	-		
1182	84	O	8.32	C	-		
1182	85	O	8.32	G	-		
1182	86	O	8.32	C	-		
1182	87	O	8.32	T	-		
1182	88	O	8.32	T	-		
1182	89	O	8.32	G	-		
1182	90	O	8.32	T	-		
1182	91	O	8.32	C	-		
1182	92	O	8.32	A	-		
1182	93	O	8.32	G	-		
1182	94	O	8.32	G	-		
1182	95	O	8.32	T	-		
1182	96	O	8.32	T	-		
1182	97	O	8.32	A	-		
1182	98	O	8.32	G	-		
1182	99	O	8.32	T	-		
1182	100	O	8.32	T	-		
1182	101	O	8.32	G	-		
1182	102	O	8.32	T	-		
1182	103	O	8.32	C	-		
1182	104	O	8.32	G	-		
1182	105	O	8.32	C	-		
1182	106	O	8.32	G	-		
1182	107	O	8.32	C	-		
1182	108	O	8.32	G	-		
1182	109	O	8.32	C	-		
1183	0	O	5.55	T	-		
1183	1	O	5.55	A	-		
1183	2	O	5.55	A	-		
1183	3	O	5.55	A	-		
1183	4	O	5.55	C	-		
1183	5	O	5.55	A	-		
1183	6	O	5.55	T	-		
1183	7	O	5.55	A	-		
1183	8	O	5.55	A	-		
1183	9	O	5.55	T	-		
1183	10	O	5.55	A	-		
1183	11	O	5.55	A	-		
1183	12	O	5.55	T	-		
1183	13	O	5.55	A	-		
1183	14	O	5.55	T	-		
1183	15	O	5.55	T	-		
1183	16	O	5.55	T	-		
1183	17	O	5.55	G	-		
1183	18	O	5.55	A	-		
1183	19	O	5.55	A	-		
1183	20	O	5.55	T	-		
1183	21	O	5.55	T	-		
1183	22	O	5.55	G	-		
1183	23	O	5.55	T	-		
1183	24	O	5.55	A	-		
1183	25	O	5.55	G	-		
1183	26	O	5.55	G	-		
1183	27	O	5.55	T	-		
1183	28	O	5.55	T	-		
1183	29	O	5.55	G	-		
1183	30	O	5.55	C	-		
1183	31	O	5.55	T	-		
1183	32	O	5.55	T	-		
1183	33	O	5.55	T	-		
1183	34	O	5.55	G	-		
1183	35	O	5.55	C	-		
1183	36	O	5.55	C	-		
1183	37	O	5.55	A	-		
1183	38	O	5.55	C	-		
1183	39	O	5.55	T	-		
1183	40	O	5.55	A	-		
1183	41	O	5.55	G	-		
1183	42	O	5.55	A	-		
1183	43	O	5.55	C	-		
1183	44	O	5.55	T	-		
1183	45	O	5.55	G	-		
1183	46	O	5.55	A	-		
1183	47	O	5.55	A	-		
1183	48	O	5.55	A	-		
1183	49	O	5.55	G	-		
1183	50	O	5.55	T	-		
1183	51	O	5.55	G	-		
1183	52	O	5.55	T	-		
1183	53	O	5.55	C	-		
1183	54	O	5.55	T	-		
1183	55	O	5.55	T	-		
1183	56	O	5.55	G	-		
1183	57	O	5.55	A	-		
1183	58	O	5.55	A	-		
1183	59	O	5.55	A	-		
1183	60	O	5.55	A	-		
1183	61	O	5.55	T	-		
1183	62	O	5.55	C	-		
1183	63	O	5.55	A	-		
1183	64	O	5.55	A	-		
1183	65	O	5.55	C	-		
1183	66	O	5.55	C	-		
1183	67	O	5.55	C	-		
1183	68	O	5.55	C	-		
1183	69	O	5.55	C	-		
1183	70	O	5.55	A	-		
1183	71	O	5.55	C	-		
1183	72	O	5.55	T	-		
1183	73	O	5.55	T	-		
1183	74	O	5.55	C	-		
1183	75	O	5.55	T	-		
1183	76	O	5.55	C	-		
1183	77	O	5.55	G	-		
1183	78	O	5.55	G	-		
1183	79	O	5.55	A	-		
1183	80	O	5.55	A	-		
1183	81	O	5.55	G	-		
1183	82	O	5.55	T	-		
1183	83	O	5.55	A	-		
1183	84	O	5.55	A	-		
1183	85	O	5.55	T	-		
1183	86	O	5.55	C	-		
1183	87	O	5.55	T	-		
1183	88	O	5.55	T	-		
1183	89	O	5.55	T	-		
1183	90	O	5.55	T	-		
1183	91	O	5.55	G	-		
1183	92	O	5.55	C	-		
1183	93	O	5.55	A	-		
1183	94	O	5.55	A	-		
1183	95	O	5.55	C	-		
1183	96	O	5.55	A	-		
1183	97	O	5.55	A	-		
1183	98	O	5.55	G	-		
1183	99	O	5.55	C	-		
1183	100	O	5.55	C	-		
1183	101	O	5.55	T	-		
1183	102	O	5.55	A	-		
1183	103	O	5.55	G	-		
1183	104	O	5.55	C	-		
1183	105	O	5.55	T	-		
1183	106	O	5.55	T	-		
1183	107	O	5.55	C	-		
1183	108	O	5.55	C	-		
1183	109	O	5.55	T	-		
1184	0	O	12.48	A	-		
1184	1	O	12.48	G	-		
1184	2	O	12.48	C	-		
1184	3	O	12.48	G	-		
1184	4	O	12.48	A	-		
1184	5	O	12.48	G	-		
1184	6	O	12.48	T	-		
1184	7	O	12.48	G	-		
1184	8	O	12.48	A	-		
1184	9	O	12.48	C	-		
1184	10	O	12.48	G	-		
1184	11	O	12.48	T	-		
1184	12	O	12.48	T	-		
1184	13	O	12.48	T	-		
1184	14	O	12.48	T	-		
1184	15	O	12.48	G	-		
1184	16	O	12.48	C	-		
1184	17	O	12.48	C	-		
1184	18	O	12.48	C	-		
1184	19	O	12.48	C	-		
1184	20	O	12.48	T	-		
1184	21	O	12.48	T	-		
1184	22	O	12.48	C	-		
1184	23	O	12.48	A	-		
1184	24	O	12.48	A	-		
1184	25	O	12.48	G	-		
1184	26	O	12.48	C	-		
1184	27	O	12.48	A	-		
1184	28	O	12.48	C	-		
1184	29	O	12.48	G	-		
1184	30	O	12.48	T	-		
1184	31	O	12.48	G	-		
1184	32	O	12.48	A	-		
1184	33	O	12.48	C	-		
1184	34	O	12.48	T	-		
1184	35	O	12.48	C	-		
1184	36	O	12.48	T	-		
1184	37	O	12.48	A	-		
1184	38	O	12.48	C	-		
1184	39	O	12.48	A	-		
1184	40	O	12.48	T	-		
1184	41	O	12.48	C	-		
1184	42	O	12.48	C	-		
1184	43	O	12.48	A	-		
1184	44	O	12.48	G	-		
1184	45	O	12.48	T	-		
1184	46	O	12.48	C	-		
1184	47	O	12.48	C	-		
1184	48	O	12.48	T	-		
1184	49	O	12.48	T	-		
1184	50	O	12.48	A	-		
1184	51	O	12.48	T	-		
1184	52	O	12.48	C	-		
1184	53	O	12.48	T	-		
1184	54	O	12.48	A	-		
1184	55	O	12.48	C	-		
1184	56	O	12.48	G	-		
1184	57	O	12.48	A	-		
1184	58	O	12.48	A	-		
1184	59	O	12.48	T	-		
1184	60	O	12.48	C	-		
1184	61	O	12.48	A	-		
1184	62	O	12.48	G	-		
1184	63	O	12.48	C	-		
1184	64	O	12.48	T	-		
1184	65	O	12.48	T	-		
1184	66	O	12.48	G	-		
1184	67	O	12.48	T	-		
1184	68	O	12.48	T	-		
1184	69	O	12.48	C	-		
1184	70	O	12.48	A	-		
1184	71	O	12.48	A	-		
1184	72	O	12.48	C	-		
1184	73	O	12.48	C	-		
1184	74	O	12.48	C	-		
1184	75	O	12.48	T	-		
1184	76	O	12.48	T	-		
1184	77	O	12.48	A	-		
1184	78	O	12.48	A	-		
1184	79	O	12.48	T	-		
1184	80	O	12.48	G	-		
1184	81	O	12.48	G	-		
1184	82	O	12.48	A	-		
1184	83	O	12.48	C	-		
1184	84	O	12.48	C	-		
1184	85	O	12.48	A	-		
1184	86	O	12.48	T	-		
1184	87	O	12.48	T	-		
1184	88	O	12.48	A	-		
1184	89	O	12.48	G	-		
1184	90	O	12.48	C	-		
1184	91	O	12.48	C	-		
1184	92	O	12.48	G	-		
1184	93	O	12.48	G	-		
1184	94	O	12.48	C	-		
1184	95	O	12.48	C	-		
1184	96	O	12.48	T	-		
1184	97	O	12.48	C	-		
1184	98	O	12.48	A	-		
1184	99	O	12.48	G	-		
1184	100	O	12.48	C	-		
1184	101	O	12.48	T	-		
1184	102	O	12.48	A	-		
1184	103	O	12.48	G	-		
1184	104	O	12.48	A	-		
1184	105	O	12.48	A	-		
1184	106	O	12.48	C	-		
1184	107	O	12.48	A	-		
1184	108	O	12.48	T	-		
1184	109	O	12.48	A	-		
1185	0	O	34.66	T	-		
1185	1	O	34.66	T	-		
1185	2	O	34.66	C	-		
1185	3	O	34.66	A	-		
1185	4	O	34.66	C	-		
1185	5	O	34.66	G	-		
1185	6	O	34.66	A	-		
1185	7	O	34.66	T	-		
1185	8	O	34.66	G	-		
1185	9	O	34.66	A	-		
1185	10	O	34.66	G	-		
1185	11	O	34.66	A	-		
1185	12	O	34.66	A	-		
1185	13	O	34.66	T	-		
1185	14	O	34.66	A	-		
1185	15	O	34.66	G	-		
1185	16	O	34.66	G	-		
1185	17	O	34.66	A	-		
1185	18	O	34.66	C	-		
1185	19	O	34.66	C	-		
1185	20	E	-20.97	C	T		
1185	21	O	34.66	T	-		
1185	22	O	34.66	G	-		
1185	23	O	34.66	G	-		
1185	24	O	34.66	A	-		
1185	25	O	34.66	C	-		
1185	26	O	34.66	G	-		
1185	27	O	34.66	A	-		
1185	28	O	34.66	C	-		
1185	29	O	34.66	A	-		
1185	30	O	34.66	A	-		
1185	31	O	34.66	G	-		
1185	32	O	34.66	C	-		
1185	33	O	34.66	T	-		
1185	34	O	34.66	C	-		
1185	35	O	34.66	A	-		
1185	36	O	34.66	A	-		
1185	37	O	34.66	G	-		
1185	38	O	34.66	A	-		
1185	39	O	34.66	T	-		
1185	40	O	34.66	T	-		
1185	41	O	34.66	G	-		
1185	42	O	34.66	T	-		
1185	43	O	34.66	G	-		
1185	44	O	34.66	C	-		
1185	45	O	34.66	A	-		
1185	46	O	34.66	A	-		
1185	47	O	34.66	A	-		
1185	48	O	34.66	A	-		
1185	49	O	34.66	A	-		
1185	50	O	34.66	C	-		
1185	51	O	34.66	A	-		
1185	52	O	34.66	A	-		
1185	53	O	34.66	C	-		
1185	54	O	34.66	T	-		
1185	55	O	34.66	C	-		
1185	56	O	34.66	A	-		
1185	57	O	34.66	A	-		
1185	58	O	34.66	C	-		
1185	59	O	34.66	G	-		
1185	60	O	34.66	C	-		
1185	61	O	34.66	A	-		
1185	62	O	34.66	G	-		
1185	63	O	34.66	A	-		
1185	64	O	34.66	G	-		
1185	65	O	34.66	A	-		
1185	66	O	34.66	T	-		
1185	67	O	34.66	T	-		
1185	68	O	34.66	G	-		
1185	69	O	34.66	A	-		
1185	70	O	34.66	A	-		
1185	71	O	34.66	C	-		
1185	72	O	34.66	G	-		
1185	73	O	34.66	A	-		
1185	74	O	34.66	T	-		
1185	75	O	34.66	G	-		
1185	76	O	34.66	C	-		
1185	77	O	34.66	G	-		
1185	78	O	34.66	C	-		
1185	79	O	34.66	C	-		
1185	80	O	34.66	A	-		
1185	81	O	34.66	C	-		
1185	82	O	34.66	C	-		
1185	83	O	34.66	A	-		
1185	84	O	34.66	C	-		
1185	85	O	34.66	C	-		
1185	86	O	34.66	G	-		
1185	87	O	34.66	C	-		
1185	88	O	34.66	A	-		
1185	89	O	34.66	A	-		
1185	90	O	34.66	A	-		
1185	91	O	34.66	C	-		
1185	92	O	34.66	G	-		
1185	93	O	34.66	A	-		
1185	94	O	34.66	A	-		
1185	95	O	34.66	G	-		
1185	96	O	34.66	A	-		
1185	97	O	34.66	C	-		
1185	98	O	34.66	A	-		
1185	99	O	34.66	G	-		
1185	100	O	34.66	C	-		
1185	101	O	34.66	T	-		
1185	102	O	34.66	C	-		
1185	103	O	34.66	G	-		
1185	104	O	34.66	C	-		
1185	105	O	34.66	A	-		
1185	106	O	34.66	A	-		
1185	107	O	34.66	C	-		
1185	108	O	34.66	A	-		
1185	109	O	34.66	G	-		
1186	0	O	6.93	G	-		
1186	1	O	6.93	C	-		
1186	2	O	6.93	C	-		
1186	3	O	6.93	G	-		
1186	4	O	6.93	G	-		
1186	5	O	6.93	C	-		
1186	6	O	6.93	A	-		
1186	7	O	6.93	T	-		
1186	8	O	6.93	C	-		
1186	9	O	6.93	A	-		
1186	10	O	6.93	C	-		
1186	11	O	6.93	C	-		
1186	12	O	6.93	A	-		
1186	13	O	6.93	A	-		
1186	14	O	6.93	G	-		
1186	15	O	6.93	C	-		
1186	16	O	6.93	G	-		
1186	17	O	6.93	C	-		
1186	18	O	6.93	G	-		
1186	19	O	6.93	T	-		
1186	20	O	6.93	C	-		
1186	21	O	6.93	G	-		
1186	22	O	6.93	C	-		
1186	23	O	6.93	A	-		
1186	24	O	6.93	T	-		
1186	25	O	6.93	C	-		
1186	26	O	6.93	G	-		
1186	27	O	6.93	A	-		
1186	28	O	6.93	G	-		
1186	29	O	6.93	C	-		
1186	30	O	6.93	A	-		
1186	31	O	6.93	C	-		
1186	32	O	6.93	G	-		
1186	33	O	6.93	A	-		
1186	34	O	6.93	A	-		
1186	35	O	6.93	G	-		
1186	36	O	6.93	C	-		
1186	37	O	6.93	A	-		
1186	38	O	6.93	G	-		
1186	39	O	6.93	C	-		
1186	40	O	6.93	G	-		
1186	41	O	6.93	C	-		
1186	42	O	6.93	C	-		
1186	43	O	6.93	G	-		
1186	44	O	6.93	G	-		
1186	45	O	6.93	C	-		
1186	46	O	6.93	G	-		
1186	47	O	6.93	C	-		
1186	48	O	6.93	A	-		
1186	49	O	6.93	C	-		
1186	50	O	6.93	G	-		
1186	51	O	6.93	G	-		
1186	52	O	6.93	C	-		
1186	53	O	6.93	G	-		
1186	54	O	6.93	C	-		
1186	55	O	6.93	G	-		
1186	56	O	6.93	G	-		
1186	57	O	6.93	C	-		
1186	58	O	6.93	C	-		
1186	59	O	6.93	G	-		
1186	60	O	6.93	C	-		
1186	61	O	6.93	G	-		
1186	62	O	6.93	C	-		
1186	63	O	6.93	A	-		
1186	64	O	6.93	T	-		
1186	65	U	-0.27	C	T		
1186	66	O	6.93	G	-		
1186	67	O	6.93	C	-		
1186	68	U	-0.27	C	T		
1186	69	O	6.93	A	-		
1186	70	O	6.93	C	-		
1186	71	O	6.93	C	-		
1186	72	O	6.93	T	-		
1186	73	O	6.93	T	-		
1186	74	O	6.93	G	-		
1186	75	O	6.93	C	-		
1186	76	O	6.93	C	-		
1186	77	O	6.93	G	-		
1186	78	O	6.93	A	-		
1186	79	O	6.93	C	-		
1186	80	O	6.93	C	-		
1186	81	O	6.93	G	-		
1186	82	O	6.93	G	-		
1186	83	O	6.93	G	-		
1186	84	O	6.93	T	-		
1186	85	O	6.93	G	-		
1186	86	O	6.93	G	-		
1186	87	O	6.93	A	-		
1186	88	O	6.93	A	-		
1186	89	O	6.93	A	-		
1186	90	O	6.93	T	-		
1186	91	O	6.93	G	-		
1186	92	O	6.93	G	-		
1186	93	O	6.93	C	-		
1186	94	O	6.93	C	-		
1186	95	O	6.93	G	-		
1186	96	O	6.93	G	-		
1186	97	O	6.93	C	-		
1186	98	O	6.93	G	-		
1186	99	O	6.93	A	-		
1186	100	O	6.93	C	-		
1186	101	O	6.93	C	-		
1186	102	O	6.93	T	-		
1186	103	O	6.93	C	-		
1186	104	O	6.93	T	-		
1186	105	O	6.93	C	-		
1186	106	O	6.93	C	-		
1186	107	O	6.93	G	-		
1186	108	O	6.93	G	-		
1186	109	O	6.93	C	-		
1187	0	O	38.82	A	-		
1187	1	O	38.82	C	-		
1187	2	O	38.82	G	-		
1187	3	O	38.82	T	-		
1187	4	O	38.82	G	-		
1187	5	O	38.82	G	-		
1187	6	O	38.82	A	-		
1187	7	O	38.82	T	-		
1187	8	O	38.82	C	-		
1187	9	O	38.82	C	-		
1187	10	O	38.82	A	-		
1187	11	O	38.82	T	-		
1187	12	O	38.82	C	-		
1187	13	O	38.82	T	-		
1187	14	O	38.82	G	-		
1187	15	O	38.82	G	-		
1187	16	O	38.82	T	-		
1187	17	O	38.82	C	-		
1187	18	O	38.82	A	-		
1187	19	O	38.82	A	-		
1187	20	O	38.82	T	-		
1187	21	O	38.82	G	-		
1187	22	O	38.82	G	-		
1187	23	O	38.82	G	-		
1187	24	O	38.82	C	-		
1187	25	O	38.82	C	-		
1187	26	O	38.82	G	-		
1187	27	O	38.82	G	-		
1187	28	O	38.82	T	-		
1187	29	O	38.82	G	-		
1187	30	O	38.82	A	-		
1187	31	O	38.82	G	-		
1187	32	O	38.82	T	-		
1187	33	O	38.82	G	-		
1187	34	O	38.82	A	-		
1187	35	O	38.82	A	-		
1187	36	O	38.82	C	-		
1187	37	O	38.82	G	-		
1187	38	O	38.82	A	-		
1187	39	O	38.82	C	-		
1187	40	O	38.82	A	-		
1187	41	O	38.82	C	-		
1187	42	O	38.82	A	-		
1187	43	O	38.82	G	-		
1187	44	O	38.82	C	-		
1187	45	O	38.82	G	-		
1187	46	O	38.82	A	-		
1187	47	O	38.82	G	-		
1187	48	O	38.82	C	-		
1187	49	O	38.82	C	-		
1187	50	O	38.82	C	-		
1187	51	O	38.82	T	-		
1187	52	O	27.99	A	-		
1187	53	O	38.82	G	-		
1187	54	O	38.82	C	-		
1187	55	O	38.82	A	-		
1187	56	O	38.82	T	-		
1187	57	O	38.82	A	-		
1187	58	O	38.82	A	-		
1187	59	O	38.82	A	-		
1187	60	O	38.82	T	-		
1187	61	O	38.82	G	-		
1187	62	O	38.82	C	-		
1187	63	O	38.82	G	-		
1187	64	O	38.82	C	-		
1187	65	O	38.82	G	-		
1187	66	O	38.82	T	-		
1187	67	O	38.82	C	-		
1187	68	O	38.82	T	-		
1187	69	O	38.82	T	-		
1187	70	O	38.82	A	-		
1187	71	O	38.82	C	-		
1187	72	O	38.82	A	-		
1187	73	O	38.82	A	-		
1187	74	O	38.82	T	-		
1187	75	O	38.82	A	-		
1187	76	O	38.82	T	-		
1187	77	O	38.82	G	-		
1187	78	O	38.82	T	-		
1187	79	O	38.82	G	-		
1187	80	O	38.82	C	-		
1187	81	O	38.82	A	-		
1187	82	O	38.82	G	-		
1187	83	O	38.82	G	-		
1187	84	O	38.82	G	-		
1187	85	O	38.82	C	-		
1187	86	O	38.82	T	-		
1187	87	O	38.82	T	-		
1187	88	O	38.82	A	-		
1187	89	O	38.82	G	-		
1187	90	O	38.82	G	-		
1187	91	O	38.82	T	-		
1187	92	O	38.82	C	-		
1187	93	O	38.82	G	-		
1187	94	O	38.82	A	-		
1187	95	O	38.82	C	-		
1187	96	O	38.82	A	-		
1187	97	O	38.82	A	-		
1187	98	O	38.82	A	-		
1187	99	O	38.82	C	-		
1187	100	O	38.82	C	-		
1187	101	O	38.82	A	-		
1187	102	O	38.82	G	-		
1187	103	O	38.82	C	-		
1187	104	O	38.82	T	-		
1187	105	O	38.82	G	-		
1187	106	O	38.82	C	-		
1187	107	O	38.82	C	-		
1187	108	O	38.82	A	-		
1187	109	O	38.82	T	-		
1188	0	O	9.70	T	-		
1188	1	O	9.70	G	-		
1188	2	O	9.70	T	-		
1188	3	O	9.70	A	-		
1188	4	O	9.70	G	-		
1188	5	O	9.70	T	-		
1188	6	O	9.70	C	-		
1188	7	O	9.70	G	-		
1188	8	O	9.70	G	-		
1188	9	O	9.70	G	-		
1188	10	O	9.70	C	-		
1188	11	O	9.70	G	-		
1188	12	O	9.70	A	-		
1188	13	O	9.70	A	-		
1188	14	O	9.70	T	-		
1188	15	O	9.70	T	-		
1188	16	O	9.70	G	-		
1188	17	O	9.70	T	-		
1188	18	O	9.70	T	-		
1188	19	O	9.70	C	-		
1188	20	O	9.70	A	-		
1188	21	O	9.70	G	-		
1188	22	O	9.70	C	-		
1188	23	O	9.70	G	-		
1188	24	O	9.70	A	-		
1188	25	O	9.70	G	-		
1188	26	O	9.70	C	-		
1188	27	O	9.70	C	-		
1188	28	O	9.70	A	-		
1188	29	O	9.70	G	-		
1188	30	O	9.70	C	-		
1188	31	O	9.70	C	-		
1188	32	O	9.70	A	-		
1188	33	O	9.70	T	-		
1188	34	O	9.70	C	-		
1188	35	O	9.70	A	-		
1188	36	O	9.70	A	-		
1188	37	O	9.70	C	-		
1188	38	O	9.70	C	-		
1188	39	O	9.70	G	-		
1188	40	O	9.70	A	-		
1188	41	O	9.70	T	-		
1188	42	O	9.70	T	-		
1188	43	O	9.70	G	-		
1188	44	O	9.70	A	-		
1188	45	O	9.70	T	-		
1188	46	O	9.70	C	-		
1188	47	O	9.70	G	-		
1188	48	O	9.70	G	-		
1188	49	O	9.70	C	-		
1188	50	O	9.70	C	-		
1188	51	O	9.70	C	-		
1188	52	O	9.70	T	-		
1188	53	O	9.70	G	-		
1188	54	O	9.70	C	-		
1188	55	O	9.70	T	-		
1188	56	O	9.70	A	-		
1188	57	O	9.70	A	-		
1188	58	O	9.70	G	-		
1188	59	O	9.70	G	-		
1188	60	O	9.70	C	-		
1188	61	O	9.70	T	-		
1188	62	O	9.70	T	-		
1188	63	O	9.70	G	-		
1188	64	O	9.70	G	-		
1188	65	O	9.70	G	-		
1188	66	O	9.70	C	-		
1188	67	O	9.70	A	-		
1188	68	O	9.70	T	-		
1188	69	O	9.70	T	-		
1188	70	O	9.70	C	-		
1188	71	O	9.70	C	-		
1188	72	O	9.70	G	-		
1188	73	O	9.70	T	-		
1188	74	O	9.70	G	-		
1188	75	O	9.70	T	-		
1188	76	O	9.70	C	-		
1188	77	O	9.70	T	-		
1188	78	O	9.70	T	-		
1188	79	O	9.70	G	-		
1188	80	O	9.70	G	-		
1188	81	O	9.70	G	-		
1188	82	O	9.70	C	-		
1188	83	O	9.70	T	-		
1188	84	O	9.70	C	-		
1188	85	O	9.70	C	-		
1188	86	O	9.70	G	-		
1188	87	O	9.70	C	-		
1188	88	O	9.70	G	-		
1188	89	O	9.70	A	-		
1188	90	O	9.70	G	-		
1188	91	O	9.70	A	-		
1188	92	O	9.70	G	-		
1188	93	O	9.70	A	-		
1188	94	O	9.70	C	-		
1188	95	O	9.70	G	-		
1188	96	O	9.70	G	-		
1188	97	O	9.70	C	-		
1188	98	O	9.70	T	-		
1188	99	O	9.70	C	-		
1188	100	O	9.70	C	-		
1188	101	O	9.70	A	-		
1188	102	O	9.70	A	-		
1188	103	O	9.70	G	-		
1188	104	O	9.70	T	-		
1188	105	O	9.70	T	-		
1188	106	O	9.70	G	-		
1188	107	O	9.70	G	-		
1188	108	O	9.70	C	-		
1188	109	O	9.70	C	-		
1189	0	O	24.95	C	-		
1189	1	O	24.95	C	-		
1189	2	O	24.95	G	-		
1189	3	O	24.95	C	-		
1189	4	O	24.95	G	-		
1189	5	O	24.95	C	-		
1189	6	O	24.95	A	-		
1189	7	O	24.95	G	-		
1189	8	O	24.95	C	-		
1189	9	O	24.95	A	-		
1189	10	O	24.95	G	-		
1189	11	O	24.95	G	-		
1189	12	O	24.95	G	-		
1189	13	O	24.95	C	-		
1189	14	O	24.95	T	-		
1189	15	O	24.95	T	-		
1189	16	O	24.95	C	-		
1189	17	O	24.95	G	-		
1189	18	O	24.95	C	-		
1189	19	O	24.95	G	-		
1189	20	O	24.95	C	-		
1189	21	O	24.95	C	-		
1189	22	O	24.95	G	-		
1189	23	O	24.95	G	-		
1189	24	O	24.95	C	-		
1189	25	O	24.95	G	-		
1189	26	O	24.95	C	-		
1189	27	O	24.95	A	-		
1189	28	O	24.95	G	-		
1189	29	O	24.95	T	-		
1189	30	O	24.95	T	-		
1189	31	O	24.95	C	-		
1189	32	O	24.95	A	-		
1189	33	O	24.95	A	-		
1189	34	O	24.95	C	-		
1189	35	O	24.95	G	-		
1189	36	O	24.95	T	-		
1189	37	O	24.95	C	-		
1189	38	O	24.95	G	-		
1189	39	O	24.95	G	-		
1189	40	O	24.95	C	-		
1189	41	O	24.95	A	-		
1189	42	O	24.95	A	-		
1189	43	O	24.95	C	-		
1189	44	O	24.95	A	-		
1189	45	O	24.95	T	-		
1189	46	O	24.95	G	-		
1189	47	O	24.95	T	-		
1189	48	O	24.95	A	-		
1189	49	O	24.95	T	-		
1189	50	O	24.95	G	-		
1189	51	O	24.95	C	-		
1189	52	O	24.95	C	-		
1189	53	O	24.95	A	-		
1189	54	O	24.95	A	-		
1189	55	O	24.95	C	-		
1189	56	O	24.95	G	-		
1189	57	O	24.95	G	-		
1189	58	O	24.95	C	-		
1189	59	O	24.95	A	-		
1189	60	O	24.95	T	-		
1189	61	O	24.95	C	-		
1189	62	O	24.95	G	-		
1189	63	O	24.95	G	-		
1189	64	O	24.95	C	-		
1189	65	O	24.95	G	-		
1189	66	O	24.95	T	-		
1189	67	O	24.95	G	-		
1189	68	O	24.95	G	-		
1189	69	O	24.95	T	-		
1189	70	O	24.95	G	-		
1189	71	O	24.95	C	-		
1189	72	O	24.95	G	-		
1189	73	O	24.95	C	-		
1189	74	O	24.95	G	-		
1189	75	O	24.95	A	-		
1189	76	O	24.95	C	-		
1189	77	O	24.95	T	-		
1189	78	O	24.95	A	-		
1189	79	O	24.95	C	-		
1189	80	O	24.95	T	-		
1189	81	O	24.95	T	-		
1189	82	O	24.95	C	-		
1189	83	O	24.95	G	-		
1189	84	O	24.95	A	-		
1189	85	O	24.95	G	-		
1189	86	O	24.95	G	-		
1189	87	O	24.95	C	-		
1189	88	O	24.95	C	-		
1189	89	O	24.95	G	-		
1189	90	O	24.95	C	-		
1189	91	O	24.95	G	-		
1189	92	O	24.95	C	-		
1189	93	O	24.95	T	-		
1189	94	O	24.95	C	-		
1189	95	O	24.95	T	-		
1189	96	O	24.95	G	-		
1189	97	O	24.95	G	-		
1189	98	O	24.95	T	-		
1189	99	O	24.95	T	-		
1189	100	O	24.95	C	-		
1189	101	O	24.95	C	-		
1189	102	O	24.95	G	-		
1189	103	O	24.95	C	-		
1189	104	O	24.95	C	-		
1189	105	O	24.95	A	-		
1189	106	O	24.95	G	-		
1189	107	O	24.95	G	-		
1189	108	O	24.95	C	-		
1189	109	O	24.95	C	-		
1190	0	O	8.32	C	-		
1190	1	O	8.32	G	-		
1190	2	O	8.32	T	-		
1190	3	O	8.32	A	-		
1190	4	O	8.32	A	-		
1190	5	O	8.32	G	-		
1190	6	O	8.32	A	-		
1190	7	O	8.32	T	-		
1190	8	O	8.32	A	-		
1190	9	O	8.32	T	-		
1190	10	O	8.32	C	-		
1190	11	O	8.32	T	-		
1190	12	O	8.32	A	-		
1190	13	O	8.32	A	-		
1190	14	O	8.32	A	-		
1190	15	O	8.32	C	-		
1190	16	O	8.32	T	-		
1190	17	O	8.32	A	-		
1190	18	O	8.32	A	-		
1190	19	O	8.32	A	-		
1190	20	O	8.32	A	-		
1190	21	O	8.32	G	-		
1190	22	O	8.32	T	-		
1190	23	O	8.32	C	-		
1190	24	O	8.32	A	-		
1190	25	O	8.32	A	-		
1190	26	O	8.32	T	-		
1190	27	O	8.32	C	-		
1190	28	O	8.32	T	-		
1190	29	O	8.32	A	-		
1190	30	O	8.32	C	-		
1190	31	O	8.32	T	-		
1190	32	O	8.32	A	-		
1190	33	O	8.32	T	-		
1190	34	O	8.32	T	-		
1190	35	O	8.32	C	-		
1190	36	O	8.32	C	-		
1190	37	O	8.32	T	-		
1190	38	O	8.32	G	-		
1190	39	O	8.32	T	-		
1190	40	O	8.32	C	-		
1190	41	O	8.32	T	-		
1190	42	O	8.32	T	-		
1190	43	O	8.32	T	-		
1190	44	O	8.32	G	-		
1190	45	O	8.32	C	-		
1190	46	O	8.32	T	-		
1190	47	O	8.32	T	-		
1190	48	O	8.32	T	-		
1190	49	O	8.32	C	-		
1190	50	O	8.32	A	-		
1190	51	O	8.32	G	-		
1190	52	O	8.32	T	-		
1190	53	O	8.32	C	-		
1190	54	O	8.32	T	-		
1190	55	O	8.32	T	-		
1190	56	O	8.32	C	-		
1190	57	O	8.32	T	-		
1190	58	O	8.32	C	-		
1190	59	O	8.32	T	-		
1190	60	O	8.32	T	-		
1190	61	O	8.32	T	-		
1190	62	O	8.32	C	-		
1190	63	O	8.32	A	-		
1190	64	O	8.32	G	-		
1190	65	O	8.32	T	-		
1190	66	O	8.32	A	-		
1190	67	O	8.32	G	-		
1190	68	O	8.32	T	-		
1190	69	O	8.32	T	-		
1190	70	O	8.32	A	-		
1190	71	O	8.32	T	-		
1190	72	O	8.32	G	-		
1190	73	O	8.32	A	-		
1190	74	O	8.32	C	-		
1190	75	O	8.32	C	-		
1190	76	O	8.32	C	-		
1190	77	O	8.32	T	-		
1190	78	O	8.32	A	-		
1190	79	O	8.32	T	-		
1190	80	O	8.32	A	-		
1190	81	O	8.32	T	-		
1190	82	O	8.32	A	-		
1190	83	O	8.32	T	-		
1190	84	O	8.32	A	-		
1190	85	O	8.32	G	-		
1190	86	O	8.32	T	-		
1190	87	O	8.32	A	-		
1190	88	O	8.32	A	-		
1190	89	O	8.32	G	-		
1190	90	O	8.32	C	-		
1190	91	O	8.32	A	-		
1190	92	O	8.32	A	-		
1190	93	O	8.32	C	-		
1190	94	O	8.32	T	-		
1190	95	O	8.32	A	-		
1190	96	O	8.32	A	-		
1190	97	O	8.32	C	-		
1190	98	O	8.32	C	-		
1190	99	O	8.32	T	-		
1190	100	O	8.32	T	-		
1190	101	O	8.32	A	-		
1190	102	O	8.32	A	-		
1190	103	O	8.32	G	-		
1190	104	O	8.32	A	-		
1190	105	O	8.32	G	-		
1190	106	O	8.32	C	-		
1190	107	O	8.32	T	-		
1190	108	O	8.32	T	-		
1190	109	O	8.32	G	-		
1191	0	O	8.32	A	-		
1191	1	O	8.32	A	-		
1191	2	O	8.32	T	-		
1191	3	O	8.32	T	-		
1191	4	O	8.32	G	-		
1191	5	O	8.32	G	-		
1191	6	O	8.32	A	-		
1191	7	O	8.32	C	-		
1191	8	O	8.32	A	-		
1191	9	O	8.32	G	-		
1191	10	O	8.32	A	-		
1191	11	O	8.32	A	-		
1191	12	O	8.32	C	-		
1191	13	O	8.32	G	-		
1191	14	O	8.32	G	-		
1191	15	O	8.32	G	-		
1191	16	O	8.32	A	-		
1191	17	O	8.32	G	-		
1191	18	O	8.32	G	-		
1191	19	O	8.32	G	-		
1191	20	O	8.32	C	-		
1191	21	O	8.32	A	-		
1191	22	O	8.32	T	-		
1191	23	O	8.32	T	-		
1191	24	O	8.32	T	-		
1191	25	O	8.32	C	-		
1191	26	O	8.32	A	-		
1191	27	O	8.32	A	-		
1191	28	O	8.32	G	-		
1191	29	O	8.32	G	-		
1191	30	O	8.32	A	-		
1191	31	O	8.32	C	-		
1191	32	O	8.32	C	-		
1191	33	O	8.32	C	-		
1191	34	O	8.32	C	-		
1191	35	O	8.32	A	-		
1191	36	O	8.32	G	-		
1191	37	O	8.32	A	-		
1191	38	O	8.32	C	-		
1191	39	O	8.32	T	-		
1191	40	O	8.32	A	-		
1191	41	O	8.32	A	-		
1191	42	O	8.32	C	-		
1191	43	O	8.32	C	-		
1191	44	O	8.32	G	-		
1191	45	O	8.32	G	-		
1191	46	U	0.71	A	C		
1191	47	O	8.32	G	-		
1191	48	O	8.32	A	-		
1191	49	O	8.32	T	-		
1191	50	O	8.32	C	-		
1191	51	O	8.32	G	-		
1191	52	O	8.32	G	-		
1191	53	O	8.32	T	-		
1191	54	O	8.32	A	-		
1191	55	O	8.32	A	-		
1191	56	O	8.32	T	-		
1191	57	O	8.32	G	-		
1191	58	O	8.32	G	-		
1191	59	O	8.32	A	-		
1191	60	O	8.32	G	-		
1191	61	O	8.32	A	-		
1191	62	O	8.32	T	-		
1191	63	O	8.32	T	-		
1191	64	O	8.32	C	-		
1191	65	O	8.32	G	-		
1191	66	O	8.32	A	-		
1191	67	O	8.32	G	-		
1191	68	O	8.32	A	-		
1191	69	O	8.32	G	-		
1191	70	O	8.32	G	-		
1191	71	O	8.32	C	-		
1191	72	O	8.32	A	-		
1191	73	O	8.32	A	-		
1191	74	O	8.32	T	-		
1191	75	O	8.32	A	-		
1191	76	O	8.32	A	-		
1191	77	O	8.32	G	-		
1191	78	O	8.32	A	-		
1191	79	O	8.32	G	-		
1191	80	O	8.32	A	-		
1191	81	O	8.32	A	-		
1191	82	O	8.32	G	-		
1191	83	O	8.32	A	-		
1191	84	O	8.32	G	-		
1191	85	O	8.32	A	-		
1191	86	O	8.32	G	-		
1191	87	O	8.32	G	-		
1191	88	O	8.32	G	-		
1191	89	O	8.32	C	-		
1191	90	O	8.32	C	-		
1191	91	O	8.32	G	-		
1191	92	O	8.32	T	-		
1191	93	O	8.32	A	-		
1191	94	O	8.32	C	-		
1191	95	O	8.32	A	-		
1191	96	O	8.32	A	-		
1191	97	O	8.32	A	-		
1191	98	O	8.32	T	-		
1191	99	O	8.32	C	-		
1191	100	O	8.32	A	-		
1191	101	O	8.32	G	-		
1191	102	O	8.32	T	-		
1191	103	O	8.32	A	-		
1191	104	O	8.32	T	-		
1191	105	O	8.32	A	-		
1191	106	O	8.32	T	-		
1191	107	O	8.32	T	-		
1191	108	O	8.32	G	-		
1191	109	O	8.32	A	-		
1192	0	U	0.00	-	-		
1192	1	O	11.09	T	-		
1192	2	O	11.09	C	-		
1192	3	O	11.09	C	-		
1192	4	O	11.09	A	-		
1192	5	O	11.09	G	-		
1192	6	O	11.09	C	-		
1192	7	O	11.09	T	-		
1192	8	O	11.09	C	-		
1192	9	O	11.09	G	-		
1192	10	O	11.09	C	-		
1192	11	O	11.09	C	-		
1192	12	O	11.09	G	-		
1192	13	O	11.09	G	-		
1192	14	O	11.09	C	-		
1192	15	O	11.09	T	-		
1192	16	O	11.09	G	-		
1192	17	O	11.09	G	-		
1192	18	O	11.09	C	-		
1192	19	O	11.09	C	-		
1192	20	O	11.09	G	-		
1192	21	O	11.09	G	-		
1192	22	O	11.09	G	-		
1192	23	O	11.09	T	-		
1192	24	O	11.09	G	-		
1192	25	O	11.09	G	-		
1192	26	O	11.09	T	-		
1192	27	O	11.09	T	-		
1192	28	O	11.09	G	-		
1192	29	O	11.09	G	-		
1192	30	O	11.09	C	-		
1192	31	O	11.09	T	-		
1192	32	O	11.09	C	-		
1192	33	O	11.09	G	-		
1192	34	O	11.09	C	-		
1192	35	O	11.09	G	-		
1192	36	O	11.09	G	-		
1192	37	O	11.09	A	-		
1192	38	O	11.09	C	-		
1192	39	O	11.09	G	-		
1192	40	O	11.09	A	-		
1192	41	O	11.09	A	-		
1192	42	O	11.09	G	-		
1192	43	O	11.09	A	-		
1192	44	O	11.09	T	-		
1192	45	O	11.09	T	-		
1192	46	O	11.09	A	-		
1192	47	O	11.09	G	-		
1192	48	O	11.09	A	-		
1192	49	O	11.09	T	-		
1192	50	O	11.09	T	-		
1192	51	O	11.09	A	-		
1192	52	O	11.09	C	-		
1192	53	O	11.09	T	-		
1192	54	O	11.09	A	-		
1192	55	O	11.09	G	-		
1192	56	O	11.09	C	-		
1192	57	O	11.09	G	-		
1192	58	O	11.09	C	-		
1192	59	O	11.09	G	-		
1192	60	O	11.09	T	-		
1192	61	O	11.09	G	-		
1192	62	O	11.09	G	-		
1192	63	O	11.09	T	-		
1192	64	O	11.09	C	-		
1192	65	O	11.09	G	-		
1192	66	O	11.09	T	-		
1192	67	O	11.09	C	-		
1192	68	O	11.09	G	-		
1192	69	O	11.09	G	-		
1192	70	O	11.09	T	-		
1192	71	O	11.09	A	-		
1192	72	O	11.09	G	-		
1192	73	O	11.09	T	-		
1192	74	O	11.09	T	-		
1192	75	O	11.09	C	-		
1192	76	O	11.09	A	-		
1192	77	O	11.09	C	-		
1192	78	O	11.09	T	-		
1192	79	O	11.09	G	-		
1192	80	O	11.09	G	-		
1192	81	O	11.09	C	-		
1192	82	O	11.09	G	-		
1192	83	O	11.09	T	-		
1192	84	O	11.09	C	-		
1192	85	O	11.09	T	-		
1192	86	O	11.09	C	-		
1192	87	O	11.09	G	-		
1192	88	O	11.09	G	-		
1192	89	O	11.09	G	-		
1192	90	O	11.09	C	-		
1192	91	O	11.09	G	-		
1192	92	O	11.09	G	-		
1192	93	O	11.09	C	-		
1192	94	O	11.09	G	-		
1192	95	O	11.09	C	-		
1192	96	O	11.09	T	-		
1192	97	O	11.09	C	-		
1192	98	O	11.09	G	-		
1192	99	O	11.09	T	-		
1192	100	O	11.09	T	-		
1192	101	O	11.09	G	-		
1192	102	O	11.09	C	-		
1192	103	O	11.09	T	-		
1192	104	O	11.09	G	-		
1192	105	O	11.09	C	-		
1192	106	O	11.09	C	-		
1192	107	O	11.09	T	-		
1192	108	O	11.09	A	-		
1192	109	O	11.09	A	-		
1192	110	U	0.00	-	-		
1193	0	O	8.32	T	-		
1193	1	O	8.32	C	-		
1193	2	O	8.32	C	-		
1193	3	O	8.32	T	-		
1193	4	O	8.32	G	-		
1193	5	O	8.32	T	-		
1193	6	O	8.32	T	-		
1193	7	O	8.32	C	-		
1193	8	O	8.32	C	-		
1193	9	O	8.32	T	-		
1193	10	O	8.32	C	-		
1193	11	O	8.32	C	-		
1193	12	O	8.32	C	-		
1193	13	O	8.32	A	-		
1193	14	O	8.32	C	-		
1193	15	O	8.32	A	-		
1193	16	O	8.32	C	-		
1193	17	O	8.32	G	-		
1193	18	O	8.32	C	-		
1193	19	O	8.32	G	-		
1193	20	O	8.32	G	-		
1193	21	O	8.32	A	-		
1193	22	O	8.32	A	-		
1193	23	O	8.32	G	-		
1193	24	O	8.32	C	-		
1193	25	O	8.32	G	-		
1193	26	O	8.32	C	-		
1193	27	O	8.32	T	-		
1193	28	O	8.32	G	-		
1193	29	O	8.32	G	-		
1193	30	O	8.32	C	-		
1193	31	O	8.32	G	-		
1193	32	O	8.32	C	-		
1193	33	O	8.32	A	-		
1193	34	O	8.32	G	-		
1193	35	O	8.32	G	-		
1193	36	O	8.32	C	-		
1193	37	O	8.32	G	-		
1193	38	O	8.32	C	-		
1193	39	O	8.32	T	-		
1193	40	O	8.32	T	-		
1193	41	O	8.32	G	-		
1193	42	O	8.32	T	-		
1193	43	O	8.32	A	-		
1193	44	O	8.32	C	-		
1193	45	O	8.32	T	-		
1193	46	O	8.32	T	-		
1193	47	O	8.32	C	-		
1193	48	O	8.32	A	-		
1193	49	O	8.32	T	-		
1193	50	O	8.32	C	-		
1193	51	O	8.32	T	-		
1193	52	O	8.32	G	-		
1193	53	O	8.32	C	-		
1193	54	O	8.32	A	-		
1193	55	O	8.32	G	-		
1193	56	O	8.32	G	-		
1193	57	O	8.32	G	-		
1193	58	O	8.32	C	-		
1193	59	O	8.32	G	-		
1193	60	O	8.32	G	-		
1193	61	O	8.32	C	-		
1193	62	O	8.32	G	-		
1193	63	O	8.32	A	-		
1193	64	O	8.32	C	-		
1193	65	O	8.32	G	-		
1193	66	O	8.32	T	-		
1193	67	O	8.32	T	-		
1193	68	O	8.32	C	-		
1193	69	O	8.32	C	-		
1193	70	O	8.32	A	-		
1193	71	O	8.32	G	-		
1193	72	O	8.32	A	-		
1193	73	O	8.32	C	-		
1193	74	O	8.32	C	-		
1193	75	O	8.32	T	-		
1193	76	O	8.32	T	-		
1193	77	O	8.32	G	-		
1193	78	O	8.32	T	-		
1193	79	O	8.32	T	-		
1193	80	O	8.32	C	-		
1193	81	O	8.32	T	-		
1193	82	O	8.32	T	-		
1193	83	O	8.32	G	-		
1193	84	O	8.32	T	-		
1193	85	O	8.32	C	-		
1193	86	O	8.32	G	-		
1193	87	O	8.32	T	-		
1193	88	O	8.32	C	-		
1193	89	O	8.32	T	-		
1193	90	O	8.32	T	-		
1193	91	O	8.32	T	-		
1193	92	O	8.32	G	-		
1193	93	O	8.32	A	-		
1193	94	O	8.32	A	-		
1193	95	O	8.32	G	-		
1193	96	O	8.32	C	-		
1193	97	O	8.32	G	-		
1193	98	O	8.32	G	-		
1193	99	O	8.32	G	-		
1193	100	O	8.32	C	-		
1193	101	O	8.32	C	-		
1193	102	O	8.32	G	-		
1193	103	O	8.32	C	-		
1193	104	O	8.32	G	-		
1193	105	O	8.32	A	-		
1193	106	O	8.32	T	-		
1193	107	O	8.32	G	-		
1193	108	O	8.32	T	-		
1193	109	O	8.32	C	-		
1194	0	O	6.93	T	-		
1194	1	O	6.93	G	-		
1194	2	O	6.93	G	-		
1194	3	O	6.93	T	-		
1194	4	O	6.93	C	-		
1194	5	O	6.93	G	-		
1194	6	O	6.93	T	-		
1194	7	O	6.93	A	-		
1194	8	O	6.93	G	-		
1194	9	O	6.93	G	-		
1194	10	O	6.93	G	-		
1194	11	O	6.93	A	-		
1194	12	O	6.93	T	-		
1194	13	O	6.93	C	-		
1194	14	O	6.93	G	-		
1194	15	O	6.93	T	-		
1194	16	O	6.93	T	-		
1194	17	O	6.93	T	-		
1194	18	O	6.93	G	-		
1194	19	O	6.93	T	-		
1194	20	O	6.93	C	-		
1194	21	O	6.93	G	-		
1194	22	O	6.93	C	-		
1194	23	O	6.93	G	-		
1194	24	O	6.93	T	-		
1194	25	O	6.93	C	-		
1194	26	O	6.93	G	-		
1194	27	O	6.93	G	-		
1194	28	O	6.93	A	-		
1194	29	O	6.93	G	-		
1194	30	O	6.93	A	-		
1194	31	O	6.93	A	-		
1194	32	O	6.93	A	-		
1194	33	O	6.93	G	-		
1194	34	O	6.93	G	-		
1194	35	O	6.93	C	-		
1194	36	O	6.93	A	-		
1194	37	O	6.93	A	-		
1194	38	O	6.93	T	-		
1194	39	O	6.93	G	-		
1194	40	O	6.93	A	-		
1194	41	O	6.93	A	-		
1194	42	O	6.93	G	-		
1194	43	O	6.93	T	-		
1194	44	O	6.93	G	-		
1194	45	O	6.93	A	-		
1194	46	O	6.93	A	-		
1194	47	O	6.93	G	-		
1194	48	O	6.93	T	-		
1194	49	O	6.93	G	-		
1194	50	O	6.93	T	-		
1194	51	O	6.93	T	-		
1194	52	O	6.93	G	-		
1194	53	O	6.93	C	-		
1194	54	O	6.93	G	-		
1194	55	O	6.93	C	-		
1194	56	O	6.93	A	-		
1194	57	O	6.93	G	-		
1194	58	O	6.93	T	-		
1194	59	O	6.93	G	-		
1194	60	O	6.93	A	-		
1194	61	O	6.93	A	-		
1194	62	O	6.93	G	-		
1194	63	O	6.93	T	-		
1194	64	O	6.93	G	-		
1194	65	O	6.93	A	-		
1194	66	O	6.93	G	-		
1194	67	O	6.93	G	-		
1194	68	O	6.93	T	-		
1194	69	O	6.93	T	-		
1194	70	O	6.93	A	-		
1194	71	O	6.93	G	-		
1194	72	O	6.93	T	-		
1194	73	O	6.93	A	-		
1194	74	O	6.93	G	-		
1194	75	O	6.93	A	-		
1194	76	O	6.93	G	-		
1194	77	O	6.93	A	-		
1194	78	O	6.93	G	-		
1194	79	O	6.93	C	-		
1194	80	O	6.93	G	-		
1194	81	O	6.93	A	-		
1194	82	O	6.93	C	-		
1194	83	O	6.93	G	-		
1194	84	O	6.93	G	-		
1194	85	O	6.93	C	-		
1194	86	O	6.93	G	-		
1194	87	O	6.93	G	-		
1194	88	O	6.93	G	-		
1194	89	O	6.93	T	-		
1194	90	O	6.93	C	-		
1194	91	O	6.93	G	-		
1194	92	O	6.93	G	-		
1194	93	O	6.93	T	-		
1194	94	O	6.93	G	-		
1194	95	O	6.93	G	-		
1194	96	O	6.93	T	-		
1194	97	O	6.93	G	-		
1194	98	O	6.93	G	-		
1194	99	O	6.93	T	-		
1194	100	O	6.93	A	-		
1194	101	O	6.93	T	-		
1194	102	O	6.93	G	-		
1194	103	O	6.93	G	-		
1194	104	O	6.93	A	-		
1194	105	O	6.93	G	-		
1194	106	O	6.93	G	-		
1194	107	O	6.93	A	-		
1194	108	O	6.93	C	-		
1194	109	O	6.93	T	-		
1195	0	O	6.93	G	-		
1195	1	O	6.93	C	-		
1195	2	O	6.93	C	-		
1195	3	O	6.93	C	-		
1195	4	O	6.93	G	-		
1195	5	O	6.93	G	-		
1195	6	O	6.93	A	-		
1195	7	O	6.93	C	-		
1195	8	O	6.93	G	-		
1195	9	O	6.93	C	-		
1195	10	O	6.93	G	-		
1195	11	O	6.93	C	-		
1195	12	O	6.93	T	-		
1195	13	O	6.93	C	-		
1195	14	O	6.93	C	-		
1195	15	O	6.93	G	-		
1195	16	O	6.93	T	-		
1195	17	O	6.93	G	-		
1195	18	O	6.93	C	-		
1195	19	O	6.93	C	-		
1195	20	O	6.93	C	-		
1195	21	O	6.93	A	-		
1195	22	O	6.93	T	-		
1195	23	O	6.93	G	-		
1195	24	O	6.93	A	-		
1195	25	O	6.93	T	-		
1195	26	O	6.93	G	-		
1195	27	O	6.93	T	-		
1195	28	O	6.93	A	-		
1195	29	O	6.93	C	-		
1195	30	O	6.93	T	-		
1195	31	O	6.93	C	-		
1195	32	O	6.93	G	-		
1195	33	O	6.93	C	-		
1195	34	O	6.93	G	-		
1195	35	O	6.93	C	-		
1195	36	O	6.93	T	-		
1195	37	O	6.93	G	-		
1195	38	O	6.93	C	-		
1195	39	O	6.93	A	-		
1195	40	O	6.93	A	-		
1195	41	O	6.93	G	-		
1195	42	O	6.93	T	-		
1195	43	O	6.93	T	-		
1195	44	O	6.93	G	-		
1195	45	O	6.93	C	-		
1195	46	O	6.93	G	-		
1195	47	O	6.93	G	-		
1195	48	O	6.93	G	-		
1195	49	O	6.93	T	-		
1195	50	O	6.93	C	-		
1195	51	O	6.93	A	-		
1195	52	O	6.93	C	-		
1195	53	O	6.93	G	-		
1195	54	O	6.93	A	-		
1195	55	O	6.93	T	-		
1195	56	O	6.93	G	-		
1195	57	O	6.93	A	-		
1195	58	O	6.93	T	-		
1195	59	O	6.93	C	-		
1195	60	O	6.93	G	-		
1195	61	O	6.93	C	-		
1195	62	O	6.93	G	-		
1195	63	O	6.93	T	-		
1195	64	O	6.93	C	-		
1195	65	O	6.93	C	-		
1195	66	O	6.93	C	-		
1195	67	O	6.93	G	-		
1195	68	O	6.93	C	-		
1195	69	O	6.93	G	-		
1195	70	O	6.93	G	-		
1195	71	O	6.93	C	-		
1195	72	O	6.93	A	-		
1195	73	O	6.93	C	-		
1195	74	O	6.93	G	-		
1195	75	O	6.93	T	-		
1195	76	O	6.93	C	-		
1195	77	O	6.93	C	-		
1195	78	O	6.93	G	-		
1195	79	O	6.93	C	-		
1195	80	O	6.93	C	-		
1195	81	O	6.93	G	-		
1195	82	O	6.93	G	-		
1195	83	O	6.93	C	-		
1195	84	O	6.93	A	-		
1195	85	O	6.93	A	-		
1195	86	O	6.93	G	-		
1195	87	O	6.93	A	-		
1195	88	O	6.93	G	-		
1195	89	O	6.93	C	-		
1195	90	O	6.93	G	-		
1195	91	O	6.93	C	-		
1195	92	O	6.93	C	-		
1195	93	O	6.93	A	-		
1195	94	O	6.93	T	-		
1195	95	O	6.93	G	-		
1195	96	O	6.93	C	-		
1195	97	O	6.93	G	-		
1195	98	O	6.93	C	-		
1195	99	O	6.93	T	-		
1195	100	O	6.93	C	-		
1195	101	O	6.93	G	-		
1195	102	O	6.93	G	-		
1195	103	O	6.93	C	-		
1195	104	O	6.93	A	-		
1195	105	O	6.93	G	-		
1195	106	O	6.93	T	-		
1195	107	O	6.93	C	-		
1195	108	O	6.93	G	-		
1195	109	O	6.93	T	-		
1196	0	O	11.09	A	-		
1196	1	O	11.09	A	-		
1196	2	O	11.09	C	-		
1196	3	O	11.09	T	-		
1196	4	O	11.09	G	-		
1196	5	O	11.09	C	-		
1196	6	O	11.09	T	-		
1196	7	O	11.09	C	-		
1196	8	O	11.09	G	-		
1196	9	O	11.09	T	-		
1196	10	O	11.09	A	-		
1196	11	O	11.09	G	-		
1196	12	O	11.09	T	-		
1196	13	O	11.09	C	-		
1196	14	O	11.09	G	-		
1196	15	O	11.09	A	-		
1196	16	O	11.09	T	-		
1196	17	O	11.09	G	-		
1196	18	O	11.09	G	-		
1196	19	O	11.09	C	-		
1196	20	O	11.09	C	-		
1196	21	O	11.09	T	-		
1196	22	O	11.09	C	-		
1196	23	O	11.09	G	-		
1196	24	O	11.09	C	-		
1196	25	O	11.09	G	-		
1196	26	O	11.09	G	-		
1196	27	O	11.09	T	-		
1196	28	O	11.09	C	-		
1196	29	O	11.09	G	-		
1196	30	O	11.09	G	-		
1196	31	O	11.09	C	-		
1196	32	O	11.09	G	-		
1196	33	O	11.09	T	-		
1196	34	O	11.09	C	-		
1196	35	O	11.09	C	-		
1196	36	O	11.09	T	-		
1196	37	O	11.09	G	-		
1196	38	O	11.09	C	-		
1196	39	O	11.09	T	-		
1196	40	O	11.09	T	-		
1196	41	O	11.09	G	-		
1196	42	O	11.09	C	-		
1196	43	O	11.09	G	-		
1196	44	O	11.09	G	-		
1196	45	O	11.09	G	-		
1196	46	O	11.09	G	-		
1196	47	O	11.09	C	-		
1196	48	O	11.09	T	-		
1196	49	O	11.09	T	-		
1196	50	O	11.09	C	-		
1196	51	O	11.09	A	-		
1196	52	O	11.09	T	-		
1196	53	O	11.09	C	-		
1196	54	O	11.09	T	-		
1196	55	O	11.09	C	-		
1196	56	O	11.09	G	-		
1196	57	O	11.09	T	-		
1196	58	O	11.09	C	-		
1196	59	O	11.09	G	-		
1196	60	O	11.09	T	-		
1196	61	O	11.09	T	-		
1196	62	O	11.09	C	-		
1196	63	O	11.09	T	-		
1196	64	O	11.09	C	-		
1196	65	O	11.09	G	-		
1196	66	O	11.09	T	-		
1196	67	O	11.09	G	-		
1196	68	O	11.09	C	-		
1196	69	O	11.09	A	-		
1196	70	O	11.09	G	-		
1196	71	O	11.09	G	-		
1196	72	O	11.09	C	-		
1196	73	O	11.09	C	-		
1196	74	O	11.09	C	-		
1196	75	O	11.09	A	-		
1196	76	O	11.09	T	-		
1196	77	O	11.09	G	-		
1196	78	O	11.09	C	-		
1196	79	O	11.09	G	-		
1196	80	O	11.09	C	-		
1196	81	O	11.09	T	-		
1196	82	O	11.09	T	-		
1196	83	O	11.09	C	-		
1196	84	O	11.09	A	-		
1196	85	O	11.09	G	-		
1196	86	O	11.09	C	-		
1196	87	O	11.09	T	-		
1196	88	O	11.09	T	-		
1196	89	O	11.09	C	-		
1196	90	O	11.09	C	-		
1196	91	O	11.09	A	-		
1196	92	O	11.09	G	-		
1196	93	O	11.09	T	-		
1196	94	O	11.09	T	-		
1196	95	O	11.09	G	-		
1196	96	O	11.09	C	-		
1196	97	O	11.09	G	-		
1196	98	O	11.09	G	-		
1196	99	O	11.09	C	-		
1196	100	O	11.09	C	-		
1196	101	O	11.09	C	-		
1196	102	O	11.09	T	-		
1196	103	O	11.09	T	-		
1196	104	O	11.09	G	-		
1196	105	O	11.09	T	-		
1196	106	O	11.09	T	-		
1196	107	O	11.09	C	-		
1196	108	O	11.09	T	-		
1196	109	O	11.09	T	-		
1197	0	U	0.00	-	-		
1197	1	U	0.00	-	-		
1197	2	U	0.00	-	-		
1197	3	U	0.00	-	-		
1197	4	U	0.00	-	-		
1197	5	U	0.00	-	-		
1197	6	O	9.70	T	-		
1197	7	O	9.70	C	-		
1197	8	O	9.70	C	-		
1197	9	O	9.70	T	-		
1197	10	O	9.70	A	-		
1197	11	O	9.70	T	-		
1197	12	O	9.70	A	-		
1197	13	O	9.70	C	-		
1197	14	O	9.70	T	-		
1197	15	O	9.70	A	-		
1197	16	O	9.70	T	-		
1197	17	O	9.70	C	-		
1197	18	O	9.70	T	-		
1197	19	O	9.70	T	-		
1197	20	O	9.70	G	-		
1197	21	O	9.70	A	-		
1197	22	O	9.70	C	-		
1197	23	O	9.70	T	-		
1197	24	O	9.70	T	-		
1197	25	O	9.70	C	-		
1197	26	O	9.70	T	-		
1197	27	O	9.70	C	-		
1197	28	O	9.70	T	-		
1197	29	O	9.70	T	-		
1197	30	O	9.70	T	-		
1197	31	O	9.70	T	-		
1197	32	O	9.70	A	-		
1197	33	O	9.70	C	-		
1197	34	O	9.70	C	-		
1197	35	O	9.70	C	-		
1197	36	O	9.70	G	-		
1197	37	O	9.70	G	-		
1197	38	O	9.70	G	-		
1197	39	O	9.70	A	-		
1197	40	O	9.70	T	-		
1197	41	O	9.70	C	-		
1197	42	O	9.70	A	-		
1197	43	O	9.70	G	-		
1197	44	O	9.70	G	-		
1197	45	O	9.70	A	-		
1197	46	O	9.70	G	-		
1197	47	O	9.70	A	-		
1197	48	O	9.70	A	-		
1197	49	O	9.70	A	-		
1197	50	O	9.70	G	-		
1197	51	O	9.70	A	-		
1197	52	O	9.70	G	-		
1197	53	O	9.70	G	-		
1197	54	O	9.70	C	-		
1197	55	O	9.70	A	-		
1197	56	O	9.70	C	-		
1197	57	O	9.70	C	-		
1197	58	O	9.70	A	-		
1197	59	O	9.70	G	-		
1197	60	O	9.70	G	-		
1197	61	O	9.70	A	-		
1197	62	O	9.70	G	-		
1197	63	O	9.70	A	-		
1197	64	O	9.70	G	-		
1197	65	O	9.70	A	-		
1197	66	O	9.70	G	-		
1197	67	O	9.70	T	-		
1197	68	O	9.70	C	-		
1197	69	O	9.70	T	-		
1197	70	O	9.70	A	-		
1197	71	O	9.70	T	-		
1197	72	O	9.70	A	-		
1197	73	O	9.70	G	-		
1197	74	O	9.70	A	-		
1197	75	O	9.70	A	-		
1197	76	O	9.70	G	-		
1197	77	O	9.70	T	-		
1197	78	O	9.70	T	-		
1197	79	O	9.70	A	-		
1197	80	O	9.70	A	-		
1197	81	O	9.70	G	-		
1197	82	O	9.70	C	-		
1197	83	O	9.70	C	-		
1197	84	O	9.70	T	-		
1197	85	O	9.70	G	-		
1197	86	O	9.70	C	-		
1197	87	O	9.70	T	-		
1197	88	O	9.70	T	-		
1197	89	O	9.70	T	-		
1197	90	O	9.70	T	-		
1197	91	O	9.70	A	-		
1197	92	O	9.70	G	-		
1197	93	O	9.70	G	-		
1197	94	O	9.70	G	-		
1197	95	O	9.70	A	-		
1197	96	O	9.70	G	-		
1197	97	O	9.70	C	-		
1197	98	O	9.70	T	-		
1197	99	O	9.70	A	-		
1197	100	O	9.70	A	-		
1197	101	O	9.70	C	-		
1197	102	O	9.70	C	-		
1197	103	O	9.70	G	-		
1197	104	O	9.70	G	-		
1197	105	O	9.70	C	-		
1197	106	O	9.70	T	-		
1197	107	O	9.70	A	-		
1197	108	O	9.70	C	-		
1197	109	O	9.70	T	-		
1197	110	U	0.00	-	-		
1197	111	U	0.00	-	-		
1197	112	U	0.00	-	-		
1197	113	U	0.00	-	-		
1197	114	U	0.00	-	-		
1197	115	U	0.00	-	-		
1198	0	O	12.48	C	-		
1198	1	O	12.48	G	-		
1198	2	O	12.48	A	-		
1198	3	O	12.48	C	-		
1198	4	O	12.48	G	-		
1198	5	O	12.48	T	-		
1198	6	O	12.48	T	-		
1198	7	O	12.48	G	-		
1198	8	O	12.48	C	-		
1198	9	O	12.48	C	-		
1198	10	O	12.48	G	-		
1198	11	O	12.48	T	-		
1198	12	O	12.48	C	-		
1198	13	O	12.48	A	-		
1198	14	O	12.48	T	-		
1198	15	O	12.48	C	-		
1198	16	O	12.48	A	-		
1198	17	O	12.48	C	-		
1198	18	O	12.48	G	-		
1198	19	O	12.48	G	-		
1198	20	O	12.48	A	-		
1198	21	O	12.48	T	-		
1198	22	O	12.48	G	-		
1198	23	O	12.48	T	-		
1198	24	O	12.48	C	-		
1198	25	O	12.48	G	-		
1198	26	O	12.48	A	-		
1198	27	O	12.48	G	-		
1198	28	O	12.48	G	-		
1198	29	O	12.48	A	-		
1198	30	O	12.48	C	-		
1198	31	O	12.48	G	-		
1198	32	O	12.48	C	-		
1198	33	O	12.48	G	-		
1198	34	O	12.48	G	-		
1198	35	O	12.48	T	-		
1198	36	O	12.48	A	-		
1198	37	O	12.48	C	-		
1198	38	O	12.48	T	-		
1198	39	O	12.48	G	-		
1198	40	O	12.48	C	-		
1198	41	O	12.48	T	-		
1198	42	O	12.48	T	-		
1198	43	O	12.48	G	-		
1198	44	O	12.48	A	-		
1198	45	O	12.48	A	-		
1198	46	O	12.48	G	-		
1198	47	O	12.48	A	-		
1198	48	O	12.48	C	-		
1198	49	O	12.48	C	-		
1198	50	O	12.48	G	-		
1198	51	O	12.48	G	-		
1198	52	O	12.48	G	-		
1198	53	O	12.48	C	-		
1198	54	O	12.48	C	-		
1198	55	O	12.48	G	-		
1198	56	O	12.48	A	-		
1198	57	O	12.48	G	-		
1198	58	O	12.48	C	-		
1198	59	O	12.48	A	-		
1198	60	O	12.48	T	-		
1198	61	O	12.48	G	-		
1198	62	O	12.48	T	-		
1198	63	O	12.48	T	-		
1198	64	O	12.48	C	-		
1198	65	O	12.48	T	-		
1198	66	O	12.48	G	-		
1198	67	O	12.48	G	-		
1198	68	O	12.48	A	-		
1198	69	O	12.48	C	-		
1198	70	O	12.48	A	-		
1198	71	O	12.48	A	-		
1198	72	O	12.48	C	-		
1198	73	O	12.48	G	-		
1198	74	O	12.48	A	-		
1198	75	O	12.48	C	-		
1198	76	O	12.48	C	-		
1198	77	O	12.48	G	-		
1198	78	O	12.48	A	-		
1198	79	O	12.48	C	-		
1198	80	O	12.48	G	-		
1198	81	O	12.48	G	-		
1198	82	O	12.48	G	-		
1198	83	O	12.48	C	-		
1198	84	O	12.48	T	-		
1198	85	O	12.48	G	-		
1198	86	O	12.48	G	-		
1198	87	O	12.48	G	-		
1198	88	O	12.48	G	-		
1198	89	O	12.48	T	-		
1198	90	O	12.48	T	-		
1198	91	O	12.48	G	-		
1198	92	O	12.48	C	-		
1198	93	O	12.48	T	-		
1198	94	O	12.48	G	-		
1198	95	O	12.48	A	-		
1198	96	O	12.48	C	-		
1198	97	O	12.48	G	-		
1198	98	O	12.48	A	-		
1198	99	O	12.48	A	-		
1198	100	O	12.48	G	-		
1198	101	O	12.48	G	-		
1198	102	O	12.48	A	-		
1198	103	O	12.48	A	-		
1198	104	O	12.48	G	-		
1198	105	O	12.48	A	-		
1198	106	O	12.48	C	-		
1198	107	O	12.48	T	-		
1198	108	O	12.48	C	-		
1198	109	O	12.48	C	-		
1199	0	O	6.93	C	-		
1199	1	O	6.93	A	-		
1199	2	O	6.93	T	-		
1199	3	O	6.93	A	-		
1199	4	O	6.93	C	-		
1199	5	O	6.93	T	-		
1199	6	O	6.93	A	-		
1199	7	O	6.93	G	-		
1199	8	O	6.93	G	-		
1199	9	O	6.93	A	-		
1199	10	O	6.93	A	-		
1199	11	O	6.93	A	-		
1199	12	O	6.93	C	-		
1199	13	O	6.93	A	-		
1199	14	O	6.93	C	-		
1199	15	O	6.93	T	-		
1199	16	O	6.93	G	-		
1199	17	O	6.93	G	-		
1199	18	O	6.93	A	-		
1199	19	O	6.93	A	-		
1199	20	O	6.93	A	-		
1199	21	O	6.93	C	-		
1199	22	O	6.93	A	-		
1199	23	O	6.93	A	-		
1199	24	O	6.93	C	-		
1199	25	O	6.93	T	-		
1199	26	O	6.93	A	-		
1199	27	O	6.93	T	-		
1199	28	O	6.93	T	-		
1199	29	O	6.93	T	-		
1199	30	O	6.93	T	-		
1199	31	O	6.93	C	-		
1199	32	O	6.93	G	-		
1199	33	O	6.93	A	-		
1199	34	O	6.93	G	-		
1199	35	O	6.93	C	-		
1199	36	O	6.93	T	-		
1199	37	O	6.93	G	-		
1199	38	O	6.93	A	-		
1199	39	O	6.93	T	-		
1199	40	O	6.93	G	-		
1199	41	O	6.93	G	-		
1199	42	O	6.93	C	-		
1199	43	O	6.93	C	-		
1199	44	O	6.93	C	-		
1199	45	O	6.93	G	-		
1199	46	O	6.93	A	-		
1199	47	O	6.93	A	-		
1199	48	O	6.93	T	-		
1199	49	O	6.93	T	-		
1199	50	O	6.93	C	-		
1199	51	O	6.93	T	-		
1199	52	U	-0.27	G	T		
1199	53	O	6.93	G	-		
1199	54	O	6.93	C	-		
1199	55	O	6.93	A	-		
1199	56	O	6.93	A	-		
1199	57	O	6.93	C	-		
1199	58	O	6.93	T	-		
1199	59	O	6.93	T	-		
1199	60	O	6.93	C	-		
1199	61	O	6.93	A	-		
1199	62	O	6.93	T	-		
1199	63	O	6.93	C	-		
1199	64	O	6.93	A	-		
1199	65	O	6.93	C	-		
1199	66	O	6.93	G	-		
1199	67	O	6.93	G	-		
1199	68	O	6.93	T	-		
1199	69	O	6.93	A	-		
1199	70	O	6.93	T	-		
1199	71	O	6.93	G	-		
1199	72	O	6.93	A	-		
1199	73	O	6.93	T	-		
1199	74	O	6.93	C	-		
1199	75	O	6.93	T	-		
1199	76	O	6.93	C	-		
1199	77	O	6.93	A	-		
1199	78	O	6.93	A	-		
1199	79	O	6.93	T	-		
1199	80	O	6.93	C	-		
1199	81	O	6.93	A	-		
1199	82	O	6.93	T	-		
1199	83	O	6.93	A	-		
1199	84	O	6.93	G	-		
1199	85	O	6.93	T	-		
1199	86	O	6.93	T	-		
1199	87	O	6.93	G	-		
1199	88	O	6.93	T	-		
1199	89	O	6.93	C	-		
1199	90	O	6.93	G	-		
1199	91	O	6.93	T	-		
1199	92	O	6.93	T	-		
1199	93	O	6.93	T	-		
1199	94	O	6.93	G	-		
1199	95	O	6.93	C	-		
1199	96	O	6.93	T	-		
1199	97	O	6.93	G	-		
1199	98	O	6.93	C	-		
1199	99	O	6.93	T	-		
1199	100	O	6.93	T	-		
1199	101	O	6.93	G	-		
1199	102	O	6.93	T	-		
1199	103	O	6.93	C	-		
1199	104	O	6.93	A	-		
1199	105	O	6.93	C	-		
1199	106	O	6.93	A	-		
1199	107	O	6.93	A	-		
1199	108	O	6.93	G	-		
1199	109	O	6.93	T	-		
1200	0	O	8.32	A	-		
1200	1	O	8.32	T	-		
1200	2	O	8.32	C	-		
1200	3	O	8.32	T	-		
1200	4	O	8.32	C	-		
1200	5	O	8.32	G	-		
1200	6	O	8.32	G	-		
1200	7	O	8.32	C	-		
1200	8	O	8.32	C	-		
1200	9	O	8.32	A	-		
1200	10	O	8.32	C	-		
1200	11	O	8.32	G	-		
1200	12	O	8.32	A	-		
1200	13	O	8.32	C	-		
1200	14	O	8.32	A	-		
1200	15	O	8.32	C	-		
1200	16	O	8.32	C	-		
1200	17	O	8.32	A	-		
1200	18	O	8.32	T	-		
1200	19	O	8.32	G	-		
1200	20	O	8.32	G	-		
1200	21	O	8.32	A	-		
1200	22	O	8.32	A	-		
1200	23	O	8.32	G	-		
1200	24	O	8.32	C	-		
1200	25	O	8.32	C	-		
1200	26	O	8.32	A	-		
1200	27	O	8.32	A	-		
1200	28	O	8.32	C	-		
1200	29	O	8.32	C	-		
1200	30	O	8.32	T	-		
1200	31	O	8.32	G	-		
1200	32	O	8.32	C	-		
1200	33	O	8.32	T	-		
1200	34	O	8.32	G	-		
1200	35	O	8.32	C	-		
1200	36	O	8.32	T	-		
1200	37	O	8.32	A	-		
1200	38	O	8.32	C	-		
1200	39	O	8.32	G	-		
1200	40	O	8.32	C	-		
1200	41	O	8.32	C	-		
1200	42	O	8.32	A	-		
1200	43	O	8.32	T	-		
1200	44	O	8.32	C	-		
1200	45	O	8.32	C	-		
1200	46	O	8.32	A	-		
1200	47	O	8.32	G	-		
1200	48	O	8.32	G	-		
1200	49	O	8.32	C	-		
1200	50	O	8.32	G	-		
1200	51	O	8.32	A	-		
1200	52	O	8.32	T	-		
1200	53	O	8.32	G	-		
1200	54	O	8.32	C	-		
1200	55	O	8.32	G	-		
1200	56	O	8.32	C	-		
1200	57	O	8.32	G	-		
1200	58	O	8.32	C	-		
1200	59	O	8.32	T	-		
1200	60	O	8.32	C	-		
1200	61	O	8.32	C	-		
1200	62	O	8.32	T	-		
1200	63	O	8.32	A	-		
1200	64	O	8.32	C	-		
1200	65	O	8.32	G	-		
1200	66	O	8.32	G	-		
1200	67	O	8.32	T	-		
1200	68	O	8.32	C	-		
1200	69	O	8.32	T	-		
1200	70	O	8.32	T	-		
1200	71	O	8.32	G	-		
1200	72	O	8.32	C	-		
1200	73	O	8.32	G	-		
1200	74	O	8.32	A	-		
1200	75	O	8.32	C	-		
1200	76	O	8.32	T	-		
1200	77	O	8.32	G	-		
1200	78	O	8.32	C	-		
1200	79	O	8.32	C	-		
1200	80	O	8.32	A	-		
1200	81	O	8.32	T	-		
1200	82	O	8.32	G	-		
1200	83	O	8.32	C	-		
1200	84	O	8.32	T	-		
1200	85	O	8.32	C	-		
1200	86	O	8.32	A	-		
1200	87	O	8.32	T	-		
1200	88	O	8.32	G	-		
1200	89	O	8.32	G	-		
1200	90	O	8.32	A	-		
1200	91	O	8.32	T	-		
1200	92	O	8.32	C	-		
1200	93	O	8.32	T	-		
1200	94	O	8.32	C	-		
1200	95	O	8.32	G	-		
1200	96	O	8.32	G	-		
1200	97	O	8.32	A	-		
1200	98	O	8.32	C	-		
1200	99	O	8.32	T	-		
1200	100	O	8.32	C	-		
1200	101	O	8.32	G	-		
1200	102	O	8.32	G	-		
1200	103	O	8.32	T	-		
1200	104	O	8.32	G	-		
1200	105	O	8.32	G	-		
1200	106	O	8.32	C	-		
1200	107	O	8.32	G	-		
1200	108	O	8.32	A	-		
1200	109	O	8.32	G	-		
1201	0	O	5.55	C	-		
1201	1	O	5.55	T	-		
1201	2	O	5.55	G	-		
1201	3	O	5.55	T	-		
1201	4	O	5.55	G	-		
1201	5	O	5.55	G	-		
1201	6	O	5.55	A	-		
1201	7	O	5.55	T	-		
1201	8	O	5.55	C	-		
1201	9	O	5.55	G	-		
1201	10	O	5.55	G	-		
1201	11	O	5.55	C	-		
1201	12	O	5.55	A	-		
1201	13	O	5.55	A	-		
1201	14	O	5.55	C	-		
1201	15	O	5.55	A	-		
1201	16	O	5.55	C	-		
1201	17	O	5.55	G	-		
1201	18	O	5.55	A	-		
1201	19	O	5.55	G	-		
1201	20	O	5.55	A	-		
1201	21	O	5.55	G	-		
1201	22	O	5.55	A	-		
1201	23	O	5.55	A	-		
1201	24	O	5.55	A	-		
1201	25	O	5.55	A	-		
1201	26	O	5.55	G	-		
1201	27	O	5.55	C	-		
1201	28	O	5.55	T	-		
1201	29	O	5.55	G	-		
1201	30	O	5.55	C	-		
1201	31	O	5.55	T	-		
1201	32	O	5.55	G	-		
1201	33	O	5.55	C	-		
1201	34	O	5.55	C	-		
1201	35	O	5.55	C	-		
1201	36	O	5.55	A	-		
1201	37	O	5.55	T	-		
1201	38	O	5.55	G	-		
1201	39	O	5.55	C	-		
1201	40	O	5.55	G	-		
1201	41	O	5.55	A	-		
1201	42	O	5.55	G	-		
1201	43	O	5.55	C	-		
1201	44	O	5.55	G	-		
1201	45	O	5.55	A	-		
1201	46	O	5.55	C	-		
1201	47	O	5.55	A	-		
1201	48	O	5.55	C	-		
1201	49	O	5.55	T	-		
1201	50	O	5.55	G	-		
1201	51	O	5.55	T	-		
1201	52	O	5.55	T	-		
1201	53	O	5.55	A	-		
1201	54	O	5.55	C	-		
1201	55	O	5.55	A	-		
1201	56	O	5.55	T	-		
1201	57	O	5.55	C	-		
1201	58	O	5.55	C	-		
1201	59	O	5.55	G	-		
1201	60	O	5.55	A	-		
1201	61	O	5.55	C	-		
1201	62	O	5.55	C	-		
1201	63	O	5.55	G	-		
1201	64	O	5.55	G	-		
1201	65	O	5.55	C	-		
1201	66	O	5.55	T	-		
1201	67	O	5.55	G	-		
1201	68	O	5.55	A	-		
1201	69	O	5.55	C	-		
1201	70	O	5.55	A	-		
1201	71	O	5.55	G	-		
1201	72	O	5.55	T	-		
1201	73	O	5.55	C	-		
1201	74	O	5.55	G	-		
1201	75	O	5.55	C	-		
1201	76	O	5.55	G	-		
1201	77	O	5.55	C	-		
1201	78	O	5.55	A	-		
1201	79	O	5.55	A	-		
1201	80	O	5.55	G	-		
1201	81	O	5.55	G	-		
1201	82	O	5.55	G	-		
1201	83	O	5.55	A	-		
1201	84	O	5.55	A	-		
1201	85	O	5.55	T	-		
1201	86	O	5.55	C	-		
1201	87	O	5.55	T	-		
1201	88	O	5.55	G	-		
1201	89	O	5.55	T	-		
1201	90	O	5.55	G	-		
1201	91	O	5.55	C	-		
1201	92	O	5.55	G	-		
1201	93	O	5.55	C	-		
1201	94	O	5.55	A	-		
1201	95	O	5.55	A	-		
1201	96	O	5.55	A	-		
1201	97	O	5.55	C	-		
1201	98	O	5.55	A	-		
1201	99	O	5.55	G	-		
1201	100	O	5.55	T	-		
1201	101	O	5.55	G	-		
1201	102	O	5.55	A	-		
1201	103	O	5.55	C	-		
1201	104	O	5.55	A	-		
1201	105	O	5.55	C	-		
1201	106	O	5.55	A	-		
1201	107	O	5.55	C	-		
1201	108	O	5.55	A	-		
1201	109	O	5.55	G	-		
1202	0	O	9.70	C	-		
1202	1	O	9.70	G	-		
1202	2	O	9.70	G	-		
1202	3	O	9.70	C	-		
1202	4	O	9.70	C	-		
1202	5	O	9.70	G	-		
1202	6	O	9.70	G	-		
1202	7	O	9.70	C	-		
1202	8	O	9.70	G	-		
1202	9	O	9.70	C	-		
1202	10	O	9.70	A	-		
1202	11	O	9.70	A	-		
1202	12	O	9.70	C	-		
1202	13	O	9.70	A	-		
1202	14	O	9.70	A	-		
1202	15	O	9.70	C	-		
1202	16	O	9.70	C	-		
1202	17	O	9.70	T	-		
1202	18	O	9.70	G	-		
1202	19	O	9.70	C	-		
1202	20	O	9.70	A	-		
1202	21	O	9.70	G	-		
1202	22	O	9.70	A	-		
1202	23	O	9.70	G	-		
1202	24	O	9.70	T	-		
1202	25	O	9.70	G	-		
1202	26	O	9.70	G	-		
1202	27	O	9.70	C	-		
1202	28	O	9.70	C	-		
1202	29	O	9.70	G	-		
1202	30	O	9.70	C	-		
1202	31	O	9.70	T	-		
1202	32	O	9.70	A	-		
1202	33	O	9.70	A	-		
1202	34	O	9.70	T	-		
1202	35	O	9.70	G	-		
1202	36	O	9.70	G	-		
1202	37	O	9.70	A	-		
1202	38	O	9.70	C	-		
1202	39	O	9.70	G	-		
1202	40	O	9.70	C	-		
1202	41	O	9.70	G	-		
1202	42	O	9.70	G	-		
1202	43	O	9.70	C	-		
1202	44	O	9.70	G	-		
1202	45	O	9.70	A	-		
1202	46	O	9.70	C	-		
1202	47	O	9.70	A	-		
1202	48	O	9.70	A	-		
1202	49	O	9.70	A	-		
1202	50	O	9.70	C	-		
1202	51	O	9.70	A	-		
1202	52	O	9.70	A	-		
1202	53	O	9.70	G	-		
1202	54	O	9.70	A	-		
1202	55	O	9.70	G	-		
1202	56	O	9.70	C	-		
1202	57	O	9.70	T	-		
1202	58	O	9.70	A	-		
1202	59	O	9.70	C	-		
1202	60	O	9.70	G	-		
1202	61	O	9.70	C	-		
1202	62	O	9.70	G	-		
1202	63	O	9.70	C	-		
1202	64	O	9.70	G	-		
1202	65	O	9.70	A	-		
1202	66	O	9.70	C	-		
1202	67	O	9.70	C	-		
1202	68	O	9.70	C	-		
1202	69	O	9.70	T	-		
1202	70	O	9.70	G	-		
1202	71	O	9.70	A	-		
1202	72	O	9.70	G	-		
1202	73	O	9.70	C	-		
1202	74	O	9.70	G	-		
1202	75	O	9.70	C	-		
1202	76	O	9.70	T	-		
1202	77	O	9.70	A	-		
1202	78	O	9.70	T	-		
1202	79	O	9.70	C	-		
1202	80	O	9.70	G	-		
1202	81	O	9.70	G	-		
1202	82	O	9.70	T	-		
1202	83	O	9.70	C	-		
1202	84	O	9.70	A	-		
1202	85	O	9.70	G	-		
1202	86	O	9.70	G	-		
1202	87	O	9.70	A	-		
1202	88	O	9.70	C	-		
1202	89	O	9.70	G	-		
1202	90	O	9.70	G	-		
1202	91	O	9.70	C	-		
1202	92	O	9.70	T	-		
1202	93	O	9.70	C	-		
1202	94	O	9.70	C	-		
1202	95	O	9.70	G	-		
1202	96	O	9.70	T	-		
1202	97	O	9.70	C	-		
1202	98	O	9.70	T	-		
1202	99	O	9.70	G	-		
1202	100	O	9.70	A	-		
1202	101	O	9.70	T	-		
1202	102	O	9.70	T	-		
1202	103	O	9.70	A	-		
1202	104	O	9.70	G	-		
1202	105	O	9.70	C	-		
1202	106	O	9.70	A	-		
1202	107	O	9.70	T	-		
1202	108	O	9.70	T	-		
1202	109	O	9.70	T	-		
1203	0	O	6.93	G	-		
1203	1	O	6.93	A	-		
1203	2	O	6.93	A	-		
1203	3	O	6.93	C	-		
1203	4	O	6.93	A	-		
1203	5	O	6.93	G	-		
1203	6	O	6.93	G	-		
1203	7	O	6.93	T	-		
1203	8	O	6.93	G	-		
1203	9	O	6.93	A	-		
1203	10	O	6.93	C	-		
1203	11	O	6.93	G	-		
1203	12	O	6.93	C	-		
1203	13	O	6.93	T	-		
1203	14	O	6.93	G	-		
1203	15	O	6.93	A	-		
1203	16	O	6.93	G	-		
1203	17	O	6.93	G	-		
1203	18	O	6.93	A	-		
1203	19	O	6.93	C	-		
1203	20	O	6.93	C	-		
1203	21	O	6.93	A	-		
1203	22	O	6.93	G	-		
1203	23	O	6.93	A	-		
1203	24	O	6.93	T	-		
1203	25	O	6.93	C	-		
1203	26	O	6.93	T	-		
1203	27	O	6.93	G	-		
1203	28	O	6.93	A	-		
1203	29	O	6.93	C	-		
1203	30	O	6.93	T	-		
1203	31	O	6.93	G	-		
1203	32	O	6.93	A	-		
1203	33	O	6.93	T	-		
1203	34	O	6.93	G	-		
1203	35	O	6.93	A	-		
1203	36	O	6.93	T	-		
1203	37	O	6.93	G	-		
1203	38	O	6.93	A	-		
1203	39	O	6.93	G	-		
1203	40	O	6.93	G	-		
1203	41	O	6.93	T	-		
1203	42	O	6.93	G	-		
1203	43	O	6.93	G	-		
1203	44	O	6.93	C	-		
1203	45	O	6.93	C	-		
1203	46	O	6.93	G	-		
1203	47	O	6.93	G	-		
1203	48	O	6.93	G	-		
1203	49	O	6.93	T	-		
1203	50	O	6.93	T	-		
1203	51	O	6.93	G	-		
1203	52	O	6.93	T	-		
1203	53	O	6.93	A	-		
1203	54	O	6.93	A	-		
1203	55	O	6.93	G	-		
1203	56	O	6.93	T	-		
1203	57	O	6.93	A	-		
1203	58	O	6.93	A	-		
1203	59	O	6.93	G	-		
1203	60	O	6.93	T	-		
1203	61	O	6.93	A	-		
1203	62	O	6.93	G	-		
1203	63	O	6.93	T	-		
1203	64	O	6.93	T	-		
1203	65	O	6.93	C	-		
1203	66	O	6.93	G	-		
1203	67	O	6.93	C	-		
1203	68	O	6.93	A	-		
1203	69	O	6.93	T	-		
1203	70	O	6.93	C	-		
1203	71	O	6.93	C	-		
1203	72	O	6.93	G	-		
1203	73	O	6.93	A	-		
1203	74	O	6.93	G	-		
1203	75	O	6.93	T	-		
1203	76	O	6.93	T	-		
1203	77	O	6.93	G	-		
1203	78	O	6.93	T	-		
1203	79	O	6.93	T	-		
1203	80	O	6.93	T	-		
1203	81	O	6.93	G	-		
1203	82	O	6.93	G	-		
1203	83	O	6.93	T	-		
1203	84	O	6.93	C	-		
1203	85	O	6.93	A	-		
1203	86	O	6.93	A	-		
1203	87	O	6.93	T	-		
1203	88	O	6.93	C	-		
1203	89	O	6.93	T	-		
1203	90	O	6.93	G	-		
1203	91	O	6.93	G	-		
1203	92	O	6.93	A	-		
1203	93	O	6.93	A	-		
1203	94	O	6.93	A	-		
1203	95	O	6.93	C	-		
1203	96	O	6.93	C	-		
1203	97	O	6.93	A	-		
1203	98	O	6.93	G	-		
1203	99	O	6.93	G	-		
1203	100	O	6.93	T	-		
1203	101	O	6.93	C	-		
1203	102	O	6.93	G	-		
1203	103	O	6.93	T	-		
1203	104	O	6.93	C	-		
1203	105	O	6.93	G	-		
1203	106	O	6.93	A	-		
1203	107	O	6.93	T	-		
1203	108	O	6.93	G	-		
1203	109	O	6.93	A	-		
1204	0	O	38.82	T	-		
1204	1	O	38.82	G	-		
1204	2	O	38.82	G	-		
1204	3	O	38.82	G	-		
1204	4	O	38.82	C	-		
1204	5	O	38.82	G	-		
1204	6	O	38.82	C	-		
1204	7	O	38.82	G	-		
1204	8	O	38.82	C	-		
1204	9	O	38.82	A	-		
1204	10	O	38.82	G	-		
1204	11	O	38.82	G	-		
1204	12	O	38.82	C	-		
1204	13	O	38.82	T	-		
1204	14	O	38.82	G	-		
1204	15	O	38.82	C	-		
1204	16	O	38.82	T	-		
1204	17	O	38.82	C	-		
1204	18	O	38.82	G	-		
1204	19	O	38.82	C	-		
1204	20	O	38.82	C	-		
1204	21	O	38.82	G	-		
1204	22	O	38.82	A	-		
1204	23	O	38.82	G	-		
1204	24	O	38.82	C	-		
1204	25	O	38.82	G	-		
1204	26	O	38.82	A	-		
1204	27	O	38.82	C	-		
1204	28	O	38.82	A	-		
1204	29	O	38.82	C	-		
1204	30	O	38.82	G	-		
1204	31	O	38.82	T	-		
1204	32	O	38.82	G	-		
1204	33	O	38.82	A	-		
1204	34	O	38.82	G	-		
1204	35	O	38.82	C	-		
1204	36	O	38.82	G	-		
1204	37	O	38.82	C	-		
1204	38	O	38.82	C	-		
1204	39	O	38.82	A	-		
1204	40	O	38.82	C	-		
1204	41	O	27.99	C	-		
1204	42	O	38.82	G	-		
1204	43	O	38.82	A	-		
1204	44	O	38.82	G	-		
1204	45	O	38.82	T	-		
1204	46	O	38.82	T	-		
1204	47	O	38.82	G	-		
1204	48	O	38.82	C	-		
1204	49	O	38.82	C	-		
1204	50	O	38.82	C	-		
1204	51	O	38.82	G	-		
1204	52	O	38.82	C	-		
1204	53	O	38.82	G	-		
1204	54	O	38.82	A	-		
1204	55	O	38.82	G	-		
1204	56	O	38.82	C	-		
1204	57	O	38.82	G	-		
1204	58	O	38.82	C	-		
1204	59	O	38.82	C	-		
1204	60	O	38.82	A	-		
1204	61	O	38.82	A	-		
1204	62	O	38.82	C	-		
1204	63	O	38.82	T	-		
1204	64	O	38.82	C	-		
1204	65	O	38.82	G	-		
1204	66	O	38.82	T	-		
1204	67	O	38.82	C	-		
1204	68	O	38.82	G	-		
1204	69	O	38.82	A	-		
1204	70	O	38.82	A	-		
1204	71	O	38.82	C	-		
1204	72	O	38.82	A	-		
1204	73	O	38.82	C	-		
1204	74	O	38.82	T	-		
1204	75	O	38.82	T	-		
1204	76	O	38.82	C	-		
1204	77	O	38.82	C	-		
1204	78	O	38.82	A	-		
1204	79	O	38.82	G	-		
1204	80	O	38.82	C	-		
1204	81	O	38.82	G	-		
1204	82	O	38.82	C	-		
1204	83	O	38.82	C	-		
1204	84	O	38.82	A	-		
1204	85	O	38.82	C	-		
1204	86	O	38.82	T	-		
1204	87	O	38.82	T	-		
1204	88	O	38.82	G	-		
1204	89	O	38.82	G	-		
1204	90	O	38.82	G	-		
1204	91	O	38.82	C	-		
1204	92	O	38.82	G	-		
1204	93	O	38.82	C	-		
1204	94	O	38.82	C	-		
1204	95	O	38.82	C	-		
1204	96	O	38.82	T	-		
1204	97	O	38.82	C	-		
1204	98	O	38.82	G	-		
1204	99	O	38.82	A	-		
1204	100	O	38.82	C	-		
1204	101	O	38.82	G	-		
1204	102	O	38.82	A	-		
1204	103	O	38.82	C	-		
1204	104	O	38.82	T	-		
1204	105	O	38.82	G	-		
1204	106	O	38.82	C	-		
1204	107	O	38.82	G	-		
1204	108	O	38.82	C	-		
1204	109	O	38.82	A	-		
1205	0	O	5.55	T	-		
1205	1	O	5.55	A	-		
1205	2	O	5.55	G	-		
1205	3	O	5.55	C	-		
1205	4	O	5.55	T	-		
1205	5	O	5.55	A	-		
1205	6	O	5.55	A	-		
1205	7	O	5.55	A	-		
1205	8	O	5.55	C	-		
1205	9	O	5.55	C	-		
1205	10	O	5.55	G	-		
1205	11	O	5.55	C	-		
1205	12	O	5.55	T	-		
1205	13	O	5.55	C	-		
1205	14	O	5.55	G	-		
1205	15	O	5.55	C	-		
1205	16	O	5.55	G	-		
1205	17	O	5.55	A	-		
1205	18	O	5.55	G	-		
1205	19	O	5.55	A	-		
1205	20	O	5.55	A	-		
1205	21	O	5.55	C	-		
1205	22	O	5.55	A	-		
1205	23	O	5.55	A	-		
1205	24	O	5.55	T	-		
1205	25	O	5.55	T	-		
1205	26	O	5.55	C	-		
1205	27	O	5.55	T	-		
1205	28	O	5.55	C	-		
1205	29	O	5.55	C	-		
1205	30	O	5.55	G	-		
1205	31	O	5.55	C	-		
1205	32	O	5.55	A	-		
1205	33	O	5.55	A	-		
1205	34	O	5.55	C	-		
1205	35	O	5.55	G	-		
1205	36	O	5.55	G	-		
1205	37	O	5.55	C	-		
1205	38	O	5.55	T	-		
1205	39	O	5.55	A	-		
1205	40	O	5.55	C	-		
1205	41	O	5.55	A	-		
1205	42	O	5.55	T	-		
1205	43	O	5.55	C	-		
1205	44	O	5.55	T	-		
1205	45	O	5.55	T	-		
1205	46	O	5.55	T	-		
1205	47	O	5.55	T	-		
1205	48	O	5.55	G	-		
1205	49	O	5.55	T	-		
1205	50	O	5.55	T	-		
1205	51	O	5.55	C	-		
1205	52	O	5.55	T	-		
1205	53	O	5.55	C	-		
1205	54	O	5.55	C	-		
1205	55	O	5.55	G	-		
1205	56	O	5.55	G	-		
1205	57	O	5.55	C	-		
1205	58	O	5.55	G	-		
1205	59	O	5.55	T	-		
1205	60	O	5.55	C	-		
1205	61	O	5.55	T	-		
1205	62	O	5.55	C	-		
1205	63	O	5.55	T	-		
1205	64	O	5.55	T	-		
1205	65	O	5.55	T	-		
1205	66	O	5.55	T	-		
1205	67	O	5.55	A	-		
1205	68	O	5.55	G	-		
1205	69	O	5.55	A	-		
1205	70	O	5.55	T	-		
1205	71	O	5.55	G	-		
1205	72	O	5.55	A	-		
1205	73	O	5.55	A	-		
1205	74	O	5.55	A	-		
1205	75	O	5.55	T	-		
1205	76	O	5.55	T	-		
1205	77	O	5.55	G	-		
1205	78	O	5.55	A	-		
1205	79	O	5.55	C	-		
1205	80	O	5.55	T	-		
1205	81	O	5.55	A	-		
1205	82	O	5.55	T	-		
1205	83	O	5.55	C	-		
1205	84	O	5.55	T	-		
1205	85	O	5.55	C	-		
1205	86	O	5.55	G	-		
1205	87	O	5.55	A	-		
1205	88	O	5.55	T	-		
1205	89	O	5.55	G	-		
1205	90	O	5.55	T	-		
1205	91	O	5.55	T	-		
1205	92	O	5.55	G	-		
1205	93	O	5.55	T	-		
1205	94	O	5.55	A	-		
1205	95	O	5.55	A	-		
1205	96	O	5.55	A	-		
1205	97	O	5.55	T	-		
1205	98	O	5.55	T	-		
1205	99	O	5.55	G	-		
1205	100	O	5.55	G	-		
1205	101	O	5.55	T	-		
1205	102	O	5.55	G	-		
1205	103	O	5.55	A	-		
1205	104	O	5.55	C	-		
1205	105	O	5.55	T	-		
1205	106	O	5.55	T	-		
1205	107	O	5.55	G	-		
1205	108	O	5.55	C	-		
1205	109	O	5.55	G	-		
1206	0	O	13.86	C	-		
1206	1	O	13.86	A	-		
1206	2	O	13.86	C	-		
1206	3	O	13.86	C	-		
1206	4	O	13.86	A	-		
1206	5	O	13.86	A	-		
1206	6	O	13.86	A	-		
1206	7	O	13.86	G	-		
1206	8	O	13.86	C	-		
1206	9	O	13.86	G	-		
1206	10	O	13.86	C	-		
1206	11	O	13.86	T	-		
1206	12	O	13.86	C	-		
1206	13	O	13.86	A	-		
1206	14	O	13.86	A	-		
1206	15	O	13.86	C	-		
1206	16	O	13.86	A	-		
1206	17	O	13.86	C	-		
1206	18	O	13.86	T	-		
1206	19	O	13.86	A	-		
1206	20	O	13.86	C	-		
1206	21	O	13.86	A	-		
1206	22	O	13.86	A	-		
1206	23	O	13.86	C	-		
1206	24	O	13.86	C	-		
1206	25	O	13.86	G	-		
1206	26	O	13.86	A	-		
1206	27	O	13.86	G	-		
1206	28	O	13.86	G	-		
1206	29	O	13.86	A	-		
1206	30	O	13.86	G	-		
1206	31	O	13.86	T	-		
1206	32	O	13.86	T	-		
1206	33	O	13.86	T	-		
1206	34	O	13.86	A	-		
1206	35	O	13.86	T	-		
1206	36	O	13.86	T	-		
1206	37	O	13.86	T	-		
1206	38	O	13.86	T	-		
1206	39	O	13.86	T	-		
1206	40	O	13.86	G	-		
1206	41	O	13.86	T	-		
1206	42	O	13.86	G	-		
1206	43	O	13.86	C	-		
1206	44	O	13.86	G	-		
1206	45	O	13.86	A	-		
1206	46	O	13.86	G	-		
1206	47	O	13.86	C	-		
1206	48	O	13.86	G	-		
1206	49	O	13.86	C	-		
1206	50	O	13.86	T	-		
1206	51	O	13.86	T	-		
1206	52	O	13.86	T	-		
1206	53	O	13.86	T	-		
1206	54	O	13.86	A	-		
1206	55	O	13.86	T	-		
1206	56	O	13.86	A	-		
1206	57	O	13.86	C	-		
1206	58	O	13.86	C	-		
1206	59	O	13.86	T	-		
1206	60	O	13.86	G	-		
1206	61	O	13.86	C	-		
1206	62	O	13.86	T	-		
1206	63	O	13.86	C	-		
1206	64	O	13.86	C	-		
1206	65	O	13.86	C	-		
1206	66	O	13.86	G	-		
1206	67	O	13.86	A	-		
1206	68	O	13.86	T	-		
1206	69	O	13.86	G	-		
1206	70	O	13.86	T	-		
1206	71	O	13.86	G	-		
1206	72	O	13.86	T	-		
1206	73	O	13.86	A	-		
1206	74	O	13.86	C	-		
1206	75	O	13.86	G	-		
1206	76	O	13.86	A	-		
1206	77	O	13.86	G	-		
1206	78	O	13.86	C	-		
1206	79	O	13.86	G	-		
1206	80	O	13.86	T	-		
1206	81	O	13.86	G	-		
1206	82	O	13.86	T	-		
1206	83	O	13.86	G	-		
1206	84	O	13.86	C	-		
1206	85	O	13.86	G	-		
1206	86	O	13.86	A	-		
1206	87	O	13.86	A	-		
1206	88	O	13.86	C	-		
1206	89	O	13.86	G	-		
1206	90	O	13.86	T	-		
1206	91	O	13.86	C	-		
1206	92	O	13.86	T	-		
1206	93	O	13.86	C	-		
1206	94	O	13.86	G	-		
1206	95	O	13.86	T	-		
1206	96	O	13.86	T	-		
1206	97	O	13.86	C	-		
1206	98	O	5.16	A	-		
1206	99	O	13.86	G	-		
1206	100	O	13.86	A	-		
1206	101	O	13.86	C	-		
1206	102	O	13.86	T	-		
1206	103	O	13.86	A	-		
1206	104	O	13.86	G	-		
1206	105	O	13.86	C	-		
1206	106	O	13.86	G	-		
1206	107	O	13.86	A	-		
1206	108	O	13.86	T	-		
1206	109	O	13.86	G	-		
1207	0	O	11.09	T	-		
1207	1	O	11.09	T	-		
1207	2	O	11.09	G	-		
1207	3	O	11.09	A	-		
1207	4	O	11.09	C	-		
1207	5	O	11.09	C	-		
1207	6	O	11.09	A	-		
1207	7	O	11.09	G	-		
1207	8	O	11.09	C	-		
1207	9	O	11.09	C	-		
1207	10	O	11.09	A	-		
1207	11	O	11.09	G	-		
1207	12	O	11.09	G	-		
1207	13	O	11.09	C	-		
1207	14	O	11.09	G	-		
1207	15	O	11.09	G	-		
1207	16	O	11.09	T	-		
1207	17	O	11.09	C	-		
1207	18	O	11.09	A	-		
1207	19	O	11.09	T	-		
1207	20	O	11.09	G	-		
1207	21	O	11.09	A	-		
1207	22	O	11.09	T	-		
1207	23	O	11.09	T	-		
1207	24	O	11.09	T	-		
1207	25	O	11.09	G	-		
1207	26	O	11.09	T	-		
1207	27	O	11.09	A	-		
1207	28	O	11.09	G	-		
1207	29	O	11.09	T	-		
1207	30	O	11.09	C	-		
1207	31	O	11.09	C	-		
1207	32	O	11.09	G	-		
1207	33	O	11.09	T	-		
1207	34	O	11.09	A	-		
1207	35	O	11.09	G	-		
1207	36	O	11.09	A	-		
1207	37	O	11.09	C	-		
1207	38	O	11.09	G	-		
1207	39	O	11.09	C	-		
1207	40	O	11.09	T	-		
1207	41	O	11.09	A	-		
1207	42	O	11.09	G	-		
1207	43	O	11.09	C	-		
1207	44	O	11.09	T	-		
1207	45	O	11.09	A	-		
1207	46	O	11.09	G	-		
1207	47	O	11.09	T	-		
1207	48	O	11.09	G	-		
1207	49	O	11.09	C	-		
1207	50	O	11.09	T	-		
1207	51	O	11.09	C	-		
1207	52	O	11.09	G	-		
1207	53	O	11.09	C	-		
1207	54	O	11.09	A	-		
1207	55	O	11.09	A	-		
1207	56	O	11.09	C	-		
1207	57	O	11.09	A	-		
1207	58	O	11.09	G	-		
1207	59	O	11.09	G	-		
1207	60	O	11.09	C	-		
1207	61	O	11.09	T	-		
1207	62	O	11.09	G	-		
1207	63	O	11.09	G	-		
1207	64	O	11.09	C	-		
1207	65	O	11.09	T	-		
1207	66	U	-2.30	G	A		
1207	67	O	11.09	G	-		
1207	68	O	11.09	T	-		
1207	69	O	11.09	C	-		
1207	70	O	11.09	T	-		
1207	71	O	11.09	A	-		
1207	72	O	11.09	T	-		
1207	73	O	11.09	C	-		
1207	74	O	11.09	C	-		
1207	75	O	11.09	G	-		
1207	76	O	11.09	C	-		
1207	77	O	11.09	T	-		
1207	78	O	11.09	C	-		
1207	79	O	11.09	G	-		
1207	80	O	11.09	G	-		
1207	81	O	11.09	C	-		
1207	82	O	11.09	G	-		
1207	83	O	11.09	A	-		
1207	84	O	11.09	G	-		
1207	85	O	11.09	C	-		
1207	86	O	11.09	G	-		
1207	87	O	11.09	C	-		
1207	88	O	11.09	T	-		
1207	89	O	11.09	G	-		
1207	90	O	11.09	G	-		
1207	91	O	11.09	C	-		
1207	92	O	11.09	C	-		
1207	93	O	11.09	A	-		
1207	94	O	11.09	G	-		
1207	95	O	11.09	C	-		
1207	96	O	11.09	T	-		
1207	97	O	11.09	C	-		
1207	98	O	11.09	A	-		
1207	99	O	11.09	T	-		
1207	100	O	11.09	C	-		
1207	101	O	11.09	C	-		
1207	102	O	11.09	T	-		
1207	103	O	11.09	T	-		
1207	104	O	11.09	C	-		
1207	105	O	11.09	C	-		
1207	106	O	11.09	A	-		
1207	107	O	11.09	G	-		
1207	108	O	11.09	G	-		
1207	109	O	11.09	C	-		
1208	0	O	6.93	G	-		
1208	1	O	6.93	A	-		
1208	2	O	6.93	A	-		
1208	3	O	6.93	A	-		
1208	4	O	6.93	A	-		
1208	5	O	6.93	G	-		
1208	6	O	6.93	T	-		
1208	7	O	6.93	G	-		
1208	8	O	6.93	C	-		
1208	9	O	6.93	A	-		
1208	10	O	6.93	G	-		
1208	11	O	6.93	T	-		
1208	12	O	6.93	G	-		
1208	13	O	6.93	G	-		
1208	14	O	6.93	G	-		
1208	15	O	6.93	C	-		
1208	16	O	6.93	A	-		
1208	17	O	6.93	C	-		
1208	18	O	6.93	A	-		
1208	19	O	6.93	C	-		
1208	20	O	6.93	T	-		
1208	21	O	6.93	C	-		
1208	22	O	6.93	C	-		
1208	23	O	6.93	A	-		
1208	24	O	6.93	G	-		
1208	25	O	6.93	T	-		
1208	26	O	6.93	C	-		
1208	27	O	6.93	G	-		
1208	28	O	6.93	T	-		
1208	29	O	6.93	T	-		
1208	30	O	6.93	G	-		
1208	31	O	6.93	C	-		
1208	32	O	6.93	T	-		
1208	33	O	6.93	G	-		
1208	34	O	6.93	G	-		
1208	35	O	6.93	T	-		
1208	36	O	6.93	G	-		
1208	37	O	6.93	C	-		
1208	38	O	6.93	A	-		
1208	39	O	6.93	C	-		
1208	40	O	6.93	A	-		
1208	41	O	6.93	A	-		
1208	42	O	6.93	A	-		
1208	43	O	6.93	G	-		
1208	44	O	6.93	A	-		
1208	45	O	6.93	G	-		
1208	46	O	6.93	A	-		
1208	47	O	6.93	A	-		
1208	48	O	6.93	C	-		
1208	49	O	6.93	A	-		
1208	50	O	6.93	G	-		
1208	51	O	6.93	G	-		
1208	52	O	6.93	C	-		
1208	53	O	6.93	A	-		
1208	54	O	6.93	G	-		
1208	55	O	6.93	G	-		
1208	56	O	6.93	G	-		
1208	57	O	6.93	A	-		
1208	58	O	6.93	G	-		
1208	59	O	6.93	T	-		
1208	60	O	6.93	C	-		
1208	61	O	6.93	C	-		
1208	62	O	6.93	A	-		
1208	63	O	6.93	G	-		
1208	64	O	6.93	C	-		
1208	65	O	6.93	A	-		
1208	66	O	6.93	T	-		
1208	67	O	6.93	C	-		
1208	68	O	6.93	C	-		
1208	69	O	6.93	T	-		
1208	70	O	6.93	T	-		
1208	71	O	6.93	T	-		
1208	72	O	6.93	G	-		
1208	73	O	6.93	G	-		
1208	74	O	6.93	G	-		
1208	75	O	6.93	T	-		
1208	76	O	6.93	G	-		
1208	77	O	6.93	A	-		
1208	78	O	6.93	T	-		
1208	79	O	6.93	C	-		
1208	80	O	6.93	G	-		
1208	81	O	6.93	A	-		
1208	82	O	6.93	G	-		
1208	83	O	6.93	T	-		
1208	84	O	6.93	G	-		
1208	85	O	6.93	C	-		
1208	86	O	6.93	T	-		
1208	87	O	6.93	C	-		
1208	88	O	6.93	C	-		
1208	89	O	6.93	T	-		
1208	90	O	6.93	G	-		
1208	91	O	6.93	G	-		
1208	92	O	6.93	C	-		
1208	93	O	6.93	T	-		
1208	94	O	6.93	C	-		
1208	95	O	6.93	G	-		
1208	96	O	6.93	T	-		
1208	97	O	6.93	A	-		
1208	98	O	6.93	A	-		
1208	99	O	6.93	G	-		
1208	100	O	6.93	C	-		
1208	101	O	6.93	T	-		
1208	102	O	6.93	C	-		
1208	103	O	6.93	G	-		
1208	104	O	6.93	C	-		
1208	105	O	6.93	T	-		
1208	106	O	6.93	T	-		
1208	107	O	6.93	C	-		
1208	108	O	6.93	A	-		
1208	109	O	6.93	G	-		
1209	0	O	9.70	G	-		
1209	1	O	9.70	C	-		
1209	2	O	9.70	T	-		
1209	3	O	9.70	G	-		
1209	4	O	9.70	G	-		
1209	5	O	9.70	T	-		
1209	6	O	9.70	G	-		
1209	7	O	9.70	T	-		
1209	8	O	9.70	A	-		
1209	9	O	9.70	G	-		
1209	10	O	9.70	C	-		
1209	11	O	9.70	T	-		
1209	12	O	9.70	G	-		
1209	13	O	9.70	T	-		
1209	14	O	9.70	G	-		
1209	15	O	9.70	C	-		
1209	16	O	9.70	C	-		
1209	17	O	9.70	C	-		
1209	18	O	9.70	G	-		
1209	19	O	9.70	A	-		
1209	20	O	9.70	G	-		
1209	21	O	9.70	G	-		
1209	22	O	9.70	C	-		
1209	23	O	9.70	A	-		
1209	24	O	9.70	T	-		
1209	25	O	9.70	G	-		
1209	26	O	9.70	C	-		
1209	27	O	9.70	C	-		
1209	28	O	9.70	T	-		
1209	29	O	9.70	T	-		
1209	30	O	9.70	C	-		
1209	31	O	9.70	T	-		
1209	32	O	9.70	G	-		
1209	33	O	9.70	G	-		
1209	34	O	9.70	T	-		
1209	35	O	9.70	T	-		
1209	36	O	9.70	G	-		
1209	37	O	9.70	T	-		
1209	38	O	9.70	C	-		
1209	39	O	9.70	A	-		
1209	40	O	9.70	C	-		
1209	41	O	9.70	C	-		
1209	42	O	9.70	C	-		
1209	43	O	9.70	C	-		
1209	44	O	9.70	A	-		
1209	45	O	9.70	G	-		
1209	46	O	9.70	G	-		
1209	47	O	9.70	T	-		
1209	48	O	9.70	C	-		
1209	49	O	9.70	A	-		
1209	50	O	9.70	T	-		
1209	51	O	9.70	C	-		
1209	52	O	9.70	A	-		
1209	53	O	9.70	C	-		
1209	54	O	9.70	G	-		
1209	55	O	9.70	C	-		
1209	56	O	9.70	G	-		
1209	57	O	9.70	G	-		
1209	58	O	9.70	C	-		
1209	59	O	9.70	T	-		
1209	60	O	9.70	C	-		
1209	61	O	9.70	T	-		
1209	62	O	9.70	G	-		
1209	63	O	9.70	C	-		
1209	64	O	9.70	G	-		
1209	65	O	9.70	T	-		
1209	66	O	9.70	G	-		
1209	67	O	9.70	T	-		
1209	68	O	9.70	G	-		
1209	69	O	9.70	C	-		
1209	70	O	9.70	A	-		
1209	71	O	9.70	G	-		
1209	72	O	9.70	G	-		
1209	73	O	9.70	C	-		
1209	74	O	9.70	G	-		
1209	75	O	9.70	C	-		
1209	76	O	9.70	T	-		
1209	77	O	9.70	T	-		
1209	78	O	9.70	G	-		
1209	79	O	9.70	T	-		
1209	80	O	9.70	A	-		
1209	81	O	9.70	G	-		
1209	82	O	9.70	A	-		
1209	83	O	9.70	G	-		
1209	84	O	9.70	T	-		
1209	85	O	9.70	T	-		
1209	86	O	9.70	T	-		
1209	87	O	9.70	C	-		
1209	88	O	9.70	T	-		
1209	89	O	9.70	G	-		
1209	90	O	9.70	C	-		
1209	91	O	9.70	C	-		
1209	92	O	9.70	A	-		
1209	93	O	9.70	T	-		
1209	94	O	9.70	C	-		
1209	95	O	9.70	G	-		
1209	96	O	9.70	C	-		
1209	97	U	1.77	T	C		
1209	98	O	9.70	T	-		
1209	99	O	9.70	G	-		
1209	100	O	9.70	C	-		
1209	101	O	9.70	C	-		
1209	102	O	9.70	A	-		
1209	103	O	9.70	T	-		
1209	104	O	9.70	C	-		
1209	105	O	9.70	G	-		
1209	106	O	9.70	T	-		
1209	107	O	9.70	T	-		
1209	108	O	9.70	C	-		
1209	109	O	9.70	T	-		
1210	0	O	5.55	T	-		
1210	1	O	5.55	A	-		
1210	2	O	5.55	C	-		
1210	3	O	5.55	A	-		
1210	4	O	5.55	A	-		
1210	5	O	5.55	G	-		
1210	6	O	5.55	C	-		
1210	7	O	5.55	C	-		
1210	8	O	5.55	G	-		
1210	9	O	5.55	G	-		
1210	10	O	5.55	T	-		
1210	11	O	5.55	G	-		
1210	12	O	5.55	T	-		
1210	13	O	5.55	G	-		
1210	14	O	5.55	C	-		
1210	15	O	5.55	A	-		
1210	16	O	5.55	G	-		
1210	17	O	5.55	A	-		
1210	18	O	5.55	T	-		
1210	19	O	5.55	T	-		
1210	20	O	5.55	A	-		
1210	21	O	5.55	T	-		
1210	22	O	5.55	A	-		
1210	23	O	5.55	A	-		
1210	24	O	5.55	G	-		
1210	25	O	5.55	G	-		
1210	26	O	5.55	G	-		
1210	27	O	5.55	A	-		
1210	28	O	5.55	T	-		
1210	29	O	5.55	A	-		
1210	30	O	5.55	A	-		
1210	31	O	5.55	A	-		
1210	32	O	5.55	C	-		
1210	33	O	5.55	A	-		
1210	34	O	5.55	A	-		
1210	35	O	5.55	G	-		
1210	36	O	5.55	A	-		
1210	37	O	5.55	T	-		
1210	38	O	5.55	A	-		
1210	39	O	5.55	T	-		
1210	40	O	5.55	A	-		
1210	41	O	5.55	A	-		
1210	42	O	5.55	T	-		
1210	43	O	5.55	A	-		
1210	44	O	5.55	G	-		
1210	45	O	5.55	A	-		
1210	46	O	5.55	G	-		
1210	47	O	5.55	G	-		
1210	48	O	5.55	G	-		
1210	49	O	5.55	T	-		
1210	50	O	5.55	C	-		
1210	51	O	5.55	A	-		
1210	52	O	5.55	G	-		
1210	53	O	5.55	C	-		
1210	54	O	5.55	C	-		
1210	55	O	5.55	T	-		
1210	56	O	5.55	C	-		
1210	57	O	5.55	A	-		
1210	58	O	5.55	C	-		
1210	59	O	5.55	C	-		
1210	60	O	5.55	G	-		
1210	61	O	5.55	T	-		
1210	62	O	5.55	G	-		
1210	63	O	5.55	C	-		
1210	64	O	5.55	A	-		
1210	65	O	5.55	A	-		
1210	66	O	5.55	A	-		
1210	67	O	5.55	G	-		
1210	68	O	5.55	A	-		
1210	69	O	5.55	T	-		
1210	70	O	5.55	G	-		
1210	71	O	5.55	C	-		
1210	72	O	5.55	A	-		
1210	73	O	5.55	A	-		
1210	74	O	5.55	G	-		
1210	75	O	5.55	T	-		
1210	76	O	5.55	G	-		
1210	77	O	5.55	T	-		
1210	78	O	5.55	C	-		
1210	79	O	5.55	T	-		
1210	80	O	5.55	G	-		
1210	81	O	5.55	A	-		
1210	82	O	5.55	G	-		
1210	83	O	5.55	C	-		
1210	84	O	5.55	T	-		
1210	85	O	5.55	A	-		
1210	86	O	5.55	G	-		
1210	87	O	5.55	A	-		
1210	88	O	5.55	T	-		
1210	89	O	5.55	C	-		
1210	90	O	5.55	C	-		
1210	91	O	5.55	G	-		
1210	92	O	5.55	G	-		
1210	93	O	5.55	A	-		
1210	94	O	5.55	A	-		
1210	95	O	5.55	T	-		
1210	96	O	5.55	C	-		
1210	97	O	5.55	C	-		
1210	98	O	5.55	G	-		
1210	99	O	5.55	A	-		
1210	100	O	5.55	A	-		
1210	101	O	5.55	A	-		
1210	102	O	5.55	C	-		
1210	103	O	5.55	C	-		
1210	104	O	5.55	C	-		
1210	105	O	5.55	A	-		
1210	106	O	5.55	A	-		
1210	107	O	5.55	A	-		
1210	108	O	5.55	A	-		
1210	109	O	5.55	T	-		
1211	0	O	8.32	G	-		
1211	1	O	8.32	G	-		
1211	2	O	8.32	T	-		
1211	3	O	8.32	A	-		
1211	4	O	8.32	G	-		
1211	5	O	8.32	G	-		
1211	6	O	8.32	C	-		
1211	7	O	8.32	G	-		
1211	8	O	8.32	A	-		
1211	9	O	8.32	C	-		
1211	10	O	8.32	G	-		
1211	11	O	8.32	G	-		
1211	12	O	8.32	G	-		
1211	13	O	8.32	A	-		
1211	14	O	8.32	A	-		
1211	15	O	8.32	G	-		
1211	16	O	8.32	C	-		
1211	17	O	8.32	A	-		
1211	18	O	8.32	T	-		
1211	19	O	8.32	C	-		
1211	20	O	8.32	G	-		
1211	21	O	8.32	T	-		
1211	22	O	8.32	A	-		
1211	23	O	8.32	C	-		
1211	24	O	8.32	A	-		
1211	25	O	8.32	T	-		
1211	26	O	8.32	A	-		
1211	27	O	8.32	T	-		
1211	28	O	8.32	T	-		
1211	29	O	8.32	G	-		
1211	30	O	8.32	C	-		
1211	31	O	8.32	G	-		
1211	32	O	8.32	A	-		
1211	33	O	8.32	C	-		
1211	34	O	8.32	G	-		
1211	35	O	8.32	A	-		
1211	36	O	8.32	C	-		
1211	37	O	8.32	A	-		
1211	38	O	8.32	A	-		
1211	39	O	8.32	T	-		
1211	40	O	8.32	C	-		
1211	41	O	8.32	C	-		
1211	42	O	8.32	C	-		
1211	43	O	8.32	G	-		
1211	44	O	8.32	G	-		
1211	45	O	8.32	C	-		
1211	46	O	8.32	G	-		
1211	47	O	8.32	T	-		
1211	48	O	8.32	C	-		
1211	49	O	8.32	T	-		
1211	50	O	8.32	C	-		
1211	51	O	8.32	A	-		
1211	52	O	8.32	C	-		
1211	53	O	8.32	T	-		
1211	54	O	8.32	G	-		
1211	55	O	8.32	A	-		
1211	56	O	8.32	T	-		
1211	57	O	8.32	C	-		
1211	58	O	8.32	T	-		
1211	59	O	8.32	G	-		
1211	60	O	8.32	C	-		
1211	61	O	8.32	G	-		
1211	62	O	8.32	A	-		
1211	63	O	8.32	T	-		
1211	64	O	8.32	G	-		
1211	65	O	8.32	G	-		
1211	66	O	8.32	A	-		
1211	67	O	8.32	A	-		
1211	68	O	8.32	G	-		
1211	69	O	8.32	A	-		
1211	70	O	8.32	G	-		
1211	71	O	8.32	C	-		
1211	72	O	8.32	T	-		
1211	73	O	8.32	G	-		
1211	74	O	8.32	T	-		
1211	75	O	8.32	G	-		
1211	76	O	8.32	C	-		
1211	77	O	8.32	G	-		
1211	78	O	8.32	T	-		
1211	79	O	8.32	C	-		
1211	80	O	8.32	G	-		
1211	81	O	8.32	C	-		
1211	82	O	8.32	A	-		
1211	83	O	8.32	A	-		
1211	84	O	8.32	A	-		
1211	85	O	8.32	C	-		
1211	86	O	8.32	C	-		
1211	87	O	8.32	C	-		
1211	88	O	8.32	T	-		
1211	89	O	8.32	G	-		
1211	90	O	8.32	C	-		
1211	91	O	8.32	A	-		
1211	92	O	8.32	A	-		
1211	93	O	8.32	C	-		
1211	94	O	8.32	T	-		
1211	95	O	8.32	T	-		
1211	96	O	8.32	T	-		
1211	97	O	8.32	A	-		
1211	98	O	8.32	C	-		
1211	99	O	8.32	G	-		
1211	100	O	8.32	C	-		
1211	101	O	8.32	G	-		
1211	102	O	8.32	C	-		
1211	103	O	8.32	C	-		
1211	104	O	8.32	A	-		
1211	105	O	8.32	G	-		
1211	106	O	8.32	T	-		
1211	107	O	8.32	G	-		
1211	108	O	8.32	C	-		
1211	109	O	8.32	G	-		
1212	0	O	5.55	G	-		
1212	1	O	5.55	G	-		
1212	2	O	5.55	C	-		
1212	3	O	5.55	G	-		
1212	4	O	5.55	T	-		
1212	5	O	5.55	G	-		
1212	6	O	5.55	C	-		
1212	7	O	5.55	G	-		
1212	8	O	5.55	G	-		
1212	9	O	5.55	C	-		
1212	10	O	5.55	T	-		
1212	11	O	5.55	G	-		
1212	12	O	5.55	G	-		
1212	13	O	5.55	C	-		
1212	14	O	5.55	T	-		
1212	15	O	5.55	C	-		
1212	16	O	5.55	G	-		
1212	17	O	5.55	A	-		
1212	18	O	5.55	C	-		
1212	19	O	5.55	C	-		
1212	20	O	5.55	G	-		
1212	21	O	5.55	G	-		
1212	22	O	5.55	G	-		
1212	23	O	5.55	G	-		
1212	24	O	5.55	G	-		
1212	25	O	5.55	A	-		
1212	26	O	5.55	G	-		
1212	27	O	5.55	C	-		
1212	28	O	5.55	T	-		
1212	29	O	5.55	G	-		
1212	30	O	5.55	C	-		
1212	31	O	5.55	A	-		
1212	32	O	5.55	G	-		
1212	33	O	5.55	G	-		
1212	34	O	5.55	A	-		
1212	35	O	5.55	G	-		
1212	36	O	5.55	C	-		
1212	37	O	5.55	A	-		
1212	38	O	5.55	G	-		
1212	39	O	5.55	C	-		
1212	40	O	5.55	A	-		
1212	41	O	5.55	G	-		
1212	42	O	5.55	A	-		
1212	43	O	5.55	A	-		
1212	44	O	5.55	G	-		
1212	45	O	5.55	G	-		
1212	46	O	5.55	C	-		
1212	47	O	5.55	G	-		
1212	48	O	5.55	A	-		
1212	49	O	5.55	T	-		
1212	50	O	5.55	G	-		
1212	51	O	5.55	G	-		
1212	52	O	5.55	T	-		
1212	53	O	5.55	G	-		
1212	54	O	5.55	C	-		
1212	55	O	5.55	C	-		
1212	56	O	5.55	G	-		
1212	57	O	5.55	T	-		
1212	58	O	5.55	G	-		
1212	59	O	5.55	A	-		
1212	60	O	5.55	T	-		
1212	61	O	5.55	T	-		
1212	62	O	5.55	C	-		
1212	63	O	5.55	G	-		
1212	64	O	5.55	T	-		
1212	65	O	5.55	G	-		
1212	66	O	5.55	C	-		
1212	67	O	5.55	C	-		
1212	68	O	5.55	G	-		
1212	69	O	5.55	C	-		
1212	70	O	5.55	A	-		
1212	71	O	5.55	C	-		
1212	72	O	5.55	C	-		
1212	73	O	5.55	G	-		
1212	74	O	5.55	C	-		
1212	75	O	5.55	G	-		
1212	76	O	5.55	G	-		
1212	77	O	5.55	A	-		
1212	78	O	5.55	A	-		
1212	79	O	5.55	C	-		
1212	80	O	5.55	T	-		
1212	81	O	5.55	G	-		
1212	82	O	5.55	C	-		
1212	83	O	5.55	A	-		
1212	84	O	5.55	C	-		
1212	85	O	5.55	G	-		
1212	86	O	5.55	T	-		
1212	87	O	5.55	T	-		
1212	88	O	5.55	A	-		
1212	89	O	5.55	C	-		
1212	90	O	5.55	C	-		
1212	91	O	5.55	A	-		
1212	92	O	5.55	T	-		
1212	93	O	5.55	T	-		
1212	94	O	5.55	A	-		
1212	95	O	5.55	G	-		
1212	96	O	5.55	C	-		
1212	97	O	5.55	T	-		
1212	98	O	5.55	C	-		
1212	99	O	5.55	C	-		
1212	100	O	5.55	A	-		
1212	101	O	5.55	G	-		
1212	102	O	5.55	G	-		
1212	103	O	5.55	G	-		
1212	104	O	5.55	C	-		
1212	105	O	5.55	C	-		
1212	106	O	5.55	G	-		
1212	107	O	5.55	C	-		
1212	108	O	5.55	T	-		
1212	109	O	5.55	G	-		
1213	0	O	6.93	T	-		
1213	1	O	6.93	G	-		
1213	2	O	6.93	C	-		
1213	3	O	6.93	C	-		
1213	4	O	6.93	A	-		
1213	5	O	6.93	T	-		
1213	6	O	6.93	T	-		
1213	7	O	6.93	G	-		
1213	8	O	6.93	A	-		
1213	9	O	6.93	T	-		
1213	10	O	6.93	C	-		
1213	11	O	6.93	C	-		
1213	12	O	6.93	G	-		
1213	13	O	6.93	T	-		
1213	14	O	6.93	C	-		
1213	15	O	6.93	C	-		
1213	16	O	6.93	G	-		
1213	17	O	6.93	A	-		
1213	18	O	6.93	C	-		
1213	19	O	6.93	T	-		
1213	20	O	6.93	T	-		
1213	21	O	6.93	C	-		
1213	22	O	6.93	C	-		
1213	23	O	6.93	C	-		
1213	24	O	6.93	A	-		
1213	25	O	6.93	A	-		
1213	26	O	6.93	G	-		
1213	27	O	6.93	T	-		
1213	28	O	6.93	G	-		
1213	29	O	6.93	G	-		
1213	30	O	6.93	C	-		
1213	31	O	6.93	G	-		
1213	32	O	6.93	A	-		
1213	33	O	6.93	A	-		
1213	34	O	6.93	G	-		
1213	35	O	6.93	A	-		
1213	36	O	6.93	G	-		
1213	37	O	6.93	A	-		
1213	38	O	6.93	A	-		
1213	39	O	6.93	C	-		
1213	40	O	6.93	T	-		
1213	41	O	6.93	G	-		
1213	42	O	6.93	C	-		
1213	43	O	6.93	C	-		
1213	44	O	6.93	T	-		
1213	45	O	6.93	T	-		
1213	46	O	6.93	G	-		
1213	47	O	6.93	C	-		
1213	48	O	6.93	C	-		
1213	49	O	6.93	G	-		
1213	50	O	6.93	G	-		
1213	51	O	6.93	T	-		
1213	52	O	6.93	C	-		
1213	53	O	6.93	T	-		
1213	54	O	6.93	C	-		
1213	55	O	6.93	A	-		
1213	56	O	6.93	G	-		
1213	57	O	6.93	C	-		
1213	58	O	6.93	T	-		
1213	59	O	6.93	T	-		
1213	60	O	6.93	C	-		
1213	61	O	6.93	G	-		
1213	62	O	6.93	T	-		
1213	63	O	6.93	A	-		
1213	64	O	6.93	T	-		
1213	65	O	6.93	T	-		
1213	66	O	6.93	C	-		
1213	67	O	6.93	A	-		
1213	68	O	6.93	C	-		
1213	69	O	6.93	A	-		
1213	70	O	6.93	G	-		
1213	71	O	6.93	G	-		
1213	72	O	6.93	C	-		
1213	73	O	6.93	C	-		
1213	74	O	6.93	A	-		
1213	75	O	6.93	G	-		
1213	76	O	6.93	C	-		
1213	77	O	6.93	T	-		
1213	78	O	6.93	A	-		
1213	79	O	6.93	T	-		
1213	80	O	6.93	C	-		
1213	81	O	6.93	G	-		
1213	82	O	6.93	A	-		
1213	83	O	6.93	C	-		
1213	84	O	6.93	T	-		
1213	85	O	6.93	T	-		
1213	86	O	6.93	T	-		
1213	87	O	6.93	G	-		
1213	88	O	6.93	G	-		
1213	89	O	6.93	G	-		
1213	90	O	6.93	T	-		
1213	91	O	6.93	C	-		
1213	92	O	6.93	G	-		
1213	93	O	6.93	C	-		
1213	94	O	6.93	G	-		
1213	95	O	6.93	A	-		
1213	96	O	6.93	T	-		
1213	97	O	6.93	T	-		
1213	98	O	6.93	C	-		
1213	99	O	6.93	C	-		
1213	100	O	6.93	G	-		
1213	101	O	6.93	G	-		
1213	102	O	6.93	A	-		
1213	103	O	6.93	T	-		
1213	104	O	6.93	C	-		
1213	105	O	6.93	G	-		
1213	106	O	6.93	G	-		
1213	107	O	6.93	C	-		
1213	108	O	6.93	T	-		
1213	109	O	6.93	T	-		
1214	0	O	23.57	C	-		
1214	1	O	23.57	G	-		
1214	2	O	23.57	C	-		
1214	3	O	23.57	T	-		
1214	4	O	23.57	C	-		
1214	5	O	23.57	G	-		
1214	6	O	23.57	T	-		
1214	7	O	23.57	G	-		
1214	8	O	23.57	C	-		
1214	9	O	23.57	A	-		
1214	10	O	23.57	A	-		
1214	11	O	23.57	A	-		
1214	12	O	23.57	C	-		
1214	13	O	23.57	A	-		
1214	14	O	23.57	G	-		
1214	15	O	23.57	C	-		
1214	16	O	23.57	A	-		
1214	17	O	23.57	G	-		
1214	18	O	23.57	A	-		
1214	19	O	23.57	C	-		
1214	20	O	23.57	G	-		
1214	21	O	23.57	G	-		
1214	22	O	23.57	C	-		
1214	23	O	23.57	C	-		
1214	24	O	23.57	G	-		
1214	25	O	23.57	G	-		
1214	26	O	23.57	C	-		
1214	27	O	23.57	C	-		
1214	28	O	23.57	A	-		
1214	29	O	23.57	G	-		
1214	30	O	23.57	A	-		
1214	31	O	23.57	C	-		
1214	32	O	23.57	T	-		
1214	33	O	23.57	G	-		
1214	34	O	23.57	T	-		
1214	35	O	23.57	T	-		
1214	36	O	23.57	G	-		
1214	37	O	23.57	T	-		
1214	38	O	23.57	G	-		
1214	39	O	23.57	C	-		
1214	40	O	23.57	T	-		
1214	41	O	23.57	C	-		
1214	42	O	23.57	G	-		
1214	43	O	23.57	A	-		
1214	44	O	23.57	T	-		
1214	45	O	23.57	T	-		
1214	46	O	23.57	G	-		
1214	47	O	23.57	C	-		
1214	48	O	23.57	G	-		
1214	49	O	23.57	C	-		
1214	50	O	23.57	A	-		
1214	51	O	23.57	G	-		
1214	52	O	23.57	A	-		
1214	53	O	23.57	C	-		
1214	54	O	23.57	A	-		
1214	55	O	23.57	A	-		
1214	56	O	23.57	A	-		
1214	57	O	23.57	C	-		
1214	58	O	23.57	A	-		
1214	59	O	23.57	G	-		
1214	60	O	23.57	G	-		
1214	61	O	23.57	C	-		
1214	62	O	23.57	T	-		
1214	63	O	23.57	G	-		
1214	64	O	23.57	C	-		
1214	65	O	23.57	C	-		
1214	66	O	23.57	T	-		
1214	67	O	23.57	G	-		
1214	68	O	23.57	G	-		
1214	69	O	23.57	A	-		
1214	70	O	23.57	T	-		
1214	71	O	23.57	C	-		
1214	72	O	23.57	C	-		
1214	73	O	23.57	T	-		
1214	74	O	23.57	G	-		
1214	75	O	23.57	C	-		
1214	76	O	23.57	G	-		
1214	77	O	23.57	G	-		
1214	78	O	23.57	A	-		
1214	79	O	23.57	G	-		
1214	80	O	13.76	A	-		
1214	81	O	23.57	C	-		
1214	82	O	23.57	C	-		
1214	83	O	23.57	T	-		
1214	84	O	23.57	C	-		
1214	85	O	23.57	T	-		
1214	86	O	23.57	C	-		
1214	87	O	23.57	A	-		
1214	88	O	23.57	G	-		
1214	89	O	23.57	A	-		
1214	90	O	23.57	G	-		
1214	91	O	23.57	C	-		
1214	92	O	23.57	A	-		
1214	93	O	23.57	G	-		
1214	94	O	23.57	C	-		
1214	95	O	23.57	C	-		
1214	96	O	23.57	A	-		
1214	97	O	23.57	G	-		
1214	98	O	23.57	G	-		
1214	99	O	23.57	T	-		
1214	100	O	23.57	G	-		
1214	101	O	23.57	G	-		
1214	102	O	23.57	G	-		
1214	103	O	23.57	C	-		
1214	104	O	23.57	G	-		
1214	105	O	23.57	C	-		
1214	106	O	23.57	G	-		
1214	107	O	23.57	C	-		
1214	108	O	23.57	A	-		
1214	109	O	23.57	A	-		
1215	0	O	6.93	A	-		
1215	1	O	6.93	A	-		
1215	2	O	6.93	C	-		
1215	3	O	6.93	G	-		
1215	4	O	6.93	G	-		
1215	5	O	6.93	A	-		
1215	6	O	6.93	C	-		
1215	7	O	6.93	T	-		
1215	8	O	6.93	T	-		
1215	9	O	6.93	C	-		
1215	10	O	6.93	C	-		
1215	11	O	6.93	A	-		
1215	12	O	6.93	A	-		
1215	13	O	6.93	G	-		
1215	14	O	6.93	G	-		
1215	15	O	6.93	T	-		
1215	16	O	6.93	T	-		
1215	17	O	6.93	C	-		
1215	18	O	6.93	C	-		
1215	19	O	6.93	C	-		
1215	20	O	6.93	A	-		
1215	21	O	6.93	A	-		
1215	22	O	6.93	C	-		
1215	23	O	6.93	C	-		
1215	24	O	6.93	A	-		
1215	25	O	6.93	A	-		
1215	26	O	6.93	G	-		
1215	27	O	6.93	A	-		
1215	28	O	6.93	C	-		
1215	29	O	6.93	G	-		
1215	30	O	6.93	A	-		
1215	31	O	6.93	A	-		
1215	32	O	6.93	T	-		
1215	33	O	6.93	T	-		
1215	34	O	6.93	C	-		
1215	35	O	6.93	A	-		
1215	36	O	6.93	G	-		
1215	37	O	6.93	G	-		
1215	38	O	6.93	A	-		
1215	39	O	6.93	T	-		
1215	40	O	6.93	T	-		
1215	41	O	6.93	C	-		
1215	42	O	6.93	C	-		
1215	43	O	6.93	T	-		
1215	44	O	6.93	T	-		
1215	45	O	6.93	G	-		
1215	46	O	6.93	T	-		
1215	47	O	6.93	T	-		
1215	48	O	6.93	T	-		
1215	49	O	6.93	G	-		
1215	50	O	6.93	A	-		
1215	51	O	6.93	C	-		
1215	52	O	6.93	T	-		
1215	53	O	6.93	C	-		
1215	54	O	6.93	G	-		
1215	55	O	6.93	C	-		
1215	56	O	6.93	T	-		
1215	57	O	6.93	T	-		
1215	58	O	6.93	G	-		
1215	59	O	6.93	A	-		
1215	60	O	6.93	T	-		
1215	61	O	6.93	G	-		
1215	62	O	6.93	G	-		
1215	63	O	6.93	A	-		
1215	64	O	6.93	G	-		
1215	65	O	6.93	G	-		
1215	66	O	6.93	A	-		
1215	67	O	6.93	T	-		
1215	68	O	6.93	T	-		
1215	69	O	6.93	A	-		
1215	70	O	6.93	T	-		
1215	71	O	6.93	C	-		
1215	72	O	6.93	G	-		
1215	73	O	6.93	A	-		
1215	74	O	6.93	T	-		
1215	75	O	6.93	T	-		
1215	76	O	6.93	G	-		
1215	77	O	6.93	T	-		
1215	78	O	6.93	C	-		
1215	79	O	6.93	G	-		
1215	80	O	6.93	A	-		
1215	81	O	6.93	G	-		
1215	82	O	6.93	T	-		
1215	83	O	6.93	C	-		
1215	84	O	6.93	G	-		
1215	85	O	6.93	T	-		
1215	86	O	6.93	G	-		
1215	87	O	6.93	T	-		
1215	88	O	6.93	C	-		
1215	89	O	6.93	G	-		
1215	90	O	6.93	T	-		
1215	91	O	6.93	G	-		
1215	92	O	6.93	T	-		
1215	93	O	6.93	C	-		
1215	94	O	6.93	G	-		
1215	95	O	6.93	A	-		
1215	96	O	6.93	C	-		
1215	97	O	6.93	A	-		
1215	98	O	6.93	G	-		
1215	99	O	6.93	A	-		
1215	100	O	6.93	T	-		
1215	101	O	6.93	G	-		
1215	102	O	6.93	A	-		
1215	103	O	6.93	T	-		
1215	104	O	6.93	C	-		
1215	105	O	6.93	T	-		
1215	106	O	6.93	C	-		
1215	107	O	6.93	C	-		
1215	108	O	6.93	G	-		
1215	109	O	6.93	C	-		
1216	0	O	19.41	T	-		
1216	1	O	19.41	G	-		
1216	2	O	19.41	A	-		
1216	3	O	19.41	A	-		
1216	4	O	19.41	C	-		
1216	5	O	19.41	T	-		
1216	6	O	19.41	G	-		
1216	7	O	19.41	T	-		
1216	8	O	19.41	T	-		
1216	9	O	19.41	C	-		
1216	10	O	19.41	A	-		
1216	11	O	19.41	T	-		
1216	12	O	19.41	A	-		
1216	13	O	19.41	T	-		
1216	14	O	19.41	C	-		
1216	15	O	19.41	A	-		
1216	16	O	19.41	C	-		
1216	17	O	19.41	C	-		
1216	18	O	19.41	C	-		
1216	19	O	19.41	A	-		
1216	20	O	19.41	T	-		
1216	21	O	19.41	G	-		
1216	22	O	19.41	G	-		
1216	23	O	19.41	T	-		
1216	24	O	19.41	T	-		
1216	25	O	19.41	A	-		
1216	26	O	19.41	T	-		
1216	27	O	19.41	G	-		
1216	28	O	19.41	G	-		
1216	29	O	19.41	C	-		
1216	30	O	19.41	C	-		
1216	31	O	19.41	A	-		
1216	32	O	19.41	G	-		
1216	33	O	19.41	T	-		
1216	34	O	19.41	G	-		
1216	35	O	19.41	A	-		
1216	36	O	19.41	G	-		
1216	37	O	19.41	C	-		
1216	38	O	19.41	G	-		
1216	39	O	19.41	A	-		
1216	40	O	19.41	C	-		
1216	41	O	19.41	T	-		
1216	42	O	19.41	G	-		
1216	43	O	19.41	T	-		
1216	44	O	19.41	T	-		
1216	45	O	19.41	G	-		
1216	46	O	19.41	G	-		
1216	47	O	19.41	A	-		
1216	48	O	19.41	T	-		
1216	49	O	19.41	T	-		
1216	50	O	19.41	G	-		
1216	51	O	19.41	T	-		
1216	52	O	19.41	A	-		
1216	53	O	19.41	A	-		
1216	54	O	19.41	T	-		
1216	55	O	19.41	T	-		
1216	56	O	19.41	G	-		
1216	57	O	19.41	G	-		
1216	58	O	19.41	T	-		
1216	59	O	19.41	T	-		
1216	60	O	19.41	G	-		
1216	61	O	19.41	G	-		
1216	62	O	19.41	A	-		
1216	63	O	19.41	T	-		
1216	64	O	19.41	G	-		
1216	65	O	19.41	G	-		
1216	66	O	19.41	C	-		
1216	67	O	19.41	A	-		
1216	68	O	19.41	T	-		
1216	69	O	19.41	G	-		
1216	70	O	19.41	T	-		
1216	71	O	19.41	T	-		
1216	72	O	19.41	G	-		
1216	73	O	19.41	T	-		
1216	74	O	19.41	T	-		
1216	75	O	19.41	G	-		
1216	76	O	19.41	G	-		
1216	77	O	19.41	A	-		
1216	78	O	19.41	T	-		
1216	79	O	19.41	T	-		
1216	80	O	19.41	G	-		
1216	81	O	19.41	G	-		
1216	82	O	19.41	A	-		
1216	83	O	19.41	C	-		
1216	84	O	19.41	G	-		
1216	85	O	19.41	A	-		
1216	86	O	19.41	G	-		
1216	87	O	19.41	T	-		
1216	88	O	19.41	T	-		
1216	89	O	19.41	G	-		
1216	90	O	19.41	G	-		
1216	91	O	19.41	A	-		
1216	92	O	19.41	G	-		
1216	93	O	19.41	A	-		
1216	94	O	19.41	A	-		
1216	95	O	19.41	C	-		
1216	96	O	19.41	C	-		
1216	97	O	19.41	T	-		
1216	98	O	19.41	G	-		
1216	99	O	19.41	G	-		
1216	100	O	19.41	G	-		
1216	101	O	19.41	A	-		
1216	102	O	19.41	T	-		
1216	103	O	19.41	G	-		
1216	104	O	19.41	C	-		
1216	105	O	19.41	A	-		
1216	106	O	19.41	A	-		
1216	107	O	19.41	T	-		
1216	108	O	19.41	T	-		
1216	109	O	19.41	C	-		
1217	0	O	6.93	T	-		
1217	1	O	6.93	G	-		
1217	2	O	6.93	T	-		
1217	3	O	6.93	T	-		
1217	4	O	6.93	C	-		
1217	5	O	6.93	A	-		
1217	6	O	6.93	T	-		
1217	7	O	6.93	G	-		
1217	8	O	6.93	T	-		
1217	9	O	6.93	A	-		
1217	10	O	6.93	C	-		
1217	11	O	6.93	A	-		
1217	12	O	6.93	G	-		
1217	13	O	6.93	T	-		
1217	14	O	6.93	G	-		
1217	15	O	6.93	T	-		
1217	16	O	6.93	C	-		
1217	17	O	6.93	T	-		
1217	18	O	6.93	A	-		
1217	19	O	6.93	T	-		
1217	20	O	6.93	C	-		
1217	21	O	6.93	T	-		
1217	22	O	6.93	G	-		
1217	23	O	6.93	T	-		
1217	24	O	6.93	G	-		
1217	25	O	6.93	T	-		
1217	26	O	6.93	A	-		
1217	27	O	6.93	T	-		
1217	28	O	6.93	T	-		
1217	29	O	6.93	T	-		
1217	30	O	6.93	T	-		
1217	31	O	6.93	C	-		
1217	32	O	6.93	T	-		
1217	33	O	6.93	T	-		
1217	34	O	6.93	G	-		
1217	35	O	6.93	G	-		
1217	36	O	6.93	A	-		
1217	37	O	6.93	C	-		
1217	38	O	6.93	T	-		
1217	39	O	6.93	C	-		
1217	40	O	6.93	T	-		
1217	41	O	6.93	A	-		
1217	42	O	6.93	T	-		
1217	43	O	6.93	T	-		
1217	44	O	6.93	C	-		
1217	45	O	6.93	T	-		
1217	46	O	6.93	T	-		
1217	47	O	6.93	C	-		
1217	48	O	6.93	C	-		
1217	49	O	6.93	C	-		
1217	50	O	6.93	C	-		
1217	51	O	6.93	A	-		
1217	52	O	6.93	A	-		
1217	53	O	6.93	G	-		
1217	54	O	6.93	G	-		
1217	55	O	6.93	C	-		
1217	56	O	6.93	T	-		
1217	57	O	6.93	G	-		
1217	58	O	6.93	A	-		
1217	59	O	6.93	C	-		
1217	60	O	6.93	T	-		
1217	61	O	6.93	G	-		
1217	62	O	6.93	A	-		
1217	63	O	6.93	G	-		
1217	64	O	6.93	T	-		
1217	65	O	6.93	A	-		
1217	66	O	6.93	G	-		
1217	67	O	6.93	A	-		
1217	68	O	6.93	C	-		
1217	69	O	6.93	C	-		
1217	70	O	6.93	C	-		
1217	71	O	6.93	A	-		
1217	72	O	6.93	G	-		
1217	73	O	6.93	T	-		
1217	74	O	6.93	T	-		
1217	75	O	6.93	T	-		
1217	76	O	6.93	A	-		
1217	77	O	6.93	C	-		
1217	78	O	6.93	G	-		
1217	79	O	6.93	T	-		
1217	80	O	6.93	T	-		
1217	81	O	6.93	G	-		
1217	82	O	6.93	A	-		
1217	83	O	6.93	T	-		
1217	84	O	6.93	T	-		
1217	85	O	6.93	T	-		
1217	86	O	6.93	T	-		
1217	87	O	6.93	G	-		
1217	88	O	6.93	G	-		
1217	89	O	6.93	T	-		
1217	90	O	6.93	C	-		
1217	91	O	6.93	C	-		
1217	92	O	6.93	A	-		
1217	93	O	6.93	T	-		
1217	94	O	6.93	T	-		
1217	95	O	6.93	G	-		
1217	96	O	6.93	T	-		
1217	97	O	6.93	T	-		
1217	98	O	6.93	A	-		
1217	99	O	6.93	A	-		
1217	100	O	6.93	C	-		
1217	101	O	6.93	G	-		
1217	102	O	6.93	T	-		
1217	103	O	6.93	G	-		
1217	104	O	6.93	G	-		
1217	105	O	6.93	T	-		
1217	106	O	6.93	A	-		
1217	107	O	6.93	G	-		
1217	108	O	6.93	A	-		
1217	109	O	6.93	C	-		
1218	0	O	9.70	C	-		
1218	1	O	9.70	G	-		
1218	2	O	9.70	T	-		
1218	3	O	9.70	T	-		
1218	4	O	9.70	G	-		
1218	5	O	9.70	C	-		
1218	6	O	9.70	A	-		
1218	7	O	9.70	G	-		
1218	8	O	9.70	C	-		
1218	9	O	9.70	G	-		
1218	10	O	9.70	G	-		
1218	11	O	9.70	C	-		
1218	12	O	9.70	G	-		
1218	13	O	9.70	C	-		
1218	14	O	9.70	C	-		
1218	15	O	9.70	A	-		
1218	16	O	9.70	T	-		
1218	17	O	9.70	A	-		
1218	18	O	9.70	C	-		
1218	19	O	9.70	G	-		
1218	20	O	9.70	A	-		
1218	21	O	9.70	T	-		
1218	22	O	9.70	C	-		
1218	23	O	9.70	T	-		
1218	24	O	9.70	G	-		
1218	25	O	9.70	A	-		
1218	26	O	9.70	A	-		
1218	27	O	9.70	G	-		
1218	28	O	9.70	C	-		
1218	29	O	9.70	G	-		
1218	30	O	9.70	C	-		
1218	31	O	9.70	C	-		
1218	32	O	9.70	C	-		
1218	33	O	9.70	C	-		
1218	34	O	9.70	G	-		
1218	35	O	9.70	T	-		
1218	36	O	9.70	T	-		
1218	37	O	9.70	C	-		
1218	38	O	9.70	T	-		
1218	39	O	9.70	T	-		
1218	40	O	9.70	G	-		
1218	41	O	9.70	G	-		
1218	42	O	9.70	C	-		
1218	43	O	9.70	G	-		
1218	44	O	9.70	A	-		
1218	45	O	9.70	G	-		
1218	46	O	9.70	A	-		
1218	47	O	9.70	C	-		
1218	48	O	9.70	A	-		
1218	49	O	9.70	A	-		
1218	50	O	9.70	T	-		
1218	51	O	9.70	G	-		
1218	52	O	9.70	A	-		
1218	53	O	9.70	T	-		
1218	54	O	9.70	T	-		
1218	55	O	9.70	T	-		
1218	56	O	9.70	G	-		
1218	57	O	9.70	A	-		
1218	58	O	9.70	C	-		
1218	59	O	9.70	T	-		
1218	60	O	9.70	G	-		
1218	61	O	9.70	G	-		
1218	62	O	9.70	T	-		
1218	63	O	9.70	G	-		
1218	64	O	9.70	A	-		
1218	65	O	9.70	A	-		
1218	66	O	9.70	A	-		
1218	67	O	9.70	G	-		
1218	68	O	9.70	T	-		
1218	69	O	9.70	T	-		
1218	70	O	9.70	T	-		
1218	71	O	9.70	T	-		
1218	72	O	9.70	T	-		
1218	73	O	9.70	A	-		
1218	74	O	9.70	T	-		
1218	75	O	9.70	C	-		
1218	76	O	9.70	A	-		
1218	77	O	9.70	G	-		
1218	78	O	9.70	A	-		
1218	79	O	9.70	C	-		
1218	80	O	9.70	A	-		
1218	81	O	9.70	T	-		
1218	82	O	9.70	G	-		
1218	83	O	9.70	G	-		
1218	84	O	9.70	C	-		
1218	85	O	9.70	G	-		
1218	86	O	9.70	C	-		
1218	87	O	9.70	T	-		
1218	88	O	9.70	T	-		
1218	89	O	9.70	A	-		
1218	90	O	9.70	A	-		
1218	91	O	9.70	T	-		
1218	92	O	9.70	C	-		
1218	93	O	9.70	A	-		
1218	94	O	9.70	C	-		
1218	95	O	9.70	C	-		
1218	96	O	9.70	T	-		
1218	97	O	9.70	T	-		
1218	98	O	9.70	T	-		
1218	99	O	9.70	G	-		
1218	100	O	9.70	C	-		
1218	101	O	9.70	T	-		
1218	102	O	9.70	A	-		
1218	103	O	9.70	G	-		
1218	104	O	9.70	A	-		
1218	105	O	9.70	C	-		
1218	106	O	9.70	G	-		
1218	107	O	9.70	T	-		
1218	108	O	9.70	G	-		
1218	109	O	9.70	T	-		
1219	0	O	12.48	T	-		
1219	1	O	12.48	C	-		
1219	2	O	12.48	T	-		
1219	3	O	12.48	G	-		
1219	4	O	12.48	G	-		
1219	5	O	12.48	G	-		
1219	6	O	12.48	T	-		
1219	7	O	12.48	C	-		
1219	8	O	12.48	T	-		
1219	9	O	12.48	G	-		
1219	10	O	12.48	G	-		
1219	11	O	12.48	C	-		
1219	12	O	12.48	G	-		
1219	13	O	12.48	C	-		
1219	14	O	12.48	A	-		
1219	15	O	12.48	G	-		
1219	16	O	12.48	T	-		
1219	17	O	12.48	T	-		
1219	18	O	12.48	T	-		
1219	19	O	12.48	C	-		
1219	20	O	12.48	T	-		
1219	21	O	12.48	T	-		
1219	22	O	12.48	G	-		
1219	23	O	12.48	T	-		
1219	24	O	12.48	A	-		
1219	25	O	12.48	C	-		
1219	26	O	12.48	A	-		
1219	27	O	12.48	G	-		
1219	28	O	12.48	C	-		
1219	29	O	12.48	A	-		
1219	30	O	12.48	T	-		
1219	31	O	12.48	G	-		
1219	32	O	12.48	T	-		
1219	33	O	12.48	C	-		
1219	34	O	12.48	G	-		
1219	35	O	12.48	C	-		
1219	36	O	12.48	C	-		
1219	37	O	12.48	G	-		
1219	38	O	12.48	T	-		
1219	39	O	12.48	C	-		
1219	40	O	12.48	G	-		
1219	41	O	12.48	A	-		
1219	42	O	12.48	G	-		
1219	43	O	12.48	T	-		
1219	44	O	12.48	T	-		
1219	45	O	12.48	C	-		
1219	46	O	12.48	T	-		
1219	47	O	12.48	C	-		
1219	48	O	12.48	T	-		
1219	49	O	12.48	T	-		
1219	50	O	12.48	T	-		
1219	51	O	12.48	T	-		
1219	52	O	12.48	C	-		
1219	53	O	12.48	A	-		
1219	54	O	12.48	G	-		
1219	55	O	12.48	G	-		
1219	56	O	12.48	C	-		
1219	57	O	12.48	G	-		
1219	58	O	12.48	C	-		
1219	59	O	12.48	C	-		
1219	60	O	12.48	G	-		
1219	61	O	12.48	C	-		
1219	62	O	12.48	G	-		
1219	63	O	12.48	C	-		
1219	64	O	12.48	T	-		
1219	65	O	12.48	G	-		
1219	66	O	12.48	A	-		
1219	67	O	12.48	A	-		
1219	68	O	12.48	T	-		
1219	69	O	12.48	C	-		
1219	70	O	12.48	A	-		
1219	71	O	12.48	G	-		
1219	72	O	12.48	C	-		
1219	73	O	12.48	A	-		
1219	74	O	12.48	C	-		
1219	75	O	12.48	G	-		
1219	76	O	12.48	C	-		
1219	77	O	12.48	T	-		
1219	78	O	12.48	C	-		
1219	79	O	12.48	T	-		
1219	80	O	12.48	T	-		
1219	81	O	12.48	C	-		
1219	82	O	12.48	G	-		
1219	83	O	12.48	A	-		
1219	84	O	12.48	G	-		
1219	85	O	12.48	G	-		
1219	86	O	12.48	A	-		
1219	87	O	12.48	C	-		
1219	88	O	12.48	C	-		
1219	89	O	12.48	G	-		
1219	90	O	12.48	C	-		
1219	91	O	12.48	G	-		
1219	92	O	12.48	C	-		
1219	93	O	12.48	T	-		
1219	94	O	12.48	C	-		
1219	95	O	12.48	G	-		
1219	96	O	12.48	C	-		
1219	97	O	12.48	G	-		
1219	98	O	12.48	C	-		
1219	99	O	12.48	G	-		
1219	100	O	12.48	C	-		
1219	101	O	12.48	T	-		
1219	102	O	12.48	C	-		
1219	103	O	12.48	T	-		
1219	104	O	12.48	G	-		
1219	105	O	12.48	C	-		
1219	106	O	12.48	C	-		
1219	107	O	12.48	G	-		
1219	108	O	12.48	C	-		
1219	109	O	12.48	A	-		
1220	0	O	8.32	T	-		
1220	1	O	8.32	T	-		
1220	2	O	8.32	G	-		
1220	3	O	8.32	T	-		
1220	4	O	8.32	C	-		
1220	5	O	8.32	G	-		
1220	6	O	8.32	A	-		
1220	7	O	8.32	A	-		
1220	8	O	8.32	G	-		
1220	9	O	8.32	T	-		
1220	10	O	8.32	C	-		
1220	11	O	8.32	C	-		
1220	12	O	8.32	C	-		
1220	13	O	8.32	G	-		
1220	14	O	8.32	C	-		
1220	15	O	8.32	G	-		
1220	16	O	8.32	T	-		
1220	17	O	8.32	T	-		
1220	18	O	8.32	T	-		
1220	19	O	8.32	C	-		
1220	20	O	8.32	C	-		
1220	21	O	8.32	A	-		
1220	22	O	8.32	A	-		
1220	23	O	8.32	C	-		
1220	24	O	8.32	A	-		
1220	25	O	8.32	C	-		
1220	26	O	8.32	C	-		
1220	27	O	8.32	A	-		
1220	28	O	8.32	A	-		
1220	29	O	8.32	A	-		
1220	30	O	8.32	T	-		
1220	31	O	8.32	C	-		
1220	32	O	8.32	C	-		
1220	33	O	8.32	C	-		
1220	34	O	8.32	A	-		
1220	35	O	8.32	T	-		
1220	36	O	8.32	G	-		
1220	37	O	8.32	C	-		
1220	38	O	8.32	C	-		
1220	39	O	8.32	A	-		
1220	40	O	8.32	G	-		
1220	41	O	8.32	T	-		
1220	42	O	8.32	T	-		
1220	43	O	8.32	G	-		
1220	44	O	8.32	G	-		
1220	45	O	8.32	A	-		
1220	46	O	8.32	A	-		
1220	47	O	8.32	T	-		
1220	48	O	8.32	G	-		
1220	49	O	8.32	C	-		
1220	50	O	8.32	A	-		
1220	51	O	8.32	T	-		
1220	52	O	8.32	G	-		
1220	53	O	8.32	A	-		
1220	54	O	8.32	T	-		
1220	55	O	8.32	G	-		
1220	56	O	8.32	A	-		
1220	57	O	8.32	A	-		
1220	58	O	8.32	T	-		
1220	59	O	8.32	G	-		
1220	60	O	8.32	A	-		
1220	61	O	8.32	T	-		
1220	62	O	8.32	G	-		
1220	63	O	8.32	A	-		
1220	64	O	8.32	C	-		
1220	65	O	8.32	C	-		
1220	66	O	8.32	A	-		
1220	67	O	8.32	T	-		
1220	68	O	8.32	G	-		
1220	69	O	8.32	C	-		
1220	70	O	8.32	C	-		
1220	71	O	8.32	T	-		
1220	72	O	8.32	T	-		
1220	73	O	8.32	C	-		
1220	74	O	8.32	C	-		
1220	75	O	8.32	G	-		
1220	76	O	8.32	C	-		
1220	77	O	8.32	A	-		
1220	78	O	8.32	A	-		
1220	79	O	8.32	T	-		
1220	80	O	8.32	G	-		
1220	81	O	8.32	C	-		
1220	82	O	8.32	T	-		
1220	83	O	8.32	C	-		
1220	84	O	8.32	A	-		
1220	85	O	8.32	A	-		
1220	86	O	8.32	C	-		
1220	87	O	8.32	A	-		
1220	88	O	8.32	C	-		
1220	89	O	8.32	C	-		
1220	90	O	8.32	T	-		
1220	91	O	8.32	G	-		
1220	92	O	8.32	A	-		
1220	93	O	8.32	T	-		
1220	94	O	8.32	C	-		
1220	95	O	8.32	C	-		
1220	96	O	8.32	A	-		
1220	97	O	8.32	G	-		
1220	98	O	8.32	T	-		
1220	99	O	8.32	T	-		
1220	100	O	8.32	T	-		
1220	101	O	8.32	C	-		
1220	102	O	8.32	T	-		
1220	103	O	8.32	G	-		
1220	104	O	8.32	A	-		
1220	105	O	8.32	G	-		
1220	106	O	8.32	A	-		
1220	107	O	8.32	T	-		
1220	108	O	8.32	T	-		
1220	109	O	8.32	T	-		
1221	0	O	15.25	T	-		
1221	1	O	15.25	C	-		
1221	2	O	15.25	C	-		
1221	3	O	15.25	C	-		
1221	4	O	15.25	G	-		
1221	5	O	15.25	A	-		
1221	6	O	15.25	A	-		
1221	7	O	15.25	A	-		
1221	8	O	15.25	C	-		
1221	9	O	15.25	G	-		
1221	10	O	15.25	T	-		
1221	11	O	15.25	G	-		
1221	12	O	15.25	G	-		
1221	13	O	15.25	C	-		
1221	14	O	15.25	A	-		
1221	15	O	15.25	C	-		
1221	16	O	15.25	A	-		
1221	17	O	15.25	A	-		
1221	18	O	15.25	A	-		
1221	19	O	15.25	A	-		
1221	20	O	15.25	C	-		
1221	21	O	15.25	G	-		
1221	22	O	15.25	C	-		
1221	23	O	15.25	G	-		
1221	24	O	15.25	G	-		
1221	25	O	15.25	G	-		
1221	26	O	15.25	G	-		
1221	27	O	15.25	C	-		
1221	28	O	15.25	G	-		
1221	29	O	15.25	A	-		
1221	30	O	15.25	G	-		
1221	31	O	15.25	A	-		
1221	32	O	15.25	C	-		
1221	33	O	15.25	T	-		
1221	34	O	15.25	C	-		
1221	35	O	15.25	G	-		
1221	36	O	15.25	A	-		
1221	37	O	15.25	C	-		
1221	38	O	15.25	T	-		
1221	39	O	15.25	A	-		
1221	40	O	15.25	C	-		
1221	41	O	15.25	C	-		
1221	42	O	15.25	T	-		
1221	43	O	15.25	G	-		
1221	44	O	15.25	C	-		
1221	45	O	15.25	A	-		
1221	46	O	15.25	C	-		
1221	47	O	15.25	A	-		
1221	48	O	15.25	A	-		
1221	49	O	15.25	G	-		
1221	50	O	15.25	A	-		
1221	51	O	15.25	C	-		
1221	52	O	15.25	A	-		
1221	53	O	15.25	A	-		
1221	54	O	15.25	C	-		
1221	55	O	15.25	T	-		
1221	56	O	15.25	G	-		
1221	57	O	15.25	T	-		
1221	58	O	15.25	C	-		
1221	59	O	15.25	C	-		
1221	60	O	15.25	A	-		
1221	61	O	15.25	C	-		
1221	62	O	15.25	A	-		
1221	63	O	15.25	G	-		
1221	64	O	15.25	G	-		
1221	65	O	15.25	C	-		
1221	66	O	15.25	C	-		
1221	67	O	15.25	T	-		
1221	68	O	15.25	C	-		
1221	69	O	15.25	G	-		
1221	70	O	15.25	A	-		
1221	71	O	15.25	G	-		
1221	72	O	15.25	A	-		
1221	73	O	15.25	T	-		
1221	74	O	15.25	T	-		
1221	75	O	15.25	A	-		
1221	76	O	15.25	C	-		
1221	77	O	15.25	A	-		
1221	78	O	15.25	C	-		
1221	79	O	15.25	A	-		
1221	80	O	15.25	C	-		
1221	81	O	15.25	A	-		
1221	82	O	15.25	A	-		
1221	83	O	15.25	T	-		
1221	84	O	15.25	T	-		
1221	85	O	15.25	A	-		
1221	86	O	15.25	A	-		
1221	87	O	15.25	G	-		
1221	88	O	15.25	A	-		
1221	89	O	15.25	C	-		
1221	90	O	15.25	C	-		
1221	91	O	15.25	A	-		
1221	92	O	15.25	C	-		
1221	93	O	15.25	T	-		
1221	94	O	15.25	C	-		
1221	95	O	15.25	T	-		
1221	96	O	15.25	C	-		
1221	97	O	15.25	A	-		
1221	98	O	15.25	T	-		
1221	99	O	15.25	C	-		
1221	100	O	15.25	G	-		
1221	101	O	15.25	C	-		
1221	102	O	15.25	G	-		
1221	103	O	15.25	T	-		
1221	104	O	15.25	G	-		
1221	105	O	15.25	C	-		
1221	106	O	15.25	C	-		
1221	107	O	15.25	A	-		
1221	108	O	15.25	A	-		
1221	109	O	15.25	A	-		
1222	0	O	18.02	T	-		
1222	1	O	18.02	G	-		
1222	2	O	18.02	G	-		
1222	3	O	18.02	A	-		
1222	4	O	18.02	A	-		
1222	5	O	18.02	A	-		
1222	6	O	18.02	A	-		
1222	7	O	18.02	T	-		
1222	8	O	18.02	T	-		
1222	9	O	18.02	C	-		
1222	10	O	18.02	A	-		
1222	11	O	18.02	A	-		
1222	12	O	18.02	C	-		
1222	13	O	18.02	T	-		
1222	14	O	18.02	A	-		
1222	15	O	18.02	G	-		
1222	16	O	18.02	G	-		
1222	17	O	18.02	T	-		
1222	18	O	18.02	C	-		
1222	19	O	18.02	A	-		
1222	20	O	18.02	T	-		
1222	21	O	18.02	T	-		
1222	22	O	18.02	A	-		
1222	23	O	18.02	A	-		
1222	24	O	18.02	A	-		
1222	25	O	18.02	G	-		
1222	26	O	18.02	T	-		
1222	27	O	18.02	G	-		
1222	28	O	18.02	G	-		
1222	29	O	18.02	T	-		
1222	30	O	18.02	T	-		
1222	31	O	18.02	T	-		
1222	32	O	18.02	T	-		
1222	33	O	18.02	G	-		
1222	34	O	18.02	G	-		
1222	35	O	18.02	T	-		
1222	36	O	18.02	A	-		
1222	37	O	18.02	T	-		
1222	38	O	18.02	T	-		
1222	39	O	18.02	A	-		
1222	40	O	18.02	T	-		
1222	41	O	18.02	G	-		
1222	42	O	18.02	A	-		
1222	43	O	18.02	A	-		
1222	44	O	18.02	T	-		
1222	45	O	18.02	C	-		
1222	46	O	18.02	A	-		
1222	47	O	18.02	A	-		
1222	48	O	18.02	T	-		
1222	49	O	18.02	A	-		
1222	50	O	18.02	A	-		
1222	51	O	18.02	A	-		
1222	52	O	18.02	C	-		
1222	53	O	18.02	T	-		
1222	54	O	18.02	C	-		
1222	55	O	18.02	T	-		
1222	56	O	18.02	T	-		
1222	57	O	18.02	T	-		
1222	58	O	18.02	G	-		
1222	59	O	18.02	A	-		
1222	60	O	18.02	G	-		
1222	61	O	18.02	A	-		
1222	62	O	18.02	A	-		
1222	63	O	18.02	C	-		
1222	64	O	18.02	G	-		
1222	65	O	18.02	C	-		
1222	66	O	18.02	A	-		
1222	67	O	18.02	T	-		
1222	68	O	18.02	T	-		
1222	69	O	18.02	T	-		
1222	70	O	18.02	T	-		
1222	71	O	18.02	G	-		
1222	72	O	18.02	A	-		
1222	73	O	18.02	A	-		
1222	74	O	18.02	T	-		
1222	75	O	18.02	T	-		
1222	76	O	18.02	T	-		
1222	77	O	18.02	C	-		
1222	78	O	18.02	T	-		
1222	79	O	18.02	T	-		
1222	80	O	18.02	T	-		
1222	81	O	18.02	C	-		
1222	82	O	18.02	A	-		
1222	83	O	18.02	T	-		
1222	84	O	18.02	A	-		
1222	85	O	18.02	C	-		
1222	86	O	18.02	A	-		
1222	87	O	18.02	A	-		
1222	88	O	18.02	C	-		
1222	89	O	18.02	C	-		
1222	90	O	18.02	G	-		
1222	91	O	18.02	G	-		
1222	92	O	18.02	G	-		
1222	93	O	18.02	A	-		
1222	94	O	18.02	T	-		
1222	95	O	18.02	A	-		
1222	96	O	18.02	G	-		
1222	97	O	18.02	G	-		
1222	98	O	18.02	A	-		
1222	99	O	18.02	A	-		
1222	100	O	18.02	T	-		
1222	101	O	18.02	A	-		
1222	102	O	18.02	G	-		
1222	103	O	18.02	A	-		
1222	104	O	18.02	A	-		
1222	105	O	18.02	T	-		
1222	106	O	18.02	C	-		
1222	107	O	18.02	G	-		
1222	108	O	18.02	T	-		
1222	109	O	18.02	T	-		
1223	0	O	8.32	A	-		
1223	1	O	8.32	G	-		
1223	2	O	8.32	G	-		
1223	3	O	8.32	G	-		
1223	4	O	8.32	A	-		
1223	5	O	8.32	G	-		
1223	6	O	8.32	G	-		
1223	7	O	8.32	G	-		
1223	8	O	8.32	C	-		
1223	9	O	8.32	G	-		
1223	10	O	8.32	G	-		
1223	11	O	8.32	A	-		
1223	12	O	8.32	G	-		
1223	13	O	8.32	G	-		
1223	14	O	8.32	G	-		
1223	15	O	8.32	G	-		
1223	16	O	8.32	A	-		
1223	17	O	8.32	G	-		
1223	18	O	8.32	G	-		
1223	19	O	8.32	A	-		
1223	20	O	8.32	A	-		
1223	21	O	8.32	G	-		
1223	22	O	8.32	T	-		
1223	23	O	8.32	A	-		
1223	24	O	8.32	A	-		
1223	25	O	8.32	G	-		
1223	26	O	8.32	G	-		
1223	27	O	8.32	A	-		
1223	28	O	8.32	C	-		
1223	29	O	8.32	A	-		
1223	30	O	8.32	G	-		
1223	31	O	8.32	A	-		
1223	32	O	8.32	C	-		
1223	33	O	8.32	C	-		
1223	34	O	8.32	G	-		
1223	35	O	8.32	G	-		
1223	36	O	8.32	A	-		
1223	37	O	8.32	G	-		
1223	38	O	8.32	G	-		
1223	39	O	8.32	A	-		
1223	40	O	8.32	A	-		
1223	41	O	8.32	G	-		
1223	42	O	8.32	G	-		
1223	43	O	8.32	A	-		
1223	44	O	8.32	A	-		
1223	45	O	8.32	G	-		
1223	46	O	8.32	G	-		
1223	47	O	8.32	A	-		
1223	48	O	8.32	A	-		
1223	49	O	8.32	G	-		
1223	50	O	8.32	G	-		
1223	51	O	8.32	A	-		
1223	52	O	8.32	G	-		
1223	53	O	8.32	G	-		
1223	54	O	8.32	C	-		
1223	55	O	8.32	A	-		
1223	56	O	8.32	G	-		
1223	57	O	8.32	C	-		
1223	58	O	8.32	G	-		
1223	59	O	8.32	T	-		
1223	60	O	8.32	T	-		
1223	61	O	8.32	T	-		
1223	62	O	8.32	G	-		
1223	63	O	8.32	C	-		
1223	64	O	8.32	G	-		
1223	65	O	8.32	C	-		
1223	66	O	8.32	G	-		
1223	67	O	8.32	C	-		
1223	68	O	8.32	G	-		
1223	69	O	8.32	C	-		
1223	70	O	8.32	C	-		
1223	71	O	8.32	G	-		
1223	72	O	8.32	G	-		
1223	73	O	8.32	C	-		
1223	74	O	8.32	C	-		
1223	75	O	8.32	A	-		
1223	76	O	8.32	A	-		
1223	77	O	8.32	T	-		
1223	78	O	8.32	A	-		
1223	79	O	8.32	G	-		
1223	80	O	8.32	C	-		
1223	81	O	8.32	G	-		
1223	82	O	8.32	A	-		
1223	83	O	8.32	C	-		
1223	84	O	8.32	A	-		
1223	85	O	8.32	G	-		
1223	86	O	8.32	C	-		
1223	87	O	8.32	G	-		
1223	88	O	8.32	T	-		
1223	89	O	8.32	T	-		
1223	90	O	8.32	G	-		
1223	91	O	8.32	G	-		
1223	92	O	8.32	T	-		
1223	93	O	8.32	G	-		
1223	94	O	8.32	A	-		
1223	95	O	8.32	C	-		
1223	96	O	8.32	G	-		
1223	97	O	8.32	A	-		
1223	98	O	8.32	T	-		
1223	99	O	8.32	G	-		
1223	100	O	8.32	A	-		
1223	101	O	8.32	C	-		
1223	102	O	8.32	G	-		
1223	103	O	8.32	A	-		
1223	104	O	8.32	C	-		
1223	105	O	8.32	A	-		
1223	106	O	8.32	G	-		
1223	107	O	8.32	C	-		
1223	108	O	8.32	A	-		
1223	109	O	8.32	A	-		
1224	0	O	6.93	T	-		
1224	1	O	6.93	G	-		
1224	2	O	6.93	C	-		
1224	3	O	6.93	C	-		
1224	4	O	6.93	G	-		
1224	5	O	6.93	T	-		
1224	6	O	6.93	C	-		
1224	7	O	6.93	C	-		
1224	8	O	6.93	A	-		
1224	9	O	6.93	G	-		
1224	10	O	6.93	C	-		
1224	11	O	6.93	T	-		
1224	12	O	6.93	C	-		
1224	13	O	6.93	C	-		
1224	14	O	6.93	C	-		
1224	15	O	6.93	C	-		
1224	16	O	6.93	T	-		
1224	17	O	6.93	G	-		
1224	18	O	6.93	A	-		
1224	19	O	6.93	T	-		
1224	20	O	6.93	C	-		
1224	21	O	6.93	G	-		
1224	22	O	6.93	C	-		
1224	23	O	6.93	G	-		
1224	24	O	6.93	T	-		
1224	25	O	6.93	T	-		
1224	26	O	6.93	C	-		
1224	27	O	6.93	G	-		
1224	28	O	6.93	G	-		
1224	29	O	6.93	G	-		
1224	30	O	6.93	C	-		
1224	31	O	6.93	C	-		
1224	32	O	6.93	G	-		
1224	33	O	6.93	C	-		
1224	34	O	6.93	C	-		
1224	35	O	6.93	C	-		
1224	36	O	6.93	G	-		
1224	37	O	6.93	G	-		
1224	38	O	6.93	A	-		
1224	39	O	6.93	A	-		
1224	40	O	6.93	C	-		
1224	41	O	6.93	A	-		
1224	42	O	6.93	G	-		
1224	43	O	6.93	G	-		
1224	44	O	6.93	T	-		
1224	45	O	6.93	A	-		
1224	46	O	6.93	A	-		
1224	47	O	6.93	G	-		
1224	48	O	6.93	A	-		
1224	49	O	6.93	C	-		
1224	50	O	6.93	G	-		
1224	51	O	6.93	G	-		
1224	52	O	6.93	C	-		
1224	53	O	6.93	T	-		
1224	54	O	6.93	G	-		
1224	55	O	6.93	T	-		
1224	56	O	6.93	G	-		
1224	57	O	6.93	C	-		
1224	58	O	6.93	T	-		
1224	59	O	6.93	G	-		
1224	60	O	6.93	G	-		
1224	61	O	6.93	T	-		
1224	62	O	6.93	G	-		
1224	63	O	6.93	G	-		
1224	64	O	6.93	A	-		
1224	65	O	6.93	A	-		
1224	66	O	6.93	T	-		
1224	67	O	6.93	C	-		
1224	68	O	6.93	C	-		
1224	69	O	6.93	A	-		
1224	70	O	6.93	T	-		
1224	71	O	6.93	T	-		
1224	72	O	6.93	C	-		
1224	73	O	6.93	T	-		
1224	74	O	6.93	A	-		
1224	75	O	6.93	C	-		
1224	76	O	6.93	A	-		
1224	77	O	6.93	A	-		
1224	78	O	6.93	A	-		
1224	79	O	6.93	C	-		
1224	80	O	6.93	G	-		
1224	81	O	6.93	C	-		
1224	82	O	6.93	A	-		
1224	83	O	6.93	C	-		
1224	84	O	6.93	A	-		
1224	85	O	6.93	A	-		
1224	86	O	6.93	A	-		
1224	87	O	6.93	C	-		
1224	88	O	6.93	G	-		
1224	89	O	6.93	G	-		
1224	90	O	6.93	G	-		
1224	91	O	6.93	A	-		
1224	92	O	6.93	C	-		
1224	93	O	6.93	C	-		
1224	94	O	6.93	C	-		
1224	95	O	6.93	A	-		
1224	96	O	6.93	A	-		
1224	97	O	6.93	A	-		
1224	98	O	6.93	C	-		
1224	99	O	6.93	T	-		
1224	100	O	6.93	T	-		
1224	101	O	6.93	G	-		
1224	102	O	6.93	A	-		
1224	103	O	6.93	G	-		
1224	104	O	6.93	G	-		
1224	105	O	6.93	C	-		
1224	106	O	6.93	T	-		
1224	107	O	6.93	A	-		
1224	108	O	6.93	C	-		
1224	109	O	6.93	T	-		
1225	0	O	5.55	C	-		
1225	1	O	5.55	G	-		
1225	2	O	5.55	C	-		
1225	3	O	5.55	T	-		
1225	4	O	5.55	T	-		
1225	5	O	5.55	G	-		
1225	6	O	5.55	C	-		
1225	7	O	5.55	T	-		
1225	8	O	5.55	C	-		
1225	9	O	5.55	A	-		
1225	10	O	5.55	T	-		
1225	11	O	5.55	G	-		
1225	12	O	5.55	A	-		
1225	13	O	5.55	G	-		
1225	14	O	5.55	A	-		
1225	15	O	5.55	A	-		
1225	16	O	5.55	C	-		
1225	17	O	5.55	C	-		
1225	18	O	5.55	G	-		
1225	19	O	5.55	T	-		
1225	20	O	5.55	A	-		
1225	21	O	5.55	A	-		
1225	22	O	5.55	G	-		
1225	23	O	5.55	A	-		
1225	24	O	5.55	T	-		
1225	25	O	5.55	A	-		
1225	26	O	5.55	T	-		
1225	27	O	5.55	C	-		
1225	28	O	5.55	T	-		
1225	29	O	5.55	A	-		
1225	30	O	5.55	A	-		
1225	31	O	5.55	A	-		
1225	32	O	5.55	C	-		
1225	33	O	5.55	T	-		
1225	34	O	5.55	A	-		
1225	35	O	5.55	A	-		
1225	36	O	5.55	A	-		
1225	37	O	5.55	A	-		
1225	38	O	5.55	G	-		
1225	39	O	5.55	T	-		
1225	40	O	5.55	C	-		
1225	41	O	5.55	A	-		
1225	42	O	5.55	A	-		
1225	43	O	5.55	T	-		
1225	44	O	5.55	C	-		
1225	45	O	5.55	T	-		
1225	46	O	5.55	A	-		
1225	47	O	5.55	C	-		
1225	48	O	5.55	T	-		
1225	49	O	5.55	A	-		
1225	50	O	5.55	T	-		
1225	51	O	5.55	T	-		
1225	52	O	5.55	C	-		
1225	53	O	5.55	C	-		
1225	54	O	5.55	T	-		
1225	55	O	5.55	G	-		
1225	56	O	5.55	T	-		
1225	57	O	5.55	C	-		
1225	58	O	5.55	T	-		
1225	59	O	5.55	T	-		
1225	60	O	5.55	T	-		
1225	61	O	5.55	G	-		
1225	62	O	5.55	C	-		
1225	63	O	5.55	T	-		
1225	64	O	5.55	T	-		
1225	65	O	5.55	T	-		
1225	66	O	5.55	C	-		
1225	67	O	5.55	A	-		
1225	68	O	5.55	G	-		
1225	69	O	5.55	T	-		
1225	70	O	5.55	C	-		
1225	71	O	5.55	T	-		
1225	72	O	5.55	T	-		
1225	73	O	5.55	C	-		
1225	74	O	5.55	T	-		
1225	75	O	5.55	C	-		
1225	76	O	5.55	T	-		
1225	77	O	5.55	T	-		
1225	78	O	5.55	T	-		
1225	79	O	5.55	C	-		
1225	80	O	5.55	A	-		
1225	81	O	5.55	G	-		
1225	82	O	5.55	T	-		
1225	83	O	5.55	A	-		
1225	84	O	5.55	G	-		
1225	85	O	5.55	T	-		
1225	86	O	5.55	T	-		
1225	87	O	5.55	A	-		
1225	88	O	5.55	T	-		
1225	89	O	5.55	G	-		
1225	90	O	5.55	A	-		
1225	91	O	5.55	C	-		
1225	92	O	5.55	C	-		
1225	93	O	5.55	C	-		
1225	94	O	5.55	T	-		
1225	95	O	5.55	A	-		
1225	96	O	5.55	T	-		
1225	97	O	5.55	A	-		
1225	98	O	5.55	T	-		
1225	99	O	5.55	A	-		
1225	100	O	5.55	T	-		
1225	101	O	5.55	A	-		
1225	102	O	5.55	G	-		
1225	103	O	5.55	T	-		
1225	104	O	5.55	A	-		
1225	105	O	5.55	A	-		
1225	106	O	5.55	G	-		
1225	107	O	5.55	C	-		
1225	108	O	5.55	A	-		
1225	109	O	5.55	A	-		
1226	0	O	6.93	T	-		
1226	1	O	6.93	G	-		
1226	2	O	6.93	G	-		
1226	3	O	6.93	A	-		
1226	4	O	6.93	G	-		
1226	5	O	6.93	C	-		
1226	6	O	6.93	T	-		
1226	7	O	6.93	G	-		
1226	8	O	6.93	A	-		
1226	9	O	6.93	G	-		
1226	10	O	6.93	C	-		
1226	11	O	6.93	G	-		
1226	12	O	6.93	C	-		
1226	13	O	6.93	G	-		
1226	14	O	6.93	G	-		
1226	15	O	6.93	G	-		
1226	16	O	6.93	C	-		
1226	17	O	6.93	G	-		
1226	18	O	6.93	C	-		
1226	19	O	6.93	C	-		
1226	20	O	6.93	C	-		
1226	21	O	6.93	C	-		
1226	22	O	6.93	C	-		
1226	23	O	6.93	G	-		
1226	24	O	6.93	A	-		
1226	25	O	6.93	C	-		
1226	26	O	6.93	G	-		
1226	27	O	6.93	G	-		
1226	28	O	6.93	C	-		
1226	29	O	6.93	T	-		
1226	30	O	6.93	A	-		
1226	31	O	6.93	C	-		
1226	32	O	6.93	C	-		
1226	33	O	6.93	C	-		
1226	34	O	6.93	G	-		
1226	35	O	6.93	G	-		
1226	36	O	6.93	A	-		
1226	37	O	6.93	T	-		
1226	38	O	6.93	C	-		
1226	39	O	6.93	G	-		
1226	40	O	6.93	G	-		
1226	41	O	6.93	C	-		
1226	42	O	6.93	T	-		
1226	43	O	6.93	A	-		
1226	44	O	6.93	C	-		
1226	45	O	6.93	T	-		
1226	46	O	6.93	G	-		
1226	47	O	6.93	C	-		
1226	48	O	6.93	A	-		
1226	49	O	6.93	C	-		
1226	50	O	6.93	G	-		
1226	51	O	6.93	A	-		
1226	52	O	6.93	G	-		
1226	53	O	6.93	T	-		
1226	54	O	6.93	G	-		
1226	55	O	6.93	G	-		
1226	56	O	6.93	C	-		
1226	57	O	6.93	C	-		
1226	58	O	6.93	G	-		
1226	59	O	6.93	G	-		
1226	60	O	6.93	C	-		
1226	61	O	6.93	G	-		
1226	62	O	6.93	C	-		
1226	63	O	6.93	G	-		
1226	64	O	6.93	C	-		
1226	65	O	6.93	G	-		
1226	66	O	6.93	A	-		
1226	67	O	6.93	G	-		
1226	68	O	6.93	G	-		
1226	69	O	6.93	G	-		
1226	70	O	6.93	T	-		
1226	71	O	6.93	G	-		
1226	72	O	6.93	G	-		
1226	73	O	6.93	C	-		
1226	74	O	6.93	C	-		
1226	75	O	6.93	A	-		
1226	76	O	6.93	G	-		
1226	77	O	6.93	C	-		
1226	78	O	6.93	T	-		
1226	79	O	6.93	G	-		
1226	80	O	6.93	G	-		
1226	81	O	6.93	G	-		
1226	82	O	6.93	C	-		
1226	83	O	6.93	G	-		
1226	84	O	6.93	C	-		
1226	85	O	6.93	C	-		
1226	86	O	6.93	G	-		
1226	87	O	6.93	A	-		
1226	88	O	6.93	C	-		
1226	89	O	6.93	A	-		
1226	90	O	6.93	T	-		
1226	91	O	6.93	C	-		
1226	92	O	6.93	G	-		
1226	93	O	6.93	C	-		
1226	94	O	6.93	G	-		
1226	95	O	6.93	C	-		
1226	96	O	6.93	G	-		
1226	97	O	6.93	C	-		
1226	98	O	6.93	A	-		
1226	99	O	6.93	G	-		
1226	100	O	6.93	G	-		
1226	101	O	6.93	C	-		
1226	102	O	6.93	A	-		
1226	103	O	6.93	G	-		
1226	104	O	6.93	C	-		
1226	105	O	6.93	A	-		
1226	106	O	6.93	G	-		
1226	107	O	6.93	C	-		
1226	108	O	6.93	A	-		
1226	109	O	6.93	G	-		
1227	0	O	6.93	T	-		
1227	1	O	6.93	G	-		
1227	2	O	6.93	A	-		
1227	3	O	6.93	G	-		
1227	4	O	6.93	C	-		
1227	5	O	6.93	A	-		
1227	6	O	6.93	A	-		
1227	7	O	6.93	A	-		
1227	8	O	6.93	C	-		
1227	9	O	6.93	A	-		
1227	10	O	6.93	A	-		
1227	11	O	6.93	G	-		
1227	12	O	6.93	C	-		
1227	13	O	6.93	G	-		
1227	14	O	6.93	G	-		
1227	15	O	6.93	A	-		
1227	16	O	6.93	T	-		
1227	17	O	6.93	C	-		
1227	18	O	6.93	A	-		
1227	19	O	6.93	A	-		
1227	20	O	6.93	G	-		
1227	21	O	6.93	A	-		
1227	22	O	6.93	A	-		
1227	23	O	6.93	C	-		
1227	24	O	6.93	A	-		
1227	25	O	6.93	G	-		
1227	26	O	6.93	C	-		
1227	27	O	6.93	G	-		
1227	28	O	6.93	A	-		
1227	29	O	6.93	C	-		
1227	30	O	6.93	A	-		
1227	31	O	6.93	T	-		
1227	32	O	6.93	G	-		
1227	33	O	6.93	T	-		
1227	34	O	6.93	C	-		
1227	35	O	6.93	G	-		
1227	36	O	6.93	T	-		
1227	37	O	6.93	T	-		
1227	38	O	6.93	C	-		
1227	39	O	6.93	A	-		
1227	40	O	6.93	G	-		
1227	41	O	6.93	A	-		
1227	42	O	6.93	G	-		
1227	43	O	6.93	T	-		
1227	44	O	6.93	T	-		
1227	45	O	6.93	T	-		
1227	46	O	6.93	C	-		
1227	47	O	6.93	G	-		
1227	48	O	6.93	T	-		
1227	49	O	6.93	T	-		
1227	50	O	6.93	T	-		
1227	51	O	6.93	T	-		
1227	52	O	6.93	G	-		
1227	53	O	6.93	A	-		
1227	54	O	6.93	T	-		
1227	55	O	6.93	T	-		
1227	56	O	6.93	C	-		
1227	57	O	6.93	A	-		
1227	58	O	6.93	G	-		
1227	59	O	6.93	T	-		
1227	60	O	6.93	G	-		
1227	61	O	6.93	T	-		
1227	62	O	6.93	C	-		
1227	63	O	6.93	C	-		
1227	64	O	6.93	C	-		
1227	65	O	6.93	A	-		
1227	66	O	6.93	G	-		
1227	67	O	6.93	A	-		
1227	68	O	6.93	A	-		
1227	69	O	6.93	T	-		
1227	70	O	6.93	C	-		
1227	71	O	6.93	A	-		
1227	72	O	6.93	G	-		
1227	73	O	6.93	A	-		
1227	74	O	6.93	G	-		
1227	75	O	6.93	T	-		
1227	76	O	6.93	A	-		
1227	77	O	6.93	A	-		
1227	78	O	6.93	G	-		
1227	79	O	6.93	A	-		
1227	80	O	6.93	T	-		
1227	81	O	6.93	C	-		
1227	82	O	6.93	T	-		
1227	83	O	6.93	T	-		
1227	84	O	6.93	T	-		
1227	85	O	6.93	A	-		
1227	86	O	6.93	T	-		
1227	87	O	6.93	G	-		
1227	88	O	6.93	A	-		
1227	89	O	6.93	G	-		
1227	90	O	6.93	G	-		
1227	91	O	6.93	T	-		
1227	92	O	6.93	T	-		
1227	93	O	6.93	C	-		
1227	94	O	6.93	C	-		
1227	95	O	6.93	G	-		
1227	96	O	6.93	C	-		
1227	97	O	6.93	G	-		
1227	98	O	6.93	G	-		
1227	99	O	6.93	A	-		
1227	100	O	6.93	A	-		
1227	101	O	6.93	T	-		
1227	102	O	6.93	T	-		
1227	103	O	6.93	T	-		
1227	104	O	6.93	A	-		
1227	105	O	6.93	T	-		
1227	106	O	6.93	T	-		
1227	107	O	6.93	G	-		
1227	108	O	6.93	A	-		
1227	109	O	6.93	A	-		
1228	0	O	11.09	C	-		
1228	1	O	11.09	T	-		
1228	2	O	11.09	C	-		
1228	3	O	11.09	T	-		
1228	4	O	11.09	G	-		
1228	5	O	11.09	G	-		
1228	6	O	11.09	A	-		
1228	7	O	11.09	T	-		
1228	8	O	11.09	A	-		
1228	9	O	11.09	T	-		
1228	10	O	11.09	T	-		
1228	11	O	11.09	G	-		
1228	12	O	11.09	C	-		
1228	13	O	11.09	T	-		
1228	14	O	11.09	T	-		
1228	15	O	11.09	T	-		
1228	16	O	11.09	G	-		
1228	17	O	11.09	T	-		
1228	18	O	11.09	G	-		
1228	19	O	11.09	C	-		
1228	20	O	11.09	T	-		
1228	21	O	11.09	A	-		
1228	22	O	11.09	T	-		
1228	23	O	11.09	G	-		
1228	24	O	11.09	G	-		
1228	25	O	11.09	C	-		
1228	26	O	11.09	T	-		
1228	27	O	11.09	G	-		
1228	28	O	11.09	G	-		
1228	29	O	11.09	A	-		
1228	30	O	11.09	T	-		
1228	31	O	11.09	C	-		
1228	32	O	11.09	G	-		
1228	33	O	11.09	A	-		
1228	34	O	11.09	T	-		
1228	35	O	11.09	G	-		
1228	36	O	11.09	G	-		
1228	37	O	11.09	A	-		
1228	38	O	11.09	C	-		
1228	39	O	11.09	A	-		
1228	40	O	11.09	A	-		
1228	41	O	11.09	A	-		
1228	42	O	11.09	A	-		
1228	43	O	11.09	A	-		
1228	44	O	11.09	G	-		
1228	45	O	11.09	G	-		
1228	46	O	11.09	G	-		
1228	47	O	11.09	A	-		
1228	48	O	11.09	G	-		
1228	49	O	11.09	T	-		
1228	50	O	11.09	T	-		
1228	51	O	11.09	T	-		
1228	52	O	11.09	T	-		
1228	53	O	11.09	G	-		
1228	54	O	11.09	A	-		
1228	55	O	11.09	T	-		
1228	56	O	11.09	G	-		
1228	57	O	11.09	A	-		
1228	58	O	11.09	A	-		
1228	59	O	11.09	A	-		
1228	60	O	11.09	A	-		
1228	61	O	11.09	A	-		
1228	62	O	11.09	T	-		
1228	63	O	11.09	A	-		
1228	64	O	11.09	C	-		
1228	65	O	11.09	T	-		
1228	66	O	11.09	T	-		
1228	67	O	11.09	T	-		
1228	68	O	11.09	C	-		
1228	69	O	11.09	T	-		
1228	70	O	11.09	C	-		
1228	71	O	11.09	C	-		
1228	72	O	11.09	A	-		
1228	73	O	11.09	G	-		
1228	74	O	11.09	A	-		
1228	75	O	11.09	A	-		
1228	76	O	11.09	A	-		
1228	77	O	11.09	T	-		
1228	78	O	11.09	T	-		
1228	79	O	11.09	C	-		
1228	80	O	11.09	A	-		
1228	81	O	11.09	C	-		
1228	82	O	11.09	G	-		
1228	83	O	11.09	C	-		
1228	84	O	11.09	C	-		
1228	85	O	11.09	G	-		
1228	86	O	11.09	C	-		
1228	87	O	11.09	G	-		
1228	88	O	11.09	C	-		
1228	89	O	11.09	A	-		
1228	90	O	11.09	G	-		
1228	91	O	11.09	A	-		
1228	92	O	11.09	T	-		
1228	93	O	11.09	C	-		
1228	94	O	11.09	G	-		
1228	95	O	11.09	A	-		
1228	96	O	11.09	A	-		
1228	97	O	11.09	G	-		
1228	98	O	11.09	A	-		
1228	99	O	11.09	G	-		
1228	100	O	11.09	T	-		
1228	101	O	11.09	A	-		
1228	102	O	11.09	T	-		
1228	103	O	11.09	T	-		
1228	104	O	11.09	T	-		
1228	105	O	11.09	G	-		
1228	106	O	11.09	G	-		
1228	107	O	11.09	T	-		
1228	108	O	11.09	C	-		
1228	109	O	11.09	A	-		
1229	0	O	5.55	T	-		
1229	1	O	5.55	G	-		
1229	2	O	5.55	C	-		
1229	3	O	5.55	C	-		
1229	4	O	5.55	G	-		
1229	5	O	5.55	G	-		
1229	6	O	5.55	C	-		
1229	7	O	5.55	C	-		
1229	8	O	5.55	T	-		
1229	9	O	5.55	T	-		
1229	10	O	5.55	T	-		
1229	11	O	5.55	A	-		
1229	12	O	5.55	T	-		
1229	13	O	5.55	T	-		
1229	14	O	5.55	C	-		
1229	15	O	5.55	G	-		
1229	16	O	5.55	C	-		
1229	17	O	5.55	C	-		
1229	18	O	5.55	A	-		
1229	19	O	5.55	C	-		
1229	20	O	5.55	G	-		
1229	21	O	5.55	A	-		
1229	22	O	5.55	T	-		
1229	23	O	5.55	T	-		
1229	24	O	5.55	T	-		
1229	25	O	5.55	C	-		
1229	26	O	5.55	T	-		
1229	27	O	5.55	G	-		
1229	28	O	5.55	C	-		
1229	29	O	5.55	G	-		
1229	30	O	5.55	G	-		
1229	31	O	5.55	T	-		
1229	32	O	5.55	G	-		
1229	33	O	5.55	T	-		
1229	34	O	5.55	C	-		
1229	35	O	5.55	G	-		
1229	36	O	5.55	A	-		
1229	37	O	5.55	T	-		
1229	38	O	5.55	T	-		
1229	39	O	5.55	T	-		
1229	40	O	5.55	T	-		
1229	41	O	5.55	T	-		
1229	42	O	5.55	C	-		
1229	43	O	5.55	T	-		
1229	44	O	5.55	T	-		
1229	45	O	5.55	T	-		
1229	46	O	5.55	G	-		
1229	47	O	5.55	C	-		
1229	48	O	5.55	T	-		
1229	49	O	5.55	C	-		
1229	50	O	5.55	T	-		
1229	51	O	5.55	C	-		
1229	52	O	5.55	G	-		
1229	53	O	5.55	G	-		
1229	54	O	5.55	C	-		
1229	55	O	5.55	A	-		
1229	56	O	5.55	C	-		
1229	57	O	5.55	G	-		
1229	58	O	5.55	G	-		
1229	59	O	5.55	T	-		
1229	60	O	5.55	G	-		
1229	61	O	5.55	G	-		
1229	62	O	5.55	G	-		
1229	63	O	5.55	C	-		
1229	64	O	5.55	A	-		
1229	65	O	5.55	T	-		
1229	66	O	5.55	G	-		
1229	67	O	5.55	G	-		
1229	68	O	5.55	G	-		
1229	69	O	5.55	A	-		
1229	70	O	5.55	A	-		
1229	71	O	5.55	G	-		
1229	72	O	5.55	C	-		
1229	73	O	5.55	C	-		
1229	74	O	5.55	C	-		
1229	75	O	5.55	T	-		
1229	76	O	5.55	C	-		
1229	77	O	5.55	G	-		
1229	78	O	5.55	T	-		
1229	79	O	5.55	G	-		
1229	80	O	5.55	G	-		
1229	81	O	5.55	T	-		
1229	82	O	5.55	A	-		
1229	83	O	5.55	G	-		
1229	84	O	5.55	T	-		
1229	85	O	5.55	G	-		
1229	86	O	5.55	C	-		
1229	87	O	5.55	C	-		
1229	88	O	5.55	A	-		
1229	89	O	5.55	C	-		
1229	90	O	5.55	G	-		
1229	91	O	5.55	T	-		
1229	92	O	5.55	C	-		
1229	93	O	5.55	G	-		
1229	94	O	5.55	G	-		
1229	95	O	5.55	G	-		
1229	96	O	5.55	A	-		
1229	97	O	5.55	T	-		
1229	98	O	5.55	T	-		
1229	99	O	5.55	G	-		
1229	100	O	5.55	T	-		
1229	101	O	5.55	C	-		
1229	102	O	5.55	T	-		
1229	103	O	5.55	G	-		
1229	104	O	5.55	C	-		
1229	105	O	5.55	A	-		
1229	106	O	5.55	G	-		
1229	107	O	5.55	T	-		
1229	108	O	5.55	G	-		
1229	109	O	5.55	C	-		
1230	0	O	13.86	A	-		
1230	1	O	13.86	C	-		
1230	2	O	13.86	T	-		
1230	3	O	13.86	T	-		
1230	4	O	13.86	C	-		
1230	5	O	13.86	A	-		
1230	6	O	13.86	T	-		
1230	7	O	13.86	G	-		
1230	8	O	13.86	C	-		
1230	9	O	13.86	A	-		
1230	10	O	13.86	G	-		
1230	11	O	13.86	G	-		
1230	12	O	13.86	T	-		
1230	13	O	13.86	T	-		
1230	14	O	13.86	G	-		
1230	15	O	13.86	C	-		
1230	16	O	13.86	T	-		
1230	17	O	13.86	T	-		
1230	18	O	13.86	G	-		
1230	19	O	13.86	G	-		
1230	20	O	13.86	C	-		
1230	21	O	13.86	A	-		
1230	22	O	13.86	T	-		
1230	23	O	13.86	G	-		
1230	24	O	13.86	A	-		
1230	25	O	13.86	T	-		
1230	26	O	13.86	C	-		
1230	27	O	13.86	G	-		
1230	28	O	13.86	A	-		
1230	29	O	13.86	G	-		
1230	30	O	13.86	G	-		
1230	31	O	13.86	A	-		
1230	32	O	13.86	G	-		
1230	33	O	13.86	A	-		
1230	34	O	13.86	G	-		
1230	35	O	13.86	G	-		
1230	36	O	13.86	T	-		
1230	37	O	13.86	A	-		
1230	38	O	13.86	A	-		
1230	39	O	13.86	G	-		
1230	40	O	13.86	T	-		
1230	41	O	13.86	G	-		
1230	42	O	13.86	T	-		
1230	43	O	13.86	A	-		
1230	44	O	13.86	A	-		
1230	45	O	13.86	A	-		
1230	46	O	13.86	A	-		
1230	47	O	13.86	G	-		
1230	48	O	13.86	A	-		
1230	49	O	13.86	T	-		
1230	50	O	13.86	G	-		
1230	51	O	13.86	C	-		
1230	52	O	13.86	A	-		
1230	53	O	13.86	C	-		
1230	54	O	13.86	A	-		
1230	55	O	13.86	A	-		
1230	56	O	13.86	T	-		
1230	57	O	13.86	A	-		
1230	58	O	13.86	A	-		
1230	59	O	13.86	G	-		
1230	60	O	13.86	A	-		
1230	61	O	13.86	T	-		
1230	62	O	13.86	C	-		
1230	63	O	13.86	T	-		
1230	64	O	13.86	T	-		
1230	65	O	13.86	C	-		
1230	66	O	13.86	C	-		
1230	67	O	13.86	T	-		
1230	68	O	13.86	G	-		
1230	69	O	13.86	C	-		
1230	70	O	13.86	T	-		
1230	71	O	13.86	C	-		
1230	72	O	13.86	T	-		
1230	73	O	13.86	T	-		
1230	74	O	13.86	T	-		
1230	75	O	13.86	T	-		
1230	76	O	13.86	C	-		
1230	77	O	13.86	A	-		
1230	78	O	13.86	G	-		
1230	79	O	13.86	G	-		
1230	80	O	13.86	C	-		
1230	81	O	13.86	G	-		
1230	82	O	13.86	G	-		
1230	83	O	13.86	A	-		
1230	84	O	13.86	A	-		
1230	85	O	13.86	C	-		
1230	86	O	13.86	G	-		
1230	87	O	13.86	C	-		
1230	88	O	13.86	C	-		
1230	89	O	13.86	T	-		
1230	90	O	13.86	T	-		
1230	91	O	13.86	G	-		
1230	92	O	13.86	G	-		
1230	93	O	13.86	G	-		
1230	94	O	13.86	C	-		
1230	95	O	13.86	C	-		
1230	96	O	13.86	A	-		
1230	97	O	13.86	A	-		
1230	98	O	13.86	T	-		
1230	99	O	13.86	A	-		
1230	100	O	13.86	G	-		
1230	101	O	13.86	T	-		
1230	102	O	13.86	G	-		
1230	103	O	13.86	C	-		
1230	104	O	13.86	A	-		
1230	105	O	13.86	T	-		
1230	106	O	13.86	C	-		
1230	107	O	13.86	G	-		
1230	108	O	13.86	A	-		
1230	109	O	13.86	G	-		
1231	0	O	19.41	C	-		
1231	1	O	19.41	C	-		
1231	2	O	19.41	G	-		
1231	3	O	19.41	A	-		
1231	4	O	19.41	C	-		
1231	5	O	19.41	C	-		
1231	6	O	19.41	A	-		
1231	7	O	19.41	G	-		
1231	8	O	19.41	G	-		
1231	9	O	19.41	A	-		
1231	10	O	19.41	T	-		
1231	11	O	19.41	C	-		
1231	12	O	19.41	T	-		
1231	13	O	19.41	T	-		
1231	14	O	19.41	G	-		
1231	15	O	19.41	G	-		
1231	16	O	19.41	C	-		
1231	17	O	19.41	C	-		
1231	18	O	19.41	T	-		
1231	19	O	19.41	T	-		
1231	20	O	19.41	G	-		
1231	21	O	19.41	A	-		
1231	22	O	19.41	G	-		
1231	23	O	19.41	C	-		
1231	24	O	19.41	T	-		
1231	25	O	19.41	C	-		
1231	26	O	19.41	G	-		
1231	27	O	19.41	C	-		
1231	28	O	19.41	T	-		
1231	29	O	19.41	G	-		
1231	30	O	19.41	T	-		
1231	31	O	19.41	T	-		
1231	32	O	19.41	C	-		
1231	33	O	19.41	T	-		
1231	34	O	19.41	T	-		
1231	35	O	19.41	G	-		
1231	36	O	19.41	A	-		
1231	37	O	19.41	T	-		
1231	38	O	19.41	C	-		
1231	39	O	19.41	A	-		
1231	40	O	19.41	G	-		
1231	41	O	19.41	A	-		
1231	42	O	19.41	A	-		
1231	43	O	19.41	G	-		
1231	44	O	19.41	G	-		
1231	45	O	19.41	G	-		
1231	46	O	19.41	T	-		
1231	47	O	19.41	C	-		
1231	48	O	19.41	T	-		
1231	49	O	19.41	T	-		
1231	50	O	19.41	G	-		
1231	51	O	19.41	G	-		
1231	52	O	19.41	T	-		
1231	53	O	19.41	G	-		
1231	54	O	19.41	T	-		
1231	55	O	19.41	C	-		
1231	56	O	19.41	T	-		
1231	57	O	19.41	T	-		
1231	58	O	19.41	C	-		
1231	59	O	19.41	A	-		
1231	60	O	19.41	T	-		
1231	61	O	19.41	G	-		
1231	62	O	19.41	G	-		
1231	63	O	19.41	A	-		
1231	64	O	19.41	T	-		
1231	65	O	19.41	G	-		
1231	66	O	19.41	G	-		
1231	67	O	19.41	C	-		
1231	68	O	19.41	T	-		
1231	69	O	19.41	T	-		
1231	70	O	19.41	T	-		
1231	71	O	19.41	G	-		
1231	72	O	19.41	A	-		
1231	73	O	19.41	G	-		
1231	74	O	19.41	T	-		
1231	75	O	19.41	T	-		
1231	76	O	19.41	T	-		
1231	77	O	19.41	G	-		
1231	78	O	19.41	G	-		
1231	79	O	19.41	G	-		
1231	80	O	19.41	C	-		
1231	81	O	19.41	A	-		
1231	82	O	19.41	G	-		
1231	83	O	19.41	C	-		
1231	84	O	19.41	A	-		
1231	85	O	19.41	C	-		
1231	86	O	19.41	G	-		
1231	87	O	19.41	G	-		
1231	88	O	19.41	C	-		
1231	89	O	19.41	G	-		
1231	90	O	19.41	G	-		
1231	91	O	19.41	T	-		
1231	92	O	19.41	C	-		
1231	93	O	19.41	A	-		
1231	94	O	19.41	A	-		
1231	95	O	19.41	C	-		
1231	96	O	19.41	G	-		
1231	97	O	19.41	G	-		
1231	98	O	19.41	C	-		
1231	99	O	19.41	A	-		
1231	100	O	19.41	T	-		
1231	101	O	19.41	C	-		
1231	102	O	19.41	A	-		
1231	103	O	19.41	G	-		
1231	104	O	19.41	G	-		
1231	105	O	19.41	T	-		
1231	106	O	19.41	C	-		
1231	107	O	19.41	A	-		
1231	108	O	19.41	G	-		
1231	109	O	19.41	C	-		
1232	0	O	8.32	C	-		
1232	1	O	8.32	G	-		
1232	2	O	8.32	C	-		
1232	3	O	8.32	C	-		
1232	4	O	8.32	G	-		
1232	5	O	8.32	A	-		
1232	6	O	8.32	G	-		
1232	7	O	8.32	T	-		
1232	8	O	8.32	T	-		
1232	9	O	8.32	G	-		
1232	10	O	8.32	G	-		
1232	11	O	8.32	T	-		
1232	12	O	8.32	C	-		
1232	13	O	8.32	G	-		
1232	14	O	8.32	A	-		
1232	15	O	8.32	A	-		
1232	16	O	8.32	A	-		
1232	17	O	8.32	T	-		
1232	18	O	8.32	C	-		
1232	19	O	8.32	G	-		
1232	20	O	8.32	G	-		
1232	21	O	8.32	C	-		
1232	22	O	8.32	A	-		
1232	23	O	8.32	A	-		
1232	24	O	8.32	G	-		
1232	25	O	8.32	A	-		
1232	26	O	8.32	A	-		
1232	27	O	8.32	C	-		
1232	28	O	8.32	A	-		
1232	29	O	8.32	T	-		
1232	30	O	8.32	G	-		
1232	31	O	8.32	G	-		
1232	32	O	8.32	C	-		
1232	33	O	8.32	G	-		
1232	34	O	8.32	A	-		
1232	35	O	8.32	T	-		
1232	36	O	8.32	C	-		
1232	37	O	8.32	A	-		
1232	38	O	8.32	T	-		
1232	39	O	8.32	C	-		
1232	40	O	8.32	G	-		
1232	41	O	8.32	A	-		
1232	42	O	8.32	C	-		
1232	43	O	8.32	T	-		
1232	44	O	8.32	G	-		
1232	45	O	8.32	G	-		
1232	46	O	8.32	C	-		
1232	47	O	8.32	C	-		
1232	48	O	8.32	T	-		
1232	49	O	8.32	T	-		
1232	50	O	8.32	C	-		
1232	51	O	8.32	C	-		
1232	52	O	8.32	T	-		
1232	53	O	8.32	T	-		
1232	54	O	8.32	T	-		
1232	55	O	8.32	G	-		
1232	56	O	8.32	T	-		
1232	57	O	8.32	C	-		
1232	58	O	8.32	G	-		
1232	59	O	8.32	G	-		
1232	60	O	8.32	A	-		
1232	61	O	8.32	T	-		
1232	62	O	8.32	A	-		
1232	63	O	8.32	C	-		
1232	64	O	8.32	T	-		
1232	65	O	8.32	G	-		
1232	66	O	8.32	C	-		
1232	67	O	8.32	A	-		
1232	68	O	8.32	T	-		
1232	69	O	8.32	A	-		
1232	70	O	8.32	T	-		
1232	71	O	8.32	G	-		
1232	72	O	8.32	C	-		
1232	73	O	8.32	A	-		
1232	74	O	8.32	C	-		
1232	75	O	8.32	C	-		
1232	76	O	8.32	G	-		
1232	77	O	8.32	C	-		
1232	78	O	8.32	C	-		
1232	79	O	8.32	G	-		
1232	80	O	8.32	G	-		
1232	81	O	8.32	A	-		
1232	82	O	8.32	A	-		
1232	83	O	8.32	C	-		
1232	84	O	8.32	T	-		
1232	85	O	8.32	A	-		
1232	86	O	8.32	T	-		
1232	87	O	8.32	T	-		
1232	88	O	8.32	C	-		
1232	89	O	8.32	A	-		
1232	90	O	8.32	C	-		
1232	91	O	8.32	G	-		
1232	92	O	8.32	T	-		
1232	93	O	8.32	C	-		
1232	94	O	8.32	C	-		
1232	95	O	8.32	A	-		
1232	96	O	8.32	C	-		
1232	97	O	8.32	G	-		
1232	98	O	8.32	G	-		
1232	99	O	8.32	A	-		
1232	100	O	8.32	G	-		
1232	101	O	8.32	C	-		
1232	102	O	8.32	G	-		
1232	103	O	8.32	C	-		
1232	104	O	8.32	A	-		
1232	105	O	8.32	T	-		
1232	106	O	8.32	T	-		
1232	107	O	8.32	A	-		
1232	108	O	8.32	C	-		
1232	109	O	8.32	A	-		
1233	0	O	9.70	G	-		
1233	1	O	9.70	C	-		
1233	2	O	9.70	T	-		
1233	3	O	9.70	C	-		
1233	4	O	9.70	C	-		
1233	5	O	9.70	G	-		
1233	6	O	9.70	C	-		
1233	7	O	9.70	C	-		
1233	8	O	9.70	A	-		
1233	9	O	9.70	C	-		
1233	10	O	9.70	C	-		
1233	11	O	9.70	C	-		
1233	12	O	9.70	G	-		
1233	13	O	9.70	C	-		
1233	14	O	9.70	A	-		
1233	15	O	9.70	C	-		
1233	16	O	9.70	C	-		
1233	17	O	9.70	T	-		
1233	18	O	9.70	C	-		
1233	19	O	9.70	C	-		
1233	20	U	1.77	G	C		
1233	21	O	9.70	C	-		
1233	22	O	9.70	C	-		
1233	23	O	9.70	C	-		
1233	24	O	9.70	C	-		
1233	25	O	9.70	C	-		
1233	26	O	9.70	A	-		
1233	27	O	9.70	C	-		
1233	28	O	9.70	C	-		
1233	29	O	9.70	G	-		
1233	30	O	9.70	G	-		
1233	31	O	9.70	C	-		
1233	32	O	9.70	T	-		
1233	33	O	9.70	T	-		
1233	34	O	9.70	G	-		
1233	35	O	9.70	C	-		
1233	36	O	9.70	G	-		
1233	37	O	9.70	C	-		
1233	38	O	9.70	C	-		
1233	39	O	9.70	A	-		
1233	40	O	9.70	G	-		
1233	41	O	9.70	A	-		
1233	42	O	9.70	A	-		
1233	43	O	9.70	C	-		
1233	44	O	9.70	G	-		
1233	45	O	9.70	G	-		
1233	46	O	9.70	C	-		
1233	47	O	9.70	C	-		
1233	48	O	9.70	G	-		
1233	49	O	9.70	C	-		
1233	50	O	9.70	G	-		
1233	51	O	9.70	G	-		
1233	52	O	9.70	G	-		
1233	53	O	9.70	T	-		
1233	54	O	9.70	G	-		
1233	55	O	9.70	C	-		
1233	56	O	9.70	C	-		
1233	57	O	9.70	G	-		
1233	58	O	9.70	T	-		
1233	59	O	9.70	C	-		
1233	60	O	9.70	A	-		
1233	61	O	9.70	G	-		
1233	62	O	9.70	A	-		
1233	63	O	9.70	A	-		
1233	64	O	9.70	G	-		
1233	65	O	9.70	A	-		
1233	66	O	9.70	A	-		
1233	67	O	9.70	G	-		
1233	68	O	9.70	A	-		
1233	69	O	9.70	G	-		
1233	70	O	9.70	C	-		
1233	71	O	9.70	G	-		
1233	72	O	9.70	G	-		
1233	73	O	9.70	C	-		
1233	74	O	9.70	T	-		
1233	75	O	9.70	G	-		
1233	76	O	9.70	C	-		
1233	77	O	9.70	G	-		
1233	78	O	9.70	A	-		
1233	79	O	9.70	G	-		
1233	80	O	9.70	A	-		
1233	81	O	9.70	G	-		
1233	82	O	9.70	C	-		
1233	83	O	9.70	C	-		
1233	84	O	9.70	A	-		
1233	85	O	9.70	G	-		
1233	86	O	9.70	A	-		
1233	87	O	9.70	A	-		
1233	88	O	9.70	C	-		
1233	89	O	9.70	C	-		
1233	90	O	9.70	G	-		
1233	91	O	9.70	T	-		
1233	92	O	9.70	T	-		
1233	93	O	9.70	C	-		
1233	94	O	9.70	T	-		
1233	95	O	9.70	C	-		
1233	96	O	9.70	G	-		
1233	97	O	9.70	T	-		
1233	98	O	9.70	G	-		
1233	99	O	9.70	C	-		
1233	100	O	9.70	G	-		
1233	101	O	9.70	C	-		
1233	102	O	9.70	A	-		
1233	103	O	9.70	T	-		
1233	104	O	9.70	G	-		
1233	105	O	9.70	T	-		
1233	106	O	9.70	G	-		
1233	107	O	9.70	C	-		
1233	108	O	9.70	G	-		
1233	109	O	9.70	A	-		
1234	0	O	8.32	T	-		
1234	1	O	8.32	C	-		
1234	2	O	8.32	T	-		
1234	3	O	8.32	A	-		
1234	4	O	8.32	C	-		
1234	5	O	8.32	T	-		
1234	6	O	8.32	C	-		
1234	7	O	8.32	G	-		
1234	8	O	8.32	G	-		
1234	9	O	8.32	T	-		
1234	10	O	8.32	G	-		
1234	11	O	8.32	C	-		
1234	12	O	8.32	A	-		
1234	13	O	8.32	A	-		
1234	14	O	8.32	A	-		
1234	15	O	8.32	T	-		
1234	16	O	8.32	C	-		
1234	17	O	8.32	C	-		
1234	18	O	8.32	C	-		
1234	19	O	8.32	A	-		
1234	20	O	8.32	G	-		
1234	21	O	8.32	A	-		
1234	22	O	8.32	A	-		
1234	23	O	8.32	C	-		
1234	24	O	8.32	G	-		
1234	25	O	8.32	G	-		
1234	26	O	8.32	A	-		
1234	27	O	8.32	G	-		
1234	28	O	8.32	C	-		
1234	29	O	8.32	A	-		
1234	30	O	8.32	G	-		
1234	31	O	8.32	C	-		
1234	32	O	8.32	G	-		
1234	33	O	8.32	T	-		
1234	34	O	8.32	A	-		
1234	35	O	8.32	C	-		
1234	36	O	8.32	T	-		
1234	37	O	8.32	T	-		
1234	38	O	8.32	T	-		
1234	39	O	8.32	C	-		
1234	40	O	8.32	G	-		
1234	41	O	8.32	G	-		
1234	42	O	8.32	C	-		
1234	43	O	8.32	G	-		
1234	44	O	8.32	C	-		
1234	45	O	8.32	A	-		
1234	46	O	8.32	T	-		
1234	47	O	8.32	G	-		
1234	48	O	8.32	T	-		
1234	49	O	8.32	C	-		
1234	50	O	8.32	G	-		
1234	51	O	8.32	G	-		
1234	52	O	8.32	T	-		
1234	53	O	8.32	A	-		
1234	54	O	8.32	T	-		
1234	55	O	8.32	C	-		
1234	56	O	8.32	G	-		
1234	57	O	8.32	A	-		
1234	58	O	8.32	A	-		
1234	59	O	8.32	A	-		
1234	60	O	8.32	T	-		
1234	61	O	8.32	T	-		
1234	62	O	8.32	G	-		
1234	63	O	8.32	T	-		
1234	64	O	8.32	C	-		
1234	65	O	8.32	T	-		
1234	66	O	8.32	G	-		
1234	67	O	8.32	T	-		
1234	68	O	8.32	T	-		
1234	69	O	8.32	C	-		
1234	70	O	8.32	G	-		
1234	71	O	8.32	T	-		
1234	72	O	8.32	G	-		
1234	73	O	8.32	A	-		
1234	74	O	8.32	G	-		
1234	75	O	8.32	A	-		
1234	76	O	8.32	G	-		
1234	77	O	8.32	T	-		
1234	78	O	8.32	A	-		
1234	79	O	8.32	T	-		
1234	80	O	8.32	C	-		
1234	81	O	8.32	T	-		
1234	82	O	8.32	T	-		
1234	83	O	8.32	G	-		
1234	84	O	8.32	C	-		
1234	85	O	8.32	C	-		
1234	86	O	8.32	A	-		
1234	87	O	8.32	T	-		
1234	88	O	8.32	C	-		
1234	89	O	8.32	G	-		
1234	90	O	8.32	G	-		
1234	91	O	8.32	A	-		
1234	92	O	8.32	G	-		
1234	93	O	8.32	T	-		
1234	94	O	8.32	A	-		
1234	95	O	8.32	C	-		
1234	96	O	8.32	C	-		
1234	97	O	8.32	T	-		
1234	98	O	8.32	T	-		
1234	99	O	8.32	C	-		
1234	100	O	8.32	T	-		
1234	101	O	8.32	C	-		
1234	102	O	8.32	A	-		
1234	103	O	8.32	C	-		
1234	104	O	8.32	G	-		
1234	105	O	8.32	G	-		
1234	106	O	8.32	C	-		
1234	107	O	8.32	C	-		
1234	108	O	8.32	A	-		
1234	109	O	8.32	A	-		
1235	0	O	5.55	A	-		
1235	1	O	5.55	G	-		
1235	2	O	5.55	C	-		
1235	3	O	5.55	A	-		
1235	4	O	5.55	A	-		
1235	5	O	5.55	C	-		
1235	6	O	5.55	C	-		
1235	7	O	5.55	A	-		
1235	8	O	5.55	C	-		
1235	9	O	5.55	A	-		
1235	10	O	5.55	A	-		
1235	11	O	5.55	C	-		
1235	12	O	5.55	A	-		
1235	13	O	5.55	G	-		
1235	14	O	5.55	T	-		
1235	15	O	5.55	C	-		
1235	16	O	5.55	A	-		
1235	17	O	5.55	C	-		
1235	18	O	5.55	A	-		
1235	19	O	5.55	A	-		
1235	20	O	5.55	C	-		
1235	21	O	5.55	T	-		
1235	22	O	5.55	A	-		
1235	23	O	5.55	C	-		
1235	24	O	5.55	A	-		
1235	25	O	5.55	A	-		
1235	26	O	5.55	C	-		
1235	27	O	5.55	A	-		
1235	28	O	5.55	A	-		
1235	29	O	5.55	A	-		
1235	30	O	5.55	A	-		
1235	31	O	5.55	G	-		
1235	32	O	5.55	C	-		
1235	33	O	5.55	A	-		
1235	34	O	5.55	G	-		
1235	35	O	5.55	C	-		
1235	36	O	5.55	A	-		
1235	37	O	5.55	G	-		
1235	38	O	5.55	C	-		
1235	39	O	5.55	T	-		
1235	40	O	5.55	G	-		
1235	41	O	5.55	C	-		
1235	42	O	5.55	A	-		
1235	43	O	5.55	G	-		
1235	44	O	5.55	G	-		
1235	45	O	5.55	A	-		
1235	46	O	5.55	G	-		
1235	47	O	5.55	C	-		
1235	48	O	5.55	A	-		
1235	49	O	5.55	C	-		
1235	50	O	5.55	C	-		
1235	51	O	5.55	T	-		
1235	52	O	5.55	A	-		
1235	53	O	5.55	C	-		
1235	54	O	5.55	T	-		
1235	55	O	5.55	G	-		
1235	56	O	5.55	T	-		
1235	57	O	5.55	G	-		
1235	58	O	5.55	A	-		
1235	59	O	5.55	T	-		
1235	60	O	5.55	C	-		
1235	61	O	5.55	A	-		
1235	62	O	5.55	T	-		
1235	63	O	5.55	C	-		
1235	64	O	5.55	A	-		
1235	65	O	5.55	G	-		
1235	66	O	5.55	T	-		
1235	67	O	5.55	C	-		
1235	68	O	5.55	A	-		
1235	69	O	5.55	T	-		
1235	70	O	5.55	T	-		
1235	71	O	5.55	A	-		
1235	72	O	5.55	C	-		
1235	73	O	5.55	A	-		
1235	74	O	5.55	A	-		
1235	75	O	5.55	T	-		
1235	76	O	5.55	T	-		
1235	77	O	5.55	T	-		
1235	78	O	5.55	C	-		
1235	79	O	5.55	C	-		
1235	80	O	5.55	C	-		
1235	81	O	5.55	A	-		
1235	82	O	5.55	T	-		
1235	83	O	5.55	G	-		
1235	84	O	5.55	C	-		
1235	85	O	5.55	T	-		
1235	86	O	5.55	A	-		
1235	87	O	5.55	G	-		
1235	88	O	5.55	C	-		
1235	89	O	5.55	T	-		
1235	90	O	5.55	A	-		
1235	91	O	5.55	A	-		
1235	92	O	5.55	A	-		
1235	93	O	5.55	G	-		
1235	94	O	5.55	C	-		
1235	95	O	5.55	T	-		
1235	96	O	5.55	T	-		
1235	97	O	5.55	G	-		
1235	98	O	5.55	T	-		
1235	99	O	5.55	A	-		
1235	100	O	5.55	A	-		
1235	101	O	5.55	A	-		
1235	102	O	5.55	T	-		
1235	103	O	5.55	A	-		
1235	104	O	5.55	T	-		
1235	105	O	5.55	C	-		
1235	106	O	5.55	T	-		
1235	107	O	5.55	T	-		
1235	108	O	5.55	T	-		
1235	109	O	5.55	A	-		
1236	0	O	5.16	G	-		
1236	1	O	13.86	T	-		
1236	2	O	13.86	C	-		
1236	3	O	13.86	G	-		
1236	4	O	13.86	A	-		
1236	5	O	13.86	T	-		
1236	6	O	13.86	G	-		
1236	7	O	13.86	T	-		
1236	8	O	13.86	G	-		
1236	9	O	13.86	G	-		
1236	10	O	13.86	A	-		
1236	11	O	13.86	C	-		
1236	12	O	13.86	G	-		
1236	13	O	13.86	C	-		
1236	14	O	13.86	C	-		
1236	15	O	13.86	A	-		
1236	16	O	13.86	T	-		
1236	17	O	13.86	C	-		
1236	18	O	13.86	G	-		
1236	19	O	13.86	T	-		
1236	20	O	13.86	G	-		
1236	21	O	13.86	T	-		
1236	22	O	13.86	T	-		
1236	23	O	13.86	C	-		
1236	24	O	13.86	T	-		
1236	25	O	13.86	G	-		
1236	26	O	13.86	G	-		
1236	27	O	13.86	C	-		
1236	28	O	13.86	A	-		
1236	29	O	13.86	G	-		
1236	30	O	13.86	A	-		
1236	31	O	13.86	T	-		
1236	32	O	13.86	T	-		
1236	33	O	13.86	C	-		
1236	34	O	13.86	A	-		
1236	35	O	13.86	C	-		
1236	36	O	13.86	G	-		
1236	37	O	13.86	A	-		
1236	38	O	13.86	T	-		
1236	39	O	13.86	C	-		
1236	40	O	13.86	C	-		
1236	41	O	13.86	C	-		
1236	42	O	13.86	G	-		
1236	43	O	13.86	A	-		
1236	44	O	13.86	A	-		
1236	45	O	13.86	C	-		
1236	46	O	13.86	G	-		
1236	47	O	13.86	C	-		
1236	48	O	13.86	G	-		
1236	49	O	13.86	C	-		
1236	50	O	13.86	C	-		
1236	51	O	13.86	G	-		
1236	52	O	13.86	C	-		
1236	53	O	13.86	G	-		
1236	54	O	13.86	C	-		
1236	55	O	13.86	T	-		
1236	56	O	13.86	C	-		
1236	57	O	13.86	G	-		
1236	58	O	13.86	A	-		
1236	59	O	13.86	G	-		
1236	60	O	13.86	A	-		
1236	61	O	13.86	T	-		
1236	62	O	13.86	C	-		
1236	63	O	13.86	A	-		
1236	64	O	13.86	C	-		
1236	65	O	13.86	C	-		
1236	66	O	13.86	G	-		
1236	67	O	13.86	A	-		
1236	68	O	13.86	C	-		
1236	69	O	13.86	T	-		
1236	70	O	13.86	A	-		
1236	71	O	13.86	T	-		
1236	72	O	13.86	C	-		
1236	73	O	13.86	G	-		
1236	74	O	13.86	G	-		
1236	75	O	13.86	A	-		
1236	76	O	13.86	G	-		
1236	77	O	13.86	C	-		
1236	78	O	13.86	G	-		
1236	79	O	13.86	C	-		
1236	80	O	13.86	C	-		
1236	81	O	13.86	A	-		
1236	82	O	13.86	T	-		
1236	83	O	13.86	C	-		
1236	84	O	13.86	A	-		
1236	85	O	13.86	G	-		
1236	86	O	13.86	C	-		
1236	87	O	13.86	C	-		
1236	88	O	13.86	G	-		
1236	89	O	13.86	G	-		
1236	90	O	13.86	G	-		
1236	91	O	13.86	T	-		
1236	92	O	13.86	A	-		
1236	93	O	13.86	G	-		
1236	94	O	13.86	C	-		
1236	95	O	13.86	C	-		
1236	96	O	13.86	C	-		
1236	97	O	13.86	A	-		
1236	98	O	13.86	G	-		
1236	99	O	13.86	A	-		
1236	100	O	13.86	C	-		
1236	101	O	13.86	C	-		
1236	102	O	13.86	T	-		
1236	103	O	13.86	C	-		
1236	104	O	13.86	G	-		
1236	105	O	13.86	C	-		
1236	106	O	13.86	T	-		
1236	107	O	13.86	T	-		
1236	108	O	13.86	C	-		
1236	109	O	13.86	G	-		
1237	0	O	13.86	C	-		
1237	1	O	13.86	G	-		
1237	2	O	13.86	C	-		
1237	3	O	13.86	G	-		
1237	4	O	13.86	C	-		
1237	5	O	13.86	C	-		
1237	6	O	13.86	T	-		
1237	7	O	13.86	T	-		
1237	8	O	13.86	G	-		
1237	9	O	13.86	T	-		
1237	10	O	13.86	C	-		
1237	11	O	13.86	T	-		
1237	12	O	13.86	T	-		
1237	13	O	13.86	C	-		
1237	14	O	13.86	C	-		
1237	15	O	13.86	C	-		
1237	16	O	13.86	A	-		
1237	17	O	13.86	G	-		
1237	18	O	13.86	A	-		
1237	19	O	13.86	C	-		
1237	20	O	13.86	G	-		
1237	21	O	13.86	T	-		
1237	22	O	13.86	A	-		
1237	23	O	13.86	T	-		
1237	24	O	13.86	T	-		
1237	25	O	13.86	C	-		
1237	26	O	13.86	T	-		
1237	27	O	13.86	T	-		
1237	28	O	13.86	G	-		
1237	29	O	13.86	G	-		
1237	30	O	13.86	T	-		
1237	31	O	13.86	G	-		
1237	32	O	13.86	G	-		
1237	33	O	13.86	A	-		
1237	34	O	13.86	A	-		
1237	35	O	13.86	C	-		
1237	36	O	13.86	A	-		
1237	37	O	13.86	T	-		
1237	38	O	13.86	G	-		
1237	39	O	13.86	A	-		
1237	40	O	5.16	T	-		
1237	41	O	13.86	C	-		
1237	42	O	13.86	T	-		
1237	43	O	13.86	G	-		
1237	44	O	13.86	G	-		
1237	45	O	13.86	C	-		
1237	46	O	13.86	C	-		
1237	47	O	13.86	T	-		
1237	48	O	13.86	T	-		
1237	49	O	13.86	C	-		
1237	50	O	13.86	G	-		
1237	51	O	13.86	G	-		
1237	52	O	13.86	C	-		
1237	53	O	13.86	G	-		
1237	54	O	13.86	C	-		
1237	55	O	13.86	G	-		
1237	56	O	13.86	G	-		
1237	57	O	13.86	G	-		
1237	58	O	13.86	C	-		
1237	59	O	13.86	G	-		
1237	60	O	13.86	G	-		
1237	61	O	13.86	C	-		
1237	62	O	13.86	G	-		
1237	63	O	13.86	G	-		
1237	64	O	13.86	C	-		
1237	65	O	13.86	G	-		
1237	66	O	13.86	A	-		
1237	67	O	5.16	T	-		
1237	68	O	13.86	C	-		
1237	69	O	13.86	T	-		
1237	70	O	13.86	C	-		
1237	71	O	13.86	T	-		
1237	72	O	13.86	T	-		
1237	73	O	13.86	C	-		
1237	74	O	13.86	G	-		
1237	75	O	13.86	A	-		
1237	76	O	13.86	T	-		
1237	77	O	13.86	C	-		
1237	78	O	13.86	G	-		
1237	79	O	13.86	A	-		
1237	80	O	13.86	G	-		
1237	81	O	13.86	A	-		
1237	82	O	13.86	G	-		
1237	83	O	13.86	G	-		
1237	84	O	13.86	G	-		
1237	85	O	5.16	T	-		
1237	86	O	13.86	C	-		
1237	87	O	13.86	G	-		
1237	88	O	13.86	A	-		
1237	89	O	13.86	T	-		
1237	90	O	13.86	G	-		
1237	91	O	13.86	A	-		
1237	92	O	13.86	G	-		
1237	93	O	13.86	A	-		
1237	94	O	13.86	T	-		
1237	95	O	13.86	G	-		
1237	96	O	13.86	G	-		
1237	97	O	13.86	A	-		
1237	98	O	13.86	G	-		
1237	99	O	13.86	G	-		
1237	100	O	13.86	G	-		
1237	101	O	13.86	C	-		
1237	102	O	13.86	A	-		
1237	103	O	13.86	C	-		
1237	104	O	13.86	G	-		
1237	105	O	13.86	T	-		
1237	106	O	13.86	A	-		
1237	107	O	13.86	G	-		
1237	108	O	13.86	A	-		
1237	109	O	13.86	G	-		
1238	0	O	15.25	A	-		
1238	1	O	15.25	G	-		
1238	2	O	15.25	G	-		
1238	3	O	15.25	A	-		
1238	4	O	15.25	G	-		
1238	5	O	15.25	G	-		
1238	6	O	15.25	G	-		
1238	7	O	15.25	T	-		
1238	8	O	15.25	A	-		
1238	9	O	15.25	A	-		
1238	10	O	15.25	T	-		
1238	11	O	15.25	G	-		
1238	12	O	15.25	A	-		
1238	13	O	15.25	G	-		
1238	14	O	15.25	C	-		
1238	15	O	15.25	G	-		
1238	16	O	15.25	C	-		
1238	17	O	15.25	T	-		
1238	18	O	15.25	C	-		
1238	19	O	6.35	G	-		
1238	20	O	15.25	G	-		
1238	21	O	15.25	G	-		
1238	22	O	15.25	C	-		
1238	23	O	15.25	G	-		
1238	24	O	15.25	G	-		
1238	25	O	15.25	C	-		
1238	26	O	15.25	A	-		
1238	27	O	15.25	T	-		
1238	28	O	15.25	T	-		
1238	29	O	15.25	T	-		
1238	30	O	15.25	G	-		
1238	31	O	15.25	C	-		
1238	32	O	15.25	A	-		
1238	33	O	15.25	T	-		
1238	34	O	15.25	G	-		
1238	35	O	15.25	A	-		
1238	36	O	15.25	T	-		
1238	37	O	15.25	T	-		
1238	38	O	15.25	G	-		
1238	39	O	15.25	G	-		
1238	40	O	15.25	T	-		
1238	41	O	15.25	C	-		
1238	42	O	15.25	T	-		
1238	43	O	15.25	G	-		
1238	44	O	15.25	C	-		
1238	45	O	15.25	A	-		
1238	46	O	15.25	T	-		
1238	47	O	15.25	T	-		
1238	48	O	15.25	A	-		
1238	49	O	15.25	G	-		
1238	50	O	15.25	A	-		
1238	51	O	15.25	G	-		
1238	52	O	15.25	A	-		
1238	53	O	15.25	G	-		
1238	54	O	15.25	C	-		
1238	55	O	15.25	G	-		
1238	56	O	15.25	C	-		
1238	57	O	15.25	C	-		
1238	58	O	15.25	G	-		
1238	59	O	15.25	A	-		
1238	60	O	15.25	G	-		
1238	61	O	15.25	C	-		
1238	62	O	15.25	T	-		
1238	63	O	15.25	C	-		
1238	64	O	15.25	A	-		
1238	65	O	15.25	C	-		
1238	66	O	15.25	C	-		
1238	67	O	15.25	T	-		
1238	68	O	15.25	G	-		
1238	69	O	15.25	G	-		
1238	70	O	15.25	C	-		
1238	71	O	15.25	C	-		
1238	72	O	15.25	G	-		
1238	73	O	15.25	C	-		
1238	74	O	15.25	T	-		
1238	75	O	15.25	A	-		
1238	76	O	15.25	A	-		
1238	77	O	15.25	T	-		
1238	78	O	15.25	G	-		
1238	79	O	15.25	A	-		
1238	80	O	15.25	T	-		
1238	81	O	15.25	C	-		
1238	82	O	15.25	G	-		
1238	83	O	15.25	G	-		
1238	84	O	15.25	C	-		
1238	85	O	15.25	G	-		
1238	86	O	15.25	A	-		
1238	87	O	15.25	T	-		
1238	88	O	15.25	C	-		
1238	89	O	15.25	A	-		
1238	90	O	15.25	T	-		
1238	91	O	15.25	C	-		
1238	92	O	15.25	T	-		
1238	93	O	15.25	A	-		
1238	94	O	15.25	G	-		
1238	95	O	15.25	T	-		
1238	96	O	15.25	G	-		
1238	97	O	15.25	G	-		
1238	98	O	15.25	A	-		
1238	99	O	15.25	A	-		
1238	100	O	15.25	T	-		
1238	101	O	15.25	C	-		
1238	102	O	15.25	G	-		
1238	103	O	15.25	G	-		
1238	104	O	15.25	G	-		
1238	105	O	15.25	C	-		
1238	106	O	15.25	G	-		
1238	107	O	15.25	A	-		
1238	108	O	15.25	A	-		
1238	109	O	15.25	C	-		
1239	0	O	16.64	T	-		
1239	1	U	0.00	-	-		
1239	2	O	16.64	A	-		
1239	3	O	16.64	A	-		
1239	4	O	18.02	G	-		
1239	5	O	18.02	G	-		
1239	6	O	18.02	A	-		
1239	7	O	18.02	A	-		
1239	8	O	18.02	A	-		
1239	9	O	18.02	A	-		
1239	10	O	18.02	C	-		
1239	11	O	18.02	T	-		
1239	12	O	18.02	T	-		
1239	13	O	18.02	T	-		
1239	14	O	18.02	C	-		
1239	15	O	18.02	G	-		
1239	16	O	18.02	A	-		
1239	17	O	18.02	A	-		
1239	18	O	18.02	C	-		
1239	19	O	18.02	G	-		
1239	20	O	18.02	A	-		
1239	21	O	18.02	A	-		
1239	22	O	18.02	T	-		
1239	23	O	18.02	G	-		
1239	24	O	18.02	C	-		
1239	25	O	18.02	G	-		
1239	26	O	18.02	A	-		
1239	27	O	18.02	T	-		
1239	28	O	18.02	A	-		
1239	29	O	18.02	A	-		
1239	30	O	18.02	C	-		
1239	31	O	18.02	A	-		
1239	32	O	18.02	T	-		
1239	33	O	18.02	G	-		
1239	34	O	18.02	G	-		
1239	35	O	18.02	T	-		
1239	36	O	18.02	T	-		
1239	37	O	18.02	T	-		
1239	38	O	18.02	G	-		
1239	39	O	18.02	A	-		
1239	40	O	18.02	A	-		
1239	41	O	18.02	A	-		
1239	42	O	18.02	A	-		
1239	43	O	18.02	T	-		
1239	44	O	18.02	G	-		
1239	45	O	18.02	A	-		
1239	46	O	18.02	A	-		
1239	47	O	18.02	C	-		
1239	48	O	18.02	C	-		
1239	49	O	18.02	C	-		
1239	50	O	18.02	A	-		
1239	51	O	18.02	T	-		
1239	52	O	18.02	T	-		
1239	53	O	18.02	C	-		
1239	54	O	18.02	A	-		
1239	55	O	18.02	A	-		
1239	56	O	18.02	T	-		
1239	57	O	18.02	C	-		
1239	58	O	18.02	A	-		
1239	59	O	18.02	A	-		
1239	60	O	18.02	G	-		
1239	61	O	18.02	T	-		
1239	62	O	18.02	G	-		
1239	63	O	18.02	T	-		
1239	64	O	18.02	G	-		
1239	65	O	18.02	C	-		
1239	66	O	18.02	A	-		
1239	67	O	18.02	T	-		
1239	68	O	18.02	T	-		
1239	69	O	18.02	C	-		
1239	70	O	18.02	G	-		
1239	71	O	18.02	G	-		
1239	72	O	18.02	A	-		
1239	73	O	18.02	G	-		
1239	74	O	18.02	T	-		
1239	75	O	18.02	A	-		
1239	76	O	18.02	A	-		
1239	77	O	18.02	G	-		
1239	78	O	18.02	G	-		
1239	79	O	18.02	G	-		
1239	80	O	18.02	C	-		
1239	81	O	18.02	T	-		
1239	82	O	18.02	G	-		
1239	83	O	18.02	G	-		
1239	84	O	18.02	G	-		
1239	85	O	18.02	A	-		
1239	86	O	18.02	A	-		
1239	87	O	18.02	T	-		
1239	88	O	18.02	T	-		
1239	89	O	18.02	T	-		
1239	90	O	18.02	T	-		
1239	91	O	18.02	T	-		
1239	92	O	18.02	T	-		
1239	93	O	18.02	A	-		
1239	94	O	18.02	G	-		
1239	95	O	18.02	G	-		
1239	96	O	18.02	A	-		
1239	97	O	18.02	T	-		
1239	98	O	18.02	T	-		
1239	99	O	18.02	T	-		
1239	100	O	18.02	C	-		
1239	101	O	18.02	T	-		
1239	102	O	18.02	T	-		
1239	103	O	18.02	G	-		
1239	104	O	18.02	T	-		
1239	105	O	18.02	G	-		
1239	106	O	18.02	C	-		
1239	107	O	18.02	A	-		
1239	108	O	18.02	C	-		
1239	109	O	18.02	C	-		
1239	110	U	0.00	-	-		
1239	111	U	1.39	C	-		
1239	112	U	1.39	C	-		
1239	113	U	1.39	G	-		
1240	0	O	12.48	A	-		
1240	1	O	12.48	G	-		
1240	2	O	12.48	T	-		
1240	3	O	12.48	G	-		
1240	4	O	12.48	A	-		
1240	5	O	12.48	C	-		
1240	6	O	12.48	G	-		
1240	7	O	12.48	A	-		
1240	8	O	12.48	C	-		
1240	9	O	12.48	T	-		
1240	10	O	12.48	G	-		
1240	11	O	12.48	A	-		
1240	12	O	12.48	G	-		
1240	13	O	12.48	C	-		
1240	14	O	12.48	T	-		
1240	15	O	12.48	C	-		
1240	16	O	12.48	C	-		
1240	17	O	12.48	T	-		
1240	18	O	12.48	C	-		
1240	19	O	12.48	G	-		
1240	20	O	12.48	A	-		
1240	21	O	12.48	C	-		
1240	22	O	12.48	C	-		
1240	23	O	12.48	C	-		
1240	24	O	12.48	T	-		
1240	25	O	12.48	G	-		
1240	26	O	12.48	G	-		
1240	27	O	12.48	C	-		
1240	28	O	12.48	A	-		
1240	29	O	12.48	G	-		
1240	30	O	12.48	C	-		
1240	31	O	12.48	G	-		
1240	32	O	12.48	G	-		
1240	33	O	12.48	C	-		
1240	34	O	12.48	A	-		
1240	35	O	12.48	G	-		
1240	36	O	12.48	C	-		
1240	37	O	12.48	G	-		
1240	38	O	12.48	G	-		
1240	39	O	12.48	C	-		
1240	40	O	12.48	G	-		
1240	41	O	12.48	A	-		
1240	42	O	12.48	C	-		
1240	43	O	12.48	T	-		
1240	44	O	12.48	C	-		
1240	45	O	12.48	G	-		
1240	46	O	12.48	C	-		
1240	47	O	12.48	G	-		
1240	48	O	12.48	G	-		
1240	49	O	12.48	A	-		
1240	50	O	12.48	G	-		
1240	51	O	12.48	A	-		
1240	52	O	12.48	C	-		
1240	53	O	12.48	C	-		
1240	54	O	12.48	C	-		
1240	55	O	12.48	C	-		
1240	56	O	12.48	A	-		
1240	57	O	12.48	G	-		
1240	58	O	12.48	A	-		
1240	59	O	12.48	G	-		
1240	60	O	12.48	A	-		
1240	61	O	12.48	G	-		
1240	62	O	12.48	A	-		
1240	63	O	12.48	A	-		
1240	64	O	12.48	C	-		
1240	65	O	12.48	A	-		
1240	66	O	12.48	T	-		
1240	67	O	12.48	G	-		
1240	68	O	12.48	A	-		
1240	69	O	12.48	A	-		
1240	70	O	12.48	C	-		
1240	71	O	12.48	C	-		
1240	72	O	12.48	T	-		
1240	73	O	12.48	T	-		
1240	74	O	12.48	G	-		
1240	75	O	12.48	C	-		
1240	76	O	12.48	G	-		
1240	77	O	12.48	C	-		
1240	78	O	12.48	G	-		
1240	79	O	12.48	G	-		
1240	80	O	12.48	G	-		
1240	81	O	12.48	C	-		
1240	82	O	12.48	T	-		
1240	83	O	12.48	C	-		
1240	84	O	12.48	T	-		
1240	85	O	12.48	T	-		
1240	86	O	12.48	G	-		
1240	87	O	12.48	T	-		
1240	88	O	12.48	T	-		
1240	89	O	12.48	C	-		
1240	90	O	12.48	A	-		
1240	91	O	12.48	C	-		
1240	92	O	12.48	A	-		
1240	93	O	12.48	A	-		
1240	94	O	12.48	A	-		
1240	95	O	12.48	C	-		
1240	96	O	12.48	A	-		
1240	97	O	12.48	C	-		
1240	98	O	12.48	T	-		
1240	99	O	12.48	T	-		
1240	100	O	12.48	T	-		
1240	101	O	12.48	G	-		
1240	102	O	12.48	A	-		
1240	103	O	12.48	C	-		
1240	104	O	12.48	T	-		
1240	105	O	12.48	T	-		
1240	106	O	12.48	T	-		
1240	107	O	12.48	G	-		
1240	108	O	12.48	A	-		
1240	109	O	12.48	C	-		
1241	0	O	8.32	T	-		
1241	1	O	8.32	A	-		
1241	2	O	8.32	T	-		
1241	3	O	8.32	T	-		
1241	4	O	8.32	T	-		
1241	5	O	8.32	G	-		
1241	6	O	8.32	G	-		
1241	7	O	8.32	C	-		
1241	8	O	8.32	A	-		
1241	9	O	8.32	G	-		
1241	10	O	8.32	T	-		
1241	11	O	8.32	G	-		
1241	12	O	8.32	G	-		
1241	13	O	8.32	T	-		
1241	14	O	8.32	T	-		
1241	15	O	8.32	C	-		
1241	16	O	8.32	T	-		
1241	17	O	8.32	T	-		
1241	18	O	8.32	G	-		
1241	19	O	8.32	A	-		
1241	20	O	8.32	A	-		
1241	21	O	8.32	G	-		
1241	22	O	8.32	T	-		
1241	23	O	8.32	T	-		
1241	24	O	8.32	C	-		
1241	25	O	8.32	G	-		
1241	26	O	8.32	G	-		
1241	27	O	8.32	T	-		
1241	28	O	8.32	A	-		
1241	29	O	8.32	T	-		
1241	30	O	8.32	T	-		
1241	31	O	8.32	T	-		
1241	32	O	8.32	G	-		
1241	33	O	8.32	G	-		
1241	34	O	8.32	T	-		
1241	35	O	8.32	G	-		
1241	36	O	8.32	G	-		
1241	37	O	8.32	T	-		
1241	38	O	8.32	T	-		
1241	39	O	8.32	C	-		
1241	40	O	8.32	T	-		
1241	41	O	8.32	T	-		
1241	42	O	8.32	A	-		
1241	43	O	8.32	T	-		
1241	44	O	8.32	C	-		
1241	45	O	8.32	G	-		
1241	46	O	8.32	A	-		
1241	47	O	8.32	A	-		
1241	48	O	8.32	G	-		
1241	49	O	8.32	T	-		
1241	50	O	8.32	T	-		
1241	51	O	8.32	C	-		
1241	52	O	8.32	A	-		
1241	53	O	8.32	G	-		
1241	54	O	8.32	G	-		
1241	55	O	8.32	A	-		
1241	56	O	8.32	T	-		
1241	57	O	8.32	G	-		
1241	58	O	8.32	T	-		
1241	59	O	8.32	G	-		
1241	60	O	8.32	C	-		
1241	61	O	8.32	T	-		
1241	62	O	8.32	C	-		
1241	63	U	-3.71	T	C		
1241	64	O	8.32	C	-		
1241	65	O	8.32	G	-		
1241	66	O	8.32	C	-		
1241	67	O	8.32	C	-		
1241	68	O	8.32	T	-		
1241	69	O	8.32	C	-		
1241	70	O	8.32	T	-		
1241	71	O	8.32	C	-		
1241	72	O	8.32	A	-		
1241	73	O	8.32	T	-		
1241	74	O	8.32	T	-		
1241	75	O	8.32	T	-		
1241	76	O	8.32	G	-		
1241	77	O	8.32	T	-		
1241	78	O	8.32	G	-		
1241	79	O	8.32	A	-		
1241	80	O	8.32	A	-		
1241	81	O	8.32	G	-		
1241	82	O	8.32	T	-		
1241	83	O	8.32	G	-		
1241	84	O	8.32	A	-		
1241	85	O	8.32	A	-		
1241	86	O	8.32	A	-		
1241	87	O	8.32	A	-		
1241	88	O	8.32	A	-		
1241	89	O	8.32	T	-		
1241	90	O	8.32	G	-		
1241	91	O	8.32	C	-		
1241	92	O	8.32	A	-		
1241	93	O	8.32	T	-		
1241	94	O	8.32	T	-		
1241	95	O	8.32	T	-		
1241	96	O	8.32	A	-		
1241	97	O	8.32	C	-		
1241	98	O	8.32	C	-		
1241	99	O	8.32	G	-		
1241	100	O	8.32	A	-		
1241	101	O	8.32	C	-		
1241	102	O	8.32	C	-		
1241	103	O	8.32	A	-		
1241	104	O	8.32	C	-		
1241	105	O	8.32	C	-		
1241	106	O	8.32	T	-		
1241	107	O	8.32	T	-		
1241	108	O	8.32	T	-		
1241	109	O	8.32	A	-		
1242	0	O	5.55	C	-		
1242	1	O	5.55	A	-		
1242	2	O	5.55	A	-		
1242	3	O	5.55	C	-		
1242	4	O	5.55	T	-		
1242	5	O	5.55	G	-		
1242	6	O	5.55	A	-		
1242	7	O	5.55	T	-		
1242	8	O	5.55	G	-		
1242	9	O	5.55	C	-		
1242	10	O	5.55	A	-		
1242	11	O	5.55	G	-		
1242	12	O	5.55	A	-		
1242	13	O	5.55	A	-		
1242	14	O	5.55	G	-		
1242	15	O	5.55	T	-		
1242	16	O	5.55	C	-		
1242	17	O	5.55	G	-		
1242	18	O	5.55	A	-		
1242	19	O	5.55	G	-		
1242	20	O	5.55	C	-		
1242	21	O	5.55	G	-		
1242	22	O	5.55	C	-		
1242	23	O	5.55	C	-		
1242	24	O	5.55	C	-		
1242	25	O	5.55	T	-		
1242	26	O	5.55	G	-		
1242	27	O	5.55	A	-		
1242	28	O	5.55	A	-		
1242	29	O	5.55	A	-		
1242	30	O	5.55	A	-		
1242	31	O	5.55	T	-		
1242	32	O	5.55	G	-		
1242	33	O	5.55	A	-		
1242	34	O	5.55	T	-		
1242	35	O	5.55	C	-		
1242	36	O	5.55	T	-		
1242	37	O	5.55	G	-		
1242	38	O	5.55	G	-		
1242	39	O	5.55	G	-		
1242	40	O	5.55	G	-		
1242	41	O	5.55	C	-		
1242	42	O	5.55	C	-		
1242	43	O	5.55	G	-		
1242	44	O	5.55	G	-		
1242	45	O	5.55	G	-		
1242	46	O	5.55	T	-		
1242	47	O	5.55	G	-		
1242	48	O	5.55	A	-		
1242	49	O	5.55	A	-		
1242	50	O	5.55	G	-		
1242	51	O	5.55	G	-		
1242	52	O	5.55	G	-		
1242	53	O	5.55	C	-		
1242	54	O	5.55	C	-		
1242	55	O	5.55	C	-		
1242	56	O	5.55	G	-		
1242	57	O	5.55	T	-		
1242	58	O	5.55	C	-		
1242	59	O	5.55	G	-		
1242	60	O	5.55	G	-		
1242	61	O	5.55	G	-		
1242	62	O	5.55	T	-		
1242	63	O	5.55	G	-		
1242	64	O	5.55	G	-		
1242	65	O	5.55	C	-		
1242	66	O	5.55	G	-		
1242	67	O	5.55	C	-		
1242	68	O	5.55	C	-		
1242	69	O	5.55	G	-		
1242	70	O	5.55	G	-		
1242	71	O	5.55	C	-		
1242	72	O	5.55	C	-		
1242	73	O	5.55	A	-		
1242	74	O	5.55	G	-		
1242	75	O	5.55	A	-		
1242	76	O	5.55	C	-		
1242	77	O	5.55	A	-		
1242	78	O	5.55	G	-		
1242	79	O	5.55	A	-		
1242	80	O	5.55	C	-		
1242	81	O	5.55	G	-		
1242	82	O	5.55	A	-		
1242	83	O	5.55	G	-		
1242	84	O	5.55	C	-		
1242	85	O	5.55	G	-		
1242	86	O	5.55	T	-		
1242	87	O	5.55	C	-		
1242	88	O	5.55	A	-		
1242	89	O	5.55	A	-		
1242	90	O	5.55	C	-		
1242	91	O	5.55	G	-		
1242	92	O	5.55	T	-		
1242	93	O	5.55	G	-		
1242	94	O	5.55	A	-		
1242	95	O	5.55	G	-		
1242	96	O	5.55	C	-		
1242	97	O	5.55	T	-		
1242	98	O	5.55	T	-		
1242	99	O	5.55	G	-		
1242	100	O	5.55	T	-		
1242	101	O	5.55	G	-		
1242	102	O	5.55	C	-		
1242	103	O	5.55	G	-		
1242	104	O	5.55	G	-		
1242	105	O	5.55	C	-		
1242	106	O	5.55	G	-		
1242	107	O	5.55	A	-		
1242	108	O	5.55	C	-		
1242	109	O	5.55	G	-		
1243	0	O	8.32	A	-		
1243	1	O	8.32	T	-		
1243	2	O	8.32	A	-		
1243	3	O	8.32	A	-		
1243	4	O	8.32	G	-		
1243	5	O	8.32	A	-		
1243	6	O	8.32	C	-		
1243	7	O	8.32	T	-		
1243	8	O	8.32	G	-		
1243	9	O	8.32	T	-		
1243	10	O	8.32	C	-		
1243	11	O	8.32	C	-		
1243	12	O	8.32	C	-		
1243	13	O	8.32	C	-		
1243	14	O	8.32	G	-		
1243	15	O	8.32	T	-		
1243	16	O	8.32	A	-		
1243	17	O	8.32	G	-		
1243	18	O	8.32	T	-		
1243	19	O	8.32	T	-		
1243	20	O	8.32	G	-		
1243	21	O	8.32	A	-		
1243	22	O	8.32	T	-		
1243	23	O	8.32	A	-		
1243	24	O	8.32	A	-		
1243	25	O	8.32	T	-		
1243	26	O	8.32	T	-		
1243	27	O	8.32	T	-		
1243	28	O	8.32	T	-		
1243	29	O	8.32	C	-		
1243	30	O	8.32	C	-		
1243	31	O	8.32	C	-		
1243	32	O	8.32	C	-		
1243	33	O	8.32	A	-		
1243	34	O	8.32	G	-		
1243	35	O	8.32	T	-		
1243	36	O	8.32	T	-		
1243	37	O	8.32	G	-		
1243	38	O	8.32	T	-		
1243	39	O	8.32	A	-		
1243	40	O	8.32	C	-		
1243	41	O	8.32	A	-		
1243	42	O	8.32	A	-		
1243	43	O	8.32	A	-		
1243	44	O	8.32	A	-		
1243	45	O	8.32	T	-		
1243	46	O	8.32	A	-		
1243	47	O	8.32	A	-		
1243	48	O	8.32	A	-		
1243	49	O	8.32	T	-		
1243	50	O	8.32	T	-		
1243	51	O	8.32	A	-		
1243	52	O	8.32	A	-		
1243	53	O	8.32	A	-		
1243	54	O	8.32	A	-		
1243	55	O	8.32	G	-		
1243	56	O	8.32	T	-		
1243	57	O	8.32	A	-		
1243	58	O	8.32	A	-		
1243	59	O	8.32	C	-		
1243	60	O	8.32	T	-		
1243	61	O	8.32	G	-		
1243	62	O	8.32	A	-		
1243	63	O	8.32	A	-		
1243	64	O	8.32	G	-		
1243	65	O	8.32	A	-		
1243	66	O	8.32	A	-		
1243	67	O	8.32	A	-		
1243	68	O	8.32	C	-		
1243	69	O	8.32	C	-		
1243	70	O	8.32	C	-		
1243	71	O	8.32	T	-		
1243	72	O	8.32	G	-		
1243	73	O	8.32	A	-		
1243	74	O	8.32	T	-		
1243	75	O	8.32	A	-		
1243	76	O	8.32	A	-		
1243	77	O	8.32	C	-		
1243	78	O	8.32	C	-		
1243	79	O	8.32	T	-		
1243	80	O	8.32	A	-		
1243	81	O	8.32	A	-		
1243	82	O	8.32	A	-		
1243	83	O	8.32	A	-		
1243	84	O	8.32	G	-		
1243	85	O	8.32	T	-		
1243	86	O	8.32	A	-		
1243	87	O	8.32	C	-		
1243	88	O	8.32	A	-		
1243	89	O	8.32	C	-		
1243	90	O	8.32	C	-		
1243	91	O	8.32	A	-		
1243	92	O	8.32	A	-		
1243	93	O	8.32	G	-		
1243	94	O	8.32	T	-		
1243	95	O	8.32	T	-		
1243	96	O	8.32	G	-		
1243	97	O	8.32	C	-		
1243	98	O	8.32	T	-		
1243	99	O	8.32	A	-		
1243	100	O	8.32	A	-		
1243	101	O	8.32	T	-		
1243	102	O	8.32	C	-		
1243	103	O	8.32	A	-		
1243	104	O	8.32	A	-		
1243	105	O	8.32	G	-		
1243	106	O	8.32	A	-		
1243	107	O	8.32	A	-		
1243	108	O	8.32	A	-		
1243	109	O	8.32	A	-		
1244	0	O	8.32	A	-		
1244	1	O	8.32	T	-		
1244	2	O	8.32	C	-		
1244	3	O	8.32	T	-		
1244	4	O	8.32	T	-		
1244	5	O	8.32	C	-		
1244	6	O	8.32	T	-		
1244	7	O	8.32	G	-		
1244	8	O	8.32	C	-		
1244	9	O	8.32	C	-		
1244	10	O	8.32	C	-		
1244	11	O	8.32	A	-		
1244	12	O	8.32	A	-		
1244	13	O	8.32	C	-		
1244	14	O	8.32	A	-		
1244	15	O	8.32	G	-		
1244	16	O	8.32	G	-		
1244	17	O	8.32	A	-		
1244	18	O	8.32	C	-		
1244	19	O	8.32	T	-		
1244	20	O	8.32	G	-		
1244	21	O	8.32	C	-		
1244	22	O	8.32	A	-		
1244	23	O	8.32	G	-		
1244	24	O	8.32	G	-		
1244	25	O	8.32	A	-		
1244	26	O	8.32	G	-		
1244	27	O	8.32	G	-		
1244	28	O	8.32	G	-		
1244	29	O	8.32	G	-		
1244	30	O	8.32	C	-		
1244	31	O	8.32	A	-		
1244	32	O	8.32	C	-		
1244	33	O	8.32	A	-		
1244	34	O	8.32	A	-		
1244	35	O	8.32	T	-		
1244	36	O	8.32	A	-		
1244	37	O	8.32	T	-		
1244	38	O	8.32	C	-		
1244	39	O	8.32	C	-		
1244	40	O	8.32	T	-		
1244	41	O	8.32	T	-		
1244	42	O	8.32	T	-		
1244	43	O	8.32	G	-		
1244	44	O	8.32	G	-		
1244	45	O	8.32	A	-		
1244	46	O	8.32	A	-		
1244	47	O	8.32	T	-		
1244	48	O	8.32	G	-		
1244	49	O	8.32	T	-		
1244	50	O	8.32	T	-		
1244	51	O	8.32	A	-		
1244	52	O	8.32	T	-		
1244	53	O	8.32	C	-		
1244	54	U	0.71	C	A		
1244	55	O	8.32	A	-		
1244	56	O	8.32	T	-		
1244	57	O	8.32	G	-		
1244	58	O	8.32	C	-		
1244	59	O	8.32	T	-		
1244	60	O	8.32	A	-		
1244	61	O	8.32	G	-		
1244	62	O	8.32	G	-		
1244	63	O	8.32	T	-		
1244	64	O	8.32	C	-		
1244	65	O	8.32	T	-		
1244	66	O	8.32	T	-		
1244	67	O	8.32	A	-		
1244	68	O	8.32	G	-		
1244	69	O	8.32	A	-		
1244	70	O	8.32	T	-		
1244	71	O	8.32	T	-		
1244	72	O	8.32	C	-		
1244	73	O	8.32	T	-		
1244	74	O	8.32	G	-		
1244	75	O	8.32	G	-		
1244	76	O	8.32	A	-		
1244	77	O	8.32	A	-		
1244	78	O	8.32	G	-		
1244	79	O	8.32	C	-		
1244	80	O	8.32	A	-		
1244	81	O	8.32	A	-		
1244	82	O	8.32	A	-		
1244	83	O	8.32	A	-		
1244	84	O	8.32	G	-		
1244	85	O	8.32	T	-		
1244	86	O	8.32	A	-		
1244	87	O	8.32	A	-		
1244	88	O	8.32	A	-		
1244	89	O	8.32	A	-		
1244	90	O	8.32	T	-		
1244	91	O	8.32	A	-		
1244	92	O	8.32	C	-		
1244	93	O	8.32	A	-		
1244	94	O	8.32	A	-		
1244	95	O	8.32	T	-		
1244	96	O	8.32	T	-		
1244	97	O	8.32	T	-		
1244	98	O	8.32	A	-		
1244	99	O	8.32	A	-		
1244	100	O	8.32	T	-		
1244	101	O	8.32	A	-		
1244	102	O	8.32	C	-		
1244	103	O	8.32	A	-		
1244	104	O	8.32	A	-		
1244	105	O	8.32	C	-		
1244	106	O	8.32	A	-		
1244	107	O	8.32	G	-		
1244	108	O	8.32	T	-		
1244	109	O	8.32	T	-		
1245	0	O	7.48	C	-		
1245	1	O	31.88	A	-		
1245	2	O	31.88	A	-		
1245	3	O	31.88	A	-		
1245	4	O	31.88	C	-		
1245	5	O	31.88	G	-		
1245	6	O	31.88	C	-		
1245	7	O	31.88	C	-		
1245	8	O	31.88	C	-		
1245	9	O	31.88	C	-		
1245	10	O	31.88	G	-		
1245	11	O	31.88	A	-		
1245	12	O	31.88	C	-		
1245	13	O	31.88	C	-		
1245	14	O	31.88	G	-		
1245	15	O	31.88	A	-		
1245	16	O	31.88	C	-		
1245	17	O	31.88	T	-		
1245	18	O	31.88	T	-		
1245	19	O	31.88	C	-		
1245	20	O	31.88	A	-		
1245	21	O	31.88	T	-		
1245	22	O	31.88	C	-		
1245	23	O	31.88	T	-		
1245	24	O	31.88	T	-		
1245	25	O	31.88	C	-		
1245	26	O	31.88	C	-		
1245	27	O	31.88	A	-		
1245	28	O	31.88	G	-		
1245	29	O	31.88	C	-		
1245	30	O	31.88	A	-		
1245	31	O	31.88	A	-		
1245	32	O	31.88	G	-		
1245	33	O	31.88	A	-		
1245	34	O	31.88	C	-		
1245	35	O	31.88	C	-		
1245	36	O	31.88	G	-		
1245	37	O	31.88	A	-		
1245	38	O	31.88	G	-		
1245	39	O	31.88	C	-		
1245	40	O	31.88	G	-		
1245	41	O	31.88	G	-		
1245	42	O	31.88	C	-		
1245	43	O	31.88	C	-		
1245	44	O	31.88	A	-		
1245	45	O	31.88	C	-		
1245	46	O	31.88	T	-		
1245	47	O	31.88	C	-		
1245	48	O	31.88	A	-		
1245	49	O	31.88	C	-		
1245	50	O	31.88	A	-		
1245	51	O	31.88	C	-		
1245	52	O	31.88	C	-		
1245	53	O	31.88	T	-		
1245	54	O	31.88	C	-		
1245	55	O	31.88	T	-		
1245	56	O	31.88	G	-		
1245	57	O	31.88	C	-		
1245	58	O	31.88	C	-		
1245	59	O	31.88	T	-		
1245	60	O	31.88	A	-		
1245	61	O	31.88	C	-		
1245	62	O	31.88	T	-		
1245	63	O	31.88	C	-		
1245	64	O	31.88	C	-		
1245	65	O	31.88	C	-		
1245	66	O	31.88	T	-		
1245	67	O	31.88	G	-		
1245	68	O	31.88	C	-		
1245	69	O	31.88	G	-		
1245	70	O	31.88	G	-		
1245	71	O	31.88	A	-		
1245	72	O	31.88	A	-		
1245	73	O	31.88	G	-		
1245	74	O	31.88	T	-		
1245	75	O	31.88	T	-		
1245	76	O	31.88	C	-		
1245	77	O	31.88	G	-		
1245	78	O	31.88	A	-		
1245	79	O	31.88	A	-		
1245	80	O	31.88	G	-		
1245	81	O	31.88	A	-		
1245	82	O	31.88	G	-		
1245	83	O	31.88	C	-		
1245	84	O	31.88	T	-		
1245	85	O	31.88	C	-		
1245	86	O	31.88	G	-		
1245	87	O	31.88	G	-		
1245	88	O	31.88	C	-		
1245	89	O	31.88	A	-		
1245	90	O	31.88	T	-		
1245	91	O	31.88	C	-		
1245	92	O	31.88	A	-		
1245	93	O	31.88	A	-		
1245	94	O	31.88	G	-		
1245	95	O	31.88	C	-		
1245	96	O	31.88	T	-		
1245	97	O	31.88	G	-		
1245	98	O	31.88	C	-		
1245	99	O	31.88	T	-		
1245	100	O	31.88	C	-		
1245	101	O	31.88	G	-		
1245	102	O	31.88	A	-		
1245	103	O	31.88	C	-		
1245	104	O	31.88	T	-		
1245	105	O	31.88	G	-		
1245	106	O	31.88	G	-		
1245	107	O	31.88	C	-		
1245	108	O	31.88	C	-		
1245	109	O	21.46	T	-		
1246	0	O	12.48	T	-		
1246	1	O	12.48	G	-		
1246	2	O	12.48	T	-		
1246	3	O	12.48	A	-		
1246	4	O	12.48	G	-		
1246	5	O	12.48	G	-		
1246	6	O	12.48	T	-		
1246	7	O	12.48	G	-		
1246	8	O	4.00	T	-		
1246	9	O	12.48	A	-		
1246	10	O	12.48	A	-		
1246	11	O	12.48	C	-		
1246	12	O	12.48	A	-		
1246	13	O	12.48	T	-		
1246	14	O	12.48	C	-		
1246	15	O	12.48	C	-		
1246	16	O	12.48	C	-		
1246	17	O	12.48	A	-		
1246	18	O	12.48	A	-		
1246	19	O	12.48	T	-		
1246	20	O	12.48	C	-		
1246	21	O	12.48	C	-		
1246	22	O	12.48	A	-		
1246	23	O	12.48	G	-		
1246	24	O	12.48	C	-		
1246	25	O	12.48	C	-		
1246	26	O	12.48	A	-		
1246	27	O	12.48	C	-		
1246	28	O	12.48	T	-		
1246	29	O	12.48	A	-		
1246	30	O	12.48	C	-		
1246	31	O	12.48	A	-		
1246	32	O	12.48	T	-		
1246	33	O	12.48	A	-		
1246	34	O	12.48	C	-		
1246	35	O	12.48	G	-		
1246	36	O	4.00	T	-		
1246	37	O	12.48	C	-		
1246	38	O	12.48	C	-		
1246	39	O	12.48	C	-		
1246	40	O	12.48	A	-		
1246	41	O	12.48	A	-		
1246	42	O	12.48	C	-		
1246	43	O	12.48	C	-		
1246	44	O	12.48	A	-		
1246	45	O	12.48	A	-		
1246	46	O	12.48	C	-		
1246	47	O	12.48	G	-		
1246	48	O	4.00	T	-		
1246	49	O	12.48	G	-		
1246	50	O	12.48	G	-		
1246	51	O	12.48	C	-		
1246	52	O	12.48	A	-		
1246	53	O	12.48	A	-		
1246	54	O	12.48	A	-		
1246	55	O	12.48	G	-		
1246	56	O	12.48	C	-		
1246	57	O	12.48	A	-		
1246	58	O	12.48	A	-		
1246	59	O	12.48	A	-		
1246	60	O	12.48	C	-		
1246	61	O	12.48	C	-		
1246	62	O	12.48	T	-		
1246	63	O	12.48	T	-		
1246	64	O	12.48	C	-		
1246	65	O	12.48	A	-		
1246	66	O	12.48	A	-		
1246	67	O	12.48	C	-		
1246	68	O	12.48	C	-		
1246	69	O	12.48	T	-		
1246	70	O	12.48	C	-		
1246	71	O	12.48	C	-		
1246	72	O	12.48	C	-		
1246	73	O	12.48	C	-		
1246	74	O	12.48	A	-		
1246	75	O	12.48	G	-		
1246	76	O	12.48	C	-		
1246	77	O	12.48	A	-		
1246	78	O	12.48	G	-		
1246	79	O	12.48	C	-		
1246	80	O	12.48	A	-		
1246	81	O	12.48	G	-		
1246	82	O	12.48	C	-		
1246	83	O	12.48	A	-		
1246	84	O	12.48	A	-		
1246	85	O	12.48	G	-		
1246	86	O	12.48	T	-		
1246	87	O	12.48	T	-		
1246	88	O	12.48	A	-		
1246	89	O	12.48	C	-		
1246	90	O	12.48	T	-		
1246	91	O	12.48	T	-		
1246	92	O	12.48	A	-		
1246	93	O	12.48	G	-		
1246	94	O	12.48	T	-		
1246	95	O	12.48	A	-		
1246	96	O	12.48	C	-		
1246	97	O	12.48	A	-		
1246	98	O	12.48	C	-		
1246	99	O	12.48	G	-		
1246	100	O	12.48	A	-		
1246	101	O	12.48	T	-		
1246	102	O	4.00	T	-		
1246	103	O	12.48	C	-		
1246	104	O	12.48	T	-		
1246	105	O	12.48	G	-		
1246	106	O	12.48	A	-		
1246	107	O	12.48	A	-		
1246	108	O	12.48	A	-		
1246	109	O	12.48	C	-		
1247	0	O	13.86	C	-		
1247	1	O	13.86	A	-		
1247	2	O	13.86	A	-		
1247	3	O	13.86	T	-		
1247	4	O	13.86	A	-		
1247	5	O	13.86	T	-		
1247	6	O	13.86	C	-		
1247	7	O	13.86	G	-		
1247	8	O	13.86	C	-		
1247	9	O	13.86	G	-		
1247	10	O	13.86	C	-		
1247	11	O	13.86	G	-		
1247	12	O	13.86	C	-		
1247	13	O	13.86	A	-		
1247	14	O	13.86	T	-		
1247	15	O	13.86	C	-		
1247	16	O	13.86	C	-		
1247	17	O	13.86	G	-		
1247	18	O	13.86	G	-		
1247	19	O	13.86	C	-		
1247	20	O	13.86	A	-		
1247	21	O	13.86	G	-		
1247	22	O	13.86	C	-		
1247	23	O	13.86	T	-		
1247	24	O	13.86	G	-		
1247	25	O	13.86	A	-		
1247	26	O	13.86	C	-		
1247	27	O	13.86	C	-		
1247	28	O	13.86	G	-		
1247	29	O	13.86	A	-		
1247	30	O	13.86	T	-		
1247	31	O	13.86	T	-		
1247	32	O	13.86	T	-		
1247	33	O	13.86	G	-		
1247	34	O	13.86	G	-		
1247	35	O	13.86	C	-		
1247	36	O	13.86	C	-		
1247	37	O	13.86	T	-		
1247	38	O	13.86	C	-		
1247	39	O	13.86	C	-		
1247	40	O	13.86	T	-		
1247	41	O	13.86	T	-		
1247	42	O	13.86	G	-		
1247	43	O	13.86	C	-		
1247	44	O	13.86	G	-		
1247	45	O	13.86	T	-		
1247	46	O	13.86	T	-		
1247	47	O	13.86	C	-		
1247	48	O	13.86	G	-		
1247	49	O	13.86	C	-		
1247	50	O	13.86	C	-		
1247	51	O	13.86	G	-		
1247	52	O	13.86	G	-		
1247	53	O	13.86	T	-		
1247	54	O	13.86	C	-		
1247	55	O	13.86	C	-		
1247	56	O	13.86	A	-		
1247	57	O	13.86	T	-		
1247	58	O	13.86	C	-		
1247	59	O	13.86	T	-		
1247	60	O	13.86	T	-		
1247	61	O	13.86	G	-		
1247	62	O	13.86	G	-		
1247	63	O	13.86	G	-		
1247	64	O	13.86	C	-		
1247	65	O	13.86	G	-		
1247	66	O	13.86	C	-		
1247	67	O	13.86	C	-		
1247	68	O	13.86	C	-		
1247	69	O	13.86	C	-		
1247	70	O	13.86	C	-		
1247	71	O	13.86	A	-		
1247	72	O	13.86	G	-		
1247	73	O	13.86	C	-		
1247	74	O	13.86	G	-		
1247	75	O	13.86	C	-		
1247	76	O	13.86	C	-		
1247	77	O	13.86	C	-		
1247	78	O	13.86	G	-		
1247	79	O	13.86	C	-		
1247	80	O	13.86	A	-		
1247	81	O	13.86	A	-		
1247	82	O	13.86	G	-		
1247	83	O	13.86	C	-		
1247	84	O	13.86	C	-		
1247	85	O	13.86	T	-		
1247	86	O	13.86	T	-		
1247	87	O	13.86	C	-		
1247	88	O	13.86	A	-		
1247	89	O	13.86	G	-		
1247	90	O	13.86	C	-		
1247	91	O	13.86	G	-		
1247	92	O	13.86	C	-		
1247	93	O	13.86	T	-		
1247	94	O	13.86	G	-		
1247	95	O	13.86	G	-		
1247	96	O	13.86	C	-		
1247	97	O	13.86	C	-		
1247	98	O	13.86	G	-		
1247	99	O	13.86	G	-		
1247	100	O	13.86	T	-		
1247	101	O	13.86	G	-		
1247	102	O	13.86	G	-		
1247	103	O	13.86	A	-		
1247	104	O	13.86	G	-		
1247	105	O	13.86	A	-		
1247	106	O	13.86	T	-		
1247	107	O	13.86	G	-		
1247	108	O	13.86	T	-		
1247	109	O	13.86	T	-		
1248	0	O	8.32	A	-		
1248	1	O	8.32	A	-		
1248	2	O	8.32	G	-		
1248	3	O	8.32	C	-		
1248	4	O	8.32	C	-		
1248	5	O	8.32	A	-		
1248	6	O	8.32	A	-		
1248	7	O	8.32	A	-		
1248	8	O	8.32	T	-		
1248	9	O	8.32	C	-		
1248	10	O	8.32	G	-		
1248	11	O	8.32	A	-		
1248	12	O	8.32	C	-		
1248	13	O	8.32	C	-		
1248	14	O	8.32	G	-		
1248	15	O	8.32	T	-		
1248	16	O	8.32	G	-		
1248	17	O	8.32	C	-		
1248	18	O	8.32	C	-		
1248	19	O	8.32	G	-		
1248	20	O	8.32	C	-		
1248	21	O	8.32	C	-		
1248	22	O	8.32	A	-		
1248	23	O	8.32	T	-		
1248	24	O	8.32	C	-		
1248	25	O	8.32	G	-		
1248	26	O	8.32	C	-		
1248	27	O	8.32	A	-		
1248	28	O	8.32	G	-		
1248	29	O	8.32	C	-		
1248	30	O	8.32	C	-		
1248	31	O	8.32	G	-		
1248	32	O	8.32	A	-		
1248	33	O	8.32	G	-		
1248	34	O	8.32	A	-		
1248	35	O	8.32	A	-		
1248	36	O	8.32	G	-		
1248	37	O	8.32	C	-		
1248	38	O	8.32	G	-		
1248	39	O	8.32	C	-		
1248	40	O	8.32	A	-		
1248	41	O	8.32	A	-		
1248	42	O	8.32	G	-		
1248	43	O	8.32	C	-		
1248	44	O	8.32	G	-		
1248	45	O	8.32	T	-		
1248	46	O	8.32	G	-		
1248	47	O	8.32	C	-		
1248	48	O	8.32	G	-		
1248	49	O	8.32	C	-		
1248	50	O	8.32	T	-		
1248	51	O	8.32	C	-		
1248	52	O	8.32	G	-		
1248	53	O	8.32	A	-		
1248	54	O	8.32	G	-		
1248	55	O	8.32	A	-		
1248	56	O	8.32	T	-		
1248	57	O	8.32	T	-		
1248	58	O	8.32	C	-		
1248	59	O	8.32	C	-		
1248	60	O	8.32	A	-		
1248	61	O	8.32	G	-		
1248	62	O	8.32	T	-		
1248	63	O	8.32	T	-		
1248	64	O	8.32	G	-		
1248	65	O	8.32	T	-		
1248	66	O	8.32	C	-		
1248	67	O	8.32	G	-		
1248	68	O	8.32	G	-		
1248	69	O	8.32	C	-		
1248	70	O	8.32	A	-		
1248	71	O	8.32	A	-		
1248	72	O	8.32	C	-		
1248	73	O	8.32	C	-		
1248	74	O	8.32	G	-		
1248	75	O	8.32	C	-		
1248	76	O	8.32	G	-		
1248	77	O	8.32	C	-		
1248	78	O	8.32	T	-		
1248	79	O	8.32	C	-		
1248	80	O	8.32	G	-		
1248	81	O	8.32	T	-		
1248	82	O	8.32	G	-		
1248	83	O	8.32	T	-		
1248	84	O	8.32	G	-		
1248	85	O	8.32	C	-		
1248	86	O	8.32	A	-		
1248	87	O	8.32	G	-		
1248	88	O	8.32	G	-		
1248	89	O	8.32	G	-		
1248	90	O	8.32	C	-		
1248	91	O	8.32	G	-		
1248	92	O	8.32	G	-		
1248	93	O	8.32	C	-		
1248	94	O	8.32	G	-		
1248	95	O	8.32	T	-		
1248	96	O	8.32	T	-		
1248	97	O	8.32	G	-		
1248	98	O	8.32	G	-		
1248	99	O	8.32	C	-		
1248	100	O	8.32	A	-		
1248	101	O	8.32	C	-		
1248	102	O	8.32	C	-		
1248	103	O	8.32	T	-		
1248	104	O	8.32	A	-		
1248	105	O	8.32	C	-		
1248	106	O	8.32	A	-		
1248	107	O	8.32	C	-		
1248	108	O	8.32	T	-		
1248	109	O	8.32	A	-		
1249	0	O	5.55	A	-		
1249	1	O	5.55	G	-		
1249	2	O	5.55	C	-		
1249	3	O	5.55	T	-		
1249	4	O	5.55	C	-		
1249	5	O	5.55	G	-		
1249	6	O	5.55	C	-		
1249	7	O	5.55	A	-		
1249	8	O	5.55	T	-		
1249	9	O	5.55	G	-		
1249	10	O	5.55	A	-		
1249	11	O	5.55	A	-		
1249	12	O	5.55	G	-		
1249	13	O	5.55	G	-		
1249	14	O	5.55	C	-		
1249	15	O	5.55	T	-		
1249	16	O	5.55	G	-		
1249	17	O	5.55	G	-		
1249	18	O	5.55	A	-		
1249	19	O	5.55	C	-		
1249	20	O	5.55	G	-		
1249	21	O	5.55	G	-		
1249	22	O	5.55	T	-		
1249	23	O	5.55	G	-		
1249	24	O	5.55	T	-		
1249	25	O	5.55	T	-		
1249	26	O	5.55	A	-		
1249	27	O	5.55	C	-		
1249	28	O	5.55	T	-		
1249	29	O	5.55	G	-		
1249	30	O	5.55	G	-		
1249	31	O	5.55	C	-		
1249	32	O	5.55	C	-		
1249	33	O	5.55	C	-		
1249	34	O	5.55	A	-		
1249	35	O	5.55	A	-		
1249	36	O	5.55	C	-		
1249	37	O	5.55	C	-		
1249	38	O	5.55	T	-		
1249	39	O	5.55	C	-		
1249	40	O	5.55	T	-		
1249	41	O	5.55	C	-		
1249	42	O	5.55	T	-		
1249	43	O	5.55	T	-		
1249	44	O	5.55	C	-		
1249	45	O	5.55	C	-		
1249	46	O	5.55	C	-		
1249	47	O	5.55	A	-		
1249	48	O	5.55	A	-		
1249	49	O	5.55	C	-		
1249	50	O	5.55	T	-		
1249	51	O	5.55	G	-		
1249	52	O	5.55	C	-		
1249	53	O	5.55	A	-		
1249	54	O	5.55	C	-		
1249	55	O	5.55	G	-		
1249	56	O	5.55	C	-		
1249	57	O	5.55	T	-		
1249	58	O	5.55	A	-		
1249	59	O	5.55	C	-		
1249	60	O	5.55	A	-		
1249	61	O	5.55	G	-		
1249	62	O	5.55	A	-		
1249	63	O	5.55	A	-		
1249	64	O	5.55	C	-		
1249	65	O	5.55	G	-		
1249	66	O	5.55	G	-		
1249	67	O	5.55	G	-		
1249	68	O	5.55	A	-		
1249	69	O	5.55	C	-		
1249	70	O	5.55	C	-		
1249	71	O	5.55	T	-		
1249	72	O	5.55	G	-		
1249	73	O	5.55	C	-		
1249	74	O	5.55	A	-		
1249	75	O	5.55	T	-		
1249	76	O	5.55	T	-		
1249	77	O	5.55	G	-		
1249	78	O	5.55	C	-		
1249	79	O	5.55	C	-		
1249	80	O	5.55	A	-		
1249	81	O	5.55	T	-		
1249	82	O	5.55	G	-		
1249	83	O	5.55	C	-		
1249	84	O	5.55	T	-		
1249	85	O	5.55	C	-		
1249	86	O	5.55	T	-		
1249	87	O	5.55	C	-		
1249	88	O	5.55	C	-		
1249	89	O	5.55	T	-		
1249	90	O	5.55	C	-		
1249	91	O	5.55	C	-		
1249	92	O	5.55	A	-		
1249	93	O	5.55	T	-		
1249	94	O	5.55	C	-		
1249	95	O	5.55	C	-		
1249	96	O	5.55	C	-		
1249	97	O	5.55	C	-		
1249	98	O	5.55	G	-		
1249	99	O	5.55	G	-		
1249	100	O	5.55	C	-		
1249	101	O	5.55	A	-		
1249	102	O	5.55	A	-		
1249	103	O	5.55	C	-		
1249	104	O	5.55	T	-		
1249	105	O	5.55	C	-		
1249	106	O	5.55	G	-		
1249	107	O	5.55	T	-		
1249	108	O	5.55	A	-		
1249	109	O	5.55	G	-		
1250	0	O	6.93	A	-		
1250	1	O	6.93	G	-		
1250	2	O	6.93	G	-		
1250	3	O	6.93	A	-		
1250	4	O	6.93	T	-		
1250	5	O	6.93	A	-		
1250	6	O	6.93	T	-		
1250	7	O	6.93	C	-		
1250	8	O	6.93	G	-		
1250	9	O	6.93	A	-		
1250	10	O	6.93	T	-		
1250	11	O	6.93	T	-		
1250	12	O	6.93	A	-		
1250	13	O	6.93	C	-		
1250	14	O	6.93	A	-		
1250	15	O	6.93	C	-		
1250	16	O	6.93	C	-		
1250	17	O	6.93	T	-		
1250	18	O	6.93	T	-		
1250	19	O	6.93	A	-		
1250	20	O	6.93	A	-		
1250	21	O	6.93	T	-		
1250	22	O	6.93	T	-		
1250	23	O	6.93	G	-		
1250	24	O	6.93	T	-		
1250	25	O	6.93	G	-		
1250	26	O	6.93	C	-		
1250	27	O	6.93	C	-		
1250	28	O	6.93	C	-		
1250	29	O	6.93	A	-		
1250	30	O	6.93	A	-		
1250	31	O	6.93	A	-		
1250	32	O	6.93	C	-		
1250	33	O	6.93	A	-		
1250	34	O	6.93	T	-		
1250	35	O	6.93	G	-		
1250	36	O	6.93	C	-		
1250	37	O	6.93	A	-		
1250	38	O	6.93	A	-		
1250	39	O	6.93	C	-		
1250	40	O	6.93	C	-		
1250	41	O	6.93	G	-		
1250	42	O	6.93	T	-		
1250	43	O	6.93	C	-		
1250	44	O	6.93	G	-		
1250	45	O	6.93	G	-		
1250	46	O	6.93	T	-		
1250	47	O	6.93	G	-		
1250	48	O	6.93	C	-		
1250	49	O	6.93	C	-		
1250	50	O	6.93	T	-		
1250	51	O	6.93	A	-		
1250	52	O	6.93	A	-		
1250	53	O	6.93	T	-		
1250	54	O	6.93	T	-		
1250	55	O	6.93	G	-		
1250	56	O	6.93	A	-		
1250	57	O	6.93	A	-		
1250	58	O	6.93	T	-		
1250	59	O	6.93	G	-		
1250	60	O	6.93	C	-		
1250	61	O	6.93	T	-		
1250	62	O	6.93	A	-		
1250	63	O	6.93	G	-		
1250	64	O	6.93	G	-		
1250	65	O	6.93	C	-		
1250	66	O	6.93	G	-		
1250	67	O	6.93	C	-		
1250	68	O	6.93	T	-		
1250	69	O	6.93	T	-		
1250	70	O	6.93	A	-		
1250	71	O	6.93	G	-		
1250	72	O	6.93	T	-		
1250	73	O	6.93	T	-		
1250	74	O	6.93	T	-		
1250	75	O	6.93	T	-		
1250	76	O	6.93	C	-		
1250	77	O	6.93	G	-		
1250	78	O	6.93	T	-		
1250	79	O	6.93	T	-		
1250	80	O	6.93	C	-		
1250	81	O	6.93	A	-		
1250	82	O	6.93	C	-		
1250	83	O	6.93	C	-		
1250	84	O	6.93	A	-		
1250	85	O	6.93	G	-		
1250	86	O	6.93	A	-		
1250	87	O	6.93	G	-		
1250	88	O	6.93	A	-		
1250	89	O	6.93	T	-		
1250	90	O	6.93	C	-		
1250	91	O	6.93	A	-		
1250	92	O	6.93	C	-		
1250	93	O	6.93	A	-		
1250	94	O	6.93	T	-		
1250	95	O	6.93	T	-		
1250	96	O	6.93	T	-		
1250	97	O	6.93	C	-		
1250	98	O	6.93	A	-		
1250	99	O	6.93	G	-		
1250	100	O	6.93	G	-		
1250	101	O	6.93	C	-		
1250	102	O	6.93	G	-		
1250	103	O	6.93	A	-		
1250	104	O	6.93	T	-		
1250	105	O	6.93	T	-		
1250	106	O	6.93	G	-		
1250	107	O	6.93	T	-		
1250	108	O	6.93	T	-		
1250	109	O	6.93	T	-		
1251	0	O	5.55	A	-		
1251	1	O	5.55	G	-		
1251	2	O	5.55	A	-		
1251	3	O	5.55	A	-		
1251	4	O	5.55	T	-		
1251	5	O	5.55	A	-		
1251	6	O	5.55	C	-		
1251	7	O	5.55	C	-		
1251	8	O	5.55	A	-		
1251	9	O	5.55	G	-		
1251	10	O	5.55	G	-		
1251	11	O	5.55	G	-		
1251	12	O	5.55	T	-		
1251	13	O	5.55	T	-		
1251	14	O	5.55	T	-		
1251	15	O	5.55	C	-		
1251	16	O	5.55	T	-		
1251	17	O	5.55	T	-		
1251	18	O	5.55	C	-		
1251	19	O	5.55	T	-		
1251	20	O	5.55	T	-		
1251	21	O	5.55	C	-		
1251	22	O	5.55	G	-		
1251	23	O	5.55	G	-		
1251	24	O	5.55	T	-		
1251	25	O	5.55	G	-		
1251	26	O	5.55	G	-		
1251	27	O	5.55	C	-		
1251	28	O	5.55	G	-		
1251	29	O	5.55	G	-		
1251	30	O	5.55	C	-		
1251	31	O	5.55	G	-		
1251	32	O	5.55	G	-		
1251	33	O	5.55	G	-		
1251	34	O	5.55	A	-		
1251	35	O	5.55	G	-		
1251	36	O	5.55	T	-		
1251	37	O	5.55	T	-		
1251	38	O	5.55	C	-		
1251	39	O	5.55	T	-		
1251	40	O	5.55	T	-		
1251	41	O	5.55	T	-		
1251	42	O	5.55	C	-		
1251	43	O	5.55	T	-		
1251	44	O	5.55	G	-		
1251	45	O	5.55	C	-		
1251	46	O	5.55	G	-		
1251	47	O	5.55	A	-		
1251	48	O	5.55	T	-		
1251	49	O	5.55	G	-		
1251	50	O	5.55	C	-		
1251	51	O	5.55	A	-		
1251	52	O	5.55	T	-		
1251	53	O	5.55	C	-		
1251	54	O	5.55	G	-		
1251	55	O	5.55	G	-		
1251	56	O	5.55	T	-		
1251	57	O	5.55	A	-		
1251	58	O	5.55	G	-		
1251	59	O	5.55	T	-		
1251	60	O	5.55	A	-		
1251	61	O	5.55	G	-		
1251	62	O	5.55	C	-		
1251	63	O	5.55	C	-		
1251	64	O	5.55	G	-		
1251	65	O	5.55	T	-		
1251	66	O	5.55	A	-		
1251	67	O	5.55	T	-		
1251	68	O	5.55	C	-		
1251	69	O	5.55	C	-		
1251	70	O	5.55	G	-		
1251	71	O	5.55	T	-		
1251	72	O	5.55	T	-		
1251	73	O	5.55	T	-		
1251	74	O	5.55	C	-		
1251	75	O	5.55	G	-		
1251	76	O	5.55	T	-		
1251	77	O	5.55	G	-		
1251	78	O	5.55	A	-		
1251	79	O	5.55	T	-		
1251	80	O	5.55	C	-		
1251	81	O	5.55	A	-		
1251	82	O	5.55	G	-		
1251	83	O	5.55	G	-		
1251	84	O	5.55	T	-		
1251	85	O	5.55	C	-		
1251	86	O	5.55	G	-		
1251	87	O	5.55	G	-		
1251	88	O	5.55	C	-		
1251	89	O	5.55	C	-		
1251	90	O	5.55	G	-		
1251	91	O	5.55	G	-		
1251	92	O	5.55	T	-		
1251	93	O	5.55	G	-		
1251	94	O	5.55	G	-		
1251	95	O	5.55	A	-		
1251	96	O	5.55	G	-		
1251	97	O	5.55	T	-		
1251	98	O	5.55	T	-		
1251	99	O	5.55	G	-		
1251	100	O	5.55	G	-		
1251	101	O	5.55	C	-		
1251	102	O	5.55	G	-		
1251	103	O	5.55	G	-		
1251	104	O	5.55	G	-		
1251	105	O	5.55	G	-		
1251	106	O	5.55	C	-		
1251	107	O	5.55	T	-		
1251	108	O	5.55	T	-		
1251	109	O	5.55	T	-		
1252	0	O	13.86	T	-		
1252	1	O	13.86	A	-		
1252	2	O	13.86	G	-		
1252	3	O	13.86	G	-		
1252	4	O	13.86	C	-		
1252	5	O	13.86	A	-		
1252	6	O	13.86	G	-		
1252	7	O	13.86	G	-		
1252	8	O	13.86	C	-		
1252	9	O	13.86	G	-		
1252	10	O	13.86	T	-		
1252	11	O	13.86	C	-		
1252	12	O	13.86	A	-		
1252	13	O	13.86	T	-		
1252	14	O	13.86	T	-		
1252	15	O	13.86	G	-		
1252	16	O	13.86	T	-		
1252	17	O	13.86	G	-		
1252	18	O	13.86	G	-		
1252	19	O	13.86	G	-		
1252	20	O	13.86	C	-		
1252	21	O	13.86	C	-		
1252	22	O	13.86	G	-		
1252	23	O	13.86	A	-		
1252	24	O	13.86	T	-		
1252	25	O	13.86	C	-		
1252	26	O	13.86	T	-		
1252	27	O	13.86	A	-		
1252	28	O	13.86	A	-		
1252	29	O	13.86	T	-		
1252	30	O	13.86	C	-		
1252	31	O	13.86	T	-		
1252	32	O	13.86	G	-		
1252	33	O	13.86	T	-		
1252	34	O	13.86	T	-		
1252	35	O	13.86	G	-		
1252	36	O	13.86	A	-		
1252	37	O	13.86	A	-		
1252	38	O	13.86	T	-		
1252	39	O	13.86	G	-		
1252	40	O	13.86	C	-		
1252	41	O	13.86	A	-		
1252	42	O	13.86	T	-		
1252	43	O	13.86	T	-		
1252	44	O	13.86	C	-		
1252	45	O	13.86	T	-		
1252	46	O	13.86	T	-		
1252	47	O	13.86	G	-		
1252	48	O	13.86	G	-		
1252	49	O	13.86	T	-		
1252	50	O	13.86	C	-		
1252	51	O	13.86	G	-		
1252	52	O	13.86	G	-		
1252	53	O	13.86	C	-		
1252	54	O	13.86	T	-		
1252	55	O	13.86	T	-		
1252	56	O	13.86	G	-		
1252	57	O	13.86	G	-		
1252	58	O	13.86	T	-		
1252	59	O	13.86	C	-		
1252	60	O	13.86	G	-		
1252	61	O	13.86	A	-		
1252	62	O	13.86	A	-		
1252	63	O	13.86	G	-		
1252	64	O	13.86	T	-		
1252	65	O	13.86	C	-		
1252	66	O	13.86	C	-		
1252	67	O	13.86	T	-		
1252	68	O	13.86	C	-		
1252	69	O	13.86	T	-		
1252	70	O	13.86	G	-		
1252	71	O	13.86	G	-		
1252	72	O	13.86	A	-		
1252	73	O	13.86	T	-		
1252	74	O	13.86	A	-		
1252	75	O	13.86	T	-		
1252	76	O	13.86	G	-		
1252	77	O	13.86	G	-		
1252	78	O	13.86	A	-		
1252	79	O	13.86	C	-		
1252	80	O	13.86	T	-		
1252	81	O	13.86	C	-		
1252	82	O	13.86	G	-		
1252	83	O	13.86	A	-		
1252	84	O	13.86	A	-		
1252	85	O	13.86	G	-		
1252	86	O	13.86	G	-		
1252	87	O	13.86	C	-		
1252	88	O	13.86	T	-		
1252	89	O	13.86	C	-		
1252	90	O	13.86	A	-		
1252	91	O	13.86	T	-		
1252	92	O	13.86	C	-		
1252	93	O	13.86	T	-		
1252	94	O	13.86	C	-		
1252	95	O	13.86	G	-		
1252	96	O	13.86	C	-		
1252	97	O	13.86	T	-		
1252	98	O	13.86	G	-		
1252	99	O	13.86	A	-		
1252	100	O	13.86	T	-		
1252	101	O	13.86	G	-		
1252	102	O	13.86	G	-		
1252	103	O	13.86	G	-		
1252	104	O	13.86	T	-		
1252	105	O	13.86	T	-		
1252	106	O	13.86	G	-		
1252	107	O	13.86	C	-		
1252	108	O	13.86	A	-		
1252	109	O	13.86	A	-		
1253	0	O	8.32	C	-		
1253	1	O	8.32	G	-		
1253	2	O	8.32	C	-		
1253	3	O	8.32	T	-		
1253	4	O	8.32	A	-		
1253	5	O	8.32	G	-		
1253	6	O	8.32	T	-		
1253	7	O	8.32	C	-		
1253	8	O	8.32	A	-		
1253	9	O	8.32	G	-		
1253	10	O	8.32	C	-		
1253	11	O	8.32	C	-		
1253	12	O	8.32	A	-		
1253	13	O	8.32	G	-		
1253	14	O	8.32	C	-		
1253	15	O	8.32	G	-		
1253	16	O	8.32	C	-		
1253	17	O	8.32	G	-		
1253	18	O	8.32	C	-		
1253	19	O	8.32	G	-		
1253	20	O	8.32	C	-		
1253	21	O	8.32	T	-		
1253	22	O	8.32	C	-		
1253	23	O	8.32	A	-		
1253	24	O	8.32	C	-		
1253	25	O	8.32	C	-		
1253	26	O	8.32	T	-		
1253	27	O	8.32	G	-		
1253	28	O	8.32	T	-		
1253	29	O	8.32	A	-		
1253	30	O	8.32	G	-		
1253	31	O	8.32	G	-		
1253	32	O	8.32	C	-		
1253	33	O	8.32	C	-		
1253	34	O	8.32	C	-		
1253	35	O	8.32	G	-		
1253	36	O	8.32	T	-		
1253	37	O	8.32	T	-		
1253	38	O	8.32	C	-		
1253	39	O	8.32	G	-		
1253	40	O	8.32	C	-		
1253	41	O	8.32	G	-		
1253	42	O	8.32	A	-		
1253	43	O	8.32	G	-		
1253	44	O	8.32	C	-		
1253	45	O	8.32	A	-		
1253	46	O	8.32	A	-		
1253	47	O	8.32	G	-		
1253	48	O	8.32	A	-		
1253	49	O	8.32	C	-		
1253	50	O	8.32	T	-		
1253	51	O	8.32	T	-		
1253	52	O	8.32	C	-		
1253	53	O	8.32	A	-		
1253	54	O	8.32	A	-		
1253	55	O	8.32	G	-		
1253	56	O	8.32	C	-		
1253	57	O	8.32	T	-		
1253	58	O	8.32	C	-		
1253	59	O	8.32	G	-		
1253	60	O	8.32	C	-		
1253	61	O	8.32	C	-		
1253	62	O	8.32	T	-		
1253	63	O	8.32	A	-		
1253	64	O	8.32	T	-		
1253	65	O	8.32	T	-		
1253	66	O	8.32	G	-		
1253	67	O	8.32	T	-		
1253	68	O	8.32	C	-		
1253	69	O	8.32	G	-		
1253	70	O	8.32	G	-		
1253	71	O	8.32	A	-		
1253	72	O	8.32	T	-		
1253	73	O	8.32	G	-		
1253	74	O	8.32	G	-		
1253	75	O	8.32	A	-		
1253	76	O	8.32	C	-		
1253	77	O	8.32	A	-		
1253	78	O	8.32	C	-		
1253	79	O	8.32	G	-		
1253	80	O	8.32	C	-		
1253	81	O	8.32	G	-		
1253	82	O	8.32	C	-		
1253	83	O	8.32	G	-		
1253	84	O	8.32	A	-		
1253	85	O	8.32	C	-		
1253	86	O	8.32	A	-		
1253	87	O	8.32	C	-		
1253	88	O	8.32	C	-		
1253	89	O	8.32	T	-		
1253	90	O	8.32	A	-		
1253	91	O	8.32	T	-		
1253	92	O	8.32	C	-		
1253	93	O	8.32	G	-		
1253	94	O	8.32	C	-		
1253	95	O	8.32	C	-		
1253	96	O	8.32	T	-		
1253	97	O	8.32	G	-		
1253	98	O	8.32	G	-		
1253	99	O	8.32	A	-		
1253	100	O	8.32	G	-		
1253	101	O	8.32	A	-		
1253	102	O	8.32	G	-		
1253	103	O	8.32	A	-		
1253	104	O	8.32	T	-		
1253	105	O	8.32	T	-		
1253	106	O	8.32	C	-		
1253	107	O	8.32	C	-		
1253	108	O	8.32	T	-		
1253	109	O	8.32	C	-		
1254	0	O	26.34	T	-		
1254	1	O	26.34	A	-		
1254	2	O	26.34	C	-		
1254	3	O	26.34	G	-		
1254	4	O	26.34	G	-		
1254	5	O	26.34	A	-		
1254	6	O	26.34	A	-		
1254	7	O	26.34	G	-		
1254	8	O	26.34	C	-		
1254	9	O	26.34	T	-		
1254	10	O	16.31	T	-		
1254	11	O	26.34	T	-		
1254	12	O	26.34	C	-		
1254	13	O	26.34	G	-		
1254	14	O	26.34	C	-		
1254	15	O	26.34	G	-		
1254	16	O	26.34	C	-		
1254	17	O	16.31	T	-		
1254	18	O	26.34	T	-		
1254	19	O	26.34	C	-		
1254	20	O	26.34	G	-		
1254	21	O	26.34	G	-		
1254	22	O	26.34	C	-		
1254	23	O	26.34	G	-		
1254	24	O	26.34	T	-		
1254	25	O	26.34	C	-		
1254	26	O	26.34	C	-		
1254	27	O	26.34	T	-		
1254	28	O	26.34	T	-		
1254	29	O	16.31	G	-		
1254	30	O	26.34	A	-		
1254	31	O	26.34	T	-		
1254	32	O	26.34	C	-		
1254	33	O	26.34	A	-		
1254	34	O	26.34	C	-		
1254	35	O	16.31	G	-		
1254	36	O	26.34	T	-		
1254	37	O	26.34	G	-		
1254	38	O	26.34	T	-		
1254	39	O	26.34	C	-		
1254	40	O	26.34	T	-		
1254	41	O	26.34	G	-		
1254	42	O	26.34	C	-		
1254	43	O	26.34	T	-		
1254	44	O	26.34	C	-		
1254	45	O	26.34	A	-		
1254	46	O	26.34	C	-		
1254	47	O	26.34	T	-		
1254	48	O	26.34	T	-		
1254	49	O	26.34	T	-		
1254	50	O	26.34	G	-		
1254	51	O	26.34	C	-		
1254	52	O	26.34	C	-		
1254	53	O	26.34	G	-		
1254	54	O	26.34	T	-		
1254	55	O	26.34	T	-		
1254	56	O	26.34	G	-		
1254	57	O	26.34	T	-		
1254	58	O	26.34	C	-		
1254	59	O	26.34	A	-		
1254	60	O	26.34	A	-		
1254	61	O	26.34	T	-		
1254	62	O	26.34	G	-		
1254	63	O	26.34	G	-		
1254	64	O	26.34	C	-		
1254	65	O	26.34	G	-		
1254	66	O	26.34	C	-		
1254	67	O	26.34	G	-		
1254	68	O	26.34	C	-		
1254	69	O	26.34	C	-		
1254	70	O	26.34	G	-		
1254	71	O	26.34	T	-		
1254	72	O	26.34	A	-		
1254	73	O	26.34	C	-		
1254	74	O	26.34	C	-		
1254	75	O	26.34	T	-		
1254	76	O	26.34	C	-		
1254	77	O	26.34	T	-		
1254	78	O	26.34	G	-		
1254	79	O	26.34	C	-		
1254	80	O	26.34	G	-		
1254	81	O	26.34	A	-		
1254	82	O	26.34	G	-		
1254	83	O	26.34	C	-		
1254	84	O	26.34	A	-		
1254	85	O	26.34	G	-		
1254	86	O	26.34	C	-		
1254	87	O	26.34	T	-		
1254	88	O	26.34	T	-		
1254	89	O	26.34	C	-		
1254	90	O	26.34	G	-		
1254	91	O	26.34	C	-		
1254	92	O	26.34	G	-		
1254	93	O	26.34	A	-		
1254	94	O	26.34	G	-		
1254	95	O	26.34	C	-		
1254	96	O	26.34	A	-		
1254	97	O	26.34	C	-		
1254	98	O	26.34	A	-		
1254	99	O	26.34	G	-		
1254	100	O	26.34	G	-		
1254	101	O	26.34	C	-		
1254	102	O	26.34	G	-		
1254	103	O	26.34	G	-		
1254	104	O	26.34	C	-		
1254	105	O	26.34	G	-		
1254	106	O	26.34	A	-		
1254	107	O	26.34	C	-		
1254	108	O	26.34	G	-		
1254	109	O	26.34	T	-		
1255	0	O	12.48	A	-		
1255	1	O	12.48	G	-		
1255	2	O	12.48	T	-		
1255	3	O	12.48	G	-		
1255	4	O	12.48	G	-		
1255	5	O	12.48	A	-		
1255	6	O	12.48	A	-		
1255	7	O	12.48	G	-		
1255	8	O	12.48	G	-		
1255	9	O	12.48	A	-		
1255	10	O	12.48	C	-		
1255	11	O	12.48	A	-		
1255	12	O	12.48	C	-		
1255	13	O	12.48	A	-		
1255	14	O	12.48	G	-		
1255	15	O	12.48	C	-		
1255	16	O	12.48	A	-		
1255	17	O	12.48	T	-		
1255	18	O	12.48	C	-		
1255	19	O	12.48	C	-		
1255	20	O	12.48	G	-		
1255	21	O	12.48	G	-		
1255	22	O	12.48	C	-		
1255	23	O	12.48	A	-		
1255	24	O	12.48	A	-		
1255	25	O	12.48	G	-		
1255	26	O	12.48	G	-		
1255	27	O	12.48	G	-		
1255	28	O	12.48	C	-		
1255	29	O	12.48	G	-		
1255	30	O	12.48	A	-		
1255	31	O	12.48	C	-		
1255	32	O	12.48	T	-		
1255	33	O	12.48	T	-		
1255	34	O	12.48	C	-		
1255	35	O	12.48	A	-		
1255	36	O	12.48	A	-		
1255	37	O	12.48	C	-		
1255	38	O	12.48	G	-		
1255	39	O	12.48	A	-		
1255	40	O	12.48	C	-		
1255	41	O	12.48	C	-		
1255	42	O	12.48	T	-		
1255	43	O	12.48	G	-		
1255	44	O	12.48	C	-		
1255	45	O	12.48	T	-		
1255	46	O	12.48	G	-		
1255	47	O	12.48	A	-		
1255	48	O	12.48	C	-		
1255	49	O	12.48	C	-		
1255	50	O	12.48	T	-		
1255	51	O	12.48	T	-		
1255	52	O	12.48	T	-		
1255	53	O	12.48	G	-		
1255	54	O	12.48	A	-		
1255	55	O	12.48	G	-		
1255	56	O	12.48	C	-		
1255	57	O	12.48	G	-		
1255	58	O	12.48	C	-		
1255	59	O	12.48	A	-		
1255	60	O	12.48	A	-		
1255	61	O	12.48	C	-		
1255	62	O	12.48	T	-		
1255	63	O	12.48	C	-		
1255	64	O	12.48	C	-		
1255	65	O	12.48	G	-		
1255	66	O	12.48	C	-		
1255	67	O	12.48	C	-		
1255	68	O	12.48	T	-		
1255	69	O	12.48	C	-		
1255	70	O	12.48	G	-		
1255	71	O	12.48	C	-		
1255	72	O	12.48	G	-		
1255	73	O	12.48	C	-		
1255	74	O	12.48	T	-		
1255	75	O	12.48	A	-		
1255	76	O	12.48	C	-		
1255	77	O	12.48	C	-		
1255	78	O	12.48	T	-		
1255	79	O	12.48	C	-		
1255	80	O	12.48	C	-		
1255	81	O	12.48	T	-		
1255	82	O	12.48	C	-		
1255	83	O	12.48	G	-		
1255	84	O	12.48	G	-		
1255	85	O	12.48	T	-		
1255	86	O	12.48	C	-		
1255	87	O	12.48	T	-		
1255	88	O	12.48	C	-		
1255	89	O	12.48	C	-		
1255	90	O	12.48	G	-		
1255	91	O	12.48	C	-		
1255	92	O	12.48	C	-		
1255	93	O	12.48	A	-		
1255	94	O	12.48	C	-		
1255	95	O	12.48	G	-		
1255	96	O	12.48	A	-		
1255	97	O	12.48	C	-		
1255	98	O	12.48	G	-		
1255	99	O	12.48	G	-		
1255	100	O	12.48	C	-		
1255	101	O	12.48	T	-		
1255	102	O	12.48	A	-		
1255	103	O	12.48	C	-		
1255	104	O	12.48	A	-		
1255	105	O	12.48	T	-		
1255	106	O	12.48	G	-		
1255	107	O	12.48	T	-		
1255	108	O	12.48	T	-		
1255	109	O	12.48	C	-		
1256	0	O	8.32	G	-		
1256	1	O	8.32	T	-		
1256	2	O	8.32	G	-		
1256	3	O	8.32	A	-		
1256	4	O	8.32	C	-		
1256	5	O	8.32	C	-		
1256	6	O	8.32	G	-		
1256	7	O	8.32	C	-		
1256	8	O	8.32	G	-		
1256	9	O	8.32	T	-		
1256	10	O	8.32	T	-		
1256	11	O	8.32	G	-		
1256	12	O	8.32	G	-		
1256	13	O	8.32	C	-		
1256	14	O	8.32	C	-		
1256	15	O	8.32	T	-		
1256	16	O	8.32	C	-		
1256	17	O	8.32	C	-		
1256	18	O	8.32	G	-		
1256	19	O	8.32	C	-		
1256	20	O	8.32	C	-		
1256	21	O	8.32	T	-		
1256	22	O	8.32	C	-		
1256	23	O	8.32	G	-		
1256	24	O	8.32	T	-		
1256	25	O	8.32	C	-		
1256	26	O	8.32	G	-		
1256	27	O	8.32	T	-		
1256	28	O	8.32	C	-		
1256	29	O	8.32	G	-		
1256	30	O	8.32	G	-		
1256	31	O	8.32	C	-		
1256	32	O	8.32	C	-		
1256	33	O	8.32	G	-		
1256	34	O	8.32	C	-		
1256	35	O	8.32	C	-		
1256	36	O	8.32	T	-		
1256	37	O	8.32	C	-		
1256	38	O	8.32	C	-		
1256	39	O	8.32	T	-		
1256	40	O	8.32	G	-		
1256	41	O	8.32	C	-		
1256	42	O	8.32	A	-		
1256	43	O	8.32	G	-		
1256	44	O	8.32	C	-		
1256	45	O	8.32	G	-		
1256	46	O	8.32	C	-		
1256	47	O	8.32	C	-		
1256	48	O	8.32	G	-		
1256	49	O	8.32	A	-		
1256	50	O	8.32	C	-		
1256	51	O	8.32	T	-		
1256	52	O	8.32	T	-		
1256	53	O	8.32	G	-		
1256	54	O	8.32	G	-		
1256	55	O	8.32	C	-		
1256	56	O	8.32	G	-		
1256	57	O	8.32	C	-		
1256	58	O	8.32	G	-		
1256	59	O	8.32	A	-		
1256	60	O	8.32	A	-		
1256	61	O	8.32	G	-		
1256	62	O	8.32	G	-		
1256	63	O	8.32	G	-		
1256	64	O	8.32	G	-		
1256	65	O	8.32	C	-		
1256	66	O	8.32	G	-		
1256	67	O	8.32	G	-		
1256	68	O	8.32	T	-		
1256	69	O	8.32	G	-		
1256	70	O	8.32	C	-		
1256	71	O	8.32	C	-		
1256	72	O	8.32	T	-		
1256	73	O	8.32	T	-		
1256	74	O	8.32	G	-		
1256	75	O	8.32	A	-		
1256	76	O	8.32	A	-		
1256	77	O	8.32	G	-		
1256	78	O	8.32	A	-		
1256	79	O	8.32	A	-		
1256	80	O	8.32	C	-		
1256	81	O	8.32	A	-		
1256	82	O	8.32	G	-		
1256	83	O	8.32	A	-		
1256	84	O	8.32	G	-		
1256	85	O	8.32	T	-		
1256	86	O	8.32	G	-		
1256	87	O	8.32	A	-		
1256	88	O	8.32	G	-		
1256	89	O	8.32	C	-		
1256	90	O	8.32	A	-		
1256	91	O	8.32	C	-		
1256	92	O	8.32	G	-		
1256	93	O	8.32	A	-		
1256	94	O	8.32	A	-		
1256	95	O	8.32	C	-		
1256	96	O	8.32	G	-		
1256	97	O	8.32	C	-		
1256	98	O	8.32	G	-		
1256	99	O	8.32	A	-		
1256	100	O	8.32	T	-		
1256	101	O	8.32	C	-		
1256	102	O	8.32	A	-		
1256	103	O	8.32	G	-		
1256	104	O	8.32	C	-		
1256	105	O	8.32	A	-		
1256	106	O	8.32	C	-		
1256	107	O	8.32	G	-		
1256	108	O	8.32	A	-		
1256	109	O	8.32	C	-		
1257	0	O	24.95	A	-		
1257	1	O	24.95	A	-		
1257	2	O	24.95	A	-		
1257	3	O	24.95	T	-		
1257	4	O	24.95	T	-		
1257	5	O	24.95	T	-		
1257	6	O	24.95	T	-		
1257	7	O	24.95	T	-		
1257	8	O	24.95	C	-		
1257	9	O	24.95	G	-		
1257	10	O	24.95	G	-		
1257	11	O	24.95	C	-		
1257	12	O	24.95	G	-		
1257	13	O	24.95	C	-		
1257	14	O	24.95	T	-		
1257	15	O	24.95	G	-		
1257	16	O	24.95	T	-		
1257	17	O	24.95	G	-		
1257	18	O	24.95	C	-		
1257	19	O	24.95	G	-		
1257	20	O	24.95	G	-		
1257	21	O	24.95	T	-		
1257	22	O	24.95	A	-		
1257	23	O	24.95	G	-		
1257	24	O	24.95	A	-		
1257	25	O	24.95	G	-		
1257	26	O	24.95	T	-		
1257	27	O	24.95	T	-		
1257	28	O	24.95	C	-		
1257	29	O	24.95	C	-		
1257	30	O	24.95	A	-		
1257	31	O	24.95	A	-		
1257	32	O	24.95	C	-		
1257	33	O	24.95	C	-		
1257	34	O	24.95	T	-		
1257	35	O	24.95	G	-		
1257	36	O	24.95	A	-		
1257	37	O	15.03	C	-		
1257	38	O	24.95	G	-		
1257	39	O	24.95	T	-		
1257	40	O	24.95	C	-		
1257	41	O	24.95	G	-		
1257	42	O	24.95	C	-		
1257	43	O	24.95	G	-		
1257	44	O	24.95	G	-		
1257	45	O	24.95	T	-		
1257	46	O	24.95	A	-		
1257	47	O	24.95	C	-		
1257	48	O	24.95	A	-		
1257	49	O	24.95	G	-		
1257	50	O	24.95	A	-		
1257	51	O	24.95	G	-		
1257	52	O	24.95	T	-		
1257	53	O	24.95	C	-		
1257	54	O	24.95	C	-		
1257	55	O	24.95	A	-		
1257	56	O	24.95	G	-		
1257	57	O	24.95	C	-		
1257	58	O	24.95	C	-		
1257	59	O	24.95	G	-		
1257	60	O	24.95	T	-		
1257	61	O	24.95	A	-		
1257	62	O	24.95	C	-		
1257	63	O	24.95	T	-		
1257	64	O	24.95	C	-		
1257	65	O	24.95	G	-		
1257	66	O	24.95	C	-		
1257	67	O	24.95	T	-		
1257	68	O	24.95	C	-		
1257	69	O	24.95	C	-		
1257	70	O	24.95	C	-		
1257	71	O	24.95	G	-		
1257	72	O	24.95	A	-		
1257	73	O	24.95	A	-		
1257	74	O	24.95	G	-		
1257	75	O	24.95	A	-		
1257	76	O	24.95	T	-		
1257	77	O	24.95	G	-		
1257	78	O	24.95	T	-		
1257	79	O	24.95	C	-		
1257	80	O	24.95	C	-		
1257	81	O	24.95	A	-		
1257	82	O	24.95	G	-		
1257	83	O	24.95	G	-		
1257	84	O	24.95	T	-		
1257	85	O	24.95	A	-		
1257	86	O	24.95	C	-		
1257	87	O	24.95	A	-		
1257	88	O	24.95	T	-		
1257	89	O	24.95	C	-		
1257	90	O	24.95	T	-		
1257	91	O	24.95	G	-		
1257	92	O	24.95	G	-		
1257	93	O	24.95	G	-		
1257	94	O	24.95	C	-		
1257	95	O	24.95	A	-		
1257	96	O	24.95	G	-		
1257	97	O	24.95	T	-		
1257	98	O	24.95	G	-		
1257	99	O	24.95	T	-		
1257	100	O	24.95	A	-		
1257	101	O	24.95	G	-		
1257	102	O	24.95	A	-		
1257	103	O	24.95	T	-		
1257	104	O	24.95	T	-		
1257	105	O	24.95	C	-		
1257	106	O	24.95	G	-		
1257	107	O	24.95	C	-		
1257	108	O	24.95	A	-		
1257	109	O	24.95	G	-		
1258	0	O	40.20	G	-		
1258	1	O	40.20	T	-		
1258	2	O	40.20	C	-		
1258	3	O	40.20	C	-		
1258	4	O	40.20	G	-		
1258	5	O	40.20	T	-		
1258	6	O	40.20	C	-		
1258	7	O	40.20	T	-		
1258	8	O	40.20	G	-		
1258	9	O	40.20	G	-		
1258	10	O	40.20	C	-		
1258	11	O	40.20	C	-		
1258	12	O	40.20	A	-		
1258	13	O	40.20	G	-		
1258	14	O	40.20	C	-		
1258	15	O	40.20	A	-		
1258	16	O	40.20	C	-		
1258	17	O	40.20	G	-		
1258	18	O	40.20	T	-		
1258	19	O	40.20	T	-		
1258	20	O	40.20	G	-		
1258	21	O	40.20	G	-		
1258	22	O	40.20	C	-		
1258	23	O	40.20	C	-		
1258	24	O	40.20	G	-		
1258	25	O	40.20	C	-		
1258	26	O	40.20	G	-		
1258	27	O	40.20	A	-		
1258	28	O	40.20	G	-		
1258	29	O	40.20	C	-		
1258	30	O	40.20	A	-		
1258	31	O	40.20	T	-		
1258	32	O	40.20	A	-		
1258	33	O	40.20	G	-		
1258	34	O	40.20	C	-		
1258	35	O	40.20	T	-		
1258	36	O	40.20	G	-		
1258	37	O	40.20	A	-		
1258	38	O	40.20	G	-		
1258	39	O	40.20	G	-		
1258	40	O	29.31	T	-		
1258	41	O	40.20	A	-		
1258	42	O	29.31	T	-		
1258	43	O	40.20	T	-		
1258	44	O	40.20	G	-		
1258	45	O	40.20	G	-		
1258	46	O	40.20	T	-		
1258	47	O	40.20	G	-		
1258	48	O	40.20	G	-		
1258	49	O	40.20	T	-		
1258	50	O	40.20	G	-		
1258	51	O	40.20	T	-		
1258	52	O	40.20	C	-		
1258	53	O	40.20	G	-		
1258	54	O	29.31	A	-		
1258	55	O	40.20	T	-		
1258	56	O	40.20	A	-		
1258	57	O	40.20	A	-		
1258	58	O	40.20	T	-		
1258	59	O	29.31	A	-		
1258	60	O	40.20	G	-		
1258	61	O	40.20	A	-		
1258	62	O	40.20	A	-		
1258	63	O	40.20	T	-		
1258	64	O	40.20	C	-		
1258	65	O	40.20	A	-		
1258	66	O	40.20	C	-		
1258	67	O	40.20	T	-		
1258	68	O	40.20	G	-		
1258	69	O	40.20	A	-		
1258	70	O	40.20	C	-		
1258	71	O	40.20	T	-		
1258	72	O	40.20	A	-		
1258	73	O	40.20	G	-		
1258	74	O	40.20	G	-		
1258	75	O	40.20	G	-		
1258	76	O	40.20	T	-		
1258	77	O	40.20	A	-		
1258	78	O	40.20	G	-		
1258	79	O	40.20	G	-		
1258	80	O	40.20	A	-		
1258	81	O	40.20	A	-		
1258	82	O	40.20	T	-		
1258	83	O	40.20	A	-		
1258	84	O	40.20	A	-		
1258	85	O	40.20	T	-		
1258	86	O	40.20	T	-		
1258	87	O	40.20	G	-		
1258	88	O	40.20	G	-		
1258	89	O	40.20	A	-		
1258	90	O	40.20	A	-		
1258	91	O	40.20	A	-		
1258	92	O	40.20	C	-		
1258	93	O	29.31	T	-		
1258	94	O	40.20	G	-		
1258	95	O	40.20	T	-		
1258	96	O	40.20	T	-		
1258	97	O	40.20	T	-		
1258	98	O	40.20	G	-		
1258	99	O	40.20	A	-		
1258	100	O	40.20	G	-		
1258	101	O	40.20	G	-		
1258	102	O	40.20	G	-		
1258	103	O	29.31	T	-		
1258	104	O	40.20	T	-		
1258	105	O	40.20	C	-		
1258	106	O	40.20	A	-		
1258	107	O	40.20	T	-		
1258	108	O	40.20	T	-		
1258	109	O	40.20	T	-		
1259	0	U	0.00	-	-		
1259	1	U	0.00	-	-		
1259	2	U	0.00	-	-		
1259	3	U	0.00	-	-		
1259	4	U	0.00	-	-		
1259	5	U	0.00	-	-		
1259	6	U	0.00	-	-		
1259	7	U	0.00	-	-		
1259	8	U	0.00	-	-		
1259	9	O	8.32	T	-		
1259	10	O	8.32	A	-		
1259	11	O	8.32	A	-		
1259	12	O	8.32	C	-		
1259	13	O	8.32	G	-		
1259	14	O	8.32	G	-		
1259	15	O	8.32	T	-		
1259	16	O	8.32	G	-		
1259	17	O	8.32	A	-		
1259	18	O	8.32	G	-		
1259	19	O	8.32	A	-		
1259	20	O	8.32	G	-		
1259	21	O	8.32	A	-		
1259	22	O	8.32	G	-		
1259	23	O	8.32	C	-		
1259	24	O	8.32	G	-		
1259	25	O	8.32	G	-		
1259	26	O	8.32	C	-		
1259	27	O	8.32	C	-		
1259	28	O	8.32	G	-		
1259	29	O	8.32	A	-		
1259	30	O	8.32	A	-		
1259	31	O	8.32	G	-		
1259	32	O	8.32	T	-		
1259	33	O	8.32	C	-		
1259	34	O	8.32	G	-		
1259	35	O	8.32	G	-		
1259	36	O	8.32	C	-		
1259	37	O	8.32	T	-		
1259	38	O	8.32	A	-		
1259	39	O	8.32	A	-		
1259	40	O	8.32	T	-		
1259	41	O	8.32	G	-		
1259	42	O	8.32	T	-		
1259	43	O	8.32	G	-		
1259	44	O	8.32	G	-		
1259	45	O	8.32	C	-		
1259	46	O	8.32	G	-		
1259	47	O	8.32	C	-		
1259	48	O	8.32	T	-		
1259	49	O	8.32	C	-		
1259	50	O	8.32	G	-		
1259	51	O	8.32	G	-		
1259	52	O	8.32	C	-		
1259	53	O	8.32	C	-		
1259	54	O	8.32	G	-		
1259	55	O	8.32	G	-		
1259	56	O	8.32	C	-		
1259	57	O	8.32	G	-		
1259	58	O	8.32	C	-		
1259	59	O	8.32	T	-		
1259	60	O	8.32	G	-		
1259	61	O	8.32	A	-		
1259	62	O	8.32	T	-		
1259	63	O	8.32	A	-		
1259	64	O	8.32	C	-		
1259	65	O	8.32	G	-		
1259	66	O	8.32	A	-		
1259	67	O	8.32	T	-		
1259	68	O	8.32	C	-		
1259	69	O	8.32	A	-		
1259	70	O	8.32	C	-		
1259	71	O	8.32	T	-		
1259	72	O	8.32	T	-		
1259	73	O	8.32	T	-		
1259	74	O	8.32	T	-		
1259	75	O	8.32	G	-		
1259	76	O	8.32	T	-		
1259	77	O	8.32	T	-		
1259	78	O	8.32	G	-		
1259	79	O	8.32	G	-		
1259	80	O	8.32	C	-		
1259	81	O	8.32	G	-		
1259	82	O	8.32	C	-		
1259	83	O	8.32	C	-		
1259	84	O	8.32	C	-		
1259	85	O	8.32	A	-		
1259	86	O	8.32	A	-		
1259	87	O	8.32	A	-		
1259	88	O	8.32	C	-		
1259	89	O	8.32	T	-		
1259	90	O	8.32	G	-		
1259	91	O	8.32	G	-		
1259	92	O	8.32	G	-		
1259	93	O	8.32	A	-		
1259	94	O	8.32	T	-		
1259	95	O	8.32	G	-		
1259	96	O	8.32	A	-		
1259	97	O	8.32	G	-		
1259	98	O	8.32	T	-		
1259	99	O	8.32	G	-		
1259	100	O	8.32	T	-		
1259	101	O	8.32	A	-		
1259	102	O	8.32	G	-		
1259	103	O	8.32	G	-		
1259	104	O	8.32	C	-		
1259	105	O	8.32	A	-		
1259	106	O	8.32	C	-		
1259	107	O	8.32	T	-		
1259	108	O	8.32	C	-		
1259	109	O	8.32	C	-		
1259	110	U	0.00	-	-		
1259	111	U	0.00	-	-		
1259	112	U	0.00	-	-		
1259	113	U	0.00	-	-		
1259	114	U	0.00	-	-		
1259	115	U	0.00	-	-		
1259	116	U	0.00	-	-		
1259	117	U	0.00	-	-		
1259	118	U	0.00	-	-		
1260	0	O	11.09	C	-		
1260	1	O	11.09	A	-		
1260	2	O	11.09	C	-		
1260	3	O	11.09	A	-		
1260	4	O	11.09	G	-		
1260	5	O	11.09	A	-		
1260	6	O	11.09	G	-		
1260	7	O	11.09	G	-		
1260	8	O	11.09	T	-		
1260	9	O	11.09	T	-		
1260	10	O	11.09	C	-		
1260	11	O	11.09	A	-		
1260	12	O	11.09	G	-		
1260	13	O	11.09	A	-		
1260	14	O	11.09	G	-		
1260	15	O	11.09	T	-		
1260	16	O	11.09	C	-		
1260	17	O	11.09	T	-		
1260	18	O	11.09	A	-		
1260	19	U	2.86	A	C		
1260	20	O	11.09	T	-		
1260	21	O	11.09	T	-		
1260	22	O	11.09	G	-		
1260	23	O	11.09	C	-		
1260	24	O	11.09	T	-		
1260	25	O	11.09	G	-		
1260	26	O	11.09	T	-		
1260	27	O	11.09	G	-		
1260	28	O	11.09	C	-		
1260	29	O	11.09	A	-		
1260	30	O	11.09	T	-		
1260	31	O	11.09	C	-		
1260	32	O	11.09	C	-		
1260	33	O	11.09	A	-		
1260	34	O	11.09	A	-		
1260	35	O	11.09	A	-		
1260	36	O	11.09	T	-		
1260	37	O	11.09	C	-		
1260	38	O	11.09	T	-		
1260	39	O	11.09	A	-		
1260	40	O	11.09	C	-		
1260	41	O	11.09	A	-		
1260	42	O	11.09	A	-		
1260	43	O	11.09	A	-		
1260	44	O	11.09	T	-		
1260	45	O	11.09	C	-		
1260	46	O	11.09	T	-		
1260	47	O	11.09	A	-		
1260	48	O	11.09	T	-		
1260	49	O	11.09	G	-		
1260	50	O	11.09	G	-		
1260	51	O	11.09	G	-		
1260	52	O	11.09	A	-		
1260	53	O	11.09	C	-		
1260	54	O	11.09	C	-		
1260	55	O	11.09	A	-		
1260	56	O	11.09	C	-		
1260	57	O	11.09	C	-		
1260	58	O	11.09	C	-		
1260	59	O	11.09	G	-		
1260	60	O	11.09	A	-		
1260	61	O	11.09	T	-		
1260	62	O	11.09	A	-		
1260	63	O	11.09	T	-		
1260	64	O	11.09	A	-		
1260	65	O	11.09	C	-		
1260	66	O	11.09	C	-		
1260	67	O	11.09	G	-		
1260	68	O	11.09	A	-		
1260	69	O	11.09	T	-		
1260	70	O	11.09	T	-		
1260	71	O	11.09	C	-		
1260	72	O	11.09	G	-		
1260	73	O	11.09	G	-		
1260	74	O	11.09	C	-		
1260	75	O	11.09	A	-		
1260	76	O	11.09	T	-		
1260	77	O	11.09	T	-		
1260	78	O	11.09	T	-		
1260	79	O	11.09	T	-		
1260	80	O	11.09	A	-		
1260	81	O	11.09	C	-		
1260	82	O	11.09	T	-		
1260	83	O	11.09	T	-		
1260	84	O	11.09	T	-		
1260	85	O	11.09	T	-		
1260	86	O	11.09	G	-		
1260	87	O	11.09	T	-		
1260	88	O	11.09	T	-		
1260	89	O	11.09	C	-		
1260	90	O	11.09	T	-		
1260	91	O	11.09	A	-		
1260	92	O	11.09	A	-		
1260	93	O	11.09	T	-		
1260	94	O	11.09	C	-		
1260	95	O	11.09	C	-		
1260	96	O	11.09	C	-		
1260	97	O	11.09	T	-		
1260	98	O	11.09	C	-		
1260	99	O	11.09	T	-		
1260	100	O	11.09	G	-		
1260	101	O	11.09	C	-		
1260	102	O	11.09	C	-		
1260	103	O	11.09	T	-		
1260	104	O	11.09	C	-		
1260	105	O	11.09	C	-		
1260	106	O	11.09	C	-		
1260	107	O	11.09	G	-		
1260	108	O	11.09	T	-		
1260	109	O	11.09	C	-		
1261	0	O	12.48	C	-		
1261	1	O	12.48	C	-		
1261	2	O	12.48	T	-		
1261	3	O	12.48	C	-		
1261	4	O	12.48	C	-		
1261	5	O	12.48	G	-		
1261	6	O	12.48	C	-		
1261	7	O	12.48	T	-		
1261	8	O	12.48	C	-		
1261	9	O	12.48	G	-		
1261	10	O	12.48	A	-		
1261	11	O	12.48	G	-		
1261	12	O	12.48	C	-		
1261	13	O	12.48	C	-		
1261	14	O	12.48	C	-		
1261	15	O	12.48	C	-		
1261	16	O	12.48	G	-		
1261	17	O	12.48	A	-		
1261	18	O	12.48	G	-		
1261	19	O	12.48	A	-		
1261	20	O	12.48	T	-		
1261	21	O	12.48	A	-		
1261	22	O	12.48	G	-		
1261	23	O	12.48	A	-		
1261	24	O	12.48	G	-		
1261	25	O	12.48	G	-		
1261	26	O	12.48	C	-		
1261	27	O	12.48	C	-		
1261	28	O	12.48	A	-		
1261	29	O	12.48	A	-		
1261	30	O	12.48	A	-		
1261	31	O	12.48	C	-		
1261	32	O	12.48	C	-		
1261	33	O	12.48	A	-		
1261	34	O	12.48	A	-		
1261	35	O	12.48	C	-		
1261	36	O	12.48	T	-		
1261	37	O	12.48	C	-		
1261	38	O	12.48	T	-		
1261	39	O	12.48	A	-		
1261	40	O	12.48	C	-		
1261	41	O	12.48	A	-		
1261	42	O	12.48	A	-		
1261	43	O	12.48	T	-		
1261	44	O	12.48	G	-		
1261	45	O	12.48	C	-		
1261	46	O	12.48	C	-		
1261	47	O	12.48	A	-		
1261	48	O	12.48	A	-		
1261	49	O	12.48	A	-		
1261	50	O	12.48	G	-		
1261	51	O	12.48	T	-		
1261	52	O	12.48	C	-		
1261	53	O	12.48	T	-		
1261	54	O	12.48	A	-		
1261	55	O	12.48	C	-		
1261	56	O	12.48	A	-		
1261	57	O	12.48	C	-		
1261	58	O	12.48	T	-		
1261	59	O	12.48	T	-		
1261	60	O	12.48	C	-		
1261	61	O	12.48	C	-		
1261	62	O	12.48	A	-		
1261	63	O	12.48	T	-		
1261	64	O	12.48	C	-		
1261	65	O	12.48	A	-		
1261	66	O	12.48	G	-		
1261	67	O	12.48	C	-		
1261	68	O	12.48	A	-		
1261	69	O	12.48	A	-		
1261	70	O	12.48	A	-		
1261	71	O	12.48	A	-		
1261	72	O	12.48	T	-		
1261	73	O	12.48	T	-		
1261	74	O	12.48	C	-		
1261	75	O	12.48	A	-		
1261	76	O	12.48	C	-		
1261	77	O	12.48	C	-		
1261	78	O	12.48	C	-		
1261	79	O	12.48	T	-		
1261	80	O	12.48	G	-		
1261	81	O	12.48	T	-		
1261	82	O	12.48	C	-		
1261	83	O	12.48	A	-		
1261	84	O	12.48	A	-		
1261	85	O	12.48	C	-		
1261	86	O	12.48	T	-		
1261	87	O	12.48	G	-		
1261	88	O	12.48	A	-		
1261	89	O	12.48	T	-		
1261	90	O	4.00	A	-		
1261	91	O	12.48	C	-		
1261	92	O	12.48	A	-		
1261	93	O	12.48	G	-		
1261	94	O	12.48	C	-		
1261	95	O	12.48	A	-		
1261	96	O	12.48	A	-		
1261	97	O	12.48	C	-		
1261	98	O	12.48	C	-		
1261	99	O	12.48	T	-		
1261	100	O	12.48	G	-		
1261	101	O	12.48	T	-		
1261	102	O	12.48	T	-		
1261	103	O	12.48	C	-		
1261	104	O	12.48	T	-		
1261	105	O	12.48	T	-		
1261	106	O	12.48	C	-		
1261	107	O	12.48	A	-		
1261	108	O	12.48	C	-		
1261	109	O	12.48	G	-		
1262	0	O	5.55	C	-		
1262	1	O	5.55	C	-		
1262	2	O	5.55	A	-		
1262	3	O	5.55	A	-		
1262	4	O	5.55	G	-		
1262	5	O	5.55	A	-		
1262	6	O	5.55	T	-		
1262	7	O	5.55	T	-		
1262	8	O	5.55	C	-		
1262	9	O	5.55	A	-		
1262	10	O	5.55	A	-		
1262	11	O	5.55	G	-		
1262	12	O	5.55	C	-		
1262	13	O	5.55	A	-		
1262	14	O	5.55	C	-		
1262	15	O	5.55	A	-		
1262	16	O	5.55	A	-		
1262	17	O	5.55	T	-		
1262	18	O	5.55	A	-		
1262	19	O	5.55	A	-		
1262	20	O	5.55	A	-		
1262	21	O	5.55	C	-		
1262	22	O	5.55	A	-		
1262	23	O	5.55	G	-		
1262	24	O	5.55	A	-		
1262	25	O	5.55	C	-		
1262	26	O	5.55	G	-		
1262	27	O	5.55	G	-		
1262	28	O	5.55	C	-		
1262	29	O	5.55	G	-		
1262	30	O	5.55	T	-		
1262	31	O	5.55	C	-		
1262	32	O	5.55	T	-		
1262	33	O	5.55	A	-		
1262	34	O	5.55	C	-		
1262	35	O	5.55	G	-		
1262	36	O	5.55	A	-		
1262	37	O	5.55	G	-		
1262	38	O	5.55	G	-		
1262	39	O	5.55	A	-		
1262	40	O	5.55	A	-		
1262	41	O	5.55	A	-		
1262	42	O	5.55	C	-		
1262	43	O	5.55	T	-		
1262	44	O	5.55	T	-		
1262	45	O	5.55	C	-		
1262	46	O	5.55	C	-		
1262	47	O	5.55	A	-		
1262	48	O	5.55	G	-		
1262	49	O	5.55	T	-		
1262	50	O	5.55	C	-		
1262	51	O	5.55	A	-		
1262	52	O	5.55	G	-		
1262	53	O	5.55	A	-		
1262	54	O	5.55	A	-		
1262	55	O	5.55	T	-		
1262	56	O	5.55	C	-		
1262	57	O	5.55	G	-		
1262	58	O	5.55	A	-		
1262	59	O	5.55	A	-		
1262	60	O	5.55	C	-		
1262	61	O	5.55	G	-		
1262	62	O	5.55	C	-		
1262	63	O	5.55	T	-		
1262	64	O	5.55	C	-		
1262	65	O	5.55	T	-		
1262	66	O	5.55	T	-		
1262	67	O	5.55	G	-		
1262	68	O	5.55	G	-		
1262	69	O	5.55	C	-		
1262	70	O	5.55	T	-		
1262	71	O	5.55	T	-		
1262	72	O	5.55	T	-		
1262	73	O	5.55	G	-		
1262	74	O	5.55	G	-		
1262	75	O	5.55	A	-		
1262	76	O	5.55	G	-		
1262	77	O	5.55	A	-		
1262	78	O	5.55	A	-		
1262	79	O	5.55	A	-		
1262	80	O	5.55	A	-		
1262	81	O	5.55	A	-		
1262	82	O	5.55	A	-		
1262	83	O	5.55	T	-		
1262	84	O	5.55	G	-		
1262	85	O	5.55	T	-		
1262	86	O	5.55	A	-		
1262	87	O	5.55	T	-		
1262	88	O	5.55	C	-		
1262	89	O	5.55	C	-		
1262	90	O	5.55	A	-		
1262	91	O	5.55	A	-		
1262	92	O	5.55	C	-		
1262	93	O	5.55	C	-		
1262	94	O	5.55	A	-		
1262	95	O	5.55	A	-		
1262	96	O	5.55	G	-		
1262	97	O	5.55	A	-		
1262	98	O	5.55	C	-		
1262	99	O	5.55	A	-		
1262	100	O	5.55	G	-		
1262	101	O	5.55	T	-		
1262	102	O	5.55	C	-		
1262	103	O	5.55	C	-		
1262	104	O	5.55	G	-		
1262	105	O	5.55	G	-		
1262	106	O	5.55	G	-		
1262	107	O	5.55	C	-		
1262	108	O	5.55	A	-		
1262	109	O	5.55	A	-		
1263	0	U	0.00	-	-		
1263	1	U	0.00	-	-		
1263	2	U	0.00	-	-		
1263	3	U	0.00	-	-		
1263	4	U	0.00	-	-		
1263	5	U	0.00	-	-		
1263	6	U	0.00	-	-		
1263	7	O	18.02	A	-		
1263	8	O	18.02	A	-		
1263	9	O	18.02	C	-		
1263	10	O	18.02	T	-		
1263	11	O	18.02	C	-		
1263	12	O	18.02	C	-		
1263	13	O	18.02	C	-		
1263	14	O	18.02	A	-		
1263	15	O	18.02	G	-		
1263	16	O	18.02	C	-		
1263	17	O	18.02	G	-		
1263	18	O	18.02	C	-		
1263	19	O	18.02	T	-		
1263	20	O	18.02	A	-		
1263	21	O	18.02	T	-		
1263	22	O	18.02	A	-		
1263	23	O	18.02	T	-		
1263	24	O	18.02	T	-		
1263	25	O	18.02	G	-		
1263	26	O	18.02	C	-		
1263	27	O	18.02	A	-		
1263	28	O	18.02	C	-		
1263	29	O	18.02	T	-		
1263	30	O	18.02	T	-		
1263	31	O	18.02	C	-		
1263	32	O	18.02	T	-		
1263	33	O	18.02	C	-		
1263	34	O	18.02	G	-		
1263	35	O	18.02	A	-		
1263	36	O	18.02	C	-		
1263	37	O	18.02	A	-		
1263	38	O	18.02	A	-		
1263	39	O	18.02	A	-		
1263	40	O	18.02	C	-		
1263	41	O	18.02	A	-		
1263	42	O	18.02	A	-		
1263	43	O	18.02	G	-		
1263	44	O	18.02	T	-		
1263	45	O	18.02	T	-		
1263	46	O	18.02	C	-		
1263	47	O	18.02	T	-		
1263	48	O	18.02	G	-		
1263	49	O	18.02	C	-		
1263	50	O	18.02	C	-		
1263	51	O	18.02	A	-		
1263	52	O	18.02	G	-		
1263	53	O	18.02	A	-		
1263	54	O	18.02	G	-		
1263	55	O	18.02	C	-		
1263	56	O	18.02	T	-		
1263	57	O	18.02	G	-		
1263	58	O	18.02	A	-		
1263	59	O	18.02	G	-		
1263	60	O	18.02	G	-		
1263	61	O	18.02	A	-		
1263	62	O	18.02	G	-		
1263	63	O	18.02	A	-		
1263	64	O	18.02	C	-		
1263	65	O	18.02	G	-		
1263	66	O	18.02	G	-		
1263	67	O	18.02	A	-		
1263	68	O	18.02	T	-		
1263	69	O	18.02	A	-		
1263	70	O	18.02	G	-		
1263	71	O	18.02	G	-		
1263	72	O	18.02	A	-		
1263	73	O	18.02	G	-		
1263	74	O	18.02	A	-		
1263	75	O	18.02	A	-		
1263	76	O	18.02	G	-		
1263	77	O	18.02	A	-		
1263	78	O	18.02	G	-		
1263	79	O	18.02	A	-		
1263	80	O	18.02	G	-		
1263	81	O	18.02	A	-		
1263	82	O	18.02	T	-		
1263	83	O	18.02	T	-		
1263	84	O	18.02	C	-		
1263	85	O	18.02	C	-		
1263	86	O	18.02	G	-		
1263	87	O	18.02	C	-		
1263	88	O	18.02	A	-		
1263	89	O	18.02	C	-		
1263	90	O	18.02	T	-		
1263	91	O	18.02	T	-		
1263	92	O	18.02	G	-		
1263	93	O	18.02	C	-		
1263	94	O	18.02	T	-		
1263	95	O	18.02	G	-		
1263	96	O	18.02	G	-		
1263	97	O	18.02	T	-		
1263	98	O	18.02	T	-		
1263	99	O	18.02	T	-		
1263	100	O	18.02	C	-		
1263	101	O	18.02	A	-		
1263	102	O	18.02	A	-		
1263	103	O	18.02	C	-		
1263	104	O	18.02	A	-		
1263	105	O	18.02	G	-		
1263	106	O	18.02	G	-		
1263	107	O	18.02	A	-		
1263	108	O	18.02	T	-		
1263	109	U	0.00	-	-		
1263	110	U	0.00	-	-		
1263	111	U	0.00	-	-		
1263	112	U	0.00	-	-		
1263	113	U	0.00	-	-		
1263	114	U	0.00	-	-		
1263	115	U	0.00	-	-		
1263	116	O	18.02	G	-		
1264	0	O	5.55	C	-		
1264	1	O	5.55	G	-		
1264	2	O	5.55	C	-		
1264	3	O	5.55	C	-		
1264	4	O	5.55	T	-		
1264	5	O	5.55	C	-		
1264	6	O	5.55	T	-		
1264	7	O	5.55	G	-		
1264	8	O	5.55	A	-		
1264	9	O	5.55	G	-		
1264	10	O	5.55	T	-		
1264	11	O	5.55	T	-		
1264	12	O	5.55	C	-		
1264	13	O	5.55	T	-		
1264	14	O	5.55	T	-		
1264	15	O	5.55	G	-		
1264	16	O	5.55	T	-		
1264	17	O	5.55	G	-		
1264	18	O	5.55	C	-		
1264	19	O	5.55	T	-		
1264	20	O	5.55	G	-		
1264	21	O	5.55	G	-		
1264	22	O	5.55	C	-		
1264	23	O	5.55	C	-		
1264	24	O	5.55	G	-		
1264	25	O	5.55	A	-		
1264	26	O	5.55	A	-		
1264	27	O	5.55	C	-		
1264	28	O	5.55	T	-		
1264	29	O	5.55	T	-		
1264	30	O	5.55	G	-		
1264	31	O	5.55	A	-		
1264	32	O	5.55	A	-		
1264	33	O	5.55	C	-		
1264	34	O	5.55	T	-		
1264	35	O	5.55	T	-		
1264	36	O	5.55	T	-		
1264	37	O	5.55	G	-		
1264	38	O	5.55	A	-		
1264	39	O	5.55	C	-		
1264	40	O	5.55	T	-		
1264	41	O	5.55	T	-		
1264	42	O	5.55	G	-		
1264	43	O	5.55	C	-		
1264	44	O	5.55	C	-		
1264	45	O	5.55	A	-		
1264	46	O	5.55	T	-		
1264	47	O	5.55	C	-		
1264	48	O	5.55	G	-		
1264	49	O	5.55	T	-		
1264	50	O	5.55	C	-		
1264	51	O	5.55	A	-		
1264	52	O	5.55	T	-		
1264	53	O	5.55	C	-		
1264	54	O	5.55	C	-		
1264	55	O	5.55	T	-		
1264	56	O	5.55	T	-		
1264	57	O	5.55	G	-		
1264	58	O	5.55	T	-		
1264	59	O	5.55	C	-		
1264	60	O	5.55	T	-		
1264	61	O	5.55	G	-		
1264	62	O	5.55	G	-		
1264	63	O	5.55	T	-		
1264	64	O	5.55	G	-		
1264	65	O	5.55	G	-		
1264	66	O	5.55	C	-		
1264	67	O	5.55	G	-		
1264	68	O	5.55	G	-		
1264	69	O	5.55	C	-		
1264	70	O	5.55	G	-		
1264	71	O	5.55	G	-		
1264	72	O	5.55	A	-		
1264	73	O	5.55	G	-		
1264	74	O	5.55	G	-		
1264	75	O	5.55	C	-		
1264	76	O	5.55	T	-		
1264	77	O	5.55	C	-		
1264	78	O	5.55	A	-		
1264	79	O	5.55	A	-		
1264	80	O	5.55	T	-		
1264	81	O	5.55	C	-		
1264	82	O	5.55	G	-		
1264	83	O	5.55	T	-		
1264	84	O	5.55	A	-		
1264	85	O	5.55	G	-		
1264	86	O	5.55	G	-		
1264	87	O	5.55	A	-		
1264	88	O	5.55	A	-		
1264	89	O	5.55	T	-		
1264	90	O	5.55	G	-		
1264	91	O	5.55	C	-		
1264	92	O	5.55	T	-		
1264	93	O	5.55	G	-		
1264	94	O	5.55	T	-		
1264	95	O	5.55	C	-		
1264	96	O	5.55	G	-		
1264	97	O	5.55	A	-		
1264	98	O	5.55	A	-		
1264	99	O	5.55	T	-		
1264	100	O	5.55	A	-		
1264	101	O	5.55	T	-		
1264	102	O	5.55	G	-		
1264	103	O	5.55	G	-		
1264	104	O	5.55	C	-		
1264	105	O	5.55	C	-		
1264	106	O	5.55	T	-		
1264	107	O	5.55	G	-		
1264	108	O	5.55	G	-		
1264	109	O	5.55	A	-		
1265	0	O	8.32	C	-		
1265	1	O	8.32	T	-		
1265	2	O	8.32	C	-		
1265	3	O	8.32	C	-		
1265	4	O	8.32	G	-		
1265	5	O	8.32	C	-		
1265	6	O	8.32	G	-		
1265	7	O	8.32	T	-		
1265	8	O	8.32	T	-		
1265	9	O	8.32	G	-		
1265	10	O	8.32	T	-		
1265	11	O	8.32	C	-		
1265	12	O	8.32	G	-		
1265	13	O	8.32	G	-		
1265	14	O	8.32	G	-		
1265	15	O	8.32	C	-		
1265	16	O	8.32	T	-		
1265	17	O	8.32	C	-		
1265	18	O	8.32	G	-		
1265	19	O	8.32	T	-		
1265	20	O	8.32	C	-		
1265	21	O	8.32	G	-		
1265	22	O	8.32	T	-		
1265	23	O	8.32	T	-		
1265	24	O	8.32	C	-		
1265	25	O	8.32	T	-		
1265	26	O	8.32	C	-		
1265	27	O	8.32	G	-		
1265	28	O	8.32	G	-		
1265	29	O	8.32	G	-		
1265	30	O	8.32	C	-		
1265	31	O	8.32	T	-		
1265	32	O	8.32	C	-		
1265	33	O	8.32	C	-		
1265	34	O	8.32	G	-		
1265	35	O	8.32	C	-		
1265	36	O	8.32	G	-		
1265	37	O	8.32	T	-		
1265	38	O	8.32	T	-		
1265	39	O	8.32	C	-		
1265	40	O	8.32	T	-		
1265	41	O	8.32	C	-		
1265	42	O	8.32	G	-		
1265	43	O	8.32	G	-		
1265	44	O	8.32	G	-		
1265	45	O	8.32	C	-		
1265	46	O	8.32	G	-		
1265	47	O	8.32	C	-		
1265	48	O	8.32	G	-		
1265	49	O	8.32	T	-		
1265	50	O	8.32	C	-		
1265	51	O	8.32	G	-		
1265	52	O	8.32	T	-		
1265	53	O	8.32	T	-		
1265	54	O	8.32	C	-		
1265	55	O	8.32	T	-		
1265	56	O	8.32	C	-		
1265	57	O	8.32	G	-		
1265	58	O	8.32	G	-		
1265	59	O	8.32	G	-		
1265	60	O	8.32	C	-		
1265	61	O	8.32	G	-		
1265	62	O	8.32	C	-		
1265	63	O	8.32	G	-		
1265	64	O	8.32	T	-		
1265	65	O	8.32	C	-		
1265	66	O	8.32	G	-		
1265	67	O	8.32	C	-		
1265	68	O	8.32	T	-		
1265	69	O	8.32	A	-		
1265	70	O	8.32	A	-		
1265	71	O	8.32	A	-		
1265	72	O	8.32	G	-		
1265	73	O	8.32	C	-		
1265	74	O	8.32	G	-		
1265	75	O	8.32	C	-		
1265	76	O	8.32	G	-		
1265	77	O	8.32	C	-		
1265	78	O	8.32	C	-		
1265	79	O	8.32	T	-		
1265	80	O	8.32	C	-		
1265	81	O	8.32	G	-		
1265	82	O	8.32	C	-		
1265	83	O	8.32	T	-		
1265	84	U	-3.71	C	A		
1265	85	O	8.32	G	-		
1265	86	O	8.32	T	-		
1265	87	O	8.32	C	-		
1265	88	O	8.32	G	-		
1265	89	O	8.32	A	-		
1265	90	O	8.32	C	-		
1265	91	O	8.32	G	-		
1265	92	O	8.32	C	-		
1265	93	O	8.32	C	-		
1265	94	O	8.32	T	-		
1265	95	O	8.32	G	-		
1265	96	O	8.32	G	-		
1265	97	O	8.32	T	-		
1265	98	O	8.32	T	-		
1265	99	O	8.32	T	-		
1265	100	O	8.32	T	-		
1265	101	O	8.32	C	-		
1265	102	O	8.32	A	-		
1265	103	O	8.32	G	-		
1265	104	O	8.32	G	-		
1265	105	O	8.32	C	-		
1265	106	O	8.32	A	-		
1265	107	O	8.32	C	-		
1265	108	O	8.32	C	-		
1265	109	O	8.32	T	-		
1266	0	O	20.79	T	-		
1266	1	O	20.79	C	-		
1266	2	O	20.79	C	-		
1266	3	O	20.79	T	-		
1266	4	O	20.79	C	-		
1266	5	O	20.79	C	-		
1266	6	O	20.79	C	-		
1266	7	O	20.79	C	-		
1266	8	O	20.79	G	-		
1266	9	O	20.79	G	-		
1266	10	O	20.79	A	-		
1266	11	O	20.79	A	-		
1266	12	O	11.25	T	-		
1266	13	O	20.79	C	-		
1266	14	O	20.79	A	-		
1266	15	O	20.79	A	-		
1266	16	O	20.79	A	-		
1266	17	O	20.79	A	-		
1266	18	O	20.79	A	-		
1266	19	O	20.79	A	-		
1266	20	O	20.79	A	-		
1266	21	O	20.79	C	-		
1266	22	O	11.25	A	-		
1266	23	O	20.79	T	-		
1266	24	O	20.79	C	-		
1266	25	O	20.79	A	-		
1266	26	O	20.79	T	-		
1266	27	O	20.79	G	-		
1266	28	O	20.79	T	-		
1266	29	O	20.79	G	-		
1266	30	O	20.79	A	-		
1266	31	O	20.79	A	-		
1266	32	O	20.79	T	-		
1266	33	O	20.79	T	-		
1266	34	O	20.79	G	-		
1266	35	O	20.79	C	-		
1266	36	O	20.79	C	-		
1266	37	O	20.79	A	-		
1266	38	O	20.79	C	-		
1266	39	O	20.79	C	-		
1266	40	O	20.79	A	-		
1266	41	O	20.79	C	-		
1266	42	O	20.79	C	-		
1266	43	O	20.79	T	-		
1266	44	O	20.79	C	-		
1266	45	O	20.79	A	-		
1266	46	O	20.79	G	-		
1266	47	O	20.79	T	-		
1266	48	O	20.79	T	-		
1266	49	O	20.79	T	-		
1266	50	O	20.79	T	-		
1266	51	O	20.79	A	-		
1266	52	O	20.79	T	-		
1266	53	O	20.79	C	-		
1266	54	O	20.79	C	-		
1266	55	O	20.79	C	-		
1266	56	O	20.79	A	-		
1266	57	O	20.79	A	-		
1266	58	O	20.79	C	-		
1266	59	O	20.79	A	-		
1266	60	O	20.79	C	-		
1266	61	O	20.79	A	-		
1266	62	O	20.79	C	-		
1266	63	O	20.79	C	-		
1266	64	O	20.79	A	-		
1266	65	O	20.79	A	-		
1266	66	O	20.79	T	-		
1266	67	O	20.79	A	-		
1266	68	O	20.79	T	-		
1266	69	O	20.79	T	-		
1266	70	O	20.79	G	-		
1266	71	O	20.79	T	-		
1266	72	O	20.79	T	-		
1266	73	O	20.79	T	-		
1266	74	O	20.79	T	-		
1266	75	O	20.79	A	-		
1266	76	O	20.79	A	-		
1266	77	O	20.79	C	-		
1266	78	O	20.79	C	-		
1266	79	O	20.79	C	-		
1266	80	O	20.79	T	-		
1266	81	O	20.79	T	-		
1266	82	O	20.79	C	-		
1266	83	O	20.79	A	-		
1266	84	O	20.79	A	-		
1266	85	O	20.79	T	-		
1266	86	O	20.79	T	-		
1266	87	O	20.79	T	-		
1266	88	O	20.79	T	-		
1266	89	O	20.79	A	-		
1266	90	O	20.79	C	-		
1266	91	O	20.79	T	-		
1266	92	O	20.79	C	-		
1266	93	O	20.79	T	-		
1266	94	O	20.79	C	-		
1266	95	O	20.79	A	-		
1266	96	O	20.79	T	-		
1266	97	O	20.79	C	-		
1266	98	O	20.79	T	-		
1266	99	O	20.79	T	-		
1266	100	O	20.79	C	-		
1266	101	O	20.79	T	-		
1266	102	O	20.79	T	-		
1266	103	O	20.79	C	-		
1266	104	O	20.79	C	-		
1266	105	O	20.79	A	-		
1266	106	O	20.79	G	-		
1266	107	O	20.79	C	-		
1266	108	O	20.79	G	-		
1266	109	O	20.79	G	-		
1267	0	O	5.55	A	-		
1267	1	O	5.55	A	-		
1267	2	O	5.55	G	-		
1267	3	O	5.55	A	-		
1267	4	O	5.55	A	-		
1267	5	O	5.55	G	-		
1267	6	O	5.55	A	-		
1267	7	O	5.55	A	-		
1267	8	O	5.55	A	-		
1267	9	O	5.55	T	-		
1267	10	O	5.55	A	-		
1267	11	O	5.55	A	-		
1267	12	O	5.55	A	-		
1267	13	O	5.55	G	-		
1267	14	O	5.55	G	-		
1267	15	O	5.55	A	-		
1267	16	O	5.55	T	-		
1267	17	O	5.55	A	-		
1267	18	O	5.55	A	-		
1267	19	O	5.55	G	-		
1267	20	O	5.55	G	-		
1267	21	O	5.55	C	-		
1267	22	O	5.55	A	-		
1267	23	O	5.55	G	-		
1267	24	O	5.55	C	-		
1267	25	O	5.55	A	-		
1267	26	O	5.55	A	-		
1267	27	O	5.55	A	-		
1267	28	O	5.55	G	-		
1267	29	O	5.55	A	-		
1267	30	O	5.55	T	-		
1267	31	O	5.55	T	-		
1267	32	O	5.55	G	-		
1267	33	O	5.55	A	-		
1267	34	O	5.55	A	-		
1267	35	O	5.55	T	-		
1267	36	O	5.55	A	-		
1267	37	O	5.55	T	-		
1267	38	O	5.55	G	-		
1267	39	O	5.55	C	-		
1267	40	O	5.55	A	-		
1267	41	O	5.55	G	-		
1267	42	O	5.55	A	-		
1267	43	O	5.55	G	-		
1267	44	O	5.55	C	-		
1267	45	O	5.55	A	-		
1267	46	O	5.55	G	-		
1267	47	O	5.55	C	-		
1267	48	O	5.55	G	-		
1267	49	O	5.55	T	-		
1267	50	O	5.55	T	-		
1267	51	O	5.55	T	-		
1267	52	O	5.55	G	-		
1267	53	O	5.55	A	-		
1267	54	O	5.55	C	-		
1267	55	O	5.55	A	-		
1267	56	O	5.55	A	-		
1267	57	O	5.55	C	-		
1267	58	O	5.55	T	-		
1267	59	O	5.55	T	-		
1267	60	O	5.55	T	-		
1267	61	O	5.55	G	-		
1267	62	O	5.55	A	-		
1267	63	O	5.55	G	-		
1267	64	O	5.55	T	-		
1267	65	O	5.55	T	-		
1267	66	O	5.55	T	-		
1267	67	O	5.55	G	-		
1267	68	O	5.55	G	-		
1267	69	O	5.55	A	-		
1267	70	O	5.55	A	-		
1267	71	O	5.55	C	-		
1267	72	O	5.55	T	-		
1267	73	O	5.55	A	-		
1267	74	O	5.55	A	-		
1267	75	O	5.55	A	-		
1267	76	O	5.55	G	-		
1267	77	O	5.55	G	-		
1267	78	O	5.55	T	-		
1267	79	O	5.55	G	-		
1267	80	O	5.55	T	-		
1267	81	O	5.55	G	-		
1267	82	O	5.55	T	-		
1267	83	O	5.55	T	-		
1267	84	O	5.55	T	-		
1267	85	O	5.55	C	-		
1267	86	O	5.55	G	-		
1267	87	O	5.55	G	-		
1267	88	O	5.55	G	-		
1267	89	O	5.55	C	-		
1267	90	O	5.55	T	-		
1267	91	O	5.55	T	-		
1267	92	O	5.55	T	-		
1267	93	O	5.55	T	-		
1267	94	O	5.55	A	-		
1267	95	O	5.55	T	-		
1267	96	O	5.55	A	-		
1267	97	O	5.55	C	-		
1267	98	O	5.55	C	-		
1267	99	O	5.55	A	-		
1267	100	O	5.55	T	-		
1267	101	O	5.55	C	-		
1267	102	O	5.55	T	-		
1267	103	O	5.55	G	-		
1267	104	O	5.55	G	-		
1267	105	O	5.55	A	-		
1267	106	O	5.55	A	-		
1267	107	O	5.55	A	-		
1267	108	O	5.55	C	-		
1267	109	O	5.55	A	-		
1268	0	O	9.70	A	-		
1268	1	O	9.70	A	-		
1268	2	O	9.70	A	-		
1268	3	O	9.70	G	-		
1268	4	O	9.70	T	-		
1268	5	O	9.70	G	-		
1268	6	O	9.70	A	-		
1268	7	O	9.70	G	-		
1268	8	O	9.70	G	-		
1268	9	O	9.70	A	-		
1268	10	O	9.70	G	-		
1268	11	O	9.70	C	-		
1268	12	O	9.70	G	-		
1268	13	O	9.70	C	-		
1268	14	O	9.70	C	-		
1268	15	O	9.70	C	-		
1268	16	O	9.70	A	-		
1268	17	O	9.70	G	-		
1268	18	O	9.70	C	-		
1268	19	O	9.70	C	-		
1268	20	O	9.70	C	-		
1268	21	O	9.70	C	-		
1268	22	O	9.70	G	-		
1268	23	O	9.70	T	-		
1268	24	O	9.70	T	-		
1268	25	O	9.70	C	-		
1268	26	O	9.70	C	-		
1268	27	O	9.70	A	-		
1268	28	O	9.70	T	-		
1268	29	O	9.70	A	-		
1268	30	O	9.70	C	-		
1268	31	O	9.70	G	-		
1268	32	O	9.70	T	-		
1268	33	O	9.70	T	-		
1268	34	O	9.70	C	-		
1268	35	O	9.70	A	-		
1268	36	O	9.70	G	-		
1268	37	O	9.70	G	-		
1268	38	O	9.70	A	-		
1268	39	O	9.70	C	-		
1268	40	O	9.70	G	-		
1268	41	O	9.70	C	-		
1268	42	O	9.70	C	-		
1268	43	O	9.70	T	-		
1268	44	O	9.70	G	-		
1268	45	O	9.70	T	-		
1268	46	O	9.70	T	-		
1268	47	O	9.70	C	-		
1268	48	O	9.70	G	-		
1268	49	O	9.70	C	-		
1268	50	O	9.70	G	-		
1268	51	O	9.70	A	-		
1268	52	O	9.70	C	-		
1268	53	O	9.70	A	-		
1268	54	O	9.70	C	-		
1268	55	O	9.70	C	-		
1268	56	O	9.70	A	-		
1268	57	O	9.70	A	-		
1268	58	O	9.70	G	-		
1268	59	O	9.70	C	-		
1268	60	O	9.70	C	-		
1268	61	O	9.70	G	-		
1268	62	O	9.70	G	-		
1268	63	O	9.70	G	-		
1268	64	O	9.70	C	-		
1268	65	O	9.70	T	-		
1268	66	O	9.70	C	-		
1268	67	O	9.70	T	-		
1268	68	O	9.70	T	-		
1268	69	O	9.70	T	-		
1268	70	O	9.70	C	-		
1268	71	O	9.70	A	-		
1268	72	O	9.70	T	-		
1268	73	O	9.70	G	-		
1268	74	O	9.70	C	-		
1268	75	O	9.70	C	-		
1268	76	O	9.70	T	-		
1268	77	O	9.70	C	-		
1268	78	O	9.70	A	-		
1268	79	O	9.70	C	-		
1268	80	O	9.70	G	-		
1268	81	O	9.70	A	-		
1268	82	O	9.70	G	-		
1268	83	O	9.70	A	-		
1268	84	O	9.70	A	-		
1268	85	O	9.70	T	-		
1268	86	O	9.70	G	-		
1268	87	O	9.70	A	-		
1268	88	O	9.70	T	-		
1268	89	O	9.70	G	-		
1268	90	O	9.70	A	-		
1268	91	O	9.70	A	-		
1268	92	O	9.70	G	-		
1268	93	O	9.70	A	-		
1268	94	O	9.70	G	-		
1268	95	O	9.70	G	-		
1268	96	O	9.70	C	-		
1268	97	O	9.70	T	-		
1268	98	O	9.70	C	-		
1268	99	O	9.70	T	-		
1268	100	O	9.70	C	-		
1268	101	O	9.70	A	-		
1268	102	O	9.70	T	-		
1268	103	O	9.70	C	-		
1268	104	O	9.70	G	-		
1268	105	O	9.70	G	-		
1268	106	O	9.70	C	-		
1268	107	O	9.70	A	-		
1268	108	O	9.70	T	-		
1268	109	O	9.70	G	-		
1269	0	O	13.86	A	-		
1269	1	O	13.86	G	-		
1269	2	O	13.86	A	-		
1269	3	O	13.86	G	-		
1269	4	O	13.86	G	-		
1269	5	O	13.86	T	-		
1269	6	O	13.86	G	-		
1269	7	O	13.86	A	-		
1269	8	O	13.86	A	-		
1269	9	O	13.86	A	-		
1269	10	O	13.86	T	-		
1269	11	O	13.86	G	-		
1269	12	O	13.86	G	-		
1269	13	O	13.86	T	-		
1269	14	O	13.86	A	-		
1269	15	O	13.86	G	-		
1269	16	O	13.86	A	-		
1269	17	O	13.86	G	-		
1269	18	O	13.86	A	-		
1269	19	O	13.86	A	-		
1269	20	O	13.86	C	-		
1269	21	O	13.86	C	-		
1269	22	O	13.86	A	-		
1269	23	O	13.86	G	-		
1269	24	O	13.86	T	-		
1269	25	O	13.86	T	-		
1269	26	O	13.86	A	-		
1269	27	O	13.86	T	-		
1269	28	O	13.86	G	-		
1269	29	O	13.86	A	-		
1269	30	O	13.86	G	-		
1269	31	O	13.86	A	-		
1269	32	O	13.86	A	-		
1269	33	O	13.86	T	-		
1269	34	O	13.86	T	-		
1269	35	O	13.86	G	-		
1269	36	O	13.86	A	-		
1269	37	O	13.86	A	-		
1269	38	O	13.86	C	-		
1269	39	O	13.86	C	-		
1269	40	O	13.86	T	-		
1269	41	O	13.86	A	-		
1269	42	O	13.86	A	-		
1269	43	O	13.86	A	-		
1269	44	O	13.86	G	-		
1269	45	O	13.86	A	-		
1269	46	O	13.86	G	-		
1269	47	O	13.86	A	-		
1269	48	O	13.86	T	-		
1269	49	O	13.86	T	-		
1269	50	O	13.86	G	-		
1269	51	O	13.86	T	-		
1269	52	O	13.86	A	-		
1269	53	O	13.86	T	-		
1269	54	O	13.86	A	-		
1269	55	O	13.86	T	-		
1269	56	O	13.86	A	-		
1269	57	O	13.86	A	-		
1269	58	O	13.86	C	-		
1269	59	O	13.86	A	-		
1269	60	O	13.86	A	-		
1269	61	O	13.86	A	-		
1269	62	O	13.86	T	-		
1269	63	O	13.86	T	-		
1269	64	O	13.86	G	-		
1269	65	O	13.86	A	-		
1269	66	O	13.86	A	-		
1269	67	O	13.86	G	-		
1269	68	O	13.86	A	-		
1269	69	O	13.86	C	-		
1269	70	O	13.86	T	-		
1269	71	O	13.86	G	-		
1269	72	O	13.86	G	-		
1269	73	O	13.86	A	-		
1269	74	O	13.86	G	-		
1269	75	O	13.86	A	-		
1269	76	O	13.86	G	-		
1269	77	O	13.86	G	-		
1269	78	O	13.86	A	-		
1269	79	O	13.86	A	-		
1269	80	O	13.86	G	-		
1269	81	O	13.86	A	-		
1269	82	O	13.86	G	-		
1269	83	O	13.86	T	-		
1269	84	O	13.86	G	-		
1269	85	O	13.86	C	-		
1269	86	O	13.86	A	-		
1269	87	O	13.86	G	-		
1269	88	O	13.86	A	-		
1269	89	O	13.86	A	-		
1269	90	O	13.86	A	-		
1269	91	O	13.86	T	-		
1269	92	O	13.86	G	-		
1269	93	O	13.86	C	-		
1269	94	O	13.86	A	-		
1269	95	O	13.86	T	-		
1269	96	O	13.86	T	-		
1269	97	O	13.86	A	-		
1269	98	O	13.86	A	-		
1269	99	O	13.86	A	-		
1269	100	O	13.86	A	-		
1269	101	O	13.86	T	-		
1269	102	O	13.86	T	-		
1269	103	O	13.86	A	-		
1269	104	O	13.86	T	-		
1269	105	O	13.86	G	-		
1269	106	O	13.86	T	-		
1269	107	O	13.86	T	-		
1269	108	O	13.86	T	-		
1269	109	O	13.86	A	-		
1270	0	O	22.18	T	-		
1270	1	O	22.18	T	-		
1270	2	O	22.18	A	-		
1270	3	O	22.18	G	-		
1270	4	O	22.18	C	-		
1270	5	O	22.18	A	-		
1270	6	O	22.18	C	-		
1270	7	O	22.18	T	-		
1270	8	O	22.18	A	-		
1270	9	O	22.18	C	-		
1270	10	O	22.18	C	-		
1270	11	O	22.18	C	-		
1270	12	O	22.18	A	-		
1270	13	O	22.18	T	-		
1270	14	O	22.18	G	-		
1270	15	O	22.18	A	-		
1270	16	O	22.18	T	-		
1270	17	O	22.18	A	-		
1270	18	O	22.18	C	-		
1270	19	O	22.18	G	-		
1270	20	O	22.18	A	-		
1270	21	O	22.18	A	-		
1270	22	O	22.18	A	-		
1270	23	O	22.18	A	-		
1270	24	O	22.18	T	-		
1270	25	O	22.18	G	-		
1270	26	O	22.18	T	-		
1270	27	O	22.18	A	-		
1270	28	O	22.18	G	-		
1270	29	O	22.18	G	-		
1270	30	O	22.18	C	-		
1270	31	O	22.18	G	-		
1270	32	O	22.18	T	-		
1270	33	O	22.18	A	-		
1270	34	O	22.18	C	-		
1270	35	O	22.18	C	-		
1270	36	O	22.18	A	-		
1270	37	O	22.18	G	-		
1270	38	O	22.18	G	-		
1270	39	O	22.18	T	-		
1270	40	O	22.18	A	-		
1270	41	O	22.18	G	-		
1270	42	O	22.18	A	-		
1270	43	O	22.18	A	-		
1270	44	O	22.18	G	-		
1270	45	O	22.18	C	-		
1270	46	O	22.18	T	-		
1270	47	O	22.18	C	-		
1270	48	O	22.18	T	-		
1270	49	O	22.18	G	-		
1270	50	O	22.18	A	-		
1270	51	O	22.18	C	-		
1270	52	O	22.18	C	-		
1270	53	O	22.18	G	-		
1270	54	O	22.18	G	-		
1270	55	O	22.18	C	-		
1270	56	O	22.18	T	-		
1270	57	O	22.18	C	-		
1270	58	O	22.18	A	-		
1270	59	O	22.18	G	-		
1270	60	O	22.18	C	-		
1270	61	O	22.18	A	-		
1270	62	O	22.18	A	-		
1270	63	O	22.18	C	-		
1270	64	O	22.18	C	-		
1270	65	O	22.18	C	-		
1270	66	O	22.18	C	-		
1270	67	O	22.18	T	-		
1270	68	O	22.18	T	-		
1270	69	O	22.18	C	-		
1270	70	O	22.18	C	-		
1270	71	O	22.18	A	-		
1270	72	O	22.18	A	-		
1270	73	O	22.18	G	-		
1270	74	O	22.18	G	-		
1270	75	O	22.18	T	-		
1270	76	O	22.18	C	-		
1270	77	O	22.18	T	-		
1270	78	O	22.18	T	-		
1270	79	O	22.18	T	-		
1270	80	O	22.18	T	-		
1270	81	O	22.18	C	-		
1270	82	O	22.18	C	-		
1270	83	O	22.18	C	-		
1270	84	O	22.18	A	-		
1270	85	O	12.50	A	-		
1270	86	O	22.18	T	-		
1270	87	O	22.18	C	-		
1270	88	O	22.18	A	-		
1270	89	O	22.18	C	-		
1270	90	O	22.18	C	-		
1270	91	O	22.18	T	-		
1270	92	O	22.18	T	-		
1270	93	O	22.18	C	-		
1270	94	O	22.18	C	-		
1270	95	O	22.18	C	-		
1270	96	O	22.18	C	-		
1270	97	O	22.18	A	-		
1270	98	O	22.18	C	-		
1270	99	O	22.18	C	-		
1270	100	O	22.18	T	-		
1270	101	O	22.18	T	-		
1270	102	O	22.18	C	-		
1270	103	O	22.18	C	-		
1270	104	O	22.18	T	-		
1270	105	O	22.18	T	-		
1270	106	O	22.18	C	-		
1270	107	O	22.18	T	-		
1270	108	O	22.18	C	-		
1270	109	O	22.18	C	-		
1271	0	O	5.55	C	-		
1271	1	O	5.55	G	-		
1271	2	O	5.55	C	-		
1271	3	O	5.55	A	-		
1271	4	O	5.55	C	-		
1271	5	O	5.55	C	-		
1271	6	O	5.55	T	-		
1271	7	O	5.55	C	-		
1271	8	O	5.55	A	-		
1271	9	O	5.55	G	-		
1271	10	O	5.55	A	-		
1271	11	O	5.55	C	-		
1271	12	O	5.55	A	-		
1271	13	O	5.55	T	-		
1271	14	O	5.55	T	-		
1271	15	O	5.55	T	-		
1271	16	O	5.55	G	-		
1271	17	O	5.55	G	-		
1271	18	O	5.55	C	-		
1271	19	O	5.55	C	-		
1271	20	O	5.55	C	-		
1271	21	O	5.55	G	-		
1271	22	O	5.55	T	-		
1271	23	O	5.55	C	-		
1271	24	O	5.55	C	-		
1271	25	O	5.55	A	-		
1271	26	O	5.55	T	-		
1271	27	O	5.55	C	-		
1271	28	O	5.55	A	-		
1271	29	O	5.55	T	-		
1271	30	O	5.55	C	-		
1271	31	O	5.55	A	-		
1271	32	O	5.55	C	-		
1271	33	O	5.55	T	-		
1271	34	O	5.55	C	-		
1271	35	O	5.55	C	-		
1271	36	O	5.55	T	-		
1271	37	O	5.55	G	-		
1271	38	O	5.55	C	-		
1271	39	O	5.55	C	-		
1271	40	O	5.55	C	-		
1271	41	O	5.55	G	-		
1271	42	O	5.55	C	-		
1271	43	O	5.55	C	-		
1271	44	O	5.55	C	-		
1271	45	O	5.55	T	-		
1271	46	O	5.55	C	-		
1271	47	O	5.55	G	-		
1271	48	O	5.55	C	-		
1271	49	O	5.55	C	-		
1271	50	O	5.55	A	-		
1271	51	O	5.55	T	-		
1271	52	O	5.55	T	-		
1271	53	O	5.55	T	-		
1271	54	O	5.55	C	-		
1271	55	O	5.55	A	-		
1271	56	O	5.55	C	-		
1271	57	O	5.55	A	-		
1271	58	O	5.55	C	-		
1271	59	O	5.55	C	-		
1271	60	O	5.55	C	-		
1271	61	O	5.55	A	-		
1271	62	O	5.55	C	-		
1271	63	O	5.55	C	-		
1271	64	O	5.55	T	-		
1271	65	O	5.55	C	-		
1271	66	O	5.55	C	-		
1271	67	O	5.55	G	-		
1271	68	O	5.55	A	-		
1271	69	O	5.55	A	-		
1271	70	O	5.55	T	-		
1271	71	O	5.55	T	-		
1271	72	O	5.55	C	-		
1271	73	O	5.55	A	-		
1271	74	O	5.55	C	-		
1271	75	O	5.55	A	-		
1271	76	O	5.55	T	-		
1271	77	O	5.55	C	-		
1271	78	O	5.55	G	-		
1271	79	O	5.55	A	-		
1271	80	O	5.55	C	-		
1271	81	O	5.55	G	-		
1271	82	O	5.55	A	-		
1271	83	O	5.55	C	-		
1271	84	O	5.55	T	-		
1271	85	O	5.55	T	-		
1271	86	O	5.55	C	-		
1271	87	O	5.55	T	-		
1271	88	O	5.55	T	-		
1271	89	O	5.55	C	-		
1271	90	O	5.55	G	-		
1271	91	O	5.55	C	-		
1271	92	O	5.55	T	-		
1271	93	O	5.55	A	-		
1271	94	O	5.55	T	-		
1271	95	O	5.55	C	-		
1271	96	O	5.55	G	-		
1271	97	O	5.55	G	-		
1271	98	O	5.55	C	-		
1271	99	O	5.55	T	-		
1271	100	O	5.55	T	-		
1271	101	O	5.55	G	-		
1271	102	O	5.55	C	-		
1271	103	O	5.55	C	-		
1271	104	O	5.55	G	-		
1271	105	O	5.55	G	-		
1271	106	O	5.55	C	-		
1271	107	O	5.55	A	-		
1271	108	O	5.55	T	-		
1271	109	O	5.55	T	-		
1272	0	O	6.93	G	-		
1272	1	O	6.93	A	-		
1272	2	O	6.93	C	-		
1272	3	O	6.93	A	-		
1272	4	O	6.93	G	-		
1272	5	O	6.93	A	-		
1272	6	O	6.93	G	-		
1272	7	O	6.93	T	-		
1272	8	O	6.93	A	-		
1272	9	O	6.93	G	-		
1272	10	O	6.93	C	-		
1272	11	O	6.93	G	-		
1272	12	O	6.93	G	-		
1272	13	O	6.93	T	-		
1272	14	O	6.93	C	-		
1272	15	O	6.93	G	-		
1272	16	O	6.93	T	-		
1272	17	O	6.93	G	-		
1272	18	O	6.93	C	-		
1272	19	O	6.93	G	-		
1272	20	O	6.93	A	-		
1272	21	O	6.93	A	-		
1272	22	O	6.93	T	-		
1272	23	O	6.93	G	-		
1272	24	O	6.93	T	-		
1272	25	O	6.93	T	-		
1272	26	O	6.93	C	-		
1272	27	O	6.93	G	-		
1272	28	O	6.93	C	-		
1272	29	O	6.93	A	-		
1272	30	O	6.93	A	-		
1272	31	O	6.93	C	-		
1272	32	O	6.93	A	-		
1272	33	O	6.93	T	-		
1272	34	O	6.93	C	-		
1272	35	O	6.93	C	-		
1272	36	O	6.93	G	-		
1272	37	O	6.93	A	-		
1272	38	O	6.93	A	-		
1272	39	O	6.93	C	-		
1272	40	O	6.93	C	-		
1272	41	O	6.93	G	-		
1272	42	O	6.93	C	-		
1272	43	O	6.93	C	-		
1272	44	O	6.93	C	-		
1272	45	O	6.93	G	-		
1272	46	O	6.93	A	-		
1272	47	O	6.93	A	-		
1272	48	O	6.93	G	-		
1272	49	O	6.93	G	-		
1272	50	O	6.93	C	-		
1272	51	O	6.93	T	-		
1272	52	O	6.93	C	-		
1272	53	O	6.93	G	-		
1272	54	O	6.93	G	-		
1272	55	O	6.93	T	-		
1272	56	O	6.93	G	-		
1272	57	O	6.93	A	-		
1272	58	O	6.93	T	-		
1272	59	O	6.93	T	-		
1272	60	O	6.93	C	-		
1272	61	O	6.93	C	-		
1272	62	O	6.93	C	-		
1272	63	O	6.93	A	-		
1272	64	O	6.93	G	-		
1272	65	O	6.93	A	-		
1272	66	O	6.93	C	-		
1272	67	O	6.93	A	-		
1272	68	O	6.93	G	-		
1272	69	O	6.93	A	-		
1272	70	O	6.93	A	-		
1272	71	O	6.93	G	-		
1272	72	O	6.93	C	-		
1272	73	O	6.93	T	-		
1272	74	O	6.93	C	-		
1272	75	O	6.93	G	-		
1272	76	O	6.93	T	-		
1272	77	O	6.93	G	-		
1272	78	O	6.93	G	-		
1272	79	O	6.93	A	-		
1272	80	O	6.93	G	-		
1272	81	O	6.93	A	-		
1272	82	O	6.93	A	-		
1272	83	O	6.93	A	-		
1272	84	O	6.93	T	-		
1272	85	O	6.93	C	-		
1272	86	O	6.93	G	-		
1272	87	O	6.93	A	-		
1272	88	O	6.93	A	-		
1272	89	O	6.93	C	-		
1272	90	O	6.93	A	-		
1272	91	O	6.93	G	-		
1272	92	O	6.93	G	-		
1272	93	O	6.93	C	-		
1272	94	O	6.93	C	-		
1272	95	O	6.93	G	-		
1272	96	O	6.93	G	-		
1272	97	O	6.93	G	-		
1272	98	O	6.93	C	-		
1272	99	O	6.93	A	-		
1272	100	O	6.93	A	-		
1272	101	O	6.93	C	-		
1272	102	O	6.93	C	-		
1272	103	O	6.93	A	-		
1272	104	O	6.93	G	-		
1272	105	O	6.93	G	-		
1272	106	O	6.93	C	-		
1272	107	O	6.93	T	-		
1272	108	O	6.93	G	-		
1272	109	O	6.93	C	-		
1273	0	O	9.70	G	-		
1273	1	O	9.70	C	-		
1273	2	O	9.70	A	-		
1273	3	O	9.70	A	-		
1273	4	O	9.70	C	-		
1273	5	O	9.70	G	-		
1273	6	O	9.70	A	-		
1273	7	O	9.70	C	-		
1273	8	O	9.70	G	-		
1273	9	O	9.70	T	-		
1273	10	O	9.70	A	-		
1273	11	O	9.70	G	-		
1273	12	O	9.70	C	-		
1273	13	O	9.70	A	-		
1273	14	O	9.70	G	-		
1273	15	O	9.70	A	-		
1273	16	O	9.70	G	-		
1273	17	O	9.70	C	-		
1273	18	O	9.70	C	-		
1273	19	O	9.70	A	-		
1273	20	O	9.70	G	-		
1273	21	O	9.70	C	-		
1273	22	O	9.70	C	-		
1273	23	O	9.70	G	-		
1273	24	O	9.70	T	-		
1273	25	O	9.70	G	-		
1273	26	O	9.70	C	-		
1273	27	O	9.70	T	-		
1273	28	O	9.70	C	-		
1273	29	O	9.70	G	-		
1273	30	O	9.70	A	-		
1273	31	O	9.70	G	-		
1273	32	O	9.70	T	-		
1273	33	O	9.70	T	-		
1273	34	O	9.70	C	-		
1273	35	O	9.70	T	-		
1273	36	O	9.70	A	-		
1273	37	O	9.70	C	-		
1273	38	O	9.70	A	-		
1273	39	O	9.70	G	-		
1273	40	O	9.70	C	-		
1273	41	O	9.70	T	-		
1273	42	O	9.70	G	-		
1273	43	O	9.70	G	-		
1273	44	O	9.70	A	-		
1273	45	O	9.70	T	-		
1273	46	O	9.70	G	-		
1273	47	O	9.70	G	-		
1273	48	O	9.70	T	-		
1273	49	O	9.70	C	-		
1273	50	O	9.70	T	-		
1273	51	O	9.70	C	-		
1273	52	O	9.70	C	-		
1273	53	O	9.70	A	-		
1273	54	O	9.70	C	-		
1273	55	O	9.70	C	-		
1273	56	O	9.70	T	-		
1273	57	O	9.70	A	-		
1273	58	O	9.70	C	-		
1273	59	O	9.70	C	-		
1273	60	O	9.70	T	-		
1273	61	O	9.70	A	-		
1273	62	O	9.70	C	-		
1273	63	O	9.70	C	-		
1273	64	O	9.70	C	-		
1273	65	O	9.70	A	-		
1273	66	O	9.70	A	-		
1273	67	O	9.70	C	-		
1273	68	O	9.70	C	-		
1273	69	O	9.70	G	-		
1273	70	O	9.70	C	-		
1273	71	O	9.70	T	-		
1273	72	O	9.70	T	-		
1273	73	O	9.70	T	-		
1273	74	O	9.70	C	-		
1273	75	O	9.70	C	-		
1273	76	O	9.70	C	-		
1273	77	O	9.70	A	-		
1273	78	O	9.70	G	-		
1273	79	O	9.70	C	-		
1273	80	O	9.70	G	-		
1273	81	O	9.70	T	-		
1273	82	O	9.70	T	-		
1273	83	O	9.70	T	-		
1273	84	O	9.70	A	-		
1273	85	O	9.70	C	-		
1273	86	O	9.70	A	-		
1273	87	O	9.70	G	-		
1273	88	O	9.70	G	-		
1273	89	O	9.70	C	-		
1273	90	O	9.70	C	-		
1273	91	O	9.70	T	-		
1273	92	O	9.70	A	-		
1273	93	O	9.70	T	-		
1273	94	O	9.70	C	-		
1273	95	O	9.70	G	-		
1273	96	O	9.70	C	-		
1273	97	O	9.70	G	-		
1273	98	O	9.70	A	-		
1273	99	O	9.70	A	-		
1273	100	O	9.70	T	-		
1273	101	O	9.70	A	-		
1273	102	O	9.70	C	-		
1273	103	O	9.70	A	-		
1273	104	O	9.70	T	-		
1273	105	O	9.70	C	-		
1273	106	O	9.70	G	-		
1273	107	O	9.70	G	-		
1273	108	O	9.70	G	-		
1273	109	O	9.70	C	-		
1274	0	O	8.32	G	-		
1274	1	O	8.32	C	-		
1274	2	O	8.32	A	-		
1274	3	O	8.32	A	-		
1274	4	O	8.32	A	-		
1274	5	O	8.32	G	-		
1274	6	O	8.32	G	-		
1274	7	O	8.32	T	-		
1274	8	O	8.32	G	-		
1274	9	O	8.32	T	-		
1274	10	O	8.32	A	-		
1274	11	O	8.32	A	-		
1274	12	O	8.32	T	-		
1274	13	O	8.32	T	-		
1274	14	O	8.32	G	-		
1274	15	O	8.32	C	-		
1274	16	O	8.32	T	-		
1274	17	O	8.32	T	-		
1274	18	O	8.32	G	-		
1274	19	O	8.32	T	-		
1274	20	O	8.32	T	-		
1274	21	O	8.32	G	-		
1274	22	O	8.32	G	-		
1274	23	O	8.32	C	-		
1274	24	O	8.32	C	-		
1274	25	O	8.32	A	-		
1274	26	O	8.32	A	-		
1274	27	O	8.32	G	-		
1274	28	O	8.32	A	-		
1274	29	O	8.32	A	-		
1274	30	O	8.32	C	-		
1274	31	O	8.32	A	-		
1274	32	O	8.32	G	-		
1274	33	O	8.32	A	-		
1274	34	O	8.32	G	-		
1274	35	O	8.32	A	-		
1274	36	O	8.32	A	-		
1274	37	O	8.32	C	-		
1274	38	O	8.32	G	-		
1274	39	O	8.32	A	-		
1274	40	O	8.32	T	-		
1274	41	O	8.32	G	-		
1274	42	O	8.32	G	-		
1274	43	O	8.32	G	-		
1274	44	O	8.32	A	-		
1274	45	O	8.32	T	-		
1274	46	O	8.32	C	-		
1274	47	O	8.32	C	-		
1274	48	O	8.32	G	-		
1274	49	O	8.32	C	-		
1274	50	O	8.32	C	-		
1274	51	O	8.32	T	-		
1274	52	O	8.32	C	-		
1274	53	O	8.32	T	-		
1274	54	O	8.32	C	-		
1274	55	O	8.32	C	-		
1274	56	O	8.32	T	-		
1274	57	O	8.32	T	-		
1274	58	O	8.32	G	-		
1274	59	O	8.32	A	-		
1274	60	O	8.32	G	-		
1274	61	O	8.32	G	-		
1274	62	O	8.32	C	-		
1274	63	O	8.32	C	-		
1274	64	O	8.32	A	-		
1274	65	O	8.32	A	-		
1274	66	O	8.32	G	-		
1274	67	O	8.32	T	-		
1274	68	O	8.32	A	-		
1274	69	O	8.32	T	-		
1274	70	O	8.32	G	-		
1274	71	O	8.32	A	-		
1274	72	O	8.32	T	-		
1274	73	O	8.32	T	-		
1274	74	O	8.32	A	-		
1274	75	O	8.32	A	-		
1274	76	O	8.32	G	-		
1274	77	O	8.32	T	-		
1274	78	O	8.32	T	-		
1274	79	O	8.32	T	-		
1274	80	O	8.32	G	-		
1274	81	O	8.32	A	-		
1274	82	O	8.32	A	-		
1274	83	O	8.32	T	-		
1274	84	O	8.32	C	-		
1274	85	O	8.32	C	-		
1274	86	O	8.32	A	-		
1274	87	O	8.32	A	-		
1274	88	O	8.32	C	-		
1274	89	O	8.32	C	-		
1274	90	O	8.32	A	-		
1274	91	O	8.32	C	-		
1274	92	O	8.32	A	-		
1274	93	O	8.32	C	-		
1274	94	O	8.32	A	-		
1274	95	O	8.32	A	-		
1274	96	O	8.32	T	-		
1274	97	O	8.32	C	-		
1274	98	O	8.32	C	-		
1274	99	O	8.32	T	-		
1274	100	O	8.32	T	-		
1274	101	O	8.32	G	-		
1274	102	O	8.32	A	-		
1274	103	O	8.32	A	-		
1274	104	O	8.32	A	-		
1274	105	O	8.32	T	-		
1274	106	O	8.32	C	-		
1274	107	O	8.32	T	-		
1274	108	O	8.32	G	-		
1274	109	O	8.32	T	-		
1275	0	O	8.32	A	-		
1275	1	O	8.32	T	-		
1275	2	O	8.32	C	-		
1275	3	O	8.32	C	-		
1275	4	O	8.32	G	-		
1275	5	O	8.32	A	-		
1275	6	O	8.32	G	-		
1275	7	O	8.32	T	-		
1275	8	O	8.32	G	-		
1275	9	O	8.32	C	-		
1275	10	O	8.32	C	-		
1275	11	O	8.32	T	-		
1275	12	O	8.32	T	-		
1275	13	O	8.32	G	-		
1275	14	O	8.32	G	-		
1275	15	O	8.32	C	-		
1275	16	O	8.32	T	-		
1275	17	O	8.32	A	-		
1275	18	O	8.32	A	-		
1275	19	O	8.32	G	-		
1275	20	O	8.32	A	-		
1275	21	O	8.32	A	-		
1275	22	O	8.32	A	-		
1275	23	O	8.32	C	-		
1275	24	O	8.32	C	-		
1275	25	O	8.32	C	-		
1275	26	O	8.32	A	-		
1275	27	O	8.32	T	-		
1275	28	O	8.32	A	-		
1275	29	O	8.32	T	-		
1275	30	O	8.32	T	-		
1275	31	O	8.32	T	-		
1275	32	O	8.32	T	-		
1275	33	O	8.32	G	-		
1275	34	O	8.32	A	-		
1275	35	O	8.32	T	-		
1275	36	O	8.32	G	-		
1275	37	O	8.32	A	-		
1275	38	O	8.32	C	-		
1275	39	O	8.32	C	-		
1275	40	O	8.32	A	-		
1275	41	O	8.32	C	-		
1275	42	O	8.32	T	-		
1275	43	O	8.32	T	-		
1275	44	O	8.32	T	-		
1275	45	O	8.32	G	-		
1275	46	O	8.32	A	-		
1275	47	O	8.32	C	-		
1275	48	O	8.32	T	-		
1275	49	O	8.32	T	-		
1275	50	O	8.32	A	-		
1275	51	O	8.32	A	-		
1275	52	O	8.32	A	-		
1275	53	O	8.32	G	-		
1275	54	O	8.32	A	-		
1275	55	O	8.32	G	-		
1275	56	O	8.32	T	-		
1275	57	O	8.32	C	-		
1275	58	O	8.32	G	-		
1275	59	O	8.32	G	-		
1275	60	O	8.32	C	-		
1275	61	O	8.32	G	-		
1275	62	O	8.32	T	-		
1275	63	O	8.32	G	-		
1275	64	O	8.32	C	-		
1275	65	O	8.32	T	-		
1275	66	O	8.32	A	-		
1275	67	O	8.32	T	-		
1275	68	O	8.32	C	-		
1275	69	O	8.32	T	-		
1275	70	O	8.32	G	-		
1275	71	O	8.32	C	-		
1275	72	O	8.32	G	-		
1275	73	O	8.32	G	-		
1275	74	O	8.32	A	-		
1275	75	O	8.32	A	-		
1275	76	O	8.32	A	-		
1275	77	O	8.32	G	-		
1275	78	O	8.32	A	-		
1275	79	O	8.32	C	-		
1275	80	O	8.32	G	-		
1275	81	O	8.32	T	-		
1275	82	O	8.32	T	-		
1275	83	O	8.32	G	-		
1275	84	O	8.32	T	-		
1275	85	O	8.32	T	-		
1275	86	O	8.32	G	-		
1275	87	O	8.32	G	-		
1275	88	O	8.32	C	-		
1275	89	O	8.32	A	-		
1275	90	O	8.32	C	-		
1275	91	O	8.32	T	-		
1275	92	O	8.32	T	-		
1275	93	O	8.32	G	-		
1275	94	O	8.32	G	-		
1275	95	O	8.32	A	-		
1275	96	O	8.32	A	-		
1275	97	O	8.32	A	-		
1275	98	O	8.32	G	-		
1275	99	O	8.32	G	-		
1275	100	O	8.32	T	-		
1275	101	O	8.32	T	-		
1275	102	O	8.32	C	-		
1275	103	O	8.32	T	-		
1275	104	O	8.32	A	-		
1275	105	O	8.32	A	-		
1275	106	O	8.32	A	-		
1275	107	O	8.32	G	-		
1275	108	O	8.32	C	-		
1275	109	O	8.32	C	-		
1276	0	O	12.48	A	-		
1276	1	O	12.48	G	-		
1276	2	O	12.48	G	-		
1276	3	O	12.48	C	-		
1276	4	O	12.48	C	-		
1276	5	O	12.48	A	-		
1276	6	O	12.48	A	-		
1276	7	O	12.48	C	-		
1276	8	O	12.48	G	-		
1276	9	O	12.48	A	-		
1276	10	O	12.48	G	-		
1276	11	O	12.48	A	-		
1276	12	O	12.48	C	-		
1276	13	O	12.48	T	-		
1276	14	O	12.48	G	-		
1276	15	O	12.48	A	-		
1276	16	O	12.48	T	-		
1276	17	O	12.48	G	-		
1276	18	O	12.48	A	-		
1276	19	O	12.48	G	-		
1276	20	O	12.48	G	-		
1276	21	O	12.48	A	-		
1276	22	O	12.48	G	-		
1276	23	O	12.48	C	-		
1276	24	O	12.48	C	-		
1276	25	O	12.48	T	-		
1276	26	O	12.48	G	-		
1276	27	O	12.48	A	-		
1276	28	O	12.48	T	-		
1276	29	O	12.48	G	-		
1276	30	O	12.48	A	-		
1276	31	O	12.48	G	-		
1276	32	O	12.48	A	-		
1276	33	O	4.00	A	-		
1276	34	O	12.48	T	-		
1276	35	O	12.48	G	-		
1276	36	O	12.48	C	-		
1276	37	O	12.48	C	-		
1276	38	O	12.48	G	-		
1276	39	O	12.48	C	-		
1276	40	O	12.48	C	-		
1276	41	O	12.48	G	-		
1276	42	O	12.48	A	-		
1276	43	O	12.48	C	-		
1276	44	O	12.48	A	-		
1276	45	O	12.48	G	-		
1276	46	O	12.48	T	-		
1276	47	O	12.48	G	-		
1276	48	O	12.48	A	-		
1276	49	O	12.48	C	-		
1276	50	O	12.48	G	-		
1276	51	O	12.48	A	-		
1276	52	O	12.48	G	-		
1276	53	O	12.48	G	-		
1276	54	O	12.48	A	-		
1276	55	O	12.48	A	-		
1276	56	O	12.48	G	-		
1276	57	O	12.48	A	-		
1276	58	O	12.48	T	-		
1276	59	O	12.48	G	-		
1276	60	O	12.48	A	-		
1276	61	O	12.48	G	-		
1276	62	O	12.48	C	-		
1276	63	O	12.48	A	-		
1276	64	O	12.48	G	-		
1276	65	O	12.48	C	-		
1276	66	O	12.48	A	-		
1276	67	O	12.48	G	-		
1276	68	O	12.48	C	-		
1276	69	O	12.48	A	-		
1276	70	O	12.48	G	-		
1276	71	O	12.48	C	-		
1276	72	O	12.48	C	-		
1276	73	O	12.48	A	-		
1276	74	O	12.48	G	-		
1276	75	O	12.48	T	-		
1276	76	O	12.48	G	-		
1276	77	O	12.48	A	-		
1276	78	O	12.48	C	-		
1276	79	O	12.48	G	-		
1276	80	O	12.48	C	-		
1276	81	O	12.48	A	-		
1276	82	O	12.48	A	-		
1276	83	O	12.48	C	-		
1276	84	O	12.48	C	-		
1276	85	O	12.48	G	-		
1276	86	O	12.48	A	-		
1276	87	O	12.48	C	-		
1276	88	O	12.48	T	-		
1276	89	O	12.48	T	-		
1276	90	O	12.48	G	-		
1276	91	O	12.48	G	-		
1276	92	O	12.48	C	-		
1276	93	O	12.48	C	-		
1276	94	O	12.48	G	-		
1276	95	O	12.48	C	-		
1276	96	O	12.48	T	-		
1276	97	O	12.48	C	-		
1276	98	O	12.48	G	-		
1276	99	O	12.48	C	-		
1276	100	O	12.48	G	-		
1276	101	O	12.48	C	-		
1276	102	O	12.48	T	-		
1276	103	O	12.48	G	-		
1276	104	O	12.48	G	-		
1276	105	O	12.48	C	-		
1276	106	O	12.48	C	-		
1276	107	O	12.48	A	-		
1276	108	O	12.48	C	-		
1276	109	O	12.48	C	-		
1277	0	O	8.32	A	-		
1277	1	O	8.32	G	-		
1277	2	O	8.32	A	-		
1277	3	O	8.32	G	-		
1277	4	O	8.32	G	-		
1277	5	O	8.32	A	-		
1277	6	O	8.32	A	-		
1277	7	O	8.32	G	-		
1277	8	O	8.32	G	-		
1277	9	O	8.32	A	-		
1277	10	O	8.32	G	-		
1277	11	O	8.32	C	-		
1277	12	O	8.32	G	-		
1277	13	O	8.32	G	-		
1277	14	O	8.32	T	-		
1277	15	O	8.32	A	-		
1277	16	O	8.32	T	-		
1277	17	O	8.32	G	-		
1277	18	O	8.32	T	-		
1277	19	O	8.32	T	-		
1277	20	O	8.32	A	-		
1277	21	O	8.32	C	-		
1277	22	O	8.32	A	-		
1277	23	O	8.32	T	-		
1277	24	O	8.32	G	-		
1277	25	O	8.32	C	-		
1277	26	O	8.32	C	-		
1277	27	O	8.32	C	-		
1277	28	O	8.32	T	-		
1277	29	O	8.32	T	-		
1277	30	O	8.32	T	-		
1277	31	O	8.32	A	-		
1277	32	O	8.32	A	-		
1277	33	O	8.32	A	-		
1277	34	O	8.32	A	-		
1277	35	O	8.32	A	-		
1277	36	O	8.32	A	-		
1277	37	O	8.32	T	-		
1277	38	O	8.32	A	-		
1277	39	O	8.32	G	-		
1277	40	O	8.32	T	-		
1277	41	O	8.32	G	-		
1277	42	O	8.32	A	-		
1277	43	O	8.32	A	-		
1277	44	O	8.32	T	-		
1277	45	O	8.32	A	-		
1277	46	O	8.32	A	-		
1277	47	O	8.32	T	-		
1277	48	O	8.32	T	-		
1277	49	O	8.32	G	-		
1277	50	O	8.32	G	-		
1277	51	O	8.32	C	-		
1277	52	O	8.32	T	-		
1277	53	O	8.32	T	-		
1277	54	O	8.32	A	-		
1277	55	O	8.32	G	-		
1277	56	O	8.32	G	-		
1277	57	O	8.32	T	-		
1277	58	O	8.32	C	-		
1277	59	O	8.32	A	-		
1277	60	O	8.32	T	-		
1277	61	O	8.32	T	-		
1277	62	O	8.32	T	-		
1277	63	O	8.32	A	-		
1277	64	O	8.32	T	-		
1277	65	O	8.32	G	-		
1277	66	U	0.71	T	C		
1277	67	O	8.32	T	-		
1277	68	O	8.32	T	-		
1277	69	O	8.32	G	-		
1277	70	O	8.32	G	-		
1277	71	O	8.32	A	-		
1277	72	O	8.32	T	-		
1277	73	O	8.32	C	-		
1277	74	O	8.32	T	-		
1277	75	O	8.32	C	-		
1277	76	O	8.32	T	-		
1277	77	O	8.32	A	-		
1277	78	O	8.32	T	-		
1277	79	O	8.32	A	-		
1277	80	O	8.32	T	-		
1277	81	O	8.32	T	-		
1277	82	O	8.32	T	-		
1277	83	O	8.32	C	-		
1277	84	O	8.32	C	-		
1277	85	O	8.32	T	-		
1277	86	O	8.32	T	-		
1277	87	O	8.32	T	-		
1277	88	O	8.32	T	-		
1277	89	O	8.32	G	-		
1277	90	O	8.32	A	-		
1277	91	O	8.32	G	-		
1277	92	O	8.32	G	-		
1277	93	O	8.32	T	-		
1277	94	O	8.32	T	-		
1277	95	O	8.32	T	-		
1277	96	O	8.32	T	-		
1277	97	O	8.32	C	-		
1277	98	O	8.32	T	-		
1277	99	O	8.32	C	-		
1277	100	O	8.32	T	-		
1277	101	O	8.32	A	-		
1277	102	O	8.32	C	-		
1277	103	O	8.32	A	-		
1277	104	O	8.32	T	-		
1277	105	O	8.32	A	-		
1277	106	O	8.32	A	-		
1277	107	O	8.32	T	-		
1277	108	O	8.32	T	-		
1277	109	O	8.32	T	-		
1278	0	O	5.55	T	-		
1278	1	O	5.55	C	-		
1278	2	O	5.55	A	-		
1278	3	O	5.55	T	-		
1278	4	O	5.55	A	-		
1278	5	O	5.55	G	-		
1278	6	O	5.55	A	-		
1278	7	O	5.55	G	-		
1278	8	O	5.55	C	-		
1278	9	O	5.55	T	-		
1278	10	O	5.55	T	-		
1278	11	O	5.55	T	-		
1278	12	O	5.55	C	-		
1278	13	O	5.55	G	-		
1278	14	O	5.55	C	-		
1278	15	O	5.55	C	-		
1278	16	O	5.55	C	-		
1278	17	O	5.55	C	-		
1278	18	O	5.55	A	-		
1278	19	O	5.55	G	-		
1278	20	O	5.55	C	-		
1278	21	O	5.55	G	-		
1278	22	O	5.55	T	-		
1278	23	O	5.55	C	-		
1278	24	O	5.55	C	-		
1278	25	O	5.55	C	-		
1278	26	O	5.55	C	-		
1278	27	O	5.55	A	-		
1278	28	O	5.55	G	-		
1278	29	O	5.55	C	-		
1278	30	O	5.55	A	-		
1278	31	O	5.55	C	-		
1278	32	O	5.55	G	-		
1278	33	O	5.55	C	-		
1278	34	O	5.55	C	-		
1278	35	O	5.55	C	-		
1278	36	O	5.55	G	-		
1278	37	O	5.55	C	-		
1278	38	O	5.55	C	-		
1278	39	O	5.55	T	-		
1278	40	O	5.55	G	-		
1278	41	O	5.55	G	-		
1278	42	O	5.55	G	-		
1278	43	O	5.55	C	-		
1278	44	O	5.55	T	-		
1278	45	O	5.55	G	-		
1278	46	O	5.55	C	-		
1278	47	O	5.55	C	-		
1278	48	O	5.55	A	-		
1278	49	O	5.55	G	-		
1278	50	O	5.55	C	-		
1278	51	O	5.55	A	-		
1278	52	O	5.55	G	-		
1278	53	O	5.55	C	-		
1278	54	O	5.55	A	-		
1278	55	O	5.55	C	-		
1278	56	O	5.55	C	-		
1278	57	O	5.55	A	-		
1278	58	O	5.55	G	-		
1278	59	O	5.55	T	-		
1278	60	O	5.55	G	-		
1278	61	O	5.55	C	-		
1278	62	O	5.55	G	-		
1278	63	O	5.55	C	-		
1278	64	O	5.55	G	-		
1278	65	O	5.55	A	-		
1278	66	O	5.55	C	-		
1278	67	O	5.55	G	-		
1278	68	O	5.55	C	-		
1278	69	O	5.55	G	-		
1278	70	O	5.55	A	-		
1278	71	O	5.55	G	-		
1278	72	O	5.55	A	-		
1278	73	O	5.55	A	-		
1278	74	O	5.55	C	-		
1278	75	O	5.55	A	-		
1278	76	O	5.55	C	-		
1278	77	O	5.55	G	-		
1278	78	O	5.55	C	-		
1278	79	O	5.55	C	-		
1278	80	O	5.55	G	-		
1278	81	O	5.55	C	-		
1278	82	O	5.55	G	-		
1278	83	O	5.55	C	-		
1278	84	O	5.55	G	-		
1278	85	O	5.55	C	-		
1278	86	O	5.55	G	-		
1278	87	O	5.55	G	-		
1278	88	O	5.55	G	-		
1278	89	O	5.55	A	-		
1278	90	O	5.55	T	-		
1278	91	O	5.55	T	-		
1278	92	O	5.55	G	-		
1278	93	O	5.55	C	-		
1278	94	O	5.55	C	-		
1278	95	O	5.55	G	-		
1278	96	O	5.55	A	-		
1278	97	O	5.55	C	-		
1278	98	O	5.55	A	-		
1278	99	O	5.55	T	-		
1278	100	O	5.55	C	-		
1278	101	O	5.55	G	-		
1278	102	O	5.55	C	-		
1278	103	O	5.55	G	-		
1278	104	O	5.55	T	-		
1278	105	O	5.55	T	-		
1278	106	O	5.55	T	-		
1278	107	O	5.55	G	-		
1278	108	O	5.55	G	-		
1278	109	O	5.55	G	-		
1279	0	O	6.93	A	-		
1279	1	O	6.93	G	-		
1279	2	O	6.93	T	-		
1279	3	O	6.93	C	-		
1279	4	O	6.93	G	-		
1279	5	O	6.93	G	-		
1279	6	O	6.93	A	-		
1279	7	O	6.93	C	-		
1279	8	O	6.93	A	-		
1279	9	O	6.93	G	-		
1279	10	O	6.93	A	-		
1279	11	O	6.93	T	-		
1279	12	O	6.93	G	-		
1279	13	O	6.93	G	-		
1279	14	O	6.93	A	-		
1279	15	O	6.93	A	-		
1279	16	O	6.93	C	-		
1279	17	O	6.93	G	-		
1279	18	O	6.93	C	-		
1279	19	O	6.93	C	-		
1279	20	O	6.93	G	-		
1279	21	O	6.93	C	-		
1279	22	O	6.93	C	-		
1279	23	O	6.93	G	-		
1279	24	O	6.93	T	-		
1279	25	O	6.93	G	-		
1279	26	O	6.93	C	-		
1279	27	O	6.93	A	-		
1279	28	O	6.93	A	-		
1279	29	O	6.93	G	-		
1279	30	O	6.93	A	-		
1279	31	O	6.93	C	-		
1279	32	O	6.93	A	-		
1279	33	O	6.93	A	-		
1279	34	O	6.93	G	-		
1279	35	O	6.93	C	-		
1279	36	O	6.93	T	-		
1279	37	O	6.93	C	-		
1279	38	O	6.93	C	-		
1279	39	O	6.93	A	-		
1279	40	O	6.93	A	-		
1279	41	O	6.93	G	-		
1279	42	O	6.93	A	-		
1279	43	O	6.93	C	-		
1279	44	O	6.93	A	-		
1279	45	O	6.93	G	-		
1279	46	O	6.93	C	-		
1279	47	O	6.93	A	-		
1279	48	O	6.93	C	-		
1279	49	O	6.93	T	-		
1279	50	O	6.93	C	-		
1279	51	O	6.93	T	-		
1279	52	O	6.93	C	-		
1279	53	O	6.93	G	-		
1279	54	O	6.93	C	-		
1279	55	O	6.93	G	-		
1279	56	O	6.93	A	-		
1279	57	O	6.93	G	-		
1279	58	O	6.93	C	-		
1279	59	O	6.93	C	-		
1279	60	O	6.93	C	-		
1279	61	O	6.93	G	-		
1279	62	O	6.93	C	-		
1279	63	O	6.93	T	-		
1279	64	O	6.93	G	-		
1279	65	O	6.93	T	-		
1279	66	O	6.93	G	-		
1279	67	O	6.93	T	-		
1279	68	O	6.93	A	-		
1279	69	O	6.93	G	-		
1279	70	O	6.93	C	-		
1279	71	O	6.93	T	-		
1279	72	O	6.93	C	-		
1279	73	O	6.93	C	-		
1279	74	O	6.93	T	-		
1279	75	O	6.93	G	-		
1279	76	O	6.93	G	-		
1279	77	O	6.93	T	-		
1279	78	O	6.93	A	-		
1279	79	O	6.93	C	-		
1279	80	O	6.93	A	-		
1279	81	O	6.93	G	-		
1279	82	O	6.93	G	-		
1279	83	O	6.93	G	-		
1279	84	O	6.93	C	-		
1279	85	O	6.93	C	-		
1279	86	O	6.93	G	-		
1279	87	O	6.93	C	-		
1279	88	O	6.93	G	-		
1279	89	O	6.93	G	-		
1279	90	O	6.93	A	-		
1279	91	O	6.93	T	-		
1279	92	O	6.93	G	-		
1279	93	O	6.93	G	-		
1279	94	O	6.93	C	-		
1279	95	O	6.93	C	-		
1279	96	O	6.93	G	-		
1279	97	O	6.93	C	-		
1279	98	O	6.93	A	-		
1279	99	O	6.93	T	-		
1279	100	O	6.93	C	-		
1279	101	O	6.93	A	-		
1279	102	O	6.93	C	-		
1279	103	O	6.93	G	-		
1279	104	O	6.93	A	-		
1279	105	O	6.93	C	-		
1279	106	O	6.93	C	-		
1279	107	O	6.93	A	-		
1279	108	O	6.93	A	-		
1279	109	O	6.93	C	-		
1280	0	O	5.55	A	-		
1280	1	O	5.55	A	-		
1280	2	O	5.55	G	-		
1280	3	O	5.55	A	-		
1280	4	O	5.55	G	-		
1280	5	O	5.55	C	-		
1280	6	O	5.55	T	-		
1280	7	O	5.55	G	-		
1280	8	O	5.55	T	-		
1280	9	O	5.55	C	-		
1280	10	O	5.55	G	-		
1280	11	O	5.55	C	-		
1280	12	O	5.55	A	-		
1280	13	O	5.55	T	-		
1280	14	O	5.55	G	-		
1280	15	O	5.55	C	-		
1280	16	O	5.55	G	-		
1280	17	O	5.55	C	-		
1280	18	O	5.55	T	-		
1280	19	O	5.55	C	-		
1280	20	O	5.55	G	-		
1280	21	O	5.55	G	-		
1280	22	O	5.55	C	-		
1280	23	O	5.55	G	-		
1280	24	O	5.55	A	-		
1280	25	O	5.55	A	-		
1280	26	O	5.55	A	-		
1280	27	O	5.55	C	-		
1280	28	O	5.55	T	-		
1280	29	O	5.55	C	-		
1280	30	O	5.55	T	-		
1280	31	O	5.55	C	-		
1280	32	O	5.55	A	-		
1280	33	O	5.55	G	-		
1280	34	O	5.55	G	-		
1280	35	O	5.55	C	-		
1280	36	O	5.55	G	-		
1280	37	O	5.55	C	-		
1280	38	O	5.55	C	-		
1280	39	O	5.55	T	-		
1280	40	O	5.55	C	-		
1280	41	O	5.55	A	-		
1280	42	O	5.55	G	-		
1280	43	O	5.55	G	-		
1280	44	O	5.55	G	-		
1280	45	O	5.55	A	-		
1280	46	O	5.55	G	-		
1280	47	O	5.55	A	-		
1280	48	O	5.55	C	-		
1280	49	O	5.55	G	-		
1280	50	O	5.55	A	-		
1280	51	O	5.55	A	-		
1280	52	O	5.55	G	-		
1280	53	O	5.55	G	-		
1280	54	O	5.55	C	-		
1280	55	O	5.55	G	-		
1280	56	O	5.55	A	-		
1280	57	O	5.55	A	-		
1280	58	O	5.55	G	-		
1280	59	O	5.55	A	-		
1280	60	O	5.55	T	-		
1280	61	O	5.55	A	-		
1280	62	O	5.55	C	-		
1280	63	O	5.55	A	-		
1280	64	O	5.55	A	-		
1280	65	O	5.55	C	-		
1280	66	O	5.55	T	-		
1280	67	O	5.55	C	-		
1280	68	O	5.55	C	-		
1280	69	O	5.55	T	-		
1280	70	O	5.55	T	-		
1280	71	O	5.55	C	-		
1280	72	O	5.55	A	-		
1280	73	O	5.55	G	-		
1280	74	O	5.55	G	-		
1280	75	O	5.55	C	-		
1280	76	O	5.55	C	-		
1280	77	O	5.55	C	-		
1280	78	O	5.55	A	-		
1280	79	O	5.55	T	-		
1280	80	O	5.55	C	-		
1280	81	O	5.55	T	-		
1280	82	O	5.55	G	-		
1280	83	O	5.55	A	-		
1280	84	O	5.55	A	-		
1280	85	O	5.55	C	-		
1280	86	O	5.55	G	-		
1280	87	O	5.55	C	-		
1280	88	O	5.55	C	-		
1280	89	O	5.55	A	-		
1280	90	O	5.55	G	-		
1280	91	O	5.55	C	-		
1280	92	O	5.55	G	-		
1280	93	O	5.55	G	-		
1280	94	O	5.55	A	-		
1280	95	O	5.55	G	-		
1280	96	O	5.55	G	-		
1280	97	O	5.55	C	-		
1280	98	O	5.55	C	-		
1280	99	O	5.55	A	-		
1280	100	O	5.55	A	-		
1280	101	O	5.55	C	-		
1280	102	O	5.55	A	-		
1280	103	O	5.55	G	-		
1280	104	O	5.55	T	-		
1280	105	O	5.55	T	-		
1280	106	O	5.55	C	-		
1280	107	O	5.55	A	-		
1280	108	O	5.55	C	-		
1280	109	O	5.55	G	-		
1281	0	O	8.32	T	-		
1281	1	O	8.32	G	-		
1281	2	O	8.32	C	-		
1281	3	O	8.32	G	-		
1281	4	O	8.32	C	-		
1281	5	O	8.32	T	-		
1281	6	O	8.32	C	-		
1281	7	O	8.32	T	-		
1281	8	O	8.32	T	-		
1281	9	O	8.32	T	-		
1281	10	O	8.32	G	-		
1281	11	O	8.32	G	-		
1281	12	O	8.32	A	-		
1281	13	O	8.32	A	-		
1281	14	O	8.32	A	-		
1281	15	O	8.32	G	-		
1281	16	O	8.32	T	-		
1281	17	O	8.32	G	-		
1281	18	O	8.32	T	-		
1281	19	O	8.32	G	-		
1281	20	O	8.32	C	-		
1281	21	O	8.32	A	-		
1281	22	O	8.32	G	-		
1281	23	O	8.32	T	-		
1281	24	O	8.32	G	-		
1281	25	O	8.32	A	-		
1281	26	O	8.32	G	-		
1281	27	O	8.32	G	-		
1281	28	O	8.32	G	-		
1281	29	O	8.32	A	-		
1281	30	O	8.32	T	-		
1281	31	O	8.32	C	-		
1281	32	O	8.32	T	-		
1281	33	O	8.32	G	-		
1281	34	O	8.32	C	-		
1281	35	O	8.32	T	-		
1281	36	O	8.32	A	-		
1281	37	O	8.32	T	-		
1281	38	O	8.32	T	-		
1281	39	O	8.32	G	-		
1281	40	O	8.32	G	-		
1281	41	O	8.32	G	-		
1281	42	O	8.32	T	-		
1281	43	O	8.32	C	-		
1281	44	O	8.32	A	-		
1281	45	O	8.32	G	-		
1281	46	O	8.32	C	-		
1281	47	O	8.32	C	-		
1281	48	O	8.32	A	-		
1281	49	O	8.32	T	-		
1281	50	O	8.32	T	-		
1281	51	O	8.32	T	-		
1281	52	O	8.32	T	-		
1281	53	O	8.32	C	-		
1281	54	O	8.32	G	-		
1281	55	O	8.32	T	-		
1281	56	O	8.32	T	-		
1281	57	O	8.32	A	-		
1281	58	O	8.32	T	-		
1281	59	O	8.32	T	-		
1281	60	O	8.32	A	-		
1281	61	O	8.32	C	-		
1281	62	O	8.32	T	-		
1281	63	O	8.32	T	-		
1281	64	O	8.32	T	-		
1281	65	O	8.32	C	-		
1281	66	O	8.32	C	-		
1281	67	O	8.32	G	-		
1281	68	O	8.32	A	-		
1281	69	O	8.32	G	-		
1281	70	O	8.32	T	-		
1281	71	O	8.32	C	-		
1281	72	O	8.32	C	-		
1281	73	O	8.32	G	-		
1281	74	O	8.32	A	-		
1281	75	O	8.32	G	-		
1281	76	O	8.32	G	-		
1281	77	O	8.32	G	-		
1281	78	O	8.32	T	-		
1281	79	O	8.32	T	-		
1281	80	O	8.32	T	-		
1281	81	O	8.32	A	-		
1281	82	O	8.32	G	-		
1281	83	O	8.32	G	-		
1281	84	O	8.32	A	-		
1281	85	O	8.32	C	-		
1281	86	O	8.32	T	-		
1281	87	O	8.32	A	-		
1281	88	O	8.32	T	-		
1281	89	O	8.32	A	-		
1281	90	O	8.32	C	-		
1281	91	O	8.32	G	-		
1281	92	O	8.32	G	-		
1281	93	O	8.32	T	-		
1281	94	O	8.32	G	-		
1281	95	O	8.32	A	-		
1281	96	O	8.32	T	-		
1281	97	O	8.32	T	-		
1281	98	O	8.32	G	-		
1281	99	O	8.32	A	-		
1281	100	O	8.32	C	-		
1281	101	O	8.32	T	-		
1281	102	O	8.32	T	-		
1281	103	O	8.32	C	-		
1281	104	O	8.32	A	-		
1281	105	O	8.32	A	-		
1281	106	O	8.32	T	-		
1281	107	O	8.32	G	-		
1281	108	O	8.32	C	-		
1281	109	O	8.32	T	-		
1282	0	O	23.57	C	-		
1282	1	O	23.57	T	-		
1282	2	O	23.57	A	-		
1282	3	O	23.57	A	-		
1282	4	O	23.57	A	-		
1282	5	O	23.57	A	-		
1282	6	O	23.57	A	-		
1282	7	O	23.57	T	-		
1282	8	O	23.57	C	-		
1282	9	O	23.57	T	-		
1282	10	O	23.57	T	-		
1282	11	O	23.57	A	-		
1282	12	O	23.57	C	-		
1282	13	O	23.57	T	-		
1282	14	O	23.57	T	-		
1282	15	O	23.57	T	-		
1282	16	O	23.57	G	-		
1282	17	O	23.57	G	-		
1282	18	O	23.57	C	-		
1282	19	O	23.57	T	-		
1282	20	O	23.57	T	-		
1282	21	O	23.57	T	-		
1282	22	O	23.57	A	-		
1282	23	O	23.57	A	-		
1282	24	O	23.57	A	-		
1282	25	O	23.57	G	-		
1282	26	O	23.57	G	-		
1282	27	O	23.57	C	-		
1282	28	O	23.57	T	-		
1282	29	O	23.57	A	-		
1282	30	O	23.57	C	-		
1282	31	O	23.57	C	-		
1282	32	O	23.57	A	-		
1282	33	O	23.57	A	-		
1282	34	O	23.57	A	-		
1282	35	O	23.57	A	-		
1282	36	O	23.57	C	-		
1282	37	O	23.57	G	-		
1282	38	O	23.57	T	-		
1282	39	O	23.57	A	-		
1282	40	O	23.57	T	-		
1282	41	O	23.57	C	-		
1282	42	O	23.57	A	-		
1282	43	O	23.57	G	-		
1282	44	O	23.57	C	-		
1282	45	O	23.57	A	-		
1282	46	O	23.57	G	-		
1282	47	O	23.57	T	-		
1282	48	O	23.57	T	-		
1282	49	O	23.57	G	-		
1282	50	O	23.57	A	-		
1282	51	O	23.57	G	-		
1282	52	O	23.57	G	-		
1282	53	O	23.57	A	-		
1282	54	O	23.57	G	-		
1282	55	O	23.57	A	-		
1282	56	O	23.57	G	-		
1282	57	O	23.57	A	-		
1282	58	O	23.57	T	-		
1282	59	O	23.57	A	-		
1282	60	O	23.57	T	-		
1282	61	O	23.57	T	-		
1282	62	O	23.57	C	-		
1282	63	O	23.57	T	-		
1282	64	O	23.57	G	-		
1282	65	O	23.57	G	-		
1282	66	O	23.57	T	-		
1282	67	O	23.57	A	-		
1282	68	O	23.57	T	-		
1282	69	O	23.57	T	-		
1282	70	O	23.57	T	-		
1282	71	O	23.57	C	-		
1282	72	O	23.57	A	-		
1282	73	O	23.57	T	-		
1282	74	O	23.57	G	-		
1282	75	O	23.57	T	-		
1282	76	O	23.57	A	-		
1282	77	O	23.57	T	-		
1282	78	O	23.57	T	-		
1282	79	O	23.57	A	-		
1282	80	O	23.57	T	-		
1282	81	O	23.57	T	-		
1282	82	O	23.57	T	-		
1282	83	O	23.57	T	-		
1282	84	O	23.57	A	-		
1282	85	O	23.57	G	-		
1282	86	O	23.57	A	-		
1282	87	O	13.76	A	-		
1282	88	O	23.57	T	-		
1282	89	O	23.57	C	-		
1282	90	O	23.57	A	-		
1282	91	O	23.57	T	-		
1282	92	O	23.57	T	-		
1282	93	O	23.57	T	-		
1282	94	O	23.57	C	-		
1282	95	O	23.57	G	-		
1282	96	O	23.57	T	-		
1282	97	O	23.57	T	-		
1282	98	O	23.57	A	-		
1282	99	O	23.57	C	-		
1282	100	O	23.57	T	-		
1282	101	O	13.76	T	-		
1282	102	O	23.57	T	-		
1282	103	O	23.57	A	-		
1282	104	O	23.57	T	-		
1282	105	O	23.57	A	-		
1282	106	O	23.57	C	-		
1282	107	O	23.57	A	-		
1282	108	O	23.57	T	-		
1282	109	O	23.57	G	-		
1283	0	O	19.41	G	-		
1283	1	O	19.41	T	-		
1283	2	O	19.41	C	-		
1283	3	O	19.41	T	-		
1283	4	O	19.41	G	-		
1283	5	O	19.41	G	-		
1283	6	O	19.41	T	-		
1283	7	O	19.41	T	-		
1283	8	O	19.41	G	-		
1283	9	O	19.41	T	-		
1283	10	O	19.41	T	-		
1283	11	O	19.41	G	-		
1283	12	O	19.41	G	-		
1283	13	O	19.41	G	-		
1283	14	O	19.41	T	-		
1283	15	O	19.41	C	-		
1283	16	O	19.41	T	-		
1283	17	O	19.41	G	-		
1283	18	O	19.41	C	-		
1283	19	O	19.41	G	-		
1283	20	O	19.41	G	-		
1283	21	O	19.41	A	-		
1283	22	O	19.41	G	-		
1283	23	O	19.41	C	-		
1283	24	O	19.41	T	-		
1283	25	O	19.41	T	-		
1283	26	O	19.41	T	-		
1283	27	O	19.41	C	-		
1283	28	O	19.41	G	-		
1283	29	O	19.41	C	-		
1283	30	O	19.41	C	-		
1283	31	O	19.41	G	-		
1283	32	O	10.01	G	-		
1283	33	O	19.41	A	-		
1283	34	O	19.41	G	-		
1283	35	O	19.41	C	-		
1283	36	O	19.41	T	-		
1283	37	O	19.41	G	-		
1283	38	O	19.41	C	-		
1283	39	O	19.41	C	-		
1283	40	O	19.41	C	-		
1283	41	O	19.41	G	-		
1283	42	O	19.41	G	-		
1283	43	O	19.41	A	-		
1283	44	O	19.41	C	-		
1283	45	O	19.41	G	-		
1283	46	O	19.41	G	-		
1283	47	O	19.41	G	-		
1283	48	O	19.41	C	-		
1283	49	O	19.41	G	-		
1283	50	O	19.41	T	-		
1283	51	O	19.41	A	-		
1283	52	O	19.41	G	-		
1283	53	O	19.41	G	-		
1283	54	O	19.41	G	-		
1283	55	O	19.41	A	-		
1283	56	O	19.41	C	-		
1283	57	O	19.41	T	-		
1283	58	O	19.41	G	-		
1283	59	O	19.41	G	-		
1283	60	O	19.41	A	-		
1283	61	O	19.41	T	-		
1283	62	O	19.41	C	-		
1283	63	O	19.41	T	-		
1283	64	O	19.41	A	-		
1283	65	O	19.41	C	-		
1283	66	O	19.41	T	-		
1283	67	O	19.41	T	-		
1283	68	O	19.41	T	-		
1283	69	O	19.41	G	-		
1283	70	O	19.41	A	-		
1283	71	O	19.41	C	-		
1283	72	O	19.41	G	-		
1283	73	O	19.41	T	-		
1283	74	O	19.41	C	-		
1283	75	O	19.41	T	-		
1283	76	O	19.41	C	-		
1283	77	O	19.41	G	-		
1283	78	O	19.41	T	-		
1283	79	O	19.41	T	-		
1283	80	O	19.41	G	-		
1283	81	O	19.41	A	-		
1283	82	O	19.41	A	-		
1283	83	O	19.41	C	-		
1283	84	O	19.41	T	-		
1283	85	O	19.41	G	-		
1283	86	O	19.41	A	-		
1283	87	O	19.41	T	-		
1283	88	O	19.41	C	-		
1283	89	O	19.41	G	-		
1283	90	O	19.41	A	-		
1283	91	O	19.41	A	-		
1283	92	O	19.41	G	-		
1283	93	O	19.41	T	-		
1283	94	O	19.41	A	-		
1283	95	O	19.41	G	-		
1283	96	O	19.41	C	-		
1283	97	O	19.41	T	-		
1283	98	O	19.41	G	-		
1283	99	O	19.41	T	-		
1283	100	O	19.41	T	-		
1283	101	O	19.41	C	-		
1283	102	O	19.41	A	-		
1283	103	O	19.41	A	-		
1283	104	O	19.41	G	-		
1283	105	O	19.41	C	-		
1283	106	O	19.41	T	-		
1283	107	O	19.41	G	-		
1283	108	O	19.41	G	-		
1283	109	O	19.41	T	-		
1284	0	O	23.57	A	-		
1284	1	O	23.57	G	-		
1284	2	O	23.57	C	-		
1284	3	O	23.57	G	-		
1284	4	O	23.57	A	-		
1284	5	O	23.57	A	-		
1284	6	O	23.57	A	-		
1284	7	O	23.57	G	-		
1284	8	O	23.57	T	-		
1284	9	O	23.57	C	-		
1284	10	O	23.57	G	-		
1284	11	O	23.57	T	-		
1284	12	O	23.57	C	-		
1284	13	O	23.57	G	-		
1284	14	O	23.57	C	-		
1284	15	O	23.57	G	-		
1284	16	O	23.57	C	-		
1284	17	O	23.57	A	-		
1284	18	O	23.57	T	-		
1284	19	O	23.57	C	-		
1284	20	O	23.57	A	-		
1284	21	O	23.57	T	-		
1284	22	O	23.57	G	-		
1284	23	O	23.57	G	-		
1284	24	O	23.57	A	-		
1284	25	O	23.57	C	-		
1284	26	O	23.57	T	-		
1284	27	O	23.57	C	-		
1284	28	O	23.57	G	-		
1284	29	O	23.57	T	-		
1284	30	O	23.57	T	-		
1284	31	O	23.57	C	-		
1284	32	O	23.57	A	-		
1284	33	O	23.57	A	-		
1284	34	O	23.57	G	-		
1284	35	O	23.57	C	-		
1284	36	O	23.57	G	-		
1284	37	O	23.57	G	-		
1284	38	O	23.57	A	-		
1284	39	O	23.57	T	-		
1284	40	O	23.57	G	-		
1284	41	O	23.57	G	-		
1284	42	O	23.57	T	-		
1284	43	O	23.57	T	-		
1284	44	O	23.57	C	-		
1284	45	O	23.57	C	-		
1284	46	O	23.57	C	-		
1284	47	O	23.57	C	-		
1284	48	O	23.57	A	-		
1284	49	O	23.57	G	-		
1284	50	O	23.57	C	-		
1284	51	O	23.57	A	-		
1284	52	O	23.57	C	-		
1284	53	O	23.57	G	-		
1284	54	O	23.57	C	-		
1284	55	O	23.57	G	-		
1284	56	O	23.57	C	-		
1284	57	O	23.57	G	-		
1284	58	O	23.57	C	-		
1284	59	O	23.57	G	-		
1284	60	O	23.57	T	-		
1284	61	O	23.57	C	-		
1284	62	O	23.57	A	-		
1284	63	O	23.57	T	-		
1284	64	O	23.57	C	-		
1284	65	O	23.57	C	-		
1284	66	O	23.57	G	-		
1284	67	O	23.57	C	-		
1284	68	O	23.57	G	-		
1284	69	O	23.57	A	-		
1284	70	O	23.57	C	-		
1284	71	O	23.57	G	-		
1284	72	O	23.57	G	-		
1284	73	O	23.57	C	-		
1284	74	O	23.57	G	-		
1284	75	O	23.57	T	-		
1284	76	O	23.57	C	-		
1284	77	O	23.57	A	-		
1284	78	O	23.57	A	-		
1284	79	O	23.57	G	-		
1284	80	O	23.57	G	-		
1284	81	O	23.57	A	-		
1284	82	O	23.57	C	-		
1284	83	O	23.57	A	-		
1284	84	O	23.57	C	-		
1284	85	O	23.57	C	-		
1284	86	O	23.57	A	-		
1284	87	O	23.57	T	-		
1284	88	O	23.57	A	-		
1284	89	O	23.57	G	-		
1284	90	O	23.57	C	-		
1284	91	O	23.57	C	-		
1284	92	O	23.57	G	-		
1284	93	O	23.57	C	-		
1284	94	O	23.57	C	-		
1284	95	O	23.57	G	-		
1284	96	O	23.57	A	-		
1284	97	O	23.57	C	-		
1284	98	O	23.57	G	-		
1284	99	O	23.57	A	-		
1284	100	O	23.57	G	-		
1284	101	O	23.57	G	-		
1284	102	O	23.57	T	-		
1284	103	O	23.57	G	-		
1284	104	O	23.57	G	-		
1284	105	O	23.57	T	-		
1284	106	O	23.57	C	-		
1284	107	O	23.57	G	-		
1284	108	O	23.57	T	-		
1284	109	O	23.57	G	-		
1285	0	O	24.95	A	-		
1285	1	O	24.95	C	-		
1285	2	O	24.95	T	-		
1285	3	O	24.95	C	-		
1285	4	O	24.95	G	-		
1285	5	O	24.95	T	-		
1285	6	O	24.95	T	-		
1285	7	O	24.95	G	-		
1285	8	O	24.95	T	-		
1285	9	O	24.95	A	-		
1285	10	O	24.95	A	-		
1285	11	O	24.95	C	-		
1285	12	O	24.95	A	-		
1285	13	O	24.95	C	-		
1285	14	O	24.95	T	-		
1285	15	O	24.95	G	-		
1285	16	O	24.95	A	-		
1285	17	O	24.95	G	-		
1285	18	O	24.95	C	-		
1285	19	O	24.95	A	-		
1285	20	O	24.95	A	-		
1285	21	O	24.95	C	-		
1285	22	O	24.95	G	-		
1285	23	O	24.95	T	-		
1285	24	O	24.95	T	-		
1285	25	O	24.95	G	-		
1285	26	O	24.95	G	-		
1285	27	O	24.95	C	-		
1285	28	O	24.95	T	-		
1285	29	O	24.95	G	-		
1285	30	O	24.95	C	-		
1285	31	O	24.95	G	-		
1285	32	O	24.95	C	-		
1285	33	O	24.95	T	-		
1285	34	O	24.95	C	-		
1285	35	O	24.95	A	-		
1285	36	O	24.95	C	-		
1285	37	O	24.95	C	-		
1285	38	O	24.95	A	-		
1285	39	O	24.95	G	-		
1285	40	O	24.95	G	-		
1285	41	O	24.95	T	-		
1285	42	O	24.95	C	-		
1285	43	O	24.95	G	-		
1285	44	O	24.95	C	-		
1285	45	O	24.95	C	-		
1285	46	O	24.95	C	-		
1285	47	O	24.95	A	-		
1285	48	O	24.95	G	-		
1285	49	O	24.95	A	-		
1285	50	O	24.95	T	-		
1285	51	O	24.95	A	-		
1285	52	O	24.95	G	-		
1285	53	O	24.95	A	-		
1285	54	O	24.95	C	-		
1285	55	O	24.95	C	-		
1285	56	O	24.95	C	-		
1285	57	O	24.95	C	-		
1285	58	O	24.95	A	-		
1285	59	O	24.95	G	-		
1285	60	O	24.95	A	-		
1285	61	O	24.95	A	-		
1285	62	O	24.95	A	-		
1285	63	O	24.95	G	-		
1285	64	O	24.95	G	-		
1285	65	O	24.95	T	-		
1285	66	O	24.95	G	-		
1285	67	O	24.95	C	-		
1285	68	O	24.95	T	-		
1285	69	O	24.95	T	-		
1285	70	O	24.95	G	-		
1285	71	O	24.95	A	-		
1285	72	O	24.95	G	-		
1285	73	O	24.95	T	-		
1285	74	O	24.95	C	-		
1285	75	O	24.95	G	-		
1285	76	O	24.95	C	-		
1285	77	O	24.95	A	-		
1285	78	O	24.95	A	-		
1285	79	O	24.95	G	-		
1285	80	O	24.95	G	-		
1285	81	O	24.95	T	-		
1285	82	O	24.95	G	-		
1285	83	O	24.95	A	-		
1285	84	O	24.95	G	-		
1285	85	O	24.95	C	-		
1285	86	O	24.95	A	-		
1285	87	O	24.95	C	-		
1285	88	O	24.95	G	-		
1285	89	O	24.95	G	-		
1285	90	O	24.95	C	-		
1285	91	O	24.95	T	-		
1285	92	O	24.95	A	-		
1285	93	O	24.95	G	-		
1285	94	O	24.95	C	-		
1285	95	O	24.95	G	-		
1285	96	O	24.95	G	-		
1285	97	O	24.95	C	-		
1285	98	O	24.95	C	-		
1285	99	O	24.95	G	-		
1285	100	O	24.95	A	-		
1285	101	O	24.95	C	-		
1285	102	O	24.95	C	-		
1285	103	O	24.95	T	-		
1285	104	O	24.95	A	-		
1285	105	O	24.95	G	-		
1285	106	O	24.95	T	-		
1285	107	O	24.95	T	-		
1285	108	O	24.95	T	-		
1285	109	O	24.95	G	-		
1286	0	O	6.93	G	-		
1286	1	O	6.93	G	-		
1286	2	O	6.93	C	-		
1286	3	O	6.93	A	-		
1286	4	O	6.93	G	-		
1286	5	O	6.93	T	-		
1286	6	O	6.93	T	-		
1286	7	O	6.93	T	-		
1286	8	O	6.93	G	-		
1286	9	O	6.93	T	-		
1286	10	O	6.93	C	-		
1286	11	O	6.93	A	-		
1286	12	O	6.93	G	-		
1286	13	O	6.93	T	-		
1286	14	O	6.93	T	-		
1286	15	O	6.93	G	-		
1286	16	O	6.93	C	-		
1286	17	O	6.93	C	-		
1286	18	O	6.93	G	-		
1286	19	O	6.93	A	-		
1286	20	O	6.93	C	-		
1286	21	O	6.93	T	-		
1286	22	O	6.93	G	-		
1286	23	O	6.93	T	-		
1286	24	O	6.93	T	-		
1286	25	O	6.93	T	-		
1286	26	O	6.93	C	-		
1286	27	O	6.93	A	-		
1286	28	O	6.93	C	-		
1286	29	O	6.93	A	-		
1286	30	O	6.93	T	-		
1286	31	O	6.93	G	-		
1286	32	O	6.93	C	-		
1286	33	O	6.93	G	-		
1286	34	O	6.93	C	-		
1286	35	O	6.93	G	-		
1286	36	O	6.93	G	-		
1286	37	O	6.93	A	-		
1286	38	O	6.93	A	-		
1286	39	O	6.93	C	-		
1286	40	O	6.93	A	-		
1286	41	O	6.93	G	-		
1286	42	O	6.93	T	-		
1286	43	O	6.93	C	-		
1286	44	O	6.93	G	-		
1286	45	O	6.93	T	-		
1286	46	O	6.93	G	-		
1286	47	O	6.93	C	-		
1286	48	O	6.93	A	-		
1286	49	O	6.93	A	-		
1286	50	O	6.93	C	-		
1286	51	O	6.93	C	-		
1286	52	O	6.93	C	-		
1286	53	O	6.93	C	-		
1286	54	O	6.93	C	-		
1286	55	O	6.93	T	-		
1286	56	O	6.93	C	-		
1286	57	O	6.93	G	-		
1286	58	O	6.93	A	-		
1286	59	O	6.93	A	-		
1286	60	O	6.93	G	-		
1286	61	O	6.93	T	-		
1286	62	O	6.93	A	-		
1286	63	O	6.93	G	-		
1286	64	O	6.93	A	-		
1286	65	O	6.93	A	-		
1286	66	O	6.93	A	-		
1286	67	O	6.93	G	-		
1286	68	O	6.93	T	-		
1286	69	O	6.93	T	-		
1286	70	O	6.93	A	-		
1286	71	O	6.93	A	-		
1286	72	O	6.93	T	-		
1286	73	O	6.93	G	-		
1286	74	O	6.93	G	-		
1286	75	O	6.93	G	-		
1286	76	O	6.93	T	-		
1286	77	O	6.93	C	-		
1286	78	O	6.93	A	-		
1286	79	O	6.93	A	-		
1286	80	O	6.93	G	-		
1286	81	O	6.93	G	-		
1286	82	O	6.93	G	-		
1286	83	O	6.93	G	-		
1286	84	O	6.93	G	-		
1286	85	O	6.93	G	-		
1286	86	O	6.93	T	-		
1286	87	O	6.93	C	-		
1286	88	O	6.93	A	-		
1286	89	O	6.93	C	-		
1286	90	O	6.93	C	-		
1286	91	O	6.93	A	-		
1286	92	O	6.93	A	-		
1286	93	O	6.93	C	-		
1286	94	O	6.93	T	-		
1286	95	O	6.93	G	-		
1286	96	O	6.93	T	-		
1286	97	O	6.93	G	-		
1286	98	O	6.93	T	-		
1286	99	O	6.93	A	-		
1286	100	O	6.93	T	-		
1286	101	O	6.93	T	-		
1286	102	O	6.93	T	-		
1286	103	O	6.93	A	-		
1286	104	O	6.93	A	-		
1286	105	O	6.93	G	-		
1286	106	O	6.93	G	-		
1286	107	O	6.93	A	-		
1286	108	O	6.93	A	-		
1286	109	O	6.93	A	-		
1287	0	O	12.48	C	-		
1287	1	O	12.48	G	-		
1287	2	O	12.48	G	-		
1287	3	O	12.48	G	-		
1287	4	O	12.48	C	-		
1287	5	O	12.48	G	-		
1287	6	O	12.48	C	-		
1287	7	O	12.48	T	-		
1287	8	O	12.48	G	-		
1287	9	O	12.48	G	-		
1287	10	O	12.48	T	-		
1287	11	O	12.48	G	-		
1287	12	O	12.48	T	-		
1287	13	O	12.48	C	-		
1287	14	O	12.48	T	-		
1287	15	O	12.48	A	-		
1287	16	O	12.48	G	-		
1287	17	O	12.48	C	-		
1287	18	O	12.48	C	-		
1287	19	O	12.48	C	-		
1287	20	O	12.48	A	-		
1287	21	O	12.48	G	-		
1287	22	O	12.48	A	-		
1287	23	O	12.48	G	-		
1287	24	O	12.48	C	-		
1287	25	O	12.48	T	-		
1287	26	O	12.48	G	-		
1287	27	O	12.48	C	-		
1287	28	O	12.48	C	-		
1287	29	O	12.48	G	-		
1287	30	O	12.48	C	-		
1287	31	O	12.48	T	-		
1287	32	O	12.48	C	-		
1287	33	O	12.48	G	-		
1287	34	O	12.48	A	-		
1287	35	O	12.48	G	-		
1287	36	O	12.48	A	-		
1287	37	O	12.48	G	-		
1287	38	O	12.48	A	-		
1287	39	O	12.48	G	-		
1287	40	O	12.48	G	-		
1287	41	O	12.48	A	-		
1287	42	O	12.48	G	-		
1287	43	O	12.48	G	-		
1287	44	O	12.48	A	-		
1287	45	O	12.48	G	-		
1287	46	O	12.48	A	-		
1287	47	O	12.48	G	-		
1287	48	O	12.48	T	-		
1287	49	O	12.48	C	-		
1287	50	O	12.48	G	-		
1287	51	O	12.48	T	-		
1287	52	O	12.48	G	-		
1287	53	O	12.48	G	-		
1287	54	O	12.48	A	-		
1287	55	O	12.48	G	-		
1287	56	O	12.48	G	-		
1287	57	O	12.48	T	-		
1287	58	O	12.48	G	-		
1287	59	O	12.48	A	-		
1287	60	O	12.48	T	-		
1287	61	O	12.48	C	-		
1287	62	O	12.48	G	-		
1287	63	O	12.48	A	-		
1287	64	O	12.48	A	-		
1287	65	O	12.48	G	-		
1287	66	O	12.48	G	-		
1287	67	O	12.48	C	-		
1287	68	O	12.48	G	-		
1287	69	O	12.48	A	-		
1287	70	O	12.48	T	-		
1287	71	O	12.48	G	-		
1287	72	O	12.48	T	-		
1287	73	O	12.48	G	-		
1287	74	O	12.48	A	-		
1287	75	O	12.48	T	-		
1287	76	O	12.48	C	-		
1287	77	O	12.48	C	-		
1287	78	O	12.48	A	-		
1287	79	O	12.48	C	-		
1287	80	O	12.48	A	-		
1287	81	O	12.48	T	-		
1287	82	O	12.48	G	-		
1287	83	O	12.48	G	-		
1287	84	O	12.48	A	-		
1287	85	O	12.48	G	-		
1287	86	O	12.48	G	-		
1287	87	O	12.48	A	-		
1287	88	O	12.48	A	-		
1287	89	O	12.48	G	-		
1287	90	O	12.48	C	-		
1287	91	O	12.48	A	-		
1287	92	O	12.48	G	-		
1287	93	O	12.48	C	-		
1287	94	O	12.48	G	-		
1287	95	O	12.48	G	-		
1287	96	O	12.48	A	-		
1287	97	O	12.48	G	-		
1287	98	O	12.48	T	-		
1287	99	O	12.48	C	-		
1287	100	O	12.48	G	-		
1287	101	O	12.48	G	-		
1287	102	O	12.48	C	-		
1287	103	O	12.48	A	-		
1287	104	O	12.48	G	-		
1287	105	O	12.48	C	-		
1287	106	O	12.48	T	-		
1287	107	O	12.48	G	-		
1287	108	O	12.48	C	-		
1287	109	O	12.48	C	-		
1288	0	O	15.25	T	-		
1288	1	O	15.25	G	-		
1288	2	O	15.25	A	-		
1288	3	O	15.25	G	-		
1288	4	O	15.25	T	-		
1288	5	O	15.25	C	-		
1288	6	O	15.25	T	-		
1288	7	O	15.25	G	-		
1288	8	O	15.25	C	-		
1288	9	O	15.25	C	-		
1288	10	O	15.25	G	-		
1288	11	O	15.25	C	-		
1288	12	O	15.25	G	-		
1288	13	O	15.25	C	-		
1288	14	O	15.25	G	-		
1288	15	O	15.25	C	-		
1288	16	O	15.25	C	-		
1288	17	O	15.25	T	-		
1288	18	O	15.25	G	-		
1288	19	O	15.25	A	-		
1288	20	O	15.25	G	-		
1288	21	O	15.25	C	-		
1288	22	O	15.25	T	-		
1288	23	O	15.25	G	-		
1288	24	O	15.25	A	-		
1288	25	O	15.25	G	-		
1288	26	O	15.25	C	-		
1288	27	O	15.25	A	-		
1288	28	O	15.25	A	-		
1288	29	O	15.25	G	-		
1288	30	O	15.25	C	-		
1288	31	O	15.25	G	-		
1288	32	O	15.25	G	-		
1288	33	O	15.25	A	-		
1288	34	O	15.25	G	-		
1288	35	O	15.25	G	-		
1288	36	O	15.25	A	-		
1288	37	O	15.25	A	-		
1288	38	O	15.25	T	-		
1288	39	O	15.25	T	-		
1288	40	O	15.25	T	-		
1288	41	O	15.25	G	-		
1288	42	O	15.25	C	-		
1288	43	O	15.25	G	-		
1288	44	O	15.25	C	-		
1288	45	O	15.25	G	-		
1288	46	O	15.25	C	-		
1288	47	O	15.25	C	-		
1288	48	O	15.25	G	-		
1288	49	O	15.25	G	-		
1288	50	O	15.25	A	-		
1288	51	O	15.25	G	-		
1288	52	O	15.25	A	-		
1288	53	O	15.25	A	-		
1288	54	O	15.25	A	-		
1288	55	O	15.25	C	-		
1288	56	O	15.25	C	-		
1288	57	O	15.25	G	-		
1288	58	O	15.25	A	-		
1288	59	O	15.25	C	-		
1288	60	O	15.25	T	-		
1288	61	O	15.25	G	-		
1288	62	O	15.25	G	-		
1288	63	O	15.25	A	-		
1288	64	O	15.25	G	-		
1288	65	O	15.25	A	-		
1288	66	O	15.25	G	-		
1288	67	O	15.25	G	-		
1288	68	O	15.25	G	-		
1288	69	O	15.25	T	-		
1288	70	O	15.25	T	-		
1288	71	O	15.25	A	-		
1288	72	O	15.25	A	-		
1288	73	O	15.25	T	-		
1288	74	O	15.25	T	-		
1288	75	O	15.25	A	-		
1288	76	O	15.25	G	-		
1288	77	O	15.25	C	-		
1288	78	O	15.25	G	-		
1288	79	O	15.25	C	-		
1288	80	O	15.25	A	-		
1288	81	O	15.25	C	-		
1288	82	O	15.25	T	-		
1288	83	O	15.25	C	-		
1288	84	O	15.25	G	-		
1288	85	O	15.25	G	-		
1288	86	O	15.25	G	-		
1288	87	O	15.25	T	-		
1288	88	O	15.25	G	-		
1288	89	O	15.25	G	-		
1288	90	O	15.25	T	-		
1288	91	O	15.25	G	-		
1288	92	O	15.25	C	-		
1288	93	O	15.25	G	-		
1288	94	O	15.25	C	-		
1288	95	O	15.25	G	-		
1288	96	O	15.25	A	-		
1288	97	O	15.25	G	-		
1288	98	O	15.25	A	-		
1288	99	O	15.25	T	-		
1288	100	O	15.25	T	-		
1288	101	O	15.25	T	-		
1288	102	O	15.25	A	-		
1288	103	O	15.25	C	-		
1288	104	O	15.25	C	-		
1288	105	O	15.25	T	-		
1288	106	O	15.25	G	-		
1288	107	O	15.25	C	-		
1288	108	O	15.25	G	-		
1288	109	O	15.25	C	-		
1289	0	O	9.70	G	-		
1289	1	O	9.70	T	-		
1289	2	O	9.70	A	-		
1289	3	O	9.70	A	-		
1289	4	O	9.70	G	-		
1289	5	O	9.70	T	-		
1289	6	O	9.70	T	-		
1289	7	O	9.70	T	-		
1289	8	O	9.70	T	-		
1289	9	O	9.70	A	-		
1289	10	O	9.70	C	-		
1289	11	O	9.70	T	-		
1289	12	O	9.70	A	-		
1289	13	O	9.70	A	-		
1289	14	O	9.70	G	-		
1289	15	O	9.70	A	-		
1289	16	O	9.70	T	-		
1289	17	O	9.70	T	-		
1289	18	O	9.70	C	-		
1289	19	O	9.70	C	-		
1289	20	O	9.70	T	-		
1289	21	O	9.70	T	-		
1289	22	O	9.70	A	-		
1289	23	O	9.70	C	-		
1289	24	O	9.70	T	-		
1289	25	O	9.70	A	-		
1289	26	O	9.70	A	-		
1289	27	O	9.70	A	-		
1289	28	O	9.70	A	-		
1289	29	O	9.70	C	-		
1289	30	O	9.70	C	-		
1289	31	O	9.70	T	-		
1289	32	O	9.70	T	-		
1289	33	O	9.70	T	-		
1289	34	O	9.70	T	-		
1289	35	O	9.70	G	-		
1289	36	O	9.70	C	-		
1289	37	O	9.70	C	-		
1289	38	O	9.70	T	-		
1289	39	O	9.70	C	-		
1289	40	O	9.70	A	-		
1289	41	O	9.70	T	-		
1289	42	O	9.70	G	-		
1289	43	O	9.70	T	-		
1289	44	O	9.70	T	-		
1289	45	O	9.70	G	-		
1289	46	O	9.70	C	-		
1289	47	O	9.70	T	-		
1289	48	O	9.70	G	-		
1289	49	O	9.70	C	-		
1289	50	O	9.70	T	-		
1289	51	O	9.70	T	-		
1289	52	O	9.70	T	-		
1289	53	O	9.70	T	-		
1289	54	O	9.70	G	-		
1289	55	O	9.70	T	-		
1289	56	O	9.70	T	-		
1289	57	O	9.70	A	-		
1289	58	O	9.70	A	-		
1289	59	O	9.70	G	-		
1289	60	O	9.70	T	-		
1289	61	O	9.70	G	-		
1289	62	O	9.70	T	-		
1289	63	O	9.70	G	-		
1289	64	O	9.70	T	-		
1289	65	O	9.70	T	-		
1289	66	O	9.70	T	-		
1289	67	O	9.70	C	-		
1289	68	O	9.70	T	-		
1289	69	O	9.70	G	-		
1289	70	O	9.70	T	-		
1289	71	O	9.70	T	-		
1289	72	O	9.70	C	-		
1289	73	O	9.70	T	-		
1289	74	O	9.70	T	-		
1289	75	O	9.70	A	-		
1289	76	O	9.70	A	-		
1289	77	O	9.70	T	-		
1289	78	O	9.70	A	-		
1289	79	O	9.70	A	-		
1289	80	O	9.70	T	-		
1289	81	O	9.70	C	-		
1289	82	O	9.70	A	-		
1289	83	O	9.70	A	-		
1289	84	O	9.70	C	-		
1289	85	O	9.70	T	-		
1289	86	O	9.70	C	-		
1289	87	O	9.70	A	-		
1289	88	O	9.70	A	-		
1289	89	O	9.70	G	-		
1289	90	O	9.70	A	-		
1289	91	O	9.70	T	-		
1289	92	O	9.70	T	-		
1289	93	O	9.70	C	-		
1289	94	O	9.70	G	-		
1289	95	O	9.70	G	-		
1289	96	O	9.70	G	-		
1289	97	O	9.70	T	-		
1289	98	O	9.70	T	-		
1289	99	O	9.70	G	-		
1289	100	O	9.70	G	-		
1289	101	O	9.70	C	-		
1289	102	O	9.70	G	-		
1289	103	O	9.70	A	-		
1289	104	O	9.70	G	-		
1289	105	O	9.70	G	-		
1289	106	O	9.70	G	-		
1289	107	O	9.70	A	-		
1289	108	O	9.70	A	-		
1289	109	O	9.70	C	-		
1290	0	O	6.93	C	-		
1290	1	O	6.93	C	-		
1290	2	O	6.93	T	-		
1290	3	O	6.93	C	-		
1290	4	O	6.93	G	-		
1290	5	O	6.93	C	-		
1290	6	O	6.93	G	-		
1290	7	O	6.93	A	-		
1290	8	O	6.93	G	-		
1290	9	O	6.93	G	-		
1290	10	O	6.93	G	-		
1290	11	O	6.93	T	-		
1290	12	O	6.93	T	-		
1290	13	O	6.93	C	-		
1290	14	O	6.93	G	-		
1290	15	O	6.93	A	-		
1290	16	O	6.93	T	-		
1290	17	O	6.93	G	-		
1290	18	O	6.93	T	-		
1290	19	O	6.93	G	-		
1290	20	O	6.93	G	-		
1290	21	O	6.93	A	-		
1290	22	O	6.93	T	-		
1290	23	O	6.93	G	-		
1290	24	O	6.93	T	-		
1290	25	O	6.93	T	-		
1290	26	O	6.93	C	-		
1290	27	O	6.93	A	-		
1290	28	O	6.93	G	-		
1290	29	O	6.93	C	-		
1290	30	O	6.93	A	-		
1290	31	O	6.93	G	-		
1290	32	O	6.93	C	-		
1290	33	O	6.93	G	-		
1290	34	O	6.93	A	-		
1290	35	O	6.93	C	-		
1290	36	O	6.93	A	-		
1290	37	O	6.93	G	-		
1290	38	O	6.93	C	-		
1290	39	O	6.93	A	-		
1290	40	O	6.93	G	-		
1290	41	O	6.93	A	-		
1290	42	O	6.93	C	-		
1290	43	O	6.93	G	-		
1290	44	O	6.93	G	-		
1290	45	O	6.93	A	-		
1290	46	O	6.93	C	-		
1290	47	O	6.93	G	-		
1290	48	O	6.93	C	-		
1290	49	O	6.93	G	-		
1290	50	O	6.93	G	-		
1290	51	O	6.93	A	-		
1290	52	O	6.93	G	-		
1290	53	O	6.93	A	-		
1290	54	O	6.93	G	-		
1290	55	O	6.93	G	-		
1290	56	O	6.93	A	-		
1290	57	O	6.93	T	-		
1290	58	O	6.93	C	-		
1290	59	O	6.93	T	-		
1290	60	O	6.93	C	-		
1290	61	O	6.93	G	-		
1290	62	O	6.93	C	-		
1290	63	O	6.93	A	-		
1290	64	O	6.93	G	-		
1290	65	O	6.93	G	-		
1290	66	O	6.93	T	-		
1290	67	O	6.93	G	-		
1290	68	O	6.93	A	-		
1290	69	O	6.93	G	-		
1290	70	O	6.93	T	-		
1290	71	O	6.93	G	-		
1290	72	O	6.93	C	-		
1290	73	O	6.93	G	-		
1290	74	O	6.93	C	-		
1290	75	O	6.93	A	-		
1290	76	O	6.93	A	-		
1290	77	O	6.93	G	-		
1290	78	O	6.93	G	-		
1290	79	O	6.93	G	-		
1290	80	O	6.93	A	-		
1290	81	O	6.93	T	-		
1290	82	O	6.93	C	-		
1290	83	O	6.93	C	-		
1290	84	O	6.93	A	-		
1290	85	O	6.93	A	-		
1290	86	O	6.93	C	-		
1290	87	O	6.93	T	-		
1290	88	O	6.93	T	-		
1290	89	O	6.93	A	-		
1290	90	O	6.93	T	-		
1290	91	O	6.93	G	-		
1290	92	O	6.93	C	-		
1290	93	O	6.93	A	-		
1290	94	O	6.93	G	-		
1290	95	O	6.93	A	-		
1290	96	O	6.93	G	-		
1290	97	O	6.93	T	-		
1290	98	O	6.93	C	-		
1290	99	O	6.93	T	-		
1290	100	O	6.93	G	-		
1290	101	O	6.93	T	-		
1290	102	O	6.93	T	-		
1290	103	O	6.93	G	-		
1290	104	O	6.93	G	-		
1290	105	O	6.93	C	-		
1290	106	O	6.93	C	-		
1290	107	O	6.93	G	-		
1290	108	O	6.93	C	-		
1290	109	O	6.93	G	-		
1291	0	O	5.55	G	-		
1291	1	O	5.55	T	-		
1291	2	O	5.55	G	-		
1291	3	O	5.55	C	-		
1291	4	O	5.55	T	-		
1291	5	O	5.55	G	-		
1291	6	O	5.55	G	-		
1291	7	O	5.55	T	-		
1291	8	O	5.55	A	-		
1291	9	O	5.55	C	-		
1291	10	O	5.55	C	-		
1291	11	O	5.55	A	-		
1291	12	O	5.55	T	-		
1291	13	O	5.55	T	-		
1291	14	O	5.55	C	-		
1291	15	O	5.55	A	-		
1291	16	O	5.55	G	-		
1291	17	O	5.55	C	-		
1291	18	O	5.55	T	-		
1291	19	O	5.55	G	-		
1291	20	O	5.55	T	-		
1291	21	O	5.55	C	-		
1291	22	O	5.55	C	-		
1291	23	O	5.55	G	-		
1291	24	O	5.55	A	-		
1291	25	O	5.55	A	-		
1291	26	O	5.55	A	-		
1291	27	O	5.55	G	-		
1291	28	O	5.55	G	-		
1291	29	O	5.55	C	-		
1291	30	O	5.55	A	-		
1291	31	O	5.55	A	-		
1291	32	O	5.55	G	-		
1291	33	O	5.55	G	-		
1291	34	O	5.55	T	-		
1291	35	O	5.55	T	-		
1291	36	O	5.55	C	-		
1291	37	O	5.55	G	-		
1291	38	O	5.55	A	-		
1291	39	O	5.55	T	-		
1291	40	O	5.55	C	-		
1291	41	O	5.55	G	-		
1291	42	O	5.55	C	-		
1291	43	O	5.55	C	-		
1291	44	O	5.55	A	-		
1291	45	O	5.55	G	-		
1291	46	O	5.55	T	-		
1291	47	O	5.55	A	-		
1291	48	O	5.55	C	-		
1291	49	O	5.55	T	-		
1291	50	O	5.55	G	-		
1291	51	O	5.55	G	-		
1291	52	O	5.55	G	-		
1291	53	O	5.55	T	-		
1291	54	O	5.55	C	-		
1291	55	O	5.55	T	-		
1291	56	O	5.55	G	-		
1291	57	O	5.55	G	-		
1291	58	O	5.55	G	-		
1291	59	O	5.55	G	-		
1291	60	O	5.55	A	-		
1291	61	O	5.55	T	-		
1291	62	O	5.55	A	-		
1291	63	O	5.55	C	-		
1291	64	O	5.55	T	-		
1291	65	O	5.55	G	-		
1291	66	O	5.55	G	-		
1291	67	O	5.55	C	-		
1291	68	O	5.55	G	-		
1291	69	O	5.55	G	-		
1291	70	O	5.55	A	-		
1291	71	O	5.55	A	-		
1291	72	O	5.55	G	-		
1291	73	O	5.55	C	-		
1291	74	O	5.55	T	-		
1291	75	O	5.55	C	-		
1291	76	O	5.55	G	-		
1291	77	O	5.55	G	-		
1291	78	O	5.55	C	-		
1291	79	O	5.55	T	-		
1291	80	O	5.55	G	-		
1291	81	O	5.55	G	-		
1291	82	O	5.55	T	-		
1291	83	O	5.55	C	-		
1291	84	O	5.55	C	-		
1291	85	O	5.55	T	-		
1291	86	O	5.55	G	-		
1291	87	O	5.55	T	-		
1291	88	O	5.55	C	-		
1291	89	O	5.55	G	-		
1291	90	O	5.55	A	-		
1291	91	O	5.55	A	-		
1291	92	O	5.55	A	-		
1291	93	O	5.55	G	-		
1291	94	O	5.55	G	-		
1291	95	O	5.55	A	-		
1291	96	O	5.55	T	-		
1291	97	O	5.55	C	-		
1291	98	O	5.55	G	-		
1291	99	O	5.55	A	-		
1291	100	O	5.55	A	-		
1291	101	O	5.55	G	-		
1291	102	O	5.55	T	-		
1291	103	O	5.55	T	-		
1291	104	O	5.55	G	-		
1291	105	O	5.55	A	-		
1291	106	O	5.55	C	-		
1291	107	O	5.55	G	-		
1291	108	O	5.55	G	-		
1291	109	O	5.55	C	-		
1292	0	O	12.48	T	-		
1292	1	O	12.48	G	-		
1292	2	O	12.48	G	-		
1292	3	O	12.48	T	-		
1292	4	O	12.48	T	-		
1292	5	O	12.48	G	-		
1292	6	O	12.48	T	-		
1292	7	O	12.48	G	-		
1292	8	O	12.48	G	-		
1292	9	O	12.48	A	-		
1292	10	O	12.48	G	-		
1292	11	O	12.48	G	-		
1292	12	O	12.48	T	-		
1292	13	O	12.48	C	-		
1292	14	O	12.48	T	-		
1292	15	O	12.48	C	-		
1292	16	O	12.48	A	-		
1292	17	O	12.48	G	-		
1292	18	O	12.48	T	-		
1292	19	O	12.48	G	-		
1292	20	O	12.48	G	-		
1292	21	O	12.48	A	-		
1292	22	O	12.48	T	-		
1292	23	O	12.48	C	-		
1292	24	O	12.48	A	-		
1292	25	O	12.48	G	-		
1292	26	O	12.48	T	-		
1292	27	O	12.48	C	-		
1292	28	O	12.48	A	-		
1292	29	O	12.48	G	-		
1292	30	O	12.48	C	-		
1292	31	O	12.48	C	-		
1292	32	O	12.48	G	-		
1292	33	O	12.48	C	-		
1292	34	O	12.48	A	-		
1292	35	O	12.48	T	-		
1292	36	O	12.48	T	-		
1292	37	O	12.48	T	-		
1292	38	O	12.48	G	-		
1292	39	O	12.48	C	-		
1292	40	O	12.48	T	-		
1292	41	O	12.48	G	-		
1292	42	O	12.48	G	-		
1292	43	O	12.48	C	-		
1292	44	O	12.48	C	-		
1292	45	O	12.48	C	-		
1292	46	O	12.48	A	-		
1292	47	O	12.48	G	-		
1292	48	O	12.48	A	-		
1292	49	O	12.48	G	-		
1292	50	O	12.48	A	-		
1292	51	O	12.48	G	-		
1292	52	O	12.48	C	-		
1292	53	O	12.48	C	-		
1292	54	O	12.48	T	-		
1292	55	O	12.48	G	-		
1292	56	O	12.48	T	-		
1292	57	O	12.48	T	-		
1292	58	O	12.48	C	-		
1292	59	O	12.48	G	-		
1292	60	O	12.48	G	-		
1292	61	O	12.48	G	-		
1292	62	O	12.48	A	-		
1292	63	O	12.48	T	-		
1292	64	O	12.48	G	-		
1292	65	O	12.48	G	-		
1292	66	O	12.48	A	-		
1292	67	O	12.48	T	-		
1292	68	O	12.48	A	-		
1292	69	O	12.48	G	-		
1292	70	O	12.48	C	-		
1292	71	O	12.48	A	-		
1292	72	O	12.48	T	-		
1292	73	O	12.48	T	-		
1292	74	O	12.48	G	-		
1292	75	O	12.48	C	-		
1292	76	O	12.48	A	-		
1292	77	O	12.48	A	-		
1292	78	O	12.48	C	-		
1292	79	O	12.48	A	-		
1292	80	O	12.48	A	-		
1292	81	O	12.48	G	-		
1292	82	O	12.48	C	-		
1292	83	O	12.48	A	-		
1292	84	O	12.48	A	-		
1292	85	O	12.48	A	-		
1292	86	O	12.48	C	-		
1292	87	O	12.48	A	-		
1292	88	O	12.48	A	-		
1292	89	O	12.48	T	-		
1292	90	O	12.48	G	-		
1292	91	O	12.48	T	-		
1292	92	O	12.48	C	-		
1292	93	O	12.48	C	-		
1292	94	O	12.48	A	-		
1292	95	O	12.48	C	-		
1292	96	O	12.48	A	-		
1292	97	O	12.48	T	-		
1292	98	O	12.48	C	-		
1292	99	O	12.48	G	-		
1292	100	O	12.48	A	-		
1292	101	O	12.48	C	-		
1292	102	O	12.48	T	-		
1292	103	O	12.48	C	-		
1292	104	O	12.48	C	-		
1292	105	O	12.48	A	-		
1292	106	O	12.48	C	-		
1292	107	O	12.48	T	-		
1292	108	O	12.48	C	-		
1292	109	O	12.48	C	-		
1293	0	O	12.48	A	-		
1293	1	O	12.48	C	-		
1293	2	O	12.48	C	-		
1293	3	O	12.48	T	-		
1293	4	O	12.48	C	-		
1293	5	O	12.48	C	-		
1293	6	O	12.48	T	-		
1293	7	O	12.48	C	-		
1293	8	O	12.48	G	-		
1293	9	O	12.48	A	-		
1293	10	O	12.48	T	-		
1293	11	O	12.48	G	-		
1293	12	O	12.48	A	-		
1293	13	O	12.48	C	-		
1293	14	O	12.48	G	-		
1293	15	O	12.48	T	-		
1293	16	O	12.48	C	-		
1293	17	O	12.48	C	-		
1293	18	O	12.48	T	-		
1293	19	O	12.48	C	-		
1293	20	O	12.48	G	-		
1293	21	O	12.48	A	-		
1293	22	O	12.48	G	-		
1293	23	O	12.48	C	-		
1293	24	O	12.48	G	-		
1293	25	O	12.48	T	-		
1293	26	O	12.48	C	-		
1293	27	O	12.48	A	-		
1293	28	O	12.48	C	-		
1293	29	O	12.48	C	-		
1293	30	O	12.48	A	-		
1293	31	O	12.48	C	-		
1293	32	O	12.48	C	-		
1293	33	O	12.48	C	-		
1293	34	O	12.48	C	-		
1293	35	O	12.48	G	-		
1293	36	O	12.48	A	-		
1293	37	O	12.48	T	-		
1293	38	O	12.48	G	-		
1293	39	O	12.48	G	-		
1293	40	O	12.48	C	-		
1293	41	O	12.48	C	-		
1293	42	O	12.48	T	-		
1293	43	O	12.48	C	-		
1293	44	O	12.48	G	-		
1293	45	O	12.48	T	-		
1293	46	O	12.48	A	-		
1293	47	O	12.48	G	-		
1293	48	O	12.48	T	-		
1293	49	O	12.48	A	-		
1293	50	O	12.48	C	-		
1293	51	O	12.48	T	-		
1293	52	O	12.48	T	-		
1293	53	O	12.48	G	-		
1293	54	O	12.48	T	-		
1293	55	O	12.48	C	-		
1293	56	O	12.48	C	-		
1293	57	O	12.48	G	-		
1293	58	O	12.48	T	-		
1293	59	O	12.48	C	-		
1293	60	O	12.48	T	-		
1293	61	O	12.48	C	-		
1293	62	O	12.48	G	-		
1293	63	O	12.48	C	-		
1293	64	O	12.48	C	-		
1293	65	O	12.48	G	-		
1293	66	O	12.48	T	-		
1293	67	O	12.48	C	-		
1293	68	O	12.48	G	-		
1293	69	O	12.48	T	-		
1293	70	O	12.48	C	-		
1293	71	O	12.48	G	-		
1293	72	O	12.48	T	-		
1293	73	O	12.48	A	-		
1293	74	O	12.48	G	-		
1293	75	O	12.48	A	-		
1293	76	O	12.48	T	-		
1293	77	O	12.48	C	-		
1293	78	O	12.48	T	-		
1293	79	O	12.48	G	-		
1293	80	O	12.48	G	-		
1293	81	O	12.48	C	-		
1293	82	O	12.48	G	-		
1293	83	O	12.48	C	-		
1293	84	O	12.48	A	-		
1293	85	O	12.48	C	-		
1293	86	O	12.48	G	-		
1293	87	O	12.48	A	-		
1293	88	O	12.48	C	-		
1293	89	O	12.48	T	-		
1293	90	O	12.48	G	-		
1293	91	O	12.48	C	-		
1293	92	O	12.48	C	-		
1293	93	O	12.48	A	-		
1293	94	O	12.48	T	-		
1293	95	O	12.48	G	-		
1293	96	O	12.48	T	-		
1293	97	O	12.48	G	-		
1293	98	O	12.48	C	-		
1293	99	O	12.48	G	-		
1293	100	O	12.48	A	-		
1293	101	O	12.48	C	-		
1293	102	O	12.48	T	-		
1293	103	O	12.48	T	-		
1293	104	O	12.48	G	-		
1293	105	O	12.48	C	-		
1293	106	O	12.48	C	-		
1293	107	O	12.48	C	-		
1293	108	O	12.48	G	-		
1293	109	O	12.48	T	-		
1294	0	O	6.93	T	-		
1294	1	O	6.93	T	-		
1294	2	O	6.93	C	-		
1294	3	O	6.93	G	-		
1294	4	O	6.93	G	-		
1294	5	O	6.93	C	-		
1294	6	O	6.93	G	-		
1294	7	O	6.93	T	-		
1294	8	O	6.93	C	-		
1294	9	O	6.93	A	-		
1294	10	O	6.93	G	-		
1294	11	O	6.93	G	-		
1294	12	O	6.93	C	-		
1294	13	O	6.93	T	-		
1294	14	O	6.93	G	-		
1294	15	O	6.93	A	-		
1294	16	O	6.93	C	-		
1294	17	O	6.93	G	-		
1294	18	O	6.93	T	-		
1294	19	O	6.93	G	-		
1294	20	O	6.93	C	-		
1294	21	O	6.93	G	-		
1294	22	O	6.93	C	-		
1294	23	O	6.93	G	-		
1294	24	O	6.93	C	-		
1294	25	O	6.93	G	-		
1294	26	O	6.93	G	-		
1294	27	O	6.93	A	-		
1294	28	O	6.93	T	-		
1294	29	O	6.93	C	-		
1294	30	O	6.93	T	-		
1294	31	O	6.93	T	-		
1294	32	O	6.93	G	-		
1294	33	O	6.93	T	-		
1294	34	O	6.93	T	-		
1294	35	O	6.93	G	-		
1294	36	O	6.93	C	-		
1294	37	O	6.93	A	-		
1294	38	O	6.93	G	-		
1294	39	O	6.93	T	-		
1294	40	O	6.93	T	-		
1294	41	O	6.93	C	-		
1294	42	O	6.93	A	-		
1294	43	O	6.93	C	-		
1294	44	O	6.93	G	-		
1294	45	O	6.93	C	-		
1294	46	O	6.93	T	-		
1294	47	O	6.93	G	-		
1294	48	O	6.93	G	-		
1294	49	O	6.93	C	-		
1294	50	O	6.93	G	-		
1294	51	O	6.93	A	-		
1294	52	O	6.93	C	-		
1294	53	O	6.93	C	-		
1294	54	O	6.93	A	-		
1294	55	O	6.93	G	-		
1294	56	O	6.93	A	-		
1294	57	O	6.93	C	-		
1294	58	O	6.93	T	-		
1294	59	O	6.93	G	-		
1294	60	O	6.93	C	-		
1294	61	O	6.93	C	-		
1294	62	O	6.93	C	-		
1294	63	O	6.93	G	-		
1294	64	O	6.93	T	-		
1294	65	O	6.93	C	-		
1294	66	O	6.93	G	-		
1294	67	O	6.93	C	-		
1294	68	O	6.93	G	-		
1294	69	O	6.93	G	-		
1294	70	O	6.93	G	-		
1294	71	O	6.93	T	-		
1294	72	O	6.93	T	-		
1294	73	O	6.93	G	-		
1294	74	O	6.93	C	-		
1294	75	O	6.93	G	-		
1294	76	O	6.93	C	-		
1294	77	O	6.93	G	-		
1294	78	O	6.93	G	-		
1294	79	O	6.93	G	-		
1294	80	O	6.93	C	-		
1294	81	O	6.93	G	-		
1294	82	O	6.93	C	-		
1294	83	O	6.93	C	-		
1294	84	O	6.93	G	-		
1294	85	O	6.93	C	-		
1294	86	O	6.93	C	-		
1294	87	O	6.93	A	-		
1294	88	O	6.93	C	-		
1294	89	O	6.93	G	-		
1294	90	O	6.93	C	-		
1294	91	O	6.93	T	-		
1294	92	O	6.93	C	-		
1294	93	O	6.93	G	-		
1294	94	O	6.93	C	-		
1294	95	O	6.93	C	-		
1294	96	O	6.93	G	-		
1294	97	O	6.93	G	-		
1294	98	O	6.93	G	-		
1294	99	O	6.93	C	-		
1294	100	O	6.93	C	-		
1294	101	O	6.93	C	-		
1294	102	O	6.93	G	-		
1294	103	O	6.93	T	-		
1294	104	O	6.93	C	-		
1294	105	O	6.93	T	-		
1294	106	O	6.93	G	-		
1294	107	O	6.93	G	-		
1294	108	O	6.93	G	-		
1294	109	O	6.93	C	-		
1295	0	O	13.86	C	-		
1295	1	O	13.86	G	-		
1295	2	O	13.86	C	-		
1295	3	O	13.86	C	-		
1295	4	O	13.86	T	-		
1295	5	O	13.86	T	-		
1295	6	O	13.86	A	-		
1295	7	O	13.86	T	-		
1295	8	O	13.86	G	-		
1295	9	O	13.86	G	-		
1295	10	O	13.86	C	-		
1295	11	O	13.86	T	-		
1295	12	O	13.86	G	-		
1295	13	O	13.86	G	-		
1295	14	O	13.86	A	-		
1295	15	O	13.86	A	-		
1295	16	O	13.86	G	-		
1295	17	O	13.86	T	-		
1295	18	O	13.86	T	-		
1295	19	O	13.86	G	-		
1295	20	O	13.86	C	-		
1295	21	O	13.86	A	-		
1295	22	O	13.86	T	-		
1295	23	O	13.86	G	-		
1295	24	O	13.86	C	-		
1295	25	O	13.86	C	-		
1295	26	O	13.86	T	-		
1295	27	O	13.86	G	-		
1295	28	O	13.86	G	-		
1295	29	O	13.86	A	-		
1295	30	O	13.86	G	-		
1295	31	O	13.86	C	-		
1295	32	O	13.86	T	-		
1295	33	O	13.86	C	-		
1295	34	O	13.86	C	-		
1295	35	O	13.86	A	-		
1295	36	O	13.86	C	-		
1295	37	O	13.86	G	-		
1295	38	O	13.86	T	-		
1295	39	O	13.86	G	-		
1295	40	O	13.86	C	-		
1295	41	O	13.86	T	-		
1295	42	O	13.86	C	-		
1295	43	O	13.86	A	-		
1295	44	O	13.86	A	-		
1295	45	O	13.86	T	-		
1295	46	O	13.86	C	-		
1295	47	O	13.86	C	-		
1295	48	O	13.86	T	-		
1295	49	O	13.86	C	-		
1295	50	O	13.86	G	-		
1295	51	O	13.86	C	-		
1295	52	O	13.86	C	-		
1295	53	O	13.86	G	-		
1295	54	O	13.86	C	-		
1295	55	O	13.86	G	-		
1295	56	O	5.16	T	-		
1295	57	O	13.86	T	-		
1295	58	O	13.86	G	-		
1295	59	O	13.86	C	-		
1295	60	O	13.86	G	-		
1295	61	O	13.86	C	-		
1295	62	O	13.86	A	-		
1295	63	O	13.86	G	-		
1295	64	O	13.86	C	-		
1295	65	O	13.86	C	-		
1295	66	O	13.86	A	-		
1295	67	O	13.86	T	-		
1295	68	O	13.86	T	-		
1295	69	O	13.86	T	-		
1295	70	O	13.86	G	-		
1295	71	O	13.86	A	-		
1295	72	O	13.86	C	-		
1295	73	O	13.86	A	-		
1295	74	O	13.86	A	-		
1295	75	O	13.86	G	-		
1295	76	O	13.86	T	-		
1295	77	O	13.86	G	-		
1295	78	O	13.86	C	-		
1295	79	O	13.86	T	-		
1295	80	O	13.86	C	-		
1295	81	O	13.86	G	-		
1295	82	O	13.86	C	-		
1295	83	O	13.86	A	-		
1295	84	O	13.86	A	-		
1295	85	O	13.86	G	-		
1295	86	O	13.86	A	-		
1295	87	O	13.86	G	-		
1295	88	O	13.86	T	-		
1295	89	O	13.86	G	-		
1295	90	O	13.86	A	-		
1295	91	O	13.86	A	-		
1295	92	O	13.86	G	-		
1295	93	O	13.86	T	-		
1295	94	O	13.86	T	-		
1295	95	O	13.86	A	-		
1295	96	O	13.86	T	-		
1295	97	O	13.86	G	-		
1295	98	O	13.86	C	-		
1295	99	O	13.86	G	-		
1295	100	O	13.86	A	-		
1295	101	O	13.86	G	-		
1295	102	O	13.86	G	-		
1295	103	O	13.86	A	-		
1295	104	O	13.86	G	-		
1295	105	O	13.86	C	-		
1295	106	O	13.86	G	-		
1295	107	O	13.86	G	-		
1295	108	O	13.86	A	-		
1295	109	O	13.86	A	-		
1296	0	O	6.93	C	-		
1296	1	O	6.93	T	-		
1296	2	O	6.93	C	-		
1296	3	O	6.93	A	-		
1296	4	O	6.93	C	-		
1296	5	O	6.93	A	-		
1296	6	O	6.93	A	-		
1296	7	O	6.93	G	-		
1296	8	O	6.93	A	-		
1296	9	O	6.93	G	-		
1296	10	O	6.93	A	-		
1296	11	O	6.93	T	-		
1296	12	O	6.93	T	-		
1296	13	O	6.93	A	-		
1296	14	O	6.93	T	-		
1296	15	O	6.93	G	-		
1296	16	O	6.93	A	-		
1296	17	O	6.93	G	-		
1296	18	O	6.93	A	-		
1296	19	O	6.93	A	-		
1296	20	O	6.93	G	-		
1296	21	O	6.93	C	-		
1296	22	O	6.93	C	-		
1296	23	O	6.93	T	-		
1296	24	O	6.93	T	-		
1296	25	O	6.93	T	-		
1296	26	O	6.93	T	-		
1296	27	O	6.93	T	-		
1296	28	O	6.93	T	-		
1296	29	O	6.93	A	-		
1296	30	O	6.93	A	-		
1296	31	O	6.93	T	-		
1296	32	O	6.93	T	-		
1296	33	O	6.93	T	-		
1296	34	O	6.93	G	-		
1296	35	O	6.93	T	-		
1296	36	O	6.93	A	-		
1296	37	O	6.93	C	-		
1296	38	O	6.93	A	-		
1296	39	O	6.93	C	-		
1296	40	O	6.93	G	-		
1296	41	O	6.93	C	-		
1296	42	O	6.93	T	-		
1296	43	O	6.93	G	-		
1296	44	O	6.93	T	-		
1296	45	O	6.93	G	-		
1296	46	O	6.93	T	-		
1296	47	O	6.93	G	-		
1296	48	O	6.93	T	-		
1296	49	O	6.93	G	-		
1296	50	O	6.93	A	-		
1296	51	O	6.93	A	-		
1296	52	O	6.93	G	-		
1296	53	O	6.93	T	-		
1296	54	O	6.93	G	-		
1296	55	O	6.93	G	-		
1296	56	O	6.93	A	-		
1296	57	O	6.93	A	-		
1296	58	O	6.93	G	-		
1296	59	O	6.93	T	-		
1296	60	O	6.93	T	-		
1296	61	O	6.93	C	-		
1296	62	O	6.93	A	-		
1296	63	O	6.93	C	-		
1296	64	O	6.93	T	-		
1296	65	O	6.93	T	-		
1296	66	O	6.93	T	-		
1296	67	O	6.93	G	-		
1296	68	O	6.93	A	-		
1296	69	O	6.93	G	-		
1296	70	O	6.93	A	-		
1296	71	O	6.93	G	-		
1296	72	O	6.93	A	-		
1296	73	O	6.93	C	-		
1296	74	O	6.93	T	-		
1296	75	O	6.93	C	-		
1296	76	O	6.93	G	-		
1296	77	O	6.93	A	-		
1296	78	O	6.93	T	-		
1296	79	O	6.93	T	-		
1296	80	O	6.93	T	-		
1296	81	O	6.93	C	-		
1296	82	O	6.93	A	-		
1296	83	O	6.93	A	-		
1296	84	O	6.93	T	-		
1296	85	O	6.93	T	-		
1296	86	O	6.93	G	-		
1296	87	O	6.93	A	-		
1296	88	O	6.93	A	-		
1296	89	O	6.93	T	-		
1296	90	O	6.93	A	-		
1296	91	O	6.93	T	-		
1296	92	O	6.93	T	-		
1296	93	O	6.93	C	-		
1296	94	O	6.93	C	-		
1296	95	O	6.93	C	-		
1296	96	O	6.93	A	-		
1296	97	O	6.93	G	-		
1296	98	O	6.93	G	-		
1296	99	O	6.93	C	-		
1296	100	O	6.93	T	-		
1296	101	O	6.93	G	-		
1296	102	O	6.93	G	-		
1296	103	O	6.93	A	-		
1296	104	O	6.93	C	-		
1296	105	O	6.93	A	-		
1296	106	O	6.93	G	-		
1296	107	O	6.93	C	-		
1296	108	O	6.93	G	-		
1296	109	O	6.93	A	-		
1297	0	O	34.66	G	-		
1297	1	O	34.66	A	-		
1297	2	O	34.66	T	-		
1297	3	O	34.66	T	-		
1297	4	O	34.66	G	-		
1297	5	O	34.66	G	-		
1297	6	O	34.66	C	-		
1297	7	O	34.66	G	-		
1297	8	O	34.66	C	-		
1297	9	O	34.66	A	-		
1297	10	O	34.66	T	-		
1297	11	O	34.66	T	-		
1297	12	O	34.66	T	-		
1297	13	O	34.66	T	-		
1297	14	O	34.66	C	-		
1297	15	O	34.66	C	-		
1297	16	O	34.66	G	-		
1297	17	O	34.66	C	-		
1297	18	O	34.66	C	-		
1297	19	O	34.66	G	-		
1297	20	O	34.66	C	-		
1297	21	O	34.66	T	-		
1297	22	O	34.66	C	-		
1297	23	O	34.66	G	-		
1297	24	O	34.66	C	-		
1297	25	O	34.66	T	-		
1297	26	O	34.66	C	-		
1297	27	O	34.66	A	-		
1297	28	O	34.66	G	-		
1297	29	O	34.66	C	-		
1297	30	O	34.66	G	-		
1297	31	O	34.66	C	-		
1297	32	O	34.66	C	-		
1297	33	O	34.66	T	-		
1297	34	O	34.66	G	-		
1297	35	O	34.66	C	-		
1297	36	O	34.66	A	-		
1297	37	O	34.66	G	-		
1297	38	O	34.66	A	-		
1297	39	O	34.66	C	-		
1297	40	O	34.66	A	-		
1297	41	O	34.66	C	-		
1297	42	O	34.66	A	-		
1297	43	O	34.66	T	-		
1297	44	O	34.66	T	-		
1297	45	O	34.66	G	-		
1297	46	O	34.66	G	-		
1297	47	O	34.66	C	-		
1297	48	O	34.66	G	-		
1297	49	O	34.66	C	-		
1297	50	O	34.66	A	-		
1297	51	O	34.66	A	-		
1297	52	O	34.66	A	-		
1297	53	O	34.66	C	-		
1297	54	O	34.66	A	-		
1297	55	O	34.66	T	-		
1297	56	O	34.66	T	-		
1297	57	O	34.66	T	-		
1297	58	O	34.66	A	-		
1297	59	O	34.66	C	-		
1297	60	O	34.66	T	-		
1297	61	O	34.66	A	-		
1297	62	O	34.66	C	-		
1297	63	O	34.66	A	-		
1297	64	O	34.66	A	-		
1297	65	O	34.66	C	-		
1297	66	O	34.66	T	-		
1297	67	O	24.06	A	-		
1297	68	O	34.66	G	-		
1297	69	O	34.66	A	-		
1297	70	O	34.66	T	-		
1297	71	O	34.66	G	-		
1297	72	O	34.66	A	-		
1297	73	O	34.66	T	-		
1297	74	O	34.66	G	-		
1297	75	O	34.66	A	-		
1297	76	O	34.66	G	-		
1297	77	O	34.66	A	-		
1297	78	O	34.66	A	-		
1297	79	O	34.66	T	-		
1297	80	O	34.66	G	-		
1297	81	O	34.66	C	-		
1297	82	O	34.66	G	-		
1297	83	O	34.66	A	-		
1297	84	O	34.66	T	-		
1297	85	O	34.66	A	-		
1297	86	O	34.66	A	-		
1297	87	O	34.66	G	-		
1297	88	O	34.66	A	-		
1297	89	O	34.66	T	-		
1297	90	O	34.66	G	-		
1297	91	O	34.66	T	-		
1297	92	O	34.66	T	-		
1297	93	O	34.66	A	-		
1297	94	O	34.66	C	-		
1297	95	O	34.66	A	-		
1297	96	O	34.66	G	-		
1297	97	O	34.66	A	-		
1297	98	O	34.66	T	-		
1297	99	O	34.66	T	-		
1297	100	O	34.66	C	-		
1297	101	O	34.66	A	-		
1297	102	O	34.66	A	-		
1297	103	O	34.66	T	-		
1297	104	O	34.66	T	-		
1297	105	O	34.66	C	-		
1297	106	O	34.66	A	-		
1297	107	O	34.66	G	-		
1297	108	O	34.66	G	-		
1297	109	O	34.66	A	-		
1298	0	O	5.55	C	-		
1298	1	O	5.55	G	-		
1298	2	O	5.55	C	-		
1298	3	O	5.55	T	-		
1298	4	O	5.55	A	-		
1298	5	O	5.55	A	-		
1298	6	O	5.55	T	-		
1298	7	O	5.55	G	-		
1298	8	O	5.55	A	-		
1298	9	O	5.55	G	-		
1298	10	O	5.55	C	-		
1298	11	O	5.55	G	-		
1298	12	O	5.55	C	-		
1298	13	O	5.55	G	-		
1298	14	O	5.55	A	-		
1298	15	O	5.55	T	-		
1298	16	O	5.55	G	-		
1298	17	O	5.55	G	-		
1298	18	O	5.55	C	-		
1298	19	O	5.55	G	-		
1298	20	O	5.55	A	-		
1298	21	O	5.55	T	-		
1298	22	O	5.55	C	-		
1298	23	O	5.55	T	-		
1298	24	O	5.55	G	-		
1298	25	O	5.55	G	-		
1298	26	O	5.55	C	-		
1298	27	O	5.55	G	-		
1298	28	O	5.55	C	-		
1298	29	O	5.55	T	-		
1298	30	O	5.55	C	-		
1298	31	O	5.55	G	-		
1298	32	O	5.55	T	-		
1298	33	O	5.55	G	-		
1298	34	O	5.55	C	-		
1298	35	O	5.55	G	-		
1298	36	O	5.55	A	-		
1298	37	O	5.55	G	-		
1298	38	O	5.55	C	-		
1298	39	O	5.55	C	-		
1298	40	O	5.55	A	-		
1298	41	O	5.55	T	-		
1298	42	O	5.55	T	-		
1298	43	O	5.55	A	-		
1298	44	O	5.55	G	-		
1298	45	O	5.55	T	-		
1298	46	O	5.55	G	-		
1298	47	O	5.55	A	-		
1298	48	O	5.55	G	-		
1298	49	O	5.55	C	-		
1298	50	O	5.55	G	-		
1298	51	O	5.55	C	-		
1298	52	O	5.55	A	-		
1298	53	O	5.55	A	-		
1298	54	O	5.55	C	-		
1298	55	O	5.55	A	-		
1298	56	O	5.55	G	-		
1298	57	O	5.55	G	-		
1298	58	O	5.55	T	-		
1298	59	O	5.55	G	-		
1298	60	O	5.55	C	-		
1298	61	O	5.55	A	-		
1298	62	O	5.55	T	-		
1298	63	O	5.55	C	-		
1298	64	O	5.55	T	-		
1298	65	O	5.55	A	-		
1298	66	O	5.55	G	-		
1298	67	O	5.55	G	-		
1298	68	O	5.55	A	-		
1298	69	O	5.55	C	-		
1298	70	O	5.55	G	-		
1298	71	O	5.55	C	-		
1298	72	O	5.55	G	-		
1298	73	O	5.55	A	-		
1298	74	O	5.55	A	-		
1298	75	O	5.55	A	-		
1298	76	O	5.55	G	-		
1298	77	O	5.55	T	-		
1298	78	O	5.55	A	-		
1298	79	O	5.55	T	-		
1298	80	O	5.55	C	-		
1298	81	O	5.55	G	-		
1298	82	O	5.55	T	-		
1298	83	O	5.55	A	-		
1298	84	O	5.55	A	-		
1298	85	O	5.55	T	-		
1298	86	O	5.55	C	-		
1298	87	O	5.55	G	-		
1298	88	O	5.55	G	-		
1298	89	O	5.55	C	-		
1298	90	O	5.55	C	-		
1298	91	O	5.55	T	-		
1298	92	O	5.55	G	-		
1298	93	O	5.55	C	-		
1298	94	O	5.55	C	-		
1298	95	O	5.55	G	-		
1298	96	O	5.55	A	-		
1298	97	O	5.55	C	-		
1298	98	O	5.55	A	-		
1298	99	O	5.55	A	-		
1298	100	O	5.55	A	-		
1298	101	O	5.55	C	-		
1298	102	O	5.55	A	-		
1298	103	O	5.55	A	-		
1298	104	O	5.55	C	-		
1298	105	O	5.55	A	-		
1298	106	O	5.55	A	-		
1298	107	O	5.55	A	-		
1298	108	O	5.55	C	-		
1298	109	O	5.55	A	-		
1299	0	O	9.70	T	-		
1299	1	O	9.70	A	-		
1299	2	O	9.70	T	-		
1299	3	O	9.70	T	-		
1299	4	O	9.70	G	-		
1299	5	O	9.70	C	-		
1299	6	O	9.70	T	-		
1299	7	O	9.70	T	-		
1299	8	O	9.70	C	-		
1299	9	O	9.70	G	-		
1299	10	O	9.70	C	-		
1299	11	O	9.70	C	-		
1299	12	O	9.70	G	-		
1299	13	O	9.70	A	-		
1299	14	O	9.70	A	-		
1299	15	O	9.70	C	-		
1299	16	O	9.70	A	-		
1299	17	O	9.70	G	-		
1299	18	O	9.70	A	-		
1299	19	O	9.70	T	-		
1299	20	O	9.70	C	-		
1299	21	O	9.70	G	-		
1299	22	O	9.70	A	-		
1299	23	O	9.70	T	-		
1299	24	O	9.70	A	-		
1299	25	O	9.70	T	-		
1299	26	O	9.70	G	-		
1299	27	O	9.70	T	-		
1299	28	O	9.70	T	-		
1299	29	O	9.70	G	-		
1299	30	O	9.70	G	-		
1299	31	O	9.70	G	-		
1299	32	O	9.70	A	-		
1299	33	O	9.70	T	-		
1299	34	O	9.70	C	-		
1299	35	O	9.70	A	-		
1299	36	O	9.70	A	-		
1299	37	O	9.70	A	-		
1299	38	O	9.70	A	-		
1299	39	O	9.70	C	-		
1299	40	O	9.70	A	-		
1299	41	O	9.70	T	-		
1299	42	O	9.70	G	-		
1299	43	O	9.70	G	-		
1299	44	O	9.70	C	-		
1299	45	O	9.70	C	-		
1299	46	O	9.70	A	-		
1299	47	O	9.70	T	-		
1299	48	O	9.70	C	-		
1299	49	O	9.70	G	-		
1299	50	O	9.70	A	-		
1299	51	O	9.70	T	-		
1299	52	O	9.70	A	-		
1299	53	O	9.70	G	-		
1299	54	O	9.70	T	-		
1299	55	O	9.70	G	-		
1299	56	O	9.70	C	-		
1299	57	O	9.70	A	-		
1299	58	O	9.70	C	-		
1299	59	O	9.70	C	-		
1299	60	O	9.70	G	-		
1299	61	O	9.70	A	-		
1299	62	O	9.70	C	-		
1299	63	O	9.70	T	-		
1299	64	O	9.70	G	-		
1299	65	O	9.70	C	-		
1299	66	O	9.70	C	-		
1299	67	O	9.70	A	-		
1299	68	O	9.70	A	-		
1299	69	O	9.70	G	-		
1299	70	O	9.70	G	-		
1299	71	O	9.70	G	-		
1299	72	O	9.70	T	-		
1299	73	O	9.70	G	-		
1299	74	O	9.70	G	-		
1299	75	O	9.70	T	-		
1299	76	O	9.70	T	-		
1299	77	O	9.70	G	-		
1299	78	O	9.70	A	-		
1299	79	O	9.70	C	-		
1299	80	O	9.70	A	-		
1299	81	O	9.70	A	-		
1299	82	O	9.70	C	-		
1299	83	O	9.70	G	-		
1299	84	O	9.70	G	-		
1299	85	O	9.70	C	-		
1299	86	O	9.70	T	-		
1299	87	O	9.70	G	-		
1299	88	O	9.70	G	-		
1299	89	O	9.70	C	-		
1299	90	O	9.70	G	-		
1299	91	O	9.70	C	-		
1299	92	O	9.70	G	-		
1299	93	O	9.70	C	-		
1299	94	O	9.70	G	-		
1299	95	O	9.70	G	-		
1299	96	O	9.70	G	-		
1299	97	O	9.70	C	-		
1299	98	O	9.70	G	-		
1299	99	O	9.70	C	-		
1299	100	O	9.70	C	-		
1299	101	O	9.70	A	-		
1299	102	O	9.70	A	-		
1299	103	O	9.70	T	-		
1299	104	O	9.70	C	-		
1299	105	O	9.70	A	-		
1299	106	O	9.70	G	-		
1299	107	O	9.70	T	-		
1299	108	O	9.70	G	-		
1299	109	O	9.70	C	-		
1300	0	O	8.32	A	-		
1300	1	O	8.32	C	-		
1300	2	O	8.32	G	-		
1300	3	O	8.32	A	-		
1300	4	O	8.32	T	-		
1300	5	O	8.32	G	-		
1300	6	O	8.32	G	-		
1300	7	O	8.32	T	-		
1300	8	O	8.32	T	-		
1300	9	O	8.32	G	-		
1300	10	O	8.32	T	-		
1300	11	O	8.32	A	-		
1300	12	O	8.32	A	-		
1300	13	O	8.32	T	-		
1300	14	O	8.32	T	-		
1300	15	O	8.32	C	-		
1300	16	O	8.32	A	-		
1300	17	O	8.32	A	-		
1300	18	O	8.32	C	-		
1300	19	O	8.32	A	-		
1300	20	O	8.32	C	-		
1300	21	O	8.32	C	-		
1300	22	O	8.32	A	-		
1300	23	O	8.32	T	-		
1300	24	O	8.32	C	-		
1300	25	O	8.32	C	-		
1300	26	O	8.32	T	-		
1300	27	O	8.32	C	-		
1300	28	O	8.32	G	-		
1300	29	O	8.32	G	-		
1300	30	O	8.32	C	-		
1300	31	O	8.32	A	-		
1300	32	O	8.32	A	-		
1300	33	O	8.32	G	-		
1300	34	O	8.32	G	-		
1300	35	O	8.32	C	-		
1300	36	O	8.32	A	-		
1300	37	O	8.32	C	-		
1300	38	O	8.32	A	-		
1300	39	O	8.32	A	-		
1300	40	O	8.32	A	-		
1300	41	O	8.32	A	-		
1300	42	O	8.32	G	-		
1300	43	O	8.32	A	-		
1300	44	O	8.32	G	-		
1300	45	O	8.32	G	-		
1300	46	O	8.32	A	-		
1300	47	O	8.32	T	-		
1300	48	O	8.32	G	-		
1300	49	O	8.32	C	-		
1300	50	O	8.32	A	-		
1300	51	O	8.32	A	-		
1300	52	O	8.32	T	-		
1300	53	O	8.32	T	-		
1300	54	O	8.32	G	-		
1300	55	O	8.32	C	-		
1300	56	O	8.32	A	-		
1300	57	O	8.32	A	-		
1300	58	O	8.32	G	-		
1300	59	O	8.32	A	-		
1300	60	O	8.32	A	-		
1300	61	O	8.32	G	-		
1300	62	O	8.32	T	-		
1300	63	O	8.32	C	-		
1300	64	O	8.32	A	-		
1300	65	O	8.32	A	-		
1300	66	O	8.32	T	-		
1300	67	O	8.32	G	-		
1300	68	O	8.32	T	-		
1300	69	O	8.32	G	-		
1300	70	O	8.32	T	-		
1300	71	O	8.32	T	-		
1300	72	O	8.32	C	-		
1300	73	O	8.32	T	-		
1300	74	O	8.32	A	-		
1300	75	O	8.32	A	-		
1300	76	O	8.32	A	-		
1300	77	O	8.32	A	-		
1300	78	O	8.32	A	-		
1300	79	O	8.32	A	-		
1300	80	O	8.32	T	-		
1300	81	O	8.32	A	-		
1300	82	O	8.32	C	-		
1300	83	O	8.32	T	-		
1300	84	O	8.32	G	-		
1300	85	O	8.32	C	-		
1300	86	O	8.32	G	-		
1300	87	O	8.32	A	-		
1300	88	O	8.32	G	-		
1300	89	O	8.32	T	-		
1300	90	O	8.32	G	-		
1300	91	O	8.32	C	-		
1300	92	O	8.32	T	-		
1300	93	O	8.32	A	-		
1300	94	O	8.32	T	-		
1300	95	O	8.32	C	-		
1300	96	O	8.32	A	-		
1300	97	O	8.32	G	-		
1300	98	O	8.32	G	-		
1300	99	O	8.32	T	-		
1300	100	O	8.32	T	-		
1300	101	O	8.32	C	-		
1300	102	O	8.32	T	-		
1300	103	O	8.32	G	-		
1300	104	O	8.32	T	-		
1300	105	O	8.32	A	-		
1300	106	O	8.32	T	-		
1300	107	O	8.32	T	-		
1300	108	O	8.32	T	-		
1300	109	O	8.32	C	-		
1301	0	O	11.09	T	-		
1301	1	O	11.09	T	-		
1301	2	O	11.09	A	-		
1301	3	O	11.09	T	-		
1301	4	O	11.09	A	-		
1301	5	O	11.09	A	-		
1301	6	O	11.09	A	-		
1301	7	O	11.09	C	-		
1301	8	O	11.09	T	-		
1301	9	O	11.09	T	-		
1301	10	O	11.09	G	-		
1301	11	O	11.09	A	-		
1301	12	O	11.09	A	-		
1301	13	O	11.09	A	-		
1301	14	O	11.09	G	-		
1301	15	O	11.09	C	-		
1301	16	O	11.09	A	-		
1301	17	O	11.09	C	-		
1301	18	O	11.09	A	-		
1301	19	O	11.09	T	-		
1301	20	O	11.09	C	-		
1301	21	O	11.09	A	-		
1301	22	O	11.09	T	-		
1301	23	O	11.09	G	-		
1301	24	O	11.09	C	-		
1301	25	O	11.09	T	-		
1301	26	O	11.09	T	-		
1301	27	O	11.09	A	-		
1301	28	O	11.09	T	-		
1301	29	O	11.09	G	-		
1301	30	O	11.09	G	-		
1301	31	O	11.09	A	-		
1301	32	O	11.09	G	-		
1301	33	O	11.09	G	-		
1301	34	O	11.09	T	-		
1301	35	O	11.09	C	-		
1301	36	O	11.09	T	-		
1301	37	O	11.09	C	-		
1301	38	O	11.09	T	-		
1301	39	O	11.09	T	-		
1301	40	O	11.09	C	-		
1301	41	O	11.09	C	-		
1301	42	O	11.09	C	-		
1301	43	O	11.09	A	-		
1301	44	O	11.09	A	-		
1301	45	O	11.09	A	-		
1301	46	O	11.09	T	-		
1301	47	O	11.09	G	-		
1301	48	O	11.09	C	-		
1301	49	O	11.09	A	-		
1301	50	O	11.09	T	-		
1301	51	O	11.09	C	-		
1301	52	O	11.09	T	-		
1301	53	O	11.09	T	-		
1301	54	O	11.09	G	-		
1301	55	O	11.09	G	-		
1301	56	O	11.09	T	-		
1301	57	O	11.09	T	-		
1301	58	O	11.09	G	-		
1301	59	O	11.09	G	-		
1301	60	O	11.09	C	-		
1301	61	O	11.09	A	-		
1301	62	O	11.09	T	-		
1301	63	O	11.09	A	-		
1301	64	O	11.09	C	-		
1301	65	O	11.09	T	-		
1301	66	O	11.09	T	-		
1301	67	O	11.09	C	-		
1301	68	O	11.09	T	-		
1301	69	O	11.09	T	-		
1301	70	O	11.09	C	-		
1301	71	O	11.09	G	-		
1301	72	O	11.09	A	-		
1301	73	O	11.09	A	-		
1301	74	O	11.09	A	-		
1301	75	O	11.09	A	-		
1301	76	O	11.09	A	-		
1301	77	O	11.09	T	-		
1301	78	O	11.09	T	-		
1301	79	O	11.09	C	-		
1301	80	O	11.09	T	-		
1301	81	O	11.09	A	-		
1301	82	O	11.09	T	-		
1301	83	O	11.09	G	-		
1301	84	O	11.09	G	-		
1301	85	O	11.09	G	-		
1301	86	O	11.09	T	-		
1301	87	O	11.09	T	-		
1301	88	O	11.09	G	-		
1301	89	O	11.09	G	-		
1301	90	O	11.09	G	-		
1301	91	O	11.09	T	-		
1301	92	O	11.09	G	-		
1301	93	O	11.09	A	-		
1301	94	O	11.09	A	-		
1301	95	O	11.09	G	-		
1301	96	O	11.09	T	-		
1301	97	O	11.09	G	-		
1301	98	O	11.09	C	-		
1301	99	O	11.09	T	-		
1301	100	O	11.09	T	-		
1301	101	O	11.09	T	-		
1301	102	O	11.09	T	-		
1301	103	O	11.09	G	-		
1301	104	O	11.09	T	-		
1301	105	O	11.09	T	-		
1301	106	O	11.09	G	-		
1301	107	O	11.09	A	-		
1301	108	O	11.09	T	-		
1301	109	O	11.09	G	-		
1302	0	O	13.86	C	-		
1302	1	O	13.86	G	-		
1302	2	O	13.86	C	-		
1302	3	O	13.86	A	-		
1302	4	O	13.86	A	-		
1302	5	O	13.86	G	-		
1302	6	O	13.86	A	-		
1302	7	O	13.86	C	-		
1302	8	O	13.86	G	-		
1302	9	O	13.86	G	-		
1302	10	O	13.86	T	-		
1302	11	O	13.86	C	-		
1302	12	O	13.86	A	-		
1302	13	O	13.86	T	-		
1302	14	O	13.86	C	-		
1302	15	O	13.86	C	-		
1302	16	O	13.86	T	-		
1302	17	O	13.86	G	-		
1302	18	O	13.86	T	-		
1302	19	O	13.86	G	-		
1302	20	O	13.86	T	-		
1302	21	O	13.86	C	-		
1302	22	O	13.86	T	-		
1302	23	O	13.86	C	-		
1302	24	O	13.86	T	-		
1302	25	O	13.86	A	-		
1302	26	O	13.86	A	-		
1302	27	O	13.86	A	-		
1302	28	O	13.86	G	-		
1302	29	O	13.86	G	-		
1302	30	O	13.86	C	-		
1302	31	O	13.86	A	-		
1302	32	O	13.86	T	-		
1302	33	O	13.86	C	-		
1302	34	O	13.86	G	-		
1302	35	O	13.86	A	-		
1302	36	O	13.86	A	-		
1302	37	O	13.86	G	-		
1302	38	O	13.86	C	-		
1302	39	O	13.86	A	-		
1302	40	O	13.86	T	-		
1302	41	O	13.86	C	-		
1302	42	O	13.86	T	-		
1302	43	O	13.86	G	-		
1302	44	O	13.86	C	-		
1302	45	O	13.86	C	-		
1302	46	O	13.86	A	-		
1302	47	O	13.86	T	-		
1302	48	O	13.86	T	-		
1302	49	O	13.86	T	-		
1302	50	O	13.86	C	-		
1302	51	O	13.86	G	-		
1302	52	O	13.86	G	-		
1302	53	O	13.86	C	-		
1302	54	O	13.86	G	-		
1302	55	O	13.86	A	-		
1302	56	O	13.86	G	-		
1302	57	O	13.86	A	-		
1302	58	O	13.86	G	-		
1302	59	O	13.86	A	-		
1302	60	O	13.86	A	-		
1302	61	O	13.86	G	-		
1302	62	O	13.86	G	-		
1302	63	O	13.86	C	-		
1302	64	O	13.86	C	-		
1302	65	O	13.86	A	-		
1302	66	O	13.86	C	-		
1302	67	O	13.86	A	-		
1302	68	O	13.86	T	-		
1302	69	O	13.86	C	-		
1302	70	O	13.86	A	-		
1302	71	O	13.86	T	-		
1302	72	O	13.86	G	-		
1302	73	O	13.86	T	-		
1302	74	O	13.86	C	-		
1302	75	O	13.86	G	-		
1302	76	O	13.86	T	-		
1302	77	O	13.86	G	-		
1302	78	O	13.86	C	-		
1302	79	O	13.86	T	-		
1302	80	O	13.86	C	-		
1302	81	O	13.86	A	-		
1302	82	O	13.86	T	-		
1302	83	O	13.86	C	-		
1302	84	O	13.86	A	-		
1302	85	O	13.86	A	-		
1302	86	O	13.86	G	-		
1302	87	O	13.86	C	-		
1302	88	O	13.86	G	-		
1302	89	O	13.86	C	-		
1302	90	O	13.86	A	-		
1302	91	O	13.86	A	-		
1302	92	O	13.86	C	-		
1302	93	O	13.86	A	-		
1302	94	O	13.86	T	-		
1302	95	O	13.86	C	-		
1302	96	O	13.86	A	-		
1302	97	O	13.86	G	-		
1302	98	O	13.86	C	-		
1302	99	O	13.86	A	-		
1302	100	O	13.86	A	-		
1302	101	O	13.86	C	-		
1302	102	O	13.86	G	-		
1302	103	O	13.86	T	-		
1302	104	O	13.86	G	-		
1302	105	O	13.86	C	-		
1302	106	O	13.86	A	-		
1302	107	O	13.86	C	-		
1302	108	O	13.86	G	-		
1302	109	O	13.86	A	-		
1303	0	O	5.55	A	-		
1303	1	O	5.55	A	-		
1303	2	O	5.55	C	-		
1303	3	O	5.55	T	-		
1303	4	O	5.55	G	-		
1303	5	O	5.55	T	-		
1303	6	O	5.55	T	-		
1303	7	O	5.55	T	-		
1303	8	O	5.55	T	-		
1303	9	O	5.55	G	-		
1303	10	O	5.55	T	-		
1303	11	O	5.55	T	-		
1303	12	O	5.55	C	-		
1303	13	O	5.55	A	-		
1303	14	O	5.55	C	-		
1303	15	O	5.55	G	-		
1303	16	O	5.55	A	-		
1303	17	O	5.55	T	-		
1303	18	O	5.55	C	-		
1303	19	O	5.55	C	-		
1303	20	O	5.55	C	-		
1303	21	O	5.55	C	-		
1303	22	O	5.55	A	-		
1303	23	O	5.55	T	-		
1303	24	O	5.55	T	-		
1303	25	O	5.55	T	-		
1303	26	O	5.55	C	-		
1303	27	O	5.55	A	-		
1303	28	O	5.55	T	-		
1303	29	O	5.55	T	-		
1303	30	O	5.55	T	-		
1303	31	O	5.55	G	-		
1303	32	O	5.55	C	-		
1303	33	O	5.55	C	-		
1303	34	O	5.55	A	-		
1303	35	O	5.55	C	-		
1303	36	O	5.55	A	-		
1303	37	O	5.55	A	-		
1303	38	O	5.55	A	-		
1303	39	O	5.55	T	-		
1303	40	O	5.55	T	-		
1303	41	O	5.55	G	-		
1303	42	O	5.55	A	-		
1303	43	O	5.55	C	-		
1303	44	O	5.55	T	-		
1303	45	O	5.55	A	-		
1303	46	O	5.55	T	-		
1303	47	O	5.55	C	-		
1303	48	O	5.55	A	-		
1303	49	O	5.55	A	-		
1303	50	O	5.55	T	-		
1303	51	O	5.55	A	-		
1303	52	O	5.55	T	-		
1303	53	O	5.55	C	-		
1303	54	O	5.55	T	-		
1303	55	O	5.55	C	-		
1303	56	O	5.55	G	-		
1303	57	O	5.55	C	-		
1303	58	O	5.55	C	-		
1303	59	O	5.55	A	-		
1303	60	O	5.55	A	-		
1303	61	O	5.55	A	-		
1303	62	O	5.55	A	-		
1303	63	O	5.55	C	-		
1303	64	O	5.55	T	-		
1303	65	O	5.55	T	-		
1303	66	O	5.55	A	-		
1303	67	O	5.55	A	-		
1303	68	O	5.55	T	-		
1303	69	O	5.55	A	-		
1303	70	O	5.55	A	-		
1303	71	O	5.55	C	-		
1303	72	O	5.55	A	-		
1303	73	O	5.55	T	-		
1303	74	O	5.55	G	-		
1303	75	O	5.55	G	-		
1303	76	O	5.55	A	-		
1303	77	O	5.55	G	-		
1303	78	O	5.55	A	-		
1303	79	O	5.55	C	-		
1303	80	O	5.55	T	-		
1303	81	O	5.55	C	-		
1303	82	O	5.55	T	-		
1303	83	O	5.55	C	-		
1303	84	O	5.55	C	-		
1303	85	O	5.55	T	-		
1303	86	O	5.55	C	-		
1303	87	O	5.55	T	-		
1303	88	O	5.55	T	-		
1303	89	O	5.55	C	-		
1303	90	O	5.55	T	-		
1303	91	O	5.55	G	-		
1303	92	O	5.55	T	-		
1303	93	O	5.55	T	-		
1303	94	O	5.55	G	-		
1303	95	O	5.55	A	-		
1303	96	O	5.55	T	-		
1303	97	O	5.55	C	-		
1303	98	O	5.55	T	-		
1303	99	O	5.55	C	-		
1303	100	O	5.55	T	-		
1303	101	O	5.55	G	-		
1303	102	O	5.55	C	-		
1303	103	O	5.55	A	-		
1303	104	O	5.55	C	-		
1303	105	O	5.55	A	-		
1303	106	O	5.55	A	-		
1303	107	O	5.55	C	-		
1303	108	O	5.55	A	-		
1303	109	O	5.55	A	-		
1304	0	O	9.70	T	-		
1304	1	O	9.70	C	-		
1304	2	O	9.70	T	-		
1304	3	O	9.70	G	-		
1304	4	O	9.70	C	-		
1304	5	O	9.70	A	-		
1304	6	O	9.70	A	-		
1304	7	O	9.70	T	-		
1304	8	O	9.70	G	-		
1304	9	O	9.70	A	-		
1304	10	O	9.70	T	-		
1304	11	O	9.70	C	-		
1304	12	O	9.70	A	-		
1304	13	O	9.70	G	-		
1304	14	O	9.70	C	-		
1304	15	O	9.70	T	-		
1304	16	O	9.70	G	-		
1304	17	O	9.70	G	-		
1304	18	O	9.70	C	-		
1304	19	O	9.70	A	-		
1304	20	O	9.70	C	-		
1304	21	O	9.70	T	-		
1304	22	O	9.70	A	-		
1304	23	O	9.70	C	-		
1304	24	O	9.70	C	-		
1304	25	O	9.70	A	-		
1304	26	O	9.70	T	-		
1304	27	O	9.70	T	-		
1304	28	O	9.70	G	-		
1304	29	O	9.70	T	-		
1304	30	O	9.70	T	-		
1304	31	O	9.70	T	-		
1304	32	O	9.70	G	-		
1304	33	O	9.70	C	-		
1304	34	O	9.70	T	-		
1304	35	O	9.70	C	-		
1304	36	O	9.70	A	-		
1304	37	O	9.70	C	-		
1304	38	O	9.70	C	-		
1304	39	O	9.70	A	-		
1304	40	O	9.70	T	-		
1304	41	O	9.70	G	-		
1304	42	O	9.70	A	-		
1304	43	O	9.70	T	-		
1304	44	O	9.70	C	-		
1304	45	O	9.70	C	-		
1304	46	O	9.70	G	-		
1304	47	O	9.70	A	-		
1304	48	O	9.70	C	-		
1304	49	O	9.70	A	-		
1304	50	O	9.70	T	-		
1304	51	O	9.70	G	-		
1304	52	O	9.70	A	-		
1304	53	O	9.70	C	-		
1304	54	O	9.70	A	-		
1304	55	O	9.70	G	-		
1304	56	O	9.70	C	-		
1304	57	O	9.70	A	-		
1304	58	O	9.70	T	-		
1304	59	O	9.70	T	-		
1304	60	O	9.70	G	-		
1304	61	O	9.70	A	-		
1304	62	O	9.70	G	-		
1304	63	O	9.70	G	-		
1304	64	O	9.70	A	-		
1304	65	O	9.70	T	-		
1304	66	O	9.70	G	-		
1304	67	O	9.70	C	-		
1304	68	O	9.70	T	-		
1304	69	O	9.70	T	-		
1304	70	O	9.70	G	-		
1304	71	O	9.70	C	-		
1304	72	O	9.70	A	-		
1304	73	O	9.70	A	-		
1304	74	O	9.70	T	-		
1304	75	O	9.70	C	-		
1304	76	O	9.70	A	-		
1304	77	O	9.70	G	-		
1304	78	O	9.70	A	-		
1304	79	O	9.70	G	-		
1304	80	O	9.70	C	-		
1304	81	O	9.70	T	-		
1304	82	O	9.70	C	-		
1304	83	O	9.70	G	-		
1304	84	O	9.70	A	-		
1304	85	O	9.70	C	-		
1304	86	O	9.70	G	-		
1304	87	O	9.70	T	-		
1304	88	O	9.70	G	-		
1304	89	O	9.70	C	-		
1304	90	O	9.70	T	-		
1304	91	O	9.70	G	-		
1304	92	O	9.70	G	-		
1304	93	O	9.70	G	-		
1304	94	O	9.70	A	-		
1304	95	O	9.70	G	-		
1304	96	O	9.70	C	-		
1304	97	O	9.70	G	-		
1304	98	O	9.70	A	-		
1304	99	O	9.70	G	-		
1304	100	O	9.70	A	-		
1304	101	O	9.70	G	-		
1304	102	O	9.70	C	-		
1304	103	O	9.70	T	-		
1304	104	O	9.70	G	-		
1304	105	O	9.70	T	-		
1304	106	O	9.70	C	-		
1304	107	O	9.70	T	-		
1304	108	O	9.70	C	-		
1304	109	O	9.70	G	-		
1305	0	O	5.55	T	-		
1305	1	O	5.55	G	-		
1305	2	O	5.55	T	-		
1305	3	O	5.55	C	-		
1305	4	O	5.55	A	-		
1305	5	O	5.55	A	-		
1305	6	O	5.55	C	-		
1305	7	O	5.55	C	-		
1305	8	O	5.55	A	-		
1305	9	O	5.55	C	-		
1305	10	O	5.55	C	-		
1305	11	O	5.55	A	-		
1305	12	O	5.55	A	-		
1305	13	O	5.55	C	-		
1305	14	O	5.55	T	-		
1305	15	O	5.55	T	-		
1305	16	O	5.55	G	-		
1305	17	O	5.55	G	-		
1305	18	O	5.55	C	-		
1305	19	O	5.55	A	-		
1305	20	O	5.55	G	-		
1305	21	O	5.55	C	-		
1305	22	O	5.55	C	-		
1305	23	O	5.55	T	-		
1305	24	O	5.55	C	-		
1305	25	O	5.55	G	-		
1305	26	O	5.55	A	-		
1305	27	O	5.55	G	-		
1305	28	O	5.55	C	-		
1305	29	O	5.55	C	-		
1305	30	O	5.55	A	-		
1305	31	O	5.55	G	-		
1305	32	O	5.55	A	-		
1305	33	O	5.55	C	-		
1305	34	O	5.55	G	-		
1305	35	O	5.55	C	-		
1305	36	O	5.55	C	-		
1305	37	O	5.55	G	-		
1305	38	O	5.55	C	-		
1305	39	O	5.55	A	-		
1305	40	O	5.55	C	-		
1305	41	O	5.55	G	-		
1305	42	O	5.55	T	-		
1305	43	O	5.55	C	-		
1305	44	O	5.55	A	-		
1305	45	O	5.55	C	-		
1305	46	O	5.55	T	-		
1305	47	O	5.55	T	-		
1305	48	O	5.55	T	-		
1305	49	O	5.55	G	-		
1305	50	O	5.55	C	-		
1305	51	O	5.55	C	-		
1305	52	O	5.55	C	-		
1305	53	O	5.55	A	-		
1305	54	O	5.55	C	-		
1305	55	O	5.55	C	-		
1305	56	O	5.55	T	-		
1305	57	O	5.55	C	-		
1305	58	O	5.55	C	-		
1305	59	O	5.55	G	-		
1305	60	O	5.55	C	-		
1305	61	O	5.55	C	-		
1305	62	O	5.55	A	-		
1305	63	O	5.55	G	-		
1305	64	O	5.55	G	-		
1305	65	O	5.55	C	-		
1305	66	O	5.55	C	-		
1305	67	O	5.55	C	-		
1305	68	O	5.55	A	-		
1305	69	O	5.55	C	-		
1305	70	O	5.55	G	-		
1305	71	O	5.55	A	-		
1305	72	O	5.55	C	-		
1305	73	O	5.55	G	-		
1305	74	O	5.55	G	-		
1305	75	O	5.55	C	-		
1305	76	O	5.55	G	-		
1305	77	O	5.55	A	-		
1305	78	O	5.55	A	-		
1305	79	O	5.55	A	-		
1305	80	O	5.55	T	-		
1305	81	O	5.55	C	-		
1305	82	O	5.55	G	-		
1305	83	O	5.55	A	-		
1305	84	O	5.55	C	-		
1305	85	O	5.55	C	-		
1305	86	O	5.55	A	-		
1305	87	O	5.55	G	-		
1305	88	O	5.55	G	-		
1305	89	O	5.55	G	-		
1305	90	O	5.55	C	-		
1305	91	O	5.55	T	-		
1305	92	O	5.55	T	-		
1305	93	O	5.55	C	-		
1305	94	O	5.55	G	-		
1305	95	O	5.55	A	-		
1305	96	O	5.55	G	-		
1305	97	O	5.55	G	-		
1305	98	O	5.55	G	-		
1305	99	O	5.55	C	-		
1305	100	O	5.55	C	-		
1305	101	O	5.55	G	-		
1305	102	O	5.55	G	-		
1305	103	O	5.55	G	-		
1305	104	O	5.55	T	-		
1305	105	O	5.55	T	-		
1305	106	O	5.55	C	-		
1305	107	O	5.55	G	-		
1305	108	O	5.55	A	-		
1305	109	O	5.55	G	-		
1306	0	O	13.86	G	-		
1306	1	O	13.86	A	-		
1306	2	O	13.86	A	-		
1306	3	O	13.86	C	-		
1306	4	O	13.86	A	-		
1306	5	O	13.86	A	-		
1306	6	O	13.86	T	-		
1306	7	O	13.86	C	-		
1306	8	O	13.86	C	-		
1306	9	O	13.86	C	-		
1306	10	O	13.86	A	-		
1306	11	O	13.86	T	-		
1306	12	O	13.86	C	-		
1306	13	O	13.86	A	-		
1306	14	O	13.86	A	-		
1306	15	O	13.86	G	-		
1306	16	O	13.86	T	-		
1306	17	O	13.86	C	-		
1306	18	O	13.86	T	-		
1306	19	O	13.86	C	-		
1306	20	O	13.86	A	-		
1306	21	O	13.86	A	-		
1306	22	O	13.86	C	-		
1306	23	O	13.86	G	-		
1306	24	O	13.86	G	-		
1306	25	O	13.86	T	-		
1306	26	O	13.86	C	-		
1306	27	O	13.86	T	-		
1306	28	O	13.86	C	-		
1306	29	O	13.86	A	-		
1306	30	O	13.86	A	-		
1306	31	O	13.86	G	-		
1306	32	O	13.86	A	-		
1306	33	O	13.86	A	-		
1306	34	O	13.86	T	-		
1306	35	O	13.86	T	-		
1306	36	O	13.86	T	-		
1306	37	O	13.86	A	-		
1306	38	O	13.86	A	-		
1306	39	O	13.86	A	-		
1306	40	O	13.86	A	-		
1306	41	O	13.86	A	-		
1306	42	O	13.86	C	-		
1306	43	O	13.86	G	-		
1306	44	O	13.86	C	-		
1306	45	O	13.86	T	-		
1306	46	O	13.86	C	-		
1306	47	O	13.86	G	-		
1306	48	O	13.86	A	-		
1306	49	O	13.86	A	-		
1306	50	O	13.86	C	-		
1306	51	O	13.86	T	-		
1306	52	O	13.86	C	-		
1306	53	O	13.86	C	-		
1306	54	O	13.86	A	-		
1306	55	O	13.86	A	-		
1306	56	O	13.86	G	-		
1306	57	O	13.86	G	-		
1306	58	O	13.86	C	-		
1306	59	O	13.86	A	-		
1306	60	O	13.86	A	-		
1306	61	O	13.86	C	-		
1306	62	O	13.86	C	-		
1306	63	O	13.86	A	-		
1306	64	O	13.86	A	-		
1306	65	O	13.86	C	-		
1306	66	O	13.86	T	-		
1306	67	O	13.86	C	-		
1306	68	O	13.86	A	-		
1306	69	O	13.86	G	-		
1306	70	O	13.86	C	-		
1306	71	O	13.86	G	-		
1306	72	O	13.86	G	-		
1306	73	O	13.86	C	-		
1306	74	O	13.86	A	-		
1306	75	O	13.86	A	-		
1306	76	O	13.86	C	-		
1306	77	O	13.86	T	-		
1306	78	O	13.86	T	-		
1306	79	O	13.86	T	-		
1306	80	O	13.86	C	-		
1306	81	O	13.86	C	-		
1306	82	O	13.86	A	-		
1306	83	O	13.86	G	-		
1306	84	O	13.86	C	-		
1306	85	O	13.86	T	-		
1306	86	O	13.86	T	-		
1306	87	O	13.86	T	-		
1306	88	O	13.86	G	-		
1306	89	O	13.86	G	-		
1306	90	O	13.86	G	-		
1306	91	O	13.86	T	-		
1306	92	O	13.86	G	-		
1306	93	O	13.86	A	-		
1306	94	O	13.86	A	-		
1306	95	O	13.86	C	-		
1306	96	O	13.86	T	-		
1306	97	O	13.86	C	-		
1306	98	O	13.86	A	-		
1306	99	O	13.86	C	-		
1306	100	O	13.86	T	-		
1306	101	O	13.86	T	-		
1306	102	O	13.86	A	-		
1306	103	O	13.86	C	-		
1306	104	O	13.86	C	-		
1306	105	O	13.86	T	-		
1306	106	O	13.86	T	-		
1306	107	O	13.86	C	-		
1306	108	O	13.86	G	-		
1306	109	O	13.86	C	-		
1307	0	O	6.93	A	-		
1307	1	O	6.93	G	-		
1307	2	O	6.93	T	-		
1307	3	O	6.93	C	-		
1307	4	O	6.93	G	-		
1307	5	O	6.93	T	-		
1307	6	O	6.93	T	-		
1307	7	O	6.93	T	-		
1307	8	O	6.93	C	-		
1307	9	O	6.93	A	-		
1307	10	O	6.93	C	-		
1307	11	O	6.93	T	-		
1307	12	O	6.93	G	-		
1307	13	O	6.93	C	-		
1307	14	O	6.93	A	-		
1307	15	O	6.93	A	-		
1307	16	O	6.93	T	-		
1307	17	O	6.93	A	-		
1307	18	O	6.93	C	-		
1307	19	O	6.93	C	-		
1307	20	O	6.93	A	-		
1307	21	O	6.93	T	-		
1307	22	O	6.93	C	-		
1307	23	O	6.93	C	-		
1307	24	O	6.93	C	-		
1307	25	O	6.93	G	-		
1307	26	O	6.93	A	-		
1307	27	O	6.93	C	-		
1307	28	O	6.93	C	-		
1307	29	O	6.93	A	-		
1307	30	O	6.93	T	-		
1307	31	O	6.93	C	-		
1307	32	O	6.93	C	-		
1307	33	O	6.93	C	-		
1307	34	O	6.93	C	-		
1307	35	O	6.93	T	-		
1307	36	O	6.93	G	-		
1307	37	O	6.93	A	-		
1307	38	O	6.93	C	-		
1307	39	O	6.93	A	-		
1307	40	O	6.93	T	-		
1307	41	O	6.93	G	-		
1307	42	O	6.93	G	-		
1307	43	O	6.93	C	-		
1307	44	O	6.93	T	-		
1307	45	O	6.93	G	-		
1307	46	O	6.93	T	-		
1307	47	O	6.93	A	-		
1307	48	O	6.93	C	-		
1307	49	O	6.93	C	-		
1307	50	O	6.93	G	-		
1307	51	O	6.93	C	-		
1307	52	O	6.93	G	-		
1307	53	O	6.93	C	-		
1307	54	O	6.93	T	-		
1307	55	O	6.93	G	-		
1307	56	O	6.93	G	-		
1307	57	O	6.93	G	-		
1307	58	O	6.93	C	-		
1307	59	O	6.93	G	-		
1307	60	O	6.93	C	-		
1307	61	O	6.93	T	-		
1307	62	O	6.93	A	-		
1307	63	O	6.93	C	-		
1307	64	O	6.93	A	-		
1307	65	O	6.93	A	-		
1307	66	O	6.93	A	-		
1307	67	O	6.93	T	-		
1307	68	O	6.93	C	-		
1307	69	O	6.93	C	-		
1307	70	O	6.93	T	-		
1307	71	O	6.93	T	-		
1307	72	O	6.93	C	-		
1307	73	O	6.93	C	-		
1307	74	O	6.93	T	-		
1307	75	O	6.93	G	-		
1307	76	O	6.93	C	-		
1307	77	O	6.93	C	-		
1307	78	O	6.93	G	-		
1307	79	O	6.93	A	-		
1307	80	O	6.93	C	-		
1307	81	O	6.93	C	-		
1307	82	O	6.93	A	-		
1307	83	O	6.93	C	-		
1307	84	O	6.93	G	-		
1307	85	O	6.93	A	-		
1307	86	O	6.93	A	-		
1307	87	O	6.93	A	-		
1307	88	O	6.93	C	-		
1307	89	O	6.93	A	-		
1307	90	O	6.93	A	-		
1307	91	O	6.93	C	-		
1307	92	O	6.93	C	-		
1307	93	O	6.93	C	-		
1307	94	O	6.93	A	-		
1307	95	O	6.93	G	-		
1307	96	O	6.93	C	-		
1307	97	O	6.93	C	-		
1307	98	O	6.93	A	-		
1307	99	O	6.93	A	-		
1307	100	O	6.93	G	-		
1307	101	O	6.93	C	-		
1307	102	O	6.93	C	-		
1307	103	O	6.93	A	-		
1307	104	O	6.93	C	-		
1307	105	O	6.93	C	-		
1307	106	O	6.93	C	-		
1307	107	O	6.93	G	-		
1307	108	O	6.93	T	-		
1307	109	O	6.93	A	-		
1308	0	O	8.32	C	-		
1308	1	O	8.32	A	-		
1308	2	O	8.32	T	-		
1308	3	O	8.32	T	-		
1308	4	O	8.32	G	-		
1308	5	O	8.32	A	-		
1308	6	O	8.32	G	-		
1308	7	O	8.32	A	-		
1308	8	O	8.32	G	-		
1308	9	O	8.32	C	-		
1308	10	O	8.32	A	-		
1308	11	O	8.32	C	-		
1308	12	O	8.32	T	-		
1308	13	O	8.32	G	-		
1308	14	O	8.32	G	-		
1308	15	O	8.32	A	-		
1308	16	O	8.32	G	-		
1308	17	O	8.32	A	-		
1308	18	O	8.32	A	-		
1308	19	O	8.32	G	-		
1308	20	O	8.32	T	-		
1308	21	O	8.32	T	-		
1308	22	O	8.32	G	-		
1308	23	O	8.32	C	-		
1308	24	O	8.32	C	-		
1308	25	U	0.71	G	C		
1308	26	O	8.32	A	-		
1308	27	O	8.32	G	-		
1308	28	O	8.32	T	-		
1308	29	O	8.32	A	-		
1308	30	O	8.32	C	-		
1308	31	O	8.32	T	-		
1308	32	O	8.32	C	-		
1308	33	O	8.32	C	-		
1308	34	O	8.32	A	-		
1308	35	O	8.32	T	-		
1308	36	O	8.32	C	-		
1308	37	O	8.32	C	-		
1308	38	O	8.32	A	-		
1308	39	O	8.32	C	-		
1308	40	O	8.32	T	-		
1308	41	O	8.32	C	-		
1308	42	O	8.32	G	-		
1308	43	O	8.32	T	-		
1308	44	O	8.32	A	-		
1308	45	O	8.32	C	-		
1308	46	O	8.32	C	-		
1308	47	O	8.32	C	-		
1308	48	O	8.32	A	-		
1308	49	O	8.32	T	-		
1308	50	O	8.32	T	-		
1308	51	O	8.32	C	-		
1308	52	O	8.32	T	-		
1308	53	O	8.32	C	-		
1308	54	O	8.32	G	-		
1308	55	O	8.32	A	-		
1308	56	O	8.32	C	-		
1308	57	O	8.32	C	-		
1308	58	O	8.32	T	-		
1308	59	O	8.32	G	-		
1308	60	O	8.32	C	-		
1308	61	O	8.32	G	-		
1308	62	O	8.32	A	-		
1308	63	O	8.32	T	-		
1308	64	O	8.32	C	-		
1308	65	O	8.32	C	-		
1308	66	O	8.32	G	-		
1308	67	O	8.32	G	-		
1308	68	O	8.32	C	-		
1308	69	O	8.32	T	-		
1308	70	O	8.32	C	-		
1308	71	O	8.32	G	-		
1308	72	O	8.32	A	-		
1308	73	O	8.32	C	-		
1308	74	O	8.32	T	-		
1308	75	O	8.32	A	-		
1308	76	O	8.32	G	-		
1308	77	O	8.32	T	-		
1308	78	O	8.32	C	-		
1308	79	O	8.32	C	-		
1308	80	O	8.32	T	-		
1308	81	O	8.32	G	-		
1308	82	O	8.32	G	-		
1308	83	O	8.32	C	-		
1308	84	O	8.32	G	-		
1308	85	U	0.71	A	C		
1308	86	O	8.32	C	-		
1308	87	O	8.32	G	-		
1308	88	O	8.32	A	-		
1308	89	O	8.32	C	-		
1308	90	O	8.32	G	-		
1308	91	O	8.32	A	-		
1308	92	U	0.71	G	A		
1308	93	O	8.32	C	-		
1308	94	O	8.32	A	-		
1308	95	O	8.32	A	-		
1308	96	O	8.32	C	-		
1308	97	O	8.32	A	-		
1308	98	O	8.32	T	-		
1308	99	O	8.32	C	-		
1308	100	O	8.32	C	-		
1308	101	O	8.32	T	-		
1308	102	O	8.32	C	-		
1308	103	O	8.32	A	-		
1308	104	O	8.32	A	-		
1308	105	O	8.32	C	-		
1308	106	O	8.32	C	-		
1308	107	O	8.32	A	-		
1308	108	O	8.32	C	-		
1308	109	O	8.32	A	-		
1309	0	O	9.70	T	-		
1309	1	O	9.70	G	-		
1309	2	O	9.70	T	-		
1309	3	O	9.70	A	-		
1309	4	O	9.70	G	-		
1309	5	O	9.70	T	-		
1309	6	O	9.70	C	-		
1309	7	O	9.70	G	-		
1309	8	O	9.70	G	-		
1309	9	O	9.70	G	-		
1309	10	O	9.70	C	-		
1309	11	O	9.70	G	-		
1309	12	O	9.70	A	-		
1309	13	O	9.70	A	-		
1309	14	O	9.70	T	-		
1309	15	O	9.70	T	-		
1309	16	O	9.70	G	-		
1309	17	O	9.70	T	-		
1309	18	O	9.70	T	-		
1309	19	O	9.70	C	-		
1309	20	O	9.70	G	-		
1309	21	O	9.70	G	-		
1309	22	O	9.70	C	-		
1309	23	O	9.70	A	-		
1309	24	O	9.70	A	-		
1309	25	O	9.70	G	-		
1309	26	O	9.70	C	-		
1309	27	O	9.70	C	-		
1309	28	O	9.70	A	-		
1309	29	O	9.70	G	-		
1309	30	O	9.70	C	-		
1309	31	O	9.70	C	-		
1309	32	O	9.70	G	-		
1309	33	O	9.70	T	-		
1309	34	O	9.70	C	-		
1309	35	O	9.70	G	-		
1309	36	O	9.70	A	-		
1309	37	O	9.70	C	-		
1309	38	O	9.70	T	-		
1309	39	O	9.70	G	-		
1309	40	O	9.70	A	-		
1309	41	O	9.70	T	-		
1309	42	O	9.70	T	-		
1309	43	O	9.70	G	-		
1309	44	O	9.70	A	-		
1309	45	O	9.70	T	-		
1309	46	O	9.70	C	-		
1309	47	O	9.70	G	-		
1309	48	O	9.70	G	-		
1309	49	O	9.70	C	-		
1309	50	O	9.70	C	-		
1309	51	O	9.70	C	-		
1309	52	O	9.70	T	-		
1309	53	O	9.70	G	-		
1309	54	O	9.70	C	-		
1309	55	O	9.70	T	-		
1309	56	O	9.70	C	-		
1309	57	O	9.70	A	-		
1309	58	O	9.70	G	-		
1309	59	O	9.70	G	-		
1309	60	O	9.70	C	-		
1309	61	O	9.70	T	-		
1309	62	O	9.70	T	-		
1309	63	O	9.70	G	-		
1309	64	O	9.70	G	-		
1309	65	O	9.70	G	-		
1309	66	O	9.70	C	-		
1309	67	O	9.70	A	-		
1309	68	O	9.70	T	-		
1309	69	O	9.70	T	-		
1309	70	O	9.70	C	-		
1309	71	O	9.70	T	-		
1309	72	O	9.70	G	-		
1309	73	O	9.70	T	-		
1309	74	O	9.70	G	-		
1309	75	O	9.70	C	-		
1309	76	O	9.70	C	-		
1309	77	O	9.70	T	-		
1309	78	O	9.70	T	-		
1309	79	O	9.70	G	-		
1309	80	O	9.70	G	-		
1309	81	O	9.70	G	-		
1309	82	O	9.70	C	-		
1309	83	O	9.70	T	-		
1309	84	O	9.70	C	-		
1309	85	O	9.70	C	-		
1309	86	O	9.70	G	-		
1309	87	O	9.70	T	-		
1309	88	O	9.70	G	-		
1309	89	O	9.70	T	-		
1309	90	O	9.70	G	-		
1309	91	O	9.70	A	-		
1309	92	O	9.70	A	-		
1309	93	U	1.77	A	C		
1309	94	O	9.70	C	-		
1309	95	O	9.70	A	-		
1309	96	O	9.70	G	-		
1309	97	O	9.70	C	-		
1309	98	O	9.70	T	-		
1309	99	O	9.70	C	-		
1309	100	O	9.70	C	-		
1309	101	O	9.70	C	-		
1309	102	O	9.70	A	-		
1309	103	O	9.70	G	-		
1309	104	O	9.70	T	-		
1309	105	O	9.70	T	-		
1309	106	O	9.70	G	-		
1309	107	O	9.70	G	-		
1309	108	O	9.70	C	-		
1309	109	O	9.70	C	-		
1310	0	O	20.79	T	-		
1310	1	O	20.79	C	-		
1310	2	O	20.79	C	-		
1310	3	O	20.79	T	-		
1310	4	O	20.79	G	-		
1310	5	O	20.79	C	-		
1310	6	O	20.79	G	-		
1310	7	O	20.79	G	-		
1310	8	O	20.79	T	-		
1310	9	O	20.79	C	-		
1310	10	O	20.79	C	-		
1310	11	O	20.79	A	-		
1310	12	O	20.79	C	-		
1310	13	O	20.79	T	-		
1310	14	O	20.79	T	-		
1310	15	O	20.79	C	-		
1310	16	O	20.79	C	-		
1310	17	O	20.79	G	-		
1310	18	O	20.79	A	-		
1310	19	O	20.79	G	-		
1310	20	O	20.79	C	-		
1310	21	O	20.79	G	-		
1310	22	O	20.79	A	-		
1310	23	O	20.79	G	-		
1310	24	O	20.79	T	-		
1310	25	O	20.79	C	-		
1310	26	O	20.79	G	-		
1310	27	O	20.79	G	-		
1310	28	O	20.79	A	-		
1310	29	O	20.79	G	-		
1310	30	O	20.79	C	-		
1310	31	O	20.79	G	-		
1310	32	O	20.79	C	-		
1310	33	O	20.79	T	-		
1310	34	O	20.79	C	-		
1310	35	O	20.79	G	-		
1310	36	O	20.79	A	-		
1310	37	O	20.79	G	-		
1310	38	O	20.79	A	-		
1310	39	O	20.79	T	-		
1310	40	O	20.79	C	-		
1310	41	O	20.79	G	-		
1310	42	O	20.79	T	-		
1310	43	O	20.79	A	-		
1310	44	O	20.79	G	-		
1310	45	O	20.79	T	-		
1310	46	O	20.79	T	-		
1310	47	O	20.79	C	-		
1310	48	O	20.79	T	-		
1310	49	O	20.79	C	-		
1310	50	O	20.79	G	-		
1310	51	O	20.79	C	-		
1310	52	O	20.79	C	-		
1310	53	O	20.79	C	-		
1310	54	O	20.79	T	-		
1310	55	O	20.79	G	-		
1310	56	O	20.79	G	-		
1310	57	O	20.79	T	-		
1310	58	O	20.79	C	-		
1310	59	O	20.79	G	-		
1310	60	O	20.79	T	-		
1310	61	O	20.79	T	-		
1310	62	O	20.79	G	-		
1310	63	O	20.79	T	-		
1310	64	O	20.79	A	-		
1310	65	O	20.79	G	-		
1310	66	O	20.79	C	-		
1310	67	O	20.79	T	-		
1310	68	O	20.79	G	-		
1310	69	O	20.79	G	-		
1310	70	O	20.79	C	-		
1310	71	O	20.79	G	-		
1310	72	O	20.79	G	-		
1310	73	O	20.79	C	-		
1310	74	O	20.79	C	-		
1310	75	O	20.79	T	-		
1310	76	O	20.79	G	-		
1310	77	O	20.79	G	-		
1310	78	O	20.79	C	-		
1310	79	O	20.79	G	-		
1310	80	O	20.79	G	-		
1310	81	O	20.79	T	-		
1310	82	O	20.79	A	-		
1310	83	O	20.79	G	-		
1310	84	O	20.79	T	-		
1310	85	O	20.79	C	-		
1310	86	O	20.79	G	-		
1310	87	O	20.79	T	-		
1310	88	O	20.79	T	-		
1310	89	O	20.79	G	-		
1310	90	O	20.79	G	-		
1310	91	O	20.79	C	-		
1310	92	O	20.79	G	-		
1310	93	O	20.79	A	-		
1310	94	O	20.79	G	-		
1310	95	O	20.79	G	-		
1310	96	O	20.79	G	-		
1310	97	O	20.79	C	-		
1310	98	O	20.79	C	-		
1310	99	O	20.79	T	-		
1310	100	O	20.79	C	-		
1310	101	O	20.79	C	-		
1310	102	O	20.79	T	-		
1310	103	O	20.79	C	-		
1310	104	O	20.79	C	-		
1310	105	O	20.79	T	-		
1310	106	O	20.79	C	-		
1310	107	O	20.79	G	-		
1310	108	O	20.79	A	-		
1310	109	O	20.79	C	-		
1311	0	O	11.09	C	-		
1311	1	O	11.09	A	-		
1311	2	O	11.09	C	-		
1311	3	O	11.09	C	-		
1311	4	O	11.09	T	-		
1311	5	O	11.09	C	-		
1311	6	O	11.09	T	-		
1311	7	O	11.09	G	-		
1311	8	O	11.09	C	-		
1311	9	O	11.09	G	-		
1311	10	O	11.09	C	-		
1311	11	O	11.09	C	-		
1311	12	O	11.09	C	-		
1311	13	O	11.09	A	-		
1311	14	O	11.09	C	-		
1311	15	O	11.09	T	-		
1311	16	O	11.09	C	-		
1311	17	O	11.09	A	-		
1311	18	O	11.09	C	-		
1311	19	O	11.09	G	-		
1311	20	O	11.09	C	-		
1311	21	O	11.09	C	-		
1311	22	O	11.09	T	-		
1311	23	O	11.09	A	-		
1311	24	O	11.09	T	-		
1311	25	O	11.09	T	-		
1311	26	O	11.09	T	-		
1311	27	O	11.09	C	-		
1311	28	O	11.09	G	-		
1311	29	O	11.09	G	-		
1311	30	O	11.09	G	-		
1311	31	O	11.09	C	-		
1311	32	O	11.09	C	-		
1311	33	O	11.09	C	-		
1311	34	O	11.09	C	-		
1311	35	O	11.09	A	-		
1311	36	O	11.09	G	-		
1311	37	O	11.09	C	-		
1311	38	O	11.09	C	-		
1311	39	O	11.09	G	-		
1311	40	O	11.09	G	-		
1311	41	O	11.09	G	-		
1311	42	O	11.09	C	-		
1311	43	O	11.09	A	-		
1311	44	O	11.09	C	-		
1311	45	O	11.09	G	-		
1311	46	O	11.09	C	-		
1311	47	O	11.09	A	-		
1311	48	O	11.09	G	-		
1311	49	O	11.09	A	-		
1311	50	O	11.09	T	-		
1311	51	O	11.09	G	-		
1311	52	O	11.09	C	-		
1311	53	O	11.09	A	-		
1311	54	O	11.09	G	-		
1311	55	O	11.09	C	-		
1311	56	O	11.09	A	-		
1311	57	O	11.09	G	-		
1311	58	O	11.09	C	-		
1311	59	O	11.09	C	-		
1311	60	O	11.09	A	-		
1311	61	O	11.09	C	-		
1311	62	O	11.09	C	-		
1311	63	O	11.09	T	-		
1311	64	O	11.09	C	-		
1311	65	O	11.09	A	-		
1311	66	O	11.09	G	-		
1311	67	O	11.09	C	-		
1311	68	O	11.09	A	-		
1311	69	O	11.09	A	-		
1311	70	O	11.09	C	-		
1311	71	O	11.09	A	-		
1311	72	O	11.09	G	-		
1311	73	O	11.09	C	-		
1311	74	O	11.09	C	-		
1311	75	O	11.09	A	-		
1311	76	O	11.09	C	-		
1311	77	O	11.09	C	-		
1311	78	O	11.09	C	-		
1311	79	O	11.09	T	-		
1311	80	O	11.09	C	-		
1311	81	O	11.09	G	-		
1311	82	O	11.09	G	-		
1311	83	O	11.09	G	-		
1311	84	O	11.09	T	-		
1311	85	O	11.09	A	-		
1311	86	O	11.09	C	-		
1311	87	O	11.09	G	-		
1311	88	O	11.09	C	-		
1311	89	O	11.09	C	-		
1311	90	O	11.09	C	-		
1311	91	O	11.09	A	-		
1311	92	O	11.09	T	-		
1311	93	O	11.09	G	-		
1311	94	O	11.09	A	-		
1311	95	O	11.09	A	-		
1311	96	O	11.09	C	-		
1311	97	O	11.09	G	-		
1311	98	O	11.09	G	-		
1311	99	O	11.09	C	-		
1311	100	O	11.09	G	-		
1311	101	O	11.09	C	-		
1311	102	O	11.09	G	-		
1311	103	O	11.09	C	-		
1311	104	O	11.09	T	-		
1311	105	O	11.09	G	-		
1311	106	O	11.09	G	-		
1311	107	O	11.09	C	-		
1311	108	O	11.09	T	-		
1311	109	O	11.09	C	-		
1312	0	O	11.09	T	-		
1312	1	O	11.09	A	-		
1312	2	O	11.09	G	-		
1312	3	O	11.09	A	-		
1312	4	O	11.09	A	-		
1312	5	O	11.09	G	-		
1312	6	O	11.09	T	-		
1312	7	O	11.09	T	-		
1312	8	O	11.09	C	-		
1312	9	O	11.09	G	-		
1312	10	O	11.09	A	-		
1312	11	O	11.09	G	-		
1312	12	O	11.09	T	-		
1312	13	O	11.09	G	-		
1312	14	O	11.09	C	-		
1312	15	O	11.09	G	-		
1312	16	O	11.09	G	-		
1312	17	O	11.09	A	-		
1312	18	O	11.09	C	-		
1312	19	O	11.09	C	-		
1312	20	O	11.09	G	-		
1312	21	O	11.09	T	-		
1312	22	O	11.09	T	-		
1312	23	O	11.09	G	-		
1312	24	O	11.09	C	-		
1312	25	O	11.09	G	-		
1312	26	O	11.09	G	-		
1312	27	O	11.09	A	-		
1312	28	O	11.09	C	-		
1312	29	O	11.09	G	-		
1312	30	O	11.09	G	-		
1312	31	O	11.09	C	-		
1312	32	O	11.09	G	-		
1312	33	O	11.09	A	-		
1312	34	O	11.09	T	-		
1312	35	O	11.09	G	-		
1312	36	O	11.09	G	-		
1312	37	O	11.09	A	-		
1312	38	O	11.09	G	-		
1312	39	O	11.09	T	-		
1312	40	O	11.09	C	-		
1312	41	O	11.09	G	-		
1312	42	O	11.09	C	-		
1312	43	O	11.09	G	-		
1312	44	O	11.09	C	-		
1312	45	O	11.09	A	-		
1312	46	O	11.09	G	-		
1312	47	O	11.09	T	-		
1312	48	O	11.09	T	-		
1312	49	O	11.09	G	-		
1312	50	O	11.09	A	-		
1312	51	O	11.09	C	-		
1312	52	O	11.09	C	-		
1312	53	O	11.09	C	-		
1312	54	O	11.09	G	-		
1312	55	O	11.09	A	-		
1312	56	O	11.09	C	-		
1312	57	O	11.09	T	-		
1312	58	O	11.09	T	-		
1312	59	O	11.09	G	-		
1312	60	O	11.09	G	-		
1312	61	O	11.09	C	-		
1312	62	O	11.09	G	-		
1312	63	O	11.09	T	-		
1312	64	O	11.09	C	-		
1312	65	O	11.09	C	-		
1312	66	O	11.09	C	-		
1312	67	O	11.09	T	-		
1312	68	O	11.09	G	-		
1312	69	O	11.09	C	-		
1312	70	O	11.09	G	-		
1312	71	O	11.09	C	-		
1312	72	O	11.09	A	-		
1312	73	O	11.09	C	-		
1312	74	O	11.09	C	-		
1312	75	O	11.09	A	-		
1312	76	O	11.09	C	-		
1312	77	O	11.09	G	-		
1312	78	O	11.09	T	-		
1312	79	O	11.09	A	-		
1312	80	O	11.09	G	-		
1312	81	O	11.09	G	-		
1312	82	O	11.09	C	-		
1312	83	O	11.09	C	-		
1312	84	O	11.09	G	-		
1312	85	O	11.09	T	-		
1312	86	O	11.09	C	-		
1312	87	O	11.09	C	-		
1312	88	O	11.09	A	-		
1312	89	O	11.09	G	-		
1312	90	O	11.09	G	-		
1312	91	O	11.09	A	-		
1312	92	O	11.09	G	-		
1312	93	O	11.09	A	-		
1312	94	O	11.09	T	-		
1312	95	O	11.09	G	-		
1312	96	O	11.09	T	-		
1312	97	O	11.09	A	-		
1312	98	O	11.09	G	-		
1312	99	O	11.09	C	-		
1312	100	O	11.09	G	-		
1312	101	O	11.09	G	-		
1312	102	O	11.09	A	-		
1312	103	O	11.09	T	-		
1312	104	O	11.09	G	-		
1312	105	O	11.09	T	-		
1312	106	O	11.09	G	-		
1312	107	O	11.09	G	-		
1312	108	O	11.09	T	-		
1312	109	O	11.09	T	-		
1313	0	O	8.32	C	-		
1313	1	O	8.32	C	-		
1313	2	O	8.32	C	-		
1313	3	O	8.32	T	-		
1313	4	O	8.32	C	-		
1313	5	O	8.32	G	-		
1313	6	O	8.32	T	-		
1313	7	O	8.32	A	-		
1313	8	O	8.32	C	-		
1313	9	O	8.32	T	-		
1313	10	O	8.32	T	-		
1313	11	O	8.32	G	-		
1313	12	O	8.32	T	-		
1313	13	O	8.32	C	-		
1313	14	O	8.32	T	-		
1313	15	O	8.32	G	-		
1313	16	O	8.32	T	-		
1313	17	O	8.32	C	-		
1313	18	O	8.32	A	-		
1313	19	O	8.32	C	-		
1313	20	O	8.32	T	-		
1313	21	O	8.32	G	-		
1313	22	O	8.32	C	-		
1313	23	U	0.71	T	G		
1313	24	O	8.32	G	-		
1313	25	O	8.32	C	-		
1313	26	O	8.32	G	-		
1313	27	O	8.32	G	-		
1313	28	O	8.32	C	-		
1313	29	O	8.32	G	-		
1313	30	O	8.32	T	-		
1313	31	O	8.32	T	-		
1313	32	O	8.32	G	-		
1313	33	O	8.32	G	-		
1313	34	O	8.32	C	-		
1313	35	O	8.32	C	-		
1313	36	O	8.32	C	-		
1313	37	O	8.32	A	-		
1313	38	O	8.32	C	-		
1313	39	O	8.32	A	-		
1313	40	O	8.32	T	-		
1313	41	O	8.32	G	-		
1313	42	O	8.32	G	-		
1313	43	O	8.32	C	-		
1313	44	O	8.32	G	-		
1313	45	O	8.32	T	-		
1313	46	O	8.32	A	-		
1313	47	O	8.32	T	-		
1313	48	O	8.32	C	-		
1313	49	O	8.32	T	-		
1313	50	O	8.32	A	-		
1313	51	O	8.32	A	-		
1313	52	O	8.32	G	-		
1313	53	O	8.32	G	-		
1313	54	O	8.32	C	-		
1313	55	O	8.32	A	-		
1313	56	O	8.32	T	-		
1313	57	O	8.32	A	-		
1313	58	O	8.32	T	-		
1313	59	O	8.32	G	-		
1313	60	O	8.32	G	-		
1313	61	O	8.32	G	-		
1313	62	O	8.32	A	-		
1313	63	O	8.32	G	-		
1313	64	O	8.32	G	-		
1313	65	O	8.32	T	-		
1313	66	O	8.32	C	-		
1313	67	O	8.32	T	-		
1313	68	O	8.32	G	-		
1313	69	O	8.32	G	-		
1313	70	O	8.32	C	-		
1313	71	O	8.32	G	-		
1313	72	O	8.32	T	-		
1313	73	O	8.32	G	-		
1313	74	U	-3.71	T	C		
1313	75	O	8.32	G	-		
1313	76	O	8.32	G	-		
1313	77	O	8.32	T	-		
1313	78	O	8.32	G	-		
1313	79	O	8.32	C	-		
1313	80	O	8.32	G	-		
1313	81	O	8.32	A	-		
1313	82	O	8.32	G	-		
1313	83	O	8.32	A	-		
1313	84	O	8.32	T	-		
1313	85	O	8.32	G	-		
1313	86	O	8.32	C	-		
1313	87	O	8.32	A	-		
1313	88	O	8.32	T	-		
1313	89	O	8.32	T	-		
1313	90	O	8.32	G	-		
1313	91	O	8.32	C	-		
1313	92	O	8.32	A	-		
1313	93	O	8.32	G	-		
1313	94	O	8.32	C	-		
1313	95	O	8.32	G	-		
1313	96	O	8.32	T	-		
1313	97	O	8.32	A	-		
1313	98	O	8.32	A	-		
1313	99	O	8.32	A	-		
1313	100	O	8.32	A	-		
1313	101	O	8.32	C	-		
1313	102	O	8.32	C	-		
1313	103	O	8.32	T	-		
1313	104	O	8.32	A	-		
1313	105	O	8.32	G	-		
1313	106	O	8.32	G	-		
1313	107	O	8.32	C	-		
1313	108	O	8.32	C	-		
1313	109	O	8.32	T	-		
1314	0	O	5.55	G	-		
1314	1	O	5.55	C	-		
1314	2	O	5.55	G	-		
1314	3	O	5.55	T	-		
1314	4	O	5.55	A	-		
1314	5	O	5.55	G	-		
1314	6	O	5.55	C	-		
1314	7	O	5.55	A	-		
1314	8	O	5.55	C	-		
1314	9	O	5.55	C	-		
1314	10	O	5.55	C	-		
1314	11	O	5.55	C	-		
1314	12	O	5.55	T	-		
1314	13	O	5.55	G	-		
1314	14	O	5.55	A	-		
1314	15	O	5.55	C	-		
1314	16	O	5.55	T	-		
1314	17	O	5.55	C	-		
1314	18	O	5.55	T	-		
1314	19	O	5.55	C	-		
1314	20	O	5.55	T	-		
1314	21	O	5.55	C	-		
1314	22	O	5.55	G	-		
1314	23	O	5.55	C	-		
1314	24	O	5.55	C	-		
1314	25	O	5.55	G	-		
1314	26	O	5.55	C	-		
1314	27	O	5.55	A	-		
1314	28	O	5.55	G	-		
1314	29	O	5.55	T	-		
1314	30	O	5.55	A	-		
1314	31	O	5.55	C	-		
1314	32	O	5.55	G	-		
1314	33	O	5.55	G	-		
1314	34	O	5.55	T	-		
1314	35	O	5.55	C	-		
1314	36	O	5.55	T	-		
1314	37	O	5.55	G	-		
1314	38	O	5.55	C	-		
1314	39	O	5.55	C	-		
1314	40	O	5.55	C	-		
1314	41	O	5.55	G	-		
1314	42	O	5.55	G	-		
1314	43	O	5.55	C	-		
1314	44	O	5.55	A	-		
1314	45	O	5.55	A	-		
1314	46	O	5.55	A	-		
1314	47	O	5.55	G	-		
1314	48	O	5.55	G	-		
1314	49	O	5.55	C	-		
1314	50	O	5.55	G	-		
1314	51	O	5.55	G	-		
1314	52	O	5.55	C	-		
1314	53	O	5.55	C	-		
1314	54	O	5.55	T	-		
1314	55	O	5.55	G	-		
1314	56	O	5.55	G	-		
1314	57	O	5.55	C	-		
1314	58	O	5.55	A	-		
1314	59	O	5.55	A	-		
1314	60	O	5.55	C	-		
1314	61	O	5.55	C	-		
1314	62	O	5.55	T	-		
1314	63	O	5.55	C	-		
1314	64	O	5.55	G	-		
1314	65	O	5.55	C	-		
1314	66	O	5.55	A	-		
1314	67	O	5.55	A	-		
1314	68	O	5.55	T	-		
1314	69	O	5.55	A	-		
1314	70	O	5.55	C	-		
1314	71	O	5.55	T	-		
1314	72	O	5.55	G	-		
1314	73	O	5.55	G	-		
1314	74	O	5.55	C	-		
1314	75	O	5.55	T	-		
1314	76	O	5.55	G	-		
1314	77	O	5.55	G	-		
1314	78	O	5.55	A	-		
1314	79	O	5.55	C	-		
1314	80	O	5.55	A	-		
1314	81	O	5.55	A	-		
1314	82	O	5.55	G	-		
1314	83	O	5.55	C	-		
1314	84	O	5.55	C	-		
1314	85	O	5.55	G	-		
1314	86	O	5.55	A	-		
1314	87	O	5.55	G	-		
1314	88	O	5.55	T	-		
1314	89	O	5.55	A	-		
1314	90	O	5.55	A	-		
1314	91	O	5.55	C	-		
1314	92	O	5.55	A	-		
1314	93	O	5.55	T	-		
1314	94	O	5.55	C	-		
1314	95	O	5.55	A	-		
1314	96	O	5.55	C	-		
1314	97	O	5.55	C	-		
1314	98	O	5.55	G	-		
1314	99	O	5.55	A	-		
1314	100	O	5.55	G	-		
1314	101	O	5.55	A	-		
1314	102	O	5.55	T	-		
1314	103	O	5.55	C	-		
1314	104	O	5.55	A	-		
1314	105	O	5.55	G	-		
1314	106	O	5.55	C	-		
1314	107	O	5.55	T	-		
1314	108	O	5.55	C	-		
1314	109	O	5.55	C	-		
1315	0	O	8.32	A	-		
1315	1	O	8.32	A	-		
1315	2	O	8.32	G	-		
1315	3	O	8.32	A	-		
1315	4	O	8.32	T	-		
1315	5	O	8.32	A	-		
1315	6	O	8.32	T	-		
1315	7	O	8.32	C	-		
1315	8	O	8.32	C	-		
1315	9	O	8.32	C	-		
1315	10	O	8.32	T	-		
1315	11	O	8.32	T	-		
1315	12	O	8.32	G	-		
1315	13	O	8.32	A	-		
1315	14	O	8.32	C	-		
1315	15	O	8.32	G	-		
1315	16	O	8.32	A	-		
1315	17	O	8.32	G	-		
1315	18	O	8.32	A	-		
1315	19	O	8.32	C	-		
1315	20	O	8.32	A	-		
1315	21	O	8.32	G	-		
1315	22	O	8.32	C	-		
1315	23	O	8.32	G	-		
1315	24	O	8.32	A	-		
1315	25	O	8.32	G	-		
1315	26	O	8.32	A	-		
1315	27	O	8.32	A	-		
1315	28	O	8.32	G	-		
1315	29	O	8.32	C	-		
1315	30	O	8.32	A	-		
1315	31	O	8.32	T	-		
1315	32	O	8.32	C	-		
1315	33	O	8.32	C	-		
1315	34	O	8.32	G	-		
1315	35	O	8.32	C	-		
1315	36	O	8.32	C	-		
1315	37	O	8.32	A	-		
1315	38	O	8.32	G	-		
1315	39	O	8.32	T	-		
1315	40	O	8.32	T	-		
1315	41	O	8.32	C	-		
1315	42	O	8.32	T	-		
1315	43	O	8.32	T	-		
1315	44	O	8.32	C	-		
1315	45	O	8.32	G	-		
1315	46	O	8.32	T	-		
1315	47	O	8.32	C	-		
1315	48	O	8.32	C	-		
1315	49	O	8.32	G	-		
1315	50	O	8.32	G	-		
1315	51	O	8.32	A	-		
1315	52	O	8.32	T	-		
1315	53	O	8.32	C	-		
1315	54	O	8.32	A	-		
1315	55	O	8.32	T	-		
1315	56	O	8.32	C	-		
1315	57	O	8.32	G	-		
1315	58	O	8.32	C	-		
1315	59	O	8.32	C	-		
1315	60	O	8.32	C	-		
1315	61	O	8.32	T	-		
1315	62	O	8.32	C	-		
1315	63	O	8.32	A	-		
1315	64	O	8.32	A	-		
1315	65	O	8.32	G	-		
1315	66	O	8.32	C	-		
1315	67	O	8.32	G	-		
1315	68	O	8.32	C	-		
1315	69	O	8.32	G	-		
1315	70	O	8.32	T	-		
1315	71	O	8.32	C	-		
1315	72	O	8.32	G	-		
1315	73	O	8.32	G	-		
1315	74	O	8.32	A	-		
1315	75	O	8.32	G	-		
1315	76	O	8.32	G	-		
1315	77	O	8.32	A	-		
1315	78	O	8.32	G	-		
1315	79	O	8.32	C	-		
1315	80	O	8.32	T	-		
1315	81	O	8.32	C	-		
1315	82	O	8.32	A	-		
1315	83	O	8.32	C	-		
1315	84	O	8.32	T	-		
1315	85	O	8.32	T	-		
1315	86	O	8.32	T	-		
1315	87	O	8.32	G	-		
1315	88	O	8.32	A	-		
1315	89	O	8.32	G	-		
1315	90	O	8.32	C	-		
1315	91	O	8.32	A	-		
1315	92	O	8.32	T	-		
1315	93	O	8.32	G	-		
1315	94	O	8.32	G	-		
1315	95	O	8.32	A	-		
1315	96	O	8.32	T	-		
1315	97	O	8.32	T	-		
1315	98	O	8.32	C	-		
1315	99	O	8.32	G	-		
1315	100	O	8.32	G	-		
1315	101	O	8.32	G	-		
1315	102	O	8.32	A	-		
1315	103	O	8.32	C	-		
1315	104	O	8.32	T	-		
1315	105	O	8.32	T	-		
1315	106	O	8.32	T	-		
1315	107	O	8.32	C	-		
1315	108	O	8.32	A	-		
1315	109	O	8.32	A	-		
1316	0	O	20.79	C	-		
1316	1	O	20.79	A	-		
1316	2	O	20.79	A	-		
1316	3	O	20.79	C	-		
1316	4	O	20.79	C	-		
1316	5	O	20.79	A	-		
1316	6	O	20.79	A	-		
1316	7	O	20.79	A	-		
1316	8	O	20.79	T	-		
1316	9	O	20.79	G	-		
1316	10	O	20.79	G	-		
1316	11	O	20.79	C	-		
1316	12	O	20.79	C	-		
1316	13	O	20.79	G	-		
1316	14	O	20.79	C	-		
1316	15	O	20.79	C	-		
1316	16	O	20.79	A	-		
1316	17	O	20.79	T	-		
1316	18	O	20.79	T	-		
1316	19	O	20.79	C	-		
1316	20	O	20.79	T	-		
1316	21	O	20.79	G	-		
1316	22	O	20.79	T	-		
1316	23	O	20.79	G	-		
1316	24	O	20.79	T	-		
1316	25	O	20.79	C	-		
1316	26	O	20.79	C	-		
1316	27	O	20.79	A	-		
1316	28	O	20.79	A	-		
1316	29	O	20.79	C	-		
1316	30	O	20.79	C	-		
1316	31	O	20.79	C	-		
1316	32	O	20.79	T	-		
1316	33	O	20.79	C	-		
1316	34	O	20.79	C	-		
1316	35	O	20.79	A	-		
1316	36	O	20.79	T	-		
1316	37	O	20.79	G	-		
1316	38	O	20.79	A	-		
1316	39	O	20.79	C	-		
1316	40	O	20.79	C	-		
1316	41	O	20.79	T	-		
1316	42	O	20.79	T	-		
1316	43	O	20.79	G	-		
1316	44	O	20.79	G	-		
1316	45	O	20.79	C	-		
1316	46	O	20.79	A	-		
1316	47	O	20.79	T	-		
1316	48	O	20.79	C	-		
1316	49	O	20.79	C	-		
1316	50	O	20.79	A	-		
1316	51	O	20.79	A	-		
1316	52	O	20.79	G	-		
1316	53	O	20.79	T	-		
1316	54	O	20.79	C	-		
1316	55	O	20.79	C	-		
1316	56	O	20.79	T	-		
1316	57	O	20.79	C	-		
1316	58	O	20.79	A	-		
1316	59	O	20.79	C	-		
1316	60	O	20.79	C	-		
1316	61	O	20.79	T	-		
1316	62	O	20.79	G	-		
1316	63	O	20.79	T	-		
1316	64	O	20.79	G	-		
1316	65	O	20.79	C	-		
1316	66	O	20.79	A	-		
1316	67	O	20.79	C	-		
1316	68	O	20.79	A	-		
1316	69	O	20.79	T	-		
1316	70	O	20.79	T	-		
1316	71	O	20.79	T	-		
1316	72	O	20.79	T	-		
1316	73	O	20.79	G	-		
1316	74	O	20.79	G	-		
1316	75	O	20.79	C	-		
1316	76	O	20.79	T	-		
1316	77	O	20.79	C	-		
1316	78	O	20.79	A	-		
1316	79	O	20.79	G	-		
1316	80	O	20.79	A	-		
1316	81	O	20.79	T	-		
1316	82	O	20.79	G	-		
1316	83	O	20.79	A	-		
1316	84	O	20.79	T	-		
1316	85	O	20.79	G	-		
1316	86	O	20.79	A	-		
1316	87	O	20.79	G	-		
1316	88	O	20.79	C	-		
1316	89	O	20.79	G	-		
1316	90	O	20.79	A	-		
1316	91	O	20.79	G	-		
1316	92	O	20.79	G	-		
1316	93	O	20.79	A	-		
1316	94	O	20.79	C	-		
1316	95	O	20.79	T	-		
1316	96	O	20.79	G	-		
1316	97	O	20.79	C	-		
1316	98	O	20.79	T	-		
1316	99	O	20.79	T	-		
1316	100	O	20.79	G	-		
1316	101	O	20.79	T	-		
1316	102	O	20.79	A	-		
1316	103	O	20.79	C	-		
1316	104	O	20.79	A	-		
1316	105	O	20.79	T	-		
1316	106	O	20.79	G	-		
1316	107	O	20.79	A	-		
1316	108	O	20.79	A	-		
1316	109	O	20.79	C	-		
1317	0	O	9.70	G	-		
1317	1	O	9.70	C	-		
1317	2	O	9.70	A	-		
1317	3	O	9.70	T	-		
1317	4	O	9.70	G	-		
1317	5	O	9.70	G	-		
1317	6	O	9.70	C	-		
1317	7	O	9.70	T	-		
1317	8	O	9.70	A	-		
1317	9	O	9.70	A	-		
1317	10	O	9.70	G	-		
1317	11	O	9.70	A	-		
1317	12	O	9.70	A	-		
1317	13	O	9.70	A	-		
1317	14	O	9.70	A	-		
1317	15	O	9.70	T	-		
1317	16	O	9.70	G	-		
1317	17	O	9.70	G	-		
1317	18	O	9.70	A	-		
1317	19	O	9.70	G	-		
1317	20	O	9.70	G	-		
1317	21	O	9.70	A	-		
1317	22	O	9.70	T	-		
1317	23	O	9.70	G	-		
1317	24	O	9.70	C	-		
1317	25	O	9.70	C	-		
1317	26	O	9.70	C	-		
1317	27	O	9.70	T	-		
1317	28	O	9.70	A	-		
1317	29	O	9.70	G	-		
1317	30	O	9.70	G	-		
1317	31	O	9.70	G	-		
1317	32	O	9.70	A	-		
1317	33	O	9.70	G	-		
1317	34	O	9.70	A	-		
1317	35	O	9.70	T	-		
1317	36	O	9.70	C	-		
1317	37	O	9.70	A	-		
1317	38	O	9.70	G	-		
1317	39	O	9.70	A	-		
1317	40	O	9.70	A	-		
1317	41	O	9.70	C	-		
1317	42	O	9.70	A	-		
1317	43	O	9.70	A	-		
1317	44	O	9.70	G	-		
1317	45	O	9.70	G	-		
1317	46	O	9.70	A	-		
1317	47	O	9.70	G	-		
1317	48	O	9.70	G	-		
1317	49	O	9.70	G	-		
1317	50	O	9.70	C	-		
1317	51	O	9.70	A	-		
1317	52	O	9.70	G	-		
1317	53	O	9.70	T	-		
1317	54	O	9.70	A	-		
1317	55	O	9.70	G	-		
1317	56	O	9.70	T	-		
1317	57	O	9.70	T	-		
1317	58	O	9.70	G	-		
1317	59	O	9.70	G	-		
1317	60	O	9.70	C	-		
1317	61	O	9.70	T	-		
1317	62	O	9.70	A	-		
1317	63	O	9.70	T	-		
1317	64	O	9.70	G	-		
1317	65	O	9.70	T	-		
1317	66	O	9.70	G	-		
1317	67	O	9.70	A	-		
1317	68	O	9.70	T	-		
1317	69	O	9.70	A	-		
1317	70	O	9.70	G	-		
1317	71	O	9.70	T	-		
1317	72	O	9.70	G	-		
1317	73	O	9.70	T	-		
1317	74	O	9.70	G	-		
1317	75	O	9.70	T	-		
1317	76	O	9.70	G	-		
1317	77	O	9.70	C	-		
1317	78	O	9.70	A	-		
1317	79	O	9.70	T	-		
1317	80	O	9.70	G	-		
1317	81	O	9.70	G	-		
1317	82	O	9.70	T	-		
1317	83	O	9.70	T	-		
1317	84	O	9.70	G	-		
1317	85	O	9.70	G	-		
1317	86	O	9.70	T	-		
1317	87	O	9.70	T	-		
1317	88	O	9.70	T	-		
1317	89	O	9.70	G	-		
1317	90	O	9.70	C	-		
1317	91	O	9.70	T	-		
1317	92	O	9.70	G	-		
1317	93	O	9.70	T	-		
1317	94	O	9.70	A	-		
1317	95	O	9.70	T	-		
1317	96	O	9.70	C	-		
1317	97	O	9.70	T	-		
1317	98	O	9.70	T	-		
1317	99	O	9.70	T	-		
1317	100	O	9.70	C	-		
1317	101	O	9.70	C	-		
1317	102	O	9.70	T	-		
1317	103	O	9.70	C	-		
1317	104	O	9.70	T	-		
1317	105	O	9.70	T	-		
1317	106	O	9.70	T	-		
1317	107	O	9.70	T	-		
1317	108	O	9.70	G	-		
1317	109	O	9.70	T	-		
1318	0	O	6.93	T	-		
1318	1	O	6.93	G	-		
1318	2	O	6.93	A	-		
1318	3	O	6.93	G	-		
1318	4	O	6.93	A	-		
1318	5	O	6.93	C	-		
1318	6	O	6.93	C	-		
1318	7	O	6.93	A	-		
1318	8	O	6.93	T	-		
1318	9	O	6.93	T	-		
1318	10	O	6.93	T	-		
1318	11	O	6.93	G	-		
1318	12	O	6.93	T	-		
1318	13	O	6.93	T	-		
1318	14	O	6.93	A	-		
1318	15	O	6.93	A	-		
1318	16	O	6.93	T	-		
1318	17	O	6.93	C	-		
1318	18	O	6.93	G	-		
1318	19	O	6.93	G	-		
1318	20	O	6.93	G	-		
1318	21	O	6.93	A	-		
1318	22	O	6.93	A	-		
1318	23	O	6.93	A	-		
1318	24	O	6.93	T	-		
1318	25	O	6.93	T	-		
1318	26	O	6.93	A	-		
1318	27	O	6.93	A	-		
1318	28	O	6.93	T	-		
1318	29	O	6.93	A	-		
1318	30	O	6.93	G	-		
1318	31	O	6.93	A	-		
1318	32	O	6.93	A	-		
1318	33	O	6.93	G	-		
1318	34	O	6.93	A	-		
1318	35	O	6.93	A	-		
1318	36	O	6.93	A	-		
1318	37	O	6.93	G	-		
1318	38	O	6.93	A	-		
1318	39	O	6.93	T	-		
1318	40	O	6.93	C	-		
1318	41	O	6.93	A	-		
1318	42	O	6.93	C	-		
1318	43	O	6.93	A	-		
1318	44	O	6.93	C	-		
1318	45	O	6.93	T	-		
1318	46	O	6.93	T	-		
1318	47	O	6.93	T	-		
1318	48	O	6.93	T	-		
1318	49	O	6.93	C	-		
1318	50	O	6.93	C	-		
1318	51	O	6.93	C	-		
1318	52	O	6.93	A	-		
1318	53	O	6.93	A	-		
1318	54	O	6.93	C	-		
1318	55	O	6.93	A	-		
1318	56	O	6.93	A	-		
1318	57	O	6.93	T	-		
1318	58	O	6.93	A	-		
1318	59	O	6.93	A	-		
1318	60	O	6.93	C	-		
1318	61	O	6.93	C	-		
1318	62	O	6.93	T	-		
1318	63	O	6.93	T	-		
1318	64	O	6.93	G	-		
1318	65	O	6.93	T	-		
1318	66	O	6.93	A	-		
1318	67	O	6.93	T	-		
1318	68	O	6.93	G	-		
1318	69	O	6.93	T	-		
1318	70	O	6.93	A	-		
1318	71	O	6.93	G	-		
1318	72	O	6.93	A	-		
1318	73	O	6.93	A	-		
1318	74	O	6.93	C	-		
1318	75	O	6.93	T	-		
1318	76	O	6.93	T	-		
1318	77	O	6.93	T	-		
1318	78	O	6.93	A	-		
1318	79	O	6.93	A	-		
1318	80	O	6.93	T	-		
1318	81	O	6.93	T	-		
1318	82	O	6.93	G	-		
1318	83	O	6.93	C	-		
1318	84	O	6.93	G	-		
1318	85	O	6.93	A	-		
1318	86	O	6.93	A	-		
1318	87	O	6.93	A	-		
1318	88	O	6.93	A	-		
1318	89	O	6.93	G	-		
1318	90	O	6.93	G	-		
1318	91	O	6.93	T	-		
1318	92	O	6.93	A	-		
1318	93	O	6.93	A	-		
1318	94	O	6.93	G	-		
1318	95	O	6.93	A	-		
1318	96	O	6.93	A	-		
1318	97	O	6.93	T	-		
1318	98	O	6.93	C	-		
1318	99	O	6.93	T	-		
1318	100	O	6.93	G	-		
1318	101	O	6.93	A	-		
1318	102	O	6.93	T	-		
1318	103	O	6.93	T	-		
1318	104	O	6.93	G	-		
1318	105	O	6.93	A	-		
1318	106	O	6.93	A	-		
1318	107	O	6.93	G	-		
1318	108	O	6.93	A	-		
1318	109	O	6.93	A	-		
1319	0	O	29.11	T	-		
1319	1	O	29.11	T	-		
1319	2	O	29.11	G	-		
1319	3	O	29.11	C	-		
1319	4	O	29.11	G	-		
1319	5	O	29.11	A	-		
1319	6	O	29.11	G	-		
1319	7	O	29.11	C	-		
1319	8	O	29.11	T	-		
1319	9	O	29.11	C	-		
1319	10	O	29.11	A	-		
1319	11	O	29.11	G	-		
1319	12	O	29.11	A	-		
1319	13	O	29.11	C	-		
1319	14	O	29.11	C	-		
1319	15	O	29.11	A	-		
1319	16	O	29.11	G	-		
1319	17	O	29.11	G	-		
1319	18	O	29.11	A	-		
1319	19	O	29.11	A	-		
1319	20	O	29.11	A	-		
1319	21	O	29.11	T	-		
1319	22	O	29.11	G	-		
1319	23	O	29.11	G	-		
1319	24	O	29.11	C	-		
1319	25	O	29.11	G	-		
1319	26	O	29.11	C	-		
1319	27	O	29.11	C	-		
1319	28	O	29.11	G	-		
1319	29	O	29.11	A	-		
1319	30	O	29.11	G	-		
1319	31	O	29.11	T	-		
1319	32	O	29.11	T	-		
1319	33	O	29.11	T	-		
1319	34	O	29.11	G	-		
1319	35	O	29.11	C	-		
1319	36	O	29.11	G	-		
1319	37	O	29.11	G	-		
1319	38	O	29.11	G	-		
1319	39	O	29.11	G	-		
1319	40	O	29.11	C	-		
1319	41	O	29.11	G	-		
1319	42	O	29.11	G	-		
1319	43	O	29.11	T	-		
1319	44	O	29.11	G	-		
1319	45	O	29.11	G	-		
1319	46	O	29.11	C	-		
1319	47	O	29.11	G	-		
1319	48	O	18.87	A	-		
1319	49	O	29.11	G	-		
1319	50	O	29.11	T	-		
1319	51	O	29.11	G	-		
1319	52	O	29.11	T	-		
1319	53	O	29.11	G	-		
1319	54	O	29.11	G	-		
1319	55	O	29.11	T	-		
1319	56	O	29.11	G	-		
1319	57	O	29.11	T	-		
1319	58	O	29.11	C	-		
1319	59	O	29.11	G	-		
1319	60	O	29.11	C	-		
1319	61	O	29.11	C	-		
1319	62	O	29.11	A	-		
1319	63	O	18.87	A	-		
1319	64	O	29.11	C	-		
1319	65	O	29.11	T	-		
1319	66	O	29.11	G	-		
1319	67	O	29.11	G	-		
1319	68	O	29.11	A	-		
1319	69	O	29.11	G	-		
1319	70	O	29.11	T	-		
1319	71	O	29.11	C	-		
1319	72	O	29.11	T	-		
1319	73	O	29.11	G	-		
1319	74	O	29.11	G	-		
1319	75	O	29.11	C	-		
1319	76	O	29.11	A	-		
1319	77	O	29.11	A	-		
1319	78	O	29.11	G	-		
1319	79	O	29.11	T	-		
1319	80	O	29.11	G	-		
1319	81	O	29.11	T	-		
1319	82	O	29.11	A	-		
1319	83	O	29.11	A	-		
1319	84	O	29.11	A	-		
1319	85	O	29.11	G	-		
1319	86	O	29.11	C	-		
1319	87	O	29.11	C	-		
1319	88	O	29.11	A	-		
1319	89	O	29.11	G	-		
1319	90	O	29.11	C	-		
1319	91	O	29.11	T	-		
1319	92	O	29.11	T	-		
1319	93	O	29.11	G	-		
1319	94	O	29.11	A	-		
1319	95	O	29.11	T	-		
1319	96	O	29.11	T	-		
1319	97	O	29.11	T	-		
1319	98	O	29.11	T	-		
1319	99	O	29.11	G	-		
1319	100	O	29.11	G	-		
1319	101	O	29.11	C	-		
1319	102	O	29.11	A	-		
1319	103	O	29.11	A	-		
1319	104	O	29.11	G	-		
1319	105	O	29.11	A	-		
1319	106	O	29.11	C	-		
1319	107	O	29.11	T	-		
1319	108	O	29.11	A	-		
1319	109	O	29.11	A	-		
1320	0	O	9.70	T	-		
1320	1	O	9.70	A	-		
1320	2	O	9.70	C	-		
1320	3	O	9.70	C	-		
1320	4	O	9.70	A	-		
1320	5	O	9.70	G	-		
1320	6	O	9.70	A	-		
1320	7	O	9.70	G	-		
1320	8	O	9.70	A	-		
1320	9	O	9.70	T	-		
1320	10	O	9.70	T	-		
1320	11	O	9.70	G	-		
1320	12	O	9.70	C	-		
1320	13	O	9.70	C	-		
1320	14	O	9.70	A	-		
1320	15	O	9.70	G	-		
1320	16	O	9.70	T	-		
1320	17	O	9.70	C	-		
1320	18	O	9.70	T	-		
1320	19	O	9.70	C	-		
1320	20	O	9.70	C	-		
1320	21	O	9.70	T	-		
1320	22	O	9.70	G	-		
1320	23	O	9.70	C	-		
1320	24	O	9.70	G	-		
1320	25	O	9.70	C	-		
1320	26	O	9.70	A	-		
1320	27	O	9.70	A	-		
1320	28	O	9.70	G	-		
1320	29	O	9.70	C	-		
1320	30	O	9.70	T	-		
1320	31	O	9.70	G	-		
1320	32	O	9.70	C	-		
1320	33	O	9.70	A	-		
1320	34	O	9.70	G	-		
1320	35	O	9.70	C	-		
1320	36	O	9.70	T	-		
1320	37	O	9.70	T	-		
1320	38	O	9.70	C	-		
1320	39	O	9.70	G	-		
1320	40	O	9.70	T	-		
1320	41	O	9.70	T	-		
1320	42	O	9.70	C	-		
1320	43	O	9.70	C	-		
1320	44	O	9.70	T	-		
1320	45	O	9.70	G	-		
1320	46	O	9.70	C	-		
1320	47	O	9.70	A	-		
1320	48	O	9.70	G	-		
1320	49	O	9.70	C	-		
1320	50	O	9.70	T	-		
1320	51	O	9.70	A	-		
1320	52	O	9.70	T	-		
1320	53	O	9.70	C	-		
1320	54	O	9.70	A	-		
1320	55	O	9.70	G	-		
1320	56	O	9.70	C	-		
1320	57	O	9.70	A	-		
1320	58	O	9.70	C	-		
1320	59	O	9.70	G	-		
1320	60	O	9.70	C	-		
1320	61	O	9.70	A	-		
1320	62	O	9.70	A	-		
1320	63	O	9.70	C	-		
1320	64	O	9.70	C	-		
1320	65	O	9.70	T	-		
1320	66	O	9.70	A	-		
1320	67	O	9.70	C	-		
1320	68	O	9.70	T	-		
1320	69	O	9.70	C	-		
1320	70	O	9.70	C	-		
1320	71	O	9.70	G	-		
1320	72	O	9.70	A	-		
1320	73	O	9.70	T	-		
1320	74	O	9.70	G	-		
1320	75	O	9.70	C	-		
1320	76	O	9.70	A	-		
1320	77	O	9.70	T	-		
1320	78	O	9.70	T	-		
1320	79	O	9.70	G	-		
1320	80	O	9.70	G	-		
1320	81	O	9.70	C	-		
1320	82	O	9.70	A	-		
1320	83	O	9.70	A	-		
1320	84	O	9.70	G	-		
1320	85	O	9.70	A	-		
1320	86	O	9.70	C	-		
1320	87	O	9.70	A	-		
1320	88	O	9.70	G	-		
1320	89	O	9.70	A	-		
1320	90	O	9.70	T	-		
1320	91	O	9.70	C	-		
1320	92	O	9.70	A	-		
1320	93	O	9.70	A	-		
1320	94	O	9.70	T	-		
1320	95	O	9.70	C	-		
1320	96	O	9.70	A	-		
1320	97	O	9.70	T	-		
1320	98	O	9.70	G	-		
1320	99	O	9.70	C	-		
1320	100	O	9.70	C	-		
1320	101	O	9.70	A	-		
1320	102	O	9.70	T	-		
1320	103	O	9.70	C	-		
1320	104	O	9.70	T	-		
1320	105	O	9.70	C	-		
1320	106	O	9.70	C	-		
1320	107	O	9.70	T	-		
1320	108	O	9.70	G	-		
1320	109	O	9.70	A	-		
1321	0	O	11.09	G	-		
1321	1	O	11.09	C	-		
1321	2	O	11.09	C	-		
1321	3	O	11.09	G	-		
1321	4	O	11.09	G	-		
1321	5	O	11.09	A	-		
1321	6	O	11.09	G	-		
1321	7	O	11.09	C	-		
1321	8	O	11.09	C	-		
1321	9	O	11.09	G	-		
1321	10	O	11.09	G	-		
1321	11	O	11.09	A	-		
1321	12	O	11.09	A	-		
1321	13	O	11.09	G	-		
1321	14	O	11.09	G	-		
1321	15	O	11.09	A	-		
1321	16	O	11.09	C	-		
1321	17	O	11.09	C	-		
1321	18	O	11.09	C	-		
1321	19	O	11.09	A	-		
1321	20	O	11.09	T	-		
1321	21	O	11.09	G	-		
1321	22	O	11.09	A	-		
1321	23	O	11.09	T	-		
1321	24	O	11.09	G	-		
1321	25	O	11.09	G	-		
1321	26	O	11.09	C	-		
1321	27	O	11.09	C	-		
1321	28	O	11.09	A	-		
1321	29	O	11.09	A	-		
1321	30	O	11.09	G	-		
1321	31	O	11.09	A	-		
1321	32	O	11.09	C	-		
1321	33	O	11.09	C	-		
1321	34	O	11.09	T	-		
1321	35	O	11.09	G	-		
1321	36	O	11.09	A	-		
1321	37	O	11.09	C	-		
1321	38	O	11.09	C	-		
1321	39	O	11.09	A	-		
1321	40	O	11.09	G	-		
1321	41	O	11.09	G	-		
1321	42	O	11.09	G	-		
1321	43	O	11.09	C	-		
1321	44	O	11.09	G	-		
1321	45	O	11.09	T	-		
1321	46	O	11.09	G	-		
1321	47	O	11.09	C	-		
1321	48	O	11.09	G	-		
1321	49	O	11.09	T	-		
1321	50	O	11.09	A	-		
1321	51	O	11.09	A	-		
1321	52	O	11.09	C	-		
1321	53	O	11.09	C	-		
1321	54	O	11.09	T	-		
1321	55	O	11.09	G	-		
1321	56	O	11.09	T	-		
1321	57	O	11.09	A	-		
1321	58	O	11.09	A	-		
1321	59	O	11.09	G	-		
1321	60	O	11.09	G	-		
1321	61	O	11.09	C	-		
1321	62	O	11.09	C	-		
1321	63	O	11.09	T	-		
1321	64	O	11.09	T	-		
1321	65	O	11.09	G	-		
1321	66	O	11.09	A	-		
1321	67	O	11.09	A	-		
1321	68	O	11.09	C	-		
1321	69	O	11.09	G	-		
1321	70	O	11.09	A	-		
1321	71	O	11.09	T	-		
1321	72	O	11.09	T	-		
1321	73	O	11.09	G	-		
1321	74	O	11.09	A	-		
1321	75	O	11.09	T	-		
1321	76	O	11.09	T	-		
1321	77	O	11.09	T	-		
1321	78	O	11.09	C	-		
1321	79	O	11.09	C	-		
1321	80	O	11.09	T	-		
1321	81	O	11.09	G	-		
1321	82	O	11.09	C	-		
1321	83	O	11.09	T	-		
1321	84	O	11.09	A	-		
1321	85	O	11.09	C	-		
1321	86	O	11.09	C	-		
1321	87	O	11.09	T	-		
1321	88	O	11.09	T	-		
1321	89	O	11.09	T	-		
1321	90	O	11.09	T	-		
1321	91	O	11.09	C	-		
1321	92	O	11.09	C	-		
1321	93	O	11.09	G	-		
1321	94	O	11.09	T	-		
1321	95	O	11.09	T	-		
1321	96	O	11.09	C	-		
1321	97	O	11.09	G	-		
1321	98	O	11.09	A	-		
1321	99	O	11.09	A	-		
1321	100	O	11.09	A	-		
1321	101	O	11.09	C	-		
1321	102	O	11.09	A	-		
1321	103	O	11.09	G	-		
1321	104	O	11.09	T	-		
1321	105	O	11.09	C	-		
1321	106	O	11.09	A	-		
1321	107	O	11.09	C	-		
1321	108	O	11.09	C	-		
1321	109	O	11.09	C	-		
1322	0	O	5.55	T	-		
1322	1	O	5.55	C	-		
1322	2	O	5.55	C	-		
1322	3	O	5.55	T	-		
1322	4	O	5.55	G	-		
1322	5	O	5.55	C	-		
1322	6	O	5.55	A	-		
1322	7	O	5.55	T	-		
1322	8	O	5.55	C	-		
1322	9	O	5.55	G	-		
1322	10	O	5.55	T	-		
1322	11	O	5.55	G	-		
1322	12	O	5.55	A	-		
1322	13	O	5.55	T	-		
1322	14	O	5.55	G	-		
1322	15	O	5.55	C	-		
1322	16	O	5.55	G	-		
1322	17	O	5.55	C	-		
1322	18	O	5.55	A	-		
1322	19	O	5.55	G	-		
1322	20	O	5.55	C	-		
1322	21	O	5.55	C	-		
1322	22	O	5.55	G	-		
1322	23	O	5.55	A	-		
1322	24	O	5.55	G	-		
1322	25	O	5.55	G	-		
1322	26	O	5.55	A	-		
1322	27	O	5.55	A	-		
1322	28	O	5.55	T	-		
1322	29	O	5.55	A	-		
1322	30	O	5.55	T	-		
1322	31	O	5.55	G	-		
1322	32	O	5.55	G	-		
1322	33	O	5.55	T	-		
1322	34	O	5.55	G	-		
1322	35	O	5.55	T	-		
1322	36	O	5.55	T	-		
1322	37	O	5.55	C	-		
1322	38	O	5.55	G	-		
1322	39	O	5.55	A	-		
1322	40	O	5.55	C	-		
1322	41	O	5.55	G	-		
1322	42	O	5.55	G	-		
1322	43	O	5.55	C	-		
1322	44	O	5.55	A	-		
1322	45	O	5.55	A	-		
1322	46	O	5.55	G	-		
1322	47	O	5.55	A	-		
1322	48	O	5.55	C	-		
1322	49	O	5.55	A	-		
1322	50	O	5.55	G	-		
1322	51	O	5.55	G	-		
1322	52	O	5.55	A	-		
1322	53	O	5.55	C	-		
1322	54	O	5.55	A	-		
1322	55	O	5.55	G	-		
1322	56	O	5.55	C	-		
1322	57	O	5.55	T	-		
1322	58	O	5.55	C	-		
1322	59	O	5.55	A	-		
1322	60	O	5.55	T	-		
1322	61	O	5.55	G	-		
1322	62	O	5.55	A	-		
1322	63	O	5.55	T	-		
1322	64	O	5.55	T	-		
1322	65	O	5.55	A	-		
1322	66	O	5.55	T	-		
1322	67	O	5.55	C	-		
1322	68	O	5.55	G	-		
1322	69	O	5.55	A	-		
1322	70	O	5.55	C	-		
1322	71	O	5.55	T	-		
1322	72	O	5.55	T	-		
1322	73	O	5.55	T	-		
1322	74	O	5.55	G	-		
1322	75	O	5.55	A	-		
1322	76	O	5.55	A	-		
1322	77	O	5.55	C	-		
1322	78	O	5.55	G	-		
1322	79	O	5.55	A	-		
1322	80	O	5.55	A	-		
1322	81	O	5.55	G	-		
1322	82	O	5.55	T	-		
1322	83	O	5.55	G	-		
1322	84	O	5.55	A	-		
1322	85	O	5.55	A	-		
1322	86	O	5.55	A	-		
1322	87	O	5.55	T	-		
1322	88	O	5.55	C	-		
1322	89	O	5.55	G	-		
1322	90	O	5.55	T	-		
1322	91	O	5.55	C	-		
1322	92	O	5.55	C	-		
1322	93	O	5.55	A	-		
1322	94	O	5.55	A	-		
1322	95	O	5.55	C	-		
1322	96	O	5.55	G	-		
1322	97	O	5.55	A	-		
1322	98	O	5.55	C	-		
1322	99	O	5.55	A	-		
1322	100	O	5.55	G	-		
1322	101	O	5.55	G	-		
1322	102	O	5.55	C	-		
1322	103	O	5.55	G	-		
1322	104	O	5.55	C	-		
1322	105	O	5.55	T	-		
1322	106	O	5.55	G	-		
1322	107	O	5.55	T	-		
1322	108	O	5.55	G	-		
1322	109	O	5.55	T	-		
1323	0	O	6.93	T	-		
1323	1	O	6.93	G	-		
1323	2	O	6.93	C	-		
1323	3	O	6.93	T	-		
1323	4	O	6.93	A	-		
1323	5	O	6.93	C	-		
1323	6	O	6.93	T	-		
1323	7	O	6.93	C	-		
1323	8	O	6.93	C	-		
1323	9	O	6.93	G	-		
1323	10	O	6.93	A	-		
1323	11	O	6.93	C	-		
1323	12	O	6.93	T	-		
1323	13	O	6.93	C	-		
1323	14	O	6.93	C	-		
1323	15	O	6.93	T	-		
1323	16	O	6.93	T	-		
1323	17	O	6.93	C	-		
1323	18	O	6.93	G	-		
1323	19	O	6.93	C	-		
1323	20	O	6.93	C	-		
1323	21	O	6.93	T	-		
1323	22	O	6.93	T	-		
1323	23	O	6.93	C	-		
1323	24	O	6.93	G	-		
1323	25	O	6.93	A	-		
1323	26	O	6.93	C	-		
1323	27	O	6.93	A	-		
1323	28	O	6.93	C	-		
1323	29	O	6.93	T	-		
1323	30	O	6.93	C	-		
1323	31	O	6.93	A	-		
1323	32	O	6.93	C	-		
1323	33	O	6.93	C	-		
1323	34	O	6.93	A	-		
1323	35	O	6.93	C	-		
1323	36	O	6.93	C	-		
1323	37	O	6.93	A	-		
1323	38	O	6.93	C	-		
1323	39	O	6.93	T	-		
1323	40	O	6.93	T	-		
1323	41	O	6.93	T	-		
1323	42	O	6.93	G	-		
1323	43	O	6.93	C	-		
1323	44	O	6.93	C	-		
1323	45	O	6.93	C	-		
1323	46	O	6.93	T	-		
1323	47	O	6.93	C	-		
1323	48	O	6.93	G	-		
1323	49	O	6.93	G	-		
1323	50	O	6.93	T	-		
1323	51	O	6.93	G	-		
1323	52	O	6.93	C	-		
1323	53	O	6.93	T	-		
1323	54	O	6.93	G	-		
1323	55	O	6.93	G	-		
1323	56	O	6.93	T	-		
1323	57	O	6.93	C	-		
1323	58	O	6.93	G	-		
1323	59	O	6.93	T	-		
1323	60	O	6.93	T	-		
1323	61	O	6.93	G	-		
1323	62	O	6.93	T	-		
1323	63	O	6.93	G	-		
1323	64	O	6.93	C	-		
1323	65	O	6.93	C	-		
1323	66	O	6.93	T	-		
1323	67	O	6.93	G	-		
1323	68	O	6.93	G	-		
1323	69	O	6.93	C	-		
1323	70	O	6.93	A	-		
1323	71	O	6.93	C	-		
1323	72	O	6.93	A	-		
1323	73	O	6.93	C	-		
1323	74	O	6.93	C	-		
1323	75	O	6.93	C	-		
1323	76	O	6.93	G	-		
1323	77	O	6.93	G	-		
1323	78	O	6.93	C	-		
1323	79	O	6.93	A	-		
1323	80	O	6.93	C	-		
1323	81	O	6.93	T	-		
1323	82	O	6.93	A	-		
1323	83	O	6.93	C	-		
1323	84	O	6.93	T	-		
1323	85	O	6.93	G	-		
1323	86	O	6.93	T	-		
1323	87	O	6.93	G	-		
1323	88	O	6.93	A	-		
1323	89	O	6.93	C	-		
1323	90	O	6.93	C	-		
1323	91	O	6.93	G	-		
1323	92	O	6.93	T	-		
1323	93	O	6.93	T	-		
1323	94	O	6.93	C	-		
1323	95	O	6.93	C	-		
1323	96	O	6.93	A	-		
1323	97	O	6.93	A	-		
1323	98	O	6.93	C	-		
1323	99	O	6.93	C	-		
1323	100	O	6.93	A	-		
1323	101	O	6.93	G	-		
1323	102	O	6.93	C	-		
1323	103	O	6.93	A	-		
1323	104	O	6.93	T	-		
1323	105	O	6.93	T	-		
1323	106	O	6.93	C	-		
1323	107	O	6.93	C	-		
1323	108	O	6.93	T	-		
1323	109	O	6.93	C	-		
1324	0	O	18.02	A	-		
1324	1	O	18.02	C	-		
1324	2	O	18.02	C	-		
1324	3	O	18.02	T	-		
1324	4	O	18.02	G	-		
1324	5	O	18.02	G	-		
1324	6	O	18.02	C	-		
1324	7	O	18.02	G	-		
1324	8	O	18.02	C	-		
1324	9	O	18.02	T	-		
1324	10	O	18.02	C	-		
1324	11	O	18.02	C	-		
1324	12	O	18.02	A	-		
1324	13	O	18.02	C	-		
1324	14	O	18.02	C	-		
1324	15	O	18.02	T	-		
1324	16	O	18.02	C	-		
1324	17	O	18.02	C	-		
1324	18	O	18.02	C	-		
1324	19	O	18.02	A	-		
1324	20	O	18.02	G	-		
1324	21	O	18.02	A	-		
1324	22	O	18.02	G	-		
1324	23	O	18.02	G	-		
1324	24	O	18.02	C	-		
1324	25	O	18.02	T	-		
1324	26	O	18.02	A	-		
1324	27	O	18.02	C	-		
1324	28	O	18.02	C	-		
1324	29	O	18.02	C	-		
1324	30	O	18.02	T	-		
1324	31	O	18.02	G	-		
1324	32	O	18.02	G	-		
1324	33	O	18.02	T	-		
1324	34	O	18.02	C	-		
1324	35	O	18.02	C	-		
1324	36	O	18.02	A	-		
1324	37	O	18.02	A	-		
1324	38	O	18.02	T	-		
1324	39	O	18.02	G	-		
1324	40	O	18.02	C	-		
1324	41	O	18.02	C	-		
1324	42	O	18.02	A	-		
1324	43	O	18.02	G	-		
1324	44	O	18.02	G	-		
1324	45	O	18.02	T	-		
1324	46	O	18.02	G	-		
1324	47	O	18.02	C	-		
1324	48	O	18.02	G	-		
1324	49	O	18.02	C	-		
1324	50	O	18.02	C	-		
1324	51	O	18.02	G	-		
1324	52	O	18.02	C	-		
1324	53	O	18.02	G	-		
1324	54	O	18.02	G	-		
1324	55	O	18.02	A	-		
1324	56	O	18.02	A	-		
1324	57	O	18.02	C	-		
1324	58	O	18.02	G	-		
1324	59	O	18.02	G	-		
1324	60	U	-2.62	C	A		
1324	61	O	18.02	A	-		
1324	62	O	18.02	T	-		
1324	63	O	18.02	G	-		
1324	64	O	18.02	C	-		
1324	65	O	18.02	G	-		
1324	66	O	18.02	G	-		
1324	67	O	18.02	C	-		
1324	68	O	18.02	C	-		
1324	69	O	18.02	G	-		
1324	70	O	18.02	G	-		
1324	71	O	18.02	G	-		
1324	72	O	18.02	T	-		
1324	73	O	18.02	A	-		
1324	74	O	18.02	C	-		
1324	75	O	18.02	T	-		
1324	76	O	18.02	G	-		
1324	77	O	18.02	G	-		
1324	78	O	18.02	C	-		
1324	79	O	18.02	A	-		
1324	80	O	18.02	A	-		
1324	81	O	18.02	C	-		
1324	82	O	18.02	A	-		
1324	83	O	18.02	G	-		
1324	84	O	18.02	G	-		
1324	85	O	18.02	G	-		
1324	86	O	18.02	C	-		
1324	87	O	18.02	T	-		
1324	88	O	18.02	C	-		
1324	89	O	18.02	C	-		
1324	90	O	18.02	C	-		
1324	91	O	18.02	T	-		
1324	92	O	18.02	C	-		
1324	93	O	18.02	T	-		
1324	94	O	18.02	G	-		
1324	95	O	18.02	C	-		
1324	96	O	18.02	A	-		
1324	97	O	18.02	C	-		
1324	98	O	18.02	A	-		
1324	99	O	18.02	G	-		
1324	100	O	18.02	G	-		
1324	101	O	18.02	G	-		
1324	102	O	18.02	C	-		
1324	103	O	18.02	G	-		
1324	104	O	18.02	G	-		
1324	105	O	18.02	C	-		
1324	106	O	18.02	C	-		
1324	107	O	18.02	C	-		
1324	108	O	18.02	A	-		
1324	109	O	18.02	C	-		
1325	0	O	6.93	T	-		
1325	1	O	6.93	G	-		
1325	2	O	6.93	A	-		
1325	3	O	6.93	C	-		
1325	4	O	6.93	T	-		
1325	5	O	6.93	C	-		
1325	6	O	6.93	G	-		
1325	7	O	6.93	G	-		
1325	8	O	6.93	A	-		
1325	9	O	6.93	T	-		
1325	10	O	6.93	T	-		
1325	11	O	6.93	G	-		
1325	12	O	6.93	T	-		
1325	13	O	6.93	C	-		
1325	14	O	6.93	G	-		
1325	15	O	6.93	A	-		
1325	16	O	6.93	A	-		
1325	17	O	6.93	T	-		
1325	18	O	6.93	G	-		
1325	19	O	6.93	A	-		
1325	20	O	6.93	G	-		
1325	21	O	6.93	T	-		
1325	22	O	6.93	C	-		
1325	23	O	6.93	C	-		
1325	24	O	6.93	C	-		
1325	25	O	6.93	T	-		
1325	26	O	6.93	T	-		
1325	27	O	6.93	G	-		
1325	28	O	6.93	C	-		
1325	29	O	6.93	G	-		
1325	30	O	6.93	C	-		
1325	31	O	6.93	A	-		
1325	32	O	6.93	A	-		
1325	33	O	6.93	G	-		
1325	34	O	6.93	T	-		
1325	35	O	6.93	T	-		
1325	36	O	6.93	A	-		
1325	37	O	6.93	T	-		
1325	38	O	6.93	C	-		
1325	39	O	6.93	G	-		
1325	40	O	6.93	T	-		
1325	41	O	6.93	C	-		
1325	42	O	6.93	G	-		
1325	43	O	6.93	A	-		
1325	44	O	6.93	T	-		
1325	45	O	6.93	G	-		
1325	46	O	6.93	T	-		
1325	47	O	6.93	A	-		
1325	48	U	-0.27	T	C		
1325	49	O	6.93	T	-		
1325	50	O	6.93	T	-		
1325	51	O	6.93	G	-		
1325	52	O	6.93	C	-		
1325	53	O	6.93	G	-		
1325	54	O	6.93	G	-		
1325	55	O	6.93	A	-		
1325	56	O	6.93	G	-		
1325	57	O	6.93	G	-		
1325	58	O	6.93	A	-		
1325	59	O	6.93	T	-		
1325	60	O	6.93	T	-		
1325	61	O	6.93	T	-		
1325	62	O	6.93	C	-		
1325	63	O	6.93	G	-		
1325	64	O	6.93	G	-		
1325	65	O	6.93	C	-		
1325	66	O	6.93	T	-		
1325	67	O	6.93	T	-		
1325	68	O	6.93	T	-		
1325	69	O	6.93	C	-		
1325	70	O	6.93	T	-		
1325	71	O	6.93	C	-		
1325	72	O	6.93	A	-		
1325	73	O	6.93	G	-		
1325	74	O	6.93	C	-		
1325	75	O	6.93	G	-		
1325	76	O	6.93	G	-		
1325	77	O	6.93	A	-		
1325	78	O	6.93	C	-		
1325	79	O	6.93	A	-		
1325	80	O	6.93	T	-		
1325	81	O	6.93	G	-		
1325	82	O	6.93	G	-		
1325	83	O	6.93	G	-		
1325	84	O	6.93	T	-		
1325	85	O	6.93	C	-		
1325	86	O	6.93	G	-		
1325	87	O	6.93	T	-		
1325	88	O	6.93	A	-		
1325	89	O	6.93	C	-		
1325	90	O	6.93	A	-		
1325	91	O	6.93	G	-		
1325	92	O	6.93	C	-		
1325	93	O	6.93	T	-		
1325	94	O	6.93	T	-		
1325	95	O	6.93	G	-		
1325	96	O	6.93	C	-		
1325	97	O	6.93	T	-		
1325	98	O	6.93	T	-		
1325	99	O	6.93	C	-		
1325	100	O	6.93	T	-		
1325	101	O	6.93	G	-		
1325	102	O	6.93	T	-		
1325	103	O	6.93	G	-		
1325	104	O	6.93	G	-		
1325	105	O	6.93	C	-		
1325	106	O	6.93	T	-		
1325	107	O	6.93	C	-		
1325	108	O	6.93	C	-		
1325	109	U	-0.27	T	C		
1326	0	O	20.79	A	-		
1326	1	O	20.79	T	-		
1326	2	O	20.79	T	-		
1326	3	O	20.79	G	-		
1326	4	O	20.79	T	-		
1326	5	O	20.79	C	-		
1326	6	O	20.79	T	-		
1326	7	O	20.79	C	-		
1326	8	O	20.79	T	-		
1326	9	O	20.79	G	-		
1326	10	O	20.79	T	-		
1326	11	O	20.79	G	-		
1326	12	O	20.79	A	-		
1326	13	O	20.79	G	-		
1326	14	O	20.79	A	-		
1326	15	O	20.79	G	-		
1326	16	O	20.79	C	-		
1326	17	O	20.79	T	-		
1326	18	O	20.79	T	-		
1326	19	O	20.79	T	-		
1326	20	O	20.79	G	-		
1326	21	O	20.79	G	-		
1326	22	O	20.79	G	-		
1326	23	O	20.79	A	-		
1326	24	O	20.79	T	-		
1326	25	O	20.79	C	-		
1326	26	O	20.79	A	-		
1326	27	O	20.79	T	-		
1326	28	O	20.79	C	-		
1326	29	O	20.79	G	-		
1326	30	O	20.79	A	-		
1326	31	O	20.79	T	-		
1326	32	O	20.79	C	-		
1326	33	O	20.79	A	-		
1326	34	O	20.79	C	-		
1326	35	O	20.79	G	-		
1326	36	O	20.79	A	-		
1326	37	O	20.79	T	-		
1326	38	O	20.79	A	-		
1326	39	O	20.79	C	-		
1326	40	O	20.79	T	-		
1326	41	O	20.79	G	-		
1326	42	O	20.79	C	-		
1326	43	O	20.79	C	-		
1326	44	O	20.79	G	-		
1326	45	O	20.79	A	-		
1326	46	O	20.79	A	-		
1326	47	O	20.79	T	-		
1326	48	O	20.79	C	-		
1326	49	O	20.79	C	-		
1326	50	O	20.79	G	-		
1326	51	O	20.79	A	-		
1326	52	O	20.79	T	-		
1326	53	O	20.79	G	-		
1326	54	O	20.79	T	-		
1326	55	O	20.79	A	-		
1326	56	O	20.79	G	-		
1326	57	O	20.79	A	-		
1326	58	O	4.62	T	-		
1326	59	O	20.79	T	-		
1326	60	O	20.79	G	-		
1326	61	O	20.79	G	-		
1326	62	O	20.79	C	-		
1326	63	O	11.25	T	-		
1326	64	O	20.79	T	-		
1326	65	O	20.79	G	-		
1326	66	O	20.79	C	-		
1326	67	O	20.79	T	-		
1326	68	O	20.79	T	-		
1326	69	O	20.79	C	-		
1326	70	O	20.79	C	-		
1326	71	O	20.79	T	-		
1326	72	O	20.79	T	-		
1326	73	O	20.79	T	-		
1326	74	O	20.79	G	-		
1326	75	O	20.79	C	-		
1326	76	O	20.79	C	-		
1326	77	O	20.79	C	-		
1326	78	O	20.79	A	-		
1326	79	O	20.79	G	-		
1326	80	O	20.79	C	-		
1326	81	O	20.79	C	-		
1326	82	O	20.79	A	-		
1326	83	O	20.79	A	-		
1326	84	O	20.79	G	-		
1326	85	O	20.79	C	-		
1326	86	O	20.79	C	-		
1326	87	O	20.79	A	-		
1326	88	O	20.79	C	-		
1326	89	O	20.79	A	-		
1326	90	O	20.79	A	-		
1326	91	O	20.79	G	-		
1326	92	O	20.79	G	-		
1326	93	O	20.79	T	-		
1326	94	O	20.79	C	-		
1326	95	O	20.79	T	-		
1326	96	O	20.79	G	-		
1326	97	O	20.79	C	-		
1326	98	O	11.25	T	-		
1326	99	O	20.79	G	-		
1326	100	O	20.79	G	-		
1326	101	O	20.79	T	-		
1326	102	O	20.79	G	-		
1326	103	O	20.79	G	-		
1326	104	O	20.79	C	-		
1326	105	O	20.79	T	-		
1326	106	O	20.79	C	-		
1326	107	O	20.79	G	-		
1326	108	O	20.79	T	-		
1326	109	O	20.79	A	-		
1327	0	O	11.09	A	-		
1327	1	O	11.09	G	-		
1327	2	U	2.86	T	C		
1327	3	O	11.09	G	-		
1327	4	O	11.09	G	-		
1327	5	O	11.09	A	-		
1327	6	O	11.09	A	-		
1327	7	O	11.09	G	-		
1327	8	O	11.09	G	-		
1327	9	O	11.09	A	-		
1327	10	O	11.09	C	-		
1327	11	O	11.09	A	-		
1327	12	O	11.09	C	-		
1327	13	O	11.09	G	-		
1327	14	O	11.09	G	-		
1327	15	O	11.09	C	-		
1327	16	O	11.09	G	-		
1327	17	O	11.09	T	-		
1327	18	O	11.09	C	-		
1327	19	O	11.09	C	-		
1327	20	O	11.09	G	-		
1327	21	O	11.09	G	-		
1327	22	O	11.09	C	-		
1327	23	O	11.09	A	-		
1327	24	O	11.09	A	-		
1327	25	O	11.09	G	-		
1327	26	O	11.09	G	-		
1327	27	O	11.09	G	-		
1327	28	O	11.09	C	-		
1327	29	O	11.09	G	-		
1327	30	O	11.09	A	-		
1327	31	O	11.09	G	-		
1327	32	O	11.09	T	-		
1327	33	O	11.09	T	-		
1327	34	O	11.09	C	-		
1327	35	O	11.09	G	-		
1327	36	O	11.09	C	-		
1327	37	O	11.09	C	-		
1327	38	O	11.09	G	-		
1327	39	O	11.09	A	-		
1327	40	O	11.09	C	-		
1327	41	O	11.09	C	-		
1327	42	O	11.09	T	-		
1327	43	O	11.09	G	-		
1327	44	O	11.09	C	-		
1327	45	O	11.09	T	-		
1327	46	U	2.86	C	T		
1327	47	O	11.09	A	-		
1327	48	O	11.09	C	-		
1327	49	O	11.09	C	-		
1327	50	O	11.09	T	-		
1327	51	O	11.09	T	-		
1327	52	O	11.09	C	-		
1327	53	O	11.09	G	-		
1327	54	O	11.09	A	-		
1327	55	O	11.09	G	-		
1327	56	O	11.09	C	-		
1327	57	O	11.09	G	-		
1327	58	O	11.09	C	-		
1327	59	O	11.09	A	-		
1327	60	O	11.09	A	-		
1327	61	O	11.09	C	-		
1327	62	O	11.09	T	-		
1327	63	O	11.09	C	-		
1327	64	O	11.09	G	-		
1327	65	O	11.09	G	-		
1327	66	O	11.09	C	-		
1327	67	O	11.09	C	-		
1327	68	O	11.09	T	-		
1327	69	O	11.09	C	-		
1327	70	O	11.09	G	-		
1327	71	O	11.09	C	-		
1327	72	O	11.09	G	-		
1327	73	O	11.09	C	-		
1327	74	O	11.09	T	-		
1327	75	O	11.09	A	-		
1327	76	O	11.09	C	-		
1327	77	O	11.09	C	-		
1327	78	O	11.09	T	-		
1327	79	O	11.09	C	-		
1327	80	O	11.09	C	-		
1327	81	O	11.09	T	-		
1327	82	O	11.09	C	-		
1327	83	O	11.09	G	-		
1327	84	O	11.09	G	-		
1327	85	O	11.09	T	-		
1327	86	O	11.09	C	-		
1327	87	O	11.09	T	-		
1327	88	O	11.09	C	-		
1327	89	O	11.09	C	-		
1327	90	O	11.09	G	-		
1327	91	O	11.09	C	-		
1327	92	O	11.09	C	-		
1327	93	O	11.09	A	-		
1327	94	O	11.09	C	-		
1327	95	O	11.09	G	-		
1327	96	O	11.09	A	-		
1327	97	O	11.09	C	-		
1327	98	O	11.09	G	-		
1327	99	O	11.09	G	-		
1327	100	O	11.09	C	-		
1327	101	O	11.09	T	-		
1327	102	O	11.09	A	-		
1327	103	O	11.09	C	-		
1327	104	O	11.09	A	-		
1327	105	O	11.09	T	-		
1327	106	O	11.09	G	-		
1327	107	O	11.09	T	-		
1327	108	O	11.09	T	-		
1327	109	O	11.09	C	-		
1328	0	O	11.09	A	-		
1328	1	O	11.09	A	-		
1328	2	O	11.09	C	-		
1328	3	O	11.09	T	-		
1328	4	O	11.09	G	-		
1328	5	O	11.09	A	-		
1328	6	O	11.09	T	-		
1328	7	O	11.09	C	-		
1328	8	O	11.09	T	-		
1328	9	O	11.09	C	-		
1328	10	O	11.09	G	-		
1328	11	O	11.09	C	-		
1328	12	O	11.09	G	-		
1328	13	O	11.09	A	-		
1328	14	O	11.09	A	-		
1328	15	O	11.09	A	-		
1328	16	O	11.09	T	-		
1328	17	O	11.09	G	-		
1328	18	O	11.09	A	-		
1328	19	O	11.09	T	-		
1328	20	O	11.09	C	-		
1328	21	O	11.09	A	-		
1328	22	O	11.09	A	-		
1328	23	O	11.09	T	-		
1328	24	O	11.09	C	-		
1328	25	O	11.09	C	-		
1328	26	O	11.09	C	-		
1328	27	O	11.09	T	-		
1328	28	O	11.09	T	-		
1328	29	O	11.09	G	-		
1328	30	O	11.09	G	-		
1328	31	O	11.09	C	-		
1328	32	O	11.09	A	-		
1328	33	O	11.09	C	-		
1328	34	O	11.09	T	-		
1328	35	O	11.09	C	-		
1328	36	O	11.09	T	-		
1328	37	O	11.09	T	-		
1328	38	O	11.09	T	-		
1328	39	O	11.09	T	-		
1328	40	O	11.09	G	-		
1328	41	O	11.09	C	-		
1328	42	O	11.09	T	-		
1328	43	O	11.09	C	-		
1328	44	O	11.09	A	-		
1328	45	O	11.09	A	-		
1328	46	O	11.09	A	-		
1328	47	O	11.09	C	-		
1328	48	O	11.09	A	-		
1328	49	O	11.09	A	-		
1328	50	O	11.09	C	-		
1328	51	O	11.09	T	-		
1328	52	O	11.09	T	-		
1328	53	O	11.09	G	-		
1328	54	O	11.09	T	-		
1328	55	O	11.09	C	-		
1328	56	O	11.09	G	-		
1328	57	O	11.09	C	-		
1328	58	O	11.09	C	-		
1328	59	O	11.09	G	-		
1328	60	O	11.09	A	-		
1328	61	O	11.09	A	-		
1328	62	O	11.09	C	-		
1328	63	O	11.09	T	-		
1328	64	O	11.09	T	-		
1328	65	O	11.09	C	-		
1328	66	O	11.09	T	-		
1328	67	O	11.09	C	-		
1328	68	O	11.09	C	-		
1328	69	O	11.09	A	-		
1328	70	O	11.09	A	-		
1328	71	O	11.09	A	-		
1328	72	O	11.09	T	-		
1328	73	O	11.09	C	-		
1328	74	O	11.09	C	-		
1328	75	O	11.09	T	-		
1328	76	O	11.09	T	-		
1328	77	O	11.09	C	-		
1328	78	O	11.09	T	-		
1328	79	O	11.09	C	-		
1328	80	O	11.09	G	-		
1328	81	O	11.09	C	-		
1328	82	O	11.09	T	-		
1328	83	O	11.09	A	-		
1328	84	O	11.09	A	-		
1328	85	O	11.09	C	-		
1328	86	O	11.09	T	-		
1328	87	O	11.09	C	-		
1328	88	O	11.09	C	-		
1328	89	O	11.09	T	-		
1328	90	O	11.09	C	-		
1328	91	O	11.09	C	-		
1328	92	O	11.09	A	-		
1328	93	O	11.09	A	-		
1328	94	O	11.09	T	-		
1328	95	O	11.09	A	-		
1328	96	O	11.09	G	-		
1328	97	O	11.09	C	-		
1328	98	O	11.09	T	-		
1328	99	O	11.09	T	-		
1328	100	O	11.09	T	-		
1328	101	O	11.09	C	-		
1328	102	O	11.09	C	-		
1328	103	O	11.09	C	-		
1328	104	O	11.09	A	-		
1328	105	O	11.09	G	-		
1328	106	O	11.09	C	-		
1328	107	O	11.09	C	-		
1328	108	O	11.09	A	-		
1328	109	O	11.09	A	-		
1329	0	O	9.70	C	-		
1329	1	O	9.70	G	-		
1329	2	O	9.70	A	-		
1329	3	O	9.70	A	-		
1329	4	O	9.70	A	-		
1329	5	O	9.70	A	-		
1329	6	O	9.70	A	-		
1329	7	O	9.70	C	-		
1329	8	O	9.70	G	-		
1329	9	O	9.70	G	-		
1329	10	O	9.70	C	-		
1329	11	O	9.70	T	-		
1329	12	O	9.70	G	-		
1329	13	O	9.70	C	-		
1329	14	O	9.70	A	-		
1329	15	O	9.70	C	-		
1329	16	O	9.70	A	-		
1329	17	O	9.70	C	-		
1329	18	O	9.70	T	-		
1329	19	O	9.70	A	-		
1329	20	O	9.70	G	-		
1329	21	O	9.70	C	-		
1329	22	O	9.70	G	-		
1329	23	O	9.70	C	-		
1329	24	O	9.70	A	-		
1329	25	O	9.70	G	-		
1329	26	O	9.70	C	-		
1329	27	O	9.70	G	-		
1329	28	O	9.70	C	-		
1329	29	O	9.70	A	-		
1329	30	O	9.70	T	-		
1329	31	O	9.70	G	-		
1329	32	O	9.70	C	-		
1329	33	O	9.70	A	-		
1329	34	O	9.70	T	-		
1329	35	O	9.70	T	-		
1329	36	O	9.70	T	-		
1329	37	O	9.70	T	-		
1329	38	O	9.70	T	-		
1329	39	O	9.70	C	-		
1329	40	O	9.70	A	-		
1329	41	O	9.70	T	-		
1329	42	O	9.70	C	-		
1329	43	O	9.70	C	-		
1329	44	O	9.70	C	-		
1329	45	O	9.70	C	-		
1329	46	O	9.70	C	-		
1329	47	O	9.70	C	-		
1329	48	O	9.70	A	-		
1329	49	O	9.70	A	-		
1329	50	O	9.70	A	-		
1329	51	O	9.70	C	-		
1329	52	O	9.70	A	-		
1329	53	O	9.70	G	-		
1329	54	O	9.70	G	-		
1329	55	O	9.70	C	-		
1329	56	O	9.70	A	-		
1329	57	O	9.70	G	-		
1329	58	O	9.70	A	-		
1329	59	O	9.70	C	-		
1329	60	O	9.70	T	-		
1329	61	O	9.70	A	-		
1329	62	O	9.70	A	-		
1329	63	O	9.70	A	-		
1329	64	O	9.70	T	-		
1329	65	O	9.70	T	-		
1329	66	O	9.70	T	-		
1329	67	O	9.70	T	-		
1329	68	O	9.70	A	-		
1329	69	O	9.70	C	-		
1329	70	O	9.70	A	-		
1329	71	O	9.70	C	-		
1329	72	O	9.70	A	-		
1329	73	O	9.70	T	-		
1329	74	O	9.70	A	-		
1329	75	O	9.70	C	-		
1329	76	O	9.70	G	-		
1329	77	O	9.70	G	-		
1329	78	O	9.70	T	-		
1329	79	O	9.70	G	-		
1329	80	O	9.70	C	-		
1329	81	O	9.70	G	-		
1329	82	O	9.70	A	-		
1329	83	O	9.70	C	-		
1329	84	O	9.70	T	-		
1329	85	O	9.70	G	-		
1329	86	O	9.70	C	-		
1329	87	O	9.70	T	-		
1329	88	O	9.70	C	-		
1329	89	O	9.70	T	-		
1329	90	O	9.70	T	-		
1329	91	O	9.70	T	-		
1329	92	O	9.70	C	-		
1329	93	O	9.70	G	-		
1329	94	O	9.70	C	-		
1329	95	O	9.70	C	-		
1329	96	O	9.70	C	-		
1329	97	O	9.70	G	-		
1329	98	O	9.70	C	-		
1329	99	O	9.70	T	-		
1329	100	O	9.70	T	-		
1329	101	O	9.70	T	-		
1329	102	O	9.70	T	-		
1329	103	O	9.70	T	-		
1329	104	O	9.70	A	-		
1329	105	O	9.70	C	-		
1329	106	O	9.70	T	-		
1329	107	O	9.70	G	-		
1329	108	O	9.70	A	-		
1329	109	O	9.70	G	-		
1330	0	O	5.55	A	-		
1330	1	O	5.55	G	-		
1330	2	O	5.55	T	-		
1330	3	O	5.55	G	-		
1330	4	O	5.55	G	-		
1330	5	O	5.55	T	-		
1330	6	O	5.55	C	-		
1330	7	O	5.55	A	-		
1330	8	O	5.55	T	-		
1330	9	O	5.55	G	-		
1330	10	O	5.55	C	-		
1330	11	O	5.55	A	-		
1330	12	O	5.55	G	-		
1330	13	O	5.55	G	-		
1330	14	O	5.55	C	-		
1330	15	O	5.55	G	-		
1330	16	O	5.55	C	-		
1330	17	O	5.55	T	-		
1330	18	O	5.55	G	-		
1330	19	O	5.55	C	-		
1330	20	O	5.55	T	-		
1330	21	O	5.55	C	-		
1330	22	O	5.55	T	-		
1330	23	O	5.55	G	-		
1330	24	O	5.55	G	-		
1330	25	O	5.55	A	-		
1330	26	O	5.55	A	-		
1330	27	O	5.55	A	-		
1330	28	O	5.55	G	-		
1330	29	O	5.55	C	-		
1330	30	O	5.55	A	-		
1330	31	O	5.55	C	-		
1330	32	O	5.55	T	-		
1330	33	O	5.55	C	-		
1330	34	O	5.55	C	-		
1330	35	O	5.55	T	-		
1330	36	O	5.55	G	-		
1330	37	O	5.55	C	-		
1330	38	O	5.55	C	-		
1330	39	O	5.55	T	-		
1330	40	O	5.55	T	-		
1330	41	O	5.55	T	-		
1330	42	O	5.55	G	-		
1330	43	O	5.55	G	-		
1330	44	O	5.55	C	-		
1330	45	O	5.55	G	-		
1330	46	O	5.55	A	-		
1330	47	O	5.55	G	-		
1330	48	O	5.55	G	-		
1330	49	O	5.55	A	-		
1330	50	O	5.55	C	-		
1330	51	O	5.55	C	-		
1330	52	O	5.55	T	-		
1330	53	O	5.55	G	-		
1330	54	O	5.55	A	-		
1330	55	O	5.55	T	-		
1330	56	O	5.55	C	-		
1330	57	O	5.55	C	-		
1330	58	O	5.55	G	-		
1330	59	O	5.55	C	-		
1330	60	O	5.55	T	-		
1330	61	O	5.55	A	-		
1330	62	O	5.55	G	-		
1330	63	O	5.55	A	-		
1330	64	O	5.55	G	-		
1330	65	O	5.55	A	-		
1330	66	O	5.55	A	-		
1330	67	O	5.55	T	-		
1330	68	O	5.55	T	-		
1330	69	O	5.55	G	-		
1330	70	O	5.55	G	-		
1330	71	O	5.55	A	-		
1330	72	O	5.55	C	-		
1330	73	O	5.55	T	-		
1330	74	O	5.55	G	-		
1330	75	O	5.55	G	-		
1330	76	O	5.55	A	-		
1330	77	O	5.55	C	-		
1330	78	O	5.55	A	-		
1330	79	O	5.55	A	-		
1330	80	O	5.55	G	-		
1330	81	O	5.55	A	-		
1330	82	O	5.55	T	-		
1330	83	O	5.55	C	-		
1330	84	O	5.55	G	-		
1330	85	O	5.55	A	-		
1330	86	O	5.55	C	-		
1330	87	O	5.55	C	-		
1330	88	O	5.55	G	-		
1330	89	O	5.55	A	-		
1330	90	O	5.55	T	-		
1330	91	O	5.55	C	-		
1330	92	O	5.55	G	-		
1330	93	O	5.55	G	-		
1330	94	O	5.55	A	-		
1330	95	O	5.55	A	-		
1330	96	O	5.55	A	-		
1330	97	O	5.55	G	-		
1330	98	O	5.55	T	-		
1330	99	O	5.55	G	-		
1330	100	O	5.55	A	-		
1330	101	O	5.55	A	-		
1330	102	O	5.55	A	-		
1330	103	O	5.55	G	-		
1330	104	O	5.55	A	-		
1330	105	O	5.55	A	-		
1330	106	O	5.55	G	-		
1330	107	O	5.55	A	-		
1330	108	O	5.55	A	-		
1330	109	O	5.55	G	-		
1331	0	O	9.70	A	-		
1331	1	O	9.70	A	-		
1331	2	O	9.70	G	-		
1331	3	O	9.70	C	-		
1331	4	O	9.70	A	-		
1331	5	O	9.70	G	-		
1331	6	O	9.70	A	-		
1331	7	O	9.70	A	-		
1331	8	O	9.70	C	-		
1331	9	O	9.70	G	-		
1331	10	O	9.70	T	-		
1331	11	O	9.70	C	-		
1331	12	O	9.70	A	-		
1331	13	O	9.70	T	-		
1331	14	O	9.70	G	-		
1331	15	O	9.70	G	-		
1331	16	O	9.70	A	-		
1331	17	O	9.70	C	-		
1331	18	O	9.70	T	-		
1331	19	O	9.70	A	-		
1331	20	O	9.70	C	-		
1331	21	O	9.70	A	-		
1331	22	O	9.70	G	-		
1331	23	O	9.70	C	-		
1331	24	O	9.70	C	-		
1331	25	O	9.70	T	-		
1331	26	O	9.70	G	-		
1331	27	O	9.70	A	-		
1331	28	O	9.70	T	-		
1331	29	O	9.70	G	-		
1331	30	O	9.70	G	-		
1331	31	O	9.70	C	-		
1331	32	O	9.70	G	-		
1331	33	O	9.70	G	-		
1331	34	O	9.70	G	-		
1331	35	O	9.70	C	-		
1331	36	O	9.70	T	-		
1331	37	O	9.70	T	-		
1331	38	O	9.70	C	-		
1331	39	O	9.70	G	-		
1331	40	O	9.70	A	-		
1331	41	O	9.70	C	-		
1331	42	O	9.70	G	-		
1331	43	O	9.70	A	-		
1331	44	O	9.70	C	-		
1331	45	O	9.70	G	-		
1331	46	O	9.70	A	-		
1331	47	O	9.70	C	-		
1331	48	O	9.70	G	-		
1331	49	O	9.70	C	-		
1331	50	O	9.70	T	-		
1331	51	O	9.70	A	-		
1331	52	O	9.70	A	-		
1331	53	O	9.70	G	-		
1331	54	O	9.70	C	-		
1331	55	O	9.70	A	-		
1331	56	O	9.70	G	-		
1331	57	O	9.70	C	-		
1331	58	O	9.70	T	-		
1331	59	O	9.70	C	-		
1331	60	O	9.70	G	-		
1331	61	O	9.70	T	-		
1331	62	O	9.70	C	-		
1331	63	O	9.70	G	-		
1331	64	O	9.70	T	-		
1331	65	O	9.70	C	-		
1331	66	O	9.70	G	-		
1331	67	O	9.70	G	-		
1331	68	O	9.70	C	-		
1331	69	O	9.70	A	-		
1331	70	O	9.70	T	-		
1331	71	O	9.70	C	-		
1331	72	O	9.70	A	-		
1331	73	O	9.70	T	-		
1331	74	O	9.70	C	-		
1331	75	O	9.70	G	-		
1331	76	O	9.70	A	-		
1331	77	O	9.70	C	-		
1331	78	O	9.70	T	-		
1331	79	O	9.70	G	-		
1331	80	O	9.70	C	-		
1331	81	O	9.70	A	-		
1331	82	O	9.70	T	-		
1331	83	O	9.70	C	-		
1331	84	O	9.70	C	-		
1331	85	O	9.70	G	-		
1331	86	O	9.70	C	-		
1331	87	O	9.70	A	-		
1331	88	O	9.70	C	-		
1331	89	O	9.70	C	-		
1331	90	O	9.70	T	-		
1331	91	O	9.70	A	-		
1331	92	O	9.70	C	-		
1331	93	O	9.70	A	-		
1331	94	O	9.70	C	-		
1331	95	O	9.70	C	-		
1331	96	O	9.70	T	-		
1331	97	O	9.70	G	-		
1331	98	O	9.70	G	-		
1331	99	O	9.70	G	-		
1331	100	O	9.70	A	-		
1331	101	O	9.70	C	-		
1331	102	O	9.70	A	-		
1331	103	O	9.70	A	-		
1331	104	O	9.70	G	-		
1331	105	O	9.70	A	-		
1331	106	O	9.70	A	-		
1331	107	O	9.70	G	-		
1331	108	O	9.70	C	-		
1331	109	O	9.70	T	-		
1332	0	O	8.32	A	-		
1332	1	O	8.32	T	-		
1332	2	O	8.32	C	-		
1332	3	O	8.32	A	-		
1332	4	O	8.32	T	-		
1332	5	O	8.32	T	-		
1332	6	O	8.32	A	-		
1332	7	O	8.32	T	-		
1332	8	O	8.32	A	-		
1332	9	O	8.32	A	-		
1332	10	O	8.32	T	-		
1332	11	O	8.32	G	-		
1332	12	O	8.32	G	-		
1332	13	O	8.32	C	-		
1332	14	O	8.32	A	-		
1332	15	O	8.32	A	-		
1332	16	O	8.32	C	-		
1332	17	O	8.32	A	-		
1332	18	O	8.32	A	-		
1332	19	O	8.32	A	-		
1332	20	O	8.32	T	-		
1332	21	O	8.32	G	-		
1332	22	O	8.32	T	-		
1332	23	O	8.32	A	-		
1332	24	O	8.32	A	-		
1332	25	O	8.32	T	-		
1332	26	O	8.32	C	-		
1332	27	O	8.32	A	-		
1332	28	O	8.32	C	-		
1332	29	O	8.32	T	-		
1332	30	O	8.32	A	-		
1332	31	O	8.32	T	-		
1332	32	O	8.32	T	-		
1332	33	O	8.32	G	-		
1332	34	O	8.32	T	-		
1332	35	O	8.32	T	-		
1332	36	O	8.32	C	-		
1332	37	O	8.32	A	-		
1332	38	O	8.32	C	-		
1332	39	O	8.32	A	-		
1332	40	O	8.32	T	-		
1332	41	O	8.32	A	-		
1332	42	O	8.32	C	-		
1332	43	O	8.32	A	-		
1332	44	O	8.32	A	-		
1332	45	O	8.32	A	-		
1332	46	O	8.32	T	-		
1332	47	O	8.32	G	-		
1332	48	O	8.32	A	-		
1332	49	O	8.32	G	-		
1332	50	O	8.32	G	-		
1332	51	O	8.32	T	-		
1332	52	O	8.32	A	-		
1332	53	O	8.32	C	-		
1332	54	O	8.32	C	-		
1332	55	O	8.32	C	-		
1332	56	O	8.32	A	-		
1332	57	O	8.32	T	-		
1332	58	O	8.32	T	-		
1332	59	O	8.32	T	-		
1332	60	O	8.32	C	-		
1332	61	O	8.32	T	-		
1332	62	O	8.32	T	-		
1332	63	O	8.32	C	-		
1332	64	O	8.32	A	-		
1332	65	O	8.32	A	-		
1332	66	O	8.32	T	-		
1332	67	O	8.32	C	-		
1332	68	O	8.32	C	-		
1332	69	O	8.32	C	-		
1332	70	O	8.32	A	-		
1332	71	O	8.32	T	-		
1332	72	O	8.32	G	-		
1332	73	O	8.32	A	-		
1332	74	O	8.32	C	-		
1332	75	O	8.32	A	-		
1332	76	O	8.32	C	-		
1332	77	O	8.32	T	-		
1332	78	O	8.32	A	-		
1332	79	O	8.32	G	-		
1332	80	O	8.32	T	-		
1332	81	O	8.32	C	-		
1332	82	O	8.32	T	-		
1332	83	O	8.32	T	-		
1332	84	O	8.32	A	-		
1332	85	O	8.32	T	-		
1332	86	O	8.32	C	-		
1332	87	O	8.32	A	-		
1332	88	O	8.32	T	-		
1332	89	O	8.32	C	-		
1332	90	O	8.32	C	-		
1332	91	O	8.32	A	-		
1332	92	O	8.32	C	-		
1332	93	O	8.32	C	-		
1332	94	O	8.32	T	-		
1332	95	O	8.32	C	-		
1332	96	O	8.32	A	-		
1332	97	O	8.32	T	-		
1332	98	O	8.32	T	-		
1332	99	O	8.32	G	-		
1332	100	O	8.32	T	-		
1332	101	O	8.32	C	-		
1332	102	O	8.32	A	-		
1332	103	O	8.32	C	-		
1332	104	O	8.32	T	-		
1332	105	O	8.32	G	-		
1332	106	O	8.32	G	-		
1332	107	O	8.32	C	-		
1332	108	O	8.32	A	-		
1332	109	O	8.32	T	-		
1333	0	O	18.02	A	-		
1333	1	O	18.02	G	-		
1333	2	O	18.02	T	-		
1333	3	O	18.02	A	-		
1333	4	O	18.02	T	-		
1333	5	O	18.02	C	-		
1333	6	O	18.02	A	-		
1333	7	O	18.02	T	-		
1333	8	O	18.02	T	-		
1333	9	O	18.02	A	-		
1333	10	O	18.02	C	-		
1333	11	O	18.02	A	-		
1333	12	O	18.02	C	-		
1333	13	O	18.02	A	-		
1333	14	O	18.02	A	-		
1333	15	O	18.02	A	-		
1333	16	O	18.02	C	-		
1333	17	O	18.02	C	-		
1333	18	O	18.02	T	-		
1333	19	O	18.02	A	-		
1333	20	O	18.02	C	-		
1333	21	O	18.02	A	-		
1333	22	O	18.02	T	-		
1333	23	O	18.02	A	-		
1333	24	O	18.02	C	-		
1333	25	O	18.02	T	-		
1333	26	O	18.02	C	-		
1333	27	O	18.02	T	-		
1333	28	O	18.02	C	-		
1333	29	O	18.02	C	-		
1333	30	O	18.02	A	-		
1333	31	O	18.02	A	-		
1333	32	O	18.02	G	-		
1333	33	O	18.02	T	-		
1333	34	O	18.02	G	-		
1333	35	O	18.02	A	-		
1333	36	O	18.02	C	-		
1333	37	O	18.02	C	-		
1333	38	O	18.02	C	-		
1333	39	O	18.02	T	-		
1333	40	O	18.02	A	-		
1333	41	O	18.02	A	-		
1333	42	O	18.02	G	-		
1333	43	O	18.02	G	-		
1333	44	O	18.02	C	-		
1333	45	O	18.02	C	-		
1333	46	O	18.02	C	-		
1333	47	O	18.02	A	-		
1333	48	O	18.02	G	-		
1333	49	O	18.02	C	-		
1333	50	O	18.02	A	-		
1333	51	O	18.02	C	-		
1333	52	O	18.02	C	-		
1333	53	O	18.02	C	-		
1333	54	O	18.02	T	-		
1333	55	O	18.02	C	-		
1333	56	O	18.02	T	-		
1333	57	O	18.02	C	-		
1333	58	O	18.02	C	-		
1333	59	O	18.02	A	-		
1333	60	O	18.02	C	-		
1333	61	O	18.02	C	-		
1333	62	O	18.02	A	-		
1333	63	O	18.02	C	-		
1333	64	O	18.02	C	-		
1333	65	O	18.02	A	-		
1333	66	O	18.02	G	-		
1333	67	O	18.02	T	-		
1333	68	O	18.02	A	-		
1333	69	O	18.02	C	-		
1333	70	O	18.02	C	-		
1333	71	O	18.02	G	-		
1333	72	O	18.02	A	-		
1333	73	O	18.02	A	-		
1333	74	O	18.02	C	-		
1333	75	O	18.02	A	-		
1333	76	O	18.02	T	-		
1333	77	O	18.02	G	-		
1333	78	O	18.02	T	-		
1333	79	O	18.02	C	-		
1333	80	O	18.02	A	-		
1333	81	O	18.02	C	-		
1333	82	O	18.02	C	-		
1333	83	O	18.02	G	-		
1333	84	O	18.02	T	-		
1333	85	O	18.02	C	-		
1333	86	O	18.02	A	-		
1333	87	O	18.02	C	-		
1333	88	O	18.02	C	-		
1333	89	O	18.02	G	-		
1333	90	O	18.02	G	-		
1333	91	O	18.02	G	-		
1333	92	O	18.02	A	-		
1333	93	O	18.02	G	-		
1333	94	O	18.02	T	-		
1333	95	O	18.02	G	-		
1333	96	O	18.02	T	-		
1333	97	O	18.02	C	-		
1333	98	O	18.02	C	-		
1333	99	O	18.02	A	-		
1333	100	O	18.02	T	-		
1333	101	O	18.02	G	-		
1333	102	O	18.02	C	-		
1333	103	O	18.02	C	-		
1333	104	O	18.02	G	-		
1333	105	O	18.02	T	-		
1333	106	O	18.02	G	-		
1333	107	O	18.02	C	-		
1333	108	O	18.02	A	-		
1333	109	O	18.02	G	-		
1334	0	O	6.93	T	-		
1334	1	O	6.93	A	-		
1334	2	O	6.93	T	-		
1334	3	O	6.93	T	-		
1334	4	O	6.93	T	-		
1334	5	O	6.93	T	-		
1334	6	O	6.93	T	-		
1334	7	O	6.93	A	-		
1334	8	O	6.93	C	-		
1334	9	O	6.93	A	-		
1334	10	O	6.93	C	-		
1334	11	O	6.93	A	-		
1334	12	O	6.93	G	-		
1334	13	O	6.93	A	-		
1334	14	O	6.93	A	-		
1334	15	O	6.93	G	-		
1334	16	O	6.93	T	-		
1334	17	O	6.93	G	-		
1334	18	O	6.93	G	-		
1334	19	O	6.93	G	-		
1334	20	O	6.93	A	-		
1334	21	O	6.93	G	-		
1334	22	O	6.93	A	-		
1334	23	O	6.93	C	-		
1334	24	O	6.93	G	-		
1334	25	O	6.93	A	-		
1334	26	O	6.93	T	-		
1334	27	O	6.93	G	-		
1334	28	O	6.93	G	-		
1334	29	O	6.93	A	-		
1334	30	O	6.93	T	-		
1334	31	O	6.93	G	-		
1334	32	O	6.93	G	-		
1334	33	O	6.93	C	-		
1334	34	O	6.93	G	-		
1334	35	O	6.93	T	-		
1334	36	O	6.93	G	-		
1334	37	O	6.93	G	-		
1334	38	O	6.93	A	-		
1334	39	O	6.93	G	-		
1334	40	O	6.93	A	-		
1334	41	O	6.93	G	-		
1334	42	O	6.93	C	-		
1334	43	O	6.93	C	-		
1334	44	O	6.93	A	-		
1334	45	O	6.93	T	-		
1334	46	O	6.93	A	-		
1334	47	O	6.93	T	-		
1334	48	O	6.93	C	-		
1334	49	O	6.93	G	-		
1334	50	O	6.93	C	-		
1334	51	O	6.93	A	-		
1334	52	O	6.93	G	-		
1334	53	O	6.93	T	-		
1334	54	O	6.93	G	-		
1334	55	O	6.93	A	-		
1334	56	O	6.93	A	-		
1334	57	O	6.93	C	-		
1334	58	O	6.93	G	-		
1334	59	O	6.93	T	-		
1334	60	O	6.93	C	-		
1334	61	O	6.93	A	-		
1334	62	O	6.93	T	-		
1334	63	O	6.93	T	-		
1334	64	O	6.93	G	-		
1334	65	O	6.93	G	-		
1334	66	O	6.93	G	-		
1334	67	O	6.93	G	-		
1334	68	O	6.93	C	-		
1334	69	O	6.93	T	-		
1334	70	O	6.93	G	-		
1334	71	O	6.93	T	-		
1334	72	O	6.93	G	-		
1334	73	O	6.93	C	-		
1334	74	O	6.93	T	-		
1334	75	O	6.93	A	-		
1334	76	O	6.93	C	-		
1334	77	O	6.93	T	-		
1334	78	O	6.93	G	-		
1334	79	O	6.93	A	-		
1334	80	O	6.93	C	-		
1334	81	O	6.93	A	-		
1334	82	O	6.93	T	-		
1334	83	O	6.93	G	-		
1334	84	O	6.93	C	-		
1334	85	O	6.93	C	-		
1334	86	O	6.93	T	-		
1334	87	O	6.93	G	-		
1334	88	O	6.93	C	-		
1334	89	O	6.93	T	-		
1334	90	O	6.93	G	-		
1334	91	O	6.93	C	-		
1334	92	O	6.93	T	-		
1334	93	O	6.93	G	-		
1334	94	O	6.93	C	-		
1334	95	O	6.93	C	-		
1334	96	O	6.93	G	-		
1334	97	O	6.93	T	-		
1334	98	O	6.93	T	-		
1334	99	O	6.93	A	-		
1334	100	O	6.93	T	-		
1334	101	O	6.93	T	-		
1334	102	O	6.93	G	-		
1334	103	O	6.93	A	-		
1334	104	O	6.93	A	-		
1334	105	O	6.93	G	-		
1334	106	O	6.93	C	-		
1334	107	O	6.93	A	-		
1334	108	O	6.93	G	-		
1334	109	O	6.93	A	-		
1335	0	O	27.73	G	-		
1335	1	O	27.73	T	-		
1335	2	O	27.73	C	-		
1335	3	O	27.73	G	-		
1335	4	O	27.73	G	-		
1335	5	O	27.73	C	-		
1335	6	O	27.73	G	-		
1335	7	O	27.73	G	-		
1335	8	O	27.73	G	-		
1335	9	O	27.73	A	-		
1335	10	O	27.73	G	-		
1335	11	O	27.73	T	-		
1335	12	O	27.73	C	-		
1335	13	O	27.73	G	-		
1335	14	O	27.73	C	-		
1335	15	O	27.73	A	-		
1335	16	O	27.73	A	-		
1335	17	O	27.73	C	-		
1335	18	O	27.73	G	-		
1335	19	O	27.73	C	-		
1335	20	O	27.73	C	-		
1335	21	O	27.73	G	-		
1335	22	O	27.73	C	-		
1335	23	O	27.73	C	-		
1335	24	O	27.73	C	-		
1335	25	O	27.73	G	-		
1335	26	O	27.73	C	-		
1335	27	O	27.73	G	-		
1335	28	O	27.73	G	-		
1335	29	O	27.73	C	-		
1335	30	O	27.73	G	-		
1335	31	O	27.73	A	-		
1335	32	O	27.73	A	-		
1335	33	O	27.73	G	-		
1335	34	O	27.73	T	-		
1335	35	O	27.73	T	-		
1335	36	O	27.73	G	-		
1335	37	O	27.73	A	-		
1335	38	O	27.73	C	-		
1335	39	O	27.73	G	-		
1335	40	O	27.73	A	-		
1335	41	O	27.73	C	-		
1335	42	O	27.73	C	-		
1335	43	O	27.73	G	-		
1335	44	O	27.73	G	-		
1335	45	O	27.73	C	-		
1335	46	O	27.73	A	-		
1335	47	O	27.73	G	-		
1335	48	O	27.73	G	-		
1335	49	O	27.73	C	-		
1335	50	O	27.73	G	-		
1335	51	O	27.73	G	-		
1335	52	O	27.73	C	-		
1335	53	O	27.73	C	-		
1335	54	O	27.73	C	-		
1335	55	O	27.73	T	-		
1335	56	O	27.73	T	-		
1335	57	O	27.73	G	-		
1335	58	O	27.73	C	-		
1335	59	O	27.73	G	-		
1335	60	O	27.73	C	-		
1335	61	O	27.73	G	-		
1335	62	O	27.73	C	-		
1335	63	O	27.73	C	-		
1335	64	O	27.73	G	-		
1335	65	O	27.73	T	-		
1335	66	O	27.73	C	-		
1335	67	O	27.73	T	-		
1335	68	O	27.73	C	-		
1335	69	O	27.73	C	-		
1335	70	O	27.73	T	-		
1335	71	O	27.73	T	-		
1335	72	O	27.73	G	-		
1335	73	O	27.73	A	-		
1335	74	O	27.73	G	-		
1335	75	O	27.73	C	-		
1335	76	O	27.73	A	-		
1335	77	O	27.73	G	-		
1335	78	O	27.73	C	-		
1335	79	O	27.73	G	-		
1335	80	O	27.73	C	-		
1335	81	O	27.73	G	-		
1335	82	O	27.73	T	-		
1335	83	O	27.73	A	-		
1335	84	O	27.73	G	-		
1335	85	O	27.73	T	-		
1335	86	O	27.73	C	-		
1335	87	O	27.73	G	-		
1335	88	O	27.73	C	-		
1335	89	O	27.73	A	-		
1335	90	O	27.73	C	-		
1335	91	O	27.73	T	-		
1335	92	O	27.73	C	-		
1335	93	O	27.73	G	-		
1335	94	O	27.73	A	-		
1335	95	O	27.73	G	-		
1335	96	O	27.73	C	-		
1335	97	O	27.73	T	-		
1335	98	O	27.73	C	-		
1335	99	O	27.73	G	-		
1335	100	O	27.73	C	-		
1335	101	O	27.73	G	-		
1335	102	O	27.73	C	-		
1335	103	O	27.73	G	-		
1335	104	O	27.73	C	-		
1335	105	O	27.73	C	-		
1335	106	O	27.73	A	-		
1335	107	O	27.73	T	-		
1335	108	O	27.73	C	-		
1335	109	O	27.73	T	-		
1336	0	O	6.93	A	-		
1336	1	O	6.93	G	-		
1336	2	O	6.93	G	-		
1336	3	O	6.93	T	-		
1336	4	O	6.93	C	-		
1336	5	O	6.93	A	-		
1336	6	O	6.93	A	-		
1336	7	O	6.93	A	-		
1336	8	O	6.93	C	-		
1336	9	O	6.93	A	-		
1336	10	O	6.93	G	-		
1336	11	O	6.93	G	-		
1336	12	O	6.93	T	-		
1336	13	O	6.93	G	-		
1336	14	O	6.93	A	-		
1336	15	O	6.93	G	-		
1336	16	O	6.93	C	-		
1336	17	O	6.93	A	-		
1336	18	O	6.93	C	-		
1336	19	O	6.93	T	-		
1336	20	O	6.93	G	-		
1336	21	O	6.93	C	-		
1336	22	O	6.93	A	-		
1336	23	O	6.93	G	-		
1336	24	O	6.93	C	-		
1336	25	O	6.93	T	-		
1336	26	O	6.93	C	-		
1336	27	O	6.93	C	-		
1336	28	O	6.93	C	-		
1336	29	O	6.93	G	-		
1336	30	O	6.93	T	-		
1336	31	O	6.93	G	-		
1336	32	O	6.93	C	-		
1336	33	O	6.93	T	-		
1336	34	O	6.93	C	-		
1336	35	O	6.93	G	-		
1336	36	O	6.93	T	-		
1336	37	O	6.93	C	-		
1336	38	O	6.93	C	-		
1336	39	O	6.93	A	-		
1336	40	O	6.93	G	-		
1336	41	O	6.93	C	-		
1336	42	O	6.93	A	-		
1336	43	O	6.93	A	-		
1336	44	O	6.93	T	-		
1336	45	O	6.93	C	-		
1336	46	O	6.93	C	-		
1336	47	O	6.93	T	-		
1336	48	O	6.93	C	-		
1336	49	O	6.93	T	-		
1336	50	O	6.93	T	-		
1336	51	O	6.93	T	-		
1336	52	O	6.93	C	-		
1336	53	O	6.93	T	-		
1336	54	O	6.93	C	-		
1336	55	O	6.93	T	-		
1336	56	O	6.93	T	-		
1336	57	O	6.93	T	-		
1336	58	O	6.93	C	-		
1336	59	O	6.93	G	-		
1336	60	O	6.93	A	-		
1336	61	O	6.93	T	-		
1336	62	O	6.93	A	-		
1336	63	O	6.93	G	-		
1336	64	O	6.93	A	-		
1336	65	O	6.93	C	-		
1336	66	O	6.93	A	-		
1336	67	O	6.93	A	-		
1336	68	O	6.93	G	-		
1336	69	O	6.93	A	-		
1336	70	O	6.93	T	-		
1336	71	O	6.93	C	-		
1336	72	O	6.93	A	-		
1336	73	O	6.93	G	-		
1336	74	O	6.93	C	-		
1336	75	O	6.93	A	-		
1336	76	O	6.93	A	-		
1336	77	O	6.93	G	-		
1336	78	O	6.93	T	-		
1336	79	O	6.93	C	-		
1336	80	O	6.93	C	-		
1336	81	O	6.93	A	-		
1336	82	O	6.93	G	-		
1336	83	O	6.93	C	-		
1336	84	O	6.93	A	-		
1336	85	O	6.93	G	-		
1336	86	O	6.93	G	-		
1336	87	O	6.93	T	-		
1336	88	O	6.93	G	-		
1336	89	O	6.93	A	-		
1336	90	O	6.93	G	-		
1336	91	O	6.93	C	-		
1336	92	O	6.93	G	-		
1336	93	O	6.93	A	-		
1336	94	O	6.93	A	-		
1336	95	O	6.93	G	-		
1336	96	O	6.93	T	-		
1336	97	O	6.93	T	-		
1336	98	O	6.93	T	-		
1336	99	O	6.93	C	-		
1336	100	O	6.93	A	-		
1336	101	O	6.93	T	-		
1336	102	O	6.93	C	-		
1336	103	O	6.93	G	-		
1336	104	O	6.93	G	-		
1336	105	O	6.93	G	-		
1336	106	O	6.93	C	-		
1336	107	O	6.93	A	-		
1336	108	O	6.93	C	-		
1336	109	O	6.93	C	-		
1337	0	O	5.55	C	-		
1337	1	O	5.55	A	-		
1337	2	O	5.55	T	-		
1337	3	O	5.55	A	-		
1337	4	O	5.55	C	-		
1337	5	O	5.55	A	-		
1337	6	O	5.55	T	-		
1337	7	O	5.55	A	-		
1337	8	O	5.55	A	-		
1337	9	O	5.55	A	-		
1337	10	O	5.55	C	-		
1337	11	O	5.55	C	-		
1337	12	O	5.55	A	-		
1337	13	O	5.55	T	-		
1337	14	O	5.55	A	-		
1337	15	O	5.55	C	-		
1337	16	O	5.55	A	-		
1337	17	O	5.55	G	-		
1337	18	O	5.55	A	-		
1337	19	O	5.55	A	-		
1337	20	O	5.55	C	-		
1337	21	O	5.55	T	-		
1337	22	O	5.55	A	-		
1337	23	O	5.55	A	-		
1337	24	O	5.55	A	-		
1337	25	O	5.55	T	-		
1337	26	O	5.55	A	-		
1337	27	O	5.55	A	-		
1337	28	O	5.55	A	-		
1337	29	O	5.55	G	-		
1337	30	O	5.55	A	-		
1337	31	O	5.55	C	-		
1337	32	O	5.55	T	-		
1337	33	O	5.55	T	-		
1337	34	O	5.55	G	-		
1337	35	O	5.55	A	-		
1337	36	O	5.55	A	-		
1337	37	O	5.55	A	-		
1337	38	O	5.55	T	-		
1337	39	O	5.55	C	-		
1337	40	O	5.55	A	-		
1337	41	O	5.55	A	-		
1337	42	O	5.55	T	-		
1337	43	O	5.55	G	-		
1337	44	O	5.55	C	-		
1337	45	O	5.55	A	-		
1337	46	O	5.55	A	-		
1337	47	O	5.55	A	-		
1337	48	O	5.55	A	-		
1337	49	O	5.55	T	-		
1337	50	O	5.55	A	-		
1337	51	O	5.55	C	-		
1337	52	O	5.55	A	-		
1337	53	O	5.55	C	-		
1337	54	O	5.55	T	-		
1337	55	O	5.55	A	-		
1337	56	O	5.55	A	-		
1337	57	O	5.55	A	-		
1337	58	O	5.55	A	-		
1337	59	O	5.55	A	-		
1337	60	O	5.55	T	-		
1337	61	O	5.55	T	-		
1337	62	O	5.55	T	-		
1337	63	O	5.55	G	-		
1337	64	O	5.55	G	-		
1337	65	O	5.55	A	-		
1337	66	O	5.55	A	-		
1337	67	O	5.55	A	-		
1337	68	O	5.55	A	-		
1337	69	O	5.55	T	-		
1337	70	O	5.55	A	-		
1337	71	O	5.55	T	-		
1337	72	O	5.55	T	-		
1337	73	O	5.55	C	-		
1337	74	O	5.55	A	-		
1337	75	O	5.55	A	-		
1337	76	O	5.55	G	-		
1337	77	O	5.55	G	-		
1337	78	O	5.55	C	-		
1337	79	O	5.55	A	-		
1337	80	O	5.55	A	-		
1337	81	O	5.55	C	-		
1337	82	O	5.55	A	-		
1337	83	O	5.55	G	-		
1337	84	O	5.55	A	-		
1337	85	O	5.55	C	-		
1337	86	O	5.55	T	-		
1337	87	O	5.55	G	-		
1337	88	O	5.55	A	-		
1337	89	O	5.55	A	-		
1337	90	O	5.55	A	-		
1337	91	O	5.55	G	-		
1337	92	O	5.55	T	-		
1337	93	O	5.55	T	-		
1337	94	O	5.55	A	-		
1337	95	O	5.55	A	-		
1337	96	O	5.55	G	-		
1337	97	O	5.55	T	-		
1337	98	O	5.55	G	-		
1337	99	O	5.55	C	-		
1337	100	O	5.55	G	-		
1337	101	O	5.55	G	-		
1337	102	O	5.55	A	-		
1337	103	O	5.55	A	-		
1337	104	O	5.55	G	-		
1337	105	O	5.55	T	-		
1337	106	O	5.55	T	-		
1337	107	O	5.55	A	-		
1337	108	O	5.55	A	-		
1337	109	O	5.55	A	-		
1338	0	O	12.48	T	-		
1338	1	O	12.48	G	-		
1338	2	O	12.48	C	-		
1338	3	O	12.48	T	-		
1338	4	O	12.48	T	-		
1338	5	O	12.48	T	-		
1338	6	O	12.48	C	-		
1338	7	O	12.48	A	-		
1338	8	O	12.48	C	-		
1338	9	O	12.48	A	-		
1338	10	O	12.48	A	-		
1338	11	O	12.48	A	-		
1338	12	O	12.48	T	-		
1338	13	O	12.48	A	-		
1338	14	O	12.48	T	-		
1338	15	O	12.48	C	-		
1338	16	O	12.48	C	-		
1338	17	O	12.48	T	-		
1338	18	O	12.48	A	-		
1338	19	O	12.48	G	-		
1338	20	O	12.48	G	-		
1338	21	O	12.48	T	-		
1338	22	O	12.48	A	-		
1338	23	O	12.48	G	-		
1338	24	O	12.48	A	-		
1338	25	O	12.48	T	-		
1338	26	O	12.48	A	-		
1338	27	O	12.48	T	-		
1338	28	O	12.48	A	-		
1338	29	O	12.48	A	-		
1338	30	O	12.48	T	-		
1338	31	O	12.48	C	-		
1338	32	O	12.48	T	-		
1338	33	O	12.48	T	-		
1338	34	O	12.48	A	-		
1338	35	O	12.48	A	-		
1338	36	O	12.48	T	-		
1338	37	O	12.48	G	-		
1338	38	O	12.48	T	-		
1338	39	O	12.48	T	-		
1338	40	O	12.48	C	-		
1338	41	O	12.48	T	-		
1338	42	O	12.48	C	-		
1338	43	O	12.48	T	-		
1338	44	O	12.48	C	-		
1338	45	O	12.48	C	-		
1338	46	O	12.48	T	-		
1338	47	O	12.48	T	-		
1338	48	O	12.48	C	-		
1338	49	O	12.48	G	-		
1338	50	O	12.48	T	-		
1338	51	O	12.48	T	-		
1338	52	O	12.48	G	-		
1338	53	O	12.48	T	-		
1338	54	O	12.48	T	-		
1338	55	O	12.48	T	-		
1338	56	O	12.48	G	-		
1338	57	O	12.48	G	-		
1338	58	O	12.48	C	-		
1338	59	O	12.48	T	-		
1338	60	O	12.48	C	-		
1338	61	O	12.48	A	-		
1338	62	O	12.48	G	-		
1338	63	O	12.48	T	-		
1338	64	O	12.48	A	-		
1338	65	O	12.48	A	-		
1338	66	O	12.48	T	-		
1338	67	O	12.48	C	-		
1338	68	O	12.48	T	-		
1338	69	O	12.48	C	-		
1338	70	O	12.48	T	-		
1338	71	O	12.48	T	-		
1338	72	O	12.48	A	-		
1338	73	O	12.48	C	-		
1338	74	O	12.48	A	-		
1338	75	O	12.48	A	-		
1338	76	O	12.48	A	-		
1338	77	O	12.48	A	-		
1338	78	O	12.48	G	-		
1338	79	O	12.48	C	-		
1338	80	O	12.48	A	-		
1338	81	O	12.48	A	-		
1338	82	O	12.48	C	-		
1338	83	O	12.48	C	-		
1338	84	O	12.48	G	-		
1338	85	O	12.48	G	-		
1338	86	O	12.48	C	-		
1338	87	O	12.48	C	-		
1338	88	O	12.48	A	-		
1338	89	O	12.48	A	-		
1338	90	O	12.48	T	-		
1338	91	O	12.48	A	-		
1338	92	O	12.48	A	-		
1338	93	O	12.48	T	-		
1338	94	O	12.48	A	-		
1338	95	O	12.48	G	-		
1338	96	O	12.48	C	-		
1338	97	O	12.48	T	-		
1338	98	O	12.48	A	-		
1338	99	O	12.48	A	-		
1338	100	O	12.48	C	-		
1338	101	O	12.48	C	-		
1338	102	O	12.48	T	-		
1338	103	O	12.48	T	-		
1338	104	O	12.48	C	-		
1338	105	O	12.48	T	-		
1338	106	O	12.48	C	-		
1338	107	O	12.48	A	-		
1338	108	O	12.48	T	-		
1338	109	O	12.48	A	-		
1339	0	O	194.08	A	-		
1339	1	O	194.08	G	-		
1339	2	O	194.08	C	-		
1339	3	O	194.08	G	-		
1339	4	O	194.08	A	-		
1339	5	O	194.08	G	-		
1339	6	O	194.08	A	-		
1339	7	O	194.08	T	-		
1339	8	O	194.08	A	-		
1339	9	O	194.08	A	-		
1339	10	O	194.08	A	-		
1339	11	O	194.08	G	-		
1339	12	O	194.08	A	-		
1339	13	O	194.08	G	-		
1339	14	O	194.08	A	-		
1339	15	O	194.08	A	-		
1339	16	O	194.08	A	-		
1339	17	O	194.08	G	-		
1339	18	O	194.08	A	-		
1339	19	O	194.08	A	-		
1339	20	O	194.08	A	-		
1339	21	O	194.08	A	-		
1339	22	O	194.08	T	-		
1339	23	O	194.08	G	-		
1339	24	O	194.08	T	-		
1339	25	O	194.08	G	-		
1339	26	O	194.08	G	-		
1339	27	O	194.08	C	-		
1339	28	O	194.08	C	-		
1339	29	O	194.08	C	-		
1339	30	O	194.08	C	-		
1339	31	O	194.08	A	-		
1339	32	O	194.08	C	-		
1339	33	O	194.08	T	-		
1339	34	O	194.08	G	-		
1339	35	O	194.08	C	-		
1339	36	O	194.08	T	-		
1339	37	O	194.08	G	-		
1339	38	O	194.08	C	-		
1339	39	O	194.08	C	-		
1339	40	O	194.08	C	-		
1339	41	O	194.08	C	-		
1339	42	O	194.08	C	-		
1339	43	O	194.08	C	-		
1339	44	O	194.08	G	-		
1339	45	O	194.08	T	-		
1339	46	O	194.08	G	-		
1339	47	O	194.08	G	-		
1339	48	O	194.08	A	-		
1339	49	O	194.08	A	-		
1339	50	O	194.08	A	-		
1339	51	O	194.08	T	-		
1339	52	O	194.08	A	-		
1339	53	O	194.08	A	-		
1339	54	O	194.08	A	-		
1339	55	O	194.08	G	-		
1339	56	O	194.08	A	-		
1339	57	O	194.08	T	-		
1339	58	O	194.08	A	-		
1339	59	O	194.08	A	-		
1339	60	O	194.08	A	-		
1339	61	O	194.08	A	-		
1339	62	O	194.08	A	-		
1339	63	O	194.08	G	-		
1339	64	O	194.08	G	-		
1339	65	O	194.08	T	-		
1339	66	O	194.08	G	-		
1339	67	O	194.08	T	-		
1339	68	O	194.08	T	-		
1339	69	O	194.08	C	-		
1339	70	O	194.08	A	-		
1339	71	O	194.08	A	-		
1339	72	O	194.08	A	-		
1339	73	O	194.08	G	-		
1339	74	O	194.08	G	-		
1339	75	O	194.08	C	-		
1339	76	O	194.08	T	-		
1339	77	O	194.08	G	-		
1339	78	O	194.08	G	-		
1339	79	O	194.08	G	-		
1339	80	O	194.08	T	-		
1339	81	O	194.08	T	-		
1339	82	O	194.08	G	-		
1339	83	O	194.08	G	-		
1339	84	O	194.08	G	-		
1339	85	O	194.08	G	-		
1339	86	O	194.08	T	-		
1339	87	O	194.08	T	-		
1339	88	O	194.08	T	-		
1339	89	O	194.08	C	-		
1339	90	O	194.08	C	-		
1339	91	O	194.08	A	-		
1339	92	O	194.08	A	-		
1339	93	O	194.08	G	-		
1339	94	O	194.08	A	-		
1339	95	O	194.08	C	-		
1339	96	O	194.08	A	-		
1339	97	O	194.08	A	-		
1339	98	O	194.08	T	-		
1339	99	O	194.08	A	-		
1339	100	O	194.08	G	-		
1339	101	O	194.08	G	-		
1339	102	O	194.08	G	-		
1339	103	O	194.08	G	-		
1339	104	O	194.08	C	-		
1339	105	O	194.08	C	-		
1339	106	O	194.08	A	-		
1339	107	O	194.08	A	-		
1339	108	O	194.08	A	-		
1339	109	O	194.08	A	-		
1340	0	O	152.49	T	-		
1340	1	O	152.49	G	-		
1340	2	O	152.49	A	-		
1340	3	O	152.49	G	-		
1340	4	O	152.49	G	-		
1340	5	O	152.49	A	-		
1340	6	O	152.49	C	-		
1340	7	O	152.49	G	-		
1340	8	O	152.49	G	-		
1340	9	O	152.49	C	-		
1340	10	O	152.49	T	-		
1340	11	O	152.49	C	-		
1340	12	O	152.49	T	-		
1340	13	O	152.49	T	-		
1340	14	O	152.49	T	-		
1340	15	O	152.49	C	-		
1340	16	O	152.49	G	-		
1340	17	O	152.49	T	-		
1340	18	O	152.49	T	-		
1340	19	O	152.49	C	-		
1340	20	O	152.49	A	-		
1340	21	O	152.49	A	-		
1340	22	O	152.49	T	-		
1340	23	O	152.49	A	-		
1340	24	O	152.49	A	-		
1340	25	O	152.49	C	-		
1340	26	O	152.49	G	-		
1340	27	O	152.49	C	-		
1340	28	O	152.49	C	-		
1340	29	O	152.49	C	-		
1340	30	O	152.49	G	-		
1340	31	O	152.49	A	-		
1340	32	O	152.49	G	-		
1340	33	O	152.49	A	-		
1340	34	O	152.49	G	-		
1340	35	O	152.49	A	-		
1340	36	O	152.49	G	-		
1340	37	O	152.49	G	-		
1340	38	O	152.49	A	-		
1340	39	O	152.49	A	-		
1340	40	O	152.49	T	-		
1340	41	O	152.49	C	-		
1340	42	O	152.49	C	-		
1340	43	O	152.49	T	-		
1340	44	O	152.49	T	-		
1340	45	O	152.49	T	-		
1340	46	O	152.49	T	-		
1340	47	O	152.49	C	-		
1340	48	O	152.49	T	-		
1340	49	O	152.49	G	-		
1340	50	O	152.49	T	-		
1340	51	O	152.49	C	-		
1340	52	O	152.49	T	-		
1340	53	O	152.49	T	-		
1340	54	O	152.49	C	-		
1340	55	O	152.49	G	-		
1340	56	O	152.49	T	-		
1340	57	O	152.49	T	-		
1340	58	O	152.49	T	-		
1340	59	O	152.49	T	-		
1340	60	O	152.49	T	-		
1340	61	O	152.49	C	-		
1340	62	O	152.49	C	-		
1340	63	O	152.49	T	-		
1340	64	O	152.49	T	-		
1340	65	O	152.49	A	-		
1340	66	O	152.49	A	-		
1340	67	O	152.49	G	-		
1340	68	O	152.49	A	-		
1340	69	O	152.49	A	-		
1340	70	O	152.49	A	-		
1340	71	O	152.49	A	-		
1340	72	O	152.49	C	-		
1340	73	O	152.49	T	-		
1340	74	O	152.49	T	-		
1340	75	O	152.49	T	-		
1340	76	O	152.49	T	-		
1340	77	O	152.49	T	-		
1340	78	O	152.49	T	-		
1340	79	O	152.49	T	-		
1340	80	O	152.49	G	-		
1340	81	O	152.49	C	-		
1340	82	O	152.49	G	-		
1340	83	O	152.49	G	-		
1340	84	O	152.49	T	-		
1340	85	O	152.49	T	-		
1340	86	O	152.49	A	-		
1340	87	O	152.49	G	-		
1340	88	O	152.49	G	-		
1340	89	O	152.49	C	-		
1340	90	O	152.49	A	-		
1340	91	O	152.49	T	-		
1340	92	O	152.49	T	-		
1340	93	O	152.49	G	-		
1340	94	O	152.49	T	-		
1340	95	O	152.49	C	-		
1340	96	O	152.49	G	-		
1340	97	O	152.49	T	-		
1340	98	O	152.49	T	-		
1340	99	O	152.49	T	-		
1340	100	O	152.49	C	-		
1340	101	O	152.49	C	-		
1340	102	O	152.49	A	-		
1340	103	O	152.49	G	-		
1340	104	O	152.49	T	-		
1340	105	O	152.49	T	-		
1340	106	O	152.49	T	-		
1340	107	O	152.49	A	-		
1340	108	O	152.49	C	-		
1340	109	O	152.49	A	-		
1341	0	O	124.77	C	-		
1341	1	O	124.77	T	-		
1341	2	O	124.77	C	-		
1341	3	O	124.77	G	-		
1341	4	O	124.77	A	-		
1341	5	O	124.77	G	-		
1341	6	O	124.77	A	-		
1341	7	O	124.77	G	-		
1341	8	O	124.77	A	-		
1341	9	O	124.77	C	-		
1341	10	O	124.77	C	-		
1341	11	O	124.77	T	-		
1341	12	O	124.77	C	-		
1341	13	O	124.77	A	-		
1341	14	O	124.77	G	-		
1341	15	O	124.77	C	-		
1341	16	O	124.77	T	-		
1341	17	O	124.77	A	-		
1341	18	O	124.77	A	-		
1341	19	O	124.77	T	-		
1341	20	O	124.77	T	-		
1341	21	O	124.77	C	-		
1341	22	O	124.77	A	-		
1341	23	O	124.77	G	-		
1341	24	O	124.77	A	-		
1341	25	O	124.77	A	-		
1341	26	O	124.77	G	-		
1341	27	O	124.77	C	-		
1341	28	O	124.77	C	-		
1341	29	O	124.77	C	-		
1341	30	O	124.77	T	-		
1341	31	O	124.77	T	-		
1341	32	O	124.77	C	-		
1341	33	O	124.77	T	-		
1341	34	O	124.77	T	-		
1341	35	O	124.77	T	-		
1341	36	O	124.77	C	-		
1341	37	O	124.77	G	-		
1341	38	O	124.77	G	-		
1341	39	O	124.77	A	-		
1341	40	O	124.77	T	-		
1341	41	O	124.77	T	-		
1341	42	O	124.77	G	-		
1341	43	O	124.77	C	-		
1341	44	O	124.77	C	-		
1341	45	O	124.77	T	-		
1341	46	O	124.77	C	-		
1341	47	O	124.77	A	-		
1341	48	O	124.77	G	-		
1341	49	O	124.77	C	-		
1341	50	O	124.77	T	-		
1341	51	O	124.77	A	-		
1341	52	O	124.77	C	-		
1341	53	O	124.77	T	-		
1341	54	O	124.77	G	-		
1341	55	O	124.77	A	-		
1341	56	O	124.77	T	-		
1341	57	O	124.77	A	-		
1341	58	O	124.77	C	-		
1341	59	O	124.77	A	-		
1341	60	O	124.77	G	-		
1341	61	O	124.77	A	-		
1341	62	O	124.77	T	-		
1341	63	O	124.77	G	-		
1341	64	O	124.77	T	-		
1341	65	O	124.77	T	-		
1341	66	O	124.77	G	-		
1341	67	O	124.77	G	-		
1341	68	O	124.77	C	-		
1341	69	O	124.77	T	-		
1341	70	O	124.77	A	-		
1341	71	O	124.77	T	-		
1341	72	O	124.77	T	-		
1341	73	O	124.77	C	-		
1341	74	O	124.77	A	-		
1341	75	O	124.77	C	-		
1341	76	O	124.77	A	-		
1341	77	O	124.77	A	-		
1341	78	O	124.77	A	-		
1341	79	O	124.77	C	-		
1341	80	O	124.77	G	-		
1341	81	O	124.77	T	-		
1341	82	O	124.77	T	-		
1341	83	O	124.77	C	-		
1341	84	O	124.77	T	-		
1341	85	O	124.77	C	-		
1341	86	O	124.77	A	-		
1341	87	O	124.77	T	-		
1341	88	O	124.77	A	-		
1341	89	O	124.77	T	-		
1341	90	O	124.77	C	-		
1341	91	O	124.77	A	-		
1341	92	O	124.77	T	-		
1341	93	O	124.77	A	-		
1341	94	O	124.77	C	-		
1341	95	O	124.77	A	-		
1341	96	O	124.77	G	-		
1341	97	O	124.77	A	-		
1341	98	O	124.77	A	-		
1341	99	O	124.77	T	-		
1341	100	O	124.77	C	-		
1341	101	O	124.77	T	-		
1341	102	O	124.77	A	-		
1341	103	O	124.77	C	-		
1341	104	O	124.77	T	-		
1341	105	O	124.77	G	-		
1341	106	O	124.77	G	-		
1341	107	O	124.77	A	-		
1341	108	O	124.77	A	-		
1341	109	O	124.77	A	-		
1342	0	O	110.90	A	-		
1342	1	O	110.90	A	-		
1342	2	O	110.90	C	-		
1342	3	O	110.90	C	-		
1342	4	O	110.90	T	-		
1342	5	O	110.90	G	-		
1342	6	O	110.90	G	-		
1342	7	O	110.90	C	-		
1342	8	O	110.90	A	-		
1342	9	O	110.90	C	-		
1342	10	O	110.90	C	-		
1342	11	O	110.90	T	-		
1342	12	O	110.90	T	-		
1342	13	O	110.90	C	-		
1342	14	O	110.90	A	-		
1342	15	O	110.90	G	-		
1342	16	O	110.90	A	-		
1342	17	O	110.90	G	-		
1342	18	O	110.90	C	-		
1342	19	O	110.90	T	-		
1342	20	O	110.90	C	-		
1342	21	O	110.90	T	-		
1342	22	O	110.90	A	-		
1342	23	O	110.90	T	-		
1342	24	O	110.90	C	-		
1342	25	O	110.90	T	-		
1342	26	O	110.90	T	-		
1342	27	O	110.90	C	-		
1342	28	O	110.90	G	-		
1342	29	O	110.90	T	-		
1342	30	O	110.90	T	-		
1342	31	O	110.90	G	-		
1342	32	O	110.90	C	-		
1342	33	O	110.90	T	-		
1342	34	O	110.90	T	-		
1342	35	O	110.90	T	-		
1342	36	O	110.90	C	-		
1342	37	O	110.90	A	-		
1342	38	O	110.90	G	-		
1342	39	O	110.90	C	-		
1342	40	O	110.90	T	-		
1342	41	O	110.90	G	-		
1342	42	O	110.90	C	-		
1342	43	O	110.90	A	-		
1342	44	O	110.90	T	-		
1342	45	O	110.90	T	-		
1342	46	O	110.90	T	-		
1342	47	O	110.90	T	-		
1342	48	O	110.90	G	-		
1342	49	O	110.90	G	-		
1342	50	O	110.90	T	-		
1342	51	O	110.90	T	-		
1342	52	O	110.90	T	-		
1342	53	O	110.90	T	-		
1342	54	O	110.90	C	-		
1342	55	O	110.90	T	-		
1342	56	O	110.90	T	-		
1342	57	O	110.90	T	-		
1342	58	O	110.90	T	-		
1342	59	O	110.90	C	-		
1342	60	O	110.90	T	-		
1342	61	O	110.90	G	-		
1342	62	O	110.90	C	-		
1342	63	O	110.90	A	-		
1342	64	O	110.90	G	-		
1342	65	O	110.90	C	-		
1342	66	O	110.90	G	-		
1342	67	O	110.90	A	-		
1342	68	O	110.90	G	-		
1342	69	O	110.90	C	-		
1342	70	O	110.90	G	-		
1342	71	O	110.90	A	-		
1342	72	O	110.90	A	-		
1342	73	O	110.90	A	-		
1342	74	O	110.90	G	-		
1342	75	O	110.90	G	-		
1342	76	O	110.90	G	-		
1342	77	O	110.90	G	-		
1342	78	O	110.90	G	-		
1342	79	O	110.90	A	-		
1342	80	O	110.90	T	-		
1342	81	O	110.90	A	-		
1342	82	O	110.90	C	-		
1342	83	O	110.90	T	-		
1342	84	O	110.90	A	-		
1342	85	O	110.90	A	-		
1342	86	O	110.90	G	-		
1342	87	O	110.90	G	-		
1342	88	O	110.90	T	-		
1342	89	O	110.90	G	-		
1342	90	O	110.90	T	-		
1342	91	O	110.90	T	-		
1342	92	O	110.90	A	-		
1342	93	O	110.90	A	-		
1342	94	O	110.90	C	-		
1342	95	O	110.90	G	-		
1342	96	O	110.90	A	-		
1342	97	O	110.90	A	-		
1342	98	O	110.90	G	-		
1342	99	O	110.90	T	-		
1342	100	O	110.90	G	-		
1342	101	O	110.90	A	-		
1342	102	O	110.90	A	-		
1342	103	O	110.90	C	-		
1342	104	O	110.90	T	-		
1342	105	O	110.90	A	-		
1342	106	O	110.90	C	-		
1342	107	O	110.90	T	-		
1342	108	O	110.90	T	-		
1342	109	O	110.90	C	-		
1343	0	O	94.27	G	-		
1343	1	O	94.27	T	-		
1343	2	O	94.27	C	-		
1343	3	O	94.27	A	-		
1343	4	O	94.27	G	-		
1343	5	O	94.27	T	-		
1343	6	O	94.27	C	-		
1343	7	O	94.27	T	-		
1343	8	O	94.27	T	-		
1343	9	O	94.27	T	-		
1343	10	O	94.27	T	-		
1343	11	O	94.27	T	-		
1343	12	O	94.27	G	-		
1343	13	O	94.27	G	-		
1343	14	O	94.27	T	-		
1343	15	O	94.27	G	-		
1343	16	O	94.27	G	-		
1343	17	O	94.27	G	-		
1343	18	O	94.27	A	-		
1343	19	O	94.27	A	-		
1343	20	O	94.27	T	-		
1343	21	O	94.27	G	-		
1343	22	O	94.27	A	-		
1343	23	O	94.27	C	-		
1343	24	O	94.27	G	-		
1343	25	O	94.27	G	-		
1343	26	O	94.27	A	-		
1343	27	O	94.27	T	-		
1343	28	O	94.27	T	-		
1343	29	O	94.27	G	-		
1343	30	O	94.27	G	-		
1343	31	O	94.27	T	-		
1343	32	O	94.27	G	-		
1343	33	O	94.27	G	-		
1343	34	O	94.27	T	-		
1343	35	O	94.27	T	-		
1343	36	O	94.27	T	-		
1343	37	O	94.27	G	-		
1343	38	O	94.27	T	-		
1343	39	O	94.27	T	-		
1343	40	O	94.27	T	-		
1343	41	O	94.27	A	-		
1343	42	O	94.27	G	-		
1343	43	O	94.27	A	-		
1343	44	O	94.27	T	-		
1343	45	O	94.27	T	-		
1343	46	O	94.27	A	-		
1343	47	O	94.27	C	-		
1343	48	O	94.27	A	-		
1343	49	O	94.27	A	-		
1343	50	O	94.27	C	-		
1343	51	O	94.27	T	-		
1343	52	O	94.27	G	-		
1343	53	O	94.27	G	-		
1343	54	O	94.27	A	-		
1343	55	O	94.27	G	-		
1343	56	O	94.27	T	-		
1343	57	O	94.27	A	-		
1343	58	O	94.27	G	-		
1343	59	O	94.27	A	-		
1343	60	O	94.27	C	-		
1343	61	O	94.27	T	-		
1343	62	O	94.27	G	-		
1343	63	O	94.27	A	-		
1343	64	O	94.27	A	-		
1343	65	O	94.27	T	-		
1343	66	O	94.27	T	-		
1343	67	O	94.27	C	-		
1343	68	O	94.27	T	-		
1343	69	O	94.27	C	-		
1343	70	O	94.27	G	-		
1343	71	O	94.27	G	-		
1343	72	O	94.27	A	-		
1343	73	O	94.27	T	-		
1343	74	O	94.27	A	-		
1343	75	O	94.27	C	-		
1343	76	O	94.27	G	-		
1343	77	O	94.27	A	-		
1343	78	O	94.27	G	-		
1343	79	O	94.27	T	-		
1343	80	O	94.27	C	-		
1343	81	O	94.27	T	-		
1343	82	O	94.27	A	-		
1343	83	O	94.27	T	-		
1343	84	O	94.27	C	-		
1343	85	O	94.27	A	-		
1343	86	O	94.27	A	-		
1343	87	O	94.27	A	-		
1343	88	O	94.27	A	-		
1343	89	O	94.27	T	-		
1343	90	O	94.27	G	-		
1343	91	O	94.27	A	-		
1343	92	O	94.27	G	-		
1343	93	O	94.27	G	-		
1343	94	O	94.27	T	-		
1343	95	O	94.27	G	-		
1343	96	O	94.27	A	-		
1343	97	O	94.27	A	-		
1343	98	O	94.27	G	-		
1343	99	O	94.27	C	-		
1343	100	O	94.27	C	-		
1343	101	O	94.27	C	-		
1343	102	O	94.27	G	-		
1343	103	O	94.27	T	-		
1343	104	O	94.27	A	-		
1343	105	O	94.27	C	-		
1343	106	O	94.27	G	-		
1343	107	O	94.27	C	-		
1343	108	O	94.27	G	-		
1343	109	O	94.27	T	-		
1344	0	O	88.72	A	-		
1344	1	O	88.72	G	-		
1344	2	O	88.72	A	-		
1344	3	O	88.72	G	-		
1344	4	O	88.72	G	-		
1344	5	O	88.72	A	-		
1344	6	O	88.72	C	-		
1344	7	O	88.72	T	-		
1344	8	O	88.72	C	-		
1344	9	O	88.72	T	-		
1344	10	O	88.72	A	-		
1344	11	O	88.72	A	-		
1344	12	O	88.72	C	-		
1344	13	O	88.72	T	-		
1344	14	O	88.72	C	-		
1344	15	O	88.72	A	-		
1344	16	O	88.72	T	-		
1344	17	O	88.72	G	-		
1344	18	O	88.72	C	-		
1344	19	O	88.72	C	-		
1344	20	O	88.72	A	-		
1344	21	O	88.72	A	-		
1344	22	O	88.72	T	-		
1344	23	O	88.72	G	-		
1344	24	O	88.72	G	-		
1344	25	O	88.72	A	-		
1344	26	O	88.72	A	-		
1344	27	O	88.72	G	-		
1344	28	O	88.72	C	-		
1344	29	O	88.72	A	-		
1344	30	O	88.72	G	-		
1344	31	O	88.72	T	-		
1344	32	O	88.72	T	-		
1344	33	O	88.72	T	-		
1344	34	O	88.72	C	-		
1344	35	O	88.72	A	-		
1344	36	O	88.72	A	-		
1344	37	O	88.72	G	-		
1344	38	O	88.72	G	-		
1344	39	O	88.72	G	-		
1344	40	O	88.72	A	-		
1344	41	O	88.72	T	-		
1344	42	O	88.72	G	-		
1344	43	O	88.72	A	-		
1344	44	O	88.72	A	-		
1344	45	O	88.72	C	-		
1344	46	O	88.72	A	-		
1344	47	O	88.72	T	-		
1344	48	O	88.72	G	-		
1344	49	O	88.72	C	-		
1344	50	O	88.72	C	-		
1344	51	O	88.72	C	-		
1344	52	O	88.72	A	-		
1344	53	O	88.72	T	-		
1344	54	O	88.72	C	-		
1344	55	O	88.72	T	-		
1344	56	O	88.72	G	-		
1344	57	O	88.72	C	-		
1344	58	O	88.72	C	-		
1344	59	O	88.72	T	-		
1344	60	O	88.72	T	-		
1344	61	O	88.72	T	-		
1344	62	O	88.72	C	-		
1344	63	O	88.72	T	-		
1344	64	O	88.72	G	-		
1344	65	O	88.72	A	-		
1344	66	O	88.72	C	-		
1344	67	O	88.72	T	-		
1344	68	O	88.72	T	-		
1344	69	O	88.72	G	-		
1344	70	O	88.72	G	-		
1344	71	O	88.72	T	-		
1344	72	O	88.72	A	-		
1344	73	O	88.72	A	-		
1344	74	O	88.72	G	-		
1344	75	O	88.72	A	-		
1344	76	O	88.72	T	-		
1344	77	O	88.72	T	-		
1344	78	O	88.72	G	-		
1344	79	O	88.72	G	-		
1344	80	O	88.72	A	-		
1344	81	O	88.72	T	-		
1344	82	O	88.72	G	-		
1344	83	O	88.72	T	-		
1344	84	O	88.72	T	-		
1344	85	O	88.72	A	-		
1344	86	O	88.72	A	-		
1344	87	O	88.72	A	-		
1344	88	O	88.72	A	-		
1344	89	O	88.72	A	-		
1344	90	O	88.72	G	-		
1344	91	O	88.72	G	-		
1344	92	O	88.72	A	-		
1344	93	O	88.72	C	-		
1344	94	O	88.72	T	-		
1344	95	O	88.72	A	-		
1344	96	O	88.72	A	-		
1344	97	O	88.72	G	-		
1344	98	O	88.72	G	-		
1344	99	O	88.72	C	-		
1344	100	O	88.72	T	-		
1344	101	O	88.72	T	-		
1344	102	O	88.72	C	-		
1344	103	O	88.72	A	-		
1344	104	O	88.72	T	-		
1344	105	O	88.72	C	-		
1344	106	O	88.72	T	-		
1344	107	O	88.72	A	-		
1344	108	O	88.72	G	-		
1344	109	O	88.72	T	-		
1345	0	O	85.95	T	-		
1345	1	O	85.95	A	-		
1345	2	O	85.95	G	-		
1345	3	O	85.95	G	-		
1345	4	O	85.95	C	-		
1345	5	O	85.95	T	-		
1345	6	O	85.95	G	-		
1345	7	O	85.95	C	-		
1345	8	O	85.95	T	-		
1345	9	O	85.95	C	-		
1345	10	O	85.95	G	-		
1345	11	O	85.95	T	-		
1345	12	O	85.95	C	-		
1345	13	O	85.95	C	-		
1345	14	O	85.95	G	-		
1345	15	O	85.95	T	-		
1345	16	O	85.95	C	-		
1345	17	O	85.95	C	-		
1345	18	O	85.95	T	-		
1345	19	O	85.95	T	-		
1345	20	O	85.95	C	-		
1345	21	O	85.95	A	-		
1345	22	O	85.95	T	-		
1345	23	O	85.95	G	-		
1345	24	O	85.95	C	-		
1345	25	O	85.95	C	-		
1345	26	O	85.95	G	-		
1345	27	O	85.95	C	-		
1345	28	O	85.95	A	-		
1345	29	O	85.95	T	-		
1345	30	O	85.95	T	-		
1345	31	O	85.95	T	-		
1345	32	O	85.95	C	-		
1345	33	O	85.95	C	-		
1345	34	O	85.95	T	-		
1345	35	O	85.95	A	-		
1345	36	O	85.95	G	-		
1345	37	O	85.95	G	-		
1345	38	O	85.95	T	-		
1345	39	O	85.95	G	-		
1345	40	O	85.95	G	-		
1345	41	O	85.95	A	-		
1345	42	O	85.95	G	-		
1345	43	O	85.95	A	-		
1345	44	O	85.95	G	-		
1345	45	O	85.95	A	-		
1345	46	O	85.95	T	-		
1345	47	O	85.95	T	-		
1345	48	O	85.95	C	-		
1345	49	O	85.95	C	-		
1345	50	O	85.95	C	-		
1345	51	O	85.95	C	-		
1345	52	O	85.95	G	-		
1345	53	O	85.95	G	-		
1345	54	O	85.95	G	-		
1345	55	O	85.95	T	-		
1345	56	O	85.95	T	-		
1345	57	O	85.95	C	-		
1345	58	O	85.95	T	-		
1345	59	O	85.95	T	-		
1345	60	O	85.95	C	-		
1345	61	O	85.95	T	-		
1345	62	O	85.95	T	-		
1345	63	O	85.95	T	-		
1345	64	O	85.95	C	-		
1345	65	O	85.95	T	-		
1345	66	O	85.95	C	-		
1345	67	O	85.95	G	-		
1345	68	O	85.95	T	-		
1345	69	O	85.95	G	-		
1345	70	O	85.95	A	-		
1345	71	O	85.95	G	-		
1345	72	O	85.95	C	-		
1345	73	O	85.95	T	-		
1345	74	O	85.95	A	-		
1345	75	O	85.95	G	-		
1345	76	O	85.95	G	-		
1345	77	O	85.95	T	-		
1345	78	O	85.95	T	-		
1345	79	O	85.95	T	-		
1345	80	O	85.95	A	-		
1345	81	O	85.95	A	-		
1345	82	O	85.95	T	-		
1345	83	O	85.95	A	-		
1345	84	O	85.95	G	-		
1345	85	O	85.95	A	-		
1345	86	O	85.95	T	-		
1345	87	O	85.95	C	-		
1345	88	O	85.95	A	-		
1345	89	O	85.95	G	-		
1345	90	O	85.95	T	-		
1345	91	O	85.95	T	-		
1345	92	O	85.95	C	-		
1345	93	O	85.95	C	-		
1345	94	O	85.95	C	-		
1345	95	O	85.95	T	-		
1345	96	O	85.95	G	-		
1345	97	O	85.95	T	-		
1345	98	O	85.95	A	-		
1345	99	O	85.95	C	-		
1345	100	O	85.95	T	-		
1345	101	O	85.95	G	-		
1345	102	O	85.95	G	-		
1345	103	O	85.95	A	-		
1345	104	O	85.95	C	-		
1345	105	O	85.95	G	-		
1345	106	O	85.95	T	-		
1345	107	O	85.95	T	-		
1345	108	O	85.95	G	-		
1345	109	O	85.95	T	-		
1346	0	O	85.95	A	-		
1346	1	O	85.95	A	-		
1346	2	O	85.95	C	-		
1346	3	O	85.95	T	-		
1346	4	O	85.95	A	-		
1346	5	O	85.95	A	-		
1346	6	O	85.95	C	-		
1346	7	O	85.95	A	-		
1346	8	O	85.95	G	-		
1346	9	O	85.95	G	-		
1346	10	O	85.95	C	-		
1346	11	O	85.95	A	-		
1346	12	O	85.95	A	-		
1346	13	O	85.95	T	-		
1346	14	O	85.95	T	-		
1346	15	O	85.95	A	-		
1346	16	O	85.95	A	-		
1346	17	O	85.95	G	-		
1346	18	O	85.95	G	-		
1346	19	O	85.95	G	-		
1346	20	O	85.95	A	-		
1346	21	O	85.95	A	-		
1346	22	O	85.95	A	-		
1346	23	O	85.95	T	-		
1346	24	O	85.95	C	-		
1346	25	O	85.95	C	-		
1346	26	O	85.95	C	-		
1346	27	O	85.95	C	-		
1346	28	O	85.95	A	-		
1346	29	O	85.95	A	-		
1346	30	O	85.95	T	-		
1346	31	O	85.95	C	-		
1346	32	O	85.95	C	-		
1346	33	O	85.95	C	-		
1346	34	O	85.95	A	-		
1346	35	O	85.95	A	-		
1346	36	O	85.95	C	-		
1346	37	O	85.95	C	-		
1346	38	O	85.95	A	-		
1346	39	O	85.95	A	-		
1346	40	O	85.95	C	-		
1346	41	O	85.95	A	-		
1346	42	O	85.95	A	-		
1346	43	O	85.95	C	-		
1346	44	O	85.95	C	-		
1346	45	O	85.95	G	-		
1346	46	O	85.95	A	-		
1346	47	O	85.95	G	-		
1346	48	O	85.95	C	-		
1346	49	O	85.95	T	-		
1346	50	O	85.95	C	-		
1346	51	O	85.95	G	-		
1346	52	O	85.95	A	-		
1346	53	O	85.95	G	-		
1346	54	O	85.95	C	-		
1346	55	O	85.95	T	-		
1346	56	O	85.95	A	-		
1346	57	O	85.95	C	-		
1346	58	O	85.95	G	-		
1346	59	O	85.95	A	-		
1346	60	O	85.95	G	-		
1346	61	O	85.95	A	-		
1346	62	O	85.95	A	-		
1346	63	O	85.95	G	-		
1346	64	O	85.95	A	-		
1346	65	O	85.95	G	-		
1346	66	O	85.95	C	-		
1346	67	O	85.95	T	-		
1346	68	O	85.95	C	-		
1346	69	O	85.95	C	-		
1346	70	O	85.95	G	-		
1346	71	O	85.95	G	-		
1346	72	O	85.95	A	-		
1346	73	O	85.95	C	-		
1346	74	O	85.95	G	-		
1346	75	O	85.95	A	-		
1346	76	O	85.95	T	-		
1346	77	O	85.95	A	-		
1346	78	O	85.95	T	-		
1346	79	O	85.95	T	-		
1346	80	O	85.95	T	-		
1346	81	O	85.95	A	-		
1346	82	O	85.95	A	-		
1346	83	O	85.95	A	-		
1346	84	O	85.95	C	-		
1346	85	O	85.95	A	-		
1346	86	O	85.95	A	-		
1346	87	O	85.95	T	-		
1346	88	O	85.95	T	-		
1346	89	O	85.95	C	-		
1346	90	O	85.95	A	-		
1346	91	O	85.95	A	-		
1346	92	O	85.95	T	-		
1346	93	O	85.95	G	-		
1346	94	O	85.95	A	-		
1346	95	O	85.95	C	-		
1346	96	O	85.95	T	-		
1346	97	O	85.95	T	-		
1346	98	O	85.95	T	-		
1346	99	O	85.95	C	-		
1346	100	O	85.95	T	-		
1346	101	O	85.95	C	-		
1346	102	O	85.95	G	-		
1346	103	O	85.95	A	-		
1346	104	O	85.95	G	-		
1346	105	O	85.95	G	-		
1346	106	O	85.95	A	-		
1346	107	O	85.95	A	-		
1346	108	O	85.95	G	-		
1346	109	O	85.95	A	-		
1347	0	O	80.41	T	-		
1347	1	O	80.41	T	-		
1347	2	O	80.41	G	-		
1347	3	O	80.41	C	-		
1347	4	O	80.41	T	-		
1347	5	O	80.41	G	-		
1347	6	O	80.41	C	-		
1347	7	O	80.41	T	-		
1347	8	O	80.41	A	-		
1347	9	O	80.41	T	-		
1347	10	O	80.41	C	-		
1347	11	O	80.41	C	-		
1347	12	O	80.41	C	-		
1347	13	O	80.41	C	-		
1347	14	O	80.41	C	-		
1347	15	O	80.41	G	-		
1347	16	O	80.41	A	-		
1347	17	O	80.41	A	-		
1347	18	O	80.41	G	-		
1347	19	O	80.41	A	-		
1347	20	O	80.41	G	-		
1347	21	O	80.41	A	-		
1347	22	O	80.41	A	-		
1347	23	O	80.41	T	-		
1347	24	O	80.41	A	-		
1347	25	O	80.41	G	-		
1347	26	O	80.41	A	-		
1347	27	O	80.41	C	-		
1347	28	O	80.41	G	-		
1347	29	O	80.41	A	-		
1347	30	O	80.41	A	-		
1347	31	O	80.41	G	-		
1347	32	O	80.41	A	-		
1347	33	O	80.41	G	-		
1347	34	O	80.41	G	-		
1347	35	O	80.41	T	-		
1347	36	O	80.41	T	-		
1347	37	O	80.41	C	-		
1347	38	O	80.41	T	-		
1347	39	O	80.41	T	-		
1347	40	O	80.41	C	-		
1347	41	O	80.41	C	-		
1347	42	O	80.41	C	-		
1347	43	O	80.41	A	-		
1347	44	O	80.41	T	-		
1347	45	O	80.41	T	-		
1347	46	O	80.41	A	-		
1347	47	O	80.41	T	-		
1347	48	O	80.41	G	-		
1347	49	O	80.41	G	-		
1347	50	O	80.41	A	-		
1347	51	O	80.41	A	-		
1347	52	O	80.41	T	-		
1347	53	O	80.41	G	-		
1347	54	O	80.41	C	-		
1347	55	O	80.41	A	-		
1347	56	O	80.41	A	-		
1347	57	O	80.41	G	-		
1347	58	O	80.41	A	-		
1347	59	O	80.41	G	-		
1347	60	O	80.41	C	-		
1347	61	O	80.41	A	-		
1347	62	O	80.41	A	-		
1347	63	O	80.41	A	-		
1347	64	O	80.41	A	-		
1347	65	O	80.41	G	-		
1347	66	O	80.41	C	-		
1347	67	O	80.41	G	-		
1347	68	O	80.41	G	-		
1347	69	O	80.41	A	-		
1347	70	O	80.41	A	-		
1347	71	O	80.41	A	-		
1347	72	O	80.41	T	-		
1347	73	O	80.41	C	-		
1347	74	O	80.41	C	-		
1347	75	O	80.41	C	-		
1347	76	O	80.41	A	-		
1347	77	O	80.41	G	-		
1347	78	O	80.41	T	-		
1347	79	O	80.41	A	-		
1347	80	O	80.41	T	-		
1347	81	O	80.41	T	-		
1347	82	O	80.41	G	-		
1347	83	O	80.41	T	-		
1347	84	O	80.41	A	-		
1347	85	O	80.41	A	-		
1347	86	O	80.41	G	-		
1347	87	O	80.41	A	-		
1347	88	O	80.41	G	-		
1347	89	O	80.41	A	-		
1347	90	O	80.41	A	-		
1347	91	O	80.41	G	-		
1347	92	O	80.41	G	-		
1347	93	O	80.41	G	-		
1347	94	O	80.41	T	-		
1347	95	O	80.41	C	-		
1347	96	O	80.41	A	-		
1347	97	O	80.41	G	-		
1347	98	O	80.41	C	-		
1347	99	O	80.41	T	-		
1347	100	O	80.41	C	-		
1347	101	O	80.41	A	-		
1347	102	O	80.41	T	-		
1347	103	O	80.41	C	-		
1347	104	O	80.41	C	-		
1347	105	O	80.41	A	-		
1347	106	O	80.41	A	-		
1347	107	O	80.41	G	-		
1347	108	O	80.41	C	-		
1347	109	O	80.41	T	-		
1348	0	O	76.25	G	-		
1348	1	O	76.25	A	-		
1348	2	O	76.25	G	-		
1348	3	O	76.25	A	-		
1348	4	O	76.25	C	-		
1348	5	O	76.25	A	-		
1348	6	O	76.25	A	-		
1348	7	O	76.25	T	-		
1348	8	O	76.25	G	-		
1348	9	O	76.25	G	-		
1348	10	O	76.25	T	-		
1348	11	O	76.25	T	-		
1348	12	O	76.25	G	-		
1348	13	O	76.25	A	-		
1348	14	O	76.25	A	-		
1348	15	O	76.25	G	-		
1348	16	O	76.25	T	-		
1348	17	O	76.25	T	-		
1348	18	O	76.25	T	-		
1348	19	O	76.25	T	-		
1348	20	O	76.25	C	-		
1348	21	O	76.25	C	-		
1348	22	O	76.25	T	-		
1348	23	O	76.25	G	-		
1348	24	O	76.25	C	-		
1348	25	O	76.25	G	-		
1348	26	O	76.25	A	-		
1348	27	O	76.25	T	-		
1348	28	O	76.25	A	-		
1348	29	O	76.25	T	-		
1348	30	O	76.25	T	-		
1348	31	O	76.25	T	-		
1348	32	O	76.25	T	-		
1348	33	O	76.25	A	-		
1348	34	O	76.25	G	-		
1348	35	O	76.25	A	-		
1348	36	O	76.25	G	-		
1348	37	O	76.25	A	-		
1348	38	O	76.25	A	-		
1348	39	O	76.25	A	-		
1348	40	O	76.25	T	-		
1348	41	O	76.25	C	-		
1348	42	O	76.25	G	-		
1348	43	O	76.25	G	-		
1348	44	O	76.25	C	-		
1348	45	O	76.25	G	-		
1348	46	O	76.25	C	-		
1348	47	O	76.25	T	-		
1348	48	O	76.25	A	-		
1348	49	O	76.25	A	-		
1348	50	O	76.25	A	-		
1348	51	O	76.25	A	-		
1348	52	O	76.25	A	-		
1348	53	O	76.25	T	-		
1348	54	O	76.25	G	-		
1348	55	O	76.25	A	-		
1348	56	O	76.25	A	-		
1348	57	O	76.25	T	-		
1348	58	O	76.25	C	-		
1348	59	O	76.25	T	-		
1348	60	O	76.25	G	-		
1348	61	O	76.25	G	-		
1348	62	O	76.25	T	-		
1348	63	O	76.25	C	-		
1348	64	O	76.25	G	-		
1348	65	O	76.25	A	-		
1348	66	O	76.25	C	-		
1348	67	O	76.25	C	-		
1348	68	O	76.25	A	-		
1348	69	O	76.25	A	-		
1348	70	O	76.25	T	-		
1348	71	O	76.25	C	-		
1348	72	O	76.25	T	-		
1348	73	O	76.25	C	-		
1348	74	O	76.25	T	-		
1348	75	O	76.25	G	-		
1348	76	O	76.25	C	-		
1348	77	O	76.25	A	-		
1348	78	O	76.25	G	-		
1348	79	O	76.25	T	-		
1348	80	O	76.25	T	-		
1348	81	O	76.25	C	-		
1348	82	O	76.25	C	-		
1348	83	O	76.25	T	-		
1348	84	O	76.25	T	-		
1348	85	O	76.25	T	-		
1348	86	O	76.25	T	-		
1348	87	O	76.25	T	-		
1348	88	O	76.25	G	-		
1348	89	O	76.25	T	-		
1348	90	O	76.25	T	-		
1348	91	O	76.25	T	-		
1348	92	O	76.25	T	-		
1348	93	O	76.25	T	-		
1348	94	O	76.25	T	-		
1348	95	O	76.25	A	-		
1348	96	O	76.25	G	-		
1348	97	O	76.25	T	-		
1348	98	O	76.25	G	-		
1348	99	O	76.25	G	-		
1348	100	O	76.25	A	-		
1348	101	O	76.25	G	-		
1348	102	O	76.25	A	-		
1348	103	O	76.25	A	-		
1348	104	O	76.25	G	-		
1348	105	O	76.25	C	-		
1348	106	O	76.25	T	-		
1348	107	O	76.25	T	-		
1348	108	O	76.25	C	-		
1348	109	O	76.25	C	-		
1349	0	O	69.31	G	-		
1349	1	O	69.31	T	-		
1349	2	O	69.31	T	-		
1349	3	O	69.31	G	-		
1349	4	O	69.31	A	-		
1349	5	O	69.31	G	-		
1349	6	O	69.31	A	-		
1349	7	O	69.31	T	-		
1349	8	O	69.31	C	-		
1349	9	O	69.31	G	-		
1349	10	O	69.31	A	-		
1349	11	O	69.31	A	-		
1349	12	O	69.31	T	-		
1349	13	O	69.31	A	-		
1349	14	O	69.31	G	-		
1349	15	O	69.31	G	-		
1349	16	O	69.31	A	-		
1349	17	O	69.31	T	-		
1349	18	O	69.31	A	-		
1349	19	O	69.31	A	-		
1349	20	O	69.31	A	-		
1349	21	O	69.31	A	-		
1349	22	O	69.31	A	-		
1349	23	O	69.31	A	-		
1349	24	O	69.31	A	-		
1349	25	O	69.31	G	-		
1349	26	O	69.31	G	-		
1349	27	O	69.31	A	-		
1349	28	O	69.31	A	-		
1349	29	O	69.31	A	-		
1349	30	O	69.31	T	-		
1349	31	O	69.31	A	-		
1349	32	O	69.31	G	-		
1349	33	O	69.31	A	-		
1349	34	O	69.31	C	-		
1349	35	O	69.31	T	-		
1349	36	O	69.31	C	-		
1349	37	O	69.31	T	-		
1349	38	O	69.31	T	-		
1349	39	O	69.31	A	-		
1349	40	O	69.31	A	-		
1349	41	O	69.31	C	-		
1349	42	O	69.31	T	-		
1349	43	O	69.31	A	-		
1349	44	O	69.31	A	-		
1349	45	O	69.31	T	-		
1349	46	O	69.31	A	-		
1349	47	O	69.31	A	-		
1349	48	O	69.31	T	-		
1349	49	O	69.31	A	-		
1349	50	O	69.31	G	-		
1349	51	O	69.31	G	-		
1349	52	O	69.31	G	-		
1349	53	O	69.31	G	-		
1349	54	O	69.31	G	-		
1349	55	O	69.31	G	-		
1349	56	O	69.31	G	-		
1349	57	O	69.31	A	-		
1349	58	O	69.31	A	-		
1349	59	O	69.31	G	-		
1349	60	O	69.31	A	-		
1349	61	O	69.31	G	-		
1349	62	O	69.31	A	-		
1349	63	O	69.31	T	-		
1349	64	O	69.31	A	-		
1349	65	O	69.31	T	-		
1349	66	O	69.31	C	-		
1349	67	O	69.31	A	-		
1349	68	O	69.31	T	-		
1349	69	O	69.31	T	-		
1349	70	O	69.31	C	-		
1349	71	O	69.31	C	-		
1349	72	O	69.31	G	-		
1349	73	O	69.31	T	-		
1349	74	O	69.31	C	-		
1349	75	O	69.31	T	-		
1349	76	O	69.31	G	-		
1349	77	O	69.31	G	-		
1349	78	O	69.31	A	-		
1349	79	O	69.31	G	-		
1349	80	O	69.31	A	-		
1349	81	O	69.31	A	-		
1349	82	O	69.31	T	-		
1349	83	O	69.31	G	-		
1349	84	O	69.31	A	-		
1349	85	O	69.31	T	-		
1349	86	O	69.31	A	-		
1349	87	O	69.31	T	-		
1349	88	O	69.31	G	-		
1349	89	O	69.31	A	-		
1349	90	O	69.31	T	-		
1349	91	O	69.31	T	-		
1349	92	O	69.31	G	-		
1349	93	O	69.31	A	-		
1349	94	O	69.31	C	-		
1349	95	O	69.31	C	-		
1349	96	O	69.31	G	-		
1349	97	O	69.31	A	-		
1349	98	O	69.31	G	-		
1349	99	O	69.31	A	-		
1349	100	O	69.31	G	-		
1349	101	O	69.31	T	-		
1349	102	O	69.31	A	-		
1349	103	O	69.31	C	-		
1349	104	O	69.31	T	-		
1349	105	O	69.31	T	-		
1349	106	O	69.31	A	-		
1349	107	O	69.31	T	-		
1349	108	O	69.31	A	-		
1349	109	O	69.31	A	-		
1350	0	O	58.22	A	-		
1350	1	O	58.22	C	-		
1350	2	O	58.22	C	-		
1350	3	O	58.22	A	-		
1350	4	O	58.22	G	-		
1350	5	O	58.22	A	-		
1350	6	O	58.22	T	-		
1350	7	O	58.22	A	-		
1350	8	O	58.22	A	-		
1350	9	O	58.22	C	-		
1350	10	O	58.22	A	-		
1350	11	O	58.22	A	-		
1350	12	O	58.22	T	-		
1350	13	O	58.22	A	-		
1350	14	O	58.22	T	-		
1350	15	O	58.22	T	-		
1350	16	O	58.22	C	-		
1350	17	O	58.22	T	-		
1350	18	O	58.22	G	-		
1350	19	O	58.22	G	-		
1350	20	O	58.22	G	-		
1350	21	O	58.22	G	-		
1350	22	O	58.22	A	-		
1350	23	O	58.22	T	-		
1350	24	O	58.22	C	-		
1350	25	O	58.22	A	-		
1350	26	O	58.22	C	-		
1350	27	O	58.22	A	-		
1350	28	O	58.22	G	-		
1350	29	O	58.22	T	-		
1350	30	O	58.22	C	-		
1350	31	O	58.22	G	-		
1350	32	O	58.22	G	-		
1350	33	O	58.22	T	-		
1350	34	O	58.22	A	-		
1350	35	O	58.22	G	-		
1350	36	O	58.22	A	-		
1350	37	O	58.22	T	-		
1350	38	O	58.22	C	-		
1350	39	O	58.22	A	-		
1350	40	O	58.22	G	-		
1350	41	O	58.22	T	-		
1350	42	O	58.22	G	-		
1350	43	O	58.22	G	-		
1350	44	O	58.22	T	-		
1350	45	O	58.22	G	-		
1350	46	O	58.22	T	-		
1350	47	O	58.22	A	-		
1350	48	O	58.22	C	-		
1350	49	O	58.22	T	-		
1350	50	O	58.22	T	-		
1350	51	O	58.22	C	-		
1350	52	O	58.22	G	-		
1350	53	O	58.22	C	-		
1350	54	O	58.22	A	-		
1350	55	O	58.22	A	-		
1350	56	O	58.22	A	-		
1350	57	O	58.22	T	-		
1350	58	O	58.22	T	-		
1350	59	O	58.22	T	-		
1350	60	O	58.22	A	-		
1350	61	O	58.22	T	-		
1350	62	O	58.22	T	-		
1350	63	O	58.22	G	-		
1350	64	O	58.22	A	-		
1350	65	O	58.22	G	-		
1350	66	O	58.22	C	-		
1350	67	O	58.22	T	-		
1350	68	O	58.22	T	-		
1350	69	O	58.22	C	-		
1350	70	O	58.22	A	-		
1350	71	O	58.22	A	-		
1350	72	O	58.22	A	-		
1350	73	O	58.22	T	-		
1350	74	O	58.22	G	-		
1350	75	O	58.22	T	-		
1350	76	O	58.22	A	-		
1350	77	O	58.22	T	-		
1350	78	O	58.22	G	-		
1350	79	O	58.22	T	-		
1350	80	O	58.22	A	-		
1350	81	O	58.22	G	-		
1350	82	O	58.22	G	-		
1350	83	O	58.22	T	-		
1350	84	O	58.22	G	-		
1350	85	O	58.22	G	-		
1350	86	O	58.22	A	-		
1350	87	O	58.22	T	-		
1350	88	O	58.22	G	-		
1350	89	O	58.22	C	-		
1350	90	O	58.22	A	-		
1350	91	O	58.22	A	-		
1350	92	O	58.22	T	-		
1350	93	O	58.22	C	-		
1350	94	O	58.22	A	-		
1350	95	O	58.22	A	-		
1350	96	O	58.22	A	-		
1350	97	O	58.22	A	-		
1350	98	O	58.22	C	-		
1350	99	O	58.22	A	-		
1350	100	O	58.22	T	-		
1350	101	O	58.22	T	-		
1350	102	O	58.22	C	-		
1350	103	O	58.22	T	-		
1350	104	O	58.22	T	-		
1350	105	O	58.22	T	-		
1350	106	O	58.22	G	-		
1350	107	O	58.22	T	-		
1350	108	O	58.22	G	-		
1350	109	O	58.22	G	-		
1351	0	O	47.13	C	-		
1351	1	O	47.13	A	-		
1351	2	O	47.13	A	-		
1351	3	O	47.13	T	-		
1351	4	O	47.13	G	-		
1351	5	O	47.13	A	-		
1351	6	O	47.13	G	-		
1351	7	O	47.13	A	-		
1351	8	O	47.13	C	-		
1351	9	O	47.13	T	-		
1351	10	O	47.13	A	-		
1351	11	O	47.13	A	-		
1351	12	O	47.13	G	-		
1351	13	O	47.13	T	-		
1351	14	O	47.13	C	-		
1351	15	O	47.13	T	-		
1351	16	O	47.13	T	-		
1351	17	O	47.13	A	-		
1351	18	O	47.13	T	-		
1351	19	O	47.13	T	-		
1351	20	O	47.13	C	-		
1351	21	O	47.13	T	-		
1351	22	O	47.13	T	-		
1351	23	O	47.13	T	-		
1351	24	O	47.13	T	-		
1351	25	O	47.13	T	-		
1351	26	O	47.13	T	-		
1351	27	O	47.13	T	-		
1351	28	O	47.13	C	-		
1351	29	O	47.13	C	-		
1351	30	O	47.13	T	-		
1351	31	O	47.13	G	-		
1351	32	O	47.13	G	-		
1351	33	O	47.13	G	-		
1351	34	O	47.13	C	-		
1351	35	O	47.13	A	-		
1351	36	O	47.13	T	-		
1351	37	O	47.13	T	-		
1351	38	O	47.13	G	-		
1351	39	O	47.13	A	-		
1351	40	O	47.13	T	-		
1351	41	O	47.13	T	-		
1351	42	O	47.13	T	-		
1351	43	O	47.13	A	-		
1351	44	O	47.13	T	-		
1351	45	O	47.13	T	-		
1351	46	O	47.13	C	-		
1351	47	O	47.13	C	-		
1351	48	O	47.13	T	-		
1351	49	O	47.13	G	-		
1351	50	O	47.13	T	-		
1351	51	O	47.13	A	-		
1351	52	O	47.13	T	-		
1351	53	O	47.13	A	-		
1351	54	O	47.13	G	-		
1351	55	O	47.13	C	-		
1351	56	O	47.13	A	-		
1351	57	O	47.13	T	-		
1351	58	O	47.13	C	-		
1351	59	O	47.13	T	-		
1351	60	O	47.13	C	-		
1351	61	O	47.13	T	-		
1351	62	O	47.13	C	-		
1351	63	O	47.13	C	-		
1351	64	O	47.13	A	-		
1351	65	O	47.13	G	-		
1351	66	O	47.13	C	-		
1351	67	O	47.13	A	-		
1351	68	O	47.13	A	-		
1351	69	O	47.13	G	-		
1351	70	O	47.13	A	-		
1351	71	O	47.13	A	-		
1351	72	O	47.13	T	-		
1351	73	O	47.13	G	-		
1351	74	O	47.13	A	-		
1351	75	O	47.13	T	-		
1351	76	O	47.13	T	-		
1351	77	O	47.13	G	-		
1351	78	O	47.13	A	-		
1351	79	O	47.13	A	-		
1351	80	O	47.13	G	-		
1351	81	O	47.13	G	-		
1351	82	O	47.13	C	-		
1351	83	O	47.13	T	-		
1351	84	O	47.13	T	-		
1351	85	O	47.13	C	-		
1351	86	O	47.13	A	-		
1351	87	O	47.13	G	-		
1351	88	O	47.13	C	-		
1351	89	O	47.13	A	-		
1351	90	O	47.13	A	-		
1351	91	O	47.13	A	-		
1351	92	O	47.13	T	-		
1351	93	O	47.13	G	-		
1351	94	O	47.13	A	-		
1351	95	O	47.13	T	-		
1351	96	O	47.13	T	-		
1351	97	O	47.13	C	-		
1351	98	O	47.13	A	-		
1351	99	O	47.13	G	-		
1351	100	O	47.13	G	-		
1351	101	O	47.13	T	-		
1351	102	O	47.13	T	-		
1351	103	O	47.13	C	-		
1351	104	O	47.13	A	-		
1351	105	O	47.13	T	-		
1351	106	O	47.13	G	-		
1351	107	O	47.13	A	-		
1351	108	O	47.13	G	-		
1351	109	O	47.13	A	-		
1352	0	O	42.98	C	-		
1352	1	O	42.98	T	-		
1352	2	O	42.98	A	-		
1352	3	O	42.98	A	-		
1352	4	O	42.98	T	-		
1352	5	O	42.98	G	-		
1352	6	O	42.98	C	-		
1352	7	O	42.98	T	-		
1352	8	O	42.98	C	-		
1352	9	O	42.98	T	-		
1352	10	O	42.98	T	-		
1352	11	O	42.98	G	-		
1352	12	O	42.98	T	-		
1352	13	O	42.98	C	-		
1352	14	O	42.98	T	-		
1352	15	O	42.98	C	-		
1352	16	O	42.98	C	-		
1352	17	O	42.98	A	-		
1352	18	O	42.98	C	-		
1352	19	O	42.98	T	-		
1352	20	O	42.98	G	-		
1352	21	O	42.98	T	-		
1352	22	O	42.98	A	-		
1352	23	O	42.98	A	-		
1352	24	O	42.98	G	-		
1352	25	O	42.98	G	-		
1352	26	O	42.98	C	-		
1352	27	O	42.98	C	-		
1352	28	O	42.98	A	-		
1352	29	O	42.98	G	-		
1352	30	O	42.98	C	-		
1352	31	O	42.98	C	-		
1352	32	O	42.98	C	-		
1352	33	O	42.98	C	-		
1352	34	O	42.98	C	-		
1352	35	O	42.98	A	-		
1352	36	O	42.98	G	-		
1352	37	O	42.98	T	-		
1352	38	O	42.98	A	-		
1352	39	O	42.98	T	-		
1352	40	O	42.98	A	-		
1352	41	O	42.98	A	-		
1352	42	O	42.98	G	-		
1352	43	O	42.98	G	-		
1352	44	O	42.98	C	-		
1352	45	O	42.98	G	-		
1352	46	O	42.98	G	-		
1352	47	O	42.98	A	-		
1352	48	O	42.98	G	-		
1352	49	O	42.98	T	-		
1352	50	O	42.98	C	-		
1352	51	O	42.98	C	-		
1352	52	O	42.98	A	-		
1352	53	O	42.98	A	-		
1352	54	O	42.98	A	-		
1352	55	O	42.98	T	-		
1352	56	O	42.98	A	-		
1352	57	O	42.98	T	-		
1352	58	O	42.98	A	-		
1352	59	O	42.98	T	-		
1352	60	O	42.98	A	-		
1352	61	O	42.98	T	-		
1352	62	O	42.98	T	-		
1352	63	O	42.98	A	-		
1352	64	O	42.98	T	-		
1352	65	O	42.98	A	-		
1352	66	O	42.98	G	-		
1352	67	O	42.98	T	-		
1352	68	O	42.98	A	-		
1352	69	O	42.98	G	-		
1352	70	O	42.98	A	-		
1352	71	O	42.98	G	-		
1352	72	O	42.98	T	-		
1352	73	O	42.98	G	-		
1352	74	O	42.98	T	-		
1352	75	O	42.98	A	-		
1352	76	O	42.98	C	-		
1352	77	O	42.98	T	-		
1352	78	O	42.98	T	-		
1352	79	O	42.98	C	-		
1352	80	O	42.98	T	-		
1352	81	O	42.98	G	-		
1352	82	O	42.98	A	-		
1352	83	O	42.98	C	-		
1352	84	O	42.98	T	-		
1352	85	O	42.98	G	-		
1352	86	O	42.98	T	-		
1352	87	O	42.98	T	-		
1352	88	O	42.98	C	-		
1352	89	O	42.98	C	-		
1352	90	O	42.98	G	-		
1352	91	O	42.98	A	-		
1352	92	O	42.98	G	-		
1352	93	O	42.98	A	-		
1352	94	O	42.98	C	-		
1352	95	O	42.98	T	-		
1352	96	O	42.98	G	-		
1352	97	O	42.98	G	-		
1352	98	O	42.98	T	-		
1352	99	O	42.98	A	-		
1352	100	O	42.98	A	-		
1352	101	O	42.98	G	-		
1352	102	O	42.98	G	-		
1352	103	O	42.98	C	-		
1352	104	O	42.98	T	-		
1352	105	O	42.98	T	-		
1352	106	O	42.98	G	-		
1352	107	O	42.98	T	-		
1352	108	O	42.98	C	-		
1352	109	O	42.98	A	-		
1353	0	O	5.55	T	-		
1353	1	O	5.55	T	-		
1353	2	O	5.55	G	-		
1353	3	O	5.55	T	-		
1353	4	O	5.55	T	-		
1353	5	O	5.55	G	-		
1353	6	O	5.55	C	-		
1353	7	O	5.55	G	-		
1353	8	O	5.55	C	-		
1353	9	O	5.55	G	-		
1353	10	O	5.55	C	-		
1353	11	O	5.55	A	-		
1353	12	O	5.55	C	-		
1353	13	O	5.55	G	-		
1353	14	O	5.55	T	-		
1353	15	O	5.55	C	-		
1353	16	O	5.55	C	-		
1353	17	O	5.55	G	-		
1353	18	O	5.55	T	-		
1353	19	O	5.55	C	-		
1353	20	O	5.55	G	-		
1353	21	O	5.55	G	-		
1353	22	O	5.55	C	-		
1353	23	O	5.55	G	-		
1353	24	O	5.55	A	-		
1353	25	O	5.55	A	-		
1353	26	O	5.55	G	-		
1353	27	O	5.55	C	-		
1353	28	O	5.55	G	-		
1353	29	O	5.55	G	-		
1353	30	O	5.55	C	-		
1353	31	O	5.55	G	-		
1353	32	O	5.55	A	-		
1353	33	O	5.55	A	-		
1353	34	O	5.55	G	-		
1353	35	O	5.55	A	-		
1353	36	O	5.55	A	-		
1353	37	O	5.55	A	-		
1353	38	O	5.55	T	-		
1353	39	O	5.55	A	-		
1353	40	O	5.55	A	-		
1353	41	O	5.55	T	-		
1353	42	O	5.55	T	-		
1353	43	O	5.55	T	-		
1353	44	O	5.55	A	-		
1353	45	O	5.55	A	-		
1353	46	O	5.55	A	-		
1353	47	O	5.55	A	-		
1353	48	O	5.55	A	-		
1353	49	O	5.55	G	-		
1353	50	O	5.55	T	-		
1353	51	O	5.55	C	-		
1353	52	O	5.55	G	-		
1353	53	O	5.55	A	-		
1353	54	O	5.55	A	-		
1353	55	O	5.55	C	-		
1353	56	O	5.55	T	-		
1353	57	O	5.55	G	-		
1353	58	O	5.55	G	-		
1353	59	O	5.55	C	-		
1353	60	O	5.55	C	-		
1353	61	O	5.55	A	-		
1353	62	O	5.55	A	-		
1353	63	O	5.55	C	-		
1353	64	O	5.55	G	-		
1353	65	O	5.55	T	-		
1353	66	O	5.55	T	-		
1353	67	O	5.55	G	-		
1353	68	O	5.55	G	-		
1353	69	O	5.55	G	-		
1353	70	O	5.55	C	-		
1353	71	O	5.55	T	-		
1353	72	O	5.55	G	-		
1353	73	O	5.55	G	-		
1353	74	O	5.55	C	-		
1353	75	O	5.55	G	-		
1353	76	O	5.55	A	-		
1353	77	O	5.55	A	-		
1353	78	O	5.55	G	-		
1353	79	O	5.55	T	-		
1353	80	O	5.55	T	-		
1353	81	O	5.55	T	-		
1353	82	O	5.55	T	-		
1353	83	O	5.55	T	-		
1353	84	O	5.55	T	-		
1353	85	O	5.55	C	-		
1353	86	O	5.55	G	-		
1353	87	O	5.55	C	-		
1353	88	O	5.55	C	-		
1353	89	O	5.55	T	-		
1353	90	O	5.55	C	-		
1353	91	O	5.55	C	-		
1353	92	O	5.55	T	-		
1353	93	O	5.55	C	-		
1353	94	O	5.55	C	-		
1353	95	O	5.55	G	-		
1353	96	O	5.55	C	-		
1353	97	O	5.55	T	-		
1353	98	O	5.55	C	-		
1353	99	O	5.55	G	-		
1353	100	O	5.55	G	-		
1353	101	O	5.55	C	-		
1353	102	O	5.55	C	-		
1353	103	O	5.55	A	-		
1353	104	O	5.55	G	-		
1353	105	O	5.55	T	-		
1353	106	O	5.55	T	-		
1353	107	O	5.55	C	-		
1353	108	O	5.55	G	-		
1353	109	O	5.55	T	-		
1354	0	O	6.93	T	-		
1354	1	O	6.93	C	-		
1354	2	O	6.93	T	-		
1354	3	O	6.93	T	-		
1354	4	O	6.93	T	-		
1354	5	O	6.93	A	-		
1354	6	O	6.93	T	-		
1354	7	O	6.93	T	-		
1354	8	O	6.93	G	-		
1354	9	O	6.93	A	-		
1354	10	O	6.93	G	-		
1354	11	O	6.93	A	-		
1354	12	O	6.93	G	-		
1354	13	O	6.93	C	-		
1354	14	O	6.93	T	-		
1354	15	O	6.93	T	-		
1354	16	O	6.93	T	-		
1354	17	O	6.93	A	-		
1354	18	O	6.93	T	-		
1354	19	O	6.93	C	-		
1354	20	O	6.93	C	-		
1354	21	O	6.93	G	-		
1354	22	O	6.93	T	-		
1354	23	O	6.93	A	-		
1354	24	O	6.93	G	-		
1354	25	O	6.93	C	-		
1354	26	O	6.93	T	-		
1354	27	O	6.93	A	-		
1354	28	O	6.93	C	-		
1354	29	O	6.93	A	-		
1354	30	O	6.93	A	-		
1354	31	O	6.93	T	-		
1354	32	O	6.93	G	-		
1354	33	O	6.93	G	-		
1354	34	O	6.93	T	-		
1354	35	O	6.93	G	-		
1354	36	O	6.93	A	-		
1354	37	O	6.93	T	-		
1354	38	O	6.93	T	-		
1354	39	O	6.93	A	-		
1354	40	O	6.93	T	-		
1354	41	O	6.93	A	-		
1354	42	O	6.93	G	-		
1354	43	O	6.93	A	-		
1354	44	O	6.93	T	-		
1354	45	O	6.93	A	-		
1354	46	O	6.93	T	-		
1354	47	O	6.93	A	-		
1354	48	O	6.93	T	-		
1354	49	O	6.93	G	-		
1354	50	O	6.93	G	-		
1354	51	O	6.93	T	-		
1354	52	O	6.93	C	-		
1354	53	O	6.93	A	-		
1354	54	O	6.93	C	-		
1354	55	O	6.93	C	-		
1354	56	O	6.93	G	-		
1354	57	O	6.93	A	-		
1354	58	O	6.93	A	-		
1354	59	O	6.93	C	-		
1354	60	O	6.93	T	-		
1354	61	O	6.93	G	-		
1354	62	O	6.93	A	-		
1354	63	O	6.93	G	-		
1354	64	O	6.93	T	-		
1354	65	O	6.93	C	-		
1354	66	O	6.93	A	-		
1354	67	O	6.93	A	-		
1354	68	O	6.93	G	-		
1354	69	O	6.93	A	-		
1354	70	O	6.93	A	-		
1354	71	O	6.93	T	-		
1354	72	O	6.93	A	-		
1354	73	O	6.93	G	-		
1354	74	O	6.93	G	-		
1354	75	U	-0.27	T	G		
1354	76	O	6.93	G	-		
1354	77	O	6.93	G	-		
1354	78	O	6.93	T	-		
1354	79	O	6.93	T	-		
1354	80	O	6.93	G	-		
1354	81	O	6.93	T	-		
1354	82	O	6.93	G	-		
1354	83	O	6.93	C	-		
1354	84	O	6.93	T	-		
1354	85	O	6.93	G	-		
1354	86	O	6.93	G	-		
1354	87	O	6.93	G	-		
1354	88	O	6.93	T	-		
1354	89	O	6.93	T	-		
1354	90	O	6.93	T	-		
1354	91	O	6.93	T	-		
1354	92	O	6.93	T	-		
1354	93	O	6.93	G	-		
1354	94	O	6.93	A	-		
1354	95	O	6.93	A	-		
1354	96	O	6.93	A	-		
1354	97	O	6.93	T	-		
1354	98	O	6.93	C	-		
1354	99	O	6.93	A	-		
1354	100	O	6.93	G	-		
1354	101	O	6.93	A	-		
1354	102	O	6.93	A	-		
1354	103	O	6.93	A	-		
1354	104	O	6.93	G	-		
1354	105	O	6.93	C	-		
1354	106	O	6.93	T	-		
1354	107	O	6.93	G	-		
1354	108	O	6.93	A	-		
1354	109	O	6.93	G	-		
1355	0	O	6.93	T	-		
1355	1	O	6.93	C	-		
1355	2	O	6.93	A	-		
1355	3	O	6.93	A	-		
1355	4	O	6.93	G	-		
1355	5	O	6.93	G	-		
1355	6	O	6.93	G	-		
1355	7	O	6.93	T	-		
1355	8	O	6.93	C	-		
1355	9	O	6.93	C	-		
1355	10	O	6.93	A	-		
1355	11	O	6.93	A	-		
1355	12	O	6.93	A	-		
1355	13	O	6.93	A	-		
1355	14	O	6.93	C	-		
1355	15	O	6.93	C	-		
1355	16	O	6.93	G	-		
1355	17	O	6.93	A	-		
1355	18	O	6.93	T	-		
1355	19	O	6.93	T	-		
1355	20	O	6.93	C	-		
1355	21	O	6.93	C	-		
1355	22	O	6.93	G	-		
1355	23	O	6.93	G	-		
1355	24	O	6.93	T	-		
1355	25	O	6.93	G	-		
1355	26	O	6.93	A	-		
1355	27	O	6.93	T	-		
1355	28	O	6.93	T	-		
1355	29	O	6.93	G	-		
1355	30	O	6.93	G	-		
1355	31	O	6.93	C	-		
1355	32	O	6.93	A	-		
1355	33	O	6.93	A	-		
1355	34	O	6.93	C	-		
1355	35	O	6.93	C	-		
1355	36	O	6.93	T	-		
1355	37	O	6.93	C	-		
1355	38	O	6.93	C	-		
1355	39	O	6.93	A	-		
1355	40	O	6.93	C	-		
1355	41	O	6.93	C	-		
1355	42	O	6.93	A	-		
1355	43	O	6.93	G	-		
1355	44	O	6.93	A	-		
1355	45	O	6.93	T	-		
1355	46	O	6.93	T	-		
1355	47	O	6.93	C	-		
1355	48	O	6.93	T	-		
1355	49	O	6.93	A	-		
1355	50	O	6.93	C	-		
1355	51	O	6.93	T	-		
1355	52	O	6.93	C	-		
1355	53	O	6.93	G	-		
1355	54	O	6.93	G	-		
1355	55	O	6.93	C	-		
1355	56	O	6.93	G	-		
1355	57	O	6.93	A	-		
1355	58	O	6.93	C	-		
1355	59	O	6.93	C	-		
1355	60	O	6.93	G	-		
1355	61	O	6.93	C	-		
1355	62	O	6.93	G	-		
1355	63	O	6.93	C	-		
1355	64	O	6.93	T	-		
1355	65	O	6.93	A	-		
1355	66	O	6.93	A	-		
1355	67	O	6.93	A	-		
1355	68	O	6.93	T	-		
1355	69	O	6.93	T	-		
1355	70	O	6.93	C	-		
1355	71	O	6.93	G	-		
1355	72	O	6.93	G	-		
1355	73	O	6.93	C	-		
1355	74	O	6.93	T	-		
1355	75	O	6.93	C	-		
1355	76	O	6.93	G	-		
1355	77	O	6.93	G	-		
1355	78	O	6.93	A	-		
1355	79	O	6.93	A	-		
1355	80	O	6.93	T	-		
1355	81	O	6.93	G	-		
1355	82	O	6.93	G	-		
1355	83	O	6.93	A	-		
1355	84	O	6.93	G	-		
1355	85	O	6.93	C	-		
1355	86	O	6.93	C	-		
1355	87	O	6.93	A	-		
1355	88	O	6.93	G	-		
1355	89	O	6.93	A	-		
1355	90	O	6.93	A	-		
1355	91	O	6.93	A	-		
1355	92	O	6.93	T	-		
1355	93	O	6.93	A	-		
1355	94	O	6.93	C	-		
1355	95	O	6.93	G	-		
1355	96	O	6.93	G	-		
1355	97	O	6.93	G	-		
1355	98	O	6.93	A	-		
1355	99	O	6.93	A	-		
1355	100	O	6.93	A	-		
1355	101	O	6.93	G	-		
1355	102	O	6.93	T	-		
1355	103	O	6.93	C	-		
1355	104	O	6.93	A	-		
1355	105	O	6.93	A	-		
1355	106	O	6.93	T	-		
1355	107	O	6.93	G	-		
1355	108	O	6.93	G	-		
1355	109	O	6.93	G	-		
1356	0	O	8.32	A	-		
1356	1	O	8.32	A	-		
1356	2	O	8.32	C	-		
1356	3	O	8.32	T	-		
1356	4	O	8.32	T	-		
1356	5	O	8.32	G	-		
1356	6	O	8.32	C	-		
1356	7	O	8.32	C	-		
1356	8	O	8.32	G	-		
1356	9	O	8.32	T	-		
1356	10	O	8.32	C	-		
1356	11	O	8.32	G	-		
1356	12	O	8.32	T	-		
1356	13	O	8.32	T	-		
1356	14	O	8.32	G	-		
1356	15	O	8.32	T	-		
1356	16	O	8.32	G	-		
1356	17	O	8.32	C	-		
1356	18	O	8.32	T	-		
1356	19	O	8.32	T	-		
1356	20	O	8.32	G	-		
1356	21	O	8.32	C	-		
1356	22	O	8.32	G	-		
1356	23	O	8.32	G	-		
1356	24	O	8.32	G	-		
1356	25	O	8.32	A	-		
1356	26	O	8.32	G	-		
1356	27	O	8.32	T	-		
1356	28	O	8.32	C	-		
1356	29	O	8.32	G	-		
1356	30	O	8.32	G	-		
1356	31	O	8.32	T	-		
1356	32	O	8.32	G	-		
1356	33	O	8.32	A	-		
1356	34	O	8.32	C	-		
1356	35	O	8.32	G	-		
1356	36	O	8.32	A	-		
1356	37	O	8.32	T	-		
1356	38	O	8.32	G	-		
1356	39	O	8.32	T	-		
1356	40	O	8.32	T	-		
1356	41	O	8.32	G	-		
1356	42	O	8.32	A	-		
1356	43	O	8.32	C	-		
1356	44	O	8.32	G	-		
1356	45	O	8.32	T	-		
1356	46	O	8.32	G	-		
1356	47	O	8.32	T	-		
1356	48	O	8.32	T	-		
1356	49	O	8.32	C	-		
1356	50	O	8.32	G	-		
1356	51	O	8.32	G	-		
1356	52	O	8.32	G	-		
1356	53	O	8.32	G	-		
1356	54	O	8.32	C	-		
1356	55	O	8.32	C	-		
1356	56	O	8.32	A	-		
1356	57	O	8.32	G	-		
1356	58	O	8.32	C	-		
1356	59	O	8.32	G	-		
1356	60	O	8.32	A	-		
1356	61	O	8.32	G	-		
1356	62	O	8.32	A	-		
1356	63	O	8.32	C	-		
1356	64	O	8.32	G	-		
1356	65	O	8.32	G	-		
1356	66	O	8.32	G	-		
1356	67	O	8.32	C	-		
1356	68	O	8.32	G	-		
1356	69	O	8.32	G	-		
1356	70	O	8.32	C	-		
1356	71	O	8.32	T	-		
1356	72	O	8.32	T	-		
1356	73	O	8.32	C	-		
1356	74	O	8.32	T	-		
1356	75	O	8.32	T	-		
1356	76	O	8.32	G	-		
1356	77	O	8.32	C	-		
1356	78	O	8.32	G	-		
1356	79	O	8.32	A	-		
1356	80	O	8.32	G	-		
1356	81	O	8.32	G	-		
1356	82	O	8.32	C	-		
1356	83	O	8.32	C	-		
1356	84	O	8.32	T	-		
1356	85	O	8.32	T	-		
1356	86	O	8.32	G	-		
1356	87	O	8.32	A	-		
1356	88	O	8.32	G	-		
1356	89	O	8.32	C	-		
1356	90	O	8.32	G	-		
1356	91	O	8.32	A	-		
1356	92	O	8.32	C	-		
1356	93	O	8.32	C	-		
1356	94	O	8.32	A	-		
1356	95	O	8.32	G	-		
1356	96	O	8.32	G	-		
1356	97	O	8.32	A	-		
1356	98	O	8.32	G	-		
1356	99	O	8.32	C	-		
1356	100	O	8.32	C	-		
1356	101	O	8.32	G	-		
1356	102	O	8.32	G	-		
1356	103	O	8.32	T	-		
1356	104	O	8.32	G	-		
1356	105	O	8.32	A	-		
1356	106	O	8.32	C	-		
1356	107	O	8.32	C	-		
1356	108	O	8.32	A	-		
1356	109	O	8.32	G	-		
1357	0	O	30.50	G	-		
1357	1	O	30.50	C	-		
1357	2	O	30.50	T	-		
1357	3	O	30.50	T	-		
1357	4	O	30.50	C	-		
1357	5	O	30.50	G	-		
1357	6	E	-19.04	C	T		
1357	7	O	30.50	G	-		
1357	8	O	30.50	T	-		
1357	9	O	30.50	C	-		
1357	10	O	30.50	T	-		
1357	11	O	30.50	G	-		
1357	12	O	30.50	T	-		
1357	13	O	30.50	T	-		
1357	14	O	30.50	G	-		
1357	15	O	30.50	A	-		
1357	16	O	30.50	G	-		
1357	17	O	30.50	T	-		
1357	18	O	30.50	C	-		
1357	19	O	30.50	G	-		
1357	20	O	30.50	A	-		
1357	21	O	30.50	T	-		
1357	22	O	30.50	G	-		
1357	23	O	30.50	G	-		
1357	24	O	30.50	C	-		
1357	25	O	30.50	A	-		
1357	26	O	30.50	C	-		
1357	27	O	30.50	C	-		
1357	28	O	30.50	T	-		
1357	29	O	30.50	C	-		
1357	30	O	30.50	T	-		
1357	31	O	30.50	G	-		
1357	32	O	30.50	T	-		
1357	33	O	30.50	C	-		
1357	34	O	30.50	T	-		
1357	35	O	30.50	T	-		
1357	36	O	30.50	G	-		
1357	37	O	30.50	A	-		
1357	38	O	30.50	C	-		
1357	39	O	30.50	G	-		
1357	40	O	30.50	C	-		
1357	41	O	30.50	T	-		
1357	42	O	30.50	G	-		
1357	43	O	30.50	A	-		
1357	44	O	30.50	T	-		
1357	45	O	30.50	G	-		
1357	46	O	30.50	A	-		
1357	47	O	30.50	C	-		
1357	48	O	30.50	C	-		
1357	49	O	30.50	C	-		
1357	50	O	30.50	T	-		
1357	51	O	30.50	C	-		
1357	52	O	30.50	G	-		
1357	53	O	30.50	G	-		
1357	54	O	30.50	A	-		
1357	55	O	30.50	G	-		
1357	56	O	30.50	A	-		
1357	57	O	30.50	C	-		
1357	58	O	30.50	T	-		
1357	59	O	30.50	C	-		
1357	60	O	30.50	G	-		
1357	61	O	30.50	T	-		
1357	62	O	30.50	C	-		
1357	63	O	30.50	C	-		
1357	64	O	30.50	T	-		
1357	65	O	30.50	C	-		
1357	66	O	30.50	G	-		
1357	67	O	30.50	G	-		
1357	68	O	30.50	G	-		
1357	69	O	30.50	C	-		
1357	70	O	30.50	A	-		
1357	71	O	30.50	G	-		
1357	72	O	30.50	A	-		
1357	73	O	30.50	G	-		
1357	74	O	30.50	A	-		
1357	75	O	30.50	G	-		
1357	76	O	30.50	T	-		
1357	77	O	30.50	T	-		
1357	78	O	30.50	G	-		
1357	79	O	30.50	A	-		
1357	80	O	30.50	G	-		
1357	81	O	30.50	A	-		
1357	82	O	30.50	A	-		
1357	83	O	30.50	G	-		
1357	84	O	30.50	C	-		
1357	85	O	30.50	G	-		
1357	86	O	30.50	C	-		
1357	87	O	30.50	A	-		
1357	88	O	30.50	T	-		
1357	89	O	30.50	G	-		
1357	90	O	30.50	T	-		
1357	91	O	30.50	G	-		
1357	92	O	30.50	T	-		
1357	93	E	-19.04	G	A		
1357	94	O	30.50	A	-		
1357	95	O	30.50	G	-		
1357	96	O	30.50	A	-		
1357	97	O	30.50	G	-		
1357	98	O	30.50	A	-		
1357	99	O	30.50	C	-		
1357	100	O	30.50	T	-		
1357	101	O	30.50	T	-		
1357	102	O	30.50	G	-		
1357	103	O	30.50	A	-		
1357	104	O	30.50	G	-		
1357	105	O	30.50	C	-		
1357	106	O	30.50	G	-		
1357	107	O	30.50	A	-		
1357	108	O	30.50	C	-		
1357	109	O	30.50	T	-		
1358	0	O	6.93	G	-		
1358	1	O	6.93	C	-		
1358	2	O	6.93	T	-		
1358	3	O	6.93	G	-		
1358	4	O	6.93	G	-		
1358	5	O	6.93	C	-		
1358	6	O	6.93	C	-		
1358	7	O	6.93	G	-		
1358	8	O	6.93	C	-		
1358	9	O	6.93	T	-		
1358	10	O	6.93	C	-		
1358	11	O	6.93	T	-		
1358	12	O	6.93	G	-		
1358	13	O	6.93	A	-		
1358	14	O	6.93	T	-		
1358	15	O	6.93	T	-		
1358	16	O	6.93	C	-		
1358	17	O	6.93	A	-		
1358	18	O	6.93	T	-		
1358	19	O	6.93	C	-		
1358	20	O	6.93	G	-		
1358	21	O	6.93	T	-		
1358	22	O	6.93	C	-		
1358	23	O	6.93	G	-		
1358	24	O	6.93	T	-		
1358	25	O	6.93	G	-		
1358	26	O	6.93	G	-		
1358	27	O	6.93	G	-		
1358	28	O	6.93	C	-		
1358	29	O	6.93	G	-		
1358	30	O	6.93	A	-		
1358	31	O	6.93	G	-		
1358	32	O	6.93	C	-		
1358	33	O	6.93	A	-		
1358	34	O	6.93	A	-		
1358	35	O	6.93	T	-		
1358	36	O	6.93	T	-		
1358	37	O	6.93	A	-		
1358	38	O	6.93	G	-		
1358	39	O	6.93	T	-		
1358	40	O	6.93	G	-		
1358	41	O	6.93	T	-		
1358	42	O	6.93	G	-		
1358	43	O	6.93	C	-		
1358	44	O	6.93	C	-		
1358	45	O	6.93	A	-		
1358	46	O	6.93	G	-		
1358	47	O	6.93	A	-		
1358	48	O	6.93	G	-		
1358	49	O	6.93	A	-		
1358	50	O	6.93	T	-		
1358	51	O	6.93	A	-		
1358	52	O	6.93	T	-		
1358	53	O	6.93	C	-		
1358	54	O	6.93	A	-		
1358	55	O	6.93	T	-		
1358	56	O	6.93	T	-		
1358	57	O	6.93	C	-		
1358	58	O	6.93	A	-		
1358	59	O	6.93	G	-		
1358	60	O	6.93	T	-		
1358	61	O	6.93	C	-		
1358	62	O	6.93	A	-		
1358	63	O	6.93	C	-		
1358	64	O	6.93	C	-		
1358	65	O	6.93	T	-		
1358	66	O	6.93	G	-		
1358	67	O	6.93	A	-		
1358	68	O	6.93	A	-		
1358	69	O	6.93	A	-		
1358	70	O	6.93	G	-		
1358	71	O	6.93	A	-		
1358	72	O	6.93	T	-		
1358	73	O	6.93	G	-		
1358	74	O	6.93	C	-		
1358	75	O	6.93	T	-		
1358	76	O	6.93	G	-		
1358	77	O	6.93	G	-		
1358	78	O	6.93	A	-		
1358	79	O	6.93	C	-		
1358	80	O	6.93	G	-		
1358	81	O	6.93	A	-		
1358	82	O	6.93	T	-		
1358	83	O	6.93	G	-		
1358	84	O	6.93	T	-		
1358	85	O	6.93	A	-		
1358	86	O	6.93	G	-		
1358	87	O	6.93	A	-		
1358	88	O	6.93	A	-		
1358	89	O	6.93	T	-		
1358	90	O	6.93	A	-		
1358	91	O	6.93	A	-		
1358	92	O	6.93	A	-		
1358	93	O	6.93	T	-		
1358	94	O	6.93	G	-		
1358	95	O	6.93	A	-		
1358	96	O	6.93	C	-		
1358	97	O	6.93	C	-		
1358	98	O	6.93	G	-		
1358	99	O	6.93	C	-		
1358	100	O	6.93	G	-		
1358	101	O	6.93	A	-		
1358	102	O	6.93	C	-		
1358	103	O	6.93	A	-		
1358	104	O	6.93	A	-		
1358	105	O	6.93	C	-		
1358	106	O	6.93	A	-		
1358	107	O	6.93	A	-		
1358	108	O	6.93	C	-		
1358	109	O	6.93	A	-		
1359	0	O	9.70	A	-		
1359	1	O	9.70	G	-		
1359	2	O	9.70	C	-		
1359	3	O	9.70	T	-		
1359	4	O	9.70	T	-		
1359	5	O	9.70	C	-		
1359	6	O	9.70	A	-		
1359	7	O	9.70	A	-		
1359	8	O	9.70	G	-		
1359	9	O	9.70	C	-		
1359	10	O	9.70	C	-		
1359	11	O	9.70	G	-		
1359	12	O	9.70	C	-		
1359	13	O	9.70	C	-		
1359	14	O	9.70	A	-		
1359	15	O	9.70	T	-		
1359	16	O	9.70	G	-		
1359	17	O	9.70	T	-		
1359	18	O	9.70	C	-		
1359	19	O	9.70	A	-		
1359	20	O	9.70	A	-		
1359	21	O	9.70	C	-		
1359	22	O	9.70	A	-		
1359	23	O	9.70	C	-		
1359	24	O	9.70	T	-		
1359	25	O	9.70	A	-		
1359	26	O	9.70	C	-		
1359	27	O	9.70	C	-		
1359	28	O	9.70	C	-		
1359	29	O	9.70	G	-		
1359	30	O	9.70	G	-		
1359	31	O	9.70	G	-		
1359	32	O	9.70	G	-		
1359	33	O	9.70	G	-		
1359	34	O	9.70	G	-		
1359	35	O	9.70	A	-		
1359	36	O	9.70	A	-		
1359	37	O	9.70	C	-		
1359	38	O	9.70	A	-		
1359	39	O	9.70	A	-		
1359	40	O	9.70	T	-		
1359	41	O	9.70	C	-		
1359	42	O	9.70	C	-		
1359	43	O	9.70	A	-		
1359	44	O	9.70	C	-		
1359	45	O	9.70	A	-		
1359	46	O	9.70	A	-		
1359	47	O	9.70	A	-		
1359	48	O	9.70	G	-		
1359	49	O	9.70	A	-		
1359	50	O	9.70	G	-		
1359	51	O	9.70	G	-		
1359	52	O	9.70	G	-		
1359	53	O	9.70	G	-		
1359	54	O	9.70	T	-		
1359	55	O	9.70	A	-		
1359	56	O	9.70	A	-		
1359	57	O	9.70	G	-		
1359	58	O	9.70	A	-		
1359	59	O	9.70	A	-		
1359	60	O	9.70	G	-		
1359	61	O	9.70	A	-		
1359	62	O	9.70	A	-		
1359	63	O	9.70	A	-		
1359	64	O	9.70	G	-		
1359	65	O	9.70	G	-		
1359	66	O	9.70	A	-		
1359	67	O	9.70	G	-		
1359	68	O	9.70	A	-		
1359	69	O	9.70	A	-		
1359	70	O	9.70	G	-		
1359	71	O	9.70	G	-		
1359	72	O	9.70	A	-		
1359	73	O	9.70	G	-		
1359	74	O	9.70	G	-		
1359	75	O	9.70	G	-		
1359	76	O	9.70	A	-		
1359	77	O	9.70	C	-		
1359	78	O	9.70	A	-		
1359	79	O	9.70	G	-		
1359	80	O	9.70	G	-		
1359	81	O	9.70	T	-		
1359	82	O	9.70	A	-		
1359	83	O	9.70	A	-		
1359	84	O	9.70	G	-		
1359	85	O	9.70	G	-		
1359	86	O	9.70	T	-		
1359	87	O	9.70	A	-		
1359	88	O	9.70	A	-		
1359	89	O	9.70	A	-		
1359	90	O	9.70	G	-		
1359	91	O	9.70	C	-		
1359	92	O	9.70	A	-		
1359	93	O	9.70	G	-		
1359	94	O	9.70	G	-		
1359	95	O	9.70	G	-		
1359	96	O	9.70	A	-		
1359	97	O	9.70	G	-		
1359	98	O	9.70	G	-		
1359	99	U	1.77	T	G		
1359	100	O	9.70	G	-		
1359	101	O	9.70	T	-		
1359	102	O	9.70	G	-		
1359	103	O	9.70	C	-		
1359	104	O	9.70	A	-		
1359	105	O	9.70	A	-		
1359	106	O	9.70	G	-		
1359	107	O	9.70	C	-		
1359	108	O	9.70	C	-		
1359	109	O	9.70	A	-		
1360	0	O	9.70	G	-		
1360	1	O	9.70	A	-		
1360	2	O	9.70	A	-		
1360	3	O	9.70	A	-		
1360	4	O	9.70	T	-		
1360	5	O	9.70	G	-		
1360	6	O	9.70	T	-		
1360	7	O	9.70	G	-		
1360	8	O	9.70	T	-		
1360	9	O	9.70	A	-		
1360	10	O	9.70	A	-		
1360	11	O	9.70	C	-		
1360	12	O	9.70	C	-		
1360	13	O	9.70	G	-		
1360	14	O	9.70	C	-		
1360	15	O	9.70	C	-		
1360	16	O	9.70	A	-		
1360	17	O	9.70	T	-		
1360	18	O	9.70	G	-		
1360	19	O	9.70	T	-		
1360	20	O	9.70	C	-		
1360	21	O	9.70	T	-		
1360	22	O	9.70	C	-		
1360	23	O	9.70	A	-		
1360	24	O	9.70	G	-		
1360	25	O	9.70	C	-		
1360	26	O	9.70	A	-		
1360	27	O	9.70	T	-		
1360	28	O	9.70	G	-		
1360	29	O	9.70	T	-		
1360	30	O	9.70	T	-		
1360	31	O	9.70	G	-		
1360	32	O	9.70	A	-		
1360	33	O	9.70	T	-		
1360	34	O	9.70	A	-		
1360	35	O	9.70	T	-		
1360	36	O	9.70	C	-		
1360	37	O	9.70	A	-		
1360	38	O	9.70	T	-		
1360	39	O	9.70	G	-		
1360	40	O	9.70	A	-		
1360	41	O	9.70	A	-		
1360	42	O	9.70	C	-		
1360	43	O	9.70	A	-		
1360	44	O	9.70	A	-		
1360	45	O	9.70	G	-		
1360	46	O	9.70	T	-		
1360	47	O	9.70	A	-		
1360	48	O	9.70	G	-		
1360	49	O	9.70	C	-		
1360	50	O	9.70	T	-		
1360	51	O	9.70	T	-		
1360	52	O	9.70	T	-		
1360	53	O	9.70	T	-		
1360	54	O	9.70	T	-		
1360	55	O	9.70	T	-		
1360	56	O	9.70	G	-		
1360	57	O	9.70	C	-		
1360	58	O	9.70	A	-		
1360	59	O	9.70	T	-		
1360	60	O	9.70	T	-		
1360	61	O	9.70	G	-		
1360	62	O	9.70	A	-		
1360	63	O	9.70	T	-		
1360	64	O	9.70	A	-		
1360	65	O	9.70	C	-		
1360	66	O	9.70	C	-		
1360	67	O	9.70	A	-		
1360	68	O	9.70	T	-		
1360	69	O	9.70	G	-		
1360	70	O	9.70	A	-		
1360	71	O	9.70	A	-		
1360	72	O	9.70	A	-		
1360	73	O	9.70	C	-		
1360	74	O	9.70	A	-		
1360	75	O	9.70	T	-		
1360	76	O	9.70	T	-		
1360	77	O	9.70	A	-		
1360	78	O	9.70	G	-		
1360	79	O	9.70	C	-		
1360	80	O	9.70	T	-		
1360	81	O	9.70	T	-		
1360	82	O	9.70	T	-		
1360	83	O	9.70	C	-		
1360	84	O	9.70	C	-		
1360	85	O	9.70	T	-		
1360	86	O	9.70	G	-		
1360	87	O	9.70	C	-		
1360	88	O	9.70	A	-		
1360	89	O	9.70	G	-		
1360	90	O	9.70	A	-		
1360	91	O	9.70	G	-		
1360	92	O	9.70	A	-		
1360	93	O	9.70	A	-		
1360	94	O	9.70	A	-		
1360	95	O	9.70	A	-		
1360	96	O	9.70	T	-		
1360	97	O	9.70	T	-		
1360	98	O	9.70	C	-		
1360	99	O	9.70	T	-		
1360	100	O	9.70	T	-		
1360	101	O	9.70	G	-		
1360	102	O	9.70	A	-		
1360	103	O	9.70	C	-		
1360	104	O	9.70	A	-		
1360	105	O	9.70	C	-		
1360	106	O	9.70	C	-		
1360	107	O	9.70	A	-		
1360	108	O	9.70	T	-		
1360	109	O	9.70	G	-		
1361	0	O	5.55	A	-		
1361	1	O	5.55	G	-		
1361	2	O	5.55	A	-		
1361	3	O	5.55	A	-		
1361	4	O	5.55	G	-		
1361	5	O	5.55	A	-		
1361	6	O	5.55	A	-		
1361	7	O	5.55	C	-		
1361	8	O	5.55	C	-		
1361	9	O	5.55	T	-		
1361	10	O	5.55	G	-		
1361	11	O	5.55	A	-		
1361	12	O	5.55	A	-		
1361	13	O	5.55	G	-		
1361	14	O	5.55	T	-		
1361	15	O	5.55	A	-		
1361	16	O	5.55	G	-		
1361	17	O	5.55	C	-		
1361	18	O	5.55	G	-		
1361	19	O	5.55	A	-		
1361	20	O	5.55	G	-		
1361	21	O	5.55	C	-		
1361	22	O	5.55	C	-		
1361	23	O	5.55	C	-		
1361	24	O	5.55	T	-		
1361	25	O	5.55	C	-		
1361	26	O	5.55	G	-		
1361	27	O	5.55	A	-		
1361	28	O	5.55	G	-		
1361	29	O	5.55	C	-		
1361	30	O	5.55	G	-		
1361	31	O	5.55	T	-		
1361	32	O	5.55	C	-		
1361	33	O	5.55	G	-		
1361	34	O	5.55	C	-		
1361	35	O	5.55	T	-		
1361	36	O	5.55	G	-		
1361	37	O	5.55	A	-		
1361	38	O	5.55	G	-		
1361	39	O	5.55	C	-		
1361	40	O	5.55	A	-		
1361	41	O	5.55	A	-		
1361	42	O	5.55	G	-		
1361	43	O	5.55	T	-		
1361	44	O	5.55	T	-		
1361	45	O	5.55	G	-		
1361	46	O	5.55	A	-		
1361	47	O	5.55	T	-		
1361	48	O	5.55	T	-		
1361	49	O	5.55	C	-		
1361	50	O	5.55	T	-		
1361	51	O	5.55	G	-		
1361	52	O	5.55	T	-		
1361	53	O	5.55	T	-		
1361	54	O	5.55	C	-		
1361	55	O	5.55	A	-		
1361	56	O	5.55	C	-		
1361	57	O	5.55	A	-		
1361	58	O	5.55	C	-		
1361	59	O	5.55	C	-		
1361	60	O	5.55	A	-		
1361	61	O	5.55	C	-		
1361	62	O	5.55	C	-		
1361	63	O	5.55	G	-		
1361	64	O	5.55	A	-		
1361	65	O	5.55	G	-		
1361	66	O	5.55	A	-		
1361	67	O	5.55	G	-		
1361	68	O	5.55	G	-		
1361	69	O	5.55	A	-		
1361	70	O	5.55	G	-		
1361	71	O	5.55	A	-		
1361	72	O	5.55	C	-		
1361	73	O	5.55	G	-		
1361	74	O	5.55	C	-		
1361	75	O	5.55	C	-		
1361	76	O	5.55	A	-		
1361	77	O	5.55	C	-		
1361	78	O	5.55	C	-		
1361	79	O	5.55	A	-		
1361	80	O	5.55	T	-		
1361	81	O	5.55	G	-		
1361	82	O	5.55	C	-		
1361	83	O	5.55	A	-		
1361	84	O	5.55	G	-		
1361	85	O	5.55	G	-		
1361	86	O	5.55	T	-		
1361	87	O	5.55	C	-		
1361	88	O	5.55	A	-		
1361	89	O	5.55	A	-		
1361	90	O	5.55	G	-		
1361	91	O	5.55	A	-		
1361	92	O	5.55	A	-		
1361	93	O	5.55	G	-		
1361	94	O	5.55	T	-		
1361	95	O	5.55	C	-		
1361	96	O	5.55	G	-		
1361	97	O	5.55	T	-		
1361	98	O	5.55	T	-		
1361	99	O	5.55	C	-		
1361	100	O	5.55	G	-		
1361	101	O	5.55	C	-		
1361	102	O	5.55	C	-		
1361	103	O	5.55	G	-		
1361	104	O	5.55	G	-		
1361	105	O	5.55	A	-		
1361	106	O	5.55	A	-		
1361	107	O	5.55	T	-		
1361	108	O	5.55	C	-		
1361	109	O	5.55	G	-		
1362	0	O	9.70	T	-		
1362	1	O	9.70	T	-		
1362	2	O	9.70	T	-		
1362	3	O	9.70	A	-		
1362	4	O	9.70	G	-		
1362	5	O	9.70	G	-		
1362	6	O	9.70	A	-		
1362	7	O	9.70	T	-		
1362	8	O	9.70	T	-		
1362	9	O	9.70	T	-		
1362	10	O	9.70	C	-		
1362	11	O	9.70	T	-		
1362	12	O	9.70	T	-		
1362	13	O	9.70	G	-		
1362	14	O	9.70	T	-		
1362	15	O	9.70	G	-		
1362	16	O	9.70	C	-		
1362	17	O	9.70	A	-		
1362	18	O	9.70	C	-		
1362	19	O	9.70	C	-		
1362	20	O	9.70	A	-		
1362	21	O	9.70	C	-		
1362	22	O	9.70	C	-		
1362	23	O	9.70	G	-		
1362	24	O	9.70	A	-		
1362	25	O	9.70	G	-		
1362	26	O	9.70	G	-		
1362	27	O	9.70	T	-		
1362	28	O	9.70	A	-		
1362	29	O	9.70	T	-		
1362	30	O	9.70	T	-		
1362	31	O	9.70	G	-		
1362	32	O	9.70	A	-		
1362	33	O	9.70	G	-		
1362	34	O	9.70	A	-		
1362	35	O	9.70	T	-		
1362	36	O	9.70	A	-		
1362	37	O	9.70	G	-		
1362	38	O	9.70	A	-		
1362	39	O	9.70	C	-		
1362	40	O	9.70	A	-		
1362	41	O	9.70	A	-		
1362	42	O	9.70	G	-		
1362	43	O	9.70	A	-		
1362	44	O	9.70	A	-		
1362	45	O	9.70	C	-		
1362	46	O	9.70	A	-		
1362	47	O	9.70	A	-		
1362	48	O	9.70	A	-		
1362	49	O	9.70	G	-		
1362	50	O	9.70	C	-		
1362	51	O	9.70	A	-		
1362	52	O	9.70	C	-		
1362	53	O	9.70	G	-		
1362	54	O	9.70	A	-		
1362	55	O	9.70	G	-		
1362	56	O	9.70	A	-		
1362	57	O	9.70	A	-		
1362	58	O	9.70	A	-		
1362	59	O	9.70	T	-		
1362	60	U	1.77	T	C		
1362	61	O	9.70	A	-		
1362	62	O	9.70	C	-		
1362	63	O	9.70	G	-		
1362	64	O	9.70	G	-		
1362	65	O	9.70	A	-		
1362	66	O	9.70	A	-		
1362	67	O	9.70	G	-		
1362	68	O	9.70	C	-		
1362	69	O	9.70	T	-		
1362	70	O	9.70	T	-		
1362	71	O	9.70	C	-		
1362	72	O	9.70	T	-		
1362	73	O	9.70	C	-		
1362	74	O	9.70	C	-		
1362	75	O	9.70	A	-		
1362	76	O	9.70	C	-		
1362	77	O	9.70	T	-		
1362	78	O	9.70	A	-		
1362	79	O	9.70	A	-		
1362	80	O	9.70	A	-		
1362	81	O	9.70	A	-		
1362	82	O	9.70	A	-		
1362	83	O	9.70	A	-		
1362	84	O	9.70	C	-		
1362	85	O	9.70	A	-		
1362	86	O	9.70	A	-		
1362	87	O	9.70	A	-		
1362	88	O	9.70	A	-		
1362	89	O	9.70	A	-		
1362	90	O	9.70	G	-		
1362	91	O	9.70	G	-		
1362	92	O	9.70	A	-		
1362	93	O	9.70	A	-		
1362	94	O	9.70	C	-		
1362	95	O	9.70	T	-		
1362	96	O	9.70	G	-		
1362	97	O	9.70	C	-		
1362	98	O	9.70	A	-		
1362	99	O	9.70	G	-		
1362	100	O	9.70	A	-		
1362	101	O	9.70	G	-		
1362	102	O	9.70	A	-		
1362	103	O	9.70	T	-		
1362	104	O	9.70	T	-		
1362	105	O	9.70	G	-		
1362	106	O	9.70	G	-		
1362	107	O	9.70	T	-		
1362	108	O	9.70	C	-		
1362	109	O	9.70	G	-		
1363	0	O	6.93	A	-		
1363	1	O	6.93	T	-		
1363	2	O	6.93	T	-		
1363	3	O	6.93	G	-		
1363	4	O	6.93	C	-		
1363	5	O	6.93	G	-		
1363	6	O	6.93	A	-		
1363	7	O	6.93	G	-		
1363	8	O	6.93	T	-		
1363	9	O	6.93	C	-		
1363	10	O	6.93	T	-		
1363	11	O	6.93	C	-		
1363	12	O	6.93	T	-		
1363	13	O	6.93	C	-		
1363	14	O	6.93	T	-		
1363	15	O	6.93	T	-		
1363	16	O	6.93	T	-		
1363	17	O	6.93	G	-		
1363	18	O	6.93	T	-		
1363	19	O	6.93	G	-		
1363	20	O	6.93	T	-		
1363	21	O	6.93	T	-		
1363	22	O	6.93	C	-		
1363	23	O	6.93	A	-		
1363	24	O	6.93	C	-		
1363	25	O	6.93	G	-		
1363	26	O	6.93	G	-		
1363	27	O	6.93	C	-		
1363	28	O	6.93	T	-		
1363	29	O	6.93	G	-		
1363	30	O	6.93	C	-		
1363	31	O	6.93	C	-		
1363	32	O	6.93	C	-		
1363	33	O	6.93	T	-		
1363	34	O	6.93	C	-		
1363	35	O	6.93	G	-		
1363	36	O	6.93	C	-		
1363	37	O	6.93	T	-		
1363	38	O	6.93	C	-		
1363	39	O	6.93	T	-		
1363	40	O	6.93	C	-		
1363	41	O	6.93	G	-		
1363	42	O	6.93	G	-		
1363	43	O	6.93	T	-		
1363	44	O	6.93	C	-		
1363	45	O	6.93	T	-		
1363	46	O	6.93	G	-		
1363	47	O	6.93	C	-		
1363	48	O	6.93	T	-		
1363	49	O	6.93	G	-		
1363	50	O	6.93	C	-		
1363	51	O	6.93	C	-		
1363	52	O	6.93	A	-		
1363	53	O	6.93	T	-		
1363	54	O	6.93	T	-		
1363	55	O	6.93	T	-		
1363	56	O	6.93	G	-		
1363	57	O	6.93	C	-		
1363	58	O	6.93	G	-		
1363	59	O	6.93	C	-		
1363	60	O	6.93	G	-		
1363	61	O	6.93	A	-		
1363	62	O	6.93	G	-		
1363	63	O	6.93	G	-		
1363	64	O	6.93	T	-		
1363	65	O	6.93	G	-		
1363	66	O	6.93	G	-		
1363	67	O	6.93	T	-		
1363	68	O	6.93	G	-		
1363	69	O	6.93	A	-		
1363	70	O	6.93	G	-		
1363	71	O	6.93	C	-		
1363	72	O	6.93	C	-		
1363	73	O	6.93	G	-		
1363	74	O	6.93	G	-		
1363	75	O	6.93	C	-		
1363	76	O	6.93	G	-		
1363	77	O	6.93	G	-		
1363	78	O	6.93	A	-		
1363	79	O	6.93	C	-		
1363	80	O	6.93	C	-		
1363	81	O	6.93	T	-		
1363	82	O	6.93	G	-		
1363	83	O	6.93	G	-		
1363	84	O	6.93	T	-		
1363	85	O	6.93	A	-		
1363	86	O	6.93	G	-		
1363	87	O	6.93	T	-		
1363	88	O	6.93	G	-		
1363	89	O	6.93	T	-		
1363	90	O	6.93	T	-		
1363	91	O	6.93	T	-		
1363	92	O	6.93	G	-		
1363	93	O	6.93	G	-		
1363	94	O	6.93	T	-		
1363	95	O	6.93	G	-		
1363	96	O	6.93	G	-		
1363	97	O	6.93	C	-		
1363	98	O	6.93	A	-		
1363	99	O	6.93	T	-		
1363	100	O	6.93	T	-		
1363	101	O	6.93	G	-		
1363	102	O	6.93	T	-		
1363	103	O	6.93	T	-		
1363	104	O	6.93	T	-		
1363	105	O	6.93	A	-		
1363	106	O	6.93	T	-		
1363	107	O	6.93	G	-		
1363	108	O	6.93	C	-		
1363	109	O	6.93	A	-		
1364	0	O	16.64	T	-		
1364	1	O	16.64	G	-		
1364	2	O	16.64	G	-		
1364	3	O	16.64	A	-		
1364	4	O	16.64	A	-		
1364	5	O	16.64	C	-		
1364	6	O	16.64	A	-		
1364	7	O	16.64	C	-		
1364	8	O	16.64	C	-		
1364	9	O	16.64	T	-		
1364	10	O	16.64	G	-		
1364	11	O	7.55	T	-		
1364	12	O	16.64	G	-		
1364	13	O	16.64	A	-		
1364	14	O	16.64	G	-		
1364	15	O	16.64	A	-		
1364	16	O	16.64	T	-		
1364	17	O	16.64	A	-		
1364	18	O	16.64	C	-		
1364	19	O	16.64	A	-		
1364	20	O	16.64	C	-		
1364	21	O	16.64	A	-		
1364	22	O	16.64	G	-		
1364	23	O	16.64	A	-		
1364	24	O	16.64	C	-		
1364	25	O	16.64	A	-		
1364	26	O	16.64	C	-		
1364	27	O	16.64	T	-		
1364	28	O	16.64	T	-		
1364	29	O	16.64	G	-		
1364	30	O	16.64	T	-		
1364	31	O	16.64	T	-		
1364	32	O	16.64	G	-		
1364	33	O	16.64	G	-		
1364	34	O	16.64	G	-		
1364	35	O	16.64	G	-		
1364	36	O	16.64	T	-		
1364	37	O	16.64	G	-		
1364	38	O	16.64	G	-		
1364	39	O	16.64	C	-		
1364	40	O	16.64	A	-		
1364	41	O	16.64	A	-		
1364	42	O	16.64	A	-		
1364	43	O	16.64	T	-		
1364	44	O	16.64	T	-		
1364	45	O	16.64	T	-		
1364	46	O	16.64	T	-		
1364	47	O	16.64	C	-		
1364	48	O	16.64	G	-		
1364	49	O	16.64	C	-		
1364	50	O	16.64	T	-		
1364	51	O	16.64	T	-		
1364	52	O	16.64	C	-		
1364	53	O	16.64	G	-		
1364	54	O	16.64	T	-		
1364	55	O	16.64	T	-		
1364	56	O	16.64	T	-		
1364	57	O	16.64	G	-		
1364	58	O	16.64	T	-		
1364	59	O	16.64	G	-		
1364	60	O	16.64	T	-		
1364	61	O	16.64	G	-		
1364	62	O	16.64	T	-		
1364	63	O	16.64	T	-		
1364	64	O	16.64	C	-		
1364	65	O	16.64	G	-		
1364	66	O	16.64	C	-		
1364	67	O	16.64	A	-		
1364	68	O	16.64	A	-		
1364	69	O	16.64	T	-		
1364	70	O	16.64	A	-		
1364	71	O	16.64	T	-		
1364	72	O	16.64	T	-		
1364	73	O	16.64	G	-		
1364	74	O	16.64	G	-		
1364	75	O	16.64	T	-		
1364	76	O	16.64	G	-		
1364	77	O	16.64	C	-		
1364	78	O	16.64	T	-		
1364	79	O	16.64	G	-		
1364	80	O	16.64	T	-		
1364	81	O	16.64	C	-		
1364	82	O	16.64	T	-		
1364	83	O	16.64	G	-		
1364	84	O	16.64	T	-		
1364	85	O	16.64	G	-		
1364	86	O	16.64	T	-		
1364	87	O	16.64	G	-		
1364	88	O	16.64	A	-		
1364	89	O	16.64	G	-		
1364	90	O	16.64	T	-		
1364	91	O	16.64	G	-		
1364	92	O	16.64	T	-		
1364	93	O	16.64	A	-		
1364	94	O	16.64	T	-		
1364	95	O	16.64	T	-		
1364	96	O	16.64	T	-		
1364	97	O	16.64	T	-		
1364	98	O	16.64	T	-		
1364	99	O	16.64	C	-		
1364	100	O	16.64	T	-		
1364	101	O	16.64	G	-		
1364	102	O	16.64	C	-		
1364	103	O	16.64	G	-		
1364	104	O	16.64	T	-		
1364	105	O	16.64	C	-		
1364	106	O	16.64	T	-		
1364	107	O	16.64	A	-		
1364	108	O	16.64	T	-		
1364	109	O	16.64	T	-		
1365	0	O	5.55	A	-		
1365	1	O	5.55	G	-		
1365	2	O	5.55	C	-		
1365	3	O	5.55	T	-		
1365	4	O	5.55	T	-		
1365	5	O	5.55	A	-		
1365	6	O	5.55	G	-		
1365	7	O	5.55	G	-		
1365	8	O	5.55	T	-		
1365	9	O	5.55	G	-		
1365	10	O	5.55	T	-		
1365	11	O	5.55	A	-		
1365	12	O	5.55	G	-		
1365	13	O	5.55	T	-		
1365	14	O	5.55	C	-		
1365	15	O	5.55	T	-		
1365	16	O	5.55	A	-		
1365	17	O	5.55	T	-		
1365	18	O	5.55	A	-		
1365	19	O	5.55	T	-		
1365	20	O	5.55	A	-		
1365	21	O	5.55	T	-		
1365	22	O	5.55	T	-		
1365	23	O	5.55	C	-		
1365	24	O	5.55	T	-		
1365	25	O	5.55	T	-		
1365	26	O	5.55	A	-		
1365	27	O	5.55	T	-		
1365	28	O	5.55	T	-		
1365	29	O	5.55	T	-		
1365	30	O	5.55	A	-		
1365	31	O	5.55	G	-		
1365	32	O	5.55	C	-		
1365	33	O	5.55	C	-		
1365	34	O	5.55	T	-		
1365	35	O	5.55	T	-		
1365	36	O	5.55	G	-		
1365	37	O	5.55	T	-		
1365	38	O	5.55	A	-		
1365	39	O	5.55	T	-		
1365	40	O	5.55	T	-		
1365	41	O	5.55	T	-		
1365	42	O	5.55	A	-		
1365	43	O	5.55	T	-		
1365	44	O	5.55	A	-		
1365	45	O	5.55	G	-		
1365	46	O	5.55	T	-		
1365	47	O	5.55	T	-		
1365	48	O	5.55	T	-		
1365	49	O	5.55	C	-		
1365	50	O	5.55	A	-		
1365	51	O	5.55	T	-		
1365	52	O	5.55	T	-		
1365	53	O	5.55	G	-		
1365	54	O	5.55	A	-		
1365	55	O	5.55	G	-		
1365	56	O	5.55	T	-		
1365	57	O	5.55	A	-		
1365	58	O	5.55	A	-		
1365	59	O	5.55	T	-		
1365	60	O	5.55	A	-		
1365	61	O	5.55	A	-		
1365	62	O	5.55	T	-		
1365	63	O	5.55	G	-		
1365	64	O	5.55	C	-		
1365	65	O	5.55	A	-		
1365	66	O	5.55	T	-		
1365	67	O	5.55	T	-		
1365	68	O	5.55	G	-		
1365	69	O	5.55	A	-		
1365	70	O	5.55	T	-		
1365	71	O	5.55	C	-		
1365	72	O	5.55	T	-		
1365	73	O	5.55	C	-		
1365	74	O	5.55	C	-		
1365	75	O	5.55	T	-		
1365	76	O	5.55	T	-		
1365	77	O	5.55	A	-		
1365	78	O	5.55	A	-		
1365	79	O	5.55	T	-		
1365	80	O	5.55	A	-		
1365	81	O	5.55	T	-		
1365	82	O	5.55	T	-		
1365	83	O	5.55	C	-		
1365	84	O	5.55	T	-		
1365	85	O	5.55	A	-		
1365	86	O	5.55	T	-		
1365	87	O	5.55	C	-		
1365	88	O	5.55	A	-		
1365	89	O	5.55	G	-		
1365	90	O	5.55	A	-		
1365	91	O	5.55	G	-		
1365	92	O	5.55	G	-		
1365	93	O	5.55	A	-		
1365	94	O	5.55	C	-		
1365	95	O	5.55	A	-		
1365	96	O	5.55	T	-		
1365	97	O	5.55	A	-		
1365	98	O	5.55	T	-		
1365	99	O	5.55	C	-		
1365	100	O	5.55	T	-		
1365	101	O	5.55	C	-		
1365	102	O	5.55	A	-		
1365	103	O	5.55	G	-		
1365	104	O	5.55	A	-		
1365	105	O	5.55	T	-		
1365	106	O	5.55	T	-		
1365	107	O	5.55	G	-		
1365	108	O	5.55	A	-		
1365	109	O	5.55	G	-		
1366	0	O	11.09	T	-		
1366	1	O	11.09	G	-		
1366	2	O	11.09	T	-		
1366	3	O	11.09	T	-		
1366	4	O	11.09	G	-		
1366	5	O	11.09	C	-		
1366	6	O	11.09	T	-		
1366	7	O	11.09	G	-		
1366	8	O	11.09	C	-		
1366	9	O	11.09	T	-		
1366	10	O	11.09	T	-		
1366	11	O	11.09	T	-		
1366	12	O	11.09	C	-		
1366	13	O	11.09	T	-		
1366	14	O	11.09	T	-		
1366	15	O	11.09	T	-		
1366	16	O	11.09	T	-		
1366	17	O	11.09	T	-		
1366	18	O	11.09	G	-		
1366	19	O	11.09	G	-		
1366	20	O	11.09	G	-		
1366	21	O	11.09	T	-		
1366	22	O	11.09	G	-		
1366	23	O	11.09	C	-		
1366	24	O	11.09	C	-		
1366	25	O	11.09	G	-		
1366	26	O	11.09	A	-		
1366	27	O	11.09	C	-		
1366	28	O	11.09	T	-		
1366	29	O	11.09	T	-		
1366	30	O	11.09	G	-		
1366	31	O	11.09	C	-		
1366	32	O	11.09	G	-		
1366	33	O	11.09	C	-		
1366	34	O	11.09	C	-		
1366	35	O	11.09	G	-		
1366	36	O	11.09	G	-		
1366	37	O	11.09	G	-		
1366	38	O	11.09	A	-		
1366	39	O	11.09	C	-		
1366	40	O	11.09	A	-		
1366	41	O	11.09	C	-		
1366	42	O	11.09	G	-		
1366	43	O	11.09	C	-		
1366	44	O	11.09	C	-		
1366	45	O	11.09	G	-		
1366	46	O	11.09	A	-		
1366	47	O	11.09	C	-		
1366	48	O	11.09	C	-		
1366	49	O	11.09	T	-		
1366	50	O	11.09	T	-		
1366	51	O	11.09	C	-		
1366	52	O	11.09	G	-		
1366	53	O	11.09	C	-		
1366	54	O	11.09	G	-		
1366	55	O	11.09	C	-		
1366	56	O	11.09	T	-		
1366	57	O	11.09	T	-		
1366	58	O	11.09	T	-		
1366	59	O	11.09	C	-		
1366	60	O	11.09	G	-		
1366	61	O	11.09	T	-		
1366	62	O	11.09	T	-		
1366	63	O	11.09	G	-		
1366	64	O	11.09	T	-		
1366	65	O	11.09	C	-		
1366	66	O	11.09	G	-		
1366	67	O	11.09	C	-		
1366	68	O	11.09	C	-		
1366	69	U	2.86	G	T		
1366	70	O	11.09	T	-		
1366	71	O	11.09	T	-		
1366	72	O	11.09	C	-		
1366	73	O	11.09	G	-		
1366	74	O	11.09	T	-		
1366	75	U	2.86	G	T		
1366	76	O	11.09	A	-		
1366	77	O	11.09	T	-		
1366	78	O	11.09	T	-		
1366	79	O	11.09	A	-		
1366	80	O	11.09	C	-		
1366	81	O	11.09	G	-		
1366	82	O	11.09	C	-		
1366	83	O	11.09	C	-		
1366	84	O	11.09	G	-		
1366	85	O	11.09	G	-		
1366	86	O	11.09	G	-		
1366	87	O	11.09	A	-		
1366	88	O	11.09	G	-		
1366	89	O	11.09	C	-		
1366	90	O	11.09	T	-		
1366	91	O	11.09	G	-		
1366	92	O	11.09	G	-		
1366	93	O	11.09	G	-		
1366	94	O	11.09	C	-		
1366	95	O	11.09	G	-		
1366	96	O	11.09	T	-		
1366	97	O	11.09	C	-		
1366	98	O	11.09	T	-		
1366	99	O	11.09	G	-		
1366	100	O	11.09	C	-		
1366	101	O	11.09	T	-		
1366	102	O	11.09	G	-		
1366	103	O	11.09	C	-		
1366	104	O	11.09	G	-		
1366	105	U	2.86	G	C		
1366	106	O	11.09	C	-		
1366	107	O	11.09	G	-		
1366	108	O	11.09	C	-		
1366	109	O	11.09	G	-		
1367	0	O	6.93	C	-		
1367	1	O	6.93	G	-		
1367	2	O	6.93	A	-		
1367	3	O	6.93	G	-		
1367	4	O	6.93	G	-		
1367	5	O	6.93	A	-		
1367	6	O	6.93	C	-		
1367	7	O	6.93	G	-		
1367	8	O	6.93	T	-		
1367	9	O	6.93	A	-		
1367	10	O	6.93	C	-		
1367	11	O	6.93	C	-		
1367	12	O	6.93	T	-		
1367	13	O	6.93	C	-		
1367	14	O	6.93	C	-		
1367	15	O	6.93	T	-		
1367	16	O	6.93	C	-		
1367	17	O	6.93	T	-		
1367	18	O	6.93	G	-		
1367	19	O	6.93	A	-		
1367	20	O	6.93	T	-		
1367	21	O	6.93	A	-		
1367	22	O	6.93	T	-		
1367	23	O	6.93	C	-		
1367	24	O	6.93	T	-		
1367	25	O	6.93	C	-		
1367	26	O	6.93	A	-		
1367	27	O	6.93	A	-		
1367	28	O	6.93	G	-		
1367	29	O	6.93	A	-		
1367	30	O	6.93	T	-		
1367	31	O	6.93	C	-		
1367	32	O	6.93	C	-		
1367	33	O	6.93	A	-		
1367	34	O	6.93	C	-		
1367	35	O	6.93	C	-		
1367	36	O	6.93	T	-		
1367	37	O	6.93	C	-		
1367	38	O	6.93	C	-		
1367	39	O	6.93	T	-		
1367	40	O	6.93	C	-		
1367	41	O	6.93	C	-		
1367	42	O	6.93	A	-		
1367	43	O	6.93	C	-		
1367	44	O	6.93	T	-		
1367	45	O	6.93	T	-		
1367	46	O	6.93	G	-		
1367	47	O	6.93	A	-		
1367	48	O	6.93	C	-		
1367	49	O	6.93	G	-		
1367	50	O	6.93	A	-		
1367	51	O	6.93	T	-		
1367	52	O	6.93	A	-		
1367	53	O	6.93	C	-		
1367	54	O	6.93	A	-		
1367	55	O	6.93	C	-		
1367	56	O	6.93	C	-		
1367	57	O	6.93	C	-		
1367	58	O	6.93	C	-		
1367	59	O	6.93	G	-		
1367	60	O	6.93	T	-		
1367	61	O	6.93	T	-		
1367	62	O	6.93	C	-		
1367	63	O	6.93	G	-		
1367	64	O	6.93	C	-		
1367	65	O	6.93	A	-		
1367	66	O	6.93	T	-		
1367	67	O	6.93	A	-		
1367	68	O	6.93	C	-		
1367	69	O	6.93	G	-		
1367	70	O	6.93	A	-		
1367	71	O	6.93	A	-		
1367	72	O	6.93	T	-		
1367	73	O	6.93	A	-		
1367	74	O	6.93	C	-		
1367	75	O	6.93	T	-		
1367	76	O	6.93	G	-		
1367	77	O	6.93	A	-		
1367	78	O	6.93	C	-		
1367	79	O	6.93	A	-		
1367	80	O	6.93	C	-		
1367	81	O	6.93	G	-		
1367	82	O	6.93	A	-		
1367	83	O	6.93	A	-		
1367	84	O	6.93	C	-		
1367	85	O	6.93	G	-		
1367	86	O	6.93	T	-		
1367	87	O	6.93	G	-		
1367	88	O	6.93	A	-		
1367	89	O	6.93	A	-		
1367	90	O	6.93	T	-		
1367	91	O	6.93	G	-		
1367	92	O	6.93	G	-		
1367	93	O	6.93	A	-		
1367	94	O	6.93	C	-		
1367	95	O	6.93	C	-		
1367	96	O	6.93	A	-		
1367	97	O	6.93	G	-		
1367	98	O	6.93	C	-		
1367	99	O	6.93	G	-		
1367	100	O	6.93	G	-		
1367	101	O	6.93	C	-		
1367	102	O	6.93	G	-		
1367	103	O	6.93	A	-		
1367	104	O	6.93	C	-		
1367	105	O	6.93	C	-		
1367	106	O	6.93	C	-		
1367	107	O	6.93	T	-		
1367	108	O	6.93	G	-		
1367	109	O	6.93	C	-		
1368	0	O	15.25	G	-		
1368	1	O	15.25	G	-		
1368	2	O	15.25	C	-		
1368	3	O	15.25	A	-		
1368	4	O	15.25	A	-		
1368	5	O	15.25	A	-		
1368	6	O	15.25	T	-		
1368	7	O	15.25	C	-		
1368	8	O	15.25	C	-		
1368	9	O	15.25	G	-		
1368	10	O	15.25	C	-		
1368	11	O	15.25	A	-		
1368	12	O	15.25	A	-		
1368	13	O	15.25	T	-		
1368	14	O	15.25	A	-		
1368	15	O	15.25	T	-		
1368	16	O	15.25	C	-		
1368	17	O	15.25	G	-		
1368	18	O	15.25	C	-		
1368	19	O	15.25	T	-		
1368	20	O	15.25	G	-		
1368	21	O	15.25	T	-		
1368	22	O	15.25	G	-		
1368	23	O	15.25	G	-		
1368	24	O	15.25	T	-		
1368	25	O	15.25	A	-		
1368	26	O	15.25	T	-		
1368	27	O	15.25	C	-		
1368	28	O	15.25	C	-		
1368	29	O	15.25	A	-		
1368	30	O	15.25	A	-		
1368	31	O	15.25	G	-		
1368	32	O	15.25	T	-		
1368	33	O	15.25	C	-		
1368	34	O	15.25	G	-		
1368	35	O	15.25	A	-		
1368	36	O	15.25	C	-		
1368	37	O	15.25	T	-		
1368	38	O	15.25	G	-		
1368	39	U	0.42	G	A		
1368	40	O	15.25	T	-		
1368	41	O	15.25	C	-		
1368	42	O	15.25	C	-		
1368	43	O	15.25	G	-		
1368	44	O	15.25	A	-		
1368	45	O	15.25	T	-		
1368	46	O	15.25	G	-		
1368	47	O	15.25	C	-		
1368	48	O	15.25	C	-		
1368	49	O	15.25	A	-		
1368	50	O	15.25	A	-		
1368	51	O	15.25	C	-		
1368	52	O	15.25	T	-		
1368	53	O	15.25	G	-		
1368	54	O	15.25	G	-		
1368	55	O	15.25	A	-		
1368	56	O	15.25	G	-		
1368	57	O	15.25	G	-		
1368	58	O	15.25	T	-		
1368	59	O	15.25	C	-		
1368	60	O	15.25	T	-		
1368	61	O	15.25	T	-		
1368	62	O	15.25	T	-		
1368	63	O	15.25	C	-		
1368	64	O	15.25	G	-		
1368	65	O	15.25	T	-		
1368	66	O	15.25	A	-		
1368	67	O	15.25	A	-		
1368	68	O	15.25	A	-		
1368	69	O	15.25	A	-		
1368	70	O	15.25	A	-		
1368	71	O	15.25	C	-		
1368	72	O	15.25	A	-		
1368	73	O	15.25	A	-		
1368	74	O	15.25	G	-		
1368	75	O	15.25	C	-		
1368	76	O	15.25	G	-		
1368	77	O	15.25	A	-		
1368	78	O	15.25	A	-		
1368	79	O	15.25	C	-		
1368	80	O	15.25	G	-		
1368	81	O	15.25	T	-		
1368	82	O	15.25	A	-		
1368	83	O	15.25	T	-		
1368	84	O	15.25	A	-		
1368	85	O	15.25	G	-		
1368	86	O	15.25	A	-		
1368	87	O	15.25	T	-		
1368	88	O	15.25	A	-		
1368	89	O	15.25	C	-		
1368	90	O	15.25	T	-		
1368	91	O	15.25	G	-		
1368	92	O	15.25	C	-		
1368	93	O	15.25	G	-		
1368	94	O	15.25	C	-		
1368	95	O	15.25	C	-		
1368	96	O	15.25	T	-		
1368	97	O	15.25	C	-		
1368	98	O	15.25	A	-		
1368	99	O	15.25	T	-		
1368	100	O	15.25	A	-		
1368	101	O	15.25	G	-		
1368	102	O	15.25	C	-		
1368	103	O	15.25	T	-		
1368	104	O	15.25	T	-		
1368	105	O	15.25	A	-		
1368	106	O	15.25	G	-		
1368	107	O	15.25	A	-		
1368	108	O	15.25	T	-		
1368	109	O	15.25	C	-		
1369	0	O	8.32	T	-		
1369	1	O	8.32	T	-		
1369	2	O	8.32	T	-		
1369	3	O	8.32	T	-		
1369	4	O	8.32	G	-		
1369	5	O	8.32	T	-		
1369	6	O	8.32	T	-		
1369	7	O	8.32	T	-		
1369	8	O	8.32	T	-		
1369	9	O	8.32	T	-		
1369	10	O	8.32	T	-		
1369	11	O	8.32	T	-		
1369	12	O	8.32	A	-		
1369	13	O	8.32	T	-		
1369	14	O	8.32	A	-		
1369	15	O	8.32	A	-		
1369	16	O	8.32	A	-		
1369	17	O	8.32	A	-		
1369	18	O	8.32	A	-		
1369	19	O	8.32	T	-		
1369	20	O	8.32	A	-		
1369	21	O	8.32	A	-		
1369	22	O	8.32	A	-		
1369	23	O	8.32	C	-		
1369	24	O	8.32	A	-		
1369	25	O	8.32	A	-		
1369	26	O	8.32	A	-		
1369	27	O	8.32	A	-		
1369	28	O	8.32	A	-		
1369	29	O	8.32	T	-		
1369	30	O	8.32	A	-		
1369	31	O	8.32	T	-		
1369	32	O	8.32	A	-		
1369	33	O	8.32	T	-		
1369	34	O	8.32	T	-		
1369	35	O	8.32	T	-		
1369	36	O	8.32	T	-		
1369	37	O	8.32	T	-		
1369	38	O	8.32	T	-		
1369	39	O	8.32	T	-		
1369	40	O	8.32	A	-		
1369	41	O	8.32	A	-		
1369	42	O	8.32	A	-		
1369	43	O	8.32	T	-		
1369	44	O	8.32	T	-		
1369	45	O	8.32	A	-		
1369	46	O	8.32	A	-		
1369	47	O	8.32	A	-		
1369	48	O	8.32	A	-		
1369	49	O	8.32	A	-		
1369	50	O	8.32	C	-		
1369	51	O	8.32	A	-		
1369	52	O	8.32	G	-		
1369	53	O	8.32	A	-		
1369	54	O	8.32	A	-		
1369	55	O	8.32	A	-		
1369	56	O	8.32	A	-		
1369	57	O	8.32	T	-		
1369	58	O	8.32	T	-		
1369	59	O	8.32	G	-		
1369	60	O	8.32	T	-		
1369	61	O	8.32	A	-		
1369	62	O	8.32	A	-		
1369	63	O	8.32	G	-		
1369	64	O	8.32	A	-		
1369	65	O	8.32	C	-		
1369	66	O	8.32	C	-		
1369	67	O	8.32	A	-		
1369	68	O	8.32	A	-		
1369	69	O	8.32	G	-		
1369	70	O	8.32	T	-		
1369	71	O	8.32	T	-		
1369	72	O	8.32	T	-		
1369	73	O	8.32	T	-		
1369	74	O	8.32	T	-		
1369	75	O	8.32	A	-		
1369	76	O	8.32	T	-		
1369	77	O	8.32	A	-		
1369	78	O	8.32	T	-		
1369	79	O	8.32	T	-		
1369	80	O	8.32	T	-		
1369	81	O	8.32	T	-		
1369	82	O	8.32	T	-		
1369	83	O	8.32	T	-		
1369	84	O	8.32	G	-		
1369	85	O	8.32	T	-		
1369	86	O	8.32	C	-		
1369	87	O	8.32	A	-		
1369	88	O	8.32	A	-		
1369	89	O	8.32	A	-		
1369	90	O	8.32	T	-		
1369	91	O	8.32	C	-		
1369	92	O	8.32	T	-		
1369	93	O	8.32	T	-		
1369	94	O	8.32	C	-		
1369	95	O	8.32	G	-		
1369	96	O	8.32	G	-		
1369	97	O	8.32	A	-		
1369	98	O	8.32	T	-		
1369	99	O	8.32	T	-		
1369	100	O	8.32	G	-		
1369	101	O	8.32	T	-		
1369	102	O	8.32	A	-		
1369	103	O	8.32	C	-		
1369	104	O	8.32	A	-		
1369	105	O	8.32	A	-		
1369	106	O	8.32	G	-		
1369	107	O	8.32	G	-		
1369	108	O	8.32	A	-		
1369	109	O	8.32	A	-		
1370	0	O	6.93	T	-		
1370	1	O	6.93	A	-		
1370	2	O	6.93	C	-		
1370	3	O	6.93	G	-		
1370	4	O	6.93	A	-		
1370	5	O	6.93	C	-		
1370	6	O	6.93	T	-		
1370	7	O	6.93	G	-		
1370	8	O	6.93	T	-		
1370	9	O	6.93	A	-		
1370	10	O	6.93	G	-		
1370	11	O	6.93	G	-		
1370	12	O	6.93	C	-		
1370	13	O	6.93	T	-		
1370	14	O	6.93	C	-		
1370	15	O	6.93	A	-		
1370	16	O	6.93	T	-		
1370	17	O	6.93	T	-		
1370	18	O	6.93	T	-		
1370	19	O	6.93	T	-		
1370	20	O	6.93	G	-		
1370	21	O	6.93	A	-		
1370	22	O	6.93	C	-		
1370	23	O	6.93	T	-		
1370	24	O	6.93	T	-		
1370	25	O	6.93	G	-		
1370	26	O	6.93	C	-		
1370	27	O	6.93	T	-		
1370	28	O	6.93	C	-		
1370	29	O	6.93	G	-		
1370	30	O	6.93	G	-		
1370	31	O	6.93	C	-		
1370	32	O	6.93	C	-		
1370	33	O	6.93	T	-		
1370	34	O	6.93	C	-		
1370	35	O	6.93	G	-		
1370	36	O	6.93	T	-		
1370	37	O	6.93	T	-		
1370	38	O	6.93	C	-		
1370	39	O	6.93	A	-		
1370	40	O	6.93	C	-		
1370	41	O	6.93	T	-		
1370	42	O	6.93	C	-		
1370	43	O	6.93	A	-		
1370	44	O	6.93	A	-		
1370	45	O	6.93	T	-		
1370	46	O	6.93	G	-		
1370	47	O	6.93	C	-		
1370	48	O	6.93	A	-		
1370	49	O	6.93	C	-		
1370	50	O	6.93	T	-		
1370	51	O	6.93	G	-		
1370	52	O	6.93	T	-		
1370	53	O	6.93	C	-		
1370	54	O	6.93	T	-		
1370	55	O	6.93	T	-		
1370	56	O	6.93	C	-		
1370	57	O	6.93	A	-		
1370	58	O	6.93	G	-		
1370	59	O	6.93	A	-		
1370	60	O	6.93	A	-		
1370	61	O	6.93	A	-		
1370	62	O	6.93	G	-		
1370	63	O	6.93	A	-		
1370	64	O	6.93	T	-		
1370	65	O	6.93	T	-		
1370	66	O	6.93	G	-		
1370	67	O	6.93	G	-		
1370	68	O	6.93	T	-		
1370	69	O	6.93	C	-		
1370	70	O	6.93	T	-		
1370	71	O	6.93	C	-		
1370	72	O	6.93	T	-		
1370	73	O	6.93	T	-		
1370	74	O	6.93	C	-		
1370	75	O	6.93	T	-		
1370	76	O	6.93	T	-		
1370	77	O	6.93	C	-		
1370	78	O	6.93	C	-		
1370	79	O	6.93	C	-		
1370	80	O	6.93	C	-		
1370	81	O	6.93	T	-		
1370	82	O	6.93	C	-		
1370	83	O	6.93	C	-		
1370	84	O	6.93	T	-		
1370	85	O	6.93	T	-		
1370	86	O	6.93	C	-		
1370	87	O	6.93	T	-		
1370	88	O	6.93	T	-		
1370	89	O	6.93	C	-		
1370	90	O	6.93	C	-		
1370	91	O	6.93	T	-		
1370	92	O	6.93	C	-		
1370	93	O	6.93	T	-		
1370	94	O	6.93	T	-		
1370	95	O	6.93	C	-		
1370	96	O	6.93	T	-		
1370	97	O	6.93	G	-		
1370	98	O	6.93	T	-		
1370	99	O	6.93	T	-		
1370	100	O	6.93	T	-		
1370	101	O	6.93	C	-		
1370	102	O	6.93	T	-		
1370	103	O	6.93	T	-		
1370	104	O	6.93	C	-		
1370	105	O	6.93	G	-		
1370	106	O	6.93	C	-		
1370	107	O	6.93	G	-		
1370	108	O	6.93	A	-		
1370	109	O	6.93	C	-		
1371	0	O	9.70	T	-		
1371	1	O	9.70	A	-		
1371	2	O	9.70	A	-		
1371	3	O	9.70	G	-		
1371	4	O	9.70	C	-		
1371	5	O	9.70	T	-		
1371	6	O	9.70	G	-		
1371	7	O	9.70	A	-		
1371	8	O	9.70	A	-		
1371	9	O	9.70	G	-		
1371	10	O	9.70	A	-		
1371	11	O	9.70	C	-		
1371	12	O	9.70	T	-		
1371	13	O	9.70	C	-		
1371	14	O	9.70	G	-		
1371	15	O	9.70	G	-		
1371	16	O	9.70	C	-		
1371	17	O	9.70	A	-		
1371	18	O	9.70	C	-		
1371	19	O	9.70	C	-		
1371	20	O	9.70	A	-		
1371	21	O	9.70	C	-		
1371	22	O	9.70	A	-		
1371	23	O	9.70	G	-		
1371	24	O	9.70	G	-		
1371	25	O	9.70	G	-		
1371	26	O	9.70	C	-		
1371	27	O	9.70	A	-		
1371	28	U	1.77	T	C		
1371	29	O	9.70	G	-		
1371	30	O	9.70	A	-		
1371	31	O	9.70	C	-		
1371	32	O	9.70	A	-		
1371	33	O	9.70	T	-		
1371	34	O	9.70	A	-		
1371	35	O	9.70	C	-		
1371	36	O	9.70	C	-		
1371	37	O	9.70	A	-		
1371	38	O	9.70	C	-		
1371	39	O	9.70	A	-		
1371	40	O	9.70	G	-		
1371	41	O	9.70	A	-		
1371	42	O	9.70	T	-		
1371	43	O	9.70	G	-		
1371	44	O	9.70	T	-		
1371	45	O	9.70	C	-		
1371	46	O	9.70	C	-		
1371	47	O	9.70	A	-		
1371	48	O	9.70	G	-		
1371	49	O	9.70	C	-		
1371	50	O	9.70	A	-		
1371	51	O	9.70	A	-		
1371	52	O	9.70	T	-		
1371	53	O	9.70	C	-		
1371	54	O	9.70	A	-		
1371	55	O	9.70	G	-		
1371	56	O	9.70	A	-		
1371	57	O	9.70	C	-		
1371	58	O	9.70	C	-		
1371	59	O	9.70	C	-		
1371	60	O	9.70	A	-		
1371	61	O	9.70	C	-		
1371	62	O	9.70	G	-		
1371	63	O	9.70	A	-		
1371	64	O	9.70	T	-		
1371	65	O	9.70	C	-		
1371	66	O	9.70	C	-		
1371	67	O	9.70	C	-		
1371	68	O	9.70	A	-		
1371	69	O	9.70	C	-		
1371	70	O	9.70	C	-		
1371	71	O	9.70	A	-		
1371	72	O	9.70	A	-		
1371	73	O	9.70	G	-		
1371	74	O	9.70	A	-		
1371	75	O	9.70	G	-		
1371	76	O	9.70	C	-		
1371	77	O	9.70	T	-		
1371	78	O	9.70	T	-		
1371	79	O	9.70	T	-		
1371	80	O	9.70	G	-		
1371	81	O	9.70	C	-		
1371	82	O	9.70	C	-		
1371	83	O	9.70	G	-		
1371	84	O	9.70	G	-		
1371	85	U	1.77	T	G		
1371	86	O	9.70	A	-		
1371	87	O	9.70	C	-		
1371	88	O	9.70	C	-		
1371	89	O	9.70	G	-		
1371	90	O	9.70	C	-		
1371	91	O	9.70	C	-		
1371	92	O	9.70	T	-		
1371	93	O	9.70	G	-		
1371	94	O	9.70	T	-		
1371	95	O	9.70	G	-		
1371	96	O	9.70	A	-		
1371	97	U	1.77	T	G		
1371	98	O	9.70	G	-		
1371	99	U	1.77	A	G		
1371	100	O	9.70	G	-		
1371	101	U	1.77	A	C		
1371	102	U	1.77	T	A		
1371	103	U	1.77	C	G		
1371	104	O	9.70	G	-		
1371	105	O	9.70	A	-		
1371	106	O	9.70	G	-		
1371	107	O	9.70	G	-		
1371	108	O	9.70	A	-		
1371	109	O	9.70	G	-		
1372	0	O	5.55	G	-		
1372	1	O	5.55	G	-		
1372	2	O	5.55	A	-		
1372	3	O	5.55	C	-		
1372	4	O	5.55	C	-		
1372	5	O	5.55	A	-		
1372	6	O	5.55	A	-		
1372	7	O	5.55	T	-		
1372	8	O	5.55	T	-		
1372	9	O	5.55	T	-		
1372	10	O	5.55	C	-		
1372	11	O	5.55	C	-		
1372	12	O	5.55	C	-		
1372	13	O	5.55	T	-		
1372	14	O	5.55	C	-		
1372	15	O	5.55	C	-		
1372	16	O	5.55	G	-		
1372	17	O	5.55	G	-		
1372	18	O	5.55	C	-		
1372	19	O	5.55	G	-		
1372	20	O	5.55	G	-		
1372	21	O	5.55	A	-		
1372	22	O	5.55	A	-		
1372	23	O	5.55	C	-		
1372	24	O	5.55	C	-		
1372	25	O	5.55	C	-		
1372	26	O	5.55	A	-		
1372	27	O	5.55	T	-		
1372	28	O	5.55	T	-		
1372	29	O	5.55	C	-		
1372	30	O	5.55	T	-		
1372	31	O	5.55	G	-		
1372	32	O	5.55	T	-		
1372	33	O	5.55	A	-		
1372	34	O	5.55	C	-		
1372	35	O	5.55	A	-		
1372	36	O	5.55	A	-		
1372	37	O	5.55	A	-		
1372	38	O	5.55	T	-		
1372	39	O	5.55	C	-		
1372	40	O	5.55	C	-		
1372	41	O	5.55	T	-		
1372	42	O	5.55	T	-		
1372	43	O	5.55	C	-		
1372	44	O	5.55	A	-		
1372	45	O	5.55	T	-		
1372	46	O	5.55	C	-		
1372	47	O	5.55	G	-		
1372	48	O	5.55	C	-		
1372	49	O	5.55	G	-		
1372	50	O	5.55	T	-		
1372	51	O	5.55	G	-		
1372	52	O	5.55	C	-		
1372	53	O	5.55	A	-		
1372	54	O	5.55	T	-		
1372	55	O	5.55	T	-		
1372	56	O	5.55	T	-		
1372	57	O	5.55	G	-		
1372	58	O	5.55	C	-		
1372	59	O	5.55	G	-		
1372	60	O	5.55	A	-		
1372	61	O	5.55	G	-		
1372	62	O	5.55	A	-		
1372	63	O	5.55	T	-		
1372	64	O	5.55	C	-		
1372	65	O	5.55	G	-		
1372	66	O	5.55	C	-		
1372	67	O	5.55	A	-		
1372	68	O	5.55	G	-		
1372	69	O	5.55	T	-		
1372	70	O	5.55	G	-		
1372	71	O	5.55	T	-		
1372	72	O	5.55	A	-		
1372	73	O	5.55	C	-		
1372	74	O	5.55	A	-		
1372	75	O	5.55	G	-		
1372	76	O	5.55	G	-		
1372	77	O	5.55	T	-		
1372	78	O	5.55	C	-		
1372	79	O	5.55	T	-		
1372	80	O	5.55	T	-		
1372	81	O	5.55	C	-		
1372	82	O	5.55	C	-		
1372	83	O	5.55	C	-		
1372	84	O	5.55	A	-		
1372	85	O	5.55	T	-		
1372	86	O	5.55	T	-		
1372	87	O	5.55	G	-		
1372	88	O	5.55	G	-		
1372	89	O	5.55	A	-		
1372	90	O	5.55	A	-		
1372	91	O	5.55	C	-		
1372	92	O	5.55	C	-		
1372	93	O	5.55	T	-		
1372	94	O	5.55	T	-		
1372	95	O	5.55	T	-		
1372	96	O	5.55	C	-		
1372	97	O	5.55	A	-		
1372	98	O	5.55	G	-		
1372	99	O	5.55	A	-		
1372	100	O	5.55	G	-		
1372	101	O	5.55	T	-		
1372	102	O	5.55	C	-		
1372	103	O	5.55	G	-		
1372	104	O	5.55	T	-		
1372	105	O	5.55	A	-		
1372	106	O	5.55	C	-		
1372	107	O	5.55	A	-		
1372	108	O	5.55	G	-		
1372	109	O	5.55	A	-		
1373	0	O	6.93	G	-		
1373	1	O	6.93	G	-		
1373	2	O	6.93	G	-		
1373	3	O	6.93	A	-		
1373	4	O	6.93	T	-		
1373	5	O	6.93	C	-		
1373	6	O	6.93	C	-		
1373	7	O	6.93	A	-		
1373	8	O	6.93	T	-		
1373	9	O	6.93	T	-		
1373	10	O	6.93	A	-		
1373	11	O	6.93	A	-		
1373	12	O	6.93	A	-		
1373	13	O	6.93	A	-		
1373	14	O	6.93	T	-		
1373	15	O	6.93	C	-		
1373	16	O	6.93	G	-		
1373	17	O	6.93	G	-		
1373	18	O	6.93	C	-		
1373	19	O	6.93	G	-		
1373	20	O	6.93	C	-		
1373	21	O	6.93	C	-		
1373	22	O	6.93	G	-		
1373	23	O	6.93	G	-		
1373	24	O	6.93	C	-		
1373	25	O	6.93	A	-		
1373	26	O	6.93	A	-		
1373	27	O	6.93	G	-		
1373	28	O	6.93	T	-		
1373	29	O	6.93	G	-		
1373	30	O	6.93	A	-		
1373	31	O	6.93	G	-		
1373	32	O	6.93	C	-		
1373	33	O	6.93	G	-		
1373	34	O	6.93	C	-		
1373	35	O	6.93	C	-		
1373	36	O	6.93	G	-		
1373	37	O	6.93	A	-		
1373	38	O	6.93	T	-		
1373	39	O	6.93	T	-		
1373	40	O	6.93	G	-		
1373	41	O	6.93	T	-		
1373	42	O	6.93	G	-		
1373	43	O	6.93	G	-		
1373	44	O	6.93	A	-		
1373	45	O	6.93	C	-		
1373	46	O	6.93	A	-		
1373	47	O	6.93	T	-		
1373	48	O	6.93	T	-		
1373	49	O	6.93	A	-		
1373	50	O	6.93	T	-		
1373	51	O	6.93	C	-		
1373	52	O	6.93	G	-		
1373	53	O	6.93	G	-		
1373	54	O	6.93	C	-		
1373	55	O	6.93	G	-		
1373	56	O	6.93	A	-		
1373	57	O	6.93	T	-		
1373	58	O	6.93	G	-		
1373	59	O	6.93	A	-		
1373	60	O	6.93	G	-		
1373	61	O	6.93	C	-		
1373	62	O	6.93	G	-		
1373	63	O	6.93	A	-		
1373	64	O	6.93	G	-		
1373	65	O	6.93	T	-		
1373	66	O	6.93	A	-		
1373	67	O	6.93	A	-		
1373	68	O	6.93	T	-		
1373	69	O	6.93	G	-		
1373	70	O	6.93	A	-		
1373	71	O	6.93	A	-		
1373	72	O	6.93	A	-		
1373	73	O	6.93	A	-		
1373	74	O	6.93	A	-		
1373	75	O	6.93	C	-		
1373	76	O	6.93	T	-		
1373	77	O	6.93	C	-		
1373	78	O	6.93	G	-		
1373	79	O	6.93	T	-		
1373	80	O	6.93	T	-		
1373	81	O	6.93	A	-		
1373	82	O	6.93	T	-		
1373	83	O	6.93	T	-		
1373	84	O	6.93	G	-		
1373	85	O	6.93	G	-		
1373	86	O	6.93	C	-		
1373	87	O	6.93	C	-		
1373	88	O	6.93	G	-		
1373	89	O	6.93	G	-		
1373	90	O	6.93	C	-		
1373	91	O	6.93	C	-		
1373	92	O	6.93	A	-		
1373	93	O	6.93	A	-		
1373	94	O	6.93	C	-		
1373	95	O	6.93	G	-		
1373	96	O	6.93	T	-		
1373	97	O	6.93	G	-		
1373	98	O	6.93	C	-		
1373	99	O	6.93	G	-		
1373	100	O	6.93	C	-		
1373	101	O	6.93	C	-		
1373	102	O	6.93	C	-		
1373	103	O	6.93	A	-		
1373	104	O	6.93	G	-		
1373	105	O	6.93	G	-		
1373	106	O	6.93	C	-		
1373	107	O	6.93	C	-		
1373	108	O	6.93	G	-		
1373	109	O	6.93	G	-		
1374	0	O	12.48	C	-		
1374	1	O	12.48	G	-		
1374	2	O	12.48	G	-		
1374	3	O	12.48	T	-		
1374	4	O	12.48	C	-		
1374	5	O	12.48	G	-		
1374	6	O	12.48	G	-		
1374	7	O	12.48	T	-		
1374	8	O	12.48	C	-		
1374	9	O	12.48	T	-		
1374	10	O	12.48	G	-		
1374	11	O	12.48	G	-		
1374	12	O	12.48	T	-		
1374	13	O	12.48	G	-		
1374	14	O	12.48	G	-		
1374	15	O	12.48	G	-		
1374	16	O	12.48	C	-		
1374	17	O	12.48	G	-		
1374	18	O	12.48	A	-		
1374	19	O	12.48	G	-		
1374	20	O	4.00	T	-		
1374	21	O	12.48	T	-		
1374	22	O	12.48	C	-		
1374	23	O	12.48	A	-		
1374	24	O	12.48	C	-		
1374	25	O	12.48	G	-		
1374	26	O	12.48	C	-		
1374	27	O	12.48	T	-		
1374	28	O	12.48	C	-		
1374	29	O	12.48	G	-		
1374	30	O	12.48	C	-		
1374	31	O	12.48	C	-		
1374	32	O	12.48	G	-		
1374	33	O	12.48	C	-		
1374	34	O	12.48	C	-		
1374	35	O	12.48	G	-		
1374	36	O	12.48	G	-		
1374	37	O	12.48	C	-		
1374	38	O	12.48	A	-		
1374	39	O	12.48	C	-		
1374	40	O	12.48	T	-		
1374	41	O	12.48	G	-		
1374	42	O	12.48	C	-		
1374	43	O	12.48	C	-		
1374	44	O	12.48	G	-		
1374	45	O	12.48	A	-		
1374	46	O	12.48	T	-		
1374	47	O	12.48	C	-		
1374	48	O	12.48	G	-		
1374	49	O	12.48	A	-		
1374	50	O	12.48	C	-		
1374	51	O	12.48	A	-		
1374	52	O	12.48	G	-		
1374	53	O	12.48	C	-		
1374	54	O	12.48	A	-		
1374	55	O	12.48	G	-		
1374	56	O	12.48	C	-		
1374	57	O	12.48	A	-		
1374	58	O	12.48	G	-		
1374	59	O	12.48	T	-		
1374	60	O	12.48	G	-		
1374	61	O	12.48	C	-		
1374	62	O	12.48	T	-		
1374	63	O	12.48	G	-		
1374	64	O	12.48	C	-		
1374	65	O	12.48	C	-		
1374	66	O	12.48	G	-		
1374	67	O	12.48	C	-		
1374	68	O	12.48	C	-		
1374	69	O	12.48	A	-		
1374	70	O	12.48	G	-		
1374	71	O	12.48	C	-		
1374	72	O	12.48	A	-		
1374	73	O	12.48	C	-		
1374	74	O	12.48	G	-		
1374	75	O	12.48	C	-		
1374	76	O	12.48	C	-		
1374	77	O	12.48	T	-		
1374	78	O	12.48	A	-		
1374	79	O	12.48	C	-		
1374	80	O	12.48	G	-		
1374	81	O	12.48	A	-		
1374	82	O	12.48	T	-		
1374	83	O	12.48	G	-		
1374	84	O	12.48	A	-		
1374	85	O	12.48	C	-		
1374	86	O	12.48	G	-		
1374	87	O	12.48	A	-		
1374	88	O	12.48	C	-		
1374	89	O	12.48	G	-		
1374	90	O	12.48	A	-		
1374	91	O	12.48	C	-		
1374	92	O	12.48	G	-		
1374	93	O	12.48	A	-		
1374	94	O	12.48	C	-		
1374	95	O	12.48	C	-		
1374	96	O	12.48	A	-		
1374	97	O	12.48	G	-		
1374	98	O	12.48	C	-		
1374	99	O	12.48	A	-		
1374	100	O	12.48	G	-		
1374	101	O	12.48	T	-		
1374	102	O	12.48	T	-		
1374	103	O	12.48	C	-		
1374	104	O	12.48	G	-		
1374	105	O	12.48	A	-		
1374	106	O	12.48	T	-		
1374	107	O	12.48	C	-		
1374	108	O	12.48	A	-		
1374	109	O	12.48	G	-		
1375	0	O	8.32	T	-		
1375	1	O	8.32	A	-		
1375	2	O	8.32	A	-		
1375	3	O	8.32	C	-		
1375	4	O	8.32	C	-		
1375	5	O	8.32	G	-		
1375	6	O	8.32	T	-		
1375	7	O	8.32	C	-		
1375	8	O	8.32	T	-		
1375	9	O	8.32	C	-		
1375	10	O	8.32	T	-		
1375	11	O	8.32	C	-		
1375	12	O	8.32	C	-		
1375	13	O	8.32	C	-		
1375	14	O	8.32	T	-		
1375	15	O	8.32	C	-		
1375	16	O	8.32	T	-		
1375	17	O	8.32	C	-		
1375	18	O	8.32	T	-		
1375	19	O	8.32	A	-		
1375	20	O	8.32	A	-		
1375	21	O	8.32	A	-		
1375	22	O	8.32	C	-		
1375	23	O	8.32	C	-		
1375	24	O	8.32	A	-		
1375	25	O	8.32	A	-		
1375	26	O	8.32	T	-		
1375	27	O	8.32	C	-		
1375	28	O	8.32	C	-		
1375	29	O	8.32	A	-		
1375	30	O	8.32	C	-		
1375	31	O	8.32	C	-		
1375	32	O	8.32	A	-		
1375	33	O	8.32	A	-		
1375	34	O	8.32	A	-		
1375	35	O	8.32	G	-		
1375	36	O	8.32	C	-		
1375	37	O	8.32	A	-		
1375	38	O	8.32	A	-		
1375	39	O	8.32	C	-		
1375	40	O	8.32	T	-		
1375	41	O	8.32	A	-		
1375	42	O	8.32	A	-		
1375	43	O	8.32	C	-		
1375	44	O	8.32	G	-		
1375	45	O	8.32	G	-		
1375	46	O	8.32	A	-		
1375	47	O	8.32	A	-		
1375	48	O	8.32	A	-		
1375	49	O	8.32	T	-		
1375	50	O	8.32	T	-		
1375	51	O	8.32	A	-		
1375	52	O	8.32	G	-		
1375	53	O	8.32	A	-		
1375	54	O	8.32	A	-		
1375	55	O	8.32	A	-		
1375	56	O	8.32	A	-		
1375	57	O	8.32	A	-		
1375	58	O	8.32	C	-		
1375	59	O	8.32	T	-		
1375	60	O	8.32	T	-		
1375	61	O	8.32	C	-		
1375	62	O	8.32	C	-		
1375	63	O	8.32	T	-		
1375	64	O	8.32	A	-		
1375	65	O	8.32	C	-		
1375	66	O	8.32	G	-		
1375	67	O	8.32	C	-		
1375	68	O	8.32	T	-		
1375	69	O	8.32	T	-		
1375	70	O	8.32	C	-		
1375	71	O	8.32	T	-		
1375	72	O	8.32	T	-		
1375	73	O	8.32	T	-		
1375	74	O	8.32	T	-		
1375	75	O	8.32	G	-		
1375	76	O	8.32	C	-		
1375	77	O	8.32	G	-		
1375	78	O	8.32	A	-		
1375	79	O	8.32	A	-		
1375	80	O	8.32	A	-		
1375	81	O	8.32	C	-		
1375	82	O	8.32	A	-		
1375	83	O	8.32	C	-		
1375	84	O	8.32	A	-		
1375	85	O	8.32	A	-		
1375	86	O	8.32	A	-		
1375	87	O	8.32	G	-		
1375	88	O	8.32	A	-		
1375	89	O	8.32	C	-		
1375	90	O	8.32	G	-		
1375	91	O	8.32	A	-		
1375	92	O	8.32	A	-		
1375	93	O	8.32	G	-		
1375	94	O	8.32	T	-		
1375	95	O	8.32	A	-		
1375	96	O	8.32	C	-		
1375	97	O	8.32	A	-		
1375	98	O	8.32	A	-		
1375	99	O	8.32	A	-		
1375	100	O	8.32	A	-		
1375	101	O	8.32	T	-		
1375	102	O	8.32	A	-		
1375	103	O	8.32	T	-		
1375	104	O	8.32	G	-		
1375	105	O	8.32	A	-		
1375	106	O	8.32	A	-		
1375	107	O	8.32	G	-		
1375	108	O	8.32	C	-		
1375	109	O	8.32	A	-		
1376	0	O	6.93	T	-		
1376	1	O	6.93	A	-		
1376	2	O	6.93	C	-		
1376	3	O	6.93	A	-		
1376	4	O	6.93	A	-		
1376	5	O	6.93	T	-		
1376	6	O	6.93	C	-		
1376	7	O	6.93	T	-		
1376	8	O	6.93	C	-		
1376	9	O	6.93	A	-		
1376	10	O	6.93	T	-		
1376	11	O	6.93	T	-		
1376	12	O	6.93	C	-		
1376	13	O	6.93	T	-		
1376	14	O	6.93	C	-		
1376	15	O	6.93	A	-		
1376	16	O	6.93	T	-		
1376	17	O	6.93	T	-		
1376	18	O	6.93	A	-		
1376	19	O	6.93	T	-		
1376	20	O	6.93	T	-		
1376	21	O	6.93	G	-		
1376	22	O	6.93	A	-		
1376	23	O	6.93	A	-		
1376	24	O	6.93	T	-		
1376	25	O	6.93	G	-		
1376	26	O	6.93	T	-		
1376	27	O	6.93	A	-		
1376	28	O	6.93	A	-		
1376	29	O	6.93	C	-		
1376	30	O	6.93	A	-		
1376	31	O	6.93	A	-		
1376	32	O	6.93	T	-		
1376	33	O	6.93	T	-		
1376	34	O	6.93	G	-		
1376	35	O	6.93	T	-		
1376	36	O	6.93	A	-		
1376	37	O	6.93	G	-		
1376	38	O	6.93	T	-		
1376	39	O	6.93	G	-		
1376	40	O	6.93	A	-		
1376	41	O	6.93	C	-		
1376	42	O	6.93	A	-		
1376	43	O	6.93	C	-		
1376	44	O	6.93	G	-		
1376	45	O	6.93	C	-		
1376	46	O	6.93	A	-		
1376	47	O	6.93	G	-		
1376	48	O	6.93	G	-		
1376	49	O	6.93	T	-		
1376	50	O	6.93	G	-		
1376	51	O	6.93	C	-		
1376	52	O	6.93	C	-		
1376	53	O	6.93	A	-		
1376	54	O	6.93	T	-		
1376	55	O	6.93	G	-		
1376	56	O	6.93	T	-		
1376	57	O	6.93	A	-		
1376	58	O	6.93	T	-		
1376	59	O	6.93	T	-		
1376	60	O	6.93	C	-		
1376	61	O	6.93	T	-		
1376	62	O	6.93	G	-		
1376	63	O	6.93	G	-		
1376	64	O	6.93	G	-		
1376	65	O	6.93	A	-		
1376	66	O	6.93	G	-		
1376	67	O	6.93	T	-		
1376	68	O	6.93	C	-		
1376	69	O	6.93	A	-		
1376	70	O	6.93	G	-		
1376	71	O	6.93	C	-		
1376	72	O	6.93	T	-		
1376	73	O	6.93	T	-		
1376	74	O	6.93	G	-		
1376	75	O	6.93	A	-		
1376	76	O	6.93	C	-		
1376	77	O	6.93	T	-		
1376	78	O	6.93	G	-		
1376	79	O	6.93	A	-		
1376	80	O	6.93	T	-		
1376	81	O	6.93	A	-		
1376	82	O	6.93	T	-		
1376	83	O	6.93	T	-		
1376	84	O	6.93	G	-		
1376	85	O	6.93	A	-		
1376	86	O	6.93	T	-		
1376	87	O	6.93	C	-		
1376	88	O	6.93	T	-		
1376	89	O	6.93	T	-		
1376	90	O	6.93	T	-		
1376	91	O	6.93	T	-		
1376	92	O	6.93	A	-		
1376	93	O	6.93	G	-		
1376	94	O	6.93	A	-		
1376	95	O	6.93	A	-		
1376	96	O	6.93	T	-		
1376	97	O	6.93	T	-		
1376	98	O	6.93	T	-		
1376	99	O	6.93	C	-		
1376	100	O	6.93	T	-		
1376	101	O	6.93	T	-		
1376	102	O	6.93	C	-		
1376	103	O	6.93	A	-		
1376	104	O	6.93	A	-		
1376	105	O	6.93	C	-		
1376	106	O	6.93	A	-		
1376	107	O	6.93	G	-		
1376	108	O	6.93	G	-		
1376	109	O	6.93	T	-		
1377	0	O	5.55	T	-		
1377	1	O	5.55	G	-		
1377	2	O	5.55	A	-		
1377	3	O	5.55	A	-		
1377	4	O	5.55	A	-		
1377	5	O	5.55	C	-		
1377	6	O	5.55	T	-		
1377	7	O	5.55	A	-		
1377	8	O	5.55	T	-		
1377	9	O	5.55	G	-		
1377	10	O	5.55	A	-		
1377	11	O	5.55	T	-		
1377	12	O	5.55	C	-		
1377	13	O	5.55	A	-		
1377	14	O	5.55	T	-		
1377	15	O	5.55	T	-		
1377	16	O	5.55	T	-		
1377	17	O	5.55	G	-		
1377	18	O	5.55	C	-		
1377	19	O	5.55	C	-		
1377	20	O	5.55	T	-		
1377	21	O	5.55	T	-		
1377	22	O	5.55	C	-		
1377	23	O	5.55	G	-		
1377	24	O	5.55	C	-		
1377	25	O	5.55	A	-		
1377	26	O	5.55	A	-		
1377	27	O	5.55	A	-		
1377	28	O	5.55	T	-		
1377	29	O	5.55	T	-		
1377	30	O	5.55	G	-		
1377	31	O	5.55	A	-		
1377	32	O	5.55	G	-		
1377	33	O	5.55	A	-		
1377	34	O	5.55	C	-		
1377	35	O	5.55	T	-		
1377	36	O	5.55	C	-		
1377	37	O	5.55	C	-		
1377	38	O	5.55	T	-		
1377	39	O	5.55	G	-		
1377	40	O	5.55	C	-		
1377	41	O	5.55	T	-		
1377	42	O	5.55	T	-		
1377	43	O	5.55	C	-		
1377	44	O	5.55	A	-		
1377	45	O	5.55	A	-		
1377	46	O	5.55	T	-		
1377	47	O	5.55	A	-		
1377	48	O	5.55	C	-		
1377	49	O	5.55	T	-		
1377	50	O	5.55	A	-		
1377	51	O	5.55	C	-		
1377	52	O	5.55	C	-		
1377	53	O	5.55	A	-		
1377	54	O	5.55	T	-		
1377	55	O	5.55	A	-		
1377	56	O	5.55	C	-		
1377	57	O	5.55	T	-		
1377	58	O	5.55	G	-		
1377	59	O	5.55	T	-		
1377	60	O	5.55	C	-		
1377	61	O	5.55	A	-		
1377	62	O	5.55	T	-		
1377	63	O	5.55	G	-		
1377	64	O	5.55	A	-		
1377	65	O	5.55	T	-		
1377	66	O	5.55	A	-		
1377	67	O	5.55	A	-		
1377	68	O	5.55	C	-		
1377	69	O	5.55	T	-		
1377	70	O	5.55	G	-		
1377	71	O	5.55	C	-		
1377	72	O	5.55	C	-		
1377	73	O	5.55	A	-		
1377	74	O	5.55	C	-		
1377	75	O	5.55	T	-		
1377	76	O	5.55	G	-		
1377	77	O	5.55	T	-		
1377	78	O	5.55	A	-		
1377	79	O	5.55	C	-		
1377	80	O	5.55	A	-		
1377	81	O	5.55	A	-		
1377	82	O	5.55	A	-		
1377	83	O	5.55	A	-		
1377	84	O	5.55	A	-		
1377	85	O	5.55	G	-		
1377	86	O	5.55	C	-		
1377	87	O	5.55	A	-		
1377	88	O	5.55	T	-		
1377	89	O	5.55	T	-		
1377	90	O	5.55	T	-		
1377	91	O	5.55	C	-		
1377	92	O	5.55	A	-		
1377	93	O	5.55	C	-		
1377	94	O	5.55	A	-		
1377	95	O	5.55	C	-		
1377	96	O	5.55	A	-		
1377	97	O	5.55	C	-		
1377	98	O	5.55	A	-		
1377	99	O	5.55	A	-		
1377	100	O	5.55	G	-		
1377	101	O	5.55	T	-		
1377	102	O	5.55	T	-		
1377	103	O	5.55	T	-		
1377	104	O	5.55	C	-		
1377	105	O	5.55	A	-		
1377	106	O	5.55	G	-		
1377	107	O	5.55	A	-		
1377	108	O	5.55	A	-		
1377	109	O	5.55	T	-		
1378	0	O	9.70	G	-		
1378	1	O	9.70	C	-		
1378	2	O	9.70	C	-		
1378	3	O	9.70	T	-		
1378	4	O	9.70	C	-		
1378	5	O	9.70	G	-		
1378	6	O	9.70	T	-		
1378	7	O	9.70	A	-		
1378	8	O	9.70	C	-		
1378	9	O	9.70	T	-		
1378	10	O	9.70	T	-		
1378	11	O	9.70	G	-		
1378	12	O	9.70	C	-		
1378	13	O	9.70	C	-		
1378	14	O	9.70	T	-		
1378	15	O	9.70	T	-		
1378	16	O	9.70	C	-		
1378	17	O	9.70	C	-		
1378	18	O	9.70	T	-		
1378	19	O	9.70	T	-		
1378	20	O	9.70	G	-		
1378	21	O	9.70	G	-		
1378	22	O	9.70	C	-		
1378	23	O	9.70	A	-		
1378	24	O	9.70	G	-		
1378	25	O	9.70	T	-		
1378	26	O	9.70	G	-		
1378	27	O	9.70	T	-		
1378	28	O	9.70	A	-		
1378	29	O	9.70	C	-		
1378	30	O	9.70	T	-		
1378	31	O	9.70	G	-		
1378	32	O	9.70	G	-		
1378	33	O	9.70	C	-		
1378	34	O	9.70	G	-		
1378	35	O	9.70	G	-		
1378	36	O	9.70	A	-		
1378	37	O	9.70	T	-		
1378	38	O	9.70	G	-		
1378	39	O	9.70	A	-		
1378	40	O	9.70	C	-		
1378	41	O	9.70	G	-		
1378	42	O	9.70	C	-		
1378	43	O	9.70	G	-		
1378	44	O	9.70	C	-		
1378	45	O	9.70	T	-		
1378	46	O	9.70	T	-		
1378	47	O	9.70	G	-		
1378	48	O	9.70	C	-		
1378	49	O	9.70	T	-		
1378	50	O	9.70	G	-		
1378	51	O	9.70	T	-		
1378	52	O	9.70	C	-		
1378	53	O	9.70	A	-		
1378	54	O	9.70	T	-		
1378	55	O	9.70	G	-		
1378	56	O	9.70	C	-		
1378	57	O	9.70	T	-		
1378	58	O	9.70	C	-		
1378	59	O	9.70	G	-		
1378	60	O	9.70	A	-		
1378	61	O	9.70	C	-		
1378	62	O	9.70	G	-		
1378	63	O	9.70	T	-		
1378	64	O	9.70	A	-		
1378	65	O	9.70	C	-		
1378	66	O	9.70	A	-		
1378	67	O	9.70	C	-		
1378	68	U	1.77	C	A		
1378	69	O	9.70	C	-		
1378	70	O	9.70	G	-		
1378	71	O	9.70	C	-		
1378	72	O	9.70	G	-		
1378	73	O	9.70	T	-		
1378	74	O	9.70	G	-		
1378	75	O	9.70	T	-		
1378	76	O	9.70	C	-		
1378	77	O	9.70	C	-		
1378	78	O	9.70	C	-		
1378	79	O	9.70	T	-		
1378	80	O	9.70	C	-		
1378	81	O	9.70	A	-		
1378	82	O	9.70	T	-		
1378	83	O	9.70	G	-		
1378	84	O	9.70	C	-		
1378	85	O	9.70	G	-		
1378	86	O	9.70	A	-		
1378	87	O	9.70	A	-		
1378	88	O	9.70	C	-		
1378	89	O	9.70	C	-		
1378	90	O	9.70	A	-		
1378	91	O	9.70	C	-		
1378	92	U	1.77	T	G		
1378	93	O	9.70	A	-		
1378	94	O	9.70	C	-		
1378	95	O	9.70	G	-		
1378	96	O	9.70	C	-		
1378	97	O	9.70	C	-		
1378	98	O	9.70	A	-		
1378	99	O	9.70	T	-		
1378	100	O	9.70	C	-		
1378	101	O	9.70	C	-		
1378	102	O	9.70	A	-		
1378	103	O	9.70	G	-		
1378	104	O	9.70	A	-		
1378	105	O	9.70	C	-		
1378	106	O	9.70	G	-		
1378	107	U	1.77	T	C		
1378	108	O	9.70	A	-		
1378	109	O	9.70	G	-		
1379	0	O	6.35	A	-		
1379	1	O	15.25	G	-		
1379	2	O	15.25	A	-		
1379	3	O	15.25	T	-		
1379	4	O	15.25	T	-		
1379	5	O	15.25	G	-		
1379	6	O	15.25	G	-		
1379	7	O	15.25	T	-		
1379	8	O	15.25	T	-		
1379	9	O	15.25	T	-		
1379	10	O	15.25	G	-		
1379	11	O	15.25	G	-		
1379	12	O	15.25	G	-		
1379	13	O	15.25	T	-		
1379	14	O	15.25	T	-		
1379	15	O	15.25	G	-		
1379	16	O	15.25	T	-		
1379	17	O	15.25	T	-		
1379	18	O	15.25	G	-		
1379	19	O	15.25	A	-		
1379	20	O	15.25	A	-		
1379	21	O	15.25	G	-		
1379	22	O	15.25	A	-		
1379	23	O	15.25	A	-		
1379	24	O	15.25	A	-		
1379	25	O	15.25	G	-		
1379	26	O	15.25	C	-		
1379	27	O	15.25	T	-		
1379	28	O	15.25	A	-		
1379	29	O	15.25	T	-		
1379	30	O	15.25	G	-		
1379	31	O	15.25	T	-		
1379	32	O	15.25	T	-		
1379	33	O	15.25	T	-		
1379	34	O	15.25	C	-		
1379	35	O	15.25	A	-		
1379	36	O	15.25	C	-		
1379	37	O	15.25	T	-		
1379	38	O	15.25	A	-		
1379	39	O	6.35	G	-		
1379	40	O	15.25	T	-		
1379	41	O	15.25	A	-		
1379	42	O	15.25	T	-		
1379	43	O	15.25	T	-		
1379	44	O	15.25	C	-		
1379	45	O	15.25	T	-		
1379	46	O	15.25	A	-		
1379	47	O	15.25	C	-		
1379	48	O	6.35	A	-		
1379	49	O	15.25	A	-		
1379	50	O	15.25	A	-		
1379	51	O	15.25	C	-		
1379	52	O	15.25	C	-		
1379	53	O	15.25	A	-		
1379	54	O	15.25	A	-		
1379	55	O	15.25	G	-		
1379	56	O	15.25	G	-		
1379	57	O	15.25	C	-		
1379	58	O	15.25	G	-		
1379	59	O	15.25	C	-		
1379	60	O	15.25	C	-		
1379	61	O	15.25	T	-		
1379	62	O	15.25	A	-		
1379	63	O	15.25	T	-		
1379	64	O	15.25	T	-		
1379	65	O	15.25	G	-		
1379	66	O	15.25	G	-		
1379	67	O	15.25	A	-		
1379	68	O	15.25	A	-		
1379	69	O	15.25	A	-		
1379	70	O	15.25	C	-		
1379	71	O	15.25	A	-		
1379	72	O	15.25	T	-		
1379	73	O	15.25	G	-		
1379	74	O	15.25	A	-		
1379	75	O	15.25	G	-		
1379	76	O	15.25	T	-		
1379	77	O	15.25	C	-		
1379	78	O	15.25	A	-		
1379	79	O	15.25	T	-		
1379	80	O	15.25	C	-		
1379	81	O	15.25	C	-		
1379	82	O	15.25	A	-		
1379	83	O	15.25	A	-		
1379	84	O	15.25	C	-		
1379	85	O	15.25	T	-		
1379	86	O	15.25	G	-		
1379	87	O	15.25	A	-		
1379	88	O	15.25	A	-		
1379	89	O	15.25	G	-		
1379	90	O	15.25	C	-		
1379	91	O	15.25	T	-		
1379	92	O	15.25	G	-		
1379	93	O	15.25	T	-		
1379	94	O	15.25	C	-		
1379	95	O	15.25	A	-		
1379	96	O	15.25	G	-		
1379	97	O	15.25	G	-		
1379	98	O	15.25	G	-		
1379	99	O	15.25	T	-		
1379	100	O	15.25	A	-		
1379	101	O	15.25	A	-		
1379	102	O	15.25	T	-		
1379	103	O	15.25	C	-		
1379	104	O	15.25	T	-		
1379	105	O	15.25	A	-		
1379	106	O	15.25	G	-		
1379	107	O	15.25	C	-		
1379	108	O	15.25	C	-		
1379	109	O	15.25	G	-		
1380	0	O	6.93	G	-		
1380	1	O	6.93	A	-		
1380	2	O	6.93	G	-		
1380	3	O	6.93	T	-		
1380	4	O	6.93	G	-		
1380	5	O	6.93	A	-		
1380	6	O	6.93	T	-		
1380	7	O	6.93	A	-		
1380	8	O	6.93	G	-		
1380	9	O	6.93	C	-		
1380	10	O	6.93	T	-		
1380	11	O	6.93	G	-		
1380	12	O	6.93	C	-		
1380	13	O	6.93	T	-		
1380	14	O	6.93	T	-		
1380	15	O	6.93	T	-		
1380	16	O	6.93	G	-		
1380	17	O	6.93	T	-		
1380	18	O	6.93	T	-		
1380	19	O	6.93	G	-		
1380	20	O	6.93	G	-		
1380	21	O	6.93	T	-		
1380	22	O	6.93	A	-		
1380	23	O	6.93	T	-		
1380	24	O	6.93	C	-		
1380	25	O	6.93	A	-		
1380	26	O	6.93	G	-		
1380	27	O	6.93	C	-		
1380	28	O	6.93	C	-		
1380	29	O	6.93	T	-		
1380	30	O	6.93	G	-		
1380	31	O	6.93	T	-		
1380	32	O	6.93	G	-		
1380	33	O	6.93	G	-		
1380	34	O	6.93	T	-		
1380	35	O	6.93	C	-		
1380	36	O	6.93	G	-		
1380	37	O	6.93	T	-		
1380	38	O	6.93	G	-		
1380	39	O	6.93	A	-		
1380	40	O	6.93	A	-		
1380	41	O	6.93	G	-		
1380	42	O	6.93	A	-		
1380	43	O	6.93	A	-		
1380	44	O	6.93	T	-		
1380	45	O	6.93	C	-		
1380	46	O	6.93	A	-		
1380	47	O	6.93	C	-		
1380	48	O	6.93	C	-		
1380	49	O	6.93	A	-		
1380	50	O	6.93	C	-		
1380	51	O	6.93	A	-		
1380	52	O	6.93	T	-		
1380	53	O	6.93	G	-		
1380	54	O	6.93	G	-		
1380	55	O	6.93	A	-		
1380	56	O	6.93	T	-		
1380	57	O	6.93	A	-		
1380	58	O	6.93	C	-		
1380	59	O	6.93	G	-		
1380	60	O	6.93	G	-		
1380	61	O	6.93	T	-		
1380	62	O	6.93	A	-		
1380	63	O	6.93	C	-		
1380	64	O	6.93	G	-		
1380	65	O	6.93	T	-		
1380	66	O	6.93	C	-		
1380	67	O	6.93	G	-		
1380	68	O	6.93	T	-		
1380	69	O	6.93	A	-		
1380	70	O	6.93	C	-		
1380	71	O	6.93	G	-		
1380	72	O	6.93	G	-		
1380	73	O	6.93	G	-		
1380	74	O	6.93	T	-		
1380	75	O	6.93	C	-		
1380	76	O	6.93	C	-		
1380	77	O	6.93	A	-		
1380	78	O	6.93	G	-		
1380	79	O	6.93	T	-		
1380	80	O	6.93	A	-		
1380	81	O	6.93	C	-		
1380	82	O	6.93	A	-		
1380	83	O	6.93	T	-		
1380	84	O	6.93	G	-		
1380	85	O	6.93	T	-		
1380	86	O	6.93	A	-		
1380	87	O	6.93	G	-		
1380	88	O	6.93	C	-		
1380	89	O	6.93	T	-		
1380	90	O	6.93	G	-		
1380	91	O	6.93	C	-		
1380	92	O	6.93	A	-		
1380	93	O	6.93	T	-		
1380	94	O	6.93	G	-		
1380	95	O	6.93	T	-		
1380	96	O	6.93	A	-		
1380	97	O	6.93	G	-		
1380	98	O	6.93	C	-		
1380	99	O	6.93	T	-		
1380	100	O	6.93	G	-		
1380	101	O	6.93	A	-		
1380	102	O	6.93	G	-		
1380	103	O	6.93	G	-		
1380	104	O	6.93	A	-		
1380	105	O	6.93	G	-		
1380	106	O	6.93	C	-		
1380	107	O	6.93	T	-		
1380	108	O	6.93	G	-		
1380	109	O	6.93	G	-		
1381	0	O	5.55	G	-		
1381	1	O	5.55	C	-		
1381	2	O	5.55	T	-		
1381	3	O	5.55	A	-		
1381	4	O	5.55	A	-		
1381	5	O	5.55	A	-		
1381	6	O	5.55	C	-		
1381	7	O	5.55	A	-		
1381	8	O	5.55	A	-		
1381	9	O	5.55	A	-		
1381	10	O	5.55	T	-		
1381	11	O	5.55	A	-		
1381	12	O	5.55	A	-		
1381	13	O	5.55	T	-		
1381	14	O	5.55	G	-		
1381	15	O	5.55	A	-		
1381	16	O	5.55	A	-		
1381	17	O	5.55	A	-		
1381	18	O	5.55	A	-		
1381	19	O	5.55	T	-		
1381	20	O	5.55	G	-		
1381	21	O	5.55	C	-		
1381	22	O	5.55	A	-		
1381	23	O	5.55	G	-		
1381	24	O	5.55	A	-		
1381	25	O	5.55	C	-		
1381	26	O	5.55	A	-		
1381	27	O	5.55	A	-		
1381	28	O	5.55	T	-		
1381	29	O	5.55	T	-		
1381	30	O	5.55	T	-		
1381	31	O	5.55	T	-		
1381	32	O	5.55	G	-		
1381	33	O	5.55	T	-		
1381	34	O	5.55	G	-		
1381	35	O	5.55	A	-		
1381	36	O	5.55	C	-		
1381	37	O	5.55	A	-		
1381	38	O	5.55	T	-		
1381	39	O	5.55	A	-		
1381	40	O	5.55	T	-		
1381	41	O	5.55	G	-		
1381	42	O	5.55	A	-		
1381	43	O	5.55	A	-		
1381	44	O	5.55	G	-		
1381	45	O	5.55	A	-		
1381	46	O	5.55	A	-		
1381	47	O	5.55	T	-		
1381	48	O	5.55	G	-		
1381	49	O	5.55	T	-		
1381	50	O	5.55	A	-		
1381	51	O	5.55	A	-		
1381	52	O	5.55	A	-		
1381	53	O	5.55	C	-		
1381	54	O	5.55	T	-		
1381	55	O	5.55	C	-		
1381	56	O	5.55	A	-		
1381	57	O	5.55	C	-		
1381	58	O	5.55	A	-		
1381	59	O	5.55	G	-		
1381	60	O	5.55	G	-		
1381	61	O	5.55	T	-		
1381	62	O	5.55	A	-		
1381	63	O	5.55	G	-		
1381	64	O	5.55	G	-		
1381	65	O	5.55	G	-		
1381	66	O	5.55	C	-		
1381	67	O	5.55	T	-		
1381	68	O	5.55	T	-		
1381	69	O	5.55	A	-		
1381	70	O	5.55	G	-		
1381	71	O	5.55	G	-		
1381	72	O	5.55	T	-		
1381	73	O	5.55	G	-		
1381	74	O	5.55	C	-		
1381	75	O	5.55	A	-		
1381	76	O	5.55	C	-		
1381	77	O	5.55	C	-		
1381	78	O	5.55	A	-		
1381	79	O	5.55	A	-		
1381	80	O	5.55	A	-		
1381	81	O	5.55	C	-		
1381	82	O	5.55	C	-		
1381	83	O	5.55	C	-		
1381	84	O	5.55	A	-		
1381	85	O	5.55	T	-		
1381	86	O	5.55	A	-		
1381	87	O	5.55	C	-		
1381	88	O	5.55	C	-		
1381	89	O	5.55	C	-		
1381	90	O	5.55	C	-		
1381	91	O	5.55	A	-		
1381	92	O	5.55	A	-		
1381	93	O	5.55	G	-		
1381	94	O	5.55	A	-		
1381	95	O	5.55	G	-		
1381	96	O	5.55	T	-		
1381	97	O	5.55	C	-		
1381	98	O	5.55	T	-		
1381	99	O	5.55	G	-		
1381	100	O	5.55	G	-		
1381	101	O	5.55	G	-		
1381	102	O	5.55	G	-		
1381	103	O	5.55	T	-		
1381	104	O	5.55	C	-		
1381	105	O	5.55	T	-		
1381	106	O	5.55	T	-		
1381	107	O	5.55	G	-		
1381	108	O	5.55	T	-		
1381	109	O	5.55	G	-		
1382	0	O	9.70	T	-		
1382	1	O	9.70	G	-		
1382	2	O	9.70	C	-		
1382	3	O	9.70	T	-		
1382	4	O	9.70	C	-		
1382	5	O	9.70	G	-		
1382	6	O	9.70	C	-		
1382	7	O	9.70	C	-		
1382	8	O	9.70	T	-		
1382	9	O	9.70	G	-		
1382	10	O	9.70	G	-		
1382	11	O	9.70	C	-		
1382	12	O	9.70	T	-		
1382	13	O	9.70	C	-		
1382	14	O	9.70	A	-		
1382	15	O	9.70	A	-		
1382	16	O	9.70	G	-		
1382	17	O	9.70	G	-		
1382	18	O	9.70	A	-		
1382	19	O	9.70	C	-		
1382	20	O	9.70	G	-		
1382	21	O	9.70	A	-		
1382	22	O	9.70	C	-		
1382	23	O	9.70	C	-		
1382	24	O	9.70	G	-		
1382	25	O	9.70	A	-		
1382	26	O	9.70	C	-		
1382	27	O	9.70	T	-		
1382	28	O	9.70	G	-		
1382	29	O	9.70	A	-		
1382	30	O	9.70	T	-		
1382	31	O	9.70	A	-		
1382	32	O	9.70	G	-		
1382	33	O	9.70	T	-		
1382	34	O	9.70	C	-		
1382	35	O	9.70	A	-		
1382	36	O	9.70	G	-		
1382	37	O	9.70	C	-		
1382	38	O	9.70	C	-		
1382	39	O	9.70	A	-		
1382	40	O	9.70	G	-		
1382	41	O	9.70	C	-		
1382	42	O	9.70	G	-		
1382	43	O	9.70	C	-		
1382	44	O	9.70	G	-		
1382	45	O	9.70	C	-		
1382	46	O	9.70	G	-		
1382	47	O	9.70	G	-		
1382	48	O	9.70	G	-		
1382	49	O	9.70	C	-		
1382	50	O	9.70	G	-		
1382	51	O	9.70	G	-		
1382	52	O	9.70	C	-		
1382	53	O	9.70	C	-		
1382	54	O	9.70	G	-		
1382	55	O	9.70	G	-		
1382	56	O	9.70	C	-		
1382	57	O	9.70	C	-		
1382	58	O	9.70	G	-		
1382	59	O	9.70	G	-		
1382	60	O	9.70	C	-		
1382	61	O	9.70	C	-		
1382	62	O	9.70	A	-		
1382	63	O	9.70	G	-		
1382	64	O	9.70	G	-		
1382	65	O	9.70	C	-		
1382	66	O	9.70	A	-		
1382	67	O	9.70	G	-		
1382	68	O	9.70	C	-		
1382	69	O	9.70	C	-		
1382	70	O	9.70	C	-		
1382	71	O	9.70	A	-		
1382	72	O	9.70	A	-		
1382	73	O	9.70	G	-		
1382	74	O	9.70	C	-		
1382	75	O	9.70	T	-		
1382	76	O	9.70	G	-		
1382	77	O	9.70	G	-		
1382	78	O	9.70	C	-		
1382	79	O	9.70	G	-		
1382	80	O	9.70	G	-		
1382	81	O	9.70	A	-		
1382	82	O	9.70	C	-		
1382	83	O	9.70	A	-		
1382	84	O	9.70	A	-		
1382	85	O	9.70	C	-		
1382	86	O	9.70	T	-		
1382	87	O	9.70	C	-		
1382	88	O	9.70	G	-		
1382	89	O	9.70	C	-		
1382	90	O	9.70	A	-		
1382	91	O	9.70	C	-		
1382	92	O	9.70	A	-		
1382	93	O	9.70	A	-		
1382	94	O	9.70	G	-		
1382	95	O	9.70	T	-		
1382	96	U	1.77	A	C		
1382	97	O	9.70	C	-		
1382	98	O	9.70	C	-		
1382	99	O	9.70	T	-		
1382	100	O	9.70	C	-		
1382	101	O	9.70	A	-		
1382	102	O	9.70	T	-		
1382	103	O	9.70	G	-		
1382	104	O	9.70	C	-		
1382	105	O	9.70	T	-		
1382	106	O	9.70	G	-		
1382	107	O	9.70	G	-		
1382	108	O	9.70	C	-		
1382	109	O	9.70	C	-		
1383	0	O	20.79	T	-		
1383	1	O	20.79	C	-		
1383	2	O	20.79	G	-		
1383	3	O	20.79	A	-		
1383	4	O	20.79	A	-		
1383	5	O	20.79	G	-		
1383	6	O	20.79	T	-		
1383	7	O	20.79	A	-		
1383	8	O	20.79	G	-		
1383	9	O	20.79	T	-		
1383	10	O	20.79	C	-		
1383	11	O	20.79	A	-		
1383	12	O	20.79	T	-		
1383	13	O	20.79	C	-		
1383	14	O	20.79	G	-		
1383	15	O	20.79	A	-		
1383	16	O	20.79	G	-		
1383	17	O	20.79	G	-		
1383	18	O	20.79	G	-		
1383	19	O	20.79	C	-		
1383	20	O	20.79	C	-		
1383	21	O	20.79	G	-		
1383	22	O	20.79	A	-		
1383	23	O	20.79	G	-		
1383	24	O	20.79	T	-		
1383	25	O	20.79	A	-		
1383	26	O	20.79	C	-		
1383	27	O	20.79	A	-		
1383	28	O	11.25	G	-		
1383	29	O	20.79	G	-		
1383	30	O	20.79	T	-		
1383	31	O	20.79	C	-		
1383	32	O	20.79	A	-		
1383	33	O	20.79	G	-		
1383	34	O	20.79	A	-		
1383	35	O	20.79	C	-		
1383	36	O	20.79	G	-		
1383	37	O	20.79	G	-		
1383	38	E	-9.29	T	C		
1383	39	O	20.79	T	-		
1383	40	O	20.79	C	-		
1383	41	O	20.79	T	-		
1383	42	O	20.79	G	-		
1383	43	O	20.79	T	-		
1383	44	O	20.79	C	-		
1383	45	O	20.79	G	-		
1383	46	O	20.79	G	-		
1383	47	O	20.79	T	-		
1383	48	O	20.79	A	-		
1383	49	O	20.79	C	-		
1383	50	O	20.79	G	-		
1383	51	O	20.79	T	-		
1383	52	O	20.79	T	-		
1383	53	O	20.79	G	-		
1383	54	O	20.79	A	-		
1383	55	O	20.79	G	-		
1383	56	O	20.79	C	-		
1383	57	O	20.79	T	-		
1383	58	O	20.79	G	-		
1383	59	O	20.79	G	-		
1383	60	O	20.79	A	-		
1383	61	O	20.79	T	-		
1383	62	O	20.79	G	-		
1383	63	O	20.79	C	-		
1383	64	O	20.79	T	-		
1383	65	O	20.79	G	-		
1383	66	O	20.79	G	-		
1383	67	O	11.25	A	-		
1383	68	O	20.79	G	-		
1383	69	O	20.79	T	-		
1383	70	O	20.79	C	-		
1383	71	O	20.79	G	-		
1383	72	O	20.79	G	-		
1383	73	O	20.79	A	-		
1383	74	O	20.79	T	-		
1383	75	O	11.25	A	-		
1383	76	O	20.79	T	-		
1383	77	O	20.79	G	-		
1383	78	O	20.79	A	-		
1383	79	O	20.79	G	-		
1383	80	O	20.79	T	-		
1383	81	O	20.79	T	-		
1383	82	O	20.79	C	-		
1383	83	O	20.79	C	-		
1383	84	O	20.79	G	-		
1383	85	O	20.79	G	-		
1383	86	O	20.79	C	-		
1383	87	O	20.79	T	-		
1383	88	O	20.79	T	-		
1383	89	O	20.79	G	-		
1383	90	O	20.79	G	-		
1383	91	O	20.79	A	-		
1383	92	O	20.79	A	-		
1383	93	O	20.79	A	-		
1383	94	O	20.79	T	-		
1383	95	O	20.79	C	-		
1383	96	O	20.79	G	-		
1383	97	O	20.79	T	-		
1383	98	O	20.79	T	-		
1383	99	O	20.79	G	-		
1383	100	O	20.79	T	-		
1383	101	O	20.79	C	-		
1383	102	O	20.79	C	-		
1383	103	O	20.79	C	-		
1383	104	O	20.79	G	-		
1383	105	O	20.79	G	-		
1383	106	O	20.79	A	-		
1383	107	O	20.79	G	-		
1383	108	O	20.79	A	-		
1383	109	O	20.79	T	-		
1384	0	O	8.32	A	-		
1384	1	O	8.32	G	-		
1384	2	O	8.32	T	-		
1384	3	O	8.32	T	-		
1384	4	O	8.32	G	-		
1384	5	O	8.32	A	-		
1384	6	O	8.32	T	-		
1384	7	O	8.32	T	-		
1384	8	O	8.32	G	-		
1384	9	O	8.32	C	-		
1384	10	O	8.32	A	-		
1384	11	O	8.32	T	-		
1384	12	O	8.32	G	-		
1384	13	O	8.32	G	-		
1384	14	O	8.32	A	-		
1384	15	O	8.32	C	-		
1384	16	O	8.32	A	-		
1384	17	O	8.32	G	-		
1384	18	O	8.32	T	-		
1384	19	O	8.32	T	-		
1384	20	O	8.32	C	-		
1384	21	O	8.32	A	-		
1384	22	O	8.32	T	-		
1384	23	O	8.32	T	-		
1384	24	O	8.32	G	-		
1384	25	O	8.32	C	-		
1384	26	O	8.32	G	-		
1384	27	O	8.32	C	-		
1384	28	O	8.32	A	-		
1384	29	O	8.32	T	-		
1384	30	O	8.32	C	-		
1384	31	O	8.32	C	-		
1384	32	O	8.32	A	-		
1384	33	O	8.32	T	-		
1384	34	O	8.32	C	-		
1384	35	O	8.32	C	-		
1384	36	O	8.32	G	-		
1384	37	O	8.32	C	-		
1384	38	O	8.32	G	-		
1384	39	O	8.32	T	-		
1384	40	O	8.32	A	-		
1384	41	O	8.32	C	-		
1384	42	O	8.32	G	-		
1384	43	O	8.32	A	-		
1384	44	O	8.32	G	-		
1384	45	O	8.32	A	-		
1384	46	O	8.32	G	-		
1384	47	O	8.32	C	-		
1384	48	O	8.32	C	-		
1384	49	O	8.32	G	-		
1384	50	O	8.32	C	-		
1384	51	O	8.32	C	-		
1384	52	O	8.32	G	-		
1384	53	O	8.32	A	-		
1384	54	O	8.32	T	-		
1384	55	O	8.32	A	-		
1384	56	O	8.32	T	-		
1384	57	O	8.32	C	-		
1384	58	O	8.32	C	-		
1384	59	O	8.32	A	-		
1384	60	O	8.32	C	-		
1384	61	O	8.32	T	-		
1384	62	O	8.32	G	-		
1384	63	O	8.32	C	-		
1384	64	O	8.32	G	-		
1384	65	O	8.32	C	-		
1384	66	O	8.32	A	-		
1384	67	O	8.32	T	-		
1384	68	O	8.32	C	-		
1384	69	O	8.32	C	-		
1384	70	O	8.32	G	-		
1384	71	O	8.32	C	-		
1384	72	O	8.32	A	-		
1384	73	O	8.32	T	-		
1384	74	O	8.32	T	-		
1384	75	O	8.32	A	-		
1384	76	O	8.32	G	-		
1384	77	O	8.32	A	-		
1384	78	O	8.32	C	-		
1384	79	O	8.32	T	-		
1384	80	O	8.32	C	-		
1384	81	O	8.32	G	-		
1384	82	O	8.32	C	-		
1384	83	O	8.32	G	-		
1384	84	O	8.32	G	-		
1384	85	O	8.32	G	-		
1384	86	O	8.32	G	-		
1384	87	O	8.32	G	-		
1384	88	O	8.32	T	-		
1384	89	O	8.32	C	-		
1384	90	O	8.32	G	-		
1384	91	O	8.32	C	-		
1384	92	O	8.32	G	-		
1384	93	O	8.32	C	-		
1384	94	O	8.32	G	-		
1384	95	O	8.32	C	-		
1384	96	O	8.32	C	-		
1384	97	O	8.32	C	-		
1384	98	O	8.32	G	-		
1384	99	O	8.32	C	-		
1384	100	O	8.32	C	-		
1384	101	O	8.32	G	-		
1384	102	O	8.32	A	-		
1384	103	O	8.32	C	-		
1384	104	O	8.32	C	-		
1384	105	O	8.32	C	-		
1384	106	O	8.32	C	-		
1384	107	O	8.32	C	-		
1384	108	O	8.32	C	-		
1384	109	O	8.32	C	-		
1385	0	O	5.55	G	-		
1385	1	O	5.55	A	-		
1385	2	O	5.55	G	-		
1385	3	O	5.55	A	-		
1385	4	O	5.55	G	-		
1385	5	O	5.55	C	-		
1385	6	O	5.55	C	-		
1385	7	O	5.55	A	-		
1385	8	O	5.55	A	-		
1385	9	O	5.55	A	-		
1385	10	O	5.55	G	-		
1385	11	O	5.55	A	-		
1385	12	O	5.55	G	-		
1385	13	O	5.55	C	-		
1385	14	O	5.55	G	-		
1385	15	O	5.55	G	-		
1385	16	O	5.55	A	-		
1385	17	O	5.55	T	-		
1385	18	O	5.55	A	-		
1385	19	O	5.55	A	-		
1385	20	O	5.55	C	-		
1385	21	O	5.55	C	-		
1385	22	O	5.55	C	-		
1385	23	O	5.55	C	-		
1385	24	O	5.55	G	-		
1385	25	O	5.55	A	-		
1385	26	O	5.55	G	-		
1385	27	O	5.55	T	-		
1385	28	O	5.55	T	-		
1385	29	O	5.55	A	-		
1385	30	O	5.55	C	-		
1385	31	O	5.55	G	-		
1385	32	O	5.55	C	-		
1385	33	O	5.55	C	-		
1385	34	O	5.55	A	-		
1385	35	O	5.55	G	-		
1385	36	O	5.55	T	-		
1385	37	O	5.55	A	-		
1385	38	O	5.55	C	-		
1385	39	O	5.55	T	-		
1385	40	O	5.55	A	-		
1385	41	O	5.55	G	-		
1385	42	O	5.55	T	-		
1385	43	O	5.55	G	-		
1385	44	O	5.55	C	-		
1385	45	O	5.55	A	-		
1385	46	O	5.55	C	-		
1385	47	O	5.55	G	-		
1385	48	O	5.55	G	-		
1385	49	O	5.55	C	-		
1385	50	O	5.55	C	-		
1385	51	O	5.55	T	-		
1385	52	O	5.55	C	-		
1385	53	O	5.55	T	-		
1385	54	O	5.55	C	-		
1385	55	O	5.55	G	-		
1385	56	O	5.55	A	-		
1385	57	O	5.55	C	-		
1385	58	O	5.55	G	-		
1385	59	O	5.55	C	-		
1385	60	O	5.55	T	-		
1385	61	O	5.55	G	-		
1385	62	O	5.55	A	-		
1385	63	O	5.55	T	-		
1385	64	O	5.55	T	-		
1385	65	O	5.55	G	-		
1385	66	O	5.55	A	-		
1385	67	O	5.55	T	-		
1385	68	O	5.55	T	-		
1385	69	O	5.55	G	-		
1385	70	O	5.55	A	-		
1385	71	O	5.55	A	-		
1385	72	O	5.55	T	-		
1385	73	O	5.55	G	-		
1385	74	O	5.55	T	-		
1385	75	O	5.55	G	-		
1385	76	O	5.55	A	-		
1385	77	O	5.55	T	-		
1385	78	O	5.55	G	-		
1385	79	O	5.55	A	-		
1385	80	O	5.55	C	-		
1385	81	O	5.55	C	-		
1385	82	O	5.55	A	-		
1385	83	O	5.55	T	-		
1385	84	O	5.55	C	-		
1385	85	O	5.55	G	-		
1385	86	O	5.55	C	-		
1385	87	O	5.55	G	-		
1385	88	O	5.55	G	-		
1385	89	O	5.55	C	-		
1385	90	O	5.55	A	-		
1385	91	O	5.55	A	-		
1385	92	O	5.55	G	-		
1385	93	O	5.55	A	-		
1385	94	O	5.55	A	-		
1385	95	O	5.55	T	-		
1385	96	O	5.55	A	-		
1385	97	O	5.55	A	-		
1385	98	O	5.55	C	-		
1385	99	O	5.55	G	-		
1385	100	O	5.55	T	-		
1385	101	O	5.55	G	-		
1385	102	O	5.55	G	-		
1385	103	O	5.55	T	-		
1385	104	O	5.55	C	-		
1385	105	O	5.55	T	-		
1385	106	O	5.55	A	-		
1385	107	O	5.55	C	-		
1385	108	O	5.55	G	-		
1385	109	O	5.55	C	-		
1386	0	O	6.93	G	-		
1386	1	O	6.93	A	-		
1386	2	O	6.93	C	-		
1386	3	O	6.93	G	-		
1386	4	O	6.93	C	-		
1386	5	O	6.93	G	-		
1386	6	O	6.93	A	-		
1386	7	O	6.93	G	-		
1386	8	O	6.93	C	-		
1386	9	O	6.93	T	-		
1386	10	O	6.93	C	-		
1386	11	O	6.93	G	-		
1386	12	O	6.93	T	-		
1386	13	O	6.93	G	-		
1386	14	O	6.93	T	-		
1386	15	O	6.93	G	-		
1386	16	O	6.93	C	-		
1386	17	O	6.93	C	-		
1386	18	O	6.93	A	-		
1386	19	O	6.93	A	-		
1386	20	O	6.93	A	-		
1386	21	O	6.93	G	-		
1386	22	O	6.93	C	-		
1386	23	O	6.93	T	-		
1386	24	O	6.93	T	-		
1386	25	O	6.93	G	-		
1386	26	O	6.93	T	-		
1386	27	O	6.93	T	-		
1386	28	O	6.93	T	-		
1386	29	O	6.93	T	-		
1386	30	O	6.93	C	-		
1386	31	O	6.93	T	-		
1386	32	O	6.93	C	-		
1386	33	O	6.93	C	-		
1386	34	O	6.93	A	-		
1386	35	O	6.93	A	-		
1386	36	O	6.93	G	-		
1386	37	O	6.93	A	-		
1386	38	O	6.93	A	-		
1386	39	O	6.93	A	-		
1386	40	O	6.93	T	-		
1386	41	O	6.93	A	-		
1386	42	O	6.93	C	-		
1386	43	O	6.93	C	-		
1386	44	O	6.93	A	-		
1386	45	O	6.93	C	-		
1386	46	O	6.93	C	-		
1386	47	O	6.93	A	-		
1386	48	O	6.93	T	-		
1386	49	O	6.93	G	-		
1386	50	O	6.93	G	-		
1386	51	O	6.93	C	-		
1386	52	O	6.93	C	-		
1386	53	O	6.93	A	-		
1386	54	O	6.93	G	-		
1386	55	O	6.93	C	-		
1386	56	O	6.93	A	-		
1386	57	O	6.93	T	-		
1386	58	O	6.93	G	-		
1386	59	O	6.93	C	-		
1386	60	O	6.93	A	-		
1386	61	O	6.93	A	-		
1386	62	O	6.93	A	-		
1386	63	O	6.93	T	-		
1386	64	O	6.93	C	-		
1386	65	O	6.93	G	-		
1386	66	O	6.93	T	-		
1386	67	O	6.93	T	-		
1386	68	O	6.93	C	-		
1386	69	O	6.93	A	-		
1386	70	O	6.93	G	-		
1386	71	O	6.93	T	-		
1386	72	O	6.93	T	-		
1386	73	O	6.93	T	-		
1386	74	O	6.93	A	-		
1386	75	O	6.93	G	-		
1386	76	O	6.93	C	-		
1386	77	O	6.93	G	-		
1386	78	O	6.93	G	-		
1386	79	O	6.93	A	-		
1386	80	O	6.93	G	-		
1386	81	O	6.93	A	-		
1386	82	O	6.93	C	-		
1386	83	O	6.93	A	-		
1386	84	O	6.93	T	-		
1386	85	O	6.93	T	-		
1386	86	O	6.93	C	-		
1386	87	O	6.93	T	-		
1386	88	O	6.93	C	-		
1386	89	O	6.93	G	-		
1386	90	O	6.93	G	-		
1386	91	O	6.93	A	-		
1386	92	O	6.93	C	-		
1386	93	O	6.93	A	-		
1386	94	O	6.93	A	-		
1386	95	O	6.93	C	-		
1386	96	O	6.93	A	-		
1386	97	O	6.93	A	-		
1386	98	O	6.93	A	-		
1386	99	O	6.93	A	-		
1386	100	O	6.93	A	-		
1386	101	O	6.93	G	-		
1386	102	O	6.93	A	-		
1386	103	O	6.93	C	-		
1386	104	O	6.93	A	-		
1386	105	O	6.93	A	-		
1386	106	O	6.93	T	-		
1386	107	O	6.93	T	-		
1386	108	O	6.93	G	-		
1386	109	O	6.93	T	-		
1387	0	O	38.82	C	-		
1387	1	O	38.82	G	-		
1387	2	O	38.82	C	-		
1387	3	O	38.82	A	-		
1387	4	O	38.82	G	-		
1387	5	O	38.82	G	-		
1387	6	O	38.82	C	-		
1387	7	O	38.82	G	-		
1387	8	O	38.82	G	-		
1387	9	O	38.82	G	-		
1387	10	O	38.82	C	-		
1387	11	O	38.82	A	-		
1387	12	O	38.82	A	-		
1387	13	O	38.82	T	-		
1387	14	O	38.82	C	-		
1387	15	O	38.82	C	-		
1387	16	O	38.82	G	-		
1387	17	O	38.82	G	-		
1387	18	O	38.82	C	-		
1387	19	O	38.82	G	-		
1387	20	O	38.82	A	-		
1387	21	O	38.82	G	-		
1387	22	O	38.82	T	-		
1387	23	O	38.82	C	-		
1387	24	O	38.82	G	-		
1387	25	O	38.82	C	-		
1387	26	O	38.82	C	-		
1387	27	O	38.82	T	-		
1387	28	O	38.82	G	-		
1387	29	O	38.82	G	-		
1387	30	O	38.82	A	-		
1387	31	O	27.99	G	-		
1387	32	O	38.82	C	-		
1387	33	O	38.82	G	-		
1387	34	O	38.82	A	-		
1387	35	O	38.82	C	-		
1387	36	O	38.82	C	-		
1387	37	O	38.82	G	-		
1387	38	O	38.82	G	-		
1387	39	O	38.82	G	-		
1387	40	O	38.82	A	-		
1387	41	O	38.82	C	-		
1387	42	O	38.82	G	-		
1387	43	O	38.82	T	-		
1387	44	O	38.82	C	-		
1387	45	O	38.82	G	-		
1387	46	O	38.82	G	-		
1387	47	O	38.82	C	-		
1387	48	O	38.82	G	-		
1387	49	O	38.82	A	-		
1387	50	O	38.82	C	-		
1387	51	O	38.82	T	-		
1387	52	O	38.82	G	-		
1387	53	O	38.82	C	-		
1387	54	O	38.82	G	-		
1387	55	O	38.82	G	-		
1387	56	O	38.82	C	-		
1387	57	O	38.82	G	-		
1387	58	O	38.82	G	-		
1387	59	O	38.82	C	-		
1387	60	O	38.82	T	-		
1387	61	O	38.82	T	-		
1387	62	O	38.82	C	-		
1387	63	O	38.82	C	-		
1387	64	O	38.82	G	-		
1387	65	O	38.82	C	-		
1387	66	O	38.82	G	-		
1387	67	O	38.82	G	-		
1387	68	O	38.82	C	-		
1387	69	O	38.82	C	-		
1387	70	O	38.82	C	-		
1387	71	O	38.82	C	-		
1387	72	O	38.82	C	-		
1387	73	O	38.82	A	-		
1387	74	O	38.82	G	-		
1387	75	O	38.82	A	-		
1387	76	O	38.82	G	-		
1387	77	O	38.82	C	-		
1387	78	O	27.99	T	-		
1387	79	O	38.82	C	-		
1387	80	O	38.82	C	-		
1387	81	O	38.82	G	-		
1387	82	O	38.82	T	-		
1387	83	O	38.82	G	-		
1387	84	O	38.82	G	-		
1387	85	O	38.82	G	-		
1387	86	O	38.82	C	-		
1387	87	O	38.82	G	-		
1387	88	O	38.82	C	-		
1387	89	O	38.82	C	-		
1387	90	O	38.82	G	-		
1387	91	O	38.82	T	-		
1387	92	O	38.82	C	-		
1387	93	O	38.82	G	-		
1387	94	O	38.82	G	-		
1387	95	O	38.82	C	-		
1387	96	O	38.82	C	-		
1387	97	O	38.82	G	-		
1387	98	O	38.82	G	-		
1387	99	O	38.82	C	-		
1387	100	O	38.82	G	-		
1387	101	O	38.82	G	-		
1387	102	O	38.82	G	-		
1387	103	O	27.99	A	-		
1387	104	O	38.82	G	-		
1387	105	O	38.82	T	-		
1387	106	O	38.82	T	-		
1387	107	O	38.82	G	-		
1387	108	O	38.82	G	-		
1387	109	O	38.82	C	-		
1388	0	O	5.55	C	-		
1388	1	O	5.55	G	-		
1388	2	O	5.55	G	-		
1388	3	O	5.55	C	-		
1388	4	O	5.55	G	-		
1388	5	O	5.55	T	-		
1388	6	O	5.55	C	-		
1388	7	O	5.55	A	-		
1388	8	O	5.55	A	-		
1388	9	O	5.55	C	-		
1388	10	O	5.55	G	-		
1388	11	O	5.55	C	-		
1388	12	O	5.55	C	-		
1388	13	O	5.55	A	-		
1388	14	O	5.55	C	-		
1388	15	O	5.55	A	-		
1388	16	O	5.55	A	-		
1388	17	O	5.55	C	-		
1388	18	O	5.55	A	-		
1388	19	O	5.55	A	-		
1388	20	O	5.55	C	-		
1388	21	O	5.55	T	-		
1388	22	O	5.55	C	-		
1388	23	O	5.55	G	-		
1388	24	O	5.55	C	-		
1388	25	O	5.55	A	-		
1388	26	O	5.55	C	-		
1388	27	O	5.55	A	-		
1388	28	O	5.55	G	-		
1388	29	O	5.55	T	-		
1388	30	O	5.55	C	-		
1388	31	O	5.55	A	-		
1388	32	O	5.55	T	-		
1388	33	O	5.55	G	-		
1388	34	O	5.55	G	-		
1388	35	O	5.55	C	-		
1388	36	O	5.55	A	-		
1388	37	O	5.55	A	-		
1388	38	O	5.55	A	-		
1388	39	O	5.55	C	-		
1388	40	O	5.55	A	-		
1388	41	O	5.55	G	-		
1388	42	O	5.55	G	-		
1388	43	O	5.55	A	-		
1388	44	O	5.55	T	-		
1388	45	O	5.55	G	-		
1388	46	O	5.55	G	-		
1388	47	O	5.55	T	-		
1388	48	O	5.55	A	-		
1388	49	O	5.55	G	-		
1388	50	O	5.55	T	-		
1388	51	O	5.55	G	-		
1388	52	O	5.55	G	-		
1388	53	O	5.55	T	-		
1388	54	O	5.55	T	-		
1388	55	O	5.55	T	-		
1388	56	O	5.55	C	-		
1388	57	O	5.55	T	-		
1388	58	O	5.55	G	-		
1388	59	O	5.55	C	-		
1388	60	O	5.55	T	-		
1388	61	O	5.55	G	-		
1388	62	O	5.55	G	-		
1388	63	O	5.55	T	-		
1388	64	O	5.55	G	-		
1388	65	O	5.55	C	-		
1388	66	O	5.55	T	-		
1388	67	O	5.55	C	-		
1388	68	O	5.55	T	-		
1388	69	O	5.55	C	-		
1388	70	O	5.55	G	-		
1388	71	O	5.55	G	-		
1388	72	O	5.55	T	-		
1388	73	O	5.55	A	-		
1388	74	O	5.55	C	-		
1388	75	O	5.55	C	-		
1388	76	O	5.55	C	-		
1388	77	O	5.55	C	-		
1388	78	O	5.55	A	-		
1388	79	O	5.55	T	-		
1388	80	O	5.55	C	-		
1388	81	O	5.55	G	-		
1388	82	O	5.55	A	-		
1388	83	O	5.55	T	-		
1388	84	O	5.55	C	-		
1388	85	O	5.55	C	-		
1388	86	O	5.55	T	-		
1388	87	O	5.55	C	-		
1388	88	O	5.55	G	-		
1388	89	O	5.55	A	-		
1388	90	O	5.55	A	-		
1388	91	O	5.55	A	-		
1388	92	O	5.55	G	-		
1388	93	O	5.55	A	-		
1388	94	O	5.55	T	-		
1388	95	O	5.55	C	-		
1388	96	O	5.55	C	-		
1388	97	O	5.55	G	-		
1388	98	O	5.55	G	-		
1388	99	O	5.55	T	-		
1388	100	O	5.55	G	-		
1388	101	O	5.55	T	-		
1388	102	O	5.55	T	-		
1388	103	O	5.55	G	-		
1388	104	O	5.55	G	-		
1388	105	O	5.55	A	-		
1388	106	O	5.55	A	-		
1388	107	O	5.55	A	-		
1388	108	O	5.55	C	-		
1388	109	O	5.55	A	-		
1389	0	O	6.93	C	-		
1389	1	O	6.93	A	-		
1389	2	O	6.93	G	-		
1389	3	O	6.93	C	-		
1389	4	O	6.93	G	-		
1389	5	O	6.93	T	-		
1389	6	O	6.93	T	-		
1389	7	O	6.93	C	-		
1389	8	O	6.93	C	-		
1389	9	O	6.93	T	-		
1389	10	O	6.93	G	-		
1389	11	O	6.93	A	-		
1389	12	O	6.93	G	-		
1389	13	O	6.93	C	-		
1389	14	O	6.93	C	-		
1389	15	O	6.93	A	-		
1389	16	O	6.93	A	-		
1389	17	O	6.93	C	-		
1389	18	O	6.93	A	-		
1389	19	O	6.93	C	-		
1389	20	O	6.93	T	-		
1389	21	O	6.93	G	-		
1389	22	O	6.93	G	-		
1389	23	O	6.93	C	-		
1389	24	O	6.93	A	-		
1389	25	O	6.93	A	-		
1389	26	O	6.93	A	-		
1389	27	O	6.93	T	-		
1389	28	O	6.93	G	-		
1389	29	O	6.93	A	-		
1389	30	O	6.93	A	-		
1389	31	O	6.93	C	-		
1389	32	O	6.93	A	-		
1389	33	O	6.93	C	-		
1389	34	O	6.93	G	-		
1389	35	O	6.93	A	-		
1389	36	O	6.93	C	-		
1389	37	O	6.93	A	-		
1389	38	O	6.93	G	-		
1389	39	O	6.93	T	-		
1389	40	O	6.93	C	-		
1389	41	O	6.93	C	-		
1389	42	O	6.93	T	-		
1389	43	O	6.93	C	-		
1389	44	O	6.93	G	-		
1389	45	O	6.93	C	-		
1389	46	O	6.93	G	-		
1389	47	O	6.93	C	-		
1389	48	O	6.93	A	-		
1389	49	O	6.93	A	-		
1389	50	O	6.93	G	-		
1389	51	O	6.93	C	-		
1389	52	O	6.93	C	-		
1389	53	O	6.93	C	-		
1389	54	O	6.93	C	-		
1389	55	O	6.93	C	-		
1389	56	O	6.93	G	-		
1389	57	O	6.93	G	-		
1389	58	O	6.93	C	-		
1389	59	O	6.93	C	-		
1389	60	O	6.93	C	-		
1389	61	O	6.93	G	-		
1389	62	O	6.93	G	-		
1389	63	O	6.93	A	-		
1389	64	O	6.93	C	-		
1389	65	O	6.93	T	-		
1389	66	O	6.93	A	-		
1389	67	O	6.93	C	-		
1389	68	O	6.93	C	-		
1389	69	O	6.93	A	-		
1389	70	O	6.93	A	-		
1389	71	O	6.93	G	-		
1389	72	O	6.93	T	-		
1389	73	O	6.93	G	-		
1389	74	O	6.93	G	-		
1389	75	O	6.93	C	-		
1389	76	O	6.93	A	-		
1389	77	O	6.93	A	-		
1389	78	O	6.93	A	-		
1389	79	O	6.93	C	-		
1389	80	O	6.93	G	-		
1389	81	O	6.93	T	-		
1389	82	O	6.93	C	-		
1389	83	O	6.93	C	-		
1389	84	O	6.93	A	-		
1389	85	O	6.93	G	-		
1389	86	O	6.93	G	-		
1389	87	O	6.93	C	-		
1389	88	O	6.93	G	-		
1389	89	O	6.93	A	-		
1389	90	O	6.93	T	-		
1389	91	O	6.93	C	-		
1389	92	O	6.93	C	-		
1389	93	O	6.93	C	-		
1389	94	O	6.93	G	-		
1389	95	O	6.93	C	-		
1389	96	O	6.93	A	-		
1389	97	O	6.93	T	-		
1389	98	O	6.93	G	-		
1389	99	O	6.93	A	-		
1389	100	O	6.93	C	-		
1389	101	O	6.93	T	-		
1389	102	O	6.93	C	-		
1389	103	O	6.93	C	-		
1389	104	O	6.93	G	-		
1389	105	O	6.93	A	-		
1389	106	O	6.93	C	-		
1389	107	O	6.93	A	-		
1389	108	O	6.93	C	-		
1389	109	O	6.93	A	-		
1390	0	O	9.70	A	-		
1390	1	O	9.70	C	-		
1390	2	O	9.70	T	-		
1390	3	O	9.70	A	-		
1390	4	O	9.70	T	-		
1390	5	O	9.70	T	-		
1390	6	O	9.70	G	-		
1390	7	O	9.70	T	-		
1390	8	O	9.70	G	-		
1390	9	O	9.70	A	-		
1390	10	O	9.70	A	-		
1390	11	O	9.70	T	-		
1390	12	O	9.70	G	-		
1390	13	O	9.70	G	-		
1390	14	O	9.70	G	-		
1390	15	O	9.70	T	-		
1390	16	O	9.70	T	-		
1390	17	O	9.70	G	-		
1390	18	O	9.70	T	-		
1390	19	O	9.70	G	-		
1390	20	O	9.70	C	-		
1390	21	O	9.70	T	-		
1390	22	O	9.70	A	-		
1390	23	O	9.70	C	-		
1390	24	O	9.70	C	-		
1390	25	O	9.70	T	-		
1390	26	O	9.70	T	-		
1390	27	O	9.70	G	-		
1390	28	O	9.70	C	-		
1390	29	O	9.70	A	-		
1390	30	O	9.70	A	-		
1390	31	O	9.70	C	-		
1390	32	O	9.70	A	-		
1390	33	O	9.70	T	-		
1390	34	O	9.70	T	-		
1390	35	O	9.70	T	-		
1390	36	O	9.70	G	-		
1390	37	O	9.70	T	-		
1390	38	O	9.70	T	-		
1390	39	O	9.70	T	-		
1390	40	O	9.70	T	-		
1390	41	O	9.70	T	-		
1390	42	O	9.70	G	-		
1390	43	O	9.70	G	-		
1390	44	O	9.70	C	-		
1390	45	O	9.70	A	-		
1390	46	O	9.70	T	-		
1390	47	O	9.70	C	-		
1390	48	O	9.70	A	-		
1390	49	O	9.70	A	-		
1390	50	O	9.70	C	-		
1390	51	O	9.70	T	-		
1390	52	O	9.70	C	-		
1390	53	O	9.70	T	-		
1390	54	O	9.70	G	-		
1390	55	O	9.70	T	-		
1390	56	O	9.70	A	-		
1390	57	O	9.70	G	-		
1390	58	O	9.70	G	-		
1390	59	O	9.70	T	-		
1390	60	O	9.70	T	-		
1390	61	O	9.70	T	-		
1390	62	O	9.70	A	-		
1390	63	O	9.70	T	-		
1390	64	O	9.70	T	-		
1390	65	O	9.70	C	-		
1390	66	O	9.70	C	-		
1390	67	O	9.70	T	-		
1390	68	O	9.70	T	-		
1390	69	O	9.70	T	-		
1390	70	O	9.70	A	-		
1390	71	O	9.70	C	-		
1390	72	O	9.70	T	-		
1390	73	O	9.70	C	-		
1390	74	O	9.70	G	-		
1390	75	O	9.70	G	-		
1390	76	O	9.70	C	-		
1390	77	O	9.70	C	-		
1390	78	O	9.70	C	-		
1390	79	O	9.70	A	-		
1390	80	O	9.70	A	-		
1390	81	O	9.70	C	-		
1390	82	O	9.70	T	-		
1390	83	O	9.70	T	-		
1390	84	O	9.70	G	-		
1390	85	O	9.70	C	-		
1390	86	O	9.70	C	-		
1390	87	O	9.70	A	-		
1390	88	O	9.70	T	-		
1390	89	O	9.70	C	-		
1390	90	O	9.70	A	-		
1390	91	O	9.70	A	-		
1390	92	O	9.70	C	-		
1390	93	O	9.70	T	-		
1390	94	O	9.70	C	-		
1390	95	O	9.70	C	-		
1390	96	O	9.70	C	-		
1390	97	O	9.70	T	-		
1390	98	O	9.70	C	-		
1390	99	O	9.70	A	-		
1390	100	O	9.70	T	-		
1390	101	O	9.70	G	-		
1390	102	O	9.70	G	-		
1390	103	O	9.70	G	-		
1390	104	O	9.70	A	-		
1390	105	O	9.70	G	-		
1390	106	O	9.70	A	-		
1390	107	O	9.70	T	-		
1390	108	O	9.70	T	-		
1390	109	O	9.70	C	-		
1391	0	O	8.32	C	-		
1391	1	O	8.32	G	-		
1391	2	O	8.32	A	-		
1391	3	O	8.32	C	-		
1391	4	O	8.32	G	-		
1391	5	O	8.32	C	-		
1391	6	O	8.32	C	-		
1391	7	O	8.32	G	-		
1391	8	O	8.32	T	-		
1391	9	O	8.32	A	-		
1391	10	O	8.32	T	-		
1391	11	O	8.32	A	-		
1391	12	O	8.32	T	-		
1391	13	O	8.32	G	-		
1391	14	O	8.32	A	-		
1391	15	O	8.32	T	-		
1391	16	O	8.32	G	-		
1391	17	O	8.32	G	-		
1391	18	O	8.32	G	-		
1391	19	O	8.32	A	-		
1391	20	O	8.32	G	-		
1391	21	O	8.32	C	-		
1391	22	O	8.32	G	-		
1391	23	O	8.32	G	-		
1391	24	O	8.32	G	-		
1391	25	O	8.32	C	-		
1391	26	O	8.32	A	-		
1391	27	O	8.32	G	-		
1391	28	O	8.32	C	-		
1391	29	O	8.32	G	-		
1391	30	O	8.32	G	-		
1391	31	O	8.32	C	-		
1391	32	O	8.32	G	-		
1391	33	O	8.32	T	-		
1391	34	O	8.32	C	-		
1391	35	O	8.32	G	-		
1391	36	O	8.32	G	-		
1391	37	O	8.32	A	-		
1391	38	O	8.32	G	-		
1391	39	O	8.32	G	-		
1391	40	O	8.32	A	-		
1391	41	O	8.32	G	-		
1391	42	O	8.32	G	-		
1391	43	O	8.32	T	-		
1391	44	O	8.32	T	-		
1391	45	O	8.32	A	-		
1391	46	O	8.32	G	-		
1391	47	O	8.32	G	-		
1391	48	O	8.32	C	-		
1391	49	O	8.32	A	-		
1391	50	O	8.32	A	-		
1391	51	O	8.32	G	-		
1391	52	O	8.32	C	-		
1391	53	O	8.32	A	-		
1391	54	O	8.32	C	-		
1391	55	O	8.32	A	-		
1391	56	O	8.32	G	-		
1391	57	O	8.32	T	-		
1391	58	O	8.32	G	-		
1391	59	O	8.32	A	-		
1391	60	O	8.32	C	-		
1391	61	O	8.32	C	-		
1391	62	O	8.32	T	-		
1391	63	O	8.32	T	-		
1391	64	O	8.32	T	-		
1391	65	O	8.32	T	-		
1391	66	O	8.32	C	-		
1391	67	O	8.32	C	-		
1391	68	O	8.32	A	-		
1391	69	O	8.32	C	-		
1391	70	O	8.32	G	-		
1391	71	O	8.32	C	-		
1391	72	O	8.32	C	-		
1391	73	O	8.32	G	-		
1391	74	O	8.32	C	-		
1391	75	O	8.32	T	-		
1391	76	O	8.32	G	-		
1391	77	O	8.32	C	-		
1391	78	O	8.32	A	-		
1391	79	O	8.32	C	-		
1391	80	O	8.32	G	-		
1391	81	O	8.32	C	-		
1391	82	O	8.32	C	-		
1391	83	O	8.32	G	-		
1391	84	O	8.32	G	-		
1391	85	O	8.32	T	-		
1391	86	O	8.32	C	-		
1391	87	O	8.32	T	-		
1391	88	O	8.32	T	-		
1391	89	O	8.32	G	-		
1391	90	O	8.32	G	-		
1391	91	O	8.32	G	-		
1391	92	O	8.32	C	-		
1391	93	O	8.32	C	-		
1391	94	O	8.32	G	-		
1391	95	O	8.32	T	-		
1391	96	O	8.32	G	-		
1391	97	O	8.32	T	-		
1391	98	O	8.32	T	-		
1391	99	O	8.32	T	-		
1391	100	O	8.32	G	-		
1391	101	O	8.32	G	-		
1391	102	O	8.32	A	-		
1391	103	O	8.32	A	-		
1391	104	O	8.32	T	-		
1391	105	O	8.32	C	-		
1391	106	O	8.32	C	-		
1391	107	O	8.32	C	-		
1391	108	O	8.32	T	-		
1391	109	O	8.32	G	-		
1392	0	O	6.93	T	-		
1392	1	O	6.93	A	-		
1392	2	O	6.93	T	-		
1392	3	O	6.93	T	-		
1392	4	O	6.93	C	-		
1392	5	O	6.93	A	-		
1392	6	O	6.93	T	-		
1392	7	O	6.93	T	-		
1392	8	O	6.93	A	-		
1392	9	O	6.93	A	-		
1392	10	O	6.93	C	-		
1392	11	O	6.93	C	-		
1392	12	O	6.93	A	-		
1392	13	O	6.93	T	-		
1392	14	O	6.93	A	-		
1392	15	O	6.93	T	-		
1392	16	O	6.93	C	-		
1392	17	O	6.93	A	-		
1392	18	O	6.93	T	-		
1392	19	O	6.93	T	-		
1392	20	O	6.93	A	-		
1392	21	O	6.93	A	-		
1392	22	O	6.93	T	-		
1392	23	O	6.93	G	-		
1392	24	O	6.93	T	-		
1392	25	O	6.93	A	-		
1392	26	O	6.93	A	-		
1392	27	O	6.93	G	-		
1392	28	O	6.93	A	-		
1392	29	O	6.93	T	-		
1392	30	O	6.93	A	-		
1392	31	O	6.93	A	-		
1392	32	O	6.93	A	-		
1392	33	O	6.93	G	-		
1392	34	O	6.93	C	-		
1392	35	O	6.93	T	-		
1392	36	O	6.93	G	-		
1392	37	O	6.93	T	-		
1392	38	O	6.93	G	-		
1392	39	O	6.93	A	-		
1392	40	O	6.93	G	-		
1392	41	O	6.93	G	-		
1392	42	O	6.93	A	-		
1392	43	O	6.93	G	-		
1392	44	O	6.93	C	-		
1392	45	O	6.93	T	-		
1392	46	O	6.93	G	-		
1392	47	O	6.93	T	-		
1392	48	O	6.93	C	-		
1392	49	O	6.93	T	-		
1392	50	O	6.93	C	-		
1392	51	O	6.93	T	-		
1392	52	O	6.93	T	-		
1392	53	O	6.93	T	-		
1392	54	O	6.93	T	-		
1392	55	O	6.93	C	-		
1392	56	O	6.93	T	-		
1392	57	O	6.93	C	-		
1392	58	O	6.93	C	-		
1392	59	O	6.93	T	-		
1392	60	O	6.93	T	-		
1392	61	O	6.93	C	-		
1392	62	O	6.93	C	-		
1392	63	O	6.93	T	-		
1392	64	O	6.93	G	-		
1392	65	O	6.93	T	-		
1392	66	O	6.93	A	-		
1392	67	O	6.93	T	-		
1392	68	O	6.93	A	-		
1392	69	O	6.93	T	-		
1392	70	O	6.93	T	-		
1392	71	O	6.93	G	-		
1392	72	O	6.93	T	-		
1392	73	O	6.93	T	-		
1392	74	O	6.93	G	-		
1392	75	O	6.93	T	-		
1392	76	O	6.93	T	-		
1392	77	O	6.93	T	-		
1392	78	O	6.93	T	-		
1392	79	O	6.93	T	-		
1392	80	O	6.93	G	-		
1392	81	O	6.93	G	-		
1392	82	O	6.93	T	-		
1392	83	O	6.93	G	-		
1392	84	O	6.93	A	-		
1392	85	O	6.93	A	-		
1392	86	O	6.93	C	-		
1392	87	O	6.93	T	-		
1392	88	O	6.93	T	-		
1392	89	O	6.93	T	-		
1392	90	O	6.93	A	-		
1392	91	O	6.93	A	-		
1392	92	O	6.93	G	-		
1392	93	O	6.93	G	-		
1392	94	O	6.93	T	-		
1392	95	O	6.93	T	-		
1392	96	O	6.93	G	-		
1392	97	O	6.93	C	-		
1392	98	O	6.93	A	-		
1392	99	O	6.93	T	-		
1392	100	O	6.93	T	-		
1392	101	O	6.93	A	-		
1392	102	O	6.93	A	-		
1392	103	O	6.93	A	-		
1392	104	O	6.93	G	-		
1392	105	O	6.93	G	-		
1392	106	O	6.93	G	-		
1392	107	O	6.93	T	-		
1392	108	O	6.93	C	-		
1392	109	O	6.93	T	-		
1393	0	O	8.32	G	-		
1393	1	O	8.32	G	-		
1393	2	O	8.32	G	-		
1393	3	O	8.32	C	-		
1393	4	O	8.32	G	-		
1393	5	O	8.32	G	-		
1393	6	O	8.32	T	-		
1393	7	O	8.32	C	-		
1393	8	O	8.32	G	-		
1393	9	O	8.32	T	-		
1393	10	O	8.32	G	-		
1393	11	O	8.32	T	-		
1393	12	O	8.32	C	-		
1393	13	O	8.32	A	-		
1393	14	O	8.32	C	-		
1393	15	O	8.32	A	-		
1393	16	O	8.32	G	-		
1393	17	O	8.32	T	-		
1393	18	O	8.32	A	-		
1393	19	O	8.32	G	-		
1393	20	O	8.32	C	-		
1393	21	O	8.32	G	-		
1393	22	O	8.32	A	-		
1393	23	O	8.32	T	-		
1393	24	O	8.32	T	-		
1393	25	O	8.32	G	-		
1393	26	O	8.32	A	-		
1393	27	O	8.32	G	-		
1393	28	O	8.32	C	-		
1393	29	O	8.32	G	-		
1393	30	O	8.32	G	-		
1393	31	O	8.32	G	-		
1393	32	O	8.32	G	-		
1393	33	O	8.32	T	-		
1393	34	O	8.32	C	-		
1393	35	O	8.32	G	-		
1393	36	O	8.32	A	-		
1393	37	O	8.32	A	-		
1393	38	O	8.32	G	-		
1393	39	O	8.32	A	-		
1393	40	O	8.32	A	-		
1393	41	O	8.32	A	-		
1393	42	O	8.32	C	-		
1393	43	O	8.32	G	-		
1393	44	O	8.32	T	-		
1393	45	O	8.32	C	-		
1393	46	O	8.32	A	-		
1393	47	O	8.32	T	-		
1393	48	O	8.32	T	-		
1393	49	O	8.32	T	-		
1393	50	O	8.32	T	-		
1393	51	O	8.32	G	-		
1393	52	O	8.32	T	-		
1393	53	O	8.32	T	-		
1393	54	O	8.32	G	-		
1393	55	O	8.32	T	-		
1393	56	O	8.32	C	-		
1393	57	O	8.32	G	-		
1393	58	O	8.32	A	-		
1393	59	O	8.32	G	-		
1393	60	O	8.32	A	-		
1393	61	O	8.32	C	-		
1393	62	O	8.32	T	-		
1393	63	O	8.32	G	-		
1393	64	O	8.32	C	-		
1393	65	O	8.32	T	-		
1393	66	O	8.32	T	-		
1393	67	O	8.32	G	-		
1393	68	O	8.32	A	-		
1393	69	O	8.32	G	-		
1393	70	O	8.32	C	-		
1393	71	O	8.32	G	-		
1393	72	O	8.32	A	-		
1393	73	O	8.32	C	-		
1393	74	O	8.32	C	-		
1393	75	O	8.32	A	-		
1393	76	O	8.32	A	-		
1393	77	O	8.32	A	-		
1393	78	O	8.32	G	-		
1393	79	O	8.32	T	-		
1393	80	O	8.32	C	-		
1393	81	O	8.32	A	-		
1393	82	O	8.32	A	-		
1393	83	O	8.32	T	-		
1393	84	O	8.32	T	-		
1393	85	O	8.32	G	-		
1393	86	O	8.32	C	-		
1393	87	O	8.32	C	-		
1393	88	O	8.32	T	-		
1393	89	O	8.32	T	-		
1393	90	O	8.32	C	-		
1393	91	O	8.32	G	-		
1393	92	O	8.32	A	-		
1393	93	O	8.32	A	-		
1393	94	O	8.32	G	-		
1393	95	O	8.32	A	-		
1393	96	O	8.32	A	-		
1393	97	O	8.32	A	-		
1393	98	O	8.32	G	-		
1393	99	O	8.32	G	-		
1393	100	O	8.32	C	-		
1393	101	O	8.32	A	-		
1393	102	O	8.32	G	-		
1393	103	O	8.32	A	-		
1393	104	O	8.32	C	-		
1393	105	O	8.32	T	-		
1393	106	O	8.32	T	-		
1393	107	O	8.32	T	-		
1393	108	O	8.32	G	-		
1393	109	O	8.32	A	-		
1394	0	O	6.93	A	-		
1394	1	O	6.93	G	-		
1394	2	O	6.93	A	-		
1394	3	O	6.93	A	-		
1394	4	O	6.93	A	-		
1394	5	O	6.93	G	-		
1394	6	O	6.93	A	-		
1394	7	O	6.93	G	-		
1394	8	O	6.93	C	-		
1394	9	O	6.93	C	-		
1394	10	O	6.93	C	-		
1394	11	O	6.93	T	-		
1394	12	O	6.93	G	-		
1394	13	O	6.93	T	-		
1394	14	O	6.93	G	-		
1394	15	O	6.93	A	-		
1394	16	O	6.93	G	-		
1394	17	O	6.93	C	-		
1394	18	O	6.93	T	-		
1394	19	O	6.93	G	-		
1394	20	O	6.93	A	-		
1394	21	O	6.93	C	-		
1394	22	O	6.93	T	-		
1394	23	O	6.93	G	-		
1394	24	O	6.93	A	-		
1394	25	O	6.93	C	-		
1394	26	O	6.93	A	-		
1394	27	O	6.93	C	-		
1394	28	U	-0.27	C	A		
1394	29	O	6.93	G	-		
1394	30	O	6.93	A	-		
1394	31	O	6.93	C	-		
1394	32	O	6.93	G	-		
1394	33	O	6.93	A	-		
1394	34	O	6.93	T	-		
1394	35	O	6.93	C	-		
1394	36	O	6.93	G	-		
1394	37	O	6.93	A	-		
1394	38	O	6.93	T	-		
1394	39	O	6.93	A	-		
1394	40	O	6.93	G	-		
1394	41	O	6.93	C	-		
1394	42	O	6.93	T	-		
1394	43	O	6.93	G	-		
1394	44	O	6.93	G	-		
1394	45	O	6.93	C	-		
1394	46	O	6.93	T	-		
1394	47	O	6.93	G	-		
1394	48	O	6.93	C	-		
1394	49	O	6.93	T	-		
1394	50	O	6.93	G	-		
1394	51	O	6.93	C	-		
1394	52	O	6.93	C	-		
1394	53	O	6.93	G	-		
1394	54	O	6.93	C	-		
1394	55	O	6.93	G	-		
1394	56	O	6.93	A	-		
1394	57	O	6.93	G	-		
1394	58	O	6.93	T	-		
1394	59	O	6.93	G	-		
1394	60	O	6.93	C	-		
1394	61	O	6.93	C	-		
1394	62	O	6.93	T	-		
1394	63	O	6.93	C	-		
1394	64	O	6.93	C	-		
1394	65	O	6.93	T	-		
1394	66	O	6.93	C	-		
1394	67	O	6.93	C	-		
1394	68	O	6.93	A	-		
1394	69	O	6.93	C	-		
1394	70	O	6.93	C	-		
1394	71	O	6.93	C	-		
1394	72	O	6.93	T	-		
1394	73	O	6.93	A	-		
1394	74	O	6.93	T	-		
1394	75	O	6.93	G	-		
1394	76	O	6.93	T	-		
1394	77	O	6.93	G	-		
1394	78	O	6.93	C	-		
1394	79	O	6.93	T	-		
1394	80	O	6.93	C	-		
1394	81	O	6.93	G	-		
1394	82	O	6.93	A	-		
1394	83	O	6.93	A	-		
1394	84	O	6.93	T	-		
1394	85	O	6.93	G	-		
1394	86	O	6.93	A	-		
1394	87	O	6.93	C	-		
1394	88	O	6.93	G	-		
1394	89	O	6.93	T	-		
1394	90	O	6.93	C	-		
1394	91	O	6.93	G	-		
1394	92	O	6.93	T	-		
1394	93	O	6.93	T	-		
1394	94	O	6.93	C	-		
1394	95	O	6.93	A	-		
1394	96	O	6.93	C	-		
1394	97	O	6.93	G	-		
1394	98	O	6.93	T	-		
1394	99	O	6.93	T	-		
1394	100	O	6.93	C	-		
1394	101	O	6.93	C	-		
1394	102	O	6.93	G	-		
1394	103	O	6.93	G	-		
1394	104	O	6.93	T	-		
1394	105	O	6.93	C	-		
1394	106	O	6.93	G	-		
1394	107	O	6.93	C	-		
1394	108	O	6.93	A	-		
1394	109	O	6.93	A	-		
1395	0	O	8.32	C	-		
1395	1	O	8.32	G	-		
1395	2	O	8.32	C	-		
1395	3	O	8.32	T	-		
1395	4	O	8.32	C	-		
1395	5	O	8.32	G	-		
1395	6	O	8.32	A	-		
1395	7	O	8.32	T	-		
1395	8	O	8.32	C	-		
1395	9	O	8.32	T	-		
1395	10	O	8.32	G	-		
1395	11	O	8.32	G	-		
1395	12	O	8.32	T	-		
1395	13	O	8.32	T	-		
1395	14	O	8.32	T	-		
1395	15	O	8.32	C	-		
1395	16	O	8.32	T	-		
1395	17	O	8.32	C	-		
1395	18	O	8.32	A	-		
1395	19	O	8.32	A	-		
1395	20	O	8.32	A	-		
1395	21	O	8.32	C	-		
1395	22	O	8.32	G	-		
1395	23	O	8.32	C	-		
1395	24	O	8.32	C	-		
1395	25	O	8.32	T	-		
1395	26	O	8.32	C	-		
1395	27	O	8.32	T	-		
1395	28	O	8.32	A	-		
1395	29	O	8.32	C	-		
1395	30	O	8.32	C	-		
1395	31	O	8.32	T	-		
1395	32	O	8.32	G	-		
1395	33	O	8.32	A	-		
1395	34	O	8.32	T	-		
1395	35	O	8.32	C	-		
1395	36	O	8.32	G	-		
1395	37	O	8.32	C	-		
1395	38	O	8.32	C	-		
1395	39	O	8.32	A	-		
1395	40	O	8.32	A	-		
1395	41	O	8.32	C	-		
1395	42	O	8.32	A	-		
1395	43	O	8.32	C	-		
1395	44	O	8.32	G	-		
1395	45	O	8.32	T	-		
1395	46	O	8.32	T	-		
1395	47	O	8.32	T	-		
1395	48	O	8.32	G	-		
1395	49	O	8.32	A	-		
1395	50	O	8.32	T	-		
1395	51	O	8.32	C	-		
1395	52	O	8.32	T	-		
1395	53	O	8.32	C	-		
1395	54	O	8.32	A	-		
1395	55	O	8.32	C	-		
1395	56	O	8.32	T	-		
1395	57	O	8.32	A	-		
1395	58	O	8.32	T	-		
1395	59	O	8.32	C	-		
1395	60	O	8.32	C	-		
1395	61	O	8.32	T	-		
1395	62	O	8.32	T	-		
1395	63	O	8.32	G	-		
1395	64	O	8.32	T	-		
1395	65	O	8.32	A	-		
1395	66	O	8.32	C	-		
1395	67	O	8.32	G	-		
1395	68	O	8.32	A	-		
1395	69	O	8.32	T	-		
1395	70	O	8.32	C	-		
1395	71	O	8.32	T	-		
1395	72	O	8.32	G	-		
1395	73	O	8.32	T	-		
1395	74	O	8.32	A	-		
1395	75	O	8.32	A	-		
1395	76	O	8.32	A	-		
1395	77	O	8.32	A	-		
1395	78	O	8.32	C	-		
1395	79	O	8.32	A	-		
1395	80	O	8.32	C	-		
1395	81	O	8.32	T	-		
1395	82	O	8.32	G	-		
1395	83	O	8.32	A	-		
1395	84	O	8.32	T	-		
1395	85	O	8.32	C	-		
1395	86	O	8.32	T	-		
1395	87	O	8.32	A	-		
1395	88	O	8.32	A	-		
1395	89	O	8.32	A	-		
1395	90	O	8.32	G	-		
1395	91	O	8.32	A	-		
1395	92	O	8.32	A	-		
1395	93	O	8.32	A	-		
1395	94	O	8.32	C	-		
1395	95	O	8.32	C	-		
1395	96	O	8.32	T	-		
1395	97	O	8.32	C	-		
1395	98	O	8.32	T	-		
1395	99	O	8.32	G	-		
1395	100	O	8.32	T	-		
1395	101	O	8.32	C	-		
1395	102	O	8.32	G	-		
1395	103	O	8.32	A	-		
1395	104	O	8.32	T	-		
1395	105	O	8.32	G	-		
1395	106	O	8.32	G	-		
1395	107	O	8.32	C	-		
1395	108	O	8.32	A	-		
1395	109	O	8.32	G	-		
1396	0	O	22.18	T	-		
1396	1	O	22.18	T	-		
1396	2	O	22.18	G	-		
1396	3	O	22.18	A	-		
1396	4	O	22.18	G	-		
1396	5	O	22.18	G	-		
1396	6	O	22.18	C	-		
1396	7	O	22.18	C	-		
1396	8	O	22.18	T	-		
1396	9	O	22.18	C	-		
1396	10	O	22.18	C	-		
1396	11	O	22.18	A	-		
1396	12	O	22.18	A	-		
1396	13	O	22.18	G	-		
1396	14	O	22.18	T	-		
1396	15	O	22.18	G	-		
1396	16	O	22.18	G	-		
1396	17	O	22.18	G	-		
1396	18	O	22.18	C	-		
1396	19	O	22.18	G	-		
1396	20	O	22.18	G	-		
1396	21	O	22.18	C	-		
1396	22	O	22.18	T	-		
1396	23	O	22.18	A	-		
1396	24	O	22.18	C	-		
1396	25	O	22.18	A	-		
1396	26	O	22.18	C	-		
1396	27	O	22.18	T	-		
1396	28	O	22.18	C	-		
1396	29	O	22.18	A	-		
1396	30	O	22.18	C	-		
1396	31	O	12.50	A	-		
1396	32	O	12.50	A	-		
1396	33	O	22.18	G	-		
1396	34	O	22.18	T	-		
1396	35	O	22.18	T	-		
1396	36	O	22.18	C	-		
1396	37	O	22.18	A	-		
1396	38	O	22.18	A	-		
1396	39	O	22.18	C	-		
1396	40	O	22.18	T	-		
1396	41	O	22.18	T	-		
1396	42	O	22.18	G	-		
1396	43	O	22.18	G	-		
1396	44	O	22.18	T	-		
1396	45	O	22.18	G	-		
1396	46	O	22.18	C	-		
1396	47	O	12.50	T	-		
1396	48	O	22.18	A	-		
1396	49	O	22.18	T	-		
1396	50	O	22.18	C	-		
1396	51	O	22.18	A	-		
1396	52	O	22.18	A	-		
1396	53	O	22.18	C	-		
1396	54	O	22.18	T	-		
1396	55	O	22.18	A	-		
1396	56	O	22.18	A	-		
1396	57	O	22.18	C	-		
1396	58	O	22.18	A	-		
1396	59	O	22.18	C	-		
1396	60	O	22.18	T	-		
1396	61	O	22.18	C	-		
1396	62	O	22.18	T	-		
1396	63	O	22.18	C	-		
1396	64	O	22.18	G	-		
1396	65	O	22.18	A	-		
1396	66	O	22.18	T	-		
1396	67	O	22.18	G	-		
1396	68	O	22.18	T	-		
1396	69	O	22.18	C	-		
1396	70	O	22.18	C	-		
1396	71	O	22.18	A	-		
1396	72	O	22.18	T	-		
1396	73	O	12.50	C	-		
1396	74	O	22.18	T	-		
1396	75	O	22.18	A	-		
1396	76	O	22.18	C	-		
1396	77	O	22.18	T	-		
1396	78	O	22.18	T	-		
1396	79	O	22.18	C	-		
1396	80	O	22.18	G	-		
1396	81	O	22.18	C	-		
1396	82	O	22.18	C	-		
1396	83	O	22.18	C	-		
1396	84	O	22.18	A	-		
1396	85	O	22.18	T	-		
1396	86	O	22.18	T	-		
1396	87	O	22.18	A	-		
1396	88	O	22.18	G	-		
1396	89	O	22.18	C	-		
1396	90	O	22.18	A	-		
1396	91	O	22.18	C	-		
1396	92	O	22.18	T	-		
1396	93	O	22.18	G	-		
1396	94	O	22.18	G	-		
1396	95	O	22.18	C	-		
1396	96	O	22.18	A	-		
1396	97	O	22.18	A	-		
1396	98	O	22.18	A	-		
1396	99	O	22.18	T	-		
1396	100	O	22.18	T	-		
1396	101	O	22.18	C	-		
1396	102	O	22.18	C	-		
1396	103	O	22.18	A	-		
1396	104	O	22.18	C	-		
1396	105	O	22.18	T	-		
1396	106	O	22.18	T	-		
1396	107	O	22.18	G	-		
1396	108	O	22.18	G	-		
1396	109	O	22.18	C	-		
1397	0	O	8.32	A	-		
1397	1	O	8.32	G	-		
1397	2	O	8.32	T	-		
1397	3	O	8.32	A	-		
1397	4	O	8.32	G	-		
1397	5	O	8.32	G	-		
1397	6	O	8.32	C	-		
1397	7	O	8.32	A	-		
1397	8	O	8.32	A	-		
1397	9	O	8.32	G	-		
1397	10	O	8.32	T	-		
1397	11	O	8.32	C	-		
1397	12	O	8.32	A	-		
1397	13	O	8.32	A	-		
1397	14	O	8.32	G	-		
1397	15	O	8.32	C	-		
1397	16	O	8.32	G	-		
1397	17	O	8.32	G	-		
1397	18	O	8.32	A	-		
1397	19	O	8.32	A	-		
1397	20	O	8.32	G	-		
1397	21	O	8.32	A	-		
1397	22	O	8.32	A	-		
1397	23	O	8.32	C	-		
1397	24	O	8.32	T	-		
1397	25	O	8.32	A	-		
1397	26	O	8.32	C	-		
1397	27	O	8.32	G	-		
1397	28	O	8.32	A	-		
1397	29	O	8.32	A	-		
1397	30	O	8.32	A	-		
1397	31	O	8.32	G	-		
1397	32	O	8.32	C	-		
1397	33	O	8.32	T	-		
1397	34	O	8.32	G	-		
1397	35	O	8.32	C	-		
1397	36	O	8.32	G	-		
1397	37	O	8.32	T	-		
1397	38	O	8.32	G	-		
1397	39	O	8.32	T	-		
1397	40	O	8.32	C	-		
1397	41	O	8.32	T	-		
1397	42	O	8.32	G	-		
1397	43	O	8.32	C	-		
1397	44	O	8.32	A	-		
1397	45	O	8.32	T	-		
1397	46	O	8.32	T	-		
1397	47	O	8.32	C	-		
1397	48	O	8.32	A	-		
1397	49	O	8.32	A	-		
1397	50	O	8.32	C	-		
1397	51	O	8.32	C	-		
1397	52	O	8.32	T	-		
1397	53	O	8.32	G	-		
1397	54	O	8.32	T	-		
1397	55	O	8.32	C	-		
1397	56	O	8.32	G	-		
1397	57	O	8.32	C	-		
1397	58	O	8.32	T	-		
1397	59	O	8.32	T	-		
1397	60	O	8.32	A	-		
1397	61	O	8.32	A	-		
1397	62	O	8.32	G	-		
1397	63	O	8.32	T	-		
1397	64	O	8.32	C	-		
1397	65	O	8.32	T	-		
1397	66	O	8.32	C	-		
1397	67	O	8.32	A	-		
1397	68	O	8.32	A	-		
1397	69	O	8.32	C	-		
1397	70	O	8.32	G	-		
1397	71	O	8.32	T	-		
1397	72	O	8.32	A	-		
1397	73	O	8.32	G	-		
1397	74	O	8.32	C	-		
1397	75	O	8.32	A	-		
1397	76	O	8.32	C	-		
1397	77	O	8.32	A	-		
1397	78	O	8.32	C	-		
1397	79	O	8.32	G	-		
1397	80	O	8.32	A	-		
1397	81	O	8.32	G	-		
1397	82	O	8.32	T	-		
1397	83	O	8.32	T	-		
1397	84	O	8.32	G	-		
1397	85	O	8.32	G	-		
1397	86	O	8.32	C	-		
1397	87	O	8.32	C	-		
1397	88	O	8.32	T	-		
1397	89	O	8.32	C	-		
1397	90	O	8.32	T	-		
1397	91	O	8.32	A	-		
1397	92	O	8.32	A	-		
1397	93	O	8.32	C	-		
1397	94	O	8.32	T	-		
1397	95	O	8.32	T	-		
1397	96	O	8.32	G	-		
1397	97	O	8.32	T	-		
1397	98	O	8.32	C	-		
1397	99	O	8.32	C	-		
1397	100	O	8.32	G	-		
1397	101	O	8.32	C	-		
1397	102	O	8.32	G	-		
1397	103	O	8.32	A	-		
1397	104	O	8.32	G	-		
1397	105	O	8.32	T	-		
1397	106	O	8.32	A	-		
1397	107	O	8.32	C	-		
1397	108	O	8.32	A	-		
1397	109	O	8.32	A	-		
1398	0	O	6.93	T	-		
1398	1	O	6.93	T	-		
1398	2	O	6.93	T	-		
1398	3	O	6.93	A	-		
1398	4	O	6.93	G	-		
1398	5	O	6.93	G	-		
1398	6	O	6.93	T	-		
1398	7	O	6.93	A	-		
1398	8	O	6.93	A	-		
1398	9	O	6.93	A	-		
1398	10	O	6.93	G	-		
1398	11	O	6.93	C	-		
1398	12	O	6.93	T	-		
1398	13	O	6.93	T	-		
1398	14	O	6.93	A	-		
1398	15	O	6.93	A	-		
1398	16	O	6.93	T	-		
1398	17	O	6.93	A	-		
1398	18	O	6.93	C	-		
1398	19	O	6.93	T	-		
1398	20	O	6.93	G	-		
1398	21	O	6.93	A	-		
1398	22	O	6.93	T	-		
1398	23	O	6.93	G	-		
1398	24	O	6.93	G	-		
1398	25	O	6.93	A	-		
1398	26	O	6.93	A	-		
1398	27	O	6.93	G	-		
1398	28	O	6.93	C	-		
1398	29	O	6.93	T	-		
1398	30	O	6.93	C	-		
1398	31	O	6.93	C	-		
1398	32	O	6.93	A	-		
1398	33	O	6.93	C	-		
1398	34	O	6.93	C	-		
1398	35	O	6.93	T	-		
1398	36	O	6.93	G	-		
1398	37	O	6.93	T	-		
1398	38	O	6.93	T	-		
1398	39	O	6.93	G	-		
1398	40	O	6.93	G	-		
1398	41	O	6.93	A	-		
1398	42	O	6.93	T	-		
1398	43	O	6.93	T	-		
1398	44	O	6.93	T	-		
1398	45	O	6.93	G	-		
1398	46	O	6.93	G	-		
1398	47	O	6.93	G	-		
1398	48	O	6.93	G	-		
1398	49	O	6.93	G	-		
1398	50	O	6.93	C	-		
1398	51	O	6.93	C	-		
1398	52	O	6.93	T	-		
1398	53	O	6.93	A	-		
1398	54	O	6.93	T	-		
1398	55	O	6.93	T	-		
1398	56	O	6.93	C	-		
1398	57	O	6.93	A	-		
1398	58	O	6.93	G	-		
1398	59	O	6.93	A	-		
1398	60	O	6.93	T	-		
1398	61	O	6.93	G	-		
1398	62	O	6.93	A	-		
1398	63	O	6.93	A	-		
1398	64	O	6.93	G	-		
1398	65	O	6.93	G	-		
1398	66	O	6.93	A	-		
1398	67	O	6.93	G	-		
1398	68	O	6.93	A	-		
1398	69	O	6.93	T	-		
1398	70	O	6.93	G	-		
1398	71	O	6.93	C	-		
1398	72	O	6.93	T	-		
1398	73	O	6.93	T	-		
1398	74	O	6.93	G	-		
1398	75	O	6.93	A	-		
1398	76	O	6.93	A	-		
1398	77	O	6.93	T	-		
1398	78	O	6.93	C	-		
1398	79	O	6.93	T	-		
1398	80	O	6.93	G	-		
1398	81	O	6.93	C	-		
1398	82	O	6.93	A	-		
1398	83	O	6.93	A	-		
1398	84	O	6.93	C	-		
1398	85	O	6.93	T	-		
1398	86	O	6.93	G	-		
1398	87	O	6.93	C	-		
1398	88	O	6.93	T	-		
1398	89	O	6.93	A	-		
1398	90	O	6.93	T	-		
1398	91	O	6.93	G	-		
1398	92	O	6.93	A	-		
1398	93	O	6.93	C	-		
1398	94	O	6.93	A	-		
1398	95	O	6.93	A	-		
1398	96	O	6.93	G	-		
1398	97	O	6.93	T	-		
1398	98	O	6.93	T	-		
1398	99	O	6.93	G	-		
1398	100	O	6.93	G	-		
1398	101	O	6.93	A	-		
1398	102	O	6.93	G	-		
1398	103	O	6.93	T	-		
1398	104	O	6.93	G	-		
1398	105	O	6.93	T	-		
1398	106	O	6.93	T	-		
1398	107	O	6.93	T	-		
1398	108	O	6.93	T	-		
1398	109	O	6.93	A	-		
1399	0	O	8.32	G	-		
1399	1	O	8.32	A	-		
1399	2	O	8.32	A	-		
1399	3	O	8.32	C	-		
1399	4	O	8.32	G	-		
1399	5	O	8.32	A	-		
1399	6	O	8.32	C	-		
1399	7	O	8.32	A	-		
1399	8	O	8.32	T	-		
1399	9	O	8.32	C	-		
1399	10	O	8.32	C	-		
1399	11	O	8.32	T	-		
1399	12	O	8.32	G	-		
1399	13	O	8.32	T	-		
1399	14	O	8.32	T	-		
1399	15	O	8.32	T	-		
1399	16	O	8.32	A	-		
1399	17	O	8.32	T	-		
1399	18	O	8.32	G	-		
1399	19	O	8.32	A	-		
1399	20	O	8.32	G	-		
1399	21	O	8.32	A	-		
1399	22	O	8.32	T	-		
1399	23	O	8.32	C	-		
1399	24	O	8.32	C	-		
1399	25	O	8.32	A	-		
1399	26	O	8.32	T	-		
1399	27	O	8.32	G	-		
1399	28	O	8.32	G	-		
1399	29	O	8.32	C	-		
1399	30	O	8.32	T	-		
1399	31	O	8.32	T	-		
1399	32	O	8.32	T	-		
1399	33	O	8.32	T	-		
1399	34	O	8.32	T	-		
1399	35	O	8.32	C	-		
1399	36	O	8.32	A	-		
1399	37	O	8.32	A	-		
1399	38	O	8.32	G	-		
1399	39	O	8.32	C	-		
1399	40	O	8.32	A	-		
1399	41	O	8.32	T	-		
1399	42	O	8.32	T	-		
1399	43	O	8.32	C	-		
1399	44	O	8.32	C	-		
1399	45	O	8.32	A	-		
1399	46	O	8.32	G	-		
1399	47	O	8.32	C	-		
1399	48	O	8.32	T	-		
1399	49	O	8.32	C	-		
1399	50	O	8.32	G	-		
1399	51	O	8.32	A	-		
1399	52	O	8.32	C	-		
1399	53	O	8.32	T	-		
1399	54	O	8.32	A	-		
1399	55	O	8.32	T	-		
1399	56	O	8.32	A	-		
1399	57	O	8.32	G	-		
1399	58	O	8.32	A	-		
1399	59	O	8.32	G	-		
1399	60	O	8.32	A	-		
1399	61	O	8.32	T	-		
1399	62	O	8.32	C	-		
1399	63	O	8.32	A	-		
1399	64	O	8.32	A	-		
1399	65	O	8.32	C	-		
1399	66	O	8.32	C	-		
1399	67	O	8.32	A	-		
1399	68	O	8.32	T	-		
1399	69	O	8.32	G	-		
1399	70	O	8.32	C	-		
1399	71	O	8.32	A	-		
1399	72	O	8.32	A	-		
1399	73	O	8.32	G	-		
1399	74	O	8.32	A	-		
1399	75	O	8.32	A	-		
1399	76	O	8.32	T	-		
1399	77	O	8.32	A	-		
1399	78	O	8.32	A	-		
1399	79	O	8.32	T	-		
1399	80	O	8.32	G	-		
1399	81	O	8.32	C	-		
1399	82	O	8.32	T	-		
1399	83	O	8.32	C	-		
1399	84	O	8.32	C	-		
1399	85	O	8.32	A	-		
1399	86	O	8.32	T	-		
1399	87	O	8.32	C	-		
1399	88	O	8.32	G	-		
1399	89	O	8.32	T	-		
1399	90	O	8.32	A	-		
1399	91	O	8.32	G	-		
1399	92	O	8.32	G	-		
1399	93	O	8.32	A	-		
1399	94	O	8.32	T	-		
1399	95	O	8.32	T	-		
1399	96	O	8.32	A	-		
1399	97	O	8.32	A	-		
1399	98	O	8.32	T	-		
1399	99	O	8.32	G	-		
1399	100	O	8.32	A	-		
1399	101	O	8.32	A	-		
1399	102	O	8.32	A	-		
1399	103	O	8.32	A	-		
1399	104	O	8.32	G	-		
1399	105	O	8.32	A	-		
1399	106	O	8.32	T	-		
1399	107	O	8.32	C	-		
1399	108	O	8.32	T	-		
1399	109	O	8.32	T	-		
1400	0	O	11.09	T	-		
1400	1	O	11.09	C	-		
1400	2	O	11.09	C	-		
1400	3	O	11.09	C	-		
1400	4	O	11.09	T	-		
1400	5	O	11.09	C	-		
1400	6	O	11.09	A	-		
1400	7	O	11.09	G	-		
1400	8	O	11.09	A	-		
1400	9	O	11.09	G	-		
1400	10	O	11.09	T	-		
1400	11	O	11.09	C	-		
1400	12	O	11.09	A	-		
1400	13	O	11.09	T	-		
1400	14	O	11.09	A	-		
1400	15	O	11.09	C	-		
1400	16	O	11.09	C	-		
1400	17	O	11.09	C	-		
1400	18	O	11.09	C	-		
1400	19	O	11.09	T	-		
1400	20	O	11.09	C	-		
1400	21	O	11.09	C	-		
1400	22	O	11.09	G	-		
1400	23	O	11.09	G	-		
1400	24	O	11.09	A	-		
1400	25	O	11.09	G	-		
1400	26	O	11.09	G	-		
1400	27	O	11.09	A	-		
1400	28	O	11.09	C	-		
1400	29	O	11.09	C	-		
1400	30	O	11.09	T	-		
1400	31	O	11.09	A	-		
1400	32	O	11.09	C	-		
1400	33	O	11.09	T	-		
1400	34	O	11.09	C	-		
1400	35	O	11.09	C	-		
1400	36	O	11.09	A	-		
1400	37	O	11.09	C	-		
1400	38	O	11.09	C	-		
1400	39	O	11.09	A	-		
1400	40	O	11.09	A	-		
1400	41	O	11.09	C	-		
1400	42	O	11.09	C	-		
1400	43	O	11.09	C	-		
1400	44	O	11.09	A	-		
1400	45	O	11.09	C	-		
1400	46	O	11.09	A	-		
1400	47	O	11.09	G	-		
1400	48	O	11.09	C	-		
1400	49	O	11.09	C	-		
1400	50	O	11.09	A	-		
1400	51	O	11.09	C	-		
1400	52	O	11.09	C	-		
1400	53	O	11.09	C	-		
1400	54	U	-2.30	A	G		
1400	55	O	11.09	T	-		
1400	56	O	11.09	T	-		
1400	57	O	11.09	G	-		
1400	58	O	11.09	C	-		
1400	59	O	11.09	G	-		
1400	60	O	11.09	A	-		
1400	61	O	11.09	T	-		
1400	62	O	11.09	C	-		
1400	63	O	11.09	G	-		
1400	64	O	11.09	C	-		
1400	65	O	11.09	A	-		
1400	66	O	11.09	C	-		
1400	67	O	11.09	C	-		
1400	68	O	11.09	C	-		
1400	69	O	11.09	T	-		
1400	70	O	11.09	C	-		
1400	71	O	11.09	C	-		
1400	72	O	11.09	C	-		
1400	73	O	11.09	G	-		
1400	74	O	11.09	A	-		
1400	75	O	11.09	A	-		
1400	76	O	11.09	T	-		
1400	77	O	11.09	C	-		
1400	78	O	11.09	C	-		
1400	79	O	11.09	G	-		
1400	80	O	11.09	A	-		
1400	81	O	11.09	G	-		
1400	82	O	11.09	C	-		
1400	83	O	11.09	C	-		
1400	84	O	11.09	A	-		
1400	85	O	11.09	C	-		
1400	86	O	11.09	A	-		
1400	87	O	11.09	A	-		
1400	88	O	11.09	G	-		
1400	89	O	11.09	C	-		
1400	90	O	11.09	A	-		
1400	91	O	11.09	A	-		
1400	92	O	11.09	C	-		
1400	93	O	11.09	C	-		
1400	94	O	11.09	G	-		
1400	95	O	11.09	G	-		
1400	96	O	11.09	T	-		
1400	97	O	11.09	T	-		
1400	98	O	11.09	G	-		
1400	99	O	11.09	G	-		
1400	100	O	11.09	G	-		
1400	101	O	11.09	C	-		
1400	102	O	11.09	A	-		
1400	103	O	11.09	G	-		
1400	104	O	11.09	C	-		
1400	105	O	11.09	C	-		
1400	106	O	11.09	G	-		
1400	107	O	11.09	T	-		
1400	108	O	11.09	C	-		
1400	109	O	11.09	A	-		
1401	0	O	12.48	T	-		
1401	1	O	12.48	T	-		
1401	2	O	12.48	T	-		
1401	3	O	12.48	A	-		
1401	4	O	12.48	T	-		
1401	5	O	12.48	G	-		
1401	6	O	12.48	G	-		
1401	7	O	12.48	A	-		
1401	8	O	12.48	T	-		
1401	9	O	12.48	T	-		
1401	10	O	12.48	T	-		
1401	11	O	12.48	T	-		
1401	12	O	12.48	A	-		
1401	13	O	12.48	A	-		
1401	14	O	12.48	T	-		
1401	15	O	12.48	G	-		
1401	16	O	12.48	T	-		
1401	17	O	12.48	G	-		
1401	18	O	12.48	A	-		
1401	19	O	12.48	T	-		
1401	20	O	12.48	C	-		
1401	21	O	12.48	C	-		
1401	22	O	12.48	A	-		
1401	23	O	12.48	T	-		
1401	24	O	12.48	G	-		
1401	25	O	12.48	A	-		
1401	26	O	12.48	A	-		
1401	27	O	12.48	A	-		
1401	28	O	12.48	T	-		
1401	29	O	12.48	A	-		
1401	30	O	12.48	A	-		
1401	31	O	12.48	C	-		
1401	32	O	12.48	A	-		
1401	33	O	12.48	G	-		
1401	34	O	12.48	T	-		
1401	35	O	12.48	A	-		
1401	36	O	12.48	T	-		
1401	37	O	12.48	A	-		
1401	38	O	12.48	T	-		
1401	39	O	12.48	A	-		
1401	40	O	12.48	G	-		
1401	41	O	12.48	C	-		
1401	42	O	12.48	T	-		
1401	43	O	12.48	A	-		
1401	44	O	12.48	T	-		
1401	45	O	12.48	C	-		
1401	46	O	12.48	A	-		
1401	47	O	12.48	A	-		
1401	48	O	12.48	A	-		
1401	49	O	12.48	T	-		
1401	50	O	12.48	A	-		
1401	51	O	12.48	A	-		
1401	52	O	12.48	T	-		
1401	53	O	12.48	G	-		
1401	54	O	12.48	A	-		
1401	55	O	12.48	T	-		
1401	56	O	12.48	T	-		
1401	57	O	12.48	T	-		
1401	58	O	12.48	G	-		
1401	59	O	12.48	A	-		
1401	60	O	12.48	T	-		
1401	61	O	12.48	A	-		
1401	62	O	12.48	C	-		
1401	63	O	12.48	A	-		
1401	64	O	12.48	T	-		
1401	65	O	12.48	A	-		
1401	66	O	12.48	A	-		
1401	67	O	12.48	C	-		
1401	68	O	12.48	C	-		
1401	69	O	12.48	G	-		
1401	70	O	12.48	A	-		
1401	71	O	12.48	G	-		
1401	72	O	12.48	C	-		
1401	73	O	12.48	A	-		
1401	74	O	12.48	T	-		
1401	75	O	12.48	A	-		
1401	76	O	12.48	A	-		
1401	77	O	12.48	T	-		
1401	78	O	12.48	G	-		
1401	79	O	12.48	G	-		
1401	80	O	12.48	T	-		
1401	81	O	12.48	T	-		
1401	82	O	12.48	G	-		
1401	83	O	12.48	G	-		
1401	84	O	12.48	G	-		
1401	85	O	12.48	A	-		
1401	86	O	12.48	G	-		
1401	87	O	12.48	G	-		
1401	88	O	12.48	A	-		
1401	89	O	12.48	T	-		
1401	90	O	12.48	G	-		
1401	91	O	12.48	T	-		
1401	92	O	12.48	G	-		
1401	93	O	12.48	A	-		
1401	94	O	12.48	C	-		
1401	95	O	12.48	A	-		
1401	96	O	12.48	G	-		
1401	97	O	12.48	A	-		
1401	98	O	12.48	T	-		
1401	99	O	12.48	C	-		
1401	100	O	12.48	C	-		
1401	101	O	12.48	A	-		
1401	102	O	12.48	C	-		
1401	103	O	12.48	A	-		
1401	104	O	12.48	T	-		
1401	105	O	12.48	A	-		
1401	106	O	12.48	C	-		
1401	107	O	12.48	A	-		
1401	108	O	12.48	A	-		
1401	109	O	12.48	T	-		
1402	0	O	6.93	A	-		
1402	1	O	6.93	A	-		
1402	2	O	6.93	T	-		
1402	3	O	6.93	C	-		
1402	4	O	6.93	A	-		
1402	5	O	6.93	G	-		
1402	6	O	6.93	C	-		
1402	7	O	6.93	G	-		
1402	8	O	6.93	G	-		
1402	9	O	6.93	T	-		
1402	10	O	6.93	G	-		
1402	11	O	6.93	C	-		
1402	12	O	6.93	A	-		
1402	13	O	6.93	C	-		
1402	14	O	6.93	C	-		
1402	15	O	6.93	C	-		
1402	16	O	6.93	C	-		
1402	17	O	6.93	A	-		
1402	18	O	6.93	A	-		
1402	19	O	6.93	G	-		
1402	20	O	6.93	A	-		
1402	21	O	6.93	C	-		
1402	22	O	6.93	A	-		
1402	23	O	6.93	A	-		
1402	24	O	6.93	C	-		
1402	25	O	6.93	A	-		
1402	26	O	6.93	A	-		
1402	27	O	6.93	T	-		
1402	28	O	6.93	A	-		
1402	29	O	6.93	T	-		
1402	30	O	6.93	A	-		
1402	31	O	6.93	A	-		
1402	32	O	6.93	T	-		
1402	33	O	6.93	G	-		
1402	34	O	6.93	C	-		
1402	35	O	6.93	T	-		
1402	36	O	6.93	T	-		
1402	37	O	6.93	T	-		
1402	38	O	6.93	G	-		
1402	39	O	6.93	G	-		
1402	40	O	6.93	A	-		
1402	41	O	6.93	A	-		
1402	42	O	6.93	T	-		
1402	43	O	6.93	G	-		
1402	44	O	6.93	C	-		
1402	45	O	6.93	T	-		
1402	46	O	6.93	A	-		
1402	47	O	6.93	T	-		
1402	48	O	6.93	C	-		
1402	49	O	6.93	A	-		
1402	50	O	6.93	T	-		
1402	51	O	6.93	T	-		
1402	52	O	6.93	T	-		
1402	53	O	6.93	T	-		
1402	54	O	6.93	T	-		
1402	55	O	6.93	G	-		
1402	56	O	6.93	G	-		
1402	57	O	6.93	G	-		
1402	58	O	6.93	T	-		
1402	59	O	6.93	G	-		
1402	60	O	6.93	A	-		
1402	61	O	6.93	G	-		
1402	62	O	6.93	A	-		
1402	63	O	6.93	A	-		
1402	64	O	6.93	T	-		
1402	65	U	-0.27	T	A		
1402	66	O	6.93	G	-		
1402	67	O	6.93	G	-		
1402	68	O	6.93	A	-		
1402	69	O	6.93	T	-		
1402	70	O	6.93	T	-		
1402	71	O	6.93	A	-		
1402	72	O	6.93	A	-		
1402	73	O	6.93	A	-		
1402	74	O	6.93	A	-		
1402	75	O	6.93	T	-		
1402	76	O	6.93	T	-		
1402	77	O	6.93	T	-		
1402	78	O	6.93	T	-		
1402	79	O	6.93	A	-		
1402	80	O	6.93	C	-		
1402	81	O	6.93	A	-		
1402	82	O	6.93	A	-		
1402	83	O	6.93	A	-		
1402	84	O	6.93	T	-		
1402	85	O	6.93	G	-		
1402	86	O	6.93	C	-		
1402	87	O	6.93	T	-		
1402	88	O	6.93	G	-		
1402	89	O	6.93	T	-		
1402	90	O	6.93	T	-		
1402	91	O	6.93	T	-		
1402	92	O	6.93	T	-		
1402	93	O	6.93	G	-		
1402	94	O	6.93	T	-		
1402	95	O	6.93	G	-		
1402	96	O	6.93	A	-		
1402	97	O	6.93	T	-		
1402	98	O	6.93	G	-		
1402	99	O	6.93	T	-		
1402	100	O	6.93	C	-		
1402	101	O	6.93	C	-		
1402	102	O	6.93	T	-		
1402	103	O	6.93	C	-		
1402	104	O	6.93	C	-		
1402	105	O	6.93	T	-		
1402	106	O	6.93	C	-		
1402	107	O	6.93	C	-		
1402	108	O	6.93	T	-		
1402	109	O	6.93	G	-		
1403	0	O	5.55	C	-		
1403	1	O	5.55	A	-		
1403	2	O	5.55	T	-		
1403	3	O	5.55	T	-		
1403	4	O	5.55	G	-		
1403	5	O	5.55	G	-		
1403	6	O	5.55	G	-		
1403	7	O	5.55	T	-		
1403	8	O	5.55	G	-		
1403	9	O	5.55	C	-		
1403	10	O	5.55	A	-		
1403	11	O	5.55	C	-		
1403	12	O	5.55	G	-		
1403	13	O	5.55	A	-		
1403	14	O	5.55	G	-		
1403	15	O	5.55	C	-		
1403	16	O	5.55	C	-		
1403	17	O	5.55	A	-		
1403	18	O	5.55	T	-		
1403	19	O	5.55	T	-		
1403	20	O	5.55	G	-		
1403	21	O	5.55	G	-		
1403	22	O	5.55	A	-		
1403	23	O	5.55	A	-		
1403	24	O	5.55	A	-		
1403	25	O	5.55	T	-		
1403	26	O	5.55	A	-		
1403	27	O	5.55	A	-		
1403	28	O	5.55	A	-		
1403	29	O	5.55	G	-		
1403	30	O	5.55	C	-		
1403	31	O	5.55	C	-		
1403	32	O	5.55	G	-		
1403	33	O	5.55	A	-		
1403	34	O	5.55	G	-		
1403	35	O	5.55	C	-		
1403	36	O	5.55	C	-		
1403	37	O	5.55	A	-		
1403	38	O	5.55	G	-		
1403	39	O	5.55	G	-		
1403	40	O	5.55	T	-		
1403	41	O	5.55	G	-		
1403	42	O	5.55	T	-		
1403	43	O	5.55	T	-		
1403	44	O	5.55	G	-		
1403	45	O	5.55	A	-		
1403	46	O	5.55	C	-		
1403	47	O	5.55	A	-		
1403	48	O	5.55	T	-		
1403	49	O	5.55	G	-		
1403	50	O	5.55	T	-		
1403	51	O	5.55	C	-		
1403	52	O	5.55	A	-		
1403	53	O	5.55	C	-		
1403	54	O	5.55	T	-		
1403	55	O	5.55	T	-		
1403	56	O	5.55	C	-		
1403	57	O	5.55	T	-		
1403	58	O	5.55	G	-		
1403	59	O	5.55	T	-		
1403	60	O	5.55	C	-		
1403	61	O	5.55	A	-		
1403	62	O	5.55	T	-		
1403	63	O	5.55	C	-		
1403	64	O	5.55	G	-		
1403	65	O	5.55	G	-		
1403	66	O	5.55	G	-		
1403	67	O	5.55	A	-		
1403	68	O	5.55	A	-		
1403	69	O	5.55	A	-		
1403	70	O	5.55	G	-		
1403	71	O	5.55	A	-		
1403	72	O	5.55	T	-		
1403	73	O	5.55	G	-		
1403	74	O	5.55	T	-		
1403	75	O	5.55	T	-		
1403	76	O	5.55	C	-		
1403	77	O	5.55	A	-		
1403	78	O	5.55	C	-		
1403	79	O	5.55	A	-		
1403	80	O	5.55	A	-		
1403	81	O	5.55	T	-		
1403	82	O	5.55	G	-		
1403	83	O	5.55	T	-		
1403	84	O	5.55	A	-		
1403	85	O	5.55	C	-		
1403	86	O	5.55	A	-		
1403	87	O	5.55	C	-		
1403	88	O	5.55	T	-		
1403	89	O	5.55	G	-		
1403	90	O	5.55	T	-		
1403	91	O	5.55	C	-		
1403	92	O	5.55	C	-		
1403	93	O	5.55	T	-		
1403	94	O	5.55	G	-		
1403	95	O	5.55	C	-		
1403	96	O	5.55	A	-		
1403	97	O	5.55	G	-		
1403	98	O	5.55	A	-		
1403	99	O	5.55	C	-		
1403	100	O	5.55	T	-		
1403	101	O	5.55	T	-		
1403	102	O	5.55	G	-		
1403	103	O	5.55	A	-		
1403	104	O	5.55	A	-		
1403	105	O	5.55	A	-		
1403	106	O	5.55	G	-		
1403	107	O	5.55	A	-		
1403	108	O	5.55	T	-		
1403	109	O	5.55	G	-		
1404	0	O	24.95	G	-		
1404	1	O	24.95	C	-		
1404	2	O	24.95	T	-		
1404	3	O	24.95	A	-		
1404	4	O	24.95	G	-		
1404	5	O	24.95	T	-		
1404	6	O	24.95	G	-		
1404	7	O	24.95	T	-		
1404	8	O	24.95	T	-		
1404	9	O	24.95	G	-		
1404	10	O	24.95	T	-		
1404	11	O	24.95	T	-		
1404	12	O	24.95	A	-		
1404	13	O	24.95	G	-		
1404	14	O	24.95	C	-		
1404	15	O	24.95	T	-		
1404	16	O	24.95	C	-		
1404	17	O	24.95	C	-		
1404	18	O	24.95	T	-		
1404	19	O	24.95	T	-		
1404	20	O	24.95	G	-		
1404	21	O	24.95	A	-		
1404	22	O	24.95	G	-		
1404	23	O	24.95	G	-		
1404	24	O	24.95	A	-		
1404	25	O	24.95	A	-		
1404	26	O	24.95	T	-		
1404	27	O	24.95	G	-		
1404	28	O	24.95	A	-		
1404	29	O	24.95	T	-		
1404	30	O	24.95	A	-		
1404	31	O	24.95	G	-		
1404	32	O	24.95	A	-		
1404	33	O	24.95	G	-		
1404	34	O	24.95	G	-		
1404	35	O	24.95	A	-		
1404	36	O	24.95	T	-		
1404	37	O	24.95	G	-		
1404	38	O	24.95	G	-		
1404	39	O	24.95	A	-		
1404	40	O	24.95	A	-		
1404	41	O	24.95	C	-		
1404	42	O	24.95	A	-		
1404	43	O	24.95	C	-		
1404	44	O	24.95	C	-		
1404	45	O	24.95	C	-		
1404	46	O	24.95	T	-		
1404	47	O	24.95	G	-		
1404	48	O	24.95	C	-		
1404	49	O	24.95	T	-		
1404	50	O	24.95	T	-		
1404	51	O	24.95	G	-		
1404	52	O	24.95	T	-		
1404	53	O	24.95	C	-		
1404	54	O	24.95	A	-		
1404	55	O	24.95	T	-		
1404	56	O	24.95	C	-		
1404	57	O	24.95	T	-		
1404	58	O	24.95	C	-		
1404	59	O	24.95	T	-		
1404	60	O	24.95	A	-		
1404	61	O	24.95	A	-		
1404	62	O	24.95	T	-		
1404	63	O	24.95	T	-		
1404	64	O	24.95	T	-		
1404	65	O	24.95	T	-		
1404	66	O	24.95	T	-		
1404	67	O	24.95	C	-		
1404	68	O	24.95	T	-		
1404	69	O	24.95	C	-		
1404	70	O	24.95	C	-		
1404	71	O	24.95	T	-		
1404	72	O	24.95	A	-		
1404	73	O	24.95	G	-		
1404	74	O	24.95	G	-		
1404	75	O	24.95	T	-		
1404	76	O	24.95	C	-		
1404	77	O	24.95	A	-		
1404	78	O	24.95	T	-		
1404	79	O	24.95	T	-		
1404	80	O	24.95	A	-		
1404	81	O	24.95	A	-		
1404	82	O	24.95	A	-		
1404	83	O	24.95	G	-		
1404	84	O	24.95	A	-		
1404	85	O	24.95	T	-		
1404	86	O	24.95	A	-		
1404	87	O	24.95	T	-		
1404	88	O	24.95	T	-		
1404	89	O	24.95	C	-		
1404	90	O	24.95	T	-		
1404	91	O	24.95	A	-		
1404	92	O	24.95	A	-		
1404	93	O	24.95	A	-		
1404	94	O	24.95	A	-		
1404	95	O	24.95	A	-		
1404	96	O	24.95	T	-		
1404	97	O	24.95	T	-		
1404	98	O	24.95	C	-		
1404	99	O	24.95	A	-		
1404	100	O	24.95	T	-		
1404	101	O	24.95	C	-		
1404	102	O	24.95	T	-		
1404	103	O	24.95	T	-		
1404	104	O	24.95	C	-		
1404	105	O	24.95	C	-		
1404	106	O	24.95	A	-		
1404	107	O	24.95	A	-		
1404	108	O	24.95	T	-		
1404	109	O	24.95	C	-		
1405	0	O	16.64	A	-		
1405	1	O	16.64	C	-		
1405	2	O	16.64	C	-		
1405	3	O	16.64	A	-		
1405	4	O	16.64	G	-		
1405	5	O	16.64	A	-		
1405	6	O	16.64	A	-		
1405	7	O	16.64	T	-		
1405	8	O	16.64	G	-		
1405	9	O	16.64	G	-		
1405	10	O	16.64	G	-		
1405	11	O	16.64	C	-		
1405	12	O	16.64	C	-		
1405	13	O	16.64	G	-		
1405	14	O	16.64	A	-		
1405	15	O	16.64	G	-		
1405	16	O	16.64	C	-		
1405	17	O	16.64	G	-		
1405	18	O	16.64	C	-		
1405	19	O	16.64	C	-		
1405	20	O	16.64	G	-		
1405	21	O	16.64	G	-		
1405	22	O	16.64	T	-		
1405	23	O	16.64	C	-		
1405	24	O	16.64	A	-		
1405	25	O	16.64	G	-		
1405	26	O	16.64	T	-		
1405	27	O	16.64	T	-		
1405	28	O	16.64	C	-		
1405	29	O	16.64	G	-		
1405	30	O	16.64	C	-		
1405	31	O	16.64	C	-		
1405	32	O	16.64	T	-		
1405	33	O	16.64	T	-		
1405	34	O	16.64	C	-		
1405	35	O	16.64	G	-		
1405	36	O	16.64	C	-		
1405	37	O	16.64	C	-		
1405	38	O	16.64	T	-		
1405	39	O	16.64	A	-		
1405	40	O	16.64	C	-		
1405	41	O	16.64	C	-		
1405	42	O	16.64	C	-		
1405	43	O	16.64	A	-		
1405	44	O	16.64	C	-		
1405	45	O	16.64	T	-		
1405	46	O	16.64	T	-		
1405	47	O	16.64	G	-		
1405	48	O	16.64	C	-		
1405	49	O	16.64	G	-		
1405	50	O	16.64	C	-		
1405	51	O	16.64	C	-		
1405	52	O	16.64	T	-		
1405	53	O	16.64	G	-		
1405	54	O	16.64	T	-		
1405	55	O	16.64	T	-		
1405	56	O	16.64	G	-		
1405	57	O	16.64	C	-		
1405	58	O	16.64	T	-		
1405	59	O	16.64	C	-		
1405	60	O	16.64	C	-		
1405	61	O	16.64	A	-		
1405	62	O	16.64	C	-		
1405	63	O	16.64	T	-		
1405	64	O	16.64	G	-		
1405	65	O	16.64	C	-		
1405	66	O	16.64	G	-		
1405	67	O	16.64	A	-		
1405	68	O	16.64	C	-		
1405	69	O	16.64	C	-		
1405	70	O	16.64	C	-		
1405	71	O	16.64	T	-		
1405	72	O	16.64	T	-		
1405	73	O	16.64	C	-		
1405	74	O	16.64	C	-		
1405	75	O	16.64	T	-		
1405	76	O	16.64	G	-		
1405	77	O	16.64	C	-		
1405	78	O	16.64	G	-		
1405	79	O	16.64	C	-		
1405	80	O	16.64	C	-		
1405	81	O	16.64	T	-		
1405	82	O	16.64	T	-		
1405	83	O	16.64	C	-		
1405	84	O	16.64	T	-		
1405	85	O	16.64	C	-		
1405	86	O	16.64	C	-		
1405	87	O	16.64	T	-		
1405	88	O	16.64	C	-		
1405	89	O	16.64	C	-		
1405	90	O	16.64	G	-		
1405	91	O	16.64	C	-		
1405	92	O	16.64	C	-		
1405	93	O	16.64	A	-		
1405	94	O	16.64	C	-		
1405	95	O	16.64	A	-		
1405	96	O	16.64	G	-		
1405	97	O	16.64	C	-		
1405	98	O	16.64	C	-		
1405	99	O	16.64	A	-		
1405	100	O	16.64	C	-		
1405	101	O	16.64	C	-		
1405	102	O	16.64	C	-		
1405	103	O	16.64	A	-		
1405	104	O	16.64	A	-		
1405	105	O	16.64	A	-		
1405	106	O	16.64	C	-		
1405	107	O	16.64	A	-		
1405	108	O	16.64	C	-		
1405	109	O	16.64	C	-		
1406	0	O	5.55	C	-		
1406	1	O	5.55	A	-		
1406	2	O	5.55	G	-		
1406	3	O	5.55	T	-		
1406	4	O	5.55	C	-		
1406	5	O	5.55	G	-		
1406	6	O	5.55	A	-		
1406	7	O	5.55	G	-		
1406	8	O	5.55	G	-		
1406	9	O	5.55	G	-		
1406	10	O	5.55	C	-		
1406	11	O	5.55	A	-		
1406	12	O	5.55	A	-		
1406	13	O	5.55	C	-		
1406	14	O	5.55	A	-		
1406	15	O	5.55	C	-		
1406	16	O	5.55	T	-		
1406	17	O	5.55	G	-		
1406	18	O	5.55	C	-		
1406	19	O	5.55	G	-		
1406	20	O	5.55	G	-		
1406	21	O	5.55	T	-		
1406	22	O	5.55	G	-		
1406	23	O	5.55	T	-		
1406	24	O	5.55	T	-		
1406	25	O	5.55	C	-		
1406	26	O	5.55	C	-		
1406	27	O	5.55	A	-		
1406	28	O	5.55	G	-		
1406	29	O	5.55	G	-		
1406	30	O	5.55	C	-		
1406	31	O	5.55	C	-		
1406	32	O	5.55	G	-		
1406	33	O	5.55	G	-		
1406	34	O	5.55	C	-		
1406	35	O	5.55	G	-		
1406	36	O	5.55	A	-		
1406	37	O	5.55	C	-		
1406	38	O	5.55	C	-		
1406	39	O	5.55	A	-		
1406	40	O	5.55	G	-		
1406	41	O	5.55	A	-		
1406	42	O	5.55	C	-		
1406	43	O	5.55	C	-		
1406	44	O	5.55	C	-		
1406	45	O	5.55	G	-		
1406	46	O	5.55	T	-		
1406	47	O	5.55	C	-		
1406	48	O	5.55	G	-		
1406	49	O	5.55	C	-		
1406	50	O	5.55	A	-		
1406	51	O	5.55	T	-		
1406	52	O	5.55	G	-		
1406	53	O	5.55	G	-		
1406	54	O	5.55	C	-		
1406	55	O	5.55	G	-		
1406	56	O	5.55	A	-		
1406	57	O	5.55	T	-		
1406	58	O	5.55	T	-		
1406	59	O	5.55	C	-		
1406	60	O	5.55	C	-		
1406	61	O	5.55	T	-		
1406	62	O	5.55	T	-		
1406	63	O	5.55	G	-		
1406	64	O	5.55	A	-		
1406	65	O	5.55	G	-		
1406	66	O	5.55	C	-		
1406	67	O	5.55	G	-		
1406	68	O	5.55	G	-		
1406	69	O	5.55	A	-		
1406	70	O	5.55	G	-		
1406	71	O	5.55	C	-		
1406	72	O	5.55	G	-		
1406	73	O	5.55	C	-		
1406	74	O	5.55	A	-		
1406	75	O	5.55	C	-		
1406	76	O	5.55	G	-		
1406	77	O	5.55	A	-		
1406	78	O	5.55	C	-		
1406	79	O	5.55	A	-		
1406	80	O	5.55	T	-		
1406	81	O	5.55	G	-		
1406	82	O	5.55	A	-		
1406	83	O	5.55	A	-		
1406	84	O	5.55	A	-		
1406	85	O	5.55	C	-		
1406	86	O	5.55	C	-		
1406	87	O	5.55	G	-		
1406	88	O	5.55	T	-		
1406	89	O	5.55	C	-		
1406	90	O	5.55	G	-		
1406	91	O	5.55	A	-		
1406	92	O	5.55	T	-		
1406	93	O	5.55	C	-		
1406	94	O	5.55	A	-		
1406	95	O	5.55	T	-		
1406	96	O	5.55	C	-		
1406	97	O	5.55	C	-		
1406	98	O	5.55	T	-		
1406	99	O	5.55	T	-		
1406	100	O	5.55	T	-		
1406	101	O	5.55	C	-		
1406	102	O	5.55	C	-		
1406	103	O	5.55	G	-		
1406	104	O	5.55	C	-		
1406	105	O	5.55	G	-		
1406	106	O	5.55	C	-		
1406	107	O	5.55	T	-		
1406	108	O	5.55	C	-		
1406	109	O	5.55	C	-		
1407	0	O	13.86	C	-		
1407	1	O	13.86	T	-		
1407	2	O	13.86	G	-		
1407	3	O	13.86	C	-		
1407	4	O	13.86	A	-		
1407	5	O	13.86	G	-		
1407	6	O	13.86	T	-		
1407	7	O	13.86	G	-		
1407	8	O	13.86	T	-		
1407	9	O	13.86	T	-		
1407	10	O	13.86	T	-		
1407	11	O	13.86	A	-		
1407	12	O	13.86	T	-		
1407	13	O	13.86	T	-		
1407	14	O	13.86	A	-		
1407	15	O	13.86	G	-		
1407	16	O	13.86	A	-		
1407	17	O	13.86	T	-		
1407	18	O	13.86	G	-		
1407	19	O	13.86	T	-		
1407	20	O	13.86	C	-		
1407	21	O	13.86	T	-		
1407	22	O	13.86	G	-		
1407	23	O	13.86	T	-		
1407	24	O	13.86	A	-		
1407	25	O	13.86	C	-		
1407	26	O	13.86	C	-		
1407	27	O	13.86	A	-		
1407	28	O	13.86	A	-		
1407	29	O	13.86	C	-		
1407	30	O	13.86	T	-		
1407	31	O	13.86	G	-		
1407	32	O	13.86	G	-		
1407	33	O	13.86	C	-		
1407	34	O	13.86	C	-		
1407	35	O	13.86	G	-		
1407	36	O	13.86	A	-		
1407	37	O	13.86	A	-		
1407	38	O	13.86	G	-		
1407	39	O	13.86	A	-		
1407	40	O	13.86	A	-		
1407	41	O	13.86	C	-		
1407	42	O	13.86	A	-		
1407	43	O	13.86	C	-		
1407	44	O	13.86	C	-		
1407	45	O	13.86	A	-		
1407	46	O	13.86	C	-		
1407	47	O	13.86	A	-		
1407	48	O	13.86	A	-		
1407	49	O	13.86	A	-		
1407	50	O	13.86	T	-		
1407	51	O	13.86	A	-		
1407	52	O	13.86	T	-		
1407	53	O	13.86	A	-		
1407	54	O	13.86	C	-		
1407	55	O	13.86	A	-		
1407	56	O	13.86	C	-		
1407	57	O	13.86	C	-		
1407	58	O	13.86	C	-		
1407	59	O	13.86	A	-		
1407	60	O	13.86	A	-		
1407	61	O	13.86	T	-		
1407	62	O	13.86	A	-		
1407	63	O	13.86	A	-		
1407	64	O	13.86	T	-		
1407	65	O	13.86	A	-		
1407	66	O	13.86	T	-		
1407	67	O	13.86	T	-		
1407	68	O	13.86	C	-		
1407	69	O	13.86	A	-		
1407	70	O	13.86	C	-		
1407	71	O	13.86	G	-		
1407	72	O	13.86	A	-		
1407	73	O	13.86	A	-		
1407	74	O	13.86	T	-		
1407	75	O	13.86	C	-		
1407	76	O	13.86	A	-		
1407	77	O	13.86	C	-		
1407	78	O	13.86	A	-		
1407	79	O	13.86	A	-		
1407	80	O	13.86	C	-		
1407	81	O	13.86	T	-		
1407	82	O	13.86	A	-		
1407	83	O	13.86	G	-		
1407	84	O	13.86	A	-		
1407	85	O	13.86	T	-		
1407	86	O	13.86	C	-		
1407	87	O	13.86	T	-		
1407	88	O	13.86	T	-		
1407	89	O	13.86	T	-		
1407	90	O	13.86	A	-		
1407	91	O	13.86	A	-		
1407	92	O	13.86	C	-		
1407	93	O	13.86	A	-		
1407	94	O	13.86	A	-		
1407	95	O	13.86	G	-		
1407	96	O	13.86	A	-		
1407	97	O	13.86	T	-		
1407	98	O	13.86	T	-		
1407	99	O	13.86	G	-		
1407	100	O	13.86	C	-		
1407	101	O	13.86	A	-		
1407	102	O	13.86	C	-		
1407	103	O	13.86	A	-		
1407	104	O	13.86	G	-		
1407	105	O	13.86	C	-		
1407	106	O	13.86	C	-		
1407	107	O	13.86	T	-		
1407	108	O	13.86	A	-		
1407	109	O	13.86	A	-		
1408	0	O	8.32	A	-		
1408	1	O	8.32	C	-		
1408	2	O	8.32	G	-		
1408	3	O	8.32	A	-		
1408	4	O	8.32	G	-		
1408	5	O	8.32	T	-		
1408	6	O	8.32	T	-		
1408	7	O	8.32	G	-		
1408	8	O	8.32	C	-		
1408	9	O	8.32	A	-		
1408	10	O	8.32	G	-		
1408	11	O	8.32	G	-		
1408	12	O	8.32	A	-		
1408	13	O	8.32	G	-		
1408	14	O	8.32	C	-		
1408	15	O	8.32	G	-		
1408	16	O	8.32	A	-		
1408	17	O	8.32	G	-		
1408	18	O	8.32	C	-		
1408	19	O	8.32	T	-		
1408	20	O	8.32	G	-		
1408	21	O	8.32	C	-		
1408	22	O	8.32	G	-		
1408	23	O	8.32	G	-		
1408	24	O	8.32	A	-		
1408	25	O	8.32	A	-		
1408	26	O	8.32	A	-		
1408	27	O	8.32	T	-		
1408	28	O	8.32	G	-		
1408	29	O	8.32	T	-		
1408	30	O	8.32	C	-		
1408	31	O	8.32	G	-		
1408	32	O	8.32	C	-		
1408	33	O	8.32	G	-		
1408	34	U	-3.71	C	A		
1408	35	O	8.32	G	-		
1408	36	O	8.32	A	-		
1408	37	O	8.32	A	-		
1408	38	O	8.32	G	-		
1408	39	O	8.32	A	-		
1408	40	O	8.32	A	-		
1408	41	O	8.32	A	-		
1408	42	O	8.32	G	-		
1408	43	O	8.32	G	-		
1408	44	O	8.32	A	-		
1408	45	O	8.32	C	-		
1408	46	O	8.32	T	-		
1408	47	O	8.32	A	-		
1408	48	O	8.32	C	-		
1408	49	O	8.32	A	-		
1408	50	O	8.32	A	-		
1408	51	O	8.32	G	-		
1408	52	O	8.32	A	-		
1408	53	O	8.32	A	-		
1408	54	O	8.32	A	-		
1408	55	O	8.32	G	-		
1408	56	O	8.32	A	-		
1408	57	O	8.32	A	-		
1408	58	O	8.32	G	-		
1408	59	O	8.32	A	-		
1408	60	O	8.32	T	-		
1408	61	O	8.32	C	-		
1408	62	O	8.32	G	-		
1408	63	O	8.32	C	-		
1408	64	O	8.32	G	-		
1408	65	O	8.32	A	-		
1408	66	O	8.32	T	-		
1408	67	O	8.32	C	-		
1408	68	O	8.32	G	-		
1408	69	O	8.32	C	-		
1408	70	O	8.32	C	-		
1408	71	O	8.32	G	-		
1408	72	O	8.32	A	-		
1408	73	O	8.32	A	-		
1408	74	O	8.32	G	-		
1408	75	O	8.32	A	-		
1408	76	O	8.32	G	-		
1408	77	O	8.32	A	-		
1408	78	O	8.32	A	-		
1408	79	O	8.32	A	-		
1408	80	O	8.32	C	-		
1408	81	O	8.32	T	-		
1408	82	O	8.32	C	-		
1408	83	O	8.32	G	-		
1408	84	O	8.32	A	-		
1408	85	U	-3.71	A	G		
1408	86	O	8.32	C	-		
1408	87	O	8.32	A	-		
1408	88	O	8.32	G	-		
1408	89	O	8.32	T	-		
1408	90	O	8.32	A	-		
1408	91	O	8.32	T	-		
1408	92	O	8.32	C	-		
1408	93	O	8.32	G	-		
1408	94	O	8.32	T	-		
1408	95	O	8.32	G	-		
1408	96	O	8.32	C	-		
1408	97	O	8.32	G	-		
1408	98	O	8.32	G	-		
1408	99	O	8.32	G	-		
1408	100	O	8.32	G	-		
1408	101	O	8.32	A	-		
1408	102	O	8.32	G	-		
1408	103	O	8.32	G	-		
1408	104	O	8.32	G	-		
1408	105	O	8.32	G	-		
1408	106	O	8.32	G	-		
1408	107	O	8.32	A	-		
1408	108	O	8.32	T	-		
1408	109	O	8.32	G	-		
1409	0	O	6.93	C	-		
1409	1	O	6.93	C	-		
1409	2	O	6.93	C	-		
1409	3	O	6.93	G	-		
1409	4	O	6.93	G	-		
1409	5	O	6.93	C	-		
1409	6	O	6.93	A	-		
1409	7	O	6.93	G	-		
1409	8	O	6.93	A	-		
1409	9	O	6.93	A	-		
1409	10	O	6.93	T	-		
1409	11	O	6.93	A	-		
1409	12	O	6.93	G	-		
1409	13	O	6.93	T	-		
1409	14	O	6.93	A	-		
1409	15	O	6.93	A	-		
1409	16	O	6.93	T	-		
1409	17	O	6.93	A	-		
1409	18	O	6.93	G	-		
1409	19	O	6.93	C	-		
1409	20	O	6.93	A	-		
1409	21	O	6.93	A	-		
1409	22	O	6.93	A	-		
1409	23	O	6.93	C	-		
1409	24	O	6.93	A	-		
1409	25	O	6.93	C	-		
1409	26	O	6.93	C	-		
1409	27	O	6.93	A	-		
1409	28	O	6.93	T	-		
1409	29	O	6.93	A	-		
1409	30	O	6.93	G	-		
1409	31	O	6.93	A	-		
1409	32	O	6.93	G	-		
1409	33	U	-0.27	T	G		
1409	34	O	6.93	C	-		
1409	35	O	6.93	C	-		
1409	36	O	6.93	C	-		
1409	37	O	6.93	A	-		
1409	38	O	6.93	A	-		
1409	39	O	6.93	T	-		
1409	40	O	6.93	C	-		
1409	41	O	6.93	A	-		
1409	42	O	6.93	A	-		
1409	43	O	6.93	T	-		
1409	44	O	6.93	A	-		
1409	45	O	6.93	A	-		
1409	46	O	6.93	A	-		
1409	47	O	6.93	A	-		
1409	48	O	6.93	C	-		
1409	49	O	6.93	T	-		
1409	50	O	6.93	A	-		
1409	51	O	6.93	T	-		
1409	52	O	6.93	A	-		
1409	53	O	6.93	A	-		
1409	54	O	6.93	A	-		
1409	55	O	6.93	A	-		
1409	56	O	6.93	A	-		
1409	57	O	6.93	T	-		
1409	58	O	6.93	C	-		
1409	59	O	6.93	A	-		
1409	60	O	6.93	A	-		
1409	61	O	6.93	G	-		
1409	62	O	6.93	C	-		
1409	63	O	6.93	A	-		
1409	64	U	-0.27	T	G		
1409	65	O	6.93	C	-		
1409	66	O	6.93	A	-		
1409	67	O	6.93	A	-		
1409	68	O	6.93	G	-		
1409	69	O	6.93	A	-		
1409	70	O	6.93	A	-		
1409	71	O	6.93	T	-		
1409	72	O	6.93	A	-		
1409	73	O	6.93	T	-		
1409	74	O	6.93	T	-		
1409	75	O	6.93	A	-		
1409	76	O	6.93	A	-		
1409	77	O	6.93	T	-		
1409	78	O	6.93	T	-		
1409	79	O	6.93	A	-		
1409	80	O	6.93	T	-		
1409	81	O	6.93	T	-		
1409	82	O	6.93	A	-		
1409	83	O	6.93	A	-		
1409	84	O	6.93	A	-		
1409	85	O	6.93	G	-		
1409	86	O	6.93	C	-		
1409	87	O	6.93	A	-		
1409	88	O	6.93	T	-		
1409	89	O	6.93	T	-		
1409	90	O	6.93	A	-		
1409	91	O	6.93	A	-		
1409	92	O	6.93	A	-		
1409	93	O	6.93	A	-		
1409	94	O	6.93	A	-		
1409	95	O	6.93	C	-		
1409	96	O	6.93	A	-		
1409	97	O	6.93	T	-		
1409	98	O	6.93	G	-		
1409	99	O	6.93	A	-		
1409	100	O	6.93	A	-		
1409	101	O	6.93	A	-		
1409	102	O	6.93	T	-		
1409	103	O	6.93	C	-		
1409	104	O	6.93	A	-		
1409	105	O	6.93	T	-		
1409	106	O	6.93	G	-		
1409	107	O	6.93	C	-		
1409	108	O	6.93	A	-		
1409	109	O	6.93	T	-		
1410	0	O	9.70	T	-		
1410	1	O	9.70	G	-		
1410	2	O	9.70	A	-		
1410	3	O	9.70	T	-		
1410	4	O	9.70	C	-		
1410	5	O	9.70	T	-		
1410	6	O	9.70	T	-		
1410	7	O	9.70	G	-		
1410	8	O	9.70	C	-		
1410	9	O	9.70	T	-		
1410	10	O	9.70	G	-		
1410	11	O	9.70	T	-		
1410	12	O	9.70	T	-		
1410	13	O	9.70	G	-		
1410	14	O	9.70	G	-		
1410	15	O	9.70	T	-		
1410	16	O	9.70	G	-		
1410	17	O	9.70	G	-		
1410	18	O	9.70	A	-		
1410	19	O	9.70	G	-		
1410	20	O	9.70	C	-		
1410	21	O	9.70	C	-		
1410	22	O	9.70	C	-		
1410	23	O	9.70	T	-		
1410	24	O	9.70	G	-		
1410	25	O	9.70	G	-		
1410	26	O	9.70	A	-		
1410	27	O	9.70	C	-		
1410	28	O	9.70	T	-		
1410	29	O	9.70	A	-		
1410	30	O	9.70	G	-		
1410	31	O	9.70	G	-		
1410	32	O	9.70	A	-		
1410	33	O	9.70	A	-		
1410	34	O	9.70	C	-		
1410	35	O	9.70	T	-		
1410	36	O	9.70	G	-		
1410	37	O	9.70	C	-		
1410	38	O	9.70	C	-		
1410	39	O	9.70	T	-		
1410	40	O	9.70	C	-		
1410	41	O	9.70	T	-		
1410	42	O	9.70	C	-		
1410	43	O	9.70	A	-		
1410	44	O	9.70	G	-		
1410	45	O	9.70	G	-		
1410	46	O	9.70	G	-		
1410	47	O	9.70	C	-		
1410	48	O	9.70	A	-		
1410	49	O	9.70	G	-		
1410	50	O	9.70	T	-		
1410	51	O	9.70	T	-		
1410	52	O	9.70	C	-		
1410	53	O	9.70	T	-		
1410	54	O	9.70	C	-		
1410	55	O	9.70	A	-		
1410	56	O	9.70	A	-		
1410	57	O	9.70	G	-		
1410	58	O	9.70	A	-		
1410	59	O	9.70	C	-		
1410	60	O	9.70	G	-		
1410	61	O	9.70	A	-		
1410	62	O	9.70	A	-		
1410	63	O	9.70	T	-		
1410	64	O	9.70	C	-		
1410	65	O	9.70	G	-		
1410	66	O	9.70	G	-		
1410	67	O	9.70	A	-		
1410	68	O	9.70	T	-		
1410	69	O	9.70	T	-		
1410	70	O	9.70	G	-		
1410	71	O	9.70	T	-		
1410	72	O	9.70	G	-		
1410	73	O	9.70	A	-		
1410	74	O	9.70	A	-		
1410	75	O	9.70	C	-		
1410	76	O	9.70	T	-		
1410	77	O	9.70	G	-		
1410	78	O	9.70	T	-		
1410	79	O	9.70	C	-		
1410	80	O	9.70	A	-		
1410	81	O	9.70	C	-		
1410	82	O	9.70	T	-		
1410	83	O	9.70	G	-		
1410	84	O	9.70	T	-		
1410	85	O	9.70	G	-		
1410	86	O	9.70	A	-		
1410	87	O	9.70	T	-		
1410	88	O	9.70	G	-		
1410	89	O	9.70	T	-		
1410	90	O	9.70	T	-		
1410	91	O	9.70	G	-		
1410	92	O	9.70	G	-		
1410	93	O	9.70	C	-		
1410	94	O	9.70	G	-		
1410	95	O	9.70	T	-		
1410	96	O	9.70	C	-		
1410	97	O	9.70	G	-		
1410	98	O	9.70	A	-		
1410	99	O	9.70	A	-		
1410	100	O	9.70	C	-		
1410	101	O	9.70	A	-		
1410	102	O	9.70	C	-		
1410	103	O	9.70	A	-		
1410	104	O	9.70	T	-		
1410	105	O	9.70	C	-		
1410	106	O	9.70	C	-		
1410	107	O	9.70	G	-		
1410	108	U	1.77	A	G		
1410	109	O	9.70	G	-		
1411	0	O	8.32	T	-		
1411	1	O	8.32	G	-		
1411	2	O	8.32	T	-		
1411	3	O	8.32	A	-		
1411	4	O	8.32	G	-		
1411	5	O	8.32	T	-		
1411	6	O	8.32	C	-		
1411	7	O	8.32	G	-		
1411	8	O	8.32	C	-		
1411	9	O	8.32	C	-		
1411	10	O	8.32	C	-		
1411	11	O	8.32	A	-		
1411	12	O	8.32	C	-		
1411	13	O	8.32	T	-		
1411	14	O	8.32	G	-		
1411	15	O	8.32	G	-		
1411	16	O	8.32	G	-		
1411	17	O	8.32	C	-		
1411	18	O	8.32	T	-		
1411	19	O	8.32	G	-		
1411	20	O	8.32	C	-		
1411	21	O	8.32	G	-		
1411	22	O	8.32	C	-		
1411	23	O	8.32	A	-		
1411	24	O	8.32	C	-		
1411	25	O	8.32	G	-		
1411	26	O	8.32	A	-		
1411	27	O	8.32	G	-		
1411	28	O	8.32	C	-		
1411	29	O	8.32	T	-		
1411	30	O	8.32	G	-		
1411	31	O	8.32	G	-		
1411	32	O	8.32	T	-		
1411	33	O	8.32	T	-		
1411	34	O	8.32	G	-		
1411	35	O	8.32	C	-		
1411	36	O	8.32	G	-		
1411	37	O	8.32	C	-		
1411	38	O	8.32	G	-		
1411	39	O	8.32	G	-		
1411	40	O	8.32	C	-		
1411	41	O	8.32	C	-		
1411	42	O	8.32	G	-		
1411	43	O	8.32	G	-		
1411	44	O	8.32	C	-		
1411	45	O	8.32	G	-		
1411	46	O	8.32	A	-		
1411	47	O	8.32	G	-		
1411	48	O	8.32	C	-		
1411	49	O	8.32	C	-		
1411	50	O	8.32	T	-		
1411	51	O	8.32	G	-		
1411	52	O	8.32	C	-		
1411	53	O	8.32	G	-		
1411	54	O	8.32	C	-		
1411	55	O	8.32	A	-		
1411	56	O	8.32	A	-		
1411	57	O	8.32	C	-		
1411	58	O	8.32	C	-		
1411	59	O	8.32	C	-		
1411	60	O	8.32	T	-		
1411	61	O	8.32	C	-		
1411	62	O	8.32	T	-		
1411	63	O	8.32	G	-		
1411	64	O	8.32	C	-		
1411	65	O	8.32	G	-		
1411	66	O	8.32	C	-		
1411	67	O	8.32	C	-		
1411	68	O	8.32	C	-		
1411	69	O	8.32	G	-		
1411	70	O	8.32	A	-		
1411	71	O	8.32	T	-		
1411	72	O	8.32	C	-		
1411	73	O	8.32	G	-		
1411	74	O	8.32	A	-		
1411	75	O	8.32	A	-		
1411	76	O	8.32	T	-		
1411	77	O	8.32	C	-		
1411	78	O	8.32	T	-		
1411	79	O	8.32	G	-		
1411	80	O	8.32	G	-		
1411	81	O	8.32	G	-		
1411	82	O	8.32	C	-		
1411	83	O	8.32	G	-		
1411	84	O	8.32	A	-		
1411	85	O	8.32	C	-		
1411	86	O	8.32	T	-		
1411	87	O	8.32	G	-		
1411	88	O	8.32	G	-		
1411	89	O	8.32	T	-		
1411	90	O	8.32	C	-		
1411	91	O	8.32	G	-		
1411	92	O	8.32	G	-		
1411	93	O	8.32	C	-		
1411	94	O	8.32	G	-		
1411	95	O	8.32	G	-		
1411	96	O	8.32	G	-		
1411	97	O	8.32	A	-		
1411	98	O	8.32	C	-		
1411	99	O	8.32	T	-		
1411	100	O	8.32	C	-		
1411	101	O	8.32	A	-		
1411	102	O	8.32	C	-		
1411	103	O	8.32	G	-		
1411	104	O	8.32	C	-		
1411	105	O	8.32	A	-		
1411	106	O	8.32	G	-		
1411	107	O	8.32	G	-		
1411	108	O	8.32	A	-		
1411	109	O	8.32	T	-		
1412	0	O	20.79	T	-		
1412	1	O	20.79	C	-		
1412	2	O	20.79	C	-		
1412	3	O	11.25	T	-		
1412	4	O	20.79	G	-		
1412	5	O	20.79	T	-		
1412	6	O	20.79	T	-		
1412	7	O	20.79	C	-		
1412	8	O	20.79	G	-		
1412	9	O	20.79	T	-		
1412	10	O	20.79	C	-		
1412	11	O	20.79	G	-		
1412	12	O	20.79	C	-		
1412	13	O	20.79	C	-		
1412	14	O	20.79	C	-		
1412	15	O	20.79	T	-		
1412	16	O	20.79	G	-		
1412	17	O	20.79	T	-		
1412	18	O	20.79	T	-		
1412	19	O	20.79	G	-		
1412	20	O	20.79	C	-		
1412	21	O	20.79	T	-		
1412	22	O	20.79	G	-		
1412	23	O	20.79	G	-		
1412	24	O	20.79	C	-		
1412	25	O	20.79	C	-		
1412	26	O	20.79	C	-		
1412	27	O	20.79	A	-		
1412	28	O	20.79	C	-		
1412	29	O	20.79	G	-		
1412	30	O	20.79	G	-		
1412	31	O	20.79	G	-		
1412	32	O	20.79	G	-		
1412	33	O	20.79	C	-		
1412	34	O	20.79	C	-		
1412	35	O	20.79	C	-		
1412	36	O	20.79	T	-		
1412	37	O	20.79	C	-		
1412	38	O	20.79	A	-		
1412	39	O	20.79	T	-		
1412	40	O	20.79	G	-		
1412	41	O	20.79	G	-		
1412	42	O	20.79	G	-		
1412	43	O	20.79	G	-		
1412	44	O	20.79	C	-		
1412	45	O	20.79	G	-		
1412	46	O	20.79	C	-		
1412	47	O	20.79	G	-		
1412	48	O	20.79	A	-		
1412	49	O	20.79	C	-		
1412	50	O	20.79	C	-		
1412	51	O	20.79	T	-		
1412	52	O	20.79	G	-		
1412	53	O	20.79	A	-		
1412	54	O	20.79	G	-		
1412	55	O	20.79	C	-		
1412	56	O	20.79	C	-		
1412	57	O	20.79	T	-		
1412	58	O	20.79	G	-		
1412	59	O	20.79	G	-		
1412	60	O	20.79	C	-		
1412	61	O	20.79	C	-		
1412	62	O	20.79	C	-		
1412	63	O	20.79	A	-		
1412	64	O	20.79	G	-		
1412	65	O	20.79	G	-		
1412	66	O	20.79	C	-		
1412	67	O	20.79	G	-		
1412	68	O	20.79	G	-		
1412	69	O	20.79	G	-		
1412	70	O	20.79	C	-		
1412	71	O	20.79	T	-		
1412	72	O	20.79	C	-		
1412	73	O	11.25	G	-		
1412	74	O	20.79	G	-		
1412	75	O	20.79	C	-		
1412	76	O	20.79	C	-		
1412	77	O	20.79	A	-		
1412	78	O	20.79	C	-		
1412	79	O	20.79	C	-		
1412	80	O	20.79	A	-		
1412	81	O	20.79	T	-		
1412	82	O	20.79	C	-		
1412	83	O	20.79	A	-		
1412	84	O	20.79	A	-		
1412	85	O	20.79	C	-		
1412	86	O	20.79	A	-		
1412	87	O	20.79	T	-		
1412	88	O	20.79	C	-		
1412	89	O	20.79	A	-		
1412	90	O	20.79	C	-		
1412	91	O	20.79	C	-		
1412	92	O	20.79	A	-		
1412	93	O	20.79	T	-		
1412	94	O	20.79	C	-		
1412	95	O	20.79	A	-		
1412	96	O	20.79	G	-		
1412	97	O	20.79	C	-		
1412	98	O	20.79	C	-		
1412	99	O	20.79	T	-		
1412	100	O	20.79	G	-		
1412	101	O	20.79	A	-		
1412	102	O	20.79	T	-		
1412	103	O	20.79	C	-		
1412	104	O	20.79	G	-		
1412	105	O	20.79	T	-		
1412	106	O	20.79	G	-		
1412	107	O	20.79	G	-		
1412	108	O	20.79	C	-		
1412	109	O	20.79	C	-		
1413	0	O	11.09	C	-		
1413	1	O	11.09	C	-		
1413	2	O	11.09	C	-		
1413	3	O	11.09	A	-		
1413	4	O	11.09	A	-		
1413	5	O	11.09	T	-		
1413	6	O	11.09	C	-		
1413	7	O	11.09	T	-		
1413	8	O	11.09	T	-		
1413	9	O	11.09	T	-		
1413	10	O	11.09	C	-		
1413	11	O	11.09	G	-		
1413	12	O	11.09	G	-		
1413	13	O	11.09	A	-		
1413	14	O	11.09	A	-		
1413	15	O	11.09	G	-		
1413	16	O	11.09	T	-		
1413	17	O	11.09	A	-		
1413	18	O	11.09	A	-		
1413	19	O	11.09	T	-		
1413	20	O	11.09	C	-		
1413	21	O	11.09	G	-		
1413	22	O	11.09	A	-		
1413	23	O	11.09	T	-		
1413	24	O	11.09	T	-		
1413	25	O	11.09	C	-		
1413	26	O	11.09	T	-		
1413	27	O	11.09	A	-		
1413	28	O	11.09	G	-		
1413	29	O	11.09	G	-		
1413	30	O	11.09	C	-		
1413	31	O	11.09	A	-		
1413	32	O	11.09	T	-		
1413	33	O	11.09	G	-		
1413	34	O	11.09	A	-		
1413	35	O	11.09	A	-		
1413	36	O	11.09	T	-		
1413	37	O	11.09	T	-		
1413	38	O	11.09	T	-		
1413	39	O	11.09	T	-		
1413	40	O	11.09	T	-		
1413	41	O	11.09	G	-		
1413	42	O	11.09	C	-		
1413	43	O	11.09	T	-		
1413	44	O	11.09	C	-		
1413	45	O	11.09	C	-		
1413	46	O	11.09	A	-		
1413	47	O	11.09	C	-		
1413	48	O	11.09	A	-		
1413	49	O	11.09	G	-		
1413	50	O	11.09	A	-		
1413	51	O	11.09	G	-		
1413	52	O	11.09	C	-		
1413	53	O	11.09	A	-		
1413	54	O	11.09	G	-		
1413	55	O	11.09	G	-		
1413	56	O	11.09	A	-		
1413	57	O	11.09	G	-		
1413	58	O	11.09	A	-		
1413	59	O	11.09	G	-		
1413	60	O	11.09	G	-		
1413	61	O	11.09	A	-		
1413	62	O	11.09	G	-		
1413	63	O	11.09	T	-		
1413	64	O	11.09	G	-		
1413	65	O	11.09	A	-		
1413	66	O	11.09	G	-		
1413	67	O	11.09	G	-		
1413	68	O	11.09	T	-		
1413	69	O	11.09	G	-		
1413	70	O	11.09	T	-		
1413	71	O	11.09	G	-		
1413	72	O	11.09	T	-		
1413	73	O	11.09	T	-		
1413	74	O	11.09	T	-		
1413	75	O	11.09	G	-		
1413	76	O	11.09	T	-		
1413	77	O	11.09	T	-		
1413	78	O	11.09	T	-		
1413	79	O	11.09	A	-		
1413	80	O	11.09	T	-		
1413	81	O	11.09	T	-		
1413	82	O	11.09	T	-		
1413	83	O	11.09	C	-		
1413	84	O	11.09	G	-		
1413	85	O	11.09	G	-		
1413	86	O	11.09	C	-		
1413	87	O	11.09	T	-		
1413	88	O	11.09	A	-		
1413	89	O	11.09	T	-		
1413	90	O	11.09	G	-		
1413	91	O	11.09	C	-		
1413	92	O	11.09	C	-		
1413	93	O	11.09	G	-		
1413	94	O	11.09	A	-		
1413	95	O	11.09	T	-		
1413	96	O	11.09	G	-		
1413	97	O	11.09	C	-		
1413	98	O	11.09	T	-		
1413	99	O	11.09	C	-		
1413	100	O	11.09	T	-		
1413	101	O	11.09	G	-		
1413	102	O	11.09	G	-		
1413	103	O	11.09	A	-		
1413	104	O	11.09	G	-		
1413	105	O	11.09	G	-		
1413	106	O	11.09	A	-		
1413	107	O	11.09	A	-		
1413	108	O	11.09	G	-		
1413	109	O	11.09	T	-		
1414	0	O	12.48	A	-		
1414	1	O	12.48	T	-		
1414	2	O	12.48	C	-		
1414	3	O	12.48	T	-		
1414	4	O	12.48	G	-		
1414	5	O	12.48	A	-		
1414	6	O	12.48	T	-		
1414	7	O	12.48	C	-		
1414	8	O	12.48	C	-		
1414	9	O	12.48	C	-		
1414	10	O	12.48	A	-		
1414	11	O	12.48	C	-		
1414	12	O	12.48	A	-		
1414	13	O	12.48	G	-		
1414	14	O	12.48	C	-		
1414	15	O	12.48	T	-		
1414	16	O	12.48	C	-		
1414	17	O	12.48	T	-		
1414	18	O	12.48	T	-		
1414	19	O	12.48	T	-		
1414	20	O	12.48	G	-		
1414	21	O	12.48	C	-		
1414	22	O	12.48	C	-		
1414	23	O	12.48	A	-		
1414	24	O	12.48	T	-		
1414	25	O	12.48	A	-		
1414	26	O	12.48	G	-		
1414	27	O	12.48	A	-		
1414	28	U	0.00	-	-		
1414	29	U	0.00	-	-		
1414	30	U	0.00	-	-		
1414	31	U	0.00	-	-		
1414	32	U	0.00	-	-		
1414	33	U	0.00	-	-		
1414	34	O	12.48	T	-		
1414	35	O	12.48	G	-		
1414	36	O	12.48	C	-		
1414	37	O	12.48	T	-		
1414	38	O	12.48	G	-		
1414	39	O	12.48	G	-		
1414	40	O	12.48	G	-		
1414	41	O	12.48	A	-		
1414	42	O	12.48	A	-		
1414	43	O	12.48	G	-		
1414	44	O	12.48	T	-		
1414	45	O	12.48	A	-		
1414	46	O	4.00	A	-		
1414	47	O	12.48	T	-		
1414	48	O	12.48	A	-		
1414	49	O	12.48	G	-		
1414	50	O	12.48	C	-		
1414	51	O	12.48	G	-		
1414	52	O	12.48	C	-		
1414	53	O	12.48	G	-		
1414	54	O	12.48	T	-		
1414	55	O	12.48	G	-		
1414	56	O	12.48	T	-		
1414	57	O	12.48	C	-		
1414	58	O	12.48	T	-		
1414	59	O	12.48	C	-		
1414	60	O	12.48	C	-		
1414	61	O	12.48	A	-		
1414	62	O	12.48	G	-		
1414	63	O	12.48	A	-		
1414	64	O	12.48	T	-		
1414	65	O	12.48	T	-		
1414	66	O	12.48	T	-		
1414	67	O	12.48	G	-		
1414	68	O	12.48	A	-		
1414	69	O	12.48	C	-		
1414	70	O	12.48	G	-		
1414	71	O	12.48	A	-		
1414	72	O	12.48	C	-		
1414	73	O	12.48	C	-		
1414	74	O	12.48	A	-		
1414	75	O	12.48	T	-		
1414	76	O	12.48	C	-		
1414	77	O	12.48	C	-		
1414	78	O	12.48	G	-		
1414	79	O	12.48	C	-		
1414	80	O	12.48	T	-		
1414	81	O	12.48	T	-		
1414	82	O	12.48	G	-		
1414	83	O	12.48	C	-		
1414	84	O	12.48	C	-		
1414	85	O	12.48	T	-		
1414	86	O	12.48	C	-		
1414	87	O	12.48	G	-		
1414	88	O	12.48	G	-		
1414	89	O	12.48	C	-		
1414	90	O	12.48	C	-		
1414	91	O	12.48	G	-		
1414	92	O	12.48	T	-		
1414	93	O	12.48	C	-		
1414	94	O	12.48	G	-		
1414	95	O	12.48	G	-		
1414	96	O	12.48	A	-		
1414	97	O	12.48	G	-		
1414	98	O	12.48	C	-		
1414	99	O	12.48	T	-		
1414	100	O	12.48	C	-		
1414	101	O	4.00	G	-		
1414	102	O	12.48	A	-		
1414	103	O	12.48	G	-		
1414	104	O	12.48	A	-		
1414	105	O	12.48	C	-		
1414	106	O	12.48	T	-		
1414	107	O	12.48	C	-		
1414	108	O	12.48	G	-		
1414	109	O	12.48	G	-		
1414	110	U	0.00	-	-		
1414	111	U	0.00	-	-		
1414	112	U	0.00	-	-		
1414	113	U	0.00	-	-		
1414	114	U	0.00	-	-		
1414	115	U	0.00	-	-		
1415	0	O	15.25	C	-		
1415	1	O	15.25	G	-		
1415	2	O	15.25	C	-		
1415	3	O	15.25	T	-		
1415	4	O	15.25	C	-		
1415	5	O	15.25	C	-		
1415	6	O	15.25	T	-		
1415	7	O	15.25	G	-		
1415	8	O	15.25	C	-		
1415	9	O	15.25	G	-		
1415	10	O	15.25	C	-		
1415	11	O	15.25	G	-		
1415	12	O	15.25	T	-		
1415	13	O	15.25	G	-		
1415	14	O	15.25	C	-		
1415	15	O	15.25	A	-		
1415	16	O	15.25	A	-		
1415	17	O	15.25	G	-		
1415	18	O	15.25	G	-		
1415	19	O	15.25	C	-		
1415	20	O	15.25	G	-		
1415	21	O	15.25	T	-		
1415	22	O	15.25	G	-		
1415	23	O	15.25	C	-		
1415	24	O	15.25	T	-		
1415	25	O	15.25	C	-		
1415	26	O	15.25	G	-		
1415	27	O	15.25	C	-		
1415	28	O	15.25	G	-		
1415	29	O	15.25	G	-		
1415	30	O	15.25	C	-		
1415	31	O	15.25	G	-		
1415	32	O	15.25	A	-		
1415	33	O	15.25	T	-		
1415	34	O	15.25	C	-		
1415	35	O	15.25	G	-		
1415	36	O	15.25	A	-		
1415	37	O	15.25	G	-		
1415	38	O	15.25	C	-		
1415	39	O	15.25	G	-		
1415	40	O	15.25	G	-		
1415	41	O	15.25	A	-		
1415	42	O	15.25	G	-		
1415	43	O	15.25	G	-		
1415	44	O	6.35	T	-		
1415	45	O	15.25	A	-		
1415	46	O	15.25	G	-		
1415	47	O	15.25	T	-		
1415	48	O	15.25	T	-		
1415	49	O	15.25	G	-		
1415	50	O	15.25	C	-		
1415	51	O	15.25	G	-		
1415	52	O	15.25	C	-		
1415	53	O	15.25	A	-		
1415	54	O	15.25	A	-		
1415	55	O	15.25	A	-		
1415	56	O	15.25	G	-		
1415	57	O	15.25	C	-		
1415	58	O	15.25	A	-		
1415	59	O	15.25	T	-		
1415	60	O	15.25	C	-		
1415	61	O	15.25	G	-		
1415	62	O	15.25	T	-		
1415	63	O	15.25	C	-		
1415	64	O	15.25	G	-		
1415	65	O	15.25	A	-		
1415	66	O	15.25	T	-		
1415	67	O	15.25	T	-		
1415	68	O	15.25	G	-		
1415	69	O	15.25	G	-		
1415	70	O	15.25	C	-		
1415	71	O	15.25	G	-		
1415	72	O	15.25	A	-		
1415	73	O	15.25	G	-		
1415	74	O	15.25	T	-		
1415	75	O	15.25	G	-		
1415	76	O	15.25	G	-		
1415	77	O	6.35	T	-		
1415	78	O	15.25	C	-		
1415	79	O	15.25	A	-		
1415	80	O	15.25	A	-		
1415	81	O	15.25	A	-		
1415	82	O	15.25	A	-		
1415	83	O	15.25	T	-		
1415	84	O	15.25	C	-		
1415	85	O	15.25	G	-		
1415	86	O	15.25	C	-		
1415	87	O	15.25	A	-		
1415	88	O	15.25	G	-		
1415	89	O	15.25	G	-		
1415	90	O	15.25	T	-		
1415	91	O	15.25	G	-		
1415	92	O	15.25	G	-		
1415	93	O	15.25	A	-		
1415	94	O	15.25	C	-		
1415	95	O	15.25	G	-		
1415	96	O	15.25	G	-		
1415	97	O	15.25	G	-		
1415	98	O	15.25	T	-		
1415	99	O	15.25	C	-		
1415	100	O	15.25	G	-		
1415	101	O	15.25	T	-		
1415	102	O	15.25	G	-		
1415	103	O	15.25	G	-		
1415	104	O	15.25	T	-		
1415	105	O	15.25	C	-		
1415	106	O	15.25	G	-		
1415	107	O	15.25	T	-		
1415	108	O	15.25	C	-		
1415	109	O	15.25	G	-		
1416	0	O	11.09	A	-		
1416	1	O	11.09	T	-		
1416	2	O	11.09	A	-		
1416	3	O	11.09	T	-		
1416	4	O	11.09	A	-		
1416	5	O	11.09	G	-		
1416	6	O	11.09	A	-		
1416	7	O	11.09	T	-		
1416	8	O	11.09	A	-		
1416	9	O	11.09	A	-		
1416	10	O	11.09	G	-		
1416	11	O	11.09	G	-		
1416	12	O	11.09	A	-		
1416	13	O	11.09	A	-		
1416	14	O	11.09	A	-		
1416	15	O	11.09	A	-		
1416	16	O	11.09	A	-		
1416	17	O	11.09	A	-		
1416	18	O	11.09	G	-		
1416	19	O	11.09	A	-		
1416	20	O	11.09	A	-		
1416	21	O	11.09	A	-		
1416	22	O	11.09	T	-		
1416	23	O	11.09	A	-		
1416	24	O	11.09	T	-		
1416	25	O	11.09	A	-		
1416	26	O	11.09	C	-		
1416	27	O	11.09	A	-		
1416	28	O	11.09	C	-		
1416	29	O	11.09	C	-		
1416	30	O	11.09	A	-		
1416	31	O	11.09	A	-		
1416	32	O	11.09	T	-		
1416	33	O	11.09	A	-		
1416	34	O	11.09	A	-		
1416	35	O	11.09	A	-		
1416	36	O	11.09	G	-		
1416	37	O	11.09	C	-		
1416	38	O	11.09	T	-		
1416	39	O	11.09	A	-		
1416	40	O	11.09	T	-		
1416	41	O	11.09	G	-		
1416	42	O	11.09	T	-		
1416	43	O	11.09	T	-		
1416	44	O	11.09	G	-		
1416	45	O	11.09	A	-		
1416	46	O	11.09	T	-		
1416	47	O	11.09	A	-		
1416	48	O	11.09	A	-		
1416	49	O	11.09	A	-		
1416	50	O	11.09	T	-		
1416	51	O	11.09	A	-		
1416	52	O	11.09	A	-		
1416	53	O	11.09	A	-		
1416	54	O	11.09	A	-		
1416	55	O	11.09	C	-		
1416	56	O	11.09	C	-		
1416	57	O	11.09	A	-		
1416	58	O	11.09	T	-		
1416	59	O	11.09	T	-		
1416	60	O	11.09	C	-		
1416	61	O	11.09	C	-		
1416	62	O	11.09	A	-		
1416	63	O	11.09	G	-		
1416	64	O	11.09	T	-		
1416	65	O	11.09	G	-		
1416	66	O	11.09	T	-		
1416	67	O	11.09	G	-		
1416	68	O	11.09	A	-		
1416	69	O	11.09	A	-		
1416	70	O	11.09	T	-		
1416	71	O	11.09	G	-		
1416	72	O	11.09	C	-		
1416	73	O	11.09	C	-		
1416	74	O	11.09	T	-		
1416	75	O	11.09	T	-		
1416	76	O	11.09	C	-		
1416	77	O	11.09	G	-		
1416	78	O	11.09	T	-		
1416	79	O	11.09	A	-		
1416	80	O	11.09	T	-		
1416	81	O	11.09	T	-		
1416	82	O	11.09	T	-		
1416	83	O	11.09	A	-		
1416	84	O	11.09	G	-		
1416	85	O	11.09	G	-		
1416	86	O	11.09	C	-		
1416	87	O	11.09	A	-		
1416	88	O	11.09	A	-		
1416	89	O	11.09	A	-		
1416	90	O	11.09	A	-		
1416	91	O	11.09	A	-		
1416	92	O	11.09	A	-		
1416	93	O	11.09	A	-		
1416	94	O	11.09	C	-		
1416	95	O	11.09	T	-		
1416	96	O	11.09	T	-		
1416	97	O	11.09	A	-		
1416	98	O	11.09	C	-		
1416	99	O	11.09	C	-		
1416	100	O	11.09	T	-		
1416	101	O	11.09	T	-		
1416	102	O	11.09	C	-		
1416	103	O	11.09	T	-		
1416	104	O	11.09	C	-		
1416	105	O	11.09	T	-		
1416	106	O	11.09	T	-		
1416	107	O	11.09	T	-		
1416	108	O	11.09	G	-		
1416	109	O	11.09	C	-		
1417	0	O	5.55	G	-		
1417	1	O	5.55	C	-		
1417	2	O	5.55	T	-		
1417	3	O	5.55	T	-		
1417	4	O	5.55	T	-		
1417	5	O	5.55	G	-		
1417	6	O	5.55	T	-		
1417	7	O	5.55	G	-		
1417	8	O	5.55	G	-		
1417	9	O	5.55	A	-		
1417	10	O	5.55	A	-		
1417	11	O	5.55	A	-		
1417	12	O	5.55	C	-		
1417	13	O	5.55	A	-		
1417	14	O	5.55	A	-		
1417	15	O	5.55	G	-		
1417	16	O	5.55	A	-		
1417	17	O	5.55	C	-		
1417	18	O	5.55	A	-		
1417	19	O	5.55	T	-		
1417	20	O	5.55	T	-		
1417	21	O	5.55	G	-		
1417	22	O	5.55	A	-		
1417	23	O	5.55	C	-		
1417	24	O	5.55	T	-		
1417	25	O	5.55	C	-		
1417	26	O	5.55	A	-		
1417	27	O	5.55	C	-		
1417	28	O	5.55	G	-		
1417	29	O	5.55	C	-		
1417	30	O	5.55	A	-		
1417	31	O	5.55	C	-		
1417	32	O	5.55	C	-		
1417	33	O	5.55	C	-		
1417	34	O	5.55	G	-		
1417	35	O	5.55	A	-		
1417	36	O	5.55	G	-		
1417	37	O	5.55	C	-		
1417	38	O	5.55	T	-		
1417	39	O	5.55	C	-		
1417	40	O	5.55	A	-		
1417	41	O	5.55	G	-		
1417	42	O	5.55	T	-		
1417	43	O	5.55	A	-		
1417	44	O	5.55	T	-		
1417	45	O	5.55	G	-		
1417	46	O	5.55	C	-		
1417	47	O	5.55	A	-		
1417	48	O	5.55	T	-		
1417	49	O	5.55	G	-		
1417	50	O	5.55	A	-		
1417	51	O	5.55	T	-		
1417	52	O	5.55	T	-		
1417	53	O	5.55	C	-		
1417	54	O	5.55	T	-		
1417	55	O	5.55	C	-		
1417	56	O	5.55	T	-		
1417	57	O	5.55	T	-		
1417	58	O	5.55	A	-		
1417	59	O	5.55	A	-		
1417	60	O	5.55	T	-		
1417	61	O	5.55	T	-		
1417	62	O	5.55	T	-		
1417	63	O	5.55	C	-		
1417	64	O	5.55	T	-		
1417	65	O	5.55	G	-		
1417	66	O	5.55	C	-		
1417	67	O	5.55	A	-		
1417	68	O	5.55	T	-		
1417	69	O	5.55	A	-		
1417	70	O	5.55	T	-		
1417	71	O	5.55	A	-		
1417	72	O	5.55	A	-		
1417	73	O	5.55	C	-		
1417	74	O	5.55	G	-		
1417	75	O	5.55	T	-		
1417	76	O	5.55	G	-		
1417	77	O	5.55	G	-		
1417	78	O	5.55	C	-		
1417	79	O	5.55	T	-		
1417	80	O	5.55	T	-		
1417	81	O	5.55	C	-		
1417	82	O	5.55	C	-		
1417	83	O	5.55	A	-		
1417	84	O	5.55	C	-		
1417	85	O	5.55	T	-		
1417	86	O	5.55	G	-		
1417	87	O	5.55	C	-		
1417	88	O	5.55	T	-		
1417	89	O	5.55	G	-		
1417	90	O	5.55	G	-		
1417	91	O	5.55	G	-		
1417	92	O	5.55	A	-		
1417	93	O	5.55	C	-		
1417	94	O	5.55	T	-		
1417	95	O	5.55	A	-		
1417	96	O	5.55	T	-		
1417	97	O	5.55	G	-		
1417	98	O	5.55	C	-		
1417	99	O	5.55	A	-		
1417	100	O	5.55	C	-		
1417	101	O	5.55	A	-		
1417	102	O	5.55	C	-		
1417	103	O	5.55	A	-		
1417	104	O	5.55	A	-		
1417	105	O	5.55	T	-		
1417	106	O	5.55	A	-		
1417	107	O	5.55	A	-		
1417	108	O	5.55	G	-		
1417	109	O	5.55	C	-		
1418	0	O	8.32	A	-		
1418	1	O	8.32	A	-		
1418	2	O	8.32	G	-		
1418	3	O	8.32	A	-		
1418	4	O	8.32	A	-		
1418	5	O	8.32	A	-		
1418	6	O	8.32	G	-		
1418	7	O	8.32	G	-		
1418	8	O	8.32	T	-		
1418	9	O	8.32	G	-		
1418	10	O	8.32	A	-		
1418	11	O	8.32	A	-		
1418	12	O	8.32	A	-		
1418	13	O	8.32	C	-		
1418	14	U	0.71	T	G		
1418	15	O	8.32	G	-		
1418	16	O	8.32	G	-		
1418	17	O	8.32	T	-		
1418	18	O	8.32	G	-		
1418	19	O	8.32	A	-		
1418	20	O	8.32	A	-		
1418	21	O	8.32	A	-		
1418	22	O	8.32	G	-		
1418	23	O	8.32	C	-		
1418	24	O	8.32	A	-		
1418	25	O	8.32	A	-		
1418	26	O	8.32	A	-		
1418	27	O	8.32	G	-		
1418	28	O	8.32	C	-		
1418	29	O	8.32	T	-		
1418	30	O	8.32	A	-		
1418	31	O	8.32	G	-		
1418	32	O	8.32	G	-		
1418	33	O	8.32	A	-		
1418	34	O	8.32	G	-		
1418	35	O	8.32	G	-		
1418	36	O	8.32	T	-		
1418	37	O	8.32	C	-		
1418	38	O	8.32	C	-		
1418	39	O	8.32	A	-		
1418	40	O	8.32	G	-		
1418	41	O	8.32	C	-		
1418	42	O	8.32	T	-		
1418	43	O	8.32	T	-		
1418	44	O	8.32	C	-		
1418	45	O	8.32	T	-		
1418	46	O	8.32	A	-		
1418	47	O	8.32	C	-		
1418	48	O	8.32	A	-		
1418	49	O	8.32	T	-		
1418	50	O	8.32	G	-		
1418	51	O	8.32	T	-		
1418	52	O	8.32	A	-		
1418	53	O	8.32	A	-		
1418	54	O	8.32	A	-		
1418	55	O	8.32	A	-		
1418	56	O	8.32	A	-		
1418	57	O	8.32	G	-		
1418	58	O	8.32	C	-		
1418	59	O	8.32	A	-		
1418	60	O	8.32	C	-		
1418	61	O	8.32	T	-		
1418	62	O	8.32	A	-		
1418	63	O	8.32	T	-		
1418	64	O	8.32	C	-		
1418	65	O	8.32	A	-		
1418	66	O	8.32	G	-		
1418	67	O	8.32	A	-		
1418	68	O	8.32	A	-		
1418	69	O	8.32	T	-		
1418	70	O	8.32	G	-		
1418	71	O	8.32	T	-		
1418	72	O	8.32	T	-		
1418	73	O	8.32	C	-		
1418	74	O	8.32	G	-		
1418	75	O	8.32	A	-		
1418	76	O	8.32	G	-		
1418	77	O	8.32	A	-		
1418	78	O	8.32	A	-		
1418	79	O	8.32	G	-		
1418	80	O	8.32	T	-		
1418	81	O	8.32	C	-		
1418	82	O	8.32	C	-		
1418	83	O	8.32	G	-		
1418	84	O	8.32	G	-		
1418	85	O	8.32	G	-		
1418	86	O	8.32	G	-		
1418	87	O	8.32	T	-		
1418	88	O	8.32	A	-		
1418	89	O	8.32	A	-		
1418	90	O	8.32	A	-		
1418	91	O	8.32	G	-		
1418	92	O	8.32	G	-		
1418	93	O	8.32	A	-		
1418	94	O	8.32	A	-		
1418	95	O	8.32	A	-		
1418	96	O	8.32	A	-		
1418	97	O	8.32	A	-		
1418	98	O	8.32	T	-		
1418	99	O	8.32	T	-		
1418	100	O	8.32	A	-		
1418	101	O	8.32	G	-		
1418	102	O	8.32	A	-		
1418	103	O	8.32	A	-		
1418	104	O	8.32	G	-		
1418	105	O	8.32	A	-		
1418	106	O	8.32	T	-		
1418	107	O	8.32	G	-		
1418	108	O	8.32	G	-		
1418	109	O	8.32	T	-		
1419	0	O	15.25	T	-		
1419	1	O	15.25	G	-		
1419	2	O	15.25	G	-		
1419	3	O	15.25	G	-		
1419	4	O	15.25	T	-		
1419	5	O	15.25	A	-		
1419	6	O	15.25	C	-		
1419	7	O	15.25	C	-		
1419	8	O	15.25	A	-		
1419	9	O	15.25	T	-		
1419	10	O	15.25	C	-		
1419	11	O	15.25	G	-		
1419	12	O	15.25	T	-		
1419	13	O	15.25	A	-		
1419	14	O	15.25	G	-		
1419	15	O	15.25	T	-		
1419	16	O	15.25	C	-		
1419	17	O	15.25	C	-		
1419	18	O	15.25	A	-		
1419	19	O	15.25	T	-		
1419	20	O	15.25	C	-		
1419	21	O	15.25	G	-		
1419	22	O	15.25	T	-		
1419	23	O	15.25	C	-		
1419	24	O	15.25	A	-		
1419	25	O	15.25	T	-		
1419	26	O	15.25	C	-		
1419	27	O	15.25	T	-		
1419	28	O	15.25	A	-		
1419	29	O	15.25	C	-		
1419	30	O	15.25	T	-		
1419	31	O	15.25	C	-		
1419	32	O	15.25	T	-		
1419	33	O	15.25	C	-		
1419	34	O	15.25	G	-		
1419	35	O	15.25	T	-		
1419	36	O	15.25	T	-		
1419	37	O	15.25	C	-		
1419	38	O	15.25	C	-		
1419	39	O	15.25	G	-		
1419	40	O	15.25	T	-		
1419	41	O	15.25	C	-		
1419	42	O	15.25	C	-		
1419	43	O	15.25	G	-		
1419	44	O	15.25	G	-		
1419	45	O	15.25	G	-		
1419	46	O	15.25	G	-		
1419	47	O	15.25	C	-		
1419	48	O	15.25	C	-		
1419	49	O	15.25	T	-		
1419	50	O	15.25	G	-		
1419	51	O	15.25	T	-		
1419	52	O	15.25	T	-		
1419	53	O	15.25	G	-		
1419	54	O	15.25	G	-		
1419	55	O	15.25	T	-		
1419	56	O	15.25	C	-		
1419	57	O	15.25	A	-		
1419	58	O	15.25	G	-		
1419	59	O	15.25	C	-		
1419	60	O	15.25	T	-		
1419	61	O	15.25	T	-		
1419	62	O	15.25	T	-		
1419	63	O	15.25	G	-		
1419	64	O	15.25	T	-		
1419	65	O	15.25	C	-		
1419	66	O	15.25	C	-		
1419	67	O	15.25	A	-		
1419	68	O	15.25	C	-		
1419	69	O	15.25	T	-		
1419	70	O	15.25	T	-		
1419	71	O	15.25	T	-		
1419	72	O	15.25	C	-		
1419	73	O	15.25	A	-		
1419	74	O	15.25	A	-		
1419	75	O	15.25	G	-		
1419	76	O	15.25	C	-		
1419	77	O	15.25	A	-		
1419	78	O	15.25	G	-		
1419	79	O	15.25	T	-		
1419	80	O	15.25	C	-		
1419	81	O	15.25	A	-		
1419	82	O	15.25	A	-		
1419	83	O	15.25	G	-		
1419	84	O	15.25	C	-		
1419	85	O	15.25	G	-		
1419	86	O	15.25	T	-		
1419	87	O	15.25	A	-		
1419	88	O	15.25	C	-		
1419	89	O	15.25	G	-		
1419	90	O	15.25	A	-		
1419	91	O	15.25	T	-		
1419	92	O	15.25	G	-		
1419	93	O	15.25	T	-		
1419	94	O	15.25	G	-		
1419	95	O	15.25	G	-		
1419	96	O	15.25	C	-		
1419	97	O	15.25	A	-		
1419	98	O	15.25	G	-		
1419	99	O	15.25	A	-		
1419	100	O	15.25	A	-		
1419	101	O	15.25	T	-		
1419	102	O	15.25	C	-		
1419	103	O	15.25	T	-		
1419	104	O	15.25	G	-		
1419	105	O	15.25	G	-		
1419	106	O	15.25	T	-		
1419	107	O	15.25	T	-		
1419	108	O	15.25	G	-		
1419	109	O	15.25	A	-		
1420	0	O	15.25	G	-		
1420	1	O	15.25	G	-		
1420	2	O	15.25	T	-		
1420	3	O	15.25	A	-		
1420	4	O	15.25	G	-		
1420	5	O	15.25	C	-		
1420	6	O	15.25	T	-		
1420	7	O	15.25	A	-		
1420	8	O	15.25	A	-		
1420	9	O	15.25	C	-		
1420	10	O	15.25	A	-		
1420	11	O	15.25	A	-		
1420	12	O	15.25	T	-		
1420	13	O	15.25	C	-		
1420	14	U	0.42	G	A		
1420	15	O	15.25	A	-		
1420	16	O	15.25	T	-		
1420	17	O	15.25	T	-		
1420	18	O	15.25	C	-		
1420	19	O	15.25	A	-		
1420	20	O	15.25	C	-		
1420	21	O	15.25	T	-		
1420	22	O	15.25	T	-		
1420	23	O	15.25	T	-		
1420	24	O	15.25	G	-		
1420	25	O	15.25	T	-		
1420	26	O	15.25	T	-		
1420	27	O	15.25	A	-		
1420	28	O	15.25	A	-		
1420	29	O	15.25	T	-		
1420	30	O	15.25	A	-		
1420	31	O	15.25	C	-		
1420	32	O	15.25	T	-		
1420	33	O	15.25	C	-		
1420	34	O	15.25	G	-		
1420	35	O	15.25	C	-		
1420	36	O	15.25	T	-		
1420	37	O	15.25	C	-		
1420	38	O	15.25	A	-		
1420	39	O	15.25	T	-		
1420	40	O	15.25	C	-		
1420	41	O	15.25	T	-		
1420	42	O	15.25	A	-		
1420	43	O	15.25	C	-		
1420	44	O	15.25	G	-		
1420	45	O	15.25	A	-		
1420	46	O	15.25	T	-		
1420	47	O	15.25	A	-		
1420	48	O	15.25	C	-		
1420	49	O	15.25	G	-		
1420	50	O	15.25	T	-		
1420	51	O	15.25	C	-		
1420	52	O	15.25	C	-		
1420	53	O	15.25	T	-		
1420	54	O	15.25	C	-		
1420	55	O	15.25	T	-		
1420	56	O	15.25	T	-		
1420	57	O	15.25	A	-		
1420	58	O	15.25	A	-		
1420	59	O	15.25	T	-		
1420	60	O	15.25	C	-		
1420	61	O	15.25	T	-		
1420	62	O	15.25	T	-		
1420	63	O	15.25	G	-		
1420	64	O	15.25	G	-		
1420	65	O	15.25	A	-		
1420	66	O	15.25	G	-		
1420	67	O	15.25	A	-		
1420	68	O	15.25	T	-		
1420	69	O	15.25	G	-		
1420	70	O	15.25	C	-		
1420	71	O	15.25	T	-		
1420	72	O	15.25	C	-		
1420	73	O	15.25	T	-		
1420	74	O	15.25	T	-		
1420	75	O	15.25	C	-		
1420	76	O	15.25	C	-		
1420	77	O	15.25	A	-		
1420	78	O	15.25	A	-		
1420	79	O	15.25	A	-		
1420	80	O	15.25	T	-		
1420	81	O	15.25	G	-		
1420	82	O	15.25	T	-		
1420	83	O	15.25	G	-		
1420	84	O	15.25	T	-		
1420	85	O	15.25	T	-		
1420	86	O	15.25	G	-		
1420	87	O	15.25	A	-		
1420	88	O	15.25	C	-		
1420	89	O	15.25	C	-		
1420	90	O	15.25	T	-		
1420	91	O	15.25	T	-		
1420	92	O	15.25	T	-		
1420	93	O	15.25	G	-		
1420	94	O	15.25	T	-		
1420	95	O	15.25	T	-		
1420	96	O	15.25	G	-		
1420	97	O	15.25	T	-		
1420	98	O	15.25	C	-		
1420	99	O	15.25	C	-		
1420	100	O	15.25	T	-		
1420	101	O	15.25	T	-		
1420	102	O	15.25	C	-		
1420	103	O	15.25	G	-		
1420	104	O	15.25	A	-		
1420	105	O	15.25	T	-		
1420	106	O	15.25	T	-		
1420	107	O	15.25	C	-		
1420	108	O	15.25	A	-		
1420	109	O	15.25	A	-		
1421	0	O	8.32	A	-		
1421	1	O	8.32	G	-		
1421	2	O	8.32	T	-		
1421	3	O	8.32	G	-		
1421	4	O	8.32	G	-		
1421	5	O	8.32	T	-		
1421	6	O	8.32	C	-		
1421	7	O	8.32	A	-		
1421	8	O	8.32	T	-		
1421	9	O	8.32	G	-		
1421	10	O	8.32	C	-		
1421	11	O	8.32	A	-		
1421	12	O	8.32	G	-		
1421	13	O	8.32	G	-		
1421	14	O	8.32	C	-		
1421	15	O	8.32	G	-		
1421	16	O	8.32	G	-		
1421	17	O	8.32	A	-		
1421	18	O	8.32	C	-		
1421	19	O	8.32	C	-		
1421	20	O	8.32	C	-		
1421	21	O	8.32	G	-		
1421	22	O	8.32	C	-		
1421	23	O	8.32	A	-		
1421	24	O	8.32	G	-		
1421	25	O	8.32	G	-		
1421	26	O	8.32	A	-		
1421	27	O	8.32	G	-		
1421	28	O	8.32	A	-		
1421	29	O	8.32	T	-		
1421	30	O	8.32	C	-		
1421	31	O	8.32	A	-		
1421	32	O	8.32	C	-		
1421	33	U	0.71	G	A		
1421	34	O	8.32	A	-		
1421	35	O	8.32	A	-		
1421	36	O	8.32	C	-		
1421	37	O	8.32	C	-		
1421	38	O	8.32	T	-		
1421	39	O	8.32	G	-		
1421	40	O	8.32	G	-		
1421	41	O	8.32	C	-		
1421	42	O	8.32	G	-		
1421	43	O	8.32	A	-		
1421	44	O	8.32	A	-		
1421	45	O	8.32	C	-		
1421	46	O	8.32	A	-		
1421	47	O	8.32	A	-		
1421	48	O	8.32	G	-		
1421	49	O	8.32	C	-		
1421	50	O	8.32	C	-		
1421	51	O	8.32	C	-		
1421	52	O	8.32	G	-		
1421	53	O	8.32	A	-		
1421	54	O	8.32	G	-		
1421	55	U	0.71	T	A		
1421	56	O	8.32	T	-		
1421	57	O	8.32	C	-		
1421	58	O	8.32	G	-		
1421	59	O	8.32	C	-		
1421	60	O	8.32	C	-		
1421	61	O	8.32	G	-		
1421	62	O	8.32	G	-		
1421	63	O	8.32	G	-		
1421	64	O	8.32	C	-		
1421	65	O	8.32	G	-		
1421	66	U	0.71	T	G		
1421	67	O	8.32	G	-		
1421	68	O	8.32	T	-		
1421	69	O	8.32	G	-		
1421	70	O	8.32	A	-		
1421	71	O	8.32	A	-		
1421	72	O	8.32	G	-		
1421	73	O	8.32	G	-		
1421	74	O	8.32	A	-		
1421	75	O	8.32	G	-		
1421	76	O	8.32	A	-		
1421	77	O	8.32	T	-		
1421	78	O	8.32	G	-		
1421	79	O	8.32	C	-		
1421	80	O	8.32	G	-		
1421	81	O	8.32	G	-		
1421	82	O	8.32	G	-		
1421	83	O	8.32	A	-		
1421	84	O	8.32	A	-		
1421	85	O	8.32	C	-		
1421	86	O	8.32	T	-		
1421	87	O	8.32	T	-		
1421	88	O	8.32	C	-		
1421	89	O	8.32	T	-		
1421	90	O	8.32	C	-		
1421	91	O	8.32	G	-		
1421	92	O	8.32	C	-		
1421	93	O	8.32	G	-		
1421	94	O	8.32	G	-		
1421	95	O	8.32	C	-		
1421	96	O	8.32	C	-		
1421	97	O	8.32	G	-		
1421	98	O	8.32	A	-		
1421	99	O	8.32	G	-		
1421	100	O	8.32	C	-		
1421	101	O	8.32	A	-		
1421	102	O	8.32	A	-		
1421	103	O	8.32	C	-		
1421	104	O	8.32	A	-		
1421	105	O	8.32	C	-		
1421	106	O	8.32	A	-		
1421	107	O	8.32	A	-		
1421	108	O	8.32	G	-		
1421	109	O	8.32	T	-		
1422	0	O	18.02	T	-		
1422	1	O	18.02	C	-		
1422	2	O	18.02	G	-		
1422	3	O	18.02	T	-		
1422	4	O	18.02	C	-		
1422	5	O	18.02	C	-		
1422	6	O	18.02	T	-		
1422	7	O	18.02	C	-		
1422	8	O	18.02	C	-		
1422	9	O	18.02	C	-		
1422	10	O	18.02	G	-		
1422	11	O	18.02	T	-		
1422	12	O	18.02	C	-		
1422	13	O	18.02	A	-		
1422	14	O	18.02	C	-		
1422	15	O	18.02	A	-		
1422	16	O	18.02	C	-		
1422	17	O	18.02	C	-		
1422	18	O	18.02	G	-		
1422	19	O	18.02	A	-		
1422	20	O	18.02	T	-		
1422	21	O	18.02	G	-		
1422	22	O	18.02	G	-		
1422	23	O	18.02	T	-		
1422	24	O	18.02	T	-		
1422	25	O	18.02	T	-		
1422	26	O	18.02	G	-		
1422	27	O	18.02	T	-		
1422	28	O	18.02	G	-		
1422	29	O	18.02	T	-		
1422	30	O	18.02	G	-		
1422	31	O	18.02	T	-		
1422	32	O	18.02	G	-		
1422	33	O	18.02	T	-		
1422	34	O	18.02	A	-		
1422	35	O	18.02	G	-		
1422	36	O	18.02	G	-		
1422	37	O	18.02	C	-		
1422	38	O	18.02	G	-		
1422	39	O	18.02	G	-		
1422	40	O	18.02	T	-		
1422	41	O	18.02	A	-		
1422	42	O	18.02	G	-		
1422	43	O	18.02	C	-		
1422	44	O	18.02	A	-		
1422	45	O	18.02	C	-		
1422	46	O	18.02	T	-		
1422	47	O	18.02	G	-		
1422	48	O	18.02	C	-		
1422	49	O	18.02	T	-		
1422	50	O	18.02	A	-		
1422	51	O	18.02	C	-		
1422	52	O	18.02	C	-		
1422	53	O	18.02	C	-		
1422	54	O	18.02	G	-		
1422	55	O	18.02	A	-		
1422	56	O	18.02	A	-		
1422	57	O	18.02	A	-		
1422	58	O	18.02	A	-		
1422	59	O	18.02	T	-		
1422	60	O	18.02	A	-		
1422	61	O	18.02	T	-		
1422	62	O	18.02	C	-		
1422	63	O	18.02	C	-		
1422	64	O	18.02	G	-		
1422	65	O	18.02	C	-		
1422	66	O	18.02	C	-		
1422	67	O	18.02	T	-		
1422	68	O	18.02	T	-		
1422	69	O	18.02	G	-		
1422	70	O	18.02	T	-		
1422	71	O	18.02	T	-		
1422	72	O	18.02	C	-		
1422	73	O	18.02	T	-		
1422	74	O	18.02	C	-		
1422	75	O	18.02	A	-		
1422	76	O	18.02	C	-		
1422	77	O	18.02	T	-		
1422	78	O	18.02	C	-		
1422	79	O	18.02	A	-		
1422	80	O	18.02	C	-		
1422	81	O	18.02	G	-		
1422	82	O	18.02	G	-		
1422	83	O	18.02	G	-		
1422	84	O	18.02	A	-		
1422	85	O	18.02	C	-		
1422	86	O	18.02	C	-		
1422	87	O	18.02	C	-		
1422	88	O	18.02	G	-		
1422	89	O	18.02	A	-		
1422	90	O	18.02	C	-		
1422	91	O	18.02	C	-		
1422	92	O	8.77	G	-		
1422	93	O	18.02	G	-		
1422	94	O	18.02	C	-		
1422	95	O	18.02	A	-		
1422	96	O	18.02	A	-		
1422	97	O	18.02	A	-		
1422	98	O	18.02	T	-		
1422	99	O	18.02	G	-		
1422	100	O	18.02	C	-		
1422	101	O	18.02	G	-		
1422	102	O	18.02	C	-		
1422	103	O	18.02	C	-		
1422	104	O	18.02	G	-		
1422	105	O	18.02	C	-		
1422	106	O	18.02	T	-		
1422	107	O	18.02	T	-		
1422	108	O	18.02	T	-		
1422	109	O	18.02	C	-		
1423	0	O	5.55	A	-		
1423	1	O	5.55	G	-		
1423	2	O	5.55	A	-		
1423	3	O	5.55	G	-		
1423	4	O	5.55	G	-		
1423	5	O	5.55	C	-		
1423	6	O	5.55	G	-		
1423	7	O	5.55	A	-		
1423	8	O	5.55	T	-		
1423	9	O	5.55	T	-		
1423	10	O	5.55	A	-		
1423	11	O	5.55	C	-		
1423	12	O	5.55	A	-		
1423	13	O	5.55	C	-		
1423	14	O	5.55	T	-		
1423	15	O	5.55	C	-		
1423	16	O	5.55	G	-		
1423	17	O	5.55	A	-		
1423	18	O	5.55	T	-		
1423	19	O	5.55	A	-		
1423	20	O	5.55	A	-		
1423	21	O	5.55	A	-		
1423	22	O	5.55	T	-		
1423	23	O	5.55	G	-		
1423	24	O	5.55	T	-		
1423	25	O	5.55	G	-		
1423	26	O	5.55	A	-		
1423	27	O	5.55	G	-		
1423	28	O	5.55	A	-		
1423	29	O	5.55	T	-		
1423	30	O	5.55	G	-		
1423	31	O	5.55	C	-		
1423	32	O	5.55	T	-		
1423	33	O	5.55	G	-		
1423	34	O	5.55	A	-		
1423	35	O	5.55	C	-		
1423	36	O	5.55	A	-		
1423	37	O	5.55	A	-		
1423	38	O	5.55	T	-		
1423	39	O	5.55	G	-		
1423	40	O	5.55	C	-		
1423	41	O	5.55	T	-		
1423	42	O	5.55	G	-		
1423	43	O	5.55	A	-		
1423	44	O	5.55	C	-		
1423	45	O	5.55	A	-		
1423	46	O	5.55	G	-		
1423	47	O	5.55	C	-		
1423	48	O	5.55	T	-		
1423	49	O	5.55	A	-		
1423	50	O	5.55	G	-		
1423	51	O	5.55	C	-		
1423	52	O	5.55	A	-		
1423	53	O	5.55	C	-		
1423	54	O	5.55	G	-		
1423	55	O	5.55	C	-		
1423	56	O	5.55	A	-		
1423	57	O	5.55	G	-		
1423	58	O	5.55	C	-		
1423	59	O	5.55	T	-		
1423	60	O	5.55	G	-		
1423	61	O	5.55	A	-		
1423	62	O	5.55	G	-		
1423	63	O	5.55	G	-		
1423	64	O	5.55	T	-		
1423	65	O	5.55	C	-		
1423	66	O	5.55	C	-		
1423	67	O	5.55	C	-		
1423	68	O	5.55	A	-		
1423	69	O	5.55	C	-		
1423	70	O	5.55	T	-		
1423	71	O	5.55	G	-		
1423	72	O	5.55	T	-		
1423	73	O	5.55	G	-		
1423	74	O	5.55	G	-		
1423	75	O	5.55	T	-		
1423	76	O	5.55	A	-		
1423	77	O	5.55	G	-		
1423	78	O	5.55	A	-		
1423	79	O	5.55	A	-		
1423	80	O	5.55	C	-		
1423	81	O	5.55	A	-		
1423	82	O	5.55	G	-		
1423	83	O	5.55	C	-		
1423	84	O	5.55	A	-		
1423	85	O	5.55	A	-		
1423	86	O	5.55	C	-		
1423	87	O	5.55	C	-		
1423	88	O	5.55	C	-		
1423	89	O	5.55	T	-		
1423	90	O	5.55	A	-		
1423	91	O	5.55	A	-		
1423	92	O	5.55	T	-		
1423	93	O	5.55	C	-		
1423	94	O	5.55	C	-		
1423	95	O	5.55	C	-		
1423	96	O	5.55	T	-		
1423	97	O	5.55	G	-		
1423	98	O	5.55	T	-		
1423	99	O	5.55	G	-		
1423	100	O	5.55	A	-		
1423	101	O	5.55	T	-		
1423	102	O	5.55	T	-		
1423	103	O	5.55	C	-		
1423	104	O	5.55	A	-		
1423	105	O	5.55	G	-		
1423	106	O	5.55	C	-		
1423	107	O	5.55	G	-		
1423	108	O	5.55	T	-		
1423	109	O	5.55	A	-		
1424	0	O	6.93	T	-		
1424	1	O	6.93	T	-		
1424	2	O	6.93	T	-		
1424	3	O	6.93	T	-		
1424	4	O	6.93	C	-		
1424	5	O	6.93	G	-		
1424	6	O	6.93	T	-		
1424	7	O	6.93	T	-		
1424	8	O	6.93	G	-		
1424	9	O	6.93	T	-		
1424	10	O	6.93	G	-		
1424	11	O	6.93	T	-		
1424	12	O	6.93	T	-		
1424	13	O	6.93	C	-		
1424	14	O	6.93	T	-		
1424	15	O	6.93	T	-		
1424	16	O	6.93	G	-		
1424	17	O	6.93	G	-		
1424	18	O	6.93	A	-		
1424	19	O	6.93	T	-		
1424	20	O	6.93	C	-		
1424	21	O	6.93	G	-		
1424	22	O	6.93	T	-		
1424	23	O	6.93	T	-		
1424	24	O	6.93	T	-		
1424	25	O	6.93	T	-		
1424	26	O	6.93	G	-		
1424	27	O	6.93	C	-		
1424	28	O	6.93	C	-		
1424	29	O	6.93	A	-		
1424	30	O	6.93	A	-		
1424	31	O	6.93	A	-		
1424	32	O	6.93	G	-		
1424	33	O	6.93	A	-		
1424	34	O	6.93	C	-		
1424	35	O	6.93	A	-		
1424	36	O	6.93	A	-		
1424	37	O	6.93	T	-		
1424	38	O	6.93	G	-		
1424	39	O	6.93	A	-		
1424	40	O	6.93	T	-		
1424	41	O	6.93	G	-		
1424	42	O	6.93	T	-		
1424	43	O	6.93	C	-		
1424	44	O	6.93	G	-		
1424	45	O	6.93	T	-		
1424	46	O	6.93	C	-		
1424	47	O	6.93	C	-		
1424	48	O	6.93	A	-		
1424	49	O	6.93	A	-		
1424	50	O	6.93	G	-		
1424	51	O	6.93	T	-		
1424	52	O	6.93	A	-		
1424	53	O	6.93	G	-		
1424	54	O	6.93	A	-		
1424	55	O	6.93	C	-		
1424	56	O	6.93	A	-		
1424	57	O	6.93	T	-		
1424	58	O	6.93	G	-		
1424	59	O	6.93	A	-		
1424	60	O	6.93	C	-		
1424	61	O	6.93	A	-		
1424	62	O	6.93	T	-		
1424	63	O	6.93	T	-		
1424	64	O	6.93	T	-		
1424	65	O	6.93	G	-		
1424	66	O	6.93	T	-		
1424	67	O	6.93	T	-		
1424	68	O	6.93	A	-		
1424	69	O	6.93	T	-		
1424	70	O	6.93	A	-		
1424	71	O	6.93	T	-		
1424	72	O	6.93	T	-		
1424	73	O	6.93	T	-		
1424	74	O	6.93	C	-		
1424	75	U	-0.27	A	G		
1424	76	O	6.93	G	-		
1424	77	O	6.93	T	-		
1424	78	O	6.93	C	-		
1424	79	O	6.93	C	-		
1424	80	O	6.93	G	-		
1424	81	O	6.93	C	-		
1424	82	O	6.93	T	-		
1424	83	O	6.93	G	-		
1424	84	O	6.93	A	-		
1424	85	O	6.93	G	-		
1424	86	O	6.93	T	-		
1424	87	O	6.93	A	-		
1424	88	O	6.93	C	-		
1424	89	O	6.93	C	-		
1424	90	O	6.93	T	-		
1424	91	O	6.93	T	-		
1424	92	O	6.93	G	-		
1424	93	O	6.93	T	-		
1424	94	O	6.93	C	-		
1424	95	O	6.93	C	-		
1424	96	O	6.93	A	-		
1424	97	O	6.93	T	-		
1424	98	O	6.93	C	-		
1424	99	O	6.93	A	-		
1424	100	O	6.93	A	-		
1424	101	O	6.93	T	-		
1424	102	O	6.93	C	-		
1424	103	O	6.93	G	-		
1424	104	O	6.93	T	-		
1424	105	O	6.93	T	-		
1424	106	O	6.93	G	-		
1424	107	O	6.93	G	-		
1424	108	O	6.93	A	-		
1424	109	O	6.93	A	-		
1425	0	O	5.55	C	-		
1425	1	O	5.55	T	-		
1425	2	O	5.55	C	-		
1425	3	O	5.55	A	-		
1425	4	O	5.55	C	-		
1425	5	O	5.55	A	-		
1425	6	O	5.55	A	-		
1425	7	O	5.55	A	-		
1425	8	O	5.55	G	-		
1425	9	O	5.55	G	-		
1425	10	O	5.55	A	-		
1425	11	O	5.55	G	-		
1425	12	O	5.55	C	-		
1425	13	O	5.55	G	-		
1425	14	O	5.55	A	-		
1425	15	O	5.55	C	-		
1425	16	O	5.55	A	-		
1425	17	O	5.55	C	-		
1425	18	O	5.55	T	-		
1425	19	O	5.55	T	-		
1425	20	O	5.55	C	-		
1425	21	O	5.55	A	-		
1425	22	O	5.55	T	-		
1425	23	O	5.55	T	-		
1425	24	O	5.55	C	-		
1425	25	O	5.55	C	-		
1425	26	O	5.55	C	-		
1425	27	O	5.55	G	-		
1425	28	O	5.55	T	-		
1425	29	O	5.55	C	-		
1425	30	O	5.55	G	-		
1425	31	O	5.55	T	-		
1425	32	O	5.55	T	-		
1425	33	O	5.55	T	-		
1425	34	O	5.55	C	-		
1425	35	O	5.55	T	-		
1425	36	O	5.55	A	-		
1425	37	O	5.55	T	-		
1425	38	O	5.55	G	-		
1425	39	O	5.55	T	-		
1425	40	O	5.55	A	-		
1425	41	O	5.55	T	-		
1425	42	O	5.55	G	-		
1425	43	O	5.55	C	-		
1425	44	O	5.55	T	-		
1425	45	O	5.55	G	-		
1425	46	O	5.55	A	-		
1425	47	O	5.55	G	-		
1425	48	O	5.55	A	-		
1425	49	O	5.55	A	-		
1425	50	O	5.55	C	-		
1425	51	O	5.55	G	-		
1425	52	O	5.55	T	-		
1425	53	O	5.55	C	-		
1425	54	O	5.55	G	-		
1425	55	O	5.55	C	-		
1425	56	O	5.55	T	-		
1425	57	O	5.55	C	-		
1425	58	O	5.55	G	-		
1425	59	O	5.55	A	-		
1425	60	O	5.55	G	-		
1425	61	O	5.55	T	-		
1425	62	O	5.55	C	-		
1425	63	O	5.55	C	-		
1425	64	O	5.55	T	-		
1425	65	O	5.55	C	-		
1425	66	O	5.55	T	-		
1425	67	O	5.55	G	-		
1425	68	O	5.55	C	-		
1425	69	O	5.55	C	-		
1425	70	O	5.55	G	-		
1425	71	O	5.55	A	-		
1425	72	O	5.55	G	-		
1425	73	O	5.55	A	-		
1425	74	O	5.55	C	-		
1425	75	O	5.55	G	-		
1425	76	O	5.55	T	-		
1425	77	O	5.55	C	-		
1425	78	O	5.55	T	-		
1425	79	O	5.55	T	-		
1425	80	O	5.55	C	-		
1425	81	O	5.55	T	-		
1425	82	O	5.55	C	-		
1425	83	O	5.55	T	-		
1425	84	O	5.55	A	-		
1425	85	O	5.55	A	-		
1425	86	O	5.55	A	-		
1425	87	O	5.55	C	-		
1425	88	O	5.55	A	-		
1425	89	O	5.55	C	-		
1425	90	O	5.55	G	-		
1425	91	O	5.55	G	-		
1425	92	O	5.55	A	-		
1425	93	O	5.55	C	-		
1425	94	O	5.55	T	-		
1425	95	O	5.55	C	-		
1425	96	O	5.55	C	-		
1425	97	O	5.55	C	-		
1425	98	O	5.55	G	-		
1425	99	O	5.55	C	-		
1425	100	O	5.55	T	-		
1425	101	O	5.55	C	-		
1425	102	O	5.55	T	-		
1425	103	O	5.55	A	-		
1425	104	O	5.55	T	-		
1425	105	O	5.55	G	-		
1425	106	O	5.55	C	-		
1425	107	O	5.55	C	-		
1425	108	O	5.55	T	-		
1425	109	O	5.55	T	-		
1426	0	O	6.93	T	-		
1426	1	O	6.93	T	-		
1426	2	O	6.93	T	-		
1426	3	O	6.93	A	-		
1426	4	O	6.93	A	-		
1426	5	O	6.93	A	-		
1426	6	O	6.93	A	-		
1426	7	O	6.93	A	-		
1426	8	O	6.93	T	-		
1426	9	O	6.93	A	-		
1426	10	O	6.93	A	-		
1426	11	O	6.93	T	-		
1426	12	O	6.93	A	-		
1426	13	O	6.93	C	-		
1426	14	O	6.93	A	-		
1426	15	O	6.93	T	-		
1426	16	O	6.93	A	-		
1426	17	O	6.93	T	-		
1426	18	O	6.93	T	-		
1426	19	O	6.93	C	-		
1426	20	O	6.93	T	-		
1426	21	O	6.93	C	-		
1426	22	O	6.93	T	-		
1426	23	O	6.93	T	-		
1426	24	O	6.93	T	-		
1426	25	O	6.93	C	-		
1426	26	O	6.93	A	-		
1426	27	O	6.93	A	-		
1426	28	O	6.93	G	-		
1426	29	O	6.93	A	-		
1426	30	O	6.93	T	-		
1426	31	O	6.93	T	-		
1426	32	O	6.93	T	-		
1426	33	O	6.93	T	-		
1426	34	O	6.93	C	-		
1426	35	O	6.93	A	-		
1426	36	O	6.93	A	-		
1426	37	O	6.93	T	-		
1426	38	O	6.93	T	-		
1426	39	O	6.93	A	-		
1426	40	O	6.93	A	-		
1426	41	O	6.93	G	-		
1426	42	O	6.93	G	-		
1426	43	O	6.93	C	-		
1426	44	O	6.93	C	-		
1426	45	O	6.93	A	-		
1426	46	O	6.93	A	-		
1426	47	O	6.93	C	-		
1426	48	O	6.93	A	-		
1426	49	O	6.93	C	-		
1426	50	O	6.93	C	-		
1426	51	O	6.93	A	-		
1426	52	O	6.93	G	-		
1426	53	O	6.93	C	-		
1426	54	O	6.93	A	-		
1426	55	O	6.93	T	-		
1426	56	O	6.93	G	-		
1426	57	O	6.93	T	-		
1426	58	O	6.93	G	-		
1426	59	O	6.93	T	-		
1426	60	O	6.93	G	-		
1426	61	O	6.93	T	-		
1426	62	O	6.93	A	-		
1426	63	O	6.93	C	-		
1426	64	O	6.93	A	-		
1426	65	O	6.93	A	-		
1426	66	O	6.93	G	-		
1426	67	O	6.93	T	-		
1426	68	O	6.93	T	-		
1426	69	O	6.93	T	-		
1426	70	O	6.93	C	-		
1426	71	O	6.93	C	-		
1426	72	O	6.93	T	-		
1426	73	O	6.93	A	-		
1426	74	O	6.93	A	-		
1426	75	O	6.93	T	-		
1426	76	O	6.93	C	-		
1426	77	O	6.93	T	-		
1426	78	O	6.93	G	-		
1426	79	O	6.93	C	-		
1426	80	O	6.93	T	-		
1426	81	O	6.93	T	-		
1426	82	O	6.93	T	-		
1426	83	O	6.93	A	-		
1426	84	O	6.93	A	-		
1426	85	O	6.93	A	-		
1426	86	O	6.93	A	-		
1426	87	O	6.93	G	-		
1426	88	O	6.93	C	-		
1426	89	O	6.93	T	-		
1426	90	O	6.93	G	-		
1426	91	O	6.93	T	-		
1426	92	O	6.93	T	-		
1426	93	O	6.93	A	-		
1426	94	O	6.93	G	-		
1426	95	O	6.93	T	-		
1426	96	O	6.93	C	-		
1426	97	O	6.93	C	-		
1426	98	O	6.93	G	-		
1426	99	O	6.93	A	-		
1426	100	O	6.93	A	-		
1426	101	O	6.93	T	-		
1426	102	O	6.93	T	-		
1426	103	O	6.93	T	-		
1426	104	O	6.93	T	-		
1426	105	O	6.93	C	-		
1426	106	O	6.93	T	-		
1426	107	O	6.93	T	-		
1426	108	O	6.93	G	-		
1426	109	O	6.93	A	-		
1427	0	O	5.55	C	-		
1427	1	O	5.55	G	-		
1427	2	O	5.55	A	-		
1427	3	O	5.55	T	-		
1427	4	O	5.55	G	-		
1427	5	O	5.55	T	-		
1427	6	O	5.55	T	-		
1427	7	O	5.55	G	-		
1427	8	O	5.55	G	-		
1427	9	O	5.55	A	-		
1427	10	O	5.55	A	-		
1427	11	O	5.55	C	-		
1427	12	O	5.55	A	-		
1427	13	O	5.55	A	-		
1427	14	O	5.55	G	-		
1427	15	O	5.55	T	-		
1427	16	O	5.55	G	-		
1427	17	O	5.55	A	-		
1427	18	O	5.55	A	-		
1427	19	O	5.55	G	-		
1427	20	O	5.55	C	-		
1427	21	O	5.55	A	-		
1427	22	O	5.55	A	-		
1427	23	O	5.55	C	-		
1427	24	O	5.55	T	-		
1427	25	O	5.55	C	-		
1427	26	O	5.55	A	-		
1427	27	O	5.55	A	-		
1427	28	O	5.55	G	-		
1427	29	O	5.55	T	-		
1427	30	O	5.55	T	-		
1427	31	O	5.55	C	-		
1427	32	O	5.55	A	-		
1427	33	O	5.55	T	-		
1427	34	O	5.55	C	-		
1427	35	O	5.55	C	-		
1427	36	O	5.55	T	-		
1427	37	O	5.55	G	-		
1427	38	O	5.55	A	-		
1427	39	O	5.55	G	-		
1427	40	O	5.55	A	-		
1427	41	O	5.55	G	-		
1427	42	O	5.55	C	-		
1427	43	O	5.55	C	-		
1427	44	O	5.55	T	-		
1427	45	O	5.55	C	-		
1427	46	O	5.55	T	-		
1427	47	O	5.55	A	-		
1427	48	O	5.55	C	-		
1427	49	O	5.55	C	-		
1427	50	O	5.55	G	-		
1427	51	O	5.55	C	-		
1427	52	O	5.55	G	-		
1427	53	O	5.55	C	-		
1427	54	O	5.55	C	-		
1427	55	O	5.55	G	-		
1427	56	O	5.55	A	-		
1427	57	O	5.55	C	-		
1427	58	O	5.55	T	-		
1427	59	O	5.55	T	-		
1427	60	O	5.55	C	-		
1427	61	O	5.55	G	-		
1427	62	O	5.55	C	-		
1427	63	O	5.55	T	-		
1427	64	O	5.55	T	-		
1427	65	O	5.55	G	-		
1427	66	O	5.55	T	-		
1427	67	O	5.55	T	-		
1427	68	O	5.55	A	-		
1427	69	O	5.55	G	-		
1427	70	O	5.55	C	-		
1427	71	O	5.55	C	-		
1427	72	O	5.55	A	-		
1427	73	O	5.55	A	-		
1427	74	O	5.55	T	-		
1427	75	O	5.55	C	-		
1427	76	O	5.55	G	-		
1427	77	O	5.55	C	-		
1427	78	O	5.55	T	-		
1427	79	O	5.55	C	-		
1427	80	O	5.55	G	-		
1427	81	O	5.55	T	-		
1427	82	O	5.55	C	-		
1427	83	O	5.55	A	-		
1427	84	O	5.55	A	-		
1427	85	O	5.55	T	-		
1427	86	O	5.55	G	-		
1427	87	O	5.55	G	-		
1427	88	O	5.55	A	-		
1427	89	O	5.55	A	-		
1427	90	O	5.55	C	-		
1427	91	O	5.55	T	-		
1427	92	O	5.55	C	-		
1427	93	O	5.55	G	-		
1427	94	O	5.55	A	-		
1427	95	O	5.55	T	-		
1427	96	O	5.55	C	-		
1427	97	O	5.55	T	-		
1427	98	O	5.55	G	-		
1427	99	O	5.55	A	-		
1427	100	O	5.55	C	-		
1427	101	O	5.55	T	-		
1427	102	O	5.55	G	-		
1427	103	O	5.55	A	-		
1427	104	O	5.55	A	-		
1427	105	O	5.55	A	-		
1427	106	O	5.55	A	-		
1427	107	O	5.55	G	-		
1427	108	O	5.55	T	-		
1427	109	O	5.55	C	-		
1428	0	O	8.32	T	-		
1428	1	O	8.32	T	-		
1428	2	O	8.32	T	-		
1428	3	O	8.32	G	-		
1428	4	O	8.32	T	-		
1428	5	O	8.32	T	-		
1428	6	O	8.32	G	-		
1428	7	O	8.32	A	-		
1428	8	O	8.32	A	-		
1428	9	O	8.32	T	-		
1428	10	O	8.32	T	-		
1428	11	O	8.32	A	-		
1428	12	O	8.32	A	-		
1428	13	O	8.32	A	-		
1428	14	O	8.32	T	-		
1428	15	O	8.32	T	-		
1428	16	O	8.32	T	-		
1428	17	O	8.32	A	-		
1428	18	O	8.32	C	-		
1428	19	O	8.32	G	-		
1428	20	O	8.32	A	-		
1428	21	O	8.32	A	-		
1428	22	O	8.32	G	-		
1428	23	O	8.32	T	-		
1428	24	O	8.32	G	-		
1428	25	O	8.32	T	-		
1428	26	O	8.32	C	-		
1428	27	O	8.32	A	-		
1428	28	O	8.32	T	-		
1428	29	O	8.32	G	-		
1428	30	O	8.32	C	-		
1428	31	O	8.32	T	-		
1428	32	O	8.32	A	-		
1428	33	O	8.32	T	-		
1428	34	O	8.32	C	-		
1428	35	O	8.32	A	-		
1428	36	O	8.32	T	-		
1428	37	O	8.32	C	-		
1428	38	O	8.32	T	-		
1428	39	O	8.32	A	-		
1428	40	O	8.32	T	-		
1428	41	O	8.32	T	-		
1428	42	O	8.32	A	-		
1428	43	O	8.32	C	-		
1428	44	O	8.32	G	-		
1428	45	O	8.32	G	-		
1428	46	O	8.32	T	-		
1428	47	O	8.32	G	-		
1428	48	O	8.32	T	-		
1428	49	O	8.32	C	-		
1428	50	O	8.32	A	-		
1428	51	O	8.32	A	-		
1428	52	O	8.32	A	-		
1428	53	O	8.32	T	-		
1428	54	O	8.32	T	-		
1428	55	O	8.32	G	-		
1428	56	O	8.32	C	-		
1428	57	O	8.32	C	-		
1428	58	O	8.32	T	-		
1428	59	O	8.32	T	-		
1428	60	O	8.32	T	-		
1428	61	O	8.32	C	-		
1428	62	O	8.32	A	-		
1428	63	O	8.32	C	-		
1428	64	O	8.32	T	-		
1428	65	O	8.32	C	-		
1428	66	O	8.32	C	-		
1428	67	O	8.32	A	-		
1428	68	O	8.32	A	-		
1428	69	O	8.32	C	-		
1428	70	O	8.32	G	-		
1428	71	O	8.32	A	-		
1428	72	O	8.32	A	-		
1428	73	O	8.32	T	-		
1428	74	O	8.32	T	-		
1428	75	O	8.32	A	-		
1428	76	O	8.32	C	-		
1428	77	O	8.32	C	-		
1428	78	O	8.32	A	-		
1428	79	O	8.32	T	-		
1428	80	U	0.71	C	T		
1428	81	O	8.32	A	-		
1428	82	O	8.32	T	-		
1428	83	O	8.32	A	-		
1428	84	O	8.32	T	-		
1428	85	O	8.32	C	-		
1428	86	O	8.32	A	-		
1428	87	O	8.32	A	-		
1428	88	O	8.32	A	-		
1428	89	O	8.32	T	-		
1428	90	O	8.32	T	-		
1428	91	O	8.32	C	-		
1428	92	O	8.32	G	-		
1428	93	O	8.32	C	-		
1428	94	O	8.32	T	-		
1428	95	O	8.32	G	-		
1428	96	O	8.32	C	-		
1428	97	O	8.32	A	-		
1428	98	O	8.32	A	-		
1428	99	O	8.32	G	-		
1428	100	O	8.32	T	-		
1428	101	O	8.32	A	-		
1428	102	O	8.32	T	-		
1428	103	O	8.32	G	-		
1428	104	O	8.32	T	-		
1428	105	O	8.32	C	-		
1428	106	O	8.32	T	-		
1428	107	O	8.32	T	-		
1428	108	O	8.32	C	-		
1428	109	O	8.32	C	-		
1429	0	O	8.32	C	-		
1429	1	O	8.32	A	-		
1429	2	O	8.32	G	-		
1429	3	O	8.32	A	-		
1429	4	O	8.32	A	-		
1429	5	O	8.32	C	-		
1429	6	O	8.32	G	-		
1429	7	O	8.32	G	-		
1429	8	O	8.32	C	-		
1429	9	O	8.32	C	-		
1429	10	O	8.32	A	-		
1429	11	O	8.32	C	-		
1429	12	O	8.32	A	-		
1429	13	O	8.32	G	-		
1429	14	O	8.32	A	-		
1429	15	O	8.32	C	-		
1429	16	O	8.32	G	-		
1429	17	O	8.32	A	-		
1429	18	O	8.32	T	-		
1429	19	O	8.32	T	-		
1429	20	O	8.32	C	-		
1429	21	O	8.32	G	-		
1429	22	O	8.32	C	-		
1429	23	O	8.32	C	-		
1429	24	O	8.32	T	-		
1429	25	O	8.32	G	-		
1429	26	O	8.32	C	-		
1429	27	O	8.32	C	-		
1429	28	O	8.32	G	-		
1429	29	O	8.32	C	-		
1429	30	O	8.32	T	-		
1429	31	O	8.32	C	-		
1429	32	O	8.32	G	-		
1429	33	O	8.32	C	-		
1429	34	O	8.32	C	-		
1429	35	O	8.32	T	-		
1429	36	O	8.32	G	-		
1429	37	O	8.32	T	-		
1429	38	O	8.32	G	-		
1429	39	O	8.32	A	-		
1429	40	O	8.32	A	-		
1429	41	O	8.32	A	-		
1429	42	O	8.32	A	-		
1429	43	O	8.32	A	-		
1429	44	O	8.32	T	-		
1429	45	O	8.32	T	-		
1429	46	O	8.32	C	-		
1429	47	O	8.32	C	-		
1429	48	O	8.32	A	-		
1429	49	O	8.32	C	-		
1429	50	O	8.32	C	-		
1429	51	O	8.32	T	-		
1429	52	O	8.32	G	-		
1429	53	O	8.32	T	-		
1429	54	O	8.32	C	-		
1429	55	O	8.32	T	-		
1429	56	O	8.32	G	-		
1429	57	O	8.32	T	-		
1429	58	O	8.32	A	-		
1429	59	O	8.32	G	-		
1429	60	O	8.32	C	-		
1429	61	O	8.32	G	-		
1429	62	O	8.32	C	-		
1429	63	O	8.32	C	-		
1429	64	O	8.32	T	-		
1429	65	O	8.32	A	-		
1429	66	O	8.32	C	-		
1429	67	O	8.32	A	-		
1429	68	O	8.32	G	-		
1429	69	O	8.32	G	-		
1429	70	O	8.32	C	-		
1429	71	O	8.32	A	-		
1429	72	O	8.32	G	-		
1429	73	O	8.32	C	-		
1429	74	O	8.32	G	-		
1429	75	O	8.32	A	-		
1429	76	O	8.32	G	-		
1429	77	O	8.32	C	-		
1429	78	O	8.32	G	-		
1429	79	O	8.32	T	-		
1429	80	O	8.32	T	-		
1429	81	O	8.32	A	-		
1429	82	O	8.32	A	-		
1429	83	O	8.32	T	-		
1429	84	O	8.32	A	-		
1429	85	O	8.32	C	-		
1429	86	O	8.32	A	-		
1429	87	O	8.32	C	-		
1429	88	O	8.32	T	-		
1429	89	O	8.32	T	-		
1429	90	O	8.32	T	-		
1429	91	O	8.32	G	-		
1429	92	O	8.32	T	-		
1429	93	O	8.32	A	-		
1429	94	O	8.32	T	-		
1429	95	O	8.32	A	-		
1429	96	O	8.32	T	-		
1429	97	O	8.32	A	-		
1429	98	O	8.32	A	-		
1429	99	O	8.32	C	-		
1429	100	O	8.32	A	-		
1429	101	O	8.32	T	-		
1429	102	O	8.32	T	-		
1429	103	O	8.32	G	-		
1429	104	O	8.32	A	-		
1429	105	O	8.32	A	-		
1429	106	O	8.32	A	-		
1429	107	O	8.32	G	-		
1429	108	O	8.32	T	-		
1429	109	O	8.32	C	-		
1430	0	O	6.93	A	-		
1430	1	O	6.93	G	-		
1430	2	O	6.93	C	-		
1430	3	O	6.93	T	-		
1430	4	O	6.93	T	-		
1430	5	O	6.93	C	-		
1430	6	O	6.93	A	-		
1430	7	O	6.93	C	-		
1430	8	O	6.93	T	-		
1430	9	O	6.93	A	-		
1430	10	O	6.93	T	-		
1430	11	O	6.93	G	-		
1430	12	O	6.93	G	-		
1430	13	O	6.93	G	-		
1430	14	O	6.93	A	-		
1430	15	O	6.93	G	-		
1430	16	O	6.93	A	-		
1430	17	O	6.93	G	-		
1430	18	O	6.93	C	-		
1430	19	O	6.93	T	-		
1430	20	O	6.93	A	-		
1430	21	O	6.93	A	-		
1430	22	O	6.93	G	-		
1430	23	O	6.93	A	-		
1430	24	O	6.93	G	-		
1430	25	O	6.93	A	-		
1430	26	O	6.93	C	-		
1430	27	O	6.93	A	-		
1430	28	O	6.93	T	-		
1430	29	O	6.93	G	-		
1430	30	O	6.93	G	-		
1430	31	O	6.93	T	-		
1430	32	O	6.93	C	-		
1430	33	O	6.93	C	-		
1430	34	O	6.93	A	-		
1430	35	O	6.93	T	-		
1430	36	O	6.93	G	-		
1430	37	O	6.93	G	-		
1430	38	O	6.93	A	-		
1430	39	O	6.93	C	-		
1430	40	O	6.93	T	-		
1430	41	O	6.93	A	-		
1430	42	O	6.93	C	-		
1430	43	O	6.93	A	-		
1430	44	O	6.93	T	-		
1430	45	O	6.93	G	-		
1430	46	O	6.93	A	-		
1430	47	O	6.93	G	-		
1430	48	O	6.93	A	-		
1430	49	O	6.93	C	-		
1430	50	O	6.93	C	-		
1430	51	O	6.93	T	-		
1430	52	O	6.93	G	-		
1430	53	O	6.93	T	-		
1430	54	O	6.93	A	-		
1430	55	O	6.93	G	-		
1430	56	O	6.93	A	-		
1430	57	O	6.93	G	-		
1430	58	O	6.93	A	-		
1430	59	O	6.93	G	-		
1430	60	O	6.93	C	-		
1430	61	O	6.93	G	-		
1430	62	O	6.93	A	-		
1430	63	O	6.93	C	-		
1430	64	O	6.93	T	-		
1430	65	O	6.93	A	-		
1430	66	O	6.93	G	-		
1430	67	O	6.93	T	-		
1430	68	O	6.93	C	-		
1430	69	O	6.93	A	-		
1430	70	O	6.93	C	-		
1430	71	O	6.93	A	-		
1430	72	O	6.93	C	-		
1430	73	O	6.93	A	-		
1430	74	O	6.93	G	-		
1430	75	O	6.93	C	-		
1430	76	O	6.93	T	-		
1430	77	O	6.93	G	-		
1430	78	O	6.93	A	-		
1430	79	O	6.93	T	-		
1430	80	O	6.93	G	-		
1430	81	O	6.93	T	-		
1430	82	O	6.93	T	-		
1430	83	O	6.93	C	-		
1430	84	O	6.93	C	-		
1430	85	O	6.93	T	-		
1430	86	O	6.93	A	-		
1430	87	O	6.93	C	-		
1430	88	O	6.93	A	-		
1430	89	O	6.93	A	-		
1430	90	O	6.93	G	-		
1430	91	O	6.93	G	-		
1430	92	O	6.93	G	-		
1430	93	O	6.93	G	-		
1430	94	O	6.93	A	-		
1430	95	O	6.93	A	-		
1430	96	O	6.93	G	-		
1430	97	U	-0.27	A	G		
1430	98	O	6.93	G	-		
1430	99	O	6.93	C	-		
1430	100	O	6.93	A	-		
1430	101	O	6.93	A	-		
1430	102	O	6.93	C	-		
1430	103	O	6.93	T	-		
1430	104	O	6.93	G	-		
1430	105	O	6.93	C	-		
1430	106	O	6.93	C	-		
1430	107	O	6.93	T	-		
1430	108	O	6.93	C	-		
1430	109	O	6.93	A	-		
1431	0	O	6.93	A	-		
1431	1	O	6.93	C	-		
1431	2	O	6.93	C	-		
1431	3	O	6.93	A	-		
1431	4	O	6.93	G	-		
1431	5	O	6.93	T	-		
1431	6	O	6.93	T	-		
1431	7	O	6.93	G	-		
1431	8	O	6.93	A	-		
1431	9	O	6.93	C	-		
1431	10	O	6.93	A	-		
1431	11	O	6.93	C	-		
1431	12	O	6.93	T	-		
1431	13	O	6.93	G	-		
1431	14	O	6.93	T	-		
1431	15	O	6.93	A	-		
1431	16	O	6.93	T	-		
1431	17	O	6.93	G	-		
1431	18	O	6.93	T	-		
1431	19	O	6.93	C	-		
1431	20	O	6.93	T	-		
1431	21	O	6.93	C	-		
1431	22	O	6.93	C	-		
1431	23	O	6.93	A	-		
1431	24	O	6.93	T	-		
1431	25	O	6.93	G	-		
1431	26	O	6.93	A	-		
1431	27	O	6.93	C	-		
1431	28	O	6.93	T	-		
1431	29	O	6.93	C	-		
1431	30	O	6.93	A	-		
1431	31	O	6.93	T	-		
1431	32	O	6.93	C	-		
1431	33	O	6.93	A	-		
1431	34	O	6.93	A	-		
1431	35	O	6.93	T	-		
1431	36	O	6.93	G	-		
1431	37	O	6.93	A	-		
1431	38	O	6.93	T	-		
1431	39	O	6.93	G	-		
1431	40	O	6.93	T	-		
1431	41	O	6.93	T	-		
1431	42	O	6.93	C	-		
1431	43	O	6.93	A	-		
1431	44	O	6.93	T	-		
1431	45	O	6.93	G	-		
1431	46	O	6.93	T	-		
1431	47	O	6.93	G	-		
1431	48	O	6.93	T	-		
1431	49	O	6.93	A	-		
1431	50	O	6.93	T	-		
1431	51	O	6.93	G	-		
1431	52	O	6.93	T	-		
1431	53	O	6.93	T	-		
1431	54	O	6.93	A	-		
1431	55	O	6.93	T	-		
1431	56	O	6.93	G	-		
1431	57	O	6.93	A	-		
1431	58	O	6.93	T	-		
1431	59	O	6.93	C	-		
1431	60	O	6.93	T	-		
1431	61	O	6.93	A	-		
1431	62	O	6.93	C	-		
1431	63	O	6.93	A	-		
1431	64	O	6.93	A	-		
1431	65	O	6.93	T	-		
1431	66	O	6.93	G	-		
1431	67	O	6.93	T	-		
1431	68	O	6.93	C	-		
1431	69	O	6.93	G	-		
1431	70	O	6.93	T	-		
1431	71	O	6.93	G	-		
1431	72	O	6.93	C	-		
1431	73	O	6.93	A	-		
1431	74	O	6.93	G	-		
1431	75	O	6.93	A	-		
1431	76	O	6.93	T	-		
1431	77	O	6.93	T	-		
1431	78	O	6.93	A	-		
1431	79	O	6.93	A	-		
1431	80	O	6.93	T	-		
1431	81	O	6.93	C	-		
1431	82	O	6.93	A	-		
1431	83	O	6.93	A	-		
1431	84	O	6.93	T	-		
1431	85	O	6.93	G	-		
1431	86	O	6.93	A	-		
1431	87	O	6.93	A	-		
1431	88	O	6.93	A	-		
1431	89	O	6.93	G	-		
1431	90	O	6.93	G	-		
1431	91	O	6.93	G	-		
1431	92	O	6.93	G	-		
1431	93	O	6.93	A	-		
1431	94	O	6.93	G	-		
1431	95	O	6.93	T	-		
1431	96	O	6.93	A	-		
1431	97	O	6.93	C	-		
1431	98	O	6.93	A	-		
1431	99	O	6.93	T	-		
1431	100	O	6.93	G	-		
1431	101	O	6.93	T	-		
1431	102	O	6.93	A	-		
1431	103	O	6.93	A	-		
1431	104	O	6.93	A	-		
1431	105	O	6.93	A	-		
1431	106	O	6.93	T	-		
1431	107	O	6.93	G	-		
1431	108	O	6.93	T	-		
1431	109	O	6.93	T	-		
1432	0	O	6.93	A	-		
1432	1	O	6.93	T	-		
1432	2	O	6.93	C	-		
1432	3	O	6.93	G	-		
1432	4	O	6.93	C	-		
1432	5	O	6.93	C	-		
1432	6	O	6.93	G	-		
1432	7	O	6.93	C	-		
1432	8	O	6.93	C	-		
1432	9	O	6.93	T	-		
1432	10	O	6.93	C	-		
1432	11	O	6.93	C	-		
1432	12	O	6.93	A	-		
1432	13	O	6.93	G	-		
1432	14	O	6.93	C	-		
1432	15	O	6.93	C	-		
1432	16	O	6.93	G	-		
1432	17	O	6.93	C	-		
1432	18	O	6.93	A	-		
1432	19	O	6.93	C	-		
1432	20	O	6.93	C	-		
1432	21	O	6.93	A	-		
1432	22	O	6.93	C	-		
1432	23	O	6.93	C	-		
1432	24	O	6.93	G	-		
1432	25	O	6.93	G	-		
1432	26	O	6.93	C	-		
1432	27	O	6.93	C	-		
1432	28	O	6.93	G	-		
1432	29	O	6.93	C	-		
1432	30	O	6.93	A	-		
1432	31	O	6.93	T	-		
1432	32	O	6.93	C	-		
1432	33	O	6.93	G	-		
1432	34	O	6.93	G	-		
1432	35	O	6.93	G	-		
1432	36	O	6.93	T	-		
1432	37	O	6.93	T	-		
1432	38	O	6.93	C	-		
1432	39	O	6.93	G	-		
1432	40	O	6.93	G	-		
1432	41	O	6.93	C	-		
1432	42	O	6.93	C	-		
1432	43	O	6.93	G	-		
1432	44	O	6.93	G	-		
1432	45	O	6.93	C	-		
1432	46	O	6.93	C	-		
1432	47	O	6.93	G	-		
1432	48	O	6.93	G	-		
1432	49	O	6.93	G	-		
1432	50	O	6.93	C	-		
1432	51	O	6.93	T	-		
1432	52	O	6.93	C	-		
1432	53	O	6.93	T	-		
1432	54	O	6.93	G	-		
1432	55	O	6.93	G	-		
1432	56	O	6.93	A	-		
1432	57	O	6.93	T	-		
1432	58	O	6.93	T	-		
1432	59	O	6.93	G	-		
1432	60	O	6.93	C	-		
1432	61	O	6.93	C	-		
1432	62	O	6.93	G	-		
1432	63	O	6.93	C	-		
1432	64	O	6.93	C	-		
1432	65	O	6.93	G	-		
1432	66	O	6.93	A	-		
1432	67	O	6.93	A	-		
1432	68	O	6.93	C	-		
1432	69	O	6.93	A	-		
1432	70	O	6.93	G	-		
1432	71	O	6.93	G	-		
1432	72	O	6.93	G	-		
1432	73	O	6.93	A	-		
1432	74	O	6.93	A	-		
1432	75	O	6.93	T	-		
1432	76	O	6.93	A	-		
1432	77	O	6.93	G	-		
1432	78	O	6.93	C	-		
1432	79	O	6.93	C	-		
1432	80	O	6.93	C	-		
1432	81	O	6.93	G	-		
1432	82	O	6.93	G	-		
1432	83	O	6.93	C	-		
1432	84	O	6.93	C	-		
1432	85	O	6.93	G	-		
1432	86	O	6.93	C	-		
1432	87	O	6.93	A	-		
1432	88	O	6.93	A	-		
1432	89	O	6.93	C	-		
1432	90	O	6.93	A	-		
1432	91	O	6.93	G	-		
1432	92	O	6.93	A	-		
1432	93	O	6.93	T	-		
1432	94	O	6.93	C	-		
1432	95	O	6.93	G	-		
1432	96	O	6.93	T	-		
1432	97	O	6.93	G	-		
1432	98	O	6.93	G	-		
1432	99	O	6.93	C	-		
1432	100	O	6.93	G	-		
1432	101	O	6.93	C	-		
1432	102	O	6.93	G	-		
1432	103	O	6.93	C	-		
1432	104	O	6.93	A	-		
1432	105	O	6.93	G	-		
1432	106	O	6.93	C	-		
1432	107	O	6.93	G	-		
1432	108	O	6.93	T	-		
1432	109	O	6.93	C	-		
1433	0	O	5.55	T	-		
1433	1	O	5.55	T	-		
1433	2	O	5.55	C	-		
1433	3	O	5.55	T	-		
1433	4	O	5.55	C	-		
1433	5	O	5.55	T	-		
1433	6	O	5.55	G	-		
1433	7	O	5.55	T	-		
1433	8	O	5.55	G	-		
1433	9	O	5.55	G	-		
1433	10	O	5.55	G	-		
1433	11	O	5.55	C	-		
1433	12	O	5.55	G	-		
1433	13	O	5.55	T	-		
1433	14	O	5.55	C	-		
1433	15	O	5.55	G	-		
1433	16	O	5.55	A	-		
1433	17	O	5.55	C	-		
1433	18	O	5.55	C	-		
1433	19	O	5.55	C	-		
1433	20	O	5.55	G	-		
1433	21	O	5.55	C	-		
1433	22	O	5.55	A	-		
1433	23	O	5.55	T	-		
1433	24	O	5.55	C	-		
1433	25	O	5.55	T	-		
1433	26	O	5.55	G	-		
1433	27	O	5.55	G	-		
1433	28	O	5.55	C	-		
1433	29	O	5.55	T	-		
1433	30	O	5.55	G	-		
1433	31	O	5.55	G	-		
1433	32	O	5.55	C	-		
1433	33	O	5.55	A	-		
1433	34	O	5.55	T	-		
1433	35	O	5.55	G	-		
1433	36	O	5.55	G	-		
1433	37	O	5.55	A	-		
1433	38	O	5.55	A	-		
1433	39	O	5.55	G	-		
1433	40	O	5.55	G	-		
1433	41	O	5.55	C	-		
1433	42	O	5.55	C	-		
1433	43	O	5.55	G	-		
1433	44	O	5.55	C	-		
1433	45	O	5.55	C	-		
1433	46	O	5.55	C	-		
1433	47	O	5.55	G	-		
1433	48	O	5.55	C	-		
1433	49	O	5.55	C	-		
1433	50	O	5.55	G	-		
1433	51	O	5.55	G	-		
1433	52	O	5.55	C	-		
1433	53	O	5.55	C	-		
1433	54	O	5.55	T	-		
1433	55	O	5.55	T	-		
1433	56	O	5.55	T	-		
1433	57	O	5.55	G	-		
1433	58	O	5.55	G	-		
1433	59	O	5.55	C	-		
1433	60	O	5.55	T	-		
1433	61	O	5.55	G	-		
1433	62	O	5.55	T	-		
1433	63	O	5.55	C	-		
1433	64	O	5.55	A	-		
1433	65	O	5.55	G	-		
1433	66	O	5.55	C	-		
1433	67	O	5.55	G	-		
1433	68	O	5.55	G	-		
1433	69	O	5.55	C	-		
1433	70	O	5.55	T	-		
1433	71	O	5.55	G	-		
1433	72	O	5.55	T	-		
1433	73	O	5.55	T	-		
1433	74	O	5.55	T	-		
1433	75	O	5.55	T	-		
1433	76	O	5.55	A	-		
1433	77	O	5.55	T	-		
1433	78	O	5.55	A	-		
1433	79	O	5.55	T	-		
1433	80	O	5.55	G	-		
1433	81	O	5.55	G	-		
1433	82	O	5.55	G	-		
1433	83	O	5.55	C	-		
1433	84	O	5.55	G	-		
1433	85	O	5.55	A	-		
1433	86	O	5.55	C	-		
1433	87	O	5.55	G	-		
1433	88	O	5.55	T	-		
1433	89	O	5.55	T	-		
1433	90	O	5.55	G	-		
1433	91	O	5.55	T	-		
1433	92	O	5.55	T	-		
1433	93	O	5.55	T	-		
1433	94	O	5.55	T	-		
1433	95	O	5.55	C	-		
1433	96	O	5.55	G	-		
1433	97	O	5.55	T	-		
1433	98	O	5.55	C	-		
1433	99	O	5.55	A	-		
1433	100	O	5.55	C	-		
1433	101	O	5.55	C	-		
1433	102	O	5.55	G	-		
1433	103	O	5.55	A	-		
1433	104	O	5.55	C	-		
1433	105	O	5.55	G	-		
1433	106	O	5.55	A	-		
1433	107	O	5.55	G	-		
1433	108	O	5.55	G	-		
1433	109	O	5.55	T	-		
1434	0	O	12.48	A	-		
1434	1	O	12.48	G	-		
1434	2	O	12.48	C	-		
1434	3	O	12.48	A	-		
1434	4	O	12.48	G	-		
1434	5	O	12.48	G	-		
1434	6	O	12.48	C	-		
1434	7	O	12.48	A	-		
1434	8	O	12.48	A	-		
1434	9	O	12.48	T	-		
1434	10	O	12.48	G	-		
1434	11	O	12.48	A	-		
1434	12	O	12.48	C	-		
1434	13	O	12.48	C	-		
1434	14	O	12.48	C	-		
1434	15	O	12.48	A	-		
1434	16	O	12.48	G	-		
1434	17	O	12.48	T	-		
1434	18	O	12.48	A	-		
1434	19	O	12.48	G	-		
1434	20	O	12.48	A	-		
1434	21	O	12.48	G	-		
1434	22	O	12.48	A	-		
1434	23	O	12.48	A	-		
1434	24	O	12.48	T	-		
1434	25	O	12.48	G	-		
1434	26	O	12.48	A	-		
1434	27	O	12.48	A	-		
1434	28	O	12.48	C	-		
1434	29	O	12.48	G	-		
1434	30	O	12.48	G	-		
1434	31	O	12.48	C	-		
1434	32	O	12.48	C	-		
1434	33	O	12.48	C	-		
1434	34	O	12.48	A	-		
1434	35	O	12.48	T	-		
1434	36	O	12.48	C	-		
1434	37	O	12.48	G	-		
1434	38	O	12.48	G	-		
1434	39	O	12.48	C	-		
1434	40	O	12.48	A	-		
1434	41	O	12.48	C	-		
1434	42	O	12.48	C	-		
1434	43	O	12.48	T	-		
1434	44	O	12.48	G	-		
1434	45	O	12.48	T	-		
1434	46	O	12.48	C	-		
1434	47	O	12.48	C	-		
1434	48	O	12.48	C	-		
1434	49	O	12.48	A	-		
1434	50	O	12.48	T	-		
1434	51	O	12.48	A	-		
1434	52	O	12.48	G	-		
1434	53	O	12.48	A	-		
1434	54	O	12.48	C	-		
1434	55	O	12.48	T	-		
1434	56	O	12.48	G	-		
1434	57	O	12.48	T	-		
1434	58	O	12.48	T	-		
1434	59	O	12.48	G	-		
1434	60	O	12.48	G	-		
1434	61	O	12.48	T	-		
1434	62	O	12.48	A	-		
1434	63	O	12.48	G	-		
1434	64	O	12.48	T	-		
1434	65	O	12.48	T	-		
1434	66	O	12.48	C	-		
1434	67	O	12.48	T	-		
1434	68	O	12.48	G	-		
1434	69	O	12.48	T	-		
1434	70	O	12.48	T	-		
1434	71	O	12.48	G	-		
1434	72	O	12.48	G	-		
1434	73	O	12.48	A	-		
1434	74	O	12.48	A	-		
1434	75	O	12.48	G	-		
1434	76	O	12.48	A	-		
1434	77	O	12.48	T	-		
1434	78	O	12.48	G	-		
1434	79	O	12.48	T	-		
1434	80	O	12.48	T	-		
1434	81	O	12.48	T	-		
1434	82	O	12.48	G	-		
1434	83	O	12.48	C	-		
1434	84	O	12.48	C	-		
1434	85	O	12.48	G	-		
1434	86	O	12.48	G	-		
1434	87	O	12.48	T	-		
1434	88	O	12.48	G	-		
1434	89	O	12.48	C	-		
1434	90	O	12.48	G	-		
1434	91	O	12.48	A	-		
1434	92	O	12.48	T	-		
1434	93	O	12.48	C	-		
1434	94	O	12.48	G	-		
1434	95	O	12.48	G	-		
1434	96	O	12.48	A	-		
1434	97	O	12.48	A	-		
1434	98	O	12.48	G	-		
1434	99	O	12.48	G	-		
1434	100	O	12.48	C	-		
1434	101	O	12.48	C	-		
1434	102	O	12.48	A	-		
1434	103	O	12.48	C	-		
1434	104	O	12.48	C	-		
1434	105	O	12.48	G	-		
1434	106	O	12.48	T	-		
1434	107	O	12.48	A	-		
1434	108	O	12.48	G	-		
1434	109	O	12.48	T	-		
1435	0	O	5.55	G	-		
1435	1	O	5.55	C	-		
1435	2	O	5.55	G	-		
1435	3	O	5.55	A	-		
1435	4	O	5.55	G	-		
1435	5	O	5.55	G	-		
1435	6	O	5.55	G	-		
1435	7	O	5.55	C	-		
1435	8	O	5.55	G	-		
1435	9	O	5.55	A	-		
1435	10	O	5.55	G	-		
1435	11	O	5.55	C	-		
1435	12	O	5.55	T	-		
1435	13	O	5.55	C	-		
1435	14	O	5.55	G	-		
1435	15	O	5.55	G	-		
1435	16	O	5.55	T	-		
1435	17	O	5.55	G	-		
1435	18	O	5.55	C	-		
1435	19	O	5.55	C	-		
1435	20	O	5.55	G	-		
1435	21	O	5.55	T	-		
1435	22	O	5.55	A	-		
1435	23	O	5.55	C	-		
1435	24	O	5.55	A	-		
1435	25	O	5.55	C	-		
1435	26	O	5.55	G	-		
1435	27	O	5.55	C	-		
1435	28	O	5.55	C	-		
1435	29	O	5.55	C	-		
1435	30	O	5.55	T	-		
1435	31	O	5.55	C	-		
1435	32	O	5.55	G	-		
1435	33	O	5.55	C	-		
1435	34	O	5.55	C	-		
1435	35	O	5.55	G	-		
1435	36	O	5.55	T	-		
1435	37	O	5.55	T	-		
1435	38	O	5.55	G	-		
1435	39	O	5.55	A	-		
1435	40	O	5.55	T	-		
1435	41	O	5.55	C	-		
1435	42	O	5.55	T	-		
1435	43	O	5.55	T	-		
1435	44	O	5.55	C	-		
1435	45	O	5.55	T	-		
1435	46	O	5.55	C	-		
1435	47	O	5.55	G	-		
1435	48	O	5.55	A	-		
1435	49	O	5.55	C	-		
1435	50	O	5.55	G	-		
1435	51	O	5.55	G	-		
1435	52	O	5.55	T	-		
1435	53	O	5.55	G	-		
1435	54	O	5.55	A	-		
1435	55	O	5.55	G	-		
1435	56	O	5.55	G	-		
1435	57	O	5.55	G	-		
1435	58	O	5.55	T	-		
1435	59	O	5.55	G	-		
1435	60	O	5.55	T	-		
1435	61	O	5.55	C	-		
1435	62	O	5.55	G	-		
1435	63	O	5.55	A	-		
1435	64	O	5.55	G	-		
1435	65	O	5.55	G	-		
1435	66	O	5.55	C	-		
1435	67	O	5.55	G	-		
1435	68	O	5.55	G	-		
1435	69	O	5.55	C	-		
1435	70	O	5.55	G	-		
1435	71	O	5.55	G	-		
1435	72	O	5.55	G	-		
1435	73	O	5.55	T	-		
1435	74	O	5.55	G	-		
1435	75	O	5.55	C	-		
1435	76	O	5.55	G	-		
1435	77	O	5.55	C	-		
1435	78	O	5.55	G	-		
1435	79	O	5.55	C	-		
1435	80	O	5.55	G	-		
1435	81	O	5.55	G	-		
1435	82	O	5.55	T	-		
1435	83	O	5.55	G	-		
1435	84	O	5.55	G	-		
1435	85	O	5.55	T	-		
1435	86	O	5.55	C	-		
1435	87	O	5.55	G	-		
1435	88	O	5.55	C	-		
1435	89	O	5.55	G	-		
1435	90	O	5.55	A	-		
1435	91	O	5.55	G	-		
1435	92	O	5.55	A	-		
1435	93	O	5.55	T	-		
1435	94	O	5.55	C	-		
1435	95	O	5.55	G	-		
1435	96	O	5.55	G	-		
1435	97	O	5.55	A	-		
1435	98	O	5.55	G	-		
1435	99	O	5.55	G	-		
1435	100	O	5.55	C	-		
1435	101	O	5.55	G	-		
1435	102	O	5.55	G	-		
1435	103	O	5.55	C	-		
1435	104	O	5.55	G	-		
1435	105	O	5.55	G	-		
1435	106	O	5.55	C	-		
1435	107	O	5.55	G	-		
1435	108	O	5.55	C	-		
1435	109	O	5.55	G	-		
1436	0	O	18.02	C	-		
1436	1	O	18.02	G	-		
1436	2	O	18.02	C	-		
1436	3	O	18.02	C	-		
1436	4	O	18.02	C	-		
1436	5	O	18.02	G	-		
1436	6	O	18.02	A	-		
1436	7	O	18.02	G	-		
1436	8	O	18.02	C	-		
1436	9	O	18.02	T	-		
1436	10	O	18.02	C	-		
1436	11	O	18.02	G	-		
1436	12	O	18.02	C	-		
1436	13	O	18.02	C	-		
1436	14	O	18.02	A	-		
1436	15	O	18.02	C	-		
1436	16	O	18.02	C	-		
1436	17	O	18.02	C	-		
1436	18	O	18.02	A	-		
1436	19	O	18.02	C	-		
1436	20	O	18.02	C	-		
1436	21	O	18.02	T	-		
1436	22	O	18.02	G	-		
1436	23	O	18.02	G	-		
1436	24	O	18.02	C	-		
1436	25	O	18.02	C	-		
1436	26	O	18.02	A	-		
1436	27	O	18.02	T	-		
1436	28	O	18.02	C	-		
1436	29	O	18.02	G	-		
1436	30	O	18.02	T	-		
1436	31	O	18.02	C	-		
1436	32	O	18.02	C	-		
1436	33	O	18.02	A	-		
1436	34	O	18.02	C	-		
1436	35	O	18.02	G	-		
1436	36	O	18.02	C	-		
1436	37	O	18.02	T	-		
1436	38	O	18.02	A	-		
1436	39	O	18.02	G	-		
1436	40	O	18.02	A	-		
1436	41	O	18.02	T	-		
1436	42	O	18.02	T	-		
1436	43	O	18.02	C	-		
1436	44	O	18.02	T	-		
1436	45	O	18.02	C	-		
1436	46	O	18.02	C	-		
1436	47	O	18.02	A	-		
1436	48	O	18.02	C	-		
1436	49	O	18.02	C	-		
1436	50	O	18.02	A	-		
1436	51	O	18.02	A	-		
1436	52	O	18.02	C	-		
1436	53	O	18.02	A	-		
1436	54	O	18.02	C	-		
1436	55	O	18.02	C	-		
1436	56	O	18.02	T	-		
1436	57	O	18.02	A	-		
1436	58	O	18.02	C	-		
1436	59	O	18.02	C	-		
1436	60	O	18.02	C	-		
1436	61	O	18.02	G	-		
1436	62	O	18.02	A	-		
1436	63	O	18.02	G	-		
1436	64	O	18.02	C	-		
1436	65	O	18.02	T	-		
1436	66	O	18.02	G	-		
1436	67	O	18.02	G	-		
1436	68	O	18.02	G	-		
1436	69	O	18.02	A	-		
1436	70	O	18.02	A	-		
1436	71	O	18.02	C	-		
1436	72	O	18.02	G	-		
1436	73	O	18.02	G	-		
1436	74	O	18.02	G	-		
1436	75	O	18.02	C	-		
1436	76	O	18.02	G	-		
1436	77	O	18.02	C	-		
1436	78	O	18.02	A	-		
1436	79	O	18.02	C	-		
1436	80	O	18.02	C	-		
1436	81	O	18.02	C	-		
1436	82	O	18.02	G	-		
1436	83	O	18.02	A	-		
1436	84	O	18.02	T	-		
1436	85	O	18.02	G	-		
1436	86	O	18.02	C	-		
1436	87	O	18.02	G	-		
1436	88	O	18.02	C	-		
1436	89	O	18.02	C	-		
1436	90	O	18.02	T	-		
1436	91	O	18.02	G	-		
1436	92	O	18.02	C	-		
1436	93	O	18.02	T	-		
1436	94	O	18.02	C	-		
1436	95	O	18.02	G	-		
1436	96	O	18.02	C	-		
1436	97	O	18.02	G	-		
1436	98	O	18.02	C	-		
1436	99	O	18.02	A	-		
1436	100	O	18.02	C	-		
1436	101	O	18.02	A	-		
1436	102	O	18.02	A	-		
1436	103	O	18.02	C	-		
1436	104	O	18.02	G	-		
1436	105	O	18.02	G	-		
1436	106	O	18.02	C	-		
1436	107	O	18.02	G	-		
1436	108	O	18.02	A	-		
1436	109	O	18.02	G	-		
1437	0	O	11.09	C	-		
1437	1	O	11.09	C	-		
1437	2	O	11.09	A	-		
1437	3	O	11.09	A	-		
1437	4	O	11.09	G	-		
1437	5	O	11.09	T	-		
1437	6	O	11.09	T	-		
1437	7	O	11.09	G	-		
1437	8	O	11.09	G	-		
1437	9	O	11.09	C	-		
1437	10	O	11.09	A	-		
1437	11	O	11.09	G	-		
1437	12	O	11.09	C	-		
1437	13	O	11.09	A	-		
1437	14	O	11.09	A	-		
1437	15	O	11.09	C	-		
1437	16	O	11.09	A	-		
1437	17	O	11.09	G	-		
1437	18	O	11.09	T	-		
1437	19	O	11.09	G	-		
1437	20	O	11.09	T	-		
1437	21	O	11.09	C	-		
1437	22	O	11.09	A	-		
1437	23	O	11.09	A	-		
1437	24	O	11.09	C	-		
1437	25	O	11.09	A	-		
1437	26	O	11.09	A	-		
1437	27	O	11.09	G	-		
1437	28	O	11.09	A	-		
1437	29	O	11.09	T	-		
1437	30	O	11.09	C	-		
1437	31	O	11.09	G	-		
1437	32	O	11.09	C	-		
1437	33	O	11.09	T	-		
1437	34	O	11.09	G	-		
1437	35	O	11.09	A	-		
1437	36	O	11.09	C	-		
1437	37	O	11.09	C	-		
1437	38	O	11.09	A	-		
1437	39	O	11.09	A	-		
1437	40	O	11.09	A	-		
1437	41	O	11.09	C	-		
1437	42	O	11.09	A	-		
1437	43	O	11.09	G	-		
1437	44	O	11.09	G	-		
1437	45	O	11.09	C	-		
1437	46	O	11.09	C	-		
1437	47	O	11.09	A	-		
1437	48	O	11.09	C	-		
1437	49	O	11.09	T	-		
1437	50	O	11.09	C	-		
1437	51	O	11.09	C	-		
1437	52	O	11.09	C	-		
1437	53	O	11.09	A	-		
1437	54	O	11.09	C	-		
1437	55	O	11.09	C	-		
1437	56	O	11.09	A	-		
1437	57	O	11.09	C	-		
1437	58	O	11.09	A	-		
1437	59	O	11.09	A	-		
1437	60	O	11.09	A	-		
1437	61	O	11.09	G	-		
1437	62	O	11.09	A	-		
1437	63	O	11.09	G	-		
1437	64	O	11.09	A	-		
1437	65	O	11.09	C	-		
1437	66	O	11.09	C	-		
1437	67	O	11.09	C	-		
1437	68	O	11.09	T	-		
1437	69	O	11.09	T	-		
1437	70	O	11.09	T	-		
1437	71	O	11.09	G	-		
1437	72	O	11.09	T	-		
1437	73	O	11.09	G	-		
1437	74	O	11.09	G	-		
1437	75	O	11.09	G	-		
1437	76	O	11.09	C	-		
1437	77	O	11.09	C	-		
1437	78	O	11.09	A	-		
1437	79	O	11.09	G	-		
1437	80	O	11.09	C	-		
1437	81	O	11.09	A	-		
1437	82	O	11.09	G	-		
1437	83	O	11.09	A	-		
1437	84	O	11.09	G	-		
1437	85	O	11.09	G	-		
1437	86	O	11.09	G	-		
1437	87	O	11.09	A	-		
1437	88	O	11.09	C	-		
1437	89	O	11.09	T	-		
1437	90	O	11.09	T	-		
1437	91	O	11.09	G	-		
1437	92	O	11.09	G	-		
1437	93	O	11.09	A	-		
1437	94	O	11.09	A	-		
1437	95	O	11.09	G	-		
1437	96	O	11.09	A	-		
1437	97	O	11.09	T	-		
1437	98	O	11.09	G	-		
1437	99	O	11.09	A	-		
1437	100	O	11.09	G	-		
1437	101	O	11.09	T	-		
1437	102	O	11.09	G	-		
1437	103	O	11.09	G	-		
1437	104	O	11.09	A	-		
1437	105	O	11.09	G	-		
1437	106	O	11.09	C	-		
1437	107	O	11.09	T	-		
1437	108	O	11.09	C	-		
1437	109	O	11.09	A	-		
1438	0	O	11.09	G	-		
1438	1	O	11.09	C	-		
1438	2	O	11.09	T	-		
1438	3	O	11.09	A	-		
1438	4	O	11.09	G	-		
1438	5	O	11.09	T	-		
1438	6	O	11.09	A	-		
1438	7	O	11.09	T	-		
1438	8	O	11.09	C	-		
1438	9	O	11.09	G	-		
1438	10	O	11.09	C	-		
1438	11	O	11.09	C	-		
1438	12	O	11.09	G	-		
1438	13	O	11.09	G	-		
1438	14	O	11.09	C	-		
1438	15	O	11.09	A	-		
1438	16	O	11.09	G	-		
1438	17	O	11.09	G	-		
1438	18	O	11.09	A	-		
1438	19	O	11.09	A	-		
1438	20	O	11.09	A	-		
1438	21	O	11.09	G	-		
1438	22	O	11.09	C	-		
1438	23	O	11.09	C	-		
1438	24	O	11.09	A	-		
1438	25	O	11.09	G	-		
1438	26	O	11.09	G	-		
1438	27	O	11.09	A	-		
1438	28	O	11.09	G	-		
1438	29	O	11.09	G	-		
1438	30	O	11.09	A	-		
1438	31	O	11.09	G	-		
1438	32	O	11.09	T	-		
1438	33	O	11.09	A	-		
1438	34	O	11.09	G	-		
1438	35	O	11.09	G	-		
1438	36	O	11.09	T	-		
1438	37	O	11.09	A	-		
1438	38	O	11.09	T	-		
1438	39	O	11.09	G	-		
1438	40	O	11.09	G	-		
1438	41	O	11.09	C	-		
1438	42	O	11.09	C	-		
1438	43	O	11.09	G	-		
1438	44	O	11.09	C	-		
1438	45	O	11.09	A	-		
1438	46	O	11.09	T	-		
1438	47	O	11.09	T	-		
1438	48	O	11.09	G	-		
1438	49	O	11.09	T	-		
1438	50	O	11.09	G	-		
1438	51	O	11.09	C	-		
1438	52	O	11.09	C	-		
1438	53	O	11.09	A	-		
1438	54	O	11.09	G	-		
1438	55	O	11.09	T	-		
1438	56	O	11.09	G	-		
1438	57	O	11.09	T	-		
1438	58	O	11.09	G	-		
1438	59	O	11.09	A	-		
1438	60	O	11.09	G	-		
1438	61	O	11.09	A	-		
1438	62	O	11.09	G	-		
1438	63	O	11.09	G	-		
1438	64	O	11.09	G	-		
1438	65	O	11.09	A	-		
1438	66	O	11.09	A	-		
1438	67	O	11.09	T	-		
1438	68	O	11.09	A	-		
1438	69	O	11.09	A	-		
1438	70	O	11.09	A	-		
1438	71	O	11.09	T	-		
1438	72	O	11.09	G	-		
1438	73	O	11.09	T	-		
1438	74	O	11.09	G	-		
1438	75	O	11.09	A	-		
1438	76	O	11.09	T	-		
1438	77	O	11.09	G	-		
1438	78	O	11.09	C	-		
1438	79	O	11.09	G	-		
1438	80	O	11.09	A	-		
1438	81	O	11.09	G	-		
1438	82	O	11.09	G	-		
1438	83	O	11.09	T	-		
1438	84	O	11.09	G	-		
1438	85	O	11.09	G	-		
1438	86	O	11.09	A	-		
1438	87	O	11.09	A	-		
1438	88	O	11.09	A	-		
1438	89	O	11.09	G	-		
1438	90	O	11.09	C	-		
1438	91	O	11.09	G	-		
1438	92	O	11.09	T	-		
1438	93	O	11.09	G	-		
1438	94	O	11.09	C	-		
1438	95	O	11.09	T	-		
1438	96	O	11.09	C	-		
1438	97	O	11.09	G	-		
1438	98	O	11.09	C	-		
1438	99	O	11.09	G	-		
1438	100	O	11.09	A	-		
1438	101	O	11.09	C	-		
1438	102	O	11.09	G	-		
1438	103	O	11.09	T	-		
1438	104	O	11.09	A	-		
1438	105	O	11.09	A	-		
1438	106	O	11.09	C	-		
1438	107	O	11.09	T	-		
1438	108	O	11.09	C	-		
1438	109	O	11.09	C	-		
1439	0	O	18.02	A	-		
1439	1	O	18.02	G	-		
1439	2	O	18.02	A	-		
1439	3	O	18.02	A	-		
1439	4	O	18.02	A	-		
1439	5	O	18.02	T	-		
1439	6	O	18.02	T	-		
1439	7	O	18.02	T	-		
1439	8	O	18.02	T	-		
1439	9	O	18.02	C	-		
1439	10	O	18.02	T	-		
1439	11	O	18.02	C	-		
1439	12	O	18.02	A	-		
1439	13	O	18.02	T	-		
1439	14	O	18.02	G	-		
1439	15	O	18.02	T	-		
1439	16	O	18.02	T	-		
1439	17	O	18.02	A	-		
1439	18	O	18.02	G	-		
1439	19	O	18.02	T	-		
1439	20	O	18.02	T	-		
1439	21	O	18.02	A	-		
1439	22	O	18.02	G	-		
1439	23	O	18.02	G	-		
1439	24	O	18.02	T	-		
1439	25	O	18.02	A	-		
1439	26	O	18.02	T	-		
1439	27	O	18.02	T	-		
1439	28	O	18.02	C	-		
1439	29	O	18.02	G	-		
1439	30	O	18.02	G	-		
1439	31	O	18.02	T	-		
1439	32	O	18.02	G	-		
1439	33	O	18.02	G	-		
1439	34	O	18.02	A	-		
1439	35	O	18.02	A	-		
1439	36	O	18.02	T	-		
1439	37	O	18.02	G	-		
1439	38	O	8.77	A	-		
1439	39	U	-2.62	G	A		
1439	40	O	18.02	A	-		
1439	41	O	18.02	A	-		
1439	42	O	18.02	C	-		
1439	43	O	18.02	A	-		
1439	44	O	18.02	G	-		
1439	45	O	18.02	T	-		
1439	46	O	18.02	T	-		
1439	47	O	18.02	G	-		
1439	48	O	18.02	A	-		
1439	49	O	18.02	A	-		
1439	50	O	18.02	T	-		
1439	51	O	18.02	T	-		
1439	52	O	18.02	G	-		
1439	53	O	18.02	C	-		
1439	54	O	18.02	A	-		
1439	55	O	18.02	C	-		
1439	56	O	18.02	T	-		
1439	57	O	18.02	A	-		
1439	58	O	18.02	T	-		
1439	59	O	18.02	G	-		
1439	60	O	18.02	G	-		
1439	61	O	18.02	G	-		
1439	62	O	18.02	C	-		
1439	63	O	18.02	G	-		
1439	64	O	18.02	A	-		
1439	65	O	18.02	C	-		
1439	66	O	18.02	G	-		
1439	67	O	18.02	G	-		
1439	68	O	18.02	G	-		
1439	69	O	18.02	T	-		
1439	70	O	18.02	A	-		
1439	71	O	18.02	C	-		
1439	72	O	18.02	T	-		
1439	73	O	18.02	A	-		
1439	74	O	18.02	A	-		
1439	75	O	18.02	C	-		
1439	76	O	18.02	C	-		
1439	77	O	18.02	T	-		
1439	78	O	18.02	T	-		
1439	79	O	18.02	A	-		
1439	80	O	18.02	A	-		
1439	81	O	18.02	C	-		
1439	82	O	18.02	T	-		
1439	83	O	18.02	T	-		
1439	84	O	18.02	C	-		
1439	85	O	18.02	C	-		
1439	86	O	18.02	A	-		
1439	87	O	18.02	C	-		
1439	88	O	18.02	C	-		
1439	89	O	18.02	T	-		
1439	90	O	18.02	G	-		
1439	91	O	18.02	A	-		
1439	92	O	18.02	T	-		
1439	93	O	18.02	T	-		
1439	94	O	18.02	G	-		
1439	95	O	18.02	A	-		
1439	96	O	18.02	A	-		
1439	97	O	18.02	G	-		
1439	98	O	18.02	A	-		
1439	99	O	18.02	C	-		
1439	100	O	18.02	A	-		
1439	101	O	18.02	C	-		
1439	102	O	18.02	G	-		
1439	103	O	18.02	G	-		
1439	104	O	18.02	C	-		
1439	105	O	18.02	C	-		
1439	106	O	18.02	A	-		
1439	107	O	18.02	T	-		
1439	108	O	18.02	T	-		
1439	109	O	18.02	G	-		
1440	0	O	9.70	A	-		
1440	1	O	9.70	G	-		
1440	2	O	9.70	T	-		
1440	3	O	9.70	T	-		
1440	4	O	9.70	T	-		
1440	5	O	9.70	G	-		
1440	6	O	9.70	G	-		
1440	7	O	9.70	C	-		
1440	8	O	9.70	A	-		
1440	9	O	9.70	A	-		
1440	10	O	9.70	A	-		
1440	11	O	9.70	G	-		
1440	12	O	9.70	C	-		
1440	13	O	9.70	A	-		
1440	14	O	9.70	G	-		
1440	15	O	9.70	T	-		
1440	16	O	9.70	G	-		
1440	17	O	9.70	T	-		
1440	18	O	9.70	C	-		
1440	19	O	9.70	C	-		
1440	20	O	9.70	C	-		
1440	21	O	9.70	T	-		
1440	22	O	9.70	T	-		
1440	23	O	9.70	C	-		
1440	24	O	9.70	A	-		
1440	25	O	9.70	T	-		
1440	26	O	9.70	G	-		
1440	27	O	9.70	G	-		
1440	28	O	9.70	G	-		
1440	29	O	9.70	A	-		
1440	30	O	9.70	A	-		
1440	31	O	9.70	A	-		
1440	32	O	9.70	A	-		
1440	33	O	9.70	G	-		
1440	34	O	9.70	A	-		
1440	35	O	9.70	G	-		
1440	36	O	9.70	A	-		
1440	37	O	9.70	T	-		
1440	38	O	9.70	T	-		
1440	39	O	9.70	T	-		
1440	40	O	9.70	T	-		
1440	41	O	9.70	G	-		
1440	42	O	9.70	C	-		
1440	43	O	9.70	A	-		
1440	44	O	9.70	T	-		
1440	45	O	9.70	G	-		
1440	46	O	9.70	T	-		
1440	47	O	9.70	T	-		
1440	48	O	9.70	G	-		
1440	49	O	9.70	G	-		
1440	50	O	9.70	T	-		
1440	51	O	9.70	G	-		
1440	52	O	9.70	G	-		
1440	53	O	9.70	G	-		
1440	54	O	9.70	A	-		
1440	55	O	9.70	T	-		
1440	56	O	9.70	C	-		
1440	57	O	9.70	A	-		
1440	58	O	9.70	A	-		
1440	59	O	9.70	T	-		
1440	60	O	9.70	T	-		
1440	61	O	9.70	C	-		
1440	62	O	9.70	C	-		
1440	63	O	9.70	G	-		
1440	64	O	9.70	T	-		
1440	65	O	9.70	G	-		
1440	66	O	9.70	G	-		
1440	67	O	9.70	G	-		
1440	68	O	9.70	A	-		
1440	69	O	9.70	G	-		
1440	70	O	9.70	A	-		
1440	71	O	9.70	A	-		
1440	72	O	9.70	G	-		
1440	73	O	9.70	G	-		
1440	74	O	9.70	T	-		
1440	75	O	9.70	T	-		
1440	76	O	9.70	G	-		
1440	77	O	9.70	T	-		
1440	78	O	9.70	G	-		
1440	79	O	9.70	G	-		
1440	80	O	9.70	T	-		
1440	81	O	9.70	T	-		
1440	82	O	9.70	G	-		
1440	83	O	9.70	C	-		
1440	84	O	9.70	A	-		
1440	85	O	9.70	A	-		
1440	86	O	9.70	G	-		
1440	87	O	9.70	A	-		
1440	88	O	9.70	A	-		
1440	89	O	9.70	G	-		
1440	90	O	9.70	G	-		
1440	91	O	9.70	T	-		
1440	92	O	9.70	A	-		
1440	93	O	9.70	T	-		
1440	94	O	9.70	A	-		
1440	95	O	9.70	T	-		
1440	96	O	9.70	G	-		
1440	97	O	9.70	T	-		
1440	98	O	9.70	A	-		
1440	99	O	9.70	T	-		
1440	100	O	9.70	T	-		
1440	101	O	9.70	G	-		
1440	102	O	9.70	C	-		
1440	103	O	9.70	C	-		
1440	104	O	9.70	A	-		
1440	105	O	9.70	T	-		
1440	106	O	9.70	A	-		
1440	107	O	9.70	A	-		
1440	108	O	9.70	T	-		
1440	109	O	9.70	G	-		
1441	0	O	9.70	A	-		
1441	1	O	9.70	T	-		
1441	2	O	9.70	C	-		
1441	3	O	9.70	A	-		
1441	4	O	9.70	C	-		
1441	5	O	9.70	C	-		
1441	6	O	9.70	G	-		
1441	7	O	9.70	C	-		
1441	8	O	9.70	G	-		
1441	9	O	9.70	G	-		
1441	10	O	9.70	C	-		
1441	11	O	9.70	G	-		
1441	12	O	9.70	G	-		
1441	13	O	9.70	C	-		
1441	14	O	9.70	G	-		
1441	15	O	9.70	C	-		
1441	16	O	9.70	T	-		
1441	17	O	9.70	C	-		
1441	18	O	9.70	G	-		
1441	19	O	9.70	C	-		
1441	20	O	9.70	G	-		
1441	21	O	9.70	C	-		
1441	22	O	9.70	G	-		
1441	23	O	9.70	A	-		
1441	24	O	9.70	A	-		
1441	25	O	9.70	C	-		
1441	26	O	9.70	G	-		
1441	27	O	9.70	A	-		
1441	28	O	9.70	G	-		
1441	29	O	9.70	G	-		
1441	30	O	9.70	C	-		
1441	31	U	1.77	C	G		
1441	32	O	9.70	A	-		
1441	33	O	9.70	G	-		
1441	34	O	9.70	T	-		
1441	35	O	9.70	T	-		
1441	36	O	9.70	T	-		
1441	37	O	9.70	G	-		
1441	38	O	9.70	A	-		
1441	39	O	9.70	G	-		
1441	40	O	9.70	A	-		
1441	41	O	9.70	T	-		
1441	42	O	9.70	G	-		
1441	43	O	9.70	G	-		
1441	44	O	9.70	A	-		
1441	45	O	9.70	G	-		
1441	46	O	9.70	A	-		
1441	47	O	9.70	A	-		
1441	48	O	9.70	A	-		
1441	49	O	9.70	C	-		
1441	50	O	9.70	A	-		
1441	51	O	9.70	C	-		
1441	52	O	9.70	A	-		
1441	53	O	9.70	C	-		
1441	54	O	9.70	A	-		
1441	55	O	9.70	G	-		
1441	56	O	9.70	G	-		
1441	57	O	9.70	G	-		
1441	58	O	9.70	A	-		
1441	59	O	9.70	T	-		
1441	60	O	9.70	A	-		
1441	61	O	9.70	G	-		
1441	62	O	9.70	C	-		
1441	63	O	9.70	A	-		
1441	64	O	9.70	G	-		
1441	65	O	9.70	C	-		
1441	66	O	9.70	C	-		
1441	67	O	9.70	A	-		
1441	68	O	9.70	G	-		
1441	69	O	9.70	C	-		
1441	70	O	9.70	T	-		
1441	71	O	9.70	T	-		
1441	72	O	9.70	A	-		
1441	73	O	9.70	C	-		
1441	74	O	9.70	C	-		
1441	75	O	9.70	T	-		
1441	76	O	9.70	G	-		
1441	77	O	9.70	T	-		
1441	78	O	9.70	G	-		
1441	79	O	9.70	G	-		
1441	80	O	9.70	A	-		
1441	81	O	9.70	T	-		
1441	82	O	9.70	T	-		
1441	83	O	9.70	G	-		
1441	84	O	9.70	C	-		
1441	85	O	9.70	A	-		
1441	86	O	9.70	C	-		
1441	87	O	9.70	G	-		
1441	88	O	9.70	A	-		
1441	89	O	9.70	C	-		
1441	90	O	9.70	C	-		
1441	91	O	9.70	G	-		
1441	92	O	9.70	G	-		
1441	93	O	9.70	A	-		
1441	94	O	9.70	C	-		
1441	95	O	9.70	T	-		
1441	96	O	9.70	G	-		
1441	97	O	9.70	G	-		
1441	98	O	9.70	C	-		
1441	99	O	9.70	C	-		
1441	100	O	9.70	A	-		
1441	101	O	9.70	G	-		
1441	102	O	9.70	C	-		
1441	103	O	9.70	A	-		
1441	104	O	9.70	A	-		
1441	105	O	9.70	T	-		
1441	106	O	9.70	C	-		
1441	107	O	9.70	C	-		
1441	108	O	9.70	G	-		
1441	109	O	9.70	C	-		
1442	0	O	8.32	T	-		
1442	1	O	8.32	T	-		
1442	2	O	8.32	T	-		
1442	3	O	8.32	T	-		
1442	4	O	8.32	T	-		
1442	5	O	8.32	G	-		
1442	6	O	8.32	G	-		
1442	7	O	8.32	T	-		
1442	8	O	8.32	T	-		
1442	9	O	8.32	G	-		
1442	10	O	8.32	A	-		
1442	11	O	8.32	C	-		
1442	12	O	8.32	T	-		
1442	13	O	8.32	A	-		
1442	14	O	8.32	G	-		
1442	15	O	8.32	C	-		
1442	16	O	8.32	T	-		
1442	17	O	8.32	G	-		
1442	18	O	8.32	T	-		
1442	19	O	8.32	T	-		
1442	20	O	8.32	A	-		
1442	21	O	8.32	T	-		
1442	22	O	8.32	T	-		
1442	23	O	8.32	C	-		
1442	24	O	8.32	C	-		
1442	25	O	8.32	C	-		
1442	26	O	8.32	A	-		
1442	27	O	8.32	A	-		
1442	28	O	8.32	T	-		
1442	29	O	8.32	T	-		
1442	30	O	8.32	G	-		
1442	31	O	8.32	G	-		
1442	32	O	8.32	A	-		
1442	33	O	8.32	C	-		
1442	34	O	8.32	T	-		
1442	35	O	8.32	T	-		
1442	36	O	8.32	G	-		
1442	37	O	8.32	T	-		
1442	38	O	8.32	T	-		
1442	39	O	8.32	C	-		
1442	40	O	8.32	C	-		
1442	41	O	8.32	A	-		
1442	42	O	8.32	T	-		
1442	43	O	8.32	T	-		
1442	44	O	8.32	T	-		
1442	45	O	8.32	A	-		
1442	46	O	8.32	T	-		
1442	47	O	8.32	T	-		
1442	48	O	8.32	G	-		
1442	49	O	8.32	T	-		
1442	50	O	8.32	T	-		
1442	51	O	8.32	C	-		
1442	52	O	8.32	T	-		
1442	53	O	8.32	T	-		
1442	54	O	8.32	C	-		
1442	55	O	8.32	C	-		
1442	56	O	8.32	A	-		
1442	57	O	8.32	T	-		
1442	58	O	8.32	G	-		
1442	59	O	8.32	C	-		
1442	60	O	8.32	A	-		
1442	61	O	8.32	T	-		
1442	62	O	8.32	T	-		
1442	63	O	8.32	A	-		
1442	64	O	8.32	T	-		
1442	65	O	8.32	A	-		
1442	66	O	8.32	A	-		
1442	67	O	8.32	T	-		
1442	68	O	8.32	G	-		
1442	69	O	8.32	T	-		
1442	70	O	8.32	C	-		
1442	71	O	8.32	A	-		
1442	72	O	8.32	A	-		
1442	73	O	8.32	A	-		
1442	74	O	8.32	C	-		
1442	75	O	8.32	T	-		
1442	76	O	8.32	C	-		
1442	77	O	8.32	T	-		
1442	78	O	8.32	C	-		
1442	79	O	8.32	T	-		
1442	80	O	8.32	C	-		
1442	81	O	8.32	A	-		
1442	82	O	8.32	T	-		
1442	83	O	8.32	G	-		
1442	84	O	8.32	G	-		
1442	85	O	8.32	A	-		
1442	86	O	8.32	G	-		
1442	87	O	8.32	A	-		
1442	88	O	8.32	A	-		
1442	89	O	8.32	A	-		
1442	90	O	8.32	C	-		
1442	91	O	8.32	C	-		
1442	92	O	8.32	T	-		
1442	93	O	8.32	T	-		
1442	94	O	8.32	A	-		
1442	95	O	8.32	A	-		
1442	96	O	8.32	A	-		
1442	97	O	8.32	A	-		
1442	98	O	8.32	G	-		
1442	99	O	8.32	C	-		
1442	100	O	8.32	A	-		
1442	101	O	8.32	T	-		
1442	102	O	8.32	T	-		
1442	103	O	8.32	G	-		
1442	104	O	8.32	C	-		
1442	105	O	8.32	A	-		
1442	106	O	8.32	T	-		
1442	107	O	8.32	A	-		
1442	108	O	8.32	T	-		
1442	109	O	8.32	T	-		
1443	0	O	5.55	C	-		
1443	1	O	5.55	G	-		
1443	2	O	5.55	A	-		
1443	3	O	5.55	G	-		
1443	4	O	5.55	A	-		
1443	5	O	5.55	T	-		
1443	6	O	5.55	T	-		
1443	7	O	5.55	G	-		
1443	8	O	5.55	T	-		
1443	9	O	5.55	C	-		
1443	10	O	5.55	T	-		
1443	11	O	5.55	G	-		
1443	12	O	5.55	C	-		
1443	13	O	5.55	G	-		
1443	14	O	5.55	A	-		
1443	15	O	5.55	G	-		
1443	16	O	5.55	C	-		
1443	17	O	5.55	C	-		
1443	18	O	5.55	G	-		
1443	19	O	5.55	C	-		
1443	20	O	5.55	C	-		
1443	21	O	5.55	C	-		
1443	22	O	5.55	A	-		
1443	23	O	5.55	A	-		
1443	24	O	5.55	C	-		
1443	25	O	5.55	A	-		
1443	26	O	5.55	A	-		
1443	27	O	5.55	C	-		
1443	28	O	5.55	A	-		
1443	29	O	5.55	A	-		
1443	30	O	5.55	C	-		
1443	31	O	5.55	C	-		
1443	32	O	5.55	T	-		
1443	33	O	5.55	G	-		
1443	34	O	5.55	A	-		
1443	35	O	5.55	C	-		
1443	36	O	5.55	C	-		
1443	37	O	5.55	A	-		
1443	38	O	5.55	A	-		
1443	39	O	5.55	G	-		
1443	40	O	5.55	T	-		
1443	41	O	5.55	T	-		
1443	42	O	5.55	C	-		
1443	43	O	5.55	G	-		
1443	44	O	5.55	A	-		
1443	45	O	5.55	G	-		
1443	46	O	5.55	G	-		
1443	47	O	5.55	G	-		
1443	48	O	5.55	C	-		
1443	49	O	5.55	A	-		
1443	50	O	5.55	C	-		
1443	51	O	5.55	T	-		
1443	52	O	5.55	C	-		
1443	53	O	5.55	T	-		
1443	54	O	5.55	C	-		
1443	55	O	5.55	T	-		
1443	56	O	5.55	T	-		
1443	57	O	5.55	C	-		
1443	58	O	5.55	T	-		
1443	59	O	5.55	G	-		
1443	60	O	5.55	G	-		
1443	61	O	5.55	C	-		
1443	62	O	5.55	A	-		
1443	63	O	5.55	G	-		
1443	64	O	5.55	G	-		
1443	65	O	5.55	C	-		
1443	66	O	5.55	G	-		
1443	67	O	5.55	C	-		
1443	68	O	5.55	A	-		
1443	69	O	5.55	A	-		
1443	70	O	5.55	A	-		
1443	71	O	5.55	A	-		
1443	72	O	5.55	G	-		
1443	73	O	5.55	T	-		
1443	74	O	5.55	T	-		
1443	75	O	5.55	C	-		
1443	76	O	5.55	C	-		
1443	77	O	5.55	C	-		
1443	78	O	5.55	C	-		
1443	79	O	5.55	A	-		
1443	80	O	5.55	T	-		
1443	81	O	5.55	C	-		
1443	82	O	5.55	G	-		
1443	83	O	5.55	A	-		
1443	84	O	5.55	C	-		
1443	85	O	5.55	A	-		
1443	86	O	5.55	A	-		
1443	87	O	5.55	C	-		
1443	88	O	5.55	G	-		
1443	89	O	5.55	A	-		
1443	90	O	5.55	T	-		
1443	91	O	5.55	A	-		
1443	92	O	5.55	G	-		
1443	93	O	5.55	G	-		
1443	94	O	5.55	A	-		
1443	95	O	5.55	T	-		
1443	96	O	5.55	G	-		
1443	97	O	5.55	C	-		
1443	98	O	5.55	T	-		
1443	99	O	5.55	C	-		
1443	100	O	5.55	C	-		
1443	101	O	5.55	T	-		
1443	102	O	5.55	G	-		
1443	103	O	5.55	C	-		
1443	104	O	5.55	G	-		
1443	105	O	5.55	C	-		
1443	106	O	5.55	G	-		
1443	107	O	5.55	G	-		
1443	108	O	5.55	C	-		
1443	109	O	5.55	T	-		
1444	0	O	9.70	T	-		
1444	1	O	9.70	T	-		
1444	2	O	9.70	C	-		
1444	3	O	9.70	T	-		
1444	4	O	9.70	T	-		
1444	5	O	9.70	G	-		
1444	6	O	9.70	C	-		
1444	7	O	9.70	C	-		
1444	8	O	9.70	T	-		
1444	9	O	9.70	C	-		
1444	10	O	9.70	C	-		
1444	11	O	9.70	A	-		
1444	12	O	9.70	G	-		
1444	13	O	9.70	C	-		
1444	14	O	9.70	T	-		
1444	15	O	9.70	G	-		
1444	16	O	9.70	G	-		
1444	17	O	9.70	T	-		
1444	18	O	9.70	A	-		
1444	19	O	9.70	C	-		
1444	20	O	9.70	T	-		
1444	21	O	9.70	C	-		
1444	22	O	9.70	G	-		
1444	23	O	9.70	A	-		
1444	24	O	9.70	G	-		
1444	25	O	9.70	C	-		
1444	26	O	9.70	T	-		
1444	27	O	9.70	G	-		
1444	28	O	9.70	G	-		
1444	29	O	9.70	C	-		
1444	30	O	9.70	C	-		
1444	31	O	9.70	G	-		
1444	32	O	9.70	A	-		
1444	33	O	9.70	T	-		
1444	34	O	9.70	G	-		
1444	35	O	9.70	A	-		
1444	36	O	9.70	G	-		
1444	37	O	9.70	C	-		
1444	38	O	9.70	T	-		
1444	39	O	9.70	C	-		
1444	40	O	9.70	G	-		
1444	41	U	1.77	G	A		
1444	42	O	9.70	C	-		
1444	43	O	9.70	G	-		
1444	44	O	9.70	C	-		
1444	45	O	9.70	G	-		
1444	46	O	9.70	C	-		
1444	47	O	9.70	G	-		
1444	48	O	9.70	A	-		
1444	49	O	9.70	C	-		
1444	50	O	9.70	C	-		
1444	51	O	9.70	G	-		
1444	52	O	9.70	C	-		
1444	53	O	9.70	T	-		
1444	54	O	9.70	C	-		
1444	55	O	9.70	C	-		
1444	56	O	9.70	A	-		
1444	57	O	9.70	T	-		
1444	58	O	9.70	C	-		
1444	59	O	9.70	C	-		
1444	60	O	9.70	A	-		
1444	61	O	9.70	G	-		
1444	62	O	9.70	T	-		
1444	63	O	9.70	C	-		
1444	64	O	9.70	G	-		
1444	65	O	9.70	C	-		
1444	66	O	9.70	T	-		
1444	67	O	9.70	C	-		
1444	68	O	9.70	C	-		
1444	69	O	9.70	G	-		
1444	70	O	9.70	G	-		
1444	71	O	9.70	G	-		
1444	72	O	9.70	C	-		
1444	73	O	9.70	G	-		
1444	74	O	9.70	G	-		
1444	75	O	9.70	A	-		
1444	76	O	9.70	G	-		
1444	77	O	9.70	A	-		
1444	78	O	9.70	A	-		
1444	79	O	9.70	G	-		
1444	80	O	9.70	T	-		
1444	81	O	9.70	C	-		
1444	82	O	9.70	C	-		
1444	83	O	9.70	A	-		
1444	84	O	9.70	G	-		
1444	85	O	9.70	G	-		
1444	86	O	9.70	G	-		
1444	87	O	9.70	C	-		
1444	88	O	9.70	G	-		
1444	89	O	9.70	C	-		
1444	90	O	9.70	T	-		
1444	91	O	9.70	C	-		
1444	92	O	9.70	A	-		
1444	93	O	9.70	G	-		
1444	94	O	9.70	G	-		
1444	95	O	9.70	C	-		
1444	96	O	9.70	A	-		
1444	97	O	9.70	G	-		
1444	98	O	9.70	C	-		
1444	99	O	9.70	C	-		
1444	100	O	9.70	G	-		
1444	101	O	9.70	T	-		
1444	102	O	9.70	C	-		
1444	103	O	9.70	G	-		
1444	104	O	9.70	A	-		
1444	105	O	9.70	G	-		
1444	106	O	9.70	C	-		
1444	107	O	9.70	A	-		
1444	108	O	9.70	G	-		
1444	109	O	9.70	C	-		
1445	0	O	18.02	A	-		
1445	1	O	18.02	G	-		
1445	2	O	18.02	G	-		
1445	3	O	18.02	G	-		
1445	4	O	18.02	G	-		
1445	5	O	18.02	G	-		
1445	6	O	18.02	C	-		
1445	7	O	18.02	C	-		
1445	8	O	18.02	C	-		
1445	9	O	18.02	A	-		
1445	10	O	18.02	C	-		
1445	11	O	18.02	C	-		
1445	12	O	18.02	T	-		
1445	13	O	18.02	T	-		
1445	14	O	18.02	A	-		
1445	15	O	18.02	T	-		
1445	16	O	18.02	A	-		
1445	17	O	18.02	G	-		
1445	18	O	18.02	C	-		
1445	19	O	18.02	T	-		
1445	20	O	18.02	T	-		
1445	21	O	18.02	A	-		
1445	22	O	18.02	A	-		
1445	23	O	18.02	G	-		
1445	24	O	18.02	G	-		
1445	25	O	18.02	G	-		
1445	26	O	18.02	G	-		
1445	27	O	18.02	G	-		
1445	28	O	18.02	C	-		
1445	29	O	18.02	A	-		
1445	30	O	18.02	A	-		
1445	31	O	18.02	C	-		
1445	32	O	18.02	A	-		
1445	33	O	18.02	C	-		
1445	34	O	18.02	C	-		
1445	35	O	18.02	A	-		
1445	36	O	18.02	A	-		
1445	37	O	18.02	T	-		
1445	38	O	18.02	A	-		
1445	39	O	18.02	C	-		
1445	40	O	18.02	C	-		
1445	41	O	18.02	C	-		
1445	42	O	18.02	A	-		
1445	43	O	18.02	C	-		
1445	44	O	18.02	T	-		
1445	45	O	18.02	C	-		
1445	46	O	18.02	G	-		
1445	47	O	18.02	A	-		
1445	48	O	18.02	T	-		
1445	49	O	18.02	T	-		
1445	50	O	18.02	G	-		
1445	51	O	18.02	G	-		
1445	52	O	18.02	A	-		
1445	53	O	18.02	C	-		
1445	54	O	18.02	A	-		
1445	55	O	18.02	A	-		
1445	56	O	18.02	A	-		
1445	57	O	18.02	A	-		
1445	58	O	18.02	C	-		
1445	59	O	18.02	A	-		
1445	60	O	18.02	A	-		
1445	61	O	18.02	G	-		
1445	62	O	18.02	A	-		
1445	63	O	18.02	C	-		
1445	64	O	18.02	C	-		
1445	65	O	18.02	T	-		
1445	66	O	18.02	G	-		
1445	67	O	18.02	G	-		
1445	68	O	18.02	G	-		
1445	69	O	18.02	T	-		
1445	70	O	18.02	T	-		
1445	71	O	18.02	G	-		
1445	72	O	18.02	A	-		
1445	73	O	18.02	C	-		
1445	74	O	18.02	A	-		
1445	75	O	18.02	T	-		
1445	76	O	18.02	C	-		
1445	77	O	18.02	C	-		
1445	78	O	18.02	A	-		
1445	79	O	18.02	C	-		
1445	80	O	18.02	G	-		
1445	81	O	18.02	A	-		
1445	82	O	18.02	G	-		
1445	83	O	18.02	G	-		
1445	84	O	18.02	C	-		
1445	85	O	18.02	A	-		
1445	86	O	18.02	A	-		
1445	87	O	18.02	T	-		
1445	88	O	18.02	T	-		
1445	89	O	18.02	C	-		
1445	90	O	18.02	A	-		
1445	91	O	18.02	A	-		
1445	92	O	18.02	G	-		
1445	93	O	18.02	T	-		
1445	94	O	18.02	A	-		
1445	95	O	18.02	A	-		
1445	96	O	18.02	A	-		
1445	97	O	18.02	C	-		
1445	98	O	18.02	A	-		
1445	99	O	18.02	A	-		
1445	100	O	18.02	C	-		
1445	101	O	18.02	A	-		
1445	102	O	18.02	G	-		
1445	103	O	18.02	G	-		
1445	104	O	18.02	G	-		
1445	105	O	18.02	T	-		
1445	106	O	18.02	T	-		
1445	107	O	18.02	G	-		
1445	108	O	18.02	G	-		
1445	109	O	18.02	C	-		
1446	0	O	18.02	G	-		
1446	1	O	18.02	T	-		
1446	2	O	18.02	T	-		
1446	3	O	18.02	C	-		
1446	4	O	18.02	C	-		
1446	5	O	18.02	C	-		
1446	6	O	18.02	G	-		
1446	7	O	18.02	G	-		
1446	8	O	18.02	A	-		
1446	9	O	18.02	T	-		
1446	10	O	18.02	C	-		
1446	11	O	18.02	G	-		
1446	12	O	18.02	C	-		
1446	13	O	18.02	G	-		
1446	14	O	18.02	T	-		
1446	15	O	18.02	T	-		
1446	16	O	18.02	C	-		
1446	17	O	18.02	G	-		
1446	18	O	18.02	A	-		
1446	19	O	18.02	C	-		
1446	20	O	18.02	C	-		
1446	21	O	18.02	T	-		
1446	22	O	18.02	G	-		
1446	23	O	18.02	G	-		
1446	24	O	18.02	T	-		
1446	25	O	18.02	C	-		
1446	26	O	18.02	G	-		
1446	27	O	18.02	C	-		
1446	28	O	18.02	G	-		
1446	29	O	18.02	C	-		
1446	30	O	18.02	C	-		
1446	31	O	18.02	G	-		
1446	32	O	18.02	A	-		
1446	33	O	18.02	T	-		
1446	34	O	18.02	C	-		
1446	35	O	18.02	G	-		
1446	36	O	18.02	C	-		
1446	37	O	18.02	C	-		
1446	38	O	18.02	G	-		
1446	39	O	18.02	A	-		
1446	40	O	18.02	G	-		
1446	41	O	18.02	C	-		
1446	42	O	18.02	G	-		
1446	43	O	18.02	C	-		
1446	44	O	18.02	A	-		
1446	45	O	18.02	A	-		
1446	46	O	18.02	G	-		
1446	47	O	18.02	G	-		
1446	48	O	18.02	A	-		
1446	49	O	18.02	C	-		
1446	50	O	18.02	G	-		
1446	51	O	18.02	C	-		
1446	52	O	18.02	C	-		
1446	53	O	18.02	G	-		
1446	54	O	18.02	A	-		
1446	55	O	18.02	G	-		
1446	56	O	18.02	G	-		
1446	57	O	18.02	G	-		
1446	58	O	18.02	T	-		
1446	59	O	18.02	G	-		
1446	60	O	18.02	C	-		
1446	61	O	18.02	C	-		
1446	62	O	18.02	G	-		
1446	63	O	18.02	A	-		
1446	64	O	18.02	G	-		
1446	65	O	18.02	C	-		
1446	66	O	18.02	T	-		
1446	67	O	18.02	C	-		
1446	68	O	18.02	G	-		
1446	69	O	18.02	T	-		
1446	70	O	18.02	C	-		
1446	71	O	18.02	A	-		
1446	72	O	18.02	C	-		
1446	73	O	18.02	G	-		
1446	74	O	18.02	C	-		
1446	75	O	18.02	A	-		
1446	76	O	18.02	G	-		
1446	77	O	18.02	A	-		
1446	78	O	18.02	T	-		
1446	79	O	18.02	C	-		
1446	80	O	18.02	G	-		
1446	81	O	18.02	A	-		
1446	82	O	18.02	C	-		
1446	83	O	18.02	A	-		
1446	84	O	18.02	C	-		
1446	85	O	18.02	C	-		
1446	86	O	18.02	C	-		
1446	87	O	18.02	A	-		
1446	88	O	18.02	G	-		
1446	89	O	18.02	T	-		
1446	90	O	18.02	T	-		
1446	91	O	18.02	C	-		
1446	92	O	18.02	G	-		
1446	93	O	18.02	A	-		
1446	94	O	18.02	C	-		
1446	95	O	18.02	A	-		
1446	96	O	18.02	A	-		
1446	97	O	18.02	G	-		
1446	98	O	18.02	C	-		
1446	99	O	18.02	T	-		
1446	100	O	18.02	G	-		
1446	101	O	18.02	C	-		
1446	102	O	18.02	A	-		
1446	103	O	18.02	G	-		
1446	104	O	18.02	G	-		
1446	105	O	18.02	C	-		
1446	106	O	18.02	C	-		
1446	107	O	18.02	C	-		
1446	108	O	18.02	T	-		
1446	109	O	18.02	G	-		
1447	0	O	6.93	G	-		
1447	1	O	6.93	A	-		
1447	2	O	6.93	T	-		
1447	3	O	6.93	A	-		
1447	4	O	6.93	C	-		
1447	5	O	6.93	G	-		
1447	6	O	6.93	T	-		
1447	7	O	6.93	T	-		
1447	8	O	6.93	C	-		
1447	9	O	6.93	A	-		
1447	10	O	6.93	G	-		
1447	11	O	6.93	C	-		
1447	12	O	6.93	C	-		
1447	13	O	6.93	T	-		
1447	14	O	6.93	T	-		
1447	15	O	6.93	C	-		
1447	16	O	6.93	T	-		
1447	17	O	6.93	T	-		
1447	18	O	6.93	G	-		
1447	19	O	6.93	A	-		
1447	20	O	6.93	T	-		
1447	21	O	6.93	G	-		
1447	22	O	6.93	A	-		
1447	23	O	6.93	T	-		
1447	24	O	6.93	C	-		
1447	25	O	6.93	T	-		
1447	26	O	6.93	C	-		
1447	27	O	6.93	A	-		
1447	28	O	6.93	G	-		
1447	29	O	6.93	G	-		
1447	30	O	6.93	C	-		
1447	31	O	6.93	G	-		
1447	32	O	6.93	A	-		
1447	33	O	6.93	G	-		
1447	34	O	6.93	C	-		
1447	35	O	6.93	A	-		
1447	36	O	6.93	T	-		
1447	37	O	6.93	T	-		
1447	38	O	6.93	C	-		
1447	39	O	6.93	G	-		
1447	40	O	6.93	G	-		
1447	41	O	6.93	G	-		
1447	42	O	6.93	G	-		
1447	43	O	6.93	A	-		
1447	44	O	6.93	A	-		
1447	45	O	6.93	C	-		
1447	46	O	6.93	T	-		
1447	47	O	6.93	G	-		
1447	48	O	6.93	T	-		
1447	49	O	6.93	C	-		
1447	50	O	6.93	G	-		
1447	51	O	6.93	C	-		
1447	52	O	6.93	A	-		
1447	53	O	6.93	G	-		
1447	54	O	6.93	C	-		
1447	55	O	6.93	G	-		
1447	56	O	6.93	G	-		
1447	57	O	6.93	G	-		
1447	58	O	6.93	C	-		
1447	59	O	6.93	T	-		
1447	60	O	6.93	C	-		
1447	61	O	6.93	A	-		
1447	62	O	6.93	T	-		
1447	63	O	6.93	C	-		
1447	64	O	6.93	G	-		
1447	65	O	6.93	T	-		
1447	66	O	6.93	A	-		
1447	67	O	6.93	G	-		
1447	68	O	6.93	G	-		
1447	69	O	6.93	C	-		
1447	70	O	6.93	C	-		
1447	71	O	6.93	A	-		
1447	72	O	6.93	C	-		
1447	73	O	6.93	A	-		
1447	74	O	6.93	T	-		
1447	75	O	6.93	T	-		
1447	76	O	6.93	C	-		
1447	77	O	6.93	G	-		
1447	78	O	6.93	C	-		
1447	79	O	6.93	T	-		
1447	80	O	6.93	T	-		
1447	81	O	6.93	C	-		
1447	82	O	6.93	T	-		
1447	83	O	6.93	C	-		
1447	84	O	6.93	A	-		
1447	85	O	6.93	G	-		
1447	86	O	6.93	C	-		
1447	87	O	6.93	C	-		
1447	88	O	6.93	G	-		
1447	89	O	6.93	T	-		
1447	90	O	6.93	C	-		
1447	91	O	6.93	T	-		
1447	92	O	6.93	T	-		
1447	93	O	6.93	G	-		
1447	94	O	6.93	C	-		
1447	95	O	6.93	A	-		
1447	96	O	6.93	G	-		
1447	97	O	6.93	A	-		
1447	98	O	6.93	G	-		
1447	99	O	6.93	G	-		
1447	100	O	6.93	G	-		
1447	101	O	6.93	C	-		
1447	102	O	6.93	G	-		
1447	103	O	6.93	A	-		
1447	104	O	6.93	G	-		
1447	105	O	6.93	A	-		
1447	106	O	6.93	G	-		
1447	107	O	6.93	C	-		
1447	108	O	6.93	A	-		
1447	109	O	6.93	T	-		
1448	0	O	9.70	T	-		
1448	1	O	9.70	C	-		
1448	2	O	9.70	A	-		
1448	3	O	9.70	C	-		
1448	4	O	9.70	T	-		
1448	5	O	9.70	C	-		
1448	6	O	9.70	G	-		
1448	7	O	9.70	T	-		
1448	8	O	9.70	C	-		
1448	9	O	9.70	A	-		
1448	10	O	9.70	G	-		
1448	11	O	9.70	A	-		
1448	12	O	9.70	G	-		
1448	13	O	9.70	A	-		
1448	14	O	9.70	C	-		
1448	15	O	9.70	C	-		
1448	16	O	9.70	A	-		
1448	17	O	9.70	A	-		
1448	18	O	9.70	G	-		
1448	19	O	9.70	C	-		
1448	20	O	9.70	C	-		
1448	21	O	9.70	A	-		
1448	22	O	9.70	A	-		
1448	23	O	9.70	T	-		
1448	24	O	9.70	G	-		
1448	25	O	9.70	A	-		
1448	26	O	9.70	A	-		
1448	27	O	9.70	G	-		
1448	28	O	9.70	A	-		
1448	29	O	9.70	T	-		
1448	30	O	9.70	C	-		
1448	31	O	9.70	C	-		
1448	32	O	9.70	C	-		
1448	33	O	9.70	G	-		
1448	34	O	9.70	T	-		
1448	35	O	9.70	T	-		
1448	36	O	9.70	G	-		
1448	37	O	9.70	G	-		
1448	38	O	9.70	C	-		
1448	39	O	9.70	G	-		
1448	40	O	9.70	A	-		
1448	41	O	9.70	G	-		
1448	42	O	9.70	T	-		
1448	43	O	9.70	G	-		
1448	44	O	9.70	G	-		
1448	45	O	9.70	C	-		
1448	46	O	9.70	G	-		
1448	47	O	9.70	A	-		
1448	48	O	9.70	C	-		
1448	49	O	9.70	A	-		
1448	50	O	9.70	T	-		
1448	51	O	9.70	G	-		
1448	52	O	9.70	G	-		
1448	53	O	9.70	T	-		
1448	54	O	9.70	G	-		
1448	55	O	9.70	C	-		
1448	56	O	9.70	T	-		
1448	57	O	9.70	C	-		
1448	58	O	9.70	A	-		
1448	59	O	9.70	T	-		
1448	60	O	9.70	G	-		
1448	61	O	9.70	A	-		
1448	62	O	9.70	A	-		
1448	63	O	9.70	A	-		
1448	64	O	9.70	G	-		
1448	65	O	9.70	G	-		
1448	66	O	9.70	T	-		
1448	67	O	9.70	C	-		
1448	68	O	9.70	C	-		
1448	69	O	9.70	A	-		
1448	70	O	9.70	A	-		
1448	71	O	9.70	C	-		
1448	72	O	9.70	G	-		
1448	73	O	9.70	C	-		
1448	74	O	9.70	A	-		
1448	75	O	9.70	G	-		
1448	76	O	9.70	A	-		
1448	77	O	9.70	G	-		
1448	78	O	9.70	C	-		
1448	79	O	9.70	C	-		
1448	80	O	9.70	G	-		
1448	81	O	9.70	G	-		
1448	82	O	9.70	T	-		
1448	83	O	9.70	G	-		
1448	84	O	9.70	G	-		
1448	85	O	9.70	T	-		
1448	86	O	9.70	T	-		
1448	87	O	9.70	G	-		
1448	88	O	9.70	C	-		
1448	89	O	9.70	A	-		
1448	90	O	9.70	C	-		
1448	91	O	9.70	A	-		
1448	92	O	9.70	G	-		
1448	93	O	9.70	C	-		
1448	94	O	9.70	A	-		
1448	95	O	9.70	T	-		
1448	96	O	9.70	A	-		
1448	97	O	9.70	C	-		
1448	98	O	9.70	C	-		
1448	99	O	9.70	C	-		
1448	100	O	9.70	A	-		
1448	101	O	9.70	A	-		
1448	102	O	9.70	G	-		
1448	103	O	9.70	C	-		
1448	104	O	9.70	G	-		
1448	105	O	9.70	C	-		
1448	106	O	9.70	A	-		
1448	107	O	9.70	A	-		
1448	108	O	9.70	A	-		
1448	109	O	9.70	G	-		
1449	0	O	11.09	A	-		
1449	1	O	11.09	C	-		
1449	2	O	11.09	C	-		
1449	3	O	11.09	T	-		
1449	4	O	11.09	C	-		
1449	5	O	11.09	G	-		
1449	6	O	11.09	G	-		
1449	7	O	11.09	T	-		
1449	8	O	11.09	C	-		
1449	9	O	11.09	A	-		
1449	10	O	11.09	C	-		
1449	11	O	11.09	G	-		
1449	12	O	11.09	A	-		
1449	13	O	11.09	C	-		
1449	14	O	11.09	A	-		
1449	15	O	11.09	C	-		
1449	16	O	11.09	T	-		
1449	17	O	11.09	A	-		
1449	18	O	11.09	T	-		
1449	19	O	11.09	G	-		
1449	20	O	11.09	G	-		
1449	21	O	11.09	A	-		
1449	22	O	11.09	A	-		
1449	23	O	11.09	G	-		
1449	24	O	11.09	C	-		
1449	25	O	11.09	C	-		
1449	26	O	11.09	A	-		
1449	27	O	11.09	A	-		
1449	28	O	11.09	T	-		
1449	29	O	11.09	T	-		
1449	30	O	11.09	T	-		
1449	31	O	11.09	G	-		
1449	32	O	11.09	C	-		
1449	33	O	11.09	T	-		
1449	34	O	11.09	G	-		
1449	35	O	11.09	C	-		
1449	36	O	11.09	T	-		
1449	37	O	11.09	G	-		
1449	38	O	11.09	C	-		
1449	39	O	11.09	G	-		
1449	40	O	11.09	C	-		
1449	41	O	11.09	C	-		
1449	42	O	11.09	A	-		
1449	43	O	11.09	T	-		
1449	44	O	11.09	C	-		
1449	45	O	11.09	C	-		
1449	46	O	11.09	A	-		
1449	47	O	11.09	G	-		
1449	48	O	11.09	G	-		
1449	49	O	11.09	T	-		
1449	50	O	11.09	G	-		
1449	51	O	11.09	A	-		
1449	52	O	11.09	T	-		
1449	53	O	11.09	G	-		
1449	54	O	11.09	C	-		
1449	55	O	11.09	G	-		
1449	56	O	11.09	C	-		
1449	57	O	11.09	G	-		
1449	58	O	11.09	C	-		
1449	59	O	11.09	T	-		
1449	60	O	11.09	C	-		
1449	61	O	11.09	G	-		
1449	62	O	11.09	T	-		
1449	63	O	11.09	A	-		
1449	64	O	11.09	C	-		
1449	65	O	11.09	G	-		
1449	66	O	11.09	G	-		
1449	67	O	11.09	T	-		
1449	68	O	11.09	C	-		
1449	69	O	11.09	T	-		
1449	70	O	11.09	T	-		
1449	71	O	11.09	G	-		
1449	72	O	11.09	C	-		
1449	73	O	11.09	G	-		
1449	74	O	11.09	A	-		
1449	75	O	11.09	C	-		
1449	76	O	11.09	T	-		
1449	77	O	11.09	G	-		
1449	78	O	11.09	C	-		
1449	79	O	11.09	T	-		
1449	80	O	11.09	A	-		
1449	81	O	11.09	T	-		
1449	82	O	11.09	G	-		
1449	83	O	11.09	C	-		
1449	84	O	11.09	T	-		
1449	85	O	11.09	T	-		
1449	86	O	11.09	A	-		
1449	87	O	11.09	T	-		
1449	88	O	11.09	G	-		
1449	89	O	11.09	G	-		
1449	90	O	11.09	A	-		
1449	91	O	11.09	T	-		
1449	92	O	11.09	T	-		
1449	93	O	11.09	T	-		
1449	94	O	11.09	G	-		
1449	95	O	11.09	G	-		
1449	96	O	11.09	G	-		
1449	97	O	11.09	A	-		
1449	98	O	11.09	C	-		
1449	99	O	11.09	T	-		
1449	100	O	11.09	T	-		
1449	101	O	11.09	G	-		
1449	102	O	11.09	G	-		
1449	103	O	11.09	T	-		
1449	104	O	11.09	G	-		
1449	105	O	11.09	G	-		
1449	106	O	11.09	C	-		
1449	107	O	11.09	G	-		
1449	108	O	11.09	A	-		
1449	109	O	11.09	G	-		
1450	0	O	5.55	T	-		
1450	1	O	5.55	A	-		
1450	2	O	5.55	G	-		
1450	3	O	5.55	T	-		
1450	4	O	5.55	C	-		
1450	5	O	5.55	G	-		
1450	6	O	5.55	G	-		
1450	7	O	5.55	T	-		
1450	8	O	5.55	C	-		
1450	9	O	5.55	G	-		
1450	10	O	5.55	G	-		
1450	11	O	5.55	C	-		
1450	12	O	5.55	G	-		
1450	13	O	5.55	C	-		
1450	14	O	5.55	G	-		
1450	15	O	5.55	C	-		
1450	16	O	5.55	A	-		
1450	17	O	5.55	C	-		
1450	18	O	5.55	G	-		
1450	19	O	5.55	A	-		
1450	20	O	5.55	G	-		
1450	21	O	5.55	T	-		
1450	22	O	5.55	T	-		
1450	23	O	5.55	G	-		
1450	24	O	5.55	C	-		
1450	25	O	5.55	C	-		
1450	26	O	5.55	A	-		
1450	27	O	5.55	A	-		
1450	28	O	5.55	A	-		
1450	29	O	5.55	G	-		
1450	30	O	5.55	T	-		
1450	31	O	5.55	C	-		
1450	32	O	5.55	C	-		
1450	33	O	5.55	A	-		
1450	34	O	5.55	T	-		
1450	35	O	5.55	T	-		
1450	36	O	5.55	C	-		
1450	37	O	5.55	A	-		
1450	38	O	5.55	G	-		
1450	39	O	5.55	T	-		
1450	40	O	5.55	T	-		
1450	41	O	5.55	G	-		
1450	42	O	5.55	G	-		
1450	43	O	5.55	C	-		
1450	44	O	5.55	T	-		
1450	45	O	5.55	C	-		
1450	46	O	5.55	G	-		
1450	47	O	5.55	C	-		
1450	48	O	5.55	T	-		
1450	49	O	5.55	C	-		
1450	50	O	5.55	G	-		
1450	51	O	5.55	C	-		
1450	52	O	5.55	G	-		
1450	53	O	5.55	A	-		
1450	54	O	5.55	T	-		
1450	55	O	5.55	A	-		
1450	56	O	5.55	C	-		
1450	57	O	5.55	A	-		
1450	58	O	5.55	A	-		
1450	59	O	5.55	A	-		
1450	60	O	5.55	A	-		
1450	61	O	5.55	G	-		
1450	62	O	5.55	T	-		
1450	63	O	5.55	G	-		
1450	64	O	5.55	G	-		
1450	65	O	5.55	A	-		
1450	66	O	5.55	T	-		
1450	67	O	5.55	A	-		
1450	68	O	5.55	C	-		
1450	69	O	5.55	A	-		
1450	70	O	5.55	A	-		
1450	71	O	5.55	A	-		
1450	72	O	5.55	A	-		
1450	73	O	5.55	G	-		
1450	74	O	5.55	T	-		
1450	75	O	5.55	G	-		
1450	76	O	5.55	A	-		
1450	77	O	5.55	C	-		
1450	78	O	5.55	T	-		
1450	79	O	5.55	C	-		
1450	80	O	5.55	C	-		
1450	81	O	5.55	G	-		
1450	82	O	5.55	A	-		
1450	83	O	5.55	C	-		
1450	84	O	5.55	G	-		
1450	85	O	5.55	G	-		
1450	86	O	5.55	C	-		
1450	87	O	5.55	C	-		
1450	88	O	5.55	G	-		
1450	89	O	5.55	A	-		
1450	90	O	5.55	G	-		
1450	91	O	5.55	C	-		
1450	92	O	5.55	G	-		
1450	93	O	5.55	A	-		
1450	94	O	5.55	T	-		
1450	95	O	5.55	A	-		
1450	96	O	5.55	A	-		
1450	97	O	5.55	A	-		
1450	98	O	5.55	T	-		
1450	99	O	5.55	G	-		
1450	100	O	5.55	T	-		
1450	101	O	5.55	G	-		
1450	102	O	5.55	A	-		
1450	103	O	5.55	G	-		
1450	104	O	5.55	C	-		
1450	105	O	5.55	C	-		
1450	106	O	5.55	A	-		
1450	107	O	5.55	G	-		
1450	108	O	5.55	C	-		
1450	109	O	5.55	T	-		
1451	0	O	11.09	C	-		
1451	1	O	11.09	G	-		
1451	2	O	11.09	T	-		
1451	3	O	11.09	T	-		
1451	4	O	11.09	G	-		
1451	5	O	11.09	G	-		
1451	6	O	11.09	A	-		
1451	7	O	11.09	G	-		
1451	8	O	11.09	C	-		
1451	9	O	11.09	G	-		
1451	10	O	11.09	A	-		
1451	11	O	11.09	T	-		
1451	12	O	11.09	C	-		
1451	13	O	11.09	T	-		
1451	14	O	11.09	G	-		
1451	15	O	11.09	T	-		
1451	16	O	11.09	C	-		
1451	17	O	11.09	G	-		
1451	18	O	11.09	A	-		
1451	19	O	11.09	A	-		
1451	20	O	11.09	T	-		
1451	21	O	11.09	T	-		
1451	22	O	11.09	C	-		
1451	23	O	11.09	G	-		
1451	24	O	11.09	A	-		
1451	25	O	11.09	G	-		
1451	26	O	11.09	C	-		
1451	27	O	11.09	T	-		
1451	28	O	11.09	G	-		
1451	29	O	11.09	T	-		
1451	30	O	11.09	A	-		
1451	31	O	11.09	T	-		
1451	32	O	11.09	T	-		
1451	33	O	11.09	G	-		
1451	34	O	11.09	C	-		
1451	35	O	11.09	C	-		
1451	36	O	11.09	G	-		
1451	37	O	11.09	T	-		
1451	38	O	11.09	T	-		
1451	39	O	11.09	G	-		
1451	40	O	11.09	C	-		
1451	41	O	11.09	A	-		
1451	42	O	11.09	C	-		
1451	43	O	11.09	C	-		
1451	44	O	11.09	C	-		
1451	45	O	11.09	T	-		
1451	46	O	11.09	C	-		
1451	47	O	11.09	C	-		
1451	48	O	11.09	T	-		
1451	49	O	11.09	C	-		
1451	50	O	11.09	T	-		
1451	51	O	11.09	G	-		
1451	52	O	11.09	C	-		
1451	53	O	11.09	T	-		
1451	54	O	11.09	C	-		
1451	55	O	11.09	G	-		
1451	56	O	11.09	C	-		
1451	57	O	11.09	T	-		
1451	58	O	11.09	C	-		
1451	59	O	11.09	C	-		
1451	60	O	11.09	T	-		
1451	61	O	11.09	T	-		
1451	62	O	11.09	T	-		
1451	63	O	11.09	T	-		
1451	64	O	11.09	C	-		
1451	65	O	11.09	G	-		
1451	66	O	11.09	A	-		
1451	67	O	11.09	T	-		
1451	68	O	11.09	T	-		
1451	69	O	11.09	T	-		
1451	70	O	11.09	G	-		
1451	71	O	11.09	C	-		
1451	72	O	11.09	G	-		
1451	73	O	11.09	A	-		
1451	74	O	11.09	C	-		
1451	75	O	11.09	A	-		
1451	76	O	11.09	A	-		
1451	77	O	11.09	A	-		
1451	78	O	11.09	T	-		
1451	79	O	11.09	G	-		
1451	80	O	11.09	T	-		
1451	81	O	11.09	A	-		
1451	82	O	11.09	T	-		
1451	83	O	11.09	C	-		
1451	84	O	11.09	A	-		
1451	85	O	11.09	G	-		
1451	86	O	11.09	A	-		
1451	87	O	11.09	T	-		
1451	88	O	11.09	C	-		
1451	89	O	11.09	G	-		
1451	90	O	11.09	T	-		
1451	91	O	11.09	C	-		
1451	92	O	11.09	C	-		
1451	93	O	11.09	A	-		
1451	94	O	11.09	T	-		
1451	95	O	11.09	C	-		
1451	96	O	11.09	T	-		
1451	97	O	11.09	G	-		
1451	98	O	11.09	A	-		
1451	99	O	11.09	G	-		
1451	100	O	11.09	T	-		
1451	101	O	11.09	T	-		
1451	102	O	11.09	G	-		
1451	103	O	11.09	C	-		
1451	104	O	11.09	C	-		
1451	105	O	11.09	A	-		
1451	106	O	11.09	A	-		
1451	107	O	11.09	C	-		
1451	108	O	11.09	T	-		
1451	109	O	11.09	G	-		
1452	0	O	5.55	G	-		
1452	1	O	5.55	T	-		
1452	2	O	5.55	C	-		
1452	3	O	5.55	T	-		
1452	4	O	5.55	C	-		
1452	5	O	5.55	G	-		
1452	6	O	5.55	T	-		
1452	7	O	5.55	C	-		
1452	8	O	5.55	G	-		
1452	9	O	5.55	G	-		
1452	10	O	5.55	C	-		
1452	11	O	5.55	T	-		
1452	12	O	5.55	G	-		
1452	13	O	5.55	C	-		
1452	14	O	5.55	G	-		
1452	15	O	5.55	A	-		
1452	16	O	5.55	T	-		
1452	17	O	5.55	C	-		
1452	18	O	5.55	A	-		
1452	19	O	5.55	T	-		
1452	20	O	5.55	C	-		
1452	21	O	5.55	A	-		
1452	22	O	5.55	A	-		
1452	23	O	5.55	C	-		
1452	24	O	5.55	C	-		
1452	25	O	5.55	T	-		
1452	26	O	5.55	T	-		
1452	27	O	5.55	G	-		
1452	28	O	5.55	C	-		
1452	29	O	5.55	C	-		
1452	30	O	5.55	A	-		
1452	31	O	5.55	T	-		
1452	32	O	5.55	G	-		
1452	33	O	5.55	T	-		
1452	34	O	5.55	G	-		
1452	35	O	5.55	C	-		
1452	36	O	5.55	C	-		
1452	37	O	5.55	T	-		
1452	38	O	5.55	G	-		
1452	39	O	5.55	T	-		
1452	40	O	5.55	T	-		
1452	41	O	5.55	T	-		
1452	42	O	5.55	A	-		
1452	43	O	5.55	T	-		
1452	44	O	5.55	A	-		
1452	45	O	5.55	C	-		
1452	46	O	5.55	A	-		
1452	47	O	5.55	T	-		
1452	48	O	5.55	C	-		
1452	49	O	5.55	C	-		
1452	50	O	5.55	A	-		
1452	51	O	5.55	G	-		
1452	52	O	5.55	G	-		
1452	53	O	5.55	C	-		
1452	54	O	5.55	G	-		
1452	55	O	5.55	C	-		
1452	56	O	5.55	A	-		
1452	57	O	5.55	A	-		
1452	58	O	5.55	A	-		
1452	59	O	5.55	C	-		
1452	60	O	5.55	A	-		
1452	61	O	5.55	T	-		
1452	62	O	5.55	C	-		
1452	63	O	5.55	G	-		
1452	64	O	5.55	A	-		
1452	65	O	5.55	C	-		
1452	66	O	5.55	C	-		
1452	67	O	5.55	A	-		
1452	68	O	5.55	G	-		
1452	69	O	5.55	G	-		
1452	70	O	5.55	C	-		
1452	71	O	5.55	C	-		
1452	72	O	5.55	A	-		
1452	73	O	5.55	T	-		
1452	74	O	5.55	C	-		
1452	75	O	5.55	C	-		
1452	76	O	5.55	A	-		
1452	77	O	5.55	C	-		
1452	78	O	5.55	T	-		
1452	79	O	5.55	T	-		
1452	80	O	5.55	C	-		
1452	81	O	5.55	A	-		
1452	82	O	5.55	G	-		
1452	83	O	5.55	A	-		
1452	84	O	5.55	A	-		
1452	85	O	5.55	T	-		
1452	86	O	5.55	G	-		
1452	87	O	5.55	G	-		
1452	88	O	5.55	G	-		
1452	89	O	5.55	A	-		
1452	90	O	5.55	C	-		
1452	91	O	5.55	C	-		
1452	92	O	5.55	A	-		
1452	93	O	5.55	A	-		
1452	94	O	5.55	G	-		
1452	95	O	5.55	T	-		
1452	96	O	5.55	T	-		
1452	97	O	5.55	G	-		
1452	98	O	5.55	G	-		
1452	99	O	5.55	C	-		
1452	100	O	5.55	G	-		
1452	101	O	5.55	G	-		
1452	102	O	5.55	C	-		
1452	103	O	5.55	A	-		
1452	104	O	5.55	T	-		
1452	105	O	5.55	A	-		
1452	106	O	5.55	A	-		
1452	107	O	5.55	T	-		
1452	108	O	5.55	T	-		
1452	109	O	5.55	G	-		
1453	0	O	12.48	C	-		
1453	1	O	12.48	G	-		
1453	2	O	12.48	T	-		
1453	3	O	12.48	C	-		
1453	4	O	12.48	G	-		
1453	5	O	12.48	A	-		
1453	6	O	12.48	T	-		
1453	7	O	12.48	C	-		
1453	8	O	12.48	C	-		
1453	9	O	12.48	T	-		
1453	10	O	12.48	C	-		
1453	11	O	12.48	T	-		
1453	12	O	12.48	C	-		
1453	13	O	12.48	A	-		
1453	14	O	12.48	A	-		
1453	15	O	12.48	G	-		
1453	16	O	12.48	T	-		
1453	17	O	12.48	T	-		
1453	18	O	12.48	T	-		
1453	19	O	12.48	C	-		
1453	20	O	12.48	T	-		
1453	21	O	12.48	T	-		
1453	22	O	12.48	A	-		
1453	23	O	12.48	T	-		
1453	24	O	12.48	C	-		
1453	25	O	12.48	C	-		
1453	26	O	12.48	C	-		
1453	27	O	12.48	G	-		
1453	28	O	12.48	T	-		
1453	29	O	12.48	T	-		
1453	30	O	12.48	G	-		
1453	31	O	12.48	A	-		
1453	32	O	12.48	A	-		
1453	33	O	12.48	G	-		
1453	34	O	12.48	G	-		
1453	35	O	12.48	A	-		
1453	36	O	12.48	T	-		
1453	37	O	12.48	T	-		
1453	38	O	12.48	T	-		
1453	39	O	12.48	T	-		
1453	40	O	12.48	T	-		
1453	41	O	12.48	A	-		
1453	42	O	12.48	T	-		
1453	43	O	12.48	C	-		
1453	44	O	12.48	T	-		
1453	45	O	12.48	T	-		
1453	46	O	12.48	A	-		
1453	47	O	12.48	T	-		
1453	48	O	12.48	C	-		
1453	49	O	12.48	T	-		
1453	50	O	12.48	T	-		
1453	51	O	12.48	A	-		
1453	52	O	12.48	T	-		
1453	53	O	12.48	G	-		
1453	54	O	12.48	A	-		
1453	55	O	12.48	A	-		
1453	56	O	12.48	T	-		
1453	57	O	12.48	C	-		
1453	58	O	12.48	G	-		
1453	59	O	12.48	T	-		
1453	60	O	12.48	T	-		
1453	61	O	12.48	T	-		
1453	62	O	12.48	T	-		
1453	63	O	12.48	C	-		
1453	64	O	12.48	C	-		
1453	65	O	12.48	C	-		
1453	66	O	12.48	C	-		
1453	67	O	12.48	A	-		
1453	68	O	12.48	A	-		
1453	69	O	12.48	A	-		
1453	70	O	12.48	A	-		
1453	71	O	12.48	C	-		
1453	72	O	12.48	A	-		
1453	73	O	12.48	T	-		
1453	74	O	12.48	C	-		
1453	75	O	12.48	G	-		
1453	76	O	12.48	A	-		
1453	77	O	12.48	G	-		
1453	78	O	12.48	C	-		
1453	79	O	12.48	T	-		
1453	80	O	12.48	T	-		
1453	81	O	12.48	A	-		
1453	82	O	12.48	C	-		
1453	83	O	12.48	C	-		
1453	84	O	12.48	T	-		
1453	85	O	12.48	C	-		
1453	86	O	12.48	A	-		
1453	87	O	12.48	T	-		
1453	88	O	12.48	G	-		
1453	89	O	12.48	T	-		
1453	90	O	12.48	C	-		
1453	91	O	12.48	A	-		
1453	92	O	12.48	G	-		
1453	93	O	12.48	T	-		
1453	94	O	12.48	T	-		
1453	95	O	12.48	C	-		
1453	96	O	12.48	A	-		
1453	97	O	12.48	A	-		
1453	98	O	12.48	T	-		
1453	99	O	12.48	C	-		
1453	100	O	12.48	T	-		
1453	101	O	12.48	T	-		
1453	102	O	12.48	C	-		
1453	103	O	12.48	T	-		
1453	104	O	12.48	C	-		
1453	105	O	12.48	A	-		
1453	106	O	12.48	T	-		
1453	107	O	12.48	G	-		
1453	108	O	12.48	A	-		
1453	109	O	12.48	A	-		
1454	0	O	5.55	G	-		
1454	1	O	5.55	G	-		
1454	2	O	5.55	C	-		
1454	3	O	5.55	T	-		
1454	4	O	5.55	T	-		
1454	5	O	5.55	G	-		
1454	6	O	5.55	C	-		
1454	7	O	5.55	T	-		
1454	8	O	5.55	C	-		
1454	9	O	5.55	C	-		
1454	10	O	5.55	G	-		
1454	11	O	5.55	T	-		
1454	12	O	5.55	A	-		
1454	13	O	5.55	A	-		
1454	14	O	5.55	A	-		
1454	15	O	5.55	G	-		
1454	16	O	5.55	A	-		
1454	17	O	5.55	C	-		
1454	18	O	5.55	G	-		
1454	19	O	5.55	A	-		
1454	20	O	5.55	C	-		
1454	21	O	5.55	C	-		
1454	22	O	5.55	G	-		
1454	23	O	5.55	A	-		
1454	24	O	5.55	C	-		
1454	25	O	5.55	G	-		
1454	26	O	5.55	A	-		
1454	27	O	5.55	T	-		
1454	28	O	5.55	G	-		
1454	29	O	5.55	G	-		
1454	30	O	5.55	C	-		
1454	31	O	5.55	G	-		
1454	32	O	5.55	A	-		
1454	33	O	5.55	G	-		
1454	34	O	5.55	A	-		
1454	35	O	5.55	G	-		
1454	36	O	5.55	C	-		
1454	37	O	5.55	A	-		
1454	38	O	5.55	T	-		
1454	39	O	5.55	T	-		
1454	40	O	5.55	G	-		
1454	41	O	5.55	G	-		
1454	42	O	5.55	G	-		
1454	43	O	5.55	G	-		
1454	44	O	5.55	A	-		
1454	45	O	5.55	C	-		
1454	46	O	5.55	A	-		
1454	47	O	5.55	A	-		
1454	48	O	5.55	G	-		
1454	49	O	5.55	C	-		
1454	50	O	5.55	A	-		
1454	51	O	5.55	G	-		
1454	52	O	5.55	A	-		
1454	53	O	5.55	G	-		
1454	54	O	5.55	A	-		
1454	55	O	5.55	A	-		
1454	56	O	5.55	C	-		
1454	57	O	5.55	A	-		
1454	58	O	5.55	G	-		
1454	59	O	5.55	C	-		
1454	60	O	5.55	C	-		
1454	61	O	5.55	G	-		
1454	62	O	5.55	A	-		
1454	63	O	5.55	T	-		
1454	64	O	5.55	T	-		
1454	65	O	5.55	C	-		
1454	66	O	5.55	C	-		
1454	67	O	5.55	T	-		
1454	68	O	5.55	T	-		
1454	69	O	5.55	G	-		
1454	70	O	5.55	A	-		
1454	71	O	5.55	A	-		
1454	72	O	5.55	A	-		
1454	73	O	5.55	G	-		
1454	74	O	5.55	C	-		
1454	75	O	5.55	C	-		
1454	76	O	5.55	G	-		
1454	77	O	5.55	C	-		
1454	78	O	5.55	G	-		
1454	79	O	5.55	G	-		
1454	80	O	5.55	G	-		
1454	81	O	5.55	C	-		
1454	82	O	5.55	T	-		
1454	83	O	5.55	A	-		
1454	84	O	5.55	C	-		
1454	85	O	5.55	G	-		
1454	86	O	5.55	C	-		
1454	87	O	5.55	T	-		
1454	88	O	5.55	G	-		
1454	89	O	5.55	A	-		
1454	90	O	5.55	A	-		
1454	91	O	5.55	G	-		
1454	92	O	5.55	A	-		
1454	93	O	5.55	G	-		
1454	94	O	5.55	A	-		
1454	95	O	5.55	A	-		
1454	96	O	5.55	C	-		
1454	97	O	5.55	G	-		
1454	98	O	5.55	T	-		
1454	99	O	5.55	C	-		
1454	100	O	5.55	G	-		
1454	101	O	5.55	C	-		
1454	102	O	5.55	C	-		
1454	103	O	5.55	G	-		
1454	104	O	5.55	C	-		
1454	105	O	5.55	T	-		
1454	106	O	5.55	G	-		
1454	107	O	5.55	T	-		
1454	108	O	5.55	A	-		
1454	109	O	5.55	T	-		
1455	0	O	8.32	T	-		
1455	1	O	8.32	T	-		
1455	2	O	8.32	C	-		
1455	3	O	8.32	A	-		
1455	4	O	8.32	T	-		
1455	5	O	8.32	C	-		
1455	6	O	8.32	C	-		
1455	7	O	8.32	C	-		
1455	8	O	8.32	A	-		
1455	9	O	8.32	G	-		
1455	10	O	8.32	A	-		
1455	11	O	8.32	A	-		
1455	12	O	8.32	G	-		
1455	13	O	8.32	A	-		
1455	14	O	8.32	T	-		
1455	15	O	8.32	C	-		
1455	16	O	8.32	C	-		
1455	17	O	8.32	A	-		
1455	18	O	8.32	G	-		
1455	19	O	8.32	G	-		
1455	20	O	8.32	A	-		
1455	21	O	8.32	T	-		
1455	22	O	8.32	T	-		
1455	23	O	8.32	T	-		
1455	24	O	8.32	C	-		
1455	25	O	8.32	T	-		
1455	26	O	8.32	T	-		
1455	27	O	8.32	T	-		
1455	28	O	8.32	G	-		
1455	29	O	8.32	A	-		
1455	30	O	8.32	T	-		
1455	31	O	8.32	T	-		
1455	32	O	8.32	C	-		
1455	33	O	8.32	G	-		
1455	34	O	8.32	A	-		
1455	35	O	8.32	T	-		
1455	36	O	8.32	A	-		
1455	37	O	8.32	C	-		
1455	38	O	8.32	A	-		
1455	39	O	8.32	G	-		
1455	40	O	8.32	A	-		
1455	41	O	8.32	C	-		
1455	42	O	8.32	G	-		
1455	43	O	8.32	G	-		
1455	44	O	8.32	A	-		
1455	45	O	8.32	C	-		
1455	46	O	8.32	T	-		
1455	47	O	8.32	C	-		
1455	48	O	8.32	G	-		
1455	49	O	8.32	C	-		
1455	50	O	8.32	A	-		
1455	51	O	8.32	G	-		
1455	52	O	8.32	C	-		
1455	53	O	8.32	C	-		
1455	54	O	8.32	T	-		
1455	55	O	8.32	A	-		
1455	56	O	8.32	C	-		
1455	57	O	8.32	C	-		
1455	58	O	8.32	A	-		
1455	59	O	8.32	T	-		
1455	60	O	8.32	G	-		
1455	61	O	8.32	T	-		
1455	62	O	8.32	T	-		
1455	63	O	8.32	T	-		
1455	64	O	8.32	G	-		
1455	65	O	8.32	G	-		
1455	66	O	8.32	A	-		
1455	67	O	8.32	G	-		
1455	68	O	8.32	G	-		
1455	69	O	8.32	T	-		
1455	70	O	8.32	C	-		
1455	71	O	8.32	C	-		
1455	72	O	8.32	A	-		
1455	73	O	8.32	C	-		
1455	74	O	8.32	C	-		
1455	75	O	8.32	A	-		
1455	76	O	8.32	C	-		
1455	77	O	8.32	A	-		
1455	78	O	8.32	G	-		
1455	79	O	8.32	C	-		
1455	80	O	8.32	A	-		
1455	81	O	8.32	G	-		
1455	82	O	8.32	T	-		
1455	83	O	8.32	A	-		
1455	84	O	8.32	C	-		
1455	85	O	8.32	G	-		
1455	86	O	8.32	T	-		
1455	87	O	8.32	T	-		
1455	88	O	8.32	A	-		
1455	89	O	8.32	T	-		
1455	90	O	8.32	T	-		
1455	91	O	8.32	T	-		
1455	92	O	8.32	T	-		
1455	93	O	8.32	C	-		
1455	94	O	8.32	G	-		
1455	95	O	8.32	C	-		
1455	96	O	8.32	T	-		
1455	97	O	8.32	A	-		
1455	98	O	8.32	G	-		
1455	99	O	8.32	G	-		
1455	100	O	8.32	A	-		
1455	101	O	8.32	C	-		
1455	102	O	8.32	T	-		
1455	103	O	8.32	A	-		
1455	104	O	8.32	A	-		
1455	105	O	8.32	G	-		
1455	106	O	8.32	C	-		
1455	107	O	8.32	T	-		
1455	108	O	8.32	G	-		
1455	109	O	8.32	T	-		
1456	0	O	12.48	G	-		
1456	1	O	12.48	T	-		
1456	2	O	12.48	T	-		
1456	3	O	12.48	G	-		
1456	4	O	12.48	T	-		
1456	5	O	12.48	G	-		
1456	6	O	12.48	T	-		
1456	7	O	12.48	C	-		
1456	8	O	12.48	T	-		
1456	9	O	12.48	G	-		
1456	10	O	12.48	G	-		
1456	11	O	12.48	A	-		
1456	12	O	12.48	T	-		
1456	13	O	12.48	T	-		
1456	14	O	12.48	T	-		
1456	15	O	12.48	C	-		
1456	16	O	12.48	A	-		
1456	17	O	12.48	A	-		
1456	18	O	12.48	C	-		
1456	19	O	12.48	T	-		
1456	20	O	12.48	A	-		
1456	21	O	12.48	G	-		
1456	22	O	12.48	C	-		
1456	23	O	12.48	T	-		
1456	24	O	12.48	A	-		
1456	25	O	12.48	C	-		
1456	26	O	12.48	A	-		
1456	27	O	12.48	G	-		
1456	28	O	12.48	C	-		
1456	29	O	12.48	A	-		
1456	30	O	12.48	G	-		
1456	31	O	12.48	C	-		
1456	32	O	12.48	T	-		
1456	33	O	12.48	G	-		
1456	34	O	12.48	G	-		
1456	35	O	12.48	C	-		
1456	36	O	12.48	C	-		
1456	37	O	12.48	C	-		
1456	38	O	12.48	T	-		
1456	39	O	12.48	T	-		
1456	40	O	12.48	T	-		
1456	41	O	12.48	G	-		
1456	42	O	12.48	T	-		
1456	43	O	12.48	G	-		
1456	44	O	12.48	T	-		
1456	45	O	12.48	G	-		
1456	46	O	12.48	A	-		
1456	47	O	12.48	G	-		
1456	48	O	12.48	G	-		
1456	49	O	12.48	A	-		
1456	50	O	12.48	A	-		
1456	51	O	12.48	C	-		
1456	52	O	12.48	C	-		
1456	53	O	12.48	T	-		
1456	54	O	12.48	A	-		
1456	55	O	12.48	T	-		
1456	56	O	12.48	G	-		
1456	57	O	12.48	T	-		
1456	58	O	12.48	G	-		
1456	59	O	12.48	G	-		
1456	60	O	12.48	G	-		
1456	61	O	12.48	G	-		
1456	62	O	12.48	T	-		
1456	63	O	12.48	T	-		
1456	64	O	12.48	T	-		
1456	65	O	12.48	G	-		
1456	66	O	12.48	G	-		
1456	67	O	12.48	T	-		
1456	68	O	12.48	C	-		
1456	69	O	12.48	T	-		
1456	70	O	12.48	T	-		
1456	71	O	12.48	T	-		
1456	72	O	12.48	G	-		
1456	73	O	12.48	T	-		
1456	74	O	12.48	T	-		
1456	75	O	12.48	G	-		
1456	76	O	12.48	T	-		
1456	77	O	12.48	C	-		
1456	78	O	12.48	G	-		
1456	79	O	12.48	A	-		
1456	80	O	12.48	G	-		
1456	81	O	12.48	G	-		
1456	82	O	12.48	C	-		
1456	83	O	12.48	T	-		
1456	84	O	12.48	T	-		
1456	85	O	12.48	A	-		
1456	86	O	12.48	C	-		
1456	87	O	12.48	A	-		
1456	88	O	12.48	T	-		
1456	89	O	12.48	T	-		
1456	90	O	12.48	T	-		
1456	91	O	12.48	C	-		
1456	92	O	12.48	T	-		
1456	93	O	12.48	T	-		
1456	94	O	12.48	C	-		
1456	95	O	12.48	G	-		
1456	96	O	12.48	T	-		
1456	97	O	12.48	C	-		
1456	98	O	12.48	A	-		
1456	99	O	12.48	G	-		
1456	100	O	12.48	T	-		
1456	101	O	12.48	T	-		
1456	102	O	12.48	G	-		
1456	103	O	12.48	G	-		
1456	104	O	12.48	T	-		
1456	105	O	12.48	C	-		
1456	106	O	12.48	A	-		
1456	107	O	12.48	A	-		
1456	108	O	12.48	C	-		
1456	109	O	12.48	T	-		
1457	0	O	9.70	C	-		
1457	1	O	9.70	T	-		
1457	2	O	9.70	C	-		
1457	3	O	9.70	T	-		
1457	4	O	9.70	C	-		
1457	5	O	9.70	A	-		
1457	6	O	9.70	C	-		
1457	7	O	9.70	G	-		
1457	8	O	9.70	C	-		
1457	9	O	9.70	C	-		
1457	10	O	9.70	C	-		
1457	11	O	9.70	G	-		
1457	12	O	9.70	T	-		
1457	13	O	9.70	C	-		
1457	14	O	9.70	T	-		
1457	15	O	9.70	G	-		
1457	16	O	9.70	T	-		
1457	17	O	9.70	C	-		
1457	18	O	9.70	T	-		
1457	19	O	9.70	C	-		
1457	20	O	9.70	G	-		
1457	21	O	9.70	A	-		
1457	22	O	9.70	G	-		
1457	23	O	9.70	C	-		
1457	24	O	9.70	T	-		
1457	25	O	9.70	A	-		
1457	26	O	9.70	G	-		
1457	27	O	9.70	G	-		
1457	28	O	9.70	T	-		
1457	29	O	9.70	G	-		
1457	30	O	9.70	G	-		
1457	31	O	9.70	T	-		
1457	32	O	9.70	C	-		
1457	33	O	9.70	G	-		
1457	34	O	9.70	T	-		
1457	35	O	9.70	A	-		
1457	36	O	9.70	A	-		
1457	37	O	9.70	C	-		
1457	38	O	9.70	C	-		
1457	39	O	9.70	C	-		
1457	40	O	9.70	A	-		
1457	41	O	9.70	G	-		
1457	42	O	9.70	C	-		
1457	43	O	9.70	A	-		
1457	44	O	9.70	A	-		
1457	45	O	9.70	T	-		
1457	46	O	9.70	C	-		
1457	47	O	9.70	A	-		
1457	48	O	9.70	T	-		
1457	49	O	9.70	C	-		
1457	50	O	9.70	A	-		
1457	51	O	9.70	C	-		
1457	52	O	9.70	C	-		
1457	53	O	9.70	A	-		
1457	54	O	9.70	A	-		
1457	55	O	9.70	G	-		
1457	56	O	9.70	A	-		
1457	57	O	9.70	A	-		
1457	58	O	9.70	T	-		
1457	59	O	9.70	G	-		
1457	60	O	9.70	C	-		
1457	61	O	9.70	C	-		
1457	62	O	9.70	G	-		
1457	63	O	9.70	A	-		
1457	64	O	9.70	C	-		
1457	65	O	9.70	G	-		
1457	66	O	9.70	C	-		
1457	67	O	9.70	T	-		
1457	68	O	9.70	C	-		
1457	69	O	9.70	G	-		
1457	70	O	9.70	T	-		
1457	71	O	9.70	C	-		
1457	72	O	9.70	T	-		
1457	73	O	9.70	G	-		
1457	74	O	9.70	G	-		
1457	75	O	9.70	C	-		
1457	76	O	9.70	C	-		
1457	77	O	9.70	G	-		
1457	78	O	9.70	C	-		
1457	79	O	9.70	C	-		
1457	80	O	9.70	C	-		
1457	81	O	9.70	G	-		
1457	82	O	9.70	T	-		
1457	83	O	9.70	A	-		
1457	84	O	9.70	G	-		
1457	85	O	9.70	A	-		
1457	86	O	9.70	C	-		
1457	87	O	9.70	T	-		
1457	88	O	9.70	G	-		
1457	89	O	9.70	C	-		
1457	90	O	9.70	T	-		
1457	91	O	9.70	C	-		
1457	92	O	9.70	T	-		
1457	93	O	9.70	G	-		
1457	94	O	9.70	G	-		
1457	95	O	9.70	G	-		
1457	96	O	9.70	C	-		
1457	97	O	9.70	C	-		
1457	98	O	9.70	A	-		
1457	99	O	9.70	A	-		
1457	100	O	9.70	G	-		
1457	101	O	9.70	C	-		
1457	102	O	9.70	T	-		
1457	103	O	9.70	C	-		
1457	104	O	9.70	A	-		
1457	105	O	9.70	T	-		
1457	106	O	9.70	G	-		
1457	107	O	9.70	A	-		
1457	108	O	9.70	A	-		
1457	109	O	9.70	C	-		
1458	0	O	27.73	A	-		
1458	1	O	27.73	A	-		
1458	2	O	27.73	A	-		
1458	3	O	27.73	A	-		
1458	4	O	27.73	C	-		
1458	5	O	27.73	G	-		
1458	6	O	27.73	C	-		
1458	7	O	27.73	C	-		
1458	8	O	27.73	G	-		
1458	9	O	27.73	C	-		
1458	10	O	27.73	C	-		
1458	11	O	27.73	G	-		
1458	12	O	27.73	C	-		
1458	13	O	27.73	T	-		
1458	14	O	27.73	G	-		
1458	15	O	27.73	C	-		
1458	16	O	27.73	C	-		
1458	17	O	27.73	G	-		
1458	18	O	27.73	G	-		
1458	19	O	27.73	A	-		
1458	20	O	27.73	G	-		
1458	21	O	27.73	C	-		
1458	22	O	27.73	G	-		
1458	23	O	27.73	A	-		
1458	24	O	27.73	C	-		
1458	25	O	27.73	T	-		
1458	26	O	27.73	C	-		
1458	27	O	27.73	A	-		
1458	28	O	27.73	C	-		
1458	29	O	27.73	G	-		
1458	30	O	27.73	A	-		
1458	31	O	27.73	G	-		
1458	32	O	27.73	C	-		
1458	33	O	27.73	G	-		
1458	34	O	27.73	T	-		
1458	35	O	27.73	G	-		
1458	36	O	27.73	G	-		
1458	37	O	27.73	C	-		
1458	38	O	27.73	G	-		
1458	39	O	27.73	C	-		
1458	40	O	27.73	T	-		
1458	41	O	27.73	C	-		
1458	42	O	27.73	T	-		
1458	43	O	27.73	T	-		
1458	44	O	27.73	T	-		
1458	45	O	27.73	T	-		
1458	46	O	27.73	C	-		
1458	47	O	27.73	T	-		
1458	48	O	27.73	T	-		
1458	49	O	27.73	C	-		
1458	50	O	27.73	C	-		
1458	51	O	27.73	T	-		
1458	52	O	27.73	C	-		
1458	53	O	27.73	T	-		
1458	54	O	27.73	T	-		
1458	55	O	27.73	C	-		
1458	56	O	27.73	A	-		
1458	57	O	27.73	C	-		
1458	58	O	27.73	T	-		
1458	59	O	27.73	C	-		
1458	60	O	27.73	T	-		
1458	61	O	27.73	G	-		
1458	62	O	27.73	C	-		
1458	63	O	27.73	A	-		
1458	64	O	27.73	G	-		
1458	65	O	27.73	T	-		
1458	66	O	27.73	T	-		
1458	67	O	27.73	C	-		
1458	68	O	27.73	C	-		
1458	69	O	27.73	T	-		
1458	70	O	27.73	T	-		
1458	71	O	27.73	C	-		
1458	72	O	17.59	T	-		
1458	73	O	27.73	G	-		
1458	74	O	27.73	T	-		
1458	75	O	27.73	T	-		
1458	76	O	27.73	C	-		
1458	77	O	27.73	G	-		
1458	78	O	27.73	C	-		
1458	79	O	27.73	C	-		
1458	80	O	27.73	T	-		
1458	81	O	27.73	C	-		
1458	82	O	27.73	C	-		
1458	83	O	17.59	A	-		
1458	84	O	27.73	C	-		
1458	85	O	27.73	C	-		
1458	86	O	27.73	T	-		
1458	87	O	27.73	T	-		
1458	88	O	27.73	C	-		
1458	89	O	27.73	A	-		
1458	90	O	27.73	C	-		
1458	91	O	27.73	C	-		
1458	92	O	27.73	A	-		
1458	93	O	27.73	A	-		
1458	94	O	27.73	C	-		
1458	95	O	27.73	A	-		
1458	96	O	27.73	T	-		
1458	97	O	27.73	G	-		
1458	98	O	27.73	A	-		
1458	99	O	27.73	T	-		
1458	100	O	27.73	C	-		
1458	101	O	27.73	A	-		
1458	102	O	27.73	T	-		
1458	103	O	27.73	C	-		
1458	104	O	27.73	G	-		
1458	105	O	27.73	C	-		
1458	106	O	27.73	C	-		
1458	107	O	27.73	G	-		
1458	108	O	27.73	G	-		
1458	109	O	27.73	T	-		
1459	0	O	8.32	C	-		
1459	1	O	8.32	C	-		
1459	2	O	8.32	A	-		
1459	3	O	8.32	G	-		
1459	4	O	8.32	C	-		
1459	5	O	8.32	T	-		
1459	6	O	8.32	C	-		
1459	7	O	8.32	G	-		
1459	8	O	8.32	T	-		
1459	9	O	8.32	G	-		
1459	10	O	8.32	A	-		
1459	11	O	8.32	G	-		
1459	12	O	8.32	A	-		
1459	13	O	8.32	C	-		
1459	14	O	8.32	A	-		
1459	15	O	8.32	T	-		
1459	16	O	8.32	G	-		
1459	17	O	8.32	G	-		
1459	18	O	8.32	C	-		
1459	19	O	8.32	A	-		
1459	20	O	8.32	A	-		
1459	21	O	8.32	C	-		
1459	22	O	8.32	C	-		
1459	23	O	8.32	T	-		
1459	24	O	8.32	C	-		
1459	25	O	8.32	G	-		
1459	26	O	8.32	A	-		
1459	27	O	8.32	G	-		
1459	28	O	8.32	G	-		
1459	29	O	8.32	G	-		
1459	30	O	8.32	T	-		
1459	31	O	8.32	C	-		
1459	32	O	8.32	C	-		
1459	33	O	8.32	A	-		
1459	34	O	8.32	A	-		
1459	35	O	8.32	G	-		
1459	36	O	8.32	A	-		
1459	37	O	8.32	T	-		
1459	38	O	8.32	G	-		
1459	39	O	8.32	C	-		
1459	40	O	8.32	T	-		
1459	41	O	8.32	G	-		
1459	42	O	8.32	T	-		
1459	43	O	8.32	T	-		
1459	44	O	8.32	A	-		
1459	45	O	8.32	A	-		
1459	46	O	8.32	C	-		
1459	47	O	8.32	A	-		
1459	48	O	8.32	A	-		
1459	49	O	8.32	A	-		
1459	50	O	8.32	G	-		
1459	51	O	8.32	C	-		
1459	52	O	8.32	C	-		
1459	53	O	8.32	A	-		
1459	54	O	8.32	G	-		
1459	55	O	8.32	A	-		
1459	56	O	8.32	C	-		
1459	57	O	8.32	T	-		
1459	58	O	8.32	T	-		
1459	59	O	8.32	C	-		
1459	60	O	8.32	T	-		
1459	61	O	8.32	C	-		
1459	62	O	8.32	C	-		
1459	63	O	8.32	T	-		
1459	64	O	8.32	A	-		
1459	65	O	8.32	G	-		
1459	66	O	8.32	C	-		
1459	67	O	8.32	A	-		
1459	68	O	8.32	G	-		
1459	69	O	8.32	T	-		
1459	70	O	8.32	G	-		
1459	71	O	8.32	G	-		
1459	72	O	8.32	C	-		
1459	73	O	8.32	A	-		
1459	74	O	8.32	T	-		
1459	75	O	8.32	G	-		
1459	76	O	8.32	G	-		
1459	77	O	8.32	T	-		
1459	78	O	8.32	T	-		
1459	79	O	8.32	C	-		
1459	80	O	8.32	G	-		
1459	81	O	8.32	A	-		
1459	82	O	8.32	G	-		
1459	83	O	8.32	T	-		
1459	84	O	8.32	A	-		
1459	85	O	8.32	C	-		
1459	86	O	8.32	A	-		
1459	87	O	8.32	C	-		
1459	88	O	8.32	G	-		
1459	89	O	8.32	C	-		
1459	90	O	8.32	A	-		
1459	91	O	8.32	T	-		
1459	92	O	8.32	G	-		
1459	93	O	8.32	G	-		
1459	94	O	8.32	G	-		
1459	95	O	8.32	G	-		
1459	96	O	8.32	G	-		
1459	97	O	8.32	C	-		
1459	98	O	8.32	A	-		
1459	99	O	8.32	C	-		
1459	100	O	8.32	G	-		
1459	101	O	8.32	G	-		
1459	102	O	8.32	A	-		
1459	103	O	8.32	C	-		
1459	104	O	8.32	T	-		
1459	105	O	8.32	G	-		
1459	106	O	8.32	A	-		
1459	107	O	8.32	C	-		
1459	108	O	8.32	T	-		
1459	109	O	8.32	G	-		
1460	0	O	6.93	A	-		
1460	1	O	6.93	A	-		
1460	2	O	6.93	T	-		
1460	3	O	6.93	C	-		
1460	4	O	6.93	T	-		
1460	5	O	6.93	C	-		
1460	6	O	6.93	A	-		
1460	7	O	6.93	G	-		
1460	8	O	6.93	G	-		
1460	9	O	6.93	G	-		
1460	10	O	6.93	A	-		
1460	11	O	6.93	C	-		
1460	12	O	6.93	T	-		
1460	13	O	6.93	G	-		
1460	14	O	6.93	G	-		
1460	15	O	6.93	G	-		
1460	16	O	6.93	A	-		
1460	17	O	6.93	G	-		
1460	18	O	6.93	C	-		
1460	19	O	6.93	C	-		
1460	20	O	6.93	A	-		
1460	21	O	6.93	G	-		
1460	22	O	6.93	C	-		
1460	23	O	6.93	A	-		
1460	24	O	6.93	T	-		
1460	25	O	6.93	C	-		
1460	26	O	6.93	C	-		
1460	27	O	6.93	T	-		
1460	28	O	6.93	A	-		
1460	29	O	6.93	T	-		
1460	30	O	6.93	A	-		
1460	31	O	6.93	T	-		
1460	32	O	6.93	A	-		
1460	33	O	6.93	G	-		
1460	34	O	6.93	C	-		
1460	35	O	6.93	T	-		
1460	36	O	6.93	G	-		
1460	37	O	6.93	C	-		
1460	38	O	6.93	G	-		
1460	39	O	6.93	C	-		
1460	40	O	6.93	C	-		
1460	41	O	6.93	A	-		
1460	42	O	6.93	A	-		
1460	43	O	6.93	A	-		
1460	44	O	6.93	T	-		
1460	45	O	6.93	C	-		
1460	46	O	6.93	C	-		
1460	47	O	6.93	C	-		
1460	48	O	6.93	C	-		
1460	49	O	6.93	A	-		
1460	50	O	6.93	A	-		
1460	51	O	6.93	C	-		
1460	52	O	6.93	T	-		
1460	53	O	6.93	A	-		
1460	54	O	6.93	C	-		
1460	55	O	6.93	C	-		
1460	56	O	6.93	G	-		
1460	57	O	6.93	A	-		
1460	58	O	6.93	T	-		
1460	59	O	6.93	T	-		
1460	60	O	6.93	C	-		
1460	61	O	6.93	T	-		
1460	62	O	6.93	A	-		
1460	63	O	6.93	A	-		
1460	64	O	6.93	A	-		
1460	65	O	6.93	C	-		
1460	66	O	6.93	T	-		
1460	67	O	6.93	T	-		
1460	68	O	6.93	G	-		
1460	69	O	6.93	T	-		
1460	70	O	6.93	A	-		
1460	71	O	6.93	A	-		
1460	72	O	6.93	C	-		
1460	73	O	6.93	C	-		
1460	74	O	6.93	C	-		
1460	75	O	6.93	G	-		
1460	76	O	6.93	C	-		
1460	77	O	6.93	A	-		
1460	78	O	6.93	C	-		
1460	79	O	6.93	A	-		
1460	80	O	6.93	C	-		
1460	81	O	6.93	A	-		
1460	82	O	6.93	C	-		
1460	83	O	6.93	A	-		
1460	84	O	6.93	T	-		
1460	85	O	6.93	A	-		
1460	86	O	6.93	C	-		
1460	87	O	6.93	G	-		
1460	88	O	6.93	T	-		
1460	89	O	6.93	T	-		
1460	90	O	6.93	T	-		
1460	91	O	6.93	G	-		
1460	92	O	6.93	T	-		
1460	93	O	6.93	G	-		
1460	94	O	6.93	G	-		
1460	95	O	6.93	A	-		
1460	96	O	6.93	T	-		
1460	97	O	6.93	G	-		
1460	98	O	6.93	T	-		
1460	99	O	6.93	G	-		
1460	100	O	6.93	G	-		
1460	101	O	6.93	G	-		
1460	102	O	6.93	T	-		
1460	103	O	6.93	C	-		
1460	104	O	6.93	C	-		
1460	105	O	6.93	T	-		
1460	106	O	6.93	T	-		
1460	107	O	6.93	G	-		
1460	108	O	6.93	T	-		
1460	109	O	6.93	G	-		
1461	0	O	12.48	C	-		
1461	1	O	12.48	C	-		
1461	2	O	12.48	A	-		
1461	3	O	12.48	A	-		
1461	4	O	12.48	C	-		
1461	5	O	12.48	T	-		
1461	6	O	12.48	C	-		
1461	7	O	12.48	G	-		
1461	8	O	12.48	G	-		
1461	9	O	12.48	C	-		
1461	10	O	12.48	C	-		
1461	11	O	12.48	C	-		
1461	12	O	12.48	A	-		
1461	13	O	12.48	T	-		
1461	14	O	12.48	C	-		
1461	15	O	12.48	C	-		
1461	16	O	12.48	A	-		
1461	17	O	12.48	T	-		
1461	18	O	12.48	T	-		
1461	19	O	12.48	T	-		
1461	20	O	12.48	C	-		
1461	21	O	12.48	G	-		
1461	22	O	12.48	C	-		
1461	23	O	12.48	G	-		
1461	24	O	12.48	C	-		
1461	25	O	12.48	G	-		
1461	26	O	12.48	G	-		
1461	27	O	12.48	A	-		
1461	28	O	12.48	C	-		
1461	29	O	12.48	T	-		
1461	30	O	12.48	C	-		
1461	31	O	12.48	G	-		
1461	32	O	12.48	G	-		
1461	33	O	12.48	G	-		
1461	34	O	12.48	C	-		
1461	35	O	12.48	G	-		
1461	36	O	12.48	A	-		
1461	37	O	12.48	G	-		
1461	38	O	12.48	C	-		
1461	39	O	12.48	G	-		
1461	40	O	12.48	C	-		
1461	41	O	12.48	G	-		
1461	42	O	12.48	C	-		
1461	43	O	12.48	G	-		
1461	44	O	12.48	A	-		
1461	45	O	12.48	A	-		
1461	46	O	12.48	T	-		
1461	47	O	12.48	T	-		
1461	48	O	12.48	C	-		
1461	49	O	12.48	C	-		
1461	50	O	12.48	T	-		
1461	51	O	12.48	C	-		
1461	52	O	12.48	C	-		
1461	53	O	12.48	G	-		
1461	54	O	12.48	C	-		
1461	55	O	12.48	C	-		
1461	56	O	12.48	G	-		
1461	57	O	12.48	G	-		
1461	58	O	12.48	A	-		
1461	59	O	12.48	C	-		
1461	60	O	12.48	A	-		
1461	61	O	12.48	G	-		
1461	62	O	12.48	G	-		
1461	63	O	12.48	T	-		
1461	64	O	12.48	G	-		
1461	65	O	12.48	G	-		
1461	66	O	12.48	G	-		
1461	67	O	12.48	G	-		
1461	68	O	12.48	A	-		
1461	69	O	12.48	G	-		
1461	70	O	12.48	G	-		
1461	71	O	12.48	C	-		
1461	72	O	12.48	G	-		
1461	73	O	12.48	A	-		
1461	74	O	12.48	A	-		
1461	75	O	12.48	C	-		
1461	76	O	12.48	A	-		
1461	77	O	12.48	T	-		
1461	78	O	12.48	A	-		
1461	79	O	12.48	T	-		
1461	80	O	12.48	T	-		
1461	81	O	12.48	T	-		
1461	82	O	12.48	C	-		
1461	83	O	12.48	A	-		
1461	84	O	12.48	A	-		
1461	85	O	12.48	C	-		
1461	86	O	12.48	A	-		
1461	87	O	12.48	G	-		
1461	88	O	12.48	G	-		
1461	89	O	12.48	T	-		
1461	90	O	12.48	A	-		
1461	91	O	12.48	G	-		
1461	92	O	12.48	T	-		
1461	93	O	12.48	T	-		
1461	94	O	12.48	G	-		
1461	95	O	12.48	A	-		
1461	96	O	12.48	T	-		
1461	97	O	12.48	T	-		
1461	98	O	12.48	G	-		
1461	99	O	12.48	G	-		
1461	100	O	12.48	A	-		
1461	101	O	12.48	T	-		
1461	102	O	12.48	T	-		
1461	103	O	12.48	C	-		
1461	104	O	12.48	A	-		
1461	105	O	12.48	A	-		
1461	106	O	12.48	T	-		
1461	107	O	12.48	T	-		
1461	108	O	12.48	G	-		
1461	109	O	12.48	G	-		
1462	0	O	8.32	A	-		
1462	1	O	8.32	C	-		
1462	2	O	8.32	A	-		
1462	3	O	8.32	T	-		
1462	4	O	8.32	G	-		
1462	5	O	8.32	G	-		
1462	6	O	8.32	C	-		
1462	7	O	8.32	G	-		
1462	8	O	8.32	G	-		
1462	9	O	8.32	A	-		
1462	10	O	8.32	C	-		
1462	11	O	8.32	G	-		
1462	12	O	8.32	A	-		
1462	13	O	8.32	G	-		
1462	14	O	8.32	T	-		
1462	15	O	8.32	T	-		
1462	16	O	8.32	C	-		
1462	17	O	8.32	T	-		
1462	18	O	8.32	G	-		
1462	19	O	8.32	G	-		
1462	20	O	8.32	C	-		
1462	21	O	8.32	G	-		
1462	22	O	8.32	C	-		
1462	23	O	8.32	C	-		
1462	24	O	8.32	A	-		
1462	25	O	8.32	A	-		
1462	26	O	8.32	G	-		
1462	27	O	8.32	T	-		
1462	28	O	8.32	G	-		
1462	29	O	8.32	C	-		
1462	30	O	8.32	G	-		
1462	31	O	8.32	C	-		
1462	32	O	8.32	T	-		
1462	33	O	8.32	G	-		
1462	34	O	8.32	G	-		
1462	35	O	8.32	A	-		
1462	36	O	8.32	T	-		
1462	37	O	8.32	A	-		
1462	38	O	8.32	G	-		
1462	39	O	8.32	T	-		
1462	40	O	8.32	G	-		
1462	41	O	8.32	G	-		
1462	42	O	8.32	A	-		
1462	43	O	8.32	C	-		
1462	44	O	8.32	G	-		
1462	45	O	8.32	T	-		
1462	46	O	8.32	C	-		
1462	47	O	8.32	G	-		
1462	48	O	8.32	T	-		
1462	49	O	8.32	A	-		
1462	50	O	8.32	T	-		
1462	51	O	8.32	C	-		
1462	52	O	8.32	G	-		
1462	53	O	8.32	C	-		
1462	54	O	8.32	T	-		
1462	55	O	8.32	G	-		
1462	56	O	8.32	G	-		
1462	57	O	8.32	C	-		
1462	58	O	8.32	T	-		
1462	59	O	8.32	C	-		
1462	60	O	8.32	G	-		
1462	61	O	8.32	C	-		
1462	62	O	8.32	G	-		
1462	63	O	8.32	A	-		
1462	64	O	8.32	C	-		
1462	65	O	8.32	C	-		
1462	66	O	8.32	G	-		
1462	67	O	8.32	T	-		
1462	68	O	8.32	T	-		
1462	69	O	8.32	C	-		
1462	70	O	8.32	G	-		
1462	71	O	8.32	C	-		
1462	72	O	8.32	C	-		
1462	73	O	8.32	C	-		
1462	74	O	8.32	G	-		
1462	75	O	8.32	C	-		
1462	76	O	8.32	C	-		
1462	77	O	8.32	G	-		
1462	78	O	8.32	G	-		
1462	79	O	8.32	C	-		
1462	80	O	8.32	T	-		
1462	81	O	8.32	G	-		
1462	82	O	8.32	C	-		
1462	83	O	8.32	T	-		
1462	84	O	8.32	C	-		
1462	85	O	8.32	G	-		
1462	86	O	8.32	T	-		
1462	87	O	8.32	C	-		
1462	88	O	8.32	G	-		
1462	89	O	8.32	G	-		
1462	90	O	8.32	G	-		
1462	91	O	8.32	C	-		
1462	92	O	8.32	A	-		
1462	93	O	8.32	T	-		
1462	94	O	8.32	C	-		
1462	95	O	8.32	C	-		
1462	96	O	8.32	G	-		
1462	97	O	8.32	G	-		
1462	98	O	8.32	C	-		
1462	99	O	8.32	T	-		
1462	100	O	8.32	G	-		
1462	101	O	8.32	T	-		
1462	102	O	8.32	C	-		
1462	103	O	8.32	C	-		
1462	104	O	8.32	A	-		
1462	105	O	8.32	C	-		
1462	106	O	8.32	A	-		
1462	107	O	8.32	A	-		
1462	108	O	8.32	T	-		
1462	109	O	8.32	C	-		
1463	0	O	9.70	T	-		
1463	1	O	9.70	C	-		
1463	2	O	9.70	T	-		
1463	3	O	9.70	C	-		
1463	4	O	9.70	C	-		
1463	5	O	9.70	G	-		
1463	6	O	9.70	T	-		
1463	7	O	9.70	G	-		
1463	8	O	9.70	C	-		
1463	9	O	9.70	G	-		
1463	10	O	9.70	C	-		
1463	11	O	9.70	G	-		
1463	12	O	9.70	C	-		
1463	13	O	9.70	C	-		
1463	14	O	9.70	A	-		
1463	15	O	9.70	A	-		
1463	16	O	9.70	A	-		
1463	17	O	9.70	G	-		
1463	18	O	9.70	T	-		
1463	19	O	9.70	G	-		
1463	20	O	9.70	C	-		
1463	21	O	9.70	T	-		
1463	22	O	9.70	C	-		
1463	23	O	9.70	C	-		
1463	24	O	9.70	C	-		
1463	25	O	9.70	A	-		
1463	26	O	9.70	G	-		
1463	27	O	9.70	A	-		
1463	28	O	9.70	G	-		
1463	29	O	9.70	T	-		
1463	30	O	9.70	T	-		
1463	31	O	9.70	T	-		
1463	32	O	9.70	G	-		
1463	33	O	9.70	A	-		
1463	34	O	9.70	G	-		
1463	35	O	9.70	C	-		
1463	36	O	9.70	C	-		
1463	37	O	9.70	A	-		
1463	38	O	9.70	G	-		
1463	39	O	9.70	G	-		
1463	40	O	9.70	A	-		
1463	41	O	9.70	C	-		
1463	42	O	9.70	T	-		
1463	43	O	9.70	G	-		
1463	44	O	9.70	T	-		
1463	45	O	9.70	T	-		
1463	46	O	9.70	T	-		
1463	47	O	9.70	G	-		
1463	48	O	9.70	C	-		
1463	49	O	9.70	G	-		
1463	50	O	9.70	T	-		
1463	51	O	9.70	G	-		
1463	52	O	9.70	G	-		
1463	53	O	9.70	C	-		
1463	54	O	9.70	G	-		
1463	55	O	9.70	G	-		
1463	56	O	9.70	G	-		
1463	57	O	9.70	G	-		
1463	58	O	9.70	C	-		
1463	59	O	9.70	G	-		
1463	60	O	9.70	T	-		
1463	61	O	9.70	T	-		
1463	62	O	9.70	G	-		
1463	63	O	9.70	C	-		
1463	64	O	9.70	G	-		
1463	65	O	9.70	G	-		
1463	66	O	9.70	C	-		
1463	67	O	9.70	T	-		
1463	68	O	9.70	G	-		
1463	69	O	9.70	C	-		
1463	70	O	9.70	G	-		
1463	71	O	9.70	C	-		
1463	72	O	9.70	T	-		
1463	73	O	9.70	T	-		
1463	74	O	9.70	C	-		
1463	75	O	9.70	C	-		
1463	76	O	9.70	A	-		
1463	77	O	9.70	G	-		
1463	78	O	9.70	A	-		
1463	79	O	9.70	G	-		
1463	80	O	9.70	G	-		
1463	81	O	9.70	T	-		
1463	82	O	9.70	A	-		
1463	83	O	9.70	C	-		
1463	84	O	9.70	T	-		
1463	85	O	9.70	G	-		
1463	86	O	9.70	G	-		
1463	87	O	9.70	C	-		
1463	88	O	9.70	G	-		
1463	89	O	9.70	C	-		
1463	90	O	9.70	T	-		
1463	91	O	9.70	C	-		
1463	92	O	9.70	G	-		
1463	93	O	9.70	T	-		
1463	94	O	9.70	A	-		
1463	95	O	9.70	G	-		
1463	96	O	9.70	A	-		
1463	97	O	9.70	G	-		
1463	98	O	9.70	G	-		
1463	99	O	9.70	G	-		
1463	100	O	9.70	A	-		
1463	101	O	9.70	G	-		
1463	102	O	9.70	A	-		
1463	103	O	9.70	C	-		
1463	104	O	9.70	G	-		
1463	105	O	9.70	A	-		
1463	106	O	9.70	G	-		
1463	107	O	9.70	G	-		
1463	108	O	9.70	A	-		
1463	109	O	9.70	G	-		
1464	0	O	12.48	T	-		
1464	1	O	12.48	C	-		
1464	2	O	12.48	G	-		
1464	3	O	12.48	G	-		
1464	4	O	12.48	G	-		
1464	5	O	12.48	A	-		
1464	6	O	12.48	T	-		
1464	7	O	12.48	C	-		
1464	8	O	12.48	G	-		
1464	9	O	12.48	C	-		
1464	10	O	12.48	C	-		
1464	11	O	12.48	G	-		
1464	12	O	12.48	T	-		
1464	13	O	12.48	C	-		
1464	14	O	12.48	G	-		
1464	15	O	12.48	C	-		
1464	16	O	12.48	A	-		
1464	17	O	12.48	G	-		
1464	18	O	12.48	T	-		
1464	19	O	12.48	T	-		
1464	20	O	12.48	C	-		
1464	21	O	12.48	T	-		
1464	22	O	12.48	C	-		
1464	23	O	12.48	A	-		
1464	24	O	12.48	T	-		
1464	25	O	12.48	C	-		
1464	26	O	12.48	G	-		
1464	27	O	12.48	C	-		
1464	28	O	12.48	A	-		
1464	29	O	12.48	T	-		
1464	30	O	12.48	C	-		
1464	31	O	12.48	A	-		
1464	32	O	12.48	C	-		
1464	33	O	12.48	T	-		
1464	34	O	12.48	A	-		
1464	35	O	12.48	G	-		
1464	36	O	12.48	T	-		
1464	37	O	12.48	A	-		
1464	38	O	12.48	C	-		
1464	39	O	12.48	T	-		
1464	40	O	12.48	C	-		
1464	41	O	12.48	C	-		
1464	42	O	12.48	T	-		
1464	43	O	12.48	C	-		
1464	44	O	12.48	G	-		
1464	45	O	12.48	C	-		
1464	46	O	12.48	T	-		
1464	47	O	12.48	A	-		
1464	48	O	12.48	T	-		
1464	49	O	12.48	T	-		
1464	50	O	12.48	T	-		
1464	51	O	12.48	T	-		
1464	52	O	12.48	C	-		
1464	53	O	12.48	T	-		
1464	54	O	12.48	A	-		
1464	55	O	12.48	C	-		
1464	56	O	12.48	C	-		
1464	57	O	12.48	G	-		
1464	58	O	12.48	G	-		
1464	59	O	12.48	G	-		
1464	60	O	12.48	C	-		
1464	61	O	12.48	A	-		
1464	62	O	12.48	A	-		
1464	63	O	12.48	C	-		
1464	64	O	12.48	T	-		
1464	65	O	12.48	G	-		
1464	66	O	12.48	C	-		
1464	67	O	12.48	C	-		
1464	68	O	12.48	C	-		
1464	69	O	12.48	G	-		
1464	70	O	12.48	C	-		
1464	71	O	12.48	G	-		
1464	72	O	12.48	A	-		
1464	73	O	12.48	G	-		
1464	74	O	12.48	A	-		
1464	75	O	12.48	C	-		
1464	76	O	12.48	C	-		
1464	77	O	12.48	G	-		
1464	78	O	12.48	A	-		
1464	79	O	12.48	A	-		
1464	80	O	12.48	C	-		
1464	81	O	12.48	G	-		
1464	82	O	12.48	C	-		
1464	83	O	12.48	C	-		
1464	84	O	12.48	T	-		
1464	85	O	12.48	C	-		
1464	86	O	12.48	G	-		
1464	87	O	12.48	A	-		
1464	88	O	12.48	A	-		
1464	89	O	12.48	G	-		
1464	90	O	12.48	C	-		
1464	91	O	12.48	A	-		
1464	92	O	12.48	G	-		
1464	93	O	12.48	T	-		
1464	94	O	12.48	C	-		
1464	95	O	12.48	T	-		
1464	96	O	12.48	T	-		
1464	97	O	12.48	C	-		
1464	98	O	12.48	C	-		
1464	99	O	12.48	G	-		
1464	100	O	12.48	A	-		
1464	101	O	12.48	T	-		
1464	102	O	12.48	C	-		
1464	103	O	12.48	C	-		
1464	104	O	12.48	G	-		
1464	105	O	12.48	C	-		
1464	106	O	12.48	C	-		
1464	107	O	12.48	G	-		
1464	108	O	12.48	T	-		
1464	109	O	12.48	C	-		
1465	0	O	27.73	T	-		
1465	1	O	27.73	C	-		
1465	2	O	27.73	A	-		
1465	3	O	27.73	T	-		
1465	4	O	27.73	C	-		
1465	5	O	27.73	G	-		
1465	6	O	27.73	C	-		
1465	7	O	27.73	A	-		
1465	8	O	27.73	A	-		
1465	9	O	27.73	C	-		
1465	10	O	27.73	A	-		
1465	11	O	27.73	A	-		
1465	12	O	27.73	G	-		
1465	13	O	27.73	C	-		
1465	14	O	27.73	G	-		
1465	15	O	27.73	G	-		
1465	16	O	27.73	A	-		
1465	17	O	27.73	G	-		
1465	18	O	27.73	A	-		
1465	19	O	27.73	A	-		
1465	20	O	27.73	G	-		
1465	21	O	27.73	G	-		
1465	22	O	27.73	C	-		
1465	23	O	27.73	G	-		
1465	24	O	27.73	C	-		
1465	25	O	27.73	C	-		
1465	26	O	27.73	G	-		
1465	27	O	27.73	A	-		
1465	28	O	27.73	G	-		
1465	29	O	27.73	A	-		
1465	30	O	27.73	A	-		
1465	31	O	27.73	G	-		
1465	32	O	27.73	A	-		
1465	33	O	27.73	G	-		
1465	34	O	27.73	A	-		
1465	35	O	27.73	C	-		
1465	36	O	27.73	A	-		
1465	37	O	27.73	C	-		
1465	38	O	27.73	G	-		
1465	39	O	27.73	C	-		
1465	40	O	27.73	G	-		
1465	41	O	27.73	A	-		
1465	42	O	27.73	A	-		
1465	43	O	27.73	G	-		
1465	44	O	27.73	A	-		
1465	45	O	27.73	G	-		
1465	46	O	27.73	A	-		
1465	47	O	27.73	G	-		
1465	48	O	27.73	T	-		
1465	49	O	27.73	G	-		
1465	50	O	27.73	C	-		
1465	51	O	27.73	T	-		
1465	52	O	27.73	G	-		
1465	53	O	27.73	C	-		
1465	54	O	27.73	G	-		
1465	55	O	27.73	T	-		
1465	56	O	27.73	C	-		
1465	57	O	27.73	T	-		
1465	58	O	27.73	T	-		
1465	59	O	27.73	T	-		
1465	60	O	27.73	T	-		
1465	61	O	27.73	G	-		
1465	62	O	27.73	G	-		
1465	63	O	27.73	G	-		
1465	64	O	27.73	T	-		
1465	65	O	27.73	A	-		
1465	66	O	27.73	A	-		
1465	67	O	27.73	G	-		
1465	68	O	27.73	G	-		
1465	69	O	27.73	G	-		
1465	70	O	27.73	C	-		
1465	71	O	27.73	A	-		
1465	72	O	27.73	A	-		
1465	73	O	27.73	G	-		
1465	74	O	27.73	C	-		
1465	75	O	27.73	A	-		
1465	76	O	27.73	T	-		
1465	77	O	27.73	T	-		
1465	78	O	27.73	G	-		
1465	79	O	27.73	G	-		
1465	80	O	27.73	G	-		
1465	81	O	27.73	T	-		
1465	82	O	27.73	T	-		
1465	83	O	27.73	C	-		
1465	84	O	27.73	T	-		
1465	85	O	27.73	G	-		
1465	86	O	27.73	G	-		
1465	87	O	27.73	T	-		
1465	88	O	27.73	T	-		
1465	89	O	27.73	A	-		
1465	90	O	27.73	C	-		
1465	91	O	27.73	G	-		
1465	92	O	27.73	C	-		
1465	93	O	27.73	T	-		
1465	94	O	27.73	T	-		
1465	95	O	27.73	C	-		
1465	96	O	27.73	T	-		
1465	97	O	27.73	T	-		
1465	98	O	27.73	C	-		
1465	99	O	27.73	T	-		
1465	100	O	27.73	G	-		
1465	101	O	27.73	A	-		
1465	102	O	27.73	G	-		
1465	103	O	27.73	C	-		
1465	104	O	27.73	A	-		
1465	105	O	27.73	A	-		
1465	106	O	27.73	C	-		
1465	107	O	27.73	G	-		
1465	108	O	27.73	T	-		
1465	109	O	27.73	C	-		
1466	0	O	23.57	C	-		
1466	1	O	23.57	T	-		
1466	2	O	23.57	A	-		
1466	3	O	23.57	G	-		
1466	4	O	23.57	C	-		
1466	5	O	23.57	G	-		
1466	6	O	23.57	G	-		
1466	7	O	23.57	A	-		
1466	8	O	23.57	T	-		
1466	9	O	23.57	C	-		
1466	10	O	23.57	C	-		
1466	11	O	23.57	A	-		
1466	12	O	23.57	G	-		
1466	13	O	23.57	C	-		
1466	14	O	23.57	C	-		
1466	15	O	23.57	G	-		
1466	16	O	23.57	G	-		
1466	17	O	23.57	C	-		
1466	18	O	23.57	G	-		
1466	19	O	23.57	C	-		
1466	20	O	23.57	C	-		
1466	21	O	23.57	G	-		
1466	22	O	23.57	C	-		
1466	23	O	23.57	T	-		
1466	24	O	23.57	G	-		
1466	25	O	23.57	C	-		
1466	26	O	23.57	G	-		
1466	27	O	23.57	C	-		
1466	28	O	23.57	C	-		
1466	29	O	23.57	C	-		
1466	30	O	23.57	G	-		
1466	31	O	23.57	A	-		
1466	32	O	23.57	G	-		
1466	33	O	23.57	C	-		
1466	34	O	23.57	C	-		
1466	35	O	23.57	G	-		
1466	36	O	23.57	A	-		
1466	37	O	23.57	C	-		
1466	38	O	23.57	G	-		
1466	39	O	23.57	C	-		
1466	40	O	23.57	A	-		
1466	41	O	23.57	C	-		
1466	42	O	23.57	A	-		
1466	43	O	23.57	C	-		
1466	44	O	23.57	A	-		
1466	45	O	23.57	C	-		
1466	46	O	23.57	G	-		
1466	47	O	23.57	G	-		
1466	48	O	23.57	A	-		
1466	49	O	23.57	C	-		
1466	50	O	23.57	G	-		
1466	51	O	23.57	C	-		
1466	52	O	23.57	A	-		
1466	53	O	23.57	C	-		
1466	54	O	23.57	G	-		
1466	55	O	23.57	C	-		
1466	56	O	23.57	A	-		
1466	57	O	23.57	C	-		
1466	58	O	23.57	A	-		
1466	59	O	23.57	G	-		
1466	60	O	23.57	A	-		
1466	61	O	23.57	C	-		
1466	62	O	23.57	G	-		
1466	63	O	23.57	G	-		
1466	64	O	13.76	A	-		
1466	65	O	23.57	C	-		
1466	66	O	23.57	G	-		
1466	67	O	23.57	C	-		
1466	68	O	23.57	G	-		
1466	69	O	23.57	C	-		
1466	70	O	23.57	G	-		
1466	71	O	23.57	C	-		
1466	72	O	23.57	G	-		
1466	73	O	23.57	C	-		
1466	74	O	23.57	T	-		
1466	75	O	23.57	A	-		
1466	76	O	23.57	G	-		
1466	77	O	23.57	G	-		
1466	78	O	23.57	C	-		
1466	79	O	23.57	G	-		
1466	80	O	23.57	G	-		
1466	81	O	23.57	A	-		
1466	82	O	23.57	C	-		
1466	83	O	23.57	G	-		
1466	84	O	23.57	C	-		
1466	85	O	23.57	T	-		
1466	86	O	23.57	C	-		
1466	87	O	23.57	G	-		
1466	88	O	13.76	A	-		
1466	89	O	23.57	A	-		
1466	90	O	23.57	A	-		
1466	91	O	23.57	G	-		
1466	92	O	23.57	C	-		
1466	93	O	23.57	G	-		
1466	94	O	23.57	C	-		
1466	95	O	23.57	A	-		
1466	96	O	23.57	C	-		
1466	97	O	23.57	A	-		
1466	98	O	23.57	C	-		
1466	99	O	23.57	A	-		
1466	100	O	23.57	C	-		
1466	101	O	23.57	G	-		
1466	102	O	23.57	G	-		
1466	103	O	23.57	G	-		
1466	104	O	23.57	C	-		
1466	105	O	23.57	A	-		
1466	106	O	23.57	C	-		
1466	107	O	13.76	T	-		
1466	108	O	23.57	C	-		
1466	109	O	23.57	A	-		
1467	0	O	6.93	G	-		
1467	1	O	6.93	G	-		
1467	2	O	6.93	G	-		
1467	3	O	6.93	A	-		
1467	4	O	6.93	C	-		
1467	5	O	6.93	A	-		
1467	6	O	6.93	A	-		
1467	7	O	6.93	G	-		
1467	8	O	6.93	C	-		
1467	9	O	6.93	A	-		
1467	10	O	6.93	G	-		
1467	11	O	6.93	A	-		
1467	12	O	6.93	G	-		
1467	13	O	6.93	A	-		
1467	14	O	6.93	A	-		
1467	15	O	6.93	C	-		
1467	16	O	6.93	A	-		
1467	17	O	6.93	G	-		
1467	18	O	6.93	C	-		
1467	19	O	6.93	C	-		
1467	20	O	6.93	G	-		
1467	21	O	6.93	A	-		
1467	22	O	6.93	T	-		
1467	23	O	6.93	T	-		
1467	24	O	6.93	C	-		
1467	25	O	6.93	C	-		
1467	26	O	6.93	T	-		
1467	27	O	6.93	T	-		
1467	28	O	6.93	G	-		
1467	29	O	6.93	A	-		
1467	30	O	6.93	A	-		
1467	31	O	6.93	A	-		
1467	32	O	6.93	G	-		
1467	33	O	6.93	C	-		
1467	34	O	6.93	C	-		
1467	35	O	6.93	G	-		
1467	36	O	6.93	C	-		
1467	37	O	6.93	G	-		
1467	38	O	6.93	G	-		
1467	39	O	6.93	G	-		
1467	40	O	6.93	C	-		
1467	41	O	6.93	T	-		
1467	42	O	6.93	A	-		
1467	43	O	6.93	C	-		
1467	44	O	6.93	G	-		
1467	45	O	6.93	C	-		
1467	46	O	6.93	T	-		
1467	47	O	6.93	G	-		
1467	48	O	6.93	A	-		
1467	49	O	6.93	A	-		
1467	50	O	6.93	G	-		
1467	51	O	6.93	A	-		
1467	52	O	6.93	G	-		
1467	53	O	6.93	A	-		
1467	54	O	6.93	A	-		
1467	55	O	6.93	C	-		
1467	56	O	6.93	G	-		
1467	57	O	6.93	T	-		
1467	58	O	6.93	C	-		
1467	59	O	6.93	G	-		
1467	60	O	6.93	C	-		
1467	61	O	6.93	C	-		
1467	62	O	6.93	G	-		
1467	63	O	6.93	C	-		
1467	64	O	6.93	T	-		
1467	65	O	6.93	G	-		
1467	66	O	6.93	T	-		
1467	67	O	6.93	A	-		
1467	68	O	6.93	T	-		
1467	69	O	6.93	A	-		
1467	70	O	6.93	C	-		
1467	71	O	6.93	C	-		
1467	72	O	6.93	G	-		
1467	73	O	6.93	C	-		
1467	74	O	6.93	C	-		
1467	75	O	6.93	A	-		
1467	76	O	6.93	G	-		
1467	77	O	6.93	A	-		
1467	78	O	6.93	C	-		
1467	79	O	6.93	C	-		
1467	80	O	6.93	A	-		
1467	81	O	6.93	G	-		
1467	82	O	6.93	C	-		
1467	83	O	6.93	A	-		
1467	84	O	6.93	A	-		
1467	85	O	6.93	C	-		
1467	86	O	6.93	C	-		
1467	87	O	6.93	A	-		
1467	88	O	6.93	C	-		
1467	89	O	6.93	A	-		
1467	90	O	6.93	G	-		
1467	91	O	6.93	A	-		
1467	92	O	6.93	C	-		
1467	93	O	6.93	C	-		
1467	94	O	6.93	A	-		
1467	95	O	6.93	C	-		
1467	96	O	6.93	A	-		
1467	97	O	6.93	C	-		
1467	98	O	6.93	G	-		
1467	99	O	6.93	G	-		
1467	100	O	6.93	C	-		
1467	101	O	6.93	G	-		
1467	102	O	6.93	T	-		
1467	103	O	6.93	A	-		
1467	104	O	6.93	C	-		
1467	105	O	6.93	C	-		
1467	106	O	6.93	A	-		
1467	107	O	6.93	T	-		
1467	108	O	6.93	G	-		
1467	109	O	6.93	C	-		
1468	0	O	9.70	T	-		
1468	1	O	9.70	C	-		
1468	2	O	9.70	T	-		
1468	3	O	9.70	G	-		
1468	4	O	9.70	G	-		
1468	5	O	9.70	T	-		
1468	6	O	9.70	C	-		
1468	7	O	9.70	C	-		
1468	8	O	9.70	A	-		
1468	9	O	9.70	G	-		
1468	10	O	9.70	G	-		
1468	11	O	9.70	A	-		
1468	12	O	9.70	A	-		
1468	13	O	9.70	G	-		
1468	14	O	9.70	A	-		
1468	15	O	9.70	A	-		
1468	16	O	9.70	A	-		
1468	17	O	9.70	A	-		
1468	18	O	9.70	T	-		
1468	19	O	9.70	T	-		
1468	20	O	9.70	G	-		
1468	21	O	9.70	C	-		
1468	22	O	9.70	T	-		
1468	23	O	9.70	G	-		
1468	24	O	9.70	T	-		
1468	25	O	9.70	A	-		
1468	26	O	9.70	G	-		
1468	27	O	9.70	T	-		
1468	28	O	9.70	T	-		
1468	29	O	9.70	T	-		
1468	30	O	9.70	T	-		
1468	31	O	9.70	C	-		
1468	32	O	9.70	C	-		
1468	33	O	9.70	A	-		
1468	34	O	9.70	C	-		
1468	35	O	9.70	A	-		
1468	36	O	9.70	A	-		
1468	37	O	9.70	C	-		
1468	38	O	9.70	T	-		
1468	39	O	9.70	G	-		
1468	40	O	9.70	G	-		
1468	41	O	9.70	C	-		
1468	42	O	9.70	C	-		
1468	43	O	9.70	T	-		
1468	44	O	9.70	C	-		
1468	45	O	9.70	C	-		
1468	46	O	9.70	G	-		
1468	47	O	9.70	A	-		
1468	48	O	9.70	A	-		
1468	49	O	9.70	T	-		
1468	50	O	9.70	A	-		
1468	51	O	9.70	A	-		
1468	52	O	9.70	C	-		
1468	53	O	9.70	A	-		
1468	54	O	9.70	T	-		
1468	55	O	9.70	T	-		
1468	56	O	9.70	C	-		
1468	57	O	9.70	T	-		
1468	58	O	9.70	G	-		
1468	59	O	9.70	C	-		
1468	60	O	9.70	A	-		
1468	61	O	9.70	G	-		
1468	62	O	9.70	C	-		
1468	63	O	9.70	T	-		
1468	64	O	9.70	A	-		
1468	65	O	9.70	T	-		
1468	66	O	9.70	T	-		
1468	67	O	9.70	C	-		
1468	68	O	9.70	T	-		
1468	69	O	9.70	C	-		
1468	70	O	9.70	C	-		
1468	71	O	9.70	A	-		
1468	72	O	9.70	T	-		
1468	73	O	9.70	C	-		
1468	74	O	9.70	G	-		
1468	75	O	9.70	T	-		
1468	76	O	9.70	A	-		
1468	77	O	9.70	T	-		
1468	78	O	9.70	G	-		
1468	79	O	9.70	C	-		
1468	80	O	9.70	A	-		
1468	81	O	9.70	A	-		
1468	82	O	9.70	A	-		
1468	83	O	9.70	C	-		
1468	84	O	9.70	A	-		
1468	85	O	9.70	G	-		
1468	86	O	9.70	A	-		
1468	87	O	9.70	G	-		
1468	88	O	9.70	G	-		
1468	89	O	9.70	C	-		
1468	90	O	9.70	A	-		
1468	91	O	9.70	C	-		
1468	92	O	9.70	T	-		
1468	93	O	9.70	G	-		
1468	94	O	9.70	C	-		
1468	95	O	9.70	T	-		
1468	96	O	9.70	G	-		
1468	97	O	9.70	C	-		
1468	98	O	9.70	A	-		
1468	99	O	9.70	A	-		
1468	100	O	9.70	A	-		
1468	101	O	9.70	T	-		
1468	102	O	9.70	C	-		
1468	103	O	9.70	T	-		
1468	104	O	9.70	G	-		
1468	105	O	9.70	G	-		
1468	106	O	9.70	G	-		
1468	107	O	9.70	A	-		
1468	108	O	9.70	C	-		
1468	109	O	9.70	A	-		
1469	0	O	8.32	G	-		
1469	1	O	8.32	G	-		
1469	2	O	8.32	A	-		
1469	3	O	8.32	T	-		
1469	4	O	8.32	G	-		
1469	5	O	8.32	T	-		
1469	6	O	8.32	C	-		
1469	7	O	8.32	A	-		
1469	8	O	8.32	A	-		
1469	9	O	8.32	T	-		
1469	10	O	8.32	C	-		
1469	11	O	8.32	T	-		
1469	12	O	8.32	T	-		
1469	13	O	8.32	C	-		
1469	14	O	8.32	A	-		
1469	15	O	8.32	A	-		
1469	16	O	8.32	C	-		
1469	17	O	8.32	A	-		
1469	18	O	8.32	C	-		
1469	19	O	8.32	C	-		
1469	20	O	8.32	C	-		
1469	21	O	8.32	A	-		
1469	22	O	8.32	T	-		
1469	23	O	8.32	A	-		
1469	24	O	8.32	C	-		
1469	25	O	8.32	C	-		
1469	26	O	8.32	A	-		
1469	27	O	8.32	G	-		
1469	28	O	8.32	G	-		
1469	29	O	8.32	A	-		
1469	30	O	8.32	G	-		
1469	31	O	8.32	G	-		
1469	32	O	8.32	C	-		
1469	33	O	8.32	C	-		
1469	34	O	8.32	A	-		
1469	35	O	8.32	A	-		
1469	36	O	8.32	C	-		
1469	37	O	8.32	A	-		
1469	38	O	8.32	C	-		
1469	39	O	8.32	T	-		
1469	40	O	8.32	G	-		
1469	41	O	8.32	T	-		
1469	42	O	8.32	G	-		
1469	43	O	8.32	T	-		
1469	44	O	8.32	T	-		
1469	45	O	8.32	T	-		
1469	46	O	8.32	A	-		
1469	47	O	8.32	T	-		
1469	48	O	8.32	A	-		
1469	49	O	8.32	G	-		
1469	50	O	8.32	G	-		
1469	51	O	8.32	A	-		
1469	52	O	8.32	A	-		
1469	53	O	8.32	T	-		
1469	54	O	8.32	G	-		
1469	55	O	8.32	G	-		
1469	56	O	8.32	C	-		
1469	57	O	8.32	C	-		
1469	58	O	8.32	T	-		
1469	59	O	8.32	T	-		
1469	60	O	8.32	G	-		
1469	61	O	8.32	G	-		
1469	62	O	8.32	T	-		
1469	63	O	8.32	A	-		
1469	64	O	8.32	T	-		
1469	65	O	8.32	C	-		
1469	66	O	8.32	C	-		
1469	67	O	8.32	A	-		
1469	68	O	8.32	G	-		
1469	69	O	8.32	T	-		
1469	70	O	8.32	A	-		
1469	71	O	8.32	C	-		
1469	72	O	8.32	A	-		
1469	73	O	8.32	G	-		
1469	74	O	8.32	A	-		
1469	75	O	8.32	A	-		
1469	76	O	8.32	T	-		
1469	77	O	8.32	A	-		
1469	78	O	8.32	T	-		
1469	79	O	8.32	T	-		
1469	80	O	8.32	G	-		
1469	81	O	8.32	A	-		
1469	82	O	8.32	C	-		
1469	83	O	8.32	T	-		
1469	84	O	8.32	A	-		
1469	85	O	8.32	T	-		
1469	86	O	8.32	G	-		
1469	87	O	8.32	A	-		
1469	88	O	8.32	C	-		
1469	89	O	8.32	C	-		
1469	90	O	8.32	G	-		
1469	91	O	8.32	T	-		
1469	92	O	8.32	A	-		
1469	93	O	8.32	A	-		
1469	94	O	8.32	C	-		
1469	95	O	8.32	A	-		
1469	96	O	8.32	G	-		
1469	97	O	8.32	T	-		
1469	98	O	8.32	A	-		
1469	99	O	8.32	T	-		
1469	100	O	8.32	C	-		
1469	101	O	8.32	C	-		
1469	102	O	8.32	A	-		
1469	103	O	8.32	T	-		
1469	104	O	8.32	G	-		
1469	105	O	8.32	A	-		
1469	106	O	8.32	C	-		
1469	107	O	8.32	A	-		
1469	108	O	8.32	G	-		
1469	109	O	8.32	C	-		
1470	0	O	5.55	G	-		
1470	1	O	5.55	A	-		
1470	2	O	5.55	C	-		
1470	3	O	5.55	G	-		
1470	4	O	5.55	C	-		
1470	5	O	5.55	G	-		
1470	6	O	5.55	T	-		
1470	7	O	5.55	C	-		
1470	8	O	5.55	C	-		
1470	9	O	5.55	G	-		
1470	10	O	5.55	A	-		
1470	11	O	5.55	A	-		
1470	12	O	5.55	T	-		
1470	13	O	5.55	C	-		
1470	14	O	5.55	C	-		
1470	15	O	5.55	T	-		
1470	16	O	5.55	C	-		
1470	17	O	5.55	G	-		
1470	18	O	5.55	C	-		
1470	19	O	5.55	G	-		
1470	20	O	5.55	C	-		
1470	21	O	5.55	T	-		
1470	22	O	5.55	C	-		
1470	23	O	5.55	T	-		
1470	24	O	5.55	T	-		
1470	25	O	5.55	C	-		
1470	26	O	5.55	A	-		
1470	27	O	5.55	G	-		
1470	28	O	5.55	C	-		
1470	29	O	5.55	G	-		
1470	30	O	5.55	G	-		
1470	31	O	5.55	A	-		
1470	32	O	5.55	A	-		
1470	33	O	5.55	C	-		
1470	34	O	5.55	C	-		
1470	35	O	5.55	T	-		
1470	36	O	5.55	C	-		
1470	37	O	5.55	A	-		
1470	38	O	5.55	A	-		
1470	39	O	5.55	G	-		
1470	40	O	5.55	C	-		
1470	41	O	5.55	G	-		
1470	42	O	5.55	A	-		
1470	43	O	5.55	C	-		
1470	44	O	5.55	C	-		
1470	45	O	5.55	T	-		
1470	46	O	5.55	C	-		
1470	47	O	5.55	G	-		
1470	48	O	5.55	G	-		
1470	49	O	5.55	A	-		
1470	50	O	5.55	C	-		
1470	51	O	5.55	T	-		
1470	52	O	5.55	G	-		
1470	53	O	5.55	G	-		
1470	54	O	5.55	A	-		
1470	55	O	5.55	T	-		
1470	56	O	5.55	C	-		
1470	57	O	5.55	A	-		
1470	58	O	5.55	T	-		
1470	59	O	5.55	C	-		
1470	60	O	5.55	G	-		
1470	61	O	5.55	G	-		
1470	62	O	5.55	C	-		
1470	63	O	5.55	T	-		
1470	64	O	5.55	G	-		
1470	65	O	5.55	G	-		
1470	66	O	5.55	G	-		
1470	67	O	5.55	C	-		
1470	68	O	5.55	C	-		
1470	69	O	5.55	G	-		
1470	70	O	5.55	G	-		
1470	71	O	5.55	C	-		
1470	72	O	5.55	A	-		
1470	73	O	5.55	A	-		
1470	74	O	5.55	G	-		
1470	75	O	5.55	T	-		
1470	76	O	5.55	G	-		
1470	77	O	5.55	T	-		
1470	78	O	5.55	T	-		
1470	79	O	5.55	G	-		
1470	80	O	5.55	C	-		
1470	81	O	5.55	G	-		
1470	82	O	5.55	C	-		
1470	83	O	5.55	T	-		
1470	84	O	5.55	T	-		
1470	85	O	5.55	G	-		
1470	86	O	5.55	G	-		
1470	87	O	5.55	C	-		
1470	88	O	5.55	C	-		
1470	89	O	5.55	G	-		
1470	90	O	5.55	T	-		
1470	91	O	5.55	C	-		
1470	92	O	5.55	C	-		
1470	93	O	5.55	A	-		
1470	94	O	5.55	G	-		
1470	95	O	5.55	C	-		
1470	96	O	5.55	G	-		
1470	97	O	5.55	C	-		
1470	98	O	5.55	G	-		
1470	99	O	5.55	C	-		
1470	100	O	5.55	C	-		
1470	101	O	5.55	C	-		
1470	102	O	5.55	G	-		
1470	103	O	5.55	C	-		
1470	104	O	5.55	C	-		
1470	105	O	5.55	A	-		
1470	106	O	5.55	A	-		
1470	107	O	5.55	C	-		
1470	108	O	5.55	A	-		
1470	109	O	5.55	G	-		
1471	0	O	24.95	A	-		
1471	1	O	24.95	A	-		
1471	2	O	24.95	G	-		
1471	3	O	24.95	A	-		
1471	4	O	24.95	T	-		
1471	5	O	24.95	G	-		
1471	6	O	24.95	G	-		
1471	7	O	24.95	T	-		
1471	8	O	24.95	C	-		
1471	9	O	24.95	T	-		
1471	10	O	24.95	T	-		
1471	11	O	24.95	G	-		
1471	12	O	24.95	C	-		
1471	13	O	24.95	C	-		
1471	14	O	24.95	G	-		
1471	15	O	24.95	C	-		
1471	16	O	24.95	T	-		
1471	17	O	24.95	G	-		
1471	18	O	24.95	T	-		
1471	19	O	24.95	T	-		
1471	20	O	24.95	C	-		
1471	21	O	24.95	T	-		
1471	22	O	24.95	G	-		
1471	23	O	24.95	C	-		
1471	24	O	24.95	A	-		
1471	25	O	24.95	T	-		
1471	26	O	24.95	C	-		
1471	27	O	24.95	A	-		
1471	28	O	24.95	G	-		
1471	29	O	24.95	C	-		
1471	30	O	24.95	T	-		
1471	31	O	24.95	T	-		
1471	32	O	24.95	C	-		
1471	33	O	24.95	G	-		
1471	34	O	24.95	T	-		
1471	35	O	24.95	G	-		
1471	36	O	24.95	T	-		
1471	37	O	24.95	C	-		
1471	38	O	24.95	T	-		
1471	39	O	24.95	C	-		
1471	40	O	24.95	T	-		
1471	41	O	24.95	G	-		
1471	42	O	24.95	C	-		
1471	43	O	24.95	C	-		
1471	44	O	24.95	G	-		
1471	45	O	24.95	G	-		
1471	46	O	24.95	C	-		
1471	47	O	24.95	G	-		
1471	48	O	24.95	A	-		
1471	49	O	24.95	A	-		
1471	50	O	24.95	C	-		
1471	51	O	24.95	A	-		
1471	52	O	24.95	C	-		
1471	53	O	24.95	G	-		
1471	54	O	24.95	A	-		
1471	55	O	24.95	C	-		
1471	56	O	24.95	G	-		
1471	57	O	24.95	A	-		
1471	58	O	24.95	G	-		
1471	59	O	24.95	G	-		
1471	60	O	24.95	C	-		
1471	61	O	24.95	C	-		
1471	62	O	24.95	G	-		
1471	63	O	24.95	A	-		
1471	64	O	24.95	A	-		
1471	65	O	24.95	A	-		
1471	66	O	24.95	C	-		
1471	67	O	24.95	A	-		
1471	68	O	24.95	C	-		
1471	69	O	24.95	C	-		
1471	70	O	24.95	A	-		
1471	71	O	24.95	C	-		
1471	72	O	24.95	T	-		
1471	73	O	24.95	T	-		
1471	74	O	24.95	T	-		
1471	75	O	24.95	G	-		
1471	76	O	24.95	T	-		
1471	77	O	24.95	G	-		
1471	78	O	24.95	T	-		
1471	79	O	24.95	T	-		
1471	80	O	24.95	G	-		
1471	81	O	24.95	C	-		
1471	82	O	24.95	G	-		
1471	83	O	24.95	C	-		
1471	84	O	24.95	A	-		
1471	85	O	24.95	G	-		
1471	86	O	24.95	G	-		
1471	87	O	24.95	A	-		
1471	88	O	24.95	T	-		
1471	89	O	24.95	G	-		
1471	90	O	24.95	C	-		
1471	91	O	24.95	A	-		
1471	92	O	24.95	G	-		
1471	93	O	24.95	C	-		
1471	94	O	24.95	C	-		
1471	95	O	24.95	G	-		
1471	96	O	24.95	C	-		
1471	97	O	24.95	G	-		
1471	98	O	24.95	C	-		
1471	99	O	24.95	A	-		
1471	100	O	24.95	G	-		
1471	101	O	24.95	G	-		
1471	102	O	24.95	A	-		
1471	103	O	24.95	G	-		
1471	104	O	24.95	C	-		
1471	105	O	24.95	A	-		
1471	106	O	24.95	T	-		
1471	107	O	24.95	C	-		
1471	108	O	24.95	C	-		
1471	109	O	24.95	T	-		
1472	0	O	9.70	C	-		
1472	1	O	9.70	G	-		
1472	2	O	9.70	G	-		
1472	3	O	9.70	T	-		
1472	4	O	9.70	C	-		
1472	5	O	9.70	T	-		
1472	6	O	9.70	C	-		
1472	7	O	9.70	C	-		
1472	8	O	9.70	T	-		
1472	9	O	9.70	C	-		
1472	10	O	9.70	A	-		
1472	11	O	9.70	C	-		
1472	12	O	9.70	C	-		
1472	13	O	9.70	G	-		
1472	14	O	9.70	T	-		
1472	15	O	9.70	T	-		
1472	16	O	9.70	C	-		
1472	17	O	9.70	T	-		
1472	18	O	9.70	C	-		
1472	19	O	9.70	C	-		
1472	20	O	9.70	T	-		
1472	21	O	9.70	T	-		
1472	22	O	9.70	G	-		
1472	23	O	9.70	T	-		
1472	24	O	9.70	T	-		
1472	25	O	9.70	C	-		
1472	26	O	9.70	T	-		
1472	27	O	9.70	C	-		
1472	28	O	9.70	A	-		
1472	29	O	9.70	G	-		
1472	30	O	9.70	G	-		
1472	31	O	9.70	C	-		
1472	32	O	9.70	T	-		
1472	33	O	9.70	C	-		
1472	34	O	9.70	G	-		
1472	35	O	9.70	T	-		
1472	36	O	9.70	G	-		
1472	37	O	9.70	C	-		
1472	38	O	9.70	C	-		
1472	39	O	9.70	A	-		
1472	40	O	9.70	T	-		
1472	41	O	9.70	T	-		
1472	42	O	9.70	C	-		
1472	43	O	9.70	G	-		
1472	44	O	9.70	A	-		
1472	45	O	9.70	C	-		
1472	46	O	9.70	A	-		
1472	47	O	9.70	A	-		
1472	48	O	9.70	G	-		
1472	49	O	9.70	A	-		
1472	50	O	9.70	C	-		
1472	51	O	9.70	C	-		
1472	52	O	9.70	C	-		
1472	53	O	9.70	T	-		
1472	54	O	9.70	C	-		
1472	55	O	9.70	C	-		
1472	56	O	9.70	T	-		
1472	57	O	9.70	T	-		
1472	58	O	9.70	G	-		
1472	59	O	9.70	T	-		
1472	60	O	9.70	C	-		
1472	61	O	9.70	C	-		
1472	62	O	9.70	T	-		
1472	63	O	9.70	C	-		
1472	64	O	9.70	G	-		
1472	65	O	9.70	A	-		
1472	66	O	9.70	C	-		
1472	67	O	9.70	A	-		
1472	68	O	9.70	C	-		
1472	69	O	9.70	A	-		
1472	70	O	9.70	T	-		
1472	71	O	9.70	G	-		
1472	72	O	9.70	T	-		
1472	73	O	9.70	G	-		
1472	74	O	9.70	T	-		
1472	75	O	9.70	T	-		
1472	76	O	9.70	C	-		
1472	77	O	9.70	G	-		
1472	78	O	9.70	C	-		
1472	79	O	9.70	G	-		
1472	80	O	9.70	A	-		
1472	81	O	9.70	A	-		
1472	82	O	9.70	C	-		
1472	83	O	9.70	C	-		
1472	84	O	9.70	T	-		
1472	85	O	9.70	G	-		
1472	86	O	9.70	G	-		
1472	87	O	9.70	A	-		
1472	88	O	9.70	T	-		
1472	89	O	9.70	T	-		
1472	90	O	9.70	G	-		
1472	91	O	9.70	C	-		
1472	92	O	9.70	A	-		
1472	93	O	9.70	A	-		
1472	94	O	9.70	A	-		
1472	95	O	9.70	T	-		
1472	96	O	9.70	G	-		
1472	97	O	9.70	A	-		
1472	98	O	9.70	A	-		
1472	99	O	9.70	A	-		
1472	100	O	9.70	G	-		
1472	101	O	9.70	C	-		
1472	102	O	9.70	C	-		
1472	103	O	9.70	A	-		
1472	104	O	9.70	G	-		
1472	105	O	9.70	T	-		
1472	106	O	9.70	C	-		
1472	107	O	9.70	G	-		
1472	108	O	9.70	A	-		
1472	109	O	9.70	T	-		
1473	0	O	19.41	G	-		
1473	1	O	19.41	G	-		
1473	2	O	19.41	C	-		
1473	3	O	19.41	T	-		
1473	4	O	19.41	G	-		
1473	5	O	19.41	C	-		
1473	6	O	19.41	G	-		
1473	7	O	19.41	T	-		
1473	8	O	19.41	C	-		
1473	9	O	19.41	A	-		
1473	10	O	19.41	G	-		
1473	11	O	19.41	T	-		
1473	12	O	19.41	C	-		
1473	13	O	19.41	A	-		
1473	14	O	19.41	T	-		
1473	15	O	19.41	C	-		
1473	16	O	19.41	C	-		
1473	17	O	19.41	C	-		
1473	18	O	19.41	A	-		
1473	19	O	19.41	A	-		
1473	20	O	19.41	A	-		
1473	21	O	19.41	G	-		
1473	22	O	19.41	T	-		
1473	23	O	19.41	C	-		
1473	24	O	19.41	C	-		
1473	25	O	19.41	A	-		
1473	26	O	19.41	T	-		
1473	27	O	19.41	A	-		
1473	28	O	19.41	T	-		
1473	29	O	19.41	C	-		
1473	30	O	19.41	G	-		
1473	31	O	19.41	G	-		
1473	32	O	19.41	A	-		
1473	33	O	19.41	G	-		
1473	34	O	19.41	C	-		
1473	35	O	19.41	A	-		
1473	36	O	19.41	A	-		
1473	37	O	19.41	T	-		
1473	38	O	19.41	T	-		
1473	39	O	19.41	C	-		
1473	40	O	19.41	G	-		
1473	41	O	19.41	A	-		
1473	42	O	19.41	G	-		
1473	43	O	19.41	T	-		
1473	44	O	19.41	C	-		
1473	45	O	19.41	C	-		
1473	46	O	19.41	T	-		
1473	47	O	19.41	T	-		
1473	48	O	19.41	G	-		
1473	49	O	19.41	C	-		
1473	50	O	19.41	G	-		
1473	51	O	19.41	G	-		
1473	52	O	19.41	C	-		
1473	53	O	19.41	T	-		
1473	54	O	19.41	G	-		
1473	55	O	19.41	G	-		
1473	56	O	19.41	A	-		
1473	57	O	19.41	C	-		
1473	58	O	19.41	T	-		
1473	59	O	19.41	T	-		
1473	60	O	19.41	G	-		
1473	61	O	19.41	A	-		
1473	62	O	19.41	A	-		
1473	63	O	19.41	A	-		
1473	64	O	19.41	G	-		
1473	65	O	19.41	C	-		
1473	66	O	19.41	A	-		
1473	67	O	19.41	T	-		
1473	68	O	19.41	C	-		
1473	69	O	19.41	G	-		
1473	70	O	19.41	A	-		
1473	71	O	19.41	G	-		
1473	72	O	19.41	C	-		
1473	73	O	19.41	T	-		
1473	74	O	19.41	T	-		
1473	75	O	19.41	C	-		
1473	76	O	19.41	C	-		
1473	77	O	19.41	G	-		
1473	78	O	19.41	A	-		
1473	79	E	-15.38	C	T		
1473	80	O	10.01	T	-		
1473	81	O	19.41	T	-		
1473	82	O	19.41	A	-		
1473	83	O	19.41	T	-		
1473	84	O	19.41	C	-		
1473	85	O	19.41	T	-		
1473	86	O	19.41	G	-		
1473	87	O	19.41	G	-		
1473	88	O	19.41	A	-		
1473	89	O	19.41	G	-		
1473	90	O	19.41	G	-		
1473	91	O	19.41	G	-		
1473	92	O	19.41	C	-		
1473	93	O	19.41	A	-		
1473	94	O	19.41	A	-		
1473	95	O	19.41	A	-		
1473	96	O	19.41	C	-		
1473	97	O	19.41	T	-		
1473	98	O	19.41	T	-		
1473	99	O	19.41	C	-		
1473	100	O	19.41	T	-		
1473	101	O	19.41	C	-		
1473	102	O	19.41	C	-		
1473	103	O	19.41	G	-		
1473	104	O	19.41	C	-		
1473	105	O	19.41	C	-		
1473	106	O	19.41	G	-		
1473	107	O	19.41	T	-		
1473	108	O	19.41	C	-		
1473	109	O	19.41	G	-		
1474	0	O	18.02	C	-		
1474	1	O	18.02	T	-		
1474	2	O	18.02	G	-		
1474	3	O	18.02	G	-		
1474	4	O	18.02	C	-		
1474	5	O	18.02	G	-		
1474	6	O	18.02	C	-		
1474	7	O	18.02	T	-		
1474	8	O	18.02	C	-		
1474	9	O	18.02	A	-		
1474	10	O	18.02	C	-		
1474	11	O	18.02	G	-		
1474	12	O	18.02	A	-		
1474	13	O	18.02	G	-		
1474	14	O	18.02	C	-		
1474	15	O	18.02	T	-		
1474	16	O	18.02	C	-		
1474	17	O	18.02	G	-		
1474	18	O	18.02	A	-		
1474	19	O	18.02	G	-		
1474	20	O	18.02	G	-		
1474	21	O	18.02	T	-		
1474	22	O	18.02	T	-		
1474	23	O	18.02	T	-		
1474	24	O	18.02	T	-		
1474	25	O	18.02	C	-		
1474	26	O	18.02	C	-		
1474	27	O	18.02	A	-		
1474	28	O	18.02	A	-		
1474	29	O	18.02	G	-		
1474	30	O	18.02	A	-		
1474	31	O	18.02	T	-		
1474	32	O	18.02	T	-		
1474	33	O	18.02	T	-		
1474	34	O	18.02	C	-		
1474	35	O	18.02	C	-		
1474	36	O	18.02	C	-		
1474	37	O	18.02	C	-		
1474	38	O	18.02	A	-		
1474	39	O	18.02	G	-		
1474	40	O	18.02	C	-		
1474	41	O	18.02	T	-		
1474	42	O	18.02	T	-		
1474	43	O	18.02	A	-		
1474	44	O	18.02	C	-		
1474	45	O	18.02	G	-		
1474	46	O	18.02	A	-		
1474	47	O	18.02	G	-		
1474	48	O	18.02	G	-		
1474	49	O	18.02	G	-		
1474	50	O	18.02	T	-		
1474	51	O	18.02	T	-		
1474	52	O	18.02	A	-		
1474	53	O	18.02	G	-		
1474	54	O	18.02	T	-		
1474	55	O	18.02	G	-		
1474	56	O	18.02	C	-		
1474	57	O	18.02	T	-		
1474	58	O	18.02	G	-		
1474	59	O	18.02	C	-		
1474	60	O	18.02	A	-		
1474	61	O	18.02	A	-		
1474	62	O	18.02	A	-		
1474	63	O	18.02	G	-		
1474	64	O	18.02	T	-		
1474	65	O	18.02	C	-		
1474	66	O	18.02	A	-		
1474	67	O	18.02	A	-		
1474	68	O	18.02	T	-		
1474	69	O	18.02	C	-		
1474	70	O	18.02	A	-		
1474	71	O	18.02	C	-		
1474	72	O	18.02	G	-		
1474	73	O	18.02	C	-		
1474	74	O	18.02	A	-		
1474	75	O	18.02	C	-		
1474	76	O	18.02	G	-		
1474	77	O	18.02	C	-		
1474	78	O	18.02	G	-		
1474	79	O	18.02	C	-		
1474	80	O	18.02	T	-		
1474	81	O	18.02	A	-		
1474	82	O	18.02	G	-		
1474	83	O	18.02	C	-		
1474	84	O	18.02	T	-		
1474	85	O	18.02	A	-		
1474	86	O	18.02	A	-		
1474	87	O	18.02	C	-		
1474	88	O	18.02	T	-		
1474	89	O	18.02	A	-		
1474	90	O	18.02	G	-		
1474	91	O	18.02	C	-		
1474	92	O	18.02	T	-		
1474	93	O	18.02	A	-		
1474	94	O	18.02	C	-		
1474	95	O	18.02	C	-		
1474	96	O	18.02	C	-		
1474	97	O	18.02	C	-		
1474	98	O	18.02	G	-		
1474	99	O	18.02	C	-		
1474	100	O	18.02	C	-		
1474	101	O	18.02	G	-		
1474	102	O	18.02	A	-		
1474	103	O	18.02	C	-		
1474	104	O	18.02	G	-		
1474	105	O	18.02	C	-		
1474	106	O	18.02	C	-		
1474	107	O	18.02	C	-		
1474	108	O	18.02	G	-		
1474	109	O	18.02	A	-		
1475	0	O	5.55	T	-		
1475	1	O	5.55	C	-		
1475	2	O	5.55	T	-		
1475	3	O	5.55	T	-		
1475	4	O	5.55	C	-		
1475	5	O	5.55	A	-		
1475	6	O	5.55	C	-		
1475	7	O	5.55	A	-		
1475	8	O	5.55	A	-		
1475	9	O	5.55	G	-		
1475	10	O	5.55	T	-		
1475	11	O	5.55	C	-		
1475	12	O	5.55	C	-		
1475	13	O	5.55	A	-		
1475	14	O	5.55	C	-		
1475	15	O	5.55	T	-		
1475	16	O	5.55	A	-		
1475	17	O	5.55	A	-		
1475	18	O	5.55	A	-		
1475	19	O	5.55	A	-		
1475	20	O	5.55	C	-		
1475	21	O	5.55	A	-		
1475	22	O	5.55	A	-		
1475	23	O	5.55	A	-		
1475	24	O	5.55	A	-		
1475	25	O	5.55	T	-		
1475	26	O	5.55	T	-		
1475	27	O	5.55	T	-		
1475	28	O	5.55	G	-		
1475	29	O	5.55	A	-		
1475	30	O	5.55	T	-		
1475	31	O	5.55	C	-		
1475	32	O	5.55	A	-		
1475	33	O	5.55	C	-		
1475	34	O	5.55	A	-		
1475	35	O	5.55	G	-		
1475	36	O	5.55	T	-		
1475	37	O	5.55	A	-		
1475	38	O	5.55	G	-		
1475	39	O	5.55	A	-		
1475	40	O	5.55	A	-		
1475	41	O	5.55	A	-		
1475	42	O	5.55	G	-		
1475	43	O	5.55	T	-		
1475	44	O	5.55	A	-		
1475	45	O	5.55	C	-		
1475	46	O	5.55	A	-		
1475	47	O	5.55	A	-		
1475	48	O	5.55	G	-		
1475	49	O	5.55	C	-		
1475	50	O	5.55	A	-		
1475	51	O	5.55	A	-		
1475	52	O	5.55	C	-		
1475	53	O	5.55	A	-		
1475	54	O	5.55	T	-		
1475	55	O	5.55	C	-		
1475	56	O	5.55	G	-		
1475	57	O	5.55	T	-		
1475	58	O	5.55	G	-		
1475	59	O	5.55	A	-		
1475	60	O	5.55	A	-		
1475	61	O	5.55	G	-		
1475	62	O	5.55	C	-		
1475	63	O	5.55	A	-		
1475	64	O	5.55	A	-		
1475	65	O	5.55	A	-		
1475	66	O	5.55	T	-		
1475	67	O	5.55	T	-		
1475	68	O	5.55	G	-		
1475	69	O	5.55	T	-		
1475	70	O	5.55	G	-		
1475	71	O	5.55	C	-		
1475	72	O	5.55	A	-		
1475	73	O	5.55	T	-		
1475	74	O	5.55	T	-		
1475	75	O	5.55	C	-		
1475	76	O	5.55	C	-		
1475	77	O	5.55	T	-		
1475	78	O	5.55	C	-		
1475	79	O	5.55	A	-		
1475	80	O	5.55	A	-		
1475	81	O	5.55	G	-		
1475	82	O	5.55	C	-		
1475	83	O	5.55	T	-		
1475	84	O	5.55	C	-		
1475	85	O	5.55	T	-		
1475	86	O	5.55	G	-		
1475	87	O	5.55	A	-		
1475	88	O	5.55	T	-		
1475	89	O	5.55	G	-		
1475	90	O	5.55	A	-		
1475	91	O	5.55	A	-		
1475	92	O	5.55	A	-		
1475	93	O	5.55	C	-		
1475	94	O	5.55	G	-		
1475	95	O	5.55	C	-		
1475	96	O	5.55	T	-		
1475	97	O	5.55	G	-		
1475	98	O	5.55	G	-		
1475	99	O	5.55	G	-		
1475	100	O	5.55	A	-		
1475	101	O	5.55	T	-		
1475	102	O	5.55	T	-		
1475	103	O	5.55	C	-		
1475	104	O	5.55	C	-		
1475	105	O	5.55	A	-		
1475	106	O	5.55	G	-		
1475	107	O	5.55	G	-		
1475	108	O	5.55	C	-		
1475	109	O	5.55	T	-		
1476	0	O	6.93	C	-		
1476	1	O	6.93	T	-		
1476	2	O	6.93	C	-		
1476	3	O	6.93	A	-		
1476	4	O	6.93	A	-		
1476	5	O	6.93	C	-		
1476	6	O	6.93	G	-		
1476	7	O	6.93	A	-		
1476	8	O	6.93	C	-		
1476	9	O	6.93	G	-		
1476	10	O	6.93	A	-		
1476	11	O	6.93	C	-		
1476	12	O	6.93	A	-		
1476	13	O	6.93	T	-		
1476	14	O	6.93	T	-		
1476	15	O	6.93	C	-		
1476	16	O	6.93	T	-		
1476	17	O	6.93	C	-		
1476	18	O	6.93	A	-		
1476	19	O	6.93	T	-		
1476	20	O	6.93	G	-		
1476	21	O	6.93	C	-		
1476	22	O	6.93	G	-		
1476	23	O	6.93	C	-		
1476	24	O	6.93	A	-		
1476	25	O	6.93	T	-		
1476	26	O	6.93	C	-		
1476	27	O	6.93	T	-		
1476	28	O	6.93	T	-		
1476	29	O	6.93	C	-		
1476	30	O	6.93	G	-		
1476	31	O	6.93	A	-		
1476	32	O	6.93	C	-		
1476	33	O	6.93	T	-		
1476	34	O	6.93	T	-		
1476	35	O	6.93	C	-		
1476	36	O	6.93	C	-		
1476	37	O	6.93	T	-		
1476	38	O	6.93	C	-		
1476	39	O	6.93	C	-		
1476	40	O	6.93	A	-		
1476	41	O	6.93	C	-		
1476	42	O	6.93	T	-		
1476	43	O	6.93	A	-		
1476	44	O	6.93	C	-		
1476	45	O	6.93	G	-		
1476	46	O	6.93	A	-		
1476	47	O	6.93	C	-		
1476	48	O	6.93	G	-		
1476	49	O	6.93	A	-		
1476	50	O	6.93	C	-		
1476	51	O	6.93	A	-		
1476	52	O	6.93	A	-		
1476	53	O	6.93	A	-		
1476	54	O	6.93	A	-		
1476	55	O	6.93	T	-		
1476	56	O	6.93	T	-		
1476	57	O	6.93	C	-		
1476	58	O	6.93	G	-		
1476	59	O	6.93	C	-		
1476	60	O	6.93	C	-		
1476	61	O	6.93	T	-		
1476	62	O	6.93	C	-		
1476	63	O	6.93	C	-		
1476	64	O	6.93	G	-		
1476	65	O	6.93	C	-		
1476	66	O	6.93	C	-		
1476	67	O	6.93	G	-		
1476	68	O	6.93	C	-		
1476	69	O	6.93	A	-		
1476	70	O	6.93	C	-		
1476	71	O	6.93	T	-		
1476	72	O	6.93	T	-		
1476	73	O	6.93	G	-		
1476	74	O	6.93	C	-		
1476	75	O	6.93	T	-		
1476	76	O	6.93	C	-		
1476	77	O	6.93	C	-		
1476	78	O	6.93	A	-		
1476	79	O	6.93	G	-		
1476	80	O	6.93	A	-		
1476	81	O	6.93	T	-		
1476	82	O	6.93	G	-		
1476	83	O	6.93	G	-		
1476	84	O	6.93	A	-		
1476	85	O	6.93	A	-		
1476	86	O	6.93	G	-		
1476	87	O	6.93	T	-		
1476	88	O	6.93	G	-		
1476	89	O	6.93	T	-		
1476	90	O	6.93	C	-		
1476	91	O	6.93	T	-		
1476	92	O	6.93	G	-		
1476	93	O	6.93	C	-		
1476	94	O	6.93	T	-		
1476	95	O	6.93	C	-		
1476	96	O	6.93	G	-		
1476	97	O	6.93	A	-		
1476	98	O	6.93	T	-		
1476	99	O	6.93	T	-		
1476	100	O	6.93	G	-		
1476	101	O	6.93	G	-		
1476	102	O	6.93	C	-		
1476	103	O	6.93	A	-		
1476	104	O	6.93	G	-		
1476	105	O	6.93	C	-		
1476	106	O	6.93	T	-		
1476	107	O	6.93	G	-		
1476	108	O	6.93	G	-		
1476	109	O	6.93	C	-		
1477	0	O	5.55	C	-		
1477	1	O	5.55	T	-		
1477	2	O	5.55	G	-		
1477	3	O	5.55	C	-		
1477	4	O	5.55	G	-		
1477	5	O	5.55	A	-		
1477	6	O	5.55	G	-		
1477	7	O	5.55	G	-		
1477	8	O	5.55	T	-		
1477	9	O	5.55	A	-		
1477	10	O	5.55	C	-		
1477	11	O	5.55	A	-		
1477	12	O	5.55	C	-		
1477	13	O	5.55	G	-		
1477	14	O	5.55	G	-		
1477	15	O	5.55	C	-		
1477	16	O	5.55	T	-		
1477	17	O	5.55	T	-		
1477	18	O	5.55	C	-		
1477	19	O	5.55	A	-		
1477	20	O	5.55	C	-		
1477	21	O	5.55	G	-		
1477	22	O	5.55	C	-		
1477	23	O	5.55	T	-		
1477	24	O	5.55	G	-		
1477	25	O	5.55	T	-		
1477	26	O	5.55	A	-		
1477	27	O	5.55	C	-		
1477	28	O	5.55	C	-		
1477	29	O	5.55	G	-		
1477	30	O	5.55	A	-		
1477	31	O	5.55	A	-		
1477	32	O	5.55	G	-		
1477	33	O	5.55	G	-		
1477	34	O	5.55	T	-		
1477	35	O	5.55	T	-		
1477	36	O	5.55	G	-		
1477	37	O	5.55	C	-		
1477	38	O	5.55	G	-		
1477	39	O	5.55	A	-		
1477	40	O	5.55	C	-		
1477	41	O	5.55	A	-		
1477	42	O	5.55	G	-		
1477	43	O	5.55	G	-		
1477	44	O	5.55	A	-		
1477	45	O	5.55	A	-		
1477	46	O	5.55	G	-		
1477	47	O	5.55	A	-		
1477	48	O	5.55	T	-		
1477	49	O	5.55	C	-		
1477	50	O	5.55	C	-		
1477	51	O	5.55	G	-		
1477	52	O	5.55	G	-		
1477	53	O	5.55	G	-		
1477	54	O	5.55	G	-		
1477	55	O	5.55	C	-		
1477	56	O	5.55	G	-		
1477	57	O	5.55	C	-		
1477	58	O	5.55	T	-		
1477	59	O	5.55	G	-		
1477	60	O	5.55	G	-		
1477	61	O	5.55	C	-		
1477	62	O	5.55	T	-		
1477	63	O	5.55	G	-		
1477	64	O	5.55	T	-		
1477	65	O	5.55	C	-		
1477	66	O	5.55	A	-		
1477	67	O	5.55	A	-		
1477	68	O	5.55	A	-		
1477	69	O	5.55	A	-		
1477	70	O	5.55	G	-		
1477	71	O	5.55	G	-		
1477	72	O	5.55	A	-		
1477	73	O	5.55	A	-		
1477	74	O	5.55	A	-		
1477	75	O	5.55	G	-		
1477	76	O	5.55	A	-		
1477	77	O	5.55	A	-		
1477	78	O	5.55	G	-		
1477	79	O	5.55	C	-		
1477	80	O	5.55	A	-		
1477	81	O	5.55	G	-		
1477	82	O	5.55	T	-		
1477	83	O	5.55	G	-		
1477	84	O	5.55	G	-		
1477	85	O	5.55	G	-		
1477	86	O	5.55	T	-		
1477	87	O	5.55	G	-		
1477	88	O	5.55	G	-		
1477	89	O	5.55	G	-		
1477	90	O	5.55	T	-		
1477	91	O	5.55	G	-		
1477	92	O	5.55	G	-		
1477	93	O	5.55	G	-		
1477	94	O	5.55	T	-		
1477	95	O	5.55	G	-		
1477	96	O	5.55	G	-		
1477	97	O	5.55	A	-		
1477	98	O	5.55	A	-		
1477	99	O	5.55	G	-		
1477	100	O	5.55	T	-		
1477	101	O	5.55	A	-		
1477	102	O	5.55	G	-		
1477	103	O	5.55	T	-		
1477	104	O	5.55	G	-		
1477	105	O	5.55	C	-		
1477	106	O	5.55	C	-		
1477	107	O	5.55	G	-		
1477	108	O	5.55	G	-		
1477	109	O	5.55	G	-		
1478	0	O	9.70	C	-		
1478	1	O	9.70	A	-		
1478	2	U	1.77	A	G		
1478	3	O	9.70	T	-		
1478	4	O	9.70	A	-		
1478	5	O	9.70	G	-		
1478	6	O	9.70	C	-		
1478	7	O	9.70	T	-		
1478	8	O	9.70	T	-		
1478	9	O	9.70	G	-		
1478	10	O	9.70	T	-		
1478	11	O	9.70	A	-		
1478	12	O	9.70	A	-		
1478	13	O	9.70	C	-		
1478	14	O	9.70	A	-		
1478	15	O	9.70	T	-		
1478	16	O	9.70	T	-		
1478	17	O	9.70	A	-		
1478	18	O	9.70	A	-		
1478	19	O	9.70	G	-		
1478	20	O	9.70	A	-		
1478	21	O	9.70	A	-		
1478	22	O	9.70	A	-		
1478	23	O	9.70	A	-		
1478	24	O	9.70	A	-		
1478	25	O	9.70	A	-		
1478	26	O	9.70	C	-		
1478	27	O	9.70	T	-		
1478	28	O	9.70	G	-		
1478	29	O	9.70	A	-		
1478	30	O	9.70	A	-		
1478	31	O	9.70	A	-		
1478	32	O	9.70	G	-		
1478	33	O	9.70	T	-		
1478	34	O	9.70	T	-		
1478	35	O	9.70	T	-		
1478	36	O	9.70	C	-		
1478	37	O	9.70	T	-		
1478	38	O	9.70	T	-		
1478	39	O	9.70	T	-		
1478	40	O	9.70	A	-		
1478	41	O	9.70	A	-		
1478	42	O	9.70	C	-		
1478	43	O	9.70	A	-		
1478	44	O	9.70	A	-		
1478	45	O	9.70	C	-		
1478	46	O	9.70	A	-		
1478	47	O	9.70	A	-		
1478	48	O	9.70	G	-		
1478	49	O	9.70	C	-		
1478	50	O	9.70	A	-		
1478	51	O	9.70	A	-		
1478	52	O	9.70	C	-		
1478	53	O	9.70	T	-		
1478	54	O	9.70	T	-		
1478	55	O	9.70	T	-		
1478	56	U	1.77	C	T		
1478	57	O	9.70	G	-		
1478	58	O	9.70	G	-		
1478	59	O	9.70	T	-		
1478	60	O	9.70	T	-		
1478	61	O	9.70	G	-		
1478	62	O	9.70	T	-		
1478	63	O	9.70	C	-		
1478	64	O	9.70	G	-		
1478	65	O	9.70	C	-		
1478	66	O	9.70	A	-		
1478	67	O	9.70	C	-		
1478	68	O	9.70	A	-		
1478	69	O	9.70	C	-		
1478	70	O	9.70	A	-		
1478	71	O	9.70	T	-		
1478	72	O	9.70	G	-		
1478	73	O	9.70	C	-		
1478	74	O	9.70	A	-		
1478	75	O	9.70	G	-		
1478	76	O	9.70	G	-		
1478	77	O	9.70	C	-		
1478	78	O	9.70	A	-		
1478	79	O	9.70	T	-		
1478	80	O	9.70	T	-		
1478	81	O	9.70	T	-		
1478	82	O	9.70	A	-		
1478	83	O	9.70	T	-		
1478	84	O	9.70	T	-		
1478	85	O	9.70	C	-		
1478	86	O	9.70	A	-		
1478	87	O	9.70	T	-		
1478	88	O	9.70	T	-		
1478	89	O	9.70	C	-		
1478	90	O	9.70	T	-		
1478	91	O	9.70	T	-		
1478	92	O	9.70	T	-		
1478	93	O	9.70	C	-		
1478	94	O	9.70	C	-		
1478	95	O	9.70	C	-		
1478	96	O	9.70	A	-		
1478	97	O	9.70	T	-		
1478	98	O	9.70	A	-		
1478	99	O	9.70	C	-		
1478	100	O	9.70	C	-		
1478	101	O	9.70	A	-		
1478	102	O	9.70	C	-		
1478	103	O	9.70	C	-		
1478	104	O	9.70	A	-		
1478	105	O	9.70	T	-		
1478	106	O	9.70	G	-		
1478	107	O	9.70	C	-		
1478	108	O	9.70	A	-		
1478	109	O	9.70	T	-		
1479	0	O	6.93	T	-		
1479	1	O	6.93	T	-		
1479	2	O	6.93	C	-		
1479	3	O	6.93	T	-		
1479	4	O	6.93	T	-		
1479	5	O	6.93	A	-		
1479	6	O	6.93	C	-		
1479	7	O	6.93	C	-		
1479	8	O	6.93	C	-		
1479	9	O	6.93	T	-		
1479	10	O	6.93	T	-		
1479	11	O	6.93	G	-		
1479	12	O	6.93	A	-		
1479	13	O	6.93	A	-		
1479	14	O	6.93	T	-		
1479	15	O	6.93	C	-		
1479	16	O	6.93	C	-		
1479	17	O	6.93	A	-		
1479	18	O	6.93	A	-		
1479	19	O	6.93	A	-		
1479	20	O	6.93	C	-		
1479	21	O	6.93	C	-		
1479	22	O	6.93	T	-		
1479	23	O	6.93	T	-		
1479	24	O	6.93	T	-		
1479	25	O	6.93	A	-		
1479	26	O	6.93	G	-		
1479	27	O	6.93	G	-		
1479	28	O	6.93	C	-		
1479	29	O	6.93	C	-		
1479	30	O	6.93	C	-		
1479	31	O	6.93	T	-		
1479	32	O	6.93	C	-		
1479	33	O	6.93	C	-		
1479	34	O	6.93	T	-		
1479	35	O	6.93	T	-		
1479	36	O	6.93	C	-		
1479	37	O	6.93	C	-		
1479	38	O	6.93	T	-		
1479	39	O	6.93	C	-		
1479	40	O	6.93	T	-		
1479	41	O	6.93	T	-		
1479	42	O	6.93	G	-		
1479	43	O	6.93	T	-		
1479	44	O	6.93	G	-		
1479	45	O	6.93	G	-		
1479	46	O	6.93	T	-		
1479	47	O	6.93	G	-		
1479	48	O	6.93	A	-		
1479	49	O	6.93	G	-		
1479	50	O	6.93	A	-		
1479	51	O	6.93	A	-		
1479	52	O	6.93	A	-		
1479	53	O	6.93	T	-		
1479	54	O	6.93	T	-		
1479	55	O	6.93	C	-		
1479	56	O	6.93	A	-		
1479	57	O	6.93	C	-		
1479	58	O	6.93	C	-		
1479	59	O	6.93	A	-		
1479	60	O	6.93	G	-		
1479	61	O	6.93	G	-		
1479	62	O	6.93	G	-		
1479	63	O	6.93	T	-		
1479	64	O	6.93	T	-		
1479	65	O	6.93	A	-		
1479	66	O	6.93	A	-		
1479	67	O	6.93	C	-		
1479	68	O	6.93	C	-		
1479	69	O	6.93	T	-		
1479	70	O	6.93	T	-		
1479	71	O	6.93	T	-		
1479	72	O	6.93	G	-		
1479	73	O	6.93	T	-		
1479	74	O	6.93	C	-		
1479	75	O	6.93	A	-		
1479	76	O	6.93	A	-		
1479	77	O	6.93	T	-		
1479	78	O	6.93	C	-		
1479	79	O	6.93	T	-		
1479	80	O	6.93	T	-		
1479	81	O	6.93	G	-		
1479	82	O	6.93	T	-		
1479	83	O	6.93	T	-		
1479	84	O	6.93	T	-		
1479	85	O	6.93	T	-		
1479	86	O	6.93	T	-		
1479	87	O	6.93	T	-		
1479	88	O	6.93	C	-		
1479	89	O	6.93	C	-		
1479	90	O	6.93	A	-		
1479	91	O	6.93	T	-		
1479	92	O	6.93	T	-		
1479	93	O	6.93	A	-		
1479	94	O	6.93	C	-		
1479	95	O	6.93	T	-		
1479	96	O	6.93	T	-		
1479	97	O	6.93	T	-		
1479	98	O	6.93	A	-		
1479	99	O	6.93	A	-		
1479	100	O	6.93	A	-		
1479	101	O	6.93	T	-		
1479	102	O	6.93	T	-		
1479	103	O	6.93	A	-		
1479	104	O	6.93	T	-		
1479	105	O	6.93	T	-		
1479	106	O	6.93	T	-		
1479	107	O	6.93	T	-		
1479	108	O	6.93	A	-		
1479	109	O	6.93	T	-		
1480	0	O	23.57	C	-		
1480	1	O	23.57	C	-		
1480	2	O	23.57	A	-		
1480	3	O	23.57	A	-		
1480	4	O	23.57	C	-		
1480	5	O	23.57	G	-		
1480	6	O	23.57	C	-		
1480	7	O	23.57	C	-		
1480	8	O	23.57	A	-		
1480	9	O	23.57	C	-		
1480	10	O	23.57	G	-		
1480	11	O	23.57	G	-		
1480	12	O	23.57	G	-		
1480	13	O	23.57	C	-		
1480	14	O	23.57	T	-		
1480	15	O	23.57	C	-		
1480	16	O	23.57	G	-		
1480	17	O	23.57	C	-		
1480	18	O	23.57	T	-		
1480	19	O	23.57	C	-		
1480	20	O	23.57	G	-		
1480	21	O	23.57	C	-		
1480	22	O	23.57	C	-		
1480	23	O	23.57	C	-		
1480	24	O	23.57	G	-		
1480	25	O	23.57	C	-		
1480	26	O	23.57	T	-		
1480	27	O	23.57	T	-		
1480	28	O	23.57	C	-		
1480	29	O	23.57	A	-		
1480	30	O	23.57	T	-		
1480	31	O	23.57	G	-		
1480	32	O	23.57	G	-		
1480	33	O	23.57	A	-		
1480	34	O	23.57	A	-		
1480	35	O	23.57	T	-		
1480	36	O	23.57	A	-		
1480	37	O	23.57	C	-		
1480	38	O	23.57	C	-		
1480	39	O	23.57	T	-		
1480	40	O	23.57	C	-		
1480	41	O	23.57	A	-		
1480	42	O	23.57	C	-		
1480	43	O	23.57	C	-		
1480	44	O	23.57	T	-		
1480	45	O	23.57	A	-		
1480	46	O	23.57	C	-		
1480	47	O	23.57	G	-		
1480	48	O	23.57	C	-		
1480	49	O	23.57	C	-		
1480	50	O	23.57	T	-		
1480	51	O	23.57	A	-		
1480	52	O	23.57	C	-		
1480	53	O	23.57	A	-		
1480	54	O	23.57	T	-		
1480	55	O	23.57	G	-		
1480	56	O	23.57	A	-		
1480	57	O	23.57	T	-		
1480	58	O	23.57	C	-		
1480	59	O	23.57	G	-		
1480	60	O	23.57	A	-		
1480	61	U	1.13	T	C		
1480	62	O	23.57	A	-		
1480	63	O	23.57	A	-		
1480	64	O	23.57	C	-		
1480	65	O	23.57	G	-		
1480	66	O	23.57	T	-		
1480	67	O	23.57	C	-		
1480	68	O	23.57	G	-		
1480	69	O	23.57	C	-		
1480	70	O	23.57	C	-		
1480	71	O	23.57	C	-		
1480	72	O	23.57	T	-		
1480	73	O	23.57	G	-		
1480	74	O	23.57	C	-		
1480	75	O	23.57	T	-		
1480	76	O	23.57	C	-		
1480	77	O	23.57	A	-		
1480	78	O	23.57	T	-		
1480	79	O	23.57	C	-		
1480	80	O	23.57	A	-		
1480	81	O	23.57	C	-		
1480	82	O	23.57	C	-		
1480	83	O	23.57	G	-		
1480	84	O	23.57	G	-		
1480	85	O	23.57	C	-		
1480	86	O	23.57	A	-		
1480	87	O	23.57	C	-		
1480	88	O	23.57	C	-		
1480	89	O	23.57	C	-		
1480	90	O	23.57	T	-		
1480	91	O	23.57	G	-		
1480	92	O	23.57	C	-		
1480	93	O	23.57	A	-		
1480	94	O	23.57	C	-		
1480	95	O	23.57	G	-		
1480	96	O	23.57	A	-		
1480	97	O	23.57	G	-		
1480	98	O	23.57	C	-		
1480	99	O	23.57	G	-		
1480	100	O	23.57	C	-		
1480	101	O	23.57	G	-		
1480	102	O	23.57	A	-		
1480	103	O	23.57	C	-		
1480	104	O	23.57	A	-		
1480	105	O	23.57	C	-		
1480	106	O	23.57	C	-		
1480	107	O	23.57	C	-		
1480	108	O	23.57	G	-		
1480	109	O	23.57	C	-		
1481	0	O	5.55	T	-		
1481	1	O	5.55	C	-		
1481	2	O	5.55	A	-		
1481	3	O	5.55	A	-		
1481	4	O	5.55	G	-		
1481	5	O	5.55	A	-		
1481	6	O	5.55	G	-		
1481	7	O	5.55	G	-		
1481	8	O	5.55	T	-		
1481	9	O	5.55	T	-		
1481	10	O	5.55	C	-		
1481	11	O	5.55	C	-		
1481	12	O	5.55	A	-		
1481	13	O	5.55	A	-		
1481	14	O	5.55	T	-		
1481	15	O	5.55	T	-		
1481	16	O	5.55	T	-		
1481	17	O	5.55	C	-		
1481	18	O	5.55	T	-		
1481	19	O	5.55	T	-		
1481	20	O	5.55	C	-		
1481	21	O	5.55	T	-		
1481	22	O	5.55	T	-		
1481	23	O	5.55	G	-		
1481	24	O	5.55	G	-		
1481	25	O	5.55	C	-		
1481	26	O	5.55	G	-		
1481	27	O	5.55	C	-		
1481	28	O	5.55	C	-		
1481	29	O	5.55	A	-		
1481	30	O	5.55	A	-		
1481	31	O	5.55	T	-		
1481	32	O	5.55	T	-		
1481	33	O	5.55	A	-		
1481	34	O	5.55	A	-		
1481	35	O	5.55	A	-		
1481	36	O	5.55	T	-		
1481	37	O	5.55	G	-		
1481	38	O	5.55	G	-		
1481	39	O	5.55	G	-		
1481	40	O	5.55	C	-		
1481	41	O	5.55	G	-		
1481	42	O	5.55	C	-		
1481	43	O	5.55	A	-		
1481	44	O	5.55	A	-		
1481	45	O	5.55	A	-		
1481	46	O	5.55	C	-		
1481	47	O	5.55	G	-		
1481	48	O	5.55	C	-		
1481	49	O	5.55	G	-		
1481	50	O	5.55	A	-		
1481	51	O	5.55	G	-		
1481	52	O	5.55	C	-		
1481	53	O	5.55	C	-		
1481	54	O	5.55	A	-		
1481	55	O	5.55	G	-		
1481	56	O	5.55	C	-		
1481	57	O	5.55	T	-		
1481	58	O	5.55	G	-		
1481	59	O	5.55	A	-		
1481	60	O	5.55	A	-		
1481	61	O	5.55	C	-		
1481	62	O	5.55	T	-		
1481	63	O	5.55	C	-		
1481	64	O	5.55	A	-		
1481	65	O	5.55	G	-		
1481	66	O	5.55	A	-		
1481	67	O	5.55	A	-		
1481	68	O	5.55	G	-		
1481	69	O	5.55	C	-		
1481	70	O	5.55	T	-		
1481	71	O	5.55	C	-		
1481	72	O	5.55	A	-		
1481	73	O	5.55	A	-		
1481	74	O	5.55	G	-		
1481	75	O	5.55	A	-		
1481	76	O	5.55	G	-		
1481	77	O	5.55	T	-		
1481	78	O	5.55	G	-		
1481	79	O	5.55	C	-		
1481	80	O	5.55	A	-		
1481	81	O	5.55	G	-		
1481	82	O	5.55	A	-		
1481	83	O	5.55	G	-		
1481	84	O	5.55	A	-		
1481	85	O	5.55	T	-		
1481	86	O	5.55	G	-		
1481	87	O	5.55	A	-		
1481	88	O	5.55	T	-		
1481	89	O	5.55	A	-		
1481	90	O	5.55	G	-		
1481	91	O	5.55	C	-		
1481	92	O	5.55	T	-		
1481	93	O	5.55	G	-		
1481	94	O	5.55	T	-		
1481	95	O	5.55	G	-		
1481	96	O	5.55	G	-		
1481	97	O	5.55	A	-		
1481	98	O	5.55	G	-		
1481	99	O	5.55	A	-		
1481	100	O	5.55	G	-		
1481	101	O	5.55	G	-		
1481	102	O	5.55	G	-		
1481	103	O	5.55	A	-		
1481	104	O	5.55	A	-		
1481	105	O	5.55	G	-		
1481	106	O	5.55	C	-		
1481	107	O	5.55	C	-		
1481	108	O	5.55	A	-		
1481	109	O	5.55	A	-		
1482	0	O	11.09	C	-		
1482	1	O	11.09	G	-		
1482	2	O	11.09	T	-		
1482	3	O	11.09	C	-		
1482	4	O	11.09	T	-		
1482	5	O	11.09	G	-		
1482	6	O	11.09	C	-		
1482	7	O	11.09	G	-		
1482	8	O	11.09	T	-		
1482	9	O	11.09	C	-		
1482	10	O	11.09	A	-		
1482	11	O	11.09	G	-		
1482	12	O	11.09	C	-		
1482	13	O	11.09	A	-		
1482	14	O	11.09	T	-		
1482	15	O	11.09	A	-		
1482	16	O	11.09	A	-		
1482	17	O	11.09	C	-		
1482	18	O	11.09	G	-		
1482	19	O	11.09	C	-		
1482	20	O	11.09	T	-		
1482	21	O	11.09	G	-		
1482	22	O	11.09	C	-		
1482	23	O	11.09	G	-		
1482	24	O	11.09	C	-		
1482	25	O	11.09	A	-		
1482	26	O	11.09	C	-		
1482	27	O	11.09	T	-		
1482	28	O	11.09	G	-		
1482	29	O	11.09	C	-		
1482	30	O	11.09	G	-		
1482	31	O	11.09	A	-		
1482	32	O	11.09	G	-		
1482	33	O	11.09	C	-		
1482	34	O	11.09	C	-		
1482	35	O	11.09	A	-		
1482	36	O	11.09	A	-		
1482	37	O	11.09	T	-		
1482	38	O	11.09	C	-		
1482	39	O	11.09	G	-		
1482	40	O	11.09	A	-		
1482	41	O	11.09	G	-		
1482	42	O	11.09	G	-		
1482	43	O	11.09	A	-		
1482	44	O	11.09	C	-		
1482	45	O	11.09	A	-		
1482	46	O	11.09	C	-		
1482	47	O	11.09	G	-		
1482	48	O	11.09	C	-		
1482	49	O	11.09	C	-		
1482	50	O	11.09	G	-		
1482	51	O	11.09	A	-		
1482	52	O	11.09	G	-		
1482	53	O	11.09	C	-		
1482	54	O	11.09	C	-		
1482	55	O	11.09	A	-		
1482	56	O	11.09	T	-		
1482	57	O	11.09	G	-		
1482	58	O	11.09	A	-		
1482	59	O	11.09	A	-		
1482	60	O	11.09	G	-		
1482	61	O	11.09	T	-		
1482	62	O	11.09	T	-		
1482	63	O	11.09	C	-		
1482	64	O	11.09	G	-		
1482	65	O	11.09	G	-		
1482	66	O	11.09	T	-		
1482	67	O	11.09	G	-		
1482	68	O	11.09	G	-		
1482	69	O	11.09	T	-		
1482	70	O	11.09	C	-		
1482	71	O	11.09	T	-		
1482	72	O	11.09	G	-		
1482	73	O	11.09	A	-		
1482	74	O	11.09	C	-		
1482	75	O	11.09	C	-		
1482	76	O	11.09	G	-		
1482	77	O	11.09	G	-		
1482	78	O	11.09	A	-		
1482	79	O	11.09	C	-		
1482	80	O	11.09	G	-		
1482	81	O	11.09	C	-		
1482	82	O	11.09	C	-		
1482	83	O	11.09	C	-		
1482	84	O	11.09	A	-		
1482	85	O	11.09	G	-		
1482	86	O	11.09	T	-		
1482	87	O	11.09	T	-		
1482	88	O	11.09	C	-		
1482	89	O	11.09	T	-		
1482	90	O	11.09	C	-		
1482	91	O	11.09	G	-		
1482	92	O	11.09	C	-		
1482	93	O	11.09	C	-		
1482	94	O	11.09	G	-		
1482	95	O	11.09	A	-		
1482	96	O	11.09	C	-		
1482	97	O	11.09	A	-		
1482	98	O	11.09	C	-		
1482	99	O	11.09	A	-		
1482	100	O	11.09	T	-		
1482	101	O	11.09	G	-		
1482	102	O	11.09	G	-		
1482	103	O	11.09	T	-		
1482	104	O	11.09	C	-		
1482	105	O	11.09	G	-		
1482	106	O	11.09	C	-		
1482	107	O	11.09	A	-		
1482	108	O	11.09	T	-		
1482	109	O	11.09	G	-		
1483	0	O	8.32	G	-		
1483	1	O	8.32	A	-		
1483	2	O	8.32	C	-		
1483	3	O	8.32	C	-		
1483	4	O	8.32	C	-		
1483	5	O	8.32	T	-		
1483	6	O	8.32	C	-		
1483	7	O	8.32	T	-		
1483	8	O	8.32	A	-		
1483	9	O	8.32	G	-		
1483	10	O	8.32	C	-		
1483	11	O	8.32	C	-		
1483	12	O	8.32	T	-		
1483	13	O	8.32	C	-		
1483	14	O	8.32	A	-		
1483	15	O	8.32	A	-		
1483	16	O	8.32	C	-		
1483	17	O	8.32	C	-		
1483	18	O	8.32	T	-		
1483	19	O	8.32	T	-		
1483	20	O	8.32	A	-		
1483	21	O	8.32	C	-		
1483	22	O	8.32	T	-		
1483	23	O	8.32	T	-		
1483	24	O	8.32	G	-		
1483	25	O	8.32	A	-		
1483	26	O	8.32	G	-		
1483	27	O	8.32	C	-		
1483	28	O	8.32	T	-		
1483	29	O	8.32	T	-		
1483	30	O	8.32	G	-		
1483	31	O	8.32	G	-		
1483	32	O	8.32	C	-		
1483	33	O	8.32	C	-		
1483	34	O	8.32	A	-		
1483	35	O	8.32	T	-		
1483	36	O	8.32	T	-		
1483	37	O	8.32	T	-		
1483	38	O	8.32	T	-		
1483	39	O	8.32	A	-		
1483	40	O	8.32	G	-		
1483	41	O	8.32	C	-		
1483	42	O	8.32	A	-		
1483	43	O	8.32	T	-		
1483	44	O	8.32	T	-		
1483	45	O	8.32	G	-		
1483	46	O	8.32	A	-		
1483	47	O	8.32	G	-		
1483	48	O	8.32	C	-		
1483	49	O	8.32	A	-		
1483	50	O	8.32	T	-		
1483	51	O	8.32	T	-		
1483	52	O	8.32	G	-		
1483	53	O	8.32	A	-		
1483	54	O	8.32	C	-		
1483	55	O	8.32	T	-		
1483	56	O	8.32	A	-		
1483	57	O	8.32	C	-		
1483	58	O	8.32	T	-		
1483	59	O	8.32	T	-		
1483	60	O	8.32	T	-		
1483	61	O	8.32	G	-		
1483	62	O	8.32	C	-		
1483	63	O	8.32	G	-		
1483	64	O	8.32	C	-		
1483	65	O	8.32	G	-		
1483	66	O	8.32	C	-		
1483	67	O	8.32	C	-		
1483	68	O	8.32	A	-		
1483	69	O	8.32	A	-		
1483	70	O	8.32	G	-		
1483	71	O	8.32	T	-		
1483	72	O	8.32	G	-		
1483	73	O	8.32	A	-		
1483	74	O	8.32	T	-		
1483	75	O	8.32	G	-		
1483	76	O	8.32	A	-		
1483	77	O	8.32	G	-		
1483	78	O	8.32	G	-		
1483	79	O	8.32	G	-		
1483	80	O	8.32	A	-		
1483	81	O	8.32	A	-		
1483	82	O	8.32	A	-		
1483	83	O	8.32	T	-		
1483	84	O	8.32	A	-		
1483	85	O	8.32	T	-		
1483	86	O	8.32	G	-		
1483	87	O	8.32	T	-		
1483	88	O	8.32	T	-		
1483	89	O	8.32	T	-		
1483	90	O	8.32	T	-		
1483	91	O	8.32	C	-		
1483	92	O	8.32	A	-		
1483	93	O	8.32	T	-		
1483	94	O	8.32	C	-		
1483	95	O	8.32	G	-		
1483	96	O	8.32	G	-		
1483	97	O	8.32	G	-		
1483	98	O	8.32	T	-		
1483	99	O	8.32	G	-		
1483	100	O	8.32	C	-		
1483	101	O	8.32	C	-		
1483	102	O	8.32	A	-		
1483	103	O	8.32	G	-		
1483	104	O	8.32	A	-		
1483	105	O	8.32	C	-		
1483	106	O	8.32	T	-		
1483	107	O	8.32	T	-		
1483	108	O	8.32	G	-		
1483	109	O	8.32	A	-		
1484	0	O	5.55	A	-		
1484	1	O	5.55	T	-		
1484	2	O	5.55	C	-		
1484	3	O	5.55	T	-		
1484	4	O	5.55	T	-		
1484	5	O	5.55	C	-		
1484	6	O	5.55	C	-		
1484	7	O	5.55	A	-		
1484	8	O	5.55	C	-		
1484	9	O	5.55	G	-		
1484	10	O	5.55	C	-		
1484	11	O	5.55	T	-		
1484	12	O	5.55	G	-		
1484	13	O	5.55	C	-		
1484	14	O	5.55	T	-		
1484	15	O	5.55	C	-		
1484	16	O	5.55	G	-		
1484	17	O	5.55	A	-		
1484	18	O	5.55	C	-		
1484	19	O	5.55	T	-		
1484	20	O	5.55	A	-		
1484	21	O	5.55	G	-		
1484	22	O	5.55	T	-		
1484	23	O	5.55	T	-		
1484	24	O	5.55	G	-		
1484	25	O	5.55	C	-		
1484	26	O	5.55	C	-		
1484	27	O	5.55	A	-		
1484	28	O	5.55	T	-		
1484	29	O	5.55	C	-		
1484	30	O	5.55	C	-		
1484	31	O	5.55	T	-		
1484	32	O	5.55	T	-		
1484	33	O	5.55	G	-		
1484	34	O	5.55	A	-		
1484	35	O	5.55	A	-		
1484	36	O	5.55	G	-		
1484	37	O	5.55	C	-		
1484	38	O	5.55	G	-		
1484	39	O	5.55	T	-		
1484	40	O	5.55	A	-		
1484	41	O	5.55	T	-		
1484	42	O	5.55	G	-		
1484	43	O	5.55	C	-		
1484	44	O	5.55	A	-		
1484	45	O	5.55	C	-		
1484	46	O	5.55	T	-		
1484	47	O	5.55	T	-		
1484	48	O	5.55	T	-		
1484	49	O	5.55	A	-		
1484	50	O	5.55	C	-		
1484	51	O	5.55	G	-		
1484	52	O	5.55	A	-		
1484	53	O	5.55	C	-		
1484	54	O	5.55	C	-		
1484	55	O	5.55	C	-		
1484	56	O	5.55	T	-		
1484	57	O	5.55	G	-		
1484	58	O	5.55	A	-		
1484	59	O	5.55	A	-		
1484	60	O	5.55	A	-		
1484	61	O	5.55	T	-		
1484	62	O	5.55	T	-		
1484	63	O	5.55	G	-		
1484	64	O	5.55	G	-		
1484	65	O	5.55	C	-		
1484	66	O	5.55	T	-		
1484	67	O	5.55	A	-		
1484	68	O	5.55	C	-		
1484	69	O	5.55	T	-		
1484	70	O	5.55	G	-		
1484	71	O	5.55	T	-		
1484	72	O	5.55	C	-		
1484	73	O	5.55	A	-		
1484	74	O	5.55	G	-		
1484	75	O	5.55	G	-		
1484	76	O	5.55	G	-		
1484	77	O	5.55	G	-		
1484	78	O	5.55	A	-		
1484	79	O	5.55	T	-		
1484	80	O	5.55	G	-		
1484	81	O	5.55	A	-		
1484	82	O	5.55	G	-		
1484	83	O	5.55	C	-		
1484	84	O	5.55	G	-		
1484	85	O	5.55	A	-		
1484	86	O	5.55	T	-		
1484	87	O	5.55	T	-		
1484	88	O	5.55	T	-		
1484	89	O	5.55	A	-		
1484	90	O	5.55	C	-		
1484	91	O	5.55	T	-		
1484	92	O	5.55	T	-		
1484	93	O	5.55	T	-		
1484	94	O	5.55	C	-		
1484	95	O	5.55	T	-		
1484	96	O	5.55	C	-		
1484	97	O	5.55	C	-		
1484	98	O	5.55	A	-		
1484	99	O	5.55	A	-		
1484	100	O	5.55	T	-		
1484	101	O	5.55	A	-		
1484	102	O	5.55	A	-		
1484	103	O	5.55	T	-		
1484	104	O	5.55	T	-		
1484	105	O	5.55	A	-		
1484	106	O	5.55	C	-		
1484	107	O	5.55	T	-		
1484	108	O	5.55	G	-		
1484	109	O	5.55	T	-		
1485	0	O	6.93	A	-		
1485	1	O	6.93	C	-		
1485	2	O	6.93	G	-		
1485	3	O	6.93	T	-		
1485	4	O	6.93	T	-		
1485	5	O	6.93	A	-		
1485	6	O	6.93	G	-		
1485	7	O	6.93	T	-		
1485	8	O	6.93	T	-		
1485	9	O	6.93	A	-		
1485	10	O	6.93	G	-		
1485	11	O	6.93	C	-		
1485	12	O	6.93	G	-		
1485	13	O	6.93	A	-		
1485	14	O	6.93	C	-		
1485	15	O	6.93	T	-		
1485	16	O	6.93	C	-		
1485	17	O	6.93	G	-		
1485	18	O	6.93	T	-		
1485	19	O	6.93	G	-		
1485	20	O	6.93	T	-		
1485	21	O	6.93	C	-		
1485	22	O	6.93	G	-		
1485	23	O	6.93	A	-		
1485	24	O	6.93	G	-		
1485	25	O	6.93	G	-		
1485	26	O	6.93	A	-		
1485	27	O	6.93	A	-		
1485	28	O	6.93	G	-		
1485	29	O	6.93	C	-		
1485	30	O	6.93	T	-		
1485	31	O	6.93	G	-		
1485	32	O	6.93	T	-		
1485	33	O	6.93	G	-		
1485	34	O	6.93	C	-		
1485	35	O	6.93	A	-		
1485	36	O	6.93	C	-		
1485	37	O	6.93	A	-		
1485	38	O	6.93	G	-		
1485	39	O	6.93	C	-		
1485	40	O	6.93	A	-		
1485	41	O	6.93	C	-		
1485	42	O	6.93	G	-		
1485	43	O	6.93	T	-		
1485	44	O	6.93	A	-		
1485	45	O	6.93	C	-		
1485	46	O	6.93	G	-		
1485	47	O	6.93	T	-		
1485	48	O	6.93	G	-		
1485	49	O	6.93	T	-		
1485	50	O	6.93	T	-		
1485	51	O	6.93	C	-		
1485	52	O	6.93	A	-		
1485	53	O	6.93	G	-		
1485	54	O	6.93	T	-		
1485	55	O	6.93	T	-		
1485	56	O	6.93	C	-		
1485	57	O	6.93	G	-		
1485	58	O	6.93	T	-		
1485	59	O	6.93	A	-		
1485	60	O	6.93	C	-		
1485	61	O	6.93	A	-		
1485	62	O	6.93	T	-		
1485	63	O	6.93	A	-		
1485	64	O	6.93	C	-		
1485	65	O	6.93	G	-		
1485	66	O	6.93	A	-		
1485	67	O	6.93	T	-		
1485	68	O	6.93	T	-		
1485	69	O	6.93	C	-		
1485	70	O	6.93	C	-		
1485	71	O	6.93	C	-		
1485	72	O	6.93	G	-		
1485	73	O	6.93	C	-		
1485	74	O	6.93	G	-		
1485	75	O	6.93	T	-		
1485	76	O	6.93	T	-		
1485	77	O	6.93	C	-		
1485	78	O	6.93	A	-		
1485	79	O	6.93	G	-		
1485	80	O	6.93	A	-		
1485	81	O	6.93	C	-		
1485	82	O	6.93	T	-		
1485	83	O	6.93	G	-		
1485	84	O	6.93	T	-		
1485	85	O	6.93	T	-		
1485	86	O	6.93	G	-		
1485	87	O	6.93	C	-		
1485	88	O	6.93	C	-		
1485	89	O	6.93	G	-		
1485	90	O	6.93	G	-		
1485	91	O	6.93	G	-		
1485	92	O	6.93	G	-		
1485	93	O	6.93	C	-		
1485	94	O	6.93	G	-		
1485	95	O	6.93	G	-		
1485	96	O	6.93	C	-		
1485	97	O	6.93	C	-		
1485	98	O	6.93	A	-		
1485	99	O	6.93	A	-		
1485	100	O	6.93	G	-		
1485	101	O	6.93	C	-		
1485	102	O	6.93	T	-		
1485	103	O	6.93	G	-		
1485	104	O	6.93	G	-		
1485	105	O	6.93	A	-		
1485	106	O	6.93	C	-		
1485	107	O	6.93	C	-		
1485	108	O	6.93	G	-		
1485	109	O	6.93	G	-		
1486	0	O	15.25	A	-		
1486	1	O	15.25	G	-		
1486	2	O	15.25	A	-		
1486	3	O	15.25	T	-		
1486	4	O	15.25	T	-		
1486	5	O	15.25	G	-		
1486	6	O	15.25	C	-		
1486	7	O	15.25	A	-		
1486	8	O	15.25	G	-		
1486	9	O	15.25	A	-		
1486	10	O	15.25	T	-		
1486	11	O	15.25	T	-		
1486	12	O	15.25	G	-		
1486	13	O	15.25	C	-		
1486	14	O	15.25	T	-		
1486	15	O	15.25	T	-		
1486	16	O	15.25	G	-		
1486	17	O	15.25	A	-		
1486	18	O	15.25	C	-		
1486	19	O	15.25	A	-		
1486	20	O	15.25	G	-		
1486	21	O	15.25	G	-		
1486	22	O	15.25	C	-		
1486	23	O	15.25	G	-		
1486	24	O	15.25	C	-		
1486	25	O	15.25	A	-		
1486	26	O	15.25	T	-		
1486	27	O	15.25	C	-		
1486	28	O	15.25	T	-		
1486	29	O	15.25	T	-		
1486	30	O	15.25	G	-		
1486	31	O	15.25	G	-		
1486	32	O	15.25	G	-		
1486	33	O	15.25	G	-		
1486	34	O	15.25	A	-		
1486	35	O	15.25	G	-		
1486	36	O	15.25	C	-		
1486	37	O	15.25	C	-		
1486	38	O	15.25	T	-		
1486	39	O	15.25	G	-		
1486	40	O	15.25	T	-		
1486	41	O	15.25	A	-		
1486	42	O	15.25	A	-		
1486	43	O	15.25	G	-		
1486	44	O	15.25	G	-		
1486	45	O	15.25	C	-		
1486	46	O	15.25	T	-		
1486	47	O	15.25	G	-		
1486	48	O	15.25	C	-		
1486	49	O	15.25	T	-		
1486	50	O	15.25	A	-		
1486	51	O	15.25	T	-		
1486	52	O	15.25	A	-		
1486	53	O	15.25	G	-		
1486	54	O	15.25	T	-		
1486	55	O	15.25	T	-		
1486	56	O	15.25	G	-		
1486	57	O	15.25	T	-		
1486	58	O	15.25	T	-		
1486	59	O	15.25	G	-		
1486	60	O	15.25	T	-		
1486	61	O	15.25	T	-		
1486	62	O	15.25	G	-		
1486	63	O	15.25	C	-		
1486	64	O	15.25	T	-		
1486	65	O	15.25	A	-		
1486	66	O	15.25	C	-		
1486	67	O	15.25	C	-		
1486	68	O	15.25	G	-		
1486	69	O	15.25	T	-		
1486	70	O	15.25	G	-		
1486	71	O	15.25	G	-		
1486	72	O	15.25	C	-		
1486	73	O	15.25	T	-		
1486	74	O	15.25	G	-		
1486	75	O	15.25	C	-		
1486	76	O	15.25	A	-		
1486	77	O	15.25	G	-		
1486	78	O	15.25	C	-		
1486	79	O	15.25	A	-		
1486	80	O	15.25	G	-		
1486	81	O	15.25	C	-		
1486	82	O	15.25	C	-		
1486	83	O	15.25	T	-		
1486	84	O	15.25	C	-		
1486	85	O	15.25	C	-		
1486	86	O	15.25	A	-		
1486	87	O	15.25	T	-		
1486	88	O	15.25	T	-		
1486	89	O	15.25	G	-		
1486	90	O	15.25	T	-		
1486	91	O	15.25	C	-		
1486	92	O	15.25	T	-		
1486	93	O	15.25	C	-		
1486	94	O	15.25	T	-		
1486	95	O	15.25	C	-		
1486	96	O	15.25	T	-		
1486	97	O	15.25	C	-		
1486	98	O	15.25	A	-		
1486	99	O	15.25	G	-		
1486	100	O	15.25	C	-		
1486	101	O	15.25	T	-		
1486	102	O	15.25	C	-		
1486	103	O	15.25	T	-		
1486	104	O	15.25	T	-		
1486	105	O	15.25	T	-		
1486	106	O	15.25	T	-		
1486	107	O	15.25	A	-		
1486	108	O	15.25	C	-		
1486	109	O	15.25	T	-		
1487	0	O	36.04	A	-		
1487	1	O	36.04	T	-		
1487	2	O	36.04	C	-		
1487	3	O	36.04	A	-		
1487	4	O	36.04	A	-		
1487	5	O	36.04	G	-		
1487	6	O	36.04	C	-		
1487	7	O	36.04	T	-		
1487	8	O	36.04	G	-		
1487	9	O	36.04	A	-		
1487	10	O	36.04	T	-		
1487	11	O	36.04	A	-		
1487	12	O	36.04	T	-		
1487	13	O	36.04	G	-		
1487	14	O	36.04	G	-		
1487	15	O	36.04	G	-		
1487	16	O	36.04	T	-		
1487	17	O	36.04	G	-		
1487	18	O	36.04	G	-		
1487	19	O	36.04	T	-		
1487	20	O	36.04	G	-		
1487	21	O	36.04	A	-		
1487	22	O	36.04	T	-		
1487	23	O	36.04	G	-		
1487	24	O	36.04	C	-		
1487	25	O	36.04	G	-		
1487	26	O	36.04	C	-		
1487	27	O	36.04	A	-		
1487	28	O	36.04	A	-		
1487	29	O	36.04	A	-		
1487	30	O	36.04	C	-		
1487	31	O	36.04	T	-		
1487	32	O	36.04	T	-		
1487	33	O	36.04	C	-		
1487	34	O	36.04	T	-		
1487	35	O	36.04	C	-		
1487	36	O	36.04	G	-		
1487	37	O	36.04	G	-		
1487	38	O	36.04	G	-		
1487	39	O	36.04	T	-		
1487	40	O	36.04	C	-		
1487	41	O	36.04	C	-		
1487	42	O	36.04	A	-		
1487	43	O	25.37	A	-		
1487	44	O	36.04	G	-		
1487	45	O	36.04	A	-		
1487	46	O	36.04	C	-		
1487	47	O	36.04	G	-		
1487	48	O	36.04	A	-		
1487	49	O	36.04	T	-		
1487	50	O	36.04	C	-		
1487	51	O	36.04	T	-		
1487	52	O	36.04	T	-		
1487	53	O	36.04	A	-		
1487	54	O	36.04	T	-		
1487	55	O	36.04	C	-		
1487	56	O	36.04	C	-		
1487	57	O	36.04	T	-		
1487	58	O	36.04	C	-		
1487	59	O	36.04	T	-		
1487	60	O	36.04	G	-		
1487	61	O	36.04	C	-		
1487	62	O	36.04	G	-		
1487	63	O	36.04	A	-		
1487	64	O	36.04	G	-		
1487	65	O	36.04	A	-		
1487	66	O	36.04	C	-		
1487	67	O	36.04	C	-		
1487	68	O	36.04	C	-		
1487	69	O	36.04	G	-		
1487	70	O	36.04	A	-		
1487	71	O	36.04	G	-		
1487	72	O	36.04	C	-		
1487	73	O	36.04	C	-		
1487	74	O	36.04	G	-		
1487	75	O	25.37	T	-		
1487	76	O	36.04	T	-		
1487	77	O	36.04	C	-		
1487	78	O	36.04	T	-		
1487	79	O	36.04	T	-		
1487	80	O	36.04	C	-		
1487	81	O	36.04	A	-		
1487	82	O	36.04	T	-		
1487	83	O	17.55	C	-		
1487	84	O	36.04	A	-		
1487	85	O	36.04	A	-		
1487	86	O	36.04	A	-		
1487	87	O	25.37	G	-		
1487	88	O	36.04	C	-		
1487	89	O	36.04	C	-		
1487	90	O	36.04	C	-		
1487	91	O	25.37	G	-		
1487	92	O	36.04	T	-		
1487	93	O	36.04	A	-		
1487	94	O	36.04	T	-		
1487	95	O	25.37	G	-		
1487	96	O	36.04	C	-		
1487	97	O	36.04	G	-		
1487	98	O	36.04	G	-		
1487	99	O	36.04	T	-		
1487	100	O	36.04	T	-		
1487	101	O	36.04	G	-		
1487	102	O	36.04	G	-		
1487	103	O	36.04	T	-		
1487	104	O	36.04	C	-		
1487	105	O	36.04	A	-		
1487	106	O	36.04	T	-		
1487	107	O	36.04	G	-		
1487	108	O	36.04	T	-		
1487	109	O	36.04	C	-		
1488	0	O	8.32	C	-		
1488	1	O	8.32	A	-		
1488	2	O	8.32	C	-		
1488	3	O	8.32	A	-		
1488	4	O	8.32	C	-		
1488	5	O	8.32	T	-		
1488	6	O	8.32	T	-		
1488	7	O	8.32	G	-		
1488	8	O	8.32	C	-		
1488	9	O	8.32	G	-		
1488	10	O	8.32	T	-		
1488	11	O	8.32	T	-		
1488	12	O	8.32	T	-		
1488	13	O	8.32	C	-		
1488	14	O	8.32	T	-		
1488	15	O	8.32	C	-		
1488	16	O	8.32	G	-		
1488	17	O	8.32	A	-		
1488	18	O	8.32	G	-		
1488	19	O	8.32	T	-		
1488	20	O	8.32	G	-		
1488	21	O	8.32	T	-		
1488	22	O	8.32	C	-		
1488	23	O	8.32	C	-		
1488	24	O	8.32	T	-		
1488	25	O	8.32	G	-		
1488	26	O	8.32	T	-		
1488	27	O	8.32	T	-		
1488	28	O	8.32	C	-		
1488	29	O	8.32	C	-		
1488	30	O	8.32	T	-		
1488	31	O	8.32	C	-		
1488	32	O	8.32	T	-		
1488	33	O	8.32	G	-		
1488	34	O	8.32	A	-		
1488	35	O	8.32	T	-		
1488	36	O	8.32	G	-		
1488	37	O	8.32	G	-		
1488	38	O	8.32	A	-		
1488	39	O	8.32	G	-		
1488	40	O	8.32	G	-		
1488	41	O	8.32	A	-		
1488	42	O	8.32	G	-		
1488	43	O	8.32	A	-		
1488	44	O	8.32	A	-		
1488	45	O	8.32	G	-		
1488	46	O	8.32	A	-		
1488	47	O	8.32	T	-		
1488	48	O	8.32	T	-		
1488	49	O	8.32	C	-		
1488	50	O	8.32	G	-		
1488	51	O	8.32	A	-		
1488	52	O	8.32	G	-		
1488	53	O	8.32	G	-		
1488	54	O	8.32	G	-		
1488	55	O	8.32	A	-		
1488	56	O	8.32	A	-		
1488	57	O	8.32	A	-		
1488	58	O	8.32	T	-		
1488	59	O	8.32	A	-		
1488	60	O	8.32	G	-		
1488	61	O	8.32	T	-		
1488	62	O	8.32	T	-		
1488	63	O	8.32	G	-		
1488	64	O	8.32	C	-		
1488	65	O	8.32	T	-		
1488	66	O	8.32	G	-		
1488	67	O	8.32	A	-		
1488	68	O	8.32	T	-		
1488	69	O	8.32	G	-		
1488	70	O	8.32	C	-		
1488	71	O	8.32	A	-		
1488	72	O	8.32	G	-		
1488	73	O	8.32	C	-		
1488	74	O	8.32	C	-		
1488	75	O	8.32	C	-		
1488	76	O	8.32	T	-		
1488	77	O	8.32	T	-		
1488	78	O	8.32	C	-		
1488	79	O	8.32	A	-		
1488	80	O	8.32	A	-		
1488	81	O	8.32	T	-		
1488	82	O	8.32	A	-		
1488	83	O	8.32	T	-		
1488	84	O	8.32	C	-		
1488	85	O	8.32	G	-		
1488	86	O	8.32	G	-		
1488	87	O	8.32	C	-		
1488	88	O	8.32	A	-		
1488	89	O	8.32	T	-		
1488	90	O	8.32	G	-		
1488	91	O	8.32	C	-		
1488	92	O	8.32	A	-		
1488	93	O	8.32	C	-		
1488	94	O	8.32	G	-		
1488	95	O	8.32	A	-		
1488	96	O	8.32	G	-		
1488	97	O	8.32	C	-		
1488	98	O	8.32	A	-		
1488	99	O	8.32	G	-		
1488	100	O	8.32	A	-		
1488	101	O	8.32	T	-		
1488	102	O	8.32	G	-		
1488	103	O	8.32	A	-		
1488	104	O	8.32	T	-		
1488	105	O	8.32	G	-		
1488	106	O	8.32	C	-		
1488	107	O	8.32	A	-		
1488	108	O	8.32	G	-		
1488	109	O	8.32	G	-		
1489	0	O	8.32	C	-		
1489	1	O	8.32	C	-		
1489	2	O	8.32	A	-		
1489	3	O	8.32	A	-		
1489	4	O	8.32	T	-		
1489	5	O	8.32	T	-		
1489	6	O	8.32	A	-		
1489	7	O	8.32	T	-		
1489	8	O	8.32	C	-		
1489	9	O	8.32	C	-		
1489	10	O	8.32	G	-		
1489	11	O	8.32	T	-		
1489	12	O	8.32	C	-		
1489	13	O	8.32	C	-		
1489	14	O	8.32	G	-		
1489	15	O	8.32	C	-		
1489	16	O	8.32	C	-		
1489	17	O	8.32	A	-		
1489	18	O	8.32	T	-		
1489	19	O	8.32	T	-		
1489	20	O	8.32	G	-		
1489	21	O	8.32	G	-		
1489	22	O	8.32	C	-		
1489	23	O	8.32	T	-		
1489	24	O	8.32	G	-		
1489	25	O	8.32	T	-		
1489	26	O	8.32	C	-		
1489	27	O	8.32	C	-		
1489	28	O	8.32	A	-		
1489	29	O	8.32	C	-		
1489	30	O	8.32	T	-		
1489	31	O	8.32	C	-		
1489	32	O	8.32	T	-		
1489	33	O	8.32	C	-		
1489	34	O	8.32	G	-		
1489	35	O	8.32	G	-		
1489	36	O	8.32	C	-		
1489	37	O	8.32	G	-		
1489	38	O	8.32	A	-		
1489	39	O	8.32	G	-		
1489	40	O	8.32	C	-		
1489	41	O	8.32	T	-		
1489	42	O	8.32	C	-		
1489	43	O	8.32	G	-		
1489	44	O	8.32	A	-		
1489	45	O	8.32	G	-		
1489	46	O	8.32	T	-		
1489	47	O	8.32	T	-		
1489	48	O	8.32	C	-		
1489	49	O	8.32	G	-		
1489	50	O	8.32	C	-		
1489	51	O	8.32	G	-		
1489	52	O	8.32	C	-		
1489	53	O	8.32	T	-		
1489	54	O	8.32	C	-		
1489	55	O	8.32	G	-		
1489	56	O	8.32	C	-		
1489	57	O	8.32	T	-		
1489	58	O	8.32	A	-		
1489	59	O	8.32	A	-		
1489	60	O	8.32	T	-		
1489	61	O	8.32	G	-		
1489	62	O	8.32	C	-		
1489	63	O	8.32	T	-		
1489	64	O	8.32	G	-		
1489	65	O	8.32	T	-		
1489	66	O	8.32	T	-		
1489	67	O	8.32	T	-		
1489	68	O	8.32	G	-		
1489	69	O	8.32	C	-		
1489	70	O	8.32	G	-		
1489	71	O	8.32	G	-		
1489	72	O	8.32	G	-		
1489	73	O	8.32	C	-		
1489	74	O	8.32	A	-		
1489	75	O	8.32	A	-		
1489	76	O	8.32	C	-		
1489	77	O	8.32	G	-		
1489	78	O	8.32	G	-		
1489	79	O	8.32	G	-		
1489	80	O	8.32	A	-		
1489	81	O	8.32	A	-		
1489	82	O	8.32	G	-		
1489	83	O	8.32	C	-		
1489	84	O	8.32	A	-		
1489	85	O	8.32	T	-		
1489	86	O	8.32	C	-		
1489	87	O	8.32	C	-		
1489	88	O	8.32	G	-		
1489	89	O	8.32	C	-		
1489	90	O	8.32	C	-		
1489	91	O	8.32	C	-		
1489	92	O	8.32	A	-		
1489	93	O	8.32	C	-		
1489	94	O	8.32	C	-		
1489	95	O	8.32	C	-		
1489	96	O	8.32	A	-		
1489	97	O	8.32	C	-		
1489	98	O	8.32	C	-		
1489	99	O	8.32	G	-		
1489	100	O	8.32	G	-		
1489	101	O	8.32	C	-		
1489	102	O	8.32	T	-		
1489	103	O	8.32	G	-		
1489	104	O	8.32	G	-		
1489	105	O	8.32	T	-		
1489	106	O	8.32	G	-		
1489	107	O	8.32	A	-		
1489	108	O	8.32	T	-		
1489	109	O	8.32	G	-		
1490	0	O	5.55	A	-		
1490	1	O	5.55	T	-		
1490	2	O	5.55	G	-		
1490	3	O	5.55	T	-		
1490	4	O	5.55	C	-		
1490	5	O	5.55	G	-		
1490	6	O	5.55	T	-		
1490	7	O	5.55	T	-		
1490	8	O	5.55	C	-		
1490	9	O	5.55	A	-		
1490	10	O	5.55	C	-		
1490	11	O	5.55	G	-		
1490	12	O	5.55	A	-		
1490	13	O	5.55	T	-		
1490	14	O	5.55	C	-		
1490	15	O	5.55	T	-		
1490	16	O	5.55	G	-		
1490	17	O	5.55	A	-		
1490	18	O	5.55	C	-		
1490	19	O	5.55	C	-		
1490	20	O	5.55	A	-		
1490	21	O	5.55	A	-		
1490	22	O	5.55	C	-		
1490	23	O	5.55	C	-		
1490	24	O	5.55	C	-		
1490	25	O	5.55	G	-		
1490	26	O	5.55	C	-		
1490	27	O	5.55	T	-		
1490	28	O	5.55	G	-		
1490	29	O	5.55	G	-		
1490	30	O	5.55	T	-		
1490	31	O	5.55	C	-		
1490	32	O	5.55	A	-		
1490	33	O	5.55	C	-		
1490	34	O	5.55	G	-		
1490	35	O	5.55	C	-		
1490	36	O	5.55	T	-		
1490	37	O	5.55	G	-		
1490	38	O	5.55	G	-		
1490	39	O	5.55	C	-		
1490	40	O	5.55	T	-		
1490	41	O	5.55	G	-		
1490	42	O	5.55	A	-		
1490	43	O	5.55	A	-		
1490	44	O	5.55	C	-		
1490	45	O	5.55	C	-		
1490	46	O	5.55	A	-		
1490	47	O	5.55	A	-		
1490	48	O	5.55	C	-		
1490	49	O	5.55	T	-		
1490	50	O	5.55	G	-		
1490	51	O	5.55	A	-		
1490	52	O	5.55	G	-		
1490	53	O	5.55	G	-		
1490	54	O	5.55	G	-		
1490	55	O	5.55	T	-		
1490	56	O	5.55	T	-		
1490	57	O	5.55	C	-		
1490	58	O	5.55	C	-		
1490	59	O	5.55	A	-		
1490	60	O	5.55	T	-		
1490	61	O	5.55	C	-		
1490	62	O	5.55	C	-		
1490	63	O	5.55	T	-		
1490	64	O	5.55	T	-		
1490	65	O	5.55	G	-		
1490	66	O	5.55	T	-		
1490	67	O	5.55	G	-		
1490	68	O	5.55	T	-		
1490	69	O	5.55	T	-		
1490	70	O	5.55	G	-		
1490	71	O	5.55	T	-		
1490	72	O	5.55	G	-		
1490	73	O	5.55	T	-		
1490	74	O	5.55	C	-		
1490	75	O	5.55	T	-		
1490	76	O	5.55	T	-		
1490	77	O	5.55	G	-		
1490	78	O	5.55	C	-		
1490	79	O	5.55	T	-		
1490	80	O	5.55	T	-		
1490	81	O	5.55	T	-		
1490	82	O	5.55	G	-		
1490	83	O	5.55	C	-		
1490	84	O	5.55	A	-		
1490	85	O	5.55	T	-		
1490	86	O	5.55	C	-		
1490	87	O	5.55	C	-		
1490	88	O	5.55	A	-		
1490	89	O	5.55	G	-		
1490	90	O	5.55	A	-		
1490	91	O	5.55	A	-		
1490	92	O	5.55	G	-		
1490	93	O	5.55	A	-		
1490	94	O	5.55	A	-		
1490	95	O	5.55	G	-		
1490	96	O	5.55	T	-		
1490	97	O	5.55	G	-		
1490	98	O	5.55	T	-		
1490	99	O	5.55	C	-		
1490	100	O	5.55	T	-		
1490	101	O	5.55	T	-		
1490	102	O	5.55	T	-		
1490	103	O	5.55	G	-		
1490	104	O	5.55	G	-		
1490	105	O	5.55	C	-		
1490	106	O	5.55	T	-		
1490	107	O	5.55	G	-		
1490	108	O	5.55	C	-		
1490	109	O	5.55	T	-		
1491	0	O	22.18	T	-		
1491	1	O	22.18	A	-		
1491	2	O	22.18	T	-		
1491	3	O	22.18	T	-		
1491	4	O	22.18	T	-		
1491	5	O	22.18	G	-		
1491	6	O	22.18	C	-		
1491	7	O	22.18	C	-		
1491	8	O	22.18	G	-		
1491	9	O	22.18	C	-		
1491	10	O	22.18	C	-		
1491	11	O	22.18	G	-		
1491	12	O	22.18	A	-		
1491	13	O	22.18	T	-		
1491	14	O	22.18	G	-		
1491	15	O	22.18	A	-		
1491	16	O	22.18	T	-		
1491	17	O	22.18	A	-		
1491	18	O	22.18	C	-		
1491	19	O	22.18	G	-		
1491	20	O	22.18	G	-		
1491	21	O	22.18	C	-		
1491	22	O	22.18	C	-		
1491	23	O	22.18	A	-		
1491	24	O	22.18	T	-		
1491	25	O	22.18	A	-		
1491	26	O	22.18	T	-		
1491	27	O	22.18	T	-		
1491	28	O	22.18	G	-		
1491	29	O	22.18	T	-		
1491	30	O	22.18	T	-		
1491	31	O	22.18	G	-		
1491	32	O	22.18	T	-		
1491	33	O	22.18	G	-		
1491	34	O	22.18	T	-		
1491	35	O	22.18	C	-		
1491	36	O	22.18	T	-		
1491	37	O	22.18	C	-		
1491	38	O	22.18	C	-		
1491	39	O	22.18	T	-		
1491	40	O	22.18	T	-		
1491	41	O	22.18	G	-		
1491	42	O	22.18	A	-		
1491	43	O	12.50	C	-		
1491	44	O	22.18	C	-		
1491	45	O	22.18	T	-		
1491	46	O	22.18	C	-		
1491	47	O	22.18	C	-		
1491	48	O	22.18	T	-		
1491	49	O	22.18	C	-		
1491	50	O	22.18	G	-		
1491	51	O	22.18	T	-		
1491	52	O	22.18	C	-		
1491	53	O	22.18	A	-		
1491	54	O	22.18	C	-		
1491	55	O	22.18	C	-		
1491	56	O	22.18	G	-		
1491	57	O	22.18	C	-		
1491	58	O	22.18	T	-		
1491	59	O	22.18	T	-		
1491	60	O	22.18	T	-		
1491	61	O	22.18	C	-		
1491	62	O	22.18	G	-		
1491	63	O	22.18	G	-		
1491	64	O	22.18	G	-		
1491	65	O	22.18	A	-		
1491	66	O	22.18	G	-		
1491	67	O	22.18	C	-		
1491	68	O	22.18	G	-		
1491	69	O	22.18	C	-		
1491	70	O	22.18	T	-		
1491	71	O	22.18	G	-		
1491	72	O	22.18	C	-		
1491	73	O	22.18	C	-		
1491	74	O	22.18	A	-		
1491	75	O	22.18	G	-		
1491	76	O	22.18	C	-		
1491	77	O	22.18	A	-		
1491	78	O	22.18	A	-		
1491	79	O	22.18	C	-		
1491	80	O	22.18	T	-		
1491	81	O	22.18	T	-		
1491	82	O	22.18	C	-		
1491	83	O	22.18	C	-		
1491	84	O	22.18	G	-		
1491	85	O	22.18	A	-		
1491	86	O	22.18	C	-		
1491	87	O	22.18	T	-		
1491	88	O	22.18	T	-		
1491	89	O	22.18	T	-		
1491	90	O	22.18	G	-		
1491	91	O	22.18	T	-		
1491	92	O	22.18	G	-		
1491	93	O	22.18	G	-		
1491	94	O	22.18	T	-		
1491	95	O	22.18	G	-		
1491	96	O	22.18	G	-		
1491	97	O	22.18	C	-		
1491	98	O	22.18	C	-		
1491	99	O	12.50	A	-		
1491	100	O	22.18	C	-		
1491	101	O	22.18	G	-		
1491	102	O	22.18	G	-		
1491	103	O	22.18	A	-		
1491	104	O	22.18	G	-		
1491	105	O	22.18	C	-		
1491	106	O	22.18	C	-		
1491	107	O	22.18	G	-		
1491	108	O	22.18	T	-		
1491	109	O	22.18	T	-		
1492	0	O	5.55	T	-		
1492	1	O	5.55	C	-		
1492	2	O	5.55	A	-		
1492	3	O	5.55	T	-		
1492	4	O	5.55	A	-		
1492	5	O	5.55	C	-		
1492	6	O	5.55	A	-		
1492	7	O	5.55	T	-		
1492	8	O	5.55	T	-		
1492	9	O	5.55	A	-		
1492	10	O	5.55	T	-		
1492	11	O	5.55	T	-		
1492	12	O	5.55	T	-		
1492	13	O	5.55	G	-		
1492	14	O	5.55	C	-		
1492	15	O	5.55	C	-		
1492	16	O	5.55	G	-		
1492	17	O	5.55	G	-		
1492	18	O	5.55	T	-		
1492	19	O	5.55	C	-		
1492	20	O	5.55	G	-		
1492	21	O	5.55	G	-		
1492	22	O	5.55	C	-		
1492	23	O	5.55	T	-		
1492	24	O	5.55	C	-		
1492	25	O	5.55	G	-		
1492	26	O	5.55	T	-		
1492	27	O	5.55	T	-		
1492	28	O	5.55	T	-		
1492	29	O	5.55	T	-		
1492	30	O	5.55	C	-		
1492	31	O	5.55	T	-		
1492	32	O	5.55	G	-		
1492	33	O	5.55	A	-		
1492	34	O	5.55	T	-		
1492	35	O	5.55	A	-		
1492	36	O	5.55	C	-		
1492	37	O	5.55	G	-		
1492	38	O	5.55	C	-		
1492	39	O	5.55	T	-		
1492	40	O	5.55	C	-		
1492	41	O	5.55	T	-		
1492	42	O	5.55	C	-		
1492	43	O	5.55	C	-		
1492	44	O	5.55	C	-		
1492	45	O	5.55	A	-		
1492	46	O	5.55	C	-		
1492	47	O	5.55	G	-		
1492	48	O	5.55	G	-		
1492	49	O	5.55	A	-		
1492	50	O	5.55	T	-		
1492	51	O	5.55	T	-		
1492	52	O	5.55	G	-		
1492	53	O	5.55	T	-		
1492	54	O	5.55	G	-		
1492	55	O	5.55	T	-		
1492	56	O	5.55	C	-		
1492	57	O	5.55	G	-		
1492	58	O	5.55	C	-		
1492	59	O	5.55	T	-		
1492	60	O	5.55	C	-		
1492	61	O	5.55	G	-		
1492	62	O	5.55	C	-		
1492	63	O	5.55	T	-		
1492	64	O	5.55	T	-		
1492	65	O	5.55	C	-		
1492	66	O	5.55	T	-		
1492	67	O	5.55	G	-		
1492	68	O	5.55	C	-		
1492	69	O	5.55	A	-		
1492	70	O	5.55	C	-		
1492	71	O	5.55	G	-		
1492	72	O	5.55	A	-		
1492	73	O	5.55	G	-		
1492	74	O	5.55	T	-		
1492	75	O	5.55	T	-		
1492	76	O	5.55	G	-		
1492	77	O	5.55	G	-		
1492	78	O	5.55	C	-		
1492	79	O	5.55	G	-		
1492	80	O	5.55	A	-		
1492	81	O	5.55	G	-		
1492	82	O	5.55	G	-		
1492	83	O	5.55	G	-		
1492	84	O	5.55	C	-		
1492	85	O	5.55	C	-		
1492	86	O	5.55	C	-		
1492	87	O	5.55	A	-		
1492	88	O	5.55	G	-		
1492	89	O	5.55	G	-		
1492	90	O	5.55	G	-		
1492	91	O	5.55	G	-		
1492	92	O	5.55	T	-		
1492	93	O	5.55	G	-		
1492	94	O	5.55	A	-		
1492	95	O	5.55	T	-		
1492	96	O	5.55	G	-		
1492	97	O	5.55	A	-		
1492	98	O	5.55	T	-		
1492	99	O	5.55	G	-		
1492	100	O	5.55	G	-		
1492	101	O	5.55	A	-		
1492	102	O	5.55	A	-		
1492	103	O	5.55	G	-		
1492	104	O	5.55	A	-		
1492	105	O	5.55	A	-		
1492	106	O	5.55	T	-		
1492	107	O	5.55	A	-		
1492	108	O	5.55	G	-		
1492	109	O	5.55	T	-		
1493	0	O	15.25	A	-		
1493	1	O	15.25	G	-		
1493	2	O	15.25	T	-		
1493	3	O	15.25	C	-		
1493	4	O	15.25	G	-		
1493	5	O	15.25	A	-		
1493	6	O	15.25	G	-		
1493	7	O	15.25	C	-		
1493	8	O	15.25	T	-		
1493	9	O	15.25	C	-		
1493	10	O	15.25	G	-		
1493	11	O	15.25	C	-		
1493	12	O	15.25	C	-		
1493	13	O	15.25	A	-		
1493	14	O	15.25	G	-		
1493	15	O	15.25	C	-		
1493	16	O	15.25	C	-		
1493	17	O	15.25	A	-		
1493	18	O	15.25	G	-		
1493	19	O	15.25	C	-		
1493	20	O	15.25	A	-		
1493	21	O	15.25	T	-		
1493	22	O	15.25	G	-		
1493	23	O	15.25	G	-		
1493	24	O	15.25	G	-		
1493	25	O	15.25	C	-		
1493	26	O	15.25	G	-		
1493	27	O	15.25	T	-		
1493	28	O	15.25	G	-		
1493	29	O	15.25	T	-		
1493	30	O	15.25	T	-		
1493	31	O	15.25	G	-		
1493	32	O	15.25	C	-		
1493	33	O	15.25	C	-		
1493	34	O	15.25	C	-		
1493	35	O	15.25	G	-		
1493	36	O	15.25	C	-		
1493	37	O	15.25	G	-		
1493	38	O	15.25	C	-		
1493	39	O	15.25	T	-		
1493	40	O	15.25	C	-		
1493	41	O	15.25	G	-		
1493	42	O	15.25	A	-		
1493	43	O	15.25	C	-		
1493	44	O	15.25	C	-		
1493	45	O	15.25	G	-		
1493	46	O	15.25	C	-		
1493	47	O	15.25	G	-		
1493	48	O	15.25	A	-		
1493	49	O	15.25	C	-		
1493	50	O	15.25	A	-		
1493	51	O	15.25	A	-		
1493	52	O	15.25	C	-		
1493	53	O	15.25	G	-		
1493	54	O	15.25	A	-		
1493	55	O	15.25	G	-		
1493	56	O	15.25	C	-		
1493	57	O	15.25	A	-		
1493	58	O	15.25	G	-		
1493	59	O	15.25	C	-		
1493	60	O	15.25	G	-		
1493	61	O	15.25	A	-		
1493	62	O	15.25	C	-		
1493	63	O	15.25	T	-		
1493	64	O	15.25	G	-		
1493	65	O	15.25	T	-		
1493	66	O	15.25	T	-		
1493	67	O	15.25	C	-		
1493	68	O	15.25	G	-		
1493	69	O	15.25	A	-		
1493	70	O	15.25	G	-		
1493	71	O	15.25	T	-		
1493	72	O	15.25	T	-		
1493	73	O	15.25	C	-		
1493	74	O	15.25	T	-		
1493	75	O	15.25	T	-		
1493	76	O	15.25	T	-		
1493	77	O	15.25	A	-		
1493	78	O	15.25	T	-		
1493	79	O	15.25	C	-		
1493	80	O	15.25	G	-		
1493	81	O	15.25	A	-		
1493	82	O	15.25	G	-		
1493	83	O	15.25	C	-		
1493	84	O	15.25	A	-		
1493	85	O	15.25	G	-		
1493	86	O	15.25	C	-		
1493	87	O	15.25	A	-		
1493	88	O	15.25	G	-		
1493	89	O	15.25	C	-		
1493	90	O	15.25	A	-		
1493	91	O	15.25	G	-		
1493	92	O	15.25	C	-		
1493	93	O	15.25	G	-		
1493	94	O	15.25	G	-		
1493	95	O	15.25	A	-		
1493	96	O	15.25	A	-		
1493	97	O	15.25	T	-		
1493	98	O	15.25	C	-		
1493	99	O	15.25	T	-		
1493	100	O	15.25	G	-		
1493	101	O	15.25	T	-		
1493	102	O	15.25	C	-		
1493	103	O	15.25	G	-		
1493	104	O	15.25	C	-		
1493	105	O	15.25	G	-		
1493	106	O	15.25	C	-		
1493	107	O	15.25	G	-		
1493	108	O	15.25	T	-		
1493	109	O	15.25	C	-		
1494	0	O	5.55	T	-		
1494	1	O	5.55	C	-		
1494	2	O	5.55	C	-		
1494	3	O	5.55	A	-		
1494	4	O	5.55	G	-		
1494	5	O	5.55	C	-		
1494	6	O	5.55	G	-		
1494	7	O	5.55	C	-		
1494	8	O	5.55	G	-		
1494	9	O	5.55	C	-		
1494	10	O	5.55	T	-		
1494	11	O	5.55	C	-		
1494	12	O	5.55	C	-		
1494	13	O	5.55	T	-		
1494	14	O	5.55	G	-		
1494	15	O	5.55	G	-		
1494	16	O	5.55	C	-		
1494	17	O	5.55	C	-		
1494	18	O	5.55	G	-		
1494	19	O	5.55	C	-		
1494	20	O	5.55	C	-		
1494	21	O	5.55	G	-		
1494	22	O	5.55	T	-		
1494	23	O	5.55	G	-		
1494	24	O	5.55	G	-		
1494	25	O	5.55	C	-		
1494	26	O	5.55	G	-		
1494	27	O	5.55	C	-		
1494	28	O	5.55	T	-		
1494	29	O	5.55	C	-		
1494	30	O	5.55	G	-		
1494	31	O	5.55	C	-		
1494	32	O	5.55	G	-		
1494	33	O	5.55	C	-		
1494	34	O	5.55	G	-		
1494	35	O	5.55	C	-		
1494	36	O	5.55	T	-		
1494	37	O	5.55	G	-		
1494	38	O	5.55	C	-		
1494	39	O	5.55	T	-		
1494	40	O	5.55	T	-		
1494	41	O	5.55	C	-		
1494	42	O	5.55	T	-		
1494	43	O	5.55	C	-		
1494	44	O	5.55	G	-		
1494	45	O	5.55	A	-		
1494	46	O	5.55	T	-		
1494	47	O	5.55	C	-		
1494	48	O	5.55	G	-		
1494	49	O	5.55	C	-		
1494	50	O	5.55	G	-		
1494	51	O	5.55	T	-		
1494	52	O	5.55	G	-		
1494	53	O	5.55	C	-		
1494	54	O	5.55	C	-		
1494	55	O	5.55	T	-		
1494	56	O	5.55	C	-		
1494	57	O	5.55	T	-		
1494	58	O	5.55	G	-		
1494	59	O	5.55	C	-		
1494	60	O	5.55	A	-		
1494	61	O	5.55	G	-		
1494	62	O	5.55	C	-		
1494	63	O	5.55	A	-		
1494	64	O	5.55	C	-		
1494	65	O	5.55	C	-		
1494	66	O	5.55	T	-		
1494	67	O	5.55	G	-		
1494	68	O	5.55	G	-		
1494	69	O	5.55	A	-		
1494	70	O	5.55	A	-		
1494	71	O	5.55	C	-		
1494	72	O	5.55	T	-		
1494	73	O	5.55	C	-		
1494	74	O	5.55	G	-		
1494	75	O	5.55	G	-		
1494	76	O	5.55	T	-		
1494	77	O	5.55	C	-		
1494	78	O	5.55	A	-		
1494	79	O	5.55	G	-		
1494	80	O	5.55	G	-		
1494	81	O	5.55	C	-		
1494	82	O	5.55	T	-		
1494	83	O	5.55	G	-		
1494	84	O	5.55	G	-		
1494	85	O	5.55	C	-		
1494	86	O	5.55	G	-		
1494	87	O	5.55	C	-		
1494	88	O	5.55	G	-		
1494	89	O	5.55	G	-		
1494	90	O	5.55	A	-		
1494	91	O	5.55	A	-		
1494	92	O	5.55	C	-		
1494	93	O	5.55	T	-		
1494	94	O	5.55	C	-		
1494	95	O	5.55	C	-		
1494	96	O	5.55	T	-		
1494	97	O	5.55	G	-		
1494	98	O	5.55	G	-		
1494	99	O	5.55	T	-		
1494	100	O	5.55	T	-		
1494	101	O	5.55	G	-		
1494	102	O	5.55	A	-		
1494	103	O	5.55	G	-		
1494	104	O	5.55	C	-		
1494	105	O	5.55	T	-		
1494	106	O	5.55	T	-		
1494	107	O	5.55	G	-		
1494	108	O	5.55	C	-		
1494	109	O	5.55	C	-		
1495	0	O	12.48	A	-		
1495	1	O	12.48	G	-		
1495	2	O	12.48	C	-		
1495	3	O	12.48	T	-		
1495	4	O	12.48	G	-		
1495	5	O	12.48	C	-		
1495	6	O	12.48	A	-		
1495	7	O	12.48	A	-		
1495	8	O	12.48	G	-		
1495	9	O	12.48	A	-		
1495	10	O	12.48	C	-		
1495	11	O	12.48	G	-		
1495	12	O	12.48	A	-		
1495	13	O	12.48	C	-		
1495	14	O	12.48	C	-		
1495	15	O	12.48	C	-		
1495	16	O	12.48	G	-		
1495	17	O	12.48	G	-		
1495	18	O	12.48	C	-		
1495	19	O	12.48	C	-		
1495	20	O	12.48	A	-		
1495	21	O	12.48	G	-		
1495	22	O	12.48	G	-		
1495	23	O	12.48	T	-		
1495	24	O	12.48	A	-		
1495	25	O	12.48	C	-		
1495	26	O	12.48	T	-		
1495	27	O	12.48	C	-		
1495	28	O	12.48	G	-		
1495	29	O	12.48	G	-		
1495	30	O	12.48	G	-		
1495	31	O	12.48	C	-		
1495	32	O	12.48	A	-		
1495	33	O	12.48	T	-		
1495	34	O	12.48	G	-		
1495	35	O	12.48	A	-		
1495	36	O	12.48	G	-		
1495	37	O	12.48	C	-		
1495	38	O	12.48	G	-		
1495	39	O	12.48	G	-		
1495	40	O	12.48	C	-		
1495	41	O	12.48	A	-		
1495	42	O	12.48	C	-		
1495	43	O	12.48	C	-		
1495	44	O	12.48	G	-		
1495	45	O	12.48	T	-		
1495	46	O	12.48	C	-		
1495	47	O	12.48	G	-		
1495	48	O	12.48	T	-		
1495	49	O	12.48	C	-		
1495	50	O	12.48	G	-		
1495	51	O	12.48	G	-		
1495	52	O	12.48	C	-		
1495	53	O	12.48	T	-		
1495	54	O	12.48	G	-		
1495	55	O	12.48	G	-		
1495	56	O	12.48	G	-		
1495	57	O	12.48	G	-		
1495	58	O	12.48	G	-		
1495	59	O	12.48	T	-		
1495	60	O	12.48	G	-		
1495	61	O	12.48	G	-		
1495	62	O	12.48	C	-		
1495	63	O	12.48	T	-		
1495	64	O	12.48	G	-		
1495	65	O	12.48	C	-		
1495	66	O	12.48	G	-		
1495	67	O	12.48	C	-		
1495	68	O	12.48	G	-		
1495	69	O	12.48	A	-		
1495	70	O	12.48	G	-		
1495	71	O	12.48	G	-		
1495	72	O	12.48	G	-		
1495	73	O	12.48	C	-		
1495	74	O	12.48	G	-		
1495	75	O	12.48	A	-		
1495	76	O	12.48	T	-		
1495	77	O	12.48	A	-		
1495	78	O	12.48	C	-		
1495	79	O	12.48	A	-		
1495	80	O	12.48	G	-		
1495	81	O	12.48	A	-		
1495	82	O	12.48	C	-		
1495	83	O	12.48	G	-		
1495	84	O	12.48	A	-		
1495	85	O	12.48	C	-		
1495	86	O	12.48	C	-		
1495	87	O	12.48	A	-		
1495	88	O	12.48	G	-		
1495	89	O	12.48	C	-		
1495	90	O	12.48	A	-		
1495	91	O	12.48	G	-		
1495	92	O	12.48	G	-		
1495	93	O	12.48	T	-		
1495	94	O	12.48	G	-		
1495	95	O	12.48	G	-		
1495	96	O	12.48	G	-		
1495	97	O	12.48	C	-		
1495	98	O	12.48	G	-		
1495	99	O	12.48	C	-		
1495	100	O	12.48	C	-		
1495	101	O	12.48	A	-		
1495	102	O	12.48	C	-		
1495	103	O	12.48	T	-		
1495	104	O	12.48	C	-		
1495	105	O	12.48	G	-		
1495	106	O	12.48	C	-		
1495	107	O	12.48	G	-		
1495	108	O	12.48	G	-		
1495	109	O	12.48	C	-		
1496	0	O	5.55	A	-		
1496	1	O	5.55	A	-		
1496	2	O	5.55	G	-		
1496	3	O	5.55	G	-		
1496	4	O	5.55	G	-		
1496	5	O	5.55	C	-		
1496	6	O	5.55	A	-		
1496	7	O	5.55	A	-		
1496	8	O	5.55	T	-		
1496	9	O	5.55	G	-		
1496	10	O	5.55	A	-		
1496	11	O	5.55	G	-		
1496	12	O	5.55	G	-		
1496	13	O	5.55	A	-		
1496	14	O	5.55	T	-		
1496	15	O	5.55	C	-		
1496	16	O	5.55	T	-		
1496	17	O	5.55	C	-		
1496	18	O	5.55	G	-		
1496	19	O	5.55	A	-		
1496	20	O	5.55	G	-		
1496	21	O	5.55	T	-		
1496	22	O	5.55	C	-		
1496	23	O	5.55	G	-		
1496	24	O	5.55	G	-		
1496	25	O	5.55	C	-		
1496	26	O	5.55	G	-		
1496	27	O	5.55	G	-		
1496	28	O	5.55	C	-		
1496	29	O	5.55	C	-		
1496	30	O	5.55	T	-		
1496	31	O	5.55	C	-		
1496	32	O	5.55	C	-		
1496	33	O	5.55	A	-		
1496	34	O	5.55	C	-		
1496	35	O	5.55	T	-		
1496	36	O	5.55	C	-		
1496	37	O	5.55	G	-		
1496	38	O	5.55	C	-		
1496	39	O	5.55	G	-		
1496	40	O	5.55	G	-		
1496	41	O	5.55	C	-		
1496	42	O	5.55	T	-		
1496	43	O	5.55	G	-		
1496	44	O	5.55	T	-		
1496	45	O	5.55	C	-		
1496	46	O	5.55	T	-		
1496	47	O	5.55	G	-		
1496	48	O	5.55	C	-		
1496	49	O	5.55	C	-		
1496	50	O	5.55	G	-		
1496	51	O	5.55	G	-		
1496	52	O	5.55	C	-		
1496	53	O	5.55	C	-		
1496	54	O	5.55	G	-		
1496	55	O	5.55	A	-		
1496	56	O	5.55	C	-		
1496	57	O	5.55	A	-		
1496	58	O	5.55	G	-		
1496	59	O	5.55	G	-		
1496	60	O	5.55	C	-		
1496	61	O	5.55	T	-		
1496	62	O	5.55	C	-		
1496	63	O	5.55	A	-		
1496	64	O	5.55	G	-		
1496	65	O	5.55	C	-		
1496	66	O	5.55	A	-		
1496	67	O	5.55	A	-		
1496	68	O	5.55	C	-		
1496	69	O	5.55	A	-		
1496	70	O	5.55	G	-		
1496	71	O	5.55	C	-		
1496	72	O	5.55	G	-		
1496	73	O	5.55	C	-		
1496	74	O	5.55	C	-		
1496	75	O	5.55	G	-		
1496	76	O	5.55	C	-		
1496	77	O	5.55	C	-		
1496	78	O	5.55	A	-		
1496	79	O	5.55	G	-		
1496	80	O	5.55	C	-		
1496	81	O	5.55	G	-		
1496	82	O	5.55	A	-		
1496	83	O	5.55	G	-		
1496	84	O	5.55	C	-		
1496	85	O	5.55	A	-		
1496	86	O	5.55	G	-		
1496	87	O	5.55	G	-		
1496	88	O	5.55	T	-		
1496	89	O	5.55	G	-		
1496	90	O	5.55	C	-		
1496	91	O	5.55	A	-		
1496	92	O	5.55	C	-		
1496	93	O	5.55	C	-		
1496	94	O	5.55	A	-		
1496	95	O	5.55	C	-		
1496	96	O	5.55	C	-		
1496	97	O	5.55	A	-		
1496	98	O	5.55	G	-		
1496	99	O	5.55	A	-		
1496	100	O	5.55	G	-		
1496	101	O	5.55	C	-		
1496	102	O	5.55	A	-		
1496	103	O	5.55	A	-		
1496	104	O	5.55	C	-		
1496	105	O	5.55	A	-		
1496	106	O	5.55	G	-		
1496	107	O	5.55	G	-		
1496	108	O	5.55	T	-		
1496	109	O	5.55	G	-		
1497	0	O	6.93	A	-		
1497	1	O	6.93	G	-		
1497	2	O	6.93	G	-		
1497	3	O	6.93	G	-		
1497	4	O	6.93	G	-		
1497	5	O	6.93	C	-		
1497	6	O	6.93	C	-		
1497	7	O	6.93	G	-		
1497	8	O	6.93	A	-		
1497	9	O	6.93	T	-		
1497	10	O	6.93	C	-		
1497	11	O	6.93	G	-		
1497	12	O	6.93	T	-		
1497	13	O	6.93	G	-		
1497	14	O	6.93	G	-		
1497	15	U	-0.27	G	A		
1497	16	O	6.93	C	-		
1497	17	O	6.93	G	-		
1497	18	O	6.93	A	-		
1497	19	O	6.93	G	-		
1497	20	O	6.93	C	-		
1497	21	O	6.93	A	-		
1497	22	O	6.93	G	-		
1497	23	O	6.93	C	-		
1497	24	O	6.93	T	-		
1497	25	O	6.93	C	-		
1497	26	O	6.93	G	-		
1497	27	O	6.93	C	-		
1497	28	O	6.93	C	-		
1497	29	O	6.93	C	-		
1497	30	O	6.93	A	-		
1497	31	O	6.93	C	-		
1497	32	O	6.93	C	-		
1497	33	O	6.93	T	-		
1497	34	O	6.93	G	-		
1497	35	O	6.93	G	-		
1497	36	O	6.93	G	-		
1497	37	O	6.93	G	-		
1497	38	O	6.93	C	-		
1497	39	O	6.93	T	-		
1497	40	O	6.93	G	-		
1497	41	U	-0.27	C	G		
1497	42	O	6.93	T	-		
1497	43	O	6.93	G	-		
1497	44	O	6.93	G	-		
1497	45	O	6.93	C	-		
1497	46	O	6.93	T	-		
1497	47	O	6.93	G	-		
1497	48	O	6.93	G	-		
1497	49	O	6.93	C	-		
1497	50	O	6.93	A	-		
1497	51	O	6.93	C	-		
1497	52	O	6.93	G	-		
1497	53	O	6.93	C	-		
1497	54	O	6.93	A	-		
1497	55	U	-0.27	G	A		
1497	56	O	6.93	G	-		
1497	57	O	6.93	C	-		
1497	58	O	6.93	T	-		
1497	59	O	6.93	C	-		
1497	60	O	6.93	G	-		
1497	61	O	6.93	C	-		
1497	62	O	6.93	C	-		
1497	63	O	6.93	G	-		
1497	64	O	6.93	G	-		
1497	65	O	6.93	G	-		
1497	66	O	6.93	C	-		
1497	67	O	6.93	G	-		
1497	68	O	6.93	C	-		
1497	69	O	6.93	T	-		
1497	70	O	6.93	C	-		
1497	71	O	6.93	C	-		
1497	72	O	6.93	T	-		
1497	73	O	6.93	G	-		
1497	74	O	6.93	A	-		
1497	75	O	6.93	G	-		
1497	76	O	6.93	G	-		
1497	77	O	6.93	C	-		
1497	78	O	6.93	T	-		
1497	79	O	6.93	G	-		
1497	80	O	6.93	G	-		
1497	81	O	6.93	T	-		
1497	82	O	6.93	C	-		
1497	83	O	6.93	G	-		
1497	84	O	6.93	A	-		
1497	85	O	6.93	G	-		
1497	86	O	6.93	C	-		
1497	87	O	6.93	G	-		
1497	88	O	6.93	C	-		
1497	89	O	6.93	G	-		
1497	90	O	6.93	T	-		
1497	91	O	6.93	A	-		
1497	92	O	6.93	G	-		
1497	93	O	6.93	G	-		
1497	94	O	6.93	C	-		
1497	95	O	6.93	G	-		
1497	96	O	6.93	C	-		
1497	97	O	6.93	C	-		
1497	98	O	6.93	C	-		
1497	99	O	6.93	G	-		
1497	100	O	6.93	C	-		
1497	101	O	6.93	T	-		
1497	102	O	6.93	G	-		
1497	103	O	6.93	A	-		
1497	104	O	6.93	C	-		
1497	105	O	6.93	G	-		
1497	106	O	6.93	G	-		
1497	107	O	6.93	G	-		
1497	108	O	6.93	T	-		
1497	109	O	6.93	G	-		
1498	0	O	8.32	T	-		
1498	1	O	8.32	G	-		
1498	2	O	8.32	C	-		
1498	3	O	8.32	A	-		
1498	4	O	8.32	G	-		
1498	5	O	8.32	T	-		
1498	6	O	8.32	G	-		
1498	7	O	8.32	T	-		
1498	8	O	8.32	A	-		
1498	9	O	8.32	A	-		
1498	10	O	8.32	C	-		
1498	11	O	8.32	G	-		
1498	12	O	8.32	T	-		
1498	13	O	8.32	A	-		
1498	14	O	8.32	G	-		
1498	15	O	8.32	G	-		
1498	16	O	8.32	T	-		
1498	17	O	8.32	A	-		
1498	18	O	8.32	C	-		
1498	19	O	8.32	T	-		
1498	20	O	8.32	A	-		
1498	21	O	8.32	A	-		
1498	22	O	8.32	A	-		
1498	23	O	8.32	G	-		
1498	24	O	8.32	T	-		
1498	25	O	8.32	A	-		
1498	26	O	8.32	A	-		
1498	27	O	8.32	A	-		
1498	28	O	8.32	T	-		
1498	29	O	8.32	A	-		
1498	30	O	8.32	A	-		
1498	31	O	8.32	T	-		
1498	32	O	8.32	T	-		
1498	33	O	8.32	T	-		
1498	34	O	8.32	G	-		
1498	35	O	8.32	G	-		
1498	36	O	8.32	C	-		
1498	37	O	8.32	A	-		
1498	38	O	8.32	A	-		
1498	39	O	8.32	T	-		
1498	40	O	8.32	T	-		
1498	41	O	8.32	T	-		
1498	42	O	8.32	G	-		
1498	43	O	8.32	A	-		
1498	44	O	8.32	G	-		
1498	45	O	8.32	T	-		
1498	46	O	8.32	G	-		
1498	47	O	8.32	C	-		
1498	48	O	8.32	T	-		
1498	49	O	8.32	G	-		
1498	50	O	8.32	A	-		
1498	51	O	8.32	C	-		
1498	52	O	8.32	G	-		
1498	53	O	8.32	T	-		
1498	54	O	8.32	C	-		
1498	55	O	8.32	A	-		
1498	56	O	8.32	C	-		
1498	57	O	8.32	T	-		
1498	58	O	8.32	G	-		
1498	59	O	8.32	G	-		
1498	60	O	8.32	A	-		
1498	61	O	8.32	A	-		
1498	62	O	8.32	A	-		
1498	63	O	8.32	T	-		
1498	64	O	8.32	A	-		
1498	65	O	8.32	A	-		
1498	66	O	8.32	T	-		
1498	67	O	8.32	G	-		
1498	68	O	8.32	G	-		
1498	69	O	8.32	T	-		
1498	70	O	8.32	C	-		
1498	71	O	8.32	A	-		
1498	72	O	8.32	A	-		
1498	73	O	8.32	A	-		
1498	74	O	8.32	T	-		
1498	75	O	8.32	G	-		
1498	76	O	8.32	A	-		
1498	77	O	8.32	C	-		
1498	78	O	8.32	T	-		
1498	79	O	8.32	C	-		
1498	80	O	8.32	T	-		
1498	81	O	8.32	G	-		
1498	82	O	8.32	C	-		
1498	83	O	8.32	A	-		
1498	84	O	8.32	A	-		
1498	85	O	8.32	T	-		
1498	86	O	8.32	G	-		
1498	87	O	8.32	T	-		
1498	88	O	8.32	C	-		
1498	89	O	8.32	T	-		
1498	90	O	8.32	A	-		
1498	91	O	8.32	G	-		
1498	92	O	8.32	A	-		
1498	93	O	8.32	C	-		
1498	94	O	8.32	T	-		
1498	95	O	8.32	A	-		
1498	96	O	8.32	G	-		
1498	97	O	8.32	C	-		
1498	98	O	8.32	T	-		
1498	99	O	8.32	A	-		
1498	100	O	8.32	G	-		
1498	101	O	8.32	A	-		
1498	102	O	8.32	A	-		
1498	103	O	8.32	G	-		
1498	104	O	8.32	C	-		
1498	105	O	8.32	A	-		
1498	106	O	8.32	T	-		
1498	107	O	8.32	C	-		
1498	108	O	8.32	T	-		
1498	109	O	8.32	C	-		
1499	0	O	5.55	A	-		
1499	1	O	5.55	G	-		
1499	2	O	5.55	A	-		
1499	3	O	5.55	G	-		
1499	4	O	5.55	C	-		
1499	5	O	5.55	C	-		
1499	6	O	5.55	G	-		
1499	7	O	5.55	G	-		
1499	8	O	5.55	C	-		
1499	9	O	5.55	G	-		
1499	10	O	5.55	G	-		
1499	11	O	5.55	A	-		
1499	12	O	5.55	G	-		
1499	13	O	5.55	A	-		
1499	14	O	5.55	A	-		
1499	15	O	5.55	T	-		
1499	16	O	5.55	T	-		
1499	17	O	5.55	T	-		
1499	18	O	5.55	G	-		
1499	19	O	5.55	G	-		
1499	20	O	5.55	G	-		
1499	21	O	5.55	T	-		
1499	22	O	5.55	C	-		
1499	23	O	5.55	A	-		
1499	24	O	5.55	A	-		
1499	25	O	5.55	T	-		
1499	26	O	5.55	T	-		
1499	27	O	5.55	G	-		
1499	28	O	5.55	A	-		
1499	29	O	5.55	A	-		
1499	30	O	5.55	A	-		
1499	31	O	5.55	A	-		
1499	32	O	5.55	C	-		
1499	33	O	5.55	G	-		
1499	34	O	5.55	A	-		
1499	35	O	5.55	G	-		
1499	36	O	5.55	A	-		
1499	37	O	5.55	G	-		
1499	38	O	5.55	T	-		
1499	39	O	5.55	T	-		
1499	40	O	5.55	T	-		
1499	41	O	5.55	G	-		
1499	42	O	5.55	G	-		
1499	43	O	5.55	C	-		
1499	44	O	5.55	C	-		
1499	45	O	5.55	G	-		
1499	46	O	5.55	C	-		
1499	47	O	5.55	G	-		
1499	48	O	5.55	C	-		
1499	49	O	5.55	A	-		
1499	50	O	5.55	G	-		
1499	51	O	5.55	G	-		
1499	52	O	5.55	C	-		
1499	53	O	5.55	T	-		
1499	54	O	5.55	G	-		
1499	55	O	5.55	C	-		
1499	56	O	5.55	C	-		
1499	57	O	5.55	C	-		
1499	58	O	5.55	G	-		
1499	59	O	5.55	A	-		
1499	60	O	5.55	T	-		
1499	61	O	5.55	C	-		
1499	62	O	5.55	G	-		
1499	63	O	5.55	G	-		
1499	64	O	5.55	G	-		
1499	65	O	5.55	C	-		
1499	66	O	5.55	G	-		
1499	67	O	5.55	C	-		
1499	68	O	5.55	T	-		
1499	69	O	5.55	C	-		
1499	70	O	5.55	C	-		
1499	71	O	5.55	G	-		
1499	72	O	5.55	G	-		
1499	73	O	5.55	A	-		
1499	74	O	5.55	C	-		
1499	75	O	5.55	G	-		
1499	76	O	5.55	A	-		
1499	77	O	5.55	G	-		
1499	78	O	5.55	C	-		
1499	79	O	5.55	T	-		
1499	80	O	5.55	C	-		
1499	81	O	5.55	G	-		
1499	82	O	5.55	C	-		
1499	83	O	5.55	C	-		
1499	84	O	5.55	G	-		
1499	85	O	5.55	G	-		
1499	86	O	5.55	C	-		
1499	87	O	5.55	T	-		
1499	88	O	5.55	T	-		
1499	89	O	5.55	T	-		
1499	90	O	5.55	C	-		
1499	91	O	5.55	A	-		
1499	92	O	5.55	C	-		
1499	93	O	5.55	C	-		
1499	94	O	5.55	T	-		
1499	95	O	5.55	G	-		
1499	96	O	5.55	T	-		
1499	97	O	5.55	T	-		
1499	98	O	5.55	G	-		
1499	99	O	5.55	C	-		
1499	100	O	5.55	C	-		
1499	101	O	5.55	G	-		
1499	102	O	5.55	A	-		
1499	103	O	5.55	A	-		
1499	104	O	5.55	C	-		
1499	105	O	5.55	T	-		
1499	106	O	5.55	G	-		
1499	107	O	5.55	C	-		
1499	108	O	5.55	C	-		
1499	109	O	5.55	A	-		
1500	0	O	9.70	C	-		
1500	1	O	9.70	G	-		
1500	2	O	9.70	C	-		
1500	3	O	9.70	G	-		
1500	4	O	9.70	G	-		
1500	5	O	9.70	A	-		
1500	6	O	9.70	G	-		
1500	7	O	9.70	T	-		
1500	8	O	9.70	G	-		
1500	9	O	9.70	C	-		
1500	10	O	9.70	T	-		
1500	11	O	9.70	C	-		
1500	12	O	9.70	A	-		
1500	13	O	9.70	G	-		
1500	14	O	9.70	G	-		
1500	15	O	9.70	G	-		
1500	16	O	9.70	A	-		
1500	17	O	9.70	G	-		
1500	18	O	9.70	C	-		
1500	19	O	9.70	T	-		
1500	20	O	9.70	G	-		
1500	21	O	9.70	C	-		
1500	22	O	9.70	A	-		
1500	23	O	9.70	C	-		
1500	24	O	9.70	G	-		
1500	25	O	9.70	A	-		
1500	26	O	9.70	C	-		
1500	27	O	9.70	G	-		
1500	28	O	9.70	C	-		
1500	29	O	9.70	C	-		
1500	30	O	9.70	C	-		
1500	31	O	9.70	A	-		
1500	32	O	9.70	G	-		
1500	33	O	9.70	C	-		
1500	34	O	9.70	T	-		
1500	35	O	9.70	G	-		
1500	36	O	9.70	G	-		
1500	37	O	9.70	C	-		
1500	38	O	9.70	C	-		
1500	39	O	9.70	G	-		
1500	40	O	9.70	G	-		
1500	41	O	9.70	C	-		
1500	42	O	9.70	A	-		
1500	43	O	9.70	T	-		
1500	44	O	9.70	G	-		
1500	45	O	9.70	A	-		
1500	46	O	9.70	C	-		
1500	47	O	9.70	G	-		
1500	48	O	9.70	A	-		
1500	49	O	9.70	A	-		
1500	50	O	9.70	G	-		
1500	51	O	9.70	C	-		
1500	52	O	9.70	T	-		
1500	53	O	9.70	G	-		
1500	54	O	9.70	A	-		
1500	55	O	9.70	C	-		
1500	56	O	9.70	C	-		
1500	57	O	9.70	G	-		
1500	58	O	9.70	G	-		
1500	59	O	9.70	C	-		
1500	60	O	9.70	C	-		
1500	61	O	9.70	G	-		
1500	62	O	9.70	G	-		
1500	63	O	9.70	T	-		
1500	64	O	9.70	C	-		
1500	65	O	9.70	G	-		
1500	66	O	9.70	G	-		
1500	67	O	9.70	C	-		
1500	68	O	9.70	G	-		
1500	69	O	9.70	G	-		
1500	70	O	9.70	G	-		
1500	71	O	9.70	C	-		
1500	72	O	9.70	G	-		
1500	73	O	9.70	C	-		
1500	74	O	9.70	G	-		
1500	75	O	9.70	A	-		
1500	76	O	9.70	G	-		
1500	77	O	9.70	C	-		
1500	78	O	9.70	A	-		
1500	79	O	9.70	G	-		
1500	80	O	9.70	G	-		
1500	81	O	9.70	C	-		
1500	82	O	9.70	C	-		
1500	83	O	9.70	G	-		
1500	84	O	9.70	G	-		
1500	85	O	9.70	A	-		
1500	86	O	9.70	G	-		
1500	87	O	9.70	C	-		
1500	88	O	9.70	T	-		
1500	89	O	9.70	G	-		
1500	90	O	9.70	C	-		
1500	91	O	9.70	G	-		
1500	92	O	9.70	A	-		
1500	93	O	9.70	G	-		
1500	94	O	9.70	C	-		
1500	95	O	9.70	G	-		
1500	96	O	9.70	C	-		
1500	97	O	9.70	C	-		
1500	98	O	9.70	A	-		
1500	99	O	9.70	C	-		
1500	100	O	9.70	C	-		
1500	101	O	9.70	G	-		
1500	102	O	9.70	C	-		
1500	103	O	9.70	C	-		
1500	104	O	9.70	G	-		
1500	105	O	9.70	G	-		
1500	106	O	9.70	T	-		
1500	107	O	9.70	C	-		
1500	108	O	9.70	C	-		
1500	109	O	9.70	C	-		
1501	0	O	9.70	T	-		
1501	1	O	9.70	G	-		
1501	2	O	9.70	A	-		
1501	3	O	9.70	A	-		
1501	4	O	9.70	G	-		
1501	5	O	9.70	A	-		
1501	6	O	9.70	T	-		
1501	7	O	9.70	G	-		
1501	8	O	9.70	A	-		
1501	9	O	9.70	G	-		
1501	10	O	9.70	A	-		
1501	11	O	9.70	T	-		
1501	12	O	9.70	G	-		
1501	13	O	9.70	G	-		
1501	14	O	9.70	A	-		
1501	15	O	9.70	C	-		
1501	16	O	9.70	T	-		
1501	17	O	9.70	T	-		
1501	18	O	9.70	C	-		
1501	19	O	9.70	T	-		
1501	20	O	9.70	C	-		
1501	21	O	9.70	C	-		
1501	22	O	9.70	G	-		
1501	23	O	9.70	A	-		
1501	24	O	9.70	C	-		
1501	25	O	9.70	G	-		
1501	26	O	9.70	A	-		
1501	27	O	9.70	C	-		
1501	28	O	9.70	G	-		
1501	29	O	9.70	A	-		
1501	30	O	9.70	A	-		
1501	31	O	9.70	A	-		
1501	32	O	9.70	T	-		
1501	33	O	9.70	G	-		
1501	34	O	9.70	G	-		
1501	35	O	9.70	A	-		
1501	36	O	9.70	G	-		
1501	37	O	9.70	G	-		
1501	38	O	9.70	C	-		
1501	39	O	9.70	A	-		
1501	40	O	9.70	G	-		
1501	41	O	9.70	A	-		
1501	42	O	9.70	G	-		
1501	43	O	9.70	T	-		
1501	44	O	9.70	T	-		
1501	45	O	9.70	C	-		
1501	46	O	9.70	A	-		
1501	47	O	9.70	A	-		
1501	48	O	9.70	G	-		
1501	49	O	9.70	C	-		
1501	50	O	9.70	G	-		
1501	51	O	9.70	C	-		
1501	52	O	9.70	A	-		
1501	53	O	9.70	A	-		
1501	54	O	9.70	G	-		
1501	55	O	9.70	A	-		
1501	56	O	9.70	A	-		
1501	57	O	9.70	C	-		
1501	58	O	9.70	A	-		
1501	59	O	9.70	A	-		
1501	60	O	9.70	G	-		
1501	61	O	9.70	G	-		
1501	62	O	9.70	A	-		
1501	63	O	9.70	A	-		
1501	64	O	9.70	A	-		
1501	65	O	9.70	G	-		
1501	66	O	9.70	C	-		
1501	67	O	9.70	A	-		
1501	68	O	9.70	A	-		
1501	69	O	9.70	A	-		
1501	70	O	9.70	A	-		
1501	71	O	9.70	A	-		
1501	72	O	9.70	G	-		
1501	73	O	9.70	G	-		
1501	74	O	9.70	C	-		
1501	75	O	9.70	G	-		
1501	76	O	9.70	G	-		
1501	77	O	9.70	G	-		
1501	78	O	9.70	A	-		
1501	79	O	9.70	C	-		
1501	80	O	9.70	G	-		
1501	81	O	9.70	A	-		
1501	82	O	9.70	G	-		
1501	83	O	9.70	G	-		
1501	84	O	9.70	C	-		
1501	85	O	9.70	G	-		
1501	86	O	9.70	C	-		
1501	87	O	9.70	G	-		
1501	88	O	9.70	C	-		
1501	89	O	9.70	T	-		
1501	90	O	9.70	G	-		
1501	91	O	9.70	A	-		
1501	92	O	9.70	G	-		
1501	93	O	9.70	C	-		
1501	94	O	9.70	C	-		
1501	95	O	9.70	G	-		
1501	96	O	9.70	T	-		
1501	97	O	9.70	G	-		
1501	98	O	9.70	G	-		
1501	99	O	9.70	C	-		
1501	100	O	9.70	G	-		
1501	101	O	9.70	C	-		
1501	102	O	9.70	T	-		
1501	103	O	9.70	T	-		
1501	104	O	9.70	T	-		
1501	105	O	9.70	C	-		
1501	106	O	9.70	A	-		
1501	107	O	9.70	A	-		
1501	108	O	9.70	C	-		
1501	109	O	9.70	C	-		
1502	0	O	12.48	G	-		
1502	1	O	12.48	G	-		
1502	2	O	12.48	C	-		
1502	3	O	12.48	C	-		
1502	4	O	12.48	A	-		
1502	5	O	12.48	G	-		
1502	6	O	12.48	G	-		
1502	7	O	12.48	A	-		
1502	8	O	12.48	C	-		
1502	9	O	12.48	T	-		
1502	10	O	12.48	G	-		
1502	11	O	12.48	G	-		
1502	12	O	12.48	A	-		
1502	13	O	12.48	G	-		
1502	14	O	12.48	C	-		
1502	15	O	12.48	A	-		
1502	16	O	12.48	A	-		
1502	17	O	12.48	A	-		
1502	18	O	12.48	G	-		
1502	19	O	12.48	T	-		
1502	20	O	12.48	G	-		
1502	21	O	12.48	G	-		
1502	22	O	12.48	T	-		
1502	23	O	12.48	T	-		
1502	24	O	12.48	T	-		
1502	25	O	12.48	G	-		
1502	26	O	12.48	G	-		
1502	27	O	12.48	A	-		
1502	28	O	12.48	C	-		
1502	29	O	12.48	C	-		
1502	30	O	12.48	G	-		
1502	31	O	12.48	A	-		
1502	32	O	12.48	C	-		
1502	33	O	12.48	G	-		
1502	34	O	12.48	A	-		
1502	35	O	12.48	G	-		
1502	36	O	12.48	A	-		
1502	37	O	12.48	A	-		
1502	38	O	12.48	G	-		
1502	39	O	12.48	C	-		
1502	40	O	12.48	G	-		
1502	41	O	12.48	G	-		
1502	42	O	12.48	T	-		
1502	43	O	12.48	T	-		
1502	44	O	12.48	T	-		
1502	45	O	12.48	A	-		
1502	46	O	12.48	A	-		
1502	47	O	12.48	C	-		
1502	48	O	12.48	T	-		
1502	49	O	12.48	C	-		
1502	50	O	12.48	C	-		
1502	51	O	12.48	G	-		
1502	52	O	12.48	A	-		
1502	53	O	12.48	C	-		
1502	54	O	12.48	G	-		
1502	55	O	12.48	G	-		
1502	56	O	12.48	G	-		
1502	57	O	12.48	C	-		
1502	58	O	12.48	C	-		
1502	59	O	12.48	G	-		
1502	60	O	12.48	G	-		
1502	61	O	12.48	A	-		
1502	62	O	12.48	C	-		
1502	63	O	12.48	T	-		
1502	64	O	12.48	C	-		
1502	65	O	12.48	T	-		
1502	66	O	12.48	T	-		
1502	67	O	12.48	G	-		
1502	68	O	12.48	G	-		
1502	69	O	12.48	C	-		
1502	70	O	12.48	G	-		
1502	71	O	12.48	A	-		
1502	72	O	12.48	T	-		
1502	73	O	12.48	C	-		
1502	74	O	12.48	T	-		
1502	75	O	12.48	T	-		
1502	76	O	12.48	G	-		
1502	77	O	12.48	G	-		
1502	78	O	12.48	A	-		
1502	79	O	12.48	C	-		
1502	80	O	12.48	G	-		
1502	81	O	12.48	C	-		
1502	82	O	12.48	C	-		
1502	83	O	12.48	A	-		
1502	84	O	12.48	A	-		
1502	85	O	12.48	G	-		
1502	86	O	12.48	T	-		
1502	87	O	12.48	A	-		
1502	88	O	12.48	A	-		
1502	89	O	12.48	C	-		
1502	90	O	12.48	C	-		
1502	91	O	12.48	A	-		
1502	92	O	12.48	G	-		
1502	93	O	12.48	C	-		
1502	94	O	12.48	C	-		
1502	95	O	12.48	G	-		
1502	96	O	12.48	C	-		
1502	97	O	12.48	T	-		
1502	98	O	12.48	G	-		
1502	99	O	12.48	C	-		
1502	100	O	12.48	T	-		
1502	101	O	12.48	C	-		
1502	102	O	12.48	C	-		
1502	103	O	12.48	G	-		
1502	104	O	12.48	C	-		
1502	105	O	12.48	A	-		
1502	106	O	12.48	A	-		
1502	107	O	12.48	T	-		
1502	108	O	12.48	A	-		
1502	109	O	12.48	A	-		
1503	0	O	9.70	T	-		
1503	1	O	9.70	G	-		
1503	2	O	9.70	C	-		
1503	3	O	9.70	G	-		
1503	4	O	9.70	A	-		
1503	5	O	9.70	A	-		
1503	6	O	9.70	C	-		
1503	7	O	9.70	G	-		
1503	8	O	9.70	A	-		
1503	9	O	9.70	G	-		
1503	10	O	9.70	C	-		
1503	11	O	9.70	G	-		
1503	12	O	9.70	G	-		
1503	13	O	9.70	A	-		
1503	14	O	9.70	T	-		
1503	15	O	9.70	G	-		
1503	16	O	9.70	A	-		
1503	17	O	9.70	A	-		
1503	18	O	9.70	T	-		
1503	19	O	9.70	A	-		
1503	20	O	9.70	G	-		
1503	21	O	9.70	A	-		
1503	22	O	9.70	T	-		
1503	23	O	9.70	A	-		
1503	24	O	9.70	G	-		
1503	25	O	9.70	C	-		
1503	26	O	9.70	T	-		
1503	27	O	9.70	G	-		
1503	28	O	9.70	G	-		
1503	29	O	9.70	G	-		
1503	30	O	9.70	A	-		
1503	31	O	9.70	T	-		
1503	32	O	9.70	G	-		
1503	33	O	9.70	C	-		
1503	34	O	9.70	G	-		
1503	35	O	9.70	C	-		
1503	36	O	9.70	G	-		
1503	37	O	9.70	G	-		
1503	38	O	9.70	A	-		
1503	39	O	9.70	C	-		
1503	40	O	9.70	G	-		
1503	41	O	9.70	G	-		
1503	42	O	9.70	T	-		
1503	43	O	9.70	G	-		
1503	44	O	9.70	C	-		
1503	45	O	9.70	A	-		
1503	46	O	9.70	G	-		
1503	47	O	9.70	A	-		
1503	48	O	9.70	C	-		
1503	49	O	9.70	T	-		
1503	50	O	9.70	C	-		
1503	51	O	9.70	T	-		
1503	52	O	9.70	C	-		
1503	53	O	9.70	A	-		
1503	54	O	9.70	A	-		
1503	55	U	1.77	C	A		
1503	56	O	9.70	G	-		
1503	57	O	9.70	C	-		
1503	58	O	9.70	G	-		
1503	59	O	9.70	T	-		
1503	60	O	9.70	T	-		
1503	61	O	9.70	G	-		
1503	62	O	9.70	G	-		
1503	63	O	9.70	A	-		
1503	64	O	9.70	C	-		
1503	65	O	9.70	T	-		
1503	66	O	9.70	C	-		
1503	67	O	9.70	G	-		
1503	68	O	9.70	T	-		
1503	69	O	9.70	T	-		
1503	70	O	9.70	C	-		
1503	71	O	9.70	G	-		
1503	72	O	9.70	T	-		
1503	73	O	9.70	T	-		
1503	74	O	9.70	A	-		
1503	75	O	9.70	G	-		
1503	76	O	9.70	T	-		
1503	77	O	9.70	T	-		
1503	78	O	9.70	C	-		
1503	79	O	9.70	G	-		
1503	80	O	9.70	C	-		
1503	81	O	9.70	G	-		
1503	82	O	9.70	C	-		
1503	83	O	9.70	G	-		
1503	84	O	9.70	C	-		
1503	85	O	9.70	G	-		
1503	86	O	9.70	C	-		
1503	87	U	1.77	T	C		
1503	88	O	9.70	C	-		
1503	89	O	9.70	A	-		
1503	90	O	9.70	T	-		
1503	91	O	9.70	A	-		
1503	92	O	9.70	A	-		
1503	93	O	9.70	T	-		
1503	94	O	9.70	T	-		
1503	95	O	9.70	A	-		
1503	96	O	9.70	T	-		
1503	97	O	9.70	G	-		
1503	98	O	9.70	C	-		
1503	99	O	9.70	A	-		
1503	100	O	9.70	C	-		
1503	101	O	9.70	C	-		
1503	102	O	9.70	G	-		
1503	103	O	9.70	T	-		
1503	104	O	9.70	A	-		
1503	105	O	9.70	A	-		
1503	106	O	9.70	A	-		
1503	107	O	9.70	T	-		
1503	108	O	9.70	T	-		
1503	109	O	9.70	T	-		
1504	0	O	5.55	C	-		
1504	1	O	5.55	A	-		
1504	2	O	5.55	C	-		
1504	3	O	5.55	C	-		
1504	4	O	5.55	A	-		
1504	5	O	5.55	T	-		
1504	6	O	5.55	C	-		
1504	7	O	5.55	C	-		
1504	8	O	5.55	A	-		
1504	9	O	5.55	A	-		
1504	10	O	5.55	C	-		
1504	11	O	5.55	T	-		
1504	12	O	5.55	T	-		
1504	13	O	5.55	C	-		
1504	14	O	5.55	A	-		
1504	15	O	5.55	A	-		
1504	16	O	5.55	A	-		
1504	17	O	5.55	A	-		
1504	18	O	5.55	G	-		
1504	19	O	5.55	T	-		
1504	20	O	5.55	G	-		
1504	21	O	5.55	C	-		
1504	22	O	5.55	T	-		
1504	23	O	5.55	T	-		
1504	24	O	5.55	G	-		
1504	25	O	5.55	T	-		
1504	26	O	5.55	T	-		
1504	27	O	5.55	C	-		
1504	28	O	5.55	A	-		
1504	29	O	5.55	A	-		
1504	30	O	5.55	A	-		
1504	31	O	5.55	G	-		
1504	32	O	5.55	C	-		
1504	33	O	5.55	T	-		
1504	34	O	5.55	A	-		
1504	35	O	5.55	T	-		
1504	36	O	5.55	C	-		
1504	37	O	5.55	A	-		
1504	38	O	5.55	A	-		
1504	39	O	5.55	T	-		
1504	40	O	5.55	T	-		
1504	41	O	5.55	G	-		
1504	42	O	5.55	A	-		
1504	43	O	5.55	T	-		
1504	44	O	5.55	T	-		
1504	45	O	5.55	A	-		
1504	46	O	5.55	T	-		
1504	47	O	5.55	T	-		
1504	48	O	5.55	A	-		
1504	49	O	5.55	T	-		
1504	50	O	5.55	G	-		
1504	51	O	5.55	G	-		
1504	52	O	5.55	C	-		
1504	53	O	5.55	C	-		
1504	54	O	5.55	G	-		
1504	55	O	5.55	A	-		
1504	56	O	5.55	T	-		
1504	57	O	5.55	T	-		
1504	58	O	5.55	G	-		
1504	59	O	5.55	T	-		
1504	60	O	5.55	C	-		
1504	61	O	5.55	T	-		
1504	62	O	5.55	A	-		
1504	63	O	5.55	G	-		
1504	64	O	5.55	T	-		
1504	65	O	5.55	T	-		
1504	66	O	5.55	T	-		
1504	67	O	5.55	T	-		
1504	68	O	5.55	C	-		
1504	69	O	5.55	A	-		
1504	70	O	5.55	G	-		
1504	71	O	5.55	C	-		
1504	72	O	5.55	G	-		
1504	73	O	5.55	C	-		
1504	74	O	5.55	A	-		
1504	75	O	5.55	A	-		
1504	76	O	5.55	G	-		
1504	77	O	5.55	A	-		
1504	78	O	5.55	T	-		
1504	79	O	5.55	T	-		
1504	80	O	5.55	G	-		
1504	81	O	5.55	A	-		
1504	82	O	5.55	T	-		
1504	83	O	5.55	G	-		
1504	84	O	5.55	C	-		
1504	85	O	5.55	T	-		
1504	86	O	5.55	A	-		
1504	87	O	5.55	T	-		
1504	88	O	5.55	T	-		
1504	89	O	5.55	T	-		
1504	90	O	5.55	T	-		
1504	91	O	5.55	C	-		
1504	92	O	5.55	G	-		
1504	93	O	5.55	T	-		
1504	94	O	5.55	T	-		
1504	95	O	5.55	G	-		
1504	96	O	5.55	C	-		
1504	97	O	5.55	A	-		
1504	98	O	5.55	C	-		
1504	99	O	5.55	T	-		
1504	100	O	5.55	C	-		
1504	101	O	5.55	A	-		
1504	102	O	5.55	T	-		
1504	103	O	5.55	G	-		
1504	104	O	5.55	T	-		
1504	105	O	5.55	A	-		
1504	106	O	5.55	C	-		
1504	107	O	5.55	G	-		
1504	108	O	5.55	A	-		
1504	109	O	5.55	T	-		
1505	0	O	12.48	G	-		
1505	1	O	12.48	G	-		
1505	2	O	12.48	C	-		
1505	3	O	12.48	G	-		
1505	4	O	12.48	C	-		
1505	5	O	12.48	A	-		
1505	6	O	12.48	G	-		
1505	7	O	12.48	C	-		
1505	8	O	12.48	A	-		
1505	9	O	12.48	A	-		
1505	10	O	12.48	A	-		
1505	11	O	12.48	T	-		
1505	12	O	12.48	G	-		
1505	13	O	12.48	A	-		
1505	14	O	12.48	G	-		
1505	15	O	12.48	C	-		
1505	16	O	12.48	G	-		
1505	17	O	12.48	A	-		
1505	18	O	12.48	T	-		
1505	19	O	12.48	C	-		
1505	20	O	12.48	G	-		
1505	21	O	12.48	T	-		
1505	22	O	12.48	C	-		
1505	23	O	12.48	G	-		
1505	24	O	12.48	A	-		
1505	25	O	12.48	T	-		
1505	26	O	12.48	G	-		
1505	27	O	12.48	T	-		
1505	28	O	12.48	T	-		
1505	29	O	12.48	G	-		
1505	30	O	12.48	T	-		
1505	31	O	12.48	C	-		
1505	32	O	12.48	G	-		
1505	33	O	12.48	T	-		
1505	34	O	12.48	T	-		
1505	35	O	12.48	G	-		
1505	36	O	12.48	C	-		
1505	37	O	12.48	C	-		
1505	38	O	12.48	T	-		
1505	39	O	12.48	G	-		
1505	40	O	12.48	C	-		
1505	41	O	12.48	A	-		
1505	42	O	12.48	A	-		
1505	43	O	12.48	T	-		
1505	44	O	12.48	T	-		
1505	45	O	12.48	G	-		
1505	46	O	12.48	C	-		
1505	47	O	12.48	C	-		
1505	48	O	12.48	T	-		
1505	49	O	12.48	C	-		
1505	50	O	12.48	T	-		
1505	51	O	12.48	A	-		
1505	52	O	12.48	G	-		
1505	53	O	12.48	A	-		
1505	54	O	12.48	A	-		
1505	55	O	12.48	A	-		
1505	56	O	12.48	A	-		
1505	57	O	12.48	T	-		
1505	58	O	12.48	G	-		
1505	59	O	12.48	G	-		
1505	60	O	12.48	G	-		
1505	61	O	12.48	C	-		
1505	62	O	12.48	G	-		
1505	63	O	12.48	T	-		
1505	64	O	12.48	T	-		
1505	65	O	12.48	C	-		
1505	66	O	12.48	T	-		
1505	67	O	12.48	C	-		
1505	68	O	12.48	C	-		
1505	69	O	12.48	A	-		
1505	70	O	12.48	G	-		
1505	71	O	12.48	G	-		
1505	72	O	12.48	A	-		
1505	73	O	12.48	C	-		
1505	74	O	12.48	A	-		
1505	75	O	12.48	G	-		
1505	76	O	12.48	T	-		
1505	77	O	12.48	C	-		
1505	78	O	12.48	C	-		
1505	79	O	12.48	T	-		
1505	80	O	12.48	C	-		
1505	81	O	12.48	G	-		
1505	82	O	12.48	T	-		
1505	83	O	12.48	C	-		
1505	84	O	12.48	A	-		
1505	85	O	12.48	T	-		
1505	86	O	12.48	C	-		
1505	87	O	12.48	G	-		
1505	88	O	12.48	G	-		
1505	89	O	12.48	T	-		
1505	90	O	12.48	C	-		
1505	91	O	12.48	C	-		
1505	92	O	12.48	G	-		
1505	93	O	12.48	A	-		
1505	94	O	12.48	G	-		
1505	95	O	12.48	G	-		
1505	96	O	12.48	T	-		
1505	97	O	12.48	G	-		
1505	98	O	12.48	A	-		
1505	99	O	12.48	T	-		
1505	100	O	12.48	C	-		
1505	101	O	12.48	G	-		
1505	102	O	12.48	T	-		
1505	103	O	12.48	T	-		
1505	104	O	12.48	G	-		
1505	105	O	12.48	G	-		
1505	106	O	12.48	T	-		
1505	107	O	12.48	A	-		
1505	108	O	12.48	G	-		
1505	109	O	12.48	G	-		
1506	0	O	8.32	G	-		
1506	1	O	8.32	G	-		
1506	2	O	8.32	C	-		
1506	3	O	8.32	A	-		
1506	4	O	8.32	A	-		
1506	5	O	8.32	G	-		
1506	6	O	8.32	C	-		
1506	7	O	8.32	A	-		
1506	8	O	8.32	A	-		
1506	9	O	8.32	A	-		
1506	10	O	8.32	C	-		
1506	11	O	8.32	G	-		
1506	12	O	8.32	C	-		
1506	13	O	8.32	C	-		
1506	14	O	8.32	A	-		
1506	15	O	8.32	G	-		
1506	16	O	8.32	G	-		
1506	17	O	8.32	C	-		
1506	18	O	8.32	T	-		
1506	19	O	8.32	G	-		
1506	20	O	8.32	T	-		
1506	21	O	8.32	C	-		
1506	22	O	8.32	A	-		
1506	23	O	8.32	G	-		
1506	24	O	8.32	G	-		
1506	25	O	8.32	C	-		
1506	26	O	8.32	T	-		
1506	27	O	8.32	G	-		
1506	28	O	8.32	T	-		
1506	29	O	8.32	G	-		
1506	30	O	8.32	T	-		
1506	31	O	8.32	T	-		
1506	32	O	8.32	C	-		
1506	33	O	8.32	T	-		
1506	34	O	8.32	G	-		
1506	35	O	8.32	T	-		
1506	36	O	8.32	T	-		
1506	37	O	8.32	T	-		
1506	38	O	8.32	G	-		
1506	39	O	8.32	G	-		
1506	40	O	8.32	C	-		
1506	41	O	8.32	T	-		
1506	42	O	8.32	C	-		
1506	43	O	8.32	G	-		
1506	44	O	8.32	T	-		
1506	45	O	8.32	T	-		
1506	46	O	8.32	T	-		
1506	47	O	8.32	G	-		
1506	48	O	8.32	G	-		
1506	49	O	8.32	C	-		
1506	50	O	8.32	T	-		
1506	51	O	8.32	T	-		
1506	52	O	8.32	G	-		
1506	53	O	8.32	G	-		
1506	54	O	8.32	A	-		
1506	55	O	8.32	G	-		
1506	56	O	8.32	A	-		
1506	57	O	8.32	A	-		
1506	58	O	8.32	G	-		
1506	59	O	8.32	T	-		
1506	60	O	8.32	A	-		
1506	61	O	8.32	A	-		
1506	62	O	8.32	G	-		
1506	63	O	8.32	C	-		
1506	64	O	8.32	A	-		
1506	65	O	8.32	C	-		
1506	66	O	8.32	G	-		
1506	67	O	8.32	G	-		
1506	68	O	8.32	C	-		
1506	69	O	8.32	C	-		
1506	70	O	8.32	G	-		
1506	71	O	8.32	G	-		
1506	72	O	8.32	C	-		
1506	73	O	8.32	T	-		
1506	74	O	8.32	C	-		
1506	75	O	8.32	G	-		
1506	76	O	8.32	A	-		
1506	77	O	8.32	C	-		
1506	78	O	8.32	T	-		
1506	79	O	8.32	A	-		
1506	80	O	8.32	G	-		
1506	81	O	8.32	C	-		
1506	82	O	8.32	T	-		
1506	83	O	8.32	C	-		
1506	84	O	8.32	G	-		
1506	85	O	8.32	T	-		
1506	86	O	8.32	A	-		
1506	87	O	8.32	T	-		
1506	88	O	8.32	C	-		
1506	89	O	8.32	C	-		
1506	90	O	8.32	T	-		
1506	91	O	8.32	T	-		
1506	92	O	8.32	G	-		
1506	93	O	8.32	G	-		
1506	94	O	8.32	C	-		
1506	95	O	8.32	C	-		
1506	96	O	8.32	C	-		
1506	97	O	8.32	A	-		
1506	98	O	8.32	T	-		
1506	99	O	8.32	A	-		
1506	100	O	8.32	T	-		
1506	101	O	8.32	A	-		
1506	102	O	8.32	A	-		
1506	103	O	8.32	A	-		
1506	104	O	8.32	T	-		
1506	105	O	8.32	A	-		
1506	106	O	8.32	G	-		
1506	107	O	8.32	A	-		
1506	108	O	8.32	T	-		
1506	109	O	8.32	T	-		
1507	0	O	12.48	C	-		
1507	1	O	12.48	C	-		
1507	2	O	12.48	T	-		
1507	3	O	12.48	C	-		
1507	4	O	12.48	T	-		
1507	5	O	12.48	T	-		
1507	6	O	12.48	C	-		
1507	7	O	12.48	A	-		
1507	8	O	12.48	C	-		
1507	9	O	12.48	G	-		
1507	10	O	12.48	C	-		
1507	11	O	12.48	C	-		
1507	12	O	12.48	T	-		
1507	13	O	12.48	T	-		
1507	14	O	12.48	C	-		
1507	15	O	12.48	T	-		
1507	16	O	12.48	A	-		
1507	17	O	12.48	A	-		
1507	18	O	12.48	G	-		
1507	19	O	12.48	A	-		
1507	20	O	12.48	A	-		
1507	21	O	12.48	G	-		
1507	22	O	12.48	A	-		
1507	23	O	12.48	A	-		
1507	24	O	12.48	G	-		
1507	25	O	12.48	G	-		
1507	26	O	12.48	C	-		
1507	27	O	12.48	T	-		
1507	28	O	12.48	C	-		
1507	29	O	12.48	G	-		
1507	30	O	12.48	T	-		
1507	31	O	12.48	A	-		
1507	32	O	12.48	A	-		
1507	33	O	12.48	G	-		
1507	34	O	12.48	G	-		
1507	35	O	12.48	A	-		
1507	36	O	12.48	C	-		
1507	37	O	12.48	C	-		
1507	38	O	12.48	A	-		
1507	39	O	12.48	G	-		
1507	40	O	12.48	C	-		
1507	41	O	12.48	T	-		
1507	42	O	12.48	T	-		
1507	43	O	12.48	G	-		
1507	44	O	12.48	C	-		
1507	45	O	12.48	T	-		
1507	46	O	12.48	G	-		
1507	47	O	12.48	G	-		
1507	48	O	12.48	T	-		
1507	49	O	12.48	G	-		
1507	50	O	12.48	T	-		
1507	51	O	12.48	A	-		
1507	52	O	12.48	G	-		
1507	53	O	12.48	A	-		
1507	54	O	12.48	G	-		
1507	55	O	12.48	C	-		
1507	56	O	12.48	C	-		
1507	57	O	12.48	T	-		
1507	58	O	12.48	A	-		
1507	59	O	12.48	T	-		
1507	60	O	12.48	C	-		
1507	61	O	12.48	A	-		
1507	62	O	12.48	T	-		
1507	63	O	12.48	G	-		
1507	64	O	12.48	C	-		
1507	65	O	12.48	C	-		
1507	66	O	12.48	C	-		
1507	67	O	12.48	T	-		
1507	68	O	12.48	T	-		
1507	69	O	12.48	C	-		
1507	70	O	12.48	C	-		
1507	71	O	12.48	G	-		
1507	72	O	12.48	C	-		
1507	73	O	12.48	G	-		
1507	74	O	12.48	C	-		
1507	75	O	12.48	A	-		
1507	76	O	12.48	G	-		
1507	77	O	12.48	A	-		
1507	78	O	12.48	G	-		
1507	79	O	12.48	C	-		
1507	80	O	12.48	C	-		
1507	81	O	12.48	T	-		
1507	82	O	12.48	G	-		
1507	83	O	12.48	T	-		
1507	84	O	12.48	C	-		
1507	85	O	12.48	A	-		
1507	86	O	12.48	T	-		
1507	87	O	12.48	C	-		
1507	88	O	12.48	C	-		
1507	89	O	12.48	T	-		
1507	90	O	12.48	T	-		
1507	91	O	12.48	C	-		
1507	92	O	12.48	A	-		
1507	93	O	12.48	A	-		
1507	94	O	12.48	C	-		
1507	95	O	12.48	A	-		
1507	96	O	12.48	C	-		
1507	97	O	12.48	T	-		
1507	98	O	12.48	C	-		
1507	99	O	12.48	C	-		
1507	100	O	12.48	G	-		
1507	101	O	12.48	C	-		
1507	102	O	12.48	T	-		
1507	103	O	12.48	G	-		
1507	104	O	12.48	T	-		
1507	105	O	12.48	T	-		
1507	106	O	12.48	G	-		
1507	107	O	12.48	T	-		
1507	108	O	12.48	G	-		
1507	109	O	12.48	T	-		
1508	0	O	5.55	T	-		
1508	1	O	5.55	A	-		
1508	2	O	5.55	A	-		
1508	3	O	5.55	A	-		
1508	4	O	5.55	A	-		
1508	5	O	5.55	C	-		
1508	6	O	5.55	A	-		
1508	7	O	5.55	T	-		
1508	8	O	5.55	T	-		
1508	9	O	5.55	C	-		
1508	10	O	5.55	T	-		
1508	11	O	5.55	T	-		
1508	12	O	5.55	T	-		
1508	13	O	5.55	A	-		
1508	14	O	5.55	G	-		
1508	15	O	5.55	A	-		
1508	16	O	5.55	A	-		
1508	17	O	5.55	T	-		
1508	18	O	5.55	T	-		
1508	19	O	5.55	T	-		
1508	20	O	5.55	C	-		
1508	21	O	5.55	A	-		
1508	22	O	5.55	G	-		
1508	23	O	5.55	T	-		
1508	24	O	5.55	T	-		
1508	25	O	5.55	C	-		
1508	26	O	5.55	T	-		
1508	27	O	5.55	C	-		
1508	28	O	5.55	A	-		
1508	29	O	5.55	A	-		
1508	30	O	5.55	A	-		
1508	31	O	5.55	A	-		
1508	32	O	5.55	T	-		
1508	33	O	5.55	C	-		
1508	34	O	5.55	T	-		
1508	35	O	5.55	A	-		
1508	36	O	5.55	A	-		
1508	37	O	5.55	T	-		
1508	38	O	5.55	A	-		
1508	39	O	5.55	A	-		
1508	40	O	5.55	A	-		
1508	41	O	5.55	C	-		
1508	42	O	5.55	C	-		
1508	43	O	5.55	A	-		
1508	44	O	5.55	T	-		
1508	45	O	5.55	T	-		
1508	46	O	5.55	G	-		
1508	47	O	5.55	T	-		
1508	48	O	5.55	G	-		
1508	49	O	5.55	T	-		
1508	50	O	5.55	A	-		
1508	51	O	5.55	C	-		
1508	52	O	5.55	A	-		
1508	53	O	5.55	C	-		
1508	54	O	5.55	T	-		
1508	55	O	5.55	A	-		
1508	56	O	5.55	A	-		
1508	57	O	5.55	G	-		
1508	58	O	5.55	T	-		
1508	59	O	5.55	A	-		
1508	60	O	5.55	A	-		
1508	61	O	5.55	T	-		
1508	62	O	5.55	G	-		
1508	63	O	5.55	T	-		
1508	64	O	5.55	T	-		
1508	65	O	5.55	A	-		
1508	66	O	5.55	G	-		
1508	67	O	5.55	A	-		
1508	68	O	5.55	A	-		
1508	69	O	5.55	A	-		
1508	70	O	5.55	C	-		
1508	71	O	5.55	T	-		
1508	72	O	5.55	G	-		
1508	73	O	5.55	C	-		
1508	74	O	5.55	A	-		
1508	75	O	5.55	G	-		
1508	76	O	5.55	C	-		
1508	77	O	5.55	A	-		
1508	78	O	5.55	A	-		
1508	79	O	5.55	T	-		
1508	80	O	5.55	G	-		
1508	81	O	5.55	G	-		
1508	82	O	5.55	T	-		
1508	83	O	5.55	T	-		
1508	84	O	5.55	T	-		
1508	85	O	5.55	A	-		
1508	86	O	5.55	T	-		
1508	87	O	5.55	A	-		
1508	88	O	5.55	C	-		
1508	89	O	5.55	T	-		
1508	90	O	5.55	T	-		
1508	91	O	5.55	T	-		
1508	92	O	5.55	G	-		
1508	93	O	5.55	C	-		
1508	94	O	5.55	T	-		
1508	95	O	5.55	G	-		
1508	96	O	5.55	G	-		
1508	97	O	5.55	A	-		
1508	98	O	5.55	C	-		
1508	99	O	5.55	A	-		
1508	100	O	5.55	T	-		
1508	101	O	5.55	G	-		
1508	102	O	5.55	A	-		
1508	103	O	5.55	A	-		
1508	104	O	5.55	A	-		
1508	105	O	5.55	G	-		
1508	106	O	5.55	A	-		
1508	107	O	5.55	C	-		
1508	108	O	5.55	A	-		
1508	109	O	5.55	A	-		
1509	0	O	5.55	T	-		
1509	1	O	5.55	G	-		
1509	2	O	5.55	G	-		
1509	3	O	5.55	T	-		
1509	4	O	5.55	G	-		
1509	5	O	5.55	C	-		
1509	6	O	5.55	C	-		
1509	7	O	5.55	G	-		
1509	8	O	5.55	G	-		
1509	9	O	5.55	T	-		
1509	10	O	5.55	G	-		
1509	11	O	5.55	A	-		
1509	12	O	5.55	T	-		
1509	13	O	5.55	G	-		
1509	14	O	5.55	T	-		
1509	15	O	5.55	T	-		
1509	16	O	5.55	G	-		
1509	17	O	5.55	A	-		
1509	18	O	5.55	T	-		
1509	19	O	5.55	G	-		
1509	20	O	5.55	A	-		
1509	21	O	5.55	G	-		
1509	22	O	5.55	C	-		
1509	23	O	5.55	C	-		
1509	24	O	5.55	T	-		
1509	25	O	5.55	C	-		
1509	26	O	5.55	G	-		
1509	27	O	5.55	A	-		
1509	28	O	5.55	C	-		
1509	29	O	5.55	A	-		
1509	30	O	5.55	T	-		
1509	31	O	5.55	C	-		
1509	32	O	5.55	C	-		
1509	33	O	5.55	T	-		
1509	34	O	5.55	G	-		
1509	35	O	5.55	A	-		
1509	36	O	5.55	T	-		
1509	37	O	5.55	G	-		
1509	38	O	5.55	C	-		
1509	39	O	5.55	G	-		
1509	40	O	5.55	G	-		
1509	41	O	5.55	A	-		
1509	42	O	5.55	C	-		
1509	43	O	5.55	C	-		
1509	44	O	5.55	C	-		
1509	45	O	5.55	T	-		
1509	46	O	5.55	C	-		
1509	47	O	5.55	T	-		
1509	48	O	5.55	T	-		
1509	49	O	5.55	C	-		
1509	50	O	5.55	C	-		
1509	51	O	5.55	T	-		
1509	52	O	5.55	C	-		
1509	53	O	5.55	G	-		
1509	54	O	5.55	T	-		
1509	55	O	5.55	G	-		
1509	56	O	5.55	G	-		
1509	57	O	5.55	T	-		
1509	58	O	5.55	T	-		
1509	59	O	5.55	G	-		
1509	60	O	5.55	T	-		
1509	61	O	5.55	G	-		
1509	62	O	5.55	C	-		
1509	63	O	5.55	T	-		
1509	64	O	5.55	C	-		
1509	65	O	5.55	G	-		
1509	66	O	5.55	C	-		
1509	67	O	5.55	A	-		
1509	68	O	5.55	A	-		
1509	69	O	5.55	T	-		
1509	70	O	5.55	C	-		
1509	71	O	5.55	C	-		
1509	72	O	5.55	A	-		
1509	73	O	5.55	C	-		
1509	74	O	5.55	C	-		
1509	75	O	5.55	A	-		
1509	76	O	5.55	C	-		
1509	77	O	5.55	G	-		
1509	78	O	5.55	T	-		
1509	79	O	5.55	G	-		
1509	80	O	5.55	T	-		
1509	81	O	5.55	G	-		
1509	82	O	5.55	A	-		
1509	83	O	5.55	C	-		
1509	84	O	5.55	G	-		
1509	85	O	5.55	G	-		
1509	86	O	5.55	A	-		
1509	87	O	5.55	A	-		
1509	88	O	5.55	C	-		
1509	89	O	5.55	A	-		
1509	90	O	5.55	T	-		
1509	91	O	5.55	A	-		
1509	92	O	5.55	C	-		
1509	93	O	5.55	T	-		
1509	94	O	5.55	G	-		
1509	95	O	5.55	A	-		
1509	96	O	5.55	T	-		
1509	97	O	5.55	G	-		
1509	98	O	5.55	C	-		
1509	99	O	5.55	A	-		
1509	100	O	5.55	G	-		
1509	101	O	5.55	C	-		
1509	102	O	5.55	A	-		
1509	103	O	5.55	C	-		
1509	104	O	5.55	T	-		
1509	105	O	5.55	C	-		
1509	106	O	5.55	T	-		
1509	107	O	5.55	C	-		
1509	108	O	5.55	G	-		
1509	109	O	5.55	A	-		
1510	0	O	6.93	G	-		
1510	1	O	6.93	C	-		
1510	2	O	6.93	G	-		
1510	3	O	6.93	A	-		
1510	4	O	6.93	G	-		
1510	5	O	6.93	G	-		
1510	6	O	6.93	G	-		
1510	7	O	6.93	C	-		
1510	8	O	6.93	G	-		
1510	9	O	6.93	T	-		
1510	10	O	6.93	C	-		
1510	11	O	6.93	G	-		
1510	12	O	6.93	T	-		
1510	13	O	6.93	C	-		
1510	14	O	6.93	G	-		
1510	15	O	6.93	A	-		
1510	16	O	6.93	T	-		
1510	17	O	6.93	C	-		
1510	18	O	6.93	A	-		
1510	19	O	6.93	C	-		
1510	20	O	6.93	G	-		
1510	21	O	6.93	G	-		
1510	22	O	6.93	C	-		
1510	23	O	6.93	G	-		
1510	24	O	6.93	A	-		
1510	25	O	6.93	G	-		
1510	26	O	6.93	C	-		
1510	27	O	6.93	G	-		
1510	28	O	6.93	C	-		
1510	29	O	6.93	G	-		
1510	30	O	6.93	G	-		
1510	31	O	6.93	C	-		
1510	32	O	6.93	T	-		
1510	33	O	6.93	T	-		
1510	34	O	6.93	C	-		
1510	35	O	6.93	G	-		
1510	36	O	6.93	G	-		
1510	37	O	6.93	C	-		
1510	38	O	6.93	G	-		
1510	39	O	6.93	G	-		
1510	40	O	6.93	T	-		
1510	41	U	-0.27	G	C		
1510	42	O	6.93	C	-		
1510	43	O	6.93	G	-		
1510	44	O	6.93	G	-		
1510	45	O	6.93	C	-		
1510	46	O	6.93	C	-		
1510	47	O	6.93	C	-		
1510	48	O	6.93	T	-		
1510	49	O	6.93	G	-		
1510	50	O	6.93	C	-		
1510	51	O	6.93	G	-		
1510	52	O	6.93	C	-		
1510	53	O	6.93	G	-		
1510	54	O	6.93	C	-		
1510	55	O	6.93	G	-		
1510	56	O	6.93	G	-		
1510	57	O	6.93	T	-		
1510	58	O	6.93	A	-		
1510	59	O	6.93	G	-		
1510	60	O	6.93	C	-		
1510	61	O	6.93	C	-		
1510	62	O	6.93	G	-		
1510	63	O	6.93	C	-		
1510	64	O	6.93	C	-		
1510	65	O	6.93	G	-		
1510	66	O	6.93	A	-		
1510	67	O	6.93	G	-		
1510	68	O	6.93	G	-		
1510	69	O	6.93	G	-		
1510	70	O	6.93	C	-		
1510	71	O	6.93	C	-		
1510	72	O	6.93	G	-		
1510	73	O	6.93	T	-		
1510	74	O	6.93	G	-		
1510	75	O	6.93	G	-		
1510	76	O	6.93	C	-		
1510	77	O	6.93	G	-		
1510	78	O	6.93	G	-		
1510	79	O	6.93	T	-		
1510	80	O	6.93	C	-		
1510	81	O	6.93	T	-		
1510	82	O	6.93	G	-		
1510	83	O	6.93	C	-		
1510	84	O	6.93	G	-		
1510	85	O	6.93	G	-		
1510	86	O	6.93	G	-		
1510	87	O	6.93	G	-		
1510	88	O	6.93	T	-		
1510	89	O	6.93	G	-		
1510	90	O	6.93	A	-		
1510	91	O	6.93	G	-		
1510	92	O	6.93	C	-		
1510	93	O	6.93	C	-		
1510	94	O	6.93	C	-		
1510	95	O	6.93	G	-		
1510	96	O	6.93	A	-		
1510	97	O	6.93	C	-		
1510	98	O	6.93	G	-		
1510	99	O	6.93	T	-		
1510	100	O	6.93	G	-		
1510	101	O	6.93	T	-		
1510	102	O	6.93	C	-		
1510	103	O	6.93	C	-		
1510	104	O	6.93	G	-		
1510	105	O	6.93	A	-		
1510	106	O	6.93	C	-		
1510	107	O	6.93	C	-		
1510	108	O	6.93	A	-		
1510	109	O	6.93	C	-		
1511	0	O	11.09	A	-		
1511	1	O	11.09	A	-		
1511	2	O	11.09	C	-		
1511	3	O	11.09	A	-		
1511	4	O	11.09	T	-		
1511	5	O	11.09	G	-		
1511	6	O	11.09	C	-		
1511	7	O	11.09	T	-		
1511	8	O	11.09	G	-		
1511	9	O	11.09	A	-		
1511	10	O	11.09	C	-		
1511	11	O	11.09	G	-		
1511	12	O	11.09	T	-		
1511	13	O	11.09	C	-		
1511	14	O	11.09	C	-		
1511	15	O	11.09	A	-		
1511	16	O	11.09	G	-		
1511	17	O	11.09	C	-		
1511	18	O	11.09	T	-		
1511	19	O	11.09	C	-		
1511	20	O	11.09	C	-		
1511	21	O	11.09	A	-		
1511	22	O	11.09	C	-		
1511	23	O	11.09	G	-		
1511	24	O	11.09	G	-		
1511	25	O	11.09	A	-		
1511	26	O	11.09	C	-		
1511	27	O	11.09	C	-		
1511	28	O	11.09	A	-		
1511	29	O	11.09	C	-		
1511	30	O	11.09	G	-		
1511	31	O	11.09	T	-		
1511	32	O	11.09	C	-		
1511	33	O	11.09	T	-		
1511	34	O	11.09	T	-		
1511	35	O	11.09	G	-		
1511	36	O	11.09	A	-		
1511	37	O	11.09	A	-		
1511	38	O	11.09	G	-		
1511	39	O	11.09	A	-		
1511	40	O	11.09	T	-		
1511	41	O	11.09	G	-		
1511	42	O	11.09	A	-		
1511	43	O	11.09	C	-		
1511	44	O	11.09	G	-		
1511	45	O	11.09	G	-		
1511	46	O	11.09	C	-		
1511	47	O	11.09	C	-		
1511	48	O	11.09	A	-		
1511	49	O	11.09	G	-		
1511	50	O	11.09	G	-		
1511	51	O	11.09	A	-		
1511	52	O	11.09	C	-		
1511	53	O	11.09	G	-		
1511	54	O	11.09	G	-		
1511	55	O	11.09	C	-		
1511	56	O	11.09	C	-		
1511	57	O	11.09	A	-		
1511	58	O	11.09	G	-		
1511	59	O	11.09	G	-		
1511	60	O	11.09	A	-		
1511	61	O	11.09	T	-		
1511	62	O	11.09	C	-		
1511	63	O	11.09	T	-		
1511	64	O	11.09	C	-		
1511	65	O	11.09	G	-		
1511	66	O	11.09	A	-		
1511	67	O	11.09	C	-		
1511	68	O	11.09	C	-		
1511	69	O	11.09	T	-		
1511	70	O	11.09	G	-		
1511	71	O	11.09	T	-		
1511	72	O	11.09	G	-		
1511	73	O	11.09	C	-		
1511	74	O	11.09	G	-		
1511	75	O	11.09	A	-		
1511	76	O	11.09	A	-		
1511	77	O	11.09	C	-		
1511	78	O	11.09	C	-		
1511	79	O	11.09	G	-		
1511	80	O	11.09	C	-		
1511	81	O	11.09	C	-		
1511	82	O	11.09	G	-		
1511	83	O	11.09	G	-		
1511	84	O	11.09	C	-		
1511	85	O	11.09	C	-		
1511	86	O	11.09	G	-		
1511	87	O	11.09	A	-		
1511	88	O	11.09	T	-		
1511	89	O	11.09	G	-		
1511	90	O	11.09	C	-		
1511	91	O	11.09	A	-		
1511	92	O	11.09	G	-		
1511	93	O	11.09	C	-		
1511	94	O	11.09	T	-		
1511	95	O	11.09	G	-		
1511	96	O	11.09	C	-		
1511	97	O	11.09	G	-		
1511	98	O	11.09	G	-		
1511	99	O	11.09	T	-		
1511	100	O	11.09	A	-		
1511	101	O	11.09	G	-		
1511	102	O	11.09	C	-		
1511	103	O	11.09	C	-		
1511	104	O	11.09	G	-		
1511	105	O	11.09	T	-		
1511	106	O	11.09	C	-		
1511	107	O	11.09	G	-		
1511	108	O	11.09	G	-		
1511	109	O	11.09	A	-		
1512	0	O	9.70	A	-		
1512	1	O	9.70	G	-		
1512	2	O	9.70	T	-		
1512	3	O	9.70	G	-		
1512	4	O	9.70	A	-		
1512	5	O	9.70	G	-		
1512	6	O	9.70	A	-		
1512	7	O	9.70	G	-		
1512	8	O	9.70	G	-		
1512	9	O	9.70	A	-		
1512	10	O	9.70	T	-		
1512	11	O	9.70	C	-		
1512	12	O	9.70	T	-		
1512	13	O	9.70	C	-		
1512	14	O	9.70	G	-		
1512	15	O	9.70	G	-		
1512	16	O	9.70	A	-		
1512	17	O	9.70	A	-		
1512	18	O	9.70	T	-		
1512	19	O	9.70	T	-		
1512	20	O	9.70	A	-		
1512	21	O	9.70	G	-		
1512	22	O	9.70	G	-		
1512	23	O	9.70	G	-		
1512	24	O	9.70	T	-		
1512	25	O	9.70	T	-		
1512	26	O	9.70	C	-		
1512	27	O	9.70	G	-		
1512	28	O	9.70	A	-		
1512	29	O	9.70	A	-		
1512	30	O	9.70	A	-		
1512	31	O	9.70	C	-		
1512	32	O	9.70	T	-		
1512	33	O	9.70	A	-		
1512	34	O	9.70	A	-		
1512	35	O	9.70	G	-		
1512	36	O	9.70	G	-		
1512	37	O	9.70	T	-		
1512	38	O	9.70	C	-		
1512	39	O	9.70	G	-		
1512	40	O	9.70	C	-		
1512	41	O	9.70	A	-		
1512	42	O	9.70	G	-		
1512	43	O	9.70	T	-		
1512	44	O	9.70	T	-		
1512	45	O	9.70	G	-		
1512	46	O	9.70	C	-		
1512	47	O	9.70	C	-		
1512	48	O	9.70	A	-		
1512	49	O	9.70	A	-		
1512	50	O	9.70	G	-		
1512	51	O	9.70	G	-		
1512	52	O	9.70	T	-		
1512	53	O	9.70	T	-		
1512	54	O	9.70	A	-		
1512	55	O	9.70	A	-		
1512	56	O	9.70	G	-		
1512	57	O	9.70	A	-		
1512	58	O	9.70	T	-		
1512	59	O	9.70	C	-		
1512	60	O	9.70	A	-		
1512	61	O	9.70	T	-		
1512	62	O	9.70	C	-		
1512	63	O	9.70	G	-		
1512	64	O	9.70	G	-		
1512	65	O	9.70	A	-		
1512	66	O	9.70	G	-		
1512	67	O	9.70	T	-		
1512	68	O	9.70	G	-		
1512	69	O	9.70	A	-		
1512	70	O	9.70	A	-		
1512	71	O	9.70	G	-		
1512	72	O	9.70	A	-		
1512	73	O	9.70	A	-		
1512	74	O	9.70	A	-		
1512	75	O	9.70	G	-		
1512	76	O	9.70	C	-		
1512	77	O	9.70	A	-		
1512	78	O	9.70	A	-		
1512	79	O	9.70	G	-		
1512	80	O	9.70	T	-		
1512	81	O	9.70	T	-		
1512	82	O	9.70	C	-		
1512	83	O	9.70	T	-		
1512	84	O	9.70	C	-		
1512	85	O	9.70	G	-		
1512	86	O	9.70	A	-		
1512	87	O	9.70	G	-		
1512	88	O	9.70	C	-		
1512	89	O	9.70	G	-		
1512	90	O	9.70	A	-		
1512	91	O	9.70	A	-		
1512	92	O	9.70	G	-		
1512	93	O	9.70	A	-		
1512	94	O	9.70	A	-		
1512	95	O	9.70	G	-		
1512	96	O	9.70	A	-		
1512	97	O	9.70	A	-		
1512	98	O	9.70	A	-		
1512	99	O	9.70	A	-		
1512	100	O	9.70	A	-		
1512	101	O	9.70	C	-		
1512	102	O	9.70	G	-		
1512	103	O	9.70	T	-		
1512	104	O	9.70	G	-		
1512	105	O	9.70	A	-		
1512	106	O	9.70	G	-		
1512	107	O	9.70	A	-		
1512	108	O	9.70	G	-		
1512	109	O	9.70	C	-		
1513	0	O	11.09	T	-		
1513	1	O	11.09	G	-		
1513	2	O	11.09	T	-		
1513	3	O	11.09	T	-		
1513	4	O	11.09	G	-		
1513	5	O	11.09	T	-		
1513	6	O	11.09	G	-		
1513	7	O	11.09	A	-		
1513	8	O	11.09	T	-		
1513	9	O	11.09	A	-		
1513	10	O	11.09	C	-		
1513	11	O	11.09	A	-		
1513	12	O	11.09	A	-		
1513	13	O	11.09	G	-		
1513	14	O	11.09	G	-		
1513	15	O	11.09	T	-		
1513	16	O	11.09	T	-		
1513	17	O	11.09	C	-		
1513	18	O	11.09	T	-		
1513	19	O	11.09	G	-		
1513	20	O	11.09	C	-		
1513	21	U	2.86	T	G		
1513	22	O	11.09	C	-		
1513	23	O	11.09	A	-		
1513	24	O	11.09	G	-		
1513	25	O	11.09	T	-		
1513	26	O	11.09	T	-		
1513	27	O	11.09	G	-		
1513	28	O	11.09	A	-		
1513	29	O	11.09	T	-		
1513	30	O	11.09	C	-		
1513	31	O	11.09	A	-		
1513	32	O	11.09	A	-		
1513	33	O	11.09	T	-		
1513	34	O	11.09	G	-		
1513	35	O	11.09	T	-		
1513	36	O	11.09	C	-		
1513	37	O	11.09	T	-		
1513	38	O	11.09	G	-		
1513	39	O	11.09	C	-		
1513	40	O	11.09	A	-		
1513	41	O	11.09	A	-		
1513	42	O	11.09	T	-		
1513	43	O	11.09	A	-		
1513	44	O	11.09	C	-		
1513	45	O	11.09	C	-		
1513	46	O	11.09	T	-		
1513	47	O	11.09	T	-		
1513	48	O	11.09	T	-		
1513	49	O	11.09	A	-		
1513	50	O	11.09	C	-		
1513	51	O	11.09	A	-		
1513	52	O	11.09	G	-		
1513	53	O	11.09	C	-		
1513	54	O	11.09	C	-		
1513	55	O	11.09	A	-		
1513	56	O	11.09	G	-		
1513	57	O	11.09	C	-		
1513	58	O	11.09	A	-		
1513	59	O	11.09	A	-		
1513	60	O	11.09	C	-		
1513	61	O	11.09	C	-		
1513	62	O	11.09	A	-		
1513	63	O	11.09	C	-		
1513	64	O	11.09	C	-		
1513	65	O	11.09	T	-		
1513	66	O	11.09	C	-		
1513	67	O	11.09	A	-		
1513	68	O	11.09	A	-		
1513	69	O	11.09	G	-		
1513	70	O	11.09	A	-		
1513	71	O	11.09	A	-		
1513	72	O	11.09	C	-		
1513	73	O	11.09	T	-		
1513	74	O	11.09	T	-		
1513	75	O	11.09	G	-		
1513	76	O	11.09	C	-		
1513	77	O	11.09	C	-		
1513	78	O	11.09	T	-		
1513	79	O	11.09	G	-		
1513	80	O	11.09	G	-		
1513	81	O	11.09	A	-		
1513	82	O	11.09	G	-		
1513	83	O	11.09	A	-		
1513	84	O	11.09	G	-		
1513	85	O	11.09	G	-		
1513	86	O	11.09	A	-		
1513	87	U	2.86	T	G		
1513	88	O	11.09	G	-		
1513	89	O	11.09	G	-		
1513	90	O	11.09	T	-		
1513	91	U	2.86	C	G		
1513	92	O	11.09	A	-		
1513	93	O	11.09	C	-		
1513	94	U	2.86	G	A		
1513	95	O	11.09	T	-		
1513	96	O	11.09	C	-		
1513	97	O	11.09	T	-		
1513	98	O	11.09	T	-		
1513	99	O	11.09	T	-		
1513	100	U	2.86	T	A		
1513	101	O	11.09	A	-		
1513	102	O	11.09	A	-		
1513	103	O	11.09	G	-		
1513	104	O	11.09	T	-		
1513	105	O	11.09	A	-		
1513	106	O	11.09	A	-		
1513	107	O	11.09	A	-		
1513	108	O	11.09	A	-		
1513	109	O	11.09	A	-		
1514	0	O	15.25	A	-		
1514	1	O	15.25	C	-		
1514	2	O	15.25	C	-		
1514	3	O	15.25	G	-		
1514	4	O	15.25	C	-		
1514	5	O	15.25	G	-		
1514	6	O	15.25	T	-		
1514	7	O	15.25	C	-		
1514	8	O	15.25	G	-		
1514	9	O	15.25	A	-		
1514	10	O	15.25	C	-		
1514	11	O	15.25	C	-		
1514	12	O	15.25	T	-		
1514	13	O	15.25	G	-		
1514	14	O	15.25	C	-		
1514	15	O	15.25	G	-		
1514	16	O	15.25	C	-		
1514	17	O	15.25	C	-		
1514	18	O	15.25	T	-		
1514	19	O	15.25	G	-		
1514	20	O	15.25	A	-		
1514	21	O	15.25	T	-		
1514	22	O	15.25	C	-		
1514	23	O	15.25	G	-		
1514	24	O	15.25	A	-		
1514	25	O	15.25	A	-		
1514	26	O	15.25	T	-		
1514	27	O	15.25	A	-		
1514	28	O	15.25	C	-		
1514	29	O	15.25	C	-		
1514	30	O	15.25	A	-		
1514	31	O	15.25	A	-		
1514	32	O	15.25	G	-		
1514	33	O	15.25	G	-		
1514	34	O	15.25	A	-		
1514	35	O	15.25	G	-		
1514	36	O	15.25	T	-		
1514	37	O	15.25	C	-		
1514	38	O	15.25	T	-		
1514	39	O	15.25	G	-		
1514	40	O	15.25	A	-		
1514	41	O	15.25	G	-		
1514	42	O	15.25	C	-		
1514	43	O	15.25	A	-		
1514	44	O	15.25	T	-		
1514	45	O	15.25	G	-		
1514	46	O	15.25	A	-		
1514	47	O	15.25	A	-		
1514	48	O	15.25	T	-		
1514	49	O	15.25	A	-		
1514	50	O	15.25	C	-		
1514	51	O	15.25	C	-		
1514	52	O	15.25	C	-		
1514	53	O	15.25	T	-		
1514	54	O	15.25	G	-		
1514	55	O	15.25	A	-		
1514	56	O	15.25	C	-		
1514	57	O	15.25	C	-		
1514	58	O	15.25	C	-		
1514	59	O	15.25	G	-		
1514	60	O	15.25	C	-		
1514	61	O	15.25	C	-		
1514	62	O	15.25	C	-		
1514	63	O	15.25	C	-		
1514	64	O	15.25	C	-		
1514	65	O	15.25	T	-		
1514	66	O	15.25	C	-		
1514	67	O	15.25	A	-		
1514	68	O	15.25	C	-		
1514	69	O	15.25	C	-		
1514	70	O	15.25	T	-		
1514	71	O	15.25	G	-		
1514	72	O	15.25	G	-		
1514	73	O	15.25	A	-		
1514	74	O	15.25	T	-		
1514	75	O	15.25	C	-		
1514	76	O	15.25	G	-		
1514	77	O	15.25	C	-		
1514	78	O	15.25	A	-		
1514	79	O	15.25	G	-		
1514	80	O	15.25	C	-		
1514	81	O	15.25	C	-		
1514	82	O	15.25	G	-		
1514	83	O	15.25	C	-		
1514	84	O	15.25	T	-		
1514	85	O	15.25	G	-		
1514	86	O	15.25	C	-		
1514	87	O	15.25	C	-		
1514	88	O	15.25	C	-		
1514	89	O	15.25	T	-		
1514	90	O	15.25	G	-		
1514	91	O	15.25	A	-		
1514	92	O	15.25	C	-		
1514	93	O	15.25	C	-		
1514	94	O	15.25	G	-		
1514	95	O	15.25	T	-		
1514	96	O	15.25	G	-		
1514	97	O	15.25	G	-		
1514	98	O	15.25	C	-		
1514	99	O	15.25	C	-		
1514	100	O	15.25	A	-		
1514	101	O	15.25	G	-		
1514	102	O	15.25	C	-		
1514	103	O	15.25	C	-		
1514	104	O	15.25	T	-		
1514	105	O	15.25	G	-		
1514	106	O	15.25	C	-		
1514	107	O	15.25	C	-		
1514	108	O	15.25	G	-		
1514	109	O	15.25	G	-		
1515	0	O	15.25	T	-		
1515	1	O	15.25	T	-		
1515	2	O	15.25	C	-		
1515	3	O	15.25	C	-		
1515	4	O	15.25	G	-		
1515	5	O	15.25	C	-		
1515	6	O	15.25	G	-		
1515	7	O	15.25	G	-		
1515	8	O	15.25	C	-		
1515	9	O	15.25	G	-		
1515	10	O	15.25	A	-		
1515	11	O	15.25	G	-		
1515	12	O	15.25	G	-		
1515	13	O	15.25	G	-		
1515	14	O	15.25	C	-		
1515	15	O	15.25	A	-		
1515	16	O	15.25	T	-		
1515	17	O	15.25	C	-		
1515	18	O	15.25	C	-		
1515	19	O	15.25	C	-		
1515	20	O	15.25	G	-		
1515	21	O	15.25	G	-		
1515	22	O	15.25	T	-		
1515	23	O	15.25	C	-		
1515	24	O	15.25	G	-		
1515	25	O	15.25	A	-		
1515	26	O	15.25	G	-		
1515	27	O	15.25	G	-		
1515	28	O	15.25	A	-		
1515	29	O	15.25	T	-		
1515	30	O	15.25	G	-		
1515	31	O	15.25	T	-		
1515	32	O	15.25	G	-		
1515	33	O	15.25	C	-		
1515	34	O	15.25	G	-		
1515	35	O	15.25	C	-		
1515	36	O	15.25	G	-		
1515	37	O	15.25	A	-		
1515	38	O	15.25	T	-		
1515	39	O	15.25	G	-		
1515	40	O	15.25	A	-		
1515	41	O	15.25	C	-		
1515	42	O	15.25	G	-		
1515	43	O	15.25	T	-		
1515	44	O	15.25	G	-		
1515	45	O	15.25	C	-		
1515	46	O	15.25	T	-		
1515	47	O	15.25	G	-		
1515	48	O	15.25	G	-		
1515	49	O	15.25	T	-		
1515	50	O	15.25	G	-		
1515	51	O	15.25	C	-		
1515	52	O	15.25	G	-		
1515	53	O	15.25	C	-		
1515	54	O	15.25	A	-		
1515	55	O	15.25	T	-		
1515	56	O	15.25	G	-		
1515	57	O	15.25	C	-		
1515	58	O	15.25	G	-		
1515	59	O	15.25	C	-		
1515	60	O	15.25	G	-		
1515	61	O	15.25	C	-		
1515	62	O	15.25	G	-		
1515	63	O	15.25	T	-		
1515	64	O	15.25	T	-		
1515	65	O	15.25	C	-		
1515	66	O	15.25	G	-		
1515	67	O	15.25	C	-		
1515	68	O	15.25	C	-		
1515	69	O	15.25	G	-		
1515	70	O	15.25	A	-		
1515	71	O	15.25	T	-		
1515	72	O	15.25	G	-		
1515	73	O	15.25	C	-		
1515	74	O	15.25	G	-		
1515	75	O	15.25	G	-		
1515	76	O	15.25	C	-		
1515	77	O	15.25	C	-		
1515	78	O	15.25	G	-		
1515	79	O	15.25	A	-		
1515	80	O	15.25	G	-		
1515	81	O	15.25	G	-		
1515	82	O	15.25	C	-		
1515	83	O	15.25	G	-		
1515	84	O	15.25	G	-		
1515	85	O	15.25	C	-		
1515	86	O	15.25	C	-		
1515	87	O	15.25	G	-		
1515	88	O	15.25	A	-		
1515	89	O	15.25	C	-		
1515	90	O	15.25	A	-		
1515	91	O	15.25	T	-		
1515	92	O	15.25	C	-		
1515	93	O	15.25	A	-		
1515	94	O	15.25	T	-		
1515	95	O	15.25	C	-		
1515	96	O	15.25	C	-		
1515	97	O	15.25	T	-		
1515	98	O	15.25	C	-		
1515	99	O	15.25	C	-		
1515	100	O	15.25	T	-		
1515	101	O	15.25	G	-		
1515	102	O	15.25	C	-		
1515	103	O	15.25	A	-		
1515	104	O	15.25	C	-		
1515	105	O	15.25	G	-		
1515	106	O	15.25	A	-		
1515	107	O	15.25	G	-		
1515	108	O	15.25	A	-		
1515	109	O	15.25	A	-		
1516	0	O	5.55	G	-		
1516	1	O	5.55	C	-		
1516	2	O	5.55	C	-		
1516	3	O	5.55	G	-		
1516	4	O	5.55	A	-		
1516	5	O	5.55	G	-		
1516	6	O	5.55	T	-		
1516	7	O	5.55	G	-		
1516	8	O	5.55	C	-		
1516	9	O	5.55	G	-		
1516	10	O	5.55	A	-		
1516	11	O	5.55	A	-		
1516	12	O	5.55	T	-		
1516	13	O	5.55	T	-		
1516	14	O	5.55	T	-		
1516	15	O	5.55	T	-		
1516	16	O	5.55	T	-		
1516	17	O	5.55	C	-		
1516	18	O	5.55	C	-		
1516	19	O	5.55	T	-		
1516	20	O	5.55	T	-		
1516	21	O	5.55	C	-		
1516	22	O	5.55	A	-		
1516	23	O	5.55	C	-		
1516	24	O	5.55	G	-		
1516	25	O	5.55	T	-		
1516	26	O	5.55	C	-		
1516	27	O	5.55	G	-		
1516	28	O	5.55	T	-		
1516	29	O	5.55	C	-		
1516	30	O	5.55	T	-		
1516	31	O	5.55	C	-		
1516	32	O	5.55	T	-		
1516	33	O	5.55	A	-		
1516	34	O	5.55	C	-		
1516	35	O	5.55	A	-		
1516	36	O	5.55	C	-		
1516	37	O	5.55	C	-		
1516	38	O	5.55	A	-		
1516	39	O	5.55	T	-		
1516	40	O	5.55	C	-		
1516	41	O	5.55	G	-		
1516	42	O	5.55	C	-		
1516	43	O	5.55	C	-		
1516	44	O	5.55	C	-		
1516	45	O	5.55	G	-		
1516	46	O	5.55	C	-		
1516	47	O	5.55	C	-		
1516	48	O	5.55	C	-		
1516	49	O	5.55	G	-		
1516	50	O	5.55	C	-		
1516	51	O	5.55	C	-		
1516	52	O	5.55	C	-		
1516	53	O	5.55	G	-		
1516	54	O	5.55	G	-		
1516	55	O	5.55	C	-		
1516	56	O	5.55	A	-		
1516	57	O	5.55	A	-		
1516	58	O	5.55	C	-		
1516	59	O	5.55	T	-		
1516	60	O	5.55	A	-		
1516	61	O	5.55	A	-		
1516	62	O	5.55	A	-		
1516	63	O	5.55	A	-		
1516	64	O	5.55	C	-		
1516	65	O	5.55	G	-		
1516	66	O	5.55	A	-		
1516	67	O	5.55	T	-		
1516	68	O	5.55	C	-		
1516	69	O	5.55	G	-		
1516	70	O	5.55	G	-		
1516	71	O	5.55	C	-		
1516	72	O	5.55	C	-		
1516	73	O	5.55	A	-		
1516	74	O	5.55	G	-		
1516	75	O	5.55	C	-		
1516	76	O	5.55	C	-		
1516	77	O	5.55	C	-		
1516	78	O	5.55	G	-		
1516	79	O	5.55	C	-		
1516	80	O	5.55	G	-		
1516	81	O	5.55	G	-		
1516	82	O	5.55	C	-		
1516	83	O	5.55	G	-		
1516	84	O	5.55	C	-		
1516	85	O	5.55	C	-		
1516	86	O	5.55	A	-		
1516	87	O	5.55	T	-		
1516	88	O	5.55	T	-		
1516	89	O	5.55	A	-		
1516	90	O	5.55	C	-		
1516	91	O	5.55	C	-		
1516	92	O	5.55	T	-		
1516	93	O	5.55	C	-		
1516	94	O	5.55	A	-		
1516	95	O	5.55	C	-		
1516	96	O	5.55	A	-		
1516	97	O	5.55	G	-		
1516	98	O	5.55	A	-		
1516	99	O	5.55	G	-		
1516	100	O	5.55	T	-		
1516	101	O	5.55	G	-		
1516	102	O	5.55	C	-		
1516	103	O	5.55	C	-		
1516	104	O	5.55	T	-		
1516	105	O	5.55	G	-		
1516	106	O	5.55	C	-		
1516	107	O	5.55	C	-		
1516	108	O	5.55	C	-		
1516	109	O	5.55	C	-		
1517	0	O	18.02	A	-		
1517	1	O	18.02	G	-		
1517	2	O	18.02	G	-		
1517	3	O	18.02	G	-		
1517	4	O	18.02	A	-		
1517	5	O	18.02	C	-		
1517	6	O	18.02	A	-		
1517	7	O	18.02	T	-		
1517	8	O	18.02	G	-		
1517	9	O	18.02	A	-		
1517	10	O	18.02	T	-		
1517	11	O	18.02	C	-		
1517	12	O	18.02	A	-		
1517	13	O	18.02	C	-		
1517	14	O	18.02	C	-		
1517	15	O	18.02	A	-		
1517	16	O	18.02	G	-		
1517	17	O	18.02	A	-		
1517	18	O	18.02	C	-		
1517	19	O	18.02	A	-		
1517	20	O	18.02	C	-		
1517	21	O	18.02	A	-		
1517	22	O	18.02	T	-		
1517	23	O	18.02	G	-		
1517	24	O	18.02	C	-		
1517	25	O	18.02	G	-		
1517	26	O	18.02	G	-		
1517	27	O	18.02	A	-		
1517	28	O	18.02	C	-		
1517	29	O	18.02	C	-		
1517	30	O	18.02	C	-		
1517	31	O	18.02	A	-		
1517	32	O	18.02	C	-		
1517	33	O	18.02	A	-		
1517	34	O	18.02	G	-		
1517	35	O	18.02	C	-		
1517	36	O	18.02	A	-		
1517	37	O	18.02	A	-		
1517	38	O	18.02	C	-		
1517	39	O	18.02	A	-		
1517	40	O	18.02	C	-		
1517	41	O	18.02	C	-		
1517	42	O	18.02	C	-		
1517	43	O	18.02	T	-		
1517	44	O	18.02	C	-		
1517	45	O	18.02	G	-		
1517	46	O	8.77	G	-		
1517	47	O	18.02	C	-		
1517	48	O	18.02	G	-		
1517	49	O	18.02	G	-		
1517	50	O	18.02	C	-		
1517	51	O	18.02	T	-		
1517	52	O	18.02	C	-		
1517	53	O	18.02	C	-		
1517	54	O	18.02	A	-		
1517	55	O	8.77	G	-		
1517	56	O	18.02	C	-		
1517	57	O	18.02	A	-		
1517	58	O	18.02	A	-		
1517	59	O	18.02	C	-		
1517	60	O	18.02	A	-		
1517	61	O	18.02	A	-		
1517	62	O	18.02	T	-		
1517	63	O	18.02	C	-		
1517	64	O	18.02	A	-		
1517	65	O	18.02	C	-		
1517	66	O	18.02	C	-		
1517	67	O	18.02	A	-		
1517	68	O	18.02	G	-		
1517	69	O	18.02	C	-		
1517	70	O	18.02	C	-		
1517	71	O	18.02	A	-		
1517	72	O	18.02	A	-		
1517	73	O	18.02	C	-		
1517	74	O	18.02	C	-		
1517	75	O	18.02	G	-		
1517	76	O	18.02	G	-		
1517	77	O	18.02	C	-		
1517	78	O	18.02	C	-		
1517	79	O	18.02	G	-		
1517	80	O	18.02	A	-		
1517	81	O	18.02	C	-		
1517	82	O	18.02	T	-		
1517	83	O	8.77	A	-		
1517	84	O	18.02	G	-		
1517	85	O	18.02	C	-		
1517	86	O	18.02	C	-		
1517	87	O	18.02	C	-		
1517	88	O	18.02	C	-		
1517	89	O	18.02	C	-		
1517	90	O	18.02	A	-		
1517	91	O	18.02	G	-		
1517	92	O	18.02	T	-		
1517	93	O	18.02	G	-		
1517	94	O	18.02	C	-		
1517	95	O	18.02	T	-		
1517	96	O	18.02	C	-		
1517	97	O	18.02	A	-		
1517	98	O	18.02	G	-		
1517	99	O	18.02	G	-		
1517	100	O	18.02	T	-		
1517	101	O	18.02	G	-		
1517	102	O	18.02	A	-		
1517	103	O	18.02	C	-		
1517	104	O	18.02	C	-		
1517	105	O	18.02	C	-		
1517	106	O	18.02	T	-		
1517	107	O	18.02	C	-		
1517	108	O	18.02	C	-		
1517	109	O	18.02	T	-		
1518	0	O	18.02	C	-		
1518	1	O	18.02	G	-		
1518	2	O	18.02	C	-		
1518	3	O	18.02	A	-		
1518	4	O	18.02	G	-		
1518	5	O	18.02	C	-		
1518	6	O	18.02	G	-		
1518	7	O	18.02	C	-		
1518	8	O	18.02	G	-		
1518	9	O	18.02	C	-		
1518	10	O	18.02	G	-		
1518	11	O	18.02	C	-		
1518	12	O	18.02	A	-		
1518	13	O	18.02	G	-		
1518	14	O	18.02	T	-		
1518	15	O	18.02	C	-		
1518	16	O	18.02	C	-		
1518	17	O	18.02	A	-		
1518	18	O	18.02	G	-		
1518	19	O	18.02	T	-		
1518	20	O	18.02	G	-		
1518	21	O	18.02	A	-		
1518	22	O	18.02	T	-		
1518	23	O	18.02	C	-		
1518	24	O	18.02	T	-		
1518	25	O	18.02	C	-		
1518	26	O	18.02	T	-		
1518	27	O	18.02	C	-		
1518	28	O	18.02	T	-		
1518	29	O	18.02	C	-		
1518	30	O	18.02	A	-		
1518	31	O	18.02	C	-		
1518	32	O	18.02	T	-		
1518	33	O	18.02	C	-		
1518	34	O	18.02	T	-		
1518	35	O	18.02	C	-		
1518	36	O	18.02	T	-		
1518	37	O	18.02	C	-		
1518	38	O	18.02	A	-		
1518	39	O	18.02	G	-		
1518	40	O	18.02	G	-		
1518	41	O	18.02	C	-		
1518	42	O	18.02	A	-		
1518	43	O	18.02	C	-		
1518	44	O	18.02	C	-		
1518	45	O	18.02	C	-		
1518	46	O	18.02	A	-		
1518	47	O	18.02	A	-		
1518	48	O	18.02	A	-		
1518	49	O	18.02	G	-		
1518	50	O	18.02	G	-		
1518	51	O	18.02	T	-		
1518	52	O	18.02	T	-		
1518	53	O	18.02	G	-		
1518	54	O	18.02	T	-		
1518	55	O	18.02	G	-		
1518	56	O	18.02	G	-		
1518	57	O	18.02	A	-		
1518	58	O	18.02	T	-		
1518	59	O	18.02	T	-		
1518	60	O	18.02	G	-		
1518	61	O	18.02	T	-		
1518	62	O	18.02	A	-		
1518	63	O	18.02	G	-		
1518	64	O	18.02	T	-		
1518	65	O	18.02	C	-		
1518	66	O	18.02	G	-		
1518	67	O	18.02	C	-		
1518	68	O	18.02	A	-		
1518	69	O	18.02	T	-		
1518	70	O	18.02	C	-		
1518	71	O	18.02	G	-		
1518	72	O	18.02	G	-		
1518	73	O	18.02	C	-		
1518	74	O	18.02	A	-		
1518	75	O	18.02	C	-		
1518	76	O	18.02	T	-		
1518	77	O	18.02	T	-		
1518	78	O	18.02	G	-		
1518	79	O	18.02	T	-		
1518	80	O	18.02	A	-		
1518	81	O	18.02	T	-		
1518	82	O	18.02	T	-		
1518	83	O	18.02	T	-		
1518	84	O	18.02	G	-		
1518	85	O	18.02	C	-		
1518	86	O	18.02	T	-		
1518	87	O	18.02	C	-		
1518	88	O	18.02	T	-		
1518	89	O	18.02	C	-		
1518	90	O	18.02	G	-		
1518	91	O	18.02	T	-		
1518	92	O	18.02	T	-		
1518	93	O	18.02	A	-		
1518	94	O	18.02	C	-		
1518	95	O	18.02	T	-		
1518	96	O	18.02	C	-		
1518	97	O	18.02	T	-		
1518	98	O	18.02	G	-		
1518	99	O	18.02	T	-		
1518	100	O	18.02	A	-		
1518	101	O	18.02	C	-		
1518	102	O	18.02	T	-		
1518	103	O	18.02	C	-		
1518	104	O	18.02	G	-		
1518	105	O	18.02	T	-		
1518	106	O	18.02	A	-		
1518	107	O	18.02	T	-		
1518	108	O	18.02	C	-		
1518	109	O	18.02	T	-		
1519	0	O	13.86	C	-		
1519	1	O	13.86	G	-		
1519	2	O	13.86	G	-		
1519	3	O	13.86	A	-		
1519	4	O	13.86	G	-		
1519	5	O	13.86	C	-		
1519	6	O	13.86	T	-		
1519	7	O	13.86	G	-		
1519	8	O	13.86	A	-		
1519	9	O	13.86	C	-		
1519	10	O	13.86	A	-		
1519	11	O	13.86	T	-		
1519	12	O	13.86	C	-		
1519	13	O	13.86	C	-		
1519	14	O	13.86	C	-		
1519	15	O	13.86	C	-		
1519	16	O	13.86	T	-		
1519	17	O	13.86	T	-		
1519	18	O	13.86	C	-		
1519	19	O	13.86	A	-		
1519	20	O	13.86	A	-		
1519	21	O	13.86	C	-		
1519	22	O	13.86	T	-		
1519	23	O	13.86	T	-		
1519	24	O	13.86	C	-		
1519	25	O	13.86	C	-		
1519	26	O	13.86	G	-		
1519	27	O	13.86	C	-		
1519	28	O	13.86	C	-		
1519	29	O	13.86	A	-		
1519	30	O	13.86	A	-		
1519	31	O	13.86	A	-		
1519	32	O	13.86	T	-		
1519	33	O	13.86	C	-		
1519	34	O	13.86	C	-		
1519	35	O	13.86	T	-		
1519	36	O	13.86	C	-		
1519	37	O	13.86	A	-		
1519	38	O	13.86	C	-		
1519	39	O	13.86	A	-		
1519	40	O	13.86	C	-		
1519	41	O	13.86	C	-		
1519	42	O	13.86	C	-		
1519	43	O	13.86	C	-		
1519	44	O	13.86	A	-		
1519	45	O	13.86	C	-		
1519	46	O	13.86	C	-		
1519	47	O	13.86	C	-		
1519	48	O	13.86	C	-		
1519	49	O	13.86	A	-		
1519	50	O	13.86	G	-		
1519	51	O	13.86	C	-		
1519	52	O	13.86	C	-		
1519	53	O	13.86	G	-		
1519	54	O	13.86	C	-		
1519	55	O	13.86	A	-		
1519	56	O	13.86	C	-		
1519	57	O	13.86	A	-		
1519	58	O	13.86	A	-		
1519	59	O	13.86	T	-		
1519	60	O	13.86	C	-		
1519	61	O	13.86	G	-		
1519	62	O	13.86	A	-		
1519	63	O	13.86	G	-		
1519	64	O	13.86	A	-		
1519	65	O	13.86	T	-		
1519	66	O	13.86	C	-		
1519	67	O	13.86	A	-		
1519	68	O	13.86	G	-		
1519	69	O	13.86	C	-		
1519	70	O	13.86	G	-		
1519	71	O	13.86	A	-		
1519	72	O	13.86	A	-		
1519	73	O	13.86	G	-		
1519	74	O	13.86	A	-		
1519	75	O	13.86	A	-		
1519	76	O	13.86	G	-		
1519	77	O	13.86	G	-		
1519	78	O	13.86	T	-		
1519	79	O	13.86	C	-		
1519	80	O	13.86	A	-		
1519	81	O	13.86	A	-		
1519	82	O	13.86	A	-		
1519	83	O	13.86	C	-		
1519	84	O	13.86	G	-		
1519	85	O	13.86	C	-		
1519	86	O	13.86	T	-		
1519	87	O	13.86	C	-		
1519	88	O	13.86	T	-		
1519	89	O	13.86	C	-		
1519	90	O	13.86	G	-		
1519	91	O	13.86	G	-		
1519	92	O	13.86	A	-		
1519	93	O	13.86	C	-		
1519	94	O	13.86	G	-		
1519	95	O	13.86	T	-		
1519	96	O	13.86	C	-		
1519	97	O	13.86	G	-		
1519	98	O	13.86	G	-		
1519	99	O	13.86	C	-		
1519	100	O	13.86	C	-		
1519	101	O	13.86	T	-		
1519	102	O	13.86	C	-		
1519	103	O	13.86	A	-		
1519	104	O	13.86	T	-		
1519	105	O	13.86	G	-		
1519	106	O	13.86	C	-		
1519	107	O	13.86	C	-		
1519	108	O	13.86	T	-		
1519	109	O	13.86	A	-		
1520	0	O	11.09	A	-		
1520	1	O	11.09	G	-		
1520	2	O	11.09	T	-		
1520	3	O	11.09	T	-		
1520	4	O	11.09	G	-		
1520	5	O	11.09	C	-		
1520	6	O	11.09	C	-		
1520	7	O	11.09	T	-		
1520	8	O	11.09	G	-		
1520	9	O	11.09	A	-		
1520	10	O	11.09	A	-		
1520	11	O	11.09	G	-		
1520	12	O	11.09	T	-		
1520	13	O	11.09	G	-		
1520	14	O	11.09	G	-		
1520	15	O	11.09	A	-		
1520	16	O	11.09	G	-		
1520	17	O	11.09	G	-		
1520	18	O	11.09	T	-		
1520	19	O	11.09	G	-		
1520	20	O	11.09	C	-		
1520	21	O	11.09	C	-		
1520	22	O	11.09	T	-		
1520	23	O	11.09	A	-		
1520	24	O	11.09	T	-		
1520	25	O	11.09	G	-		
1520	26	O	11.09	G	-		
1520	27	O	11.09	A	-		
1520	28	O	11.09	T	-		
1520	29	O	11.09	G	-		
1520	30	O	11.09	A	-		
1520	31	O	11.09	T	-		
1520	32	O	11.09	G	-		
1520	33	O	11.09	A	-		
1520	34	O	11.09	G	-		
1520	35	O	11.09	C	-		
1520	36	O	11.09	C	-		
1520	37	O	11.09	T	-		
1520	38	O	11.09	G	-		
1520	39	O	11.09	T	-		
1520	40	O	11.09	T	-		
1520	41	O	11.09	G	-		
1520	42	O	11.09	A	-		
1520	43	O	11.09	G	-		
1520	44	O	11.09	G	-		
1520	45	O	11.09	A	-		
1520	46	O	11.09	G	-		
1520	47	O	11.09	G	-		
1520	48	U	2.86	A	G		
1520	49	O	11.09	A	-		
1520	50	O	11.09	C	-		
1520	51	O	11.09	C	-		
1520	52	O	11.09	T	-		
1520	53	O	11.09	A	-		
1520	54	O	11.09	T	-		
1520	55	O	11.09	G	-		
1520	56	O	11.09	G	-		
1520	57	O	11.09	A	-		
1520	58	O	11.09	T	-		
1520	59	O	11.09	G	-		
1520	60	O	11.09	A	-		
1520	61	O	11.09	A	-		
1520	62	O	11.09	A	-		
1520	63	O	11.09	A	-		
1520	64	O	11.09	T	-		
1520	65	O	11.09	T	-		
1520	66	O	11.09	C	-		
1520	67	O	11.09	A	-		
1520	68	O	11.09	G	-		
1520	69	O	11.09	T	-		
1520	70	O	11.09	T	-		
1520	71	O	11.09	T	-		
1520	72	O	11.09	A	-		
1520	73	O	11.09	T	-		
1520	74	O	11.09	G	-		
1520	75	O	11.09	G	-		
1520	76	O	11.09	A	-		
1520	77	O	11.09	G	-		
1520	78	O	11.09	G	-		
1520	79	O	11.09	G	-		
1520	80	O	11.09	A	-		
1520	81	O	11.09	C	-		
1520	82	O	11.09	T	-		
1520	83	O	11.09	G	-		
1520	84	O	11.09	A	-		
1520	85	O	11.09	G	-		
1520	86	O	11.09	G	-		
1520	87	O	11.09	A	-		
1520	88	O	11.09	T	-		
1520	89	O	11.09	G	-		
1520	90	O	11.09	A	-		
1520	91	O	11.09	C	-		
1520	92	O	11.09	A	-		
1520	93	O	11.09	A	-		
1520	94	O	11.09	T	-		
1520	95	O	11.09	C	-		
1520	96	O	11.09	C	-		
1520	97	O	11.09	G	-		
1520	98	O	11.09	G	-		
1520	99	O	11.09	C	-		
1520	100	O	11.09	T	-		
1520	101	O	11.09	A	-		
1520	102	O	11.09	A	-		
1520	103	O	11.09	T	-		
1520	104	O	11.09	G	-		
1520	105	O	11.09	G	-		
1520	106	O	11.09	A	-		
1520	107	O	11.09	G	-		
1520	108	O	11.09	A	-		
1520	109	O	11.09	T	-		
1521	0	O	8.32	C	-		
1521	1	O	8.32	A	-		
1521	2	O	8.32	G	-		
1521	3	O	8.32	A	-		
1521	4	O	8.32	G	-		
1521	5	O	8.32	G	-		
1521	6	O	8.32	G	-		
1521	7	O	8.32	A	-		
1521	8	O	8.32	C	-		
1521	9	O	8.32	A	-		
1521	10	O	8.32	A	-		
1521	11	O	8.32	C	-		
1521	12	O	8.32	A	-		
1521	13	O	8.32	C	-		
1521	14	O	8.32	A	-		
1521	15	O	8.32	C	-		
1521	16	O	8.32	A	-		
1521	17	O	8.32	G	-		
1521	18	O	8.32	A	-		
1521	19	O	8.32	G	-		
1521	20	O	8.32	A	-		
1521	21	O	8.32	G	-		
1521	22	O	8.32	C	-		
1521	23	O	8.32	G	-		
1521	24	O	8.32	C	-		
1521	25	O	8.32	T	-		
1521	26	O	8.32	A	-		
1521	27	O	8.32	G	-		
1521	28	O	8.32	C	-		
1521	29	O	8.32	G	-		
1521	30	O	8.32	T	-		
1521	31	O	8.32	T	-		
1521	32	O	8.32	G	-		
1521	33	O	8.32	G	-		
1521	34	O	8.32	C	-		
1521	35	O	8.32	G	-		
1521	36	O	8.32	A	-		
1521	37	O	8.32	A	-		
1521	38	O	8.32	C	-		
1521	39	O	8.32	G	-		
1521	40	O	8.32	C	-		
1521	41	O	8.32	A	-		
1521	42	O	8.32	A	-		
1521	43	O	8.32	A	-		
1521	44	O	8.32	C	-		
1521	45	O	8.32	A	-		
1521	46	O	8.32	C	-		
1521	47	O	8.32	A	-		
1521	48	O	8.32	C	-		
1521	49	O	8.32	T	-		
1521	50	O	8.32	C	-		
1521	51	O	8.32	G	-		
1521	52	O	8.32	C	-		
1521	53	O	8.32	A	-		
1521	54	O	8.32	C	-		
1521	55	O	8.32	A	-		
1521	56	O	8.32	C	-		
1521	57	O	8.32	A	-		
1521	58	O	8.32	C	-		
1521	59	O	8.32	T	-		
1521	60	O	8.32	G	-		
1521	61	O	8.32	A	-		
1521	62	O	8.32	C	-		
1521	63	O	8.32	A	-		
1521	64	O	8.32	C	-		
1521	65	O	8.32	T	-		
1521	66	O	8.32	G	-		
1521	67	O	8.32	A	-		
1521	68	O	8.32	G	-		
1521	69	O	8.32	T	-		
1521	70	O	8.32	C	-		
1521	71	O	8.32	G	-		
1521	72	O	8.32	C	-		
1521	73	U	0.71	T	C		
1521	74	O	8.32	C	-		
1521	75	O	8.32	G	-		
1521	76	O	8.32	C	-		
1521	77	O	8.32	T	-		
1521	78	O	8.32	T	-		
1521	79	O	8.32	G	-		
1521	80	O	8.32	C	-		
1521	81	O	8.32	T	-		
1521	82	O	8.32	C	-		
1521	83	O	8.32	A	-		
1521	84	O	8.32	G	-		
1521	85	O	8.32	T	-		
1521	86	O	8.32	C	-		
1521	87	O	8.32	A	-		
1521	88	O	8.32	C	-		
1521	89	O	8.32	T	-		
1521	90	O	8.32	C	-		
1521	91	O	8.32	T	-		
1521	92	O	8.32	A	-		
1521	93	O	8.32	T	-		
1521	94	O	8.32	C	-		
1521	95	O	8.32	G	-		
1521	96	O	8.32	C	-		
1521	97	O	8.32	C	-		
1521	98	O	8.32	C	-		
1521	99	O	8.32	A	-		
1521	100	O	8.32	A	-		
1521	101	O	8.32	T	-		
1521	102	O	8.32	C	-		
1521	103	O	8.32	G	-		
1521	104	O	8.32	G	-		
1521	105	O	8.32	C	-		
1521	106	O	8.32	C	-		
1521	107	O	8.32	A	-		
1521	108	O	8.32	G	-		
1521	109	O	8.32	T	-		
1522	0	O	11.09	G	-		
1522	1	O	11.09	T	-		
1522	2	O	11.09	C	-		
1522	3	O	11.09	T	-		
1522	4	O	11.09	G	-		
1522	5	O	11.09	G	-		
1522	6	O	11.09	A	-		
1522	7	O	11.09	G	-		
1522	8	O	11.09	T	-		
1522	9	O	11.09	G	-		
1522	10	O	11.09	A	-		
1522	11	O	11.09	A	-		
1522	12	O	11.09	G	-		
1522	13	O	11.09	G	-		
1522	14	O	11.09	A	-		
1522	15	U	2.86	T	G		
1522	16	O	11.09	A	-		
1522	17	O	11.09	G	-		
1522	18	O	11.09	G	-		
1522	19	O	11.09	A	-		
1522	20	O	11.09	A	-		
1522	21	O	11.09	G	-		
1522	22	O	11.09	C	-		
1522	23	O	11.09	G	-		
1522	24	O	11.09	T	-		
1522	25	O	11.09	C	-		
1522	26	O	11.09	G	-		
1522	27	O	11.09	G	-		
1522	28	O	11.09	G	-		
1522	29	O	11.09	A	-		
1522	30	O	11.09	G	-		
1522	31	O	11.09	A	-		
1522	32	O	11.09	T	-		
1522	33	O	11.09	T	-		
1522	34	O	11.09	C	-		
1522	35	U	2.86	A	T		
1522	36	O	11.09	T	-		
1522	37	O	11.09	G	-		
1522	38	O	11.09	T	-		
1522	39	O	11.09	A	-		
1522	40	O	11.09	G	-		
1522	41	U	2.86	T	C		
1522	42	O	11.09	G	-		
1522	43	O	11.09	G	-		
1522	44	O	11.09	G	-		
1522	45	O	11.09	G	-		
1522	46	O	11.09	A	-		
1522	47	O	11.09	G	-		
1522	48	O	11.09	T	-		
1522	49	O	11.09	G	-		
1522	50	O	11.09	A	-		
1522	51	O	11.09	G	-		
1522	52	O	11.09	A	-		
1522	53	O	11.09	C	-		
1522	54	U	2.86	C	G		
1522	55	O	11.09	C	-		
1522	56	O	11.09	A	-		
1522	57	O	11.09	G	-		
1522	58	O	11.09	A	-		
1522	59	O	11.09	G	-		
1522	60	O	11.09	G	-		
1522	61	O	11.09	C	-		
1522	62	O	11.09	G	-		
1522	63	O	11.09	T	-		
1522	64	O	11.09	G	-		
1522	65	O	11.09	A	-		
1522	66	O	11.09	A	-		
1522	67	O	11.09	G	-		
1522	68	O	11.09	C	-		
1522	69	O	11.09	A	-		
1522	70	O	11.09	G	-		
1522	71	O	11.09	T	-		
1522	72	O	11.09	C	-		
1522	73	O	11.09	A	-		
1522	74	O	11.09	G	-		
1522	75	O	11.09	C	-		
1522	76	O	11.09	A	-		
1522	77	O	11.09	G	-		
1522	78	O	11.09	C	-		
1522	79	O	11.09	C	-		
1522	80	O	11.09	A	-		
1522	81	O	11.09	A	-		
1522	82	O	11.09	C	-		
1522	83	O	11.09	G	-		
1522	84	O	11.09	A	-		
1522	85	O	11.09	C	-		
1522	86	O	11.09	A	-		
1522	87	O	11.09	T	-		
1522	88	O	11.09	G	-		
1522	89	O	11.09	G	-		
1522	90	O	11.09	C	-		
1522	91	O	11.09	C	-		
1522	92	O	11.09	A	-		
1522	93	O	11.09	C	-		
1522	94	O	11.09	G	-		
1522	95	O	11.09	A	-		
1522	96	O	11.09	G	-		
1522	97	O	11.09	C	-		
1522	98	O	11.09	G	-		
1522	99	O	11.09	A	-		
1522	100	O	11.09	C	-		
1522	101	O	11.09	G	-		
1522	102	O	11.09	T	-		
1522	103	O	11.09	C	-		
1522	104	O	11.09	C	-		
1522	105	O	11.09	A	-		
1522	106	O	11.09	T	-		
1522	107	O	11.09	A	-		
1522	108	O	11.09	G	-		
1522	109	O	11.09	G	-		
1523	0	O	5.55	T	-		
1523	1	O	5.55	T	-		
1523	2	O	5.55	C	-		
1523	3	O	5.55	G	-		
1523	4	O	5.55	T	-		
1523	5	O	5.55	G	-		
1523	6	O	5.55	T	-		
1523	7	O	5.55	T	-		
1523	8	O	5.55	C	-		
1523	9	O	5.55	A	-		
1523	10	O	5.55	T	-		
1523	11	O	5.55	T	-		
1523	12	O	5.55	C	-		
1523	13	O	5.55	C	-		
1523	14	O	5.55	C	-		
1523	15	O	5.55	A	-		
1523	16	O	5.55	T	-		
1523	17	O	5.55	C	-		
1523	18	O	5.55	G	-		
1523	19	O	5.55	A	-		
1523	20	O	5.55	C	-		
1523	21	O	5.55	G	-		
1523	22	O	5.55	C	-		
1523	23	O	5.55	T	-		
1523	24	O	5.55	C	-		
1523	25	O	5.55	A	-		
1523	26	O	5.55	C	-		
1523	27	O	5.55	G	-		
1523	28	O	5.55	G	-		
1523	29	O	5.55	A	-		
1523	30	O	5.55	C	-		
1523	31	O	5.55	A	-		
1523	32	O	5.55	C	-		
1523	33	O	5.55	G	-		
1523	34	O	5.55	T	-		
1523	35	O	5.55	A	-		
1523	36	O	5.55	A	-		
1523	37	O	5.55	A	-		
1523	38	O	5.55	C	-		
1523	39	O	5.55	G	-		
1523	40	O	5.55	C	-		
1523	41	O	5.55	C	-		
1523	42	O	5.55	A	-		
1523	43	O	5.55	T	-		
1523	44	O	5.55	G	-		
1523	45	O	5.55	A	-		
1523	46	O	5.55	T	-		
1523	47	O	5.55	C	-		
1523	48	O	5.55	G	-		
1523	49	O	5.55	G	-		
1523	50	O	5.55	T	-		
1523	51	O	5.55	T	-		
1523	52	O	5.55	T	-		
1523	53	O	5.55	G	-		
1523	54	O	5.55	G	-		
1523	55	O	5.55	C	-		
1523	56	O	5.55	C	-		
1523	57	O	5.55	G	-		
1523	58	O	5.55	A	-		
1523	59	O	5.55	C	-		
1523	60	O	5.55	C	-		
1523	61	O	5.55	A	-		
1523	62	O	5.55	G	-		
1523	63	O	5.55	C	-		
1523	64	O	5.55	T	-		
1523	65	O	5.55	T	-		
1523	66	O	5.55	C	-		
1523	67	O	5.55	G	-		
1523	68	O	5.55	C	-		
1523	69	O	5.55	G	-		
1523	70	O	5.55	C	-		
1523	71	O	5.55	G	-		
1523	72	O	5.55	C	-		
1523	73	O	5.55	G	-		
1523	74	O	5.55	C	-		
1523	75	O	5.55	A	-		
1523	76	O	5.55	A	-		
1523	77	O	5.55	C	-		
1523	78	O	5.55	C	-		
1523	79	O	5.55	A	-		
1523	80	O	5.55	C	-		
1523	81	O	5.55	C	-		
1523	82	O	5.55	G	-		
1523	83	O	5.55	G	-		
1523	84	O	5.55	A	-		
1523	85	O	5.55	C	-		
1523	86	O	5.55	T	-		
1523	87	O	5.55	G	-		
1523	88	O	5.55	T	-		
1523	89	O	5.55	C	-		
1523	90	O	5.55	T	-		
1523	91	O	5.55	T	-		
1523	92	O	5.55	T	-		
1523	93	O	5.55	G	-		
1523	94	O	5.55	T	-		
1523	95	O	5.55	C	-		
1523	96	O	5.55	T	-		
1523	97	O	5.55	G	-		
1523	98	O	5.55	C	-		
1523	99	O	5.55	A	-		
1523	100	O	5.55	A	-		
1523	101	O	5.55	C	-		
1523	102	O	5.55	G	-		
1523	103	O	5.55	A	-		
1523	104	O	5.55	C	-		
1523	105	O	5.55	A	-		
1523	106	O	5.55	A	-		
1523	107	O	5.55	C	-		
1523	108	O	5.55	C	-		
1523	109	O	5.55	A	-		
1524	0	O	9.70	C	-		
1524	1	O	9.70	A	-		
1524	2	O	9.70	C	-		
1524	3	O	9.70	A	-		
1524	4	O	9.70	C	-		
1524	5	O	9.70	G	-		
1524	6	O	9.70	C	-		
1524	7	O	9.70	G	-		
1524	8	O	9.70	T	-		
1524	9	O	9.70	G	-		
1524	10	O	9.70	A	-		
1524	11	O	9.70	A	-		
1524	12	O	9.70	A	-		
1524	13	O	9.70	A	-		
1524	14	O	9.70	A	-		
1524	15	O	9.70	G	-		
1524	16	O	9.70	A	-		
1524	17	O	9.70	A	-		
1524	18	O	9.70	A	-		
1524	19	O	9.70	A	-		
1524	20	O	9.70	T	-		
1524	21	O	9.70	G	-		
1524	22	O	9.70	C	-		
1524	23	O	9.70	T	-		
1524	24	O	9.70	C	-		
1524	25	O	9.70	T	-		
1524	26	O	9.70	T	-		
1524	27	O	9.70	C	-		
1524	28	O	9.70	C	-		
1524	29	O	9.70	A	-		
1524	30	O	9.70	G	-		
1524	31	O	9.70	T	-		
1524	32	O	9.70	T	-		
1524	33	O	9.70	C	-		
1524	34	O	9.70	C	-		
1524	35	O	9.70	C	-		
1524	36	O	9.70	A	-		
1524	37	O	9.70	C	-		
1524	38	O	9.70	A	-		
1524	39	O	9.70	T	-		
1524	40	O	9.70	A	-		
1524	41	O	9.70	A	-		
1524	42	O	9.70	T	-		
1524	43	O	9.70	C	-		
1524	44	O	9.70	C	-		
1524	45	O	9.70	A	-		
1524	46	O	9.70	G	-		
1524	47	O	9.70	A	-		
1524	48	O	9.70	T	-		
1524	49	O	9.70	A	-		
1524	50	O	9.70	T	-		
1524	51	O	9.70	C	-		
1524	52	O	9.70	A	-		
1524	53	O	9.70	A	-		
1524	54	O	9.70	T	-		
1524	55	O	9.70	T	-		
1524	56	O	9.70	A	-		
1524	57	O	9.70	G	-		
1524	58	O	9.70	T	-		
1524	59	O	9.70	A	-		
1524	60	O	9.70	C	-		
1524	61	O	9.70	T	-		
1524	62	O	9.70	C	-		
1524	63	O	9.70	C	-		
1524	64	O	9.70	A	-		
1524	65	O	9.70	G	-		
1524	66	O	9.70	T	-		
1524	67	O	9.70	A	-		
1524	68	O	9.70	C	-		
1524	69	O	9.70	A	-		
1524	70	O	9.70	C	-		
1524	71	O	9.70	G	-		
1524	72	O	9.70	T	-		
1524	73	O	9.70	A	-		
1524	74	O	9.70	C	-		
1524	75	O	9.70	T	-		
1524	76	O	9.70	A	-		
1524	77	O	9.70	C	-		
1524	78	O	9.70	A	-		
1524	79	O	9.70	T	-		
1524	80	O	9.70	A	-		
1524	81	O	9.70	A	-		
1524	82	O	9.70	A	-		
1524	83	O	9.70	G	-		
1524	84	O	9.70	A	-		
1524	85	O	9.70	C	-		
1524	86	O	9.70	C	-		
1524	87	O	9.70	T	-		
1524	88	O	9.70	G	-		
1524	89	O	9.70	C	-		
1524	90	O	9.70	A	-		
1524	91	O	9.70	T	-		
1524	92	O	9.70	A	-		
1524	93	O	9.70	G	-		
1524	94	O	9.70	G	-		
1524	95	O	9.70	A	-		
1524	96	O	9.70	A	-		
1524	97	O	9.70	T	-		
1524	98	O	9.70	A	-		
1524	99	O	9.70	T	-		
1524	100	O	9.70	T	-		
1524	101	O	9.70	G	-		
1524	102	O	9.70	A	-		
1524	103	O	9.70	A	-		
1524	104	O	9.70	G	-		
1524	105	O	9.70	A	-		
1524	106	O	9.70	T	-		
1524	107	O	9.70	G	-		
1524	108	O	9.70	A	-		
1524	109	O	9.70	A	-		
1525	0	O	6.93	T	-		
1525	1	O	6.93	T	-		
1525	2	O	6.93	A	-		
1525	3	O	6.93	A	-		
1525	4	O	6.93	T	-		
1525	5	O	6.93	T	-		
1525	6	O	6.93	G	-		
1525	7	O	6.93	G	-		
1525	8	O	6.93	G	-		
1525	9	O	6.93	G	-		
1525	10	O	6.93	G	-		
1525	11	O	6.93	G	-		
1525	12	O	6.93	C	-		
1525	13	O	6.93	C	-		
1525	14	O	6.93	A	-		
1525	15	O	6.93	A	-		
1525	16	O	6.93	G	-		
1525	17	O	6.93	A	-		
1525	18	O	6.93	G	-		
1525	19	O	6.93	G	-		
1525	20	O	6.93	G	-		
1525	21	O	6.93	G	-		
1525	22	O	6.93	T	-		
1525	23	O	6.93	T	-		
1525	24	O	6.93	A	-		
1525	25	O	6.93	A	-		
1525	26	O	6.93	T	-		
1525	27	O	6.93	C	-		
1525	28	O	6.93	A	-		
1525	29	O	6.93	C	-		
1525	30	O	6.93	C	-		
1525	31	O	6.93	T	-		
1525	32	O	6.93	G	-		
1525	33	O	6.93	T	-		
1525	34	O	6.93	C	-		
1525	35	O	6.93	G	-		
1525	36	O	6.93	G	-		
1525	37	O	6.93	C	-		
1525	38	O	6.93	G	-		
1525	39	O	6.93	C	-		
1525	40	O	6.93	C	-		
1525	41	O	6.93	T	-		
1525	42	O	6.93	A	-		
1525	43	O	6.93	A	-		
1525	44	O	6.93	T	-		
1525	45	O	6.93	T	-		
1525	46	O	6.93	G	-		
1525	47	O	6.93	G	-		
1525	48	O	6.93	G	-		
1525	49	O	6.93	G	-		
1525	50	O	6.93	C	-		
1525	51	O	6.93	G	-		
1525	52	O	6.93	G	-		
1525	53	O	6.93	A	-		
1525	54	O	6.93	C	-		
1525	55	O	6.93	A	-		
1525	56	O	6.93	A	-		
1525	57	O	6.93	G	-		
1525	58	O	6.93	C	-		
1525	59	O	6.93	G	-		
1525	60	O	6.93	G	-		
1525	61	O	6.93	A	-		
1525	62	O	6.93	T	-		
1525	63	O	6.93	G	-		
1525	64	O	6.93	C	-		
1525	65	O	6.93	T	-		
1525	66	O	6.93	G	-		
1525	67	O	6.93	A	-		
1525	68	O	6.93	T	-		
1525	69	O	6.93	G	-		
1525	70	O	6.93	T	-		
1525	71	O	6.93	A	-		
1525	72	O	6.93	C	-		
1525	73	O	6.93	C	-		
1525	74	O	6.93	T	-		
1525	75	O	6.93	A	-		
1525	76	O	6.93	C	-		
1525	77	O	6.93	C	-		
1525	78	O	6.93	C	-		
1525	79	O	6.93	A	-		
1525	80	O	6.93	A	-		
1525	81	O	6.93	G	-		
1525	82	O	6.93	G	-		
1525	83	O	6.93	T	-		
1525	84	O	6.93	C	-		
1525	85	O	6.93	G	-		
1525	86	O	6.93	T	-		
1525	87	O	6.93	G	-		
1525	88	O	6.93	C	-		
1525	89	O	6.93	A	-		
1525	90	O	6.93	G	-		
1525	91	O	6.93	A	-		
1525	92	O	6.93	A	-		
1525	93	O	6.93	T	-		
1525	94	O	6.93	G	-		
1525	95	O	6.93	T	-		
1525	96	O	6.93	T	-		
1525	97	O	6.93	C	-		
1525	98	O	6.93	G	-		
1525	99	O	6.93	C	-		
1525	100	O	6.93	C	-		
1525	101	O	6.93	T	-		
1525	102	O	6.93	T	-		
1525	103	O	6.93	C	-		
1525	104	O	6.93	G	-		
1525	105	O	6.93	A	-		
1525	106	O	6.93	G	-		
1525	107	O	6.93	T	-		
1525	108	O	6.93	A	-		
1525	109	O	6.93	G	-		
1526	0	O	6.93	T	-		
1526	1	O	6.93	A	-		
1526	2	O	6.93	A	-		
1526	3	O	6.93	G	-		
1526	4	O	6.93	G	-		
1526	5	O	6.93	C	-		
1526	6	O	6.93	G	-		
1526	7	O	6.93	A	-		
1526	8	O	6.93	A	-		
1526	9	O	6.93	T	-		
1526	10	O	6.93	T	-		
1526	11	O	6.93	C	-		
1526	12	O	6.93	T	-		
1526	13	O	6.93	G	-		
1526	14	O	6.93	A	-		
1526	15	O	6.93	C	-		
1526	16	O	6.93	G	-		
1526	17	O	6.93	G	-		
1526	18	O	6.93	C	-		
1526	19	O	6.93	G	-		
1526	20	O	6.93	A	-		
1526	21	O	6.93	G	-		
1526	22	O	6.93	G	-		
1526	23	O	6.93	C	-		
1526	24	O	6.93	A	-		
1526	25	O	6.93	G	-		
1526	26	O	6.93	T	-		
1526	27	O	6.93	C	-		
1526	28	O	6.93	T	-		
1526	29	O	6.93	G	-		
1526	30	O	6.93	G	-		
1526	31	O	6.93	C	-		
1526	32	O	6.93	T	-		
1526	33	O	6.93	G	-		
1526	34	O	6.93	G	-		
1526	35	O	6.93	A	-		
1526	36	O	6.93	T	-		
1526	37	O	6.93	G	-		
1526	38	O	6.93	T	-		
1526	39	O	6.93	T	-		
1526	40	O	6.93	T	-		
1526	41	O	6.93	C	-		
1526	42	O	6.93	T	-		
1526	43	O	6.93	G	-		
1526	44	O	6.93	A	-		
1526	45	O	6.93	G	-		
1526	46	O	6.93	G	-		
1526	47	O	6.93	T	-		
1526	48	O	6.93	T	-		
1526	49	O	6.93	T	-		
1526	50	O	6.93	C	-		
1526	51	O	6.93	G	-		
1526	52	O	6.93	T	-		
1526	53	O	6.93	C	-		
1526	54	O	6.93	C	-		
1526	55	O	6.93	T	-		
1526	56	O	6.93	G	-		
1526	57	O	6.93	G	-		
1526	58	O	6.93	C	-		
1526	59	O	6.93	C	-		
1526	60	O	6.93	C	-		
1526	61	O	6.93	A	-		
1526	62	O	6.93	T	-		
1526	63	O	6.93	C	-		
1526	64	O	6.93	A	-		
1526	65	O	6.93	G	-		
1526	66	O	6.93	A	-		
1526	67	O	6.93	T	-		
1526	68	O	6.93	C	-		
1526	69	O	6.93	G	-		
1526	70	O	6.93	G	-		
1526	71	O	6.93	G	-		
1526	72	O	6.93	A	-		
1526	73	O	6.93	T	-		
1526	74	O	6.93	T	-		
1526	75	O	6.93	G	-		
1526	76	O	6.93	T	-		
1526	77	O	6.93	T	-		
1526	78	O	6.93	G	-		
1526	79	O	6.93	C	-		
1526	80	O	6.93	C	-		
1526	81	O	6.93	A	-		
1526	82	O	6.93	T	-		
1526	83	O	6.93	G	-		
1526	84	O	6.93	T	-		
1526	85	O	6.93	T	-		
1526	86	O	6.93	G	-		
1526	87	O	6.93	G	-		
1526	88	O	6.93	T	-		
1526	89	O	6.93	T	-		
1526	90	O	6.93	G	-		
1526	91	O	6.93	G	-		
1526	92	O	6.93	C	-		
1526	93	O	6.93	C	-		
1526	94	O	6.93	T	-		
1526	95	O	6.93	G	-		
1526	96	O	6.93	G	-		
1526	97	O	6.93	T	-		
1526	98	O	6.93	G	-		
1526	99	O	6.93	T	-		
1526	100	O	6.93	T	-		
1526	101	O	6.93	G	-		
1526	102	O	6.93	C	-		
1526	103	O	6.93	T	-		
1526	104	O	6.93	G	-		
1526	105	O	6.93	G	-		
1526	106	O	6.93	G	-		
1526	107	O	6.93	C	-		
1526	108	O	6.93	A	-		
1526	109	O	6.93	A	-		
1527	0	O	8.32	A	-		
1527	1	O	8.32	A	-		
1527	2	O	8.32	C	-		
1527	3	O	8.32	T	-		
1527	4	O	8.32	G	-		
1527	5	O	8.32	G	-		
1527	6	O	8.32	T	-		
1527	7	O	8.32	G	-		
1527	8	O	8.32	G	-		
1527	9	O	8.32	T	-		
1527	10	O	8.32	G	-		
1527	11	O	8.32	T	-		
1527	12	O	8.32	T	-		
1527	13	O	8.32	G	-		
1527	14	O	8.32	C	-		
1527	15	O	8.32	A	-		
1527	16	O	8.32	C	-		
1527	17	O	8.32	A	-		
1527	18	O	8.32	T	-		
1527	19	O	8.32	G	-		
1527	20	O	8.32	C	-		
1527	21	O	8.32	T	-		
1527	22	O	8.32	T	-		
1527	23	O	8.32	T	-		
1527	24	O	8.32	G	-		
1527	25	O	8.32	T	-		
1527	26	O	8.32	T	-		
1527	27	O	8.32	T	-		
1527	28	O	8.32	G	-		
1527	29	O	8.32	T	-		
1527	30	O	8.32	C	-		
1527	31	O	8.32	T	-		
1527	32	O	8.32	C	-		
1527	33	O	8.32	C	-		
1527	34	O	8.32	A	-		
1527	35	O	8.32	A	-		
1527	36	O	8.32	A	-		
1527	37	O	8.32	G	-		
1527	38	O	8.32	A	-		
1527	39	O	8.32	T	-		
1527	40	O	8.32	C	-		
1527	41	O	8.32	G	-		
1527	42	O	8.32	T	-		
1527	43	O	8.32	A	-		
1527	44	O	8.32	G	-		
1527	45	O	8.32	A	-		
1527	46	O	8.32	A	-		
1527	47	O	8.32	T	-		
1527	48	O	8.32	T	-		
1527	49	O	8.32	C	-		
1527	50	O	8.32	C	-		
1527	51	O	8.32	A	-		
1527	52	O	8.32	A	-		
1527	53	O	8.32	A	-		
1527	54	O	8.32	G	-		
1527	55	O	8.32	A	-		
1527	56	O	8.32	T	-		
1527	57	O	8.32	T	-		
1527	58	O	8.32	C	-		
1527	59	O	8.32	G	-		
1527	60	O	8.32	G	-		
1527	61	O	8.32	A	-		
1527	62	O	8.32	T	-		
1527	63	O	8.32	T	-		
1527	64	O	8.32	C	-		
1527	65	O	8.32	A	-		
1527	66	O	8.32	A	-		
1527	67	O	8.32	A	-		
1527	68	O	8.32	C	-		
1527	69	O	8.32	T	-		
1527	70	O	8.32	C	-		
1527	71	O	8.32	G	-		
1527	72	O	8.32	A	-		
1527	73	O	8.32	C	-		
1527	74	O	8.32	A	-		
1527	75	O	8.32	A	-		
1527	76	O	8.32	C	-		
1527	77	O	8.32	T	-		
1527	78	O	8.32	T	-		
1527	79	O	8.32	G	-		
1527	80	O	8.32	G	-		
1527	81	O	8.32	A	-		
1527	82	O	8.32	A	-		
1527	83	O	8.32	A	-		
1527	84	O	8.32	T	-		
1527	85	O	8.32	C	-		
1527	86	O	8.32	T	-		
1527	87	O	8.32	T	-		
1527	88	O	8.32	C	-		
1527	89	O	8.32	T	-		
1527	90	O	8.32	G	-		
1527	91	O	8.32	G	-		
1527	92	O	8.32	A	-		
1527	93	O	8.32	C	-		
1527	94	O	8.32	A	-		
1527	95	O	8.32	A	-		
1527	96	O	8.32	A	-		
1527	97	O	8.32	A	-		
1527	98	O	8.32	G	-		
1527	99	O	8.32	A	-		
1527	100	O	8.32	A	-		
1527	101	O	8.32	T	-		
1527	102	O	8.32	T	-		
1527	103	O	8.32	A	-		
1527	104	O	8.32	T	-		
1527	105	O	8.32	T	-		
1527	106	O	8.32	G	-		
1527	107	O	8.32	T	-		
1527	108	O	8.32	T	-		
1527	109	O	8.32	G	-		
1528	0	O	13.86	T	-		
1528	1	O	13.86	C	-		
1528	2	O	13.86	A	-		
1528	3	O	13.86	A	-		
1528	4	O	13.86	G	-		
1528	5	O	13.86	G	-		
1528	6	O	13.86	T	-		
1528	7	O	13.86	C	-		
1528	8	O	13.86	T	-		
1528	9	O	13.86	G	-		
1528	10	O	13.86	G	-		
1528	11	O	13.86	C	-		
1528	12	O	13.86	G	-		
1528	13	O	13.86	A	-		
1528	14	O	13.86	A	-		
1528	15	O	13.86	G	-		
1528	16	O	13.86	C	-		
1528	17	O	13.86	G	-		
1528	18	O	13.86	A	-		
1528	19	O	13.86	C	-		
1528	20	O	13.86	C	-		
1528	21	O	13.86	G	-		
1528	22	O	13.86	G	-		
1528	23	O	13.86	C	-		
1528	24	O	13.86	A	-		
1528	25	O	13.86	A	-		
1528	26	O	13.86	C	-		
1528	27	O	13.86	G	-		
1528	28	O	13.86	G	-		
1528	29	O	13.86	G	-		
1528	30	O	13.86	C	-		
1528	31	O	13.86	C	-		
1528	32	O	13.86	C	-		
1528	33	O	13.86	T	-		
1528	34	O	13.86	T	-		
1528	35	O	13.86	C	-		
1528	36	O	13.86	T	-		
1528	37	O	13.86	G	-		
1528	38	O	13.86	G	-		
1528	39	O	13.86	T	-		
1528	40	O	13.86	C	-		
1528	41	O	13.86	C	-		
1528	42	O	13.86	T	-		
1528	43	O	13.86	G	-		
1528	44	O	13.86	C	-		
1528	45	O	13.86	T	-		
1528	46	O	13.86	T	-		
1528	47	O	13.86	G	-		
1528	48	O	13.86	G	-		
1528	49	O	13.86	A	-		
1528	50	O	13.86	G	-		
1528	51	O	13.86	G	-		
1528	52	O	5.16	A	-		
1528	53	O	13.86	T	-		
1528	54	O	13.86	G	-		
1528	55	O	13.86	A	-		
1528	56	O	13.86	G	-		
1528	57	O	13.86	G	-		
1528	58	O	13.86	C	-		
1528	59	O	13.86	G	-		
1528	60	O	13.86	A	-		
1528	61	O	13.86	T	-		
1528	62	O	13.86	C	-		
1528	63	O	13.86	G	-		
1528	64	O	13.86	G	-		
1528	65	O	13.86	G	-		
1528	66	O	13.86	T	-		
1528	67	O	13.86	T	-		
1528	68	O	13.86	C	-		
1528	69	O	13.86	A	-		
1528	70	O	13.86	T	-		
1528	71	O	13.86	G	-		
1528	72	O	13.86	T	-		
1528	73	O	13.86	T	-		
1528	74	O	13.86	G	-		
1528	75	O	13.86	C	-		
1528	76	O	13.86	T	-		
1528	77	O	13.86	G	-		
1528	78	O	13.86	T	-		
1528	79	O	13.86	T	-		
1528	80	O	13.86	G	-		
1528	81	O	13.86	A	-		
1528	82	O	13.86	C	-		
1528	83	O	13.86	T	-		
1528	84	O	13.86	T	-		
1528	85	O	13.86	G	-		
1528	86	O	13.86	G	-		
1528	87	O	13.86	G	-		
1528	88	O	13.86	C	-		
1528	89	O	13.86	C	-		
1528	90	O	13.86	T	-		
1528	91	O	13.86	C	-		
1528	92	O	13.86	A	-		
1528	93	O	13.86	A	-		
1528	94	O	13.86	A	-		
1528	95	O	13.86	G	-		
1528	96	O	13.86	T	-		
1528	97	O	13.86	C	-		
1528	98	O	13.86	C	-		
1528	99	O	13.86	T	-		
1528	100	O	13.86	G	-		
1528	101	O	13.86	G	-		
1528	102	O	13.86	T	-		
1528	103	O	13.86	T	-		
1528	104	O	13.86	G	-		
1528	105	O	13.86	A	-		
1528	106	O	13.86	A	-		
1528	107	O	13.86	T	-		
1528	108	O	13.86	G	-		
1528	109	O	13.86	C	-		
1529	0	O	9.70	G	-		
1529	1	O	9.70	A	-		
1529	2	O	9.70	T	-		
1529	3	O	9.70	A	-		
1529	4	O	9.70	G	-		
1529	5	O	9.70	T	-		
1529	6	O	9.70	T	-		
1529	7	O	9.70	T	-		
1529	8	O	9.70	T	-		
1529	9	O	9.70	A	-		
1529	10	O	9.70	T	-		
1529	11	O	9.70	A	-		
1529	12	O	9.70	T	-		
1529	13	O	9.70	G	-		
1529	14	O	9.70	G	-		
1529	15	O	9.70	T	-		
1529	16	O	9.70	A	-		
1529	17	O	9.70	C	-		
1529	18	O	9.70	C	-		
1529	19	O	9.70	C	-		
1529	20	O	9.70	A	-		
1529	21	O	9.70	C	-		
1529	22	O	9.70	A	-		
1529	23	O	9.70	C	-		
1529	24	O	9.70	T	-		
1529	25	O	9.70	C	-		
1529	26	O	9.70	T	-		
1529	27	O	9.70	C	-		
1529	28	O	9.70	A	-		
1529	29	O	9.70	C	-		
1529	30	O	9.70	A	-		
1529	31	O	9.70	A	-		
1529	32	O	9.70	T	-		
1529	33	O	9.70	T	-		
1529	34	O	9.70	G	-		
1529	35	O	9.70	A	-		
1529	36	O	9.70	G	-		
1529	37	O	9.70	A	-		
1529	38	O	9.70	T	-		
1529	39	O	9.70	A	-		
1529	40	O	9.70	A	-		
1529	41	O	9.70	T	-		
1529	42	O	9.70	C	-		
1529	43	O	9.70	C	-		
1529	44	O	9.70	A	-		
1529	45	O	9.70	T	-		
1529	46	O	9.70	C	-		
1529	47	O	9.70	T	-		
1529	48	O	9.70	C	-		
1529	49	O	9.70	A	-		
1529	50	O	9.70	C	-		
1529	51	O	9.70	C	-		
1529	52	O	9.70	C	-		
1529	53	O	9.70	C	-		
1529	54	O	9.70	C	-		
1529	55	O	9.70	C	-		
1529	56	O	9.70	A	-		
1529	57	O	9.70	G	-		
1529	58	O	9.70	T	-		
1529	59	O	9.70	G	-		
1529	60	O	9.70	G	-		
1529	61	O	9.70	A	-		
1529	62	O	9.70	A	-		
1529	63	O	9.70	A	-		
1529	64	O	9.70	A	-		
1529	65	O	9.70	G	-		
1529	66	O	9.70	G	-		
1529	67	O	9.70	A	-		
1529	68	O	9.70	T	-		
1529	69	O	9.70	C	-		
1529	70	O	9.70	C	-		
1529	71	O	9.70	G	-		
1529	72	O	9.70	T	-		
1529	73	O	9.70	C	-		
1529	74	O	9.70	T	-		
1529	75	O	9.70	C	-		
1529	76	O	9.70	T	-		
1529	77	O	9.70	T	-		
1529	78	O	9.70	T	-		
1529	79	O	9.70	C	-		
1529	80	O	9.70	T	-		
1529	81	O	9.70	G	-		
1529	82	O	9.70	G	-		
1529	83	O	9.70	G	-		
1529	84	O	9.70	T	-		
1529	85	O	9.70	A	-		
1529	86	O	9.70	C	-		
1529	87	O	9.70	T	-		
1529	88	O	9.70	T	-		
1529	89	O	9.70	T	-		
1529	90	O	9.70	T	-		
1529	91	O	9.70	T	-		
1529	92	O	9.70	T	-		
1529	93	O	9.70	G	-		
1529	94	O	9.70	G	-		
1529	95	O	9.70	G	-		
1529	96	O	9.70	C	-		
1529	97	O	9.70	T	-		
1529	98	O	9.70	A	-		
1529	99	O	9.70	T	-		
1529	100	O	9.70	T	-		
1529	101	O	9.70	T	-		
1529	102	O	9.70	T	-		
1529	103	O	9.70	T	-		
1529	104	O	9.70	A	-		
1529	105	O	9.70	A	-		
1529	106	O	9.70	T	-		
1529	107	O	9.70	C	-		
1529	108	O	9.70	T	-		
1529	109	O	9.70	A	-		
1530	0	O	8.32	T	-		
1530	1	O	8.32	G	-		
1530	2	O	8.32	T	-		
1530	3	O	8.32	T	-		
1530	4	O	8.32	C	-		
1530	5	O	8.32	T	-		
1530	6	O	8.32	G	-		
1530	7	O	8.32	C	-		
1530	8	O	8.32	A	-		
1530	9	O	8.32	G	-		
1530	10	O	8.32	G	-		
1530	11	O	8.32	C	-		
1530	12	O	8.32	A	-		
1530	13	O	8.32	C	-		
1530	14	O	8.32	A	-		
1530	15	O	8.32	A	-		
1530	16	O	8.32	A	-		
1530	17	O	8.32	T	-		
1530	18	O	8.32	C	-		
1530	19	O	8.32	G	-		
1530	20	O	8.32	A	-		
1530	21	O	8.32	A	-		
1530	22	O	8.32	T	-		
1530	23	O	8.32	G	-		
1530	24	O	8.32	T	-		
1530	25	O	8.32	G	-		
1530	26	O	8.32	C	-		
1530	27	O	8.32	G	-		
1530	28	O	8.32	C	-		
1530	29	O	8.32	T	-		
1530	30	O	8.32	T	-		
1530	31	O	8.32	C	-		
1530	32	O	8.32	C	-		
1530	33	O	8.32	G	-		
1530	34	O	8.32	C	-		
1530	35	O	8.32	C	-		
1530	36	O	8.32	A	-		
1530	37	O	8.32	T	-		
1530	38	O	8.32	C	-		
1530	39	O	8.32	C	-		
1530	40	O	8.32	T	-		
1530	41	O	8.32	C	-		
1530	42	O	8.32	C	-		
1530	43	O	8.32	C	-		
1530	44	O	8.32	T	-		
1530	45	O	8.32	C	-		
1530	46	O	8.32	G	-		
1530	47	O	8.32	C	-		
1530	48	O	8.32	G	-		
1530	49	O	8.32	T	-		
1530	50	O	8.32	A	-		
1530	51	O	8.32	T	-		
1530	52	O	8.32	G	-		
1530	53	O	8.32	C	-		
1530	54	O	8.32	C	-		
1530	55	O	8.32	A	-		
1530	56	O	8.32	G	-		
1530	57	O	8.32	A	-		
1530	58	O	8.32	G	-		
1530	59	O	8.32	A	-		
1530	60	O	8.32	A	-		
1530	61	O	8.32	G	-		
1530	62	O	8.32	T	-		
1530	63	O	8.32	T	-		
1530	64	O	8.32	T	-		
1530	65	O	8.32	G	-		
1530	66	O	8.32	A	-		
1530	67	O	8.32	G	-		
1530	68	O	8.32	C	-		
1530	69	O	8.32	C	-		
1530	70	O	8.32	T	-		
1530	71	O	8.32	G	-		
1530	72	O	8.32	T	-		
1530	73	O	8.32	G	-		
1530	74	O	8.32	T	-		
1530	75	O	8.32	T	-		
1530	76	O	8.32	G	-		
1530	77	O	8.32	G	-		
1530	78	O	8.32	A	-		
1530	79	O	8.32	G	-		
1530	80	O	8.32	G	-		
1530	81	O	8.32	T	-		
1530	82	O	8.32	A	-		
1530	83	O	8.32	G	-		
1530	84	O	8.32	A	-		
1530	85	O	8.32	A	-		
1530	86	O	8.32	G	-		
1530	87	O	8.32	G	-		
1530	88	O	8.32	A	-		
1530	89	O	8.32	T	-		
1530	90	O	8.32	T	-		
1530	91	O	8.32	G	-		
1530	92	O	8.32	G	-		
1530	93	O	8.32	C	-		
1530	94	O	8.32	C	-		
1530	95	O	8.32	T	-		
1530	96	O	8.32	C	-		
1530	97	O	8.32	T	-		
1530	98	O	8.32	A	-		
1530	99	O	8.32	T	-		
1530	100	O	8.32	G	-		
1530	101	O	8.32	C	-		
1530	102	O	8.32	C	-		
1530	103	O	8.32	A	-		
1530	104	O	8.32	C	-		
1530	105	O	8.32	G	-		
1530	106	O	8.32	G	-		
1530	107	O	8.32	A	-		
1530	108	O	8.32	C	-		
1530	109	O	8.32	G	-		
1531	0	O	5.55	G	-		
1531	1	O	5.55	G	-		
1531	2	O	5.55	G	-		
1531	3	O	5.55	C	-		
1531	4	O	5.55	G	-		
1531	5	O	5.55	T	-		
1531	6	O	5.55	G	-		
1531	7	O	5.55	T	-		
1531	8	O	5.55	C	-		
1531	9	O	5.55	A	-		
1531	10	O	5.55	G	-		
1531	11	O	5.55	T	-		
1531	12	O	5.55	T	-		
1531	13	O	5.55	T	-		
1531	14	O	5.55	G	-		
1531	15	O	5.55	C	-		
1531	16	O	5.55	C	-		
1531	17	O	5.55	C	-		
1531	18	O	5.55	G	-		
1531	19	O	5.55	A	-		
1531	20	O	5.55	G	-		
1531	21	O	5.55	T	-		
1531	22	O	5.55	G	-		
1531	23	O	5.55	G	-		
1531	24	O	5.55	T	-		
1531	25	O	5.55	T	-		
1531	26	O	5.55	G	-		
1531	27	O	5.55	G	-		
1531	28	O	5.55	T	-		
1531	29	O	5.55	G	-		
1531	30	O	5.55	A	-		
1531	31	O	5.55	T	-		
1531	32	O	5.55	C	-		
1531	33	O	5.55	A	-		
1531	34	O	5.55	C	-		
1531	35	O	5.55	G	-		
1531	36	O	5.55	G	-		
1531	37	O	5.55	C	-		
1531	38	O	5.55	C	-		
1531	39	O	5.55	A	-		
1531	40	O	5.55	G	-		
1531	41	O	5.55	C	-		
1531	42	O	5.55	G	-		
1531	43	O	5.55	G	-		
1531	44	O	5.55	A	-		
1531	45	O	5.55	T	-		
1531	46	O	5.55	C	-		
1531	47	O	5.55	G	-		
1531	48	O	5.55	T	-		
1531	49	O	5.55	C	-		
1531	50	O	5.55	G	-		
1531	51	O	5.55	C	-		
1531	52	O	5.55	C	-		
1531	53	O	5.55	G	-		
1531	54	O	5.55	G	-		
1531	55	O	5.55	G	-		
1531	56	O	5.55	C	-		
1531	57	O	5.55	C	-		
1531	58	O	5.55	G	-		
1531	59	O	5.55	A	-		
1531	60	O	5.55	C	-		
1531	61	O	5.55	T	-		
1531	62	O	5.55	G	-		
1531	63	O	5.55	G	-		
1531	64	O	5.55	A	-		
1531	65	O	5.55	G	-		
1531	66	O	5.55	G	-		
1531	67	O	5.55	T	-		
1531	68	O	5.55	C	-		
1531	69	O	5.55	T	-		
1531	70	O	5.55	G	-		
1531	71	O	5.55	T	-		
1531	72	O	5.55	T	-		
1531	73	O	5.55	G	-		
1531	74	O	5.55	G	-		
1531	75	O	5.55	G	-		
1531	76	O	5.55	C	-		
1531	77	O	5.55	C	-		
1531	78	O	5.55	T	-		
1531	79	O	5.55	G	-		
1531	80	O	5.55	C	-		
1531	81	O	5.55	A	-		
1531	82	O	5.55	G	-		
1531	83	O	5.55	T	-		
1531	84	O	5.55	T	-		
1531	85	O	5.55	G	-		
1531	86	O	5.55	G	-		
1531	87	O	5.55	A	-		
1531	88	O	5.55	G	-		
1531	89	O	5.55	T	-		
1531	90	O	5.55	G	-		
1531	91	O	5.55	A	-		
1531	92	O	5.55	C	-		
1531	93	O	5.55	G	-		
1531	94	O	5.55	A	-		
1531	95	O	5.55	C	-		
1531	96	O	5.55	G	-		
1531	97	O	5.55	A	-		
1531	98	O	5.55	C	-		
1531	99	O	5.55	G	-		
1531	100	O	5.55	G	-		
1531	101	O	5.55	C	-		
1531	102	O	5.55	C	-		
1531	103	O	5.55	G	-		
1531	104	O	5.55	C	-		
1531	105	O	5.55	A	-		
1531	106	O	5.55	G	-		
1531	107	O	5.55	T	-		
1531	108	O	5.55	C	-		
1531	109	O	5.55	T	-		
1532	0	O	5.55	T	-		
1532	1	O	5.55	A	-		
1532	2	O	5.55	A	-		
1532	3	O	5.55	T	-		
1532	4	O	5.55	G	-		
1532	5	O	5.55	G	-		
1532	6	O	5.55	A	-		
1532	7	O	5.55	T	-		
1532	8	O	5.55	C	-		
1532	9	O	5.55	C	-		
1532	10	O	5.55	G	-		
1532	11	O	5.55	C	-		
1532	12	O	5.55	G	-		
1532	13	O	5.55	G	-		
1532	14	O	5.55	G	-		
1532	15	O	5.55	T	-		
1532	16	O	5.55	T	-		
1532	17	O	5.55	G	-		
1532	18	O	5.55	T	-		
1532	19	O	5.55	G	-		
1532	20	O	5.55	G	-		
1532	21	O	5.55	T	-		
1532	22	O	5.55	C	-		
1532	23	O	5.55	A	-		
1532	24	O	5.55	A	-		
1532	25	O	5.55	T	-		
1532	26	O	5.55	T	-		
1532	27	O	5.55	G	-		
1532	28	O	5.55	G	-		
1532	29	O	5.55	G	-		
1532	30	O	5.55	A	-		
1532	31	O	5.55	T	-		
1532	32	O	5.55	C	-		
1532	33	O	5.55	A	-		
1532	34	O	5.55	C	-		
1532	35	O	5.55	C	-		
1532	36	O	5.55	A	-		
1532	37	O	5.55	G	-		
1532	38	O	5.55	G	-		
1532	39	O	5.55	C	-		
1532	40	O	5.55	A	-		
1532	41	O	5.55	A	-		
1532	42	O	5.55	G	-		
1532	43	O	5.55	G	-		
1532	44	O	5.55	G	-		
1532	45	O	5.55	G	-		
1532	46	O	5.55	G	-		
1532	47	O	5.55	G	-		
1532	48	O	5.55	T	-		
1532	49	O	5.55	G	-		
1532	50	O	5.55	C	-		
1532	51	O	5.55	A	-		
1532	52	O	5.55	T	-		
1532	53	O	5.55	T	-		
1532	54	O	5.55	T	-		
1532	55	O	5.55	C	-		
1532	56	O	5.55	G	-		
1532	57	O	5.55	A	-		
1532	58	O	5.55	T	-		
1532	59	O	5.55	C	-		
1532	60	O	5.55	C	-		
1532	61	O	5.55	T	-		
1532	62	O	5.55	A	-		
1532	63	O	5.55	C	-		
1532	64	O	5.55	G	-		
1532	65	O	5.55	C	-		
1532	66	O	5.55	C	-		
1532	67	O	5.55	C	-		
1532	68	O	5.55	C	-		
1532	69	O	5.55	A	-		
1532	70	O	5.55	A	-		
1532	71	O	5.55	A	-		
1532	72	O	5.55	C	-		
1532	73	O	5.55	C	-		
1532	74	O	5.55	C	-		
1532	75	O	5.55	G	-		
1532	76	O	5.55	C	-		
1532	77	O	5.55	T	-		
1532	78	O	5.55	T	-		
1532	79	O	5.55	A	-		
1532	80	O	5.55	T	-		
1532	81	O	5.55	T	-		
1532	82	O	5.55	T	-		
1532	83	O	5.55	A	-		
1532	84	O	5.55	G	-		
1532	85	O	5.55	G	-		
1532	86	O	5.55	T	-		
1532	87	O	5.55	A	-		
1532	88	O	5.55	T	-		
1532	89	O	5.55	T	-		
1532	90	O	5.55	T	-		
1532	91	O	5.55	A	-		
1532	92	O	5.55	A	-		
1532	93	O	5.55	A	-		
1532	94	O	5.55	A	-		
1532	95	O	5.55	C	-		
1532	96	O	5.55	C	-		
1532	97	O	5.55	A	-		
1532	98	O	5.55	G	-		
1532	99	O	5.55	C	-		
1532	100	O	5.55	A	-		
1532	101	O	5.55	A	-		
1532	102	O	5.55	A	-		
1532	103	O	5.55	G	-		
1532	104	O	5.55	A	-		
1532	105	O	5.55	G	-		
1532	106	O	5.55	G	-		
1532	107	O	5.55	A	-		
1532	108	O	5.55	C	-		
1532	109	O	5.55	T	-		
1533	0	O	11.09	T	-		
1533	1	O	11.09	G	-		
1533	2	O	11.09	C	-		
1533	3	O	11.09	C	-		
1533	4	O	11.09	G	-		
1533	5	O	11.09	C	-		
1533	6	O	11.09	C	-		
1533	7	O	11.09	G	-		
1533	8	O	11.09	C	-		
1533	9	O	11.09	A	-		
1533	10	O	11.09	A	-		
1533	11	O	11.09	T	-		
1533	12	O	11.09	C	-		
1533	13	O	11.09	G	-		
1533	14	O	11.09	A	-		
1533	15	O	11.09	G	-		
1533	16	O	11.09	C	-		
1533	17	O	11.09	G	-		
1533	18	O	11.09	C	-		
1533	19	O	11.09	A	-		
1533	20	O	11.09	T	-		
1533	21	O	11.09	G	-		
1533	22	O	11.09	G	-		
1533	23	O	11.09	C	-		
1533	24	O	11.09	T	-		
1533	25	O	11.09	G	-		
1533	26	O	11.09	T	-		
1533	27	O	11.09	C	-		
1533	28	O	11.09	G	-		
1533	29	O	11.09	A	-		
1533	30	O	11.09	G	-		
1533	31	O	11.09	G	-		
1533	32	O	11.09	C	-		
1533	33	O	11.09	T	-		
1533	34	O	11.09	C	-		
1533	35	O	11.09	G	-		
1533	36	O	11.09	C	-		
1533	37	O	11.09	A	-		
1533	38	O	11.09	T	-		
1533	39	O	11.09	G	-		
1533	40	O	11.09	G	-		
1533	41	O	11.09	T	-		
1533	42	O	11.09	A	-		
1533	43	O	11.09	C	-		
1533	44	O	11.09	A	-		
1533	45	O	11.09	G	-		
1533	46	O	11.09	T	-		
1533	47	O	11.09	G	-		
1533	48	O	11.09	C	-		
1533	49	O	11.09	G	-		
1533	50	O	11.09	A	-		
1533	51	O	11.09	G	-		
1533	52	O	11.09	A	-		
1533	53	O	11.09	A	-		
1533	54	O	11.09	C	-		
1533	55	O	11.09	G	-		
1533	56	O	11.09	A	-		
1533	57	O	11.09	G	-		
1533	58	O	11.09	G	-		
1533	59	O	11.09	T	-		
1533	60	O	11.09	C	-		
1533	61	O	11.09	A	-		
1533	62	O	11.09	T	-		
1533	63	O	11.09	C	-		
1533	64	O	11.09	C	-		
1533	65	O	11.09	A	-		
1533	66	O	11.09	C	-		
1533	67	O	11.09	T	-		
1533	68	O	11.09	T	-		
1533	69	O	11.09	C	-		
1533	70	O	11.09	G	-		
1533	71	O	11.09	C	-		
1533	72	O	11.09	A	-		
1533	73	O	11.09	G	-		
1533	74	O	11.09	A	-		
1533	75	O	11.09	G	-		
1533	76	O	11.09	C	-		
1533	77	O	11.09	A	-		
1533	78	O	11.09	G	-		
1533	79	O	11.09	G	-		
1533	80	O	11.09	C	-		
1533	81	O	11.09	C	-		
1533	82	O	11.09	A	-		
1533	83	O	11.09	G	-		
1533	84	O	11.09	A	-		
1533	85	O	11.09	G	-		
1533	86	O	11.09	C	-		
1533	87	O	11.09	C	-		
1533	88	O	11.09	A	-		
1533	89	O	11.09	C	-		
1533	90	O	11.09	C	-		
1533	91	O	11.09	A	-		
1533	92	O	11.09	T	-		
1533	93	O	11.09	C	-		
1533	94	O	11.09	A	-		
1533	95	O	11.09	C	-		
1533	96	O	11.09	C	-		
1533	97	O	11.09	G	-		
1533	98	O	11.09	C	-		
1533	99	O	11.09	G	-		
1533	100	O	11.09	C	-		
1533	101	O	11.09	C	-		
1533	102	O	11.09	C	-		
1533	103	O	11.09	A	-		
1533	104	O	11.09	T	-		
1533	105	O	11.09	G	-		
1533	106	O	11.09	C	-		
1533	107	O	11.09	T	-		
1533	108	O	11.09	T	-		
1533	109	O	11.09	C	-		
1534	0	O	8.32	C	-		
1534	1	O	8.32	A	-		
1534	2	O	8.32	C	-		
1534	3	O	8.32	A	-		
1534	4	O	8.32	T	-		
1534	5	O	8.32	A	-		
1534	6	O	8.32	C	-		
1534	7	O	8.32	C	-		
1534	8	O	8.32	C	-		
1534	9	O	8.32	A	-		
1534	10	O	8.32	C	-		
1534	11	O	8.32	A	-		
1534	12	O	8.32	C	-		
1534	13	O	8.32	A	-		
1534	14	O	8.32	G	-		
1534	15	O	8.32	G	-		
1534	16	O	8.32	C	-		
1534	17	O	8.32	G	-		
1534	18	O	8.32	C	-		
1534	19	O	8.32	A	-		
1534	20	O	8.32	G	-		
1534	21	O	8.32	G	-		
1534	22	O	8.32	C	-		
1534	23	O	8.32	A	-		
1534	24	O	8.32	C	-		
1534	25	O	8.32	G	-		
1534	26	O	8.32	G	-		
1534	27	O	8.32	G	-		
1534	28	O	8.32	C	-		
1534	29	O	8.32	G	-		
1534	30	O	8.32	G	-		
1534	31	O	8.32	C	-		
1534	32	O	8.32	C	-		
1534	33	O	8.32	G	-		
1534	34	O	8.32	C	-		
1534	35	O	8.32	G	-		
1534	36	O	8.32	C	-		
1534	37	O	8.32	G	-		
1534	38	O	8.32	G	-		
1534	39	O	8.32	A	-		
1534	40	O	8.32	T	-		
1534	41	O	8.32	G	-		
1534	42	O	8.32	G	-		
1534	43	O	8.32	T	-		
1534	44	O	8.32	C	-		
1534	45	O	8.32	T	-		
1534	46	O	8.32	G	-		
1534	47	O	8.32	G	-		
1534	48	O	8.32	C	-		
1534	49	O	8.32	C	-		
1534	50	O	8.32	A	-		
1534	51	O	8.32	G	-		
1534	52	O	8.32	A	-		
1534	53	O	8.32	C	-		
1534	54	O	8.32	A	-		
1534	55	O	8.32	G	-		
1534	56	O	8.32	T	-		
1534	57	O	8.32	T	-		
1534	58	O	8.32	T	-		
1534	59	O	8.32	A	-		
1534	60	O	8.32	G	-		
1534	61	O	8.32	G	-		
1534	62	O	8.32	C	-		
1534	63	O	8.32	C	-		
1534	64	O	8.32	G	-		
1534	65	O	8.32	C	-		
1534	66	O	8.32	C	-		
1534	67	O	8.32	G	-		
1534	68	O	8.32	C	-		
1534	69	O	8.32	T	-		
1534	70	O	8.32	G	-		
1534	71	O	8.32	G	-		
1534	72	O	8.32	T	-		
1534	73	O	8.32	T	-		
1534	74	O	8.32	G	-		
1534	75	O	8.32	G	-		
1534	76	O	8.32	C	-		
1534	77	O	8.32	T	-		
1534	78	O	8.32	G	-		
1534	79	O	8.32	C	-		
1534	80	O	8.32	T	-		
1534	81	O	8.32	G	-		
1534	82	O	8.32	G	-		
1534	83	O	8.32	C	-		
1534	84	O	8.32	T	-		
1534	85	O	8.32	G	-		
1534	86	O	8.32	G	-		
1534	87	O	8.32	C	-		
1534	88	O	8.32	T	-		
1534	89	O	8.32	G	-		
1534	90	O	8.32	G	-		
1534	91	O	8.32	C	-		
1534	92	O	8.32	T	-		
1534	93	O	8.32	G	-		
1534	94	O	8.32	G	-		
1534	95	O	8.32	C	-		
1534	96	O	8.32	G	-		
1534	97	O	8.32	A	-		
1534	98	O	8.32	G	-		
1534	99	O	8.32	C	-		
1534	100	O	8.32	T	-		
1534	101	O	8.32	A	-		
1534	102	O	8.32	G	-		
1534	103	O	8.32	T	-		
1534	104	O	8.32	T	-		
1534	105	O	8.32	A	-		
1534	106	O	8.32	G	-		
1534	107	O	8.32	G	-		
1534	108	O	8.32	C	-		
1534	109	O	8.32	T	-		
1535	0	O	13.86	T	-		
1535	1	O	13.86	C	-		
1535	2	O	13.86	C	-		
1535	3	O	13.86	A	-		
1535	4	O	13.86	G	-		
1535	5	O	13.86	C	-		
1535	6	O	13.86	A	-		
1535	7	O	13.86	A	-		
1535	8	O	13.86	G	-		
1535	9	O	13.86	G	-		
1535	10	O	13.86	C	-		
1535	11	O	13.86	A	-		
1535	12	O	13.86	A	-		
1535	13	O	13.86	A	-		
1535	14	O	13.86	A	-		
1535	15	O	13.86	G	-		
1535	16	O	13.86	G	-		
1535	17	O	13.86	C	-		
1535	18	O	13.86	G	-		
1535	19	O	13.86	A	-		
1535	20	O	13.86	T	-		
1535	21	O	13.86	G	-		
1535	22	O	13.86	G	-		
1535	23	O	13.86	A	-		
1535	24	O	13.86	T	-		
1535	25	O	13.86	C	-		
1535	26	O	13.86	A	-		
1535	27	O	13.86	A	-		
1535	28	O	13.86	A	-		
1535	29	O	13.86	T	-		
1535	30	O	13.86	G	-		
1535	31	O	13.86	T	-		
1535	32	O	13.86	C	-		
1535	33	O	13.86	G	-		
1535	34	O	13.86	T	-		
1535	35	O	13.86	A	-		
1535	36	O	13.86	G	-		
1535	37	O	13.86	C	-		
1535	38	O	13.86	C	-		
1535	39	O	13.86	T	-		
1535	40	O	13.86	A	-		
1535	41	O	13.86	G	-		
1535	42	O	13.86	G	-		
1535	43	O	13.86	C	-		
1535	44	O	13.86	C	-		
1535	45	O	13.86	G	-		
1535	46	O	13.86	A	-		
1535	47	O	13.86	C	-		
1535	48	O	13.86	T	-		
1535	49	O	13.86	T	-		
1535	50	O	5.16	G	-		
1535	51	O	13.86	G	-		
1535	52	O	13.86	A	-		
1535	53	O	13.86	T	-		
1535	54	O	13.86	C	-		
1535	55	O	13.86	T	-		
1535	56	O	13.86	T	-		
1535	57	O	13.86	G	-		
1535	58	O	13.86	A	-		
1535	59	O	13.86	C	-		
1535	60	O	13.86	A	-		
1535	61	O	13.86	G	-		
1535	62	O	13.86	A	-		
1535	63	O	13.86	C	-		
1535	64	O	13.86	T	-		
1535	65	O	13.86	C	-		
1535	66	O	13.86	G	-		
1535	67	O	13.86	G	-		
1535	68	O	13.86	T	-		
1535	69	O	13.86	C	-		
1535	70	O	13.86	A	-		
1535	71	O	5.16	G	-		
1535	72	O	13.86	A	-		
1535	73	O	13.86	C	-		
1535	74	O	13.86	G	-		
1535	75	O	13.86	T	-		
1535	76	O	13.86	C	-		
1535	77	O	13.86	G	-		
1535	78	O	13.86	G	-		
1535	79	O	13.86	A	-		
1535	80	O	13.86	C	-		
1535	81	O	13.86	T	-		
1535	82	O	13.86	T	-		
1535	83	O	13.86	C	-		
1535	84	O	13.86	A	-		
1535	85	O	13.86	G	-		
1535	86	O	13.86	T	-		
1535	87	O	13.86	G	-		
1535	88	O	13.86	A	-		
1535	89	O	13.86	A	-		
1535	90	O	13.86	C	-		
1535	91	O	13.86	G	-		
1535	92	O	13.86	A	-		
1535	93	O	13.86	G	-		
1535	94	O	13.86	G	-		
1535	95	O	13.86	T	-		
1535	96	O	13.86	T	-		
1535	97	O	13.86	G	-		
1535	98	O	13.86	G	-		
1535	99	O	13.86	G	-		
1535	100	O	13.86	C	-		
1535	101	O	13.86	G	-		
1535	102	O	13.86	C	-		
1535	103	O	13.86	G	-		
1535	104	O	13.86	A	-		
1535	105	O	13.86	A	-		
1535	106	O	13.86	T	-		
1535	107	O	13.86	G	-		
1535	108	O	13.86	T	-		
1535	109	O	13.86	G	-		
1536	0	O	8.32	A	-		
1536	1	O	8.32	G	-		
1536	2	O	8.32	A	-		
1536	3	O	8.32	A	-		
1536	4	O	8.32	G	-		
1536	5	O	8.32	G	-		
1536	6	O	8.32	C	-		
1536	7	O	8.32	A	-		
1536	8	O	8.32	T	-		
1536	9	O	8.32	C	-		
1536	10	O	8.32	C	-		
1536	11	O	8.32	C	-		
1536	12	O	8.32	T	-		
1536	13	O	8.32	A	-		
1536	14	O	8.32	T	-		
1536	15	O	8.32	C	-		
1536	16	O	8.32	C	-		
1536	17	O	8.32	G	-		
1536	18	O	8.32	C	-		
1536	19	O	8.32	A	-		
1536	20	O	8.32	C	-		
1536	21	O	8.32	G	-		
1536	22	O	8.32	T	-		
1536	23	O	8.32	C	-		
1536	24	O	8.32	C	-		
1536	25	O	8.32	A	-		
1536	26	O	8.32	C	-		
1536	27	O	8.32	A	-		
1536	28	O	8.32	A	-		
1536	29	O	8.32	T	-		
1536	30	O	8.32	C	-		
1536	31	O	8.32	A	-		
1536	32	O	8.32	G	-		
1536	33	O	8.32	C	-		
1536	34	O	8.32	C	-		
1536	35	O	8.32	T	-		
1536	36	O	8.32	G	-		
1536	37	O	8.32	T	-		
1536	38	O	8.32	C	-		
1536	39	O	8.32	A	-		
1536	40	O	8.32	A	-		
1536	41	O	8.32	G	-		
1536	42	O	8.32	G	-		
1536	43	O	8.32	C	-		
1536	44	O	8.32	A	-		
1536	45	O	8.32	A	-		
1536	46	O	8.32	T	-		
1536	47	O	8.32	G	-		
1536	48	O	8.32	G	-		
1536	49	O	8.32	A	-		
1536	50	O	8.32	T	-		
1536	51	O	8.32	G	-		
1536	52	O	8.32	T	-		
1536	53	O	8.32	C	-		
1536	54	O	8.32	A	-		
1536	55	O	8.32	A	-		
1536	56	O	8.32	C	-		
1536	57	O	8.32	G	-		
1536	58	O	8.32	G	-		
1536	59	O	8.32	A	-		
1536	60	O	8.32	A	-		
1536	61	O	8.32	A	-		
1536	62	O	8.32	C	-		
1536	63	O	8.32	G	-		
1536	64	O	8.32	G	-		
1536	65	O	8.32	C	-		
1536	66	O	8.32	G	-		
1536	67	O	8.32	T	-		
1536	68	O	8.32	G	-		
1536	69	O	8.32	A	-		
1536	70	O	8.32	T	-		
1536	71	O	8.32	T	-		
1536	72	O	8.32	T	-		
1536	73	O	8.32	G	-		
1536	74	O	8.32	A	-		
1536	75	O	8.32	T	-		
1536	76	O	8.32	T	-		
1536	77	U	0.71	C	T		
1536	78	O	8.32	A	-		
1536	79	O	8.32	T	-		
1536	80	O	8.32	C	-		
1536	81	O	8.32	A	-		
1536	82	O	8.32	C	-		
1536	83	O	8.32	A	-		
1536	84	O	8.32	T	-		
1536	85	O	8.32	G	-		
1536	86	O	8.32	G	-		
1536	87	O	8.32	G	-		
1536	88	O	8.32	A	-		
1536	89	O	8.32	T	-		
1536	90	O	8.32	A	-		
1536	91	O	8.32	A	-		
1536	92	O	8.32	A	-		
1536	93	O	8.32	C	-		
1536	94	O	8.32	G	-		
1536	95	O	8.32	G	-		
1536	96	O	8.32	C	-		
1536	97	O	8.32	C	-		
1536	98	O	8.32	G	-		
1536	99	O	8.32	A	-		
1536	100	O	8.32	T	-		
1536	101	O	8.32	C	-		
1536	102	O	8.32	C	-		
1536	103	O	8.32	G	-		
1536	104	O	8.32	C	-		
1536	105	O	8.32	C	-		
1536	106	O	8.32	A	-		
1536	107	O	8.32	C	-		
1536	108	O	8.32	G	-		
1536	109	O	8.32	C	-		
1537	0	O	9.70	C	-		
1537	1	O	9.70	G	-		
1537	2	O	9.70	G	-		
1537	3	O	9.70	C	-		
1537	4	O	9.70	G	-		
1537	5	O	9.70	A	-		
1537	6	O	9.70	C	-		
1537	7	O	9.70	A	-		
1537	8	O	9.70	G	-		
1537	9	O	9.70	C	-		
1537	10	O	9.70	G	-		
1537	11	O	9.70	G	-		
1537	12	O	9.70	C	-		
1537	13	O	9.70	A	-		
1537	14	O	9.70	T	-		
1537	15	O	9.70	C	-		
1537	16	O	9.70	G	-		
1537	17	O	9.70	C	-		
1537	18	O	9.70	G	-		
1537	19	O	9.70	C	-		
1537	20	O	9.70	T	-		
1537	21	O	9.70	T	-		
1537	22	O	9.70	C	-		
1537	23	O	9.70	T	-		
1537	24	O	9.70	C	-		
1537	25	O	9.70	G	-		
1537	26	O	9.70	C	-		
1537	27	O	9.70	C	-		
1537	28	O	9.70	T	-		
1537	29	O	9.70	G	-		
1537	30	O	9.70	T	-		
1537	31	O	9.70	T	-		
1537	32	O	9.70	G	-		
1537	33	O	9.70	C	-		
1537	34	O	9.70	G	-		
1537	35	O	9.70	C	-		
1537	36	O	9.70	T	-		
1537	37	O	9.70	C	-		
1537	38	O	9.70	T	-		
1537	39	O	9.70	T	-		
1537	40	O	9.70	C	-		
1537	41	O	9.70	A	-		
1537	42	O	9.70	G	-		
1537	43	O	9.70	C	-		
1537	44	O	9.70	G	-		
1537	45	O	9.70	T	-		
1537	46	O	9.70	G	-		
1537	47	O	9.70	G	-		
1537	48	O	9.70	T	-		
1537	49	O	9.70	T	-		
1537	50	O	9.70	G	-		
1537	51	O	9.70	G	-		
1537	52	O	9.70	C	-		
1537	53	O	9.70	T	-		
1537	54	O	9.70	C	-		
1537	55	O	9.70	T	-		
1537	56	O	9.70	G	-		
1537	57	O	9.70	C	-		
1537	58	O	9.70	T	-		
1537	59	O	9.70	T	-		
1537	60	O	9.70	T	-		
1537	61	O	9.70	A	-		
1537	62	O	9.70	A	-		
1537	63	O	9.70	G	-		
1537	64	O	9.70	G	-		
1537	65	O	9.70	C	-		
1537	66	O	9.70	G	-		
1537	67	O	9.70	C	-		
1537	68	O	9.70	T	-		
1537	69	O	9.70	G	-		
1537	70	O	9.70	C	-		
1537	71	O	9.70	G	-		
1537	72	O	9.70	T	-		
1537	73	O	9.70	G	-		
1537	74	O	9.70	T	-		
1537	75	O	9.70	C	-		
1537	76	O	9.70	A	-		
1537	77	O	9.70	G	-		
1537	78	O	9.70	C	-		
1537	79	O	9.70	C	-		
1537	80	O	9.70	G	-		
1537	81	O	9.70	C	-		
1537	82	O	9.70	G	-		
1537	83	O	9.70	T	-		
1537	84	O	9.70	C	-		
1537	85	O	9.70	A	-		
1537	86	O	9.70	G	-		
1537	87	O	9.70	C	-		
1537	88	O	9.70	T	-		
1537	89	O	9.70	A	-		
1537	90	O	9.70	T	-		
1537	91	O	9.70	G	-		
1537	92	O	9.70	G	-		
1537	93	O	9.70	C	-		
1537	94	O	9.70	A	-		
1537	95	O	9.70	G	-		
1537	96	O	9.70	G	-		
1537	97	O	9.70	G	-		
1537	98	O	9.70	G	-		
1537	99	O	9.70	A	-		
1537	100	O	9.70	A	-		
1537	101	O	9.70	G	-		
1537	102	O	9.70	A	-		
1537	103	O	9.70	G	-		
1537	104	O	9.70	G	-		
1537	105	O	9.70	C	-		
1537	106	O	9.70	C	-		
1537	107	O	9.70	T	-		
1537	108	O	9.70	T	-		
1537	109	O	9.70	T	-		
1538	0	O	11.09	T	-		
1538	1	O	11.09	G	-		
1538	2	O	11.09	C	-		
1538	3	O	11.09	A	-		
1538	4	O	11.09	A	-		
1538	5	O	11.09	A	-		
1538	6	O	11.09	A	-		
1538	7	O	11.09	G	-		
1538	8	O	11.09	G	-		
1538	9	O	11.09	G	-		
1538	10	O	11.09	C	-		
1538	11	O	11.09	A	-		
1538	12	O	11.09	T	-		
1538	13	O	11.09	C	-		
1538	14	O	11.09	C	-		
1538	15	O	11.09	A	-		
1538	16	O	11.09	G	-		
1538	17	O	11.09	A	-		
1538	18	O	11.09	T	-		
1538	19	O	11.09	C	-		
1538	20	O	11.09	G	-		
1538	21	O	11.09	A	-		
1538	22	O	11.09	C	-		
1538	23	O	11.09	T	-		
1538	24	O	11.09	C	-		
1538	25	O	11.09	G	-		
1538	26	O	11.09	C	-		
1538	27	O	11.09	T	-		
1538	28	O	11.09	G	-		
1538	29	O	11.09	G	-		
1538	30	O	11.09	T	-		
1538	31	O	11.09	A	-		
1538	32	O	11.09	G	-		
1538	33	O	11.09	T	-		
1538	34	O	11.09	A	-		
1538	35	O	11.09	C	-		
1538	36	O	11.09	G	-		
1538	37	O	11.09	A	-		
1538	38	O	11.09	A	-		
1538	39	O	11.09	A	-		
1538	40	O	11.09	T	-		
1538	41	O	11.09	A	-		
1538	42	O	11.09	T	-		
1538	43	O	11.09	G	-		
1538	44	O	11.09	T	-		
1538	45	O	11.09	C	-		
1538	46	O	11.09	C	-		
1538	47	O	11.09	A	-		
1538	48	O	11.09	A	-		
1538	49	O	11.09	A	-		
1538	50	O	11.09	G	-		
1538	51	O	11.09	C	-		
1538	52	O	11.09	C	-		
1538	53	O	11.09	T	-		
1538	54	O	11.09	T	-		
1538	55	O	11.09	C	-		
1538	56	O	11.09	C	-		
1538	57	O	11.09	C	-		
1538	58	O	11.09	A	-		
1538	59	O	11.09	G	-		
1538	60	O	11.09	A	-		
1538	61	O	11.09	A	-		
1538	62	O	11.09	T	-		
1538	63	O	11.09	T	-		
1538	64	O	11.09	G	-		
1538	65	O	11.09	A	-		
1538	66	O	11.09	G	-		
1538	67	O	11.09	C	-		
1538	68	O	11.09	C	-		
1538	69	O	11.09	A	-		
1538	70	O	11.09	A	-		
1538	71	O	11.09	T	-		
1538	72	O	11.09	C	-		
1538	73	O	11.09	G	-		
1538	74	O	11.09	G	-		
1538	75	O	11.09	T	-		
1538	76	O	11.09	T	-		
1538	77	O	11.09	C	-		
1538	78	O	11.09	T	-		
1538	79	O	11.09	C	-		
1538	80	O	11.09	C	-		
1538	81	O	11.09	G	-		
1538	82	O	11.09	A	-		
1538	83	O	11.09	G	-		
1538	84	O	11.09	A	-		
1538	85	O	11.09	T	-		
1538	86	O	11.09	A	-		
1538	87	O	11.09	A	-		
1538	88	O	11.09	G	-		
1538	89	O	11.09	G	-		
1538	90	O	11.09	A	-		
1538	91	O	11.09	T	-		
1538	92	O	11.09	G	-		
1538	93	O	11.09	A	-		
1538	94	O	11.09	G	-		
1538	95	O	11.09	C	-		
1538	96	O	11.09	T	-		
1538	97	O	11.09	G	-		
1538	98	O	11.09	C	-		
1538	99	O	11.09	G	-		
1538	100	O	11.09	A	-		
1538	101	O	11.09	A	-		
1538	102	O	11.09	G	-		
1538	103	O	11.09	G	-		
1538	104	O	11.09	T	-		
1538	105	O	11.09	G	-		
1538	106	O	11.09	T	-		
1538	107	O	11.09	G	-		
1538	108	O	11.09	T	-		
1538	109	O	11.09	A	-		
1539	0	O	9.70	C	-		
1539	1	O	9.70	A	-		
1539	2	O	9.70	G	-		
1539	3	O	9.70	A	-		
1539	4	O	9.70	G	-		
1539	5	O	9.70	C	-		
1539	6	O	9.70	C	-		
1539	7	O	9.70	T	-		
1539	8	O	9.70	T	-		
1539	9	O	9.70	C	-		
1539	10	O	9.70	T	-		
1539	11	O	9.70	C	-		
1539	12	O	9.70	C	-		
1539	13	O	9.70	A	-		
1539	14	O	9.70	A	-		
1539	15	O	9.70	C	-		
1539	16	O	9.70	G	-		
1539	17	O	9.70	A	-		
1539	18	O	9.70	C	-		
1539	19	O	9.70	A	-		
1539	20	O	9.70	G	-		
1539	21	O	9.70	G	-		
1539	22	O	9.70	T	-		
1539	23	O	9.70	T	-		
1539	24	O	9.70	C	-		
1539	25	O	9.70	A	-		
1539	26	O	9.70	T	-		
1539	27	O	9.70	T	-		
1539	28	O	9.70	T	-		
1539	29	O	9.70	T	-		
1539	30	O	9.70	T	-		
1539	31	O	9.70	G	-		
1539	32	O	9.70	A	-		
1539	33	O	9.70	A	-		
1539	34	O	9.70	G	-		
1539	35	O	9.70	C	-		
1539	36	O	9.70	C	-		
1539	37	O	9.70	T	-		
1539	38	O	9.70	C	-		
1539	39	O	9.70	A	-		
1539	40	O	9.70	A	-		
1539	41	O	9.70	T	-		
1539	42	O	9.70	T	-		
1539	43	O	9.70	T	-		
1539	44	O	9.70	A	-		
1539	45	O	9.70	T	-		
1539	46	O	9.70	G	-		
1539	47	O	9.70	C	-		
1539	48	O	9.70	A	-		
1539	49	O	9.70	T	-		
1539	50	O	9.70	T	-		
1539	51	O	9.70	G	-		
1539	52	O	9.70	C	-		
1539	53	O	9.70	T	-		
1539	54	O	9.70	C	-		
1539	55	O	9.70	T	-		
1539	56	O	9.70	G	-		
1539	57	O	9.70	G	-		
1539	58	O	9.70	C	-		
1539	59	O	9.70	A	-		
1539	60	O	9.70	G	-		
1539	61	O	9.70	T	-		
1539	62	O	9.70	A	-		
1539	63	O	9.70	C	-		
1539	64	O	9.70	C	-		
1539	65	O	9.70	A	-		
1539	66	O	9.70	C	-		
1539	67	O	9.70	T	-		
1539	68	O	9.70	G	-		
1539	69	O	9.70	G	-		
1539	70	O	9.70	T	-		
1539	71	O	9.70	T	-		
1539	72	O	9.70	T	-		
1539	73	O	9.70	C	-		
1539	74	O	9.70	T	-		
1539	75	O	9.70	C	-		
1539	76	O	9.70	A	-		
1539	77	O	9.70	T	-		
1539	78	O	9.70	T	-		
1539	79	O	9.70	T	-		
1539	80	O	9.70	G	-		
1539	81	O	9.70	C	-		
1539	82	O	9.70	T	-		
1539	83	O	9.70	G	-		
1539	84	O	9.70	C	-		
1539	85	O	9.70	A	-		
1539	86	O	9.70	A	-		
1539	87	O	9.70	A	-		
1539	88	O	9.70	T	-		
1539	89	O	9.70	G	-		
1539	90	O	9.70	G	-		
1539	91	O	9.70	C	-		
1539	92	U	1.77	T	C		
1539	93	O	9.70	C	-		
1539	94	O	9.70	T	-		
1539	95	O	9.70	T	-		
1539	96	O	9.70	A	-		
1539	97	O	9.70	T	-		
1539	98	O	9.70	A	-		
1539	99	O	9.70	G	-		
1539	100	O	9.70	C	-		
1539	101	O	9.70	A	-		
1539	102	O	9.70	A	-		
1539	103	O	9.70	T	-		
1539	104	O	9.70	A	-		
1539	105	O	9.70	C	-		
1539	106	O	9.70	C	-		
1539	107	O	9.70	G	-		
1539	108	O	9.70	T	-		
1539	109	O	9.70	T	-		
1540	0	O	8.32	A	-		
1540	1	O	8.32	T	-		
1540	2	O	8.32	C	-		
1540	3	O	8.32	A	-		
1540	4	O	8.32	A	-		
1540	5	O	8.32	G	-		
1540	6	O	8.32	A	-		
1540	7	O	8.32	T	-		
1540	8	O	8.32	T	-		
1540	9	O	8.32	T	-		
1540	10	O	8.32	T	-		
1540	11	O	8.32	A	-		
1540	12	O	8.32	A	-		
1540	13	O	8.32	A	-		
1540	14	O	8.32	T	-		
1540	15	O	8.32	T	-		
1540	16	O	8.32	T	-		
1540	17	O	8.32	T	-		
1540	18	O	8.32	T	-		
1540	19	O	8.32	T	-		
1540	20	O	8.32	A	-		
1540	21	O	8.32	A	-		
1540	22	O	8.32	T	-		
1540	23	O	8.32	T	-		
1540	24	O	8.32	T	-		
1540	25	U	0.71	C	T		
1540	26	O	8.32	T	-		
1540	27	O	8.32	C	-		
1540	28	O	8.32	T	-		
1540	29	O	8.32	A	-		
1540	30	O	8.32	A	-		
1540	31	O	8.32	T	-		
1540	32	O	8.32	C	-		
1540	33	O	8.32	G	-		
1540	34	O	8.32	A	-		
1540	35	O	8.32	G	-		
1540	36	O	8.32	A	-		
1540	37	O	8.32	T	-		
1540	38	O	8.32	A	-		
1540	39	O	8.32	A	-		
1540	40	O	8.32	A	-		
1540	41	O	8.32	C	-		
1540	42	O	8.32	A	-		
1540	43	O	8.32	A	-		
1540	44	O	8.32	A	-		
1540	45	O	8.32	A	-		
1540	46	O	8.32	A	-		
1540	47	O	8.32	A	-		
1540	48	O	8.32	A	-		
1540	49	O	8.32	A	-		
1540	50	O	8.32	T	-		
1540	51	O	8.32	A	-		
1540	52	O	8.32	A	-		
1540	53	O	8.32	A	-		
1540	54	O	8.32	A	-		
1540	55	O	8.32	A	-		
1540	56	O	8.32	A	-		
1540	57	O	8.32	G	-		
1540	58	O	8.32	A	-		
1540	59	O	8.32	T	-		
1540	60	O	8.32	T	-		
1540	61	O	8.32	G	-		
1540	62	O	8.32	A	-		
1540	63	O	8.32	T	-		
1540	64	O	8.32	C	-		
1540	65	O	8.32	A	-		
1540	66	O	8.32	A	-		
1540	67	O	8.32	A	-		
1540	68	O	8.32	T	-		
1540	69	O	8.32	A	-		
1540	70	O	8.32	T	-		
1540	71	O	8.32	C	-		
1540	72	O	8.32	A	-		
1540	73	O	8.32	A	-		
1540	74	O	8.32	A	-		
1540	75	O	8.32	A	-		
1540	76	O	8.32	A	-		
1540	77	O	8.32	A	-		
1540	78	O	8.32	T	-		
1540	79	O	8.32	A	-		
1540	80	O	8.32	A	-		
1540	81	O	8.32	A	-		
1540	82	O	8.32	A	-		
1540	83	O	8.32	T	-		
1540	84	O	8.32	A	-		
1540	85	O	8.32	A	-		
1540	86	O	8.32	A	-		
1540	87	O	8.32	T	-		
1540	88	O	8.32	C	-		
1540	89	O	8.32	A	-		
1540	90	O	8.32	A	-		
1540	91	O	8.32	A	-		
1540	92	O	8.32	A	-		
1540	93	O	8.32	T	-		
1540	94	O	8.32	A	-		
1540	95	O	8.32	C	-		
1540	96	O	8.32	A	-		
1540	97	O	8.32	A	-		
1540	98	O	8.32	C	-		
1540	99	O	8.32	A	-		
1540	100	O	8.32	A	-		
1540	101	O	8.32	T	-		
1540	102	O	8.32	A	-		
1540	103	O	8.32	A	-		
1540	104	O	8.32	A	-		
1540	105	O	8.32	T	-		
1540	106	O	8.32	C	-		
1540	107	O	8.32	A	-		
1540	108	O	8.32	A	-		
1540	109	O	8.32	A	-		
1541	0	O	16.64	C	-		
1541	1	O	16.64	T	-		
1541	2	O	16.64	C	-		
1541	3	O	16.64	T	-		
1541	4	O	16.64	A	-		
1541	5	O	16.64	C	-		
1541	6	O	16.64	C	-		
1541	7	O	16.64	G	-		
1541	8	O	16.64	C	-		
1541	9	O	16.64	A	-		
1541	10	O	16.64	T	-		
1541	11	O	16.64	G	-		
1541	12	O	16.64	T	-		
1541	13	O	16.64	G	-		
1541	14	O	16.64	T	-		
1541	15	O	16.64	G	-		
1541	16	O	16.64	G	-		
1541	17	O	16.64	G	-		
1541	18	O	16.64	C	-		
1541	19	O	16.64	C	-		
1541	20	O	16.64	A	-		
1541	21	O	16.64	C	-		
1541	22	O	16.64	G	-		
1541	23	O	16.64	C	-		
1541	24	O	16.64	G	-		
1541	25	O	16.64	C	-		
1541	26	O	16.64	T	-		
1541	27	O	16.64	C	-		
1541	28	O	16.64	T	-		
1541	29	O	16.64	G	-		
1541	30	O	16.64	C	-		
1541	31	O	16.64	C	-		
1541	32	O	16.64	A	-		
1541	33	O	16.64	A	-		
1541	34	O	16.64	C	-		
1541	35	O	16.64	G	-		
1541	36	O	16.64	T	-		
1541	37	O	16.64	G	-		
1541	38	O	16.64	T	-		
1541	39	O	16.64	G	-		
1541	40	O	16.64	C	-		
1541	41	O	16.64	G	-		
1541	42	O	16.64	T	-		
1541	43	O	16.64	G	-		
1541	44	O	16.64	G	-		
1541	45	O	16.64	C	-		
1541	46	O	16.64	C	-		
1541	47	O	16.64	G	-		
1541	48	O	16.64	T	-		
1541	49	O	16.64	G	-		
1541	50	O	16.64	C	-		
1541	51	O	16.64	G	-		
1541	52	O	16.64	T	-		
1541	53	O	16.64	A	-		
1541	54	O	16.64	G	-		
1541	55	O	16.64	C	-		
1541	56	O	16.64	A	-		
1541	57	O	16.64	A	-		
1541	58	O	16.64	C	-		
1541	59	O	16.64	C	-		
1541	60	O	16.64	G	-		
1541	61	O	16.64	T	-		
1541	62	O	16.64	T	-		
1541	63	O	16.64	C	-		
1541	64	O	16.64	G	-		
1541	65	O	16.64	T	-		
1541	66	O	16.64	G	-		
1541	67	O	16.64	G	-		
1541	68	O	16.64	T	-		
1541	69	O	16.64	T	-		
1541	70	O	16.64	C	-		
1541	71	O	16.64	A	-		
1541	72	O	16.64	A	-		
1541	73	O	16.64	A	-		
1541	74	O	16.64	G	-		
1541	75	O	16.64	C	-		
1541	76	O	16.64	C	-		
1541	77	O	16.64	T	-		
1541	78	O	16.64	C	-		
1541	79	O	16.64	C	-		
1541	80	O	16.64	C	-		
1541	81	O	16.64	G	-		
1541	82	O	16.64	G	-		
1541	83	O	16.64	A	-		
1541	84	O	16.64	A	-		
1541	85	O	16.64	G	-		
1541	86	O	16.64	A	-		
1541	87	O	16.64	C	-		
1541	88	O	16.64	T	-		
1541	89	O	16.64	T	-		
1541	90	O	16.64	G	-		
1541	91	O	16.64	G	-		
1541	92	O	16.64	A	-		
1541	93	O	16.64	T	-		
1541	94	O	16.64	T	-		
1541	95	O	16.64	C	-		
1541	96	O	16.64	G	-		
1541	97	O	16.64	G	-		
1541	98	O	16.64	G	-		
1541	99	O	16.64	G	-		
1541	100	O	16.64	C	-		
1541	101	O	16.64	C	-		
1541	102	O	16.64	G	-		
1541	103	O	16.64	A	-		
1541	104	O	16.64	A	-		
1541	105	O	16.64	A	-		
1541	106	O	16.64	C	-		
1541	107	O	16.64	T	-		
1541	108	O	16.64	T	-		
1541	109	O	16.64	C	-		
1542	0	O	5.55	G	-		
1542	1	O	5.55	C	-		
1542	2	O	5.55	C	-		
1542	3	O	5.55	A	-		
1542	4	O	5.55	G	-		
1542	5	O	5.55	C	-		
1542	6	O	5.55	T	-		
1542	7	O	5.55	G	-		
1542	8	O	5.55	A	-		
1542	9	O	5.55	T	-		
1542	10	O	5.55	T	-		
1542	11	O	5.55	T	-		
1542	12	O	5.55	G	-		
1542	13	O	5.55	T	-		
1542	14	O	5.55	C	-		
1542	15	O	5.55	G	-		
1542	16	O	5.55	A	-		
1542	17	O	5.55	T	-		
1542	18	O	5.55	C	-		
1542	19	O	5.55	C	-		
1542	20	O	5.55	G	-		
1542	21	O	5.55	C	-		
1542	22	O	5.55	G	-		
1542	23	O	5.55	G	-		
1542	24	O	5.55	G	-		
1542	25	O	5.55	T	-		
1542	26	O	5.55	C	-		
1542	27	O	5.55	G	-		
1542	28	O	5.55	T	-		
1542	29	O	5.55	G	-		
1542	30	O	5.55	G	-		
1542	31	O	5.55	T	-		
1542	32	O	5.55	G	-		
1542	33	O	5.55	G	-		
1542	34	O	5.55	T	-		
1542	35	O	5.55	A	-		
1542	36	O	5.55	G	-		
1542	37	O	5.55	G	-		
1542	38	O	5.55	C	-		
1542	39	O	5.55	G	-		
1542	40	O	5.55	T	-		
1542	41	O	5.55	A	-		
1542	42	O	5.55	T	-		
1542	43	O	5.55	T	-		
1542	44	O	5.55	C	-		
1542	45	O	5.55	A	-		
1542	46	O	5.55	C	-		
1542	47	O	5.55	G	-		
1542	48	O	5.55	A	-		
1542	49	O	5.55	G	-		
1542	50	O	5.55	C	-		
1542	51	O	5.55	T	-		
1542	52	O	5.55	T	-		
1542	53	O	5.55	G	-		
1542	54	O	5.55	C	-		
1542	55	O	5.55	C	-		
1542	56	O	5.55	A	-		
1542	57	O	5.55	T	-		
1542	58	O	5.55	A	-		
1542	59	O	5.55	A	-		
1542	60	O	5.55	G	-		
1542	61	O	5.55	C	-		
1542	62	O	5.55	C	-		
1542	63	O	5.55	C	-		
1542	64	O	5.55	T	-		
1542	65	O	5.55	G	-		
1542	66	O	5.55	C	-		
1542	67	O	5.55	G	-		
1542	68	O	5.55	C	-		
1542	69	O	5.55	G	-		
1542	70	O	5.55	C	-		
1542	71	O	5.55	C	-		
1542	72	O	5.55	T	-		
1542	73	O	5.55	C	-		
1542	74	O	5.55	G	-		
1542	75	O	5.55	T	-		
1542	76	O	5.55	T	-		
1542	77	O	5.55	T	-		
1542	78	O	5.55	G	-		
1542	79	O	5.55	A	-		
1542	80	O	5.55	G	-		
1542	81	O	5.55	G	-		
1542	82	O	5.55	T	-		
1542	83	O	5.55	C	-		
1542	84	O	5.55	G	-		
1542	85	O	5.55	G	-		
1542	86	O	5.55	C	-		
1542	87	O	5.55	G	-		
1542	88	O	5.55	G	-		
1542	89	O	5.55	T	-		
1542	90	O	5.55	T	-		
1542	91	O	5.55	T	-		
1542	92	O	5.55	T	-		
1542	93	O	5.55	G	-		
1542	94	O	5.55	G	-		
1542	95	O	5.55	C	-		
1542	96	O	5.55	A	-		
1542	97	O	5.55	G	-		
1542	98	O	5.55	G	-		
1542	99	O	5.55	C	-		
1542	100	O	5.55	T	-		
1542	101	O	5.55	T	-		
1542	102	O	5.55	C	-		
1542	103	O	5.55	C	-		
1542	104	O	5.55	T	-		
1542	105	O	5.55	G	-		
1542	106	O	5.55	A	-		
1542	107	O	5.55	A	-		
1542	108	O	5.55	G	-		
1542	109	O	5.55	G	-		
1543	0	O	12.48	A	-		
1543	1	O	12.48	A	-		
1543	2	O	12.48	T	-		
1543	3	O	12.48	G	-		
1543	4	O	12.48	T	-		
1543	5	O	12.48	T	-		
1543	6	O	12.48	A	-		
1543	7	O	12.48	T	-		
1543	8	O	12.48	C	-		
1543	9	O	12.48	C	-		
1543	10	O	12.48	A	-		
1543	11	O	12.48	A	-		
1543	12	O	12.48	A	-		
1543	13	O	12.48	A	-		
1543	14	O	12.48	T	-		
1543	15	O	4.00	C	-		
1543	16	O	12.48	T	-		
1543	17	O	12.48	A	-		
1543	18	O	12.48	T	-		
1543	19	O	12.48	C	-		
1543	20	O	12.48	C	-		
1543	21	O	12.48	A	-		
1543	22	O	12.48	T	-		
1543	23	O	12.48	T	-		
1543	24	O	12.48	T	-		
1543	25	O	12.48	T	-		
1543	26	O	12.48	G	-		
1543	27	O	12.48	A	-		
1543	28	O	12.48	A	-		
1543	29	O	12.48	C	-		
1543	30	O	12.48	T	-		
1543	31	O	12.48	T	-		
1543	32	O	12.48	G	-		
1543	33	O	12.48	T	-		
1543	34	O	12.48	T	-		
1543	35	O	12.48	G	-		
1543	36	O	12.48	A	-		
1543	37	O	12.48	C	-		
1543	38	O	12.48	G	-		
1543	39	O	12.48	A	-		
1543	40	O	12.48	G	-		
1543	41	O	12.48	G	-		
1543	42	O	12.48	T	-		
1543	43	O	12.48	C	-		
1543	44	O	12.48	T	-		
1543	45	O	12.48	A	-		
1543	46	O	12.48	C	-		
1543	47	O	12.48	C	-		
1543	48	O	12.48	A	-		
1543	49	O	12.48	A	-		
1543	50	O	12.48	T	-		
1543	51	O	12.48	C	-		
1543	52	O	12.48	A	-		
1543	53	O	12.48	T	-		
1543	54	O	12.48	G	-		
1543	55	O	12.48	G	-		
1543	56	O	12.48	T	-		
1543	57	O	12.48	T	-		
1543	58	O	12.48	T	-		
1543	59	O	12.48	G	-		
1543	60	O	12.48	A	-		
1543	61	O	12.48	A	-		
1543	62	O	12.48	A	-		
1543	63	O	12.48	A	-		
1543	64	O	12.48	T	-		
1543	65	O	12.48	T	-		
1543	66	O	12.48	C	-		
1543	67	O	12.48	G	-		
1543	68	O	12.48	A	-		
1543	69	O	12.48	T	-		
1543	70	O	12.48	G	-		
1543	71	O	12.48	A	-		
1543	72	O	12.48	A	-		
1543	73	O	12.48	G	-		
1543	74	O	12.48	A	-		
1543	75	O	12.48	T	-		
1543	76	O	12.48	T	-		
1543	77	O	12.48	C	-		
1543	78	O	12.48	T	-		
1543	79	O	12.48	C	-		
1543	80	O	12.48	A	-		
1543	81	O	12.48	A	-		
1543	82	O	12.48	C	-		
1543	83	O	12.48	A	-		
1543	84	O	12.48	C	-		
1543	85	O	12.48	C	-		
1543	86	O	12.48	C	-		
1543	87	O	12.48	A	-		
1543	88	O	12.48	T	-		
1543	89	O	12.48	A	-		
1543	90	O	12.48	A	-		
1543	91	O	12.48	A	-		
1543	92	O	12.48	A	-		
1543	93	O	12.48	T	-		
1543	94	O	12.48	C	-		
1543	95	O	12.48	A	-		
1543	96	O	12.48	A	-		
1543	97	O	12.48	T	-		
1543	98	O	12.48	T	-		
1543	99	O	12.48	C	-		
1543	100	O	12.48	T	-		
1543	101	O	12.48	A	-		
1543	102	O	12.48	T	-		
1543	103	O	12.48	C	-		
1543	104	O	12.48	T	-		
1543	105	O	12.48	A	-		
1543	106	O	12.48	A	-		
1543	107	O	12.48	T	-		
1543	108	O	12.48	T	-		
1543	109	O	12.48	T	-		
1544	0	O	11.09	T	-		
1544	1	O	11.09	G	-		
1544	2	O	11.09	A	-		
1544	3	O	11.09	G	-		
1544	4	O	11.09	G	-		
1544	5	O	11.09	C	-		
1544	6	O	11.09	T	-		
1544	7	O	11.09	A	-		
1544	8	O	11.09	G	-		
1544	9	O	11.09	T	-		
1544	10	O	11.09	T	-		
1544	11	O	11.09	C	-		
1544	12	O	11.09	T	-		
1544	13	O	11.09	T	-		
1544	14	O	11.09	T	-		
1544	15	O	11.09	G	-		
1544	16	O	11.09	G	-		
1544	17	O	11.09	G	-		
1544	18	O	11.09	C	-		
1544	19	O	11.09	T	-		
1544	20	O	11.09	T	-		
1544	21	O	11.09	A	-		
1544	22	O	11.09	G	-		
1544	23	O	11.09	C	-		
1544	24	O	11.09	T	-		
1544	25	O	11.09	A	-		
1544	26	O	11.09	T	-		
1544	27	O	11.09	T	-		
1544	28	O	11.09	G	-		
1544	29	O	11.09	C	-		
1544	30	O	11.09	G	-		
1544	31	O	11.09	A	-		
1544	32	O	11.09	G	-		
1544	33	O	11.09	T	-		
1544	34	O	11.09	A	-		
1544	35	O	11.09	C	-		
1544	36	O	11.09	C	-		
1544	37	O	11.09	T	-		
1544	38	O	11.09	C	-		
1544	39	O	11.09	C	-		
1544	40	O	11.09	C	-		
1544	41	O	11.09	A	-		
1544	42	O	11.09	G	-		
1544	43	O	11.09	A	-		
1544	44	O	11.09	A	-		
1544	45	O	11.09	T	-		
1544	46	O	11.09	G	-		
1544	47	O	11.09	C	-		
1544	48	O	11.09	T	-		
1544	49	O	11.09	C	-		
1544	50	O	11.09	C	-		
1544	51	O	11.09	C	-		
1544	52	O	11.09	A	-		
1544	53	O	11.09	G	-		
1544	54	O	11.09	C	-		
1544	55	O	11.09	A	-		
1544	56	O	11.09	T	-		
1544	57	O	11.09	C	-		
1544	58	O	11.09	A	-		
1544	59	O	11.09	G	-		
1544	60	O	11.09	C	-		
1544	61	O	11.09	T	-		
1544	62	O	11.09	A	-		
1544	63	O	11.09	T	-		
1544	64	O	11.09	G	-		
1544	65	O	11.09	A	-		
1544	66	O	11.09	G	-		
1544	67	O	11.09	A	-		
1544	68	O	11.09	A	-		
1544	69	O	11.09	G	-		
1544	70	O	11.09	A	-		
1544	71	O	11.09	A	-		
1544	72	O	11.09	G	-		
1544	73	O	11.09	A	-		
1544	74	O	11.09	T	-		
1544	75	O	11.09	A	-		
1544	76	O	11.09	G	-		
1544	77	O	11.09	T	-		
1544	78	O	11.09	C	-		
1544	79	O	11.09	G	-		
1544	80	O	11.09	C	-		
1544	81	O	11.09	C	-		
1544	82	O	11.09	T	-		
1544	83	O	11.09	T	-		
1544	84	O	11.09	C	-		
1544	85	O	11.09	T	-		
1544	86	O	11.09	T	-		
1544	87	O	11.09	C	-		
1544	88	O	11.09	A	-		
1544	89	O	11.09	A	-		
1544	90	O	11.09	G	-		
1544	91	O	11.09	C	-		
1544	92	O	11.09	A	-		
1544	93	O	11.09	G	-		
1544	94	O	11.09	C	-		
1544	95	O	11.09	C	-		
1544	96	O	11.09	A	-		
1544	97	O	11.09	A	-		
1544	98	O	11.09	A	-		
1544	99	O	11.09	C	-		
1544	100	O	11.09	G	-		
1544	101	O	11.09	T	-		
1544	102	O	11.09	G	-		
1544	103	O	11.09	T	-		
1544	104	O	11.09	T	-		
1544	105	O	11.09	T	-		
1544	106	O	11.09	G	-		
1544	107	O	11.09	A	-		
1544	108	O	11.09	T	-		
1544	109	O	11.09	C	-		
1545	0	O	9.70	T	-		
1545	1	O	9.70	T	-		
1545	2	O	9.70	C	-		
1545	3	O	9.70	A	-		
1545	4	O	9.70	G	-		
1545	5	O	9.70	T	-		
1545	6	O	9.70	C	-		
1545	7	O	9.70	G	-		
1545	8	O	9.70	T	-		
1545	9	O	9.70	C	-		
1545	10	O	9.70	A	-		
1545	11	O	9.70	A	-		
1545	12	O	9.70	G	-		
1545	13	O	9.70	A	-		
1545	14	O	9.70	A	-		
1545	15	O	9.70	G	-		
1545	16	O	9.70	G	-		
1545	17	O	9.70	A	-		
1545	18	O	9.70	T	-		
1545	19	O	9.70	T	-		
1545	20	O	9.70	C	-		
1545	21	O	9.70	A	-		
1545	22	O	9.70	A	-		
1545	23	O	9.70	A	-		
1545	24	O	9.70	A	-		
1545	25	O	9.70	G	-		
1545	26	O	9.70	G	-		
1545	27	U	1.77	T	G		
1545	28	O	9.70	A	-		
1545	29	O	9.70	A	-		
1545	30	O	9.70	G	-		
1545	31	O	9.70	T	-		
1545	32	O	9.70	C	-		
1545	33	O	9.70	T	-		
1545	34	O	9.70	C	-		
1545	35	O	9.70	T	-		
1545	36	O	9.70	T	-		
1545	37	O	9.70	G	-		
1545	38	O	9.70	T	-		
1545	39	O	9.70	G	-		
1545	40	O	9.70	C	-		
1545	41	O	9.70	G	-		
1545	42	O	9.70	G	-		
1545	43	O	9.70	C	-		
1545	44	O	9.70	G	-		
1545	45	O	9.70	G	-		
1545	46	O	9.70	G	-		
1545	47	O	9.70	G	-		
1545	48	O	9.70	C	-		
1545	49	O	9.70	C	-		
1545	50	O	9.70	T	-		
1545	51	O	9.70	G	-		
1545	52	O	9.70	T	-		
1545	53	O	9.70	G	-		
1545	54	O	9.70	A	-		
1545	55	O	9.70	G	-		
1545	56	O	9.70	T	-		
1545	57	O	9.70	T	-		
1545	58	O	9.70	T	-		
1545	59	O	9.70	A	-		
1545	60	O	9.70	C	-		
1545	61	O	9.70	A	-		
1545	62	O	9.70	C	-		
1545	63	O	9.70	G	-		
1545	64	O	9.70	T	-		
1545	65	O	9.70	C	-		
1545	66	O	9.70	A	-		
1545	67	O	9.70	G	-		
1545	68	O	9.70	T	-		
1545	69	O	9.70	C	-		
1545	70	O	9.70	G	-		
1545	71	O	9.70	T	-		
1545	72	O	9.70	C	-		
1545	73	O	9.70	A	-		
1545	74	O	9.70	A	-		
1545	75	O	9.70	T	-		
1545	76	O	9.70	G	-		
1545	77	O	9.70	C	-		
1545	78	O	9.70	C	-		
1545	79	O	9.70	G	-		
1545	80	O	9.70	A	-		
1545	81	O	9.70	T	-		
1545	82	O	9.70	A	-		
1545	83	O	9.70	T	-		
1545	84	O	9.70	C	-		
1545	85	O	9.70	G	-		
1545	86	O	9.70	G	-		
1545	87	O	9.70	G	-		
1545	88	O	9.70	C	-		
1545	89	O	9.70	A	-		
1545	90	O	9.70	C	-		
1545	91	O	9.70	T	-		
1545	92	O	9.70	T	-		
1545	93	O	9.70	G	-		
1545	94	O	9.70	T	-		
1545	95	O	9.70	T	-		
1545	96	O	9.70	A	-		
1545	97	O	9.70	T	-		
1545	98	O	9.70	C	-		
1545	99	O	9.70	G	-		
1545	100	O	9.70	A	-		
1545	101	O	9.70	G	-		
1545	102	O	9.70	C	-		
1545	103	O	9.70	A	-		
1545	104	O	9.70	G	-		
1545	105	O	9.70	T	-		
1545	106	O	9.70	T	-		
1545	107	O	9.70	C	-		
1545	108	O	9.70	A	-		
1545	109	O	9.70	A	-		
1546	0	O	13.86	A	-		
1546	1	O	13.86	T	-		
1546	2	O	13.86	C	-		
1546	3	O	13.86	G	-		
1546	4	O	13.86	G	-		
1546	5	O	13.86	C	-		
1546	6	O	13.86	G	-		
1546	7	O	13.86	G	-		
1546	8	O	13.86	A	-		
1546	9	O	13.86	T	-		
1546	10	O	13.86	C	-		
1546	11	O	13.86	G	-		
1546	12	O	13.86	T	-		
1546	13	O	13.86	G	-		
1546	14	O	13.86	G	-		
1546	15	O	13.86	C	-		
1546	16	O	13.86	C	-		
1546	17	O	13.86	G	-		
1546	18	O	13.86	G	-		
1546	19	O	13.86	C	-		
1546	20	O	13.86	A	-		
1546	21	O	13.86	G	-		
1546	22	O	13.86	G	-		
1546	23	O	13.86	T	-		
1546	24	O	13.86	C	-		
1546	25	O	13.86	C	-		
1546	26	O	13.86	G	-		
1546	27	O	13.86	A	-		
1546	28	O	13.86	G	-		
1546	29	O	13.86	C	-		
1546	30	O	13.86	G	-		
1546	31	O	13.86	C	-		
1546	32	O	13.86	G	-		
1546	33	O	13.86	C	-		
1546	34	O	13.86	G	-		
1546	35	O	13.86	C	-		
1546	36	O	13.86	T	-		
1546	37	O	13.86	G	-		
1546	38	O	13.86	C	-		
1546	39	O	13.86	C	-		
1546	40	O	13.86	C	-		
1546	41	O	13.86	A	-		
1546	42	O	13.86	C	-		
1546	43	O	13.86	C	-		
1546	44	O	13.86	C	-		
1546	45	O	13.86	G	-		
1546	46	O	13.86	C	-		
1546	47	O	13.86	A	-		
1546	48	O	13.86	A	-		
1546	49	O	13.86	A	-		
1546	50	O	13.86	G	-		
1546	51	O	13.86	G	-		
1546	52	O	13.86	C	-		
1546	53	O	13.86	T	-		
1546	54	O	13.86	G	-		
1546	55	O	13.86	G	-		
1546	56	O	13.86	C	-		
1546	57	O	13.86	A	-		
1546	58	O	13.86	G	-		
1546	59	O	13.86	G	-		
1546	60	O	13.86	A	-		
1546	61	O	13.86	C	-		
1546	62	O	13.86	G	-		
1546	63	O	13.86	G	-		
1546	64	O	13.86	C	-		
1546	65	O	13.86	C	-		
1546	66	O	13.86	A	-		
1546	67	O	13.86	G	-		
1546	68	O	13.86	G	-		
1546	69	O	13.86	C	-		
1546	70	O	13.86	G	-		
1546	71	O	13.86	G	-		
1546	72	O	13.86	T	-		
1546	73	O	13.86	T	-		
1546	74	O	13.86	G	-		
1546	75	O	13.86	C	-		
1546	76	O	13.86	C	-		
1546	77	O	13.86	G	-		
1546	78	O	13.86	G	-		
1546	79	O	13.86	T	-		
1546	80	O	13.86	A	-		
1546	81	O	13.86	T	-		
1546	82	O	13.86	T	-		
1546	83	O	13.86	A	-		
1546	84	O	13.86	G	-		
1546	85	O	13.86	T	-		
1546	86	O	5.16	G	-		
1546	87	O	13.86	C	-		
1546	88	O	13.86	G	-		
1546	89	O	13.86	C	-		
1546	90	O	13.86	C	-		
1546	91	O	13.86	T	-		
1546	92	O	13.86	A	-		
1546	93	O	13.86	G	-		
1546	94	O	13.86	T	-		
1546	95	O	13.86	G	-		
1546	96	O	13.86	G	-		
1546	97	O	13.86	A	-		
1546	98	O	13.86	T	-		
1546	99	O	13.86	G	-		
1546	100	O	13.86	C	-		
1546	101	O	13.86	G	-		
1546	102	O	13.86	C	-		
1546	103	O	13.86	A	-		
1546	104	O	13.86	A	-		
1546	105	O	13.86	C	-		
1546	106	O	13.86	G	-		
1546	107	O	13.86	G	-		
1546	108	O	13.86	C	-		
1546	109	O	13.86	G	-		
1547	0	O	5.55	G	-		
1547	1	O	5.55	G	-		
1547	2	O	5.55	A	-		
1547	3	O	5.55	G	-		
1547	4	O	5.55	G	-		
1547	5	O	5.55	C	-		
1547	6	O	5.55	A	-		
1547	7	O	5.55	T	-		
1547	8	O	5.55	G	-		
1547	9	O	5.55	T	-		
1547	10	O	5.55	T	-		
1547	11	O	5.55	G	-		
1547	12	O	5.55	G	-		
1547	13	O	5.55	T	-		
1547	14	O	5.55	T	-		
1547	15	O	5.55	T	-		
1547	16	O	5.55	T	-		
1547	17	O	5.55	C	-		
1547	18	O	5.55	T	-		
1547	19	O	5.55	A	-		
1547	20	O	5.55	A	-		
1547	21	O	5.55	T	-		
1547	22	O	5.55	A	-		
1547	23	O	5.55	T	-		
1547	24	O	5.55	A	-		
1547	25	O	5.55	C	-		
1547	26	O	5.55	T	-		
1547	27	O	5.55	T	-		
1547	28	O	5.55	C	-		
1547	29	O	5.55	T	-		
1547	30	O	5.55	T	-		
1547	31	O	5.55	T	-		
1547	32	O	5.55	A	-		
1547	33	O	5.55	T	-		
1547	34	O	5.55	T	-		
1547	35	O	5.55	T	-		
1547	36	O	5.55	A	-		
1547	37	O	5.55	T	-		
1547	38	O	5.55	C	-		
1547	39	O	5.55	G	-		
1547	40	O	5.55	A	-		
1547	41	O	5.55	G	-		
1547	42	O	5.55	A	-		
1547	43	O	5.55	G	-		
1547	44	O	5.55	A	-		
1547	45	O	5.55	A	-		
1547	46	O	5.55	A	-		
1547	47	O	5.55	A	-		
1547	48	O	5.55	A	-		
1547	49	O	5.55	A	-		
1547	50	O	5.55	A	-		
1547	51	O	5.55	G	-		
1547	52	O	5.55	T	-		
1547	53	O	5.55	A	-		
1547	54	O	5.55	A	-		
1547	55	O	5.55	A	-		
1547	56	O	5.55	T	-		
1547	57	O	5.55	C	-		
1547	58	O	5.55	A	-		
1547	59	O	5.55	T	-		
1547	60	O	5.55	C	-		
1547	61	O	5.55	T	-		
1547	62	O	5.55	T	-		
1547	63	O	5.55	G	-		
1547	64	O	5.55	A	-		
1547	65	O	5.55	T	-		
1547	66	O	5.55	A	-		
1547	67	O	5.55	A	-		
1547	68	O	5.55	A	-		
1547	69	O	5.55	T	-		
1547	70	O	5.55	C	-		
1547	71	O	5.55	A	-		
1547	72	O	5.55	T	-		
1547	73	O	5.55	G	-		
1547	74	O	5.55	T	-		
1547	75	O	5.55	A	-		
1547	76	O	5.55	A	-		
1547	77	O	5.55	T	-		
1547	78	O	5.55	A	-		
1547	79	O	5.55	A	-		
1547	80	O	5.55	T	-		
1547	81	O	5.55	A	-		
1547	82	O	5.55	C	-		
1547	83	O	5.55	T	-		
1547	84	O	5.55	T	-		
1547	85	O	5.55	G	-		
1547	86	O	5.55	T	-		
1547	87	O	5.55	G	-		
1547	88	O	5.55	T	-		
1547	89	O	5.55	C	-		
1547	90	O	5.55	C	-		
1547	91	O	5.55	A	-		
1547	92	O	5.55	A	-		
1547	93	O	5.55	T	-		
1547	94	O	5.55	A	-		
1547	95	O	5.55	T	-		
1547	96	O	5.55	G	-		
1547	97	O	5.55	C	-		
1547	98	O	5.55	A	-		
1547	99	O	5.55	T	-		
1547	100	O	5.55	C	-		
1547	101	O	5.55	A	-		
1547	102	O	5.55	A	-		
1547	103	O	5.55	C	-		
1547	104	O	5.55	C	-		
1547	105	O	5.55	T	-		
1547	106	O	5.55	A	-		
1547	107	O	5.55	T	-		
1547	108	O	5.55	A	-		
1547	109	O	5.55	C	-		
1548	0	O	20.79	T	-		
1548	1	O	20.79	A	-		
1548	2	O	20.79	G	-		
1548	3	O	20.79	A	-		
1548	4	O	20.79	T	-		
1548	5	O	20.79	A	-		
1548	6	O	20.79	C	-		
1548	7	O	20.79	T	-		
1548	8	O	20.79	T	-		
1548	9	O	20.79	A	-		
1548	10	O	20.79	A	-		
1548	11	O	20.79	A	-		
1548	12	O	20.79	A	-		
1548	13	O	20.79	A	-		
1548	14	O	20.79	G	-		
1548	15	O	20.79	A	-		
1548	16	O	20.79	T	-		
1548	17	O	20.79	T	-		
1548	18	O	20.79	T	-		
1548	19	O	20.79	A	-		
1548	20	O	20.79	A	-		
1548	21	O	20.79	C	-		
1548	22	O	20.79	A	-		
1548	23	O	20.79	G	-		
1548	24	O	20.79	A	-		
1548	25	O	20.79	A	-		
1548	26	O	20.79	A	-		
1548	27	O	20.79	A	-		
1548	28	O	20.79	T	-		
1548	29	O	20.79	G	-		
1548	30	O	20.79	A	-		
1548	31	O	20.79	G	-		
1548	32	O	20.79	G	-		
1548	33	O	20.79	C	-		
1548	34	O	20.79	A	-		
1548	35	O	20.79	T	-		
1548	36	O	11.25	T	-		
1548	37	O	20.79	T	-		
1548	38	O	20.79	T	-		
1548	39	O	20.79	T	-		
1548	40	O	20.79	A	-		
1548	41	O	20.79	T	-		
1548	42	O	20.79	T	-		
1548	43	O	20.79	C	-		
1548	44	O	20.79	A	-		
1548	45	O	20.79	T	-		
1548	46	O	20.79	C	-		
1548	47	O	20.79	C	-		
1548	48	O	20.79	G	-		
1548	49	O	20.79	T	-		
1548	50	O	20.79	T	-		
1548	51	O	20.79	C	-		
1548	52	O	20.79	A	-		
1548	53	O	20.79	C	-		
1548	54	O	20.79	A	-		
1548	55	O	20.79	C	-		
1548	56	O	20.79	A	-		
1548	57	O	20.79	T	-		
1548	58	O	20.79	C	-		
1548	59	O	20.79	C	-		
1548	60	O	20.79	T	-		
1548	61	O	20.79	C	-		
1548	62	O	20.79	C	-		
1548	63	O	20.79	T	-		
1548	64	O	20.79	G	-		
1548	65	O	20.79	T	-		
1548	66	O	20.79	C	-		
1548	67	O	20.79	C	-		
1548	68	O	20.79	A	-		
1548	69	O	20.79	A	-		
1548	70	O	20.79	A	-		
1548	71	O	20.79	C	-		
1548	72	O	20.79	A	-		
1548	73	O	20.79	A	-		
1548	74	O	20.79	T	-		
1548	75	O	20.79	C	-		
1548	76	O	20.79	T	-		
1548	77	O	20.79	C	-		
1548	78	O	20.79	C	-		
1548	79	O	20.79	T	-		
1548	80	O	20.79	A	-		
1548	81	O	20.79	C	-		
1548	82	O	20.79	C	-		
1548	83	O	20.79	T	-		
1548	84	O	20.79	A	-		
1548	85	O	20.79	T	-		
1548	86	O	20.79	A	-		
1548	87	O	20.79	T	-		
1548	88	O	20.79	T	-		
1548	89	O	20.79	G	-		
1548	90	O	20.79	A	-		
1548	91	O	20.79	A	-		
1548	92	O	20.79	C	-		
1548	93	O	20.79	A	-		
1548	94	O	20.79	T	-		
1548	95	O	20.79	C	-		
1548	96	O	20.79	A	-		
1548	97	O	11.25	A	-		
1548	98	O	20.79	G	-		
1548	99	O	20.79	A	-		
1548	100	O	20.79	G	-		
1548	101	O	20.79	A	-		
1548	102	O	20.79	T	-		
1548	103	O	20.79	T	-		
1548	104	O	20.79	C	-		
1548	105	O	20.79	T	-		
1548	106	O	20.79	A	-		
1548	107	O	20.79	T	-		
1548	108	O	20.79	A	-		
1548	109	O	20.79	A	-		
1549	0	O	6.93	A	-		
1549	1	O	6.93	G	-		
1549	2	O	6.93	C	-		
1549	3	O	6.93	T	-		
1549	4	O	6.93	G	-		
1549	5	O	6.93	G	-		
1549	6	O	6.93	T	-		
1549	7	O	6.93	A	-		
1549	8	O	6.93	T	-		
1549	9	O	6.93	C	-		
1549	10	O	6.93	G	-		
1549	11	O	6.93	A	-		
1549	12	O	6.93	A	-		
1549	13	O	6.93	T	-		
1549	14	O	6.93	A	-		
1549	15	O	6.93	T	-		
1549	16	O	6.93	T	-		
1549	17	O	6.93	C	-		
1549	18	O	6.93	C	-		
1549	19	O	6.93	C	-		
1549	20	O	6.93	G	-		
1549	21	O	6.93	C	-		
1549	22	O	6.93	G	-		
1549	23	O	6.93	A	-		
1549	24	O	6.93	A	-		
1549	25	O	6.93	T	-		
1549	26	O	6.93	G	-		
1549	27	O	6.93	C	-		
1549	28	O	6.93	C	-		
1549	29	O	6.93	G	-		
1549	30	O	6.93	A	-		
1549	31	O	6.93	T	-		
1549	32	O	6.93	G	-		
1549	33	O	6.93	T	-		
1549	34	O	6.93	G	-		
1549	35	O	6.93	A	-		
1549	36	O	6.93	T	-		
1549	37	O	6.93	T	-		
1549	38	O	6.93	C	-		
1549	39	O	6.93	A	-		
1549	40	O	6.93	G	-		
1549	41	O	6.93	T	-		
1549	42	O	6.93	A	-		
1549	43	O	6.93	A	-		
1549	44	O	6.93	T	-		
1549	45	O	6.93	G	-		
1549	46	O	6.93	A	-		
1549	47	O	6.93	G	-		
1549	48	O	6.93	G	-		
1549	49	O	6.93	A	-		
1549	50	O	6.93	A	-		
1549	51	O	6.93	C	-		
1549	52	O	6.93	G	-		
1549	53	O	6.93	G	-		
1549	54	O	6.93	A	-		
1549	55	O	6.93	G	-		
1549	56	O	6.93	C	-		
1549	57	O	6.93	T	-		
1549	58	O	6.93	T	-		
1549	59	O	6.93	C	-		
1549	60	O	6.93	C	-		
1549	61	O	6.93	A	-		
1549	62	O	6.93	A	-		
1549	63	O	6.93	C	-		
1549	64	O	6.93	A	-		
1549	65	O	6.93	C	-		
1549	66	O	6.93	T	-		
1549	67	O	6.93	A	-		
1549	68	O	6.93	C	-		
1549	69	O	6.93	C	-		
1549	70	O	6.93	C	-		
1549	71	O	6.93	T	-		
1549	72	O	6.93	C	-		
1549	73	O	6.93	C	-		
1549	74	O	6.93	T	-		
1549	75	O	6.93	T	-		
1549	76	O	6.93	T	-		
1549	77	O	6.93	C	-		
1549	78	O	6.93	C	-		
1549	79	O	6.93	G	-		
1549	80	O	6.93	A	-		
1549	81	O	6.93	T	-		
1549	82	O	6.93	T	-		
1549	83	O	6.93	C	-		
1549	84	O	6.93	G	-		
1549	85	O	6.93	A	-		
1549	86	O	6.93	G	-		
1549	87	O	6.93	C	-		
1549	88	O	6.93	T	-		
1549	89	O	6.93	G	-		
1549	90	O	6.93	T	-		
1549	91	O	6.93	G	-		
1549	92	O	6.93	G	-		
1549	93	O	6.93	A	-		
1549	94	O	6.93	T	-		
1549	95	O	6.93	A	-		
1549	96	O	6.93	C	-		
1549	97	O	6.93	C	-		
1549	98	O	6.93	C	-		
1549	99	O	6.93	A	-		
1549	100	O	6.93	T	-		
1549	101	O	6.93	G	-		
1549	102	O	6.93	T	-		
1549	103	O	6.93	G	-		
1549	104	O	6.93	C	-		
1549	105	O	6.93	A	-		
1549	106	O	6.93	G	-		
1549	107	O	6.93	G	-		
1549	108	O	6.93	A	-		
1549	109	O	6.93	A	-		
1550	0	O	18.02	C	-		
1550	1	O	18.02	C	-		
1550	2	O	18.02	C	-		
1550	3	O	18.02	G	-		
1550	4	O	18.02	G	-		
1550	5	O	18.02	G	-		
1550	6	O	18.02	A	-		
1550	7	O	18.02	T	-		
1550	8	O	18.02	C	-		
1550	9	O	18.02	A	-		
1550	10	O	18.02	G	-		
1550	11	O	18.02	G	-		
1550	12	O	18.02	A	-		
1550	13	O	18.02	G	-		
1550	14	O	18.02	A	-		
1550	15	O	18.02	A	-		
1550	16	O	18.02	A	-		
1550	17	O	18.02	G	-		
1550	18	O	18.02	A	-		
1550	19	O	18.02	G	-		
1550	20	O	18.02	G	-		
1550	21	O	18.02	C	-		
1550	22	O	18.02	A	-		
1550	23	O	18.02	C	-		
1550	24	O	18.02	C	-		
1550	25	O	18.02	A	-		
1550	26	O	18.02	G	-		
1550	27	O	18.02	G	-		
1550	28	O	18.02	A	-		
1550	29	O	18.02	G	-		
1550	30	O	18.02	A	-		
1550	31	O	18.02	G	-		
1550	32	O	18.02	A	-		
1550	33	O	18.02	G	-		
1550	34	O	18.02	T	-		
1550	35	O	18.02	C	-		
1550	36	O	18.02	T	-		
1550	37	O	18.02	A	-		
1550	38	O	18.02	T	-		
1550	39	O	18.02	A	-		
1550	40	O	18.02	G	-		
1550	41	O	18.02	A	-		
1550	42	O	18.02	A	-		
1550	43	O	18.02	G	-		
1550	44	O	18.02	T	-		
1550	45	O	18.02	T	-		
1550	46	O	18.02	A	-		
1550	47	O	18.02	A	-		
1550	48	O	18.02	G	-		
1550	49	O	18.02	C	-		
1550	50	O	18.02	C	-		
1550	51	O	18.02	T	-		
1550	52	O	18.02	G	-		
1550	53	O	18.02	C	-		
1550	54	O	18.02	T	-		
1550	55	O	18.02	T	-		
1550	56	O	18.02	T	-		
1550	57	O	18.02	T	-		
1550	58	O	18.02	A	-		
1550	59	O	18.02	G	-		
1550	60	O	18.02	G	-		
1550	61	O	18.02	G	-		
1550	62	O	18.02	A	-		
1550	63	O	18.02	G	-		
1550	64	O	18.02	C	-		
1550	65	O	18.02	T	-		
1550	66	O	18.02	A	-		
1550	67	O	18.02	A	-		
1550	68	O	18.02	C	-		
1550	69	O	18.02	C	-		
1550	70	O	18.02	G	-		
1550	71	O	18.02	G	-		
1550	72	O	18.02	C	-		
1550	73	O	18.02	T	-		
1550	74	O	18.02	A	-		
1550	75	O	18.02	C	-		
1550	76	O	18.02	T	-		
1550	77	O	18.02	G	-		
1550	78	O	18.02	C	-		
1550	79	O	18.02	T	-		
1550	80	O	18.02	T	-		
1550	81	O	18.02	G	-		
1550	82	O	18.02	T	-		
1550	83	O	18.02	C	-		
1550	84	O	18.02	C	-		
1550	85	O	18.02	T	-		
1550	86	O	18.02	A	-		
1550	87	O	18.02	T	-		
1550	88	O	18.02	A	-		
1550	89	O	18.02	G	-		
1550	90	O	18.02	G	-		
1550	91	O	18.02	A	-		
1550	92	O	18.02	G	-		
1550	93	O	18.02	A	-		
1550	94	O	18.02	C	-		
1550	95	O	18.02	A	-		
1550	96	O	18.02	A	-		
1550	97	O	18.02	G	-		
1550	98	O	18.02	C	-		
1550	99	O	18.02	T	-		
1550	100	O	18.02	A	-		
1550	101	O	18.02	C	-		
1550	102	O	18.02	C	-		
1550	103	O	8.77	A	-		
1550	104	O	18.02	G	-		
1550	105	O	18.02	G	-		
1550	106	O	18.02	G	-		
1550	107	O	18.02	A	-		
1550	108	O	18.02	C	-		
1550	109	O	18.02	G	-		
1551	0	U	0.00	-	-		
1551	1	U	0.00	-	-		
1551	2	O	6.93	A	-		
1551	3	O	6.93	C	-		
1551	4	O	6.93	C	-		
1551	5	O	6.93	G	-		
1551	6	O	6.93	G	-		
1551	7	O	6.93	T	-		
1551	8	O	6.93	T	-		
1551	9	O	6.93	G	-		
1551	10	O	6.93	G	-		
1551	11	O	6.93	T	-		
1551	12	O	6.93	C	-		
1551	13	O	6.93	G	-		
1551	14	O	6.93	A	-		
1551	15	O	6.93	C	-		
1551	16	O	6.93	C	-		
1551	17	O	6.93	A	-		
1551	18	O	6.93	G	-		
1551	19	O	6.93	T	-		
1551	20	O	6.93	A	-		
1551	21	O	6.93	T	-		
1551	22	O	6.93	G	-		
1551	23	O	6.93	T	-		
1551	24	O	6.93	G	-		
1551	25	O	6.93	C	-		
1551	26	O	6.93	C	-		
1551	27	O	6.93	C	-		
1551	28	O	6.93	A	-		
1551	29	O	6.93	A	-		
1551	30	O	6.93	A	-		
1551	31	O	6.93	G	-		
1551	32	O	6.93	C	-		
1551	33	O	6.93	A	-		
1551	34	O	6.93	C	-		
1551	35	O	6.93	T	-		
1551	36	O	6.93	T	-		
1551	37	O	6.93	G	-		
1551	38	O	6.93	G	-		
1551	39	O	6.93	A	-		
1551	40	O	6.93	C	-		
1551	41	O	6.93	A	-		
1551	42	O	6.93	C	-		
1551	43	O	6.93	A	-		
1551	44	O	6.93	T	-		
1551	45	O	6.93	C	-		
1551	46	O	6.93	T	-		
1551	47	O	6.93	T	-		
1551	48	O	6.93	C	-		
1551	49	O	6.93	A	-		
1551	50	O	6.93	A	-		
1551	51	O	6.93	C	-		
1551	52	O	6.93	T	-		
1551	53	O	6.93	A	-		
1551	54	O	6.93	T	-		
1551	55	O	6.93	C	-		
1551	56	O	6.93	C	-		
1551	57	O	6.93	G	-		
1551	58	O	6.93	T	-		
1551	59	O	6.93	T	-		
1551	60	O	6.93	C	-		
1551	61	O	6.93	C	-		
1551	62	O	6.93	T	-		
1551	63	O	6.93	A	-		
1551	64	O	6.93	C	-		
1551	65	O	6.93	T	-		
1551	66	O	6.93	G	-		
1551	67	O	6.93	A	-		
1551	68	O	6.93	G	-		
1551	69	O	6.93	G	-		
1551	70	O	6.93	A	-		
1551	71	O	6.93	T	-		
1551	72	O	6.93	G	-		
1551	73	O	6.93	C	-		
1551	74	O	6.93	A	-		
1551	75	O	6.93	C	-		
1551	76	O	6.93	T	-		
1551	77	O	6.93	T	-		
1551	78	O	6.93	T	-		
1551	79	O	6.93	T	-		
1551	80	O	6.93	G	-		
1551	81	O	6.93	G	-		
1551	82	O	6.93	T	-		
1551	83	O	6.93	C	-		
1551	84	O	6.93	T	-		
1551	85	O	6.93	G	-		
1551	86	O	6.93	G	-		
1551	87	O	6.93	G	-		
1551	88	O	6.93	C	-		
1551	89	O	6.93	T	-		
1551	90	O	6.93	G	-		
1551	91	O	6.93	C	-		
1551	92	O	6.93	T	-		
1551	93	O	6.93	T	-		
1551	94	O	6.93	G	-		
1551	95	O	6.93	T	-		
1551	96	O	6.93	G	-		
1551	97	O	6.93	A	-		
1551	98	O	6.93	T	-		
1551	99	O	6.93	C	-		
1551	100	O	6.93	T	-		
1551	101	O	6.93	C	-		
1551	102	O	6.93	G	-		
1551	103	O	6.93	A	-		
1551	104	O	6.93	C	-		
1551	105	O	6.93	G	-		
1551	106	U	0.00	-	-		
1551	107	U	0.00	-	-		
1551	108	O	6.93	T	-		
1551	109	O	6.93	T	-		
1551	110	O	6.93	T	-		
1551	111	O	6.93	T	-		
1552	0	O	5.55	C	-		
1552	1	O	5.55	A	-		
1552	2	O	5.55	T	-		
1552	3	O	5.55	T	-		
1552	4	O	5.55	C	-		
1552	5	O	5.55	T	-		
1552	6	O	5.55	C	-		
1552	7	O	5.55	C	-		
1552	8	O	5.55	A	-		
1552	9	O	5.55	G	-		
1552	10	O	5.55	C	-		
1552	11	O	5.55	C	-		
1552	12	O	5.55	A	-		
1552	13	O	5.55	T	-		
1552	14	O	5.55	T	-		
1552	15	O	5.55	C	-		
1552	16	O	5.55	C	-		
1552	17	O	5.55	C	-		
1552	18	O	5.55	T	-		
1552	19	O	5.55	A	-		
1552	20	O	5.55	G	-		
1552	21	O	5.55	T	-		
1552	22	O	5.55	C	-		
1552	23	O	5.55	G	-		
1552	24	O	5.55	G	-		
1552	25	O	5.55	C	-		
1552	26	O	5.55	A	-		
1552	27	O	5.55	G	-		
1552	28	O	5.55	C	-		
1552	29	O	5.55	A	-		
1552	30	O	5.55	A	-		
1552	31	O	5.55	T	-		
1552	32	O	5.55	G	-		
1552	33	O	5.55	A	-		
1552	34	O	5.55	G	-		
1552	35	O	5.55	T	-		
1552	36	O	5.55	G	-		
1552	37	O	5.55	A	-		
1552	38	O	5.55	C	-		
1552	39	O	5.55	G	-		
1552	40	O	5.55	A	-		
1552	41	O	5.55	G	-		
1552	42	O	5.55	A	-		
1552	43	O	5.55	A	-		
1552	44	O	5.55	T	-		
1552	45	O	5.55	C	-		
1552	46	O	5.55	C	-		
1552	47	O	5.55	A	-		
1552	48	O	5.55	C	-		
1552	49	O	5.55	A	-		
1552	50	O	5.55	T	-		
1552	51	O	5.55	G	-		
1552	52	O	5.55	G	-		
1552	53	O	5.55	G	-		
1552	54	O	5.55	G	-		
1552	55	O	5.55	A	-		
1552	56	O	5.55	T	-		
1552	57	O	5.55	G	-		
1552	58	O	5.55	A	-		
1552	59	O	5.55	A	-		
1552	60	O	5.55	A	-		
1552	61	O	5.55	A	-		
1552	62	O	5.55	T	-		
1552	63	O	5.55	C	-		
1552	64	O	5.55	A	-		
1552	65	O	5.55	T	-		
1552	66	O	5.55	A	-		
1552	67	O	5.55	G	-		
1552	68	O	5.55	C	-		
1552	69	O	5.55	A	-		
1552	70	O	5.55	T	-		
1552	71	O	5.55	G	-		
1552	72	O	5.55	A	-		
1552	73	O	5.55	C	-		
1552	74	O	5.55	A	-		
1552	75	O	5.55	G	-		
1552	76	O	5.55	G	-		
1552	77	O	5.55	C	-		
1552	78	O	5.55	A	-		
1552	79	O	5.55	A	-		
1552	80	O	5.55	G	-		
1552	81	O	5.55	C	-		
1552	82	O	5.55	C	-		
1552	83	O	5.55	G	-		
1552	84	O	5.55	G	-		
1552	85	O	5.55	C	-		
1552	86	O	5.55	T	-		
1552	87	O	5.55	A	-		
1552	88	O	5.55	G	-		
1552	89	O	5.55	T	-		
1552	90	O	5.55	A	-		
1552	91	O	5.55	A	-		
1552	92	O	5.55	C	-		
1552	93	O	5.55	G	-		
1552	94	O	5.55	G	-		
1552	95	O	5.55	A	-		
1552	96	O	5.55	C	-		
1552	97	O	5.55	A	-		
1552	98	O	5.55	A	-		
1552	99	O	5.55	G	-		
1552	100	O	5.55	C	-		
1552	101	O	5.55	G	-		
1552	102	O	5.55	G	-		
1552	103	O	5.55	G	-		
1552	104	O	5.55	T	-		
1552	105	O	5.55	G	-		
1552	106	O	5.55	G	-		
1552	107	O	5.55	A	-		
1552	108	O	5.55	A	-		
1552	109	O	5.55	C	-		
1553	0	O	5.55	T	-		
1553	1	O	5.55	C	-		
1553	2	O	5.55	G	-		
1553	3	O	5.55	C	-		
1553	4	O	5.55	C	-		
1553	5	O	5.55	G	-		
1553	6	O	5.55	A	-		
1553	7	O	5.55	C	-		
1553	8	O	5.55	G	-		
1553	9	O	5.55	C	-		
1553	10	O	5.55	G	-		
1553	11	O	5.55	G	-		
1553	12	O	5.55	A	-		
1553	13	O	5.55	C	-		
1553	14	O	5.55	A	-		
1553	15	O	5.55	G	-		
1553	16	O	5.55	C	-		
1553	17	O	5.55	C	-		
1553	18	O	5.55	T	-		
1553	19	O	5.55	G	-		
1553	20	O	5.55	G	-		
1553	21	O	5.55	A	-		
1553	22	O	5.55	C	-		
1553	23	O	5.55	A	-		
1553	24	O	5.55	A	-		
1553	25	O	5.55	G	-		
1553	26	O	5.55	C	-		
1553	27	O	5.55	T	-		
1553	28	O	5.55	T	-		
1553	29	O	5.55	G	-		
1553	30	O	5.55	A	-		
1553	31	O	5.55	A	-		
1553	32	O	5.55	G	-		
1553	33	O	5.55	T	-		
1553	34	O	5.55	A	-		
1553	35	O	5.55	G	-		
1553	36	O	5.55	G	-		
1553	37	O	5.55	G	-		
1553	38	O	5.55	G	-		
1553	39	O	5.55	T	-		
1553	40	O	5.55	G	-		
1553	41	O	5.55	G	-		
1553	42	O	5.55	A	-		
1553	43	O	5.55	G	-		
1553	44	O	5.55	A	-		
1553	45	O	5.55	G	-		
1553	46	O	5.55	C	-		
1553	47	O	5.55	C	-		
1553	48	O	5.55	G	-		
1553	49	O	5.55	C	-		
1553	50	O	5.55	T	-		
1553	51	O	5.55	T	-		
1553	52	O	5.55	C	-		
1553	53	O	5.55	A	-		
1553	54	O	5.55	A	-		
1553	55	O	5.55	G	-		
1553	56	O	5.55	G	-		
1553	57	O	5.55	T	-		
1553	58	O	5.55	T	-		
1553	59	O	5.55	T	-		
1553	60	O	5.55	G	-		
1553	61	O	5.55	G	-		
1553	62	O	5.55	T	-		
1553	63	O	5.55	T	-		
1553	64	O	5.55	G	-		
1553	65	O	5.55	G	-		
1553	66	O	5.55	C	-		
1553	67	O	5.55	G	-		
1553	68	O	5.55	G	-		
1553	69	O	5.55	A	-		
1553	70	O	5.55	A	-		
1553	71	O	5.55	G	-		
1553	72	O	5.55	A	-		
1553	73	O	5.55	G	-		
1553	74	O	5.55	T	-		
1553	75	O	5.55	G	-		
1553	76	O	5.55	A	-		
1553	77	O	5.55	G	-		
1553	78	O	5.55	C	-		
1553	79	O	5.55	G	-		
1553	80	O	5.55	C	-		
1553	81	O	5.55	T	-		
1553	82	O	5.55	C	-		
1553	83	O	5.55	G	-		
1553	84	O	5.55	G	-		
1553	85	O	5.55	G	-		
1553	86	O	5.55	G	-		
1553	87	O	5.55	A	-		
1553	88	O	5.55	T	-		
1553	89	O	5.55	G	-		
1553	90	O	5.55	T	-		
1553	91	O	5.55	C	-		
1553	92	O	5.55	G	-		
1553	93	O	5.55	C	-		
1553	94	O	5.55	C	-		
1553	95	O	5.55	C	-		
1553	96	O	5.55	A	-		
1553	97	O	5.55	T	-		
1553	98	O	5.55	G	-		
1553	99	O	5.55	A	-		
1553	100	O	5.55	G	-		
1553	101	O	5.55	A	-		
1553	102	O	5.55	A	-		
1553	103	O	5.55	G	-		
1553	104	O	5.55	G	-		
1553	105	O	5.55	T	-		
1553	106	O	5.55	T	-		
1553	107	O	5.55	G	-		
1553	108	O	5.55	A	-		
1553	109	O	5.55	C	-		
1554	0	O	6.93	T	-		
1554	1	O	6.93	C	-		
1554	2	O	6.93	G	-		
1554	3	O	6.93	T	-		
1554	4	O	6.93	G	-		
1554	5	O	6.93	G	-		
1554	6	O	6.93	T	-		
1554	7	O	6.93	A	-		
1554	8	O	6.93	G	-		
1554	9	O	6.93	T	-		
1554	10	O	6.93	T	-		
1554	11	O	6.93	T	-		
1554	12	O	6.93	G	-		
1554	13	O	6.93	C	-		
1554	14	O	6.93	C	-		
1554	15	O	6.93	C	-		
1554	16	O	6.93	G	-		
1554	17	O	6.93	A	-		
1554	18	O	6.93	T	-		
1554	19	O	6.93	T	-		
1554	20	O	6.93	G	-		
1554	21	O	6.93	T	-		
1554	22	O	6.93	G	-		
1554	23	O	6.93	G	-		
1554	24	O	6.93	T	-		
1554	25	O	6.93	G	-		
1554	26	O	6.93	A	-		
1554	27	O	6.93	T	-		
1554	28	O	6.93	G	-		
1554	29	O	6.93	T	-		
1554	30	O	6.93	G	-		
1554	31	O	6.93	C	-		
1554	32	O	6.93	A	-		
1554	33	O	6.93	A	-		
1554	34	O	6.93	G	-		
1554	35	O	6.93	C	-		
1554	36	O	6.93	T	-		
1554	37	O	6.93	G	-		
1554	38	O	6.93	A	-		
1554	39	O	6.93	T	-		
1554	40	O	6.93	T	-		
1554	41	O	6.93	T	-		
1554	42	O	6.93	T	-		
1554	43	O	6.93	G	-		
1554	44	O	6.93	T	-		
1554	45	O	6.93	G	-		
1554	46	O	6.93	A	-		
1554	47	O	6.93	T	-		
1554	48	O	6.93	A	-		
1554	49	O	6.93	C	-		
1554	50	O	6.93	T	-		
1554	51	O	6.93	G	-		
1554	52	O	6.93	A	-		
1554	53	O	6.93	A	-		
1554	54	O	6.93	T	-		
1554	55	O	6.93	G	-		
1554	56	O	6.93	C	-		
1554	57	O	6.93	G	-		
1554	58	O	6.93	A	-		
1554	59	O	6.93	T	-		
1554	60	O	6.93	C	-		
1554	61	O	6.93	T	-		
1554	62	O	6.93	G	-		
1554	63	O	6.93	G	-		
1554	64	O	6.93	A	-		
1554	65	O	6.93	G	-		
1554	66	O	6.93	A	-		
1554	67	O	6.93	T	-		
1554	68	O	6.93	G	-		
1554	69	O	6.93	T	-		
1554	70	O	6.93	T	-		
1554	71	O	6.93	G	-		
1554	72	O	6.93	G	-		
1554	73	O	6.93	T	-		
1554	74	O	6.93	G	-		
1554	75	O	6.93	T	-		
1554	76	O	6.93	T	-		
1554	77	O	6.93	A	-		
1554	78	O	6.93	G	-		
1554	79	O	6.93	A	-		
1554	80	O	6.93	A	-		
1554	81	O	6.93	T	-		
1554	82	O	6.93	C	-		
1554	83	O	6.93	T	-		
1554	84	O	6.93	C	-		
1554	85	O	6.93	G	-		
1554	86	O	6.93	T	-		
1554	87	O	6.93	T	-		
1554	88	O	6.93	C	-		
1554	89	O	6.93	C	-		
1554	90	O	6.93	A	-		
1554	91	O	6.93	A	-		
1554	92	O	6.93	C	-		
1554	93	O	6.93	T	-		
1554	94	O	6.93	C	-		
1554	95	O	6.93	G	-		
1554	96	O	6.93	A	-		
1554	97	O	6.93	A	-		
1554	98	O	6.93	A	-		
1554	99	O	6.93	G	-		
1554	100	O	6.93	C	-		
1554	101	O	6.93	C	-		
1554	102	O	6.93	G	-		
1554	103	O	6.93	G	-		
1554	104	O	6.93	T	-		
1554	105	O	6.93	G	-		
1554	106	O	6.93	G	-		
1554	107	O	6.93	G	-		
1554	108	O	6.93	C	-		
1554	109	U	-0.27	T	G		
1555	0	O	6.93	A	-		
1555	1	O	6.93	G	-		
1555	2	O	6.93	G	-		
1555	3	O	6.93	A	-		
1555	4	O	6.93	C	-		
1555	5	O	6.93	G	-		
1555	6	O	6.93	G	-		
1555	7	O	6.93	A	-		
1555	8	O	6.93	C	-		
1555	9	O	6.93	G	-		
1555	10	O	6.93	C	-		
1555	11	O	6.93	C	-		
1555	12	O	6.93	A	-		
1555	13	O	6.93	G	-		
1555	14	O	6.93	C	-		
1555	15	O	6.93	G	-		
1555	16	O	6.93	T	-		
1555	17	O	6.93	A	-		
1555	18	O	6.93	G	-		
1555	19	O	6.93	G	-		
1555	20	O	6.93	G	-		
1555	21	O	6.93	T	-		
1555	22	O	6.93	C	-		
1555	23	O	6.93	G	-		
1555	24	O	6.93	A	-		
1555	25	O	6.93	C	-		
1555	26	O	6.93	T	-		
1555	27	O	6.93	A	-		
1555	28	O	6.93	C	-		
1555	29	O	6.93	G	-		
1555	30	O	6.93	T	-		
1555	31	O	6.93	G	-		
1555	32	O	6.93	G	-		
1555	33	O	6.93	C	-		
1555	34	O	6.93	G	-		
1555	35	O	6.93	G	-		
1555	36	O	6.93	A	-		
1555	37	O	6.93	C	-		
1555	38	O	6.93	G	-		
1555	39	O	6.93	C	-		
1555	40	O	6.93	C	-		
1555	41	O	6.93	A	-		
1555	42	O	6.93	A	-		
1555	43	O	6.93	C	-		
1555	44	O	6.93	G	-		
1555	45	O	6.93	G	-		
1555	46	O	6.93	G	-		
1555	47	O	6.93	T	-		
1555	48	O	6.93	A	-		
1555	49	O	6.93	C	-		
1555	50	O	6.93	C	-		
1555	51	O	6.93	G	-		
1555	52	O	6.93	C	-		
1555	53	O	6.93	G	-		
1555	54	O	6.93	C	-		
1555	55	O	6.93	T	-		
1555	56	O	6.93	A	-		
1555	57	O	6.93	G	-		
1555	58	O	6.93	G	-		
1555	59	O	6.93	G	-		
1555	60	O	6.93	T	-		
1555	61	O	6.93	C	-		
1555	62	O	6.93	A	-		
1555	63	O	6.93	G	-		
1555	64	O	6.93	C	-		
1555	65	O	6.93	A	-		
1555	66	O	6.93	C	-		
1555	67	O	6.93	C	-		
1555	68	O	6.93	A	-		
1555	69	O	6.93	A	-		
1555	70	O	6.93	C	-		
1555	71	O	6.93	G	-		
1555	72	O	6.93	A	-		
1555	73	O	6.93	A	-		
1555	74	O	6.93	A	-		
1555	75	O	6.93	T	-		
1555	76	O	6.93	C	-		
1555	77	O	6.93	G	-		
1555	78	O	6.93	G	-		
1555	79	O	6.93	C	-		
1555	80	O	6.93	A	-		
1555	81	O	6.93	C	-		
1555	82	O	6.93	T	-		
1555	83	O	6.93	C	-		
1555	84	O	6.93	G	-		
1555	85	O	6.93	C	-		
1555	86	O	6.93	G	-		
1555	87	O	6.93	C	-		
1555	88	O	6.93	G	-		
1555	89	O	6.93	C	-		
1555	90	O	6.93	A	-		
1555	91	O	6.93	G	-		
1555	92	O	6.93	T	-		
1555	93	O	6.93	C	-		
1555	94	O	6.93	G	-		
1555	95	O	6.93	A	-		
1555	96	O	6.93	G	-		
1555	97	O	6.93	C	-		
1555	98	O	6.93	G	-		
1555	99	O	6.93	C	-		
1555	100	O	6.93	C	-		
1555	101	O	6.93	G	-		
1555	102	O	6.93	A	-		
1555	103	O	6.93	C	-		
1555	104	O	6.93	G	-		
1555	105	O	6.93	C	-		
1555	106	O	6.93	C	-		
1555	107	O	6.93	G	-		
1555	108	O	6.93	A	-		
1555	109	O	6.93	A	-		
1556	0	O	15.25	C	-		
1556	1	O	15.25	C	-		
1556	2	O	15.25	C	-		
1556	3	O	15.25	G	-		
1556	4	O	15.25	A	-		
1556	5	O	15.25	G	-		
1556	6	O	15.25	C	-		
1556	7	O	15.25	G	-		
1556	8	O	15.25	G	-		
1556	9	O	15.25	G	-		
1556	10	O	15.25	C	-		
1556	11	O	15.25	T	-		
1556	12	O	15.25	T	-		
1556	13	O	15.25	A	-		
1556	14	O	15.25	T	-		
1556	15	O	15.25	C	-		
1556	16	O	15.25	T	-		
1556	17	O	15.25	G	-		
1556	18	O	15.25	C	-		
1556	19	O	15.25	C	-		
1556	20	O	15.25	G	-		
1556	21	O	15.25	C	-		
1556	22	O	15.25	C	-		
1556	23	O	15.25	T	-		
1556	24	O	15.25	G	-		
1556	25	O	15.25	T	-		
1556	26	O	15.25	T	-		
1556	27	O	15.25	A	-		
1556	28	O	15.25	G	-		
1556	29	O	15.25	T	-		
1556	30	O	15.25	G	-		
1556	31	O	15.25	G	-		
1556	32	O	15.25	C	-		
1556	33	O	15.25	C	-		
1556	34	O	15.25	G	-		
1556	35	O	15.25	A	-		
1556	36	O	15.25	A	-		
1556	37	O	15.25	C	-		
1556	38	O	15.25	A	-		
1556	39	O	15.25	A	-		
1556	40	O	15.25	A	-		
1556	41	O	15.25	C	-		
1556	42	O	15.25	G	-		
1556	43	O	15.25	G	-		
1556	44	O	15.25	C	-		
1556	45	O	15.25	C	-		
1556	46	O	15.25	G	-		
1556	47	O	15.25	C	-		
1556	48	O	15.25	C	-		
1556	49	O	15.25	C	-		
1556	50	O	15.25	T	-		
1556	51	O	15.25	G	-		
1556	52	O	15.25	A	-		
1556	53	O	15.25	A	-		
1556	54	O	15.25	T	-		
1556	55	O	15.25	G	-		
1556	56	O	15.25	G	-		
1556	57	O	15.25	G	-		
1556	58	O	15.25	G	-		
1556	59	O	15.25	C	-		
1556	60	O	15.25	G	-		
1556	61	O	15.25	A	-		
1556	62	O	15.25	A	-		
1556	63	O	15.25	A	-		
1556	64	O	15.25	G	-		
1556	65	O	15.25	T	-		
1556	66	O	15.25	C	-		
1556	67	O	15.25	G	-		
1556	68	O	15.25	C	-		
1556	69	O	15.25	A	-		
1556	70	O	15.25	T	-		
1556	71	O	15.25	A	-		
1556	72	O	15.25	T	-		
1556	73	O	15.25	T	-		
1556	74	O	15.25	T	-		
1556	75	O	15.25	C	-		
1556	76	O	15.25	G	-		
1556	77	O	15.25	C	-		
1556	78	O	15.25	C	-		
1556	79	O	15.25	A	-		
1556	80	O	15.25	G	-		
1556	81	O	15.25	C	-		
1556	82	O	15.25	G	-		
1556	83	O	15.25	T	-		
1556	84	O	15.25	C	-		
1556	85	O	15.25	T	-		
1556	86	O	15.25	G	-		
1556	87	O	15.25	A	-		
1556	88	O	15.25	C	-		
1556	89	O	15.25	G	-		
1556	90	O	15.25	G	-		
1556	91	O	15.25	C	-		
1556	92	O	15.25	G	-		
1556	93	O	15.25	G	-		
1556	94	O	15.25	T	-		
1556	95	O	15.25	G	-		
1556	96	O	15.25	A	-		
1556	97	O	15.25	C	-		
1556	98	O	15.25	G	-		
1556	99	O	15.25	C	-		
1556	100	O	15.25	A	-		
1556	101	O	15.25	A	-		
1556	102	O	15.25	C	-		
1556	103	O	15.25	T	-		
1556	104	O	15.25	C	-		
1556	105	O	15.25	C	-		
1556	106	O	15.25	G	-		
1556	107	O	15.25	A	-		
1556	108	O	15.25	C	-		
1556	109	O	15.25	G	-		
1557	0	O	9.70	G	-		
1557	1	O	9.70	T	-		
1557	2	O	9.70	C	-		
1557	3	O	9.70	G	-		
1557	4	O	9.70	G	-		
1557	5	O	9.70	C	-		
1557	6	O	9.70	G	-		
1557	7	O	9.70	A	-		
1557	8	O	9.70	C	-		
1557	9	O	9.70	C	-		
1557	10	O	9.70	C	-		
1557	11	O	9.70	T	-		
1557	12	O	9.70	A	-		
1557	13	O	9.70	T	-		
1557	14	O	9.70	G	-		
1557	15	O	9.70	G	-		
1557	16	O	9.70	C	-		
1557	17	O	9.70	G	-		
1557	18	O	9.70	G	-		
1557	19	O	9.70	T	-		
1557	20	O	9.70	G	-		
1557	21	O	9.70	C	-		
1557	22	O	9.70	C	-		
1557	23	O	9.70	G	-		
1557	24	O	9.70	C	-		
1557	25	O	9.70	C	-		
1557	26	O	9.70	G	-		
1557	27	O	9.70	A	-		
1557	28	O	9.70	T	-		
1557	29	O	9.70	C	-		
1557	30	O	9.70	A	-		
1557	31	O	9.70	G	-		
1557	32	O	9.70	C	-		
1557	33	O	9.70	C	-		
1557	34	O	9.70	G	-		
1557	35	O	9.70	G	-		
1557	36	O	9.70	C	-		
1557	37	O	9.70	T	-		
1557	38	O	9.70	C	-		
1557	39	O	9.70	G	-		
1557	40	O	9.70	C	-		
1557	41	O	9.70	G	-		
1557	42	O	9.70	C	-		
1557	43	O	9.70	A	-		
1557	44	O	9.70	G	-		
1557	45	O	9.70	G	-		
1557	46	O	9.70	A	-		
1557	47	O	9.70	C	-		
1557	48	O	9.70	C	-		
1557	49	O	9.70	A	-		
1557	50	O	9.70	C	-		
1557	51	O	9.70	C	-		
1557	52	O	9.70	T	-		
1557	53	O	9.70	G	-		
1557	54	O	9.70	C	-		
1557	55	O	9.70	T	-		
1557	56	O	9.70	G	-		
1557	57	O	9.70	G	-		
1557	58	O	9.70	G	-		
1557	59	O	9.70	G	-		
1557	60	O	9.70	C	-		
1557	61	O	9.70	C	-		
1557	62	O	9.70	C	-		
1557	63	O	9.70	G	-		
1557	64	O	9.70	C	-		
1557	65	O	9.70	G	-		
1557	66	O	9.70	C	-		
1557	67	O	9.70	G	-		
1557	68	O	9.70	G	-		
1557	69	O	9.70	C	-		
1557	70	O	9.70	A	-		
1557	71	O	9.70	C	-		
1557	72	O	9.70	C	-		
1557	73	O	9.70	T	-		
1557	74	O	9.70	G	-		
1557	75	O	9.70	G	-		
1557	76	O	9.70	A	-		
1557	77	O	9.70	G	-		
1557	78	O	9.70	G	-		
1557	79	O	9.70	A	-		
1557	80	O	9.70	C	-		
1557	81	O	9.70	A	-		
1557	82	O	9.70	C	-		
1557	83	O	9.70	G	-		
1557	84	O	9.70	C	-		
1557	85	O	9.70	T	-		
1557	86	O	9.70	C	-		
1557	87	O	9.70	G	-		
1557	88	O	9.70	A	-		
1557	89	O	9.70	C	-		
1557	90	O	9.70	T	-		
1557	91	O	9.70	A	-		
1557	92	O	9.70	C	-		
1557	93	O	9.70	T	-		
1557	94	O	9.70	A	-		
1557	95	O	9.70	C	-		
1557	96	O	9.70	C	-		
1557	97	O	9.70	T	-		
1557	98	O	9.70	G	-		
1557	99	O	9.70	G	-		
1557	100	O	9.70	A	-		
1557	101	O	9.70	G	-		
1557	102	O	9.70	G	-		
1557	103	O	9.70	G	-		
1557	104	O	9.70	C	-		
1557	105	O	9.70	G	-		
1557	106	O	9.70	T	-		
1557	107	O	9.70	G	-		
1557	108	O	9.70	T	-		
1557	109	O	9.70	G	-		
1558	0	O	11.09	T	-		
1558	1	O	11.09	T	-		
1558	2	O	11.09	C	-		
1558	3	O	11.09	A	-		
1558	4	O	11.09	G	-		
1558	5	O	11.09	C	-		
1558	6	O	11.09	C	-		
1558	7	O	11.09	A	-		
1558	8	O	11.09	C	-		
1558	9	O	11.09	C	-		
1558	10	O	11.09	A	-		
1558	11	O	11.09	G	-		
1558	12	O	11.09	G	-		
1558	13	O	11.09	C	-		
1558	14	O	11.09	C	-		
1558	15	O	11.09	C	-		
1558	16	O	11.09	T	-		
1558	17	O	11.09	C	-		
1558	18	O	11.09	T	-		
1558	19	O	11.09	C	-		
1558	20	O	11.09	G	-		
1558	21	O	11.09	G	-		
1558	22	O	11.09	C	-		
1558	23	O	11.09	C	-		
1558	24	O	11.09	A	-		
1558	25	O	11.09	A	-		
1558	26	O	11.09	A	-		
1558	27	O	11.09	A	-		
1558	28	O	11.09	T	-		
1558	29	O	11.09	G	-		
1558	30	O	11.09	C	-		
1558	31	O	11.09	C	-		
1558	32	O	11.09	G	-		
1558	33	O	11.09	G	-		
1558	34	O	11.09	A	-		
1558	35	O	11.09	T	-		
1558	36	O	11.09	C	-		
1558	37	O	11.09	A	-		
1558	38	O	11.09	A	-		
1558	39	O	11.09	G	-		
1558	40	O	11.09	A	-		
1558	41	O	11.09	T	-		
1558	42	O	11.09	C	-		
1558	43	O	11.09	T	-		
1558	44	O	11.09	G	-		
1558	45	O	11.09	G	-		
1558	46	O	11.09	G	-		
1558	47	O	11.09	A	-		
1558	48	O	11.09	C	-		
1558	49	O	11.09	G	-		
1558	50	O	11.09	G	-		
1558	51	O	11.09	C	-		
1558	52	O	11.09	T	-		
1558	53	O	11.09	C	-		
1558	54	O	11.09	G	-		
1558	55	O	11.09	G	-		
1558	56	O	11.09	A	-		
1558	57	O	11.09	C	-		
1558	58	O	11.09	T	-		
1558	59	O	11.09	T	-		
1558	60	O	11.09	T	-		
1558	61	O	11.09	G	-		
1558	62	O	11.09	A	-		
1558	63	O	11.09	T	-		
1558	64	O	11.09	G	-		
1558	65	O	11.09	G	-		
1558	66	O	11.09	T	-		
1558	67	O	11.09	G	-		
1558	68	O	11.09	T	-		
1558	69	O	11.09	G	-		
1558	70	O	11.09	G	-		
1558	71	O	11.09	T	-		
1558	72	O	11.09	T	-		
1558	73	O	11.09	C	-		
1558	74	O	11.09	G	-		
1558	75	O	11.09	C	-		
1558	76	O	11.09	G	-		
1558	77	O	11.09	T	-		
1558	78	O	11.09	G	-		
1558	79	O	11.09	A	-		
1558	80	O	11.09	G	-		
1558	81	O	11.09	G	-		
1558	82	U	2.86	A	C		
1558	83	O	11.09	G	-		
1558	84	O	11.09	G	-		
1558	85	O	11.09	T	-		
1558	86	O	11.09	T	-		
1558	87	O	11.09	G	-		
1558	88	O	11.09	A	-		
1558	89	O	11.09	G	-		
1558	90	O	11.09	G	-		
1558	91	O	11.09	C	-		
1558	92	O	11.09	G	-		
1558	93	O	11.09	A	-		
1558	94	O	11.09	T	-		
1558	95	O	11.09	G	-		
1558	96	O	11.09	A	-		
1558	97	O	11.09	C	-		
1558	98	U	2.86	A	C		
1558	99	O	11.09	G	-		
1558	100	O	11.09	A	-		
1558	101	O	11.09	A	-		
1558	102	O	11.09	C	-		
1558	103	O	11.09	C	-		
1558	104	O	11.09	C	-		
1558	105	O	11.09	C	-		
1558	106	O	11.09	C	-		
1558	107	U	2.86	C	G		
1558	108	O	11.09	G	-		
1558	109	U	2.86	G	C		
1559	0	O	13.86	A	-		
1559	1	O	13.86	A	-		
1559	2	O	13.86	A	-		
1559	3	O	13.86	A	-		
1559	4	O	13.86	A	-		
1559	5	O	13.86	A	-		
1559	6	O	13.86	T	-		
1559	7	O	13.86	G	-		
1559	8	O	13.86	G	-		
1559	9	O	13.86	T	-		
1559	10	O	13.86	A	-		
1559	11	O	13.86	T	-		
1559	12	O	13.86	T	-		
1559	13	O	13.86	C	-		
1559	14	O	13.86	C	-		
1559	15	O	13.86	T	-		
1559	16	O	13.86	C	-		
1559	17	O	13.86	T	-		
1559	18	O	13.86	T	-		
1559	19	O	13.86	A	-		
1559	20	O	13.86	A	-		
1559	21	O	13.86	T	-		
1559	22	O	13.86	T	-		
1559	23	O	13.86	A	-		
1559	24	O	13.86	T	-		
1559	25	O	13.86	A	-		
1559	26	O	13.86	G	-		
1559	27	O	13.86	C	-		
1559	28	O	13.86	A	-		
1559	29	O	13.86	A	-		
1559	30	O	13.86	T	-		
1559	31	O	13.86	A	-		
1559	32	O	13.86	A	-		
1559	33	O	13.86	A	-		
1559	34	O	13.86	A	-		
1559	35	O	13.86	G	-		
1559	36	O	13.86	T	-		
1559	37	O	13.86	A	-		
1559	38	O	13.86	G	-		
1559	39	O	13.86	G	-		
1559	40	O	13.86	A	-		
1559	41	O	13.86	A	-		
1559	42	O	13.86	A	-		
1559	43	O	13.86	A	-		
1559	44	O	13.86	A	-		
1559	45	O	13.86	A	-		
1559	46	O	13.86	A	-		
1559	47	O	13.86	C	-		
1559	48	O	13.86	T	-		
1559	49	O	13.86	A	-		
1559	50	O	13.86	A	-		
1559	51	O	13.86	T	-		
1559	52	O	13.86	G	-		
1559	53	O	13.86	C	-		
1559	54	O	13.86	A	-		
1559	55	O	13.86	A	-		
1559	56	O	13.86	A	-		
1559	57	O	13.86	A	-		
1559	58	O	13.86	A	-		
1559	59	O	13.86	A	-		
1559	60	O	13.86	T	-		
1559	61	O	13.86	A	-		
1559	62	O	13.86	A	-		
1559	63	O	13.86	G	-		
1559	64	O	13.86	A	-		
1559	65	O	13.86	A	-		
1559	66	O	13.86	T	-		
1559	67	O	13.86	A	-		
1559	68	O	13.86	T	-		
1559	69	O	13.86	T	-		
1559	70	O	13.86	T	-		
1559	71	O	13.86	A	-		
1559	72	O	13.86	G	-		
1559	73	O	13.86	T	-		
1559	74	O	13.86	A	-		
1559	75	O	13.86	G	-		
1559	76	O	13.86	T	-		
1559	77	O	13.86	G	-		
1559	78	O	13.86	T	-		
1559	79	O	13.86	A	-		
1559	80	O	13.86	A	-		
1559	81	O	13.86	A	-		
1559	82	O	13.86	T	-		
1559	83	O	13.86	T	-		
1559	84	O	13.86	A	-		
1559	85	O	13.86	G	-		
1559	86	O	13.86	G	-		
1559	87	O	13.86	G	-		
1559	88	O	13.86	A	-		
1559	89	O	13.86	T	-		
1559	90	O	13.86	A	-		
1559	91	O	13.86	A	-		
1559	92	O	13.86	G	-		
1559	93	O	13.86	T	-		
1559	94	O	13.86	A	-		
1559	95	O	13.86	C	-		
1559	96	O	13.86	T	-		
1559	97	O	13.86	C	-		
1559	98	O	13.86	C	-		
1559	99	O	13.86	C	-		
1559	100	O	13.86	T	-		
1559	101	O	13.86	C	-		
1559	102	O	13.86	A	-		
1559	103	O	13.86	A	-		
1559	104	O	13.86	A	-		
1559	105	O	13.86	A	-		
1559	106	O	13.86	A	-		
1559	107	O	13.86	A	-		
1559	108	O	13.86	T	-		
1559	109	O	13.86	T	-		
1560	0	O	8.32	C	-		
1560	1	O	8.32	A	-		
1560	2	O	8.32	A	-		
1560	3	O	8.32	A	-		
1560	4	O	8.32	T	-		
1560	5	O	8.32	C	-		
1560	6	O	8.32	G	-		
1560	7	O	8.32	A	-		
1560	8	O	8.32	A	-		
1560	9	O	8.32	T	-		
1560	10	O	8.32	C	-		
1560	11	O	8.32	A	-		
1560	12	O	8.32	G	-		
1560	13	O	8.32	C	-		
1560	14	O	8.32	G	-		
1560	15	O	8.32	C	-		
1560	16	O	8.32	C	-		
1560	17	O	8.32	G	-		
1560	18	O	8.32	G	-		
1560	19	O	8.32	C	-		
1560	20	O	8.32	G	-		
1560	21	O	8.32	C	-		
1560	22	O	8.32	C	-		
1560	23	O	8.32	C	-		
1560	24	O	8.32	A	-		
1560	25	O	8.32	C	-		
1560	26	O	8.32	G	-		
1560	27	O	8.32	G	-		
1560	28	O	8.32	T	-		
1560	29	O	8.32	G	-		
1560	30	O	8.32	G	-		
1560	31	O	8.32	C	-		
1560	32	O	8.32	G	-		
1560	33	O	8.32	C	-		
1560	34	O	8.32	C	-		
1560	35	O	8.32	A	-		
1560	36	O	8.32	A	-		
1560	37	O	8.32	A	-		
1560	38	O	8.32	A	-		
1560	39	O	8.32	T	-		
1560	40	O	8.32	T	-		
1560	41	O	8.32	C	-		
1560	42	O	8.32	A	-		
1560	43	O	8.32	A	-		
1560	44	O	8.32	T	-		
1560	45	O	8.32	T	-		
1560	46	O	8.32	C	-		
1560	47	O	8.32	A	-		
1560	48	O	8.32	C	-		
1560	49	O	8.32	C	-		
1560	50	O	8.32	C	-		
1560	51	O	8.32	G	-		
1560	52	O	8.32	A	-		
1560	53	O	8.32	G	-		
1560	54	O	8.32	A	-		
1560	55	O	8.32	G	-		
1560	56	O	8.32	G	-		
1560	57	O	8.32	C	-		
1560	58	U	0.71	T	G		
1560	59	O	8.32	G	-		
1560	60	O	8.32	G	-		
1560	61	O	8.32	G	-		
1560	62	O	8.32	G	-		
1560	63	O	8.32	C	-		
1560	64	O	8.32	G	-		
1560	65	O	8.32	G	-		
1560	66	O	8.32	C	-		
1560	67	O	8.32	C	-		
1560	68	O	8.32	G	-		
1560	69	O	8.32	G	-		
1560	70	O	8.32	G	-		
1560	71	O	8.32	G	-		
1560	72	O	8.32	C	-		
1560	73	O	8.32	G	-		
1560	74	O	8.32	G	-		
1560	75	O	8.32	C	-		
1560	76	O	8.32	G	-		
1560	77	O	8.32	C	-		
1560	78	O	8.32	T	-		
1560	79	O	8.32	G	-		
1560	80	O	8.32	G	-		
1560	81	O	8.32	C	-		
1560	82	O	8.32	G	-		
1560	83	O	8.32	G	-		
1560	84	O	8.32	C	-		
1560	85	O	8.32	C	-		
1560	86	O	8.32	A	-		
1560	87	O	8.32	A	-		
1560	88	O	8.32	G	-		
1560	89	O	8.32	G	-		
1560	90	O	8.32	T	-		
1560	91	O	8.32	T	-		
1560	92	O	8.32	G	-		
1560	93	O	8.32	C	-		
1560	94	O	8.32	G	-		
1560	95	O	8.32	C	-		
1560	96	O	8.32	A	-		
1560	97	O	8.32	A	-		
1560	98	O	8.32	T	-		
1560	99	O	8.32	C	-		
1560	100	O	8.32	G	-		
1560	101	O	8.32	G	-		
1560	102	O	8.32	A	-		
1560	103	O	8.32	G	-		
1560	104	O	8.32	C	-		
1560	105	O	8.32	C	-		
1560	106	O	8.32	T	-		
1560	107	O	8.32	G	-		
1560	108	O	8.32	T	-		
1560	109	O	8.32	G	-		
1561	0	O	9.70	A	-		
1561	1	O	9.70	A	-		
1561	2	O	9.70	G	-		
1561	3	O	9.70	A	-		
1561	4	O	9.70	C	-		
1561	5	O	9.70	T	-		
1561	6	O	9.70	T	-		
1561	7	O	9.70	G	-		
1561	8	O	9.70	C	-		
1561	9	O	9.70	A	-		
1561	10	U	1.77	G	T		
1561	11	O	9.70	G	-		
1561	12	O	9.70	A	-		
1561	13	O	9.70	T	-		
1561	14	O	9.70	G	-		
1561	15	O	9.70	G	-		
1561	16	O	9.70	C	-		
1561	17	O	9.70	G	-		
1561	18	O	9.70	A	-		
1561	19	O	9.70	A	-		
1561	20	O	9.70	G	-		
1561	21	O	9.70	C	-		
1561	22	O	9.70	G	-		
1561	23	O	9.70	G	-		
1561	24	U	1.77	G	T		
1561	25	O	9.70	C	-		
1561	26	O	9.70	T	-		
1561	27	O	9.70	T	-		
1561	28	O	9.70	G	-		
1561	29	O	9.70	C	-		
1561	30	O	9.70	A	-		
1561	31	O	9.70	T	-		
1561	32	O	9.70	G	-		
1561	33	O	9.70	T	-		
1561	34	O	9.70	G	-		
1561	35	O	9.70	C	-		
1561	36	O	9.70	G	-		
1561	37	O	9.70	C	-		
1561	38	O	9.70	C	-		
1561	39	O	9.70	T	-		
1561	40	O	9.70	G	-		
1561	41	O	9.70	G	-		
1561	42	O	9.70	C	-		
1561	43	O	9.70	C	-		
1561	44	O	9.70	G	-		
1561	45	O	9.70	T	-		
1561	46	O	9.70	G	-		
1561	47	O	9.70	G	-		
1561	48	O	9.70	C	-		
1561	49	O	9.70	G	-		
1561	50	O	9.70	G	-		
1561	51	O	9.70	C	-		
1561	52	O	9.70	G	-		
1561	53	O	9.70	C	-		
1561	54	O	9.70	G	-		
1561	55	O	9.70	A	-		
1561	56	O	9.70	G	-		
1561	57	O	9.70	G	-		
1561	58	O	9.70	C	-		
1561	59	O	9.70	G	-		
1561	60	O	9.70	G	-		
1561	61	O	9.70	G	-		
1561	62	O	9.70	G	-		
1561	63	O	9.70	T	-		
1561	64	O	9.70	C	-		
1561	65	O	9.70	C	-		
1561	66	O	9.70	C	-		
1561	67	O	9.70	A	-		
1561	68	O	9.70	G	-		
1561	69	O	9.70	A	-		
1561	70	O	9.70	A	-		
1561	71	O	9.70	T	-		
1561	72	O	9.70	T	-		
1561	73	O	9.70	G	-		
1561	74	O	9.70	C	-		
1561	75	O	9.70	A	-		
1561	76	O	9.70	A	-		
1561	77	O	9.70	G	-		
1561	78	O	9.70	G	-		
1561	79	O	9.70	C	-		
1561	80	O	9.70	G	-		
1561	81	O	9.70	G	-		
1561	82	O	9.70	C	-		
1561	83	O	9.70	G	-		
1561	84	O	9.70	A	-		
1561	85	O	9.70	T	-		
1561	86	O	9.70	T	-		
1561	87	O	9.70	C	-		
1561	88	O	9.70	C	-		
1561	89	O	9.70	C	-		
1561	90	O	9.70	G	-		
1561	91	O	9.70	C	-		
1561	92	O	9.70	G	-		
1561	93	O	9.70	C	-		
1561	94	O	9.70	G	-		
1561	95	O	9.70	C	-		
1561	96	O	9.70	G	-		
1561	97	O	9.70	C	-		
1561	98	O	9.70	C	-		
1561	99	O	9.70	A	-		
1561	100	O	9.70	T	-		
1561	101	O	9.70	C	-		
1561	102	O	9.70	T	-		
1561	103	O	9.70	G	-		
1561	104	O	9.70	C	-		
1561	105	O	9.70	A	-		
1561	106	O	9.70	G	-		
1561	107	O	9.70	G	-		
1561	108	O	9.70	T	-		
1561	109	O	9.70	A	-		
1562	0	O	8.32	C	-		
1562	1	O	8.32	T	-		
1562	2	O	8.32	G	-		
1562	3	O	8.32	T	-		
1562	4	O	8.32	C	-		
1562	5	O	8.32	A	-		
1562	6	O	8.32	A	-		
1562	7	O	8.32	T	-		
1562	8	O	8.32	C	-		
1562	9	O	8.32	A	-		
1562	10	O	8.32	G	-		
1562	11	O	8.32	T	-		
1562	12	O	8.32	T	-		
1562	13	O	8.32	T	-		
1562	14	O	8.32	A	-		
1562	15	O	8.32	G	-		
1562	16	O	8.32	C	-		
1562	17	O	8.32	A	-		
1562	18	O	8.32	A	-		
1562	19	O	8.32	A	-		
1562	20	O	8.32	G	-		
1562	21	O	8.32	T	-		
1562	22	O	8.32	A	-		
1562	23	O	8.32	G	-		
1562	24	O	8.32	A	-		
1562	25	O	8.32	A	-		
1562	26	O	8.32	G	-		
1562	27	O	8.32	T	-		
1562	28	O	8.32	C	-		
1562	29	O	8.32	T	-		
1562	30	O	8.32	A	-		
1562	31	O	8.32	C	-		
1562	32	O	8.32	C	-		
1562	33	O	8.32	T	-		
1562	34	O	8.32	T	-		
1562	35	O	8.32	G	-		
1562	36	O	8.32	C	-		
1562	37	O	8.32	T	-		
1562	38	O	8.32	G	-		
1562	39	O	8.32	T	-		
1562	40	O	8.32	T	-		
1562	41	O	8.32	G	-		
1562	42	O	8.32	C	-		
1562	43	O	8.32	C	-		
1562	44	O	8.32	A	-		
1562	45	O	8.32	T	-		
1562	46	O	8.32	C	-		
1562	47	O	8.32	C	-		
1562	48	O	8.32	T	-		
1562	49	O	8.32	C	-		
1562	50	O	8.32	A	-		
1562	51	O	8.32	A	-		
1562	52	O	8.32	A	-		
1562	53	O	8.32	G	-		
1562	54	O	8.32	G	-		
1562	55	O	8.32	G	-		
1562	56	O	8.32	A	-		
1562	57	O	8.32	G	-		
1562	58	O	8.32	C	-		
1562	59	O	8.32	T	-		
1562	60	O	8.32	A	-		
1562	61	O	8.32	C	-		
1562	62	O	8.32	G	-		
1562	63	O	8.32	T	-		
1562	64	O	8.32	C	-		
1562	65	O	8.32	C	-		
1562	66	O	8.32	A	-		
1562	67	O	8.32	T	-		
1562	68	O	8.32	G	-		
1562	69	O	8.32	C	-		
1562	70	O	8.32	G	-		
1562	71	O	8.32	G	-		
1562	72	O	8.32	T	-		
1562	73	O	8.32	C	-		
1562	74	O	8.32	T	-		
1562	75	O	8.32	T	-		
1562	76	O	8.32	C	-		
1562	77	O	8.32	G	-		
1562	78	O	8.32	A	-		
1562	79	O	8.32	G	-		
1562	80	O	8.32	A	-		
1562	81	O	8.32	T	-		
1562	82	O	8.32	T	-		
1562	83	O	8.32	C	-		
1562	84	O	8.32	T	-		
1562	85	O	8.32	T	-		
1562	86	O	8.32	T	-		
1562	87	O	8.32	A	-		
1562	88	O	8.32	A	-		
1562	89	O	8.32	G	-		
1562	90	O	8.32	A	-		
1562	91	O	8.32	A	-		
1562	92	O	8.32	G	-		
1562	93	O	8.32	T	-		
1562	94	O	8.32	T	-		
1562	95	O	8.32	A	-		
1562	96	O	8.32	C	-		
1562	97	O	8.32	T	-		
1562	98	O	8.32	A	-		
1562	99	O	8.32	A	-		
1562	100	O	8.32	A	-		
1562	101	O	8.32	G	-		
1562	102	O	8.32	G	-		
1562	103	O	8.32	C	-		
1562	104	O	8.32	C	-		
1562	105	O	8.32	T	-		
1562	106	O	8.32	G	-		
1562	107	O	8.32	C	-		
1562	108	O	8.32	A	-		
1562	109	O	8.32	C	-		
1563	0	O	9.70	A	-		
1563	1	O	9.70	A	-		
1563	2	O	9.70	G	-		
1563	3	O	9.70	C	-		
1563	4	O	9.70	G	-		
1563	5	O	9.70	T	-		
1563	6	O	9.70	C	-		
1563	7	O	9.70	C	-		
1563	8	O	9.70	G	-		
1563	9	O	9.70	C	-		
1563	10	O	9.70	G	-		
1563	11	O	9.70	C	-		
1563	12	O	9.70	G	-		
1563	13	O	9.70	C	-		
1563	14	O	9.70	G	-		
1563	15	O	9.70	C	-		
1563	16	O	9.70	C	-		
1563	17	O	9.70	G	-		
1563	18	O	9.70	G	-		
1563	19	O	9.70	C	-		
1563	20	O	9.70	C	-		
1563	21	O	9.70	G	-		
1563	22	O	9.70	C	-		
1563	23	O	9.70	C	-		
1563	24	O	9.70	C	-		
1563	25	O	9.70	A	-		
1563	26	O	9.70	G	-		
1563	27	O	9.70	C	-		
1563	28	O	9.70	C	-		
1563	29	O	9.70	G	-		
1563	30	O	9.70	C	-		
1563	31	O	9.70	C	-		
1563	32	O	9.70	C	-		
1563	33	O	9.70	G	-		
1563	34	O	9.70	C	-		
1563	35	O	9.70	G	-		
1563	36	O	9.70	C	-		
1563	37	O	9.70	A	-		
1563	38	O	9.70	C	-		
1563	39	O	9.70	T	-		
1563	40	O	9.70	C	-		
1563	41	O	9.70	C	-		
1563	42	O	9.70	T	-		
1563	43	O	9.70	T	-		
1563	44	O	9.70	G	-		
1563	45	O	9.70	C	-		
1563	46	O	9.70	A	-		
1563	47	O	9.70	G	-		
1563	48	O	9.70	G	-		
1563	49	O	9.70	A	-		
1563	50	O	9.70	C	-		
1563	51	O	9.70	C	-		
1563	52	O	9.70	G	-		
1563	53	O	9.70	G	-		
1563	54	O	9.70	C	-		
1563	55	O	9.70	G	-		
1563	56	O	9.70	A	-		
1563	57	O	9.70	G	-		
1563	58	O	9.70	C	-		
1563	59	O	9.70	T	-		
1563	60	O	9.70	T	-		
1563	61	O	9.70	G	-		
1563	62	O	9.70	G	-		
1563	63	O	9.70	C	-		
1563	64	O	9.70	G	-		
1563	65	O	9.70	C	-		
1563	66	O	9.70	C	-		
1563	67	O	9.70	G	-		
1563	68	O	9.70	C	-		
1563	69	O	9.70	T	-		
1563	70	O	9.70	A	-		
1563	71	O	9.70	G	-		
1563	72	O	9.70	C	-		
1563	73	O	9.70	T	-		
1563	74	O	9.70	C	-		
1563	75	O	9.70	G	-		
1563	76	O	9.70	C	-		
1563	77	O	9.70	C	-		
1563	78	O	9.70	A	-		
1563	79	O	9.70	A	-		
1563	80	O	9.70	C	-		
1563	81	O	9.70	G	-		
1563	82	O	9.70	A	-		
1563	83	O	9.70	G	-		
1563	84	O	9.70	C	-		
1563	85	O	9.70	T	-		
1563	86	O	9.70	C	-		
1563	87	O	9.70	G	-		
1563	88	O	9.70	A	-		
1563	89	O	9.70	A	-		
1563	90	O	9.70	G	-		
1563	91	O	9.70	A	-		
1563	92	O	9.70	A	-		
1563	93	O	9.70	G	-		
1563	94	O	9.70	C	-		
1563	95	O	9.70	G	-		
1563	96	O	9.70	A	-		
1563	97	O	9.70	C	-		
1563	98	O	9.70	A	-		
1563	99	O	9.70	A	-		
1563	100	O	9.70	C	-		
1563	101	O	9.70	A	-		
1563	102	O	9.70	A	-		
1563	103	O	9.70	C	-		
1563	104	O	9.70	A	-		
1563	105	O	9.70	A	-		
1563	106	O	9.70	C	-		
1563	107	O	9.70	A	-		
1563	108	O	9.70	A	-		
1563	109	O	9.70	C	-		
1564	0	O	5.55	C	-		
1564	1	O	5.55	G	-		
1564	2	O	5.55	A	-		
1564	3	O	5.55	G	-		
1564	4	O	5.55	A	-		
1564	5	O	5.55	G	-		
1564	6	O	5.55	C	-		
1564	7	O	5.55	C	-		
1564	8	O	5.55	T	-		
1564	9	O	5.55	C	-		
1564	10	O	5.55	T	-		
1564	11	O	5.55	C	-		
1564	12	O	5.55	T	-		
1564	13	O	5.55	T	-		
1564	14	O	5.55	T	-		
1564	15	O	5.55	G	-		
1564	16	O	5.55	A	-		
1564	17	O	5.55	C	-		
1564	18	O	5.55	A	-		
1564	19	O	5.55	T	-		
1564	20	O	5.55	T	-		
1564	21	O	5.55	T	-		
1564	22	O	5.55	G	-		
1564	23	O	5.55	C	-		
1564	24	O	5.55	A	-		
1564	25	O	5.55	A	-		
1564	26	O	5.55	C	-		
1564	27	O	5.55	A	-		
1564	28	O	5.55	C	-		
1564	29	O	5.55	A	-		
1564	30	O	5.55	C	-		
1564	31	O	5.55	C	-		
1564	32	O	5.55	T	-		
1564	33	O	5.55	C	-		
1564	34	O	5.55	A	-		
1564	35	O	5.55	G	-		
1564	36	O	5.55	C	-		
1564	37	O	5.55	G	-		
1564	38	O	5.55	A	-		
1564	39	O	5.55	A	-		
1564	40	O	5.55	C	-		
1564	41	O	5.55	C	-		
1564	42	O	5.55	A	-		
1564	43	O	5.55	A	-		
1564	44	O	5.55	T	-		
1564	45	O	5.55	G	-		
1564	46	O	5.55	A	-		
1564	47	O	5.55	C	-		
1564	48	O	5.55	G	-		
1564	49	O	5.55	A	-		
1564	50	O	5.55	A	-		
1564	51	O	5.55	A	-		
1564	52	O	5.55	A	-		
1564	53	O	5.55	G	-		
1564	54	O	5.55	T	-		
1564	55	O	5.55	G	-		
1564	56	O	5.55	G	-		
1564	57	O	5.55	C	-		
1564	58	O	5.55	A	-		
1564	59	O	5.55	G	-		
1564	60	O	5.55	A	-		
1564	61	O	5.55	A	-		
1564	62	O	5.55	G	-		
1564	63	O	5.55	C	-		
1564	64	O	5.55	T	-		
1564	65	O	5.55	A	-		
1564	66	O	5.55	G	-		
1564	67	O	5.55	A	-		
1564	68	O	5.55	G	-		
1564	69	O	5.55	A	-		
1564	70	O	5.55	G	-		
1564	71	O	5.55	C	-		
1564	72	O	5.55	T	-		
1564	73	O	5.55	T	-		
1564	74	O	5.55	C	-		
1564	75	O	5.55	C	-		
1564	76	O	5.55	T	-		
1564	77	O	5.55	C	-		
1564	78	O	5.55	A	-		
1564	79	O	5.55	T	-		
1564	80	O	5.55	A	-		
1564	81	O	5.55	C	-		
1564	82	O	5.55	T	-		
1564	83	O	5.55	G	-		
1564	84	O	5.55	C	-		
1564	85	O	5.55	C	-		
1564	86	O	5.55	A	-		
1564	87	O	5.55	C	-		
1564	88	O	5.55	C	-		
1564	89	O	5.55	A	-		
1564	90	O	5.55	A	-		
1564	91	O	5.55	C	-		
1564	92	O	5.55	T	-		
1564	93	O	5.55	C	-		
1564	94	O	5.55	T	-		
1564	95	O	5.55	T	-		
1564	96	O	5.55	C	-		
1564	97	O	5.55	T	-		
1564	98	O	5.55	A	-		
1564	99	O	5.55	G	-		
1564	100	O	5.55	A	-		
1564	101	O	5.55	G	-		
1564	102	O	5.55	C	-		
1564	103	O	5.55	A	-		
1564	104	O	5.55	A	-		
1564	105	O	5.55	G	-		
1564	106	O	5.55	A	-		
1564	107	O	5.55	G	-		
1564	108	O	5.55	T	-		
1564	109	O	5.55	G	-		
1565	0	O	9.70	C	-		
1565	1	O	9.70	G	-		
1565	2	O	9.70	C	-		
1565	3	O	9.70	A	-		
1565	4	O	9.70	A	-		
1565	5	O	9.70	T	-		
1565	6	O	9.70	C	-		
1565	7	O	9.70	C	-		
1565	8	O	9.70	A	-		
1565	9	O	9.70	A	-		
1565	10	O	9.70	C	-		
1565	11	O	9.70	T	-		
1565	12	O	9.70	C	-		
1565	13	O	9.70	G	-		
1565	14	O	9.70	C	-		
1565	15	O	9.70	C	-		
1565	16	O	9.70	G	-		
1565	17	O	9.70	A	-		
1565	18	O	9.70	C	-		
1565	19	O	9.70	C	-		
1565	20	O	9.70	C	-		
1565	21	O	9.70	C	-		
1565	22	O	9.70	G	-		
1565	23	O	9.70	T	-		
1565	24	O	9.70	C	-		
1565	25	O	9.70	C	-		
1565	26	O	9.70	T	-		
1565	27	O	9.70	C	-		
1565	28	O	9.70	G	-		
1565	29	O	9.70	T	-		
1565	30	O	9.70	C	-		
1565	31	O	9.70	G	-		
1565	32	O	9.70	C	-		
1565	33	O	9.70	C	-		
1565	34	O	9.70	C	-		
1565	35	O	9.70	G	-		
1565	36	O	9.70	C	-		
1565	37	O	9.70	C	-		
1565	38	O	9.70	T	-		
1565	39	O	9.70	C	-		
1565	40	O	9.70	A	-		
1565	41	O	9.70	T	-		
1565	42	O	9.70	C	-		
1565	43	O	9.70	C	-		
1565	44	O	9.70	G	-		
1565	45	O	9.70	C	-		
1565	46	O	9.70	C	-		
1565	47	O	9.70	T	-		
1565	48	O	9.70	G	-		
1565	49	O	9.70	C	-		
1565	50	O	9.70	A	-		
1565	51	O	9.70	C	-		
1565	52	O	9.70	C	-		
1565	53	O	9.70	C	-		
1565	54	O	9.70	C	-		
1565	55	O	9.70	A	-		
1565	56	O	9.70	C	-		
1565	57	O	9.70	C	-		
1565	58	O	9.70	C	-		
1565	59	O	9.70	T	-		
1565	60	O	9.70	G	-		
1565	61	O	9.70	C	-		
1565	62	O	9.70	T	-		
1565	63	O	9.70	C	-		
1565	64	O	9.70	G	-		
1565	65	O	9.70	C	-		
1565	66	O	9.70	C	-		
1565	67	O	9.70	A	-		
1565	68	O	9.70	A	-		
1565	69	O	9.70	C	-		
1565	70	O	9.70	C	-		
1565	71	O	9.70	C	-		
1565	72	O	9.70	C	-		
1565	73	O	9.70	G	-		
1565	74	O	9.70	A	-		
1565	75	O	9.70	C	-		
1565	76	O	9.70	T	-		
1565	77	O	9.70	T	-		
1565	78	O	9.70	C	-		
1565	79	O	9.70	G	-		
1565	80	O	9.70	C	-		
1565	81	O	9.70	C	-		
1565	82	O	9.70	A	-		
1565	83	O	9.70	A	-		
1565	84	O	9.70	C	-		
1565	85	O	9.70	A	-		
1565	86	O	9.70	A	-		
1565	87	O	9.70	A	-		
1565	88	O	9.70	T	-		
1565	89	O	9.70	C	-		
1565	90	O	9.70	A	-		
1565	91	O	9.70	A	-		
1565	92	O	9.70	A	-		
1565	93	O	9.70	C	-		
1565	94	O	9.70	A	-		
1565	95	O	9.70	C	-		
1565	96	O	9.70	C	-		
1565	97	O	9.70	T	-		
1565	98	O	9.70	C	-		
1565	99	O	9.70	G	-		
1565	100	O	9.70	C	-		
1565	101	O	9.70	T	-		
1565	102	O	9.70	G	-		
1565	103	O	9.70	C	-		
1565	104	O	9.70	A	-		
1565	105	O	9.70	C	-		
1565	106	O	9.70	C	-		
1565	107	O	9.70	T	-		
1565	108	O	9.70	C	-		
1565	109	O	9.70	G	-		
1566	0	O	8.32	G	-		
1566	1	O	8.32	G	-		
1566	2	O	8.32	G	-		
1566	3	O	8.32	A	-		
1566	4	O	8.32	T	-		
1566	5	O	8.32	A	-		
1566	6	O	8.32	A	-		
1566	7	O	8.32	G	-		
1566	8	O	8.32	T	-		
1566	9	O	8.32	A	-		
1566	10	O	8.32	G	-		
1566	11	O	8.32	C	-		
1566	12	O	8.32	A	-		
1566	13	O	8.32	A	-		
1566	14	O	8.32	A	-		
1566	15	O	8.32	T	-		
1566	16	O	8.32	G	-		
1566	17	O	8.32	G	-		
1566	18	O	8.32	A	-		
1566	19	O	8.32	T	-		
1566	20	O	8.32	C	-		
1566	21	O	8.32	G	-		
1566	22	O	8.32	G	-		
1566	23	O	8.32	C	-		
1566	24	O	8.32	G	-		
1566	25	O	8.32	C	-		
1566	26	O	8.32	C	-		
1566	27	O	8.32	A	-		
1566	28	O	8.32	T	-		
1566	29	O	8.32	C	-		
1566	30	O	8.32	A	-		
1566	31	O	8.32	C	-		
1566	32	O	8.32	A	-		
1566	33	O	8.32	G	-		
1566	34	O	8.32	C	-		
1566	35	O	8.32	C	-		
1566	36	O	8.32	G	-		
1566	37	O	8.32	A	-		
1566	38	O	8.32	G	-		
1566	39	O	8.32	G	-		
1566	40	O	8.32	A	-		
1566	41	O	8.32	G	-		
1566	42	O	8.32	G	-		
1566	43	O	8.32	A	-		
1566	44	O	8.32	A	-		
1566	45	O	8.32	A	-		
1566	46	O	8.32	C	-		
1566	47	O	8.32	C	-		
1566	48	O	8.32	C	-		
1566	49	O	8.32	T	-		
1566	50	O	8.32	A	-		
1566	51	O	8.32	T	-		
1566	52	O	8.32	T	-		
1566	53	O	8.32	T	-		
1566	54	O	8.32	C	-		
1566	55	O	8.32	G	-		
1566	56	O	8.32	A	-		
1566	57	O	8.32	G	-		
1566	58	O	8.32	A	-		
1566	59	O	8.32	A	-		
1566	60	O	8.32	G	-		
1566	61	O	8.32	C	-		
1566	62	O	8.32	C	-		
1566	63	O	8.32	C	-		
1566	64	O	8.32	A	-		
1566	65	O	8.32	G	-		
1566	66	O	8.32	G	-		
1566	67	O	8.32	A	-		
1566	68	O	8.32	C	-		
1566	69	O	8.32	T	-		
1566	70	O	8.32	G	-		
1566	71	O	8.32	C	-		
1566	72	O	8.32	T	-		
1566	73	O	8.32	T	-		
1566	74	O	8.32	A	-		
1566	75	O	8.32	G	-		
1566	76	O	8.32	G	-		
1566	77	O	8.32	C	-		
1566	78	O	8.32	T	-		
1566	79	U	0.71	C	A		
1566	80	O	8.32	C	-		
1566	81	O	8.32	A	-		
1566	82	O	8.32	G	-		
1566	83	O	8.32	T	-		
1566	84	O	8.32	G	-		
1566	85	O	8.32	T	-		
1566	86	O	8.32	C	-		
1566	87	O	8.32	A	-		
1566	88	O	8.32	T	-		
1566	89	O	8.32	G	-		
1566	90	O	8.32	G	-		
1566	91	O	8.32	C	-		
1566	92	O	8.32	A	-		
1566	93	O	8.32	T	-		
1566	94	O	8.32	C	-		
1566	95	O	8.32	C	-		
1566	96	O	8.32	G	-		
1566	97	O	8.32	A	-		
1566	98	O	8.32	T	-		
1566	99	O	8.32	C	-		
1566	100	O	8.32	T	-		
1566	101	O	8.32	G	-		
1566	102	O	8.32	C	-		
1566	103	O	8.32	A	-		
1566	104	O	8.32	A	-		
1566	105	O	8.32	G	-		
1566	106	O	8.32	T	-		
1566	107	O	8.32	C	-		
1566	108	O	8.32	C	-		
1566	109	O	8.32	C	-		
1567	0	O	9.70	C	-		
1567	1	O	9.70	G	-		
1567	2	O	9.70	C	-		
1567	3	O	9.70	C	-		
1567	4	O	9.70	T	-		
1567	5	O	9.70	T	-		
1567	6	O	9.70	G	-		
1567	7	O	9.70	T	-		
1567	8	O	9.70	T	-		
1567	9	O	9.70	T	-		
1567	10	O	9.70	G	-		
1567	11	O	9.70	G	-		
1567	12	O	9.70	T	-		
1567	13	O	9.70	G	-		
1567	14	O	9.70	C	-		
1567	15	O	9.70	T	-		
1567	16	O	9.70	A	-		
1567	17	O	9.70	C	-		
1567	18	O	9.70	C	-		
1567	19	O	9.70	A	-		
1567	20	O	9.70	C	-		
1567	21	O	9.70	A	-		
1567	22	O	9.70	G	-		
1567	23	O	9.70	C	-		
1567	24	O	9.70	T	-		
1567	25	O	9.70	A	-		
1567	26	O	9.70	A	-		
1567	27	O	9.70	T	-		
1567	28	O	9.70	A	-		
1567	29	O	9.70	A	-		
1567	30	O	9.70	G	-		
1567	31	O	9.70	C	-		
1567	32	O	9.70	T	-		
1567	33	O	9.70	T	-		
1567	34	O	9.70	C	-		
1567	35	O	9.70	C	-		
1567	36	O	9.70	T	-		
1567	37	O	9.70	G	-		
1567	38	O	9.70	T	-		
1567	39	O	9.70	G	-		
1567	40	O	9.70	C	-		
1567	41	O	9.70	T	-		
1567	42	O	9.70	G	-		
1567	43	O	9.70	G	-		
1567	44	O	9.70	T	-		
1567	45	O	9.70	A	-		
1567	46	O	9.70	A	-		
1567	47	O	9.70	T	-		
1567	48	O	9.70	C	-		
1567	49	O	9.70	A	-		
1567	50	O	9.70	A	-		
1567	51	O	9.70	T	-		
1567	52	O	9.70	G	-		
1567	53	O	9.70	A	-		
1567	54	O	9.70	C	-		
1567	55	O	9.70	T	-		
1567	56	O	9.70	A	-		
1567	57	O	9.70	G	-		
1567	58	O	9.70	A	-		
1567	59	O	9.70	A	-		
1567	60	O	9.70	G	-		
1567	61	O	9.70	T	-		
1567	62	O	9.70	T	-		
1567	63	O	9.70	T	-		
1567	64	O	9.70	G	-		
1567	65	O	9.70	T	-		
1567	66	O	9.70	T	-		
1567	67	O	9.70	T	-		
1567	68	O	9.70	A	-		
1567	69	O	9.70	C	-		
1567	70	O	9.70	G	-		
1567	71	O	9.70	T	-		
1567	72	O	9.70	T	-		
1567	73	O	9.70	C	-		
1567	74	O	9.70	T	-		
1567	75	O	9.70	G	-		
1567	76	O	9.70	T	-		
1567	77	O	9.70	G	-		
1567	78	O	9.70	T	-		
1567	79	O	9.70	C	-		
1567	80	O	9.70	G	-		
1567	81	O	9.70	G	-		
1567	82	O	9.70	C	-		
1567	83	O	9.70	T	-		
1567	84	O	9.70	T	-		
1567	85	O	9.70	C	-		
1567	86	O	9.70	A	-		
1567	87	O	9.70	T	-		
1567	88	O	9.70	G	-		
1567	89	O	9.70	T	-		
1567	90	O	9.70	A	-		
1567	91	O	9.70	G	-		
1567	92	O	9.70	T	-		
1567	93	O	9.70	C	-		
1567	94	O	9.70	T	-		
1567	95	O	9.70	T	-		
1567	96	O	9.70	C	-		
1567	97	O	9.70	G	-		
1567	98	O	9.70	A	-		
1567	99	O	9.70	A	-		
1567	100	O	9.70	G	-		
1567	101	O	9.70	C	-		
1567	102	O	9.70	C	-		
1567	103	O	9.70	G	-		
1567	104	O	9.70	C	-		
1567	105	O	9.70	G	-		
1567	106	O	9.70	A	-		
1567	107	O	9.70	C	-		
1567	108	O	9.70	A	-		
1567	109	O	9.70	C	-		
1568	0	O	6.93	A	-		
1568	1	O	6.93	G	-		
1568	2	O	6.93	T	-		
1568	3	O	6.93	A	-		
1568	4	O	6.93	G	-		
1568	5	O	6.93	C	-		
1568	6	O	6.93	T	-		
1568	7	O	6.93	A	-		
1568	8	O	6.93	G	-		
1568	9	O	6.93	G	-		
1568	10	O	6.93	T	-		
1568	11	O	6.93	A	-		
1568	12	O	6.93	G	-		
1568	13	O	6.93	C	-		
1568	14	O	6.93	T	-		
1568	15	O	6.93	A	-		
1568	16	O	6.93	G	-		
1568	17	O	6.93	G	-		
1568	18	O	6.93	T	-		
1568	19	O	6.93	A	-		
1568	20	O	6.93	G	-		
1568	21	O	6.93	C	-		
1568	22	O	6.93	T	-		
1568	23	O	6.93	C	-		
1568	24	O	6.93	G	-		
1568	25	O	6.93	G	-		
1568	26	O	6.93	T	-		
1568	27	O	6.93	A	-		
1568	28	O	6.93	G	-		
1568	29	O	6.93	T	-		
1568	30	O	6.93	T	-		
1568	31	O	6.93	T	-		
1568	32	O	6.93	G	-		
1568	33	O	6.93	T	-		
1568	34	O	6.93	T	-		
1568	35	O	6.93	G	-		
1568	36	O	6.93	T	-		
1568	37	O	6.93	T	-		
1568	38	O	6.93	G	-		
1568	39	O	6.93	T	-		
1568	40	O	6.93	C	-		
1568	41	O	6.93	A	-		
1568	42	O	6.93	T	-		
1568	43	O	6.93	T	-		
1568	44	O	6.93	C	-		
1568	45	O	6.93	C	-		
1568	46	O	6.93	T	-		
1568	47	O	6.93	C	-		
1568	48	O	6.93	T	-		
1568	49	O	6.93	C	-		
1568	50	O	6.93	C	-		
1568	51	O	6.93	T	-		
1568	52	O	6.93	A	-		
1568	53	O	6.93	G	-		
1568	54	O	6.93	T	-		
1568	55	O	6.93	G	-		
1568	56	O	6.93	G	-		
1568	57	O	6.93	G	-		
1568	58	O	6.93	A	-		
1568	59	O	6.93	A	-		
1568	60	O	6.93	G	-		
1568	61	O	6.93	G	-		
1568	62	O	6.93	T	-		
1568	63	O	6.93	T	-		
1568	64	O	6.93	A	-		
1568	65	O	6.93	T	-		
1568	66	O	6.93	A	-		
1568	67	O	6.93	A	-		
1568	68	O	6.93	G	-		
1568	69	O	6.93	A	-		
1568	70	O	6.93	A	-		
1568	71	O	6.93	G	-		
1568	72	O	6.93	A	-		
1568	73	O	6.93	T	-		
1568	74	O	6.93	A	-		
1568	75	O	6.93	G	-		
1568	76	O	6.93	G	-		
1568	77	O	6.93	A	-		
1568	78	O	6.93	C	-		
1568	79	O	6.93	A	-		
1568	80	O	6.93	T	-		
1568	81	O	6.93	C	-		
1568	82	O	6.93	T	-		
1568	83	O	6.93	A	-		
1568	84	O	6.93	A	-		
1568	85	O	6.93	A	-		
1568	86	O	6.93	G	-		
1568	87	O	6.93	T	-		
1568	88	O	6.93	C	-		
1568	89	O	6.93	A	-		
1568	90	O	6.93	A	-		
1568	91	O	6.93	G	-		
1568	92	O	6.93	G	-		
1568	93	O	6.93	C	-		
1568	94	O	6.93	T	-		
1568	95	O	6.93	A	-		
1568	96	O	6.93	A	-		
1568	97	O	6.93	G	-		
1568	98	O	6.93	C	-		
1568	99	O	6.93	T	-		
1568	100	O	6.93	G	-		
1568	101	O	6.93	G	-		
1568	102	O	6.93	T	-		
1568	103	O	6.93	C	-		
1568	104	O	6.93	T	-		
1568	105	O	6.93	T	-		
1568	106	O	6.93	C	-		
1568	107	O	6.93	C	-		
1568	108	O	6.93	T	-		
1568	109	O	6.93	C	-		
1569	0	O	6.93	C	-		
1569	1	O	6.93	G	-		
1569	2	O	6.93	G	-		
1569	3	O	6.93	T	-		
1569	4	O	6.93	C	-		
1569	5	O	6.93	T	-		
1569	6	O	6.93	G	-		
1569	7	O	6.93	A	-		
1569	8	O	6.93	G	-		
1569	9	O	6.93	G	-		
1569	10	O	6.93	T	-		
1569	11	O	6.93	A	-		
1569	12	O	6.93	T	-		
1569	13	O	6.93	T	-		
1569	14	O	6.93	C	-		
1569	15	O	6.93	G	-		
1569	16	O	6.93	T	-		
1569	17	O	6.93	T	-		
1569	18	O	6.93	G	-		
1569	19	O	6.93	G	-		
1569	20	O	6.93	G	-		
1569	21	O	6.93	T	-		
1569	22	O	6.93	T	-		
1569	23	O	6.93	T	-		
1569	24	O	6.93	G	-		
1569	25	O	6.93	G	-		
1569	26	O	6.93	G	-		
1569	27	O	6.93	G	-		
1569	28	O	6.93	T	-		
1569	29	O	6.93	T	-		
1569	30	O	6.93	G	-		
1569	31	O	6.93	G	-		
1569	32	O	6.93	G	-		
1569	33	O	6.93	T	-		
1569	34	O	6.93	T	-		
1569	35	O	6.93	C	-		
1569	36	O	6.93	C	-		
1569	37	O	6.93	A	-		
1569	38	O	6.93	G	-		
1569	39	O	6.93	G	-		
1569	40	O	6.93	G	-		
1569	41	O	6.93	C	-		
1569	42	O	6.93	A	-		
1569	43	O	6.93	G	-		
1569	44	O	6.93	C	-		
1569	45	O	6.93	A	-		
1569	46	O	6.93	G	-		
1569	47	O	6.93	G	-		
1569	48	U	-0.27	A	C		
1569	49	O	6.93	A	-		
1569	50	O	6.93	G	-		
1569	51	O	6.93	T	-		
1569	52	O	6.93	A	-		
1569	53	O	6.93	T	-		
1569	54	O	6.93	G	-		
1569	55	O	6.93	T	-		
1569	56	O	6.93	G	-		
1569	57	O	6.93	C	-		
1569	58	O	6.93	T	-		
1569	59	O	6.93	C	-		
1569	60	O	6.93	C	-		
1569	61	O	6.93	T	-		
1569	62	O	6.93	C	-		
1569	63	O	6.93	C	-		
1569	64	O	6.93	T	-		
1569	65	O	6.93	C	-		
1569	66	O	6.93	T	-		
1569	67	O	6.93	T	-		
1569	68	O	6.93	T	-		
1569	69	O	6.93	C	-		
1569	70	O	6.93	G	-		
1569	71	O	6.93	G	-		
1569	72	O	6.93	C	-		
1569	73	O	6.93	C	-		
1569	74	O	6.93	A	-		
1569	75	O	6.93	G	-		
1569	76	O	6.93	T	-		
1569	77	O	6.93	T	-		
1569	78	O	6.93	T	-		
1569	79	O	6.93	G	-		
1569	80	O	6.93	T	-		
1569	81	O	6.93	C	-		
1569	82	O	6.93	T	-		
1569	83	O	6.93	C	-		
1569	84	O	6.93	A	-		
1569	85	O	6.93	A	-		
1569	86	O	6.93	A	-		
1569	87	O	6.93	G	-		
1569	88	O	6.93	T	-		
1569	89	O	6.93	C	-		
1569	90	O	6.93	T	-		
1569	91	O	6.93	T	-		
1569	92	O	6.93	C	-		
1569	93	O	6.93	C	-		
1569	94	O	6.93	T	-		
1569	95	O	6.93	C	-		
1569	96	O	6.93	A	-		
1569	97	O	6.93	A	-		
1569	98	O	6.93	T	-		
1569	99	O	6.93	C	-		
1569	100	O	6.93	G	-		
1569	101	O	6.93	G	-		
1569	102	O	6.93	G	-		
1569	103	O	6.93	C	-		
1569	104	O	6.93	A	-		
1569	105	O	6.93	T	-		
1569	106	O	6.93	G	-		
1569	107	O	6.93	G	-		
1569	108	O	6.93	C	-		
1569	109	O	6.93	C	-		
1570	0	O	8.32	T	-		
1570	1	O	8.32	G	-		
1570	2	O	8.32	C	-		
1570	3	O	8.32	A	-		
1570	4	O	8.32	G	-		
1570	5	O	8.32	T	-		
1570	6	O	8.32	A	-		
1570	7	O	8.32	A	-		
1570	8	O	8.32	G	-		
1570	9	O	8.32	G	-		
1570	10	O	8.32	A	-		
1570	11	O	8.32	T	-		
1570	12	O	8.32	C	-		
1570	13	O	8.32	T	-		
1570	14	O	8.32	C	-		
1570	15	O	8.32	T	-		
1570	16	O	8.32	C	-		
1570	17	O	8.32	G	-		
1570	18	O	8.32	C	-		
1570	19	O	8.32	A	-		
1570	20	O	8.32	A	-		
1570	21	O	8.32	T	-		
1570	22	O	8.32	C	-		
1570	23	O	8.32	C	-		
1570	24	O	8.32	C	-		
1570	25	O	8.32	A	-		
1570	26	O	8.32	C	-		
1570	27	O	8.32	A	-		
1570	28	O	8.32	G	-		
1570	29	O	8.32	C	-		
1570	30	O	8.32	C	-		
1570	31	O	8.32	C	-		
1570	32	O	8.32	G	-		
1570	33	O	8.32	C	-		
1570	34	O	8.32	C	-		
1570	35	O	8.32	C	-		
1570	36	O	8.32	G	-		
1570	37	O	8.32	T	-		
1570	38	O	8.32	C	-		
1570	39	O	8.32	C	-		
1570	40	O	8.32	G	-		
1570	41	O	8.32	C	-		
1570	42	O	8.32	A	-		
1570	43	O	8.32	C	-		
1570	44	O	8.32	C	-		
1570	45	O	8.32	T	-		
1570	46	O	8.32	C	-		
1570	47	O	8.32	C	-		
1570	48	O	8.32	G	-		
1570	49	O	8.32	A	-		
1570	50	O	8.32	A	-		
1570	51	O	8.32	G	-		
1570	52	O	8.32	A	-		
1570	53	O	8.32	A	-		
1570	54	O	8.32	A	-		
1570	55	O	8.32	G	-		
1570	56	O	8.32	C	-		
1570	57	O	8.32	A	-		
1570	58	O	8.32	C	-		
1570	59	O	8.32	A	-		
1570	60	O	8.32	T	-		
1570	61	O	8.32	C	-		
1570	62	O	8.32	T	-		
1570	63	O	8.32	T	-		
1570	64	O	8.32	C	-		
1570	65	O	8.32	G	-		
1570	66	O	8.32	G	-		
1570	67	O	8.32	A	-		
1570	68	O	8.32	C	-		
1570	69	O	8.32	A	-		
1570	70	O	8.32	G	-		
1570	71	O	8.32	C	-		
1570	72	O	8.32	G	-		
1570	73	O	8.32	A	-		
1570	74	O	8.32	G	-		
1570	75	O	8.32	T	-		
1570	76	O	8.32	A	-		
1570	77	O	8.32	G	-		
1570	78	O	8.32	C	-		
1570	79	O	8.32	G	-		
1570	80	O	8.32	C	-		
1570	81	O	8.32	A	-		
1570	82	O	8.32	C	-		
1570	83	O	8.32	C	-		
1570	84	O	8.32	G	-		
1570	85	O	8.32	C	-		
1570	86	O	8.32	A	-		
1570	87	O	8.32	G	-		
1570	88	O	8.32	C	-		
1570	89	O	8.32	C	-		
1570	90	O	8.32	T	-		
1570	91	O	8.32	C	-		
1570	92	O	8.32	G	-		
1570	93	O	8.32	C	-		
1570	94	O	8.32	G	-		
1570	95	O	8.32	A	-		
1570	96	O	8.32	G	-		
1570	97	O	8.32	G	-		
1570	98	O	8.32	A	-		
1570	99	O	8.32	A	-		
1570	100	O	8.32	G	-		
1570	101	O	8.32	C	-		
1570	102	O	8.32	G	-		
1570	103	O	8.32	A	-		
1570	104	O	8.32	C	-		
1570	105	O	8.32	G	-		
1570	106	O	8.32	C	-		
1570	107	O	8.32	C	-		
1570	108	O	8.32	A	-		
1570	109	O	8.32	T	-		
1571	0	O	6.93	C	-		
1571	1	O	6.93	T	-		
1571	2	O	6.93	A	-		
1571	3	O	6.93	C	-		
1571	4	O	6.93	C	-		
1571	5	O	6.93	G	-		
1571	6	O	6.93	G	-		
1571	7	O	6.93	A	-		
1571	8	O	6.93	C	-		
1571	9	O	6.93	T	-		
1571	10	O	6.93	T	-		
1571	11	O	6.93	T	-		
1571	12	O	6.93	A	-		
1571	13	O	6.93	C	-		
1571	14	O	6.93	G	-		
1571	15	O	6.93	A	-		
1571	16	O	6.93	G	-		
1571	17	O	6.93	G	-		
1571	18	O	6.93	A	-		
1571	19	O	6.93	T	-		
1571	20	U	-0.27	T	A		
1571	21	O	6.93	T	-		
1571	22	O	6.93	C	-		
1571	23	O	6.93	G	-		
1571	24	O	6.93	A	-		
1571	25	O	6.93	A	-		
1571	26	O	6.93	C	-		
1571	27	O	6.93	T	-		
1571	28	O	6.93	T	-		
1571	29	O	6.93	G	-		
1571	30	O	6.93	A	-		
1571	31	O	6.93	T	-		
1571	32	O	6.93	A	-		
1571	33	O	6.93	A	-		
1571	34	O	6.93	A	-		
1571	35	O	6.93	A	-		
1571	36	O	6.93	G	-		
1571	37	O	6.93	G	-		
1571	38	O	6.93	G	-		
1571	39	O	6.93	C	-		
1571	40	O	6.93	A	-		
1571	41	O	6.93	G	-		
1571	42	O	6.93	G	-		
1571	43	O	6.93	A	-		
1571	44	O	6.93	T	-		
1571	45	O	6.93	A	-		
1571	46	O	6.93	C	-		
1571	47	O	6.93	A	-		
1571	48	O	6.93	T	-		
1571	49	O	6.93	G	-		
1571	50	O	6.93	T	-		
1571	51	O	6.93	T	-		
1571	52	O	6.93	C	-		
1571	53	O	6.93	T	-		
1571	54	O	6.93	T	-		
1571	55	O	6.93	G	-		
1571	56	O	6.93	C	-		
1571	57	O	6.93	A	-		
1571	58	O	6.93	A	-		
1571	59	O	6.93	G	-		
1571	60	O	6.93	A	-		
1571	61	O	6.93	A	-		
1571	62	O	6.93	A	-		
1571	63	O	6.93	T	-		
1571	64	O	6.93	T	-		
1571	65	O	6.93	G	-		
1571	66	O	6.93	G	-		
1571	67	O	6.93	T	-		
1571	68	O	6.93	A	-		
1571	69	O	6.93	C	-		
1571	70	O	6.93	G	-		
1571	71	O	6.93	A	-		
1571	72	O	6.93	T	-		
1571	73	O	6.93	T	-		
1571	74	O	6.93	C	-		
1571	75	O	6.93	T	-		
1571	76	O	6.93	C	-		
1571	77	O	6.93	C	-		
1571	78	O	6.93	C	-		
1571	79	O	6.93	G	-		
1571	80	O	6.93	T	-		
1571	81	O	6.93	A	-		
1571	82	O	6.93	T	-		
1571	83	O	6.93	G	-		
1571	84	O	6.93	A	-		
1571	85	O	6.93	G	-		
1571	86	O	6.93	A	-		
1571	87	O	6.93	A	-		
1571	88	O	6.93	C	-		
1571	89	O	6.93	C	-		
1571	90	O	6.93	G	-		
1571	91	O	6.93	T	-		
1571	92	O	6.93	G	-		
1571	93	O	6.93	T	-		
1571	94	O	6.93	C	-		
1571	95	O	6.93	C	-		
1571	96	O	6.93	G	-		
1571	97	O	6.93	T	-		
1571	98	O	6.93	T	-		
1571	99	O	6.93	T	-		
1571	100	O	6.93	C	-		
1571	101	O	6.93	G	-		
1571	102	O	6.93	A	-		
1571	103	O	6.93	T	-		
1571	104	O	6.93	C	-		
1571	105	O	6.93	A	-		
1571	106	O	6.93	G	-		
1571	107	O	6.93	C	-		
1571	108	O	6.93	A	-		
1571	109	O	6.93	T	-		
1572	0	O	8.32	G	-		
1572	1	O	8.32	A	-		
1572	2	O	8.32	C	-		
1572	3	O	8.32	G	-		
1572	4	O	8.32	G	-		
1572	5	O	8.32	A	-		
1572	6	O	8.32	G	-		
1572	7	O	8.32	G	-		
1572	8	O	8.32	A	-		
1572	9	O	8.32	G	-		
1572	10	O	8.32	T	-		
1572	11	O	8.32	G	-		
1572	12	O	8.32	A	-		
1572	13	O	8.32	T	-		
1572	14	O	8.32	T	-		
1572	15	O	8.32	A	-		
1572	16	O	8.32	G	-		
1572	17	O	8.32	G	-		
1572	18	O	8.32	A	-		
1572	19	O	8.32	T	-		
1572	20	O	8.32	T	-		
1572	21	O	8.32	T	-		
1572	22	O	8.32	C	-		
1572	23	O	8.32	T	-		
1572	24	O	8.32	A	-		
1572	25	O	8.32	G	-		
1572	26	O	8.32	G	-		
1572	27	O	8.32	A	-		
1572	28	O	8.32	C	-		
1572	29	O	8.32	G	-		
1572	30	O	8.32	T	-		
1572	31	O	8.32	G	-		
1572	32	O	8.32	T	-		
1572	33	O	8.32	G	-		
1572	34	O	8.32	C	-		
1572	35	O	8.32	T	-		
1572	36	O	8.32	A	-		
1572	37	O	8.32	C	-		
1572	38	O	8.32	T	-		
1572	39	O	8.32	G	-		
1572	40	O	8.32	C	-		
1572	41	O	8.32	A	-		
1572	42	O	8.32	T	-		
1572	43	O	8.32	T	-		
1572	44	O	8.32	C	-		
1572	45	O	8.32	G	-		
1572	46	O	8.32	C	-		
1572	47	O	8.32	A	-		
1572	48	O	8.32	A	-		
1572	49	O	8.32	C	-		
1572	50	O	8.32	G	-		
1572	51	O	8.32	A	-		
1572	52	O	8.32	C	-		
1572	53	O	8.32	A	-		
1572	54	O	8.32	G	-		
1572	55	O	8.32	C	-		
1572	56	O	8.32	C	-		
1572	57	O	8.32	G	-		
1572	58	O	8.32	G	-		
1572	59	O	8.32	T	-		
1572	60	O	8.32	C	-		
1572	61	O	8.32	G	-		
1572	62	O	8.32	A	-		
1572	63	O	8.32	G	-		
1572	64	O	8.32	G	-		
1572	65	O	8.32	G	-		
1572	66	O	8.32	T	-		
1572	67	O	8.32	T	-		
1572	68	O	8.32	A	-		
1572	69	O	8.32	G	-		
1572	70	O	8.32	T	-		
1572	71	O	8.32	C	-		
1572	72	O	8.32	A	-		
1572	73	O	8.32	A	-		
1572	74	O	8.32	G	-		
1572	75	O	8.32	G	-		
1572	76	O	8.32	T	-		
1572	77	O	8.32	G	-		
1572	78	O	8.32	A	-		
1572	79	O	8.32	C	-		
1572	80	O	8.32	G	-		
1572	81	O	8.32	T	-		
1572	82	O	8.32	C	-		
1572	83	O	8.32	T	-		
1572	84	O	8.32	G	-		
1572	85	O	8.32	C	-		
1572	86	O	8.32	A	-		
1572	87	O	8.32	A	-		
1572	88	O	8.32	C	-		
1572	89	O	8.32	T	-		
1572	90	O	8.32	A	-		
1572	91	O	8.32	G	-		
1572	92	O	8.32	T	-		
1572	93	O	8.32	A	-		
1572	94	O	8.32	A	-		
1572	95	O	8.32	A	-		
1572	96	O	8.32	C	-		
1572	97	O	8.32	C	-		
1572	98	O	8.32	G	-		
1572	99	O	8.32	T	-		
1572	100	O	8.32	A	-		
1572	101	O	8.32	G	-		
1572	102	O	8.32	C	-		
1572	103	O	8.32	A	-		
1572	104	O	8.32	G	-		
1572	105	O	8.32	T	-		
1572	106	O	8.32	G	-		
1572	107	O	8.32	T	-		
1572	108	O	8.32	T	-		
1572	109	O	8.32	C	-		
1573	0	O	6.93	A	-		
1573	1	O	6.93	G	-		
1573	2	O	6.93	G	-		
1573	3	O	6.93	A	-		
1573	4	O	6.93	G	-		
1573	5	O	6.93	G	-		
1573	6	O	6.93	T	-		
1573	7	O	6.93	A	-		
1573	8	O	6.93	G	-		
1573	9	O	6.93	A	-		
1573	10	O	6.93	C	-		
1573	11	O	6.93	T	-		
1573	12	O	6.93	C	-		
1573	13	O	6.93	C	-		
1573	14	O	6.93	G	-		
1573	15	O	6.93	C	-		
1573	16	O	6.93	C	-		
1573	17	O	6.93	A	-		
1573	18	O	6.93	G	-		
1573	19	O	6.93	T	-		
1573	20	O	6.93	T	-		
1573	21	O	6.93	C	-		
1573	22	O	6.93	G	-		
1573	23	O	6.93	A	-		
1573	24	O	6.93	T	-		
1573	25	O	6.93	T	-		
1573	26	O	6.93	G	-		
1573	27	O	6.93	C	-		
1573	28	O	6.93	A	-		
1573	29	O	6.93	C	-		
1573	30	O	6.93	C	-		
1573	31	O	6.93	A	-		
1573	32	O	6.93	C	-		
1573	33	O	6.93	C	-		
1573	34	O	6.93	G	-		
1573	35	O	6.93	T	-		
1573	36	O	6.93	T	-		
1573	37	O	6.93	G	-		
1573	38	O	6.93	T	-		
1573	39	O	6.93	A	-		
1573	40	O	6.93	C	-		
1573	41	O	6.93	G	-		
1573	42	O	6.93	A	-		
1573	43	O	6.93	G	-		
1573	44	O	6.93	G	-		
1573	45	O	6.93	G	-		
1573	46	O	6.93	G	-		
1573	47	O	6.93	G	-		
1573	48	O	6.93	G	-		
1573	49	O	6.93	G	-		
1573	50	O	6.93	A	-		
1573	51	O	6.93	G	-		
1573	52	O	6.93	G	-		
1573	53	O	6.93	T	-		
1573	54	O	6.93	T	-		
1573	55	O	6.93	A	-		
1573	56	O	6.93	A	-		
1573	57	O	6.93	C	-		
1573	58	O	6.93	T	-		
1573	59	O	6.93	C	-		
1573	60	O	6.93	C	-		
1573	61	O	6.93	T	-		
1573	62	O	6.93	T	-		
1573	63	O	6.93	T	-		
1573	64	O	6.93	G	-		
1573	65	O	6.93	T	-		
1573	66	O	6.93	T	-		
1573	67	O	6.93	G	-		
1573	68	O	6.93	T	-		
1573	69	O	6.93	T	-		
1573	70	O	6.93	C	-		
1573	71	O	6.93	C	-		
1573	72	O	6.93	A	-		
1573	73	O	6.93	A	-		
1573	74	O	6.93	T	-		
1573	75	O	6.93	C	-		
1573	76	O	6.93	C	-		
1573	77	O	6.93	G	-		
1573	78	O	6.93	C	-		
1573	79	O	6.93	G	-		
1573	80	O	6.93	T	-		
1573	81	O	6.93	C	-		
1573	82	O	6.93	C	-		
1573	83	O	6.93	C	-		
1573	84	O	6.93	T	-		
1573	85	O	6.93	G	-		
1573	86	O	6.93	C	-		
1573	87	O	6.93	G	-		
1573	88	O	6.93	C	-		
1573	89	O	6.93	G	-		
1573	90	O	6.93	C	-		
1573	91	O	6.93	T	-		
1573	92	O	6.93	C	-		
1573	93	O	6.93	T	-		
1573	94	O	6.93	G	-		
1573	95	O	6.93	T	-		
1573	96	O	6.93	C	-		
1573	97	O	6.93	A	-		
1573	98	O	6.93	T	-		
1573	99	O	6.93	T	-		
1573	100	O	6.93	G	-		
1573	101	O	6.93	C	-		
1573	102	O	6.93	A	-		
1573	103	O	6.93	T	-		
1573	104	O	6.93	T	-		
1573	105	O	6.93	A	-		
1573	106	O	6.93	C	-		
1573	107	O	6.93	A	-		
1573	108	O	6.93	C	-		
1573	109	O	6.93	T	-		
1574	0	O	11.09	C	-		
1574	1	O	11.09	G	-		
1574	2	O	11.09	A	-		
1574	3	O	11.09	G	-		
1574	4	O	11.09	A	-		
1574	5	O	11.09	A	-		
1574	6	O	11.09	G	-		
1574	7	O	11.09	C	-		
1574	8	O	11.09	G	-		
1574	9	O	11.09	C	-		
1574	10	O	11.09	G	-		
1574	11	O	11.09	C	-		
1574	12	O	11.09	G	-		
1574	13	O	11.09	C	-		
1574	14	O	11.09	T	-		
1574	15	O	11.09	T	-		
1574	16	O	11.09	G	-		
1574	17	O	11.09	C	-		
1574	18	O	11.09	A	-		
1574	19	O	11.09	T	-		
1574	20	O	11.09	C	-		
1574	21	O	11.09	G	-		
1574	22	O	11.09	C	-		
1574	23	O	11.09	A	-		
1574	24	O	11.09	A	-		
1574	25	O	11.09	C	-		
1574	26	O	11.09	C	-		
1574	27	O	11.09	A	-		
1574	28	O	11.09	G	-		
1574	29	O	11.09	G	-		
1574	30	O	11.09	G	-		
1574	31	O	11.09	T	-		
1574	32	O	11.09	G	-		
1574	33	O	11.09	T	-		
1574	34	O	11.09	G	-		
1574	35	O	11.09	C	-		
1574	36	O	11.09	C	-		
1574	37	O	11.09	C	-		
1574	38	O	11.09	A	-		
1574	39	O	11.09	A	-		
1574	40	O	11.09	G	-		
1574	41	O	11.09	C	-		
1574	42	O	11.09	C	-		
1574	43	O	11.09	T	-		
1574	44	O	11.09	A	-		
1574	45	O	11.09	G	-		
1574	46	O	11.09	C	-		
1574	47	O	11.09	A	-		
1574	48	O	11.09	C	-		
1574	49	O	11.09	G	-		
1574	50	O	11.09	C	-		
1574	51	O	11.09	T	-		
1574	52	O	11.09	A	-		
1574	53	O	11.09	G	-		
1574	54	O	11.09	C	-		
1574	55	O	11.09	T	-		
1574	56	O	11.09	G	-		
1574	57	O	11.09	T	-		
1574	58	O	11.09	G	-		
1574	59	O	11.09	C	-		
1574	60	O	11.09	A	-		
1574	61	O	11.09	C	-		
1574	62	O	11.09	C	-		
1574	63	O	11.09	T	-		
1574	64	O	11.09	G	-		
1574	65	O	11.09	C	-		
1574	66	O	11.09	C	-		
1574	67	O	11.09	C	-		
1574	68	O	11.09	A	-		
1574	69	O	11.09	G	-		
1574	70	O	11.09	G	-		
1574	71	O	11.09	G	-		
1574	72	O	11.09	C	-		
1574	73	O	11.09	G	-		
1574	74	O	11.09	C	-		
1574	75	O	11.09	A	-		
1574	76	O	11.09	A	-		
1574	77	O	11.09	C	-		
1574	78	O	11.09	A	-		
1574	79	O	11.09	G	-		
1574	80	O	11.09	G	-		
1574	81	O	11.09	A	-		
1574	82	O	11.09	G	-		
1574	83	O	11.09	G	-		
1574	84	O	11.09	C	-		
1574	85	O	11.09	C	-		
1574	86	O	11.09	C	-		
1574	87	O	11.09	A	-		
1574	88	O	11.09	A	-		
1574	89	O	11.09	G	-		
1574	90	O	11.09	C	-		
1574	91	O	11.09	A	-		
1574	92	O	11.09	C	-		
1574	93	O	11.09	G	-		
1574	94	O	11.09	G	-		
1574	95	O	11.09	G	-		
1574	96	O	11.09	A	-		
1574	97	O	11.09	G	-		
1574	98	O	11.09	C	-		
1574	99	O	11.09	A	-		
1574	100	O	11.09	G	-		
1574	101	O	11.09	C	-		
1574	102	O	11.09	C	-		
1574	103	O	11.09	G	-		
1574	104	O	11.09	A	-		
1574	105	O	11.09	G	-		
1574	106	O	11.09	C	-		
1574	107	O	11.09	T	-		
1574	108	O	11.09	T	-		
1574	109	O	11.09	G	-		
1575	0	O	16.64	C	-		
1575	1	O	16.64	T	-		
1575	2	O	16.64	G	-		
1575	3	O	16.64	A	-		
1575	4	O	16.64	G	-		
1575	5	O	16.64	T	-		
1575	6	O	16.64	G	-		
1575	7	O	16.64	A	-		
1575	8	O	16.64	G	-		
1575	9	O	16.64	A	-		
1575	10	O	16.64	G	-		
1575	11	O	16.64	T	-		
1575	12	O	16.64	C	-		
1575	13	O	16.64	T	-		
1575	14	O	16.64	C	-		
1575	15	O	16.64	A	-		
1575	16	O	16.64	T	-		
1575	17	O	16.64	T	-		
1575	18	O	16.64	T	-		
1575	19	O	16.64	G	-		
1575	20	O	16.64	C	-		
1575	21	O	16.64	A	-		
1575	22	O	16.64	G	-		
1575	23	O	16.64	C	-		
1575	24	O	16.64	G	-		
1575	25	O	16.64	A	-		
1575	26	O	16.64	C	-		
1575	27	O	16.64	A	-		
1575	28	O	16.64	G	-		
1575	29	O	16.64	T	-		
1575	30	O	16.64	C	-		
1575	31	O	16.64	G	-		
1575	32	O	16.64	G	-		
1575	33	O	16.64	C	-		
1575	34	O	16.64	T	-		
1575	35	O	16.64	G	-		
1575	36	O	16.64	A	-		
1575	37	O	16.64	T	-		
1575	38	O	16.64	T	-		
1575	39	O	16.64	C	-		
1575	40	O	16.64	G	-		
1575	41	O	16.64	C	-		
1575	42	O	16.64	C	-		
1575	43	O	16.64	A	-		
1575	44	O	16.64	C	-		
1575	45	O	16.64	A	-		
1575	46	O	16.64	G	-		
1575	47	O	16.64	G	-		
1575	48	O	16.64	T	-		
1575	49	O	16.64	T	-		
1575	50	O	16.64	A	-		
1575	51	O	16.64	G	-		
1575	52	O	16.64	G	-		
1575	53	O	16.64	C	-		
1575	54	O	16.64	T	-		
1575	55	O	16.64	G	-		
1575	56	O	16.64	C	-		
1575	57	O	16.64	T	-		
1575	58	O	16.64	C	-		
1575	59	O	16.64	G	-		
1575	60	O	16.64	A	-		
1575	61	O	16.64	G	-		
1575	62	O	16.64	C	-		
1575	63	O	16.64	A	-		
1575	64	O	16.64	G	-		
1575	65	O	16.64	C	-		
1575	66	O	16.64	A	-		
1575	67	O	16.64	T	-		
1575	68	O	16.64	T	-		
1575	69	O	16.64	G	-		
1575	70	O	16.64	C	-		
1575	71	O	16.64	A	-		
1575	72	O	16.64	A	-		
1575	73	O	16.64	T	-		
1575	74	O	16.64	T	-		
1575	75	O	16.64	G	-		
1575	76	O	16.64	C	-		
1575	77	O	16.64	G	-		
1575	78	O	16.64	A	-		
1575	79	O	16.64	G	-		
1575	80	O	16.64	A	-		
1575	81	O	16.64	A	-		
1575	82	O	16.64	A	-		
1575	83	O	16.64	A	-		
1575	84	O	16.64	A	-		
1575	85	O	16.64	T	-		
1575	86	O	16.64	G	-		
1575	87	O	16.64	A	-		
1575	88	O	16.64	G	-		
1575	89	O	16.64	C	-		
1575	90	O	16.64	A	-		
1575	91	O	7.55	A	-		
1575	92	O	16.64	A	-		
1575	93	O	16.64	C	-		
1575	94	O	16.64	A	-		
1575	95	O	16.64	G	-		
1575	96	O	16.64	C	-		
1575	97	O	16.64	T	-		
1575	98	O	16.64	A	-		
1575	99	O	16.64	G	-		
1575	100	O	16.64	C	-		
1575	101	O	16.64	G	-		
1575	102	O	16.64	C	-		
1575	103	O	16.64	T	-		
1575	104	O	16.64	G	-		
1575	105	O	16.64	A	-		
1575	106	O	16.64	G	-		
1575	107	O	16.64	C	-		
1575	108	O	16.64	C	-		
1575	109	O	16.64	A	-		
1576	0	O	8.32	T	-		
1576	1	O	8.32	T	-		
1576	2	O	8.32	C	-		
1576	3	O	8.32	A	-		
1576	4	O	8.32	G	-		
1576	5	O	8.32	T	-		
1576	6	O	8.32	G	-		
1576	7	O	8.32	C	-		
1576	8	O	8.32	A	-		
1576	9	O	8.32	C	-		
1576	10	O	8.32	C	-		
1576	11	O	8.32	A	-		
1576	12	O	8.32	A	-		
1576	13	O	8.32	T	-		
1576	14	O	8.32	G	-		
1576	15	O	8.32	C	-		
1576	16	O	8.32	T	-		
1576	17	O	8.32	C	-		
1576	18	O	8.32	T	-		
1576	19	O	8.32	C	-		
1576	20	O	8.32	G	-		
1576	21	O	8.32	A	-		
1576	22	O	8.32	A	-		
1576	23	O	8.32	G	-		
1576	24	O	8.32	T	-		
1576	25	O	8.32	T	-		
1576	26	O	8.32	G	-		
1576	27	O	8.32	C	-		
1576	28	O	8.32	T	-		
1576	29	O	8.32	C	-		
1576	30	O	8.32	T	-		
1576	31	O	8.32	G	-		
1576	32	O	8.32	G	-		
1576	33	O	8.32	T	-		
1576	34	O	8.32	T	-		
1576	35	O	8.32	C	-		
1576	36	O	8.32	T	-		
1576	37	O	8.32	T	-		
1576	38	O	8.32	G	-		
1576	39	O	8.32	A	-		
1576	40	O	8.32	A	-		
1576	41	O	8.32	A	-		
1576	42	O	8.32	C	-		
1576	43	O	8.32	G	-		
1576	44	O	8.32	T	-		
1576	45	O	8.32	G	-		
1576	46	O	8.32	C	-		
1576	47	O	8.32	C	-		
1576	48	O	8.32	A	-		
1576	49	O	8.32	T	-		
1576	50	O	8.32	C	-		
1576	51	O	8.32	A	-		
1576	52	O	8.32	G	-		
1576	53	O	8.32	C	-		
1576	54	O	8.32	T	-		
1576	55	O	8.32	G	-		
1576	56	O	8.32	C	-		
1576	57	O	8.32	A	-		
1576	58	O	8.32	C	-		
1576	59	O	8.32	C	-		
1576	60	O	8.32	G	-		
1576	61	O	8.32	C	-		
1576	62	O	8.32	C	-		
1576	63	O	8.32	T	-		
1576	64	O	8.32	G	-		
1576	65	O	8.32	T	-		
1576	66	O	8.32	G	-		
1576	67	O	8.32	C	-		
1576	68	O	8.32	G	-		
1576	69	O	8.32	T	-		
1576	70	O	8.32	T	-		
1576	71	O	8.32	G	-		
1576	72	O	8.32	C	-		
1576	73	O	8.32	G	-		
1576	74	O	8.32	T	-		
1576	75	O	8.32	T	-		
1576	76	O	8.32	G	-		
1576	77	O	8.32	C	-		
1576	78	O	8.32	A	-		
1576	79	O	8.32	C	-		
1576	80	O	8.32	A	-		
1576	81	O	8.32	G	-		
1576	82	O	8.32	C	-		
1576	83	O	8.32	G	-		
1576	84	O	8.32	A	-		
1576	85	O	8.32	A	-		
1576	86	O	8.32	A	-		
1576	87	O	8.32	G	-		
1576	88	O	8.32	T	-		
1576	89	O	8.32	G	-		
1576	90	O	8.32	A	-		
1576	91	O	8.32	C	-		
1576	92	O	8.32	C	-		
1576	93	O	8.32	A	-		
1576	94	O	8.32	A	-		
1576	95	O	8.32	C	-		
1576	96	O	8.32	A	-		
1576	97	O	8.32	G	-		
1576	98	O	8.32	G	-		
1576	99	O	8.32	T	-		
1576	100	O	8.32	C	-		
1576	101	O	8.32	G	-		
1576	102	O	8.32	T	-		
1576	103	O	8.32	T	-		
1576	104	O	8.32	C	-		
1576	105	O	8.32	T	-		
1576	106	O	8.32	T	-		
1576	107	O	8.32	G	-		
1576	108	O	8.32	T	-		
1576	109	O	8.32	T	-		
1577	0	O	13.86	C	-		
1577	1	O	13.86	G	-		
1577	2	O	13.86	A	-		
1577	3	O	13.86	C	-		
1577	4	O	13.86	G	-		
1577	5	O	13.86	G	-		
1577	6	O	13.86	A	-		
1577	7	O	13.86	A	-		
1577	8	O	13.86	G	-		
1577	9	O	13.86	G	-		
1577	10	O	13.86	A	-		
1577	11	O	13.86	T	-		
1577	12	O	13.86	G	-		
1577	13	O	13.86	T	-		
1577	14	O	13.86	C	-		
1577	15	O	13.86	G	-		
1577	16	O	13.86	G	-		
1577	17	O	13.86	C	-		
1577	18	O	13.86	G	-		
1577	19	O	13.86	C	-		
1577	20	O	13.86	T	-		
1577	21	O	13.86	T	-		
1577	22	O	13.86	G	-		
1577	23	O	13.86	T	-		
1577	24	O	13.86	G	-		
1577	25	O	13.86	C	-		
1577	26	O	13.86	G	-		
1577	27	O	13.86	G	-		
1577	28	O	13.86	C	-		
1577	29	O	13.86	C	-		
1577	30	O	13.86	G	-		
1577	31	O	13.86	A	-		
1577	32	O	13.86	T	-		
1577	33	O	13.86	G	-		
1577	34	O	13.86	T	-		
1577	35	O	13.86	G	-		
1577	36	O	13.86	T	-		
1577	37	O	13.86	C	-		
1577	38	O	13.86	C	-		
1577	39	O	13.86	A	-		
1577	40	O	13.86	G	-		
1577	41	O	13.86	C	-		
1577	42	O	13.86	G	-		
1577	43	O	13.86	C	-		
1577	44	O	13.86	A	-		
1577	45	O	13.86	T	-		
1577	46	O	13.86	C	-		
1577	47	O	13.86	T	-		
1577	48	O	13.86	A	-		
1577	49	O	13.86	G	-		
1577	50	O	13.86	C	-		
1577	51	O	13.86	C	-		
1577	52	O	13.86	A	-		
1577	53	O	13.86	T	-		
1577	54	O	13.86	A	-		
1577	55	O	13.86	A	-		
1577	56	O	13.86	T	-		
1577	57	O	13.86	C	-		
1577	58	O	13.86	G	-		
1577	59	O	13.86	G	-		
1577	60	O	13.86	T	-		
1577	61	O	13.86	A	-		
1577	62	O	13.86	T	-		
1577	63	O	13.86	T	-		
1577	64	O	13.86	G	-		
1577	65	O	13.86	C	-		
1577	66	O	13.86	G	-		
1577	67	O	13.86	C	-		
1577	68	O	13.86	G	-		
1577	69	O	13.86	G	-		
1577	70	O	13.86	C	-		
1577	71	O	13.86	C	-		
1577	72	O	13.86	G	-		
1577	73	O	13.86	G	-		
1577	74	O	13.86	C	-		
1577	75	O	13.86	A	-		
1577	76	O	13.86	G	-		
1577	77	O	13.86	G	-		
1577	78	O	13.86	T	-		
1577	79	O	13.86	A	-		
1577	80	O	13.86	G	-		
1577	81	O	13.86	G	-		
1577	82	O	13.86	C	-		
1577	83	O	13.86	G	-		
1577	84	O	13.86	A	-		
1577	85	O	13.86	G	-		
1577	86	O	13.86	C	-		
1577	87	O	13.86	G	-		
1577	88	O	13.86	C	-		
1577	89	O	13.86	T	-		
1577	90	O	13.86	A	-		
1577	91	O	13.86	G	-		
1577	92	O	13.86	C	-		
1577	93	O	13.86	T	-		
1577	94	O	13.86	G	-		
1577	95	O	13.86	C	-		
1577	96	O	13.86	A	-		
1577	97	O	13.86	G	-		
1577	98	O	13.86	G	-		
1577	99	O	13.86	A	-		
1577	100	O	13.86	T	-		
1577	101	O	13.86	A	-		
1577	102	O	13.86	G	-		
1577	103	O	13.86	G	-		
1577	104	O	13.86	T	-		
1577	105	O	13.86	T	-		
1577	106	O	13.86	A	-		
1577	107	O	13.86	A	-		
1577	108	O	13.86	T	-		
1577	109	O	13.86	T	-		
1578	0	O	6.93	A	-		
1578	1	O	6.93	A	-		
1578	2	O	6.93	A	-		
1578	3	O	6.93	A	-		
1578	4	O	6.93	G	-		
1578	5	O	6.93	C	-		
1578	6	O	6.93	T	-		
1578	7	O	6.93	G	-		
1578	8	O	6.93	A	-		
1578	9	O	6.93	C	-		
1578	10	O	6.93	A	-		
1578	11	O	6.93	C	-		
1578	12	O	6.93	G	-		
1578	13	O	6.93	C	-		
1578	14	O	6.93	C	-		
1578	15	O	6.93	A	-		
1578	16	O	6.93	T	-		
1578	17	O	6.93	C	-		
1578	18	O	6.93	G	-		
1578	19	O	6.93	G	-		
1578	20	O	6.93	G	-		
1578	21	O	6.93	C	-		
1578	22	O	6.93	G	-		
1578	23	O	6.93	C	-		
1578	24	O	6.93	C	-		
1578	25	O	6.93	G	-		
1578	26	O	6.93	A	-		
1578	27	O	6.93	G	-		
1578	28	O	6.93	T	-		
1578	29	O	6.93	T	-		
1578	30	O	6.93	G	-		
1578	31	O	6.93	C	-		
1578	32	O	6.93	A	-		
1578	33	O	6.93	T	-		
1578	34	O	6.93	T	-		
1578	35	O	6.93	C	-		
1578	36	O	6.93	T	-		
1578	37	O	6.93	T	-		
1578	38	O	6.93	G	-		
1578	39	O	6.93	T	-		
1578	40	O	6.93	G	-		
1578	41	O	6.93	G	-		
1578	42	O	6.93	C	-		
1578	43	O	6.93	G	-		
1578	44	O	6.93	A	-		
1578	45	O	6.93	G	-		
1578	46	O	6.93	G	-		
1578	47	O	6.93	G	-		
1578	48	O	6.93	A	-		
1578	49	O	6.93	C	-		
1578	50	O	6.93	G	-		
1578	51	O	6.93	T	-		
1578	52	O	6.93	T	-		
1578	53	O	6.93	G	-		
1578	54	O	6.93	A	-		
1578	55	O	6.93	T	-		
1578	56	O	6.93	G	-		
1578	57	O	6.93	A	-		
1578	58	O	6.93	A	-		
1578	59	O	6.93	A	-		
1578	60	O	6.93	G	-		
1578	61	O	6.93	C	-		
1578	62	O	6.93	G	-		
1578	63	O	6.93	T	-		
1578	64	O	6.93	T	-		
1578	65	O	6.93	G	-		
1578	66	O	6.93	T	-		
1578	67	O	6.93	A	-		
1578	68	O	6.93	T	-		
1578	69	O	6.93	C	-		
1578	70	O	6.93	G	-		
1578	71	O	6.93	T	-		
1578	72	O	6.93	C	-		
1578	73	O	6.93	A	-		
1578	74	O	6.93	A	-		
1578	75	O	6.93	G	-		
1578	76	O	6.93	C	-		
1578	77	O	6.93	C	-		
1578	78	O	6.93	C	-		
1578	79	O	6.93	C	-		
1578	80	O	6.93	T	-		
1578	81	O	6.93	G	-		
1578	82	O	6.93	T	-		
1578	83	O	6.93	C	-		
1578	84	O	6.93	A	-		
1578	85	O	6.93	G	-		
1578	86	O	6.93	C	-		
1578	87	O	6.93	T	-		
1578	88	O	6.93	T	-		
1578	89	O	6.93	C	-		
1578	90	O	6.93	C	-		
1578	91	O	6.93	T	-		
1578	92	O	6.93	A	-		
1578	93	O	6.93	C	-		
1578	94	O	6.93	G	-		
1578	95	O	6.93	A	-		
1578	96	O	6.93	C	-		
1578	97	O	6.93	G	-		
1578	98	O	6.93	A	-		
1578	99	O	6.93	T	-		
1578	100	O	6.93	G	-		
1578	101	O	6.93	G	-		
1578	102	O	6.93	A	-		
1578	103	O	6.93	A	-		
1578	104	O	6.93	T	-		
1578	105	O	6.93	T	-		
1578	106	O	6.93	G	-		
1578	107	O	6.93	A	-		
1578	108	O	6.93	C	-		
1578	109	O	6.93	G	-		
1579	0	O	9.70	G	-		
1579	1	O	9.70	A	-		
1579	2	O	9.70	C	-		
1579	3	O	9.70	G	-		
1579	4	O	9.70	A	-		
1579	5	O	9.70	G	-		
1579	6	O	9.70	C	-		
1579	7	O	9.70	T	-		
1579	8	O	9.70	C	-		
1579	9	O	9.70	C	-		
1579	10	O	9.70	C	-		
1579	11	O	9.70	C	-		
1579	12	O	9.70	T	-		
1579	13	O	9.70	A	-		
1579	14	O	9.70	C	-		
1579	15	O	9.70	A	-		
1579	16	O	9.70	T	-		
1579	17	O	9.70	C	-		
1579	18	O	9.70	C	-		
1579	19	O	9.70	T	-		
1579	20	O	9.70	C	-		
1579	21	O	9.70	A	-		
1579	22	O	9.70	G	-		
1579	23	O	9.70	C	-		
1579	24	O	9.70	C	-		
1579	25	O	9.70	C	-		
1579	26	O	9.70	T	-		
1579	27	O	9.70	G	-		
1579	28	O	9.70	C	-		
1579	29	O	9.70	C	-		
1579	30	O	9.70	C	-		
1579	31	O	9.70	T	-		
1579	32	O	9.70	T	-		
1579	33	O	9.70	G	-		
1579	34	O	9.70	C	-		
1579	35	O	9.70	C	-		
1579	36	O	9.70	C	-		
1579	37	O	9.70	T	-		
1579	38	O	9.70	T	-		
1579	39	O	9.70	C	-		
1579	40	O	9.70	T	-		
1579	41	O	9.70	C	-		
1579	42	O	9.70	G	-		
1579	43	O	9.70	C	-		
1579	44	O	9.70	C	-		
1579	45	O	9.70	C	-		
1579	46	O	9.70	A	-		
1579	47	O	9.70	A	-		
1579	48	O	9.70	G	-		
1579	49	O	9.70	T	-		
1579	50	O	9.70	C	-		
1579	51	O	9.70	C	-		
1579	52	O	9.70	T	-		
1579	53	O	9.70	C	-		
1579	54	O	9.70	C	-		
1579	55	O	9.70	T	-		
1579	56	O	9.70	T	-		
1579	57	O	9.70	C	-		
1579	58	O	9.70	T	-		
1579	59	O	9.70	C	-		
1579	60	O	9.70	G	-		
1579	61	O	9.70	G	-		
1579	62	O	9.70	G	-		
1579	63	O	9.70	C	-		
1579	64	O	9.70	T	-		
1579	65	O	9.70	C	-		
1579	66	O	9.70	G	-		
1579	67	O	9.70	C	-		
1579	68	O	9.70	C	-		
1579	69	O	9.70	G	-		
1579	70	O	9.70	T	-		
1579	71	O	9.70	C	-		
1579	72	O	9.70	T	-		
1579	73	O	9.70	T	-		
1579	74	O	9.70	C	-		
1579	75	O	9.70	G	-		
1579	76	O	9.70	A	-		
1579	77	O	9.70	C	-		
1579	78	O	9.70	A	-		
1579	79	O	9.70	A	-		
1579	80	O	9.70	C	-		
1579	81	O	9.70	A	-		
1579	82	O	9.70	T	-		
1579	83	O	9.70	C	-		
1579	84	O	9.70	C	-		
1579	85	O	9.70	T	-		
1579	86	O	9.70	C	-		
1579	87	O	9.70	A	-		
1579	88	O	9.70	G	-		
1579	89	O	9.70	G	-		
1579	90	O	9.70	A	-		
1579	91	U	1.77	T	C		
1579	92	O	9.70	C	-		
1579	93	O	9.70	A	-		
1579	94	O	9.70	G	-		
1579	95	O	9.70	C	-		
1579	96	O	9.70	G	-		
1579	97	O	9.70	A	-		
1579	98	O	9.70	C	-		
1579	99	O	9.70	C	-		
1579	100	O	9.70	A	-		
1579	101	O	9.70	C	-		
1579	102	O	9.70	C	-		
1579	103	O	9.70	C	-		
1579	104	O	9.70	A	-		
1579	105	O	9.70	G	-		
1579	106	O	9.70	C	-		
1579	107	O	9.70	C	-		
1579	108	O	9.70	G	-		
1579	109	O	9.70	G	-		
1580	0	O	15.25	G	-		
1580	1	O	15.25	C	-		
1580	2	O	15.25	A	-		
1580	3	O	15.25	A	-		
1580	4	O	15.25	G	-		
1580	5	O	15.25	C	-		
1580	6	O	15.25	T	-		
1580	7	O	15.25	A	-		
1580	8	O	15.25	G	-		
1580	9	O	15.25	A	-		
1580	10	O	15.25	C	-		
1580	11	O	15.25	T	-		
1580	12	O	15.25	T	-		
1580	13	O	15.25	C	-		
1580	14	O	15.25	A	-		
1580	15	O	15.25	G	-		
1580	16	O	15.25	C	-		
1580	17	O	15.25	A	-		
1580	18	O	15.25	G	-		
1580	19	O	15.25	C	-		
1580	20	O	15.25	G	-		
1580	21	O	15.25	G	-		
1580	22	O	15.25	T	-		
1580	23	O	15.25	C	-		
1580	24	O	15.25	G	-		
1580	25	O	15.25	C	-		
1580	26	O	15.25	G	-		
1580	27	O	15.25	C	-		
1580	28	O	15.25	C	-		
1580	29	O	15.25	G	-		
1580	30	O	15.25	A	-		
1580	31	O	15.25	T	-		
1580	32	O	15.25	C	-		
1580	33	O	15.25	C	-		
1580	34	O	15.25	C	-		
1580	35	O	15.25	A	-		
1580	36	O	15.25	A	-		
1580	37	O	15.25	C	-		
1580	38	O	15.25	C	-		
1580	39	O	15.25	A	-		
1580	40	O	15.25	G	-		
1580	41	O	15.25	C	-		
1580	42	O	15.25	G	-		
1580	43	O	15.25	T	-		
1580	44	O	15.25	C	-		
1580	45	O	15.25	G	-		
1580	46	O	15.25	A	-		
1580	47	O	15.25	T	-		
1580	48	O	15.25	G	-		
1580	49	O	15.25	G	-		
1580	50	O	15.25	T	-		
1580	51	O	15.25	C	-		
1580	52	O	15.25	G	-		
1580	53	O	15.25	C	-		
1580	54	O	15.25	C	-		
1580	55	O	15.25	C	-		
1580	56	O	15.25	T	-		
1580	57	O	15.25	A	-		
1580	58	O	15.25	C	-		
1580	59	O	15.25	A	-		
1580	60	O	15.25	G	-		
1580	61	O	15.25	A	-		
1580	62	O	15.25	A	-		
1580	63	O	15.25	G	-		
1580	64	O	15.25	C	-		
1580	65	O	15.25	G	-		
1580	66	O	15.25	C	-		
1580	67	O	15.25	C	-		
1580	68	O	15.25	G	-		
1580	69	O	15.25	A	-		
1580	70	O	15.25	C	-		
1580	71	O	15.25	A	-		
1580	72	O	15.25	T	-		
1580	73	O	15.25	G	-		
1580	74	O	15.25	G	-		
1580	75	O	15.25	C	-		
1580	76	O	15.25	C	-		
1580	77	O	15.25	A	-		
1580	78	O	15.25	A	-		
1580	79	O	15.25	A	-		
1580	80	O	15.25	C	-		
1580	81	O	15.25	T	-		
1580	82	O	15.25	A	-		
1580	83	O	15.25	G	-		
1580	84	O	15.25	C	-		
1580	85	O	15.25	T	-		
1580	86	O	15.25	G	-		
1580	87	O	15.25	G	-		
1580	88	O	15.25	T	-		
1580	89	O	15.25	C	-		
1580	90	O	15.25	A	-		
1580	91	O	15.25	G	-		
1580	92	O	15.25	T	-		
1580	93	O	15.25	C	-		
1580	94	O	15.25	C	-		
1580	95	O	15.25	A	-		
1580	96	O	15.25	T	-		
1580	97	O	15.25	C	-		
1580	98	O	15.25	G	-		
1580	99	O	15.25	A	-		
1580	100	O	15.25	C	-		
1580	101	O	15.25	T	-		
1580	102	O	15.25	T	-		
1580	103	O	15.25	T	-		
1580	104	O	15.25	A	-		
1580	105	O	15.25	T	-		
1580	106	O	15.25	C	-		
1580	107	O	15.25	G	-		
1580	108	O	15.25	A	-		
1580	109	O	15.25	C	-		
1581	0	O	8.32	A	-		
1581	1	O	8.32	G	-		
1581	2	O	8.32	C	-		
1581	3	O	8.32	C	-		
1581	4	O	8.32	C	-		
1581	5	O	8.32	C	-		
1581	6	O	8.32	A	-		
1581	7	O	8.32	G	-		
1581	8	O	8.32	C	-		
1581	9	O	8.32	A	-		
1581	10	O	8.32	C	-		
1581	11	O	8.32	C	-		
1581	12	O	8.32	T	-		
1581	13	O	8.32	A	-		
1581	14	O	8.32	C	-		
1581	15	O	8.32	C	-		
1581	16	O	8.32	C	-		
1581	17	O	8.32	T	-		
1581	18	O	8.32	C	-		
1581	19	O	8.32	A	-		
1581	20	O	8.32	A	-		
1581	21	O	8.32	C	-		
1581	22	O	8.32	G	-		
1581	23	O	8.32	T	-		
1581	24	O	8.32	T	-		
1581	25	O	8.32	G	-		
1581	26	O	8.32	C	-		
1581	27	O	8.32	A	-		
1581	28	O	8.32	G	-		
1581	29	O	8.32	A	-		
1581	30	O	8.32	C	-		
1581	31	O	8.32	G	-		
1581	32	O	8.32	T	-		
1581	33	O	8.32	T	-		
1581	34	O	8.32	G	-		
1581	35	O	8.32	T	-		
1581	36	O	8.32	T	-		
1581	37	O	8.32	G	-		
1581	38	O	8.32	A	-		
1581	39	O	8.32	T	-		
1581	40	O	8.32	C	-		
1581	41	O	8.32	C	-		
1581	42	O	8.32	G	-		
1581	43	O	8.32	C	-		
1581	44	O	8.32	C	-		
1581	45	O	8.32	G	-		
1581	46	O	8.32	C	-		
1581	47	O	8.32	T	-		
1581	48	O	8.32	A	-		
1581	49	O	8.32	C	-		
1581	50	O	8.32	C	-		
1581	51	O	8.32	T	-		
1581	52	O	8.32	T	-		
1581	53	O	8.32	T	-		
1581	54	O	8.32	G	-		
1581	55	O	8.32	G	-		
1581	56	O	8.32	T	-		
1581	57	O	8.32	C	-		
1581	58	O	8.32	T	-		
1581	59	O	8.32	C	-		
1581	60	O	8.32	C	-		
1581	61	O	8.32	A	-		
1581	62	O	8.32	A	-		
1581	63	O	8.32	T	-		
1581	64	O	8.32	G	-		
1581	65	O	8.32	T	-		
1581	66	O	8.32	C	-		
1581	67	O	8.32	T	-		
1581	68	O	8.32	C	-		
1581	69	O	8.32	T	-		
1581	70	O	8.32	G	-		
1581	71	O	8.32	C	-		
1581	72	O	8.32	A	-		
1581	73	O	8.32	T	-		
1581	74	O	8.32	C	-		
1581	75	O	8.32	A	-		
1581	76	O	8.32	A	-		
1581	77	O	8.32	C	-		
1581	78	O	8.32	A	-		
1581	79	O	8.32	C	-		
1581	80	O	8.32	C	-		
1581	81	O	8.32	A	-		
1581	82	O	8.32	C	-		
1581	83	O	8.32	C	-		
1581	84	O	8.32	T	-		
1581	85	O	8.32	A	-		
1581	86	O	8.32	A	-		
1581	87	O	8.32	T	-		
1581	88	O	8.32	G	-		
1581	89	O	8.32	C	-		
1581	90	O	8.32	C	-		
1581	91	O	8.32	G	-		
1581	92	O	8.32	C	-		
1581	93	O	8.32	C	-		
1581	94	O	8.32	C	-		
1581	95	O	8.32	C	-		
1581	96	O	8.32	T	-		
1581	97	O	8.32	G	-		
1581	98	O	8.32	C	-		
1581	99	O	8.32	T	-		
1581	100	O	8.32	C	-		
1581	101	O	8.32	C	-		
1581	102	O	8.32	A	-		
1581	103	O	8.32	C	-		
1581	104	O	8.32	C	-		
1581	105	O	8.32	T	-		
1581	106	O	8.32	G	-		
1581	107	O	8.32	C	-		
1581	108	O	8.32	T	-		
1581	109	O	8.32	C	-		
1582	0	O	8.32	C	-		
1582	1	O	8.32	G	-		
1582	2	O	8.32	A	-		
1582	3	O	8.32	T	-		
1582	4	O	8.32	G	-		
1582	5	O	8.32	A	-		
1582	6	O	8.32	A	-		
1582	7	O	8.32	G	-		
1582	8	O	8.32	A	-		
1582	9	O	8.32	T	-		
1582	10	O	8.32	G	-		
1582	11	O	8.32	G	-		
1582	12	O	8.32	T	-		
1582	13	O	8.32	G	-		
1582	14	O	8.32	G	-		
1582	15	O	8.32	T	-		
1582	16	O	8.32	G	-		
1582	17	O	8.32	C	-		
1582	18	O	8.32	T	-		
1582	19	O	8.32	G	-		
1582	20	O	8.32	A	-		
1582	21	O	8.32	A	-		
1582	22	O	8.32	G	-		
1582	23	O	8.32	G	-		
1582	24	O	8.32	A	-		
1582	25	O	8.32	T	-		
1582	26	O	8.32	C	-		
1582	27	O	8.32	A	-		
1582	28	O	8.32	A	-		
1582	29	O	8.32	C	-		
1582	30	O	8.32	A	-		
1582	31	O	8.32	G	-		
1582	32	O	8.32	A	-		
1582	33	O	8.32	T	-		
1582	34	O	8.32	T	-		
1582	35	O	8.32	A	-		
1582	36	O	8.32	C	-		
1582	37	O	8.32	G	-		
1582	38	O	8.32	A	-		
1582	39	O	8.32	A	-		
1582	40	O	8.32	G	-		
1582	41	O	8.32	C	-		
1582	42	O	8.32	C	-		
1582	43	O	8.32	T	-		
1582	44	O	8.32	C	-		
1582	45	O	8.32	C	-		
1582	46	O	8.32	G	-		
1582	47	O	8.32	A	-		
1582	48	O	8.32	A	-		
1582	49	O	8.32	G	-		
1582	50	O	8.32	A	-		
1582	51	O	8.32	C	-		
1582	52	O	8.32	G	-		
1582	53	O	8.32	A	-		
1582	54	O	8.32	C	-		
1582	55	O	8.32	G	-		
1582	56	O	8.32	G	-		
1582	57	O	8.32	T	-		
1582	58	O	8.32	G	-		
1582	59	O	8.32	A	-		
1582	60	O	8.32	C	-		
1582	61	O	8.32	A	-		
1582	62	O	8.32	A	-		
1582	63	O	8.32	C	-		
1582	64	O	8.32	G	-		
1582	65	O	8.32	A	-		
1582	66	O	8.32	G	-		
1582	67	O	8.32	C	-		
1582	68	O	8.32	A	-		
1582	69	O	8.32	T	-		
1582	70	O	8.32	G	-		
1582	71	O	8.32	T	-		
1582	72	O	8.32	G	-		
1582	73	O	8.32	G	-		
1582	74	O	8.32	A	-		
1582	75	O	8.32	T	-		
1582	76	O	8.32	G	-		
1582	77	O	8.32	A	-		
1582	78	O	8.32	G	-		
1582	79	O	8.32	A	-		
1582	80	O	8.32	C	-		
1582	81	O	8.32	T	-		
1582	82	O	8.32	G	-		
1582	83	O	8.32	A	-		
1582	84	O	8.32	G	-		
1582	85	O	8.32	A	-		
1582	86	O	8.32	T	-		
1582	87	O	8.32	C	-		
1582	88	O	8.32	C	-		
1582	89	O	8.32	A	-		
1582	90	O	8.32	A	-		
1582	91	O	8.32	C	-		
1582	92	O	8.32	T	-		
1582	93	O	8.32	A	-		
1582	94	O	8.32	G	-		
1582	95	O	8.32	A	-		
1582	96	O	8.32	G	-		
1582	97	O	8.32	C	-		
1582	98	O	8.32	C	-		
1582	99	O	8.32	C	-		
1582	100	O	8.32	A	-		
1582	101	O	8.32	T	-		
1582	102	O	8.32	G	-		
1582	103	O	8.32	G	-		
1582	104	O	8.32	C	-		
1582	105	O	8.32	T	-		
1582	106	O	8.32	A	-		
1582	107	O	8.32	G	-		
1582	108	O	8.32	T	-		
1582	109	O	8.32	G	-		
1583	0	O	12.48	A	-		
1583	1	O	12.48	G	-		
1583	2	O	12.48	T	-		
1583	3	O	12.48	G	-		
1583	4	O	12.48	G	-		
1583	5	O	12.48	T	-		
1583	6	O	12.48	C	-		
1583	7	O	12.48	A	-		
1583	8	O	12.48	T	-		
1583	9	O	12.48	G	-		
1583	10	O	12.48	C	-		
1583	11	O	12.48	A	-		
1583	12	O	12.48	G	-		
1583	13	O	12.48	G	-		
1583	14	O	12.48	C	-		
1583	15	O	12.48	A	-		
1583	16	O	12.48	G	-		
1583	17	O	12.48	C	-		
1583	18	O	12.48	T	-		
1583	19	O	12.48	C	-		
1583	20	O	12.48	T	-		
1583	21	O	12.48	A	-		
1583	22	O	12.48	T	-		
1583	23	O	12.48	G	-		
1583	24	O	12.48	A	-		
1583	25	O	12.48	A	-		
1583	26	O	12.48	A	-		
1583	27	O	12.48	A	-		
1583	28	O	12.48	G	-		
1583	29	O	12.48	C	-		
1583	30	O	12.48	G	-		
1583	31	O	12.48	A	-		
1583	32	O	12.48	G	-		
1583	33	O	12.48	A	-		
1583	34	O	12.48	C	-		
1583	35	O	12.48	C	-		
1583	36	O	12.48	T	-		
1583	37	O	12.48	T	-		
1583	38	O	12.48	A	-		
1583	39	O	12.48	C	-		
1583	40	O	12.48	C	-		
1583	41	O	12.48	T	-		
1583	42	O	12.48	C	-		
1583	43	O	12.48	T	-		
1583	44	O	12.48	T	-		
1583	45	O	12.48	T	-		
1583	46	O	12.48	T	-		
1583	47	O	12.48	T	-		
1583	48	O	12.48	C	-		
1583	49	O	12.48	C	-		
1583	50	O	12.48	A	-		
1583	51	O	12.48	G	-		
1583	52	O	12.48	G	-		
1583	53	O	12.48	C	-		
1583	54	O	12.48	C	-		
1583	55	O	12.48	T	-		
1583	56	O	12.48	G	-		
1583	57	O	12.48	T	-		
1583	58	O	12.48	T	-		
1583	59	O	12.48	C	-		
1583	60	O	12.48	G	-		
1583	61	O	12.48	G	-		
1583	62	O	12.48	A	-		
1583	63	O	12.48	A	-		
1583	64	O	12.48	G	-		
1583	65	O	12.48	T	-		
1583	66	O	12.48	G	-		
1583	67	O	12.48	T	-		
1583	68	O	12.48	T	-		
1583	69	O	12.48	C	-		
1583	70	O	12.48	G	-		
1583	71	O	12.48	G	-		
1583	72	O	12.48	T	-		
1583	73	O	12.48	C	-		
1583	74	O	12.48	T	-		
1583	75	O	12.48	T	-		
1583	76	O	12.48	T	-		
1583	77	O	12.48	A	-		
1583	78	O	12.48	T	-		
1583	79	O	12.48	C	-		
1583	80	O	12.48	T	-		
1583	81	O	12.48	T	-		
1583	82	O	12.48	T	-		
1583	83	O	12.48	A	-		
1583	84	O	12.48	T	-		
1583	85	O	12.48	C	-		
1583	86	O	12.48	T	-		
1583	87	O	12.48	T	-		
1583	88	O	12.48	G	-		
1583	89	O	12.48	C	-		
1583	90	O	12.48	T	-		
1583	91	O	12.48	T	-		
1583	92	O	12.48	G	-		
1583	93	O	12.48	G	-		
1583	94	O	12.48	A	-		
1583	95	O	12.48	T	-		
1583	96	O	12.48	C	-		
1583	97	O	12.48	T	-		
1583	98	O	12.48	A	-		
1583	99	O	12.48	C	-		
1583	100	O	12.48	T	-		
1583	101	O	12.48	G	-		
1583	102	O	12.48	C	-		
1583	103	O	12.48	C	-		
1583	104	O	12.48	T	-		
1583	105	O	12.48	G	-		
1583	106	O	12.48	C	-		
1583	107	O	12.48	G	-		
1583	108	O	12.48	T	-		
1583	109	O	12.48	C	-		
1584	0	O	22.18	G	-		
1584	1	O	22.18	G	-		
1584	2	O	22.18	C	-		
1584	3	O	22.18	A	-		
1584	4	O	22.18	G	-		
1584	5	O	22.18	G	-		
1584	6	O	22.18	G	-		
1584	7	O	22.18	G	-		
1584	8	O	22.18	G	-		
1584	9	O	12.50	A	-		
1584	10	O	22.18	T	-		
1584	11	O	22.18	A	-		
1584	12	O	22.18	C	-		
1584	13	O	22.18	T	-		
1584	14	O	22.18	C	-		
1584	15	O	22.18	A	-		
1584	16	O	22.18	G	-		
1584	17	O	22.18	C	-		
1584	18	O	22.18	A	-		
1584	19	O	22.18	G	-		
1584	20	O	22.18	G	-		
1584	21	O	22.18	C	-		
1584	22	O	22.18	T	-		
1584	23	O	22.18	C	-		
1584	24	O	22.18	A	-		
1584	25	O	22.18	G	-		
1584	26	O	22.18	G	-		
1584	27	O	22.18	C	-		
1584	28	O	22.18	G	-		
1584	29	O	22.18	G	-		
1584	30	O	22.18	G	-		
1584	31	O	22.18	T	-		
1584	32	O	22.18	G	-		
1584	33	O	22.18	C	-		
1584	34	O	22.18	G	-		
1584	35	O	22.18	G	-		
1584	36	O	22.18	T	-		
1584	37	O	22.18	T	-		
1584	38	O	22.18	G	-		
1584	39	O	22.18	C	-		
1584	40	O	22.18	T	-		
1584	41	O	22.18	G	-		
1584	42	O	22.18	C	-		
1584	43	O	22.18	G	-		
1584	44	O	22.18	A	-		
1584	45	O	22.18	A	-		
1584	46	O	22.18	T	-		
1584	47	O	22.18	G	-		
1584	48	O	22.18	G	-		
1584	49	O	22.18	A	-		
1584	50	O	22.18	C	-		
1584	51	O	22.18	A	-		
1584	52	O	22.18	G	-		
1584	53	O	22.18	G	-		
1584	54	O	22.18	C	-		
1584	55	O	22.18	A	-		
1584	56	O	22.18	A	-		
1584	57	O	22.18	G	-		
1584	58	O	22.18	C	-		
1584	59	O	22.18	A	-		
1584	60	O	22.18	A	-		
1584	61	O	22.18	C	-		
1584	62	O	22.18	G	-		
1584	63	O	22.18	G	-		
1584	64	O	22.18	G	-		
1584	65	O	22.18	A	-		
1584	66	O	22.18	A	-		
1584	67	O	22.18	T	-		
1584	68	O	22.18	G	-		
1584	69	O	22.18	C	-		
1584	70	O	22.18	T	-		
1584	71	O	22.18	G	-		
1584	72	O	22.18	G	-		
1584	73	O	22.18	T	-		
1584	74	O	22.18	G	-		
1584	75	O	22.18	G	-		
1584	76	O	22.18	A	-		
1584	77	O	22.18	A	-		
1584	78	O	22.18	G	-		
1584	79	O	22.18	T	-		
1584	80	O	22.18	G	-		
1584	81	O	22.18	C	-		
1584	82	O	22.18	T	-		
1584	83	O	22.18	T	-		
1584	84	O	22.18	G	-		
1584	85	O	22.18	A	-		
1584	86	O	22.18	T	-		
1584	87	O	22.18	G	-		
1584	88	O	22.18	A	-		
1584	89	O	22.18	A	-		
1584	90	O	22.18	G	-		
1584	91	O	22.18	C	-		
1584	92	O	22.18	G	-		
1584	93	O	22.18	C	-		
1584	94	O	22.18	C	-		
1584	95	O	22.18	A	-		
1584	96	O	22.18	A	-		
1584	97	O	22.18	G	-		
1584	98	O	22.18	G	-		
1584	99	O	22.18	G	-		
1584	100	O	22.18	T	-		
1584	101	O	22.18	G	-		
1584	102	O	22.18	G	-		
1584	103	O	22.18	C	-		
1584	104	O	22.18	C	-		
1584	105	O	22.18	A	-		
1584	106	O	22.18	A	-		
1584	107	O	22.18	T	-		
1584	108	O	22.18	G	-		
1584	109	O	22.18	A	-		
1585	0	O	5.55	T	-		
1585	1	O	5.55	G	-		
1585	2	O	5.55	C	-		
1585	3	O	5.55	A	-		
1585	4	O	5.55	A	-		
1585	5	O	5.55	A	-		
1585	6	O	5.55	T	-		
1585	7	O	5.55	C	-		
1585	8	O	5.55	A	-		
1585	9	O	5.55	A	-		
1585	10	O	5.55	G	-		
1585	11	O	5.55	C	-		
1585	12	O	5.55	A	-		
1585	13	O	5.55	T	-		
1585	14	O	5.55	C	-		
1585	15	O	5.55	T	-		
1585	16	O	5.55	T	-		
1585	17	O	5.55	C	-		
1585	18	O	5.55	A	-		
1585	19	O	5.55	A	-		
1585	20	O	5.55	T	-		
1585	21	O	5.55	G	-		
1585	22	O	5.55	T	-		
1585	23	O	5.55	A	-		
1585	24	O	5.55	C	-		
1585	25	O	5.55	C	-		
1585	26	O	5.55	T	-		
1585	27	O	5.55	G	-		
1585	28	O	5.55	C	-		
1585	29	O	5.55	T	-		
1585	30	O	5.55	T	-		
1585	31	O	5.55	C	-		
1585	32	O	5.55	G	-		
1585	33	O	5.55	A	-		
1585	34	O	5.55	A	-		
1585	35	O	5.55	A	-		
1585	36	O	5.55	C	-		
1585	37	O	5.55	C	-		
1585	38	O	5.55	G	-		
1585	39	O	5.55	T	-		
1585	40	O	5.55	G	-		
1585	41	O	5.55	C	-		
1585	42	O	5.55	A	-		
1585	43	O	5.55	T	-		
1585	44	O	5.55	A	-		
1585	45	O	5.55	T	-		
1585	46	O	5.55	T	-		
1585	47	O	5.55	C	-		
1585	48	O	5.55	G	-		
1585	49	O	5.55	G	-		
1585	50	O	5.55	C	-		
1585	51	O	5.55	A	-		
1585	52	O	5.55	T	-		
1585	53	O	5.55	G	-		
1585	54	O	5.55	C	-		
1585	55	O	5.55	C	-		
1585	56	O	5.55	G	-		
1585	57	O	5.55	A	-		
1585	58	O	5.55	G	-		
1585	59	O	5.55	T	-		
1585	60	O	5.55	C	-		
1585	61	O	5.55	G	-		
1585	62	O	5.55	A	-		
1585	63	O	5.55	T	-		
1585	64	O	5.55	C	-		
1585	65	O	5.55	A	-		
1585	66	O	5.55	C	-		
1585	67	O	5.55	G	-		
1585	68	O	5.55	G	-		
1585	69	O	5.55	C	-		
1585	70	O	5.55	C	-		
1585	71	O	5.55	G	-		
1585	72	O	5.55	A	-		
1585	73	O	5.55	T	-		
1585	74	O	5.55	C	-		
1585	75	O	5.55	T	-		
1585	76	O	5.55	T	-		
1585	77	O	5.55	C	-		
1585	78	O	5.55	C	-		
1585	79	O	5.55	C	-		
1585	80	O	5.55	T	-		
1585	81	O	5.55	C	-		
1585	82	O	5.55	A	-		
1585	83	O	5.55	G	-		
1585	84	O	5.55	C	-		
1585	85	O	5.55	T	-		
1585	86	O	5.55	A	-		
1585	87	O	5.55	C	-		
1585	88	O	5.55	G	-		
1585	89	O	5.55	T	-		
1585	90	O	5.55	G	-		
1585	91	O	5.55	T	-		
1585	92	O	5.55	T	-		
1585	93	O	5.55	A	-		
1585	94	O	5.55	A	-		
1585	95	O	5.55	G	-		
1585	96	O	5.55	T	-		
1585	97	O	5.55	T	-		
1585	98	O	5.55	C	-		
1585	99	O	5.55	G	-		
1585	100	O	5.55	A	-		
1585	101	O	5.55	T	-		
1585	102	O	5.55	G	-		
1585	103	O	5.55	G	-		
1585	104	O	5.55	T	-		
1585	105	O	5.55	T	-		
1585	106	O	5.55	A	-		
1585	107	O	5.55	G	-		
1585	108	O	5.55	T	-		
1585	109	O	5.55	A	-		
1586	0	O	11.09	T	-		
1586	1	O	11.09	T	-		
1586	2	O	11.09	C	-		
1586	3	O	11.09	C	-		
1586	4	O	11.09	C	-		
1586	5	O	11.09	C	-		
1586	6	O	11.09	T	-		
1586	7	O	11.09	G	-		
1586	8	O	11.09	G	-		
1586	9	O	11.09	C	-		
1586	10	O	11.09	T	-		
1586	11	O	11.09	C	-		
1586	12	O	11.09	T	-		
1586	13	O	11.09	T	-		
1586	14	O	11.09	C	-		
1586	15	U	2.86	C	A		
1586	16	O	11.09	G	-		
1586	17	O	11.09	T	-		
1586	18	O	11.09	T	-		
1586	19	O	11.09	G	-		
1586	20	O	11.09	G	-		
1586	21	O	11.09	C	-		
1586	22	O	11.09	C	-		
1586	23	O	11.09	G	-		
1586	24	O	11.09	T	-		
1586	25	O	11.09	G	-		
1586	26	O	11.09	C	-		
1586	27	O	11.09	T	-		
1586	28	O	11.09	G	-		
1586	29	O	11.09	G	-		
1586	30	O	11.09	T	-		
1586	31	O	11.09	C	-		
1586	32	O	11.09	T	-		
1586	33	O	11.09	T	-		
1586	34	O	11.09	C	-		
1586	35	O	11.09	C	-		
1586	36	O	11.09	T	-		
1586	37	O	11.09	G	-		
1586	38	O	11.09	C	-		
1586	39	O	11.09	T	-		
1586	40	O	11.09	C	-		
1586	41	O	11.09	G	-		
1586	42	O	11.09	C	-		
1586	43	O	11.09	C	-		
1586	44	O	11.09	T	-		
1586	45	O	11.09	T	-		
1586	46	O	11.09	C	-		
1586	47	O	11.09	A	-		
1586	48	O	11.09	T	-		
1586	49	O	11.09	C	-		
1586	50	O	11.09	C	-		
1586	51	O	11.09	C	-		
1586	52	O	11.09	G	-		
1586	53	O	11.09	A	-		
1586	54	O	11.09	T	-		
1586	55	O	11.09	C	-		
1586	56	O	11.09	G	-		
1586	57	O	11.09	T	-		
1586	58	O	11.09	C	-		
1586	59	O	11.09	G	-		
1586	60	O	11.09	G	-		
1586	61	O	11.09	T	-		
1586	62	O	11.09	G	-		
1586	63	O	11.09	C	-		
1586	64	O	11.09	G	-		
1586	65	O	11.09	G	-		
1586	66	O	11.09	T	-		
1586	67	O	11.09	G	-		
1586	68	O	11.09	A	-		
1586	69	O	11.09	C	-		
1586	70	O	11.09	C	-		
1586	71	O	11.09	G	-		
1586	72	O	11.09	C	-		
1586	73	O	11.09	C	-		
1586	74	O	11.09	G	-		
1586	75	O	11.09	G	-		
1586	76	O	11.09	C	-		
1586	77	O	11.09	A	-		
1586	78	O	11.09	T	-		
1586	79	O	11.09	C	-		
1586	80	O	11.09	C	-		
1586	81	O	11.09	T	-		
1586	82	O	11.09	C	-		
1586	83	O	11.09	G	-		
1586	84	O	11.09	C	-		
1586	85	O	11.09	G	-		
1586	86	O	11.09	G	-		
1586	87	O	11.09	C	-		
1586	88	O	11.09	A	-		
1586	89	O	11.09	C	-		
1586	90	O	11.09	T	-		
1586	91	O	11.09	C	-		
1586	92	O	11.09	G	-		
1586	93	O	11.09	T	-		
1586	94	U	2.86	G	T		
1586	95	O	11.09	G	-		
1586	96	O	11.09	C	-		
1586	97	O	11.09	G	-		
1586	98	O	11.09	T	-		
1586	99	O	11.09	T	-		
1586	100	O	11.09	G	-		
1586	101	O	11.09	G	-		
1586	102	O	11.09	T	-		
1586	103	O	11.09	C	-		
1586	104	O	11.09	A	-		
1586	105	U	2.86	C	G		
1586	106	O	11.09	C	-		
1586	107	O	11.09	A	-		
1586	108	O	11.09	A	-		
1586	109	O	11.09	C	-		
1587	0	O	6.93	T	-		
1587	1	O	6.93	G	-		
1587	2	O	6.93	C	-		
1587	3	O	6.93	T	-		
1587	4	O	6.93	A	-		
1587	5	O	6.93	T	-		
1587	6	O	6.93	G	-		
1587	7	O	6.93	T	-		
1587	8	O	6.93	G	-		
1587	9	O	6.93	C	-		
1587	10	O	6.93	T	-		
1587	11	O	6.93	A	-		
1587	12	O	6.93	T	-		
1587	13	O	6.93	A	-		
1587	14	O	6.93	C	-		
1587	15	O	6.93	T	-		
1587	16	O	6.93	C	-		
1587	17	O	6.93	C	-		
1587	18	O	6.93	T	-		
1587	19	O	6.93	G	-		
1587	20	O	6.93	C	-		
1587	21	O	6.93	A	-		
1587	22	O	6.93	G	-		
1587	23	O	6.93	C	-		
1587	24	O	6.93	G	-		
1587	25	O	6.93	A	-		
1587	26	O	6.93	A	-		
1587	27	O	6.93	C	-		
1587	28	O	6.93	A	-		
1587	29	O	6.93	T	-		
1587	30	O	6.93	G	-		
1587	31	O	6.93	C	-		
1587	32	O	6.93	T	-		
1587	33	O	6.93	A	-		
1587	34	O	6.93	A	-		
1587	35	O	6.93	C	-		
1587	36	O	6.93	T	-		
1587	37	O	6.93	G	-		
1587	38	O	6.93	T	-		
1587	39	O	6.93	T	-		
1587	40	O	6.93	G	-		
1587	41	O	6.93	C	-		
1587	42	O	6.93	A	-		
1587	43	O	6.93	G	-		
1587	44	O	6.93	C	-		
1587	45	O	6.93	T	-		
1587	46	O	6.93	G	-		
1587	47	O	6.93	C	-		
1587	48	O	6.93	A	-		
1587	49	O	6.93	G	-		
1587	50	O	6.93	T	-		
1587	51	O	6.93	A	-		
1587	52	O	6.93	G	-		
1587	53	O	6.93	T	-		
1587	54	O	6.93	G	-		
1587	55	O	6.93	T	-		
1587	56	O	6.93	A	-		
1587	57	O	6.93	C	-		
1587	58	O	6.93	G	-		
1587	59	O	6.93	G	-		
1587	60	O	6.93	T	-		
1587	61	O	6.93	T	-		
1587	62	O	6.93	T	-		
1587	63	O	6.93	T	-		
1587	64	O	6.93	A	-		
1587	65	O	6.93	G	-		
1587	66	O	6.93	T	-		
1587	67	O	6.93	A	-		
1587	68	O	6.93	T	-		
1587	69	O	6.93	T	-		
1587	70	O	6.93	G	-		
1587	71	O	6.93	C	-		
1587	72	O	6.93	A	-		
1587	73	O	6.93	G	-		
1587	74	O	6.93	A	-		
1587	75	O	6.93	T	-		
1587	76	O	6.93	G	-		
1587	77	O	6.93	C	-		
1587	78	O	6.93	A	-		
1587	79	O	6.93	G	-		
1587	80	O	6.93	C	-		
1587	81	O	6.93	T	-		
1587	82	O	6.93	A	-		
1587	83	O	6.93	C	-		
1587	84	O	6.93	A	-		
1587	85	O	6.93	C	-		
1587	86	O	6.93	G	-		
1587	87	O	6.93	C	-		
1587	88	O	6.93	G	-		
1587	89	O	6.93	C	-		
1587	90	O	6.93	G	-		
1587	91	O	6.93	T	-		
1587	92	O	6.93	G	-		
1587	93	O	6.93	C	-		
1587	94	O	6.93	G	-		
1587	95	O	6.93	C	-		
1587	96	O	6.93	A	-		
1587	97	O	6.93	C	-		
1587	98	O	6.93	T	-		
1587	99	O	6.93	A	-		
1587	100	O	6.93	C	-		
1587	101	O	6.93	T	-		
1587	102	O	6.93	G	-		
1587	103	O	6.93	C	-		
1587	104	O	6.93	T	-		
1587	105	O	6.93	G	-		
1587	106	O	6.93	C	-		
1587	107	O	6.93	A	-		
1587	108	O	6.93	G	-		
1587	109	O	6.93	A	-		
1588	0	O	5.55	T	-		
1588	1	O	5.55	T	-		
1588	2	O	5.55	C	-		
1588	3	O	5.55	T	-		
1588	4	O	5.55	T	-		
1588	5	O	5.55	G	-		
1588	6	O	5.55	C	-		
1588	7	O	5.55	G	-		
1588	8	O	5.55	A	-		
1588	9	O	5.55	A	-		
1588	10	O	5.55	T	-		
1588	11	O	5.55	C	-		
1588	12	O	5.55	A	-		
1588	13	O	5.55	C	-		
1588	14	O	5.55	A	-		
1588	15	O	5.55	G	-		
1588	16	O	5.55	T	-		
1588	17	O	5.55	A	-		
1588	18	O	5.55	A	-		
1588	19	O	5.55	G	-		
1588	20	O	5.55	T	-		
1588	21	O	5.55	A	-		
1588	22	O	5.55	T	-		
1588	23	O	5.55	G	-		
1588	24	O	5.55	T	-		
1588	25	O	5.55	T	-		
1588	26	O	5.55	C	-		
1588	27	O	5.55	T	-		
1588	28	O	5.55	C	-		
1588	29	O	5.55	C	-		
1588	30	O	5.55	A	-		
1588	31	O	5.55	G	-		
1588	32	O	5.55	A	-		
1588	33	O	5.55	G	-		
1588	34	O	5.55	A	-		
1588	35	O	5.55	T	-		
1588	36	O	5.55	T	-		
1588	37	O	5.55	T	-		
1588	38	O	5.55	C	-		
1588	39	O	5.55	T	-		
1588	40	O	5.55	G	-		
1588	41	O	5.55	T	-		
1588	42	O	5.55	T	-		
1588	43	O	5.55	A	-		
1588	44	O	5.55	T	-		
1588	45	O	5.55	T	-		
1588	46	O	5.55	G	-		
1588	47	O	5.55	T	-		
1588	48	O	5.55	G	-		
1588	49	O	5.55	T	-		
1588	50	O	5.55	T	-		
1588	51	O	5.55	C	-		
1588	52	O	5.55	T	-		
1588	53	O	5.55	T	-		
1588	54	O	5.55	G	-		
1588	55	O	5.55	T	-		
1588	56	O	5.55	T	-		
1588	57	O	5.55	A	-		
1588	58	O	5.55	C	-		
1588	59	O	5.55	A	-		
1588	60	O	5.55	A	-		
1588	61	O	5.55	T	-		
1588	62	O	5.55	T	-		
1588	63	O	5.55	C	-		
1588	64	O	5.55	A	-		
1588	65	O	5.55	A	-		
1588	66	O	5.55	G	-		
1588	67	O	5.55	T	-		
1588	68	O	5.55	C	-		
1588	69	O	5.55	T	-		
1588	70	O	5.55	T	-		
1588	71	O	5.55	G	-		
1588	72	O	5.55	G	-		
1588	73	O	5.55	C	-		
1588	74	O	5.55	T	-		
1588	75	O	5.55	G	-		
1588	76	O	5.55	T	-		
1588	77	O	5.55	C	-		
1588	78	O	5.55	G	-		
1588	79	O	5.55	C	-		
1588	80	O	5.55	T	-		
1588	81	O	5.55	G	-		
1588	82	O	5.55	G	-		
1588	83	O	5.55	C	-		
1588	84	O	5.55	A	-		
1588	85	O	5.55	G	-		
1588	86	O	5.55	A	-		
1588	87	O	5.55	A	-		
1588	88	O	5.55	C	-		
1588	89	O	5.55	C	-		
1588	90	O	5.55	A	-		
1588	91	O	5.55	G	-		
1588	92	O	5.55	T	-		
1588	93	O	5.55	T	-		
1588	94	O	5.55	T	-		
1588	95	O	5.55	C	-		
1588	96	O	5.55	A	-		
1588	97	O	5.55	T	-		
1588	98	O	5.55	C	-		
1588	99	O	5.55	C	-		
1588	100	O	5.55	A	-		
1588	101	O	5.55	A	-		
1588	102	O	5.55	G	-		
1588	103	O	5.55	A	-		
1588	104	O	5.55	C	-		
1588	105	O	5.55	T	-		
1588	106	O	5.55	T	-		
1588	107	O	5.55	C	-		
1588	108	O	5.55	A	-		
1588	109	O	5.55	C	-		
1589	0	O	12.48	G	-		
1589	1	O	12.48	G	-		
1589	2	O	12.48	G	-		
1589	3	O	12.48	C	-		
1589	4	O	12.48	G	-		
1589	5	O	12.48	A	-		
1589	6	O	12.48	A	-		
1589	7	O	12.48	A	-		
1589	8	O	12.48	G	-		
1589	9	O	12.48	A	-		
1589	10	O	12.48	C	-		
1589	11	O	12.48	C	-		
1589	12	O	12.48	G	-		
1589	13	O	12.48	G	-		
1589	14	O	12.48	A	-		
1589	15	O	12.48	G	-		
1589	16	O	12.48	C	-		
1589	17	O	12.48	T	-		
1589	18	O	12.48	G	-		
1589	19	O	12.48	T	-		
1589	20	O	12.48	C	-		
1589	21	O	12.48	G	-		
1589	22	O	12.48	T	-		
1589	23	O	12.48	T	-		
1589	24	O	12.48	G	-		
1589	25	O	12.48	C	-		
1589	26	O	12.48	T	-		
1589	27	O	12.48	G	-		
1589	28	O	12.48	G	-		
1589	29	O	12.48	T	-		
1589	30	O	12.48	A	-		
1589	31	O	12.48	T	-		
1589	32	O	12.48	A	-		
1589	33	O	12.48	A	-		
1589	34	O	12.48	A	-		
1589	35	O	12.48	A	-		
1589	36	O	12.48	G	-		
1589	37	O	12.48	T	-		
1589	38	O	12.48	C	-		
1589	39	O	12.48	C	-		
1589	40	O	12.48	T	-		
1589	41	O	12.48	G	-		
1589	42	O	12.48	C	-		
1589	43	O	12.48	C	-		
1589	44	O	12.48	A	-		
1589	45	O	12.48	G	-		
1589	46	O	12.48	T	-		
1589	47	O	12.48	C	-		
1589	48	O	12.48	C	-		
1589	49	O	12.48	A	-		
1589	50	O	12.48	T	-		
1589	51	O	12.48	G	-		
1589	52	O	12.48	G	-		
1589	53	O	12.48	C	-		
1589	54	O	12.48	T	-		
1589	55	O	12.48	G	-		
1589	56	O	12.48	T	-		
1589	57	O	12.48	G	-		
1589	58	O	12.48	A	-		
1589	59	O	12.48	C	-		
1589	60	O	12.48	T	-		
1589	61	O	12.48	C	-		
1589	62	O	12.48	G	-		
1589	63	O	12.48	C	-		
1589	64	O	12.48	A	-		
1589	65	O	12.48	T	-		
1589	66	O	12.48	T	-		
1589	67	O	12.48	T	-		
1589	68	O	12.48	T	-		
1589	69	O	12.48	G	-		
1589	70	O	12.48	T	-		
1589	71	O	12.48	T	-		
1589	72	O	12.48	C	-		
1589	73	O	12.48	G	-		
1589	74	O	12.48	T	-		
1589	75	O	12.48	C	-		
1589	76	O	12.48	G	-		
1589	77	O	12.48	T	-		
1589	78	O	12.48	G	-		
1589	79	O	12.48	G	-		
1589	80	O	12.48	C	-		
1589	81	O	12.48	G	-		
1589	82	O	12.48	T	-		
1589	83	O	12.48	C	-		
1589	84	O	12.48	T	-		
1589	85	O	12.48	T	-		
1589	86	O	12.48	G	-		
1589	87	O	12.48	G	-		
1589	88	O	12.48	T	-		
1589	89	O	12.48	A	-		
1589	90	O	12.48	G	-		
1589	91	O	12.48	A	-		
1589	92	O	12.48	A	-		
1589	93	O	12.48	G	-		
1589	94	O	12.48	G	-		
1589	95	O	12.48	C	-		
1589	96	O	12.48	G	-		
1589	97	O	12.48	T	-		
1589	98	O	12.48	A	-		
1589	99	O	12.48	G	-		
1589	100	O	12.48	T	-		
1589	101	O	12.48	C	-		
1589	102	O	12.48	G	-		
1589	103	O	12.48	A	-		
1589	104	O	12.48	G	-		
1589	105	O	12.48	G	-		
1589	106	O	12.48	G	-		
1589	107	O	12.48	T	-		
1589	108	O	12.48	G	-		
1589	109	O	12.48	A	-		
1590	0	O	8.32	T	-		
1590	1	O	8.32	G	-		
1590	2	O	8.32	G	-		
1590	3	O	8.32	C	-		
1590	4	O	8.32	G	-		
1590	5	O	8.32	G	-		
1590	6	O	8.32	T	-		
1590	7	O	8.32	A	-		
1590	8	O	8.32	G	-		
1590	9	O	8.32	A	-		
1590	10	O	8.32	G	-		
1590	11	O	8.32	G	-		
1590	12	O	8.32	G	-		
1590	13	O	8.32	T	-		
1590	14	O	8.32	G	-		
1590	15	O	8.32	A	-		
1590	16	O	8.32	A	-		
1590	17	O	8.32	G	-		
1590	18	O	8.32	G	-		
1590	19	O	8.32	A	-		
1590	20	O	8.32	G	-		
1590	21	O	8.32	C	-		
1590	22	O	8.32	G	-		
1590	23	O	8.32	A	-		
1590	24	O	8.32	C	-		
1590	25	O	8.32	G	-		
1590	26	O	8.32	T	-		
1590	27	O	8.32	T	-		
1590	28	O	8.32	G	-		
1590	29	O	8.32	G	-		
1590	30	O	8.32	A	-		
1590	31	O	8.32	G	-		
1590	32	O	8.32	T	-		
1590	33	O	8.32	C	-		
1590	34	O	8.32	A	-		
1590	35	O	8.32	C	-		
1590	36	O	8.32	T	-		
1590	37	O	8.32	G	-		
1590	38	O	8.32	G	-		
1590	39	O	8.32	G	-		
1590	40	O	8.32	T	-		
1590	41	O	8.32	G	-		
1590	42	O	8.32	A	-		
1590	43	O	8.32	T	-		
1590	44	O	8.32	G	-		
1590	45	O	8.32	C	-		
1590	46	O	8.32	G	-		
1590	47	O	8.32	A	-		
1590	48	O	8.32	A	-		
1590	49	O	8.32	G	-		
1590	50	O	8.32	C	-		
1590	51	O	8.32	C	-		
1590	52	O	8.32	T	-		
1590	53	O	8.32	T	-		
1590	54	O	8.32	G	-		
1590	55	O	8.32	G	-		
1590	56	O	8.32	G	-		
1590	57	O	8.32	A	-		
1590	58	O	8.32	T	-		
1590	59	O	8.32	G	-		
1590	60	O	8.32	A	-		
1590	61	O	8.32	A	-		
1590	62	O	8.32	G	-		
1590	63	O	8.32	G	-		
1590	64	O	8.32	T	-		
1590	65	O	8.32	G	-		
1590	66	O	8.32	G	-		
1590	67	O	8.32	G	-		
1590	68	O	8.32	G	-		
1590	69	O	8.32	G	-		
1590	70	O	8.32	C	-		
1590	71	O	8.32	T	-		
1590	72	O	8.32	G	-		
1590	73	O	8.32	G	-		
1590	74	O	8.32	G	-		
1590	75	O	8.32	G	-		
1590	76	O	8.32	A	-		
1590	77	O	8.32	C	-		
1590	78	O	8.32	T	-		
1590	79	O	8.32	A	-		
1590	80	O	8.32	T	-		
1590	81	O	8.32	C	-		
1590	82	O	8.32	G	-		
1590	83	O	8.32	G	-		
1590	84	O	8.32	T	-		
1590	85	O	8.32	A	-		
1590	86	O	8.32	T	-		
1590	87	O	8.32	T	-		
1590	88	O	8.32	G	-		
1590	89	O	8.32	T	-		
1590	90	O	8.32	T	-		
1590	91	O	8.32	G	-		
1590	92	O	8.32	T	-		
1590	93	O	8.32	C	-		
1590	94	O	8.32	C	-		
1590	95	O	8.32	C	-		
1590	96	O	8.32	C	-		
1590	97	O	8.32	G	-		
1590	98	O	8.32	G	-		
1590	99	O	8.32	C	-		
1590	100	O	8.32	A	-		
1590	101	O	8.32	C	-		
1590	102	O	8.32	C	-		
1590	103	O	8.32	G	-		
1590	104	O	8.32	T	-		
1590	105	O	8.32	T	-		
1590	106	O	8.32	A	-		
1590	107	O	8.32	C	-		
1590	108	O	8.32	C	-		
1590	109	O	8.32	G	-		
1591	0	O	13.86	T	-		
1591	1	O	13.86	C	-		
1591	2	O	13.86	G	-		
1591	3	O	13.86	C	-		
1591	4	O	13.86	G	-		
1591	5	O	13.86	C	-		
1591	6	O	13.86	G	-		
1591	7	O	13.86	A	-		
1591	8	O	13.86	G	-		
1591	9	O	13.86	A	-		
1591	10	O	13.86	C	-		
1591	11	O	13.86	C	-		
1591	12	O	13.86	T	-		
1591	13	O	13.86	T	-		
1591	14	O	13.86	T	-		
1591	15	O	13.86	T	-		
1591	16	O	13.86	G	-		
1591	17	O	13.86	G	-		
1591	18	O	13.86	A	-		
1591	19	O	13.86	A	-		
1591	20	O	13.86	G	-		
1591	21	O	13.86	C	-		
1591	22	O	13.86	T	-		
1591	23	O	13.86	G	-		
1591	24	O	13.86	A	-		
1591	25	O	13.86	G	-		
1591	26	O	13.86	C	-		
1591	27	O	13.86	G	-		
1591	28	O	13.86	A	-		
1591	29	O	13.86	G	-		
1591	30	O	13.86	T	-		
1591	31	O	13.86	C	-		
1591	32	O	13.86	G	-		
1591	33	O	13.86	A	-		
1591	34	O	13.86	A	-		
1591	35	O	13.86	G	-		
1591	36	O	13.86	C	-		
1591	37	O	13.86	C	-		
1591	38	O	13.86	A	-		
1591	39	O	13.86	T	-		
1591	40	O	13.86	C	-		
1591	41	O	13.86	G	-		
1591	42	O	13.86	G	-		
1591	43	O	13.86	C	-		
1591	44	O	13.86	G	-		
1591	45	O	13.86	C	-		
1591	46	O	13.86	G	-		
1591	47	O	13.86	T	-		
1591	48	O	13.86	A	-		
1591	49	O	13.86	G	-		
1591	50	O	13.86	G	-		
1591	51	O	13.86	G	-		
1591	52	O	13.86	C	-		
1591	53	O	13.86	C	-		
1591	54	O	13.86	T	-		
1591	55	O	13.86	G	-		
1591	56	O	13.86	G	-		
1591	57	O	13.86	A	-		
1591	58	O	13.86	A	-		
1591	59	O	13.86	C	-		
1591	60	O	13.86	A	-		
1591	61	O	13.86	A	-		
1591	62	O	13.86	G	-		
1591	63	O	13.86	A	-		
1591	64	O	13.86	G	-		
1591	65	O	13.86	T	-		
1591	66	O	13.86	A	-		
1591	67	O	13.86	G	-		
1591	68	O	13.86	C	-		
1591	69	O	13.86	G	-		
1591	70	O	13.86	A	-		
1591	71	O	13.86	C	-		
1591	72	O	13.86	T	-		
1591	73	O	13.86	C	-		
1591	74	O	13.86	A	-		
1591	75	O	13.86	A	-		
1591	76	O	13.86	G	-		
1591	77	O	13.86	C	-		
1591	78	O	13.86	G	-		
1591	79	O	13.86	G	-		
1591	80	O	13.86	C	-		
1591	81	O	13.86	G	-		
1591	82	O	13.86	T	-		
1591	83	O	13.86	G	-		
1591	84	O	13.86	T	-		
1591	85	O	13.86	A	-		
1591	86	O	13.86	T	-		
1591	87	O	5.16	C	-		
1591	88	O	13.86	C	-		
1591	89	O	13.86	A	-		
1591	90	O	13.86	G	-		
1591	91	O	5.16	C	-		
1591	92	O	13.86	G	-		
1591	93	O	13.86	G	-		
1591	94	O	13.86	G	-		
1591	95	O	13.86	G	-		
1591	96	O	13.86	A	-		
1591	97	O	13.86	G	-		
1591	98	O	13.86	T	-		
1591	99	O	13.86	G	-		
1591	100	O	13.86	T	-		
1591	101	O	13.86	T	-		
1591	102	O	13.86	G	-		
1591	103	O	13.86	G	-		
1591	104	O	13.86	G	-		
1591	105	O	13.86	C	-		
1591	106	O	13.86	T	-		
1591	107	O	13.86	C	-		
1591	108	O	13.86	A	-		
1591	109	O	13.86	T	-		
1592	0	O	6.93	A	-		
1592	1	O	6.93	G	-		
1592	2	O	6.93	A	-		
1592	3	O	6.93	A	-		
1592	4	O	6.93	C	-		
1592	5	O	6.93	A	-		
1592	6	O	6.93	G	-		
1592	7	O	6.93	A	-		
1592	8	O	6.93	G	-		
1592	9	O	6.93	A	-		
1592	10	O	6.93	G	-		
1592	11	O	6.93	C	-		
1592	12	O	6.93	T	-		
1592	13	O	6.93	G	-		
1592	14	O	6.93	G	-		
1592	15	O	6.93	A	-		
1592	16	O	6.93	A	-		
1592	17	O	6.93	A	-		
1592	18	O	6.93	G	-		
1592	19	O	6.93	G	-		
1592	20	O	6.93	A	-		
1592	21	O	6.93	A	-		
1592	22	O	6.93	A	-		
1592	23	O	6.93	C	-		
1592	24	O	6.93	A	-		
1592	25	O	6.93	A	-		
1592	26	O	6.93	G	-		
1592	27	O	6.93	C	-		
1592	28	O	6.93	C	-		
1592	29	O	6.93	G	-		
1592	30	O	6.93	C	-		
1592	31	O	6.93	G	-		
1592	32	O	6.93	A	-		
1592	33	O	6.93	C	-		
1592	34	O	6.93	T	-		
1592	35	O	6.93	G	-		
1592	36	O	6.93	C	-		
1592	37	O	6.93	A	-		
1592	38	O	6.93	A	-		
1592	39	O	6.93	T	-		
1592	40	O	6.93	G	-		
1592	41	O	6.93	G	-		
1592	42	O	6.93	C	-		
1592	43	O	6.93	C	-		
1592	44	O	6.93	G	-		
1592	45	O	6.93	G	-		
1592	46	O	6.93	C	-		
1592	47	O	6.93	G	-		
1592	48	O	6.93	A	-		
1592	49	O	6.93	G	-		
1592	50	O	6.93	C	-		
1592	51	O	6.93	C	-		
1592	52	O	6.93	T	-		
1592	53	O	6.93	T	-		
1592	54	O	6.93	T	-		
1592	55	O	6.93	G	-		
1592	56	O	6.93	C	-		
1592	57	O	6.93	C	-		
1592	58	O	6.93	A	-		
1592	59	O	6.93	T	-		
1592	60	O	6.93	C	-		
1592	61	O	6.93	A	-		
1592	62	O	6.93	C	-		
1592	63	O	6.93	A	-		
1592	64	O	6.93	G	-		
1592	65	O	6.93	T	-		
1592	66	O	6.93	C	-		
1592	67	O	6.93	G	-		
1592	68	O	6.93	A	-		
1592	69	O	6.93	G	-		
1592	70	O	6.93	T	-		
1592	71	O	6.93	G	-		
1592	72	O	6.93	C	-		
1592	73	O	6.93	G	-		
1592	74	O	6.93	T	-		
1592	75	O	6.93	T	-		
1592	76	O	6.93	G	-		
1592	77	O	6.93	C	-		
1592	78	O	6.93	C	-		
1592	79	O	6.93	C	-		
1592	80	O	6.93	G	-		
1592	81	O	6.93	G	-		
1592	82	O	6.93	A	-		
1592	83	O	6.93	A	-		
1592	84	O	6.93	G	-		
1592	85	O	6.93	C	-		
1592	86	O	6.93	A	-		
1592	87	O	6.93	G	-		
1592	88	O	6.93	C	-		
1592	89	O	6.93	A	-		
1592	90	O	6.93	G	-		
1592	91	O	6.93	T	-		
1592	92	O	6.93	A	-		
1592	93	O	6.93	C	-		
1592	94	O	6.93	A	-		
1592	95	O	6.93	A	-		
1592	96	O	6.93	A	-		
1592	97	O	6.93	G	-		
1592	98	O	6.93	A	-		
1592	99	O	6.93	T	-		
1592	100	O	6.93	G	-		
1592	101	O	6.93	C	-		
1592	102	O	6.93	C	-		
1592	103	O	6.93	T	-		
1592	104	O	6.93	C	-		
1592	105	O	6.93	C	-		
1592	106	O	6.93	C	-		
1592	107	O	6.93	A	-		
1592	108	O	6.93	C	-		
1592	109	O	6.93	A	-		
1593	0	O	8.32	T	-		
1593	1	O	8.32	G	-		
1593	2	O	8.32	G	-		
1593	3	O	8.32	G	-		
1593	4	O	8.32	G	-		
1593	5	O	8.32	A	-		
1593	6	O	8.32	G	-		
1593	7	O	8.32	G	-		
1593	8	O	8.32	C	-		
1593	9	O	8.32	A	-		
1593	10	O	8.32	A	-		
1593	11	O	8.32	T	-		
1593	12	O	8.32	A	-		
1593	13	O	8.32	A	-		
1593	14	O	8.32	G	-		
1593	15	O	8.32	A	-		
1593	16	O	8.32	G	-		
1593	17	O	8.32	G	-		
1593	18	O	8.32	A	-		
1593	19	O	8.32	C	-		
1593	20	O	8.32	A	-		
1593	21	O	8.32	G	-		
1593	22	O	8.32	C	-		
1593	23	O	8.32	G	-		
1593	24	O	8.32	G	-		
1593	25	O	8.32	T	-		
1593	26	O	8.32	C	-		
1593	27	O	8.32	A	-		
1593	28	O	8.32	C	-		
1593	29	O	8.32	A	-		
1593	30	O	8.32	C	-		
1593	31	O	8.32	A	-		
1593	32	O	8.32	C	-		
1593	33	O	8.32	C	-		
1593	34	O	8.32	T	-		
1593	35	O	8.32	C	-		
1593	36	O	8.32	A	-		
1593	37	O	8.32	T	-		
1593	38	O	8.32	T	-		
1593	39	O	8.32	G	-		
1593	40	O	8.32	T	-		
1593	41	O	8.32	A	-		
1593	42	O	8.32	T	-		
1593	43	O	8.32	C	-		
1593	44	O	8.32	A	-		
1593	45	O	8.32	C	-		
1593	46	O	8.32	A	-		
1593	47	O	8.32	T	-		
1593	48	O	8.32	G	-		
1593	49	O	8.32	G	-		
1593	50	O	8.32	A	-		
1593	51	O	8.32	A	-		
1593	52	O	8.32	A	-		
1593	53	O	8.32	A	-		
1593	54	O	8.32	T	-		
1593	55	O	8.32	T	-		
1593	56	O	8.32	G	-		
1593	57	O	8.32	C	-		
1593	58	O	8.32	G	-		
1593	59	O	8.32	T	-		
1593	60	O	8.32	A	-		
1593	61	O	8.32	C	-		
1593	62	O	8.32	A	-		
1593	63	O	8.32	T	-		
1593	64	O	8.32	A	-		
1593	65	O	8.32	T	-		
1593	66	O	8.32	T	-		
1593	67	O	8.32	T	-		
1593	68	O	8.32	T	-		
1593	69	O	8.32	T	-		
1593	70	O	8.32	C	-		
1593	71	O	8.32	A	-		
1593	72	O	8.32	T	-		
1593	73	O	8.32	T	-		
1593	74	O	8.32	T	-		
1593	75	O	8.32	T	-		
1593	76	O	8.32	A	-		
1593	77	O	8.32	T	-		
1593	78	O	8.32	C	-		
1593	79	O	8.32	T	-		
1593	80	O	8.32	A	-		
1593	81	O	8.32	T	-		
1593	82	O	8.32	T	-		
1593	83	O	8.32	T	-		
1593	84	O	8.32	G	-		
1593	85	O	8.32	C	-		
1593	86	O	8.32	G	-		
1593	87	O	8.32	T	-		
1593	88	O	8.32	A	-		
1593	89	O	8.32	T	-		
1593	90	O	8.32	A	-		
1593	91	O	8.32	T	-		
1593	92	O	8.32	G	-		
1593	93	O	8.32	A	-		
1593	94	O	8.32	T	-		
1593	95	O	8.32	T	-		
1593	96	O	8.32	A	-		
1593	97	O	8.32	T	-		
1593	98	O	8.32	T	-		
1593	99	O	8.32	G	-		
1593	100	O	8.32	T	-		
1593	101	O	8.32	G	-		
1593	102	O	8.32	T	-		
1593	103	O	8.32	A	-		
1593	104	O	8.32	T	-		
1593	105	O	8.32	T	-		
1593	106	O	8.32	T	-		
1593	107	O	8.32	T	-		
1593	108	O	8.32	T	-		
1593	109	O	8.32	T	-		
1594	0	O	11.09	C	-		
1594	1	O	11.09	G	-		
1594	2	O	11.09	G	-		
1594	3	O	11.09	A	-		
1594	4	O	11.09	A	-		
1594	5	O	11.09	A	-		
1594	6	O	11.09	T	-		
1594	7	O	11.09	G	-		
1594	8	O	11.09	C	-		
1594	9	O	11.09	T	-		
1594	10	O	11.09	T	-		
1594	11	O	11.09	C	-		
1594	12	O	11.09	G	-		
1594	13	O	11.09	A	-		
1594	14	O	11.09	C	-		
1594	15	O	11.09	A	-		
1594	16	O	11.09	A	-		
1594	17	O	11.09	G	-		
1594	18	O	11.09	G	-		
1594	19	O	11.09	A	-		
1594	20	O	11.09	T	-		
1594	21	O	11.09	C	-		
1594	22	O	11.09	T	-		
1594	23	O	11.09	G	-		
1594	24	O	11.09	T	-		
1594	25	O	11.09	C	-		
1594	26	O	11.09	C	-		
1594	27	O	11.09	G	-		
1594	28	O	11.09	A	-		
1594	29	O	11.09	T	-		
1594	30	O	11.09	G	-		
1594	31	O	11.09	A	-		
1594	32	O	11.09	C	-		
1594	33	O	11.09	G	-		
1594	34	O	11.09	A	-		
1594	35	O	11.09	G	-		
1594	36	O	11.09	C	-		
1594	37	O	11.09	T	-		
1594	38	O	11.09	G	-		
1594	39	O	11.09	G	-		
1594	40	O	11.09	C	-		
1594	41	O	11.09	G	-		
1594	42	O	11.09	A	-		
1594	43	O	11.09	A	-		
1594	44	O	11.09	C	-		
1594	45	O	11.09	A	-		
1594	46	O	11.09	T	-		
1594	47	O	11.09	C	-		
1594	48	O	11.09	A	-		
1594	49	O	11.09	A	-		
1594	50	O	11.09	A	-		
1594	51	O	11.09	C	-		
1594	52	O	11.09	G	-		
1594	53	O	11.09	G	-		
1594	54	O	11.09	A	-		
1594	55	O	11.09	C	-		
1594	56	O	11.09	C	-		
1594	57	O	11.09	A	-		
1594	58	O	11.09	T	-		
1594	59	O	11.09	C	-		
1594	60	O	11.09	C	-		
1594	61	O	11.09	A	-		
1594	62	O	11.09	A	-		
1594	63	O	11.09	A	-		
1594	64	O	11.09	G	-		
1594	65	O	11.09	G	-		
1594	66	O	11.09	T	-		
1594	67	O	11.09	G	-		
1594	68	O	11.09	G	-		
1594	69	O	11.09	T	-		
1594	70	O	11.09	C	-		
1594	71	O	11.09	A	-		
1594	72	O	11.09	C	-		
1594	73	O	11.09	C	-		
1594	74	O	11.09	A	-		
1594	75	O	11.09	G	-		
1594	76	O	11.09	A	-		
1594	77	O	11.09	G	-		
1594	78	O	11.09	A	-		
1594	79	O	11.09	C	-		
1594	80	O	11.09	A	-		
1594	81	O	11.09	G	-		
1594	82	O	11.09	G	-		
1594	83	O	11.09	C	-		
1594	84	O	11.09	G	-		
1594	85	O	11.09	A	-		
1594	86	O	11.09	C	-		
1594	87	O	11.09	G	-		
1594	88	O	11.09	A	-		
1594	89	O	11.09	G	-		
1594	90	O	11.09	G	-		
1594	91	O	11.09	T	-		
1594	92	O	11.09	G	-		
1594	93	O	11.09	G	-		
1594	94	O	11.09	A	-		
1594	95	O	11.09	C	-		
1594	96	O	11.09	C	-		
1594	97	O	11.09	A	-		
1594	98	O	11.09	G	-		
1594	99	O	11.09	G	-		
1594	100	O	11.09	G	-		
1594	101	O	11.09	C	-		
1594	102	O	11.09	A	-		
1594	103	O	11.09	T	-		
1594	104	O	11.09	T	-		
1594	105	O	11.09	G	-		
1594	106	O	11.09	A	-		
1594	107	O	11.09	C	-		
1594	108	O	11.09	G	-		
1594	109	O	11.09	T	-		
1595	0	O	6.93	T	-		
1595	1	O	6.93	G	-		
1595	2	O	6.93	C	-		
1595	3	O	6.93	A	-		
1595	4	O	6.93	A	-		
1595	5	O	6.93	A	-		
1595	6	O	6.93	T	-		
1595	7	O	6.93	A	-		
1595	8	O	6.93	A	-		
1595	9	O	6.93	T	-		
1595	10	O	6.93	T	-		
1595	11	O	6.93	T	-		
1595	12	O	6.93	A	-		
1595	13	O	6.93	T	-		
1595	14	O	6.93	C	-		
1595	15	O	6.93	G	-		
1595	16	O	6.93	G	-		
1595	17	O	6.93	A	-		
1595	18	O	6.93	G	-		
1595	19	O	6.93	C	-		
1595	20	O	6.93	G	-		
1595	21	O	6.93	C	-		
1595	22	O	6.93	A	-		
1595	23	O	6.93	A	-		
1595	24	O	6.93	C	-		
1595	25	O	6.93	A	-		
1595	26	O	6.93	A	-		
1595	27	O	6.93	G	-		
1595	28	O	6.93	T	-		
1595	29	O	6.93	T	-		
1595	30	O	6.93	C	-		
1595	31	O	6.93	G	-		
1595	32	O	6.93	A	-		
1595	33	O	6.93	T	-		
1595	34	O	6.93	G	-		
1595	35	O	6.93	T	-		
1595	36	O	6.93	C	-		
1595	37	O	6.93	T	-		
1595	38	O	6.93	T	-		
1595	39	O	6.93	C	-		
1595	40	O	6.93	A	-		
1595	41	O	6.93	C	-		
1595	42	O	6.93	G	-		
1595	43	O	6.93	A	-		
1595	44	O	6.93	A	-		
1595	45	O	6.93	T	-		
1595	46	O	6.93	A	-		
1595	47	O	6.93	C	-		
1595	48	O	6.93	T	-		
1595	49	O	6.93	T	-		
1595	50	O	6.93	A	-		
1595	51	O	6.93	T	-		
1595	52	O	6.93	T	-		
1595	53	O	6.93	C	-		
1595	54	O	6.93	G	-		
1595	55	O	6.93	T	-		
1595	56	O	6.93	A	-		
1595	57	O	6.93	C	-		
1595	58	O	6.93	C	-		
1595	59	O	6.93	T	-		
1595	60	O	6.93	G	-		
1595	61	O	6.93	T	-		
1595	62	O	6.93	T	-		
1595	63	O	6.93	T	-		
1595	64	O	6.93	A	-		
1595	65	O	6.93	T	-		
1595	66	O	6.93	T	-		
1595	67	O	6.93	C	-		
1595	68	O	6.93	T	-		
1595	69	O	6.93	T	-		
1595	70	O	6.93	T	-		
1595	71	O	6.93	T	-		
1595	72	O	6.93	A	-		
1595	73	O	6.93	C	-		
1595	74	O	6.93	A	-		
1595	75	O	6.93	C	-		
1595	76	O	6.93	T	-		
1595	77	O	6.93	T	-		
1595	78	O	6.93	G	-		
1595	79	O	6.93	A	-		
1595	80	O	6.93	A	-		
1595	81	O	6.93	T	-		
1595	82	O	6.93	G	-		
1595	83	O	6.93	G	-		
1595	84	O	6.93	T	-		
1595	85	O	6.93	T	-		
1595	86	O	6.93	C	-		
1595	87	O	6.93	C	-		
1595	88	O	6.93	G	-		
1595	89	O	6.93	C	-		
1595	90	O	6.93	T	-		
1595	91	O	6.93	G	-		
1595	92	O	6.93	G	-		
1595	93	O	6.93	C	-		
1595	94	O	6.93	T	-		
1595	95	O	6.93	G	-		
1595	96	O	6.93	A	-		
1595	97	O	6.93	A	-		
1595	98	O	6.93	G	-		
1595	99	O	6.93	T	-		
1595	100	O	6.93	T	-		
1595	101	O	6.93	T	-		
1595	102	O	6.93	G	-		
1595	103	O	6.93	A	-		
1595	104	O	6.93	C	-		
1595	105	O	6.93	A	-		
1595	106	O	6.93	T	-		
1595	107	O	6.93	T	-		
1595	108	O	6.93	T	-		
1595	109	O	6.93	T	-		
1596	0	O	8.32	A	-		
1596	1	O	8.32	G	-		
1596	2	O	8.32	T	-		
1596	3	O	8.32	C	-		
1596	4	O	8.32	A	-		
1596	5	O	8.32	G	-		
1596	6	O	8.32	T	-		
1596	7	O	8.32	G	-		
1596	8	O	8.32	A	-		
1596	9	O	8.32	G	-		
1596	10	O	8.32	G	-		
1596	11	O	8.32	C	-		
1596	12	O	8.32	T	-		
1596	13	O	8.32	G	-		
1596	14	O	8.32	C	-		
1596	15	O	8.32	C	-		
1596	16	O	8.32	G	-		
1596	17	O	8.32	T	-		
1596	18	O	8.32	G	-		
1596	19	O	8.32	C	-		
1596	20	O	8.32	G	-		
1596	21	O	8.32	G	-		
1596	22	O	8.32	T	-		
1596	23	O	8.32	G	-		
1596	24	O	8.32	A	-		
1596	25	O	8.32	C	-		
1596	26	O	8.32	G	-		
1596	27	O	8.32	G	-		
1596	28	O	8.32	A	-		
1596	29	O	8.32	C	-		
1596	30	O	8.32	A	-		
1596	31	O	8.32	G	-		
1596	32	O	8.32	G	-		
1596	33	O	8.32	T	-		
1596	34	O	8.32	G	-		
1596	35	O	8.32	T	-		
1596	36	O	8.32	G	-		
1596	37	O	8.32	A	-		
1596	38	O	8.32	T	-		
1596	39	O	8.32	G	-		
1596	40	O	8.32	T	-		
1596	41	O	8.32	G	-		
1596	42	O	8.32	T	-		
1596	43	O	8.32	G	-		
1596	44	O	8.32	A	-		
1596	45	O	8.32	C	-		
1596	46	O	8.32	T	-		
1596	47	O	8.32	T	-		
1596	48	O	8.32	A	-		
1596	49	O	8.32	C	-		
1596	50	O	8.32	T	-		
1596	51	O	8.32	C	-		
1596	52	O	8.32	G	-		
1596	53	O	8.32	G	-		
1596	54	O	8.32	A	-		
1596	55	O	8.32	C	-		
1596	56	O	8.32	T	-		
1596	57	O	8.32	G	-		
1596	58	O	8.32	G	-		
1596	59	O	8.32	T	-		
1596	60	O	8.32	A	-		
1596	61	O	8.32	A	-		
1596	62	O	8.32	T	-		
1596	63	O	8.32	G	-		
1596	64	O	8.32	T	-		
1596	65	O	8.32	A	-		
1596	66	O	8.32	G	-		
1596	67	O	8.32	C	-		
1596	68	O	8.32	C	-		
1596	69	O	8.32	A	-		
1596	70	O	8.32	G	-		
1596	71	O	8.32	T	-		
1596	72	O	8.32	C	-		
1596	73	O	8.32	A	-		
1596	74	O	8.32	G	-		
1596	75	O	8.32	G	-		
1596	76	U	0.71	C	G		
1596	77	O	8.32	C	-		
1596	78	O	8.32	A	-		
1596	79	O	8.32	T	-		
1596	80	O	8.32	C	-		
1596	81	O	8.32	G	-		
1596	82	O	8.32	T	-		
1596	83	O	8.32	T	-		
1596	84	O	8.32	G	-		
1596	85	O	8.32	C	-		
1596	86	O	8.32	G	-		
1596	87	O	8.32	T	-		
1596	88	O	8.32	G	-		
1596	89	O	8.32	T	-		
1596	90	O	8.32	G	-		
1596	91	O	8.32	A	-		
1596	92	O	8.32	C	-		
1596	93	O	8.32	A	-		
1596	94	U	0.71	A	C		
1596	95	O	8.32	T	-		
1596	96	O	8.32	C	-		
1596	97	O	8.32	A	-		
1596	98	O	8.32	T	-		
1596	99	O	8.32	C	-		
1596	100	O	8.32	G	-		
1596	101	O	8.32	G	-		
1596	102	O	8.32	G	-		
1596	103	O	8.32	C	-		
1596	104	O	8.32	G	-		
1596	105	O	8.32	A	-		
1596	106	O	8.32	G	-		
1596	107	O	8.32	C	-		
1596	108	O	8.32	G	-		
1596	109	O	8.32	C	-		
1597	0	O	5.55	C	-		
1597	1	O	5.55	T	-		
1597	2	O	5.55	C	-		
1597	3	O	5.55	T	-		
1597	4	O	5.55	C	-		
1597	5	O	5.55	T	-		
1597	6	O	5.55	C	-		
1597	7	O	5.55	A	-		
1597	8	O	5.55	A	-		
1597	9	O	5.55	T	-		
1597	10	O	5.55	C	-		
1597	11	O	5.55	C	-		
1597	12	O	5.55	T	-		
1597	13	O	5.55	C	-		
1597	14	O	5.55	C	-		
1597	15	O	5.55	C	-		
1597	16	O	5.55	G	-		
1597	17	O	5.55	A	-		
1597	18	O	5.55	C	-		
1597	19	O	5.55	T	-		
1597	20	O	5.55	G	-		
1597	21	O	5.55	C	-		
1597	22	O	5.55	C	-		
1597	23	O	5.55	T	-		
1597	24	O	5.55	T	-		
1597	25	O	5.55	G	-		
1597	26	O	5.55	C	-		
1597	27	O	5.55	A	-		
1597	28	O	5.55	C	-		
1597	29	O	5.55	T	-		
1597	30	O	5.55	C	-		
1597	31	O	5.55	T	-		
1597	32	O	5.55	G	-		
1597	33	O	5.55	C	-		
1597	34	O	5.55	G	-		
1597	35	O	5.55	T	-		
1597	36	O	5.55	T	-		
1597	37	O	5.55	T	-		
1597	38	O	5.55	G	-		
1597	39	O	5.55	G	-		
1597	40	O	5.55	T	-		
1597	41	O	5.55	T	-		
1597	42	O	5.55	T	-		
1597	43	O	5.55	C	-		
1597	44	O	5.55	G	-		
1597	45	O	5.55	T	-		
1597	46	O	5.55	C	-		
1597	47	O	5.55	G	-		
1597	48	O	5.55	T	-		
1597	49	O	5.55	T	-		
1597	50	O	5.55	G	-		
1597	51	O	5.55	C	-		
1597	52	O	5.55	G	-		
1597	53	O	5.55	G	-		
1597	54	O	5.55	C	-		
1597	55	O	5.55	C	-		
1597	56	O	5.55	C	-		
1597	57	O	5.55	T	-		
1597	58	O	5.55	T	-		
1597	59	O	5.55	C	-		
1597	60	O	5.55	G	-		
1597	61	O	5.55	G	-		
1597	62	O	5.55	A	-		
1597	63	O	5.55	C	-		
1597	64	O	5.55	A	-		
1597	65	O	5.55	A	-		
1597	66	O	5.55	T	-		
1597	67	O	5.55	C	-		
1597	68	O	5.55	A	-		
1597	69	O	5.55	C	-		
1597	70	O	5.55	A	-		
1597	71	O	5.55	C	-		
1597	72	O	5.55	C	-		
1597	73	O	5.55	G	-		
1597	74	O	5.55	T	-		
1597	75	O	5.55	C	-		
1597	76	O	5.55	A	-		
1597	77	O	5.55	G	-		
1597	78	O	5.55	T	-		
1597	79	O	5.55	C	-		
1597	80	O	5.55	A	-		
1597	81	O	5.55	T	-		
1597	82	O	5.55	C	-		
1597	83	O	5.55	A	-		
1597	84	O	5.55	T	-		
1597	85	O	5.55	C	-		
1597	86	O	5.55	T	-		
1597	87	O	5.55	C	-		
1597	88	O	5.55	G	-		
1597	89	O	5.55	C	-		
1597	90	O	5.55	T	-		
1597	91	O	5.55	T	-		
1597	92	O	5.55	G	-		
1597	93	O	5.55	C	-		
1597	94	O	5.55	C	-		
1597	95	O	5.55	T	-		
1597	96	O	5.55	A	-		
1597	97	O	5.55	C	-		
1597	98	O	5.55	C	-		
1597	99	O	5.55	G	-		
1597	100	O	5.55	C	-		
1597	101	O	5.55	C	-		
1597	102	O	5.55	T	-		
1597	103	O	5.55	G	-		
1597	104	O	5.55	G	-		
1597	105	O	5.55	C	-		
1597	106	O	5.55	A	-		
1597	107	O	5.55	G	-		
1597	108	O	5.55	T	-		
1597	109	O	5.55	C	-		
1598	0	O	6.93	T	-		
1598	1	O	6.93	T	-		
1598	2	O	6.93	T	-		
1598	3	O	6.93	C	-		
1598	4	O	6.93	T	-		
1598	5	O	6.93	C	-		
1598	6	O	6.93	T	-		
1598	7	O	6.93	C	-		
1598	8	O	6.93	T	-		
1598	9	O	6.93	C	-		
1598	10	O	6.93	T	-		
1598	11	O	6.93	G	-		
1598	12	O	6.93	C	-		
1598	13	O	6.93	G	-		
1598	14	O	6.93	A	-		
1598	15	O	6.93	T	-		
1598	16	O	6.93	A	-		
1598	17	O	6.93	T	-		
1598	18	O	6.93	A	-		
1598	19	O	6.93	T	-		
1598	20	O	6.93	C	-		
1598	21	O	6.93	A	-		
1598	22	O	6.93	T	-		
1598	23	O	6.93	A	-		
1598	24	O	6.93	T	-		
1598	25	O	6.93	A	-		
1598	26	O	6.93	T	-		
1598	27	O	6.93	G	-		
1598	28	O	6.93	C	-		
1598	29	O	6.93	A	-		
1598	30	O	6.93	G	-		
1598	31	O	6.93	A	-		
1598	32	O	6.93	C	-		
1598	33	O	6.93	A	-		
1598	34	O	6.93	T	-		
1598	35	O	6.93	G	-		
1598	36	O	6.93	C	-		
1598	37	O	6.93	A	-		
1598	38	O	6.93	A	-		
1598	39	O	6.93	G	-		
1598	40	U	-0.27	C	G		
1598	41	O	6.93	T	-		
1598	42	U	-0.27	C	A		
1598	43	O	6.93	A	-		
1598	44	O	6.93	A	-		
1598	45	O	6.93	T	-		
1598	46	O	6.93	T	-		
1598	47	O	6.93	C	-		
1598	48	O	6.93	A	-		
1598	49	O	6.93	A	-		
1598	50	O	6.93	C	-		
1598	51	O	6.93	T	-		
1598	52	O	6.93	A	-		
1598	53	O	6.93	T	-		
1598	54	O	6.93	C	-		
1598	55	O	6.93	C	-		
1598	56	O	6.93	T	-		
1598	57	O	6.93	C	-		
1598	58	O	6.93	A	-		
1598	59	O	6.93	A	-		
1598	60	O	6.93	T	-		
1598	61	O	6.93	T	-		
1598	62	O	6.93	T	-		
1598	63	O	6.93	A	-		
1598	64	O	6.93	A	-		
1598	65	O	6.93	T	-		
1598	66	O	6.93	T	-		
1598	67	O	6.93	A	-		
1598	68	O	6.93	C	-		
1598	69	O	6.93	G	-		
1598	70	O	6.93	T	-		
1598	71	O	6.93	T	-		
1598	72	O	6.93	C	-		
1598	73	O	6.93	A	-		
1598	74	O	6.93	T	-		
1598	75	O	6.93	A	-		
1598	76	O	6.93	A	-		
1598	77	O	6.93	A	-		
1598	78	O	6.93	T	-		
1598	79	O	6.93	G	-		
1598	80	O	6.93	T	-		
1598	81	O	6.93	A	-		
1598	82	O	6.93	T	-		
1598	83	O	6.93	A	-		
1598	84	O	6.93	A	-		
1598	85	O	6.93	T	-		
1598	86	O	6.93	A	-		
1598	87	O	6.93	T	-		
1598	88	O	6.93	T	-		
1598	89	O	6.93	A	-		
1598	90	O	6.93	A	-		
1598	91	O	6.93	T	-		
1598	92	O	6.93	A	-		
1598	93	O	6.93	A	-		
1598	94	O	6.93	T	-		
1598	95	O	6.93	C	-		
1598	96	O	6.93	T	-		
1598	97	O	6.93	T	-		
1598	98	O	6.93	A	-		
1598	99	O	6.93	T	-		
1598	100	O	6.93	T	-		
1598	101	O	6.93	T	-		
1598	102	O	6.93	T	-		
1598	103	O	6.93	A	-		
1598	104	O	6.93	T	-		
1598	105	O	6.93	T	-		
1598	106	O	6.93	T	-		
1598	107	O	6.93	T	-		
1598	108	O	6.93	A	-		
1598	109	O	6.93	T	-		
1599	0	O	26.34	T	-		
1599	1	O	26.34	C	-		
1599	2	O	26.34	G	-		
1599	3	O	26.34	A	-		
1599	4	O	26.34	C	-		
1599	5	O	26.34	A	-		
1599	6	O	26.34	A	-		
1599	7	O	26.34	C	-		
1599	8	O	26.34	A	-		
1599	9	O	26.34	G	-		
1599	10	O	26.34	G	-		
1599	11	O	26.34	C	-		
1599	12	O	26.34	T	-		
1599	13	O	26.34	A	-		
1599	14	O	26.34	T	-		
1599	15	O	26.34	G	-		
1599	16	E	-19.72	C	T		
1599	17	O	26.34	T	-		
1599	18	O	26.34	G	-		
1599	19	O	26.34	T	-		
1599	20	O	26.34	C	-		
1599	21	O	26.34	A	-		
1599	22	O	26.34	T	-		
1599	23	O	26.34	G	-		
1599	24	O	26.34	T	-		
1599	25	O	26.34	A	-		
1599	26	O	26.34	C	-		
1599	27	O	26.34	A	-		
1599	28	O	26.34	A	-		
1599	29	O	26.34	C	-		
1599	30	O	26.34	A	-		
1599	31	O	26.34	A	-		
1599	32	O	26.34	T	-		
1599	33	O	26.34	G	-		
1599	34	O	26.34	C	-		
1599	35	O	26.34	C	-		
1599	36	O	26.34	A	-		
1599	37	O	26.34	C	-		
1599	38	O	26.34	A	-		
1599	39	O	26.34	G	-		
1599	40	O	26.34	T	-		
1599	41	O	26.34	C	-		
1599	42	O	26.34	G	-		
1599	43	O	26.34	T	-		
1599	44	O	26.34	C	-		
1599	45	O	26.34	T	-		
1599	46	O	26.34	G	-		
1599	47	O	26.34	G	-		
1599	48	O	26.34	A	-		
1599	49	O	26.34	A	-		
1599	50	O	26.34	G	-		
1599	51	O	26.34	T	-		
1599	52	O	26.34	C	-		
1599	53	O	26.34	T	-		
1599	54	O	26.34	G	-		
1599	55	O	26.34	T	-		
1599	56	O	26.34	C	-		
1599	57	O	26.34	A	-		
1599	58	O	26.34	A	-		
1599	59	O	26.34	G	-		
1599	60	O	26.34	C	-		
1599	61	O	26.34	A	-		
1599	62	O	26.34	G	-		
1599	63	O	26.34	G	-		
1599	64	O	26.34	C	-		
1599	65	O	26.34	A	-		
1599	66	O	26.34	C	-		
1599	67	O	26.34	G	-		
1599	68	O	26.34	T	-		
1599	69	O	26.34	G	-		
1599	70	O	26.34	T	-		
1599	71	O	26.34	C	-		
1599	72	O	26.34	T	-		
1599	73	O	26.34	C	-		
1599	74	O	26.34	T	-		
1599	75	O	26.34	G	-		
1599	76	O	26.34	G	-		
1599	77	O	26.34	C	-		
1599	78	O	16.31	T	-		
1599	79	O	26.34	C	-		
1599	80	O	26.34	A	-		
1599	81	O	26.34	A	-		
1599	82	O	26.34	C	-		
1599	83	O	26.34	C	-		
1599	84	O	26.34	G	-		
1599	85	O	26.34	C	-		
1599	86	O	26.34	A	-		
1599	87	O	26.34	G	-		
1599	88	O	26.34	A	-		
1599	89	O	26.34	G	-		
1599	90	O	26.34	T	-		
1599	91	O	26.34	C	-		
1599	92	O	26.34	A	-		
1599	93	O	26.34	G	-		
1599	94	O	26.34	A	-		
1599	95	O	26.34	A	-		
1599	96	O	26.34	T	-		
1599	97	O	26.34	T	-		
1599	98	O	26.34	C	-		
1599	99	O	26.34	G	-		
1599	100	O	26.34	T	-		
1599	101	O	26.34	C	-		
1599	102	O	26.34	G	-		
1599	103	O	26.34	C	-		
1599	104	O	26.34	A	-		
1599	105	O	26.34	G	-		
1599	106	O	26.34	C	-		
1599	107	O	26.34	A	-		
1599	108	O	26.34	A	-		
1599	109	O	26.34	G	-		
1600	0	O	12.48	T	-		
1600	1	O	12.48	C	-		
1600	2	O	12.48	C	-		
1600	3	O	12.48	A	-		
1600	4	O	12.48	G	-		
1600	5	O	12.48	T	-		
1600	6	O	12.48	T	-		
1600	7	O	12.48	G	-		
1600	8	O	12.48	A	-		
1600	9	O	12.48	T	-		
1600	10	O	12.48	A	-		
1600	11	O	12.48	G	-		
1600	12	O	12.48	G	-		
1600	13	O	12.48	G	-		
1600	14	O	12.48	C	-		
1600	15	O	12.48	A	-		
1600	16	O	12.48	G	-		
1600	17	O	12.48	C	-		
1600	18	O	12.48	C	-		
1600	19	O	12.48	C	-		
1600	20	O	12.48	T	-		
1600	21	O	12.48	C	-		
1600	22	O	12.48	G	-		
1600	23	O	12.48	C	-		
1600	24	O	12.48	C	-		
1600	25	O	12.48	G	-		
1600	26	O	12.48	A	-		
1600	27	O	12.48	A	-		
1600	28	O	12.48	C	-		
1600	29	O	12.48	T	-		
1600	30	O	12.48	C	-		
1600	31	O	12.48	A	-		
1600	32	O	12.48	T	-		
1600	33	O	12.48	C	-		
1600	34	O	12.48	C	-		
1600	35	O	12.48	T	-		
1600	36	O	12.48	T	-		
1600	37	O	12.48	G	-		
1600	38	O	12.48	A	-		
1600	39	O	12.48	A	-		
1600	40	O	12.48	G	-		
1600	41	O	12.48	A	-		
1600	42	O	12.48	T	-		
1600	43	O	12.48	C	-		
1600	44	O	12.48	A	-		
1600	45	O	12.48	A	-		
1600	46	O	12.48	A	-		
1600	47	O	12.48	G	-		
1600	48	O	12.48	C	-		
1600	49	O	12.48	A	-		
1600	50	O	12.48	T	-		
1600	51	O	12.48	C	-		
1600	52	O	12.48	C	-		
1600	53	O	12.48	A	-		
1600	54	O	12.48	G	-		
1600	55	O	12.48	A	-		
1600	56	O	12.48	A	-		
1600	57	O	12.48	T	-		
1600	58	O	12.48	C	-		
1600	59	O	12.48	C	-		
1600	60	O	12.48	G	-		
1600	61	O	12.48	C	-		
1600	62	O	12.48	T	-		
1600	63	O	12.48	G	-		
1600	64	O	12.48	C	-		
1600	65	O	12.48	G	-		
1600	66	O	12.48	C	-		
1600	67	O	12.48	C	-		
1600	68	O	12.48	T	-		
1600	69	O	12.48	C	-		
1600	70	O	12.48	A	-		
1600	71	O	12.48	T	-		
1600	72	O	12.48	C	-		
1600	73	O	12.48	C	-		
1600	74	O	12.48	A	-		
1600	75	O	12.48	C	-		
1600	76	O	12.48	C	-		
1600	77	O	12.48	G	-		
1600	78	O	12.48	A	-		
1600	79	O	12.48	G	-		
1600	80	O	12.48	C	-		
1600	81	O	12.48	G	-		
1600	82	O	12.48	T	-		
1600	83	O	12.48	C	-		
1600	84	O	12.48	C	-		
1600	85	O	12.48	G	-		
1600	86	O	12.48	C	-		
1600	87	O	12.48	C	-		
1600	88	O	12.48	A	-		
1600	89	O	12.48	T	-		
1600	90	O	12.48	C	-		
1600	91	O	12.48	C	-		
1600	92	E	-5.57	G	A		
1600	93	O	12.48	C	-		
1600	94	O	12.48	G	-		
1600	95	O	12.48	T	-		
1600	96	O	12.48	C	-		
1600	97	O	12.48	G	-		
1600	98	O	12.48	T	-		
1600	99	O	12.48	T	-		
1600	100	O	12.48	G	-		
1600	101	O	12.48	A	-		
1600	102	O	12.48	T	-		
1600	103	O	12.48	C	-		
1600	104	O	12.48	G	-		
1600	105	O	12.48	T	-		
1600	106	O	12.48	C	-		
1600	107	O	12.48	A	-		
1600	108	O	12.48	C	-		
1600	109	O	12.48	A	-		
1601	0	O	5.55	C	-		
1601	1	O	5.55	G	-		
1601	2	O	5.55	A	-		
1601	3	O	5.55	G	-		
1601	4	O	5.55	G	-		
1601	5	O	5.55	G	-		
1601	6	O	5.55	A	-		
1601	7	O	5.55	G	-		
1601	8	O	5.55	T	-		
1601	9	O	5.55	G	-		
1601	10	O	5.55	A	-		
1601	11	O	5.55	T	-		
1601	12	O	5.55	C	-		
1601	13	O	5.55	G	-		
1601	14	O	5.55	T	-		
1601	15	O	5.55	T	-		
1601	16	O	5.55	C	-		
1601	17	O	5.55	G	-		
1601	18	O	5.55	A	-		
1601	19	O	5.55	G	-		
1601	20	O	5.55	C	-		
1601	21	O	5.55	C	-		
1601	22	O	5.55	A	-		
1601	23	O	5.55	T	-		
1601	24	O	5.55	G	-		
1601	25	O	5.55	T	-		
1601	26	O	5.55	C	-		
1601	27	O	5.55	C	-		
1601	28	O	5.55	C	-		
1601	29	O	5.55	A	-		
1601	30	O	5.55	C	-		
1601	31	O	5.55	C	-		
1601	32	O	5.55	T	-		
1601	33	O	5.55	A	-		
1601	34	O	5.55	T	-		
1601	35	O	5.55	T	-		
1601	36	O	5.55	C	-		
1601	37	O	5.55	G	-		
1601	38	O	5.55	A	-		
1601	39	O	5.55	A	-		
1601	40	O	5.55	C	-		
1601	41	O	5.55	G	-		
1601	42	O	5.55	A	-		
1601	43	O	5.55	T	-		
1601	44	O	5.55	T	-		
1601	45	O	5.55	T	-		
1601	46	O	5.55	G	-		
1601	47	O	5.55	A	-		
1601	48	O	5.55	A	-		
1601	49	O	5.55	G	-		
1601	50	O	5.55	A	-		
1601	51	O	5.55	A	-		
1601	52	O	5.55	G	-		
1601	53	O	5.55	A	-		
1601	54	O	5.55	C	-		
1601	55	O	5.55	C	-		
1601	56	O	5.55	G	-		
1601	57	O	5.55	C	-		
1601	58	O	5.55	G	-		
1601	59	O	5.55	A	-		
1601	60	O	5.55	C	-		
1601	61	O	5.55	A	-		
1601	62	O	5.55	C	-		
1601	63	O	5.55	G	-		
1601	64	O	5.55	C	-		
1601	65	O	5.55	A	-		
1601	66	O	5.55	C	-		
1601	67	O	5.55	G	-		
1601	68	O	5.55	A	-		
1601	69	O	5.55	C	-		
1601	70	O	5.55	T	-		
1601	71	O	5.55	A	-		
1601	72	O	5.55	C	-		
1601	73	O	5.55	T	-		
1601	74	O	5.55	A	-		
1601	75	O	5.55	C	-		
1601	76	O	5.55	G	-		
1601	77	O	5.55	T	-		
1601	78	O	5.55	C	-		
1601	79	O	5.55	G	-		
1601	80	O	5.55	A	-		
1601	81	O	5.55	A	-		
1601	82	O	5.55	C	-		
1601	83	O	5.55	T	-		
1601	84	O	5.55	A	-		
1601	85	O	5.55	T	-		
1601	86	O	5.55	C	-		
1601	87	O	5.55	A	-		
1601	88	O	5.55	T	-		
1601	89	O	5.55	T	-		
1601	90	O	5.55	C	-		
1601	91	O	5.55	T	-		
1601	92	O	5.55	G	-		
1601	93	O	5.55	C	-		
1601	94	O	5.55	G	-		
1601	95	O	5.55	A	-		
1601	96	O	5.55	A	-		
1601	97	O	5.55	C	-		
1601	98	O	5.55	T	-		
1601	99	O	5.55	C	-		
1601	100	O	5.55	T	-		
1601	101	O	5.55	A	-		
1601	102	O	5.55	C	-		
1601	103	O	5.55	A	-		
1601	104	O	5.55	A	-		
1601	105	O	5.55	T	-		
1601	106	O	5.55	G	-		
1601	107	O	5.55	A	-		
1601	108	O	5.55	G	-		
1601	109	O	5.55	C	-		
1602	0	O	11.09	C	-		
1602	1	O	11.09	C	-		
1602	2	O	11.09	G	-		
1602	3	O	11.09	A	-		
1602	4	O	11.09	A	-		
1602	5	O	11.09	T	-		
1602	6	O	11.09	C	-		
1602	7	O	11.09	C	-		
1602	8	O	11.09	A	-		
1602	9	O	11.09	T	-		
1602	10	O	11.09	C	-		
1602	11	O	11.09	A	-		
1602	12	O	11.09	A	-		
1602	13	O	11.09	G	-		
1602	14	O	11.09	G	-		
1602	15	O	11.09	C	-		
1602	16	O	11.09	G	-		
1602	17	O	11.09	A	-		
1602	18	O	11.09	T	-		
1602	19	O	11.09	G	-		
1602	20	O	11.09	T	-		
1602	21	O	11.09	G	-		
1602	22	O	11.09	A	-		
1602	23	O	11.09	G	-		
1602	24	O	11.09	C	-		
1602	25	O	11.09	C	-		
1602	26	O	11.09	T	-		
1602	27	O	11.09	T	-		
1602	28	O	11.09	A	-		
1602	29	O	11.09	T	-		
1602	30	O	11.09	T	-		
1602	31	O	11.09	A	-		
1602	32	O	11.09	A	-		
1602	33	O	11.09	A	-		
1602	34	O	11.09	A	-		
1602	35	O	11.09	A	-		
1602	36	O	11.09	A	-		
1602	37	O	11.09	A	-		
1602	38	O	11.09	T	-		
1602	39	O	11.09	A	-		
1602	40	O	11.09	T	-		
1602	41	O	11.09	A	-		
1602	42	O	11.09	G	-		
1602	43	O	11.09	T	-		
1602	44	O	11.09	G	-		
1602	45	O	11.09	C	-		
1602	46	O	11.09	G	-		
1602	47	O	11.09	A	-		
1602	48	O	11.09	T	-		
1602	49	O	11.09	G	-		
1602	50	O	11.09	C	-		
1602	51	O	11.09	C	-		
1602	52	O	11.09	G	-		
1602	53	O	11.09	T	-		
1602	54	O	11.09	T	-		
1602	55	O	11.09	G	-		
1602	56	O	11.09	T	-		
1602	57	O	11.09	T	-		
1602	58	O	11.09	A	-		
1602	59	O	11.09	G	-		
1602	60	O	11.09	G	-		
1602	61	O	11.09	C	-		
1602	62	O	11.09	G	-		
1602	63	O	11.09	A	-		
1602	64	O	11.09	A	-		
1602	65	O	11.09	A	-		
1602	66	O	11.09	G	-		
1602	67	O	11.09	C	-		
1602	68	O	11.09	A	-		
1602	69	O	11.09	G	-		
1602	70	O	11.09	G	-		
1602	71	O	11.09	A	-		
1602	72	O	11.09	G	-		
1602	73	O	11.09	G	-		
1602	74	O	11.09	A	-		
1602	75	O	11.09	A	-		
1602	76	O	11.09	C	-		
1602	77	O	11.09	A	-		
1602	78	O	11.09	T	-		
1602	79	O	11.09	G	-		
1602	80	O	11.09	C	-		
1602	81	O	11.09	T	-		
1602	82	O	11.09	C	-		
1602	83	O	11.09	T	-		
1602	84	O	11.09	A	-		
1602	85	O	11.09	A	-		
1602	86	O	11.09	G	-		
1602	87	O	11.09	C	-		
1602	88	O	11.09	A	-		
1602	89	O	11.09	T	-		
1602	90	O	11.09	G	-		
1602	91	O	11.09	A	-		
1602	92	O	11.09	G	-		
1602	93	O	11.09	C	-		
1602	94	O	11.09	G	-		
1602	95	O	11.09	A	-		
1602	96	O	11.09	T	-		
1602	97	O	11.09	A	-		
1602	98	O	11.09	T	-		
1602	99	O	11.09	C	-		
1602	100	O	11.09	C	-		
1602	101	O	11.09	A	-		
1602	102	O	11.09	A	-		
1602	103	O	11.09	G	-		
1602	104	O	11.09	C	-		
1602	105	O	11.09	G	-		
1602	106	O	11.09	T	-		
1602	107	O	11.09	G	-		
1602	108	O	11.09	A	-		
1602	109	O	11.09	G	-		
1603	0	O	5.55	T	-		
1603	1	O	5.55	C	-		
1603	2	O	5.55	A	-		
1603	3	O	5.55	T	-		
1603	4	O	5.55	C	-		
1603	5	O	5.55	C	-		
1603	6	O	5.55	T	-		
1603	7	O	5.55	T	-		
1603	8	O	5.55	G	-		
1603	9	O	5.55	T	-		
1603	10	O	5.55	G	-		
1603	11	O	5.55	C	-		
1603	12	O	5.55	A	-		
1603	13	O	5.55	G	-		
1603	14	O	5.55	T	-		
1603	15	O	5.55	G	-		
1603	16	O	5.55	G	-		
1603	17	O	5.55	G	-		
1603	18	O	5.55	A	-		
1603	19	O	5.55	T	-		
1603	20	O	5.55	C	-		
1603	21	O	5.55	A	-		
1603	22	O	5.55	G	-		
1603	23	O	5.55	T	-		
1603	24	O	5.55	A	-		
1603	25	O	5.55	C	-		
1603	26	O	5.55	A	-		
1603	27	O	5.55	T	-		
1603	28	O	5.55	T	-		
1603	29	O	5.55	G	-		
1603	30	O	5.55	C	-		
1603	31	O	5.55	T	-		
1603	32	O	5.55	A	-		
1603	33	O	5.55	T	-		
1603	34	O	5.55	T	-		
1603	35	O	5.55	G	-		
1603	36	O	5.55	T	-		
1603	37	O	5.55	A	-		
1603	38	O	5.55	C	-		
1603	39	O	5.55	A	-		
1603	40	O	5.55	G	-		
1603	41	O	5.55	G	-		
1603	42	O	5.55	A	-		
1603	43	O	5.55	C	-		
1603	44	O	5.55	C	-		
1603	45	O	5.55	A	-		
1603	46	O	5.55	G	-		
1603	47	O	5.55	G	-		
1603	48	O	5.55	C	-		
1603	49	O	5.55	T	-		
1603	50	O	5.55	C	-		
1603	51	O	5.55	G	-		
1603	52	O	5.55	C	-		
1603	53	O	5.55	G	-		
1603	54	O	5.55	A	-		
1603	55	O	5.55	G	-		
1603	56	O	5.55	T	-		
1603	57	O	5.55	T	-		
1603	58	O	5.55	G	-		
1603	59	O	5.55	C	-		
1603	60	O	5.55	T	-		
1603	61	O	5.55	G	-		
1603	62	O	5.55	G	-		
1603	63	O	5.55	T	-		
1603	64	O	5.55	C	-		
1603	65	O	5.55	C	-		
1603	66	O	5.55	A	-		
1603	67	O	5.55	C	-		
1603	68	O	5.55	C	-		
1603	69	O	5.55	T	-		
1603	70	O	5.55	C	-		
1603	71	O	5.55	A	-		
1603	72	O	5.55	T	-		
1603	73	O	5.55	A	-		
1603	74	O	5.55	C	-		
1603	75	O	5.55	A	-		
1603	76	O	5.55	C	-		
1603	77	O	5.55	G	-		
1603	78	O	5.55	A	-		
1603	79	O	5.55	A	-		
1603	80	O	5.55	C	-		
1603	81	O	5.55	T	-		
1603	82	O	5.55	T	-		
1603	83	O	5.55	G	-		
1603	84	O	5.55	T	-		
1603	85	O	5.55	C	-		
1603	86	O	5.55	A	-		
1603	87	O	5.55	T	-		
1603	88	O	5.55	A	-		
1603	89	O	5.55	T	-		
1603	90	O	5.55	C	-		
1603	91	O	5.55	A	-		
1603	92	O	5.55	C	-		
1603	93	O	5.55	A	-		
1603	94	O	5.55	G	-		
1603	95	O	5.55	A	-		
1603	96	O	5.55	T	-		
1603	97	O	5.55	T	-		
1603	98	O	5.55	G	-		
1603	99	O	5.55	A	-		
1603	100	O	5.55	G	-		
1603	101	O	5.55	C	-		
1603	102	O	5.55	C	-		
1603	103	O	5.55	T	-		
1603	104	O	5.55	G	-		
1603	105	O	5.55	G	-		
1603	106	O	5.55	A	-		
1603	107	O	5.55	A	-		
1603	108	O	5.55	G	-		
1603	109	O	5.55	C	-		
1604	0	O	9.70	A	-		
1604	1	O	9.70	G	-		
1604	2	O	9.70	G	-		
1604	3	O	9.70	A	-		
1604	4	O	9.70	G	-		
1604	5	O	9.70	T	-		
1604	6	O	9.70	T	-		
1604	7	O	9.70	C	-		
1604	8	O	9.70	G	-		
1604	9	O	9.70	G	-		
1604	10	O	9.70	G	-		
1604	11	O	9.70	T	-		
1604	12	O	9.70	A	-		
1604	13	O	9.70	C	-		
1604	14	O	9.70	C	-		
1604	15	O	9.70	A	-		
1604	16	O	9.70	G	-		
1604	17	O	9.70	A	-		
1604	18	O	9.70	C	-		
1604	19	O	9.70	G	-		
1604	20	O	9.70	C	-		
1604	21	O	9.70	G	-		
1604	22	O	9.70	C	-		
1604	23	O	9.70	C	-		
1604	24	O	9.70	T	-		
1604	25	O	9.70	G	-		
1604	26	O	9.70	G	-		
1604	27	O	9.70	C	-		
1604	28	O	9.70	G	-		
1604	29	O	9.70	C	-		
1604	30	O	9.70	G	-		
1604	31	O	9.70	C	-		
1604	32	O	9.70	C	-		
1604	33	O	9.70	T	-		
1604	34	O	9.70	G	-		
1604	35	O	9.70	T	-		
1604	36	O	9.70	G	-		
1604	37	O	9.70	C	-		
1604	38	O	9.70	C	-		
1604	39	O	9.70	T	-		
1604	40	O	9.70	G	-		
1604	41	O	9.70	A	-		
1604	42	O	9.70	G	-		
1604	43	O	9.70	C	-		
1604	44	O	9.70	G	-		
1604	45	O	9.70	A	-		
1604	46	O	9.70	C	-		
1604	47	O	9.70	C	-		
1604	48	O	9.70	T	-		
1604	49	O	9.70	C	-		
1604	50	O	9.70	A	-		
1604	51	O	9.70	C	-		
1604	52	O	9.70	C	-		
1604	53	O	9.70	T	-		
1604	54	O	9.70	T	-		
1604	55	O	9.70	C	-		
1604	56	O	9.70	C	-		
1604	57	O	9.70	A	-		
1604	58	O	9.70	G	-		
1604	59	O	9.70	A	-		
1604	60	O	9.70	G	-		
1604	61	O	9.70	C	-		
1604	62	O	9.70	T	-		
1604	63	O	9.70	A	-		
1604	64	O	9.70	C	-		
1604	65	O	9.70	A	-		
1604	66	O	9.70	C	-		
1604	67	O	9.70	G	-		
1604	68	O	9.70	G	-		
1604	69	O	9.70	A	-		
1604	70	O	9.70	G	-		
1604	71	O	9.70	A	-		
1604	72	O	9.70	T	-		
1604	73	O	9.70	G	-		
1604	74	O	9.70	A	-		
1604	75	O	9.70	C	-		
1604	76	O	9.70	G	-		
1604	77	O	9.70	C	-		
1604	78	O	9.70	T	-		
1604	79	O	9.70	A	-		
1604	80	O	9.70	G	-		
1604	81	O	9.70	A	-		
1604	82	O	9.70	G	-		
1604	83	O	9.70	T	-		
1604	84	O	9.70	G	-		
1604	85	O	9.70	T	-		
1604	86	O	9.70	C	-		
1604	87	O	9.70	G	-		
1604	88	O	9.70	C	-		
1604	89	O	9.70	C	-		
1604	90	O	9.70	A	-		
1604	91	O	9.70	G	-		
1604	92	O	9.70	G	-		
1604	93	O	9.70	C	-		
1604	94	O	9.70	G	-		
1604	95	O	9.70	C	-		
1604	96	O	9.70	A	-		
1604	97	O	9.70	G	-		
1604	98	O	9.70	G	-		
1604	99	O	9.70	T	-		
1604	100	O	9.70	T	-		
1604	101	O	9.70	A	-		
1604	102	O	9.70	A	-		
1604	103	O	9.70	T	-		
1604	104	U	1.77	T	A		
1604	105	O	9.70	A	-		
1604	106	O	9.70	C	-		
1604	107	O	9.70	A	-		
1604	108	O	9.70	A	-		
1604	109	O	9.70	C	-		
1605	0	O	12.48	T	-		
1605	1	O	12.48	G	-		
1605	2	O	12.48	C	-		
1605	3	O	12.48	C	-		
1605	4	O	12.48	G	-		
1605	5	O	12.48	C	-		
1605	6	O	12.48	T	-		
1605	7	O	12.48	C	-		
1605	8	O	12.48	T	-		
1605	9	O	12.48	G	-		
1605	10	O	12.48	G	-		
1605	11	O	12.48	G	-		
1605	12	O	12.48	C	-		
1605	13	O	12.48	G	-		
1605	14	O	12.48	G	-		
1605	15	O	12.48	G	-		
1605	16	O	12.48	G	-		
1605	17	O	12.48	C	-		
1605	18	O	12.48	T	-		
1605	19	O	12.48	C	-		
1605	20	O	12.48	G	-		
1605	21	O	12.48	C	-		
1605	22	O	12.48	G	-		
1605	23	O	12.48	C	-		
1605	24	O	12.48	A	-		
1605	25	O	12.48	T	-		
1605	26	O	12.48	C	-		
1605	27	O	12.48	A	-		
1605	28	O	12.48	G	-		
1605	29	O	12.48	G	-		
1605	30	O	12.48	T	-		
1605	31	O	12.48	C	-		
1605	32	O	12.48	T	-		
1605	33	O	12.48	T	-		
1605	34	O	12.48	C	-		
1605	35	O	12.48	G	-		
1605	36	O	12.48	C	-		
1605	37	O	12.48	C	-		
1605	38	O	12.48	A	-		
1605	39	O	12.48	T	-		
1605	40	O	12.48	G	-		
1605	41	O	12.48	G	-		
1605	42	O	12.48	C	-		
1605	43	O	12.48	G	-		
1605	44	O	12.48	G	-		
1605	45	O	12.48	T	-		
1605	46	O	12.48	G	-		
1605	47	O	12.48	C	-		
1605	48	O	12.48	T	-		
1605	49	O	12.48	G	-		
1605	50	O	12.48	A	-		
1605	51	O	12.48	T	-		
1605	52	O	12.48	C	-		
1605	53	O	12.48	A	-		
1605	54	O	12.48	T	-		
1605	55	O	12.48	G	-		
1605	56	O	12.48	G	-		
1605	57	O	12.48	C	-		
1605	58	O	12.48	G	-		
1605	59	O	12.48	A	-		
1605	60	O	12.48	C	-		
1605	61	O	12.48	C	-		
1605	62	O	12.48	G	-		
1605	63	O	12.48	T	-		
1605	64	O	12.48	C	-		
1605	65	O	12.48	C	-		
1605	66	O	12.48	A	-		
1605	67	O	12.48	T	-		
1605	68	O	12.48	G	-		
1605	69	O	12.48	C	-		
1605	70	O	12.48	C	-		
1605	71	O	12.48	C	-		
1605	72	O	12.48	G	-		
1605	73	O	12.48	C	-		
1605	74	O	12.48	C	-		
1605	75	O	12.48	T	-		
1605	76	O	12.48	C	-		
1605	77	O	12.48	A	-		
1605	78	O	12.48	G	-		
1605	79	O	12.48	C	-		
1605	80	O	12.48	C	-		
1605	81	O	12.48	T	-		
1605	82	O	12.48	G	-		
1605	83	O	12.48	G	-		
1605	84	O	12.48	G	-		
1605	85	O	12.48	C	-		
1605	86	O	12.48	G	-		
1605	87	O	12.48	T	-		
1605	88	O	12.48	G	-		
1605	89	O	12.48	C	-		
1605	90	O	12.48	C	-		
1605	91	O	12.48	C	-		
1605	92	O	12.48	G	-		
1605	93	O	12.48	C	-		
1605	94	O	12.48	G	-		
1605	95	O	12.48	G	-		
1605	96	O	12.48	C	-		
1605	97	O	12.48	T	-		
1605	98	O	12.48	T	-		
1605	99	O	12.48	C	-		
1605	100	O	12.48	C	-		
1605	101	O	12.48	G	-		
1605	102	O	12.48	C	-		
1605	103	O	12.48	G	-		
1605	104	O	12.48	C	-		
1605	105	O	12.48	C	-		
1605	106	O	12.48	C	-		
1605	107	O	12.48	G	-		
1605	108	O	12.48	A	-		
1605	109	O	12.48	G	-		
1606	0	O	5.55	A	-		
1606	1	O	5.55	G	-		
1606	2	O	5.55	A	-		
1606	3	O	5.55	A	-		
1606	4	O	5.55	G	-		
1606	5	O	5.55	A	-		
1606	6	O	5.55	C	-		
1606	7	O	5.55	A	-		
1606	8	O	5.55	G	-		
1606	9	O	5.55	G	-		
1606	10	O	5.55	A	-		
1606	11	O	5.55	G	-		
1606	12	O	5.55	G	-		
1606	13	O	5.55	G	-		
1606	14	O	5.55	A	-		
1606	15	O	5.55	G	-		
1606	16	O	5.55	T	-		
1606	17	O	5.55	C	-		
1606	18	O	5.55	T	-		
1606	19	O	5.55	G	-		
1606	20	O	5.55	T	-		
1606	21	O	5.55	T	-		
1606	22	O	5.55	C	-		
1606	23	O	5.55	G	-		
1606	24	O	5.55	G	-		
1606	25	O	5.55	A	-		
1606	26	O	5.55	G	-		
1606	27	O	5.55	G	-		
1606	28	O	5.55	C	-		
1606	29	O	5.55	G	-		
1606	30	O	5.55	C	-		
1606	31	O	5.55	C	-		
1606	32	O	5.55	A	-		
1606	33	O	5.55	C	-		
1606	34	O	5.55	G	-		
1606	35	O	5.55	C	-		
1606	36	O	5.55	C	-		
1606	37	O	5.55	C	-		
1606	38	O	5.55	G	-		
1606	39	O	5.55	C	-		
1606	40	O	5.55	G	-		
1606	41	O	5.55	C	-		
1606	42	O	5.55	C	-		
1606	43	O	5.55	G	-		
1606	44	O	5.55	A	-		
1606	45	O	5.55	G	-		
1606	46	O	5.55	T	-		
1606	47	O	5.55	G	-		
1606	48	O	5.55	G	-		
1606	49	O	5.55	A	-		
1606	50	O	5.55	A	-		
1606	51	O	5.55	C	-		
1606	52	O	5.55	C	-		
1606	53	O	5.55	A	-		
1606	54	O	5.55	G	-		
1606	55	O	5.55	C	-		
1606	56	O	5.55	A	-		
1606	57	O	5.55	C	-		
1606	58	O	5.55	A	-		
1606	59	O	5.55	C	-		
1606	60	O	5.55	C	-		
1606	61	O	5.55	C	-		
1606	62	O	5.55	C	-		
1606	63	O	5.55	T	-		
1606	64	O	5.55	C	-		
1606	65	O	5.55	G	-		
1606	66	O	5.55	G	-		
1606	67	O	5.55	T	-		
1606	68	O	5.55	G	-		
1606	69	O	5.55	G	-		
1606	70	O	5.55	T	-		
1606	71	O	5.55	G	-		
1606	72	O	5.55	G	-		
1606	73	O	5.55	A	-		
1606	74	O	5.55	T	-		
1606	75	O	5.55	T	-		
1606	76	O	5.55	C	-		
1606	77	O	5.55	A	-		
1606	78	O	5.55	G	-		
1606	79	O	5.55	T	-		
1606	80	O	5.55	T	-		
1606	81	O	5.55	T	-		
1606	82	O	5.55	C	-		
1606	83	O	5.55	G	-		
1606	84	O	5.55	G	-		
1606	85	O	5.55	A	-		
1606	86	O	5.55	C	-		
1606	87	O	5.55	A	-		
1606	88	O	5.55	G	-		
1606	89	O	5.55	A	-		
1606	90	O	5.55	A	-		
1606	91	O	5.55	G	-		
1606	92	O	5.55	A	-		
1606	93	O	5.55	A	-		
1606	94	O	5.55	G	-		
1606	95	O	5.55	G	-		
1606	96	O	5.55	A	-		
1606	97	O	5.55	A	-		
1606	98	O	5.55	G	-		
1606	99	O	5.55	A	-		
1606	100	O	5.55	G	-		
1606	101	O	5.55	C	-		
1606	102	O	5.55	C	-		
1606	103	O	5.55	C	-		
1606	104	O	5.55	A	-		
1606	105	O	5.55	A	-		
1606	106	O	5.55	G	-		
1606	107	O	5.55	C	-		
1606	108	O	5.55	A	-		
1606	109	O	5.55	A	-		
1607	0	O	16.64	G	-		
1607	1	O	16.64	C	-		
1607	2	O	16.64	A	-		
1607	3	O	16.64	G	-		
1607	4	O	16.64	G	-		
1607	5	O	16.64	C	-		
1607	6	O	16.64	G	-		
1607	7	O	16.64	A	-		
1607	8	O	16.64	G	-		
1607	9	O	16.64	C	-		
1607	10	O	16.64	A	-		
1607	11	O	16.64	G	-		
1607	12	O	16.64	G	-		
1607	13	O	16.64	C	-		
1607	14	O	16.64	A	-		
1607	15	O	16.64	A	-		
1607	16	O	16.64	C	-		
1607	17	O	16.64	T	-		
1607	18	O	16.64	G	-		
1607	19	O	16.64	G	-		
1607	20	O	16.64	T	-		
1607	21	O	16.64	T	-		
1607	22	O	16.64	T	-		
1607	23	O	16.64	C	-		
1607	24	O	16.64	T	-		
1607	25	O	16.64	C	-		
1607	26	O	16.64	T	-		
1607	27	O	16.64	G	-		
1607	28	O	16.64	C	-		
1607	29	O	16.64	G	-		
1607	30	O	16.64	C	-		
1607	31	O	16.64	G	-		
1607	32	O	16.64	A	-		
1607	33	O	16.64	A	-		
1607	34	O	16.64	A	-		
1607	35	O	16.64	T	-		
1607	36	O	16.64	T	-		
1607	37	O	16.64	T	-		
1607	38	O	16.64	G	-		
1607	39	O	16.64	A	-		
1607	40	O	16.64	T	-		
1607	41	O	16.64	G	-		
1607	42	O	16.64	C	-		
1607	43	O	16.64	C	-		
1607	44	O	16.64	G	-		
1607	45	O	16.64	C	-		
1607	46	O	16.64	T	-		
1607	47	O	16.64	T	-		
1607	48	O	16.64	G	-		
1607	49	O	16.64	A	-		
1607	50	O	16.64	A	-		
1607	51	O	16.64	T	-		
1607	52	O	16.64	G	-		
1607	53	O	16.64	G	-		
1607	54	O	16.64	T	-		
1607	55	O	16.64	A	-		
1607	56	O	16.64	T	-		
1607	57	O	16.64	A	-		
1607	58	O	16.64	T	-		
1607	59	O	16.64	C	-		
1607	60	O	16.64	T	-		
1607	61	O	16.64	C	-		
1607	62	O	16.64	T	-		
1607	63	O	16.64	G	-		
1607	64	O	16.64	T	-		
1607	65	O	16.64	T	-		
1607	66	O	16.64	A	-		
1607	67	O	16.64	C	-		
1607	68	O	16.64	C	-		
1607	69	O	16.64	A	-		
1607	70	O	16.64	A	-		
1607	71	O	16.64	A	-		
1607	72	O	16.64	T	-		
1607	73	O	16.64	A	-		
1607	74	O	16.64	C	-		
1607	75	O	16.64	A	-		
1607	76	O	16.64	T	-		
1607	77	O	16.64	A	-		
1607	78	O	16.64	A	-		
1607	79	O	16.64	A	-		
1607	80	O	16.64	C	-		
1607	81	O	16.64	A	-		
1607	82	O	16.64	A	-		
1607	83	O	16.64	A	-		
1607	84	O	16.64	T	-		
1607	85	O	16.64	T	-		
1607	86	O	16.64	A	-		
1607	87	O	16.64	T	-		
1607	88	O	16.64	A	-		
1607	89	O	16.64	A	-		
1607	90	O	16.64	C	-		
1607	91	O	16.64	A	-		
1607	92	O	16.64	T	-		
1607	93	O	16.64	T	-		
1607	94	O	16.64	A	-		
1607	95	O	16.64	T	-		
1607	96	O	16.64	G	-		
1607	97	O	16.64	A	-		
1607	98	O	16.64	C	-		
1607	99	O	16.64	T	-		
1607	100	O	16.64	A	-		
1607	101	O	16.64	C	-		
1607	102	O	16.64	A	-		
1607	103	O	16.64	T	-		
1607	104	O	16.64	A	-		
1607	105	O	16.64	A	-		
1607	106	O	16.64	A	-		
1607	107	O	16.64	C	-		
1607	108	O	16.64	A	-		
1607	109	O	16.64	A	-		
1608	0	O	5.55	C	-		
1608	1	O	5.55	A	-		
1608	2	O	5.55	A	-		
1608	3	O	5.55	T	-		
1608	4	O	5.55	T	-		
1608	5	O	5.55	G	-		
1608	6	O	5.55	A	-		
1608	7	O	5.55	A	-		
1608	8	O	5.55	A	-		
1608	9	O	5.55	C	-		
1608	10	O	5.55	A	-		
1608	11	O	5.55	T	-		
1608	12	O	5.55	G	-		
1608	13	O	5.55	C	-		
1608	14	O	5.55	C	-		
1608	15	O	5.55	G	-		
1608	16	O	5.55	T	-		
1608	17	O	5.55	G	-		
1608	18	O	5.55	A	-		
1608	19	O	5.55	T	-		
1608	20	O	5.55	A	-		
1608	21	O	5.55	T	-		
1608	22	O	5.55	G	-		
1608	23	O	5.55	T	-		
1608	24	O	5.55	A	-		
1608	25	O	5.55	C	-		
1608	26	O	5.55	A	-		
1608	27	O	5.55	A	-		
1608	28	O	5.55	A	-		
1608	29	O	5.55	T	-		
1608	30	O	5.55	T	-		
1608	31	O	5.55	C	-		
1608	32	O	5.55	G	-		
1608	33	O	5.55	G	-		
1608	34	O	5.55	C	-		
1608	35	O	5.55	C	-		
1608	36	O	5.55	C	-		
1608	37	O	5.55	A	-		
1608	38	O	5.55	C	-		
1608	39	O	5.55	T	-		
1608	40	O	5.55	C	-		
1608	41	O	5.55	G	-		
1608	42	O	5.55	G	-		
1608	43	O	5.55	T	-		
1608	44	O	5.55	A	-		
1608	45	O	5.55	C	-		
1608	46	O	5.55	A	-		
1608	47	O	5.55	T	-		
1608	48	O	5.55	C	-		
1608	49	O	5.55	T	-		
1608	50	O	5.55	C	-		
1608	51	O	5.55	G	-		
1608	52	O	5.55	C	-		
1608	53	O	5.55	A	-		
1608	54	O	5.55	C	-		
1608	55	O	5.55	A	-		
1608	56	O	5.55	C	-		
1608	57	O	5.55	A	-		
1608	58	O	5.55	T	-		
1608	59	O	5.55	C	-		
1608	60	O	5.55	C	-		
1608	61	O	5.55	A	-		
1608	62	O	5.55	A	-		
1608	63	O	5.55	G	-		
1608	64	O	5.55	A	-		
1608	65	O	5.55	C	-		
1608	66	O	5.55	C	-		
1608	67	O	5.55	G	-		
1608	68	O	5.55	T	-		
1608	69	O	5.55	G	-		
1608	70	O	5.55	A	-		
1608	71	O	5.55	T	-		
1608	72	O	5.55	C	-		
1608	73	O	5.55	G	-		
1608	74	O	5.55	G	-		
1608	75	O	5.55	C	-		
1608	76	O	5.55	G	-		
1608	77	O	5.55	G	-		
1608	78	O	5.55	G	-		
1608	79	O	5.55	C	-		
1608	80	O	5.55	C	-		
1608	81	O	5.55	T	-		
1608	82	O	5.55	T	-		
1608	83	O	5.55	T	-		
1608	84	O	5.55	C	-		
1608	85	O	5.55	T	-		
1608	86	O	5.55	C	-		
1608	87	O	5.55	C	-		
1608	88	O	5.55	A	-		
1608	89	O	5.55	T	-		
1608	90	O	5.55	C	-		
1608	91	O	5.55	G	-		
1608	92	O	5.55	T	-		
1608	93	O	5.55	G	-		
1608	94	O	5.55	C	-		
1608	95	O	5.55	C	-		
1608	96	O	5.55	T	-		
1608	97	O	5.55	C	-		
1608	98	O	5.55	G	-		
1608	99	O	5.55	C	-		
1608	100	O	5.55	G	-		
1608	101	O	5.55	T	-		
1608	102	O	5.55	G	-		
1608	103	O	5.55	C	-		
1608	104	O	5.55	T	-		
1608	105	O	5.55	G	-		
1608	106	O	5.55	T	-		
1608	107	O	5.55	A	-		
1608	108	O	5.55	T	-		
1608	109	O	5.55	T	-		
1609	0	O	9.70	C	-		
1609	1	O	9.70	T	-		
1609	2	O	9.70	C	-		
1609	3	O	9.70	G	-		
1609	4	O	9.70	A	-		
1609	5	O	9.70	C	-		
1609	6	O	9.70	A	-		
1609	7	O	9.70	T	-		
1609	8	O	9.70	T	-		
1609	9	O	9.70	G	-		
1609	10	O	9.70	C	-		
1609	11	O	9.70	C	-		
1609	12	O	9.70	A	-		
1609	13	O	9.70	C	-		
1609	14	O	9.70	G	-		
1609	15	O	9.70	A	-		
1609	16	O	9.70	A	-		
1609	17	O	9.70	G	-		
1609	18	O	9.70	G	-		
1609	19	O	9.70	C	-		
1609	20	O	9.70	A	-		
1609	21	U	1.77	C	A		
1609	22	U	1.77	T	A		
1609	23	O	9.70	C	-		
1609	24	U	0.00	-	-		
1609	25	U	0.00	-	-		
1609	26	U	0.00	-	-		
1609	27	U	0.00	-	-		
1609	28	U	0.00	-	-		
1609	29	U	0.00	-	-		
1609	30	U	0.00	-	-		
1609	31	U	0.00	-	-		
1609	32	O	9.70	C	-		
1609	33	O	9.70	T	-		
1609	34	O	9.70	C	-		
1609	35	O	9.70	A	-		
1609	36	O	9.70	G	-		
1609	37	O	9.70	C	-		
1609	38	O	9.70	A	-		
1609	39	O	9.70	C	-		
1609	40	O	9.70	C	-		
1609	41	O	9.70	G	-		
1609	42	O	9.70	G	-		
1609	43	U	1.77	G	C		
1609	44	O	9.70	G	-		
1609	45	O	9.70	C	-		
1609	46	O	9.70	G	-		
1609	47	O	9.70	T	-		
1609	48	O	9.70	A	-		
1609	49	O	9.70	T	-		
1609	50	O	9.70	C	-		
1609	51	O	9.70	C	-		
1609	52	O	9.70	A	-		
1609	53	O	9.70	T	-		
1609	54	O	9.70	A	-		
1609	55	O	9.70	C	-		
1609	56	O	9.70	T	-		
1609	57	O	9.70	G	-		
1609	58	O	9.70	A	-		
1609	59	O	9.70	A	-		
1609	60	O	9.70	T	-		
1609	61	O	9.70	A	-		
1609	62	O	9.70	C	-		
1609	63	O	9.70	A	-		
1609	64	O	9.70	C	-		
1609	65	O	9.70	C	-		
1609	66	O	9.70	T	-		
1609	67	O	9.70	C	-		
1609	68	O	9.70	G	-		
1609	69	O	9.70	T	-		
1609	70	O	9.70	T	-		
1609	71	O	9.70	C	-		
1609	72	O	9.70	T	-		
1609	73	O	9.70	T	-		
1609	74	O	9.70	C	-		
1609	75	O	9.70	A	-		
1609	76	O	9.70	A	-		
1609	77	O	9.70	G	-		
1609	78	O	9.70	C	-		
1609	79	O	9.70	T	-		
1609	80	O	9.70	C	-		
1609	81	O	9.70	A	-		
1609	82	O	9.70	A	-		
1609	83	O	9.70	A	-		
1609	84	O	9.70	C	-		
1609	85	O	9.70	A	-		
1609	86	U	1.77	G	C		
1609	87	O	9.70	G	-		
1609	88	O	9.70	T	-		
1609	89	O	9.70	C	-		
1609	90	O	9.70	G	-		
1609	91	O	9.70	A	-		
1609	92	O	9.70	G	-		
1609	93	O	9.70	T	-		
1609	94	O	9.70	A	-		
1609	95	O	9.70	T	-		
1609	96	O	9.70	G	-		
1609	97	O	9.70	T	-		
1609	98	O	9.70	C	-		
1609	99	O	9.70	T	-		
1609	100	O	9.70	C	-		
1609	101	O	9.70	A	-		
1609	102	O	9.70	A	-		
1609	103	O	9.70	C	-		
1609	104	O	9.70	C	-		
1609	105	U	1.77	G	C		
1609	106	O	9.70	C	-		
1609	107	O	9.70	A	-		
1609	108	O	9.70	T	-		
1609	109	O	9.70	C	-		
1609	110	U	0.00	-	-		
1609	111	U	0.00	-	-		
1609	112	U	0.00	-	-		
1609	113	U	0.00	-	-		
1609	114	U	0.00	-	-		
1609	115	U	0.00	-	-		
1609	116	U	0.00	-	-		
1609	117	U	0.00	-	-		
1610	0	O	22.18	A	-		
1610	1	O	22.18	A	-		
1610	2	O	22.18	T	-		
1610	3	O	22.18	A	-		
1610	4	O	22.18	C	-		
1610	5	O	22.18	G	-		
1610	6	O	22.18	T	-		
1610	7	O	22.18	G	-		
1610	8	O	22.18	G	-		
1610	9	O	22.18	A	-		
1610	10	O	22.18	A	-		
1610	11	O	22.18	G	-		
1610	12	O	22.18	A	-		
1610	13	O	22.18	C	-		
1610	14	O	22.18	G	-		
1610	15	O	22.18	A	-		
1610	16	O	22.18	G	-		
1610	17	O	22.18	A	-		
1610	18	O	22.18	C	-		
1610	19	O	22.18	T	-		
1610	20	O	22.18	G	-		
1610	21	O	22.18	C	-		
1610	22	O	22.18	C	-		
1610	23	O	22.18	G	-		
1610	24	O	22.18	A	-		
1610	25	O	22.18	C	-		
1610	26	O	22.18	A	-		
1610	27	O	22.18	A	-		
1610	28	O	22.18	C	-		
1610	29	O	22.18	G	-		
1610	30	O	22.18	A	-		
1610	31	O	22.18	C	-		
1610	32	O	22.18	C	-		
1610	33	O	22.18	T	-		
1610	34	O	22.18	G	-		
1610	35	O	22.18	G	-		
1610	36	O	22.18	C	-		
1610	37	O	22.18	T	-		
1610	38	O	22.18	C	-		
1610	39	O	22.18	C	-		
1610	40	O	22.18	T	-		
1610	41	O	22.18	T	-		
1610	42	O	22.18	T	-		
1610	43	O	22.18	G	-		
1610	44	O	22.18	A	-		
1610	45	O	22.18	T	-		
1610	46	O	22.18	G	-		
1610	47	O	22.18	A	-		
1610	48	O	22.18	A	-		
1610	49	O	22.18	G	-		
1610	50	O	22.18	C	-		
1610	51	O	22.18	T	-		
1610	52	O	22.18	G	-		
1610	53	O	22.18	G	-		
1610	54	O	22.18	A	-		
1610	55	O	22.18	C	-		
1610	56	O	22.18	G	-		
1610	57	O	22.18	A	-		
1610	58	O	22.18	T	-		
1610	59	O	22.18	G	-		
1610	60	O	22.18	T	-		
1610	61	O	22.18	C	-		
1610	62	O	22.18	G	-		
1610	63	O	22.18	A	-		
1610	64	O	22.18	C	-		
1610	65	O	22.18	A	-		
1610	66	O	22.18	T	-		
1610	67	O	22.18	C	-		
1610	68	O	22.18	C	-		
1610	69	O	22.18	C	-		
1610	70	O	22.18	C	-		
1610	71	O	22.18	C	-		
1610	72	O	22.18	T	-		
1610	73	O	22.18	C	-		
1610	74	O	22.18	A	-		
1610	75	O	22.18	C	-		
1610	76	O	22.18	C	-		
1610	77	O	22.18	T	-		
1610	78	O	22.18	T	-		
1610	79	O	22.18	G	-		
1610	80	O	22.18	A	-		
1610	81	O	22.18	C	-		
1610	82	O	22.18	C	-		
1610	83	O	22.18	G	-		
1610	84	O	22.18	A	-		
1610	85	O	22.18	G	-		
1610	86	O	22.18	A	-		
1610	87	O	22.18	A	-		
1610	88	O	22.18	G	-		
1610	89	O	22.18	G	-		
1610	90	O	22.18	T	-		
1610	91	O	22.18	C	-		
1610	92	O	22.18	T	-		
1610	93	O	22.18	A	-		
1610	94	O	22.18	C	-		
1610	95	O	22.18	G	-		
1610	96	O	22.18	A	-		
1610	97	O	22.18	G	-		
1610	98	O	22.18	A	-		
1610	99	O	22.18	A	-		
1610	100	O	22.18	C	-		
1610	101	O	22.18	G	-		
1610	102	O	22.18	A	-		
1610	103	O	22.18	C	-		
1610	104	O	22.18	A	-		
1610	105	O	12.50	A	-		
1610	106	O	22.18	G	-		
1610	107	O	22.18	G	-		
1610	108	O	22.18	A	-		
1610	109	O	22.18	G	-		
1611	0	O	20.79	C	-		
1611	1	O	20.79	G	-		
1611	2	O	20.79	T	-		
1611	3	O	20.79	G	-		
1611	4	O	20.79	G	-		
1611	5	O	20.79	T	-		
1611	6	E	-12.58	A	T		
1611	7	O	20.79	T	-		
1611	8	O	20.79	C	-		
1611	9	O	20.79	G	-		
1611	10	O	20.79	T	-		
1611	11	O	20.79	C	-		
1611	12	O	20.79	A	-		
1611	13	O	20.79	G	-		
1611	14	O	20.79	A	-		
1611	15	O	20.79	G	-		
1611	16	O	20.79	T	-		
1611	17	O	20.79	G	-		
1611	18	O	20.79	T	-		
1611	19	O	20.79	T	-		
1611	20	O	20.79	G	-		
1611	21	O	20.79	A	-		
1611	22	O	20.79	C	-		
1611	23	O	20.79	G	-		
1611	24	O	20.79	T	-		
1611	25	O	20.79	T	-		
1611	26	O	20.79	G	-		
1611	27	O	20.79	C	-		
1611	28	O	20.79	C	-		
1611	29	O	20.79	T	-		
1611	30	O	20.79	C	-		
1611	31	O	20.79	C	-		
1611	32	O	20.79	T	-		
1611	33	O	20.79	T	-		
1611	34	O	20.79	C	-		
1611	35	O	20.79	T	-		
1611	36	O	20.79	C	-		
1611	37	O	20.79	A	-		
1611	38	O	20.79	G	-		
1611	39	O	20.79	G	-		
1611	40	O	20.79	C	-		
1611	41	O	20.79	A	-		
1611	42	O	20.79	G	-		
1611	43	O	20.79	A	-		
1611	44	O	20.79	G	-		
1611	45	O	20.79	T	-		
1611	46	O	20.79	T	-		
1611	47	O	20.79	C	-		
1611	48	O	20.79	C	-		
1611	49	O	20.79	T	-		
1611	50	O	20.79	T	-		
1611	51	O	20.79	C	-		
1611	52	O	20.79	G	-		
1611	53	O	20.79	A	-		
1611	54	O	20.79	C	-		
1611	55	O	20.79	C	-		
1611	56	O	20.79	T	-		
1611	57	O	20.79	G	-		
1611	58	O	20.79	A	-		
1611	59	O	20.79	G	-		
1611	60	O	20.79	T	-		
1611	61	O	20.79	C	-		
1611	62	O	20.79	G	-		
1611	63	O	20.79	T	-		
1611	64	O	20.79	C	-		
1611	65	O	20.79	G	-		
1611	66	O	20.79	T	-		
1611	67	O	20.79	A	-		
1611	68	O	20.79	T	-		
1611	69	O	20.79	C	-		
1611	70	O	20.79	G	-		
1611	71	O	20.79	G	-		
1611	72	O	20.79	A	-		
1611	73	O	11.25	C	-		
1611	74	O	20.79	C	-		
1611	75	O	20.79	A	-		
1611	76	O	20.79	T	-		
1611	77	O	20.79	A	-		
1611	78	O	20.79	G	-		
1611	79	O	20.79	A	-		
1611	80	O	20.79	G	-		
1611	81	O	20.79	G	-		
1611	82	O	20.79	A	-		
1611	83	O	20.79	G	-		
1611	84	O	20.79	C	-		
1611	85	O	20.79	C	-		
1611	86	O	20.79	T	-		
1611	87	O	20.79	G	-		
1611	88	O	20.79	T	-		
1611	89	O	20.79	A	-		
1611	90	O	20.79	C	-		
1611	91	O	20.79	T	-		
1611	92	O	20.79	C	-		
1611	93	O	20.79	A	-		
1611	94	O	20.79	A	-		
1611	95	O	20.79	A	-		
1611	96	O	20.79	G	-		
1611	97	O	20.79	G	-		
1611	98	O	20.79	A	-		
1611	99	O	20.79	A	-		
1611	100	O	20.79	C	-		
1611	101	O	20.79	A	-		
1611	102	O	20.79	T	-		
1611	103	O	20.79	C	-		
1611	104	O	20.79	A	-		
1611	105	O	20.79	G	-		
1611	106	O	20.79	G	-		
1611	107	O	20.79	C	-		
1611	108	O	20.79	T	-		
1611	109	O	20.79	A	-		
1612	0	O	5.55	C	-		
1612	1	O	5.55	G	-		
1612	2	O	5.55	T	-		
1612	3	O	5.55	C	-		
1612	4	O	5.55	A	-		
1612	5	O	5.55	G	-		
1612	6	O	5.55	C	-		
1612	7	O	5.55	T	-		
1612	8	O	5.55	C	-		
1612	9	O	5.55	C	-		
1612	10	O	5.55	A	-		
1612	11	O	5.55	G	-		
1612	12	O	5.55	T	-		
1612	13	O	5.55	C	-		
1612	14	O	5.55	G	-		
1612	15	O	5.55	T	-		
1612	16	O	5.55	C	-		
1612	17	O	5.55	C	-		
1612	18	O	5.55	G	-		
1612	19	O	5.55	T	-		
1612	20	O	5.55	T	-		
1612	21	O	5.55	G	-		
1612	22	O	5.55	C	-		
1612	23	O	5.55	G	-		
1612	24	O	5.55	T	-		
1612	25	O	5.55	T	-		
1612	26	O	5.55	C	-		
1612	27	O	5.55	A	-		
1612	28	O	5.55	T	-		
1612	29	O	5.55	C	-		
1612	30	O	5.55	C	-		
1612	31	O	5.55	G	-		
1612	32	O	5.55	T	-		
1612	33	O	5.55	T	-		
1612	34	O	5.55	T	-		
1612	35	O	5.55	G	-		
1612	36	O	5.55	T	-		
1612	37	O	5.55	C	-		
1612	38	O	5.55	T	-		
1612	39	O	5.55	T	-		
1612	40	O	5.55	C	-		
1612	41	O	5.55	C	-		
1612	42	O	5.55	T	-		
1612	43	O	5.55	G	-		
1612	44	O	5.55	C	-		
1612	45	O	5.55	T	-		
1612	46	O	5.55	A	-		
1612	47	O	5.55	G	-		
1612	48	O	5.55	T	-		
1612	49	O	5.55	C	-		
1612	50	O	5.55	T	-		
1612	51	O	5.55	T	-		
1612	52	O	5.55	C	-		
1612	53	O	5.55	C	-		
1612	54	O	5.55	A	-		
1612	55	O	5.55	G	-		
1612	56	O	5.55	C	-		
1612	57	O	5.55	T	-		
1612	58	O	5.55	T	-		
1612	59	O	5.55	T	-		
1612	60	O	5.55	G	-		
1612	61	O	5.55	C	-		
1612	62	O	5.55	G	-		
1612	63	O	5.55	A	-		
1612	64	O	5.55	G	-		
1612	65	O	5.55	C	-		
1612	66	O	5.55	G	-		
1612	67	O	5.55	C	-		
1612	68	O	5.55	T	-		
1612	69	O	5.55	G	-		
1612	70	O	5.55	C	-		
1612	71	O	5.55	G	-		
1612	72	O	5.55	A	-		
1612	73	O	5.55	T	-		
1612	74	O	5.55	T	-		
1612	75	O	5.55	A	-		
1612	76	O	5.55	A	-		
1612	77	O	5.55	A	-		
1612	78	O	5.55	C	-		
1612	79	O	5.55	A	-		
1612	80	O	5.55	G	-		
1612	81	O	5.55	A	-		
1612	82	O	5.55	C	-		
1612	83	O	5.55	A	-		
1612	84	O	5.55	T	-		
1612	85	O	5.55	G	-		
1612	86	O	5.55	A	-		
1612	87	O	5.55	C	-		
1612	88	O	5.55	T	-		
1612	89	O	5.55	G	-		
1612	90	O	5.55	C	-		
1612	91	O	5.55	G	-		
1612	92	O	5.55	G	-		
1612	93	O	5.55	A	-		
1612	94	O	5.55	A	-		
1612	95	O	5.55	G	-		
1612	96	O	5.55	T	-		
1612	97	O	5.55	G	-		
1612	98	O	5.55	A	-		
1612	99	O	5.55	A	-		
1612	100	O	5.55	T	-		
1612	101	O	5.55	G	-		
1612	102	O	5.55	G	-		
1612	103	O	5.55	G	-		
1612	104	O	5.55	G	-		
1612	105	O	5.55	A	-		
1612	106	O	5.55	G	-		
1612	107	O	5.55	A	-		
1612	108	O	5.55	G	-		
1612	109	O	5.55	T	-		
1613	0	O	9.70	C	-		
1613	1	O	9.70	G	-		
1613	2	O	9.70	A	-		
1613	3	O	9.70	T	-		
1613	4	O	9.70	A	-		
1613	5	O	9.70	A	-		
1613	6	O	9.70	T	-		
1613	7	O	9.70	G	-		
1613	8	O	9.70	G	-		
1613	9	O	9.70	A	-		
1613	10	O	9.70	G	-		
1613	11	O	9.70	A	-		
1613	12	E	-6.45	C	T		
1613	13	O	9.70	G	-		
1613	14	O	9.70	A	-		
1613	15	E	-6.45	C	T		
1613	16	O	9.70	G	-		
1613	17	O	9.70	A	-		
1613	18	E	-6.45	C	T		
1613	19	O	9.70	G	-		
1613	20	O	9.70	A	-		
1613	21	O	9.70	G	-		
1613	22	O	9.70	T	-		
1613	23	O	9.70	T	-		
1613	24	O	9.70	C	-		
1613	25	O	9.70	A	-		
1613	26	O	9.70	A	-		
1613	27	O	9.70	G	-		
1613	28	O	9.70	T	-		
1613	29	O	9.70	G	-		
1613	30	O	9.70	C	-		
1613	31	O	9.70	G	-		
1613	32	O	9.70	G	-		
1613	33	O	9.70	A	-		
1613	34	O	9.70	G	-		
1613	35	O	9.70	G	-		
1613	36	O	9.70	A	-		
1613	37	O	9.70	G	-		
1613	38	O	9.70	A	-		
1613	39	O	9.70	C	-		
1613	40	O	9.70	G	-		
1613	41	O	9.70	A	-		
1613	42	O	9.70	C	-		
1613	43	O	9.70	C	-		
1613	44	O	9.70	C	-		
1613	45	O	9.70	C	-		
1613	46	O	9.70	T	-		
1613	47	O	9.70	G	-		
1613	48	O	9.70	G	-		
1613	49	O	9.70	A	-		
1613	50	O	9.70	G	-		
1613	51	O	9.70	G	-		
1613	52	O	9.70	A	-		
1613	53	O	9.70	G	-		
1613	54	O	9.70	G	-		
1613	55	O	9.70	G	-		
1613	56	O	9.70	A	-		
1613	57	O	9.70	G	-		
1613	58	O	9.70	A	-		
1613	59	O	9.70	G	-		
1613	60	O	9.70	G	-		
1613	61	O	9.70	A	-		
1613	62	O	9.70	T	-		
1613	63	O	9.70	G	-		
1613	64	O	9.70	A	-		
1613	65	O	9.70	T	-		
1613	66	O	9.70	T	-		
1613	67	O	9.70	T	-		
1613	68	O	9.70	A	-		
1613	69	O	9.70	C	-		
1613	70	O	9.70	T	-		
1613	71	O	9.70	T	-		
1613	72	O	9.70	G	-		
1613	73	O	9.70	T	-		
1613	74	O	9.70	T	-		
1613	75	O	9.70	C	-		
1613	76	O	9.70	G	-		
1613	77	O	9.70	G	-		
1613	78	O	9.70	C	-		
1613	79	O	9.70	G	-		
1613	80	O	9.70	A	-		
1613	81	O	9.70	C	-		
1613	82	O	9.70	G	-		
1613	83	O	9.70	A	-		
1613	84	O	9.70	T	-		
1613	85	O	9.70	T	-		
1613	86	O	9.70	T	-		
1613	87	O	9.70	T	-		
1613	88	O	9.70	G	-		
1613	89	O	9.70	T	-		
1613	90	O	9.70	T	-		
1613	91	O	9.70	T	-		
1613	92	O	9.70	T	-		
1613	93	O	9.70	C	-		
1613	94	O	9.70	A	-		
1613	95	O	9.70	G	-		
1613	96	O	9.70	T	-		
1613	97	O	9.70	C	-		
1613	98	O	9.70	C	-		
1613	99	O	9.70	T	-		
1613	100	O	9.70	T	-		
1613	101	O	9.70	A	-		
1613	102	O	9.70	A	-		
1613	103	O	9.70	T	-		
1613	104	O	9.70	A	-		
1613	105	O	9.70	C	-		
1613	106	O	9.70	T	-		
1613	107	O	9.70	T	-		
1613	108	O	9.70	G	-		
1613	109	O	9.70	T	-		
1614	0	O	9.70	A	-		
1614	1	O	9.70	C	-		
1614	2	O	9.70	A	-		
1614	3	O	9.70	A	-		
1614	4	O	9.70	T	-		
1614	5	O	9.70	A	-		
1614	6	O	9.70	A	-		
1614	7	O	9.70	G	-		
1614	8	O	9.70	A	-		
1614	9	O	9.70	A	-		
1614	10	O	9.70	T	-		
1614	11	O	9.70	A	-		
1614	12	O	9.70	T	-		
1614	13	O	9.70	C	-		
1614	14	O	9.70	A	-		
1614	15	O	9.70	A	-		
1614	16	O	9.70	A	-		
1614	17	O	9.70	C	-		
1614	18	O	9.70	A	-		
1614	19	O	9.70	C	-		
1614	20	O	9.70	T	-		
1614	21	O	9.70	C	-		
1614	22	O	9.70	A	-		
1614	23	O	9.70	T	-		
1614	24	O	9.70	G	-		
1614	25	O	9.70	C	-		
1614	26	O	9.70	A	-		
1614	27	O	9.70	C	-		
1614	28	O	9.70	A	-		
1614	29	O	9.70	A	-		
1614	30	O	9.70	G	-		
1614	31	O	9.70	A	-		
1614	32	O	9.70	A	-		
1614	33	U	1.77	C	A		
1614	34	O	9.70	A	-		
1614	35	O	9.70	G	-		
1614	36	O	9.70	T	-		
1614	37	O	9.70	A	-		
1614	38	O	9.70	A	-		
1614	39	O	9.70	A	-		
1614	40	O	9.70	G	-		
1614	41	O	9.70	A	-		
1614	42	O	9.70	T	-		
1614	43	O	9.70	A	-		
1614	44	O	9.70	G	-		
1614	45	O	9.70	G	-		
1614	46	O	9.70	A	-		
1614	47	O	9.70	C	-		
1614	48	O	9.70	G	-		
1614	49	O	9.70	C	-		
1614	50	O	9.70	A	-		
1614	51	O	9.70	A	-		
1614	52	O	9.70	G	-		
1614	53	O	9.70	T	-		
1614	54	O	9.70	A	-		
1614	55	O	9.70	C	-		
1614	56	O	9.70	C	-		
1614	57	O	9.70	A	-		
1614	58	O	9.70	C	-		
1614	59	O	9.70	C	-		
1614	60	O	9.70	A	-		
1614	61	O	9.70	T	-		
1614	62	O	9.70	T	-		
1614	63	O	9.70	C	-		
1614	64	O	9.70	C	-		
1614	65	O	9.70	T	-		
1614	66	O	9.70	A	-		
1614	67	O	9.70	T	-		
1614	68	O	9.70	T	-		
1614	69	O	9.70	G	-		
1614	70	O	9.70	A	-		
1614	71	O	9.70	T	-		
1614	72	O	9.70	G	-		
1614	73	O	9.70	C	-		
1614	74	O	9.70	C	-		
1614	75	O	9.70	G	-		
1614	76	O	9.70	T	-		
1614	77	O	9.70	C	-		
1614	78	O	9.70	A	-		
1614	79	O	9.70	G	-		
1614	80	O	9.70	A	-		
1614	81	O	9.70	C	-		
1614	82	O	9.70	A	-		
1614	83	O	9.70	T	-		
1614	84	O	9.70	A	-		
1614	85	O	9.70	C	-		
1614	86	O	9.70	T	-		
1614	87	O	9.70	T	-		
1614	88	O	9.70	T	-		
1614	89	O	9.70	G	-		
1614	90	O	9.70	G	-		
1614	91	O	9.70	G	-		
1614	92	O	9.70	A	-		
1614	93	O	9.70	A	-		
1614	94	O	9.70	C	-		
1614	95	O	9.70	A	-		
1614	96	O	9.70	A	-		
1614	97	O	9.70	G	-		
1614	98	O	9.70	C	-		
1614	99	O	9.70	T	-		
1614	100	O	9.70	T	-		
1614	101	O	9.70	C	-		
1614	102	O	9.70	T	-		
1614	103	O	9.70	T	-		
1614	104	O	9.70	A	-		
1614	105	O	9.70	G	-		
1614	106	O	9.70	A	-		
1614	107	O	9.70	T	-		
1614	108	O	9.70	T	-		
1614	109	O	9.70	T	-		
1615	0	O	12.48	T	-		
1615	1	O	12.48	G	-		
1615	2	O	12.48	C	-		
1615	3	O	12.48	A	-		
1615	4	O	12.48	T	-		
1615	5	O	12.48	A	-		
1615	6	O	12.48	T	-		
1615	7	O	12.48	T	-		
1615	8	O	12.48	A	-		
1615	9	O	12.48	C	-		
1615	10	O	12.48	C	-		
1615	11	O	12.48	A	-		
1615	12	O	12.48	A	-		
1615	13	O	12.48	C	-		
1615	14	O	12.48	A	-		
1615	15	O	12.48	T	-		
1615	16	O	12.48	T	-		
1615	17	O	12.48	C	-		
1615	18	O	12.48	G	-		
1615	19	O	12.48	A	-		
1615	20	O	12.48	T	-		
1615	21	O	12.48	G	-		
1615	22	O	12.48	C	-		
1615	23	O	12.48	C	-		
1615	24	O	12.48	C	-		
1615	25	O	12.48	T	-		
1615	26	O	12.48	T	-		
1615	27	O	12.48	T	-		
1615	28	O	12.48	C	-		
1615	29	O	12.48	G	-		
1615	30	O	12.48	C	-		
1615	31	O	12.48	T	-		
1615	32	O	12.48	A	-		
1615	33	O	12.48	G	-		
1615	34	O	12.48	C	-		
1615	35	O	12.48	T	-		
1615	36	O	12.48	C	-		
1615	37	O	12.48	T	-		
1615	38	O	12.48	A	-		
1615	39	O	12.48	G	-		
1615	40	O	12.48	A	-		
1615	41	O	12.48	T	-		
1615	42	O	12.48	C	-		
1615	43	O	12.48	C	-		
1615	44	O	12.48	T	-		
1615	45	O	12.48	T	-		
1615	46	O	12.48	G	-		
1615	47	O	12.48	T	-		
1615	48	O	12.48	T	-		
1615	49	O	12.48	G	-		
1615	50	O	12.48	G	-		
1615	51	O	12.48	T	-		
1615	52	O	12.48	C	-		
1615	53	O	12.48	A	-		
1615	54	O	12.48	T	-		
1615	55	O	12.48	G	-		
1615	56	O	12.48	A	-		
1615	57	O	12.48	A	-		
1615	58	O	12.48	T	-		
1615	59	O	12.48	A	-		
1615	60	O	12.48	C	-		
1615	61	O	12.48	A	-		
1615	62	O	12.48	G	-		
1615	63	O	12.48	C	-		
1615	64	O	12.48	T	-		
1615	65	O	12.48	C	-		
1615	66	O	12.48	G	-		
1615	67	O	12.48	C	-		
1615	68	O	12.48	G	-		
1615	69	O	12.48	A	-		
1615	70	O	12.48	T	-		
1615	71	O	12.48	G	-		
1615	72	O	12.48	T	-		
1615	73	O	12.48	G	-		
1615	74	O	12.48	T	-		
1615	75	O	12.48	T	-		
1615	76	O	12.48	T	-		
1615	77	O	12.48	G	-		
1615	78	O	12.48	A	-		
1615	79	O	12.48	G	-		
1615	80	O	12.48	T	-		
1615	81	O	12.48	A	-		
1615	82	O	12.48	C	-		
1615	83	O	12.48	C	-		
1615	84	O	12.48	T	-		
1615	85	O	12.48	G	-		
1615	86	O	12.48	G	-		
1615	87	O	12.48	G	-		
1615	88	O	12.48	A	-		
1615	89	O	12.48	C	-		
1615	90	O	12.48	C	-		
1615	91	O	12.48	T	-		
1615	92	O	12.48	A	-		
1615	93	O	12.48	T	-		
1615	94	O	12.48	G	-		
1615	95	O	12.48	T	-		
1615	96	O	12.48	G	-		
1615	97	O	12.48	A	-		
1615	98	O	12.48	C	-		
1615	99	O	12.48	T	-		
1615	100	O	12.48	A	-		
1615	101	O	12.48	T	-		
1615	102	O	12.48	A	-		
1615	103	O	12.48	G	-		
1615	104	O	12.48	T	-		
1615	105	O	12.48	C	-		
1615	106	O	12.48	C	-		
1615	107	O	12.48	A	-		
1615	108	O	12.48	T	-		
1615	109	O	12.48	A	-		
1616	0	O	11.09	C	-		
1616	1	O	11.09	G	-		
1616	2	O	11.09	A	-		
1616	3	O	11.09	A	-		
1616	4	O	11.09	C	-		
1616	5	O	11.09	G	-		
1616	6	O	11.09	T	-		
1616	7	O	11.09	C	-		
1616	8	O	11.09	T	-		
1616	9	O	11.09	A	-		
1616	10	O	11.09	G	-		
1616	11	O	11.09	T	-		
1616	12	O	11.09	G	-		
1616	13	O	11.09	C	-		
1616	14	O	11.09	G	-		
1616	15	O	11.09	A	-		
1616	16	O	11.09	T	-		
1616	17	O	11.09	C	-		
1616	18	O	11.09	G	-		
1616	19	O	11.09	A	-		
1616	20	O	11.09	C	-		
1616	21	O	11.09	T	-		
1616	22	O	11.09	T	-		
1616	23	O	11.09	C	-		
1616	24	O	11.09	C	-		
1616	25	O	11.09	G	-		
1616	26	O	11.09	T	-		
1616	27	O	11.09	T	-		
1616	28	O	11.09	C	-		
1616	29	O	11.09	T	-		
1616	30	O	11.09	A	-		
1616	31	O	11.09	C	-		
1616	32	O	11.09	C	-		
1616	33	O	11.09	G	-		
1616	34	O	11.09	T	-		
1616	35	O	11.09	T	-		
1616	36	O	11.09	G	-		
1616	37	O	11.09	T	-		
1616	38	O	11.09	C	-		
1616	39	O	11.09	G	-		
1616	40	O	11.09	C	-		
1616	41	O	11.09	T	-		
1616	42	O	11.09	C	-		
1616	43	O	11.09	A	-		
1616	44	O	11.09	A	-		
1616	45	O	11.09	T	-		
1616	46	O	11.09	C	-		
1616	47	O	11.09	T	-		
1616	48	O	11.09	C	-		
1616	49	O	11.09	G	-		
1616	50	O	11.09	C	-		
1616	51	O	11.09	A	-		
1616	52	O	11.09	G	-		
1616	53	O	11.09	A	-		
1616	54	O	11.09	T	-		
1616	55	O	11.09	G	-		
1616	56	O	11.09	G	-		
1616	57	O	11.09	A	-		
1616	58	O	11.09	C	-		
1616	59	U	2.86	A	G		
1616	60	O	11.09	A	-		
1616	61	O	11.09	T	-		
1616	62	O	11.09	C	-		
1616	63	O	11.09	G	-		
1616	64	O	11.09	C	-		
1616	65	O	11.09	A	-		
1616	66	O	11.09	A	-		
1616	67	O	11.09	G	-		
1616	68	O	11.09	T	-		
1616	69	O	11.09	A	-		
1616	70	O	11.09	T	-		
1616	71	O	11.09	C	-		
1616	72	O	11.09	G	-		
1616	73	O	11.09	T	-		
1616	74	O	11.09	T	-		
1616	75	O	11.09	A	-		
1616	76	O	11.09	G	-		
1616	77	O	11.09	A	-		
1616	78	O	11.09	C	-		
1616	79	O	11.09	T	-		
1616	80	O	11.09	G	-		
1616	81	O	11.09	A	-		
1616	82	O	11.09	T	-		
1616	83	O	11.09	T	-		
1616	84	O	11.09	C	-		
1616	85	O	11.09	C	-		
1616	86	O	11.09	A	-		
1616	87	O	11.09	T	-		
1616	88	O	11.09	A	-		
1616	89	O	11.09	A	-		
1616	90	O	11.09	G	-		
1616	91	O	11.09	G	-		
1616	92	O	11.09	C	-		
1616	93	O	11.09	A	-		
1616	94	O	11.09	A	-		
1616	95	O	11.09	A	-		
1616	96	O	11.09	G	-		
1616	97	O	11.09	A	-		
1616	98	O	11.09	G	-		
1616	99	O	11.09	T	-		
1616	100	O	11.09	A	-		
1616	101	O	11.09	A	-		
1616	102	O	11.09	A	-		
1616	103	O	11.09	G	-		
1616	104	O	11.09	A	-		
1616	105	O	11.09	G	-		
1616	106	O	11.09	T	-		
1616	107	O	11.09	T	-		
1616	108	O	11.09	C	-		
1616	109	O	11.09	C	-		
1617	0	O	6.93	G	-		
1617	1	O	6.93	C	-		
1617	2	O	6.93	C	-		
1617	3	O	6.93	T	-		
1617	4	O	6.93	G	-		
1617	5	O	6.93	G	-		
1617	6	O	6.93	C	-		
1617	7	O	6.93	A	-		
1617	8	O	6.93	C	-		
1617	9	O	6.93	T	-		
1617	10	O	6.93	C	-		
1617	11	O	6.93	T	-		
1617	12	O	6.93	C	-		
1617	13	O	6.93	T	-		
1617	14	O	6.93	C	-		
1617	15	O	6.93	G	-		
1617	16	O	6.93	G	-		
1617	17	O	6.93	A	-		
1617	18	O	6.93	A	-		
1617	19	O	6.93	G	-		
1617	20	O	6.93	C	-		
1617	21	O	6.93	T	-		
1617	22	O	6.93	T	-		
1617	23	O	6.93	T	-		
1617	24	O	6.93	T	-		
1617	25	O	6.93	G	-		
1617	26	O	6.93	G	-		
1617	27	O	6.93	C	-		
1617	28	O	6.93	T	-		
1617	29	O	6.93	C	-		
1617	30	O	6.93	C	-		
1617	31	O	6.93	T	-		
1617	32	O	6.93	C	-		
1617	33	O	6.93	C	-		
1617	34	O	6.93	C	-		
1617	35	O	6.93	G	-		
1617	36	O	6.93	G	-		
1617	37	O	6.93	G	-		
1617	38	O	6.93	C	-		
1617	39	O	6.93	G	-		
1617	40	O	6.93	C	-		
1617	41	O	6.93	C	-		
1617	42	O	6.93	C	-		
1617	43	O	6.93	T	-		
1617	44	O	6.93	C	-		
1617	45	O	6.93	G	-		
1617	46	O	6.93	A	-		
1617	47	O	6.93	A	-		
1617	48	O	6.93	C	-		
1617	49	O	6.93	G	-		
1617	50	O	6.93	T	-		
1617	51	O	6.93	G	-		
1617	52	O	6.93	T	-		
1617	53	O	6.93	C	-		
1617	54	O	6.93	G	-		
1617	55	O	6.93	G	-		
1617	56	O	6.93	C	-		
1617	57	O	6.93	C	-		
1617	58	O	6.93	G	-		
1617	59	O	6.93	A	-		
1617	60	O	6.93	G	-		
1617	61	O	6.93	T	-		
1617	62	O	6.93	G	-		
1617	63	O	6.93	C	-		
1617	64	O	6.93	G	-		
1617	65	O	6.93	A	-		
1617	66	O	6.93	G	-		
1617	67	O	6.93	G	-		
1617	68	O	6.93	A	-		
1617	69	O	6.93	A	-		
1617	70	O	6.93	C	-		
1617	71	O	6.93	C	-		
1617	72	O	6.93	T	-		
1617	73	O	6.93	T	-		
1617	74	O	6.93	T	-		
1617	75	O	6.93	C	-		
1617	76	O	6.93	G	-		
1617	77	O	6.93	C	-		
1617	78	O	6.93	G	-		
1617	79	O	6.93	C	-		
1617	80	O	6.93	C	-		
1617	81	O	6.93	G	-		
1617	82	O	6.93	G	-		
1617	83	O	6.93	C	-		
1617	84	O	6.93	C	-		
1617	85	O	6.93	G	-		
1617	86	O	6.93	A	-		
1617	87	O	6.93	C	-		
1617	88	O	6.93	T	-		
1617	89	O	6.93	G	-		
1617	90	O	6.93	T	-		
1617	91	O	6.93	C	-		
1617	92	O	6.93	A	-		
1617	93	O	6.93	G	-		
1617	94	O	6.93	T	-		
1617	95	O	6.93	G	-		
1617	96	O	6.93	A	-		
1617	97	O	6.93	G	-		
1617	98	O	6.93	C	-		
1617	99	O	6.93	G	-		
1617	100	O	6.93	G	-		
1617	101	O	6.93	C	-		
1617	102	O	6.93	G	-		
1617	103	O	6.93	C	-		
1617	104	O	6.93	T	-		
1617	105	O	6.93	T	-		
1617	106	O	6.93	G	-		
1617	107	O	6.93	T	-		
1617	108	O	6.93	T	-		
1617	109	O	6.93	T	-		
1618	0	O	13.86	C	-		
1618	1	O	13.86	C	-		
1618	2	O	13.86	G	-		
1618	3	O	13.86	T	-		
1618	4	O	13.86	A	-		
1618	5	O	13.86	A	-		
1618	6	O	13.86	C	-		
1618	7	O	13.86	T	-		
1618	8	O	13.86	T	-		
1618	9	O	13.86	A	-		
1618	10	O	13.86	A	-		
1618	11	O	13.86	T	-		
1618	12	O	13.86	T	-		
1618	13	O	13.86	A	-		
1618	14	O	13.86	T	-		
1618	15	O	13.86	T	-		
1618	16	O	13.86	G	-		
1618	17	O	13.86	A	-		
1618	18	O	13.86	A	-		
1618	19	O	13.86	T	-		
1618	20	O	13.86	T	-		
1618	21	O	13.86	G	-		
1618	22	O	13.86	A	-		
1618	23	O	13.86	A	-		
1618	24	O	13.86	G	-		
1618	25	O	13.86	T	-		
1618	26	O	13.86	C	-		
1618	27	O	13.86	G	-		
1618	28	O	13.86	G	-		
1618	29	O	13.86	G	-		
1618	30	O	13.86	T	-		
1618	31	O	13.86	G	-		
1618	32	O	13.86	G	-		
1618	33	O	13.86	A	-		
1618	34	O	13.86	G	-		
1618	35	O	13.86	G	-		
1618	36	O	13.86	G	-		
1618	37	O	13.86	T	-		
1618	38	O	13.86	T	-		
1618	39	O	13.86	G	-		
1618	40	O	13.86	G	-		
1618	41	O	13.86	T	-		
1618	42	O	13.86	T	-		
1618	43	O	13.86	T	-		
1618	44	O	13.86	C	-		
1618	45	O	13.86	G	-		
1618	46	O	13.86	G	-		
1618	47	O	13.86	C	-		
1618	48	O	13.86	C	-		
1618	49	O	13.86	A	-		
1618	50	O	13.86	G	-		
1618	51	O	13.86	C	-		
1618	52	O	13.86	C	-		
1618	53	O	13.86	T	-		
1618	54	O	13.86	C	-		
1618	55	O	13.86	T	-		
1618	56	O	13.86	C	-		
1618	57	O	13.86	T	-		
1618	58	O	13.86	A	-		
1618	59	O	13.86	A	-		
1618	60	O	13.86	A	-		
1618	61	O	13.86	C	-		
1618	62	O	13.86	T	-		
1618	63	O	13.86	A	-		
1618	64	O	13.86	A	-		
1618	65	O	13.86	A	-		
1618	66	O	13.86	A	-		
1618	67	O	13.86	A	-		
1618	68	O	13.86	C	-		
1618	69	O	13.86	C	-		
1618	70	O	13.86	C	-		
1618	71	O	13.86	G	-		
1618	72	O	13.86	A	-		
1618	73	O	13.86	T	-		
1618	74	O	13.86	G	-		
1618	75	O	13.86	A	-		
1618	76	O	13.86	T	-		
1618	77	O	13.86	C	-		
1618	78	O	13.86	C	-		
1618	79	O	13.86	T	-		
1618	80	O	13.86	C	-		
1618	81	O	13.86	T	-		
1618	82	O	13.86	T	-		
1618	83	O	13.86	C	-		
1618	84	O	13.86	G	-		
1618	85	O	13.86	A	-		
1618	86	O	13.86	G	-		
1618	87	O	13.86	G	-		
1618	88	O	13.86	A	-		
1618	89	O	13.86	C	-		
1618	90	O	13.86	A	-		
1618	91	O	13.86	G	-		
1618	92	O	13.86	T	-		
1618	93	O	13.86	G	-		
1618	94	O	13.86	T	-		
1618	95	O	13.86	C	-		
1618	96	O	13.86	A	-		
1618	97	O	13.86	G	-		
1618	98	O	13.86	G	-		
1618	99	O	13.86	C	-		
1618	100	O	13.86	G	-		
1618	101	O	13.86	G	-		
1618	102	O	13.86	G	-		
1618	103	O	13.86	G	-		
1618	104	O	13.86	A	-		
1618	105	O	13.86	G	-		
1618	106	O	13.86	T	-		
1618	107	O	13.86	T	-		
1618	108	O	13.86	T	-		
1618	109	O	13.86	G	-		
1619	0	O	11.09	T	-		
1619	1	O	11.09	T	-		
1619	2	O	11.09	T	-		
1619	3	O	11.09	A	-		
1619	4	O	11.09	A	-		
1619	5	U	-2.30	G	A		
1619	6	O	11.09	T	-		
1619	7	O	11.09	A	-		
1619	8	O	11.09	C	-		
1619	9	O	11.09	T	-		
1619	10	O	11.09	G	-		
1619	11	O	11.09	C	-		
1619	12	O	11.09	A	-		
1619	13	O	11.09	A	-		
1619	14	O	11.09	C	-		
1619	15	O	11.09	A	-		
1619	16	O	11.09	A	-		
1619	17	O	11.09	T	-		
1619	18	O	11.09	G	-		
1619	19	O	11.09	G	-		
1619	20	O	11.09	T	-		
1619	21	O	11.09	A	-		
1619	22	O	11.09	C	-		
1619	23	O	11.09	T	-		
1619	24	O	11.09	G	-		
1619	25	O	11.09	A	-		
1619	26	O	11.09	T	-		
1619	27	O	11.09	G	-		
1619	28	O	11.09	G	-		
1619	29	O	11.09	C	-		
1619	30	O	11.09	A	-		
1619	31	O	11.09	T	-		
1619	32	O	11.09	T	-		
1619	33	O	11.09	C	-		
1619	34	U	-2.30	T	A		
1619	35	O	11.09	C	-		
1619	36	O	11.09	T	-		
1619	37	O	11.09	G	-		
1619	38	O	11.09	C	-		
1619	39	O	11.09	C	-		
1619	40	O	11.09	C	-		
1619	41	O	11.09	A	-		
1619	42	O	11.09	T	-		
1619	43	O	11.09	A	-		
1619	44	O	11.09	C	-		
1619	45	O	11.09	G	-		
1619	46	O	11.09	G	-		
1619	47	O	11.09	G	-		
1619	48	O	11.09	G	-		
1619	49	O	11.09	A	-		
1619	50	O	11.09	T	-		
1619	51	O	11.09	G	-		
1619	52	O	11.09	G	-		
1619	53	O	11.09	A	-		
1619	54	O	11.09	G	-		
1619	55	O	11.09	C	-		
1619	56	O	11.09	G	-		
1619	57	O	11.09	A	-		
1619	58	O	11.09	C	-		
1619	59	O	11.09	A	-		
1619	60	O	11.09	G	-		
1619	61	O	11.09	A	-		
1619	62	O	11.09	A	-		
1619	63	O	11.09	G	-		
1619	64	O	11.09	T	-		
1619	65	O	11.09	C	-		
1619	66	O	11.09	T	-		
1619	67	O	11.09	T	-		
1619	68	O	11.09	G	-		
1619	69	O	11.09	A	-		
1619	70	O	11.09	G	-		
1619	71	O	11.09	A	-		
1619	72	O	11.09	A	-		
1619	73	O	11.09	T	-		
1619	74	O	11.09	T	-		
1619	75	O	11.09	C	-		
1619	76	O	11.09	A	-		
1619	77	O	11.09	A	-		
1619	78	O	11.09	G	-		
1619	79	O	11.09	A	-		
1619	80	O	11.09	G	-		
1619	81	O	11.09	A	-		
1619	82	O	11.09	A	-		
1619	83	O	11.09	G	-		
1619	84	O	11.09	G	-		
1619	85	O	11.09	T	-		
1619	86	O	11.09	C	-		
1619	87	O	11.09	G	-		
1619	88	O	11.09	A	-		
1619	89	O	11.09	T	-		
1619	90	O	11.09	C	-		
1619	91	O	11.09	C	-		
1619	92	O	11.09	C	-		
1619	93	U	-2.30	A	C		
1619	94	O	11.09	T	-		
1619	95	O	11.09	T	-		
1619	96	O	11.09	T	-		
1619	97	O	11.09	C	-		
1619	98	O	11.09	C	-		
1619	99	O	11.09	T	-		
1619	100	O	11.09	T	-		
1619	101	O	11.09	T	-		
1619	102	O	11.09	G	-		
1619	103	O	11.09	G	-		
1619	104	O	11.09	G	-		
1619	105	O	11.09	A	-		
1619	106	O	11.09	A	-		
1619	107	O	11.09	T	-		
1619	108	O	11.09	G	-		
1619	109	O	11.09	A	-		
1620	0	O	8.32	T	-		
1620	1	O	8.32	C	-		
1620	2	O	8.32	A	-		
1620	3	O	8.32	G	-		
1620	4	O	8.32	T	-		
1620	5	O	8.32	G	-		
1620	6	O	8.32	A	-		
1620	7	O	8.32	C	-		
1620	8	O	8.32	C	-		
1620	9	O	8.32	C	-		
1620	10	O	8.32	G	-		
1620	11	O	8.32	A	-		
1620	12	O	8.32	C	-		
1620	13	O	8.32	G	-		
1620	14	O	8.32	T	-		
1620	15	O	8.32	G	-		
1620	16	O	8.32	C	-		
1620	17	O	8.32	G	-		
1620	18	O	8.32	T	-		
1620	19	O	8.32	T	-		
1620	20	O	8.32	A	-		
1620	21	O	8.32	A	-		
1620	22	O	8.32	T	-		
1620	23	O	8.32	C	-		
1620	24	O	8.32	T	-		
1620	25	O	8.32	C	-		
1620	26	O	8.32	T	-		
1620	27	O	8.32	C	-		
1620	28	O	8.32	A	-		
1620	29	O	8.32	G	-		
1620	30	O	8.32	T	-		
1620	31	O	8.32	T	-		
1620	32	O	8.32	C	-		
1620	33	O	8.32	T	-		
1620	34	O	8.32	G	-		
1620	35	O	8.32	G	-		
1620	36	O	8.32	A	-		
1620	37	O	8.32	A	-		
1620	38	O	8.32	C	-		
1620	39	O	8.32	A	-		
1620	40	O	8.32	G	-		
1620	41	O	8.32	A	-		
1620	42	O	8.32	A	-		
1620	43	O	8.32	A	-		
1620	44	O	8.32	C	-		
1620	45	O	8.32	T	-		
1620	46	O	8.32	G	-		
1620	47	O	8.32	A	-		
1620	48	O	8.32	C	-		
1620	49	O	8.32	T	-		
1620	50	O	8.32	G	-		
1620	51	O	8.32	A	-		
1620	52	O	8.32	C	-		
1620	53	O	8.32	A	-		
1620	54	O	8.32	T	-		
1620	55	O	8.32	G	-		
1620	56	O	8.32	A	-		
1620	57	O	8.32	T	-		
1620	58	O	8.32	T	-		
1620	59	O	8.32	A	-		
1620	60	O	8.32	A	-		
1620	61	O	8.32	T	-		
1620	62	O	8.32	T	-		
1620	63	O	8.32	A	-		
1620	64	O	8.32	G	-		
1620	65	O	8.32	A	-		
1620	66	O	8.32	A	-		
1620	67	O	8.32	G	-		
1620	68	O	8.32	T	-		
1620	69	O	8.32	G	-		
1620	70	O	8.32	A	-		
1620	71	O	8.32	A	-		
1620	72	O	8.32	A	-		
1620	73	O	8.32	T	-		
1620	74	O	8.32	T	-		
1620	75	O	8.32	T	-		
1620	76	O	8.32	C	-		
1620	77	O	8.32	T	-		
1620	78	O	8.32	G	-		
1620	79	O	8.32	C	-		
1620	80	O	8.32	T	-		
1620	81	O	8.32	A	-		
1620	82	O	8.32	A	-		
1620	83	O	8.32	A	-		
1620	84	O	8.32	T	-		
1620	85	O	8.32	C	-		
1620	86	O	8.32	T	-		
1620	87	O	8.32	C	-		
1620	88	O	8.32	A	-		
1620	89	O	8.32	A	-		
1620	90	O	8.32	G	-		
1620	91	O	8.32	T	-		
1620	92	O	8.32	A	-		
1620	93	O	8.32	A	-		
1620	94	O	8.32	T	-		
1620	95	O	8.32	A	-		
1620	96	O	8.32	A	-		
1620	97	O	8.32	T	-		
1620	98	O	8.32	C	-		
1620	99	O	8.32	T	-		
1620	100	O	8.32	G	-		
1620	101	O	8.32	T	-		
1620	102	O	8.32	C	-		
1620	103	O	8.32	T	-		
1620	104	O	8.32	T	-		
1620	105	O	8.32	C	-		
1620	106	O	8.32	T	-		
1620	107	O	8.32	T	-		
1620	108	O	8.32	T	-		
1620	109	O	8.32	T	-		
1621	0	O	11.09	A	-		
1621	1	O	11.09	G	-		
1621	2	O	11.09	A	-		
1621	3	O	11.09	A	-		
1621	4	O	11.09	A	-		
1621	5	O	11.09	G	-		
1621	6	O	11.09	T	-		
1621	7	O	11.09	G	-		
1621	8	O	11.09	G	-		
1621	9	O	11.09	T	-		
1621	10	O	11.09	G	-		
1621	11	O	11.09	C	-		
1621	12	O	11.09	T	-		
1621	13	O	11.09	C	-		
1621	14	O	11.09	A	-		
1621	15	O	11.09	T	-		
1621	16	O	11.09	G	-		
1621	17	O	11.09	G	-		
1621	18	O	11.09	C	-		
1621	19	O	11.09	C	-		
1621	20	O	11.09	G	-		
1621	21	O	11.09	A	-		
1621	22	O	11.09	C	-		
1621	23	O	11.09	A	-		
1621	24	O	11.09	T	-		
1621	25	O	11.09	A	-		
1621	26	O	11.09	C	-		
1621	27	O	11.09	C	-		
1621	28	O	11.09	C	-		
1621	29	O	11.09	T	-		
1621	30	O	11.09	T	-		
1621	31	O	11.09	C	-		
1621	32	O	11.09	C	-		
1621	33	O	11.09	A	-		
1621	34	O	11.09	A	-		
1621	35	O	11.09	C	-		
1621	36	O	11.09	A	-		
1621	37	O	11.09	C	-		
1621	38	O	11.09	C	-		
1621	39	O	11.09	A	-		
1621	40	O	11.09	C	-		
1621	41	O	11.09	G	-		
1621	42	O	11.09	T	-		
1621	43	O	11.09	C	-		
1621	44	U	2.86	C	G		
1621	45	O	11.09	C	-		
1621	46	O	11.09	C	-		
1621	47	O	11.09	G	-		
1621	48	O	11.09	A	-		
1621	49	O	11.09	G	-		
1621	50	O	11.09	C	-		
1621	51	O	11.09	T	-		
1621	52	O	11.09	A	-		
1621	53	O	11.09	G	-		
1621	54	O	11.09	A	-		
1621	55	O	11.09	A	-		
1621	56	O	11.09	C	-		
1621	57	O	11.09	G	-		
1621	58	O	11.09	C	-		
1621	59	O	11.09	A	-		
1621	60	O	11.09	T	-		
1621	61	O	11.09	C	-		
1621	62	O	11.09	C	-		
1621	63	O	11.09	T	-		
1621	64	O	11.09	C	-		
1621	65	O	11.09	A	-		
1621	66	O	11.09	A	-		
1621	67	O	11.09	G	-		
1621	68	O	11.09	G	-		
1621	69	O	11.09	A	-		
1621	70	O	11.09	A	-		
1621	71	O	11.09	C	-		
1621	72	O	11.09	G	-		
1621	73	O	11.09	C	-		
1621	74	O	11.09	G	-		
1621	75	U	2.86	A	C		
1621	76	O	11.09	A	-		
1621	77	O	11.09	G	-		
1621	78	O	11.09	G	-		
1621	79	O	11.09	C	-		
1621	80	O	11.09	T	-		
1621	81	O	11.09	A	-		
1621	82	O	11.09	C	-		
1621	83	O	11.09	A	-		
1621	84	O	11.09	C	-		
1621	85	O	11.09	A	-		
1621	86	O	11.09	A	-		
1621	87	O	11.09	A	-		
1621	88	O	11.09	C	-		
1621	89	O	11.09	G	-		
1621	90	O	11.09	T	-		
1621	91	O	11.09	C	-		
1621	92	O	11.09	C	-		
1621	93	O	11.09	A	-		
1621	94	O	11.09	C	-		
1621	95	O	11.09	G	-		
1621	96	O	11.09	C	-		
1621	97	O	11.09	A	-		
1621	98	O	11.09	A	-		
1621	99	O	11.09	C	-		
1621	100	O	11.09	A	-		
1621	101	O	11.09	G	-		
1621	102	O	11.09	A	-		
1621	103	O	11.09	A	-		
1621	104	O	11.09	A	-		
1621	105	O	11.09	T	-		
1621	106	O	11.09	C	-		
1621	107	O	11.09	T	-		
1621	108	O	11.09	T	-		
1621	109	O	11.09	G	-		
1622	0	O	18.02	T	-		
1622	1	O	18.02	T	-		
1622	2	O	18.02	G	-		
1622	3	O	18.02	T	-		
1622	4	O	18.02	C	-		
1622	5	O	18.02	C	-		
1622	6	O	18.02	A	-		
1622	7	O	18.02	T	-		
1622	8	O	18.02	T	-		
1622	9	O	18.02	A	-		
1622	10	O	18.02	G	-		
1622	11	O	18.02	G	-		
1622	12	O	18.02	A	-		
1622	13	O	18.02	T	-		
1622	14	O	18.02	T	-		
1622	15	O	18.02	A	-		
1622	16	O	18.02	T	-		
1622	17	O	18.02	T	-		
1622	18	O	18.02	A	-		
1622	19	O	18.02	C	-		
1622	20	O	18.02	C	-		
1622	21	O	18.02	T	-		
1622	22	O	18.02	T	-		
1622	23	O	18.02	T	-		
1622	24	O	18.02	A	-		
1622	25	O	18.02	C	-		
1622	26	O	8.77	T	-		
1622	27	O	18.02	A	-		
1622	28	O	18.02	G	-		
1622	29	O	18.02	T	-		
1622	30	O	18.02	A	-		
1622	31	O	18.02	T	-		
1622	32	O	18.02	T	-		
1622	33	O	18.02	A	-		
1622	34	O	18.02	A	-		
1622	35	O	18.02	T	-		
1622	36	O	18.02	A	-		
1622	37	O	18.02	G	-		
1622	38	O	18.02	A	-		
1622	39	O	18.02	A	-		
1622	40	O	18.02	T	-		
1622	41	O	18.02	T	-		
1622	42	O	18.02	T	-		
1622	43	O	18.02	A	-		
1622	44	O	18.02	T	-		
1622	45	O	18.02	T	-		
1622	46	O	18.02	T	-		
1622	47	O	18.02	C	-		
1622	48	O	18.02	T	-		
1622	49	O	18.02	T	-		
1622	50	O	18.02	A	-		
1622	51	O	8.77	C	-		
1622	52	O	18.02	T	-		
1622	53	O	18.02	T	-		
1622	54	O	18.02	A	-		
1622	55	O	18.02	G	-		
1622	56	O	18.02	C	-		
1622	57	O	18.02	T	-		
1622	58	O	18.02	A	-		
1622	59	O	18.02	G	-		
1622	60	O	18.02	A	-		
1622	61	O	18.02	A	-		
1622	62	O	18.02	A	-		
1622	63	O	18.02	T	-		
1622	64	O	18.02	G	-		
1622	65	O	18.02	T	-		
1622	66	O	18.02	T	-		
1622	67	O	18.02	T	-		
1622	68	O	18.02	C	-		
1622	69	O	18.02	A	-		
1622	70	O	18.02	T	-		
1622	71	O	18.02	T	-		
1622	72	O	18.02	A	-		
1622	73	O	18.02	G	-		
1622	74	O	18.02	G	-		
1622	75	O	18.02	T	-		
1622	76	O	18.02	T	-		
1622	77	O	18.02	T	-		
1622	78	O	18.02	A	-		
1622	79	O	18.02	A	-		
1622	80	O	18.02	G	-		
1622	81	O	18.02	A	-		
1622	82	O	18.02	T	-		
1622	83	O	18.02	T	-		
1622	84	O	18.02	A	-		
1622	85	O	18.02	G	-		
1622	86	O	18.02	C	-		
1622	87	O	18.02	A	-		
1622	88	O	18.02	G	-		
1622	89	O	18.02	C	-		
1622	90	O	18.02	A	-		
1622	91	O	18.02	A	-		
1622	92	O	18.02	A	-		
1622	93	O	18.02	T	-		
1622	94	O	18.02	A	-		
1622	95	O	18.02	T	-		
1622	96	O	18.02	A	-		
1622	97	O	18.02	T	-		
1622	98	O	18.02	T	-		
1622	99	O	18.02	A	-		
1622	100	O	18.02	T	-		
1622	101	O	18.02	C	-		
1622	102	O	18.02	T	-		
1622	103	O	18.02	G	-		
1622	104	O	18.02	G	-		
1622	105	O	18.02	T	-		
1622	106	O	18.02	C	-		
1622	107	O	18.02	A	-		
1622	108	O	18.02	C	-		
1622	109	O	18.02	A	-		
1623	0	O	9.70	C	-		
1623	1	O	9.70	G	-		
1623	2	O	9.70	T	-		
1623	3	O	9.70	C	-		
1623	4	O	9.70	A	-		
1623	5	O	9.70	G	-		
1623	6	O	9.70	G	-		
1623	7	O	9.70	A	-		
1623	8	O	9.70	T	-		
1623	9	O	9.70	A	-		
1623	10	O	9.70	A	-		
1623	11	O	9.70	A	-		
1623	12	O	9.70	C	-		
1623	13	O	9.70	A	-		
1623	14	O	9.70	A	-		
1623	15	O	9.70	T	-		
1623	16	O	9.70	G	-		
1623	17	O	9.70	C	-		
1623	18	O	9.70	G	-		
1623	19	O	9.70	T	-		
1623	20	O	9.70	C	-		
1623	21	O	9.70	C	-		
1623	22	O	9.70	A	-		
1623	23	O	9.70	A	-		
1623	24	O	9.70	G	-		
1623	25	O	9.70	C	-		
1623	26	O	9.70	T	-		
1623	27	O	9.70	C	-		
1623	28	O	9.70	A	-		
1623	29	O	9.70	T	-		
1623	30	O	9.70	A	-		
1623	31	O	9.70	T	-		
1623	32	O	9.70	C	-		
1623	33	O	9.70	T	-		
1623	34	O	9.70	T	-		
1623	35	O	9.70	G	-		
1623	36	O	9.70	C	-		
1623	37	O	9.70	C	-		
1623	38	O	9.70	T	-		
1623	39	O	9.70	T	-		
1623	40	O	9.70	G	-		
1623	41	O	9.70	C	-		
1623	42	O	9.70	G	-		
1623	43	O	9.70	A	-		
1623	44	O	9.70	A	-		
1623	45	O	9.70	A	-		
1623	46	O	9.70	G	-		
1623	47	O	9.70	A	-		
1623	48	O	9.70	G	-		
1623	49	O	9.70	G	-		
1623	50	O	9.70	C	-		
1623	51	O	9.70	A	-		
1623	52	O	9.70	C	-		
1623	53	O	9.70	A	-		
1623	54	O	9.70	G	-		
1623	55	O	9.70	C	-		
1623	56	O	9.70	G	-		
1623	57	O	9.70	C	-		
1623	58	O	9.70	C	-		
1623	59	O	9.70	G	-		
1623	60	O	9.70	C	-		
1623	61	O	9.70	C	-		
1623	62	O	9.70	G	-		
1623	63	O	9.70	C	-		
1623	64	O	9.70	A	-		
1623	65	O	9.70	C	-		
1623	66	O	9.70	A	-		
1623	67	O	9.70	G	-		
1623	68	O	9.70	C	-		
1623	69	O	9.70	A	-		
1623	70	O	9.70	C	-		
1623	71	O	9.70	G	-		
1623	72	O	9.70	G	-		
1623	73	O	9.70	T	-		
1623	74	O	9.70	A	-		
1623	75	O	9.70	A	-		
1623	76	O	9.70	T	-		
1623	77	O	9.70	G	-		
1623	78	O	9.70	T	-		
1623	79	O	9.70	T	-		
1623	80	O	9.70	C	-		
1623	81	O	9.70	C	-		
1623	82	O	9.70	C	-		
1623	83	O	9.70	T	-		
1623	84	O	9.70	C	-		
1623	85	O	9.70	T	-		
1623	86	O	9.70	C	-		
1623	87	O	9.70	C	-		
1623	88	O	9.70	C	-		
1623	89	O	9.70	T	-		
1623	90	O	9.70	C	-		
1623	91	O	9.70	T	-		
1623	92	O	9.70	C	-		
1623	93	O	9.70	T	-		
1623	94	O	9.70	C	-		
1623	95	O	9.70	C	-		
1623	96	O	9.70	T	-		
1623	97	O	9.70	C	-		
1623	98	O	9.70	T	-		
1623	99	O	9.70	C	-		
1623	100	O	9.70	A	-		
1623	101	O	9.70	C	-		
1623	102	O	9.70	A	-		
1623	103	O	9.70	C	-		
1623	104	O	9.70	G	-		
1623	105	O	9.70	G	-		
1623	106	O	9.70	C	-		
1623	107	O	9.70	A	-		
1623	108	O	9.70	T	-		
1623	109	O	9.70	T	-		
1624	0	O	11.09	A	-		
1624	1	O	11.09	G	-		
1624	2	O	11.09	T	-		
1624	3	O	11.09	A	-		
1624	4	O	11.09	G	-		
1624	5	O	11.09	A	-		
1624	6	O	11.09	G	-		
1624	7	O	11.09	G	-		
1624	8	O	11.09	T	-		
1624	9	O	11.09	C	-		
1624	10	O	11.09	A	-		
1624	11	O	11.09	G	-		
1624	12	O	11.09	T	-		
1624	13	O	11.09	C	-		
1624	14	O	11.09	A	-		
1624	15	O	11.09	T	-		
1624	16	O	11.09	T	-		
1624	17	O	11.09	C	-		
1624	18	O	11.09	T	-		
1624	19	O	11.09	T	-		
1624	20	O	11.09	T	-		
1624	21	O	11.09	A	-		
1624	22	O	11.09	T	-		
1624	23	O	11.09	T	-		
1624	24	O	11.09	A	-		
1624	25	O	11.09	A	-		
1624	26	O	11.09	A	-		
1624	27	O	11.09	C	-		
1624	28	O	11.09	T	-		
1624	29	O	11.09	T	-		
1624	30	O	11.09	G	-		
1624	31	O	11.09	A	-		
1624	32	O	11.09	T	-		
1624	33	O	11.09	A	-		
1624	34	O	11.09	T	-		
1624	35	O	11.09	T	-		
1624	36	O	11.09	G	-		
1624	37	O	11.09	C	-		
1624	38	O	11.09	T	-		
1624	39	O	11.09	G	-		
1624	40	O	11.09	T	-		
1624	41	O	11.09	T	-		
1624	42	O	11.09	C	-		
1624	43	O	11.09	C	-		
1624	44	O	11.09	A	-		
1624	45	O	11.09	T	-		
1624	46	O	11.09	T	-		
1624	47	O	11.09	A	-		
1624	48	O	11.09	A	-		
1624	49	O	11.09	T	-		
1624	50	O	11.09	C	-		
1624	51	O	11.09	T	-		
1624	52	O	11.09	T	-		
1624	53	O	11.09	G	-		
1624	54	O	11.09	T	-		
1624	55	O	11.09	T	-		
1624	56	O	11.09	G	-		
1624	57	O	11.09	T	-		
1624	58	O	11.09	G	-		
1624	59	O	11.09	G	-		
1624	60	O	11.09	T	-		
1624	61	O	11.09	C	-		
1624	62	O	11.09	A	-		
1624	63	O	11.09	G	-		
1624	64	O	11.09	G	-		
1624	65	O	11.09	A	-		
1624	66	O	11.09	A	-		
1624	67	O	11.09	C	-		
1624	68	O	11.09	C	-		
1624	69	O	11.09	A	-		
1624	70	O	11.09	T	-		
1624	71	O	11.09	A	-		
1624	72	O	11.09	T	-		
1624	73	O	11.09	C	-		
1624	74	O	11.09	T	-		
1624	75	O	11.09	T	-		
1624	76	O	11.09	A	-		
1624	77	O	11.09	A	-		
1624	78	O	11.09	T	-		
1624	79	O	11.09	A	-		
1624	80	O	11.09	A	-		
1624	81	O	11.09	G	-		
1624	82	O	11.09	T	-		
1624	83	O	11.09	T	-		
1624	84	O	11.09	A	-		
1624	85	O	11.09	T	-		
1624	86	O	11.09	T	-		
1624	87	O	11.09	G	-		
1624	88	O	11.09	C	-		
1624	89	O	11.09	A	-		
1624	90	O	11.09	T	-		
1624	91	O	11.09	G	-		
1624	92	O	11.09	T	-		
1624	93	O	11.09	T	-		
1624	94	O	11.09	C	-		
1624	95	O	11.09	T	-		
1624	96	O	11.09	C	-		
1624	97	O	11.09	T	-		
1624	98	O	11.09	C	-		
1624	99	O	11.09	T	-		
1624	100	O	11.09	T	-		
1624	101	O	11.09	T	-		
1624	102	O	11.09	C	-		
1624	103	O	11.09	T	-		
1624	104	O	11.09	C	-		
1624	105	O	11.09	T	-		
1624	106	O	11.09	C	-		
1624	107	U	2.86	T	A		
1624	108	O	11.09	C	-		
1624	109	O	11.09	C	-		
1625	0	O	8.32	A	-		
1625	1	O	8.32	G	-		
1625	2	O	8.32	A	-		
1625	3	O	8.32	A	-		
1625	4	O	8.32	A	-		
1625	5	O	8.32	A	-		
1625	6	O	8.32	G	-		
1625	7	O	8.32	A	-		
1625	8	O	8.32	G	-		
1625	9	O	8.32	T	-		
1625	10	O	8.32	C	-		
1625	11	O	8.32	C	-		
1625	12	O	8.32	T	-		
1625	13	O	8.32	C	-		
1625	14	O	8.32	C	-		
1625	15	O	8.32	A	-		
1625	16	O	8.32	A	-		
1625	17	O	8.32	G	-		
1625	18	O	8.32	A	-		
1625	19	O	8.32	G	-		
1625	20	O	8.32	T	-		
1625	21	O	8.32	C	-		
1625	22	O	8.32	G	-		
1625	23	O	8.32	T	-		
1625	24	O	8.32	G	-		
1625	25	O	8.32	A	-		
1625	26	O	8.32	T	-		
1625	27	O	8.32	A	-		
1625	28	O	8.32	T	-		
1625	29	O	8.32	T	-		
1625	30	O	8.32	T	-		
1625	31	O	8.32	G	-		
1625	32	O	8.32	A	-		
1625	33	O	8.32	T	-		
1625	34	O	8.32	C	-		
1625	35	O	8.32	G	-		
1625	36	O	8.32	A	-		
1625	37	O	8.32	A	-		
1625	38	O	8.32	A	-		
1625	39	O	8.32	A	-		
1625	40	O	8.32	A	-		
1625	41	O	8.32	T	-		
1625	42	O	8.32	C	-		
1625	43	O	8.32	T	-		
1625	44	O	8.32	T	-		
1625	45	O	8.32	G	-		
1625	46	O	8.32	C	-		
1625	47	O	8.32	A	-		
1625	48	O	8.32	G	-		
1625	49	O	8.32	A	-		
1625	50	O	8.32	C	-		
1625	51	O	8.32	A	-		
1625	52	O	8.32	C	-		
1625	53	O	8.32	A	-		
1625	54	O	8.32	A	-		
1625	55	O	8.32	T	-		
1625	56	O	8.32	T	-		
1625	57	O	8.32	T	-		
1625	58	O	8.32	T	-		
1625	59	O	8.32	T	-		
1625	60	O	8.32	G	-		
1625	61	O	8.32	A	-		
1625	62	O	8.32	T	-		
1625	63	O	8.32	T	-		
1625	64	O	8.32	G	-		
1625	65	O	8.32	T	-		
1625	66	O	8.32	C	-		
1625	67	O	8.32	C	-		
1625	68	O	8.32	T	-		
1625	69	O	8.32	T	-		
1625	70	O	8.32	C	-		
1625	71	O	8.32	A	-		
1625	72	O	8.32	C	-		
1625	73	O	8.32	T	-		
1625	74	O	8.32	A	-		
1625	75	O	8.32	A	-		
1625	76	O	8.32	G	-		
1625	77	O	8.32	A	-		
1625	78	O	8.32	A	-		
1625	79	O	8.32	A	-		
1625	80	O	8.32	G	-		
1625	81	O	8.32	C	-		
1625	82	O	8.32	C	-		
1625	83	O	8.32	A	-		
1625	84	O	8.32	G	-		
1625	85	O	8.32	A	-		
1625	86	O	8.32	G	-		
1625	87	O	8.32	A	-		
1625	88	O	8.32	G	-		
1625	89	O	8.32	T	-		
1625	90	O	8.32	C	-		
1625	91	O	8.32	T	-		
1625	92	O	8.32	T	-		
1625	93	O	8.32	T	-		
1625	94	O	8.32	C	-		
1625	95	O	8.32	T	-		
1625	96	O	8.32	G	-		
1625	97	O	8.32	A	-		
1625	98	O	8.32	C	-		
1625	99	O	8.32	A	-		
1625	100	O	8.32	G	-		
1625	101	O	8.32	A	-		
1625	102	O	8.32	C	-		
1625	103	O	8.32	G	-		
1625	104	O	8.32	C	-		
1625	105	O	8.32	A	-		
1625	106	O	8.32	T	-		
1625	107	O	8.32	A	-		
1625	108	O	8.32	A	-		
1625	109	O	8.32	A	-		
1626	0	O	12.48	A	-		
1626	1	O	12.48	G	-		
1626	2	O	12.48	G	-		
1626	3	O	12.48	G	-		
1626	4	O	12.48	C	-		
1626	5	O	12.48	T	-		
1626	6	O	12.48	G	-		
1626	7	O	12.48	G	-		
1626	8	O	12.48	A	-		
1626	9	O	12.48	G	-		
1626	10	O	12.48	A	-		
1626	11	O	12.48	G	-		
1626	12	O	12.48	A	-		
1626	13	O	12.48	C	-		
1626	14	O	12.48	A	-		
1626	15	O	12.48	C	-		
1626	16	O	12.48	C	-		
1626	17	O	12.48	T	-		
1626	18	O	12.48	G	-		
1626	19	O	12.48	T	-		
1626	20	O	12.48	C	-		
1626	21	O	12.48	T	-		
1626	22	O	12.48	G	-		
1626	23	O	12.48	G	-		
1626	24	O	12.48	C	-		
1626	25	O	12.48	T	-		
1626	26	O	12.48	C	-		
1626	27	O	12.48	A	-		
1626	28	O	12.48	G	-		
1626	29	O	12.48	G	-		
1626	30	O	12.48	C	-		
1626	31	O	12.48	C	-		
1626	32	O	12.48	C	-		
1626	33	O	12.48	A	-		
1626	34	O	12.48	T	-		
1626	35	O	12.48	C	-		
1626	36	O	12.48	A	-		
1626	37	O	12.48	C	-		
1626	38	O	12.48	T	-		
1626	39	O	12.48	A	-		
1626	40	O	12.48	C	-		
1626	41	O	12.48	T	-		
1626	42	O	12.48	C	-		
1626	43	O	12.48	G	-		
1626	44	O	12.48	C	-		
1626	45	O	12.48	G	-		
1626	46	O	12.48	A	-		
1626	47	O	12.48	G	-		
1626	48	O	12.48	G	-		
1626	49	O	12.48	C	-		
1626	50	O	12.48	C	-		
1626	51	O	12.48	A	-		
1626	52	O	12.48	C	-		
1626	53	O	12.48	C	-		
1626	54	O	12.48	A	-		
1626	55	O	12.48	G	-		
1626	56	O	12.48	C	-		
1626	57	O	12.48	A	-		
1626	58	O	12.48	G	-		
1626	59	O	12.48	T	-		
1626	60	O	12.48	C	-		
1626	61	O	12.48	G	-		
1626	62	O	12.48	G	-		
1626	63	O	12.48	T	-		
1626	64	O	12.48	A	-		
1626	65	O	12.48	G	-		
1626	66	O	12.48	T	-		
1626	67	O	12.48	C	-		
1626	68	O	12.48	G	-		
1626	69	O	12.48	G	-		
1626	70	O	12.48	T	-		
1626	71	O	12.48	G	-		
1626	72	O	12.48	T	-		
1626	73	O	12.48	C	-		
1626	74	O	12.48	G	-		
1626	75	O	12.48	G	-		
1626	76	O	12.48	C	-		
1626	77	O	12.48	C	-		
1626	78	O	12.48	A	-		
1626	79	O	12.48	G	-		
1626	80	O	12.48	G	-		
1626	81	O	12.48	A	-		
1626	82	O	12.48	G	-		
1626	83	O	12.48	T	-		
1626	84	O	12.48	G	-		
1626	85	O	12.48	G	-		
1626	86	O	12.48	C	-		
1626	87	O	12.48	G	-		
1626	88	O	12.48	A	-		
1626	89	O	12.48	G	-		
1626	90	O	12.48	A	-		
1626	91	O	12.48	G	-		
1626	92	O	12.48	G	-		
1626	93	O	12.48	A	-		
1626	94	O	12.48	T	-		
1626	95	O	12.48	G	-		
1626	96	O	12.48	C	-		
1626	97	O	12.48	A	-		
1626	98	O	12.48	G	-		
1626	99	O	12.48	C	-		
1626	100	O	12.48	A	-		
1626	101	O	12.48	C	-		
1626	102	O	12.48	A	-		
1626	103	O	12.48	A	-		
1626	104	O	12.48	G	-		
1626	105	O	12.48	G	-		
1626	106	O	12.48	C	-		
1626	107	O	12.48	C	-		
1626	108	O	12.48	G	-		
1626	109	O	12.48	A	-		
1627	0	O	9.70	A	-		
1627	1	O	9.70	G	-		
1627	2	O	9.70	G	-		
1627	3	O	9.70	C	-		
1627	4	O	9.70	A	-		
1627	5	O	9.70	T	-		
1627	6	O	9.70	T	-		
1627	7	O	9.70	G	-		
1627	8	O	9.70	T	-		
1627	9	O	9.70	G	-		
1627	10	O	9.70	A	-		
1627	11	O	9.70	A	-		
1627	12	O	9.70	C	-		
1627	13	O	9.70	A	-		
1627	14	O	9.70	A	-		
1627	15	O	9.70	C	-		
1627	16	O	9.70	A	-		
1627	17	O	9.70	C	-		
1627	18	O	9.70	A	-		
1627	19	O	9.70	C	-		
1627	20	O	9.70	T	-		
1627	21	O	9.70	G	-		
1627	22	O	9.70	A	-		
1627	23	O	9.70	G	-		
1627	24	O	9.70	G	-		
1627	25	O	9.70	C	-		
1627	26	U	1.77	C	A		
1627	27	O	9.70	T	-		
1627	28	O	9.70	T	-		
1627	29	O	9.70	C	-		
1627	30	O	9.70	C	-		
1627	31	O	9.70	A	-		
1627	32	O	9.70	T	-		
1627	33	O	9.70	C	-		
1627	34	O	9.70	C	-		
1627	35	O	9.70	C	-		
1627	36	O	9.70	A	-		
1627	37	O	9.70	A	-		
1627	38	O	9.70	G	-		
1627	39	O	9.70	C	-		
1627	40	O	9.70	T	-		
1627	41	O	9.70	T	-		
1627	42	O	9.70	C	-		
1627	43	O	9.70	T	-		
1627	44	O	9.70	G	-		
1627	45	O	9.70	T	-		
1627	46	O	9.70	G	-		
1627	47	O	9.70	A	-		
1627	48	O	9.70	C	-		
1627	49	O	9.70	C	-		
1627	50	O	9.70	C	-		
1627	51	O	9.70	G	-		
1627	52	O	9.70	G	-		
1627	53	O	9.70	A	-		
1627	54	O	9.70	A	-		
1627	55	O	9.70	T	-		
1627	56	O	9.70	G	-		
1627	57	O	9.70	G	-		
1627	58	O	9.70	A	-		
1627	59	O	9.70	G	-		
1627	60	O	9.70	A	-		
1627	61	O	9.70	A	-		
1627	62	O	9.70	A	-		
1627	63	O	9.70	G	-		
1627	64	O	9.70	C	-		
1627	65	O	9.70	T	-		
1627	66	O	9.70	A	-		
1627	67	O	9.70	A	-		
1627	68	O	9.70	T	-		
1627	69	O	9.70	G	-		
1627	70	O	9.70	G	-		
1627	71	O	9.70	A	-		
1627	72	O	9.70	G	-		
1627	73	O	9.70	C	-		
1627	74	O	9.70	A	-		
1627	75	O	9.70	G	-		
1627	76	O	9.70	T	-		
1627	77	O	9.70	G	-		
1627	78	O	9.70	C	-		
1627	79	O	9.70	T	-		
1627	80	O	9.70	G	-		
1627	81	O	9.70	G	-		
1627	82	O	9.70	G	-		
1627	83	O	9.70	C	-		
1627	84	O	9.70	C	-		
1627	85	O	9.70	C	-		
1627	86	O	9.70	C	-		
1627	87	O	9.70	T	-		
1627	88	O	9.70	A	-		
1627	89	O	9.70	A	-		
1627	90	O	9.70	T	-		
1627	91	O	9.70	C	-		
1627	92	O	9.70	C	-		
1627	93	O	9.70	T	-		
1627	94	O	9.70	G	-		
1627	95	O	9.70	C	-		
1627	96	O	9.70	G	-		
1627	97	O	9.70	G	-		
1627	98	O	9.70	C	-		
1627	99	O	9.70	C	-		
1627	100	O	9.70	A	-		
1627	101	O	9.70	G	-		
1627	102	O	9.70	G	-		
1627	103	O	9.70	C	-		
1627	104	O	9.70	C	-		
1627	105	O	9.70	A	-		
1627	106	O	9.70	T	-		
1627	107	O	9.70	C	-		
1627	108	O	9.70	C	-		
1627	109	O	9.70	T	-		
1628	0	O	8.32	G	-		
1628	1	O	8.32	G	-		
1628	2	O	8.32	T	-		
1628	3	O	8.32	A	-		
1628	4	O	8.32	T	-		
1628	5	O	8.32	G	-		
1628	6	O	8.32	T	-		
1628	7	O	8.32	G	-		
1628	8	O	8.32	C	-		
1628	9	O	8.32	G	-		
1628	10	O	8.32	T	-		
1628	11	O	8.32	C	-		
1628	12	O	8.32	A	-		
1628	13	O	8.32	G	-		
1628	14	O	8.32	T	-		
1628	15	O	8.32	G	-		
1628	16	O	8.32	T	-		
1628	17	O	8.32	G	-		
1628	18	O	8.32	T	-		
1628	19	O	8.32	T	-		
1628	20	O	8.32	T	-		
1628	21	O	8.32	G	-		
1628	22	O	8.32	C	-		
1628	23	O	8.32	G	-		
1628	24	O	8.32	T	-		
1628	25	O	8.32	G	-		
1628	26	O	8.32	C	-		
1628	27	O	8.32	G	-		
1628	28	O	8.32	T	-		
1628	29	O	8.32	G	-		
1628	30	O	8.32	T	-		
1628	31	O	8.32	G	-		
1628	32	O	8.32	T	-		
1628	33	O	8.32	G	-		
1628	34	O	8.32	T	-		
1628	35	O	8.32	G	-		
1628	36	O	8.32	T	-		
1628	37	O	8.32	G	-		
1628	38	O	8.32	C	-		
1628	39	O	8.32	G	-		
1628	40	O	8.32	C	-		
1628	41	O	8.32	G	-		
1628	42	O	8.32	T	-		
1628	43	O	8.32	C	-		
1628	44	O	8.32	T	-		
1628	45	O	8.32	G	-		
1628	46	O	8.32	T	-		
1628	47	O	8.32	G	-		
1628	48	O	8.32	C	-		
1628	49	O	8.32	T	-		
1628	50	O	8.32	C	-		
1628	51	O	8.32	G	-		
1628	52	O	8.32	C	-		
1628	53	O	8.32	G	-		
1628	54	O	8.32	C	-		
1628	55	O	8.32	T	-		
1628	56	O	8.32	C	-		
1628	57	O	8.32	G	-		
1628	58	O	8.32	C	-		
1628	59	O	8.32	T	-		
1628	60	O	8.32	C	-		
1628	61	O	8.32	T	-		
1628	62	O	8.32	C	-		
1628	63	O	8.32	T	-		
1628	64	O	8.32	C	-		
1628	65	O	8.32	G	-		
1628	66	O	8.32	A	-		
1628	67	O	8.32	T	-		
1628	68	O	8.32	C	-		
1628	69	O	8.32	G	-		
1628	70	O	8.32	G	-		
1628	71	O	8.32	G	-		
1628	72	O	8.32	C	-		
1628	73	O	8.32	T	-		
1628	74	O	8.32	G	-		
1628	75	O	8.32	C	-		
1628	76	O	8.32	C	-		
1628	77	O	8.32	C	-		
1628	78	O	8.32	G	-		
1628	79	O	8.32	T	-		
1628	80	O	8.32	C	-		
1628	81	O	8.32	C	-		
1628	82	O	8.32	A	-		
1628	83	O	8.32	A	-		
1628	84	O	8.32	T	-		
1628	85	O	8.32	C	-		
1628	86	O	8.32	G	-		
1628	87	O	8.32	G	-		
1628	88	O	8.32	G	-		
1628	89	O	8.32	C	-		
1628	90	O	8.32	T	-		
1628	91	O	8.32	C	-		
1628	92	O	8.32	C	-		
1628	93	O	8.32	T	-		
1628	94	O	8.32	G	-		
1628	95	O	8.32	G	-		
1628	96	O	8.32	C	-		
1628	97	O	8.32	C	-		
1628	98	O	8.32	A	-		
1628	99	O	8.32	A	-		
1628	100	O	8.32	T	-		
1628	101	O	8.32	G	-		
1628	102	O	8.32	A	-		
1628	103	O	8.32	T	-		
1628	104	O	8.32	G	-		
1628	105	O	8.32	A	-		
1628	106	O	8.32	A	-		
1628	107	O	8.32	T	-		
1628	108	O	8.32	C	-		
1628	109	O	8.32	G	-		
1629	0	O	11.09	C	-		
1629	1	O	11.09	C	-		
1629	2	O	11.09	G	-		
1629	3	O	11.09	A	-		
1629	4	O	11.09	C	-		
1629	5	O	11.09	C	-		
1629	6	O	11.09	G	-		
1629	7	O	11.09	A	-		
1629	8	O	11.09	G	-		
1629	9	O	11.09	T	-		
1629	10	O	11.09	G	-		
1629	11	O	11.09	G	-		
1629	12	O	11.09	G	-		
1629	13	O	11.09	C	-		
1629	14	O	11.09	G	-		
1629	15	O	11.09	C	-		
1629	16	O	11.09	C	-		
1629	17	O	11.09	C	-		
1629	18	O	11.09	G	-		
1629	19	O	11.09	C	-		
1629	20	O	11.09	G	-		
1629	21	O	11.09	T	-		
1629	22	O	11.09	A	-		
1629	23	O	11.09	G	-		
1629	24	O	11.09	G	-		
1629	25	O	11.09	C	-		
1629	26	O	11.09	G	-		
1629	27	O	11.09	T	-		
1629	28	O	11.09	G	-		
1629	29	O	11.09	C	-		
1629	30	O	11.09	C	-		
1629	31	O	11.09	C	-		
1629	32	O	11.09	A	-		
1629	33	O	11.09	G	-		
1629	34	O	11.09	C	-		
1629	35	O	11.09	G	-		
1629	36	O	11.09	C	-		
1629	37	O	11.09	C	-		
1629	38	U	2.86	C	G		
1629	39	O	11.09	A	-		
1629	40	O	11.09	G	-		
1629	41	O	11.09	G	-		
1629	42	O	11.09	T	-		
1629	43	O	11.09	G	-		
1629	44	O	11.09	G	-		
1629	45	O	11.09	T	-		
1629	46	O	11.09	A	-		
1629	47	O	11.09	G	-		
1629	48	O	11.09	T	-		
1629	49	O	11.09	T	-		
1629	50	O	11.09	G	-		
1629	51	O	11.09	G	-		
1629	52	O	11.09	C	-		
1629	53	O	11.09	G	-		
1629	54	O	11.09	T	-		
1629	55	O	11.09	C	-		
1629	56	O	11.09	G	-		
1629	57	O	11.09	G	-		
1629	58	O	11.09	C	-		
1629	59	O	11.09	C	-		
1629	60	O	11.09	G	-		
1629	61	O	11.09	G	-		
1629	62	O	11.09	G	-		
1629	63	O	11.09	T	-		
1629	64	O	11.09	G	-		
1629	65	O	11.09	G	-		
1629	66	O	11.09	G	-		
1629	67	O	11.09	C	-		
1629	68	O	11.09	G	-		
1629	69	O	11.09	A	-		
1629	70	O	11.09	C	-		
1629	71	O	11.09	C	-		
1629	72	O	11.09	A	-		
1629	73	O	11.09	T	-		
1629	74	O	11.09	G	-		
1629	75	O	11.09	A	-		
1629	76	O	11.09	G	-		
1629	77	O	11.09	C	-		
1629	78	O	11.09	G	-		
1629	79	O	11.09	G	-		
1629	80	O	11.09	T	-		
1629	81	O	11.09	T	-		
1629	82	O	11.09	G	-		
1629	83	O	11.09	T	-		
1629	84	O	11.09	T	-		
1629	85	O	11.09	C	-		
1629	86	O	11.09	G	-		
1629	87	O	11.09	T	-		
1629	88	O	11.09	G	-		
1629	89	O	11.09	T	-		
1629	90	U	2.86	T	G		
1629	91	U	2.86	G	T		
1629	92	O	11.09	G	-		
1629	93	O	11.09	T	-		
1629	94	O	11.09	G	-		
1629	95	O	11.09	G	-		
1629	96	O	11.09	T	-		
1629	97	O	11.09	G	-		
1629	98	O	11.09	G	-		
1629	99	O	11.09	T	-		
1629	100	O	11.09	G	-		
1629	101	O	11.09	G	-		
1629	102	U	2.86	T	G		
1629	103	O	11.09	G	-		
1629	104	O	11.09	C	-		
1629	105	O	11.09	A	-		
1629	106	O	11.09	G	-		
1629	107	O	11.09	C	-		
1629	108	O	11.09	T	-		
1629	109	O	11.09	G	-		
1630	0	O	5.55	C	-		
1630	1	O	5.55	G	-		
1630	2	O	5.55	T	-		
1630	3	O	5.55	G	-		
1630	4	O	5.55	A	-		
1630	5	O	5.55	G	-		
1630	6	O	5.55	A	-		
1630	7	O	5.55	G	-		
1630	8	O	5.55	G	-		
1630	9	O	5.55	C	-		
1630	10	O	5.55	A	-		
1630	11	O	5.55	G	-		
1630	12	O	5.55	A	-		
1630	13	O	5.55	T	-		
1630	14	O	5.55	A	-		
1630	15	O	5.55	G	-		
1630	16	O	5.55	G	-		
1630	17	O	5.55	C	-		
1630	18	O	5.55	G	-		
1630	19	O	5.55	G	-		
1630	20	O	5.55	T	-		
1630	21	O	5.55	G	-		
1630	22	O	5.55	G	-		
1630	23	O	5.55	A	-		
1630	24	O	5.55	C	-		
1630	25	O	5.55	G	-		
1630	26	O	5.55	A	-		
1630	27	O	5.55	T	-		
1630	28	O	5.55	A	-		
1630	29	O	5.55	G	-		
1630	30	O	5.55	G	-		
1630	31	O	5.55	T	-		
1630	32	O	5.55	G	-		
1630	33	O	5.55	C	-		
1630	34	O	5.55	A	-		
1630	35	O	5.55	C	-		
1630	36	O	5.55	G	-		
1630	37	O	5.55	G	-		
1630	38	O	5.55	C	-		
1630	39	O	5.55	C	-		
1630	40	O	5.55	G	-		
1630	41	O	5.55	G	-		
1630	42	O	5.55	C	-		
1630	43	O	5.55	T	-		
1630	44	O	5.55	A	-		
1630	45	O	5.55	A	-		
1630	46	O	5.55	C	-		
1630	47	O	5.55	G	-		
1630	48	O	5.55	A	-		
1630	49	O	5.55	C	-		
1630	50	O	5.55	T	-		
1630	51	O	5.55	G	-		
1630	52	O	5.55	G	-		
1630	53	O	5.55	G	-		
1630	54	O	5.55	T	-		
1630	55	O	5.55	A	-		
1630	56	O	5.55	A	-		
1630	57	O	5.55	G	-		
1630	58	O	5.55	A	-		
1630	59	O	5.55	G	-		
1630	60	O	5.55	A	-		
1630	61	O	5.55	G	-		
1630	62	O	5.55	C	-		
1630	63	O	5.55	T	-		
1630	64	O	5.55	C	-		
1630	65	O	5.55	T	-		
1630	66	O	5.55	T	-		
1630	67	O	5.55	G	-		
1630	68	O	5.55	G	-		
1630	69	O	5.55	G	-		
1630	70	O	5.55	C	-		
1630	71	O	5.55	G	-		
1630	72	O	5.55	G	-		
1630	73	O	5.55	C	-		
1630	74	O	5.55	G	-		
1630	75	O	5.55	C	-		
1630	76	O	5.55	A	-		
1630	77	O	5.55	A	-		
1630	78	O	5.55	G	-		
1630	79	O	5.55	C	-		
1630	80	O	5.55	G	-		
1630	81	O	5.55	A	-		
1630	82	O	5.55	T	-		
1630	83	O	5.55	A	-		
1630	84	O	5.55	G	-		
1630	85	O	5.55	T	-		
1630	86	O	5.55	C	-		
1630	87	O	5.55	A	-		
1630	88	O	5.55	C	-		
1630	89	O	5.55	T	-		
1630	90	O	5.55	T	-		
1630	91	O	5.55	A	-		
1630	92	O	5.55	C	-		
1630	93	O	5.55	C	-		
1630	94	O	5.55	A	-		
1630	95	O	5.55	G	-		
1630	96	O	5.55	A	-		
1630	97	O	5.55	C	-		
1630	98	O	5.55	A	-		
1630	99	O	5.55	T	-		
1630	100	O	5.55	C	-		
1630	101	O	5.55	C	-		
1630	102	O	5.55	A	-		
1630	103	O	5.55	T	-		
1630	104	O	5.55	C	-		
1630	105	O	5.55	A	-		
1630	106	O	5.55	G	-		
1630	107	O	5.55	G	-		
1630	108	O	5.55	A	-		
1630	109	O	5.55	T	-		
1631	0	O	8.32	A	-		
1631	1	O	8.32	T	-		
1631	2	O	8.32	T	-		
1631	3	O	8.32	T	-		
1631	4	O	8.32	T	-		
1631	5	O	8.32	G	-		
1631	6	O	8.32	T	-		
1631	7	O	8.32	G	-		
1631	8	O	8.32	C	-		
1631	9	O	8.32	C	-		
1631	10	O	8.32	C	-		
1631	11	O	8.32	T	-		
1631	12	O	8.32	A	-		
1631	13	O	8.32	G	-		
1631	14	O	8.32	T	-		
1631	15	O	8.32	T	-		
1631	16	O	8.32	T	-		
1631	17	O	8.32	G	-		
1631	18	O	8.32	A	-		
1631	19	O	8.32	T	-		
1631	20	O	8.32	T	-		
1631	21	O	8.32	C	-		
1631	22	O	8.32	C	-		
1631	23	O	8.32	T	-		
1631	24	O	8.32	A	-		
1631	25	O	8.32	G	-		
1631	26	O	8.32	G	-		
1631	27	O	8.32	G	-		
1631	28	O	8.32	C	-		
1631	29	O	8.32	A	-		
1631	30	O	8.32	G	-		
1631	31	O	8.32	A	-		
1631	32	O	8.32	T	-		
1631	33	O	8.32	A	-		
1631	34	O	8.32	T	-		
1631	35	O	8.32	G	-		
1631	36	O	8.32	A	-		
1631	37	O	8.32	G	-		
1631	38	O	8.32	T	-		
1631	39	O	8.32	A	-		
1631	40	O	8.32	C	-		
1631	41	O	8.32	A	-		
1631	42	O	8.32	G	-		
1631	43	O	8.32	G	-		
1631	44	O	8.32	G	-		
1631	45	O	8.32	A	-		
1631	46	O	8.32	G	-		
1631	47	O	8.32	T	-		
1631	48	O	8.32	C	-		
1631	49	O	8.32	C	-		
1631	50	O	8.32	T	-		
1631	51	O	8.32	T	-		
1631	52	O	8.32	A	-		
1631	53	O	8.32	C	-		
1631	54	O	8.32	T	-		
1631	55	O	8.32	A	-		
1631	56	O	8.32	G	-		
1631	57	O	8.32	G	-		
1631	58	O	8.32	A	-		
1631	59	O	8.32	A	-		
1631	60	O	8.32	T	-		
1631	61	O	8.32	G	-		
1631	62	O	8.32	G	-		
1631	63	O	8.32	A	-		
1631	64	O	8.32	A	-		
1631	65	O	8.32	T	-		
1631	66	O	8.32	G	-		
1631	67	O	8.32	T	-		
1631	68	O	8.32	A	-		
1631	69	O	8.32	T	-		
1631	70	O	8.32	T	-		
1631	71	O	8.32	T	-		
1631	72	O	8.32	T	-		
1631	73	O	8.32	A	-		
1631	74	O	8.32	T	-		
1631	75	O	8.32	G	-		
1631	76	O	8.32	C	-		
1631	77	O	8.32	C	-		
1631	78	O	8.32	T	-		
1631	79	O	8.32	T	-		
1631	80	O	8.32	T	-		
1631	81	O	8.32	T	-		
1631	82	O	8.32	G	-		
1631	83	O	8.32	G	-		
1631	84	O	8.32	A	-		
1631	85	O	8.32	T	-		
1631	86	O	8.32	G	-		
1631	87	O	8.32	A	-		
1631	88	O	8.32	A	-		
1631	89	O	8.32	G	-		
1631	90	O	8.32	G	-		
1631	91	O	8.32	A	-		
1631	92	O	8.32	A	-		
1631	93	O	8.32	A	-		
1631	94	O	8.32	A	-		
1631	95	O	8.32	C	-		
1631	96	O	8.32	A	-		
1631	97	O	8.32	A	-		
1631	98	O	8.32	C	-		
1631	99	O	8.32	T	-		
1631	100	O	8.32	T	-		
1631	101	O	8.32	T	-		
1631	102	O	8.32	A	-		
1631	103	O	8.32	T	-		
1631	104	O	8.32	A	-		
1631	105	O	8.32	G	-		
1631	106	O	8.32	G	-		
1631	107	O	8.32	A	-		
1631	108	O	8.32	A	-		
1631	109	O	8.32	A	-		
1632	0	O	6.93	G	-		
1632	1	O	6.93	A	-		
1632	2	O	6.93	T	-		
1632	3	O	6.93	G	-		
1632	4	O	6.93	G	-		
1632	5	O	6.93	A	-		
1632	6	O	6.93	G	-		
1632	7	O	6.93	A	-		
1632	8	O	6.93	G	-		
1632	9	O	6.93	A	-		
1632	10	O	6.93	C	-		
1632	11	O	6.93	G	-		
1632	12	O	6.93	T	-		
1632	13	O	6.93	T	-		
1632	14	O	6.93	C	-		
1632	15	O	6.93	A	-		
1632	16	O	6.93	T	-		
1632	17	O	6.93	C	-		
1632	18	O	6.93	A	-		
1632	19	O	6.93	C	-		
1632	20	O	6.93	G	-		
1632	21	O	6.93	A	-		
1632	22	O	6.93	T	-		
1632	23	O	6.93	A	-		
1632	24	O	6.93	C	-		
1632	25	O	6.93	T	-		
1632	26	O	6.93	C	-		
1632	27	O	6.93	C	-		
1632	28	U	-0.27	T	G		
1632	29	O	6.93	G	-		
1632	30	O	6.93	A	-		
1632	31	O	6.93	G	-		
1632	32	O	6.93	G	-		
1632	33	O	6.93	C	-		
1632	34	O	6.93	A	-		
1632	35	O	6.93	C	-		
1632	36	O	6.93	T	-		
1632	37	O	6.93	G	-		
1632	38	O	6.93	A	-		
1632	39	O	6.93	T	-		
1632	40	O	6.93	T	-		
1632	41	O	6.93	G	-		
1632	42	O	6.93	T	-		
1632	43	O	6.93	G	-		
1632	44	O	6.93	C	-		
1632	45	O	6.93	T	-		
1632	46	O	6.93	G	-		
1632	47	O	6.93	A	-		
1632	48	O	6.93	A	-		
1632	49	O	6.93	G	-		
1632	50	O	6.93	C	-		
1632	51	O	6.93	C	-		
1632	52	O	6.93	A	-		
1632	53	O	6.93	T	-		
1632	54	O	6.93	T	-		
1632	55	O	6.93	G	-		
1632	56	O	6.93	C	-		
1632	57	O	6.93	C	-		
1632	58	O	6.93	A	-		
1632	59	O	6.93	G	-		
1632	60	O	6.93	A	-		
1632	61	O	6.93	T	-		
1632	62	O	6.93	A	-		
1632	63	O	6.93	T	-		
1632	64	O	6.93	A	-		
1632	65	O	6.93	C	-		
1632	66	O	6.93	C	-		
1632	67	O	6.93	G	-		
1632	68	O	6.93	A	-		
1632	69	O	6.93	T	-		
1632	70	O	6.93	A	-		
1632	71	O	6.93	T	-		
1632	72	O	6.93	A	-		
1632	73	O	6.93	A	-		
1632	74	O	6.93	G	-		
1632	75	O	6.93	T	-		
1632	76	O	6.93	T	-		
1632	77	O	6.93	G	-		
1632	78	O	6.93	T	-		
1632	79	O	6.93	G	-		
1632	80	O	6.93	A	-		
1632	81	O	6.93	C	-		
1632	82	O	6.93	C	-		
1632	83	O	6.93	T	-		
1632	84	O	6.93	G	-		
1632	85	O	6.93	T	-		
1632	86	O	6.93	T	-		
1632	87	O	6.93	C	-		
1632	88	O	6.93	A	-		
1632	89	O	6.93	C	-		
1632	90	O	6.93	T	-		
1632	91	O	6.93	G	-		
1632	92	O	6.93	A	-		
1632	93	O	6.93	C	-		
1632	94	O	6.93	G	-		
1632	95	O	6.93	A	-		
1632	96	O	6.93	T	-		
1632	97	O	6.93	C	-		
1632	98	O	6.93	G	-		
1632	99	O	6.93	G	-		
1632	100	O	6.93	C	-		
1632	101	O	6.93	C	-		
1632	102	O	6.93	C	-		
1632	103	O	6.93	A	-		
1632	104	O	6.93	G	-		
1632	105	O	6.93	A	-		
1632	106	O	6.93	C	-		
1632	107	O	6.93	G	-		
1632	108	O	6.93	T	-		
1632	109	O	6.93	C	-		
1633	0	O	11.09	A	-		
1633	1	O	11.09	C	-		
1633	2	O	11.09	G	-		
1633	3	O	11.09	C	-		
1633	4	O	11.09	T	-		
1633	5	O	11.09	A	-		
1633	6	O	11.09	C	-		
1633	7	O	11.09	A	-		
1633	8	O	11.09	G	-		
1633	9	O	11.09	T	-		
1633	10	O	11.09	T	-		
1633	11	O	11.09	G	-		
1633	12	O	11.09	G	-		
1633	13	O	11.09	C	-		
1633	14	O	11.09	C	-		
1633	15	O	11.09	G	-		
1633	16	O	11.09	G	-		
1633	17	O	11.09	A	-		
1633	18	O	11.09	G	-		
1633	19	O	11.09	A	-		
1633	20	O	11.09	T	-		
1633	21	O	11.09	T	-		
1633	22	O	11.09	C	-		
1633	23	O	11.09	G	-		
1633	24	O	11.09	A	-		
1633	25	O	11.09	T	-		
1633	26	O	11.09	C	-		
1633	27	O	11.09	T	-		
1633	28	O	11.09	C	-		
1633	29	O	11.09	C	-		
1633	30	O	11.09	A	-		
1633	31	O	11.09	A	-		
1633	32	O	11.09	G	-		
1633	33	O	11.09	G	-		
1633	34	O	11.09	T	-		
1633	35	O	11.09	C	-		
1633	36	O	11.09	G	-		
1633	37	O	11.09	G	-		
1633	38	O	11.09	C	-		
1633	39	O	11.09	C	-		
1633	40	O	11.09	G	-		
1633	41	O	11.09	A	-		
1633	42	O	11.09	T	-		
1633	43	O	11.09	C	-		
1633	44	O	11.09	A	-		
1633	45	O	11.09	A	-		
1633	46	O	11.09	G	-		
1633	47	O	11.09	C	-		
1633	48	O	11.09	C	-		
1633	49	O	11.09	A	-		
1633	50	O	11.09	G	-		
1633	51	O	11.09	A	-		
1633	52	O	11.09	C	-		
1633	53	O	11.09	C	-		
1633	54	O	11.09	G	-		
1633	55	U	2.86	T	G		
1633	56	O	11.09	C	-		
1633	57	O	11.09	A	-		
1633	58	O	11.09	G	-		
1633	59	O	11.09	G	-		
1633	60	O	11.09	T	-		
1633	61	O	11.09	G	-		
1633	62	O	11.09	G	-		
1633	63	O	11.09	T	-		
1633	64	O	11.09	G	-		
1633	65	O	11.09	G	-		
1633	66	O	11.09	G	-		
1633	67	O	11.09	T	-		
1633	68	O	11.09	T	-		
1633	69	O	11.09	G	-		
1633	70	O	11.09	A	-		
1633	71	O	11.09	G	-		
1633	72	O	11.09	T	-		
1633	73	O	11.09	T	-		
1633	74	O	11.09	C	-		
1633	75	O	11.09	T	-		
1633	76	O	11.09	A	-		
1633	77	O	11.09	G	-		
1633	78	O	11.09	C	-		
1633	79	O	11.09	A	-		
1633	80	O	11.09	A	-		
1633	81	O	11.09	A	-		
1633	82	O	11.09	A	-		
1633	83	O	11.09	A	-		
1633	84	O	11.09	T	-		
1633	85	O	11.09	C	-		
1633	86	O	11.09	C	-		
1633	87	O	11.09	C	-		
1633	88	O	11.09	G	-		
1633	89	O	11.09	T	-		
1633	90	O	11.09	G	-		
1633	91	O	11.09	A	-		
1633	92	O	11.09	G	-		
1633	93	O	11.09	T	-		
1633	94	O	11.09	G	-		
1633	95	O	11.09	T	-		
1633	96	O	11.09	T	-		
1633	97	O	11.09	C	-		
1633	98	O	11.09	G	-		
1633	99	O	11.09	C	-		
1633	100	O	11.09	C	-		
1633	101	O	11.09	C	-		
1633	102	O	11.09	G	-		
1633	103	O	11.09	A	-		
1633	104	O	11.09	G	-		
1633	105	O	11.09	A	-		
1633	106	O	11.09	A	-		
1633	107	O	11.09	G	-		
1633	108	O	11.09	A	-		
1633	109	O	11.09	G	-		
1634	0	O	8.32	T	-		
1634	1	O	8.32	T	-		
1634	2	O	8.32	G	-		
1634	3	O	8.32	C	-		
1634	4	O	8.32	A	-		
1634	5	O	8.32	G	-		
1634	6	O	8.32	A	-		
1634	7	O	8.32	T	-		
1634	8	O	8.32	C	-		
1634	9	O	8.32	T	-		
1634	10	O	8.32	T	-		
1634	11	O	8.32	G	-		
1634	12	O	8.32	C	-		
1634	13	O	8.32	A	-		
1634	14	O	8.32	G	-		
1634	15	O	8.32	T	-		
1634	16	O	8.32	T	-		
1634	17	O	8.32	C	-		
1634	18	O	8.32	C	-		
1634	19	O	8.32	T	-		
1634	20	O	8.32	C	-		
1634	21	O	8.32	A	-		
1634	22	O	8.32	T	-		
1634	23	O	8.32	C	-		
1634	24	O	8.32	G	-		
1634	25	O	8.32	C	-		
1634	26	O	8.32	G	-		
1634	27	O	8.32	C	-		
1634	28	O	8.32	T	-		
1634	29	O	8.32	G	-		
1634	30	O	8.32	G	-		
1634	31	O	8.32	T	-		
1634	32	O	8.32	G	-		
1634	33	O	8.32	C	-		
1634	34	O	8.32	A	-		
1634	35	O	8.32	C	-		
1634	36	O	8.32	T	-		
1634	37	O	8.32	C	-		
1634	38	O	8.32	G	-		
1634	39	O	8.32	T	-		
1634	40	O	8.32	T	-		
1634	41	O	8.32	G	-		
1634	42	O	8.32	C	-		
1634	43	O	8.32	A	-		
1634	44	O	8.32	G	-		
1634	45	O	8.32	C	-		
1634	46	O	8.32	C	-		
1634	47	O	8.32	G	-		
1634	48	O	8.32	C	-		
1634	49	O	8.32	T	-		
1634	50	O	8.32	C	-		
1634	51	O	8.32	T	-		
1634	52	O	8.32	A	-		
1634	53	O	8.32	C	-		
1634	54	O	8.32	C	-		
1634	55	O	8.32	T	-		
1634	56	O	8.32	G	-		
1634	57	O	8.32	C	-		
1634	58	O	8.32	A	-		
1634	59	O	8.32	A	-		
1634	60	O	8.32	C	-		
1634	61	O	8.32	A	-		
1634	62	O	8.32	G	-		
1634	63	O	8.32	T	-		
1634	64	O	8.32	G	-		
1634	65	O	8.32	C	-		
1634	66	O	8.32	A	-		
1634	67	O	8.32	C	-		
1634	68	O	8.32	C	-		
1634	69	O	8.32	T	-		
1634	70	O	8.32	T	-		
1634	71	O	8.32	C	-		
1634	72	O	8.32	C	-		
1634	73	O	8.32	C	-		
1634	74	O	8.32	G	-		
1634	75	O	8.32	G	-		
1634	76	O	8.32	C	-		
1634	77	O	8.32	C	-		
1634	78	O	8.32	A	-		
1634	79	O	8.32	T	-		
1634	80	O	8.32	C	-		
1634	81	O	8.32	T	-		
1634	82	O	8.32	T	-		
1634	83	O	8.32	C	-		
1634	84	O	8.32	G	-		
1634	85	O	8.32	T	-		
1634	86	O	8.32	G	-		
1634	87	O	8.32	A	-		
1634	88	O	8.32	T	-		
1634	89	O	8.32	G	-		
1634	90	O	8.32	G	-		
1634	91	O	8.32	G	-		
1634	92	O	8.32	C	-		
1634	93	O	8.32	C	-		
1634	94	O	8.32	A	-		
1634	95	O	8.32	G	-		
1634	96	O	8.32	A	-		
1634	97	O	8.32	C	-		
1634	98	O	8.32	G	-		
1634	99	O	8.32	G	-		
1634	100	O	8.32	C	-		
1634	101	O	8.32	C	-		
1634	102	O	8.32	G	-		
1634	103	O	8.32	G	-		
1634	104	O	8.32	C	-		
1634	105	U	0.71	G	C		
1634	106	O	8.32	C	-		
1634	107	O	8.32	C	-		
1634	108	O	8.32	A	-		
1634	109	O	8.32	T	-		
1635	0	O	8.32	C	-		
1635	1	O	8.32	A	-		
1635	2	O	8.32	G	-		
1635	3	O	8.32	C	-		
1635	4	O	8.32	G	-		
1635	5	O	8.32	G	-		
1635	6	O	8.32	C	-		
1635	7	O	8.32	C	-		
1635	8	O	8.32	G	-		
1635	9	O	8.32	G	-		
1635	10	O	8.32	C	-		
1635	11	O	8.32	A	-		
1635	12	O	8.32	C	-		
1635	13	O	8.32	G	-		
1635	14	O	8.32	C	-		
1635	15	O	8.32	T	-		
1635	16	O	8.32	C	-		
1635	17	O	8.32	A	-		
1635	18	O	8.32	T	-		
1635	19	O	8.32	C	-		
1635	20	O	8.32	C	-		
1635	21	O	8.32	T	-		
1635	22	O	8.32	C	-		
1635	23	O	8.32	G	-		
1635	24	O	8.32	G	-		
1635	25	O	8.32	A	-		
1635	26	O	8.32	G	-		
1635	27	O	8.32	T	-		
1635	28	O	8.32	C	-		
1635	29	O	8.32	G	-		
1635	30	O	8.32	G	-		
1635	31	O	8.32	T	-		
1635	32	O	8.32	C	-		
1635	33	O	8.32	A	-		
1635	34	O	8.32	C	-		
1635	35	O	8.32	G	-		
1635	36	O	8.32	G	-		
1635	37	O	8.32	G	-		
1635	38	O	8.32	C	-		
1635	39	O	8.32	T	-		
1635	40	O	8.32	G	-		
1635	41	O	8.32	T	-		
1635	42	O	8.32	G	-		
1635	43	O	8.32	T	-		
1635	44	O	8.32	C	-		
1635	45	O	8.32	G	-		
1635	46	O	8.32	A	-		
1635	47	O	8.32	G	-		
1635	48	O	8.32	T	-		
1635	49	O	8.32	G	-		
1635	50	O	8.32	C	-		
1635	51	O	8.32	C	-		
1635	52	O	8.32	A	-		
1635	53	O	8.32	G	-		
1635	54	O	8.32	T	-		
1635	55	O	8.32	C	-		
1635	56	O	8.32	G	-		
1635	57	O	8.32	C	-		
1635	58	O	8.32	C	-		
1635	59	O	8.32	G	-		
1635	60	O	8.32	A	-		
1635	61	O	8.32	C	-		
1635	62	O	8.32	G	-		
1635	63	O	8.32	C	-		
1635	64	O	8.32	T	-		
1635	65	O	8.32	G	-		
1635	66	O	8.32	C	-		
1635	67	O	8.32	G	-		
1635	68	O	8.32	G	-		
1635	69	O	8.32	T	-		
1635	70	O	8.32	A	-		
1635	71	O	8.32	G	-		
1635	72	O	8.32	C	-		
1635	73	O	8.32	C	-		
1635	74	O	8.32	T	-		
1635	75	O	8.32	T	-		
1635	76	O	8.32	G	-		
1635	77	O	8.32	G	-		
1635	78	O	8.32	T	-		
1635	79	O	8.32	C	-		
1635	80	O	8.32	G	-		
1635	81	O	8.32	A	-		
1635	82	O	8.32	G	-		
1635	83	O	8.32	G	-		
1635	84	O	8.32	A	-		
1635	85	O	8.32	G	-		
1635	86	O	8.32	A	-		
1635	87	O	8.32	G	-		
1635	88	O	8.32	A	-		
1635	89	O	8.32	A	-		
1635	90	O	8.32	T	-		
1635	91	O	8.32	T	-		
1635	92	O	8.32	G	-		
1635	93	O	8.32	G	-		
1635	94	O	8.32	T	-		
1635	95	O	8.32	C	-		
1635	96	O	8.32	G	-		
1635	97	O	8.32	G	-		
1635	98	O	8.32	G	-		
1635	99	O	8.32	A	-		
1635	100	O	8.32	C	-		
1635	101	O	8.32	G	-		
1635	102	O	8.32	T	-		
1635	103	O	8.32	T	-		
1635	104	O	8.32	G	-		
1635	105	O	8.32	T	-		
1635	106	O	8.32	T	-		
1635	107	O	8.32	T	-		
1635	108	O	8.32	T	-		
1635	109	O	8.32	C	-		
1636	0	O	6.93	T	-		
1636	1	O	6.93	G	-		
1636	2	O	6.93	C	-		
1636	3	O	6.93	A	-		
1636	4	O	6.93	A	-		
1636	5	O	6.93	G	-		
1636	6	O	6.93	A	-		
1636	7	O	6.93	G	-		
1636	8	O	6.93	A	-		
1636	9	O	6.93	G	-		
1636	10	O	6.93	G	-		
1636	11	O	6.93	C	-		
1636	12	O	6.93	G	-		
1636	13	O	6.93	C	-		
1636	14	O	6.93	C	-		
1636	15	O	6.93	T	-		
1636	16	O	6.93	C	-		
1636	17	O	6.93	A	-		
1636	18	O	6.93	C	-		
1636	19	O	6.93	T	-		
1636	20	O	6.93	A	-		
1636	21	O	6.93	G	-		
1636	22	O	6.93	C	-		
1636	23	O	6.93	T	-		
1636	24	O	6.93	C	-		
1636	25	O	6.93	A	-		
1636	26	O	6.93	T	-		
1636	27	O	6.93	C	-		
1636	28	O	6.93	C	-		
1636	29	O	6.93	T	-		
1636	30	O	6.93	A	-		
1636	31	O	6.93	A	-		
1636	32	O	6.93	T	-		
1636	33	O	6.93	T	-		
1636	34	O	6.93	C	-		
1636	35	O	6.93	C	-		
1636	36	O	6.93	T	-		
1636	37	O	6.93	T	-		
1636	38	O	6.93	C	-		
1636	39	O	6.93	C	-		
1636	40	O	6.93	G	-		
1636	41	O	6.93	A	-		
1636	42	O	6.93	C	-		
1636	43	O	6.93	T	-		
1636	44	O	6.93	A	-		
1636	45	O	6.93	G	-		
1636	46	O	6.93	G	-		
1636	47	O	6.93	A	-		
1636	48	O	6.93	A	-		
1636	49	O	6.93	T	-		
1636	50	O	6.93	C	-		
1636	51	O	6.93	G	-		
1636	52	O	6.93	C	-		
1636	53	O	6.93	A	-		
1636	54	O	6.93	A	-		
1636	55	O	6.93	T	-		
1636	56	O	6.93	C	-		
1636	57	O	6.93	C	-		
1636	58	O	6.93	T	-		
1636	59	O	6.93	C	-		
1636	60	O	6.93	T	-		
1636	61	O	6.93	C	-		
1636	62	O	6.93	T	-		
1636	63	O	6.93	C	-		
1636	64	O	6.93	C	-		
1636	65	O	6.93	A	-		
1636	66	O	6.93	C	-		
1636	67	O	6.93	C	-		
1636	68	O	6.93	T	-		
1636	69	O	6.93	T	-		
1636	70	O	6.93	T	-		
1636	71	O	6.93	A	-		
1636	72	O	6.93	C	-		
1636	73	O	6.93	C	-		
1636	74	O	6.93	T	-		
1636	75	O	6.93	T	-		
1636	76	O	6.93	T	-		
1636	77	O	6.93	G	-		
1636	78	O	6.93	C	-		
1636	79	O	6.93	C	-		
1636	80	O	6.93	C	-		
1636	81	O	6.93	G	-		
1636	82	O	6.93	A	-		
1636	83	O	6.93	T	-		
1636	84	O	6.93	A	-		
1636	85	O	6.93	C	-		
1636	86	O	6.93	A	-		
1636	87	O	6.93	A	-		
1636	88	O	6.93	T	-		
1636	89	O	6.93	A	-		
1636	90	O	6.93	A	-		
1636	91	O	6.93	C	-		
1636	92	O	6.93	C	-		
1636	93	O	6.93	T	-		
1636	94	O	6.93	G	-		
1636	95	O	6.93	C	-		
1636	96	O	6.93	C	-		
1636	97	O	6.93	A	-		
1636	98	O	6.93	C	-		
1636	99	O	6.93	T	-		
1636	100	O	6.93	T	-		
1636	101	O	6.93	C	-		
1636	102	O	6.93	A	-		
1636	103	O	6.93	A	-		
1636	104	O	6.93	A	-		
1636	105	O	6.93	A	-		
1636	106	O	6.93	A	-		
1636	107	O	6.93	T	-		
1636	108	O	6.93	A	-		
1636	109	O	6.93	T	-		
1637	0	O	6.93	T	-		
1637	1	O	6.93	A	-		
1637	2	O	6.93	C	-		
1637	3	O	6.93	T	-		
1637	4	O	6.93	G	-		
1637	5	O	6.93	C	-		
1637	6	O	6.93	G	-		
1637	7	O	6.93	T	-		
1637	8	O	6.93	G	-		
1637	9	O	6.93	T	-		
1637	10	O	6.93	A	-		
1637	11	O	6.93	C	-		
1637	12	O	6.93	C	-		
1637	13	O	6.93	T	-		
1637	14	O	6.93	G	-		
1637	15	O	6.93	T	-		
1637	16	O	6.93	C	-		
1637	17	O	6.93	C	-		
1637	18	O	6.93	G	-		
1637	19	O	6.93	G	-		
1637	20	O	6.93	T	-		
1637	21	O	6.93	A	-		
1637	22	O	6.93	T	-		
1637	23	O	6.93	G	-		
1637	24	O	6.93	T	-		
1637	25	O	6.93	G	-		
1637	26	O	6.93	G	-		
1637	27	O	6.93	A	-		
1637	28	O	6.93	T	-		
1637	29	O	6.93	G	-		
1637	30	O	6.93	G	-		
1637	31	O	6.93	C	-		
1637	32	O	6.93	G	-		
1637	33	O	6.93	C	-		
1637	34	O	6.93	C	-		
1637	35	O	6.93	C	-		
1637	36	O	6.93	C	-		
1637	37	O	6.93	A	-		
1637	38	O	6.93	G	-		
1637	39	O	6.93	G	-		
1637	40	O	6.93	T	-		
1637	41	O	6.93	T	-		
1637	42	O	6.93	T	-		
1637	43	O	6.93	C	-		
1637	44	O	6.93	G	-		
1637	45	O	6.93	C	-		
1637	46	O	6.93	C	-		
1637	47	O	6.93	G	-		
1637	48	O	6.93	C	-		
1637	49	O	6.93	G	-		
1637	50	O	6.93	C	-		
1637	51	O	6.93	C	-		
1637	52	O	6.93	G	-		
1637	53	O	6.93	C	-		
1637	54	O	6.93	A	-		
1637	55	O	6.93	C	-		
1637	56	O	6.93	C	-		
1637	57	O	6.93	G	-		
1637	58	O	6.93	A	-		
1637	59	O	6.93	C	-		
1637	60	O	6.93	T	-		
1637	61	O	6.93	C	-		
1637	62	O	6.93	G	-		
1637	63	O	6.93	A	-		
1637	64	O	6.93	T	-		
1637	65	O	6.93	G	-		
1637	66	O	6.93	G	-		
1637	67	O	6.93	C	-		
1637	68	O	6.93	G	-		
1637	69	O	6.93	T	-		
1637	70	O	6.93	C	-		
1637	71	O	6.93	G	-		
1637	72	O	6.93	C	-		
1637	73	O	6.93	T	-		
1637	74	O	6.93	G	-		
1637	75	O	6.93	A	-		
1637	76	O	6.93	G	-		
1637	77	O	6.93	G	-		
1637	78	O	6.93	T	-		
1637	79	O	6.93	T	-		
1637	80	O	6.93	G	-		
1637	81	O	6.93	C	-		
1637	82	O	6.93	T	-		
1637	83	O	6.93	G	-		
1637	84	O	6.93	A	-		
1637	85	O	6.93	A	-		
1637	86	O	6.93	G	-		
1637	87	O	6.93	G	-		
1637	88	O	6.93	G	-		
1637	89	O	6.93	C	-		
1637	90	O	6.93	A	-		
1637	91	O	6.93	C	-		
1637	92	O	6.93	C	-		
1637	93	O	6.93	T	-		
1637	94	O	6.93	G	-		
1637	95	O	6.93	A	-		
1637	96	O	6.93	C	-		
1637	97	O	6.93	G	-		
1637	98	O	6.93	C	-		
1637	99	O	6.93	A	-		
1637	100	O	6.93	C	-		
1637	101	O	6.93	G	-		
1637	102	O	6.93	G	-		
1637	103	O	6.93	C	-		
1637	104	O	6.93	G	-		
1637	105	O	6.93	G	-		
1637	106	O	6.93	A	-		
1637	107	O	6.93	C	-		
1637	108	O	6.93	T	-		
1637	109	O	6.93	T	-		
1638	0	O	6.93	T	-		
1638	1	O	6.93	G	-		
1638	2	O	6.93	G	-		
1638	3	O	6.93	C	-		
1638	4	O	6.93	A	-		
1638	5	O	6.93	A	-		
1638	6	O	6.93	A	-		
1638	7	O	6.93	G	-		
1638	8	O	6.93	G	-		
1638	9	O	6.93	C	-		
1638	10	O	6.93	G	-		
1638	11	O	6.93	A	-		
1638	12	O	6.93	A	-		
1638	13	O	6.93	A	-		
1638	14	O	6.93	C	-		
1638	15	O	6.93	T	-		
1638	16	O	6.93	G	-		
1638	17	O	6.93	C	-		
1638	18	O	6.93	G	-		
1638	19	O	6.93	A	-		
1638	20	O	6.93	A	-		
1638	21	O	6.93	C	-		
1638	22	O	6.93	T	-		
1638	23	O	6.93	A	-		
1638	24	O	6.93	T	-		
1638	25	O	6.93	C	-		
1638	26	O	6.93	G	-		
1638	27	O	6.93	A	-		
1638	28	O	6.93	T	-		
1638	29	O	6.93	C	-		
1638	30	O	6.93	G	-		
1638	31	O	6.93	C	-		
1638	32	O	6.93	A	-		
1638	33	O	6.93	C	-		
1638	34	O	6.93	A	-		
1638	35	O	6.93	C	-		
1638	36	O	6.93	G	-		
1638	37	O	6.93	C	-		
1638	38	O	6.93	A	-		
1638	39	O	6.93	A	-		
1638	40	O	6.93	T	-		
1638	41	O	6.93	G	-		
1638	42	O	6.93	A	-		
1638	43	O	6.93	A	-		
1638	44	O	6.93	C	-		
1638	45	O	6.93	G	-		
1638	46	O	6.93	C	-		
1638	47	O	6.93	A	-		
1638	48	O	6.93	G	-		
1638	49	O	6.93	G	-		
1638	50	O	6.93	C	-		
1638	51	O	6.93	T	-		
1638	52	O	6.93	G	-		
1638	53	O	6.93	T	-		
1638	54	O	6.93	A	-		
1638	55	O	6.93	C	-		
1638	56	O	6.93	G	-		
1638	57	O	6.93	C	-		
1638	58	O	6.93	G	-		
1638	59	O	6.93	G	-		
1638	60	O	6.93	T	-		
1638	61	O	6.93	G	-		
1638	62	O	6.93	C	-		
1638	63	O	6.93	T	-		
1638	64	O	6.93	T	-		
1638	65	O	6.93	G	-		
1638	66	O	6.93	C	-		
1638	67	O	6.93	G	-		
1638	68	O	6.93	T	-		
1638	69	O	6.93	A	-		
1638	70	O	6.93	C	-		
1638	71	O	6.93	T	-		
1638	72	O	6.93	A	-		
1638	73	O	6.93	C	-		
1638	74	O	6.93	G	-		
1638	75	O	6.93	C	-		
1638	76	O	6.93	A	-		
1638	77	O	6.93	A	-		
1638	78	O	6.93	T	-		
1638	79	O	6.93	G	-		
1638	80	O	6.93	C	-		
1638	81	O	6.93	G	-		
1638	82	O	6.93	T	-		
1638	83	O	6.93	A	-		
1638	84	O	6.93	C	-		
1638	85	O	6.93	A	-		
1638	86	O	6.93	T	-		
1638	87	O	6.93	G	-		
1638	88	O	6.93	C	-		
1638	89	O	6.93	G	-		
1638	90	O	6.93	A	-		
1638	91	O	6.93	T	-		
1638	92	O	6.93	T	-		
1638	93	O	6.93	T	-		
1638	94	O	6.93	T	-		
1638	95	O	6.93	T	-		
1638	96	O	6.93	A	-		
1638	97	O	6.93	G	-		
1638	98	O	6.93	C	-		
1638	99	O	6.93	G	-		
1638	100	O	6.93	C	-		
1638	101	O	6.93	A	-		
1638	102	O	6.93	G	-		
1638	103	O	6.93	G	-		
1638	104	O	6.93	A	-		
1638	105	O	6.93	A	-		
1638	106	O	6.93	T	-		
1638	107	O	6.93	T	-		
1638	108	O	6.93	A	-		
1638	109	O	6.93	T	-		
1639	0	O	8.32	A	-		
1639	1	O	8.32	T	-		
1639	2	O	8.32	G	-		
1639	3	O	8.32	A	-		
1639	4	O	8.32	C	-		
1639	5	O	8.32	T	-		
1639	6	O	8.32	C	-		
1639	7	O	8.32	G	-		
1639	8	O	8.32	C	-		
1639	9	O	8.32	C	-		
1639	10	O	8.32	G	-		
1639	11	O	8.32	G	-		
1639	12	O	8.32	T	-		
1639	13	O	8.32	T	-		
1639	14	O	8.32	T	-		
1639	15	O	8.32	C	-		
1639	16	O	8.32	G	-		
1639	17	O	8.32	C	-		
1639	18	O	8.32	C	-		
1639	19	O	8.32	G	-		
1639	20	O	8.32	A	-		
1639	21	O	8.32	T	-		
1639	22	O	8.32	G	-		
1639	23	O	8.32	T	-		
1639	24	O	8.32	A	-		
1639	25	O	8.32	T	-		
1639	26	O	8.32	C	-		
1639	27	O	8.32	A	-		
1639	28	O	8.32	C	-		
1639	29	O	8.32	C	-		
1639	30	O	8.32	C	-		
1639	31	O	8.32	C	-		
1639	32	O	8.32	G	-		
1639	33	O	8.32	T	-		
1639	34	O	8.32	C	-		
1639	35	O	8.32	G	-		
1639	36	O	8.32	T	-		
1639	37	O	8.32	G	-		
1639	38	O	8.32	C	-		
1639	39	O	8.32	C	-		
1639	40	O	8.32	G	-		
1639	41	O	8.32	A	-		
1639	42	O	8.32	C	-		
1639	43	O	8.32	G	-		
1639	44	O	8.32	G	-		
1639	45	O	8.32	G	-		
1639	46	O	8.32	T	-		
1639	47	O	8.32	G	-		
1639	48	O	8.32	A	-		
1639	49	O	8.32	C	-		
1639	50	O	8.32	T	-		
1639	51	O	8.32	T	-		
1639	52	O	8.32	T	-		
1639	53	O	8.32	G	-		
1639	54	O	8.32	C	-		
1639	55	O	8.32	A	-		
1639	56	O	8.32	G	-		
1639	57	O	8.32	G	-		
1639	58	O	8.32	C	-		
1639	59	O	8.32	G	-		
1639	60	O	8.32	A	-		
1639	61	O	8.32	G	-		
1639	62	O	8.32	A	-		
1639	63	O	8.32	G	-		
1639	64	O	8.32	G	-		
1639	65	O	8.32	C	-		
1639	66	O	8.32	A	-		
1639	67	O	8.32	G	-		
1639	68	O	8.32	T	-		
1639	69	O	8.32	T	-		
1639	70	O	8.32	T	-		
1639	71	O	8.32	C	-		
1639	72	O	8.32	C	-		
1639	73	O	8.32	A	-		
1639	74	O	8.32	C	-		
1639	75	O	8.32	G	-		
1639	76	O	8.32	A	-		
1639	77	O	8.32	A	-		
1639	78	O	8.32	G	-		
1639	79	O	8.32	G	-		
1639	80	O	8.32	A	-		
1639	81	O	8.32	A	-		
1639	82	O	8.32	C	-		
1639	83	O	8.32	T	-		
1639	84	O	8.32	T	-		
1639	85	O	8.32	T	-		
1639	86	O	8.32	G	-		
1639	87	O	8.32	A	-		
1639	88	O	8.32	T	-		
1639	89	O	8.32	T	-		
1639	90	O	8.32	T	-		
1639	91	O	8.32	C	-		
1639	92	O	8.32	C	-		
1639	93	O	8.32	G	-		
1639	94	O	8.32	T	-		
1639	95	O	8.32	T	-		
1639	96	O	8.32	C	-		
1639	97	O	8.32	C	-		
1639	98	O	8.32	G	-		
1639	99	O	8.32	A	-		
1639	100	O	8.32	G	-		
1639	101	O	8.32	G	-		
1639	102	O	8.32	C	-		
1639	103	O	8.32	C	-		
1639	104	O	8.32	G	-		
1639	105	O	8.32	A	-		
1639	106	O	8.32	T	-		
1639	107	O	8.32	T	-		
1639	108	O	8.32	T	-		
1639	109	O	8.32	T	-		
1640	0	U	0.00	-	-		
1640	1	U	0.00	-	-		
1640	2	U	0.00	-	-		
1640	3	U	0.00	-	-		
1640	4	U	0.00	-	-		
1640	5	U	0.00	-	-		
1640	6	U	0.00	-	-		
1640	7	U	0.00	-	-		
1640	8	U	0.00	-	-		
1640	9	U	0.00	-	-		
1640	10	O	19.41	G	-		
1640	11	O	19.41	C	-		
1640	12	O	19.41	C	-		
1640	13	O	19.41	A	-		
1640	14	O	19.41	A	-		
1640	15	O	19.41	A	-		
1640	16	O	19.41	A	-		
1640	17	O	19.41	C	-		
1640	18	O	19.41	C	-		
1640	19	O	19.41	A	-		
1640	20	O	19.41	T	-		
1640	21	O	19.41	G	-		
1640	22	O	19.41	G	-		
1640	23	O	19.41	G	-		
1640	24	O	19.41	T	-		
1640	25	O	19.41	A	-		
1640	26	O	19.41	G	-		
1640	27	O	19.41	C	-		
1640	28	O	19.41	A	-		
1640	29	O	19.41	C	-		
1640	30	O	19.41	C	-		
1640	31	O	19.41	A	-		
1640	32	O	19.41	A	-		
1640	33	O	19.41	C	-		
1640	34	O	19.41	G	-		
1640	35	O	19.41	A	-		
1640	36	O	19.41	T	-		
1640	37	O	19.41	A	-		
1640	38	O	19.41	A	-		
1640	39	O	19.41	C	-		
1640	40	O	19.41	A	-		
1640	41	O	19.41	G	-		
1640	42	O	19.41	T	-		
1640	43	O	19.41	T	-		
1640	44	O	19.41	A	-		
1640	45	O	19.41	C	-		
1640	46	O	19.41	G	-		
1640	47	O	19.41	A	-		
1640	48	O	19.41	T	-		
1640	49	O	19.41	G	-		
1640	50	O	19.41	A	-		
1640	51	O	19.41	C	-		
1640	52	O	19.41	A	-		
1640	53	O	19.41	G	-		
1640	54	O	19.41	T	-		
1640	55	O	19.41	A	-		
1640	56	O	19.41	A	-		
1640	57	O	19.41	T	-		
1640	58	O	19.41	G	-		
1640	59	O	19.41	G	-		
1640	60	O	19.41	C	-		
1640	61	O	19.41	G	-		
1640	62	O	19.41	A	-		
1640	63	O	19.41	G	-		
1640	64	O	19.41	A	-		
1640	65	O	19.41	G	-		
1640	66	O	19.41	C	-		
1640	67	O	19.41	A	-		
1640	68	O	19.41	T	-		
1640	69	O	19.41	C	-		
1640	70	O	19.41	T	-		
1640	71	O	19.41	A	-		
1640	72	O	19.41	C	-		
1640	73	O	19.41	G	-		
1640	74	O	19.41	A	-		
1640	75	O	19.41	C	-		
1640	76	O	19.41	G	-		
1640	77	O	19.41	A	-		
1640	78	O	19.41	T	-		
1640	79	O	19.41	G	-		
1640	80	O	19.41	C	-		
1640	81	O	19.41	C	-		
1640	82	O	19.41	G	-		
1640	83	O	19.41	A	-		
1640	84	O	19.41	C	-		
1640	85	O	19.41	G	-		
1640	86	O	19.41	A	-		
1640	87	O	19.41	C	-		
1640	88	O	19.41	A	-		
1640	89	O	19.41	G	-		
1640	90	O	19.41	C	-		
1640	91	O	19.41	T	-		
1640	92	O	19.41	A	-		
1640	93	O	19.41	T	-		
1640	94	O	19.41	G	-		
1640	95	O	19.41	A	-		
1640	96	O	19.41	G	-		
1640	97	O	19.41	C	-		
1640	98	O	19.41	G	-		
1640	99	O	19.41	C	-		
1640	100	O	19.41	T	-		
1640	101	O	19.41	A	-		
1640	102	O	19.41	G	-		
1640	103	O	19.41	C	-		
1640	104	O	19.41	T	-		
1640	105	O	19.41	A	-		
1640	106	O	19.41	C	-		
1640	107	O	19.41	T	-		
1640	108	O	19.41	T	-		
1640	109	O	19.41	G	-		
1640	110	U	0.00	-	-		
1640	111	U	0.00	-	-		
1640	112	U	0.00	-	-		
1640	113	U	0.00	-	-		
1640	114	U	0.00	-	-		
1640	115	U	0.00	-	-		
1640	116	U	0.00	-	-		
1640	117	U	0.00	-	-		
1640	118	U	0.00	-	-		
1640	119	U	0.00	-	-		
1641	0	O	11.09	G	-		
1641	1	O	11.09	T	-		
1641	2	O	11.09	C	-		
1641	3	O	11.09	C	-		
1641	4	O	11.09	C	-		
1641	5	O	11.09	A	-		
1641	6	O	11.09	A	-		
1641	7	O	11.09	T	-		
1641	8	O	11.09	A	-		
1641	9	O	11.09	A	-		
1641	10	O	11.09	G	-		
1641	11	O	11.09	A	-		
1641	12	O	11.09	A	-		
1641	13	O	11.09	A	-		
1641	14	O	11.09	A	-		
1641	15	O	11.09	T	-		
1641	16	O	11.09	G	-		
1641	17	O	11.09	A	-		
1641	18	O	11.09	G	-		
1641	19	O	11.09	G	-		
1641	20	O	11.09	A	-		
1641	21	O	11.09	T	-		
1641	22	O	11.09	T	-		
1641	23	O	11.09	T	-		
1641	24	O	11.09	T	-		
1641	25	O	11.09	G	-		
1641	26	O	11.09	G	-		
1641	27	O	11.09	T	-		
1641	28	O	11.09	G	-		
1641	29	O	11.09	T	-		
1641	30	O	11.09	A	-		
1641	31	O	11.09	T	-		
1641	32	O	11.09	G	-		
1641	33	O	11.09	G	-		
1641	34	O	11.09	T	-		
1641	35	O	11.09	A	-		
1641	36	O	11.09	T	-		
1641	37	O	11.09	A	-		
1641	38	O	11.09	A	-		
1641	39	O	11.09	A	-		
1641	40	O	11.09	A	-		
1641	41	O	11.09	C	-		
1641	42	O	11.09	C	-		
1641	43	O	11.09	T	-		
1641	44	O	11.09	G	-		
1641	45	O	11.09	C	-		
1641	46	O	11.09	A	-		
1641	47	O	11.09	C	-		
1641	48	O	11.09	T	-		
1641	49	O	11.09	T	-		
1641	50	O	11.09	G	-		
1641	51	O	11.09	C	-		
1641	52	O	11.09	A	-		
1641	53	O	11.09	A	-		
1641	54	O	11.09	T	-		
1641	55	O	11.09	A	-		
1641	56	O	11.09	C	-		
1641	57	O	11.09	A	-		
1641	58	O	11.09	A	-		
1641	59	O	11.09	C	-		
1641	60	O	11.09	A	-		
1641	61	O	11.09	T	-		
1641	62	O	11.09	A	-		
1641	63	O	11.09	A	-		
1641	64	O	11.09	A	-		
1641	65	O	11.09	A	-		
1641	66	O	11.09	T	-		
1641	67	O	11.09	A	-		
1641	68	O	11.09	A	-		
1641	69	O	11.09	A	-		
1641	70	O	11.09	A	-		
1641	71	O	11.09	T	-		
1641	72	O	11.09	T	-		
1641	73	O	11.09	A	-		
1641	74	O	11.09	T	-		
1641	75	O	11.09	A	-		
1641	76	O	11.09	A	-		
1641	77	O	11.09	A	-		
1641	78	O	11.09	C	-		
1641	79	O	11.09	A	-		
1641	80	O	11.09	G	-		
1641	81	O	11.09	A	-		
1641	82	O	11.09	G	-		
1641	83	O	11.09	A	-		
1641	84	O	11.09	A	-		
1641	85	O	11.09	T	-		
1641	86	O	11.09	T	-		
1641	87	O	11.09	A	-		
1641	88	O	11.09	T	-		
1641	89	O	11.09	A	-		
1641	90	O	11.09	A	-		
1641	91	O	11.09	A	-		
1641	92	O	11.09	C	-		
1641	93	O	11.09	T	-		
1641	94	O	11.09	A	-		
1641	95	O	11.09	T	-		
1641	96	O	11.09	A	-		
1641	97	O	11.09	T	-		
1641	98	O	11.09	G	-		
1641	99	O	11.09	T	-		
1641	100	O	11.09	T	-		
1641	101	O	11.09	T	-		
1641	102	O	11.09	T	-		
1641	103	O	11.09	A	-		
1641	104	O	11.09	A	-		
1641	105	O	11.09	G	-		
1641	106	O	11.09	A	-		
1641	107	O	11.09	A	-		
1641	108	O	11.09	G	-		
1641	109	O	11.09	G	-		
1642	0	O	11.09	T	-		
1642	1	O	11.09	C	-		
1642	2	O	11.09	C	-		
1642	3	O	11.09	A	-		
1642	4	O	11.09	G	-		
1642	5	O	11.09	C	-		
1642	6	O	11.09	G	-		
1642	7	O	11.09	C	-		
1642	8	O	11.09	A	-		
1642	9	O	11.09	C	-		
1642	10	O	11.09	T	-		
1642	11	O	11.09	T	-		
1642	12	O	11.09	G	-		
1642	13	O	11.09	C	-		
1642	14	O	11.09	G	-		
1642	15	O	11.09	G	-		
1642	16	O	11.09	C	-		
1642	17	O	11.09	C	-		
1642	18	O	11.09	A	-		
1642	19	O	11.09	C	-		
1642	20	O	11.09	G	-		
1642	21	O	11.09	C	-		
1642	22	O	11.09	G	-		
1642	23	O	11.09	A	-		
1642	24	O	11.09	A	-		
1642	25	O	11.09	A	-		
1642	26	O	11.09	G	-		
1642	27	O	11.09	C	-		
1642	28	O	11.09	C	-		
1642	29	O	11.09	A	-		
1642	30	O	11.09	T	-		
1642	31	O	11.09	C	-		
1642	32	O	11.09	A	-		
1642	33	O	11.09	A	-		
1642	34	O	11.09	C	-		
1642	35	O	11.09	T	-		
1642	36	O	11.09	G	-		
1642	37	O	11.09	C	-		
1642	38	O	11.09	G	-		
1642	39	O	11.09	C	-		
1642	40	O	11.09	T	-		
1642	41	O	11.09	C	-		
1642	42	O	11.09	G	-		
1642	43	O	11.09	G	-		
1642	44	O	11.09	A	-		
1642	45	O	11.09	G	-		
1642	46	O	11.09	C	-		
1642	47	O	11.09	C	-		
1642	48	O	11.09	A	-		
1642	49	O	11.09	A	-		
1642	50	O	11.09	A	-		
1642	51	O	11.09	C	-		
1642	52	O	11.09	G	-		
1642	53	O	11.09	C	-		
1642	54	O	11.09	T	-		
1642	55	O	11.09	C	-		
1642	56	O	11.09	C	-		
1642	57	O	11.09	G	-		
1642	58	O	11.09	C	-		
1642	59	O	11.09	T	-		
1642	60	O	11.09	C	-		
1642	61	O	11.09	G	-		
1642	62	O	11.09	C	-		
1642	63	O	11.09	C	-		
1642	64	O	11.09	C	-		
1642	65	O	11.09	C	-		
1642	66	O	11.09	T	-		
1642	67	O	11.09	C	-		
1642	68	O	11.09	G	-		
1642	69	O	11.09	A	-		
1642	70	O	11.09	G	-		
1642	71	O	11.09	C	-		
1642	72	O	11.09	T	-		
1642	73	O	11.09	G	-		
1642	74	O	11.09	G	-		
1642	75	O	11.09	C	-		
1642	76	O	11.09	G	-		
1642	77	O	11.09	T	-		
1642	78	O	11.09	T	-		
1642	79	O	11.09	C	-		
1642	80	O	11.09	G	-		
1642	81	O	11.09	A	-		
1642	82	O	11.09	A	-		
1642	83	O	11.09	T	-		
1642	84	O	11.09	T	-		
1642	85	O	11.09	C	-		
1642	86	O	11.09	G	-		
1642	87	O	11.09	A	-		
1642	88	O	11.09	A	-		
1642	89	O	11.09	T	-		
1642	90	O	11.09	C	-		
1642	91	O	11.09	C	-		
1642	92	O	11.09	T	-		
1642	93	O	11.09	C	-		
1642	94	O	11.09	G	-		
1642	95	O	11.09	C	-		
1642	96	O	11.09	C	-		
1642	97	O	11.09	G	-		
1642	98	O	11.09	G	-		
1642	99	O	11.09	C	-		
1642	100	O	11.09	G	-		
1642	101	O	11.09	C	-		
1642	102	O	11.09	A	-		
1642	103	O	11.09	G	-		
1642	104	O	11.09	G	-		
1642	105	O	11.09	T	-		
1642	106	O	11.09	T	-		
1642	107	O	11.09	C	-		
1642	108	O	11.09	G	-		
1642	109	O	11.09	G	-		
1643	0	O	15.25	A	-		
1643	1	O	15.25	G	-		
1643	2	O	15.25	T	-		
1643	3	O	15.25	T	-		
1643	4	O	15.25	G	-		
1643	5	O	15.25	G	-		
1643	6	O	15.25	T	-		
1643	7	O	15.25	G	-		
1643	8	O	15.25	T	-		
1643	9	O	15.25	A	-		
1643	10	O	15.25	T	-		
1643	11	O	15.25	G	-		
1643	12	O	15.25	T	-		
1643	13	O	15.25	G	-		
1643	14	O	15.25	G	-		
1643	15	O	15.25	C	-		
1643	16	O	15.25	T	-		
1643	17	O	15.25	G	-		
1643	18	O	15.25	G	-		
1643	19	O	15.25	C	-		
1643	20	O	15.25	G	-		
1643	21	O	15.25	T	-		
1643	22	O	15.25	G	-		
1643	23	O	15.25	C	-		
1643	24	O	15.25	G	-		
1643	25	O	15.25	A	-		
1643	26	O	15.25	T	-		
1643	27	O	15.25	A	-		
1643	28	O	15.25	T	-		
1643	29	O	15.25	G	-		
1643	30	O	15.25	G	-		
1643	31	O	15.25	C	-		
1643	32	O	15.25	G	-		
1643	33	O	15.25	C	-		
1643	34	O	15.25	C	-		
1643	35	O	15.25	G	-		
1643	36	O	15.25	A	-		
1643	37	O	15.25	G	-		
1643	38	O	15.25	C	-		
1643	39	O	15.25	A	-		
1643	40	O	15.25	G	-		
1643	41	O	15.25	G	-		
1643	42	O	15.25	A	-		
1643	43	O	15.25	T	-		
1643	44	O	15.25	T	-		
1643	45	O	15.25	G	-		
1643	46	O	15.25	G	-		
1643	47	O	15.25	T	-		
1643	48	O	15.25	T	-		
1643	49	O	15.25	C	-		
1643	50	O	15.25	C	-		
1643	51	O	15.25	A	-		
1643	52	O	15.25	C	-		
1643	53	O	15.25	T	-		
1643	54	O	15.25	G	-		
1643	55	O	15.25	C	-		
1643	56	O	15.25	T	-		
1643	57	O	15.25	G	-		
1643	58	O	15.25	G	-		
1643	59	O	15.25	G	-		
1643	60	O	15.25	A	-		
1643	61	O	15.25	A	-		
1643	62	O	15.25	A	-		
1643	63	O	15.25	A	-		
1643	64	O	15.25	G	-		
1643	65	O	15.25	T	-		
1643	66	O	15.25	A	-		
1643	67	O	15.25	C	-		
1643	68	O	15.25	C	-		
1643	69	O	15.25	A	-		
1643	70	O	15.25	T	-		
1643	71	O	15.25	C	-		
1643	72	O	15.25	A	-		
1643	73	O	15.25	G	-		
1643	74	O	15.25	C	-		
1643	75	O	15.25	T	-		
1643	76	O	15.25	T	-		
1643	77	O	15.25	G	-		
1643	78	O	15.25	T	-		
1643	79	O	6.35	T	-		
1643	80	O	15.25	G	-		
1643	81	O	15.25	C	-		
1643	82	O	15.25	G	-		
1643	83	O	15.25	C	-		
1643	84	O	15.25	T	-		
1643	85	O	15.25	T	-		
1643	86	O	15.25	G	-		
1643	87	O	15.25	A	-		
1643	88	O	15.25	T	-		
1643	89	O	15.25	G	-		
1643	90	O	15.25	C	-		
1643	91	O	15.25	G	-		
1643	92	O	15.25	A	-		
1643	93	O	15.25	G	-		
1643	94	O	15.25	C	-		
1643	95	O	15.25	C	-		
1643	96	O	15.25	T	-		
1643	97	O	15.25	G	-		
1643	98	O	15.25	A	-		
1643	99	O	15.25	A	-		
1643	100	O	15.25	C	-		
1643	101	O	15.25	G	-		
1643	102	O	15.25	A	-		
1643	103	O	15.25	T	-		
1643	104	O	15.25	G	-		
1643	105	O	15.25	G	-		
1643	106	O	15.25	A	-		
1643	107	O	15.25	G	-		
1643	108	O	15.25	G	-		
1643	109	O	15.25	C	-		
1644	0	O	23.57	C	-		
1644	1	O	23.57	A	-		
1644	2	O	23.57	G	-		
1644	3	O	23.57	A	-		
1644	4	O	23.57	C	-		
1644	5	O	23.57	C	-		
1644	6	O	23.57	T	-		
1644	7	O	23.57	A	-		
1644	8	O	23.57	T	-		
1644	9	O	23.57	T	-		
1644	10	O	23.57	T	-		
1644	11	O	23.57	G	-		
1644	12	O	23.57	C	-		
1644	13	O	23.57	G	-		
1644	14	O	23.57	T	-		
1644	15	O	23.57	G	-		
1644	16	O	23.57	T	-		
1644	17	O	23.57	G	-		
1644	18	O	23.57	C	-		
1644	19	O	23.57	C	-		
1644	20	O	23.57	T	-		
1644	21	O	23.57	T	-		
1644	22	O	23.57	T	-		
1644	23	O	23.57	A	-		
1644	24	O	23.57	G	-		
1644	25	O	23.57	C	-		
1644	26	O	23.57	T	-		
1644	27	O	23.57	C	-		
1644	28	O	13.76	A	-		
1644	29	O	23.57	T	-		
1644	30	O	23.57	C	-		
1644	31	O	23.57	A	-		
1644	32	O	23.57	C	-		
1644	33	O	23.57	T	-		
1644	34	O	23.57	G	-		
1644	35	O	23.57	T	-		
1644	36	O	23.57	T	-		
1644	37	O	23.57	C	-		
1644	38	O	23.57	C	-		
1644	39	O	23.57	T	-		
1644	40	O	23.57	A	-		
1644	41	O	23.57	C	-		
1644	42	O	23.57	T	-		
1644	43	O	23.57	T	-		
1644	44	O	23.57	T	-		
1644	45	O	23.57	C	-		
1644	46	O	23.57	A	-		
1644	47	O	23.57	T	-		
1644	48	O	23.57	C	-		
1644	49	O	23.57	T	-		
1644	50	O	23.57	T	-		
1644	51	O	23.57	A	-		
1644	52	O	23.57	G	-		
1644	53	O	23.57	T	-		
1644	54	O	23.57	G	-		
1644	55	O	23.57	A	-		
1644	56	O	23.57	T	-		
1644	57	O	23.57	T	-		
1644	58	O	23.57	G	-		
1644	59	O	23.57	G	-		
1644	60	O	23.57	T	-		
1644	61	O	23.57	T	-		
1644	62	O	23.57	G	-		
1644	63	O	23.57	G	-		
1644	64	O	23.57	C	-		
1644	65	O	23.57	A	-		
1644	66	O	23.57	T	-		
1644	67	O	23.57	C	-		
1644	68	O	23.57	C	-		
1644	69	O	23.57	T	-		
1644	70	O	23.57	T	-		
1644	71	O	23.57	T	-		
1644	72	O	23.57	C	-		
1644	73	O	23.57	A	-		
1644	74	O	23.57	G	-		
1644	75	O	23.57	A	-		
1644	76	O	23.57	G	-		
1644	77	O	23.57	T	-		
1644	78	O	23.57	T	-		
1644	79	O	23.57	T	-		
1644	80	O	23.57	A	-		
1644	81	O	23.57	C	-		
1644	82	O	23.57	A	-		
1644	83	O	23.57	A	-		
1644	84	O	23.57	C	-		
1644	85	O	23.57	T	-		
1644	86	O	23.57	A	-		
1644	87	O	23.57	A	-		
1644	88	O	23.57	T	-		
1644	89	O	23.57	A	-		
1644	90	O	23.57	C	-		
1644	91	O	23.57	T	-		
1644	92	O	23.57	T	-		
1644	93	O	23.57	A	-		
1644	94	O	23.57	A	-		
1644	95	O	23.57	T	-		
1644	96	O	23.57	T	-		
1644	97	U	-3.77	A	G		
1644	98	O	23.57	T	-		
1644	99	O	23.57	T	-		
1644	100	O	23.57	C	-		
1644	101	O	23.57	G	-		
1644	102	O	23.57	G	-		
1644	103	O	23.57	C	-		
1644	104	O	23.57	G	-		
1644	105	O	23.57	C	-		
1644	106	O	23.57	A	-		
1644	107	O	23.57	C	-		
1644	108	O	23.57	T	-		
1644	109	O	23.57	G	-		
1645	0	O	11.09	T	-		
1645	1	O	11.09	A	-		
1645	2	O	11.09	T	-		
1645	3	O	11.09	G	-		
1645	4	O	11.09	G	-		
1645	5	O	11.09	G	-		
1645	6	O	11.09	C	-		
1645	7	O	11.09	A	-		
1645	8	O	11.09	C	-		
1645	9	O	11.09	T	-		
1645	10	O	11.09	C	-		
1645	11	O	11.09	G	-		
1645	12	O	11.09	C	-		
1645	13	O	11.09	T	-		
1645	14	O	11.09	C	-		
1645	15	O	11.09	C	-		
1645	16	O	11.09	A	-		
1645	17	O	11.09	T	-		
1645	18	O	11.09	C	-		
1645	19	O	11.09	C	-		
1645	20	O	11.09	T	-		
1645	21	O	11.09	T	-		
1645	22	O	11.09	G	-		
1645	23	O	11.09	T	-		
1645	24	O	11.09	C	-		
1645	25	O	11.09	A	-		
1645	26	O	11.09	T	-		
1645	27	O	11.09	A	-		
1645	28	O	11.09	G	-		
1645	29	O	11.09	A	-		
1645	30	O	11.09	C	-		
1645	31	O	11.09	T	-		
1645	32	O	11.09	G	-		
1645	33	O	11.09	A	-		
1645	34	O	11.09	A	-		
1645	35	O	11.09	A	-		
1645	36	O	11.09	C	-		
1645	37	O	11.09	T	-		
1645	38	O	11.09	C	-		
1645	39	O	11.09	A	-		
1645	40	O	11.09	T	-		
1645	41	O	11.09	A	-		
1645	42	O	11.09	C	-		
1645	43	O	11.09	T	-		
1645	44	O	11.09	G	-		
1645	45	O	11.09	A	-		
1645	46	O	11.09	C	-		
1645	47	O	11.09	C	-		
1645	48	O	11.09	C	-		
1645	49	O	11.09	T	-		
1645	50	O	11.09	G	-		
1645	51	O	11.09	C	-		
1645	52	O	11.09	T	-		
1645	53	O	11.09	T	-		
1645	54	O	11.09	A	-		
1645	55	O	11.09	C	-		
1645	56	O	11.09	A	-		
1645	57	O	11.09	G	-		
1645	58	O	11.09	A	-		
1645	59	O	11.09	C	-		
1645	60	O	11.09	G	-		
1645	61	O	11.09	C	-		
1645	62	O	11.09	C	-		
1645	63	O	11.09	A	-		
1645	64	O	11.09	G	-		
1645	65	O	11.09	G	-		
1645	66	O	11.09	C	-		
1645	67	O	11.09	G	-		
1645	68	O	11.09	A	-		
1645	69	O	11.09	A	-		
1645	70	O	11.09	T	-		
1645	71	O	11.09	G	-		
1645	72	O	11.09	G	-		
1645	73	O	11.09	A	-		
1645	74	O	11.09	G	-		
1645	75	O	11.09	C	-		
1645	76	O	11.09	A	-		
1645	77	O	11.09	T	-		
1645	78	O	11.09	C	-		
1645	79	O	11.09	A	-		
1645	80	O	11.09	T	-		
1645	81	O	11.09	A	-		
1645	82	O	11.09	A	-		
1645	83	O	11.09	C	-		
1645	84	O	11.09	G	-		
1645	85	O	11.09	A	-		
1645	86	O	11.09	A	-		
1645	87	O	11.09	G	-		
1645	88	O	11.09	G	-		
1645	89	O	11.09	G	-		
1645	90	O	11.09	C	-		
1645	91	O	11.09	A	-		
1645	92	O	11.09	C	-		
1645	93	O	11.09	C	-		
1645	94	O	11.09	G	-		
1645	95	O	11.09	G	-		
1645	96	O	11.09	G	-		
1645	97	O	11.09	C	-		
1645	98	O	11.09	T	-		
1645	99	O	11.09	G	-		
1645	100	O	11.09	T	-		
1645	101	O	11.09	T	-		
1645	102	O	11.09	T	-		
1645	103	O	11.09	A	-		
1645	104	O	11.09	G	-		
1645	105	O	11.09	G	-		
1645	106	O	11.09	T	-		
1645	107	O	11.09	A	-		
1645	108	O	11.09	A	-		
1645	109	O	11.09	G	-		
1646	0	O	16.64	A	-		
1646	1	O	16.64	G	-		
1646	2	O	16.64	A	-		
1646	3	O	16.64	A	-		
1646	4	O	16.64	C	-		
1646	5	O	16.64	G	-		
1646	6	O	16.64	C	-		
1646	7	O	16.64	C	-		
1646	8	O	16.64	C	-		
1646	9	O	16.64	C	-		
1646	10	O	16.64	G	-		
1646	11	O	16.64	A	-		
1646	12	O	16.64	C	-		
1646	13	O	16.64	C	-		
1646	14	O	16.64	G	-		
1646	15	O	16.64	A	-		
1646	16	O	16.64	C	-		
1646	17	O	16.64	T	-		
1646	18	O	16.64	T	-		
1646	19	O	16.64	C	-		
1646	20	O	16.64	A	-		
1646	21	O	16.64	T	-		
1646	22	O	16.64	C	-		
1646	23	O	16.64	T	-		
1646	24	O	16.64	T	-		
1646	25	O	16.64	C	-		
1646	26	O	16.64	C	-		
1646	27	O	16.64	A	-		
1646	28	O	16.64	G	-		
1646	29	O	16.64	C	-		
1646	30	O	16.64	A	-		
1646	31	O	16.64	A	-		
1646	32	O	16.64	G	-		
1646	33	O	16.64	A	-		
1646	34	O	16.64	C	-		
1646	35	O	16.64	C	-		
1646	36	O	16.64	G	-		
1646	37	O	16.64	A	-		
1646	38	O	16.64	G	-		
1646	39	O	16.64	C	-		
1646	40	O	16.64	G	-		
1646	41	O	16.64	G	-		
1646	42	O	16.64	C	-		
1646	43	O	16.64	C	-		
1646	44	O	16.64	A	-		
1646	45	O	16.64	C	-		
1646	46	O	16.64	T	-		
1646	47	O	16.64	C	-		
1646	48	O	16.64	A	-		
1646	49	O	16.64	C	-		
1646	50	O	16.64	A	-		
1646	51	O	16.64	C	-		
1646	52	O	16.64	C	-		
1646	53	O	16.64	T	-		
1646	54	O	16.64	C	-		
1646	55	O	16.64	T	-		
1646	56	O	16.64	G	-		
1646	57	O	16.64	C	-		
1646	58	O	16.64	C	-		
1646	59	O	16.64	T	-		
1646	60	O	16.64	A	-		
1646	61	O	16.64	C	-		
1646	62	O	16.64	T	-		
1646	63	O	16.64	C	-		
1646	64	O	16.64	C	-		
1646	65	O	16.64	C	-		
1646	66	O	16.64	T	-		
1646	67	O	16.64	G	-		
1646	68	O	16.64	C	-		
1646	69	O	16.64	G	-		
1646	70	O	16.64	G	-		
1646	71	O	16.64	A	-		
1646	72	O	16.64	A	-		
1646	73	O	16.64	G	-		
1646	74	O	16.64	T	-		
1646	75	O	16.64	T	-		
1646	76	O	16.64	C	-		
1646	77	O	16.64	G	-		
1646	78	O	16.64	A	-		
1646	79	O	16.64	A	-		
1646	80	O	16.64	G	-		
1646	81	O	16.64	A	-		
1646	82	O	16.64	G	-		
1646	83	O	16.64	C	-		
1646	84	O	16.64	T	-		
1646	85	O	16.64	C	-		
1646	86	O	16.64	G	-		
1646	87	O	16.64	G	-		
1646	88	O	16.64	C	-		
1646	89	O	16.64	A	-		
1646	90	O	16.64	T	-		
1646	91	O	16.64	C	-		
1646	92	O	16.64	A	-		
1646	93	O	16.64	A	-		
1646	94	O	16.64	G	-		
1646	95	O	16.64	C	-		
1646	96	O	16.64	T	-		
1646	97	O	16.64	G	-		
1646	98	O	16.64	C	-		
1646	99	O	16.64	T	-		
1646	100	O	16.64	C	-		
1646	101	O	16.64	G	-		
1646	102	O	16.64	A	-		
1646	103	O	16.64	C	-		
1646	104	O	16.64	T	-		
1646	105	O	16.64	G	-		
1646	106	O	16.64	G	-		
1646	107	O	16.64	C	-		
1646	108	O	16.64	C	-		
1646	109	O	16.64	G	-		
1647	0	O	8.32	C	-		
1647	1	O	8.32	C	-		
1647	2	O	8.32	T	-		
1647	3	O	8.32	G	-		
1647	4	O	8.32	G	-		
1647	5	O	8.32	T	-		
1647	6	O	8.32	T	-		
1647	7	O	8.32	C	-		
1647	8	O	8.32	A	-		
1647	9	O	8.32	G	-		
1647	10	O	8.32	C	-		
1647	11	O	8.32	T	-		
1647	12	O	8.32	G	-		
1647	13	O	8.32	A	-		
1647	14	O	8.32	C	-		
1647	15	O	8.32	A	-		
1647	16	O	8.32	G	-		
1647	17	O	8.32	G	-		
1647	18	O	8.32	T	-		
1647	19	O	8.32	T	-		
1647	20	O	8.32	T	-		
1647	21	O	8.32	T	-		
1647	22	O	8.32	A	-		
1647	23	O	8.32	G	-		
1647	24	O	8.32	C	-		
1647	25	O	8.32	C	-		
1647	26	O	8.32	A	-		
1647	27	O	8.32	T	-		
1647	28	O	8.32	T	-		
1647	29	O	8.32	C	-		
1647	30	O	8.32	A	-		
1647	31	O	8.32	G	-		
1647	32	O	8.32	A	-		
1647	33	O	8.32	A	-		
1647	34	O	8.32	A	-		
1647	35	O	8.32	G	-		
1647	36	O	8.32	A	-		
1647	37	O	8.32	A	-		
1647	38	O	8.32	T	-		
1647	39	O	8.32	C	-		
1647	40	O	8.32	C	-		
1647	41	O	8.32	G	-		
1647	42	O	8.32	C	-		
1647	43	O	8.32	A	-		
1647	44	O	8.32	A	-		
1647	45	O	8.32	G	-		
1647	46	O	8.32	C	-		
1647	47	O	8.32	G	-		
1647	48	O	8.32	C	-		
1647	49	O	8.32	A	-		
1647	50	O	8.32	A	-		
1647	51	O	8.32	A	-		
1647	52	O	8.32	T	-		
1647	53	O	8.32	C	-		
1647	54	O	8.32	G	-		
1647	55	O	8.32	G	-		
1647	56	O	8.32	C	-		
1647	57	O	8.32	A	-		
1647	58	O	8.32	C	-		
1647	59	O	8.32	T	-		
1647	60	O	8.32	C	-		
1647	61	O	8.32	C	-		
1647	62	O	8.32	T	-		
1647	63	O	8.32	C	-		
1647	64	O	8.32	A	-		
1647	65	O	8.32	G	-		
1647	66	O	8.32	C	-		
1647	67	O	8.32	G	-		
1647	68	O	8.32	G	-		
1647	69	O	8.32	C	-		
1647	70	O	8.32	C	-		
1647	71	O	8.32	A	-		
1647	72	O	8.32	C	-		
1647	73	O	8.32	A	-		
1647	74	O	8.32	T	-		
1647	75	O	8.32	A	-		
1647	76	O	8.32	C	-		
1647	77	O	8.32	A	-		
1647	78	O	8.32	T	-		
1647	79	O	8.32	T	-		
1647	80	O	8.32	T	-		
1647	81	O	8.32	G	-		
1647	82	O	8.32	G	-		
1647	83	O	8.32	T	-		
1647	84	O	8.32	T	-		
1647	85	O	8.32	C	-		
1647	86	O	8.32	A	-		
1647	87	O	8.32	G	-		
1647	88	O	8.32	A	-		
1647	89	O	8.32	A	-		
1647	90	O	8.32	A	-		
1647	91	O	8.32	T	-		
1647	92	O	8.32	C	-		
1647	93	O	8.32	T	-		
1647	94	O	8.32	T	-		
1647	95	O	8.32	T	-		
1647	96	O	8.32	C	-		
1647	97	O	8.32	C	-		
1647	98	O	8.32	G	-		
1647	99	O	8.32	T	-		
1647	100	O	8.32	T	-		
1647	101	O	8.32	G	-		
1647	102	O	8.32	C	-		
1647	103	O	8.32	T	-		
1647	104	O	8.32	G	-		
1647	105	O	8.32	C	-		
1647	106	O	8.32	A	-		
1647	107	O	8.32	C	-		
1647	108	O	8.32	C	-		
1647	109	O	8.32	A	-		
1648	0	O	18.02	C	-		
1648	1	O	18.02	C	-		
1648	2	O	18.02	A	-		
1648	3	O	18.02	T	-		
1648	4	O	18.02	C	-		
1648	5	O	18.02	G	-		
1648	6	O	18.02	G	-		
1648	7	O	18.02	C	-		
1648	8	O	18.02	G	-		
1648	9	O	18.02	T	-		
1648	10	O	18.02	C	-		
1648	11	O	18.02	G	-		
1648	12	O	18.02	A	-		
1648	13	O	18.02	C	-		
1648	14	O	18.02	T	-		
1648	15	O	18.02	A	-		
1648	16	O	18.02	C	-		
1648	17	O	18.02	A	-		
1648	18	O	18.02	T	-		
1648	19	O	18.02	C	-		
1648	20	O	18.02	G	-		
1648	21	O	18.02	A	-		
1648	22	O	18.02	C	-		
1648	23	O	18.02	G	-		
1648	24	O	18.02	A	-		
1648	25	O	18.02	G	-		
1648	26	O	18.02	A	-		
1648	27	O	18.02	G	-		
1648	28	O	18.02	C	-		
1648	29	O	18.02	G	-		
1648	30	O	18.02	A	-		
1648	31	O	18.02	G	-		
1648	32	O	18.02	G	-		
1648	33	O	18.02	T	-		
1648	34	O	18.02	C	-		
1648	35	O	18.02	C	-		
1648	36	O	18.02	T	-		
1648	37	O	18.02	G	-		
1648	38	O	18.02	A	-		
1648	39	O	18.02	C	-		
1648	40	O	18.02	C	-		
1648	41	O	18.02	C	-		
1648	42	O	18.02	C	-		
1648	43	O	18.02	C	-		
1648	44	O	18.02	G	-		
1648	45	O	18.02	C	-		
1648	46	O	18.02	C	-		
1648	47	O	18.02	G	-		
1648	48	O	18.02	A	-		
1648	49	O	18.02	C	-		
1648	50	O	18.02	C	-		
1648	51	O	18.02	C	-		
1648	52	O	18.02	C	-		
1648	53	O	18.02	G	-		
1648	54	O	18.02	T	-		
1648	55	O	18.02	C	-		
1648	56	O	18.02	A	-		
1648	57	O	18.02	A	-		
1648	58	O	18.02	C	-		
1648	59	O	18.02	C	-		
1648	60	O	18.02	A	-		
1648	61	O	18.02	C	-		
1648	62	O	18.02	G	-		
1648	63	O	18.02	T	-		
1648	64	O	18.02	C	-		
1648	65	O	18.02	G	-		
1648	66	O	18.02	A	-		
1648	67	O	18.02	G	-		
1648	68	O	18.02	A	-		
1648	69	O	18.02	A	-		
1648	70	O	18.02	G	-		
1648	71	O	18.02	A	-		
1648	72	O	18.02	A	-		
1648	73	O	18.02	C	-		
1648	74	O	18.02	G	-		
1648	75	O	18.02	A	-		
1648	76	O	18.02	C	-		
1648	77	O	18.02	T	-		
1648	78	O	18.02	T	-		
1648	79	O	18.02	C	-		
1648	80	O	18.02	A	-		
1648	81	O	18.02	A	-		
1648	82	O	18.02	C	-		
1648	83	O	18.02	A	-		
1648	84	O	18.02	C	-		
1648	85	O	18.02	G	-		
1648	86	O	18.02	C	-		
1648	87	O	18.02	C	-		
1648	88	O	18.02	C	-		
1648	89	O	18.02	T	-		
1648	90	O	18.02	T	-		
1648	91	O	18.02	T	-		
1648	92	O	18.02	G	-		
1648	93	O	18.02	T	-		
1648	94	O	18.02	C	-		
1648	95	O	18.02	T	-		
1648	96	O	18.02	G	-		
1648	97	O	18.02	C	-		
1648	98	O	18.02	G	-		
1648	99	O	18.02	G	-		
1648	100	O	18.02	C	-		
1648	101	O	18.02	T	-		
1648	102	O	18.02	G	-		
1648	103	O	18.02	C	-		
1648	104	O	18.02	C	-		
1648	105	O	18.02	G	-		
1648	106	O	18.02	C	-		
1648	107	O	18.02	A	-		
1648	108	O	18.02	A	-		
1648	109	O	18.02	C	-		
1649	0	O	6.93	T	-		
1649	1	O	6.93	G	-		
1649	2	O	6.93	C	-		
1649	3	O	6.93	A	-		
1649	4	O	6.93	G	-		
1649	5	O	6.93	A	-		
1649	6	O	6.93	C	-		
1649	7	O	6.93	G	-		
1649	8	O	6.93	C	-		
1649	9	O	6.93	C	-		
1649	10	O	6.93	T	-		
1649	11	O	6.93	G	-		
1649	12	O	6.93	A	-		
1649	13	O	6.93	G	-		
1649	14	O	6.93	T	-		
1649	15	O	6.93	C	-		
1649	16	O	6.93	G	-		
1649	17	O	6.93	G	-		
1649	18	O	6.93	C	-		
1649	19	O	6.93	G	-		
1649	20	O	6.93	T	-		
1649	21	O	6.93	C	-		
1649	22	O	6.93	G	-		
1649	23	O	6.93	G	-		
1649	24	O	6.93	T	-		
1649	25	O	6.93	G	-		
1649	26	O	6.93	C	-		
1649	27	O	6.93	C	-		
1649	28	O	6.93	C	-		
1649	29	O	6.93	G	-		
1649	30	O	6.93	C	-		
1649	31	O	6.93	G	-		
1649	32	O	6.93	T	-		
1649	33	O	6.93	G	-		
1649	34	O	6.93	G	-		
1649	35	O	6.93	C	-		
1649	36	U	-0.27	T	G		
1649	37	O	6.93	C	-		
1649	38	O	6.93	G	-		
1649	39	O	6.93	G	-		
1649	40	O	6.93	G	-		
1649	41	O	6.93	C	-		
1649	42	O	6.93	G	-		
1649	43	O	6.93	G	-		
1649	44	O	6.93	T	-		
1649	45	O	6.93	G	-		
1649	46	O	6.93	A	-		
1649	47	O	6.93	C	-		
1649	48	O	6.93	G	-		
1649	49	O	6.93	C	-		
1649	50	O	6.93	T	-		
1649	51	O	6.93	C	-		
1649	52	O	6.93	G	-		
1649	53	O	6.93	T	-		
1649	54	O	6.93	G	-		
1649	55	O	6.93	C	-		
1649	56	O	6.93	G	-		
1649	57	O	6.93	G	-		
1649	58	O	6.93	C	-		
1649	59	O	6.93	T	-		
1649	60	O	6.93	G	-		
1649	61	O	6.93	C	-		
1649	62	O	6.93	G	-		
1649	63	O	6.93	C	-		
1649	64	O	6.93	G	-		
1649	65	O	6.93	G	-		
1649	66	O	6.93	C	-		
1649	67	O	6.93	C	-		
1649	68	O	6.93	G	-		
1649	69	O	6.93	A	-		
1649	70	O	6.93	C	-		
1649	71	O	6.93	T	-		
1649	72	O	6.93	G	-		
1649	73	O	6.93	G	-		
1649	74	O	6.93	G	-		
1649	75	O	6.93	C	-		
1649	76	O	6.93	G	-		
1649	77	O	6.93	G	-		
1649	78	O	6.93	C	-		
1649	79	O	6.93	C	-		
1649	80	O	6.93	A	-		
1649	81	O	6.93	G	-		
1649	82	O	6.93	C	-		
1649	83	O	6.93	T	-		
1649	84	O	6.93	G	-		
1649	85	O	6.93	G	-		
1649	86	O	6.93	A	-		
1649	87	O	6.93	T	-		
1649	88	O	6.93	G	-		
1649	89	O	6.93	G	-		
1649	90	O	6.93	A	-		
1649	91	O	6.93	G	-		
1649	92	O	6.93	C	-		
1649	93	O	6.93	T	-		
1649	94	O	6.93	C	-		
1649	95	O	6.93	G	-		
1649	96	O	6.93	A	-		
1649	97	O	6.93	C	-		
1649	98	O	6.93	G	-		
1649	99	O	6.93	A	-		
1649	100	O	6.93	G	-		
1649	101	O	6.93	G	-		
1649	102	O	6.93	C	-		
1649	103	O	6.93	G	-		
1649	104	O	6.93	C	-		
1649	105	O	6.93	T	-		
1649	106	O	6.93	C	-		
1649	107	O	6.93	G	-		
1649	108	O	6.93	A	-		
1649	109	O	6.93	G	-		
1650	0	O	6.93	T	-		
1650	1	O	6.93	G	-		
1650	2	O	6.93	A	-		
1650	3	O	6.93	T	-		
1650	4	U	-0.27	G	A		
1650	5	O	6.93	C	-		
1650	6	O	6.93	A	-		
1650	7	O	6.93	A	-		
1650	8	O	6.93	G	-		
1650	9	O	6.93	C	-		
1650	10	O	6.93	G	-		
1650	11	O	6.93	C	-		
1650	12	O	6.93	C	-		
1650	13	O	6.93	A	-		
1650	14	O	6.93	C	-		
1650	15	O	6.93	C	-		
1650	16	O	6.93	T	-		
1650	17	O	6.93	T	-		
1650	18	O	6.93	T	-		
1650	19	O	6.93	T	-		
1650	20	O	6.93	G	-		
1650	21	O	6.93	C	-		
1650	22	O	6.93	A	-		
1650	23	O	6.93	A	-		
1650	24	O	6.93	A	-		
1650	25	O	6.93	C	-		
1650	26	O	6.93	A	-		
1650	27	O	6.93	A	-		
1650	28	O	6.93	C	-		
1650	29	O	6.93	T	-		
1650	30	O	6.93	A	-		
1650	31	O	6.93	C	-		
1650	32	O	6.93	T	-		
1650	33	O	6.93	A	-		
1650	34	O	6.93	A	-		
1650	35	O	6.93	G	-		
1650	36	O	6.93	C	-		
1650	37	O	6.93	A	-		
1650	38	O	6.93	A	-		
1650	39	O	6.93	T	-		
1650	40	O	6.93	C	-		
1650	41	O	6.93	T	-		
1650	42	O	6.93	C	-		
1650	43	O	6.93	T	-		
1650	44	O	6.93	C	-		
1650	45	O	6.93	C	-		
1650	46	O	6.93	A	-		
1650	47	O	6.93	C	-		
1650	48	O	6.93	A	-		
1650	49	O	6.93	T	-		
1650	50	O	6.93	T	-		
1650	51	O	6.93	G	-		
1650	52	O	6.93	A	-		
1650	53	O	6.93	C	-		
1650	54	O	6.93	C	-		
1650	55	O	6.93	T	-		
1650	56	O	6.93	C	-		
1650	57	O	6.93	C	-		
1650	58	O	6.93	T	-		
1650	59	O	6.93	C	-		
1650	60	O	6.93	A	-		
1650	61	O	6.93	C	-		
1650	62	O	6.93	T	-		
1650	63	O	6.93	G	-		
1650	64	O	6.93	C	-		
1650	65	O	6.93	A	-		
1650	66	O	6.93	G	-		
1650	67	O	6.93	G	-		
1650	68	O	6.93	T	-		
1650	69	O	6.93	T	-		
1650	70	O	6.93	T	-		
1650	71	O	6.93	C	-		
1650	72	O	6.93	T	-		
1650	73	O	6.93	T	-		
1650	74	O	6.93	T	-		
1650	75	O	6.93	A	-		
1650	76	O	6.93	T	-		
1650	77	O	6.93	G	-		
1650	78	O	6.93	C	-		
1650	79	O	6.93	G	-		
1650	80	O	6.93	C	-		
1650	81	O	6.93	A	-		
1650	82	O	6.93	T	-		
1650	83	O	6.93	A	-		
1650	84	O	6.93	T	-		
1650	85	O	6.93	A	-		
1650	86	O	6.93	C	-		
1650	87	O	6.93	C	-		
1650	88	O	6.93	T	-		
1650	89	O	6.93	A	-		
1650	90	O	6.93	T	-		
1650	91	O	6.93	T	-		
1650	92	O	6.93	G	-		
1650	93	O	6.93	G	-		
1650	94	O	6.93	A	-		
1650	95	O	6.93	T	-		
1650	96	O	6.93	T	-		
1650	97	O	6.93	A	-		
1650	98	O	6.93	G	-		
1650	99	O	6.93	A	-		
1650	100	O	6.93	T	-		
1650	101	O	6.93	A	-		
1650	102	O	6.93	T	-		
1650	103	O	6.93	C	-		
1650	104	O	6.93	C	-		
1650	105	O	6.93	A	-		
1650	106	O	6.93	C	-		
1650	107	O	6.93	A	-		
1650	108	O	6.93	T	-		
1650	109	O	6.93	T	-		
1651	0	O	5.55	T	-		
1651	1	O	5.55	T	-		
1651	2	O	5.55	G	-		
1651	3	O	5.55	C	-		
1651	4	O	5.55	T	-		
1651	5	O	5.55	T	-		
1651	6	O	5.55	T	-		
1651	7	O	5.55	C	-		
1651	8	O	5.55	T	-		
1651	9	O	5.55	G	-		
1651	10	O	5.55	C	-		
1651	11	O	5.55	A	-		
1651	12	O	5.55	G	-		
1651	13	O	5.55	T	-		
1651	14	O	5.55	A	-		
1651	15	O	5.55	T	-		
1651	16	O	5.55	A	-		
1651	17	O	5.55	C	-		
1651	18	O	5.55	A	-		
1651	19	O	5.55	C	-		
1651	20	O	5.55	T	-		
1651	21	O	5.55	G	-		
1651	22	O	5.55	C	-		
1651	23	O	5.55	A	-		
1651	24	O	5.55	A	-		
1651	25	O	5.55	G	-		
1651	26	O	5.55	T	-		
1651	27	O	5.55	C	-		
1651	28	O	5.55	T	-		
1651	29	O	5.55	G	-		
1651	30	O	5.55	A	-		
1651	31	O	5.55	T	-		
1651	32	O	5.55	A	-		
1651	33	O	5.55	A	-		
1651	34	O	5.55	G	-		
1651	35	O	5.55	C	-		
1651	36	O	5.55	T	-		
1651	37	O	5.55	C	-		
1651	38	O	5.55	G	-		
1651	39	O	5.55	A	-		
1651	40	O	5.55	A	-		
1651	41	O	5.55	G	-		
1651	42	O	5.55	A	-		
1651	43	O	5.55	T	-		
1651	44	O	5.55	G	-		
1651	45	O	5.55	G	-		
1651	46	O	5.55	A	-		
1651	47	O	5.55	A	-		
1651	48	O	5.55	T	-		
1651	49	O	5.55	T	-		
1651	50	O	5.55	T	-		
1651	51	O	5.55	A	-		
1651	52	O	5.55	A	-		
1651	53	O	5.55	G	-		
1651	54	O	5.55	A	-		
1651	55	O	5.55	A	-		
1651	56	O	5.55	G	-		
1651	57	O	5.55	A	-		
1651	58	O	5.55	A	-		
1651	59	O	5.55	A	-		
1651	60	O	5.55	A	-		
1651	61	O	5.55	A	-		
1651	62	O	5.55	G	-		
1651	63	O	5.55	A	-		
1651	64	O	5.55	A	-		
1651	65	O	5.55	A	-		
1651	66	O	5.55	A	-		
1651	67	O	5.55	T	-		
1651	68	O	5.55	T	-		
1651	69	O	5.55	C	-		
1651	70	O	5.55	T	-		
1651	71	O	5.55	C	-		
1651	72	O	5.55	T	-		
1651	73	O	5.55	C	-		
1651	74	O	5.55	A	-		
1651	75	O	5.55	G	-		
1651	76	O	5.55	A	-		
1651	77	O	5.55	T	-		
1651	78	O	5.55	A	-		
1651	79	O	5.55	A	-		
1651	80	O	5.55	T	-		
1651	81	O	5.55	A	-		
1651	82	O	5.55	G	-		
1651	83	O	5.55	A	-		
1651	84	O	5.55	G	-		
1651	85	O	5.55	A	-		
1651	86	O	5.55	A	-		
1651	87	O	5.55	T	-		
1651	88	O	5.55	T	-		
1651	89	O	5.55	C	-		
1651	90	O	5.55	A	-		
1651	91	O	5.55	G	-		
1651	92	O	5.55	T	-		
1651	93	O	5.55	T	-		
1651	94	O	5.55	C	-		
1651	95	O	5.55	T	-		
1651	96	O	5.55	T	-		
1651	97	O	5.55	A	-		
1651	98	O	5.55	T	-		
1651	99	O	5.55	T	-		
1651	100	O	5.55	C	-		
1651	101	O	5.55	G	-		
1651	102	O	5.55	A	-		
1651	103	O	5.55	T	-		
1651	104	O	5.55	G	-		
1651	105	O	5.55	A	-		
1651	106	O	5.55	G	-		
1651	107	O	5.55	A	-		
1651	108	O	5.55	G	-		
1651	109	O	5.55	G	-		
1652	0	O	9.70	T	-		
1652	1	O	9.70	C	-		
1652	2	O	9.70	G	-		
1652	3	O	9.70	C	-		
1652	4	O	9.70	G	-		
1652	5	O	9.70	C	-		
1652	6	O	9.70	G	-		
1652	7	O	9.70	G	-		
1652	8	O	9.70	G	-		
1652	9	O	9.70	C	-		
1652	10	O	9.70	G	-		
1652	11	O	9.70	C	-		
1652	12	O	9.70	C	-		
1652	13	O	9.70	C	-		
1652	14	O	9.70	T	-		
1652	15	O	9.70	C	-		
1652	16	O	9.70	G	-		
1652	17	O	9.70	T	-		
1652	18	O	9.70	C	-		
1652	19	O	9.70	T	-		
1652	20	O	9.70	G	-		
1652	21	O	9.70	A	-		
1652	22	O	9.70	G	-		
1652	23	O	9.70	C	-		
1652	24	O	9.70	C	-		
1652	25	O	9.70	C	-		
1652	26	O	9.70	G	-		
1652	27	O	9.70	G	-		
1652	28	O	9.70	T	-		
1652	29	O	9.70	G	-		
1652	30	O	9.70	G	-		
1652	31	O	9.70	T	-		
1652	32	O	9.70	T	-		
1652	33	O	9.70	G	-		
1652	34	O	9.70	C	-		
1652	35	O	9.70	G	-		
1652	36	O	9.70	G	-		
1652	37	O	9.70	C	-		
1652	38	O	9.70	A	-		
1652	39	O	9.70	G	-		
1652	40	O	9.70	T	-		
1652	41	O	9.70	C	-		
1652	42	O	9.70	G	-		
1652	43	O	9.70	C	-		
1652	44	O	9.70	G	-		
1652	45	O	9.70	T	-		
1652	46	O	9.70	G	-		
1652	47	O	9.70	G	-		
1652	48	O	9.70	G	-		
1652	49	O	9.70	C	-		
1652	50	O	9.70	A	-		
1652	51	O	9.70	A	-		
1652	52	O	9.70	C	-		
1652	53	O	9.70	G	-		
1652	54	O	9.70	C	-		
1652	55	O	9.70	G	-		
1652	56	O	9.70	C	-		
1652	57	O	9.70	A	-		
1652	58	O	9.70	C	-		
1652	59	O	9.70	G	-		
1652	60	O	9.70	C	-		
1652	61	O	9.70	A	-		
1652	62	O	9.70	T	-		
1652	63	O	9.70	C	-		
1652	64	O	9.70	C	-		
1652	65	O	9.70	A	-		
1652	66	O	9.70	C	-		
1652	67	O	9.70	T	-		
1652	68	O	9.70	G	-		
1652	69	O	9.70	C	-		
1652	70	O	9.70	G	-		
1652	71	O	9.70	A	-		
1652	72	O	9.70	C	-		
1652	73	O	9.70	A	-		
1652	74	O	9.70	C	-		
1652	75	O	9.70	T	-		
1652	76	O	9.70	G	-		
1652	77	O	9.70	A	-		
1652	78	O	9.70	T	-		
1652	79	O	9.70	G	-		
1652	80	O	9.70	A	-		
1652	81	O	9.70	G	-		
1652	82	O	9.70	C	-		
1652	83	O	9.70	C	-		
1652	84	O	9.70	C	-		
1652	85	O	9.70	G	-		
1652	86	O	9.70	A	-		
1652	87	O	9.70	A	-		
1652	88	O	9.70	G	-		
1652	89	O	9.70	A	-		
1652	90	O	9.70	G	-		
1652	91	O	9.70	T	-		
1652	92	O	9.70	A	-		
1652	93	O	9.70	A	-		
1652	94	O	9.70	T	-		
1652	95	O	9.70	G	-		
1652	96	O	9.70	A	-		
1652	97	O	9.70	A	-		
1652	98	O	9.70	G	-		
1652	99	O	9.70	T	-		
1652	100	O	9.70	T	-		
1652	101	O	9.70	T	-		
1652	102	O	9.70	C	-		
1652	103	O	9.70	A	-		
1652	104	O	9.70	C	-		
1652	105	O	9.70	C	-		
1652	106	O	9.70	G	-		
1652	107	O	9.70	G	-		
1652	108	O	9.70	C	-		
1652	109	O	9.70	G	-		
1653	0	O	5.55	A	-		
1653	1	O	5.55	T	-		
1653	2	O	5.55	C	-		
1653	3	O	5.55	C	-		
1653	4	O	5.55	C	-		
1653	5	O	5.55	C	-		
1653	6	O	5.55	C	-		
1653	7	O	5.55	G	-		
1653	8	O	5.55	A	-		
1653	9	O	5.55	C	-		
1653	10	O	5.55	G	-		
1653	11	O	5.55	G	-		
1653	12	O	5.55	T	-		
1653	13	O	5.55	G	-		
1653	14	O	5.55	A	-		
1653	15	O	5.55	G	-		
1653	16	O	5.55	A	-		
1653	17	O	5.55	G	-		
1653	18	O	5.55	C	-		
1653	19	O	5.55	T	-		
1653	20	O	5.55	A	-		
1653	21	O	5.55	A	-		
1653	22	O	5.55	A	-		
1653	23	O	5.55	A	-		
1653	24	O	5.55	T	-		
1653	25	O	5.55	C	-		
1653	26	O	5.55	T	-		
1653	27	O	5.55	A	-		
1653	28	O	5.55	G	-		
1653	29	O	5.55	C	-		
1653	30	O	5.55	T	-		
1653	31	O	5.55	G	-		
1653	32	O	5.55	C	-		
1653	33	O	5.55	A	-		
1653	34	O	5.55	G	-		
1653	35	O	5.55	C	-		
1653	36	O	5.55	T	-		
1653	37	O	5.55	G	-		
1653	38	O	5.55	G	-		
1653	39	O	5.55	C	-		
1653	40	O	5.55	G	-		
1653	41	O	5.55	C	-		
1653	42	O	5.55	C	-		
1653	43	O	5.55	C	-		
1653	44	O	5.55	T	-		
1653	45	O	5.55	A	-		
1653	46	O	5.55	G	-		
1653	47	O	5.55	T	-		
1653	48	O	5.55	G	-		
1653	49	O	5.55	C	-		
1653	50	O	5.55	T	-		
1653	51	O	5.55	C	-		
1653	52	O	5.55	G	-		
1653	53	O	5.55	G	-		
1653	54	O	5.55	C	-		
1653	55	O	5.55	A	-		
1653	56	O	5.55	G	-		
1653	57	O	5.55	C	-		
1653	58	O	5.55	T	-		
1653	59	O	5.55	C	-		
1653	60	O	5.55	A	-		
1653	61	O	5.55	T	-		
1653	62	O	5.55	C	-		
1653	63	O	5.55	T	-		
1653	64	O	5.55	A	-		
1653	65	O	5.55	G	-		
1653	66	O	5.55	G	-		
1653	67	O	5.55	T	-		
1653	68	O	5.55	T	-		
1653	69	O	5.55	C	-		
1653	70	O	5.55	G	-		
1653	71	O	5.55	C	-		
1653	72	O	5.55	T	-		
1653	73	O	5.55	T	-		
1653	74	O	5.55	T	-		
1653	75	O	5.55	T	-		
1653	76	O	5.55	A	-		
1653	77	O	5.55	G	-		
1653	78	O	5.55	C	-		
1653	79	O	5.55	A	-		
1653	80	O	5.55	T	-		
1653	81	O	5.55	A	-		
1653	82	O	5.55	T	-		
1653	83	O	5.55	C	-		
1653	84	O	5.55	T	-		
1653	85	O	5.55	G	-		
1653	86	O	5.55	G	-		
1653	87	O	5.55	C	-		
1653	88	O	5.55	T	-		
1653	89	O	5.55	G	-		
1653	90	O	5.55	A	-		
1653	91	O	5.55	G	-		
1653	92	O	5.55	A	-		
1653	93	O	5.55	T	-		
1653	94	O	5.55	C	-		
1653	95	O	5.55	A	-		
1653	96	O	5.55	T	-		
1653	97	O	5.55	T	-		
1653	98	O	5.55	C	-		
1653	99	O	5.55	G	-		
1653	100	O	5.55	A	-		
1653	101	O	5.55	G	-		
1653	102	O	5.55	C	-		
1653	103	O	5.55	A	-		
1653	104	O	5.55	T	-		
1653	105	O	5.55	C	-		
1653	106	O	5.55	A	-		
1653	107	O	5.55	T	-		
1653	108	O	5.55	A	-		
1653	109	O	5.55	C	-		
1654	0	O	5.55	T	-		
1654	1	O	5.55	C	-		
1654	2	O	5.55	A	-		
1654	3	O	5.55	A	-		
1654	4	O	5.55	G	-		
1654	5	O	5.55	G	-		
1654	6	O	5.55	A	-		
1654	7	O	5.55	A	-		
1654	8	O	5.55	T	-		
1654	9	O	5.55	T	-		
1654	10	O	5.55	G	-		
1654	11	O	5.55	A	-		
1654	12	O	5.55	T	-		
1654	13	O	5.55	C	-		
1654	14	O	5.55	G	-		
1654	15	O	5.55	C	-		
1654	16	O	5.55	T	-		
1654	17	O	5.55	G	-		
1654	18	O	5.55	A	-		
1654	19	O	5.55	T	-		
1654	20	O	5.55	A	-		
1654	21	O	5.55	C	-		
1654	22	O	5.55	C	-		
1654	23	O	5.55	C	-		
1654	24	O	5.55	A	-		
1654	25	O	5.55	A	-		
1654	26	O	5.55	T	-		
1654	27	O	5.55	A	-		
1654	28	O	5.55	G	-		
1654	29	O	5.55	T	-		
1654	30	O	5.55	A	-		
1654	31	O	5.55	A	-		
1654	32	O	5.55	T	-		
1654	33	O	5.55	A	-		
1654	34	O	5.55	T	-		
1654	35	O	5.55	G	-		
1654	36	O	5.55	G	-		
1654	37	O	5.55	C	-		
1654	38	O	5.55	C	-		
1654	39	O	5.55	G	-		
1654	40	O	5.55	A	-		
1654	41	O	5.55	T	-		
1654	42	O	5.55	G	-		
1654	43	O	5.55	T	-		
1654	44	O	5.55	C	-		
1654	45	O	5.55	G	-		
1654	46	O	5.55	T	-		
1654	47	O	5.55	A	-		
1654	48	O	5.55	T	-		
1654	49	O	5.55	A	-		
1654	50	O	5.55	C	-		
1654	51	O	5.55	A	-		
1654	52	O	5.55	T	-		
1654	53	O	5.55	G	-		
1654	54	O	5.55	T	-		
1654	55	O	5.55	T	-		
1654	56	O	5.55	T	-		
1654	57	O	5.55	G	-		
1654	58	O	5.55	C	-		
1654	59	O	5.55	G	-		
1654	60	O	5.55	T	-		
1654	61	O	5.55	C	-		
1654	62	O	5.55	A	-		
1654	63	O	5.55	G	-		
1654	64	O	5.55	C	-		
1654	65	O	5.55	G	-		
1654	66	O	5.55	T	-		
1654	67	O	5.55	C	-		
1654	68	O	5.55	A	-		
1654	69	O	5.55	T	-		
1654	70	O	5.55	A	-		
1654	71	O	5.55	G	-		
1654	72	O	5.55	G	-		
1654	73	O	5.55	A	-		
1654	74	O	5.55	T	-		
1654	75	O	5.55	G	-		
1654	76	O	5.55	C	-		
1654	77	O	5.55	A	-		
1654	78	O	5.55	C	-		
1654	79	O	5.55	A	-		
1654	80	O	5.55	A	-		
1654	81	O	5.55	G	-		
1654	82	O	5.55	G	-		
1654	83	O	5.55	C	-		
1654	84	O	5.55	C	-		
1654	85	O	5.55	G	-		
1654	86	O	5.55	G	-		
1654	87	O	5.55	G	-		
1654	88	O	5.55	A	-		
1654	89	O	5.55	A	-		
1654	90	O	5.55	A	-		
1654	91	O	5.55	A	-		
1654	92	O	5.55	G	-		
1654	93	O	5.55	T	-		
1654	94	O	5.55	T	-		
1654	95	O	5.55	G	-		
1654	96	O	5.55	T	-		
1654	97	O	5.55	C	-		
1654	98	O	5.55	G	-		
1654	99	O	5.55	T	-		
1654	100	O	5.55	C	-		
1654	101	O	5.55	A	-		
1654	102	O	5.55	T	-		
1654	103	O	5.55	G	-		
1654	104	O	5.55	C	-		
1654	105	O	5.55	A	-		
1654	106	O	5.55	T	-		
1654	107	O	5.55	C	-		
1654	108	O	5.55	T	-		
1654	109	O	5.55	T	-		
1655	0	O	27.73	A	-		
1655	1	O	27.73	A	-		
1655	2	O	27.73	C	-		
1655	3	O	27.73	A	-		
1655	4	O	27.73	A	-		
1655	5	O	27.73	A	-		
1655	6	O	27.73	A	-		
1655	7	O	27.73	A	-		
1655	8	O	27.73	G	-		
1655	9	O	27.73	A	-		
1655	10	O	27.73	G	-		
1655	11	O	27.73	A	-		
1655	12	O	27.73	A	-		
1655	13	O	27.73	A	-		
1655	14	O	27.73	A	-		
1655	15	O	27.73	G	-		
1655	16	O	27.73	A	-		
1655	17	O	27.73	A	-		
1655	18	O	27.73	T	-		
1655	19	O	27.73	T	-		
1655	20	O	27.73	C	-		
1655	21	O	27.73	T	-		
1655	22	O	27.73	A	-		
1655	23	O	27.73	A	-		
1655	24	O	27.73	T	-		
1655	25	O	27.73	C	-		
1655	26	O	27.73	C	-		
1655	27	O	27.73	G	-		
1655	28	O	27.73	T	-		
1655	29	O	27.73	G	-		
1655	30	O	27.73	T	-		
1655	31	O	27.73	T	-		
1655	32	O	27.73	T	-		
1655	33	O	27.73	A	-		
1655	34	O	27.73	C	-		
1655	35	O	27.73	T	-		
1655	36	O	27.73	G	-		
1655	37	O	27.73	A	-		
1655	38	O	27.73	A	-		
1655	39	O	27.73	T	-		
1655	40	O	27.73	C	-		
1655	41	O	27.73	C	-		
1655	42	O	27.73	T	-		
1655	43	O	27.73	A	-		
1655	44	O	27.73	A	-		
1655	45	O	27.73	T	-		
1655	46	O	27.73	A	-		
1655	47	O	27.73	T	-		
1655	48	O	27.73	T	-		
1655	49	O	27.73	G	-		
1655	50	O	27.73	T	-		
1655	51	O	27.73	T	-		
1655	52	O	27.73	G	-		
1655	53	O	27.73	C	-		
1655	54	O	27.73	A	-		
1655	55	O	27.73	C	-		
1655	56	O	27.73	C	-		
1655	57	O	27.73	T	-		
1655	58	O	27.73	A	-		
1655	59	O	27.73	A	-		
1655	60	O	27.73	T	-		
1655	61	O	27.73	A	-		
1655	62	O	27.73	C	-		
1655	63	O	27.73	T	-		
1655	64	O	27.73	A	-		
1655	65	O	27.73	T	-		
1655	66	O	27.73	T	-		
1655	67	O	27.73	G	-		
1655	68	O	27.73	T	-		
1655	69	O	27.73	A	-		
1655	70	O	27.73	A	-		
1655	71	O	27.73	A	-		
1655	72	O	27.73	A	-		
1655	73	O	27.73	C	-		
1655	74	O	27.73	T	-		
1655	75	O	27.73	T	-		
1655	76	O	27.73	A	-		
1655	77	O	27.73	A	-		
1655	78	O	27.73	T	-		
1655	79	O	27.73	G	-		
1655	80	O	27.73	A	-		
1655	81	O	27.73	A	-		
1655	82	O	27.73	A	-		
1655	83	O	27.73	A	-		
1655	84	O	27.73	A	-		
1655	85	O	27.73	G	-		
1655	86	O	27.73	T	-		
1655	87	O	27.73	T	-		
1655	88	O	27.73	A	-		
1655	89	O	27.73	A	-		
1655	90	O	27.73	T	-		
1655	91	O	27.73	A	-		
1655	92	O	27.73	C	-		
1655	93	O	27.73	A	-		
1655	94	O	27.73	A	-		
1655	95	O	27.73	A	-		
1655	96	O	27.73	A	-		
1655	97	O	27.73	T	-		
1655	98	O	27.73	G	-		
1655	99	O	27.73	A	-		
1655	100	O	27.73	C	-		
1655	101	O	27.73	T	-		
1655	102	O	27.73	A	-		
1655	103	O	27.73	G	-		
1655	104	O	27.73	T	-		
1655	105	O	27.73	T	-		
1655	106	O	27.73	G	-		
1655	107	O	27.73	A	-		
1655	108	O	27.73	A	-		
1655	109	O	27.73	G	-		
1656	0	O	23.57	T	-		
1656	1	O	23.57	C	-		
1656	2	O	23.57	C	-		
1656	3	O	23.57	C	-		
1656	4	O	23.57	G	-		
1656	5	O	23.57	A	-		
1656	6	O	23.57	A	-		
1656	7	O	23.57	G	-		
1656	8	O	23.57	T	-		
1656	9	O	23.57	C	-		
1656	10	O	23.57	A	-		
1656	11	O	23.57	A	-		
1656	12	O	23.57	G	-		
1656	13	O	23.57	G	-		
1656	14	O	23.57	C	-		
1656	15	O	23.57	C	-		
1656	16	O	23.57	G	-		
1656	17	O	23.57	A	-		
1656	18	U	1.13	A	G		
1656	19	O	23.57	T	-		
1656	20	O	23.57	T	-		
1656	21	O	23.57	C	-		
1656	22	O	23.57	G	-		
1656	23	O	23.57	C	-		
1656	24	O	23.57	T	-		
1656	25	O	23.57	G	-		
1656	26	O	23.57	A	-		
1656	27	O	23.57	G	-		
1656	28	O	23.57	A	-		
1656	29	O	23.57	T	-		
1656	30	O	23.57	C	-		
1656	31	O	23.57	A	-		
1656	32	O	23.57	G	-		
1656	33	O	23.57	A	-		
1656	34	O	23.57	G	-		
1656	35	O	23.57	C	-		
1656	36	O	23.57	T	-		
1656	37	O	23.57	G	-		
1656	38	O	23.57	G	-		
1656	39	O	23.57	T	-		
1656	40	O	23.57	A	-		
1656	41	O	23.57	T	-		
1656	42	O	23.57	T	-		
1656	43	O	23.57	G	-		
1656	44	O	23.57	C	-		
1656	45	O	23.57	C	-		
1656	46	O	23.57	G	-		
1656	47	O	23.57	A	-		
1656	48	O	23.57	G	-		
1656	49	O	23.57	G	-		
1656	50	O	23.57	A	-		
1656	51	O	23.57	G	-		
1656	52	O	23.57	A	-		
1656	53	O	23.57	T	-		
1656	54	O	23.57	G	-		
1656	55	O	23.57	C	-		
1656	56	O	23.57	G	-		
1656	57	O	23.57	T	-		
1656	58	O	23.57	G	-		
1656	59	O	23.57	C	-		
1656	60	O	23.57	G	-		
1656	61	O	23.57	A	-		
1656	62	O	23.57	G	-		
1656	63	O	23.57	C	-		
1656	64	O	23.57	G	-		
1656	65	O	23.57	A	-		
1656	66	O	23.57	A	-		
1656	67	O	23.57	G	-		
1656	68	O	23.57	G	-		
1656	69	O	23.57	C	-		
1656	70	O	23.57	T	-		
1656	71	O	23.57	T	-		
1656	72	O	23.57	C	-		
1656	73	O	23.57	C	-		
1656	74	O	23.57	A	-		
1656	75	O	23.57	A	-		
1656	76	O	23.57	A	-		
1656	77	O	23.57	G	-		
1656	78	O	23.57	T	-		
1656	79	O	23.57	C	-		
1656	80	O	23.57	G	-		
1656	81	O	23.57	C	-		
1656	82	O	23.57	G	-		
1656	83	O	23.57	A	-		
1656	84	O	23.57	G	-		
1656	85	O	23.57	C	-		
1656	86	O	23.57	T	-		
1656	87	O	23.57	G	-		
1656	88	O	23.57	C	-		
1656	89	O	23.57	T	-		
1656	90	O	23.57	T	-		
1656	91	O	23.57	G	-		
1656	92	O	23.57	A	-		
1656	93	O	23.57	A	-		
1656	94	O	23.57	C	-		
1656	95	O	23.57	C	-		
1656	96	O	23.57	G	-		
1656	97	O	23.57	G	-		
1656	98	O	23.57	C	-		
1656	99	O	23.57	C	-		
1656	100	O	23.57	A	-		
1656	101	O	23.57	A	-		
1656	102	O	23.57	C	-		
1656	103	O	23.57	A	-		
1656	104	O	23.57	A	-		
1656	105	O	23.57	G	-		
1656	106	O	23.57	A	-		
1656	107	O	23.57	A	-		
1656	108	O	23.57	G	-		
1656	109	O	23.57	C	-		
1657	0	O	5.55	T	-		
1657	1	O	5.55	A	-		
1657	2	O	5.55	C	-		
1657	3	O	5.55	A	-		
1657	4	O	5.55	G	-		
1657	5	O	5.55	T	-		
1657	6	O	5.55	A	-		
1657	7	O	5.55	G	-		
1657	8	O	5.55	A	-		
1657	9	O	5.55	G	-		
1657	10	O	5.55	T	-		
1657	11	O	5.55	G	-		
1657	12	O	5.55	T	-		
1657	13	O	5.55	A	-		
1657	14	O	5.55	G	-		
1657	15	O	5.55	G	-		
1657	16	O	5.55	G	-		
1657	17	O	5.55	C	-		
1657	18	O	5.55	G	-		
1657	19	O	5.55	T	-		
1657	20	O	5.55	A	-		
1657	21	O	5.55	C	-		
1657	22	O	5.55	C	-		
1657	23	O	5.55	T	-		
1657	24	O	5.55	T	-		
1657	25	O	5.55	T	-		
1657	26	O	5.55	G	-		
1657	27	O	5.55	C	-		
1657	28	O	5.55	A	-		
1657	29	O	5.55	G	-		
1657	30	O	5.55	A	-		
1657	31	O	5.55	T	-		
1657	32	O	5.55	T	-		
1657	33	O	5.55	G	-		
1657	34	O	5.55	A	-		
1657	35	O	5.55	A	-		
1657	36	O	5.55	C	-		
1657	37	O	5.55	A	-		
1657	38	O	5.55	G	-		
1657	39	O	5.55	T	-		
1657	40	O	5.55	C	-		
1657	41	O	5.55	T	-		
1657	42	O	5.55	T	-		
1657	43	O	5.55	T	-		
1657	44	O	5.55	T	-		
1657	45	O	5.55	T	-		
1657	46	O	5.55	A	-		
1657	47	O	5.55	G	-		
1657	48	O	5.55	C	-		
1657	49	O	5.55	G	-		
1657	50	O	5.55	A	-		
1657	51	O	5.55	C	-		
1657	52	O	5.55	A	-		
1657	53	O	5.55	T	-		
1657	54	O	5.55	C	-		
1657	55	O	5.55	C	-		
1657	56	O	5.55	T	-		
1657	57	O	5.55	T	-		
1657	58	O	5.55	C	-		
1657	59	O	5.55	G	-		
1657	60	O	5.55	A	-		
1657	61	O	5.55	G	-		
1657	62	O	5.55	T	-		
1657	63	O	5.55	A	-		
1657	64	O	5.55	G	-		
1657	65	O	5.55	T	-		
1657	66	O	5.55	C	-		
1657	67	O	5.55	G	-		
1657	68	O	5.55	G	-		
1657	69	O	5.55	G	-		
1657	70	O	5.55	T	-		
1657	71	O	5.55	A	-		
1657	72	O	5.55	T	-		
1657	73	O	5.55	A	-		
1657	74	O	5.55	C	-		
1657	75	O	5.55	C	-		
1657	76	O	5.55	A	-		
1657	77	O	5.55	G	-		
1657	78	O	5.55	C	-		
1657	79	O	5.55	T	-		
1657	80	O	5.55	G	-		
1657	81	O	5.55	C	-		
1657	82	O	5.55	T	-		
1657	83	O	5.55	T	-		
1657	84	O	5.55	T	-		
1657	85	O	5.55	G	-		
1657	86	O	5.55	G	-		
1657	87	O	5.55	G	-		
1657	88	O	5.55	T	-		
1657	89	O	5.55	A	-		
1657	90	O	5.55	C	-		
1657	91	O	5.55	T	-		
1657	92	O	5.55	G	-		
1657	93	O	5.55	T	-		
1657	94	O	5.55	G	-		
1657	95	O	5.55	G	-		
1657	96	O	5.55	G	-		
1657	97	O	5.55	C	-		
1657	98	O	5.55	C	-		
1657	99	O	5.55	C	-		
1657	100	O	5.55	A	-		
1657	101	O	5.55	T	-		
1657	102	O	5.55	T	-		
1657	103	O	5.55	C	-		
1657	104	O	5.55	T	-		
1657	105	O	5.55	G	-		
1657	106	O	5.55	T	-		
1657	107	O	5.55	C	-		
1657	108	O	5.55	A	-		
1657	109	O	5.55	A	-		
1658	0	O	5.55	A	-		
1658	1	O	5.55	A	-		
1658	2	O	5.55	G	-		
1658	3	O	5.55	G	-		
1658	4	O	5.55	C	-		
1658	5	O	5.55	G	-		
1658	6	O	5.55	A	-		
1658	7	O	5.55	A	-		
1658	8	O	5.55	C	-		
1658	9	O	5.55	A	-		
1658	10	O	5.55	G	-		
1658	11	O	5.55	G	-		
1658	12	O	5.55	T	-		
1658	13	O	5.55	T	-		
1658	14	O	5.55	G	-		
1658	15	O	5.55	C	-		
1658	16	O	5.55	T	-		
1658	17	O	5.55	C	-		
1658	18	O	5.55	A	-		
1658	19	O	5.55	G	-		
1658	20	O	5.55	C	-		
1658	21	O	5.55	A	-		
1658	22	O	5.55	C	-		
1658	23	O	5.55	C	-		
1658	24	O	5.55	A	-		
1658	25	O	5.55	T	-		
1658	26	O	5.55	G	-		
1658	27	O	5.55	G	-		
1658	28	O	5.55	C	-		
1658	29	O	5.55	C	-		
1658	30	O	5.55	A	-		
1658	31	O	5.55	G	-		
1658	32	O	5.55	G	-		
1658	33	O	5.55	T	-		
1658	34	O	5.55	T	-		
1658	35	O	5.55	G	-		
1658	36	O	5.55	T	-		
1658	37	O	5.55	A	-		
1658	38	O	5.55	G	-		
1658	39	O	5.55	G	-		
1658	40	O	5.55	C	-		
1658	41	O	5.55	T	-		
1658	42	O	5.55	C	-		
1658	43	O	5.55	G	-		
1658	44	O	5.55	G	-		
1658	45	O	5.55	A	-		
1658	46	O	5.55	T	-		
1658	47	O	5.55	G	-		
1658	48	O	5.55	G	-		
1658	49	O	5.55	T	-		
1658	50	O	5.55	C	-		
1658	51	O	5.55	C	-		
1658	52	O	5.55	A	-		
1658	53	O	5.55	G	-		
1658	54	O	5.55	G	-		
1658	55	O	5.55	T	-		
1658	56	O	5.55	G	-		
1658	57	O	5.55	A	-		
1658	58	O	5.55	G	-		
1658	59	O	5.55	C	-		
1658	60	O	5.55	T	-		
1658	61	O	5.55	C	-		
1658	62	O	5.55	G	-		
1658	63	O	5.55	A	-		
1658	64	O	5.55	G	-		
1658	65	O	5.55	C	-		
1658	66	O	5.55	G	-		
1658	67	O	5.55	C	-		
1658	68	O	5.55	C	-		
1658	69	O	5.55	T	-		
1658	70	O	5.55	T	-		
1658	71	O	5.55	C	-		
1658	72	O	5.55	C	-		
1658	73	O	5.55	G	-		
1658	74	O	5.55	C	-		
1658	75	O	5.55	T	-		
1658	76	O	5.55	G	-		
1658	77	O	5.55	G	-		
1658	78	O	5.55	C	-		
1658	79	O	5.55	T	-		
1658	80	O	5.55	C	-		
1658	81	O	5.55	A	-		
1658	82	O	5.55	T	-		
1658	83	O	5.55	C	-		
1658	84	O	5.55	A	-		
1658	85	O	5.55	G	-		
1658	86	O	5.55	G	-		
1658	87	O	5.55	C	-		
1658	88	O	5.55	T	-		
1658	89	O	5.55	C	-		
1658	90	O	5.55	G	-		
1658	91	O	5.55	G	-		
1658	92	O	5.55	C	-		
1658	93	O	5.55	A	-		
1658	94	O	5.55	G	-		
1658	95	O	5.55	G	-		
1658	96	O	5.55	A	-		
1658	97	O	5.55	G	-		
1658	98	O	5.55	C	-		
1658	99	O	5.55	C	-		
1658	100	O	5.55	G	-		
1658	101	O	5.55	C	-		
1658	102	O	5.55	T	-		
1658	103	O	5.55	T	-		
1658	104	O	5.55	G	-		
1658	105	O	5.55	A	-		
1658	106	O	5.55	T	-		
1658	107	O	5.55	G	-		
1658	108	O	5.55	A	-		
1658	109	O	5.55	G	-		
1659	0	O	11.09	T	-		
1659	1	O	11.09	G	-		
1659	2	O	11.09	A	-		
1659	3	O	11.09	G	-		
1659	4	O	11.09	C	-		
1659	5	O	11.09	C	-		
1659	6	O	11.09	G	-		
1659	7	O	11.09	C	-		
1659	8	O	11.09	C	-		
1659	9	O	11.09	C	-		
1659	10	O	11.09	G	-		
1659	11	O	11.09	C	-		
1659	12	O	11.09	T	-		
1659	13	O	11.09	T	-		
1659	14	O	11.09	G	-		
1659	15	O	11.09	G	-		
1659	16	O	11.09	C	-		
1659	17	O	11.09	A	-		
1659	18	O	11.09	C	-		
1659	19	O	11.09	T	-		
1659	20	O	11.09	A	-		
1659	21	O	11.09	A	-		
1659	22	O	11.09	T	-		
1659	23	O	11.09	T	-		
1659	24	O	11.09	G	-		
1659	25	O	11.09	A	-		
1659	26	O	11.09	G	-		
1659	27	O	11.09	C	-		
1659	28	O	11.09	C	-		
1659	29	O	11.09	G	-		
1659	30	O	11.09	T	-		
1659	31	O	11.09	T	-		
1659	32	O	11.09	C	-		
1659	33	O	11.09	G	-		
1659	34	O	11.09	G	-		
1659	35	O	11.09	G	-		
1659	36	O	11.09	T	-		
1659	37	O	11.09	T	-		
1659	38	O	11.09	T	-		
1659	39	O	11.09	G	-		
1659	40	O	11.09	T	-		
1659	41	O	11.09	T	-		
1659	42	O	11.09	C	-		
1659	43	O	11.09	G	-		
1659	44	O	11.09	G	-		
1659	45	O	11.09	C	-		
1659	46	O	11.09	G	-		
1659	47	O	11.09	G	-		
1659	48	O	11.09	C	-		
1659	49	O	11.09	A	-		
1659	50	O	11.09	A	-		
1659	51	O	11.09	C	-		
1659	52	O	11.09	C	-		
1659	53	O	11.09	C	-		
1659	54	O	11.09	C	-		
1659	55	O	11.09	A	-		
1659	56	O	11.09	A	-		
1659	57	O	11.09	T	-		
1659	58	O	11.09	A	-		
1659	59	O	11.09	A	-		
1659	60	O	11.09	T	-		
1659	61	O	11.09	G	-		
1659	62	O	11.09	A	-		
1659	63	O	11.09	A	-		
1659	64	O	11.09	T	-		
1659	65	O	11.09	A	-		
1659	66	O	11.09	C	-		
1659	67	O	11.09	G	-		
1659	68	O	11.09	A	-		
1659	69	O	11.09	A	-		
1659	70	O	11.09	T	-		
1659	71	O	11.09	G	-		
1659	72	O	11.09	A	-		
1659	73	O	11.09	C	-		
1659	74	O	11.09	C	-		
1659	75	O	11.09	C	-		
1659	76	O	11.09	T	-		
1659	77	O	11.09	C	-		
1659	78	O	11.09	C	-		
1659	79	O	11.09	T	-		
1659	80	O	11.09	G	-		
1659	81	O	11.09	A	-		
1659	82	O	11.09	C	-		
1659	83	O	11.09	T	-		
1659	84	O	11.09	C	-		
1659	85	O	11.09	C	-		
1659	86	O	11.09	A	-		
1659	87	O	11.09	T	-		
1659	88	O	11.09	A	-		
1659	89	O	11.09	T	-		
1659	90	O	11.09	C	-		
1659	91	O	11.09	G	-		
1659	92	O	11.09	C	-		
1659	93	O	11.09	A	-		
1659	94	O	11.09	C	-		
1659	95	O	11.09	C	-		
1659	96	O	11.09	C	-		
1659	97	O	11.09	G	-		
1659	98	O	11.09	T	-		
1659	99	O	11.09	C	-		
1659	100	O	11.09	C	-		
1659	101	O	11.09	G	-		
1659	102	O	11.09	T	-		
1659	103	O	11.09	C	-		
1659	104	O	11.09	T	-		
1659	105	O	11.09	G	-		
1659	106	O	11.09	G	-		
1659	107	O	11.09	G	-		
1659	108	O	11.09	T	-		
1659	109	O	11.09	C	-		
1660	0	U	0.00	-	-		
1660	1	U	0.00	-	-		
1660	2	U	0.00	-	-		
1660	3	U	0.00	-	-		
1660	4	U	0.00	-	-		
1660	5	O	19.41	T	-		
1660	6	O	19.41	T	-		
1660	7	O	19.41	G	-		
1660	8	O	19.41	A	-		
1660	9	O	19.41	G	-		
1660	10	O	19.41	G	-		
1660	11	O	19.41	T	-		
1660	12	O	19.41	T	-		
1660	13	O	19.41	T	-		
1660	14	O	19.41	C	-		
1660	15	O	19.41	T	-		
1660	16	O	19.41	T	-		
1660	17	O	19.41	A	-		
1660	18	O	19.41	C	-		
1660	19	O	19.41	T	-		
1660	20	O	19.41	A	-		
1660	21	O	19.41	G	-		
1660	22	O	19.41	A	-		
1660	23	O	19.41	G	-		
1660	24	O	19.41	A	-		
1660	25	O	19.41	T	-		
1660	26	O	19.41	C	-		
1660	27	O	19.41	T	-		
1660	28	O	19.41	T	-		
1660	29	O	19.41	G	-		
1660	30	O	19.41	T	-		
1660	31	O	19.41	T	-		
1660	32	O	19.41	C	-		
1660	33	O	19.41	C	-		
1660	34	O	19.41	A	-		
1660	35	O	19.41	G	-		
1660	36	O	19.41	G	-		
1660	37	O	19.41	A	-		
1660	38	O	19.41	G	-		
1660	39	O	19.41	A	-		
1660	40	O	19.41	G	-		
1660	41	O	19.41	G	-		
1660	42	O	19.41	G	-		
1660	43	O	19.41	T	-		
1660	44	O	19.41	G	-		
1660	45	O	19.41	A	-		
1660	46	O	19.41	A	-		
1660	47	O	19.41	T	-		
1660	48	O	19.41	C	-		
1660	49	O	19.41	T	-		
1660	50	O	19.41	C	-		
1660	51	O	19.41	T	-		
1660	52	O	19.41	T	-		
1660	53	O	19.41	G	-		
1660	54	O	19.41	A	-		
1660	55	O	19.41	G	-		
1660	56	O	19.41	T	-		
1660	57	O	19.41	A	-		
1660	58	O	19.41	T	-		
1660	59	O	19.41	C	-		
1660	60	O	19.41	G	-		
1660	61	O	19.41	T	-		
1660	62	O	19.41	T	-		
1660	63	O	19.41	T	-		
1660	64	O	19.41	A	-		
1660	65	O	19.41	G	-		
1660	66	O	10.01	C	-		
1660	67	O	19.41	G	-		
1660	68	O	19.41	A	-		
1660	69	O	19.41	A	-		
1660	70	O	19.41	G	-		
1660	71	O	19.41	C	-		
1660	72	O	19.41	T	-		
1660	73	O	19.41	T	-		
1660	74	O	19.41	G	-		
1660	75	O	19.41	G	-		
1660	76	O	10.01	A	-		
1660	77	O	19.41	C	-		
1660	78	O	19.41	T	-		
1660	79	O	19.41	T	-		
1660	80	O	19.41	C	-		
1660	81	O	19.41	A	-		
1660	82	O	19.41	T	-		
1660	83	O	19.41	T	-		
1660	84	O	19.41	G	-		
1660	85	O	19.41	T	-		
1660	86	O	19.41	C	-		
1660	87	O	19.41	A	-		
1660	88	O	19.41	C	-		
1660	89	O	19.41	A	-		
1660	90	O	19.41	T	-		
1660	91	O	19.41	T	-		
1660	92	O	19.41	T	-		
1660	93	O	19.41	T	-		
1660	94	O	19.41	T	-		
1660	95	O	19.41	T	-		
1660	96	O	19.41	T	-		
1660	97	O	19.41	G	-		
1660	98	O	19.41	G	-		
1660	99	O	19.41	A	-		
1660	100	O	19.41	T	-		
1660	101	O	19.41	G	-		
1660	102	O	19.41	G	-		
1660	103	O	19.41	G	-		
1660	104	O	19.41	A	-		
1660	105	O	19.41	A	-		
1660	106	O	19.41	A	-		
1660	107	O	19.41	T	-		
1660	108	O	19.41	A	-		
1660	109	O	19.41	G	-		
1660	110	U	0.00	-	-		
1660	111	U	0.00	-	-		
1660	112	U	0.00	-	-		
1660	113	U	0.00	-	-		
1660	114	U	0.00	-	-		
1661	0	O	16.64	T	-		
1661	1	O	16.64	G	-		
1661	2	O	16.64	C	-		
1661	3	O	16.64	G	-		
1661	4	O	16.64	A	-		
1661	5	O	16.64	G	-		
1661	6	O	16.64	C	-		
1661	7	O	16.64	A	-		
1661	8	O	16.64	A	-		
1661	9	O	16.64	G	-		
1661	10	O	16.64	G	-		
1661	11	O	16.64	A	-		
1661	12	O	16.64	C	-		
1661	13	O	16.64	G	-		
1661	14	O	16.64	T	-		
1661	15	O	16.64	C	-		
1661	16	O	16.64	A	-		
1661	17	O	16.64	C	-		
1661	18	O	16.64	C	-		
1661	19	O	16.64	A	-		
1661	20	O	16.64	C	-		
1661	21	O	16.64	G	-		
1661	22	O	16.64	A	-		
1661	23	O	16.64	T	-		
1661	24	O	16.64	A	-		
1661	25	O	16.64	C	-		
1661	26	O	16.64	A	-		
1661	27	O	16.64	G	-		
1661	28	O	16.64	C	-		
1661	29	O	16.64	T	-		
1661	30	O	16.64	C	-		
1661	31	O	16.64	C	-		
1661	32	O	16.64	A	-		
1661	33	O	16.64	A	-		
1661	34	O	16.64	C	-		
1661	35	O	16.64	C	-		
1661	36	O	16.64	C	-		
1661	37	O	16.64	A	-		
1661	38	O	16.64	A	-		
1661	39	O	16.64	T	-		
1661	40	O	16.64	C	-		
1661	41	O	16.64	G	-		
1661	42	O	16.64	A	-		
1661	43	O	16.64	C	-		
1661	44	O	16.64	T	-		
1661	45	O	16.64	G	-		
1661	46	O	16.64	C	-		
1661	47	O	16.64	G	-		
1661	48	O	16.64	G	-		
1661	49	O	16.64	C	-		
1661	50	O	16.64	G	-		
1661	51	O	16.64	C	-		
1661	52	O	16.64	A	-		
1661	53	O	16.64	T	-		
1661	54	O	16.64	T	-		
1661	55	O	16.64	G	-		
1661	56	O	16.64	C	-		
1661	57	O	16.64	A	-		
1661	58	O	16.64	C	-		
1661	59	O	16.64	G	-		
1661	60	O	16.64	T	-		
1661	61	O	16.64	G	-		
1661	62	O	16.64	A	-		
1661	63	O	16.64	A	-		
1661	64	O	16.64	G	-		
1661	65	O	16.64	A	-		
1661	66	O	16.64	C	-		
1661	67	O	16.64	T	-		
1661	68	O	16.64	G	-		
1661	69	O	16.64	A	-		
1661	70	O	16.64	T	-		
1661	71	O	16.64	C	-		
1661	72	O	16.64	A	-		
1661	73	O	16.64	A	-		
1661	74	O	16.64	G	-		
1661	75	O	16.64	A	-		
1661	76	O	16.64	C	-		
1661	77	O	16.64	C	-		
1661	78	O	16.64	C	-		
1661	79	O	16.64	A	-		
1661	80	O	16.64	C	-		
1661	81	O	16.64	C	-		
1661	82	O	16.64	A	-		
1661	83	O	16.64	A	-		
1661	84	O	16.64	C	-		
1661	85	O	16.64	A	-		
1661	86	O	16.64	A	-		
1661	87	O	16.64	A	-		
1661	88	O	16.64	C	-		
1661	89	O	16.64	A	-		
1661	90	O	16.64	C	-		
1661	91	O	16.64	A	-		
1661	92	O	16.64	T	-		
1661	93	O	16.64	A	-		
1661	94	O	16.64	C	-		
1661	95	O	16.64	A	-		
1661	96	O	16.64	G	-		
1661	97	O	16.64	C	-		
1661	98	O	16.64	T	-		
1661	99	O	16.64	A	-		
1661	100	O	16.64	C	-		
1661	101	O	16.64	A	-		
1661	102	O	16.64	G	-		
1661	103	O	16.64	C	-		
1661	104	O	16.64	A	-		
1661	105	O	16.64	C	-		
1661	106	O	16.64	C	-		
1661	107	O	16.64	C	-		
1661	108	O	16.64	T	-		
1661	109	O	16.64	G	-		
1662	0	O	29.11	G	-		
1662	1	O	29.11	A	-		
1662	2	O	29.11	C	-		
1662	3	O	29.11	C	-		
1662	4	O	18.87	T	-		
1662	5	O	29.11	G	-		
1662	6	O	29.11	C	-		
1662	7	O	29.11	A	-		
1662	8	O	29.11	G	-		
1662	9	O	29.11	C	-		
1662	10	O	29.11	T	-		
1662	11	O	29.11	T	-		
1662	12	O	29.11	G	-		
1662	13	O	29.11	A	-		
1662	14	O	29.11	T	-		
1662	15	O	29.11	G	-		
1662	16	O	29.11	T	-		
1662	17	O	29.11	A	-		
1662	18	O	29.11	T	-		
1662	19	O	29.11	C	-		
1662	20	O	29.11	C	-		
1662	21	O	29.11	G	-		
1662	22	O	29.11	G	-		
1662	23	O	29.11	T	-		
1662	24	O	29.11	A	-		
1662	25	O	29.11	A	-		
1662	26	O	29.11	T	-		
1662	27	O	29.11	C	-		
1662	28	O	29.11	T	-		
1662	29	O	29.11	T	-		
1662	30	O	29.11	T	-		
1662	31	O	29.11	T	-		
1662	32	O	29.11	T	-		
1662	33	O	29.11	A	-		
1662	34	O	29.11	G	-		
1662	35	O	29.11	C	-		
1662	36	O	29.11	C	-		
1662	37	O	29.11	A	-		
1662	38	O	29.11	T	-		
1662	39	O	29.11	G	-		
1662	40	O	29.11	T	-		
1662	41	O	29.11	C	-		
1662	42	O	29.11	A	-		
1662	43	O	29.11	C	-		
1662	44	O	18.87	T	-		
1662	45	O	29.11	C	-		
1662	46	O	29.11	T	-		
1662	47	O	29.11	C	-		
1662	48	O	29.11	T	-		
1662	49	O	29.11	T	-		
1662	50	O	29.11	T	-		
1662	51	O	29.11	A	-		
1662	52	O	29.11	T	-		
1662	53	O	29.11	G	-		
1662	54	O	29.11	A	-		
1662	55	O	29.11	G	-		
1662	56	O	29.11	G	-		
1662	57	O	29.11	G	-		
1662	58	O	29.11	C	-		
1662	59	O	29.11	G	-		
1662	60	O	29.11	G	-		
1662	61	O	29.11	C	-		
1662	62	O	29.11	G	-		
1662	63	O	29.11	A	-		
1662	64	O	29.11	A	-		
1662	65	O	29.11	C	-		
1662	66	O	29.11	G	-		
1662	67	O	29.11	C	-		
1662	68	O	29.11	G	-		
1662	69	O	29.11	T	-		
1662	70	O	29.11	G	-		
1662	71	O	29.11	A	-		
1662	72	O	29.11	G	-		
1662	73	O	29.11	C	-		
1662	74	O	29.11	G	-		
1662	75	O	29.11	A	-		
1662	76	O	29.11	G	-		
1662	77	O	29.11	C	-		
1662	78	O	29.11	C	-		
1662	79	O	29.11	A	-		
1662	80	O	29.11	C	-		
1662	81	O	29.11	C	-		
1662	82	O	29.11	C	-		
1662	83	O	29.11	G	-		
1662	84	O	29.11	G	-		
1662	85	O	29.11	T	-		
1662	86	O	29.11	G	-		
1662	87	O	29.11	A	-		
1662	88	O	29.11	G	-		
1662	89	O	29.11	T	-		
1662	90	O	29.11	C	-		
1662	91	O	29.11	T	-		
1662	92	O	29.11	A	-		
1662	93	O	29.11	G	-		
1662	94	O	29.11	C	-		
1662	95	O	29.11	G	-		
1662	96	O	29.11	G	-		
1662	97	O	29.11	T	-		
1662	98	O	29.11	G	-		
1662	99	O	29.11	A	-		
1662	100	O	29.11	T	-		
1662	101	O	29.11	G	-		
1662	102	O	29.11	A	-		
1662	103	O	29.11	C	-		
1662	104	O	29.11	G	-		
1662	105	O	29.11	G	-		
1662	106	O	29.11	C	-		
1662	107	O	29.11	C	-		
1662	108	O	29.11	A	-		
1662	109	O	29.11	C	-		
1663	0	O	12.48	C	-		
1663	1	O	12.48	G	-		
1663	2	O	12.48	G	-		
1663	3	O	12.48	C	-		
1663	4	O	12.48	G	-		
1663	5	O	12.48	C	-		
1663	6	O	12.48	A	-		
1663	7	O	12.48	G	-		
1663	8	O	12.48	C	-		
1663	9	O	12.48	A	-		
1663	10	O	12.48	G	-		
1663	11	O	12.48	T	-		
1663	12	O	12.48	T	-		
1663	13	O	12.48	C	-		
1663	14	O	12.48	A	-		
1663	15	O	12.48	T	-		
1663	16	O	12.48	C	-		
1663	17	O	12.48	T	-		
1663	18	O	12.48	C	-		
1663	19	O	12.48	G	-		
1663	20	O	12.48	C	-		
1663	21	O	12.48	A	-		
1663	22	O	12.48	C	-		
1663	23	O	12.48	T	-		
1663	24	O	12.48	C	-		
1663	25	O	12.48	G	-		
1663	26	O	12.48	G	-		
1663	27	O	12.48	C	-		
1663	28	O	12.48	C	-		
1663	29	O	12.48	C	-		
1663	30	O	12.48	G	-		
1663	31	O	12.48	C	-		
1663	32	O	12.48	T	-		
1663	33	O	12.48	T	-		
1663	34	O	12.48	G	-		
1663	35	O	12.48	G	-		
1663	36	O	12.48	G	-		
1663	37	O	12.48	C	-		
1663	38	O	12.48	T	-		
1663	39	O	12.48	C	-		
1663	40	O	12.48	C	-		
1663	41	O	12.48	A	-		
1663	42	O	12.48	C	-		
1663	43	O	12.48	T	-		
1663	44	O	12.48	C	-		
1663	45	O	12.48	G	-		
1663	46	O	12.48	T	-		
1663	47	O	12.48	C	-		
1663	48	O	12.48	C	-		
1663	49	O	12.48	C	-		
1663	50	O	12.48	T	-		
1663	51	O	12.48	C	-		
1663	52	O	12.48	G	-		
1663	53	O	12.48	T	-		
1663	54	O	12.48	C	-		
1663	55	O	12.48	G	-		
1663	56	O	12.48	G	-		
1663	57	O	12.48	C	-		
1663	58	O	12.48	G	-		
1663	59	O	12.48	C	-		
1663	60	O	12.48	C	-		
1663	61	O	12.48	C	-		
1663	62	O	12.48	A	-		
1663	63	O	12.48	A	-		
1663	64	O	12.48	C	-		
1663	65	O	12.48	A	-		
1663	66	O	12.48	T	-		
1663	67	O	12.48	C	-		
1663	68	O	12.48	T	-		
1663	69	O	12.48	C	-		
1663	70	O	12.48	G	-		
1663	71	O	12.48	C	-		
1663	72	O	12.48	C	-		
1663	73	O	12.48	G	-		
1663	74	O	12.48	A	-		
1663	75	O	12.48	C	-		
1663	76	O	12.48	A	-		
1663	77	O	12.48	T	-		
1663	78	O	12.48	C	-		
1663	79	O	12.48	T	-		
1663	80	O	12.48	T	-		
1663	81	O	12.48	G	-		
1663	82	O	12.48	A	-		
1663	83	O	12.48	G	-		
1663	84	O	12.48	G	-		
1663	85	O	12.48	C	-		
1663	86	O	12.48	T	-		
1663	87	O	12.48	T	-		
1663	88	O	12.48	T	-		
1663	89	O	12.48	C	-		
1663	90	O	12.48	G	-		
1663	91	O	12.48	C	-		
1663	92	O	12.48	T	-		
1663	93	O	12.48	T	-		
1663	94	O	12.48	G	-		
1663	95	O	12.48	G	-		
1663	96	O	12.48	G	-		
1663	97	O	12.48	C	-		
1663	98	O	12.48	G	-		
1663	99	O	12.48	A	-		
1663	100	O	12.48	C	-		
1663	101	O	12.48	T	-		
1663	102	O	12.48	C	-		
1663	103	O	12.48	G	-		
1663	104	O	12.48	C	-		
1663	105	O	12.48	A	-		
1663	106	O	12.48	A	-		
1663	107	O	12.48	C	-		
1663	108	O	12.48	T	-		
1663	109	O	12.48	C	-		
1664	0	O	6.93	T	-		
1664	1	O	6.93	C	-		
1664	2	O	6.93	C	-		
1664	3	O	6.93	G	-		
1664	4	O	6.93	C	-		
1664	5	O	6.93	G	-		
1664	6	O	6.93	T	-		
1664	7	O	6.93	T	-		
1664	8	O	6.93	G	-		
1664	9	O	6.93	T	-		
1664	10	O	6.93	G	-		
1664	11	O	6.93	C	-		
1664	12	O	6.93	C	-		
1664	13	O	6.93	T	-		
1664	14	O	6.93	G	-		
1664	15	O	6.93	C	-		
1664	16	O	6.93	A	-		
1664	17	O	6.93	A	-		
1664	18	O	6.93	G	-		
1664	19	O	6.93	C	-		
1664	20	O	6.93	G	-		
1664	21	O	6.93	G	-		
1664	22	O	6.93	T	-		
1664	23	O	6.93	T	-		
1664	24	O	6.93	A	-		
1664	25	O	6.93	G	-		
1664	26	O	6.93	T	-		
1664	27	O	6.93	T	-		
1664	28	O	6.93	T	-		
1664	29	O	6.93	C	-		
1664	30	O	6.93	G	-		
1664	31	O	6.93	A	-		
1664	32	O	6.93	A	-		
1664	33	O	6.93	G	-		
1664	34	O	6.93	G	-		
1664	35	O	6.93	G	-		
1664	36	O	6.93	G	-		
1664	37	O	6.93	A	-		
1664	38	O	6.93	C	-		
1664	39	O	6.93	T	-		
1664	40	O	6.93	G	-		
1664	41	O	6.93	A	-		
1664	42	O	6.93	T	-		
1664	43	O	6.93	G	-		
1664	44	O	6.93	C	-		
1664	45	O	6.93	A	-		
1664	46	O	6.93	G	-		
1664	47	O	6.93	T	-		
1664	48	O	6.93	T	-		
1664	49	O	6.93	C	-		
1664	50	O	6.93	C	-		
1664	51	O	6.93	C	-		
1664	52	O	6.93	A	-		
1664	53	O	6.93	C	-		
1664	54	O	6.93	G	-		
1664	55	O	6.93	C	-		
1664	56	O	6.93	G	-		
1664	57	O	6.93	T	-		
1664	58	O	6.93	G	-		
1664	59	O	6.93	G	-		
1664	60	O	6.93	T	-		
1664	61	O	6.93	A	-		
1664	62	O	6.93	A	-		
1664	63	O	6.93	A	-		
1664	64	O	6.93	G	-		
1664	65	O	6.93	A	-		
1664	66	O	6.93	T	-		
1664	67	O	6.93	A	-		
1664	68	O	6.93	G	-		
1664	69	O	6.93	T	-		
1664	70	O	6.93	C	-		
1664	71	O	6.93	G	-		
1664	72	O	6.93	G	-		
1664	73	O	6.93	T	-		
1664	74	O	6.93	G	-		
1664	75	U	-0.27	T	G		
1664	76	O	6.93	C	-		
1664	77	O	6.93	G	-		
1664	78	O	6.93	T	-		
1664	79	O	6.93	G	-		
1664	80	O	6.93	A	-		
1664	81	O	6.93	C	-		
1664	82	O	6.93	T	-		
1664	83	O	6.93	T	-		
1664	84	O	6.93	G	-		
1664	85	O	6.93	T	-		
1664	86	O	6.93	G	-		
1664	87	O	6.93	A	-		
1664	88	O	6.93	T	-		
1664	89	O	6.93	G	-		
1664	90	O	6.93	C	-		
1664	91	O	6.93	T	-		
1664	92	O	6.93	T	-		
1664	93	O	6.93	T	-		
1664	94	O	6.93	C	-		
1664	95	O	6.93	C	-		
1664	96	O	6.93	A	-		
1664	97	O	6.93	C	-		
1664	98	O	6.93	G	-		
1664	99	O	6.93	A	-		
1664	100	O	6.93	C	-		
1664	101	O	6.93	T	-		
1664	102	O	6.93	G	-		
1664	103	O	6.93	A	-		
1664	104	O	6.93	C	-		
1664	105	O	6.93	A	-		
1664	106	O	6.93	A	-		
1664	107	O	6.93	C	-		
1664	108	O	6.93	G	-		
1664	109	O	6.93	T	-		
1665	0	O	15.25	A	-		
1665	1	O	15.25	C	-		
1665	2	O	15.25	A	-		
1665	3	O	15.25	A	-		
1665	4	O	15.25	G	-		
1665	5	O	15.25	A	-		
1665	6	O	15.25	G	-		
1665	7	O	15.25	T	-		
1665	8	O	15.25	T	-		
1665	9	O	15.25	T	-		
1665	10	O	15.25	T	-		
1665	11	O	15.25	G	-		
1665	12	O	15.25	T	-		
1665	13	O	15.25	T	-		
1665	14	O	15.25	G	-		
1665	15	O	15.25	C	-		
1665	16	O	15.25	A	-		
1665	17	O	15.25	C	-		
1665	18	O	15.25	A	-		
1665	19	O	15.25	A	-		
1665	20	O	15.25	A	-		
1665	21	O	15.25	A	-		
1665	22	O	15.25	G	-		
1665	23	O	15.25	T	-		
1665	24	O	15.25	C	-		
1665	25	O	15.25	C	-		
1665	26	O	15.25	A	-		
1665	27	O	15.25	A	-		
1665	28	O	15.25	T	-		
1665	29	O	15.25	G	-		
1665	30	O	15.25	T	-		
1665	31	O	15.25	G	-		
1665	32	O	15.25	G	-		
1665	33	O	15.25	C	-		
1665	34	O	15.25	T	-		
1665	35	O	15.25	C	-		
1665	36	O	15.25	A	-		
1665	37	O	15.25	T	-		
1665	38	O	15.25	G	-		
1665	39	O	15.25	T	-		
1665	40	O	15.25	G	-		
1665	41	O	15.25	G	-		
1665	42	O	15.25	T	-		
1665	43	O	15.25	G	-		
1665	44	O	15.25	A	-		
1665	45	O	15.25	T	-		
1665	46	O	15.25	C	-		
1665	47	O	15.25	A	-		
1665	48	O	15.25	T	-		
1665	49	O	15.25	T	-		
1665	50	O	15.25	G	-		
1665	51	O	15.25	C	-		
1665	52	O	15.25	A	-		
1665	53	O	15.25	A	-		
1665	54	O	15.25	C	-		
1665	55	O	15.25	T	-		
1665	56	O	15.25	G	-		
1665	57	O	15.25	C	-		
1665	58	O	15.25	T	-		
1665	59	O	15.25	G	-		
1665	60	O	15.25	T	-		
1665	61	O	15.25	G	-		
1665	62	O	15.25	G	-		
1665	63	O	15.25	A	-		
1665	64	O	15.25	C	-		
1665	65	O	15.25	G	-		
1665	66	O	15.25	C	-		
1665	67	O	15.25	T	-		
1665	68	O	15.25	T	-		
1665	69	O	15.25	T	-		
1665	70	O	15.25	G	-		
1665	71	O	15.25	G	-		
1665	72	O	15.25	T	-		
1665	73	O	15.25	G	-		
1665	74	O	15.25	C	-		
1665	75	O	15.25	T	-		
1665	76	O	15.25	T	-		
1665	77	O	15.25	C	-		
1665	78	O	15.25	A	-		
1665	79	O	15.25	T	-		
1665	80	O	15.25	A	-		
1665	81	O	15.25	T	-		
1665	82	O	15.25	T	-		
1665	83	O	15.25	C	-		
1665	84	O	15.25	A	-		
1665	85	O	15.25	G	-		
1665	86	O	15.25	T	-		
1665	87	O	15.25	T	-		
1665	88	O	15.25	T	-		
1665	89	O	15.25	C	-		
1665	90	O	15.25	A	-		
1665	91	O	15.25	C	-		
1665	92	O	15.25	T	-		
1665	93	O	15.25	G	-		
1665	94	O	15.25	T	-		
1665	95	O	15.25	A	-		
1665	96	O	15.25	G	-		
1665	97	O	15.25	C	-		
1665	98	O	15.25	A	-		
1665	99	O	15.25	G	-		
1665	100	O	15.25	T	-		
1665	101	O	15.25	G	-		
1665	102	O	15.25	A	-		
1665	103	O	15.25	A	-		
1665	104	O	15.25	C	-		
1665	105	O	15.25	C	-		
1665	106	O	15.25	T	-		
1665	107	O	15.25	C	-		
1665	108	O	15.25	C	-		
1665	109	O	15.25	C	-		
1666	0	O	8.32	T	-		
1666	1	O	8.32	T	-		
1666	2	O	8.32	G	-		
1666	3	O	8.32	G	-		
1666	4	O	8.32	A	-		
1666	5	O	8.32	G	-		
1666	6	O	8.32	T	-		
1666	7	O	8.32	G	-		
1666	8	O	8.32	C	-		
1666	9	O	8.32	A	-		
1666	10	O	8.32	A	-		
1666	11	O	8.32	G	-		
1666	12	O	8.32	T	-		
1666	13	O	8.32	G	-		
1666	14	O	8.32	G	-		
1666	15	O	8.32	A	-		
1666	16	O	8.32	G	-		
1666	17	O	8.32	C	-		
1666	18	O	8.32	A	-		
1666	19	O	8.32	A	-		
1666	20	O	8.32	T	-		
1666	21	O	8.32	A	-		
1666	22	O	8.32	T	-		
1666	23	O	8.32	A	-		
1666	24	O	8.32	C	-		
1666	25	O	8.32	A	-		
1666	26	O	8.32	C	-		
1666	27	O	8.32	A	-		
1666	28	O	8.32	C	-		
1666	29	O	8.32	T	-		
1666	30	O	8.32	G	-		
1666	31	O	8.32	A	-		
1666	32	O	8.32	T	-		
1666	33	O	8.32	A	-		
1666	34	O	8.32	G	-		
1666	35	O	8.32	G	-		
1666	36	O	8.32	G	-		
1666	37	O	8.32	T	-		
1666	38	O	8.32	T	-		
1666	39	O	8.32	T	-		
1666	40	O	8.32	T	-		
1666	41	O	8.32	T	-		
1666	42	O	8.32	T	-		
1666	43	O	8.32	A	-		
1666	44	O	8.32	C	-		
1666	45	O	8.32	T	-		
1666	46	O	8.32	G	-		
1666	47	O	8.32	G	-		
1666	48	O	8.32	T	-		
1666	49	O	8.32	T	-		
1666	50	O	8.32	G	-		
1666	51	O	8.32	T	-		
1666	52	O	8.32	G	-		
1666	53	O	8.32	C	-		
1666	54	O	8.32	G	-		
1666	55	O	8.32	T	-		
1666	56	O	8.32	G	-		
1666	57	O	8.32	C	-		
1666	58	O	8.32	T	-		
1666	59	O	8.32	G	-		
1666	60	O	8.32	C	-		
1666	61	O	8.32	T	-		
1666	62	O	8.32	A	-		
1666	63	O	8.32	C	-		
1666	64	O	8.32	T	-		
1666	65	O	8.32	C	-		
1666	66	O	8.32	T	-		
1666	67	O	8.32	T	-		
1666	68	O	8.32	G	-		
1666	69	O	8.32	C	-		
1666	70	O	8.32	A	-		
1666	71	O	8.32	T	-		
1666	72	O	8.32	T	-		
1666	73	O	8.32	T	-		
1666	74	O	8.32	A	-		
1666	75	O	8.32	T	-		
1666	76	O	8.32	C	-		
1666	77	O	8.32	G	-		
1666	78	O	8.32	T	-		
1666	79	O	8.32	T	-		
1666	80	O	8.32	T	-		
1666	81	O	8.32	A	-		
1666	82	O	8.32	A	-		
1666	83	O	8.32	A	-		
1666	84	O	8.32	G	-		
1666	85	O	8.32	A	-		
1666	86	O	8.32	T	-		
1666	87	O	8.32	G	-		
1666	88	O	8.32	A	-		
1666	89	O	8.32	G	-		
1666	90	O	8.32	G	-		
1666	91	O	8.32	A	-		
1666	92	O	8.32	A	-		
1666	93	O	8.32	C	-		
1666	94	O	8.32	C	-		
1666	95	O	8.32	A	-		
1666	96	O	8.32	A	-		
1666	97	O	8.32	T	-		
1666	98	O	8.32	A	-		
1666	99	O	8.32	C	-		
1666	100	O	8.32	T	-		
1666	101	O	8.32	T	-		
1666	102	O	8.32	G	-		
1666	103	O	8.32	T	-		
1666	104	O	8.32	T	-		
1666	105	O	8.32	G	-		
1666	106	O	8.32	C	-		
1666	107	O	8.32	C	-		
1666	108	O	8.32	T	-		
1666	109	O	8.32	G	-		
1667	0	O	8.32	A	-		
1667	1	O	8.32	T	-		
1667	2	O	8.32	G	-		
1667	3	O	8.32	G	-		
1667	4	O	8.32	T	-		
1667	5	O	8.32	G	-		
1667	6	O	8.32	T	-		
1667	7	O	8.32	A	-		
1667	8	O	8.32	G	-		
1667	9	O	8.32	A	-		
1667	10	O	8.32	A	-		
1667	11	O	8.32	G	-		
1667	12	O	8.32	C	-		
1667	13	O	8.32	C	-		
1667	14	O	8.32	G	-		
1667	15	O	8.32	C	-		
1667	16	O	8.32	T	-		
1667	17	O	8.32	C	-		
1667	18	O	8.32	A	-		
1667	19	O	8.32	C	-		
1667	20	O	8.32	C	-		
1667	21	O	8.32	C	-		
1667	22	O	8.32	G	-		
1667	23	O	8.32	T	-		
1667	24	O	8.32	C	-		
1667	25	O	8.32	C	-		
1667	26	O	8.32	G	-		
1667	27	O	8.32	C	-		
1667	28	O	8.32	T	-		
1667	29	O	8.32	G	-		
1667	30	O	8.32	C	-		
1667	31	O	8.32	C	-		
1667	32	O	8.32	G	-		
1667	33	O	8.32	T	-		
1667	34	O	8.32	C	-		
1667	35	O	8.32	G	-		
1667	36	O	8.32	C	-		
1667	37	O	8.32	C	-		
1667	38	O	8.32	G	-		
1667	39	O	8.32	C	-		
1667	40	O	8.32	T	-		
1667	41	O	8.32	C	-		
1667	42	O	8.32	T	-		
1667	43	O	8.32	C	-		
1667	44	O	8.32	C	-		
1667	45	O	8.32	T	-		
1667	46	O	8.32	G	-		
1667	47	O	8.32	G	-		
1667	48	O	8.32	T	-		
1667	49	O	8.32	G	-		
1667	50	O	8.32	C	-		
1667	51	O	8.32	T	-		
1667	52	O	8.32	C	-		
1667	53	O	8.32	C	-		
1667	54	O	8.32	G	-		
1667	55	O	8.32	A	-		
1667	56	O	8.32	G	-		
1667	57	O	8.32	C	-		
1667	58	O	8.32	G	-		
1667	59	O	8.32	G	-		
1667	60	O	8.32	C	-		
1667	61	O	8.32	C	-		
1667	62	O	8.32	G	-		
1667	63	O	8.32	C	-		
1667	64	O	8.32	C	-		
1667	65	O	8.32	G	-		
1667	66	O	8.32	A	-		
1667	67	O	8.32	T	-		
1667	68	O	8.32	C	-		
1667	69	O	8.32	G	-		
1667	70	O	8.32	A	-		
1667	71	O	8.32	G	-		
1667	72	O	8.32	T	-		
1667	73	O	8.32	C	-		
1667	74	O	8.32	G	-		
1667	75	O	8.32	G	-		
1667	76	O	8.32	C	-		
1667	77	O	8.32	C	-		
1667	78	O	8.32	G	-		
1667	79	O	8.32	T	-		
1667	80	O	8.32	G	-		
1667	81	O	8.32	T	-		
1667	82	O	8.32	A	-		
1667	83	O	8.32	G	-		
1667	84	O	8.32	C	-		
1667	85	O	8.32	T	-		
1667	86	O	8.32	G	-		
1667	87	O	8.32	A	-		
1667	88	O	8.32	A	-		
1667	89	O	8.32	C	-		
1667	90	O	8.32	G	-		
1667	91	O	8.32	C	-		
1667	92	O	8.32	G	-		
1667	93	O	8.32	T	-		
1667	94	O	8.32	A	-		
1667	95	O	8.32	G	-		
1667	96	O	8.32	G	-		
1667	97	O	8.32	G	-		
1667	98	O	8.32	C	-		
1667	99	O	8.32	T	-		
1667	100	O	8.32	C	-		
1667	101	O	8.32	A	-		
1667	102	O	8.32	G	-		
1667	103	U	0.71	G	A		
1667	104	O	8.32	C	-		
1667	105	O	8.32	G	-		
1667	106	O	8.32	C	-		
1667	107	O	8.32	T	-		
1667	108	O	8.32	G	-		
1667	109	O	8.32	G	-		
1668	0	O	16.64	A	-		
1668	1	O	16.64	C	-		
1668	2	O	16.64	T	-		
1668	3	O	16.64	T	-		
1668	4	O	16.64	T	-		
1668	5	O	16.64	G	-		
1668	6	O	16.64	A	-		
1668	7	O	16.64	G	-		
1668	8	O	16.64	T	-		
1668	9	O	16.64	T	-		
1668	10	O	16.64	G	-		
1668	11	O	16.64	T	-		
1668	12	O	16.64	A	-		
1668	13	O	16.64	C	-		
1668	14	O	16.64	A	-		
1668	15	O	16.64	T	-		
1668	16	O	16.64	C	-		
1668	17	O	16.64	G	-		
1668	18	O	16.64	A	-		
1668	19	O	16.64	G	-		
1668	20	O	16.64	G	-		
1668	21	O	16.64	C	-		
1668	22	O	16.64	C	-		
1668	23	O	16.64	G	-		
1668	24	O	16.64	A	-		
1668	25	O	16.64	G	-		
1668	26	O	16.64	A	-		
1668	27	O	16.64	T	-		
1668	28	O	16.64	C	-		
1668	29	O	16.64	T	-		
1668	30	O	16.64	G	-		
1668	31	O	16.64	T	-		
1668	32	O	16.64	G	-		
1668	33	O	16.64	C	-		
1668	34	O	16.64	A	-		
1668	35	O	16.64	T	-		
1668	36	O	16.64	G	-		
1668	37	O	16.64	C	-		
1668	38	O	16.64	A	-		
1668	39	O	16.64	T	-		
1668	40	O	16.64	G	-		
1668	41	O	16.64	G	-		
1668	42	O	16.64	A	-		
1668	43	O	16.64	A	-		
1668	44	O	16.64	A	-		
1668	45	O	16.64	G	-		
1668	46	O	16.64	C	-		
1668	47	O	16.64	C	-		
1668	48	O	16.64	T	-		
1668	49	O	16.64	C	-		
1668	50	O	16.64	A	-		
1668	51	O	16.64	A	-		
1668	52	O	16.64	C	-		
1668	53	O	16.64	A	-		
1668	54	O	16.64	G	-		
1668	55	O	16.64	C	-		
1668	56	O	16.64	T	-		
1668	57	O	16.64	T	-		
1668	58	O	16.64	C	-		
1668	59	O	16.64	T	-		
1668	60	O	16.64	C	-		
1668	61	O	16.64	C	-		
1668	62	O	16.64	C	-		
1668	63	O	16.64	A	-		
1668	64	O	16.64	G	-		
1668	65	O	16.64	T	-		
1668	66	O	16.64	C	-		
1668	67	O	16.64	G	-		
1668	68	O	16.64	A	-		
1668	69	O	16.64	C	-		
1668	70	O	16.64	T	-		
1668	71	O	16.64	C	-		
1668	72	O	16.64	T	-		
1668	73	O	16.64	T	-		
1668	74	O	16.64	C	-		
1668	75	O	16.64	G	-		
1668	76	O	16.64	G	-		
1668	77	O	16.64	A	-		
1668	78	O	16.64	A	-		
1668	79	O	16.64	G	-		
1668	80	O	16.64	A	-		
1668	81	O	16.64	C	-		
1668	82	O	16.64	C	-		
1668	83	O	16.64	T	-		
1668	84	O	16.64	C	-		
1668	85	O	16.64	G	-		
1668	86	O	16.64	C	-		
1668	87	O	16.64	G	-		
1668	88	O	16.64	A	-		
1668	89	O	16.64	G	-		
1668	90	O	16.64	A	-		
1668	91	O	16.64	T	-		
1668	92	O	16.64	C	-		
1668	93	O	16.64	A	-		
1668	94	O	16.64	C	-		
1668	95	O	16.64	C	-		
1668	96	O	16.64	A	-		
1668	97	O	16.64	A	-		
1668	98	O	16.64	G	-		
1668	99	O	16.64	C	-		
1668	100	O	16.64	G	-		
1668	101	O	16.64	T	-		
1668	102	O	16.64	T	-		
1668	103	O	16.64	G	-		
1668	104	O	16.64	C	-		
1668	105	O	16.64	A	-		
1668	106	O	16.64	A	-		
1668	107	O	16.64	G	-		
1668	108	O	16.64	C	-		
1668	109	O	16.64	T	-		
1669	0	O	6.93	C	-		
1669	1	O	6.93	G	-		
1669	2	O	6.93	G	-		
1669	3	O	6.93	A	-		
1669	4	O	6.93	T	-		
1669	5	O	6.93	A	-		
1669	6	O	6.93	G	-		
1669	7	O	6.93	C	-		
1669	8	O	6.93	G	-		
1669	9	O	6.93	C	-		
1669	10	O	6.93	T	-		
1669	11	O	6.93	C	-		
1669	12	O	6.93	C	-		
1669	13	O	6.93	G	-		
1669	14	O	6.93	T	-		
1669	15	O	6.93	T	-		
1669	16	O	6.93	T	-		
1669	17	O	6.93	C	-		
1669	18	O	6.93	C	-		
1669	19	O	6.93	C	-		
1669	20	O	6.93	C	-		
1669	21	O	6.93	T	-		
1669	22	O	6.93	T	-		
1669	23	O	6.93	C	-		
1669	24	O	6.93	A	-		
1669	25	O	6.93	T	-		
1669	26	O	6.93	G	-		
1669	27	O	6.93	G	-		
1669	28	O	6.93	A	-		
1669	29	O	6.93	A	-		
1669	30	O	6.93	G	-		
1669	31	O	6.93	C	-		
1669	32	O	6.93	T	-		
1669	33	O	6.93	C	-		
1669	34	O	6.93	A	-		
1669	35	O	6.93	T	-		
1669	36	O	6.93	G	-		
1669	37	O	6.93	C	-		
1669	38	O	6.93	A	-		
1669	39	O	6.93	T	-		
1669	40	O	6.93	G	-		
1669	41	O	6.93	G	-		
1669	42	O	6.93	G	-		
1669	43	O	6.93	G	-		
1669	44	O	6.93	G	-		
1669	45	O	6.93	G	-		
1669	46	O	6.93	A	-		
1669	47	O	6.93	G	-		
1669	48	O	6.93	T	-		
1669	49	O	6.93	C	-		
1669	50	O	6.93	A	-		
1669	51	O	6.93	C	-		
1669	52	O	6.93	A	-		
1669	53	O	6.93	A	-		
1669	54	O	6.93	G	-		
1669	55	O	6.93	G	-		
1669	56	O	6.93	T	-		
1669	57	O	6.93	G	-		
1669	58	O	6.93	T	-		
1669	59	O	6.93	T	-		
1669	60	O	6.93	T	-		
1669	61	O	6.93	G	-		
1669	62	O	6.93	T	-		
1669	63	O	6.93	G	-		
1669	64	O	6.93	A	-		
1669	65	O	6.93	A	-		
1669	66	O	6.93	T	-		
1669	67	O	6.93	G	-		
1669	68	O	6.93	G	-		
1669	69	O	6.93	T	-		
1669	70	O	6.93	C	-		
1669	71	O	6.93	G	-		
1669	72	O	6.93	C	-		
1669	73	O	6.93	G	-		
1669	74	O	6.93	G	-		
1669	75	O	6.93	A	-		
1669	76	O	6.93	A	-		
1669	77	O	6.93	G	-		
1669	78	O	6.93	C	-		
1669	79	O	6.93	G	-		
1669	80	O	6.93	T	-		
1669	81	O	6.93	A	-		
1669	82	O	6.93	A	-		
1669	83	O	6.93	G	-		
1669	84	O	6.93	C	-		
1669	85	O	6.93	G	-		
1669	86	O	6.93	C	-		
1669	87	O	6.93	T	-		
1669	88	O	6.93	A	-		
1669	89	O	6.93	G	-		
1669	90	O	6.93	T	-		
1669	91	O	6.93	G	-		
1669	92	O	6.93	G	-		
1669	93	O	6.93	T	-		
1669	94	O	6.93	T	-		
1669	95	O	6.93	G	-		
1669	96	O	6.93	A	-		
1669	97	O	6.93	C	-		
1669	98	O	6.93	T	-		
1669	99	O	6.93	G	-		
1669	100	O	6.93	C	-		
1669	101	O	6.93	A	-		
1669	102	O	6.93	A	-		
1669	103	O	6.93	C	-		
1669	104	O	6.93	A	-		
1669	105	O	6.93	T	-		
1669	106	O	6.93	T	-		
1669	107	O	6.93	G	-		
1669	108	O	6.93	C	-		
1669	109	O	6.93	T	-		
1670	0	O	6.93	G	-		
1670	1	O	6.93	G	-		
1670	2	O	6.93	C	-		
1670	3	O	6.93	C	-		
1670	4	O	6.93	G	-		
1670	5	O	6.93	C	-		
1670	6	O	6.93	C	-		
1670	7	O	6.93	A	-		
1670	8	O	6.93	A	-		
1670	9	O	6.93	C	-		
1670	10	O	6.93	T	-		
1670	11	O	6.93	G	-		
1670	12	O	6.93	C	-		
1670	13	O	6.93	T	-		
1670	14	O	6.93	C	-		
1670	15	O	6.93	G	-		
1670	16	O	6.93	A	-		
1670	17	O	6.93	A	-		
1670	18	O	6.93	C	-		
1670	19	O	6.93	T	-		
1670	20	O	6.93	G	-		
1670	21	O	6.93	G	-		
1670	22	O	6.93	C	-		
1670	23	O	6.93	C	-		
1670	24	O	6.93	G	-		
1670	25	O	6.93	C	-		
1670	26	O	6.93	T	-		
1670	27	O	6.93	C	-		
1670	28	O	6.93	T	-		
1670	29	O	6.93	T	-		
1670	30	O	6.93	G	-		
1670	31	O	6.93	G	-		
1670	32	O	6.93	T	-		
1670	33	O	6.93	G	-		
1670	34	O	6.93	T	-		
1670	35	O	6.93	G	-		
1670	36	O	6.93	G	-		
1670	37	O	6.93	G	-		
1670	38	O	6.93	C	-		
1670	39	O	6.93	C	-		
1670	40	O	6.93	A	-		
1670	41	O	6.93	G	-		
1670	42	O	6.93	G	-		
1670	43	O	6.93	T	-		
1670	44	O	6.93	G	-		
1670	45	O	6.93	G	-		
1670	46	O	6.93	C	-		
1670	47	O	6.93	G	-		
1670	48	O	6.93	C	-		
1670	49	O	6.93	T	-		
1670	50	O	6.93	G	-		
1670	51	O	6.93	G	-		
1670	52	O	6.93	C	-		
1670	53	O	6.93	T	-		
1670	54	O	6.93	G	-		
1670	55	O	6.93	A	-		
1670	56	O	6.93	G	-		
1670	57	O	6.93	C	-		
1670	58	O	6.93	G	-		
1670	59	O	6.93	C	-		
1670	60	O	6.93	C	-		
1670	61	O	6.93	G	-		
1670	62	O	6.93	A	-		
1670	63	O	6.93	C	-		
1670	64	O	6.93	T	-		
1670	65	O	6.93	G	-		
1670	66	O	6.93	G	-		
1670	67	O	6.93	A	-		
1670	68	O	6.93	G	-		
1670	69	O	6.93	A	-		
1670	70	O	6.93	C	-		
1670	71	O	6.93	C	-		
1670	72	O	6.93	G	-		
1670	73	O	6.93	G	-		
1670	74	O	6.93	C	-		
1670	75	O	6.93	G	-		
1670	76	O	6.93	G	-		
1670	77	O	6.93	A	-		
1670	78	O	6.93	C	-		
1670	79	O	6.93	T	-		
1670	80	O	6.93	G	-		
1670	81	O	6.93	G	-		
1670	82	O	6.93	C	-		
1670	83	O	6.93	C	-		
1670	84	O	6.93	G	-		
1670	85	O	6.93	G	-		
1670	86	O	6.93	C	-		
1670	87	O	6.93	G	-		
1670	88	O	6.93	G	-		
1670	89	O	6.93	G	-		
1670	90	O	6.93	C	-		
1670	91	O	6.93	G	-		
1670	92	O	6.93	C	-		
1670	93	O	6.93	C	-		
1670	94	O	6.93	A	-		
1670	95	O	6.93	G	-		
1670	96	O	6.93	C	-		
1670	97	O	6.93	A	-		
1670	98	O	6.93	G	-		
1670	99	O	6.93	C	-		
1670	100	O	6.93	A	-		
1670	101	O	6.93	G	-		
1670	102	O	6.93	A	-		
1670	103	O	6.93	C	-		
1670	104	O	6.93	T	-		
1670	105	O	6.93	G	-		
1670	106	O	6.93	G	-		
1670	107	O	6.93	C	-		
1670	108	O	6.93	C	-		
1670	109	O	6.93	G	-		
1671	0	O	8.32	T	-		
1671	1	O	8.32	C	-		
1671	2	O	8.32	T	-		
1671	3	O	8.32	G	-		
1671	4	O	8.32	C	-		
1671	5	O	8.32	A	-		
1671	6	O	8.32	A	-		
1671	7	O	8.32	C	-		
1671	8	O	8.32	G	-		
1671	9	O	8.32	C	-		
1671	10	O	8.32	G	-		
1671	11	O	8.32	C	-		
1671	12	O	8.32	T	-		
1671	13	O	8.32	T	-		
1671	14	O	8.32	T	-		
1671	15	O	8.32	T	-		
1671	16	O	8.32	T	-		
1671	17	O	8.32	T	-		
1671	18	O	8.32	C	-		
1671	19	O	8.32	G	-		
1671	20	O	8.32	G	-		
1671	21	O	8.32	A	-		
1671	22	O	8.32	C	-		
1671	23	O	8.32	C	-		
1671	24	O	8.32	G	-		
1671	25	O	8.32	T	-		
1671	26	O	8.32	G	-		
1671	27	O	8.32	T	-		
1671	28	O	8.32	C	-		
1671	29	O	8.32	A	-		
1671	30	O	8.32	G	-		
1671	31	O	8.32	C	-		
1671	32	O	8.32	G	-		
1671	33	O	8.32	A	-		
1671	34	O	8.32	G	-		
1671	35	O	8.32	G	-		
1671	36	O	8.32	T	-		
1671	37	O	8.32	C	-		
1671	38	O	8.32	A	-		
1671	39	O	8.32	T	-		
1671	40	O	8.32	G	-		
1671	41	O	8.32	C	-		
1671	42	O	8.32	A	-		
1671	43	O	8.32	G	-		
1671	44	O	8.32	A	-		
1671	45	O	8.32	T	-		
1671	46	O	8.32	T	-		
1671	47	O	8.32	G	-		
1671	48	O	8.32	T	-		
1671	49	O	8.32	G	-		
1671	50	O	8.32	G	-		
1671	51	O	8.32	A	-		
1671	52	O	8.32	G	-		
1671	53	O	8.32	A	-		
1671	54	O	8.32	T	-		
1671	55	O	8.32	T	-		
1671	56	O	8.32	C	-		
1671	57	O	8.32	C	-		
1671	58	O	8.32	T	-		
1671	59	O	8.32	C	-		
1671	60	O	8.32	A	-		
1671	61	O	8.32	C	-		
1671	62	O	8.32	C	-		
1671	63	O	8.32	T	-		
1671	64	O	8.32	T	-		
1671	65	O	8.32	G	-		
1671	66	O	8.32	T	-		
1671	67	O	8.32	T	-		
1671	68	O	8.32	G	-		
1671	69	O	8.32	G	-		
1671	70	O	8.32	C	-		
1671	71	O	8.32	A	-		
1671	72	O	8.32	T	-		
1671	73	O	8.32	T	-		
1671	74	O	8.32	G	-		
1671	75	O	8.32	A	-		
1671	76	O	8.32	C	-		
1671	77	O	8.32	A	-		
1671	78	O	8.32	G	-		
1671	79	O	8.32	C	-		
1671	80	O	8.32	C	-		
1671	81	O	8.32	T	-		
1671	82	O	8.32	G	-		
1671	83	O	8.32	C	-		
1671	84	O	8.32	G	-		
1671	85	U	0.71	C	T		
1671	86	O	8.32	A	-		
1671	87	O	8.32	C	-		
1671	88	O	8.32	T	-		
1671	89	O	8.32	G	-		
1671	90	O	8.32	A	-		
1671	91	O	8.32	A	-		
1671	92	O	8.32	C	-		
1671	93	O	8.32	C	-		
1671	94	O	8.32	A	-		
1671	95	O	8.32	G	-		
1671	96	O	8.32	T	-		
1671	97	O	8.32	A	-		
1671	98	O	8.32	C	-		
1671	99	O	8.32	G	-		
1671	100	O	8.32	C	-		
1671	101	O	8.32	G	-		
1671	102	O	8.32	G	-		
1671	103	O	8.32	A	-		
1671	104	O	8.32	A	-		
1671	105	O	8.32	A	-		
1671	106	O	8.32	C	-		
1671	107	O	8.32	A	-		
1671	108	O	8.32	C	-		
1671	109	O	8.32	C	-		
1672	0	O	18.02	C	-		
1672	1	O	18.02	C	-		
1672	2	O	18.02	C	-		
1672	3	O	18.02	G	-		
1672	4	O	18.02	G	-		
1672	5	O	18.02	C	-		
1672	6	O	18.02	G	-		
1672	7	O	18.02	G	-		
1672	8	O	18.02	A	-		
1672	9	O	18.02	C	-		
1672	10	O	18.02	T	-		
1672	11	O	18.02	G	-		
1672	12	O	18.02	G	-		
1672	13	O	18.02	T	-		
1672	14	O	18.02	C	-		
1672	15	O	18.02	A	-		
1672	16	O	18.02	A	-		
1672	17	O	18.02	C	-		
1672	18	O	18.02	T	-		
1672	19	O	18.02	T	-		
1672	20	O	18.02	G	-		
1672	21	O	18.02	G	-		
1672	22	O	18.02	T	-		
1672	23	O	18.02	C	-		
1672	24	O	18.02	A	-		
1672	25	O	18.02	C	-		
1672	26	O	18.02	G	-		
1672	27	O	18.02	A	-		
1672	28	O	18.02	T	-		
1672	29	O	18.02	C	-		
1672	30	O	18.02	T	-		
1672	31	O	18.02	G	-		
1672	32	O	18.02	C	-		
1672	33	O	18.02	A	-		
1672	34	O	18.02	G	-		
1672	35	O	18.02	A	-		
1672	36	O	18.02	G	-		
1672	37	O	18.02	T	-		
1672	38	O	18.02	C	-		
1672	39	O	18.02	C	-		
1672	40	O	18.02	A	-		
1672	41	O	18.02	A	-		
1672	42	O	18.02	T	-		
1672	43	O	18.02	T	-		
1672	44	O	18.02	T	-		
1672	45	O	18.02	A	-		
1672	46	O	18.02	A	-		
1672	47	O	18.02	T	-		
1672	48	O	18.02	T	-		
1672	49	O	18.02	C	-		
1672	50	O	18.02	G	-		
1672	51	O	18.02	G	-		
1672	52	O	18.02	A	-		
1672	53	O	18.02	T	-		
1672	54	O	18.02	T	-		
1672	55	O	18.02	T	-		
1672	56	O	18.02	C	-		
1672	57	O	18.02	A	-		
1672	58	O	18.02	C	-		
1672	59	O	18.02	C	-		
1672	60	O	18.02	T	-		
1672	61	O	18.02	T	-		
1672	62	O	18.02	C	-		
1672	63	O	18.02	T	-		
1672	64	O	18.02	C	-		
1672	65	O	18.02	C	-		
1672	66	O	18.02	A	-		
1672	67	O	18.02	T	-		
1672	68	O	18.02	C	-		
1672	69	O	18.02	T	-		
1672	70	O	18.02	A	-		
1672	71	O	18.02	T	-		
1672	72	O	18.02	C	-		
1672	73	O	18.02	C	-		
1672	74	O	18.02	G	-		
1672	75	O	18.02	T	-		
1672	76	O	18.02	C	-		
1672	77	O	18.02	T	-		
1672	78	O	18.02	A	-		
1672	79	O	18.02	T	-		
1672	80	O	18.02	C	-		
1672	81	O	18.02	T	-		
1672	82	O	18.02	G	-		
1672	83	O	18.02	T	-		
1672	84	O	18.02	C	-		
1672	85	O	18.02	T	-		
1672	86	O	18.02	G	-		
1672	87	O	18.02	T	-		
1672	88	O	18.02	C	-		
1672	89	O	18.02	T	-		
1672	90	O	18.02	A	-		
1672	91	O	18.02	G	-		
1672	92	O	18.02	T	-		
1672	93	O	18.02	C	-		
1672	94	O	18.02	G	-		
1672	95	O	18.02	G	-		
1672	96	O	18.02	C	-		
1672	97	O	18.02	C	-		
1672	98	O	18.02	G	-		
1672	99	O	18.02	C	-		
1672	100	O	18.02	C	-		
1672	101	O	18.02	A	-		
1672	102	O	18.02	A	-		
1672	103	O	18.02	G	-		
1672	104	O	18.02	T	-		
1672	105	O	18.02	G	-		
1672	106	O	18.02	C	-		
1672	107	O	18.02	A	-		
1672	108	O	18.02	C	-		
1672	109	O	18.02	A	-		
1673	0	O	6.93	A	-		
1673	1	O	6.93	A	-		
1673	2	O	6.93	A	-		
1673	3	O	6.93	T	-		
1673	4	O	6.93	G	-		
1673	5	O	6.93	G	-		
1673	6	O	6.93	G	-		
1673	7	O	6.93	A	-		
1673	8	O	6.93	G	-		
1673	9	O	6.93	A	-		
1673	10	O	6.93	T	-		
1673	11	O	6.93	T	-		
1673	12	O	6.93	G	-		
1673	13	O	6.93	G	-		
1673	14	O	6.93	C	-		
1673	15	O	6.93	A	-		
1673	16	O	6.93	G	-		
1673	17	O	6.93	T	-		
1673	18	O	6.93	A	-		
1673	19	O	6.93	A	-		
1673	20	O	6.93	G	-		
1673	21	O	6.93	G	-		
1673	22	O	6.93	G	-		
1673	23	O	6.93	C	-		
1673	24	O	6.93	T	-		
1673	25	O	6.93	G	-		
1673	26	O	6.93	G	-		
1673	27	O	6.93	C	-		
1673	28	O	6.93	C	-		
1673	29	O	6.93	A	-		
1673	30	O	6.93	C	-		
1673	31	O	6.93	C	-		
1673	32	O	6.93	A	-		
1673	33	O	6.93	C	-		
1673	34	O	6.93	A	-		
1673	35	O	6.93	A	-		
1673	36	O	6.93	G	-		
1673	37	O	6.93	C	-		
1673	38	O	6.93	C	-		
1673	39	O	6.93	G	-		
1673	40	O	6.93	G	-		
1673	41	O	6.93	A	-		
1673	42	O	6.93	A	-		
1673	43	O	6.93	T	-		
1673	44	O	6.93	C	-		
1673	45	O	6.93	G	-		
1673	46	O	6.93	G	-		
1673	47	O	6.93	A	-		
1673	48	O	6.93	T	-		
1673	49	O	6.93	G	-		
1673	50	O	6.93	C	-		
1673	51	O	6.93	A	-		
1673	52	O	6.93	G	-		
1673	53	O	6.93	T	-		
1673	54	O	6.93	C	-		
1673	55	O	6.93	T	-		
1673	56	O	6.93	T	-		
1673	57	O	6.93	T	-		
1673	58	O	6.93	C	-		
1673	59	O	6.93	A	-		
1673	60	O	6.93	A	-		
1673	61	O	6.93	T	-		
1673	62	O	6.93	G	-		
1673	63	O	6.93	C	-		
1673	64	O	6.93	G	-		
1673	65	O	6.93	A	-		
1673	66	O	6.93	C	-		
1673	67	O	6.93	A	-		
1673	68	O	6.93	G	-		
1673	69	O	6.93	T	-		
1673	70	O	6.93	A	-		
1673	71	O	6.93	A	-		
1673	72	O	6.93	T	-		
1673	73	O	6.93	C	-		
1673	74	O	6.93	C	-		
1673	75	O	6.93	T	-		
1673	76	O	6.93	T	-		
1673	77	O	6.93	G	-		
1673	78	O	6.93	C	-		
1673	79	O	6.93	G	-		
1673	80	O	6.93	A	-		
1673	81	O	6.93	A	-		
1673	82	O	6.93	A	-		
1673	83	O	6.93	C	-		
1673	84	O	6.93	T	-		
1673	85	O	6.93	A	-		
1673	86	O	6.93	G	-		
1673	87	O	6.93	T	-		
1673	88	O	6.93	C	-		
1673	89	O	6.93	C	-		
1673	90	O	6.93	G	-		
1673	91	O	6.93	C	-		
1673	92	O	6.93	T	-		
1673	93	O	6.93	A	-		
1673	94	O	6.93	G	-		
1673	95	O	6.93	A	-		
1673	96	O	6.93	C	-		
1673	97	O	6.93	G	-		
1673	98	O	6.93	A	-		
1673	99	O	6.93	G	-		
1673	100	O	6.93	G	-		
1673	101	O	6.93	T	-		
1673	102	O	6.93	G	-		
1673	103	O	6.93	A	-		
1673	104	O	6.93	G	-		
1673	105	O	6.93	G	-		
1673	106	O	6.93	T	-		
1673	107	O	6.93	T	-		
1673	108	O	6.93	A	-		
1673	109	O	6.93	T	-		
1674	0	O	11.09	C	-		
1674	1	O	11.09	C	-		
1674	2	O	11.09	A	-		
1674	3	O	11.09	A	-		
1674	4	O	11.09	G	-		
1674	5	O	11.09	A	-		
1674	6	O	11.09	C	-		
1674	7	O	11.09	T	-		
1674	8	O	11.09	C	-		
1674	9	O	11.09	T	-		
1674	10	O	11.09	C	-		
1674	11	O	11.09	A	-		
1674	12	O	11.09	A	-		
1674	13	O	11.09	T	-		
1674	14	O	11.09	T	-		
1674	15	O	11.09	C	-		
1674	16	O	11.09	A	-		
1674	17	O	11.09	T	-		
1674	18	O	11.09	C	-		
1674	19	O	11.09	A	-		
1674	20	O	11.09	T	-		
1674	21	O	11.09	C	-		
1674	22	O	11.09	A	-		
1674	23	O	11.09	A	-		
1674	24	O	11.09	G	-		
1674	25	O	11.09	C	-		
1674	26	O	11.09	G	-		
1674	27	O	11.09	A	-		
1674	28	O	11.09	A	-		
1674	29	O	11.09	T	-		
1674	30	O	11.09	A	-		
1674	31	O	11.09	C	-		
1674	32	O	11.09	A	-		
1674	33	O	11.09	T	-		
1674	34	O	11.09	G	-		
1674	35	O	11.09	T	-		
1674	36	O	11.09	G	-		
1674	37	O	11.09	G	-		
1674	38	O	11.09	A	-		
1674	39	O	11.09	A	-		
1674	40	O	11.09	G	-		
1674	41	O	11.09	A	-		
1674	42	O	11.09	A	-		
1674	43	O	11.09	A	-		
1674	44	O	11.09	G	-		
1674	45	O	11.09	A	-		
1674	46	O	11.09	G	-		
1674	47	O	11.09	A	-		
1674	48	O	11.09	T	-		
1674	49	O	11.09	A	-		
1674	50	O	11.09	T	-		
1674	51	O	11.09	G	-		
1674	52	O	11.09	A	-		
1674	53	O	11.09	G	-		
1674	54	O	11.09	C	-		
1674	55	O	11.09	A	-		
1674	56	O	11.09	G	-		
1674	57	O	11.09	T	-		
1674	58	O	11.09	C	-		
1674	59	O	11.09	T	-		
1674	60	O	11.09	T	-		
1674	61	O	11.09	A	-		
1674	62	O	11.09	A	-		
1674	63	O	11.09	T	-		
1674	64	O	11.09	G	-		
1674	65	O	11.09	A	-		
1674	66	O	11.09	A	-		
1674	67	O	11.09	G	-		
1674	68	O	11.09	C	-		
1674	69	O	11.09	G	-		
1674	70	O	11.09	C	-		
1674	71	O	11.09	A	-		
1674	72	O	11.09	C	-		
1674	73	O	11.09	C	-		
1674	74	U	2.86	A	G		
1674	75	O	11.09	A	-		
1674	76	O	11.09	T	-		
1674	77	O	11.09	C	-		
1674	78	O	11.09	A	-		
1674	79	O	11.09	G	-		
1674	80	O	11.09	A	-		
1674	81	O	11.09	C	-		
1674	82	O	11.09	C	-		
1674	83	O	11.09	C	-		
1674	84	O	11.09	A	-		
1674	85	O	11.09	G	-		
1674	86	O	11.09	T	-		
1674	87	O	11.09	G	-		
1674	88	O	11.09	A	-		
1674	89	O	11.09	A	-		
1674	90	O	11.09	T	-		
1674	91	O	11.09	G	-		
1674	92	O	11.09	C	-		
1674	93	O	11.09	G	-		
1674	94	O	11.09	C	-		
1674	95	O	11.09	C	-		
1674	96	O	11.09	C	-		
1674	97	O	11.09	G	-		
1674	98	O	11.09	C	-		
1674	99	O	11.09	T	-		
1674	100	O	11.09	G	-		
1674	101	O	11.09	G	-		
1674	102	O	11.09	A	-		
1674	103	O	11.09	G	-		
1674	104	O	11.09	A	-		
1674	105	O	11.09	T	-		
1674	106	O	11.09	C	-		
1674	107	O	11.09	G	-		
1674	108	O	11.09	C	-		
1674	109	O	11.09	C	-		
1675	0	O	6.93	T	-		
1675	1	O	6.93	C	-		
1675	2	O	6.93	A	-		
1675	3	O	6.93	A	-		
1675	4	O	6.93	G	-		
1675	5	O	6.93	A	-		
1675	6	O	6.93	C	-		
1675	7	O	6.93	C	-		
1675	8	O	6.93	G	-		
1675	9	O	6.93	C	-		
1675	10	O	6.93	A	-		
1675	11	O	6.93	C	-		
1675	12	O	6.93	C	-		
1675	13	O	6.93	G	-		
1675	14	O	6.93	G	-		
1675	15	O	6.93	G	-		
1675	16	O	6.93	A	-		
1675	17	O	6.93	C	-		
1675	18	O	6.93	C	-		
1675	19	O	6.93	A	-		
1675	20	O	6.93	C	-		
1675	21	O	6.93	C	-		
1675	22	O	6.93	A	-		
1675	23	O	6.93	G	-		
1675	24	O	6.93	T	-		
1675	25	O	6.93	G	-		
1675	26	O	6.93	A	-		
1675	27	O	6.93	A	-		
1675	28	O	6.93	C	-		
1675	29	O	6.93	G	-		
1675	30	O	6.93	G	-		
1675	31	O	6.93	A	-		
1675	32	O	6.93	A	-		
1675	33	O	6.93	G	-		
1675	34	O	6.93	T	-		
1675	35	O	6.93	T	-		
1675	36	O	6.93	C	-		
1675	37	O	6.93	G	-		
1675	38	O	6.93	T	-		
1675	39	O	6.93	G	-		
1675	40	O	6.93	C	-		
1675	41	O	6.93	G	-		
1675	42	O	6.93	A	-		
1675	43	O	6.93	G	-		
1675	44	O	6.93	G	-		
1675	45	O	6.93	A	-		
1675	46	O	6.93	G	-		
1675	47	O	6.93	T	-		
1675	48	O	6.93	G	-		
1675	49	O	6.93	T	-		
1675	50	O	6.93	G	-		
1675	51	O	6.93	G	-		
1675	52	O	6.93	A	-		
1675	53	O	6.93	T	-		
1675	54	O	6.93	C	-		
1675	55	O	6.93	G	-		
1675	56	O	6.93	A	-		
1675	57	O	6.93	C	-		
1675	58	O	6.93	C	-		
1675	59	O	6.93	T	-		
1675	60	O	6.93	T	-		
1675	61	O	6.93	A	-		
1675	62	O	6.93	C	-		
1675	63	O	6.93	A	-		
1675	64	O	6.93	C	-		
1675	65	O	6.93	G	-		
1675	66	O	6.93	T	-		
1675	67	O	6.93	A	-		
1675	68	O	6.93	C	-		
1675	69	O	6.93	G	-		
1675	70	O	6.93	C	-		
1675	71	O	6.93	C	-		
1675	72	O	6.93	C	-		
1675	73	O	6.93	C	-		
1675	74	O	6.93	A	-		
1675	75	O	6.93	G	-		
1675	76	O	6.93	C	-		
1675	77	O	6.93	T	-		
1675	78	O	6.93	T	-		
1675	79	O	6.93	G	-		
1675	80	O	6.93	A	-		
1675	81	O	6.93	T	-		
1675	82	O	6.93	A	-		
1675	83	O	6.93	T	-		
1675	84	O	6.93	G	-		
1675	85	O	6.93	C	-		
1675	86	O	6.93	C	-		
1675	87	O	6.93	G	-		
1675	88	O	6.93	A	-		
1675	89	O	6.93	T	-		
1675	90	O	6.93	G	-		
1675	91	O	6.93	T	-		
1675	92	O	6.93	C	-		
1675	93	O	6.93	C	-		
1675	94	O	6.93	G	-		
1675	95	O	6.93	C	-		
1675	96	O	6.93	T	-		
1675	97	O	6.93	A	-		
1675	98	O	6.93	A	-		
1675	99	O	6.93	T	-		
1675	100	O	6.93	G	-		
1675	101	O	6.93	T	-		
1675	102	O	6.93	A	-		
1675	103	O	6.93	T	-		
1675	104	O	6.93	A	-		
1675	105	O	6.93	G	-		
1675	106	O	6.93	C	-		
1675	107	O	6.93	T	-		
1675	108	O	6.93	T	-		
1675	109	O	6.93	G	-		
1676	0	O	11.09	A	-		
1676	1	O	11.09	G	-		
1676	2	O	11.09	G	-		
1676	3	O	11.09	A	-		
1676	4	O	11.09	G	-		
1676	5	O	11.09	C	-		
1676	6	O	11.09	C	-		
1676	7	O	11.09	G	-		
1676	8	O	11.09	A	-		
1676	9	O	11.09	G	-		
1676	10	O	11.09	C	-		
1676	11	O	11.09	G	-		
1676	12	O	11.09	A	-		
1676	13	O	11.09	A	-		
1676	14	O	11.09	T	-		
1676	15	O	11.09	C	-		
1676	16	O	11.09	A	-		
1676	17	O	11.09	G	-		
1676	18	O	11.09	A	-		
1676	19	O	11.09	C	-		
1676	20	O	11.09	A	-		
1676	21	O	11.09	G	-		
1676	22	O	11.09	G	-		
1676	23	O	11.09	T	-		
1676	24	O	11.09	A	-		
1676	25	O	11.09	G	-		
1676	26	O	11.09	A	-		
1676	27	O	11.09	C	-		
1676	28	O	11.09	T	-		
1676	29	O	11.09	A	-		
1676	30	O	11.09	A	-		
1676	31	O	11.09	G	-		
1676	32	O	11.09	A	-		
1676	33	O	11.09	G	-		
1676	34	O	11.09	G	-		
1676	35	O	11.09	A	-		
1676	36	O	11.09	G	-		
1676	37	O	11.09	A	-		
1676	38	O	11.09	G	-		
1676	39	O	11.09	A	-		
1676	40	O	11.09	G	-		
1676	41	O	11.09	A	-		
1676	42	O	11.09	G	-		
1676	43	O	11.09	G	-		
1676	44	O	11.09	C	-		
1676	45	O	11.09	A	-		
1676	46	O	11.09	G	-		
1676	47	O	11.09	T	-		
1676	48	O	11.09	G	-		
1676	49	O	11.09	A	-		
1676	50	O	11.09	A	-		
1676	51	O	11.09	A	-		
1676	52	O	11.09	T	-		
1676	53	O	11.09	G	-		
1676	54	O	11.09	G	-		
1676	55	O	11.09	G	-		
1676	56	O	11.09	G	-		
1676	57	O	11.09	A	-		
1676	58	O	11.09	A	-		
1676	59	O	11.09	A	-		
1676	60	O	11.09	A	-		
1676	61	O	11.09	C	-		
1676	62	O	11.09	T	-		
1676	63	O	11.09	A	-		
1676	64	O	11.09	T	-		
1676	65	O	11.09	C	-		
1676	66	O	11.09	T	-		
1676	67	O	11.09	A	-		
1676	68	O	11.09	G	-		
1676	69	O	11.09	A	-		
1676	70	O	11.09	A	-		
1676	71	O	11.09	A	-		
1676	72	O	11.09	T	-		
1676	73	O	11.09	T	-		
1676	74	O	11.09	A	-		
1676	75	O	11.09	G	-		
1676	76	O	11.09	A	-		
1676	77	O	11.09	C	-		
1676	78	O	11.09	G	-		
1676	79	O	11.09	A	-		
1676	80	O	11.09	A	-		
1676	81	O	11.09	T	-		
1676	82	O	11.09	A	-		
1676	83	O	11.09	G	-		
1676	84	O	11.09	T	-		
1676	85	O	11.09	T	-		
1676	86	O	11.09	T	-		
1676	87	O	11.09	T	-		
1676	88	O	11.09	A	-		
1676	89	O	11.09	A	-		
1676	90	O	11.09	T	-		
1676	91	O	11.09	T	-		
1676	92	O	11.09	A	-		
1676	93	O	11.09	T	-		
1676	94	O	11.09	T	-		
1676	95	O	11.09	T	-		
1676	96	O	11.09	A	-		
1676	97	O	11.09	C	-		
1676	98	O	11.09	A	-		
1676	99	O	11.09	A	-		
1676	100	O	11.09	C	-		
1676	101	O	11.09	T	-		
1676	102	O	11.09	G	-		
1676	103	O	11.09	A	-		
1676	104	O	11.09	A	-		
1676	105	O	11.09	T	-		
1676	106	O	11.09	T	-		
1676	107	O	11.09	A	-		
1676	108	O	11.09	C	-		
1676	109	O	11.09	T	-		
1677	0	O	5.55	C	-		
1677	1	O	5.55	G	-		
1677	2	O	5.55	C	-		
1677	3	O	5.55	T	-		
1677	4	O	5.55	C	-		
1677	5	O	5.55	C	-		
1677	6	O	5.55	A	-		
1677	7	O	5.55	C	-		
1677	8	O	5.55	G	-		
1677	9	O	5.55	A	-		
1677	10	O	5.55	T	-		
1677	11	O	5.55	C	-		
1677	12	O	5.55	T	-		
1677	13	O	5.55	C	-		
1677	14	O	5.55	T	-		
1677	15	O	5.55	T	-		
1677	16	O	5.55	C	-		
1677	17	O	5.55	C	-		
1677	18	O	5.55	G	-		
1677	19	O	5.55	G	-		
1677	20	O	5.55	C	-		
1677	21	O	5.55	G	-		
1677	22	O	5.55	T	-		
1677	23	O	5.55	C	-		
1677	24	O	5.55	C	-		
1677	25	O	5.55	A	-		
1677	26	O	5.55	G	-		
1677	27	O	5.55	G	-		
1677	28	O	5.55	T	-		
1677	29	O	5.55	C	-		
1677	30	O	5.55	G	-		
1677	31	O	5.55	A	-		
1677	32	O	5.55	C	-		
1677	33	O	5.55	T	-		
1677	34	O	5.55	C	-		
1677	35	O	5.55	G	-		
1677	36	O	5.55	T	-		
1677	37	O	5.55	A	-		
1677	38	O	5.55	T	-		
1677	39	O	5.55	T	-		
1677	40	O	5.55	C	-		
1677	41	O	5.55	C	-		
1677	42	O	5.55	T	-		
1677	43	O	5.55	T	-		
1677	44	O	5.55	G	-		
1677	45	O	5.55	T	-		
1677	46	O	5.55	A	-		
1677	47	O	5.55	C	-		
1677	48	O	5.55	T	-		
1677	49	O	5.55	C	-		
1677	50	O	5.55	G	-		
1677	51	O	5.55	T	-		
1677	52	O	5.55	G	-		
1677	53	O	5.55	C	-		
1677	54	O	5.55	G	-		
1677	55	O	5.55	G	-		
1677	56	O	5.55	G	-		
1677	57	O	5.55	A	-		
1677	58	O	5.55	A	-		
1677	59	O	5.55	G	-		
1677	60	O	5.55	T	-		
1677	61	O	5.55	T	-		
1677	62	O	5.55	G	-		
1677	63	O	5.55	A	-		
1677	64	O	5.55	A	-		
1677	65	O	5.55	T	-		
1677	66	O	5.55	T	-		
1677	67	O	5.55	C	-		
1677	68	O	5.55	G	-		
1677	69	O	5.55	C	-		
1677	70	O	5.55	G	-		
1677	71	O	5.55	C	-		
1677	72	O	5.55	A	-		
1677	73	O	5.55	C	-		
1677	74	O	5.55	C	-		
1677	75	O	5.55	G	-		
1677	76	O	5.55	T	-		
1677	77	O	5.55	C	-		
1677	78	O	5.55	G	-		
1677	79	O	5.55	C	-		
1677	80	O	5.55	G	-		
1677	81	O	5.55	T	-		
1677	82	O	5.55	C	-		
1677	83	O	5.55	G	-		
1677	84	O	5.55	A	-		
1677	85	O	5.55	G	-		
1677	86	O	5.55	C	-		
1677	87	O	5.55	G	-		
1677	88	O	5.55	A	-		
1677	89	O	5.55	C	-		
1677	90	O	5.55	T	-		
1677	91	O	5.55	C	-		
1677	92	O	5.55	G	-		
1677	93	O	5.55	C	-		
1677	94	O	5.55	G	-		
1677	95	O	5.55	A	-		
1677	96	O	5.55	T	-		
1677	97	O	5.55	C	-		
1677	98	O	5.55	G	-		
1677	99	O	5.55	A	-		
1677	100	O	5.55	G	-		
1677	101	O	5.55	G	-		
1677	102	O	5.55	A	-		
1677	103	O	5.55	A	-		
1677	104	O	5.55	G	-		
1677	105	O	5.55	A	-		
1677	106	O	5.55	C	-		
1677	107	O	5.55	G	-		
1677	108	O	5.55	A	-		
1677	109	O	5.55	C	-		
1678	0	O	9.70	A	-		
1678	1	O	9.70	G	-		
1678	2	O	9.70	G	-		
1678	3	O	9.70	C	-		
1678	4	O	9.70	G	-		
1678	5	O	9.70	T	-		
1678	6	O	9.70	A	-		
1678	7	O	9.70	C	-		
1678	8	O	9.70	A	-		
1678	9	O	9.70	T	-		
1678	10	O	9.70	G	-		
1678	11	O	9.70	A	-		
1678	12	O	9.70	T	-		
1678	13	O	9.70	G	-		
1678	14	O	9.70	G	-		
1678	15	O	9.70	T	-		
1678	16	O	9.70	G	-		
1678	17	O	9.70	T	-		
1678	18	O	9.70	G	-		
1678	19	O	9.70	C	-		
1678	20	O	9.70	A	-		
1678	21	O	9.70	C	-		
1678	22	O	9.70	G	-		
1678	23	O	9.70	A	-		
1678	24	O	9.70	G	-		
1678	25	O	9.70	C	-		
1678	26	O	9.70	G	-		
1678	27	O	9.70	T	-		
1678	28	O	9.70	G	-		
1678	29	O	9.70	T	-		
1678	30	O	9.70	T	-		
1678	31	O	9.70	G	-		
1678	32	O	9.70	A	-		
1678	33	O	9.70	C	-		
1678	34	O	9.70	G	-		
1678	35	U	1.77	A	C		
1678	36	O	9.70	G	-		
1678	37	O	9.70	C	-		
1678	38	O	9.70	G	-		
1678	39	O	9.70	G	-		
1678	40	O	9.70	G	-		
1678	41	O	9.70	A	-		
1678	42	O	9.70	A	-		
1678	43	O	9.70	G	-		
1678	44	O	9.70	A	-		
1678	45	O	9.70	A	-		
1678	46	O	9.70	T	-		
1678	47	O	9.70	G	-		
1678	48	O	9.70	C	-		
1678	49	O	9.70	C	-		
1678	50	O	9.70	A	-		
1678	51	O	9.70	C	-		
1678	52	O	9.70	C	-		
1678	53	O	9.70	G	-		
1678	54	O	9.70	T	-		
1678	55	O	9.70	G	-		
1678	56	O	9.70	T	-		
1678	57	O	9.70	A	-		
1678	58	O	9.70	G	-		
1678	59	O	9.70	C	-		
1678	60	O	9.70	C	-		
1678	61	O	9.70	G	-		
1678	62	O	9.70	G	-		
1678	63	O	9.70	G	-		
1678	64	O	9.70	G	-		
1678	65	U	1.77	T	G		
1678	66	O	9.70	G	-		
1678	67	O	9.70	A	-		
1678	68	O	9.70	A	-		
1678	69	O	9.70	A	-		
1678	70	O	9.70	C	-		
1678	71	O	9.70	T	-		
1678	72	O	9.70	T	-		
1678	73	O	9.70	C	-		
1678	74	O	9.70	A	-		
1678	75	O	9.70	G	-		
1678	76	O	9.70	G	-		
1678	77	O	9.70	T	-		
1678	78	O	9.70	A	-		
1678	79	O	9.70	G	-		
1678	80	O	9.70	G	-		
1678	81	O	9.70	T	-		
1678	82	O	9.70	C	-		
1678	83	O	9.70	C	-		
1678	84	O	9.70	A	-		
1678	85	O	9.70	G	-		
1678	86	O	9.70	C	-		
1678	87	O	9.70	A	-		
1678	88	O	9.70	G	-		
1678	89	O	9.70	A	-		
1678	90	O	9.70	T	-		
1678	91	O	9.70	G	-		
1678	92	O	9.70	A	-		
1678	93	O	9.70	G	-		
1678	94	O	9.70	C	-		
1678	95	O	9.70	G	-		
1678	96	O	9.70	G	-		
1678	97	O	9.70	C	-		
1678	98	O	9.70	A	-		
1678	99	O	9.70	C	-		
1678	100	O	9.70	G	-		
1678	101	O	9.70	A	-		
1678	102	O	9.70	C	-		
1678	103	O	9.70	G	-		
1678	104	O	9.70	G	-		
1678	105	O	9.70	A	-		
1678	106	O	9.70	G	-		
1678	107	O	9.70	T	-		
1678	108	O	9.70	G	-		
1678	109	O	9.70	G	-		
1679	0	O	8.32	T	-		
1679	1	O	8.32	T	-		
1679	2	O	8.32	T	-		
1679	3	O	8.32	A	-		
1679	4	O	8.32	A	-		
1679	5	O	8.32	T	-		
1679	6	O	8.32	G	-		
1679	7	O	8.32	G	-		
1679	8	O	8.32	C	-		
1679	9	O	8.32	C	-		
1679	10	O	8.32	A	-		
1679	11	O	8.32	A	-		
1679	12	O	8.32	A	-		
1679	13	O	8.32	G	-		
1679	14	O	8.32	C	-		
1679	15	O	8.32	C	-		
1679	16	O	8.32	T	-		
1679	17	O	8.32	A	-		
1679	18	O	8.32	T	-		
1679	19	O	8.32	T	-		
1679	20	O	8.32	G	-		
1679	21	O	8.32	T	-		
1679	22	O	8.32	A	-		
1679	23	O	8.32	T	-		
1679	24	O	8.32	T	-		
1679	25	O	8.32	T	-		
1679	26	O	8.32	C	-		
1679	27	O	8.32	G	-		
1679	28	O	8.32	A	-		
1679	29	O	8.32	A	-		
1679	30	O	8.32	G	-		
1679	31	O	8.32	C	-		
1679	32	O	8.32	T	-		
1679	33	O	8.32	C	-		
1679	34	O	8.32	A	-		
1679	35	O	8.32	A	-		
1679	36	O	8.32	T	-		
1679	37	O	8.32	T	-		
1679	38	O	8.32	G	-		
1679	39	O	8.32	A	-		
1679	40	O	8.32	T	-		
1679	41	O	8.32	G	-		
1679	42	O	8.32	T	-		
1679	43	O	8.32	C	-		
1679	44	O	8.32	A	-		
1679	45	O	8.32	T	-		
1679	46	O	8.32	G	-		
1679	47	O	8.32	A	-		
1679	48	O	8.32	G	-		
1679	49	O	8.32	A	-		
1679	50	O	8.32	A	-		
1679	51	O	8.32	A	-		
1679	52	O	8.32	G	-		
1679	53	O	8.32	A	-		
1679	54	O	8.32	G	-		
1679	55	O	8.32	A	-		
1679	56	O	8.32	T	-		
1679	57	O	8.32	C	-		
1679	58	O	8.32	T	-		
1679	59	O	8.32	C	-		
1679	60	O	8.32	A	-		
1679	61	O	8.32	A	-		
1679	62	O	8.32	A	-		
1679	63	O	8.32	T	-		
1679	64	O	8.32	T	-		
1679	65	O	8.32	T	-		
1679	66	O	8.32	A	-		
1679	67	O	8.32	A	-		
1679	68	O	8.32	A	-		
1679	69	O	8.32	T	-		
1679	70	O	8.32	G	-		
1679	71	O	8.32	G	-		
1679	72	O	8.32	G	-		
1679	73	O	8.32	C	-		
1679	74	O	8.32	C	-		
1679	75	O	8.32	C	-		
1679	76	O	8.32	T	-		
1679	77	O	8.32	T	-		
1679	78	O	8.32	T	-		
1679	79	O	8.32	A	-		
1679	80	O	8.32	C	-		
1679	81	O	8.32	C	-		
1679	82	O	8.32	C	-		
1679	83	O	8.32	T	-		
1679	84	O	8.32	A	-		
1679	85	O	8.32	T	-		
1679	86	O	8.32	T	-		
1679	87	O	8.32	T	-		
1679	88	O	8.32	G	-		
1679	89	O	8.32	C	-		
1679	90	O	8.32	A	-		
1679	91	O	8.32	T	-		
1679	92	O	8.32	T	-		
1679	93	O	8.32	T	-		
1679	94	O	8.32	T	-		
1679	95	O	8.32	T	-		
1679	96	O	8.32	T	-		
1679	97	O	8.32	T	-		
1679	98	O	8.32	T	-		
1679	99	O	8.32	A	-		
1679	100	O	8.32	A	-		
1679	101	O	8.32	T	-		
1679	102	O	8.32	T	-		
1679	103	O	8.32	T	-		
1679	104	O	8.32	T	-		
1679	105	O	8.32	A	-		
1679	106	O	8.32	T	-		
1679	107	O	8.32	T	-		
1679	108	O	8.32	A	-		
1679	109	O	8.32	A	-		
1680	0	O	18.02	T	-		
1680	1	O	18.02	G	-		
1680	2	O	18.02	C	-		
1680	3	O	18.02	T	-		
1680	4	O	18.02	G	-		
1680	5	O	18.02	G	-		
1680	6	O	18.02	T	-		
1680	7	O	18.02	C	-		
1680	8	O	18.02	G	-		
1680	9	O	18.02	G	-		
1680	10	O	18.02	C	-		
1680	11	O	18.02	G	-		
1680	12	O	18.02	T	-		
1680	13	O	18.02	G	-		
1680	14	O	18.02	C	-		
1680	15	O	18.02	T	-		
1680	16	O	8.77	C	-		
1680	17	O	18.02	G	-		
1680	18	O	18.02	C	-		
1680	19	O	18.02	C	-		
1680	20	O	18.02	C	-		
1680	21	O	18.02	G	-		
1680	22	O	18.02	A	-		
1680	23	O	18.02	C	-		
1680	24	O	18.02	T	-		
1680	25	O	18.02	G	-		
1680	26	O	18.02	G	-		
1680	27	O	18.02	C	-		
1680	28	O	18.02	C	-		
1680	29	O	18.02	C	-		
1680	30	O	18.02	G	-		
1680	31	O	18.02	C	-		
1680	32	O	18.02	G	-		
1680	33	O	18.02	A	-		
1680	34	O	8.77	A	-		
1680	35	O	18.02	C	-		
1680	36	O	18.02	A	-		
1680	37	O	18.02	G	-		
1680	38	O	18.02	G	-		
1680	39	O	18.02	C	-		
1680	40	O	18.02	G	-		
1680	41	O	18.02	C	-		
1680	42	O	18.02	T	-		
1680	43	O	18.02	T	-		
1680	44	O	18.02	G	-		
1680	45	O	18.02	C	-		
1680	46	O	18.02	C	-		
1680	47	O	18.02	G	-		
1680	48	O	18.02	G	-		
1680	49	O	18.02	T	-		
1680	50	O	18.02	C	-		
1680	51	O	18.02	A	-		
1680	52	O	18.02	G	-		
1680	53	O	18.02	C	-		
1680	54	O	18.02	C	-		
1680	55	O	18.02	G	-		
1680	56	O	18.02	G	-		
1680	57	O	18.02	G	-		
1680	58	O	18.02	G	-		
1680	59	O	18.02	G	-		
1680	60	O	8.77	T	-		
1680	61	O	18.02	G	-		
1680	62	O	18.02	C	-		
1680	63	O	18.02	T	-		
1680	64	O	18.02	G	-		
1680	65	O	18.02	G	-		
1680	66	O	18.02	A	-		
1680	67	O	18.02	G	-		
1680	68	O	18.02	G	-		
1680	69	O	18.02	G	-		
1680	70	O	18.02	C	-		
1680	71	O	18.02	G	-		
1680	72	O	18.02	C	-		
1680	73	O	18.02	C	-		
1680	74	O	18.02	C	-		
1680	75	O	18.02	G	-		
1680	76	O	18.02	A	-		
1680	77	O	18.02	G	-		
1680	78	O	18.02	A	-		
1680	79	O	18.02	T	-		
1680	80	O	18.02	G	-		
1680	81	O	18.02	G	-		
1680	82	O	18.02	A	-		
1680	83	O	18.02	C	-		
1680	84	O	18.02	G	-		
1680	85	O	18.02	A	-		
1680	86	O	18.02	G	-		
1680	87	O	18.02	A	-		
1680	88	O	18.02	G	-		
1680	89	O	18.02	G	-		
1680	90	O	18.02	C	-		
1680	91	O	18.02	G	-		
1680	92	O	18.02	C	-		
1680	93	O	18.02	G	-		
1680	94	O	18.02	A	-		
1680	95	O	18.02	G	-		
1680	96	O	18.02	C	-		
1680	97	O	18.02	G	-		
1680	98	O	18.02	G	-		
1680	99	U	2.46	A	G		
1680	100	O	8.77	A	-		
1680	101	O	18.02	C	-		
1680	102	O	18.02	G	-		
1680	103	O	18.02	T	-		
1680	104	O	18.02	C	-		
1680	105	O	18.02	T	-		
1680	106	O	18.02	G	-		
1680	107	O	18.02	C	-		
1680	108	O	18.02	T	-		
1680	109	O	18.02	G	-		
1681	0	O	8.32	T	-		
1681	1	O	8.32	C	-		
1681	2	O	8.32	G	-		
1681	3	O	8.32	A	-		
1681	4	O	8.32	G	-		
1681	5	O	8.32	C	-		
1681	6	O	8.32	A	-		
1681	7	O	8.32	G	-		
1681	8	O	8.32	T	-		
1681	9	O	8.32	A	-		
1681	10	O	8.32	C	-		
1681	11	O	8.32	T	-		
1681	12	O	8.32	G	-		
1681	13	O	8.32	G	-		
1681	14	O	8.32	C	-		
1681	15	O	8.32	G	-		
1681	16	O	8.32	C	-		
1681	17	O	8.32	A	-		
1681	18	O	8.32	C	-		
1681	19	O	8.32	T	-		
1681	20	O	8.32	C	-		
1681	21	O	8.32	C	-		
1681	22	O	8.32	G	-		
1681	23	O	8.32	T	-		
1681	24	O	8.32	C	-		
1681	25	O	8.32	T	-		
1681	26	O	8.32	T	-		
1681	27	O	8.32	A	-		
1681	28	O	8.32	C	-		
1681	29	O	8.32	A	-		
1681	30	O	8.32	T	-		
1681	31	O	8.32	C	-		
1681	32	O	8.32	T	-		
1681	33	O	8.32	A	-		
1681	34	O	8.32	C	-		
1681	35	O	8.32	T	-		
1681	36	O	8.32	C	-		
1681	37	O	8.32	G	-		
1681	38	O	8.32	A	-		
1681	39	O	8.32	A	-		
1681	40	O	8.32	A	-		
1681	41	O	8.32	G	-		
1681	42	O	8.32	C	-		
1681	43	O	8.32	T	-		
1681	44	O	8.32	G	-		
1681	45	O	8.32	C	-		
1681	46	O	8.32	A	-		
1681	47	O	8.32	C	-		
1681	48	O	8.32	T	-		
1681	49	O	8.32	C	-		
1681	50	O	8.32	T	-		
1681	51	O	8.32	G	-		
1681	52	O	8.32	T	-		
1681	53	O	8.32	T	-		
1681	54	O	8.32	T	-		
1681	55	O	8.32	C	-		
1681	56	O	8.32	G	-		
1681	57	O	8.32	G	-		
1681	58	O	8.32	T	-		
1681	59	O	8.32	T	-		
1681	60	O	8.32	C	-		
1681	61	O	8.32	T	-		
1681	62	O	8.32	T	-		
1681	63	O	8.32	C	-		
1681	64	O	8.32	C	-		
1681	65	O	8.32	A	-		
1681	66	O	8.32	T	-		
1681	67	O	8.32	C	-		
1681	68	O	8.32	T	-		
1681	69	O	8.32	T	-		
1681	70	O	8.32	T	-		
1681	71	O	8.32	A	-		
1681	72	O	8.32	T	-		
1681	73	O	8.32	C	-		
1681	74	O	8.32	G	-		
1681	75	O	8.32	G	-		
1681	76	O	8.32	A	-		
1681	77	O	8.32	T	-		
1681	78	O	8.32	T	-		
1681	79	O	8.32	C	-		
1681	80	O	8.32	A	-		
1681	81	O	8.32	T	-		
1681	82	O	8.32	C	-		
1681	83	O	8.32	T	-		
1681	84	O	8.32	T	-		
1681	85	O	8.32	C	-		
1681	86	O	8.32	T	-		
1681	87	O	8.32	T	-		
1681	88	O	8.32	C	-		
1681	89	O	8.32	C	-		
1681	90	O	8.32	G	-		
1681	91	O	8.32	C	-		
1681	92	O	8.32	G	-		
1681	93	O	8.32	C	-		
1681	94	O	8.32	T	-		
1681	95	O	8.32	C	-		
1681	96	O	8.32	C	-		
1681	97	O	8.32	G	-		
1681	98	O	8.32	C	-		
1681	99	O	8.32	T	-		
1681	100	O	8.32	C	-		
1681	101	O	8.32	A	-		
1681	102	O	8.32	C	-		
1681	103	O	8.32	T	-		
1681	104	O	8.32	C	-		
1681	105	O	8.32	A	-		
1681	106	O	8.32	G	-		
1681	107	O	8.32	C	-		
1681	108	O	8.32	A	-		
1681	109	O	8.32	A	-		
1682	0	O	16.64	G	-		
1682	1	O	16.64	T	-		
1682	2	O	16.64	G	-		
1682	3	O	16.64	T	-		
1682	4	O	16.64	G	-		
1682	5	O	16.64	T	-		
1682	6	O	16.64	C	-		
1682	7	O	16.64	C	-		
1682	8	O	16.64	T	-		
1682	9	O	16.64	T	-		
1682	10	O	16.64	C	-		
1682	11	O	16.64	T	-		
1682	12	O	16.64	A	-		
1682	13	O	16.64	T	-		
1682	14	O	16.64	T	-		
1682	15	O	16.64	G	-		
1682	16	O	16.64	T	-		
1682	17	O	16.64	C	-		
1682	18	O	16.64	T	-		
1682	19	O	16.64	G	-		
1682	20	O	16.64	G	-		
1682	21	O	16.64	G	-		
1682	22	O	16.64	T	-		
1682	23	O	16.64	T	-		
1682	24	O	16.64	T	-		
1682	25	O	16.64	T	-		
1682	26	O	16.64	G	-		
1682	27	O	16.64	T	-		
1682	28	O	16.64	A	-		
1682	29	O	16.64	T	-		
1682	30	O	16.64	T	-		
1682	31	O	16.64	T	-		
1682	32	O	16.64	T	-		
1682	33	O	16.64	T	-		
1682	34	O	16.64	T	-		
1682	35	O	16.64	G	-		
1682	36	O	16.64	T	-		
1682	37	O	16.64	T	-		
1682	38	O	16.64	T	-		
1682	39	O	16.64	A	-		
1682	40	O	16.64	A	-		
1682	41	O	16.64	A	-		
1682	42	O	16.64	T	-		
1682	43	O	16.64	A	-		
1682	44	O	16.64	G	-		
1682	45	O	16.64	A	-		
1682	46	O	16.64	T	-		
1682	47	O	16.64	A	-		
1682	48	O	16.64	A	-		
1682	49	O	16.64	A	-		
1682	50	O	16.64	A	-		
1682	51	O	16.64	T	-		
1682	52	O	16.64	A	-		
1682	53	O	16.64	A	-		
1682	54	O	16.64	A	-		
1682	55	O	16.64	T	-		
1682	56	O	16.64	T	-		
1682	57	O	16.64	T	-		
1682	58	O	16.64	G	-		
1682	59	O	16.64	G	-		
1682	60	O	16.64	T	-		
1682	61	O	16.64	A	-		
1682	62	O	16.64	T	-		
1682	63	O	16.64	C	-		
1682	64	O	16.64	T	-		
1682	65	O	16.64	T	-		
1682	66	O	16.64	T	-		
1682	67	O	16.64	A	-		
1682	68	O	16.64	T	-		
1682	69	O	16.64	T	-		
1682	70	O	16.64	A	-		
1682	71	O	16.64	T	-		
1682	72	O	16.64	A	-		
1682	73	O	16.64	A	-		
1682	74	O	16.64	A	-		
1682	75	O	16.64	T	-		
1682	76	O	16.64	C	-		
1682	77	O	16.64	T	-		
1682	78	O	16.64	T	-		
1682	79	O	16.64	T	-		
1682	80	O	16.64	T	-		
1682	81	O	16.64	G	-		
1682	82	O	16.64	G	-		
1682	83	O	16.64	A	-		
1682	84	O	16.64	A	-		
1682	85	O	16.64	T	-		
1682	86	O	16.64	A	-		
1682	87	O	16.64	A	-		
1682	88	O	16.64	T	-		
1682	89	O	16.64	G	-		
1682	90	O	16.64	A	-		
1682	91	O	16.64	C	-		
1682	92	O	16.64	C	-		
1682	93	O	16.64	T	-		
1682	94	O	16.64	T	-		
1682	95	O	16.64	T	-		
1682	96	O	16.64	G	-		
1682	97	O	16.64	A	-		
1682	98	O	16.64	T	-		
1682	99	O	16.64	T	-		
1682	100	O	16.64	T	-		
1682	101	O	16.64	C	-		
1682	102	O	16.64	A	-		
1682	103	O	16.64	A	-		
1682	104	O	16.64	G	-		
1682	105	O	16.64	T	-		
1682	106	O	16.64	G	-		
1682	107	O	16.64	A	-		
1682	108	O	16.64	T	-		
1682	109	O	16.64	A	-		
1683	0	O	5.55	T	-		
1683	1	O	5.55	T	-		
1683	2	O	5.55	G	-		
1683	3	O	5.55	T	-		
1683	4	O	5.55	G	-		
1683	5	O	5.55	C	-		
1683	6	O	5.55	T	-		
1683	7	O	5.55	G	-		
1683	8	O	5.55	C	-		
1683	9	O	5.55	G	-		
1683	10	O	5.55	C	-		
1683	11	O	5.55	G	-		
1683	12	O	5.55	T	-		
1683	13	O	5.55	T	-		
1683	14	O	5.55	G	-		
1683	15	O	5.55	A	-		
1683	16	O	5.55	G	-		
1683	17	O	5.55	C	-		
1683	18	O	5.55	G	-		
1683	19	O	5.55	C	-		
1683	20	O	5.55	C	-		
1683	21	O	5.55	T	-		
1683	22	O	5.55	G	-		
1683	23	O	5.55	G	-		
1683	24	O	5.55	G	-		
1683	25	O	5.55	T	-		
1683	26	O	5.55	T	-		
1683	27	O	5.55	G	-		
1683	28	O	5.55	C	-		
1683	29	O	5.55	G	-		
1683	30	O	5.55	T	-		
1683	31	O	5.55	T	-		
1683	32	O	5.55	G	-		
1683	33	O	5.55	G	-		
1683	34	O	5.55	T	-		
1683	35	O	5.55	G	-		
1683	36	O	5.55	A	-		
1683	37	O	5.55	C	-		
1683	38	O	5.55	A	-		
1683	39	O	5.55	C	-		
1683	40	O	5.55	G	-		
1683	41	O	5.55	G	-		
1683	42	O	5.55	G	-		
1683	43	O	5.55	T	-		
1683	44	O	5.55	G	-		
1683	45	O	5.55	A	-		
1683	46	O	5.55	A	-		
1683	47	O	5.55	C	-		
1683	48	O	5.55	A	-		
1683	49	O	5.55	C	-		
1683	50	O	5.55	G	-		
1683	51	O	5.55	G	-		
1683	52	O	5.55	G	-		
1683	53	O	5.55	T	-		
1683	54	O	5.55	T	-		
1683	55	O	5.55	A	-		
1683	56	O	5.55	C	-		
1683	57	O	5.55	C	-		
1683	58	O	5.55	T	-		
1683	59	O	5.55	T	-		
1683	60	O	5.55	C	-		
1683	61	O	5.55	C	-		
1683	62	O	5.55	G	-		
1683	63	O	5.55	A	-		
1683	64	O	5.55	C	-		
1683	65	O	5.55	C	-		
1683	66	O	5.55	A	-		
1683	67	O	5.55	A	-		
1683	68	O	5.55	T	-		
1683	69	O	5.55	C	-		
1683	70	O	5.55	C	-		
1683	71	O	5.55	G	-		
1683	72	O	5.55	G	-		
1683	73	O	5.55	T	-		
1683	74	O	5.55	G	-		
1683	75	O	5.55	T	-		
1683	76	O	5.55	G	-		
1683	77	O	5.55	G	-		
1683	78	O	5.55	T	-		
1683	79	O	5.55	T	-		
1683	80	O	5.55	G	-		
1683	81	O	5.55	A	-		
1683	82	O	5.55	T	-		
1683	83	O	5.55	G	-		
1683	84	O	5.55	A	-		
1683	85	O	5.55	G	-		
1683	86	O	5.55	C	-		
1683	87	O	5.55	A	-		
1683	88	O	5.55	C	-		
1683	89	O	5.55	G	-		
1683	90	O	5.55	T	-		
1683	91	O	5.55	C	-		
1683	92	O	5.55	G	-		
1683	93	O	5.55	A	-		
1683	94	O	5.55	G	-		
1683	95	O	5.55	G	-		
1683	96	O	5.55	G	-		
1683	97	O	5.55	C	-		
1683	98	O	5.55	C	-		
1683	99	O	5.55	T	-		
1683	100	O	5.55	C	-		
1683	101	O	5.55	G	-		
1683	102	O	5.55	T	-		
1683	103	O	5.55	C	-		
1683	104	O	5.55	G	-		
1683	105	O	5.55	A	-		
1683	106	O	5.55	C	-		
1683	107	O	5.55	G	-		
1683	108	O	5.55	G	-		
1683	109	O	5.55	C	-		
1684	0	O	6.93	A	-		
1684	1	O	6.93	G	-		
1684	2	O	6.93	T	-		
1684	3	O	6.93	C	-		
1684	4	O	6.93	G	-		
1684	5	O	6.93	C	-		
1684	6	O	6.93	T	-		
1684	7	O	6.93	G	-		
1684	8	O	6.93	G	-		
1684	9	O	6.93	A	-		
1684	10	O	6.93	G	-		
1684	11	O	6.93	A	-		
1684	12	O	6.93	C	-		
1684	13	O	6.93	T	-		
1684	14	O	6.93	C	-		
1684	15	O	6.93	T	-		
1684	16	O	6.93	G	-		
1684	17	O	6.93	C	-		
1684	18	O	6.93	G	-		
1684	19	O	6.93	G	-		
1684	20	O	6.93	C	-		
1684	21	O	6.93	G	-		
1684	22	O	6.93	A	-		
1684	23	O	6.93	A	-		
1684	24	O	6.93	G	-		
1684	25	O	6.93	C	-		
1684	26	O	6.93	T	-		
1684	27	O	6.93	A	-		
1684	28	O	6.93	C	-		
1684	29	O	6.93	A	-		
1684	30	O	6.93	G	-		
1684	31	O	6.93	C	-		
1684	32	O	6.93	G	-		
1684	33	O	6.93	A	-		
1684	34	O	6.93	G	-		
1684	35	O	6.93	C	-		
1684	36	O	6.93	A	-		
1684	37	O	6.93	G	-		
1684	38	O	6.93	A	-		
1684	39	O	6.93	C	-		
1684	40	O	6.93	G	-		
1684	41	O	6.93	G	-		
1684	42	O	6.93	G	-		
1684	43	O	6.93	C	-		
1684	44	O	6.93	G	-		
1684	45	O	6.93	A	-		
1684	46	O	6.93	G	-		
1684	47	O	6.93	C	-		
1684	48	O	6.93	T	-		
1684	49	O	6.93	G	-		
1684	50	O	6.93	A	-		
1684	51	O	6.93	A	-		
1684	52	O	6.93	G	-		
1684	53	O	6.93	C	-		
1684	54	O	6.93	T	-		
1684	55	O	6.93	G	-		
1684	56	O	6.93	G	-		
1684	57	O	6.93	C	-		
1684	58	O	6.93	G	-		
1684	59	O	6.93	C	-		
1684	60	O	6.93	G	-		
1684	61	O	6.93	C	-		
1684	62	O	6.93	G	-		
1684	63	O	6.93	A	-		
1684	64	O	6.93	A	-		
1684	65	O	6.93	C	-		
1684	66	O	6.93	A	-		
1684	67	O	6.93	G	-		
1684	68	O	6.93	C	-		
1684	69	O	6.93	T	-		
1684	70	O	6.93	C	-		
1684	71	O	6.93	C	-		
1684	72	O	6.93	G	-		
1684	73	O	6.93	C	-		
1684	74	O	6.93	C	-		
1684	75	O	6.93	T	-		
1684	76	O	6.93	G	-		
1684	77	O	6.93	A	-		
1684	78	O	6.93	G	-		
1684	79	O	6.93	G	-		
1684	80	O	6.93	G	-		
1684	81	O	6.93	T	-		
1684	82	O	6.93	C	-		
1684	83	O	6.93	G	-		
1684	84	O	6.93	A	-		
1684	85	O	6.93	G	-		
1684	86	O	6.93	C	-		
1684	87	O	6.93	A	-		
1684	88	O	6.93	G	-		
1684	89	O	6.93	T	-		
1684	90	O	6.93	C	-		
1684	91	O	6.93	G	-		
1684	92	O	6.93	C	-		
1684	93	O	6.93	A	-		
1684	94	O	6.93	C	-		
1684	95	O	6.93	A	-		
1684	96	O	6.93	G	-		
1684	97	O	6.93	G	-		
1684	98	O	6.93	G	-		
1684	99	O	6.93	A	-		
1684	100	O	6.93	G	-		
1684	101	O	6.93	C	-		
1684	102	O	6.93	G	-		
1684	103	O	6.93	G	-		
1684	104	O	6.93	C	-		
1684	105	O	6.93	T	-		
1684	106	O	6.93	G	-		
1684	107	O	6.93	G	-		
1684	108	O	6.93	G	-		
1684	109	O	6.93	C	-		
1685	0	O	8.32	C	-		
1685	1	O	8.32	A	-		
1685	2	O	8.32	T	-		
1685	3	O	8.32	C	-		
1685	4	O	8.32	T	-		
1685	5	O	8.32	G	-		
1685	6	O	8.32	T	-		
1685	7	O	8.32	G	-		
1685	8	O	8.32	T	-		
1685	9	O	8.32	T	-		
1685	10	O	8.32	A	-		
1685	11	O	8.32	T	-		
1685	12	O	8.32	T	-		
1685	13	O	8.32	T	-		
1685	14	O	8.32	T	-		
1685	15	O	8.32	T	-		
1685	16	O	8.32	A	-		
1685	17	O	8.32	T	-		
1685	18	O	8.32	G	-		
1685	19	O	8.32	C	-		
1685	20	O	8.32	A	-		
1685	21	O	8.32	C	-		
1685	22	O	8.32	C	-		
1685	23	O	8.32	T	-		
1685	24	O	8.32	C	-		
1685	25	O	8.32	C	-		
1685	26	O	8.32	C	-		
1685	27	O	8.32	G	-		
1685	28	O	8.32	C	-		
1685	29	O	8.32	A	-		
1685	30	O	8.32	G	-		
1685	31	O	8.32	T	-		
1685	32	O	8.32	C	-		
1685	33	O	8.32	T	-		
1685	34	O	8.32	A	-		
1685	35	O	8.32	T	-		
1685	36	O	8.32	G	-		
1685	37	O	8.32	C	-		
1685	38	O	8.32	A	-		
1685	39	O	8.32	A	-		
1685	40	O	8.32	C	-		
1685	41	O	8.32	G	-		
1685	42	O	8.32	C	-		
1685	43	O	8.32	A	-		
1685	44	O	8.32	G	-		
1685	45	O	8.32	G	-		
1685	46	O	8.32	G	-		
1685	47	O	8.32	C	-		
1685	48	O	8.32	C	-		
1685	49	O	8.32	C	-		
1685	50	O	8.32	C	-		
1685	51	O	8.32	A	-		
1685	52	O	8.32	G	-		
1685	53	O	8.32	C	-		
1685	54	O	8.32	T	-		
1685	55	O	8.32	T	-		
1685	56	O	8.32	G	-		
1685	57	O	8.32	G	-		
1685	58	O	8.32	A	-		
1685	59	O	8.32	T	-		
1685	60	O	8.32	T	-		
1685	61	O	8.32	G	-		
1685	62	O	8.32	C	-		
1685	63	O	8.32	T	-		
1685	64	O	8.32	G	-		
1685	65	O	8.32	G	-		
1685	66	O	8.32	A	-		
1685	67	O	8.32	G	-		
1685	68	O	8.32	T	-		
1685	69	O	8.32	G	-		
1685	70	O	8.32	G	-		
1685	71	O	8.32	T	-		
1685	72	O	8.32	A	-		
1685	73	O	8.32	T	-		
1685	74	O	8.32	G	-		
1685	75	O	8.32	A	-		
1685	76	O	8.32	G	-		
1685	77	O	8.32	T	-		
1685	78	O	8.32	T	-		
1685	79	O	8.32	C	-		
1685	80	O	8.32	A	-		
1685	81	O	8.32	A	-		
1685	82	O	8.32	T	-		
1685	83	O	8.32	C	-		
1685	84	O	8.32	C	-		
1685	85	O	8.32	T	-		
1685	86	O	8.32	T	-		
1685	87	O	8.32	C	-		
1685	88	O	8.32	A	-		
1685	89	O	8.32	T	-		
1685	90	O	8.32	T	-		
1685	91	O	8.32	T	-		
1685	92	O	8.32	T	-		
1685	93	O	8.32	C	-		
1685	94	O	8.32	T	-		
1685	95	O	8.32	T	-		
1685	96	O	8.32	T	-		
1685	97	O	8.32	T	-		
1685	98	O	8.32	C	-		
1685	99	O	8.32	A	-		
1685	100	O	8.32	G	-		
1685	101	O	8.32	G	-		
1685	102	O	8.32	A	-		
1685	103	O	8.32	T	-		
1685	104	O	8.32	T	-		
1685	105	O	8.32	C	-		
1685	106	O	8.32	G	-		
1685	107	O	8.32	T	-		
1685	108	O	8.32	T	-		
1685	109	O	8.32	A	-		
1686	0	O	13.86	G	-		
1686	1	O	13.86	C	-		
1686	2	O	13.86	C	-		
1686	3	O	13.86	A	-		
1686	4	O	13.86	G	-		
1686	5	O	13.86	T	-		
1686	6	O	13.86	C	-		
1686	7	O	13.86	G	-		
1686	8	O	13.86	A	-		
1686	9	O	13.86	G	-		
1686	10	O	13.86	C	-		
1686	11	O	13.86	G	-		
1686	12	O	13.86	T	-		
1686	13	O	13.86	G	-		
1686	14	O	13.86	G	-		
1686	15	O	13.86	G	-		
1686	16	O	13.86	C	-		
1686	17	O	13.86	G	-		
1686	18	O	13.86	A	-		
1686	19	O	13.86	G	-		
1686	20	O	13.86	A	-		
1686	21	O	13.86	T	-		
1686	22	O	13.86	G	-		
1686	23	O	13.86	C	-		
1686	24	O	13.86	C	-		
1686	25	O	13.86	G	-		
1686	26	O	13.86	C	-		
1686	27	O	13.86	G	-		
1686	28	O	13.86	C	-		
1686	29	O	13.86	G	-		
1686	30	O	13.86	C	-		
1686	31	O	13.86	G	-		
1686	32	O	13.86	A	-		
1686	33	O	13.86	G	-		
1686	34	O	13.86	C	-		
1686	35	O	13.86	T	-		
1686	36	O	13.86	T	-		
1686	37	O	13.86	C	-		
1686	38	O	13.86	C	-		
1686	39	O	13.86	A	-		
1686	40	O	13.86	G	-		
1686	41	O	13.86	C	-		
1686	42	O	13.86	G	-		
1686	43	O	13.86	C	-		
1686	44	O	13.86	C	-		
1686	45	O	13.86	A	-		
1686	46	O	13.86	G	-		
1686	47	O	13.86	T	-		
1686	48	O	13.86	A	-		
1686	49	O	13.86	C	-		
1686	50	O	13.86	C	-		
1686	51	O	13.86	T	-		
1686	52	O	13.86	C	-		
1686	53	O	13.86	T	-		
1686	54	O	5.16	A	-		
1686	55	O	13.86	C	-		
1686	56	O	13.86	G	-		
1686	57	O	13.86	T	-		
1686	58	O	13.86	G	-		
1686	59	O	13.86	A	-		
1686	60	O	13.86	G	-		
1686	61	O	13.86	C	-		
1686	62	O	13.86	G	-		
1686	63	O	13.86	A	-		
1686	64	O	13.86	C	-		
1686	65	O	13.86	G	-		
1686	66	O	13.86	C	-		
1686	67	O	13.86	C	-		
1686	68	O	13.86	C	-		
1686	69	O	13.86	A	-		
1686	70	O	13.86	G	-		
1686	71	O	13.86	T	-		
1686	72	O	13.86	A	-		
1686	73	O	13.86	C	-		
1686	74	O	13.86	T	-		
1686	75	O	13.86	T	-		
1686	76	O	13.86	G	-		
1686	77	O	13.86	G	-		
1686	78	O	13.86	C	-		
1686	79	O	13.86	G	-		
1686	80	O	13.86	T	-		
1686	81	O	13.86	C	-		
1686	82	O	13.86	C	-		
1686	83	O	13.86	A	-		
1686	84	O	13.86	A	-		
1686	85	O	13.86	C	-		
1686	86	O	13.86	G	-		
1686	87	O	13.86	T	-		
1686	88	O	13.86	G	-		
1686	89	O	13.86	G	-		
1686	90	O	13.86	A	-		
1686	91	O	13.86	T	-		
1686	92	O	13.86	C	-		
1686	93	O	13.86	T	-		
1686	94	O	13.86	C	-		
1686	95	O	13.86	A	-		
1686	96	O	13.86	G	-		
1686	97	O	13.86	C	-		
1686	98	O	13.86	C	-		
1686	99	O	13.86	A	-		
1686	100	O	13.86	G	-		
1686	101	O	13.86	C	-		
1686	102	O	13.86	A	-		
1686	103	O	13.86	C	-		
1686	104	O	13.86	T	-		
1686	105	O	13.86	A	-		
1686	106	O	13.86	C	-		
1686	107	O	13.86	T	-		
1686	108	O	13.86	C	-		
1686	109	O	13.86	G	-		
1687	0	O	15.25	A	-		
1687	1	O	15.25	G	-		
1687	2	O	15.25	A	-		
1687	3	O	15.25	A	-		
1687	4	O	15.25	G	-		
1687	5	O	15.25	C	-		
1687	6	O	15.25	T	-		
1687	7	O	15.25	C	-		
1687	8	O	15.25	A	-		
1687	9	O	15.25	T	-		
1687	10	O	15.25	C	-		
1687	11	O	15.25	A	-		
1687	12	O	15.25	A	-		
1687	13	O	15.25	G	-		
1687	14	O	15.25	T	-		
1687	15	O	15.25	A	-		
1687	16	O	15.25	C	-		
1687	17	O	15.25	C	-		
1687	18	O	15.25	A	-		
1687	19	O	15.25	G	-		
1687	20	O	15.25	C	-		
1687	21	O	15.25	G	-		
1687	22	O	15.25	A	-		
1687	23	O	15.25	C	-		
1687	24	O	15.25	G	-		
1687	25	O	15.25	T	-		
1687	26	O	15.25	C	-		
1687	27	O	15.25	A	-		
1687	28	O	15.25	C	-		
1687	29	O	15.25	T	-		
1687	30	O	15.25	C	-		
1687	31	O	15.25	G	-		
1687	32	O	15.25	C	-		
1687	33	O	15.25	G	-		
1687	34	O	15.25	C	-		
1687	35	O	15.25	G	-		
1687	36	O	15.25	G	-		
1687	37	O	15.25	C	-		
1687	38	O	15.25	C	-		
1687	39	O	15.25	G	-		
1687	40	O	15.25	C	-		
1687	41	O	15.25	T	-		
1687	42	O	15.25	G	-		
1687	43	O	15.25	C	-		
1687	44	O	15.25	T	-		
1687	45	O	15.25	G	-		
1687	46	O	15.25	A	-		
1687	47	O	15.25	A	-		
1687	48	O	15.25	G	-		
1687	49	O	15.25	C	-		
1687	50	O	15.25	T	-		
1687	51	O	15.25	G	-		
1687	52	O	15.25	A	-		
1687	53	O	15.25	T	-		
1687	54	O	15.25	T	-		
1687	55	O	15.25	G	-		
1687	56	O	15.25	C	-		
1687	57	O	15.25	A	-		
1687	58	O	15.25	G	-		
1687	59	O	15.25	A	-		
1687	60	O	15.25	C	-		
1687	61	O	15.25	A	-		
1687	62	O	15.25	G	-		
1687	63	O	15.25	G	-		
1687	64	O	15.25	A	-		
1687	65	O	15.25	A	-		
1687	66	O	15.25	C	-		
1687	67	O	15.25	A	-		
1687	68	O	15.25	C	-		
1687	69	O	15.25	T	-		
1687	70	O	15.25	C	-		
1687	71	O	15.25	G	-		
1687	72	O	15.25	C	-		
1687	73	O	15.25	G	-		
1687	74	O	15.25	G	-		
1687	75	O	15.25	C	-		
1687	76	O	15.25	C	-		
1687	77	O	15.25	A	-		
1687	78	O	15.25	A	-		
1687	79	O	15.25	T	-		
1687	80	O	15.25	C	-		
1687	81	O	15.25	A	-		
1687	82	O	15.25	G	-		
1687	83	O	15.25	A	-		
1687	84	O	15.25	G	-		
1687	85	O	15.25	C	-		
1687	86	O	15.25	A	-		
1687	87	O	15.25	G	-		
1687	88	O	15.25	T	-		
1687	89	O	15.25	C	-		
1687	90	O	15.25	G	-		
1687	91	O	15.25	G	-		
1687	92	O	15.25	A	-		
1687	93	O	15.25	C	-		
1687	94	O	15.25	G	-		
1687	95	O	15.25	G	-		
1687	96	O	15.25	C	-		
1687	97	O	15.25	G	-		
1687	98	O	15.25	G	-		
1687	99	O	15.25	A	-		
1687	100	O	15.25	G	-		
1687	101	O	15.25	G	-		
1687	102	O	15.25	A	-		
1687	103	O	15.25	G	-		
1687	104	O	15.25	A	-		
1687	105	O	15.25	G	-		
1687	106	O	15.25	C	-		
1687	107	O	15.25	A	-		
1687	108	O	15.25	A	-		
1687	109	O	15.25	A	-		
1688	0	O	23.57	G	-		
1688	1	O	23.57	A	-		
1688	2	O	23.57	C	-		
1688	3	O	23.57	T	-		
1688	4	O	23.57	C	-		
1688	5	O	23.57	T	-		
1688	6	O	23.57	G	-		
1688	7	O	23.57	C	-		
1688	8	O	23.57	A	-		
1688	9	O	23.57	G	-		
1688	10	O	23.57	G	-		
1688	11	O	23.57	G	-		
1688	12	O	23.57	A	-		
1688	13	O	23.57	C	-		
1688	14	O	23.57	G	-		
1688	15	O	23.57	G	-		
1688	16	O	23.57	A	-		
1688	17	O	23.57	C	-		
1688	18	O	23.57	G	-		
1688	19	O	23.57	A	-		
1688	20	O	23.57	G	-		
1688	21	O	23.57	C	-		
1688	22	O	23.57	C	-		
1688	23	O	23.57	T	-		
1688	24	O	23.57	G	-		
1688	25	O	23.57	T	-		
1688	26	O	23.57	T	-		
1688	27	O	23.57	T	-		
1688	28	O	23.57	G	-		
1688	29	O	23.57	A	-		
1688	30	O	23.57	A	-		
1688	31	O	23.57	G	-		
1688	32	O	23.57	G	-		
1688	33	O	23.57	T	-		
1688	34	O	23.57	C	-		
1688	35	O	23.57	C	-		
1688	36	O	23.57	T	-		
1688	37	O	23.57	C	-		
1688	38	O	23.57	C	-		
1688	39	O	23.57	A	-		
1688	40	O	23.57	G	-		
1688	41	O	23.57	G	-		
1688	42	O	23.57	C	-		
1688	43	O	23.57	C	-		
1688	44	O	23.57	T	-		
1688	45	O	23.57	T	-		
1688	46	O	23.57	C	-		
1688	47	O	23.57	G	-		
1688	48	O	23.57	G	-		
1688	49	O	23.57	G	-		
1688	50	O	23.57	T	-		
1688	51	O	23.57	T	-		
1688	52	O	23.57	G	-		
1688	53	O	13.76	A	-		
1688	54	O	23.57	G	-		
1688	55	O	23.57	T	-		
1688	56	O	23.57	C	-		
1688	57	O	23.57	C	-		
1688	58	O	23.57	G	-		
1688	59	O	23.57	G	-		
1688	60	O	23.57	C	-		
1688	61	O	23.57	G	-		
1688	62	O	23.57	G	-		
1688	63	O	23.57	T	-		
1688	64	O	23.57	G	-		
1688	65	O	23.57	T	-		
1688	66	O	23.57	G	-		
1688	67	O	23.57	C	-		
1688	68	O	23.57	G	-		
1688	69	O	23.57	C	-		
1688	70	O	23.57	G	-		
1688	71	O	23.57	A	-		
1688	72	O	23.57	G	-		
1688	73	O	23.57	C	-		
1688	74	O	23.57	G	-		
1688	75	O	23.57	A	-		
1688	76	O	23.57	G	-		
1688	77	O	23.57	A	-		
1688	78	O	23.57	C	-		
1688	79	O	23.57	G	-		
1688	80	O	23.57	G	-		
1688	81	O	23.57	C	-		
1688	82	O	23.57	C	-		
1688	83	O	23.57	A	-		
1688	84	O	23.57	T	-		
1688	85	O	23.57	C	-		
1688	86	O	23.57	T	-		
1688	87	O	23.57	C	-		
1688	88	O	23.57	G	-		
1688	89	O	23.57	T	-		
1688	90	O	23.57	T	-		
1688	91	O	23.57	C	-		
1688	92	O	23.57	T	-		
1688	93	O	23.57	G	-		
1688	94	O	23.57	C	-		
1688	95	O	23.57	A	-		
1688	96	O	23.57	A	-		
1688	97	O	23.57	C	-		
1688	98	O	23.57	A	-		
1688	99	O	23.57	T	-		
1688	100	O	23.57	T	-		
1688	101	O	23.57	T	-		
1688	102	O	23.57	G	-		
1688	103	O	23.57	C	-		
1688	104	O	23.57	A	-		
1688	105	O	23.57	G	-		
1688	106	O	23.57	G	-		
1688	107	O	23.57	C	-		
1688	108	O	23.57	G	-		
1688	109	O	23.57	A	-		
1689	0	O	6.93	A	-		
1689	1	O	6.93	A	-		
1689	2	O	6.93	C	-		
1689	3	O	6.93	C	-		
1689	4	O	6.93	A	-		
1689	5	O	6.93	T	-		
1689	6	O	6.93	G	-		
1689	7	O	6.93	A	-		
1689	8	O	6.93	G	-		
1689	9	O	6.93	C	-		
1689	10	O	6.93	T	-		
1689	11	O	6.93	A	-		
1689	12	O	6.93	T	-		
1689	13	O	6.93	G	-		
1689	14	O	6.93	T	-		
1689	15	O	6.93	A	-		
1689	16	O	6.93	T	-		
1689	17	O	6.93	G	-		
1689	18	O	6.93	G	-		
1689	19	O	6.93	A	-		
1689	20	O	6.93	G	-		
1689	21	O	6.93	C	-		
1689	22	O	6.93	T	-		
1689	23	O	6.93	A	-		
1689	24	O	6.93	T	-		
1689	25	O	6.93	T	-		
1689	26	O	6.93	G	-		
1689	27	O	6.93	T	-		
1689	28	O	6.93	A	-		
1689	29	O	6.93	A	-		
1689	30	O	6.93	A	-		
1689	31	O	6.93	G	-		
1689	32	O	6.93	C	-		
1689	33	O	6.93	G	-		
1689	34	O	6.93	G	-		
1689	35	O	6.93	G	-		
1689	36	O	6.93	A	-		
1689	37	O	6.93	A	-		
1689	38	O	6.93	A	-		
1689	39	O	6.93	A	-		
1689	40	O	6.93	A	-		
1689	41	O	6.93	G	-		
1689	42	O	6.93	G	-		
1689	43	O	6.93	T	-		
1689	44	O	6.93	T	-		
1689	45	O	6.93	G	-		
1689	46	O	6.93	C	-		
1689	47	O	6.93	A	-		
1689	48	O	6.93	G	-		
1689	49	O	6.93	A	-		
1689	50	O	6.93	T	-		
1689	51	O	6.93	C	-		
1689	52	O	6.93	G	-		
1689	53	O	6.93	T	-		
1689	54	O	6.93	G	-		
1689	55	O	6.93	A	-		
1689	56	O	6.93	T	-		
1689	57	O	6.93	G	-		
1689	58	O	6.93	G	-		
1689	59	O	6.93	C	-		
1689	60	O	6.93	A	-		
1689	61	O	6.93	C	-		
1689	62	O	6.93	A	-		
1689	63	O	6.93	A	-		
1689	64	O	6.93	A	-		
1689	65	O	6.93	G	-		
1689	66	O	6.93	C	-		
1689	67	O	6.93	C	-		
1689	68	O	6.93	G	-		
1689	69	O	6.93	A	-		
1689	70	O	6.93	G	-		
1689	71	O	6.93	C	-		
1689	72	O	6.93	C	-		
1689	73	O	6.93	A	-		
1689	74	O	6.93	C	-		
1689	75	O	6.93	A	-		
1689	76	O	6.93	C	-		
1689	77	O	6.93	T	-		
1689	78	O	6.93	T	-		
1689	79	O	6.93	C	-		
1689	80	O	6.93	G	-		
1689	81	O	6.93	G	-		
1689	82	O	6.93	A	-		
1689	83	O	6.93	C	-		
1689	84	U	-0.27	T	G		
1689	85	O	6.93	T	-		
1689	86	O	6.93	G	-		
1689	87	O	6.93	G	-		
1689	88	O	6.93	T	-		
1689	89	O	6.93	G	-		
1689	90	O	6.93	G	-		
1689	91	O	6.93	G	-		
1689	92	O	6.93	G	-		
1689	93	O	6.93	T	-		
1689	94	O	6.93	T	-		
1689	95	O	6.93	G	-		
1689	96	O	6.93	C	-		
1689	97	O	6.93	C	-		
1689	98	O	6.93	G	-		
1689	99	O	6.93	A	-		
1689	100	O	6.93	C	-		
1689	101	O	6.93	G	-		
1689	102	O	6.93	G	-		
1689	103	O	6.93	A	-		
1689	104	O	6.93	C	-		
1689	105	O	6.93	C	-		
1689	106	O	6.93	T	-		
1689	107	O	6.93	T	-		
1689	108	O	6.93	C	-		
1689	109	O	6.93	G	-		
1690	0	O	13.86	A	-		
1690	1	O	13.86	G	-		
1690	2	O	13.86	C	-		
1690	3	O	13.86	G	-		
1690	4	O	13.86	T	-		
1690	5	O	13.86	G	-		
1690	6	O	13.86	T	-		
1690	7	O	13.86	T	-		
1690	8	O	13.86	C	-		
1690	9	O	13.86	G	-		
1690	10	O	13.86	G	-		
1690	11	O	13.86	A	-		
1690	12	O	13.86	T	-		
1690	13	O	13.86	C	-		
1690	14	O	13.86	T	-		
1690	15	O	13.86	C	-		
1690	16	O	13.86	G	-		
1690	17	O	13.86	G	-		
1690	18	O	13.86	G	-		
1690	19	O	13.86	G	-		
1690	20	O	13.86	C	-		
1690	21	O	13.86	G	-		
1690	22	O	13.86	G	-		
1690	23	O	13.86	G	-		
1690	24	O	13.86	T	-		
1690	25	O	13.86	G	-		
1690	26	O	13.86	A	-		
1690	27	O	13.86	A	-		
1690	28	O	13.86	T	-		
1690	29	O	13.86	G	-		
1690	30	O	13.86	G	-		
1690	31	O	13.86	T	-		
1690	32	O	13.86	C	-		
1690	33	O	13.86	T	-		
1690	34	O	13.86	T	-		
1690	35	O	13.86	G	-		
1690	36	O	13.86	G	-		
1690	37	O	13.86	C	-		
1690	38	O	13.86	A	-		
1690	39	O	13.86	G	-		
1690	40	O	13.86	C	-		
1690	41	O	13.86	G	-		
1690	42	O	13.86	T	-		
1690	43	O	13.86	C	-		
1690	44	O	13.86	C	-		
1690	45	O	13.86	T	-		
1690	46	O	13.86	T	-		
1690	47	O	13.86	T	-		
1690	48	O	13.86	G	-		
1690	49	O	13.86	C	-		
1690	50	O	13.86	C	-		
1690	51	O	13.86	A	-		
1690	52	O	13.86	C	-		
1690	53	O	13.86	T	-		
1690	54	O	13.86	G	-		
1690	55	O	13.86	C	-		
1690	56	O	13.86	A	-		
1690	57	O	13.86	T	-		
1690	58	O	13.86	C	-		
1690	59	O	13.86	G	-		
1690	60	O	13.86	G	-		
1690	61	O	13.86	A	-		
1690	62	O	13.86	C	-		
1690	63	O	13.86	A	-		
1690	64	O	13.86	C	-		
1690	65	O	13.86	T	-		
1690	66	O	13.86	G	-		
1690	67	O	13.86	C	-		
1690	68	O	13.86	G	-		
1690	69	O	13.86	C	-		
1690	70	O	13.86	G	-		
1690	71	O	13.86	G	-		
1690	72	O	13.86	A	-		
1690	73	O	13.86	T	-		
1690	74	O	13.86	G	-		
1690	75	O	13.86	G	-		
1690	76	O	13.86	C	-		
1690	77	O	13.86	C	-		
1690	78	O	13.86	A	-		
1690	79	O	13.86	T	-		
1690	80	O	13.86	G	-		
1690	81	O	13.86	T	-		
1690	82	O	13.86	T	-		
1690	83	O	13.86	G	-		
1690	84	O	13.86	T	-		
1690	85	O	13.86	G	-		
1690	86	O	13.86	C	-		
1690	87	O	13.86	G	-		
1690	88	O	13.86	A	-		
1690	89	O	13.86	T	-		
1690	90	O	13.86	G	-		
1690	91	O	13.86	G	-		
1690	92	O	13.86	A	-		
1690	93	O	13.86	A	-		
1690	94	O	13.86	A	-		
1690	95	O	13.86	G	-		
1690	96	O	13.86	C	-		
1690	97	O	13.86	C	-		
1690	98	O	13.86	C	-		
1690	99	O	13.86	A	-		
1690	100	O	13.86	C	-		
1690	101	O	13.86	G	-		
1690	102	O	13.86	T	-		
1690	103	O	13.86	G	-		
1690	104	O	13.86	A	-		
1690	105	O	13.86	G	-		
1690	106	O	13.86	G	-		
1690	107	O	13.86	G	-		
1690	108	O	13.86	A	-		
1690	109	O	13.86	C	-		
1691	0	O	16.64	C	-		
1691	1	O	16.64	G	-		
1691	2	O	16.64	C	-		
1691	3	O	16.64	G	-		
1691	4	O	16.64	T	-		
1691	5	O	16.64	C	-		
1691	6	O	16.64	G	-		
1691	7	O	16.64	A	-		
1691	8	O	16.64	G	-		
1691	9	O	16.64	A	-		
1691	10	O	16.64	C	-		
1691	11	O	16.64	A	-		
1691	12	O	16.64	C	-		
1691	13	O	16.64	A	-		
1691	14	O	16.64	A	-		
1691	15	O	16.64	G	-		
1691	16	O	16.64	A	-		
1691	17	O	16.64	T	-		
1691	18	O	16.64	C	-		
1691	19	O	16.64	G	-		
1691	20	O	16.64	C	-		
1691	21	O	16.64	C	-		
1691	22	O	16.64	G	-		
1691	23	O	16.64	C	-		
1691	24	O	16.64	C	-		
1691	25	O	16.64	C	-		
1691	26	O	16.64	G	-		
1691	27	O	16.64	A	-		
1691	28	O	16.64	C	-		
1691	29	O	16.64	C	-		
1691	30	O	16.64	A	-		
1691	31	O	16.64	G	-		
1691	32	O	16.64	G	-		
1691	33	O	16.64	A	-		
1691	34	O	16.64	A	-		
1691	35	O	16.64	T	-		
1691	36	O	16.64	C	-		
1691	37	O	16.64	A	-		
1691	38	O	16.64	G	-		
1691	39	O	16.64	A	-		
1691	40	O	16.64	C	-		
1691	41	O	16.64	A	-		
1691	42	O	16.64	G	-		
1691	43	O	16.64	T	-		
1691	44	O	16.64	G	-		
1691	45	O	16.64	G	-		
1691	46	O	16.64	T	-		
1691	47	O	16.64	T	-		
1691	48	O	16.64	G	-		
1691	49	O	16.64	A	-		
1691	50	O	16.64	T	-		
1691	51	O	16.64	G	-		
1691	52	O	16.64	A	-		
1691	53	O	16.64	A	-		
1691	54	O	16.64	A	-		
1691	55	O	16.64	C	-		
1691	56	O	16.64	T	-		
1691	57	O	16.64	C	-		
1691	58	O	16.64	G	-		
1691	59	O	16.64	T	-		
1691	60	O	16.64	C	-		
1691	61	O	16.64	A	-		
1691	62	O	16.64	C	-		
1691	63	O	16.64	C	-		
1691	64	O	16.64	G	-		
1691	65	O	16.64	A	-		
1691	66	O	16.64	G	-		
1691	67	O	16.64	C	-		
1691	68	O	16.64	A	-		
1691	69	O	16.64	A	-		
1691	70	O	16.64	C	-		
1691	71	O	16.64	C	-		
1691	72	O	16.64	G	-		
1691	73	O	16.64	G	-		
1691	74	O	16.64	A	-		
1691	75	O	16.64	G	-		
1691	76	O	16.64	G	-		
1691	77	O	16.64	G	-		
1691	78	O	16.64	C	-		
1691	79	O	16.64	G	-		
1691	80	O	16.64	C	-		
1691	81	O	16.64	T	-		
1691	82	O	16.64	G	-		
1691	83	O	16.64	A	-		
1691	84	O	16.64	G	-		
1691	85	O	16.64	G	-		
1691	86	O	16.64	A	-		
1691	87	O	16.64	T	-		
1691	88	O	16.64	C	-		
1691	89	O	16.64	C	-		
1691	90	O	16.64	C	-		
1691	91	O	16.64	A	-		
1691	92	O	16.64	G	-		
1691	93	O	16.64	G	-		
1691	94	O	16.64	T	-		
1691	95	O	16.64	T	-		
1691	96	O	16.64	G	-		
1691	97	O	16.64	C	-		
1691	98	O	16.64	T	-		
1691	99	O	16.64	C	-		
1691	100	O	16.64	A	-		
1691	101	O	16.64	A	-		
1691	102	O	16.64	A	-		
1691	103	O	16.64	C	-		
1691	104	O	16.64	T	-		
1691	105	O	16.64	G	-		
1691	106	O	16.64	C	-		
1691	107	O	16.64	T	-		
1691	108	O	16.64	C	-		
1691	109	O	16.64	G	-		
1692	0	O	5.55	A	-		
1692	1	O	5.55	A	-		
1692	2	O	5.55	G	-		
1692	3	O	5.55	C	-		
1692	4	O	5.55	A	-		
1692	5	O	5.55	G	-		
1692	6	O	5.55	C	-		
1692	7	O	5.55	C	-		
1692	8	O	5.55	C	-		
1692	9	O	5.55	G	-		
1692	10	O	5.55	G	-		
1692	11	O	5.55	C	-		
1692	12	O	5.55	G	-		
1692	13	O	5.55	C	-		
1692	14	O	5.55	C	-		
1692	15	O	5.55	A	-		
1692	16	O	5.55	C	-		
1692	17	O	5.55	C	-		
1692	18	O	5.55	C	-		
1692	19	O	5.55	T	-		
1692	20	O	5.55	C	-		
1692	21	O	5.55	G	-		
1692	22	O	5.55	A	-		
1692	23	O	5.55	G	-		
1692	24	O	5.55	G	-		
1692	25	O	5.55	C	-		
1692	26	O	5.55	T	-		
1692	27	O	5.55	G	-		
1692	28	O	5.55	G	-		
1692	29	O	5.55	T	-		
1692	30	O	5.55	G	-		
1692	31	O	5.55	A	-		
1692	32	O	5.55	C	-		
1692	33	O	5.55	A	-		
1692	34	O	5.55	T	-		
1692	35	O	5.55	T	-		
1692	36	O	5.55	C	-		
1692	37	O	5.55	T	-		
1692	38	O	5.55	C	-		
1692	39	O	5.55	G	-		
1692	40	O	5.55	G	-		
1692	41	O	5.55	T	-		
1692	42	O	5.55	A	-		
1692	43	O	5.55	T	-		
1692	44	O	5.55	C	-		
1692	45	O	5.55	T	-		
1692	46	O	5.55	T	-		
1692	47	O	5.55	G	-		
1692	48	O	5.55	G	-		
1692	49	O	5.55	C	-		
1692	50	O	5.55	A	-		
1692	51	O	5.55	C	-		
1692	52	O	5.55	T	-		
1692	53	O	5.55	C	-		
1692	54	O	5.55	G	-		
1692	55	O	5.55	A	-		
1692	56	O	5.55	T	-		
1692	57	O	5.55	G	-		
1692	58	O	5.55	A	-		
1692	59	O	5.55	C	-		
1692	60	O	5.55	C	-		
1692	61	O	5.55	C	-		
1692	62	O	5.55	G	-		
1692	63	O	5.55	A	-		
1692	64	O	5.55	C	-		
1692	65	O	5.55	C	-		
1692	66	O	5.55	A	-		
1692	67	O	5.55	A	-		
1692	68	O	5.55	G	-		
1692	69	O	5.55	G	-		
1692	70	O	5.55	T	-		
1692	71	O	5.55	C	-		
1692	72	O	5.55	A	-		
1692	73	O	5.55	A	-		
1692	74	O	5.55	G	-		
1692	75	O	5.55	T	-		
1692	76	O	5.55	C	-		
1692	77	O	5.55	T	-		
1692	78	O	5.55	G	-		
1692	79	O	5.55	C	-		
1692	80	O	5.55	T	-		
1692	81	O	5.55	C	-		
1692	82	O	5.55	A	-		
1692	83	O	5.55	G	-		
1692	84	O	5.55	C	-		
1692	85	O	5.55	C	-		
1692	86	O	5.55	C	-		
1692	87	O	5.55	T	-		
1692	88	O	5.55	T	-		
1692	89	O	5.55	C	-		
1692	90	O	5.55	C	-		
1692	91	O	5.55	T	-		
1692	92	O	5.55	C	-		
1692	93	O	5.55	G	-		
1692	94	O	5.55	A	-		
1692	95	O	5.55	G	-		
1692	96	O	5.55	C	-		
1692	97	O	5.55	C	-		
1692	98	O	5.55	T	-		
1692	99	O	5.55	A	-		
1692	100	O	5.55	T	-		
1692	101	O	5.55	C	-		
1692	102	O	5.55	C	-		
1692	103	O	5.55	C	-		
1692	104	O	5.55	C	-		
1692	105	O	5.55	G	-		
1692	106	O	5.55	A	-		
1692	107	O	5.55	G	-		
1692	108	O	5.55	A	-		
1692	109	O	5.55	T	-		
1693	0	O	5.55	C	-		
1693	1	O	5.55	G	-		
1693	2	O	5.55	C	-		
1693	3	O	5.55	C	-		
1693	4	O	5.55	T	-		
1693	5	O	5.55	G	-		
1693	6	O	5.55	T	-		
1693	7	O	5.55	A	-		
1693	8	O	5.55	T	-		
1693	9	O	5.55	G	-		
1693	10	O	5.55	G	-		
1693	11	O	5.55	T	-		
1693	12	O	5.55	C	-		
1693	13	O	5.55	A	-		
1693	14	O	5.55	A	-		
1693	15	O	5.55	G	-		
1693	16	O	5.55	A	-		
1693	17	O	5.55	G	-		
1693	18	O	5.55	A	-		
1693	19	O	5.55	C	-		
1693	20	O	5.55	A	-		
1693	21	O	5.55	A	-		
1693	22	O	5.55	G	-		
1693	23	O	5.55	T	-		
1693	24	O	5.55	G	-		
1693	25	O	5.55	C	-		
1693	26	O	5.55	C	-		
1693	27	O	5.55	G	-		
1693	28	O	5.55	G	-		
1693	29	O	5.55	C	-		
1693	30	O	5.55	G	-		
1693	31	O	5.55	G	-		
1693	32	O	5.55	G	-		
1693	33	O	5.55	A	-		
1693	34	O	5.55	G	-		
1693	35	O	5.55	A	-		
1693	36	O	5.55	G	-		
1693	37	O	5.55	T	-		
1693	38	O	5.55	A	-		
1693	39	O	5.55	A	-		
1693	40	O	5.55	G	-		
1693	41	O	5.55	A	-		
1693	42	O	5.55	G	-		
1693	43	O	5.55	G	-		
1693	44	O	5.55	A	-		
1693	45	O	5.55	G	-		
1693	46	O	5.55	T	-		
1693	47	O	5.55	G	-		
1693	48	O	5.55	T	-		
1693	49	O	5.55	T	-		
1693	50	O	5.55	T	-		
1693	51	O	5.55	C	-		
1693	52	O	5.55	G	-		
1693	53	O	5.55	A	-		
1693	54	O	5.55	A	-		
1693	55	O	5.55	A	-		
1693	56	O	5.55	G	-		
1693	57	O	5.55	G	-		
1693	58	O	5.55	A	-		
1693	59	O	5.55	C	-		
1693	60	O	5.55	A	-		
1693	61	O	5.55	A	-		
1693	62	O	5.55	C	-		
1693	63	O	5.55	G	-		
1693	64	O	5.55	G	-		
1693	65	O	5.55	G	-		
1693	66	O	5.55	A	-		
1693	67	O	5.55	A	-		
1693	68	O	5.55	T	-		
1693	69	O	5.55	G	-		
1693	70	O	5.55	G	-		
1693	71	O	5.55	A	-		
1693	72	O	5.55	G	-		
1693	73	O	5.55	T	-		
1693	74	O	5.55	G	-		
1693	75	O	5.55	T	-		
1693	76	O	5.55	G	-		
1693	77	O	5.55	C	-		
1693	78	O	5.55	C	-		
1693	79	O	5.55	T	-		
1693	80	O	5.55	T	-		
1693	81	O	5.55	A	-		
1693	82	O	5.55	C	-		
1693	83	O	5.55	A	-		
1693	84	O	5.55	A	-		
1693	85	O	5.55	G	-		
1693	86	O	5.55	T	-		
1693	87	O	5.55	T	-		
1693	88	O	5.55	A	-		
1693	89	O	5.55	C	-		
1693	90	O	5.55	G	-		
1693	91	O	5.55	G	-		
1693	92	O	5.55	G	-		
1693	93	O	5.55	G	-		
1693	94	O	5.55	A	-		
1693	95	O	5.55	G	-		
1693	96	O	5.55	T	-		
1693	97	O	5.55	C	-		
1693	98	O	5.55	A	-		
1693	99	O	5.55	G	-		
1693	100	O	5.55	T	-		
1693	101	O	5.55	A	-		
1693	102	O	5.55	G	-		
1693	103	O	5.55	T	-		
1693	104	O	5.55	G	-		
1693	105	O	5.55	A	-		
1693	106	O	5.55	C	-		
1693	107	O	5.55	T	-		
1693	108	O	5.55	T	-		
1693	109	O	5.55	G	-		
1694	0	O	11.09	A	-		
1694	1	O	11.09	A	-		
1694	2	O	11.09	G	-		
1694	3	O	11.09	A	-		
1694	4	O	11.09	G	-		
1694	5	O	11.09	A	-		
1694	6	O	11.09	A	-		
1694	7	O	11.09	C	-		
1694	8	O	11.09	C	-		
1694	9	O	11.09	T	-		
1694	10	O	11.09	T	-		
1694	11	O	11.09	G	-		
1694	12	O	11.09	G	-		
1694	13	O	11.09	T	-		
1694	14	O	11.09	G	-		
1694	15	O	11.09	T	-		
1694	16	O	11.09	C	-		
1694	17	O	11.09	C	-		
1694	18	O	11.09	T	-		
1694	19	O	11.09	T	-		
1694	20	O	11.09	G	-		
1694	21	O	11.09	C	-		
1694	22	O	11.09	G	-		
1694	23	O	11.09	C	-		
1694	24	O	11.09	A	-		
1694	25	O	11.09	C	-		
1694	26	O	11.09	G	-		
1694	27	O	11.09	A	-		
1694	28	O	11.09	A	-		
1694	29	O	11.09	C	-		
1694	30	O	11.09	T	-		
1694	31	O	11.09	G	-		
1694	32	O	11.09	C	-		
1694	33	O	11.09	G	-		
1694	34	O	11.09	T	-		
1694	35	O	11.09	C	-		
1694	36	O	11.09	T	-		
1694	37	O	11.09	G	-		
1694	38	O	11.09	G	-		
1694	39	O	11.09	T	-		
1694	40	O	11.09	G	-		
1694	41	O	11.09	G	-		
1694	42	O	11.09	G	-		
1694	43	O	11.09	T	-		
1694	44	O	11.09	G	-		
1694	45	O	11.09	G	-		
1694	46	O	11.09	C	-		
1694	47	O	11.09	C	-		
1694	48	O	11.09	A	-		
1694	49	O	11.09	G	-		
1694	50	O	11.09	G	-		
1694	51	O	11.09	A	-		
1694	52	O	11.09	T	-		
1694	53	O	11.09	G	-		
1694	54	O	11.09	A	-		
1694	55	O	11.09	C	-		
1694	56	O	11.09	G	-		
1694	57	O	11.09	G	-		
1694	58	O	11.09	C	-		
1694	59	O	11.09	C	-		
1694	60	O	11.09	T	-		
1694	61	O	11.09	T	-		
1694	62	O	11.09	G	-		
1694	63	O	11.09	T	-		
1694	64	O	11.09	C	-		
1694	65	O	11.09	C	-		
1694	66	O	11.09	T	-		
1694	67	O	11.09	T	-		
1694	68	O	11.09	G	-		
1694	69	O	11.09	A	-		
1694	70	O	11.09	G	-		
1694	71	O	11.09	G	-		
1694	72	O	11.09	A	-		
1694	73	O	11.09	A	-		
1694	74	O	11.09	G	-		
1694	75	O	11.09	G	-		
1694	76	O	11.09	C	-		
1694	77	O	11.09	G	-		
1694	78	O	11.09	C	-		
1694	79	O	11.09	A	-		
1694	80	O	11.09	G	-		
1694	81	O	11.09	A	-		
1694	82	O	11.09	T	-		
1694	83	O	11.09	G	-		
1694	84	O	11.09	C	-		
1694	85	O	11.09	A	-		
1694	86	O	11.09	C	-		
1694	87	O	11.09	T	-		
1694	88	O	11.09	C	-		
1694	89	O	11.09	G	-		
1694	90	O	11.09	T	-		
1694	91	O	11.09	T	-		
1694	92	O	11.09	G	-		
1694	93	O	11.09	A	-		
1694	94	O	11.09	A	-		
1694	95	O	11.09	G	-		
1694	96	O	11.09	A	-		
1694	97	O	11.09	T	-		
1694	98	O	11.09	G	-		
1694	99	O	11.09	T	-		
1694	100	O	11.09	G	-		
1694	101	O	11.09	C	-		
1694	102	O	11.09	T	-		
1694	103	O	11.09	T	-		
1694	104	O	11.09	G	-		
1694	105	O	11.09	G	-		
1694	106	O	11.09	C	-		
1694	107	O	11.09	C	-		
1694	108	O	11.09	A	-		
1694	109	O	11.09	C	-		
1695	0	O	19.41	A	-		
1695	1	O	19.41	G	-		
1695	2	O	19.41	G	-		
1695	3	O	19.41	T	-		
1695	4	O	19.41	T	-		
1695	5	O	19.41	G	-		
1695	6	O	19.41	T	-		
1695	7	O	19.41	T	-		
1695	8	O	19.41	A	-		
1695	9	O	19.41	T	-		
1695	10	O	19.41	A	-		
1695	11	O	19.41	T	-		
1695	12	O	19.41	A	-		
1695	13	O	19.41	A	-		
1695	14	O	19.41	C	-		
1695	15	O	19.41	A	-		
1695	16	O	19.41	C	-		
1695	17	O	19.41	T	-		
1695	18	O	19.41	C	-		
1695	19	U	-1.73	G	T		
1695	20	O	19.41	T	-		
1695	21	O	19.41	T	-		
1695	22	O	19.41	C	-		
1695	23	O	19.41	C	-		
1695	24	O	19.41	A	-		
1695	25	O	19.41	G	-		
1695	26	O	19.41	T	-		
1695	27	O	19.41	A	-		
1695	28	O	19.41	G	-		
1695	29	O	19.41	T	-		
1695	30	O	19.41	G	-		
1695	31	O	19.41	T	-		
1695	32	O	19.41	T	-		
1695	33	O	19.41	T	-		
1695	34	O	19.41	C	-		
1695	35	O	19.41	A	-		
1695	36	O	19.41	C	-		
1695	37	O	19.41	T	-		
1695	38	O	19.41	T	-		
1695	39	O	19.41	A	-		
1695	40	O	19.41	C	-		
1695	41	O	19.41	A	-		
1695	42	O	19.41	C	-		
1695	43	O	19.41	A	-		
1695	44	O	19.41	C	-		
1695	45	O	19.41	T	-		
1695	46	O	19.41	C	-		
1695	47	O	19.41	A	-		
1695	48	O	19.41	T	-		
1695	49	O	19.41	T	-		
1695	50	O	19.41	T	-		
1695	51	O	19.41	T	-		
1695	52	O	19.41	C	-		
1695	53	O	19.41	A	-		
1695	54	O	19.41	T	-		
1695	55	O	19.41	A	-		
1695	56	O	19.41	T	-		
1695	57	O	19.41	G	-		
1695	58	O	19.41	A	-		
1695	59	O	19.41	T	-		
1695	60	O	19.41	T	-		
1695	61	O	19.41	T	-		
1695	62	O	19.41	A	-		
1695	63	O	19.41	A	-		
1695	64	O	19.41	T	-		
1695	65	O	19.41	A	-		
1695	66	O	19.41	A	-		
1695	67	O	19.41	G	-		
1695	68	O	19.41	T	-		
1695	69	O	19.41	T	-		
1695	70	O	19.41	G	-		
1695	71	O	19.41	C	-		
1695	72	O	19.41	A	-		
1695	73	O	19.41	A	-		
1695	74	O	19.41	T	-		
1695	75	O	19.41	T	-		
1695	76	O	19.41	T	-		
1695	77	O	19.41	A	-		
1695	78	O	19.41	A	-		
1695	79	O	19.41	C	-		
1695	80	O	19.41	C	-		
1695	81	O	19.41	T	-		
1695	82	O	19.41	A	-		
1695	83	O	19.41	T	-		
1695	84	O	19.41	T	-		
1695	85	O	19.41	T	-		
1695	86	O	19.41	T	-		
1695	87	O	19.41	G	-		
1695	88	O	19.41	G	-		
1695	89	O	19.41	A	-		
1695	90	O	19.41	T	-		
1695	91	O	19.41	G	-		
1695	92	O	19.41	A	-		
1695	93	O	19.41	T	-		
1695	94	O	19.41	A	-		
1695	95	O	19.41	A	-		
1695	96	O	19.41	G	-		
1695	97	O	19.41	C	-		
1695	98	O	19.41	A	-		
1695	99	O	19.41	G	-		
1695	100	O	19.41	A	-		
1695	101	O	19.41	A	-		
1695	102	O	19.41	A	-		
1695	103	O	19.41	A	-		
1695	104	O	19.41	T	-		
1695	105	O	19.41	C	-		
1695	106	U	-1.73	C	T		
1695	107	O	19.41	T	-		
1695	108	O	19.41	C	-		
1695	109	O	19.41	T	-		
1696	0	O	11.09	A	-		
1696	1	O	11.09	C	-		
1696	2	O	11.09	C	-		
1696	3	O	11.09	A	-		
1696	4	O	11.09	G	-		
1696	5	O	11.09	A	-		
1696	6	O	11.09	A	-		
1696	7	O	11.09	A	-		
1696	8	O	11.09	G	-		
1696	9	O	11.09	C	-		
1696	10	O	11.09	A	-		
1696	11	O	11.09	A	-		
1696	12	O	11.09	A	-		
1696	13	O	11.09	A	-		
1696	14	O	11.09	T	-		
1696	15	O	11.09	C	-		
1696	16	O	11.09	C	-		
1696	17	O	11.09	T	-		
1696	18	O	11.09	C	-		
1696	19	O	11.09	G	-		
1696	20	O	11.09	G	-		
1696	21	O	11.09	G	-		
1696	22	O	11.09	T	-		
1696	23	O	11.09	T	-		
1696	24	O	11.09	C	-		
1696	25	O	11.09	A	-		
1696	26	O	11.09	C	-		
1696	27	O	11.09	A	-		
1696	28	O	11.09	G	-		
1696	29	O	11.09	T	-		
1696	30	O	11.09	A	-		
1696	31	O	11.09	G	-		
1696	32	O	11.09	G	-		
1696	33	O	11.09	A	-		
1696	34	O	11.09	A	-		
1696	35	O	11.09	G	-		
1696	36	O	11.09	T	-		
1696	37	O	11.09	T	-		
1696	38	O	11.09	C	-		
1696	39	O	11.09	A	-		
1696	40	O	11.09	G	-		
1696	41	O	11.09	A	-		
1696	42	O	11.09	G	-		
1696	43	O	11.09	G	-		
1696	44	O	11.09	T	-		
1696	45	O	11.09	A	-		
1696	46	O	11.09	T	-		
1696	47	O	11.09	A	-		
1696	48	O	11.09	T	-		
1696	49	O	11.09	T	-		
1696	50	O	11.09	T	-		
1696	51	O	11.09	A	-		
1696	52	O	11.09	A	-		
1696	53	O	11.09	T	-		
1696	54	O	11.09	T	-		
1696	55	O	11.09	T	-		
1696	56	O	11.09	G	-		
1696	57	O	11.09	T	-		
1696	58	O	11.09	T	-		
1696	59	O	11.09	C	-		
1696	60	O	11.09	T	-		
1696	61	O	11.09	C	-		
1696	62	O	11.09	T	-		
1696	63	O	11.09	G	-		
1696	64	O	11.09	T	-		
1696	65	O	11.09	G	-		
1696	66	O	11.09	T	-		
1696	67	O	11.09	T	-		
1696	68	O	11.09	T	-		
1696	69	O	11.09	C	-		
1696	70	O	11.09	A	-		
1696	71	O	11.09	A	-		
1696	72	O	11.09	G	-		
1696	73	O	11.09	T	-		
1696	74	O	11.09	G	-		
1696	75	O	11.09	T	-		
1696	76	O	11.09	A	-		
1696	77	O	11.09	T	-		
1696	78	O	11.09	A	-		
1696	79	O	11.09	A	-		
1696	80	O	11.09	A	-		
1696	81	O	11.09	C	-		
1696	82	O	11.09	G	-		
1696	83	O	11.09	A	-		
1696	84	O	11.09	A	-		
1696	85	O	11.09	G	-		
1696	86	O	11.09	C	-		
1696	87	O	11.09	T	-		
1696	88	O	11.09	G	-		
1696	89	O	11.09	C	-		
1696	90	O	11.09	A	-		
1696	91	O	11.09	A	-		
1696	92	O	11.09	T	-		
1696	93	O	11.09	C	-		
1696	94	O	11.09	A	-		
1696	95	O	11.09	A	-		
1696	96	O	11.09	C	-		
1696	97	O	11.09	A	-		
1696	98	O	11.09	C	-		
1696	99	O	11.09	A	-		
1696	100	O	11.09	T	-		
1696	101	O	11.09	T	-		
1696	102	O	11.09	T	-		
1696	103	O	11.09	T	-		
1696	104	O	11.09	T	-		
1696	105	O	11.09	T	-		
1696	106	O	11.09	G	-		
1696	107	O	11.09	T	-		
1696	108	O	11.09	G	-		
1696	109	O	11.09	T	-		
1697	0	O	8.32	A	-		
1697	1	O	8.32	G	-		
1697	2	O	8.32	G	-		
1697	3	O	8.32	A	-		
1697	4	O	8.32	T	-		
1697	5	O	8.32	A	-		
1697	6	O	8.32	T	-		
1697	7	O	8.32	T	-		
1697	8	O	8.32	G	-		
1697	9	O	8.32	A	-		
1697	10	O	8.32	A	-		
1697	11	O	8.32	A	-		
1697	12	O	8.32	A	-		
1697	13	O	8.32	A	-		
1697	14	O	8.32	A	-		
1697	15	O	8.32	T	-		
1697	16	O	8.32	A	-		
1697	17	O	8.32	A	-		
1697	18	O	8.32	A	-		
1697	19	O	8.32	G	-		
1697	20	O	8.32	A	-		
1697	21	O	8.32	T	-		
1697	22	O	8.32	A	-		
1697	23	O	8.32	A	-		
1697	24	O	8.32	A	-		
1697	25	O	8.32	C	-		
1697	26	O	8.32	A	-		
1697	27	O	8.32	A	-		
1697	28	O	8.32	A	-		
1697	29	O	8.32	A	-		
1697	30	O	8.32	A	-		
1697	31	O	8.32	T	-		
1697	32	O	8.32	T	-		
1697	33	O	8.32	T	-		
1697	34	O	8.32	G	-		
1697	35	O	8.32	T	-		
1697	36	O	8.32	A	-		
1697	37	O	8.32	G	-		
1697	38	O	8.32	C	-		
1697	39	O	8.32	A	-		
1697	40	O	8.32	G	-		
1697	41	O	8.32	A	-		
1697	42	O	8.32	G	-		
1697	43	O	8.32	A	-		
1697	44	O	8.32	T	-		
1697	45	O	8.32	A	-		
1697	46	O	8.32	C	-		
1697	47	O	8.32	A	-		
1697	48	O	8.32	A	-		
1697	49	O	8.32	T	-		
1697	50	O	8.32	G	-		
1697	51	O	8.32	G	-		
1697	52	O	8.32	A	-		
1697	53	O	8.32	A	-		
1697	54	O	8.32	A	-		
1697	55	O	8.32	A	-		
1697	56	O	8.32	T	-		
1697	57	O	8.32	C	-		
1697	58	O	8.32	A	-		
1697	59	O	8.32	A	-		
1697	60	O	8.32	T	-		
1697	61	O	8.32	G	-		
1697	62	O	8.32	T	-		
1697	63	O	8.32	A	-		
1697	64	O	8.32	G	-		
1697	65	O	8.32	A	-		
1697	66	O	8.32	A	-		
1697	67	O	8.32	G	-		
1697	68	O	8.32	G	-		
1697	69	O	8.32	C	-		
1697	70	O	8.32	A	-		
1697	71	O	8.32	T	-		
1697	72	O	8.32	A	-		
1697	73	O	8.32	C	-		
1697	74	O	8.32	A	-		
1697	75	O	8.32	C	-		
1697	76	O	8.32	T	-		
1697	77	O	8.32	C	-		
1697	78	O	8.32	G	-		
1697	79	O	8.32	T	-		
1697	80	O	8.32	G	-		
1697	81	O	8.32	T	-		
1697	82	O	8.32	T	-		
1697	83	O	8.32	T	-		
1697	84	O	8.32	A	-		
1697	85	O	8.32	T	-		
1697	86	O	8.32	G	-		
1697	87	O	8.32	G	-		
1697	88	O	8.32	A	-		
1697	89	O	8.32	T	-		
1697	90	O	8.32	A	-		
1697	91	O	8.32	T	-		
1697	92	O	8.32	G	-		
1697	93	O	8.32	A	-		
1697	94	O	8.32	A	-		
1697	95	O	8.32	T	-		
1697	96	O	8.32	A	-		
1697	97	O	8.32	C	-		
1697	98	O	8.32	T	-		
1697	99	O	8.32	T	-		
1697	100	O	8.32	G	-		
1697	101	O	8.32	T	-		
1697	102	O	8.32	T	-		
1697	103	O	8.32	T	-		
1697	104	O	8.32	T	-		
1697	105	O	8.32	C	-		
1697	106	O	8.32	T	-		
1697	107	O	8.32	A	-		
1697	108	O	8.32	G	-		
1697	109	O	8.32	T	-		
1698	0	O	8.32	A	-		
1698	1	O	8.32	G	-		
1698	2	O	8.32	T	-		
1698	3	O	8.32	T	-		
1698	4	O	8.32	C	-		
1698	5	O	8.32	G	-		
1698	6	O	8.32	T	-		
1698	7	O	8.32	T	-		
1698	8	O	8.32	T	-		
1698	9	O	8.32	G	-		
1698	10	O	8.32	G	-		
1698	11	O	8.32	C	-		
1698	12	O	8.32	C	-		
1698	13	O	8.32	T	-		
1698	14	O	8.32	C	-		
1698	15	O	8.32	A	-		
1698	16	O	8.32	T	-		
1698	17	O	8.32	T	-		
1698	18	O	8.32	C	-		
1698	19	O	8.32	T	-		
1698	20	O	8.32	T	-		
1698	21	O	8.32	G	-		
1698	22	O	8.32	G	-		
1698	23	O	8.32	C	-		
1698	24	O	8.32	G	-		
1698	25	O	8.32	C	-		
1698	26	O	8.32	T	-		
1698	27	O	8.32	T	-		
1698	28	O	8.32	A	-		
1698	29	O	8.32	G	-		
1698	30	O	8.32	C	-		
1698	31	O	8.32	A	-		
1698	32	O	8.32	G	-		
1698	33	O	8.32	C	-		
1698	34	O	8.32	A	-		
1698	35	O	8.32	G	-		
1698	36	O	8.32	A	-		
1698	37	O	8.32	A	-		
1698	38	O	8.32	G	-		
1698	39	O	8.32	C	-		
1698	40	O	8.32	T	-		
1698	41	O	8.32	T	-		
1698	42	O	8.32	T	-		
1698	43	O	8.32	A	-		
1698	44	O	8.32	T	-		
1698	45	O	8.32	G	-		
1698	46	O	8.32	G	-		
1698	47	O	8.32	G	-		
1698	48	O	8.32	A	-		
1698	49	O	8.32	T	-		
1698	50	O	8.32	G	-		
1698	51	O	8.32	C	-		
1698	52	O	8.32	T	-		
1698	53	O	8.32	C	-		
1698	54	O	8.32	G	-		
1698	55	O	8.32	A	-		
1698	56	O	8.32	A	-		
1698	57	O	8.32	T	-		
1698	58	O	8.32	C	-		
1698	59	O	8.32	G	-		
1698	60	O	8.32	G	-		
1698	61	O	8.32	C	-		
1698	62	O	8.32	A	-		
1698	63	O	8.32	C	-		
1698	64	O	8.32	A	-		
1698	65	O	8.32	T	-		
1698	66	O	8.32	C	-		
1698	67	O	8.32	A	-		
1698	68	O	8.32	A	-		
1698	69	O	8.32	A	-		
1698	70	O	8.32	G	-		
1698	71	O	8.32	G	-		
1698	72	O	8.32	C	-		
1698	73	O	8.32	T	-		
1698	74	O	8.32	C	-		
1698	75	O	8.32	C	-		
1698	76	O	8.32	C	-		
1698	77	O	8.32	A	-		
1698	78	O	8.32	T	-		
1698	79	O	8.32	T	-		
1698	80	O	8.32	T	-		
1698	81	O	8.32	G	-		
1698	82	O	8.32	T	-		
1698	83	O	8.32	T	-		
1698	84	O	8.32	G	-		
1698	85	O	8.32	G	-		
1698	86	O	8.32	C	-		
1698	87	O	8.32	T	-		
1698	88	O	8.32	T	-		
1698	89	O	8.32	C	-		
1698	90	O	8.32	C	-		
1698	91	O	8.32	C	-		
1698	92	O	8.32	T	-		
1698	93	O	8.32	C	-		
1698	94	O	8.32	T	-		
1698	95	O	8.32	C	-		
1698	96	O	8.32	C	-		
1698	97	O	8.32	A	-		
1698	98	O	8.32	C	-		
1698	99	O	8.32	A	-		
1698	100	O	8.32	G	-		
1698	101	O	8.32	C	-		
1698	102	O	8.32	T	-		
1698	103	O	8.32	A	-		
1698	104	O	8.32	T	-		
1698	105	O	8.32	C	-		
1698	106	O	8.32	A	-		
1698	107	O	8.32	T	-		
1698	108	O	8.32	C	-		
1698	109	O	8.32	T	-		
1699	0	O	8.32	G	-		
1699	1	O	8.32	C	-		
1699	2	O	8.32	G	-		
1699	3	O	8.32	C	-		
1699	4	O	8.32	G	-		
1699	5	O	8.32	G	-		
1699	6	O	8.32	G	-		
1699	7	O	8.32	C	-		
1699	8	O	8.32	C	-		
1699	9	O	8.32	C	-		
1699	10	O	8.32	A	-		
1699	11	O	8.32	G	-		
1699	12	O	8.32	G	-		
1699	13	O	8.32	C	-		
1699	14	O	8.32	G	-		
1699	15	O	8.32	A	-		
1699	16	O	8.32	T	-		
1699	17	O	8.32	C	-		
1699	18	O	8.32	T	-		
1699	19	O	8.32	G	-		
1699	20	O	8.32	C	-		
1699	21	O	8.32	C	-		
1699	22	O	8.32	T	-		
1699	23	O	8.32	G	-		
1699	24	O	8.32	G	-		
1699	25	O	8.32	A	-		
1699	26	O	8.32	C	-		
1699	27	O	8.32	T	-		
1699	28	O	8.32	G	-		
1699	29	O	8.32	G	-		
1699	30	O	8.32	A	-		
1699	31	O	8.32	A	-		
1699	32	O	8.32	G	-		
1699	33	O	8.32	T	-		
1699	34	O	8.32	T	-		
1699	35	O	8.32	C	-		
1699	36	O	8.32	T	-		
1699	37	O	8.32	T	-		
1699	38	U	0.71	A	C		
1699	39	O	8.32	A	-		
1699	40	O	8.32	G	-		
1699	41	O	8.32	G	-		
1699	42	O	8.32	A	-		
1699	43	O	8.32	T	-		
1699	44	O	8.32	G	-		
1699	45	O	8.32	G	-		
1699	46	O	8.32	C	-		
1699	47	O	8.32	A	-		
1699	48	O	8.32	T	-		
1699	49	O	8.32	C	-		
1699	50	O	8.32	G	-		
1699	51	O	8.32	G	-		
1699	52	O	8.32	G	-		
1699	53	O	8.32	G	-		
1699	54	O	8.32	C	-		
1699	55	O	8.32	C	-		
1699	56	O	8.32	G	-		
1699	57	O	8.32	G	-		
1699	58	O	8.32	C	-		
1699	59	O	8.32	G	-		
1699	60	O	8.32	T	-		
1699	61	O	8.32	T	-		
1699	62	O	8.32	G	-		
1699	63	O	8.32	A	-		
1699	64	O	8.32	C	-		
1699	65	O	8.32	G	-		
1699	66	O	8.32	A	-		
1699	67	O	8.32	G	-		
1699	68	O	8.32	G	-		
1699	69	O	8.32	T	-		
1699	70	O	8.32	C	-		
1699	71	O	8.32	C	-		
1699	72	O	8.32	T	-		
1699	73	O	8.32	T	-		
1699	74	O	8.32	G	-		
1699	75	O	8.32	T	-		
1699	76	O	8.32	T	-		
1699	77	O	8.32	G	-		
1699	78	O	8.32	T	-		
1699	79	O	8.32	A	-		
1699	80	O	8.32	G	-		
1699	81	O	8.32	G	-		
1699	82	O	8.32	T	-		
1699	83	O	8.32	C	-		
1699	84	O	8.32	A	-		
1699	85	O	8.32	T	-		
1699	86	O	8.32	G	-		
1699	87	O	8.32	G	-		
1699	88	O	8.32	G	-		
1699	89	O	8.32	G	-		
1699	90	O	8.32	T	-		
1699	91	O	8.32	A	-		
1699	92	O	8.32	G	-		
1699	93	O	8.32	T	-		
1699	94	O	8.32	C	-		
1699	95	O	8.32	C	-		
1699	96	O	8.32	T	-		
1699	97	O	8.32	C	-		
1699	98	O	8.32	G	-		
1699	99	O	8.32	A	-		
1699	100	O	8.32	A	-		
1699	101	O	8.32	G	-		
1699	102	O	8.32	T	-		
1699	103	O	8.32	T	-		
1699	104	O	8.32	G	-		
1699	105	O	8.32	G	-		
1699	106	O	8.32	C	-		
1699	107	O	8.32	G	-		
1699	108	O	8.32	A	-		
1699	109	O	8.32	A	-		
1700	0	O	19.41	C	-		
1700	1	O	19.41	T	-		
1700	2	O	19.41	G	-		
1700	3	O	19.41	G	-		
1700	4	O	19.41	C	-		
1700	5	O	19.41	G	-		
1700	6	O	19.41	G	-		
1700	7	O	19.41	C	-		
1700	8	O	19.41	C	-		
1700	9	O	19.41	G	-		
1700	10	O	19.41	T	-		
1700	11	O	19.41	C	-		
1700	12	O	19.41	T	-		
1700	13	O	19.41	G	-		
1700	14	O	19.41	G	-		
1700	15	O	19.41	C	-		
1700	16	O	19.41	C	-		
1700	17	O	19.41	C	-		
1700	18	O	19.41	C	-		
1700	19	O	19.41	T	-		
1700	20	O	19.41	C	-		
1700	21	O	19.41	G	-		
1700	22	O	19.41	C	-		
1700	23	O	19.41	G	-		
1700	24	O	19.41	G	-		
1700	25	O	19.41	G	-		
1700	26	O	19.41	C	-		
1700	27	O	19.41	G	-		
1700	28	O	19.41	C	-		
1700	29	O	19.41	C	-		
1700	30	O	19.41	T	-		
1700	31	O	19.41	C	-		
1700	32	O	19.41	T	-		
1700	33	O	19.41	T	-		
1700	34	O	19.41	C	-		
1700	35	O	19.41	C	-		
1700	36	O	19.41	G	-		
1700	37	O	19.41	C	-		
1700	38	O	19.41	C	-		
1700	39	O	19.41	C	-		
1700	40	O	19.41	G	-		
1700	41	O	19.41	C	-		
1700	42	O	19.41	C	-		
1700	43	O	19.41	A	-		
1700	44	O	19.41	C	-		
1700	45	O	19.41	G	-		
1700	46	O	19.41	C	-		
1700	47	O	19.41	C	-		
1700	48	O	19.41	C	-		
1700	49	O	19.41	A	-		
1700	50	O	19.41	C	-		
1700	51	O	19.41	T	-		
1700	52	O	19.41	T	-		
1700	53	O	19.41	C	-		
1700	54	O	19.41	C	-		
1700	55	O	19.41	G	-		
1700	56	O	19.41	T	-		
1700	57	O	19.41	C	-		
1700	58	O	19.41	C	-		
1700	59	O	19.41	G	-		
1700	60	O	19.41	T	-		
1700	61	O	19.41	G	-		
1700	62	O	19.41	C	-		
1700	63	O	19.41	T	-		
1700	64	O	19.41	G	-		
1700	65	O	19.41	C	-		
1700	66	O	19.41	C	-		
1700	67	O	19.41	G	-		
1700	68	O	19.41	G	-		
1700	69	O	19.41	C	-		
1700	70	O	19.41	G	-		
1700	71	O	19.41	C	-		
1700	72	O	19.41	C	-		
1700	73	O	19.41	A	-		
1700	74	O	19.41	A	-		
1700	75	O	19.41	T	-		
1700	76	O	19.41	G	-		
1700	77	O	19.41	T	-		
1700	78	O	19.41	T	-		
1700	79	O	19.41	G	-		
1700	80	O	19.41	T	-		
1700	81	O	19.41	C	-		
1700	82	O	19.41	G	-		
1700	83	O	19.41	C	-		
1700	84	O	19.41	G	-		
1700	85	O	19.41	C	-		
1700	86	O	19.41	G	-		
1700	87	O	19.41	C	-		
1700	88	O	19.41	T	-		
1700	89	O	19.41	G	-		
1700	90	O	19.41	G	-		
1700	91	O	19.41	C	-		
1700	92	O	19.41	C	-		
1700	93	O	19.41	G	-		
1700	94	O	19.41	G	-		
1700	95	O	19.41	C	-		
1700	96	O	19.41	C	-		
1700	97	O	19.41	G	-		
1700	98	O	19.41	A	-		
1700	99	O	19.41	G	-		
1700	100	O	19.41	G	-		
1700	101	O	19.41	A	-		
1700	102	O	19.41	A	-		
1700	103	O	19.41	A	-		
1700	104	O	19.41	G	-		
1700	105	O	19.41	G	-		
1700	106	O	19.41	T	-		
1700	107	O	19.41	T	-		
1700	108	O	19.41	T	-		
1700	109	O	19.41	G	-		
1701	0	O	12.48	C	-		
1701	1	O	12.48	A	-		
1701	2	O	12.48	C	-		
1701	3	O	12.48	G	-		
1701	4	O	12.48	G	-		
1701	5	O	12.48	A	-		
1701	6	O	12.48	C	-		
1701	7	O	12.48	C	-		
1701	8	O	12.48	T	-		
1701	9	O	12.48	T	-		
1701	10	O	12.48	T	-		
1701	11	O	12.48	C	-		
1701	12	O	12.48	T	-		
1701	13	O	12.48	A	-		
1701	14	O	12.48	G	-		
1701	15	O	12.48	A	-		
1701	16	O	12.48	A	-		
1701	17	O	12.48	G	-		
1701	18	O	12.48	A	-		
1701	19	O	12.48	G	-		
1701	20	O	12.48	C	-		
1701	21	O	12.48	T	-		
1701	22	O	12.48	T	-		
1701	23	O	12.48	T	-		
1701	24	O	4.00	C	-		
1701	25	O	12.48	A	-		
1701	26	O	12.48	A	-		
1701	27	O	12.48	G	-		
1701	28	O	12.48	G	-		
1701	29	O	12.48	G	-		
1701	30	O	12.48	C	-		
1701	31	O	12.48	G	-		
1701	32	O	12.48	A	-		
1701	33	O	12.48	G	-		
1701	34	O	12.48	C	-		
1701	35	O	12.48	C	-		
1701	36	O	12.48	A	-		
1701	37	O	12.48	A	-		
1701	38	O	12.48	G	-		
1701	39	O	12.48	A	-		
1701	40	O	12.48	G	-		
1701	41	O	12.48	G	-		
1701	42	O	12.48	C	-		
1701	43	O	12.48	T	-		
1701	44	O	12.48	T	-		
1701	45	O	12.48	C	-		
1701	46	O	12.48	T	-		
1701	47	O	12.48	A	-		
1701	48	O	12.48	A	-		
1701	49	O	12.48	T	-		
1701	50	O	12.48	G	-		
1701	51	O	12.48	G	-		
1701	52	O	12.48	A	-		
1701	53	O	12.48	C	-		
1701	54	O	12.48	C	-		
1701	55	O	12.48	T	-		
1701	56	O	12.48	C	-		
1701	57	O	12.48	T	-		
1701	58	O	12.48	T	-		
1701	59	O	12.48	T	-		
1701	60	O	12.48	A	-		
1701	61	O	12.48	C	-		
1701	62	O	12.48	C	-		
1701	63	O	12.48	C	-		
1701	64	O	12.48	G	-		
1701	65	O	12.48	A	-		
1701	66	O	12.48	G	-		
1701	67	O	12.48	A	-		
1701	68	O	12.48	A	-		
1701	69	O	12.48	G	-		
1701	70	O	12.48	G	-		
1701	71	O	12.48	A	-		
1701	72	O	12.48	G	-		
1701	73	O	12.48	G	-		
1701	74	O	12.48	G	-		
1701	75	O	12.48	A	-		
1701	76	O	12.48	T	-		
1701	77	O	12.48	T	-		
1701	78	O	12.48	G	-		
1701	79	O	12.48	C	-		
1701	80	O	12.48	A	-		
1701	81	O	12.48	T	-		
1701	82	O	4.00	A	-		
1701	83	O	12.48	A	-		
1701	84	O	12.48	T	-		
1701	85	O	12.48	C	-		
1701	86	O	12.48	G	-		
1701	87	O	12.48	G	-		
1701	88	O	12.48	G	-		
1701	89	O	12.48	T	-		
1701	90	O	12.48	T	-		
1701	91	O	12.48	T	-		
1701	92	O	12.48	G	-		
1701	93	O	12.48	T	-		
1701	94	O	12.48	C	-		
1701	95	O	12.48	C	-		
1701	96	O	12.48	G	-		
1701	97	O	12.48	T	-		
1701	98	O	12.48	T	-		
1701	99	O	12.48	G	-		
1701	100	O	12.48	G	-		
1701	101	O	12.48	A	-		
1701	102	O	12.48	A	-		
1701	103	O	12.48	C	-		
1701	104	O	12.48	C	-		
1701	105	O	12.48	T	-		
1701	106	O	12.48	T	-		
1701	107	O	12.48	G	-		
1701	108	O	12.48	T	-		
1701	109	O	12.48	T	-		
1702	0	O	6.93	G	-		
1702	1	O	6.93	G	-		
1702	2	O	6.93	C	-		
1702	3	O	6.93	C	-		
1702	4	O	6.93	G	-		
1702	5	O	6.93	C	-		
1702	6	O	6.93	C	-		
1702	7	O	6.93	C	-		
1702	8	O	6.93	A	-		
1702	9	O	6.93	A	-		
1702	10	O	6.93	T	-		
1702	11	O	6.93	G	-		
1702	12	O	6.93	G	-		
1702	13	O	6.93	A	-		
1702	14	O	6.93	C	-		
1702	15	O	6.93	T	-		
1702	16	O	6.93	C	-		
1702	17	O	6.93	A	-		
1702	18	O	6.93	C	-		
1702	19	O	6.93	C	-		
1702	20	O	6.93	T	-		
1702	21	O	6.93	G	-		
1702	22	O	6.93	C	-		
1702	23	O	6.93	G	-		
1702	24	O	6.93	T	-		
1702	25	O	6.93	C	-		
1702	26	O	6.93	C	-		
1702	27	O	6.93	G	-		
1702	28	O	6.93	T	-		
1702	29	O	6.93	T	-		
1702	30	O	6.93	C	-		
1702	31	O	6.93	G	-		
1702	32	O	6.93	C	-		
1702	33	O	6.93	T	-		
1702	34	O	6.93	T	-		
1702	35	O	6.93	G	-		
1702	36	O	6.93	T	-		
1702	37	O	6.93	G	-		
1702	38	O	6.93	T	-		
1702	39	O	6.93	C	-		
1702	40	O	6.93	G	-		
1702	41	O	6.93	T	-		
1702	42	O	6.93	C	-		
1702	43	O	6.93	G	-		
1702	44	O	6.93	C	-		
1702	45	O	6.93	C	-		
1702	46	O	6.93	G	-		
1702	47	O	6.93	T	-		
1702	48	O	6.93	T	-		
1702	49	O	6.93	T	-		
1702	50	O	6.93	C	-		
1702	51	O	6.93	C	-		
1702	52	O	6.93	G	-		
1702	53	O	6.93	T	-		
1702	54	O	6.93	C	-		
1702	55	O	6.93	C	-		
1702	56	O	6.93	G	-		
1702	57	O	6.93	A	-		
1702	58	O	6.93	A	-		
1702	59	O	6.93	C	-		
1702	60	O	6.93	T	-		
1702	61	O	6.93	C	-		
1702	62	O	6.93	C	-		
1702	63	O	6.93	T	-		
1702	64	O	6.93	A	-		
1702	65	O	6.93	A	-		
1702	66	O	6.93	T	-		
1702	67	O	6.93	A	-		
1702	68	O	6.93	A	-		
1702	69	O	6.93	T	-		
1702	70	O	6.93	C	-		
1702	71	O	6.93	G	-		
1702	72	O	6.93	T	-		
1702	73	O	6.93	C	-		
1702	74	O	6.93	G	-		
1702	75	O	6.93	C	-		
1702	76	O	6.93	C	-		
1702	77	O	6.93	A	-		
1702	78	O	6.93	G	-		
1702	79	O	6.93	T	-		
1702	80	O	6.93	G	-		
1702	81	O	6.93	C	-		
1702	82	O	6.93	A	-		
1702	83	O	6.93	T	-		
1702	84	O	6.93	C	-		
1702	85	O	6.93	T	-		
1702	86	O	6.93	G	-		
1702	87	O	6.93	T	-		
1702	88	O	6.93	T	-		
1702	89	O	6.93	T	-		
1702	90	O	6.93	G	-		
1702	91	O	6.93	T	-		
1702	92	O	6.93	T	-		
1702	93	O	6.93	T	-		
1702	94	O	6.93	G	-		
1702	95	O	6.93	T	-		
1702	96	O	6.93	A	-		
1702	97	O	6.93	C	-		
1702	98	O	6.93	G	-		
1702	99	O	6.93	T	-		
1702	100	O	6.93	C	-		
1702	101	O	6.93	C	-		
1702	102	O	6.93	G	-		
1702	103	O	6.93	T	-		
1702	104	O	6.93	C	-		
1702	105	O	6.93	C	-		
1702	106	O	6.93	G	-		
1702	107	O	6.93	C	-		
1702	108	O	6.93	C	-		
1702	109	O	6.93	T	-		
1703	0	O	5.55	T	-		
1703	1	O	5.55	G	-		
1703	2	O	5.55	A	-		
1703	3	O	5.55	G	-		
1703	4	O	5.55	C	-		
1703	5	O	5.55	C	-		
1703	6	O	5.55	G	-		
1703	7	O	5.55	G	-		
1703	8	O	5.55	A	-		
1703	9	O	5.55	G	-		
1703	10	O	5.55	G	-		
1703	11	O	5.55	A	-		
1703	12	O	5.55	A	-		
1703	13	O	5.55	G	-		
1703	14	O	5.55	G	-		
1703	15	O	5.55	C	-		
1703	16	O	5.55	C	-		
1703	17	O	5.55	G	-		
1703	18	O	5.55	T	-		
1703	19	O	5.55	G	-		
1703	20	O	5.55	C	-		
1703	21	O	5.55	G	-		
1703	22	O	5.55	G	-		
1703	23	O	5.55	G	-		
1703	24	O	5.55	C	-		
1703	25	O	5.55	G	-		
1703	26	O	5.55	C	-		
1703	27	O	5.55	C	-		
1703	28	O	5.55	G	-		
1703	29	O	5.55	T	-		
1703	30	O	5.55	A	-		
1703	31	O	5.55	A	-		
1703	32	O	5.55	G	-		
1703	33	O	5.55	T	-		
1703	34	O	5.55	G	-		
1703	35	O	5.55	C	-		
1703	36	O	5.55	T	-		
1703	37	O	5.55	G	-		
1703	38	O	5.55	C	-		
1703	39	O	5.55	T	-		
1703	40	O	5.55	T	-		
1703	41	O	5.55	G	-		
1703	42	O	5.55	C	-		
1703	43	O	5.55	C	-		
1703	44	O	5.55	A	-		
1703	45	O	5.55	G	-		
1703	46	O	5.55	C	-		
1703	47	O	5.55	G	-		
1703	48	O	5.55	G	-		
1703	49	O	5.55	A	-		
1703	50	O	5.55	G	-		
1703	51	O	5.55	T	-		
1703	52	O	5.55	C	-		
1703	53	O	5.55	A	-		
1703	54	O	5.55	C	-		
1703	55	O	5.55	T	-		
1703	56	O	5.55	A	-		
1703	57	O	5.55	T	-		
1703	58	O	5.55	C	-		
1703	59	O	5.55	G	-		
1703	60	O	5.55	C	-		
1703	61	O	5.55	C	-		
1703	62	O	5.55	G	-		
1703	63	O	5.55	G	-		
1703	64	O	5.55	C	-		
1703	65	O	5.55	C	-		
1703	66	O	5.55	G	-		
1703	67	O	5.55	G	-		
1703	68	O	5.55	C	-		
1703	69	O	5.55	T	-		
1703	70	O	5.55	G	-		
1703	71	O	5.55	G	-		
1703	72	O	5.55	C	-		
1703	73	O	5.55	C	-		
1703	74	O	5.55	A	-		
1703	75	O	5.55	G	-		
1703	76	O	5.55	C	-		
1703	77	O	5.55	C	-		
1703	78	O	5.55	C	-		
1703	79	O	5.55	G	-		
1703	80	O	5.55	A	-		
1703	81	O	5.55	C	-		
1703	82	O	5.55	T	-		
1703	83	O	5.55	G	-		
1703	84	O	5.55	A	-		
1703	85	O	5.55	T	-		
1703	86	O	5.55	C	-		
1703	87	O	5.55	C	-		
1703	88	O	5.55	G	-		
1703	89	O	5.55	A	-		
1703	90	O	5.55	C	-		
1703	91	O	5.55	T	-		
1703	92	O	5.55	C	-		
1703	93	O	5.55	G	-		
1703	94	O	5.55	T	-		
1703	95	O	5.55	C	-		
1703	96	O	5.55	T	-		
1703	97	O	5.55	G	-		
1703	98	O	5.55	G	-		
1703	99	O	5.55	C	-		
1703	100	O	5.55	T	-		
1703	101	O	5.55	G	-		
1703	102	O	5.55	G	-		
1703	103	O	5.55	C	-		
1703	104	O	5.55	C	-		
1703	105	O	5.55	G	-		
1703	106	O	5.55	A	-		
1703	107	O	5.55	C	-		
1703	108	O	5.55	G	-		
1703	109	O	5.55	A	-		
1704	0	O	5.55	C	-		
1704	1	O	5.55	T	-		
1704	2	O	5.55	T	-		
1704	3	O	5.55	G	-		
1704	4	O	5.55	G	-		
1704	5	O	5.55	A	-		
1704	6	O	5.55	C	-		
1704	7	O	5.55	A	-		
1704	8	O	5.55	T	-		
1704	9	O	5.55	G	-		
1704	10	O	5.55	G	-		
1704	11	O	5.55	G	-		
1704	12	O	5.55	C	-		
1704	13	O	5.55	T	-		
1704	14	O	5.55	A	-		
1704	15	O	5.55	G	-		
1704	16	O	5.55	G	-		
1704	17	O	5.55	C	-		
1704	18	O	5.55	A	-		
1704	19	O	5.55	G	-		
1704	20	O	5.55	C	-		
1704	21	O	5.55	C	-		
1704	22	O	5.55	A	-		
1704	23	O	5.55	A	-		
1704	24	O	5.55	T	-		
1704	25	O	5.55	G	-		
1704	26	O	5.55	A	-		
1704	27	O	5.55	C	-		
1704	28	O	5.55	A	-		
1704	29	O	5.55	C	-		
1704	30	O	5.55	T	-		
1704	31	O	5.55	C	-		
1704	32	O	5.55	C	-		
1704	33	O	5.55	T	-		
1704	34	O	5.55	G	-		
1704	35	O	5.55	T	-		
1704	36	O	5.55	G	-		
1704	37	O	5.55	G	-		
1704	38	O	5.55	G	-		
1704	39	O	5.55	T	-		
1704	40	O	5.55	C	-		
1704	41	O	5.55	A	-		
1704	42	O	5.55	G	-		
1704	43	O	5.55	A	-		
1704	44	O	5.55	T	-		
1704	45	O	5.55	T	-		
1704	46	O	5.55	T	-		
1704	47	O	5.55	T	-		
1704	48	O	5.55	T	-		
1704	49	O	5.55	T	-		
1704	50	O	5.55	C	-		
1704	51	O	5.55	G	-		
1704	52	O	5.55	T	-		
1704	53	O	5.55	G	-		
1704	54	O	5.55	T	-		
1704	55	O	5.55	G	-		
1704	56	O	5.55	G	-		
1704	57	O	5.55	C	-		
1704	58	O	5.55	T	-		
1704	59	O	5.55	T	-		
1704	60	O	5.55	G	-		
1704	61	O	5.55	T	-		
1704	62	O	5.55	G	-		
1704	63	O	5.55	T	-		
1704	64	O	5.55	T	-		
1704	65	O	5.55	T	-		
1704	66	O	5.55	G	-		
1704	67	O	5.55	G	-		
1704	68	O	5.55	T	-		
1704	69	O	5.55	T	-		
1704	70	O	5.55	T	-		
1704	71	O	5.55	G	-		
1704	72	O	5.55	G	-		
1704	73	O	5.55	G	-		
1704	74	O	5.55	C	-		
1704	75	O	5.55	T	-		
1704	76	O	5.55	C	-		
1704	77	O	5.55	C	-		
1704	78	O	5.55	C	-		
1704	79	O	5.55	A	-		
1704	80	O	5.55	C	-		
1704	81	O	5.55	A	-		
1704	82	O	5.55	G	-		
1704	83	O	5.55	A	-		
1704	84	O	5.55	G	-		
1704	85	O	5.55	C	-		
1704	86	O	5.55	G	-		
1704	87	O	5.55	G	-		
1704	88	O	5.55	T	-		
1704	89	O	5.55	A	-		
1704	90	O	5.55	C	-		
1704	91	O	5.55	T	-		
1704	92	O	5.55	T	-		
1704	93	O	5.55	A	-		
1704	94	O	5.55	T	-		
1704	95	O	5.55	G	-		
1704	96	O	5.55	G	-		
1704	97	O	5.55	G	-		
1704	98	O	5.55	T	-		
1704	99	O	5.55	A	-		
1704	100	O	5.55	G	-		
1704	101	O	5.55	T	-		
1704	102	O	5.55	T	-		
1704	103	O	5.55	A	-		
1704	104	O	5.55	T	-		
1704	105	O	5.55	G	-		
1704	106	O	5.55	C	-		
1704	107	O	5.55	T	-		
1704	108	O	5.55	A	-		
1704	109	O	5.55	A	-		
1705	0	O	8.32	T	-		
1705	1	O	8.32	G	-		
1705	2	O	8.32	G	-		
1705	3	O	8.32	G	-		
1705	4	O	8.32	T	-		
1705	5	O	8.32	A	-		
1705	6	O	8.32	C	-		
1705	7	O	8.32	A	-		
1705	8	O	8.32	T	-		
1705	9	O	8.32	A	-		
1705	10	O	8.32	G	-		
1705	11	O	8.32	C	-		
1705	12	O	8.32	T	-		
1705	13	O	8.32	T	-		
1705	14	O	8.32	C	-		
1705	15	O	8.32	T	-		
1705	16	O	8.32	G	-		
1705	17	O	8.32	G	-		
1705	18	O	8.32	A	-		
1705	19	O	8.32	A	-		
1705	20	O	8.32	C	-		
1705	21	O	8.32	T	-		
1705	22	O	8.32	C	-		
1705	23	O	8.32	G	-		
1705	24	O	8.32	G	-		
1705	25	O	8.32	G	-		
1705	26	O	8.32	G	-		
1705	27	O	8.32	T	-		
1705	28	O	8.32	A	-		
1705	29	O	8.32	T	-		
1705	30	O	8.32	G	-		
1705	31	O	8.32	T	-		
1705	32	O	8.32	G	-		
1705	33	O	8.32	C	-		
1705	34	O	8.32	G	-		
1705	35	O	8.32	A	-		
1705	36	O	8.32	C	-		
1705	37	O	8.32	G	-		
1705	38	O	8.32	G	-		
1705	39	O	8.32	A	-		
1705	40	O	8.32	T	-		
1705	41	O	8.32	G	-		
1705	42	O	8.32	T	-		
1705	43	O	8.32	C	-		
1705	44	O	8.32	A	-		
1705	45	O	8.32	C	-		
1705	46	O	8.32	G	-		
1705	47	O	8.32	G	-		
1705	48	O	8.32	A	-		
1705	49	O	8.32	A	-		
1705	50	O	8.32	T	-		
1705	51	O	8.32	T	-		
1705	52	O	8.32	G	-		
1705	53	O	8.32	G	-		
1705	54	O	8.32	G	-		
1705	55	O	8.32	T	-		
1705	56	O	8.32	G	-		
1705	57	O	8.32	G	-		
1705	58	O	8.32	T	-		
1705	59	O	8.32	T	-		
1705	60	O	8.32	C	-		
1705	61	O	8.32	G	-		
1705	62	O	8.32	G	-		
1705	63	O	8.32	A	-		
1705	64	O	8.32	A	-		
1705	65	O	8.32	T	-		
1705	66	O	8.32	T	-		
1705	67	O	8.32	T	-		
1705	68	O	8.32	G	-		
1705	69	O	8.32	G	-		
1705	70	O	8.32	G	-		
1705	71	O	8.32	G	-		
1705	72	O	8.32	A	-		
1705	73	O	8.32	G	-		
1705	74	O	8.32	A	-		
1705	75	O	8.32	T	-		
1705	76	O	8.32	T	-		
1705	77	O	8.32	T	-		
1705	78	O	8.32	G	-		
1705	79	O	8.32	T	-		
1705	80	O	8.32	C	-		
1705	81	O	8.32	T	-		
1705	82	O	8.32	G	-		
1705	83	O	8.32	A	-		
1705	84	O	8.32	G	-		
1705	85	O	8.32	T	-		
1705	86	O	8.32	G	-		
1705	87	O	8.32	A	-		
1705	88	O	8.32	T	-		
1705	89	O	8.32	C	-		
1705	90	O	8.32	G	-		
1705	91	O	8.32	T	-		
1705	92	O	8.32	G	-		
1705	93	O	8.32	A	-		
1705	94	O	8.32	G	-		
1705	95	O	8.32	C	-		
1705	96	O	8.32	A	-		
1705	97	O	8.32	T	-		
1705	98	O	8.32	G	-		
1705	99	O	8.32	T	-		
1705	100	O	8.32	T	-		
1705	101	O	8.32	G	-		
1705	102	O	8.32	T	-		
1705	103	O	8.32	A	-		
1705	104	O	8.32	G	-		
1705	105	O	8.32	G	-		
1705	106	O	8.32	A	-		
1705	107	O	8.32	A	-		
1705	108	O	8.32	T	-		
1705	109	O	8.32	A	-		
1706	0	O	13.86	A	-		
1706	1	O	13.86	T	-		
1706	2	O	13.86	C	-		
1706	3	O	13.86	T	-		
1706	4	O	13.86	C	-		
1706	5	O	13.86	G	-		
1706	6	O	13.86	C	-		
1706	7	O	13.86	C	-		
1706	8	O	13.86	G	-		
1706	9	O	13.86	C	-		
1706	10	O	13.86	G	-		
1706	11	O	13.86	G	-		
1706	12	O	13.86	A	-		
1706	13	O	13.86	A	-		
1706	14	O	13.86	G	-		
1706	15	O	13.86	G	-		
1706	16	O	13.86	G	-		
1706	17	O	13.86	G	-		
1706	18	O	13.86	C	-		
1706	19	O	13.86	G	-		
1706	20	O	13.86	G	-		
1706	21	O	13.86	A	-		
1706	22	O	13.86	A	-		
1706	23	O	13.86	G	-		
1706	24	O	13.86	A	-		
1706	25	O	13.86	C	-		
1706	26	O	13.86	G	-		
1706	27	O	13.86	A	-		
1706	28	O	13.86	T	-		
1706	29	O	13.86	C	-		
1706	30	O	13.86	A	-		
1706	31	O	13.86	T	-		
1706	32	O	13.86	G	-		
1706	33	O	13.86	C	-		
1706	34	O	13.86	G	-		
1706	35	O	13.86	G	-		
1706	36	O	13.86	A	-		
1706	37	O	13.86	A	-		
1706	38	O	13.86	G	-		
1706	39	O	13.86	T	-		
1706	40	O	13.86	C	-		
1706	41	O	13.86	G	-		
1706	42	O	13.86	A	-		
1706	43	O	13.86	C	-		
1706	44	O	13.86	G	-		
1706	45	O	13.86	T	-		
1706	46	O	13.86	T	-		
1706	47	O	13.86	T	-		
1706	48	O	13.86	A	-		
1706	49	O	13.86	C	-		
1706	50	O	13.86	G	-		
1706	51	O	13.86	T	-		
1706	52	O	13.86	T	-		
1706	53	O	13.86	G	-		
1706	54	O	13.86	A	-		
1706	55	O	13.86	C	-		
1706	56	O	13.86	G	-		
1706	57	O	13.86	A	-		
1706	58	O	13.86	T	-		
1706	59	O	13.86	G	-		
1706	60	O	13.86	C	-		
1706	61	O	13.86	C	-		
1706	62	O	13.86	G	-		
1706	63	O	13.86	T	-		
1706	64	O	13.86	T	-		
1706	65	O	13.86	G	-		
1706	66	O	13.86	C	-		
1706	67	O	13.86	C	-		
1706	68	O	13.86	G	-		
1706	69	O	13.86	T	-		
1706	70	O	13.86	G	-		
1706	71	O	13.86	G	-		
1706	72	O	13.86	C	-		
1706	73	O	13.86	C	-		
1706	74	O	13.86	G	-		
1706	75	O	13.86	A	-		
1706	76	O	13.86	T	-		
1706	77	O	13.86	C	-		
1706	78	O	13.86	A	-		
1706	79	O	13.86	G	-		
1706	80	O	13.86	G	-		
1706	81	O	13.86	C	-		
1706	82	O	13.86	C	-		
1706	83	E	-8.39	T	C		
1706	84	O	13.86	T	-		
1706	85	O	13.86	C	-		
1706	86	O	13.86	G	-		
1706	87	O	13.86	G	-		
1706	88	O	13.86	A	-		
1706	89	O	13.86	G	-		
1706	90	O	13.86	C	-		
1706	91	O	13.86	A	-		
1706	92	E	-8.39	G	C		
1706	93	O	13.86	G	-		
1706	94	O	13.86	A	-		
1706	95	O	13.86	G	-		
1706	96	O	13.86	A	-		
1706	97	O	13.86	T	-		
1706	98	E	-8.39	C	G		
1706	99	O	5.16	A	-		
1706	100	O	13.86	G	-		
1706	101	O	13.86	T	-		
1706	102	O	13.86	G	-		
1706	103	O	13.86	A	-		
1706	104	O	13.86	G	-		
1706	105	O	13.86	T	-		
1706	106	O	13.86	G	-		
1706	107	O	13.86	G	-		
1706	108	O	13.86	A	-		
1706	109	O	13.86	A	-		
1707	0	O	12.48	C	-		
1707	1	O	12.48	G	-		
1707	2	O	12.48	G	-		
1707	3	O	12.48	A	-		
1707	4	O	12.48	T	-		
1707	5	O	12.48	A	-		
1707	6	O	12.48	C	-		
1707	7	O	12.48	C	-		
1707	8	O	12.48	A	-		
1707	9	O	12.48	C	-		
1707	10	O	12.48	T	-		
1707	11	O	12.48	G	-		
1707	12	O	12.48	G	-		
1707	13	O	12.48	T	-		
1707	14	O	12.48	A	-		
1707	15	O	12.48	G	-		
1707	16	O	12.48	G	-		
1707	17	O	12.48	T	-		
1707	18	O	12.48	G	-		
1707	19	O	12.48	T	-		
1707	20	O	12.48	T	-		
1707	21	O	12.48	G	-		
1707	22	O	12.48	A	-		
1707	23	O	12.48	T	-		
1707	24	O	12.48	C	-		
1707	25	O	12.48	A	-		
1707	26	O	12.48	G	-		
1707	27	O	12.48	T	-		
1707	28	O	4.00	C	-		
1707	29	O	12.48	C	-		
1707	30	O	12.48	G	-		
1707	31	O	12.48	A	-		
1707	32	O	12.48	T	-		
1707	33	O	12.48	C	-		
1707	34	O	12.48	A	-		
1707	35	O	12.48	C	-		
1707	36	O	12.48	G	-		
1707	37	O	12.48	G	-		
1707	38	O	12.48	G	-		
1707	39	O	12.48	C	-		
1707	40	O	12.48	T	-		
1707	41	O	12.48	C	-		
1707	42	O	12.48	C	-		
1707	43	O	12.48	A	-		
1707	44	O	12.48	G	-		
1707	45	O	12.48	G	-		
1707	46	O	12.48	A	-		
1707	47	O	12.48	G	-		
1707	48	O	12.48	G	-		
1707	49	O	12.48	G	-		
1707	50	O	12.48	C	-		
1707	51	O	12.48	G	-		
1707	52	O	12.48	C	-		
1707	53	O	12.48	T	-		
1707	54	O	12.48	C	-		
1707	55	O	12.48	G	-		
1707	56	O	12.48	A	-		
1707	57	O	12.48	C	-		
1707	58	O	12.48	A	-		
1707	59	O	12.48	C	-		
1707	60	O	12.48	C	-		
1707	61	O	12.48	A	-		
1707	62	O	12.48	G	-		
1707	63	O	12.48	A	-		
1707	64	O	12.48	A	-		
1707	65	O	12.48	G	-		
1707	66	O	12.48	G	-		
1707	67	O	12.48	G	-		
1707	68	O	12.48	C	-		
1707	69	O	12.48	G	-		
1707	70	O	12.48	A	-		
1707	71	O	12.48	T	-		
1707	72	O	12.48	G	-		
1707	73	O	12.48	G	-		
1707	74	O	12.48	A	-		
1707	75	O	12.48	T	-		
1707	76	O	12.48	G	-		
1707	77	O	12.48	C	-		
1707	78	O	12.48	G	-		
1707	79	O	12.48	C	-		
1707	80	O	12.48	G	-		
1707	81	O	12.48	C	-		
1707	82	O	12.48	T	-		
1707	83	O	12.48	C	-		
1707	84	O	12.48	G	-		
1707	85	O	12.48	A	-		
1707	86	O	12.48	G	-		
1707	87	O	12.48	C	-		
1707	88	O	12.48	A	-		
1707	89	O	12.48	G	-		
1707	90	O	12.48	C	-		
1707	91	O	12.48	T	-		
1707	92	O	12.48	G	-		
1707	93	O	12.48	A	-		
1707	94	O	12.48	G	-		
1707	95	O	12.48	C	-		
1707	96	O	12.48	C	-		
1707	97	O	12.48	A	-		
1707	98	O	12.48	C	-		
1707	99	O	12.48	G	-		
1707	100	O	12.48	G	-		
1707	101	O	12.48	A	-		
1707	102	O	12.48	C	-		
1707	103	O	12.48	C	-		
1707	104	O	12.48	T	-		
1707	105	O	12.48	G	-		
1707	106	O	12.48	A	-		
1707	107	O	12.48	C	-		
1707	108	O	12.48	C	-		
1707	109	O	12.48	G	-		
1708	0	O	5.55	G	-		
1708	1	O	5.55	T	-		
1708	2	O	5.55	G	-		
1708	3	O	5.55	T	-		
1708	4	O	5.55	G	-		
1708	5	O	5.55	G	-		
1708	6	O	5.55	C	-		
1708	7	O	5.55	T	-		
1708	8	O	5.55	T	-		
1708	9	O	5.55	G	-		
1708	10	O	5.55	C	-		
1708	11	O	5.55	G	-		
1708	12	O	5.55	G	-		
1708	13	O	5.55	T	-		
1708	14	O	5.55	A	-		
1708	15	O	5.55	C	-		
1708	16	O	5.55	T	-		
1708	17	O	5.55	G	-		
1708	18	O	5.55	C	-		
1708	19	O	5.55	T	-		
1708	20	O	5.55	C	-		
1708	21	O	5.55	G	-		
1708	22	O	5.55	C	-		
1708	23	O	5.55	C	-		
1708	24	O	5.55	T	-		
1708	25	O	5.55	T	-		
1708	26	O	5.55	T	-		
1708	27	O	5.55	G	-		
1708	28	O	5.55	C	-		
1708	29	O	5.55	T	-		
1708	30	O	5.55	C	-		
1708	31	O	5.55	T	-		
1708	32	O	5.55	A	-		
1708	33	O	5.55	T	-		
1708	34	O	5.55	T	-		
1708	35	O	5.55	G	-		
1708	36	O	5.55	C	-		
1708	37	O	5.55	A	-		
1708	38	O	5.55	T	-		
1708	39	O	5.55	T	-		
1708	40	O	5.55	A	-		
1708	41	O	5.55	T	-		
1708	42	O	5.55	G	-		
1708	43	O	5.55	A	-		
1708	44	O	5.55	T	-		
1708	45	O	5.55	C	-		
1708	46	O	5.55	C	-		
1708	47	O	5.55	G	-		
1708	48	O	5.55	A	-		
1708	49	O	5.55	T	-		
1708	50	O	5.55	T	-		
1708	51	O	5.55	G	-		
1708	52	O	5.55	A	-		
1708	53	O	5.55	C	-		
1708	54	O	5.55	T	-		
1708	55	O	5.55	T	-		
1708	56	O	5.55	T	-		
1708	57	O	5.55	C	-		
1708	58	O	5.55	T	-		
1708	59	O	5.55	G	-		
1708	60	O	5.55	T	-		
1708	61	O	5.55	C	-		
1708	62	O	5.55	T	-		
1708	63	O	5.55	A	-		
1708	64	O	5.55	T	-		
1708	65	O	5.55	G	-		
1708	66	O	5.55	C	-		
1708	67	O	5.55	C	-		
1708	68	O	5.55	T	-		
1708	69	O	5.55	G	-		
1708	70	O	5.55	A	-		
1708	71	O	5.55	G	-		
1708	72	O	5.55	C	-		
1708	73	O	5.55	T	-		
1708	74	O	5.55	G	-		
1708	75	O	5.55	A	-		
1708	76	O	5.55	T	-		
1708	77	O	5.55	T	-		
1708	78	O	5.55	T	-		
1708	79	O	5.55	A	-		
1708	80	O	5.55	A	-		
1708	81	O	5.55	A	-		
1708	82	O	5.55	A	-		
1708	83	O	5.55	C	-		
1708	84	O	5.55	A	-		
1708	85	O	5.55	C	-		
1708	86	O	5.55	C	-		
1708	87	O	5.55	C	-		
1708	88	O	5.55	G	-		
1708	89	O	5.55	T	-		
1708	90	O	5.55	A	-		
1708	91	O	5.55	G	-		
1708	92	O	5.55	G	-		
1708	93	O	5.55	T	-		
1708	94	O	5.55	T	-		
1708	95	O	5.55	C	-		
1708	96	O	5.55	T	-		
1708	97	O	5.55	T	-		
1708	98	O	5.55	C	-		
1708	99	O	5.55	C	-		
1708	100	O	5.55	T	-		
1708	101	O	5.55	C	-		
1708	102	O	5.55	T	-		
1708	103	O	5.55	C	-		
1708	104	O	5.55	C	-		
1708	105	O	5.55	C	-		
1708	106	O	5.55	T	-		
1708	107	O	5.55	C	-		
1708	108	O	5.55	T	-		
1708	109	O	5.55	C	-		
1709	0	O	8.32	A	-		
1709	1	O	8.32	G	-		
1709	2	O	8.32	C	-		
1709	3	O	8.32	G	-		
1709	4	O	8.32	A	-		
1709	5	O	8.32	G	-		
1709	6	O	8.32	T	-		
1709	7	O	8.32	C	-		
1709	8	O	8.32	T	-		
1709	9	O	8.32	C	-		
1709	10	O	8.32	G	-		
1709	11	O	8.32	A	-		
1709	12	O	8.32	G	-		
1709	13	O	8.32	T	-		
1709	14	O	8.32	T	-		
1709	15	O	8.32	T	-		
1709	16	O	8.32	G	-		
1709	17	O	8.32	C	-		
1709	18	O	8.32	T	-		
1709	19	O	8.32	G	-		
1709	20	O	8.32	A	-		
1709	21	O	8.32	C	-		
1709	22	O	8.32	A	-		
1709	23	O	8.32	T	-		
1709	24	O	8.32	G	-		
1709	25	O	8.32	C	-		
1709	26	O	8.32	T	-		
1709	27	O	8.32	C	-		
1709	28	O	8.32	A	-		
1709	29	O	8.32	A	-		
1709	30	O	8.32	G	-		
1709	31	O	8.32	T	-		
1709	32	O	8.32	C	-		
1709	33	O	8.32	A	-		
1709	34	O	8.32	C	-		
1709	35	O	8.32	A	-		
1709	36	O	8.32	A	-		
1709	37	O	8.32	T	-		
1709	38	O	8.32	A	-		
1709	39	O	8.32	T	-		
1709	40	O	8.32	A	-		
1709	41	O	8.32	C	-		
1709	42	O	8.32	C	-		
1709	43	O	8.32	T	-		
1709	44	O	8.32	A	-		
1709	45	O	8.32	C	-		
1709	46	O	8.32	C	-		
1709	47	O	8.32	C	-		
1709	48	O	8.32	C	-		
1709	49	O	8.32	T	-		
1709	50	O	8.32	A	-		
1709	51	O	8.32	G	-		
1709	52	O	8.32	A	-		
1709	53	O	8.32	C	-		
1709	54	O	8.32	A	-		
1709	55	O	8.32	C	-		
1709	56	O	8.32	C	-		
1709	57	O	8.32	G	-		
1709	58	O	8.32	G	-		
1709	59	O	8.32	C	-		
1709	60	O	8.32	A	-		
1709	61	O	8.32	A	-		
1709	62	O	8.32	G	-		
1709	63	O	8.32	T	-		
1709	64	O	8.32	A	-		
1709	65	O	8.32	T	-		
1709	66	O	8.32	C	-		
1709	67	O	8.32	T	-		
1709	68	O	8.32	G	-		
1709	69	O	8.32	A	-		
1709	70	O	8.32	T	-		
1709	71	O	8.32	A	-		
1709	72	O	8.32	T	-		
1709	73	O	8.32	T	-		
1709	74	O	8.32	C	-		
1709	75	O	8.32	A	-		
1709	76	O	8.32	C	-		
1709	77	O	8.32	A	-		
1709	78	O	8.32	T	-		
1709	79	O	8.32	C	-		
1709	80	O	8.32	T	-		
1709	81	O	8.32	C	-		
1709	82	O	8.32	A	-		
1709	83	O	8.32	C	-		
1709	84	O	8.32	C	-		
1709	85	O	8.32	A	-		
1709	86	O	8.32	T	-		
1709	87	O	8.32	G	-		
1709	88	O	8.32	A	-		
1709	89	O	8.32	G	-		
1709	90	O	8.32	A	-		
1709	91	O	8.32	C	-		
1709	92	O	8.32	T	-		
1709	93	O	8.32	G	-		
1709	94	O	8.32	T	-		
1709	95	O	8.32	G	-		
1709	96	O	8.32	A	-		
1709	97	O	8.32	C	-		
1709	98	O	8.32	G	-		
1709	99	O	8.32	G	-		
1709	100	O	8.32	T	-		
1709	101	O	8.32	C	-		
1709	102	O	8.32	T	-		
1709	103	O	8.32	T	-		
1709	104	O	8.32	G	-		
1709	105	O	8.32	A	-		
1709	106	O	8.32	C	-		
1709	107	O	8.32	C	-		
1709	108	O	8.32	A	-		
1709	109	O	8.32	C	-		
1710	0	O	26.34	T	-		
1710	1	O	26.34	G	-		
1710	2	O	26.34	G	-		
1710	3	O	26.34	A	-		
1710	4	O	26.34	A	-		
1710	5	O	26.34	A	-		
1710	6	O	26.34	G	-		
1710	7	O	26.34	A	-		
1710	8	O	26.34	C	-		
1710	9	O	26.34	A	-		
1710	10	O	26.34	C	-		
1710	11	O	26.34	G	-		
1710	12	O	26.34	T	-		
1710	13	O	26.34	A	-		
1710	14	O	26.34	A	-		
1710	15	O	26.34	A	-		
1710	16	O	26.34	C	-		
1710	17	O	26.34	C	-		
1710	18	O	26.34	G	-		
1710	19	O	26.34	A	-		
1710	20	O	26.34	A	-		
1710	21	O	26.34	A	-		
1710	22	O	26.34	T	-		
1710	23	O	26.34	C	-		
1710	24	O	26.34	A	-		
1710	25	O	26.34	G	-		
1710	26	O	26.34	T	-		
1710	27	O	26.34	C	-		
1710	28	O	26.34	T	-		
1710	29	O	26.34	T	-		
1710	30	O	26.34	T	-		
1710	31	O	26.34	A	-		
1710	32	O	26.34	T	-		
1710	33	O	26.34	C	-		
1710	34	O	26.34	G	-		
1710	35	O	26.34	A	-		
1710	36	O	26.34	C	-		
1710	37	O	26.34	G	-		
1710	38	O	26.34	T	-		
1710	39	O	26.34	G	-		
1710	40	O	26.34	C	-		
1710	41	O	26.34	T	-		
1710	42	O	26.34	C	-		
1710	43	O	26.34	G	-		
1710	44	O	26.34	G	-		
1710	45	O	26.34	C	-		
1710	46	O	26.34	C	-		
1710	47	O	26.34	A	-		
1710	48	O	26.34	C	-		
1710	49	O	26.34	G	-		
1710	50	O	26.34	A	-		
1710	51	O	26.34	C	-		
1710	52	O	26.34	G	-		
1710	53	O	26.34	A	-		
1710	54	O	26.34	G	-		
1710	55	O	26.34	G	-		
1710	56	O	26.34	A	-		
1710	57	O	26.34	A	-		
1710	58	O	26.34	T	-		
1710	59	O	26.34	A	-		
1710	60	O	26.34	C	-		
1710	61	O	26.34	G	-		
1710	62	O	26.34	A	-		
1710	63	O	26.34	G	-		
1710	64	O	26.34	A	-		
1710	65	O	26.34	T	-		
1710	66	O	26.34	T	-		
1710	67	O	26.34	T	-		
1710	68	O	26.34	T	-		
1710	69	O	26.34	G	-		
1710	70	O	26.34	A	-		
1710	71	O	16.31	A	-		
1710	72	O	26.34	T	-		
1710	73	O	26.34	G	-		
1710	74	O	26.34	T	-		
1710	75	O	26.34	T	-		
1710	76	O	26.34	T	-		
1710	77	O	26.34	G	-		
1710	78	O	26.34	T	-		
1710	79	O	26.34	G	-		
1710	80	O	26.34	A	-		
1710	81	O	26.34	A	-		
1710	82	O	26.34	T	-		
1710	83	O	9.16	T	-		
1710	84	O	26.34	C	-		
1710	85	O	26.34	A	-		
1710	86	O	26.34	A	-		
1710	87	O	26.34	C	-		
1710	88	O	26.34	T	-		
1710	89	O	26.34	C	-		
1710	90	O	26.34	G	-		
1710	91	O	26.34	A	-		
1710	92	O	26.34	C	-		
1710	93	O	26.34	G	-		
1710	94	O	26.34	C	-		
1710	95	O	26.34	G	-		
1710	96	O	26.34	A	-		
1710	97	O	26.34	A	-		
1710	98	O	26.34	A	-		
1710	99	O	26.34	G	-		
1710	100	O	26.34	A	-		
1710	101	O	26.34	G	-		
1710	102	O	26.34	G	-		
1710	103	O	26.34	A	-		
1710	104	O	26.34	T	-		
1710	105	O	26.34	G	-		
1710	106	O	26.34	T	-		
1710	107	O	26.34	C	-		
1710	108	O	26.34	T	-		
1710	109	O	26.34	G	-		
1711	0	O	12.48	C	-		
1711	1	O	12.48	G	-		
1711	2	O	12.48	T	-		
1711	3	O	12.48	G	-		
1711	4	O	12.48	C	-		
1711	5	O	12.48	C	-		
1711	6	O	12.48	T	-		
1711	7	O	12.48	T	-		
1711	8	O	12.48	C	-		
1711	9	O	12.48	C	-		
1711	10	O	12.48	A	-		
1711	11	O	12.48	C	-		
1711	12	O	12.48	A	-		
1711	13	O	12.48	T	-		
1711	14	O	12.48	G	-		
1711	15	O	12.48	T	-		
1711	16	O	12.48	G	-		
1711	17	O	12.48	T	-		
1711	18	O	12.48	G	-		
1711	19	O	12.48	A	-		
1711	20	O	12.48	G	-		
1711	21	O	12.48	G	-		
1711	22	O	12.48	G	-		
1711	23	O	12.48	C	-		
1711	24	O	12.48	T	-		
1711	25	O	12.48	T	-		
1711	26	O	12.48	C	-		
1711	27	O	12.48	A	-		
1711	28	O	12.48	T	-		
1711	29	O	12.48	T	-		
1711	30	O	12.48	T	-		
1711	31	O	12.48	C	-		
1711	32	O	12.48	A	-		
1711	33	O	12.48	C	-		
1711	34	O	12.48	T	-		
1711	35	O	12.48	C	-		
1711	36	O	12.48	G	-		
1711	37	O	12.48	G	-		
1711	38	O	12.48	C	-		
1711	39	O	12.48	T	-		
1711	40	O	4.00	T	-		
1711	41	O	12.48	A	-		
1711	42	O	12.48	T	-		
1711	43	O	12.48	G	-		
1711	44	O	12.48	A	-		
1711	45	O	12.48	T	-		
1711	46	O	12.48	C	-		
1711	47	O	12.48	C	-		
1711	48	O	12.48	T	-		
1711	49	O	12.48	C	-		
1711	50	O	12.48	C	-		
1711	51	O	12.48	C	-		
1711	52	O	12.48	G	-		
1711	53	O	12.48	G	-		
1711	54	O	12.48	C	-		
1711	55	O	12.48	T	-		
1711	56	O	12.48	C	-		
1711	57	O	12.48	A	-		
1711	58	O	12.48	C	-		
1711	59	O	12.48	G	-		
1711	60	O	12.48	C	-		
1711	61	O	12.48	G	-		
1711	62	O	12.48	A	-		
1711	63	O	12.48	G	-		
1711	64	O	12.48	A	-		
1711	65	O	12.48	T	-		
1711	66	O	12.48	T	-		
1711	67	O	12.48	G	-		
1711	68	O	12.48	C	-		
1711	69	O	12.48	T	-		
1711	70	O	12.48	C	-		
1711	71	O	12.48	A	-		
1711	72	O	12.48	C	-		
1711	73	O	12.48	A	-		
1711	74	O	12.48	C	-		
1711	75	O	12.48	A	-		
1711	76	O	12.48	G	-		
1711	77	O	12.48	C	-		
1711	78	O	12.48	C	-		
1711	79	O	12.48	C	-		
1711	80	O	12.48	T	-		
1711	81	O	12.48	C	-		
1711	82	O	12.48	T	-		
1711	83	O	12.48	A	-		
1711	84	O	12.48	T	-		
1711	85	O	12.48	T	-		
1711	86	O	12.48	G	-		
1711	87	O	12.48	T	-		
1711	88	O	12.48	T	-		
1711	89	O	12.48	C	-		
1711	90	O	12.48	T	-		
1711	91	O	12.48	A	-		
1711	92	O	12.48	T	-		
1711	93	O	12.48	T	-		
1711	94	O	12.48	G	-		
1711	95	O	12.48	A	-		
1711	96	O	12.48	T	-		
1711	97	O	12.48	G	-		
1711	98	O	12.48	A	-		
1711	99	O	12.48	A	-		
1711	100	O	12.48	C	-		
1711	101	O	12.48	T	-		
1711	102	O	12.48	C	-		
1711	103	O	12.48	T	-		
1711	104	O	12.48	G	-		
1711	105	O	12.48	C	-		
1711	106	O	12.48	C	-		
1711	107	O	12.48	G	-		
1711	108	O	12.48	A	-		
1711	109	O	12.48	C	-		
1712	0	O	9.70	C	-		
1712	1	O	9.70	G	-		
1712	2	O	9.70	G	-		
1712	3	O	9.70	C	-		
1712	4	O	9.70	A	-		
1712	5	O	9.70	G	-		
1712	6	O	9.70	C	-		
1712	7	O	9.70	C	-		
1712	8	O	9.70	C	-		
1712	9	O	9.70	G	-		
1712	10	O	9.70	G	-		
1712	11	O	9.70	G	-		
1712	12	O	9.70	C	-		
1712	13	O	9.70	A	-		
1712	14	O	9.70	T	-		
1712	15	O	9.70	C	-		
1712	16	O	9.70	A	-		
1712	17	O	9.70	T	-		
1712	18	O	9.70	C	-		
1712	19	O	9.70	A	-		
1712	20	O	9.70	A	-		
1712	21	O	9.70	G	-		
1712	22	O	9.70	C	-		
1712	23	O	9.70	T	-		
1712	24	O	9.70	T	-		
1712	25	O	9.70	A	-		
1712	26	O	9.70	A	-		
1712	27	O	9.70	C	-		
1712	28	O	9.70	A	-		
1712	29	O	9.70	G	-		
1712	30	O	9.70	C	-		
1712	31	O	9.70	C	-		
1712	32	O	9.70	A	-		
1712	33	O	9.70	G	-		
1712	34	O	9.70	A	-		
1712	35	O	9.70	A	-		
1712	36	O	9.70	G	-		
1712	37	O	9.70	C	-		
1712	38	O	9.70	C	-		
1712	39	O	9.70	C	-		
1712	40	O	9.70	A	-		
1712	41	O	9.70	A	-		
1712	42	O	9.70	A	-		
1712	43	O	9.70	T	-		
1712	44	O	9.70	A	-		
1712	45	O	9.70	C	-		
1712	46	O	9.70	C	-		
1712	47	O	9.70	A	-		
1712	48	O	9.70	G	-		
1712	49	O	9.70	A	-		
1712	50	O	9.70	T	-		
1712	51	O	9.70	C	-		
1712	52	O	9.70	A	-		
1712	53	O	9.70	C	-		
1712	54	O	9.70	A	-		
1712	55	O	9.70	G	-		
1712	56	O	9.70	A	-		
1712	57	O	9.70	C	-		
1712	58	O	9.70	G	-		
1712	59	O	9.70	T	-		
1712	60	O	9.70	C	-		
1712	61	O	9.70	A	-		
1712	62	O	9.70	A	-		
1712	63	O	9.70	G	-		
1712	64	O	9.70	G	-		
1712	65	O	9.70	G	-		
1712	66	O	9.70	C	-		
1712	67	O	9.70	A	-		
1712	68	O	9.70	A	-		
1712	69	O	9.70	G	-		
1712	70	O	9.70	A	-		
1712	71	O	9.70	T	-		
1712	72	O	9.70	C	-		
1712	73	O	9.70	G	-		
1712	74	O	9.70	C	-		
1712	75	O	9.70	G	-		
1712	76	O	9.70	G	-		
1712	77	O	9.70	A	-		
1712	78	O	9.70	G	-		
1712	79	O	9.70	C	-		
1712	80	O	9.70	G	-		
1712	81	O	9.70	C	-		
1712	82	O	9.70	G	-		
1712	83	O	9.70	A	-		
1712	84	O	9.70	G	-		
1712	85	O	9.70	A	-		
1712	86	O	9.70	A	-		
1712	87	O	9.70	C	-		
1712	88	O	9.70	G	-		
1712	89	O	9.70	C	-		
1712	90	O	9.70	G	-		
1712	91	O	9.70	A	-		
1712	92	O	9.70	C	-		
1712	93	O	9.70	G	-		
1712	94	O	9.70	C	-		
1712	95	O	9.70	T	-		
1712	96	O	9.70	G	-		
1712	97	O	9.70	A	-		
1712	98	O	9.70	C	-		
1712	99	O	9.70	G	-		
1712	100	O	9.70	C	-		
1712	101	O	9.70	T	-		
1712	102	O	9.70	G	-		
1712	103	O	9.70	C	-		
1712	104	O	9.70	A	-		
1712	105	O	9.70	C	-		
1712	106	O	9.70	T	-		
1712	107	O	9.70	G	-		
1712	108	O	9.70	G	-		
1712	109	O	9.70	A	-		
1713	0	O	5.55	C	-		
1713	1	O	5.55	A	-		
1713	2	O	5.55	C	-		
1713	3	O	5.55	C	-		
1713	4	O	5.55	C	-		
1713	5	O	5.55	T	-		
1713	6	O	5.55	G	-		
1713	7	O	5.55	A	-		
1713	8	O	5.55	T	-		
1713	9	O	5.55	T	-		
1713	10	O	5.55	T	-		
1713	11	O	5.55	C	-		
1713	12	O	5.55	C	-		
1713	13	O	5.55	A	-		
1713	14	O	5.55	C	-		
1713	15	O	5.55	A	-		
1713	16	O	5.55	A	-		
1713	17	O	5.55	G	-		
1713	18	O	5.55	G	-		
1713	19	O	5.55	G	-		
1713	20	O	5.55	C	-		
1713	21	O	5.55	T	-		
1713	22	O	5.55	G	-		
1713	23	O	5.55	C	-		
1713	24	O	5.55	A	-		
1713	25	O	5.55	C	-		
1713	26	O	5.55	C	-		
1713	27	O	5.55	T	-		
1713	28	O	5.55	C	-		
1713	29	O	5.55	A	-		
1713	30	O	5.55	C	-		
1713	31	O	5.55	C	-		
1713	32	O	5.55	G	-		
1713	33	O	5.55	G	-		
1713	34	O	5.55	C	-		
1713	35	O	5.55	T	-		
1713	36	O	5.55	G	-		
1713	37	O	5.55	G	-		
1713	38	O	5.55	T	-		
1713	39	O	5.55	A	-		
1713	40	O	5.55	A	-		
1713	41	O	5.55	T	-		
1713	42	O	5.55	G	-		
1713	43	O	5.55	C	-		
1713	44	O	5.55	C	-		
1713	45	O	5.55	C	-		
1713	46	O	5.55	T	-		
1713	47	O	5.55	A	-		
1713	48	O	5.55	C	-		
1713	49	O	5.55	A	-		
1713	50	O	5.55	A	-		
1713	51	O	5.55	A	-		
1713	52	O	5.55	A	-		
1713	53	O	5.55	T	-		
1713	54	O	5.55	G	-		
1713	55	O	5.55	T	-		
1713	56	O	5.55	G	-		
1713	57	O	5.55	G	-		
1713	58	O	5.55	T	-		
1713	59	O	5.55	G	-		
1713	60	O	5.55	G	-		
1713	61	O	5.55	G	-		
1713	62	O	5.55	C	-		
1713	63	O	5.55	C	-		
1713	64	O	5.55	C	-		
1713	65	O	5.55	G	-		
1713	66	O	5.55	T	-		
1713	67	O	5.55	T	-		
1713	68	O	5.55	C	-		
1713	69	O	5.55	A	-		
1713	70	O	5.55	A	-		
1713	71	O	5.55	A	-		
1713	72	O	5.55	G	-		
1713	73	O	5.55	T	-		
1713	74	O	5.55	C	-		
1713	75	O	5.55	T	-		
1713	76	O	5.55	G	-		
1713	77	O	5.55	A	-		
1713	78	O	5.55	T	-		
1713	79	O	5.55	G	-		
1713	80	O	5.55	A	-		
1713	81	O	5.55	T	-		
1713	82	O	5.55	C	-		
1713	83	O	5.55	A	-		
1713	84	O	5.55	T	-		
1713	85	O	5.55	G	-		
1713	86	O	5.55	A	-		
1713	87	O	5.55	G	-		
1713	88	O	5.55	C	-		
1713	89	O	5.55	A	-		
1713	90	O	5.55	G	-		
1713	91	O	5.55	G	-		
1713	92	O	5.55	A	-		
1713	93	O	5.55	A	-		
1713	94	O	5.55	G	-		
1713	95	O	5.55	A	-		
1713	96	O	5.55	C	-		
1713	97	O	5.55	G	-		
1713	98	O	5.55	G	-		
1713	99	O	5.55	C	-		
1713	100	O	5.55	G	-		
1713	101	O	5.55	G	-		
1713	102	O	5.55	T	-		
1713	103	O	5.55	G	-		
1713	104	O	5.55	G	-		
1713	105	O	5.55	G	-		
1713	106	O	5.55	A	-		
1713	107	O	5.55	T	-		
1713	108	O	5.55	G	-		
1713	109	O	5.55	G	-		
1714	0	O	9.70	A	-		
1714	1	O	9.70	G	-		
1714	2	O	9.70	T	-		
1714	3	O	9.70	T	-		
1714	4	O	9.70	C	-		
1714	5	O	9.70	T	-		
1714	6	O	9.70	A	-		
1714	7	O	9.70	G	-		
1714	8	O	9.70	C	-		
1714	9	O	9.70	T	-		
1714	10	O	9.70	T	-		
1714	11	O	9.70	T	-		
1714	12	O	9.70	T	-		
1714	13	O	9.70	A	-		
1714	14	O	9.70	G	-		
1714	15	O	9.70	C	-		
1714	16	O	9.70	C	-		
1714	17	O	9.70	T	-		
1714	18	O	9.70	T	-		
1714	19	O	9.70	C	-		
1714	20	O	9.70	C	-		
1714	21	O	9.70	G	-		
1714	22	O	9.70	T	-		
1714	23	O	9.70	A	-		
1714	24	O	9.70	A	-		
1714	25	O	9.70	G	-		
1714	26	O	9.70	T	-		
1714	27	O	9.70	T	-		
1714	28	O	9.70	G	-		
1714	29	O	9.70	A	-		
1714	30	O	9.70	G	-		
1714	31	O	9.70	T	-		
1714	32	O	9.70	T	-		
1714	33	O	9.70	G	-		
1714	34	O	9.70	T	-		
1714	35	O	9.70	T	-		
1714	36	O	9.70	A	-		
1714	37	O	9.70	T	-		
1714	38	O	9.70	A	-		
1714	39	O	9.70	C	-		
1714	40	O	9.70	T	-		
1714	41	O	9.70	A	-		
1714	42	O	9.70	T	-		
1714	43	O	9.70	A	-		
1714	44	O	9.70	C	-		
1714	45	O	9.70	A	-		
1714	46	O	9.70	A	-		
1714	47	O	9.70	T	-		
1714	48	O	9.70	T	-		
1714	49	O	9.70	T	-		
1714	50	O	9.70	T	-		
1714	51	O	9.70	T	-		
1714	52	O	9.70	C	-		
1714	53	O	9.70	C	-		
1714	54	O	9.70	A	-		
1714	55	O	9.70	G	-		
1714	56	O	9.70	T	-		
1714	57	O	9.70	A	-		
1714	58	O	9.70	A	-		
1714	59	O	9.70	A	-		
1714	60	O	9.70	T	-		
1714	61	O	9.70	T	-		
1714	62	O	9.70	G	-		
1714	63	O	9.70	G	-		
1714	64	O	9.70	T	-		
1714	65	O	9.70	T	-		
1714	66	O	9.70	G	-		
1714	67	O	9.70	G	-		
1714	68	O	9.70	C	-		
1714	69	O	9.70	T	-		
1714	70	O	9.70	T	-		
1714	71	O	9.70	C	-		
1714	72	O	9.70	T	-		
1714	73	O	9.70	T	-		
1714	74	O	9.70	A	-		
1714	75	O	9.70	A	-		
1714	76	O	9.70	C	-		
1714	77	O	9.70	T	-		
1714	78	O	9.70	T	-		
1714	79	O	9.70	A	-		
1714	80	O	9.70	T	-		
1714	81	O	9.70	T	-		
1714	82	O	9.70	T	-		
1714	83	O	9.70	G	-		
1714	84	O	9.70	T	-		
1714	85	O	9.70	C	-		
1714	86	O	9.70	G	-		
1714	87	O	9.70	A	-		
1714	88	O	9.70	G	-		
1714	89	O	9.70	A	-		
1714	90	O	9.70	A	-		
1714	91	O	9.70	A	-		
1714	92	O	9.70	G	-		
1714	93	O	9.70	A	-		
1714	94	O	9.70	A	-		
1714	95	O	9.70	A	-		
1714	96	O	9.70	T	-		
1714	97	O	9.70	T	-		
1714	98	O	9.70	G	-		
1714	99	O	9.70	A	-		
1714	100	O	9.70	A	-		
1714	101	O	9.70	T	-		
1714	102	O	9.70	A	-		
1714	103	O	9.70	C	-		
1714	104	O	9.70	T	-		
1714	105	O	9.70	T	-		
1714	106	O	9.70	T	-		
1714	107	O	9.70	C	-		
1714	108	O	9.70	T	-		
1714	109	O	9.70	A	-		
1715	0	O	6.93	T	-		
1715	1	O	6.93	C	-		
1715	2	O	6.93	A	-		
1715	3	O	6.93	G	-		
1715	4	O	6.93	C	-		
1715	5	O	6.93	G	-		
1715	6	O	6.93	C	-		
1715	7	O	6.93	C	-		
1715	8	O	6.93	G	-		
1715	9	O	6.93	T	-		
1715	10	O	6.93	C	-		
1715	11	O	6.93	A	-		
1715	12	O	6.93	G	-		
1715	13	O	6.93	T	-		
1715	14	O	6.93	G	-		
1715	15	O	6.93	C	-		
1715	16	O	6.93	C	-		
1715	17	O	6.93	A	-		
1715	18	O	6.93	C	-		
1715	19	O	6.93	T	-		
1715	20	O	6.93	G	-		
1715	21	O	6.93	T	-		
1715	22	O	6.93	A	-		
1715	23	O	6.93	A	-		
1715	24	O	6.93	G	-		
1715	25	O	6.93	G	-		
1715	26	O	6.93	A	-		
1715	27	O	6.93	G	-		
1715	28	O	6.93	A	-		
1715	29	O	6.93	C	-		
1715	30	O	6.93	G	-		
1715	31	O	6.93	T	-		
1715	32	O	6.93	A	-		
1715	33	O	6.93	C	-		
1715	34	O	6.93	A	-		
1715	35	O	6.93	T	-		
1715	36	O	6.93	C	-		
1715	37	O	6.93	C	-		
1715	38	O	6.93	A	-		
1715	39	O	6.93	G	-		
1715	40	O	6.93	A	-		
1715	41	O	6.93	A	-		
1715	42	O	6.93	A	-		
1715	43	O	6.93	A	-		
1715	44	O	6.93	T	-		
1715	45	O	6.93	C	-		
1715	46	O	6.93	A	-		
1715	47	O	6.93	G	-		
1715	48	O	6.93	T	-		
1715	49	O	6.93	C	-		
1715	50	O	6.93	A	-		
1715	51	O	6.93	C	-		
1715	52	O	6.93	A	-		
1715	53	O	6.93	T	-		
1715	54	O	6.93	C	-		
1715	55	O	6.93	G	-		
1715	56	O	6.93	T	-		
1715	57	O	6.93	A	-		
1715	58	O	6.93	G	-		
1715	59	O	6.93	A	-		
1715	60	O	6.93	C	-		
1715	61	O	6.93	C	-		
1715	62	O	6.93	T	-		
1715	63	O	6.93	T	-		
1715	64	O	6.93	G	-		
1715	65	O	6.93	C	-		
1715	66	O	6.93	C	-		
1715	67	O	6.93	T	-		
1715	68	O	6.93	T	-		
1715	69	O	6.93	G	-		
1715	70	O	6.93	A	-		
1715	71	O	6.93	A	-		
1715	72	O	6.93	A	-		
1715	73	O	6.93	T	-		
1715	74	O	6.93	G	-		
1715	75	O	6.93	T	-		
1715	76	O	6.93	C	-		
1715	77	O	6.93	A	-		
1715	78	O	6.93	G	-		
1715	79	O	6.93	T	-		
1715	80	O	6.93	A	-		
1715	81	O	6.93	T	-		
1715	82	O	6.93	C	-		
1715	83	O	6.93	G	-		
1715	84	O	6.93	A	-		
1715	85	O	6.93	T	-		
1715	86	O	6.93	C	-		
1715	87	O	6.93	T	-		
1715	88	O	6.93	C	-		
1715	89	O	6.93	T	-		
1715	90	O	6.93	A	-		
1715	91	O	6.93	A	-		
1715	92	O	6.93	C	-		
1715	93	O	6.93	C	-		
1715	94	O	6.93	A	-		
1715	95	O	6.93	A	-		
1715	96	O	6.93	C	-		
1715	97	O	6.93	T	-		
1715	98	O	6.93	A	-		
1715	99	O	6.93	G	-		
1715	100	O	6.93	T	-		
1715	101	O	6.93	C	-		
1715	102	O	6.93	G	-		
1715	103	O	6.93	A	-		
1715	104	O	6.93	C	-		
1715	105	O	6.93	G	-		
1715	106	O	6.93	A	-		
1715	107	O	6.93	C	-		
1715	108	O	6.93	A	-		
1715	109	O	6.93	T	-		
1716	0	O	9.70	T	-		
1716	1	O	9.70	C	-		
1716	2	O	9.70	G	-		
1716	3	O	9.70	C	-		
1716	4	O	9.70	C	-		
1716	5	O	9.70	A	-		
1716	6	O	9.70	A	-		
1716	7	O	9.70	T	-		
1716	8	O	9.70	C	-		
1716	9	O	9.70	C	-		
1716	10	O	9.70	A	-		
1716	11	O	9.70	A	-		
1716	12	O	9.70	A	-		
1716	13	O	9.70	A	-		
1716	14	O	9.70	G	-		
1716	15	O	9.70	A	-		
1716	16	O	9.70	A	-		
1716	17	O	9.70	T	-		
1716	18	O	9.70	A	-		
1716	19	O	9.70	T	-		
1716	20	O	9.70	C	-		
1716	21	O	9.70	C	-		
1716	22	O	9.70	A	-		
1716	23	O	9.70	C	-		
1716	24	O	9.70	C	-		
1716	25	O	9.70	A	-		
1716	26	O	9.70	A	-		
1716	27	O	9.70	G	-		
1716	28	O	9.70	A	-		
1716	29	O	9.70	C	-		
1716	30	O	9.70	T	-		
1716	31	O	9.70	C	-		
1716	32	O	9.70	G	-		
1716	33	O	9.70	C	-		
1716	34	O	9.70	A	-		
1716	35	O	9.70	A	-		
1716	36	O	9.70	G	-		
1716	37	O	9.70	A	-		
1716	38	O	9.70	T	-		
1716	39	O	9.70	A	-		
1716	40	O	9.70	G	-		
1716	41	O	9.70	A	-		
1716	42	O	9.70	G	-		
1716	43	O	9.70	T	-		
1716	44	O	9.70	A	-		
1716	45	O	9.70	T	-		
1716	46	O	9.70	G	-		
1716	47	O	9.70	A	-		
1716	48	O	9.70	T	-		
1716	49	O	9.70	A	-		
1716	50	O	9.70	G	-		
1716	51	O	9.70	G	-		
1716	52	O	9.70	C	-		
1716	53	O	9.70	A	-		
1716	54	O	9.70	G	-		
1716	55	O	9.70	C	-		
1716	56	O	9.70	G	-		
1716	57	O	9.70	G	-		
1716	58	O	9.70	C	-		
1716	59	O	9.70	T	-		
1716	60	O	9.70	C	-		
1716	61	O	9.70	C	-		
1716	62	O	9.70	A	-		
1716	63	O	9.70	A	-		
1716	64	O	9.70	T	-		
1716	65	O	9.70	T	-		
1716	66	O	9.70	C	-		
1716	67	O	9.70	T	-		
1716	68	O	9.70	T	-		
1716	69	O	9.70	G	-		
1716	70	O	9.70	A	-		
1716	71	O	9.70	C	-		
1716	72	O	9.70	A	-		
1716	73	O	9.70	A	-		
1716	74	O	9.70	A	-		
1716	75	O	9.70	G	-		
1716	76	O	9.70	T	-		
1716	77	O	9.70	C	-		
1716	78	O	9.70	G	-		
1716	79	O	9.70	T	-		
1716	80	O	9.70	C	-		
1716	81	O	9.70	G	-		
1716	82	O	9.70	C	-		
1716	83	O	9.70	C	-		
1716	84	O	9.70	G	-		
1716	85	O	9.70	C	-		
1716	86	O	9.70	T	-		
1716	87	O	9.70	T	-		
1716	88	O	9.70	G	-		
1716	89	O	9.70	G	-		
1716	90	O	9.70	A	-		
1716	91	O	9.70	G	-		
1716	92	O	9.70	T	-		
1716	93	O	9.70	C	-		
1716	94	O	9.70	G	-		
1716	95	O	9.70	G	-		
1716	96	O	9.70	T	-		
1716	97	O	9.70	G	-		
1716	98	O	9.70	G	-		
1716	99	O	9.70	A	-		
1716	100	O	9.70	G	-		
1716	101	O	9.70	G	-		
1716	102	O	9.70	T	-		
1716	103	O	9.70	G	-		
1716	104	O	9.70	A	-		
1716	105	O	9.70	T	-		
1716	106	O	9.70	T	-		
1716	107	O	9.70	T	-		
1716	108	O	9.70	T	-		
1716	109	O	9.70	G	-		
1717	0	O	8.32	T	-		
1717	1	O	8.32	T	-		
1717	2	O	8.32	A	-		
1717	3	O	8.32	T	-		
1717	4	O	8.32	G	-		
1717	5	O	8.32	G	-		
1717	6	O	8.32	C	-		
1717	7	O	8.32	C	-		
1717	8	O	8.32	A	-		
1717	9	O	8.32	C	-		
1717	10	O	8.32	C	-		
1717	11	O	8.32	A	-		
1717	12	O	8.32	C	-		
1717	13	O	8.32	T	-		
1717	14	O	8.32	G	-		
1717	15	O	8.32	G	-		
1717	16	O	8.32	G	-		
1717	17	O	8.32	G	-		
1717	18	O	8.32	T	-		
1717	19	O	8.32	G	-		
1717	20	O	8.32	G	-		
1717	21	O	8.32	T	-		
1717	22	O	8.32	T	-		
1717	23	O	8.32	T	-		
1717	24	O	8.32	T	-		
1717	25	O	8.32	C	-		
1717	26	O	8.32	C	-		
1717	27	O	8.32	A	-		
1717	28	O	8.32	T	-		
1717	29	O	8.32	C	-		
1717	30	O	8.32	T	-		
1717	31	O	8.32	A	-		
1717	32	O	8.32	C	-		
1717	33	O	8.32	T	-		
1717	34	O	8.32	G	-		
1717	35	O	8.32	T	-		
1717	36	O	8.32	C	-		
1717	37	O	8.32	C	-		
1717	38	O	8.32	A	-		
1717	39	O	8.32	G	-		
1717	40	O	8.32	A	-		
1717	41	O	8.32	A	-		
1717	42	O	8.32	T	-		
1717	43	O	8.32	C	-		
1717	44	O	8.32	C	-		
1717	45	O	8.32	T	-		
1717	46	O	8.32	A	-		
1717	47	O	8.32	T	-		
1717	48	O	8.32	C	-		
1717	49	O	8.32	G	-		
1717	50	O	8.32	G	-		
1717	51	O	8.32	A	-		
1717	52	O	8.32	A	-		
1717	53	O	8.32	A	-		
1717	54	O	8.32	C	-		
1717	55	O	8.32	T	-		
1717	56	O	8.32	T	-		
1717	57	O	8.32	C	-		
1717	58	O	8.32	T	-		
1717	59	O	8.32	C	-		
1717	60	O	8.32	G	-		
1717	61	O	8.32	A	-		
1717	62	O	8.32	C	-		
1717	63	O	8.32	C	-		
1717	64	O	8.32	C	-		
1717	65	O	8.32	C	-		
1717	66	O	8.32	A	-		
1717	67	O	8.32	G	-		
1717	68	O	8.32	G	-		
1717	69	O	8.32	G	-		
1717	70	O	8.32	T	-		
1717	71	O	8.32	T	-		
1717	72	O	8.32	C	-		
1717	73	O	8.32	T	-		
1717	74	O	8.32	C	-		
1717	75	O	8.32	G	-		
1717	76	O	8.32	G	-		
1717	77	O	8.32	C	-		
1717	78	O	8.32	T	-		
1717	79	O	8.32	T	-		
1717	80	O	8.32	T	-		
1717	81	O	8.32	T	-		
1717	82	O	8.32	C	-		
1717	83	O	8.32	C	-		
1717	84	O	8.32	C	-		
1717	85	O	8.32	C	-		
1717	86	O	8.32	A	-		
1717	87	O	8.32	A	-		
1717	88	O	8.32	C	-		
1717	89	O	8.32	C	-		
1717	90	O	8.32	T	-		
1717	91	O	8.32	G	-		
1717	92	O	8.32	A	-		
1717	93	O	8.32	A	-		
1717	94	O	8.32	C	-		
1717	95	O	8.32	C	-		
1717	96	O	8.32	T	-		
1717	97	O	8.32	T	-		
1717	98	O	8.32	G	-		
1717	99	O	8.32	G	-		
1717	100	O	8.32	A	-		
1717	101	O	8.32	G	-		
1717	102	U	0.71	G	C		
1717	103	O	8.32	C	-		
1717	104	O	8.32	A	-		
1717	105	O	8.32	T	-		
1717	106	O	8.32	C	-		
1717	107	O	8.32	C	-		
1717	108	O	8.32	A	-		
1717	109	O	8.32	A	-		
1718	0	O	26.34	T	-		
1718	1	O	26.34	T	-		
1718	2	O	26.34	C	-		
1718	3	O	26.34	T	-		
1718	4	O	26.34	C	-		
1718	5	O	26.34	G	-		
1718	6	O	26.34	C	-		
1718	7	O	26.34	C	-		
1718	8	O	26.34	C	-		
1718	9	O	26.34	A	-		
1718	10	O	26.34	C	-		
1718	11	O	26.34	G	-		
1718	12	O	26.34	C	-		
1718	13	O	26.34	C	-		
1718	14	O	26.34	C	-		
1718	15	O	26.34	G	-		
1718	16	O	26.34	G	-		
1718	17	O	26.34	C	-		
1718	18	O	26.34	A	-		
1718	19	O	26.34	G	-		
1718	20	O	26.34	G	-		
1718	21	O	26.34	T	-		
1718	22	O	26.34	G	-		
1718	23	O	26.34	G	-		
1718	24	O	26.34	T	-		
1718	25	O	26.34	G	-		
1718	26	O	26.34	C	-		
1718	27	O	26.34	A	-		
1718	28	O	26.34	C	-		
1718	29	O	26.34	G	-		
1718	30	O	26.34	A	-		
1718	31	O	26.34	C	-		
1718	32	O	26.34	T	-		
1718	33	O	26.34	G	-		
1718	34	O	26.34	G	-		
1718	35	O	26.34	G	-		
1718	36	O	16.31	A	-		
1718	37	O	26.34	T	-		
1718	38	O	26.34	G	-		
1718	39	O	26.34	C	-		
1718	40	O	26.34	C	-		
1718	41	O	26.34	C	-		
1718	42	O	26.34	A	-		
1718	43	O	26.34	G	-		
1718	44	O	26.34	C	-		
1718	45	O	26.34	T	-		
1718	46	O	26.34	G	-		
1718	47	O	26.34	G	-		
1718	48	O	26.34	G	-		
1718	49	O	26.34	T	-		
1718	50	O	26.34	G	-		
1718	51	O	26.34	A	-		
1718	52	O	26.34	G	-		
1718	53	O	26.34	G	-		
1718	54	O	26.34	T	-		
1718	55	O	26.34	G	-		
1718	56	O	26.34	C	-		
1718	57	O	16.31	T	-		
1718	58	O	26.34	C	-		
1718	59	O	26.34	A	-		
1718	60	O	26.34	G	-		
1718	61	O	26.34	C	-		
1718	62	O	26.34	G	-		
1718	63	O	26.34	G	-		
1718	64	O	26.34	G	-		
1718	65	O	26.34	T	-		
1718	66	O	26.34	C	-		
1718	67	O	26.34	C	-		
1718	68	O	26.34	G	-		
1718	69	O	26.34	A	-		
1718	70	O	26.34	C	-		
1718	71	O	26.34	G	-		
1718	72	O	26.34	C	-		
1718	73	O	26.34	C	-		
1718	74	O	26.34	A	-		
1718	75	O	26.34	C	-		
1718	76	O	26.34	T	-		
1718	77	O	26.34	G	-		
1718	78	O	26.34	A	-		
1718	79	O	26.34	G	-		
1718	80	O	26.34	C	-		
1718	81	O	26.34	A	-		
1718	82	O	26.34	T	-		
1718	83	O	26.34	G	-		
1718	84	O	26.34	A	-		
1718	85	O	26.34	G	-		
1718	86	O	26.34	C	-		
1718	87	O	26.34	A	-		
1718	88	O	26.34	G	-		
1718	89	O	26.34	C	-		
1718	90	O	26.34	T	-		
1718	91	O	26.34	G	-		
1718	92	O	26.34	G	-		
1718	93	O	26.34	G	-		
1718	94	O	26.34	G	-		
1718	95	O	26.34	C	-		
1718	96	O	26.34	G	-		
1718	97	O	26.34	A	-		
1718	98	O	26.34	G	-		
1718	99	O	26.34	T	-		
1718	100	O	26.34	T	-		
1718	101	O	26.34	C	-		
1718	102	O	26.34	A	-		
1718	103	O	26.34	C	-		
1718	104	O	26.34	C	-		
1718	105	O	26.34	G	-		
1718	106	O	26.34	C	-		
1718	107	O	26.34	G	-		
1718	108	O	26.34	C	-		
1718	109	O	26.34	C	-		
1719	0	O	5.55	C	-		
1719	1	O	5.55	A	-		
1719	2	O	5.55	C	-		
1719	3	O	5.55	C	-		
1719	4	O	5.55	A	-		
1719	5	O	5.55	A	-		
1719	6	O	5.55	A	-		
1719	7	O	5.55	G	-		
1719	8	O	5.55	A	-		
1719	9	O	5.55	A	-		
1719	10	O	5.55	T	-		
1719	11	O	5.55	G	-		
1719	12	O	5.55	T	-		
1719	13	O	5.55	G	-		
1719	14	O	5.55	G	-		
1719	15	O	5.55	T	-		
1719	16	O	5.55	C	-		
1719	17	O	5.55	G	-		
1719	18	O	5.55	A	-		
1719	19	O	5.55	C	-		
1719	20	O	5.55	A	-		
1719	21	O	5.55	C	-		
1719	22	O	5.55	A	-		
1719	23	O	5.55	T	-		
1719	24	O	5.55	C	-		
1719	25	O	5.55	T	-		
1719	26	O	5.55	C	-		
1719	27	O	5.55	A	-		
1719	28	O	5.55	C	-		
1719	29	O	5.55	T	-		
1719	30	O	5.55	T	-		
1719	31	O	5.55	C	-		
1719	32	O	5.55	G	-		
1719	33	O	5.55	A	-		
1719	34	O	5.55	A	-		
1719	35	O	5.55	G	-		
1719	36	O	5.55	C	-		
1719	37	O	5.55	A	-		
1719	38	O	5.55	A	-		
1719	39	O	5.55	C	-		
1719	40	O	5.55	C	-		
1719	41	O	5.55	C	-		
1719	42	O	5.55	C	-		
1719	43	O	5.55	C	-		
1719	44	O	5.55	A	-		
1719	45	O	5.55	C	-		
1719	46	O	5.55	A	-		
1719	47	O	5.55	G	-		
1719	48	O	5.55	G	-		
1719	49	O	5.55	T	-		
1719	50	O	5.55	A	-		
1719	51	O	5.55	C	-		
1719	52	O	5.55	T	-		
1719	53	O	5.55	C	-		
1719	54	O	5.55	C	-		
1719	55	O	5.55	C	-		
1719	56	O	5.55	T	-		
1719	57	O	5.55	C	-		
1719	58	O	5.55	T	-		
1719	59	O	5.55	G	-		
1719	60	O	5.55	T	-		
1719	61	O	5.55	T	-		
1719	62	O	5.55	G	-		
1719	63	O	5.55	A	-		
1719	64	O	5.55	A	-		
1719	65	O	5.55	C	-		
1719	66	O	5.55	A	-		
1719	67	O	5.55	A	-		
1719	68	O	5.55	C	-		
1719	69	O	5.55	A	-		
1719	70	O	5.55	T	-		
1719	71	O	5.55	A	-		
1719	72	O	5.55	C	-		
1719	73	O	5.55	T	-		
1719	74	O	5.55	A	-		
1719	75	O	5.55	C	-		
1719	76	O	5.55	T	-		
1719	77	O	5.55	T	-		
1719	78	O	5.55	A	-		
1719	79	O	5.55	G	-		
1719	80	O	5.55	C	-		
1719	81	O	5.55	C	-		
1719	82	O	5.55	C	-		
1719	83	O	5.55	A	-		
1719	84	O	5.55	G	-		
1719	85	O	5.55	C	-		
1719	86	O	5.55	A	-		
1719	87	O	5.55	C	-		
1719	88	O	5.55	T	-		
1719	89	O	5.55	G	-		
1719	90	O	5.55	T	-		
1719	91	O	5.55	A	-		
1719	92	O	5.55	T	-		
1719	93	O	5.55	T	-		
1719	94	O	5.55	T	-		
1719	95	O	5.55	T	-		
1719	96	O	5.55	C	-		
1719	97	O	5.55	C	-		
1719	98	O	5.55	A	-		
1719	99	O	5.55	T	-		
1719	100	O	5.55	A	-		
1719	101	O	5.55	G	-		
1719	102	O	5.55	C	-		
1719	103	O	5.55	T	-		
1719	104	O	5.55	G	-		
1719	105	O	5.55	C	-		
1719	106	O	5.55	T	-		
1719	107	O	5.55	C	-		
1719	108	O	5.55	C	-		
1719	109	O	5.55	T	-		
1720	0	O	5.55	T	-		
1720	1	O	5.55	A	-		
1720	2	O	5.55	T	-		
1720	3	O	5.55	A	-		
1720	4	O	5.55	A	-		
1720	5	O	5.55	G	-		
1720	6	O	5.55	T	-		
1720	7	O	5.55	T	-		
1720	8	O	5.55	A	-		
1720	9	O	5.55	T	-		
1720	10	O	5.55	C	-		
1720	11	O	5.55	T	-		
1720	12	O	5.55	A	-		
1720	13	O	5.55	C	-		
1720	14	O	5.55	A	-		
1720	15	O	5.55	A	-		
1720	16	O	5.55	A	-		
1720	17	O	5.55	T	-		
1720	18	O	5.55	C	-		
1720	19	O	5.55	C	-		
1720	20	O	5.55	A	-		
1720	21	O	5.55	C	-		
1720	22	O	5.55	T	-		
1720	23	O	5.55	T	-		
1720	24	O	5.55	C	-		
1720	25	O	5.55	A	-		
1720	26	O	5.55	C	-		
1720	27	O	5.55	T	-		
1720	28	O	5.55	A	-		
1720	29	O	5.55	T	-		
1720	30	O	5.55	C	-		
1720	31	O	5.55	A	-		
1720	32	O	5.55	G	-		
1720	33	O	5.55	T	-		
1720	34	O	5.55	C	-		
1720	35	O	5.55	T	-		
1720	36	O	5.55	G	-		
1720	37	O	5.55	A	-		
1720	38	O	5.55	A	-		
1720	39	O	5.55	A	-		
1720	40	O	5.55	A	-		
1720	41	O	5.55	C	-		
1720	42	O	5.55	T	-		
1720	43	O	5.55	A	-		
1720	44	O	5.55	A	-		
1720	45	O	5.55	T	-		
1720	46	O	5.55	A	-		
1720	47	O	5.55	G	-		
1720	48	O	5.55	C	-		
1720	49	O	5.55	C	-		
1720	50	O	5.55	C	-		
1720	51	O	5.55	A	-		
1720	52	O	5.55	A	-		
1720	53	O	5.55	C	-		
1720	54	O	5.55	T	-		
1720	55	O	5.55	T	-		
1720	56	O	5.55	A	-		
1720	57	O	5.55	T	-		
1720	58	O	5.55	T	-		
1720	59	O	5.55	A	-		
1720	60	O	5.55	G	-		
1720	61	O	5.55	C	-		
1720	62	O	5.55	T	-		
1720	63	O	5.55	G	-		
1720	64	O	5.55	G	-		
1720	65	O	5.55	A	-		
1720	66	O	5.55	A	-		
1720	67	O	5.55	A	-		
1720	68	O	5.55	A	-		
1720	69	O	5.55	A	-		
1720	70	O	5.55	A	-		
1720	71	O	5.55	A	-		
1720	72	O	5.55	A	-		
1720	73	O	5.55	T	-		
1720	74	O	5.55	C	-		
1720	75	O	5.55	T	-		
1720	76	O	5.55	G	-		
1720	77	O	5.55	G	-		
1720	78	O	5.55	T	-		
1720	79	O	5.55	T	-		
1720	80	O	5.55	G	-		
1720	81	O	5.55	C	-		
1720	82	O	5.55	C	-		
1720	83	O	5.55	A	-		
1720	84	O	5.55	A	-		
1720	85	O	5.55	G	-		
1720	86	O	5.55	G	-		
1720	87	O	5.55	G	-		
1720	88	O	5.55	C	-		
1720	89	O	5.55	A	-		
1720	90	O	5.55	A	-		
1720	91	O	5.55	A	-		
1720	92	O	5.55	A	-		
1720	93	O	5.55	A	-		
1720	94	O	5.55	G	-		
1720	95	O	5.55	G	-		
1720	96	O	5.55	T	-		
1720	97	O	5.55	T	-		
1720	98	O	5.55	A	-		
1720	99	O	5.55	G	-		
1720	100	O	5.55	G	-		
1720	101	O	5.55	C	-		
1720	102	O	5.55	T	-		
1720	103	O	5.55	C	-		
1720	104	O	5.55	G	-		
1720	105	O	5.55	T	-		
1720	106	O	5.55	T	-		
1720	107	O	5.55	G	-		
1720	108	O	5.55	A	-		
1720	109	O	5.55	T	-		
1721	0	O	12.48	T	-		
1721	1	O	12.48	C	-		
1721	2	O	12.48	G	-		
1721	3	O	12.48	G	-		
1721	4	O	12.48	T	-		
1721	5	O	12.48	G	-		
1721	6	O	12.48	T	-		
1721	7	O	12.48	T	-		
1721	8	O	12.48	G	-		
1721	9	O	12.48	G	-		
1721	10	O	12.48	T	-		
1721	11	O	12.48	G	-		
1721	12	O	12.48	T	-		
1721	13	O	12.48	G	-		
1721	14	O	12.48	G	-		
1721	15	O	12.48	A	-		
1721	16	O	12.48	A	-		
1721	17	O	12.48	G	-		
1721	18	O	12.48	A	-		
1721	19	O	12.48	T	-		
1721	20	O	12.48	G	-		
1721	21	O	12.48	A	-		
1721	22	O	12.48	A	-		
1721	23	O	12.48	G	-		
1721	24	O	12.48	T	-		
1721	25	O	12.48	C	-		
1721	26	O	12.48	G	-		
1721	27	O	12.48	A	-		
1721	28	O	12.48	T	-		
1721	29	O	12.48	G	-		
1721	30	O	12.48	C	-		
1721	31	O	12.48	C	-		
1721	32	O	12.48	G	-		
1721	33	O	12.48	T	-		
1721	34	O	12.48	T	-		
1721	35	O	12.48	G	-		
1721	36	O	12.48	T	-		
1721	37	O	12.48	C	-		
1721	38	O	12.48	C	-		
1721	39	O	12.48	T	-		
1721	40	O	12.48	C	-		
1721	41	O	12.48	C	-		
1721	42	O	12.48	T	-		
1721	43	O	12.48	G	-		
1721	44	O	12.48	T	-		
1721	45	O	12.48	G	-		
1721	46	O	12.48	T	-		
1721	47	O	12.48	C	-		
1721	48	O	12.48	G	-		
1721	49	O	12.48	T	-		
1721	50	O	12.48	A	-		
1721	51	O	12.48	C	-		
1721	52	O	12.48	T	-		
1721	53	O	12.48	G	-		
1721	54	O	12.48	G	-		
1721	55	O	12.48	G	-		
1721	56	O	12.48	T	-		
1721	57	O	12.48	T	-		
1721	58	O	12.48	A	-		
1721	59	O	12.48	G	-		
1721	60	O	12.48	T	-		
1721	61	O	12.48	G	-		
1721	62	O	12.48	A	-		
1721	63	O	12.48	A	-		
1721	64	O	12.48	T	-		
1721	65	O	12.48	G	-		
1721	66	O	12.48	T	-		
1721	67	O	12.48	C	-		
1721	68	O	12.48	C	-		
1721	69	O	12.48	G	-		
1721	70	O	12.48	A	-		
1721	71	O	12.48	G	-		
1721	72	O	12.48	C	-		
1721	73	O	12.48	T	-		
1721	74	O	12.48	G	-		
1721	75	O	12.48	T	-		
1721	76	O	12.48	T	-		
1721	77	O	12.48	T	-		
1721	78	O	12.48	T	-		
1721	79	O	12.48	G	-		
1721	80	O	12.48	G	-		
1721	81	O	12.48	A	-		
1721	82	O	12.48	G	-		
1721	83	O	12.48	G	-		
1721	84	O	12.48	G	-		
1721	85	O	12.48	C	-		
1721	86	O	12.48	G	-		
1721	87	O	12.48	C	-		
1721	88	O	12.48	T	-		
1721	89	O	12.48	T	-		
1721	90	O	12.48	G	-		
1721	91	O	12.48	G	-		
1721	92	O	12.48	C	-		
1721	93	O	12.48	A	-		
1721	94	O	12.48	A	-		
1721	95	O	12.48	A	-		
1721	96	O	12.48	C	-		
1721	97	O	12.48	T	-		
1721	98	O	12.48	C	-		
1721	99	O	12.48	A	-		
1721	100	O	12.48	C	-		
1721	101	O	12.48	C	-		
1721	102	O	12.48	C	-		
1721	103	O	12.48	T	-		
1721	104	O	12.48	T	-		
1721	105	O	12.48	G	-		
1721	106	O	12.48	C	-		
1721	107	O	12.48	G	-		
1721	108	O	12.48	G	-		
1721	109	O	12.48	C	-		
1722	0	O	6.93	C	-		
1722	1	O	6.93	T	-		
1722	2	O	6.93	C	-		
1722	3	O	6.93	A	-		
1722	4	O	6.93	G	-		
1722	5	O	6.93	A	-		
1722	6	O	6.93	C	-		
1722	7	O	6.93	G	-		
1722	8	O	6.93	G	-		
1722	9	O	6.93	A	-		
1722	10	O	6.93	T	-		
1722	11	O	6.93	G	-		
1722	12	O	6.93	G	-		
1722	13	O	6.93	C	-		
1722	14	O	6.93	A	-		
1722	15	O	6.93	C	-		
1722	16	O	6.93	T	-		
1722	17	O	6.93	C	-		
1722	18	O	6.93	A	-		
1722	19	O	6.93	C	-		
1722	20	O	6.93	G	-		
1722	21	O	6.93	C	-		
1722	22	O	6.93	C	-		
1722	23	O	6.93	G	-		
1722	24	O	6.93	G	-		
1722	25	O	6.93	C	-		
1722	26	O	6.93	C	-		
1722	27	O	6.93	A	-		
1722	28	O	6.93	G	-		
1722	29	O	6.93	A	-		
1722	30	O	6.93	C	-		
1722	31	O	6.93	T	-		
1722	32	O	6.93	T	-		
1722	33	O	6.93	G	-		
1722	34	O	6.93	G	-		
1722	35	O	6.93	A	-		
1722	36	O	6.93	T	-		
1722	37	O	6.93	C	-		
1722	38	O	6.93	C	-		
1722	39	O	6.93	T	-		
1722	40	O	6.93	C	-		
1722	41	O	6.93	A	-		
1722	42	O	6.93	T	-		
1722	43	O	6.93	G	-		
1722	44	O	6.93	T	-		
1722	45	O	6.93	G	-		
1722	46	O	6.93	G	-		
1722	47	O	6.93	G	-		
1722	48	O	6.93	T	-		
1722	49	O	6.93	A	-		
1722	50	O	6.93	A	-		
1722	51	O	6.93	T	-		
1722	52	O	6.93	G	-		
1722	53	O	6.93	A	-		
1722	54	O	6.93	C	-		
1722	55	O	6.93	G	-		
1722	56	O	6.93	G	-		
1722	57	O	6.93	G	-		
1722	58	O	6.93	G	-		
1722	59	O	6.93	A	-		
1722	60	O	6.93	A	-		
1722	61	O	6.93	G	-		
1722	62	O	6.93	C	-		
1722	63	O	6.93	A	-		
1722	64	O	6.93	C	-		
1722	65	O	6.93	T	-		
1722	66	O	6.93	T	-		
1722	67	O	6.93	G	-		
1722	68	O	6.93	C	-		
1722	69	O	6.93	C	-		
1722	70	O	6.93	C	-		
1722	71	O	6.93	T	-		
1722	72	O	6.93	G	-		
1722	73	O	6.93	A	-		
1722	74	O	6.93	G	-		
1722	75	O	6.93	A	-		
1722	76	O	6.93	T	-		
1722	77	O	6.93	C	-		
1722	78	O	6.93	A	-		
1722	79	O	6.93	A	-		
1722	80	O	6.93	G	-		
1722	81	O	6.93	C	-		
1722	82	O	6.93	C	-		
1722	83	O	6.93	G	-		
1722	84	O	6.93	A	-		
1722	85	O	6.93	G	-		
1722	86	O	6.93	C	-		
1722	87	O	6.93	A	-		
1722	88	O	6.93	G	-		
1722	89	O	6.93	T	-		
1722	90	O	6.93	T	-		
1722	91	O	6.93	C	-		
1722	92	O	6.93	G	-		
1722	93	O	6.93	C	-		
1722	94	O	6.93	A	-		
1722	95	O	6.93	G	-		
1722	96	O	6.93	G	-		
1722	97	O	6.93	T	-		
1722	98	O	6.93	A	-		
1722	99	O	6.93	C	-		
1722	100	O	6.93	T	-		
1722	101	O	6.93	G	-		
1722	102	O	6.93	A	-		
1722	103	O	6.93	C	-		
1722	104	O	6.93	A	-		
1722	105	O	6.93	G	-		
1722	106	O	6.93	A	-		
1722	107	O	6.93	C	-		
1722	108	O	6.93	C	-		
1722	109	O	6.93	T	-		
1723	0	O	12.48	A	-		
1723	1	O	12.48	C	-		
1723	2	O	12.48	G	-		
1723	3	O	12.48	A	-		
1723	4	O	12.48	G	-		
1723	5	O	12.48	A	-		
1723	6	O	12.48	G	-		
1723	7	O	12.48	G	-		
1723	8	O	12.48	T	-		
1723	9	O	12.48	T	-		
1723	10	O	12.48	C	-		
1723	11	O	12.48	C	-		
1723	12	O	12.48	A	-		
1723	13	O	12.48	G	-		
1723	14	O	12.48	G	-		
1723	15	O	12.48	T	-		
1723	16	O	12.48	G	-		
1723	17	O	12.48	G	-		
1723	18	O	12.48	G	-		
1723	19	O	12.48	C	-		
1723	20	O	12.48	G	-		
1723	21	O	12.48	C	-		
1723	22	O	12.48	C	-		
1723	23	O	12.48	A	-		
1723	24	O	12.48	G	-		
1723	25	O	12.48	C	-		
1723	26	O	12.48	T	-		
1723	27	O	12.48	C	-		
1723	28	O	12.48	G	-		
1723	29	O	12.48	C	-		
1723	30	O	12.48	A	-		
1723	31	O	12.48	C	-		
1723	32	O	12.48	G	-		
1723	33	O	12.48	T	-		
1723	34	O	12.48	T	-		
1723	35	O	12.48	G	-		
1723	36	O	12.48	G	-		
1723	37	O	12.48	C	-		
1723	38	O	12.48	C	-		
1723	39	O	12.48	C	-		
1723	40	O	12.48	C	-		
1723	41	O	12.48	A	-		
1723	42	O	12.48	C	-		
1723	43	O	12.48	C	-		
1723	44	O	12.48	G	-		
1723	45	O	12.48	G	-		
1723	46	O	12.48	T	-		
1723	47	O	12.48	C	-		
1723	48	O	12.48	T	-		
1723	49	O	12.48	G	-		
1723	50	O	12.48	C	-		
1723	51	O	12.48	C	-		
1723	52	O	12.48	C	-		
1723	53	O	12.48	A	-		
1723	54	O	12.48	C	-		
1723	55	O	12.48	T	-		
1723	56	O	12.48	A	-		
1723	57	O	12.48	C	-		
1723	58	O	12.48	G	-		
1723	59	O	12.48	G	-		
1723	60	O	12.48	T	-		
1723	61	O	12.48	C	-		
1723	62	O	12.48	A	-		
1723	63	O	12.48	G	-		
1723	64	O	12.48	C	-		
1723	65	O	12.48	T	-		
1723	66	O	12.48	G	-		
1723	67	O	12.48	G	-		
1723	68	O	12.48	C	-		
1723	69	O	12.48	T	-		
1723	70	O	12.48	C	-		
1723	71	O	12.48	A	-		
1723	72	O	12.48	A	-		
1723	73	O	12.48	C	-		
1723	74	O	12.48	G	-		
1723	75	O	12.48	T	-		
1723	76	O	12.48	G	-		
1723	77	O	12.48	A	-		
1723	78	O	12.48	G	-		
1723	79	O	12.48	T	-		
1723	80	O	12.48	C	-		
1723	81	O	12.48	G	-		
1723	82	O	12.48	C	-		
1723	83	O	12.48	G	-		
1723	84	O	12.48	C	-		
1723	85	O	12.48	G	-		
1723	86	O	12.48	A	-		
1723	87	O	12.48	C	-		
1723	88	O	12.48	G	-		
1723	89	O	12.48	C	-		
1723	90	O	12.48	C	-		
1723	91	O	12.48	G	-		
1723	92	O	12.48	A	-		
1723	93	O	12.48	G	-		
1723	94	O	12.48	C	-		
1723	95	O	12.48	G	-		
1723	96	O	12.48	A	-		
1723	97	O	12.48	G	-		
1723	98	O	12.48	T	-		
1723	99	O	12.48	C	-		
1723	100	O	12.48	C	-		
1723	101	O	12.48	G	-		
1723	102	O	12.48	G	-		
1723	103	O	12.48	A	-		
1723	104	O	12.48	A	-		
1723	105	O	12.48	C	-		
1723	106	O	12.48	T	-		
1723	107	O	12.48	T	-		
1723	108	O	12.48	A	-		
1723	109	O	12.48	C	-		
1724	0	O	9.70	T	-		
1724	1	O	9.70	A	-		
1724	2	O	9.70	A	-		
1724	3	O	9.70	T	-		
1724	4	O	9.70	C	-		
1724	5	O	9.70	G	-		
1724	6	O	9.70	C	-		
1724	7	O	9.70	T	-		
1724	8	O	9.70	G	-		
1724	9	O	9.70	A	-		
1724	10	O	9.70	T	-		
1724	11	O	9.70	C	-		
1724	12	O	9.70	T	-		
1724	13	O	9.70	T	-		
1724	14	O	9.70	C	-		
1724	15	O	9.70	T	-		
1724	16	O	9.70	G	-		
1724	17	O	9.70	G	-		
1724	18	O	9.70	A	-		
1724	19	O	9.70	G	-		
1724	20	O	9.70	G	-		
1724	21	O	9.70	A	-		
1724	22	O	9.70	T	-		
1724	23	O	9.70	A	-		
1724	24	O	9.70	A	-		
1724	25	O	9.70	T	-		
1724	26	O	9.70	C	-		
1724	27	O	9.70	G	-		
1724	28	O	9.70	G	-		
1724	29	O	9.70	C	-		
1724	30	O	9.70	T	-		
1724	31	O	9.70	C	-		
1724	32	O	9.70	A	-		
1724	33	O	9.70	G	-		
1724	34	O	9.70	A	-		
1724	35	O	9.70	C	-		
1724	36	O	9.70	C	-		
1724	37	O	9.70	A	-		
1724	38	O	9.70	G	-		
1724	39	O	9.70	C	-		
1724	40	O	9.70	C	-		
1724	41	O	9.70	A	-		
1724	42	O	9.70	T	-		
1724	43	O	9.70	C	-		
1724	44	O	9.70	G	-		
1724	45	O	9.70	T	-		
1724	46	O	9.70	A	-		
1724	47	O	9.70	C	-		
1724	48	O	9.70	A	-		
1724	49	O	9.70	A	-		
1724	50	O	9.70	C	-		
1724	51	O	9.70	A	-		
1724	52	O	9.70	C	-		
1724	53	O	9.70	A	-		
1724	54	O	9.70	T	-		
1724	55	O	9.70	G	-		
1724	56	O	9.70	G	-		
1724	57	O	9.70	T	-		
1724	58	O	9.70	G	-		
1724	59	O	9.70	G	-		
1724	60	O	9.70	A	-		
1724	61	O	9.70	C	-		
1724	62	O	9.70	A	-		
1724	63	O	9.70	G	-		
1724	64	O	9.70	T	-		
1724	65	O	9.70	C	-		
1724	66	O	9.70	C	-		
1724	67	O	9.70	A	-		
1724	68	O	9.70	C	-		
1724	69	O	9.70	A	-		
1724	70	O	9.70	C	-		
1724	71	O	9.70	C	-		
1724	72	O	9.70	A	-		
1724	73	O	9.70	T	-		
1724	74	O	9.70	G	-		
1724	75	O	9.70	T	-		
1724	76	O	9.70	A	-		
1724	77	O	9.70	T	-		
1724	78	O	9.70	C	-		
1724	79	O	9.70	G	-		
1724	80	O	9.70	C	-		
1724	81	O	9.70	T	-		
1724	82	O	9.70	G	-		
1724	83	O	9.70	A	-		
1724	84	O	9.70	C	-		
1724	85	O	9.70	T	-		
1724	86	O	9.70	T	-		
1724	87	O	9.70	T	-		
1724	88	O	9.70	C	-		
1724	89	O	9.70	C	-		
1724	90	O	9.70	T	-		
1724	91	O	9.70	G	-		
1724	92	O	9.70	A	-		
1724	93	O	9.70	G	-		
1724	94	O	9.70	C	-		
1724	95	O	9.70	A	-		
1724	96	O	9.70	T	-		
1724	97	O	9.70	C	-		
1724	98	O	9.70	T	-		
1724	99	O	9.70	T	-		
1724	100	O	9.70	C	-		
1724	101	O	9.70	G	-		
1724	102	O	9.70	A	-		
1724	103	O	9.70	C	-		
1724	104	O	9.70	A	-		
1724	105	O	9.70	A	-		
1724	106	O	9.70	T	-		
1724	107	O	9.70	G	-		
1724	108	O	9.70	G	-		
1724	109	O	9.70	C	-		
1725	0	O	6.93	T	-		
1725	1	O	6.93	T	-		
1725	2	O	6.93	G	-		
1725	3	O	6.93	A	-		
1725	4	O	6.93	C	-		
1725	5	O	6.93	C	-		
1725	6	O	6.93	A	-		
1725	7	O	6.93	C	-		
1725	8	O	6.93	G	-		
1725	9	O	6.93	T	-		
1725	10	O	6.93	T	-		
1725	11	O	6.93	G	-		
1725	12	O	6.93	C	-		
1725	13	O	6.93	C	-		
1725	14	O	6.93	G	-		
1725	15	O	6.93	T	-		
1725	16	O	6.93	C	-		
1725	17	O	6.93	C	-		
1725	18	O	6.93	C	-		
1725	19	O	6.93	A	-		
1725	20	O	6.93	T	-		
1725	21	O	6.93	A	-		
1725	22	O	6.93	G	-		
1725	23	O	6.93	C	-		
1725	24	O	6.93	T	-		
1725	25	O	6.93	G	-		
1725	26	O	6.93	C	-		
1725	27	O	6.93	G	-		
1725	28	O	6.93	A	-		
1725	29	O	6.93	C	-		
1725	30	O	6.93	G	-		
1725	31	O	6.93	C	-		
1725	32	O	6.93	C	-		
1725	33	O	6.93	G	-		
1725	34	O	6.93	C	-		
1725	35	O	6.93	C	-		
1725	36	O	6.93	G	-		
1725	37	O	6.93	C	-		
1725	38	O	6.93	G	-		
1725	39	O	6.93	A	-		
1725	40	O	6.93	T	-		
1725	41	O	6.93	C	-		
1725	42	O	6.93	C	-		
1725	43	O	6.93	G	-		
1725	44	O	6.93	C	-		
1725	45	O	6.93	C	-		
1725	46	O	6.93	G	-		
1725	47	O	6.93	G	-		
1725	48	O	6.93	A	-		
1725	49	O	6.93	G	-		
1725	50	O	6.93	T	-		
1725	51	O	6.93	T	-		
1725	52	O	6.93	C	-		
1725	53	O	6.93	G	-		
1725	54	O	6.93	C	-		
1725	55	O	6.93	T	-		
1725	56	O	6.93	G	-		
1725	57	O	6.93	C	-		
1725	58	O	6.93	G	-		
1725	59	O	6.93	C	-		
1725	60	O	6.93	A	-		
1725	61	O	6.93	T	-		
1725	62	O	6.93	C	-		
1725	63	O	6.93	G	-		
1725	64	O	6.93	C	-		
1725	65	O	6.93	C	-		
1725	66	O	6.93	T	-		
1725	67	O	6.93	C	-		
1725	68	O	6.93	G	-		
1725	69	O	6.93	A	-		
1725	70	O	6.93	T	-		
1725	71	O	6.93	C	-		
1725	72	O	6.93	G	-		
1725	73	O	6.93	G	-		
1725	74	O	6.93	C	-		
1725	75	O	6.93	G	-		
1725	76	O	6.93	C	-		
1725	77	O	6.93	C	-		
1725	78	O	6.93	C	-		
1725	79	O	6.93	G	-		
1725	80	O	6.93	G	-		
1725	81	O	6.93	T	-		
1725	82	O	6.93	G	-		
1725	83	O	6.93	G	-		
1725	84	O	6.93	T	-		
1725	85	O	6.93	C	-		
1725	86	O	6.93	G	-		
1725	87	O	6.93	A	-		
1725	88	O	6.93	C	-		
1725	89	O	6.93	G	-		
1725	90	O	6.93	T	-		
1725	91	O	6.93	A	-		
1725	92	O	6.93	G	-		
1725	93	O	6.93	A	-		
1725	94	O	6.93	G	-		
1725	95	O	6.93	G	-		
1725	96	O	6.93	A	-		
1725	97	O	6.93	A	-		
1725	98	O	6.93	C	-		
1725	99	O	6.93	A	-		
1725	100	O	6.93	C	-		
1725	101	O	6.93	G	-		
1725	102	O	6.93	G	-		
1725	103	O	6.93	A	-		
1725	104	O	6.93	A	-		
1725	105	O	6.93	C	-		
1725	106	O	6.93	C	-		
1725	107	O	6.93	G	-		
1725	108	O	6.93	A	-		
1725	109	O	6.93	T	-		
1726	0	O	38.82	T	-		
1726	1	O	38.82	A	-		
1726	2	O	38.82	A	-		
1726	3	O	38.82	T	-		
1726	4	O	38.82	A	-		
1726	5	O	38.82	G	-		
1726	6	O	38.82	C	-		
1726	7	O	38.82	T	-		
1726	8	O	38.82	T	-		
1726	9	O	38.82	G	-		
1726	10	O	38.82	G	-		
1726	11	O	38.82	A	-		
1726	12	O	38.82	C	-		
1726	13	O	38.82	C	-		
1726	14	O	38.82	T	-		
1726	15	O	38.82	G	-		
1726	16	O	38.82	C	-		
1726	17	O	38.82	A	-		
1726	18	O	38.82	C	-		
1726	19	O	38.82	A	-		
1726	20	O	38.82	A	-		
1726	21	E	-25.79	G	A		
1726	22	O	38.82	G	-		
1726	23	O	38.82	G	-		
1726	24	O	20.01	G	-		
1726	25	O	38.82	C	-		
1726	26	O	38.82	A	-		
1726	27	O	38.82	G	-		
1726	28	O	38.82	G	-		
1726	29	O	38.82	T	-		
1726	30	O	38.82	T	-		
1726	31	O	38.82	A	-		
1726	32	O	38.82	T	-		
1726	33	O	38.82	T	-		
1726	34	O	38.82	T	-		
1726	35	O	38.82	G	-		
1726	36	O	38.82	G	-		
1726	37	O	38.82	C	-		
1726	38	O	38.82	C	-		
1726	39	O	38.82	A	-		
1726	40	O	38.82	T	-		
1726	41	O	38.82	G	-		
1726	42	O	38.82	A	-		
1726	43	O	38.82	T	-		
1726	44	O	38.82	C	-		
1726	45	O	38.82	A	-		
1726	46	O	38.82	A	-		
1726	47	O	38.82	T	-		
1726	48	O	38.82	C	-		
1726	49	O	38.82	C	-		
1726	50	O	38.82	A	-		
1726	51	O	38.82	A	-		
1726	52	O	38.82	C	-		
1726	53	O	38.82	C	-		
1726	54	O	38.82	A	-		
1726	55	O	38.82	T	-		
1726	56	O	38.82	C	-		
1726	57	O	38.82	A	-		
1726	58	O	38.82	A	-		
1726	59	O	38.82	G	-		
1726	60	O	38.82	A	-		
1726	61	O	38.82	C	-		
1726	62	O	38.82	A	-		
1726	63	O	38.82	C	-		
1726	64	O	38.82	T	-		
1726	65	O	38.82	C	-		
1726	66	O	38.82	T	-		
1726	67	O	38.82	C	-		
1726	68	O	38.82	T	-		
1726	69	O	38.82	G	-		
1726	70	O	38.82	T	-		
1726	71	O	38.82	G	-		
1726	72	O	38.82	A	-		
1726	73	O	38.82	A	-		
1726	74	O	38.82	A	-		
1726	75	O	38.82	C	-		
1726	76	O	38.82	C	-		
1726	77	O	38.82	T	-		
1726	78	O	38.82	A	-		
1726	79	O	38.82	T	-		
1726	80	O	38.82	G	-		
1726	81	O	20.01	A	-		
1726	82	O	38.82	A	-		
1726	83	O	38.82	A	-		
1726	84	O	38.82	A	-		
1726	85	O	38.82	C	-		
1726	86	O	38.82	A	-		
1726	87	O	38.82	A	-		
1726	88	O	38.82	T	-		
1726	89	O	38.82	T	-		
1726	90	O	38.82	G	-		
1726	91	O	38.82	C	-		
1726	92	O	38.82	A	-		
1726	93	E	-19.65	C	G		
1726	94	O	38.82	A	-		
1726	95	O	38.82	G	-		
1726	96	O	38.82	C	-		
1726	97	O	38.82	T	-		
1726	98	O	38.82	C	-		
1726	99	O	38.82	C	-		
1726	100	O	38.82	C	-		
1726	101	O	38.82	T	-		
1726	102	O	38.82	G	-		
1726	103	O	38.82	A	-		
1726	104	O	38.82	C	-		
1726	105	O	38.82	C	-		
1726	106	O	38.82	T	-		
1726	107	O	38.82	C	-		
1726	108	O	38.82	C	-		
1726	109	O	38.82	T	-		
1727	0	O	9.70	C	-		
1727	1	O	9.70	A	-		
1727	2	O	9.70	A	-		
1727	3	O	9.70	A	-		
1727	4	O	9.70	G	-		
1727	5	O	9.70	T	-		
1727	6	O	9.70	A	-		
1727	7	O	9.70	G	-		
1727	8	O	9.70	C	-		
1727	9	O	9.70	A	-		
1727	10	O	9.70	G	-		
1727	11	O	9.70	A	-		
1727	12	O	9.70	C	-		
1727	13	O	9.70	G	-		
1727	14	O	9.70	G	-		
1727	15	O	9.70	C	-		
1727	16	O	9.70	G	-		
1727	17	O	9.70	A	-		
1727	18	O	9.70	T	-		
1727	19	O	9.70	G	-		
1727	20	O	9.70	A	-		
1727	21	O	9.70	T	-		
1727	22	O	9.70	G	-		
1727	23	O	9.70	C	-		
1727	24	O	9.70	G	-		
1727	25	O	9.70	G	-		
1727	26	O	9.70	G	-		
1727	27	O	9.70	C	-		
1727	28	O	9.70	G	-		
1727	29	O	9.70	C	-		
1727	30	O	9.70	C	-		
1727	31	O	9.70	G	-		
1727	32	O	9.70	G	-		
1727	33	O	9.70	A	-		
1727	34	O	9.70	G	-		
1727	35	O	9.70	C	-		
1727	36	O	9.70	C	-		
1727	37	O	9.70	G	-		
1727	38	O	9.70	A	-		
1727	39	O	9.70	C	-		
1727	40	O	9.70	G	-		
1727	41	O	9.70	G	-		
1727	42	O	9.70	C	-		
1727	43	O	9.70	G	-		
1727	44	O	9.70	A	-		
1727	45	O	9.70	A	-		
1727	46	O	9.70	C	-		
1727	47	O	9.70	T	-		
1727	48	O	9.70	T	-		
1727	49	O	9.70	A	-		
1727	50	O	9.70	C	-		
1727	51	O	9.70	T	-		
1727	52	O	9.70	C	-		
1727	53	O	9.70	T	-		
1727	54	O	9.70	C	-		
1727	55	O	9.70	G	-		
1727	56	O	9.70	T	-		
1727	57	O	9.70	T	-		
1727	58	O	9.70	G	-		
1727	59	O	9.70	G	-		
1727	60	O	9.70	G	-		
1727	61	O	9.70	C	-		
1727	62	O	9.70	G	-		
1727	63	O	9.70	C	-		
1727	64	O	9.70	C	-		
1727	65	O	9.70	C	-		
1727	66	O	9.70	A	-		
1727	67	O	9.70	G	-		
1727	68	O	9.70	C	-		
1727	69	O	9.70	G	-		
1727	70	O	9.70	C	-		
1727	71	O	9.70	A	-		
1727	72	O	9.70	C	-		
1727	73	O	9.70	G	-		
1727	74	O	9.70	C	-		
1727	75	O	9.70	A	-		
1727	76	O	9.70	G	-		
1727	77	O	9.70	G	-		
1727	78	O	9.70	T	-		
1727	79	O	9.70	C	-		
1727	80	O	9.70	G	-		
1727	81	O	9.70	C	-		
1727	82	O	9.70	G	-		
1727	83	O	9.70	G	-		
1727	84	O	9.70	C	-		
1727	85	O	9.70	G	-		
1727	86	O	9.70	C	-		
1727	87	O	9.70	G	-		
1727	88	O	9.70	G	-		
1727	89	O	9.70	T	-		
1727	90	O	9.70	T	-		
1727	91	O	9.70	G	-		
1727	92	O	9.70	A	-		
1727	93	O	9.70	T	-		
1727	94	O	9.70	C	-		
1727	95	O	9.70	C	-		
1727	96	O	9.70	G	-		
1727	97	O	9.70	C	-		
1727	98	O	9.70	A	-		
1727	99	O	9.70	G	-		
1727	100	O	9.70	C	-		
1727	101	O	9.70	A	-		
1727	102	O	9.70	G	-		
1727	103	O	9.70	C	-		
1727	104	O	9.70	A	-		
1727	105	O	9.70	C	-		
1727	106	O	9.70	G	-		
1727	107	O	9.70	A	-		
1727	108	O	9.70	G	-		
1727	109	O	9.70	G	-		
1728	0	O	8.32	A	-		
1728	1	O	8.32	G	-		
1728	2	O	8.32	T	-		
1728	3	O	8.32	G	-		
1728	4	O	8.32	A	-		
1728	5	O	8.32	C	-		
1728	6	O	8.32	G	-		
1728	7	O	8.32	A	-		
1728	8	O	8.32	G	-		
1728	9	O	8.32	C	-		
1728	10	O	8.32	G	-		
1728	11	O	8.32	T	-		
1728	12	O	8.32	T	-		
1728	13	O	8.32	T	-		
1728	14	O	8.32	C	-		
1728	15	O	8.32	G	-		
1728	16	O	8.32	G	-		
1728	17	O	8.32	G	-		
1728	18	O	8.32	G	-		
1728	19	O	8.32	A	-		
1728	20	O	8.32	T	-		
1728	21	O	8.32	C	-		
1728	22	O	8.32	T	-		
1728	23	O	8.32	T	-		
1728	24	O	8.32	G	-		
1728	25	O	8.32	A	-		
1728	26	O	8.32	G	-		
1728	27	O	8.32	C	-		
1728	28	O	8.32	C	-		
1728	29	O	8.32	T	-		
1728	30	O	8.32	C	-		
1728	31	O	8.32	T	-		
1728	32	O	8.32	C	-		
1728	33	O	8.32	A	-		
1728	34	O	8.32	T	-		
1728	35	O	8.32	A	-		
1728	36	O	8.32	A	-		
1728	37	O	8.32	G	-		
1728	38	O	8.32	G	-		
1728	39	O	8.32	C	-		
1728	40	O	8.32	C	-		
1728	41	O	8.32	A	-		
1728	42	O	8.32	G	-		
1728	43	O	8.32	G	-		
1728	44	O	8.32	T	-		
1728	45	O	8.32	A	-		
1728	46	O	8.32	G	-		
1728	47	O	8.32	A	-		
1728	48	O	8.32	C	-		
1728	49	O	8.32	G	-		
1728	50	O	8.32	C	-		
1728	51	O	8.32	C	-		
1728	52	O	8.32	T	-		
1728	53	O	8.32	T	-		
1728	54	O	8.32	A	-		
1728	55	O	8.32	G	-		
1728	56	O	8.32	T	-		
1728	57	O	8.32	G	-		
1728	58	O	8.32	A	-		
1728	59	O	8.32	A	-		
1728	60	O	8.32	C	-		
1728	61	O	8.32	C	-		
1728	62	O	8.32	A	-		
1728	63	O	8.32	G	-		
1728	64	O	8.32	C	-		
1728	65	O	8.32	G	-		
1728	66	O	8.32	C	-		
1728	67	O	8.32	C	-		
1728	68	O	8.32	A	-		
1728	69	O	8.32	T	-		
1728	70	O	8.32	T	-		
1728	71	O	8.32	T	-		
1728	72	O	8.32	T	-		
1728	73	O	8.32	C	-		
1728	74	O	8.32	A	-		
1728	75	O	8.32	G	-		
1728	76	O	8.32	T	-		
1728	77	O	8.32	C	-		
1728	78	O	8.32	T	-		
1728	79	O	8.32	C	-		
1728	80	O	8.32	T	-		
1728	81	O	8.32	A	-		
1728	82	O	8.32	C	-		
1728	83	O	8.32	C	-		
1728	84	O	8.32	A	-		
1728	85	O	8.32	T	-		
1728	86	O	8.32	T	-		
1728	87	O	8.32	T	-		
1728	88	O	8.32	C	-		
1728	89	O	8.32	A	-		
1728	90	O	8.32	C	-		
1728	91	O	8.32	T	-		
1728	92	O	8.32	C	-		
1728	93	O	8.32	A	-		
1728	94	O	8.32	G	-		
1728	95	O	8.32	A	-		
1728	96	O	8.32	G	-		
1728	97	O	8.32	C	-		
1728	98	O	8.32	G	-		
1728	99	O	8.32	G	-		
1728	100	O	8.32	A	-		
1728	101	O	8.32	C	-		
1728	102	O	8.32	C	-		
1728	103	O	8.32	G	-		
1728	104	O	8.32	A	-		
1728	105	O	8.32	G	-		
1728	106	O	8.32	T	-		
1728	107	O	8.32	C	-		
1728	108	O	8.32	A	-		
1728	109	O	8.32	A	-		
1729	0	O	9.70	A	-		
1729	1	O	9.70	T	-		
1729	2	O	9.70	T	-		
1729	3	O	9.70	C	-		
1729	4	O	9.70	C	-		
1729	5	O	9.70	G	-		
1729	6	O	9.70	T	-		
1729	7	O	9.70	G	-		
1729	8	O	9.70	C	-		
1729	9	O	9.70	C	-		
1729	10	O	9.70	T	-		
1729	11	O	9.70	T	-		
1729	12	O	9.70	C	-		
1729	13	O	9.70	C	-		
1729	14	O	9.70	C	-		
1729	15	O	9.70	T	-		
1729	16	O	9.70	A	-		
1729	17	O	9.70	T	-		
1729	18	O	9.70	C	-		
1729	19	O	9.70	C	-		
1729	20	O	9.70	C	-		
1729	21	O	9.70	C	-		
1729	22	O	9.70	G	-		
1729	23	O	9.70	G	-		
1729	24	O	9.70	T	-		
1729	25	O	9.70	C	-		
1729	26	O	9.70	A	-		
1729	27	O	9.70	T	-		
1729	28	O	9.70	C	-		
1729	29	O	9.70	A	-		
1729	30	O	9.70	C	-		
1729	31	O	9.70	C	-		
1729	32	O	9.70	T	-		
1729	33	O	9.70	T	-		
1729	34	O	9.70	C	-		
1729	35	O	9.70	C	-		
1729	36	O	9.70	C	-		
1729	37	O	9.70	T	-		
1729	38	O	9.70	C	-		
1729	39	O	9.70	G	-		
1729	40	O	9.70	C	-		
1729	41	O	9.70	T	-		
1729	42	O	9.70	T	-		
1729	43	O	9.70	G	-		
1729	44	O	9.70	G	-		
1729	45	O	9.70	T	-		
1729	46	O	9.70	G	-		
1729	47	O	9.70	C	-		
1729	48	O	9.70	A	-		
1729	49	O	9.70	A	-		
1729	50	O	9.70	T	-		
1729	51	O	9.70	G	-		
1729	52	O	9.70	G	-		
1729	53	O	9.70	G	-		
1729	54	O	9.70	T	-		
1729	55	O	9.70	C	-		
1729	56	O	9.70	C	-		
1729	57	O	9.70	A	-		
1729	58	O	9.70	C	-		
1729	59	O	9.70	C	-		
1729	60	O	9.70	T	-		
1729	61	O	9.70	C	-		
1729	62	O	9.70	G	-		
1729	63	O	9.70	A	-		
1729	64	O	9.70	T	-		
1729	65	O	9.70	C	-		
1729	66	O	9.70	T	-		
1729	67	O	9.70	A	-		
1729	68	O	9.70	C	-		
1729	69	O	9.70	A	-		
1729	70	O	9.70	A	-		
1729	71	O	9.70	G	-		
1729	72	O	9.70	T	-		
1729	73	O	9.70	C	-		
1729	74	O	9.70	G	-		
1729	75	O	9.70	C	-		
1729	76	O	9.70	C	-		
1729	77	O	9.70	A	-		
1729	78	O	9.70	C	-		
1729	79	O	9.70	C	-		
1729	80	O	9.70	C	-		
1729	81	O	9.70	A	-		
1729	82	O	9.70	T	-		
1729	83	O	9.70	C	-		
1729	84	O	9.70	A	-		
1729	85	O	9.70	C	-		
1729	86	O	9.70	C	-		
1729	87	O	9.70	C	-		
1729	88	O	9.70	A	-		
1729	89	O	9.70	G	-		
1729	90	O	9.70	C	-		
1729	91	O	9.70	A	-		
1729	92	O	9.70	A	-		
1729	93	O	9.70	A	-		
1729	94	O	9.70	G	-		
1729	95	O	9.70	C	-		
1729	96	O	9.70	T	-		
1729	97	O	9.70	C	-		
1729	98	O	9.70	C	-		
1729	99	O	9.70	T	-		
1729	100	O	9.70	G	-		
1729	101	O	9.70	G	-		
1729	102	O	9.70	A	-		
1729	103	O	9.70	C	-		
1729	104	O	9.70	C	-		
1729	105	O	9.70	T	-		
1729	106	O	9.70	C	-		
1729	107	O	9.70	G	-		
1729	108	O	9.70	A	-		
1729	109	O	9.70	T	-		
1730	0	O	26.34	G	-		
1730	1	O	26.34	G	-		
1730	2	O	26.34	A	-		
1730	3	O	26.34	C	-		
1730	4	O	26.34	G	-		
1730	5	O	26.34	G	-		
1730	6	O	26.34	A	-		
1730	7	O	26.34	G	-		
1730	8	O	26.34	G	-		
1730	9	O	26.34	A	-		
1730	10	O	26.34	C	-		
1730	11	O	26.34	T	-		
1730	12	O	26.34	G	-		
1730	13	O	26.34	A	-		
1730	14	O	26.34	G	-		
1730	15	O	26.34	A	-		
1730	16	O	26.34	T	-		
1730	17	O	26.34	G	-		
1730	18	O	26.34	A	-		
1730	19	O	26.34	G	-		
1730	20	O	26.34	C	-		
1730	21	O	26.34	T	-		
1730	22	O	26.34	T	-		
1730	23	O	26.34	A	-		
1730	24	O	26.34	C	-		
1730	25	O	26.34	G	-		
1730	26	O	26.34	T	-		
1730	27	O	26.34	T	-		
1730	28	O	26.34	G	-		
1730	29	O	26.34	G	-		
1730	30	O	26.34	G	-		
1730	31	O	26.34	C	-		
1730	32	O	26.34	T	-		
1730	33	O	26.34	G	-		
1730	34	O	26.34	A	-		
1730	35	O	26.34	C	-		
1730	36	O	26.34	A	-		
1730	37	O	26.34	T	-		
1730	38	O	26.34	A	-		
1730	39	O	26.34	T	-		
1730	40	O	26.34	T	-		
1730	41	O	26.34	G	-		
1730	42	O	26.34	A	-		
1730	43	O	26.34	T	-		
1730	44	O	26.34	T	-		
1730	45	O	26.34	A	-		
1730	46	O	26.34	G	-		
1730	47	O	26.34	G	-		
1730	48	O	26.34	T	-		
1730	49	O	26.34	T	-		
1730	50	O	26.34	G	-		
1730	51	O	26.34	A	-		
1730	52	O	26.34	A	-		
1730	53	O	26.34	T	-		
1730	54	O	26.34	G	-		
1730	55	O	26.34	T	-		
1730	56	O	26.34	G	-		
1730	57	O	26.34	G	-		
1730	58	O	26.34	T	-		
1730	59	O	26.34	G	-		
1730	60	O	26.34	T	-		
1730	61	O	26.34	T	-		
1730	62	O	26.34	G	-		
1730	63	O	26.34	T	-		
1730	64	O	26.34	T	-		
1730	65	O	26.34	G	-		
1730	66	O	26.34	G	-		
1730	67	O	26.34	T	-		
1730	68	O	26.34	A	-		
1730	69	O	26.34	T	-		
1730	70	O	26.34	G	-		
1730	71	O	26.34	T	-		
1730	72	O	26.34	T	-		
1730	73	O	26.34	G	-		
1730	74	O	26.34	A	-		
1730	75	O	26.34	G	-		
1730	76	O	26.34	A	-		
1730	77	O	26.34	A	-		
1730	78	O	26.34	G	-		
1730	79	O	26.34	A	-		
1730	80	O	26.34	G	-		
1730	81	O	26.34	A	-		
1730	82	O	26.34	G	-		
1730	83	O	26.34	A	-		
1730	84	O	26.34	G	-		
1730	85	O	26.34	C	-		
1730	86	O	26.34	G	-		
1730	87	O	26.34	G	-		
1730	88	O	26.34	A	-		
1730	89	O	26.34	G	-		
1730	90	O	26.34	G	-		
1730	91	O	26.34	T	-		
1730	92	O	26.34	G	-		
1730	93	O	26.34	A	-		
1730	94	O	26.34	T	-		
1730	95	O	26.34	C	-		
1730	96	O	26.34	C	-		
1730	97	O	26.34	T	-		
1730	98	O	26.34	G	-		
1730	99	O	26.34	G	-		
1730	100	O	26.34	C	-		
1730	101	O	26.34	T	-		
1730	102	O	26.34	T	-		
1730	103	O	26.34	T	-		
1730	104	O	26.34	A	-		
1730	105	O	26.34	T	-		
1730	106	O	26.34	G	-		
1730	107	O	26.34	G	-		
1730	108	O	26.34	C	-		
1730	109	O	26.34	A	-		
1731	0	O	6.93	C	-		
1731	1	O	6.93	C	-		
1731	2	O	6.93	A	-		
1731	3	O	6.93	C	-		
1731	4	O	6.93	G	-		
1731	5	O	6.93	C	-		
1731	6	O	6.93	T	-		
1731	7	O	6.93	G	-		
1731	8	O	6.93	C	-		
1731	9	O	6.93	T	-		
1731	10	O	6.93	C	-		
1731	11	O	6.93	G	-		
1731	12	O	6.93	C	-		
1731	13	O	6.93	C	-		
1731	14	O	6.93	G	-		
1731	15	O	6.93	G	-		
1731	16	O	6.93	T	-		
1731	17	O	6.93	C	-		
1731	18	O	6.93	A	-		
1731	19	O	6.93	T	-		
1731	20	O	6.93	C	-		
1731	21	O	6.93	G	-		
1731	22	O	6.93	C	-		
1731	23	O	6.93	C	-		
1731	24	O	6.93	C	-		
1731	25	O	6.93	A	-		
1731	26	O	6.93	G	-		
1731	27	O	6.93	G	-		
1731	28	O	6.93	T	-		
1731	29	O	6.93	C	-		
1731	30	O	6.93	A	-		
1731	31	O	6.93	C	-		
1731	32	O	6.93	C	-		
1731	33	O	6.93	T	-		
1731	34	O	6.93	C	-		
1731	35	O	6.93	G	-		
1731	36	O	6.93	G	-		
1731	37	O	6.93	T	-		
1731	38	O	6.93	G	-		
1731	39	O	6.93	C	-		
1731	40	O	6.93	C	-		
1731	41	O	6.93	G	-		
1731	42	O	6.93	T	-		
1731	43	O	6.93	C	-		
1731	44	O	6.93	G	-		
1731	45	O	6.93	T	-		
1731	46	O	6.93	C	-		
1731	47	O	6.93	G	-		
1731	48	O	6.93	G	-		
1731	49	O	6.93	C	-		
1731	50	O	6.93	T	-		
1731	51	O	6.93	G	-		
1731	52	O	6.93	G	-		
1731	53	O	6.93	G	-		
1731	54	O	6.93	G	-		
1731	55	O	6.93	C	-		
1731	56	O	6.93	G	-		
1731	57	O	6.93	A	-		
1731	58	O	6.93	G	-		
1731	59	O	6.93	G	-		
1731	60	O	6.93	A	-		
1731	61	O	6.93	C	-		
1731	62	O	6.93	G	-		
1731	63	O	6.93	A	-		
1731	64	O	6.93	A	-		
1731	65	O	6.93	C	-		
1731	66	O	6.93	G	-		
1731	67	O	6.93	A	-		
1731	68	O	6.93	C	-		
1731	69	O	6.93	A	-		
1731	70	O	6.93	C	-		
1731	71	O	6.93	G	-		
1731	72	O	6.93	G	-		
1731	73	O	6.93	C	-		
1731	74	O	6.93	G	-		
1731	75	O	6.93	C	-		
1731	76	O	6.93	T	-		
1731	77	O	6.93	G	-		
1731	78	O	6.93	A	-		
1731	79	O	6.93	C	-		
1731	80	O	6.93	C	-		
1731	81	O	6.93	G	-		
1731	82	O	6.93	A	-		
1731	83	O	6.93	C	-		
1731	84	O	6.93	C	-		
1731	85	O	6.93	G	-		
1731	86	O	6.93	G	-		
1731	87	O	6.93	A	-		
1731	88	O	6.93	A	-		
1731	89	O	6.93	G	-		
1731	90	O	6.93	G	-		
1731	91	O	6.93	G	-		
1731	92	O	6.93	C	-		
1731	93	O	6.93	T	-		
1731	94	O	6.93	T	-		
1731	95	O	6.93	G	-		
1731	96	O	6.93	A	-		
1731	97	O	6.93	C	-		
1731	98	O	6.93	G	-		
1731	99	O	6.93	A	-		
1731	100	O	6.93	A	-		
1731	101	O	6.93	G	-		
1731	102	O	6.93	G	-		
1731	103	O	6.93	T	-		
1731	104	O	6.93	C	-		
1731	105	O	6.93	A	-		
1731	106	O	6.93	G	-		
1731	107	O	6.93	G	-		
1731	108	O	6.93	G	-		
1731	109	O	6.93	C	-		
1732	0	O	5.55	T	-		
1732	1	O	5.55	T	-		
1732	2	O	5.55	A	-		
1732	3	O	5.55	T	-		
1732	4	O	5.55	C	-		
1732	5	O	5.55	T	-		
1732	6	O	5.55	G	-		
1732	7	O	5.55	G	-		
1732	8	O	5.55	A	-		
1732	9	O	5.55	C	-		
1732	10	O	5.55	G	-		
1732	11	O	5.55	C	-		
1732	12	O	5.55	A	-		
1732	13	O	5.55	A	-		
1732	14	O	5.55	C	-		
1732	15	O	5.55	C	-		
1732	16	O	5.55	A	-		
1732	17	O	5.55	T	-		
1732	18	O	5.55	C	-		
1732	19	O	5.55	G	-		
1732	20	O	5.55	C	-		
1732	21	O	5.55	A	-		
1732	22	O	5.55	G	-		
1732	23	O	5.55	G	-		
1732	24	O	5.55	A	-		
1732	25	O	5.55	A	-		
1732	26	O	5.55	G	-		
1732	27	O	5.55	C	-		
1732	28	O	5.55	T	-		
1732	29	O	5.55	T	-		
1732	30	O	5.55	C	-		
1732	31	O	5.55	T	-		
1732	32	O	5.55	C	-		
1732	33	O	5.55	C	-		
1732	34	O	5.55	C	-		
1732	35	O	5.55	T	-		
1732	36	O	5.55	C	-		
1732	37	O	5.55	A	-		
1732	38	O	5.55	C	-		
1732	39	O	5.55	G	-		
1732	40	O	5.55	T	-		
1732	41	O	5.55	T	-		
1732	42	O	5.55	T	-		
1732	43	O	5.55	A	-		
1732	44	O	5.55	T	-		
1732	45	O	5.55	C	-		
1732	46	O	5.55	A	-		
1732	47	O	5.55	T	-		
1732	48	O	5.55	T	-		
1732	49	O	5.55	G	-		
1732	50	O	5.55	T	-		
1732	51	O	5.55	C	-		
1732	52	O	5.55	A	-		
1732	53	O	5.55	A	-		
1732	54	O	5.55	G	-		
1732	55	O	5.55	C	-		
1732	56	O	5.55	A	-		
1732	57	O	5.55	C	-		
1732	58	O	5.55	A	-		
1732	59	O	5.55	A	-		
1732	60	O	5.55	C	-		
1732	61	O	5.55	C	-		
1732	62	O	5.55	T	-		
1732	63	O	5.55	T	-		
1732	64	O	5.55	T	-		
1732	65	O	5.55	G	-		
1732	66	O	5.55	C	-		
1732	67	O	5.55	T	-		
1732	68	O	5.55	C	-		
1732	69	O	5.55	G	-		
1732	70	O	5.55	G	-		
1732	71	O	5.55	C	-		
1732	72	O	5.55	C	-		
1732	73	O	5.55	C	-		
1732	74	O	5.55	G	-		
1732	75	O	5.55	A	-		
1732	76	O	5.55	A	-		
1732	77	O	5.55	G	-		
1732	78	O	5.55	G	-		
1732	79	O	5.55	C	-		
1732	80	O	5.55	C	-		
1732	81	O	5.55	T	-		
1732	82	O	5.55	T	-		
1732	83	O	5.55	C	-		
1732	84	O	5.55	A	-		
1732	85	O	5.55	G	-		
1732	86	O	5.55	C	-		
1732	87	O	5.55	C	-		
1732	88	O	5.55	G	-		
1732	89	O	5.55	A	-		
1732	90	O	5.55	C	-		
1732	91	O	5.55	A	-		
1732	92	O	5.55	A	-		
1732	93	O	5.55	C	-		
1732	94	O	5.55	A	-		
1732	95	O	5.55	A	-		
1732	96	O	5.55	T	-		
1732	97	O	5.55	T	-		
1732	98	O	5.55	G	-		
1732	99	O	5.55	A	-		
1732	100	O	5.55	C	-		
1732	101	O	5.55	T	-		
1732	102	O	5.55	G	-		
1732	103	O	5.55	T	-		
1732	104	O	5.55	C	-		
1732	105	O	5.55	T	-		
1732	106	O	5.55	T	-		
1732	107	O	5.55	T	-		
1732	108	O	5.55	C	-		
1732	109	O	5.55	G	-		
1733	0	O	5.55	G	-		
1733	1	O	5.55	C	-		
1733	2	O	5.55	A	-		
1733	3	O	5.55	A	-		
1733	4	O	5.55	A	-		
1733	5	O	5.55	G	-		
1733	6	O	5.55	G	-		
1733	7	O	5.55	T	-		
1733	8	O	5.55	G	-		
1733	9	O	5.55	C	-		
1733	10	O	5.55	G	-		
1733	11	O	5.55	G	-		
1733	12	O	5.55	T	-		
1733	13	O	5.55	G	-		
1733	14	O	5.55	C	-		
1733	15	O	5.55	A	-		
1733	16	O	5.55	A	-		
1733	17	O	5.55	A	-		
1733	18	O	5.55	C	-		
1733	19	O	5.55	A	-		
1733	20	O	5.55	A	-		
1733	21	O	5.55	A	-		
1733	22	O	5.55	A	-		
1733	23	O	5.55	G	-		
1733	24	O	5.55	C	-		
1733	25	O	5.55	C	-		
1733	26	O	5.55	G	-		
1733	27	O	5.55	T	-		
1733	28	O	5.55	A	-		
1733	29	O	5.55	C	-		
1733	30	O	5.55	A	-		
1733	31	O	5.55	T	-		
1733	32	O	5.55	C	-		
1733	33	O	5.55	A	-		
1733	34	O	5.55	A	-		
1733	35	O	5.55	A	-		
1733	36	O	5.55	C	-		
1733	37	O	5.55	G	-		
1733	38	O	5.55	G	-		
1733	39	O	5.55	C	-		
1733	40	O	5.55	A	-		
1733	41	O	5.55	T	-		
1733	42	O	5.55	G	-		
1733	43	O	5.55	G	-		
1733	44	O	5.55	G	-		
1733	45	O	5.55	T	-		
1733	46	O	5.55	G	-		
1733	47	O	5.55	A	-		
1733	48	O	5.55	G	-		
1733	49	O	5.55	G	-		
1733	50	O	5.55	C	-		
1733	51	O	5.55	T	-		
1733	52	O	5.55	G	-		
1733	53	O	5.55	T	-		
1733	54	O	5.55	C	-		
1733	55	O	5.55	G	-		
1733	56	O	5.55	C	-		
1733	57	O	5.55	C	-		
1733	58	O	5.55	C	-		
1733	59	O	5.55	T	-		
1733	60	O	5.55	T	-		
1733	61	O	5.55	T	-		
1733	62	O	5.55	G	-		
1733	63	O	5.55	A	-		
1733	64	O	5.55	G	-		
1733	65	O	5.55	A	-		
1733	66	O	5.55	A	-		
1733	67	O	5.55	T	-		
1733	68	O	5.55	G	-		
1733	69	O	5.55	T	-		
1733	70	O	5.55	G	-		
1733	71	O	5.55	G	-		
1733	72	O	5.55	G	-		
1733	73	O	5.55	G	-		
1733	74	O	5.55	C	-		
1733	75	O	5.55	A	-		
1733	76	O	5.55	C	-		
1733	77	O	5.55	G	-		
1733	78	O	5.55	G	-		
1733	79	O	5.55	A	-		
1733	80	O	5.55	C	-		
1733	81	O	5.55	T	-		
1733	82	O	5.55	T	-		
1733	83	O	5.55	C	-		
1733	84	O	5.55	A	-		
1733	85	O	5.55	C	-		
1733	86	O	5.55	A	-		
1733	87	O	5.55	C	-		
1733	88	O	5.55	C	-		
1733	89	O	5.55	A	-		
1733	90	O	5.55	C	-		
1733	91	O	5.55	A	-		
1733	92	O	5.55	G	-		
1733	93	O	5.55	A	-		
1733	94	O	5.55	C	-		
1733	95	O	5.55	T	-		
1733	96	O	5.55	C	-		
1733	97	O	5.55	T	-		
1733	98	O	5.55	C	-		
1733	99	O	5.55	A	-		
1733	100	O	5.55	C	-		
1733	101	O	5.55	A	-		
1733	102	O	5.55	T	-		
1733	103	O	5.55	G	-		
1733	104	O	5.55	G	-		
1733	105	O	5.55	C	-		
1733	106	O	5.55	G	-		
1733	107	O	5.55	G	-		
1733	108	O	5.55	T	-		
1733	109	O	5.55	T	-		
1734	0	O	6.93	A	-		
1734	1	O	6.93	A	-		
1734	2	O	6.93	G	-		
1734	3	O	6.93	G	-		
1734	4	O	6.93	C	-		
1734	5	O	6.93	G	-		
1734	6	O	6.93	C	-		
1734	7	O	6.93	A	-		
1734	8	O	6.93	G	-		
1734	9	O	6.93	A	-		
1734	10	O	6.93	C	-		
1734	11	O	6.93	A	-		
1734	12	O	6.93	G	-		
1734	13	O	6.93	T	-		
1734	14	O	6.93	C	-		
1734	15	O	6.93	C	-		
1734	16	O	6.93	G	-		
1734	17	O	6.93	C	-		
1734	18	O	6.93	G	-		
1734	19	O	6.93	C	-		
1734	20	O	6.93	G	-		
1734	21	O	6.93	C	-		
1734	22	O	6.93	A	-		
1734	23	O	6.93	G	-		
1734	24	O	6.93	C	-		
1734	25	O	6.93	A	-		
1734	26	O	6.93	A	-		
1734	27	O	6.93	C	-		
1734	28	O	6.93	G	-		
1734	29	O	6.93	G	-		
1734	30	O	6.93	C	-		
1734	31	O	6.93	G	-		
1734	32	O	6.93	C	-		
1734	33	O	6.93	C	-		
1734	34	O	6.93	C	-		
1734	35	O	6.93	A	-		
1734	36	O	6.93	C	-		
1734	37	O	6.93	G	-		
1734	38	O	6.93	A	-		
1734	39	O	6.93	C	-		
1734	40	O	6.93	A	-		
1734	41	O	6.93	A	-		
1734	42	O	6.93	C	-		
1734	43	O	6.93	G	-		
1734	44	O	6.93	A	-		
1734	45	O	6.93	C	-		
1734	46	O	6.93	G	-		
1734	47	O	6.93	C	-		
1734	48	U	-0.27	C	A		
1734	49	O	6.93	A	-		
1734	50	O	6.93	C	-		
1734	51	O	6.93	C	-		
1734	52	O	6.93	G	-		
1734	53	O	6.93	C	-		
1734	54	O	6.93	C	-		
1734	55	O	6.93	G	-		
1734	56	U	-0.27	A	G		
1734	57	O	6.93	C	-		
1734	58	O	6.93	G	-		
1734	59	O	6.93	A	-		
1734	60	O	6.93	C	-		
1734	61	O	6.93	C	-		
1734	62	O	6.93	A	-		
1734	63	O	6.93	G	-		
1734	64	O	6.93	C	-		
1734	65	O	6.93	G	-		
1734	66	O	6.93	C	-		
1734	67	O	6.93	G	-		
1734	68	U	-0.27	G	C		
1734	69	O	6.93	G	-		
1734	70	O	6.93	C	-		
1734	71	O	6.93	G	-		
1734	72	O	6.93	G	-		
1734	73	O	6.93	C	-		
1734	74	O	6.93	T	-		
1734	75	O	6.93	C	-		
1734	76	O	6.93	A	-		
1734	77	O	6.93	G	-		
1734	78	O	6.93	C	-		
1734	79	O	6.93	G	-		
1734	80	O	6.93	T	-		
1734	81	O	6.93	C	-		
1734	82	U	-0.27	C	G		
1734	83	O	6.93	A	-		
1734	84	O	6.93	G	-		
1734	85	O	6.93	C	-		
1734	86	O	6.93	A	-		
1734	87	O	6.93	C	-		
1734	88	O	6.93	A	-		
1734	89	O	6.93	A	-		
1734	90	O	6.93	C	-		
1734	91	O	6.93	A	-		
1734	92	O	6.93	C	-		
1734	93	O	6.93	C	-		
1734	94	O	6.93	G	-		
1734	95	O	6.93	G	-		
1734	96	O	6.93	C	-		
1734	97	O	6.93	C	-		
1734	98	O	6.93	G	-		
1734	99	O	6.93	G	-		
1734	100	O	6.93	C	-		
1734	101	O	6.93	C	-		
1734	102	O	6.93	A	-		
1734	103	O	6.93	G	-		
1734	104	O	6.93	G	-		
1734	105	O	6.93	C	-		
1734	106	O	6.93	G	-		
1734	107	O	6.93	G	-		
1734	108	O	6.93	A	-		
1734	109	O	6.93	G	-		
1735	0	O	6.93	A	-		
1735	1	O	6.93	G	-		
1735	2	O	6.93	A	-		
1735	3	O	6.93	T	-		
1735	4	O	6.93	G	-		
1735	5	O	6.93	A	-		
1735	6	O	6.93	T	-		
1735	7	O	6.93	G	-		
1735	8	O	6.93	T	-		
1735	9	O	6.93	G	-		
1735	10	O	6.93	C	-		
1735	11	O	6.93	A	-		
1735	12	O	6.93	T	-		
1735	13	O	6.93	C	-		
1735	14	O	6.93	G	-		
1735	15	O	6.93	T	-		
1735	16	O	6.93	T	-		
1735	17	O	6.93	C	-		
1735	18	O	6.93	G	-		
1735	19	O	6.93	C	-		
1735	20	O	6.93	G	-		
1735	21	O	6.93	A	-		
1735	22	O	6.93	G	-		
1735	23	O	6.93	T	-		
1735	24	O	6.93	C	-		
1735	25	O	6.93	T	-		
1735	26	O	6.93	C	-		
1735	27	O	6.93	C	-		
1735	28	O	6.93	C	-		
1735	29	O	6.93	A	-		
1735	30	O	6.93	T	-		
1735	31	O	6.93	C	-		
1735	32	O	6.93	A	-		
1735	33	O	6.93	A	-		
1735	34	O	6.93	C	-		
1735	35	O	6.93	C	-		
1735	36	O	6.93	A	-		
1735	37	O	6.93	C	-		
1735	38	O	6.93	C	-		
1735	39	O	6.93	T	-		
1735	40	O	6.93	G	-		
1735	41	O	6.93	G	-		
1735	42	O	6.93	C	-		
1735	43	O	6.93	C	-		
1735	44	O	6.93	A	-		
1735	45	O	6.93	T	-		
1735	46	O	6.93	C	-		
1735	47	O	6.93	C	-		
1735	48	O	6.93	T	-		
1735	49	O	6.93	G	-		
1735	50	O	6.93	C	-		
1735	51	O	6.93	T	-		
1735	52	O	6.93	C	-		
1735	53	O	6.93	A	-		
1735	54	O	6.93	C	-		
1735	55	O	6.93	C	-		
1735	56	O	6.93	T	-		
1735	57	O	6.93	A	-		
1735	58	O	6.93	T	-		
1735	59	O	6.93	T	-		
1735	60	O	6.93	T	-		
1735	61	O	6.93	C	-		
1735	62	O	6.93	G	-		
1735	63	O	6.93	A	-		
1735	64	O	6.93	C	-		
1735	65	O	6.93	G	-		
1735	66	O	6.93	T	-		
1735	67	O	6.93	C	-		
1735	68	O	6.93	T	-		
1735	69	O	6.93	T	-		
1735	70	O	6.93	C	-		
1735	71	O	6.93	A	-		
1735	72	O	6.93	T	-		
1735	73	O	6.93	C	-		
1735	74	O	6.93	G	-		
1735	75	O	6.93	A	-		
1735	76	O	6.93	T	-		
1735	77	O	6.93	C	-		
1735	78	O	6.93	A	-		
1735	79	O	6.93	G	-		
1735	80	O	6.93	C	-		
1735	81	O	6.93	T	-		
1735	82	O	6.93	C	-		
1735	83	O	6.93	C	-		
1735	84	O	6.93	T	-		
1735	85	O	6.93	C	-		
1735	86	O	6.93	C	-		
1735	87	O	6.93	G	-		
1735	88	O	6.93	G	-		
1735	89	O	6.93	C	-		
1735	90	O	6.93	C	-		
1735	91	O	6.93	G	-		
1735	92	O	6.93	C	-		
1735	93	O	6.93	T	-		
1735	94	O	6.93	C	-		
1735	95	O	6.93	A	-		
1735	96	O	6.93	T	-		
1735	97	O	6.93	T	-		
1735	98	O	6.93	G	-		
1735	99	O	6.93	A	-		
1735	100	O	6.93	G	-		
1735	101	O	6.93	G	-		
1735	102	O	6.93	G	-		
1735	103	O	6.93	C	-		
1735	104	O	6.93	C	-		
1735	105	O	6.93	G	-		
1735	106	O	6.93	G	-		
1735	107	O	6.93	C	-		
1735	108	O	6.93	G	-		
1735	109	O	6.93	G	-		
1736	0	O	15.25	T	-		
1736	1	O	15.25	C	-		
1736	2	O	15.25	C	-		
1736	3	O	15.25	A	-		
1736	4	O	15.25	T	-		
1736	5	O	15.25	G	-		
1736	6	O	15.25	C	-		
1736	7	O	15.25	G	-		
1736	8	O	15.25	C	-		
1736	9	O	15.25	T	-		
1736	10	O	15.25	C	-		
1736	11	O	15.25	G	-		
1736	12	O	15.25	C	-		
1736	13	O	15.25	G	-		
1736	14	O	15.25	G	-		
1736	15	O	15.25	C	-		
1736	16	O	15.25	C	-		
1736	17	O	15.25	G	-		
1736	18	O	15.25	C	-		
1736	19	O	15.25	C	-		
1736	20	O	15.25	T	-		
1736	21	O	15.25	A	-		
1736	22	O	15.25	G	-		
1736	23	O	15.25	C	-		
1736	24	O	15.25	T	-		
1736	25	O	15.25	C	-		
1736	26	O	15.25	C	-		
1736	27	O	15.25	C	-		
1736	28	O	15.25	T	-		
1736	29	O	15.25	G	-		
1736	30	O	15.25	G	-		
1736	31	O	15.25	C	-		
1736	32	O	15.25	G	-		
1736	33	O	15.25	G	-		
1736	34	O	15.25	C	-		
1736	35	O	15.25	C	-		
1736	36	O	15.25	G	-		
1736	37	O	15.25	C	-		
1736	38	O	15.25	A	-		
1736	39	O	15.25	A	-		
1736	40	O	15.25	A	-		
1736	41	O	15.25	G	-		
1736	42	O	15.25	G	-		
1736	43	O	15.25	T	-		
1736	44	O	15.25	C	-		
1736	45	O	15.25	G	-		
1736	46	O	15.25	C	-		
1736	47	O	15.25	T	-		
1736	48	O	15.25	A	-		
1736	49	O	15.25	G	-		
1736	50	O	15.25	G	-		
1736	51	O	15.25	C	-		
1736	52	O	15.25	C	-		
1736	53	O	15.25	A	-		
1736	54	O	15.25	T	-		
1736	55	O	15.25	G	-		
1736	56	O	15.25	C	-		
1736	57	O	15.25	G	-		
1736	58	O	15.25	C	-		
1736	59	O	15.25	G	-		
1736	60	O	15.25	A	-		
1736	61	O	15.25	A	-		
1736	62	O	15.25	C	-		
1736	63	O	15.25	C	-		
1736	64	O	15.25	T	-		
1736	65	O	15.25	C	-		
1736	66	O	15.25	A	-		
1736	67	O	15.25	G	-		
1736	68	O	15.25	C	-		
1736	69	O	15.25	C	-		
1736	70	O	15.25	G	-		
1736	71	O	15.25	G	-		
1736	72	O	15.25	T	-		
1736	73	O	15.25	C	-		
1736	74	O	15.25	C	-		
1736	75	O	15.25	A	-		
1736	76	O	15.25	G	-		
1736	77	O	15.25	C	-		
1736	78	O	15.25	G	-		
1736	79	O	15.25	G	-		
1736	80	O	15.25	C	-		
1736	81	O	6.35	A	-		
1736	82	O	15.25	G	-		
1736	83	O	15.25	T	-		
1736	84	O	15.25	C	-		
1736	85	O	15.25	T	-		
1736	86	O	15.25	G	-		
1736	87	O	6.35	A	-		
1736	88	O	15.25	G	-		
1736	89	O	15.25	C	-		
1736	90	O	15.25	A	-		
1736	91	O	15.25	G	-		
1736	92	O	15.25	T	-		
1736	93	O	15.25	T	-		
1736	94	O	15.25	C	-		
1736	95	O	15.25	G	-		
1736	96	O	15.25	A	-		
1736	97	O	15.25	T	-		
1736	98	O	15.25	G	-		
1736	99	O	15.25	A	-		
1736	100	O	15.25	G	-		
1736	101	O	15.25	C	-		
1736	102	O	15.25	A	-		
1736	103	O	15.25	G	-		
1736	104	O	15.25	C	-		
1736	105	O	15.25	C	-		
1736	106	O	15.25	G	-		
1736	107	O	15.25	G	-		
1736	108	O	15.25	T	-		
1736	109	O	15.25	T	-		
1737	0	O	5.55	A	-		
1737	1	O	5.55	A	-		
1737	2	O	5.55	G	-		
1737	3	O	5.55	G	-		
1737	4	O	5.55	T	-		
1737	5	O	5.55	G	-		
1737	6	O	5.55	C	-		
1737	7	O	5.55	C	-		
1737	8	O	5.55	G	-		
1737	9	O	5.55	G	-		
1737	10	O	5.55	C	-		
1737	11	O	5.55	G	-		
1737	12	O	5.55	A	-		
1737	13	O	5.55	G	-		
1737	14	O	5.55	C	-		
1737	15	O	5.55	T	-		
1737	16	O	5.55	C	-		
1737	17	O	5.55	G	-		
1737	18	O	5.55	C	-		
1737	19	O	5.55	G	-		
1737	20	O	5.55	G	-		
1737	21	O	5.55	C	-		
1737	22	O	5.55	C	-		
1737	23	O	5.55	G	-		
1737	24	O	5.55	C	-		
1737	25	O	5.55	C	-		
1737	26	O	5.55	T	-		
1737	27	O	5.55	C	-		
1737	28	O	5.55	G	-		
1737	29	O	5.55	G	-		
1737	30	O	5.55	C	-		
1737	31	O	5.55	G	-		
1737	32	O	5.55	C	-		
1737	33	O	5.55	A	-		
1737	34	O	5.55	G	-		
1737	35	O	5.55	C	-		
1737	36	O	5.55	C	-		
1737	37	O	5.55	T	-		
1737	38	O	5.55	G	-		
1737	39	O	5.55	C	-		
1737	40	O	5.55	A	-		
1737	41	O	5.55	G	-		
1737	42	O	5.55	A	-		
1737	43	O	5.55	C	-		
1737	44	O	5.55	C	-		
1737	45	O	5.55	G	-		
1737	46	O	5.55	G	-		
1737	47	O	5.55	C	-		
1737	48	O	5.55	C	-		
1737	49	O	5.55	A	-		
1737	50	O	5.55	A	-		
1737	51	O	5.55	G	-		
1737	52	O	5.55	T	-		
1737	53	O	5.55	G	-		
1737	54	O	5.55	G	-		
1737	55	O	5.55	C	-		
1737	56	O	5.55	T	-		
1737	57	O	5.55	C	-		
1737	58	O	5.55	A	-		
1737	59	O	5.55	G	-		
1737	60	O	5.55	G	-		
1737	61	O	5.55	C	-		
1737	62	O	5.55	G	-		
1737	63	O	5.55	G	-		
1737	64	O	5.55	C	-		
1737	65	O	5.55	G	-		
1737	66	O	5.55	C	-		
1737	67	O	5.55	C	-		
1737	68	O	5.55	G	-		
1737	69	O	5.55	A	-		
1737	70	O	5.55	C	-		
1737	71	O	5.55	T	-		
1737	72	O	5.55	C	-		
1737	73	O	5.55	A	-		
1737	74	O	5.55	C	-		
1737	75	O	5.55	C	-		
1737	76	O	5.55	T	-		
1737	77	O	5.55	T	-		
1737	78	O	5.55	G	-		
1737	79	O	5.55	G	-		
1737	80	O	5.55	C	-		
1737	81	O	5.55	T	-		
1737	82	O	5.55	C	-		
1737	83	O	5.55	A	-		
1737	84	O	5.55	A	-		
1737	85	O	5.55	G	-		
1737	86	O	5.55	T	-		
1737	87	O	5.55	C	-		
1737	88	O	5.55	A	-		
1737	89	O	5.55	A	-		
1737	90	O	5.55	T	-		
1737	91	O	5.55	G	-		
1737	92	O	5.55	A	-		
1737	93	O	5.55	C	-		
1737	94	O	5.55	T	-		
1737	95	O	5.55	C	-		
1737	96	O	5.55	T	-		
1737	97	O	5.55	G	-		
1737	98	O	5.55	C	-		
1737	99	O	5.55	C	-		
1737	100	O	5.55	G	-		
1737	101	O	5.55	G	-		
1737	102	O	5.55	C	-		
1737	103	O	5.55	T	-		
1737	104	O	5.55	C	-		
1737	105	O	5.55	A	-		
1737	106	O	5.55	A	-		
1737	107	O	5.55	G	-		
1737	108	O	5.55	G	-		
1737	109	O	5.55	T	-		
1738	0	O	6.93	G	-		
1738	1	O	6.93	A	-		
1738	2	O	6.93	C	-		
1738	3	O	6.93	C	-		
1738	4	O	6.93	T	-		
1738	5	O	6.93	G	-		
1738	6	O	6.93	G	-		
1738	7	O	6.93	C	-		
1738	8	O	6.93	A	-		
1738	9	O	6.93	C	-		
1738	10	O	6.93	C	-		
1738	11	O	6.93	C	-		
1738	12	O	6.93	A	-		
1738	13	O	6.93	G	-		
1738	14	O	6.93	C	-		
1738	15	O	6.93	T	-		
1738	16	O	6.93	T	-		
1738	17	O	6.93	T	-		
1738	18	O	6.93	T	-		
1738	19	O	6.93	C	-		
1738	20	O	6.93	A	-		
1738	21	O	6.93	G	-		
1738	22	O	6.93	G	-		
1738	23	O	6.93	C	-		
1738	24	O	6.93	C	-		
1738	25	O	6.93	C	-		
1738	26	O	6.93	T	-		
1738	27	O	6.93	C	-		
1738	28	O	6.93	C	-		
1738	29	O	6.93	T	-		
1738	30	O	6.93	T	-		
1738	31	O	6.93	G	-		
1738	32	O	6.93	G	-		
1738	33	O	6.93	G	-		
1738	34	O	6.93	G	-		
1738	35	O	6.93	A	-		
1738	36	O	6.93	C	-		
1738	37	O	6.93	C	-		
1738	38	O	6.93	T	-		
1738	39	O	6.93	T	-		
1738	40	O	6.93	A	-		
1738	41	O	6.93	G	-		
1738	42	O	6.93	C	-		
1738	43	O	6.93	C	-		
1738	44	O	6.93	T	-		
1738	45	O	6.93	T	-		
1738	46	O	6.93	G	-		
1738	47	O	6.93	C	-		
1738	48	O	6.93	C	-		
1738	49	O	6.93	G	-		
1738	50	O	6.93	A	-		
1738	51	O	6.93	A	-		
1738	52	O	6.93	T	-		
1738	53	O	6.93	C	-		
1738	54	O	6.93	C	-		
1738	55	O	6.93	A	-		
1738	56	O	6.93	A	-		
1738	57	O	6.93	G	-		
1738	58	O	6.93	A	-		
1738	59	O	6.93	T	-		
1738	60	O	6.93	C	-		
1738	61	O	6.93	G	-		
1738	62	O	6.93	A	-		
1738	63	O	6.93	G	-		
1738	64	O	6.93	G	-		
1738	65	O	6.93	T	-		
1738	66	O	6.93	C	-		
1738	67	O	6.93	C	-		
1738	68	O	6.93	A	-		
1738	69	O	6.93	G	-		
1738	70	O	6.93	G	-		
1738	71	O	6.93	A	-		
1738	72	O	6.93	T	-		
1738	73	O	6.93	G	-		
1738	74	O	6.93	A	-		
1738	75	O	6.93	T	-		
1738	76	O	6.93	C	-		
1738	77	O	6.93	T	-		
1738	78	O	6.93	T	-		
1738	79	O	6.93	G	-		
1738	80	O	6.93	A	-		
1738	81	O	6.93	G	-		
1738	82	O	6.93	C	-		
1738	83	O	6.93	G	-		
1738	84	O	6.93	C	-		
1738	85	O	6.93	G	-		
1738	86	O	6.93	T	-		
1738	87	O	6.93	T	-		
1738	88	O	6.93	G	-		
1738	89	O	6.93	C	-		
1738	90	O	6.93	G	-		
1738	91	O	6.93	G	-		
1738	92	O	6.93	C	-		
1738	93	O	6.93	T	-		
1738	94	O	6.93	C	-		
1738	95	O	6.93	C	-		
1738	96	O	6.93	T	-		
1738	97	O	6.93	C	-		
1738	98	O	6.93	A	-		
1738	99	O	6.93	G	-		
1738	100	O	6.93	G	-		
1738	101	O	6.93	T	-		
1738	102	O	6.93	A	-		
1738	103	O	6.93	A	-		
1738	104	O	6.93	G	-		
1738	105	O	6.93	G	-		
1738	106	O	6.93	A	-		
1738	107	O	6.93	A	-		
1738	108	O	6.93	G	-		
1738	109	O	6.93	G	-		
1739	0	O	6.93	G	-		
1739	1	O	6.93	G	-		
1739	2	O	6.93	T	-		
1739	3	O	6.93	T	-		
1739	4	O	6.93	G	-		
1739	5	O	6.93	C	-		
1739	6	O	6.93	G	-		
1739	7	O	6.93	A	-		
1739	8	O	6.93	G	-		
1739	9	O	6.93	T	-		
1739	10	O	6.93	G	-		
1739	11	O	6.93	A	-		
1739	12	O	6.93	G	-		
1739	13	O	6.93	C	-		
1739	14	O	6.93	C	-		
1739	15	O	6.93	T	-		
1739	16	O	6.93	C	-		
1739	17	O	6.93	C	-		
1739	18	O	6.93	C	-		
1739	19	O	6.93	G	-		
1739	20	O	6.93	T	-		
1739	21	O	6.93	T	-		
1739	22	O	6.93	C	-		
1739	23	O	6.93	G	-		
1739	24	O	6.93	A	-		
1739	25	O	6.93	C	-		
1739	26	O	6.93	A	-		
1739	27	O	6.93	A	-		
1739	28	O	6.93	G	-		
1739	29	O	6.93	C	-		
1739	30	O	6.93	T	-		
1739	31	O	6.93	C	-		
1739	32	O	6.93	C	-		
1739	33	O	6.93	T	-		
1739	34	O	6.93	C	-		
1739	35	O	6.93	G	-		
1739	36	O	6.93	T	-		
1739	37	O	6.93	T	-		
1739	38	O	6.93	G	-		
1739	39	O	6.93	G	-		
1739	40	O	6.93	C	-		
1739	41	O	6.93	C	-		
1739	42	O	6.93	T	-		
1739	43	O	6.93	C	-		
1739	44	O	6.93	A	-		
1739	45	O	6.93	T	-		
1739	46	O	6.93	C	-		
1739	47	O	6.93	T	-		
1739	48	O	6.93	A	-		
1739	49	O	6.93	G	-		
1739	50	O	6.93	C	-		
1739	51	O	6.93	C	-		
1739	52	O	6.93	G	-		
1739	53	O	6.93	C	-		
1739	54	O	6.93	C	-		
1739	55	O	6.93	G	-		
1739	56	O	6.93	G	-		
1739	57	O	6.93	C	-		
1739	58	O	6.93	A	-		
1739	59	O	6.93	A	-		
1739	60	O	6.93	A	-		
1739	61	O	6.93	C	-		
1739	62	O	6.93	A	-		
1739	63	O	6.93	G	-		
1739	64	O	6.93	G	-		
1739	65	O	6.93	T	-		
1739	66	O	6.93	G	-		
1739	67	O	6.93	A	-		
1739	68	O	6.93	A	-		
1739	69	O	6.93	C	-		
1739	70	O	6.93	T	-		
1739	71	O	6.93	G	-		
1739	72	O	6.93	T	-		
1739	73	O	6.93	C	-		
1739	74	O	6.93	G	-		
1739	75	O	6.93	G	-		
1739	76	O	6.93	C	-		
1739	77	O	6.93	C	-		
1739	78	O	6.93	A	-		
1739	79	O	6.93	G	-		
1739	80	O	6.93	T	-		
1739	81	O	6.93	C	-		
1739	82	O	6.93	T	-		
1739	83	O	6.93	G	-		
1739	84	O	6.93	C	-		
1739	85	O	6.93	T	-		
1739	86	O	6.93	C	-		
1739	87	O	6.93	G	-		
1739	88	O	6.93	G	-		
1739	89	O	6.93	A	-		
1739	90	O	6.93	C	-		
1739	91	O	6.93	A	-		
1739	92	O	6.93	A	-		
1739	93	O	6.93	G	-		
1739	94	O	6.93	T	-		
1739	95	O	6.93	C	-		
1739	96	O	6.93	G	-		
1739	97	O	6.93	G	-		
1739	98	O	6.93	A	-		
1739	99	O	6.93	T	-		
1739	100	O	6.93	A	-		
1739	101	O	6.93	G	-		
1739	102	O	6.93	G	-		
1739	103	O	6.93	A	-		
1739	104	O	6.93	T	-		
1739	105	O	6.93	C	-		
1739	106	O	6.93	T	-		
1739	107	O	6.93	G	-		
1739	108	O	6.93	T	-		
1739	109	O	6.93	G	-		
1740	0	O	12.48	T	-		
1740	1	O	12.48	C	-		
1740	2	O	12.48	C	-		
1740	3	O	12.48	T	-		
1740	4	O	12.48	G	-		
1740	5	O	12.48	G	-		
1740	6	O	12.48	T	-		
1740	7	O	12.48	G	-		
1740	8	O	12.48	C	-		
1740	9	O	12.48	C	-		
1740	10	O	12.48	G	-		
1740	11	O	12.48	G	-		
1740	12	O	12.48	T	-		
1740	13	O	12.48	G	-		
1740	14	O	12.48	C	-		
1740	15	O	12.48	C	-		
1740	16	O	12.48	T	-		
1740	17	O	12.48	G	-		
1740	18	O	12.48	T	-		
1740	19	O	12.48	G	-		
1740	20	O	12.48	C	-		
1740	21	O	12.48	T	-		
1740	22	O	4.00	A	-		
1740	23	O	12.48	C	-		
1740	24	O	12.48	T	-		
1740	25	O	12.48	G	-		
1740	26	O	12.48	C	-		
1740	27	O	12.48	T	-		
1740	28	O	12.48	G	-		
1740	29	O	12.48	G	-		
1740	30	O	12.48	T	-		
1740	31	O	12.48	G	-		
1740	32	O	12.48	C	-		
1740	33	O	12.48	T	-		
1740	34	O	12.48	G	-		
1740	35	O	12.48	A	-		
1740	36	O	12.48	T	-		
1740	37	O	12.48	G	-		
1740	38	O	12.48	C	-		
1740	39	O	12.48	T	-		
1740	40	O	12.48	G	-		
1740	41	O	12.48	T	-		
1740	42	O	12.48	C	-		
1740	43	O	12.48	A	-		
1740	44	O	12.48	C	-		
1740	45	O	12.48	T	-		
1740	46	O	12.48	G	-		
1740	47	O	12.48	T	-		
1740	48	O	12.48	T	-		
1740	49	O	12.48	G	-		
1740	50	O	12.48	T	-		
1740	51	O	12.48	T	-		
1740	52	O	12.48	G	-		
1740	53	O	12.48	G	-		
1740	54	O	12.48	C	-		
1740	55	O	12.48	T	-		
1740	56	O	12.48	G	-		
1740	57	O	12.48	G	-		
1740	58	O	12.48	T	-		
1740	59	O	12.48	T	-		
1740	60	O	12.48	A	-		
1740	61	O	12.48	A	-		
1740	62	O	12.48	G	-		
1740	63	O	12.48	T	-		
1740	64	O	12.48	A	-		
1740	65	O	12.48	C	-		
1740	66	O	12.48	T	-		
1740	67	O	12.48	G	-		
1740	68	O	12.48	G	-		
1740	69	O	12.48	C	-		
1740	70	O	12.48	A	-		
1740	71	O	12.48	G	-		
1740	72	O	12.48	A	-		
1740	73	O	12.48	T	-		
1740	74	O	12.48	T	-		
1740	75	O	12.48	T	-		
1740	76	O	12.48	C	-		
1740	77	O	12.48	C	-		
1740	78	O	12.48	A	-		
1740	79	O	12.48	G	-		
1740	80	O	12.48	T	-		
1740	81	O	12.48	A	-		
1740	82	O	12.48	C	-		
1740	83	O	12.48	C	-		
1740	84	O	12.48	A	-		
1740	85	O	12.48	G	-		
1740	86	O	12.48	G	-		
1740	87	O	12.48	G	-		
1740	88	O	12.48	T	-		
1740	89	O	12.48	T	-		
1740	90	O	12.48	A	-		
1740	91	O	12.48	C	-		
1740	92	O	12.48	C	-		
1740	93	O	12.48	A	-		
1740	94	O	12.48	A	-		
1740	95	O	12.48	C	-		
1740	96	O	12.48	C	-		
1740	97	O	12.48	T	-		
1740	98	O	12.48	C	-		
1740	99	O	12.48	T	-		
1740	100	O	12.48	T	-		
1740	101	O	12.48	T	-		
1740	102	O	12.48	G	-		
1740	103	O	12.48	C	-		
1740	104	O	12.48	T	-		
1740	105	O	12.48	T	-		
1740	106	O	12.48	T	-		
1740	107	O	12.48	C	-		
1740	108	O	12.48	T	-		
1740	109	O	12.48	T	-		
1741	0	O	8.32	C	-		
1741	1	O	8.32	C	-		
1741	2	O	8.32	G	-		
1741	3	O	8.32	A	-		
1741	4	O	8.32	G	-		
1741	5	O	8.32	C	-		
1741	6	O	8.32	C	-		
1741	7	O	8.32	A	-		
1741	8	O	8.32	C	-		
1741	9	O	8.32	A	-		
1741	10	O	8.32	C	-		
1741	11	O	8.32	G	-		
1741	12	O	8.32	A	-		
1741	13	O	8.32	T	-		
1741	14	O	8.32	G	-		
1741	15	O	8.32	A	-		
1741	16	O	8.32	C	-		
1741	17	O	8.32	C	-		
1741	18	O	8.32	G	-		
1741	19	O	8.32	G	-		
1741	20	O	8.32	G	-		
1741	21	O	8.32	A	-		
1741	22	O	8.32	G	-		
1741	23	O	8.32	T	-		
1741	24	O	8.32	G	-		
1741	25	O	8.32	C	-		
1741	26	O	8.32	C	-		
1741	27	O	8.32	A	-		
1741	28	O	8.32	T	-		
1741	29	O	8.32	G	-		
1741	30	O	8.32	T	-		
1741	31	O	8.32	T	-		
1741	32	O	8.32	T	-		
1741	33	O	8.32	C	-		
1741	34	O	8.32	C	-		
1741	35	O	8.32	T	-		
1741	36	O	8.32	C	-		
1741	37	O	8.32	G	-		
1741	38	O	8.32	C	-		
1741	39	O	8.32	G	-		
1741	40	O	8.32	G	-		
1741	41	O	8.32	C	-		
1741	42	O	8.32	T	-		
1741	43	O	8.32	T	-		
1741	44	O	8.32	G	-		
1741	45	O	8.32	C	-		
1741	46	O	8.32	A	-		
1741	47	O	8.32	T	-		
1741	48	O	8.32	C	-		
1741	49	O	8.32	C	-		
1741	50	O	8.32	T	-		
1741	51	O	8.32	C	-		
1741	52	O	8.32	T	-		
1741	53	O	8.32	C	-		
1741	54	O	8.32	G	-		
1741	55	O	8.32	A	-		
1741	56	O	8.32	G	-		
1741	57	O	8.32	C	-		
1741	58	O	8.32	G	-		
1741	59	O	8.32	G	-		
1741	60	O	8.32	T	-		
1741	61	O	8.32	G	-		
1741	62	O	8.32	T	-		
1741	63	O	8.32	G	-		
1741	64	O	8.32	A	-		
1741	65	O	8.32	G	-		
1741	66	O	8.32	A	-		
1741	67	O	8.32	C	-		
1741	68	O	8.32	C	-		
1741	69	O	8.32	G	-		
1741	70	O	8.32	C	-		
1741	71	O	8.32	G	-		
1741	72	O	8.32	T	-		
1741	73	O	8.32	G	-		
1741	74	O	8.32	A	-		
1741	75	O	8.32	C	-		
1741	76	O	8.32	A	-		
1741	77	O	8.32	C	-		
1741	78	O	8.32	G	-		
1741	79	O	8.32	C	-		
1741	80	O	8.32	C	-		
1741	81	O	8.32	T	-		
1741	82	O	8.32	T	-		
1741	83	O	8.32	G	-		
1741	84	O	8.32	G	-		
1741	85	O	8.32	A	-		
1741	86	O	8.32	C	-		
1741	87	O	8.32	C	-		
1741	88	O	8.32	T	-		
1741	89	O	8.32	A	-		
1741	90	O	8.32	C	-		
1741	91	O	8.32	G	-		
1741	92	O	8.32	T	-		
1741	93	O	8.32	T	-		
1741	94	O	8.32	A	-		
1741	95	O	8.32	C	-		
1741	96	O	8.32	T	-		
1741	97	O	8.32	C	-		
1741	98	O	8.32	T	-		
1741	99	O	8.32	T	-		
1741	100	O	8.32	T	-		
1741	101	O	8.32	T	-		
1741	102	O	8.32	G	-		
1741	103	O	8.32	T	-		
1741	104	O	8.32	C	-		
1741	105	O	8.32	G	-		
1741	106	O	8.32	G	-		
1741	107	O	8.32	C	-		
1741	108	O	8.32	A	-		
1741	109	O	8.32	T	-		
1742	0	O	15.25	A	-		
1742	1	O	15.25	A	-		
1742	2	O	15.25	T	-		
1742	3	O	15.25	A	-		
1742	4	O	15.25	G	-		
1742	5	O	15.25	T	-		
1742	6	O	15.25	G	-		
1742	7	O	15.25	A	-		
1742	8	O	15.25	T	-		
1742	9	O	15.25	T	-		
1742	10	O	15.25	C	-		
1742	11	O	15.25	A	-		
1742	12	O	15.25	A	-		
1742	13	O	15.25	G	-		
1742	14	O	15.25	G	-		
1742	15	O	15.25	A	-		
1742	16	O	15.25	A	-		
1742	17	O	15.25	T	-		
1742	18	O	15.25	T	-		
1742	19	O	15.25	C	-		
1742	20	O	15.25	T	-		
1742	21	O	15.25	C	-		
1742	22	O	15.25	A	-		
1742	23	O	15.25	A	-		
1742	24	O	15.25	G	-		
1742	25	O	15.25	T	-		
1742	26	O	15.25	C	-		
1742	27	O	15.25	T	-		
1742	28	O	15.25	T	-		
1742	29	O	15.25	T	-		
1742	30	O	15.25	G	-		
1742	31	O	15.25	A	-		
1742	32	O	15.25	A	-		
1742	33	O	15.25	A	-		
1742	34	O	15.25	G	-		
1742	35	O	15.25	C	-		
1742	36	O	15.25	T	-		
1742	37	O	15.25	T	-		
1742	38	O	15.25	T	-		
1742	39	O	15.25	C	-		
1742	40	O	15.25	C	-		
1742	41	O	15.25	A	-		
1742	42	O	15.25	A	-		
1742	43	O	15.25	G	-		
1742	44	O	15.25	C	-		
1742	45	O	15.25	T	-		
1742	46	O	15.25	A	-		
1742	47	O	15.25	A	-		
1742	48	O	15.25	G	-		
1742	49	O	15.25	A	-		
1742	50	O	15.25	A	-		
1742	51	O	15.25	A	-		
1742	52	O	15.25	G	-		
1742	53	O	15.25	G	-		
1742	54	O	15.25	A	-		
1742	55	O	15.25	A	-		
1742	56	O	15.25	G	-		
1742	57	O	15.25	G	-		
1742	58	O	15.25	G	-		
1742	59	O	15.25	A	-		
1742	60	O	15.25	G	-		
1742	61	O	15.25	A	-		
1742	62	O	15.25	A	-		
1742	63	O	15.25	A	-		
1742	64	O	15.25	A	-		
1742	65	O	15.25	A	-		
1742	66	O	15.25	G	-		
1742	67	O	15.25	A	-		
1742	68	O	15.25	A	-		
1742	69	O	15.25	G	-		
1742	70	O	15.25	A	-		
1742	71	O	15.25	G	-		
1742	72	O	15.25	G	-		
1742	73	O	15.25	A	-		
1742	74	O	15.25	G	-		
1742	75	O	15.25	A	-		
1742	76	O	15.25	G	-		
1742	77	O	15.25	C	-		
1742	78	O	15.25	T	-		
1742	79	O	15.25	G	-		
1742	80	O	15.25	G	-		
1742	81	O	15.25	T	-		
1742	82	O	15.25	G	-		
1742	83	O	15.25	A	-		
1742	84	O	15.25	A	-		
1742	85	O	15.25	T	-		
1742	86	O	15.25	C	-		
1742	87	O	15.25	C	-		
1742	88	O	15.25	A	-		
1742	89	O	15.25	C	-		
1742	90	O	15.25	A	-		
1742	91	O	15.25	G	-		
1742	92	O	15.25	C	-		
1742	93	O	15.25	C	-		
1742	94	O	15.25	A	-		
1742	95	O	15.25	C	-		
1742	96	O	15.25	T	-		
1742	97	O	15.25	G	-		
1742	98	O	15.25	A	-		
1742	99	O	15.25	A	-		
1742	100	O	15.25	A	-		
1742	101	O	15.25	G	-		
1742	102	O	15.25	G	-		
1742	103	O	15.25	C	-		
1742	104	O	15.25	A	-		
1742	105	O	15.25	A	-		
1742	106	O	15.25	T	-		
1742	107	O	15.25	A	-		
1742	108	O	15.25	T	-		
1742	109	O	15.25	G	-		
1743	0	O	8.32	G	-		
1743	1	O	8.32	A	-		
1743	2	O	8.32	G	-		
1743	3	O	8.32	T	-		
1743	4	O	8.32	T	-		
1743	5	O	8.32	C	-		
1743	6	O	8.32	T	-		
1743	7	O	8.32	C	-		
1743	8	O	8.32	T	-		
1743	9	O	8.32	G	-		
1743	10	O	8.32	A	-		
1743	11	O	8.32	A	-		
1743	12	O	8.32	A	-		
1743	13	O	8.32	C	-		
1743	14	O	8.32	G	-		
1743	15	O	8.32	T	-		
1743	16	O	8.32	A	-		
1743	17	O	8.32	A	-		
1743	18	O	8.32	G	-		
1743	19	O	8.32	T	-		
1743	20	O	8.32	A	-		
1743	21	O	8.32	T	-		
1743	22	O	8.32	T	-		
1743	23	O	8.32	C	-		
1743	24	O	8.32	C	-		
1743	25	O	8.32	A	-		
1743	26	O	8.32	T	-		
1743	27	O	8.32	A	-		
1743	28	O	8.32	G	-		
1743	29	O	8.32	C	-		
1743	30	O	8.32	T	-		
1743	31	O	8.32	C	-		
1743	32	O	8.32	T	-		
1743	33	O	8.32	T	-		
1743	34	O	8.32	G	-		
1743	35	O	8.32	T	-		
1743	36	O	8.32	A	-		
1743	37	O	8.32	G	-		
1743	38	O	8.32	T	-		
1743	39	O	8.32	G	-		
1743	40	O	8.32	A	-		
1743	41	O	8.32	C	-		
1743	42	O	8.32	C	-		
1743	43	O	8.32	A	-		
1743	44	O	8.32	A	-		
1743	45	O	8.32	T	-		
1743	46	O	8.32	G	-		
1743	47	O	8.32	G	-		
1743	48	O	8.32	C	-		
1743	49	O	8.32	T	-		
1743	50	O	8.32	T	-		
1743	51	O	8.32	C	-		
1743	52	O	8.32	T	-		
1743	53	O	8.32	G	-		
1743	54	O	8.32	G	-		
1743	55	O	8.32	G	-		
1743	56	O	8.32	G	-		
1743	57	O	8.32	G	-		
1743	58	O	8.32	T	-		
1743	59	O	8.32	A	-		
1743	60	O	8.32	G	-		
1743	61	O	8.32	T	-		
1743	62	O	8.32	A	-		
1743	63	O	8.32	C	-		
1743	64	O	8.32	A	-		
1743	65	O	8.32	G	-		
1743	66	O	8.32	G	-		
1743	67	O	8.32	A	-		
1743	68	O	8.32	C	-		
1743	69	O	8.32	A	-		
1743	70	O	8.32	T	-		
1743	71	O	8.32	G	-		
1743	72	O	8.32	A	-		
1743	73	O	8.32	G	-		
1743	74	O	8.32	C	-		
1743	75	O	8.32	T	-		
1743	76	O	8.32	A	-		
1743	77	O	8.32	A	-		
1743	78	O	8.32	A	-		
1743	79	O	8.32	G	-		
1743	80	O	8.32	T	-		
1743	81	O	8.32	A	-		
1743	82	O	8.32	T	-		
1743	83	O	8.32	C	-		
1743	84	O	8.32	C	-		
1743	85	O	8.32	A	-		
1743	86	O	8.32	T	-		
1743	87	O	8.32	C	-		
1743	88	O	8.32	C	-		
1743	89	O	8.32	T	-		
1743	90	O	8.32	C	-		
1743	91	O	8.32	A	-		
1743	92	O	8.32	C	-		
1743	93	O	8.32	A	-		
1743	94	O	8.32	T	-		
1743	95	O	8.32	G	-		
1743	96	O	8.32	G	-		
1743	97	O	8.32	A	-		
1743	98	O	8.32	A	-		
1743	99	O	8.32	G	-		
1743	100	O	8.32	T	-		
1743	101	O	8.32	T	-		
1743	102	O	8.32	C	-		
1743	103	O	8.32	G	-		
1743	104	O	8.32	T	-		
1743	105	O	8.32	C	-		
1743	106	O	8.32	A	-		
1743	107	O	8.32	T	-		
1743	108	O	8.32	G	-		
1743	109	O	8.32	T	-		
1744	0	O	12.48	C	-		
1744	1	O	12.48	A	-		
1744	2	O	12.48	C	-		
1744	3	O	12.48	T	-		
1744	4	O	12.48	G	-		
1744	5	O	12.48	C	-		
1744	6	O	12.48	T	-		
1744	7	O	12.48	G	-		
1744	8	O	12.48	G	-		
1744	9	O	12.48	T	-		
1744	10	O	12.48	G	-		
1744	11	O	12.48	A	-		
1744	12	O	12.48	A	-		
1744	13	O	12.48	C	-		
1744	14	O	12.48	A	-		
1744	15	O	12.48	T	-		
1744	16	O	12.48	C	-		
1744	17	O	12.48	A	-		
1744	18	O	12.48	T	-		
1744	19	O	12.48	C	-		
1744	20	O	12.48	C	-		
1744	21	O	12.48	G	-		
1744	22	O	12.48	T	-		
1744	23	O	12.48	C	-		
1744	24	O	12.48	A	-		
1744	25	O	12.48	G	-		
1744	26	O	12.48	C	-		
1744	27	O	12.48	A	-		
1744	28	O	12.48	C	-		
1744	29	O	12.48	G	-		
1744	30	O	12.48	A	-		
1744	31	O	12.48	C	-		
1744	32	O	12.48	C	-		
1744	33	O	12.48	G	-		
1744	34	O	12.48	C	-		
1744	35	O	12.48	C	-		
1744	36	O	12.48	A	-		
1744	37	O	12.48	G	-		
1744	38	O	12.48	C	-		
1744	39	O	12.48	G	-		
1744	40	O	12.48	C	-		
1744	41	O	12.48	G	-		
1744	42	O	12.48	A	-		
1744	43	O	12.48	C	-		
1744	44	O	12.48	C	-		
1744	45	O	12.48	A	-		
1744	46	O	12.48	G	-		
1744	47	O	12.48	C	-		
1744	48	O	12.48	C	-		
1744	49	O	12.48	G	-		
1744	50	O	12.48	A	-		
1744	51	O	12.48	G	-		
1744	52	O	12.48	C	-		
1744	53	O	12.48	A	-		
1744	54	O	12.48	G	-		
1744	55	O	12.48	G	-		
1744	56	O	12.48	C	-		
1744	57	O	12.48	A	-		
1744	58	O	12.48	A	-		
1744	59	O	12.48	C	-		
1744	60	O	12.48	A	-		
1744	61	O	12.48	G	-		
1744	62	O	12.48	G	-		
1744	63	O	12.48	T	-		
1744	64	O	12.48	G	-		
1744	65	O	12.48	C	-		
1744	66	O	12.48	A	-		
1744	67	O	12.48	G	-		
1744	68	O	12.48	C	-		
1744	69	O	12.48	A	-		
1744	70	O	4.00	G	-		
1744	71	O	12.48	C	-		
1744	72	O	12.48	G	-		
1744	73	O	12.48	G	-		
1744	74	O	12.48	C	-		
1744	75	O	12.48	G	-		
1744	76	O	12.48	C	-		
1744	77	O	12.48	C	-		
1744	78	O	12.48	G	-		
1744	79	O	12.48	C	-		
1744	80	O	12.48	A	-		
1744	81	O	12.48	T	-		
1744	82	O	12.48	C	-		
1744	83	O	12.48	G	-		
1744	84	O	4.00	A	-		
1744	85	O	12.48	C	-		
1744	86	O	12.48	C	-		
1744	87	O	12.48	T	-		
1744	88	O	12.48	G	-		
1744	89	O	12.48	G	-		
1744	90	O	12.48	C	-		
1744	91	O	12.48	C	-		
1744	92	O	12.48	G	-		
1744	93	O	12.48	A	-		
1744	94	O	12.48	G	-		
1744	95	O	12.48	A	-		
1744	96	O	12.48	T	-		
1744	97	O	12.48	C	-		
1744	98	O	12.48	G	-		
1744	99	O	12.48	C	-		
1744	100	O	12.48	G	-		
1744	101	O	12.48	G	-		
1744	102	O	12.48	A	-		
1744	103	O	12.48	C	-		
1744	104	O	12.48	G	-		
1744	105	O	12.48	C	-		
1744	106	O	12.48	C	-		
1744	107	O	12.48	C	-		
1744	108	O	12.48	T	-		
1744	109	O	4.00	C	-		
1745	0	O	6.93	T	-		
1745	1	O	6.93	T	-		
1745	2	O	6.93	G	-		
1745	3	O	6.93	T	-		
1745	4	O	6.93	A	-		
1745	5	O	6.93	T	-		
1745	6	O	6.93	A	-		
1745	7	O	6.93	C	-		
1745	8	O	6.93	C	-		
1745	9	O	6.93	T	-		
1745	10	O	6.93	T	-		
1745	11	O	6.93	G	-		
1745	12	O	6.93	T	-		
1745	13	O	6.93	T	-		
1745	14	O	6.93	C	-		
1745	15	O	6.93	C	-		
1745	16	O	6.93	C	-		
1745	17	O	6.93	C	-		
1745	18	O	6.93	A	-		
1745	19	O	6.93	A	-		
1745	20	O	6.93	C	-		
1745	21	O	6.93	A	-		
1745	22	O	6.93	T	-		
1745	23	O	6.93	A	-		
1745	24	O	6.93	C	-		
1745	25	O	6.93	T	-		
1745	26	O	6.93	T	-		
1745	27	O	6.93	G	-		
1745	28	O	6.93	T	-		
1745	29	O	6.93	C	-		
1745	30	O	6.93	A	-		
1745	31	O	6.93	T	-		
1745	32	O	6.93	A	-		
1745	33	O	6.93	T	-		
1745	34	O	6.93	G	-		
1745	35	O	6.93	T	-		
1745	36	O	6.93	T	-		
1745	37	O	6.93	A	-		
1745	38	O	6.93	A	-		
1745	39	O	6.93	T	-		
1745	40	O	6.93	T	-		
1745	41	O	6.93	G	-		
1745	42	O	6.93	T	-		
1745	43	O	6.93	T	-		
1745	44	O	6.93	C	-		
1745	45	O	6.93	G	-		
1745	46	O	6.93	T	-		
1745	47	O	6.93	G	-		
1745	48	O	6.93	T	-		
1745	49	O	6.93	G	-		
1745	50	O	6.93	A	-		
1745	51	O	6.93	T	-		
1745	52	O	6.93	T	-		
1745	53	O	6.93	A	-		
1745	54	O	6.93	T	-		
1745	55	O	6.93	A	-		
1745	56	O	6.93	G	-		
1745	57	O	6.93	C	-		
1745	58	O	6.93	A	-		
1745	59	O	6.93	T	-		
1745	60	O	6.93	T	-		
1745	61	O	6.93	A	-		
1745	62	O	6.93	C	-		
1745	63	O	6.93	G	-		
1745	64	O	6.93	A	-		
1745	65	O	6.93	T	-		
1745	66	O	6.93	T	-		
1745	67	O	6.93	C	-		
1745	68	O	6.93	T	-		
1745	69	O	6.93	C	-		
1745	70	O	6.93	A	-		
1745	71	O	6.93	A	-		
1745	72	O	6.93	G	-		
1745	73	O	6.93	C	-		
1745	74	O	6.93	T	-		
1745	75	O	6.93	C	-		
1745	76	O	6.93	T	-		
1745	77	O	6.93	T	-		
1745	78	O	6.93	T	-		
1745	79	O	6.93	T	-		
1745	80	O	6.93	A	-		
1745	81	O	6.93	C	-		
1745	82	O	6.93	C	-		
1745	83	O	6.93	A	-		
1745	84	O	6.93	G	-		
1745	85	O	6.93	G	-		
1745	86	O	6.93	T	-		
1745	87	O	6.93	A	-		
1745	88	O	6.93	T	-		
1745	89	O	6.93	A	-		
1745	90	O	6.93	C	-		
1745	91	O	6.93	A	-		
1745	92	O	6.93	T	-		
1745	93	O	6.93	G	-		
1745	94	O	6.93	G	-		
1745	95	O	6.93	C	-		
1745	96	O	6.93	T	-		
1745	97	O	6.93	A	-		
1745	98	O	6.93	G	-		
1745	99	O	6.93	G	-		
1745	100	O	6.93	C	-		
1745	101	O	6.93	A	-		
1745	102	O	6.93	T	-		
1745	103	O	6.93	T	-		
1745	104	O	6.93	T	-		
1745	105	O	6.93	T	-		
1745	106	O	6.93	G	-		
1745	107	O	6.93	C	-		
1745	108	O	6.93	T	-		
1745	109	O	6.93	G	-		
1746	0	O	26.34	T	-		
1746	1	O	26.34	A	-		
1746	2	O	26.34	A	-		
1746	3	O	26.34	A	-		
1746	4	O	26.34	G	-		
1746	5	O	26.34	G	-		
1746	6	O	26.34	A	-		
1746	7	O	26.34	A	-		
1746	8	O	26.34	T	-		
1746	9	O	26.34	G	-		
1746	10	O	26.34	C	-		
1746	11	O	26.34	T	-		
1746	12	O	26.34	G	-		
1746	13	O	26.34	C	-		
1746	14	O	26.34	A	-		
1746	15	O	26.34	A	-		
1746	16	O	26.34	T	-		
1746	17	O	26.34	A	-		
1746	18	O	26.34	A	-		
1746	19	O	26.34	G	-		
1746	20	O	26.34	C	-		
1746	21	O	26.34	A	-		
1746	22	O	26.34	C	-		
1746	23	O	26.34	C	-		
1746	24	O	26.34	T	-		
1746	25	O	26.34	C	-		
1746	26	O	26.34	A	-		
1746	27	O	26.34	C	-		
1746	28	O	26.34	T	-		
1746	29	O	26.34	A	-		
1746	30	O	26.34	T	-		
1746	31	O	26.34	A	-		
1746	32	O	26.34	A	-		
1746	33	O	26.34	A	-		
1746	34	O	26.34	G	-		
1746	35	O	26.34	C	-		
1746	36	O	26.34	A	-		
1746	37	O	26.34	T	-		
1746	38	O	26.34	G	-		
1746	39	O	26.34	C	-		
1746	40	O	26.34	C	-		
1746	41	O	26.34	A	-		
1746	42	O	26.34	T	-		
1746	43	O	26.34	G	-		
1746	44	O	26.34	A	-		
1746	45	O	26.34	T	-		
1746	46	O	26.34	A	-		
1746	47	O	26.34	T	-		
1746	48	O	26.34	G	-		
1746	49	O	26.34	A	-		
1746	50	O	26.34	A	-		
1746	51	O	26.34	T	-		
1746	52	O	26.34	A	-		
1746	53	O	26.34	T	-		
1746	54	O	26.34	T	-		
1746	55	O	26.34	C	-		
1746	56	O	26.34	C	-		
1746	57	O	26.34	A	-		
1746	58	O	26.34	T	-		
1746	59	O	26.34	G	-		
1746	60	O	26.34	A	-		
1746	61	O	26.34	A	-		
1746	62	O	26.34	A	-		
1746	63	O	26.34	C	-		
1746	64	O	26.34	C	-		
1746	65	O	26.34	A	-		
1746	66	O	26.34	G	-		
1746	67	O	26.34	C	-		
1746	68	O	26.34	A	-		
1746	69	O	26.34	G	-		
1746	70	O	26.34	G	-		
1746	71	O	26.34	T	-		
1746	72	O	26.34	A	-		
1746	73	O	26.34	T	-		
1746	74	O	26.34	C	-		
1746	75	O	26.34	A	-		
1746	76	O	26.34	C	-		
1746	77	O	26.34	C	-		
1746	78	O	26.34	A	-		
1746	79	U	3.17	A	G		
1746	80	O	26.34	A	-		
1746	81	O	26.34	T	-		
1746	82	O	26.34	T	-		
1746	83	O	26.34	A	-		
1746	84	O	26.34	A	-		
1746	85	O	26.34	A	-		
1746	86	O	26.34	C	-		
1746	87	O	26.34	C	-		
1746	88	O	26.34	T	-		
1746	89	O	26.34	G	-		
1746	90	O	26.34	A	-		
1746	91	O	26.34	A	-		
1746	92	O	26.34	G	-		
1746	93	O	26.34	A	-		
1746	94	O	26.34	T	-		
1746	95	O	26.34	A	-		
1746	96	O	26.34	A	-		
1746	97	O	26.34	G	-		
1746	98	O	26.34	A	-		
1746	99	O	26.34	G	-		
1746	100	O	26.34	T	-		
1746	101	O	26.34	C	-		
1746	102	O	26.34	T	-		
1746	103	O	26.34	C	-		
1746	104	O	26.34	G	-		
1746	105	O	26.34	G	-		
1746	106	O	26.34	G	-		
1746	107	O	26.34	G	-		
1746	108	O	26.34	A	-		
1746	109	O	26.34	A	-		
1747	0	O	5.55	A	-		
1747	1	O	5.55	G	-		
1747	2	O	5.55	A	-		
1747	3	O	5.55	A	-		
1747	4	O	5.55	A	-		
1747	5	O	5.55	G	-		
1747	6	O	5.55	T	-		
1747	7	O	5.55	A	-		
1747	8	O	5.55	T	-		
1747	9	O	5.55	G	-		
1747	10	O	5.55	G	-		
1747	11	O	5.55	A	-		
1747	12	O	5.55	G	-		
1747	13	O	5.55	T	-		
1747	14	O	5.55	C	-		
1747	15	O	5.55	T	-		
1747	16	O	5.55	G	-		
1747	17	O	5.55	A	-		
1747	18	O	5.55	A	-		
1747	19	O	5.55	G	-		
1747	20	O	5.55	A	-		
1747	21	O	5.55	T	-		
1747	22	O	5.55	A	-		
1747	23	O	5.55	G	-		
1747	24	O	5.55	T	-		
1747	25	O	5.55	T	-		
1747	26	O	5.55	C	-		
1747	27	O	5.55	A	-		
1747	28	O	5.55	G	-		
1747	29	O	5.55	C	-		
1747	30	O	5.55	A	-		
1747	31	O	5.55	A	-		
1747	32	O	5.55	T	-		
1747	33	O	5.55	T	-		
1747	34	O	5.55	G	-		
1747	35	O	5.55	T	-		
1747	36	O	5.55	T	-		
1747	37	O	5.55	A	-		
1747	38	O	5.55	T	-		
1747	39	O	5.55	C	-		
1747	40	O	5.55	A	-		
1747	41	O	5.55	C	-		
1747	42	O	5.55	A	-		
1747	43	O	5.55	T	-		
1747	44	O	5.55	T	-		
1747	45	O	5.55	T	-		
1747	46	O	5.55	C	-		
1747	47	O	5.55	A	-		
1747	48	O	5.55	A	-		
1747	49	O	5.55	T	-		
1747	50	O	5.55	T	-		
1747	51	O	5.55	T	-		
1747	52	O	5.55	A	-		
1747	53	O	5.55	A	-		
1747	54	O	5.55	T	-		
1747	55	O	5.55	T	-		
1747	56	O	5.55	T	-		
1747	57	O	5.55	T	-		
1747	58	O	5.55	T	-		
1747	59	O	5.55	T	-		
1747	60	O	5.55	T	-		
1747	61	O	5.55	T	-		
1747	62	O	5.55	T	-		
1747	63	O	5.55	T	-		
1747	64	O	5.55	G	-		
1747	65	O	5.55	T	-		
1747	66	O	5.55	T	-		
1747	67	O	5.55	G	-		
1747	68	O	5.55	T	-		
1747	69	O	5.55	T	-		
1747	70	O	5.55	G	-		
1747	71	O	5.55	T	-		
1747	72	O	5.55	T	-		
1747	73	O	5.55	G	-		
1747	74	O	5.55	T	-		
1747	75	O	5.55	T	-		
1747	76	O	5.55	T	-		
1747	77	O	5.55	T	-		
1747	78	O	5.55	C	-		
1747	79	O	5.55	C	-		
1747	80	O	5.55	A	-		
1747	81	O	5.55	T	-		
1747	82	O	5.55	G	-		
1747	83	O	5.55	A	-		
1747	84	O	5.55	A	-		
1747	85	O	5.55	T	-		
1747	86	O	5.55	T	-		
1747	87	O	5.55	C	-		
1747	88	O	5.55	A	-		
1747	89	O	5.55	T	-		
1747	90	O	5.55	A	-		
1747	91	O	5.55	T	-		
1747	92	O	5.55	A	-		
1747	93	O	5.55	T	-		
1747	94	O	5.55	T	-		
1747	95	O	5.55	G	-		
1747	96	O	5.55	C	-		
1747	97	O	5.55	T	-		
1747	98	O	5.55	T	-		
1747	99	O	5.55	A	-		
1747	100	O	5.55	C	-		
1747	101	O	5.55	A	-		
1747	102	O	5.55	T	-		
1747	103	O	5.55	T	-		
1747	104	O	5.55	C	-		
1747	105	O	5.55	G	-		
1747	106	O	5.55	T	-		
1747	107	O	5.55	C	-		
1747	108	O	5.55	G	-		
1747	109	O	5.55	T	-		
1748	0	O	9.70	T	-		
1748	1	O	9.70	A	-		
1748	2	O	9.70	G	-		
1748	3	O	9.70	T	-		
1748	4	O	9.70	G	-		
1748	5	O	9.70	C	-		
1748	6	O	9.70	C	-		
1748	7	O	9.70	T	-		
1748	8	O	9.70	C	-		
1748	9	O	9.70	T	-		
1748	10	O	9.70	A	-		
1748	11	O	9.70	G	-		
1748	12	O	9.70	G	-		
1748	13	O	9.70	A	-		
1748	14	O	9.70	A	-		
1748	15	O	9.70	C	-		
1748	16	O	9.70	G	-		
1748	17	O	9.70	G	-		
1748	18	O	9.70	A	-		
1748	19	O	9.70	G	-		
1748	20	O	9.70	T	-		
1748	21	O	9.70	G	-		
1748	22	O	9.70	G	-		
1748	23	O	9.70	C	-		
1748	24	O	9.70	T	-		
1748	25	O	9.70	A	-		
1748	26	O	9.70	G	-		
1748	27	O	9.70	C	-		
1748	28	O	9.70	G	-		
1748	29	O	9.70	G	-		
1748	30	O	9.70	A	-		
1748	31	O	9.70	A	-		
1748	32	O	9.70	G	-		
1748	33	O	9.70	T	-		
1748	34	O	9.70	G	-		
1748	35	O	9.70	T	-		
1748	36	O	9.70	G	-		
1748	37	O	9.70	T	-		
1748	38	O	9.70	T	-		
1748	39	O	9.70	T	-		
1748	40	O	9.70	C	-		
1748	41	O	9.70	G	-		
1748	42	O	9.70	G	-		
1748	43	O	9.70	A	-		
1748	44	O	9.70	A	-		
1748	45	O	9.70	A	-		
1748	46	O	9.70	C	-		
1748	47	O	9.70	T	-		
1748	48	O	9.70	T	-		
1748	49	O	9.70	G	-		
1748	50	O	9.70	G	-		
1748	51	O	9.70	C	-		
1748	52	O	9.70	A	-		
1748	53	O	9.70	A	-		
1748	54	O	9.70	G	-		
1748	55	O	9.70	G	-		
1748	56	O	9.70	G	-		
1748	57	O	9.70	A	-		
1748	58	O	9.70	C	-		
1748	59	O	9.70	A	-		
1748	60	O	9.70	T	-		
1748	61	O	9.70	G	-		
1748	62	O	9.70	G	-		
1748	63	O	9.70	G	-		
1748	64	O	9.70	G	-		
1748	65	O	9.70	T	-		
1748	66	O	9.70	T	-		
1748	67	O	9.70	G	-		
1748	68	O	9.70	G	-		
1748	69	O	9.70	A	-		
1748	70	O	9.70	G	-		
1748	71	O	9.70	T	-		
1748	72	O	9.70	A	-		
1748	73	O	9.70	C	-		
1748	74	O	9.70	A	-		
1748	75	O	9.70	T	-		
1748	76	O	9.70	G	-		
1748	77	O	9.70	G	-		
1748	78	O	9.70	A	-		
1748	79	O	9.70	G	-		
1748	80	O	9.70	T	-		
1748	81	O	9.70	A	-		
1748	82	O	9.70	C	-		
1748	83	O	9.70	A	-		
1748	84	O	9.70	G	-		
1748	85	O	9.70	G	-		
1748	86	O	9.70	A	-		
1748	87	O	9.70	T	-		
1748	88	O	9.70	T	-		
1748	89	O	9.70	G	-		
1748	90	O	9.70	G	-		
1748	91	O	9.70	A	-		
1748	92	O	9.70	G	-		
1748	93	O	9.70	T	-		
1748	94	O	9.70	G	-		
1748	95	O	9.70	G	-		
1748	96	O	9.70	G	-		
1748	97	O	9.70	A	-		
1748	98	O	9.70	G	-		
1748	99	O	9.70	A	-		
1748	100	O	9.70	G	-		
1748	101	O	9.70	A	-		
1748	102	O	9.70	G	-		
1748	103	O	9.70	T	-		
1748	104	O	9.70	A	-		
1748	105	O	9.70	G	-		
1748	106	O	9.70	C	-		
1748	107	O	9.70	T	-		
1748	108	O	9.70	T	-		
1748	109	O	9.70	G	-		
1749	0	O	13.86	A	-		
1749	1	O	13.86	T	-		
1749	2	O	13.86	G	-		
1749	3	O	13.86	A	-		
1749	4	O	13.86	G	-		
1749	5	O	13.86	G	-		
1749	6	O	13.86	T	-		
1749	7	O	13.86	T	-		
1749	8	O	13.86	C	-		
1749	9	O	13.86	G	-		
1749	10	O	13.86	T	-		
1749	11	O	13.86	C	-		
1749	12	O	13.86	T	-		
1749	13	O	13.86	T	-		
1749	14	O	13.86	G	-		
1749	15	O	13.86	A	-		
1749	16	O	13.86	C	-		
1749	17	O	13.86	A	-		
1749	18	O	13.86	G	-		
1749	19	O	13.86	C	-		
1749	20	O	13.86	A	-		
1749	21	O	13.86	C	-		
1749	22	O	13.86	G	-		
1749	23	O	13.86	A	-		
1749	24	O	13.86	G	-		
1749	25	O	13.86	T	-		
1749	26	O	13.86	A	-		
1749	27	O	13.86	G	-		
1749	28	O	13.86	A	-		
1749	29	O	13.86	G	-		
1749	30	O	13.86	T	-		
1749	31	O	13.86	C	-		
1749	32	O	13.86	G	-		
1749	33	O	13.86	A	-		
1749	34	O	13.86	A	-		
1749	35	O	13.86	G	-		
1749	36	O	13.86	C	-		
1749	37	O	13.86	G	-		
1749	38	O	13.86	G	-		
1749	39	O	13.86	C	-		
1749	40	O	13.86	T	-		
1749	41	O	13.86	C	-		
1749	42	O	13.86	A	-		
1749	43	O	13.86	A	-		
1749	44	O	13.86	G	-		
1749	45	O	13.86	A	-		
1749	46	O	13.86	T	-		
1749	47	O	13.86	C	-		
1749	48	O	13.86	C	-		
1749	49	O	13.86	T	-		
1749	50	O	13.86	C	-		
1749	51	O	13.86	G	-		
1749	52	O	13.86	A	-		
1749	53	O	13.86	C	-		
1749	54	O	13.86	T	-		
1749	55	O	13.86	G	-		
1749	56	O	13.86	T	-		
1749	57	O	13.86	T	-		
1749	58	O	13.86	G	-		
1749	59	O	13.86	G	-		
1749	60	O	13.86	C	-		
1749	61	O	13.86	A	-		
1749	62	O	13.86	A	-		
1749	63	O	13.86	A	-		
1749	64	O	13.86	G	-		
1749	65	O	13.86	C	-		
1749	66	O	13.86	A	-		
1749	67	O	13.86	C	-		
1749	68	O	13.86	A	-		
1749	69	O	13.86	C	-		
1749	70	O	13.86	T	-		
1749	71	O	13.86	C	-		
1749	72	O	13.86	G	-		
1749	73	O	13.86	T	-		
1749	74	O	13.86	G	-		
1749	75	O	13.86	T	-		
1749	76	O	13.86	A	-		
1749	77	O	13.86	A	-		
1749	78	O	13.86	G	-		
1749	79	O	13.86	C	-		
1749	80	O	13.86	T	-		
1749	81	O	13.86	C	-		
1749	82	O	13.86	T	-		
1749	83	O	13.86	G	-		
1749	84	O	13.86	G	-		
1749	85	O	13.86	A	-		
1749	86	O	13.86	C	-		
1749	87	O	13.86	T	-		
1749	88	O	13.86	A	-		
1749	89	O	13.86	T	-		
1749	90	O	13.86	C	-		
1749	91	O	13.86	C	-		
1749	92	O	13.86	A	-		
1749	93	O	13.86	C	-		
1749	94	O	13.86	C	-		
1749	95	O	13.86	G	-		
1749	96	O	13.86	A	-		
1749	97	O	13.86	G	-		
1749	98	O	13.86	C	-		
1749	99	O	13.86	A	-		
1749	100	O	13.86	G	-		
1749	101	O	13.86	A	-		
1749	102	O	13.86	T	-		
1749	103	O	13.86	G	-		
1749	104	O	13.86	T	-		
1749	105	O	13.86	C	-		
1749	106	O	13.86	A	-		
1749	107	O	13.86	G	-		
1749	108	O	13.86	A	-		
1749	109	O	13.86	C	-		
1750	0	O	11.09	G	-		
1750	1	O	11.09	G	-		
1750	2	O	11.09	C	-		
1750	3	O	11.09	A	-		
1750	4	O	11.09	G	-		
1750	5	O	11.09	C	-		
1750	6	O	11.09	A	-		
1750	7	O	11.09	C	-		
1750	8	O	11.09	T	-		
1750	9	O	11.09	T	-		
1750	10	O	11.09	C	-		
1750	11	O	11.09	T	-		
1750	12	O	11.09	C	-		
1750	13	O	11.09	G	-		
1750	14	O	11.09	C	-		
1750	15	O	11.09	A	-		
1750	16	O	11.09	G	-		
1750	17	O	11.09	T	-		
1750	18	O	11.09	C	-		
1750	19	O	11.09	T	-		
1750	20	O	11.09	T	-		
1750	21	O	11.09	C	-		
1750	22	O	11.09	C	-		
1750	23	O	11.09	T	-		
1750	24	O	11.09	A	-		
1750	25	O	11.09	A	-		
1750	26	O	11.09	C	-		
1750	27	O	11.09	A	-		
1750	28	O	11.09	C	-		
1750	29	O	11.09	C	-		
1750	30	O	11.09	A	-		
1750	31	O	11.09	T	-		
1750	32	O	11.09	G	-		
1750	33	O	11.09	T	-		
1750	34	O	11.09	C	-		
1750	35	O	11.09	C	-		
1750	36	O	11.09	A	-		
1750	37	O	11.09	A	-		
1750	38	O	11.09	T	-		
1750	39	O	11.09	C	-		
1750	40	O	11.09	C	-		
1750	41	O	11.09	A	-		
1750	42	O	11.09	C	-		
1750	43	O	11.09	C	-		
1750	44	O	11.09	T	-		
1750	45	O	11.09	C	-		
1750	46	O	11.09	A	-		
1750	47	O	11.09	C	-		
1750	48	O	11.09	A	-		
1750	49	O	11.09	C	-		
1750	50	O	11.09	G	-		
1750	51	O	11.09	A	-		
1750	52	O	11.09	T	-		
1750	53	O	11.09	A	-		
1750	54	O	11.09	A	-		
1750	55	O	11.09	A	-		
1750	56	O	11.09	C	-		
1750	57	O	11.09	T	-		
1750	58	O	11.09	C	-		
1750	59	O	11.09	C	-		
1750	60	O	11.09	G	-		
1750	61	O	11.09	G	-		
1750	62	O	11.09	T	-		
1750	63	O	11.09	C	-		
1750	64	O	11.09	T	-		
1750	65	O	11.09	T	-		
1750	66	O	11.09	A	-		
1750	67	O	11.09	C	-		
1750	68	O	11.09	T	-		
1750	69	O	11.09	G	-		
1750	70	O	11.09	G	-		
1750	71	O	11.09	A	-		
1750	72	O	11.09	T	-		
1750	73	O	11.09	A	-		
1750	74	O	11.09	C	-		
1750	75	O	11.09	C	-		
1750	76	O	11.09	C	-		
1750	77	O	11.09	C	-		
1750	78	O	11.09	G	-		
1750	79	O	11.09	A	-		
1750	80	O	11.09	A	-		
1750	81	O	11.09	T	-		
1750	82	O	11.09	C	-		
1750	83	O	11.09	T	-		
1750	84	O	11.09	C	-		
1750	85	O	11.09	G	-		
1750	86	O	11.09	C	-		
1750	87	O	11.09	G	-		
1750	88	O	11.09	C	-		
1750	89	O	11.09	A	-		
1750	90	O	11.09	G	-		
1750	91	O	11.09	G	-		
1750	92	O	11.09	C	-		
1750	93	O	11.09	G	-		
1750	94	O	11.09	C	-		
1750	95	O	11.09	A	-		
1750	96	O	11.09	A	-		
1750	97	O	11.09	C	-		
1750	98	O	11.09	A	-		
1750	99	O	11.09	A	-		
1750	100	O	11.09	G	-		
1750	101	O	11.09	A	-		
1750	102	O	11.09	C	-		
1750	103	O	11.09	A	-		
1750	104	O	11.09	A	-		
1750	105	O	11.09	A	-		
1750	106	O	11.09	T	-		
1750	107	O	11.09	G	-		
1750	108	O	11.09	G	-		
1750	109	O	11.09	A	-		
1751	0	O	6.93	C	-		
1751	1	O	6.93	A	-		
1751	2	O	6.93	G	-		
1751	3	O	6.93	A	-		
1751	4	O	6.93	T	-		
1751	5	O	6.93	T	-		
1751	6	O	6.93	T	-		
1751	7	O	6.93	T	-		
1751	8	O	6.93	T	-		
1751	9	O	6.93	C	-		
1751	10	O	6.93	T	-		
1751	11	O	6.93	C	-		
1751	12	O	6.93	A	-		
1751	13	O	6.93	T	-		
1751	14	O	6.93	T	-		
1751	15	O	6.93	T	-		
1751	16	O	6.93	A	-		
1751	17	O	6.93	T	-		
1751	18	O	6.93	T	-		
1751	19	O	6.93	T	-		
1751	20	O	6.93	T	-		
1751	21	O	6.93	T	-		
1751	22	O	6.93	G	-		
1751	23	O	6.93	T	-		
1751	24	O	6.93	A	-		
1751	25	O	6.93	G	-		
1751	26	O	6.93	A	-		
1751	27	O	6.93	A	-		
1751	28	O	6.93	A	-		
1751	29	O	6.93	A	-		
1751	30	O	6.93	A	-		
1751	31	O	6.93	T	-		
1751	32	O	6.93	C	-		
1751	33	O	6.93	A	-		
1751	34	O	6.93	C	-		
1751	35	O	6.93	A	-		
1751	36	O	6.93	T	-		
1751	37	O	6.93	A	-		
1751	38	O	6.93	A	-		
1751	39	O	6.93	T	-		
1751	40	O	6.93	T	-		
1751	41	O	6.93	A	-		
1751	42	O	6.93	T	-		
1751	43	O	6.93	A	-		
1751	44	O	6.93	G	-		
1751	45	O	6.93	A	-		
1751	46	O	6.93	T	-		
1751	47	O	6.93	A	-		
1751	48	O	6.93	T	-		
1751	49	O	6.93	A	-		
1751	50	O	6.93	G	-		
1751	51	O	6.93	A	-		
1751	52	O	6.93	C	-		
1751	53	O	6.93	A	-		
1751	54	O	6.93	A	-		
1751	55	O	6.93	A	-		
1751	56	O	6.93	A	-		
1751	57	O	6.93	G	-		
1751	58	O	6.93	T	-		
1751	59	O	6.93	T	-		
1751	60	O	6.93	T	-		
1751	61	O	6.93	G	-		
1751	62	O	6.93	C	-		
1751	63	O	6.93	A	-		
1751	64	O	6.93	A	-		
1751	65	O	6.93	G	-		
1751	66	O	6.93	A	-		
1751	67	O	6.93	T	-		
1751	68	O	6.93	C	-		
1751	69	O	6.93	A	-		
1751	70	O	6.93	A	-		
1751	71	O	6.93	G	-		
1751	72	O	6.93	A	-		
1751	73	O	6.93	A	-		
1751	74	O	6.93	T	-		
1751	75	O	6.93	G	-		
1751	76	O	6.93	A	-		
1751	77	O	6.93	G	-		
1751	78	O	6.93	A	-		
1751	79	O	6.93	A	-		
1751	80	O	6.93	A	-		
1751	81	O	6.93	A	-		
1751	82	O	6.93	G	-		
1751	83	O	6.93	C	-		
1751	84	O	6.93	G	-		
1751	85	O	6.93	T	-		
1751	86	O	6.93	A	-		
1751	87	O	6.93	A	-		
1751	88	O	6.93	G	-		
1751	89	O	6.93	A	-		
1751	90	O	6.93	G	-		
1751	91	O	6.93	G	-		
1751	92	O	6.93	T	-		
1751	93	O	6.93	C	-		
1751	94	O	6.93	A	-		
1751	95	O	6.93	T	-		
1751	96	O	6.93	G	-		
1751	97	O	6.93	T	-		
1751	98	O	6.93	A	-		
1751	99	O	6.93	T	-		
1751	100	O	6.93	C	-		
1751	101	O	6.93	T	-		
1751	102	O	6.93	T	-		
1751	103	O	6.93	A	-		
1751	104	O	6.93	A	-		
1751	105	O	6.93	A	-		
1751	106	O	6.93	C	-		
1751	107	O	6.93	T	-		
1751	108	O	6.93	G	-		
1751	109	O	6.93	A	-		
1752	0	O	9.70	A	-		
1752	1	O	9.70	C	-		
1752	2	O	9.70	T	-		
1752	3	O	9.70	T	-		
1752	4	O	9.70	T	-		
1752	5	O	9.70	A	-		
1752	6	O	9.70	A	-		
1752	7	O	9.70	A	-		
1752	8	O	9.70	A	-		
1752	9	O	9.70	A	-		
1752	10	O	9.70	T	-		
1752	11	O	9.70	G	-		
1752	12	O	9.70	T	-		
1752	13	O	9.70	G	-		
1752	14	O	9.70	C	-		
1752	15	O	9.70	C	-		
1752	16	O	9.70	A	-		
1752	17	O	9.70	T	-		
1752	18	O	9.70	T	-		
1752	19	O	9.70	G	-		
1752	20	O	9.70	T	-		
1752	21	O	9.70	C	-		
1752	22	O	9.70	T	-		
1752	23	O	9.70	A	-		
1752	24	O	9.70	C	-		
1752	25	O	9.70	A	-		
1752	26	O	9.70	A	-		
1752	27	O	9.70	C	-		
1752	28	O	9.70	T	-		
1752	29	O	9.70	T	-		
1752	30	O	9.70	G	-		
1752	31	O	9.70	A	-		
1752	32	O	9.70	G	-		
1752	33	O	9.70	G	-		
1752	34	O	9.70	C	-		
1752	35	O	9.70	A	-		
1752	36	O	9.70	G	-		
1752	37	O	9.70	C	-		
1752	38	O	9.70	A	-		
1752	39	O	9.70	A	-		
1752	40	O	9.70	T	-		
1752	41	O	9.70	C	-		
1752	42	O	9.70	C	-		
1752	43	O	9.70	T	-		
1752	44	O	9.70	G	-		
1752	45	O	9.70	T	-		
1752	46	O	9.70	G	-		
1752	47	O	9.70	A	-		
1752	48	O	9.70	T	-		
1752	49	O	9.70	G	-		
1752	50	O	9.70	G	-		
1752	51	O	9.70	T	-		
1752	52	O	9.70	A	-		
1752	53	O	9.70	A	-		
1752	54	O	9.70	C	-		
1752	55	O	9.70	A	-		
1752	56	O	9.70	G	-		
1752	57	O	9.70	C	-		
1752	58	O	9.70	T	-		
1752	59	O	9.70	G	-		
1752	60	O	9.70	G	-		
1752	61	O	9.70	A	-		
1752	62	O	9.70	T	-		
1752	63	O	9.70	T	-		
1752	64	O	9.70	T	-		
1752	65	O	9.70	T	-		
1752	66	O	9.70	T	-		
1752	67	O	9.70	T	-		
1752	68	O	9.70	A	-		
1752	69	O	9.70	A	-		
1752	70	O	9.70	G	-		
1752	71	O	9.70	A	-		
1752	72	O	9.70	T	-		
1752	73	O	9.70	C	-		
1752	74	O	9.70	T	-		
1752	75	O	9.70	T	-		
1752	76	O	9.70	T	-		
1752	77	O	9.70	A	-		
1752	78	O	9.70	T	-		
1752	79	O	9.70	T	-		
1752	80	O	9.70	T	-		
1752	81	O	9.70	G	-		
1752	82	O	9.70	T	-		
1752	83	O	9.70	T	-		
1752	84	O	9.70	G	-		
1752	85	O	9.70	C	-		
1752	86	O	9.70	T	-		
1752	87	O	9.70	A	-		
1752	88	O	9.70	A	-		
1752	89	O	9.70	T	-		
1752	90	O	9.70	T	-		
1752	91	O	9.70	T	-		
1752	92	O	9.70	A	-		
1752	93	O	9.70	A	-		
1752	94	O	9.70	G	-		
1752	95	O	9.70	A	-		
1752	96	O	9.70	T	-		
1752	97	O	9.70	T	-		
1752	98	O	9.70	T	-		
1752	99	O	9.70	A	-		
1752	100	O	9.70	T	-		
1752	101	O	9.70	G	-		
1752	102	O	9.70	T	-		
1752	103	O	9.70	T	-		
1752	104	O	9.70	T	-		
1752	105	O	9.70	T	-		
1752	106	O	9.70	C	-		
1752	107	O	9.70	A	-		
1752	108	O	9.70	A	-		
1752	109	O	9.70	A	-		
1753	0	O	5.55	T	-		
1753	1	O	5.55	A	-		
1753	2	O	5.55	C	-		
1753	3	O	5.55	A	-		
1753	4	O	5.55	G	-		
1753	5	O	5.55	C	-		
1753	6	O	5.55	T	-		
1753	7	O	5.55	G	-		
1753	8	O	5.55	A	-		
1753	9	O	5.55	C	-		
1753	10	O	5.55	A	-		
1753	11	O	5.55	G	-		
1753	12	O	5.55	T	-		
1753	13	O	5.55	C	-		
1753	14	O	5.55	A	-		
1753	15	O	5.55	A	-		
1753	16	O	5.55	C	-		
1753	17	O	5.55	G	-		
1753	18	O	5.55	A	-		
1753	19	O	5.55	T	-		
1753	20	O	5.55	A	-		
1753	21	O	5.55	C	-		
1753	22	O	5.55	A	-		
1753	23	O	5.55	C	-		
1753	24	O	5.55	C	-		
1753	25	O	5.55	T	-		
1753	26	O	5.55	G	-		
1753	27	O	5.55	A	-		
1753	28	O	5.55	T	-		
1753	29	O	5.55	G	-		
1753	30	O	5.55	A	-		
1753	31	O	5.55	G	-		
1753	32	O	5.55	A	-		
1753	33	O	5.55	C	-		
1753	34	O	5.55	G	-		
1753	35	O	5.55	G	-		
1753	36	O	5.55	T	-		
1753	37	O	5.55	G	-		
1753	38	O	5.55	C	-		
1753	39	O	5.55	A	-		
1753	40	O	5.55	C	-		
1753	41	O	5.55	A	-		
1753	42	O	5.55	T	-		
1753	43	O	5.55	T	-		
1753	44	O	5.55	G	-		
1753	45	O	5.55	G	-		
1753	46	O	5.55	T	-		
1753	47	O	5.55	G	-		
1753	48	O	5.55	A	-		
1753	49	O	5.55	A	-		
1753	50	O	5.55	G	-		
1753	51	O	5.55	A	-		
1753	52	O	5.55	T	-		
1753	53	O	5.55	C	-		
1753	54	O	5.55	A	-		
1753	55	O	5.55	T	-		
1753	56	O	5.55	C	-		
1753	57	O	5.55	G	-		
1753	58	O	5.55	A	-		
1753	59	O	5.55	C	-		
1753	60	O	5.55	T	-		
1753	61	O	5.55	T	-		
1753	62	O	5.55	T	-		
1753	63	O	5.55	G	-		
1753	64	O	5.55	C	-		
1753	65	O	5.55	T	-		
1753	66	O	5.55	G	-		
1753	67	O	5.55	T	-		
1753	68	O	5.55	C	-		
1753	69	O	5.55	A	-		
1753	70	O	5.55	A	-		
1753	71	O	5.55	G	-		
1753	72	O	5.55	A	-		
1753	73	O	5.55	A	-		
1753	74	O	5.55	A	-		
1753	75	O	5.55	T	-		
1753	76	O	5.55	C	-		
1753	77	O	5.55	C	-		
1753	78	O	5.55	G	-		
1753	79	O	5.55	C	-		
1753	80	O	5.55	G	-		
1753	81	O	5.55	C	-		
1753	82	O	5.55	G	-		
1753	83	O	5.55	C	-		
1753	84	O	5.55	T	-		
1753	85	O	5.55	G	-		
1753	86	O	5.55	C	-		
1753	87	O	5.55	T	-		
1753	88	O	5.55	T	-		
1753	89	O	5.55	G	-		
1753	90	O	5.55	T	-		
1753	91	O	5.55	G	-		
1753	92	O	5.55	G	-		
1753	93	O	5.55	T	-		
1753	94	O	5.55	C	-		
1753	95	O	5.55	C	-		
1753	96	O	5.55	T	-		
1753	97	O	5.55	C	-		
1753	98	O	5.55	C	-		
1753	99	O	5.55	G	-		
1753	100	O	5.55	A	-		
1753	101	O	5.55	T	-		
1753	102	O	5.55	G	-		
1753	103	O	5.55	G	-		
1753	104	O	5.55	G	-		
1753	105	O	5.55	A	-		
1753	106	O	5.55	A	-		
1753	107	O	5.55	G	-		
1753	108	O	5.55	T	-		
1753	109	O	5.55	C	-		
1754	0	O	8.32	G	-		
1754	1	O	8.32	G	-		
1754	2	O	8.32	A	-		
1754	3	O	8.32	C	-		
1754	4	O	8.32	G	-		
1754	5	O	8.32	T	-		
1754	6	O	8.32	A	-		
1754	7	O	8.32	C	-		
1754	8	O	8.32	C	-		
1754	9	O	8.32	T	-		
1754	10	O	8.32	G	-		
1754	11	O	8.32	G	-		
1754	12	O	8.32	T	-		
1754	13	O	8.32	A	-		
1754	14	O	8.32	C	-		
1754	15	O	8.32	C	-		
1754	16	O	8.32	A	-		
1754	17	O	8.32	G	-		
1754	18	O	8.32	A	-		
1754	19	O	8.32	T	-		
1754	20	O	8.32	C	-		
1754	21	O	8.32	G	-		
1754	22	O	8.32	T	-		
1754	23	O	8.32	C	-		
1754	24	O	8.32	T	-		
1754	25	O	8.32	G	-		
1754	26	O	8.32	C	-		
1754	27	O	8.32	G	-		
1754	28	O	8.32	C	-		
1754	29	O	8.32	G	-		
1754	30	O	8.32	G	-		
1754	31	O	8.32	G	-		
1754	32	O	8.32	C	-		
1754	33	O	8.32	A	-		
1754	34	O	8.32	T	-		
1754	35	O	8.32	T	-		
1754	36	O	8.32	G	-		
1754	37	O	8.32	C	-		
1754	38	O	8.32	C	-		
1754	39	O	8.32	A	-		
1754	40	O	8.32	C	-		
1754	41	O	8.32	G	-		
1754	42	O	8.32	G	-		
1754	43	O	8.32	G	-		
1754	44	O	8.32	T	-		
1754	45	O	8.32	A	-		
1754	46	O	8.32	A	-		
1754	47	O	8.32	A	-		
1754	48	O	8.32	G	-		
1754	49	O	8.32	T	-		
1754	50	O	8.32	T	-		
1754	51	O	8.32	G	-		
1754	52	O	8.32	G	-		
1754	53	O	8.32	G	-		
1754	54	O	8.32	C	-		
1754	55	O	8.32	A	-		
1754	56	O	8.32	A	-		
1754	57	O	8.32	C	-		
1754	58	O	8.32	A	-		
1754	59	O	8.32	G	-		
1754	60	O	8.32	G	-		
1754	61	O	8.32	G	-		
1754	62	O	8.32	C	-		
1754	63	O	8.32	T	-		
1754	64	O	8.32	G	-		
1754	65	O	8.32	C	-		
1754	66	O	8.32	A	-		
1754	67	O	8.32	T	-		
1754	68	O	8.32	C	-		
1754	69	O	8.32	C	-		
1754	70	O	8.32	A	-		
1754	71	O	8.32	C	-		
1754	72	O	8.32	A	-		
1754	73	O	8.32	C	-		
1754	74	O	8.32	C	-		
1754	75	O	8.32	T	-		
1754	76	O	8.32	T	-		
1754	77	O	8.32	C	-		
1754	78	O	8.32	A	-		
1754	79	O	8.32	C	-		
1754	80	O	8.32	T	-		
1754	81	O	8.32	C	-		
1754	82	O	8.32	G	-		
1754	83	O	8.32	G	-		
1754	84	O	8.32	T	-		
1754	85	O	8.32	G	-		
1754	86	O	8.32	G	-		
1754	87	O	8.32	G	-		
1754	88	O	8.32	T	-		
1754	89	O	8.32	T	-		
1754	90	O	8.32	C	-		
1754	91	O	8.32	C	-		
1754	92	O	8.32	A	-		
1754	93	O	8.32	C	-		
1754	94	O	8.32	G	-		
1754	95	O	8.32	A	-		
1754	96	O	8.32	C	-		
1754	97	O	8.32	C	-		
1754	98	O	8.32	G	-		
1754	99	O	8.32	C	-		
1754	100	O	8.32	A	-		
1754	101	O	8.32	A	-		
1754	102	O	8.32	C	-		
1754	103	O	8.32	T	-		
1754	104	O	8.32	G	-		
1754	105	O	8.32	C	-		
1754	106	O	8.32	C	-		
1754	107	O	8.32	C	-		
1754	108	O	8.32	T	-		
1754	109	O	8.32	C	-		
1755	0	O	12.48	A	-		
1755	1	O	12.48	G	-		
1755	2	O	12.48	C	-		
1755	3	O	12.48	T	-		
1755	4	O	12.48	G	-		
1755	5	O	12.48	C	-		
1755	6	O	12.48	T	-		
1755	7	O	12.48	C	-		
1755	8	O	12.48	G	-		
1755	9	O	12.48	A	-		
1755	10	O	12.48	G	-		
1755	11	O	12.48	C	-		
1755	12	O	12.48	G	-		
1755	13	O	12.48	G	-		
1755	14	O	12.48	G	-		
1755	15	O	12.48	T	-		
1755	16	O	12.48	G	-		
1755	17	O	12.48	G	-		
1755	18	O	12.48	C	-		
1755	19	O	12.48	C	-		
1755	20	O	12.48	A	-		
1755	21	O	12.48	A	-		
1755	22	O	12.48	G	-		
1755	23	O	12.48	G	-		
1755	24	O	12.48	C	-		
1755	25	O	12.48	C	-		
1755	26	O	12.48	G	-		
1755	27	O	12.48	T	-		
1755	28	O	12.48	C	-		
1755	29	O	12.48	G	-		
1755	30	O	12.48	A	-		
1755	31	O	12.48	T	-		
1755	32	O	12.48	A	-		
1755	33	O	12.48	A	-		
1755	34	O	12.48	T	-		
1755	35	O	12.48	G	-		
1755	36	O	12.48	C	-		
1755	37	O	12.48	C	-		
1755	38	O	12.48	G	-		
1755	39	O	12.48	A	-		
1755	40	O	12.48	C	-		
1755	41	O	12.48	A	-		
1755	42	O	12.48	A	-		
1755	43	O	12.48	G	-		
1755	44	O	12.48	C	-		
1755	45	O	12.48	G	-		
1755	46	O	12.48	A	-		
1755	47	O	12.48	T	-		
1755	48	O	12.48	A	-		
1755	49	O	12.48	C	-		
1755	50	O	12.48	A	-		
1755	51	O	12.48	A	-		
1755	52	O	12.48	T	-		
1755	53	O	12.48	T	-		
1755	54	O	12.48	A	-		
1755	55	O	12.48	A	-		
1755	56	O	12.48	T	-		
1755	57	O	12.48	T	-		
1755	58	O	12.48	G	-		
1755	59	O	12.48	C	-		
1755	60	O	12.48	G	-		
1755	61	O	12.48	C	-		
1755	62	O	12.48	C	-		
1755	63	O	12.48	C	-		
1755	64	O	12.48	G	-		
1755	65	O	12.48	A	-		
1755	66	O	12.48	C	-		
1755	67	O	12.48	A	-		
1755	68	O	12.48	A	-		
1755	69	O	12.48	A	-		
1755	70	O	12.48	C	-		
1755	71	O	12.48	G	-		
1755	72	O	12.48	A	-		
1755	73	O	12.48	G	-		
1755	74	O	12.48	C	-		
1755	75	O	12.48	G	-		
1755	76	O	12.48	C	-		
1755	77	O	4.00	C	-		
1755	78	O	12.48	G	-		
1755	79	O	12.48	G	-		
1755	80	O	12.48	A	-		
1755	81	O	12.48	T	-		
1755	82	O	12.48	G	-		
1755	83	O	12.48	G	-		
1755	84	O	12.48	C	-		
1755	85	O	12.48	C	-		
1755	86	O	12.48	G	-		
1755	87	O	12.48	G	-		
1755	88	O	12.48	C	-		
1755	89	O	12.48	G	-		
1755	90	O	12.48	G	-		
1755	91	O	12.48	A	-		
1755	92	O	12.48	G	-		
1755	93	O	12.48	T	-		
1755	94	O	12.48	G	-		
1755	95	O	12.48	G	-		
1755	96	O	12.48	C	-		
1755	97	O	12.48	G	-		
1755	98	O	12.48	C	-		
1755	99	O	12.48	G	-		
1755	100	O	12.48	C	-		
1755	101	O	12.48	A	-		
1755	102	O	12.48	C	-		
1755	103	O	12.48	A	-		
1755	104	O	12.48	G	-		
1755	105	O	12.48	A	-		
1755	106	O	12.48	T	-		
1755	107	O	12.48	T	-		
1755	108	O	12.48	G	-		
1755	109	O	12.48	G	-		
1756	0	O	12.48	C	-		
1756	1	O	4.00	G	-		
1756	2	O	12.48	C	-		
1756	3	O	12.48	C	-		
1756	4	O	12.48	G	-		
1756	5	O	12.48	T	-		
1756	6	O	12.48	T	-		
1756	7	O	12.48	G	-		
1756	8	O	12.48	T	-		
1756	9	O	12.48	C	-		
1756	10	O	12.48	G	-		
1756	11	O	12.48	C	-		
1756	12	O	12.48	A	-		
1756	13	O	12.48	G	-		
1756	14	O	12.48	A	-		
1756	15	O	12.48	A	-		
1756	16	O	12.48	A	-		
1756	17	O	12.48	G	-		
1756	18	O	12.48	T	-		
1756	19	O	12.48	G	-		
1756	20	O	12.48	G	-		
1756	21	O	12.48	A	-		
1756	22	O	12.48	A	-		
1756	23	O	12.48	A	-		
1756	24	O	12.48	G	-		
1756	25	O	12.48	C	-		
1756	26	O	12.48	G	-		
1756	27	O	12.48	C	-		
1756	28	O	12.48	A	-		
1756	29	O	12.48	T	-		
1756	30	O	12.48	C	-		
1756	31	O	12.48	G	-		
1756	32	O	12.48	C	-		
1756	33	O	12.48	A	-		
1756	34	O	12.48	C	-		
1756	35	O	12.48	C	-		
1756	36	O	12.48	A	-		
1756	37	O	12.48	G	-		
1756	38	O	4.00	C	-		
1756	39	O	12.48	T	-		
1756	40	O	12.48	C	-		
1756	41	O	12.48	G	-		
1756	42	O	12.48	A	-		
1756	43	O	12.48	A	-		
1756	44	O	12.48	C	-		
1756	45	O	12.48	G	-		
1756	46	O	12.48	G	-		
1756	47	O	12.48	A	-		
1756	48	O	12.48	C	-		
1756	49	O	12.48	T	-		
1756	50	O	12.48	T	-		
1756	51	O	12.48	C	-		
1756	52	O	12.48	C	-		
1756	53	O	12.48	A	-		
1756	54	O	12.48	A	-		
1756	55	O	12.48	G	-		
1756	56	O	12.48	G	-		
1756	57	O	12.48	T	-		
1756	58	O	12.48	T	-		
1756	59	O	12.48	C	-		
1756	60	O	12.48	C	-		
1756	61	O	12.48	C	-		
1756	62	O	12.48	A	-		
1756	63	O	12.48	A	-		
1756	64	O	12.48	C	-		
1756	65	O	12.48	C	-		
1756	66	O	12.48	A	-		
1756	67	O	12.48	A	-		
1756	68	O	12.48	G	-		
1756	69	O	12.48	A	-		
1756	70	O	12.48	C	-		
1756	71	O	12.48	G	-		
1756	72	O	12.48	A	-		
1756	73	O	12.48	A	-		
1756	74	O	12.48	T	-		
1756	75	O	12.48	T	-		
1756	76	O	12.48	C	-		
1756	77	O	12.48	A	-		
1756	78	O	12.48	G	-		
1756	79	O	12.48	G	-		
1756	80	O	12.48	A	-		
1756	81	O	12.48	T	-		
1756	82	O	12.48	T	-		
1756	83	O	12.48	C	-		
1756	84	O	12.48	C	-		
1756	85	O	12.48	T	-		
1756	86	O	12.48	T	-		
1756	87	O	12.48	G	-		
1756	88	O	12.48	T	-		
1756	89	O	12.48	T	-		
1756	90	O	12.48	T	-		
1756	91	O	12.48	G	-		
1756	92	O	4.00	A	-		
1756	93	O	12.48	C	-		
1756	94	O	12.48	T	-		
1756	95	O	12.48	C	-		
1756	96	O	12.48	G	-		
1756	97	O	12.48	C	-		
1756	98	O	12.48	T	-		
1756	99	O	12.48	T	-		
1756	100	O	12.48	G	-		
1756	101	O	12.48	A	-		
1756	102	O	12.48	T	-		
1756	103	O	12.48	G	-		
1756	104	O	12.48	G	-		
1756	105	O	12.48	A	-		
1756	106	O	12.48	G	-		
1756	107	O	12.48	G	-		
1756	108	O	12.48	A	-		
1756	109	O	12.48	T	-		
1757	0	O	15.25	C	-		
1757	1	O	15.25	G	-		
1757	2	O	15.25	A	-		
1757	3	O	15.25	C	-		
1757	4	O	15.25	G	-		
1757	5	O	15.25	C	-		
1757	6	O	15.25	T	-		
1757	7	O	15.25	G	-		
1757	8	O	15.25	A	-		
1757	9	O	15.25	A	-		
1757	10	O	15.25	A	-		
1757	11	O	15.25	G	-		
1757	12	O	15.25	C	-		
1757	13	O	15.25	A	-		
1757	14	O	15.25	T	-		
1757	15	O	15.25	A	-		
1757	16	O	15.25	A	-		
1757	17	O	15.25	C	-		
1757	18	O	15.25	A	-		
1757	19	O	15.25	C	-		
1757	20	O	15.25	C	-		
1757	21	O	15.25	T	-		
1757	22	O	15.25	G	-		
1757	23	O	15.25	G	-		
1757	24	O	15.25	A	-		
1757	25	O	15.25	T	-		
1757	26	O	15.25	A	-		
1757	27	O	6.35	C	-		
1757	28	O	15.25	C	-		
1757	29	O	15.25	C	-		
1757	30	O	15.25	C	-		
1757	31	O	15.25	G	-		
1757	32	O	15.25	A	-		
1757	33	O	15.25	G	-		
1757	34	O	15.25	G	-		
1757	35	O	15.25	A	-		
1757	36	O	15.25	C	-		
1757	37	O	15.25	C	-		
1757	38	O	15.25	T	-		
1757	39	O	15.25	T	-		
1757	40	O	15.25	G	-		
1757	41	O	15.25	G	-		
1757	42	O	15.25	A	-		
1757	43	O	15.25	C	-		
1757	44	O	15.25	C	-		
1757	45	O	15.25	G	-		
1757	46	O	15.25	G	-		
1757	47	O	15.25	C	-		
1757	48	O	15.25	G	-		
1757	49	O	15.25	A	-		
1757	50	O	15.25	T	-		
1757	51	O	15.25	G	-		
1757	52	O	15.25	G	-		
1757	53	O	15.25	T	-		
1757	54	O	15.25	C	-		
1757	55	O	15.25	A	-		
1757	56	O	15.25	G	-		
1757	57	O	15.25	A	-		
1757	58	O	15.25	A	-		
1757	59	O	15.25	T	-		
1757	60	O	15.25	C	-		
1757	61	O	15.25	C	-		
1757	62	O	15.25	A	-		
1757	63	O	15.25	C	-		
1757	64	O	15.25	T	-		
1757	65	O	15.25	C	-		
1757	66	O	15.25	C	-		
1757	67	O	15.25	G	-		
1757	68	O	15.25	A	-		
1757	69	O	15.25	A	-		
1757	70	O	15.25	T	-		
1757	71	O	15.25	G	-		
1757	72	O	15.25	C	-		
1757	73	O	15.25	T	-		
1757	74	O	15.25	A	-		
1757	75	O	15.25	C	-		
1757	76	O	15.25	A	-		
1757	77	O	15.25	C	-		
1757	78	O	15.25	C	-		
1757	79	O	15.25	G	-		
1757	80	O	15.25	G	-		
1757	81	O	15.25	C	-		
1757	82	O	15.25	G	-		
1757	83	O	15.25	A	-		
1757	84	O	15.25	G	-		
1757	85	O	15.25	A	-		
1757	86	O	15.25	C	-		
1757	87	O	15.25	C	-		
1757	88	O	15.25	G	-		
1757	89	O	15.25	T	-		
1757	90	O	15.25	C	-		
1757	91	O	15.25	T	-		
1757	92	O	15.25	G	-		
1757	93	O	15.25	G	-		
1757	94	O	15.25	T	-		
1757	95	O	15.25	C	-		
1757	96	O	15.25	G	-		
1757	97	O	15.25	G	-		
1757	98	O	15.25	C	-		
1757	99	O	15.25	A	-		
1757	100	O	15.25	C	-		
1757	101	O	15.25	G	-		
1757	102	O	15.25	G	-		
1757	103	O	15.25	T	-		
1757	104	O	15.25	G	-		
1757	105	O	15.25	C	-		
1757	106	O	15.25	G	-		
1757	107	O	6.35	A	-		
1757	108	O	6.35	T	-		
1757	109	O	15.25	T	-		
1758	0	O	18.02	A	-		
1758	1	O	18.02	C	-		
1758	2	O	18.02	T	-		
1758	3	O	18.02	T	-		
1758	4	O	18.02	G	-		
1758	5	O	18.02	G	-		
1758	6	O	18.02	A	-		
1758	7	O	18.02	A	-		
1758	8	O	18.02	A	-		
1758	9	O	18.02	G	-		
1758	10	O	18.02	T	-		
1758	11	O	18.02	A	-		
1758	12	O	18.02	T	-		
1758	13	O	18.02	T	-		
1758	14	O	18.02	T	-		
1758	15	O	18.02	A	-		
1758	16	O	18.02	G	-		
1758	17	O	18.02	G	-		
1758	18	O	18.02	A	-		
1758	19	O	18.02	G	-		
1758	20	O	18.02	T	-		
1758	21	O	18.02	G	-		
1758	22	O	18.02	C	-		
1758	23	O	18.02	C	-		
1758	24	O	18.02	T	-		
1758	25	O	18.02	A	-		
1758	26	O	18.02	C	-		
1758	27	O	18.02	G	-		
1758	28	O	18.02	T	-		
1758	29	O	18.02	T	-		
1758	30	O	18.02	G	-		
1758	31	O	18.02	C	-		
1758	32	O	18.02	A	-		
1758	33	O	18.02	T	-		
1758	34	O	18.02	G	-		
1758	35	O	18.02	A	-		
1758	36	O	18.02	T	-		
1758	37	O	18.02	C	-		
1758	38	O	18.02	G	-		
1758	39	O	18.02	A	-		
1758	40	O	18.02	G	-		
1758	41	O	18.02	T	-		
1758	42	O	18.02	T	-		
1758	43	O	18.02	A	-		
1758	44	O	18.02	C	-		
1758	45	O	18.02	A	-		
1758	46	O	18.02	A	-		
1758	47	O	18.02	A	-		
1758	48	O	18.02	T	-		
1758	49	O	18.02	A	-		
1758	50	O	18.02	A	-		
1758	51	O	18.02	T	-		
1758	52	O	18.02	A	-		
1758	53	O	18.02	C	-		
1758	54	O	18.02	T	-		
1758	55	O	18.02	T	-		
1758	56	O	18.02	A	-		
1758	57	O	18.02	C	-		
1758	58	O	18.02	A	-		
1758	59	O	18.02	G	-		
1758	60	O	18.02	T	-		
1758	61	O	18.02	T	-		
1758	62	O	18.02	A	-		
1758	63	O	18.02	T	-		
1758	64	O	18.02	A	-		
1758	65	O	18.02	A	-		
1758	66	O	18.02	T	-		
1758	67	O	18.02	G	-		
1758	68	E	-10.29	T	C		
1758	69	O	18.02	A	-		
1758	70	O	18.02	G	-		
1758	71	O	18.02	A	-		
1758	72	O	18.02	A	-		
1758	73	O	18.02	A	-		
1758	74	O	18.02	A	-		
1758	75	O	18.02	A	-		
1758	76	O	18.02	G	-		
1758	77	O	18.02	G	-		
1758	78	O	18.02	G	-		
1758	79	O	18.02	T	-		
1758	80	O	18.02	G	-		
1758	81	O	18.02	G	-		
1758	82	O	18.02	G	-		
1758	83	O	18.02	A	-		
1758	84	O	18.02	A	-		
1758	85	O	18.02	A	-		
1758	86	O	18.02	A	-		
1758	87	O	18.02	A	-		
1758	88	O	18.02	A	-		
1758	89	O	18.02	A	-		
1758	90	O	18.02	C	-		
1758	91	O	18.02	T	-		
1758	92	O	18.02	A	-		
1758	93	O	18.02	G	-		
1758	94	O	18.02	C	-		
1758	95	O	18.02	T	-		
1758	96	O	18.02	G	-		
1758	97	O	18.02	T	-		
1758	98	O	18.02	T	-		
1758	99	O	18.02	T	-		
1758	100	O	18.02	G	-		
1758	101	O	18.02	G	-		
1758	102	O	18.02	A	-		
1758	103	O	18.02	A	-		
1758	104	O	18.02	A	-		
1758	105	O	18.02	G	-		
1758	106	O	18.02	T	-		
1758	107	O	18.02	T	-		
1758	108	O	18.02	A	-		
1758	109	O	18.02	A	-		
1759	0	O	5.55	C	-		
1759	1	O	5.55	T	-		
1759	2	O	5.55	C	-		
1759	3	O	5.55	A	-		
1759	4	O	5.55	A	-		
1759	5	O	5.55	A	-		
1759	6	O	5.55	C	-		
1759	7	O	5.55	A	-		
1759	8	O	5.55	A	-		
1759	9	O	5.55	G	-		
1759	10	O	5.55	C	-		
1759	11	O	5.55	A	-		
1759	12	O	5.55	C	-		
1759	13	O	5.55	A	-		
1759	14	O	5.55	A	-		
1759	15	O	5.55	G	-		
1759	16	O	5.55	G	-		
1759	17	O	5.55	C	-		
1759	18	O	5.55	G	-		
1759	19	O	5.55	C	-		
1759	20	O	5.55	C	-		
1759	21	O	5.55	A	-		
1759	22	O	5.55	C	-		
1759	23	O	5.55	A	-		
1759	24	O	5.55	G	-		
1759	25	O	5.55	A	-		
1759	26	O	5.55	C	-		
1759	27	O	5.55	A	-		
1759	28	O	5.55	T	-		
1759	29	O	5.55	C	-		
1759	30	O	5.55	A	-		
1759	31	O	5.55	T	-		
1759	32	O	5.55	C	-		
1759	33	O	5.55	G	-		
1759	34	O	5.55	A	-		
1759	35	O	5.55	T	-		
1759	36	O	5.55	A	-		
1759	37	O	5.55	A	-		
1759	38	O	5.55	T	-		
1759	39	O	5.55	C	-		
1759	40	O	5.55	A	-		
1759	41	O	5.55	C	-		
1759	42	O	5.55	C	-		
1759	43	O	5.55	A	-		
1759	44	O	5.55	T	-		
1759	45	O	5.55	C	-		
1759	46	O	5.55	A	-		
1759	47	O	5.55	A	-		
1759	48	O	5.55	T	-		
1759	49	O	5.55	C	-		
1759	50	O	5.55	A	-		
1759	51	O	5.55	T	-		
1759	52	O	5.55	G	-		
1759	53	O	5.55	C	-		
1759	54	O	5.55	C	-		
1759	55	O	5.55	G	-		
1759	56	O	5.55	T	-		
1759	57	O	5.55	C	-		
1759	58	O	5.55	C	-		
1759	59	O	5.55	T	-		
1759	60	O	5.55	C	-		
1759	61	O	5.55	C	-		
1759	62	O	5.55	A	-		
1759	63	O	5.55	C	-		
1759	64	O	5.55	C	-		
1759	65	O	5.55	T	-		
1759	66	O	5.55	C	-		
1759	67	O	5.55	C	-		
1759	68	O	5.55	G	-		
1759	69	O	5.55	A	-		
1759	70	O	5.55	T	-		
1759	71	O	5.55	A	-		
1759	72	O	5.55	T	-		
1759	73	O	5.55	C	-		
1759	74	O	5.55	T	-		
1759	75	O	5.55	G	-		
1759	76	O	5.55	C	-		
1759	77	O	5.55	C	-		
1759	78	O	5.55	T	-		
1759	79	O	5.55	C	-		
1759	80	O	5.55	T	-		
1759	81	O	5.55	A	-		
1759	82	O	5.55	C	-		
1759	83	O	5.55	G	-		
1759	84	O	5.55	C	-		
1759	85	O	5.55	C	-		
1759	86	O	5.55	C	-		
1759	87	O	5.55	T	-		
1759	88	O	5.55	G	-		
1759	89	O	5.55	G	-		
1759	90	O	5.55	C	-		
1759	91	O	5.55	G	-		
1759	92	O	5.55	G	-		
1759	93	O	5.55	T	-		
1759	94	O	5.55	A	-		
1759	95	O	5.55	T	-		
1759	96	O	5.55	T	-		
1759	97	O	5.55	C	-		
1759	98	O	5.55	C	-		
1759	99	O	5.55	T	-		
1759	100	O	5.55	C	-		
1759	101	O	5.55	C	-		
1759	102	O	5.55	C	-		
1759	103	O	5.55	G	-		
1759	104	O	5.55	C	-		
1759	105	O	5.55	C	-		
1759	106	O	5.55	C	-		
1759	107	O	5.55	G	-		
1759	108	O	5.55	T	-		
1759	109	O	5.55	T	-		
1760	0	O	5.55	T	-		
1760	1	O	5.55	T	-		
1760	2	O	5.55	G	-		
1760	3	O	5.55	A	-		
1760	4	O	5.55	G	-		
1760	5	O	5.55	A	-		
1760	6	O	5.55	T	-		
1760	7	O	5.55	A	-		
1760	8	O	5.55	A	-		
1760	9	O	5.55	T	-		
1760	10	O	5.55	T	-		
1760	11	O	5.55	A	-		
1760	12	O	5.55	A	-		
1760	13	O	5.55	A	-		
1760	14	O	5.55	T	-		
1760	15	O	5.55	A	-		
1760	16	O	5.55	A	-		
1760	17	O	5.55	A	-		
1760	18	O	5.55	A	-		
1760	19	O	5.55	T	-		
1760	20	O	5.55	A	-		
1760	21	O	5.55	A	-		
1760	22	O	5.55	A	-		
1760	23	O	5.55	A	-		
1760	24	O	5.55	T	-		
1760	25	O	5.55	A	-		
1760	26	O	5.55	A	-		
1760	27	O	5.55	T	-		
1760	28	O	5.55	A	-		
1760	29	O	5.55	A	-		
1760	30	O	5.55	G	-		
1760	31	O	5.55	T	-		
1760	32	O	5.55	G	-		
1760	33	O	5.55	T	-		
1760	34	O	5.55	T	-		
1760	35	O	5.55	T	-		
1760	36	O	5.55	A	-		
1760	37	O	5.55	A	-		
1760	38	O	5.55	A	-		
1760	39	O	5.55	A	-		
1760	40	O	5.55	A	-		
1760	41	O	5.55	A	-		
1760	42	O	5.55	G	-		
1760	43	O	5.55	C	-		
1760	44	O	5.55	A	-		
1760	45	O	5.55	A	-		
1760	46	O	5.55	C	-		
1760	47	O	5.55	T	-		
1760	48	O	5.55	T	-		
1760	49	O	5.55	A	-		
1760	50	O	5.55	T	-		
1760	51	O	5.55	T	-		
1760	52	O	5.55	T	-		
1760	53	O	5.55	A	-		
1760	54	O	5.55	A	-		
1760	55	O	5.55	T	-		
1760	56	O	5.55	A	-		
1760	57	O	5.55	A	-		
1760	58	O	5.55	A	-		
1760	59	O	5.55	A	-		
1760	60	O	5.55	C	-		
1760	61	O	5.55	A	-		
1760	62	O	5.55	A	-		
1760	63	O	5.55	A	-		
1760	64	O	5.55	T	-		
1760	65	O	5.55	A	-		
1760	66	O	5.55	A	-		
1760	67	O	5.55	T	-		
1760	68	O	5.55	A	-		
1760	69	O	5.55	T	-		
1760	70	O	5.55	T	-		
1760	71	O	5.55	T	-		
1760	72	O	5.55	C	-		
1760	73	O	5.55	T	-		
1760	74	O	5.55	T	-		
1760	75	O	5.55	T	-		
1760	76	O	5.55	A	-		
1760	77	O	5.55	T	-		
1760	78	O	5.55	T	-		
1760	79	O	5.55	A	-		
1760	80	O	5.55	A	-		
1760	81	O	5.55	T	-		
1760	82	O	5.55	T	-		
1760	83	O	5.55	A	-		
1760	84	O	5.55	A	-		
1760	85	O	5.55	T	-		
1760	86	O	5.55	T	-		
1760	87	O	5.55	T	-		
1760	88	O	5.55	A	-		
1760	89	O	5.55	T	-		
1760	90	O	5.55	A	-		
1760	91	O	5.55	A	-		
1760	92	O	5.55	A	-		
1760	93	O	5.55	C	-		
1760	94	O	5.55	T	-		
1760	95	O	5.55	A	-		
1760	96	O	5.55	A	-		
1760	97	O	5.55	T	-		
1760	98	O	5.55	A	-		
1760	99	O	5.55	A	-		
1760	100	O	5.55	A	-		
1760	101	O	5.55	T	-		
1760	102	O	5.55	A	-		
1760	103	O	5.55	A	-		
1760	104	O	5.55	A	-		
1760	105	O	5.55	T	-		
1760	106	O	5.55	T	-		
1760	107	O	5.55	T	-		
1760	108	O	5.55	G	-		
1760	109	O	5.55	T	-		
1761	0	O	16.64	G	-		
1761	1	O	16.64	A	-		
1761	2	O	16.64	G	-		
1761	3	O	16.64	A	-		
1761	4	O	16.64	A	-		
1761	5	O	16.64	A	-		
1761	6	O	16.64	G	-		
1761	7	O	16.64	G	-		
1761	8	O	16.64	A	-		
1761	9	O	16.64	A	-		
1761	10	O	16.64	A	-		
1761	11	O	16.64	G	-		
1761	12	O	16.64	C	-		
1761	13	O	16.64	C	-		
1761	14	O	16.64	T	-		
1761	15	O	16.64	T	-		
1761	16	O	16.64	T	-		
1761	17	O	16.64	C	-		
1761	18	O	16.64	C	-		
1761	19	O	16.64	C	-		
1761	20	O	16.64	T	-		
1761	21	O	16.64	T	-		
1761	22	O	16.64	T	-		
1761	23	O	16.64	G	-		
1761	24	O	16.64	A	-		
1761	25	O	16.64	C	-		
1761	26	O	16.64	C	-		
1761	27	O	16.64	G	-		
1761	28	O	16.64	C	-		
1761	29	O	16.64	A	-		
1761	30	O	16.64	T	-		
1761	31	O	16.64	A	-		
1761	32	O	16.64	T	-		
1761	33	O	16.64	A	-		
1761	34	O	16.64	C	-		
1761	35	O	16.64	A	-		
1761	36	O	16.64	C	-		
1761	37	O	16.64	G	-		
1761	38	O	16.64	G	-		
1761	39	O	16.64	C	-		
1761	40	O	16.64	G	-		
1761	41	O	16.64	T	-		
1761	42	O	16.64	C	-		
1761	43	O	16.64	C	-		
1761	44	O	16.64	C	-		
1761	45	O	16.64	T	-		
1761	46	O	16.64	T	-		
1761	47	O	16.64	T	-		
1761	48	O	16.64	C	-		
1761	49	O	16.64	G	-		
1761	50	O	16.64	A	-		
1761	51	O	16.64	C	-		
1761	52	O	16.64	G	-		
1761	53	O	16.64	C	-		
1761	54	O	16.64	C	-		
1761	55	O	16.64	T	-		
1761	56	O	16.64	C	-		
1761	57	O	16.64	G	-		
1761	58	O	16.64	T	-		
1761	59	O	16.64	A	-		
1761	60	O	16.64	T	-		
1761	61	O	16.64	C	-		
1761	62	O	16.64	G	-		
1761	63	O	16.64	A	-		
1761	64	O	16.64	C	-		
1761	65	O	16.64	C	-		
1761	66	O	16.64	G	-		
1761	67	O	16.64	G	-		
1761	68	O	7.55	G	-		
1761	69	O	16.64	A	-		
1761	70	O	16.64	G	-		
1761	71	O	16.64	T	-		
1761	72	O	16.64	G	-		
1761	73	O	16.64	T	-		
1761	74	O	16.64	C	-		
1761	75	O	7.55	T	-		
1761	76	O	16.64	T	-		
1761	77	O	16.64	C	-		
1761	78	O	16.64	T	-		
1761	79	O	16.64	T	-		
1761	80	O	16.64	T	-		
1761	81	O	16.64	C	-		
1761	82	O	16.64	T	-		
1761	83	O	16.64	C	-		
1761	84	O	16.64	G	-		
1761	85	O	16.64	C	-		
1761	86	O	16.64	G	-		
1761	87	O	16.64	T	-		
1761	88	O	16.64	G	-		
1761	89	O	16.64	T	-		
1761	90	O	16.64	G	-		
1761	91	O	16.64	G	-		
1761	92	O	16.64	C	-		
1761	93	O	16.64	C	-		
1761	94	O	16.64	C	-		
1761	95	O	16.64	T	-		
1761	96	O	16.64	G	-		
1761	97	O	16.64	C	-		
1761	98	O	16.64	A	-		
1761	99	O	16.64	A	-		
1761	100	O	16.64	C	-		
1761	101	O	16.64	T	-		
1761	102	O	16.64	C	-		
1761	103	O	16.64	C	-		
1761	104	O	16.64	T	-		
1761	105	O	16.64	G	-		
1761	106	O	16.64	C	-		
1761	107	O	16.64	G	-		
1761	108	O	16.64	G	-		
1761	109	O	16.64	T	-		
1762	0	O	12.48	T	-		
1762	1	O	12.48	T	-		
1762	2	O	12.48	G	-		
1762	3	O	12.48	T	-		
1762	4	O	12.48	C	-		
1762	5	O	12.48	A	-		
1762	6	O	12.48	C	-		
1762	7	O	12.48	T	-		
1762	8	O	12.48	C	-		
1762	9	O	12.48	G	-		
1762	10	O	12.48	G	-		
1762	11	O	12.48	G	-		
1762	12	O	12.48	A	-		
1762	13	O	12.48	A	-		
1762	14	O	12.48	C	-		
1762	15	O	12.48	A	-		
1762	16	O	12.48	T	-		
1762	17	O	12.48	T	-		
1762	18	O	12.48	G	-		
1762	19	O	12.48	C	-		
1762	20	O	12.48	A	-		
1762	21	O	12.48	G	-		
1762	22	O	12.48	A	-		
1762	23	O	12.48	T	-		
1762	24	O	12.48	T	-		
1762	25	O	12.48	C	-		
1762	26	O	4.00	A	-		
1762	27	O	12.48	G	-		
1762	28	O	12.48	G	-		
1762	29	O	12.48	C	-		
1762	30	O	12.48	G	-		
1762	31	O	12.48	A	-		
1762	32	O	12.48	G	-		
1762	33	O	12.48	A	-		
1762	34	O	12.48	G	-		
1762	35	O	12.48	T	-		
1762	36	O	12.48	G	-		
1762	37	O	12.48	C	-		
1762	38	O	12.48	T	-		
1762	39	O	12.48	G	-		
1762	40	O	12.48	G	-		
1762	41	O	12.48	T	-		
1762	42	O	12.48	G	-		
1762	43	O	12.48	G	-		
1762	44	O	12.48	C	-		
1762	45	O	12.48	G	-		
1762	46	O	12.48	G	-		
1762	47	O	12.48	C	-		
1762	48	O	12.48	A	-		
1762	49	O	12.48	T	-		
1762	50	O	12.48	G	-		
1762	51	O	12.48	T	-		
1762	52	O	12.48	T	-		
1762	53	O	12.48	C	-		
1762	54	O	12.48	G	-		
1762	55	O	12.48	A	-		
1762	56	O	12.48	A	-		
1762	57	O	12.48	G	-		
1762	58	O	12.48	A	-		
1762	59	O	12.48	C	-		
1762	60	O	12.48	G	-		
1762	61	O	12.48	G	-		
1762	62	O	12.48	T	-		
1762	63	O	12.48	G	-		
1762	64	O	12.48	C	-		
1762	65	O	12.48	G	-		
1762	66	O	12.48	G	-		
1762	67	O	12.48	C	-		
1762	68	O	12.48	A	-		
1762	69	O	12.48	C	-		
1762	70	O	12.48	T	-		
1762	71	O	12.48	C	-		
1762	72	O	12.48	A	-		
1762	73	O	12.48	C	-		
1762	74	O	12.48	G	-		
1762	75	O	4.00	C	-		
1762	76	O	12.48	G	-		
1762	77	O	12.48	G	-		
1762	78	O	12.48	C	-		
1762	79	O	12.48	T	-		
1762	80	O	12.48	C	-		
1762	81	O	12.48	A	-		
1762	82	O	12.48	T	-		
1762	83	O	12.48	G	-		
1762	84	O	12.48	T	-		
1762	85	O	12.48	A	-		
1762	86	O	12.48	C	-		
1762	87	O	12.48	G	-		
1762	88	O	12.48	A	-		
1762	89	O	12.48	A	-		
1762	90	O	12.48	G	-		
1762	91	O	12.48	T	-		
1762	92	O	12.48	T	-		
1762	93	O	12.48	T	-		
1762	94	O	12.48	G	-		
1762	95	O	12.48	C	-		
1762	96	O	12.48	C	-		
1762	97	O	12.48	G	-		
1762	98	O	12.48	G	-		
1762	99	O	12.48	G	-		
1762	100	O	12.48	A	-		
1762	101	O	12.48	A	-		
1762	102	O	12.48	A	-		
1762	103	O	12.48	G	-		
1762	104	O	12.48	A	-		
1762	105	O	12.48	T	-		
1762	106	O	12.48	C	-		
1762	107	O	12.48	C	-		
1762	108	O	12.48	T	-		
1762	109	O	12.48	C	-		
1763	0	O	12.48	T	-		
1763	1	O	12.48	T	-		
1763	2	O	12.48	T	-		
1763	3	O	12.48	C	-		
1763	4	O	12.48	A	-		
1763	5	O	12.48	A	-		
1763	6	O	12.48	T	-		
1763	7	O	12.48	T	-		
1763	8	O	12.48	A	-		
1763	9	O	12.48	C	-		
1763	10	O	12.48	C	-		
1763	11	O	12.48	T	-		
1763	12	O	12.48	G	-		
1763	13	O	12.48	A	-		
1763	14	O	12.48	A	-		
1763	15	O	12.48	A	-		
1763	16	O	12.48	A	-		
1763	17	O	12.48	A	-		
1763	18	O	12.48	A	-		
1763	19	O	12.48	A	-		
1763	20	O	12.48	G	-		
1763	21	O	12.48	G	-		
1763	22	O	12.48	T	-		
1763	23	O	12.48	G	-		
1763	24	O	12.48	C	-		
1763	25	O	12.48	A	-		
1763	26	O	12.48	C	-		
1763	27	O	12.48	T	-		
1763	28	O	12.48	T	-		
1763	29	O	12.48	G	-		
1763	30	O	12.48	T	-		
1763	31	O	12.48	G	-		
1763	32	O	12.48	A	-		
1763	33	O	12.48	A	-		
1763	34	O	12.48	G	-		
1763	35	O	12.48	T	-		
1763	36	O	12.48	A	-		
1763	37	O	12.48	C	-		
1763	38	O	12.48	A	-		
1763	39	O	12.48	A	-		
1763	40	O	12.48	C	-		
1763	41	O	12.48	T	-		
1763	42	O	12.48	T	-		
1763	43	O	12.48	T	-		
1763	44	O	12.48	G	-		
1763	45	O	12.48	C	-		
1763	46	O	12.48	A	-		
1763	47	O	12.48	C	-		
1763	48	O	12.48	C	-		
1763	49	O	12.48	A	-		
1763	50	O	12.48	C	-		
1763	51	O	12.48	G	-		
1763	52	O	12.48	A	-		
1763	53	O	12.48	T	-		
1763	54	O	12.48	T	-		
1763	55	O	12.48	C	-		
1763	56	O	12.48	C	-		
1763	57	O	12.48	A	-		
1763	58	O	12.48	C	-		
1763	59	O	12.48	A	-		
1763	60	O	12.48	T	-		
1763	61	O	12.48	G	-		
1763	62	O	12.48	C	-		
1763	63	O	12.48	A	-		
1763	64	O	12.48	C	-		
1763	65	O	12.48	C	-		
1763	66	O	12.48	A	-		
1763	67	O	12.48	T	-		
1763	68	O	12.48	T	-		
1763	69	O	12.48	G	-		
1763	70	O	12.48	A	-		
1763	71	O	12.48	C	-		
1763	72	O	12.48	T	-		
1763	73	O	12.48	G	-		
1763	74	O	12.48	A	-		
1763	75	O	12.48	A	-		
1763	76	O	12.48	T	-		
1763	77	O	12.48	G	-		
1763	78	O	12.48	T	-		
1763	79	O	12.48	T	-		
1763	80	O	12.48	A	-		
1763	81	O	12.48	A	-		
1763	82	O	12.48	T	-		
1763	83	O	12.48	T	-		
1763	84	O	12.48	A	-		
1763	85	O	12.48	T	-		
1763	86	O	12.48	A	-		
1763	87	O	12.48	A	-		
1763	88	O	12.48	G	-		
1763	89	O	12.48	C	-		
1763	90	O	12.48	C	-		
1763	91	O	12.48	A	-		
1763	92	O	12.48	A	-		
1763	93	O	12.48	A	-		
1763	94	O	12.48	C	-		
1763	95	O	12.48	T	-		
1763	96	O	12.48	A	-		
1763	97	O	12.48	C	-		
1763	98	O	12.48	G	-		
1763	99	O	12.48	G	-		
1763	100	O	12.48	A	-		
1763	101	O	12.48	C	-		
1763	102	O	12.48	T	-		
1763	103	O	12.48	G	-		
1763	104	O	12.48	A	-		
1763	105	O	12.48	A	-		
1763	106	O	12.48	T	-		
1763	107	O	12.48	T	-		
1763	108	O	12.48	G	-		
1763	109	O	12.48	C	-		
1764	0	O	9.70	C	-		
1764	1	O	9.70	G	-		
1764	2	O	9.70	A	-		
1764	3	O	9.70	C	-		
1764	4	O	9.70	A	-		
1764	5	O	9.70	A	-		
1764	6	O	9.70	G	-		
1764	7	O	9.70	T	-		
1764	8	O	9.70	C	-		
1764	9	O	9.70	A	-		
1764	10	O	9.70	G	-		
1764	11	O	9.70	A	-		
1764	12	O	9.70	C	-		
1764	13	O	9.70	T	-		
1764	14	O	9.70	G	-		
1764	15	O	9.70	C	-		
1764	16	O	9.70	C	-		
1764	17	O	9.70	C	-		
1764	18	O	9.70	C	-		
1764	19	O	9.70	A	-		
1764	20	O	9.70	T	-		
1764	21	O	9.70	C	-		
1764	22	O	9.70	G	-		
1764	23	U	1.77	A	C		
1764	24	O	9.70	C	-		
1764	25	O	9.70	G	-		
1764	26	O	9.70	G	-		
1764	27	O	9.70	C	-		
1764	28	O	9.70	C	-		
1764	29	O	9.70	A	-		
1764	30	O	9.70	A	-		
1764	31	O	9.70	C	-		
1764	32	O	9.70	T	-		
1764	33	O	9.70	C	-		
1764	34	O	9.70	G	-		
1764	35	O	9.70	T	-		
1764	36	O	9.70	G	-		
1764	37	O	9.70	T	-		
1764	38	O	9.70	G	-		
1764	39	O	9.70	T	-		
1764	40	O	9.70	A	-		
1764	41	O	9.70	A	-		
1764	42	O	9.70	C	-		
1764	43	O	9.70	G	-		
1764	44	O	9.70	G	-		
1764	45	O	9.70	G	-		
1764	46	O	9.70	C	-		
1764	47	O	9.70	C	-		
1764	48	O	9.70	C	-		
1764	49	O	9.70	A	-		
1764	50	O	9.70	A	-		
1764	51	O	9.70	G	-		
1764	52	O	9.70	C	-		
1764	53	O	9.70	G	-		
1764	54	O	9.70	G	-		
1764	55	O	9.70	T	-		
1764	56	O	9.70	G	-		
1764	57	O	9.70	G	-		
1764	58	O	9.70	G	-		
1764	59	O	9.70	G	-		
1764	60	O	9.70	A	-		
1764	61	O	9.70	C	-		
1764	62	O	9.70	T	-		
1764	63	O	9.70	G	-		
1764	64	O	9.70	T	-		
1764	65	O	9.70	G	-		
1764	66	O	9.70	C	-		
1764	67	O	9.70	A	-		
1764	68	O	9.70	A	-		
1764	69	O	9.70	C	-		
1764	70	O	9.70	T	-		
1764	71	O	9.70	G	-		
1764	72	O	9.70	G	-		
1764	73	O	9.70	G	-		
1764	74	O	9.70	G	-		
1764	75	O	9.70	A	-		
1764	76	O	9.70	A	-		
1764	77	O	9.70	A	-		
1764	78	O	9.70	A	-		
1764	79	O	9.70	G	-		
1764	80	O	9.70	T	-		
1764	81	O	9.70	G	-		
1764	82	O	9.70	C	-		
1764	83	O	9.70	A	-		
1764	84	O	9.70	G	-		
1764	85	O	9.70	T	-		
1764	86	O	9.70	T	-		
1764	87	O	9.70	C	-		
1764	88	O	9.70	C	-		
1764	89	O	9.70	A	-		
1764	90	O	9.70	G	-		
1764	91	O	9.70	T	-		
1764	92	O	9.70	C	-		
1764	93	O	9.70	G	-		
1764	94	O	9.70	G	-		
1764	95	O	9.70	T	-		
1764	96	O	9.70	C	-		
1764	97	O	9.70	G	-		
1764	98	O	9.70	C	-		
1764	99	O	9.70	T	-		
1764	100	O	9.70	G	-		
1764	101	O	9.70	C	-		
1764	102	O	9.70	T	-		
1764	103	O	9.70	G	-		
1764	104	O	9.70	G	-		
1764	105	O	9.70	C	-		
1764	106	O	9.70	A	-		
1764	107	O	9.70	C	-		
1764	108	O	9.70	G	-		
1764	109	O	9.70	C	-		
1765	0	O	5.55	G	-		
1765	1	O	5.55	A	-		
1765	2	O	5.55	G	-		
1765	3	O	5.55	A	-		
1765	4	O	5.55	A	-		
1765	5	O	5.55	G	-		
1765	6	O	5.55	A	-		
1765	7	O	5.55	C	-		
1765	8	O	5.55	G	-		
1765	9	O	5.55	C	-		
1765	10	O	5.55	T	-		
1765	11	O	5.55	G	-		
1765	12	O	5.55	G	-		
1765	13	O	5.55	A	-		
1765	14	O	5.55	G	-		
1765	15	O	5.55	C	-		
1765	16	O	5.55	G	-		
1765	17	O	5.55	C	-		
1765	18	O	5.55	G	-		
1765	19	O	5.55	T	-		
1765	20	O	5.55	G	-		
1765	21	O	5.55	A	-		
1765	22	O	5.55	C	-		
1765	23	O	5.55	A	-		
1765	24	O	5.55	A	-		
1765	25	O	5.55	G	-		
1765	26	O	5.55	C	-		
1765	27	O	5.55	A	-		
1765	28	O	5.55	T	-		
1765	29	O	5.55	C	-		
1765	30	O	5.55	G	-		
1765	31	O	5.55	C	-		
1765	32	O	5.55	A	-		
1765	33	O	5.55	A	-		
1765	34	O	5.55	G	-		
1765	35	O	5.55	T	-		
1765	36	O	5.55	G	-		
1765	37	O	5.55	C	-		
1765	38	O	5.55	G	-		
1765	39	O	5.55	A	-		
1765	40	O	5.55	C	-		
1765	41	O	5.55	G	-		
1765	42	O	5.55	A	-		
1765	43	O	5.55	G	-		
1765	44	O	5.55	G	-		
1765	45	O	5.55	C	-		
1765	46	O	5.55	C	-		
1765	47	O	5.55	G	-		
1765	48	O	5.55	A	-		
1765	49	O	5.55	C	-		
1765	50	O	5.55	T	-		
1765	51	O	5.55	T	-		
1765	52	O	5.55	G	-		
1765	53	O	5.55	G	-		
1765	54	O	5.55	A	-		
1765	55	O	5.55	C	-		
1765	56	O	5.55	T	-		
1765	57	O	5.55	C	-		
1765	58	O	5.55	C	-		
1765	59	O	5.55	C	-		
1765	60	O	5.55	A	-		
1765	61	O	5.55	T	-		
1765	62	O	5.55	G	-		
1765	63	O	5.55	A	-		
1765	64	O	5.55	T	-		
1765	65	O	5.55	G	-		
1765	66	O	5.55	A	-		
1765	67	O	5.55	T	-		
1765	68	O	5.55	G	-		
1765	69	O	5.55	C	-		
1765	70	O	5.55	G	-		
1765	71	O	5.55	G	-		
1765	72	O	5.55	G	-		
1765	73	O	5.55	A	-		
1765	74	O	5.55	A	-		
1765	75	O	5.55	A	-		
1765	76	O	5.55	G	-		
1765	77	O	5.55	G	-		
1765	78	O	5.55	C	-		
1765	79	O	5.55	C	-		
1765	80	O	5.55	G	-		
1765	81	O	5.55	T	-		
1765	82	O	5.55	C	-		
1765	83	O	5.55	T	-		
1765	84	O	5.55	G	-		
1765	85	O	5.55	C	-		
1765	86	O	5.55	C	-		
1765	87	O	5.55	T	-		
1765	88	O	5.55	T	-		
1765	89	O	5.55	G	-		
1765	90	O	5.55	T	-		
1765	91	O	5.55	T	-		
1765	92	O	5.55	G	-		
1765	93	O	5.55	G	-		
1765	94	O	5.55	A	-		
1765	95	O	5.55	T	-		
1765	96	O	5.55	C	-		
1765	97	O	5.55	C	-		
1765	98	O	5.55	T	-		
1765	99	O	5.55	A	-		
1765	100	O	5.55	G	-		
1765	101	O	5.55	G	-		
1765	102	O	5.55	C	-		
1765	103	O	5.55	C	-		
1765	104	O	5.55	A	-		
1765	105	O	5.55	T	-		
1765	106	O	5.55	T	-		
1765	107	O	5.55	C	-		
1765	108	O	5.55	T	-		
1765	109	O	5.55	T	-		
1766	0	O	11.09	A	-		
1766	1	O	11.09	G	-		
1766	2	O	11.09	T	-		
1766	3	O	11.09	A	-		
1766	4	O	11.09	A	-		
1766	5	O	11.09	A	-		
1766	6	O	11.09	T	-		
1766	7	O	11.09	T	-		
1766	8	O	11.09	C	-		
1766	9	O	11.09	C	-		
1766	10	O	11.09	T	-		
1766	11	O	11.09	A	-		
1766	12	O	11.09	G	-		
1766	13	O	11.09	A	-		
1766	14	O	11.09	T	-		
1766	15	O	11.09	T	-		
1766	16	O	11.09	C	-		
1766	17	O	11.09	T	-		
1766	18	O	11.09	A	-		
1766	19	O	11.09	T	-		
1766	20	O	11.09	C	-		
1766	21	O	11.09	T	-		
1766	22	O	11.09	T	-		
1766	23	O	11.09	T	-		
1766	24	O	11.09	G	-		
1766	25	O	11.09	T	-		
1766	26	O	11.09	T	-		
1766	27	O	11.09	A	-		
1766	28	O	11.09	A	-		
1766	29	O	11.09	C	-		
1766	30	O	11.09	A	-		
1766	31	O	11.09	G	-		
1766	32	O	11.09	T	-		
1766	33	O	11.09	C	-		
1766	34	O	11.09	A	-		
1766	35	O	11.09	C	-		
1766	36	O	11.09	A	-		
1766	37	O	11.09	T	-		
1766	38	O	11.09	G	-		
1766	39	O	11.09	A	-		
1766	40	O	11.09	T	-		
1766	41	O	11.09	T	-		
1766	42	O	11.09	A	-		
1766	43	O	11.09	A	-		
1766	44	O	11.09	T	-		
1766	45	O	11.09	G	-		
1766	46	O	11.09	G	-		
1766	47	O	11.09	T	-		
1766	48	O	11.09	G	-		
1766	49	O	11.09	A	-		
1766	50	O	11.09	G	-		
1766	51	O	11.09	T	-		
1766	52	O	11.09	A	-		
1766	53	O	11.09	T	-		
1766	54	O	11.09	T	-		
1766	55	O	11.09	C	-		
1766	56	O	11.09	C	-		
1766	57	O	11.09	A	-		
1766	58	O	11.09	T	-		
1766	59	O	11.09	A	-		
1766	60	O	11.09	T	-		
1766	61	O	11.09	A	-		
1766	62	O	11.09	A	-		
1766	63	O	11.09	C	-		
1766	64	O	11.09	A	-		
1766	65	O	11.09	A	-		
1766	66	O	11.09	T	-		
1766	67	O	11.09	T	-		
1766	68	O	11.09	C	-		
1766	69	O	11.09	A	-		
1766	70	O	11.09	T	-		
1766	71	O	11.09	A	-		
1766	72	O	11.09	C	-		
1766	73	O	11.09	T	-		
1766	74	O	11.09	T	-		
1766	75	O	11.09	C	-		
1766	76	O	11.09	T	-		
1766	77	O	11.09	C	-		
1766	78	O	11.09	T	-		
1766	79	O	11.09	A	-		
1766	80	O	11.09	C	-		
1766	81	O	11.09	T	-		
1766	82	O	11.09	C	-		
1766	83	O	11.09	C	-		
1766	84	O	11.09	A	-		
1766	85	O	11.09	A	-		
1766	86	O	11.09	T	-		
1766	87	O	11.09	G	-		
1766	88	O	11.09	C	-		
1766	89	O	11.09	T	-		
1766	90	O	11.09	A	-		
1766	91	O	11.09	T	-		
1766	92	O	11.09	G	-		
1766	93	O	11.09	G	-		
1766	94	O	11.09	T	-		
1766	95	O	11.09	A	-		
1766	96	O	11.09	A	-		
1766	97	O	11.09	T	-		
1766	98	O	11.09	T	-		
1766	99	O	11.09	A	-		
1766	100	O	11.09	A	-		
1766	101	O	11.09	C	-		
1766	102	O	11.09	A	-		
1766	103	O	11.09	T	-		
1766	104	O	11.09	T	-		
1766	105	O	11.09	G	-		
1766	106	O	11.09	A	-		
1766	107	O	11.09	A	-		
1766	108	O	11.09	T	-		
1766	109	O	11.09	C	-		
1767	0	O	5.55	A	-		
1767	1	O	5.55	T	-		
1767	2	O	5.55	C	-		
1767	3	O	5.55	C	-		
1767	4	O	5.55	G	-		
1767	5	O	5.55	C	-		
1767	6	O	5.55	C	-		
1767	7	O	5.55	T	-		
1767	8	O	5.55	T	-		
1767	9	O	5.55	G	-		
1767	10	O	5.55	T	-		
1767	11	O	5.55	C	-		
1767	12	O	5.55	A	-		
1767	13	O	5.55	G	-		
1767	14	O	5.55	C	-		
1767	15	O	5.55	C	-		
1767	16	O	5.55	G	-		
1767	17	O	5.55	G	-		
1767	18	O	5.55	G	-		
1767	19	O	5.55	C	-		
1767	20	O	5.55	G	-		
1767	21	O	5.55	G	-		
1767	22	O	5.55	A	-		
1767	23	O	5.55	A	-		
1767	24	O	5.55	C	-		
1767	25	O	5.55	A	-		
1767	26	O	5.55	C	-		
1767	27	O	5.55	A	-		
1767	28	O	5.55	T	-		
1767	29	O	5.55	C	-		
1767	30	O	5.55	G	-		
1767	31	O	5.55	C	-		
1767	32	O	5.55	C	-		
1767	33	O	5.55	T	-		
1767	34	O	5.55	C	-		
1767	35	O	5.55	G	-		
1767	36	O	5.55	A	-		
1767	37	O	5.55	A	-		
1767	38	O	5.55	G	-		
1767	39	O	5.55	A	-		
1767	40	O	5.55	A	-		
1767	41	O	5.55	C	-		
1767	42	O	5.55	A	-		
1767	43	O	5.55	G	-		
1767	44	O	5.55	T	-		
1767	45	O	5.55	T	-		
1767	46	O	5.55	C	-		
1767	47	O	5.55	C	-		
1767	48	O	5.55	G	-		
1767	49	O	5.55	T	-		
1767	50	O	5.55	C	-		
1767	51	O	5.55	A	-		
1767	52	O	5.55	C	-		
1767	53	O	5.55	G	-		
1767	54	O	5.55	T	-		
1767	55	O	5.55	A	-		
1767	56	O	5.55	A	-		
1767	57	O	5.55	A	-		
1767	58	O	5.55	G	-		
1767	59	O	5.55	G	-		
1767	60	O	5.55	A	-		
1767	61	O	5.55	A	-		
1767	62	O	5.55	T	-		
1767	63	O	5.55	C	-		
1767	64	O	5.55	T	-		
1767	65	O	5.55	C	-		
1767	66	O	5.55	G	-		
1767	67	O	5.55	A	-		
1767	68	O	5.55	T	-		
1767	69	O	5.55	G	-		
1767	70	O	5.55	T	-		
1767	71	O	5.55	C	-		
1767	72	O	5.55	C	-		
1767	73	O	5.55	T	-		
1767	74	O	5.55	G	-		
1767	75	O	5.55	T	-		
1767	76	O	5.55	T	-		
1767	77	O	5.55	C	-		
1767	78	O	5.55	A	-		
1767	79	O	5.55	A	-		
1767	80	O	5.55	A	-		
1767	81	O	5.55	G	-		
1767	82	O	5.55	A	-		
1767	83	O	5.55	C	-		
1767	84	O	5.55	A	-		
1767	85	O	5.55	G	-		
1767	86	O	5.55	T	-		
1767	87	O	5.55	C	-		
1767	88	O	5.55	G	-		
1767	89	O	5.55	C	-		
1767	90	O	5.55	G	-		
1767	91	O	5.55	A	-		
1767	92	O	5.55	C	-		
1767	93	O	5.55	T	-		
1767	94	O	5.55	T	-		
1767	95	O	5.55	G	-		
1767	96	O	5.55	A	-		
1767	97	O	5.55	A	-		
1767	98	O	5.55	A	-		
1767	99	O	5.55	A	-		
1767	100	O	5.55	G	-		
1767	101	O	5.55	G	-		
1767	102	O	5.55	T	-		
1767	103	O	5.55	C	-		
1767	104	O	5.55	G	-		
1767	105	O	5.55	G	-		
1767	106	O	5.55	C	-		
1767	107	O	5.55	A	-		
1767	108	O	5.55	G	-		
1767	109	O	5.55	T	-		
1768	0	O	11.09	C	-		
1768	1	O	11.09	A	-		
1768	2	O	11.09	T	-		
1768	3	O	11.09	C	-		
1768	4	O	11.09	A	-		
1768	5	O	11.09	G	-		
1768	6	O	11.09	C	-		
1768	7	O	11.09	G	-		
1768	8	O	11.09	A	-		
1768	9	O	11.09	A	-		
1768	10	O	11.09	G	-		
1768	11	O	11.09	A	-		
1768	12	O	11.09	A	-		
1768	13	O	11.09	T	-		
1768	14	O	11.09	C	-		
1768	15	O	11.09	A	-		
1768	16	O	11.09	T	-		
1768	17	O	11.09	C	-		
1768	18	O	11.09	A	-		
1768	19	O	11.09	T	-		
1768	20	O	11.09	G	-		
1768	21	O	11.09	G	-		
1768	22	O	11.09	T	-		
1768	23	O	11.09	G	-		
1768	24	O	11.09	A	-		
1768	25	O	11.09	A	-		
1768	26	O	11.09	G	-		
1768	27	O	11.09	C	-		
1768	28	O	11.09	T	-		
1768	29	O	11.09	G	-		
1768	30	O	11.09	G	-		
1768	31	O	11.09	T	-		
1768	32	O	11.09	G	-		
1768	33	O	11.09	A	-		
1768	34	O	11.09	A	-		
1768	35	O	11.09	G	-		
1768	36	O	11.09	C	-		
1768	37	O	11.09	C	-		
1768	38	O	11.09	A	-		
1768	39	O	11.09	T	-		
1768	40	O	11.09	A	-		
1768	41	O	11.09	C	-		
1768	42	O	11.09	T	-		
1768	43	O	11.09	C	-		
1768	44	O	11.09	G	-		
1768	45	O	11.09	A	-		
1768	46	O	11.09	G	-		
1768	47	O	11.09	A	-		
1768	48	O	11.09	T	-		
1768	49	O	11.09	T	-		
1768	50	O	11.09	G	-		
1768	51	O	11.09	T	-		
1768	52	O	11.09	C	-		
1768	53	O	11.09	A	-		
1768	54	O	11.09	T	-		
1768	55	O	11.09	G	-		
1768	56	O	11.09	G	-		
1768	57	O	11.09	T	-		
1768	58	O	11.09	T	-		
1768	59	O	11.09	T	-		
1768	60	O	11.09	A	-		
1768	61	O	11.09	G	-		
1768	62	O	11.09	G	-		
1768	63	O	11.09	C	-		
1768	64	O	11.09	C	-		
1768	65	O	11.09	T	-		
1768	66	O	11.09	G	-		
1768	67	O	11.09	A	-		
1768	68	O	11.09	C	-		
1768	69	O	11.09	A	-		
1768	70	O	11.09	A	-		
1768	71	O	11.09	C	-		
1768	72	O	11.09	A	-		
1768	73	O	11.09	C	-		
1768	74	O	11.09	C	-		
1768	75	O	11.09	T	-		
1768	76	O	11.09	T	-		
1768	77	O	11.09	T	-		
1768	78	O	11.09	C	-		
1768	79	O	11.09	C	-		
1768	80	O	11.09	C	-		
1768	81	O	11.09	A	-		
1768	82	O	11.09	G	-		
1768	83	O	11.09	C	-		
1768	84	O	11.09	C	-		
1768	85	O	11.09	C	-		
1768	86	O	11.09	A	-		
1768	87	O	11.09	G	-		
1768	88	O	11.09	G	-		
1768	89	O	11.09	A	-		
1768	90	O	11.09	A	-		
1768	91	O	11.09	C	-		
1768	92	O	11.09	A	-		
1768	93	O	11.09	C	-		
1768	94	O	11.09	A	-		
1768	95	O	11.09	G	-		
1768	96	O	11.09	C	-		
1768	97	O	11.09	T	-		
1768	98	O	11.09	T	-		
1768	99	O	11.09	T	-		
1768	100	O	11.09	C	-		
1768	101	O	11.09	T	-		
1768	102	O	11.09	G	-		
1768	103	O	11.09	C	-		
1768	104	O	11.09	G	-		
1768	105	O	11.09	C	-		
1768	106	O	11.09	G	-		
1768	107	O	11.09	A	-		
1768	108	O	11.09	C	-		
1768	109	O	11.09	C	-		
1769	0	O	9.70	T	-		
1769	1	O	9.70	T	-		
1769	2	O	9.70	A	-		
1769	3	O	9.70	T	-		
1769	4	O	9.70	T	-		
1769	5	O	9.70	G	-		
1769	6	O	9.70	A	-		
1769	7	O	9.70	A	-		
1769	8	O	9.70	G	-		
1769	9	O	9.70	A	-		
1769	10	O	9.70	T	-		
1769	11	O	9.70	A	-		
1769	12	O	9.70	T	-		
1769	13	O	9.70	A	-		
1769	14	O	9.70	A	-		
1769	15	O	9.70	A	-		
1769	16	O	9.70	T	-		
1769	17	O	9.70	A	-		
1769	18	O	9.70	A	-		
1769	19	O	9.70	T	-		
1769	20	O	9.70	A	-		
1769	21	O	9.70	A	-		
1769	22	O	9.70	A	-		
1769	23	O	9.70	G	-		
1769	24	O	9.70	T	-		
1769	25	O	9.70	T	-		
1769	26	O	9.70	A	-		
1769	27	O	9.70	T	-		
1769	28	O	9.70	T	-		
1769	29	O	9.70	G	-		
1769	30	O	9.70	T	-		
1769	31	O	9.70	T	-		
1769	32	O	9.70	C	-		
1769	33	O	9.70	T	-		
1769	34	O	9.70	C	-		
1769	35	O	9.70	T	-		
1769	36	O	9.70	C	-		
1769	37	O	9.70	T	-		
1769	38	O	9.70	A	-		
1769	39	O	9.70	A	-		
1769	40	O	9.70	T	-		
1769	41	O	9.70	A	-		
1769	42	O	9.70	G	-		
1769	43	O	9.70	C	-		
1769	44	O	9.70	T	-		
1769	45	O	9.70	T	-		
1769	46	O	9.70	A	-		
1769	47	O	9.70	A	-		
1769	48	O	9.70	G	-		
1769	49	O	9.70	C	-		
1769	50	O	9.70	T	-		
1769	51	O	9.70	T	-		
1769	52	O	9.70	T	-		
1769	53	O	9.70	T	-		
1769	54	O	9.70	A	-		
1769	55	O	9.70	A	-		
1769	56	O	9.70	A	-		
1769	57	O	9.70	T	-		
1769	58	O	9.70	G	-		
1769	59	O	9.70	A	-		
1769	60	O	9.70	G	-		
1769	61	O	9.70	A	-		
1769	62	O	9.70	T	-		
1769	63	O	9.70	G	-		
1769	64	O	9.70	G	-		
1769	65	O	9.70	T	-		
1769	66	O	9.70	G	-		
1769	67	O	9.70	A	-		
1769	68	O	9.70	T	-		
1769	69	O	9.70	C	-		
1769	70	O	9.70	A	-		
1769	71	O	9.70	A	-		
1769	72	O	9.70	C	-		
1769	73	O	9.70	A	-		
1769	74	O	9.70	A	-		
1769	75	O	9.70	C	-		
1769	76	O	9.70	A	-		
1769	77	O	9.70	T	-		
1769	78	O	9.70	A	-		
1769	79	O	9.70	A	-		
1769	80	O	9.70	C	-		
1769	81	O	9.70	A	-		
1769	82	O	9.70	C	-		
1769	83	O	9.70	T	-		
1769	84	O	9.70	A	-		
1769	85	O	9.70	T	-		
1769	86	O	9.70	T	-		
1769	87	O	9.70	C	-		
1769	88	O	9.70	A	-		
1769	89	O	9.70	T	-		
1769	90	O	9.70	A	-		
1769	91	O	9.70	C	-		
1769	92	O	9.70	T	-		
1769	93	O	9.70	G	-		
1769	94	O	9.70	G	-		
1769	95	O	9.70	G	-		
1769	96	O	9.70	G	-		
1769	97	O	9.70	T	-		
1769	98	O	9.70	G	-		
1769	99	O	9.70	A	-		
1769	100	O	9.70	T	-		
1769	101	O	9.70	A	-		
1769	102	O	9.70	A	-		
1769	103	O	9.70	G	-		
1769	104	O	9.70	A	-		
1769	105	O	9.70	A	-		
1769	106	O	9.70	C	-		
1769	107	O	9.70	C	-		
1769	108	O	9.70	T	-		
1769	109	O	9.70	T	-		
1770	0	O	5.55	T	-		
1770	1	O	5.55	C	-		
1770	2	O	5.55	T	-		
1770	3	O	5.55	A	-		
1770	4	O	5.55	C	-		
1770	5	O	5.55	C	-		
1770	6	O	5.55	C	-		
1770	7	O	5.55	T	-		
1770	8	O	5.55	C	-		
1770	9	O	5.55	G	-		
1770	10	O	5.55	A	-		
1770	11	O	5.55	C	-		
1770	12	O	5.55	T	-		
1770	13	O	5.55	C	-		
1770	14	O	5.55	G	-		
1770	15	O	5.55	T	-		
1770	16	O	5.55	C	-		
1770	17	O	5.55	A	-		
1770	18	O	5.55	A	-		
1770	19	O	5.55	C	-		
1770	20	O	5.55	T	-		
1770	21	O	5.55	A	-		
1770	22	O	5.55	T	-		
1770	23	O	5.55	G	-		
1770	24	O	5.55	C	-		
1770	25	O	5.55	A	-		
1770	26	O	5.55	G	-		
1770	27	O	5.55	A	-		
1770	28	O	5.55	G	-		
1770	29	O	5.55	G	-		
1770	30	O	5.55	A	-		
1770	31	O	5.55	C	-		
1770	32	O	5.55	G	-		
1770	33	O	5.55	A	-		
1770	34	O	5.55	C	-		
1770	35	O	5.55	A	-		
1770	36	O	5.55	G	-		
1770	37	O	5.55	G	-		
1770	38	O	5.55	C	-		
1770	39	O	5.55	G	-		
1770	40	O	5.55	G	-		
1770	41	O	5.55	G	-		
1770	42	O	5.55	A	-		
1770	43	O	5.55	C	-		
1770	44	O	5.55	A	-		
1770	45	O	5.55	T	-		
1770	46	O	5.55	C	-		
1770	47	O	5.55	A	-		
1770	48	O	5.55	T	-		
1770	49	O	5.55	C	-		
1770	50	O	5.55	A	-		
1770	51	O	5.55	T	-		
1770	52	O	5.55	T	-		
1770	53	O	5.55	G	-		
1770	54	O	5.55	C	-		
1770	55	O	5.55	T	-		
1770	56	O	5.55	G	-		
1770	57	O	5.55	C	-		
1770	58	O	5.55	C	-		
1770	59	O	5.55	A	-		
1770	60	O	5.55	A	-		
1770	61	O	5.55	T	-		
1770	62	O	5.55	G	-		
1770	63	O	5.55	G	-		
1770	64	O	5.55	T	-		
1770	65	O	5.55	G	-		
1770	66	O	5.55	A	-		
1770	67	O	5.55	G	-		
1770	68	O	5.55	C	-		
1770	69	O	5.55	G	-		
1770	70	O	5.55	C	-		
1770	71	O	5.55	G	-		
1770	72	O	5.55	G	-		
1770	73	O	5.55	C	-		
1770	74	O	5.55	A	-		
1770	75	O	5.55	A	-		
1770	76	O	5.55	C	-		
1770	77	O	5.55	A	-		
1770	78	O	5.55	G	-		
1770	79	O	5.55	C	-		
1770	80	O	5.55	C	-		
1770	81	O	5.55	T	-		
1770	82	O	5.55	G	-		
1770	83	O	5.55	C	-		
1770	84	O	5.55	C	-		
1770	85	O	5.55	A	-		
1770	86	O	5.55	G	-		
1770	87	O	5.55	A	-		
1770	88	O	5.55	A	-		
1770	89	O	5.55	G	-		
1770	90	O	5.55	A	-		
1770	91	O	5.55	G	-		
1770	92	O	5.55	G	-		
1770	93	O	5.55	C	-		
1770	94	O	5.55	T	-		
1770	95	O	5.55	G	-		
1770	96	O	5.55	G	-		
1770	97	O	5.55	A	-		
1770	98	O	5.55	T	-		
1770	99	O	5.55	C	-		
1770	100	O	5.55	T	-		
1770	101	O	5.55	C	-		
1770	102	O	5.55	A	-		
1770	103	O	5.55	G	-		
1770	104	O	5.55	A	-		
1770	105	O	5.55	T	-		
1770	106	O	5.55	G	-		
1770	107	O	5.55	G	-		
1770	108	O	5.55	A	-		
1770	109	O	5.55	G	-		
1771	0	O	6.93	A	-		
1771	1	O	6.93	T	-		
1771	2	O	6.93	C	-		
1771	3	O	6.93	C	-		
1771	4	O	6.93	T	-		
1771	5	O	6.93	C	-		
1771	6	O	6.93	A	-		
1771	7	O	6.93	T	-		
1771	8	O	6.93	A	-		
1771	9	O	6.93	A	-		
1771	10	O	6.93	C	-		
1771	11	O	6.93	A	-		
1771	12	O	6.93	T	-		
1771	13	O	6.93	C	-		
1771	14	O	6.93	T	-		
1771	15	O	6.93	G	-		
1771	16	O	6.93	G	-		
1771	17	O	6.93	C	-		
1771	18	O	6.93	A	-		
1771	19	O	6.93	C	-		
1771	20	O	6.93	T	-		
1771	21	O	6.93	C	-		
1771	22	O	6.93	C	-		
1771	23	O	6.93	C	-		
1771	24	O	6.93	A	-		
1771	25	O	6.93	G	-		
1771	26	O	6.93	C	-		
1771	27	O	6.93	A	-		
1771	28	O	6.93	C	-		
1771	29	O	6.93	A	-		
1771	30	O	6.93	C	-		
1771	31	O	6.93	T	-		
1771	32	O	6.93	G	-		
1771	33	O	6.93	G	-		
1771	34	O	6.93	G	-		
1771	35	O	6.93	C	-		
1771	36	O	6.93	A	-		
1771	37	O	6.93	G	-		
1771	38	O	6.93	T	-		
1771	39	O	6.93	C	-		
1771	40	O	6.93	C	-		
1771	41	O	6.93	A	-		
1771	42	O	6.93	T	-		
1771	43	O	6.93	A	-		
1771	44	O	6.93	C	-		
1771	45	O	6.93	T	-		
1771	46	O	6.93	C	-		
1771	47	O	6.93	G	-		
1771	48	O	6.93	C	-		
1771	49	O	6.93	G	-		
1771	50	O	6.93	T	-		
1771	51	O	6.93	G	-		
1771	52	O	6.93	C	-		
1771	53	O	6.93	A	-		
1771	54	O	6.93	A	-		
1771	55	O	6.93	C	-		
1771	56	O	6.93	G	-		
1771	57	U	-0.27	A	C		
1771	58	O	6.93	C	-		
1771	59	O	6.93	A	-		
1771	60	O	6.93	G	-		
1771	61	O	6.93	C	-		
1771	62	O	6.93	T	-		
1771	63	O	6.93	C	-		
1771	64	O	6.93	C	-		
1771	65	O	6.93	G	-		
1771	66	O	6.93	T	-		
1771	67	O	6.93	G	-		
1771	68	O	6.93	T	-		
1771	69	O	6.93	G	-		
1771	70	O	6.93	A	-		
1771	71	O	6.93	T	-		
1771	72	O	6.93	A	-		
1771	73	O	6.93	T	-		
1771	74	O	6.93	T	-		
1771	75	O	6.93	A	-		
1771	76	O	6.93	A	-		
1771	77	O	6.93	T	-		
1771	78	O	6.93	C	-		
1771	79	O	6.93	C	-		
1771	80	O	6.93	A	-		
1771	81	O	6.93	C	-		
1771	82	O	6.93	C	-		
1771	83	O	6.93	C	-		
1771	84	O	6.93	A	-		
1771	85	O	6.93	C	-		
1771	86	O	6.93	T	-		
1771	87	O	6.93	T	-		
1771	88	O	6.93	C	-		
1771	89	O	6.93	A	-		
1771	90	O	6.93	G	-		
1771	91	O	6.93	T	-		
1771	92	O	6.93	T	-		
1771	93	O	6.93	A	-		
1771	94	O	6.93	T	-		
1771	95	O	6.93	G	-		
1771	96	O	6.93	A	-		
1771	97	O	6.93	T	-		
1771	98	O	6.93	C	-		
1771	99	O	6.93	C	-		
1771	100	O	6.93	C	-		
1771	101	O	6.93	A	-		
1771	102	O	6.93	G	-		
1771	103	O	6.93	C	-		
1771	104	O	6.93	A	-		
1771	105	O	6.93	A	-		
1771	106	O	6.93	T	-		
1771	107	O	6.93	C	-		
1771	108	O	6.93	A	-		
1771	109	O	6.93	G	-		
1772	0	O	11.09	T	-		
1772	1	O	11.09	G	-		
1772	2	O	11.09	A	-		
1772	3	O	11.09	T	-		
1772	4	O	11.09	G	-		
1772	5	O	11.09	G	-		
1772	6	O	11.09	T	-		
1772	7	O	11.09	G	-		
1772	8	O	11.09	C	-		
1772	9	O	11.09	G	-		
1772	10	O	11.09	A	-		
1772	11	O	11.09	A	-		
1772	12	O	11.09	T	-		
1772	13	O	11.09	G	-		
1772	14	O	11.09	G	-		
1772	15	O	11.09	T	-		
1772	16	O	11.09	G	-		
1772	17	O	11.09	C	-		
1772	18	O	11.09	T	-		
1772	19	O	11.09	G	-		
1772	20	O	11.09	C	-		
1772	21	O	11.09	C	-		
1772	22	O	11.09	A	-		
1772	23	O	11.09	C	-		
1772	24	O	11.09	A	-		
1772	25	O	11.09	G	-		
1772	26	O	11.09	A	-		
1772	27	O	11.09	T	-		
1772	28	O	11.09	G	-		
1772	29	O	11.09	C	-		
1772	30	O	11.09	A	-		
1772	31	O	11.09	G	-		
1772	32	O	11.09	A	-		
1772	33	O	11.09	C	-		
1772	34	O	11.09	G	-		
1772	35	O	11.09	C	-		
1772	36	O	11.09	C	-		
1772	37	O	11.09	C	-		
1772	38	O	11.09	G	-		
1772	39	O	11.09	T	-		
1772	40	O	11.09	A	-		
1772	41	O	11.09	T	-		
1772	42	O	11.09	C	-		
1772	43	O	11.09	A	-		
1772	44	O	11.09	C	-		
1772	45	O	11.09	A	-		
1772	46	O	11.09	A	-		
1772	47	O	11.09	T	-		
1772	48	O	11.09	C	-		
1772	49	O	11.09	G	-		
1772	50	O	11.09	T	-		
1772	51	O	11.09	C	-		
1772	52	O	11.09	G	-		
1772	53	O	11.09	A	-		
1772	54	O	11.09	G	-		
1772	55	O	11.09	C	-		
1772	56	O	11.09	C	-		
1772	57	O	11.09	C	-		
1772	58	O	11.09	A	-		
1772	59	O	11.09	C	-		
1772	60	O	11.09	C	-		
1772	61	O	11.09	T	-		
1772	62	O	11.09	T	-		
1772	63	O	11.09	G	-		
1772	64	O	11.09	C	-		
1772	65	O	11.09	C	-		
1772	66	O	11.09	T	-		
1772	67	O	11.09	A	-		
1772	68	O	11.09	C	-		
1772	69	O	11.09	C	-		
1772	70	O	11.09	C	-		
1772	71	O	11.09	A	-		
1772	72	O	11.09	T	-		
1772	73	O	11.09	A	-		
1772	74	O	11.09	C	-		
1772	75	O	11.09	C	-		
1772	76	O	11.09	G	-		
1772	77	O	11.09	C	-		
1772	78	O	11.09	A	-		
1772	79	O	11.09	A	-		
1772	80	O	11.09	A	-		
1772	81	O	11.09	T	-		
1772	82	O	11.09	A	-		
1772	83	O	11.09	C	-		
1772	84	O	11.09	A	-		
1772	85	O	11.09	T	-		
1772	86	O	11.09	C	-		
1772	87	O	11.09	A	-		
1772	88	O	11.09	A	-		
1772	89	O	11.09	C	-		
1772	90	O	11.09	A	-		
1772	91	O	11.09	T	-		
1772	92	O	11.09	C	-		
1772	93	O	11.09	G	-		
1772	94	O	11.09	A	-		
1772	95	O	11.09	C	-		
1772	96	O	11.09	A	-		
1772	97	O	11.09	G	-		
1772	98	O	11.09	C	-		
1772	99	O	11.09	A	-		
1772	100	O	11.09	T	-		
1772	101	O	11.09	T	-		
1772	102	O	11.09	G	-		
1772	103	O	11.09	G	-		
1772	104	O	11.09	A	-		
1772	105	O	11.09	A	-		
1772	106	O	11.09	T	-		
1772	107	O	11.09	C	-		
1772	108	U	2.86	C	A		
1772	109	O	11.09	G	-		
1773	0	O	5.55	G	-		
1773	1	O	5.55	G	-		
1773	2	O	5.55	G	-		
1773	3	O	5.55	T	-		
1773	4	O	5.55	G	-		
1773	5	O	5.55	A	-		
1773	6	O	5.55	T	-		
1773	7	O	5.55	C	-		
1773	8	O	5.55	T	-		
1773	9	O	5.55	T	-		
1773	10	O	5.55	T	-		
1773	11	O	5.55	G	-		
1773	12	O	5.55	G	-		
1773	13	O	5.55	G	-		
1773	14	O	5.55	C	-		
1773	15	O	5.55	C	-		
1773	16	O	5.55	G	-		
1773	17	O	5.55	A	-		
1773	18	O	5.55	A	-		
1773	19	O	5.55	T	-		
1773	20	O	5.55	T	-		
1773	21	O	5.55	T	-		
1773	22	O	5.55	G	-		
1773	23	O	5.55	G	-		
1773	24	O	5.55	A	-		
1773	25	O	5.55	T	-		
1773	26	O	5.55	T	-		
1773	27	O	5.55	T	-		
1773	28	O	5.55	G	-		
1773	29	O	5.55	G	-		
1773	30	O	5.55	G	-		
1773	31	O	5.55	T	-		
1773	32	O	5.55	T	-		
1773	33	O	5.55	T	-		
1773	34	O	5.55	A	-		
1773	35	O	5.55	G	-		
1773	36	O	5.55	C	-		
1773	37	O	5.55	G	-		
1773	38	O	5.55	T	-		
1773	39	O	5.55	T	-		
1773	40	O	5.55	G	-		
1773	41	O	5.55	G	-		
1773	42	O	5.55	G	-		
1773	43	O	5.55	C	-		
1773	44	O	5.55	T	-		
1773	45	O	5.55	T	-		
1773	46	O	5.55	G	-		
1773	47	O	5.55	G	-		
1773	48	O	5.55	T	-		
1773	49	O	5.55	G	-		
1773	50	O	5.55	T	-		
1773	51	O	5.55	T	-		
1773	52	O	5.55	G	-		
1773	53	O	5.55	G	-		
1773	54	O	5.55	G	-		
1773	55	O	5.55	C	-		
1773	56	O	5.55	C	-		
1773	57	O	5.55	G	-		
1773	58	O	5.55	A	-		
1773	59	O	5.55	T	-		
1773	60	O	5.55	T	-		
1773	61	O	5.55	A	-		
1773	62	O	5.55	T	-		
1773	63	O	5.55	G	-		
1773	64	O	5.55	T	-		
1773	65	O	5.55	T	-		
1773	66	O	5.55	A	-		
1773	67	O	5.55	A	-		
1773	68	O	5.55	A	-		
1773	69	O	5.55	A	-		
1773	70	O	5.55	C	-		
1773	71	O	5.55	T	-		
1773	72	O	5.55	A	-		
1773	73	O	5.55	A	-		
1773	74	O	5.55	A	-		
1773	75	O	5.55	T	-		
1773	76	O	5.55	C	-		
1773	77	O	5.55	T	-		
1773	78	O	5.55	T	-		
1773	79	O	5.55	A	-		
1773	80	O	5.55	T	-		
1773	81	O	5.55	T	-		
1773	82	O	5.55	T	-		
1773	83	O	5.55	T	-		
1773	84	O	5.55	A	-		
1773	85	O	5.55	C	-		
1773	86	O	5.55	T	-		
1773	87	O	5.55	C	-		
1773	88	O	5.55	A	-		
1773	89	O	5.55	T	-		
1773	90	O	5.55	C	-		
1773	91	O	5.55	A	-		
1773	92	O	5.55	C	-		
1773	93	O	5.55	T	-		
1773	94	O	5.55	G	-		
1773	95	O	5.55	C	-		
1773	96	O	5.55	T	-		
1773	97	O	5.55	T	-		
1773	98	O	5.55	T	-		
1773	99	O	5.55	A	-		
1773	100	O	5.55	T	-		
1773	101	O	5.55	G	-		
1773	102	O	5.55	T	-		
1773	103	O	5.55	C	-		
1773	104	O	5.55	A	-		
1773	105	O	5.55	G	-		
1773	106	O	5.55	A	-		
1773	107	O	5.55	A	-		
1773	108	O	5.55	T	-		
1773	109	O	5.55	G	-		
1774	0	O	15.25	A	-		
1774	1	O	15.25	A	-		
1774	2	O	15.25	A	-		
1774	3	O	15.25	A	-		
1774	4	O	15.25	T	-		
1774	5	O	15.25	G	-		
1774	6	O	15.25	T	-		
1774	7	O	15.25	A	-		
1774	8	O	15.25	A	-		
1774	9	O	15.25	G	-		
1774	10	O	15.25	T	-		
1774	11	O	15.25	T	-		
1774	12	O	15.25	C	-		
1774	13	O	15.25	G	-		
1774	14	O	15.25	T	-		
1774	15	O	15.25	G	-		
1774	16	O	15.25	T	-		
1774	17	O	15.25	A	-		
1774	18	O	15.25	A	-		
1774	19	O	15.25	G	-		
1774	20	O	15.25	T	-		
1774	21	O	15.25	T	-		
1774	22	O	15.25	T	-		
1774	23	O	15.25	G	-		
1774	24	O	15.25	C	-		
1774	25	O	15.25	T	-		
1774	26	O	15.25	A	-		
1774	27	O	15.25	A	-		
1774	28	O	15.25	C	-		
1774	29	O	15.25	G	-		
1774	30	O	15.25	C	-		
1774	31	O	15.25	A	-		
1774	32	O	15.25	A	-		
1774	33	O	15.25	A	-		
1774	34	O	15.25	C	-		
1774	35	O	15.25	T	-		
1774	36	O	15.25	T	-		
1774	37	O	15.25	A	-		
1774	38	O	15.25	C	-		
1774	39	O	15.25	A	-		
1774	40	O	15.25	G	-		
1774	41	O	15.25	A	-		
1774	42	O	15.25	G	-		
1774	43	O	15.25	C	-		
1774	44	O	15.25	G	-		
1774	45	O	15.25	G	-		
1774	46	O	15.25	C	-		
1774	47	O	15.25	T	-		
1774	48	O	15.25	G	-		
1774	49	O	15.25	A	-		
1774	50	O	15.25	C	-		
1774	51	O	15.25	A	-		
1774	52	O	15.25	G	-		
1774	53	O	15.25	A	-		
1774	54	O	15.25	G	-		
1774	55	O	15.25	T	-		
1774	56	O	15.25	C	-		
1774	57	O	15.25	A	-		
1774	58	O	15.25	G	-		
1774	59	O	15.25	C	-		
1774	60	O	15.25	C	-		
1774	61	O	15.25	G	-		
1774	62	O	15.25	C	-		
1774	63	O	15.25	T	-		
1774	64	O	15.25	C	-		
1774	65	O	15.25	G	-		
1774	66	O	15.25	A	-		
1774	67	O	15.25	A	-		
1774	68	O	15.25	A	-		
1774	69	O	15.25	A	-		
1774	70	O	15.25	T	-		
1774	71	O	15.25	C	-		
1774	72	O	15.25	A	-		
1774	73	O	15.25	C	-		
1774	74	O	15.25	G	-		
1774	75	O	15.25	C	-		
1774	76	O	15.25	A	-		
1774	77	O	15.25	C	-		
1774	78	O	15.25	C	-		
1774	79	O	15.25	G	-		
1774	80	O	15.25	C	-		
1774	81	O	15.25	A	-		
1774	82	O	15.25	C	-		
1774	83	O	15.25	G	-		
1774	84	O	15.25	A	-		
1774	85	O	15.25	C	-		
1774	86	O	15.25	C	-		
1774	87	O	15.25	T	-		
1774	88	O	15.25	G	-		
1774	89	O	15.25	A	-		
1774	90	O	15.25	G	-		
1774	91	O	15.25	A	-		
1774	92	O	15.25	T	-		
1774	93	O	15.25	G	-		
1774	94	O	15.25	G	-		
1774	95	O	15.25	G	-		
1774	96	O	15.25	C	-		
1774	97	O	15.25	G	-		
1774	98	O	15.25	T	-		
1774	99	O	15.25	G	-		
1774	100	O	15.25	T	-		
1774	101	O	15.25	A	-		
1774	102	O	15.25	G	-		
1774	103	O	15.25	G	-		
1774	104	O	15.25	C	-		
1774	105	O	15.25	C	-		
1774	106	O	15.25	T	-		
1774	107	O	15.25	T	-		
1774	108	O	15.25	C	-		
1774	109	O	15.25	C	-		
1775	0	O	5.55	A	-		
1775	1	O	5.55	A	-		
1775	2	O	5.55	A	-		
1775	3	O	5.55	A	-		
1775	4	O	5.55	A	-		
1775	5	O	5.55	G	-		
1775	6	O	5.55	T	-		
1775	7	O	5.55	G	-		
1775	8	O	5.55	C	-		
1775	9	O	5.55	G	-		
1775	10	O	5.55	C	-		
1775	11	O	5.55	G	-		
1775	12	O	5.55	C	-		
1775	13	O	5.55	G	-		
1775	14	O	5.55	C	-		
1775	15	O	5.55	G	-		
1775	16	O	5.55	G	-		
1775	17	O	5.55	C	-		
1775	18	O	5.55	T	-		
1775	19	O	5.55	T	-		
1775	20	O	5.55	C	-		
1775	21	O	5.55	C	-		
1775	22	O	5.55	A	-		
1775	23	O	5.55	C	-		
1775	24	O	5.55	T	-		
1775	25	O	5.55	G	-		
1775	26	O	5.55	T	-		
1775	27	O	5.55	G	-		
1775	28	O	5.55	C	-		
1775	29	O	5.55	G	-		
1775	30	O	5.55	T	-		
1775	31	O	5.55	T	-		
1775	32	O	5.55	T	-		
1775	33	O	5.55	T	-		
1775	34	O	5.55	C	-		
1775	35	O	5.55	G	-		
1775	36	O	5.55	A	-		
1775	37	O	5.55	A	-		
1775	38	O	5.55	C	-		
1775	39	O	5.55	A	-		
1775	40	O	5.55	C	-		
1775	41	O	5.55	G	-		
1775	42	O	5.55	C	-		
1775	43	O	5.55	A	-		
1775	44	O	5.55	C	-		
1775	45	O	5.55	A	-		
1775	46	O	5.55	G	-		
1775	47	O	5.55	C	-		
1775	48	O	5.55	T	-		
1775	49	O	5.55	T	-		
1775	50	O	5.55	G	-		
1775	51	O	5.55	T	-		
1775	52	O	5.55	C	-		
1775	53	O	5.55	C	-		
1775	54	O	5.55	G	-		
1775	55	O	5.55	C	-		
1775	56	O	5.55	G	-		
1775	57	O	5.55	C	-		
1775	58	O	5.55	A	-		
1775	59	O	5.55	T	-		
1775	60	O	5.55	G	-		
1775	61	O	5.55	C	-		
1775	62	O	5.55	G	-		
1775	63	O	5.55	C	-		
1775	64	O	5.55	A	-		
1775	65	O	5.55	T	-		
1775	66	O	5.55	T	-		
1775	67	O	5.55	C	-		
1775	68	O	5.55	A	-		
1775	69	O	5.55	T	-		
1775	70	O	5.55	A	-		
1775	71	O	5.55	A	-		
1775	72	O	5.55	T	-		
1775	73	O	5.55	T	-		
1775	74	O	5.55	T	-		
1775	75	O	5.55	A	-		
1775	76	O	5.55	T	-		
1775	77	O	5.55	T	-		
1775	78	O	5.55	T	-		
1775	79	O	5.55	T	-		
1775	80	O	5.55	G	-		
1775	81	O	5.55	G	-		
1775	82	O	5.55	C	-		
1775	83	O	5.55	G	-		
1775	84	O	5.55	C	-		
1775	85	O	5.55	A	-		
1775	86	O	5.55	G	-		
1775	87	O	5.55	A	-		
1775	88	O	5.55	A	-		
1775	89	O	5.55	A	-		
1775	90	O	5.55	A	-		
1775	91	O	5.55	A	-		
1775	92	O	5.55	T	-		
1775	93	O	5.55	T	-		
1775	94	O	5.55	A	-		
1775	95	O	5.55	C	-		
1775	96	O	5.55	C	-		
1775	97	O	5.55	T	-		
1775	98	O	5.55	C	-		
1775	99	O	5.55	T	-		
1775	100	O	5.55	T	-		
1775	101	O	5.55	G	-		
1775	102	O	5.55	C	-		
1775	103	O	5.55	A	-		
1775	104	O	5.55	T	-		
1775	105	O	5.55	C	-		
1775	106	O	5.55	G	-		
1775	107	O	5.55	A	-		
1775	108	O	5.55	G	-		
1775	109	O	5.55	A	-		
1776	0	O	26.34	A	-		
1776	1	O	26.34	T	-		
1776	2	O	26.34	C	-		
1776	3	O	26.34	T	-		
1776	4	O	26.34	T	-		
1776	5	O	26.34	G	-		
1776	6	O	26.34	T	-		
1776	7	O	26.34	C	-		
1776	8	O	26.34	G	-		
1776	9	O	26.34	A	-		
1776	10	O	26.34	C	-		
1776	11	O	26.34	G	-		
1776	12	O	26.34	A	-		
1776	13	O	26.34	G	-		
1776	14	O	26.34	C	-		
1776	15	O	26.34	A	-		
1776	16	O	26.34	G	-		
1776	17	O	26.34	C	-		
1776	18	O	26.34	C	-		
1776	19	O	26.34	A	-		
1776	20	O	26.34	C	-		
1776	21	O	26.34	G	-		
1776	22	O	26.34	C	-		
1776	23	O	26.34	G	-		
1776	24	O	26.34	T	-		
1776	25	O	26.34	C	-		
1776	26	O	26.34	G	-		
1776	27	O	26.34	G	-		
1776	28	O	26.34	G	-		
1776	29	O	26.34	G	-		
1776	30	O	26.34	T	-		
1776	31	O	26.34	T	-		
1776	32	O	26.34	C	-		
1776	33	O	26.34	T	-		
1776	34	O	26.34	C	-		
1776	35	O	26.34	T	-		
1776	36	O	26.34	T	-		
1776	37	O	26.34	T	-		
1776	38	O	26.34	G	-		
1776	39	O	26.34	A	-		
1776	40	O	26.34	A	-		
1776	41	O	26.34	C	-		
1776	42	O	26.34	T	-		
1776	43	O	26.34	G	-		
1776	44	O	26.34	G	-		
1776	45	O	26.34	T	-		
1776	46	O	26.34	T	-		
1776	47	O	26.34	G	-		
1776	48	O	26.34	A	-		
1776	49	O	26.34	G	-		
1776	50	O	26.34	G	-		
1776	51	O	26.34	G	-		
1776	52	O	26.34	A	-		
1776	53	O	26.34	G	-		
1776	54	O	26.34	G	-		
1776	55	O	26.34	C	-		
1776	56	O	26.34	C	-		
1776	57	O	26.34	T	-		
1776	58	O	26.34	G	-		
1776	59	O	26.34	A	-		
1776	60	O	26.34	G	-		
1776	61	O	26.34	C	-		
1776	62	O	26.34	C	-		
1776	63	O	26.34	G	-		
1776	64	O	26.34	T	-		
1776	65	O	26.34	T	-		
1776	66	O	26.34	T	-		
1776	67	O	26.34	T	-		
1776	68	O	26.34	T	-		
1776	69	O	26.34	T	-		
1776	70	O	26.34	G	-		
1776	71	O	26.34	C	-		
1776	72	O	26.34	T	-		
1776	73	O	26.34	G	-		
1776	74	O	26.34	C	-		
1776	75	O	26.34	T	-		
1776	76	O	26.34	C	-		
1776	77	O	26.34	G	-		
1776	78	O	26.34	C	-		
1776	79	O	26.34	C	-		
1776	80	O	26.34	G	-		
1776	81	O	26.34	C	-		
1776	82	O	26.34	G	-		
1776	83	O	26.34	G	-		
1776	84	O	26.34	C	-		
1776	85	O	26.34	C	-		
1776	86	O	26.34	C	-		
1776	87	O	26.34	T	-		
1776	88	O	26.34	C	-		
1776	89	O	26.34	G	-		
1776	90	O	26.34	T	-		
1776	91	O	26.34	A	-		
1776	92	O	26.34	G	-		
1776	93	O	26.34	A	-		
1776	94	O	26.34	A	-		
1776	95	O	26.34	G	-		
1776	96	O	26.34	G	-		
1776	97	O	26.34	C	-		
1776	98	O	26.34	A	-		
1776	99	O	26.34	C	-		
1776	100	O	26.34	G	-		
1776	101	O	26.34	C	-		
1776	102	O	26.34	A	-		
1776	103	O	26.34	C	-		
1776	104	O	26.34	G	-		
1776	105	O	26.34	G	-		
1776	106	O	26.34	T	-		
1776	107	O	26.34	G	-		
1776	108	O	26.34	G	-		
1776	109	O	26.34	C	-		
1777	0	O	8.32	C	-		
1777	1	O	8.32	T	-		
1777	2	O	8.32	C	-		
1777	3	O	8.32	C	-		
1777	4	O	8.32	A	-		
1777	5	O	8.32	T	-		
1777	6	O	8.32	T	-		
1777	7	O	8.32	C	-		
1777	8	O	8.32	C	-		
1777	9	O	8.32	T	-		
1777	10	O	8.32	C	-		
1777	11	O	8.32	T	-		
1777	12	O	8.32	A	-		
1777	13	O	8.32	A	-		
1777	14	O	8.32	T	-		
1777	15	O	8.32	G	-		
1777	16	O	8.32	T	-		
1777	17	O	8.32	C	-		
1777	18	O	8.32	T	-		
1777	19	O	8.32	C	-		
1777	20	O	8.32	G	-		
1777	21	O	8.32	A	-		
1777	22	O	8.32	G	-		
1777	23	O	8.32	G	-		
1777	24	O	8.32	A	-		
1777	25	O	8.32	A	-		
1777	26	O	8.32	T	-		
1777	27	O	8.32	G	-		
1777	28	O	8.32	T	-		
1777	29	O	8.32	T	-		
1777	30	O	8.32	T	-		
1777	31	O	8.32	C	-		
1777	32	O	8.32	C	-		
1777	33	O	8.32	C	-		
1777	34	O	8.32	A	-		
1777	35	O	8.32	T	-		
1777	36	O	8.32	T	-		
1777	37	O	8.32	T	-		
1777	38	O	8.32	C	-		
1777	39	O	8.32	T	-		
1777	40	O	8.32	G	-		
1777	41	O	8.32	C	-		
1777	42	O	8.32	A	-		
1777	43	O	8.32	C	-		
1777	44	O	8.32	G	-		
1777	45	O	8.32	C	-		
1777	46	O	8.32	A	-		
1777	47	O	8.32	A	-		
1777	48	O	8.32	A	-		
1777	49	O	8.32	T	-		
1777	50	O	8.32	C	-		
1777	51	O	8.32	T	-		
1777	52	O	8.32	G	-		
1777	53	O	8.32	T	-		
1777	54	O	8.32	T	-		
1777	55	O	8.32	T	-		
1777	56	O	8.32	C	-		
1777	57	O	8.32	A	-		
1777	58	O	8.32	G	-		
1777	59	O	8.32	T	-		
1777	60	O	8.32	C	-		
1777	61	O	8.32	G	-		
1777	62	O	8.32	A	-		
1777	63	O	8.32	T	-		
1777	64	O	8.32	A	-		
1777	65	O	8.32	G	-		
1777	66	O	8.32	A	-		
1777	67	O	8.32	G	-		
1777	68	O	8.32	C	-		
1777	69	O	8.32	T	-		
1777	70	O	8.32	G	-		
1777	71	O	8.32	T	-		
1777	72	O	8.32	T	-		
1777	73	O	8.32	T	-		
1777	74	O	8.32	G	-		
1777	75	O	8.32	A	-		
1777	76	O	8.32	T	-		
1777	77	O	8.32	C	-		
1777	78	O	8.32	T	-		
1777	79	O	8.32	C	-		
1777	80	O	8.32	A	-		
1777	81	O	8.32	C	-		
1777	82	O	8.32	C	-		
1777	83	O	8.32	T	-		
1777	84	O	8.32	T	-		
1777	85	O	8.32	C	-		
1777	86	O	8.32	C	-		
1777	87	O	8.32	A	-		
1777	88	O	8.32	T	-		
1777	89	O	8.32	T	-		
1777	90	O	8.32	C	-		
1777	91	O	8.32	T	-		
1777	92	O	8.32	T	-		
1777	93	O	8.32	T	-		
1777	94	O	8.32	G	-		
1777	95	O	8.32	T	-		
1777	96	O	8.32	C	-		
1777	97	O	8.32	T	-		
1777	98	O	8.32	G	-		
1777	99	O	8.32	A	-		
1777	100	O	8.32	T	-		
1777	101	O	8.32	C	-		
1777	102	O	8.32	A	-		
1777	103	O	8.32	T	-		
1777	104	O	8.32	T	-		
1777	105	O	8.32	C	-		
1777	106	O	8.32	T	-		
1777	107	O	8.32	A	-		
1777	108	O	8.32	T	-		
1777	109	O	8.32	T	-		
# ustacks completed on 2026-03-06 11:48:16
