  1:   0.1229  0.0695  0.1314  0.0603  0.1578  0.0213  0.0830  0.1428  0.1774  0.0336  1
  2:   0.0000  0.0000  0.5664  0.0000  0.0000  0.0000  0.3707  0.0629  0.0000  0.0000  1
  3:   0.0000  0.0503  0.0000  0.0000  0.0000  0.4341  0.3334  0.0356  0.0323  0.1143  1
  4:   0.1079  0.1150  0.1340  0.0752  0.1542  0.1200  0.0730  0.0609  0.0929  0.0668  1
  5:   0.0171  0.0000  0.0000  0.0000  0.0000  0.4730  0.1867  0.2527  0.0493  0.0212  1
  6:   0.0000  0.0000  0.0000  0.0000  0.9117  0.0883  0.0000  0.0000  0.0000  0.0000  1
  7:   0.2814  0.0000  0.1146  0.0000  0.1247  0.0445  0.2856  0.0057  0.0000  0.1436  1
  8:   0.0000  0.0000  0.3237  0.0000  0.0000  0.0000  0.0000  0.0700  0.6000  0.0064  1
  9:   0.0180  0.0548  0.0356  0.1259  0.1549  0.1252  0.1537  0.1154  0.0822  0.1343  1
 10:   0.0000  0.0000  0.0839  0.0000  0.0000  0.0000  0.0000  0.4633  0.4123  0.0404  1
 11:   0.0150  0.1013  0.0575  0.0636  0.1618  0.1643  0.0585  0.0524  0.1324  0.1931  1
 12:   0.0000  0.0000  0.2477  0.0000  0.0000  0.0000  0.0000  0.1102  0.5747  0.0674  1
 13:   0.0298  0.0000  0.2722  0.0000  0.0000  0.0000  0.0000  0.2861  0.0000  0.4119  1
 14:   0.1131  0.0011  0.0000  0.0000  0.0000  0.0161  0.4463  0.3558  0.0676  0.0000  1
 15:   0.1147  0.0000  0.0000  0.2621  0.0000  0.3553  0.0000  0.0000  0.0000  0.2679  1
 16:   0.0000  0.0000  0.8783  0.0000  0.0000  0.0000  0.0000  0.0561  0.0394  0.0262  1
 17:   0.0000  0.0000  1.0000  0.0000  0.0000  0.0000  0.0000  0.0000  0.0000  0.0000  1
 18:   0.0214  0.0000  0.0000  0.0000  0.0000  0.3452  0.4166  0.0001  0.0000  0.2166  1
 19:   0.0000  0.0000  0.0000  0.0000  0.0000  0.0000  1.0000  0.0000  0.0000  0.0000  1
 20:   0.0000  0.2771  0.1697  0.0000  0.5115  0.0000  0.0000  0.0000  0.0000  0.0417  1
 21:   0.5337  0.0125  0.1228  0.0000  0.3109  0.0000  0.0000  0.0201  0.0000  0.0000  1
 22:   0.1856  0.0186  0.1154  0.3573  0.0264  0.0000  0.1599  0.0318  0.1042  0.0008  1
 23:   0.5324  0.0084  0.1553  0.0000  0.3013  0.0000  0.0025  0.0000  0.0000  0.0000  1
 24:   0.0220  0.0000  0.1403  0.0000  0.0367  0.4658  0.3220  0.0000  0.0000  0.0132  1
 25:   0.3204  0.0000  0.2342  0.0000  0.0000  0.0000  0.0000  0.0314  0.0000  0.4141  1
 26:   0.0482  0.0000  0.0000  0.0000  0.0000  0.4511  0.4554  0.0451  0.0001  0.0000  1
 27:   0.0000  0.0000  0.2635  0.0000  0.0500  0.0000  0.6865  0.0000  0.0000  0.0000  1
 28:   0.1233  0.1627  0.0323  0.0714  0.0781  0.1020  0.0188  0.1517  0.0805  0.1793  1
 29:   0.1547  0.1401  0.0345  0.1140  0.1551  0.1468  0.0917  0.0459  0.0424  0.0747  1
 30:   0.0000  0.0000  1.0000  0.0000  0.0000  0.0000  0.0000  0.0000  0.0000  0.0000  1
 31:   0.0899  0.0901  0.1303  0.1047  0.1384  0.0253  0.0435  0.1295  0.1484  0.1000  1
 32:   0.1094  0.1232  0.0728  0.1426  0.0664  0.0407  0.1037  0.1383  0.0674  0.1357  1
 33:   0.0000  0.0000  0.9481  0.0000  0.0260  0.0000  0.0000  0.0260  0.0000  0.0000  1
 34:   0.0086  0.0000  0.1010  0.0744  0.2108  0.2030  0.0000  0.0349  0.3539  0.0135  1
 35:   0.0000  0.0000  0.3076  0.0672  0.4068  0.0000  0.1866  0.0000  0.0318  0.0000  1
 36:   0.0000  0.0000  0.4000  0.0000  0.5696  0.0000  0.0000  0.0146  0.0000  0.0157  1
 37:   0.0000  0.0000  0.9135  0.0000  0.0000  0.0000  0.0000  0.0222  0.0641  0.0001  1
 38:   0.1030  0.0000  0.0000  0.0000  0.0000  0.0404  0.0000  0.0000  0.0000  0.8566  1
 39:   0.0000  0.0000  0.0343  0.0000  0.3191  0.0000  0.0000  0.6133  0.0000  0.0333  1
 40:   0.0000  0.0000  0.0000  0.0000  0.0000  0.0000  1.0000  0.0000  0.0000  0.0000  1
 41:   0.0258  0.0852  0.1589  0.1602  0.1084  0.0507  0.0322  0.1808  0.0374  0.1604  1
 42:   0.0000  0.0000  0.0000  0.0000  0.0000  1.0000  0.0000  0.0000  0.0000  0.0000  1
 43:   0.0000  0.0000  0.0000  0.0000  0.2246  0.0000  0.7661  0.0000  0.0093  0.0000  1
 44:   0.0000  0.1043  0.0838  0.0000  0.0182  0.0000  0.0000  0.7937  0.0000  0.0000  1
 45:   0.0000  0.0000  0.0000  0.0000  0.0196  0.0000  0.3101  0.6703  0.0000  0.0000  1
 46:   0.1011  0.0931  0.0688  0.0302  0.0545  0.1404  0.1434  0.1698  0.1739  0.0248  1
 47:   0.0000  0.0000  0.1073  0.0000  0.0000  0.0000  0.5000  0.1049  0.0652  0.2226  1
 48:   0.0000  0.0000  0.0000  0.0000  0.0000  0.4091  0.3147  0.2619  0.0080  0.0062  1
 49:   0.0000  0.2711  0.0000  0.0000  0.0000  0.6463  0.0000  0.0078  0.0730  0.0019  1
 50:   0.0000  0.0000  0.6265  0.0000  0.0000  0.0000  0.0000  0.0526  0.2691  0.0518  1
 51:   0.1928  0.0000  0.0127  0.0000  0.0296  0.3614  0.3560  0.0439  0.0035  0.0000  1
 52:   0.0000  0.0000  0.0000  0.0000  0.0000  1.0000  0.0000  0.0000  0.0000  0.0000  1
 53:   0.0671  0.1827  0.0211  0.0361  0.0789  0.0394  0.0797  0.1943  0.1135  0.1873  1
 54:   0.3542  0.0000  0.0623  0.0000  0.1664  0.0000  0.4172  0.0000  0.0000  0.0000  1
 55:   0.0000  0.0000  0.3377  0.0000  0.0000  0.0000  0.0000  0.1007  0.5042  0.0573  1
 56:   0.0000  0.0000  0.0000  0.0000  0.0000  0.0000  1.0000  0.0000  0.0000  0.0000  1
 57:   0.0000  0.0000  0.0000  0.0000  0.0000  0.0000  1.0000  0.0000  0.0000  0.0000  1
 58:   0.1036  0.0602  0.1003  0.1511  0.1000  0.0944  0.1234  0.0984  0.0780  0.0908  1
 59:   0.0000  0.0000  0.3035  0.0000  0.0000  0.0000  0.6965  0.0000  0.0000  0.0000  1
 60:   0.0254  0.1045  0.1581  0.0073  0.0426  0.0485  0.1369  0.1975  0.2013  0.0779  1
 61:   0.0000  0.1019  0.0644  0.0000  0.0301  0.0000  0.0000  0.8036  0.0000  0.0000  1
 62:   0.0000  0.0000  0.0000  1.0000  0.0000  0.0000  0.0000  0.0000  0.0000  0.0000  1
 63:   0.0131  0.1294  0.0986  0.0953  0.1303  0.1339  0.1273  0.0853  0.0809  0.1059  1
 64:   0.0000  0.0000  0.1891  0.0000  0.0000  0.0000  0.0000  0.1744  0.6014  0.0351  1
 65:   0.0335  0.0929  0.0420  0.0369  0.1625  0.0334  0.1291  0.1645  0.2078  0.0975  1
 66:   0.0006  0.0000  0.0000  0.0000  0.0000  0.5541  0.2211  0.1479  0.0303  0.0460  1
 67:   0.0683  0.1319  0.1480  0.0939  0.0325  0.0239  0.1690  0.1139  0.0982  0.1204  1
 68:   0.0000  0.0000  0.0000  0.0000  0.0000  0.0000  0.0000  0.3843  0.0000  0.6157  1
 69:   0.0000  0.0000  0.0000  0.0000  0.0000  0.3007  0.0000  0.5993  0.0000  0.1000  1
 70:   0.0000  0.0000  0.9000  0.0000  0.0000  0.0000  0.0000  0.1000  0.0000  0.0000  1
 71:   0.0911  0.1040  0.0925  0.0776  0.0985  0.0476  0.2073  0.1194  0.0998  0.0621  1
 72:   0.2293  0.0205  0.1956  0.2561  0.0798  0.0000  0.0680  0.0125  0.1374  0.0007  1
 73:   0.0000  0.0300  0.4384  0.0000  0.0215  0.0000  0.0000  0.4659  0.0000  0.0442  1
 74:   0.0486  0.0241  0.1531  0.1337  0.0907  0.0581  0.1821  0.0828  0.1516  0.0752  1
 75:   0.1166  0.0675  0.0757  0.0470  0.1386  0.0831  0.0930  0.1649  0.1623  0.0512  1
 76:   0.1000  0.0000  0.4500  0.0000  0.3549  0.0951  0.0000  0.0000  0.0000  0.0000  1
 77:   0.0330  0.0000  0.2163  0.3275  0.1232  0.0299  0.0000  0.0351  0.2157  0.0194  1
 78:   0.2478  0.0157  0.0854  0.1407  0.1614  0.0000  0.2157  0.0323  0.1010  0.0000  1
 79:   0.0000  0.0745  0.2372  0.0000  0.2372  0.0000  0.0000  0.0623  0.0000  0.3889  1
 80:   0.0000  0.0000  0.0000  0.0000  0.0997  0.0000  0.9003  0.0000  0.0000  0.0000  1
 81:   0.0361  0.0998  0.0343  0.0847  0.1610  0.1284  0.0949  0.1467  0.1134  0.1006  1
 82:   0.0000  0.4928  0.2911  0.0000  0.0333  0.0000  0.0000  0.1828  0.0000  0.0000  1
 83:   0.0164  0.0000  0.0000  0.0000  0.0000  0.0963  0.0000  0.0000  0.0000  0.8873  1
 84:   0.1869  0.1353  0.0950  0.0271  0.0208  0.0495  0.1388  0.1030  0.1831  0.0607  1
 85:   0.0000  0.0000  0.0000  0.0000  0.0986  0.0000  0.9014  0.0000  0.0000  0.0000  1
 86:   0.0000  0.0000  0.0000  0.0000  0.9000  0.0000  0.0000  0.1000  0.0000  0.0000  1
 87:   0.0000  0.0000  0.6368  0.0000  0.0000  0.0000  0.0000  0.0791  0.2067  0.0773  1
 88:   0.1137  0.0510  0.0181  0.1079  0.1564  0.0811  0.1186  0.1034  0.1243  0.1255  1
 89:   0.0000  0.0000  0.0000  0.3883  0.5546  0.0000  0.0000  0.0571  0.0000  0.0000  1
 90:   0.0000  0.0000  0.0000  1.0000  0.0000  0.0000  0.0000  0.0000  0.0000  0.0000  1
 91:   0.2030  0.0178  0.0569  0.2790  0.3308  0.0000  0.0188  0.0163  0.0774  0.0000  1
 92:   0.0000  0.0000  0.0000  0.0000  0.0000  0.0450  0.2390  0.2399  0.0000  0.4761  1
 93:   0.6826  0.0000  0.0373  0.0000  0.0000  0.2800  0.0000  0.0000  0.0000  0.0000  1
 94:   0.0470  0.0000  0.0000  0.0000  0.0000  0.4684  0.0000  0.0098  0.0000  0.4748  1
 95:   1.0000  0.0000  0.0000  0.0000  0.0000  0.0000  0.0000  0.0000  0.0000  0.0000  1
 96:   0.0772  0.0175  0.1249  0.1857  0.2602  0.0000  0.2587  0.0045  0.0708  0.0004  1
 97:   0.2146  0.1256  0.0000  0.0238  0.0000  0.2600  0.0000  0.0000  0.3599  0.0161  1
 98:   0.0000  0.2323  0.2097  0.0000  0.1298  0.0000  0.3047  0.0000  0.1234  0.0000  1
 99:   0.0000  0.4714  0.2838  0.0000  0.2289  0.0000  0.0000  0.0076  0.0000  0.0083  1
100:   0.3017  0.0000  0.4252  0.2399  0.0332  0.0000  0.0000  0.0000  0.0000  0.0000  1
101:   0.0000  0.0000  0.0000  0.3190  0.0894  0.0000  0.0000  0.5620  0.0099  0.0198  1
102:   0.0000  0.2089  0.0000  0.2184  0.0000  0.1583  0.0000  0.1634  0.2095  0.0415  1
103:   0.0000  0.0000  0.0000  0.0000  0.0000  0.0000  0.0000  0.9000  0.1000  0.0000  1
104:   0.0000  0.0000  0.0000  0.0000  0.9120  0.0880  0.0000  0.0000  0.0000  0.0000  1
105:   0.1250  0.1341  0.0154  0.1657  0.0916  0.0890  0.1264  0.0352  0.0606  0.1569  1
106:   0.0000  0.0000  0.1102  0.3749  0.0728  0.0000  0.4421  0.0000  0.0000  0.0000  1
107:   0.0482  0.0000  0.0000  0.0000  0.2011  0.0535  0.3792  0.0000  0.0000  0.3179  1
108:   0.1298  0.1199  0.1463  0.1325  0.0900  0.0151  0.2346  0.0116  0.0567  0.0634  1
109:   0.0000  0.0000  0.0000  0.0000  0.4500  0.0000  0.0000  0.5075  0.0000  0.0424  1
110:   0.0000  0.0000  0.0000  0.0000  0.1840  0.0089  0.0000  0.7409  0.0114  0.0548  1
111:   0.3342  0.0000  0.0811  0.0000  0.0000  0.0807  0.2225  0.2297  0.0518  0.0000  1
112:   0.0231  0.1376  0.1172  0.1111  0.0115  0.0659  0.0535  0.2213  0.2111  0.0477  1
113:   0.4193  0.0000  0.1022  0.0000  0.4477  0.0000  0.0000  0.0308  0.0000  0.0000  1
114:   0.0000  0.4964  0.0023  0.0000  0.0024  0.0000  0.4984  0.0000  0.0000  0.0006  1
115:   0.0000  0.4154  0.0397  0.0000  0.5418  0.0000  0.0000  0.0031  0.0000  0.0000  1
116:   0.2155  0.1250  0.0000  0.0234  0.0000  0.2604  0.0000  0.0000  0.3597  0.0160  1
117:   0.0050  0.0000  0.6299  0.2161  0.1481  0.0000  0.0000  0.0009  0.0000  0.0000  1
118:   0.0000  0.6093  0.0000  0.0000  0.0000  0.3247  0.0000  0.0025  0.0444  0.0190  1
119:   0.0000  0.0000  0.0000  0.4961  0.0039  0.0000  0.5000  0.0000  0.0000  0.0000  1
120:   0.2228  0.1260  0.0000  0.0243  0.0000  0.2615  0.0000  0.0000  0.3500  0.0155  1
121:   0.0000  0.9551  0.0000  0.0000  0.0000  0.0000  0.0000  0.0000  0.0000  0.0449  1
122:   0.0000  0.2267  0.0000  0.3520  0.0775  0.0080  0.0000  0.1118  0.2011  0.0229  1
123:   0.0000  0.2319  0.0000  0.3514  0.0772  0.0142  0.0000  0.1026  0.2000  0.0227  1
124:   0.1308  0.1713  0.0449  0.0322  0.0175  0.1656  0.0496  0.0885  0.1152  0.1845  1
125:   0.0000  0.0000  0.5130  0.0000  0.0000  0.0000  0.4870  0.0000  0.0000  0.0000  1
126:   0.2155  0.1250  0.0000  0.0234  0.0000  0.2604  0.0000  0.0000  0.3597  0.0160  1
127:   0.1384  0.0512  0.1670  0.1537  0.0722  0.0176  0.1408  0.1130  0.0811  0.0650  1
128:   0.1388  0.1088  0.0733  0.2466  0.1311  0.0495  0.0518  0.0135  0.1435  0.0434  1
129:   0.5475  0.0000  0.1664  0.0000  0.2556  0.0000  0.0000  0.0305  0.0000  0.0000  1
130:   0.0000  0.0000  0.0000  0.0000  0.8446  0.1554  0.0000  0.0000  0.0000  0.0000  1
131:   0.0000  0.0000  0.4836  0.0000  0.0001  0.0000  0.0000  0.5163  0.0000  0.0000  1
132:   0.2963  0.0414  0.1083  0.0302  0.0012  0.0000  0.0000  0.0000  0.3513  0.1712  1
133:   0.0000  0.0000  0.9391  0.0000  0.0000  0.0000  0.0000  0.0014  0.0592  0.0003  1
134:   0.0192  0.0214  0.0867  0.0249  0.0000  0.3956  0.0000  0.0000  0.4319  0.0203  1
135:   0.2210  0.0250  0.1132  0.0000  0.0000  0.0000  0.0000  0.6147  0.0261  0.0000  1
136:   0.0000  0.0000  0.3013  0.3231  0.0280  0.0000  0.0000  0.3143  0.0333  0.0000  1
137:   0.0000  0.0000  0.0000  0.0000  0.0000  0.0000  0.0000  0.9000  0.1000  0.0000  1
138:   0.0000  0.4094  0.0000  0.4969  0.0000  0.0000  0.0000  0.0679  0.0085  0.0173  1
139:   0.0000  0.0000  0.0000  0.0000  0.1049  0.8628  0.0000  0.0322  0.0000  0.0000  1
140:   0.0000  0.0000  0.0000  0.0000  0.0000  0.4500  0.0000  0.4500  0.0500  0.0500  1
141:   0.2304  0.3485  0.0000  0.1474  0.1483  0.0689  0.0000  0.0000  0.0416  0.0150  1
142:   0.1281  0.0855  0.1503  0.0072  0.0910  0.0878  0.1249  0.0798  0.1051  0.1401  1
143:   0.0000  0.0000  0.0000  0.0000  0.0926  0.8710  0.0000  0.0364  0.0000  0.0000  1
144:   0.4974  0.4669  0.0000  0.0000  0.0253  0.0104  0.0000  0.0000  0.0000  0.0000  1
145:   0.0000  0.3932  0.0000  0.1714  0.1341  0.0000  0.0000  0.1130  0.1618  0.0265  1
146:   0.2696  0.0129  0.5120  0.0529  0.1528  0.0000  0.0000  0.0000  0.0000  0.0000  1
147:   0.0079  0.0000  0.4715  0.4930  0.0276  0.0000  0.0000  0.0000  0.0000  0.0000  1
148:   0.0009  0.0000  0.1906  0.2393  0.3285  0.0000  0.0000  0.0104  0.0000  0.2303  1
149:   0.1930  0.0209  0.2124  0.2291  0.2801  0.0000  0.0329  0.0258  0.0058  0.0000  1
150:   0.0000  0.0211  0.9000  0.0000  0.0412  0.0000  0.0000  0.0377  0.0000  0.0000  1
151:   0.1690  0.1283  0.0442  0.0521  0.1282  0.0997  0.0833  0.1186  0.1278  0.0489  1
152:   0.0000  0.0000  0.0130  0.3727  0.1075  0.0000  0.0000  0.3085  0.1235  0.0748  1
153:   0.0000  0.0358  0.4716  0.0269  0.0000  0.0000  0.0000  0.0000  0.4657  0.0000  1
154:   0.1368  0.0159  0.0410  0.1726  0.0718  0.1636  0.0998  0.1500  0.0981  0.0504  1
155:   0.0000  0.2872  0.0000  0.3325  0.0106  0.0528  0.1663  0.0000  0.1250  0.0256  1
156:   0.1507  0.1263  0.0721  0.0985  0.1385  0.1320  0.0319  0.1405  0.0558  0.0538  1
157:   0.0000  0.0000  0.5216  0.0000  0.1805  0.0000  0.2694  0.0284  0.0000  0.0000  1
158:   0.0000  0.0000  0.0500  0.0000  0.0000  0.0000  0.5000  0.0000  0.4500  0.0000  1
159:   0.0000  0.0000  0.0000  0.3489  0.0000  0.0000  0.0000  0.6511  0.0000  0.0000  1
160:   0.0000  0.0000  0.0689  0.0000  0.3136  0.0000  0.0000  0.6175  0.0000  0.0000  1
161:   0.0000  0.0000  0.4492  0.0000  0.0000  0.0000  0.4995  0.0500  0.0013  0.0000  1
162:   0.0000  0.0000  0.0231  0.1160  0.3409  0.4400  0.0000  0.0722  0.0000  0.0078  1
163:   0.0464  0.0000  0.1866  0.0000  0.3148  0.1722  0.0000  0.0000  0.0000  0.2800  1
164:   0.0000  0.0459  0.1455  0.0000  0.2870  0.0000  0.0864  0.3018  0.0982  0.0352  1
165:   0.0000  0.0000  0.0800  0.0000  0.5377  0.0000  0.0000  0.0518  0.0000  0.3305  1
166:   0.0000  0.0000  0.2988  0.0000  0.3007  0.0000  0.3506  0.0500  0.0000  0.0000  1
167:   0.0350  0.1046  0.1746  0.1130  0.0327  0.1231  0.1038  0.0661  0.1195  0.1277  1
168:   0.0000  0.0000  0.0293  0.0000  0.3903  0.5001  0.0000  0.0803  0.0000  0.0000  1
169:   0.0000  0.0000  0.1594  0.1818  0.0000  0.0291  0.2434  0.3706  0.0157  0.0000  1
170:   0.0499  0.0640  0.0645  0.0325  0.1911  0.0964  0.1480  0.0909  0.1656  0.0972  1
171:   0.2484  0.0212  0.0000  0.0000  0.1797  0.0000  0.3346  0.0000  0.0000  0.2160  1
172:   0.0000  0.0000  0.1136  0.0000  0.0000  0.0000  0.5000  0.2732  0.0452  0.0680  1
173:   0.4406  0.0651  0.0233  0.1106  0.2452  0.0813  0.0000  0.0003  0.0279  0.0059  1
174:   0.0460  0.0000  0.4369  0.0000  0.0000  0.4409  0.0000  0.0464  0.0119  0.0179  1
175:   0.0000  0.0000  0.0419  0.0000  0.1652  0.0597  0.3317  0.3907  0.0109  0.0000  1
176:   0.3748  0.0000  0.3959  0.0000  0.0204  0.0000  0.2089  0.0000  0.0000  0.0000  1
177:   0.0000  0.0000  0.0000  0.0000  0.1474  0.0896  0.1745  0.0000  0.0000  0.5885  1
178:   0.1189  0.0000  0.0000  0.0000  0.0021  0.4172  0.2669  0.1431  0.0365  0.0154  1
179:   0.0000  0.0000  0.0928  0.1651  0.1702  0.0000  0.5719  0.0000  0.0000  0.0000  1
180:   0.0000  0.0000  0.0000  0.0000  0.0000  0.0000  0.2784  0.6216  0.0770  0.0230  1
181:   0.0038  0.0000  0.1733  0.1864  0.4712  0.0000  0.0000  0.0423  0.0000  0.1230  1
182:   0.0001  0.0000  0.9999  0.0000  0.0000  0.0000  0.0000  0.0000  0.0000  0.0000  1
183:   0.0000  0.0000  0.0000  0.0000  0.0000  0.2191  0.3013  0.2701  0.0412  0.1683  1
184:   0.0000  0.0000  0.0296  0.0000  0.0572  0.1172  0.3339  0.3901  0.0458  0.0262  1
185:   0.0000  0.2609  0.0000  0.0000  0.2445  0.0000  0.4307  0.0190  0.0026  0.0423  1
186:   0.3130  0.0000  0.0000  0.3009  0.0000  0.0000  0.0000  0.0116  0.0000  0.3745  1
187:   0.3514  0.0000  0.4820  0.0000  0.1666  0.0000  0.0000  0.0000  0.0000  0.0000  1
188:   0.0225  0.1724  0.0000  0.0000  0.0173  0.3081  0.3227  0.0000  0.0000  0.1569  1
189:   0.0353  0.0000  0.2277  0.0000  0.0000  0.0028  0.0000  0.3462  0.0071  0.3808  1
190:   0.0795  0.0000  0.1807  0.0000  0.1179  0.3874  0.1502  0.0359  0.0361  0.0123  1
191:   0.1762  0.0282  0.1532  0.2762  0.2993  0.0000  0.0356  0.0198  0.0107  0.0008  1
192:   0.0000  0.2137  0.4161  0.0000  0.0000  0.0000  0.2576  0.0447  0.0000  0.0680  1
193:   0.0000  0.0000  0.0000  0.0000  0.0000  0.0000  0.0000  1.0000  0.0000  0.0000  1
194:   0.0000  0.0000  0.0000  0.3574  0.3004  0.1300  0.0000  0.1639  0.0000  0.0483  1
195:   0.0471  0.1438  0.1473  0.0728  0.1627  0.0355  0.1609  0.1741  0.0395  0.0163  1
196:   0.4396  0.0378  0.0000  0.0280  0.0000  0.0000  0.0000  0.0000  0.2617  0.2329  1
197:   0.0000  0.9795  0.0000  0.0000  0.0000  0.0000  0.0000  0.0205  0.0000  0.0000  1
198:   0.0000  0.0000  0.5000  0.0000  0.0000  0.0000  0.0000  0.0500  0.4500  0.0000  1
199:   0.0000  0.0000  0.1540  0.0000  0.0000  0.0000  0.0000  0.8460  0.0000  0.0000  1
200:   0.1137  0.1321  0.1369  0.0426  0.1296  0.0891  0.0386  0.0376  0.1404  0.1394  1
201:   0.0000  0.0000  0.0000  0.4951  0.0549  0.0000  0.4500  0.0000  0.0000  0.0000  1
202:   0.0000  0.0392  0.2999  0.0291  0.0000  0.0000  0.0000  0.1925  0.4392  0.0000  1
203:   0.0000  0.0000  0.0000  0.0000  0.2201  0.0000  0.7694  0.0000  0.0105  0.0000  1
204:   0.0000  0.0000  0.9000  0.0000  0.0000  0.0000  0.0000  0.1000  0.0000  0.0000  1
205:   0.0726  0.0639  0.1264  0.0499  0.0947  0.0791  0.2019  0.0297  0.1750  0.1068  1
206:   0.0178  0.0294  0.1882  0.2713  0.2831  0.0000  0.1517  0.0212  0.0367  0.0006  1
207:   0.0164  0.3124  0.0000  0.1455  0.2157  0.0000  0.0000  0.0207  0.2693  0.0200  1
208:   0.0000  0.0101  0.0130  0.0000  0.0139  0.0000  0.0000  0.9631  0.0000  0.0000  1
209:   0.0000  1.0000  0.0000  0.0000  0.0000  0.0000  0.0000  0.0000  0.0000  0.0000  1
210:   0.0000  0.0000  0.2074  0.0000  0.0000  0.0000  0.0000  0.7926  0.0000  0.0000  1
211:   0.1360  0.0412  0.0113  0.3762  0.1944  0.0000  0.1559  0.0185  0.0664  0.0000  1
212:   0.0000  0.3032  0.0000  0.0000  0.1262  0.5069  0.0000  0.0000  0.0000  0.0636  1
213:   0.0724  0.0000  0.0000  0.0000  0.0000  0.0547  0.0000  0.0000  0.0000  0.8729  1
214:   0.2477  0.0094  0.0000  0.7429  0.0000  0.0000  0.0000  0.0000  0.0000  0.0000  1
215:   0.0079  0.0000  0.1157  0.4949  0.0000  0.0000  0.0000  0.3482  0.0334  0.0000  1
216:   0.0000  0.1055  0.0319  0.0000  0.0141  0.0000  0.0000  0.8484  0.0000  0.0000  1
217:   0.0000  0.0000  0.1000  0.0000  0.0000  0.0000  0.0000  0.0000  0.9000  0.0000  1
218:   0.1000  0.0000  0.0000  0.2369  0.0000  0.2036  0.0000  0.0000  0.0000  0.4595  1
219:   0.0000  0.0290  0.0000  0.0427  0.4748  0.0314  0.0000  0.0000  0.3938  0.0284  1
220:   0.0000  0.0000  0.0000  0.0000  0.9000  0.0000  0.0000  0.0000  0.0000  0.1000  1
221:   0.0000  0.0000  0.3394  0.0000  0.1000  0.0000  0.5606  0.0000  0.0000  0.0000  1
222:   0.0000  0.0403  0.0240  0.0000  0.0106  0.0000  0.0000  0.9251  0.0000  0.0000  1
223:   0.0000  0.3318  0.0000  0.0000  0.0000  0.5910  0.0000  0.0009  0.0635  0.0128  1
224:   0.1608  0.1113  0.0587  0.0632  0.1238  0.1372  0.1947  0.0627  0.0188  0.0689  1
225:   0.0000  0.1210  0.0000  0.0000  0.0000  0.8098  0.0000  0.0001  0.0643  0.0046  1
226:   0.0000  0.1497  0.5546  0.0000  0.0371  0.0000  0.0000  0.0222  0.2363  0.0000  1
227:   0.2623  0.0226  0.0265  0.0061  0.2683  0.0000  0.2295  0.0278  0.1558  0.0010  1
228:   0.0000  0.0000  0.2929  0.0000  0.6364  0.0000  0.0000  0.0707  0.0000  0.0000  1
229:   0.0359  0.0310  0.2067  0.0000  0.0611  0.0014  0.0000  0.0264  0.0000  0.6375  1
230:   0.9607  0.0000  0.0000  0.0000  0.0393  0.0000  0.0000  0.0000  0.0000  0.0000  1
231:   0.0000  0.0000  0.2058  0.0000  0.0500  0.0000  0.2442  0.5000  0.0000  0.0000  1
232:   0.0000  1.0000  0.0000  0.0000  0.0000  0.0000  0.0000  0.0000  0.0000  0.0000  1
233:   0.0416  0.0000  0.0836  0.0000  0.0000  0.0000  0.0000  0.4249  0.0000  0.4499  1
234:   0.0916  0.1391  0.0201  0.0670  0.2133  0.0449  0.1994  0.0509  0.0129  0.1608  1
235:   0.0000  0.0000  0.0000  0.3377  0.0000  0.1521  0.0000  0.4498  0.0000  0.0603  1
236:   0.0000  0.7219  0.1022  0.0000  0.0000  0.0000  0.0000  0.0619  0.0570  0.0570  1
237:   0.5523  0.0107  0.0000  0.0000  0.0000  0.0247  0.0000  0.0179  0.0000  0.3944  1
238:   0.0000  0.0000  0.0002  0.0000  0.5500  0.0000  0.0000  0.4498  0.0000  0.0000  1
239:   0.0000  0.4500  0.0000  0.4026  0.0000  0.1385  0.0000  0.0000  0.0000  0.0090  1
240:   0.1952  0.2486  0.0225  0.1179  0.2412  0.0000  0.0000  0.0000  0.0201  0.1543  1
241:   0.0000  0.0107  0.9000  0.0000  0.0240  0.0000  0.0000  0.0653  0.0000  0.0000  1
242:   0.0000  0.4450  0.0000  0.0000  0.0000  0.5215  0.0000  0.0002  0.0313  0.0019  1
243:   0.0000  0.6621  0.0000  0.0000  0.0000  0.0267  0.0000  0.0000  0.0000  0.3113  1
244:   0.3676  0.1339  0.0000  0.0407  0.0000  0.0000  0.0000  0.0000  0.3597  0.0980  1
245:   0.0000  0.1883  0.1871  0.0000  0.4167  0.0000  0.0042  0.0000  0.1701  0.0335  1
246:   0.0000  0.0000  0.0000  0.2993  0.0000  0.7007  0.0000  0.0000  0.0000  0.0000  1
247:   0.0000  0.1310  0.2234  0.0000  0.2963  0.0000  0.1392  0.1315  0.0699  0.0087  1
248:   0.0000  0.0000  0.0000  0.4118  0.0712  0.4050  0.0000  0.1119  0.0000  0.0000  1
249:   0.0000  0.0000  0.2663  0.2524  0.0480  0.0000  0.4333  0.0000  0.0000  0.0000  1
250:   0.1448  0.1437  0.0544  0.0463  0.1324  0.0975  0.0741  0.1239  0.0512  0.1316  1
251:   0.4691  0.0000  0.0000  0.0000  0.0000  0.0000  0.0000  0.0000  0.0000  0.5309  1
252:   0.0000  0.0000  0.0000  1.0000  0.0000  0.0000  0.0000  0.0000  0.0000  0.0000  1
253:   0.0000  0.2347  0.3659  0.0000  0.0000  0.0000  0.0144  0.0756  0.2463  0.0631  1
254:   0.3229  0.0157  0.0670  0.0000  0.1204  0.0000  0.0000  0.0843  0.0000  0.3897  1
255:   0.1000  0.0000  0.3762  0.0000  0.5238  0.0000  0.0000  0.0000  0.0000  0.0000  1
256:   0.0000  0.0170  0.9000  0.0000  0.0245  0.0000  0.0000  0.0586  0.0000  0.0000  1
257:   0.0000  0.0000  0.0000  0.0000  0.0000  0.0000  0.0000  0.0702  0.0000  0.9298  1
258:   0.0000  0.0000  0.0000  0.0000  0.0000  0.0000  0.0000  0.0000  0.0000  1.0000  1
259:   0.0000  0.0000  0.5169  0.0000  0.0000  0.0000  0.0000  0.0699  0.4085  0.0047  1
260:   0.0000  0.1515  0.1824  0.0000  0.0288  0.0000  0.0000  0.6372  0.0000  0.0000  1
261:   0.1576  0.1220  0.0467  0.1508  0.0692  0.0995  0.1201  0.1192  0.0731  0.0419  1
262:   0.0000  0.1887  0.0000  0.0000  0.0000  0.0000  0.0000  0.5431  0.0000  0.2682  1
