  1:   0.2840  0.1346  0.3889  0.1925  1
  2:   0.0000  0.0000  0.6032  0.3968  1
  3:   0.0311  0.4245  0.4586  0.0858  1
  4:   0.0053  0.4814  0.1936  0.3198  1
  5:   0.2157  0.5680  0.2163  0.0000  1
  6:   1.0000  0.0000  0.0000  0.0000  1
  7:   0.0000  0.3362  0.6258  0.0380  1
  8:   0.0000  1.0000  0.0000  0.0000  1
  9:   0.2096  0.4276  0.0869  0.2758  1
 10:   0.0000  0.5278  0.0000  0.4722  1
 11:   0.1624  0.2764  0.3923  0.1688  1
 12:   0.0000  1.0000  0.0000  0.0000  1
 13:   0.0000  0.5785  0.1534  0.2681  1
 14:   0.0926  0.1547  0.7527  0.0000  1
 15:   0.2635  0.4419  0.1178  0.1768  1
 16:   0.0000  1.0000  0.0000  0.0000  1
 17:   0.0000  0.1570  0.8430  0.0000  1
 18:   0.0000  0.3556  0.5446  0.0997  1
 19:   0.0000  0.0000  1.0000  0.0000  1
 20:   0.0000  0.0000  0.5419  0.4581  1
 21:   0.0000  0.3056  0.5761  0.1183  1
 22:   0.0000  0.0000  0.3197  0.6803  1
 23:   0.0000  0.2165  0.7835  0.0000  1
 24:   0.0000  0.4075  0.5925  0.0000  1
 25:   0.0000  0.6388  0.3612  0.0000  1
 26:   0.0000  0.4520  0.5480  0.0000  1
 27:   0.0000  0.0000  1.0000  0.0000  1
 28:   0.0848  0.4769  0.3457  0.0926  1
 29:   0.1051  0.3612  0.3517  0.1820  1
 30:   0.0000  0.0000  1.0000  0.0000  1
 31:   0.3425  0.4371  0.1042  0.1162  1
 32:   0.1098  0.2669  0.3492  0.2741  1
 33:   0.0000  0.0000  1.0000  0.0000  1
 34:   0.5000  0.5000  0.0000  0.0000  1
 35:   0.0000  0.0000  1.0000  0.0000  1
 36:   0.0000  0.0942  0.7966  0.1092  1
 37:   0.0000  0.0000  0.0000  1.0000  1
 38:   0.0000  1.0000  0.0000  0.0000  1
 39:   0.0000  0.4437  0.3428  0.2134  1
 40:   0.0000  0.0000  1.0000  0.0000  1
 41:   0.1130  0.3860  0.2435  0.2575  1
 42:   0.0000  1.0000  0.0000  0.0000  1
 43:   0.0000  0.0000  1.0000  0.0000  1
 44:   0.0000  0.0000  0.0000  1.0000  1
 45:   0.0000  0.1199  0.6785  0.2016  1
 46:   0.2154  0.3553  0.1685  0.2607  1
 47:   0.0000  0.3690  0.6310  0.0000  1
 48:   0.0000  0.5942  0.4058  0.0000  1
 49:   1.0000  0.0000  0.0000  0.0000  1
 50:   0.0000  1.0000  0.0000  0.0000  1
 51:   0.0000  0.3687  0.6313  0.0000  1
 52:   0.0000  1.0000  0.0000  0.0000  1
 53:   0.2804  0.3592  0.2732  0.0872  1
 54:   0.0000  0.1807  0.8193  0.0000  1
 55:   0.0000  1.0000  0.0000  0.0000  1
 56:   0.0000  0.0000  1.0000  0.0000  1
 57:   0.0000  0.0000  1.0000  0.0000  1
 58:   0.2583  0.2526  0.0644  0.4247  1
 59:   0.0000  0.0000  1.0000  0.0000  1
 60:   0.4431  0.1149  0.1670  0.2751  1
 61:   0.0000  0.0000  0.0000  1.0000  1
 62:   1.0000  0.0000  0.0000  0.0000  1
 63:   0.2179  0.2618  0.2895  0.2307  1
 64:   0.0000  1.0000  0.0000  0.0000  1
 65:   0.3556  0.2891  0.2347  0.1206  1
 66:   0.0000  0.7911  0.2089  0.0000  1
 67:   0.3243  0.2164  0.1761  0.2832  1
 68:   0.0000  0.5064  0.0000  0.4936  1
 69:   0.9805  0.0000  0.0000  0.0195  1
 70:   0.0000  0.0000  0.0000  1.0000  1
 71:   0.2866  0.1544  0.2728  0.2862  1
 72:   0.0000  0.0000  0.0391  0.9609  1
 73:   0.3569  0.0000  0.0000  0.6431  1
 74:   0.3628  0.0688  0.2059  0.3625  1
 75:   0.3349  0.0382  0.3338  0.2930  1
 76:   0.0000  0.1096  0.8904  0.0000  1
 77:   0.5000  0.5000  0.0000  0.0000  1
 78:   0.0000  0.0000  0.3303  0.6697  1
 79:   0.0000  0.0000  0.0535  0.9465  1
 80:   0.0000  0.0000  1.0000  0.0000  1
 81:   0.0047  0.3602  0.2593  0.3758  1
 82:   0.0000  0.0000  0.0000  1.0000  1
 83:   0.0000  1.0000  0.0000  0.0000  1
 84:   0.0691  0.3877  0.1075  0.4357  1
 85:   0.0000  0.0000  1.0000  0.0000  1
 86:   0.0000  0.4600  0.5117  0.0283  1
 87:   0.0000  1.0000  0.0000  0.0000  1
 88:   0.2097  0.1943  0.3816  0.2144  1
 89:   0.2846  0.3005  0.3886  0.0262  1
 90:   0.5519  0.0000  0.4481  0.0000  1
 91:   0.0000  0.0000  0.4715  0.5285  1
 92:   0.0000  0.4535  0.3336  0.2129  1
 93:   0.0000  0.4957  0.5043  0.0000  1
 94:   0.0000  1.0000  0.0000  0.0000  1
 95:   0.0000  0.4683  0.5317  0.0000  1
 96:   0.0000  0.0000  0.0092  0.9908  1
 97:   0.3937  0.1578  0.0000  0.4486  1
 98:   0.0000  0.0000  0.5104  0.4896  1
 99:   0.0000  0.0000  0.3457  0.6543  1
100:   0.1803  0.2926  0.5272  0.0000  1
101:   0.4063  0.1596  0.1796  0.2544  1
102:   0.5301  0.0707  0.0000  0.3993  1
103:   0.1645  0.4724  0.0000  0.3631  1
104:   1.0000  0.0000  0.0000  0.0000  1
105:   0.0733  0.4246  0.3850  0.1171  1
106:   0.2835  0.0000  0.7165  0.0000  1
107:   0.0000  0.2681  0.7319  0.0000  1
108:   0.0906  0.4021  0.1512  0.3561  1
109:   0.0000  0.4406  0.5401  0.0193  1
110:   0.0000  0.5827  0.4173  0.0000  1
111:   0.0000  0.4269  0.5731  0.0000  1
112:   0.0843  0.3947  0.3889  0.1321  1
113:   0.0000  0.3377  0.6623  0.0000  1
114:   0.0000  0.0000  0.5183  0.4817  1
115:   0.0000  0.0000  0.2698  0.7302  1
116:   0.3899  0.1640  0.0000  0.4461  1
117:   0.2418  0.3136  0.4446  0.0000  1
118:   1.0000  0.0000  0.0000  0.0000  1
119:   0.4513  0.0000  0.5487  0.0000  1
120:   0.3808  0.1746  0.0000  0.4445  1
121:   0.0000  0.2686  0.0000  0.7314  1
122:   0.5325  0.0000  0.0000  0.4675  1
123:   0.5319  0.0000  0.0000  0.4681  1
124:   0.1557  0.1895  0.2567  0.3981  1
125:   0.0000  0.0000  1.0000  0.0000  1
126:   0.3899  0.1640  0.0000  0.4461  1
127:   0.2080  0.4461  0.2283  0.1175  1
128:   0.2680  0.2689  0.2440  0.2191  1
129:   0.0000  0.3406  0.6594  0.0000  1
130:   1.0000  0.0000  0.0000  0.0000  1
131:   0.0000  0.3742  0.6258  0.0000  1
132:   0.3102  0.1769  0.0009  0.5121  1
133:   0.0000  0.0000  0.0000  1.0000  1
134:   0.4070  0.1875  0.0000  0.4054  1
135:   0.0000  0.4026  0.0000  0.5974  1
136:   0.4090  0.0539  0.5371  0.0000  1
137:   0.0000  1.0000  0.0000  0.0000  1
138:   0.5035  0.0000  0.0000  0.4965  1
139:   0.0000  1.0000  0.0000  0.0000  1
140:   0.5000  0.5000  0.0000  0.0000  1
141:   0.2818  0.2055  0.0732  0.4394  1
142:   0.0477  0.2871  0.1200  0.5452  1
143:   0.0000  1.0000  0.0000  0.0000  1
144:   0.0000  0.3081  0.2794  0.4125  1
145:   0.3663  0.0000  0.0000  0.6337  1
146:   0.0000  0.0000  0.9368  0.0632  1
147:   0.3961  0.0000  0.6039  0.0000  1
148:   0.2227  0.0558  0.4307  0.2908  1
149:   0.0000  0.0000  0.2776  0.7224  1
150:   0.0000  0.0000  0.0000  1.0000  1
151:   0.0375  0.1701  0.5897  0.2026  1
152:   0.5488  0.0349  0.1049  0.3114  1
153:   0.2196  0.0000  0.2202  0.5602  1
154:   0.3274  0.3525  0.1391  0.1810  1
155:   0.4471  0.0000  0.1850  0.3679  1
156:   0.1086  0.1602  0.3612  0.3700  1
157:   0.0000  0.0000  1.0000  0.0000  1
158:   0.0000  0.0000  1.0000  0.0000  1
159:   0.3483  0.6517  0.0000  0.0000  1
160:   0.2695  0.0000  0.0000  0.7305  1
161:   0.0000  0.0000  0.8209  0.1791  1
162:   0.1379  0.5057  0.3564  0.0000  1
163:   0.0000  0.3943  0.4515  0.1542  1
164:   0.1180  0.1765  0.4771  0.2284  1
165:   0.0000  0.0000  0.3993  0.6007  1
166:   0.0000  0.0000  0.8368  0.1632  1
167:   0.2962  0.2540  0.1777  0.2721  1
168:   0.0000  0.5970  0.4030  0.0000  1
169:   0.1452  0.3007  0.5540  0.0000  1
170:   0.3170  0.3180  0.0935  0.2715  1
171:   0.0000  0.1447  0.6581  0.1973  1
172:   0.0000  0.3491  0.6509  0.0000  1
173:   0.3707  0.0000  0.0000  0.6293  1
174:   0.0000  0.5897  0.4103  0.0000  1
175:   0.0000  0.2972  0.7028  0.0000  1
176:   0.0000  0.2807  0.7193  0.0000  1
177:   0.0000  0.3838  0.3318  0.2844  1
178:   0.0221  0.4827  0.4952  0.0000  1
179:   0.0000  0.0000  1.0000  0.0000  1
180:   0.0248  0.4503  0.5250  0.0000  1
181:   0.2039  0.1627  0.3851  0.2483  1
182:   0.0000  0.0000  1.0000  0.0000  1
183:   0.0000  0.5106  0.4031  0.0863  1
184:   0.0000  0.2773  0.7227  0.0000  1
185:   0.0861  0.1201  0.5659  0.2279  1
186:   0.2160  0.5359  0.2482  0.0000  1
187:   0.0000  0.3545  0.6455  0.0000  1
188:   0.0000  0.3485  0.4481  0.2034  1
189:   0.0000  0.5499  0.1960  0.2541  1
190:   0.0000  0.4791  0.5209  0.0000  1
191:   0.0000  0.0000  0.3854  0.6146  1
192:   0.0000  0.0000  0.5107  0.4893  1
193:   0.0000  0.4524  0.1080  0.4396  1
194:   0.6740  0.0000  0.2454  0.0806  1
195:   0.0983  0.2323  0.5378  0.1317  1
196:   0.2556  0.3595  0.0000  0.3849  1
197:   0.0000  0.0000  0.0000  1.0000  1
198:   0.0000  0.0000  0.3721  0.6279  1
199:   0.0000  0.0000  0.0000  1.0000  1
200:   0.3689  0.3677  0.1284  0.1350  1
201:   0.5639  0.0000  0.4361  0.0000  1
202:   0.3767  0.0000  0.0000  0.6233  1
203:   0.0000  0.0000  1.0000  0.0000  1
204:   0.0000  0.0000  0.0000  1.0000  1
205:   0.2790  0.2222  0.2164  0.2823  1
206:   0.0000  0.0000  0.1040  0.8960  1
207:   0.4492  0.0000  0.0198  0.5310  1
208:   0.0000  0.0000  0.0000  1.0000  1
209:   0.0000  0.0000  0.0000  1.0000  1
210:   0.0000  0.0000  0.0000  1.0000  1
211:   0.0000  0.0000  0.1520  0.8480  1
212:   0.0000  0.5972  0.1660  0.2368  1
213:   0.0000  1.0000  0.0000  0.0000  1
214:   0.6215  0.0000  0.1664  0.2121  1
215:   0.5084  0.0465  0.4451  0.0000  1
216:   0.0000  0.0000  0.0000  1.0000  1
217:   0.0000  0.0000  0.5759  0.4241  1
218:   0.1228  0.4757  0.3577  0.0439  1
219:   0.4806  0.0000  0.0000  0.5194  1
220:   0.5682  0.0000  0.4318  0.0000  1
221:   0.0000  0.0000  1.0000  0.0000  1
222:   0.0000  0.0000  0.0000  1.0000  1
223:   1.0000  0.0000  0.0000  0.0000  1
224:   0.3614  0.2479  0.2951  0.0956  1
225:   1.0000  0.0000  0.0000  0.0000  1
226:   0.0000  0.0000  0.3864  0.6136  1
227:   0.0000  0.0000  0.6016  0.3984  1
228:   0.0000  0.0000  0.6585  0.3415  1
229:   0.0000  0.3639  0.0000  0.6361  1
230:   0.0316  0.4622  0.5062  0.0000  1
231:   0.0000  0.1996  0.7680  0.0324  1
232:   0.0000  0.0000  0.0000  1.0000  1
233:   0.0000  0.5398  0.0000  0.4602  1
234:   0.5619  0.2774  0.0217  0.1390  1
235:   1.0000  0.0000  0.0000  0.0000  1
236:   0.0000  0.0000  0.0000  1.0000  1
237:   0.0000  0.6680  0.0000  0.3320  1
238:   0.4680  0.0000  0.0000  0.5320  1
239:   0.4852  0.1678  0.0000  0.3471  1
240:   0.0965  0.1908  0.2538  0.4588  1
241:   0.0000  0.0000  0.0000  1.0000  1
242:   1.0000  0.0000  0.0000  0.0000  1
243:   0.0000  0.3192  0.0000  0.6808  1
244:   0.2885  0.0000  0.0000  0.7115  1
245:   0.0000  0.0000  0.5430  0.4570  1
246:   0.2877  0.7123  0.0000  0.0000  1
247:   0.0000  0.0000  0.7635  0.2365  1
248:   0.4181  0.5819  0.0000  0.0000  1
249:   0.3214  0.0000  0.6786  0.0000  1
250:   0.3596  0.0299  0.2742  0.3363  1
251:   0.0000  0.5815  0.0000  0.4185  1
252:   1.0000  0.0000  0.0000  0.0000  1
253:   0.0000  0.0264  0.4090  0.5646  1
254:   0.0000  0.4133  0.0425  0.5442  1
255:   0.0000  0.0000  1.0000  0.0000  1
256:   0.0000  0.0000  0.0000  1.0000  1
257:   0.0000  0.3253  0.0000  0.6747  1
258:   0.0000  0.4878  0.0000  0.5122  1
259:   0.0000  1.0000  0.0000  0.0000  1
260:   0.0000  0.0000  0.0000  1.0000  1
261:   0.2420  0.2170  0.3242  0.2168  1
262:   0.0000  0.0819  0.0134  0.9047  1
