  1:   0.1636  0.1011  0.1509  0.0808  0.0869  0.1393  0.0561  0.1236  0.0977  1
  2:   0.0000  0.0000  0.0000  0.3336  0.0500  0.0000  0.6163  0.0000  0.0000  1
  3:   0.0215  0.3960  0.0078  0.2919  0.0000  0.2735  0.0000  0.0000  0.0093  1
  4:   0.0448  0.1520  0.1664  0.0765  0.1125  0.0619  0.0453  0.1993  0.1412  1
  5:   0.0481  0.3269  0.0000  0.0237  0.0000  0.6013  0.0000  0.0000  0.0000  1
  6:   0.0000  0.0000  0.5627  0.0000  0.0000  0.4373  0.0000  0.0000  0.0000  1
  7:   0.3419  0.0482  0.0000  0.2585  0.0000  0.0000  0.0335  0.0000  0.3179  1
  8:   0.1019  0.0134  0.0000  0.0000  0.2511  0.0000  0.5779  0.0000  0.0557  1
  9:   0.0528  0.0324  0.1443  0.0723  0.2003  0.1337  0.1270  0.1794  0.0578  1
 10:   0.2662  0.4501  0.0000  0.0000  0.1675  0.0000  0.0704  0.0000  0.0458  1
 11:   0.0639  0.1988  0.0535  0.0267  0.0829  0.1270  0.2036  0.0976  0.1461  1
 12:   0.1572  0.0620  0.0000  0.0000  0.6156  0.0000  0.1354  0.0000  0.0298  1
 13:   0.6476  0.3429  0.0000  0.0000  0.0000  0.0000  0.0000  0.0000  0.0095  1
 14:   0.0179  0.0000  0.0000  0.4962  0.0000  0.3947  0.0000  0.0912  0.0000  1
 15:   0.0000  0.5171  0.0326  0.0000  0.1957  0.0000  0.0000  0.0000  0.2546  1
 16:   0.0036  0.0095  0.0000  0.0000  0.1513  0.0000  0.7357  0.0000  0.0999  1
 17:   0.0000  0.1000  0.0000  0.0000  0.0000  0.0000  0.9000  0.0000  0.0000  1
 18:   0.0080  0.3582  0.0000  0.3768  0.0000  0.1643  0.0000  0.0000  0.0928  1
 19:   0.0000  0.0000  0.0000  0.9000  0.0000  0.0000  0.1000  0.0000  0.0000  1
 20:   0.0000  0.0000  0.0000  0.0000  0.0000  0.6702  0.0000  0.2977  0.0321  1
 21:   0.3416  0.0603  0.0000  0.0000  0.0000  0.0397  0.0291  0.0000  0.5292  1
 22:   0.0674  0.0116  0.0000  0.0869  0.1359  0.0359  0.2587  0.0904  0.3132  1
 23:   0.0000  0.0474  0.0000  0.1667  0.0000  0.0526  0.2297  0.0000  0.5036  1
 24:   0.1298  0.2434  0.0000  0.3057  0.0000  0.1671  0.0079  0.0000  0.1460  1
 25:   0.2859  0.2050  0.0000  0.0000  0.0000  0.0000  0.1115  0.0000  0.3976  1
 26:   0.0572  0.1519  0.0000  0.2003  0.0000  0.3258  0.0000  0.0000  0.2649  1
 27:   0.0000  0.0000  0.0000  0.6365  0.0000  0.1000  0.2635  0.0000  0.0000  1
 28:   0.0831  0.1792  0.1522  0.0691  0.0219  0.1117  0.0381  0.1236  0.2212  1
 29:   0.1641  0.1434  0.1510  0.0786  0.0421  0.0816  0.0692  0.0955  0.1745  1
 30:   0.0000  0.0000  0.0000  0.0000  0.0000  0.0000  1.0000  0.0000  0.0000  1
 31:   0.1390  0.2054  0.1126  0.1181  0.0605  0.0796  0.0802  0.1200  0.0845  1
 32:   0.1195  0.0956  0.1392  0.1179  0.0830  0.0897  0.0803  0.1452  0.1297  1
 33:   0.0000  0.0000  0.0000  0.0000  0.0000  0.0000  1.0000  0.0000  0.0000  1
 34:   0.0222  0.0211  0.3069  0.0000  0.3862  0.1818  0.0650  0.0000  0.0168  1
 35:   0.0000  0.0000  0.0000  0.0000  0.0000  1.0000  0.0000  0.0000  0.0000  1
 36:   0.5002  0.0000  0.0000  0.0000  0.0000  0.2554  0.1921  0.0000  0.0523  1
 37:   0.0276  0.0000  0.0000  0.0000  0.4458  0.0000  0.4519  0.0000  0.0747  1
 38:   0.0000  1.0000  0.0000  0.0000  0.0000  0.0000  0.0000  0.0000  0.0000  1
 39:   0.5879  0.0000  0.0000  0.0000  0.0000  0.3763  0.0358  0.0000  0.0000  1
 40:   0.0000  0.0000  0.0000  1.0000  0.0000  0.0000  0.0000  0.0000  0.0000  1
 41:   0.1982  0.1760  0.0612  0.1198  0.1075  0.1069  0.0672  0.1381  0.0252  1
 42:   0.1000  0.3979  0.0000  0.0000  0.0000  0.5021  0.0000  0.0000  0.0000  1
 43:   0.0000  0.0000  0.0000  0.9311  0.0000  0.0000  0.0000  0.0000  0.0689  1
 44:   0.0001  0.0000  0.0000  0.0000  0.0681  0.0000  0.7241  0.2078  0.0000  1
 45:   0.7275  0.0000  0.0000  0.1998  0.0000  0.0000  0.0368  0.0000  0.0359  1
 46:   0.0665  0.0572  0.0761  0.0914  0.1136  0.1679  0.0355  0.1761  0.2156  1
 47:   0.0863  0.0035  0.0000  0.4500  0.0315  0.0000  0.3857  0.0000  0.0430  1
 48:   0.0223  0.5461  0.0000  0.4316  0.0000  0.0000  0.0000  0.0000  0.0000  1
 49:   0.0159  0.7881  0.1107  0.0019  0.0000  0.0834  0.0000  0.0000  0.0000  1
 50:   0.0888  0.0049  0.0000  0.0000  0.2910  0.0000  0.5482  0.0000  0.0670  1
 51:   0.0091  0.1945  0.0000  0.3342  0.0000  0.1987  0.0000  0.0000  0.2635  1
 52:   0.0514  0.9486  0.0000  0.0000  0.0000  0.0000  0.0000  0.0000  0.0000  1
 53:   0.1835  0.1634  0.0294  0.0944  0.1269  0.0447  0.1748  0.0490  0.1337  1
 54:   0.0000  0.0257  0.0000  0.4058  0.0000  0.0414  0.1365  0.0000  0.3905  1
 55:   0.0731  0.0144  0.0000  0.0000  0.5042  0.0000  0.3281  0.0000  0.0801  1
 56:   0.0000  0.0000  0.0000  0.9000  0.0000  0.0000  0.1000  0.0000  0.0000  1
 57:   0.0000  0.0000  0.0000  1.0000  0.0000  0.0000  0.0000  0.0000  0.0000  1
 58:   0.1569  0.1302  0.0155  0.0630  0.2219  0.0767  0.0288  0.1093  0.1977  1
 59:   0.0000  0.0000  0.0000  0.6698  0.0672  0.0374  0.2170  0.0000  0.0086  1
 60:   0.0975  0.0593  0.1160  0.1130  0.0640  0.0902  0.1871  0.1918  0.0811  1
 61:   0.0000  0.0000  0.0000  0.0000  0.0782  0.0000  0.2884  0.6334  0.0000  1
 62:   0.0000  0.0000  1.0000  0.0000  0.0000  0.0000  0.0000  0.0000  0.0000  1
 63:   0.0849  0.0149  0.1725  0.1945  0.1409  0.2170  0.0767  0.0507  0.0478  1
 64:   0.2931  0.0104  0.0000  0.0000  0.5784  0.0000  0.0246  0.0000  0.0936  1
 65:   0.0892  0.0745  0.1458  0.1667  0.1467  0.0958  0.1505  0.0432  0.0877  1
 66:   0.0063  0.7757  0.0000  0.2180  0.0000  0.0000  0.0000  0.0000  0.0000  1
 67:   0.0985  0.1540  0.0562  0.1228  0.1106  0.0655  0.1372  0.1289  0.1263  1
 68:   0.3728  0.5603  0.0000  0.0000  0.0000  0.0000  0.0000  0.0000  0.0669  1
 69:   0.1000  0.0000  0.0000  0.0000  0.0000  0.9000  0.0000  0.0000  0.0000  1
 70:   0.0000  0.0000  0.0000  0.0000  0.1000  0.0000  0.9000  0.0000  0.0000  1
 71:   0.1598  0.0973  0.0147  0.1324  0.0362  0.1840  0.1596  0.1691  0.0470  1
 72:   0.0334  0.0166  0.0000  0.2883  0.1697  0.0237  0.1228  0.1182  0.2274  1
 73:   0.0143  0.0000  0.0000  0.0000  0.0007  0.4260  0.4707  0.0882  0.0000  1
 74:   0.1322  0.0829  0.0706  0.1844  0.0705  0.1402  0.0122  0.1558  0.1512  1
 75:   0.1786  0.1465  0.1602  0.0416  0.0241  0.0933  0.1397  0.1645  0.0518  1
 76:   0.0412  0.0000  0.0000  0.0000  0.0000  0.2793  0.0662  0.0000  0.6133  1
 77:   0.0436  0.0392  0.4646  0.0000  0.3843  0.0206  0.0287  0.0000  0.0190  1
 78:   0.0660  0.0092  0.0000  0.4292  0.0826  0.0203  0.2593  0.0868  0.0467  1
 79:   0.5298  0.0000  0.0000  0.0000  0.0000  0.0000  0.0224  0.3816  0.0662  1
 80:   0.0000  0.0000  0.0000  0.9000  0.0000  0.1000  0.0000  0.0000  0.0000  1
 81:   0.2060  0.1132  0.0158  0.0482  0.0784  0.0602  0.1246  0.2603  0.0933  1
 82:   0.0004  0.0000  0.0000  0.0000  0.0301  0.0000  0.6306  0.3389  0.0000  1
 83:   0.0000  1.0000  0.0000  0.0000  0.0000  0.0000  0.0000  0.0000  0.0000  1
 84:   0.1320  0.1319  0.0972  0.0993  0.0905  0.1894  0.0886  0.1374  0.0337  1
 85:   0.0000  0.0000  0.0000  0.9000  0.0000  0.1000  0.0000  0.0000  0.0000  1
 86:   0.9000  0.1000  0.0000  0.0000  0.0000  0.0000  0.0000  0.0000  0.0000  1
 87:   0.0415  0.1072  0.0000  0.0000  0.0697  0.0000  0.6878  0.0000  0.0937  1
 88:   0.0706  0.1827  0.0652  0.1012  0.1052  0.0804  0.1230  0.0928  0.1789  1
 89:   0.5571  0.0539  0.0000  0.0000  0.3849  0.0000  0.0000  0.0000  0.0041  1
 90:   0.0000  0.0000  0.0000  0.0000  1.0000  0.0000  0.0000  0.0000  0.0000  1
 91:   0.0151  0.0168  0.0000  0.4237  0.0680  0.0446  0.0850  0.1693  0.1776  1
 92:   0.0000  0.6619  0.0000  0.2381  0.0000  0.0000  0.0384  0.0000  0.0616  1
 93:   0.0000  0.0794  0.0000  0.0000  0.0000  0.0206  0.0000  0.0000  0.9000  1
 94:   0.0000  1.0000  0.0000  0.0000  0.0000  0.0000  0.0000  0.0000  0.0000  1
 95:   0.0000  0.1000  0.0000  0.0000  0.0000  0.0000  0.0000  0.0000  0.9000  1
 96:   0.0423  0.0172  0.0000  0.0826  0.0819  0.0082  0.2695  0.0592  0.4391  1
 97:   0.0000  0.1243  0.2317  0.0000  0.2451  0.0339  0.0000  0.2288  0.1362  1
 98:   0.0000  0.0000  0.0000  0.4453  0.0000  0.0486  0.0046  0.4854  0.0160  1
 99:   0.0271  0.0000  0.0000  0.0000  0.0000  0.2999  0.2015  0.4714  0.0000  1
100:   0.0000  0.0446  0.0879  0.0000  0.0000  0.0471  0.4162  0.0000  0.4042  1
101:   0.2595  0.0000  0.0000  0.0000  0.3400  0.4006  0.0000  0.0000  0.0000  1
102:   0.1691  0.0098  0.6603  0.0000  0.0578  0.0854  0.0000  0.0124  0.0052  1
103:   0.1000  0.2742  0.0000  0.0000  0.0000  0.4823  0.1435  0.0000  0.0000  1
104:   0.0000  0.0000  0.6525  0.0000  0.0000  0.3475  0.0000  0.0000  0.0000  1
105:   0.1388  0.1366  0.0491  0.0844  0.1456  0.0206  0.0933  0.1532  0.1784  1
106:   0.0000  0.0000  0.0000  0.2038  0.5575  0.0454  0.1933  0.0000  0.0000  1
107:   0.0000  0.0322  0.0000  0.4603  0.0000  0.0326  0.0665  0.0000  0.4084  1
108:   0.1773  0.1616  0.1496  0.0516  0.0998  0.0896  0.0683  0.1786  0.0236  1
109:   0.5791  0.0000  0.0000  0.0000  0.0000  0.3848  0.0000  0.0000  0.0360  1
110:   0.0821  0.0000  0.0000  0.0179  0.0000  0.9000  0.0000  0.0000  0.0000  1
111:   0.0011  0.2481  0.0000  0.2443  0.0000  0.1544  0.2074  0.0000  0.1447  1
112:   0.1267  0.0297  0.1837  0.1408  0.1067  0.0282  0.0968  0.1652  0.1220  1
113:   0.5253  0.0496  0.0000  0.0000  0.0000  0.0000  0.0267  0.0000  0.3984  1
114:   0.0027  0.0000  0.0000  0.4975  0.0000  0.0024  0.0015  0.4959  0.0000  1
115:   0.4604  0.0135  0.0000  0.0000  0.0000  0.0000  0.0000  0.4768  0.0494  1
116:   0.0000  0.1288  0.2262  0.0000  0.2452  0.0340  0.0000  0.2285  0.1374  1
117:   0.1630  0.0289  0.2044  0.0000  0.0105  0.0172  0.5527  0.0000  0.0233  1
118:   0.0017  0.5573  0.3668  0.0010  0.0000  0.0732  0.0000  0.0000  0.0000  1
119:   0.0000  0.0000  0.1439  0.2558  0.4381  0.0468  0.0000  0.0000  0.1154  1
120:   0.0000  0.1431  0.2123  0.0000  0.2448  0.0286  0.0000  0.2257  0.1454  1
121:   0.0000  0.1132  0.0000  0.0000  0.0000  0.1839  0.0000  0.7029  0.0000  1
122:   0.0000  0.0000  0.5240  0.0000  0.2558  0.0055  0.1280  0.0691  0.0175  1
123:   0.0000  0.0000  0.5218  0.0000  0.2572  0.0055  0.1241  0.0741  0.0171  1
124:   0.1434  0.1482  0.1088  0.1482  0.0595  0.0430  0.1233  0.1553  0.0701  1
125:   0.0000  0.0000  0.0000  0.4786  0.0000  0.0000  0.4845  0.0000  0.0368  1
126:   0.0000  0.1287  0.2262  0.0000  0.2452  0.0340  0.0000  0.2285  0.1374  1
127:   0.0869  0.1572  0.0486  0.0879  0.1171  0.2047  0.1993  0.0595  0.0389  1
128:   0.0191  0.1453  0.1558  0.0712  0.1710  0.1140  0.0399  0.1480  0.1356  1
129:   0.3324  0.0560  0.0000  0.0167  0.0000  0.0344  0.0520  0.0000  0.5085  1
130:   0.0000  0.0000  0.2551  0.0000  0.0000  0.7449  0.0000  0.0000  0.0000  1
131:   0.4369  0.0000  0.0000  0.0000  0.0000  0.0000  0.5631  0.0000  0.0000  1
132:   0.0000  0.0309  0.0000  0.0000  0.2941  0.0000  0.0000  0.3864  0.2885  1
133:   0.0345  0.0000  0.0000  0.0000  0.2023  0.0000  0.6757  0.0000  0.0875  1
134:   0.0000  0.1918  0.2697  0.0000  0.3000  0.0318  0.0000  0.1228  0.0839  1
135:   0.4159  0.0310  0.0000  0.0000  0.0000  0.2504  0.0000  0.3026  0.0000  1
136:   0.0391  0.0000  0.0000  0.0000  0.3952  0.3606  0.2051  0.0000  0.0000  1
137:   0.1000  0.9000  0.0000  0.0000  0.0000  0.0000  0.0000  0.0000  0.0000  1
138:   0.0084  0.0000  0.5073  0.0000  0.1842  0.0005  0.2124  0.0873  0.0000  1
139:   1.0000  0.0000  0.0000  0.0000  0.0000  0.0000  0.0000  0.0000  0.0000  1
140:   0.1000  0.4500  0.4026  0.0000  0.0000  0.0474  0.0000  0.0000  0.0000  1
141:   0.0000  0.0654  0.2581  0.0304  0.0000  0.1468  0.0000  0.2711  0.2282  1
142:   0.0933  0.0588  0.1097  0.1517  0.1203  0.1324  0.1236  0.1349  0.0753  1
143:   1.0000  0.0000  0.0000  0.0000  0.0000  0.0000  0.0000  0.0000  0.0000  1
144:   0.0000  0.0371  0.0000  0.0068  0.0000  0.0233  0.0000  0.4632  0.4696  1
145:   0.0241  0.0000  0.1429  0.0000  0.2207  0.2083  0.0000  0.4040  0.0000  1
146:   0.0000  0.0323  0.0000  0.0000  0.0000  0.0639  0.5342  0.0039  0.3658  1
147:   0.0000  0.0206  0.1154  0.0000  0.3638  0.0245  0.2900  0.0000  0.1857  1
148:   0.2994  0.0132  0.2467  0.0606  0.0000  0.0392  0.1999  0.0000  0.1410  1
149:   0.0390  0.0145  0.0000  0.2590  0.0507  0.0113  0.1433  0.1535  0.3287  1
150:   0.0000  0.0000  0.0000  0.0000  0.0957  0.0000  0.8229  0.0814  0.0000  1
151:   0.1539  0.1932  0.1299  0.0128  0.0569  0.0939  0.1058  0.2002  0.0534  1
152:   0.0916  0.0002  0.3917  0.0000  0.2971  0.1033  0.0942  0.0000  0.0219  1
153:   0.1133  0.0000  0.0000  0.0000  0.4998  0.0000  0.0000  0.3559  0.0311  1
154:   0.0315  0.0622  0.0378  0.1161  0.2234  0.2392  0.0107  0.2198  0.0593  1
155:   0.0000  0.0000  0.5243  0.1848  0.1583  0.0000  0.0546  0.0667  0.0113  1
156:   0.0662  0.1746  0.2064  0.0744  0.0262  0.1217  0.1052  0.0447  0.1806  1
157:   0.0184  0.0000  0.0000  0.2397  0.0000  0.2306  0.5114  0.0000  0.0000  1
158:   0.0000  0.0000  0.0000  0.4811  0.4189  0.0000  0.0400  0.0000  0.0600  1
159:   0.5893  0.0000  0.0000  0.0000  0.4107  0.0000  0.0000  0.0000  0.0000  1
160:   0.0916  0.0000  0.0000  0.0000  0.0084  0.3596  0.5404  0.0000  0.0000  1
161:   0.0031  0.0000  0.0000  0.4494  0.0001  0.0000  0.4974  0.0000  0.0500  1
162:   0.4955  0.3262  0.1613  0.0000  0.0000  0.0000  0.0000  0.0000  0.0171  1
163:   0.0066  0.3572  0.0000  0.0000  0.0000  0.5394  0.0000  0.0000  0.0968  1
164:   0.1754  0.0000  0.0000  0.0403  0.0000  0.5327  0.1150  0.1079  0.0287  1
165:   0.5779  0.0000  0.0000  0.0000  0.0000  0.1844  0.0000  0.1675  0.0703  1
166:   0.4067  0.0000  0.0000  0.3580  0.0000  0.0488  0.1614  0.0000  0.0252  1
167:   0.1623  0.0730  0.1879  0.0437  0.1166  0.0994  0.0331  0.1528  0.1313  1
168:   0.5923  0.3785  0.0000  0.0000  0.0000  0.0000  0.0000  0.0000  0.0293  1
169:   0.0204  0.1558  0.1494  0.2388  0.0000  0.0000  0.4355  0.0000  0.0000  1
170:   0.0422  0.1007  0.1372  0.2012  0.0390  0.1864  0.1432  0.0606  0.0894  1
171:   0.0636  0.0280  0.0000  0.3334  0.0000  0.0255  0.0224  0.1744  0.3527  1
172:   0.0941  0.0211  0.0000  0.4500  0.1459  0.0000  0.2393  0.0000  0.0497  1
173:   0.0529  0.0573  0.0000  0.0000  0.0339  0.0500  0.0475  0.3083  0.4500  1
174:   0.0498  0.3139  0.0000  0.0000  0.0000  0.1982  0.3007  0.0000  0.1374  1
175:   0.1001  0.0000  0.0000  0.2843  0.0000  0.4386  0.1770  0.0000  0.0000  1
176:   0.0000  0.0485  0.0000  0.2157  0.0000  0.0515  0.3660  0.0000  0.3183  1
177:   0.0244  0.5826  0.0000  0.1696  0.0000  0.1729  0.0227  0.0000  0.0277  1
178:   0.0282  0.2428  0.0000  0.2573  0.0000  0.3250  0.0000  0.0000  0.1469  1
179:   0.0000  0.0000  0.0000  0.5127  0.0000  0.0571  0.0429  0.0000  0.3873  1
180:   0.1904  0.0000  0.0000  0.1552  0.0000  0.6544  0.0000  0.0000  0.0000  1
181:   0.6754  0.0225  0.2140  0.0000  0.0000  0.0223  0.0000  0.0000  0.0658  1
182:   0.0000  0.0000  0.0000  0.0000  0.0000  0.0000  1.0000  0.0000  0.0000  1
183:   0.0137  0.5546  0.0000  0.3845  0.0000  0.0328  0.0000  0.0000  0.0146  1
184:   0.0500  0.0000  0.0000  0.2970  0.0000  0.5792  0.0739  0.0000  0.0000  1
185:   0.0000  0.0000  0.0000  0.3926  0.0000  0.3972  0.0000  0.1842  0.0259  1
186:   0.0000  0.3584  0.0000  0.0000  0.3538  0.0000  0.0000  0.0000  0.2877  1
187:   0.1523  0.0539  0.0000  0.0773  0.0000  0.0244  0.3991  0.0000  0.2930  1
188:   0.0076  0.3174  0.0138  0.2821  0.0000  0.1539  0.0147  0.1330  0.0775  1
189:   0.0338  0.5159  0.0000  0.0000  0.0000  0.0000  0.4302  0.0000  0.0201  1
190:   0.2503  0.1228  0.0000  0.0034  0.0000  0.3705  0.0000  0.0000  0.2530  1
191:   0.0010  0.0120  0.0000  0.3981  0.0334  0.0422  0.2308  0.1932  0.0893  1
192:   0.0666  0.0000  0.0000  0.2249  0.0000  0.0000  0.4091  0.2767  0.0228  1
193:   1.0000  0.0000  0.0000  0.0000  0.0000  0.0000  0.0000  0.0000  0.0000  1
194:   0.0000  0.0000  0.4983  0.0000  0.3353  0.1664  0.0000  0.0000  0.0000  1
195:   0.0283  0.0878  0.1817  0.0575  0.1172  0.1845  0.1315  0.1056  0.1060  1
196:   0.0000  0.3368  0.0000  0.0000  0.2419  0.0000  0.0000  0.2764  0.1449  1
197:   0.1388  0.0000  0.0000  0.0000  0.0000  0.0000  0.0000  0.8387  0.0225  1
198:   0.0000  0.0000  0.0000  0.0000  0.8552  0.0000  0.0948  0.0000  0.0500  1
199:   0.0000  0.0000  0.0000  0.0000  0.1000  0.0000  0.9000  0.0000  0.0000  1
200:   0.1562  0.1649  0.0234  0.0969  0.1415  0.0270  0.0342  0.1841  0.1719  1
201:   0.0000  0.0000  0.0000  0.4500  0.5000  0.0500  0.0000  0.0000  0.0000  1
202:   0.0055  0.0000  0.0000  0.0000  0.4741  0.0000  0.0968  0.4163  0.0073  1
203:   0.0000  0.0000  0.0000  0.9520  0.0000  0.0000  0.0000  0.0000  0.0480  1
204:   0.0000  0.0000  0.0000  0.0000  0.1000  0.0000  0.9000  0.0000  0.0000  1
205:   0.1977  0.1110  0.1065  0.1157  0.0177  0.0224  0.1684  0.1185  0.1421  1
206:   0.0576  0.0161  0.0000  0.1791  0.1241  0.0026  0.3071  0.0265  0.2868  1
207:   0.0000  0.0000  0.1131  0.0000  0.2982  0.2653  0.0000  0.3158  0.0076  1
208:   0.0000  0.0000  0.0000  0.0000  0.0217  0.0000  0.7451  0.2332  0.0000  1
209:   0.0000  0.0000  0.0000  0.0000  0.0000  0.0000  0.0000  1.0000  0.0000  1
210:   0.0000  0.0000  0.0000  0.0000  0.1000  0.0000  0.9000  0.0000  0.0000  1
211:   0.0132  0.0122  0.0000  0.4428  0.1419  0.0373  0.2599  0.0027  0.0900  1
212:   0.0448  0.5548  0.0041  0.0000  0.0000  0.3661  0.0000  0.0000  0.0301  1
213:   0.0000  1.0000  0.0000  0.0000  0.0000  0.0000  0.0000  0.0000  0.0000  1
214:   0.0000  0.0000  0.0000  0.0000  0.7117  0.0194  0.0000  0.0081  0.2608  1
215:   0.0108  0.0000  0.2604  0.0008  0.2955  0.1017  0.2861  0.0000  0.0445  1
216:   0.0001  0.0000  0.0000  0.0000  0.0731  0.0000  0.7637  0.1631  0.0000  1
217:   0.0000  0.0000  0.0000  0.0000  0.9000  0.0000  0.0000  0.0000  0.1000  1
218:   0.0000  0.0677  0.0000  0.0000  0.0000  0.0323  0.0000  0.0000  0.9000  1
219:   0.0164  0.0000  0.9242  0.0000  0.0000  0.0593  0.0000  0.0000  0.0000  1
220:   0.0000  0.0000  0.0000  0.0000  0.0000  1.0000  0.0000  0.0000  0.0000  1
221:   0.0000  0.0000  0.0000  0.5606  0.0000  0.1000  0.3394  0.0000  0.0000  1
222:   0.0000  0.0000  0.0000  0.0000  0.0123  0.0000  0.7768  0.2109  0.0000  1
223:   0.0372  0.7292  0.2256  0.0041  0.0000  0.0040  0.0000  0.0000  0.0000  1
224:   0.1418  0.1753  0.0544  0.1438  0.1709  0.0717  0.0775  0.0555  0.1091  1
225:   0.0067  0.4053  0.3760  0.0001  0.0000  0.2119  0.0000  0.0000  0.0000  1
226:   0.0000  0.0000  0.0000  0.0687  0.0795  0.0427  0.3663  0.4273  0.0156  1
227:   0.0777  0.0004  0.0000  0.3276  0.0895  0.0367  0.0594  0.0198  0.3889  1
228:   0.9000  0.0000  0.0000  0.0000  0.0000  0.0000  0.0500  0.0000  0.0500  1
229:   0.2627  0.4430  0.0000  0.0000  0.0000  0.0000  0.0000  0.2433  0.0510  1
230:   0.0000  0.0553  0.0000  0.0000  0.0000  0.0447  0.0000  0.0000  0.9000  1
231:   0.0500  0.0000  0.0000  0.0000  0.0000  0.7428  0.2072  0.0000  0.0000  1
232:   0.0000  0.0000  0.0000  0.0000  0.0000  0.0000  0.0000  1.0000  0.0000  1
233:   0.0000  0.4967  0.0000  0.0000  0.0532  0.0000  0.4501  0.0000  0.0000  1
234:   0.0224  0.1580  0.1628  0.0865  0.0883  0.1032  0.1290  0.1611  0.0887  1
235:   0.0531  0.0000  0.5143  0.0000  0.0000  0.4326  0.0000  0.0000  0.0000  1
236:   0.0032  0.3758  0.0000  0.0000  0.0249  0.0000  0.0285  0.5186  0.0491  1
237:   0.1466  0.3976  0.0000  0.0000  0.0000  0.0000  0.0000  0.0000  0.4558  1
238:   0.0735  0.0000  0.0000  0.0000  0.0000  0.9265  0.0000  0.0000  0.0000  1
239:   0.0102  0.0000  0.9898  0.0000  0.0000  0.0000  0.0000  0.0000  0.0000  1
240:   0.0705  0.0358  0.1383  0.1078  0.0000  0.0000  0.0087  0.3371  0.3019  1
241:   0.0000  0.0000  0.0000  0.0000  0.0964  0.0000  0.5747  0.3289  0.0000  1
242:   0.0883  0.5156  0.3251  0.0004  0.0000  0.0705  0.0000  0.0000  0.0000  1
243:   0.0000  0.3286  0.0000  0.0000  0.0000  0.0000  0.0000  0.6714  0.0000  1
244:   0.0000  0.0018  0.0000  0.0000  0.4082  0.0000  0.0000  0.5899  0.0000  1
245:   0.0000  0.0000  0.0000  0.0000  0.0000  0.6991  0.0000  0.2928  0.0081  1
246:   0.0000  0.5646  0.0000  0.0000  0.2862  0.0000  0.0000  0.0000  0.1492  1
247:   0.0057  0.0000  0.0000  0.0500  0.6763  0.1505  0.0816  0.0305  0.0055  1
248:   0.5930  0.0000  0.0000  0.0000  0.4070  0.0000  0.0000  0.0000  0.0000  1
249:   0.0000  0.0000  0.0000  0.2747  0.4372  0.0000  0.2881  0.0000  0.0000  1
250:   0.0621  0.0711  0.0430  0.1821  0.1076  0.0960  0.0642  0.1570  0.2169  1
251:   0.0000  0.1000  0.0000  0.0000  0.0000  0.0000  0.0000  0.0000  0.9000  1
252:   0.0000  0.0000  0.0000  0.0000  1.0000  0.0000  0.0000  0.0000  0.0000  1
253:   0.0000  0.1327  0.0000  0.1526  0.0361  0.0371  0.2449  0.3791  0.0175  1
254:   0.7577  0.1000  0.0000  0.0000  0.0000  0.0000  0.0000  0.1423  0.0000  1
255:   0.0000  0.0250  0.0000  0.0000  0.0000  0.0750  0.0875  0.0000  0.8125  1
256:   0.0000  0.0000  0.0000  0.0000  0.0955  0.0000  0.8239  0.0806  0.0000  1
257:   0.4864  0.4136  0.0000  0.0000  0.0000  0.0000  0.0000  0.0000  0.1000  1
258:   0.0000  0.9000  0.0000  0.0000  0.0000  0.0000  0.0000  0.0000  0.1000  1
259:   0.0357  0.0050  0.0000  0.0000  0.1920  0.0000  0.6690  0.0000  0.0983  1
260:   0.0001  0.0000  0.0000  0.0000  0.0471  0.0000  0.8685  0.0843  0.0000  1
261:   0.1250  0.1438  0.0503  0.1204  0.1517  0.0313  0.1264  0.1576  0.0935  1
262:   0.5444  0.0748  0.0000  0.0000  0.0000  0.0000  0.0000  0.3231  0.0577  1
