  1:   0.0028  0.1003  0.0848  0.0727  0.0197  0.1204  0.1122  0.1290  0.1048  0.0214  0.0616  0.0382  0.1321  1
  2:   0.3311  0.0000  0.4003  0.2234  0.0000  0.0000  0.0000  0.0452  0.0000  0.0000  0.0000  0.0000  0.0000  1
  3:   0.0000  0.0000  0.0000  0.0000  0.0000  0.0000  0.0000  0.3333  0.0000  0.3333  0.3333  0.0000  0.0000  1
  4:   0.0537  0.0799  0.0177  0.0930  0.0623  0.1317  0.1157  0.1488  0.1488  0.0389  0.0039  0.0683  0.0372  1
  5:   0.0000  0.0000  0.0000  0.0000  0.0000  0.0000  0.0000  0.0000  0.0000  0.5008  0.4992  0.0000  0.0000  1
  6:   0.0000  0.0000  0.0000  0.0000  0.8167  0.0320  0.0000  0.0000  0.0000  0.0010  0.0000  0.0000  0.1503  1
  7:   0.3360  0.0000  0.1270  0.0000  0.0000  0.0000  0.3652  0.0000  0.1535  0.0000  0.0000  0.0000  0.0183  1
  8:   0.0000  0.0000  0.1609  0.2327  0.0000  0.0000  0.0000  0.0000  0.1217  0.0000  0.0366  0.4481  0.0000  1
  9:   0.1004  0.0268  0.0533  0.0089  0.0868  0.0266  0.1171  0.1507  0.0709  0.1046  0.0988  0.0894  0.0656  1
 10:   0.0000  0.0000  0.3338  0.0660  0.0000  0.0000  0.0000  0.0000  0.0068  0.0000  0.5001  0.0933  0.0000  1
 11:   0.1448  0.0401  0.0942  0.1013  0.1254  0.0270  0.1319  0.0044  0.0371  0.0491  0.0348  0.1706  0.0392  1
 12:   0.0000  0.0000  0.5477  0.0921  0.0000  0.0000  0.0000  0.0000  0.1338  0.0000  0.0861  0.1404  0.0000  1
 13:   0.0000  0.0000  0.6971  0.0000  0.0000  0.0000  0.1969  0.0000  0.0000  0.0000  0.0000  0.0000  0.1061  1
 14:   0.4113  0.0934  0.0000  0.0000  0.0000  0.0000  0.0630  0.0000  0.0000  0.4323  0.0000  0.0000  0.0000  1
 15:   0.0000  0.0000  0.0000  0.0000  0.3483  0.0000  0.0881  0.0636  0.0000  0.0000  0.0000  0.0000  0.5000  1
 16:   0.0000  0.0000  0.4444  0.3346  0.0000  0.0000  0.0000  0.0000  0.0487  0.0000  0.0113  0.1610  0.0000  1
 17:   0.0000  0.0000  0.0000  0.0000  0.0000  0.0000  0.0000  0.0000  1.0000  0.0000  0.0000  0.0000  0.0000  1
 18:   0.2226  0.0000  0.0000  0.0000  0.0000  0.0000  0.0000  0.2701  0.0000  0.0953  0.1596  0.0000  0.2524  1
 19:   1.0000  0.0000  0.0000  0.0000  0.0000  0.0000  0.0000  0.0000  0.0000  0.0000  0.0000  0.0000  0.0000  1
 20:   0.0000  0.0000  0.0000  0.0000  0.0000  0.6093  0.0000  0.0000  0.3907  0.0000  0.0000  0.0000  0.0000  1
 21:   0.0000  0.5254  0.0000  0.0000  0.0000  0.0000  0.0000  0.0000  0.0000  0.0000  0.0000  0.0000  0.4746  1
 22:   0.0145  0.0700  0.0040  0.0971  0.0000  0.3737  0.0000  0.0000  0.2544  0.0000  0.0000  0.0904  0.0959  1
 23:   0.0278  0.2764  0.0000  0.0000  0.0000  0.0000  0.0000  0.0000  0.2728  0.0000  0.0000  0.0000  0.4230  1
 24:   0.1895  0.0000  0.0563  0.0000  0.0000  0.0000  0.0000  0.1733  0.0401  0.0000  0.1903  0.0000  0.3504  1
 25:   0.0000  0.0000  0.4041  0.0000  0.0000  0.0000  0.0000  0.0000  0.0000  0.0000  0.0001  0.0000  0.5959  1
 26:   0.4040  0.0485  0.0000  0.0000  0.0000  0.0000  0.3508  0.0000  0.0000  0.0534  0.0972  0.0000  0.0461  1
 27:   0.5000  0.0000  0.0000  0.0000  0.0000  0.0000  0.0000  0.0000  0.0000  0.5000  0.0000  0.0000  0.0000  1
 28:   0.1191  0.1169  0.0812  0.0301  0.0242  0.1305  0.0175  0.1072  0.0365  0.1370  0.0631  0.1085  0.0282  1
 29:   0.1199  0.0012  0.1479  0.1019  0.0057  0.0507  0.0461  0.1305  0.1433  0.0617  0.0896  0.0841  0.0173  1
 30:   0.0000  0.0000  0.0000  0.0000  0.0000  0.0000  0.0000  0.0000  0.9944  0.0000  0.0000  0.0000  0.0056  1
 31:   0.1181  0.0083  0.1492  0.0678  0.0505  0.0826  0.0692  0.0182  0.2070  0.0761  0.0801  0.0504  0.0225  1
 32:   0.0297  0.0887  0.0931  0.1022  0.1036  0.0116  0.0189  0.0890  0.0880  0.1402  0.0500  0.1379  0.0471  1
 33:   0.0000  0.0000  0.2597  0.0000  0.0000  0.0000  0.0000  0.0000  0.4807  0.2597  0.0000  0.0000  0.0000  1
 34:   0.0000  0.0000  0.0498  0.1800  0.0787  0.1056  0.0000  0.0000  0.2258  0.0797  0.0118  0.0327  0.2361  1
 35:   0.0000  0.0000  0.0000  0.0000  0.0000  0.0000  0.0000  0.0000  0.2047  0.7953  0.0000  0.0000  0.0000  1
 36:   0.0000  0.0000  0.2281  0.0000  0.0000  0.0971  0.0000  0.0000  0.6141  0.0000  0.0000  0.0000  0.0607  1
 37:   0.0000  0.0000  0.1416  0.0264  0.0000  0.0000  0.0000  0.0000  0.2438  0.0000  0.0000  0.5883  0.0000  1
 38:   0.0000  0.0000  0.0000  0.0000  0.0000  0.0000  0.2798  0.0000  0.0000  0.0000  0.0000  0.0000  0.7202  1
 39:   0.0000  0.0000  0.6241  0.0000  0.0000  0.0000  0.0000  0.3759  0.0000  0.0000  0.0000  0.0000  0.0000  1
 40:   1.0000  0.0000  0.0000  0.0000  0.0000  0.0000  0.0000  0.0000  0.0000  0.0000  0.0000  0.0000  0.0000  1
 41:   0.0412  0.0744  0.1279  0.0667  0.0698  0.1008  0.0745  0.0636  0.0736  0.0503  0.0530  0.0805  0.1239  1
 42:   0.0000  0.0000  0.0000  0.0000  0.0000  0.0000  0.0000  0.0000  0.0000  0.0000  1.0000  0.0000  0.0000  1
 43:   0.5254  0.0000  0.0000  0.0000  0.0000  0.4746  0.0000  0.0000  0.0000  0.0000  0.0000  0.0000  0.0000  1
 44:   0.0000  0.0468  0.0275  0.2355  0.0000  0.0000  0.0000  0.4123  0.0000  0.2779  0.0000  0.0000  0.0000  1
 45:   0.3008  0.0000  0.6586  0.0000  0.0000  0.0000  0.0000  0.0407  0.0000  0.0000  0.0000  0.0000  0.0000  1
 46:   0.0949  0.0859  0.1222  0.0297  0.0160  0.0649  0.0347  0.0198  0.1197  0.0263  0.0956  0.1297  0.1607  1
 47:   0.1633  0.0000  0.2026  0.1971  0.0000  0.0000  0.0000  0.3367  0.0557  0.0000  0.0015  0.0431  0.0000  1
 48:   0.0000  0.0000  0.0000  0.0000  0.0000  0.0000  0.0000  0.5542  0.0000  0.0000  0.4458  0.0000  0.0000  1
 49:   0.0000  0.0000  0.0000  0.0000  0.1446  0.0000  0.0000  0.4626  0.0000  0.3640  0.0288  0.0000  0.0000  1
 50:   0.0000  0.0000  0.2647  0.2630  0.0000  0.0000  0.0000  0.0000  0.0406  0.0000  0.0430  0.3888  0.0000  1
 51:   0.3852  0.0000  0.0000  0.0000  0.0000  0.0000  0.3619  0.0000  0.0000  0.1241  0.0000  0.0000  0.1288  1
 52:   0.0000  0.0000  0.0000  0.0000  0.0000  0.0000  1.0000  0.0000  0.0000  0.0000  0.0000  0.0000  0.0000  1
 53:   0.0726  0.1017  0.0505  0.0397  0.0123  0.1248  0.1098  0.0752  0.0337  0.1382  0.0713  0.1236  0.0466  1
 54:   0.5005  0.0000  0.0000  0.0000  0.0000  0.0000  0.0000  0.0000  0.0000  0.0000  0.0000  0.0000  0.4995  1
 55:   0.0000  0.0000  0.2493  0.3590  0.0000  0.0000  0.0000  0.0000  0.0202  0.0000  0.0495  0.3220  0.0000  1
 56:   1.0000  0.0000  0.0000  0.0000  0.0000  0.0000  0.0000  0.0000  0.0000  0.0000  0.0000  0.0000  0.0000  1
 57:   1.0000  0.0000  0.0000  0.0000  0.0000  0.0000  0.0000  0.0000  0.0000  0.0000  0.0000  0.0000  0.0000  1
 58:   0.1355  0.0569  0.1340  0.1111  0.0663  0.0198  0.0657  0.1390  0.0156  0.0619  0.0248  0.0552  0.1141  1
 59:   0.6000  0.0000  0.0000  0.0000  0.0000  0.0000  0.0000  0.0000  0.4000  0.0000  0.0000  0.0000  0.0000  1
 60:   0.0418  0.0682  0.1019  0.0160  0.0597  0.0945  0.0659  0.0509  0.0657  0.1240  0.0683  0.1234  0.1197  1
 61:   0.0000  0.3252  0.0714  0.0103  0.0000  0.0000  0.0000  0.1975  0.0000  0.3957  0.0000  0.0000  0.0000  1
 62:   0.0000  0.0000  0.0000  0.0000  1.0000  0.0000  0.0000  0.0000  0.0000  0.0000  0.0000  0.0000  0.0000  1
 63:   0.0251  0.0896  0.0321  0.0219  0.0821  0.1260  0.0808  0.0995  0.1308  0.1097  0.0560  0.0558  0.0906  1
 64:   0.0000  0.0000  0.0126  0.3911  0.0000  0.0000  0.0000  0.0000  0.1608  0.0000  0.1027  0.3327  0.0000  1
 65:   0.0991  0.1190  0.0456  0.0447  0.0711  0.0717  0.1376  0.1044  0.0944  0.0729  0.0851  0.0283  0.0261  1
 66:   0.0000  0.0000  0.0000  0.0000  0.0000  0.0000  0.1842  0.3787  0.0000  0.0000  0.4371  0.0000  0.0000  1
 67:   0.1624  0.0334  0.0340  0.0574  0.1747  0.1772  0.0126  0.0238  0.0250  0.1154  0.1275  0.0072  0.0495  1
 68:   0.0000  0.0000  0.1927  0.3071  0.0000  0.0000  0.0000  0.1477  0.0000  0.0000  0.3526  0.0000  0.0000  1
 69:   0.0000  0.0000  0.0000  0.0000  0.0000  0.0000  0.0000  0.0000  0.0000  1.0000  0.0000  0.0000  0.0000  1
 70:   0.0000  0.0000  0.7971  0.2029  0.0000  0.0000  0.0000  0.0000  0.0000  0.0000  0.0000  0.0000  0.0000  1
 71:   0.0928  0.0272  0.1577  0.1385  0.1104  0.0295  0.0330  0.0394  0.1266  0.0254  0.0883  0.0882  0.0429  1
 72:   0.0504  0.0506  0.0103  0.1226  0.0000  0.0617  0.0000  0.0000  0.1362  0.0000  0.0000  0.3998  0.1684  1
 73:   0.0000  0.0574  0.3102  0.1195  0.0000  0.0000  0.0000  0.2222  0.0000  0.2907  0.0000  0.0000  0.0000  1
 74:   0.1679  0.1795  0.0774  0.0598  0.0033  0.1067  0.0879  0.0502  0.0464  0.0378  0.1072  0.0247  0.0512  1
 75:   0.0940  0.0498  0.0929  0.0823  0.1097  0.0213  0.1064  0.1017  0.1038  0.0738  0.0416  0.0832  0.0394  1
 76:   0.0000  0.0000  0.0000  0.0000  0.0000  0.0000  0.0000  0.0000  0.0000  0.0000  0.0000  0.0000  1.0000  1
 77:   0.0000  0.0000  0.2454  0.0037  0.2486  0.1435  0.0000  0.0000  0.0256  0.0764  0.0085  0.2169  0.0315  1
 78:   0.2049  0.1942  0.0071  0.0298  0.0000  0.0302  0.0000  0.0000  0.1612  0.0000  0.0000  0.1798  0.1929  1
 79:   0.0000  0.0000  0.5444  0.1462  0.0000  0.0000  0.0000  0.3093  0.0000  0.0000  0.0000  0.0000  0.0000  1
 80:   0.0000  0.0000  0.0000  0.0000  0.0000  0.0000  0.0000  0.0000  0.0000  1.0000  0.0000  0.0000  0.0000  1
 81:   0.0658  0.1264  0.1281  0.1441  0.0937  0.0139  0.0842  0.0211  0.1261  0.0642  0.0844  0.0457  0.0024  1
 82:   0.0000  0.3958  0.0365  0.2467  0.0000  0.0000  0.0000  0.1425  0.0000  0.1785  0.0000  0.0000  0.0000  1
 83:   0.0000  0.0000  0.0000  0.0000  0.0000  0.0000  0.0488  0.0000  0.0000  0.0000  0.0000  0.0000  0.9512  1
 84:   0.0723  0.0804  0.0593  0.1142  0.0826  0.0630  0.0696  0.0921  0.0504  0.0271  0.1273  0.0636  0.0982  1
 85:   0.0002  0.0000  0.0000  0.0000  0.0000  0.0000  0.0000  0.0000  0.0000  0.9998  0.0000  0.0000  0.0000  1
 86:   0.0000  0.0000  1.0000  0.0000  0.0000  0.0000  0.0000  0.0000  0.0000  0.0000  0.0000  0.0000  0.0000  1
 87:   0.0000  0.0000  0.2550  0.1428  0.0000  0.0000  0.0000  0.0000  0.0754  0.0000  0.0891  0.4377  0.0000  1
 88:   0.0790  0.0250  0.0532  0.0704  0.1434  0.1188  0.0215  0.0692  0.0617  0.0989  0.0730  0.0913  0.0945  1
 89:   0.0000  0.2641  0.3916  0.0000  0.0057  0.0000  0.0000  0.0000  0.0000  0.0000  0.0000  0.3385  0.0000  1
 90:   0.0000  0.0000  0.0000  0.0000  0.0000  0.0000  0.0000  0.0000  0.0000  0.0000  0.0000  1.0000  0.0000  1
 91:   0.3041  0.1229  0.0145  0.0383  0.0000  0.0167  0.0000  0.0000  0.3960  0.0000  0.0000  0.0841  0.0234  1
 92:   0.0000  0.0000  0.0599  0.0000  0.0000  0.0000  0.0000  0.4999  0.0000  0.0000  0.4402  0.0000  0.0000  1
 93:   0.0000  0.0000  0.0000  0.0000  0.0000  0.0000  0.0000  0.0000  0.0000  0.0000  0.0000  0.0000  1.0000  1
 94:   0.0000  0.0000  0.0000  0.0000  0.0000  0.0000  0.6229  0.0000  0.0000  0.0000  0.3771  0.0000  0.0000  1
 95:   0.0000  0.0000  0.0000  0.0000  0.0000  0.0000  0.0000  0.0000  0.0000  0.0000  0.0000  0.0000  1.0000  1
 96:   0.0545  0.2680  0.0011  0.0998  0.0000  0.1634  0.0000  0.0000  0.2492  0.0000  0.0000  0.1615  0.0025  1
 97:   0.0000  0.0000  0.0000  0.0000  0.0800  0.3687  0.3125  0.0000  0.0000  0.0039  0.0000  0.2350  0.0000  1
 98:   0.4872  0.0047  0.0000  0.4938  0.0000  0.0060  0.0000  0.0000  0.0083  0.0000  0.0000  0.0000  0.0000  1
 99:   0.0000  0.3050  0.0000  0.2105  0.0000  0.2759  0.0000  0.0000  0.0998  0.0760  0.0000  0.0000  0.0328  1
100:   0.0000  0.0000  0.0302  0.0000  0.0000  0.0000  0.0000  0.0000  0.0929  0.1040  0.0000  0.2746  0.4982  1
101:   0.0000  0.0000  0.5513  0.0000  0.3032  0.0000  0.0000  0.0000  0.0000  0.1456  0.0000  0.0000  0.0000  1
102:   0.0000  0.0000  0.0000  0.2050  0.4822  0.1465  0.0000  0.0000  0.0000  0.0000  0.1663  0.0000  0.0000  1
103:   0.0000  0.0000  0.1773  0.0015  0.0000  0.0000  0.0000  0.1788  0.0000  0.6425  0.0000  0.0000  0.0000  1
104:   0.0000  0.0000  0.0000  0.0000  0.6300  0.2807  0.0000  0.0000  0.0000  0.0022  0.0000  0.0000  0.0871  1
105:   0.0997  0.1187  0.0548  0.0194  0.1325  0.0437  0.0221  0.1256  0.0789  0.1386  0.0051  0.0785  0.0824  1
106:   0.4857  0.0000  0.0000  0.0000  0.0000  0.0000  0.0000  0.0000  0.0000  0.0000  0.0000  0.5143  0.0000  1
107:   0.4996  0.0000  0.0000  0.0000  0.0000  0.0002  0.0000  0.0000  0.0003  0.0000  0.0000  0.0000  0.4998  1
108:   0.0661  0.0407  0.1106  0.0085  0.1147  0.0819  0.0807  0.0708  0.0657  0.0474  0.1147  0.0796  0.1186  1
109:   0.0000  0.0000  0.5223  0.0000  0.0000  0.0000  0.0000  0.0000  0.0787  0.2256  0.1734  0.0000  0.0000  1
110:   0.0000  0.0000  0.1729  0.0000  0.0000  0.0000  0.0000  0.4932  0.0000  0.0000  0.3339  0.0000  0.0000  1
111:   0.0000  0.0000  0.0000  0.0000  0.0000  0.0000  0.0000  0.0000  0.3364  0.2908  0.2040  0.0000  0.1689  1
112:   0.1320  0.1286  0.0599  0.0667  0.0509  0.0173  0.1356  0.1097  0.0237  0.0380  0.0998  0.0750  0.0628  1
113:   0.0000  0.0000  0.3080  0.0000  0.0000  0.0000  0.0000  0.0000  0.2994  0.0000  0.0000  0.0000  0.3926  1
114:   0.0018  0.1507  0.0000  0.0000  0.0000  0.4875  0.0000  0.0000  0.0000  0.3600  0.0000  0.0000  0.0000  1
115:   0.0000  0.4723  0.0000  0.0945  0.0000  0.3797  0.0000  0.0000  0.0535  0.0000  0.0000  0.0000  0.0000  1
116:   0.0000  0.0000  0.0000  0.0000  0.0767  0.3684  0.3151  0.0000  0.0000  0.0044  0.0000  0.2353  0.0000  1
117:   0.0000  0.0000  0.0000  0.0000  0.0000  0.0000  0.0000  0.0000  0.6005  0.0000  0.0000  0.3512  0.0483  1
118:   0.0000  0.0000  0.0000  0.0000  0.1648  0.0000  0.0000  0.2654  0.0000  0.5134  0.0565  0.0000  0.0000  1
119:   0.4203  0.0000  0.0000  0.0000  0.0000  0.0000  0.0000  0.0000  0.0000  0.0000  0.0000  0.5797  0.0000  1
120:   0.0000  0.0000  0.0000  0.0000  0.0751  0.3505  0.3197  0.0000  0.0000  0.0135  0.0000  0.2412  0.0000  1
121:   0.0000  0.0000  0.0000  0.4617  0.0000  0.0000  0.0000  0.5383  0.0000  0.0000  0.0000  0.0000  0.0000  1
122:   0.0000  0.0000  0.0000  0.1034  0.3682  0.2667  0.0000  0.0000  0.1335  0.0101  0.0000  0.1181  0.0000  1
123:   0.0000  0.0000  0.0000  0.1032  0.3683  0.2669  0.0000  0.0000  0.1332  0.0099  0.0000  0.1185  0.0000  1
124:   0.1212  0.0039  0.1140  0.0871  0.0004  0.0465  0.1320  0.0798  0.0635  0.1174  0.0235  0.0813  0.1295  1
125:   0.3711  0.0000  0.0000  0.0000  0.0000  0.0000  0.0000  0.0000  0.6289  0.0000  0.0000  0.0000  0.0000  1
126:   0.0000  0.0000  0.0000  0.0000  0.0767  0.3684  0.3151  0.0000  0.0000  0.0044  0.0000  0.2353  0.0000  1
127:   0.1369  0.0428  0.0540  0.0570  0.0231  0.1635  0.0848  0.1362  0.0732  0.1401  0.0752  0.0090  0.0041  1
128:   0.1084  0.0921  0.0579  0.0653  0.0240  0.0471  0.0703  0.0418  0.1629  0.1146  0.0251  0.0764  0.1142  1
129:   0.0000  0.5407  0.0000  0.0000  0.0000  0.0000  0.0000  0.0000  0.0000  0.0000  0.0000  0.0000  0.4593  1
130:   0.0000  0.0000  0.0000  0.0000  0.4896  0.1026  0.0000  0.0000  0.0000  0.0003  0.0000  0.0000  0.4075  1
131:   0.0000  0.0000  0.6665  0.0000  0.0000  0.0000  0.0000  0.0000  0.3335  0.0000  0.0000  0.0000  0.0000  1
132:   0.0000  0.0000  0.0000  0.4026  0.0000  0.0000  0.0000  0.0000  0.0000  0.0000  0.0000  0.3457  0.2516  1
133:   0.0000  0.0000  0.0769  0.0969  0.0000  0.0000  0.0000  0.0000  0.2859  0.0000  0.0000  0.5402  0.0000  1
134:   0.0000  0.0000  0.0000  0.0431  0.1043  0.3068  0.0000  0.0000  0.0000  0.0519  0.2511  0.2285  0.0142  1
135:   0.0000  0.6949  0.0000  0.0000  0.0000  0.0000  0.3051  0.0000  0.0000  0.0000  0.0000  0.0000  0.0000  1
136:   0.0000  0.0000  0.1081  0.0000  0.0000  0.0000  0.0000  0.0000  0.1154  0.4609  0.0000  0.3156  0.0000  1
137:   0.0000  0.0000  0.0000  0.0000  0.0000  0.0000  0.0000  0.0000  0.0000  0.0000  1.0000  0.0000  0.0000  1
138:   0.0000  0.0000  0.0000  0.3815  0.3176  0.0000  0.0000  0.0000  0.0000  0.1362  0.0000  0.1647  0.0000  1
139:   0.0000  0.0000  0.0247  0.0000  0.0000  0.0000  0.0642  0.0000  0.0000  0.0000  0.9111  0.0000  0.0000  1
140:   0.0000  0.0000  0.0000  0.0000  0.0000  0.0000  0.0000  0.0000  0.0000  0.5000  0.5000  0.0000  0.0000  1
141:   0.0000  0.0000  0.0000  0.0000  0.0972  0.3987  0.3312  0.0000  0.0000  0.1063  0.0000  0.0666  0.0000  1
142:   0.0418  0.0016  0.0924  0.1198  0.0761  0.0655  0.0108  0.1603  0.1530  0.0710  0.0177  0.0550  0.1351  1
143:   0.0000  0.0000  0.1492  0.0000  0.0000  0.0000  0.3436  0.0000  0.0000  0.0000  0.5072  0.0000  0.0000  1
144:   0.0000  0.0000  0.0000  0.3959  0.0000  0.0000  0.1041  0.0000  0.0000  0.2530  0.0000  0.0000  0.2470  1
145:   0.0000  0.2816  0.0000  0.3753  0.3360  0.0000  0.0000  0.0000  0.0000  0.0071  0.0000  0.0000  0.0000  1
146:   0.0000  0.4179  0.0000  0.0000  0.0000  0.0000  0.0000  0.0000  0.2571  0.1513  0.0000  0.0000  0.1737  1
147:   0.0000  0.0000  0.0112  0.0000  0.0000  0.0000  0.0000  0.0000  0.0768  0.0000  0.0000  0.5961  0.3159  1
148:   0.0000  0.0000  0.1803  0.0000  0.2462  0.1038  0.0000  0.0000  0.3913  0.0000  0.0000  0.0000  0.0784  1
149:   0.3175  0.0337  0.0027  0.0809  0.0000  0.0367  0.0000  0.0000  0.2084  0.0000  0.0000  0.2068  0.1133  1
150:   0.0000  0.8918  0.0350  0.0732  0.0000  0.0000  0.0000  0.0000  0.0000  0.0000  0.0000  0.0000  0.0000  1
151:   0.0151  0.1377  0.0396  0.1644  0.0195  0.1641  0.0078  0.0424  0.1151  0.0484  0.0700  0.1627  0.0131  1
152:   0.0000  0.0000  0.0000  0.0000  0.5157  0.0000  0.0000  0.0000  0.4843  0.0000  0.0000  0.0000  0.0000  1
153:   0.0000  0.0000  0.0000  0.3869  0.0000  0.0471  0.0000  0.0000  0.2260  0.0000  0.0000  0.3401  0.0000  1
154:   0.0395  0.0430  0.0813  0.0311  0.0605  0.0505  0.1257  0.0060  0.1198  0.0688  0.0097  0.1838  0.1802  1
155:   0.1292  0.0000  0.0000  0.0491  0.3272  0.2957  0.0000  0.0751  0.0000  0.0000  0.0000  0.1237  0.0000  1
156:   0.0508  0.0534  0.1388  0.0355  0.0445  0.0084  0.0653  0.1010  0.0300  0.1074  0.1361  0.1173  0.1115  1
157:   0.0685  0.0000  0.0000  0.0000  0.0000  0.0000  0.0000  0.2760  0.2072  0.4483  0.0000  0.0000  0.0000  1
158:   0.5000  0.0000  0.0000  0.0000  0.0000  0.0000  0.0000  0.0000  0.5000  0.0000  0.0000  0.0000  0.0000  1
159:   0.0000  0.0000  0.1793  0.0000  0.0258  0.0000  0.0000  0.0000  0.0000  0.0000  0.4111  0.3837  0.0000  1
160:   0.0000  0.0000  0.4077  0.0923  0.0000  0.0000  0.0000  0.0000  0.0000  0.5000  0.0000  0.0000  0.0000  1
161:   0.4995  0.0000  0.4993  0.0000  0.0000  0.0000  0.0000  0.0000  0.0012  0.0000  0.0000  0.0000  0.0000  1
162:   0.0000  0.0000  0.4320  0.0000  0.1302  0.0000  0.0000  0.0000  0.0000  0.0000  0.4379  0.0000  0.0000  1
163:   0.0000  0.0000  0.0696  0.0000  0.0000  0.1993  0.0000  0.0811  0.0858  0.0000  0.0922  0.0000  0.4719  1
164:   0.0000  0.0000  0.1872  0.0000  0.0000  0.1238  0.0000  0.0756  0.2231  0.3903  0.0000  0.0000  0.0000  1
165:   0.0000  0.0000  0.6080  0.0000  0.0000  0.3920  0.0000  0.0000  0.0000  0.0000  0.0000  0.0000  0.0000  1
166:   0.3099  0.3230  0.1764  0.0000  0.0000  0.0000  0.0000  0.0000  0.1907  0.0000  0.0000  0.0000  0.0000  1
167:   0.0960  0.0236  0.0782  0.1547  0.1009  0.0254  0.0883  0.0351  0.1368  0.0136  0.0899  0.0572  0.1003  1
168:   0.0000  0.0000  0.4996  0.0000  0.0000  0.0000  0.0011  0.0000  0.0000  0.0000  0.4994  0.0000  0.0000  1
169:   0.0000  0.0000  0.0000  0.0000  0.0000  0.0000  0.0000  0.4364  0.1462  0.0000  0.0000  0.3008  0.1166  1
170:   0.1128  0.0762  0.0882  0.0265  0.0278  0.0949  0.0705  0.0150  0.0818  0.1358  0.0845  0.0777  0.1084  1
171:   0.2896  0.2558  0.0000  0.0000  0.0000  0.0700  0.0000  0.0901  0.0000  0.0000  0.0000  0.0000  0.2945  1
172:   0.2088  0.0000  0.2163  0.1649  0.0000  0.0000  0.0000  0.2912  0.0759  0.0000  0.0005  0.0425  0.0000  1
173:   0.0000  0.1221  0.0005  0.0001  0.4496  0.0306  0.3771  0.0000  0.0005  0.0111  0.0000  0.0003  0.0081  1
174:   0.0000  0.0000  0.3093  0.0000  0.0000  0.0000  0.0395  0.0000  0.0000  0.1792  0.1626  0.0000  0.3094  1
175:   0.1732  0.0000  0.2957  0.0000  0.0000  0.0000  0.0000  0.1649  0.0000  0.3662  0.0000  0.0000  0.0000  1
176:   0.2047  0.0000  0.0000  0.0000  0.0000  0.0000  0.0000  0.0000  0.3889  0.0000  0.0000  0.0000  0.4064  1
177:   0.0000  0.0000  0.0000  0.0000  0.0000  0.0000  0.0000  0.6332  0.0000  0.0000  0.0000  0.0000  0.3668  1
178:   0.1613  0.0000  0.0000  0.0000  0.0000  0.0000  0.3096  0.1014  0.0000  0.2947  0.1331  0.0000  0.0000  1
179:   0.5715  0.0000  0.0000  0.0000  0.0000  0.0000  0.0000  0.0000  0.0000  0.0000  0.0000  0.0000  0.4285  1
180:   0.0000  0.0000  0.0000  0.0000  0.0000  0.0000  0.0000  0.0000  0.2121  0.3940  0.3940  0.0000  0.0000  1
181:   0.0000  0.0000  0.4420  0.0000  0.1891  0.0000  0.0000  0.0000  0.2779  0.0000  0.0000  0.0000  0.0911  1
182:   0.0000  0.0000  0.0000  0.0000  0.0000  0.0000  0.0000  0.0000  0.9974  0.0000  0.0000  0.0000  0.0026  1
183:   0.0715  0.0000  0.0000  0.0000  0.0000  0.0000  0.0000  0.3569  0.0000  0.1913  0.3803  0.0000  0.0000  1
184:   0.0188  0.0000  0.0000  0.0000  0.0000  0.0000  0.0000  0.3020  0.2923  0.3869  0.0000  0.0000  0.0000  1
185:   0.2827  0.0000  0.0000  0.0000  0.0000  0.2796  0.0000  0.2294  0.0151  0.1933  0.0000  0.0000  0.0000  1
186:   0.0000  0.0000  0.0263  0.0000  0.0000  0.0000  0.0000  0.0000  0.0000  0.0000  0.2402  0.4107  0.3227  1
187:   0.0000  0.0000  0.0000  0.0000  0.0000  0.0000  0.0000  0.0000  0.5929  0.0000  0.0000  0.0000  0.4071  1
188:   0.0352  0.0000  0.0000  0.0000  0.0000  0.2033  0.0000  0.3307  0.0000  0.0000  0.1531  0.0000  0.2776  1
189:   0.0000  0.0000  0.2991  0.0000  0.0000  0.0000  0.0592  0.2126  0.0257  0.0000  0.1402  0.0000  0.2632  1
190:   0.0000  0.0000  0.1209  0.0000  0.0000  0.0000  0.0000  0.0000  0.1209  0.2906  0.2875  0.0000  0.1800  1
191:   0.0677  0.2253  0.0293  0.0610  0.0000  0.0742  0.0000  0.0000  0.2039  0.0000  0.0000  0.2732  0.0655  1
192:   0.2301  0.0000  0.3348  0.2881  0.0000  0.0000  0.0000  0.1218  0.0251  0.0000  0.0000  0.0000  0.0000  1
193:   0.0000  0.0000  1.0000  0.0000  0.0000  0.0000  0.0000  0.0000  0.0000  0.0000  0.0000  0.0000  0.0000  1
194:   0.0000  0.0000  0.0000  0.0000  0.5001  0.4999  0.0000  0.0000  0.0000  0.0000  0.0000  0.0000  0.0000  1
195:   0.1083  0.0419  0.1277  0.0448  0.1515  0.0887  0.0528  0.0071  0.0356  0.1416  0.0627  0.1047  0.0326  1
196:   0.0000  0.0000  0.0000  0.2767  0.0000  0.0000  0.4139  0.0000  0.0000  0.0000  0.0000  0.3094  0.0000  1
197:   0.0000  0.0000  0.0000  1.0000  0.0000  0.0000  0.0000  0.0000  0.0000  0.0000  0.0000  0.0000  0.0000  1
198:   0.0000  0.0000  0.0217  0.4783  0.0000  0.0000  0.0000  0.0000  0.5000  0.0000  0.0000  0.0000  0.0000  1
199:   0.0000  0.0000  0.7924  0.2076  0.0000  0.0000  0.0000  0.0000  0.0000  0.0000  0.0000  0.0000  0.0000  1
200:   0.1007  0.0397  0.0585  0.0918  0.0957  0.1030  0.0668  0.0728  0.1022  0.0678  0.0846  0.0560  0.0603  1
201:   0.0012  0.0000  0.0000  0.0000  0.0000  0.0000  0.0000  0.0000  0.0000  0.4988  0.0000  0.5000  0.0000  1
202:   0.0000  0.0000  0.0512  0.4999  0.0000  0.0000  0.0000  0.0000  0.0000  0.0000  0.0000  0.4489  0.0000  1
203:   0.8311  0.0000  0.0000  0.0000  0.0000  0.1689  0.0000  0.0000  0.0000  0.0000  0.0000  0.0000  0.0000  1
204:   0.0000  0.0000  0.5032  0.4968  0.0000  0.0000  0.0000  0.0000  0.0000  0.0000  0.0000  0.0000  0.0000  1
205:   0.0325  0.0945  0.0323  0.0406  0.0372  0.0260  0.1230  0.0726  0.0810  0.1305  0.0944  0.1314  0.1041  1
206:   0.2046  0.0873  0.0091  0.0767  0.0000  0.1093  0.0000  0.0000  0.2386  0.0000  0.0000  0.1871  0.0873  1
207:   0.0000  0.1453  0.0000  0.0000  0.1399  0.4004  0.0636  0.0000  0.0000  0.1019  0.0000  0.1488  0.0000  1
208:   0.0000  0.2287  0.3787  0.0794  0.0000  0.0000  0.0000  0.0686  0.0000  0.2446  0.0000  0.0000  0.0000  1
209:   0.0000  0.0000  0.0000  1.0000  0.0000  0.0000  0.0000  0.0000  0.0000  0.0000  0.0000  0.0000  0.0000  1
210:   0.0000  0.0000  0.3326  0.6674  0.0000  0.0000  0.0000  0.0000  0.0000  0.0000  0.0000  0.0000  0.0000  1
211:   0.0307  0.3131  0.0069  0.0209  0.0000  0.1653  0.0000  0.0000  0.1924  0.0000  0.0000  0.2440  0.0268  1
212:   0.0000  0.0000  0.0000  0.0000  0.0000  0.0000  0.0000  0.5931  0.0000  0.0000  0.4069  0.0000  0.0000  1
213:   0.0000  0.0000  0.0000  0.0000  0.0000  0.0000  0.3281  0.0000  0.0000  0.0000  0.0000  0.0000  0.6719  1
214:   0.0000  0.1840  0.0000  0.0000  0.2239  0.0000  0.0000  0.0000  0.0000  0.0000  0.0000  0.5922  0.0000  1
215:   0.0000  0.0000  0.0582  0.0000  0.1107  0.0000  0.0000  0.0000  0.0011  0.3001  0.0000  0.3676  0.1624  1
216:   0.0000  0.6319  0.0984  0.1125  0.0000  0.0000  0.0000  0.0481  0.0000  0.1091  0.0000  0.0000  0.0000  1
217:   0.0000  0.0000  0.0000  0.0000  0.0000  0.0000  0.0000  0.0000  1.0000  0.0000  0.0000  0.0000  0.0000  1
218:   0.0000  0.0000  0.0000  0.0000  0.0000  0.0000  0.0000  0.0000  0.0000  0.0000  0.0000  0.0000  1.0000  1
219:   0.0000  0.0000  0.0000  0.0000  0.5368  0.4632  0.0000  0.0000  0.0000  0.0000  0.0000  0.0000  0.0000  1
220:   0.0000  0.0000  0.0000  0.0000  0.0000  1.0000  0.0000  0.0000  0.0000  0.0000  0.0000  0.0000  0.0000  1
221:   0.0000  0.0000  0.0000  0.0000  0.0000  0.0000  0.0000  0.0000  0.0000  1.0000  0.0000  0.0000  0.0000  1
222:   0.0000  0.3104  0.3337  0.0997  0.0000  0.0000  0.0000  0.0951  0.0000  0.1611  0.0000  0.0000  0.0000  1
223:   0.0000  0.0000  0.0000  0.0000  0.2233  0.0000  0.0000  0.5632  0.0000  0.1557  0.0578  0.0000  0.0000  1
224:   0.0175  0.0765  0.0444  0.1507  0.0214  0.1270  0.0881  0.1420  0.0538  0.0964  0.1200  0.0233  0.0389  1
225:   0.0000  0.0000  0.0000  0.0000  0.1072  0.0000  0.0000  0.3915  0.0000  0.4336  0.0676  0.0000  0.0000  1
226:   0.0717  0.2090  0.0000  0.4976  0.0000  0.0000  0.0000  0.0000  0.1931  0.0286  0.0000  0.0000  0.0000  1
227:   0.2671  0.2111  0.0441  0.1287  0.0000  0.0301  0.0000  0.0000  0.1910  0.0000  0.0000  0.0165  0.1116  1
228:   0.0000  0.0000  0.7073  0.0000  0.0000  0.0000  0.0000  0.0000  0.2927  0.0000  0.0000  0.0000  0.0000  1
229:   0.0000  0.0000  0.1733  0.1465  0.0000  0.0000  0.0000  0.3089  0.0000  0.0000  0.0000  0.0000  0.3713  1
230:   0.0000  0.0000  0.0000  0.0000  0.0000  0.0000  0.0000  0.0000  0.0000  0.3933  0.0000  0.0000  0.6067  1
231:   0.0000  0.0036  0.4974  0.0000  0.0000  0.0000  0.0000  0.0000  0.0000  0.4989  0.0000  0.0000  0.0000  1
232:   0.0000  0.0000  0.0000  0.7646  0.0000  0.0000  0.2354  0.0000  0.0000  0.0000  0.0000  0.0000  0.0000  1
233:   0.0000  0.0000  0.3026  0.3039  0.0000  0.0000  0.1869  0.0000  0.0000  0.0000  0.0197  0.0000  0.1869  1
234:   0.0226  0.0981  0.0275  0.1290  0.1166  0.0554  0.0033  0.0236  0.1208  0.0129  0.0777  0.1757  0.1367  1
235:   0.0000  0.0000  0.0000  0.0000  0.5000  0.0000  0.0000  0.0000  0.0000  0.5000  0.0000  0.0000  0.0000  1
236:   0.0000  0.4944  0.2198  0.0376  0.0000  0.0000  0.0058  0.0000  0.0399  0.0000  0.0180  0.1846  0.0000  1
237:   0.0000  0.2358  0.0000  0.0000  0.0000  0.0000  0.5856  0.0000  0.0000  0.0000  0.0000  0.0000  0.1786  1
238:   0.0000  0.0000  0.0000  0.0000  0.0000  0.0000  0.0000  0.0000  0.0000  1.0000  0.0000  0.0000  0.0000  1
239:   0.0000  0.0000  0.0000  0.2775  0.6424  0.0000  0.0801  0.0000  0.0000  0.0000  0.0000  0.0000  0.0000  1
240:   0.0000  0.0000  0.0000  0.0166  0.0872  0.4746  0.0000  0.0000  0.0000  0.0000  0.0000  0.0000  0.4216  1
241:   0.0000  0.5487  0.2090  0.2423  0.0000  0.0000  0.0000  0.0000  0.0000  0.0000  0.0000  0.0000  0.0000  1
242:   0.0000  0.0000  0.0000  0.0000  0.0392  0.0000  0.0000  0.2130  0.0000  0.7194  0.0284  0.0000  0.0000  1
243:   0.0000  0.0000  0.0000  0.5789  0.0000  0.0000  0.4211  0.0000  0.0000  0.0000  0.0000  0.0000  0.0000  1
244:   0.0000  0.3800  0.0000  0.3660  0.0000  0.0000  0.0000  0.0000  0.0000  0.0000  0.0000  0.2540  0.0000  1
245:   0.0000  0.0000  0.0000  0.0000  0.0000  0.5219  0.0000  0.0000  0.0000  0.4781  0.0000  0.0000  0.0000  1
246:   0.0000  0.0000  0.0000  0.0000  0.3210  0.0000  0.6790  0.0000  0.0000  0.0000  0.0000  0.0000  0.0000  1
247:   0.1732  0.0324  0.0673  0.3668  0.0000  0.0263  0.0000  0.0287  0.3004  0.0049  0.0000  0.0000  0.0000  1
248:   0.0000  0.0876  0.0583  0.0000  0.4485  0.0000  0.2435  0.0000  0.0000  0.0000  0.1621  0.0000  0.0000  1
249:   0.1688  0.0000  0.0000  0.0000  0.0000  0.0000  0.0000  0.0000  0.4994  0.0000  0.0000  0.3319  0.0000  1
250:   0.0418  0.0140  0.1393  0.1402  0.1539  0.0864  0.0609  0.1168  0.1099  0.1012  0.0048  0.0141  0.0166  1
251:   0.0000  0.0000  0.0000  0.0000  0.0000  0.0000  0.0000  0.0000  0.0000  0.0000  0.0000  0.0000  1.0000  1
252:   0.0000  0.0000  0.0000  0.0000  0.0000  0.0000  0.0000  0.0000  0.0000  0.0000  0.0000  1.0000  0.0000  1
253:   0.0000  0.0000  0.0009  0.4998  0.0000  0.0000  0.0000  0.0000  0.2065  0.2928  0.0000  0.0000  0.0000  1
254:   0.0000  0.3731  0.6269  0.0000  0.0000  0.0000  0.0000  0.0000  0.0000  0.0000  0.0000  0.0000  0.0000  1
255:   0.0000  0.0000  0.0000  0.0000  0.0000  0.0000  0.0000  0.0000  0.0000  0.0000  0.0000  0.0000  1.0000  1
256:   0.0000  0.6596  0.2969  0.0435  0.0000  0.0000  0.0000  0.0000  0.0000  0.0000  0.0000  0.0000  0.0000  1
257:   0.0000  0.0000  0.6839  0.3161  0.0000  0.0000  0.0000  0.0000  0.0000  0.0000  0.0000  0.0000  0.0000  1
258:   0.0000  0.0000  0.0000  0.0000  0.0000  0.0000  0.0000  1.0000  0.0000  0.0000  0.0000  0.0000  0.0000  1
259:   0.0000  0.0000  0.1558  0.3109  0.0000  0.0000  0.0000  0.0000  0.0329  0.0000  0.0261  0.4743  0.0000  1
260:   0.0000  0.2407  0.5031  0.0846  0.0000  0.0000  0.0000  0.0728  0.0000  0.0988  0.0000  0.0000  0.0000  1
261:   0.0062  0.1382  0.1176  0.0018  0.0883  0.1463  0.0287  0.1203  0.0865  0.0953  0.0720  0.0966  0.0024  1
262:   0.0000  0.0000  0.0000  0.0000  0.0000  0.0000  0.0000  1.0000  0.0000  0.0000  0.0000  0.0000  0.0000  1

  1:   0.0028  0.1003  0.0848  0.0727  0.0197  0.1204  0.1122  0.1290  0.1048  0.0214  0.0616  0.0382  0.1321  1
  2:   0.3311  0.0000  0.4003  0.2234  0.0000  0.0000  0.0000  0.0452  0.0000  0.0000  0.0000  0.0000  0.0000  1
  3:   0.0000  0.0000  0.0000  0.0000  0.0000  0.0000  0.0000  0.3333  0.0000  0.3333  0.3333  0.0000  0.0000  1
  4:   0.0537  0.0799  0.0177  0.0930  0.0623  0.1317  0.1157  0.1488  0.1488  0.0389  0.0039  0.0683  0.0372  1
  5:   0.0000  0.0000  0.0000  0.0000  0.0000  0.0000  0.0000  0.0000  0.0000  0.5008  0.4992  0.0000  0.0000  1
  6:   0.0000  0.0000  0.0000  0.0000  0.8167  0.0320  0.0000  0.0000  0.0000  0.0010  0.0000  0.0000  0.1503  1
  7:   0.3360  0.0000  0.1270  0.0000  0.0000  0.0000  0.3652  0.0000  0.1535  0.0000  0.0000  0.0000  0.0183  1
  8:   0.0000  0.0000  0.1609  0.2327  0.0000  0.0000  0.0000  0.0000  0.1217  0.0000  0.0366  0.4481  0.0000  1
  9:   0.1004  0.0268  0.0533  0.0089  0.0868  0.0266  0.1171  0.1507  0.0709  0.1046  0.0988  0.0894  0.0656  1
 10:   0.0000  0.0000  0.3338  0.0660  0.0000  0.0000  0.0000  0.0000  0.0068  0.0000  0.5001  0.0933  0.0000  1
 11:   0.1448  0.0401  0.0942  0.1013  0.1254  0.0270  0.1319  0.0044  0.0371  0.0491  0.0348  0.1706  0.0392  1
 12:   0.0000  0.0000  0.5477  0.0921  0.0000  0.0000  0.0000  0.0000  0.1338  0.0000  0.0861  0.1404  0.0000  1
 13:   0.0000  0.0000  0.6971  0.0000  0.0000  0.0000  0.1969  0.0000  0.0000  0.0000  0.0000  0.0000  0.1061  1
 14:   0.4113  0.0934  0.0000  0.0000  0.0000  0.0000  0.0630  0.0000  0.0000  0.4323  0.0000  0.0000  0.0000  1
 15:   0.0000  0.0000  0.0000  0.0000  0.3483  0.0000  0.0881  0.0636  0.0000  0.0000  0.0000  0.0000  0.5000  1
 16:   0.0000  0.0000  0.4444  0.3346  0.0000  0.0000  0.0000  0.0000  0.0487  0.0000  0.0113  0.1610  0.0000  1
 17:   0.0000  0.0000  0.0000  0.0000  0.0000  0.0000  0.0000  0.0000  1.0000  0.0000  0.0000  0.0000  0.0000  1
 18:   0.2226  0.0000  0.0000  0.0000  0.0000  0.0000  0.0000  0.2701  0.0000  0.0953  0.1596  0.0000  0.2524  1
 19:   1.0000  0.0000  0.0000  0.0000  0.0000  0.0000  0.0000  0.0000  0.0000  0.0000  0.0000  0.0000  0.0000  1
 20:   0.0000  0.0000  0.0000  0.0000  0.0000  0.6093  0.0000  0.0000  0.3907  0.0000  0.0000  0.0000  0.0000  1
 21:   0.0000  0.5254  0.0000  0.0000  0.0000  0.0000  0.0000  0.0000  0.0000  0.0000  0.0000  0.0000  0.4746  1
 22:   0.0145  0.0700  0.0040  0.0971  0.0000  0.3737  0.0000  0.0000  0.2544  0.0000  0.0000  0.0904  0.0959  1
 23:   0.0278  0.2764  0.0000  0.0000  0.0000  0.0000  0.0000  0.0000  0.2728  0.0000  0.0000  0.0000  0.4230  1
 24:   0.1895  0.0000  0.0563  0.0000  0.0000  0.0000  0.0000  0.1733  0.0401  0.0000  0.1903  0.0000  0.3504  1
 25:   0.0000  0.0000  0.4041  0.0000  0.0000  0.0000  0.0000  0.0000  0.0000  0.0000  0.0001  0.0000  0.5959  1
 26:   0.4040  0.0485  0.0000  0.0000  0.0000  0.0000  0.3508  0.0000  0.0000  0.0534  0.0972  0.0000  0.0461  1
 27:   0.5000  0.0000  0.0000  0.0000  0.0000  0.0000  0.0000  0.0000  0.0000  0.5000  0.0000  0.0000  0.0000  1
 28:   0.1191  0.1169  0.0812  0.0301  0.0242  0.1305  0.0175  0.1072  0.0365  0.1370  0.0631  0.1085  0.0282  1
 29:   0.1199  0.0012  0.1479  0.1019  0.0057  0.0507  0.0461  0.1305  0.1433  0.0617  0.0896  0.0841  0.0173  1
 30:   0.0000  0.0000  0.0000  0.0000  0.0000  0.0000  0.0000  0.0000  0.9944  0.0000  0.0000  0.0000  0.0056  1
 31:   0.1181  0.0083  0.1492  0.0678  0.0505  0.0826  0.0692  0.0182  0.2070  0.0761  0.0801  0.0504  0.0225  1
 32:   0.0297  0.0887  0.0931  0.1022  0.1036  0.0116  0.0189  0.0890  0.0880  0.1402  0.0500  0.1379  0.0471  1
 33:   0.0000  0.0000  0.2597  0.0000  0.0000  0.0000  0.0000  0.0000  0.4807  0.2597  0.0000  0.0000  0.0000  1
 34:   0.0000  0.0000  0.0498  0.1800  0.0787  0.1056  0.0000  0.0000  0.2258  0.0797  0.0118  0.0327  0.2361  1
 35:   0.0000  0.0000  0.0000  0.0000  0.0000  0.0000  0.0000  0.0000  0.2047  0.7953  0.0000  0.0000  0.0000  1
 36:   0.0000  0.0000  0.2281  0.0000  0.0000  0.0971  0.0000  0.0000  0.6141  0.0000  0.0000  0.0000  0.0607  1
 37:   0.0000  0.0000  0.1416  0.0264  0.0000  0.0000  0.0000  0.0000  0.2438  0.0000  0.0000  0.5883  0.0000  1
 38:   0.0000  0.0000  0.0000  0.0000  0.0000  0.0000  0.2798  0.0000  0.0000  0.0000  0.0000  0.0000  0.7202  1
 39:   0.0000  0.0000  0.6241  0.0000  0.0000  0.0000  0.0000  0.3759  0.0000  0.0000  0.0000  0.0000  0.0000  1
 40:   1.0000  0.0000  0.0000  0.0000  0.0000  0.0000  0.0000  0.0000  0.0000  0.0000  0.0000  0.0000  0.0000  1
 41:   0.0412  0.0744  0.1279  0.0667  0.0698  0.1008  0.0745  0.0636  0.0736  0.0503  0.0530  0.0805  0.1239  1
 42:   0.0000  0.0000  0.0000  0.0000  0.0000  0.0000  0.0000  0.0000  0.0000  0.0000  1.0000  0.0000  0.0000  1
 43:   0.5254  0.0000  0.0000  0.0000  0.0000  0.4746  0.0000  0.0000  0.0000  0.0000  0.0000  0.0000  0.0000  1
 44:   0.0000  0.0468  0.0275  0.2355  0.0000  0.0000  0.0000  0.4123  0.0000  0.2779  0.0000  0.0000  0.0000  1
 45:   0.3008  0.0000  0.6586  0.0000  0.0000  0.0000  0.0000  0.0407  0.0000  0.0000  0.0000  0.0000  0.0000  1
 46:   0.0949  0.0859  0.1222  0.0297  0.0160  0.0649  0.0347  0.0198  0.1197  0.0263  0.0956  0.1297  0.1607  1
 47:   0.1633  0.0000  0.2026  0.1971  0.0000  0.0000  0.0000  0.3367  0.0557  0.0000  0.0015  0.0431  0.0000  1
 48:   0.0000  0.0000  0.0000  0.0000  0.0000  0.0000  0.0000  0.5542  0.0000  0.0000  0.4458  0.0000  0.0000  1
 49:   0.0000  0.0000  0.0000  0.0000  0.1446  0.0000  0.0000  0.4626  0.0000  0.3640  0.0288  0.0000  0.0000  1
 50:   0.0000  0.0000  0.2647  0.2630  0.0000  0.0000  0.0000  0.0000  0.0406  0.0000  0.0430  0.3888  0.0000  1
 51:   0.3852  0.0000  0.0000  0.0000  0.0000  0.0000  0.3619  0.0000  0.0000  0.1241  0.0000  0.0000  0.1288  1
 52:   0.0000  0.0000  0.0000  0.0000  0.0000  0.0000  1.0000  0.0000  0.0000  0.0000  0.0000  0.0000  0.0000  1
 53:   0.0726  0.1017  0.0505  0.0397  0.0123  0.1248  0.1098  0.0752  0.0337  0.1382  0.0713  0.1236  0.0466  1
 54:   0.5005  0.0000  0.0000  0.0000  0.0000  0.0000  0.0000  0.0000  0.0000  0.0000  0.0000  0.0000  0.4995  1
 55:   0.0000  0.0000  0.2493  0.3590  0.0000  0.0000  0.0000  0.0000  0.0202  0.0000  0.0495  0.3220  0.0000  1
 56:   1.0000  0.0000  0.0000  0.0000  0.0000  0.0000  0.0000  0.0000  0.0000  0.0000  0.0000  0.0000  0.0000  1
 57:   1.0000  0.0000  0.0000  0.0000  0.0000  0.0000  0.0000  0.0000  0.0000  0.0000  0.0000  0.0000  0.0000  1
 58:   0.1355  0.0569  0.1340  0.1111  0.0663  0.0198  0.0657  0.1390  0.0156  0.0619  0.0248  0.0552  0.1141  1
 59:   0.6000  0.0000  0.0000  0.0000  0.0000  0.0000  0.0000  0.0000  0.4000  0.0000  0.0000  0.0000  0.0000  1
 60:   0.0418  0.0682  0.1019  0.0160  0.0597  0.0945  0.0659  0.0509  0.0657  0.1240  0.0683  0.1234  0.1197  1
 61:   0.0000  0.3252  0.0714  0.0103  0.0000  0.0000  0.0000  0.1975  0.0000  0.3957  0.0000  0.0000  0.0000  1
 62:   0.0000  0.0000  0.0000  0.0000  1.0000  0.0000  0.0000  0.0000  0.0000  0.0000  0.0000  0.0000  0.0000  1
 63:   0.0251  0.0896  0.0321  0.0219  0.0821  0.1260  0.0808  0.0995  0.1308  0.1097  0.0560  0.0558  0.0906  1
 64:   0.0000  0.0000  0.0126  0.3911  0.0000  0.0000  0.0000  0.0000  0.1608  0.0000  0.1027  0.3327  0.0000  1
 65:   0.0991  0.1190  0.0456  0.0447  0.0711  0.0717  0.1376  0.1044  0.0944  0.0729  0.0851  0.0283  0.0261  1
 66:   0.0000  0.0000  0.0000  0.0000  0.0000  0.0000  0.1842  0.3787  0.0000  0.0000  0.4371  0.0000  0.0000  1
 67:   0.1624  0.0334  0.0340  0.0574  0.1747  0.1772  0.0126  0.0238  0.0250  0.1154  0.1275  0.0072  0.0495  1
 68:   0.0000  0.0000  0.1927  0.3071  0.0000  0.0000  0.0000  0.1477  0.0000  0.0000  0.3526  0.0000  0.0000  1
 69:   0.0000  0.0000  0.0000  0.0000  0.0000  0.0000  0.0000  0.0000  0.0000  1.0000  0.0000  0.0000  0.0000  1
 70:   0.0000  0.0000  0.7971  0.2029  0.0000  0.0000  0.0000  0.0000  0.0000  0.0000  0.0000  0.0000  0.0000  1
 71:   0.0928  0.0272  0.1577  0.1385  0.1104  0.0295  0.0330  0.0394  0.1266  0.0254  0.0883  0.0882  0.0429  1
 72:   0.0504  0.0506  0.0103  0.1226  0.0000  0.0617  0.0000  0.0000  0.1362  0.0000  0.0000  0.3998  0.1684  1
 73:   0.0000  0.0574  0.3102  0.1195  0.0000  0.0000  0.0000  0.2222  0.0000  0.2907  0.0000  0.0000  0.0000  1
 74:   0.1679  0.1795  0.0774  0.0598  0.0033  0.1067  0.0879  0.0502  0.0464  0.0378  0.1072  0.0247  0.0512  1
 75:   0.0940  0.0498  0.0929  0.0823  0.1097  0.0213  0.1064  0.1017  0.1038  0.0738  0.0416  0.0832  0.0394  1
 76:   0.0000  0.0000  0.0000  0.0000  0.0000  0.0000  0.0000  0.0000  0.0000  0.0000  0.0000  0.0000  1.0000  1
 77:   0.0000  0.0000  0.2454  0.0037  0.2486  0.1435  0.0000  0.0000  0.0256  0.0764  0.0085  0.2169  0.0315  1
 78:   0.2049  0.1942  0.0071  0.0298  0.0000  0.0302  0.0000  0.0000  0.1612  0.0000  0.0000  0.1798  0.1929  1
 79:   0.0000  0.0000  0.5444  0.1462  0.0000  0.0000  0.0000  0.3093  0.0000  0.0000  0.0000  0.0000  0.0000  1
 80:   0.0000  0.0000  0.0000  0.0000  0.0000  0.0000  0.0000  0.0000  0.0000  1.0000  0.0000  0.0000  0.0000  1
 81:   0.0658  0.1264  0.1281  0.1441  0.0937  0.0139  0.0842  0.0211  0.1261  0.0642  0.0844  0.0457  0.0024  1
 82:   0.0000  0.3958  0.0365  0.2467  0.0000  0.0000  0.0000  0.1425  0.0000  0.1785  0.0000  0.0000  0.0000  1
 83:   0.0000  0.0000  0.0000  0.0000  0.0000  0.0000  0.0488  0.0000  0.0000  0.0000  0.0000  0.0000  0.9512  1
 84:   0.0723  0.0804  0.0593  0.1142  0.0826  0.0630  0.0696  0.0921  0.0504  0.0271  0.1273  0.0636  0.0982  1
 85:   0.0002  0.0000  0.0000  0.0000  0.0000  0.0000  0.0000  0.0000  0.0000  0.9998  0.0000  0.0000  0.0000  1
 86:   0.0000  0.0000  1.0000  0.0000  0.0000  0.0000  0.0000  0.0000  0.0000  0.0000  0.0000  0.0000  0.0000  1
 87:   0.0000  0.0000  0.2550  0.1428  0.0000  0.0000  0.0000  0.0000  0.0754  0.0000  0.0891  0.4377  0.0000  1
 88:   0.0790  0.0250  0.0532  0.0704  0.1434  0.1188  0.0215  0.0692  0.0617  0.0989  0.0730  0.0913  0.0945  1
