  1:   0.0577  0.1829  0.1269  0.2307  0.2103  0.1915  1
  2:   0.5805  0.0000  0.0000  0.0000  0.0000  0.4195  1
  3:   0.0000  0.0000  0.0000  0.4091  0.4418  0.1492  1
  4:   0.1423  0.2033  0.1576  0.2105  0.1404  0.1459  1
  5:   0.0000  0.0000  0.0750  0.5423  0.3827  0.0000  1
  6:   0.0000  0.0000  0.0000  1.0000  0.0000  0.0000  1
  7:   0.3211  0.0000  0.4670  0.0000  0.0000  0.2119  1
  8:   1.0000  0.0000  0.0000  0.0000  0.0000  0.0000  1
  9:   0.0494  0.2054  0.0580  0.2714  0.1602  0.2557  1
 10:   0.4999  0.0000  0.0000  0.0000  0.5001  0.0000  1
 11:   0.2183  0.3031  0.1898  0.1546  0.0758  0.0583  1
 12:   0.9997  0.0000  0.0000  0.0000  0.0003  0.0000  1
 13:   0.4936  0.0000  0.5064  0.0000  0.0000  0.0000  1
 14:   0.0000  0.0000  0.1288  0.7063  0.0000  0.1649  1
 15:   0.0000  0.3127  0.3039  0.0000  0.3834  0.0000  1
 16:   1.0000  0.0000  0.0000  0.0000  0.0000  0.0000  1
 17:   1.0000  0.0000  0.0000  0.0000  0.0000  0.0000  1
 18:   0.0000  0.0000  0.2122  0.3853  0.1705  0.2319  1
 19:   0.0000  0.0000  0.0000  0.0000  0.0000  1.0000  1
 20:   0.0901  0.0000  0.0000  0.4981  0.0000  0.4118  1
 21:   0.2244  0.0000  0.5454  0.2302  0.0000  0.0000  1
 22:   0.1619  0.4073  0.4296  0.0000  0.0000  0.0012  1
 23:   0.2267  0.0000  0.4434  0.3299  0.0000  0.0000  1
 24:   0.1545  0.0000  0.3471  0.2860  0.0000  0.2125  1
 25:   0.2517  0.0000  0.7483  0.0000  0.0000  0.0000  1
 26:   0.0000  0.0000  0.4939  0.5061  0.0000  0.0000  1
 27:   0.0000  0.0000  0.0000  1.0000  0.0000  0.0000  1
 28:   0.0148  0.1975  0.1931  0.2501  0.1055  0.2391  1
 29:   0.1088  0.1673  0.1802  0.1493  0.2715  0.1230  1
 30:   1.0000  0.0000  0.0000  0.0000  0.0000  0.0000  1
 31:   0.2058  0.1492  0.1982  0.2161  0.0394  0.1914  1
 32:   0.0194  0.2458  0.0233  0.0391  0.1088  0.5636  1
 33:   1.0000  0.0000  0.0000  0.0000  0.0000  0.0000  1
 34:   0.1063  0.0000  0.0000  0.5000  0.3937  0.0000  1
 35:   0.0000  0.0000  0.0000  1.0000  0.0000  0.0000  1
 36:   0.8142  0.0000  0.0000  0.1858  0.0000  0.0000  1
 37:   1.0000  0.0000  0.0000  0.0000  0.0000  0.0000  1
 38:   0.0000  0.0000  1.0000  0.0000  0.0000  0.0000  1
 39:   0.6306  0.0000  0.0000  0.0000  0.3694  0.0000  1
 40:   0.0000  0.0000  0.0000  0.0000  0.0000  1.0000  1
 41:   0.2106  0.2371  0.2028  0.0675  0.2063  0.0757  1
 42:   0.0000  0.0000  0.0018  0.3426  0.6555  0.0000  1
 43:   0.0000  0.0000  0.0000  0.0000  0.0000  1.0000  1
 44:   1.0000  0.0000  0.0000  0.0000  0.0000  0.0000  1
 45:   0.7428  0.0000  0.0000  0.0000  0.0000  0.2572  1
 46:   0.1345  0.1652  0.2280  0.0643  0.2460  0.1620  1
 47:   0.4999  0.0000  0.0000  0.0000  0.0001  0.5000  1
 48:   0.0000  0.0000  0.1313  0.1135  0.4836  0.2716  1
 49:   0.0000  0.0000  0.0000  0.2100  0.7900  0.0000  1
 50:   0.9998  0.0000  0.0000  0.0000  0.0002  0.0000  1
 51:   0.0000  0.0000  0.4042  0.4260  0.0000  0.1698  1
 52:   0.0000  0.0000  0.4540  0.0000  0.5460  0.0000  1
 53:   0.1572  0.0886  0.1581  0.1466  0.2878  0.1617  1
 54:   0.2130  0.0000  0.2963  0.3131  0.0000  0.1776  1
 55:   0.9994  0.0000  0.0000  0.0000  0.0006  0.0000  1
 56:   0.0000  0.0000  0.0000  0.0000  0.0000  1.0000  1
 57:   0.0000  0.0000  0.0000  1.0000  0.0000  0.0000  1
 58:   0.2356  0.2091  0.1798  0.1175  0.0805  0.1775  1
 59:   0.4222  0.0000  0.0000  0.3093  0.0000  0.2685  1
 60:   0.0315  0.4192  0.2336  0.1808  0.1050  0.0300  1
 61:   1.0000  0.0000  0.0000  0.0000  0.0000  0.0000  1
 62:   0.0000  1.0000  0.0000  0.0000  0.0000  0.0000  1
 63:   0.2568  0.0414  0.1051  0.1269  0.2331  0.2365  1
 64:   0.9999  0.0000  0.0000  0.0000  0.0001  0.0000  1
 65:   0.2079  0.0632  0.2039  0.0431  0.1990  0.2828  1
 66:   0.0000  0.0000  0.0000  0.0000  0.7967  0.2033  1
 67:   0.0583  0.1372  0.2235  0.1074  0.1977  0.2760  1
 68:   0.3232  0.0000  0.0000  0.0000  0.6768  0.0000  1
 69:   0.0000  0.0000  0.0000  1.0000  0.0000  0.0000  1
 70:   1.0000  0.0000  0.0000  0.0000  0.0000  0.0000  1
 71:   0.0171  0.2344  0.1301  0.2373  0.2173  0.1638  1
 72:   0.7413  0.0300  0.2218  0.0000  0.0000  0.0068  1
 73:   0.5344  0.0000  0.0000  0.4656  0.0000  0.0000  1
 74:   0.2649  0.2563  0.0980  0.0519  0.2455  0.0834  1
 75:   0.1565  0.1672  0.2639  0.0066  0.2381  0.1677  1
 76:   0.4301  0.0000  0.0000  0.5699  0.0000  0.0000  1
 77:   0.0839  0.0000  0.0000  0.5000  0.4161  0.0000  1
 78:   0.0804  0.2687  0.6509  0.0000  0.0000  0.0000  1
 79:   0.5333  0.0000  0.0000  0.0000  0.2633  0.2034  1
 80:   0.0000  0.0000  0.0000  1.0000  0.0000  0.0000  1
 81:   0.0608  0.3667  0.1228  0.2431  0.1966  0.0099  1
 82:   1.0000  0.0000  0.0000  0.0000  0.0000  0.0000  1
 83:   0.0000  0.0000  1.0000  0.0000  0.0000  0.0000  1
 84:   0.2731  0.1425  0.1124  0.0286  0.2673  0.1762  1
 85:   0.0000  0.0000  0.0000  1.0000  0.0000  0.0000  1
 86:   0.0000  0.0000  1.0000  0.0000  0.0000  0.0000  1
 87:   0.9997  0.0000  0.0000  0.0000  0.0003  0.0000  1
 88:   0.1633  0.1954  0.0674  0.2788  0.0769  0.2181  1
 89:   0.0000  0.4297  0.5703  0.0000  0.0000  0.0000  1
 90:   0.0000  1.0000  0.0000  0.0000  0.0000  0.0000  1
 91:   0.4610  0.3881  0.1509  0.0000  0.0000  0.0000  1
 92:   0.3345  0.0000  0.0000  0.0000  0.3901  0.2755  1
 93:   0.0000  0.0000  0.7970  0.2030  0.0000  0.0000  1
 94:   0.0000  0.0000  0.8959  0.0000  0.1041  0.0000  1
 95:   0.0000  0.0000  1.0000  0.0000  0.0000  0.0000  1
 96:   0.0388  0.2198  0.7410  0.0000  0.0000  0.0005  1
 97:   0.0000  0.2251  0.2277  0.2175  0.1296  0.2001  1
 98:   0.3683  0.0000  0.0000  0.1598  0.0000  0.4718  1
 99:   0.2229  0.0000  0.2378  0.2316  0.0335  0.2742  1
100:   0.3703  0.2549  0.2439  0.1310  0.0000  0.0000  1
101:   0.3475  0.2718  0.0000  0.2236  0.1570  0.0000  1
102:   0.0000  0.3070  0.0000  0.1561  0.3405  0.1963  1
103:   0.0000  0.0000  0.0000  0.0223  0.9777  0.0000  1
104:   0.0000  0.0000  0.0000  1.0000  0.0000  0.0000  1
105:   0.0072  0.1624  0.0757  0.2105  0.1854  0.3587  1
106:   0.4663  0.4522  0.0000  0.0815  0.0000  0.0000  1
107:   0.0000  0.1766  0.2604  0.0871  0.0000  0.4759  1
108:   0.1922  0.1929  0.0567  0.1646  0.2939  0.0997  1
109:   0.5690  0.0000  0.0000  0.2807  0.1503  0.0000  1
110:   0.1530  0.0000  0.0000  0.3744  0.4726  0.0000  1
111:   0.1802  0.0000  0.3530  0.4669  0.0000  0.0000  1
112:   0.1929  0.2185  0.0384  0.0855  0.2033  0.2614  1
113:   0.5869  0.0000  0.4131  0.0000  0.0000  0.0000  1
114:   0.0985  0.0000  0.0000  0.4347  0.0000  0.4668  1
115:   0.2592  0.0000  0.2801  0.0000  0.0000  0.4606  1
116:   0.0000  0.2229  0.2300  0.2177  0.1299  0.1995  1
117:   0.7781  0.2219  0.0000  0.0000  0.0000  0.0000  1
118:   0.0000  0.0000  0.0000  0.9738  0.0262  0.0000  1
119:   0.1422  0.5545  0.0000  0.3033  0.0000  0.0000  1
120:   0.0000  0.2306  0.2355  0.2073  0.1532  0.1734  1
121:   0.0000  0.0000  0.0000  0.0000  0.5189  0.4811  1
122:   0.0000  0.3908  0.0000  0.1891  0.1809  0.2393  1
123:   0.0000  0.3899  0.0000  0.1874  0.1796  0.2431  1
124:   0.4972  0.1185  0.0205  0.0094  0.1053  0.2490  1
125:   0.7516  0.0000  0.0000  0.0000  0.0000  0.2484  1
126:   0.0000  0.2229  0.2300  0.2177  0.1298  0.1995  1
127:   0.0966  0.1960  0.0797  0.0071  0.1846  0.4361  1
128:   0.2112  0.2105  0.0735  0.0773  0.2216  0.2059  1
129:   0.3258  0.0000  0.5252  0.1490  0.0000  0.0000  1
130:   0.0000  0.0000  0.0000  1.0000  0.0000  0.0000  1
131:   1.0000  0.0000  0.0000  0.0000  0.0000  0.0000  1
132:   0.0000  0.3446  0.2855  0.0000  0.0000  0.3699  1
133:   1.0000  0.0000  0.0000  0.0000  0.0000  0.0000  1
134:   0.0000  0.2850  0.0471  0.1802  0.2774  0.2103  1
135:   0.3983  0.0000  0.2899  0.0000  0.3117  0.0000  1
136:   0.3902  0.2314  0.0000  0.3784  0.0000  0.0000  1
137:   0.0000  0.0000  0.0000  0.0000  1.0000  0.0000  1
138:   0.0000  0.4399  0.0000  0.0939  0.2694  0.1968  1
139:   0.0000  0.0000  1.0000  0.0000  0.0000  0.0000  1
140:   0.0000  0.0000  0.0000  0.5000  0.5000  0.0000  1
141:   0.0000  0.1215  0.2772  0.2872  0.1062  0.2079  1
142:   0.1729  0.0938  0.1457  0.1357  0.2543  0.1975  1
143:   0.0000  0.0000  1.0000  0.0000  0.0000  0.0000  1
144:   0.0000  0.0000  0.4093  0.2522  0.0000  0.3385  1
145:   0.0000  0.2398  0.1490  0.1559  0.2221  0.2332  1
146:   0.5464  0.0000  0.1889  0.2647  0.0000  0.0000  1
147:   0.4782  0.5218  0.0000  0.0000  0.0000  0.0000  1
148:   0.4488  0.2686  0.0000  0.0978  0.1848  0.0000  1
149:   0.7337  0.1412  0.1251  0.0000  0.0000  0.0000  1
150:   1.0000  0.0000  0.0000  0.0000  0.0000  0.0000  1
151:   0.0110  0.0702  0.2919  0.3104  0.2170  0.0996  1
152:   0.0844  0.4057  0.0000  0.1876  0.3223  0.0000  1
153:   0.4008  0.2749  0.0000  0.0000  0.0000  0.3243  1
154:   0.0081  0.0891  0.1538  0.0545  0.3363  0.3581  1
155:   0.0000  0.3698  0.0000  0.1936  0.1215  0.3151  1
156:   0.0506  0.0860  0.0270  0.2904  0.3409  0.2052  1
157:   0.5503  0.0000  0.0000  0.2830  0.0000  0.1666  1
158:   0.4333  0.0000  0.0000  0.0000  0.0000  0.5667  1
159:   0.2715  0.4032  0.3239  0.0000  0.0014  0.0000  1
160:   0.6130  0.0000  0.0000  0.3870  0.0000  0.0000  1
161:   0.4931  0.0000  0.0000  0.0000  0.0000  0.5069  1
162:   0.1107  0.1276  0.2853  0.1677  0.3087  0.0000  1
163:   0.0000  0.0000  0.1353  0.3967  0.4679  0.0000  1
164:   0.3878  0.0000  0.0000  0.3945  0.2176  0.0000  1
165:   0.5368  0.0000  0.0000  0.1586  0.2692  0.0354  1
166:   0.8172  0.0000  0.0000  0.1828  0.0000  0.0000  1
167:   0.1076  0.1550  0.2306  0.1702  0.1102  0.2263  1
168:   0.4110  0.0000  0.4908  0.0594  0.0000  0.0387  1
169:   0.3654  0.1654  0.0000  0.0458  0.2526  0.1708  1
170:   0.2526  0.2446  0.2060  0.0513  0.1400  0.1055  1
171:   0.0000  0.0000  0.4466  0.2652  0.0000  0.2882  1
172:   0.4991  0.0000  0.0000  0.0000  0.0009  0.5000  1
173:   0.0000  0.4081  0.5238  0.0681  0.0000  0.0000  1
174:   0.2519  0.0000  0.3154  0.2695  0.1632  0.0000  1
175:   0.3787  0.0000  0.0000  0.4347  0.0000  0.1866  1
176:   0.4598  0.0000  0.3146  0.2257  0.0000  0.0000  1
177:   0.0000  0.0000  0.0000  0.1007  0.6993  0.2000  1
178:   0.0000  0.0000  0.2768  0.5193  0.0699  0.1340  1
179:   0.3093  0.0795  0.0000  0.3875  0.0000  0.2237  1
180:   0.1384  0.0000  0.0000  0.6003  0.2613  0.0000  1
181:   0.7011  0.2989  0.0000  0.0000  0.0000  0.0000  1
182:   1.0000  0.0000  0.0000  0.0000  0.0000  0.0000  1
183:   0.0000  0.0000  0.0000  0.3205  0.5280  0.1515  1
184:   0.2358  0.0000  0.0000  0.5901  0.0000  0.1741  1
185:   0.0080  0.0000  0.0000  0.5561  0.0000  0.4358  1
186:   0.0000  0.3573  0.6427  0.0000  0.0000  0.0000  1
187:   0.6956  0.0000  0.3044  0.0000  0.0000  0.0000  1
188:   0.0000  0.0000  0.2058  0.2730  0.1983  0.3229  1
189:   0.3787  0.0000  0.1302  0.0000  0.4911  0.0000  1
190:   0.1249  0.0000  0.3755  0.4996  0.0000  0.0000  1
191:   0.2511  0.3614  0.3845  0.0000  0.0000  0.0029  1
192:   0.6496  0.0000  0.0000  0.0000  0.0000  0.3504  1
193:   1.0000  0.0000  0.0000  0.0000  0.0000  0.0000  1
194:   0.0000  0.4794  0.0000  0.5206  0.0000  0.0000  1
195:   0.1789  0.2232  0.0882  0.0339  0.2309  0.2448  1
196:   0.0000  0.2515  0.5286  0.0000  0.0344  0.1855  1
197:   0.0000  0.0000  0.0000  0.0000  0.4415  0.5585  1
198:   1.0000  0.0000  0.0000  0.0000  0.0000  0.0000  1
199:   1.0000  0.0000  0.0000  0.0000  0.0000  0.0000  1
200:   0.0179  0.2310  0.2275  0.0973  0.2615  0.1647  1
201:   0.0000  0.4747  0.0000  0.5253  0.0000  0.0000  1
202:   0.3926  0.3035  0.0000  0.0000  0.0058  0.2982  1
203:   0.0000  0.0000  0.0000  0.0000  0.0000  1.0000  1
204:   1.0000  0.0000  0.0000  0.0000  0.0000  0.0000  1
205:   0.2294  0.1010  0.1467  0.1854  0.2001  0.1373  1
206:   0.2154  0.5122  0.2705  0.0000  0.0000  0.0020  1
207:   0.0000  0.2125  0.1334  0.3468  0.0173  0.2899  1
208:   1.0000  0.0000  0.0000  0.0000  0.0000  0.0000  1
209:   0.0000  0.0000  0.0000  0.0000  0.0000  1.0000  1
210:   1.0000  0.0000  0.0000  0.0000  0.0000  0.0000  1
211:   0.3452  0.1151  0.5398  0.0000  0.0000  0.0000  1
212:   0.0000  0.0000  0.0000  0.0000  1.0000  0.0000  1
213:   0.0000  0.0000  1.0000  0.0000  0.0000  0.0000  1
214:   0.0000  0.7784  0.2216  0.0000  0.0000  0.0000  1
215:   0.2420  0.4325  0.0000  0.3255  0.0000  0.0000  1
216:   1.0000  0.0000  0.0000  0.0000  0.0000  0.0000  1
217:   0.8514  0.0000  0.0000  0.1078  0.0000  0.0408  1
218:   0.0000  0.5104  0.4896  0.0000  0.0000  0.0000  1
219:   0.0000  0.5228  0.0000  0.0038  0.1614  0.3120  1
220:   0.0000  0.0000  0.0000  1.0000  0.0000  0.0000  1
221:   0.0000  0.0000  0.0000  1.0000  0.0000  0.0000  1
222:   1.0000  0.0000  0.0000  0.0000  0.0000  0.0000  1
223:   0.0000  0.0000  0.0000  0.2967  0.7033  0.0000  1
224:   0.3531  0.3905  0.0507  0.0469  0.1312  0.0277  1
225:   0.0000  0.0000  0.0000  0.0801  0.9199  0.0000  1
226:   0.5643  0.0000  0.0000  0.1286  0.0000  0.3071  1
227:   0.1470  0.3265  0.5248  0.0000  0.0000  0.0017  1
228:   0.9768  0.0000  0.0000  0.0000  0.0000  0.0232  1
229:   0.1355  0.0000  0.3672  0.0000  0.4178  0.0794  1
230:   0.0000  0.0000  0.5098  0.4902  0.0000  0.0000  1
231:   0.7069  0.0000  0.0000  0.2931  0.0000  0.0000  1
232:   0.0000  0.0000  0.4470  0.0000  0.0913  0.4617  1
233:   0.0000  0.0000  0.0000  0.0000  1.0000  0.0000  1
234:   0.1633  0.1397  0.1010  0.1930  0.2451  0.1578  1
235:   0.0000  0.3599  0.0000  0.6401  0.0000  0.0000  1
236:   0.4057  0.0000  0.5943  0.0000  0.0000  0.0000  1
237:   0.0000  0.0000  1.0000  0.0000  0.0000  0.0000  1
238:   0.0000  0.0000  0.0000  1.0000  0.0000  0.0000  1
239:   0.0000  0.4051  0.0000  0.0000  0.4018  0.1931  1
240:   0.0681  0.1345  0.3495  0.0000  0.0000  0.4479  1
241:   1.0000  0.0000  0.0000  0.0000  0.0000  0.0000  1
242:   0.0000  0.0000  0.0000  0.7664  0.2336  0.0000  1
243:   0.0000  0.0000  0.3078  0.0000  0.4036  0.2886  1
244:   0.0000  0.2959  0.4218  0.0000  0.0000  0.2823  1
245:   0.0001  0.0000  0.0000  0.6330  0.0375  0.3294  1
246:   0.0000  0.3111  0.6889  0.0000  0.0000  0.0000  1
247:   0.3944  0.0000  0.0000  0.2522  0.0000  0.3534  1
248:   0.0000  0.4461  0.5539  0.0000  0.0000  0.0000  1
249:   0.2907  0.2517  0.0000  0.4577  0.0000  0.0000  1
250:   0.0940  0.2900  0.0298  0.3373  0.2396  0.0092  1
251:   0.0000  0.0000  1.0000  0.0000  0.0000  0.0000  1
252:   0.0000  1.0000  0.0000  0.0000  0.0000  0.0000  1
253:   0.2304  0.0000  0.0000  0.3026  0.1743  0.2927  1
254:   0.2659  0.0000  0.7341  0.0000  0.0000  0.0000  1
255:   0.6168  0.1559  0.0000  0.2273  0.0000  0.0000  1
256:   1.0000  0.0000  0.0000  0.0000  0.0000  0.0000  1
257:   0.4196  0.0000  0.0000  0.0000  0.5804  0.0000  1
258:   0.0000  0.0000  0.0000  0.0000  1.0000  0.0000  1
259:   0.9996  0.0000  0.0000  0.0000  0.0004  0.0000  1
260:   1.0000  0.0000  0.0000  0.0000  0.0000  0.0000  1
261:   0.1234  0.2156  0.1200  0.1429  0.3165  0.0815  1
262:   0.0000  0.0000  0.0000  0.0000  1.0000  0.0000  1
