0.19011568535409925640 0.11527087295759885777 0.16462211368036180903 0.12765645220386059866 0.17051076341014212434 0.11369474826756968688 0.11812936412636752814 
0.00000000099999999939 0.00000000099999999939 0.00000000099999999939 0.37071784345084890511 0.00000000099999999939 0.62928215154915090324 0.00000000099999999939 
0.15753877579072861348 0.10442620669511405718 0.00000000099999999976 0.22669506764988123226 0.49988098340469749870 0.01145896445957846933 0.00000000099999999976 
0.21440689668148280034 0.15396480923659225382 0.03872734292436698367 0.02405232976801983946 0.12156714217920289167 0.21644344645722321530 0.23083803275311196024 
0.25553374894648794857 0.00000000099999999907 0.00000000099999999907 0.00000000099999999907 0.74446624605351185977 0.00000000099999999907 0.00000000099999999907 
0.99999999400000016969 0.00000000099999999966 0.00000000099999999966 0.00000000099999999966 0.00000000099999999966 0.00000000099999999966 0.00000000099999999966 
0.00000000099999999925 0.00000000099999999925 0.00000000099999999925 0.44657646554586233334 0.00000000099999999925 0.00000000099999999925 0.55342352945413764154 
0.00000000099999999971 0.00000000099999999971 0.00000000099999999971 0.00000000099999999971 0.00000000099999999971 0.99999999399999994765 0.00000000099999999971 
0.14010206914856124238 0.04720585389156958106 0.26538078097697592739 0.19237277275776662466 0.05153259592168506903 0.06839831139404058125 0.23500761590940100199 
0.00000000099999999982 0.00000000099999999982 0.00000000099999999982 0.00000000099999999982 0.46866142157443330118 0.53133857342556656267 0.00000000099999999982 
0.21901947540289781746 0.05223653256592591942 0.05820531781373122771 0.07362304014140230723 0.17896191709389247526 0.23415325911165504880 0.18380045787049525963 
0.00000000099999999980 0.00000000099999999980 0.00000000099999999980 0.00000000099999999980 0.00000000099999999980 0.99999999399999994765 0.00000000099999999980 
0.00000000099999999936 0.00000000099999999936 0.00000000099999999936 0.00000000099999999936 0.00000000099999999936 0.42404521401910744149 0.57595478098089258889 
0.29623162380654932679 0.19916696208438552929 0.00000000099999999958 0.36999071160871510600 0.13461069950035017828 0.00000000099999999958 0.00000000099999999958 
0.00000000099999999972 0.00000000099999999972 0.27798267609064741812 0.00000000099999999972 0.32563119755498592944 0.14626687770800650412 0.25011924564636017765 
0.00000000099999999972 0.00000000099999999972 0.00000000099999999972 0.00000000099999999972 0.00000000099999999972 0.99999999399999994765 0.00000000099999999972 
0.00000000099999999950 0.00000000099999999950 0.00000000099999999950 0.00000000099999999950 0.00000000099999999950 0.00000000099999999950 0.99999999400000005867 
0.20204178606716644007 0.00000000099999999981 0.00000000099999999981 0.25347511072416267774 0.40196558626371120537 0.14251751394495959513 0.00000000099999999981 
0.00000000099999999894 0.00000000099999999894 0.00000000099999999894 0.99999999399999994765 0.00000000099999999894 0.00000000099999999894 0.00000000099999999894 
0.40628980604494552287 0.50221689871240748904 0.00000000099999999947 0.09149329124264692081 0.00000000099999999947 0.00000000099999999947 0.00000000099999999947 
0.40376290947490239835 0.00000000099999999928 0.00000000099999999928 0.00000000099999999928 0.00000000099999999928 0.00000000099999999928 0.59623708552509746550 
0.34919085424562934517 0.00000000099999999988 0.00000000100003340036 0.00000000100019141755 0.00000000099999999988 0.29566914017788165081 0.35514000157626401943 
0.53167489003589540886 0.00000000099999999908 0.00000000099999999908 0.00000000099999999908 0.00000000099999999908 0.00000000099999999908 0.46832510496410473255 
0.01330997591639670845 0.00000000099999999943 0.00000000099999999943 0.37800991829263219657 0.60868010179097120638 0.00000000099999999943 0.00000000099999999943 
0.00000000099999999894 0.00000000099999999894 0.00000000099999999894 0.00000000099999999894 0.00000000099999999894 0.00000000099999999894 0.99999999399999994765 
0.40013054474867970622 0.00000000099999999953 0.00000000099999999953 0.00000000099999999953 0.46338602670243467241 0.00000000099999999953 0.13648342454888554021 
0.99999999400000005867 0.00000000099999999905 0.00000000099999999905 0.00000000099999999905 0.00000000099999999905 0.00000000099999999905 0.00000000099999999905 
0.02213182265190198963 0.26083187844361926944 0.19950710322123851870 0.22047496781650452458 0.01435855779882433403 0.16233050122837355822 0.12036516883953772561 
0.17802016553209704108 0.10363325208201296102 0.12450379937350938842 0.13767763909560118418 0.10969817739731783923 0.20150246846625938235 0.14496449805320213433 
0.00000000099999999948 0.00000000099999999948 0.00000000099999999948 0.99999999400000005867 0.00000000099999999948 0.00000000099999999948 0.00000000099999999948 
0.12399378358872367722 0.04564951651515653658 0.12723478451565389813 0.22800277219445574950 0.15217417373204930597 0.12381713351038892146 0.19912783594357197359 
0.17938012240867870495 0.17505921914544594897 0.08333425880112392548 0.19608944185435728258 0.17120013966051905729 0.03317554655067506825 0.16176127157920014432 
0.00000560964850173653 0.00000000099999999974 0.00000000099999999974 0.74036713563872458277 0.00000000099999999974 0.25962725071277370503 0.00000000099999999974 
0.28895397631419522666 0.00000000099999999984 0.00000000100291434563 0.00000000099999999984 0.71104601867530348169 0.00000000100758687405 0.00000000099999999984 
0.99999999400000005867 0.00000000099999999876 0.00000000099999999876 0.00000000099999999876 0.00000000099999999876 0.00000000099999999876 0.00000000099999999876 
0.47964156763908538661 0.00000000099999999953 0.00000000099999999953 0.16430477353956035591 0.00000000099999999953 0.35605365482135409305 0.00000000099999999953 
0.00000000099999999965 0.00000000099999999965 0.00000000099999999965 0.00000000099999999965 0.00000000099999999965 0.99999999400000005867 0.00000000099999999965 
0.00000000099999999954 0.00000000099999999954 0.00000000099999999954 0.00000000099999999954 0.00000000099999999954 0.00000000099999999954 0.99999999400000005867 
0.00000000099999999963 0.00000000099999999963 0.00000000099999999963 0.00000011790130751860 0.51774043446602302510 0.48225944363266959325 0.00000000099999999963 
0.00000000099999999905 0.00000000099999999905 0.00000000099999999905 0.99999999399999994765 0.00000000099999999905 0.00000000099999999905 0.00000000099999999905 
0.09179789835079671390 0.02443958031782181295 0.13716140917492550266 0.03803760255014000669 0.15417203409919108537 0.29649483248525793089 0.25789664302186693368 
0.00000000099999999915 0.00000000099999999915 0.00000000099999999915 0.00000000099999999915 0.99999999400000005867 0.00000000099999999915 0.00000000099999999915 
0.00000000099999999968 0.00000000099999999968 0.00000000099999999968 0.99999999399999994765 0.00000000099999999968 0.00000000099999999968 0.00000000099999999968 
0.00000000099999999975 0.00000000099999999975 0.00000000099999999975 0.00000000099999999975 0.00000000099999999975 0.99999999400000005867 0.00000000099999999975 
0.00000000099999999950 0.00000000099999999950 0.00000000099999999950 0.50007304820020914704 0.00010279598206161353 0.49982415181772910096 0.00000000099999999950 
0.18076040138021257087 0.14577717593262121132 0.10419363437395076644 0.12512140223314743848 0.10039562232372790940 0.17720103579392074145 0.16655072796241934818 
0.00000000099999999987 0.00000000099999999987 0.00000000099999999987 0.50000010961963992084 0.00000000099999999987 0.49999988538036005403 0.00000000099999999987 
0.00000000099999999890 0.00000000099999999890 0.00000000099999999890 0.32687607836694299035 0.67312391663305681799 0.00000000099999999890 0.00000000099999999890 
0.00000000099999999956 0.99991366405837767140 0.00000000099999999956 0.00000000099999999956 0.00008633094162242575 0.00000000099999999956 0.00000000099999999956 
0.00000000099999999977 0.00000000099999999977 0.00000000099999999977 0.00000000099999999977 0.00000000099999999977 0.99999999400000005867 0.00000000099999999977 
0.20804332255181459677 0.00000000099999999951 0.00000000099999999951 0.25161510862868341487 0.30937474726799302216 0.00000000099999999951 0.23096681855150913432 
0.00000000099999999878 0.00000000099999999878 0.00000000099999999878 0.00000000099999999878 0.99999999399999983662 0.00000000099999999878 0.00000000099999999878 
0.12871431008367464899 0.04380445715204860091 0.25382948874548894036 0.23015528662647966041 0.06996871572093525671 0.22576187407643441563 0.04776586759493848394 
0.36737507850853823310 0.00000000099999999910 0.00000000099999999910 0.35604507132235563294 0.00000000099999999910 0.00000000099999999910 0.27657984616910619158 
0.00000000099999999977 0.00000000099999999977 0.00000000099999999977 0.00000000099999999977 0.00000000099999999977 0.99999999400000005867 0.00000000099999999977 
0.00000000099999999915 0.00000000099999999915 0.00000000099999999915 0.99999999400000005867 0.00000000099999999915 0.00000000099999999915 0.00000000099999999915 
0.99999999400000016969 0.00000000099999999906 0.00000000099999999906 0.00000000099999999906 0.00000000099999999906 0.00000000099999999906 0.00000000099999999906 
0.17228796103643576054 0.07916838628949764145 0.23224984390741157392 0.03124337313920597797 0.02178518646578436052 0.29788729686661918894 0.16537795229504556604 
0.39774185588103899702 0.00000000099999999909 0.00000000099999999909 0.60225813911896097785 0.00000000099999999909 0.00000000099999999909 0.00000000099999999909 
0.16249929189751652348 0.32493056821688592883 0.09876658081970961234 0.09535466518667067015 0.05608995480925397376 0.13597748530096406827 0.12638145376899931338 
0.00000000099999999967 0.00000000099999999967 0.00000000099999999967 0.00000000099999999967 0.00000000099999999967 0.99999999400000005867 0.00000000099999999967 
0.00000000099999999955 0.00000000099999999955 0.99999999399999994765 0.00000000099999999955 0.00000000099999999955 0.00000000099999999955 0.00000000099999999955 
0.26094694741441559760 0.13187185539518189725 0.18498835620240516864 0.22634789436963950737 0.07419684779001656239 0.06569443847360358080 0.05595366035473769289 
0.00000000099999999982 0.00000000099999999982 0.00000000099999999982 0.00000000099999999982 0.00000000099999999982 0.99999999400000005867 0.00000000099999999982 
0.23388602593907811822 0.02363155239106391400 0.19343676446964136462 0.03828501314434162167 0.01428121744424094841 0.15789166788291580934 0.33858775872871837986 
0.00000000099999999928 0.00000000099999999928 0.00000000099999999928 0.20751628223845067223 0.79248371276154938592 0.00000000099999999928 0.00000000099999999928 
0.15821911466536936475 0.05120811648294615326 0.30870066798776785166 0.10340181727709954473 0.20461127165717094001 0.16552268511405360263 0.00833632681559257072 
0.00000000099999999929 0.00000000099999999929 0.00000000099999999929 0.00000000099999999929 0.35029789647096892802 0.64970209852903104686 0.00000000099999999929 
0.00000000099999999934 0.99999999400000005867 0.00000000099999999934 0.00000000099999999934 0.00000000099999999934 0.00000000099999999934 0.00000000099999999934 
0.00000000099999999934 0.00000000099999999934 0.00000000099999999934 0.00000000099999999934 0.00000000099999999934 0.99999999400000005867 0.00000000099999999934 
0.26365083130168232017 0.06063520706244986125 0.01698567417243944389 0.09273275885091640525 0.10436413497465751865 0.28059914391614032558 0.18103224972171411133 
0.29231430120441631582 0.00000000099999999988 0.00000000100003442919 0.00000000100018670964 0.00000000099999999988 0.33693264330911543158 0.37075305148624704277 
0.00000000099999999975 0.49309470536407035146 0.00000000099999999975 0.00000000099999999975 0.00000000099999999975 0.50690528963592951239 0.00000000099999999975 
0.06521750447163722486 0.05584974069133698260 0.03988851128179898148 0.23994667327707197568 0.10025503485652766111 0.45562087954532115575 0.04322165587630595607 
0.11965940746717765308 0.16528063216821825554 0.11499429341320255293 0.07981962104125925328 0.22228451718813663218 0.13096272945890358175 0.16699879926310215450 
0.64026047086606807657 0.00000000099999999964 0.00000000099999999964 0.00000000099999999964 0.35973952413393212035 0.00000000099999999964 0.00000000099999999964 
0.28895396669730066819 0.00000000099999999985 0.00000000100291432705 0.00000000099999999985 0.71104602829219798465 0.00000000100758705009 0.00000000099999999985 
0.31176113891078216511 0.00000000099999999982 0.00000000100004987465 0.00000000100031026302 0.00000000099999999982 0.38528615411943728519 0.30295270296942033994 
0.00000000099999999898 0.00000000099999999898 0.00000000099999999898 0.00000000099999999898 0.00000000099999999898 0.99999999399999983662 0.00000000099999999898 
0.99999999400000016969 0.00000000099999999935 0.00000000099999999935 0.00000000099999999935 0.00000000099999999935 0.00000000099999999935 0.00000000099999999935 
0.14293384561215105588 0.22099299839725772276 0.23791452656041081615 0.09389874687789498409 0.12215532778653077906 0.12459712520105672984 0.05750742956469800937 
0.00000000099999999978 0.00000000099999999978 0.00000000099999999978 0.00000000099999999978 0.00000000099999999978 0.99999999400000005867 0.00000000099999999978 
0.00000000099999999942 0.00000000099999999942 0.00000000099999999942 0.00000000099999999942 0.00000000099999999942 0.00000000099999999942 0.99999999400000005867 
0.15248922240918247328 0.10746837872987846652 0.08951299654574586262 0.16572839340713615974 0.20848969716806575736 0.07160207241286330182 0.20470923932712803417 
0.99999999400000016969 0.00000000099999999937 0.00000000099999999937 0.00000000099999999937 0.00000000099999999937 0.00000000099999999937 0.00000000099999999937 
0.00000000099999999952 0.00000000099999999952 0.00000000099999999952 0.00000000099999999952 0.00000000099999999952 0.00000000099999999952 0.99999999399999994765 
0.00000000099999999982 0.00000000099999999982 0.00000000099999999982 0.00000000099999999982 0.00000000099999999982 0.99999999400000005867 0.00000000099999999982 
0.04121651906032130358 0.11454724517953035479 0.10089125908685846189 0.19518629268192219661 0.22305905789575919407 0.19127335700523936945 0.13382626909036926532 
0.00000000099999999971 0.00000000099999999971 0.42884725494477160535 0.00000000099999999971 0.00055184100729427582 0.04388215744837428017 0.52671874359955972444 
0.00000000099999999891 0.00000000099999999891 0.99999999399999983662 0.00000000099999999891 0.00000000099999999891 0.00000000099999999891 0.00000000099999999891 
0.11782899711526315101 0.00000000099999999982 0.00000000100005728018 0.00000000100023814739 0.00000000099999999982 0.41794634386369794443 0.46422465502074361510 
0.00000000099999999939 0.00000000099999999939 0.00000000099999999939 0.36629724991230316888 0.06425352366367609314 0.56944922242402062906 0.00000000099999999939 
0.21569380072945842919 0.00000000099999999893 0.00000000099999999893 0.00000000099999999893 0.00000000099999999893 0.00000000099999999893 0.78430619427054160120 
0.00000000099999999894 0.00000000099999999894 0.00000000099999999894 0.00000000099999999894 0.00000000099999999894 0.00000000099999999894 0.99999999399999994765 
0.00000000099999999900 0.00000000099999999900 0.00000000099999999900 0.00000000099999999900 0.00000000099999999900 0.00000000099999999900 0.99999999400000005867 
0.17421859086973143227 0.00000000099999999988 0.00000000100003750116 0.00000000100015598350 0.00000000099999999988 0.35191864606106038060 0.47386275906901487165 
0.05319512626125773302 0.43752633565499665647 0.29716805151331115997 0.00000000099999999971 0.00000000099999999971 0.00000000099999999971 0.21211048357043460477 
0.44178952412926875137 0.25993104286989215934 0.00000000099999999945 0.10062312410938231699 0.00000000099999999945 0.19765630589145671836 0.00000000099999999945 
0.23706735419343688553 0.53268942771728677865 0.00000000099999999972 0.00000000099999999972 0.00000000099999999972 0.09011595472173590526 0.14012726036754039050 
0.42884654984364561914 0.00000000099999999944 0.16445269908580131824 0.00000000099999999944 0.00000000099999999944 0.00000000099999999944 0.40670074707055309249 
0.15055600631262977540 0.00000000099999999956 0.27061098120687576696 0.00000000099999999956 0.41517593106265848757 0.16365707841783591614 0.00000000099999999956 
0.00000000099999999928 0.49670083188917152350 0.35594077180954941664 0.00000000099999999928 0.14735839230127914523 0.00000000099999999928 0.00000000099999999928 
0.00000000099999999945 0.99999999400000005867 0.00000000099999999945 0.00000000099999999945 0.00000000099999999945 0.00000000099999999945 0.00000000099999999945 
0.99999999400000016969 0.00000000099999999970 0.00000000099999999970 0.00000000099999999970 0.00000000099999999970 0.00000000099999999970 0.00000000099999999970 
0.06190003460909037497 0.08915010620473812208 0.22504156437267947011 0.04509415123212000276 0.30850376284695563145 0.17265166423157901621 0.09765871650283736161 
0.67188002521107537124 0.00000000099999999912 0.32811996978892477017 0.00000000099999999912 0.00000000099999999912 0.00000000099999999912 0.00000000099999999912 
0.29332093034490175354 0.00000000099999999974 0.00000000099999999974 0.37492926388154590445 0.00000000099999999974 0.00000000099999999974 0.33174980177355245514 
0.15348588672170804248 0.14259387221537128676 0.16740781167522802986 0.09173367476887298033 0.17695830852091434804 0.17335606392644806184 0.09446438217145734784 
0.23783378150313122523 0.00000000099999999946 0.00000000099999999946 0.00000000099999999946 0.53104819513742829162 0.23111801935944042974 0.00000000099999999946 
0.00000000099999999924 0.00000000099999999924 0.00000000099999999924 0.06394965738286444157 0.93605033761713551943 0.00000000099999999924 0.00000000099999999924 
0.41047877328743975767 0.00000000099999999954 0.00000000099999999954 0.00011676672166786867 0.37999902304980515133 0.00000000099999999954 0.20940543394108701580 
0.05041267433472481491 0.19908909963129217680 0.17188703806445534972 0.23047258241104201515 0.12483766740251761584 0.12674574590163428800 0.09655519225433371877 
0.00000000099999999938 0.00000000099999999938 0.00000000099999999938 0.45372848629514334062 0.00000000099999999938 0.00000000099999999938 0.54627150870485652323 
0.45712315393554847631 0.48628932245973294224 0.00000000099999999957 0.05658751960471868070 0.00000000099999999957 0.00000000099999999957 0.00000000099999999957 
0.00000000099999999953 0.33734776632909913019 0.00000000099999999953 0.22174284805465538373 0.00000000099999999953 0.35434512331865331003 0.08656425929759217763 
0.05411200406219199288 0.43583349977732560587 0.29265698365280579107 0.00000000099999999971 0.00000000099999999971 0.00000000099999999971 0.21739750950767675053 
0.07595408973568737454 0.00000000099999999989 0.30897405458830223823 0.20253962743153489101 0.30325889380177328825 0.10879513961353708129 0.00047819382916514905 
0.00000000099999999956 0.99998197247707509838 0.00000000099999999956 0.00000000099999999956 0.00001802252292506539 0.00000000099999999956 0.00000000099999999956 
0.50264722002805906076 0.00000000099999999916 0.49735277497194113616 0.00000000099999999916 0.00000000099999999916 0.00000000099999999916 0.00000000099999999916 
0.04322672399568856100 0.43008132461684872583 0.29648215356383905705 0.00000000099999999971 0.00000000099999999971 0.00000000099999999971 0.23020979482362372015 
0.00000000099999999833 0.99999999399999994765 0.00000000099999999833 0.00000000099999999833 0.00000000099999999833 0.00000000099999999833 0.00000000099999999833 
0.04772253921443656705 0.46059818477989977747 0.49167927200566369228 0.00000000099999999976 0.00000000099999999976 0.00000000099999999976 0.00000000099999999976 
0.04617217530926319424 0.46194756230978334388 0.49188025838095350561 0.00000000099999999977 0.00000000099999999977 0.00000000099999999977 0.00000000099999999977 
0.19549170959377043522 0.12284855614165994531 0.06901014702368966913 0.10282673284225543608 0.23166520358025788351 0.06306785649754294287 0.21508979432082372951 
0.20214782321559540690 0.00000000099999999967 0.00000000099999999967 0.73660991992424629249 0.00000000099999999967 0.06124225286015824721 0.00000000099999999967 
0.05410762851331354928 0.43583339064845844080 0.29266290691645435729 0.00000000099999999971 0.00000000099999999971 0.00000000099999999971 0.21739607092177368197 
0.12287793822116460651 0.00960918880639119802 0.06155303503806328069 0.25603189634275119735 0.27222884000793190484 0.19030651934059003572 0.08739258224310769707 
0.12031594251527595596 0.25419325288360716808 0.07563463603197759233 0.05977258444233812112 0.07572438772647140104 0.18766248992572623355 0.22669670647460343771 
0.39390737565401934273 0.00000000099999999944 0.00000000099999999944 0.00000000099999999944 0.00000000099999999944 0.02462201074810508108 0.58147060959787544299 
0.99999999400000016969 0.00000000099999999958 0.00000000099999999958 0.00000000099999999958 0.00000000099999999958 0.00000000099999999958 0.00000000099999999958 
0.00000000099999999968 0.00000000099999999968 0.00000000099999999968 0.46325642784424647669 0.44909505849459502302 0.08764850966115848852 0.00000000099999999968 
0.00000000099999999979 0.31294431061459998533 0.32328477828695573182 0.00000000099999999979 0.00000000099999999979 0.05678759515754951831 0.30698331294089487020 
0.00000000099999999965 0.00000000099999999965 0.00000000099999999965 0.00000000099999999965 0.00000000099999999965 0.99999999400000005867 0.00000000099999999965 
0.08746585673054531329 0.37030520385253756777 0.30863166924534629620 0.00000000099999999981 0.10941896239030035609 0.00000000099999999981 0.12417830578127056484 
0.00000000099999999947 0.13986693319087262211 0.00000000099999999947 0.00000000099999999947 0.26456487980054760323 0.35518199410994366616 0.24038618989863613784 
0.40877641787982404997 0.00000000099999999968 0.26002329609320129489 0.00000000099999999968 0.33120028202697476827 0.00000000099999999968 0.00000000099999999968 
0.00000000099999999945 0.00000000099999999945 0.00000000099999999945 0.00000000099999999945 0.99999999400000005867 0.00000000099999999945 0.00000000099999999945 
0.00000000099999999969 0.44755720905394502651 0.50426846261718027975 0.00000000099999999969 0.00000000099999999969 0.04817432432887486238 0.00000000099999999969 
0.00000000099999999956 0.00000000099999999956 0.00000000099999999956 0.00000000099999999956 0.99999999400000005867 0.00000000099999999956 0.00000000099999999956 
0.00000000099999999941 0.00000000099999999941 0.00000000099999999941 0.00000000099999999941 0.99999999399999994765 0.00000000099999999941 0.00000000099999999941 
0.15808701795974824944 0.43123944959512849895 0.15502443484749761637 0.00000000099999999971 0.00000000099999999971 0.00000000099999999971 0.25564909459762563682 
0.08646591365906063087 0.17504750854427816864 0.15797771995249268451 0.14163316495482020096 0.21165104335650408718 0.14152309869418369659 0.08570155083866050350 
0.00000000099999999957 0.00000000099999999957 0.00000000099999999957 0.00000000099999999957 0.99999999399999994765 0.00000000099999999957 0.00000000099999999957 
0.22401802935619644086 0.38802809047889330607 0.00000000099999999968 0.00000000099999999968 0.00000000099999999968 0.00000000099999999968 0.38795387616491039395 
0.02972307137719088638 0.53632521913122321866 0.29521870339812267270 0.00000000099999999968 0.00000000099999999968 0.13873300309346320303 0.00000000099999999968 
0.63372430233639276409 0.00000000099999999935 0.00000000099999999935 0.00000000099999999935 0.00000000099999999935 0.00000000099999999935 0.36627569266360732181 
0.27352237353243358253 0.00000000099999999956 0.50349438920467248781 0.00000000099999999956 0.00000000099999999956 0.14079947320844121705 0.08218376105445264479 
0.34039337637007671677 0.00000000099999999963 0.23720727528870980128 0.00000000099999999963 0.00000000099999999963 0.42239934434121351181 0.00000000099999999963 
0.25627284348990242435 0.00000000099999999982 0.00000000100005330094 0.00000000100026035189 0.00000000099999999982 0.32878045470383421289 0.41494669780594956032 
0.00000000099999999950 0.00000000099999999950 0.00000000099999999950 0.00000000099999999950 0.00000000099999999950 0.99999999400000005867 0.00000000099999999950 
0.05957445655545455521 0.29210690598755340019 0.07343416533113628075 0.17391002302761626730 0.02890481177641672852 0.26054850557135794675 0.11152113175046485249 
0.07103848976160821727 0.02132448179155574733 0.42579169117519455323 0.00000000099999999969 0.28415214052314979876 0.19769319474849164631 0.00000000099999999969 
0.12227552708792999159 0.22791614517247907323 0.30835732254886477621 0.02478794527494014577 0.00000000099999999966 0.31666305791578613915 0.00000000099999999966 
0.05943890322938644166 0.06483131870079722470 0.12177988801573898237 0.29905411671005122098 0.27312614979222027412 0.18082795398889897620 0.00094166956290696411 
0.00000000099999999963 0.40741936690123786713 0.43366805296788496493 0.15891257613087719780 0.00000000099999999963 0.00000000099999999963 0.00000000099999999963 
0.26051882326494452125 0.00226870052675773618 0.14578025285746126771 0.22831660664588676601 0.16449059087047457339 0.13493906254989437854 0.06368596328458066280 
0.40790125905465035583 0.00000000099999999959 0.00000000099999999959 0.46459947775235721501 0.00000000099999999959 0.12749925919299245902 0.00000000099999999959 
0.00000000099999999958 0.00000000099999999958 0.00000000099999999958 0.59999318578109872568 0.00000000099999999958 0.40000680921890136021 0.00000000099999999958 
0.00000000099999999958 0.00000000099999999958 0.40484069276128842318 0.00000000099999999958 0.59515930223871149618 0.00000000099999999958 0.00000000099999999958 
0.37915544505795079067 0.00000000099999999958 0.00000000099999999958 0.00000000099999999958 0.00000000099999999958 0.62084454994204896217 0.00000000099999999958 
0.00000000099999999935 0.00000000099999999935 0.00000000099999999935 0.49989457893237454478 0.00000000099999999935 0.50010541606762526357 0.00000000099999999935 
0.00000000099999999978 0.00000000099999999978 0.13771387897851308790 0.16235931154219929162 0.62726690279618912971 0.00000000099999999978 0.07265990368309865888 
0.28488569520907991439 0.00000000099999999969 0.00000000099999999969 0.00000000099999999969 0.39006743969190055266 0.21613615052413359674 0.10891071157488568799 
0.42844725718479959031 0.00000000099999999941 0.00000000099999999941 0.00000000099999999941 0.28378526443758567144 0.28776747437761451831 0.00000000099999999941 
0.25756031076593688400 0.00000000099999999924 0.00000000099999999924 0.00000000099999999924 0.00000000099999999924 0.74243968423406303536 0.00000000099999999924 
0.50511930540620408880 0.00000000099999999942 0.00000000099999999942 0.22953973021055257275 0.00000000099999999942 0.26534096038324334055 0.00000000099999999942 
0.06769512536679858639 0.11255662591637799474 0.24137086210029767841 0.14021940969796101162 0.08417389240198747125 0.23574038139145686577 0.11824370312512036407 
0.00000000099999999949 0.00000000099999999949 0.00000000099999999949 0.07017500513486971125 0.92982498986513029138 0.00000000099999999949 0.00000000099999999949 
0.00000000099999999968 0.00000000099999999968 0.17455642261302906082 0.42296487446858344050 0.40247869891838750078 0.00000000099999999968 0.00000000099999999968 
0.05254504125015066474 0.23920339830219017330 0.22140641488037010598 0.20140900646107642857 0.01966248501742187335 0.01212802250411712697 0.25364563158467351434 
0.25153980219105204208 0.00000000099999999954 0.00000000099999999954 0.26194674777842014146 0.00000000099999999954 0.17952981666746889444 0.30698363036305903462 
0.00000000099999999986 0.00000000099999999986 0.00000000099999999986 0.50000013795870501543 0.00000000099999999986 0.49999985704129484843 0.00000000099999999986 
0.06216478141265725788 0.93783521358734289741 0.00000000099999999984 0.00000000099999999984 0.00000000099999999984 0.00000000099999999984 0.00000000099999999984 
0.21043987946750264406 0.00000000099999999949 0.00000000099999999949 0.00000000099999999949 0.55241780783154703638 0.00000000099999999949 0.23714230870095037718 
0.32572908667923333725 0.00000000099999999952 0.00000000099999999952 0.29849484717197904970 0.37577606214878761515 0.00000000099999999952 0.00000000099999999952 
0.48433644362689354246 0.00000000099999999935 0.00000000099999999935 0.05736495379107185016 0.00000000099999999935 0.00000000099999999935 0.45829859858203453316 
0.00000000099999999956 0.00000000099999999956 0.00000000099999999956 0.17193167631461395151 0.43752978100147948970 0.39053853868390636661 0.00000000099999999956 
0.14398028961236364331 0.00000000099999999948 0.00000000099999999948 0.20183776211487461372 0.52818565129564332139 0.00000000099999999948 0.12599629397711845091 
0.57138880263503455392 0.00000000099999999930 0.00000000099999999930 0.42861119236496547646 0.00000000099999999930 0.00000000099999999930 0.00000000099999999930 
0.32298068362830312239 0.00000000099999999938 0.00000000099999999938 0.03876981535259147599 0.63824949701910538291 0.00000000099999999938 0.00000000099999999938 
0.24318727353487881726 0.00000000099999999980 0.27674329814935016980 0.00000000099999999980 0.07101201698249100247 0.40905740833327991490 0.00000000099999999980 
0.00000000099999999954 0.00000000099999999954 0.00000000099999999954 0.99999999399999994765 0.00000000099999999954 0.00000000099999999954 0.00000000099999999954 
0.09993268969989002604 0.08200709513538674555 0.00000000099999999981 0.24475374276588413025 0.53636389678311069407 0.03694257361572826637 0.00000000099999999981 
0.11238748814337543025 0.00000000099999999920 0.00000000099999999920 0.44049303979790221941 0.44711946805872243571 0.00000000099999999920 0.00000000099999999920 
0.26937611021713281367 0.34682147240792948750 0.00000000099999999951 0.38380241337493775644 0.00000000099999999951 0.00000000099999999951 0.00000000099999999951 
0.00000000099999999898 0.00000000099999999898 0.31890957797793612061 0.00000000099999999898 0.00000000099999999898 0.00000000099999999898 0.68109041702206385427 
0.07198157096897576934 0.00000000099999999948 0.00000000099999999948 0.37002690836540097497 0.00000000099999999948 0.00000000099999999948 0.55799151666562318841 
0.00000000099999999980 0.24144880669480420221 0.00000000099999999980 0.35272285908715811376 0.27734418469519867001 0.00000000099999999980 0.12848414652283912663 
0.00000000099999999964 0.00000000099999999964 0.00000000099999999964 0.00000000099999999964 0.35171193482500684446 0.33813953339828578537 0.31014852777670737227 
0.40554210105019061761 0.00000000099999999940 0.00000000099999999940 0.00000000099999999940 0.50320904203703942237 0.00000000099999999940 0.09124885291277000376 
0.06344920886828196716 0.00000000099999999988 0.00000000100004140971 0.00000000100010418882 0.00000000099999999988 0.28842914402558045284 0.64812164310599185146 
0.00000000099999999928 0.10715146243474434062 0.00000000099999999928 0.40045385452360299228 0.00000000099999999928 0.49239467904165262757 0.00000000099999999928 
0.00000000099999999940 0.00000000099999999940 0.00000000099999999940 0.00000000099999999940 0.38150162350328598038 0.61849837149671405001 0.00000000099999999940 
0.22049696795090620305 0.35309323342980414306 0.42609772871014928164 0.00000000099999999962 0.00031206690914035447 0.00000000099999999962 0.00000000099999999962 
0.20210806164153602427 0.10612158521660838839 0.16105926620815977368 0.21657782559441329795 0.02147013527126949775 0.14500819960747113324 0.14765492646054195758 
0.00000000099999999932 0.27361378017611037716 0.23583846390766360912 0.00000000099999999932 0.00000000099999999932 0.00000000099999999932 0.49054775191622601582 
0.00000000099999999890 0.99999999399999994765 0.00000000099999999890 0.00000000099999999890 0.00000000099999999890 0.00000000099999999890 0.00000000099999999890 
0.21603416200712119433 0.00000000099999999947 0.00000000099999999947 0.09844646653331019792 0.00000000099999999947 0.68551936745956865149 0.00000000099999999947 
0.00000000099999999947 0.00000000099999999947 0.00000000099999999947 0.00000000099999999947 0.00000000099999999947 0.99999999400000005867 0.00000000099999999947 
0.13694669267536124790 0.12595358022719280178 0.20870878839766440760 0.20493154606360036718 0.07269427158087289620 0.21250855681451893964 0.03825656424078929113 
0.51453779909174390816 0.00000000099999999934 0.48546219590825612222 0.00000000099999999934 0.00000000099999999934 0.00000000099999999934 0.00000000099999999934 
0.00800002914108340936 0.36619483269120156610 0.37180348136025026529 0.00000000099999999979 0.00000000099999999979 0.25400165380746486665 0.00000000099999999979 
0.00000000099999999968 0.00000000099999999968 0.00000000099999999968 0.99999999399999994765 0.00000000099999999968 0.00000000099999999968 0.00000000099999999968 
0.00000000099999999927 0.00000000099999999927 0.00000000099999999927 0.00000000099999999927 0.00000000099999999927 0.99999999399999994765 0.00000000099999999927 
0.22937574228709775581 0.06683197824796260900 0.21382140787031714280 0.24022278548284253796 0.09368741097545174590 0.02877103435906702700 0.12728964077726118154 
0.22422931115443098249 0.00000000099999999988 0.00000000100003552721 0.00000000100018405937 0.00000000099999999988 0.39640417385946996598 0.37936651098587953479 
0.19356760266812217397 0.50980180407051800540 0.29663058926135987825 0.00000000099999999971 0.00000000099999999971 0.00000000099999999971 0.00000000099999999971 
0.00000000099999999967 0.00000000099999999967 0.00000000099999999967 0.00000000099999999967 0.00000000099999999967 0.99999999400000005867 0.00000000099999999967 
0.00000000099999999883 0.99999999399999994765 0.00000000099999999883 0.00000000099999999883 0.00000000099999999883 0.00000000099999999883 0.00000000099999999883 
0.00000000099999999945 0.00000000099999999945 0.00000000099999999945 0.00000000099999999945 0.00000000099999999945 0.99999999399999994765 0.00000000099999999945 
0.41977600332056791421 0.00000000099999999978 0.00000000100006400896 0.00000000100028534741 0.00000000099999999978 0.09230224889853973214 0.48792174378054287143 
0.00000000099999999934 0.28288096762731779199 0.00000000099999999934 0.00000000099999999934 0.71711902737268229391 0.00000000099999999934 0.00000000099999999934 
0.00000000099999999942 0.00000000099999999942 0.00000000099999999942 0.00000000099999999942 0.00000000099999999942 0.00000000099999999942 0.99999999400000005867 
0.00000000099999999901 0.00000000099999999901 0.83383991201540952343 0.00000000099999999901 0.00000000099999999901 0.00000000099999999901 0.16616008298459045145 
0.16316208910360155415 0.00000000099999999976 0.46391491007083807130 0.01220702223839023083 0.36071597558717022336 0.00000000099999999976 0.00000000099999999976 
0.00000000099999999972 0.00000000099999999972 0.00000000099999999972 0.00000000099999999972 0.00000000099999999972 0.99999999399999994765 0.00000000099999999972 
0.08231065933687158054 0.00000000099999999980 0.00000000099999999980 0.30250754579277949752 0.00000000099999999980 0.61518179087034885466 0.00000000099999999980 
0.34860437096778235100 0.00000000099999999952 0.00000000099999999952 0.00000000099999999952 0.00000000099999999952 0.00000000099999999952 0.65139562403221740183 
0.01452874076506546416 0.48900425647487294478 0.43846328216057894878 0.00000000099999999974 0.05800371759948275141 0.00000000099999999974 0.00000000099999999974 
0.99999999400000005867 0.00000000099999999946 0.00000000099999999946 0.00000000099999999946 0.00000000099999999946 0.00000000099999999946 0.00000000099999999946 
0.99999999400000005867 0.00000000099999999914 0.00000000099999999914 0.00000000099999999914 0.00000000099999999914 0.00000000099999999914 0.00000000099999999914 
0.00000000099999999969 0.00000000099999999969 0.00000000099999999969 0.00000000099999999969 0.00000000099999999969 0.99999999400000005867 0.00000000099999999969 
0.00000000099999999956 0.99991763240451825290 0.00000000099999999956 0.00000000099999999956 0.00008236259548176048 0.00000000099999999956 0.00000000099999999956 
0.21430056689770302092 0.07207282253761726487 0.11657591056916286054 0.02731706937717936351 0.09381808002471074548 0.29060216072544642341 0.18531338986818030046 
0.00000000099999999956 0.99999415272276581668 0.00000000099999999956 0.00000000099999999956 0.00000584227723431895 0.00000000099999999956 0.00000000099999999956 
0.36107435631046236324 0.22024107130677703092 0.00000000099999999954 0.00000000099999999954 0.00000000099999999954 0.41868456838276069121 0.00000000099999999954 
0.53456284522905217482 0.00000000099999999988 0.00000000100003010795 0.00000000100020542452 0.00000000099999999988 0.15665885785771971328 0.30877829291299263570 
0.00000000099999999944 0.00000000099999999944 0.00000000099999999944 0.49992452047744240229 0.00000000099999999944 0.50007547452255740605 0.00000000099999999944 
0.00000000099999999920 0.00000000099999999920 0.00000000099999999920 0.00000000099999999920 0.00000000099999999920 0.66267620049839925933 0.33732379450160077106 
0.44084856493250274001 0.00000000099999999918 0.00000000099999999918 0.00000000099999999918 0.00000000099999999918 0.00000000099999999918 0.55915143006749723487 
0.58222178807881175278 0.00000000099999999963 0.00000000099999999963 0.00000000099999999963 0.07379541146266269114 0.34398279645852547493 0.00000000099999999963 
0.00000000099999999883 0.99999999400000005867 0.00000000099999999883 0.00000000099999999883 0.00000000099999999883 0.00000000099999999883 0.00000000099999999883 
0.00000000099999999965 0.00000000099999999965 0.00000000099999999965 0.00000000099999999965 0.00000000099999999965 0.55845417793495721881 0.44154581706504270056 
0.02473163831577276928 0.18036001397668818824 0.11214538939550457164 0.01014886325495103700 0.21923512654890967011 0.25268515042303635321 0.20069381808513742094 
0.00000000099999999938 0.54566854091535632598 0.30520273670931657994 0.00000000099999999938 0.14912871837532706842 0.00000000099999999938 0.00000000099999999938 
0.00000000099999999978 0.00000000099999999978 0.00000000099999999978 0.00000000099999999978 0.00000000099999999978 0.00000011640154282164 0.99999987859845707039 
0.00000000099999999863 0.00000000099999999863 0.00000000099999999863 0.00000000099999999863 0.00000000099999999863 0.00000000099999999863 0.99999999399999994765 
0.94203336174459939567 0.00000000099999999956 0.00000000099999999956 0.00000000099999999956 0.00000000099999999956 0.05796663325540060696 0.00000000099999999956 
0.00000000099999999919 0.46713780212327554731 0.41056992051527224641 0.00000000099999999919 0.12229227336145227778 0.00000000099999999919 0.00000000099999999919 
0.00000000099999999979 0.30343778842524471440 0.11579376174389155452 0.21707300982313135207 0.00000000099999999979 0.01311228431070216027 0.35058315369703013653 
0.00000000099999999956 0.00000000099999999956 0.00000000099999999956 0.00000000099999999956 0.00000000099999999956 0.99999999400000005867 0.00000000099999999956 
0.00000000099999999956 0.99999944343410918091 0.00000000099999999956 0.00000000099999999956 0.00000055156589081529 0.00000000099999999956 0.00000000099999999956 
0.00000000099999999901 0.64326937612296586355 0.00000000099999999901 0.00000000099999999901 0.00000000099999999901 0.00000000099999999901 0.35673061887703422235 
0.00000000099999999955 0.37283504568518943678 0.34078746013408200977 0.00000000099999999955 0.00000000099999999955 0.01071042471149918560 0.27566706646922939372 
0.55028248235902577079 0.44971751264097425960 0.00000000099999999932 0.00000000099999999932 0.00000000099999999932 0.00000000099999999932 0.00000000099999999932 
0.00000000099999999930 0.00000000099999999930 0.30125656205922540787 0.00000000099999999930 0.00000000099999999930 0.00000000099999999930 0.69874343294077456701 
