0.17084611619427303442 0.13026307424610167329 0.02977952735076448351 0.22427460655131553624 0.22121244622559360637 0.15885184950898370571 0.03995659839818900549 0.02481578152477899313 
0.00000000099999999938 0.00000000099999999938 0.69346764111387371177 0.00000000099999999938 0.00000000099999999938 0.00000000099999999938 0.00000000099999999938 0.30653235288612645792 
0.00000000099999999929 0.27663722711313259994 0.00000000099999999929 0.00000000099999999929 0.00000000099999999929 0.32925892939877565713 0.00000000099999999929 0.39410383848809166230 
0.17821907034772127565 0.14070581865310025083 0.14870503627513037559 0.20646490906157183298 0.12928693758987100382 0.10530295987265032853 0.05161240919495771462 0.03970285900499707921 
0.00000000099999999917 0.38496047160619079053 0.00000000099999999917 0.00000000099999999917 0.00000000099999999917 0.61503952239380910161 0.00000000099999999917 0.00000000099999999917 
0.00000000099999999955 0.00000000099999999955 0.00000000099999999955 0.00000000099999999955 0.00000000099999999955 0.00000000099999999955 0.99999999299999997593 0.00000000099999999955 
0.52676622204965029006 0.00000000099999999936 0.00000000099999999936 0.11377828861712765973 0.35945548433322210835 0.00000000099999999936 0.00000000099999999936 0.00000000099999999936 
0.00000000099999999965 0.00000000099999999965 0.99698281925993725849 0.00000000099999999965 0.00300236328253570802 0.00001481245752699762 0.00000000099999999965 0.00000000099999999965 
0.08535854515298391121 0.22275251861753578297 0.17602082772090413276 0.07329173177581140008 0.02824043593516538039 0.15254961490909973998 0.19315819973623371553 0.06862812615226604462 
0.00000000099999999976 0.00000000099999999976 0.48313249649512296502 0.00000000099999999976 0.01678958430418943729 0.50007791420068758992 0.00000000099999999976 0.00000000099999999976 
0.13399510932635655402 0.08250904918717040515 0.22703797868854300179 0.03276027342130367198 0.03248646210893771369 0.28349212383535871140 0.09566512753399850078 0.11205387589833151751 
0.00000000099999999976 0.00000000099999999976 0.58018702222868767659 0.00000000099999999976 0.40642789331656298257 0.01338507945474945449 0.00000000099999999976 0.00000000099999999976 
0.00003390107609000721 0.00000000099999999924 0.18236424450006807896 0.00000000099999999924 0.39123479078257905606 0.42636705964126286883 0.00000000099999999924 0.00000000099999999924 
0.00000000099999999952 0.54540015790320794942 0.01213567583726707713 0.00000000099999999952 0.00000000099999999952 0.00000000099999999952 0.00000000099999999952 0.44246416125952509057 
0.43702991001726587683 0.00000000099999999960 0.00000000099999999960 0.00000000099999999960 0.00000000099999999960 0.12362048671985011172 0.27025543814050517755 0.16909416112237882213 
0.00000000099999999966 0.00000000099999999966 0.97418997542226615227 0.00000000099999999966 0.02371202658550448580 0.00209799299222940402 0.00000000099999999966 0.00000000099999999966 
0.00000000099999999886 0.00000000099999999886 0.99999999299999997593 0.00000000099999999886 0.00000000099999999886 0.00000000099999999886 0.00000000099999999886 0.00000000099999999886 
0.18589862985276825458 0.32926209815907792056 0.00000000099999999950 0.00000000099999999950 0.00000000099999999950 0.15645837096721409987 0.00000000099999999950 0.32838089702093969935 
0.99999999300000008695 0.00000000099999999893 0.00000000099999999893 0.00000000099999999893 0.00000000099999999893 0.00000000099999999893 0.00000000099999999893 0.00000000099999999893 
0.00000000099999999915 0.39089718952496482762 0.00000000099999999915 0.33764372305290896170 0.27145908242212618555 0.00000000099999999915 0.00000000099999999915 0.00000000099999999915 
0.14014583986456752296 0.44062363911927665550 0.13844949697803085598 0.07303432685149774395 0.00000000099999999945 0.20774669418662716769 0.00000000099999999945 0.00000000099999999945 
0.18834895456538142122 0.23628592560096137176 0.11673188412285760707 0.34733606551889478764 0.11129716719190480001 0.00000000099999999982 0.00000000099999999982 0.00000000099999999982 
0.32578278793233933497 0.60079158088466311227 0.07342562618299770805 0.00000000099999999914 0.00000000099999999914 0.00000000099999999914 0.00000000099999999914 0.00000000099999999914 
0.47335961490361960768 0.18206730968804965554 0.00000000099999999957 0.00000000099999999957 0.27859019857135353115 0.00000000635518127832 0.00000000099999999957 0.06598286748179581218 
0.61137950634408488870 0.00000000099999999911 0.00117267174021142961 0.00000000099999999911 0.11305844613207223504 0.27438937178363148606 0.00000000099999999911 0.00000000099999999911 
0.00000000099999999957 0.48870066991428218195 0.00000000099999999957 0.00000000099999999957 0.03503792630586627377 0.47626139877985146365 0.00000000099999999957 0.00000000099999999957 
0.00000000099999999912 0.93500868396725433929 0.06499131003274577489 0.00000000099999999912 0.00000000099999999912 0.00000000099999999912 0.00000000099999999912 0.00000000099999999912 
0.03971325812139282763 0.09135459040475440995 0.00880988826091613428 0.16364848630402992202 0.19208844214945433593 0.09061658536557087862 0.20565871595570531238 0.20811003343817621736 
0.18658130124565211472 0.03537642458839840992 0.10586498512616852874 0.18644612719307052107 0.16267202782967640773 0.01857721874036736415 0.16215670702770856870 0.14232520824895814049 
0.00000000099999999946 0.00000000099999999946 0.99999999299999997593 0.00000000099999999946 0.00000000099999999946 0.00000000099999999946 0.00000000099999999946 0.00000000099999999946 
0.17497741396536711789 0.11520769439912792453 0.11013592779793945908 0.14725465479826860271 0.22017561055155748795 0.07300371882196304840 0.11928619748862810679 0.03995878217714826652 
0.13606453956702480035 0.10274427675303850205 0.17122727882285967982 0.12189523745942393296 0.00218685936516345566 0.16861103600405394354 0.12136592498643794524 0.17590484704199765842 
0.00000000099999999916 0.00000000099999999916 0.99999999300000008695 0.00000000099999999916 0.00000000099999999916 0.00000000099999999916 0.00000000099999999916 0.00000000099999999916 
0.00000000099999999976 0.00000000099999999976 0.02170564931451349211 0.00000000099999999976 0.43647434921921030027 0.04181824829723390646 0.50000174916904216449 0.00000000099999999976 
0.00000000099999999891 0.99999999300000008695 0.00000000099999999891 0.00000000099999999891 0.00000000099999999891 0.00000000099999999891 0.00000000099999999891 0.00000000099999999891 
0.00000000099999999878 0.29801915639800230506 0.02401900956140453139 0.00000000099999999878 0.67796182904059310026 0.00000000099999999878 0.00000000099999999878 0.00000000099999999878 
0.00000000099999999955 0.00000000099999999955 0.69448479670684570841 0.00000000099999999955 0.30551519729315423923 0.00000000099999999955 0.00000000099999999955 0.00000000099999999955 
0.25868098481180679116 0.00000000099999999951 0.00000000099999999951 0.00000000099999999951 0.00000000099999999951 0.74131900918819315649 0.00000000099999999951 0.00000000099999999951 
0.00000000099999999958 0.00000000099999999958 0.26068938263083268891 0.00000000099999999958 0.30567782513807428835 0.03437296494058332541 0.00000000099999999958 0.39925982329050979658 
0.00000000099999999906 0.00000000099999999906 0.00000000099999999906 0.00000000099999999906 0.00000000099999999906 0.00000000099999999906 0.00000000099999999906 0.99999999300000008695 
0.01732268650624509132 0.23078228780067883141 0.12860976757672329396 0.09953478120579128952 0.05778319569497083336 0.01654361952629302898 0.20194079409137716263 0.24748286759792059719 
0.00000000099999999913 0.00000000099999999913 0.00000000099999999913 0.00000000099999999913 0.00000000099999999913 0.99999999299999997593 0.00000000099999999913 0.00000000099999999913 
0.00000000099999999962 0.00000000099999999962 0.00000000099999999962 0.00000000099999999962 0.99999999300000008695 0.00000000099999999962 0.00000000099999999962 0.00000000099999999962 
0.00000000099999999972 0.00000000099999999972 0.66388695636735473027 0.33611303763264538391 0.00000000099999999972 0.00000000099999999972 0.00000000099999999972 0.00000000099999999972 
0.00000000099999999938 0.00000000099999999938 0.11277678173615734991 0.00000000099999999938 0.51995441239616480011 0.00000000099999999938 0.00000000099999999938 0.36726880086767799138 
0.02935465189870085229 0.13019497446165168020 0.04896142232308538927 0.11531493229518677279 0.18780564545962327716 0.09029469080989883933 0.16613781193707374828 0.23193587081477945455 
0.99997150794284683784 0.00000000099999999987 0.00000555851937148430 0.00000000099999999987 0.00000598518912282729 0.00001694434865878652 0.00000000099999999987 0.00000000099999999987 
0.00000000099999999893 0.00000000099999999893 0.00000000099999999893 0.00000000099999999893 0.00000000099999999893 0.39559181613413541001 0.00000000099999999893 0.60440817786586442661 
0.00000000099999999956 0.00000000099999999956 0.00000000099999999956 0.00000000099999999956 0.00000000099999999956 0.28853321294707240385 0.63585896935945607211 0.07560781269347137401 
0.00000000099999999972 0.00000000099999999972 0.52337069376715217306 0.00000000099999999972 0.46926205783723540232 0.00736724339561224510 0.00000000099999999972 0.00000000099999999972 
0.17876934241087844013 0.41732713098990414924 0.00000000099999999959 0.00000000099999999959 0.00000000099999999959 0.21826863196281948154 0.00000000099999999959 0.18563489063639798671 
0.00000000099999999846 0.00000000099999999846 0.00000000099999999846 0.00000000099999999846 0.00000000099999999846 0.99999999299999997593 0.00000000099999999846 0.00000000099999999846 
0.03386717336968753794 0.25210941190405800061 0.12740572840598807236 0.17872332347735259139 0.21868213098874778044 0.07168401028191000168 0.06346955353383595955 0.05405866803842013929 
0.53651956128492872544 0.46348043271507122220 0.00000000099999999892 0.00000000099999999892 0.00000000099999999892 0.00000000099999999892 0.00000000099999999892 0.00000000099999999892 
0.00000000099999999972 0.00000000099999999972 0.52450911747269568508 0.00000000099999999972 0.46906597156537538362 0.00642490596192887408 0.00000000099999999972 0.00000000099999999972 
0.99999999300000008695 0.00000000099999999916 0.00000000099999999916 0.00000000099999999916 0.00000000099999999916 0.00000000099999999916 0.00000000099999999916 0.00000000099999999916 
0.00000000099999999889 0.99999999299999997593 0.00000000099999999889 0.00000000099999999889 0.00000000099999999889 0.00000000099999999889 0.00000000099999999889 0.00000000099999999889 
0.23194779054903658100 0.14899356482281617131 0.17471398048883685084 0.03244801526977480338 0.07565186759421034524 0.15515185051978694353 0.09874272806481941556 0.08235020269071888221 
0.00000000600774812538 0.46802717374044167098 0.04978992538024512582 0.00000000099999999918 0.24803163868029601269 0.00000000099999999918 0.00000000099999999918 0.23415125319126914305 
0.08610932641559497502 0.24094803580422244349 0.05541395022714290519 0.01552304921176230965 0.08474760345185611277 0.09537740961595204958 0.25643694063694827401 0.16544368463652092682 
0.00000000099999999964 0.00000000099999999964 0.74667091702234922312 0.25332907697765078003 0.00000000099999999964 0.00000000099999999964 0.00000000099999999964 0.00000000099999999964 
0.00000000099999999946 0.00000000099999999946 0.00000000099999999946 0.00000000099999999946 0.00000000099999999946 0.00000000099999999946 0.99999999299999997593 0.00000000099999999946 
0.02601406877015084718 0.15648589177735464095 0.06538327171009561400 0.29714202190020133632 0.02818784387120051860 0.12769363263276717335 0.17637797790987064239 0.12271529142835907455 
0.00000000099999999979 0.00000000099999999979 0.94450920467831822602 0.00000000099999999979 0.05199269602618912522 0.00349809429549258286 0.00000000099999999979 0.00000000099999999979 
0.14527486681949874914 0.15222768341322143182 0.14498603486564984322 0.15570342030683689827 0.11734568442738989302 0.10619345527474048640 0.16544160882758243702 0.01282724606508024896 
0.00000000099999999894 0.00000000099999999894 0.00000000099999999894 0.00000000099999999894 0.00000000099999999894 0.70463433228116534313 0.00000000099999999894 0.29536566171883477105 
0.12092504649014873541 0.15672348066451494142 0.17228012329646366640 0.14316097412733597150 0.01526375261463343812 0.06922494958612988858 0.23996470113123216650 0.08245697208954115565 
0.00000000099999999956 0.00000000099999999956 0.00000000099999999956 0.08161956929621237700 0.41816010270747105970 0.20869542365283089147 0.00000000099999999956 0.29152490034348577108 
0.00000000099999999969 0.23098400271409760820 0.00000000099999999969 0.00000000099999999969 0.00000000099999999969 0.00000000099999999969 0.65884236927105244153 0.11017362301484981413 
0.00000000099999999920 0.00000000099999999920 0.99999999300000008695 0.00000000099999999920 0.00000000099999999920 0.00000000099999999920 0.00000000099999999920 0.00000000099999999920 
0.23656413509265686312 0.09241469303128813095 0.11537420974966780540 0.01305781206174662888 0.16059619488901272222 0.11318185260650713564 0.09427188631498305271 0.17453921625413756913 
0.11830733486080116657 0.16859220663688456732 0.18831905962377820662 0.25489344197860641650 0.26988795389992964457 0.00000000099999999982 0.00000000099999999982 0.00000000099999999982 
0.00000000099999999975 0.00000000099999999975 0.45002477817460245779 0.07332014701707743887 0.00000000099999999975 0.00000000099999999975 0.00000000099999999975 0.47665506980832028638 
0.27979747997204601484 0.01916241912657366472 0.04465567705088994283 0.04768264145836584311 0.15099673624025966578 0.30329716906883186223 0.00657996591374482992 0.14782791116928817310 
0.03420811401906879989 0.09506977573347714927 0.08373583633377489066 0.16199706105632352693 0.18513037634594087244 0.15874947603218306225 0.11107061867634894503 0.17003874180288280904 
0.00000000099999999940 0.47379538325542958077 0.52620461074457047790 0.00000000099999999940 0.00000000099999999940 0.00000000099999999940 0.00000000099999999940 0.00000000099999999940 
0.00000000099999999978 0.00000000099999999978 0.03373098206453399583 0.00000000099999999978 0.44085974089459611935 0.02540763020735405109 0.50000164283351589134 0.00000000099999999978 
0.02073655255080869217 0.35252676879266925392 0.09409798637375925423 0.17704846623007658435 0.35559022305268628283 0.00000000099999999974 0.00000000099999999974 0.00000000099999999974 
0.00000000099999999946 0.00000000099999999946 0.21665053730589403647 0.37551711676731097667 0.06791896919397359678 0.00000000099999999946 0.00000000099999999946 0.33991337273282146159 
0.00000000099999999928 0.99999999300000019797 0.00000000099999999928 0.00000000099999999928 0.00000000099999999928 0.00000000099999999928 0.00000000099999999928 0.00000000099999999928 
0.13801972439242993218 0.03303105767383735653 0.20687141296307620664 0.12763810143798773322 0.10479607546137539864 0.14431222150385261682 0.05765683726926453673 0.18767456929817627476 
0.00000000099999999976 0.00000000099999999976 0.90966219230370271021 0.09033780169629722356 0.00000000099999999976 0.00000000099999999976 0.00000000099999999976 0.00000000099999999976 
0.09871347082864380396 0.00000000099999999937 0.00000000099999999937 0.00000000099999999937 0.00000000099999999937 0.90128652317135626859 0.00000000099999999937 0.00000000099999999937 
0.12208245467359492287 0.11567201278838412648 0.19502093535845285710 0.07275509078201605750 0.11492172009028958635 0.18735827097574911382 0.16012335641051284041 0.03206615892100055792 
0.00000000099999999929 0.99999999300000008695 0.00000000099999999929 0.00000000099999999929 0.00000000099999999929 0.00000000099999999929 0.00000000099999999929 0.00000000099999999929 
0.00000000099999999931 0.00000000099999999931 0.00000000099999999931 0.00000000099999999931 0.99999999300000008695 0.00000000099999999931 0.00000000099999999931 0.00000000099999999931 
0.00000000099999999979 0.00000000099999999979 0.90121746501947352925 0.00000000099999999979 0.09710004690700600738 0.00168248307352056401 0.00000000099999999979 0.00000000099999999979 
0.21164656793634822884 0.18982627759985157279 0.08383034615530177147 0.08169222421814749391 0.15011362779253251132 0.01018834998695244617 0.12164035084647871476 0.15106225546438725726 
0.00000000099999999943 0.00000000099999999943 0.00000000099999999943 0.00000000099999999943 0.66956847290886778445 0.00000000099999999943 0.33043152109113221870 0.00000000099999999943 
0.00000000099999999926 0.49995384216706156844 0.00000000099999999926 0.00000000099999999926 0.00000000099999999926 0.00000000099999999926 0.50004615183293810166 0.00000000099999999926 
0.00079668224056512061 0.63190317878911039795 0.04366319800363201165 0.15529805150450709528 0.16833888646218531093 0.00000000099999999974 0.00000000099999999974 0.00000000099999999974 
0.00000000099999999933 0.00000000099999999933 0.00000000099999999933 0.00000000099999999933 0.50010647807177333046 0.00000000100094114872 0.00000000099999999933 0.49989351592728564766 
0.78288583902495867406 0.21711415497504146788 0.00000000099999999892 0.00000000099999999892 0.00000000099999999892 0.00000000099999999892 0.00000000099999999892 0.00000000099999999892 
0.00000000099999999852 0.00000000099999999852 0.00000000099999999852 0.00000000099999999852 0.00000000099999999852 0.99999999299999986491 0.00000000099999999852 0.00000000099999999852 
0.99999999300000008695 0.00000000099999999866 0.00000000099999999866 0.00000000099999999866 0.00000000099999999866 0.00000000099999999866 0.00000000099999999866 0.00000000099999999866 
0.02197074269177300837 0.33865870882740578551 0.12019088911054363888 0.25391843298247190885 0.26526122338780566690 0.00000000099999999982 0.00000000099999999982 0.00000000099999999982 
0.00000000099999999963 0.18607489809822050364 0.00000000099999999963 0.35344549161345995003 0.00000000099999999963 0.17979752496108966642 0.28068208132722977100 0.00000000099999999963 
0.00000000099999999918 0.48428797599032763488 0.00000000099999999918 0.47072134335681475870 0.04499067565285753967 0.00000000099999999918 0.00000000099999999918 0.00000000099999999918 
0.00000000099999999945 0.21929115435787363553 0.26959139762606726398 0.51111744301605910312 0.00000000099999999945 0.00000000099999999945 0.00000000099999999945 0.00000000099999999945 
0.27184524138795440606 0.21620717770815706116 0.35394306527696595133 0.00000000099999999919 0.00000000099999999919 0.00000000099999999919 0.15800451162692261131 0.00000000099999999919 
0.00000000099999999954 0.00000000099999999954 0.23558437982704796831 0.00000000099999999954 0.34510725263143676722 0.00000000099999999954 0.41930836254151526710 0.00000000099999999954 
0.00000000099999999938 0.00000000099999999938 0.00000000099999999938 0.29309672402246050860 0.11217567338807094002 0.00000000099999999938 0.51718241655469965323 0.07754518203476894189 
0.00000000099999999965 0.00000000099999999965 0.33393798847713263012 0.00000000099999999965 0.00000000099999999965 0.43865630948970418812 0.00000000099999999965 0.22740569703316312888 
0.00000000099999999961 0.00000000099999999961 0.00000000099999999961 0.00000000099999999961 0.00000000099999999961 0.00000000099999999961 0.99999999299999997593 0.00000000099999999961 
0.22821651095241748952 0.05102894053248396150 0.18976921788042619421 0.08212041424864642558 0.12444036212695168409 0.08235687736795481440 0.16243253084383452167 0.07963514604728484658 
0.00000000099999999911 0.71464041785355991721 0.04235514125512288008 0.00000000099999999911 0.00000000099999999911 0.00000000099999999911 0.24300443589131720534 0.00000000099999999911 
0.52598642526726602231 0.41570282646885170497 0.00000000099999999966 0.00000000099999999966 0.03821315434222635754 0.00000000099999999966 0.00000000099999999966 0.02009758992165602137 
0.02955665976301874096 0.15732880385176528648 0.13001795640621946482 0.04504651922735920105 0.19731644555610189373 0.11523288640397780225 0.14169900067924307008 0.18380172811231448859 
0.00000000099999999948 0.17816868595278634313 0.00000000099999999948 0.00000000099999999948 0.51729856978536659096 0.30453273926184692977 0.00000000099999999948 0.00000000099999999948 
0.00000000099999999927 0.00000000099999999927 0.00000000099999999927 0.00000000099999999927 0.27496874688925337926 0.16163664432737778753 0.00000000099999999927 0.56339460378336880808 
0.00000000099999999939 0.38582451868621886470 0.20511797066786185972 0.00000000099999999939 0.00000000099999999939 0.40905750564591947249 0.00000000099999999939 0.00000000099999999939 
0.16950539164647615564 0.18048550892138204294 0.06315412770819339716 0.11264722398657385505 0.05863017144845128481 0.17535727887564367400 0.04508754190988160243 0.19513275550339800879 
0.49979152402440218950 0.00000000099999999915 0.00293922542663015368 0.00000000099999999915 0.49726924554896773101 0.00000000099999999915 0.00000000099999999915 0.00000000099999999915 
0.00000000099999999949 0.48988930727265167508 0.00000000099999999949 0.46734543381332865897 0.04276525378145859535 0.00000000099999999949 0.00000000099999999949 0.00000000113256093717 
0.00000000099999999844 0.00000000099999999844 0.00000000099999999844 0.47947084208146795170 0.52052915191853188492 0.00000000099999999844 0.00000000099999999844 0.00000000099999999844 
0.00000000099999999962 0.18683078481354853384 0.00000000099999999962 0.35126690285952610893 0.00000000099999999962 0.18549904844815273686 0.27640325987877256697 0.00000000099999999962 
0.00000000099999999950 0.00000000099999999950 0.52207000355471944175 0.00000000099999999950 0.25441697521888828604 0.00000000099999999950 0.22351301622639219158 0.00000000099999999950 
0.00000000099999999956 0.00000000099999999956 0.00000000099999999956 0.00000000099999999956 0.00000000099999999956 0.61008624066022421051 0.35418643726078335998 0.03572731707899250847 
0.00000000099999999908 0.61082449120840942580 0.00000000099999999908 0.00000000099999999908 0.00000000099999999908 0.00000000099999999908 0.38917550279159057736 0.00000000099999999908 
0.00000000099999999963 0.16054655541362847226 0.00000000099999999963 0.35701580189258147469 0.00000000099999999963 0.19366164732035956453 0.28877599137343035185 0.00000000099999999963 
0.00000000099999999855 0.00000000099999999855 0.00000000099999999855 0.50788175154333548011 0.00000000099999999855 0.00000000099999999855 0.00000000099999999855 0.49211824245666457855 
0.00000000099999999958 0.02135591685784998112 0.00000000099999999958 0.32694200554650587609 0.16580079590752472285 0.00000000099999999958 0.48590127768811947062 0.00000000099999999958 
0.00000000099999999959 0.02363268960252178433 0.00000000099999999959 0.33022160007621653710 0.16147231425244515379 0.00000000099999999959 0.48467339206881659974 0.00000000099999999959 
0.13126771941423287515 0.09888419864708095086 0.09443897071528574438 0.24848135078732527803 0.00664714541596190655 0.12439690561408721370 0.06574717706809342366 0.23013653233793265884 
0.00000000099999999921 0.00000000099999999921 0.41532871344616228981 0.00000000099999999921 0.28344166784408286741 0.00000000099999999921 0.00000000099999999921 0.30122961370975476214 
0.00000000099999999962 0.18682895957217435234 0.00000000099999999962 0.35126666530372863129 0.00000000099999999962 0.18549770453048256003 0.27640666659361440294 0.00000000099999999962 
0.17284387034586456977 0.17451381176862432176 0.14424651261899643084 0.13204727305246341529 0.12814646328839907063 0.07119840012466320534 0.16754311023493517752 0.00946055856605377068 
0.15633392536777321324 0.02350595772670194955 0.20910250237446975641 0.16165321968567830657 0.12305301106488988894 0.02797494065297116347 0.11207616427341891840 0.18630027885409683464 
0.49993204618322839572 0.25450042111313958548 0.03066134762070164485 0.00000000099999999962 0.21490618108293038646 0.00000000099999999962 0.00000000099999999962 0.00000000099999999962 
0.00000000099999999944 0.00000000099999999944 0.00000000099999999944 0.00000000099999999944 0.00000000099999999944 0.00000000099999999944 0.99999999299999986491 0.00000000099999999944 
0.00000000099999999951 0.00000000099999999951 0.66719195828862720710 0.00000000099999999951 0.33280803571137268504 0.00000000099999999951 0.00000000099999999951 0.00000000099999999951 
0.29887499426288977045 0.00000000099999999960 0.00000000099999999960 0.43022212225983147427 0.00000000099999999960 0.00000000099999999960 0.27090287847727884118 0.00000000099999999960 
0.00000000099999999955 0.00000000099999999955 0.99707274989830785294 0.00000000099999999955 0.00292724410169207128 0.00000000099999999955 0.00000000099999999955 0.00000000099999999955 
0.00000000099999999975 0.18311478492731947387 0.00000000099999999975 0.29710900858876959640 0.02012710768959358881 0.20988375759101898788 0.28976533820329825053 0.00000000099999999975 
0.00000000099999999943 0.00000000099999999943 0.25345954147348592755 0.32923092427142519600 0.09476810353069826942 0.32254142672439067852 0.00000000099999999943 0.00000000099999999943 
0.00000000099999999900 0.00000040046584225679 0.62273392795685589274 0.00000000099999999900 0.00000000099999999900 0.00000000099999999900 0.37726566657730181698 0.00000000099999999900 
0.00000000099999999932 0.00000000099999999932 0.00000000099999999932 0.00000000099999999932 0.00000000099999999932 0.99999999299999997593 0.00000000099999999932 0.00000000099999999932 
0.00000000099999999953 0.00000000099999999953 0.09971640322805312706 0.39380305973790957763 0.00000000099999999953 0.00000000099999999953 0.50648053203403720079 0.00000000099999999953 
0.00000000099999999954 0.00000000099999999954 0.00000000099999999954 0.00000000099999999954 0.99999999299992314850 0.00000000100007689446 0.00000000099999999954 0.00000000099999999954 
0.00000000099999999933 0.00000000099999999933 0.00000000099999999933 0.00000000099999999933 0.00000000099999999933 0.49999873182879500666 0.50000126217120488548 0.00000000099999999933 
0.00000000099999999958 0.25536818432568864079 0.00000000099999999958 0.34309854453598376267 0.00000000099999999958 0.24072967893526694971 0.16080358820306048240 0.00000000099999999958 
0.05913285195493264007 0.04970118917542884485 0.15941476707292234760 0.19894159006561840108 0.07859523603353381349 0.03023558322542150428 0.20578440019059413002 0.21819438228154824921 
0.00000000099999999956 0.00000000099999999956 0.00000000099999999956 0.00000000099999999956 0.99999999299991815249 0.00000000100008183494 0.00000000099999999956 0.00000000099999999956 
0.30130497694555569144 0.19878951549141149480 0.00000000099999999967 0.41903046715561237390 0.00000000099999999967 0.08087503640742040034 0.00000000099999999967 0.00000000099999999967 
0.00000000099999999962 0.00000000099999999962 0.00000000099999999962 0.57821358718588145020 0.02053793571189250697 0.00000000099999999962 0.40124847210222608362 0.00000000099999999962 
0.00000000099999999877 0.50260674284511430709 0.49739325115488580709 0.00000000099999999877 0.00000000099999999877 0.00000000099999999877 0.00000000099999999877 0.00000000099999999877 
0.00000000099999999881 0.02006239674121762864 0.61410980598260667129 0.00000000099999999881 0.00000000099999999881 0.00000000099999999881 0.36582779227617590045 0.00000000099999999881 
0.00000000099999999992 0.26457131604305073047 0.11800053845738182889 0.13381824430312813656 0.28549288131612038377 0.00000000099999999992 0.19811701688031882473 0.00000000099999999992 
0.07257408612432292294 0.29293737432021954570 0.07457713361362260096 0.27467843194763758019 0.28523297099419736567 0.00000000099999999974 0.00000000099999999974 0.00000000099999999974 
0.00000000099999999938 0.00000000099999999938 0.68807487220866714317 0.31192512179133291550 0.00000000099999999938 0.00000000099999999938 0.00000000099999999938 0.00000000099999999938 
0.17385366174362262837 0.10899835458246459607 0.01672965569623510729 0.12463463938506764983 0.09524890725287063487 0.18374502705820153214 0.14473716076100079375 0.15205259352053698829 
0.00000000099999999977 0.02571833838845330802 0.07889566428338243287 0.02197281259261018790 0.29407843905829567088 0.00000000099999999977 0.47581035767162088712 0.10352438600563755589 
0.00000000099999999930 0.09966621639834234714 0.11716986400131458590 0.36560634264576891139 0.23708896541164881100 0.00000000099999999930 0.18046860854292531839 0.00000000099999999930 
0.04219083520687957195 0.01006212119450887454 0.23920739911566962776 0.12537907572369286213 0.27600672089711847379 0.02951276796146184295 0.12963267514280960024 0.14800840475785917438 
0.00000000099999999979 0.07151758307453785768 0.00000000099999999979 0.28116676120300787556 0.05723931788533628134 0.00000000099999999979 0.42782910414384756059 0.16224723069327029457 
0.18740923478050186546 0.10653887839015306616 0.09084950586696467767 0.19862869688938553092 0.16268035362826069323 0.00896744062056231868 0.17368791280676457167 0.07123797701740744448 
0.00000010327979694916 0.19358608558338497030 0.56994166895888598301 0.00000000099999999924 0.00000000099999999924 0.00000000099999999924 0.00000000099999999924 0.23647213817793219515 
0.00000000099999999933 0.00000000099999999933 0.00000000099999999933 0.00000000099999999933 0.69073066648296721493 0.00000000099999999933 0.00000000099999999933 0.30926932751703284374 
0.00000000099999999947 0.00000000099999999947 0.00000000099999999947 0.00000000099999999947 0.63459411399615850424 0.00000216921753266838 0.36540371178630876026 0.00000000099999999947 
0.00000000099999999952 0.31092072228357503505 0.68907927171642491260 0.00000000099999999952 0.00000000099999999952 0.00000000099999999952 0.00000000099999999952 0.00000000099999999952 
0.00000000099999999933 0.00000000099999999933 0.33546752576436617010 0.00000000099999999933 0.37186614867641570870 0.00000000099999999933 0.00000000099999999933 0.29266632055921804056 
0.00000000099999999961 0.00000000099999999961 0.00000000099999999961 0.00000000099999999961 0.45236922957717229377 0.41649156457395797304 0.13113920084886973583 0.00000000099999999961 
0.00000000099999999970 0.38706343629462530709 0.00000000099999999970 0.00000000099999999970 0.00000000099999999970 0.40781090856821178292 0.00000000099999999970 0.20512565013716269058 
0.00000000099999999959 0.44251482847854206604 0.13289882736201072411 0.00000000099999999959 0.10882164139965530558 0.01681656342668830934 0.00000000099999999959 0.29894813633310368672 
0.00000000099999999947 0.19948207968342662744 0.00000000099999999947 0.28164196325780993524 0.51887595205876346771 0.00000000099999999947 0.00000000099999999947 0.00000000099999999947 
0.00000000099999999916 0.38494756328572948822 0.26078812822650537795 0.00000000099999999916 0.35426430348776510870 0.00000000099999999916 0.00000000099999999916 0.00000000099999999916 
0.16007147043772448902 0.01996344088432683989 0.12646677425211494405 0.30057486705847813457 0.14408196823035129830 0.11722233917838172090 0.09458993269268370363 0.03702920726593902229 
0.00000000099999999945 0.00000000099999999945 0.00000000099999999945 0.00000000099999999945 0.49994748657561288718 0.50005250742438711598 0.00000000099999999945 0.00000000099999999945 
0.22322191686305273284 0.00000000099999999942 0.39017841375138739846 0.00000000099999999942 0.00000000099999999942 0.00000000099999999942 0.16315065249351967669 0.22344901289204022188 
0.16498402483742527491 0.05798740881918081763 0.01742665600357116290 0.10618320364042346804 0.20443016314731798921 0.17222156590615814165 0.19333124990950401045 0.08343572773641921847 
0.33434908927177325877 0.39902946567580716009 0.00000000099999999951 0.12843860908778342855 0.00000032336201323549 0.00000000099999999951 0.00000000099999999951 0.13818250960262304372 
0.99999990301488128619 0.00000000099999999985 0.00000003099390609662 0.00000000099999999985 0.00000003099503496488 0.00000003099617757147 0.00000000099999999985 0.00000000099999999985 
0.00000000099999999983 0.49721880275462126964 0.00000006484501767340 0.50272250926988548692 0.00000001270135780457 0.00000000099999999983 0.00005860742911756671 0.00000000099999999983 
0.00000000099999999933 0.17916719302308417583 0.31224979015136822280 0.00000000099999999933 0.00000000099999999933 0.50858301182554743747 0.00000000099999999933 0.00000000099999999933 
0.00000000099999999953 0.34277108535851907867 0.26793771323203902091 0.00000000099999999953 0.00000000099999999953 0.00000000099999999953 0.00000000099999999953 0.38929119640944187530 
0.36027522225016850310 0.38044493645397831072 0.25926670319675659826 0.00000000099999999913 0.00001313409909666147 0.00000000099999999913 0.00000000099999999913 0.00000000099999999913 
0.00000000099999999952 0.10437002337573698940 0.00000000099999999952 0.00000000099999999952 0.00000000099999999952 0.37959906272370896874 0.00000000099999999952 0.51603090890055391959 
0.00000000099999999935 0.33413636454775269558 0.00000000099999999935 0.00000000099999999935 0.00000000099999999935 0.38450395475559939751 0.00000000099999999935 0.28135967569664771526 
0.52231933327867330341 0.47768066072132692179 0.00000000099999999918 0.00000000099999999918 0.00000000099999999918 0.00000000099999999918 0.00000000099999999918 0.00000000099999999918 
0.00000000099999999944 0.33742848000426939326 0.00000000099999999944 0.00000000099999999944 0.25965159204806903537 0.28978778457589443596 0.00000000099999999944 0.11313213937176719304 
0.00000000099999999956 0.00000000099999999956 0.08047870952227556551 0.00000000099999999956 0.66347663620919694605 0.00000000099999999956 0.25604464926852743556 0.00000000099999999956 
0.00000000099999999952 0.00000000099999999952 0.99999999300000008695 0.00000000099999999952 0.00000000099999999952 0.00000000099999999952 0.00000000099999999952 0.00000000099999999952 
0.00946356319237885019 0.18064732875265671064 0.00000000099999999939 0.00000000099999999939 0.00000000099999999939 0.37024044027432800874 0.00000000099999999939 0.43964866378063632846 
0.00000000099999999932 0.26363462800047821055 0.28812574261213419469 0.00000000099999999932 0.00000000099999999932 0.00000000099999999932 0.00000000099999999932 0.44823962438738768066 
0.00000000099999999947 0.43682907858979536098 0.00000000099999999947 0.11304669019783997186 0.00000000099999999947 0.00000000099999999947 0.00000000099999999947 0.45012422621236475306 
0.48181065364651698424 0.00000000099999999935 0.00000000099999999935 0.00000000099999999935 0.00000000099999999935 0.26090772406727608113 0.25728161728620674298 0.00000000099999999935 
0.37475045372282750344 0.00000000099999999908 0.36564798033875772765 0.00000000099999999908 0.25960156093841479930 0.00000000099999999908 0.00000000099999999908 0.00000000099999999908 
0.23471709719566541397 0.19760917822195345206 0.00000000099999999976 0.12713558362964882953 0.00000000099999999976 0.13579524096039238823 0.00000000099999999976 0.30474289699233986228 
0.00000000099999999942 0.00000000099999999942 0.43292611173680772829 0.03180672354831194648 0.00000000099999999942 0.43170616644213732904 0.00000000099999999942 0.10356099427274315095 
0.00000000099999999933 0.46970509941914312391 0.00000000099999999933 0.00000000099999999933 0.05307227600343887575 0.47722261957741801686 0.00000000099999999933 0.00000000099999999933 
0.01500022005469576168 0.08732868950040954814 0.16668826972260430974 0.25768163879463973354 0.47330117892765066756 0.00000000099999999982 0.00000000099999999982 0.00000000099999999982 
0.00000000099999999905 0.00000000099999999905 0.52724306483625882347 0.19568794109320189478 0.00000000099999999905 0.00000000099999999905 0.00000000099999999905 0.27706898907053939540 
0.00000000099999999924 0.00000000099999999924 0.55383131158606369038 0.00000000099999999924 0.44616868241393625727 0.00000000099999999924 0.00000000099999999924 0.00000000099999999924 
0.00000000099999999944 0.46975463978683301702 0.00000000099999999944 0.00000000099999999944 0.00000000099999999944 0.00000000099999999944 0.53024535421316676409 0.00000000099999999944 
0.05316575466759860397 0.15887080702942213417 0.10847099069903178015 0.02492158456372828637 0.21874676199462741999 0.20509112594358275272 0.19373096667377573410 0.03700200842823331282 
0.09493276524347012135 0.00000000099999999935 0.00000000099999999935 0.34963011129513116293 0.00000000099999999935 0.30094418847981652121 0.25449293098158209947 0.00000000099999999935 
0.00000000099999999910 0.00000000099999999910 0.00000000099999999910 0.99999999300000008695 0.00000000099999999910 0.00000000099999999910 0.00000000099999999910 0.00000000099999999910 
0.00000000099999999908 0.00000000099999999908 0.50000042056689475434 0.00000000099999999908 0.49999957343310519331 0.00000000099999999908 0.00000000099999999908 0.00000000099999999908 
0.00000000099999999941 0.00000000099999999941 0.99999999299999997593 0.00000000099999999941 0.00000000099999999941 0.00000000099999999941 0.00000000099999999941 0.00000000099999999941 
0.06595409759056616861 0.16432581572848573015 0.15064801615640036059 0.15366301551981415008 0.13924861752838293971 0.18391920674590356288 0.08118920231226015027 0.06105202841818702791 
0.00000000099999999925 0.53423727148659883035 0.00000000099999999925 0.00000000099999999925 0.00000000099999999925 0.00000000099999999925 0.46576272251340133934 0.00000000099999999925 
0.00000000099999999953 0.00000000099999999953 0.28289071634953050216 0.41760907399825125674 0.00000000099999999953 0.00000000099999999953 0.29950020465221832699 0.00000000099999999953 
0.00000000099999999962 0.00000000099999999962 0.00000000099999999962 0.00000000099999999962 0.99999999300000008695 0.00000000099999999962 0.00000000099999999962 0.00000000099999999962 
0.00000000099999999910 0.00000000099999999910 0.99999999299999997593 0.00000000099999999910 0.00000000099999999910 0.00000000099999999910 0.00000000099999999910 0.00000000099999999910 
0.11249808830630077250 0.00515683038987775535 0.04596340950726109098 0.06393329423418292468 0.27683039505898454635 0.16359177811120015344 0.19187976811035634128 0.14014643628183642843 
0.00495125545584319988 0.43337098444456056967 0.12495459627170808770 0.09551738546740307090 0.34120577536048507516 0.00000000099999999982 0.00000000099999999982 0.00000000099999999982 
0.00000000099999999948 0.17611076656873692059 0.00000000099999999948 0.39658791719463043490 0.09043311562768227563 0.00000000099999999948 0.33686819660895045425 0.00000000099999999948 
0.00000000099999999964 0.00000000099999999964 0.88287441494018381594 0.11712557905981617334 0.00000000099999999964 0.00000000099999999964 0.00000000099999999964 0.00000000099999999964 
0.00000000099999999858 0.00000000099999999858 0.00000000099999999858 0.99999999299999997593 0.00000000099999999858 0.00000000099999999858 0.00000000099999999858 0.00000000099999999858 
0.00000000099999999937 0.00000000099999999937 0.99999999300000008695 0.00000000099999999937 0.00000000099999999937 0.00000000099999999937 0.00000000099999999937 0.00000000099999999937 
0.03396712681209857615 0.19290426351363984536 0.00815630403827492280 0.12391164717925257088 0.64106065545673407424 0.00000000099999999967 0.00000000099999999967 0.00000000099999999967 
0.00000000099999999892 0.00000000099999999892 0.00000000099999999892 0.00000000099999999892 0.00000000099999999892 0.33405967366653566142 0.00000000099999999892 0.66594032033346428623 
0.11683022437733008025 0.00000000099999999937 0.00000000099999999937 0.00000000099999999937 0.00000000099999999937 0.88316976962266979800 0.00000000099999999937 0.00000000099999999937 
0.00000000099999999955 0.27507294490986877733 0.12589183887218363678 0.09796318752976614086 0.00000168603804187575 0.00000000099999999955 0.50107033965013936250 0.00000000099999999955 
0.00000000099999999936 0.00000000099999999936 0.49942309939904200311 0.00000000099999999936 0.00000000099999999936 0.00000000099999999936 0.50057689460095777800 0.00000000099999999936 
0.00000000099999999969 0.00000000099999999969 0.12380712677618686823 0.87619286722381317656 0.00000000099999999969 0.00000000099999999969 0.00000000099999999969 0.00000000099999999969 
