0.05765624943861599738 0.18292103644663235129 0.12689793372978960817 0.23074755155618731361 0.21027282475338246459 0.19150440407539223719 
0.58052297893441984211 0.00000000099999999950 0.00000000099999999950 0.00000000099999999950 0.00000000099999999950 0.41947701706558032653 
0.00000000099999999963 0.00000000099999999963 0.00000000099999999963 0.40906264341940973273 0.44176739305383994072 0.14916996052675024487 
0.14233004747735356066 0.20326620815470708425 0.15762307023246419080 0.21053718453922584675 0.14038393658386852381 0.14585955301238093251 
0.00000000099999999927 0.00000000099999999927 0.07499971237470186292 0.54234162146197451015 0.38265866316332358688 0.00000000099999999927 
0.00000000099999999969 0.00000000099999999969 0.00000000099999999969 0.99999999500000003039 0.00000000099999999969 0.00000000099999999969 
0.32105250922227296373 0.00000000099999999944 0.46704581710697773422 0.00000000099999999944 0.00000000099999999944 0.21190167067074933138 
0.99999638533472967605 0.00000000099999999974 0.00000000099999999974 0.00000000099999999974 0.00000361066527034333 0.00000000099999999974 
0.04940099840050925228 0.20543093776338053336 0.05797924897505304237 0.27135292427389873238 0.16017945488356546968 0.25565643570359281034 
0.49993436326880708043 0.00000000099999999982 0.00000000099999999982 0.00000000099999999982 0.50006563273119275514 0.00000000099999999982 
0.21833867347658200697 0.30314557927958013517 0.18982772312115017699 0.15461284397562705117 0.07578078887603012515 0.05829439127103049068 
0.99968041418438069456 0.00000000099999999982 0.00000000099999999982 0.00000000099999999982 0.00031958181561944106 0.00000000099999999982 
0.49356987787348671759 0.00000000099999999930 0.50643011812651317349 0.00000000099999999930 0.00000000099999999930 0.00000000099999999930 
0.00000000099999999952 0.00000000099999999952 0.12878723062989866355 0.70631520036066852697 0.00000000099999999952 0.16489756600943272780 
0.00000000099999999962 0.31268291445062496026 0.30389795887719750489 0.00000000099999999962 0.38341912367217734214 0.00000000099999999962 
0.99999539571037676655 0.00000000099999999974 0.00000000099999999974 0.00000000099999999974 0.00000460028962340344 0.00000000099999999974 
0.99999999500000003039 0.00000000099999999914 0.00000000099999999914 0.00000000099999999914 0.00000000099999999914 0.00000000099999999914 
0.00000000099999999984 0.00000000099999999984 0.21223291511067882142 0.38530364181466231210 0.17054177945428372620 0.23192166162037514132 
0.00000000099999999908 0.00000000099999999908 0.00000000099999999908 0.00000000099999999908 0.00000000099999999908 0.99999999500000003039 
0.09009509618449455803 0.00000000099999999955 0.00000000099999999955 0.49812332388172991804 0.00000000099999999955 0.41178157693377559490 
0.22442618635275635164 0.00000000099999999946 0.54539017371328446515 0.23018363693395926806 0.00000000099999999946 0.00000000099999999946 
0.16190198313745413072 0.40734199172874013817 0.42955073614125222070 0.00000000099999999988 0.00000000099999999988 0.00120528699255357391 
0.22670865559645841936 0.00000000099999999936 0.44335128479862001560 0.32994005660492153886 0.00000000099999999936 0.00000000099999999936 
0.15447903798269263520 0.00000000099999999980 0.34705077790149829742 0.28596459850939970337 0.00000000099999999980 0.21250558360640961486 
0.25174047993350290309 0.00000000099999999922 0.74825951606649709902 0.00000000099999999922 0.00000000099999999922 0.00000000099999999922 
0.00000000099999999964 0.00000000099999999964 0.49394265603135201204 0.50605733996864810109 0.00000000099999999964 0.00000000099999999964 
0.00000000099999999916 0.00000000099999999916 0.00000000099999999916 0.99999999499999991937 0.00000000099999999916 0.00000000099999999916 
0.01484829120926098832 0.19745970040298982395 0.19306023600443961152 0.25005794105261691662 0.10549922249847951128 0.23907460883221307024 
0.10877253175875967184 0.16729348299108595666 0.18018341724396380599 0.14925398422233748796 0.27147950894793659860 0.12301707483591647896 
0.99999999500000014141 0.00000000099999999957 0.00000000099999999957 0.00000000099999999957 0.00000000099999999957 0.00000000099999999957 
0.20578051410445050151 0.14917076523042335778 0.19819456702496027201 0.21609842909332602212 0.03937542570118659352 0.19138029884565332939 
0.01936321970430049388 0.24583026023198789600 0.02326443370509231542 0.03909653300662829789 0.10882779806989777149 0.56361775528209323571 
0.99999999500000014141 0.00000000099999999936 0.00000000099999999936 0.00000000099999999936 0.00000000099999999936 0.00000000099999999936 
0.10631341894613519083 0.00000000100000731810 0.00000000099999999984 0.49999920939312492152 0.39368736866073250624 0.00000000099999999984 
0.00000000099999999890 0.00000000099999999890 0.00000000099999999890 0.99999999499999980834 0.00000000099999999890 0.00000000099999999890 
0.81417427519251539536 0.00000000099999999933 0.00000000099999999933 0.18582572080748474552 0.00000000099999999933 0.00000000099999999933 
0.99999999500000014141 0.00000000099999999967 0.00000000099999999967 0.00000000099999999967 0.00000000099999999967 0.00000000099999999967 
0.00000000099999999963 0.00000000099999999963 0.99999999499999991937 0.00000000099999999963 0.00000000099999999963 0.00000000099999999963 
0.63060922474886493827 0.00000000099999999958 0.00000000099999999958 0.00000000099999999958 0.36939077125113506384 0.00000000099999999958 
0.00000000099999999919 0.00000000099999999919 0.00000000099999999919 0.00000000099999999919 0.00000000099999999919 0.99999999499999991937 
0.21064534135201978815 0.23705321143841318055 0.20279606140259454072 0.06752049204291764306 0.20632850018011492099 0.07565639358393992653 
0.00000000099999999970 0.00000000099999999970 0.00183883039791181381 0.34264070726299333813 0.65552045933909475206 0.00000000099999999970 
0.00000000099999999971 0.00000000099999999971 0.00000000099999999971 0.00000000099999999971 0.00000000099999999971 0.99999999499999991937 
0.99999999500000014141 0.00000000099999999980 0.00000000099999999980 0.00000000099999999980 0.00000000099999999980 0.00000000099999999980 
0.74284832639012832178 0.00000000099999999945 0.00000000099999999945 0.00000000099999999945 0.00000000099999999945 0.25715166960987195788 
0.13451679846227762583 0.16520940879208509400 0.22796712291070403422 0.06430468457709229146 0.24601928291812169558 0.16198270233971923115 
0.49990856252010257288 0.00000000099999999989 0.00000000099999999989 0.00000000099999999989 0.00009084027233676867 0.50000059420756060025 
0.00000000099999999973 0.00000000099999999973 0.13127059682560260345 0.11354354083119357066 0.48358316374619081390 0.27160269659701302691 
0.00000000099999999965 0.00000000099999999965 0.00000000099999999965 0.20995037958887030616 0.79004961641112969595 0.00000000099999999965 
0.99978506993565108285 0.00000000099999999979 0.00000000099999999979 0.00000000099999999979 0.00021492606434888139 0.00000000099999999979 
0.00000000099999999963 0.00000000099999999963 0.40422197300770573714 0.42602641256212359089 0.00000000099999999963 0.16975161143017061804 
0.00000000099999999925 0.00000000099999999925 0.45396079022473162512 0.00000000099999999925 0.54603920577526832147 0.00000000099999999925 
0.15715753258274223203 0.08857085520846216808 0.15814875880587025980 0.14657043220402202199 0.28782887734916995370 0.16172354384973341990 
0.21297769550765022206 0.00000000099999999975 0.29627734117218645915 0.31313167088965260243 0.00000000099999999975 0.17761329043051071741 
0.99942120692415215011 0.00000000099999999979 0.00000000099999999979 0.00000000099999999979 0.00057878907584780353 0.00000000099999999979 
0.00000000099999999926 0.00000000099999999926 0.00000000099999999926 0.00000000099999999926 0.00000000099999999926 0.99999999499999991937 
0.00000000099999999911 0.00000000099999999911 0.00000000099999999911 0.99999999500000003039 0.00000000099999999911 0.00000000099999999911 
0.23564780393421402849 0.20906058640100538826 0.17983503238814071978 0.11746123182211842817 0.08053378707911430789 0.17746155837540714129 
0.42216586229046870749 0.00000000099999999938 0.00000000099999999938 0.30929726515521221986 0.00000000099999999938 0.26853686955431910199 
0.03146282413638132325 0.41916492181475217826 0.23359116371090482556 0.18078288927207533665 0.10495037958287785351 0.03004782148300855910 
0.99999999500000003039 0.00000000099999999975 0.00000000099999999975 0.00000000099999999975 0.00000000099999999975 0.00000000099999999975 
0.00000000099999999959 0.99999999500000003039 0.00000000099999999959 0.00000000099999999959 0.00000000099999999959 0.00000000099999999959 
0.25682593413237708724 0.04144798688752344279 0.10510474587599163976 0.12693381829748134892 0.23314881731620665239 0.23653869749041994686 
0.99994145619783181278 0.00000000099999999983 0.00000000099999999983 0.00000000099999999983 0.00005853980216818184 0.00000000099999999983 
0.20790975980333742390 0.06320592975906587363 0.20394099002224280737 0.04314908514221665881 0.19901287305355849777 0.28278136221957883567 
0.00000000099999999943 0.00000000099999999943 0.00000000099999999943 0.00000000099999999943 0.79667279383279854255 0.20332720216720143180 
0.05825617295004793111 0.13720611699191229138 0.22345834013811968766 0.10743607670638490037 0.19767712306412241197 0.27596617014941271506 
0.32322778066423529797 0.00000000099999999962 0.00000000099999999962 0.00000000099999999962 0.67677221533576459311 0.00000000099999999962 
0.00000000099999999935 0.00000000099999999935 0.00000000099999999935 0.99999999500000003039 0.00000000099999999935 0.00000000099999999935 
0.99999999500000014141 0.00000000099999999944 0.00000000099999999944 0.00000000099999999944 0.00000000099999999944 0.00000000099999999944 
0.01713885988264860633 0.23435414013556990498 0.13010627916835443285 0.23730653680240573755 0.21728221424816551721 0.16381196976285589129 
0.74133146503903801783 0.03001245167925087678 0.22182400607936539338 0.00000000099999999988 0.00000000099999999988 0.00683207520234570351 
0.53437684796722872971 0.00000000099999999983 0.00000000099999999983 0.46562314803277132791 0.00000000099999999983 0.00000000099999999983 
0.26488792377691394719 0.25634155526708957140 0.09797752555341873726 0.05186354212520020296 0.24552993908666453926 0.08339951419071309213 
0.15653367558177419538 0.16721349357194709162 0.26389853420762560132 0.00664100852165172475 0.23805345811669278988 0.16765983000030862393 
0.43014226176175074379 0.00000000099999999953 0.00000000099999999953 0.56985773423824914730 0.00000000099999999953 0.00000000099999999953 
0.08386812728376669135 0.00000000100000785936 0.00000000099999999985 0.49999940536661258150 0.41613246434961292941 0.00000000099999999985 
0.08043803567340838956 0.26869235798567719931 0.65085192005276593097 0.00000000099999999982 0.00000000099999999982 0.00001768428814856803 
0.53334625877451868892 0.00000000099999999958 0.00000000099999999958 0.00000000099999999958 0.26327172537431198229 0.20338201285116952466 
0.00000000099999999941 0.00000000099999999941 0.00000000099999999941 0.99999999499999991937 0.00000000099999999941 0.00000000099999999941 
0.06083307114251836067 0.36672330457161961270 0.12283697465365016332 0.24306951514140112680 0.19663393169710330355 0.00990320279370746417 
0.99999999500000014141 0.00000000099999999983 0.00000000099999999983 0.00000000099999999983 0.00000000099999999983 0.00000000099999999983 
0.00000000099999999952 0.00000000099999999952 0.99999999500000003039 0.00000000099999999952 0.00000000099999999952 0.00000000099999999952 
0.27305689140721106645 0.14251534199303020345 0.11235108317646123888 0.02855266203578800052 0.26731645472385112683 0.17620756666365827714 
0.00000000099999999942 0.00000000099999999942 0.00000000099999999942 0.99999999499999991937 0.00000000099999999942 0.00000000099999999942 
0.00000000099999999946 0.00000000099999999946 0.99999999499999991937 0.00000000099999999946 0.00000000099999999946 0.00000000099999999946 
0.99970631786608965541 0.00000000099999999983 0.00000000099999999983 0.00000000099999999983 0.00029367813391039093 0.00000000099999999983 
0.16333973222593362040 0.19541310672958572825 0.06740389027966110780 0.27879897237464812410 0.07694009233325196928 0.21810420605691943630 
0.00000000099999999960 0.42972803489703503832 0.57027196110296496379 0.00000000099999999960 0.00000000099999999960 0.00000000099999999960 
0.00000000099999999904 0.99999999500000003039 0.00000000099999999904 0.00000000099999999904 0.00000000099999999904 0.00000000099999999904 
0.46102623937635872631 0.38810302819718639489 0.15087000406358574978 0.00000000099999999982 0.00000000099999999982 0.00000072636286900908 
0.33447331591541779039 0.00000000099999999963 0.00000000099999999963 0.00000000099999999963 0.39006829181502827852 0.27545838926955373838 
0.00000000099999999942 0.00002488457526939596 0.79700285272827187111 0.20297225969645871224 0.00000000099999999942 0.00000000099999999942 
0.00000000099999999934 0.00000000099999999934 0.89592741212637050374 0.00000000099999999934 0.10407258387362942897 0.00000000099999999934 
0.00000000099999999932 0.00000000099999999932 0.99999999499999991937 0.00000000099999999932 0.00000000099999999932 0.00000000099999999932 
0.03875650944782282892 0.21979639256360905541 0.74095918554580908477 0.00000000099999999988 0.00000000099999999988 0.00048791044275896288 
0.00000000099999999986 0.22506750304622541448 0.22765369892955475417 0.21753239387788292358 0.12961792011997022578 0.20012848302636662701 
0.36831369234630834120 0.00000000099999999961 0.00000000099999999961 0.15984722105540413728 0.00000000099999999961 0.47183908359828763412 
0.22290317292965680651 0.00000000099999999982 0.23781112463469400442 0.23161864849613961193 0.03350632519979929863 0.27416072773971017495 
0.37025402414803404438 0.25489799995880907391 0.24387682879270750069 0.13097114510044929880 0.00000000099999999947 0.00000000099999999947 
0.34754826569270780290 0.27180723462016198599 0.00000000099999999962 0.22362828189155325997 0.15701621579557695219 0.00000000099999999962 
0.00000000099999999957 0.30704813084864707173 0.00000000099999999957 0.15609524663335308525 0.34054807942716958102 0.19630854109083017978 
0.00000000099999999948 0.00000000099999999948 0.00000000099999999948 0.02231760503923082770 0.97768239096076914318 0.00000000099999999948 
0.00000000099999999974 0.00000000099999999974 0.00000000099999999974 0.99999999499999991937 0.00000000099999999974 0.00000000099999999974 
0.00722880842940783110 0.16240504348413575819 0.07574518079183260866 0.21050787385519231787 0.18541174349689110157 0.35870134994254038174 
0.46627865003467672267 0.45217216589377040581 0.00000000099999999943 0.08154918107155298412 0.00000000099999999943 0.00000000099999999943 
0.00000000099999999993 0.17664219690073626468 0.26040736047799922792 0.08707807060078348593 0.00000000099999999993 0.47587237002048116130 
0.19224157415606146770 0.19285265478366106495 0.05667758966093700002 0.16460626642806835962 0.29389450442063624891 0.09972741055063580329 
0.56904931654721091494 0.00000000099999999948 0.00000000099999999948 0.28067078247494842147 0.15027989797784066517 0.00000000099999999948 
0.15301742292588144112 0.00000000099999999945 0.00000000099999999945 0.37437918141861881161 0.47260339265549961008 0.00000000099999999945 
0.18017011870673668716 0.00000000099999999950 0.35297251533417972613 0.46685736295908358828 0.00000000099999999950 0.00000000099999999950 
0.19291633681396350153 0.21850080076677552698 0.03835389455184069069 0.08549165888764444221 0.20330586578484005633 0.26143144319493588634 
0.58688970861310985061 0.00000000099999999945 0.41311028738689015150 0.00000000099999999945 0.00000000099999999945 0.00000000099999999945 
0.09853019917558594742 0.00000000099999999965 0.00000000099999999965 0.43467013037543666965 0.00000000099999999965 0.46679966744897738451 
0.25923368086069981109 0.00000000099999999936 0.28013288985639378526 0.00000000099999999936 0.00000000099999999936 0.46063342628290637748 
0.00000000099999999986 0.22294443397096549986 0.23002810793962130687 0.21770255575042149476 0.12985219688199992061 0.19947270445699175068 
0.77812247836435943782 0.22187751763564053653 0.00000000099999999967 0.00000000099999999967 0.00000000099999999967 0.00000000099999999967 
0.00000000099999999965 0.00000000099999999965 0.00000000099999999965 0.97380234637046714230 0.02619764962953277307 0.00000000099999999965 
0.14218223214308808866 0.55450299083120968557 0.00000000099999999953 0.30331477402570222734 0.00000000099999999953 0.00000000099999999953 
0.00000000099999999987 0.23062436207912367925 0.23548448517215603282 0.20727576478687553818 0.15324691987607114152 0.17336846708577346998 
0.00000000099999999905 0.00000000099999999905 0.00000000099999999905 0.00000000099999999905 0.51893539973552349487 0.48106459626447656275 
0.00000000099999999978 0.39075432384399716446 0.00000000099999999978 0.18906801910971110514 0.18090547970345360884 0.23927217534283812261 
0.00000000099999999978 0.38991136485644922738 0.00000000099999999978 0.18737264477123624640 0.17958289597660831438 0.24313309239570612963 
0.49720321304334452739 0.11854260552655644656 0.02051892581942337326 0.00941977212563623913 0.10533861250750857497 0.24897687097753079533 
0.75158022886621611569 0.00000000099999999938 0.00000000099999999938 0.00000000099999999938 0.00000000099999999938 0.24841976713378410846 
0.00000000099999999986 0.22294624237153976010 0.23002533087042073556 0.21769993829784994865 0.12984729339671030601 0.19948119406347908367 
0.09655412465858495552 0.19603064855282723022 0.07966928111984736272 0.00707467042688328471 0.18456488225535991332 0.43610639298649722662 
0.21118409617305491932 0.21052546103424277235 0.07349150434763936091 0.07729621886760765226 0.22161472376971944054 0.20588799580773595177 
0.32582444235772006769 0.00000000099999999959 0.52521003057061721453 0.14896552407166266385 0.00000000099999999959 0.00000000099999999959 
0.00000000099999999963 0.00000000099999999963 0.00000000099999999963 0.99999999500000003039 0.00000000099999999963 0.00000000099999999963 
0.99999999500000014141 0.00000000099999999946 0.00000000099999999946 0.00000000099999999946 0.00000000099999999946 0.00000000099999999946 
0.00000000099999999985 0.34458228310818994622 0.28552093226373442825 0.00000000099999999985 0.00000000099999999985 0.36989678162807576589 
0.99999999500000003039 0.00000000099999999967 0.00000000099999999967 0.00000000099999999967 0.00000000099999999967 0.00000000099999999967 
0.00000000099999999993 0.28504940483426483011 0.04709042307863899046 0.18015256878293151033 0.27738308160499353106 0.21032452069917123572 
0.39834117608788255360 0.00000000099999999938 0.28992077309104230531 0.00000000099999999938 0.31173804782107517042 0.00000000099999999938 
0.39023318838465920200 0.23140233442338636882 0.00000000099999999932 0.37836447419195462505 0.00000000099999999932 0.00000000099999999932 
0.00000000099999999946 0.00000000099999999946 0.00000000099999999946 0.00000000099999999946 0.99999999500000003039 0.00000000099999999946 
0.00000000099999999981 0.43989012565251911502 0.00000000099999999981 0.09391918116439679221 0.26935752665466822231 0.19683316452841584376 
0.00000000099999999964 0.00000000099999999964 0.99999999500000003039 0.00000000099999999964 0.00000000099999999964 0.00000000099999999964 
0.00000000099999999950 0.00000000099999999950 0.00000000099999999950 0.49999411610950100782 0.50000587989049882776 0.00000000099999999950 
0.00000000099999999988 0.12150139426539666165 0.27721453464945727818 0.28722866507202793329 0.10615319614160972916 0.20790220887150839824 
0.17291126950412225027 0.09384991789549641805 0.14572792266553075136 0.13572426294859332718 0.25430057422215862628 0.19748605276409864073 
0.00000000099999999965 0.00000000099999999965 0.99999999499999991937 0.00000000099999999965 0.00000000099999999965 0.00000000099999999965 
0.00000000099999999987 0.00000000099999999987 0.40928276263664531420 0.25223155883860243209 0.00000000099999999987 0.33848567552475228304 
0.00000000099999999994 0.23975407470985363179 0.14899614883465572834 0.15590189217469946348 0.22210688454901561517 0.23324099873177547848 
0.54639528801790460122 0.00000000099999999931 0.18894381959487563383 0.26466088938721976653 0.00000000099999999931 0.00000000099999999931 
0.47821778213791527046 0.52178221386208478716 0.00000000099999999913 0.00000000099999999913 0.00000000099999999913 0.00000000099999999913 
0.44881005432778270370 0.26863552297444914796 0.00000000099999999987 0.09777920364243260221 0.18477521705533556107 0.00000000099999999987 
0.73373169471528087993 0.14118753050354651557 0.12506411918200308064 0.00000000099999999982 0.00000000099999999982 0.00001665359916967659 
0.99999999500000014141 0.00000000099999999957 0.00000000099999999957 0.00000000099999999957 0.00000000099999999957 0.00000000099999999957 
0.01095536097532423189 0.07017613365483381382 0.29189996181985949919 0.31036597057423565005 0.21696697372850134999 0.09963559924724538219 
0.08438062959478076497 0.40572282965606454308 0.00000000099999999973 0.18755991583139650092 0.32233662291775799780 0.00000000099999999973 
0.40081846036460022642 0.27485312866301542245 0.00000000099999999959 0.00000000099999999959 0.00000000099999999959 0.32432840797238449149 
0.00809548660111083888 0.08913635355872986943 0.15382904297643282265 0.05453114058224169808 0.33631130349338927976 0.35809667278809559354 
0.00000000099999999972 0.36982221581882296357 0.00000000099999999972 0.19359400710329399686 0.12148699363309670152 0.31509678144478625583 
0.05063132893722362832 0.08596682078719937448 0.02696459015863131650 0.29038249784903580331 0.34088499111003639497 0.20516977115787354835 
0.55034055694657268987 0.00000000099999999948 0.00000000099999999948 0.28302784876787745461 0.00000000099999999948 0.16663159128554988486 
0.43327478940200891966 0.00000000099999999954 0.00000000099999999954 0.00000000099999999954 0.00000000099999999954 0.56672520659799108245 
0.27152844084307314887 0.40318447788931627285 0.32386964861372463664 0.00000000099999999977 0.00141743065388604352 0.00000000099999999977 
0.61296644046455328603 0.00000000099999999967 0.00000000099999999967 0.38703355553544677159 0.00000000099999999967 0.00000000099999999967 
0.49310304153705880603 0.00000000099999999938 0.00000000099999999938 0.00000000099999999938 0.00000000099999999938 0.50689695446294102954 
0.11072446793034340651 0.12761094850136536771 0.28528657712374189126 0.16766076989231368244 0.30871723555223551383 0.00000000099999999997 
0.00000000099999999961 0.00000000099999999961 0.13532138097137971777 0.39672879177765102421 0.46794982425096909306 0.00000000099999999961 
0.38782799547425778064 0.00000000099999999954 0.00000000099999999954 0.39452397205856659657 0.21764802946717537457 0.00000000099999999954 
0.53683685478735010399 0.00000000099999999971 0.00000000099999999971 0.15864646375467342243 0.26916375266268216526 0.03535292679529433019 
0.81723529389585469751 0.00000000099999999950 0.00000000099999999950 0.18276470210414536011 0.00000000099999999950 0.00000000099999999950 
0.10757560919004525990 0.15502838605954971651 0.23063076883719241250 0.17017855865153810879 0.11024723314282597331 0.22633944411884857062 
0.41104893281951954132 0.00000000099999999979 0.49083204614627229390 0.05943650156474503121 0.00000000099999999979 0.03868251746946305136 
0.36539584678734443601 0.16536483381554764605 0.00000000099999999992 0.04581684601007596919 0.25259379854267022258 0.17082867384436170588 
0.25261612586179821305 0.24456379212992426786 0.20599764377133311655 0.05130804040105171882 0.14002974799658923777 0.10548464983930339045 
0.00000000099999999982 0.00000000099999999982 0.44663038091721374290 0.26519341279088137764 0.00000000099999999982 0.28817620329190496431 
0.49905985756533577380 0.00000000099999999988 0.00000000099999999988 0.00000000099999999988 0.00094034036700885268 0.49999979906765529281 
0.00000000099999999986 0.40811875307634382093 0.52375952639134248923 0.06812171753231383020 0.00000000099999999986 0.00000000099999999986 
0.25188232810568039755 0.00000000099999999951 0.31540709737026767501 0.26952589476406507707 0.16318467775998682368 0.00000000099999999951 
0.37868103371869754614 0.00000000099999999965 0.00000000099999999965 0.43470467974485960116 0.00000000099999999965 0.18661428353644293754 
0.45976601432092634170 0.00000000099999999949 0.31455410131910593874 0.22567988135996783217 0.00000000099999999949 0.00000000099999999949 
0.00000000099999999971 0.00000000099999999971 0.00000000099999999971 0.10066566809695137730 0.69930604839635968073 0.20002828050668899906 
0.00000000099999999950 0.00000000099999999950 0.27679588057798687473 0.51926874140181000783 0.06993297785848669179 0.13400239816171638507 
0.30934097773941238163 0.07945020735023734793 0.00000000099999999974 0.38754435071393456003 0.00000000099999999974 0.22366446219641566984 
0.13836065788962917389 0.00000000099999999937 0.00000000099999999937 0.60030737324567573499 0.26133196586469498168 0.00000000099999999937 
0.70114375910123605262 0.29885623689876406051 0.00000000099999999977 0.00000000099999999977 0.00000000099999999977 0.00000000099999999977 
0.99999999500000003039 0.00000000099999999963 0.00000000099999999963 0.00000000099999999963 0.00000000099999999963 0.00000000099999999963 
0.00000000099999999960 0.00000000099999999960 0.00000000099999999960 0.32054099428994120569 0.52799504535626151647 0.15146395735379733494 
0.23583086807472755653 0.00000000099999999939 0.00000000099999999939 0.59006485822697474219 0.00000000099999999939 0.17410427069829773061 
0.00803288721180811516 0.00000000099999999962 0.00000000099999999962 0.55613521926531739314 0.00000000099999999962 0.43583189052287457654 
0.00000000099999999933 0.35727538258101565471 0.64272461341898434739 0.00000000099999999933 0.00000000099999999933 0.00000000099999999933 
0.69559470138348544754 0.00000000099999999941 0.30440529461651461007 0.00000000099999999941 0.00000000099999999941 0.00000000099999999941 
0.00000000099999999982 0.00000000099999999982 0.20580499114807598859 0.27303321893113258190 0.19830215989382968256 0.32285962802696183127 
0.37874019398386260526 0.00000000099999999935 0.13019957646794355632 0.00000000099999999935 0.49106022654819386775 0.00000000099999999935 
0.12491206184356694331 0.00000000099999999960 0.37550408212640973282 0.49958383027943686905 0.00000002375058646057 0.00000000099999999960 
0.25113271409623072472 0.36139391242278534611 0.38452569079974752153 0.00000000099999999988 0.00000000099999999988 0.00294768068123634234 
0.64960755043977935763 0.00000000099999999917 0.00000000099999999917 0.00000000099999999917 0.00000000099999999917 0.35039244556022075550 
0.99999999500000014141 0.00000000099999999927 0.00000000099999999927 0.00000000099999999927 0.00000000099999999927 0.00000000099999999927 
0.00000000099999999960 0.47940563861916407618 0.00000000099999999960 0.52059435738083581491 0.00000000099999999960 0.00000000099999999960 
0.17888336676839472483 0.22323742068547355877 0.08819371437353974719 0.03392811734450738859 0.23091591206891209920 0.24484146875917242592 
0.00000000099999999975 0.25149861437622061944 0.52862357326461140161 0.00000000099999999975 0.03440790473684947337 0.18546990562231852051 
0.00000000099999999940 0.00000000099999999940 0.00000000099999999940 0.00000000099999999940 0.44149980552230733144 0.55850019047769272618 
0.99999999500000003039 0.00000000099999999937 0.00000000099999999937 0.00000000099999999937 0.00000000099999999937 0.00000000099999999937 
0.99999999500000014141 0.00000000099999999956 0.00000000099999999956 0.00000000099999999956 0.00000000099999999956 0.00000000099999999956 
0.01790779383380789250 0.23098401796957232501 0.22751258046351396924 0.09732994168782931055 0.26153771408385051433 0.16472795196142608898 
0.00000000099999999941 0.47467065192554297459 0.00000000099999999941 0.52532934407445697200 0.00000000099999999941 0.00000000099999999941 
0.39256781070976759507 0.30347609068828584888 0.00000000099999999982 0.00000000099999999982 0.00580324398938029951 0.29815285261256624372 
0.00000000099999999971 0.00000000099999999971 0.00000000099999999971 0.00000000099999999971 0.00000000099999999971 0.99999999499999991937 
0.99999999500000014141 0.00000000099999999936 0.00000000099999999936 0.00000000099999999936 0.00000000099999999936 0.00000000099999999936 
0.22942354044140564340 0.10102621029298484989 0.14669909017131030349 0.18544143845613750288 0.20006886073387525338 0.13734085990428651636 
0.21539128187116116098 0.51216895165852172056 0.27046790125887631984 0.00000000099999999988 0.00000000099999999988 0.00197186321144072032 
0.00000000099999999993 0.21249425951301159632 0.13342247290473696619 0.34682782276962792478 0.01733099594401205784 0.28992444786861149009 
0.99999999500000003039 0.00000000099999999975 0.00000000099999999975 0.00000000099999999975 0.00000000099999999975 0.00000000099999999975 
0.00000000099999999938 0.00000000099999999938 0.00000000099999999938 0.00000000099999999938 0.00000000099999999938 0.99999999500000003039 
0.99999999500000003039 0.00000000099999999954 0.00000000099999999954 0.00000000099999999954 0.00000000099999999954 0.00000000099999999954 
0.34515234060330096666 0.11504998428374553499 0.53979767211295193174 0.00000000099999999978 0.00000000099999999978 0.00000000100000165480 
0.00000000099999999929 0.00000000099999999929 0.00000000099999999929 0.00000000099999999929 0.99999999500000003039 0.00000000099999999929 
0.00000000099999999952 0.00000000099999999952 0.99999999500000003039 0.00000000099999999952 0.00000000099999999952 0.00000000099999999952 
0.00000000099999999918 0.77842894714952859392 0.22157104885047151921 0.00000000099999999918 0.00000000099999999918 0.00000000099999999918 
0.24196366913645150909 0.43249937432083357391 0.00000000099999999970 0.32553695354271494633 0.00000000099999999970 0.00000000099999999970 
0.99999999500000014141 0.00000000099999999978 0.00000000099999999978 0.00000000099999999978 0.00000000099999999978 0.00000000099999999978 
0.85141136740696965468 0.00000000099999999971 0.00000000099999999971 0.10780834925496607379 0.00000000099999999971 0.04078028033806428698 
0.00000000099999999964 0.51044871783276590804 0.48955127816723409406 0.00000000099999999964 0.00000000099999999964 0.00000000099999999964 
0.00000000099999999990 0.52276235593523201484 0.00000000099999999990 0.00384497359195361266 0.16136977233904781226 0.31202289613376660293 
0.00000000099999999948 0.00000000099999999948 0.00000000099999999948 0.99999999500000003039 0.00000000099999999948 0.00000000099999999948 
0.00000000099999999926 0.00000000099999999926 0.00000000099999999926 0.99999999499999991937 0.00000000099999999926 0.00000000099999999926 
0.99999999500000014141 0.00000000099999999977 0.00000000099999999977 0.00000000099999999977 0.00000000099999999977 0.00000000099999999977 
0.00000000099999999965 0.00000000099999999965 0.00000000099999999965 0.29667708714830398620 0.70332290885169590489 0.00000000099999999965 
0.35307284804022998070 0.39045213550257018564 0.05066759939000612528 0.04691454862675308035 0.13116129140838395095 0.02773157703205671523 
0.00000000099999999965 0.00000000099999999965 0.00000000099999999965 0.08010854548403249786 0.91989145051596743485 0.00000000099999999965 
0.56431028685198691974 0.00000000099999999975 0.00000000099999999975 0.12863748151381906859 0.00000000099999999975 0.30705222863419412427 
0.14702480855253211023 0.32647183418989128567 0.52482996516885449534 0.00000000099999999988 0.00000000099999999988 0.00167339008872207143 
0.97683053405094733002 0.00000000099999999941 0.00000000099999999941 0.00000000099999999941 0.00000000099999999941 0.02316946194905268597 
0.13553435964651774914 0.00000000099999999966 0.36724960828662506218 0.00000000099999999966 0.41779537392778032245 0.07942065613907677013 
0.00000000099999999934 0.00000000099999999934 0.50984677949725920598 0.49015321650274074061 0.00000000099999999934 0.00000000099999999934 
0.70692445788409052909 0.00000000099999999957 0.00000000099999999957 0.29307553811590969506 0.00000000099999999957 0.00000000099999999957 
0.00000000099999999945 0.00000000099999999945 0.44696651934572673159 0.00000000099999999945 0.09132406484879780628 0.46170941280547544983 
0.00000000099999999967 0.00000000099999999967 0.00000000099999999967 0.00000000099999999967 0.99999999500000003039 0.00000000099999999967 
0.16331462642782443306 0.13973126575579480901 0.10097264186399508568 0.19302099202834721581 0.24514132887892228774 0.15781914504511621034 
0.00000000099999999943 0.35992219782997775246 0.00000000099999999943 0.64007779817002219414 0.00000000099999999943 0.00000000099999999943 
0.40568142770696152821 0.00000000099999999979 0.59431713749743564357 0.00000000099999999979 0.00000143179560291679 0.00000000099999999979 
0.00000000099999999870 0.00000000099999999870 0.99999999499999991937 0.00000000099999999870 0.00000000099999999870 0.00000000099999999870 
0.00000000191155517644 0.00000000099999999968 0.00000000099999999968 0.99999999408844475468 0.00000000099999999968 0.00000000099999999968 
0.00000000099999999953 0.40505736873026676470 0.00000000099999999953 0.00000000099999999953 0.40180340680716392088 0.19313922146256917722 
0.06808386609848936233 0.13447627979647569507 0.34949315476391107360 0.00000000099999999979 0.00000000099999999979 0.44794669734112391168 
0.99999999500000003039 0.00000000099999999963 0.00000000099999999963 0.00000000099999999963 0.00000000099999999963 0.00000000099999999963 
0.00000000099999999965 0.00000000099999999965 0.00000000099999999965 0.76643517564494789696 0.23356482035505204964 0.00000000099999999965 
0.00000000099999999933 0.00000000099999999933 0.30783984994843432981 0.00000000099999999933 0.40356625207493052043 0.28859389497663501256 
0.00000000099999999963 0.29588257655200128626 0.42181132202831322919 0.00000000099999999963 0.00000000099999999963 0.28230609841968556939 
0.00012143288909850712 0.00000000099999999966 0.00000000099999999966 0.63295996842203705590 0.03750593595609397896 0.32941266073277053472 
0.00000000099999999934 0.31111860008890240836 0.68888139591109764925 0.00000000099999999934 0.00000000099999999934 0.00000000099999999934 
0.39440552404527762231 0.00000000099999999976 0.00000000099999999976 0.25215815738960445369 0.00000000099999999976 0.35343631556511778680 
0.00000000099999999975 0.44608351325722545022 0.55391648274277438535 0.00000000099999999975 0.00000000099999999975 0.00000000099999999975 
0.29066018865741122257 0.25167473915084381808 0.00000000099999999956 0.45766506919174498869 0.00000000099999999956 0.00000000099999999956 
0.09400557360277406183 0.29004251204331860103 0.02979481254046007638 0.33734045748278468357 0.23962839088469869986 0.00918825344596399703 
0.00000000099999999941 0.00000000099999999941 0.99999999499999991937 0.00000000099999999941 0.00000000099999999941 0.00000000099999999941 
0.00000000099999999921 0.99999999500000003039 0.00000000099999999921 0.00000000099999999921 0.00000000099999999921 0.00000000099999999921 
0.23035892274440769589 0.00000000099999999986 0.00000000099999999986 0.30259406784448317218 0.17433633484826177584 0.29271067256284744040 
0.26592769312223130118 0.00000000099999999929 0.73407230287776870092 0.00000000099999999929 0.00000000099999999929 0.00000000099999999929 
0.61681816717470794309 0.15587256525768228288 0.00000000099999999948 0.22730926456760974785 0.00000000099999999948 0.00000000099999999948 
0.99999999500000003039 0.00000000099999999968 0.00000000099999999968 0.00000000099999999968 0.00000000099999999968 0.00000000099999999968 
0.41956878589044049876 0.00000000099999999939 0.00000000099999999939 0.00000000099999999939 0.58043121010955933681 0.00000000099999999939 
0.00000000099999999933 0.00000000099999999933 0.00000000099999999933 0.00000000099999999933 0.99999999499999991937 0.00000000099999999933 
0.99962394954615063636 0.00000000099999999974 0.00000000099999999974 0.00000000099999999974 0.00037604645384948739 0.00000000099999999974 
0.99999999500000014141 0.00000000099999999983 0.00000000099999999983 0.00000000099999999983 0.00000000099999999983 0.00000000099999999983 
0.12341955591119267710 0.21563185480233923452 0.12002167200273253234 0.14291173925718703153 0.31649697319046365962 0.08151820483608485102 
0.00000000099999999955 0.00000000099999999955 0.00000000099999999955 0.00000000099999999955 0.99999999500000003039 0.00000000099999999955 
