0.05000901328417529934 0.12142665005243948040 0.11325648054707376788 0.07758232641232155891 0.03819663106333667096 0.14848986859138546546 0.14804161247665639789 0.05243147763372312670 0.15571654708829105185 0.09484939285059720837 
0.00000000099999999920 0.00000000099999999920 0.00000000099999999920 0.37071569215652899754 0.00000000099999999920 0.00000000099999999920 0.00000000099999999920 0.00000000099999999920 0.00000000099999999920 0.62928429984347089565 
0.00000000099999999903 0.00000000099999999903 0.31214901590642074591 0.00000000099999999903 0.00000000099999999903 0.32271024184542174140 0.36514073524815732208 0.00000000099999999903 0.00000000099999999903 0.00000000099999999903 
0.19577297525417750035 0.21474258111960362050 0.05120096489826287539 0.10570850042191967666 0.08474970300702099057 0.09395265799652893768 0.05507910002466432503 0.03361859059457587146 0.15263674552958397812 0.01253818115366219475 
0.00000000099999999889 0.00000000099999999889 0.21156126792022017513 0.00000000099999999889 0.00000000099999999889 0.49325348222963993905 0.12427869389051969529 0.00000000099999999889 0.17090654995962001328 0.00000000099999999889 
0.00000000099999999946 0.00000000099999999946 0.00007514622524479329 0.00000000099999999946 0.00000000099999999946 0.00000000099999999946 0.00000000099999999946 0.99992484577475515550 0.00000000099999999946 0.00000000099999999946 
0.00000000099999999917 0.00000000099999999917 0.00000000099999999917 0.00000000099999999917 0.49872934000718216474 0.00000000099999999917 0.44470167394995063770 0.00000000099999999917 0.00000000099999999917 0.05656897904286721512 
0.00000000099999999953 0.00000000099999999953 0.00000000099999999953 0.00000000099999999953 0.73475881450687474672 0.00000000100000912657 0.00000000099999999953 0.00000000099999999953 0.00000000099999999953 0.26524117749311637571 
0.03295671637144696048 0.07650247616832205055 0.12033464499731287567 0.07989436159367804824 0.11782171238142466474 0.16633665579781520272 0.16519307037279715167 0.08757042213672007469 0.12508844135868718572 0.02830149882179583062 
0.00000000099999999967 0.00000000099999999967 0.00000000099999999967 0.00000000099999999967 0.36719674078526093330 0.50007983068121641956 0.00000000099999999967 0.00000000099999999967 0.00000000099999999967 0.13272342153352281735 
0.11322665444632463994 0.16172508343820449217 0.08993997695640980339 0.13701024483590609759 0.11121410402718784338 0.13847096480951787134 0.04598251577376035598 0.01194451439853601478 0.10177825201191077753 0.08870768930224219584 
0.00000000099999999967 0.00000000099999999967 0.00000000099999999967 0.00000000099999999967 0.21116800798742799139 0.00000000100000678125 0.00000000099999999967 0.00000000099999999967 0.00000000099999999967 0.78883198401256526822 
0.00000000099999999863 0.00000000099999999863 0.00000000099999999863 0.00000000099999999863 0.00000000099999999863 0.00000000099999999863 0.00000000099999999863 0.00000000099999999863 0.29768832035583348006 0.70231167164416652415 
0.00000000099999999859 0.01060759177843787794 0.00000000099999999859 0.15246549555687979871 0.00000000099999999859 0.67569528025053982034 0.16123162641414237606 0.00000000099999999859 0.00000000099999999859 0.00000000099999999859 
0.28835469060058566138 0.00000000099999999936 0.16049178454156262652 0.00000000099999999936 0.00000000099999999936 0.00000000099999999936 0.26464509825868604009 0.00000000099999999936 0.28650842059916542537 0.00000000099999999936 
0.00000000099999999954 0.00000000099999999954 0.00000000099999999954 0.00000000099999999954 0.62180783470072731323 0.00000000100000764311 0.00000000099999999954 0.00000000099999999954 0.00000000099999999954 0.37819215729926525249 
0.00000000099999999863 0.00000000099999999863 0.00000000099999999863 0.00000000099999999863 0.99999999099999992147 0.00000000099999999863 0.00000000099999999863 0.00000000099999999863 0.00000000099999999863 0.00000000099999999863 
0.00000000099999999952 0.00000000099999999952 0.31907769639190108890 0.29864344914294960187 0.00000000099999999952 0.00000000099999999952 0.16784014318055304193 0.00000000126389223025 0.21443870502070389028 0.00000000099999999952 
0.00000000099999999852 0.00000000099999999852 0.00000000099999999852 0.99999999100000003249 0.00000000099999999852 0.00000000099999999852 0.00000000099999999852 0.00000000099999999852 0.00000000099999999852 0.00000000099999999852 
0.00000000099999999886 0.22202995941496361798 0.41679052762999968529 0.00000000099999999886 0.36117950595503678368 0.00000000099999999886 0.00000000099999999886 0.00000000099999999886 0.00000000099999999886 0.00000000099999999886 
0.00000000099999999913 0.12500340069982601721 0.00000000099999999913 0.00000000099999999913 0.00000000099999999913 0.00000000099999999913 0.00000000099999999913 0.28634239968499258788 0.38765763431134553363 0.20099655930383578117 
0.00000000099999999981 0.18573841418111863844 0.00000000099999999981 0.09700898759701559460 0.18793838812547508654 0.00000000099999999981 0.00000000099999999981 0.20872872101353681651 0.00223375465426867799 0.31835173042858516679 
0.00000000099999999916 0.08436733885577224479 0.00000000099999999916 0.00000000099999999916 0.28042170999598259318 0.00000000099999999916 0.00000000099999999916 0.26865645823617428922 0.36655448691207082046 0.00000000099999999916 
0.00000000099999999943 0.00000000099999999943 0.13178341453867833954 0.05083263467371545302 0.26849346153351960620 0.00000000099999999943 0.32910357384656796498 0.00000000099999999943 0.21978691040751868746 0.00000000099999999943 
0.00000000099999999854 0.00000000099999999854 0.00000000099999999854 0.00000000099999999854 0.00000000099999999854 0.00000000099999999854 0.00000000099999999854 0.00000000099999999854 0.68625597918743719283 0.31374401281256281138 
0.00000000099999999961 0.00000000099999999961 0.00000000099999999961 0.49836108735083084476 0.00000002809834276128 0.00131395126372577694 0.49896781384817201488 0.00016999427148734075 0.00071540555428591297 0.00047171661315526664 
0.00000000099999999889 0.00000000099999999889 0.00000000099999999889 0.50000016064635488533 0.00000000099999999889 0.00000000099999999889 0.00000000099999999889 0.49999983135364495235 0.00000000099999999889 0.00000000099999999889 
0.14938538482430743781 0.12473455273319761227 0.10874434762594933912 0.11924545207900537347 0.10704363143514286638 0.04418091802563513942 0.04369165442727269977 0.08197780637421221706 0.14855329639264536201 0.07244295608263215391 
0.06642457816586926078 0.03926312374027796093 0.18721587964827235417 0.01425324245131091849 0.02784103362236563239 0.06380244726521849818 0.18017245846690396749 0.10891827973619989944 0.19205120312152099138 0.12005775378206040571 
0.00000000099999999937 0.00000000099999999937 0.00000000099999999937 0.00000000099999999937 0.99972702278680780630 0.00000000099999999937 0.00000000099999999937 0.00000000099999999937 0.00027296921319225809 0.00000000099999999937 
0.06679643915373478791 0.17874074000167167187 0.08769900485495998876 0.18736815515073002025 0.12066390724536726897 0.01609324406507361971 0.04606253972633092553 0.16910759980308254224 0.10698720780779723272 0.02048116219125198367 
0.05924749559394446724 0.17158632951971164449 0.05858602188000784639 0.05011501893717573708 0.18540532038580981311 0.08557882653649484528 0.11197360577565393380 0.16944401358606336894 0.00053423223455721365 0.10752913555058120354 
0.00000000099999999940 0.00000000099999999940 0.00000000099999999940 0.00000000099999999940 0.48067097078705472990 0.00000000099999999940 0.00000000099999999940 0.25966441844116899818 0.00000000099999999940 0.25966460377177630336 
0.12920178486898800663 0.00000000099999999970 0.12357925225063962071 0.00000000099999999970 0.05704188732486729224 0.01459355592492036363 0.00000000099999999970 0.25254574962274872751 0.08577032324603177382 0.33726744376180423091 
0.00000000099999999861 0.00000000099999999861 0.00000000099999999861 0.00000000099999999861 0.00000000099999999861 0.31819773779340015940 0.00000000099999999861 0.68180225420659967828 0.00000000099999999861 0.00000000099999999861 
0.00000000099999999880 0.00000000099999999880 0.15741368559382648562 0.00000000099999999880 0.65781526740020523913 0.00000000099999999880 0.00000000099999999880 0.03829446581660409660 0.00000000099999999880 0.14647657518936432752 
0.00000000099999999944 0.00000000099999999944 0.00000000099999999944 0.00000000099999999944 0.77756279778142756154 0.00000000099999999944 0.00000000099999999944 0.00000000099999999944 0.00000000099999999944 0.22243719421857249818 
0.00000000099999999933 0.00000000099999999933 0.00000000099999999933 0.00000000099999999933 0.00000000099999999933 0.00000000099999999933 0.40369080533626244822 0.00000000099999999933 0.59630918666373744497 0.00000000099999999933 
0.00000000099999999920 0.00000000099999999920 0.33337015290808591494 0.00000000099999999920 0.00000000099999999920 0.00000000099999999920 0.00000440045785601660 0.00000000099999999920 0.00000000099999999920 0.66662543963405795910 
0.00000000099999999872 0.00000000099999999872 0.00000000099999999872 0.99999999099999992147 0.00000000099999999872 0.00000000099999999872 0.00000000099999999872 0.00000000099999999872 0.00000000099999999872 0.00000000099999999872 
0.06722050341259909467 0.17484070884544944402 0.19625334606172437080 0.00493707149282693152 0.02631699514077475224 0.14460206836705052913 0.11110806510767909372 0.01807636327240907601 0.16117610019075392924 0.09546877810873292958 
0.00000000099999999883 0.00000000099999999883 0.00000000099999999883 0.00000000099999999883 0.00000000099999999883 0.00000000099999999883 0.99999999099999981045 0.00000000099999999883 0.00000000099999999883 0.00000000099999999883 
0.00000000099999999959 0.00000000099999999959 0.00000000099999999959 0.99999999059940214430 0.00000000140059785588 0.00000000099999999959 0.00000000099999999959 0.00000000099999999959 0.00000000099999999959 0.00000000099999999959 
0.00000000099999999968 0.22206329988511652740 0.00000000099999999968 0.00000000099999999968 0.00000000099999999968 0.00000000099999999968 0.00000000099999999968 0.18224469631123441093 0.00000000099999999968 0.59569199680364903760 
0.00000000099999999900 0.00000000099999999900 0.00000000099999999900 0.31784015579671243135 0.00000000099999999900 0.00000000099999999900 0.00000000099999999900 0.00000000099999999900 0.00000000099999999900 0.68215983620328735082 
0.05993251635703763375 0.06940768995015945964 0.07146296791132417114 0.01513068050208425837 0.14645724016212208207 0.15989484179556776033 0.05210026733905394336 0.09177284319891744480 0.19260690963989651747 0.14123404314383680713 
0.00000000099999999982 0.00000000099999999982 0.00000000099999999982 0.49999979168237163041 0.09087151615869069887 0.00000000100000663064 0.00000000099999999982 0.00000000099999999982 0.00000000099999999982 0.40912868515893108246 
0.00000000099999999890 0.00000000099999999890 0.06215703526254057198 0.16193514015709942200 0.00000000099999999890 0.08045593297907217833 0.69545188560128778921 0.00000000099999999890 0.00000000099999999890 0.00000000099999999890 
0.00000000099999999940 0.00000000099999999940 0.01855774873618962553 0.00000000099999999940 0.00000000099999999940 0.72958306948140838610 0.25185917478240205103 0.00000000099999999940 0.00000000099999999940 0.00000000099999999940 
0.00000000099999999962 0.00000000099999999962 0.00000000099999999962 0.00000000099999999962 0.71759912914387036231 0.00000000100000715634 0.00000000099999999962 0.00000000099999999962 0.00000000099999999962 0.28240086285612270300 
0.00000000099999999963 0.00000000099999999963 0.00000000099999999963 0.09257345207773338969 0.12734653183425298506 0.03508305934440295731 0.44850514283310638497 0.29649180891050425091 0.00000000099999999963 0.00000000099999999963 
0.00000000099999999792 0.00000000099999999792 0.00000000099999999792 0.00000000099999999792 0.00000000099999999792 0.00000000099999999792 0.99999999099999981045 0.00000000099999999792 0.00000000099999999792 0.00000000099999999792 
0.11495700958661793367 0.10610992242949415787 0.09683679599735400823 0.12243957078383652104 0.04521416428884276334 0.05155184895242403281 0.13907789381109314508 0.10908308839739543072 0.07013111093631865800 0.14459859481662346026 
0.00000000099999999883 0.00000000099999999883 0.00000000099999999883 0.46134992451718542794 0.00000000099999999883 0.00000000099999999883 0.00000000099999999883 0.05165892332765625872 0.48699114515515801171 0.00000000099999999883 
0.00000000099999999962 0.00000000099999999962 0.00000000099999999962 0.00000000099999999962 0.72784133795405137057 0.00000000100000724281 0.00000000099999999962 0.00000000099999999962 0.00000000099999999962 0.27215865404594141719 
0.00000000099999999881 0.00000000099999999881 0.00000000099999999881 0.99999999100000003249 0.00000000099999999881 0.00000000099999999881 0.00000000099999999881 0.00000000099999999881 0.00000000099999999881 0.00000000099999999881 
0.00000000099999999883 0.00000000099999999883 0.00000000099999999883 0.99999999099999992147 0.00000000099999999883 0.00000000099999999883 0.00000000099999999883 0.00000000099999999883 0.00000000099999999883 0.00000000099999999883 
0.01905538411417521949 0.12138713862055919290 0.04959876773869949240 0.05811758751180885751 0.13549371093228609886 0.03810709144175795232 0.13088609648499768823 0.22230369555824744388 0.10963868134694845780 0.11541184625051963131 
0.00000000099999999852 0.00000000099999999852 0.00000000099999999852 0.59999255657432437605 0.40000743542567551714 0.00000000099999999852 0.00000000099999999852 0.00000000099999999852 0.00000000099999999852 0.00000000099999999852 
0.00051335011917184230 0.12251173559014538750 0.12837903074037423923 0.05439562471435367697 0.10959238508208836438 0.10380624707602657819 0.16054746800926641970 0.00164890750996680058 0.14638847903528709460 0.17221677212331970575 
0.00000000099999999958 0.11496819584622502974 0.00000000099999999958 0.00000000099999999958 0.00000000099999999958 0.00000000099999999958 0.00000000099999999958 0.30121886299515704399 0.00000000099999999958 0.58381293415861790219 
0.99999999100000025454 0.00000000099999999924 0.00000000099999999924 0.00000000099999999924 0.00000000099999999924 0.00000000099999999924 0.00000000099999999924 0.00000000099999999924 0.00000000099999999924 0.00000000099999999924 
0.00704154189616184104 0.08307939276621296998 0.14939121435702032437 0.14532400221853702948 0.14167121085371328637 0.00500777384657060190 0.25713808244915736800 0.05217363587448992784 0.00678388156454047715 0.15238926417359624499 
0.00000000099999999970 0.00000000099999999970 0.00000000099999999970 0.00000000099999999970 0.44021059336736728662 0.00000000100000396379 0.00000000099999999970 0.00000000099999999970 0.00000000099999999970 0.55978939863262877630 
0.12993351911494857576 0.14293497041066513531 0.05264201977813297295 0.13348471403382383693 0.00027931349326349526 0.13292191598262559360 0.01572752176501122923 0.17612451105775700499 0.14145608826216093945 0.07449542610161140332 
0.00000000099999999929 0.00000000099999999929 0.00000000099999999929 0.00000000099999999929 0.00000000099999999929 0.30347446575523046031 0.69076484307885022140 0.00000000099999999929 0.00576068416591920922 0.00000000099999999929 
0.20171614627192732683 0.08075617094509124350 0.15625752930921693595 0.03683667705639239592 0.11450234679851280239 0.00780495495128937823 0.08370176152751500342 0.11337964349792326035 0.18173484991856572734 0.02330991972356591044 
0.00000000099999999922 0.00000000099999999922 0.50014457142506407727 0.00000000099999999922 0.00000000099999999922 0.00000000099999999922 0.00000000099999999922 0.00000000099999999922 0.00000000099999999922 0.49985542057493620449 
0.00000000099999999915 0.00000000099999999915 0.99999999100000014352 0.00000000099999999915 0.00000000099999999915 0.00000000099999999915 0.00000000099999999915 0.00000000099999999915 0.00000000099999999915 0.00000000099999999915 
0.00000000099999999903 0.00000000099999999903 0.00000000099999999903 0.00000000099999999903 0.00000000099999999903 0.00000000099999999903 0.00000000099999999903 0.00000000099999999903 0.00000000099999999903 0.99999999100000003249 
0.00916410693844368733 0.13486551268495741707 0.10798887649217370210 0.15049125189352374754 0.07156836598033726460 0.14356540391082561747 0.12936042618610976707 0.12399606782582456299 0.03013352278577289753 0.09886646530203127559 
0.00000000099999999981 0.20532537564244246475 0.00000000099999999981 0.19253003322891584781 0.05495488362964985607 0.00000000099999999981 0.00000000099999999981 0.22415209887929446464 0.19784350746670800736 0.12519409715298923658 
0.00000000099999999973 0.20341258509623463824 0.44153722665997635621 0.00000000099999999973 0.00000000099999999973 0.00000350244953881776 0.00000000099999999973 0.21494625775698500414 0.00000000099999999973 0.14010042303726544244 
0.06260812126291308288 0.09892829891939944331 0.21051475316479825728 0.21630007870652151469 0.08155092815900918946 0.08081273175670218578 0.18906570086148413723 0.03409973802796383013 0.02572687820406656736 0.00039277093714176775 
0.14498817942410910375 0.18291321815439187670 0.17061560380008336524 0.03534183257184466548 0.12610733371565155392 0.03681132105697282331 0.00243562099315227558 0.10780490642377860144 0.03201375216582528355 0.16096823169419055555 
0.00000000099999999896 0.00000000099999999896 0.00000000099999999896 0.00000000099999999896 0.00000000099999999896 0.00000000099999999896 0.00000000099999999896 0.00000000099999999896 0.99999999099999992147 0.00000000099999999896 
0.08640134743208587043 0.00000000099999999972 0.00866449455352365921 0.00000000099999999972 0.05731022254399404520 0.02640614644174284903 0.00000000099999999972 0.21928469646351606004 0.33029197761823014812 0.27164111194690726547 
0.00000000099999999972 0.15689910679829563445 0.00000000099999999972 0.04444162536927224322 0.17441130601428356250 0.00000000099999999972 0.00000000099999999972 0.26952107779054695902 0.03135869464401287027 0.32336818538358885755 
0.00000000099999999904 0.28516547275919046367 0.09154695582503763474 0.00000000099999999904 0.00000000099999999904 0.00000000099999999904 0.00000000099999999904 0.00000000099999999904 0.00000000099999999904 0.62328756441577171099 
0.00000000099999999927 0.00000000099999999927 0.00000000099999999927 0.00349750184197659400 0.00000000099999999927 0.00000000099999999927 0.00000000099999999927 0.99650249015802339070 0.00000000099999999927 0.00000000099999999927 
0.08866229550067693255 0.14787187168894136424 0.15142179660637425376 0.06302929442122917614 0.00253005923433581538 0.07004502678685292638 0.13959660394447737097 0.04266939907969933415 0.14629054390962453747 0.14788310882778826771 
0.00000000099999999972 0.07031182298490794291 0.00000000099999999972 0.00000000099999999972 0.00000000099999999972 0.00000000099999999972 0.00000000099999999972 0.33265978838288595698 0.00000000099999999972 0.59702838163220617318 
0.00000000099999999914 0.00000000099999999914 0.00000000099999999914 0.00000000099999999914 0.00000000099999999914 0.00000000099999999914 0.96276480456005142372 0.00000000099999999914 0.03723518743994863600 0.00000000099999999914 
0.03756189159350640377 0.09422626577439754958 0.14700339981516893917 0.03312690482728802149 0.16036303143358890400 0.14965819612898259572 0.10662529259613524879 0.14351984618697957719 0.03110909960127446541 0.09680607204267825672 
0.00000000099999999928 0.00000000099999999928 0.00000000099999999928 0.01362963950679684476 0.00000000099999999928 0.00000000099999999928 0.00000000099999999928 0.98637035249320326180 0.00000000099999999928 0.00000000099999999928 
0.00000000099999999913 0.00000000099999999913 0.00000000099999999913 0.00000000099999999913 0.00000000099999999913 0.00000000099999999913 0.00000000099999999913 0.00000000099999999913 0.00000000099999999913 0.99999999100000003249 
0.00000000099999999970 0.00000000099999999970 0.00000000099999999970 0.00000000099999999970 0.78071723453688557370 0.00000000100000606258 0.00000000099999999970 0.00000000099999999970 0.00000000099999999970 0.21928275746310837979 
0.14862788394410000881 0.02115444036175282913 0.03710033617376052445 0.12574219083941337582 0.15512101031021080511 0.08302358864556308449 0.08303159525068835867 0.09975182709794533364 0.11833647907504298014 0.12811064830152285587 
0.42934347971372760489 0.00000000099999999927 0.00000000099999999927 0.00000000099999999927 0.00000000099999999927 0.00000000099999999927 0.00000000099999999927 0.00000000099999999927 0.00000000099999999927 0.57065651228627212177 
0.99999999100000003249 0.00000000099999999862 0.00000000099999999862 0.00000000099999999862 0.00000000099999999862 0.00000000099999999862 0.00000000099999999862 0.00000000099999999862 0.00000000099999999862 0.00000000099999999862 
0.00000000099999999972 0.17838459125209663036 0.00000000099999999972 0.07661822250398925283 0.08662469360812274921 0.00000000099999999972 0.00000000099999999972 0.24616019228856333978 0.24950730364024067964 0.16270499270698737804 
0.00000000099999999916 0.00000000099999999916 0.26054969858432580621 0.00000000099999999916 0.00000000099999999916 0.00000000099999999916 0.45041216366271819016 0.00000000099999999916 0.00000000099999999916 0.28903813075295592405 
0.00000000099999999749 0.00000000099999999749 0.00000000099999999749 0.00000000099999999749 0.00000000099999999749 0.00000000099999999749 0.00000000099999999749 0.00000000099999999749 0.99999999099999981045 0.00000000099999999749 
0.00000000099999999877 0.00000000099999999877 0.00000000099999999877 0.00000000099999999877 0.00000000099999999877 0.00000000099999999877 0.43206848278344095471 0.00000000099999999877 0.47009638408107379259 0.09783512613548513148 
0.00000000099999999837 0.00000000099999999837 0.00000000099999999837 0.00000000099999999837 0.00000000099999999837 0.00000000099999999837 0.00000000099999999837 0.00000000099999999837 0.99999999099999981045 0.00000000099999999837 
0.00000000099999999981 0.17524187948868186204 0.00000000099999999981 0.09615481122662920821 0.14902072003030761294 0.00000000099999999981 0.00000000099999999981 0.52782290212559646037 0.00713856669449199673 0.04462111643429277769 
0.23767566758690111817 0.29164797608956105623 0.16095278881257574222 0.00000000099999999941 0.00000000099999999941 0.14551396323975032687 0.00000000099999999941 0.00000000099999999941 0.16420959927121187016 0.00000000099999999941 
0.00000000099999999922 0.50000549210651612508 0.00000000099999999922 0.48950972606885878591 0.01036147272911424819 0.00000000099999999922 0.00000000099999999922 0.00011554421579435210 0.00000000099999999922 0.00000775987971660097 
0.00000000099999999934 0.47888528292733373304 0.08325675867907879335 0.00000000099999999934 0.10215779009652183051 0.00000000099999999934 0.00000000099999999934 0.25969967855677700275 0.00000000099999999934 0.07600048474028872625 
0.14526698031896143060 0.00000000099999999917 0.00000000099999999917 0.00000000099999999917 0.06714176393101320417 0.00000000099999999917 0.00000000099999999917 0.33179570178389455881 0.45579554796613086509 0.00000000099999999917 
0.29778521606850377745 0.00000000099999999910 0.19762166542988693352 0.00000000099999999910 0.00000000099999999910 0.09854526368641848555 0.00000000099999999910 0.01900106014009185842 0.00000000099999999910 0.38704678967509886789 
0.36400989531770927554 0.19192074643061723949 0.41514733613612603280 0.00000000099999999885 0.00000000099999999885 0.02892201611554747614 0.00000000099999999885 0.00000000099999999885 0.00000000099999999885 0.00000000099999999885 
0.00000000099999999911 0.00000000099999999911 0.00000000099999999911 0.00000000099999999911 0.00000000099999999911 0.99999999100000014352 0.00000000099999999911 0.00000000099999999911 0.00000000099999999911 0.00000000099999999911 
0.00000000099999999954 0.00000000099999999954 0.00017703892322049614 0.00000000099999999954 0.00000000099999999954 0.00000000099999999954 0.00000000099999999954 0.99982295307677959695 0.00000000099999999954 0.00000000099999999954 
0.07913141734719560116 0.09365368259980412502 0.12963956964397252425 0.12375615234420239696 0.11064870657751285643 0.06645516639789728064 0.14833034678666484618 0.09178642429935653102 0.04246362754787519345 0.11413490645551871427 
0.27231535914597082559 0.00000000099999999872 0.00000000099999999872 0.00000000099999999872 0.00000000099999999872 0.00000000099999999872 0.00000000099999999872 0.72768463285402884555 0.00000000099999999872 0.00000000099999999872 
0.00000000099999999958 0.00000000099999999958 0.00000000099999999958 0.46170035674519843694 0.00000000099999999958 0.00000000099999999958 0.00000000099999999958 0.05594761266850521719 0.48235202358629614139 0.00000000099999999958 
0.19217354442390485736 0.06517894584060056340 0.16003487826633494562 0.15118446602345964047 0.01544595948068637828 0.09082166566116318951 0.01629101557202754583 0.00223502871029125682 0.22723423084961663632 0.07940026517191497990 
0.00000000099999999884 0.00000000099999999884 0.42437045854562960301 0.00000000099999999884 0.00000000099999999884 0.00000000099999999884 0.00000000099999999884 0.00000000099999999884 0.00000000099999999884 0.57562953345437017916 
0.00000000099999999901 0.00000000099999999901 0.54792743701446322557 0.00000000099999999901 0.00000000099999999901 0.11411558813407271518 0.08930895597391450003 0.00000000099999999901 0.00000000099999999901 0.24864801287754972892 
0.00000000099999999907 0.00000000099999999907 0.00000000099999999907 0.00000000099999999907 0.09018121508368909245 0.51803573606816666342 0.00000000099999999907 0.00000000099999999907 0.39178304184814427558 0.00000000099999999907 
0.14186302096731448485 0.15251616280411386950 0.09525567004859217257 0.06916884020538757727 0.13404009417193191167 0.01223372966252579686 0.14538564339589174490 0.04649567834391216820 0.00503225458325149127 0.19800890581707886184 
0.00000000099999999903 0.00000000099999999903 0.00000000099999999903 0.00000000099999999903 0.29941372952571237986 0.00000000099999999903 0.00000000099999999903 0.00000000099999999903 0.39258967156364615869 0.30799659191064132635 
0.00000000099999999955 0.49426586269099559434 0.00573304459473117888 0.49535758973563559504 0.00000000100020023053 0.00000000104942093400 0.00000000099999999955 0.00464349675608814478 0.00000000099999999955 0.00000000117292835792 
0.00000000099999999857 0.57142421722366243397 0.00000000099999999857 0.00000000099999999857 0.39718005671020090164 0.00000000099999999857 0.00000000099999999857 0.00000000099999999857 0.00000000099999999857 0.03139571906613702196 
0.23382800529599437334 0.29054913606359988876 0.15997626451675775461 0.00000000099999999940 0.00000000099999999940 0.14515379060851751891 0.00000000099999999940 0.00000000099999999940 0.17049279851513066131 0.00000000099999999940 
0.25962464162750237273 0.00000000099999999932 0.00000000099999999932 0.00000000099999999932 0.68153541694112218519 0.00000000099999999932 0.00000000099999999932 0.00000000099999999932 0.04967697692278571359 0.00916295850858977329 
0.00000000099999999940 0.00000000099999999940 0.18995318823683052245 0.00000000099999999940 0.00000000099999999940 0.44443094470531879780 0.36561586005785073894 0.00000000099999999940 0.00000000099999999940 0.00000000099999999940 
0.46124661571615488409 0.00000000099999999898 0.00000000099999999898 0.49999890535412122583 0.00000000099999999898 0.00000000099999999898 0.00000000099999999898 0.03875447192972387295 0.00000000099999999898 0.00000000099999999898 
0.24327061147944770148 0.28636395942374037737 0.15464677044037605791 0.00000000099999999941 0.00000000099999999941 0.13562252828394463777 0.00000000099999999941 0.00000000099999999941 0.18009612537249136688 0.00000000099999999941 
0.00000000099999999808 0.55105241412050820493 0.44894757787949191030 0.00000000099999999808 0.00000000099999999808 0.00000000099999999808 0.00000000099999999808 0.00000000099999999808 0.00000000099999999808 0.00000000099999999808 
0.41049396640813107240 0.22904014017774468326 0.22903550858923621414 0.00000000099999999931 0.00000000099999999931 0.13143037882488822765 0.00000000099999999931 0.00000000099999999931 0.00000000099999999931 0.00000000099999999931 
0.40980601146655243339 0.23189104201878424361 0.22713335707087656257 0.00000000099999999933 0.00000000099999999933 0.13116958344378687462 0.00000000099999999933 0.00000000099999999933 0.00000000099999999933 0.00000000099999999933 
0.19233689774978074416 0.05580504206736234402 0.17528146354022083875 0.00076626686081121510 0.12433774868811089953 0.12430512182835434798 0.10739257455540340835 0.06724054111537482170 0.00364992076175127802 0.14888442283283012668 
0.00000000099999999863 0.00000000099999999863 0.00000000099999999863 0.37112656084913020482 0.62887343115086968837 0.00000000099999999863 0.00000000099999999863 0.00000000099999999863 0.00000000099999999863 0.00000000099999999863 
0.23383145057238388653 0.29054807177050762101 0.15997681978630720612 0.00000000099999999940 0.00000000099999999940 0.14515198498403911187 0.00000000099999999940 0.00000000099999999940 0.17049166788676220485 0.00000000099999999940 
0.01350887548595451626 0.04068335275061896877 0.15287216825762162120 0.16813230623994446233 0.04135931019817654097 0.08858767871187989140 0.10381903514043412662 0.13609498830406246972 0.14790349533281360594 0.10703878957849387310 
0.09122010268099899066 0.06877704838772180640 0.12751584689205866519 0.05933881069302882755 0.09946551354863664152 0.16462138795065886510 0.07126176507657254466 0.10914247511964533799 0.14359302379225563628 0.06506402585842277486 
0.00000000099999999908 0.00000000099999999908 0.00000000099999999908 0.00000000099999999908 0.00000000099999999908 0.00000000099999999908 0.00000000099999999908 0.30447382545804324572 0.39051923198240678925 0.30500693555954994096 
0.00000000099999999934 0.00000000099999999934 0.00000866939401353291 0.00000000099999999934 0.00000000099999999934 0.00000000099999999934 0.00000000099999999934 0.99999132260598644351 0.00000000099999999934 0.00000000099999999934 
0.00000000099999999942 0.00000000099999999942 0.00000000099999999942 0.00000000099999999942 0.33264001035240309267 0.00000000099999999942 0.00000000099999999942 0.00099893912704995553 0.00000000099999999942 0.66636104352054681410 
0.30240672926330564030 0.41406369609438087309 0.00000000099999999945 0.00000000099999999945 0.00000000099999999945 0.00000000099999999945 0.00000000099999999945 0.01245984857472649636 0.27106972006758700555 0.00000000099999999945 
0.00000000099999999944 0.00000000099999999944 0.00000000099999999944 0.00000000099999999944 0.98632350689432635171 0.00000000099999999944 0.00000000099999999944 0.00000000099999999944 0.00000000099999999944 0.01367648510567373750 
0.24865629523357637987 0.21447483064914221740 0.20322601014339083947 0.00000000099999999945 0.00000000099999999945 0.14211076024367277904 0.00000000099999999945 0.00000000099999999945 0.19153209873021778686 0.00000000099999999945 
0.00000000099999999894 0.25000228860534440267 0.00000000099999999894 0.00000000099999999894 0.00000000099999999894 0.26127327631585228751 0.00000000099999999894 0.00000000099999999894 0.00000000099999999894 0.48872442807880317472 
0.22382877567926079410 0.00000000099999999928 0.00000000099999999928 0.00000000099999999928 0.02094469982210814610 0.33301978394377479420 0.00000000099999999928 0.28033079294563439943 0.00000000099999999928 0.14187594260922195555 
0.00000000099999999907 0.00000000099999999907 0.00000000099999999907 0.00000000099999999907 0.00000000099999999907 0.99999999100000014352 0.00000000099999999907 0.00000000099999999907 0.00000000099999999907 0.00000000099999999907 
0.46882218533048652942 0.27292516560990004448 0.17338713887572806960 0.00000000099999999935 0.00000000099999999935 0.08486550418388549843 0.00000000099999999935 0.00000000099999999935 0.00000000099999999935 0.00000000099999999935 
0.00000000099999999941 0.00000000099999999941 0.00000000099999999941 0.00000000099999999941 0.00000000099999999941 0.00000000099999999941 0.73347923650863411371 0.00000000099999999941 0.00000000099999999941 0.26652075549136577948 
0.00000000099999999911 0.00000000099999999911 0.50000000289253510033 0.00000000099999999911 0.00000000099999999911 0.49999998910746501490 0.00000000099999999911 0.00000000099999999911 0.00000000099999999911 0.00000000099999999911 
0.13254859880114600035 0.30641962592573124269 0.14981467017474886516 0.00000000099999999946 0.00000000099999999946 0.19924208036316898296 0.00000000099999999946 0.00000000099999999946 0.21197501973520488372 0.00000000099999999946 
0.02178549384290476981 0.08179406910682474052 0.18024966873592560002 0.16480548281801921107 0.14399995225750372718 0.13309838552069236384 0.07081149140385753493 0.14096231719531082671 0.05045200866951672636 0.01204113044944454466 
0.00000000099999999942 0.00000000099999999942 0.00000000099999999942 0.00000000099999999942 0.00000000099999999942 0.00000000099999999942 0.67707302055047835498 0.00000000099999999942 0.00000000099999999942 0.32292697144952159372 
0.00000000099999999947 0.39586949617866373785 0.00000000099999999947 0.00000000099999999947 0.00000000099999999947 0.00000000099999999947 0.10413128225375337110 0.25295058441592299658 0.24704863115165973109 0.00000000099999999947 
0.29132923376362462875 0.41344807752756712604 0.26468568087456489923 0.00000000099999999927 0.00000000099999999927 0.03053700183424358852 0.00000000099999999927 0.00000000099999999927 0.00000000099999999927 0.00000000099999999927 
0.00000000099999999899 0.12854544850021204505 0.00000000099999999899 0.00000000099999999899 0.25761890941683612821 0.00000000099999999899 0.00000000099999999899 0.61383563508295169164 0.00000000099999999899 0.00000000099999999899 
0.43085052338230800384 0.00000000099999999887 0.00000000099999999887 0.00000000099999999887 0.21499194654721193176 0.00000000099999999887 0.00000000099999999887 0.27552177472659217239 0.07863574934388771476 0.00000000099999999887 
0.23905466371944203430 0.00000000099999999950 0.21247190720634537286 0.00000000099999999950 0.26225762578886374632 0.00000000099999999950 0.00000000099999999950 0.17300184334802046204 0.00879500998735760660 0.10441894594997076784 
0.00000000099999999972 0.20945758860410926272 0.00000000099999999972 0.09839254720128007281 0.04730412986847897655 0.00000000099999999972 0.00000000099999999972 0.16982946637818990832 0.21737791226005112599 0.25763835168789067653 
0.00000000099999999930 0.21094732860169843058 0.00000000099999999930 0.00000000099999999930 0.00000000099999999930 0.00000000099999999930 0.00000000099999999930 0.41239240487425554704 0.00000000099999999930 0.37666025952404608157 
0.08882583299756384443 0.03590110296243160387 0.07596421938231034954 0.11912094009362336755 0.17232215055046784524 0.01124687842885520317 0.14365415550979204751 0.14766052736136078827 0.14865192075315541986 0.05665227196043947505 
0.46090287240021593496 0.00000000099999999935 0.35757506528096072440 0.00000000099999999935 0.13037839982777843506 0.05114365649104501282 0.00000000099999999935 0.00000000099999999935 0.00000000099999999935 0.00000000099999999935 
0.26911646340150208179 0.35761450780060627386 0.00000000099999999909 0.00000000099999999909 0.37326902179789184233 0.00000000099999999909 0.00000000099999999909 0.00000000099999999909 0.00000000099999999909 0.00000000099999999909 
0.08292682288948972913 0.03259996523036601951 0.04193705212339817606 0.16609700182893985532 0.16302070783464142623 0.04073828585900178545 0.17841075822166360676 0.13043450298378039820 0.01253849688844462483 0.15129640614027439760 
0.38288833727338811297 0.20507767265308679550 0.25554896305879559737 0.15530397636209891665 0.00000000099999999950 0.00118104565263060877 0.00000000099999999950 0.00000000099999999950 0.00000000099999999950 0.00000000099999999950 
0.10080631020769191541 0.17618714858584647032 0.10339738596020897621 0.10978748155261661146 0.03101362795370084247 0.04224020317638792904 0.16424064532373283676 0.09634854634094050518 0.08223132057234709691 0.09374733032652653175 
0.00000000099999999936 0.00000000099999999936 0.00000000099999999936 0.30208897671564288734 0.04990920509533347538 0.00000000099999999936 0.00000000099999999936 0.36362385123491486327 0.00000000099999999936 0.28437796095410883268 
0.00000000099999999914 0.00000000099999999914 0.00000000099999999914 0.49999913866657003103 0.50000085333343002869 0.00000000099999999914 0.00000000099999999914 0.00000000099999999914 0.00000000099999999914 0.00000000099999999914 
0.42029741454134189604 0.00000000099999999927 0.00000000099999999927 0.00000000099999999927 0.00000000099999999927 0.00000000099999999927 0.00000000099999999927 0.00000000099999999927 0.00000000099999999927 0.57970257745865783061 
0.00000000099999999933 0.00000000099999999933 0.00000000099999999933 0.00000000099999999933 0.00000000099999999933 0.00000000099999999933 0.00000000099999999933 0.49999984224255139553 0.00000000099999999933 0.50000014975744844214 
0.00000000099999999911 0.00000000099999999911 0.00000000099999999911 0.49989274343717710058 0.00000000129281476633 0.00000000099999999911 0.00000000099999999911 0.00000000099999999911 0.00000000099999999911 0.50010724827000807569 
0.12778574054110020120 0.00000000099999999959 0.07809186955807383146 0.00000000099999999959 0.23099570425453883060 0.00000000099999999959 0.43595017478159137081 0.00000000099999999959 0.00000000099999999959 0.12717650586469575469 
0.00000000099999999904 0.00000000099999999904 0.53587654677331952868 0.00000000099999999904 0.00000000099999999904 0.00000000099999999904 0.00000000099999999904 0.00000000099999999904 0.46412344522668053104 0.00000000099999999904 
0.00000000099999999913 0.00000000099999999913 0.35211016107332315794 0.00000000099999999913 0.09265895390145637012 0.19054483775282046731 0.00000000099999999913 0.23396031960905994129 0.00000000099999999913 0.13072572266333989943 
0.00000000099999999871 0.00000000099999999871 0.48171151275026186100 0.00000000099999999871 0.00000000099999999871 0.00000000099999999871 0.00000000099999999871 0.00000000099999999871 0.00000000099999999871 0.51828847924973797667 
0.00000000099999999900 0.00000000099999999900 0.00000000099999999900 0.50032463222391032609 0.00000000684927117568 0.00000000099999999900 0.00000000099999999900 0.00014523778159989496 0.00000000099999999900 0.49953011714521883269 
0.06619572543877308424 0.06004209933544871203 0.13882297034434132321 0.15289428835389701211 0.17567921507359504640 0.02648405606115199901 0.13252286300316312717 0.05734273956813808193 0.06541058315276566948 0.12460545966872599299 
0.00000000099999999940 0.00000000099999999940 0.00000000099999999940 0.00000000099999999940 0.29279636053578128596 0.00000000099999999940 0.50007944323635111772 0.00000000099999999940 0.00000000099999999940 0.20712418922786760000 
0.16726383858210372435 0.00000000099999999958 0.00000000099999999958 0.07873287882687456107 0.15233519047272178759 0.15668330334317312480 0.29109458188862002981 0.00000000099999999958 0.00000000099999999958 0.15389020288650670509 
0.07982359854142749567 0.06838045262084191389 0.17585265008384684537 0.03788013363426451924 0.04114515239424882537 0.17243348805380273592 0.06556281821147587341 0.17966580070037702077 0.04532211986891018785 0.13393378589080459640 
0.00000000099999999955 0.21214023777148713346 0.05320825653339428252 0.39463773680891039985 0.00000000099999999955 0.00000000099999999955 0.00000004880082049194 0.00000000099999999955 0.34001371508538780208 0.00000000099999999955 
0.00000000099999999980 0.00000000099999999980 0.00000000099999999980 0.49999971977205370788 0.37027656411556264526 0.00000000100001176595 0.00000000099999999980 0.00000000099999999980 0.00000000099999999980 0.12972370911237185442 
0.00000982195454713885 0.49839174517093892680 0.01666312561151377797 0.00000000099999999979 0.00000000795508138138 0.00000003943830757538 0.00000000099999999979 0.47496791804533838866 0.00996732524757554077 0.00000001457669737911 
