0.12634650743002875939 0.09595614528536003385 0.05227926967288991367 0.04993409105500605516 0.06995249771109356141 0.05169775224309128975 0.06930417982871163451 0.02712509804926159854 0.13005732007031842179 0.08538909363297642052 0.10100343450584824134 0.14095461051541419151 
0.00000000100022737431 0.62928310856482505553 0.00000000099999999898 0.00000000099999999898 0.00000000099999999898 0.00000000099999999898 0.00000000099999999898 0.00000000099999999898 0.00000000099999999898 0.00000000099999999898 0.37071688143494779810 0.00000000099999999898 
0.00000000099999999887 0.00000000099999999887 0.00000000099999999887 0.02597221104016442239 0.00000000099999999887 0.26218775025961543745 0.39947069297204962357 0.00000000099999999887 0.00000000099999999887 0.01099571440393679912 0.14327911732394421618 0.15809450800028942985 
0.07961156993745584221 0.16539367759300716010 0.04147564514708793060 0.06587240035641896141 0.09894314526019888645 0.16066615491363275825 0.06499273022691350044 0.13124285275837926923 0.12161814235861675981 0.01969412849927312109 0.00525147514691571247 0.04523807780210011703 
0.00000000099999999918 0.00000000099999999918 0.00000000099999999918 0.00000000099999999918 0.00000000099999999918 0.15301683293731213609 0.44546285261244394915 0.00000000099999999918 0.01183618686306168663 0.11432991045341808767 0.00000000099999999918 0.27535421013376415456 
0.00000000099999999939 0.00000000099999999939 0.00000000099999999939 0.06228969736782954958 0.00000000099999999939 0.00000000099999999939 0.00000000099999999939 0.31573364146008714437 0.00000000099999999939 0.62197665217208331079 0.00000000099999999939 0.00000000099999999939 
0.06126390595170524977 0.00000000099999999861 0.00000000099999999861 0.00000000099999999861 0.51997168203330312863 0.00000000099999999861 0.00000000099999999861 0.00000000099999999861 0.05793082073672515403 0.00000000099999999861 0.36083358327826658973 0.00000000099999999861 
0.22581708733243929799 0.25735812215818187898 0.00000000099999999946 0.00000000099999999946 0.00000000099999999946 0.00000000099999999946 0.34076269962316835249 0.00000000099999999946 0.17606208288621033597 0.00000000099999999946 0.00000000099999999946 0.00000000099999999946 
0.09687824914918898023 0.05724226478315541655 0.03961599450137712891 0.13144598188945941231 0.09620967071707438312 0.01658094333508845081 0.10776525015635812776 0.12958961194581494758 0.04899656088212486077 0.05339360337114323896 0.12406700242859511341 0.09821486684062000205 
0.02287384954237848753 0.19461862410598679274 0.00000000099999999963 0.00000000099999999963 0.00000000099999999963 0.00000000099999999963 0.50007942127234150664 0.00000000099999999963 0.28242809707929317220 0.00000000099999999963 0.00000000099999999963 0.00000000099999999963 
0.08136558460505902146 0.10916662501279510156 0.02913785899452722011 0.05789562242146416293 0.00965573906684942702 0.09433092805653335577 0.02896539048368414193 0.12735335310515999430 0.16387469101618573619 0.07709495590652006014 0.11372329560398800052 0.10743595572723391163 
0.24576318261901669571 0.25605259660808954436 0.00000000099999999963 0.00000000099999999963 0.00000000099999999963 0.00000000099999999963 0.35719395579721902045 0.00000000099999999963 0.14099025697567491022 0.00000000099999999963 0.00000000099999999963 0.00000000099999999963 
0.10662143892889394681 0.00000000099999999864 0.00000000099999999864 0.00000000099999999864 0.56608700901461184163 0.00000000099999999864 0.00000000099999999864 0.00000000099999999864 0.32729154305649427181 0.00000000099999999864 0.00000000099999999864 0.00000000099999999864 
0.00000000099999999873 0.00000000099999999873 0.00000000099999999873 0.00000000099999999873 0.00000000099999999873 0.40784196753473955788 0.00000000099999999873 0.00000000099999999873 0.00000000099999999873 0.00000000099999999873 0.22349462489929197706 0.36866339856596830327 
0.00000000099999999902 0.19296281832940342937 0.00000000099999999902 0.30043305662456676330 0.00000000099999999902 0.00000000099999999902 0.41099860413676603255 0.00000000099999999902 0.00000000099999999902 0.09560551290926380674 0.00000000099999999902 0.00000000099999999902 
0.00565969755053611495 0.57806479284511280703 0.00000000099999999948 0.00000000099999999948 0.00000000099999999948 0.00000000099999999948 0.24244951358154279153 0.00000000099999999948 0.17382598802280843642 0.00000000099999999948 0.00000000099999999948 0.00000000099999999948 
0.99999998900000008906 0.00000000099999999817 0.00000000099999999817 0.00000000099999999817 0.00000000099999999817 0.00000000099999999817 0.00000000099999999817 0.00000000099999999817 0.00000000099999999817 0.00000000099999999817 0.00000000099999999817 0.00000000099999999817 
0.00000000099999999919 0.00000000099999999919 0.00000000099999999919 0.14377249585240789442 0.00000000099999999919 0.10695553326219402190 0.34551248240904014475 0.00000000099999999919 0.00000000099999999919 0.00000000099999999919 0.30367328169680485317 0.10008619977955332536 
0.00000000099999999812 0.00000000099999999812 0.00000000099999999812 0.00000000099999999812 0.00000000099999999812 0.00000000099999999812 0.00000000099999999812 0.00000000099999999812 0.00000000099999999812 0.00000000099999999812 0.99999998899999997803 0.00000000099999999812 
0.06251425263372673014 0.00000000099999999887 0.00000000099999999887 0.00000000099999999887 0.00000000099999999887 0.00000000099999999887 0.00000000099999999887 0.42369661528754404278 0.39729738635640976518 0.00000000099999999887 0.00000000099999999887 0.11649173772231952162 
0.00000000099999999843 0.00000000099999999843 0.00000000099999999843 0.00000000099999999843 0.50224050466310365959 0.00000000099999999843 0.00000000099999999843 0.00000000099999999843 0.00000000099999999843 0.00000000099999999843 0.00000000099999999843 0.49775948533689640119 
0.23045048589620703572 0.03883176894023366438 0.11953782527891458620 0.16480988619625014380 0.04561589778507443155 0.00000000099999999976 0.00000000099999999976 0.00000000099999999976 0.35048603346740136999 0.00000000099999999976 0.03943385085461272033 0.01083424758130621147 
0.00000000099999999851 0.00000000099999999851 0.00000000099999999851 0.22903847083693790188 0.16682751986741267691 0.00000000099999999851 0.00000000099999999851 0.00000000099999999851 0.20158640825175444533 0.00000000099999999851 0.00000000099999999851 0.40254759304389503560 
0.00000000099999999877 0.00000000099999999877 0.00000000099999999877 0.43595073473597417690 0.00000000099999999877 0.46090491543458017576 0.00000000099999999877 0.00000000099999999877 0.10314030662501084967 0.00000000099999999877 0.00000403520443479056 0.00000000099999999877 
0.00000000099999999814 0.00000000099999999814 0.00000000099999999814 0.39864196068918955618 0.60135802931081039358 0.00000000099999999814 0.00000000099999999814 0.00000000099999999814 0.00000000099999999814 0.00000000099999999814 0.00000000099999999814 0.00000000099999999814 
0.00000000099999999927 0.00000000099999999927 0.00000000099999999927 0.18613907426010906088 0.11422645644781571905 0.30756635496789297424 0.07820670027639504973 0.00000000099999999927 0.00000000099999999927 0.00000000099999999927 0.31386140704778731081 0.00000000099999999927 
0.00000000099999999834 0.00000000099999999834 0.00000000099999999834 0.00000000099999999834 0.00000000099999999834 0.00000000099999999834 0.00000000099999999834 0.00000000099999999834 0.00000000099999999834 0.00000000099999999834 0.49999997175020421958 0.50000001824979589671 
0.18672069508024730089 0.18430962541002188226 0.16238302072540358734 0.02079870108160592618 0.09660325788813721448 0.01188198231637041871 0.03058237744631104107 0.15453728490002327511 0.04183315614953935641 0.07117531524427828105 0.01359935761204188187 0.02557522614601966809 
0.06848133650781804138 0.00591411742424163660 0.13183699491188449748 0.03562618953855187925 0.06399017127316777853 0.05944653874051387954 0.05931699586707662314 0.15579134708695188682 0.09994158004045923527 0.05787730332966149055 0.14383135998115506582 0.11794606529851800469 
0.99999998899992104118 0.00000000099999999904 0.00000000099999999904 0.00000000100007928366 0.00000000099999999904 0.00000000099999999904 0.00000000099999999904 0.00000000099999999904 0.00000000099999999904 0.00000000099999999904 0.00000000099999999904 0.00000000099999999904 
0.09893442310998221134 0.08535302549632642344 0.09632074629748238470 0.12187318035118185899 0.12438123728703751047 0.10377780647524223467 0.00671052556276410632 0.04691532575541119965 0.10824445335780560895 0.10628063081720065530 0.07382206352341877387 0.02738658196614691259 
0.02775131713289675020 0.14969177970301397740 0.02001634965316907711 0.12300309198231354491 0.04182880393656555201 0.15709835608047123534 0.07239012355204875460 0.12450969920452926998 0.03230929529373866016 0.11203959829126088066 0.00107661939957559832 0.13828496577041679561 
0.99999998900000020008 0.00000000099999999864 0.00000000099999999864 0.00000000099999999864 0.00000000099999999864 0.00000000099999999864 0.00000000099999999864 0.00000000099999999864 0.00000000099999999864 0.00000000099999999864 0.00000000099999999864 0.00000000099999999864 
0.14949804724611495677 0.10762492160689898779 0.00000000099999999968 0.23291157443935928129 0.00000000099999999968 0.00000000099999999968 0.12808660621332854102 0.16252890433068403753 0.11479042822415444491 0.10455951293945957292 0.00000000099999999968 0.00000000099999999968 
0.00000000099999999831 0.00000000099999999831 0.00000000099999999831 0.00000000099999999831 0.00000000099999999831 0.00000000099999999831 0.00000000099999999831 0.00000000099999999831 0.08866502444360292723 0.00000000099999999831 0.08866502864993947020 0.82266993790645759344 
0.06365981336210184416 0.00000000099999999825 0.00000000099999999825 0.02532279361403221365 0.00000000099999999825 0.00000000099999999825 0.00000000099999999825 0.00000000099999999825 0.70710791316048171584 0.00000000099999999825 0.00000000099999999825 0.20390947186338431729 
0.37258839720909769921 0.25661463145854296330 0.00000000099999999934 0.00000000099999999934 0.00000000099999999934 0.00000000099999999934 0.00000000099999999934 0.00000000099999999934 0.37079696233235959202 0.00000000099999999934 0.00000000099999999934 0.00000000099999999934 
0.00000000099999999926 0.00000000099999999926 0.00000000099999999926 0.00001435857826282206 0.99998563142173724216 0.00000000099999999926 0.00000000099999999926 0.00000000099999999926 0.00000000099999999926 0.00000000099999999926 0.00000000099999999926 0.00000000099999999926 
0.20335261810256541337 0.00000000099999999908 0.00000000099999999908 0.00000000099999999908 0.00000000099999999908 0.57973977778644569803 0.00000000099999999908 0.00000000099999999908 0.21690759511098908763 0.00000000099999999908 0.00000000099999999908 0.00000000099999999908 
0.00000000099999999836 0.00000000099999999836 0.00000000099999999836 0.00000000099999999836 0.00000000099999999836 0.00000000099999999836 0.00000000099999999836 0.00000000099999999836 0.00000000099999999836 0.00000000099999999836 0.99999998899999997803 0.00000000099999999836 
0.06586244164195237394 0.13191685800665706174 0.15031396644595715339 0.15197695682377623805 0.11572643257627251989 0.14699053734381101188 0.03886706848337560805 0.11127941992219307632 0.01071132035491927613 0.01590429665805914369 0.04395013567395143761 0.01650056606907523288 
0.00000000099999999857 0.00000000099999999857 0.00000000099999999857 0.00000000099999999857 0.00000000099999999857 0.99999998899999997803 0.00000000099999999857 0.00000000099999999857 0.00000000099999999857 0.00000000099999999857 0.00000000099999999857 0.00000000099999999857 
0.00000000099999999945 0.00000000099999999945 0.00000000099999999945 0.00000000099999999945 0.00000000099999999945 0.00000000099999999945 0.00000000099999999945 0.00000000099999999945 0.10741863873712421962 0.00000000099999999945 0.89258135126287574401 0.00000000099999999945 
0.00000000100001329868 0.02129127342458556754 0.39626956273069358083 0.00000000099999999961 0.00000000099999999961 0.00000000099999999961 0.00000000099999999961 0.38861419652732104302 0.00000000099999999961 0.00000000099999999961 0.00000000099999999961 0.19382495931738655259 
0.00000000099999999861 0.00000000099999999861 0.00000000099999999861 0.00000000099999999861 0.00000000099999999861 0.71313880647832994519 0.00000000099999999861 0.00000000099999999861 0.28686118352166994905 0.00000000099999999861 0.00000000099999999861 0.00000000099999999861 
0.07328498408171672807 0.07669240922166893626 0.11083213228362787106 0.08185219051760979359 0.06992101968005912105 0.08090748431274071006 0.05535548045049767246 0.05823941043656945954 0.08846946213321639496 0.13618587628929906819 0.05688868729997669654 0.11137086329301770782 
0.11150427878607961640 0.07283491575575672117 0.00000000099999999975 0.00000000099999999975 0.00000000099999999975 0.63626006065603912809 0.16701264783425739946 0.00000000099999999975 0.01238808996786730510 0.00000000099999999975 0.00000000099999999975 0.00000000099999999975 
0.00000000099999999777 0.00000000099999999777 0.00000000099999999777 0.00000000099999999777 0.00000000099999999777 0.74867772555150002844 0.25132226444849986580 0.00000000099999999777 0.00000000099999999777 0.00000000099999999777 0.00000000099999999777 0.00000000099999999777 
0.00000000099999999929 0.00000000099999999929 0.00000000099999999929 0.00000000099999999929 0.00000000099999999929 0.59872563635041420316 0.01575143643294046880 0.09636231874730673275 0.00000000099999999929 0.28916060046933855787 0.00000000099999999929 0.00000000099999999929 
0.20456566455531122184 0.33832724729133806241 0.00000000099999999957 0.00000000099999999957 0.00000000099999999957 0.00000000099999999957 0.28107141344031660868 0.00000000099999999957 0.17603566671303433333 0.00000000099999999957 0.00000000099999999957 0.00000000099999999957 
0.00000000099999999913 0.00000000099999999913 0.00000000099999999913 0.11828625452531010831 0.23140496763180695705 0.31896267703104153046 0.00000000099999999913 0.00000000099999999913 0.00000000099999999913 0.00000000099999999913 0.15315491836262423719 0.17819117544921725393 
0.00000000099999999852 0.00000000099999999852 0.00000000099999999852 0.00000000099999999852 0.31090819106931483207 0.04055027402842671658 0.64854152590225833119 0.00000000099999999852 0.00000000099999999852 0.00000000099999999852 0.00000000099999999852 0.00000000099999999852 
0.14433411218734551462 0.01322833344023298385 0.04694164967948504658 0.11590242957092734832 0.12781512553335991345 0.06900609695223962337 0.01983646108841537886 0.01455757774096532418 0.15472792675258331685 0.10442035228877191710 0.09115014177251679062 0.09807979299315672250 
0.00000183948706214567 0.00000000099999999838 0.00000000099999999838 0.49954653805336812766 0.00000000099999999838 0.00000000099999999838 0.00000000099999999838 0.00000000099999999838 0.00000000099999999838 0.00000000099999999838 0.50045161345956967747 0.00000000099999999838 
0.60671662280864169237 0.01936140050442198071 0.00000000099999999957 0.00000000099999999957 0.00000000099999999957 0.00000000099999999957 0.19982437046011183868 0.00000000099999999957 0.17409759822682460695 0.00000000099999999957 0.00000000099999999957 0.00000000099999999957 
0.00000000099999999849 0.00000000099999999849 0.00000000099999999849 0.00000000099999999849 0.00000000099999999849 0.00000000099999999849 0.00000000099999999849 0.00000000099999999849 0.00000000099999999849 0.00000000099999999849 0.99999998899999997803 0.00000000099999999849 
0.00000000099999999827 0.00000000099999999827 0.00000000099999999827 0.00000000099999999827 0.00000000099999999827 0.00000000099999999827 0.00000000099999999827 0.00000000099999999827 0.00000000099999999827 0.00000000099999999827 0.99999998899999986701 0.00000000099999999827 
0.10607204983948624599 0.05635750617397540518 0.11063760819734017038 0.00715672903587846222 0.13749755729112064784 0.09748515137695860922 0.03264278442614752113 0.12465842967776079309 0.10363935374771691966 0.07229760660003077544 0.10127245228266472388 0.05028277135091986649 
0.04252353907190615373 0.00000000099999999834 0.00000000099999999834 0.00000000099999999834 0.00000000099999999834 0.00000000099999999834 0.00000000099999999834 0.00000000099999999834 0.27305065174942816375 0.00000000099999999834 0.68442580017866561093 0.00000000099999999834 
0.06644174764480402506 0.03419719067425010250 0.13457649862308254662 0.08718276049971405983 0.09419266605095517886 0.15668904318932572184 0.16699458108568862591 0.03594246091241475732 0.04585352737392474343 0.11357357253241923134 0.04351245536515372520 0.02084349604826714678 
0.00000000100001056826 0.15092688201299406248 0.65025027626053610863 0.00000000099999999950 0.00000000099999999950 0.00000000099999999950 0.00000000099999999950 0.15042841564140996269 0.00000000099999999950 0.00000000099999999950 0.00000000099999999950 0.04839441808504954534 
0.00000000099999999954 0.00000000099999999954 0.00000000099999999954 0.00000000099999999954 0.00000000099999999954 0.00000000099999999954 0.00000000099999999954 0.00000000099999999954 0.00000000099999999954 0.99999998900000008906 0.00000000099999999954 0.00000000099999999954 
0.14005620195498935665 0.12159716710114321092 0.02423507241429805059 0.03599667934862700591 0.07409673652238343844 0.06057623198523094665 0.05340495503603003014 0.11271643004155347534 0.12575461041715824129 0.03858279252911105822 0.10053705835914057698 0.11244606429033475459 
0.26347622125599368115 0.42580115930143286329 0.00000000099999999965 0.00000000099999999965 0.00000000099999999965 0.00000000099999999965 0.21329184108928808672 0.00000000099999999965 0.09743077035328558122 0.00000000099999999965 0.00000000099999999965 0.00000000099999999965 
0.02882128612861920014 0.06425613520197939743 0.13281430669919014331 0.09696064921698049899 0.07507200501857259900 0.11177944085399336982 0.09015452817212180059 0.07236575165532928289 0.08735105123884326361 0.11867376274785834678 0.11472575482470330488 0.00702532824180891920 
0.00000000099999999832 0.00000000099999999832 0.00000000099999999832 0.00000000099999999832 0.00000000099999999832 0.32044549671430599957 0.67955449328569406120 0.00000000099999999832 0.00000000099999999832 0.00000000099999999832 0.00000000099999999832 0.00000000099999999832 
0.07937819856655994877 0.14971203825131337850 0.08246388796988700365 0.14898821198278860978 0.14451912171541553276 0.09900804770899446217 0.06210024718273479682 0.01833616238872313314 0.00506218663508872010 0.03052565530152050177 0.10654678151073193604 0.07335946078624197564 
0.00000000099999999894 0.00000000099999999894 0.00000000099999999894 0.00000000099999999894 0.00000000099999999894 0.00000000099999999894 0.62895612083171159590 0.00000000099999999894 0.37104386916828829834 0.00000000099999999894 0.00000000099999999894 0.00000000099999999894 
0.00000000099999999835 0.00000000099999999835 0.00000000099999999835 0.00000000099999999835 0.00000000099999999835 0.00000000099999999835 0.00000000099999999835 0.99999998899999997803 0.00000000099999999835 0.00000000099999999835 0.00000000099999999835 0.00000000099999999835 
0.00000000100009036961 0.99999998899990982792 0.00000000099999999885 0.00000000099999999885 0.00000000099999999885 0.00000000099999999885 0.00000000099999999885 0.00000000099999999885 0.00000000099999999885 0.00000000099999999885 0.00000000099999999885 0.00000000099999999885 
0.12002128227731392873 0.05972986414396149607 0.08692021054570958638 0.07431713894092854822 0.09511511276652369340 0.09988271631394390893 0.07287264146510184781 0.06899189532094678057 0.08706880579147585619 0.08832866416782152175 0.10606929404374901282 0.04068237422252376362 
0.06825230921557444430 0.05040423894838549912 0.13958683278696920604 0.23973348831703900075 0.22792225018175263362 0.00000000099999999976 0.00000000099999999976 0.00000000099999999976 0.05210582167381879598 0.00000000099999999976 0.02877578096601004012 0.19321927391045037870 
0.00000000100001905968 0.16646143520425002449 0.12629589117031209122 0.00000000099999999961 0.00000000099999999961 0.00000000099999999961 0.00000000099999999961 0.51286255502837219122 0.00000000099999999961 0.00000000099999999961 0.00000000099999999961 0.19438011059704662920 
0.03991858855908170245 0.04055509345305971514 0.06852038201060510481 0.20850526639543501273 0.21158116789255390633 0.01501168120719270291 0.02839136541140791989 0.02986597841862893149 0.13776546745977749642 0.15218533941713741076 0.00860790216590758862 0.05909176760921228816 
0.04109423838753258756 0.09808314566843598370 0.15036291771178719734 0.07673390581962931389 0.13101703737811226658 0.05071179681498979436 0.06689724133057899091 0.04824175466193279110 0.02400918688921379468 0.17547392658027999301 0.08349242094864438302 0.05388242780886278588 
0.00000000099999999849 0.00000000099999999849 0.00000000099999999849 0.99999998899999997803 0.00000000099999999849 0.00000000099999999849 0.00000000099999999849 0.00000000099999999849 0.00000000099999999849 0.00000000099999999849 0.00000000099999999849 0.00000000099999999849 
0.10415854375897010131 0.13793219068864251420 0.00000000099999999970 0.06413444770225198988 0.00000000099999999970 0.00000000099999999970 0.05455324574793069675 0.16725329921165812963 0.20335602945529110408 0.26861223843525533495 0.00000000099999999970 0.00000000099999999970 
0.14116896816585061680 0.02391668935636111562 0.23846157175182042254 0.21779329804024638584 0.08860625398005909925 0.00000000099999999965 0.00000000099999999965 0.00000000099999999965 0.07394856328302283621 0.00000000099999999965 0.00942001483969484923 0.20668463658294478069 
0.25341910137856055174 0.00000000099999999930 0.49316179398149917468 0.00000000099999999930 0.00000000099999999930 0.00000000099999999930 0.00000000099999999930 0.00000000099999999930 0.25341909563994058363 0.00000000099999999930 0.00000000099999999930 0.00000000099999999930 
0.00000000099999999887 0.00000000099999999887 0.00000000099999999887 0.00000000099999999887 0.00000000099999999887 0.00000000099999999887 0.00000000099999999887 0.00000000099999999887 0.00000000099999999887 0.00000000099999999887 0.00667725429638932593 0.99332273570361062642 
0.11361340622092448716 0.05984708243044574438 0.08233964884681387042 0.14258448464974055048 0.09225900669047044922 0.12103513336326182648 0.10965077551852017712 0.11722747568135054308 0.05054408968754329351 0.03905042111175364289 0.00218488752792087753 0.06966358827125447573 
0.00000000100001367064 0.05336441853862995688 0.09261799890796620915 0.00000000099999999967 0.00000000099999999967 0.00000000099999999967 0.00000000099999999967 0.44314014897281284178 0.00000000099999999967 0.00000000099999999967 0.00000000099999999967 0.41087742558057738229 
0.00000000099999999906 0.00000000099999999906 0.00000000099999999906 0.00000002037983754929 0.99999996962016246549 0.00000000099999999906 0.00000000099999999906 0.00000000099999999906 0.00000000099999999906 0.00000000099999999906 0.00000000099999999906 0.00000000099999999906 
0.15255596453220066078 0.14591072835580948253 0.00766076471669816916 0.04524159221199444691 0.02703088566738405529 0.00985930139820661959 0.11534037406011182769 0.08477497869701401678 0.04285746313737059249 0.14584610130498015801 0.10963232713161055742 0.11328951878661949748 
0.00000000099999999890 0.00000000099999999890 0.00000000099999999890 0.00000000099999999890 0.00000000099999999890 0.00000000099999999890 0.00000000099999999890 0.00000000099999999890 0.00000000099999999890 0.00000000099999999890 0.00683969771413308822 0.99316029228586699684 
0.00000000099999999887 0.00000000099999999887 0.00000000099999999887 0.00000000099999999887 0.94641097707325916311 0.00000000099999999887 0.00000000099999999887 0.00000000099999999887 0.05358901292674092542 0.00000000099999999887 0.00000000099999999887 0.00000000099999999887 
0.25754573171427036504 0.29802625645971303481 0.00000000099999999965 0.00000000099999999965 0.00000000099999999965 0.00000000099999999965 0.34322359865394130862 0.00000000099999999965 0.10120440517207553166 0.00000000099999999965 0.00000000099999999965 0.00000000099999999965 
0.02875480201632319918 0.02865080242737973182 0.12673835903896288335 0.02790108987137226645 0.04813173294714137573 0.07589440263736811632 0.11673171729503228899 0.11810561679798663171 0.12613042922478093222 0.10275264343019205326 0.14524046993614375678 0.05496793437731693072 
0.00000000099999999908 0.46747124070601903112 0.00000000099999999908 0.00000000099999999908 0.44995255947182871692 0.00000000099999999908 0.00000000099999999908 0.00000000099999999908 0.08257619082215225670 0.00000000099999999908 0.00000000099999999908 0.00000000099999999908 
0.00000000099999999813 0.99999998900000008906 0.00000000099999999813 0.00000000099999999813 0.00000000099999999813 0.00000000099999999813 0.00000000099999999813 0.00000000099999999813 0.00000000099999999813 0.00000000099999999813 0.00000000099999999813 0.00000000099999999813 
0.00702159888218892737 0.01704567206229386234 0.06539369008439949171 0.24533727085034831572 0.34406986472364825547 0.00000000099999999965 0.00000000099999999965 0.00000000099999999965 0.18492120502599027065 0.00000000099999999965 0.01763833834272537232 0.11857235602840558719 
0.00000000099999999872 0.00000000099999999872 0.00000000099999999872 0.00000000099999999872 0.00000000099999999872 0.53258146227659963756 0.46741852772340047872 0.00000000099999999872 0.00000000099999999872 0.00000000099999999872 0.00000000099999999872 0.00000000099999999872 
0.00000000099999999678 0.00000000099999999678 0.00000000099999999678 0.99999998899999986701 0.00000000099999999678 0.00000000099999999678 0.00000000099999999678 0.00000000099999999678 0.00000000099999999678 0.00000000099999999678 0.00000000099999999678 0.00000000099999999678 
0.00000000099999999816 0.00000000099999999816 0.00000000099999999816 0.00000000099999999816 0.99999998900000008906 0.00000000099999999816 0.00000000099999999816 0.00000000099999999816 0.00000000099999999816 0.00000000099999999816 0.00000000099999999816 0.00000000099999999816 
0.00000000099999999785 0.00000000099999999785 0.00000000099999999785 0.99999998899999997803 0.00000000099999999785 0.00000000099999999785 0.00000000099999999785 0.00000000099999999785 0.00000000099999999785 0.00000000099999999785 0.00000000099999999785 0.00000000099999999785 
0.27518106566754940712 0.02481947830914885481 0.02840388281488961594 0.16452407650050943078 0.12093827149360704409 0.00000000099999999976 0.00000000099999999976 0.00000000099999999976 0.21468205325752748314 0.00000000099999999976 0.03039955262887338722 0.14105161532789481371 
0.00000000099999999964 0.06645306050766990047 0.36537862993083364271 0.10013316404559731432 0.00000000099999999964 0.00000000099999999964 0.14709584399092207052 0.00642535320444268150 0.00000000099999999964 0.31451394232053458966 0.00000000099999999964 0.00000000099999999964 
0.00000006158878255716 0.00000000099999999890 0.49978160030061791197 0.00000000099999999890 0.00000000099999999890 0.00000000099999999890 0.00000000099999999890 0.00000000099999999890 0.00531896290198587748 0.00000000099999999890 0.49390396450578322174 0.00099540370283031842 
0.37445091312422140728 0.00000000099999999904 0.30118247065306857913 0.00000000099999999904 0.00000000099999999904 0.00000000099999999904 0.00000000099999999904 0.24835520926809692699 0.00000000099999999904 0.00000000099999999904 0.00000000099999999904 0.07601139895461332674 
0.34463445648634399854 0.00000000099999999856 0.00000000099999999856 0.36086765937977088869 0.00000000099999999856 0.00000000099999999856 0.00000000099999999856 0.00000000099999999856 0.00000000099999999856 0.11801041377269134991 0.00000000099999999856 0.17648746236119389197 
0.00000000099999999934 0.49723705820224528562 0.00000000099999999934 0.00000000099999999934 0.00000000099999999934 0.19302547019792043459 0.00000000099999999934 0.15392687184400891121 0.01221217896614233515 0.00000000099999999934 0.00000000099999999934 0.14359841378968288272 
0.00000000099999999898 0.02713189352056349576 0.00000000099999999898 0.00000000099999999898 0.00000000099999999898 0.00000000099999999898 0.11267837779745032423 0.40646313533807720830 0.07687814092770482721 0.37684844541620399205 0.00000000099999999898 0.00000000099999999898 
0.00000000134683985520 0.11169344970771215297 0.00000000099999999928 0.00000000099999999928 0.00000000099999999928 0.08925399305998898969 0.18525206041341543695 0.61380048847204360385 0.00000000099999999928 0.00000000099999999928 0.00000000099999999928 0.00000000099999999928 
0.00000000099999999948 0.00000000099999999948 0.00000000099999999948 0.09884567267220668862 0.00000000099999999948 0.00000000099999999948 0.00000000099999999948 0.09247842542812896582 0.00000000099999999948 0.80867589289966446131 0.00000000099999999948 0.00000000099999999948 
0.04784406511742757967 0.06057075403047219170 0.11708140601841746098 0.01952882465001224907 0.02903356264408314333 0.13596966034106908183 0.00458701091305584521 0.13477542822761465202 0.15384402664961641105 0.13922062383813035846 0.00621831591508694142 0.15132632165501402888 
0.00000000099999999816 0.42230056756609374302 0.00000000099999999816 0.00000000099999999816 0.00000000099999999816 0.00000000099999999816 0.00000000099999999816 0.00000000099999999816 0.00000000099999999816 0.00000000099999999816 0.00000000099999999816 0.57769942243390604020 
0.00000000099999999959 0.00056616121153893852 0.00000000099999999959 0.49977021668507887187 0.00000000099999999959 0.00000000099999999959 0.00000000099999999959 0.00000000099999999959 0.00000000099999999959 0.00000000099999999959 0.49966361310338230917 0.00000000099999999959 
0.09962864523426455399 0.03780861554982644507 0.06084897705155231651 0.07426543692489084858 0.17316320012398139783 0.06689461557972249672 0.04645443816709126511 0.11997947577943979258 0.13498866810969825658 0.02626318770311138195 0.02317521628093732397 0.13652952349548397315 
0.00000000099999999908 0.00000000099999999908 0.00000000099999999908 0.00000000099999999908 0.00000000099999999908 0.12525175435085200704 0.00000000099999999908 0.22279317016836364118 0.62474732413065103831 0.00000000099999999908 0.00000000099999999908 0.02720774335013335585 
0.00000000099999999772 0.00000000099999999772 0.00000000099999999772 0.00000000099999999772 0.00000000099999999772 0.99999998899999986701 0.00000000099999999772 0.00000000099999999772 0.00000000099999999772 0.00000000099999999772 0.00000000099999999772 0.00000000099999999772 
0.30433615917251349847 0.00000000099999999924 0.00000000099999999924 0.08049640520779551001 0.00000000099999999924 0.00000000099999999924 0.31990114271535369239 0.00000000099999999924 0.00000000099999999924 0.00000000099999999924 0.26132718145650812858 0.03393910444782907015 
0.05419596360370435711 0.06769387370012105998 0.09951552488814023600 0.16417592713047030051 0.00481959617845462152 0.05014333595170419877 0.01015061461505795300 0.18744260502977261318 0.03715485326687523876 0.09745036749439064949 0.02159145751014013639 0.20566588063116866825 
0.00080825691151699636 0.00000000099999999862 0.00000000099999999862 0.49916842264688593422 0.00226181793215465181 0.00000000099999999862 0.00000000099999999862 0.00000000099999999862 0.49776149450944251473 0.00000000099999999862 0.00000000099999999862 0.00000000099999999862 
0.00000000099999999932 0.00000000099999999932 0.29260270494498458183 0.00000000099999999932 0.00000000099999999932 0.00001743028034284495 0.00000000099999999932 0.20357215537945252959 0.00382200779881606677 0.00000000099999999932 0.49572607543483943049 0.00425962016156456076 
0.00000000099999999763 0.00000000099999999763 0.47947382077498135189 0.00000000099999999763 0.00000000099999999763 0.00000000099999999763 0.00000000099999999763 0.00000000099999999763 0.52052616922501837582 0.00000000099999999763 0.00000000099999999763 0.00000000099999999763 
0.00000000099999999964 0.06978407291363813991 0.36091585630161204801 0.10288717229580121582 0.00000000099999999964 0.00000000099999999964 0.15038224238756231488 0.00800972388111243459 0.00000000099999999964 0.30802092622027410496 0.00000000099999999964 0.00000000099999999964 
0.59680589768231273595 0.00000000099999999888 0.00000000099999999888 0.00000000099999999888 0.00000000099999999888 0.00000000099999999888 0.00000000099999999888 0.00000000099999999888 0.15725021320487686527 0.24594388011281032025 0.00000000099999999888 0.00000000099999999888 
0.00000000099999999929 0.00000000099999999929 0.00000000099999999929 0.00000000099999999929 0.00000000099999999929 0.31419580632472454695 0.14516964565257722830 0.00773162679246338844 0.00000000099999999929 0.53290291323023486481 0.00000000099999999929 0.00000000099999999929 
0.00000000099999999864 0.08772630160538112676 0.00000000099999999864 0.00000000099999999864 0.00000000099999999864 0.00000000099999999864 0.00000000099999999864 0.00000000099999999864 0.00000000099999999864 0.34916242357269183794 0.27808078473795727614 0.28503048208396969398 
0.00000000099999999959 0.09876297043779465323 0.33509954438472056015 0.11506819379996349739 0.00000000099999999959 0.00000000099999999959 0.14994649553754502147 0.02259788804310366300 0.00000000099999999959 0.27852490179687272587 0.00000000099999999959 0.00000000099999999959 
0.00000000099999999707 0.00000000099999999707 0.00000000099999999707 0.00000000099999999707 0.00000000099999999707 0.00000000099999999707 0.00000000099999999707 0.99999998899999986701 0.00000000099999999707 0.00000000099999999707 0.00000000099999999707 0.00000000099999999707 
0.00000000099999999945 0.07093765037617816294 0.18140496135111169873 0.00000000099999999945 0.00000000099999999945 0.00000000099999999945 0.00000000099999999945 0.19311624991478429370 0.14976107912368744057 0.40478005223423840775 0.00000000099999999945 0.00000000099999999945 
0.00000000099999999947 0.06423591777520343271 0.19785614125638564809 0.00000000099999999947 0.00000000099999999947 0.00000000099999999947 0.00000000099999999947 0.18134200027929520127 0.14517664758470547048 0.41138928610441005684 0.00000000099999999947 0.00000000099999999947 
0.05597388616251572357 0.10209298987307166562 0.10000330869299092762 0.05522059095847445948 0.05119017960111071908 0.09082410785549044352 0.04158599127182506516 0.07069914957963346902 0.15095948823916929826 0.05322299477664548667 0.17115030268275524539 0.05707701030631739947 
0.26793352744258785991 0.00000000099999999840 0.00000000099999999840 0.00000000099999999840 0.00000000099999999840 0.00000000099999999840 0.00000000099999999840 0.00000000099999999840 0.26793352393337804829 0.00000000099999999840 0.46413293962403395776 0.00000000099999999840 
0.00000000099999999964 0.06977696010552703054 0.36092182707458025925 0.10288578617879384769 0.00000000099999999964 0.00000000099999999964 0.15038114009968694962 0.00800406429659789552 0.00000000099999999964 0.30803021624481402574 0.00000000099999999964 0.00000000099999999964 
0.02783391329045636214 0.08072317724680382056 0.10601054702542013486 0.00532813701185241937 0.13811396862445515787 0.10527669137073022987 0.06687474482223026984 0.08564023313553971450 0.12485931650790946246 0.11198001421383300957 0.02028594505855740512 0.12707331169221203204 
0.08115154640507825368 0.06829105483152184131 0.01694774773826071210 0.01730978757562851716 0.09034870967832479838 0.06011144589342253680 0.00365878537804846440 0.19293692414806021262 0.01401732155663468378 0.14898775063971100852 0.12786983947066060674 0.17836908668464823702 
0.00000000131230588014 0.00000000099999999867 0.00000000099999999867 0.00000000107013025741 0.50007690024179762833 0.00000000099999999867 0.00000000099999999867 0.00000000099999999867 0.00000000099999999867 0.00000000099999999867 0.00000000099999999867 0.49992308937576629413 
0.00000000099999999926 0.00000000099999999926 0.00000000099999999926 0.01739364625902573708 0.00000000099999999926 0.00000000099999999926 0.00000000099999999926 0.25648632468398241402 0.00000000099999999926 0.72612002005699194385 0.00000000099999999926 0.00000000099999999926 
0.56008839244297936588 0.00000000099999999897 0.00000000099999999897 0.00000000099999999897 0.00000000099999999897 0.43991159755702069489 0.00000000099999999897 0.00000000099999999897 0.00000000099999999897 0.00000000099999999897 0.00000000099999999897 0.00000000099999999897 
0.00000000099999999911 0.34968938976086577641 0.34216900315725751192 0.30814159808187691070 0.00000000099999999911 0.00000000099999999911 0.00000000099999999911 0.00000000099999999911 0.00000000099999999911 0.00000000099999999911 0.00000000099999999911 0.00000000099999999911 
0.55759081922958231292 0.17796280922016743942 0.00000000099999999934 0.00000000099999999934 0.00000000099999999934 0.00000000099999999934 0.00000000099999999934 0.00000000099999999934 0.26444636255025044669 0.00000000099999999934 0.00000000099999999934 0.00000000099999999934 
0.00000000099999999953 0.22997136962700909235 0.00000000099999999953 0.13652969624885497035 0.00000000099999999953 0.00000000099999999953 0.13831034052563820347 0.27806755425471102461 0.07349254485513455337 0.14362848848865222839 0.00000000099999999953 0.00000000099999999953 
0.22617390352933186559 0.00000000099999999904 0.26594787166485106544 0.00000000099999999904 0.19075818303093780570 0.31712003377487946176 0.00000000099999999904 0.00000000099999999904 0.00000000099999999904 0.00000000099999999904 0.00000000099999999904 0.00000000099999999904 
0.47058035453487662148 0.13131364386357918805 0.00000000099999999874 0.00000000099999999874 0.00000000099999999874 0.00000000099999999874 0.00000000099999999874 0.00000000099999999874 0.00000000099999999874 0.26934599313346763161 0.00000000099999999874 0.12876000046807670185 
0.00000000099999999892 0.00000000099999999892 0.00000000099999999892 0.00000000099999999892 0.00000000099999999892 0.00000000099999999892 0.99999998899999986701 0.00000000099999999892 0.00000000099999999892 0.00000000099999999892 0.00000000099999999892 0.00000000099999999892 
0.10345601474371518558 0.18974139722409796849 0.11637873044398823474 0.00000000099999999938 0.00000000099999999938 0.00000000099999999938 0.00000000099999999938 0.28562718818310023350 0.00000000099999999938 0.30479666240509828423 0.00000000099999999938 0.00000000099999999938 
0.00000000099999999922 0.00000000099999999922 0.00000000099999999922 0.00000000099999999922 0.35825809120903528981 0.40718416201529311627 0.00000000099999999922 0.00000000099999999922 0.23455773777567157090 0.00000000099999999922 0.00000000099999999922 0.00000000099999999922 
0.00000000099999999899 0.00000000099999999899 0.00000000099999999899 0.00000000099999999899 0.00000000099999999899 0.00000000099999999899 0.49999999805901196304 0.00000000100003217653 0.00000000099999999899 0.49999999194095573474 0.00000000099999999899 0.00000000099999999899 
0.00000000099999999954 0.00000000099999999954 0.33289312271360976814 0.09069561291602112885 0.00000000099999999954 0.00000000099999999954 0.19589658126649453496 0.02828402957480897692 0.02697014848116493710 0.22977475209673955958 0.00000000099999999954 0.09548574795116104852 
0.08972265394467669741 0.04047900065565308847 0.15362198818380612408 0.03919003287885887421 0.13245049648466397652 0.16463399603962949880 0.04421349458451259012 0.02618852457278175380 0.04098978828992727586 0.10603890339682553456 0.09587763155388973058 0.06659348941477492845 
0.00000000099999999925 0.00000000099999999925 0.00000000099999999925 0.00000000099999999925 0.17940232959359966869 0.71241689271320474131 0.00000000099999999925 0.00000000099999999925 0.10818076869319578903 0.00000000099999999925 0.00000000099999999925 0.00000000099999999925 
0.00000000099999999939 0.00000000099999999939 0.19422830701202734027 0.24095880460644988896 0.06847362335848188042 0.00000000099999999939 0.04678859031203926044 0.19045529330580870941 0.00000000099999999939 0.00000000099999999939 0.00000000099999999939 0.25909537540519306242 
