0.22113081784993116052 0.28536413877263827610 0.49350504337743061889 
0.00000000099999999987 0.33653124937719386400 0.66346874962280610877 
0.22007131313147942908 0.70041458433519909743 0.07951410253332147349 
0.26564842112182118772 0.55992884471589854378 0.17442273416228026850 
0.29733972355195664727 0.70266027544804332550 0.00000000099999999971 
0.99999999800000005656 0.00000000099999999993 0.00000000099999999993 
0.54183321749801915956 0.45816678150198081321 0.00000000099999999983 
0.00000000099999999991 0.00000000099999999991 0.99999999800000005656 
0.11495072648675255800 0.27152011619305005397 0.61352915732019752681 
0.00000000099999999997 0.39529776340923877820 0.60470223559076119457 
0.48392390892021158733 0.19461109091759823397 0.32146500016219026197 
0.00000000099999999993 0.00000000099999999993 0.99999999799999994554 
0.76481106444459168170 0.11558178233209988328 0.11960715322330826849 
0.00000000099999999972 0.99999999799999994554 0.00000000099999999972 
0.54389499583849343356 0.26145326483843117638 0.19465173932307544558 
0.00000000099999999991 0.00000000099999999991 0.99999999799999994554 
0.99999999800000005656 0.00000000099999999973 0.00000000099999999973 
0.32938809682131847678 0.56341291845043983688 0.10719898472824174185 
0.00000000099999999996 0.44181697034750971875 0.55818302865249025402 
0.00000000099999999989 0.69131069363978248088 0.30868930536021760291 
0.82960508869161986301 0.08190341624689272126 0.08849149506148734634 
0.27710360411683215842 0.00000000099999999994 0.72289639488316781435 
0.72838916633950678836 0.27161083266049307339 0.00000000099999999986 
0.37558465784796007947 0.62441534115203978228 0.00000000099999999972 
0.99999999800000005656 0.00000000099999999956 0.00000000099999999956 
0.46095260227740131320 0.53904739672259860406 0.00000000099999999982 
0.00000000099999999971 0.99999999800000005656 0.00000000099999999971 
0.04738714499833882737 0.50313502212002869651 0.44947783288163245530 
0.28590671687868807194 0.40516884867884667143 0.30892443444246525663 
0.99999999800000005656 0.00000000099999999977 0.00000000099999999977 
0.71035169093275063457 0.17867741119945021455 0.11097089786779926190 
0.21370736889864266894 0.38049392810762083794 0.40579870299373638209 
0.00000000099999999986 0.99999999799999994554 0.00000000099999999986 
0.87304162328875623000 0.00000000099999999997 0.12695837571124388155 
0.00000000099999999981 0.99999999799999994554 0.00000000099999999981 
0.47810994958671176880 0.52189004941328820397 0.00000000099999999992 
0.00000000099999999987 0.00000000099999999987 0.99999999800000005656 
0.99999999800000005656 0.00000000099999999985 0.00000000099999999985 
0.33544858463462312592 0.62895817203768822345 0.03559324332768872001 
0.00000000099999999973 0.99999999799999994554 0.00000000099999999973 
0.40483999588387065138 0.47973675266630461111 0.11542325144982472362 
0.00000000099999999980 0.99999999800000005656 0.00000000099999999980 
0.00000000099999999986 0.99999999799999994554 0.00000000099999999986 
0.00000000099999999990 0.00000000099999999990 0.99999999800000005656 
0.00000000099999999989 0.99999999800000005656 0.00000000099999999989 
0.08400387903279500634 0.55312739448500625183 0.36286872648219881121 
0.00000000099999999997 0.81253446452132949140 0.18746553447867056463 
0.22406223518744883272 0.77593776381255119556 0.00000000099999999977 
0.00000000099999999982 0.99999999799999994554 0.00000000099999999982 
0.00000000099999999993 0.00000000099999999993 0.99999999799999994554 
0.43567000033775199475 0.56432999866224797803 0.00000000099999999977 
0.60912785359192833656 0.39087214540807174723 0.00000000099999999979 
0.22774032751301229172 0.42239163448272681878 0.34986803800426091726 
0.54593456533514317375 0.45406543366485674351 0.00000000099999999978 
0.00000000099999999993 0.00000000099999999993 0.99999999799999994554 
0.00000000099999999997 0.43456929765461871362 0.56543070134538120364 
0.00000000099999999962 0.99999999800000005656 0.00000000099999999962 
0.24042703961276021274 0.28161548884650688951 0.47795747154073292551 
0.07011984545420830994 0.79492307697622632823 0.13495707756956532020 
0.15218151659873674353 0.51988446124135700988 0.32793402215990635762 
0.00000000099999999988 0.00000000099999999988 0.99999999799999994554 
0.76361332889179445171 0.00000000099999999998 0.23638667010820563208 
0.54616215158279335373 0.14146295306283901416 0.31237489535436774313 
0.00000000099999999994 0.00000000099999999994 0.99999999799999994554 
0.21080192547951256965 0.60749522227249763695 0.18170285224798979340 
0.36540827830929500930 0.63459172069070490796 0.00000000099999999988 
0.45289591542795309964 0.21479345541497973926 0.33231062915706716110 
0.05657157332834685665 0.41630458925407221038 0.52712383741758095379 
0.00000000099999999995 0.99999999800000005656 0.00000000099999999995 
0.00000000099999999975 0.00000000099999999975 0.99999999799999994554 
0.32216930347027389336 0.34333864152083293231 0.33449205500889311882 
0.02635161040712668754 0.00000000099999999994 0.97364838859287328177 
0.00000000099999999992 0.44709175934076600401 0.55290823965923407979 
0.23840584587421015383 0.36667110411886139065 0.39492305000692851102 
0.27448979919862237509 0.49927213856895386046 0.22623806223242384772 
0.99999999799999994554 0.00000000099999999970 0.00000000099999999970 
0.87798569804180370824 0.00000000099999999997 0.12201430095819636168 
0.18319102249772170610 0.00000000099999999991 0.81680897650227834994 
0.22650777221846968290 0.04405552064330134354 0.72943670713822894580 
0.00000000099999999977 0.99999999799999994554 0.00000000099999999977 
0.05494619890504280624 0.15294639649075766896 0.79210740460419959419 
0.00000000099999999992 0.00000000099999999992 0.99999999799999994554 
0.99999999800000005656 0.00000000099999999982 0.00000000099999999982 
0.34260673918496803436 0.32476903111892096998 0.33262422969611105117 
0.00000000099999999978 0.99999999800000005656 0.00000000099999999978 
0.99999999799999994554 0.00000000099999999979 0.00000000099999999979 
0.00000000099999999994 0.00000000099999999994 0.99999999799999994554 
0.04833648691640107797 0.54646756717800315517 0.40519594590559593339 
0.65789434328345930414 0.00000000099999999995 0.34210565571654077965 
0.44886611503176881977 0.00000000099999999994 0.55113388396823126403 
0.45798319350303878794 0.00000000099999999991 0.54201680549696118483 
0.00000000099999999998 0.79020793824290747054 0.20979206075709264101 
0.99999999800000005656 0.00000000099999999934 0.00000000099999999934 
0.99999999800000005656 0.00000000099999999968 0.00000000099999999968 
0.99999999800000005656 0.00000000099999999951 0.00000000099999999951 
0.40191038981253390805 0.00000000099999999994 0.59808960918746600921 
0.28266308715155891162 0.28570857209712940961 0.43162834075131173428 
0.08629675106333560552 0.36607703565026511461 0.54762621328639937701 
0.44847377506523777857 0.09634721691650152686 0.45517900801826072232 
0.79352590840781267456 0.20647409059218735372 0.00000000099999999988 
0.05861310779149136313 0.51463223643992539458 0.42675465576858334638 
0.19216813182492989420 0.37722028626454878752 0.43061158191052140154 
0.00000000099999999989 0.76067854938348078431 0.23932144961651927173 
0.99999999800000005656 0.00000000099999999993 0.00000000099999999993 
0.50706682895082977325 0.44240977568572126266 0.05052339536344905430 
0.30486624627235581197 0.30471091796455507250 0.39042283576308906001 
0.49136042482982028590 0.50863957417017979790 0.00000000100000000000 
0.25491472181382651696 0.31307844790671890411 0.43200683027945457892 
0.33372891486893990765 0.64865205976198470061 0.01761902536907539174 
0.00000000099999999973 0.99999999799999994554 0.00000000099999999973 
0.46746517406243615067 0.53253482493756387761 0.00000000099999999980 
0.33183551686137985337 0.25057373720353459667 0.41759074593508554996 
0.71151102988429082430 0.28848896911570903745 0.00000000099999999988 
0.00000000099999999987 0.61987702830545166055 0.38012297069454831222 
0.13061058058897007106 0.24117127091939200012 0.62821814849163792882 
0.28512192538135927578 0.28446479949247827079 0.43041327512616250894 
0.47871627196775495827 0.52128372703224512552 0.00000000099999999990 
0.00000000099999999982 0.99999999799999994554 0.00000000099999999982 
0.42503279767513069132 0.30773618147979825421 0.26723102084507110998 
0.30150831237128394857 0.26906050094140582241 0.42943118668731017351 
0.00000000099999999979 0.42010419035448548497 0.57989580864551459882 
0.24960359949756003028 0.31533251961141273156 0.43506388089102721040 
0.25182577900746316857 0.31485293604977521165 0.43332128494276161979 
0.27087622746461426093 0.40256121064230326878 0.32656256189308247029 
0.00000000099999999960 0.99999999799999994554 0.00000000099999999960 
0.28512038505602049776 0.28446881755599490171 0.43041079738798465604 
0.24161037866713505617 0.43439280664954349476 0.32399681468332147682 
0.32249590337751560254 0.28684448830537939701 0.39065960831710511147 
0.79306432175598140510 0.20693372815488159100 0.00000195008913685312 
0.99999999800000005656 0.00000000099999999990 0.00000000099999999990 
0.15871150830379096575 0.84128849069620903478 0.00000000099999999988 
0.43210868502981214512 0.00000000099999999989 0.56789131397018788316 
0.00000000099999999987 0.00000000099999999987 0.99999999800000005656 
0.26458578487995298989 0.30704507753456650176 0.42836913758548061937 
0.30413179749256158413 0.44998504756520585346 0.24588315494223259017 
0.12921105058584422820 0.56724810548450177450 0.30354084392965408057 
0.00000000099999999993 0.99999999799999994554 0.00000000099999999993 
0.29255957476629634861 0.23540435172739690439 0.47203607350630666373 
0.99999999799999994554 0.00000000099999999988 0.00000000099999999988 
0.00000000099999999994 0.99999999799999994554 0.00000000099999999994 
0.42372878300761523951 0.29921058135957045998 0.27706063563281435602 
0.63668695251736495688 0.10275205479631437100 0.26056099268632071375 
0.99999999799999994554 0.00000000099999999989 0.00000000099999999989 
0.54030963031116996387 0.00003212070804321435 0.45965824898078677663 
0.00000000099999999998 0.33613914507256426045 0.66386085392743576783 
0.72861277830279469470 0.27138722069720533359 0.00000000099999999999 
0.68866778516978222058 0.00000000099999999997 0.31133221383021775219 
0.54332896561834953530 0.26428102873462105959 0.19239000564702937734 
0.26266662767472753748 0.00000000099999999991 0.73733337132527232427 
0.00000000099999999979 0.00000000099999999979 0.99999999800000005656 
0.18489053694349100176 0.34018953912631372249 0.47491992393019538676 
0.29200371254048923531 0.39054787791379641515 0.31744840954571446057 
0.00000000099999999998 0.27832733578569329724 0.72167266321430656451 
0.44063906919158940534 0.41761850100169434219 0.14174242980671630798 
0.21917570971015734593 0.37553662935342013718 0.40528766093642260016 
0.37329300482576355247 0.32797716704095186691 0.29872982813328452512 
0.00000000099999999980 0.99999999799999994554 0.00000000099999999980 
0.00000000099999999988 0.51370491438679022345 0.48629508461320986035 
0.59131821129596928710 0.00022058133539489721 0.40846120736863578138 
0.07675020601188160818 0.23395482746735971058 0.68929496652075861185 
0.00000000099999999984 0.41120528370093245574 0.58879471529906757254 
0.53993596878039851195 0.46006403021960151634 0.00000000099999999983 
0.51422592369995268058 0.37364084802787622674 0.11213322827217107880 
0.09093595745247495810 0.65780136027201052684 0.25126268227551457057 
0.11014489771924332318 0.38323675526892592158 0.50661834701183072749 
0.37551370377022830205 0.51849623745680550879 0.10599005877296611977 
0.01610510324774502497 0.57730320757167041812 0.40659168918058447018 
0.50139633688852258686 0.49860366211147738591 0.00000000099999999987 
0.40908611146618928389 0.59091388753381068888 0.00000000099999999983 
0.32368794301067321806 0.27569343226726616969 0.40061862472206055674 
0.48486752001603550255 0.36785945622327176352 0.14727302376069276169 
0.00000000099999999996 0.87747094339559139620 0.12252905560440865984 
0.99999999799999994554 0.00000000099999999994 0.00000000099999999994 
0.61851393209127858430 0.38148606690872144398 0.00000000099999999983 
0.27374858323269191107 0.72625141576730800619 0.00000000099999999996 
0.64193423265464000238 0.35806576634535991488 0.00000000099999999988 
0.38678959820562347494 0.37740611761017983650 0.23580428418419679959 
0.25837352307276040264 0.74162647592723962564 0.00000000099999999965 
0.47534730336518465910 0.52465269563481531367 0.00000000099999999985 
0.00000000099999999957 0.99999999800000005656 0.00000000099999999957 
0.64504944424772281408 0.30149978934458576685 0.05345076640769139825 
0.99990908809419931647 0.00009091090580077935 0.00000000099999999981 
0.19290353077919766833 0.72220521980738672241 0.08489124941341566477 
0.00000000099999999946 0.99999999799999994554 0.00000000099999999946 
0.00000000099999999989 0.76103113116528431359 0.23896886783471577020 
0.77417340994290817502 0.00000000099999999979 0.22582658905709188102 
0.64037571329824138910 0.35962428570175863918 0.00000000099999999984 
0.31286112863724724331 0.50413249013832273082 0.18300638122443013689 
0.50874123709399310389 0.32784641323919411215 0.16341234966681289498 
0.50894889738892512554 0.49105110161107473621 0.00000000099999999982 
0.81912344268002545977 0.00000000099999999994 0.18087655631997462402 
0.05746550209990627239 0.49173585204551656380 0.45079864585457712911 
0.13428223174846415366 0.69139823068012418172 0.17431953757141174788 
0.49810447069999957970 0.50189552830000039307 0.00000000099999999998 
0.30150774430657706349 0.12597661388935516014 0.57251564180406777638 
0.53764961951953893493 0.00000000099999999980 0.46235037948046098233 
0.00000000099999999983 0.00000000099999999983 0.99999999800000005656 
0.00000000099999999985 0.15260270064882358598 0.84739729835117649781 
0.00000000099999999981 0.00000000099999999981 0.99999999799999994554 
0.32831325306787206841 0.34402623825825573434 0.32766050867387219725 
0.00000000099999999996 0.76508266750810149937 0.23491733149189855667 
0.00000000099999999995 0.31770448790360811264 0.68229551109639197115 
0.00000000099999999986 0.99999999799999994554 0.00000000099999999986 
0.00000000099999999971 0.00000000099999999971 0.99999999800000005656 
0.39340878620373304075 0.26419038298132452303 0.34240083081494249173 
0.76052370672513858185 0.00000000099999999994 0.23947629227486155745 
0.00000000099999999994 0.45987935396012352696 0.54012064503987633479 
0.00000000099999999988 0.00000000099999999988 0.99999999799999994554 
0.00000000099999999981 0.00000000099999999981 0.99999999799999994554 
0.00000000099999999980 0.00000000099999999980 0.99999999800000005656 
0.20412428128577800313 0.00000000099999999989 0.79587571771422205291 
0.26559180209241539661 0.57607045100064357968 0.15833774690694096821 
0.99999999800000005656 0.00000000099999999982 0.00000000099999999982 
0.55430891758006062275 0.00000000099999999990 0.44569108141993935002 
0.39553843669047744624 0.38887530882993598391 0.21558625447958659760 
0.00000000099999999989 0.00000000099999999989 0.99999999800000005656 
0.00000000099999999989 0.59536620889380686972 0.40463379010619326959 
0.99999999799999994554 0.00000000099999999972 0.00000000099999999972 
0.40381182055362258021 0.00000000099999999996 0.59618817844637739256 
0.00000000099999999995 0.99999999799999994554 0.00000000099999999995 
0.00000000099999999978 0.99999999800000005656 0.00000000099999999978 
0.00000000099999999988 0.00000000099999999988 0.99999999800000005656 
0.00000000099999999982 0.99999999799999994554 0.00000000099999999982 
0.81427472848297277608 0.05576702703649299292 0.12995824448053422406 
0.00000000099999999982 0.99999999799999994554 0.00000000099999999982 
0.37824765571189677971 0.00000000100000000000 0.62175234328810313755 
0.17218456426722753005 0.00000000099999999994 0.82781543473277252598 
0.31867574536705600696 0.48685144141866509848 0.19447281321427889456 
0.56164011602615648844 0.00000000099999999991 0.43835988297384353984 
0.99999999799999994554 0.00000000099999999975 0.00000000099999999975 
0.00000000099999999992 0.99999999799999994554 0.00000000099999999992 
0.00000000099999999987 0.00000000099999999987 0.99999999800000005656 
0.42489495662246212770 0.00000000099999999991 0.57510504237753778956 
0.40426284353416480633 0.38542897525131469827 0.21030818121452038438 
0.39760909817387007914 0.60239090082612989363 0.00000000099999999994 
0.00000000099999999990 0.00000000099999999990 0.99999999799999994554 
0.99999999799999994554 0.00000000099999999960 0.00000000099999999960 
0.08864766165475121418 0.33327442998500739213 0.57807790836024142145 
0.25841711972525099883 0.28851546041202624782 0.45306741986272280887 
0.51847745286357693750 0.15358565438686469506 0.32793689274955850621 
0.00000000099999999982 0.00000000099999999982 0.99999999800000005656 
0.00000000099999999982 0.99999999799999994554 0.00000000099999999982 
0.25587856233025596531 0.17306759592904102929 0.57105384174070294989 
0.28557855108324542437 0.00000000099999999988 0.71442144791675465942 
0.00000000099999999992 0.62786867039233407173 0.37213132860766595655 
0.75602188177378482070 0.00000000099999999989 0.24397811722621520758 
0.00000000099999999990 0.71502035445472733599 0.28497964454527274780 
0.24032708208191694288 0.42712613280087635692 0.33254678511720675571 
0.00000000099999999987 0.80970024763935932732 0.19029975136064078423 
0.25394822820235829486 0.37528973721300440403 0.37076203458463730112 
0.99999999800000005656 0.00000000099999999976 0.00000000099999999976 
0.00000000099999999998 0.54299432802378533314 0.45700567097621458412 
0.50234029077348207881 0.02534905426237177989 0.47231065496414620375 
0.99999999800000005656 0.00000000099999999977 0.00000000099999999977 
0.99999999800000005656 0.00000000099999999962 0.00000000099999999962 
0.00000000099999999984 0.00000000099999999984 0.99999999799999994554 
0.60152274541548433895 0.00000000099999999989 0.39847725358451557831 
0.66061584056684385935 0.00000000099999999997 0.33938415843315611342 
0.00000000099999999991 0.00000000099999999991 0.99999999799999994554 
0.00000000099999999992 0.00000000099999999992 0.99999999799999994554 
0.39880272217077356034 0.31693635550775295373 0.28426092232147348593 
0.00000000099999999998 0.48108999189792084339 0.51891000710207912938 
