0.33369672622770718551 0.13424006254183218356 0.18908027039500202582 0.13158401841283556832 0.21139892242262320332 
0.33958573500511118892 0.00000000099999999960 0.00000000099999999960 0.66041426199488861837 0.00000000099999999960 
0.36862665209062944749 0.00000000099999999980 0.22782142715737097038 0.00000000099999999980 0.40355191875199963869 
0.17597008865766564090 0.35894935613693651488 0.07297036390086883428 0.23150681364915318139 0.16060337765537585630 
0.16106600195160000744 0.06649015405559539904 0.27465557896900016921 0.04783745282018412454 0.44995081220362037611 
0.00000000099999999974 0.99999999600000011313 0.00000000099999999974 0.00000000099999999974 0.00000000099999999974 
0.35614353979861557153 0.00000000099999999947 0.53358462186926947091 0.11027183633211490310 0.00000000099999999947 
0.00000000099999999975 0.00000000099999999975 0.00000000099999999975 0.99999999599999989108 0.00000000099999999975 
0.17431973354513849439 0.27073687180295319399 0.26902998532809940802 0.23654880241168393940 0.04936460691212511687 
0.00000000099999999984 0.00000000099999999984 0.00000000099999999984 0.55301955569422756032 0.44698044130577246902 
0.17841290442220225643 0.25283544182856632077 0.19277653284886864249 0.04407077036777293927 0.33190435053258982023 
0.00000000099999999983 0.00000000099999999983 0.00000000099999999983 0.99999999599999989108 0.00000000099999999983 
0.00000000099999999942 0.00000000099999999942 0.60837807396852283670 0.39162192303147697059 0.00000000099999999942 
0.54674661117345968453 0.00000000099999999978 0.12215141527518710851 0.08125963414325200473 0.24984233840810113336 
0.00000000099999999981 0.32444528318888282703 0.43065196754389645228 0.00000000099999999981 0.24490274726722058296 
0.00000000099999999976 0.00000000099999999976 0.00000000099999999976 0.99999999599999989108 0.00000000099999999976 
0.00000000099999999931 0.00000000099999999931 0.00000000099999999931 0.99999999599999989108 0.00000000099999999931 
0.41461808904423924638 0.00000000099999999984 0.26956084151748566091 0.00000000099999999984 0.31582106743827509376 
0.99999999600000011313 0.00000000099999999940 0.00000000099999999940 0.00000000099999999940 0.00000000099999999940 
0.13879723547178793308 0.00000000099999999966 0.00000000099999999966 0.15940275027993172641 0.70180001224828036932 
0.00000000099999999980 0.17917016241533031962 0.47929749196652898791 0.34153234361814072129 0.00000000099999999980 
0.32231661814940060218 0.03803447332588908575 0.31227291834788395430 0.32737598917682625421 0.00000000099999999994 
0.23559558271724312384 0.11378208480656179513 0.36822585614382835617 0.28239647533236666987 0.00000000099999999976 
0.43909422650547957900 0.00000000099999999990 0.42264002916636633778 0.13826574232815405652 0.00000000099999999990 
0.00000000099999999933 0.00000000099999999933 0.68980403601502338073 0.31019596098497648207 0.00000000099999999933 
0.39384091373991492180 0.00000000099999999984 0.39094585746720889041 0.00000000099999999984 0.21521322679287618884 
0.70720373714650786034 0.00000000099999999951 0.00000000099999999951 0.29279625985349211348 0.00000000099999999951 
0.04550719487278422071 0.39711715240246975300 0.13400817813018009450 0.15696561692802935006 0.26640185766653656785 
0.10083372828854877956 0.03898255717521377506 0.31527256190253127865 0.12338878673834713373 0.42152236589535913014 
0.00000000099999999963 0.00000000099999999963 0.00000000099999999963 0.99999999600000000211 0.00000000099999999963 
0.30181970899064786140 0.29299414267581325166 0.22129733856193720132 0.05731882908864548154 0.12656998068295619020 
0.03959276324358745186 0.31841402812684277412 0.05841314566386174995 0.15033634332258727362 0.43324371964312080596 
0.00000000099999999944 0.00000000099999999944 0.00000000099999999944 0.99999999600000000211 0.00000000099999999944 
0.00000000099999999985 0.49804064364833744438 0.00000000099999999985 0.49779513384521745234 0.00416422050644490570 
0.40162635507221844389 0.13000657519339606227 0.00000000099999999974 0.46836706773438546714 0.00000000099999999974 
0.14734707070989830346 0.00000000099999999992 0.00000000099999999992 0.64623389541838005545 0.20641903187172161438 
0.00000000099999999974 0.00000000099999999974 0.00000000099999999974 0.99999999599999989108 0.00000000099999999974 
0.00000000099999999968 0.00000000099999999968 0.99999999600000000211 0.00000000099999999968 0.00000000099999999968 
0.00000000099999999971 0.00000000099999999971 0.02375544580092508670 0.57601023561862008115 0.40023431658045477421 
0.99999999600000000211 0.00000000099999999940 0.00000000099999999940 0.00000000099999999940 0.00000000099999999940 
0.39625092768635111762 0.07220112162758537955 0.35092629445722828274 0.01318817043980723136 0.16743348578902805812 
0.00000000099999999975 0.00000000099999999975 0.44304937544681904926 0.00000000099999999975 0.55695062155318086905 
0.99999999600000011313 0.00000000099999999976 0.00000000099999999976 0.00000000099999999976 0.00000000099999999976 
0.00000000099999999981 0.00000000099999999981 0.00000000099999999981 0.99999999599999989108 0.00000000099999999981 
0.33112347880790149457 0.00000000099999999972 0.00000000099999999972 0.39960805242456781672 0.26926846676753052323 
0.27823849857108051697 0.30748090180684850559 0.02002486878398433007 0.22639091141137443475 0.16786481942671216405 
0.43121133173925396687 0.00000000099999999991 0.00000000099999999991 0.56878866526074589594 0.00000000099999999991 
0.34057450027576330331 0.00000000099999999958 0.31974294073353615175 0.00000000099999999958 0.33968255699070054598 
0.00000000099999999965 0.00000000099999999965 0.00000000099999999965 0.00000000099999999965 0.99999999599999989108 
0.00000000099999999980 0.00000000099999999980 0.00000000099999999980 0.99999999600000000211 0.00000000099999999980 
0.41634952298364386047 0.00000000099999999980 0.38415365692745928605 0.00000000099999999980 0.19949681808889693779 
0.00000000099999999934 0.00000000099999999934 0.71435306666414744026 0.00000000099999999934 0.28564693033585236703 
0.09622231503166046862 0.29403526756896103400 0.10781665117317396074 0.32619204682557439989 0.17573371940063026164 
0.53762120085118925150 0.01224816920019324018 0.27362660873046262822 0.17650402021815472797 0.00000000099999999973 
0.00000000099999999980 0.00000000099999999980 0.00000000099999999980 0.99999999600000000211 0.00000000099999999980 
0.99999999600000000211 0.00000000099999999952 0.00000000099999999952 0.00000000099999999952 0.00000000099999999952 
0.99999999600000011313 0.00000000099999999934 0.00000000099999999934 0.00000000099999999934 0.00000000099999999934 
0.22359015381854682736 0.25440649480530397319 0.13306633910033857648 0.16342799906548613476 0.22550901321032457147 
0.68054409049042197122 0.00000000099999999943 0.00000000099999999943 0.31945590650957805812 0.00000000099999999943 
0.35350534056353510870 0.11721191289048257800 0.19152124870342318586 0.06415625630246538091 0.27360524154009369102 
0.00000000099999999976 0.00000000099999999976 0.00000000099999999976 0.99999999599999989108 0.00000000099999999976 
0.00000000099999999969 0.99999999600000000211 0.00000000099999999969 0.00000000099999999969 0.00000000099999999969 
0.31078719800510962168 0.10552997167421958313 0.25718403956923685527 0.23066961603339672382 0.09582917471803714671 
0.00000000099999999984 0.00000000099999999984 0.00000000099999999984 0.99999999600000000211 0.00000000099999999984 
0.29235882557539738524 0.24507855973805642291 0.26296897756985060379 0.12733510598131050906 0.07225853113538482919 
0.20990218734064142181 0.00000000099999999972 0.38802903769519825339 0.00000000099999999972 0.40206877296416038137 
0.10508589520825599439 0.18763738767459980927 0.17390015082058682405 0.34149783438212727438 0.19187873191443019505 
0.00000000099999999972 0.00000000099999999972 0.44076903327439637126 0.00000000099999999972 0.55923096372560343603 
0.00000000099999999939 0.00000000099999999939 0.00000000099999999939 0.00000000099999999939 0.99999999600000000211 
0.00000000099999999951 0.00000000099999999951 0.00000000099999999951 0.99999999599999989108 0.00000000099999999951 
0.22334864662654987932 0.15963752265123670737 0.19170144896921334499 0.15381849888697410322 0.27149388286602604836 
0.66356354308810716613 0.08278838998402007765 0.15081952330558198727 0.10282854262229078335 0.00000000099999999994 
0.00000000099999999981 0.00000000099999999981 0.00000000099999999981 0.52130605329166967987 0.47869394370833023844 
0.00466472390281583594 0.37465644763674654794 0.17553734718891395028 0.27277403801087879431 0.17236744326064482036 
0.12359241254460355541 0.03187768838261678672 0.42469196979999468411 0.23667126298480820057 0.18316666628797675931 
0.00000000099999999979 0.21400309668429007282 0.00000000099999999979 0.78599690031570978999 0.00000000099999999979 
0.00000000099999999986 0.48251347571595554209 0.00000000099999999986 0.48032164828897649933 0.03716487399506802902 
0.45460189876542783649 0.02202344547232662833 0.30036620853470563652 0.22300844622753979163 0.00000000099999999991 
0.00000000099999999972 0.00000000099999999972 0.01427899606157119472 0.57192146232695062480 0.41379953961147830643 
0.99999999600000011313 0.00000000099999999959 0.00000000099999999959 0.00000000099999999959 0.00000000099999999959 
0.30674954149484034982 0.27813958493965024177 0.08455625693083050620 0.27283020464388063608 0.05772441199079834245 
0.00000000099999999984 0.00000000099999999984 0.00000000099999999984 0.99999999600000000211 0.00000000099999999984 
0.00000000099999999958 0.00000000099999999958 0.99999999599999989108 0.00000000099999999958 0.00000000099999999958 
0.21600153793821491588 0.10385093608375418894 0.19108063977547634638 0.26675718228005879107 0.22230970392249588263 
0.99999999600000000211 0.00000000099999999960 0.00000000099999999960 0.00000000099999999960 0.00000000099999999960 
0.00000000099999999953 0.00000000099999999953 0.99999999600000000211 0.00000000099999999953 0.00000000099999999953 
0.00000000099999999984 0.00000000099999999984 0.00000000099999999984 0.99999999600000000211 0.00000000099999999984 
0.31026893767110252931 0.04173887925860896714 0.02910342821986358283 0.39795581165816135139 0.22093294319226353117 
0.00000000099999999967 0.38377309141876669862 0.61622690558123338622 0.00000000099999999967 0.00000000099999999967 
0.00000000099999999934 0.99999999600000011313 0.00000000099999999934 0.00000000099999999934 0.00000000099999999934 
0.45921051368175586083 0.01094183235612906056 0.40833606033350483555 0.12151159262861023491 0.00000000099999999991 
0.28725645739407840162 0.00000000099999999970 0.42583979234665997327 0.00000000099999999970 0.28690374825926179270 
0.00000000099999999960 0.17778072328566257854 0.57846283061403513948 0.24375644410030236631 0.00000000099999999960 
0.00000000099999999920 0.00000000099999999920 0.99999999599999989108 0.00000000099999999920 0.00000000099999999920 
0.00000000099999999948 0.00000000099999999948 0.57493913839375965225 0.42506085860624021056 0.00000000099999999948 
0.30780630172845296899 0.04484157937964008273 0.37303926348640981114 0.27431285440549718624 0.00000000099999999994 
0.00000000099999999981 0.30229467652075892037 0.25227049456122163651 0.00000000099999999981 0.44543482691801955520 
0.40993185843814172742 0.00000000099999999974 0.00000000099999999974 0.22460298596952799066 0.36546515359233011644 
0.00000000099999999964 0.00000000099999999964 0.17183835133357766578 0.28639901679378615418 0.54176262987263634763 
0.00000000099999999965 0.29782364506369368717 0.19545930216958015690 0.50671705076672601820 0.00000000099999999965 
0.00000000099999999981 0.32184286299595815661 0.00000000099999999981 0.33450377016548565878 0.34365336483855613015 
0.00000000099999999942 0.33601257431663522635 0.00000000099999999942 0.00000000099999999942 0.66398742268336474748 
0.00000000099999999945 0.00000000099999999945 0.00000000099999999945 0.00000000099999999945 0.99999999599999989108 
0.00000000099999999978 0.99999999600000011313 0.00000000099999999978 0.00000000099999999978 0.00000000099999999978 
0.22728800780129107539 0.07924349676411991672 0.23686941300818761813 0.12021572962669727080 0.33638335279970410507 
0.42921697524331009488 0.38619151168868925961 0.00000000099999999959 0.18459151106800053554 0.00000000099999999959 
0.51111995725264613988 0.14782059796267527085 0.32889641329741253761 0.01216303048726598800 0.00000000099999999996 
0.02468975256284162631 0.37545952909859203750 0.36620117244366456877 0.02305530344545738547 0.21059424244944444093 
0.00000000099999999980 0.00000000099999999980 0.00000000099999999980 0.50841208050723651901 0.49158791649276345481 
0.03537482177774470271 0.00000000099999999973 0.00000000099999999973 0.34631572758706691273 0.61830944863518833010 
0.25899030171240317033 0.00000000099999999994 0.28491822572553193726 0.26944067922544756577 0.18665079233661718838 
0.12614456410059438074 0.35129186485592200917 0.20696961731159674303 0.26391995431974241137 0.05167399941214451120 
0.24360228460071686740 0.00000000099999999956 0.49999989762666263715 0.25639781577262038548 0.00000000099999999956 
0.36959153270976868866 0.00000000099999999967 0.00000000099999999967 0.06033548581081495804 0.57007297947941637517 
0.03955510580458372616 0.00000000099999999971 0.41441196936405838569 0.09301046665621869047 0.45302245717513928147 
0.00000000099999999981 0.30004287728924661227 0.25532108895690980299 0.00000000099999999981 0.44463603175384364130 
0.06659802460505255539 0.25851902095854750741 0.00000000099999999986 0.67488295243639984111 0.00000000099999999986 
0.00000000099999999965 0.00000000099999999965 0.00000000099999999965 0.00000000099999999965 0.99999999599999989108 
0.46275371446683272181 0.53724628253316719650 0.00000000099999999959 0.00000000099999999959 0.00000000099999999959 
0.00000000099999999981 0.30282068585974747377 0.26592055848653461947 0.00000000099999999981 0.43125875365371779679 
0.00000000099999999875 0.00000000099999999875 0.00000000099999999875 0.00000000099999999875 0.99999999600000000211 
0.00000000099999999980 0.45954480677722087112 0.00000000099999999980 0.00000000099999999980 0.54045519022277910270 
0.00000000099999999981 0.45972068841609964318 0.00000000099999999981 0.00000000099999999981 0.54027930858390016411 
0.21071107629690172258 0.14850084085850903670 0.12368992082053151260 0.22900509030029531088 0.28809307172376230621 
0.47094186865765036432 0.00000000099999999941 0.00000000099999999941 0.52905812834234944297 0.00000000099999999941 
0.00000000099999999981 0.30004537742008663415 0.25532001027218498290 0.00000000099999999981 0.44463461030772843952 
0.25856230923361150920 0.43216219553812118548 0.15557057945399127563 0.06628229397844810633 0.08742262179582793724 
0.51595073489520526522 0.03533578727038708817 0.08234573590192695303 0.08792750351015288235 0.27844023842232779042 
0.24968609124346455297 0.00000000099999999963 0.49999665172022550452 0.25031725503630997132 0.00000000099999999963 
0.00000000099999999968 0.99999999600000011313 0.00000000099999999968 0.00000000099999999968 0.00000000099999999968 
0.00000000099999999965 0.00000000099999999965 0.24940551982246558782 0.75059447717753435825 0.00000000099999999965 
0.00000000099999999996 0.34869001165431884326 0.27695593376104887806 0.01733106392027955467 0.35702298966435269678 
0.00000000099999999974 0.00000000099999999974 0.00000000099999999974 0.99999999599999989108 0.00000000099999999974 
0.00000000099999999988 0.33782918733024086544 0.16950533912771106881 0.00000000099999999988 0.49266547154204826109 
0.00000000099999999943 0.00000000099999999943 0.39498782948044219854 0.31316428471490459495 0.29184788380465315205 
0.00000000099999999962 0.31698603031766919846 0.00000000099999999962 0.49630393536928713027 0.18671003231304375558 
0.00000000099999999959 0.00000000099999999959 0.00000000099999999959 0.00000000099999999959 0.99999999599999989108 
0.00000000099999999970 0.44720595090598680432 0.00000000099999999970 0.04815763721989434892 0.50463640987411884087 
0.00000000099999999964 0.00000000099999999964 0.99999999599999989108 0.00000000099999999964 0.00000000099999999964 
0.00000000099999999950 0.00000000099999999950 0.00000000099999999950 0.00000000099999999950 0.99999999599999989108 
0.00000000099999999996 0.23241354301457353704 0.29256213049492113543 0.00000000099999999996 0.47502432449050524532 
0.35199988057586972801 0.08519822646983442327 0.13940619505137985534 0.22247577818854247234 0.20091991971437347941 
0.00000000099999999966 0.00000000099999999966 0.99999999600000000211 0.00000000099999999966 0.00000000099999999966 
0.20746653507406756511 0.00000000099999999997 0.34447994268595055756 0.03765669292467313523 0.41039682831530865936 
0.00000000099999999977 0.25089494182024313362 0.19058984473212139954 0.00000000099999999977 0.55851521144763538462 
0.01206166686624233868 0.18292296114930878259 0.14790953717788579702 0.65710583380656317765 0.00000000099999999974 
0.00000000099999999934 0.50040622745082508072 0.00000000099999999934 0.49959376954917500413 0.00000000099999999934 
0.05896716057060025912 0.30568416681366095133 0.04579001920188190133 0.35436632784610760938 0.23519232556774921639 
0.70203955617534596900 0.03772397337584561944 0.16245400094685910619 0.09778246850194920181 0.00000000099999999991 
0.00000000099999999967 0.00000000099999999967 0.00000000099999999967 0.99999999599999989108 0.00000000099999999967 
0.15871911948289721406 0.29165447574720471113 0.01979485752119511388 0.23633399097136867373 0.29349755627733437047 
0.00000000099999999986 0.47981562750331757661 0.00000000099999999986 0.11188122376300300986 0.40830314673367928968 
0.01286315330229696741 0.26876797466175511575 0.00000000099999999988 0.34959109029518797840 0.36877778074075978632 
0.07017486585133837773 0.48008909319685144634 0.26867802243719612898 0.15197508197320144796 0.02908293654141273776 
0.14826312706499433780 0.37874829935005055459 0.00000000099999999977 0.00000000099999999977 0.47298857158495510866 
0.07703624871599537571 0.00684085588472058310 0.17846509939162630287 0.42169328108252912557 0.31596451492512855896 
0.36183364790329908267 0.00000000099999999963 0.00000000099999999963 0.63816634909670089115 0.00000000099999999963 
0.56097982379712363343 0.00000000099999999969 0.00000000099999999969 0.43902017320287622937 0.00000000099999999969 
0.00000000099999999978 0.37341757766006905550 0.62658241933993097383 0.00000000099999999978 0.00000000099999999978 
0.00000000099999999970 0.00000000099999999970 0.00000000099999999970 0.33552957206452638239 0.66447042493547348041 
0.46817788124242332159 0.00000000099999999956 0.00000000099999999956 0.53182211575757665223 0.00000000099999999956 
0.04404351979559866653 0.13501351102721165232 0.45802907234413020587 0.00000000099999999996 0.36291389583305955213 
0.10679871472556881629 0.00000000100000000000 0.34446767672465544718 0.19584340558316454262 0.35289020196661108342 
0.20155399966591577843 0.00000000099999999980 0.00000000099999999980 0.35446977194153600488 0.44397622639254818999 
0.00000000099999999973 0.00000000099999999973 0.00000000099999999973 0.43759770784844131963 0.56240228915155876521 
0.50063523894897221655 0.00000000099999999970 0.16823812708900240387 0.33112663196202524185 0.00000000099999999970 
0.37833927693623592425 0.02356754560962151523 0.11593364748201015479 0.17472166883613401978 0.30743786113599846921 
0.29279625536128511820 0.00000000099999999979 0.62880349838123261730 0.07840024425748233494 0.00000000099999999979 
0.22979070864825143494 0.17067582349741783343 0.00000000099999999999 0.40869220608730943978 0.19084126076702137564 
0.03365058745474738128 0.03166094230925838027 0.26551444851627892252 0.34468988181216209110 0.32448413990755331504 
0.46727413139971790690 0.00000000099999999986 0.41636377663554002826 0.00000000099999999986 0.11636208996474210753 
0.43768207959972943444 0.00000000099999999990 0.00000000099999999990 0.56231791740027048387 0.00000000099999999990 
0.00000000099999999986 0.42404985308319520509 0.57595014391680487975 0.00000000099999999986 0.00000000099999999986 
0.00000000099999999983 0.00000000099999999983 0.34399997095414414083 0.37847404782942389856 0.27752597921643190615 
0.38457758218712811971 0.00000000099999999977 0.00000000099999999977 0.32550552193047410654 0.28991689388239771930 
0.27679524909272656963 0.00000000099999999965 0.29795488780515899663 0.42524986110211432377 0.00000000099999999965 
0.20083617540592876849 0.00000000099999999968 0.35998171828050729015 0.00000000099999999968 0.43918210431356408119 
0.34662455035574779583 0.00000000099999999971 0.30687130692780573149 0.00000000099999999971 0.34650414071644647374 
0.60954337792816748465 0.13305636765479705863 0.00000000099999999975 0.25740025241703534675 0.00000000099999999975 
0.31610735045694438039 0.00000000099999999973 0.00000000099999999973 0.25327880320963852556 0.43061384433341715061 
0.03906383187677829605 0.28977416658665700044 0.20333708040853129551 0.35506153107812665759 0.11276339004990687531 
0.00000000099999999969 0.00000000099999999969 0.00000000099999999969 0.99999999599999989108 0.00000000099999999969 
0.34274937454097154088 0.00000000099999999971 0.23485116539956449322 0.00000000099999999971 0.42239945805946393920 
0.36400411528393589178 0.00000000099999999951 0.00000000099999999951 0.31669502016924744314 0.31930086254681655511 
0.51075312310629483736 0.00000000099999999956 0.00000000099999999956 0.00000000099999999956 0.48924687389370535850 
0.00000000099999999948 0.35018531927224827438 0.64981467772775169944 0.00000000099999999948 0.00000000099999999948 
0.15008179131314239307 0.00000000099999999962 0.31151987381449958159 0.53839833287235794312 0.00000000099999999962 
0.31773354871215264694 0.00000000099999999980 0.27005601348017432839 0.00000000099999999980 0.41221043580767313674 
0.00000000099999999949 0.00000000099999999949 0.34128030824452620928 0.36855248059684081463 0.29016720915863286612 
0.17736138013157443094 0.07073669604525147092 0.32192274781941476736 0.15502846535871628308 0.27495071064504306158 
0.59299672074726028637 0.08439244621513547484 0.31623980503190041169 0.00637102700570370273 0.00000000099999999994 
0.22497169014658874309 0.00000000099999999952 0.00000000099999999952 0.50872119641135205015 0.26630711144205920782 
0.00000000099999999951 0.00000000099999999951 0.14171702273953704077 0.76764269278251462403 0.09064028247794837789 
0.00000000099999999969 0.54163102371033411409 0.00000000099999999969 0.00000000099999999969 0.45836897328966608178 
0.29219162740249443599 0.23924051128285850343 0.28786736882737440357 0.15398465834295579913 0.02671583414431676420 
0.00000000099999999971 0.25109585125194611166 0.48414351999578714159 0.00000000099999999971 0.26476062675226691434 
0.00000000099999999908 0.00000000099999999908 0.00000000099999999908 0.00000000099999999908 0.99999999600000000211 
0.18800289559765448466 0.00000000099999999966 0.00000000099999999966 0.81199710140234548916 0.00000000099999999966 
0.00000000099999999958 0.00000000099999999958 0.00000000099999999958 0.99999999600000000211 0.00000000099999999958 
0.28169497020460076975 0.23972555319990226930 0.20541833370940476566 0.04269623361231217329 0.23046490927378010527 
0.50000001831217788517 0.49999997868782214416 0.00000000099999999963 0.00000000099999999963 0.00000000099999999963 
0.00000000099999999975 0.26497140472521824028 0.00000000099999999975 0.23347678168429450429 0.50155181159048733974 
0.99999999600000011313 0.00000000099999999976 0.00000000099999999976 0.00000000099999999976 0.00000000099999999976 
0.00000000099999999947 0.00000000099999999947 0.00000000099999999947 0.99999999600000000211 0.00000000099999999947 
0.23431853651166617558 0.11798695310934451119 0.23886085635691861606 0.21556829793770634907 0.19326535608436420932 
0.63340460108756257984 0.05004784253721641235 0.18847136300455097357 0.12807619237066986129 0.00000000099999999994 
0.00000000099999999998 0.33142552213990261745 0.13721982539200280882 0.00000000099999999998 0.53135465046809460254 
0.00000000099999999976 0.00000000099999999976 0.00000000099999999976 0.99999999599999989108 0.00000000099999999976 
0.00000000099999999916 0.00000000099999999916 0.00000000099999999916 0.00000000099999999916 0.99999999599999989108 
0.00000000099999999956 0.00000000099999999956 0.00000000099999999956 0.99999999600000000211 0.00000000099999999956 
0.63601855613945412760 0.00126423836745777102 0.30161615992839413414 0.06110104456469381273 0.00000000099999999989 
0.00000000099999999946 0.00000000099999999946 0.28768382945052006772 0.00000000099999999946 0.71231616754947990611 
0.00000000099999999958 0.00000000099999999958 0.99999999599999989108 0.00000000099999999958 0.00000000099999999958 
0.00000000099999999946 0.74663085846904253540 0.25336913853095760496 0.00000000099999999946 0.00000000099999999946 
0.00000000099999999983 0.49883206806118768339 0.00000000099999999983 0.30756856130772824987 0.19359936863108392902 
0.00000000099999999979 0.00000000099999999979 0.00000000099999999979 0.99999999600000000211 0.00000000099999999979 
0.00000000099999999978 0.00000000099999999978 0.00000000099999999978 0.10179529434024255086 0.89820470265975738133 
0.00000000099999999967 0.49602849165426116107 0.50397150534573886826 0.00000000099999999967 0.00000000099999999967 
0.00000000099999999965 0.41156545669115757180 0.00000000099999999965 0.00000000099999999965 0.58843454030884234651 
0.00000000099999999972 0.00000000099999999972 0.00000000099999999972 0.00000000099999999972 0.99999999600000000211 
0.62288427323102124600 0.00000000099999999955 0.00000000099999999955 0.37711572376897872783 0.00000000099999999955 
0.00000000099999999977 0.00000000099999999977 0.00000000099999999977 0.99999999600000000211 0.00000000099999999977 
0.00000000099999999965 0.00000000099999999965 0.00000000099999999965 0.00000000099999999965 0.99999999599999989108 
0.23316532305057341423 0.30494079037980859059 0.07747650350688532750 0.03981791991859427726 0.34459946314413830715 
0.00000000099999999965 0.00000000099999999965 0.00000000099999999965 0.00000000099999999965 0.99999999599999989108 
0.12716997028005097570 0.00000000099999999984 0.00000000099999999984 0.51799196939500868897 0.35483805832494041965 
0.01674376198711346672 0.12632932119856429831 0.07916067562533848911 0.77776624018898365964 0.00000000099999999994 
0.29266060734995202886 0.00000000099999999974 0.25408929825466702868 0.45325009239538088801 0.00000000099999999974 
0.00000000099999999973 0.00000000099999999973 0.59770943868565640233 0.09198750669643415701 0.31030305261790935845 
0.50367531651836572326 0.00000000099999999968 0.49632468048163436158 0.00000000099999999968 0.00000000099999999968 
0.27128575142664779207 0.00000000099999999982 0.17529299578187576558 0.55342125079147641564 0.00000000099999999982 
0.00000000099999999920 0.00000000099999999920 0.28065297976882991327 0.00000000099999999920 0.71934701723117000505 
0.00000000099999999972 0.00000000099999999972 0.41816371472395813536 0.58183628227604189398 0.00000000099999999972 
0.11475371163654389528 0.29644401025042071973 0.20057094604061559417 0.08318928020471505480 0.30504205186770472213 
0.00000000099999999943 0.36340942215015953343 0.00000000099999999943 0.00000000099999999943 0.63659057484984027386 
0.00000000099999999980 0.00000000099999999980 0.73748851476696442031 0.26251148223303560902 0.00000000099999999980 
0.00000000099999999885 0.00000000099999999885 0.99999999599999989108 0.00000000099999999885 0.00000000099999999885 
0.00000000099999999970 0.00000000099999999970 0.00000000099999999970 0.00000000099999999970 0.99999999599999989108 
0.00000000099999999942 0.41292653828068226485 0.00000000099999999942 0.00000000099999999942 0.58707345871931770898 
0.09225905474670319240 0.13975124278790648780 0.33103542211361480785 0.07928114757543634761 0.35767313277633910884 
0.00000000099999999970 0.00000000099999999970 0.00000000099999999970 0.99999999600000000211 0.00000000099999999970 
0.00000000099999999965 0.00000000099999999965 0.00000000099999999965 0.00000000099999999965 0.99999999599999989108 
0.00000000099999999917 0.00000000099999999917 0.44468829339850651783 0.00000000099999999917 0.55531170360149340048 
0.00000000099999999967 0.26360631912139387278 0.42776135606932019773 0.00000000099999999967 0.30863232280928581952 
0.22735025532293839934 0.00000000099999999977 0.00000000099999999977 0.12083407008712482300 0.65181567258993677871 
0.00000000099999999944 0.29304050393993585910 0.70695949306006422574 0.00000000099999999944 0.00000000099999999944 
0.14130507589318316852 0.00000000099999999981 0.00000000099999999981 0.00000001304589495945 0.85869490906092182936 
0.00000000099999999977 0.40692916268248452427 0.59307083431751561609 0.00000000099999999977 0.00000000099999999977 
0.43452460138220166952 0.27335183019402731208 0.00000000099999999970 0.29212356642377101945 0.00000000099999999970 
0.26929749379355411021 0.18486409745204149258 0.10441093698388750899 0.33379146685686000851 0.10763600491365699074 
0.00000000099999999952 0.00000000099999999952 0.99999999600000000211 0.00000000099999999952 0.00000000099999999952 
0.00000000099999999942 0.99999999600000011313 0.00000000099999999942 0.00000000099999999942 0.00000000099999999942 
0.16360358069588817886 0.00000000099999999992 0.00000000099999999992 0.28027164970353418694 0.55612476760057771852 
0.00000000099999999941 0.00000000099999999941 0.99999999600000000211 0.00000000099999999941 0.00000000099999999941 
0.00000000099999999966 0.33334268196410410390 0.00000000099999999966 0.66665731503589586993 0.00000000099999999966 
0.00000000099999999975 0.00000000099999999975 0.00000000099999999975 0.99999999600000000211 0.00000000099999999975 
0.00000000099999999958 0.00000000099999999958 0.58206097142827706303 0.07963006980703189741 0.33830895676469102673 
0.00000000099999999962 0.00000000099999999962 0.42373649983273031783 0.00000000099999999962 0.57626349716726976702 
0.00000000099999999976 0.00000000099999999976 0.00000000099999999976 0.99999999599999989108 0.00000000099999999976 
0.00000000099999999984 0.00000000099999999984 0.00000000099999999984 0.99999999600000000211 0.00000000099999999984 
0.11528869319622353506 0.07977162809695524659 0.32940589163938766015 0.28471466627587183051 0.19081912079156179707 
0.00000000099999999972 0.00000000099999999972 0.00000000099999999972 0.18558202907388357539 0.81441796792611642619 
