0.16425981547263876492 0.01193734593246711072 0.17373966606362636900 0.06483512241934326348 0.09532111297301591735 0.00567974771071936332 0.10478415602276421048 0.10279118648403239022 0.05341685528846416148 0.05924224248153991956 0.16399274915138856157 
0.00000000099999999910 0.00000000099999999910 0.00000000099999999910 0.00000000099999999910 0.03761822573248328749 0.00000000099999999910 0.70274907922193974308 0.25963268703892139477 0.00000000100665568832 0.00000000099999999910 0.00000000099999999910 
0.00000000099999999873 0.00000000099999999873 0.27904985160921369491 0.00000000099999999873 0.41567178099516777223 0.30527835939561848155 0.00000000099999999873 0.00000000099999999873 0.00000000099999999873 0.00000000099999999873 0.00000000099999999873 
0.09539282273518247257 0.00332945799310129398 0.11812721723094540827 0.09985189810925602927 0.08559375448701390943 0.02322151135443666428 0.14178858193465995741 0.13210385281693248771 0.15196948871954002458 0.12344981560080010852 0.02517159901813170036 
0.00000000099999999898 0.00000000099999999898 0.18008695878442351757 0.00000000099999999898 0.29870624767038844727 0.45367059769754852772 0.00000000099999999898 0.00000000099999999898 0.00000000099999999898 0.02071312923416706100 0.04682306061347268900 
0.00000000099999999942 0.27185979174093721777 0.72814019925906303676 0.00000000099999999942 0.00000000099999999942 0.00000000099999999942 0.00000000099999999942 0.00000000099999999942 0.00000000099999999942 0.00000000099999999942 0.00000000099999999942 
0.05530975075508670624 0.00000000099999999889 0.00000000099999999889 0.28194578740274711670 0.00000120687393764713 0.00000000099999999889 0.16000228050924975021 0.37560801004084121146 0.00000000099999999889 0.00000000099999999889 0.12713295941813759771 
0.00000000099999999953 0.00000000099999999953 0.00000000099999999953 0.54431639396631736894 0.00000000099999999953 0.12702684231307848073 0.01373521349042305766 0.00000000099999999953 0.05749208005428397411 0.25742946417589707142 0.00000000099999999953 
0.16648331450986950109 0.04670534661147006383 0.04535606107809277837 0.12354046402837771945 0.19189023128938692553 0.06886644957489035379 0.12980955183937353814 0.04627689849934034372 0.09616156344303390668 0.07074098798020693468 0.01416913114595800931 
0.00000000099999999967 0.00000000099999999967 0.00000000099999999967 0.28193563339295246717 0.00000000099999999967 0.04489016422663319461 0.00113607389207058952 0.00000000099999999967 0.21685594470537017386 0.45518217778297342946 0.00000000099999999967 
0.06686840814499338259 0.05905930658364599850 0.13080840281819547388 0.10662390299854390685 0.06300066053179824432 0.04360124168031969533 0.14466904331281130180 0.10588806762813006423 0.01824893522807594093 0.11860610281297484514 0.14262592826051104233 
0.00000000099999999967 0.00000000099999999967 0.00000000099999999967 0.49749354077011564979 0.00000000099999999967 0.05525510671586408851 0.11080351059127721558 0.00000000099999999967 0.06744313981471644626 0.26900469610802657527 0.00000000099999999967 
0.00000000099999999888 0.00000000099999999888 0.00000000099999999888 0.36960933752147223652 0.00000000099999999888 0.23792236052136872537 0.15658300898964480630 0.23588528596751398569 0.00000000099999999888 0.00000000099999999888 0.00000000099999999888 
0.09583571159847203980 0.00000000099999999886 0.00000000099999999886 0.00000000099999999886 0.67841867623309559665 0.00000000099999999886 0.00000000099999999886 0.00000000099999999886 0.00000000099999999886 0.22574560416843236776 0.00000000099999999886 
0.00000000099999999928 0.00000000099999999928 0.17882427591230587449 0.00000000099999999928 0.00000000099999999928 0.29579424513089858095 0.00000000099999999928 0.00000000099999999928 0.18623705070385571103 0.00000000099999999928 0.33914442125293975394 
0.00000000099999999954 0.00000000099999999954 0.00000000099999999954 0.39600710912690395560 0.00000000099999999954 0.33978650100081869700 0.01335528651171671161 0.00000000099999999954 0.06812189635038289059 0.18272920101017769978 0.00000000099999999954 
0.00000000099999999824 0.00000000099999999824 0.00000000099999999824 0.00000000099999999824 0.00000000099999999824 0.00000000099999999824 0.99999998999999994975 0.00000000099999999824 0.00000000099999999824 0.00000000099999999824 0.00000000099999999824 
0.00000000099999999942 0.00000000099999999942 0.26955571452652876685 0.03444644353384627294 0.29672729936121244876 0.00000000099999999942 0.00000000099999999942 0.21415196781777795509 0.00000000099999999942 0.00000000099999999942 0.18511856876063459421 
0.00000000099999999821 0.00000000099999999821 0.00000000099999999821 0.00000000099999999821 0.00000000099999999821 0.00000000099999999821 0.00000000099999999821 0.99999998999999994975 0.00000000099999999821 0.00000000099999999821 0.00000000099999999821 
0.23913998545598427747 0.00024594521942224043 0.26831881764680093339 0.31187157363090017848 0.09122960588430033269 0.00000000099999999911 0.08919406716259216383 0.00000000099999999911 0.00000000099999999911 0.00000000099999999911 0.00000000099999999911 
0.00000000099999999899 0.00000000099999999899 0.00000000099999999899 0.25995922228530315978 0.00000000099999999899 0.00000000099999999899 0.15458141766573132991 0.00000000099999999899 0.00000000099999999899 0.00000000099999999899 0.58545935204896526471 
0.17878561325424885409 0.00000000099999999971 0.00000000099999999971 0.10292988346894800522 0.00000000099999999971 0.00000000099999999971 0.21209177143482985106 0.02788876407493244211 0.13670209321484899645 0.00000000099999999971 0.34160186955219173921 
0.00000000099999999838 0.00000000099999999838 0.00000000099999999838 0.24976019762916984446 0.00000000099999999838 0.00000000099999999838 0.16300286899074120650 0.00000000099999999838 0.00000000099999999838 0.00000000099999999838 0.58723692538008898101 
0.00000000099999999925 0.00000000099999999925 0.00143970776042791327 0.28996297185990560497 0.11348077222850043444 0.00000000099999999925 0.06062930997960144092 0.30400027791122302689 0.00000000099999999925 0.00000000099999999925 0.23048695526034165826 
0.00000000099999999857 0.00000000099999999857 0.00000000099999999857 0.00000000099999999857 0.00000000099999999857 0.23673754750631326171 0.32112430926329799119 0.23676972873912172091 0.00000000099999999857 0.00000000099999999857 0.20536840749126694661 
0.00000000099999999942 0.00000000099999999942 0.00000000099999999942 0.00485524759666993832 0.49504295494720895743 0.00504407945514306292 0.00000000381124322277 0.48869689647885367068 0.00000000099999999942 0.00024120149449189114 0.00611961221638924677 
0.00000000099999999880 0.00000000099999999880 0.00000000099999999880 0.00000000099999999880 0.70710688181968106569 0.00000000099999999880 0.29289310918031880027 0.00000000099999999880 0.00000000099999999880 0.00000000099999999880 0.00000000099999999880 
0.06637280290316627251 0.03958604897148469692 0.13250332592582814151 0.17127933370724041096 0.07898382402288335602 0.17437805960853297593 0.03558230211142270061 0.09307821150908145158 0.09003180016194969881 0.11381652609803621923 0.00438776498037414444 
0.03081742966425970662 0.01461071220468969714 0.11570691975461334933 0.03935053345061900049 0.27803249073026636840 0.09076007848212444551 0.19264669229455871902 0.11084799461156411016 0.01274458441344829447 0.07546704006984344959 0.03901552432401293041 
0.00000000099999999914 0.00000000099999999914 0.00000000099999999914 0.00000000099999999914 0.00000000099999999914 0.00000000099999999914 0.99999998999999994975 0.00000000099999999914 0.00000000099999999914 0.00000000099999999914 0.00000000099999999914 
0.03966594242010840904 0.16613867943569507468 0.15583377815741883410 0.01763585994939334892 0.02828328073948934915 0.06595882223128075872 0.09276756362329641181 0.12326338217615703807 0.06962042021975199668 0.10959222483496039446 0.13124004621244836355 
0.19162145718016987406 0.18914710540875365186 0.16664500439642679352 0.02134459389776022231 0.09913875394343482639 0.01219384259821599745 0.03138505738697389136 0.15859334557620063944 0.04293112949474271051 0.07304341715669578072 0.01395629296062549270 
0.00000000099999999875 0.00000000099999999875 0.00000000099999999875 0.00000000099999999875 0.00000000099999999875 0.00000000099999999875 0.99999998999999983873 0.00000000099999999875 0.00000000099999999875 0.00000000099999999875 0.00000000099999999875 
0.00000000099999999970 0.21390153786995011465 0.28610604476096612725 0.04845784812515293444 0.00000000099999999970 0.11444658931211385000 0.18401917298567019299 0.00000000099999999970 0.00320528653700363417 0.14986351640914327699 0.00000000099999999970 
0.00000000099999999907 0.00000000099999999907 0.16242994306007796368 0.00000000099999999907 0.37310291993723143644 0.00000000099999999907 0.31114730428065912049 0.00000000099999999907 0.00000062431522801315 0.00000000099999999907 0.15331920240680349532 
0.00000000099999999842 0.00000000099999999842 0.00000000099999999842 0.70703870135272162134 0.00000000099999999842 0.00000000099999999842 0.14014774584657302414 0.00000000099999999842 0.00000000099999999842 0.00000000099999999842 0.15281354480070535873 
0.00000000099999999933 0.00000000099999999933 0.00000000099999999933 0.03828403594279319172 0.00000000099999999933 0.00000000099999999933 0.16865719895311778731 0.00000000099999999933 0.79305875710408912926 0.00000000099999999933 0.00000000099999999933 
0.00000000099999999935 0.00000000099999999935 0.00000000099999999935 0.00000000099999999935 0.00000000099999999935 0.03802432611160304343 0.00000000099999999935 0.83160089661218172807 0.00000000099999999935 0.00000000099999999935 0.13037476927621532985 
0.00000000099999999909 0.00000000099999999909 0.00000000099999999909 0.35458512685111098772 0.00000000099999999909 0.00000000099999999909 0.03807562382569099069 0.00000000099999999909 0.00000000099999999909 0.60733924132319783151 0.00000000099999999909 
0.00000000099999999858 0.00000000099999999858 0.00000000099999999858 0.00000000099999999858 0.99999999000000006077 0.00000000099999999858 0.00000000099999999858 0.00000000099999999858 0.00000000099999999858 0.00000000099999999858 0.00000000099999999858 
0.12286274922608365900 0.12457720574974313898 0.01394109981789437569 0.02270502781458492991 0.10701743734447423384 0.10589224927145640676 0.16865545341591567374 0.06019039893697592652 0.16583162244435001309 0.05668974951082563635 0.05163700646769586733 
0.00000000099999999887 0.00000000099999999887 0.00000000099999999887 0.00000000099999999887 0.00000000099999999887 0.03226626842354663599 0.00000000099999999887 0.00000000099999999887 0.00000000099999999887 0.96773372257645329242 0.00000000099999999887 
0.00000000099999999946 0.00000000099999999946 0.00000000099999999946 0.65693141680122069115 0.34306857419877950788 0.00000000099999999946 0.00000000099999999946 0.00000000099999999946 0.00000000099999999946 0.00000000099999999946 0.00000000099999999946 
0.63080421554487009494 0.00000000099999999963 0.00750253725064834419 0.00000000099999999963 0.00000000099999999963 0.00000000099999999963 0.20146318827964462828 0.00000000099999999963 0.00000000100011696431 0.16023005192471989622 0.00000000099999999963 
0.00000000099999999882 0.00000000099999999882 0.00000000099999999882 0.27295216239569625172 0.22738459594038754052 0.00000000099999999882 0.00000000099999999882 0.00000000099999999882 0.00000000099999999882 0.49966323366391612870 0.00000000099999999882 
0.08069294792127616744 0.09387964261931103227 0.05885883049196254796 0.11788922170553363389 0.13433003774763749294 0.13581619080217319229 0.10342043672806815191 0.13136001195438337663 0.03473406297433036943 0.09944630583503907828 0.00957231122028495696 
0.00000000099999999983 0.00000000099999999983 0.00000000099999999983 0.05086149973046674710 0.02070790996231719125 0.06469063832462218500 0.14913770414272708997 0.47792151431026630437 0.07347827771351693460 0.16320245181608347695 0.00000000099999999983 
0.00000000099999999858 0.00000000099999999858 0.00000000099999999858 0.00000000099999999858 0.42467942380745771214 0.27831124692577685620 0.00000000099999999858 0.22220678236652560700 0.00000000099999999858 0.07480253990023984223 0.00000000099999999858 
0.00000000099999999947 0.00013676542631947390 0.47424752481157111950 0.00000000099999999947 0.35149211774089966775 0.10566212984021512711 0.00000000099999999947 0.00000000099999999947 0.00000000099999999947 0.06846145618099458430 0.00000000099999999947 
0.00000000099999999962 0.00000000099999999962 0.00000000099999999962 0.19492777787252477117 0.00000000099999999962 0.08640656823511801143 0.34309326042218818431 0.00000000099999999962 0.09000770482031485165 0.28556468264985407357 0.00000000099999999962 
0.00000000099999999940 0.00000000099999999940 0.00000000099999999940 0.05893546066367827407 0.31906941673782057700 0.00000000100442292638 0.00000000099999999940 0.12272618349216650457 0.00000000099999999940 0.12245048789941477552 0.37681844520249707653 
0.00000000099999999800 0.00000000099999999800 0.00000000099999999800 0.00000000099999999800 0.00000000099999999800 0.99999998999999994975 0.00000000099999999800 0.00000000099999999800 0.00000000099999999800 0.00000000099999999800 0.00000000099999999800 
0.08710613210830422948 0.01096121276095997528 0.09352442507975385066 0.14920744228458010516 0.00735143290224563213 0.04305846219609683889 0.03291342547286149611 0.13333662638764101627 0.18285103650425349464 0.19369597524279583145 0.06599382906050764441 
0.00000000099999999853 0.00000000099999999853 0.00000000099999999853 0.01801011963184567799 0.25535545972224926725 0.00000000099999999853 0.22928169297797179604 0.11339246336723013409 0.00000000099999999853 0.00000000099999999853 0.38396025830070307228 
0.00000000099999999962 0.00000000099999999962 0.00000000099999999962 0.47232378378673012254 0.00000000099999999962 0.02585692943564450383 0.36246767878143587582 0.00000000099999999962 0.06599099993458486246 0.07336060206160456565 0.00000000099999999962 
0.00000000099999999857 0.00000000099999999857 0.00000000099999999857 0.00000000099999999857 0.00000000099999999857 0.00000000099999999857 0.00000000099999999857 0.99999998999999983873 0.00000000099999999857 0.00000000099999999857 0.00000000099999999857 
0.00000000099999999836 0.00000000099999999836 0.00000000099999999836 0.00000000099999999836 0.99999998999999994975 0.00000000099999999836 0.00000000099999999836 0.00000000099999999836 0.00000000099999999836 0.00000000099999999836 0.00000000099999999836 
0.09400904077614455345 0.02065326017227555808 0.07509038976279758248 0.10190291420187089222 0.12620900013035241116 0.05982980420518396042 0.13932345712178401120 0.14034091896501771357 0.05142374023549108053 0.08933381587504704568 0.10188365855403505589 
0.00000000099999999827 0.00000000099999999827 0.00000000099999999827 0.35913716879809742810 0.49715181790148854635 0.00000000099999999827 0.14371100530041391874 0.00000000099999999827 0.00000000099999999827 0.00000000099999999827 0.00000000099999999827 
0.12456063094105476741 0.08406152164864941212 0.07337860338389583237 0.07895718086768446775 0.10539118268690439439 0.08483995923241872961 0.12554418611260836913 0.13025792935477742418 0.09902390171530398022 0.07814309950821973771 0.01584180454848290939 
0.79650301557135783082 0.00000000099999999953 0.00413303835994471239 0.00000000099999999953 0.00000000099999999953 0.00000000099999999953 0.04821509238984350576 0.00000000099999999953 0.00000000100014390073 0.15114884667871034130 0.00000000099999999953 
0.00000000099999999959 0.99999999000000017180 0.00000000099999999959 0.00000000099999999959 0.00000000099999999959 0.00000000099999999959 0.00000000099999999959 0.00000000099999999959 0.00000000099999999959 0.00000000099999999959 0.00000000099999999959 
0.14850971428116757633 0.08338152598055047215 0.08568191652833839767 0.08075144927575521325 0.07255573343842590395 0.08144917540340772255 0.03283208013403146608 0.18185346985331349301 0.10360690128266095145 0.08086223379506279896 0.04851580002728615726 
0.00000000099999999970 0.00000000099999999970 0.00000000099999999970 0.27784314209829075182 0.00000000099999999970 0.15715992575971354794 0.06939517861815103217 0.00000000099999999970 0.21995468261710923730 0.27564706490673546169 0.00000000099999999970 
0.00919104597661304923 0.17658155903377334428 0.12519553330121163670 0.04192157212693330137 0.16009287942009908789 0.13309908206842882561 0.09284837010435915972 0.13005938333517330641 0.06457576652821032936 0.05076117914456199087 0.01567362896063596855 
0.00000000099999999864 0.00000000099999999864 0.00000000099999999864 0.00000000099999999864 0.03926582063416853702 0.70177137051668003753 0.00000000099999999864 0.25896280084915129782 0.00000000099999999864 0.00000000099999999864 0.00000000099999999864 
0.03663101963721687726 0.14415436667343192734 0.09338759555552496316 0.10089639914215341177 0.16784067067591135203 0.17887965819222709229 0.03850050151892432659 0.04911694289923265733 0.12165665318426356623 0.04660925577609522502 0.02232693674501860445 
0.00000000099999999928 0.00000000099999999928 0.49916715579163550842 0.49946270935626030374 0.00000000099999999928 0.00094844678930560030 0.00000000099999999928 0.00000000099999999928 0.00000000099999999928 0.00042168106279870561 0.00000000099999999928 
0.00000000099999999856 0.00000000099999999856 0.99999999000000006077 0.00000000099999999856 0.00000000099999999856 0.00000000099999999856 0.00000000099999999856 0.00000000099999999856 0.00000000099999999856 0.00000000099999999856 0.00000000099999999856 
0.00000000099999999888 0.00000000099999999888 0.00000000099999999888 0.00000000099999999888 0.00000000099999999888 0.00000000099999999888 0.99999998999972516955 0.00000000099999999888 0.00000000100027469913 0.00000000099999999888 0.00000000099999999888 
0.03799548304478445049 0.09900667748147469471 0.11073440383780391860 0.11150298282096919589 0.13075722482285973003 0.13201477125151206415 0.05543904564266879942 0.13049567400639383585 0.10821716115963309068 0.06455417208887972991 0.01928240384302063251 
0.09651868187898657303 0.00000000099999999971 0.00000000099999999971 0.17525637154256543115 0.00000000099999999971 0.00000000099999999971 0.30465946246367758832 0.01941655714281391443 0.17237349417619432512 0.00000000099999999971 0.23177542779576212895 
0.44859629694823105472 0.00000000099999999963 0.04767589702503031296 0.00000000099999999963 0.00000000099999999963 0.00000000099999999963 0.03855201257614899318 0.00000000099999999963 0.00000000100005906888 0.46517578645053059283 0.00000000099999999963 
0.11448624660239475892 0.01792745576238026842 0.06704090964527258112 0.10621642288646514218 0.07401503806850127931 0.05723421792954077464 0.07387059997133837985 0.13932437732934824237 0.07674219105767568494 0.13865077322014604522 0.13449176752693692283 
0.12996664120807055465 0.08151822736888715559 0.02406965386485063196 0.00664506986405588151 0.04007065063944643957 0.13986264394475036998 0.09629805798337147393 0.17356063642393804169 0.04746962335479083112 0.18271916634552343162 0.07781962900231537139 
0.00000000099999999902 0.00000000099999999902 0.00000000099999999902 0.00000000099999999902 0.00000000099999999902 0.00000000099999999902 0.19865702022921072345 0.00000000099999999902 0.00000000099999999902 0.00000000099999999902 0.80134297077078930904 
0.00000000099999999972 0.18530210491049833865 0.31469484455177187954 0.07701758640697339842 0.00000000099999999972 0.18386510303540226641 0.03687522483116837529 0.00000000099999999972 0.04367023554051561313 0.15857489672367011679 0.00000000099999999972 
0.12081198073483344346 0.00000000099999999956 0.00000000099999999956 0.17426363793659216395 0.00000000099999999956 0.00000000099999999956 0.25921580732148641335 0.00253054923371214251 0.00657427275603104412 0.00000000099999999956 0.43660374701734477876 
0.32198552013429382335 0.00000000099999999909 0.44031070386543003092 0.11885293663851073664 0.00000000099999999909 0.00000000099999999909 0.11885083236176555155 0.00000000099999999909 0.00000000099999999909 0.00000000099999999909 0.00000000099999999909 
0.00000000099999999894 0.00000000099999999894 0.00000000099999999894 0.00000000099999999894 0.99999999000000006077 0.00000000099999999894 0.00000000099999999894 0.00000000099999999894 0.00000000099999999894 0.00000000099999999894 0.00000000099999999894 
0.18457458611528013148 0.10939547656106420048 0.16719056115513167282 0.11191188857604549012 0.03633347830408624468 0.03079087183030486397 0.11498986758551318910 0.14741017853711185781 0.01086396233675927629 0.00726081428269007446 0.07927831471601301527 
0.49081306285682085866 0.00000000099999999969 0.00179878329785361306 0.00000000099999999969 0.00000000099999999969 0.00000000099999999969 0.48156921763019833183 0.00000000099999999969 0.00000000100011775673 0.02581892921500937577 0.00000000099999999969 
0.00000000099999999918 0.00000000099999999918 0.00000000099999999918 0.00000000099999999918 0.00000000099999999918 0.03249477034291781835 0.00000000099999999918 0.88639617666722647638 0.00000000099999999918 0.00000000099999999918 0.08110904498985579969 
0.02414564359441032093 0.17647123623123719960 0.08396695183305036281 0.05418866969099259828 0.09868401348177888166 0.03781261863763437509 0.06478876912475961536 0.10576847787158827341 0.11516542904075290077 0.18098798634286952791 0.05802020415092595806 
0.00000000099999999897 0.00000000099999999897 0.00000000099999999897 0.00000000099999999897 0.99999998999999994975 0.00000000099999999897 0.00000000099999999897 0.00000000099999999897 0.00000000099999999897 0.00000000099999999897 0.00000000099999999897 
0.00000000099999999896 0.00000000099999999896 0.00000000099999999896 0.00000000100088872254 0.00000000099999999896 0.00000000099999999896 0.00000000099999999896 0.99999998999911110520 0.00000000099999999896 0.00000000099999999896 0.00000000099999999896 
0.00000000099999999970 0.00000000099999999970 0.00000000099999999970 0.08473977303876782663 0.00000000099999999970 0.08577378668949416085 0.33506702997282533651 0.00000000099999999970 0.14603320568323210904 0.34838619861568065339 0.00000000099999999970 
0.02813515734384372524 0.02698099896946817844 0.04504158352163984552 0.17341390418086136127 0.18322125795254559644 0.05474358381530328166 0.21047173040517522247 0.01280976510246242990 0.07213678815793314603 0.06901328917264101803 0.12403194137812606490 
0.00000000099999999918 0.00000000099999999918 0.00000000099999999918 0.00000000100129718182 0.00000000099999999918 0.00000000099999999918 0.00000000099999999918 0.61621527192934855144 0.38378471906935418545 0.00000000099999999918 0.00000000099999999918 
0.00000000099999999815 0.00000000099999999815 0.00000000099999999815 0.00000000099999999815 0.00000000099999999815 0.00000000099999999815 0.00000000099999999815 0.00000000099999999815 0.99999998999999994975 0.00000000099999999815 0.00000000099999999815 
0.03057466652080333483 0.00000000099999999956 0.00000000099999999956 0.15450987360360693423 0.00000000099999999956 0.00000000099999999956 0.24285849756221675189 0.00308261022752055573 0.24020606166383165481 0.00000000099999999956 0.32876828542202080063 
0.00000000099999999915 0.00000000099999999915 0.26065229278297452620 0.00000000100005407239 0.00000000099999999915 0.07876614673852926074 0.00000000099999999915 0.49973920483243877699 0.00000000099999999915 0.16084234864600333026 0.00000000099999999915 
0.00000000099999999760 0.00000000099999999760 0.00000000099999999760 0.00000000099999999760 0.00000000099999999760 0.00000000099999999760 0.00000000099999999760 0.00000000099999999760 0.00000000099999999760 0.00000000099999999760 0.99999999000000006077 
0.00000000099999999797 0.00000000099999999797 0.00000000099999999797 0.00000000099999999797 0.00000000099999999797 0.99999998999999994975 0.00000000099999999797 0.00000000099999999797 0.00000000099999999797 0.00000000099999999797 0.00000000099999999797 
0.00000000099999999842 0.00000000099999999842 0.00000000099999999842 0.00000000099999999842 0.00000000099999999842 0.00000000099999999842 0.00000000099999999842 0.00000000099999999842 0.00000000099999999842 0.00000000099999999842 0.99999999000000006077 
0.01314138248049435617 0.00000000099999999971 0.00000000099999999971 0.10986468618918079909 0.00000000099999999971 0.00000000099999999971 0.34833350249594879910 0.03165718986144171188 0.19680452133859485664 0.00000000099999999971 0.30019871263433944852 
0.22894567604339421951 0.30485098881667793691 0.00000000099999999965 0.02911188594469207511 0.00000000099999999965 0.09071144763638541719 0.00000000099999999965 0.00000000099999999965 0.16463430355922226145 0.00000000099999999965 0.18174569299962833879 
0.45283897311816362352 0.00000000099999999897 0.00000000099999999897 0.18008064757354710905 0.18674314099442645976 0.00000000099999999897 0.18033723131386264482 0.00000000099999999897 0.00000000099999999897 0.00000000099999999897 0.00000000099999999897 
0.39570086583116143020 0.00000000099999999903 0.25338036027985294529 0.00000000099999999903 0.00000000099999999903 0.00000000099999999903 0.35091876588898573974 0.00000000099999999903 0.00000000099999999903 0.00000000099999999903 0.00000000099999999903 
0.00000000099999999870 0.07897472620336742910 0.00000000099999999870 0.00000000099999999870 0.00000000099999999870 0.00000000099999999870 0.46711789079942245273 0.00000000099999999870 0.00000000099999999870 0.00000000099999999870 0.45390737499721017789 
0.00000000099999999895 0.00000000099999999895 0.26054762678145826360 0.00000000099999999895 0.00000000099999999895 0.00000000099999999895 0.00000000099999999895 0.00000000099999999895 0.43838671454868849420 0.30106565066985307988 0.00000000099999999895 
0.00000000099999999882 0.61153551264958261324 0.00000000099999999882 0.00000000099999999882 0.00000000099999999882 0.00000000099999999882 0.00000000099999999882 0.00000000099999999882 0.00000000099999999882 0.38846447835041747476 0.00000000099999999882 
0.00000000099999999872 0.00000000099999999872 0.00000000099999999872 0.00000000099999999872 0.00000000099999999872 0.00000000099999999872 0.00000000099999999872 0.00000000099999999872 0.00000000099999999872 0.99999998999999994975 0.00000000099999999872 
0.00000000099999999949 0.70318480135391747687 0.29681518964608272215 0.00000000099999999949 0.00000000099999999949 0.00000000099999999949 0.00000000099999999949 0.00000000099999999949 0.00000000099999999949 0.00000000099999999949 0.00000000099999999949 
0.00428885153362516206 0.03368469153492110318 0.16084307653068802280 0.14438770088204513908 0.13496539642966581818 0.07222873666578687180 0.06396368981320178781 0.08203269043671175542 0.13407488778850387701 0.09714626056323862058 0.07238401782161198172 
0.00000000099999999868 0.00000000099999999868 0.00000000099999999868 0.00000000099999999868 0.00000000099999999868 0.00000000099999999868 0.35346680522940426838 0.00000000099999999868 0.64653318577059559757 0.00000000099999999868 0.00000000099999999868 
0.00000000099999999962 0.00000000099999999962 0.00860466051480265719 0.36516420122477299959 0.05435488471304576047 0.00000000099999999962 0.00000000099999999962 0.33708228070645490648 0.00000000099999999962 0.00000000099999999962 0.23479396684092365688 
0.11441107666029817769 0.06551537837605776737 0.07768728267845462221 0.01480572028575488988 0.13356483423415116407 0.16495992068977891054 0.15744482044432370205 0.06046864175785907070 0.06551976417663553376 0.03015183055590019146 0.11547073014078597375 
0.00000000099999999856 0.00000000099999999856 0.26051421105040251103 0.50011240551470692584 0.00000000099999999856 0.00000000099999999856 0.00000000099999999856 0.00000000099999999856 0.00000000099999999856 0.23937337543489053959 0.00000000099999999856 
0.00000000099999999830 0.00000000099999999830 0.00000000099999999830 0.20461781564616382534 0.00000000099999999830 0.00000000099999999830 0.00000000099999999830 0.00000000099999999830 0.00000000099999999830 0.79538217535383615164 0.00000000099999999830 
0.00000000099999999908 0.00000000099999999908 0.00000000099999999908 0.00000000099999999908 0.28068611251008179774 0.19167817632187342247 0.32613470257623061732 0.00000000099999999908 0.00000000099999999908 0.00000000099999999908 0.20150100159181408288 
0.08004847230636859268 0.13003664162955158590 0.14302453238507972788 0.13981371536227152341 0.06782721688912539404 0.01096172274260846791 0.13292253252480623615 0.03054723939958494533 0.07760082518601187085 0.05080157434821415408 0.13641552722637756423 
0.00000000099999999861 0.00000000099999999861 0.00000000099999999861 0.36035266239933316790 0.00000000099999999861 0.00000000099999999861 0.20923287018355368749 0.27124714642158670452 0.00000000099999999861 0.00000000099999999861 0.15916731399552644377 
0.49434605991231328481 0.00000000099999999936 0.00542652130409370260 0.00070088306357678665 0.49951671529797164739 0.00000000099999999936 0.00000069110297052729 0.00000000099999999936 0.00000000099999999936 0.00000912431907393534 0.00000000099999999936 
0.47966648263396821639 0.00000000099999999768 0.00000000099999999768 0.52033350836603176059 0.00000000099999999768 0.00000000099999999768 0.00000000099999999768 0.00000000099999999768 0.00000000099999999768 0.00000000099999999768 0.00000000099999999768 
0.22880460501748536850 0.30067614196956593542 0.00000000099999999964 0.02863472780556977626 0.00000000099999999964 0.09387230652967402944 0.00000000099999999964 0.00000000099999999964 0.16445304771991578474 0.00000000099999999964 0.18355916595778926093 
0.00000000099999999916 0.18745447608810966722 0.00000000099999999916 0.16963840741369631826 0.00000000099999999916 0.00853089583999492619 0.63437621365819907293 0.00000000099999999916 0.00000000099999999916 0.00000000099999999916 0.00000000099999999916 
0.00000000099999999947 0.00192874920212764167 0.29282021183594925118 0.00000000099999999947 0.35582587488246358864 0.23805862273299874254 0.00000000099999999947 0.00000000099999999947 0.00000000099999999947 0.11136653534646090424 0.00000000099999999947 
0.00000000099999999912 0.14262475027471335776 0.00000000099999999912 0.03678321097899424352 0.15931736553762601560 0.00000000099999999912 0.00000000099999999912 0.00000000099999999912 0.48788412633889627346 0.00000000099999999912 0.17339054086976996016 
0.23788720952704778266 0.27428579636205963066 0.00000000099999999965 0.00000000099999999965 0.00000000099999999965 0.11875786932566155529 0.00000000099999999965 0.00000000099999999965 0.18710054693628047628 0.00000000099999999965 0.18196857184895076642 
0.46181442326537658349 0.00000000099999999806 0.53818556773462356002 0.00000000099999999806 0.00000000099999999806 0.00000000099999999806 0.00000000099999999806 0.00000000099999999806 0.00000000099999999806 0.00000000099999999806 0.00000000099999999806 
0.01776314455585552288 0.54153682782867862411 0.00000000099999999941 0.10447839989869875388 0.00000000099999999941 0.00000000099999999941 0.20409807701170817884 0.00000000099999999941 0.13212354470505896509 0.00000000099999999941 0.00000000099999999941 
0.02276418741721337666 0.53971152526212107237 0.00000000099999999944 0.10328226630116056628 0.00000000099999999944 0.00000000099999999944 0.20034222640217777545 0.00000000099999999944 0.13389978861732729221 0.00000000099999999944 0.00000000099999999944 
0.00543896837524004192 0.05658731735400109736 0.01145508250794503163 0.21153108334446216188 0.04192966888255342944 0.10997383335471433430 0.02436620210947677834 0.23209625437258110670 0.00479588393974063765 0.23957965612063572558 0.06224604963864971419 
0.00000000099999999856 0.00000000099999999856 0.00000000099999999856 0.27400549624374009872 0.45199349058242171973 0.00000000099999999856 0.27400100517383807475 0.00000000099999999856 0.00000000099999999856 0.00000000099999999856 0.00000000099999999856 
0.22880317034473357518 0.30068206334420621850 0.00000000099999999964 0.02863392830459600760 0.00000000099999999964 0.09386968037946787080 0.00000000099999999964 0.00000000099999999964 0.16445127180781873855 0.00000000099999999964 0.18355988081917770649 
0.11879379306798157345 0.14141132000133904700 0.06526835297195281160 0.02313519570882738643 0.15786026646412823493 0.05205121103911770214 0.02637276378760446821 0.14969496117558739323 0.09407179074926691476 0.16522663420965791325 0.00611371082453659401 
0.08796720087384023168 0.09231065615403208358 0.12400122831038892790 0.08991359505750033676 0.10497883295681498250 0.13953933247265271067 0.11827158874258404675 0.05477437486650599263 0.01729189963515196868 0.08871511620752234317 0.08223617472300637221 
0.00000000099999999924 0.00000000099999999924 0.00000000099999999924 0.00000555419475759647 0.00000000099999999924 0.00000000099999999924 0.35907338372078601019 0.29033466410629427124 0.02138922577190896165 0.00000000099999999924 0.32919716620625322223 
0.00000000099999999928 0.08914591364596016754 0.91085407735404011476 0.00000000099999999928 0.00000000099999999928 0.00000000099999999928 0.00000000099999999928 0.00000000099999999928 0.00000000099999999928 0.00000000099999999928 0.00000000099999999928 
0.00000000099999999904 0.00000000099999999904 0.00000000099999999904 0.00000000099999999904 0.00000000099999999904 0.00000000099999999904 0.50039650061427010108 0.00000000099999999904 0.00000000099999999904 0.49960349038572982039 0.00000000099999999904 
0.36390999929673645275 0.00000000099999999912 0.00000000099999999912 0.00000000099999999912 0.00000000099999999912 0.00000000099999999912 0.00000000099999999912 0.10216521157741850767 0.32361894907526417287 0.00000000099999999912 0.21030583305058070387 
0.00000000099999999933 0.00000000099999999933 0.00000000099999999933 0.52058191855720881147 0.00000000099999999933 0.00000000099999999933 0.26585576638132046856 0.00000000099999999933 0.21356230706147072418 0.00000000099999999933 0.00000000099999999933 
0.10180316982912326895 0.33340425216133107167 0.00646307509775102384 0.08751822268114424486 0.00000000099999999971 0.14239525072065492561 0.00000000099999999971 0.00000000099999999971 0.20941064924766275568 0.00000000099999999971 0.11900537626233277655 
0.32345871920946006606 0.00000000099999999866 0.00000000099999999866 0.00000000099999999866 0.00000000099999999866 0.00000000099999999866 0.07993275110900856240 0.00000000099999999866 0.00000000099999999866 0.59660852168153100106 0.00000000099999999866 
0.00000000099999999874 0.00000000099999999874 0.24998620033077897928 0.00000000099999999874 0.00000000099999999874 0.00000000099999999874 0.16657903550057603925 0.00000000099999999874 0.50003421542030312974 0.08340054174834182765 0.00000000099999999874 
0.00000000099999999914 0.00000000099999999914 0.00000000099999999914 0.00000000099999999914 0.00000000099999999914 0.18796739604440462768 0.00000000099999999914 0.00000000099999999914 0.00000000099999999914 0.81203259495559521053 0.00000000099999999914 
0.07169527392683927580 0.46176217210019493420 0.05367511620256716631 0.00000000099999999940 0.00000000099999999940 0.00000000099999999940 0.22604412271801896384 0.00000000099999999940 0.18682330905237981566 0.00000000099999999940 0.00000000099999999940 
0.00000000099999999935 0.00000000099999999935 0.00000000099999999935 0.00000000100045476441 0.00000000099999999935 0.00251114481700755524 0.00000000099999999935 0.94486952049071337711 0.00000000099999999935 0.05261932669182433492 0.00000000099999999935 
0.00000000099999999919 0.00130445193499789365 0.49869051754721538394 0.00000000099999999919 0.00000000099999999919 0.14430275289657271132 0.00000000099999999919 0.00000000099999999919 0.00000000099999999919 0.35570227062121401174 0.00000000099999999919 
0.26127818879779196592 0.28240669780914157139 0.00000000099999999964 0.07859063030426829966 0.03125332836743787562 0.07709999254705086902 0.00000000099999999964 0.00000000099999999964 0.00000000099999999964 0.00000000099999999964 0.26937115717430959450 
0.08170468631041449825 0.11397206984124597096 0.14681683962231997786 0.08932664053777072954 0.08943158073925057405 0.12045162832964528832 0.01662812573309113001 0.12664098284645214365 0.15132933968195749763 0.04549279005834350187 0.01820531629950868091 
0.00000000099999999938 0.00000000099999999938 0.00000000099999999938 0.00000000100043292820 0.00000000099999999938 0.09339541159762185241 0.00000000099999999938 0.69627028658829426266 0.00000000099999999938 0.21033429381365095767 0.00000000099999999938 
0.47564368963056757877 0.00000000099999999963 0.00000000099999999963 0.00000000099999999963 0.00000000099999999963 0.00000000099999999963 0.00000000099999999963 0.00000000099999999963 0.00000000099999999963 0.00000000099999999963 0.52435630136943212065 
0.33841264508399659938 0.06040726418644828954 0.27901529886613152254 0.00000000099999999902 0.00000000099999999902 0.00000000099999999902 0.00000000099999999902 0.00000000099999999902 0.28105320115027893069 0.04111158471314470958 0.00000000099999999902 
0.00000000099999999833 0.00000000099999999833 0.00000000099999999833 0.00000000099999999833 0.00000000099999999833 0.00000000099999999833 0.59590551781663081421 0.00000000099999999833 0.00000000099999999833 0.00000000099999999833 0.40409447318336910726 
0.00000000099999999845 0.10360662169953083200 0.00000000099999999845 0.00000000099999999845 0.00000000099999999845 0.00000000099999999845 0.29410146092017280806 0.00000000099999999845 0.39235452192623243572 0.00000000099999999845 0.20993738845406406668 
0.00000000099999999927 0.19886089060885372981 0.06018063339746431567 0.32671453169325304078 0.00000000099999999927 0.00000000099999999927 0.24144977962304559060 0.00000000099999999927 0.00000000099999999927 0.00000000099999999927 0.17279415867738340262 
0.14849399357506828934 0.00000000099999999956 0.00000000099999999956 0.33543266357448869863 0.00000000099999999956 0.00000000099999999956 0.01358117025503920682 0.00847283068654831016 0.30354353781780502031 0.00000000099999999956 0.19047579909105036289 
0.37083427040580679845 0.00000000099999999909 0.00000000099999999909 0.00000000099999999909 0.00000000099999999909 0.00000000099999999909 0.62916572059406672413 0.00000000099999999909 0.00000000100012638637 0.00000000099999999909 0.00000000099999999909 
0.06022353565618154825 0.13120753966348569497 0.12769623412920325101 0.04949396250692458116 0.02110427123468646554 0.07774415613089359633 0.05060388170521334938 0.15675180218136089416 0.13296240541931911294 0.18740510135910376510 0.00480711001362770212 
0.00000000099999999945 0.32921228763079024571 0.16316562839711845623 0.18344070847225882326 0.00000000099999999945 0.00000000099999999945 0.04722733077511378358 0.00000000099999999945 0.27695403872471863194 0.00000000099999999945 0.00000000099999999945 
0.31497112356569306746 0.00000000099999999843 0.00000000099999999843 0.26068187531203684815 0.00000000099999999843 0.00000000099999999843 0.00000000099999999843 0.00000000099999999843 0.42434699312227008861 0.00000000099999999843 0.00000000099999999843 
0.01506662907707360423 0.00687310027272132994 0.15824691525259843017 0.13446454029789017826 0.08458952393679691761 0.09534863571793970871 0.03503098356968054050 0.06876796455667706642 0.10273129858750272569 0.06100056501889333099 0.23787984371222622992 
0.06938017268650981118 0.47461362734741363578 0.00000000099999999968 0.04300069558225151634 0.13162391808859166820 0.00000000099999999968 0.11318323226462434494 0.03512815056943371927 0.13307019946117526477 0.00000000099999999968 0.00000000099999999968 
0.07689557070288140228 0.18592669661369562450 0.08568036492813531357 0.05726962651418498335 0.08025704346374197551 0.03620852451543404849 0.13741509017199265985 0.03505554097777727196 0.11847716029113708469 0.14726534709670480172 0.03954903472431483408 
0.00000000099999999880 0.00000000099999999880 0.14059630968448941224 0.00000000099999999880 0.29935713490066390152 0.00000000099999999880 0.56004654741484660718 0.00000000099999999880 0.00000000099999999880 0.00000000099999999880 0.00000000099999999880 
