0.11924359888670225949 0.06373099643693624916 0.14172580609930882090 0.06142861138343869848 0.16954849844976765949 0.00721988822489505813 0.08357153772851251550 0.14809735790279554557 0.18063899376032671595 0.02479471112731653978 
0.00000000099999999906 0.00000000099999999906 0.62928320082729460871 0.00000000099999999906 0.00000000099999999906 0.00000000099999999906 0.37071679117270539550 0.00000000099999999906 0.00000000099999999906 0.00000000099999999906 
0.00000000099999999918 0.05587140578099438620 0.00000000099999999918 0.00000000099999999918 0.00000000099999999918 0.44179542374671482152 0.37044350718548535450 0.03954450068772866200 0.00000000099999999918 0.09234515759907660493 
0.10294665317315454534 0.10392433183856686352 0.13952775308912571117 0.06185665458213939621 0.16757175644712099527 0.12726540792083998466 0.06933732655394043987 0.06622694615844582078 0.09277710280882166261 0.06856606742784464303 
0.00000000099999999912 0.00000000099999999912 0.00000000099999999912 0.00000000099999999912 0.00000000099999999912 0.51170799432113378558 0.20748883176029880859 0.28080316691856743727 0.00000000099999999912 0.00000000099999999912 
0.00000000099999999954 0.00000000099999999954 0.00000000099999999954 0.00000000099999999954 0.90191150699142530467 0.09808848500857486608 0.00000000099999999954 0.00000000099999999954 0.00000000099999999954 0.00000000099999999954 
0.31267405580872742465 0.00000000099999999908 0.07190464540613154820 0.00000000099999999908 0.13851042933902601995 0.00000000099999999908 0.31738634276210464513 0.00000000099999999908 0.00000000099999999908 0.15952452168401046184 
0.00000000099999999962 0.00000000099999999962 0.27797711298871002894 0.00000000099999999962 0.00000000099999999962 0.00000000099999999962 0.00000000099999999962 0.04828968783392621061 0.66667156285008855043 0.00706163032727512817 
0.00607790472547734516 0.05235723661450414346 0.02646271780044750360 0.13626272271973655092 0.16240131855497638713 0.12079328447877765718 0.16185452364193483876 0.12513276547791038484 0.07285145282865573835 0.13580607315757939335 
0.00000000099999999974 0.00000000099999999974 0.05244201351858208265 0.00000000099999999974 0.00000000099999999974 0.00000000099999999974 0.00000000099999999974 0.50007945031491973786 0.40253845316373088048 0.04494007700276721196 
0.00534181881827759403 0.09461467359648491338 0.05156356144306661893 0.05812641059838935531 0.17844815597649768546 0.17748501529411989108 0.04979177151640538229 0.04835332127956754045 0.13170437657598055292 0.20457089490121060926 
0.00000000099999999974 0.00000000099999999974 0.25179571059700639468 0.00000000099999999974 0.00000000099999999974 0.00000000099999999974 0.00000000099999999974 0.03475893079903213945 0.63855750776102615518 0.07488784484293517507 
0.00000000099999999895 0.00000000099999999895 0.30248296991887846374 0.00000000099999999895 0.00000000099999999895 0.00000000099999999895 0.00000000099999999895 0.23980580104270621256 0.00000000099999999895 0.45771122203841513310 
0.12564604943082263722 0.00000000099999999842 0.00000000099999999842 0.00000000099999999842 0.00000000099999999842 0.00000000099999999842 0.47898901071774030447 0.39536493285143697873 0.00000000099999999842 0.00000000099999999842 
0.09560543321497433356 0.00000000099999999921 0.00000000099999999921 0.25917442837782278531 0.00000000099999999921 0.36534493189745342878 0.00000000099999999921 0.00000000099999999921 0.00000000099999999921 0.27987520050974951102 
0.00000000099999999963 0.00000000099999999963 0.90679052414719696351 0.00000000099999999963 0.00000000099999999963 0.00000000099999999963 0.00000000099999999963 0.02029838326914118127 0.04380092360356854786 0.02911016298009345277 
0.00000000099999999848 0.00000000099999999848 0.99999999100000003249 0.00000000099999999848 0.00000000099999999848 0.00000000099999999848 0.00000000099999999848 0.00000000099999999848 0.00000000099999999848 0.00000000099999999848 
0.00000000099999999936 0.00000000099999999936 0.00000000099999999936 0.00000000099999999936 0.00000000099999999936 0.36496135500809312457 0.42972903101100223822 0.00010273645221617763 0.00000000099999999936 0.20520687152868852254 
0.00000000099999999841 0.00000000099999999841 0.00000000099999999841 0.00000000099999999841 0.00000000099999999841 0.00000000099999999841 0.99999999099999981045 0.00000000099999999841 0.00000000099999999841 0.00000000099999999841 
0.00000000099999999902 0.28325290509961331686 0.14842889956241270277 0.00000000099999999902 0.56831796952205093643 0.00000000099999999902 0.00000000099999999902 0.00000000099999999902 0.00000021981592296959 0.00000000099999999902 
0.54990980279931367392 0.00000000099999999909 0.13641429190882589650 0.00000000099999999909 0.31367589829186054429 0.00000000099999999909 0.00000000099999999909 0.00000000099999999909 0.00000000099999999909 0.00000000099999999909 
0.20600529990940399938 0.00000000099999999982 0.10731404623994850178 0.39700145230878147729 0.00614788627848988044 0.00000000099999999982 0.16691990782224289114 0.00000000099999999982 0.11574811562921227814 0.00086328881192087453 
0.55077735097095259498 0.00000000099999999877 0.14143099058240021781 0.00000000099999999877 0.30496160393810889389 0.00000000099999999877 0.00283004850853837281 0.00000000099999999877 0.00000000099999999877 0.00000000099999999877 
0.00000000099999999901 0.00000000099999999901 0.12610176479981297093 0.00000000099999999901 0.04079384855677012367 0.48100955005412832088 0.35209482938119091022 0.00000000220809768308 0.00000000099999999901 0.00000000099999999901 
0.27972316886392323276 0.00000000099999999870 0.26021509680813537102 0.00000000099999999870 0.00000000099999999870 0.00000000099999999870 0.00000000099999999870 0.00000000099999999870 0.00000000099999999870 0.46006172732794159419 
0.05350367919726267685 0.00000000099999999934 0.00000001593391656586 0.00000000099999999934 0.00000000468318175465 0.44582393104771550485 0.45057394196268463205 0.05009842317523893751 0.00000000099999999934 0.00000000099999999934 
0.00000000099999999876 0.00000000099999999876 0.29279636611590004192 0.00000000099999999876 0.00000000099999999876 0.00000000099999999876 0.70720362588409990678 0.00000000099999999876 0.00000000099999999876 0.00000000099999999876 
0.12044806619257523994 0.16689591225310851375 0.02394708004775750187 0.06269554704017278601 0.07768480330696714287 0.10850200451009231473 0.00765267585037940519 0.16045860816301335539 0.08458871437132074733 0.18712658826461295303 
0.15051598478292912975 0.15126099792267735933 0.03522243872520243457 0.11924662457226083145 0.16026614693118071409 0.14314696150443420586 0.10034788536772301648 0.03768577025376134565 0.04005509425140800495 0.06225209568842296481 
0.00000000099999999911 0.00000000099999999911 0.99999999100000014352 0.00000000099999999911 0.00000000099999999911 0.00000000099999999911 0.00000000099999999911 0.00000000099999999911 0.00000000099999999911 0.00000000099999999911 
0.08800004154619978092 0.08020190982326104445 0.13138959739100586344 0.10890731491753338767 0.13493897749679173437 0.02303862152101324168 0.02746165062844427296 0.14162023415495386680 0.16312885294139053971 0.10131279957940625414 
0.12144492050572497366 0.11786969374861465398 0.06023636991617968561 0.15190585850439730642 0.05490598771208691359 0.03274701418818711657 0.10961155272739890598 0.14168847148894128662 0.06533828136493852190 0.14425184984353056628 
0.00000000099999999871 0.00000000099999999871 0.99999999100000003249 0.00000000099999999871 0.00000000099999999871 0.00000000099999999871 0.00000000099999999871 0.00000000099999999871 0.00000000099999999871 0.00000000099999999871 
0.00000000099999999980 0.00000000099999999980 0.10591390318083174216 0.06836376359719485707 0.20612076629317213627 0.22551689809470604198 0.00000000099999999980 0.00125133168663123782 0.39159328347503391532 0.00124005067243010371 
0.00000000099999999914 0.00000000099999999914 0.34177750631222852951 0.07463491866036252309 0.37626377156667251134 0.00000000099999999914 0.20732379746073656412 0.00000000099999999914 0.00000000099999999914 0.00000000099999999914 
0.00000000099999999830 0.00000000099999999830 0.37133238786338484960 0.00000000099999999830 0.62866760413661515461 0.00000000099999999830 0.00000000099999999830 0.00000000099999999830 0.00000000099999999830 0.00000000099999999830 
0.00000000099999999952 0.00000000099999999952 0.92859321482749113130 0.00000000099999999952 0.00000000099999999952 0.00000000099999999952 0.00000000099999999952 0.00000000099999999952 0.07127340498928297352 0.00013337318322596955 
0.04819381579203849131 0.00000000099999999941 0.00000000099999999941 0.00000000099999999941 0.00000000099999999941 0.00000000099999999941 0.00000000099999999941 0.00000000099999999941 0.00000000099999999941 0.95180617620796148515 
0.00000000099999999903 0.00000000099999999903 0.03807693007088733955 0.00000000099999999903 0.35458966950857367939 0.00000000099999999903 0.00000000099999999903 0.60733339342053904719 0.00000000099999999903 0.00000000099999999903 
0.00000000099999999856 0.00000000099999999856 0.00000000099999999856 0.00000000099999999856 0.00000000099999999856 0.00000000099999999856 0.99999999099999992147 0.00000000099999999856 0.00000000099999999856 0.00000000099999999856 
0.01076602131618399801 0.07526853037449190986 0.17366182146424632982 0.17051116580800218525 0.11843631352980921179 0.04393762045536139110 0.03528150530131528989 0.19030993354090802727 0.02544769111357238212 0.15637939709610940153 
0.00000000099999999872 0.00000000099999999872 0.00000000099999999872 0.00000000099999999872 0.00000000099999999872 0.99999999099999847818 0.00000000099999999872 0.00000000100000154368 0.00000000099999999872 0.00000000099999999872 
0.00000000099999999950 0.00000000099999999950 0.00000000099999999950 0.00000000099999999950 0.24960228925443259107 0.00000000099999999950 0.74007175835329375158 0.00000000099999999950 0.01032594539227361073 0.00000000099999999950 
0.00000000099999999961 0.09117696307929833155 0.09313191105133601655 0.00000000099999999961 0.00000000099999999961 0.00000000099999999961 0.00000000099999999961 0.81569111886936573885 0.00000000099999999961 0.00000000099999999961 
0.00000000099999999869 0.00000000099999999869 0.00000000099999999869 0.00000000099999999869 0.02179035743410021042 0.00000000099999999869 0.30921015277105712293 0.66899948279484255931 0.00000000099999999869 0.00000000099999999869 
0.09095812043234784150 0.09568775937961233879 0.06019983766150954763 0.02692228081692795566 0.05036409413798807744 0.15016293099095334718 0.15760317162326831220 0.17302707646043519185 0.17544153813346541337 0.01963319036349195010 
0.00000000099999999981 0.00000000099999999981 0.10908415631019728609 0.00000000099999999981 0.00000000099999999981 0.00000000099999999981 0.49999999984459025937 0.07111409301085752643 0.07248412111072788377 0.24731762472362711636 
0.00000000099999999852 0.00000000099999999852 0.00000000099999999852 0.00000000099999999852 0.00000000099999999852 0.37728582325429066424 0.33167362209087380975 0.29104054765483539091 0.00000000099999999852 0.00000000099999999852 
0.00000000099999999938 0.30118810699304626732 0.00000000099999999938 0.00000000099999999938 0.00000000099999999938 0.69011099950022358751 0.00000000099999999938 0.00870088650673005171 0.00000000099999999938 0.00000000099999999938 
0.00000000099999999970 0.00000000099999999970 0.61638914723862148204 0.00000000099999999970 0.00000000099999999970 0.00000000099999999970 0.00000000099999999970 0.02703094743669109956 0.29902758943485091558 0.05755230988983665863 
0.21417362615074425625 0.00000000099999999910 0.00000000099999999910 0.00000000099999999910 0.00000000099999999910 0.35176592861658262379 0.38532309641452100468 0.04873734281815211150 0.00000000099999999910 0.00000000099999999910 
0.00000000099999999797 0.00000000099999999797 0.00000000099999999797 0.00000000099999999797 0.00000000099999999797 0.99999999099999992147 0.00000000099999999797 0.00000000099999999797 0.00000000099999999797 0.00000000099999999797 
0.06677165231303253123 0.19117239932376164924 0.01840150509047441471 0.02732277499174377497 0.07550410393381257190 0.02834713559678607442 0.07497724625637278151 0.19981577032399905347 0.12033021903285487375 0.19735719313716215684 
0.33947619798800149349 0.00000000099999999892 0.06918069081128314091 0.00000000099999999892 0.17909418381689440336 0.00000000099999999892 0.41224892138382090989 0.00000000099999999892 0.00000000099999999892 0.00000000099999999892 
0.00000000099999999970 0.00000000099999999970 0.29440191663588516358 0.00000000099999999970 0.00000000099999999970 0.00000000099999999970 0.00000000099999999970 0.08166305944906047942 0.56022150443167195721 0.06371351348338223641 
0.00000000099999999873 0.00000000099999999873 0.00000000099999999873 0.00000000099999999873 0.00000000099999999873 0.00000000099999999873 0.99999999099999981045 0.00000000099999999873 0.00000000099999999873 0.00000000099999999873 
0.00000000099999999844 0.00000000099999999844 0.00000000099999999844 0.00000000099999999844 0.00000000099999999844 0.00000000099999999844 0.99999999099999992147 0.00000000099999999844 0.00000000099999999844 0.00000000099999999844 
0.10291460068441095344 0.05335227823621947751 0.09635739976763982306 0.16577061366557976907 0.08637034599738141472 0.09038618214736227063 0.13062170555963836804 0.09646726548768776166 0.08240573069304660270 0.09535387776103362856 
0.00000000099999999870 0.00000000099999999870 0.29274394683820775809 0.00000000099999999870 0.00000000099999999870 0.00000000099999999870 0.70725604516179207959 0.00000000099999999870 0.00000000099999999870 0.00000000099999999870 
0.01200710525772311771 0.10244830025996930212 0.16344445672240473511 0.00805288890713952606 0.04716699685500212041 0.03605394518546359284 0.14605928583653007835 0.20029824159748776946 0.21217797824207529356 0.07229080113620450776 
0.00000000099999999951 0.10050033804707143859 0.07152690278927809064 0.00000000099999999951 0.00000000099999999951 0.00000000099999999951 0.00000000099999999951 0.82797275216365051609 0.00000000099999999951 0.00000000099999999951 
0.00000000099999999925 0.00000000099999999925 0.00000000099999999925 0.99999999100000003249 0.00000000099999999925 0.00000000099999999925 0.00000000099999999925 0.00000000099999999925 0.00000000099999999925 0.00000000099999999925 
0.01382761301747767457 0.13452841640990051419 0.09384026768273559527 0.10512431921156054071 0.13902659424201074811 0.12018678035839751306 0.12526331018173272880 0.07785883139972020472 0.08931578080028851341 0.10102808669617602266 
0.00000000099999999975 0.00000000099999999975 0.16122214798772740996 0.00000000099999999975 0.00000000099999999975 0.00000000099999999975 0.00000000099999999975 0.13160712186707687610 0.66820029421847093598 0.03897042992672468398 
0.02148323164369745839 0.08732295178419802184 0.04661037368177162188 0.02658646376925781832 0.16097971815395253903 0.03536634321619173960 0.12858369451105897130 0.17449707253587098954 0.21611846160321615540 0.10245168910078471247 
0.00000000099999999917 0.00000000099999999917 0.00000000099999999917 0.00000000099999999917 0.00000000099999999917 0.53888667470347906274 0.24565361204198354894 0.16430554870591529415 0.00000000099999999917 0.05115415854862227774 
0.05572122163229713959 0.13757984668561443198 0.15172059325847925271 0.08191241783253215558 0.02354650618917305052 0.01728030483151557148 0.18366693881089560247 0.12395025809157889096 0.10819809883941577944 0.11642381382849811833 
0.00000000099999999892 0.00000000099999999892 0.00000000099999999892 0.00000000099999999892 0.00000000099999999892 0.00000000099999999892 0.00000000099999999892 0.37143304077720828982 0.00000000099999999892 0.62856695122279182542 
0.00000000099999999910 0.00000000099999999910 0.00000000099999999910 0.00000000099999999910 0.00000000099999999910 0.33412966566692997583 0.00000000099999999910 0.66587032633307008389 0.00000000099999999910 0.00000000099999999910 
0.00000000099999999905 0.00000000099999999905 0.99999999100000003249 0.00000000099999999905 0.00000000099999999905 0.00000000099999999905 0.00000000099999999905 0.00000000099999999905 0.00000000099999999905 0.00000000099999999905 
0.09792422459591045014 0.10062582975682943243 0.09483543221681176028 0.08521028912876391082 0.09565484982210581411 0.03855837310667051959 0.21357080979760362238 0.12167713832807498797 0.09496553883472692859 0.05697751441250246268 
0.23275597810856224479 0.00000000099999999982 0.21127685739731408288 0.28460265457731642735 0.06378168895993073517 0.00000000099999999982 0.05418309960103429024 0.00000000099999999982 0.15266502584914315443 0.00073469250669934427 
0.00000000099999999961 0.01072443965659280844 0.48713744321177138152 0.00000000099999999961 0.00000000099999999961 0.00000000099999999961 0.00000000099999999961 0.50213811013163567321 0.00000000099999999961 0.00000000099999999961 
0.05118383029112838489 0.01580413178538360788 0.16102057792609475451 0.14157210093967187436 0.09701861552294864521 0.04351946125262751153 0.17832233846821166079 0.09190397132170065320 0.15949073750641989955 0.06016423498581303930 
0.12605025778766026923 0.05469042303515999487 0.07012604019267781874 0.03609347515209020835 0.14203896323753784081 0.09201717269092551943 0.09941578780393903192 0.16537768089792229120 0.17625467601243705040 0.03793552318965003750 
0.00000000099999999904 0.00000000099999999904 0.49999999527299726632 0.00000000099999999904 0.39436728496612488692 0.10563271276087780881 0.00000000099999999904 0.00000000099999999904 0.00000000099999999904 0.00000000099999999904 
0.00000000099999999981 0.00000000099999999981 0.23395557865742644399 0.35426051195097058022 0.11249913519189541633 0.03324775287211453878 0.00000000099999999981 0.00879956435036769423 0.23669539108546630568 0.02054206289175897551 
0.27187770243951681071 0.00000000099999999974 0.07553945224550327742 0.15636822231481747880 0.14933624296465794479 0.00000000099999999974 0.23470423232757850474 0.00000000099999999974 0.11217414370792287703 0.00000000100000323145 
0.00000000099999999927 0.05106183151538968429 0.26352028351844247744 0.00000000099999999927 0.26352028226713103409 0.00000000099999999927 0.00000000099999999927 0.00000000099999999927 0.00000000099999999927 0.42189759669903686978 
0.00000000099999999898 0.00000000099999999898 0.00000000099999999898 0.00000000099999999898 0.00000000099999999898 0.00000000099999999898 0.99999999099999992147 0.00000000099999999898 0.00000000099999999898 0.00000000099999999898 
0.02385190586838377078 0.09445424790127363024 0.03780220094554730126 0.08427879741613820974 0.17420017579389587836 0.12717426728266775782 0.09846496809270936790 0.14661069828418848981 0.11824731120328110801 0.09491542721191446874 
0.00000000099999999967 0.53978916774811547263 0.32340732484867124041 0.00000000099999999967 0.00000000099999999967 0.00000000099999999967 0.00000000099999999967 0.13680350040321337390 0.00000000099999999967 0.00000000099999999967 
0.01410523849075072042 0.00000000099999999924 0.00000000099999999924 0.00000000099999999924 0.00000000099999999924 0.00000000099999999924 0.00000000099999999924 0.00000000099999999924 0.00000000099999999924 0.98589475350924937747 
0.20416988617597867095 0.13987395986972664397 0.08773233775820321600 0.02590447646907051080 0.00715162157660035377 0.04312522449945970643 0.15052433197268727527 0.10363883049465585917 0.18679111246422380743 0.05108821871939409065 
0.00000000099999999901 0.00000000099999999901 0.00000000099999999901 0.00000000099999999901 0.00000000099999999901 0.00000000099999999901 0.99999999100000003249 0.00000000099999999901 0.00000000099999999901 0.00000000099999999901 
0.00000000099999999899 0.00000000099999999899 0.00000000099999999899 0.00000000099999999899 0.99999999100000003249 0.00000000099999999899 0.00000000099999999899 0.00000000099999999899 0.00000000099999999899 0.00000000099999999899 
0.00000000099999999975 0.00000000099999999975 0.62082758773084978365 0.00000000099999999975 0.00000000099999999975 0.00000000099999999975 0.00000000099999999975 0.06357271074829376478 0.22972199190640005262 0.08587770361445651313 
0.11319837943677114878 0.05426175070022353636 0.00286410346916845734 0.10335846054001956995 0.16264134050801423714 0.08094018817645202979 0.11778594005536306699 0.10070746513092776464 0.12889088625943900812 0.13535148572362123987 
0.00000000099999999926 0.00000000099999999926 0.00000000099999999926 0.38377310881115039853 0.61622688318884977221 0.00000000099999999926 0.00000000099999999926 0.00000000099999999926 0.00000000099999999926 0.00000000099999999926 
0.00000000099999999846 0.00000000099999999846 0.00000000099999999846 0.99999999100000003249 0.00000000099999999846 0.00000000099999999846 0.00000000099999999846 0.00000000099999999846 0.00000000099999999846 0.00000000099999999846 
0.19788612351873649531 0.00000000099999999974 0.05359441650010132036 0.30996816820854417029 0.34025786372250210743 0.00000000099999999974 0.01234155657200408478 0.00000000099999999974 0.08595186747810437677 0.00000000100000755414 
0.00000000099999999891 0.00000000099999999891 0.00000000099999999891 0.00000000099999999891 0.00000000099999999891 0.00000000099999999891 0.26554730118979469333 0.23445269329854678819 0.00000000099999999891 0.49999999851165854992 
0.64736743924350659274 0.00000000099999999857 0.04147111219160074663 0.00000000099999999857 0.00000000099999999857 0.31116144156489272676 0.00000000099999999857 0.00000000099999999857 0.00000000099999999857 0.00000000099999999857 
0.00000000099999999862 0.00000000099999999862 0.00000000099999999862 0.00000000099999999862 0.00000000099999999862 0.47244547594396701928 0.00000000099999999862 0.00000000099999999862 0.00000000099999999862 0.52755451605603287391 
0.99999999100000014352 0.00000000099999999847 0.00000000099999999847 0.00000000099999999847 0.00000000099999999847 0.00000000099999999847 0.00000000099999999847 0.00000000099999999847 0.00000000099999999847 0.00000000099999999847 
0.08503181905466399015 0.00000000099999999982 0.12220422820569812328 0.20637737854494447864 0.23050908136371242585 0.00000000099999999982 0.27678895825861754565 0.00000000099999999982 0.07866407041539341671 0.00042446115697011394 
0.22015965306388318723 0.10717683797959516590 0.00000000099999999959 0.00000000099999999959 0.00000000099999999959 0.28889112071692502060 0.00000000099999999959 0.00000000099999999959 0.38377238223959658781 0.00000000099999999959 
0.00000000099999999929 0.20258453978929857886 0.23190044895484648868 0.00000000099999999929 0.14422781347590524215 0.00000000099999999929 0.28418695453084275027 0.00000000099999999929 0.13710023824910699819 0.00000000099999999929 
0.00000000099999999916 0.47055914850067609434 0.30396027128264213601 0.00000000099999999916 0.22548057321668196762 0.00000000099999999916 0.00000000099999999916 0.00000000099999999916 0.00000000099999999916 0.00000000099999999916 
0.28458455695348972014 0.00000000099999999887 0.46499080138565468401 0.25042463466085557178 0.00000000099999999887 0.00000000099999999887 0.00000000099999999887 0.00000000099999999887 0.00000000099999999887 0.00000000099999999887 
0.00000000099999999912 0.00000000099999999912 0.00000000099999999912 0.32140488282267459796 0.09720561469441831026 0.00000000099999999912 0.00000000099999999912 0.58138949548290708158 0.00000000099999999912 0.00000000099999999912 
0.00000000099999999904 0.21082338738802131051 0.00000000099999999904 0.20222572403284685971 0.00000000099999999904 0.17584532580036454918 0.00000000099999999904 0.18158483851566631362 0.22952071926310099736 0.00000000099999999904 
0.00000000099999999870 0.00000000099999999870 0.00000000099999999870 0.00000000099999999870 0.00000000099999999870 0.00000000099999999870 0.00000000099999999870 0.99999999099999992147 0.00000000099999999870 0.00000000099999999870 
0.00000000099999999959 0.00000000099999999959 0.00000000099999999959 0.00000000099999999959 0.90219364705060667298 0.09780634494939342838 0.00000000099999999959 0.00000000099999999959 0.00000000099999999959 0.00000000099999999959 
0.13415929176245161569 0.13863467101439772011 0.00480292712228021831 0.17529675051643531236 0.09162580434924019746 0.08244130298364203691 0.12666130180691731466 0.02647098379513387889 0.05996209677776408176 0.15994486987173756054 
0.00000000099999999885 0.00000000099999999885 0.12242288245705931771 0.38633990861493583413 0.00000000099999999885 0.00000000099999999885 0.49123720192800485185 0.00000000099999999885 0.00000000099999999885 0.00000000099999999885 
0.00000000099999999958 0.00000000099999999958 0.00000000099999999958 0.00000000099999999958 0.21724409376678946448 0.05949312745917743894 0.36999221195459969236 0.00000000099999999958 0.00000000099999999958 0.35327056081943342125 
0.11902129138535907926 0.12594834107348718000 0.16087939366325063051 0.12589612244413242448 0.09980522395350698017 0.01497105964246474644 0.24390124830507331488 0.00404612505715919429 0.05286119069842173945 0.05267000377714476517 
0.00000000099999999837 0.00000000099999999837 0.00000000099999999837 0.00000000099999999837 0.50003970062940972241 0.00000000099999999837 0.00000000099999999837 0.49996029137059005976 0.00000000099999999837 0.00000000099999999837 
0.00000000099999999814 0.00000000099999999814 0.00000000099999999814 0.00000000099999999814 0.20440605140246828619 0.00000000099999999814 0.00000000099999999814 0.79559394059753152373 0.00000000099999999814 0.00000000099999999814 
0.32774831211166155498 0.00000000099999999925 0.08012320945062531563 0.00000000099999999925 0.00000000099999999925 0.08969974312539989725 0.24716755490799785511 0.25526117540431525477 0.00000000099999999925 0.00000000099999999925 
0.02514503643551089032 0.13592252324456374768 0.11529643354902041619 0.10768457511589879516 0.00762059732447927657 0.05702508634268255855 0.05176928334847041152 0.22391755578729949372 0.23323224269242448514 0.04238666615964988005 
0.42222103198659349799 0.00000000099999999884 0.08032507038627458018 0.00000000099999999884 0.49745389062713202266 0.00000000099999999884 0.00000000099999999884 0.00000000099999999884 0.00000000099999999884 0.00000000099999999884 
0.00000000099999999932 0.49659945193761056981 0.00252790418696686265 0.00000000099999999932 0.00218120812305166870 0.00000000099999999932 0.49869133257135245252 0.00000009818101853581 0.00000000099999999932 0.00000000099999999932 
0.00000000099999999892 0.39802553037166132910 0.00000000099999999892 0.00000000099999999892 0.60197446162833856409 0.00000000099999999892 0.00000000099999999892 0.00000000099999999892 0.00000000099999999892 0.00000000099999999892 
0.22051396508839338217 0.10655546514187039242 0.00000000099999999959 0.00000000099999999959 0.00000000099999999959 0.28934556592397148167 0.00000000099999999959 0.00000000099999999959 0.38358499784576466363 0.00000000099999999959 
0.00000000099999999949 0.00000000099999999949 0.62417492039745225973 0.21124436388604478365 0.16458070871650293254 0.00000000099999999949 0.00000000099999999949 0.00000000099999999949 0.00000000099999999949 0.00000000099999999949 
0.00000000099999999938 0.67705445356542570678 0.00000000099999999938 0.00000000099999999938 0.00000000099999999938 0.32011476133049593384 0.00000000099999999938 0.00283077810407840165 0.00000000099999999938 0.00000000099999999938 
0.00000000099999999872 0.00000000099999999872 0.00000000099999999872 0.49996822655807060531 0.00000000099999999872 0.00000000099999999872 0.50003176544192928787 0.00000000099999999872 0.00000000099999999872 0.00000000099999999872 
0.22750045845899155572 0.10814979687141679232 0.00000000099999999961 0.00000000099999999961 0.00000000099999999961 0.29052410879089823892 0.00000000099999999961 0.00000000099999999961 0.37382562987869327742 0.00000000099999999961 
0.00000000099999999747 0.99999999099999992147 0.00000000099999999747 0.00000000099999999747 0.00000000099999999747 0.00000000099999999747 0.00000000099999999747 0.00000000099999999747 0.00000000099999999747 0.00000000099999999747 
0.00000000099999999959 0.22641604139667503848 0.00000000099999999959 0.34549027769319839987 0.08606773516185368955 0.00893620844958054918 0.00000000099999999959 0.12422132695864815388 0.20886840634004399941 0.00000000099999999959 
0.00000000099999999961 0.23188252678425910758 0.00000000099999999961 0.34485603955875970827 0.08579598032528069906 0.01579873011240200478 0.00000000099999999961 0.11397563597154149184 0.20769108324775681362 0.00000000099999999961 
0.14490583028195930249 0.18411449203343840941 0.03612863400261594193 0.01436325802058023571 0.01195015126681546469 0.17201714958917957432 0.05499779123687192905 0.08178284273598142307 0.11420950632416318471 0.18553034450839464564 
0.00000000099999999864 0.00000000099999999864 0.50010212056529279590 0.00000000099999999864 0.00000000099999999864 0.00000000099999999864 0.49989787143470726383 0.00000000099999999864 0.00000000099999999864 0.00000000099999999864 
0.22051405975217538979 0.10655529853212161728 0.00000000099999999959 0.00000000099999999959 0.00000000099999999959 0.28934568790822534634 0.00000000099999999959 0.00000000099999999959 0.38358494780747759423 0.00000000099999999959 
0.13732996526851354302 0.05240344979592926472 0.18096709050569573241 0.16926326989274176338 0.06509881751340286515 0.00799434784012360497 0.13777022495231894261 0.11371015511131235542 0.08028040299718834649 0.05518227612277363386 
0.13823705868477478842 0.11320461055190855770 0.07041386170154251278 0.26381066539609288046 0.13349886899472085400 0.04705698256018715775 0.05091873844267361116 0.00772076960358988526 0.14110974205629264744 0.03402870200821700442 
0.56494272434475856226 0.00000000099999999928 0.18489519869785189798 0.00000000099999999928 0.25016206995738954344 0.00000000099999999928 0.00000000099999999928 0.00000000099999999928 0.00000000099999999928 0.00000000099999999928 
0.00000000099999999943 0.00000000099999999943 0.00000000099999999943 0.00000000099999999943 0.82734441180607454225 0.17265558019392551747 0.00000000099999999943 0.00000000099999999943 0.00000000099999999943 0.00000000099999999943 
0.00000000099999999893 0.00000000099999999893 0.50039920230358014841 0.00000000099999999893 0.00000000099999999893 0.00000000099999999893 0.00000000099999999893 0.49960078969641974478 0.00000000099999999893 0.00000000099999999893 
0.29912504079187701711 0.00000000099999999972 0.12032131558779730895 0.00000000099999999972 0.00000000099999999972 0.00000000099999999972 0.00000000099999999972 0.00000000099999999972 0.39032820786709904182 0.19022542975322642711 
0.00000000099999999952 0.00000000099999999952 0.93390833029892528216 0.00000000099999999952 0.00000000099999999952 0.00000000099999999952 0.00000000099999999952 0.00000000099999999952 0.06573566280936300743 0.00035599989171175372 
0.00000000099999999966 0.00000000099999999966 0.09628677351052473965 0.00000000099999999966 0.00000000099999999966 0.43957899106123027311 0.00000000099999999966 0.00000000099999999966 0.46413422842824497705 0.00000000099999999966 
0.24559370903213964543 0.00000000099999999881 0.12574024895807234259 0.00000000099999999881 0.00000000099999999881 0.00000000099999999881 0.00000000099999999881 0.62866603500978768260 0.00000000099999999881 0.00000000099999999881 
0.00000000099999999881 0.00000000099999999881 0.33244188346443581672 0.33414339070329579506 0.00000000099999999881 0.00000000099999999881 0.00000000099999999881 0.33341471883226825312 0.00000000099999999881 0.00000000099999999881 
0.00000000099999999912 0.00000000099999999912 0.00000000099999999912 0.00000000099999999912 0.00000000099999999912 0.00000000099999999912 0.00000000099999999912 0.99999999100000003249 0.00000000099999999912 0.00000000099999999912 
0.00000000099999999951 0.42456172142530290703 0.00000000100000090084 0.50000137633203389775 0.00000000099999999951 0.00000000099999999951 0.00000000099999999951 0.07543689524266240787 0.00000000099999999951 0.00000000099999999951 
0.00000000099999999928 0.00000000099999999928 0.00000000099999999928 0.00000000099999999928 0.11660505961971566469 0.87721610869123245458 0.00000000099999999928 0.00617882468905195815 0.00000000099999999928 0.00000000099999999928 
0.00000000099999999919 0.00000000099999999919 0.00000000099999999919 0.00000000099999999919 0.00000000099999999919 0.49999999885142454303 0.00000000099999999919 0.49999999314857551669 0.00000000099999999919 0.00000000099999999919 
0.23241903895214718889 0.35314149407659994884 0.00000000099999999972 0.14906558137882852666 0.16474913529962223468 0.07651653664079868800 0.00000000099999999972 0.00000000099999999972 0.02410820965200346708 0.00000000099999999972 
0.13678068238817481239 0.08595615798319765355 0.15097242818373743378 0.00558627713291147323 0.08548724946934192770 0.08970825504041432530 0.12050541376928111670 0.08737877134803609391 0.10201929347092091038 0.13560547121398427994 
0.00000000099999999931 0.00000000099999999931 0.00000000099999999931 0.00000000099999999931 0.10290284785548017843 0.89249695639523651813 0.00000000099999999931 0.00460018874928328023 0.00000000099999999931 0.00000000099999999931 
0.52519808998071793038 0.47480190201928224036 0.00000000099999999961 0.00000000099999999961 0.00000000099999999961 0.00000000099999999961 0.00000000099999999961 0.00000000099999999961 0.00000000099999999961 0.00000000099999999961 
0.00000000099999999948 0.39099715402167201095 0.00000000099999999948 0.15807786925329969652 0.14899174929882361140 0.00000000099999999948 0.00000000099999999948 0.12560020154166620654 0.17633302088453847722 0.00000000099999999948 
0.29951136937557548690 0.00000000099999999878 0.54022429253359272039 0.05873969609574645340 0.10152463599508529390 0.00000000099999999878 0.00000000099999999878 0.00000000099999999878 0.00000000099999999878 0.00000000099999999878 
0.00000000099999999837 0.00000000099999999837 0.50005134873849388377 0.49994864326150606493 0.00000000099999999837 0.00000000099999999837 0.00000000099999999837 0.00000000099999999837 0.00000000099999999837 0.00000000099999999837 
0.00000000099999999937 0.00000000099999999937 0.18260482505293834654 0.23931677228844938643 0.34574171288806693214 0.00000000099999999937 0.00000283891506990477 0.00000000099999999937 0.00000000099999999937 0.23233384585547559031 
0.19024946241902929156 0.00000000099999999974 0.23073671776155654789 0.25457897958540354200 0.29236987969085892480 0.00000000099999999974 0.02566519320083638506 0.00000000099999999974 0.00639976334230894263 0.00000000100000647695 
0.00000000099999999924 0.00000000099999999924 0.99999999100000014352 0.00000000099999999924 0.00000000099999999924 0.00000000099999999924 0.00000000099999999924 0.00000000099999999924 0.00000000099999999924 0.00000000099999999924 
0.17131057475594360651 0.13855525364650067566 0.02991649063945594003 0.04800070573929854367 0.12604125691184686620 0.09476092900644876582 0.07931198769538638782 0.12543748933987383665 0.14077162169858084551 0.04589369056666453561 
0.00000000099999999962 0.00000000099999999962 0.00000000099999999962 0.36292559171871618950 0.11940702484599659272 0.00000000099999999962 0.00000000099999999962 0.34274632285634609730 0.13149474937883642855 0.04342630620010465292 
0.00000000099999999906 0.00000000099999999906 0.48256895053846060595 0.00000000099999999906 0.00000000099999999906 0.00000000099999999906 0.00000000099999999906 0.00000000099999999906 0.51743104146153906520 0.00000000099999999906 
0.15063709332433150578 0.01402724025885505529 0.02744931719600110162 0.18255516462368723274 0.06523946186066101327 0.16192343962146724112 0.09241981191990303324 0.14985786542456969173 0.10451708091625502850 0.05137352485426911058 
0.00000000099999999962 0.29637340949965196302 0.00000000099999999962 0.32687890304968741928 0.01175593284454439294 0.05865641442577231024 0.16755182132457710487 0.00000000778225946796 0.13878350807350706142 0.00000000099999999962 
0.15835428860062658596 0.12070477544187209473 0.07667510207055674987 0.09819063436362776565 0.14315719428930318013 0.12839045655494149556 0.02325880886882310608 0.14569564594824971349 0.05732916688251149528 0.04824392697948790693 
0.00000000099999999870 0.00000000099999999870 0.57403704008144551540 0.00000000099999999870 0.16017383031315018949 0.00000000099999999870 0.26578912260540443757 0.00000000099999999870 0.00000000099999999870 0.00000000099999999870 
0.00000000099999999905 0.00000000099999999905 0.00000000099999999905 0.00000000099999999905 0.00000000099999999905 0.00000000099999999905 0.49999999949443629799 0.00000000099999999905 0.49999999250556365071 0.00000000099999999905 
0.00000000099999999938 0.00000000099999999938 0.00000000099999999938 0.34100400553883158938 0.00000000099999999938 0.00000000099999999938 0.00000000099999999938 0.65899598646116841483 0.00000000099999999938 0.00000000099999999938 
0.00000000099999999948 0.00000000099999999948 0.07651045559131590401 0.00000000099999999948 0.29289241372547614173 0.00000000099999999948 0.00000000099999999948 0.63059712368320797182 0.00000000099999999948 0.00000000099999999948 
0.00000000099999999900 0.00000000099999999900 0.49913311196060095032 0.00000000099999999900 0.00000000099999999900 0.00000000099999999900 0.49940762984131914504 0.00000000099999999900 0.00145925119807972965 0.00000000099999999900 
0.00000000099999999926 0.00000000099999999926 0.00000000099999999926 0.11471657801439193169 0.37872849144909137564 0.44046474650757005964 0.00000000099999999926 0.06609017802894671945 0.00000000099999999926 0.00000000099999999926 
0.00000000099999999922 0.00000000099999999922 0.20728582813814422359 0.00000000099999999922 0.34974435402114240068 0.19135955268117646466 0.00000000099999999922 0.00000000099999999922 0.00000000099999999922 0.25161025915953694199 
0.00000000099999999977 0.05095996733622881053 0.15135462693194842720 0.00000000099999999977 0.29287321861973308890 0.00000000099999999977 0.09598687908597211549 0.32085264083377385003 0.08797266319234361975 0.00000000099999999977 
0.00000000099999999895 0.00000000099999999895 0.08887713785021401913 0.00000000099999999895 0.59745240325722726027 0.00000000099999999895 0.00000000099999999895 0.00000000099999999895 0.00000000099999999895 0.31367045189255893245 
0.00000000099999999891 0.00000000099999999891 0.33200753479434558235 0.00000000099999999891 0.33404380700896940670 0.00000000099999999891 0.33394865119668493136 0.00000000099999999891 0.00000000099999999891 0.00000000099999999891 
0.03161125435057037664 0.10950534704508585460 0.17443720815797417178 0.11814974846504433525 0.02999398815819052239 0.12201198201818855282 0.09836944567688278573 0.05961846767191660706 0.12988929288897035907 0.12641326556717641383 
0.00000000099999999912 0.00000000099999999912 0.00000000099999999912 0.00000000099999999912 0.43370191585606299167 0.50006065812514133295 0.00000000099999999912 0.06623741901879560967 0.00000000099999999912 0.00000000099999999912 
0.00000000099999999909 0.00000000099999999909 0.16023048478548432283 0.18345969809797502137 0.00000000099999999909 0.00000000099999999909 0.26166376949657282891 0.39464604161996774678 0.00000000099999999909 0.00000000099999999909 
0.05039604260939480745 0.06348724640969906352 0.06710877884435018093 0.02718731479733917794 0.19232442683865980104 0.09981592307843689671 0.16023609363656779458 0.08616710060090762568 0.16482727838167471335 0.08844979480297020247 
0.23826947082009208856 0.00000000099999999903 0.00000000099999999903 0.00000000099999999903 0.19971536430025019215 0.00000000099999999903 0.32794042679622953385 0.00000000099999999903 0.00000000099999999903 0.23407473208342816084 
0.00000000099999999979 0.00000000099999999979 0.08506762378808085945 0.00000000099999999979 0.00000000099999999979 0.00000000099999999979 0.49999999939648859248 0.28915302170274737037 0.05019109974112847400 0.07558825037155447735 
0.48841376161835736713 0.01693079736848807429 0.02586047059387185099 0.12285241293419224551 0.21967832352562824405 0.09029328343851958372 0.00000000099999999990 0.00034450548279735661 0.03094978337206807928 0.00467666066607718128 
