0.16826267428451369135 0.09932534729835901244 0.15852947112376988836 0.08372903914184959273 0.08523424741605363508 0.14319131699917048151 0.04466007403832936151 0.12130011844722669856 0.09576771125072776336 
0.00000000099999999919 0.00000000099999999919 0.00000000099999999919 0.37071540134365543739 0.00000000099999999919 0.00000000099999999919 0.62928459165634453853 0.00000000099999999919 0.00000000099999999919 
0.00000000099999999884 0.41831567634493732610 0.00000000099999999884 0.27781783855474623257 0.00000000099999999884 0.30386647910031627795 0.00000000099999999884 0.00000000099999999884 0.00000000099999999884 
0.04807026352658764351 0.16516311291181098864 0.16081931462257609278 0.08323704736487322342 0.12248700931119188562 0.05071195870335010875 0.03104038200285234514 0.20438681904631489372 0.13408409251044273169 
0.00000000099999999901 0.33747557079982098971 0.00000000099999999901 0.00000000099999999901 0.00000000099999999901 0.66252442220017881969 0.00000000099999999901 0.00000000099999999901 0.00000000099999999901 
0.00000000099999999958 0.00000000099999999958 0.51405643602802841841 0.00000000099999999958 0.00000000099999999958 0.48594355697197144650 0.00000000099999999958 0.00000000099999999958 0.00000000099999999958 
0.37986805533527362444 0.00000000099999999912 0.00000000099999999912 0.28394313558791273167 0.00000000099999999912 0.00000000099999999912 0.00000000099999999912 0.00000000099999999912 0.33618880307681359154 
0.11320485510751246427 0.01484070950994478832 0.00000000099999999965 0.00000000099999999965 0.22979914822931460372 0.00000000099999999965 0.64215528215322803529 0.00000000099999999965 0.00000000099999999965 
0.04945729653998489489 0.01912030748853503145 0.15463604143453732465 0.06052018426080542357 0.20674983460245949241 0.13041417833653740077 0.13789891602907544677 0.17995091908726834617 0.06125232222079673300 
0.24728437568820318959 0.50007953857795028885 0.00000000099999999975 0.00000000099999999975 0.17444327289527974956 0.00000000099999999975 0.07819280783856699668 0.00000000099999999975 0.00000000099999999975 
0.06795784164219620394 0.19584291757489777352 0.05857694910470953586 0.02266169931341360799 0.07166061789515759672 0.12566340466621275795 0.20726173321228269497 0.09829734015770066891 0.15207749643342902135 
0.17468080726097792721 0.06888312789339486042 0.00000000099999999975 0.00000000099999999975 0.60597753943271948085 0.00000000099999999975 0.15045852041290769252 0.00000000099999999975 0.00000000099999999975 
0.68890440137445929647 0.31109559162554073497 0.00000000099999999890 0.00000000099999999890 0.00000000099999999890 0.00000000099999999890 0.00000000099999999890 0.00000000099999999890 0.00000000099999999890 
0.00000000099999999923 0.00000000099999999923 0.00000000099999999923 0.47261210810697340534 0.00000000099999999923 0.43852673808198794347 0.00000000099999999923 0.08886114781103859883 0.00000000099999999923 
0.00000000099999999919 0.51099841144454627440 0.00000000099999999919 0.00000000099999999919 0.20606250724450575484 0.00000000099999999919 0.00000000099999999919 0.00000000099999999919 0.28293907531094814045 
0.00398059368257883909 0.01050791692340605904 0.00000000099999999966 0.00000000099999999966 0.16804561935295042607 0.00000000099999999966 0.81746586504106466542 0.00000000099999999966 0.00000000099999999966 
0.00000000099999999867 0.00000000099999999867 0.00000000099999999867 0.00000000099999999867 0.00000000099999999867 0.00000000099999999867 0.99999999199999978217 0.00000000099999999867 0.00000000099999999867 
0.00000000099999999941 0.36678939566440549314 0.00000000099999999941 0.37967396685348037133 0.00000000099999999941 0.17099602331139163169 0.00000000099999999941 0.00000000099999999941 0.08254060917072253423 
0.00000000099999999854 0.00000000099999999854 0.00000000099999999854 0.99999999199999989319 0.00000000099999999854 0.00000000099999999854 0.00000000099999999854 0.00000000099999999854 0.00000000099999999854 
0.00000000099999999909 0.00000000099999999909 0.00000000099999999909 0.00000000099999999909 0.00000000099999999909 0.69923118069874323766 0.00000000099999999909 0.30076881230125684930 0.00000000099999999909 
0.37960424535229236875 0.00000000099999999912 0.00000000099999999912 0.00000000099999999912 0.00000000099999999912 0.00000000099999999912 0.03238754977532094098 0.00000000099999999912 0.58800819887238653383 
0.07489050375224397260 0.00000000099999999982 0.00000000099999999982 0.09657154687689489814 0.14198027184405367929 0.00000000099999999982 0.26892171598152170287 0.10047359207917079538 0.31716236646611495331 
0.00000000099999999913 0.00000000099999999913 0.00000000099999999913 0.18521503822749885160 0.00000000099999999913 0.00000000099999999913 0.25521915670223205286 0.00000000099999999913 0.55956579907026904319 
0.11187771400456250626 0.23266624710526165321 0.00000000099999999929 0.30749765116590632719 0.00000000099999999929 0.18570554382737855525 0.00000000099999999929 0.00000000099999999929 0.16225283989689107123 
0.31767397740486608138 0.11669757958531758180 0.00000000099999999888 0.00000000099999999888 0.00000000099999999888 0.00000000099999999888 0.12388064137004076160 0.00000000099999999888 0.44174779663977553623 
0.05391042729216992402 0.11555211778315868654 0.00000000099999999946 0.17515813209467115397 0.00000000099999999946 0.36105850434671504789 0.00000000099999999946 0.00000000099999999946 0.29432081448328523132 
0.00000000099999999906 0.00000000099999999906 0.00000000099999999906 0.70720766384045907760 0.00000000099999999906 0.00000000099999999906 0.29279232915954095384 0.00000000099999999906 0.00000000099999999906 
0.07713749410662527894 0.18798955426475819075 0.16860874560556535218 0.07004666336075325572 0.01864869551262998346 0.10466142718289894731 0.02902470741164966603 0.11764143587380193612 0.22624127668131741031 
0.16370120462738571576 0.13722744772401498925 0.14724487391208640474 0.07129906271751502989 0.04045989912174624559 0.08242641762263445970 0.06924564544246002151 0.10329617453926512316 0.18509927429289210754 
0.00000000099999999928 0.00000000099999999928 0.00000000099999999928 0.00000000099999999928 0.00000000099999999928 0.00000000099999999928 0.99999999200000000421 0.00000000099999999928 0.00000000099999999928 
0.13263544112009037490 0.20574290744479811766 0.11587838688837194534 0.12958403873191778888 0.05562437411431474243 0.07442023573352407606 0.06912826070590948058 0.12428613105842725717 0.09270022420264623086 
0.11640175214812636950 0.10353372146750904059 0.14100477689309900975 0.11371560370086522540 0.08127775805013781607 0.09760276737431901328 0.07831506357874272461 0.13822824206525582968 0.12992031472194487396 
0.00000000099999999897 0.00000000099999999897 0.00000000099999999897 0.00000000099999999897 0.00000000099999999897 0.00000000099999999897 0.99999999199999989319 0.00000000099999999897 0.00000000099999999897 
0.00168752524592140178 0.02342970099269935796 0.29798325249187235242 0.00000000099999999981 0.40271025613388850006 0.20201639222086245629 0.07217286991475593827 0.00000000099999999981 0.00000000099999999981 
0.00000000099999999891 0.00000000099999999891 0.00000000099999999891 0.00000000099999999891 0.00000000099999999891 0.99999999199999989319 0.00000000099999999891 0.00000000099999999891 0.00000000099999999891 
0.55579123368191341026 0.00000000099999999892 0.00000000099999999892 0.00000000099999999892 0.00000000099999999892 0.23071078103870962250 0.21349797927937708142 0.00000000099999999892 0.00000000099999999892 
0.03062029883497191171 0.00000000099999999954 0.00000000099999999954 0.00000000099999999954 0.46727814353908164735 0.00000000099999999954 0.50210155162594649614 0.00000000099999999954 0.00000000099999999954 
0.00000000099999999942 0.99999999199998135246 0.00000000099999999942 0.00000000099999999942 0.00000000099999999942 0.00000000099999999942 0.00000000099999999942 0.00000000099999999942 0.00000000100001885346 
0.58185625269266161297 0.00000000099999999919 0.00000000099999999919 0.00000000099999999919 0.00000000099999999919 0.41814374030733841847 0.00000000099999999919 0.00000000099999999919 0.00000000099999999919 
0.00000000099999999874 0.00000000099999999874 0.00000000099999999874 0.99999999200000000421 0.00000000099999999874 0.00000000099999999874 0.00000000099999999874 0.00000000099999999874 0.00000000099999999874 
0.19456932588686740027 0.19171927492947718474 0.06513427880202501963 0.12845794437204621774 0.11286381511026583047 0.10279919298797940419 0.04723746320575999968 0.13857669672342193268 0.01864200798215694121 
0.00000000099999999913 0.44214578031153439763 0.00000000099999999913 0.00000000099999999913 0.00000000099999999913 0.55785421268846546727 0.00000000099999999913 0.00000000099999999913 0.00000000099999999913 
0.00000000099999999960 0.00000000099999999960 0.00000000099999999960 0.99999999200000011523 0.00000000099999999960 0.00000000099999999960 0.00000000099999999960 0.00000000099999999960 0.00000000099999999960 
0.00000000099999999970 0.00000000099999999970 0.00000000099999999970 0.00000000099999999970 0.00000000099999999970 0.00000000099999999970 0.80063435514317848885 0.19936563785682140382 0.00000000099999999970 
0.77794919238564985697 0.00000000099999999889 0.00000000099999999889 0.22205080061435011896 0.00000000099999999889 0.00000000099999999889 0.00000000099999999889 0.00000000099999999889 0.00000000099999999889 
0.05561975390567421018 0.04737278971463136645 0.06883886100533570529 0.08380597260566570450 0.11350554209304343500 0.17601526541253292857 0.03728834434407038434 0.17864703823690411544 0.23890643268214215023 
0.09591768823943308542 0.00386917616272708896 0.00000000099999999983 0.49999964385624906527 0.02721289325973945405 0.00000000099999999983 0.37300059448185135524 0.00000000099999999983 0.00000000099999999983 
0.00000000099999999896 0.57703097538306580283 0.00000000099999999896 0.42296901761693433963 0.00000000099999999896 0.00000000099999999896 0.00000000099999999896 0.00000000099999999896 0.00000000099999999896 
0.00000000099999999947 0.87562018436001110011 0.03171282891499518919 0.00000000099999999947 0.00000000099999999947 0.09266698072499388039 0.00000000099999999947 0.00000000099999999947 0.00000000099999999947 
0.09871606313799088928 0.00549657968668487099 0.00000000099999999972 0.00000000099999999972 0.28672037755375490153 0.00000000099999999972 0.60906697462156922374 0.00000000099999999972 0.00000000099999999972 
0.00000000099999999943 0.16912311644815583578 0.00000000099999999943 0.32978802987464589380 0.00000000099999999943 0.20828462996669000473 0.00000000099999999943 0.00000000099999999943 0.29280421871050837934 
0.00000000099999999862 0.99999999200000000421 0.00000000099999999862 0.00000000099999999862 0.00000000099999999862 0.00000000099999999862 0.00000000099999999862 0.00000000099999999862 0.00000000099999999862 
0.18279271616576456272 0.17828527922150569363 0.01122448949236393850 0.10252794404221740598 0.12266032151305591991 0.04230925443815841680 0.17500142217008227141 0.04829510477337255192 0.13690346818347928770 
0.00000000099999999883 0.00000000099999999883 0.00000000099999999883 0.45085375299549385053 0.00000000099999999883 0.00000000099999999883 0.11525586343787824761 0.00000000099999999883 0.43389037756662790501 
0.08123256649584009725 0.01602741833207755456 0.00000000099999999972 0.00000000099999999972 0.53813657250344970606 0.00000000099999999972 0.36460343766863273496 0.00000000099999999972 0.00000000099999999972 
0.00000000099999999883 0.00000000099999999883 0.00000000099999999883 0.99999999199999989319 0.00000000099999999883 0.00000000099999999883 0.00000000099999999883 0.00000000099999999883 0.00000000099999999883 
0.00000000099999999874 0.00000000099999999874 0.00000000099999999874 0.99999999200000000421 0.00000000099999999874 0.00000000099999999874 0.00000000099999999874 0.00000000099999999874 0.00000000099999999874 
0.16137641559609725017 0.13410023405708987321 0.01429770096761716694 0.06484366287487668135 0.22477719773445900553 0.07723822309250003015 0.01326043797608847732 0.10118359586739725242 0.20892253183387415882 
0.00000000099999999892 0.00000000099999999892 0.00000000099999999892 0.69871045290492295177 0.07461717058804703817 0.00000000099999999892 0.22667237050702984669 0.00000000099999999892 0.00000000099999999892 
0.10363355205184562879 0.04783175523200137308 0.11545497542558375015 0.12430487192064604285 0.05720371673979143812 0.08433780634138167420 0.19022486624358128648 0.19484334604167224958 0.08216511000349660532 
0.00000000099999999961 0.00000000099999999961 0.00000000099999999961 0.00000000099999999961 0.00000000099999999961 0.00000000099999999961 0.31945768722381606697 0.68054230577618379794 0.00000000099999999961 
0.00000000099999999944 0.00000000099999999944 0.99999999200000000421 0.00000000099999999944 0.00000000099999999944 0.00000000099999999944 0.00000000099999999944 0.00000000099999999944 0.00000000099999999944 
0.07404671880249968918 0.01247429750296240487 0.17470066755567922878 0.19871923137896352340 0.13963892407479558400 0.23339311979150309528 0.08401730475424881717 0.03579635502357133431 0.04721338111577630392 
0.32564642883617900271 0.01153114770488612370 0.00000000099999999977 0.00000000099999999977 0.63552844337791325469 0.00000000099999999977 0.02729397508102157643 0.00000000099999999977 0.00000000099999999977 
0.08741677690380021681 0.07699520555081758311 0.14895649892071491371 0.17022761107950029613 0.14597034045372367372 0.10212957188105897810 0.15635083435710536715 0.02661343529441624958 0.08533972555886265576 
0.00000000099999999867 0.80675450428682293769 0.00000000099999999867 0.19324548871317703824 0.00000000099999999867 0.00000000099999999867 0.00000000099999999867 0.00000000099999999867 0.00000000099999999867 
0.08899552980974743954 0.15889612040250597480 0.05391832237924753385 0.11969419376069581618 0.11411785965960957734 0.06226807284415912525 0.13915226726683369018 0.13489488969622595582 0.12806274418097485235 
0.37746754434325507921 0.62253244865674506325 0.00000000099999999928 0.00000000099999999928 0.00000000099999999928 0.00000000099999999928 0.00000000099999999928 0.00000000099999999928 0.00000000099999999928 
0.00000000099999999895 0.00000000099999999895 0.00000000099999999895 0.00000000099999999895 0.00000000099999999895 0.99999999199999989319 0.00000000099999999895 0.00000000099999999895 0.00000000099999999895 
0.00000000099999999916 0.00000000099999999916 0.00000000099999999916 0.00000000099999999916 0.00000000099999999916 0.00000000099999999916 0.99999999200000000421 0.00000000099999999916 0.00000000099999999916 
0.17141248776081383087 0.09832356910225321933 0.01400137144028526862 0.12444742017867209405 0.02285230117886334275 0.18147365599541256942 0.15578799505288870586 0.18654882801413869009 0.04515237127667221656 
0.03707914807205467400 0.00000000099999999982 0.00000000099999999982 0.32029217117026742567 0.15808972265039181182 0.00000000099999999982 0.12541578152033225346 0.13135817903768598480 0.22776499454926776855 
0.00000000099999999972 0.00000000099999999972 0.00000000099999999972 0.00000000099999999972 0.00000000099999999972 0.47336922984316176510 0.52291183125948181853 0.00371893289735641605 0.00000000099999999972 
0.13096434168992063252 0.08636071246317725270 0.05684690384911414429 0.17813154512520135153 0.05838525036094477372 0.14491323749112020036 0.00916628762876146169 0.16985016284248904972 0.16538155854927108490 
0.19166504435776013371 0.14274293416966615800 0.16850898194032626343 0.03420604151672877041 0.01400607328678287085 0.08378661576525393839 0.14066364524550500903 0.17542921842551340017 0.04899144529246342999 
0.00000000099999999920 0.00000000099999999920 0.00000000099999999920 0.00000000099999999920 0.00000000099999999920 0.24500377147654087140 0.07352066900947099026 0.00000000099999999920 0.68147555351398803047 
0.01829002713421955251 0.04358577049544103132 0.47706044331486202603 0.00000000099999999982 0.40621735519850699081 0.02293933800248437738 0.03190706285448607210 0.00000000099999999982 0.00000000099999999982 
0.07334998630583910995 0.00000000099999999974 0.00000000099999999974 0.47684513176938125856 0.03421936125689606367 0.00000000099999999974 0.27856122863461058037 0.09647226763188947174 0.04055202140138344791 
0.58868227774492187798 0.00000000099999999925 0.00000000099999999925 0.00000000099999999925 0.00000000099999999925 0.00000000099999999925 0.00000000099999999925 0.41131771525507820897 0.00000000099999999925 
0.00000000099999999917 0.00000000099999999917 0.00000000099999999917 0.99999999200000000421 0.00000000099999999917 0.00000000099999999917 0.00000000099999999917 0.00000000099999999917 0.00000000099999999917 
0.22146427084987027611 0.12067928311720335643 0.00205432643341931648 0.05064726108209813976 0.07114072914424288130 0.05434831178774746779 0.12596247510821728666 0.26125888249554901632 0.09244445998165237710 
0.00000000099999999974 0.00000000099999999974 0.00000000099999999974 0.00000000099999999974 0.00000000099999999974 0.00000000099999999974 0.69351646863987570502 0.30648352436012421540 0.00000000099999999974 
0.00000000099999999926 0.99999999199964806351 0.00000000099999999926 0.00000000099999999926 0.00000000099999999926 0.00000000099999999926 0.00000000099999999926 0.00000000099999999926 0.00000000100035209617 
0.12558554143276545734 0.12750505079393270602 0.09713363242759485983 0.09144497610179047609 0.08911324411215139352 0.20861714968193378894 0.09334276278125140658 0.13590118201955506128 0.03135646064902492675 
0.00000000099999999920 0.00000000099999999920 0.00000000099999999920 0.99999999200000000421 0.00000000099999999920 0.00000000099999999920 0.00000000099999999920 0.00000000099999999920 0.00000000099999999920 
0.99999999200000022626 0.00000000099999999911 0.00000000099999999911 0.00000000099999999911 0.00000000099999999911 0.00000000099999999911 0.00000000099999999911 0.00000000099999999911 0.00000000099999999911 
0.04612171312108133414 0.11912641924008797456 0.00000000099999999977 0.00000000099999999977 0.07048012728403060811 0.00000000099999999977 0.76427173535480008582 0.00000000099999999977 0.00000000099999999977 
0.07182320873407097017 0.19080770416112893817 0.06366044536903123219 0.10255675297678049085 0.09335219988624451903 0.07276081638762756099 0.13169312313562364647 0.07960035430674530788 0.19374539504274740365 
0.61621820943825666994 0.00000000099999999931 0.00000000099999999931 0.00000000099999999931 0.38378178356174336150 0.00000000099999999931 0.00000000099999999931 0.00000000099999999931 0.00000000099999999931 
0.00000000099999999860 0.00000000099999999860 0.00000000099999999860 0.00000000099999999860 0.99999999199999989319 0.00000000099999999860 0.00000000099999999860 0.00000000099999999860 0.00000000099999999860 
0.01679800649705731272 0.00000000099999999974 0.00000000099999999974 0.47073045412804304100 0.06805109688042168536 0.00000000099999999974 0.08227251827044815280 0.18807980672985008530 0.17406811449417977644 
0.00000000099999999903 0.73542068957366379944 0.00000000099999999903 0.26457930342633639853 0.00000000099999999903 0.00000000099999999903 0.00000000099999999903 0.00000000099999999903 0.00000000099999999903 
0.00000000099999999798 0.00000000099999999798 0.00000000099999999798 0.00000000099999999798 0.00000000099999999798 0.00000000099999999798 0.00000000099999999798 0.00000000099999999798 0.99999999199999989319 
0.00000000099999999868 0.99999999200000011523 0.00000000099999999868 0.00000000099999999868 0.00000000099999999868 0.00000000099999999868 0.00000000099999999868 0.00000000099999999868 0.00000000099999999868 
0.00000000099999999858 0.00000000099999999858 0.00000000099999999858 0.00000000099999999858 0.00000000099999999858 0.00000000099999999858 0.00000000099999999858 0.00000000099999999858 0.99999999200000000421 
0.04702475587334415535 0.00000000099999999982 0.00000000099999999982 0.09176403220889696455 0.05621678239992096426 0.00000000099999999982 0.28616711272895689611 0.06579483597827250063 0.45303247781060834720 
0.00000000099999999962 0.11527065595008099963 0.22215604005160372036 0.00000000099999999962 0.25523147883407332204 0.02818830041601021186 0.00000000099999999962 0.22785954329680824237 0.15129397845142344980 
0.00002335902108442632 0.00000000099999999918 0.00000000099999999918 0.49482742759011544287 0.00000000099999999918 0.00000000099999999918 0.00515487319067954239 0.49999433519812053195 0.00000000099999999918 
0.00000000099999999926 0.00000000099999999926 0.00000000099999999926 0.00000000099999999926 0.00000000099999999926 0.30608753260920923411 0.22392865159466615599 0.46998380979612441877 0.00000000099999999926 
0.00000000099999999917 0.00000000099999999917 0.08839873972968992355 0.00000000099999999917 0.00000000099999999917 0.00000000099999999917 0.46246330747010533369 0.00000000099999999917 0.44913794680020485695 
0.22364438205280662286 0.00000000099999999921 0.00000000099999999921 0.00000000099999999921 0.33125514993471910641 0.44510046201247427389 0.00000000099999999921 0.00000000099999999921 0.00000000099999999921 
0.15328684996930111439 0.01091165799116024758 0.66595734324844546581 0.00000000099999999950 0.06425290661575476514 0.09483943380747412999 0.00000000099999999950 0.01075180536786418672 0.00000000099999999950 
0.00000000099999999950 0.30463753442168911567 0.00000000099999999950 0.00000000099999999950 0.00000000099999999950 0.53593895528884660795 0.15942350428946414076 0.00000000099999999950 0.00000000099999999950 
0.00000000099999999964 0.00000000099999999964 0.61387678671712253564 0.00000000099999999964 0.00000000099999999964 0.38612320628287738478 0.00000000099999999964 0.00000000099999999964 0.00000000099999999964 
0.14220552639994391009 0.14496722407777207220 0.03395222506854145977 0.08587705212364568630 0.14642269944936361914 0.02194880498683482797 0.08011960950632518452 0.16374042415822900876 0.18076643422934418615 
0.00000000099999999901 0.00000000099999999901 0.00000000099999999901 0.22640954890628073315 0.55880564934764054286 0.00000000099999999901 0.21478479574607872715 0.00000000099999999901 0.00000000099999999901 
0.00000000913036044684 0.00000000099999999975 0.00000000099999999975 0.49988683674971545745 0.00000000099999999975 0.00000000099999999975 0.04636631642298025269 0.00000000099999999975 0.45374683269694388033 
0.18400172571639639152 0.17813652889268716262 0.15004553577130727571 0.03737199256574614409 0.10199552857075562529 0.07683340697994582580 0.07337944758423689540 0.19307097607502132774 0.00516485784390335011 
0.57276048410321578341 0.00000000099999999869 0.00000000099999999869 0.00000000099999999869 0.00000000099999999869 0.42723950889678424803 0.00000000099999999869 0.00000000099999999869 0.00000000099999999869 
0.00000000099999999865 0.00000000099999999865 0.00000000099999999865 0.00000000099999999865 0.00000000099999999865 0.99999999199999989319 0.00000000099999999865 0.00000000099999999865 0.00000000099999999865 
0.00000000099999999941 0.22228655212412115616 0.00000000099999999941 0.23036805615378219692 0.00000000099999999941 0.15610595341196550900 0.23043527026508933697 0.00000000099999999941 0.16080416404504185857 
0.13628663288186573799 0.02049169956946734344 0.18228849502393151827 0.14092381390425950949 0.10727345650984605741 0.02438760785892426369 0.09770421244081524403 0.16241028715172392549 0.12823379465916667774 
0.58363641933445209453 0.00000000099999999899 0.00000000099999999899 0.00000000099999999899 0.00000000099999999899 0.00000000099999999899 0.00000000099999999899 0.00000000099999999899 0.41636357366554804793 
0.00297600780007069559 0.00000000099999999949 0.00000000099999999949 0.49902329922202737222 0.00000000099999999949 0.00000000293118742727 0.00164161478010027974 0.49635907126661416022 0.00000000099999999949 
0.51155838893616423224 0.00000000099999999851 0.00000000099999999851 0.00000000099999999851 0.00000000099999999851 0.00000000099999999851 0.00000000099999999851 0.48844160406383596573 0.00000000099999999851 
0.00000000099999999961 0.11962688437285259879 0.21647091733540402281 0.00000000099999999961 0.25541622468126323753 0.02830125899682936139 0.00000000099999999961 0.22753186532429908739 0.15265284628935177347 
0.18112485734776637147 0.00000000099999999958 0.20973036913661116665 0.00000000099999999958 0.00000000099999999958 0.00000000099999999958 0.60914476751562252055 0.00000000099999999958 0.00000000099999999958 
0.00000000099999999947 0.61927570149267097133 0.29942385824161449337 0.00000000099999999947 0.00000000099999999947 0.08130043426571451071 0.00000000099999999947 0.00000000099999999947 0.00000000099999999947 
0.00000000099999999931 0.00000000099999999931 0.13893984688943639139 0.28418183771345029154 0.44865411691355189250 0.00000000099999999931 0.00000000099999999931 0.00000000099999999931 0.12822419348356148272 
0.00000000099999999960 0.13441795428223335396 0.20258146814659697132 0.00000000099999999960 0.25252029086796884405 0.02477574611205655628 0.00000000099999999960 0.22414307699582253219 0.16156146059532167092 
0.00000000099999999858 0.12573966762564722788 0.00000000099999999858 0.00000000099999999858 0.00000000099999999858 0.20432632034880904293 0.00000000099999999858 0.66993400602554364909 0.00000000099999999858 
0.00000000099999999971 0.00000000099999999971 0.52545125549400173437 0.00000000099999999971 0.26029067126821830991 0.00000000099999999971 0.14227010767778139333 0.07198796055999848176 0.00000000099999999971 
0.00000000099999999972 0.00000000099999999972 0.52329969737495984905 0.00000000099999999972 0.26184513413528998083 0.00000000099999999972 0.13791295819260393496 0.07694220529714621004 0.00000000099999999972 
0.15741571639140378158 0.14708355478341889055 0.10920888729073639778 0.16177683415241597698 0.04599385089113325331 0.03865785276084231226 0.12399366485183932474 0.15473784076928864817 0.06113179810892140076 
0.00000000099999999891 0.00000000099999999891 0.00000000099999999891 0.49989848335265235635 0.00000000099999999891 0.00000000099999999891 0.50010150964734734202 0.00000000099999999891 0.00000000099999999891 
0.00000000099999999961 0.11962420443604290798 0.21647984304368256270 0.00000000099999999961 0.25541523032931812143 0.02829641789793498410 0.00000000099999999961 0.22752985471499018177 0.15265444657803131645 
0.09449711735913300659 0.17086191148418222729 0.04028291325821306557 0.08386777763522271223 0.11333040835997669482 0.20630001504239603438 0.20713473952248634413 0.06072141440749927871 0.02300370293089039689 
0.01226695220942578338 0.15822551544080362684 0.15584755876072758918 0.06667162657934265491 0.17915499080327637604 0.11283969053698274243 0.03225411396361271832 0.14683200328168349857 0.13590754842414490278 
0.36934229795653689132 0.00000000099999999922 0.00000000099999999922 0.01853817673987230574 0.00000000099999999922 0.00000000099999999922 0.04712806695472763346 0.00000000099999999922 0.56499145334886302638 
0.00000000099999999949 0.00000000099999999949 0.17235615119196157075 0.00000000099999999949 0.00000000099999999949 0.82764384180803851621 0.00000000099999999949 0.00000000099999999949 0.00000000099999999949 
0.42992555635417123439 0.00000000099999999919 0.00000000099999999919 0.00000000099999999919 0.00000000099999999919 0.00000000099999999919 0.57007443664582879705 0.00000000099999999919 0.00000000099999999919 
0.00000000099999999939 0.00000000099999999939 0.00000000099999999939 0.00000000099999999939 0.28656589411654087574 0.00000000099999999939 0.00000000099999999939 0.39284592113807409453 0.32058817874538503290 
0.03834300357392281255 0.00000000099999999954 0.00000000099999999954 0.00000000099999999954 0.21089843960707210790 0.00000000099999999954 0.75075855081900499943 0.00000000099999999954 0.00000000099999999954 
0.00000000099999999976 0.18995931453797548771 0.25693366174045823014 0.00000000099999999976 0.31309229588111975318 0.02932199023679736560 0.00000000099999999976 0.12752349938645868299 0.08316923521719052359 
0.40853039565181137327 0.01718754569578734986 0.00000000099999999916 0.00000000099999999916 0.00000000099999999916 0.27824646640383365881 0.00000000099999999916 0.29603558724856754436 0.00000000099999999916 
0.00000000099999999885 0.00000000099999999885 0.00000000099999999885 0.00000000099999999885 0.38533595842186890712 0.38677943521028962381 0.22788460036784144447 0.00000000099999999885 0.00000000099999999885 
0.00000000099999999922 0.99999999200000022626 0.00000000099999999922 0.00000000099999999922 0.00000000099999999922 0.00000000099999999922 0.00000000099999999922 0.00000000099999999922 0.00000000099999999922 
0.00000000099999999953 0.00000000099999999953 0.51619090316745552816 0.00000000099999999953 0.16932586747726155463 0.00000000099999999953 0.23597557845509561925 0.07850764590018721734 0.00000000099999999953 
0.99999999200000022626 0.00000000099999999938 0.00000000099999999938 0.00000000099999999938 0.00000000099999999938 0.00000000099999999938 0.00000000099999999938 0.00000000099999999938 0.00000000099999999938 
0.00000000099999999929 0.50000337381166970463 0.44736761518208306709 0.00000000099999999929 0.00000000099999999929 0.05262900500624716205 0.00000000099999999929 0.00000000099999999929 0.00000000099999999929 
0.00000000099999999987 0.04587889136461050649 0.25481155051179732451 0.03375622177082640563 0.00000000099999999987 0.14033714284977752418 0.00000000099999999987 0.27161637941955618647 0.25359981108343188083 
0.09016204350155133940 0.04590656442499282258 0.11963864705455146131 0.15131262231375575134 0.13120735961232146694 0.14259596689720799301 0.11618221332284178748 0.13089678607963184387 0.07209779679314559653 
0.99999999200000022626 0.00000000099999999940 0.00000000099999999940 0.00000000099999999940 0.00000000099999999940 0.00000000099999999940 0.00000000099999999940 0.00000000099999999940 0.00000000099999999940 
0.00000000099999999971 0.00000000099999999971 0.00000000099999999971 0.00755114375563468391 0.00000000099999999971 0.00000000099999999971 0.00000000099999999971 0.47062740403673058998 0.52182144620763470932 
0.00000000099999999932 0.00000000099999999932 0.14993943096784176361 0.00000000099999999932 0.21452487672664660723 0.23146545253397124431 0.00000000099999999932 0.40407023477154035973 0.00000000099999999932 
0.00000000099999999903 0.00000000099999999903 0.00000000099999999903 0.00000000099999999903 0.00000000099999999903 0.00000000099999999903 0.59360703057412012029 0.00000000099999999903 0.40639296242587985564 
0.00000000099999999899 0.00000000099999999899 0.11544272544570094441 0.00000000099999999899 0.35594681444913767177 0.00000000099999999899 0.32226557031428471056 0.00000000099999999899 0.20634488479087659263 
0.33270170211168748065 0.00000000099999999977 0.25879849180295677602 0.06736383429825447411 0.00000000099999999977 0.00000000099999999977 0.22211931110035310066 0.00000000099999999977 0.11901665668674837884 
0.04331148004708981064 0.00000000099999999974 0.00000000099999999974 0.28772884964226003168 0.04254566761151704762 0.00000000099999999974 0.14897266161238056914 0.17059709519268850819 0.30684424289406414532 
0.00000000099999999934 0.00000000099999999934 0.00000000099999999934 0.00000000099999999934 0.00000000099999999934 0.00000000099999999934 0.90951699685501052883 0.09048299614498930832 0.00000000099999999934 
0.15415994076445108107 0.19578685376059112855 0.12604530625368637331 0.00697793833254446196 0.06153582004400522110 0.08341966564174882470 0.10598435386590016050 0.21179649137818257199 0.05429362995889032428 
0.09137501800951103315 0.00022526281591191363 0.39498949572158897903 0.00000000099999999969 0.30153422415958242020 0.10719105407806643615 0.10468494221533908295 0.00000000099999999969 0.00000000099999999969 
0.12590819154210095010 0.00000000099999999908 0.00000000099999999908 0.00000000099999999908 0.50459697157379368448 0.00000000099999999908 0.00000000099999999908 0.36949483088410539633 0.00000000099999999908 
0.02809365778296035038 0.05536276828440535314 0.03339015628595227297 0.11635987415985409033 0.22409394446956945601 0.24768283149753736461 0.00128465479425032315 0.23173143925637537666 0.06200067346909549776 
0.00000000099999999974 0.00000000099999999974 0.52229747635498058322 0.20378690321677400688 0.16123445412470094329 0.00000000099999999974 0.03861847660444317487 0.07406268569910125221 0.00000000099999999974 
0.05875952441583758706 0.18799449852855590337 0.21120692517991615511 0.08237116208720010602 0.02529585896044511326 0.11191466946519842973 0.09249523408228288446 0.02972575793646473064 0.20023636934409910770 
0.00000000099999999887 0.00000000099999999887 0.00000000099999999887 0.26629684659122315749 0.00000000099999999887 0.23066821828226483082 0.50303492912651182056 0.00000000099999999887 0.00000000099999999887 
0.00000000099999999925 0.00000000099999999925 0.00000000099999999925 0.53452396026965542930 0.46547603273034465765 0.00000000099999999925 0.00000000099999999925 0.00000000099999999925 0.00000000099999999925 
0.59312846987120260156 0.00000000099999999933 0.00000000099999999933 0.00000000099999999933 0.40687152312879759641 0.00000000099999999933 0.00000000099999999933 0.00000000099999999933 0.00000000099999999933 
0.00000000099999999950 0.00000000099999999950 0.00000000099999999950 0.00000000099999999950 0.00000000099999999950 0.39951125496665290671 0.60048873803334712473 0.00000000099999999950 0.00000000099999999950 
0.00346396245363275821 0.00000000099999999913 0.00000000099999999913 0.49935148519547661872 0.00007434886118027028 0.00000000099999999913 0.49711019848971049750 0.00000000099999999913 0.00000000099999999913 
0.51281023806991266056 0.32545487246956034122 0.16173488346052708464 0.00000000099999999945 0.00000000099999999945 0.00000000099999999945 0.00000000099999999945 0.00000000099999999945 0.00000000099999999945 
0.00000000099999999926 0.35623155036903270121 0.00000000099999999926 0.00000000099999999926 0.00000000099999999926 0.57006899155004164825 0.00000000099999999926 0.00000000099999999926 0.07369945208092568145 
0.15496596275150667510 0.00000000099999999975 0.00000000099999999975 0.04482018608906000734 0.00000000099999999975 0.55259530341059881486 0.12778319548233119107 0.11983534826650328597 0.00000000099999999975 
0.61526982122157081179 0.00000000099999999929 0.00000000099999999929 0.00000000099999999929 0.00000000099999999929 0.19866967309228761307 0.00000000099999999929 0.18606049968614171708 0.00000000099999999929 
0.45183676901528319059 0.00000000099999999895 0.00000000099999999895 0.39780555257188410234 0.00000000099999999895 0.00000000099999999895 0.15035767241283259921 0.00000000099999999895 0.00000000099999999895 
0.16811453471302970075 0.07024519689562240543 0.19230531742259010519 0.03253268113948631912 0.12384700308333639052 0.09628597124367072047 0.01946489992188720625 0.15577665816942026789 0.14142773741095684970 
0.62961407999146179471 0.37038591300853834776 0.00000000099999999930 0.00000000099999999930 0.00000000099999999930 0.00000000099999999930 0.00000000099999999930 0.00000000099999999930 0.00000000099999999930 
0.00000000099999999925 0.16544439339590286120 0.14762649907141975336 0.26534015697605251027 0.00000000099999999925 0.00000000099999999925 0.42158894555662496106 0.00000000099999999925 0.00000000099999999925 
0.03956581544299298675 0.10194399039406490393 0.13902824260656171385 0.21038376555705609605 0.02556587771831413114 0.19518092676099324523 0.15334330773775922685 0.05157188879909355844 0.08341618498316426267 
0.07062877541033457662 0.00000000099999999941 0.00000000099999999941 0.36842161442782772607 0.00000000099999999941 0.00000000099999999941 0.00000000099999999941 0.18980587016028885317 0.37114373500154873575 
0.10452215175860066210 0.02349321795943947952 0.00000000099999999981 0.50000012103876700920 0.16168497578430671147 0.00000000099999999981 0.21029952945888624738 0.00000000099999999981 0.00000000099999999981 
0.05878573456649308776 0.06370551158824491744 0.00002089854596421319 0.00000000099999999990 0.03768076156084084610 0.00000749055268442712 0.05277136447261759900 0.28706239191473909012 0.49996584579841585327 
0.00000000099999999910 0.29844270074322654107 0.00000000099999999910 0.00000000099999999910 0.00000000099999999910 0.21476657337610313703 0.33414055268418568767 0.00000000099999999910 0.15265016819648455360 
0.06737947921171702492 0.00000000099999999922 0.00000000099999999922 0.30594707460393189002 0.00000000099999999922 0.46569742663689994711 0.16097601454745108507 0.00000000099999999922 0.00000000099999999922 
0.00000000099999999911 0.00000000099999999911 0.00000000099999999911 0.23968758261766653916 0.00000000099999999911 0.00000000099999999911 0.40661645056152456723 0.00000000099999999911 0.35369596082080884125 
0.00000000099999999929 0.61939190159455281837 0.00000000099999999929 0.18845803958774143272 0.00000000099999999929 0.19215005281770602963 0.00000000099999999929 0.00000000099999999929 0.00000000099999999929 
0.00000000099999999908 0.23959949469503818986 0.00000000099999999908 0.23614790666378135398 0.00000000099999999908 0.36106765176237598514 0.00000000099999999908 0.00000000099999999908 0.16318494187880447366 
0.00000000099999999930 0.00000000099999999930 0.00000000099999999930 0.56969155970613694073 0.00000000099999999930 0.00000000099999999930 0.00000000099999999930 0.00000000099999999930 0.43030843329386331275 
0.15233306019846798440 0.00000000099999999914 0.00000000099999999914 0.12055974397302814116 0.00000000099999999914 0.72710718982850386372 0.00000000099999999914 0.00000000099999999914 0.00000000099999999914 
0.74708081145201887807 0.00000000099999999921 0.22035260876602463798 0.00000000099999999921 0.00000000099999999921 0.00000000099999999921 0.00000000099999999921 0.00000000099999999921 0.03256657378195675079 
0.00000000099999999937 0.00000000099999999937 0.00000000099999999937 0.00000000099999999937 0.00000000099999999937 0.00000000099999999937 0.99999999200000000421 0.00000000099999999937 0.00000000099999999937 
0.00000000099999999885 0.58923099570805048675 0.00000000099999999885 0.37436611087302479328 0.00000000099999999885 0.03640288741892466762 0.00000000099999999885 0.00000000099999999885 0.00000000099999999885 
0.00000000099999999867 0.00000000099999999867 0.00000000099999999867 0.27660579751089386935 0.00000000099999999867 0.64352034603618857300 0.07987385045291739427 0.00000000099999999867 0.00000000099999999867 
0.00000000099999999932 0.00000000099999999932 0.00000000099999999932 0.38777545006015157192 0.00000000099999999932 0.42277270168333919154 0.00000000099999999932 0.18945184225650910093 0.00000000099999999932 
0.00000000099999999900 0.32313072356221433923 0.00000000099999999900 0.00000000099999999900 0.35717118126562652503 0.00000000099999999900 0.00000000099999999900 0.00000000099999999900 0.31969808917215919442 
0.16924008968753276316 0.00000000099999999916 0.00000000099999999916 0.08585731649390916653 0.00000000099999999916 0.00000000099999999916 0.43292767213949712168 0.00000000099999999916 0.31197491667906102064 
0.00000000099999999960 0.32507004222844443353 0.00000000099999999960 0.29206246689673925898 0.00000000099999999960 0.17099978338690827173 0.00000000099999999960 0.13987522310520228430 0.07199248038270576744 
0.00000000099999999889 0.52202628513376947428 0.00000000099999999889 0.00000000099999999889 0.00000000099999999889 0.00000000099999999889 0.47797370786623044614 0.00000000099999999889 0.00000000099999999889 
0.24332725196432672399 0.10109686201020919027 0.00000000099999999948 0.00000000099999999948 0.00000000099999999948 0.37443408489540269679 0.00000000099999999948 0.00000000099999999948 0.28114179613006140546 
0.00116465412314777257 0.00000000099999999982 0.00000000099999999982 0.44227861049933731019 0.01653327307823263675 0.00000000099999999982 0.23310871711274586127 0.21471407540802006642 0.09220066677851641856 
0.07394555046357995098 0.00000000099999999887 0.00000000099999999887 0.24985240351827447958 0.00000000099999999887 0.00000000099999999887 0.39053601856325409480 0.28566602245489136624 0.00000000099999999887 
