0.11505542843193823643 0.10476370394409917353 0.11690098311435823120 0.14438407171950579100 0.10163783429907445599 0.15879110396167786523 0.12199325872015528982 0.08186753205034980052 0.05460608375884119098 
0.00000000099999999926 0.00000000099999999926 0.00000000099999999926 0.00000000099999999926 0.50047690471671957280 0.49952308828328034762 0.00000000099999999926 0.00000000099999999926 0.00000000099999999926 
0.09261851093616133013 0.00000000099999999940 0.19561901410352677821 0.00000000099999999940 0.00000000099999999940 0.00000000099999999940 0.21477256263098754019 0.07810164265034998110 0.41888826567897419206 
0.20555516574482526893 0.16290868441735559258 0.03344035989247821916 0.15359225354238720263 0.02265534766479482959 0.17397419206342254472 0.01581461078271518064 0.21633737797682769943 0.01572200791519348662 
0.00000000099999999898 0.05023301057538583081 0.23197319994198595250 0.00000000099999999898 0.00000000099999999898 0.00000000099999999898 0.48102888522590625531 0.00000000099999999898 0.23676489925672186687 
0.00000000099999999949 0.00000000100011752941 0.00000000099999999949 0.00000000099999999949 0.00000000099999999949 0.00000000099999999949 0.00000000099999999949 0.99999999199988243159 0.00000000099999999949 
0.15373223315002101930 0.00000000099999999902 0.48208313020172727237 0.00000000099999999902 0.00000000099999999902 0.33476400520293481122 0.00000000099999999902 0.00000000099999999902 0.02942062644531690321 
0.55699927275094474055 0.00000000099999999956 0.00000000099999999956 0.00000000099999999956 0.44300072024905545742 0.00000000099999999956 0.00000000099999999956 0.00000000099999999956 0.00000000099999999956 
0.02666815628495752821 0.16283350401429408372 0.15171132227171207907 0.17452550842852365687 0.14177281252055087823 0.02890768504710252568 0.08332612778367504136 0.05162256067608474164 0.17863232297309938890 
0.45783130837008956249 0.00000000099999999977 0.00000000099999999977 0.00000000099999999977 0.10529427671364803565 0.00000000099999999977 0.43687440891626244666 0.00000000099999999977 0.00000000099999999977 
0.09232044339305410519 0.13866923008140663587 0.22517428512160966858 0.09108758204101537193 0.18393740463368665750 0.17044833293478661718 0.02760140309815364151 0.00735996428570428064 0.06340135441058296351 
0.29793679692786700919 0.00000000099999999970 0.00000000099999999970 0.00000000099999999970 0.70206319607213285572 0.00000000099999999970 0.00000000099999999970 0.00000000099999999970 0.00000000099999999970 
0.09530292176093314860 0.00000000099999999908 0.62894731933214387265 0.00000000099999999908 0.00000000099999999908 0.00000000099999999908 0.27574975290692316232 0.00000000099999999908 0.00000000099999999908 
0.00000000099999999933 0.00000000099999999933 0.00000000099999999933 0.11202615553769303125 0.00000000099999999933 0.00000000099999999933 0.17917233446200198088 0.00000000099999999933 0.70880150400030506042 
0.00000000099999999960 0.00000000099999999960 0.57168683053838376118 0.00000000099999999960 0.10206770171500016697 0.00000000099999999960 0.00000000099999999960 0.32622411562433278887 0.00002134712228336558 
0.99913134592661811961 0.00000000099999999957 0.00000000099999999957 0.00000000099999999957 0.00086864707338206643 0.00000000099999999957 0.00000000099999999957 0.00000000099999999957 0.00000000099999999957 
0.00000000099999999894 0.00000000099999999894 0.99999999200000000421 0.00000000099999999894 0.00000000099999999894 0.00000000099999999894 0.00000000099999999894 0.00000000099999999894 0.00000000099999999894 
0.18471247737346618845 0.10396302445183600027 0.28061195203311650737 0.00000000099999999958 0.00000000099999999958 0.00000000099999999958 0.07986347558524732604 0.00000000099999999958 0.35084906655633418815 
0.00000000099999999863 0.00000000099999999863 0.00000000099999999863 0.00000000099999999863 0.00000000099999999863 0.99999999200000000421 0.00000000099999999863 0.00000000099999999863 0.00000000099999999863 
0.32064259803108113855 0.40901636667217117216 0.00000000099999999920 0.27034102929674774796 0.00000000099999999920 0.00000000099999999920 0.00000000099999999920 0.00000000099999999920 0.00000000099999999920 
0.00000000099999999892 0.39677026902482681603 0.60322972397517304888 0.00000000099999999892 0.00000000099999999892 0.00000000099999999892 0.00000000099999999892 0.00000000099999999892 0.00000000099999999892 
0.27738981056178946272 0.35929011131842147897 0.11612669872902733892 0.00000000099999999980 0.08068983784979431861 0.16650353754096741676 0.00000000099999999980 0.00000000099999999980 0.00000000099999999980 
0.00000000099999999868 0.52623861907672431215 0.47376137392327577480 0.00000000099999999868 0.00000000099999999868 0.00000000099999999868 0.00000000099999999868 0.00000000099999999868 0.00000000099999999868 
0.00000000099999999923 0.00000023638350279640 0.34042357222154601137 0.00000000099999999923 0.00000000099999999923 0.07914459112475376312 0.29081123823493632008 0.00000000099999999923 0.28962035803526103850 
0.00000000099999999812 0.00000000099999999812 0.99999999200000000421 0.00000000099999999812 0.00000000099999999812 0.00000000099999999812 0.00000000099999999812 0.00000000099999999812 0.00000000099999999812 
0.00000000099999999945 0.00812356364056751774 0.47854507451149286279 0.00000000099999999945 0.00000000099999999945 0.00000000099999999945 0.08704648024619107693 0.00000000099999999945 0.42628487660174846363 
0.00000000099999999890 0.99999999200000011523 0.00000000099999999890 0.00000000099999999890 0.00000000099999999890 0.00000000099999999890 0.00000000099999999890 0.00000000099999999890 0.00000000099999999890 
0.17551967992803985119 0.17528324400761161050 0.09975825198527778215 0.17685782928898122202 0.05139008864386328257 0.11959442561686864370 0.13647313516791920174 0.00497684461626719116 0.06014650074517119416 
0.07879712933829065291 0.07434396645837842987 0.19890602180505928542 0.02488029828188280043 0.05689433845859389466 0.06837496106598631163 0.16785858090153157884 0.18519639405730123349 0.14474830963297574682 
0.00000000099999999925 0.00000000099999999925 0.00000000099999999925 0.00000000099999999925 0.00000000099999999925 0.99999999200000011523 0.00000000099999999925 0.00000000099999999925 0.00000000099999999925 
0.01054194997978977894 0.12634270899540278599 0.20270384091697274398 0.08132809966421375436 0.10414247957131389510 0.18023065955956540929 0.19649337584070430962 0.08348706823038734570 0.01472981724164999263 
0.12730910804133574454 0.01880656725220365699 0.02375538626643056150 0.20786825033553554820 0.09802660023014171664 0.09849835627228001322 0.14699725445566649840 0.12304043089893876295 0.15569804624746760857 
0.00000000099999999903 0.00000000099999999903 0.00000000099999999903 0.00000000099999999903 0.00000000099999999903 0.99999999200000011523 0.00000000099999999903 0.00000000099999999903 0.00000000099999999903 
0.16838828316494586224 0.00000000099999999971 0.00000000099999999971 0.00000000099999999971 0.23787788967474243762 0.00000000099999999971 0.20646012464927662733 0.38727369751103501994 0.00000000099999999971 
0.00000000099999999846 0.99999999200000000421 0.00000000099999999846 0.00000000099999999846 0.00000000099999999846 0.00000000099999999846 0.00000000099999999846 0.00000000099999999846 0.00000000099999999846 
0.52261345724978669480 0.47738653575021333664 0.00000000099999999899 0.00000000099999999899 0.00000000099999999899 0.00000000099999999899 0.00000000099999999899 0.00000000099999999899 0.00000000099999999899 
0.74746261292352800254 0.00000000099999999945 0.00000000099999999945 0.00000000099999999945 0.25253738007647213992 0.00000000099999999945 0.00000000099999999945 0.00000000099999999945 0.00000000099999999945 
0.00000000099999999934 0.00000000099999999934 0.99999999200000000421 0.00000000099999999934 0.00000000099999999934 0.00000000099999999934 0.00000000099999999934 0.00000000099999999934 0.00000000099999999934 
0.00000000099999999927 0.00000000099999999927 0.00000000099999999927 0.00000000099999999927 0.00000000099999999927 0.35819156056281514777 0.64180843243718477265 0.00000000099999999927 0.00000000099999999927 
0.00000000099999999896 0.00000000099999999896 0.00000000099999999896 0.00000000099999999896 0.00000000099999999896 0.00000000099999999896 0.00000000099999999896 0.00000000099999999896 0.99999999200000000421 
0.08437547526654944063 0.14333843979998511786 0.03441905761232316729 0.13337283313649361816 0.05883299781214459956 0.24641886633553561348 0.23113451414461647082 0.02615771733752811704 0.04195009855482403210 
0.00000000099999999889 0.00000000099999999889 0.00000000099999999889 0.00000000099999999889 0.00000000099999999889 0.00000000099999999889 0.99999999199999989319 0.00000000099999999889 0.00000000099999999889 
0.68854618723127625213 0.00000000099999999968 0.00000000099999999968 0.00000000099999999968 0.00000000099999999968 0.00000000099999999968 0.00000000099999999968 0.00000000099999999968 0.31145380576872394585 
0.00000000099999999976 0.00000000099999999976 0.00000000099999999976 0.28324275051799313596 0.68055811458408022041 0.03504037907664941248 0.00115875082127714336 0.00000000099999999976 0.00000000099999999976 
0.35857958009129053956 0.00000000099999999920 0.00000000099999999920 0.00000000099999999920 0.00000000099999999920 0.36765852877037791258 0.27376183953999427834 0.00000000099999999920 0.00000004659833696797 
0.00561569012593023890 0.09505292476468889251 0.14595228344773134022 0.15363574359239895450 0.11401195650669085357 0.01925354083526306659 0.16446675073407471257 0.14188928713911710955 0.16012182285410478388 
0.42988518714273915577 0.00000000099999999984 0.00000000099999999984 0.00000000099999999984 0.07011480737412573161 0.49999999948313494924 0.00000000099999999984 0.00000000099999999984 0.00000000099999999984 
0.00000000099999999886 0.00000000099999999886 0.26775558510573566062 0.00000000099999999886 0.00000000099999999886 0.00000000099999999886 0.22264721698099743108 0.00000000099999999886 0.50959719191326691146 
0.00000000099999999951 0.00000000099999999951 0.00000000099999999951 0.00000000099999999951 0.00000000099999999951 0.00000000099999999951 0.15901848442748869883 0.82173884694229759607 0.01924266263021373255 
0.67020594221242102417 0.00000000099999999965 0.00000000099999999965 0.00000000099999999965 0.32979405078757922931 0.00000000099999999965 0.00000000099999999965 0.00000000099999999965 0.00000000099999999965 
0.00000000099999999937 0.11255026522859228055 0.42240002289069172869 0.00000000099999999937 0.00000000099999999937 0.00000000099999999937 0.09125282814307315860 0.00000000099999999937 0.37379687873764294581 
0.00000000099999999858 0.00000000099999999858 0.48562964432308775020 0.00000000099999999858 0.00000000099999999858 0.00000000099999999858 0.51437034867691211470 0.00000000099999999858 0.00000000099999999858 
0.10526221237027008626 0.06622339302005603168 0.02961610616824894571 0.05540349159747653962 0.16518813309412841428 0.17337283921131038666 0.19034004961643932741 0.19299610070602804535 0.02159767421604224732 
0.00000000099999999866 0.41427944538191058266 0.25685147828730775510 0.00000000099999999866 0.00000000099999999866 0.32819599312070335539 0.00000000099999999866 0.00000000099999999866 0.00067307821007827327 
0.80080561775121683610 0.00000000099999999965 0.00000000099999999965 0.00000000099999999965 0.19919437524878338963 0.00000000099999999965 0.00000000099999999965 0.00000000099999999965 0.00000000099999999965 
0.00000000099999999890 0.00000000099999999890 0.00000000099999999890 0.00000000099999999890 0.00000000099999999890 0.99999999200000000421 0.00000000099999999890 0.00000000099999999890 0.00000000099999999890 
0.00000000099999999884 0.00000000099999999884 0.00000000099999999884 0.00000000099999999884 0.00000000099999999884 0.00000000099999999884 0.00000000099999999884 0.00000000099999999884 0.99999999199999989319 
0.09667082308861572881 0.07153053807819839682 0.09516862365428858939 0.18215528962425339699 0.19588411199877628355 0.16859927497608948044 0.11662610956780443405 0.02657542442124852591 0.04678980459072507730 
0.08624711650130482965 0.37439991739284861350 0.00000000099999999903 0.00000000099999999903 0.00000000099999999903 0.12990858012752337647 0.00000000099999999903 0.00000000099999999903 0.40944438097832314138 
0.07130709474874009912 0.14282203420023639739 0.16273997713794211006 0.16454044200805664766 0.12529319422307985676 0.15914180999097096714 0.04208009399398812689 0.12047856019255324955 0.01159679350443233725 
0.00000000099999999969 0.00000000099999999969 0.00000000099999999969 0.20928554288846620834 0.78219048265755442007 0.00845491249653116013 0.00006905695744823290 0.00000000099999999969 0.00000000099999999969 
0.00000000099999999951 0.00000000099999999951 0.00000000099999999951 0.00000000099999999951 0.00000000099999999951 0.00000000099999999951 0.00000000099999999951 0.99999999199999989319 0.00000000099999999951 
0.05263588354718268247 0.06966846699598029657 0.03659662862854113491 0.18498811792790614827 0.15264809395743789144 0.01119124279306431269 0.18276111951985002380 0.15251628543070558375 0.15699416119933196079 
0.93558171772915010855 0.00000000099999999973 0.00000000099999999973 0.00000000099999999973 0.06441827527084999228 0.00000000099999999973 0.00000000099999999973 0.00000000099999999973 0.00000000099999999973 
0.10929005013729317652 0.03874709598160882423 0.05196210914815833914 0.19219228083979889021 0.15298624644936512085 0.09790585429927620154 0.10541575301262789965 0.11696882052616371095 0.13453178960570766343 
0.00000000099999999928 0.00000000099999999928 0.49638174575044946568 0.00000000099999999928 0.00000000099999999928 0.00000000099999999928 0.06331630512445916847 0.00000000099999999928 0.44030194312509124410 
0.11073220415067573652 0.09459134296001484032 0.10945417603659811367 0.07488662579544447251 0.07878809650845550183 0.11968425621840161899 0.18423651414176955843 0.07696079599260416404 0.15066598819603602144 
0.66922371187815987703 0.00000000099999999907 0.00000000099999999907 0.00000000099999999907 0.00000000099999999907 0.00000000099999999907 0.33077628112184032094 0.00000000099999999907 0.00000000099999999907 
0.00000000099999999892 0.00000000099999999892 0.00000000099999999892 0.00000000099999999892 0.00000000099999999892 0.00000000099999999892 0.99999999199999978217 0.00000000099999999892 0.00000000099999999892 
0.00000000099999999915 0.00000000099999999915 0.00000000099999999915 0.00000000099999999915 0.99999999200000011523 0.00000000099999999915 0.00000000099999999915 0.00000000099999999915 0.00000000099999999915 
0.06372153040256715861 0.20640294115891710813 0.08823927481876578383 0.01169405815645254039 0.15637126353870231532 0.19352313939539383947 0.05543514338351133997 0.02093515715676723399 0.20367749198892284856 
0.22402295445165032461 0.23736662809314235112 0.16574760368355040407 0.00000000099999999980 0.27377763808920890787 0.09908517168244805606 0.00000000099999999980 0.00000000099999999980 0.00000000099999999980 
0.00000000099999999976 0.00000000099999999976 0.00000000099999999976 0.84893047064032023385 0.00727787320886882656 0.00046093037074961533 0.14333072078006134364 0.00000000099999999976 0.00000000099999999976 
0.02393545994445658506 0.09729053101834227169 0.05193076864497868372 0.02962120639738352601 0.17935493409917432905 0.03940327533005378441 0.14326102890788020017 0.19441524251879643836 0.24078755313893410173 
0.07670199309091461914 0.17861310073708308588 0.17991748994727260746 0.06592539321128901286 0.11452622683793420300 0.13061516376634305092 0.06104237908089042014 0.08495898218990462214 0.10769927113836841315 
0.00000000099999999929 0.58838516930063378130 0.00000000099999999929 0.00000000099999999929 0.00000000099999999929 0.00000000099999999929 0.41161482369936630565 0.00000000099999999929 0.00000000099999999929 
0.18993382577542641809 0.00000000099999999973 0.00000000099999999973 0.00000000099999999973 0.18703923327806812327 0.00000000099999999973 0.27098044690973444037 0.35204648903677082661 0.00000000099999999973 
0.10230906571651268711 0.20253330158790849858 0.09160745008899695563 0.00000000099999999970 0.51778553462293763765 0.08576464398364422315 0.00000000099999999970 0.00000000099999999970 0.00000000099999999970 
0.66175075376295922069 0.00000000099999999930 0.00000000099999999930 0.11420082579828924607 0.00000000099999999930 0.22404841443875170293 0.00000000099999999930 0.00000000099999999930 0.00000000099999999930 
0.00000000099999999917 0.99999999200000011523 0.00000000099999999917 0.00000000099999999917 0.00000000099999999917 0.00000000099999999917 0.00000000099999999917 0.00000000099999999917 0.00000000099999999917 
0.10060351604130970959 0.11293488517389368986 0.04552393785933597087 0.25215234696122529323 0.14365809649126798364 0.11212105025306173811 0.06727049448926653019 0.13950273282051328660 0.02623293991012588117 
0.00000000099999999979 0.00000000099999999979 0.00000000099999999979 0.63064808771207581106 0.30110600228216216623 0.06459872906252318858 0.00364717594323874092 0.00000000099999999979 0.00000000099999999979 
0.00000000099999999916 0.00000000099999999916 0.99999999200000000421 0.00000000099999999916 0.00000000099999999916 0.00000000099999999916 0.00000000099999999916 0.00000000099999999916 0.00000000099999999916 
0.05446039850421584977 0.01681584418619705770 0.17132842132971776161 0.15063493666223617962 0.10322932913864178717 0.04630538959345433664 0.18973776600952690918 0.09778726746051548402 0.16970064711549459613 
0.00000000099999999919 0.99999999200000011523 0.00000000099999999919 0.00000000099999999919 0.00000000099999999919 0.00000000099999999919 0.00000000099999999919 0.00000000099999999919 0.00000000099999999919 
0.00000000099999999919 0.00000000099999999919 0.99999999200000011523 0.00000000099999999919 0.00000000099999999919 0.00000000099999999919 0.00000000099999999919 0.00000000099999999919 0.00000000099999999919 
0.93689303318412731070 0.00000000099999999973 0.00000000099999999973 0.00000000099999999973 0.06310695981587281789 0.00000000099999999973 0.00000000099999999973 0.00000000099999999973 0.00000000099999999973 
0.04501176648282621817 0.14913398083993478771 0.11007315415667859315 0.21146054391497415281 0.21192297733942211391 0.04488743622584667747 0.05989125200929456411 0.07903903957259622581 0.08857984945842678481 
0.04080875989768098511 0.00000000099999999952 0.53889574342834056786 0.00000000099999999952 0.39524120524661743303 0.00000000099999999952 0.02505428642736093336 0.00000000099999999952 0.00000000099999999952 
0.00000000099999999857 0.00000000099999999857 0.00000000099999999857 0.00000000099999999857 0.99999999200000000421 0.00000000099999999857 0.00000000099999999857 0.00000000099999999857 0.00000000099999999857 
0.20894045447625064771 0.44616443447026632452 0.16789259679975965245 0.00000000099999999970 0.06793681781957551513 0.10906569243414793169 0.00000000099999999970 0.00000000099999999970 0.00000000099999999970 
0.61605174667709228231 0.00000000099999999917 0.00000000099999999917 0.00000000099999999917 0.00000000099999999917 0.38388769126016436539 0.00006055606274341667 0.00000000099999999917 0.00000000099999999917 
0.00000000099999999816 0.20608378415523614935 0.79391620884476388209 0.00000000099999999816 0.00000000099999999816 0.00000000099999999816 0.00000000099999999816 0.00000000099999999816 0.00000000099999999816 
0.00000000099999999821 0.00000000099999999821 0.99999999200000000421 0.00000000099999999821 0.00000000099999999821 0.00000000099999999821 0.00000000099999999821 0.00000000099999999821 0.00000000099999999821 
0.00000000099999999854 0.00000000099999999854 0.99999999199999989319 0.00000000099999999854 0.00000000099999999854 0.00000000099999999854 0.00000000099999999854 0.00000000099999999854 0.00000000099999999854 
0.31334687456966059393 0.08157446352799138656 0.17221079184667009709 0.00000000099999999980 0.31346604760916008114 0.11940181844651789889 0.00000000099999999980 0.00000000099999999980 0.00000000099999999980 
0.00000000151319689547 0.08536211631779967723 0.20569846019412754701 0.23766776607325484916 0.15401801720369667770 0.00000000099999999966 0.00000000099999999966 0.31725363569792447427 0.00000000099999999966 
0.15967013684380854111 0.48607640736475782317 0.00000000099999999921 0.35425344979143374990 0.00000000099999999921 0.00000000099999999921 0.00000000099999999921 0.00000000099999999921 0.00000000099999999921 
0.00000000099999999943 0.24409086323879838898 0.00000000099999999943 0.48451075101014734470 0.00000000099999999943 0.00000000099999999943 0.27139837975105435275 0.00000000099999999943 0.00000000099999999943 
0.00000000099999999912 0.47079637691869541394 0.44625274743482551409 0.00000000099999999912 0.00000000099999999912 0.00000000099999999912 0.00000000099999999912 0.08295086964647895023 0.00000000099999999912 
0.00000000099999999893 0.00000000099999999893 0.00000000099999999893 0.00000000099999999893 0.41824620818644298037 0.00000000099999999893 0.58175378481355677351 0.00000000099999999893 0.00000000099999999893 
0.05198848083271854353 0.00000000099999999940 0.00000000099999999940 0.02733733691726042761 0.00000000099999999940 0.00000000099999999940 0.31114572670626788886 0.60952845054375304201 0.00000000099999999940 
0.00000000099999999923 0.00000000099999999923 0.00000000099999999923 0.00000000099999999923 0.00000000099999999923 0.00000000099999999923 0.99999999200000000421 0.00000000099999999923 0.00000000099999999923 
0.00000000099999999956 0.00000000100000014995 0.00000000099999999956 0.00000000099999999956 0.00000000099999999956 0.00000000099999999956 0.00000000099999999956 0.99999999199999989319 0.00000000099999999956 
0.15675084029791758189 0.00886613587654256144 0.06086449761175256185 0.05800543480473061703 0.13844654956273247381 0.21224061480523259693 0.10831162095087766561 0.18493347287638522980 0.07158083321382881226 
0.00000000099999999881 0.45391221072500220757 0.00000000099999999881 0.00000000099999999881 0.54608778227499765734 0.00000000099999999881 0.00000000099999999881 0.00000000099999999881 0.00000000099999999881 
0.00000000099999999954 0.32610161213277494285 0.32213548077805870262 0.00000000099999999954 0.00000000099999999954 0.24797067362799002366 0.00000000099999999954 0.00000000099999999954 0.10379222846117641676 
0.18987028776367656513 0.20419630263038485163 0.01267991106150880010 0.04843227442099349439 0.07959717436559329840 0.02273183633071829135 0.11743701236861882331 0.14536046800386151490 0.17969473305464442325 
0.36033948277219940426 0.00304669563435918658 0.00000000099999999891 0.00000000099999999891 0.00000000099999999891 0.00000000099999999891 0.63661381559344121239 0.00000000099999999891 0.00000000099999999891 
0.00000000099999999866 0.00000000099999999866 0.00000000099999999866 0.00000000099999999866 0.00000000099999999866 0.00000000099999999866 0.82108626647437898960 0.00000000099999999866 0.17891372652562104184 
0.00000000099999999938 0.13930933062789066512 0.48000986726604072397 0.00000000099999999938 0.00000000099999999938 0.00000000099999999938 0.01100742386280849534 0.00000000099999999938 0.36967337324326032810 
0.06561501457754879973 0.06277390622343172188 0.11281840860339258092 0.19067744140201350889 0.10157367003562048358 0.08904658228691028632 0.04085778859175565741 0.19685453076370423853 0.13978265751562279906 
0.23680851741673508704 0.00000000099999999901 0.49579974374187107955 0.00000000099999999901 0.00000000099999999901 0.26739173284139383657 0.00000000099999999901 0.00000000099999999901 0.00000000099999999901 
0.00006462815046281534 0.02367170132143808087 0.00000000099999999958 0.49204229800491494640 0.00000000099999999958 0.00000000099999999958 0.00000000099999999958 0.00000000099999999958 0.48422136752318434283 
0.49355245175797868296 0.00000000099999999933 0.13460634904714441351 0.37184119319487696220 0.00000000099999999933 0.00000000099999999933 0.00000000099999999933 0.00000000099999999933 0.00000000099999999933 
0.00000000099999999965 0.08495595005933129218 0.21086562383731635717 0.23701812475274511294 0.15324764322388653714 0.00000000099999999965 0.00000000099999999965 0.31391265412672075819 0.00000000099999999965 
0.23291416660245647940 0.17227407545934619870 0.28908071720900097024 0.00000000099999999981 0.10474266838452592210 0.04454490723550787179 0.00000000099999999981 0.15644346210916251771 0.00000000099999999981 
0.00000000099999999951 0.00000000099999999951 0.00000000099999999951 0.00000000099999999951 0.00000000099999999951 0.00000000099999999951 0.01674163256135419164 0.97293097601976974431 0.01032738541887613312 
0.00000000099999999915 0.46798779751011904127 0.00000000099999999915 0.00000000099999999915 0.34337735584205836270 0.00000000099999999915 0.00000000099999999915 0.18863484064782254368 0.00000000099999999915 
0.00000000099999999964 0.06296563096290012929 0.22135962967205768948 0.24003456275475648640 0.17567798572303464089 0.00000000099999999964 0.00000000099999999964 0.29996218688725095891 0.00000000099999999964 
0.00000000099999999827 0.00000000099999999827 0.00000000099999999827 0.99999999199999989319 0.00000000099999999827 0.00000000099999999827 0.00000000099999999827 0.00000000099999999827 0.00000000099999999827 
0.17540402096084750649 0.05471213239030989911 0.00000000099999999971 0.04346018034547622505 0.21583870979847669114 0.00000000099999999971 0.00000000099999999971 0.51058495250488955541 0.00000000099999999971 
0.17139399729611445866 0.05548999723810391776 0.00000000099999999973 0.04901878382840072629 0.21579635658163248690 0.00000000099999999973 0.00000000099999999973 0.50830086105574834310 0.00000000099999999973 
0.15053766514868097137 0.08256430854647645035 0.15850681287196119462 0.16064049811941050194 0.18080046640261382418 0.11750873624741797752 0.01740029708089638541 0.10561523140855229308 0.02642598417399036337 
0.36842637543249256993 0.00000000099999999934 0.00000000099999999934 0.00000000099999999934 0.00000000099999999934 0.34435713156170050242 0.00000000099999999934 0.00000000099999999934 0.28721648700580681979 
0.00000000099999999965 0.08495314052026317619 0.21086590725402448721 0.23701502092622478424 0.15324643470787963073 0.00000000099999999965 0.00000000099999999965 0.31391949259160795149 0.00000000099999999965 
0.18232978512104769386 0.18991447339889930279 0.03451427336983008826 0.04863606648357703816 0.15075799810291129477 0.12846196299022583087 0.01854746845773815739 0.12309726271017307209 0.12374070936559743161 
0.13272101861264393174 0.12456124622508299438 0.02917384136267075004 0.15893216451727301686 0.09806405845763510598 0.10906134098638106678 0.08050324101017151956 0.15495936956933648032 0.11202371925880505454 
0.00000000099999999913 0.34401771830395655449 0.55969206835662987931 0.00000000099999999913 0.00000000099999999913 0.09629020733941362487 0.00000000099999999913 0.00000000099999999913 0.00000000099999999913 
0.00000000099999999937 0.00000000100000000370 0.00000000099999999937 0.00000000099999999937 0.00000000099999999937 0.00000000099999999937 0.00000000099999999937 0.99999999199999989319 0.00000000099999999937 
0.00000000099999999915 0.00000000099999999915 0.00000000099999999915 0.00000000099999999915 0.00000000099999999915 0.50039920040590624151 0.49960079259409390096 0.00000000099999999915 0.00000000099999999915 
0.00000000099999999925 0.00000000099999999925 0.30877030617242917643 0.32887835497657613715 0.36235133285099480061 0.00000000099999999925 0.00000000099999999925 0.00000000099999999925 0.00000000099999999925 
0.87548049862229893048 0.00000000099999999945 0.00000000099999999945 0.00000000099999999945 0.12451949437770114260 0.00000000099999999945 0.00000000099999999945 0.00000000099999999945 0.00000000099999999945 
0.09003837823778529370 0.05440719174842081896 0.20834167864685243510 0.08072372848925180033 0.18170405264171518578 0.00000000099999999974 0.00000000099999999974 0.38478496723597455098 0.00000000099999999974 
0.00000000099999999921 0.00000000099999999921 0.15536082952416449543 0.36205590748979726845 0.00000000099999999921 0.00000000099999999921 0.48258325698603826703 0.00000000099999999921 0.00000000099999999921 
0.00000000099999999890 0.12500266520123420877 0.00000000099999999890 0.00000000099999999890 0.48406433846491425665 0.00000000099999999890 0.39093299033385142671 0.00000000099999999890 0.00000000099999999890 
0.00000000099999999951 0.00000000099999999951 0.00000000099999999951 0.00000000099999999951 0.00000000099999999951 0.00000000099999999951 0.99999999199999989319 0.00000000099999999951 0.00000000099999999951 
0.00000000099999999970 0.00456039364472625615 0.00000000099999999970 0.16612334941136311373 0.31826905071396388580 0.00000000099999999970 0.08353317219504906299 0.42751403003489768517 0.00000000099999999970 
0.00000000099999999934 0.00000000099999999934 0.00000000099999999934 0.00000000099999999934 0.00000000099999999934 0.00000000099999999934 0.99999999199999989319 0.00000000099999999934 0.00000000099999999934 
0.00000000099999999925 0.00000000099999999925 0.00000000099999999925 0.00000000099999999925 0.00000000099999999925 0.00000000099999999925 0.99999999199999989319 0.00000000099999999925 0.00000000099999999925 
0.00000000099999999951 0.20536585601362652986 0.24083004044389655363 0.26606435873001638148 0.00000000099999999951 0.00000000099999999951 0.00000000099999999951 0.28773973981246042664 0.00000000099999999951 
0.10413732698088125350 0.04034717738772382323 0.17477888597766033651 0.17106471722577701322 0.02177381521788656488 0.19019537272371803138 0.12189606305276431963 0.02060503531022106483 0.15520160612336769690 
0.00000000099999999936 0.00000000099999999936 0.00000000099999999936 0.00000000099999999936 0.00000000099999999936 0.00000000099999999936 0.99999999200000000421 0.00000000099999999936 0.00000000099999999936 
0.00000000099999999957 0.23267806915253813616 0.37088965365274562114 0.39643227119471635689 0.00000000099999999957 0.00000000099999999957 0.00000000099999999957 0.00000000099999999957 0.00000000099999999957 
0.00000000099999999920 0.00000000099999999920 0.00000000099999999920 0.40373342474287549075 0.27591090666581741253 0.00000000099999999920 0.24054167544717716676 0.07981398814413001586 0.00000000099999999920 
0.00000000099999999916 0.63876021821841566517 0.32266040286669145365 0.03857927265502050090 0.00000000099999999916 0.00000010125987254978 0.00000000099999999916 0.00000000099999999916 0.00000000099999999916 
0.00000000099999999914 0.24471061897449472577 0.20593703427959045293 0.00000000099999999914 0.43450145638854542618 0.00000000099999999914 0.00000000099999999914 0.11485088535736931448 0.00000000099999999914 
0.33868096305655220890 0.39180640506664776712 0.13195634088545010743 0.00000000099999999928 0.00000000099999999928 0.00000000099999999928 0.00000000099999999928 0.13755628599134997470 0.00000000099999999928 
0.52496357804070159503 0.11338869470619179769 0.14522300869591267536 0.00000000099999999970 0.12389566732569987084 0.09252904723149413257 0.00000000099999999970 0.00000000099999999970 0.00000000099999999970 
0.00000000099999999938 0.00000000099999999938 0.00000000099999999938 0.00000000099999999938 0.95711330364859892317 0.04288668935140112909 0.00000000099999999938 0.00000000099999999938 0.00000000099999999938 
0.04530967444047508813 0.18787757185897607792 0.16987048805478990876 0.09555430478896735635 0.01515273693298295130 0.10429205286843096223 0.15185876422979846523 0.16466255587435632557 0.06542185095122278471 
0.21905413962139702599 0.06848426454363797100 0.00000000099999999953 0.00000000099999999953 0.25671874048097487186 0.00000000099999999953 0.09368788062031850605 0.36205497073367159944 0.00000000099999999953 
0.31071443171935864136 0.00000000099999999907 0.00000000099999999907 0.23305561923516829315 0.45622994304547309641 0.00000000099999999907 0.00000000099999999907 0.00000000099999999907 0.00000000099999999907 
0.03506835931684477298 0.16261863639075027632 0.12402929651544759848 0.11218857205886438588 0.21727469830532611383 0.09555660467998591812 0.06199433168585304771 0.07743448368196395593 0.11383501736496395851 
0.11297362617981437927 0.00000000099999999980 0.00000000099999999980 0.00000000099999999980 0.13237817696965931136 0.19800456250221212806 0.00000000099999999980 0.54253966069925219085 0.01410396964906203768 
0.00419244444026446120 0.20943467562535206250 0.05441397415128577247 0.17980691765877726551 0.03407965221861229688 0.21934368921624680659 0.13318470393288664444 0.16286327993451515939 0.00268066282205954966 
0.00000000099999999900 0.22989349480752946375 0.00000000099999999900 0.00000000099999999900 0.00000000099999999900 0.58643045827533502035 0.18367604091713551906 0.00000000099999999900 0.00000000099999999900 
0.59999356994952857125 0.00000000099999999923 0.00000000099999999923 0.00000000099999999923 0.00000000099999999923 0.40000642305047157121 0.00000000099999999923 0.00000000099999999923 0.00000000099999999923 
0.00000000099999999943 0.00000000099999999943 0.00000000099999999943 0.00000000099999999943 0.44480425167130849262 0.00000000099999999943 0.55519574132869153882 0.00000000099999999943 0.00000000099999999943 
0.00000000099999999944 0.00000000099999999944 0.00000000099999999944 0.00000000099999999944 0.08383060823096478986 0.00000000099999999944 0.91616938476903508892 0.00000000099999999944 0.00000000099999999944 
0.49968130333683280497 0.00000000099999999924 0.00000000099999999924 0.00000000099999999924 0.00063664868080788052 0.49968204198235921520 0.00000000099999999924 0.00000000099999999924 0.00000000099999999924 
0.17089174958077735234 0.00000000099999999945 0.33248992819271944166 0.00000000099999999945 0.00000000099999999945 0.00000000099999999945 0.33936949571109170654 0.15724882151541155761 0.00000000099999999945 
0.30431388418729071743 0.26374629460543791426 0.36623318266476156957 0.00000000099999999922 0.00000000099999999922 0.00000000099999999922 0.06570663354251002342 0.00000000099999999922 0.00000000099999999922 
0.28661823948211856417 0.35407911310979700570 0.00000000099999999919 0.00000000099999999919 0.00000000099999999919 0.00000000099999999919 0.35930264140808465534 0.00000000099999999919 0.00000000099999999919 
0.70280315755079458828 0.05606174580200850438 0.00000000099999999891 0.00000000099999999891 0.00000000099999999891 0.00000000099999999891 0.24113509064719679253 0.00000000099999999891 0.00000000099999999891 
0.25174766265034109747 0.48766307149410553778 0.00000000099999999921 0.00000000099999999921 0.00000000099999999921 0.26058925985555336791 0.00000000099999999921 0.00000000099999999921 0.00000000099999999921 
0.04012380983818900765 0.12716780264590663019 0.09784017996260473138 0.12642141625275213346 0.05094880278832697451 0.15562510880782887135 0.11000531334723513688 0.14796026722750502125 0.14390729912965150028 
0.29279647621715759742 0.00000000099999999933 0.45108598613967865187 0.00000000099999999933 0.00000000099999999933 0.00000000099999999933 0.25611753164316375386 0.00000000099999999933 0.00000000099999999933 
0.00000000099999999937 0.00000000099999999937 0.06894182382985145074 0.00000000099999999937 0.00000000099999999937 0.56111862610225993198 0.20423582428419137513 0.16570372078369721702 0.00000000099999999937 
0.14299784350734368044 0.10750930947634074197 0.08998199067925198580 0.14231284985051551040 0.15970991422317992736 0.05206786208179031705 0.06624382903388725818 0.12082474579772289891 0.11835165534996769376 
0.18659616637749651402 0.25479882240689849526 0.28038223892421726413 0.03540329535024812346 0.00000000099999999937 0.22441171292143236027 0.00000000099999999937 0.00000000099999999937 0.01840776101970726872 
0.49652433800997186619 0.00000000099999999982 0.00000000099999999982 0.00000000099999999982 0.00347565644975281239 0.49999999954027518623 0.00000000099999999982 0.00000000099999999982 0.00000000099999999982 
0.00000000105960023544 0.50007979602634788918 0.00000000104015317055 0.49992019663781611660 0.00000000105960029727 0.00000000099999999979 0.00000000103705907476 0.00000000113942324021 0.00000000099999999979 
0.00000000099999999895 0.04896405497276839353 0.45342105972517987578 0.00000000099999999895 0.00000000099999999895 0.00000000099999999895 0.49761487930205172692 0.00000000099999999895 0.00000000099999999895 
0.00000000099999999908 0.19486504925750691708 0.00000000099999999908 0.00000000099999999908 0.00000000099999999908 0.32072844144718992698 0.39473788238853196875 0.00000000099999999908 0.08966862190677123146 
0.00000000099999999900 0.51501672518791330457 0.48498326781208683789 0.00000000099999999900 0.00000000099999999900 0.00000000099999999900 0.00000000099999999900 0.00000000099999999900 0.00000000099999999900 
0.27663411761470718675 0.00000000099999999938 0.25176314775945518587 0.00000000099999999938 0.00000000099999999938 0.22722150257012338481 0.24438080909091386417 0.00000041896480040598 0.00000000099999999938 
0.00000000099999999895 0.00000000099999999895 0.27117239567457379623 0.00000000099999999895 0.00000000099999999895 0.00000000099999999895 0.28157377170563996360 0.00000000099999999895 0.44725382661978613230 
0.00000000099999999908 0.57138905801265604811 0.00000000099999999908 0.00000000099999999908 0.00000000099999999908 0.42861093498734398333 0.00000000099999999908 0.00000000099999999908 0.00000000099999999908 
0.00000000099999999900 0.00000000099999999900 0.00000000099999999900 0.00000000099999999900 0.00000000099999999900 0.00000000099999999900 0.53261812703244060252 0.00000000099999999900 0.46738186596755937341 
0.36452933743229193331 0.22342231822194624780 0.22476604830309046545 0.00000000099999999940 0.00000000099999999940 0.00000000099999999940 0.03068644882259473003 0.15659584322007663593 0.00000000099999999940 
0.00000000099999999935 0.00000000099999999935 0.00000000099999999935 0.00000000099999999935 0.00000000099999999935 0.99999999200000000421 0.00000000099999999935 0.00000000099999999935 0.00000000099999999935 
0.14576822504743169873 0.00000000099999999925 0.24246178778257493347 0.00000000099999999925 0.00000000099999999925 0.00000000099999999925 0.13656187191142235560 0.00000000099999999925 0.47520811025857101484 
0.00000000099999999875 0.00000000099999999875 0.00000000099999999875 0.00000000099999999875 0.00000000099999999875 0.02028917951354574853 0.49963189961288340113 0.00000000099999999875 0.48007891487357073901 
0.25948413821487753550 0.16752465692375922979 0.00000000099999999948 0.13701413442424356659 0.00000000099999999948 0.00000000099999999948 0.00000000099999999948 0.00000000099999999948 0.43597706543711983729 
0.00000000099999999816 0.00000000099999999816 0.67610755096442465284 0.00000000099999999816 0.32389244203557526758 0.00000000099999999816 0.00000000099999999816 0.00000000099999999816 0.00000000099999999816 
0.12180831854604788622 0.24424676832080222111 0.53885696768976931725 0.00000000099999999917 0.00000000099999999917 0.09508794044338080009 0.00000000099999999917 0.00000000099999999917 0.00000000099999999917 
0.12690470547275958801 0.00000000099999999968 0.24864693707226018238 0.07108314730219277011 0.00000000099999999968 0.14691102576352310649 0.07566375275125383770 0.13842095435036078088 0.19236947528764963833 
0.20105620641251062408 0.00000000099999999936 0.46093606959772898124 0.00000000099999999936 0.00000000099999999936 0.00000000099999999936 0.33800771798976048110 0.00000000099999999936 0.00000000099999999936 
0.00000000099999999918 0.33516719760855911980 0.31824910287794394570 0.00000000099999999918 0.00000000099999999918 0.00000000099999999918 0.31306310965868949792 0.00000000099999999918 0.03352058485480751554 
0.06311696656905091407 0.42221975131208366872 0.11962289493885870650 0.00000000099999999980 0.18496121177856356121 0.21007917140144324875 0.00000000099999999980 0.00000000099999999980 0.00000000099999999980 
0.22838813785254036270 0.00000000099999999902 0.00000000099999999902 0.19562920859504634441 0.00000000099999999902 0.57598264755241335155 0.00000000099999999902 0.00000000099999999902 0.00000000099999999902 
