0.21628274866996854975 0.15474568762459053883 0.07769946035020287856 0.09612696176783142032 0.17447313046398668646 0.18761598352237210396 0.09305602760104776661 
0.00000000099999999949 0.00000000099999999949 0.00000000099999999949 0.39028535134690645059 0.00000000099999999949 0.00000000099999999949 0.60971464365309346878 
0.40977545802897796801 0.00000000099999999928 0.20112171266797332359 0.24711906699021152223 0.14198375931283724327 0.00000000099999999928 0.00000000099999999928 
0.09465058281280255836 0.14323230983065149413 0.27233939877644219862 0.00097907584911285494 0.10898921037683993729 0.34351584107835941850 0.03629358127579157545 
0.29248149540916151823 0.00000000099999999910 0.24000744562522596803 0.00000000099999999910 0.46751105496561251584 0.00000000099999999910 0.00000000099999999910 
0.99999999400000005867 0.00000000099999999965 0.00000000099999999965 0.00000000099999999965 0.00000000099999999965 0.00000000099999999965 0.00000000099999999965 
0.00000000099999999911 0.41081749590348326517 0.29190631986117082652 0.29727618023534585490 0.00000000099999999911 0.00000000099999999911 0.00000000099999999911 
0.00000000099999999971 0.00000000099999999971 0.00000000099999999971 0.00000000099999999971 0.99999999400000005867 0.00000000099999999971 0.00000000099999999971 
0.10571576259898568528 0.05273188073808033477 0.15062332652576795877 0.04878693946904362477 0.03481162809288761845 0.30717120980348344705 0.30015925277175131702 
0.00000000099999999983 0.00000000099999999983 0.00000000099999999983 0.00000000099999999983 0.51411249459842978116 0.00000000099999999983 0.48588750040157024923 
0.12786913819542111703 0.12219503867002130815 0.04724149107018093402 0.10972750865130102838 0.23102576143461375779 0.22465864412485925250 0.13728241785360259519 
0.00000000099999999980 0.00000000099999999980 0.00000000099999999980 0.00000000099999999980 0.99999999400000005867 0.00000000099999999980 0.00000000099999999980 
0.00000000099999999911 0.64825276891762895204 0.35174722608237107835 0.00000000099999999911 0.00000000099999999911 0.00000000099999999911 0.00000000099999999911 
0.00000000099999999894 0.11188446540601966472 0.00000000099999999894 0.24774711273311625370 0.64036841786086384776 0.00000000099999999894 0.00000000099999999894 
0.31965981734812370929 0.00000000099999999951 0.41204538310783195287 0.00000000099999999951 0.00000000099999999951 0.26829479554404439545 0.00000000099999999951 
0.00000000099999999972 0.00000000099999999972 0.00000000099999999972 0.00000000099999999972 0.99999999400000005867 0.00000000099999999972 0.00000000099999999972 
0.00000000099999999934 0.00000000099999999934 0.99999999400000005867 0.00000000099999999934 0.00000000099999999934 0.00000000099999999934 0.00000000099999999934 
0.36768142964510819315 0.00000000099999999952 0.26501918984298705739 0.34377988506966489224 0.02351949244223973737 0.00000000099999999952 0.00000000099999999952 
0.00000000099999999894 0.00000000099999999894 0.00000000099999999894 0.99999999399999994765 0.00000000099999999894 0.00000000099999999894 0.00000000099999999894 
0.49195876014325257142 0.00000000099999999962 0.00000000099999999962 0.15154606997899730536 0.09144803059635522868 0.00000000099999999962 0.26504713628139481285 
0.00000000099999999957 0.41708350219295359240 0.45017146758603621137 0.00000000099999999957 0.03337225253223585070 0.09937277468877440956 0.00000000099999999957 
0.00000000099999999988 0.03522570003418597218 0.05446860412569357740 0.61302440359929166735 0.00000000099999999988 0.10482693084679371720 0.19245435939403501835 
0.00000000099999999956 0.27759870117830320879 0.50016186686808072892 0.10104506749288573453 0.11652885181464306408 0.00466551064608728642 0.00000000099999999956 
0.14942115052046858747 0.10143059185223510243 0.41551980603223637178 0.33362844859505996764 0.00000000099999999946 0.00000000099999999946 0.00000000099999999946 
0.00000000099999999902 0.23564670293453784944 0.76435329206546209768 0.00000000099999999902 0.00000000099999999902 0.00000000099999999902 0.00000000099999999902 
0.00599529359659569522 0.25501277919839987485 0.32744219434769966659 0.00000000099999999966 0.41154972985730475799 0.00000000099999999966 0.00000000099999999966 
0.00000000099999999912 0.00000000099999999912 0.00000000099999999912 0.00000000099999999912 0.99999999400000005867 0.00000000099999999912 0.00000000099999999912 
0.23285463573321391051 0.03552059300114404627 0.19238906561876334411 0.23081064726202224491 0.15339302899652446088 0.07259001415994827122 0.08244201522838376373 
0.05131913705160431882 0.06644479253257692952 0.13786284133996073997 0.22884670735368833894 0.25193186361926012129 0.11365104779658116718 0.14994361030632846754 
0.00000000099999999947 0.00000000099999999947 0.99999999400000005867 0.00000000099999999947 0.00000000099999999947 0.00000000099999999947 0.00000000099999999947 
0.21954866195746605695 0.15114995178161735878 0.07718129512227336897 0.02390682979287608867 0.21795187287502112983 0.23554673238502016330 0.07471465608572594452 
0.28026707475009271509 0.01433498457548156892 0.02538251358170756991 0.21871785973664700786 0.05591744632064636622 0.25060428734113537885 0.15477583369428940530 
0.00000000099999999966 0.50390468880825034503 0.06642825583344538765 0.00000020221546584952 0.42966685014283856336 0.00000000099999999966 0.00000000099999999966 
0.38757277193251538083 0.00000000099999999983 0.19957784148339963171 0.00000000099999999983 0.41284938258408504508 0.00000000099999999983 0.00000000099999999983 
0.21623359421460100482 0.00000000099999999928 0.00000000099999999928 0.00000000099999999928 0.78376640078539905332 0.00000000099999999928 0.00000000099999999928 
0.10575564045856331030 0.59009697873637889654 0.21384431986969915096 0.09030305793535868542 0.00000000099999999958 0.00000000099999999958 0.00000000099999999958 
0.00000000099999999972 0.00000000099999999972 0.00000000099999999972 0.00000000099999999972 0.00000000099999999972 0.00000000099999999972 0.99999999400000005867 
0.00000000099999999950 0.00000000099999999950 0.99999999400000005867 0.00000000099999999950 0.00000000099999999950 0.00000000099999999950 0.00000000099999999950 
0.37587116196539460677 0.62412883303460553464 0.00000000099999999940 0.00000000099999999940 0.00000000099999999940 0.00000000099999999940 0.00000000099999999940 
0.00000000099999999908 0.00000000099999999908 0.00000000099999999908 0.99999999400000005867 0.00000000099999999908 0.00000000099999999908 0.00000000099999999908 
0.18735682194023273173 0.23860680300272776866 0.16189477817277375671 0.01080654582468964370 0.09691484173253928081 0.26891317767807326744 0.03550703164896359953 
0.70071132932242186087 0.06581089330019505856 0.00000000099999999958 0.00000000099999999958 0.23347777337738317982 0.00000000099999999958 0.00000000099999999958 
0.00000000099999999972 0.00000000099999999972 0.00000000099999999972 0.99999999400000005867 0.00000000099999999972 0.00000000099999999972 0.00000000099999999972 
0.00000000099999999978 0.00000000099999999978 0.00000000099999999978 0.00000000099999999978 0.00000000099999999978 0.00000000099999999978 0.99999999400000005867 
0.00000000099999999933 0.69665933625516973660 0.00000000099999999933 0.30334065874483029379 0.00000000099999999933 0.00000000099999999933 0.00000000099999999933 
0.10465000454505277161 0.14011593336301536583 0.15251068996035091474 0.07405776019106700969 0.15385797384059191062 0.17608946933745869834 0.19871816876246345407 
0.00000000099999999987 0.00000000099999999987 0.00000000099999999987 0.49999999931676109011 0.49999999568323882926 0.00000000099999999987 0.00000000099999999987 
0.40879410307444208339 0.00000000099999999953 0.21357143897611627348 0.37763438022936618443 0.00000007472007542416 0.00000000099999999953 0.00000000099999999953 
0.25459248092599529034 0.00000000099999999956 0.00000000099999999956 0.00000000099999999956 0.74540751407400462902 0.00000000099999999956 0.00000000099999999956 
0.00000000099999999977 0.00000000099999999977 0.00000000099999999977 0.00000000099999999977 0.99999999400000005867 0.00000000099999999977 0.00000000099999999977 
0.14082968200118101132 0.19610685628208565645 0.25644735544827346185 0.26776227562342824751 0.13885382864503162392 0.00000000099999999966 0.00000000099999999966 
0.47909654296602444123 0.00000000099999999922 0.52090345203397558915 0.00000000099999999922 0.00000000099999999922 0.00000000099999999922 0.00000000099999999922 
0.10266745908790010644 0.13877555573696392921 0.08525140253239639476 0.26093163212198972056 0.11287536292194032261 0.22490078125165843814 0.07459780634715106051 
0.00000000099999999914 0.00000000099999999914 0.50477961666610682290 0.49522037833389315198 0.00000000099999999914 0.00000000099999999914 0.00000000099999999914 
0.00000000099999999977 0.00000000099999999977 0.00000000099999999977 0.00000000099999999977 0.99999999400000005867 0.00000000099999999977 0.00000000099999999977 
0.00000000099999999915 0.00000000099999999915 0.00000000099999999915 0.99999999399999994765 0.00000000099999999915 0.00000000099999999915 0.00000000099999999915 
0.00000000099999999915 0.00000000099999999915 0.00000000099999999915 0.73309510683407397291 0.26690488816592605748 0.00000000099999999915 0.00000000099999999915 
0.04723805848074841274 0.14190628493518150921 0.19666181159216761243 0.17730712958880648356 0.20741817533706483068 0.03876958019005696809 0.19069895987597421105 
0.00000000099999999930 0.00000000099999999930 0.00000000099999999930 0.69136073335764169911 0.30863926164235827576 0.00000000099999999930 0.00000000099999999930 
0.02346707650593880812 0.00426581402047142635 0.21823521758257688474 0.24696968993765747169 0.21104430257999970411 0.12797387191774303727 0.16804402745561272670 
0.00000000099999999971 0.00000000099999999971 0.00000000099999999971 0.00000000099999999971 0.00000000099999999971 0.00000000099999999971 0.99999999399999994765 
0.00000000099999999953 0.00000000099999999953 0.00000000099999999953 0.00000000099999999953 0.00000000099999999953 0.99999999400000005867 0.00000000099999999953 
0.08914025950685769417 0.08543264770913201744 0.13954097788344380082 0.32894954946154758568 0.12148627243664202047 0.11572026583543694456 0.11973002716694002012 
0.00000000099999999982 0.00000000099999999982 0.00000000099999999982 0.00000000099999999982 0.99999999399999994765 0.00000000099999999982 0.00000000099999999982 
0.11840263860871257096 0.17223296784945738014 0.07565059470392859753 0.09940946068238327993 0.20747579032766561014 0.04103109738028307835 0.28579745044756943440 
0.00000000099999999945 0.00000000099999999945 0.35217361604420110988 0.21237076799845991393 0.43545561195733900606 0.00000000099999999945 0.00000000099999999945 
0.14807164487923146767 0.10234092892248537743 0.17248800705458350313 0.20876060428304965555 0.16050565165425714764 0.02130319287602397763 0.18652997033036888830 
0.50246761636876779988 0.28296644217423527756 0.00000000099999999962 0.00000000099999999962 0.00000000099999999962 0.00000000099999999962 0.21456593745699700793 
0.99999999400000016969 0.00000000099999999914 0.00000000099999999914 0.00000000099999999914 0.00000000099999999914 0.00000000099999999914 0.00000000099999999914 
0.00000000099999999945 0.00000000099999999945 0.00000000099999999945 0.00000000099999999945 0.00000000099999999945 0.00000000099999999945 0.99999999399999994765 
0.25863242379863582432 0.26973144885644384505 0.19255573288114319341 0.10631274367767579170 0.04641751368745521827 0.07814102306509373985 0.04820911403355257474 
0.00000000099999999988 0.03762096264121102263 0.05291610651747987587 0.30555371626779792571 0.00000000099999999988 0.40142505829209901291 0.20248415428141194883 
0.47094351388183897100 0.00000000099999999979 0.00000000099999999979 0.00000000099999999979 0.00000014446577367822 0.00000000099999999979 0.52905633765238724298 
0.19897787982228617998 0.19620657272219532707 0.15606493844743896116 0.10913784683978730583 0.11116060970480232117 0.17910754136447445961 0.04934461109901536885 
0.22628599474810509595 0.04491066747126733205 0.13665670356559878051 0.14082313554047748427 0.23147636647746844263 0.00549044535086669772 0.21435668684621622671 
0.00000000099999999924 0.00000000099999999924 0.99999999399999994765 0.00000000099999999924 0.00000000099999999924 0.00000000099999999924 0.00000000099999999924 
0.47508554491854931845 0.00000000099999999984 0.04422739409275743688 0.00000000099999999984 0.48068705698869323983 0.00000000099999999984 0.00000000099999999984 
0.00000000099999999982 0.09016380770247489629 0.03648630507325858335 0.03670635489187350220 0.00000000099999999982 0.42037806209992156781 0.41626546823247151385 
0.14675931276669632042 0.53960549097389831630 0.00000000099999999942 0.00000000099999999942 0.00000000099999999942 0.00000000099999999942 0.31363519225940539314 
0.00000000099999999939 0.00000000099999999939 0.00000000099999999939 0.00000000099999999939 0.99999999400000005867 0.00000000099999999939 0.00000000099999999939 
0.01517792882569509068 0.26539601422768543948 0.18173871954636999781 0.07286671800311400604 0.20964329254122596180 0.19674164072852853846 0.05843568612738100215 
0.00000000099999999981 0.00000000099999999981 0.00000000099999999981 0.00000000099999999981 0.00000000099999999981 0.00000000099999999981 0.99999999399999994765 
0.00000000099999999936 0.00000000099999999936 0.99999999400000005867 0.00000000099999999936 0.00000000099999999936 0.00000000099999999936 0.00000000099999999936 
0.22837121439019092417 0.25931472095096314012 0.12192106718282758049 0.01937480037792084150 0.03057408456122486309 0.19720589527041204603 0.14323821726646052133 
0.00000000099999999941 0.00000000099999999941 0.00000000099999999941 0.00000000099999999941 0.99999999400000005867 0.00000000099999999941 0.00000000099999999941 
0.00000000099999999935 0.99999999400000005867 0.00000000099999999935 0.00000000099999999935 0.00000000099999999935 0.00000000099999999935 0.00000000099999999935 
0.00000000099999999982 0.00000000099999999982 0.00000000099999999982 0.00000000099999999982 0.99999999399999994765 0.00000000099999999982 0.00000000099999999982 
0.03003227423750087777 0.19479520823062795865 0.09966503975730700571 0.17005180179151657693 0.14910716034585652645 0.17441758801090412323 0.18193092762628687575 
0.00000000099999999947 0.55007419107274702075 0.00000000099999999947 0.00000000099999999947 0.00000000099999999947 0.44992580392725317617 0.00000000099999999947 
0.00000000099999999895 0.00000000099999999895 0.00000000099999999895 0.00000000099999999895 0.00000000099999999895 0.99999999399999983662 0.00000000099999999895 
0.00000000099999999982 0.00265349040497105376 0.02161332857171719551 0.25926201205785709414 0.00000000099999999982 0.19755581686428255739 0.51891535010117206816 
0.32706186673505655005 0.35054822573329547097 0.00000000099999999951 0.32238990353164798108 0.00000000099999999951 0.00000000099999999951 0.00000000099999999951 
0.00000000099999999817 0.00000000099999999817 0.99999999399999994765 0.00000000099999999817 0.00000000099999999817 0.00000000099999999817 0.00000000099999999817 
0.00000000099999999917 0.26363731700352172060 0.73636267799647836529 0.00000000099999999917 0.00000000099999999917 0.00000000099999999917 0.00000000099999999917 
0.00000000099999999873 0.00000000099999999873 0.99999999399999994765 0.00000000099999999873 0.00000000099999999873 0.00000000099999999873 0.00000000099999999873 
0.00000000099999999988 0.11376440400275431020 0.06774270816323288424 0.29816931241447253154 0.00000000099999999988 0.09499527946944277823 0.42532829395009752460 
0.16357858707598910142 0.00000000099999999974 0.14990594353688815876 0.00000000099999999974 0.14597611811235358670 0.27415414858692077615 0.26638520068784837802 
0.00000000099999999944 0.00000000099999999944 0.00000000099999999944 0.51879554741014266561 0.00000000099999999944 0.00000000099999999944 0.48120444758985736478 
0.13318551145159274185 0.21633603141442228623 0.22011873906157172764 0.00000000099999999967 0.00000000099999999967 0.00000000099999999967 0.43035971507241338463 
0.00000000099999999962 0.00000000099999999962 0.59375895663406708103 0.00000000099999999962 0.25493011043423380313 0.15131092893169906244 0.00000000099999999962 
0.26597545846097836453 0.28502892325992229550 0.00000000099999999955 0.00000000099999999955 0.17068005522701312771 0.27831556005208629712 0.00000000099999999955 
0.39950702372590091160 0.00000000099999999932 0.00000000099999999932 0.00000000099999999932 0.06301363742014956526 0.31846024806871414681 0.21901908778523543342 
0.00000000099999999924 0.00000000099999999924 0.00000000099999999924 0.00000000099999999924 0.99999999400000005867 0.00000000099999999924 0.00000000099999999924 
0.99999999400000005867 0.00000000099999999970 0.00000000099999999970 0.00000000099999999970 0.00000000099999999970 0.00000000099999999970 0.00000000099999999970 
0.20087580429871221277 0.10161675666400531159 0.07512429026695374712 0.07744334980587297412 0.07490757516709897756 0.21068543584439011762 0.25934678795296667309 
0.00000000099999999956 0.00000000099999999956 0.00000000099999999956 0.60088731999090483349 0.00000000099999999956 0.39911267500909508588 0.00000000099999999956 
0.00000000099999999976 0.00000000099999999976 0.52736029541159989975 0.47263969958839996410 0.00000000099999999976 0.00000000099999999976 0.00000000099999999976 
0.10826398556147122376 0.16159893851685169786 0.16263470159799792158 0.14939511935124485942 0.15505684741937797444 0.08437854104239750352 0.17867186651065883329 
0.43289466380456020911 0.56710533119543982128 0.00000000099999999922 0.00000000099999999922 0.00000000099999999922 0.00000000099999999922 0.00000000099999999922 
0.65017108410063317869 0.27109743301036576257 0.00000000099999999919 0.00000000099999999919 0.07873147888900101921 0.00000000099999999919 0.00000000099999999919 
0.00000000099999999936 0.00000000099999999936 0.44399620442867337999 0.00000000099999999936 0.55600379057132665039 0.00000000099999999936 0.00000000099999999936 
0.28403282600157159221 0.09576876073194250105 0.01390452948838276186 0.12967968197701865152 0.05467529236387972530 0.35926817023801210782 0.06267073919919269320 
0.00000000099999999925 0.46339453723727686008 0.43323431158991215773 0.10337114717281084553 0.00000000099999999925 0.00000000099999999925 0.00000000099999999925 
0.00000000099999999961 0.00000000099999999961 0.00000000099999999961 0.36449429358229606946 0.16650574434617607111 0.00000000099999999961 0.46899995807152783378 
0.00000000099999999894 0.60506347369394897218 0.00000000099999999894 0.00000000099999999894 0.00000000099999999894 0.00000000099999999894 0.39493652130605122474 
0.16262869440406343968 0.00000000099999999974 0.15676458338653506686 0.00000000099999999974 0.14536448712943350614 0.26994768814270309054 0.26529454493726484232 
0.00000000099999999976 0.12327196473919571629 0.19771391961309328633 0.00000000099999999976 0.51227531620215249752 0.16673879644555852919 0.00000000099999999976 
0.17656986663868665111 0.00000000099999999956 0.00000000099999999956 0.00000000099999999956 0.82343012836131335153 0.00000000099999999956 0.00000000099999999956 
0.00000000099999999940 0.00000000099999999940 0.00000000099999999940 0.49118832158040437452 0.00000000099999999940 0.50881167341959543382 0.00000000099999999940 
0.16771721955869450804 0.00000000099999999972 0.16697825808112740087 0.00000000099999999972 0.13635851347529667765 0.27399783413107753338 0.25494817275380382560 
0.47940396310296895521 0.00000000099999999862 0.00000000099999999862 0.00000000099999999862 0.00000000099999999862 0.00000000099999999862 0.52059603189703096415 
0.19685289937281760797 0.00000000099999999959 0.00000000099999999959 0.00000000099999999959 0.16481197389298130052 0.37171229508297676247 0.26662282865122444164 
0.19626527140572963548 0.00000000099999999960 0.00000000099999999960 0.00000000099999999960 0.16383767086124653711 0.37310432334258408771 0.26679273139043974128 
0.08934201797030653924 0.17098863918171658405 0.19747576337093322718 0.19937711567382884748 0.14275022487149119366 0.03349702280155456707 0.16656921613016897887 
0.00000000099999999949 0.22590231545325548113 0.00000000099999999949 0.61348452037398781833 0.16061316017275681367 0.00000000099999999949 0.00000000099999999949 
0.16262922293009626773 0.00000000099999999974 0.15676349272398681922 0.00000000099999999974 0.14536268474511401805 0.26995169406674884849 0.26529290353405393654 
0.09133908717081339057 0.05848595621601656441 0.25921849486862447165 0.27405613327019340275 0.20471624569303314978 0.11207485635712337302 0.00010922642419573106 
0.06205234356049876832 0.27145330543878160023 0.03162813994658802974 0.21855442777855701997 0.20430307006150308369 0.01087589549703556376 0.20113281771703597767 
0.00000000099999999964 0.32189788794653279025 0.45557158099621852809 0.22253052705724873928 0.00000000099999999964 0.00000000099999999964 0.00000000099999999964 
0.99999999400000005867 0.00000000099999999957 0.00000000099999999957 0.00000000099999999957 0.00000000099999999957 0.00000000099999999957 0.00000000099999999957 
0.00000000099999999960 0.70338931908264445969 0.16174635143763557710 0.00000000099999999960 0.13486432547971988205 0.00000000099999999960 0.00000000099999999960 
0.00000000099999999965 0.00000000099999999965 0.27943603499346730823 0.00000000099999999965 0.00000000099999999965 0.30445335525920091957 0.41611060574733177431 
0.00000000099999999972 0.00000000099999999972 0.00000000099999999972 0.00000000099999999972 0.00000000099999999972 0.00000000099999999972 0.99999999399999994765 
0.17851920921886368920 0.00000000099999999968 0.18049678833331125882 0.00000000099999999968 0.16592612594509026369 0.22735721697067334812 0.24770065753206144121 
0.08197576937554149068 0.76503658755146008996 0.00000000099999999901 0.00000000099999999901 0.15298763907299853249 0.00000000099999999901 0.00000000099999999901 
0.05179116757303461882 0.05626661169913581284 0.15631934768949198866 0.00000000099999999975 0.48759328059396722654 0.24802959044437022929 0.00000000099999999975 
0.00000000099999999936 0.00000000099999999936 0.00000000099999999936 0.00000000099999999936 0.99999999399999994765 0.00000000099999999936 0.00000000099999999936 
0.17537936691963013081 0.00000000099999999951 0.00000000099999999951 0.00000000099999999951 0.13908818449773197035 0.38172986050331919605 0.30380258507931867662 
0.00000000099999999953 0.99999999400000005867 0.00000000099999999953 0.00000000099999999953 0.00000000099999999953 0.00000000099999999953 0.00000000099999999953 
0.49999998978103266101 0.00000000099999999940 0.00000000099999999940 0.00000000099999999940 0.50000000521896736938 0.00000000099999999940 0.00000000099999999940 
0.15849087021347946225 0.00000000099999999980 0.18988429424277633584 0.00000000099999999980 0.18833887817775657458 0.17418900076402063504 0.28909695460196688233 
0.13480198676321625273 0.04238204572204518072 0.18276089825999103367 0.13555548148232857142 0.18563523759346917119 0.15332593880658129670 0.16553841137236854908 
0.00000000099999999955 0.99999999400000016969 0.00000000099999999955 0.00000000099999999955 0.00000000099999999955 0.00000000099999999955 0.00000000099999999955 
0.00000000099999999971 0.00000000099999999971 0.36236358831844145412 0.00000000099999999971 0.21050508595027578318 0.00000000099999999971 0.42713132173128282032 
0.28451256835027688430 0.00000000349232225649 0.00000000099999999952 0.00000000099999999952 0.04343847854702658634 0.28144361815745017052 0.39060532945292392171 
0.00000000099999999966 0.44048798606800265709 0.34361513959548528607 0.00000000099999999966 0.20173026088436063485 0.01416661045215128825 0.00000000099999999966 
0.00000000099999999970 0.19018625851444426189 0.29446088818568277867 0.00000000099999999970 0.04252593232423366315 0.47282691797563908276 0.00000000099999999970 
0.26357207740147514663 0.23151569092824994534 0.15072367067016548270 0.07303290644191498537 0.02590416729384562022 0.25525148626434873700 0.00000000099999999997 
0.00000000099999999982 0.06007342866802222597 0.02764953313484351874 0.39247106709517193268 0.00000000099999999982 0.17801354900451402119 0.34179242009744825737 
0.00000000099999999954 0.00000000099999999954 0.00000000099999999954 0.00000000099999999954 0.00000000099999999954 0.00000000099999999954 0.99999999400000005867 
0.18204445624161316730 0.14756268530547725359 0.22386674641623141579 0.14133059846930706716 0.12331846277051301819 0.02045738018770529298 0.16141967060915277110 
0.38118847364038932479 0.00000000099999999982 0.00000000099999999982 0.00000000099999999982 0.17414155984757137552 0.44466996251203927404 0.00000000099999999982 
0.00000000099999999975 0.02516916198003974620 0.00000000099999999975 0.19670736923922232942 0.00000000099999999975 0.28306193448352617859 0.49506153129721169881 
0.05427624356689816215 0.11727368244567491773 0.12970703780721629106 0.33197392762601857230 0.10343467356956183301 0.19119727091701196886 0.07213716406761841449 
0.22454506351498068617 0.00000000099999999965 0.00000000099999999965 0.14246232428172711515 0.06103760757327601760 0.33843351535091836801 0.23352148727909788350 
0.19455500750898296891 0.11022876346403466530 0.19074233192210340859 0.20706200263526361449 0.10732954840615437087 0.15097231530139704203 0.03911003076206401308 
0.14435706755705535187 0.00000000099999999966 0.30292807300903412671 0.43518949441997312189 0.11752536201393751214 0.00000000099999999966 0.00000000099999999966 
0.00000000099999999969 0.00000004382143487070 0.00000000099999999969 0.61997056188246502106 0.00000000099999999969 0.00000000099999999969 0.38002939029610027788 
0.00000000099999999963 0.57617632051116729475 0.00000000099999999963 0.00000000099999999963 0.00000000099999999963 0.42382367448883268013 0.00000000099999999963 
0.43462748326393912945 0.00000000099999999965 0.00000000099999999965 0.00000000099999999965 0.00000000099999999965 0.00000000099999999965 0.56537251173606062338 
0.00000000099999999947 0.00000000099999999947 0.00000000099999999947 0.51730281202294525755 0.00000000099999999947 0.00000000099999999947 0.48269718297705477283 
0.42224429697238113901 0.17636027942989185302 0.25793864732857435529 0.00000000099999999973 0.00000000099999999973 0.14345677326915273753 0.00000000099999999973 
0.58299507806653660946 0.00000000099999999930 0.41700491693346347644 0.00000000099999999930 0.00000000099999999930 0.00000000099999999930 0.00000000099999999930 
0.35098055390652777019 0.29900893062504213527 0.00000000099999999975 0.00000000099999999975 0.35001051146843015216 0.00000000099999999975 0.00000000099999999975 
0.48313600372363724178 0.48929522881756903896 0.00000000099999999931 0.00000000099999999931 0.00000000099999999931 0.00000000099999999931 0.02756876345879373177 
0.00000000099999999934 0.49891323320546776543 0.00000000099999999934 0.50108676179453215394 0.00000000099999999934 0.00000000099999999934 0.00000000099999999934 
0.12581191134205249593 0.13639100259274189453 0.16023373871205962016 0.10828113503867227430 0.21225011640818025604 0.21867853444713886146 0.03835356145915466003 
0.00000000099999999953 0.67413375409357678691 0.32586624090642329898 0.00000000099999999953 0.00000000099999999953 0.00000000099999999953 0.00000000099999999953 
0.00000000099999999982 0.00000000099999999982 0.22498682270095787805 0.30459707897410037702 0.34950292542231464754 0.12091316990262718223 0.00000000099999999982 
0.03764947979560945290 0.29288724969055501823 0.26606653284948889038 0.08298666251352961043 0.05332185903686183920 0.15171905252783957074 0.11536916358611568056 
0.13089156428877049554 0.23798392326107578598 0.25635045505242959329 0.35609458011379446774 0.00000000099999999980 0.00000000099999999980 0.01867947528392972095 
0.00000000099999999986 0.00000000099999999986 0.00000000099999999986 0.50000001791533887907 0.49999997708466120683 0.00000000099999999986 0.00000000099999999986 
0.00000000099999999984 0.18044590817736805288 0.00000000099999999984 0.00000000099999999984 0.00000000099999999984 0.81955408682263197750 0.00000000099999999984 
0.28807368286013940173 0.11218106459903222361 0.51700753344587191407 0.00000000099999999939 0.08273771609495650381 0.00000000099999999939 0.00000000099999999939 
0.28023828790025240298 0.16145114088249110096 0.00000000099999999966 0.35049517146343717178 0.20781539675381924259 0.00000000099999999966 0.00000000099999999966 
0.00000000099999999946 0.00000000099999999946 0.54502389087608194007 0.26271921816782173309 0.19225688695609621792 0.00000000099999999946 0.00000000099999999946 
0.54933427248531230269 0.00000000099999999943 0.25880251886621330470 0.19186320464847456124 0.00000000099999999943 0.00000000099999999943 0.00000000099999999943 
0.22649820989787497472 0.12290105292705741369 0.18662329727574342164 0.19222363919487178707 0.27175379870445243169 0.00000000099999999960 0.00000000099999999960 
0.00000000099999999952 0.00000000099999999952 0.46820309788763109227 0.53179689711236899363 0.00000000099999999952 0.00000000099999999952 0.00000000099999999952 
0.18875945352467174421 0.09458925917919579207 0.00000000099999999917 0.00000000099999999917 0.71665128329613236868 0.00000000099999999917 0.00000000099999999917 
0.05558062486809148967 0.61962634001413563478 0.05321770165596009794 0.00000000099999999964 0.00000000099999999964 0.27157533046181286940 0.00000000099999999964 
0.00000000099999999954 0.00000000099999999954 0.99999999400000005867 0.00000000099999999954 0.00000000099999999954 0.00000000099999999954 0.00000000099999999954 
0.31530710030873237981 0.00000000099999999935 0.17383772569022204468 0.22748260393459512896 0.28337256706645047588 0.00000000099999999935 0.00000000099999999935 
0.34805428821986711396 0.00000000099999999916 0.00000000099999999916 0.31789453797311784111 0.33405116980701510254 0.00000000099999999916 0.00000000099999999916 
0.36788200307556434554 0.00000000099999999942 0.00000000099999999942 0.43608695048957951679 0.06588931187640956200 0.00000000099999999942 0.13014173155844649399 
0.00000000099999999933 0.03108043472561944354 0.62543344509388953956 0.00000000099999999933 0.00000000099999999933 0.34348611618049096350 0.00000000099999999933 
0.00000000099999999942 0.23019844961128330119 0.56520056186586198343 0.20460098452285457871 0.00000000099999999942 0.00000000099999999942 0.00000000099999999942 
0.33334974352262858321 0.00000000099999999945 0.27322245980566350898 0.25863467194860734200 0.00000000099999999945 0.00000000099999999945 0.13479312172310059514 
0.31438133472054569095 0.17098659647234717984 0.43256615092748074147 0.00000000099999999952 0.08206591487962644482 0.00000000099999999952 0.00000000099999999952 
0.16327146722092555908 0.09794953619217210139 0.39389543908788055004 0.00000000099999999958 0.34488355449902180494 0.00000000099999999958 0.00000000099999999958 
0.00000000099999999988 0.01450945872150522127 0.01344437456881632069 0.50932037410218622409 0.00000000099999999988 0.17143254095063728548 0.29129324965685482463 
0.00000000099999999940 0.22008731959124530619 0.00000000099999999940 0.37871281363479919468 0.00000000099999999940 0.00000000099999999940 0.40119986277395552898 
0.00000000099999999922 0.99999999400000016969 0.00000000099999999922 0.00000000099999999922 0.00000000099999999922 0.00000000099999999922 0.00000000099999999922 
0.56106088778783125282 0.00000000099999999970 0.00000000099999999970 0.00000000099999999970 0.00000000099999999970 0.43893910721216888859 0.00000000099999999970 
0.15797806300537844959 0.16662293648032666660 0.26205765887772503042 0.14381630978872664284 0.18675510182144108851 0.00871365757765213585 0.07405627244875002957 
0.00000000099999999940 0.00000000099999999940 0.34459723479951720471 0.00000000099999999940 0.00000000099999999940 0.29620571261095868243 0.35919704858952405946 
0.00000000099999999861 0.00000000099999999861 0.00000000099999999861 0.00000000099999999861 0.00000000099999999861 0.00000000099999999861 0.99999999399999994765 
0.00000000099999999955 0.93045833826939028377 0.00000000099999999955 0.00000000099999999955 0.00000000099999999955 0.00000000099999999955 0.06954165673060989927 
0.00000000099999999956 0.00000000099999999956 0.00000000099999999956 0.00000000099999999956 0.00000000099999999956 0.00000000099999999956 0.99999999400000005867 
0.17375536823692161459 0.13665483914748458028 0.10604312825551888422 0.13413072513876517222 0.20508895837843252319 0.03426111120363889428 0.21006586963923828959 
0.00000000099999999939 0.00000000099999999939 0.00000000099999999939 0.00000000099999999939 0.55618212011253953531 0.44381787488746049508 0.00000000099999999939 
0.00000000099999999964 0.00000000099999999964 0.00000000099999999964 0.00000000099999999964 0.27212394475704265728 0.24871045970239172296 0.47916559154056570513 
0.00000000099999999972 0.00000000099999999972 0.00000000099999999972 0.99999999400000005867 0.00000000099999999972 0.00000000099999999972 0.00000000099999999972 
0.00000000099999999937 0.00000000099999999937 0.00000000099999999937 0.00000000099999999937 0.00000000099999999937 0.00000000099999999937 0.99999999400000005867 
0.19398778485448125997 0.11766160330595600014 0.18575621606627312765 0.16037851354379803470 0.16592006457323207891 0.16017993097803756575 0.01611588667822187390 
0.00000000099999999988 0.11073689733718178330 0.08670604683202425000 0.39517739159043646646 0.00000000099999999988 0.05079700110536050639 0.35658266113499698102 
0.18185339243509995866 0.00000000099999999968 0.00000000099999999968 0.00000000099999999968 0.22067627128127531577 0.28668175367320031244 0.31078857961042433145 
0.00000000099999999971 0.00000000099999999971 0.00000000099999999971 0.00000000099999999971 0.00000000099999999971 0.00000000099999999971 0.99999999399999994765 
0.00000000099999999875 0.00000000099999999875 0.00000000099999999875 0.00000000099999999875 0.00000000099999999875 0.00000000099999999875 0.99999999399999994765 
0.00000000099999999955 0.00000000099999999955 0.00000000099999999955 0.00000000099999999955 0.00000000099999999955 0.00000000099999999955 0.99999999399999994765 
0.00000000099999999978 0.03954746370525921706 0.00027401425294064005 0.24537103496263601432 0.00000000099999999978 0.53341005223066007002 0.18139743284850395888 
0.82852225256687572763 0.00000000099999999904 0.17147774243312433051 0.00000000099999999904 0.00000000099999999904 0.00000000099999999904 0.00000000099999999904 
0.00000000099999999936 0.00000000099999999936 0.99999999400000005867 0.00000000099999999936 0.00000000099999999936 0.00000000099999999936 0.00000000099999999936 
0.00000000099999999888 0.00000000099999999888 0.00000000099999999888 0.00000000099999999888 0.00000000099999999888 0.99999999399999994765 0.00000000099999999888 
0.00000000099999999978 0.04386259632474619197 0.17423304888217200359 0.00000000099999999978 0.38916092998497447963 0.39274342180810734027 0.00000000099999999978 
0.00000000099999999976 0.00000000099999999976 0.00000000099999999976 0.00000000099999999976 0.00000000099999999976 0.00000000099999999976 0.99999999399999994765 
0.00000000099999999961 0.00000000099999999961 0.00000000099999999961 0.00000000099999999961 0.99999999399999994765 0.00000000099999999961 0.00000000099999999961 
0.00000000099999999916 0.00000000099999999916 0.99999999399999994765 0.00000000099999999916 0.00000000099999999916 0.00000000099999999916 0.00000000099999999916 
0.25021449829846914570 0.00000000099999999956 0.00000000099999999956 0.00000000099999999956 0.00000000099999999956 0.41651951744751297690 0.33326598025401760195 
0.99999999400000005867 0.00000000099999999954 0.00000000099999999954 0.00000000099999999954 0.00000000099999999954 0.00000000099999999954 0.00000000099999999954 
0.00000000099999999918 0.00000000099999999918 0.00000000099999999918 0.00000000099999999918 0.99999999400000005867 0.00000000099999999918 0.00000000099999999918 
0.00000000099999999973 0.00000000099999999973 0.00000000099999999973 0.00000000099999999973 0.00000000099999999973 0.00000000099999999973 0.99999999399999994765 
0.05454308356706997346 0.00000000099999999956 0.00000000099999999956 0.00000000099999999956 0.94545691143293009162 0.00000000099999999956 0.00000000099999999956 
0.36899360745922960003 0.14843035113609137632 0.04041051512009568442 0.16499800237859571506 0.04253665757725448582 0.10249992196681813328 0.13213094436191513692 
0.26169933857042404490 0.00000000099999999956 0.00000000099999999956 0.00000000099999999956 0.73830065642957598548 0.00000000099999999956 0.00000000099999999956 
0.00000000099999999969 0.16645479994831918757 0.00000000099999999969 0.01978385053439097804 0.27124222975954020987 0.00000000099999999969 0.54251911675774955324 
0.00000000099999999988 0.05548112017577379318 0.03906704742717435896 0.51417638780665220199 0.00000000099999999988 0.32098503985304710495 0.07029040273735261135 
0.00000000099999999911 0.99999999400000005867 0.00000000099999999911 0.00000000099999999911 0.00000000099999999911 0.00000000099999999911 0.00000000099999999911 
0.17363473207156898681 0.12910821030984750979 0.39415484824518676188 0.00000000099999999954 0.00000000099999999954 0.00000000099999999954 0.30310220637339685412 
0.00000000099999999913 0.00000000099999999913 0.64760565022907834454 0.00000000099999999913 0.35239434477092174136 0.00000000099999999913 0.00000000099999999913 
0.00000000099999999948 0.53147554061611224085 0.00000000099999999948 0.00000000099999999948 0.46852445438388790055 0.00000000099999999948 0.00000000099999999948 
0.00000000099999999878 0.00000000099999999878 0.00000000099999999878 0.00000000099999999878 0.00000000099999999878 0.00000000099999999878 0.99999999399999994765 
0.00000000099999999966 0.00000000099999999966 0.45365790951757417604 0.00000000099999999966 0.00000000099999999966 0.00000000099999999966 0.54634208548242579884 
0.24088082890619955112 0.26898406450503442588 0.05321634536906068996 0.11320864081299850112 0.10893382727510952934 0.02309963598601525239 0.19167665714558196344 
0.74988628519395295058 0.00000000099999999923 0.00000000099999999923 0.00000000099999999923 0.00000000099999999923 0.25011370980604724634 0.00000000099999999923 
0.00000000099999999976 0.99999999400000016969 0.00000000099999999976 0.00000000099999999976 0.00000000099999999976 0.00000000099999999976 0.00000000099999999976 
0.00000000099999999894 0.49498985715850990497 0.50501013784149006991 0.00000000099999999894 0.00000000099999999894 0.00000000099999999894 0.00000000099999999894 
0.99999999400000005867 0.00000000099999999953 0.00000000099999999953 0.00000000099999999953 0.00000000099999999953 0.00000000099999999953 0.00000000099999999953 
0.35480177821313230169 0.00000000099999999925 0.00000000099999999925 0.00000000099999999925 0.00000000099999999925 0.42541432855569799587 0.21978388923116962128 
0.00000000099999999972 0.00000000099999999972 0.30847424938469308886 0.16714088426331488724 0.00000000099999999972 0.11251588545570034849 0.41186897789629173250 
0.00000000099999999959 0.00000000099999999959 0.00000000099999999959 0.00000000099999999959 0.00000000099999999959 0.00000000099999999959 0.99999999399999994765 
0.22773565204795029326 0.00000000099999999956 0.00000000099999999956 0.00000000099999999956 0.77226434295204970937 0.00000000099999999956 0.00000000099999999956 
0.20250529182454951593 0.00000000099999999925 0.16115247123344936253 0.00000000099999999925 0.00000000099999999925 0.00000000099999999925 0.63634223294200109589 
0.00000000099999999938 0.14036662827928866881 0.00000000099999999938 0.00000000099999999938 0.00000000099999999938 0.40335661931275562653 0.45627674840795562350 
0.36187554761345253063 0.00000000099999999948 0.00000000099999999948 0.00000000099999999948 0.35949380569133909669 0.00000000099999999948 0.27863064269520826377 
0.00000000099999999953 0.07097567290036910226 0.54157777662347073022 0.00000000099999999953 0.00000000099999999953 0.38744654647616022514 0.00000000099999999953 
