0.28401777291612667620 0.13460563062864391859 0.38885442153477195459 0.19252217492045750613 
0.00000000099999999968 0.00000000099999999968 0.60320678210229039529 0.39679321589770943923 
0.03109767598201087016 0.42449640468028626561 0.45861366100520123412 0.08579225833250160582 
0.00531280055160320355 0.48135291769993748812 0.19357716102961985971 0.31975712071883949372 
0.21567255919647645990 0.56801747116042233809 0.21630996864310125805 0.00000000099999999978 
0.99999999700000008485 0.00000000099999999983 0.00000000099999999983 0.00000000099999999983 
0.00000000099999999961 0.33622884586561646580 0.62582040441292774435 0.03795074872145583894 
0.00000000099999999985 0.99999999699999997382 0.00000000099999999985 0.00000000099999999985 
0.20963878573311531262 0.42762783001944398853 0.08693192462150457767 0.27580145962593616282 
0.00000000099999999991 0.52781871284069270533 0.00000000099999999991 0.47218128515930729572 
0.16239555598933436142 0.27644003661882582401 0.39231450076928975346 0.16884990662255014437 
0.00000000099999999989 0.99999999700000008485 0.00000000099999999989 0.00000000099999999989 
0.00000000099999999971 0.57849634253996751188 0.15335872304819844758 0.26814493341183409658 
0.09257029498189286998 0.15468562496729454381 0.75274407905081253123 0.00000000099999999988 
0.26349592112075576056 0.44194780788120413551 0.11780209420692390465 0.17675417679111618541 
0.00000000099999999985 0.99999999700000008485 0.00000000099999999985 0.00000000099999999985 
0.00000000099999999978 0.15697579499582561824 0.84302420300417446608 0.00000000099999999978 
0.00000000099999999995 0.35563399632011255536 0.54461928852259122724 0.09974671415729613466 
0.00000000099999999950 0.00000000099999999950 0.99999999699999997382 0.00000000099999999950 
0.00000000099999999969 0.00000000099999999969 0.54190274808717298072 0.45809724991282696482 
0.00000000099999999985 0.30556758547442230967 0.57609381544201276881 0.11833859808356497756 
0.00000000099999999988 0.00000000099999999988 0.31974792463153012267 0.68025207336846982287 
0.00000000099999999979 0.21652554397721013313 0.78347445402278992344 0.00000000099999999979 
0.00000000099999999959 0.40748708788188875429 0.59251291011811113574 0.00000000099999999959 
0.00000000099999999964 0.63880251313958169579 0.36119748486041836077 0.00000000099999999964 
0.00000000099999999973 0.45195686812504154428 0.54804312987495840126 0.00000000099999999973 
0.00000000099999999953 0.00000000099999999953 0.99999999699999986280 0.00000000099999999953 
0.08482755114102343008 0.47688157113558060640 0.34568829656723293331 0.09260258115616304408 
0.10511992614444458372 0.36117826192851759659 0.35167925518074188984 0.18202255674629586046 
0.00000000099999999975 0.00000000099999999975 0.99999999699999986280 0.00000000099999999975 
0.34251664521910063499 0.43708213431770154278 0.10424486270794432186 0.11615635775525350037 
0.10979685881504562539 0.26689275947513968479 0.34920172111444763852 0.27410866059536714845 
0.00000000099999999976 0.00000000099999999976 0.99999999699999986280 0.00000000099999999976 
0.50000128011501610015 0.49999871788498384539 0.00000000099999999993 0.00000000099999999993 
0.00000000099999999971 0.00000000099999999971 0.99999999699999986280 0.00000000099999999971 
0.00000000099999999980 0.09422443746581513069 0.79658966260389396652 0.10918589893029088944 
0.00000000099999999984 0.00000000099999999984 0.00000000099999999984 0.99999999699999997382 
0.00000000099999999976 0.99999999699999997382 0.00000000099999999976 0.00000000099999999976 
0.00000000099999999986 0.44374692015137345846 0.34283421240717648626 0.21341886644144994478 
0.00000000099999999963 0.00000000099999999963 0.99999999699999986280 0.00000000099999999963 
0.11299867893726922574 0.38602754550919926579 0.24349942167510832403 0.25747435387842321219 
0.00000000099999999955 0.99999999700000008485 0.00000000099999999955 0.00000000099999999955 
0.00000000099999999981 0.00000000099999999981 0.99999999699999997382 0.00000000099999999981 
0.00000000099999999985 0.00000000099999999985 0.00000000099999999985 0.99999999700000008485 
0.00000000099999999978 0.11987111692212878977 0.67853856930207834264 0.20159031277579284036 
0.21543529944603867499 0.35532614827069791685 0.16851936303783351945 0.26071918924542974993 
0.00000000099999999993 0.36901051598120282460 0.63098948201879712094 0.00000000099999999993 
0.00000000099999999962 0.59420761595645188446 0.40579238204354800557 0.00000000099999999962 
0.99999999699962216493 0.00000000100037784878 0.00000000099999999982 0.00000000099999999982 
0.00000000099999999988 0.99999999700000008485 0.00000000099999999988 0.00000000099999999988 
0.00000000099999999980 0.36873317427937907231 0.63126682372062081772 0.00000000099999999980 
0.00000000099999999922 0.99999999699999997382 0.00000000099999999922 0.00000000099999999922 
0.28043335033281435731 0.35922172583038186611 0.27318566164178875733 0.08715926219501515804 
0.00000000099999999952 0.18073878134712589860 0.81926121665287421347 0.00000000099999999952 
0.00000000099999999988 0.99999999700000008485 0.00000000099999999988 0.00000000099999999988 
0.00000000099999999961 0.00000000099999999961 0.99999999699999986280 0.00000000099999999961 
0.00000000099999999947 0.00000000099999999947 0.99999999699999986280 0.00000000099999999947 
0.25829591719554395590 0.25261847294970951605 0.06442106980745071487 0.42466454004729597971 
0.00000000099999999928 0.00000000099999999928 0.99999999699999986280 0.00000000099999999928 
0.44305790666751898588 0.11486502478279395079 0.16699195102553224257 0.27508511752415487628 
0.00000000099999999981 0.00000000099999999981 0.00000000099999999981 0.99999999699999997382 
0.99999999699999997382 0.00000000099999999984 0.00000000099999999984 0.00000000099999999984 
0.21793995297308593750 0.26183055763419443851 0.28953504389743411895 0.23069444549528561605 
0.00000000099999999990 0.99999999699999997382 0.00000000099999999990 0.00000000099999999990 
0.35563903810867292243 0.28906139655918583475 0.23474887243657183156 0.12055069289556943901 
0.00000000099999999964 0.79109634233125314395 0.20890365566874680159 0.00000000099999999964 
0.32427203193423526084 0.21642644099258043222 0.17609625131017678235 0.28320527576300741357 
0.00000000099999999971 0.50636098708734333940 0.00000000099999999971 0.49363901091265682819 
0.98046349937739440961 0.00000000099999999993 0.00000000099999999993 0.01953649862260575104 
0.00000000099999999966 0.00000000099999999966 0.00000000099999999966 0.99999999699999997382 
0.28659959170464199829 0.15440355679571418634 0.27275867181279844775 0.28623817968684539537 
0.00000000099999999988 0.00000000099999999988 0.03910701792473085525 0.96089298007526913192 
0.35686869861494324718 0.00000000099999999997 0.00000000099999999997 0.64313129938505664285 
0.36280888010735268256 0.06878974957451340633 0.20585533727495550216 0.36254603304317839507 
0.33490136233451367476 0.03824588620230041230 0.33384044460093686979 0.29301230686224899458 
0.00000000099999999986 0.10955793926043382036 0.89044205873956616681 0.00000000099999999986 
0.50000122406147784471 0.49999877393852226737 0.00000000099999999993 0.00000000099999999993 
0.00000000099999999982 0.00000000099999999982 0.33028917909534999398 0.66971081890465011810 
0.00000000099999999975 0.00000000099999999975 0.05351024573546268176 0.94648975226453735399 
0.00000000099999999967 0.00000000099999999967 0.99999999699999986280 0.00000000099999999967 
0.00467209090781735108 0.36022713706359960062 0.25929085503679388802 0.37580991699178911691 
0.00000000099999999987 0.00000000099999999987 0.00000000099999999987 0.99999999700000008485 
0.00000000099999999969 0.99999999700000008485 0.00000000099999999969 0.00000000099999999969 
0.06907531462107641129 0.38766899307424945720 0.10750836673315367076 0.43574732557152057177 
0.00000000099999999969 0.00000000099999999969 0.99999999699999997382 0.00000000099999999969 
0.00000000099999999978 0.46002320390595774491 0.51168996030107971595 0.02828683479296265416 
0.00000000099999999990 0.99999999699999997382 0.00000000099999999990 0.00000000099999999990 
0.20967083507483663674 0.19432049388166511283 0.38159844900997508255 0.21441022203352311237 
0.28464077980942920076 0.30050755383018268319 0.38860431470064221715 0.02624735165974600298 
0.55189347459024540310 0.00000000099999999968 0.44810652340975448693 0.00000000099999999968 
0.00000000099999999982 0.00000000099999999982 0.47149120872822886108 0.52850878927177125099 
0.00000000099999999970 0.45351544360145928936 0.33361502805374387837 0.21286952734479672178 
0.00000000099999999968 0.49573153957960391924 0.50426845842039613732 0.00000000099999999968 
0.00000000099999999918 0.99999999699999997382 0.00000000099999999918 0.00000000099999999918 
0.00000000099999999962 0.46829200764297151949 0.53170799035702831503 0.00000000099999999962 
0.00000000099999999988 0.00000000099999999988 0.00918565984943497948 0.99081433815056496606 
0.39365003353102201444 0.15777989772409181657 0.00000000099999999997 0.44857006774488600298 
0.00000000099999999945 0.00000000099999999945 0.51038121110508594125 0.48961878689491394878 
0.00000000099999999987 0.00000000099999999987 0.34567822975789658235 0.65432176824210341870 
0.18027237589570099807 0.29256169063159970234 0.52716593247269916134 0.00000000099999999987 
0.40631518701195851184 0.15960768357637217241 0.17963886217076352469 0.25443826724090584657 
0.53006553579389292796 0.07065119879164702410 0.00000000099999999980 0.39928326441446004846 
0.16454436593712770676 0.47237641523300233359 0.00000000099999999993 0.36307921782986996018 
0.99999999700000008485 0.00000000099999999985 0.00000000099999999985 0.00000000099999999985 
0.07328126255817477008 0.42463590738406276071 0.38503090974929454759 0.11705192030846801876 
0.28349807239218555166 0.00000000099999999960 0.71650192560781444939 0.00000000099999999960 
0.00000000099999999983 0.26808461078872941608 0.73191538721127058498 0.00000000099999999983 
0.09064946490748963803 0.40205228150450489366 0.15119670810841012720 0.35610154547959538274 
0.00000000099999999990 0.44061750736121774175 0.54010458112726489333 0.01927791051151742444 
0.00000000099999999983 0.58274958686916578099 0.41725041113083410904 0.00000000099999999983 
0.00000000099999999972 0.42690511420544996479 0.57309488379454998075 0.00000000099999999972 
0.08429173876156111078 0.39468256293796610823 0.38890125383073215204 0.13212444446974072609 
0.00000000099999999960 0.33771623397554173529 0.66228376402445821025 0.00000000099999999960 
0.00000000099999999967 0.00000000099999999967 0.51834085174493194081 0.48165914625506806024 
0.00000000099999999949 0.00000000099999999949 0.26979312083930373500 0.73020687716069632156 
0.38993268267230390967 0.16399866551942771098 0.00000000099999999997 0.44606865080826846315 
0.24178513027054249207 0.31359287184968104301 0.44462199687977643769 0.00000000099999999996 
0.99999999699962216493 0.00000000100037784878 0.00000000099999999982 0.00000000099999999982 
0.45134934770735835041 0.00000000099999999962 0.54865065029264159513 0.00000000099999999962 
0.38083596700128347079 0.17461460782247895107 0.00000000099999999996 0.44454942417623766193 
0.00000000099999999961 0.26864917549310857181 0.00000000099999999961 0.73135082250689142924 
0.53250794054166794567 0.00000000099999999987 0.00000000099999999987 0.46749205745833199988 
0.53189783651485811333 0.00000000099999999987 0.00000000099999999987 0.46810216148514199874 
0.15568568563471962829 0.18953524383803638242 0.25670366835784763637 0.39807540216939640842 
0.00000000099999999952 0.00000000099999999952 0.99999999699999997382 0.00000000099999999952 
0.38993473483901691656 0.16399776140241031919 0.00000000099999999997 0.44606750275857282029 
0.20804453788455171126 0.44613711885013151992 0.22827318531136989166 0.11754515795394682165 
0.26804463519578508590 0.26886682481169327241 0.24397109093022087412 0.21911744906230082308 
0.00000000099999999970 0.34058528023281658959 0.65941471776718330045 0.00000000099999999970 
0.99999999699999997382 0.00000000099999999979 0.00000000099999999979 0.00000000099999999979 
0.00000000099999999979 0.37422185201584784453 0.62577814598415204550 0.00000000099999999979 
0.31019803643271276483 0.17687339422154074731 0.00087488896743610496 0.51205368037831044958 
0.00000000099999999984 0.00000000099999999984 0.00000000099999999984 0.99999999699999997382 
0.40700897953159886899 0.18754257965228973704 0.00000000099999999999 0.40544843981611139450 
0.00000000099999999979 0.40264340787968905255 0.00000000099999999979 0.59735659012031094850 
0.40897431401192807510 0.05389047490799139806 0.53713521008008047186 0.00000000099999999997 
0.00000000099999999971 0.99999999700000008485 0.00000000099999999971 0.00000000099999999971 
0.50349886969046553364 0.00000000099999999983 0.00000000099999999983 0.49650112830953435639 
0.00000000099999999970 0.99999999699999997382 0.00000000099999999970 0.00000000099999999970 
0.50000132295409493999 0.49999867504590506107 0.00000000099999999975 0.00000000099999999975 
0.28179714101439584661 0.20553788686350363268 0.07322020199411810593 0.43944477012798255355 
0.04773002456637843310 0.28711677226827381215 0.11996374702237296017 0.54518945614297487090 
0.00000000099999999972 0.99999999700000008485 0.00000000099999999972 0.00000000099999999972 
0.00001095725650073457 0.30812505085246905123 0.27940667732690621650 0.41245731456412404459 
0.36634280542997926799 0.00000000099999999979 0.00000000099999999979 0.63365719257002062204 
0.00000000099999999967 0.00000000099999999967 0.93683938982691050690 0.06316060817308948028 
0.39611430257607443961 0.00000000099999999995 0.60388569542392545042 0.00000000099999999995 
0.22265307117061333697 0.05576911438426335188 0.43073283664943823323 0.29084497779568513343 
0.00000000099999999982 0.00000000099999999982 0.27756205302197761720 0.72243794497802238386 
0.00000000099999999963 0.00000000099999999963 0.00000000099999999963 0.99999999699999997382 
0.03751133796710849622 0.17012333370700086221 0.58972372204060630185 0.20264160628528438135 
0.54883353436955550908 0.03491609209676652809 0.10489863099976191874 0.31135174253391600940 
0.21959097069420152604 0.00000000099999999975 0.22024607242955651643 0.56016295587624176378 
0.32741566115488451860 0.35248601802875523248 0.13911716892773004495 0.18098115188863028724 
0.44706894077374176311 0.00000000099999999991 0.18503411723776602704 0.36789694098849201609 
0.10862639427729729735 0.16015238738389458995 0.36122550243927498137 0.36999571589953311745 
0.00000000099999999968 0.00000000099999999968 0.99999999699999986280 0.00000000099999999968 
0.00000000099999999969 0.00000000099999999969 0.99999999699999997382 0.00000000099999999969 
0.34834437894950481818 0.65165561905049518288 0.00000000099999999977 0.00000000099999999977 
0.26953299604215569252 0.00000000099999999990 0.00000000099999999990 0.73046700195784441956 
0.00000000099999999958 0.00000000099999999958 0.82085473740836201184 0.17914526059163801697 
0.13789870142880772397 0.50573184616825650473 0.35636945140293568857 0.00000000099999999996 
0.00000000099999999994 0.39429783984293048649 0.45147168141405152886 0.15423047774301781865 
0.11796663365552553793 0.17653770581058819689 0.47708162751345228880 0.22841403302043394863 
0.00000000099999999977 0.00000000099999999977 0.39933431349717690706 0.60066568450282309399 
0.00000000099999999966 0.00000000099999999966 0.83680243598635628555 0.16319756201364354897 
0.29621371463387252687 0.25400354561369131723 0.17771605715790911306 0.27206668259452720937 
0.00000000099999999977 0.59700166288246081514 0.40299833511753918591 0.00000000099999999977 
0.14523007911178853480 0.30073368699910918433 0.55403623288910230915 0.00000000099999999988 
0.31703252295368467006 0.31804027808143037204 0.09346906008051142356 0.27145813888437347883 
0.00000000099999999981 0.14468287981975963552 0.65805780942349556550 0.19725930975674493828 
0.00000000099999999992 0.34906175175688958223 0.65093824624311047433 0.00000000099999999992 
0.37069520317904230966 0.00000000099999999991 0.00000000099999999991 0.62930479482095758037 
0.00000000099999999983 0.58972950872757301521 0.41027048927242709686 0.00000000099999999983 
0.00000000099999999982 0.29723381843910573474 0.70276617956089426631 0.00000000099999999982 
0.00000000099999999966 0.28069712516655886958 0.71930287283344096494 0.00000000099999999966 
0.00000000099999999981 0.38380169207549486021 0.33182651346004204962 0.28437179346446289641 
0.02208201317232290697 0.48266972652282241762 0.49524825930485466552 0.00000000099999999985 
0.00000000099999999955 0.00000000099999999955 0.99999999699999986280 0.00000000099999999955 
0.02478353013289688947 0.45026027946016533576 0.52495618940693766774 0.00000000099999999983 
0.20386969076844793647 0.16273340386929588397 0.38509925509342457506 0.24829765026883160450 
0.00000000099999999977 0.00000000099999999977 0.99999999699999997382 0.00000000099999999977 
0.00000000099999999995 0.51060298083969157812 0.40308006032531989993 0.08631695783498845309 
0.00000000099999999973 0.27732417169956796732 0.72267582630043203373 0.00000000099999999973 
0.08608501182909815419 0.12009720082960105569 0.56591856188415157192 0.22789922545714921820 
0.21597090544825592318 0.53585776604399404377 0.24817132750774992256 0.00000000099999999994 
0.00000000099999999963 0.35451859351571457513 0.64548140448428537042 0.00000000099999999963 
0.00000000099999999987 0.34849172273192952076 0.44810612071822403246 0.20340215554984639179 
0.00000000099999999981 0.54991491505466660872 0.19601980152052322914 0.25406528242481019042 
0.00000010312547965641 0.47905396337959110786 0.52094593249492926468 0.00000000099999999982 
0.00000000099999999988 0.00000000099999999988 0.38540507379006705424 0.61459492420993289130 
0.00000000099999999944 0.00000000099999999944 0.51070487110975304468 0.48929512689024695637 
0.00000000099999999983 0.45238289410357218623 0.10797205694072960214 0.43964504795569814277 
0.67401011495551443886 0.00000000099999999989 0.24539992286727368986 0.08058996117721185792 
0.09826567443413017355 0.23225937348377348468 0.53775044034488339584 0.13172451173721302919 
0.25560202267902998319 0.35949851069504179524 0.00000000099999999985 0.38489946562592808332 
0.00000000099999999922 0.00000000099999999922 0.00000000099999999922 0.99999999700000008485 
0.00000000099999999963 0.00000000099999999963 0.37209881966486391125 0.62790117833513603429 
0.00000000099999999975 0.00000000099999999975 0.00000000099999999975 0.99999999700000008485 
0.36888226965652054501 0.36773180980332387247 0.12837004970827001205 0.13501587083188570926 
0.56394288586147989228 0.00000000099999999971 0.43605711213852016428 0.00000000099999999971 
0.37669281499560225424 0.00000000099999999991 0.00000000099999999991 0.62330718300439769131 
0.00000000099999999981 0.00000000099999999981 0.99999999699999997382 0.00000000099999999981 
0.00000000099999999959 0.00000000099999999959 0.00000000099999999959 0.99999999699999997382 
0.27900133586817427167 0.22224081763556063907 0.21641690507108457542 0.28234094142518051385 
0.00000000099999999988 0.00000000099999999988 0.10400293360547557819 0.89599706439452453388 
0.44918148037275235085 0.00000000099999999984 0.01983065619141778993 0.53098786243582973832 
0.00000000099999999981 0.00000000099999999981 0.00000000099999999981 0.99999999699999997382 
0.00000000099999999927 0.00000000099999999927 0.00000000099999999927 0.99999999699999997382 
0.00000000099999999977 0.00000000099999999977 0.00000000099999999977 0.99999999699999997382 
0.00000000099999999978 0.00000000099999999978 0.15196524338663724984 0.84803475461336275121 
0.00000000099999999995 0.59719837975516132378 0.16599516198455943616 0.23680645726027924058 
0.00000000099999999969 0.99999999700000008485 0.00000000099999999969 0.00000000099999999969 
0.62150518975952473433 0.00000000099999999987 0.16637946459775912467 0.21211534464271619704 
0.50842358648382834918 0.04645074911894306324 0.44512566339722842157 0.00000000099999999991 
0.00000000099999999983 0.00000000099999999983 0.00000000099999999983 0.99999999699999997382 
0.00000000099999999988 0.00000000099999999988 0.57591978847016100929 0.42408020952983882523 
0.12278750240950037087 0.47568059629920067533 0.35767921719838335903 0.04385268409291562253 
0.48058364655521257358 0.00000000099999999987 0.00000000099999999987 0.51941635144478737196 
0.56818533893818790048 0.00000000099999999988 0.43181465906181204506 0.00000000099999999988 
0.00000000099999999961 0.00000000099999999961 0.99999999699999986280 0.00000000099999999961 
0.00000000099999999981 0.00000000099999999981 0.00000000099999999981 0.99999999699999997382 
0.99999999699962216493 0.00000000100037784878 0.00000000099999999982 0.00000000099999999982 
0.36136490073842048032 0.24790484829981937476 0.29510097506550464486 0.09562927589625552782 
0.99999999699962216493 0.00000000100037784878 0.00000000099999999982 0.00000000099999999982 
0.00000000099999999966 0.00000000099999999966 0.38635681410190902962 0.61364318389809102694 
0.00000000099999999988 0.00000000099999999988 0.60155348157030585909 0.39844651642969403094 
0.00000000099999999967 0.00000000099999999967 0.65845122472473560649 0.34154877327526439457 
0.00000000099999999968 0.36387459018870466076 0.00000000099999999968 0.63612540781129522927 
0.03159064314771285742 0.46219370920150609772 0.50621564665078089273 0.00000000099999999973 
0.00000000099999999986 0.19959938192429826920 0.76804181962616091539 0.03235879744954087839 
0.00000000099999999925 0.00000000099999999925 0.00000000099999999925 0.99999999700000008485 
0.00000000099999999983 0.53981707705555959098 0.00000000099999999983 0.46018292094444035456 
0.56187404721966038856 0.27744778805142639166 0.02169671967169398835 0.13898144505721921060 
0.99999999700000008485 0.00000000099999999978 0.00000000099999999978 0.00000000099999999978 
0.00000000099999999984 0.00000000099999999984 0.00000000099999999984 0.99999999700000008485 
0.00000000099999999959 0.66801038489618103089 0.00000000099999999959 0.33198961310381897016 
0.46798039847265293645 0.00000000099999999989 0.00000000099999999989 0.53201959952734689807 
0.48517005377629074392 0.16777152510517984174 0.00000000099999999972 0.34705842011852944262 
0.09651763474483947280 0.19082432644328531368 0.25381796375187420933 0.45884007506000096255 
0.00000000099999999969 0.00000000099999999969 0.00000000099999999969 0.99999999699999997382 
0.99999999699962216493 0.00000000100037784878 0.00000000099999999982 0.00000000099999999982 
0.00000000099999999938 0.31920262483299266520 0.00000000099999999938 0.68079737316700739136 
0.28849132228606871875 0.00000000099999999986 0.00000000099999999986 0.71150867571393117128 
0.00000000099999999979 0.00000000099999999979 0.54303489809014504619 0.45696509990985484384 
0.28771852717757828710 0.71228147082242165844 0.00000000099999999960 0.00000000099999999960 
0.00000000099999999984 0.00000000099999999984 0.76354270195725904014 0.23645729604274098867 
0.41808749526085436932 0.58191250273914563174 0.00000000099999999981 0.00000000099999999981 
0.32144193288832095812 0.00000000099999999964 0.67855806511167893191 0.00000000099999999964 
0.35956631897892643579 0.02990192739098354591 0.27422500920737036267 0.33630674442271979441 
0.00000000099999999983 0.58147128149692639543 0.00000000099999999983 0.41852871650307360563 
0.99999999699999997382 0.00000000099999999952 0.00000000099999999952 0.00000000099999999952 
0.00000000099999999998 0.02636432963563177176 0.40901473748165545485 0.56462093188271278432 
0.00000000099999999977 0.41334160993407309537 0.04245882982562926289 0.54419955924029750349 
0.00000000099999999979 0.00000000099999999979 0.99999999699999997382 0.00000000099999999979 
0.00000000099999999973 0.00000000099999999973 0.00000000099999999973 0.99999999700000008485 
0.00000000099999999965 0.32531116469391885282 0.00000000099999999965 0.67468883330608098170 
0.00000000099999999971 0.48776172994199157307 0.00000000099999999971 0.51223826805800842799 
0.00000000099999999985 0.99999999700000008485 0.00000000099999999985 0.00000000099999999985 
0.00000000099999999987 0.00000000099999999987 0.00000000099999999987 0.99999999700000008485 
0.24200573455903068298 0.21696754536678547476 0.32422778498226317856 0.21679893509192071921 
0.00000000099999999987 0.08189266516249550654 0.01344370340966498552 0.90466363042783959347 
