0.00282718014389453679 0.10030669367481390153 0.08478836622875278450 0.07268118823673803963 0.01971834333099761055 0.12039853462885001523 0.11217483157826373119 0.12904356260802143930 0.10482633154098999761 0.02137424321988399059 0.06161105321786169986 0.03816954438674573930 0.13208012720418621511 
0.33113429033733143836 0.00000000099999999883 0.40025405933820917825 0.22341929620397940615 0.00000000099999999883 0.00000000099999999883 0.00000000099999999883 0.04519234512048000973 0.00000000099999999883 0.00000000099999999883 0.00000000099999999883 0.00000000099999999883 0.00000000099999999883 
0.00000613143333292086 0.00000000099999999835 0.00000000099999999835 0.00000000099999999835 0.00000000099999999835 0.00000000099999999835 0.00000000099999999835 0.33333088970264629358 0.00000000099999999835 0.33332993327446358567 0.33333303658955698578 0.00000000099999999835 0.00000000099999999835 
0.05371529832076857303 0.07986794701048956224 0.01765734908092995645 0.09304809108270435669 0.06231520860028136322 0.13172086916353625830 0.11573165259332683641 0.14881635145516097785 0.14881738847012937477 0.03890512523188081884 0.00385704843562577077 0.06831631532370983917 0.03723135523145634784 
0.00000000099999999806 0.00000000099999999806 0.00000000099999999806 0.00000000099999999806 0.00000000099999999806 0.00000000099999999806 0.00000000099999999806 0.00000000099999999806 0.00000000099999999806 0.50084125056500483630 0.49915873843499519724 0.00000000099999999806 0.00000000099999999806 
0.00000000099999999934 0.00000000099999999934 0.00000000099999999934 0.00000000099999999934 0.81668267470884059467 0.03201309839962158260 0.00000000099999999934 0.00000000099999999934 0.00000000099999999934 0.00099816197276023501 0.00000000099999999934 0.00000000099999999934 0.15030605591877771454 
0.33598108806283699668 0.00000000099999999862 0.12698227278251114636 0.00000000099999999862 0.00000000099999999862 0.00000000099999999862 0.36516183140604147050 0.00000000099999999862 0.15352818294179657044 0.00000000099999999862 0.00000000099999999862 0.00000000099999999862 0.01834661680681376472 
0.00000000099999999945 0.00000000099999999945 0.16092846565642970891 0.23270370941290111078 0.00000000099999999945 0.00000000099999999945 0.00000000099999999945 0.00000000099999999945 0.12168857945725036762 0.00000000099999999945 0.03659715177541283254 0.44808208569800594967 0.00000000099999999945 
0.10041107454023318057 0.02680089936758498284 0.05325218818160416118 0.00888131455034900895 0.08676525308909591172 0.02664226344345306183 0.11713916254016132346 0.15073135963056716324 0.07091166703336071464 0.10460228398550064366 0.09881921106479699124 0.08944025591644591544 0.06560306665684710603 
0.00000000099999999962 0.00000000099999999962 0.33379053912611833521 0.06604675218337525966 0.00000000099999999962 0.00000000099999999962 0.00000000099999999962 0.00000000099999999962 0.00678571132511639630 0.00000000099999999962 0.50007940476238144090 0.09329758460300845158 0.00000000099999999962 
0.14482820635159052158 0.04013121740410512811 0.09424059589251505831 0.10132673894997293318 0.12538670800305912190 0.02701590459394823118 0.13185761358963329903 0.00443986254434198223 0.03713326287529543357 0.04908796395636600557 0.03479002334074138281 0.17057509398096673547 0.03918680851746406818 
0.00000000099999999962 0.00000000099999999962 0.54765384801606653564 0.09209572679782637716 0.00000000099999999962 0.00000000099999999962 0.00000000099999999962 0.00000000099999999962 0.13376294284543119306 0.00000000099999999962 0.08608569606160666743 0.14040177827906921704 0.00000000099999999962 
0.00000000099999999824 0.00000000099999999824 0.69707914926393277355 0.00000000099999999824 0.00000000099999999824 0.00000000099999999824 0.19686048152925161858 0.00000000099999999824 0.00000000099999999824 0.00000000099999999824 0.00000000099999999824 0.00000000099999999824 0.10606035920681590456 
0.41130339702063556384 0.09335276604275669077 0.00000000099999999791 0.00000000099999999791 0.00000000099999999791 0.00000000099999999791 0.06301174292894541618 0.00000000099999999791 0.00000000099999999791 0.43233208500766212579 0.00000000099999999791 0.00000000099999999791 0.00000000099999999791 
0.00000000099999999913 0.00000000099999999913 0.00000000099999999913 0.00000000099999999913 0.34832405054100640251 0.00000000099999999913 0.08808760856339376000 0.06358718159313909990 0.00000000099999999913 0.00000000099999999913 0.00000000099999999913 0.00000000099999999913 0.50000115030246061743 
0.00000000099999999946 0.00000000099999999946 0.44444452699375569527 0.33458110557982168043 0.00000000099999999946 0.00000000099999999946 0.00000000099999999946 0.00000000099999999946 0.04868182912184582795 0.00000000099999999946 0.01130612704133640394 0.16098640326324054062 0.00000000099999999946 
0.00000000099999999798 0.00000000099999999798 0.00000000099999999798 0.00000000099999999798 0.00000000099999999798 0.00000000099999999798 0.00000000099999999798 0.00000000099999999798 0.99999998799999978427 0.00000000099999999798 0.00000000099999999798 0.00000000099999999798 0.00000000099999999798 
0.22257762992992963236 0.00000000099999999926 0.00000000099999999926 0.00000000099999999926 0.00000000099999999926 0.00000000099999999926 0.00000000099999999926 0.27009256015574267806 0.00000000099999999926 0.09527566713727687875 0.15963758115908152635 0.00000000099999999926 0.25241655361796938584 
0.99999998800000011734 0.00000000099999999790 0.00000000099999999790 0.00000000099999999790 0.00000000099999999790 0.00000000099999999790 0.00000000099999999790 0.00000000099999999790 0.00000000099999999790 0.00000000099999999790 0.00000000099999999790 0.00000000099999999790 0.00000000099999999790 
0.00000000099999999854 0.00000000099999999854 0.00000000099999999854 0.00000000099999999854 0.00000000099999999854 0.60933662130573806870 0.00000000099999999854 0.00000000099999999854 0.39066336769426196485 0.00000000099999999854 0.00000000099999999854 0.00000000099999999854 0.00000000099999999854 
0.00000000099999999825 0.52538714303410405382 0.00000000099999999825 0.00000000099999999825 0.00000000099999999825 0.00000000099999999825 0.00000000099999999825 0.00000000099999999825 0.00000000099999999825 0.00000000099999999825 0.00000000099999999825 0.00000000099999999825 0.47461284596589636831 
0.01450922100586211731 0.07004535714630166776 0.00395032781914297394 0.09714329282576508739 0.00000000099999999971 0.37366219096456088078 0.00000000099999999971 0.00000000099999999971 0.25437924308475989843 0.00000000099999999971 0.00000000099999999971 0.09038261770747962887 0.09592774444612782447 
0.02775677310837944278 0.27643699431385765353 0.00000000099999999825 0.00000000099999999825 0.00000000099999999825 0.00000000099999999825 0.00000000099999999825 0.00000000099999999825 0.27283133701877188004 0.00000000099999999825 0.00000000099999999825 0.00000000099999999825 0.42297488655899101451 
0.18949571901294867682 0.00000000099999999898 0.05632653451502447201 0.00000000099999999898 0.00000000099999999898 0.00000000099999999898 0.00000000099999999898 0.17330042506887152753 0.04013172588975066901 0.00000000099999999898 0.19033107042566793643 0.00000000099999999898 0.35041451808773671495 
0.00000000099999999819 0.00000000099999999819 0.40408512132165297359 0.00000000099999999819 0.00000000099999999819 0.00000000099999999819 0.00000000099999999819 0.00000000099999999819 0.00000000099999999819 0.00000000099999999819 0.00005924107968061930 0.00000000099999999819 0.59585562759866628202 
0.40402597538006640443 0.04849839617695552579 0.00000000099999999927 0.00000000099999999927 0.00000000099999999927 0.00000000099999999927 0.35080160074106370161 0.00000000099999999927 0.00000000099999999927 0.05336851510630306189 0.09719497383340798546 0.00000000099999999927 0.04611053176220325511 
0.50000001694102924610 0.00000000099999999819 0.00000000099999999819 0.00000000099999999819 0.00000000099999999819 0.00000000099999999819 0.00000000099999999819 0.00000000099999999819 0.00000000099999999819 0.49999997205897095398 0.00000000099999999819 0.00000000099999999819 0.00000000099999999819 
0.11908719837950097753 0.11692666158272305155 0.08121675015100497663 0.03012987010717729786 0.02419400870914473548 0.13050350743493432937 0.01745054966239421163 0.10723591476469496175 0.03646696990597052962 0.13696067026002886613 0.06311078033826567069 0.10854939722371315103 0.02816772148044719218 
0.11985660209342835492 0.00115173514498606816 0.14793310910243148704 0.10194638598977366628 0.00571208394933224624 0.05072442625819600925 0.04607168424529711065 0.13047548148336185481 0.14331042697233326022 0.06170695977014688249 0.08963587370705000668 0.08413627672754071807 0.01733895455612224218 
0.00000000099999999896 0.00000000099999999896 0.00000000099999999896 0.00000000099999999896 0.00000000099999999896 0.00000000099999999896 0.00000000099999999896 0.00000000099999999896 0.99439506945452671438 0.00000000099999999896 0.00000000099999999896 0.00000000099999999896 0.00560491954547331916 
0.11805933525599539291 0.00831320250026289231 0.14916702892689687188 0.06777103164845652006 0.05049920728110974394 0.08259660789710715489 0.06917676553176778376 0.01819716591741578696 0.20702581351593990489 0.07614856802118881440 0.08010814008832996269 0.05039826473250947486 0.02253886868301966523 
0.02973603655450907796 0.08865940073714595471 0.09305227767265777938 0.10215888041706891465 0.10358443014659465820 0.01159185479891244007 0.01887895424739402181 0.08898369646633494390 0.08804811628211599295 0.14023495652946768586 0.05004758404073721134 0.13788697545283307155 0.04713683665422807589 
0.00000000099999999897 0.00000000099999999897 0.25966456458308967425 0.00000000099999999897 0.00000000099999999897 0.00000000099999999897 0.00000000099999999897 0.00000000099999999897 0.48067085770312772963 0.25966456771378237933 0.00000000099999999897 0.00000000099999999897 0.00000000099999999897 
0.00000000099999999967 0.00000000099999999967 0.04976500002754951496 0.18002598760049229321 0.07867131576817415484 0.10558169776126476169 0.00000000099999999967 0.00000000099999999967 0.22576026833100892866 0.07967043794203491902 0.01175204768333496311 0.03269668662167873191 0.23607655426446166880 
0.00000000099999999789 0.00000000099999999789 0.00000000099999999789 0.00000000099999999789 0.00000000099999999789 0.00000000099999999789 0.00000000099999999789 0.00000000099999999789 0.20466556133939492468 0.79533442766060491458 0.00000000099999999789 0.00000000099999999789 0.00000000099999999789 
0.00000000099999999843 0.00000000099999999843 0.22811685511249257807 0.00000000099999999843 0.00000000099999999843 0.09711910281539436196 0.00000000099999999843 0.00000000099999999843 0.61410908699485922124 0.00000000099999999843 0.00000000099999999843 0.00000000099999999843 0.06065494607725387816 
0.00000000099999999926 0.00000000099999999926 0.14158797686189678044 0.02638015621746940542 0.00000000099999999926 0.00000000099999999926 0.00000000099999999926 0.00000000099999999926 0.24375874855793694396 0.00000000099999999926 0.00000000099999999926 0.58827310936269683328 0.00000000099999999926 
0.00000000099999999917 0.00000000099999999917 0.00000000099999999917 0.00000000099999999917 0.00000000099999999917 0.00000000099999999917 0.27979920441747202497 0.00000000099999999917 0.00000000099999999917 0.00000000099999999917 0.00000000099999999917 0.00000000099999999917 0.72020078458252789755 
0.00000000099999999885 0.00000000099999999885 0.62414058027438235055 0.00000000099999999885 0.00000000099999999885 0.00000000099999999885 0.00000000099999999885 0.37585940872561779402 0.00000000099999999885 0.00000000099999999885 0.00000000099999999885 0.00000000099999999885 0.00000000099999999885 
0.99999998800000011734 0.00000000099999999823 0.00000000099999999823 0.00000000099999999823 0.00000000099999999823 0.00000000099999999823 0.00000000099999999823 0.00000000099999999823 0.00000000099999999823 0.00000000099999999823 0.00000000099999999823 0.00000000099999999823 0.00000000099999999823 
0.04117540488649078928 0.07436523950622782320 0.12793590754842765200 0.06665758397190545137 0.06975686454323999641 0.10080922110879425579 0.07445002998987690357 0.06359783384025551045 0.07359075664681978546 0.05034950382435528227 0.05297263061660286571 0.08046888015360027790 0.12387014336340330944 
0.00000000099999999854 0.00000000099999999854 0.00000000099999999854 0.00000000099999999854 0.00000000099999999854 0.00000000099999999854 0.00000002164425164492 0.00000000099999999854 0.00000000099999999854 0.00000000099999999854 0.99999996735574825379 0.00000000099999999854 0.00000000099999999854 
0.52543923591355556901 0.00000000099999999940 0.00000000099999999940 0.00000000099999999940 0.00000000099999999940 0.47455286889438458298 0.00000000099999999940 0.00000000099999999940 0.00000788519206015509 0.00000000099999999940 0.00000000099999999940 0.00000000099999999940 0.00000000099999999940 
0.00000000099999999955 0.04683162323222432588 0.02745409945227358581 0.23552353231424172364 0.00000000099999999955 0.00000000099999999955 0.00000000099999999955 0.41230757548309493465 0.00000000099999999955 0.27788316151816544464 0.00000000099999999955 0.00000000099999999955 0.00000000099999999955 
0.30077088757540770825 0.00000000099999999858 0.65855470068753318991 0.00000000099999999858 0.00000000099999999858 0.00000000099999999858 0.00000000099999999858 0.04067440173705936385 0.00000000099999999858 0.00000000099999999858 0.00000000099999999858 0.00000000099999999858 0.00000000099999999858 
0.09488846584850343935 0.08592358182175936776 0.12218494560157164286 0.02972334108904915034 0.01597164570844760226 0.06491999300974529707 0.03465234593812645258 0.01976562870100136149 0.11967990045773634067 0.02629300438687209168 0.09559517146677756760 0.12972933802338096343 0.16067263794702868474 
0.16330756901420553917 0.00000000099999999976 0.20261313683399959085 0.19705014926704822464 0.00000000099999999976 0.00000000099999999976 0.00000000099999999976 0.33669244108328072462 0.05570998521480026444 0.00000000099999999976 0.00153506612570809766 0.04309164646095771378 0.00000000099999999976 
0.00000000099999999795 0.00000000099999999795 0.00000000099999999795 0.00000000099999999795 0.00000000099999999795 0.00000000099999999795 0.00000000099999999795 0.55422583007281178702 0.00000000099999999795 0.00000000099999999795 0.44577415892718813550 0.00000000099999999795 0.00000000099999999795 
0.00000000099999999929 0.00000000099999999929 0.00000000099999999929 0.00000000099999999929 0.14456703700279932567 0.00000000099999999929 0.00000000100003532632 0.46261534804031428925 0.00000000099999999929 0.36402092547702863401 0.02879668047982257909 0.00000000099999999929 0.00000000099999999929 
0.00000000099999999956 0.00000000099999999956 0.26474103886564354093 0.26295808066475384601 0.00000000099999999956 0.00000000099999999956 0.00000000099999999956 0.00000000099999999956 0.04055194722561859116 0.00000000099999999956 0.04296024401676310639 0.38878868122722087808 0.00000000099999999956 
0.38520768201431049294 0.00000000099999999909 0.00000000099999999909 0.00000000099999999909 0.00000000099999999909 0.00000000099999999909 0.36190466309333513273 0.00000000099999999909 0.00000000099999999909 0.12411576244255299872 0.00000000099999999909 0.00000000099999999909 0.12877188344980131096 
0.00000000099999999742 0.00000000099999999742 0.00000000099999999742 0.00000000099999999742 0.00000000099999999742 0.00000000099999999742 0.99999998799999989529 0.00000000099999999742 0.00000000099999999742 0.00000000099999999742 0.00000000099999999742 0.00000000099999999742 0.00000000099999999742 
0.07258167798602625786 0.10167037148292172588 0.05048034215838019534 0.03968116569627486850 0.01225243145152445957 0.12483403834859385650 0.10975626410712120695 0.07521539002282934261 0.03373922864305328728 0.13824753286491572868 0.07125017204543949989 0.12364800262581121526 0.04664338256710835739 
0.50045274197829825447 0.00000000099999999815 0.00000000099999999815 0.00000000099999999815 0.00000000099999999815 0.00000000099999999815 0.00000000099999999815 0.00000000099999999815 0.00000001532627958091 0.00000000099999999815 0.00000000099999999815 0.00000000099999999815 0.49954723269542250508 
0.00000000099999999956 0.00000000099999999956 0.24928459798275373616 0.35900027469748008180 0.00000000099999999956 0.00000000099999999956 0.00000000099999999956 0.00000000099999999956 0.02022871702050767911 0.00000000099999999956 0.04945363796394049855 0.32203276433531807799 0.00000000099999999956 
0.99999998800000011734 0.00000000099999999832 0.00000000099999999832 0.00000000099999999832 0.00000000099999999832 0.00000000099999999832 0.00000000099999999832 0.00000000099999999832 0.00000000099999999832 0.00000000099999999832 0.00000000099999999832 0.00000000099999999832 0.00000000099999999832 
0.99999998800000022836 0.00000000099999999815 0.00000000099999999815 0.00000000099999999815 0.00000000099999999815 0.00000000099999999815 0.00000000099999999815 0.00000000099999999815 0.00000000099999999815 0.00000000099999999815 0.00000000099999999815 0.00000000099999999815 0.00000000099999999815 
0.13554355139066773250 0.05692094195898349945 0.13398384838738580660 0.11110982661750581912 0.06627971748162964083 0.01979782619367544474 0.06574268895281948355 0.13903183613155933873 0.01562501558250013398 0.06187552069947784006 0.02476363868295651874 0.05520974005997938971 0.11411584786085930687 
0.59999363436714925335 0.00000000099999999771 0.00000000099999999771 0.00000000099999999771 0.00000000099999999771 0.00000000099999999771 0.00000000099999999771 0.00000000099999999771 0.40000635463285083571 0.00000000099999999771 0.00000000099999999771 0.00000000099999999771 0.00000000099999999771 
0.04178698815206925710 0.06816271380226797405 0.10189851791322585006 0.01595633734438766174 0.05966978161216722476 0.09453795884645266323 0.06587710669134703989 0.05094133272680816810 0.06574854952278380571 0.12400570356592310883 0.06830441002271661621 0.12340616202734461249 0.11970443777250612538 
0.00000000099999999942 0.32518506212951447942 0.07135405727853605384 0.01025514695214777179 0.00000000099999999942 0.00000000099999999942 0.00000000099999999942 0.19750725679386843536 0.00000000099999999942 0.39569846884593323777 0.00000000099999999942 0.00000000099999999942 0.00000000099999999942 
0.00000000099999999904 0.00000000099999999904 0.00000000099999999904 0.00000000099999999904 0.99999998800000011734 0.00000000099999999904 0.00000000099999999904 0.00000000099999999904 0.00000000099999999904 0.00000000099999999904 0.00000000099999999904 0.00000000099999999904 0.00000000099999999904 
0.02513628532563016993 0.08958327513222952287 0.03207855981570456594 0.02189747686209501942 0.08210609002423263636 0.12597538858650136895 0.08079184364616627534 0.09949566127579437258 0.13077624349641162049 0.10974163404522846443 0.05600643059492100423 0.05581296347877386099 0.09059814771631101438 
0.00000000099999999965 0.00000000099999999965 0.01264945085361259512 0.39108142663167166919 0.00000000099999999965 0.00000000099999999965 0.00000000099999999965 0.00000000099999999965 0.16083054308962219103 0.00000000099999999965 0.10270060912597470115 0.33273796229911861699 0.00000000099999999965 
0.09905985225148333795 0.11895581910201404041 0.04562493973615305148 0.04469745893232965339 0.07110010544318226544 0.07170259168778488068 0.13763567312819158239 0.10438002358417546034 0.09442014022804556816 0.07286813428781967195 0.08512471077553683541 0.02828913581661357882 0.02614141502667002501 
0.00000000099999999849 0.00000000099999999849 0.00000000099999999849 0.00000000099999999849 0.00000000099999999849 0.00000000099999999849 0.18416571919999025209 0.37869910385634547589 0.00000000099999999849 0.00000000099999999849 0.43713516694366427728 0.00000000099999999849 0.00000000099999999849 
0.16235283224021312964 0.03343769264765039662 0.03397085917022047569 0.05739590392484855003 0.17465384585924095817 0.17723036603354347385 0.01257449224650824225 0.02378194682596303580 0.02501715223515167674 0.11539885363147239783 0.12747761853845537838 0.00721038486982476540 0.04949805177690767832 
0.00000000099999999919 0.00000000099999999919 0.19266270471787083629 0.30711378669183264645 0.00000000099999999919 0.00000000099999999919 0.00000000099999999919 0.14765732814264506678 0.00000000099999999919 0.00000000099999999919 0.35256617144765151073 0.00000000099999999919 0.00000000099999999919 
0.00000000099999999824 0.00000000099999999824 0.00000000099999999824 0.00000000099999999824 0.00000000099999999824 0.00000000099999999824 0.00000000099999999824 0.00000000099999999824 0.00000000099999999824 0.99999998799999989529 0.00000000099999999824 0.00000000099999999824 0.00000000099999999824 
0.00000000099999999871 0.00000000099999999871 0.79707030277023827036 0.20292968622976184645 0.00000000099999999871 0.00000000099999999871 0.00000000099999999871 0.00000000099999999871 0.00000000099999999871 0.00000000099999999871 0.00000000099999999871 0.00000000099999999871 0.00000000099999999871 
0.09284444937135150067 0.02721751470121949734 0.15773448038182791286 0.13850707818085619683 0.11037459360692691845 0.02950554036126904617 0.03300986332545144397 0.03940934345878692457 0.12655085016969888634 0.02542909030603702353 0.08830065341178670868 0.08818932610562790764 0.04292721661916019255 
0.05039682340897976703 0.05060061479237033810 0.01031550187955443398 0.12263351534938829457 0.00000000099999999971 0.06169005089227098254 0.00000000099999999971 0.00000000099999999971 0.13615177053958088527 0.00000000099999999971 0.00000000099999999971 0.39981302834443821492 0.16839868979341696131 
0.00000000099999999955 0.05744747608588496313 0.31017145961004444210 0.11951852454657301006 0.00000000099999999955 0.00000000099999999955 0.00000000099999999955 0.22220415021456796367 0.00000000099999999955 0.29065838154292961137 0.00000000099999999955 0.00000000099999999955 0.00000000099999999955 
0.16789936725480750224 0.17950095563687684663 0.07739407803408589193 0.05979475261018206422 0.00334554162270266336 0.10667022039706886005 0.08786993108649225614 0.05021372829460492293 0.04642095858396808744 0.03782574758724064484 0.10717736744232604640 0.02473235519646366232 0.05115499625318039451 
0.09395883987999271991 0.04977623034508320277 0.09291599062268718345 0.08232493879282039295 0.10968552157756476795 0.02133906759836032979 0.10642332132395941613 0.10169493715987878990 0.10378444872125831833 0.07384697516475584311 0.04157639879781535597 0.08323026097563056280 0.03944306904019304061 
0.00000000099999999835 0.00000000099999999835 0.00000000099999999835 0.00000000099999999835 0.00000000099999999835 0.00000000099999999835 0.00000000099999999835 0.00000000099999999835 0.00000000099999999835 0.00000000099999999835 0.00000000099999999835 0.00000000099999999835 0.99999998800000000632 
0.00000000099999999969 0.00000000099999999969 0.24536482796703679155 0.00365224519195255946 0.24859447403523199371 0.14348596068507440959 0.00000000099999999969 0.00000000099999999969 0.02557550795110580602 0.07638985813719692541 0.00854546770403988298 0.21686194253576043800 0.03152971179260118800 
0.20491029380916664371 0.19419914148512931740 0.00706700886233399463 0.02978206169048721111 0.00000000099999999956 0.03016046037442992808 0.00000000099999999956 0.00000000099999999956 0.16122892553028139728 0.00000000099999999956 0.00000000099999999956 0.17975676755210781566 0.19289533569606370778 
0.00000000099999999860 0.00000000099999999860 0.54441471407361330392 0.14623787739410218367 0.00000000099999999860 0.00000000099999999860 0.00000000099999999860 0.30934739853228448991 0.00000000099999999860 0.00000000099999999860 0.00000000099999999860 0.00000000099999999860 0.00000000099999999860 
0.00003308214871071406 0.00000000099999999879 0.00000000099999999879 0.00000000099999999879 0.00000000099999999879 0.00000000099999999879 0.00000000099999999879 0.00000000099999999879 0.00000000099999999879 0.99996690685128930554 0.00000000099999999879 0.00000000099999999879 0.00000000099999999879 
0.06581629191864542261 0.12635400029810817113 0.12805487146278227151 0.14412542761852614737 0.09367230736590360929 0.01387067913810911303 0.08419137789252571780 0.02106552236927701147 0.12613755401745513351 0.06420443867597357135 0.08440076209906073601 0.04572594617574191750 0.00238082096789105383 
0.00000000099999999962 0.39583823391083428067 0.03650226145229114316 0.24672512153950193481 0.00000000099999999962 0.00000000099999999962 0.00000000099999999962 0.14246298420848993449 0.00000000099999999962 0.17847139088888286373 0.00000000099999999962 0.00000000099999999962 0.00000000099999999962 
0.00000000099999999894 0.00000000099999999894 0.00000000099999999894 0.00000000099999999894 0.00000000099999999894 0.00000000099999999894 0.04884665462455164975 0.00000000099999999894 0.00000000099999999894 0.00000000099999999894 0.00000000099999999894 0.00000000099999999894 0.95115333437544835604 
0.07227868221010354255 0.08038429298618006424 0.05933538000884535507 0.11421370076377009017 0.08256773104820863685 0.06296832827720465209 0.06964538356247519657 0.09205729991100751464 0.05041924199576759691 0.02705164399960179392 0.12734402537967676183 0.06357400992775612270 0.09816027992940279390 
0.00019902998999438281 0.00000000099999999882 0.00000000099999999882 0.00000000099999999882 0.00000000099999999882 0.00000000099999999882 0.00000000099999999882 0.00000000099999999882 0.00000000099999999882 0.99980095901000554104 0.00000000099999999882 0.00000000099999999882 0.00000000099999999882 
0.00000000099999999877 0.00000000099999999877 0.99999998800000011734 0.00000000099999999877 0.00000000099999999877 0.00000000099999999877 0.00000000099999999877 0.00000000099999999877 0.00000000099999999877 0.00000000099999999877 0.00000000099999999877 0.00000000099999999877 0.00000000099999999877 
0.00000000099999999965 0.00000000099999999965 0.25499699415077509146 0.14275018682130338754 0.00000000099999999965 0.00000000099999999965 0.00000000099999999965 0.00000000099999999965 0.07544217700753844125 0.00000000099999999965 0.08912315255050612395 0.43768748146987668246 0.00000000099999999965 
0.07900495673517482498 0.02496828340441664337 0.05324623582402808475 0.07041825133603042686 0.14337126815603629115 0.11877529443386014574 0.02152571302943618453 0.06921948686576999410 0.06172050369128128516 0.09891979702485062531 0.07298886610478177994 0.09132525365095713055 0.09451608974337670499 
0.00000000099999999901 0.26412659439332908384 0.39164341646237116334 0.00000000099999999901 0.00573711247809548935 0.00000000099999999901 0.00000000099999999901 0.00000000099999999901 0.00000000099999999901 0.00000000099999999901 0.00000000099999999901 0.33849286766620456657 0.00000000099999999901 
0.00000000099999999792 0.00000000099999999792 0.00000000099999999792 0.00000000099999999792 0.00000000099999999792 0.00000000099999999792 0.00000000099999999792 0.00000000099999999792 0.00000000099999999792 0.00000000099999999792 0.00000000099999999792 0.99999998799999989529 0.00000000099999999792 
0.30408240746091647067 0.12292343349399546815 0.01447607178568353740 0.03829941322084059324 0.00000000099999999956 0.01670224012234436742 0.00000000099999999956 0.00000000099999999956 0.39600904937808673045 0.00000000099999999956 0.00000000099999999956 0.08411328621526856231 0.02339409332286421575 
0.00000000099999999873 0.00000000099999999873 0.05985882110719958210 0.00000000099999999873 0.00000000099999999873 0.00000000099999999873 0.00000000099999999873 0.49989412570211716469 0.00000000099999999873 0.00000000099999999873 0.44024704319068325153 0.00000000099999999873 0.00000000099999999873 
0.00000000099999999639 0.00000000099999999639 0.00000000099999999639 0.00000000099999999639 0.00000000099999999639 0.00000000099999999639 0.00000000099999999639 0.00000000099999999639 0.00000000099999999639 0.00000000099999999639 0.00000000099999999639 0.00000000099999999639 0.99999998799999989529 
0.00000000099999999825 0.00000000099999999825 0.00000000099999999825 0.00000000099999999825 0.00000000099999999825 0.00000000099999999825 0.62288409844885272992 0.00000000099999999825 0.00000000099999999825 0.00000000099999999825 0.37711589055114708158 0.00000000099999999825 0.00000000099999999825 
0.00000000099999999760 0.00000000099999999760 0.00000000099999999760 0.00000000099999999760 0.00000000099999999760 0.00000000099999999760 0.00000000099999999760 0.00000000099999999760 0.00000000099999999760 0.00000000099999999760 0.00000000099999999760 0.00000000099999999760 0.99999998799999989529 
0.05449331724646090669 0.26800741115215753751 0.00110341517525184272 0.09978183555869972465 0.00000000099999999971 0.16336504590336312082 0.00000000099999999971 0.00000000099999999971 0.24924312013711019675 0.00000000099999999971 0.00000000099999999971 0.16150861127002874573 0.00249723855692799649 
0.00000000099999999924 0.00000000099999999924 0.00000000099999999924 0.00000000099999999924 0.07996381874735467021 0.36872516783109271499 0.31250391642896691025 0.00000000099999999924 0.00000000099999999924 0.00385581317426733107 0.00000000099999999924 0.23495127581831840025 0.00000000099999999924 
0.48715197955138339614 0.00471227173438116317 0.00000013559549132437 0.49378949568669472381 0.00000000099999999874 0.00600621651191988581 0.00000000099999999874 0.00000000099999999874 0.00833989392012960545 0.00000000099999999874 0.00000000099999999874 0.00000000099999999874 0.00000000099999999874 
0.00000000099999999910 0.30502117038608200783 0.00000000099999999910 0.21053291814043031960 0.00000000099999999910 0.27589011818096553785 0.00000000099999999910 0.00000000099999999910 0.09977591939036381530 0.07599943987568943959 0.00000000099999999910 0.00000000099999999910 0.03278042702646900841 
0.00000000099999999880 0.00000000099999999880 0.03024118379923974517 0.00000000099999999880 0.00000000099999999880 0.00000000099999999880 0.00000000099999999880 0.00000000099999999880 0.09287337469244728860 0.10404090650418772179 0.00000000099999999880 0.27464460460079298532 0.49819992240333221822 
0.00000000099999999863 0.00000000099999999863 0.55125390371809313006 0.00000000099999999863 0.30318266659437692612 0.00000000099999999863 0.00000000099999999863 0.00000000099999999863 0.00000000099999999863 0.14556341861483426681 0.00000000099999999863 0.00000000207269582757 0.00000000099999999863 
0.00000000099999999896 0.00000000099999999896 0.00000000099999999896 0.20502600452399424857 0.48221930399629792108 0.14648846759117947758 0.00000000099999999896 0.00000000099999999896 0.00000000099999999896 0.00000000099999999896 0.16626621488852841302 0.00000000099999999896 0.00000000099999999896 
0.00000000099999999936 0.00000000099999999936 0.17730240007230071986 0.00146665882040644246 0.00000000099999999936 0.00000000099999999936 0.00000000099999999936 0.17876905718038071935 0.00000000099999999936 0.64246151729628597771 0.00000035863062614666 0.00000000099999999936 0.00000000099999999936 
0.00000000099999999943 0.00000000099999999943 0.00000000099999999943 0.00000000099999999943 0.63004556768272812484 0.28066485512557937110 0.00000000099999999943 0.00000000099999999943 0.00000000099999999943 0.00219618007219227673 0.00000000099999999943 0.00000000099999999943 0.08709338811950045889 
0.09968123625438499169 0.11865986289182814395 0.05476742466499210510 0.01941300845439626263 0.13246236280152540177 0.04367676905360249467 0.02212968901675282235 0.12561076134858525921 0.07893672014560308703 0.13864356658919135823 0.00513008497622796829 0.07850610410786885984 0.08238240969504102840 
0.48574459022621480075 0.00000000099999999849 0.00000000099999999849 0.00000000099999999849 0.00000000099999999849 0.00000000099999999849 0.00000000099999999849 0.00000000099999999849 0.00000000099999999849 0.00000000099999999849 0.00000000099999999849 0.51425539877378489972 0.00000000099999999849 
0.49964689110736132394 0.00000000099999999950 0.00000000099999999950 0.00000000099999999950 0.00000000099999999950 0.00022685537751336240 0.00000000099999999950 0.00000000099999999950 0.00027961616477535856 0.00000000099999999950 0.00000000099999999950 0.00000000099999999950 0.49984662835034981976 
0.06612644141947424115 0.04065019912436489830 0.11059604830440325496 0.00851904323444212588 0.11473675412064769652 0.08190878862481225375 0.08068176840799601290 0.07078252745505440868 0.06569207839997422138 0.04739602269721094469 0.11474326725622835399 0.07957018659159059704 0.11859687436380091097 
0.00000000099999999873 0.00000000099999999873 0.52225622507390523364 0.00000000099999999873 0.00000000099999999873 0.00000000099999999873 0.00000000099999999873 0.00000000099999999873 0.07867173501115867773 0.22563064110708266896 0.17344138980785339665 0.00000000099999999873 0.00000000099999999873 
0.00000000099999999872 0.00000000099999999872 0.17287933479824993399 0.00000000099999999872 0.00000000099999999872 0.00000000099999999872 0.00000000099999999872 0.49323490578289924668 0.00000000099999999872 0.00000000099999999872 0.33388574941885090785 0.00000000099999999872 0.00000000099999999872 
0.00000000099999999890 0.00000000099999999890 0.00000000099999999890 0.00000000099999999890 0.00000000099999999890 0.00000000099999999890 0.00000000099999999890 0.00000000099999999890 0.33636634469131526659 0.29079824913513108164 0.20395140830215288674 0.00000000099999999890 0.16888398887140099180 
0.13202647640675832519 0.12858956148161904132 0.05988682074063685079 0.06673526350346335734 0.05088023090704759527 0.01733924224460012958 0.13561019371557958557 0.10968093950956792071 0.02368202369718843889 0.03799756677584553016 0.09977480544062478085 0.07501316224934002908 0.06278371332772837710 
0.00000000099999999855 0.00000000099999999855 0.30799592908997824869 0.00000000099999999855 0.00000000099999999855 0.00000000099999999855 0.00000000099999999855 0.00000000099999999855 0.29941479457137848419 0.00000000099999999855 0.00000000099999999855 0.00000000099999999855 0.39258926633864327238 
0.00175621897006397396 0.15071906751457286866 0.00000000099999999922 0.00001069731274928468 0.00000000099999999922 0.48747622465484446996 0.00000000099999999922 0.00000000099999999922 0.00000000099999999922 0.36003778354776949655 0.00000000099999999922 0.00000000099999999922 0.00000000099999999922 
0.00000000099999999799 0.47229857981115874743 0.00000000099999999799 0.09450847249784197213 0.00000000099999999799 0.37967155200772922941 0.00000000099999999799 0.00000000099999999799 0.05352138668326981985 0.00000000099999999799 0.00000000099999999799 0.00000000099999999799 0.00000000099999999799 
0.00000000099999999924 0.00000000099999999924 0.00000000099999999924 0.00000000099999999924 0.07674031010365360561 0.36841931647692538476 0.31506530188592479780 0.00000000099999999924 0.00000000099999999924 0.00442761859186863865 0.00000000099999999924 0.23534744494162751494 0.00000000099999999924 
0.00000000099999999907 0.00000000099999999907 0.00000000099999999907 0.00000000099999999907 0.00000000099999999907 0.00000000099999999907 0.00000000099999999907 0.00000000099999999907 0.60052022752354972113 0.00000000099999999907 0.00000000099999999907 0.35120517992363559090 0.04827458255281485977 
0.00000000099999999929 0.00000000099999999929 0.00000000099999999929 0.00000000099999999929 0.16483095801198846542 0.00000000099999999929 0.00000000100003084584 0.26535199620852351066 0.00000000099999999929 0.51336005332440814986 0.05645698345504913951 0.00000000099999999929 0.00000000099999999929 
0.42026830561485922777 0.00000000099999999847 0.00000000099999999847 0.00000000099999999847 0.00000000099999999847 0.00000000099999999847 0.00000000099999999847 0.00000000099999999847 0.00000000099999999847 0.00000000099999999847 0.00000000099999999847 0.57973168338514047271 0.00000000099999999847 
0.00000000099999999926 0.00000000099999999926 0.00000000099999999926 0.00000000099999999926 0.07514484489003794843 0.35045522029429687638 0.31970210468563770023 0.00000000099999999926 0.00000000099999999926 0.01350531399843515543 0.00000000099999999926 0.24119250813159243130 0.00000000099999999926 
0.00000000099999999750 0.00000000099999999750 0.00000000099999999750 0.46170657196287501201 0.00000000099999999750 0.00000000099999999750 0.00000000099999999750 0.53829341703712463296 0.00000000099999999750 0.00000000099999999750 0.00000000099999999750 0.00000000099999999750 0.00000000099999999750 
0.00000000099999999935 0.00000000099999999935 0.00000000099999999935 0.10343688785417233522 0.36816571973831069275 0.26667762295003094586 0.00000000099999999935 0.00000000099999999935 0.13347360861126575382 0.01014465170204180942 0.00000000099999999935 0.11810150214417845793 0.00000000099999999935 
0.00000000099999999938 0.00000000099999999938 0.00000000099999999938 0.10322040163409020030 0.36825335751971810527 0.26686957989601112207 0.00000000099999999938 0.00000000099999999938 0.13323642330746765516 0.00990486356930936861 0.00000000099999999938 0.11851536707340372401 0.00000000099999999938 
0.12119779590162468863 0.00390121818632857640 0.11400767906276658425 0.08709442074212440932 0.00041676903896874370 0.04653350891122469413 0.13199300728340487843 0.07979199307175406652 0.06345592114884140988 0.11739678699093407388 0.02346256041491359690 0.08127724994113008639 0.12947108930598427712 
0.37112735709295979758 0.00000000099999999789 0.00000000099999999789 0.00000000099999999789 0.00000000099999999789 0.00000000099999999789 0.00000000099999999789 0.00000000099999999789 0.62887263190703990290 0.00000000099999999789 0.00000000099999999789 0.00000000099999999789 0.00000000099999999789 
0.00000000099999999924 0.00000000099999999924 0.00000000099999999924 0.00000000099999999924 0.07674519929040729549 0.36841880256465914245 0.31506413576144592925 0.00000000099999999924 0.00000000099999999924 0.00442489693623958867 0.00000000099999999924 0.23534695744724801192 0.00000000099999999924 
0.13694586926716989517 0.04283395103445756386 0.05396077674400341639 0.05703888635195612095 0.02310776899315324096 0.16346551545298809716 0.08483821625958790080 0.13619214194997011913 0.07323744438655077627 0.14009440435594977536 0.07517761283181377541 0.00900122864911800588 0.00410618372328128839 
0.10836149969833427931 0.09207622922173351598 0.05792370522739152816 0.06529113786395975005 0.02398789201876441041 0.04708970003352783845 0.07034650604419825926 0.04177087873831425435 0.16289111589144786296 0.11462946492404804677 0.02510275879599221591 0.07635876746447330110 0.11417034407781459504 
0.00000000099999999843 0.54067407879611906196 0.00000000099999999843 0.00000000099999999843 0.00000000099999999843 0.00000000099999999843 0.00000000099999999843 0.00000000099999999843 0.00000000099999999843 0.00000000099999999843 0.00000000099999999843 0.00000000099999999843 0.45932591020388141567 
0.00000000099999999919 0.00000000099999999919 0.00000000099999999919 0.00000000099999999919 0.48959377960923872175 0.10258773697942627501 0.00000000099999999919 0.00000000099999999919 0.00000000099999999919 0.00029849489068619402 0.00000000099999999919 0.00000000099999999919 0.40751997952064888953 
0.00000000099999999898 0.00000000099999999898 0.66652683265362089315 0.00000000099999999898 0.00000000099999999898 0.00000000099999999898 0.00000000099999999898 0.00000000099999999898 0.33347315298311402954 0.00000000436326511024 0.00000000099999999898 0.00000000099999999898 0.00000000099999999898 
0.00000000099999999917 0.00000000099999999917 0.00000000099999999917 0.40262310868694889399 0.00000000099999999917 0.00000000099999999917 0.00000000099999999917 0.00000000099999999917 0.00000000099999999917 0.00000000099999999917 0.00000000099999999917 0.34573681565248104430 0.25164006566056973391 
0.00000000099999999926 0.00000000099999999926 0.07690867164064768557 0.09692782744273972795 0.00000000099999999926 0.00000000099999999926 0.00000000099999999926 0.00000000099999999926 0.28593019582178336169 0.00000000099999999926 0.00000000099999999926 0.54023329609482917402 0.00000000099999999926 
