  1:   0.0000  0.0000  0.0000  1.0000  0.0000  0.0000  1
  2:   0.0000  1.0000  0.0000  0.0000  0.0000  0.0000  1
  3:   0.0000  1.0000  0.0000  0.0000  0.0000  0.0000  1
  4:   0.0000  0.8775  0.1225  0.0000  0.0000  0.0000  1
  5:   0.0000  1.0000  0.0000  0.0000  0.0000  0.0000  1
  6:   0.5691  0.0000  0.0000  0.0000  0.4309  0.0000  1
  7:   0.0333  0.0000  0.0000  0.0000  0.9500  0.0167  1
  8:   0.0000  0.1834  0.8166  0.0000  0.0000  0.0000  1
  9:   0.0000  0.9524  0.0476  0.0000  0.0000  0.0000  1
 10:   1.0000  0.0000  0.0000  0.0000  0.0000  0.0000  1
 11:   0.0000  0.9582  0.0418  0.0000  0.0000  0.0000  1
 12:   0.0000  0.8051  0.1949  0.0000  0.0000  0.0000  1
 13:   0.0000  0.8989  0.1011  0.0000  0.0000  0.0000  1
 14:   0.0000  0.0000  0.0000  0.0000  0.0000  1.0000  1
 15:   0.0000  0.3916  0.6084  0.0000  0.0000  0.0000  1
 16:   0.0833  0.0000  0.0000  0.0000  0.8287  0.0879  1
 17:   0.0000  0.8499  0.1496  0.0005  0.0000  0.0000  1
 18:   0.0000  1.0000  0.0000  0.0000  0.0000  0.0000  1
 19:   0.0000  0.0000  0.0000  0.0000  0.8439  0.1561  1
 20:   0.0000  0.7111  0.2889  0.0000  0.0000  0.0000  1
 21:   0.0000  1.0000  0.0000  0.0000  0.0000  0.0000  1
 22:   0.0000  0.9100  0.0900  0.0000  0.0000  0.0000  1
 23:   0.2139  0.0000  0.0000  0.0000  0.7480  0.0380  1
 24:   0.1183  0.0000  0.0000  0.0000  0.8817  0.0000  1
 25:   0.0000  0.8694  0.0364  0.0942  0.0000  0.0000  1
 26:   0.0000  0.0000  0.0000  0.0000  0.0000  1.0000  1
 27:   0.0000  0.8439  0.1561  0.0000  0.0000  0.0000  1
 28:   0.1520  0.0000  0.0000  0.0000  0.8480  0.0000  1
 29:   0.0000  0.8801  0.1133  0.0066  0.0000  0.0000  1
 30:   0.0000  0.9476  0.0524  0.0000  0.0000  0.0000  1
 31:   0.0000  0.1458  0.0000  0.8542  0.0000  0.0000  1
 32:   0.9160  0.0000  0.0840  0.0000  0.0000  0.0000  1
 33:   0.1868  0.0000  0.1407  0.0000  0.6725  0.0000  1
 34:   1.0000  0.0000  0.0000  0.0000  0.0000  0.0000  1
 35:   0.0000  0.0000  0.0850  0.0000  0.8027  0.1123  1
 36:   0.0000  0.0000  0.0000  0.0000  0.0000  1.0000  1
 37:   0.4123  0.0000  0.1002  0.0000  0.2202  0.2673  1
 38:   0.0000  0.6825  0.3175  0.0000  0.0000  0.0000  1
 39:   0.1114  0.0000  0.0360  0.0653  0.7861  0.0011  1
 40:   0.0000  0.0000  1.0000  0.0000  0.0000  0.0000  1
 41:   0.0000  0.8887  0.1113  0.0000  0.0000  0.0000  1
 42:   0.0000  1.0000  0.0000  0.0000  0.0000  0.0000  1
 43:   0.0000  0.6678  0.3317  0.0000  0.0005  0.0000  1
 44:   0.5279  0.0000  0.1575  0.0000  0.0521  0.2625  1
 45:   0.0000  0.0000  0.0000  0.0000  0.0000  1.0000  1
 46:   0.0000  0.9740  0.0260  0.0000  0.0000  0.0000  1
 47:   0.0544  0.0000  0.0000  0.0842  0.8615  0.0000  1
 48:   0.7875  0.0000  0.0000  0.0000  0.2125  0.0000  1
 49:   0.0000  0.0000  0.0000  0.0407  0.7471  0.2122  1
 50:   0.0000  0.0000  0.0000  0.0000  0.1275  0.8725  1
 51:   0.0000  1.0000  0.0000  0.0000  0.0000  0.0000  1
 52:   0.0000  0.6446  0.3554  0.0000  0.0000  0.0000  1
 53:   1.0000  0.0000  0.0000  0.0000  0.0000  0.0000  1
 54:   0.0000  0.0000  0.0000  1.0000  0.0000  0.0000  1
 55:   0.0000  0.0000  0.0000  0.0000  1.0000  0.0000  1
 56:   0.0000  0.0000  0.0000  1.0000  0.0000  0.0000  1
 57:   1.0000  0.0000  0.0000  0.0000  0.0000  0.0000  1
 58:   0.0000  0.0000  0.0000  0.0000  0.0000  1.0000  1
 59:   0.0000  0.6122  0.3878  0.0000  0.0000  0.0000  1
 60:   1.0000  0.0000  0.0000  0.0000  0.0000  0.0000  1
 61:   1.0000  0.0000  0.0000  0.0000  0.0000  0.0000  1
 62:   0.0000  0.8378  0.1622  0.0000  0.0000  0.0000  1
 63:   0.4401  0.0000  0.0000  0.0541  0.4950  0.0109  1
 64:   0.1658  0.0000  0.0000  0.0000  0.8263  0.0078  1
 65:   0.7962  0.0000  0.0374  0.1010  0.0000  0.0654  1
 66:   0.0000  0.6941  0.3059  0.0000  0.0000  0.0000  1
 67:   0.1056  0.0000  0.0000  0.8944  0.0000  0.0000  1
 68:   0.0000  0.0000  0.0000  1.0000  0.0000  0.0000  1
 69:   1.0000  0.0000  0.0000  0.0000  0.0000  0.0000  1
 70:   0.8736  0.0000  0.0000  0.0000  0.0000  0.1264  1
 71:   0.0000  0.9207  0.0793  0.0000  0.0000  0.0000  1
 72:   0.0000  0.7729  0.0955  0.1316  0.0000  0.0000  1
 73:   0.0000  0.6773  0.2638  0.0000  0.0589  0.0000  1
 74:   1.0000  0.0000  0.0000  0.0000  0.0000  0.0000  1
 75:   0.7818  0.0720  0.0000  0.0000  0.1462  0.0000  1
 76:   1.0000  0.0000  0.0000  0.0000  0.0000  0.0000  1
 77:   0.0000  0.7174  0.2546  0.0038  0.0242  0.0000  1
 78:   0.0000  0.0000  0.0000  1.0000  0.0000  0.0000  1
 79:   1.0000  0.0000  0.0000  0.0000  0.0000  0.0000  1
 80:   0.0000  0.7613  0.2387  0.0000  0.0000  0.0000  1
 81:   0.0000  0.0000  0.0000  1.0000  0.0000  0.0000  1
 82:   0.0000  0.0000  0.0000  0.0000  1.0000  0.0000  1
 83:   0.1388  0.0000  0.1346  0.0000  0.6315  0.0952  1
 84:   0.6706  0.0000  0.2505  0.0000  0.0000  0.0789  1
 85:   0.8195  0.0000  0.0000  0.0000  0.1805  0.0000  1
 86:   0.0000  0.0000  0.0000  0.0000  1.0000  0.0000  1
 87:   0.1962  0.5439  0.2599  0.0000  0.0000  0.0000  1
 88:   0.0000  0.0000  0.0000  0.0000  0.9160  0.0840  1
 89:   1.0000  0.0000  0.0000  0.0000  0.0000  0.0000  1
 90:   0.0000  1.0000  0.0000  0.0000  0.0000  0.0000  1
 91:   0.2603  0.0000  0.0000  0.0000  0.7397  0.0000  1
 92:   0.0374  0.0000  0.0000  0.0000  0.7158  0.2468  1
 93:   0.0000  0.0000  0.0000  1.0000  0.0000  0.0000  1
 94:   0.0000  0.0000  0.0000  1.0000  0.0000  0.0000  1
 95:   0.0000  0.1668  0.0000  0.1146  0.7135  0.0051  1
 96:   0.0000  0.9209  0.0791  0.0000  0.0000  0.0000  1
 97:   0.1677  0.0584  0.1142  0.0000  0.5426  0.1171  1
 98:   0.3676  0.1624  0.0000  0.0000  0.4010  0.0690  1
 99:   0.0000  0.2240  0.2454  0.0000  0.5306  0.0000  1
100:   0.0354  0.0000  0.8389  0.1257  0.0000  0.0000  1
101:   0.0000  0.0000  1.0000  0.0000  0.0000  0.0000  1
102:   0.0000  0.9955  0.0000  0.0045  0.0000  0.0000  1
103:   0.1101  0.0000  0.0000  0.0988  0.4697  0.3214  1
104:   0.0000  0.3613  0.2979  0.2399  0.1010  0.0000  1
105:   0.0275  0.7886  0.0075  0.0000  0.0000  0.1764  1
106:   0.0000  0.5602  0.4398  0.0000  0.0000  0.0000  1
107:   0.0000  0.0000  1.0000  0.0000  0.0000  0.0000  1
108:   0.0000  0.9449  0.0000  0.0551  0.0000  0.0000  1
109:   0.7299  0.0000  0.0000  0.0000  0.2701  0.0000  1
110:   0.0000  0.8793  0.0907  0.0299  0.0000  0.0000  1
111:   0.0000  0.5350  0.4650  0.0000  0.0000  0.0000  1
112:   0.1565  0.0000  0.0000  0.0000  0.7628  0.0807  1
113:   0.0359  0.0540  0.1810  0.0000  0.7290  0.0000  1
114:   0.2844  0.0454  0.3012  0.0417  0.3273  0.0000  1
115:   0.3790  0.0000  0.0591  0.0000  0.5418  0.0202  1
116:   0.0000  0.2104  0.6705  0.0000  0.0000  0.1191  1
117:   0.0000  0.0000  0.8996  0.1004  0.0000  0.0000  1
118:   0.0000  0.0000  0.2639  0.0000  0.7361  0.0000  1
119:   0.0000  0.8620  0.0000  0.1380  0.0000  0.0000  1
120:   0.0000  0.0000  0.7847  0.2153  0.0000  0.0000  1
121:   0.0000  0.9470  0.0000  0.0000  0.0000  0.0530  1
122:   0.0731  0.3227  0.6042  0.0000  0.0000  0.0000  1
123:   0.0000  0.0000  1.0000  0.0000  0.0000  0.0000  1
124:   0.2464  0.0000  0.0969  0.0000  0.1591  0.4976  1
125:   0.1506  0.0843  0.0000  0.0000  0.6450  0.1201  1
126:   0.0000  0.6403  0.3597  0.0000  0.0000  0.0000  1
127:   0.0000  0.0000  0.0000  0.0000  1.0000  0.0000  1
128:   0.0000  0.0000  0.0000  1.0000  0.0000  0.0000  1
129:   0.0000  1.0000  0.0000  0.0000  0.0000  0.0000  1
130:   0.0000  0.0000  0.0000  0.8244  0.0000  0.1756  1
131:   0.0000  0.9365  0.0635  0.0000  0.0000  0.0000  1
132:   0.0000  0.0000  0.0000  0.0000  0.0000  1.0000  1
133:   0.0000  0.0006  0.2488  0.7506  0.0000  0.0000  1
134:   0.0000  0.0000  0.2708  0.7292  0.0000  0.0000  1
135:   0.0000  0.0000  1.0000  0.0000  0.0000  0.0000  1
136:   0.0000  0.0000  0.0000  1.0000  0.0000  0.0000  1
137:   0.0000  0.8677  0.1323  0.0000  0.0000  0.0000  1
138:   0.1294  0.0000  0.0000  0.0000  0.6173  0.2533  1
139:   0.0000  0.1554  0.0000  0.8446  0.0000  0.0000  1
140:   0.0000  0.5645  0.2718  0.0719  0.0918  0.0000  1
141:   1.0000  0.0000  0.0000  0.0000  0.0000  0.0000  1
142:   0.0000  0.0000  0.0000  0.8304  0.1696  0.0000  1
143:   0.0000  0.0000  1.0000  0.0000  0.0000  0.0000  1
144:   0.0000  0.0000  0.0000  1.0000  0.0000  0.0000  1
145:   0.0000  0.0969  0.0000  0.9031  0.0000  0.0000  1
146:   0.0000  0.0000  0.0000  0.1487  0.8513  0.0000  1
147:   0.4812  0.0000  0.1649  0.0000  0.3405  0.0134  1
148:   0.2119  0.0000  0.0000  0.7881  0.0000  0.0000  1
149:   0.0000  0.0000  0.9897  0.0103  0.0000  0.0000  1
150:   0.0000  0.0000  1.0000  0.0000  0.0000  0.0000  1
151:   0.0000  0.0000  0.1415  0.0000  0.8585  0.0000  1
152:   0.0000  0.0000  0.7873  0.0000  0.0760  0.1367  1
153:   0.0000  0.7809  0.2178  0.0013  0.0000  0.0000  1
154:   0.0000  0.3423  0.5353  0.1224  0.0000  0.0000  1
155:   0.0000  0.5371  0.3763  0.0866  0.0000  0.0000  1
156:   0.0000  0.7416  0.0000  0.2584  0.0000  0.0000  1
157:   0.0000  0.0000  1.0000  0.0000  0.0000  0.0000  1
158:   0.0000  0.0792  0.0000  0.0000  0.8824  0.0384  1
159:   0.0050  0.5068  0.0945  0.0000  0.1575  0.2362  1
160:   0.0000  0.0000  0.0000  1.0000  0.0000  0.0000  1
161:   0.3176  0.0000  0.3008  0.0000  0.2919  0.0898  1
162:   0.0327  0.0000  0.0000  0.0000  0.8518  0.1154  1
163:   0.0000  0.1979  0.0000  0.8021  0.0000  0.0000  1
164:   0.0000  0.0000  0.0000  1.0000  0.0000  0.0000  1
165:   0.0000  0.1311  0.1389  0.0000  0.2579  0.4721  1
166:   0.0000  1.0000  0.0000  0.0000  0.0000  0.0000  1
167:   0.0000  0.0000  1.0000  0.0000  0.0000  0.0000  1
168:   0.3260  0.0000  0.3537  0.0475  0.1988  0.0740  1
169:   0.0000  0.0000  1.0000  0.0000  0.0000  0.0000  1
170:   0.3770  0.1940  0.0000  0.0000  0.4290  0.0000  1
171:   0.3328  0.2787  0.3885  0.0000  0.0000  0.0000  1
172:   0.0000  0.0000  0.9471  0.0000  0.0000  0.0529  1
173:   0.0000  0.0000  0.0905  0.9095  0.0000  0.0000  1
174:   0.0000  0.3302  0.6698  0.0000  0.0000  0.0000  1
175:   0.0000  0.7903  0.0000  0.2097  0.0000  0.0000  1
176:   0.1014  0.3797  0.2900  0.0520  0.0000  0.1769  1
177:   0.0000  0.0000  0.0000  1.0000  0.0000  0.0000  1
178:   0.1387  0.0000  0.8048  0.0565  0.0000  0.0000  1
179:   0.0000  0.3234  0.6159  0.0000  0.0608  0.0000  1
180:   0.0000  0.1083  0.6348  0.0000  0.0000  0.2569  1
181:   0.0000  0.0000  1.0000  0.0000  0.0000  0.0000  1
182:   0.0000  0.2669  0.7331  0.0000  0.0000  0.0000  1
183:   0.0000  0.0000  0.0000  1.0000  0.0000  0.0000  1
184:   0.0206  0.0482  0.0000  0.4167  0.4822  0.0322  1
185:   0.0000  0.0000  1.0000  0.0000  0.0000  0.0000  1
186:   0.0000  0.5245  0.0000  0.0000  0.0000  0.4755  1
187:   0.8743  0.0000  0.1150  0.0000  0.0000  0.0108  1
188:   0.8305  0.0000  0.0000  0.1694  0.0000  0.0000  1
189:   0.0028  0.0000  0.0000  0.0000  0.5372  0.4599  1
190:   0.0000  0.0000  1.0000  0.0000  0.0000  0.0000  1
191:   0.0000  0.0000  0.0000  1.0000  0.0000  0.0000  1
192:   0.4101  0.0000  0.0000  0.0000  0.5332  0.0567  1
193:   0.0000  0.0000  0.0000  1.0000  0.0000  0.0000  1
194:   0.0597  0.0000  0.9403  0.0000  0.0000  0.0000  1
195:   0.1324  0.0000  0.0000  0.0000  0.8676  0.0000  1
196:   0.0000  0.8819  0.1181  0.0000  0.0000  0.0000  1
197:   0.0000  0.0000  0.0000  0.4475  0.5525  0.0000  1
198:   0.0000  0.0000  1.0000  0.0000  0.0000  0.0000  1
199:   0.2846  0.0000  0.7154  0.0000  0.0000  0.0000  1
200:   0.0000  0.2170  0.0000  0.0000  0.7830  0.0000  1
201:   0.0000  0.0000  0.7347  0.0000  0.2653  0.0000  1
202:   0.0000  0.0000  0.0000  1.0000  0.0000  0.0000  1
203:   0.0000  0.0000  0.0000  1.0000  0.0000  0.0000  1
204:   0.0000  0.0000  0.0000  1.0000  0.0000  0.0000  1
205:   0.0000  0.0000  0.4838  0.3456  0.0000  0.1705  1
206:   0.0733  0.1932  0.0000  0.0000  0.6024  0.1311  1
207:   0.0000  0.7183  0.0000  0.0000  0.2817  0.0000  1
208:   0.0000  0.0000  0.0000  0.6922  0.3078  0.0000  1
209:   0.0000  0.0000  1.0000  0.0000  0.0000  0.0000  1
210:   0.0000  0.0000  0.0000  1.0000  0.0000  0.0000  1
211:   0.1355  0.0000  0.0000  0.8645  0.0000  0.0000  1
212:   0.0000  0.0000  0.0000  0.0000  1.0000  0.0000  1
213:   0.0000  0.0000  0.0000  1.0000  0.0000  0.0000  1
214:   0.2949  0.0000  0.0000  0.0000  0.7051  0.0000  1
215:   0.0000  0.1127  0.0000  0.8873  0.0000  0.0000  1
216:   0.1629  0.0000  0.0000  0.0000  0.0225  0.8146  1
217:   0.0000  0.0000  0.0000  1.0000  0.0000  0.0000  1
218:   0.5348  0.0000  0.0461  0.0000  0.4191  0.0000  1
219:   0.3596  0.0000  0.6044  0.0360  0.0000  0.0000  1
220:   0.0328  0.3040  0.0000  0.6632  0.0000  0.0000  1
221:   0.0000  0.0000  0.0000  1.0000  0.0000  0.0000  1
222:   0.0000  0.0000  0.0000  1.0000  0.0000  0.0000  1
223:   0.0000  0.4298  0.5702  0.0000  0.0000  0.0000  1
224:   0.0000  0.0000  0.0000  1.0000  0.0000  0.0000  1
225:   0.0000  0.0000  0.0000  1.0000  0.0000  0.0000  1
226:   0.2039  0.0000  0.0000  0.7961  0.0000  0.0000  1
227:   0.0000  0.0000  0.0000  1.0000  0.0000  0.0000  1
228:   0.0000  0.0000  0.0764  0.0000  0.9236  0.0000  1
229:   0.0000  0.0000  0.1876  0.0000  0.8124  0.0000  1
230:   0.0000  0.0872  0.6430  0.1809  0.0000  0.0889  1

  1:   0.0000  0.0000  0.0000  1.0000  0.0000  0.0000  1
  2:   0.0000  0.6497  0.3503  0.0000  0.0000  0.0000  1
  3:   0.0000  0.5716  0.4284  0.0000  0.0000  0.0000  1
  4:   0.0000  0.5955  0.4045  0.0000  0.0000  0.0000  1
  5:   0.0000  0.6904  0.3096  0.0000  0.0000  0.0000  1
  6:   0.5586  0.0000  0.0000  0.0000  0.4414  0.0000  1
  7:   0.0286  0.0001  0.0000  0.0000  0.9578  0.0136  1
  8:   0.0000  0.1335  0.8665  0.0000  0.0000  0.0000  1
  9:   0.0000  0.5468  0.4532  0.0000  0.0000  0.0000  1
 10:   1.0000  0.0000  0.0000  0.0000  0.0000  0.0000  1
 11:   0.0000  0.5423  0.4577  0.0000  0.0000  0.0000  1
 12:   0.0000  0.4720  0.5280  0.0000  0.0000  0.0000  1
 13:   0.0000  0.5477  0.4523  0.0000  0.0000  0.0000  1
 14:   0.0000  0.0000  0.0000  0.0000  0.0000  1.0000  1
 15:   0.0000  0.2301  0.7699  0.0000  0.0000  0.0000  1
 16:   0.0656  0.0000  0.0000  0.0000  0.8657  0.0687  1
 17:   0.0000  0.5352  0.4648  0.0000  0.0000  0.0000  1
 18:   0.0000  0.6453  0.3547  0.0000  0.0000  0.0000  1
 19:   0.0000  0.0000  0.0333  0.0000  0.8461  0.1206  1
 20:   0.0000  0.3901  0.6099  0.0000  0.0000  0.0000  1
 21:   0.0000  0.6300  0.3700  0.0000  0.0000  0.0000  1
 22:   0.0000  0.5153  0.4847  0.0000  0.0000  0.0000  1
 23:   0.2125  0.0000  0.0000  0.0000  0.7613  0.0262  1
 24:   0.1048  0.0094  0.0000  0.0000  0.8859  0.0000  1
 25:   0.0000  0.5258  0.3852  0.0890  0.0000  0.0000  1
 26:   0.0000  0.0000  0.0000  0.0000  0.0000  1.0000  1
 27:   0.0000  0.5260  0.4740  0.0000  0.0000  0.0000  1
 28:   0.1344  0.0000  0.0000  0.0000  0.8656  0.0000  1
 29:   0.0000  0.5767  0.4233  0.0000  0.0000  0.0000  1
 30:   0.0000  0.5471  0.4529  0.0000  0.0000  0.0000  1
 31:   0.0000  0.2055  0.0000  0.7945  0.0000  0.0000  1
 32:   0.8988  0.0000  0.1012  0.0000  0.0000  0.0000  1
 33:   0.1608  0.0049  0.1334  0.0000  0.7009  0.0000  1
 34:   1.0000  0.0000  0.0000  0.0000  0.0000  0.0000  1
 35:   0.0000  0.0000  0.1021  0.0000  0.8204  0.0774  1
 36:   0.0000  0.0000  0.0000  0.0000  0.0000  1.0000  1
 37:   0.3790  0.0000  0.1128  0.0000  0.2484  0.2598  1
 38:   0.0000  0.4414  0.5586  0.0000  0.0000  0.0000  1
 39:   0.0922  0.0000  0.0476  0.0552  0.8050  0.0000  1
 40:   0.0000  0.0000  1.0000  0.0000  0.0000  0.0000  1
 41:   0.0000  0.5203  0.4797  0.0000  0.0000  0.0000  1
 42:   0.0000  0.6323  0.3677  0.0000  0.0000  0.0000  1
 43:   0.0060  0.4701  0.5000  0.0000  0.0239  0.0000  1
 44:   0.5223  0.0000  0.1718  0.0000  0.0440  0.2620  1
 45:   0.0000  0.0000  0.0000  0.0000  0.0000  1.0000  1
 46:   0.0000  0.5412  0.4588  0.0000  0.0000  0.0000  1
 47:   0.0121  0.0000  0.0000  0.0897  0.8981  0.0000  1
 48:   0.7759  0.0000  0.0000  0.0000  0.2241  0.0000  1
 49:   0.0000  0.0000  0.0000  0.0567  0.7373  0.2060  1
 50:   0.0000  0.0953  0.0000  0.0000  0.0000  0.9047  1
 51:   0.0000  0.6862  0.3138  0.0000  0.0000  0.0000  1
 52:   0.0000  0.4227  0.5773  0.0000  0.0000  0.0000  1
 53:   0.9307  0.0000  0.0693  0.0000  0.0000  0.0000  1
 54:   0.0000  0.0000  0.0000  1.0000  0.0000  0.0000  1
 55:   0.0000  0.1216  0.0000  0.0000  0.8784  0.0000  1
 56:   0.0000  0.0000  0.0000  1.0000  0.0000  0.0000  1
 57:   1.0000  0.0000  0.0000  0.0000  0.0000  0.0000  1
 58:   0.0000  0.0000  0.0000  0.0000  0.0000  1.0000  1
 59:   0.0000  0.3980  0.6020  0.0000  0.0000  0.0000  1
 60:   0.9338  0.0662  0.0000  0.0000  0.0000  0.0000  1
 61:   1.0000  0.0000  0.0000  0.0000  0.0000  0.0000  1
 62:   0.0000  0.5463  0.4537  0.0000  0.0000  0.0000  1
 63:   0.4170  0.0000  0.0000  0.0554  0.5276  0.0000  1
 64:   0.1672  0.0000  0.0000  0.0000  0.8328  0.0000  1
 65:   0.8127  0.0000  0.0017  0.1201  0.0000  0.0655  1
 66:   0.0000  0.5474  0.4526  0.0000  0.0000  0.0000  1
 67:   0.0391  0.0000  0.1629  0.7980  0.0000  0.0000  1
 68:   0.0000  0.0000  0.0000  1.0000  0.0000  0.0000  1
 69:   1.0000  0.0000  0.0000  0.0000  0.0000  0.0000  1
 70:   0.8718  0.0000  0.0000  0.0000  0.0000  0.1282  1
 71:   0.0000  0.6371  0.3629  0.0000  0.0000  0.0000  1
 72:   0.0000  0.4683  0.4142  0.1175  0.0000  0.0000  1
 73:   0.0000  0.3970  0.5421  0.0000  0.0609  0.0000  1
 74:   1.0000  0.0000  0.0000  0.0000  0.0000  0.0000  1
 75:   0.8414  0.1354  0.0000  0.0000  0.0233  0.0000  1
 76:   1.0000  0.0000  0.0000  0.0000  0.0000  0.0000  1
 77:   0.0360  0.6657  0.2866  0.0117  0.0000  0.0000  1
 78:   0.0000  0.0000  0.0000  1.0000  0.0000  0.0000  1
 79:   1.0000  0.0000  0.0000  0.0000  0.0000  0.0000  1
 80:   0.0000  0.4565  0.5435  0.0000  0.0000  0.0000  1
 81:   0.0000  0.0000  0.0000  1.0000  0.0000  0.0000  1
 82:   0.0000  0.0000  0.0000  0.0000  1.0000  0.0000  1
 83:   0.1155  0.0000  0.1685  0.0000  0.6411  0.0748  1
 84:   0.6760  0.0000  0.2484  0.0017  0.0000  0.0739  1
 85:   0.8151  0.0000  0.0000  0.0000  0.1849  0.0000  1
 86:   0.0000  0.0000  0.0000  0.0000  1.0000  0.0000  1
 87:   0.2003  0.3633  0.4364  0.0000  0.0000  0.0000  1
 88:   0.0000  0.0000  0.0000  0.0000  0.9246  0.0754  1
 89:   1.0000  0.0000  0.0000  0.0000  0.0000  0.0000  1
 90:   0.0000  0.5739  0.4261  0.0000  0.0000  0.0000  1
 91:   0.2417  0.0000  0.0000  0.0000  0.7583  0.0000  1
 92:   0.0450  0.0000  0.0000  0.0000  0.7208  0.2342  1
 93:   0.0000  0.0000  0.0000  1.0000  0.0000  0.0000  1
 94:   0.0000  0.0000  0.0000  1.0000  0.0000  0.0000  1
 95:   0.0000  0.1798  0.0000  0.1251  0.6784  0.0166  1
 96:   0.0000  0.6994  0.3006  0.0000  0.0000  0.0000  1
 97:   0.1342  0.0005  0.1809  0.0000  0.5955  0.0890  1
 98:   0.3882  0.2469  0.0000  0.0000  0.3022  0.0627  1
 99:   0.0000  0.1879  0.2823  0.0000  0.5051  0.0247  1
100:   0.0555  0.0000  0.8012  0.1433  0.0000  0.0000  1
101:   0.0000  0.0000  1.0000  0.0000  0.0000  0.0000  1
102:   0.0000  0.7534  0.2419  0.0046  0.0000  0.0000  1
103:   0.0789  0.0000  0.0000  0.1048  0.5077  0.3087  1
104:   0.0000  0.2633  0.3376  0.3022  0.0968  0.0000  1
105:   0.0000  0.3785  0.4545  0.0000  0.0000  0.1670  1
106:   0.0000  0.3587  0.6413  0.0000  0.0000  0.0000  1
107:   0.0000  0.0000  1.0000  0.0000  0.0000  0.0000  1
108:   0.0000  0.7441  0.1856  0.0703  0.0000  0.0000  1
109:   0.7115  0.0000  0.0000  0.0000  0.2885  0.0000  1
110:   0.0000  0.6845  0.2827  0.0328  0.0000  0.0000  1
111:   0.0000  0.2831  0.7169  0.0000  0.0000  0.0000  1
112:   0.1549  0.0000  0.0000  0.0000  0.7799  0.0652  1
113:   0.0200  0.0465  0.2014  0.0000  0.7321  0.0000  1
114:   0.2671  0.0000  0.3333  0.0481  0.3514  0.0000  1
115:   0.3732  0.0053  0.0000  0.0000  0.6215  0.0000  1
116:   0.0484  0.1328  0.6553  0.0703  0.0000  0.0933  1
117:   0.0000  0.0000  0.7968  0.2032  0.0000  0.0000  1
118:   0.0000  0.0000  0.1930  0.0000  0.8070  0.0000  1
119:   0.0000  0.8353  0.0000  0.1647  0.0000  0.0000  1
120:   0.0000  0.0000  0.7524  0.2476  0.0000  0.0000  1
121:   0.0000  0.5361  0.4148  0.0000  0.0000  0.0491  1
122:   0.0609  0.0000  0.9391  0.0000  0.0000  0.0000  1
123:   0.0000  0.0000  1.0000  0.0000  0.0000  0.0000  1
124:   0.2253  0.0000  0.1252  0.0000  0.1751  0.4744  1
125:   0.1574  0.1370  0.0000  0.0000  0.5936  0.1120  1
126:   0.0000  0.3998  0.6002  0.0000  0.0000  0.0000  1
127:   0.0000  0.1365  0.0000  0.0000  0.8635  0.0000  1
128:   0.0000  0.0000  0.0000  1.0000  0.0000  0.0000  1
129:   0.0000  0.7752  0.2248  0.0000  0.0000  0.0000  1
130:   0.0000  0.0000  0.0000  0.8289  0.0000  0.1711  1
131:   0.0000  0.6391  0.3609  0.0000  0.0000  0.0000  1
132:   0.0000  0.0000  0.0000  0.0000  0.0000  1.0000  1
133:   0.0000  0.1085  0.2040  0.6875  0.0000  0.0000  1
134:   0.0000  0.0013  0.2112  0.7874  0.0000  0.0000  1
135:   0.0000  0.0000  0.9653  0.0347  0.0000  0.0000  1
136:   0.0000  0.0000  0.0000  1.0000  0.0000  0.0000  1
137:   0.0000  0.5483  0.4517  0.0000  0.0000  0.0000  1
138:   0.1090  0.0000  0.0000  0.0000  0.6471  0.2439  1
139:   0.0000  0.2744  0.0000  0.7256  0.0000  0.0000  1
140:   0.0000  0.3042  0.4740  0.0753  0.1466  0.0000  1
141:   1.0000  0.0000  0.0000  0.0000  0.0000  0.0000  1
142:   0.0000  0.0000  0.0000  0.8284  0.1716  0.0000  1
143:   0.0000  0.0000  1.0000  0.0000  0.0000  0.0000  1
144:   0.0000  0.0001  0.0000  0.9999  0.0000  0.0000  1
145:   0.0000  0.1871  0.0000  0.8129  0.0000  0.0000  1
146:   0.0000  0.0000  0.0000  0.1526  0.8474  0.0000  1
147:   0.4684  0.0000  0.1714  0.0000  0.3476  0.0126  1
148:   0.2116  0.0000  0.0000  0.7884  0.0000  0.0000  1
149:   0.0000  0.0000  0.6994  0.3006  0.0000  0.0000  1
150:   0.0000  0.0000  1.0000  0.0000  0.0000  0.0000  1
151:   0.0000  0.0000  0.1433  0.0000  0.8567  0.0000  1
152:   0.0000  0.0000  0.7866  0.0000  0.0428  0.1707  1
153:   0.0000  0.8702  0.0021  0.1278  0.0000  0.0000  1
154:   0.0000  0.2513  0.6757  0.0731  0.0000  0.0000  1
155:   0.0000  0.3684  0.4683  0.1300  0.0334  0.0000  1
156:   0.0000  0.5345  0.2108  0.2547  0.0000  0.0000  1
157:   0.0000  0.0000  1.0000  0.0000  0.0000  0.0000  1
158:   0.0000  0.1660  0.0000  0.0000  0.7784  0.0555  1
159:   0.0000  0.5157  0.0000  0.0000  0.0000  0.4843  1
160:   0.0000  0.0000  0.0000  1.0000  0.0000  0.0000  1
161:   0.3374  0.0000  0.2859  0.0000  0.2837  0.0931  1
162:   0.0305  0.0382  0.0000  0.0000  0.8179  0.1134  1
163:   0.0000  0.2790  0.0000  0.7210  0.0000  0.0000  1
164:   0.0000  0.0000  0.0000  1.0000  0.0000  0.0000  1
165:   0.0000  0.1010  0.1645  0.0000  0.2684  0.4661  1
166:   0.0000  0.6698  0.3302  0.0000  0.0000  0.0000  1
167:   0.0000  0.0000  1.0000  0.0000  0.0000  0.0000  1
168:   0.3066  0.0000  0.1421  0.1529  0.2878  0.1107  1
169:   0.0000  0.0000  1.0000  0.0000  0.0000  0.0000  1
170:   0.4560  0.3652  0.0000  0.0000  0.1788  0.0000  1
171:   0.3547  0.1955  0.4498  0.0000  0.0000  0.0000  1
172:   0.0000  0.0000  0.9497  0.0000  0.0000  0.0503  1
173:   0.0000  0.1347  0.0000  0.8653  0.0000  0.0000  1
174:   0.0000  0.2413  0.7587  0.0000  0.0000  0.0000  1
175:   0.0000  0.5786  0.0545  0.3669  0.0000  0.0000  1
176:   0.1047  0.3936  0.0000  0.2929  0.0000  0.2088  1
177:   0.0000  0.0000  0.0000  1.0000  0.0000  0.0000  1
178:   0.1711  0.0000  0.7556  0.0732  0.0000  0.0000  1
179:   0.0423  0.2683  0.6894  0.0000  0.0000  0.0000  1
180:   0.0000  0.0000  0.7487  0.0000  0.0000  0.2513  1
181:   0.0000  0.0000  1.0000  0.0000  0.0000  0.0000  1
182:   0.0000  0.2544  0.7456  0.0000  0.0000  0.0000  1
183:   0.0000  0.0000  0.0000  1.0000  0.0000  0.0000  1
184:   0.0000  0.1076  0.0000  0.3672  0.4833  0.0419  1
185:   0.0000  0.0000  1.0000  0.0000  0.0000  0.0000  1
186:   0.0000  0.4831  0.0000  0.0000  0.0000  0.5169  1
187:   0.8756  0.0000  0.1160  0.0000  0.0000  0.0084  1
188:   0.7929  0.0000  0.0000  0.2071  0.0000  0.0000  1
189:   0.0000  0.0000  0.2211  0.0000  0.5006  0.2783  1
190:   0.0000  0.0000  1.0000  0.0000  0.0000  0.0000  1
191:   0.0000  0.0000  0.0000  1.0000  0.0000  0.0000  1
192:   0.4090  0.0000  0.0000  0.0000  0.5458  0.0453  1
193:   0.0000  0.3338  0.0000  0.6662  0.0000  0.0000  1
194:   0.1143  0.0000  0.8857  0.0000  0.0000  0.0000  1
195:   0.1361  0.0001  0.0000  0.0274  0.8363  0.0000  1
196:   0.0000  0.5010  0.4990  0.0000  0.0000  0.0000  1
197:   0.0000  0.3832  0.0000  0.4543  0.1626  0.0000  1
198:   0.0000  0.0000  0.9999  0.0001  0.0000  0.0000  1
199:   0.2453  0.0000  0.7547  0.0000  0.0000  0.0000  1
200:   0.0000  0.4037  0.0000  0.0000  0.5963  0.0000  1
201:   0.0000  0.0000  0.6560  0.0000  0.3440  0.0000  1
202:   0.0000  0.0000  0.0000  1.0000  0.0000  0.0000  1
203:   0.0000  0.0000  0.0000  1.0000  0.0000  0.0000  1
204:   0.0000  0.0000  0.0000  1.0000  0.0000  0.0000  1
205:   0.0000  0.0000  0.4805  0.3560  0.0000  0.1635  1
206:   0.1137  0.1956  0.0000  0.0000  0.5383  0.1524  1
207:   0.0000  0.5842  0.1445  0.0000  0.2714  0.0000  1
208:   0.0000  0.1808  0.0000  0.6470  0.1723  0.0000  1
209:   0.0000  0.0000  1.0000  0.0000  0.0000  0.0000  1
210:   0.0000  0.0000  0.0000  1.0000  0.0000  0.0000  1
211:   0.1324  0.0000  0.0000  0.8676  0.0000  0.0000  1
212:   0.0000  0.0001  0.0000  0.0000  0.9999  0.0000  1
213:   0.0000  0.0000  0.0000  1.0000  0.0000  0.0000  1
214:   0.2739  0.0000  0.0000  0.0000  0.7261  0.0000  1
215:   0.0000  0.1932  0.0000  0.8068  0.0000  0.0000  1
216:   0.1549  0.0000  0.0000  0.0000  0.0383  0.8068  1
217:   0.0000  0.0000  0.0000  1.0000  0.0000  0.0000  1
218:   0.5390  0.0000  0.0087  0.0000  0.4524  0.0000  1
219:   0.3657  0.0000  0.6343  0.0000  0.0000  0.0000  1
220:   0.0261  0.2924  0.0000  0.6815  0.0000  0.0000  1
221:   0.0000  0.0000  0.0000  1.0000  0.0000  0.0000  1
222:   0.0000  0.0000  0.0000  1.0000  0.0000  0.0000  1
223:   0.0000  0.2437  0.7563  0.0000  0.0000  0.0000  1
224:   0.0000  0.0000  0.0000  1.0000  0.0000  0.0000  1
225:   0.0000  0.0000  0.0000  1.0000  0.0000  0.0000  1
226:   0.1797  0.0000  0.0000  0.8203  0.0000  0.0000  1
227:   0.0000  0.0000  0.0000  1.0000  0.0000  0.0000  1
228:   0.0000  0.0000  0.0800  0.0000  0.9200  0.0000  1
229:   0.0000  0.0000  0.0632  0.0000  0.9368  0.0000  1
230:   0.0000  0.4560  0.0933  0.4328  0.0000  0.0178  1

  1:   0.0000  0.0000  0.0000  1.0000  0.0000  0.0000  1
  2:   0.0000  0.4086  0.0000  0.0000  0.0000  0.5914  1
  3:   0.0000  1.0000  0.0000  0.0000  0.0000  0.0000  1
  4:   0.0000  0.3089  0.0978  0.0000  0.0000  0.5933  1
  5:   0.0000  0.4278  0.0000  0.0000  0.0000  0.5722  1
  6:   0.5369  0.0009  0.0000  0.0000  0.4622  0.0000  1
  7:   0.0299  0.0413  0.0000  0.0000  0.9288  0.0000  1
  8:   0.0000  0.0000  0.8279  0.0000  0.0000  0.1721  1
  9:   0.0000  1.0000  0.0000  0.0000  0.0000  0.0000  1
 10:   1.0000  0.0000  0.0000  0.0000  0.0000  0.0000  1
 11:   0.0000  0.5372  0.0000  0.0000  0.0000  0.4628  1
 12:   0.0000  0.3199  0.1485  0.0000  0.0000  0.5316  1
 13:   0.0000  0.3691  0.0874  0.0000  0.0000  0.5435  1
 14:   0.4889  0.0000  0.0008  0.0000  0.4239  0.0864  1
 15:   0.0000  0.4696  0.5304  0.0000  0.0000  0.0000  1
 16:   0.1099  0.0000  0.0000  0.0000  0.8901  0.0000  1
 17:   0.0000  0.3516  0.1298  0.0001  0.0000  0.5186  1
 18:   0.0000  0.5527  0.0000  0.0000  0.0000  0.4473  1
 19:   0.0000  0.0000  0.0619  0.0000  0.9381  0.0000  1
 20:   0.0000  0.4004  0.2026  0.0000  0.0000  0.3970  1
 21:   0.0000  0.4792  0.0000  0.0000  0.0000  0.5208  1
 22:   0.0000  0.9292  0.0084  0.0000  0.0000  0.0624  1
 23:   0.2362  0.0000  0.0000  0.0000  0.7638  0.0000  1
 24:   0.0859  0.0000  0.0000  0.0000  0.8794  0.0346  1
 25:   0.0000  0.6697  0.0000  0.0914  0.0000  0.2389  1
 26:   0.9431  0.0000  0.0569  0.0000  0.0000  0.0000  1
 27:   0.0000  0.5788  0.1357  0.0000  0.0000  0.2855  1
 28:   0.1538  0.0000  0.0000  0.0000  0.8462  0.0000  1
 29:   0.0000  0.3761  0.0849  0.0076  0.0000  0.5314  1
 30:   0.0000  0.5527  0.0000  0.0000  0.0000  0.4473  1
 31:   0.0000  0.0000  0.0000  0.8215  0.0000  0.1785  1
 32:   0.9073  0.0000  0.0927  0.0000  0.0000  0.0000  1
 33:   0.1664  0.0000  0.1676  0.0000  0.6561  0.0100  1
 34:   1.0000  0.0000  0.0000  0.0000  0.0000  0.0000  1
 35:   0.0000  0.0000  0.1310  0.0000  0.8690  0.0000  1
 36:   1.0000  0.0000  0.0000  0.0000  0.0000  0.0000  1
 37:   0.6230  0.0335  0.0153  0.0000  0.2420  0.0862  1
 38:   0.0000  0.0000  0.2551  0.0000  0.0000  0.7449  1
 39:   0.0758  0.0000  0.0769  0.0502  0.7971  0.0000  1
 40:   0.0000  0.4026  0.5974  0.0000  0.0000  0.0000  1
 41:   0.0000  0.5337  0.0213  0.0000  0.0000  0.4450  1
 42:   0.0000  0.3801  0.0000  0.0000  0.0000  0.6199  1
 43:   0.0000  0.4699  0.3217  0.0000  0.0000  0.2084  1
 44:   0.7745  0.2255  0.0000  0.0000  0.0000  0.0000  1
 45:   0.7774  0.0000  0.0000  0.0000  0.1173  0.1053  1
 46:   0.0000  0.8533  0.0000  0.0000  0.0000  0.1467  1
 47:   0.0000  0.0000  0.0350  0.0565  0.9085  0.0000  1
 48:   0.7628  0.0000  0.0000  0.0000  0.2372  0.0000  1
 49:   0.0000  0.0000  0.0000  0.0774  0.9226  0.0000  1
 50:   0.4211  0.0000  0.0000  0.0000  0.5095  0.0693  1
 51:   0.0000  0.8107  0.0000  0.0000  0.0000  0.1893  1
 52:   0.0000  0.1016  0.3516  0.0000  0.0000  0.5468  1
 53:   0.9233  0.0000  0.0767  0.0000  0.0000  0.0000  1
 54:   0.0000  0.0000  0.0000  1.0000  0.0000  0.0000  1
 55:   0.0000  0.0000  0.0000  0.0000  1.0000  0.0000  1
 56:   0.0000  0.0000  0.0000  1.0000  0.0000  0.0000  1
 57:   1.0000  0.0000  0.0000  0.0000  0.0000  0.0000  1
 58:   0.4935  0.0000  0.0000  0.0000  0.3565  0.1500  1
 59:   0.0000  0.3448  0.3012  0.0000  0.0000  0.3540  1
 60:   0.9162  0.0000  0.0000  0.0000  0.0000  0.0838  1
 61:   1.0000  0.0000  0.0000  0.0000  0.0000  0.0000  1
 62:   0.0000  0.4376  0.1342  0.0000  0.0000  0.4282  1
 63:   0.3954  0.0000  0.0000  0.0504  0.5152  0.0389  1
 64:   0.1866  0.0000  0.0000  0.0000  0.8134  0.0000  1
 65:   0.8569  0.0000  0.0000  0.1431  0.0000  0.0000  1
 66:   0.0000  0.2858  0.3265  0.0000  0.0000  0.3878  1
 67:   0.0000  0.0000  0.0000  1.0000  0.0000  0.0000  1
 68:   0.0000  0.0000  0.0000  1.0000  0.0000  0.0000  1
 69:   1.0000  0.0000  0.0000  0.0000  0.0000  0.0000  1
 70:   1.0000  0.0000  0.0000  0.0000  0.0000  0.0000  1
 71:   0.0000  0.3550  0.1253  0.0000  0.0000  0.5197  1
 72:   0.0000  0.6088  0.0732  0.1198  0.0000  0.1982  1
 73:   0.0000  0.6290  0.2963  0.0000  0.0700  0.0047  1
 74:   0.8902  0.0000  0.1098  0.0000  0.0000  0.0000  1
 75:   0.7852  0.0000  0.0000  0.0000  0.1530  0.0618  1
 76:   1.0000  0.0000  0.0000  0.0000  0.0000  0.0000  1
 77:   0.0000  0.0967  0.1680  0.0000  0.0000  0.7353  1
 78:   0.0000  0.0000  0.0000  1.0000  0.0000  0.0000  1
 79:   1.0000  0.0000  0.0000  0.0000  0.0000  0.0000  1
 80:   0.0000  0.1164  0.2395  0.0000  0.0000  0.6440  1
 81:   0.0000  0.0000  0.0000  1.0000  0.0000  0.0000  1
 82:   0.0000  0.0000  0.0000  0.0000  1.0000  0.0000  1
 83:   0.1906  0.2054  0.0000  0.0000  0.6040  0.0000  1
 84:   0.7622  0.0000  0.2378  0.0000  0.0000  0.0000  1
 85:   0.8077  0.0150  0.0000  0.0000  0.1773  0.0000  1
 86:   0.0000  0.0000  0.0550  0.0000  0.9450  0.0000  1
 87:   0.0917  0.3816  0.2965  0.0000  0.0000  0.2302  1
 88:   0.0000  0.0000  0.0000  0.0000  0.9561  0.0439  1
 89:   1.0000  0.0000  0.0000  0.0000  0.0000  0.0000  1
 90:   0.0000  0.6824  0.0000  0.0000  0.0000  0.3176  1
 91:   0.2481  0.0000  0.0000  0.0000  0.7519  0.0000  1
 92:   0.2627  0.0134  0.0000  0.0000  0.7239  0.0000  1
 93:   0.0000  0.0000  0.0000  0.8233  0.0000  0.1767  1
 94:   0.0000  0.0000  0.0000  1.0000  0.0000  0.0000  1
 95:   0.0000  0.1640  0.0000  0.0898  0.7462  0.0000  1
 96:   0.0000  0.0939  0.0000  0.0000  0.0000  0.9061  1
 97:   0.2897  0.0000  0.0173  0.0000  0.5434  0.1497  1
 98:   0.5030  0.0000  0.0000  0.0000  0.2578  0.2392  1
 99:   0.0000  0.2803  0.1699  0.0000  0.5499  0.0000  1
100:   0.0000  0.0000  0.7371  0.2629  0.0000  0.0000  1
101:   0.0000  0.0000  1.0000  0.0000  0.0000  0.0000  1
102:   0.0000  0.7607  0.0000  0.0248  0.0000  0.2144  1
103:   0.2896  0.0000  0.0000  0.1123  0.5981  0.0000  1
104:   0.0000  0.0000  0.2255  0.2195  0.0803  0.4747  1
105:   0.0052  0.8609  0.0000  0.0000  0.1339  0.0000  1
106:   0.0000  0.5688  0.4312  0.0000  0.0000  0.0000  1
107:   0.0000  0.0000  1.0000  0.0000  0.0000  0.0000  1
108:   0.0000  0.0000  0.0000  0.0000  0.0000  1.0000  1
109:   0.7238  0.0699  0.0000  0.0000  0.2063  0.0000  1
110:   0.0000  0.3706  0.0768  0.0262  0.0000  0.5264  1
111:   0.0000  0.6847  0.1910  0.0000  0.0000  0.1243  1
112:   0.1987  0.0000  0.0000  0.0000  0.8013  0.0000  1
113:   0.0000  0.1937  0.1226  0.0000  0.6837  0.0000  1
114:   0.2609  0.0457  0.3043  0.0548  0.3343  0.0000  1
115:   0.3079  0.0000  0.1108  0.0000  0.5059  0.0754  1
116:   0.0000  0.2570  0.6738  0.0000  0.0000  0.0693  1
117:   0.0000  0.0000  0.9106  0.0894  0.0000  0.0000  1
118:   0.0000  0.0000  0.3495  0.0000  0.6505  0.0000  1
119:   0.0000  0.8629  0.0000  0.1371  0.0000  0.0000  1
120:   0.0000  0.2716  0.6385  0.0900  0.0000  0.0000  1
121:   0.0277  0.7119  0.0000  0.0000  0.0000  0.2604  1
122:   0.1301  0.5688  0.3011  0.0000  0.0000  0.0000  1
123:   0.0000  0.0000  1.0000  0.0000  0.0000  0.0000  1
124:   0.5150  0.0000  0.2143  0.0000  0.2707  0.0000  1
125:   0.2124  0.0234  0.0000  0.0000  0.6932  0.0710  1
126:   0.0000  0.5224  0.3058  0.0000  0.0000  0.1718  1
127:   0.0000  0.0000  0.0000  0.0000  1.0000  0.0000  1
128:   0.0000  0.0000  0.0000  1.0000  0.0000  0.0000  1
129:   0.0000  0.0000  0.0000  0.0000  0.0000  1.0000  1
130:   0.0000  0.2200  0.0000  0.7800  0.0000  0.0000  1
131:   0.0000  0.0984  0.1570  0.0000  0.0000  0.7446  1
132:   1.0000  0.0000  0.0000  0.0000  0.0000  0.0000  1
133:   0.0000  0.0000  0.1222  0.7052  0.0000  0.1726  1
134:   0.0000  0.0872  0.2944  0.6183  0.0000  0.0000  1
135:   0.0000  0.0000  1.0000  0.0000  0.0000  0.0000  1
136:   0.0000  0.0000  0.0000  1.0000  0.0000  0.0000  1
137:   0.0000  0.5713  0.0980  0.0000  0.0000  0.3307  1
138:   0.2473  0.0000  0.0000  0.0000  0.7527  0.0000  1
139:   0.0000  0.0000  0.0000  0.7167  0.0000  0.2833  1
140:   0.0000  0.2250  0.3080  0.0737  0.1219  0.2714  1
141:   0.9602  0.0000  0.0000  0.0398  0.0000  0.0000  1
142:   0.0000  0.0000  0.0000  0.8123  0.1877  0.0000  1
143:   0.0000  0.0000  1.0000  0.0000  0.0000  0.0000  1
144:   0.0000  0.0000  0.0000  1.0000  0.0000  0.0000  1
145:   0.0000  0.0000  0.0000  0.7873  0.0000  0.2127  1
146:   0.0000  0.0000  0.0000  0.1551  0.8449  0.0000  1
147:   0.5400  0.0000  0.1466  0.0000  0.3134  0.0000  1
148:   0.0007  0.0000  0.0000  0.9993  0.0000  0.0000  1
149:   0.0000  0.0000  1.0000  0.0000  0.0000  0.0000  1
150:   0.0000  0.0000  1.0000  0.0000  0.0000  0.0000  1
151:   0.0000  0.0000  0.1302  0.0000  0.8698  0.0000  1
152:   0.0000  0.0000  0.8914  0.0000  0.1086  0.0000  1
153:   0.0000  0.0000  0.0000  0.0000  0.0000  1.0000  1
154:   0.0000  0.0000  0.5409  0.0000  0.0000  0.4591  1
155:   0.0000  0.1822  0.1371  0.2724  0.0000  0.4084  1
156:   0.0000  0.0000  0.3798  0.0185  0.0000  0.6017  1
157:   0.0000  0.3952  0.6048  0.0000  0.0000  0.0000  1
158:   0.0000  0.0000  0.0000  0.0000  0.8551  0.1449  1
159:   0.1009  0.0000  0.0000  0.0000  0.0000  0.8991  1
160:   0.0000  0.0000  0.0000  1.0000  0.0000  0.0000  1
161:   0.2459  0.0000  0.4129  0.0000  0.3412  0.0000  1
162:   0.0551  0.0371  0.0000  0.0000  0.9078  0.0000  1
163:   0.0000  0.0002  0.0000  0.7734  0.0000  0.2264  1
164:   0.0000  0.0000  0.0000  1.0000  0.0000  0.0000  1
165:   0.2981  0.4186  0.0000  0.0000  0.2833  0.0000  1
166:   0.0000  0.6500  0.3500  0.0000  0.0000  0.0001  1
167:   0.0000  0.0000  1.0000  0.0000  0.0000  0.0000  1
168:   0.2790  0.0000  0.4696  0.0524  0.1991  0.0000  1
169:   0.0000  0.3786  0.6214  0.0000  0.0000  0.0000  1
170:   0.4249  0.0000  0.0000  0.0000  0.3200  0.2551  1
171:   0.2090  0.3202  0.4708  0.0000  0.0000  0.0000  1
172:   0.0000  0.0000  0.0000  0.0000  0.0000  1.0000  1
173:   0.0000  0.0000  0.2744  0.7256  0.0000  0.0000  1
174:   0.0000  0.0000  0.0000  0.0000  0.0000  1.0000  1
175:   0.0000  0.4785  0.0000  0.1299  0.0000  0.3917  1
176:   0.1447  0.0000  0.0000  0.0000  0.1010  0.7543  1
177:   0.0000  0.0000  0.0000  1.0000  0.0000  0.0000  1
178:   0.0000  0.0000  0.8845  0.1155  0.0000  0.0000  1
179:   0.0000  0.0000  0.5514  0.0000  0.0000  0.4486  1
180:   0.1808  0.3104  0.5089  0.0000  0.0000  0.0000  1
181:   0.0000  0.0000  0.0000  0.0000  0.0000  1.0000  1
182:   0.0000  0.0000  0.8342  0.0000  0.0000  0.1658  1
183:   0.0000  0.0000  0.0000  1.0000  0.0000  0.0000  1
184:   0.0631  0.0000  0.0000  0.1102  0.1909  0.6358  1
185:   0.0000  0.0000  1.0000  0.0000  0.0000  0.0000  1
186:   0.0000  0.6596  0.3404  0.0000  0.0000  0.0000  1
187:   0.9114  0.0000  0.0886  0.0000  0.0000  0.0000  1
188:   0.5281  0.0000  0.0000  0.3161  0.1558  0.0000  1
189:   0.3452  0.0000  0.0000  0.0000  0.6548  0.0000  1
190:   0.0000  0.0000  1.0000  0.0000  0.0000  0.0000  1
191:   0.0000  0.0000  0.0000  1.0000  0.0000  0.0000  1
192:   0.3969  0.0000  0.0993  0.0000  0.5038  0.0000  1
193:   0.0000  0.0000  0.0000  0.6432  0.0000  0.3568  1
194:   0.0000  0.0000  1.0000  0.0000  0.0000  0.0000  1
195:   0.1631  0.0451  0.0000  0.0000  0.7919  0.0000  1
196:   0.0176  0.9650  0.0174  0.0000  0.0000  0.0000  1
197:   0.0000  0.0000  0.0000  0.4447  0.5553  0.0000  1
198:   0.0000  0.3696  0.5722  0.0582  0.0000  0.0000  1
199:   0.2087  0.0000  0.7913  0.0000  0.0000  0.0000  1
200:   0.0000  0.0000  0.0000  0.0000  0.6113  0.3887  1
201:   0.0000  0.0000  0.7416  0.0000  0.2584  0.0000  1
202:   0.0000  0.0000  0.0000  1.0000  0.0000  0.0000  1
203:   0.0000  0.0000  0.0000  1.0000  0.0000  0.0000  1
204:   0.0000  0.0000  0.0000  1.0000  0.0000  0.0000  1
205:   0.0000  0.0000  0.7219  0.2781  0.0000  0.0000  1
206:   0.1289  0.0000  0.0000  0.0000  0.6657  0.2054  1
207:   0.0000  0.0000  0.1596  0.0000  0.2289  0.6115  1
208:   0.0000  0.2336  0.0000  0.7664  0.0000  0.0000  1
209:   0.0000  0.0000  0.0000  0.0000  0.0000  1.0000  1
210:   0.0000  0.0000  0.0000  1.0000  0.0000  0.0000  1
211:   0.1472  0.0000  0.0000  0.8528  0.0000  0.0000  1
212:   0.0000  0.0000  0.0000  0.0000  1.0000  0.0000  1
213:   0.0000  0.0000  0.0000  1.0000  0.0000  0.0000  1
214:   0.1866  0.0000  0.0000  0.0872  0.7262  0.0000  1
215:   0.0000  0.0000  0.0000  0.8358  0.0000  0.1642  1
216:   0.7317  0.0000  0.0000  0.0000  0.2683  0.0000  1
217:   0.0000  0.0000  0.0000  1.0000  0.0000  0.0000  1
218:   0.4699  0.0000  0.1649  0.0000  0.3652  0.0000  1
219:   0.3186  0.2742  0.4072  0.0000  0.0000  0.0000  1
220:   0.0002  0.3082  0.0000  0.6917  0.0000  0.0000  1
221:   0.0000  0.0080  0.0000  0.9920  0.0000  0.0000  1
222:   0.0000  0.0000  0.0000  1.0000  0.0000  0.0000  1
223:   0.0000  0.0000  1.0000  0.0000  0.0000  0.0000  1
224:   0.0000  0.0000  0.0000  1.0000  0.0000  0.0000  1
225:   0.0000  0.0000  0.0000  1.0000  0.0000  0.0000  1
226:   0.0000  0.0000  0.0000  1.0000  0.0000  0.0000  1
227:   0.0000  0.0000  0.0000  1.0000  0.0000  0.0000  1
228:   0.0000  0.1238  0.0000  0.0000  0.8762  0.0000  1
229:   0.0000  0.0000  0.3531  0.0000  0.6469  0.0000  1
