  1:   0.0000  0.0000  0.0000  0.0000  0.0000  1.0000  0.0000  0.0000  0.0000  0.0000  1
  2:   0.0000  0.0000  0.0000  0.6261  0.3739  0.0000  0.0000  0.0000  0.0000  0.0000  1
  3:   1.0000  0.0000  0.0000  0.0000  0.0000  0.0000  0.0000  0.0000  0.0000  0.0000  1
  4:   0.0313  0.0000  0.0000  0.5269  0.4419  0.0000  0.0000  0.0000  0.0000  0.0000  1
  5:   0.0000  0.0000  0.0000  0.6608  0.3392  0.0000  0.0000  0.0000  0.0000  0.0000  1
  6:   0.0000  0.0000  0.0000  0.0000  0.0000  0.0000  0.7186  0.1085  0.0000  0.1729  1
  7:   0.0445  0.0088  0.0000  0.0000  0.0000  0.0000  0.0481  0.3972  0.0000  0.5015  1
  8:   0.0000  0.0000  0.7830  0.0000  0.2170  0.0000  0.0000  0.0000  0.0000  0.0000  1
  9:   1.0000  0.0000  0.0000  0.0000  0.0000  0.0000  0.0000  0.0000  0.0000  0.0000  1
 10:   0.0000  0.0000  0.0000  0.0000  0.0000  0.0000  1.0000  0.0000  0.0000  0.0000  1
 11:   0.2552  0.0000  0.0000  0.3807  0.3641  0.0000  0.0000  0.0000  0.0000  0.0000  1
 12:   0.0000  0.0000  0.0000  0.4953  0.5047  0.0000  0.0000  0.0000  0.0000  0.0000  1
 13:   0.0000  0.0000  0.0000  0.6041  0.3959  0.0000  0.0000  0.0000  0.0000  0.0000  1
 14:   0.0000  1.0000  0.0000  0.0000  0.0000  0.0000  0.0000  0.0000  0.0000  0.0000  1
 15:   0.4235  0.0000  0.4058  0.0867  0.0840  0.0000  0.0000  0.0000  0.0000  0.0000  1
 16:   0.0000  0.0000  0.0000  0.0000  0.0000  0.0000  0.0000  0.0000  0.0000  1.0000  1
 17:   0.0000  0.0000  0.0000  0.5890  0.4110  0.0000  0.0000  0.0000  0.0000  0.0000  1
 18:   0.0523  0.0000  0.0000  0.5954  0.3523  0.0000  0.0000  0.0000  0.0000  0.0000  1
 19:   0.0000  0.1104  0.0000  0.0000  0.0000  0.0000  0.0000  0.2075  0.0000  0.6821  1
 20:   0.0023  0.0000  0.1714  0.4841  0.3422  0.0000  0.0000  0.0000  0.0000  0.0000  1
 21:   0.3365  0.0000  0.0000  0.1973  0.4662  0.0000  0.0000  0.0000  0.0000  0.0000  1
 22:   1.0000  0.0000  0.0000  0.0000  0.0000  0.0000  0.0000  0.0000  0.0000  0.0000  1
 23:   0.0000  0.0000  0.0000  0.0000  0.0000  0.0000  0.0373  0.0000  0.1297  0.8330  1
 24:   0.0000  0.0000  0.0000  0.0000  0.0000  0.0000  0.2003  0.4830  0.0000  0.3168  1
 25:   0.5908  0.0000  0.0000  0.1645  0.2202  0.0245  0.0000  0.0000  0.0000  0.0000  1
 26:   0.0000  1.0000  0.0000  0.0000  0.0000  0.0000  0.0000  0.0000  0.0000  0.0000  1
 27:   0.2453  0.0000  0.0604  0.4712  0.2232  0.0000  0.0000  0.0000  0.0000  0.0000  1
 28:   0.0000  0.0000  0.0000  0.0000  0.0000  0.0000  0.0000  0.1648  0.0639  0.7713  1
 29:   0.0000  0.0000  0.0177  0.6252  0.3571  0.0000  0.0000  0.0000  0.0000  0.0000  1
 30:   0.0000  0.0000  0.0000  0.6726  0.3274  0.0000  0.0000  0.0000  0.0000  0.0000  1
 31:   0.0000  0.0000  0.0000  0.0000  0.0946  0.7992  0.0000  0.1062  0.0000  0.0000  1
 32:   0.0000  0.0000  0.0000  0.0000  0.0000  0.0000  1.0000  0.0000  0.0000  0.0000  1
 33:   0.0000  0.0000  0.0219  0.0737  0.0115  0.0000  0.1881  0.2090  0.0295  0.4665  1
 34:   0.0000  0.0000  0.0000  0.0000  0.0000  0.0000  0.0000  0.0000  1.0000  0.0000  1
 35:   0.0000  0.0000  0.0000  0.0000  0.0000  0.0000  0.0000  0.0000  0.0000  1.0000  1
 36:   0.0000  1.0000  0.0000  0.0000  0.0000  0.0000  0.0000  0.0000  0.0000  0.0000  1
 37:   0.0000  0.2990  0.1105  0.0000  0.0000  0.0000  0.1004  0.1540  0.3361  0.0000  1
 38:   0.0000  0.0000  0.2330  0.0000  0.7670  0.0000  0.0000  0.0000  0.0000  0.0000  1
 39:   0.0000  0.0000  0.0000  0.0000  0.0000  0.0579  0.1548  0.2753  0.0000  0.5120  1
 40:   0.5184  0.0000  0.3675  0.0000  0.1142  0.0000  0.0000  0.0000  0.0000  0.0000  1
 41:   0.4684  0.0000  0.0008  0.1444  0.3864  0.0000  0.0000  0.0000  0.0000  0.0000  1
 42:   0.0691  0.0000  0.0000  0.3978  0.5331  0.0000  0.0000  0.0000  0.0000  0.0000  1
 43:   0.0000  0.0000  0.2742  0.6883  0.0375  0.0000  0.0000  0.0000  0.0000  0.0000  1
 44:   0.1803  0.2872  0.0000  0.0000  0.0000  0.0000  0.0000  0.0137  0.5189  0.0000  1
 45:   0.0000  1.0000  0.0000  0.0000  0.0000  0.0000  0.0000  0.0000  0.0000  0.0000  1
 46:   0.5587  0.0000  0.0000  0.3713  0.0700  0.0000  0.0000  0.0000  0.0000  0.0000  1
 47:   0.0000  0.0000  0.0000  0.0000  0.0000  0.0000  0.0000  0.0000  0.0000  1.0000  1
 48:   0.0000  0.0000  0.0000  0.0000  0.0000  0.0000  1.0000  0.0000  0.0000  0.0000  1
 49:   0.0643  0.2202  0.0000  0.0000  0.0000  0.0000  0.0437  0.0893  0.0000  0.5826  1
 50:   0.0000  0.8582  0.0000  0.0000  0.0000  0.0000  0.0000  0.1418  0.0000  0.0000  1
 51:   1.0000  0.0000  0.0000  0.0000  0.0000  0.0000  0.0000  0.0000  0.0000  0.0000  1
 52:   0.0000  0.0000  0.1790  0.3961  0.4249  0.0000  0.0000  0.0000  0.0000  0.0000  1
 53:   0.0000  0.0000  0.0000  0.0000  0.0000  0.0000  1.0000  0.0000  0.0000  0.0000  1
 54:   0.0000  0.0000  0.0000  0.0000  0.0000  1.0000  0.0000  0.0000  0.0000  0.0000  1
 55:   0.0000  0.0000  0.0000  0.0000  0.0000  0.0000  0.0000  1.0000  0.0000  0.0000  1
 56:   0.0000  0.0000  0.0000  0.0000  0.0000  1.0000  0.0000  0.0000  0.0000  0.0000  1
 57:   0.0000  0.0000  0.0000  0.0000  0.0000  0.0000  0.1537  0.0000  0.8463  0.0000  1
 58:   0.0000  1.0000  0.0000  0.0000  0.0000  0.0000  0.0000  0.0000  0.0000  0.0000  1
 59:   0.0000  0.0000  0.1927  0.5378  0.2695  0.0000  0.0000  0.0000  0.0000  0.0000  1
 60:   0.0000  0.0000  0.0000  0.0000  0.0000  0.0000  0.0000  0.0000  1.0000  0.0000  1
 61:   0.0000  0.0000  0.0000  0.0000  0.0000  0.0000  0.0000  0.0000  1.0000  0.0000  1
 62:   0.0297  0.0000  0.0238  0.5265  0.4200  0.0000  0.0000  0.0000  0.0000  0.0000  1
 63:   0.0000  0.0000  0.0000  0.0000  0.0592  0.0000  0.2217  0.4234  0.2589  0.0367  1
 64:   0.0000  0.0000  0.0000  0.0000  0.0265  0.0000  0.0000  0.0087  0.1430  0.8218  1
 65:   0.0000  0.0000  0.1985  0.0000  0.0000  0.0574  0.0000  0.0000  0.7441  0.0000  1
 66:   0.0295  0.0000  0.1425  0.2754  0.5526  0.0000  0.0000  0.0000  0.0000  0.0000  1
 67:   0.0000  0.0000  0.0000  0.0000  0.0000  0.9998  0.0002  0.0000  0.0000  0.0000  1
 68:   0.0000  0.0000  0.0000  0.0000  0.0000  1.0000  0.0000  0.0000  0.0000  0.0000  1
 69:   0.0000  0.0000  0.0000  0.0000  0.0000  0.0000  0.6828  0.0000  0.3172  0.0000  1
 70:   0.0071  0.1424  0.0000  0.0000  0.0000  0.0000  0.1676  0.0000  0.6829  0.0000  1
 71:   0.0000  0.0000  0.0000  0.4508  0.5492  0.0000  0.0000  0.0000  0.0000  0.0000  1
 72:   0.5246  0.0000  0.0302  0.1827  0.1998  0.0627  0.0000  0.0000  0.0000  0.0000  1
 73:   0.1654  0.0000  0.0484  0.5550  0.1279  0.0242  0.0000  0.0000  0.0000  0.0792  1
 74:   0.0000  0.0000  0.0000  0.0000  0.0000  0.0000  0.2614  0.0000  0.7386  0.0000  1
 75:   0.1921  0.0000  0.0000  0.0000  0.0000  0.0000  0.0000  0.0000  0.8079  0.0000  1
 76:   0.0000  0.0000  0.0000  0.0000  0.0000  0.0000  0.0000  0.0000  1.0000  0.0000  1
 77:   0.0000  0.0000  0.1270  0.0000  0.8730  0.0000  0.0000  0.0000  0.0000  0.0000  1
 78:   0.0000  0.0000  0.0000  0.0000  0.0000  1.0000  0.0000  0.0000  0.0000  0.0000  1
 79:   0.0000  0.0000  0.0000  0.0000  0.0000  0.0000  1.0000  0.0000  0.0000  0.0000  1
 80:   0.0000  0.0000  0.0000  0.4659  0.5341  0.0000  0.0000  0.0000  0.0000  0.0000  1
 81:   0.0000  0.0000  0.0000  0.0000  0.0000  1.0000  0.0000  0.0000  0.0000  0.0000  1
 82:   0.0000  0.0000  0.0000  0.0000  0.0000  0.0000  0.0000  0.0989  0.0000  0.9011  1
 83:   0.0000  0.0000  0.2967  0.0000  0.0000  0.0000  0.0000  0.7033  0.0000  0.0000  1
 84:   0.0000  0.0527  0.2755  0.0000  0.0000  0.0000  0.3006  0.0000  0.3711  0.0000  1
 85:   0.0000  0.0178  0.0000  0.0000  0.0000  0.0000  0.0000  0.1370  0.8451  0.0000  1
 86:   0.0000  0.0000  0.0000  0.0000  0.0000  0.0000  0.1410  0.8590  0.0000  0.0000  1
 87:   0.0000  0.0000  0.1021  0.4306  0.2501  0.0000  0.0000  0.0000  0.2172  0.0000  1
 88:   0.0000  0.0000  0.0000  0.0000  0.1216  0.0000  0.0000  0.8784  0.0000  0.0000  1
 89:   0.0000  0.0000  0.0000  0.0000  0.0000  0.0000  0.0000  0.0000  1.0000  0.0000  1
 90:   0.0000  0.0000  0.0000  0.6962  0.3038  0.0000  0.0000  0.0000  0.0000  0.0000  1
 91:   0.0000  0.0000  0.0000  0.0000  0.0000  0.0000  0.2724  0.5838  0.0308  0.1131  1
 92:   0.0406  0.1548  0.0000  0.0000  0.0000  0.0000  0.3141  0.2324  0.0000  0.2580  1
 93:   0.0000  0.0000  0.0000  0.0000  0.2782  0.7218  0.0000  0.0000  0.0000  0.0000  1
 94:   0.0000  0.0000  0.0000  0.0000  0.0000  1.0000  0.0000  0.0000  0.0000  0.0000  1
 95:   0.1524  0.0000  0.0000  0.0000  0.0000  0.0830  0.0657  0.6988  0.0000  0.0000  1
 96:   0.1210  0.0000  0.0000  0.0000  0.8790  0.0000  0.0000  0.0000  0.0000  0.0000  1
 97:   0.0000  0.0000  0.1502  0.0000  0.0000  0.0000  0.0000  0.0000  0.0251  0.8247  1
 98:   0.0000  0.0676  0.0000  0.0000  0.2267  0.0000  0.0578  0.4180  0.2298  0.0000  1
 99:   0.1959  0.0000  0.1234  0.0000  0.0000  0.0000  0.0000  0.6807  0.0000  0.0000  1
100:   0.0000  0.0000  0.6328  0.0000  0.0000  0.2655  0.1017  0.0000  0.0000  0.0000  1
101:   0.3058  0.0000  0.3478  0.2895  0.0000  0.0000  0.0000  0.0000  0.0569  0.0000  1
102:   0.3580  0.0000  0.0000  0.4439  0.1981  0.0000  0.0000  0.0000  0.0000  0.0000  1
103:   0.0000  0.2048  0.0000  0.0000  0.0000  0.1194  0.0000  0.0000  0.0000  0.6758  1
104:   0.0000  0.0000  0.2808  0.1661  0.2911  0.1448  0.0000  0.0000  0.0000  0.1171  1
105:   0.7190  0.1038  0.0000  0.1271  0.0000  0.0000  0.0000  0.0000  0.0000  0.0501  1
106:   0.1271  0.0000  0.2579  0.6150  0.0000  0.0000  0.0000  0.0000  0.0000  0.0000  1
107:   0.0000  0.0000  1.0000  0.0000  0.0000  0.0000  0.0000  0.0000  0.0000  0.0000  1
108:   0.0000  0.0000  0.0000  0.3108  0.6892  0.0000  0.0000  0.0000  0.0000  0.0000  1
109:   0.0000  0.0000  0.0000  0.0000  0.0000  0.0000  1.0000  0.0000  0.0000  0.0000  1
110:   0.1501  0.0000  0.0000  0.3880  0.4619  0.0000  0.0000  0.0000  0.0000  0.0000  1
111:   0.2399  0.0000  0.3420  0.3004  0.1177  0.0000  0.0000  0.0000  0.0000  0.0000  1
112:   0.0000  0.0000  0.0000  0.0000  0.0000  0.0000  0.0000  0.8485  0.1515  0.0000  1
113:   0.0000  0.0000  0.0000  0.3420  0.0000  0.0000  0.0000  0.3386  0.1590  0.1605  1
114:   0.0633  0.0000  0.3415  0.0000  0.0000  0.0007  0.0000  0.0621  0.2669  0.2656  1
115:   0.0000  0.0000  0.0913  0.0000  0.0378  0.0000  0.3992  0.2793  0.0000  0.1924  1
116:   0.1752  0.0964  0.4620  0.1753  0.0000  0.0910  0.0000  0.0000  0.0000  0.0000  1
117:   0.1370  0.0000  0.6449  0.0000  0.0531  0.1651  0.0000  0.0000  0.0000  0.0000  1
118:   0.0000  0.0000  0.0941  0.0000  0.0249  0.0000  0.0000  0.0000  0.0000  0.8810  1
119:   0.0000  0.0000  0.0000  1.0000  0.0000  0.0000  0.0000  0.0000  0.0000  0.0000  1
120:   0.3912  0.0000  0.4914  0.0000  0.0000  0.1175  0.0000  0.0000  0.0000  0.0000  1
121:   0.1873  0.0430  0.0000  0.7697  0.0000  0.0000  0.0000  0.0000  0.0000  0.0000  1
122:   0.5722  0.0556  0.3722  0.0000  0.0000  0.0000  0.0000  0.0000  0.0000  0.0000  1
123:   0.0000  0.0000  1.0000  0.0000  0.0000  0.0000  0.0000  0.0000  0.0000  0.0000  1
124:   0.0000  0.3319  0.0622  0.0000  0.0000  0.0000  0.3211  0.0000  0.0000  0.2848  1
125:   0.0000  0.2349  0.0000  0.0255  0.0395  0.0000  0.0002  0.6059  0.0941  0.0000  1
126:   0.3260  0.0000  0.3147  0.3592  0.0000  0.0000  0.0000  0.0000  0.0000  0.0000  1
127:   0.0000  0.0000  0.0000  0.0000  0.0000  0.0000  0.0000  1.0000  0.0000  0.0000  1
128:   0.0000  0.0000  0.0000  0.0000  0.0000  1.0000  0.0000  0.0000  0.0000  0.0000  1
129:   0.0000  0.0000  0.0000  0.0000  1.0000  0.0000  0.0000  0.0000  0.0000  0.0000  1
130:   0.2077  0.0000  0.0000  0.0000  0.0000  0.7923  0.0000  0.0000  0.0000  0.0000  1
131:   0.0000  0.0000  0.0000  0.4068  0.5932  0.0000  0.0000  0.0000  0.0000  0.0000  1
132:   0.0000  1.0000  0.0000  0.0000  0.0000  0.0000  0.0000  0.0000  0.0000  0.0000  1
133:   0.0000  0.0000  0.0000  0.3776  0.0000  0.6224  0.0000  0.0000  0.0000  0.0000  1
134:   0.0000  0.0000  0.1723  0.1758  0.0000  0.6519  0.0000  0.0000  0.0000  0.0000  1
135:   0.0000  0.0000  1.0000  0.0000  0.0000  0.0000  0.0000  0.0000  0.0000  0.0000  1
136:   0.0000  0.0000  0.0000  0.0000  0.0000  1.0000  0.0000  0.0000  0.0000  0.0000  1
137:   0.1485  0.0000  0.0000  0.4330  0.4184  0.0000  0.0000  0.0000  0.0000  0.0000  1
138:   0.0000  0.0709  0.0000  0.0000  0.0000  0.0000  0.3966  0.2573  0.0000  0.2752  1
139:   0.0000  0.0000  0.0000  0.0000  0.0126  0.6711  0.0000  0.3164  0.0000  0.0000  1
140:   0.0000  0.0000  0.1510  0.3857  0.2486  0.0472  0.0000  0.0000  0.0000  0.1675  1
141:   0.0000  0.0000  0.0000  0.0000  0.0000  0.0000  0.0000  0.0000  1.0000  0.0000  1
142:   0.0000  0.0000  0.0000  0.0000  0.0003  0.8163  0.0000  0.1834  0.0000  0.0000  1
143:   0.0000  0.0000  1.0000  0.0000  0.0000  0.0000  0.0000  0.0000  0.0000  0.0000  1
144:   0.0000  0.0000  0.0000  0.0000  0.0000  1.0000  0.0000  0.0000  0.0000  0.0000  1
145:   0.0000  0.0000  0.0200  0.0000  0.1981  0.7820  0.0000  0.0000  0.0000  0.0000  1
146:   0.0000  0.0000  0.0000  0.0000  0.0000  0.1714  0.0000  0.5697  0.2588  0.0000  1
147:   0.0000  0.0000  0.0885  0.0000  0.0000  0.0000  0.0724  0.0000  0.4348  0.4043  1
148:   0.0000  0.0000  0.0000  0.0000  0.0000  0.9679  0.0000  0.0000  0.0321  0.0000  1
149:   0.0000  0.0000  0.6618  0.0000  0.3382  0.0000  0.0000  0.0000  0.0000  0.0000  1
150:   0.0000  0.0000  1.0000  0.0000  0.0000  0.0000  0.0000  0.0000  0.0000  0.0000  1
151:   0.0000  0.0000  0.0000  0.0000  0.0000  0.0000  0.0000  1.0000  0.0000  0.0000  1
152:   0.0000  0.0000  0.0000  0.5322  0.0000  0.1893  0.1947  0.0000  0.0000  0.0838  1
153:   0.0000  0.0000  0.0000  0.0000  1.0000  0.0000  0.0000  0.0000  0.0000  0.0000  1
154:   0.0000  0.0000  0.1885  0.0000  0.8115  0.0000  0.0000  0.0000  0.0000  0.0000  1
155:   0.0000  0.0000  0.1666  0.5202  0.1048  0.1623  0.0000  0.0000  0.0000  0.0460  1
156:   0.0000  0.0000  0.0230  0.0550  0.7024  0.2195  0.0000  0.0000  0.0000  0.0000  1
157:   0.7795  0.0000  0.2205  0.0000  0.0000  0.0000  0.0000  0.0000  0.0000  0.0000  1
158:   0.0000  0.0000  0.0000  0.0000  0.1444  0.0000  0.0000  0.2997  0.0000  0.5559  1
159:   0.0000  0.0000  0.0000  0.0000  0.9070  0.0000  0.0930  0.0000  0.0000  0.0000  1
160:   0.0000  0.0000  0.0000  0.0000  0.0000  1.0000  0.0000  0.0000  0.0000  0.0000  1
161:   0.0000  0.1968  0.0000  0.2066  0.0000  0.0000  0.0000  0.0000  0.4749  0.1216  1
162:   0.0000  0.0000  0.0000  0.0000  0.0000  0.0000  0.0000  1.0000  0.0000  0.0000  1
163:   0.0000  0.0000  0.0000  0.0000  0.2185  0.7815  0.0000  0.0000  0.0000  0.0000  1
164:   0.0000  0.0000  0.0000  0.0000  0.0000  1.0000  0.0000  0.0000  0.0000  0.0000  1
165:   0.1163  0.5244  0.0715  0.1514  0.0000  0.0000  0.0000  0.1365  0.0000  0.0000  1
166:   0.1584  0.0000  0.0000  0.4088  0.4329  0.0000  0.0000  0.0000  0.0000  0.0000  1
167:   0.0000  0.0000  1.0000  0.0000  0.0000  0.0000  0.0000  0.0000  0.0000  0.0000  1
168:   0.0000  0.0020  0.5297  0.0000  0.0000  0.0000  0.0000  0.1066  0.3617  0.0000  1
169:   0.0000  0.0000  1.0000  0.0000  0.0000  0.0000  0.0000  0.0000  0.0000  0.0000  1
170:   0.0000  0.0000  0.0000  0.1649  0.0000  0.0000  0.0000  0.4566  0.3784  0.0000  1
171:   0.4186  0.0000  0.3267  0.0000  0.0000  0.0000  0.2547  0.0000  0.0000  0.0000  1
172:   0.0000  0.0000  0.0000  0.0000  1.0000  0.0000  0.0000  0.0000  0.0000  0.0000  1
173:   0.0000  0.0000  0.1995  0.0000  0.0000  0.8005  0.0000  0.0000  0.0000  0.0000  1
174:   0.0000  0.0000  0.0000  0.0000  1.0000  0.0000  0.0000  0.0000  0.0000  0.0000  1
175:   0.4835  0.0000  0.0000  0.0000  0.3660  0.1505  0.0000  0.0000  0.0000  0.0000  1
176:   0.0000  0.0000  0.4421  0.0427  0.2719  0.0000  0.0000  0.2432  0.0000  0.0000  1
177:   0.0000  0.0000  0.0000  0.0000  0.0000  1.0000  0.0000  0.0000  0.0000  0.0000  1
178:   0.0000  0.0000  1.0000  0.0000  0.0000  0.0000  0.0000  0.0000  0.0000  0.0000  1
179:   0.0000  0.0000  0.5222  0.0000  0.4778  0.0000  0.0000  0.0000  0.0000  0.0000  1
180:   0.4948  0.1211  0.2761  0.0000  0.0000  0.0000  0.1081  0.0000  0.0000  0.0000  1
181:   0.0000  0.0000  0.0000  0.0000  1.0000  0.0000  0.0000  0.0000  0.0000  0.0000  1
182:   0.0000  0.0000  0.4579  0.0000  0.5421  0.0000  0.0000  0.0000  0.0000  0.0000  1
183:   0.0000  0.0000  0.0000  0.0000  0.0000  1.0000  0.0000  0.0000  0.0000  0.0000  1
184:   0.0000  0.0000  0.0000  0.0000  0.1663  0.3470  0.0000  0.4793  0.0073  0.0000  1
185:   0.0000  0.0000  1.0000  0.0000  0.0000  0.0000  0.0000  0.0000  0.0000  0.0000  1
186:   0.5248  0.0000  0.0000  0.0000  0.4752  0.0000  0.0000  0.0000  0.0000  0.0000  1
187:   0.0000  0.0000  0.0000  0.0000  0.0000  0.0000  1.0000  0.0000  0.0000  0.0000  1
188:   0.0000  0.0000  0.0000  0.0000  0.0000  0.0000  0.0000  0.0000  1.0000  0.0000  1
189:   0.0000  0.1486  0.0000  0.0000  0.0000  0.0000  0.3767  0.2935  0.0000  0.1812  1
190:   0.0000  0.0000  1.0000  0.0000  0.0000  0.0000  0.0000  0.0000  0.0000  0.0000  1
191:   0.0000  0.0000  0.0000  0.0000  0.0000  1.0000  0.0000  0.0000  0.0000  0.0000  1
192:   0.0000  0.0000  0.0000  0.0000  0.0000  0.0000  0.0000  0.0000  0.3612  0.6388  1
193:   0.0000  0.0000  0.0000  0.0000  0.3518  0.6482  0.0000  0.0000  0.0000  0.0000  1
194:   0.0000  0.0000  1.0000  0.0000  0.0000  0.0000  0.0000  0.0000  0.0000  0.0000  1
195:   0.0000  0.0000  0.0000  0.0000  0.0000  0.0000  0.0000  0.9475  0.0525  0.0000  1
196:   0.3673  0.0000  0.0000  0.6327  0.0000  0.0000  0.0000  0.0000  0.0000  0.0000  1
197:   0.0000  0.0000  0.0000  0.0000  0.0000  0.4025  0.0000  0.5975  0.0000  0.0000  1
198:   0.0000  0.0000  0.9975  0.0000  0.0025  0.0000  0.0000  0.0000  0.0000  0.0000  1
199:   0.0000  0.0000  0.8087  0.0000  0.0000  0.0000  0.0045  0.0000  0.1868  0.0000  1
200:   0.0000  0.0000  0.0000  0.0000  0.3278  0.0000  0.0000  0.6722  0.0000  0.0000  1
201:   0.0000  0.0000  0.7698  0.0000  0.0000  0.0000  0.2302  0.0000  0.0000  0.0000  1
202:   0.0000  0.0000  0.0000  0.0000  0.0000  1.0000  0.0000  0.0000  0.0000  0.0000  1
203:   0.0000  0.0000  0.0000  0.0519  0.0000  0.9481  0.0000  0.0000  0.0000  0.0000  1
204:   0.0000  0.0000  0.0000  0.0000  0.0000  1.0000  0.0000  0.0000  0.0000  0.0000  1
205:   0.0000  0.1406  0.6441  0.0000  0.0000  0.2152  0.0000  0.0000  0.0000  0.0000  1
206:   0.0000  0.0913  0.0000  0.0000  0.0312  0.0000  0.0000  0.0000  0.0000  0.8775  1
207:   0.0000  0.0000  0.0000  0.2928  0.4663  0.0000  0.0000  0.0000  0.0000  0.2408  1
208:   0.0000  0.0000  0.0000  0.0028  0.0000  0.6319  0.0000  0.3653  0.0000  0.0000  1
209:   0.0000  0.0000  0.4137  0.0000  0.5863  0.0000  0.0000  0.0000  0.0000  0.0000  1
210:   0.0000  0.0000  0.5840  0.0000  0.0000  0.4160  0.0000  0.0000  0.0000  0.0000  1
211:   0.0000  0.0000  0.2643  0.0000  0.0000  0.7357  0.0000  0.0000  0.0000  0.0000  1
212:   0.0000  0.0703  0.0000  0.0000  0.0000  0.0000  0.0000  0.9297  0.0000  0.0000  1
213:   0.0000  0.0000  0.0000  0.0000  0.0000  1.0000  0.0000  0.0000  0.0000  0.0000  1
214:   0.0000  0.0000  0.0000  0.0000  0.0000  0.0000  0.0000  0.0000  0.2562  0.7438  1
215:   0.0000  0.0000  0.0000  0.0000  0.2878  0.7122  0.0000  0.0000  0.0000  0.0000  1
216:   0.0000  0.7121  0.0000  0.0000  0.0000  0.0000  0.2879  0.0000  0.0000  0.0000  1
217:   0.0000  0.0000  0.0000  0.0000  0.0000  1.0000  0.0000  0.0000  0.0000  0.0000  1
218:   0.0000  0.0000  0.1178  0.0000  0.0000  0.0000  0.0000  0.0000  0.4521  0.4301  1
219:   0.0000  0.0000  0.4622  0.2117  0.0000  0.0000  0.0000  0.0000  0.3261  0.0000  1
220:   0.3336  0.0000  0.0000  0.0000  0.0000  0.6537  0.0000  0.0000  0.0127  0.0000  1
221:   0.0000  0.0000  0.0000  0.0000  0.0000  1.0000  0.0000  0.0000  0.0000  0.0000  1
222:   0.0000  0.0000  0.0000  0.0000  0.0000  1.0000  0.0000  0.0000  0.0000  0.0000  1
223:   0.0000  0.0000  0.5097  0.4903  0.0000  0.0000  0.0000  0.0000  0.0000  0.0000  1
224:   0.0000  0.0000  0.0000  0.0000  0.0000  1.0000  0.0000  0.0000  0.0000  0.0000  1
225:   0.0000  0.0000  0.0000  0.0000  0.0000  1.0000  0.0000  0.0000  0.0000  0.0000  1
226:   0.0000  0.0000  0.0000  0.0000  0.0000  0.8065  0.1935  0.0000  0.0000  0.0000  1
227:   0.0000  0.0000  0.0000  0.0000  0.0000  1.0000  0.0000  0.0000  0.0000  0.0000  1
228:   0.0003  0.0000  0.0000  0.0000  0.0000  0.0000  0.0000  0.9997  0.0000  0.0000  1
229:   0.0000  0.0000  0.0000  0.0000  0.0000  0.0000  0.0000  1.0000  0.0000  0.0000  1
230:   0.0000  0.0000  0.0000  0.0000  1.0000  0.0000  0.0000  0.0000  0.0000  0.0000  1

  1:   0.0000  0.0000  0.0000  0.0000  0.0000  1.0000  0.0000  0.0000  0.0000  0.0000  1
  2:   0.0000  0.0000  0.0000  0.7140  0.2860  0.0000  0.0000  0.0000  0.0000  0.0000  1
  3:   1.0000  0.0000  0.0000  0.0000  0.0000  0.0000  0.0000  0.0000  0.0000  0.0000  1
  4:   0.0307  0.0000  0.1044  0.6585  0.2064  0.0000  0.0000  0.0000  0.0000  0.0000  1
  5:   0.0000  0.0000  0.0000  0.6531  0.2847  0.0000  0.0000  0.0000  0.0000  0.0622  1
  6:   0.0000  0.0000  0.0000  0.0000  0.0000  0.0000  0.7098  0.2902  0.0000  0.0000  1
  7:   0.0909  0.0000  0.0000  0.0000  0.0000  0.0000  0.0667  0.8423  0.0000  0.0000  1
  8:   0.0000  0.0000  0.8363  0.0000  0.1637  0.0000  0.0000  0.0000  0.0000  0.0000  1
  9:   1.0000  0.0000  0.0000  0.0000  0.0000  0.0000  0.0000  0.0000  0.0000  0.0000  1
 10:   0.0000  0.0000  0.0000  0.0000  0.0000  0.0000  1.0000  0.0000  0.0000  0.0000  1
 11:   0.1932  0.0000  0.0000  0.8068  0.0000  0.0000  0.0000  0.0000  0.0000  0.0000  1
 12:   0.0000  0.0000  0.1731  0.8269  0.0000  0.0000  0.0000  0.0000  0.0000  0.0000  1
 13:   0.0000  0.0000  0.0743  0.8601  0.0656  0.0000  0.0000  0.0000  0.0000  0.0000  1
 14:   0.0000  1.0000  0.0000  0.0000  0.0000  0.0000  0.0000  0.0000  0.0000  0.0000  1
 15:   0.3218  0.0000  0.4077  0.0000  0.0000  0.0000  0.0000  0.0000  0.0000  0.2705  1
 16:   0.0000  0.0065  0.0000  0.0000  0.0000  0.0000  0.1851  0.8083  0.0000  0.0000  1
 17:   0.0000  0.0000  0.0000  0.8389  0.0000  0.0000  0.0000  0.0000  0.0000  0.1611  1
 18:   0.0174  0.0000  0.0000  0.9826  0.0000  0.0000  0.0000  0.0000  0.0000  0.0000  1
 19:   0.0000  0.1528  0.0414  0.0001  0.0000  0.0000  0.0000  0.8057  0.0000  0.0000  1
 20:   0.0000  0.0000  0.1886  0.8114  0.0000  0.0000  0.0000  0.0000  0.0000  0.0000  1
 21:   0.1530  0.0000  0.0000  0.8470  0.0000  0.0000  0.0000  0.0000  0.0000  0.0000  1
 22:   1.0000  0.0000  0.0000  0.0000  0.0000  0.0000  0.0000  0.0000  0.0000  0.0000  1
 23:   0.0000  0.0137  0.0000  0.0000  0.0000  0.0000  0.1539  0.7179  0.1146  0.0000  1
 24:   0.0000  0.0000  0.0000  0.0000  0.0000  0.0000  0.2118  0.7882  0.0000  0.0000  1
 25:   0.5595  0.0000  0.1778  0.2069  0.0558  0.0000  0.0000  0.0000  0.0000  0.0000  1
 26:   0.0000  1.0000  0.0000  0.0000  0.0000  0.0000  0.0000  0.0000  0.0000  0.0000  1
 27:   0.2355  0.0000  0.0000  0.5609  0.0248  0.0000  0.0000  0.0000  0.0000  0.1788  1
 28:   0.0000  0.0000  0.0000  0.0000  0.0000  0.0000  0.0000  0.8328  0.1672  0.0000  1
 29:   0.0000  0.0000  0.0000  0.7007  0.1394  0.0000  0.0000  0.0000  0.0000  0.1599  1
 30:   0.0000  0.0000  0.0000  0.7981  0.1043  0.0000  0.0000  0.0000  0.0000  0.0976  1
 31:   0.0000  0.0000  0.0000  0.0000  0.1934  0.8066  0.0000  0.0000  0.0000  0.0000  1
 32:   0.0000  0.0000  0.0000  0.0000  0.0000  0.0000  1.0000  0.0000  0.0000  0.0000  1
 33:   0.0000  0.0000  0.1286  0.0000  0.0557  0.0000  0.1076  0.5805  0.1276  0.0000  1
 34:   0.0000  0.0000  0.0000  0.0000  0.0000  0.0000  0.0000  0.0000  1.0000  0.0000  1
 35:   0.0000  0.0000  0.0000  0.0000  0.0000  0.0000  0.0000  0.8356  0.0000  0.1644  1
 36:   0.0000  1.0000  0.0000  0.0000  0.0000  0.0000  0.0000  0.0000  0.0000  0.0000  1
 37:   0.0000  0.2164  0.0000  0.0000  0.0762  0.0000  0.1113  0.1507  0.3670  0.0784  1
 38:   0.0000  0.0000  0.4812  0.4405  0.0783  0.0000  0.0000  0.0000  0.0000  0.0000  1
 39:   0.0000  0.0070  0.0801  0.0000  0.0000  0.0027  0.0000  0.7274  0.1560  0.0269  1
 40:   0.0000  0.0000  0.5716  0.0000  0.0000  0.0000  0.0000  0.0000  0.0000  0.4284  1
 41:   0.3276  0.0000  0.0000  0.5750  0.0000  0.0000  0.0000  0.0000  0.0000  0.0974  1
 42:   0.0000  0.0000  0.0000  1.0000  0.0000  0.0000  0.0000  0.0000  0.0000  0.0000  1
 43:   0.0000  0.0000  0.0000  0.0000  0.3883  0.0000  0.0000  0.0000  0.0000  0.6117  1
 44:   0.1142  0.2946  0.0000  0.0000  0.0000  0.0000  0.0000  0.0000  0.5071  0.0840  1
 45:   0.0000  1.0000  0.0000  0.0000  0.0000  0.0000  0.0000  0.0000  0.0000  0.0000  1
 46:   0.5677  0.0000  0.0000  0.3769  0.0000  0.0000  0.0000  0.0000  0.0000  0.0554  1
 47:   0.0000  0.0000  0.0000  0.0000  0.0000  0.0396  0.0000  0.7861  0.1005  0.0738  1
 48:   0.0000  0.0000  0.0000  0.0000  0.0000  0.0000  1.0000  0.0000  0.0000  0.0000  1
 49:   0.0441  0.2123  0.0000  0.0000  0.0000  0.0418  0.0620  0.6399  0.0000  0.0000  1
 50:   0.0000  0.9064  0.0000  0.0000  0.0936  0.0000  0.0000  0.0000  0.0000  0.0000  1
 51:   1.0000  0.0000  0.0000  0.0000  0.0000  0.0000  0.0000  0.0000  0.0000  0.0000  1
 52:   0.0000  0.0000  0.3308  0.4314  0.1980  0.0000  0.0000  0.0000  0.0000  0.0398  1
 53:   0.0000  0.0000  0.0000  0.0000  0.0000  0.0000  1.0000  0.0000  0.0000  0.0000  1
 54:   0.0000  0.0000  0.0000  0.0000  0.0000  1.0000  0.0000  0.0000  0.0000  0.0000  1
 55:   0.0000  0.0000  0.0000  0.0000  0.0000  0.0000  0.0000  1.0000  0.0000  0.0000  1
 56:   0.0000  0.0000  0.0000  0.0000  0.0000  1.0000  0.0000  0.0000  0.0000  0.0000  1
 57:   0.0000  0.0000  0.0000  0.0000  0.0000  0.0000  0.0000  0.0000  1.0000  0.0000  1
 58:   0.0000  1.0000  0.0000  0.0000  0.0000  0.0000  0.0000  0.0000  0.0000  0.0000  1
 59:   0.0000  0.0000  0.1582  0.6572  0.0000  0.0000  0.0000  0.0000  0.0000  0.1846  1
 60:   0.0000  0.0000  0.0000  0.0000  0.0000  0.0000  0.0000  0.0000  1.0000  0.0000  1
 61:   0.0000  0.0000  0.0000  0.0000  0.0000  0.0000  0.0000  0.0000  1.0000  0.0000  1
 62:   0.0029  0.0000  0.1612  0.8359  0.0000  0.0000  0.0000  0.0000  0.0000  0.0000  1
 63:   0.0000  0.0000  0.0000  0.0000  0.0000  0.0141  0.1792  0.5331  0.2131  0.0604  1
 64:   0.0000  0.0000  0.0281  0.0000  0.0000  0.0000  0.0000  0.7908  0.1811  0.0000  1
 65:   0.0000  0.0000  0.0000  0.0000  0.0000  0.0863  0.1521  0.0000  0.6791  0.0824  1
 66:   0.0888  0.0000  0.4830  0.0247  0.4036  0.0000  0.0000  0.0000  0.0000  0.0000  1
 67:   0.0000  0.0000  0.0000  0.0000  0.0000  0.9054  0.0946  0.0000  0.0000  0.0000  1
 68:   0.0000  0.0000  0.0000  0.0000  0.0000  1.0000  0.0000  0.0000  0.0000  0.0000  1
 69:   0.0000  0.0000  0.0000  0.0000  0.0000  0.0000  0.7230  0.0000  0.2770  0.0000  1
 70:   0.0000  0.1146  0.0000  0.0000  0.0000  0.0000  0.1869  0.0000  0.6713  0.0271  1
 71:   0.0000  0.0000  0.2951  0.3514  0.3534  0.0000  0.0000  0.0000  0.0000  0.0000  1
 72:   0.5427  0.0000  0.0000  0.2314  0.1333  0.0390  0.0000  0.0000  0.0000  0.0536  1
 73:   0.3922  0.0000  0.2511  0.3028  0.0000  0.0000  0.0000  0.0539  0.0000  0.0000  1
 74:   0.0000  0.0000  0.1058  0.0000  0.0000  0.0000  0.1696  0.0000  0.7246  0.0000  1
 75:   0.1810  0.0000  0.0000  0.0000  0.0000  0.0000  0.0000  0.0000  0.8190  0.0000  1
 76:   0.0000  0.0000  0.0000  0.0000  0.0000  0.0000  0.0000  0.0000  1.0000  0.0000  1
 77:   0.0000  0.0000  0.0000  0.0000  1.0000  0.0000  0.0000  0.0000  0.0000  0.0000  1
 78:   0.0000  0.0000  0.0000  0.0000  0.0000  1.0000  0.0000  0.0000  0.0000  0.0000  1
 79:   0.0000  0.0000  0.0000  0.0000  0.0000  0.0000  1.0000  0.0000  0.0000  0.0000  1
 80:   0.0000  0.0000  0.1736  0.8264  0.0000  0.0000  0.0000  0.0000  0.0000  0.0000  1
 81:   0.0000  0.0000  0.0000  0.0000  0.0000  1.0000  0.0000  0.0000  0.0000  0.0000  1
 82:   0.0000  0.0000  0.0000  0.0000  0.0000  0.0000  0.0000  1.0000  0.0000  0.0000  1
 83:   0.0000  0.0000  0.0000  0.0000  0.0000  0.0000  0.1801  0.5136  0.0000  0.3063  1
 84:   0.0000  0.0639  0.2082  0.0000  0.0000  0.0000  0.4461  0.0000  0.2817  0.0000  1
 85:   0.0000  0.0588  0.0000  0.0000  0.0000  0.0000  0.0000  0.1216  0.8196  0.0000  1
 86:   0.0000  0.0000  0.0000  0.0000  0.1112  0.0000  0.0000  0.8888  0.0000  0.0000  1
 87:   0.0000  0.0000  0.2056  0.6141  0.0000  0.0000  0.0000  0.0000  0.1802  0.0000  1
 88:   0.0000  0.0570  0.0950  0.0000  0.0000  0.0000  0.0000  0.8480  0.0000  0.0000  1
 89:   0.0000  0.0000  0.0000  0.0000  0.0000  0.0000  0.0000  0.0000  1.0000  0.0000  1
 90:   0.0000  0.0000  0.1312  0.5325  0.3363  0.0000  0.0000  0.0000  0.0000  0.0000  1
 91:   0.0000  0.0000  0.0000  0.0000  0.0548  0.0000  0.3052  0.6385  0.0015  0.0000  1
 92:   0.0423  0.1375  0.0000  0.0000  0.0000  0.0000  0.3139  0.5064  0.0000  0.0000  1
 93:   0.0000  0.0000  0.0000  0.0000  0.0000  1.0000  0.0000  0.0000  0.0000  0.0000  1
 94:   0.0000  0.0000  0.0000  0.0000  0.0000  1.0000  0.0000  0.0000  0.0000  0.0000  1
 95:   0.0784  0.0000  0.0000  0.0000  0.2078  0.0699  0.1515  0.4925  0.0000  0.0000  1
 96:   0.0000  0.0000  0.0000  0.0000  1.0000  0.0000  0.0000  0.0000  0.0000  0.0000  1
 97:   0.0000  0.0519  0.0000  0.0000  0.0962  0.0000  0.0000  0.5225  0.1865  0.1429  1
 98:   0.0000  0.0898  0.0000  0.0000  0.2422  0.0000  0.0000  0.3214  0.3466  0.0000  1
 99:   0.1691  0.0000  0.3207  0.0000  0.0971  0.0000  0.0000  0.4131  0.0000  0.0000  1
100:   0.0000  0.0000  0.9120  0.0000  0.0000  0.0000  0.0880  0.0000  0.0000  0.0000  1
101:   0.0349  0.0000  0.4197  0.0000  0.0000  0.0000  0.0000  0.0000  0.0000  0.5454  1
102:   0.6556  0.0000  0.0000  0.0000  0.3444  0.0000  0.0000  0.0000  0.0000  0.0000  1
103:   0.0000  0.3251  0.0000  0.0000  0.0000  0.1647  0.0000  0.4646  0.0457  0.0000  1
104:   0.0000  0.0000  0.2984  0.4747  0.0000  0.1470  0.0000  0.0799  0.0000  0.0000  1
105:   0.8562  0.1438  0.0000  0.0000  0.0000  0.0000  0.0000  0.0000  0.0000  0.0000  1
106:   0.3191  0.0000  0.0000  0.0000  0.6809  0.0000  0.0000  0.0000  0.0000  0.0000  1
107:   0.0000  0.0000  0.4428  0.0000  0.0000  0.0000  0.0000  0.0000  0.0000  0.5572  1
108:   0.0000  0.0000  0.1018  0.7829  0.1145  0.0008  0.0000  0.0000  0.0000  0.0000  1
109:   0.0000  0.0000  0.0000  0.0000  0.0000  0.0000  1.0000  0.0000  0.0000  0.0000  1
110:   0.0000  0.0000  0.0000  0.0000  1.0000  0.0000  0.0000  0.0000  0.0000  0.0000  1
111:   0.0000  0.0000  0.0000  0.4108  0.0000  0.0000  0.0000  0.0000  0.0000  0.5892  1
112:   0.0000  0.0599  0.0000  0.0000  0.0000  0.0000  0.0000  0.7877  0.1524  0.0000  1
113:   0.0000  0.0000  0.0000  0.2030  0.0000  0.0000  0.0000  0.5708  0.1564  0.0699  1
114:   0.0612  0.0000  0.3604  0.0000  0.0000  0.0388  0.0000  0.2572  0.2825  0.0000  1
115:   0.0000  0.0000  0.0000  0.0000  0.0000  0.0000  0.3240  0.5337  0.0000  0.1423  1
116:   0.0000  0.0000  0.0000  0.0000  0.0000  0.0000  0.0000  0.0000  0.0000  1.0000  1
117:   0.0000  0.0000  0.9194  0.0000  0.0000  0.0806  0.0000  0.0000  0.0000  0.0000  1
118:   0.0000  0.0000  0.3837  0.0000  0.0000  0.0000  0.0000  0.6163  0.0000  0.0000  1
119:   0.0000  0.0000  0.0000  0.0000  1.0000  0.0000  0.0000  0.0000  0.0000  0.0000  1
120:   0.3946  0.0000  0.4507  0.0000  0.0480  0.1067  0.0000  0.0000  0.0000  0.0000  1
121:   0.4285  0.0495  0.0000  0.4598  0.0622  0.0000  0.0000  0.0000  0.0000  0.0000  1
122:   0.5050  0.0000  0.4950  0.0000  0.0000  0.0000  0.0000  0.0000  0.0000  0.0000  1
123:   0.0000  0.0000  1.0000  0.0000  0.0000  0.0000  0.0000  0.0000  0.0000  0.0000  1
124:   0.0000  0.4253  0.0000  0.0000  0.0000  0.0000  0.4394  0.1353  0.0000  0.0000  1
125:   0.0000  0.1100  0.0000  0.0000  0.1949  0.0000  0.0000  0.5734  0.1217  0.0000  1
126:   0.3184  0.0000  0.1939  0.2888  0.0000  0.0000  0.0000  0.0000  0.0000  0.1988  1
127:   0.0000  0.0000  0.0000  0.0000  0.1553  0.0000  0.0000  0.8447  0.0000  0.0000  1
128:   0.0000  0.0000  0.0000  0.0000  0.0000  1.0000  0.0000  0.0000  0.0000  0.0000  1
129:   0.0000  0.0000  0.0000  0.0000  1.0000  0.0000  0.0000  0.0000  0.0000  0.0000  1
130:   0.2166  0.0000  0.0000  0.0000  0.0000  0.7834  0.0000  0.0000  0.0000  0.0000  1
131:   0.0000  0.0000  0.0000  1.0000  0.0000  0.0000  0.0000  0.0000  0.0000  0.0000  1
132:   0.0000  1.0000  0.0000  0.0000  0.0000  0.0000  0.0000  0.0000  0.0000  0.0000  1
133:   0.0000  0.0000  0.0000  0.0000  0.0000  0.4691  0.0000  0.0000  0.0000  0.5309  1
134:   0.0000  0.0000  0.0000  0.0000  0.3299  0.6701  0.0000  0.0000  0.0000  0.0000  1
135:   0.0000  0.0000  1.0000  0.0000  0.0000  0.0000  0.0000  0.0000  0.0000  0.0000  1
136:   0.0000  0.0000  0.0000  0.0000  0.0000  1.0000  0.0000  0.0000  0.0000  0.0000  1
137:   0.2069  0.0000  0.2352  0.1702  0.3878  0.0000  0.0000  0.0000  0.0000  0.0000  1
138:   0.0000  0.0722  0.0000  0.0000  0.0000  0.0000  0.3895  0.5382  0.0000  0.0000  1
139:   0.0000  0.0000  0.0000  0.0000  0.4382  0.5618  0.0000  0.0000  0.0000  0.0000  1
140:   0.0000  0.0000  0.2914  0.6365  0.0000  0.0000  0.0000  0.0721  0.0000  0.0000  1
141:   0.0000  0.0000  0.0000  0.0000  0.0000  0.0000  0.0000  0.0000  1.0000  0.0000  1
142:   0.0000  0.0000  0.0000  0.0000  0.0000  0.8167  0.0000  0.1833  0.0000  0.0000  1
143:   0.0000  0.0000  1.0000  0.0000  0.0000  0.0000  0.0000  0.0000  0.0000  0.0000  1
144:   0.0000  0.0000  0.0000  0.0000  0.0000  1.0000  0.0000  0.0000  0.0000  0.0000  1
145:   0.0000  0.0000  0.0000  0.0000  0.2094  0.6338  0.0000  0.0000  0.0000  0.1568  1
146:   0.0000  0.0000  0.0000  0.0000  0.0351  0.1365  0.0000  0.6393  0.1891  0.0000  1
147:   0.0000  0.0000  0.2438  0.0000  0.0000  0.0000  0.1063  0.2871  0.3629  0.0000  1
148:   0.0000  0.0000  0.0000  0.0000  0.0000  1.0000  0.0000  0.0000  0.0000  0.0000  1
149:   0.0000  0.0000  1.0000  0.0000  0.0000  0.0000  0.0000  0.0000  0.0000  0.0000  1
150:   0.0000  0.0000  1.0000  0.0000  0.0000  0.0000  0.0000  0.0000  0.0000  0.0000  1
151:   0.0000  0.0000  0.2041  0.0000  0.0500  0.0000  0.0000  0.7459  0.0000  0.0000  1
152:   0.0000  0.0000  1.0000  0.0000  0.0000  0.0000  0.0000  0.0000  0.0000  0.0000  1
153:   0.0000  0.0000  0.2424  0.4477  0.3099  0.0000  0.0000  0.0000  0.0000  0.0000  1
154:   0.0000  0.0000  0.8702  0.0000  0.0000  0.0000  0.0000  0.0000  0.0000  0.1298  1
155:   0.0000  0.0000  0.0000  0.0000  0.0000  0.0000  0.0000  0.0000  0.0000  1.0000  1
156:   0.0000  0.0000  1.0000  0.0000  0.0000  0.0000  0.0000  0.0000  0.0000  0.0000  1
157:   0.6726  0.0000  0.0000  0.0000  0.0000  0.0000  0.0000  0.0000  0.0000  0.3274  1
158:   0.0000  0.0636  0.0000  0.1592  0.0000  0.0000  0.0000  0.7772  0.0000  0.0000  1
159:   0.0000  0.1877  0.4529  0.0000  0.3594  0.0000  0.0000  0.0000  0.0000  0.0000  1
160:   0.0000  0.0000  0.0000  0.0000  0.0000  1.0000  0.0000  0.0000  0.0000  0.0000  1
161:   0.0000  0.2117  0.1720  0.0000  0.0000  0.0000  0.0000  0.1256  0.3994  0.0913  1
162:   0.0000  0.0792  0.0000  0.0000  0.1409  0.0000  0.0000  0.7402  0.0397  0.0000  1
163:   0.0000  0.0000  0.0000  0.2816  0.0228  0.6955  0.0000  0.0000  0.0000  0.0000  1
164:   0.0000  0.0000  0.0000  0.0000  0.0000  1.0000  0.0000  0.0000  0.0000  0.0000  1
165:   0.1329  0.4551  0.0000  0.0000  0.0000  0.0000  0.0000  0.0001  0.0000  0.4119  1
166:   0.0000  0.0000  0.0000  0.0000  1.0000  0.0000  0.0000  0.0000  0.0000  0.0000  1
167:   0.0000  0.0000  1.0000  0.0000  0.0000  0.0000  0.0000  0.0000  0.0000  0.0000  1
168:   0.0000  0.0000  0.0000  0.0000  0.0000  0.0000  0.0000  0.0000  0.3511  0.6489  1
169:   0.0000  0.0000  0.0000  0.0000  0.0000  0.0000  0.0000  0.0000  0.0000  1.0000  1
170:   0.0000  0.0000  0.0000  0.0000  0.2638  0.0000  0.0000  0.2796  0.4566  0.0000  1
171:   0.6246  0.0000  0.0000  0.0000  0.0000  0.0000  0.3754  0.0000  0.0000  0.0000  1
172:   0.0000  0.0000  1.0000  0.0000  0.0000  0.0000  0.0000  0.0000  0.0000  0.0000  1
173:   0.0000  0.0000  0.0000  0.0000  0.4240  0.5760  0.0000  0.0000  0.0000  0.0000  1
174:   0.0000  0.0000  0.6016  0.3984  0.0000  0.0000  0.0000  0.0000  0.0000  0.0000  1
175:   0.6592  0.0000  0.2434  0.0000  0.0000  0.0975  0.0000  0.0000  0.0000  0.0000  1
176:   0.0000  0.0000  0.0000  0.0000  1.0000  0.0000  0.0000  0.0000  0.0000  0.0000  1
177:   0.0000  0.0000  0.0000  0.0000  0.0000  0.2986  0.0000  0.0000  0.0000  0.7014  1
178:   0.0000  0.0000  0.0000  0.0000  0.0000  0.0000  0.0000  0.0000  0.0000  1.0000  1
179:   0.0000  0.0000  0.6186  0.0000  0.2317  0.0000  0.0003  0.0718  0.0776  0.0000  1
180:   0.0000  0.0000  0.0000  0.0000  0.0000  0.0000  0.0000  0.0000  0.0000  1.0000  1
181:   0.0000  0.0000  0.8272  0.0000  0.1728  0.0000  0.0000  0.0000  0.0000  0.0000  1
182:   0.0000  0.0000  1.0000  0.0000  0.0000  0.0000  0.0000  0.0000  0.0000  0.0000  1
183:   0.0000  0.0000  0.0000  0.0000  0.0000  1.0000  0.0000  0.0000  0.0000  0.0000  1
184:   0.0000  0.0000  0.0000  0.0000  0.1344  0.0665  0.0000  0.3278  0.0000  0.4713  1
185:   0.0000  0.0000  0.5721  0.0000  0.4279  0.0000  0.0000  0.0000  0.0000  0.0000  1
186:   0.0000  0.0000  0.0000  0.0000  0.0000  0.0000  0.0000  0.0000  0.0000  1.0000  1
187:   0.0000  0.0000  0.0000  0.0000  0.0000  0.0000  1.0000  0.0000  0.0000  0.0000  1
188:   0.0000  0.0000  0.0280  0.0000  0.0000  0.0093  0.0000  0.0000  0.9627  0.0000  1
189:   0.0000  0.2380  0.0000  0.0000  0.0000  0.0000  0.2900  0.4720  0.0000  0.0000  1
190:   0.0000  0.0000  0.8415  0.0000  0.1337  0.0000  0.0000  0.0000  0.0000  0.0248  1
191:   0.0000  0.0000  0.0000  0.0000  0.0000  1.0000  0.0000  0.0000  0.0000  0.0000  1
192:   0.0000  0.0000  0.0000  0.0000  0.0000  0.0000  0.0000  0.5544  0.4275  0.0181  1
193:   0.0000  0.0000  0.0000  0.0000  0.1940  0.7290  0.0000  0.0000  0.0000  0.0770  1
194:   0.0000  0.0000  0.7089  0.0000  0.0000  0.0000  0.0000  0.0000  0.1194  0.1717  1
195:   0.0000  0.0000  0.0000  0.0000  0.0000  0.0000  0.0000  0.6991  0.1753  0.1256  1
196:   0.6053  0.0000  0.0000  0.0000  0.0000  0.0000  0.0000  0.0000  0.0000  0.3947  1
197:   0.0000  0.0000  0.0000  0.0000  0.4675  0.5325  0.0000  0.0000  0.0000  0.0000  1
198:   0.0000  0.0000  0.0000  0.0000  0.0000  0.0000  0.0000  0.0000  0.0000  1.0000  1
199:   0.0000  0.0000  0.4537  0.0000  0.3423  0.0000  0.0000  0.0000  0.2039  0.0000  1
200:   0.0000  0.0000  0.0000  0.0000  0.3609  0.0000  0.0000  0.6391  0.0000  0.0000  1
201:   0.0000  0.0000  0.0000  0.0000  0.0000  0.0000  0.2228  0.0000  0.0000  0.7772  1
202:   0.0000  0.0000  0.0000  0.0000  0.0000  1.0000  0.0000  0.0000  0.0000  0.0000  1
203:   0.0000  0.0000  0.0000  0.0000  0.2084  0.7916  0.0000  0.0000  0.0000  0.0000  1
204:   0.0000  0.0000  0.1470  0.0000  0.0000  0.8530  0.0000  0.0000  0.0000  0.0000  1
205:   0.0000  0.1525  0.4619  0.0000  0.0000  0.2877  0.0000  0.0000  0.0000  0.0979  1
206:   0.0000  0.0000  0.0000  0.0000  0.2059  0.0000  0.2025  0.5917  0.0000  0.0000  1
207:   0.0000  0.0000  0.0000  0.0000  0.7655  0.0000  0.0825  0.1520  0.0000  0.0000  1
208:   0.2559  0.0000  0.0000  0.0000  0.0000  0.6236  0.1206  0.0000  0.0000  0.0000  1
209:   0.0000  0.0000  0.5904  0.4096  0.0000  0.0000  0.0000  0.0000  0.0000  0.0000  1
210:   0.0000  0.0000  0.0000  0.0000  0.0000  1.0000  0.0000  0.0000  0.0000  0.0000  1
211:   0.0000  0.0000  0.0000  0.0000  0.0000  0.8303  0.1697  0.0000  0.0000  0.0000  1
212:   0.1190  0.0000  0.0000  0.0000  0.0000  0.0000  0.0000  0.8810  0.0000  0.0000  1
213:   0.0000  0.0000  0.0000  0.0000  0.0000  1.0000  0.0000  0.0000  0.0000  0.0000  1
214:   0.0000  0.0000  0.2517  0.0000  0.0000  0.0000  0.0000  0.5495  0.1988  0.0000  1
