  1:   0.0000  0.0000  0.0000  0.0000  0.0000  0.0000  0.0000  0.0000  1.0000  1
  2:   0.5439  0.0000  0.0000  0.0000  0.0000  0.0000  0.4561  0.0000  0.0000  1
  3:   0.0790  0.0000  0.0000  0.0000  0.0000  0.9210  0.0000  0.0000  0.0000  1
  4:   0.4485  0.0000  0.0207  0.0000  0.0000  0.0160  0.4726  0.0421  0.0000  1
  5:   0.5169  0.0000  0.0000  0.0000  0.0000  0.0000  0.4831  0.0000  0.0000  1
  6:   0.0000  0.5927  0.0000  0.2798  0.0000  0.0092  0.0000  0.1183  0.0000  1
  7:   0.0097  0.0437  0.0000  0.6710  0.0008  0.0472  0.0000  0.2276  0.0000  1
  8:   0.0033  0.0000  0.8052  0.0000  0.0000  0.0753  0.1162  0.0000  0.0000  1
  9:   0.0685  0.0000  0.0000  0.0000  0.0000  0.9315  0.0000  0.0000  0.0000  1
 10:   0.0000  1.0000  0.0000  0.0000  0.0000  0.0000  0.0000  0.0000  0.0000  1
 11:   0.3712  0.0000  0.0064  0.0000  0.0000  0.2449  0.3775  0.0000  0.0000  1
 12:   0.4879  0.0000  0.0683  0.0000  0.0000  0.0054  0.4384  0.0000  0.0000  1
 13:   0.4812  0.0000  0.0169  0.0000  0.0000  0.0000  0.5019  0.0000  0.0000  1
 14:   0.0000  0.0000  0.0000  0.0000  1.0000  0.0000  0.0000  0.0000  0.0000  1
 15:   0.2024  0.0000  0.4433  0.0000  0.0000  0.1766  0.1290  0.0488  0.0000  1
 16:   0.0000  0.0810  0.0000  0.8861  0.0137  0.0000  0.0000  0.0192  0.0000  1
 17:   0.4510  0.0000  0.0010  0.0000  0.0000  0.0000  0.5063  0.0403  0.0013  1
 18:   0.5033  0.0000  0.0000  0.0000  0.0000  0.0994  0.3973  0.0000  0.0000  1
 19:   0.0182  0.0000  0.0061  0.6952  0.1206  0.0000  0.0000  0.1599  0.0000  1
 20:   0.4538  0.0000  0.2098  0.0000  0.0000  0.0347  0.3016  0.0000  0.0000  1
 21:   0.3338  0.0000  0.0000  0.0000  0.0000  0.2582  0.4080  0.0000  0.0000  1
 22:   0.0873  0.0000  0.0006  0.0000  0.0000  0.9121  0.0000  0.0000  0.0000  1
 23:   0.0000  0.1539  0.0000  0.8041  0.0065  0.0000  0.0000  0.0355  0.0000  1
 24:   0.0075  0.1253  0.0000  0.6640  0.0000  0.0000  0.0118  0.1914  0.0000  1
 25:   0.3253  0.0000  0.0550  0.0000  0.0000  0.4833  0.1273  0.0000  0.0091  1
 26:   0.0000  0.0000  0.0000  0.0000  1.0000  0.0000  0.0000  0.0000  0.0000  1
 27:   0.4730  0.0000  0.0362  0.0000  0.0000  0.1999  0.2909  0.0000  0.0000  1
 28:   0.0197  0.0827  0.0000  0.6804  0.0000  0.0000  0.0000  0.2172  0.0000  1
 29:   0.4433  0.0000  0.0129  0.0000  0.0000  0.0000  0.5439  0.0000  0.0000  1
 30:   0.6213  0.0000  0.0000  0.0000  0.0000  0.0391  0.3395  0.0000  0.0000  1
 31:   0.0858  0.0000  0.0000  0.0000  0.0000  0.0674  0.0000  0.0515  0.7953  1
 32:   0.0000  0.9469  0.0470  0.0000  0.0000  0.0000  0.0061  0.0000  0.0000  1
 33:   0.0271  0.1825  0.0256  0.4813  0.0000  0.0000  0.0664  0.2171  0.0000  1
 34:   0.0000  0.7000  0.0000  0.0000  0.0000  0.0000  0.0000  0.3000  0.0000  1
 35:   0.0054  0.0000  0.0559  0.8386  0.0423  0.0023  0.0153  0.0401  0.0000  1
 36:   0.0000  0.0000  0.0000  0.0000  1.0000  0.0000  0.0000  0.0000  0.0000  1
 37:   0.0055  0.3084  0.0961  0.1232  0.2627  0.0238  0.0000  0.1803  0.0000  1
 38:   0.1798  0.0000  0.2692  0.0000  0.0000  0.1703  0.3807  0.0000  0.0000  1
 39:   0.1012  0.0569  0.0146  0.6301  0.0002  0.0000  0.0000  0.1833  0.0136  1
 40:   0.1391  0.0000  0.6922  0.0000  0.0000  0.0434  0.1253  0.0000  0.0000  1
 41:   0.1899  0.0000  0.0399  0.0000  0.0000  0.4348  0.3354  0.0000  0.0000  1
 42:   0.4309  0.0000  0.0000  0.0000  0.0000  0.1559  0.4133  0.0000  0.0000  1
 43:   0.4955  0.0000  0.1833  0.0000  0.0000  0.1265  0.0557  0.1390  0.0000  1
 44:   0.0474  0.4010  0.0000  0.0000  0.2493  0.1259  0.0000  0.1763  0.0000  1
 45:   0.0000  0.0000  0.0000  0.0000  1.0000  0.0000  0.0000  0.0000  0.0000  1
 46:   0.2992  0.0000  0.0000  0.0000  0.0000  0.6238  0.0729  0.0042  0.0000  1
 47:   0.0000  0.0022  0.0332  0.8450  0.0000  0.0000  0.0204  0.0656  0.0335  1
 48:   0.0010  0.8670  0.0000  0.0128  0.0000  0.0000  0.0000  0.1193  0.0000  1
 49:   0.0000  0.0162  0.0000  0.5308  0.2057  0.0228  0.0000  0.1891  0.0354  1
 50:   0.0381  0.0000  0.0000  0.0000  0.9213  0.0000  0.0000  0.0406  0.0000  1
 51:   0.0000  0.0000  0.0000  0.0000  0.0000  1.0000  0.0000  0.0000  0.0000  1
 52:   0.2923  0.0000  0.2169  0.0000  0.0000  0.0000  0.4496  0.0412  0.0000  1
 53:   0.0000  0.9471  0.0529  0.0000  0.0000  0.0000  0.0000  0.0000  0.0000  1
 54:   0.0000  0.0000  0.0000  0.0000  0.0000  0.0000  0.0000  0.0000  1.0000  1
 55:   0.0000  0.0000  0.0000  0.6260  0.0000  0.0344  0.0000  0.3396  0.0000  1
 56:   0.0000  0.0000  0.0000  0.0000  0.0000  0.0000  0.0000  0.0000  1.0000  1
 57:   0.0000  0.7000  0.0000  0.0000  0.0000  0.0000  0.0000  0.3000  0.0000  1
 58:   0.0000  0.0000  0.0000  0.0000  1.0000  0.0000  0.0000  0.0000  0.0000  1
 59:   0.2584  0.0000  0.1651  0.0000  0.0000  0.0105  0.4824  0.0836  0.0000  1
 60:   0.0261  0.6375  0.0000  0.0000  0.0000  0.0000  0.0252  0.3112  0.0000  1
 61:   0.0000  0.7000  0.0000  0.0000  0.0000  0.0000  0.0000  0.3000  0.0000  1
 62:   0.3831  0.0000  0.0617  0.0000  0.0000  0.0791  0.4465  0.0296  0.0000  1
 63:   0.0000  0.3489  0.0158  0.3791  0.0000  0.0022  0.0146  0.2039  0.0356  1
 64:   0.0000  0.0719  0.0394  0.7434  0.0000  0.0000  0.0000  0.1452  0.0000  1
 65:   0.0045  0.5474  0.1031  0.0000  0.0438  0.0000  0.0000  0.2121  0.0889  1
 66:   0.3404  0.0000  0.1178  0.0000  0.0000  0.1951  0.2056  0.1411  0.0000  1
 67:   0.0087  0.0523  0.0000  0.0000  0.0000  0.0000  0.0000  0.0000  0.9391  1
 68:   0.0000  0.0000  0.0000  0.0000  0.0000  0.0000  0.0000  0.0000  1.0000  1
 69:   0.0000  0.9477  0.0153  0.0000  0.0000  0.0000  0.0000  0.0370  0.0000  1
 70:   0.0000  0.6654  0.0000  0.0000  0.1267  0.0000  0.0000  0.2079  0.0000  1
 71:   0.6728  0.0000  0.0206  0.0000  0.0000  0.0957  0.2064  0.0044  0.0000  1
 72:   0.2404  0.0000  0.0899  0.0000  0.0000  0.5729  0.0730  0.0000  0.0238  1
 73:   0.4113  0.0000  0.0497  0.0364  0.0000  0.2283  0.1130  0.1613  0.0000  1
 74:   0.0000  0.7566  0.0000  0.0000  0.0000  0.0000  0.0178  0.2256  0.0000  1
 75:   0.0000  0.5168  0.0000  0.0968  0.0000  0.0706  0.0615  0.2543  0.0000  1
 76:   0.0000  0.7000  0.0000  0.0000  0.0000  0.0000  0.0000  0.3000  0.0000  1
 77:   0.1801  0.0122  0.1212  0.0000  0.0000  0.0673  0.6122  0.0070  0.0000  1
 78:   0.0000  0.0000  0.0000  0.0000  0.0000  0.0000  0.0000  0.0000  1.0000  1
 79:   0.0000  1.0000  0.0000  0.0000  0.0000  0.0000  0.0000  0.0000  0.0000  1
 80:   0.2920  0.0000  0.0638  0.0000  0.0000  0.0000  0.6442  0.0000  0.0000  1
 81:   0.0000  0.0000  0.0000  0.0000  0.0000  0.0000  0.0000  0.0000  1.0000  1
 82:   0.0000  0.0000  0.0000  0.8951  0.0000  0.0000  0.0000  0.1049  0.0000  1
 83:   0.0000  0.0691  0.1784  0.3354  0.0349  0.0366  0.0000  0.3457  0.0000  1
 84:   0.0000  0.5594  0.2948  0.0000  0.0579  0.0000  0.0000  0.0879  0.0000  1
 85:   0.0322  0.5999  0.0000  0.0000  0.0000  0.0000  0.0000  0.3679  0.0000  1
 86:   0.0063  0.0000  0.0000  0.6051  0.0000  0.0386  0.0000  0.3442  0.0059  1
 87:   0.3930  0.1624  0.0955  0.0000  0.0000  0.0000  0.2873  0.0617  0.0000  1
 88:   0.0000  0.0000  0.0158  0.5652  0.0497  0.0000  0.0467  0.3199  0.0028  1
 89:   0.0000  0.7000  0.0000  0.0000  0.0000  0.0000  0.0000  0.3000  0.0000  1
 90:   0.6381  0.0000  0.0026  0.0000  0.0000  0.1298  0.1680  0.0615  0.0000  1
 91:   0.0000  0.2528  0.0000  0.4957  0.0000  0.0000  0.0000  0.2515  0.0000  1
 92:   0.0000  0.0969  0.0144  0.6471  0.1534  0.0450  0.0000  0.0432  0.0000  1
 93:   0.0000  0.0000  0.0000  0.0000  0.0000  0.0000  0.0575  0.0000  0.9425  1
 94:   0.0000  0.0000  0.0000  0.0000  0.0000  0.0000  0.0000  0.0000  1.0000  1
 95:   0.0000  0.0316  0.0000  0.4511  0.0000  0.1870  0.0000  0.2388  0.0916  1
 96:   0.0000  0.0000  0.0100  0.0000  0.0000  0.0641  0.9260  0.0000  0.0000  1
 97:   0.0594  0.0580  0.1039  0.6579  0.0352  0.0000  0.0211  0.0644  0.0000  1
 98:   0.1032  0.2146  0.0000  0.1794  0.0807  0.0642  0.0863  0.2715  0.0000  1
 99:   0.0066  0.0000  0.1421  0.1375  0.0000  0.1651  0.0000  0.5487  0.0000  1
100:   0.1054  0.0604  0.6350  0.0000  0.0000  0.0000  0.0000  0.0845  0.1147  1
101:   0.2030  0.0195  0.4303  0.0000  0.0000  0.0245  0.3226  0.0000  0.0000  1
102:   0.8621  0.0000  0.0000  0.0000  0.0000  0.1271  0.0000  0.0000  0.0108  1
103:   0.0000  0.0327  0.0000  0.5724  0.2346  0.0000  0.0000  0.0393  0.1210  1
104:   0.1437  0.0000  0.1946  0.0664  0.0000  0.0000  0.3439  0.0842  0.1673  1
105:   0.2106  0.0000  0.0000  0.0280  0.1200  0.5507  0.0907  0.0000  0.0000  1
106:   0.2208  0.0000  0.1872  0.0000  0.0000  0.2919  0.0000  0.3000  0.0000  1
107:   0.0000  0.0000  1.0000  0.0000  0.0000  0.0000  0.0000  0.0000  0.0000  1
108:   0.2688  0.0000  0.0000  0.0000  0.0000  0.0000  0.7312  0.0000  0.0000  1
109:   0.0027  0.6995  0.0000  0.0415  0.0025  0.0653  0.0465  0.1420  0.0000  1
110:   0.1695  0.0000  0.0241  0.0000  0.0000  0.2232  0.4381  0.1452  0.0000  1
111:   0.3869  0.0273  0.2850  0.0000  0.0000  0.2388  0.0621  0.0000  0.0000  1
112:   0.0000  0.1029  0.0000  0.5390  0.0338  0.0000  0.0000  0.3243  0.0000  1
113:   0.3056  0.0383  0.0000  0.4179  0.0000  0.0000  0.0000  0.2383  0.0000  1
114:   0.0000  0.0837  0.3577  0.3666  0.0000  0.0456  0.0000  0.1135  0.0329  1
115:   0.0091  0.2886  0.0144  0.5941  0.0062  0.0000  0.0477  0.0399  0.0000  1
116:   0.1671  0.0174  0.5618  0.0000  0.0490  0.0210  0.0998  0.0000  0.0838  1
117:   0.0929  0.0000  0.6741  0.0000  0.0000  0.0120  0.0000  0.1065  0.1146  1
118:   0.0000  0.0000  0.2005  0.6853  0.0000  0.0000  0.0319  0.0822  0.0000  1
119:   0.4000  0.0000  0.0000  0.0000  0.0000  0.3000  0.0000  0.3000  0.0000  1
120:   0.0000  0.0000  0.3487  0.0000  0.0000  0.2821  0.0000  0.3000  0.0692  1
121:   0.3592  0.0000  0.0000  0.0000  0.0299  0.0369  0.5674  0.0066  0.0000  1
122:   0.0000  0.0414  0.4113  0.0000  0.0015  0.5457  0.0000  0.0000  0.0000  1
123:   0.0000  0.0000  1.0000  0.0000  0.0000  0.0000  0.0000  0.0000  0.0000  1
124:   0.0000  0.2315  0.1195  0.2020  0.4123  0.0000  0.0000  0.0347  0.0000  1
125:   0.1173  0.0785  0.0000  0.4524  0.1126  0.0488  0.0000  0.1904  0.0000  1
126:   0.1596  0.0000  0.2623  0.0000  0.0000  0.2601  0.1723  0.1457  0.0000  1
127:   0.0000  0.0000  0.0000  0.7000  0.0000  0.0000  0.0000  0.3000  0.0000  1
128:   0.0242  0.0000  0.0000  0.0000  0.0000  0.0000  0.0000  0.0000  0.9758  1
129:   0.0000  0.0000  0.0000  0.0000  0.0000  0.0000  1.0000  0.0000  0.0000  1
130:   0.0000  0.0000  0.0000  0.0000  0.0000  0.2061  0.0000  0.0000  0.7939  1
131:   0.1752  0.0000  0.0671  0.0000  0.0000  0.0000  0.6842  0.0734  0.0000  1
132:   0.0000  0.0000  0.0000  0.0000  1.0000  0.0000  0.0000  0.0000  0.0000  1
133:   0.1075  0.0000  0.0000  0.0000  0.0000  0.0000  0.2727  0.0000  0.6199  1
134:   0.0809  0.0006  0.0737  0.0000  0.0000  0.0881  0.0000  0.1078  0.6488  1
135:   0.0427  0.0000  0.9573  0.0000  0.0000  0.0000  0.0000  0.0000  0.0000  1
136:   0.0000  0.0000  0.0000  0.0000  0.0000  0.0000  0.0000  0.0000  1.0000  1
137:   0.4907  0.0000  0.0712  0.0000  0.0000  0.3016  0.0677  0.0688  0.0000  1
138:   0.0000  0.1620  0.0000  0.6303  0.1384  0.0000  0.0000  0.0692  0.0000  1
139:   0.1390  0.0000  0.0000  0.0000  0.0000  0.0542  0.1004  0.0355  0.6710  1
140:   0.4243  0.0000  0.1871  0.1488  0.0000  0.0000  0.1093  0.1023  0.0281  1
141:   0.0000  0.6830  0.0000  0.0000  0.0000  0.0000  0.0000  0.3000  0.0170  1
142:   0.0233  0.0000  0.0000  0.1029  0.0000  0.0000  0.0287  0.0545  0.7905  1
143:   0.0396  0.0000  0.9604  0.0000  0.0000  0.0000  0.0000  0.0000  0.0000  1
144:   0.0919  0.0000  0.0000  0.0000  0.0000  0.0000  0.0000  0.0000  0.9081  1
145:   0.1030  0.0000  0.0000  0.0000  0.0000  0.0000  0.1440  0.0000  0.7530  1
146:   0.0000  0.0000  0.0000  0.8015  0.0000  0.0000  0.0000  0.0472  0.1513  1
147:   0.1289  0.3821  0.0748  0.2050  0.0073  0.0000  0.0000  0.2019  0.0000  1
148:   0.0000  0.0436  0.0000  0.0000  0.0000  0.0000  0.0000  0.0000  0.9564  1
149:   0.0430  0.0000  0.9001  0.0000  0.0000  0.0000  0.0000  0.0000  0.0569  1
150:   0.0960  0.0000  0.7924  0.0000  0.0000  0.0000  0.0000  0.1117  0.0000  1
151:   0.0258  0.0000  0.0755  0.4570  0.0000  0.0088  0.0000  0.4329  0.0000  1
152:   0.3848  0.0845  0.0498  0.0766  0.0000  0.0120  0.2794  0.0000  0.1129  1
153:   0.3539  0.0000  0.0320  0.0000  0.0000  0.0766  0.5375  0.0000  0.0000  1
154:   0.0130  0.0000  0.2051  0.0000  0.0000  0.0000  0.7357  0.0000  0.0462  1
155:   0.2091  0.0000  0.2292  0.0000  0.0000  0.0000  0.5079  0.0000  0.0538  1
156:   0.2710  0.0000  0.1206  0.0000  0.0000  0.0116  0.5556  0.0000  0.0412  1
157:   0.0000  0.0000  0.3222  0.0000  0.0000  0.6778  0.0000  0.0000  0.0000  1
158:   0.0654  0.0000  0.0000  0.5889  0.0617  0.0000  0.0963  0.1876  0.0000  1
159:   0.0000  0.0150  0.0000  0.0000  0.1192  0.0000  0.7900  0.0758  0.0000  1
160:   0.0000  0.0000  0.0000  0.0000  0.0000  0.0000  0.0000  0.0000  1.0000  1
161:   0.0330  0.2382  0.0501  0.1149  0.1565  0.0000  0.1238  0.2755  0.0081  1
162:   0.0538  0.0106  0.0000  0.3641  0.0225  0.0201  0.0000  0.5290  0.0000  1
163:   0.4983  0.0000  0.0000  0.0000  0.0000  0.0440  0.0000  0.0000  0.4577  1
164:   0.0000  0.0000  0.0000  0.0000  0.0000  0.0000  0.0000  0.0000  1.0000  1
165:   0.2588  0.0000  0.0005  0.0000  0.5262  0.0193  0.0693  0.1259  0.0000  1
166:   0.7096  0.0000  0.0853  0.0000  0.0000  0.1196  0.0855  0.0000  0.0000  1
167:   0.0000  0.0000  1.0000  0.0000  0.0000  0.0000  0.0000  0.0000  0.0000  1
168:   0.0000  0.1354  0.4172  0.2687  0.0268  0.0000  0.0000  0.1361  0.0158  1
169:   0.0000  0.0000  1.0000  0.0000  0.0000  0.0000  0.0000  0.0000  0.0000  1
170:   0.1066  0.2475  0.0000  0.2578  0.0000  0.0000  0.0686  0.3196  0.0000  1
171:   0.1022  0.2294  0.1908  0.0000  0.0000  0.3164  0.0000  0.1613  0.0000  1
172:   0.0000  0.0000  0.3000  0.0000  0.0000  0.0000  0.7000  0.0000  0.0000  1
173:   0.0980  0.0000  0.0000  0.0000  0.0000  0.1357  0.0000  0.1921  0.5742  1
174:   0.1830  0.0000  0.1507  0.0000  0.0000  0.0000  0.6662  0.0000  0.0000  1
175:   0.0918  0.0000  0.0000  0.0000  0.0000  0.6030  0.0772  0.0000  0.2280  1
176:   0.1726  0.0000  0.5645  0.1669  0.0000  0.0000  0.0960  0.0000  0.0000  1
177:   0.0000  0.0000  0.0000  0.0000  0.0000  0.0000  0.0982  0.0000  0.9018  1
178:   0.0000  0.0190  0.8186  0.0000  0.0000  0.0000  0.0000  0.0737  0.0887  1
179:   0.1152  0.0000  0.5726  0.0000  0.0000  0.0000  0.2448  0.0674  0.0000  1
180:   0.1777  0.0480  0.2296  0.0000  0.0871  0.1573  0.3003  0.0000  0.0000  1
181:   0.0998  0.0000  0.7724  0.0000  0.0000  0.0000  0.0000  0.1278  0.0000  1
182:   0.4508  0.0000  0.2492  0.0000  0.0000  0.0000  0.0000  0.3000  0.0000  1
183:   0.0000  0.0000  0.0000  0.0000  0.0000  0.0000  0.0000  0.0000  1.0000  1
184:   0.0123  0.0185  0.0000  0.2000  0.0000  0.0000  0.5292  0.1235  0.1165  1
185:   0.0000  0.0000  0.5842  0.0000  0.0000  0.0000  0.1158  0.3000  0.0000  1
186:   0.0000  0.0000  0.1215  0.0000  0.0790  0.7350  0.0644  0.0000  0.0000  1
187:   0.0000  0.8957  0.1021  0.0000  0.0022  0.0000  0.0000  0.0000  0.0000  1
188:   0.0000  0.4000  0.0000  0.1903  0.0000  0.0000  0.0000  0.2790  0.1307  1
189:   0.1187  0.0740  0.0001  0.2933  0.3243  0.0000  0.0000  0.1895  0.0000  1
190:   0.0000  0.0000  1.0000  0.0000  0.0000  0.0000  0.0000  0.0000  0.0000  1
191:   0.0000  0.0000  0.0000  0.0000  0.0000  0.0000  0.0000  0.0000  1.0000  1
192:   0.0181  0.2099  0.0253  0.5828  0.0307  0.0000  0.0000  0.1332  0.0000  1
193:   0.0073  0.0000  0.0000  0.0000  0.0000  0.0000  0.3305  0.0000  0.6622  1
194:   0.0000  0.0115  0.9739  0.0000  0.0000  0.0000  0.0000  0.0145  0.0000  1
195:   0.0000  0.0319  0.0000  0.3826  0.0000  0.0343  0.0618  0.4894  0.0000  1
196:   0.3489  0.0000  0.0000  0.0320  0.0100  0.1922  0.4169  0.0000  0.0000  1
197:   0.1622  0.0000  0.0000  0.0000  0.0000  0.0000  0.1351  0.2796  0.4231  1
198:   0.0000  0.0000  0.9600  0.0000  0.0000  0.0000  0.0400  0.0000  0.0000  1
199:   0.0000  0.2520  0.7197  0.0000  0.0000  0.0000  0.0000  0.0283  0.0000  1
200:   0.1438  0.0000  0.0000  0.2827  0.0000  0.1148  0.0588  0.4000  0.0000  1
201:   0.0000  0.1794  0.5206  0.0649  0.0000  0.0000  0.0425  0.1927  0.0000  1
202:   0.0000  0.0000  0.0000  0.0000  0.0000  0.0000  0.0000  0.0000  1.0000  1
203:   0.0000  0.0000  0.0000  0.0000  0.0000  0.0446  0.0369  0.0000  0.9186  1
204:   0.0000  0.0000  0.0000  0.0000  0.0000  0.0000  0.0000  0.0000  1.0000  1
205:   0.0000  0.0000  0.6863  0.0000  0.1293  0.0000  0.0000  0.0028  0.1816  1
206:   0.0003  0.0648  0.0000  0.7332  0.0304  0.0000  0.1714  0.0000  0.0000  1
207:   0.3166  0.0272  0.0095  0.1845  0.0000  0.0000  0.4284  0.0338  0.0000  1
208:   0.1154  0.0346  0.0000  0.0000  0.0000  0.0000  0.0000  0.3343  0.5157  1
209:   0.1986  0.0000  0.7735  0.0000  0.0000  0.0000  0.0279  0.0000  0.0000  1
210:   0.0000  0.0000  0.1693  0.0000  0.0000  0.0000  0.0000  0.0000  0.8307  1
211:   0.0000  0.0122  0.2245  0.0000  0.0000  0.0000  0.0000  0.0000  0.7633  1
212:   0.1429  0.0000  0.0000  0.3203  0.0055  0.0000  0.0000  0.5313  0.0000  1
213:   0.0000  0.0000  0.0000  0.0000  0.0000  0.0000  0.0000  0.0000  1.0000  1
214:   0.0000  0.1584  0.0023  0.6988  0.0000  0.0000  0.0000  0.0779  0.0626  1
215:   0.0789  0.0000  0.0000  0.0000  0.0000  0.0000  0.1819  0.0342  0.7050  1
216:   0.0979  0.0682  0.0000  0.0188  0.6994  0.0000  0.0000  0.1157  0.0000  1
217:   0.0000  0.0000  0.0000  0.0000  0.0000  0.0000  0.0000  0.0000  1.0000  1
218:   0.0163  0.1769  0.1664  0.4650  0.0000  0.0000  0.0000  0.1753  0.0000  1
219:   0.0000  0.1566  0.1206  0.0000  0.0000  0.2124  0.0000  0.5104  0.0000  1
220:   0.0000  0.0096  0.0000  0.0000  0.0000  0.3290  0.0000  0.0000  0.6615  1
221:   0.1191  0.0000  0.0000  0.0000  0.0000  0.0093  0.0034  0.0000  0.8682  1
222:   0.0000  0.0000  0.0000  0.0000  0.0000  0.0000  0.0000  0.0000  1.0000  1
223:   0.1942  0.0000  0.4623  0.0000  0.0000  0.1501  0.0000  0.1935  0.0000  1
224:   0.0000  0.0000  0.0000  0.0000  0.0000  0.0000  0.0000  0.0892  0.9108  1
225:   0.0000  0.0000  0.0000  0.0000  0.0000  0.0000  0.0000  0.0000  1.0000  1
226:   0.1354  0.1788  0.0000  0.0000  0.0000  0.0000  0.0000  0.0000  0.6858  1
227:   0.0000  0.0000  0.0000  0.0203  0.0000  0.0000  0.0000  0.0000  0.9797  1
228:   0.0000  0.0000  0.0000  0.8701  0.0000  0.1299  0.0000  0.0000  0.0000  1
229:   0.0000  0.0919  0.0952  0.3486  0.0000  0.0361  0.0000  0.4281  0.0000  1
230:   0.1251  0.0000  0.2743  0.0000  0.0000  0.0000  0.3000  0.3000  0.0006  1
