  1:   0.0000  0.0000  0.0000  0.0000  0.0000  0.0000  1.0000  1
  2:   0.0000  0.7381  0.0582  0.0000  0.0000  0.2037  0.0000  1
  3:   0.0000  0.6137  0.1321  0.0000  0.2000  0.0542  0.0000  1
  4:   0.0000  0.6380  0.0872  0.0000  0.0064  0.2684  0.0000  1
  5:   0.0000  0.7658  0.0250  0.0000  0.0000  0.2092  0.0000  1
  6:   0.3571  0.0036  0.0000  0.5467  0.0065  0.0861  0.0000  1
  7:   0.6560  0.0123  0.0100  0.0227  0.0123  0.2867  0.0000  1
  8:   0.0000  0.1422  0.7411  0.0167  0.0000  0.0999  0.0000  1
  9:   0.0000  0.6065  0.1340  0.0000  0.2000  0.0596  0.0000  1
 10:   0.0000  0.0000  0.0000  1.0000  0.0000  0.0000  0.0000  1
 11:   0.0000  0.6195  0.0996  0.0000  0.0509  0.2300  0.0000  1
 12:   0.0000  0.6423  0.0965  0.0000  0.0000  0.2612  0.0000  1
 13:   0.0000  0.6503  0.0923  0.0000  0.0000  0.2574  0.0000  1
 14:   0.0762  0.0260  0.0000  0.0979  0.8000  0.0000  0.0000  1
 15:   0.0000  0.4726  0.4759  0.0000  0.0515  0.0000  0.0000  1
 16:   0.6419  0.0000  0.0000  0.0686  0.0192  0.2703  0.0000  1
 17:   0.0000  0.6363  0.1136  0.0000  0.0000  0.2420  0.0081  1
 18:   0.0000  0.6990  0.0478  0.0000  0.0182  0.2351  0.0000  1
 19:   0.6080  0.0099  0.0236  0.0000  0.0970  0.2615  0.0000  1
 20:   0.0000  0.5074  0.2507  0.0000  0.0169  0.2250  0.0000  1
 21:   0.0000  0.5512  0.0949  0.0000  0.0406  0.3132  0.0000  1
 22:   0.0000  0.5934  0.1258  0.0000  0.2000  0.0808  0.0000  1
 23:   0.5903  0.0000  0.0000  0.1755  0.0077  0.2265  0.0000  1
 24:   0.6581  0.0000  0.0000  0.0814  0.0000  0.2605  0.0000  1
 25:   0.0000  0.5369  0.1489  0.0000  0.1081  0.1473  0.0588  1
 26:   0.0000  0.0000  0.0000  0.2000  0.8000  0.0000  0.0000  1
 27:   0.0000  0.6677  0.1442  0.0000  0.0478  0.1404  0.0000  1
 28:   0.5397  0.0000  0.0000  0.1301  0.0000  0.3302  0.0000  1
 29:   0.0000  0.6273  0.1118  0.0000  0.0000  0.2579  0.0030  1
 30:   0.0000  0.7194  0.0515  0.0000  0.0129  0.2162  0.0000  1
 31:   0.0275  0.0406  0.0087  0.0000  0.0000  0.0976  0.8257  1
 32:   0.0000  0.0000  0.0411  0.9589  0.0000  0.0000  0.0000  1
 33:   0.3825  0.0270  0.0532  0.1840  0.0000  0.3534  0.0000  1
 34:   0.0000  0.0000  0.0000  1.0000  0.0000  0.0000  0.0000  1
 35:   0.6039  0.0000  0.0598  0.0000  0.0413  0.2950  0.0000  1
 36:   0.0000  0.0000  0.0000  0.2000  0.8000  0.0000  0.0000  1
 37:   0.1725  0.0017  0.0968  0.4281  0.2104  0.0905  0.0000  1
 38:   0.0000  0.4494  0.2954  0.0000  0.0000  0.2552  0.0000  1
 39:   0.5294  0.0000  0.0329  0.0701  0.0018  0.3073  0.0586  1
 40:   0.0000  0.3903  0.5338  0.0000  0.0000  0.0758  0.0000  1
 41:   0.0000  0.5913  0.1251  0.0000  0.0849  0.1987  0.0000  1
 42:   0.0000  0.6285  0.0843  0.0000  0.0225  0.2648  0.0000  1
 43:   0.0000  0.5021  0.3382  0.0000  0.0417  0.1180  0.0000  1
 44:   0.0792  0.0619  0.0918  0.5566  0.2106  0.0000  0.0000  1
 45:   0.0203  0.0117  0.0000  0.1522  0.8000  0.0000  0.0157  1
 46:   0.0135  0.6298  0.1076  0.0000  0.1403  0.1088  0.0000  1
 47:   0.7222  0.0000  0.0309  0.0123  0.0000  0.1842  0.0503  1
 48:   0.1596  0.0118  0.0140  0.7718  0.0000  0.0428  0.0000  1
 49:   0.5814  0.0000  0.0000  0.0106  0.1774  0.1925  0.0382  1
 50:   0.1279  0.0081  0.0000  0.0856  0.7326  0.0459  0.0000  1
 51:   0.0000  0.5318  0.1349  0.0000  0.2000  0.1332  0.0000  1
 52:   0.0000  0.4258  0.3081  0.0000  0.0000  0.2660  0.0000  1
 53:   0.0000  0.0000  0.0562  0.9438  0.0000  0.0000  0.0000  1
 54:   0.0000  0.0000  0.0000  0.0000  0.0000  0.0000  1.0000  1
 55:   0.9982  0.0000  0.0000  0.0000  0.0018  0.0000  0.0000  1
 56:   0.0000  0.0000  0.0000  0.0000  0.0000  0.0000  1.0000  1
 57:   0.0000  0.0000  0.0054  0.9946  0.0000  0.0000  0.0000  1
 58:   0.0442  0.0450  0.0000  0.1109  0.8000  0.0000  0.0000  1
 59:   0.0000  0.5289  0.2075  0.0000  0.0267  0.2273  0.0095  1
 60:   0.0000  0.0000  0.0192  0.8979  0.0000  0.0829  0.0000  1
 61:   0.0000  0.0000  0.0000  1.0000  0.0000  0.0000  0.0000  1
 62:   0.0000  0.4933  0.1846  0.0000  0.0448  0.2773  0.0000  1
 63:   0.4988  0.0000  0.0134  0.3859  0.0000  0.0937  0.0082  1
 64:   0.5086  0.0000  0.0073  0.1199  0.0132  0.3512  0.0000  1
 65:   0.0000  0.0000  0.0766  0.7819  0.0454  0.0000  0.0961  1
 66:   0.0000  0.2895  0.3869  0.0000  0.0000  0.3236  0.0000  1
 67:   0.0000  0.0000  0.0809  0.0488  0.0000  0.0000  0.8703  1
 68:   0.0000  0.0000  0.0000  0.0000  0.0000  0.0000  1.0000  1
 69:   0.0000  0.0000  0.0296  0.9704  0.0000  0.0000  0.0000  1
 70:   0.0000  0.0000  0.0000  0.8994  0.1006  0.0000  0.0000  1
 71:   0.0085  0.5684  0.1354  0.0000  0.0000  0.2878  0.0000  1
 72:   0.0000  0.4776  0.2015  0.0000  0.0686  0.1682  0.0840  1
 73:   0.0371  0.5561  0.2488  0.0000  0.0734  0.0788  0.0058  1
 74:   0.0000  0.0000  0.0552  0.9448  0.0000  0.0000  0.0000  1
 75:   0.1589  0.0516  0.0000  0.7567  0.0000  0.0329  0.0000  1
 76:   0.0000  0.0000  0.0000  1.0000  0.0000  0.0000  0.0000  1
 77:   0.0050  0.3501  0.2121  0.0263  0.0000  0.4064  0.0000  1
 78:   0.0000  0.0000  0.0000  0.0000  0.0000  0.0000  1.0000  1
 79:   0.0000  0.0000  0.0000  1.0000  0.0000  0.0000  0.0000  1
 80:   0.0000  0.5954  0.1360  0.0000  0.0000  0.2686  0.0000  1
 81:   0.0000  0.0000  0.0000  0.0000  0.0000  0.0000  1.0000  1
 82:   0.7635  0.0000  0.0000  0.0000  0.0000  0.2365  0.0000  1
 83:   0.4872  0.0000  0.1370  0.0338  0.0659  0.2761  0.0000  1
 84:   0.0000  0.0000  0.2246  0.6971  0.0602  0.0048  0.0133  1
 85:   0.1068  0.0202  0.0000  0.8124  0.0000  0.0605  0.0000  1
 86:   0.9498  0.0000  0.0000  0.0000  0.0000  0.0502  0.0000  1
 87:   0.0000  0.3160  0.2383  0.1850  0.0000  0.2608  0.0000  1
 88:   0.6486  0.0000  0.0000  0.0000  0.0460  0.3053  0.0000  1
 89:   0.0000  0.0000  0.0000  1.0000  0.0000  0.0000  0.0000  1
 90:   0.0000  0.6555  0.1162  0.0000  0.0153  0.2129  0.0000  1
 91:   0.6089  0.0000  0.0017  0.2213  0.0000  0.1681  0.0000  1
 92:   0.7195  0.0000  0.0000  0.0645  0.1204  0.0956  0.0000  1
 93:   0.0000  0.0000  0.0000  0.0000  0.0000  0.0633  0.9367  1
 94:   0.0000  0.0000  0.0000  0.0000  0.0000  0.0000  1.0000  1
 95:   0.7881  0.0614  0.0000  0.0000  0.0388  0.0136  0.0981  1
 96:   0.0000  0.6243  0.0602  0.0000  0.0155  0.3000  0.0000  1
 97:   0.4724  0.0224  0.1088  0.1512  0.0298  0.2155  0.0000  1
 98:   0.2380  0.0097  0.0366  0.3369  0.0661  0.3127  0.0000  1
 99:   0.4252  0.0934  0.2471  0.0000  0.0938  0.1405  0.0000  1
100:   0.0000  0.0159  0.7258  0.0589  0.0000  0.0000  0.1993  1
101:   0.0000  0.3880  0.5260  0.0860  0.0000  0.0000  0.0000  1
102:   0.0000  0.6944  0.1193  0.0000  0.1077  0.0729  0.0057  1
103:   0.3065  0.0000  0.0000  0.0994  0.2397  0.2380  0.1163  1
104:   0.0899  0.2450  0.1877  0.0000  0.0000  0.2160  0.2614  1
105:   0.0513  0.7034  0.0325  0.0188  0.1939  0.0000  0.0000  1
106:   0.0000  0.6054  0.3218  0.0000  0.0728  0.0000  0.0000  1
107:   0.0000  0.0050  0.9042  0.0468  0.0000  0.0400  0.0039  1
108:   0.0000  0.4046  0.1293  0.0000  0.0000  0.4344  0.0317  1
109:   0.2694  0.0000  0.0129  0.6822  0.0043  0.0313  0.0000  1
110:   0.0000  0.8032  0.0437  0.0000  0.0000  0.1233  0.0297  1
111:   0.0000  0.3616  0.3924  0.0000  0.0891  0.1569  0.0000  1
112:   0.8100  0.0000  0.0000  0.1749  0.0151  0.0000  0.0000  1
113:   0.3752  0.0787  0.1145  0.0348  0.0311  0.3658  0.0000  1
114:   0.1787  0.0000  0.3157  0.1394  0.0000  0.3249  0.0413  1
115:   0.4913  0.0000  0.0447  0.2156  0.0069  0.2415  0.0000  1
116:   0.0000  0.1816  0.5063  0.0561  0.1440  0.0396  0.0725  1
117:   0.0000  0.1513  0.6447  0.0000  0.0209  0.0420  0.1410  1
118:   0.3510  0.0000  0.2007  0.0000  0.0000  0.4483  0.0000  1
119:   0.0000  0.5521  0.2000  0.0000  0.1693  0.0000  0.0786  1
120:   0.0000  0.1100  0.6476  0.0000  0.0888  0.0000  0.1535  1
121:   0.0000  0.8926  0.0259  0.0000  0.0372  0.0443  0.0000  1
122:   0.0000  0.2728  0.4667  0.0943  0.1504  0.0159  0.0000  1
123:   0.0000  0.0000  0.9798  0.0000  0.0000  0.0000  0.0202  1
124:   0.0979  0.0000  0.1359  0.1937  0.3720  0.2004  0.0000  1
125:   0.6288  0.0506  0.0000  0.1467  0.0996  0.0742  0.0000  1
126:   0.0000  0.4035  0.3778  0.0000  0.1189  0.0998  0.0000  1
127:   1.0000  0.0000  0.0000  0.0000  0.0000  0.0000  0.0000  1
128:   0.0000  0.0000  0.0000  0.0000  0.0000  0.0000  1.0000  1
129:   0.0000  0.6427  0.0000  0.0000  0.0000  0.3573  0.0000  1
130:   0.0752  0.0617  0.0000  0.0000  0.0460  0.0000  0.8171  1
131:   0.0000  0.3003  0.2689  0.0000  0.0000  0.4307  0.0000  1
132:   0.0000  0.0000  0.0000  0.2000  0.8000  0.0000  0.0000  1
133:   0.0714  0.1806  0.0515  0.0000  0.0000  0.0309  0.6658  1
134:   0.0000  0.0824  0.1775  0.0079  0.0288  0.0000  0.7035  1
135:   0.0000  0.0031  0.9366  0.0020  0.0247  0.0000  0.0336  1
136:   0.0000  0.0000  0.0000  0.0000  0.0000  0.0000  1.0000  1
137:   0.0000  0.4423  0.3168  0.0000  0.0528  0.1881  0.0000  1
138:   0.7655  0.0000  0.0000  0.0992  0.0974  0.0379  0.0000  1
139:   0.0000  0.0000  0.0642  0.0000  0.0000  0.2195  0.7163  1
140:   0.0817  0.4072  0.2390  0.0000  0.0000  0.1890  0.0831  1
141:   0.0000  0.0000  0.0000  0.9981  0.0000  0.0000  0.0019  1
142:   0.0894  0.0000  0.0000  0.0000  0.0000  0.0960  0.8146  1
143:   0.0000  0.0000  0.9413  0.0000  0.0000  0.0000  0.0587  1
144:   0.0000  0.0000  0.0000  0.0000  0.0000  0.0304  0.9696  1
145:   0.0000  0.0000  0.0592  0.0000  0.0000  0.1447  0.7961  1
146:   0.8350  0.0000  0.0000  0.0000  0.0000  0.0289  0.1361  1
147:   0.1661  0.0000  0.1702  0.4362  0.0108  0.2166  0.0000  1
148:   0.0000  0.0000  0.0000  0.1428  0.0000  0.0000  0.8572  1
149:   0.0000  0.0975  0.6522  0.0000  0.0000  0.1214  0.1290  1
150:   0.0000  0.2370  0.6808  0.0124  0.0000  0.0391  0.0306  1
151:   0.7041  0.0110  0.0662  0.0000  0.0000  0.2188  0.0000  1
152:   0.1054  0.5224  0.1326  0.0313  0.0373  0.0370  0.1339  1
153:   0.0000  0.1815  0.2796  0.0000  0.0000  0.5389  0.0000  1
154:   0.0000  0.1514  0.4797  0.0000  0.0000  0.3178  0.0510  1
155:   0.0000  0.4727  0.2271  0.0000  0.0000  0.1116  0.1886  1
156:   0.0000  0.1602  0.4034  0.0000  0.0000  0.3906  0.0459  1
157:   0.0000  0.2758  0.7032  0.0210  0.0000  0.0000  0.0000  1
158:   0.4785  0.0000  0.0000  0.0265  0.0657  0.4293  0.0000  1
159:   0.0824  0.4017  0.0417  0.0162  0.1548  0.3032  0.0000  1
160:   0.0000  0.0000  0.0000  0.0000  0.0000  0.0000  1.0000  1
161:   0.0915  0.0093  0.1461  0.3263  0.1019  0.3177  0.0072  1
162:   0.5873  0.0592  0.0000  0.0192  0.0235  0.3108  0.0000  1
163:   0.0000  0.0726  0.0000  0.0000  0.0000  0.0596  0.8678  1
164:   0.0000  0.0000  0.0000  0.0000  0.0000  0.0522  0.9478  1
165:   0.1072  0.1559  0.1187  0.0619  0.4193  0.1371  0.0000  1
166:   0.0000  0.5766  0.2518  0.0000  0.0000  0.1716  0.0000  1
167:   0.0000  0.0741  0.8316  0.0934  0.0009  0.0000  0.0000  1
168:   0.3710  0.0000  0.2779  0.1870  0.0208  0.0675  0.0758  1
169:   0.0000  0.0000  0.8859  0.0000  0.1141  0.0000  0.0000  1
170:   0.3222  0.1113  0.0000  0.3479  0.0000  0.2186  0.0000  1
171:   0.0000  0.2846  0.3157  0.3083  0.0914  0.0000  0.0000  1
172:   0.0000  0.1898  0.3000  0.0000  0.0102  0.5000  0.0000  1
173:   0.0000  0.0156  0.1319  0.0000  0.0000  0.0000  0.8525  1
174:   0.0000  0.1152  0.3848  0.0000  0.0000  0.5000  0.0000  1
175:   0.0000  0.4048  0.1313  0.0000  0.1210  0.1892  0.1538  1
176:   0.2183  0.2379  0.2952  0.0157  0.0000  0.1264  0.1065  1
177:   0.0000  0.0000  0.0539  0.0000  0.0000  0.0000  0.9461  1
178:   0.0000  0.0000  0.8139  0.1279  0.0000  0.0000  0.0582  1
179:   0.0000  0.0000  0.5854  0.0319  0.0000  0.3827  0.0000  1
180:   0.0000  0.4989  0.2985  0.0798  0.1227  0.0000  0.0000  1
181:   0.0000  0.0000  0.5000  0.0000  0.0000  0.5000  0.0000  1
182:   0.0000  0.4004  0.5417  0.0000  0.0000  0.0580  0.0000  1
183:   0.0000  0.0000  0.0000  0.0000  0.0000  0.0000  1.0000  1
184:   0.1100  0.0000  0.0529  0.0000  0.0085  0.6439  0.1846  1
185:   0.0000  0.0000  0.8000  0.0000  0.0000  0.2000  0.0000  1
186:   0.0000  0.2461  0.2207  0.0000  0.4435  0.0897  0.0000  1
187:   0.0000  0.0126  0.0906  0.8856  0.0112  0.0000  0.0000  1
188:   0.0418  0.0000  0.0297  0.5485  0.0000  0.2312  0.1488  1
189:   0.3504  0.0669  0.0507  0.0544  0.3220  0.1556  0.0000  1
190:   0.0000  0.0000  0.7777  0.0173  0.0610  0.0510  0.0931  1
191:   0.0000  0.0000  0.0000  0.0000  0.0000  0.0000  1.0000  1
192:   0.2614  0.0000  0.0310  0.3391  0.0356  0.3328  0.0000  1
193:   0.0000  0.0576  0.0000  0.0000  0.0000  0.1821  0.7602  1
194:   0.0000  0.0528  0.7903  0.1566  0.0000  0.0000  0.0004  1
195:   0.8485  0.0016  0.0000  0.1262  0.0237  0.0000  0.0000  1
196:   0.0000  0.9924  0.0000  0.0076  0.0000  0.0000  0.0000  1
197:   0.2794  0.1059  0.0000  0.0000  0.0000  0.1869  0.4278  1
198:   0.0000  0.0000  0.9013  0.0000  0.0766  0.0000  0.0221  1
199:   0.0000  0.0000  0.7646  0.2253  0.0000  0.0102  0.0000  1
200:   0.3130  0.0000  0.1005  0.0000  0.0261  0.5604  0.0000  1
201:   0.3001  0.0000  0.5299  0.0408  0.0505  0.0304  0.0484  1
202:   0.0000  0.0000  0.0000  0.0000  0.0000  0.0000  1.0000  1
203:   0.0000  0.0000  0.0000  0.0000  0.0000  0.0000  1.0000  1
204:   0.0000  0.0000  0.0000  0.0000  0.0000  0.0160  0.9840  1
205:   0.0000  0.0000  0.4767  0.0000  0.1490  0.0000  0.3743  1
206:   0.5306  0.1239  0.0217  0.0596  0.0654  0.1988  0.0000  1
207:   0.1178  0.4874  0.0425  0.0000  0.0000  0.3524  0.0000  1
208:   0.1438  0.0748  0.0000  0.0000  0.0000  0.1640  0.6174  1
209:   0.0000  0.2947  0.5517  0.0000  0.0000  0.1537  0.0000  1
210:   0.0000  0.0000  0.1324  0.0000  0.0000  0.0000  0.8676  1
211:   0.0000  0.0000  0.0844  0.0925  0.0000  0.0000  0.8231  1
212:   0.6888  0.0000  0.0000  0.0000  0.0112  0.3000  0.0000  1
213:   0.0000  0.0000  0.0000  0.0000  0.0000  0.0000  1.0000  1
214:   0.3537  0.0000  0.0073  0.1974  0.0000  0.4072  0.0344  1
215:   0.0000  0.0000  0.0272  0.0000  0.0000  0.2047  0.7681  1
216:   0.0118  0.1062  0.0000  0.2246  0.6287  0.0288  0.0000  1
217:   0.0000  0.0000  0.0000  0.0000  0.0000  0.0000  1.0000  1
218:   0.2062  0.0000  0.1381  0.3765  0.0000  0.2792  0.0000  1
219:   0.0000  0.0573  0.4972  0.3033  0.0878  0.0435  0.0108  1
220:   0.0142  0.1657  0.0585  0.0301  0.0661  0.0000  0.6653  1
221:   0.0000  0.0756  0.0000  0.0000  0.0000  0.0000  0.9244  1
222:   0.0000  0.0000  0.0000  0.0000  0.0000  0.0000  1.0000  1
223:   0.1145  0.4576  0.4040  0.0020  0.0000  0.0000  0.0219  1
224:   0.0000  0.0000  0.0050  0.0000  0.0000  0.0000  0.9950  1
225:   0.0000  0.0000  0.0000  0.0000  0.0000  0.0000  1.0000  1
226:   0.0000  0.0000  0.0704  0.1515  0.0000  0.0000  0.7781  1
227:   0.0000  0.0000  0.0000  0.0000  0.0000  0.0000  1.0000  1
228:   0.9090  0.0299  0.0260  0.0000  0.0350  0.0000  0.0000  1
229:   0.7549  0.0000  0.1585  0.0000  0.0000  0.0866  0.0000  1
230:   0.0000  0.2293  0.4734  0.0000  0.0000  0.1768  0.1205  1
