  1:   0.0000  0.0000  0.0000  0.0000  0.0000  1.0000  0.0000  0.0000  0.0000  0.0000  1
  2:   0.0546  0.0000  0.0000  0.5557  0.3897  0.0000  0.0000  0.0000  0.0000  0.0000  1
  3:   1.0000  0.0000  0.0000  0.0000  0.0000  0.0000  0.0000  0.0000  0.0000  0.0000  1
  4:   0.0500  0.0000  0.0608  0.4533  0.4359  0.0000  0.0000  0.0000  0.0000  0.0000  1
  5:   0.0398  0.0000  0.0000  0.5648  0.3830  0.0000  0.0000  0.0000  0.0000  0.0124  1
  6:   0.0000  0.0000  0.0000  0.0000  0.0000  0.0000  0.7073  0.1718  0.0000  0.1209  1
  7:   0.0411  0.0026  0.0000  0.0000  0.0147  0.0000  0.0324  0.4550  0.0071  0.4470  1
  8:   0.0000  0.0000  0.5693  0.2424  0.1883  0.0000  0.0000  0.0000  0.0000  0.0000  1
  9:   1.0000  0.0000  0.0000  0.0000  0.0000  0.0000  0.0000  0.0000  0.0000  0.0000  1
 10:   0.0000  0.0000  0.0000  0.0000  0.0000  0.0000  1.0000  0.0000  0.0000  0.0000  1
 11:   0.2793  0.0000  0.0221  0.4194  0.2792  0.0000  0.0000  0.0000  0.0000  0.0000  1
 12:   0.0420  0.0000  0.1049  0.5187  0.3344  0.0000  0.0000  0.0000  0.0000  0.0000  1
 13:   0.0000  0.0000  0.0999  0.5320  0.3681  0.0000  0.0000  0.0000  0.0000  0.0000  1
 14:   0.0000  1.0000  0.0000  0.0000  0.0000  0.0000  0.0000  0.0000  0.0000  0.0000  1
 15:   0.3226  0.0000  0.3329  0.2351  0.0553  0.0000  0.0000  0.0000  0.0000  0.0541  1
 16:   0.0000  0.0013  0.0000  0.0000  0.0000  0.0000  0.0816  0.3522  0.0000  0.5648  1
 17:   0.0381  0.0000  0.0000  0.5977  0.3319  0.0000  0.0000  0.0000  0.0000  0.0322  1
 18:   0.1368  0.0000  0.0000  0.5762  0.2869  0.0000  0.0000  0.0000  0.0000  0.0000  1
 19:   0.0003  0.1233  0.0083  0.0000  0.0000  0.0000  0.0000  0.3877  0.0000  0.4804  1
 20:   0.0476  0.0000  0.1881  0.5235  0.2409  0.0000  0.0000  0.0000  0.0000  0.0000  1
 21:   0.2871  0.0000  0.0000  0.3796  0.3333  0.0000  0.0000  0.0000  0.0000  0.0000  1
 22:   0.9823  0.0000  0.0177  0.0000  0.0000  0.0000  0.0000  0.0000  0.0000  0.0000  1
 23:   0.0000  0.0027  0.0000  0.0000  0.0000  0.0000  0.0754  0.3344  0.1350  0.4524  1
 24:   0.0000  0.0000  0.0000  0.0000  0.0000  0.0000  0.1828  0.5117  0.0000  0.3055  1
 25:   0.5499  0.0000  0.0967  0.2182  0.1278  0.0073  0.0000  0.0000  0.0000  0.0000  1
 26:   0.0000  1.0000  0.0000  0.0000  0.0000  0.0000  0.0000  0.0000  0.0000  0.0000  1
 27:   0.2679  0.0000  0.0745  0.4486  0.1733  0.0000  0.0000  0.0000  0.0000  0.0358  1
 28:   0.0000  0.0000  0.0000  0.0000  0.0000  0.0000  0.0000  0.3659  0.1248  0.5093  1
 29:   0.0000  0.0000  0.0537  0.5452  0.3692  0.0000  0.0000  0.0000  0.0000  0.0320  1
 30:   0.0963  0.0000  0.0015  0.6041  0.2786  0.0000  0.0000  0.0000  0.0000  0.0195  1
 31:   0.0000  0.0000  0.0000  0.0000  0.1196  0.8038  0.0000  0.0319  0.0000  0.0448  1
 32:   0.0000  0.0000  0.0000  0.0000  0.0000  0.0000  1.0000  0.0000  0.0000  0.0000  1
 33:   0.0000  0.0000  0.0628  0.0365  0.0146  0.0000  0.1775  0.2297  0.0412  0.4377  1
 34:   0.0000  0.0000  0.0000  0.0000  0.0000  0.0000  0.0000  0.0000  1.0000  0.0000  1
 35:   0.0000  0.0100  0.0019  0.0213  0.0000  0.0000  0.0000  0.3723  0.0000  0.5945  1
 36:   0.0000  1.0000  0.0000  0.0000  0.0000  0.0000  0.0000  0.0000  0.0000  0.0000  1
 37:   0.0238  0.2677  0.0332  0.0061  0.0233  0.0000  0.0997  0.1488  0.3621  0.0353  1
 38:   0.0923  0.0000  0.2758  0.1950  0.4369  0.0000  0.0000  0.0000  0.0000  0.0000  1
 39:   0.0000  0.0014  0.0462  0.0078  0.0000  0.0179  0.0536  0.2888  0.0786  0.5058  1
 40:   0.1555  0.0000  0.3563  0.3683  0.0343  0.0000  0.0000  0.0000  0.0000  0.0857  1
 41:   0.4757  0.0000  0.0343  0.2186  0.2519  0.0000  0.0000  0.0000  0.0000  0.0195  1
 42:   0.1794  0.0000  0.0445  0.4099  0.3662  0.0000  0.0000  0.0000  0.0000  0.0000  1
 43:   0.1422  0.0000  0.2247  0.3405  0.1623  0.0000  0.0037  0.0043  0.0000  0.1223  1
 44:   0.1519  0.2893  0.0039  0.0043  0.0000  0.0000  0.0018  0.0211  0.5108  0.0168  1
 45:   0.0000  1.0000  0.0000  0.0000  0.0000  0.0000  0.0000  0.0000  0.0000  0.0000  1
 46:   0.6984  0.0000  0.0000  0.2113  0.0792  0.0000  0.0000  0.0000  0.0000  0.0111  1
 47:   0.0000  0.0000  0.0000  0.0000  0.0000  0.0406  0.0203  0.4042  0.0201  0.5148  1
 48:   0.0000  0.0000  0.0000  0.0000  0.0000  0.0000  1.0000  0.0000  0.0000  0.0000  1
 49:   0.0281  0.2123  0.0000  0.0000  0.0000  0.0113  0.0518  0.3416  0.0000  0.3549  1
 50:   0.0000  0.8784  0.0000  0.0000  0.0385  0.0000  0.0000  0.0425  0.0000  0.0405  1
 51:   0.9532  0.0000  0.0000  0.0000  0.0468  0.0000  0.0000  0.0000  0.0000  0.0000  1
 52:   0.0000  0.0000  0.2852  0.3076  0.3992  0.0000  0.0000  0.0000  0.0000  0.0080  1
 53:   0.0000  0.0000  0.0000  0.0000  0.0000  0.0000  1.0000  0.0000  0.0000  0.0000  1
 54:   0.0000  0.0000  0.0000  0.0000  0.0000  1.0000  0.0000  0.0000  0.0000  0.0000  1
 55:   0.0000  0.0000  0.0000  0.0000  0.0000  0.0000  0.0000  1.0000  0.0000  0.0000  1
 56:   0.0000  0.0000  0.0000  0.0000  0.0000  1.0000  0.0000  0.0000  0.0000  0.0000  1
 57:   0.0000  0.0000  0.0000  0.0000  0.0000  0.0000  0.0461  0.0000  0.9539  0.0000  1
 58:   0.0000  1.0000  0.0000  0.0000  0.0000  0.0000  0.0000  0.0000  0.0000  0.0000  1
 59:   0.0000  0.0000  0.2295  0.4738  0.2599  0.0000  0.0000  0.0000  0.0000  0.0369  1
 60:   0.0000  0.0000  0.0000  0.0000  0.0000  0.0000  0.0000  0.0000  1.0000  0.0000  1
 61:   0.0000  0.0000  0.0000  0.0000  0.0000  0.0000  0.0000  0.0000  1.0000  0.0000  1
 62:   0.0274  0.0000  0.1968  0.4138  0.3619  0.0000  0.0000  0.0000  0.0000  0.0000  1
 63:   0.0000  0.0000  0.0084  0.0000  0.0225  0.0028  0.2095  0.5062  0.1841  0.0665  1
 64:   0.0000  0.0000  0.0056  0.0000  0.0080  0.0000  0.0000  0.3027  0.1594  0.5243  1
 65:   0.0000  0.0000  0.0596  0.0000  0.0000  0.0884  0.1165  0.0000  0.7191  0.0165  1
 66:   0.0266  0.0000  0.3321  0.0876  0.5538  0.0000  0.0000  0.0000  0.0000  0.0000  1
 67:   0.0000  0.0000  0.0000  0.0000  0.0000  0.9199  0.0801  0.0000  0.0000  0.0000  1
 68:   0.0000  0.0000  0.0000  0.0000  0.0000  1.0000  0.0000  0.0000  0.0000  0.0000  1
 69:   0.0000  0.0000  0.0000  0.0000  0.0000  0.0000  0.7417  0.0000  0.2583  0.0000  1
 70:   0.0021  0.1389  0.0000  0.0000  0.0000  0.0000  0.1809  0.0000  0.6727  0.0054  1
 71:   0.0795  0.0000  0.1602  0.2884  0.4516  0.0000  0.0000  0.0000  0.0000  0.0203  1
 72:   0.6788  0.0000  0.0091  0.1165  0.1440  0.0392  0.0016  0.0000  0.0000  0.0107  1
 73:   0.2627  0.0000  0.2318  0.3583  0.0735  0.0073  0.0000  0.0145  0.0000  0.0520  1
 74:   0.0000  0.0000  0.0399  0.0000  0.0000  0.0000  0.2035  0.0000  0.7566  0.0000  1
 75:   0.1160  0.0000  0.0000  0.0000  0.0000  0.0000  0.0000  0.0729  0.7834  0.0277  1
 76:   0.0000  0.0000  0.0000  0.0000  0.0000  0.0000  0.0000  0.0000  1.0000  0.0000  1
 77:   0.0000  0.0000  0.0381  0.0000  0.9420  0.0000  0.0000  0.0000  0.0199  0.0000  1
 78:   0.0000  0.0000  0.0000  0.0000  0.0000  1.0000  0.0000  0.0000  0.0000  0.0000  1
 79:   0.0000  0.0000  0.0000  0.0000  0.0000  0.0000  1.0000  0.0000  0.0000  0.0000  1
 80:   0.0000  0.0000  0.0347  0.5538  0.4115  0.0000  0.0000  0.0000  0.0000  0.0000  1
 81:   0.0000  0.0000  0.0000  0.0000  0.0000  1.0000  0.0000  0.0000  0.0000  0.0000  1
 82:   0.0000  0.0000  0.0000  0.0000  0.0000  0.0000  0.0000  0.5006  0.0000  0.4994  1
 83:   0.0520  0.0145  0.0890  0.0000  0.0000  0.0000  0.0902  0.5137  0.0000  0.2406  1
 84:   0.0000  0.0600  0.1540  0.0152  0.0000  0.0000  0.4177  0.0000  0.3531  0.0000  1
 85:   0.0000  0.0171  0.0000  0.0000  0.0000  0.0000  0.0000  0.0953  0.8294  0.0581  1
 86:   0.0000  0.0000  0.0000  0.0000  0.0222  0.0000  0.0423  0.8459  0.0000  0.0896  1
 87:   0.0000  0.0000  0.2255  0.3833  0.1971  0.0000  0.0000  0.0000  0.1941  0.0000  1
 88:   0.0000  0.0114  0.0387  0.0000  0.0640  0.0000  0.0000  0.6162  0.0000  0.2697  1
 89:   0.0000  0.0000  0.0000  0.0000  0.0000  0.0000  0.0000  0.0000  1.0000  0.0000  1
 90:   0.1628  0.0000  0.1105  0.4135  0.3132  0.0000  0.0000  0.0000  0.0000  0.0000  1
 91:   0.0000  0.0000  0.0000  0.0000  0.0110  0.0000  0.2847  0.5513  0.0095  0.1435  1
 92:   0.0274  0.0971  0.0000  0.0000  0.0000  0.0000  0.1996  0.4995  0.0000  0.1763  1
 93:   0.0000  0.0000  0.0000  0.0000  0.0835  0.9165  0.0000  0.0000  0.0000  0.0000  1
 94:   0.0000  0.0000  0.0000  0.0000  0.0000  1.0000  0.0000  0.0000  0.0000  0.0000  1
 95:   0.1005  0.0000  0.0000  0.0000  0.0699  0.0818  0.0792  0.6531  0.0000  0.0155  1
 96:   0.0544  0.0000  0.0458  0.0000  0.8998  0.0000  0.0000  0.0000  0.0000  0.0000  1
 97:   0.0000  0.0104  0.1367  0.0000  0.0192  0.0000  0.0000  0.2940  0.1037  0.4360  1
 98:   0.0099  0.0804  0.0187  0.0000  0.1680  0.0000  0.0173  0.3166  0.2653  0.1239  1
 99:   0.1002  0.0000  0.3072  0.0000  0.0194  0.0000  0.0000  0.4992  0.0000  0.0740  1
100:   0.0000  0.0000  0.7216  0.0446  0.0000  0.1286  0.1052  0.0000  0.0000  0.0000  1
101:   0.1121  0.0000  0.2598  0.5019  0.0000  0.0000  0.0000  0.0000  0.0171  0.1091  1
102:   0.2399  0.0000  0.3000  0.3318  0.1283  0.0000  0.0000  0.0000  0.0000  0.0000  1
103:   0.0000  0.2133  0.0000  0.0000  0.0000  0.1257  0.0260  0.1631  0.0186  0.4534  1
104:   0.0000  0.0000  0.2822  0.2046  0.2461  0.1639  0.0000  0.0424  0.0000  0.0609  1
105:   0.6806  0.0599  0.0000  0.1415  0.0000  0.0000  0.0089  0.0556  0.0000  0.0535  1
106:   0.2701  0.0000  0.2961  0.1845  0.2493  0.0000  0.0000  0.0000  0.0000  0.0000  1
107:   0.0000  0.0000  0.6886  0.2000  0.0000  0.0000  0.0000  0.0000  0.0000  0.1114  1
108:   0.0000  0.0000  0.0721  0.3024  0.6190  0.0065  0.0000  0.0000  0.0000  0.0000  1
109:   0.0000  0.0000  0.0000  0.0000  0.0242  0.0000  0.9758  0.0000  0.0000  0.0000  1
110:   0.1411  0.0000  0.0312  0.1164  0.7113  0.0000  0.0000  0.0000  0.0000  0.0000  1
111:   0.2943  0.0000  0.2416  0.3049  0.0413  0.0000  0.0000  0.0000  0.0000  0.1178  1
112:   0.0000  0.0120  0.0000  0.0266  0.0000  0.0000  0.0000  0.8143  0.1472  0.0000  1
113:   0.0000  0.0000  0.0896  0.2015  0.0000  0.0000  0.0000  0.3668  0.0790  0.2631  1
114:   0.0821  0.0000  0.2438  0.0000  0.0000  0.0105  0.0000  0.1431  0.1800  0.3404  1
115:   0.0000  0.0000  0.0404  0.0000  0.0113  0.0000  0.3646  0.4576  0.0000  0.1261  1
116:   0.0525  0.0781  0.3310  0.2636  0.0000  0.0390  0.0357  0.0000  0.0000  0.2000  1
117:   0.0411  0.0000  0.6705  0.1643  0.0159  0.1081  0.0000  0.0000  0.0000  0.0000  1
118:   0.0000  0.0000  0.1679  0.0386  0.0075  0.0000  0.0000  0.1233  0.0000  0.6628  1
119:   0.0000  0.0000  0.3000  0.3000  0.4000  0.0000  0.0000  0.0000  0.0000  0.0000  1
120:   0.2756  0.0000  0.6322  0.0000  0.0096  0.0827  0.0000  0.0000  0.0000  0.0000  1
121:   0.1949  0.0280  0.0000  0.5911  0.1859  0.0000  0.0000  0.0000  0.0000  0.0000  1
122:   0.5056  0.0200  0.2715  0.1852  0.0000  0.0000  0.0000  0.0000  0.0178  0.0000  1
123:   0.0000  0.0000  0.7000  0.3000  0.0000  0.0000  0.0000  0.0000  0.0000  0.0000  1
124:   0.0000  0.3580  0.0187  0.0000  0.0000  0.0000  0.4067  0.0271  0.0000  0.1896  1
125:   0.0000  0.0950  0.0787  0.0076  0.0828  0.0000  0.0001  0.6403  0.0956  0.0000  1
126:   0.2161  0.0000  0.4541  0.2901  0.0000  0.0000  0.0000  0.0000  0.0000  0.0398  1
127:   0.0000  0.0000  0.0000  0.0000  0.0599  0.0000  0.0000  0.8739  0.0000  0.0662  1
128:   0.0000  0.0000  0.0000  0.0000  0.0000  1.0000  0.0000  0.0000  0.0000  0.0000  1
129:   0.0000  0.0000  0.0000  0.0000  1.0000  0.0000  0.0000  0.0000  0.0000  0.0000  1
130:   0.2094  0.0000  0.0000  0.0000  0.0000  0.7906  0.0000  0.0000  0.0000  0.0000  1
131:   0.0000  0.0000  0.0411  0.3220  0.6369  0.0000  0.0000  0.0000  0.0000  0.0000  1
132:   0.0000  1.0000  0.0000  0.0000  0.0000  0.0000  0.0000  0.0000  0.0000  0.0000  1
133:   0.0000  0.0000  0.0000  0.1133  0.0913  0.6246  0.0000  0.0646  0.0000  0.1062  1
134:   0.0000  0.0000  0.1803  0.0527  0.1098  0.6458  0.0114  0.0000  0.0000  0.0000  1
135:   0.0000  0.0000  1.0000  0.0000  0.0000  0.0000  0.0000  0.0000  0.0000  0.0000  1
136:   0.0000  0.0000  0.0000  0.0000  0.0000  1.0000  0.0000  0.0000  0.0000  0.0000  1
137:   0.3571  0.0000  0.1264  0.1934  0.3231  0.0000  0.0000  0.0000  0.0000  0.0000  1
138:   0.0000  0.0511  0.0000  0.0000  0.0000  0.0000  0.3246  0.4446  0.0000  0.1797  1
139:   0.0000  0.0000  0.0000  0.0000  0.2327  0.6581  0.0000  0.0949  0.0000  0.0143  1
140:   0.0000  0.0000  0.2461  0.4438  0.1423  0.0189  0.0000  0.0807  0.0000  0.0681  1
141:   0.0000  0.0000  0.0000  0.0000  0.0000  0.0000  0.0000  0.0000  1.0000  0.0000  1
142:   0.0000  0.0000  0.0000  0.0000  0.0001  0.8131  0.0000  0.1231  0.0000  0.0638  1
143:   0.0000  0.0000  0.8627  0.0961  0.0000  0.0413  0.0000  0.0000  0.0000  0.0000  1
144:   0.0000  0.0000  0.0000  0.0000  0.0000  1.0000  0.0000  0.0000  0.0000  0.0000  1
145:   0.0000  0.0000  0.0060  0.0000  0.2100  0.7527  0.0000  0.0000  0.0000  0.0314  1
146:   0.0000  0.0000  0.0000  0.0000  0.0070  0.1477  0.0000  0.5652  0.1332  0.1468  1
147:   0.0000  0.0000  0.1307  0.0441  0.0000  0.0000  0.0895  0.0574  0.3724  0.3059  1
148:   0.0000  0.0000  0.0000  0.0000  0.0000  0.9496  0.0000  0.0000  0.0504  0.0000  1
149:   0.0000  0.0000  0.7547  0.1438  0.1015  0.0000  0.0000  0.0000  0.0000  0.0000  1
150:   0.0000  0.0000  0.8370  0.1630  0.0000  0.0000  0.0000  0.0000  0.0000  0.0000  1
151:   0.0000  0.0000  0.0846  0.0000  0.0100  0.0000  0.0000  0.7660  0.0000  0.1394  1
152:   0.0000  0.0000  0.2902  0.4551  0.0000  0.0628  0.0651  0.0709  0.0000  0.0559  1
153:   0.0000  0.0000  0.1792  0.0971  0.7053  0.0000  0.0000  0.0184  0.0000  0.0000  1
154:   0.0000  0.0000  0.4874  0.0000  0.4836  0.0030  0.0000  0.0000  0.0000  0.0260  1
155:   0.0000  0.0000  0.1350  0.4434  0.1251  0.0713  0.0000  0.0114  0.0000  0.2138  1
156:   0.0000  0.0000  0.4069  0.0165  0.4762  0.1003  0.0000  0.0000  0.0000  0.0000  1
157:   0.6169  0.0000  0.0662  0.2222  0.0000  0.0000  0.0293  0.0000  0.0000  0.0655  1
158:   0.0000  0.0412  0.0485  0.0415  0.0433  0.0000  0.0000  0.3531  0.0000  0.4723  1
159:   0.0000  0.1111  0.1619  0.0000  0.5991  0.0000  0.0279  0.0641  0.0000  0.0358  1
160:   0.0000  0.0000  0.0000  0.0000  0.0000  1.0000  0.0000  0.0000  0.0000  0.0000  1
161:   0.0000  0.1684  0.0543  0.1205  0.0315  0.0000  0.0000  0.0251  0.4251  0.1750  1
162:   0.0000  0.0158  0.0000  0.0000  0.0282  0.0000  0.0000  0.6480  0.0079  0.3000  1
163:   0.0000  0.0000  0.1318  0.1355  0.0701  0.6626  0.0000  0.0000  0.0000  0.0000  1
164:   0.0000  0.0000  0.0000  0.0000  0.0000  1.0000  0.0000  0.0000  0.0000  0.0000  1
165:   0.0615  0.4789  0.1468  0.1353  0.0000  0.0000  0.0000  0.0950  0.0000  0.0825  1
166:   0.0475  0.0000  0.1846  0.2969  0.4710  0.0000  0.0000  0.0000  0.0000  0.0000  1
167:   0.0000  0.0000  0.5731  0.4072  0.0000  0.0000  0.0197  0.0000  0.0000  0.0000  1
168:   0.0000  0.0006  0.1940  0.0000  0.0000  0.0653  0.0000  0.2282  0.3822  0.1298  1
169:   0.0515  0.0000  0.5399  0.2020  0.0066  0.0000  0.0000  0.0000  0.0000  0.2000  1
170:   0.0000  0.0000  0.0000  0.0495  0.1418  0.0000  0.0000  0.2138  0.4133  0.1816  1
171:   0.3881  0.0000  0.0980  0.1747  0.0000  0.0000  0.3392  0.0000  0.0000  0.0000  1
172:   0.0000  0.0000  0.2000  0.2000  0.6000  0.0000  0.0000  0.0000  0.0000  0.0000  1
173:   0.0000  0.0000  0.1791  0.0000  0.1550  0.6659  0.0000  0.0000  0.0000  0.0000  1
174:   0.0000  0.0000  0.3203  0.0797  0.6000  0.0000  0.0000  0.0000  0.0000  0.0000  1
175:   0.5395  0.0000  0.0994  0.0007  0.1874  0.1406  0.0000  0.0000  0.0000  0.0324  1
176:   0.0000  0.0000  0.2304  0.1974  0.3522  0.0029  0.0000  0.2171  0.0000  0.0000  1
177:   0.0000  0.0000  0.0000  0.0000  0.0000  0.8597  0.0000  0.0000  0.0000  0.1403  1
178:   0.0000  0.0000  0.5365  0.1420  0.0000  0.0000  0.0000  0.0000  0.1215  0.2000  1
179:   0.0000  0.0000  0.3884  0.1015  0.2745  0.0000  0.0022  0.1023  0.0409  0.0901  1
180:   0.2126  0.1154  0.0828  0.3567  0.0000  0.0000  0.0324  0.0000  0.0000  0.2000  1
181:   0.0000  0.0000  0.3654  0.0000  0.6346  0.0000  0.0000  0.0000  0.0000  0.0000  1
182:   0.0000  0.0000  0.6318  0.2056  0.1626  0.0000  0.0000  0.0000  0.0000  0.0000  1
183:   0.0000  0.0000  0.0000  0.0000  0.0000  1.0000  0.0000  0.0000  0.0000  0.0000  1
184:   0.0000  0.0000  0.0000  0.0569  0.2540  0.1993  0.0121  0.3008  0.0022  0.1746  1
185:   0.0000  0.0000  0.9144  0.0000  0.0856  0.0000  0.0000  0.0000  0.0000  0.0000  1
186:   0.4153  0.1046  0.0918  0.0457  0.1426  0.0000  0.0000  0.0000  0.0000  0.2000  1
187:   0.0000  0.0000  0.0000  0.0000  0.0000  0.0000  1.0000  0.0000  0.0000  0.0000  1
188:   0.0000  0.0000  0.0223  0.0000  0.0000  0.0115  0.0000  0.0000  0.7640  0.2022  1
189:   0.0000  0.1269  0.0112  0.0489  0.0000  0.0000  0.3229  0.1825  0.0000  0.3077  1
190:   0.0000  0.0000  0.8784  0.0000  0.0538  0.0512  0.0000  0.0000  0.0116  0.0050  1
191:   0.0000  0.0000  0.0000  0.0000  0.0000  1.0000  0.0000  0.0000  0.0000  0.0000  1
192:   0.0000  0.0084  0.0002  0.0000  0.0000  0.0000  0.0000  0.2018  0.3850  0.4046  1
193:   0.0000  0.0000  0.0000  0.0000  0.3196  0.6650  0.0000  0.0000  0.0000  0.0154  1
194:   0.0000  0.0000  0.8044  0.0608  0.0000  0.0000  0.0000  0.0000  0.1005  0.0343  1
195:   0.0000  0.0000  0.0000  0.0000  0.0091  0.0000  0.0000  0.8461  0.1196  0.0251  1
196:   0.4052  0.0000  0.1036  0.2789  0.1100  0.0000  0.0000  0.0000  0.0000  0.1023  1
197:   0.0000  0.0000  0.0000  0.0000  0.1773  0.4187  0.0000  0.1793  0.0000  0.2248  1
198:   0.0000  0.0000  0.6671  0.0453  0.0804  0.0072  0.0000  0.0000  0.0000  0.2000  1
199:   0.0000  0.0000  0.7423  0.0000  0.0685  0.0000  0.0014  0.0000  0.1879  0.0000  1
200:   0.0000  0.0000  0.0000  0.0000  0.1705  0.0000  0.0000  0.5295  0.0000  0.3000  1
201:   0.0000  0.0000  0.2309  0.0000  0.0477  0.0696  0.4964  0.0000  0.0000  0.1554  1
202:   0.0000  0.0000  0.0000  0.0000  0.0000  1.0000  0.0000  0.0000  0.0000  0.0000  1
203:   0.0000  0.0000  0.0000  0.0156  0.0598  0.9246  0.0000  0.0000  0.0000  0.0000  1
204:   0.0000  0.0000  0.0633  0.0000  0.0000  0.9367  0.0000  0.0000  0.0000  0.0000  1
205:   0.0000  0.1384  0.3112  0.2127  0.0000  0.3181  0.0000  0.0000  0.0000  0.0196  1
206:   0.0000  0.0485  0.0000  0.0258  0.0935  0.0000  0.0405  0.3543  0.0000  0.4375  1
207:   0.0000  0.0000  0.0735  0.1562  0.5209  0.0000  0.0165  0.0304  0.0000  0.2024  1
208:   0.0512  0.0000  0.0000  0.0008  0.0000  0.5774  0.0241  0.1926  0.0000  0.1539  1
209:   0.0000  0.0000  0.5913  0.2328  0.1759  0.0000  0.0000  0.0000  0.0000  0.0000  1
210:   0.0000  0.0000  0.3634  0.0000  0.0000  0.6366  0.0000  0.0000  0.0000  0.0000  1
211:   0.0000  0.0000  0.0793  0.0914  0.0000  0.7591  0.0694  0.0000  0.0008  0.0000  1
212:   0.0238  0.0457  0.0000  0.0000  0.0000  0.0000  0.0000  0.4551  0.0000  0.4754  1
213:   0.0000  0.0000  0.0000  0.0000  0.0000  1.0000  0.0000  0.0000  0.0000  0.0000  1
214:   0.0000  0.0000  0.1112  0.0000  0.0000  0.0000  0.0000  0.1099  0.2035  0.5754  1
215:   0.0000  0.0000  0.0000  0.0000  0.2297  0.7639  0.0000  0.0063  0.0000  0.0002  1
216:   0.0000  0.7238  0.0000  0.0000  0.0000  0.0000  0.2689  0.0000  0.0000  0.0072  1
217:   0.0000  0.0000  0.0000  0.0000  0.0000  1.0000  0.0000  0.0000  0.0000  0.0000  1
218:   0.0000  0.0000  0.0353  0.0370  0.0000  0.0000  0.0000  0.0847  0.4746  0.3684  1
219:   0.0756  0.0000  0.3379  0.0635  0.0000  0.0000  0.0000  0.0000  0.3651  0.1579  1
220:   0.3230  0.0000  0.0000  0.0000  0.0000  0.6704  0.0000  0.0000  0.0066  0.0000  1
221:   0.1486  0.0000  0.0000  0.0000  0.0000  0.8514  0.0000  0.0000  0.0000  0.0000  1
222:   0.0000  0.0000  0.0000  0.0000  0.0000  1.0000  0.0000  0.0000  0.0000  0.0000  1
223:   0.1887  0.0000  0.1864  0.3383  0.2302  0.0088  0.0000  0.0000  0.0135  0.0342  1
224:   0.0000  0.0000  0.0000  0.0000  0.0000  0.9428  0.0000  0.0000  0.0000  0.0572  1
225:   0.0000  0.0000  0.0000  0.0000  0.0000  1.0000  0.0000  0.0000  0.0000  0.0000  1
226:   0.0000  0.0000  0.0000  0.1185  0.0000  0.6695  0.2120  0.0000  0.0000  0.0000  1
227:   0.0000  0.0000  0.0000  0.0000  0.0000  0.9614  0.0381  0.0004  0.0000  0.0001  1
228:   0.0652  0.0000  0.0000  0.0000  0.0000  0.0000  0.0000  0.7658  0.0000  0.1691  1
229:   0.0000  0.0000  0.0126  0.0000  0.0258  0.0000  0.2221  0.5857  0.0000  0.1538  1
230:   0.0000  0.0000  0.7000  0.0000  0.3000  0.0000  0.0000  0.0000  0.0000  0.0000  1
