  1:   0.0000  0.0000  0.0000  1.0000  0.0000  0.0000  1
  2:   0.0000  0.7175  0.1051  0.0000  0.0000  0.1774  1
  3:   0.0000  0.8715  0.1285  0.0000  0.0000  0.0000  1
  4:   0.0000  0.6202  0.2018  0.0000  0.0000  0.1780  1
  5:   0.0000  0.7354  0.0929  0.0000  0.0000  0.1717  1
  6:   0.5526  0.0003  0.0000  0.0000  0.4471  0.0000  1
  7:   0.0290  0.0124  0.0000  0.0000  0.9487  0.0099  1
  8:   0.0000  0.1164  0.8320  0.0000  0.0000  0.0516  1
  9:   0.0000  0.8593  0.1407  0.0000  0.0000  0.0000  1
 10:   1.0000  0.0000  0.0000  0.0000  0.0000  0.0000  1
 11:   0.0000  0.7047  0.1564  0.0000  0.0000  0.1388  1
 12:   0.0000  0.5694  0.2711  0.0000  0.0000  0.1595  1
 13:   0.0000  0.6216  0.2153  0.0000  0.0000  0.1631  1
 14:   0.1467  0.0000  0.0002  0.0000  0.1272  0.7259  1
 15:   0.0000  0.4003  0.5997  0.0000  0.0000  0.0000  1
 16:   0.0826  0.0000  0.0000  0.0000  0.8667  0.0507  1
 17:   0.0000  0.6077  0.2365  0.0002  0.0000  0.1556  1
 18:   0.0000  0.7594  0.1064  0.0000  0.0000  0.1342  1
 19:   0.0000  0.0000  0.0286  0.0000  0.8788  0.0927  1
 20:   0.0000  0.5202  0.3607  0.0000  0.0000  0.1191  1
 21:   0.0000  0.7328  0.1110  0.0000  0.0000  0.1562  1
 22:   0.0000  0.8043  0.1770  0.0000  0.0000  0.0187  1
 23:   0.2167  0.0000  0.0000  0.0000  0.7608  0.0226  1
 24:   0.0998  0.0028  0.0000  0.0000  0.8870  0.0104  1
 25:   0.0000  0.7156  0.1192  0.0935  0.0000  0.0717  1
 26:   0.2829  0.0000  0.0171  0.0000  0.0000  0.7000  1
 27:   0.0000  0.6730  0.2413  0.0000  0.0000  0.0857  1
 28:   0.1450  0.0000  0.0000  0.0000  0.8550  0.0000  1
 29:   0.0000  0.6407  0.1943  0.0055  0.0000  0.1594  1
 30:   0.0000  0.7247  0.1411  0.0000  0.0000  0.1342  1
 31:   0.0000  0.0762  0.0000  0.8702  0.0000  0.0536  1
 32:   0.9109  0.0000  0.0891  0.0000  0.0000  0.0000  1
 33:   0.1710  0.0015  0.1482  0.0000  0.6763  0.0030  1
 34:   1.0000  0.0000  0.0000  0.0000  0.0000  0.0000  1
 35:   0.0000  0.0000  0.0999  0.0000  0.8349  0.0652  1
 36:   0.3000  0.0000  0.0000  0.0000  0.0000  0.7000  1
 37:   0.4706  0.0126  0.0714  0.0000  0.2287  0.2167  1
 38:   0.0000  0.3918  0.3847  0.0000  0.0000  0.2235  1
 39:   0.0865  0.0000  0.0592  0.0555  0.7987  0.0001  1
 40:   0.0000  0.2581  0.7419  0.0000  0.0000  0.0000  1
 41:   0.0000  0.6752  0.1913  0.0000  0.0000  0.1335  1
 42:   0.0000  0.6926  0.1214  0.0000  0.0000  0.1860  1
 43:   0.0018  0.5555  0.3729  0.0000  0.0072  0.0625  1
 44:   0.6137  0.0923  0.0901  0.0000  0.0257  0.1782  1
 45:   0.2332  0.0000  0.0000  0.0000  0.0352  0.7316  1
 46:   0.0000  0.8147  0.1413  0.0000  0.0000  0.0440  1
 47:   0.0197  0.0000  0.0337  0.0556  0.8910  0.0000  1
 48:   0.7753  0.0000  0.0000  0.0000  0.2247  0.0000  1
 49:   0.0000  0.0000  0.0000  0.0541  0.8004  0.1455  1
 50:   0.1263  0.0286  0.0000  0.0000  0.1656  0.6795  1
 51:   0.0000  0.8491  0.0941  0.0000  0.0000  0.0568  1
 52:   0.0000  0.4041  0.4318  0.0000  0.0000  0.1640  1
 53:   0.9562  0.0000  0.0438  0.0000  0.0000  0.0000  1
 54:   0.0000  0.0000  0.0000  1.0000  0.0000  0.0000  1
 55:   0.0000  0.0365  0.0000  0.0000  0.9635  0.0000  1
 56:   0.0000  0.0000  0.0000  1.0000  0.0000  0.0000  1
 57:   1.0000  0.0000  0.0000  0.0000  0.0000  0.0000  1
 58:   0.1481  0.0000  0.0000  0.0000  0.1069  0.7450  1
 59:   0.0000  0.4776  0.4162  0.0000  0.0000  0.1062  1
 60:   0.9550  0.0199  0.0000  0.0000  0.0000  0.0251  1
 61:   1.0000  0.0000  0.0000  0.0000  0.0000  0.0000  1
 62:   0.0000  0.6046  0.2670  0.0000  0.0000  0.1285  1
 63:   0.4181  0.0000  0.0000  0.0531  0.5123  0.0165  1
 64:   0.1698  0.0000  0.0000  0.0000  0.8229  0.0073  1
 65:   0.8290  0.0000  0.0042  0.1222  0.0000  0.0446  1
 66:   0.0000  0.5058  0.3779  0.0000  0.0000  0.1163  1
 67:   0.0223  0.0000  0.0489  0.9288  0.0000  0.0000  1
 68:   0.0000  0.0000  0.0000  1.0000  0.0000  0.0000  1
 69:   1.0000  0.0000  0.0000  0.0000  0.0000  0.0000  1
 70:   0.9115  0.0000  0.0000  0.0000  0.0000  0.0885  1
 71:   0.0000  0.6493  0.1947  0.0000  0.0000  0.1559  1
 72:   0.0024  0.6362  0.1790  0.1230  0.0000  0.0595  1
 73:   0.0000  0.5538  0.3829  0.0000  0.0619  0.0014  1
 74:   0.9671  0.0000  0.0329  0.0000  0.0000  0.0000  1
 75:   0.7959  0.0649  0.0000  0.0000  0.1207  0.0185  1
 76:   1.0000  0.0000  0.0000  0.0000  0.0000  0.0000  1
 77:   0.0108  0.5061  0.2485  0.0116  0.0024  0.2206  1
 78:   0.0000  0.0000  0.0000  1.0000  0.0000  0.0000  1
 79:   1.0000  0.0000  0.0000  0.0000  0.0000  0.0000  1
 80:   0.0000  0.4816  0.3251  0.0000  0.0000  0.1932  1
 81:   0.0000  0.0000  0.0000  1.0000  0.0000  0.0000  1
 82:   0.0000  0.0000  0.0000  0.0000  1.0000  0.0000  1
 83:   0.1473  0.0616  0.1109  0.0000  0.6206  0.0596  1
 84:   0.7054  0.0000  0.2416  0.0005  0.0000  0.0524  1
 85:   0.8130  0.0045  0.0000  0.0000  0.1825  0.0000  1
 86:   0.0000  0.0000  0.0165  0.0000  0.9835  0.0000  1
 87:   0.1725  0.4543  0.3041  0.0000  0.0000  0.0691  1
 88:   0.0000  0.0000  0.0000  0.0000  0.9286  0.0714  1
 89:   1.0000  0.0000  0.0000  0.0000  0.0000  0.0000  1
 90:   0.0000  0.7769  0.1278  0.0000  0.0000  0.0953  1
 91:   0.2498  0.0000  0.0000  0.0000  0.7502  0.0000  1
 92:   0.0960  0.0040  0.0000  0.0000  0.7324  0.1675  1
 93:   0.0000  0.0000  0.0000  0.9470  0.0000  0.0530  1
 94:   0.0000  0.0000  0.0000  1.0000  0.0000  0.0000  1
 95:   0.0000  0.1707  0.0000  0.1092  0.7108  0.0093  1
 96:   0.0000  0.6000  0.1282  0.0000  0.0000  0.2718  1
 97:   0.1889  0.0153  0.1134  0.0000  0.5716  0.1108  1
 98:   0.4135  0.1371  0.0000  0.0000  0.3309  0.1185  1
 99:   0.0000  0.2120  0.2650  0.0000  0.5156  0.0074  1
100:   0.0484  0.0000  0.7958  0.1557  0.0000  0.0000  1
101:   0.0505  0.1214  0.8281  0.0000  0.0000  0.0000  1
102:   0.0000  0.8374  0.0726  0.0257  0.0000  0.0643  1
103:   0.1483  0.0000  0.0000  0.1081  0.5341  0.2095  1
104:   0.0000  0.2149  0.3178  0.2308  0.0941  0.1424  1
105:   0.0148  0.6931  0.1371  0.0000  0.0402  0.1148  1
106:   0.0000  0.4944  0.5056  0.0000  0.0000  0.0000  1
107:   0.0000  0.0000  1.0000  0.0000  0.0000  0.0000  1
108:   0.0000  0.5514  0.1094  0.0392  0.0000  0.3000  1
109:   0.7202  0.0210  0.0000  0.0000  0.2588  0.0000  1
110:   0.0000  0.6674  0.1444  0.0303  0.0000  0.1579  1
111:   0.0000  0.5255  0.4371  0.0000  0.0000  0.0373  1
112:   0.1696  0.0000  0.0000  0.0000  0.7790  0.0514  1
113:   0.0096  0.0774  0.1868  0.0000  0.7262  0.0000  1
114:   0.2722  0.0182  0.3236  0.0480  0.3379  0.0000  1
115:   0.3352  0.0016  0.0867  0.0000  0.5448  0.0317  1
116:   0.0389  0.2202  0.6000  0.0437  0.0000  0.0973  1
117:   0.0000  0.0000  0.8710  0.1290  0.0000  0.0000  1
118:   0.0000  0.0000  0.2826  0.0000  0.7174  0.0000  1
119:   0.0000  0.8381  0.0014  0.1605  0.0000  0.0000  1
120:   0.0000  0.0815  0.7406  0.1780  0.0000  0.0000  1
121:   0.0083  0.7535  0.1244  0.0000  0.0000  0.1138  1
122:   0.0966  0.3268  0.5766  0.0000  0.0000  0.0000  1
123:   0.0000  0.0000  1.0000  0.0000  0.0000  0.0000  1
124:   0.3275  0.0000  0.1303  0.0000  0.1997  0.3425  1
125:   0.1704  0.0791  0.0000  0.0000  0.6493  0.1012  1
126:   0.0000  0.5116  0.4369  0.0000  0.0000  0.0515  1
127:   0.0000  0.0410  0.0000  0.0000  0.9590  0.0000  1
128:   0.0000  0.0000  0.0000  1.0000  0.0000  0.0000  1
129:   0.0000  0.6326  0.0674  0.0000  0.0000  0.3000  1
130:   0.0000  0.0660  0.0000  0.8118  0.0000  0.1222  1
131:   0.0000  0.5594  0.2172  0.0000  0.0000  0.2234  1
132:   0.3000  0.0000  0.0000  0.0000  0.0000  0.7000  1
133:   0.0000  0.0326  0.2399  0.6757  0.0000  0.0518  1
134:   0.0000  0.0266  0.2725  0.7009  0.0000  0.0000  1
135:   0.0000  0.0000  0.9896  0.0104  0.0000  0.0000  1
136:   0.0000  0.0000  0.0000  1.0000  0.0000  0.0000  1
137:   0.0000  0.6638  0.2370  0.0000  0.0000  0.0992  1
138:   0.1471  0.0000  0.0000  0.0000  0.6995  0.1534  1
139:   0.0000  0.0992  0.0000  0.8158  0.0000  0.0850  1
140:   0.0000  0.3653  0.3669  0.0620  0.1243  0.0814  1
141:   0.9881  0.0000  0.0000  0.0119  0.0000  0.0000  1
142:   0.0000  0.0000  0.0000  0.8252  0.1748  0.0000  1
143:   0.0000  0.0000  1.0000  0.0000  0.0000  0.0000  1
144:   0.0000  0.0000  0.0000  1.0000  0.0000  0.0000  1
145:   0.0000  0.0658  0.0000  0.8704  0.0000  0.0638  1
146:   0.0000  0.0000  0.0000  0.1454  0.8546  0.0000  1
147:   0.4947  0.0000  0.1574  0.0000  0.3339  0.0140  1
148:   0.1139  0.0000  0.0000  0.8861  0.0000  0.0000  1
149:   0.0000  0.0000  0.9088  0.0912  0.0000  0.0000  1
150:   0.0000  0.0000  1.0000  0.0000  0.0000  0.0000  1
151:   0.0000  0.0000  0.1547  0.0000  0.8453  0.0000  1
152:   0.0000  0.0000  0.8438  0.0000  0.0914  0.0649  1
153:   0.0000  0.5670  0.0886  0.0445  0.0000  0.3000  1
154:   0.0000  0.1096  0.7185  0.0342  0.0000  0.1377  1
155:   0.0000  0.3778  0.3349  0.1548  0.0100  0.1225  1
156:   0.0000  0.3772  0.3345  0.1078  0.0000  0.1805  1
157:   0.0000  0.2681  0.7319  0.0000  0.0000  0.0000  1
158:   0.0000  0.0893  0.0000  0.0000  0.8329  0.0779  1
159:   0.0357  0.3751  0.0094  0.0000  0.0567  0.5231  1
160:   0.0000  0.0000  0.0000  1.0000  0.0000  0.0000  1
161:   0.3002  0.0000  0.3340  0.0000  0.3033  0.0624  1
162:   0.0361  0.0226  0.0000  0.0000  0.8471  0.0942  1
163:   0.0000  0.1397  0.0000  0.7924  0.0000  0.0679  1
164:   0.0000  0.0000  0.0000  1.0000  0.0000  0.0000  1
165:   0.0894  0.1974  0.1157  0.0000  0.2795  0.3180  1
166:   0.0000  0.7959  0.2040  0.0000  0.0000  0.0000  1
167:   0.0000  0.0000  1.0000  0.0000  0.0000  0.0000  1
168:   0.3149  0.0000  0.3302  0.0663  0.2361  0.0525  1
169:   0.0000  0.1136  0.8864  0.0000  0.0000  0.0000  1
170:   0.4112  0.1912  0.0000  0.0000  0.3211  0.0765  1
171:   0.3078  0.2732  0.4190  0.0000  0.0000  0.0000  1
172:   0.0000  0.0000  0.6796  0.0000  0.0000  0.3204  1
173:   0.0000  0.0404  0.1533  0.8063  0.0000  0.0000  1
174:   0.0000  0.2307  0.4693  0.0000  0.0000  0.3000  1
175:   0.0000  0.6287  0.0164  0.2374  0.0000  0.1175  1
176:   0.1152  0.2545  0.1475  0.0931  0.0303  0.3594  1
177:   0.0000  0.0000  0.0000  1.0000  0.0000  0.0000  1
178:   0.1121  0.0000  0.8133  0.0746  0.0000  0.0000  1
179:   0.0370  0.2486  0.5738  0.0000  0.0061  0.1346  1
180:   0.0988  0.2123  0.5384  0.0000  0.0000  0.1505  1
181:   0.0000  0.0000  0.7000  0.0000  0.0000  0.3000  1
182:   0.0000  0.2071  0.7432  0.0000  0.0000  0.0497  1
183:   0.0000  0.0000  0.0000  1.0000  0.0000  0.0000  1
184:   0.0302  0.0463  0.0000  0.3201  0.3722  0.2312  1
185:   0.0000  0.0000  1.0000  0.0000  0.0000  0.0000  1
186:   0.0000  0.5570  0.1021  0.0000  0.0000  0.3409  1
187:   0.8915  0.0000  0.1049  0.0000  0.0000  0.0036  1
188:   0.7226  0.0000  0.0000  0.2307  0.0467  0.0000  1
189:   0.1038  0.0000  0.0663  0.0000  0.5598  0.2700  1
190:   0.0000  0.0000  1.0000  0.0000  0.0000  0.0000  1
191:   0.0000  0.0000  0.0000  1.0000  0.0000  0.0000  1
192:   0.4017  0.0000  0.0298  0.0000  0.5263  0.0422  1
193:   0.0000  0.1001  0.0000  0.7928  0.0000  0.1070  1
194:   0.0629  0.0000  0.9371  0.0000  0.0000  0.0000  1
195:   0.1435  0.0136  0.0000  0.0082  0.8347  0.0000  1
196:   0.0053  0.7880  0.2067  0.0000  0.0000  0.0000  1
197:   0.0000  0.1149  0.0000  0.4481  0.4370  0.0000  1
198:   0.0000  0.1109  0.8716  0.0175  0.0000  0.0000  1
199:   0.2682  0.0000  0.7318  0.0000  0.0000  0.0000  1
200:   0.0000  0.2206  0.0000  0.0000  0.6628  0.1166  1
201:   0.0000  0.0000  0.7137  0.0000  0.2863  0.0000  1
202:   0.0000  0.0000  0.0000  1.0000  0.0000  0.0000  1
203:   0.0000  0.0000  0.0000  1.0000  0.0000  0.0000  1
204:   0.0000  0.0000  0.0000  1.0000  0.0000  0.0000  1
205:   0.0000  0.0000  0.5473  0.3317  0.0000  0.1210  1
206:   0.0868  0.0780  0.0000  0.0000  0.6045  0.2307  1
207:   0.0000  0.4563  0.0973  0.0000  0.2630  0.1834  1
208:   0.0000  0.1243  0.0000  0.7214  0.1543  0.0000  1
209:   0.0000  0.0000  0.7000  0.0000  0.0000  0.3000  1
210:   0.0000  0.0000  0.1212  0.8788  0.0000  0.0000  1
211:   0.1392  0.0000  0.0000  0.8608  0.0000  0.0000  1
212:   0.0000  0.0000  0.0000  0.0000  1.0000  0.0000  1
213:   0.0000  0.0000  0.0000  1.0000  0.0000  0.0000  1
214:   0.2584  0.0000  0.0000  0.0262  0.7155  0.0000  1
215:   0.0000  0.0692  0.0000  0.8815  0.0000  0.0493  1
216:   0.3290  0.0000  0.0000  0.0000  0.1063  0.5647  1
217:   0.0000  0.0000  0.0000  1.0000  0.0000  0.0000  1
218:   0.5172  0.0000  0.0593  0.0000  0.4235  0.0000  1
219:   0.3467  0.0823  0.5675  0.0036  0.0000  0.0000  1
220:   0.0241  0.3019  0.0000  0.6740  0.0000  0.0000  1
221:   0.0000  0.0024  0.0000  0.9976  0.0000  0.0000  1
222:   0.0000  0.0000  0.0000  1.0000  0.0000  0.0000  1
223:   0.0000  0.2471  0.7529  0.0000  0.0000  0.0000  1
224:   0.0000  0.0000  0.0000  1.0000  0.0000  0.0000  1
225:   0.0000  0.0000  0.0000  1.0000  0.0000  0.0000  1
226:   0.1326  0.0000  0.0000  0.8674  0.0000  0.0000  1
227:   0.0000  0.0000  0.0000  1.0000  0.0000  0.0000  1
228:   0.0000  0.0371  0.0493  0.0000  0.9136  0.0000  1
229:   0.0000  0.0000  0.1807  0.0000  0.8193  0.0000  1
230:   0.0000  0.1455  0.5302  0.1479  0.0000  0.1764  1
