  1:   0.0000  0.0000  0.0000  1.0000  0.0000  0.0000  0.0000  0.0000  1
  2:   0.0032  0.0000  0.8843  0.0000  0.1125  0.0000  0.0000  0.0000  1
  3:   0.0000  0.0000  0.0000  0.0000  1.0000  0.0000  0.0000  0.0000  1
  4:   0.1050  0.0000  0.7880  0.0000  0.1070  0.0000  0.0000  0.0000  1
  5:   0.0000  0.0000  0.8874  0.0000  0.1126  0.0000  0.0000  0.0000  1
  6:   0.0000  0.1437  0.0000  0.0000  0.0072  0.0000  0.3073  0.5418  1
  7:   0.0000  0.4790  0.0000  0.0000  0.0294  0.0017  0.4591  0.0308  1
  8:   0.8234  0.0000  0.1766  0.0000  0.0000  0.0000  0.0000  0.0000  1
  9:   0.0000  0.0000  0.0000  0.0000  1.0000  0.0000  0.0000  0.0000  1
 10:   0.0000  0.0000  0.0000  0.0000  0.0000  0.0000  0.0000  1.0000  1
 11:   0.0184  0.0000  0.6671  0.0000  0.3145  0.0000  0.0000  0.0000  1
 12:   0.1780  0.0000  0.7259  0.0000  0.0961  0.0000  0.0000  0.0000  1
 13:   0.1519  0.0000  0.7754  0.0000  0.0727  0.0000  0.0000  0.0000  1
 14:   0.0000  0.0000  0.0000  0.0000  0.0000  1.0000  0.0000  0.0000  1
 15:   0.6139  0.0000  0.0005  0.0000  0.3856  0.0000  0.0000  0.0000  1
 16:   0.0000  0.0391  0.0000  0.0000  0.0000  0.0000  0.9609  0.0000  1
 17:   0.0834  0.0000  0.7749  0.0261  0.1156  0.0000  0.0000  0.0000  1
 18:   0.0000  0.0000  0.7543  0.0000  0.2457  0.0000  0.0000  0.0000  1
 19:   0.0000  0.3689  0.0000  0.0000  0.0000  0.1141  0.5169  0.0000  1
 20:   0.2776  0.0000  0.5771  0.0000  0.1453  0.0000  0.0000  0.0000  1
 21:   0.0000  0.0000  0.7275  0.0000  0.2725  0.0000  0.0000  0.0000  1
 22:   0.0203  0.0000  0.0000  0.0000  0.9797  0.0000  0.0000  0.0000  1
 23:   0.0000  0.0000  0.0000  0.0000  0.0000  0.0000  0.8984  0.1016  1
 24:   0.0000  0.4740  0.0001  0.0000  0.0000  0.0000  0.4618  0.0641  1
 25:   0.0793  0.0000  0.2919  0.0241  0.6047  0.0000  0.0000  0.0000  1
 26:   0.0000  0.0000  0.0000  0.0000  0.0000  1.0000  0.0000  0.0000  1
 27:   0.1546  0.0000  0.4974  0.0000  0.3480  0.0000  0.0000  0.0000  1
 28:   0.0000  0.3650  0.0000  0.0000  0.0000  0.0000  0.5320  0.1030  1
 29:   0.0794  0.0000  0.8471  0.0000  0.0736  0.0000  0.0000  0.0000  1
 30:   0.0354  0.0000  0.7159  0.0000  0.2486  0.0000  0.0000  0.0000  1
 31:   0.0000  0.1182  0.0213  0.8243  0.0362  0.0000  0.0000  0.0000  1
 32:   0.0611  0.0000  0.0000  0.0000  0.0000  0.0000  0.0000  0.9389  1
 33:   0.0523  0.3272  0.0342  0.0000  0.0096  0.0000  0.4087  0.1679  1
 34:   0.0000  0.0000  0.0000  0.0000  0.0000  0.0000  0.0000  1.0000  1
 35:   0.0161  0.1077  0.0000  0.0000  0.0000  0.0000  0.8762  0.0000  1
 36:   0.0000  0.0000  0.0000  0.0000  0.0000  1.0000  0.0000  0.0000  1
 37:   0.0844  0.1747  0.0000  0.0000  0.0000  0.2870  0.0540  0.3999  1
 38:   0.3763  0.0000  0.6237  0.0000  0.0000  0.0000  0.0000  0.0000  1
 39:   0.0407  0.3629  0.0000  0.0407  0.0000  0.0000  0.4825  0.0732  1
 40:   0.8780  0.0000  0.0000  0.0000  0.1220  0.0000  0.0000  0.0000  1
 41:   0.0878  0.0000  0.4932  0.0000  0.4190  0.0000  0.0000  0.0000  1
 42:   0.0000  0.0000  0.8522  0.0000  0.1478  0.0000  0.0000  0.0000  1
 43:   0.2312  0.0196  0.3513  0.0000  0.3927  0.0000  0.0052  0.0000  1
 44:   0.0637  0.0623  0.0000  0.0000  0.1236  0.2135  0.0000  0.5369  1
 45:   0.0000  0.0000  0.0000  0.0000  0.0000  1.0000  0.0000  0.0000  1
 46:   0.0000  0.0000  0.3049  0.0000  0.6951  0.0000  0.0000  0.0000  1
 47:   0.0105  0.0886  0.0000  0.0276  0.0000  0.0000  0.8734  0.0000  1
 48:   0.0000  0.0950  0.0000  0.0000  0.0000  0.0000  0.1174  0.7876  1
 49:   0.0000  0.3872  0.0000  0.0087  0.0045  0.2183  0.3812  0.0000  1
 50:   0.0000  0.0723  0.0000  0.0000  0.0000  0.9277  0.0000  0.0000  1
 51:   0.0000  0.0000  0.0757  0.0000  0.9243  0.0000  0.0000  0.0000  1
 52:   0.3285  0.0000  0.6709  0.0000  0.0006  0.0000  0.0000  0.0000  1
 53:   0.0000  0.0000  0.0000  0.0000  0.0000  0.0000  0.0000  1.0000  1
 54:   0.0000  0.0000  0.0000  1.0000  0.0000  0.0000  0.0000  0.0000  1
 55:   0.0000  0.9495  0.0000  0.0000  0.0000  0.0000  0.0505  0.0000  1
 56:   0.0000  0.0000  0.0000  1.0000  0.0000  0.0000  0.0000  0.0000  1
 57:   0.0000  0.0000  0.0000  0.0000  0.0000  0.0000  0.0000  1.0000  1
 58:   0.0000  0.0000  0.0000  0.0000  0.0000  1.0000  0.0000  0.0000  1
 59:   0.3614  0.0000  0.5666  0.0000  0.0720  0.0000  0.0000  0.0000  1
 60:   0.0000  0.0610  0.0256  0.0000  0.0000  0.0000  0.0000  0.9134  1
 61:   0.0000  0.0000  0.0000  0.0000  0.0000  0.0000  0.0000  1.0000  1
 62:   0.1813  0.0000  0.6286  0.0000  0.1901  0.0000  0.0000  0.0000  1
 63:   0.0128  0.5434  0.0000  0.0135  0.0000  0.0000  0.0954  0.3349  1
 64:   0.0000  0.1690  0.0000  0.0000  0.0000  0.0000  0.7496  0.0813  1
 65:   0.0084  0.0000  0.0000  0.1087  0.0000  0.0697  0.0000  0.8133  1
 66:   0.2900  0.0000  0.4707  0.0000  0.2392  0.0000  0.0000  0.0000  1
 67:   0.0170  0.0000  0.0000  0.9130  0.0000  0.0000  0.0000  0.0700  1
 68:   0.0000  0.0000  0.0000  1.0000  0.0000  0.0000  0.0000  0.0000  1
 69:   0.0000  0.0000  0.0000  0.0000  0.0000  0.0000  0.0000  1.0000  1
 70:   0.0000  0.0000  0.0000  0.0000  0.0000  0.1301  0.0000  0.8699  1
 71:   0.1210  0.0324  0.7008  0.0000  0.1458  0.0000  0.0000  0.0000  1
 72:   0.0077  0.0000  0.3225  0.0670  0.6028  0.0000  0.0000  0.0000  1
 73:   0.1920  0.0292  0.2923  0.0034  0.4496  0.0000  0.0336  0.0000  1
 74:   0.0000  0.0000  0.0000  0.0000  0.0000  0.0000  0.0000  1.0000  1
 75:   0.0000  0.0067  0.0045  0.0000  0.0129  0.0000  0.2720  0.7039  1
 76:   0.0000  0.0000  0.0000  0.0000  0.0000  0.0000  0.0000  1.0000  1
 77:   0.1540  0.0040  0.7752  0.0000  0.0344  0.0158  0.0000  0.0167  1
 78:   0.0000  0.0000  0.0000  1.0000  0.0000  0.0000  0.0000  0.0000  1
 79:   0.0000  0.0000  0.0000  0.0000  0.0000  0.0000  0.0000  1.0000  1
 80:   0.2322  0.0000  0.7678  0.0000  0.0000  0.0000  0.0000  0.0000  1
 81:   0.0000  0.0000  0.0000  1.0000  0.0000  0.0000  0.0000  0.0000  1
 82:   0.0000  0.1919  0.0000  0.0000  0.0000  0.0000  0.8081  0.0000  1
 83:   0.0000  0.9101  0.0000  0.0000  0.0157  0.0727  0.0000  0.0015  1
 84:   0.2444  0.0000  0.0000  0.0000  0.0000  0.0670  0.0000  0.6886  1
 85:   0.0000  0.0954  0.0000  0.0000  0.0053  0.0000  0.0813  0.8180  1
 86:   0.0000  0.8692  0.0000  0.0000  0.0000  0.0000  0.1308  0.0000  1
 87:   0.1874  0.0000  0.4750  0.0000  0.1187  0.0000  0.0000  0.2188  1
 88:   0.0000  0.7579  0.0000  0.0000  0.0000  0.0065  0.2356  0.0000  1
 89:   0.0000  0.0000  0.0000  0.0000  0.0000  0.0000  0.0000  1.0000  1
 90:   0.0030  0.0000  0.6020  0.0000  0.3951  0.0000  0.0000  0.0000  1
 91:   0.0000  0.6284  0.0000  0.0000  0.0000  0.0000  0.1619  0.2096  1
 92:   0.0000  0.2767  0.0000  0.0000  0.0324  0.1123  0.5787  0.0000  1
 93:   0.0000  0.0000  0.0000  1.0000  0.0000  0.0000  0.0000  0.0000  1
 94:   0.0000  0.0000  0.0000  1.0000  0.0000  0.0000  0.0000  0.0000  1
 95:   0.0000  0.4817  0.0000  0.0723  0.1400  0.0000  0.3060  0.0000  1
 96:   0.0291  0.0000  0.8679  0.0000  0.1030  0.0000  0.0000  0.0000  1
 97:   0.1310  0.0000  0.0314  0.0000  0.0000  0.0000  0.7750  0.0626  1
 98:   0.0306  0.5830  0.0534  0.0000  0.0000  0.0522  0.0000  0.2808  1
 99:   0.1617  0.6831  0.0000  0.0000  0.1552  0.0000  0.0000  0.0000  1
100:   0.8380  0.0000  0.0000  0.1013  0.0000  0.0000  0.0052  0.0555  1
101:   0.8180  0.0000  0.0429  0.0000  0.0882  0.0000  0.0000  0.0509  1
102:   0.0000  0.0000  0.2234  0.0505  0.6864  0.0000  0.0397  0.0000  1
103:   0.0000  0.0420  0.0000  0.0727  0.0000  0.1897  0.6727  0.0229  1
104:   0.2806  0.0447  0.4381  0.1994  0.0000  0.0000  0.0373  0.0000  1
105:   0.0000  0.0000  0.0000  0.0000  0.8363  0.1019  0.0618  0.0000  1
106:   0.2623  0.0000  0.1525  0.0000  0.5852  0.0000  0.0000  0.0000  1
107:   1.0000  0.0000  0.0000  0.0000  0.0000  0.0000  0.0000  0.0000  1
108:   0.0064  0.0054  0.9664  0.0217  0.0000  0.0000  0.0000  0.0000  1
109:   0.0000  0.0376  0.0000  0.0000  0.0761  0.0000  0.2032  0.6831  1
110:   0.0717  0.0000  0.6012  0.0308  0.2964  0.0000  0.0000  0.0000  1
111:   0.3333  0.0000  0.2153  0.0000  0.4514  0.0000  0.0000  0.0000  1
112:   0.0000  0.7922  0.0000  0.0000  0.0000  0.0353  0.0589  0.1136  1
113:   0.1107  0.5537  0.0000  0.0000  0.0649  0.0000  0.2706  0.0000  1
114:   0.2732  0.3612  0.0000  0.0152  0.0383  0.0000  0.1454  0.1668  1
115:   0.0024  0.2083  0.0029  0.0000  0.0000  0.0000  0.6668  0.1196  1
116:   0.6881  0.0000  0.0969  0.0356  0.0875  0.0692  0.0000  0.0227  1
117:   0.9023  0.0000  0.0000  0.0977  0.0000  0.0000  0.0000  0.0000  1
118:   0.1937  0.2934  0.0000  0.0000  0.0000  0.0000  0.5129  0.0000  1
119:   0.0000  0.0000  0.0000  0.1332  0.8668  0.0000  0.0000  0.0000  1
120:   0.5619  0.0000  0.0000  0.1086  0.3295  0.0000  0.0000  0.0000  1
121:   0.0000  0.0000  0.4994  0.0000  0.4505  0.0501  0.0000  0.0000  1
122:   0.4247  0.0000  0.0000  0.0000  0.5084  0.0000  0.0000  0.0669  1
123:   1.0000  0.0000  0.0000  0.0000  0.0000  0.0000  0.0000  0.0000  1
124:   0.0000  0.0547  0.0000  0.0000  0.0000  0.5280  0.2211  0.1962  1
125:   0.0000  0.5196  0.0476  0.0000  0.0187  0.0940  0.2146  0.1055  1
126:   0.3543  0.0000  0.1793  0.0000  0.4663  0.0000  0.0000  0.0000  1
127:   0.0000  0.6999  0.0000  0.0000  0.0000  0.0000  0.3001  0.0000  1
128:   0.0000  0.0000  0.0000  1.0000  0.0000  0.0000  0.0000  0.0000  1
129:   0.0000  0.0000  1.0000  0.0000  0.0000  0.0000  0.0000  0.0000  1
130:   0.0000  0.0000  0.0000  0.7880  0.2120  0.0000  0.0000  0.0000  1
131:   0.0000  0.0000  1.0000  0.0000  0.0000  0.0000  0.0000  0.0000  1
132:   0.0000  0.0000  0.0000  0.0000  0.0000  1.0000  0.0000  0.0000  1
133:   0.0000  0.0428  0.2209  0.7363  0.0000  0.0000  0.0000  0.0000  1
134:   0.0999  0.0000  0.0000  0.7192  0.1755  0.0000  0.0000  0.0054  1
135:   1.0000  0.0000  0.0000  0.0000  0.0000  0.0000  0.0000  0.0000  1
136:   0.0000  0.0000  0.0000  1.0000  0.0000  0.0000  0.0000  0.0000  1
137:   0.1529  0.0000  0.4540  0.0000  0.3931  0.0000  0.0000  0.0000  1
138:   0.0000  0.2046  0.0000  0.0000  0.0000  0.1697  0.5457  0.0800  1
139:   0.0000  0.2111  0.0785  0.7105  0.0000  0.0000  0.0000  0.0000  1
140:   0.2363  0.0000  0.4862  0.0509  0.0609  0.0000  0.1658  0.0000  1
141:   0.0000  0.0000  0.0000  0.0000  0.0000  0.0000  0.0000  1.0000  1
142:   0.0000  0.1249  0.0000  0.8279  0.0000  0.0000  0.0472  0.0000  1
143:   1.0000  0.0000  0.0000  0.0000  0.0000  0.0000  0.0000  0.0000  1
144:   0.0000  0.0000  0.0000  1.0000  0.0000  0.0000  0.0000  0.0000  1
145:   0.0000  0.0472  0.1483  0.8045  0.0000  0.0000  0.0000  0.0000  1
146:   0.0000  0.3448  0.0000  0.0901  0.0000  0.0000  0.5651  0.0000  1
147:   0.1760  0.2036  0.0000  0.0000  0.0000  0.0000  0.1768  0.4436  1
148:   0.0000  0.0000  0.0000  0.8704  0.0000  0.0000  0.0000  0.1296  1
149:   1.0000  0.0000  0.0000  0.0000  0.0000  0.0000  0.0000  0.0000  1
150:   1.0000  0.0000  0.0000  0.0000  0.0000  0.0000  0.0000  0.0000  1
151:   0.0000  1.0000  0.0000  0.0000  0.0000  0.0000  0.0000  0.0000  1
152:   0.6284  0.0455  0.0755  0.0206  0.0287  0.0000  0.2012  0.0000  1
153:   0.1766  0.0896  0.7313  0.0000  0.0025  0.0000  0.0000  0.0000  1
154:   0.4947  0.0000  0.4863  0.0190  0.0000  0.0000  0.0000  0.0000  1
155:   0.2717  0.0000  0.5478  0.1315  0.0160  0.0000  0.0330  0.0000  1
156:   0.1079  0.0000  0.7634  0.1287  0.0000  0.0000  0.0000  0.0000  1
157:   0.4235  0.0000  0.0000  0.0000  0.5765  0.0000  0.0000  0.0000  1
158:   0.0000  0.4264  0.0811  0.0000  0.0000  0.0166  0.4758  0.0000  1
159:   0.0205  0.1472  0.6113  0.0000  0.0000  0.2066  0.0000  0.0145  1
160:   0.0000  0.0000  0.0000  1.0000  0.0000  0.0000  0.0000  0.0000  1
161:   0.1750  0.1569  0.0492  0.0229  0.0000  0.1323  0.1600  0.3036  1
162:   0.0000  1.0000  0.0000  0.0000  0.0000  0.0000  0.0000  0.0000  1
163:   0.0000  0.0000  0.0615  0.8670  0.0714  0.0000  0.0000  0.0000  1
164:   0.0000  0.0000  0.0000  1.0000  0.0000  0.0000  0.0000  0.0000  1
165:   0.0216  0.0813  0.0000  0.0000  0.2980  0.5067  0.0925  0.0000  1
166:   0.1168  0.0000  0.4722  0.0000  0.4111  0.0000  0.0000  0.0000  1
167:   1.0000  0.0000  0.0000  0.0000  0.0000  0.0000  0.0000  0.0000  1
168:   0.2846  0.2445  0.0000  0.0677  0.0000  0.0730  0.1368  0.1933  1
169:   0.9507  0.0000  0.0000  0.0000  0.0493  0.0000  0.0000  0.0000  1
170:   0.0000  0.3227  0.1750  0.0000  0.0000  0.0000  0.1168  0.3855  1
171:   0.0183  0.0000  0.0000  0.0000  0.6596  0.0000  0.0000  0.3221  1
172:   0.3531  0.0000  0.6121  0.0000  0.0000  0.0348  0.0000  0.0000  1
173:   0.0434  0.0000  0.0217  0.8576  0.0772  0.0000  0.0000  0.0000  1
174:   0.5155  0.0000  0.4845  0.0000  0.0000  0.0000  0.0000  0.0000  1
175:   0.0000  0.0000  0.1365  0.2416  0.6219  0.0000  0.0000  0.0000  1
176:   0.1704  0.1626  0.4252  0.0370  0.0000  0.0000  0.2049  0.0000  1
177:   0.0000  0.0000  0.0000  1.0000  0.0000  0.0000  0.0000  0.0000  1
178:   0.7540  0.0000  0.0000  0.1265  0.0000  0.0000  0.0000  0.1195  1
179:   0.5834  0.2676  0.1282  0.0000  0.0000  0.0000  0.0000  0.0208  1
180:   0.4828  0.0000  0.0000  0.0000  0.3323  0.1466  0.0000  0.0384  1
181:   1.0000  0.0000  0.0000  0.0000  0.0000  0.0000  0.0000  0.0000  1
182:   0.8464  0.0000  0.0983  0.0000  0.0554  0.0000  0.0000  0.0000  1
183:   0.0000  0.0000  0.0000  1.0000  0.0000  0.0000  0.0000  0.0000  1
184:   0.0075  0.4747  0.2542  0.2392  0.0000  0.0192  0.0000  0.0052  1
185:   1.0000  0.0000  0.0000  0.0000  0.0000  0.0000  0.0000  0.0000  1
186:   0.3254  0.0000  0.0000  0.0000  0.6746  0.0000  0.0000  0.0000  1
187:   0.1183  0.0000  0.0000  0.0000  0.0000  0.0084  0.0000  0.8733  1
188:   0.0000  0.0000  0.0000  0.1953  0.0000  0.0000  0.1719  0.6329  1
189:   0.0587  0.2446  0.0000  0.0000  0.0000  0.4225  0.2355  0.0386  1
190:   1.0000  0.0000  0.0000  0.0000  0.0000  0.0000  0.0000  0.0000  1
191:   0.0000  0.0000  0.0000  1.0000  0.0000  0.0000  0.0000  0.0000  1
192:   0.0000  0.0000  0.0000  0.0000  0.0000  0.0523  0.6956  0.2521  1
193:   0.0000  0.0000  0.3373  0.6627  0.0000  0.0000  0.0000  0.0000  1
194:   0.9202  0.0000  0.0000  0.0000  0.0000  0.0000  0.0000  0.0798  1
195:   0.0000  0.9971  0.0000  0.0000  0.0000  0.0000  0.0000  0.0029  1
196:   0.0000  0.0000  0.2650  0.0000  0.6296  0.0160  0.0880  0.0014  1
197:   0.0000  0.3572  0.0000  0.4182  0.0000  0.0000  0.2246  0.0000  1
198:   1.0000  0.0000  0.0000  0.0000  0.0000  0.0000  0.0000  0.0000  1
199:   0.7352  0.0000  0.0000  0.0000  0.0000  0.0000  0.0000  0.2648  1
200:   0.0000  0.7031  0.1391  0.0000  0.0000  0.0354  0.1223  0.0000  1
201:   0.4959  0.4583  0.0000  0.0000  0.0000  0.0075  0.0383  0.0000  1
202:   0.0000  0.0000  0.0000  1.0000  0.0000  0.0000  0.0000  0.0000  1
203:   0.0000  0.0000  0.0000  1.0000  0.0000  0.0000  0.0000  0.0000  1
204:   0.0000  0.0000  0.0000  1.0000  0.0000  0.0000  0.0000  0.0000  1
205:   0.5384  0.0000  0.0000  0.2975  0.0000  0.1641  0.0000  0.0000  1
206:   0.0000  0.1000  0.1096  0.0000  0.0000  0.0198  0.7706  0.0000  1
207:   0.0000  0.1454  0.7449  0.0000  0.0000  0.0000  0.1097  0.0000  1
208:   0.0000  0.3061  0.0000  0.5764  0.1032  0.0000  0.0143  0.0000  1
209:   0.6932  0.0000  0.3068  0.0000  0.0000  0.0000  0.0000  0.0000  1
210:   0.0000  0.0000  0.0000  1.0000  0.0000  0.0000  0.0000  0.0000  1
211:   0.0000  0.0000  0.0000  0.8718  0.0000  0.0000  0.0000  0.1282  1
212:   0.0000  0.6000  0.0000  0.0000  0.0000  0.0581  0.3419  0.0000  1
213:   0.0000  0.0000  0.0000  1.0000  0.0000  0.0000  0.0000  0.0000  1
214:   0.0000  0.2129  0.0000  0.0008  0.0000  0.0000  0.5390  0.2473  1
215:   0.0000  0.0900  0.1029  0.8071  0.0000  0.0000  0.0000  0.0000  1
216:   0.0000  0.0000  0.0000  0.0000  0.0000  0.7726  0.0976  0.1298  1
217:   0.0000  0.0000  0.0000  1.0000  0.0000  0.0000  0.0000  0.0000  1
218:   0.0248  0.0000  0.0000  0.0000  0.0000  0.0000  0.5223  0.4529  1
219:   0.0968  0.1914  0.0000  0.0000  0.4218  0.0000  0.0000  0.2900  1
220:   0.0000  0.0000  0.0000  0.6390  0.3258  0.0000  0.0000  0.0353  1
221:   0.0000  0.0000  0.0000  0.9019  0.0981  0.0000  0.0000  0.0000  1
222:   0.0000  0.0000  0.0000  1.0000  0.0000  0.0000  0.0000  0.0000  1
223:   0.5871  0.0292  0.2414  0.0000  0.1423  0.0000  0.0000  0.0000  1
224:   0.0000  0.0000  0.0000  1.0000  0.0000  0.0000  0.0000  0.0000  1
225:   0.0000  0.0000  0.0000  1.0000  0.0000  0.0000  0.0000  0.0000  1
226:   0.0000  0.0000  0.0000  0.8045  0.0000  0.0000  0.0000  0.1955  1
227:   0.0000  0.0000  0.0000  0.9585  0.0000  0.0000  0.0415  0.0000  1
228:   0.0000  0.3999  0.0000  0.0000  0.0621  0.0000  0.5380  0.0000  1
229:   0.0000  0.9998  0.0000  0.0000  0.0002  0.0000  0.0000  0.0000  1
230:   0.7897  0.0000  0.1417  0.0280  0.0000  0.0406  0.0000  0.0000  1
