  1:   0.0000  0.0000  0.0000  0.0000  0.0000  0.0000  0.0000  0.0000  1.0000  1
  2:   0.4011  0.0000  0.0000  0.0000  0.0000  0.0000  0.5989  0.0000  0.0000  1
  3:   0.0000  0.0000  0.0000  0.0000  0.0000  1.0000  0.0000  0.0000  0.0000  1
  4:   0.3792  0.0000  0.0218  0.0000  0.0000  0.0339  0.5651  0.0000  0.0000  1
  5:   0.3925  0.0000  0.0000  0.0000  0.0000  0.0000  0.6075  0.0000  0.0000  1
  6:   0.0000  0.5335  0.0000  0.2690  0.0000  0.0000  0.0000  0.1974  0.0000  1
  7:   0.0505  0.0134  0.0000  0.2847  0.0000  0.0000  0.0000  0.6514  0.0000  1
  8:   0.0333  0.0000  0.8002  0.0000  0.0000  0.0000  0.1664  0.0000  0.0000  1
  9:   0.0000  0.0000  0.0000  0.0000  0.0000  1.0000  0.0000  0.0000  0.0000  1
 10:   0.0000  1.0000  0.0000  0.0000  0.0000  0.0000  0.0000  0.0000  0.0000  1
 11:   0.0631  0.0000  0.0132  0.0000  0.0000  0.3139  0.6098  0.0000  0.0000  1
 12:   0.2224  0.0000  0.1215  0.0000  0.0000  0.0543  0.6019  0.0000  0.0000  1
 13:   0.2516  0.0000  0.0760  0.0000  0.0000  0.0000  0.6724  0.0000  0.0000  1
 14:   0.0000  0.0000  0.0000  0.0000  1.0000  0.0000  0.0000  0.0000  0.0000  1
 15:   0.0968  0.0000  0.5038  0.0000  0.0000  0.3995  0.0000  0.0000  0.0000  1
 16:   0.0000  0.0432  0.0000  0.7651  0.0000  0.0000  0.0000  0.1916  0.0000  1
 17:   0.3256  0.0000  0.0100  0.0000  0.0000  0.0000  0.6510  0.0000  0.0134  1
 18:   0.3196  0.0000  0.0000  0.0000  0.0000  0.1317  0.5487  0.0000  0.0000  1
 19:   0.0000  0.0000  0.0000  0.3399  0.1020  0.0000  0.0000  0.5581  0.0000  1
 20:   0.2562  0.0000  0.2861  0.0000  0.0000  0.0427  0.4150  0.0000  0.0000  1
 21:   0.2645  0.0000  0.0000  0.0000  0.0000  0.2817  0.4538  0.0000  0.0000  1
 22:   0.0000  0.0000  0.0000  0.0000  0.0000  1.0000  0.0000  0.0000  0.0000  1
 23:   0.0000  0.1831  0.0000  0.8169  0.0000  0.0000  0.0000  0.0000  0.0000  1
 24:   0.0000  0.0267  0.0000  0.4819  0.0000  0.0000  0.0000  0.4913  0.0000  1
 25:   0.2209  0.0000  0.0640  0.0000  0.0000  0.5766  0.1386  0.0000  0.0000  1
 26:   0.0000  0.0000  0.0000  0.0000  1.0000  0.0000  0.0000  0.0000  0.0000  1
 27:   0.1745  0.0000  0.1270  0.0000  0.0000  0.2727  0.4258  0.0000  0.0000  1
 28:   0.0000  0.0912  0.0000  0.2787  0.0000  0.0000  0.0000  0.6301  0.0000  1
 29:   0.3040  0.0000  0.0363  0.0000  0.0000  0.0000  0.6597  0.0000  0.0000  1
 30:   0.4821  0.0000  0.0000  0.0000  0.0000  0.0933  0.4247  0.0000  0.0000  1
 31:   0.2210  0.0000  0.0000  0.0000  0.0000  0.0000  0.0000  0.0000  0.7790  1
 32:   0.0000  0.9588  0.0000  0.0000  0.0000  0.0000  0.0412  0.0000  0.0000  1
 33:   0.1791  0.1559  0.0000  0.1265  0.0000  0.0000  0.0000  0.5385  0.0000  1
 34:   0.0000  1.0000  0.0000  0.0000  0.0000  0.0000  0.0000  0.0000  0.0000  1
 35:   0.0000  0.0000  0.0268  0.6524  0.0688  0.0234  0.0000  0.2286  0.0000  1
 36:   0.0000  0.0000  0.0000  0.0000  1.0000  0.0000  0.0000  0.0000  0.0000  1
 37:   0.0551  0.3999  0.0441  0.1441  0.2566  0.0000  0.0000  0.1001  0.0000  1
 38:   0.0383  0.0000  0.3381  0.0000  0.0000  0.0000  0.6236  0.0000  0.0000  1
 39:   0.1560  0.0713  0.0000  0.2765  0.0000  0.0000  0.0000  0.4963  0.0000  1
 40:   0.0000  0.0000  0.5695  0.0000  0.0000  0.4305  0.0000  0.0000  0.0000  1
 41:   0.0000  0.0000  0.0582  0.0000  0.0000  0.4246  0.5172  0.0000  0.0000  1
 42:   0.1542  0.0000  0.0000  0.0000  0.0000  0.0918  0.7540  0.0000  0.0000  1
 43:   0.8205  0.0000  0.1795  0.0000  0.0000  0.0000  0.0000  0.0000  0.0000  1
 44:   0.0000  0.5692  0.0000  0.0000  0.2412  0.1897  0.0000  0.0000  0.0000  1
 45:   0.0000  0.0000  0.0000  0.0000  1.0000  0.0000  0.0000  0.0000  0.0000  1
 46:   0.0000  0.0000  0.0000  0.0000  0.0000  0.6606  0.3394  0.0000  0.0000  1
 47:   0.0000  0.0221  0.0000  0.8010  0.0000  0.0000  0.0000  0.0836  0.0933  1
 48:   0.0096  0.7751  0.0000  0.1276  0.0000  0.0000  0.0000  0.0877  0.0000  1
 49:   0.0000  0.0000  0.0000  0.3359  0.2155  0.0000  0.0000  0.4485  0.0001  1
 50:   0.1470  0.0000  0.0000  0.0000  0.8530  0.0000  0.0000  0.0000  0.0000  1
 51:   0.0000  0.0000  0.0000  0.0000  0.0000  1.0000  0.0000  0.0000  0.0000  1
 52:   0.2670  0.0000  0.2333  0.0000  0.0000  0.0000  0.4998  0.0000  0.0000  1
 53:   0.0000  1.0000  0.0000  0.0000  0.0000  0.0000  0.0000  0.0000  0.0000  1
 54:   0.0000  0.0000  0.0000  0.0000  0.0000  0.0000  0.0000  0.0000  1.0000  1
 55:   0.0000  0.0000  0.0000  0.6039  0.0000  0.0000  0.0000  0.3961  0.0000  1
 56:   0.0000  0.0000  0.0000  0.0000  0.0000  0.0000  0.0000  0.0000  1.0000  1
 57:   0.0000  1.0000  0.0000  0.0000  0.0000  0.0000  0.0000  0.0000  0.0000  1
 58:   0.0000  0.0000  0.0000  0.0000  1.0000  0.0000  0.0000  0.0000  0.0000  1
 59:   0.0000  0.0000  0.3130  0.0000  0.0000  0.1050  0.5820  0.0000  0.0000  1
 60:   0.0000  0.8876  0.0000  0.0000  0.0000  0.0000  0.0000  0.1124  0.0000  1
 61:   0.0000  1.0000  0.0000  0.0000  0.0000  0.0000  0.0000  0.0000  0.0000  1
 62:   0.3216  0.0000  0.1801  0.0000  0.0000  0.0127  0.4856  0.0000  0.0000  1
 63:   0.0000  0.3722  0.0000  0.4061  0.0000  0.0000  0.0205  0.1860  0.0152  1
 64:   0.0000  0.1287  0.0000  0.5702  0.0000  0.0000  0.0000  0.3011  0.0000  1
 65:   0.0455  0.7788  0.0000  0.0000  0.0736  0.0000  0.0000  0.0000  0.1021  1
 66:   1.0000  0.0000  0.0000  0.0000  0.0000  0.0000  0.0000  0.0000  0.0000  1
 67:   0.0000  0.0000  0.0000  0.0000  0.0000  0.0000  0.0000  0.0000  1.0000  1
 68:   0.0000  0.0000  0.0000  0.0000  0.0000  0.0000  0.0000  0.0000  1.0000  1
 69:   0.0000  1.0000  0.0000  0.0000  0.0000  0.0000  0.0000  0.0000  0.0000  1
 70:   0.0000  0.8733  0.0000  0.0000  0.1267  0.0000  0.0000  0.0000  0.0000  1
 71:   1.0000  0.0000  0.0000  0.0000  0.0000  0.0000  0.0000  0.0000  0.0000  1
 72:   0.2632  0.0000  0.0000  0.0000  0.0000  0.5201  0.1685  0.0000  0.0482  1
 73:   0.2496  0.0000  0.1698  0.0000  0.0000  0.3480  0.1892  0.0433  0.0000  1
 74:   0.0000  1.0000  0.0000  0.0000  0.0000  0.0000  0.0000  0.0000  0.0000  1
 75:   0.0000  0.7012  0.0000  0.2986  0.0000  0.0000  0.0002  0.0000  0.0000  1
 76:   0.0000  1.0000  0.0000  0.0000  0.0000  0.0000  0.0000  0.0000  0.0000  1
 77:   0.5056  0.0070  0.1302  0.0000  0.0000  0.0000  0.3571  0.0000  0.0000  1
 78:   0.0000  0.0000  0.0000  0.0000  0.0000  0.0000  0.0000  0.0000  1.0000  1
 79:   0.0000  1.0000  0.0000  0.0000  0.0000  0.0000  0.0000  0.0000  0.0000  1
 80:   0.0000  0.0000  0.0286  0.0000  0.0000  0.0000  0.9714  0.0000  0.0000  1
 81:   0.0000  0.0000  0.0000  0.0000  0.0000  0.0000  0.0000  0.0000  1.0000  1
 82:   0.0000  0.0000  0.0000  0.7147  0.0000  0.0000  0.0000  0.2853  0.0000  1
 83:   0.0000  0.0000  0.0000  0.0000  0.0000  0.0000  0.0000  1.0000  0.0000  1
 84:   0.0000  0.7022  0.2277  0.0000  0.0701  0.0000  0.0000  0.0000  0.0000  1
 85:   0.0000  0.8532  0.0000  0.0000  0.0000  0.0000  0.0000  0.1468  0.0000  1
 86:   0.0634  0.0000  0.0000  0.5926  0.0000  0.0000  0.0000  0.3440  0.0000  1
 87:   0.2818  0.2323  0.1541  0.0000  0.0000  0.0002  0.3315  0.0000  0.0000  1
 88:   0.0000  0.0000  0.0000  0.3253  0.0312  0.0000  0.0000  0.6435  0.0000  1
 89:   0.0000  1.0000  0.0000  0.0000  0.0000  0.0000  0.0000  0.0000  0.0000  1
 90:   0.7743  0.0000  0.0264  0.0000  0.0000  0.0000  0.1993  0.0000  0.0000  1
 91:   0.0000  0.1812  0.0000  0.1988  0.0000  0.0000  0.0000  0.6201  0.0000  1
 92:   0.0000  0.0000  0.0000  1.0000  0.0000  0.0000  0.0000  0.0000  0.0000  1
 93:   0.0000  0.0000  0.0000  0.0000  0.0000  0.0000  0.0000  0.0000  1.0000  1
 94:   0.0000  0.0000  0.0000  0.0000  0.0000  0.0000  0.0000  0.0000  1.0000  1
 95:   0.0000  0.0000  0.0000  0.7825  0.0000  0.0969  0.0000  0.0000  0.1205  1
 96:   0.0000  0.0000  0.0997  0.0000  0.0000  0.1513  0.7490  0.0000  0.0000  1
 97:   0.0000  0.0700  0.2034  0.7266  0.0000  0.0000  0.0000  0.0000  0.0000  1
 98:   0.2974  0.3291  0.0000  0.0000  0.0425  0.0000  0.0000  0.3310  0.0000  1
 99:   0.0656  0.0000  0.2854  0.1400  0.0003  0.1546  0.0000  0.3540  0.0000  1
100:   0.0000  0.1154  0.8289  0.0000  0.0000  0.0000  0.0000  0.0000  0.0558  1
101:   0.0000  0.1954  0.3329  0.0000  0.0000  0.2455  0.2262  0.0000  0.0000  1
102:   1.0000  0.0000  0.0000  0.0000  0.0000  0.0000  0.0000  0.0000  0.0000  1
103:   0.0000  0.0000  0.0000  0.3418  0.3069  0.0000  0.0000  0.2130  0.1383  1
104:   0.0000  0.0000  0.2674  0.0958  0.0000  0.0000  0.4867  0.0000  0.1501  1
105:   0.0000  0.0000  0.0000  0.0459  0.1252  0.8289  0.0000  0.0000  0.0000  1
106:   0.3942  0.0000  0.1630  0.0000  0.0000  0.4427  0.0000  0.0000  0.0000  1
107:   0.0000  0.0000  1.0000  0.0000  0.0000  0.0000  0.0000  0.0000  0.0000  1
108:   0.3139  0.0000  0.0000  0.0000  0.0000  0.0000  0.6861  0.0000  0.0000  1
109:   0.0273  0.6693  0.0000  0.1824  0.0000  0.0757  0.0000  0.0453  0.0000  1
110:   0.4322  0.0000  0.0000  0.0000  0.0000  0.0930  0.4748  0.0000  0.0000  1
111:   0.1305  0.0000  0.2934  0.0000  0.0000  0.4860  0.0901  0.0000  0.0000  1
112:   0.0000  0.1863  0.0000  0.5664  0.0590  0.0000  0.0000  0.1884  0.0000  1
113:   0.2688  0.0000  0.0000  0.1899  0.0000  0.0000  0.0000  0.5414  0.0000  1
114:   0.0000  0.2054  0.2395  0.1910  0.0000  0.0768  0.0000  0.2602  0.0271  1
115:   0.0000  0.0000  0.0000  1.0000  0.0000  0.0000  0.0000  0.0000  0.0000  1
116:   0.0000  0.0000  0.4781  0.0000  0.1219  0.2105  0.1525  0.0000  0.0370  1
117:   0.0000  0.0000  0.9153  0.0000  0.0000  0.0000  0.0000  0.0000  0.0847  1
118:   0.0000  0.0000  0.1778  0.0000  0.0000  0.0000  0.0000  0.8222  0.0000  1
119:   1.0000  0.0000  0.0000  0.0000  0.0000  0.0000  0.0000  0.0000  0.0000  1
120:   0.0000  0.0000  0.5924  0.0000  0.0000  0.2896  0.0000  0.0000  0.1180  1
121:   0.0823  0.0000  0.0000  0.0000  0.0263  0.3695  0.4562  0.0657  0.0000  1
122:   0.0000  0.0479  0.3516  0.0000  0.0154  0.5851  0.0000  0.0000  0.0000  1
123:   0.0000  0.0000  1.0000  0.0000  0.0000  0.0000  0.0000  0.0000  0.0000  1
124:   0.0000  0.1734  0.0000  0.0000  0.4793  0.0000  0.0000  0.3472  0.0000  1
125:   0.1496  0.1162  0.0000  0.5385  0.0808  0.0000  0.0000  0.1149  0.0000  1
126:   0.0000  0.0000  0.3453  0.0000  0.0000  0.3750  0.2797  0.0000  0.0000  1
127:   0.0000  0.0000  0.0000  1.0000  0.0000  0.0000  0.0000  0.0000  0.0000  1
128:   0.0000  0.0000  0.0000  0.0000  0.0000  0.0000  0.0000  0.0000  1.0000  1
129:   0.0000  0.0000  0.0000  0.0000  0.0000  0.0000  1.0000  0.0000  0.0000  1
130:   0.0000  0.0000  0.0000  0.0000  0.0000  0.2233  0.0000  0.0000  0.7767  1
131:   0.1708  0.0000  0.0000  0.0000  0.0000  0.0000  0.8292  0.0000  0.0000  1
132:   0.0000  0.0000  0.0000  0.0000  1.0000  0.0000  0.0000  0.0000  0.0000  1
133:   0.0000  0.0000  0.0000  0.0000  0.0000  0.0000  0.4090  0.0000  0.5910  1
134:   0.3022  0.0062  0.0000  0.0000  0.0000  0.0000  0.0000  0.0000  0.6916  1
135:   0.0000  0.0000  1.0000  0.0000  0.0000  0.0000  0.0000  0.0000  0.0000  1
136:   0.0000  0.0000  0.0000  0.0000  0.0000  0.0000  0.0000  0.0000  1.0000  1
137:   0.7330  0.0000  0.1943  0.0000  0.0000  0.0726  0.0000  0.0000  0.0000  1
138:   0.0000  0.0000  0.0000  0.8945  0.1055  0.0000  0.0000  0.0000  0.0000  1
139:   0.4372  0.0000  0.0000  0.0000  0.0000  0.0000  0.0000  0.0000  0.5628  1
140:   0.2027  0.0000  0.2791  0.1862  0.0000  0.0000  0.3319  0.0000  0.0000  1
141:   0.0000  1.0000  0.0000  0.0000  0.0000  0.0000  0.0000  0.0000  0.0000  1
142:   0.2331  0.0000  0.0000  0.0000  0.0000  0.0000  0.0000  0.1022  0.6647  1
143:   0.0000  0.0000  1.0000  0.0000  0.0000  0.0000  0.0000  0.0000  0.0000  1
144:   0.0000  0.0000  0.0000  0.0000  0.0000  0.0000  0.0000  0.0000  1.0000  1
145:   0.2914  0.0000  0.0000  0.0000  0.0000  0.0000  0.0000  0.0000  0.7086  1
146:   0.0000  0.0000  0.0000  0.9501  0.0000  0.0000  0.0000  0.0000  0.0499  1
147:   0.3336  0.5258  0.0228  0.0000  0.0000  0.0000  0.0000  0.1178  0.0000  1
148:   0.0000  0.0000  0.0000  0.0000  0.0000  0.0000  0.0000  0.0000  1.0000  1
149:   0.0000  0.0000  1.0000  0.0000  0.0000  0.0000  0.0000  0.0000  0.0000  1
150:   0.0000  0.0000  1.0000  0.0000  0.0000  0.0000  0.0000  0.0000  0.0000  1
151:   0.2577  0.0000  0.0000  0.4368  0.0000  0.0000  0.0000  0.3055  0.0000  1
152:   0.0000  0.0000  0.0577  0.3246  0.0000  0.1200  0.3609  0.0000  0.1368  1
153:   0.5392  0.0000  0.3197  0.0000  0.0000  0.0000  0.1411  0.0000  0.0000  1
154:   0.1297  0.0000  0.4859  0.0000  0.0000  0.0000  0.3838  0.0000  0.0007  1
155:   0.0000  0.0000  0.1490  0.0000  0.0000  0.0000  0.8510  0.0000  0.0000  1
156:   0.6145  0.0000  0.1904  0.0000  0.0000  0.0000  0.1951  0.0000  0.0000  1
157:   0.0000  0.0000  0.2048  0.0000  0.0000  0.7952  0.0000  0.0000  0.0000  1
158:   0.0000  0.0000  0.0000  0.0000  0.2196  0.0000  0.0000  0.7804  0.0000  1
159:   0.0000  0.0000  0.0000  0.0000  0.1394  0.0000  0.6809  0.1797  0.0000  1
160:   0.0000  0.0000  0.0000  0.0000  0.0000  0.0000  0.0000  0.0000  1.0000  1
161:   0.3297  0.2425  0.0000  0.0000  0.0000  0.0000  0.0000  0.4278  0.0000  1
162:   0.0000  0.0000  0.0000  0.0000  0.0000  0.0000  0.0000  1.0000  0.0000  1
163:   0.6622  0.0000  0.0000  0.0000  0.0000  0.0000  0.0000  0.0000  0.3378  1
164:   0.0000  0.0000  0.0000  0.0000  0.0000  0.0000  0.0000  0.0000  1.0000  1
165:   0.0000  0.0000  0.0000  0.0000  0.3760  0.0665  0.0000  0.5575  0.0000  1
166:   0.8434  0.0000  0.1566  0.0000  0.0000  0.0000  0.0000  0.0000  0.0000  1
167:   0.0000  0.0000  1.0000  0.0000  0.0000  0.0000  0.0000  0.0000  0.0000  1
168:   0.0000  0.0615  0.2461  0.6471  0.0374  0.0000  0.0000  0.0000  0.0079  1
169:   0.0000  0.0000  1.0000  0.0000  0.0000  0.0000  0.0000  0.0000  0.0000  1
170:   0.1740  0.2433  0.0000  0.0000  0.0000  0.0000  0.0000  0.5827  0.0000  1
171:   0.2659  0.3485  0.0000  0.0000  0.0000  0.3857  0.0000  0.0000  0.0000  1
172:   0.0000  0.0000  0.0000  0.0000  0.0000  0.0000  1.0000  0.0000  0.0000  1
173:   0.4790  0.0000  0.0000  0.0000  0.0000  0.0000  0.0000  0.0000  0.5210  1
174:   0.4036  0.0000  0.5964  0.0000  0.0000  0.0000  0.0000  0.0000  0.0000  1
175:   0.0623  0.0000  0.0000  0.0000  0.0000  0.6512  0.0118  0.0000  0.2747  1
176:   0.1299  0.0000  0.2864  0.4378  0.0000  0.0000  0.1459  0.0000  0.0000  1
177:   0.0000  0.0000  0.0000  0.0000  0.0000  0.0000  0.1813  0.0000  0.8187  1
178:   0.0000  0.1898  0.6479  0.0000  0.0000  0.0000  0.0000  0.0000  0.1623  1
179:   0.0000  0.0000  0.4774  0.0000  0.0000  0.0000  0.0000  0.5226  0.0000  1
180:   0.0000  0.0457  0.2830  0.0000  0.1852  0.4833  0.0027  0.0000  0.0000  1
181:   0.0000  0.0000  1.0000  0.0000  0.0000  0.0000  0.0000  0.0000  0.0000  1
182:   0.0000  0.0000  1.0000  0.0000  0.0000  0.0000  0.0000  0.0000  0.0000  1
183:   0.0000  0.0000  0.0000  0.0000  0.0000  0.0000  0.0000  0.0000  1.0000  1
184:   0.0000  0.0000  0.0000  0.0000  0.0000  0.0000  0.0000  0.6697  0.3303  1
185:   0.0000  0.0000  1.0000  0.0000  0.0000  0.0000  0.0000  0.0000  0.0000  1
186:   0.0000  0.0000  0.0225  0.0000  0.0068  0.7386  0.2321  0.0000  0.0000  1
187:   0.0000  0.8846  0.1154  0.0000  0.0000  0.0000  0.0000  0.0000  0.0000  1
188:   0.0000  0.6198  0.0000  0.2758  0.0000  0.0000  0.0000  0.0000  0.1045  1
189:   0.0000  0.0000  0.0000  0.0000  0.4327  0.0000  0.0000  0.5673  0.0000  1
190:   0.0000  0.0000  1.0000  0.0000  0.0000  0.0000  0.0000  0.0000  0.0000  1
191:   0.0000  0.0000  0.0000  0.0000  0.0000  0.0000  0.0000  0.0000  1.0000  1
192:   0.1810  0.2632  0.0000  0.4274  0.1283  0.0000  0.0000  0.0000  0.0000  1
193:   0.0000  0.0000  0.0000  0.0000  0.0000  0.0000  0.2801  0.0000  0.7199  1
194:   0.0000  0.1151  0.8849  0.0000  0.0000  0.0000  0.0000  0.0000  0.0000  1
195:   0.0000  0.0000  0.0000  0.0000  0.0000  0.0000  0.0000  1.0000  0.0000  1
196:   0.3016  0.0000  0.0000  0.0000  0.0000  0.5104  0.1880  0.0000  0.0000  1
197:   0.0000  0.0000  0.0000  0.0000  0.0000  0.0000  0.0000  0.6212  0.3788  1
198:   0.0000  0.0000  1.0000  0.0000  0.0000  0.0000  0.0000  0.0000  0.0000  1
199:   0.0003  0.2445  0.7526  0.0000  0.0000  0.0000  0.0000  0.0026  0.0000  1
200:   0.0000  0.0000  0.0000  0.0000  0.0000  0.0000  0.0000  1.0000  0.0000  1
201:   0.0000  0.0000  0.0000  0.0000  0.0000  0.0000  0.0000  1.0000  0.0000  1
202:   0.0000  0.0000  0.0000  0.0000  0.0000  0.0000  0.0000  0.0000  1.0000  1
203:   0.0000  0.0000  0.0000  0.0000  0.0000  0.0000  0.0000  0.0000  1.0000  1
204:   0.0000  0.0000  0.0000  0.0000  0.0000  0.0000  0.0000  0.0000  1.0000  1
205:   0.0000  0.0000  0.4329  0.0000  0.1315  0.0000  0.0000  0.0282  0.4074  1
206:   0.0000  0.0000  0.0000  0.7190  0.0000  0.0000  0.2810  0.0000  0.0000  1
207:   0.0000  0.0000  0.0949  0.0000  0.0000  0.0000  0.5675  0.3376  0.0000  1
208:   0.0332  0.0000  0.0000  0.0000  0.0000  0.0000  0.0000  0.4269  0.5399  1
209:   0.0000  0.0000  0.7210  0.0000  0.0000  0.0000  0.2790  0.0000  0.0000  1
210:   0.0000  0.0000  0.0000  0.0000  0.0000  0.0000  0.0000  0.0000  1.0000  1
211:   0.0000  0.1220  0.0000  0.0000  0.0000  0.0000  0.0000  0.0000  0.8780  1
212:   0.0000  0.0000  0.0000  0.0000  0.0000  0.0000  0.0000  1.0000  0.0000  1
213:   0.0000  0.0000  0.0000  0.0000  0.0000  0.0000  0.0000  0.0000  1.0000  1
214:   0.0000  0.3515  0.0228  0.5300  0.0000  0.0000  0.0000  0.0000  0.0957  1
215:   0.0000  0.0000  0.0000  0.0000  0.0000  0.0000  0.0000  0.3421  0.6579  1
216:   0.0000  0.1757  0.0000  0.0222  0.8021  0.0000  0.0000  0.0000  0.0000  1
217:   0.0000  0.0000  0.0000  0.0000  0.0000  0.0000  0.0000  0.0000  1.0000  1
218:   0.1634  0.3836  0.0000  0.4531  0.0000  0.0000  0.0000  0.0000  0.0000  1
219:   0.0000  0.0000  0.0000  0.0000  0.0000  0.0000  0.0000  1.0000  0.0000  1
220:   0.0000  0.0187  0.0000  0.0000  0.0000  0.3379  0.0000  0.0000  0.6434  1
221:   0.0000  0.0000  0.0000  0.0000  0.0000  0.0927  0.0000  0.0000  0.9073  1
222:   0.0000  0.0000  0.0000  0.0000  0.0000  0.0000  0.0000  0.0000  1.0000  1
223:   0.4757  0.0000  0.5243  0.0000  0.0000  0.0000  0.0000  0.0000  0.0000  1
224:   0.0000  0.0000  0.0000  0.0000  0.0000  0.0000  0.0000  0.0000  1.0000  1
225:   0.0000  0.0000  0.0000  0.0000  0.0000  0.0000  0.0000  0.0000  1.0000  1
226:   0.0000  0.2054  0.0000  0.0000  0.0000  0.0000  0.0000  0.0000  0.7946  1
227:   0.0000  0.0000  0.0000  0.2030  0.0000  0.0000  0.0000  0.0000  0.7970  1
228:   0.0000  0.0000  0.0000  0.9142  0.0000  0.0858  0.0000  0.0000  0.0000  1
229:   0.0000  0.0000  0.0000  0.0000  0.0000  0.0000  0.0000  1.0000  0.0000  1
230:   0.0000  0.0000  1.0000  0.0000  0.0000  0.0000  0.0000  0.0000  0.0000  1

  1:   0.0000  0.0000  0.0000  0.0000  0.0000  0.0000  0.0000  0.0000  1.0000  1
  2:   0.4898  0.0000  0.0000  0.0000  0.0000  0.0000  0.5102  0.0000  0.0000  1
  3:   0.0000  0.0000  0.0000  0.0000  0.0000  1.0000  0.0000  0.0000  0.0000  1
  4:   0.4791  0.0000  0.0000  0.0000  0.0000  0.0000  0.3805  0.1404  0.0000  1
  5:   0.4505  0.0000  0.0000  0.0000  0.0000  0.0000  0.5495  0.0000  0.0000  1
  6:   0.0000  0.5506  0.0000  0.3771  0.0000  0.0000  0.0000  0.0723  0.0000  1
  7:   0.0000  0.0280  0.0000  0.8916  0.0000  0.0615  0.0000  0.0190  0.0000  1
  8:   0.0000  0.0000  0.7491  0.0000  0.0000  0.2509  0.0000  0.0000  0.0000  1
  9:   0.0000  0.0000  0.0000  0.0000  0.0000  1.0000  0.0000  0.0000  0.0000  1
 10:   0.0000  1.0000  0.0000  0.0000  0.0000  0.0000  0.0000  0.0000  0.0000  1
 11:   0.4065  0.0000  0.0000  0.0000  0.0000  0.2498  0.3438  0.0000  0.0000  1
 12:   0.5658  0.0000  0.0038  0.0000  0.0000  0.0000  0.4304  0.0000  0.0000  1
 13:   0.4702  0.0000  0.0000  0.0000  0.0000  0.0000  0.5298  0.0000  0.0000  1
 14:   0.0000  0.0000  0.0000  0.0000  1.0000  0.0000  0.0000  0.0000  0.0000  1
 15:   0.0325  0.0000  0.2794  0.0000  0.0000  0.1772  0.3483  0.1626  0.0000  1
 16:   0.0000  0.0757  0.0000  0.8821  0.0422  0.0000  0.0000  0.0000  0.0000  1
 17:   0.3893  0.0000  0.0000  0.0000  0.0000  0.0000  0.4763  0.1345  0.0000  1
 18:   0.5589  0.0000  0.0000  0.0000  0.0000  0.0898  0.3513  0.0000  0.0000  1
 19:   0.0000  0.0000  0.0203  0.8650  0.1147  0.0000  0.0000  0.0000  0.0000  1
 20:   0.5636  0.0000  0.1576  0.0000  0.0000  0.0552  0.2236  0.0000  0.0000  1
 21:   0.5366  0.0000  0.0000  0.0000  0.0000  0.2577  0.2056  0.0000  0.0000  1
 22:   0.0000  0.0000  0.0000  0.0000  0.0000  1.0000  0.0000  0.0000  0.0000  1
 23:   0.0000  0.2183  0.0000  0.7622  0.0196  0.0000  0.0000  0.0000  0.0000  1
 24:   0.0250  0.1180  0.0000  0.8571  0.0000  0.0000  0.0000  0.0000  0.0000  1
 25:   0.3742  0.0000  0.1287  0.0000  0.0000  0.4355  0.0617  0.0000  0.0000  1
 26:   0.0000  0.0000  0.0000  0.0000  1.0000  0.0000  0.0000  0.0000  0.0000  1
 27:   0.3421  0.0000  0.0568  0.0000  0.0000  0.2452  0.3559  0.0000  0.0000  1
 28:   0.0656  0.1487  0.0000  0.7856  0.0000  0.0000  0.0000  0.0000  0.0000  1
 29:   0.4436  0.0000  0.0309  0.0000  0.0000  0.0000  0.5255  0.0000  0.0000  1
 30:   0.6763  0.0000  0.0000  0.0000  0.0000  0.0000  0.3237  0.0000  0.0000  1
 31:   0.2013  0.0000  0.0000  0.0000  0.0000  0.0000  0.0000  0.0000  0.7987  1
 32:   0.0000  0.9104  0.0830  0.0000  0.0000  0.0000  0.0066  0.0000  0.0000  1
 33:   0.0204  0.2068  0.0000  0.5474  0.0000  0.0000  0.0000  0.2254  0.0000  1
 34:   0.0000  1.0000  0.0000  0.0000  0.0000  0.0000  0.0000  0.0000  0.0000  1
 35:   0.0180  0.0000  0.0845  0.8588  0.0388  0.0000  0.0000  0.0000  0.0000  1
 36:   0.0000  0.0000  0.0000  0.0000  1.0000  0.0000  0.0000  0.0000  0.0000  1
 37:   0.0000  0.3785  0.1508  0.2320  0.2387  0.0000  0.0000  0.0000  0.0000  1
 38:   0.3208  0.0000  0.1922  0.0000  0.0000  0.1946  0.2925  0.0000  0.0000  1
 39:   0.1478  0.1092  0.0000  0.7422  0.0008  0.0000  0.0000  0.0000  0.0000  1
 40:   0.0000  0.0000  0.5822  0.0000  0.0000  0.0000  0.4178  0.0000  0.0000  1
 41:   0.1814  0.0000  0.0000  0.0000  0.0000  0.5029  0.3157  0.0000  0.0000  1
 42:   0.5551  0.0000  0.0000  0.0000  0.0000  0.1940  0.2510  0.0000  0.0000  1
 43:   0.4452  0.0000  0.1222  0.0000  0.0000  0.0000  0.0000  0.4326  0.0000  1
 44:   0.0000  0.5761  0.0000  0.0000  0.2370  0.1868  0.0000  0.0000  0.0000  1
 45:   0.0000  0.0000  0.0000  0.0000  1.0000  0.0000  0.0000  0.0000  0.0000  1
 46:   0.1902  0.0000  0.0000  0.0000  0.0000  0.6662  0.1297  0.0139  0.0000  1
 47:   0.0000  0.0000  0.0000  0.9054  0.0000  0.0000  0.0000  0.0140  0.0806  1
 48:   0.0000  0.8134  0.0000  0.0000  0.0000  0.0000  0.0000  0.1866  0.0000  1
 49:   0.0000  0.0000  0.0000  0.7043  0.2174  0.0204  0.0000  0.0000  0.0579  1
 50:   0.0781  0.0000  0.0000  0.0000  0.9219  0.0000  0.0000  0.0000  0.0000  1
 51:   0.0000  0.0000  0.0000  0.0000  0.0000  1.0000  0.0000  0.0000  0.0000  1
 52:   0.3456  0.0000  0.1425  0.0000  0.0000  0.0000  0.3746  0.1373  0.0000  1
 53:   0.0000  0.8238  0.1762  0.0000  0.0000  0.0000  0.0000  0.0000  0.0000  1
 54:   0.0000  0.0000  0.0000  0.0000  0.0000  0.0000  0.0000  0.0000  1.0000  1
 55:   0.0000  0.0000  0.0000  0.9633  0.0000  0.0367  0.0000  0.0000  0.0000  1
 56:   0.0000  0.0000  0.0000  0.0000  0.0000  0.0000  0.0000  0.0000  1.0000  1
 57:   0.0000  1.0000  0.0000  0.0000  0.0000  0.0000  0.0000  0.0000  0.0000  1
 58:   0.0000  0.0000  0.0000  0.0000  1.0000  0.0000  0.0000  0.0000  0.0000  1
 59:   0.2165  0.0000  0.0177  0.0000  0.0000  0.0000  0.4872  0.2786  0.0000  1
 60:   0.0869  0.9131  0.0000  0.0000  0.0000  0.0000  0.0000  0.0000  0.0000  1
 61:   0.0000  1.0000  0.0000  0.0000  0.0000  0.0000  0.0000  0.0000  0.0000  1
 62:   0.5209  0.0000  0.0000  0.0000  0.0000  0.0000  0.3805  0.0987  0.0000  1
 63:   0.0000  0.4010  0.0000  0.5195  0.0000  0.0075  0.0000  0.0000  0.0720  1
 64:   0.0000  0.1157  0.1314  0.7528  0.0000  0.0000  0.0000  0.0000  0.0000  1
 65:   0.0000  0.6647  0.2029  0.0000  0.0597  0.0000  0.0000  0.0000  0.0726  1
 66:   0.5295  0.0000  0.0000  0.0000  0.0000  0.0000  0.0000  0.4705  0.0000  1
 67:   0.0000  0.0000  0.0000  0.0000  0.0000  0.0000  0.0000  0.0000  1.0000  1
 68:   0.0000  0.0000  0.0000  0.0000  0.0000  0.0000  0.0000  0.0000  1.0000  1
 69:   0.0000  0.9490  0.0510  0.0000  0.0000  0.0000  0.0000  0.0000  0.0000  1
 70:   0.0000  0.8883  0.0000  0.0000  0.1117  0.0000  0.0000  0.0000  0.0000  1
 71:   1.0000  0.0000  0.0000  0.0000  0.0000  0.0000  0.0000  0.0000  0.0000  1
 72:   0.2580  0.0000  0.2313  0.0000  0.0000  0.5107  0.0000  0.0000  0.0000  1
 73:   0.3254  0.0000  0.0000  0.0000  0.0000  0.1013  0.0500  0.5233  0.0000  1
 74:   0.0000  0.9408  0.0000  0.0000  0.0000  0.0000  0.0592  0.0000  0.0000  1
 75:   0.0000  0.7951  0.0000  0.0000  0.0000  0.0000  0.2049  0.0000  0.0000  1
 76:   0.0000  1.0000  0.0000  0.0000  0.0000  0.0000  0.0000  0.0000  0.0000  1
 77:   0.4317  0.0000  0.2539  0.0000  0.0000  0.0000  0.3143  0.0000  0.0000  1
 78:   0.0000  0.0000  0.0000  0.0000  0.0000  0.0000  0.0000  0.0000  1.0000  1
 79:   0.0000  1.0000  0.0000  0.0000  0.0000  0.0000  0.0000  0.0000  0.0000  1
 80:   0.2683  0.0000  0.0000  0.0000  0.0000  0.0000  0.7317  0.0000  0.0000  1
 81:   0.0000  0.0000  0.0000  0.0000  0.0000  0.0000  0.0000  0.0000  1.0000  1
 82:   0.0000  0.0000  0.0000  1.0000  0.0000  0.0000  0.0000  0.0000  0.0000  1
 83:   0.0000  0.0507  0.1664  0.5794  0.0815  0.1221  0.0000  0.0000  0.0000  1
 84:   0.0000  0.5709  0.3753  0.0000  0.0538  0.0000  0.0000  0.0000  0.0000  1
 85:   0.0000  0.8671  0.0000  0.0000  0.0000  0.0000  0.0000  0.1329  0.0000  1
 86:   0.0000  0.0000  0.0000  0.8374  0.0000  0.0000  0.0000  0.1626  0.0000  1
 87:   0.5557  0.2350  0.1794  0.0000  0.0000  0.0000  0.0299  0.0000  0.0000  1
 88:   0.0000  0.0000  0.0000  0.9256  0.0651  0.0000  0.0000  0.0000  0.0093  1
 89:   0.0000  1.0000  0.0000  0.0000  0.0000  0.0000  0.0000  0.0000  0.0000  1
 90:   0.7950  0.0000  0.0000  0.0000  0.0000  0.0000  0.0000  0.2050  0.0000  1
 91:   0.0000  0.2193  0.0000  0.7807  0.0000  0.0000  0.0000  0.0000  0.0000  1
 92:   0.0000  0.0000  0.0480  0.7176  0.1981  0.0363  0.0000  0.0000  0.0000  1
 93:   0.0000  0.0000  0.0000  0.0000  0.0000  0.0000  0.0000  0.0000  1.0000  1
 94:   0.0000  0.0000  0.0000  0.0000  0.0000  0.0000  0.0000  0.0000  1.0000  1
 95:   0.0000  0.0000  0.0000  0.7117  0.0000  0.1751  0.0000  0.0000  0.1132  1
 96:   0.0000  0.0000  0.0000  0.0000  0.0000  0.0000  1.0000  0.0000  0.0000  1
 97:   0.0471  0.1126  0.1725  0.6114  0.0564  0.0000  0.0000  0.0000  0.0000  1
 98:   0.2449  0.3457  0.0000  0.2887  0.0971  0.0235  0.0000  0.0000  0.0000  1
 99:   0.0000  0.0000  0.0000  0.0000  0.0000  0.0000  0.0000  1.0000  0.0000  1
100:   0.0000  0.0000  0.6763  0.0000  0.0000  0.0000  0.0000  0.2815  0.0421  1
101:   0.0000  0.0000  0.0000  0.0000  0.0000  0.0000  1.0000  0.0000  0.0000  1
102:   1.0000  0.0000  0.0000  0.0000  0.0000  0.0000  0.0000  0.0000  0.0000  1
103:   0.0000  0.1089  0.0000  0.4828  0.2714  0.0000  0.0000  0.0000  0.1369  1
104:   0.2518  0.0000  0.1063  0.0000  0.0000  0.0000  0.2098  0.2806  0.1515  1
105:   0.0000  0.0000  0.0000  0.0000  0.1240  0.5736  0.3024  0.0000  0.0000  1
106:   0.0000  0.0000  0.0000  0.0000  0.0000  0.0000  0.0000  1.0000  0.0000  1
107:   0.0000  0.0000  1.0000  0.0000  0.0000  0.0000  0.0000  0.0000  0.0000  1
108:   0.7913  0.0000  0.0000  0.0000  0.0000  0.0000  0.2087  0.0000  0.0000  1
109:   0.0000  0.6717  0.0000  0.0776  0.0000  0.0000  0.0000  0.2507  0.0000  1
110:   0.0000  0.0000  0.0000  0.0000  0.0000  0.0000  0.5161  0.4838  0.0000  1
111:   0.5127  0.0000  0.4873  0.0000  0.0000  0.0000  0.0000  0.0000  0.0000  1
112:   0.0000  0.1548  0.0000  0.8114  0.0338  0.0000  0.0000  0.0000  0.0000  1
113:   0.2175  0.1278  0.0000  0.4338  0.0000  0.0000  0.0000  0.2210  0.0000  1
114:   0.0000  0.2107  0.3552  0.3139  0.0000  0.0569  0.0000  0.0000  0.0634  1
115:   0.0303  0.3288  0.0000  0.4871  0.0208  0.0000  0.0000  0.1330  0.0000  1
116:   0.1468  0.0000  0.5563  0.0000  0.0000  0.0000  0.1759  0.0000  0.1210  1
117:   0.0955  0.0000  0.3738  0.0000  0.0000  0.0000  0.0000  0.3549  0.1758  1
118:   0.0000  0.0000  0.2312  0.7688  0.0000  0.0000  0.0000  0.0000  0.0000  1
119:   0.0000  0.0000  0.0000  0.0000  0.0000  0.0000  0.0000  1.0000  0.0000  1
120:   0.0000  0.0000  0.0000  0.0000  0.0000  0.0000  0.0000  1.0000  0.0000  1
121:   0.0000  0.0000  0.0000  0.0000  0.0000  0.0000  1.0000  0.0000  0.0000  1
122:   0.0000  0.0538  0.2822  0.0000  0.0000  0.6640  0.0000  0.0000  0.0000  1
123:   0.0000  0.0000  1.0000  0.0000  0.0000  0.0000  0.0000  0.0000  0.0000  1
124:   0.0000  0.1687  0.3378  0.1169  0.3766  0.0000  0.0000  0.0000  0.0000  1
125:   0.2018  0.1117  0.0000  0.5928  0.0937  0.0000  0.0000  0.0000  0.0000  1
126:   0.1254  0.0000  0.0003  0.0000  0.0000  0.0392  0.3494  0.4857  0.0000  1
127:   0.0000  0.0000  0.0000  1.0000  0.0000  0.0000  0.0000  0.0000  0.0000  1
128:   0.0808  0.0000  0.0000  0.0000  0.0000  0.0000  0.0000  0.0000  0.9192  1
129:   0.0000  0.0000  0.0000  0.0000  0.0000  0.0000  1.0000  0.0000  0.0000  1
130:   0.0000  0.0000  0.0000  0.0000  0.0000  0.2243  0.0000  0.0000  0.7757  1
131:   0.5271  0.0000  0.0000  0.0000  0.0000  0.0000  0.2281  0.2448  0.0000  1
132:   0.0000  0.0000  0.0000  0.0000  1.0000  0.0000  0.0000  0.0000  0.0000  1
133:   0.0000  0.0000  0.0000  0.0000  0.0000  0.0000  0.6409  0.0000  0.3591  1
134:   0.0000  0.0000  0.0482  0.0000  0.0000  0.0000  0.0000  0.3595  0.5923  1
135:   0.0000  0.0000  1.0000  0.0000  0.0000  0.0000  0.0000  0.0000  0.0000  1
136:   0.0000  0.0000  0.0000  0.0000  0.0000  0.0000  0.0000  0.0000  1.0000  1
137:   0.4930  0.0000  0.0885  0.0000  0.0000  0.1892  0.0000  0.2292  0.0000  1
138:   0.0000  0.1419  0.0000  0.6905  0.1676  0.0000  0.0000  0.0000  0.0000  1
139:   0.3175  0.0000  0.0000  0.0000  0.0000  0.0000  0.0000  0.0000  0.6825  1
140:   0.4300  0.0000  0.1541  0.0337  0.0000  0.0000  0.0001  0.3412  0.0410  1
141:   0.0000  0.9434  0.0000  0.0000  0.0000  0.0000  0.0000  0.0000  0.0566  1
142:   0.0000  0.0000  0.0000  0.1637  0.0000  0.0000  0.0000  0.0000  0.8363  1
143:   0.0000  0.0000  1.0000  0.0000  0.0000  0.0000  0.0000  0.0000  0.0000  1
144:   0.3063  0.0000  0.0000  0.0000  0.0000  0.0000  0.0000  0.0000  0.6937  1
145:   0.2462  0.0000  0.0000  0.0000  0.0000  0.0000  0.0000  0.0000  0.7538  1
146:   0.0000  0.0000  0.0000  0.8134  0.0000  0.0000  0.0000  0.0000  0.1866  1
147:   0.0904  0.4994  0.0532  0.1222  0.0000  0.0000  0.0000  0.2348  0.0000  1
148:   0.0000  0.0024  0.0000  0.0000  0.0000  0.0000  0.0000  0.0000  0.9976  1
149:   0.1432  0.0000  0.6671  0.0000  0.0000  0.0000  0.0000  0.0000  0.1897  1
150:   0.0000  0.0000  0.6278  0.0000  0.0000  0.0000  0.0000  0.3722  0.0000  1
151:   0.0000  0.0000  0.0000  0.6587  0.0000  0.0000  0.0000  0.3413  0.0000  1
152:   0.0000  0.0618  0.0000  0.0000  0.0000  0.0000  0.8112  0.0000  0.1270  1
153:   1.0000  0.0000  0.0000  0.0000  0.0000  0.0000  0.0000  0.0000  0.0000  1
154:   0.0000  0.0000  0.0000  0.0000  0.0000  0.0000  0.8463  0.0001  0.1536  1
155:   0.0000  0.0000  0.0000  0.0000  0.0000  0.0000  1.0000  0.0000  0.0000  1
156:   0.6681  0.0000  0.0000  0.0000  0.0000  0.0000  0.2076  0.0000  0.1243  1
157:   0.0000  0.0000  0.3038  0.0000  0.0000  0.6962  0.0000  0.0000  0.0000  1
158:   0.2181  0.0000  0.0000  0.7273  0.0547  0.0000  0.0000  0.0000  0.0000  1
159:   0.0000  0.0000  0.0000  0.0000  0.0922  0.0000  0.9078  0.0000  0.0000  1
160:   0.0000  0.0000  0.0000  0.0000  0.0000  0.0000  0.0000  0.0000  1.0000  1
161:   0.0000  0.4291  0.0000  0.0000  0.2077  0.0000  0.0000  0.3632  0.0000  1
162:   0.0343  0.0352  0.0000  0.5413  0.0000  0.0000  0.0000  0.3892  0.0000  1
163:   0.7565  0.0000  0.0000  0.0000  0.0000  0.0000  0.0000  0.0000  0.2435  1
164:   0.0000  0.0000  0.0000  0.0000  0.0000  0.0000  0.0000  0.0000  1.0000  1
165:   0.0000  0.0000  0.0018  0.0000  0.5334  0.0000  0.2309  0.2339  0.0000  1
166:   0.9970  0.0000  0.0000  0.0000  0.0000  0.0030  0.0000  0.0000  0.0000  1
167:   0.0000  0.0000  1.0000  0.0000  0.0000  0.0000  0.0000  0.0000  0.0000  1
168:   0.0000  0.1776  0.5508  0.2627  0.0088  0.0000  0.0000  0.0000  0.0000  1
169:   0.0000  0.0000  1.0000  0.0000  0.0000  0.0000  0.0000  0.0000  0.0000  1
170:   0.0775  0.3394  0.0000  0.4327  0.0000  0.0000  0.1504  0.0000  0.0000  1
171:   0.0000  0.0000  0.4539  0.0000  0.0000  0.0086  0.0000  0.5375  0.0000  1
172:   0.0000  0.0000  0.0000  0.0000  0.0000  0.0000  1.0000  0.0000  0.0000  1
173:   0.0000  0.0000  0.0000  0.0000  0.0000  0.0000  0.0000  0.6404  0.3596  1
174:   0.4756  0.0000  0.3035  0.0000  0.0000  0.0000  0.2208  0.0000  0.0000  1
175:   0.2852  0.0000  0.0000  0.0000  0.0000  0.5118  0.0000  0.0000  0.2030  1
176:   0.3156  0.0000  0.6844  0.0000  0.0000  0.0000  0.0000  0.0000  0.0000  1
177:   0.0000  0.0000  0.0000  0.0000  0.0000  0.0000  0.2668  0.0000  0.7332  1
178:   0.0000  0.0000  0.8502  0.0000  0.0000  0.0000  0.0000  0.0000  0.1498  1
179:   0.3839  0.0000  0.6161  0.0000  0.0000  0.0000  0.0000  0.0000  0.0000  1
180:   0.0000  0.0000  0.0000  0.0000  0.0000  0.0000  1.0000  0.0000  0.0000  1
181:   0.0000  0.0000  0.5740  0.0000  0.0000  0.0000  0.0000  0.4260  0.0000  1
182:   0.0000  0.0000  0.0000  0.0000  0.0000  0.0000  0.0000  1.0000  0.0000  1
183:   0.0000  0.0000  0.0000  0.0000  0.0000  0.0000  0.0000  0.0000  1.0000  1
184:   0.0409  0.0000  0.0000  0.4905  0.0000  0.0000  0.1902  0.0000  0.2784  1
185:   0.0000  0.0000  0.0000  0.0000  0.0000  0.0000  0.0000  1.0000  0.0000  1
186:   0.0000  0.0000  0.1723  0.0000  0.0000  0.8277  0.0000  0.0000  0.0000  1
187:   0.0000  0.8098  0.1902  0.0000  0.0000  0.0000  0.0000  0.0000  0.0000  1
188:   0.0000  0.8067  0.0000  0.0000  0.0000  0.0000  0.0000  0.0000  0.1933  1
189:   0.0000  0.0833  0.0000  0.3549  0.3796  0.0000  0.0000  0.1823  0.0000  1
190:   0.0000  0.0000  1.0000  0.0000  0.0000  0.0000  0.0000  0.0000  0.0000  1
191:   0.0000  0.0000  0.0000  0.0000  0.0000  0.0000  0.0000  0.0000  1.0000  1
192:   0.0000  0.3683  0.0844  0.4866  0.0592  0.0000  0.0000  0.0016  0.0000  1
193:   0.0244  0.0000  0.0000  0.0000  0.0000  0.0000  0.2033  0.0000  0.7724  1
194:   0.0000  0.0000  1.0000  0.0000  0.0000  0.0000  0.0000  0.0000  0.0000  1
195:   0.0000  0.1064  0.0000  0.6118  0.0000  0.0000  0.2060  0.0759  0.0000  1
196:   0.0000  0.0000  0.0000  0.0000  0.0000  0.0000  1.0000  0.0000  0.0000  1
197:   0.0000  0.0000  0.0000  0.0000  0.0000  0.0000  0.0000  0.5178  0.4822  1
198:   0.0000  0.0000  1.0000  0.0000  0.0000  0.0000  0.0000  0.0000  0.0000  1
199:   0.0000  0.2234  0.7766  0.0000  0.0000  0.0000  0.0000  0.0000  0.0000  1
200:   0.4792  0.0000  0.0000  0.5208  0.0000  0.0000  0.0000  0.0000  0.0000  1
201:   0.0000  0.0000  0.6423  0.2162  0.0000  0.0000  0.1415  0.0000  0.0000  1
202:   0.0000  0.0000  0.0000  0.0000  0.0000  0.0000  0.0000  0.0000  1.0000  1
203:   0.0000  0.0000  0.0000  0.0000  0.0000  0.0000  0.1229  0.0000  0.8771  1
204:   0.0000  0.0000  0.0000  0.0000  0.0000  0.0000  0.0000  0.0000  1.0000  1
205:   0.0000  0.0000  0.8446  0.0000  0.1031  0.0000  0.0000  0.0000  0.0524  1
206:   0.0000  0.0000  0.0000  0.7215  0.0000  0.0000  0.2785  0.0000  0.0000  1
207:   0.0000  0.0000  0.0000  0.2407  0.0000  0.0000  0.7593  0.0000  0.0000  1
208:   0.0000  0.0000  0.0000  0.0000  0.0000  0.0000  0.0000  0.6127  0.3873  1
209:   0.6622  0.0000  0.3378  0.0000  0.0000  0.0000  0.0000  0.0000  0.0000  1
210:   0.0000  0.0000  0.5643  0.0000  0.0000  0.0000  0.0000  0.0000  0.4357  1
211:   0.0000  0.0000  0.2347  0.0000  0.0000  0.0000  0.0000  0.0000  0.7653  1
212:   0.0000  0.0000  0.0000  0.5440  0.0185  0.0000  0.0000  0.4375  0.0000  1
213:   0.0000  0.0000  0.0000  0.0000  0.0000  0.0000  0.0000  0.0000  1.0000  1
214:   0.0000  0.2185  0.0000  0.6560  0.0000  0.0000  0.0000  0.0000  0.1255  1
215:   0.2629  0.0000  0.0000  0.0000  0.0000  0.0000  0.0000  0.0000  0.7371  1
216:   0.0000  0.0000  0.0000  0.0000  0.6144  0.0000  0.0000  0.3856  0.0000  1
217:   0.0000  0.0000  0.0000  0.0000  0.0000  0.0000  0.0000  0.0000  1.0000  1
218:   0.0000  0.2196  0.4192  0.3611  0.0000  0.0000  0.0000  0.0000  0.0000  1
219:   0.0000  0.1529  0.0000  0.0000  0.0000  0.0000  0.0000  0.8471  0.0000  1
220:   0.0000  0.0000  0.0000  0.0000  0.0000  0.3255  0.0000  0.0000  0.6745  1
221:   0.0000  0.0000  0.0000  0.0000  0.0000  0.0000  0.0114  0.0000  0.9886  1
222:   0.0000  0.0000  0.0000  0.0000  0.0000  0.0000  0.0000  0.0000  1.0000  1
223:   0.0000  0.0000  0.3551  0.0000  0.0000  0.0000  0.0000  0.6449  0.0000  1
224:   0.0000  0.0000  0.0000  0.0000  0.0000  0.0000  0.0000  0.2974  0.7026  1
225:   0.0000  0.0000  0.0000  0.0000  0.0000  0.0000  0.0000  0.0000  1.0000  1
226:   0.0000  0.1702  0.0000  0.0000  0.0000  0.0000  0.0000  0.0000  0.8298  1
227:   0.0000  0.0000  0.0000  0.0000  0.0000  0.0000  0.0000  0.0000  1.0000  1
228:   0.0000  0.0000  0.0000  0.8337  0.0000  0.1663  0.0000  0.0000  0.0000  1
229:   0.0000  0.0000  0.3173  0.5890  0.0000  0.0000  0.0000  0.0937  0.0000  1
230:   0.0000  0.0000  0.0000  0.0000  0.0000  0.0000  0.0000  1.0000  0.0000  1

  1:   0.0000  0.0000  0.0000  0.0000  0.0000  0.0000  0.0000  0.0000  1.0000  1
  2:   0.5716  0.0000  0.0000  0.0000  0.0000  0.0000  0.4284  0.0000  0.0000  1
  3:   0.2634  0.0000  0.0000  0.0000  0.0000  0.7366  0.0000  0.0000  0.0000  1
  4:   0.3989  0.0000  0.0616  0.0000  0.0000  0.0421  0.4974  0.0000  0.0000  1
  5:   0.5505  0.0000  0.0000  0.0000  0.0000  0.0000  0.4495  0.0000  0.0000  1
  6:   0.0000  0.6867  0.0000  0.2826  0.0000  0.0307  0.0000  0.0000  0.0000  1
  7:   0.0155  0.0769  0.0000  0.8492  0.0010  0.0573  0.0000  0.0000  0.0000  1
  8:   0.0000  0.0000  0.8422  0.0000  0.0000  0.0000  0.1578  0.0000  0.0000  1
  9:   0.2283  0.0000  0.0000  0.0000  0.0000  0.7717  0.0000  0.0000  0.0000  1
 10:   0.0000  1.0000  0.0000  0.0000  0.0000  0.0000  0.0000  0.0000  0.0000  1
 11:   0.3875  0.0000  0.0171  0.0000  0.0000  0.1637  0.4317  0.0000  0.0000  1
 12:   0.3701  0.0000  0.1262  0.0000  0.0000  0.0000  0.5038  0.0000  0.0000  1
 13:   0.4760  0.0000  0.0312  0.0000  0.0000  0.0000  0.4928  0.0000  0.0000  1
 14:   0.0000  0.0000  0.0000  0.0000  1.0000  0.0000  0.0000  0.0000  0.0000  1
 15:   0.5163  0.0000  0.4837  0.0000  0.0000  0.0000  0.0000  0.0000  0.0000  1
 16:   0.0000  0.1800  0.0000  0.8166  0.0035  0.0000  0.0000  0.0000  0.0000  1
 17:   0.5013  0.0000  0.0000  0.0000  0.0000  0.0000  0.4987  0.0000  0.0000  1
 18:   0.4343  0.0000  0.0000  0.0000  0.0000  0.1340  0.4317  0.0000  0.0000  1
 19:   0.0606  0.0000  0.0000  0.7991  0.1403  0.0000  0.0000  0.0000  0.0000  1
 20:   0.3726  0.0000  0.2425  0.0000  0.0000  0.0000  0.3849  0.0000  0.0000  1
 21:   0.2480  0.0000  0.0000  0.0000  0.0000  0.1863  0.5658  0.0000  0.0000  1
 22:   0.2910  0.0000  0.0020  0.0000  0.0000  0.7070  0.0000  0.0000  0.0000  1
 23:   0.0000  0.1604  0.0000  0.7192  0.0022  0.0000  0.0000  0.1182  0.0000  1
 24:   0.0000  0.1953  0.0000  0.7784  0.0000  0.0000  0.0263  0.0000  0.0000  1
 25:   0.3298  0.0000  0.0000  0.0000  0.0000  0.4355  0.2043  0.0000  0.0304  1
 26:   0.0000  0.0000  0.0000  0.0000  1.0000  0.0000  0.0000  0.0000  0.0000  1
 27:   0.6090  0.0000  0.0000  0.0000  0.0000  0.1108  0.2802  0.0000  0.0000  1
