  1:   0.0000  0.0000  0.0000  1.0000  0.0000  0.0000  0.0000  0.0000  1
  2:   0.0000  0.0000  1.0000  0.0000  0.0000  0.0000  0.0000  0.0000  1
  3:   0.0000  0.0000  0.0000  0.0000  1.0000  0.0000  0.0000  0.0000  1
  4:   0.1018  0.0000  0.8619  0.0000  0.0363  0.0000  0.0000  0.0000  1
  5:   0.0000  0.0000  1.0000  0.0000  0.0000  0.0000  0.0000  0.0000  1
  6:   0.0000  0.2413  0.0000  0.0000  0.0000  0.0000  0.1923  0.5664  1
  7:   0.0000  0.6481  0.0000  0.0000  0.0391  0.0000  0.2705  0.0423  1
  8:   0.8189  0.0000  0.1811  0.0000  0.0000  0.0000  0.0000  0.0000  1
  9:   0.0000  0.0000  0.0000  0.0000  1.0000  0.0000  0.0000  0.0000  1
 10:   0.0000  0.0000  0.0000  0.0000  0.0000  0.0000  0.0000  1.0000  1
 11:   0.0000  0.0000  0.7521  0.0000  0.2479  0.0000  0.0000  0.0000  1
 12:   0.1801  0.0000  0.8199  0.0000  0.0000  0.0000  0.0000  0.0000  1
 13:   0.1285  0.0000  0.8715  0.0000  0.0000  0.0000  0.0000  0.0000  1
 14:   0.0000  0.0000  0.0000  0.0000  0.0000  1.0000  0.0000  0.0000  1
 15:   0.6370  0.0000  0.0000  0.0000  0.3630  0.0000  0.0000  0.0000  1
 16:   0.0000  0.0000  0.0000  0.0000  0.0000  0.0000  1.0000  0.0000  1
 17:   0.0718  0.0000  0.8433  0.0324  0.0525  0.0000  0.0000  0.0000  1
 18:   0.0000  0.0000  0.8696  0.0000  0.1304  0.0000  0.0000  0.0000  1
 19:   0.0000  0.4872  0.0000  0.0000  0.0000  0.1557  0.3571  0.0000  1
 20:   0.2551  0.0000  0.6484  0.0000  0.0965  0.0000  0.0000  0.0000  1
 21:   0.0000  0.0000  0.7974  0.0000  0.2026  0.0000  0.0000  0.0000  1
 22:   0.0000  0.0000  0.0000  0.0000  1.0000  0.0000  0.0000  0.0000  1
 23:   0.0000  0.0000  0.0000  0.0000  0.0000  0.0000  1.0000  0.0000  1
 24:   0.0000  0.5061  0.0000  0.0000  0.0000  0.0000  0.3930  0.1009  1
 25:   0.0840  0.0000  0.3177  0.0000  0.5983  0.0000  0.0000  0.0000  1
 26:   0.0000  0.0000  0.0000  0.0000  0.0000  1.0000  0.0000  0.0000  1
 27:   0.1373  0.0000  0.5913  0.0000  0.2714  0.0000  0.0000  0.0000  1
 28:   0.0000  0.5537  0.0000  0.0000  0.0000  0.0000  0.2876  0.1587  1
 29:   0.0526  0.0000  0.9474  0.0000  0.0000  0.0000  0.0000  0.0000  1
 30:   0.0248  0.0000  0.8321  0.0000  0.1431  0.0000  0.0000  0.0000  1
 31:   0.0000  0.1819  0.0000  0.8181  0.0000  0.0000  0.0000  0.0000  1
 32:   0.0771  0.0000  0.0000  0.0000  0.0000  0.0000  0.0000  0.9229  1
 33:   0.1144  0.5063  0.0000  0.0000  0.0000  0.0000  0.2057  0.1736  1
 34:   0.0000  0.0000  0.0000  0.0000  0.0000  0.0000  0.0000  1.0000  1
 35:   0.0000  0.1390  0.0000  0.0000  0.0000  0.0000  0.8610  0.0000  1
 36:   0.0000  0.0000  0.0000  0.0000  0.0000  1.0000  0.0000  0.0000  1
 37:   0.0842  0.1370  0.0000  0.0000  0.0000  0.2714  0.1086  0.3988  1
 38:   0.3318  0.0000  0.6682  0.0000  0.0000  0.0000  0.0000  0.0000  1
 39:   0.0398  0.6007  0.0000  0.0488  0.0000  0.0000  0.1541  0.1567  1
 40:   1.0000  0.0000  0.0000  0.0000  0.0000  0.0000  0.0000  0.0000  1
 41:   0.0672  0.0000  0.5283  0.0000  0.4045  0.0000  0.0000  0.0000  1
 42:   0.0000  0.0000  0.9239  0.0000  0.0761  0.0000  0.0000  0.0000  1
 43:   0.2087  0.0263  0.4537  0.0000  0.3114  0.0000  0.0000  0.0000  1
 44:   0.0663  0.0072  0.0000  0.0000  0.1456  0.2255  0.0000  0.5555  1
 45:   0.0000  0.0000  0.0000  0.0000  0.0000  1.0000  0.0000  0.0000  1
 46:   0.0000  0.0000  0.3445  0.0000  0.6555  0.0000  0.0000  0.0000  1
 47:   0.0000  0.0000  0.0000  0.0000  0.0000  0.0000  1.0000  0.0000  1
 48:   0.0000  0.1491  0.0000  0.0000  0.0000  0.0000  0.0602  0.7906  1
 49:   0.0000  0.6127  0.0000  0.0280  0.0000  0.2494  0.1099  0.0000  1
 50:   0.0000  0.1305  0.0000  0.0000  0.0000  0.8695  0.0000  0.0000  1
 51:   0.0000  0.0000  0.0000  0.0000  1.0000  0.0000  0.0000  0.0000  1
 52:   0.3165  0.0000  0.6835  0.0000  0.0000  0.0000  0.0000  0.0000  1
 53:   0.0000  0.0000  0.0000  0.0000  0.0000  0.0000  0.0000  1.0000  1
 54:   0.0000  0.0000  0.0000  1.0000  0.0000  0.0000  0.0000  0.0000  1
 55:   0.0000  1.0000  0.0000  0.0000  0.0000  0.0000  0.0000  0.0000  1
 56:   0.0000  0.0000  0.0000  1.0000  0.0000  0.0000  0.0000  0.0000  1
 57:   0.0000  0.0000  0.0000  0.0000  0.0000  0.0000  0.0000  1.0000  1
 58:   0.0000  0.0000  0.0000  0.0000  0.0000  1.0000  0.0000  0.0000  1
 59:   0.3910  0.0000  0.6090  0.0000  0.0000  0.0000  0.0000  0.0000  1
 60:   0.0000  0.0849  0.0000  0.0000  0.0000  0.0000  0.0000  0.9151  1
 61:   0.0000  0.0000  0.0000  0.0000  0.0000  0.0000  0.0000  1.0000  1
 62:   0.1607  0.0000  0.7085  0.0000  0.1308  0.0000  0.0000  0.0000  1
 63:   0.0216  0.4168  0.0000  0.0281  0.0000  0.0000  0.0750  0.4585  1
 64:   0.0000  0.1701  0.0000  0.0000  0.0000  0.0000  0.8299  0.0000  1
 65:   0.0000  0.0000  0.0000  0.1094  0.0000  0.0666  0.0000  0.8240  1
 66:   0.2672  0.0000  0.5344  0.0000  0.1985  0.0000  0.0000  0.0000  1
 67:   0.0393  0.0000  0.0000  0.8838  0.0000  0.0000  0.0000  0.0769  1
 68:   0.0000  0.0000  0.0000  1.0000  0.0000  0.0000  0.0000  0.0000  1
 69:   0.0000  0.0000  0.0000  0.0000  0.0000  0.0000  0.0000  1.0000  1
 70:   0.0000  0.0000  0.0000  0.0000  0.0000  0.1352  0.0000  0.8648  1
 71:   0.0905  0.0857  0.8238  0.0000  0.0000  0.0000  0.0000  0.0000  1
 72:   0.0034  0.0000  0.3426  0.0481  0.6059  0.0000  0.0000  0.0000  1
 73:   0.1835  0.0422  0.3441  0.0000  0.4302  0.0000  0.0000  0.0000  1
 74:   0.0000  0.0000  0.0000  0.0000  0.0000  0.0000  0.0000  1.0000  1
 75:   0.0000  0.0000  0.0000  0.0000  0.0281  0.0000  0.2497  0.7222  1
 76:   0.0000  0.0000  0.0000  0.0000  0.0000  0.0000  0.0000  1.0000  1
 77:   0.2024  0.0000  0.7704  0.0000  0.0000  0.0272  0.0000  0.0000  1
 78:   0.0000  0.0000  0.0000  1.0000  0.0000  0.0000  0.0000  0.0000  1
 79:   0.0000  0.0000  0.0000  0.0000  0.0000  0.0000  0.0000  1.0000  1
 80:   0.2178  0.0000  0.7822  0.0000  0.0000  0.0000  0.0000  0.0000  1
 81:   0.0000  0.0000  0.0000  1.0000  0.0000  0.0000  0.0000  0.0000  1
 82:   0.0000  0.1778  0.0000  0.0000  0.0000  0.0000  0.8222  0.0000  1
 83:   0.0000  0.8588  0.0000  0.0000  0.0523  0.0838  0.0000  0.0051  1
 84:   0.2588  0.0000  0.0000  0.0000  0.0000  0.0674  0.0000  0.6738  1
 85:   0.0000  0.1718  0.0000  0.0000  0.0000  0.0000  0.0000  0.8282  1
 86:   0.0000  0.7968  0.0000  0.0000  0.0000  0.0000  0.2032  0.0000  1
 87:   0.2521  0.0000  0.4556  0.0000  0.0983  0.0000  0.0000  0.1940  1
 88:   0.0000  1.0000  0.0000  0.0000  0.0000  0.0000  0.0000  0.0000  1
 89:   0.0000  0.0000  0.0000  0.0000  0.0000  0.0000  0.0000  1.0000  1
 90:   0.0100  0.0000  0.8039  0.0000  0.1862  0.0000  0.0000  0.0000  1
 91:   0.0000  0.5990  0.0000  0.0000  0.0000  0.0000  0.1739  0.2272  1
 92:   0.0000  0.0004  0.0000  0.0000  0.0855  0.1593  0.7548  0.0000  1
 93:   0.0000  0.0000  0.0000  1.0000  0.0000  0.0000  0.0000  0.0000  1
 94:   0.0000  0.0000  0.0000  1.0000  0.0000  0.0000  0.0000  0.0000  1
 95:   0.0000  0.5300  0.0000  0.1100  0.1450  0.0000  0.2151  0.0000  1
 96:   0.0000  0.0000  0.9089  0.0000  0.0911  0.0000  0.0000  0.0000  1
 97:   0.1273  0.0000  0.0000  0.0000  0.0000  0.0000  0.8727  0.0000  1
 98:   0.0368  0.6687  0.0000  0.0000  0.0000  0.0001  0.0000  0.2944  1
 99:   0.1369  0.6783  0.0000  0.0000  0.1848  0.0000  0.0000  0.0000  1
100:   0.8519  0.0000  0.0000  0.0914  0.0000  0.0000  0.0000  0.0567  1
101:   1.0000  0.0000  0.0000  0.0000  0.0000  0.0000  0.0000  0.0000  1
102:   0.0000  0.0000  0.3726  0.0481  0.5793  0.0000  0.0000  0.0000  1
103:   0.0000  0.1401  0.0000  0.1034  0.0000  0.3593  0.3210  0.0763  1
104:   0.2780  0.0779  0.4360  0.2080  0.0000  0.0000  0.0000  0.0000  1
105:   0.0000  0.0000  0.0000  0.0000  0.8480  0.1520  0.0000  0.0000  1
106:   0.2487  0.0000  0.2496  0.0000  0.5017  0.0000  0.0000  0.0000  1
107:   1.0000  0.0000  0.0000  0.0000  0.0000  0.0000  0.0000  0.0000  1
108:   0.0000  0.0000  0.9642  0.0358  0.0000  0.0000  0.0000  0.0000  1
109:   0.0000  0.0000  0.0000  0.0000  0.0952  0.0000  0.1990  0.7057  1
110:   0.0703  0.0000  0.7076  0.0308  0.1914  0.0000  0.0000  0.0000  1
111:   0.2712  0.0000  0.1985  0.0000  0.5304  0.0000  0.0000  0.0000  1
112:   0.0000  0.8608  0.0000  0.0000  0.0000  0.0126  0.0000  0.1266  1
113:   0.1288  0.4463  0.0000  0.0000  0.1133  0.0000  0.3115  0.0000  1
114:   0.2825  0.4113  0.0000  0.0314  0.0559  0.0000  0.0000  0.2188  1
115:   0.0000  0.0000  0.0000  0.0000  0.0000  0.0000  1.0000  0.0000  1
116:   0.6456  0.0000  0.1509  0.0001  0.0912  0.1122  0.0000  0.0000  1
117:   0.8974  0.0000  0.0000  0.1026  0.0000  0.0000  0.0000  0.0000  1
118:   0.2230  0.5748  0.0000  0.0000  0.0000  0.0000  0.2022  0.0000  1
119:   0.0000  0.0000  0.0000  0.1454  0.8546  0.0000  0.0000  0.0000  1
120:   0.5380  0.0000  0.0000  0.1079  0.3542  0.0000  0.0000  0.0000  1
121:   0.0000  0.0000  0.5740  0.0000  0.3756  0.0504  0.0000  0.0000  1
122:   0.4342  0.0000  0.0000  0.0000  0.5144  0.0000  0.0000  0.0514  1
123:   1.0000  0.0000  0.0000  0.0000  0.0000  0.0000  0.0000  0.0000  1
124:   0.0000  0.0000  0.0000  0.0000  0.0000  0.6052  0.1550  0.2398  1
125:   0.0000  0.3323  0.0778  0.0000  0.0000  0.1157  0.3527  0.1215  1
126:   0.2728  0.0000  0.2945  0.0000  0.4327  0.0000  0.0000  0.0000  1
127:   0.0000  0.9997  0.0000  0.0000  0.0000  0.0000  0.0003  0.0000  1
128:   0.0000  0.0000  0.0000  1.0000  0.0000  0.0000  0.0000  0.0000  1
129:   0.0000  0.0000  1.0000  0.0000  0.0000  0.0000  0.0000  0.0000  1
130:   0.0000  0.0000  0.0000  0.7857  0.2143  0.0000  0.0000  0.0000  1
131:   0.0000  0.0000  1.0000  0.0000  0.0000  0.0000  0.0000  0.0000  1
132:   0.0000  0.0000  0.0000  0.0000  0.0000  1.0000  0.0000  0.0000  1
133:   0.0000  0.0000  0.2598  0.7402  0.0000  0.0000  0.0000  0.0000  1
134:   0.1068  0.0000  0.0000  0.7123  0.1809  0.0000  0.0000  0.0000  1
135:   1.0000  0.0000  0.0000  0.0000  0.0000  0.0000  0.0000  0.0000  1
136:   0.0000  0.0000  0.0000  1.0000  0.0000  0.0000  0.0000  0.0000  1
137:   0.1402  0.0000  0.5549  0.0000  0.3049  0.0000  0.0000  0.0000  1
138:   0.0000  0.2124  0.0000  0.0000  0.0000  0.2321  0.3869  0.1686  1
139:   0.0000  0.2690  0.0000  0.7310  0.0000  0.0000  0.0000  0.0000  1
140:   0.1772  0.0000  0.5662  0.0389  0.0000  0.0000  0.2177  0.0000  1
141:   0.0000  0.0000  0.0000  0.0000  0.0000  0.0000  0.0000  1.0000  1
142:   0.0000  0.1781  0.0000  0.8219  0.0000  0.0000  0.0000  0.0000  1
143:   1.0000  0.0000  0.0000  0.0000  0.0000  0.0000  0.0000  0.0000  1
144:   0.0000  0.0000  0.0000  1.0000  0.0000  0.0000  0.0000  0.0000  1
145:   0.0000  0.0000  0.2203  0.7797  0.0000  0.0000  0.0000  0.0000  1
146:   0.0000  0.0000  0.0000  0.1486  0.0000  0.0000  0.8514  0.0000  1
147:   0.1901  0.3433  0.0000  0.0000  0.0000  0.0000  0.0000  0.4666  1
148:   0.0000  0.0000  0.0000  0.8083  0.0000  0.0000  0.0000  0.1917  1
149:   1.0000  0.0000  0.0000  0.0000  0.0000  0.0000  0.0000  0.0000  1
150:   1.0000  0.0000  0.0000  0.0000  0.0000  0.0000  0.0000  0.0000  1
151:   0.0000  1.0000  0.0000  0.0000  0.0000  0.0000  0.0000  0.0000  1
152:   0.7618  0.0000  0.0000  0.0000  0.0000  0.0000  0.2382  0.0000  1
153:   0.1368  0.1790  0.6840  0.0000  0.0002  0.0000  0.0000  0.0000  1
154:   0.5394  0.0000  0.4438  0.0168  0.0000  0.0000  0.0000  0.0000  1
155:   0.2317  0.0000  0.6197  0.1039  0.0000  0.0000  0.0447  0.0000  1
156:   0.0001  0.0000  0.7942  0.2057  0.0000  0.0000  0.0000  0.0000  1
157:   0.4995  0.0000  0.0000  0.0000  0.5005  0.0000  0.0000  0.0000  1
158:   0.0000  0.5923  0.0000  0.0000  0.0000  0.0501  0.3576  0.0000  1
159:   0.0683  0.2583  0.5172  0.0000  0.0000  0.1562  0.0000  0.0000  1
160:   0.0000  0.0000  0.0000  1.0000  0.0000  0.0000  0.0000  0.0000  1
161:   0.2442  0.0000  0.0000  0.0350  0.0000  0.1665  0.2405  0.3139  1
162:   0.0000  1.0000  0.0000  0.0000  0.0000  0.0000  0.0000  0.0000  1
163:   0.0000  0.0000  0.2052  0.7948  0.0000  0.0000  0.0000  0.0000  1
164:   0.0000  0.0000  0.0000  1.0000  0.0000  0.0000  0.0000  0.0000  1
165:   0.0000  0.0000  0.0000  0.0000  0.3925  0.6075  0.0000  0.0000  1
166:   0.0000  0.0000  0.8593  0.0000  0.1407  0.0000  0.0000  0.0000  1
167:   1.0000  0.0000  0.0000  0.0000  0.0000  0.0000  0.0000  0.0000  1
168:   0.2707  0.0000  0.0000  0.0857  0.0000  0.0711  0.3476  0.2249  1
169:   0.8358  0.0000  0.0000  0.0000  0.1642  0.0000  0.0000  0.0000  1
170:   0.0000  0.5077  0.0980  0.0000  0.0000  0.0000  0.0000  0.3943  1
171:   0.0000  0.0000  0.0000  0.0000  0.7117  0.0000  0.0000  0.2883  1
172:   0.4699  0.0000  0.4789  0.0000  0.0000  0.0512  0.0000  0.0000  1
173:   0.0000  0.0000  0.0000  0.8143  0.1857  0.0000  0.0000  0.0000  1
174:   0.5895  0.0000  0.4105  0.0000  0.0000  0.0000  0.0000  0.0000  1
175:   0.0000  0.0000  0.0000  0.2731  0.7269  0.0000  0.0000  0.0000  1
176:   0.1719  0.0000  0.4424  0.0658  0.0000  0.0000  0.3198  0.0000  1
177:   0.0000  0.0000  0.0000  1.0000  0.0000  0.0000  0.0000  0.0000  1
178:   0.8422  0.0000  0.0000  0.1526  0.0000  0.0000  0.0000  0.0051  1
179:   0.6472  0.3528  0.0000  0.0000  0.0000  0.0000  0.0000  0.0000  1
180:   0.5389  0.0000  0.0000  0.0000  0.2874  0.1330  0.0000  0.0407  1
181:   1.0000  0.0000  0.0000  0.0000  0.0000  0.0000  0.0000  0.0000  1
182:   0.6819  0.0000  0.1336  0.0000  0.1845  0.0000  0.0000  0.0000  1
183:   0.0000  0.0000  0.0000  1.0000  0.0000  0.0000  0.0000  0.0000  1
184:   0.0000  0.5352  0.0926  0.3722  0.0000  0.0000  0.0000  0.0000  1
185:   1.0000  0.0000  0.0000  0.0000  0.0000  0.0000  0.0000  0.0000  1
186:   0.2631  0.0000  0.0000  0.0000  0.7369  0.0000  0.0000  0.0000  1
187:   0.1185  0.0000  0.0000  0.0000  0.0000  0.0049  0.0000  0.8766  1
188:   0.0000  0.0000  0.0000  0.2206  0.0000  0.0000  0.0000  0.7794  1
189:   0.1928  0.3909  0.0000  0.0000  0.0000  0.4163  0.0000  0.0000  1
190:   1.0000  0.0000  0.0000  0.0000  0.0000  0.0000  0.0000  0.0000  1
191:   0.0000  0.0000  0.0000  1.0000  0.0000  0.0000  0.0000  0.0000  1
192:   0.0000  0.0000  0.0000  0.0000  0.0000  0.0000  0.8353  0.1647  1
193:   0.0000  0.0000  0.3208  0.6792  0.0000  0.0000  0.0000  0.0000  1
194:   0.9444  0.0000  0.0000  0.0000  0.0000  0.0000  0.0000  0.0556  1
195:   0.0000  0.9974  0.0000  0.0000  0.0000  0.0000  0.0000  0.0026  1
196:   0.0000  0.0000  0.3243  0.0000  0.5434  0.0000  0.1293  0.0030  1
197:   0.0000  0.5922  0.0000  0.4078  0.0000  0.0000  0.0000  0.0000  1
198:   1.0000  0.0000  0.0000  0.0000  0.0000  0.0000  0.0000  0.0000  1
199:   0.7145  0.0000  0.0000  0.0000  0.0000  0.0000  0.0000  0.2855  1
200:   0.0000  1.0000  0.0000  0.0000  0.0000  0.0000  0.0000  0.0000  1
201:   0.6649  0.2068  0.0000  0.0000  0.0000  0.0250  0.1033  0.0000  1
202:   0.0000  0.0000  0.0000  1.0000  0.0000  0.0000  0.0000  0.0000  1
203:   0.0000  0.0000  0.0000  1.0000  0.0000  0.0000  0.0000  0.0000  1
204:   0.0000  0.0000  0.0000  1.0000  0.0000  0.0000  0.0000  0.0000  1
205:   0.5934  0.0000  0.0000  0.2521  0.0000  0.1544  0.0000  0.0000  1
206:   0.0000  0.0000  0.1980  0.0000  0.0000  0.0000  0.8020  0.0000  1
207:   0.0000  0.2304  0.7619  0.0000  0.0000  0.0000  0.0077  0.0000  1
208:   0.0000  0.4365  0.0000  0.5635  0.0000  0.0000  0.0000  0.0000  1
209:   0.5535  0.0000  0.4465  0.0000  0.0000  0.0000  0.0000  0.0000  1
210:   0.0000  0.0000  0.0000  1.0000  0.0000  0.0000  0.0000  0.0000  1
211:   0.0000  0.0000  0.0000  0.8727  0.0000  0.0000  0.0000  0.1273  1
212:   0.0000  1.0000  0.0000  0.0000  0.0000  0.0000  0.0000  0.0000  1
213:   0.0000  0.0000  0.0000  1.0000  0.0000  0.0000  0.0000  0.0000  1
214:   0.0000  0.7096  0.0000  0.0026  0.0000  0.0000  0.0005  0.2873  1
215:   0.0000  0.0000  0.1369  0.8631  0.0000  0.0000  0.0000  0.0000  1
216:   0.0000  0.0000  0.0000  0.0000  0.0000  0.8193  0.0000  0.1807  1
217:   0.0000  0.0000  0.0000  1.0000  0.0000  0.0000  0.0000  0.0000  1
218:   0.0001  0.0000  0.0000  0.0000  0.0000  0.0000  0.4917  0.5082  1
219:   0.0000  0.0000  0.0000  0.0000  0.5977  0.0000  0.0000  0.4023  1
220:   0.0000  0.0000  0.0000  0.6464  0.3257  0.0000  0.0000  0.0279  1
221:   0.0000  0.0000  0.0000  0.9058  0.0942  0.0000  0.0000  0.0000  1
222:   0.0000  0.0000  0.0000  1.0000  0.0000  0.0000  0.0000  0.0000  1
223:   0.5938  0.0000  0.4062  0.0000  0.0000  0.0000  0.0000  0.0000  1
224:   0.0000  0.0000  0.0000  1.0000  0.0000  0.0000  0.0000  0.0000  1
225:   0.0000  0.0000  0.0000  1.0000  0.0000  0.0000  0.0000  0.0000  1
226:   0.0000  0.0000  0.0000  0.7894  0.0000  0.0000  0.0000  0.2106  1
227:   0.0000  0.0000  0.0000  1.0000  0.0000  0.0000  0.0000  0.0000  1
228:   0.0000  0.0000  0.0000  0.0000  0.1112  0.0000  0.8888  0.0000  1
229:   0.0000  1.0000  0.0000  0.0000  0.0000  0.0000  0.0000  0.0000  1
230:   0.9071  0.0000  0.0000  0.0000  0.0000  0.0929  0.0000  0.0000  1

  1:   0.0000  0.0000  0.0000  1.0000  0.0000  0.0000  0.0000  0.0000  1
  2:   0.0000  0.0000  1.0000  0.0000  0.0000  0.0000  0.0000  0.0000  1
  3:   0.0000  0.0000  0.0000  0.0000  1.0000  0.0000  0.0000  0.0000  1
  4:   0.0968  0.0000  0.8625  0.0000  0.0407  0.0000  0.0000  0.0000  1
  5:   0.0000  0.0000  1.0000  0.0000  0.0000  0.0000  0.0000  0.0000  1
  6:   0.0000  0.0565  0.0000  0.0000  0.0211  0.0000  0.4065  0.5159  1
  7:   0.0000  0.3510  0.0000  0.0000  0.0447  0.0000  0.5912  0.0131  1
  8:   0.8252  0.0000  0.1748  0.0000  0.0000  0.0000  0.0000  0.0000  1
  9:   0.0000  0.0000  0.0000  0.0000  1.0000  0.0000  0.0000  0.0000  1
 10:   0.0000  0.0000  0.0000  0.0000  0.0000  0.0000  0.0000  1.0000  1
 11:   0.0000  0.0000  0.7548  0.0000  0.2452  0.0000  0.0000  0.0000  1
 12:   0.1792  0.0000  0.8208  0.0000  0.0000  0.0000  0.0000  0.0000  1
 13:   0.1301  0.0000  0.8699  0.0000  0.0000  0.0000  0.0000  0.0000  1
 14:   0.0000  0.0000  0.0000  0.0000  0.0000  1.0000  0.0000  0.0000  1
 15:   0.6458  0.0000  0.0041  0.0000  0.3501  0.0000  0.0000  0.0000  1
 16:   0.0000  0.0000  0.0000  0.0000  0.0000  0.0000  1.0000  0.0000  1
 17:   0.0534  0.0000  0.8595  0.0386  0.0484  0.0000  0.0000  0.0000  1
 18:   0.0000  0.0000  0.8490  0.0000  0.1510  0.0000  0.0000  0.0000  1
 19:   0.0000  0.3391  0.0000  0.0000  0.0000  0.0792  0.5817  0.0000  1
 20:   0.2687  0.0000  0.6537  0.0000  0.0776  0.0000  0.0000  0.0000  1
 21:   0.0000  0.0000  0.8037  0.0000  0.1963  0.0000  0.0000  0.0000  1
 22:   0.0000  0.0000  0.0000  0.0000  1.0000  0.0000  0.0000  0.0000  1
 23:   0.0000  0.0000  0.0000  0.0000  0.0000  0.0000  0.9033  0.0967  1
 24:   0.0000  0.4947  0.0000  0.0000  0.0000  0.0000  0.4332  0.0722  1
 25:   0.0850  0.0000  0.3283  0.0000  0.5867  0.0000  0.0000  0.0000  1
 26:   0.0000  0.0000  0.0000  0.0000  0.0000  1.0000  0.0000  0.0000  1
 27:   0.1500  0.0000  0.5724  0.0000  0.2776  0.0000  0.0000  0.0000  1
 28:   0.0000  0.2711  0.0000  0.0000  0.0000  0.0000  0.7138  0.0151  1
 29:   0.0409  0.0000  0.9591  0.0000  0.0000  0.0000  0.0000  0.0000  1
 30:   0.0264  0.0000  0.8095  0.0000  0.1640  0.0000  0.0000  0.0000  1
 31:   0.0000  0.1295  0.0000  0.8705  0.0000  0.0000  0.0000  0.0000  1
 32:   0.0857  0.0000  0.0000  0.0000  0.0000  0.0000  0.0000  0.9143  1
 33:   0.0000  0.1131  0.1048  0.0000  0.0000  0.0000  0.6380  0.1441  1
 34:   0.0000  0.0000  0.0000  0.0000  0.0000  0.0000  0.0000  1.0000  1
 35:   0.0000  0.2232  0.0000  0.0000  0.0000  0.0000  0.7768  0.0000  1
 36:   0.0000  0.0000  0.0000  0.0000  0.0000  1.0000  0.0000  0.0000  1
 37:   0.1034  0.2115  0.0000  0.0000  0.0000  0.2882  0.0000  0.3970  1
 38:   0.3231  0.0000  0.6769  0.0000  0.0000  0.0000  0.0000  0.0000  1
 39:   0.0353  0.2453  0.0000  0.0142  0.0000  0.0000  0.7053  0.0000  1
 40:   1.0000  0.0000  0.0000  0.0000  0.0000  0.0000  0.0000  0.0000  1
 41:   0.0719  0.0000  0.5414  0.0000  0.3868  0.0000  0.0000  0.0000  1
 42:   0.0000  0.0000  0.9365  0.0000  0.0635  0.0000  0.0000  0.0000  1
 43:   0.2413  0.0000  0.3608  0.0000  0.3979  0.0000  0.0000  0.0000  1
 44:   0.1091  0.1412  0.0000  0.0000  0.0604  0.1888  0.0000  0.5005  1
 45:   0.0000  0.0000  0.0000  0.0000  0.0000  1.0000  0.0000  0.0000  1
 46:   0.0000  0.0000  0.3213  0.0000  0.6787  0.0000  0.0000  0.0000  1
 47:   0.0000  0.1576  0.0000  0.0000  0.0000  0.0000  0.8424  0.0000  1
 48:   0.0000  0.0000  0.0000  0.0000  0.0000  0.0000  0.2712  0.7288  1
 49:   0.0000  0.2594  0.0000  0.0027  0.0131  0.1938  0.5309  0.0000  1
 50:   0.0000  0.0000  0.0000  0.0000  0.0000  1.0000  0.0000  0.0000  1
 51:   0.0000  0.0000  0.0000  0.0000  1.0000  0.0000  0.0000  0.0000  1
 52:   0.2984  0.0000  0.7016  0.0000  0.0000  0.0000  0.0000  0.0000  1
 53:   0.0000  0.0000  0.0000  0.0000  0.0000  0.0000  0.0000  1.0000  1
 54:   0.0000  0.0000  0.0000  1.0000  0.0000  0.0000  0.0000  0.0000  1
 55:   0.0000  1.0000  0.0000  0.0000  0.0000  0.0000  0.0000  0.0000  1
 56:   0.0000  0.0000  0.0000  1.0000  0.0000  0.0000  0.0000  0.0000  1
 57:   0.0000  0.0000  0.0000  0.0000  0.0000  0.0000  0.0000  1.0000  1
 58:   0.0000  0.0000  0.0000  0.0000  0.0000  1.0000  0.0000  0.0000  1
 59:   0.3909  0.0000  0.6091  0.0000  0.0000  0.0000  0.0000  0.0000  1
 60:   0.0000  0.0973  0.0000  0.0000  0.0000  0.0000  0.0000  0.9027  1
 61:   0.0000  0.0000  0.0000  0.0000  0.0000  0.0000  0.0000  1.0000  1
 62:   0.1500  0.0000  0.6938  0.0000  0.1562  0.0000  0.0000  0.0000  1
 63:   0.0502  0.5664  0.0000  0.0000  0.0000  0.0000  0.0000  0.3834  1
 64:   0.0000  0.1626  0.0000  0.0000  0.0000  0.0000  0.7701  0.0673  1
 65:   0.0839  0.0000  0.0000  0.0862  0.0000  0.0614  0.0000  0.7685  1
 66:   0.2719  0.0000  0.4199  0.0000  0.3082  0.0000  0.0000  0.0000  1
 67:   0.0173  0.0000  0.0000  0.9459  0.0000  0.0000  0.0000  0.0368  1
 68:   0.0000  0.0000  0.0000  1.0000  0.0000  0.0000  0.0000  0.0000  1
 69:   0.0000  0.0000  0.0000  0.0000  0.0000  0.0000  0.0000  1.0000  1
 70:   0.0000  0.0000  0.0000  0.0000  0.0000  0.1288  0.0000  0.8712  1
 71:   0.1241  0.0665  0.7946  0.0000  0.0148  0.0000  0.0000  0.0000  1
 72:   0.0265  0.0000  0.3193  0.0370  0.6172  0.0000  0.0000  0.0000  1
 73:   0.1459  0.0000  0.3050  0.0000  0.4575  0.0000  0.0916  0.0000  1
 74:   0.0000  0.0000  0.0000  0.0000  0.0000  0.0000  0.0000  1.0000  1
 75:   0.0000  0.0000  0.0000  0.0000  0.0443  0.0000  0.2724  0.6832  1
 76:   0.0000  0.0000  0.0000  0.0000  0.0000  0.0000  0.0000  1.0000  1
 77:   0.2154  0.0398  0.7448  0.0000  0.0000  0.0000  0.0000  0.0000  1
 78:   0.0000  0.0000  0.0000  1.0000  0.0000  0.0000  0.0000  0.0000  1
 79:   0.0000  0.0000  0.0000  0.0000  0.0000  0.0000  0.0000  1.0000  1
 80:   0.1989  0.0000  0.8011  0.0000  0.0000  0.0000  0.0000  0.0000  1
 81:   0.0000  0.0000  0.0000  1.0000  0.0000  0.0000  0.0000  0.0000  1
 82:   0.0000  0.3512  0.0000  0.0000  0.0000  0.0000  0.6488  0.0000  1
 83:   0.0000  1.0000  0.0000  0.0000  0.0000  0.0000  0.0000  0.0000  1
 84:   0.2676  0.0000  0.0000  0.0000  0.0000  0.0616  0.0000  0.6709  1
 85:   0.0000  0.0000  0.0000  0.0000  0.0000  0.0000  0.2302  0.7698  1
 86:   0.0000  0.8338  0.0000  0.0000  0.0000  0.0000  0.1662  0.0000  1
 87:   0.1713  0.0000  0.5643  0.0000  0.0443  0.0000  0.0000  0.2201  1
 88:   0.0000  1.0000  0.0000  0.0000  0.0000  0.0000  0.0000  0.0000  1
 89:   0.0000  0.0000  0.0000  0.0000  0.0000  0.0000  0.0000  1.0000  1
 90:   0.0000  0.0000  0.6402  0.0000  0.3598  0.0000  0.0000  0.0000  1
 91:   0.0000  0.6619  0.0000  0.0000  0.0000  0.0000  0.1261  0.2121  1
 92:   0.0000  0.2404  0.0000  0.0000  0.0670  0.1703  0.5223  0.0000  1
 93:   0.0000  0.0000  0.0000  1.0000  0.0000  0.0000  0.0000  0.0000  1
 94:   0.0000  0.0000  0.0000  1.0000  0.0000  0.0000  0.0000  0.0000  1
 95:   0.0000  0.7672  0.0000  0.0801  0.1527  0.0000  0.0000  0.0000  1
 96:   0.0000  0.0000  0.9083  0.0000  0.0917  0.0000  0.0000  0.0000  1
 97:   0.1457  0.0000  0.0000  0.0000  0.0000  0.0000  0.7949  0.0594  1
 98:   0.0771  0.5556  0.0000  0.0000  0.0000  0.1053  0.0000  0.2620  1
 99:   0.1871  0.6174  0.0000  0.0000  0.1955  0.0000  0.0000  0.0000  1
100:   0.8417  0.0000  0.0000  0.1063  0.0000  0.0000  0.0520  0.0000  1
101:   1.0000  0.0000  0.0000  0.0000  0.0000  0.0000  0.0000  0.0000  1
102:   0.0000  0.0000  0.0000  0.0470  0.8263  0.0000  0.1267  0.0000  1
103:   0.0000  0.0000  0.0000  0.0910  0.0000  0.1596  0.7494  0.0000  1
104:   0.2496  0.0270  0.4580  0.1983  0.0000  0.0000  0.0671  0.0000  1
105:   0.0000  0.0000  0.0000  0.0000  0.8028  0.0000  0.1972  0.0000  1
106:   0.3093  0.0000  0.0000  0.0000  0.6907  0.0000  0.0000  0.0000  1
107:   1.0000  0.0000  0.0000  0.0000  0.0000  0.0000  0.0000  0.0000  1
108:   0.0000  0.0543  0.9457  0.0000  0.0000  0.0000  0.0000  0.0000  1
109:   0.0000  0.0000  0.0000  0.0000  0.0720  0.0000  0.2772  0.6508  1
110:   0.0682  0.0000  0.6259  0.0310  0.2749  0.0000  0.0000  0.0000  1
111:   0.3103  0.0000  0.2332  0.0000  0.4564  0.0000  0.0000  0.0000  1
112:   0.0000  0.8997  0.0000  0.0000  0.0000  0.0000  0.0000  0.1003  1
113:   0.0994  0.2905  0.0000  0.0000  0.0868  0.0000  0.5234  0.0000  1
114:   0.2396  0.1260  0.0000  0.0000  0.0690  0.0000  0.5190  0.0464  1
115:   0.0238  0.3351  0.0291  0.0000  0.0000  0.0000  0.2777  0.3342  1
116:   0.6934  0.0000  0.1261  0.0000  0.0977  0.0827  0.0000  0.0000  1
117:   0.8982  0.0000  0.0000  0.1018  0.0000  0.0000  0.0000  0.0000  1
118:   0.1019  0.0000  0.0000  0.0000  0.0000  0.0000  0.8981  0.0000  1
119:   0.0000  0.0000  0.0000  0.1489  0.8511  0.0000  0.0000  0.0000  1
120:   0.5372  0.0000  0.0000  0.1036  0.3591  0.0000  0.0000  0.0000  1
121:   0.0000  0.0000  0.5729  0.0000  0.3754  0.0517  0.0000  0.0000  1
122:   0.4522  0.0000  0.0000  0.0000  0.4952  0.0000  0.0000  0.0526  1
123:   1.0000  0.0000  0.0000  0.0000  0.0000  0.0000  0.0000  0.0000  1
124:   0.0000  0.0000  0.0000  0.0000  0.0000  0.3863  0.6137  0.0000  1
125:   0.0000  0.8827  0.0000  0.0000  0.0379  0.0000  0.0000  0.0794  1
126:   0.2820  0.0000  0.2399  0.0000  0.4781  0.0000  0.0000  0.0000  1
127:   0.0000  1.0000  0.0000  0.0000  0.0000  0.0000  0.0000  0.0000  1
128:   0.0000  0.0000  0.0000  1.0000  0.0000  0.0000  0.0000  0.0000  1
129:   0.0000  0.0000  1.0000  0.0000  0.0000  0.0000  0.0000  0.0000  1
130:   0.0000  0.0000  0.0000  0.7917  0.2083  0.0000  0.0000  0.0000  1
131:   0.0000  0.0000  1.0000  0.0000  0.0000  0.0000  0.0000  0.0000  1
132:   0.0000  0.0000  0.0000  0.0000  0.0000  1.0000  0.0000  0.0000  1
133:   0.0000  0.0000  0.2627  0.7373  0.0000  0.0000  0.0000  0.0000  1
134:   0.1275  0.0000  0.0000  0.6921  0.1804  0.0000  0.0000  0.0000  1
135:   1.0000  0.0000  0.0000  0.0000  0.0000  0.0000  0.0000  0.0000  1
136:   0.0000  0.0000  0.0000  1.0000  0.0000  0.0000  0.0000  0.0000  1
137:   0.1460  0.0000  0.4738  0.0000  0.3803  0.0000  0.0000  0.0000  1
138:   0.0000  0.3456  0.0000  0.0000  0.0000  0.1459  0.4038  0.1047  1
139:   0.0000  0.2773  0.0000  0.7227  0.0000  0.0000  0.0000  0.0000  1
140:   0.1755  0.0000  0.5978  0.0580  0.0000  0.0000  0.1686  0.0000  1
141:   0.0000  0.0000  0.0000  0.0000  0.0000  0.0000  0.0000  1.0000  1
142:   0.0000  0.1494  0.0000  0.8506  0.0000  0.0000  0.0000  0.0000  1
143:   1.0000  0.0000  0.0000  0.0000  0.0000  0.0000  0.0000  0.0000  1
144:   0.0000  0.0000  0.0000  1.0000  0.0000  0.0000  0.0000  0.0000  1
145:   0.0000  0.0070  0.2119  0.7811  0.0000  0.0000  0.0000  0.0000  1
146:   0.0000  0.5702  0.0000  0.1677  0.0000  0.0000  0.2621  0.0000  1
147:   0.1452  0.0000  0.0000  0.0000  0.0000  0.0000  0.4724  0.3824  1
148:   0.0000  0.0000  0.0000  0.8557  0.0000  0.0000  0.0000  0.1443  1
149:   1.0000  0.0000  0.0000  0.0000  0.0000  0.0000  0.0000  0.0000  1
150:   1.0000  0.0000  0.0000  0.0000  0.0000  0.0000  0.0000  0.0000  1
151:   0.0000  1.0000  0.0000  0.0000  0.0000  0.0000  0.0000  0.0000  1
152:   0.7535  0.0000  0.0000  0.0000  0.0000  0.0000  0.2465  0.0000  1
153:   0.1432  0.1188  0.7134  0.0000  0.0246  0.0000  0.0000  0.0000  1
154:   0.5242  0.0000  0.4659  0.0099  0.0000  0.0000  0.0000  0.0000  1
155:   0.2050  0.0000  0.6118  0.1488  0.0000  0.0000  0.0344  0.0000  1
156:   0.0554  0.0000  0.7922  0.1525  0.0000  0.0000  0.0000  0.0000  1
157:   0.4692  0.0000  0.0000  0.0000  0.5308  0.0000  0.0000  0.0000  1
158:   0.0000  0.5254  0.0285  0.0000  0.0000  0.0058  0.4402  0.0000  1
159:   0.0000  0.0000  0.6176  0.0000  0.0000  0.3824  0.0000  0.0000  1
160:   0.0000  0.0000  0.0000  1.0000  0.0000  0.0000  0.0000  0.0000  1
161:   0.2339  0.0104  0.0000  0.0511  0.0000  0.1628  0.2524  0.2894  1
162:   0.0000  1.0000  0.0000  0.0000  0.0000  0.0000  0.0000  0.0000  1
163:   0.0000  0.0000  0.0000  0.8477  0.1523  0.0000  0.0000  0.0000  1
164:   0.0000  0.0000  0.0000  1.0000  0.0000  0.0000  0.0000  0.0000  1
165:   0.0000  0.0000  0.0000  0.0000  0.3065  0.4250  0.2685  0.0000  1
166:   0.0437  0.0000  0.6138  0.0000  0.3425  0.0000  0.0000  0.0000  1
167:   1.0000  0.0000  0.0000  0.0000  0.0000  0.0000  0.0000  0.0000  1
168:   0.3192  0.0000  0.0000  0.0420  0.0000  0.0662  0.3250  0.2475  1
169:   1.0000  0.0000  0.0000  0.0000  0.0000  0.0000  0.0000  0.0000  1
170:   0.0000  0.2070  0.2232  0.0000  0.0000  0.0000  0.2243  0.3455  1
171:   0.1834  0.0000  0.0000  0.0000  0.5117  0.0000  0.0000  0.3049  1
172:   0.3632  0.0000  0.5874  0.0000  0.0000  0.0494  0.0000  0.0000  1
173:   0.0000  0.0000  0.0000  0.7846  0.2154  0.0000  0.0000  0.0000  1
174:   0.5812  0.0000  0.4188  0.0000  0.0000  0.0000  0.0000  0.0000  1
175:   0.0000  0.0000  0.1807  0.2368  0.5825  0.0000  0.0000  0.0000  1
176:   0.1018  0.4569  0.4412  0.0000  0.0000  0.0000  0.0000  0.0000  1
177:   0.0000  0.0000  0.0000  1.0000  0.0000  0.0000  0.0000  0.0000  1
178:   0.7320  0.0000  0.0000  0.1027  0.0000  0.0000  0.0000  0.1653  1
179:   0.6194  0.3806  0.0000  0.0000  0.0000  0.0000  0.0000  0.0000  1
180:   0.5765  0.0000  0.0000  0.0000  0.2647  0.1588  0.0000  0.0000  1
181:   1.0000  0.0000  0.0000  0.0000  0.0000  0.0000  0.0000  0.0000  1
182:   0.8252  0.0000  0.1748  0.0000  0.0000  0.0000  0.0000  0.0000  1
183:   0.0000  0.0000  0.0000  1.0000  0.0000  0.0000  0.0000  0.0000  1
184:   0.0752  0.5837  0.0691  0.2720  0.0000  0.0000  0.0000  0.0000  1
185:   1.0000  0.0000  0.0000  0.0000  0.0000  0.0000  0.0000  0.0000  1
186:   0.3389  0.0000  0.0000  0.0000  0.6611  0.0000  0.0000  0.0000  1
187:   0.1195  0.0000  0.0000  0.0000  0.0000  0.0036  0.0000  0.8769  1
188:   0.0000  0.0000  0.0000  0.1374  0.0000  0.0000  0.5410  0.3215  1
189:   0.0000  0.0000  0.0000  0.0000  0.0000  0.2894  0.7106  0.0000  1
190:   1.0000  0.0000  0.0000  0.0000  0.0000  0.0000  0.0000  0.0000  1
191:   0.0000  0.0000  0.0000  1.0000  0.0000  0.0000  0.0000  0.0000  1
192:   0.0000  0.0000  0.0000  0.0000  0.0000  0.0004  0.7584  0.2412  1
193:   0.0000  0.0000  0.3112  0.6888  0.0000  0.0000  0.0000  0.0000  1
194:   0.9375  0.0000  0.0000  0.0000  0.0000  0.0000  0.0000  0.0625  1
195:   0.0000  0.9792  0.0000  0.0000  0.0000  0.0000  0.0000  0.0208  1
196:   0.0000  0.0000  0.2239  0.0000  0.5032  0.0000  0.2729  0.0000  1
197:   0.0000  0.0000  0.0000  0.4558  0.0000  0.0000  0.5442  0.0000  1
198:   1.0000  0.0000  0.0000  0.0000  0.0000  0.0000  0.0000  0.0000  1
199:   0.7448  0.0000  0.0000  0.0000  0.0000  0.0000  0.0000  0.2552  1
200:   0.0000  1.0000  0.0000  0.0000  0.0000  0.0000  0.0000  0.0000  1
201:   0.5657  0.3610  0.0000  0.0000  0.0000  0.0000  0.0734  0.0000  1
202:   0.0000  0.0000  0.0000  1.0000  0.0000  0.0000  0.0000  0.0000  1
203:   0.0000  0.0000  0.0000  1.0000  0.0000  0.0000  0.0000  0.0000  1
204:   0.0000  0.0000  0.0000  1.0000  0.0000  0.0000  0.0000  0.0000  1
205:   0.5576  0.0000  0.0000  0.2927  0.0000  0.1497  0.0000  0.0000  1
206:   0.0000  1.0000  0.0000  0.0000  0.0000  0.0000  0.0000  0.0000  1
207:   0.0000  0.0000  0.7726  0.0000  0.0000  0.0000  0.2274  0.0000  1
208:   0.0000  0.0000  0.0000  0.7788  0.2164  0.0000  0.0048  0.0000  1
209:   0.5899  0.0000  0.4101  0.0000  0.0000  0.0000  0.0000  0.0000  1
210:   0.0000  0.0000  0.0000  1.0000  0.0000  0.0000  0.0000  0.0000  1
211:   0.0000  0.0000  0.0000  0.8688  0.0000  0.0000  0.0000  0.1312  1
212:   0.0000  0.0000  0.0000  0.0000  0.0000  0.1401  0.8599  0.0000  1
213:   0.0000  0.0000  0.0000  1.0000  0.0000  0.0000  0.0000  0.0000  1
214:   0.0000  0.0000  0.0000  0.0000  0.0000  0.0000  0.8739  0.1261  1
215:   0.0000  0.0000  0.1344  0.8656  0.0000  0.0000  0.0000  0.0000  1
216:   0.0000  0.0000  0.0000  0.0000  0.0000  0.6965  0.3035  0.0000  1
217:   0.0000  0.0000  0.0000  1.0000  0.0000  0.0000  0.0000  0.0000  1
218:   0.0764  0.0000  0.0000  0.0000  0.0000  0.0000  0.6383  0.2853  1
219:   0.0314  0.0000  0.0000  0.0000  0.5429  0.0000  0.0000  0.4256  1
220:   0.0000  0.0000  0.0000  0.6278  0.3299  0.0000  0.0000  0.0423  1
221:   0.0000  0.0000  0.0000  0.9123  0.0877  0.0000  0.0000  0.0000  1
222:   0.0000  0.0000  0.0000  1.0000  0.0000  0.0000  0.0000  0.0000  1
223:   0.7015  0.2924  0.0000  0.0000  0.0061  0.0000  0.0000  0.0000  1
224:   0.0000  0.0000  0.0000  1.0000  0.0000  0.0000  0.0000  0.0000  1
225:   0.0000  0.0000  0.0000  1.0000  0.0000  0.0000  0.0000  0.0000  1
226:   0.0000  0.0000  0.0000  0.8164  0.0000  0.0000  0.0000  0.1836  1
227:   0.0000  0.0000  0.0000  1.0000  0.0000  0.0000  0.0000  0.0000  1
228:   0.0000  1.0000  0.0000  0.0000  0.0000  0.0000  0.0000  0.0000  1
229:   0.0000  0.9977  0.0000  0.0000  0.0023  0.0000  0.0000  0.0000  1
230:   0.8545  0.0000  0.0182  0.0000  0.0000  0.1272  0.0000  0.0000  1

  1:   0.0000  0.0000  0.0000  1.0000  0.0000  0.0000  0.0000  0.0000  1
  2:   0.0000  0.0000  1.0000  0.0000  0.0000  0.0000  0.0000  0.0000  1
  3:   0.0000  0.0000  0.0000  0.0000  1.0000  0.0000  0.0000  0.0000  1
  4:   0.1018  0.0000  0.8619  0.0000  0.0363  0.0000  0.0000  0.0000  1
  5:   0.0000  0.0000  1.0000  0.0000  0.0000  0.0000  0.0000  0.0000  1
  6:   0.0000  0.2413  0.0000  0.0000  0.0000  0.0000  0.1923  0.5664  1
  7:   0.0000  0.6481  0.0000  0.0000  0.0391  0.0000  0.2705  0.0423  1
  8:   0.8189  0.0000  0.1811  0.0000  0.0000  0.0000  0.0000  0.0000  1
  9:   0.0000  0.0000  0.0000  0.0000  1.0000  0.0000  0.0000  0.0000  1
 10:   0.0000  0.0000  0.0000  0.0000  0.0000  0.0000  0.0000  1.0000  1
 11:   0.0000  0.0000  0.7521  0.0000  0.2479  0.0000  0.0000  0.0000  1
 12:   0.1801  0.0000  0.8199  0.0000  0.0000  0.0000  0.0000  0.0000  1
 13:   0.1285  0.0000  0.8715  0.0000  0.0000  0.0000  0.0000  0.0000  1
 14:   0.0000  0.0000  0.0000  0.0000  0.0000  1.0000  0.0000  0.0000  1
 15:   0.6370  0.0000  0.0000  0.0000  0.3630  0.0000  0.0000  0.0000  1
 16:   0.0000  0.0000  0.0000  0.0000  0.0000  0.0000  1.0000  0.0000  1
 17:   0.0718  0.0000  0.8433  0.0324  0.0525  0.0000  0.0000  0.0000  1
 18:   0.0000  0.0000  0.8696  0.0000  0.1304  0.0000  0.0000  0.0000  1
 19:   0.0000  0.4872  0.0000  0.0000  0.0000  0.1557  0.3571  0.0000  1
 20:   0.2551  0.0000  0.6484  0.0000  0.0965  0.0000  0.0000  0.0000  1
 21:   0.0000  0.0000  0.7974  0.0000  0.2026  0.0000  0.0000  0.0000  1
 22:   0.0000  0.0000  0.0000  0.0000  1.0000  0.0000  0.0000  0.0000  1
 23:   0.0000  0.0000  0.0000  0.0000  0.0000  0.0000  1.0000  0.0000  1
 24:   0.0000  0.5061  0.0000  0.0000  0.0000  0.0000  0.3930  0.1009  1
 25:   0.0840  0.0000  0.3177  0.0000  0.5983  0.0000  0.0000  0.0000  1
 26:   0.0000  0.0000  0.0000  0.0000  0.0000  1.0000  0.0000  0.0000  1
 27:   0.1373  0.0000  0.5913  0.0000  0.2714  0.0000  0.0000  0.0000  1
 28:   0.0000  0.5537  0.0000  0.0000  0.0000  0.0000  0.2876  0.1587  1
 29:   0.0526  0.0000  0.9474  0.0000  0.0000  0.0000  0.0000  0.0000  1
 30:   0.0248  0.0000  0.8321  0.0000  0.1431  0.0000  0.0000  0.0000  1
 31:   0.0000  0.1819  0.0000  0.8181  0.0000  0.0000  0.0000  0.0000  1
 32:   0.0771  0.0000  0.0000  0.0000  0.0000  0.0000  0.0000  0.9229  1
 33:   0.1144  0.5063  0.0000  0.0000  0.0000  0.0000  0.2057  0.1736  1
 34:   0.0000  0.0000  0.0000  0.0000  0.0000  0.0000  0.0000  1.0000  1
 35:   0.0000  0.1390  0.0000  0.0000  0.0000  0.0000  0.8610  0.0000  1
 36:   0.0000  0.0000  0.0000  0.0000  0.0000  1.0000  0.0000  0.0000  1
 37:   0.0842  0.1370  0.0000  0.0000  0.0000  0.2714  0.1086  0.3988  1
 38:   0.3318  0.0000  0.6682  0.0000  0.0000  0.0000  0.0000  0.0000  1
 39:   0.0398  0.6007  0.0000  0.0488  0.0000  0.0000  0.1541  0.1567  1
 40:   1.0000  0.0000  0.0000  0.0000  0.0000  0.0000  0.0000  0.0000  1
 41:   0.0672  0.0000  0.5283  0.0000  0.4045  0.0000  0.0000  0.0000  1
 42:   0.0000  0.0000  0.9239  0.0000  0.0761  0.0000  0.0000  0.0000  1
 43:   0.2087  0.0263  0.4537  0.0000  0.3114  0.0000  0.0000  0.0000  1
 44:   0.0663  0.0072  0.0000  0.0000  0.1456  0.2255  0.0000  0.5555  1
 45:   0.0000  0.0000  0.0000  0.0000  0.0000  1.0000  0.0000  0.0000  1
 46:   0.0000  0.0000  0.3445  0.0000  0.6555  0.0000  0.0000  0.0000  1
 47:   0.0000  0.0000  0.0000  0.0000  0.0000  0.0000  1.0000  0.0000  1
 48:   0.0000  0.1491  0.0000  0.0000  0.0000  0.0000  0.0602  0.7906  1
 49:   0.0000  0.6127  0.0000  0.0280  0.0000  0.2494  0.1099  0.0000  1
 50:   0.0000  0.1305  0.0000  0.0000  0.0000  0.8695  0.0000  0.0000  1
 51:   0.0000  0.0000  0.0000  0.0000  1.0000  0.0000  0.0000  0.0000  1
 52:   0.3165  0.0000  0.6835  0.0000  0.0000  0.0000  0.0000  0.0000  1
 53:   0.0000  0.0000  0.0000  0.0000  0.0000  0.0000  0.0000  1.0000  1
 54:   0.0000  0.0000  0.0000  1.0000  0.0000  0.0000  0.0000  0.0000  1
 55:   0.0000  1.0000  0.0000  0.0000  0.0000  0.0000  0.0000  0.0000  1
 56:   0.0000  0.0000  0.0000  1.0000  0.0000  0.0000  0.0000  0.0000  1
 57:   0.0000  0.0000  0.0000  0.0000  0.0000  0.0000  0.0000  1.0000  1
 58:   0.0000  0.0000  0.0000  0.0000  0.0000  1.0000  0.0000  0.0000  1
 59:   0.3910  0.0000  0.6090  0.0000  0.0000  0.0000  0.0000  0.0000  1
 60:   0.0000  0.0849  0.0000  0.0000  0.0000  0.0000  0.0000  0.9151  1
 61:   0.0000  0.0000  0.0000  0.0000  0.0000  0.0000  0.0000  1.0000  1
 62:   0.1607  0.0000  0.7085  0.0000  0.1308  0.0000  0.0000  0.0000  1
 63:   0.0216  0.4168  0.0000  0.0281  0.0000  0.0000  0.0750  0.4585  1
 64:   0.0000  0.1701  0.0000  0.0000  0.0000  0.0000  0.8299  0.0000  1
 65:   0.0000  0.0000  0.0000  0.1094  0.0000  0.0666  0.0000  0.8240  1
 66:   0.2672  0.0000  0.5344  0.0000  0.1985  0.0000  0.0000  0.0000  1
 67:   0.0393  0.0000  0.0000  0.8838  0.0000  0.0000  0.0000  0.0769  1
 68:   0.0000  0.0000  0.0000  1.0000  0.0000  0.0000  0.0000  0.0000  1
 69:   0.0000  0.0000  0.0000  0.0000  0.0000  0.0000  0.0000  1.0000  1
 70:   0.0000  0.0000  0.0000  0.0000  0.0000  0.1352  0.0000  0.8648  1
 71:   0.0905  0.0857  0.8238  0.0000  0.0000  0.0000  0.0000  0.0000  1
 72:   0.0034  0.0000  0.3426  0.0481  0.6059  0.0000  0.0000  0.0000  1
 73:   0.1835  0.0422  0.3441  0.0000  0.4302  0.0000  0.0000  0.0000  1
 74:   0.0000  0.0000  0.0000  0.0000  0.0000  0.0000  0.0000  1.0000  1
 75:   0.0000  0.0000  0.0000  0.0000  0.0281  0.0000  0.2497  0.7222  1
 76:   0.0000  0.0000  0.0000  0.0000  0.0000  0.0000  0.0000  1.0000  1
 77:   0.2024  0.0000  0.7704  0.0000  0.0000  0.0272  0.0000  0.0000  1
 78:   0.0000  0.0000  0.0000  1.0000  0.0000  0.0000  0.0000  0.0000  1
 79:   0.0000  0.0000  0.0000  0.0000  0.0000  0.0000  0.0000  1.0000  1
 80:   0.2178  0.0000  0.7822  0.0000  0.0000  0.0000  0.0000  0.0000  1
