  1:   0.1629  0.0858  0.0979  0.1236  0.0869  0.0561  0.1411  0.1509  0.0949  1
  2:   0.0000  0.3336  0.0000  0.0000  0.0500  0.6163  0.0000  0.0000  0.0000  1
  3:   0.0093  0.2500  0.0196  0.0000  0.0000  0.0000  0.2950  0.0078  0.4184  1
  4:   0.0638  0.0912  0.1240  0.1993  0.1125  0.0453  0.0472  0.1664  0.1502  1
  5:   0.0000  0.0050  0.0232  0.0000  0.0000  0.0000  0.6444  0.0000  0.3274  1
  6:   0.0000  0.0000  0.0000  0.0000  0.0000  0.0000  0.4373  0.5627  0.0000  1
  7:   0.3573  0.2555  0.3508  0.0000  0.0000  0.0335  0.0000  0.0000  0.0029  1
  8:   0.1576  0.0000  0.0000  0.0000  0.2511  0.5779  0.0000  0.0000  0.0134  1
  9:   0.0472  0.0708  0.0703  0.1794  0.2003  0.1270  0.1257  0.1443  0.0351  1
 10:   0.2683  0.0000  0.0000  0.0000  0.1675  0.0704  0.0437  0.0000  0.4501  1
 11:   0.0704  0.0343  0.1594  0.0976  0.0829  0.2036  0.1159  0.0535  0.1826  1
 12:   0.1870  0.0000  0.0000  0.0000  0.6156  0.1354  0.0000  0.0000  0.0620  1
 13:   0.6295  0.0000  0.0629  0.0000  0.0000  0.0000  0.0276  0.0000  0.2800  1
 14:   0.0000  0.4254  0.0000  0.0912  0.0000  0.0000  0.4126  0.0000  0.0709  1
 15:   0.0000  0.0000  0.3118  0.0000  0.1957  0.0000  0.0000  0.0326  0.4599  1
 16:   0.1035  0.0000  0.0000  0.0000  0.1513  0.7357  0.0000  0.0000  0.0095  1
 17:   0.0000  0.0000  0.1000  0.0000  0.0000  0.9000  0.0000  0.0000  0.0000  1
 18:   0.0185  0.3521  0.1023  0.0000  0.0000  0.0000  0.1619  0.0000  0.3652  1
 19:   0.0000  0.9000  0.0000  0.0000  0.0000  0.1000  0.0000  0.0000  0.0000  1
 20:   0.0321  0.0409  0.0000  0.2977  0.0000  0.0000  0.6293  0.0000  0.0000  1
 21:   0.3416  0.0397  0.5895  0.0000  0.0000  0.0291  0.0000  0.0000  0.0000  1
 22:   0.0951  0.1228  0.2971  0.0904  0.1359  0.2587  0.0000  0.0000  0.0000  1
 23:   0.0000  0.2193  0.5510  0.0000  0.0000  0.2297  0.0000  0.0000  0.0000  1
 24:   0.1007  0.2767  0.1801  0.0000  0.0000  0.0079  0.1962  0.0000  0.2384  1
 25:   0.2859  0.0000  0.4976  0.0000  0.0000  0.1115  0.0000  0.0000  0.1050  1
 26:   0.0485  0.1585  0.3127  0.0000  0.0000  0.0000  0.3337  0.0000  0.1466  1
 27:   0.0000  0.7365  0.0000  0.0000  0.0000  0.2635  0.0000  0.0000  0.0000  1
 28:   0.0870  0.0806  0.2136  0.1236  0.0219  0.0381  0.1078  0.1522  0.1752  1
 29:   0.1552  0.0716  0.1865  0.0955  0.0421  0.0692  0.0910  0.1510  0.1380  1
 30:   0.0000  0.0000  0.0000  0.0000  0.0000  1.0000  0.0000  0.0000  0.0000  1
 31:   0.1204  0.1293  0.1037  0.1200  0.0605  0.0802  0.0866  0.1126  0.1866  1
 32:   0.1175  0.1042  0.1193  0.1452  0.0830  0.0803  0.1025  0.1392  0.1088  1
 33:   0.0000  0.0000  0.0000  0.0000  0.0000  1.0000  0.0000  0.0000  0.0000  1
 34:   0.0184  0.0000  0.0000  0.0000  0.3862  0.0650  0.2025  0.3069  0.0211  1
 35:   0.0000  0.1000  0.0000  0.0000  0.0000  0.0000  0.9000  0.0000  0.0000  1
 36:   0.5525  0.0477  0.0000  0.0000  0.0000  0.1921  0.2076  0.0000  0.0000  1
 37:   0.1023  0.0000  0.0000  0.0000  0.4458  0.4519  0.0000  0.0000  0.0000  1
 38:   0.0000  0.0000  0.1000  0.0000  0.0000  0.0000  0.0000  0.0000  0.9000  1
 39:   0.5237  0.0000  0.0000  0.0000  0.0000  0.0358  0.4405  0.0000  0.0000  1
 40:   0.0000  0.9000  0.0000  0.0000  0.0000  0.0000  0.0000  0.0000  0.1000  1
 41:   0.1835  0.1299  0.0202  0.1381  0.1075  0.0672  0.1156  0.0612  0.1767  1
 42:   0.0000  0.0000  0.0000  0.0000  0.0000  0.0000  0.6021  0.0000  0.3979  1
 43:   0.0689  0.9000  0.0000  0.0000  0.0000  0.0000  0.0000  0.0000  0.0311  1
 44:   0.0000  0.0000  0.0000  0.2078  0.0681  0.7241  0.0001  0.0000  0.0000  1
 45:   0.7360  0.1998  0.0000  0.0000  0.0000  0.0368  0.0274  0.0000  0.0000  1
 46:   0.0506  0.0849  0.2296  0.1761  0.1136  0.0355  0.1749  0.0761  0.0586  1
 47:   0.1293  0.4500  0.0000  0.0000  0.0315  0.3857  0.0000  0.0000  0.0035  1
 48:   0.0000  0.3807  0.0268  0.0000  0.0000  0.0000  0.0223  0.0000  0.5703  1
 49:   0.0000  0.0000  0.0000  0.0000  0.0000  0.0000  0.0993  0.1107  0.7900  1
 50:   0.1559  0.0000  0.0000  0.0000  0.2910  0.5482  0.0000  0.0000  0.0049  1
 51:   0.0000  0.3081  0.3058  0.0000  0.0000  0.0000  0.1966  0.0000  0.1896  1
 52:   0.0000  0.0000  0.0486  0.0000  0.0000  0.0000  0.0514  0.0000  0.9000  1
 53:   0.1750  0.0989  0.1262  0.0490  0.1269  0.1748  0.0571  0.0294  0.1626  1
 54:   0.0000  0.4472  0.4162  0.0000  0.0000  0.1365  0.0000  0.0000  0.0001  1
 55:   0.1532  0.0000  0.0000  0.0000  0.5042  0.3281  0.0000  0.0000  0.0144  1
 56:   0.0000  0.9000  0.0000  0.0000  0.0000  0.1000  0.0000  0.0000  0.0000  1
 57:   0.0000  0.9000  0.0000  0.0000  0.0000  0.0000  0.0000  0.0000  0.1000  1
 58:   0.1549  0.0655  0.1975  0.1093  0.2219  0.0288  0.0812  0.0155  0.1254  1
 59:   0.0086  0.6663  0.0000  0.0000  0.0672  0.2170  0.0000  0.0000  0.0409  1
 60:   0.1004  0.1262  0.0902  0.1918  0.0640  0.1871  0.0801  0.1160  0.0442  1
 61:   0.0000  0.0000  0.0000  0.6334  0.0782  0.2884  0.0000  0.0000  0.0000  1
 62:   0.0000  0.0000  0.0000  0.0000  0.0000  0.0000  0.0000  1.0000  0.0000  1
 63:   0.0719  0.1858  0.0462  0.0507  0.1409  0.0767  0.2283  0.1725  0.0269  1
 64:   0.3866  0.0000  0.0000  0.0000  0.5784  0.0246  0.0000  0.0000  0.0104  1
 65:   0.0896  0.1571  0.0820  0.0432  0.1467  0.1505  0.1025  0.1458  0.0827  1
 66:   0.0000  0.1739  0.0496  0.0000  0.0000  0.0000  0.0063  0.0000  0.7701  1
 67:   0.0912  0.1172  0.1262  0.1289  0.1106  0.1372  0.0745  0.0562  0.1581  1
 68:   0.4066  0.0000  0.0000  0.0000  0.0000  0.0000  0.0331  0.0000  0.5603  1
 69:   0.0000  0.0000  0.0000  0.0000  0.0000  0.0000  1.0000  0.0000  0.0000  1
 70:   0.0000  0.0000  0.0000  0.0000  0.1000  0.9000  0.0000  0.0000  0.0000  1
 71:   0.1606  0.1326  0.0495  0.1691  0.0362  0.1596  0.1689  0.0147  0.1089  1
 72:   0.0558  0.3120  0.2216  0.1182  0.1697  0.1228  0.0000  0.0000  0.0000  1
 73:   0.0000  0.0000  0.0000  0.0882  0.0007  0.4707  0.4404  0.0000  0.0000  1
 74:   0.1203  0.1700  0.1540  0.1558  0.0705  0.0122  0.1447  0.0706  0.1018  1
 75:   0.1802  0.0486  0.0621  0.1645  0.0241  0.1397  0.0815  0.1602  0.1392  1
 76:   0.0000  0.0588  0.6133  0.0000  0.0000  0.0662  0.2617  0.0000  0.0000  1
 77:   0.0355  0.0000  0.0000  0.0000  0.3843  0.0287  0.0477  0.4646  0.0392  1
 78:   0.0762  0.4494  0.0457  0.0868  0.0826  0.2593  0.0000  0.0000  0.0000  1
 79:   0.5960  0.0000  0.0000  0.3816  0.0000  0.0224  0.0000  0.0000  0.0000  1
 80:   0.0000  1.0000  0.0000  0.0000  0.0000  0.0000  0.0000  0.0000  0.0000  1
 81:   0.2094  0.0569  0.0878  0.2603  0.0784  0.1246  0.0556  0.0158  0.1112  1
 82:   0.0000  0.0000  0.0000  0.3389  0.0301  0.6306  0.0004  0.0000  0.0000  1
 83:   0.0000  0.0000  0.1000  0.0000  0.0000  0.0000  0.0000  0.0000  0.9000  1
 84:   0.1185  0.0840  0.0454  0.1374  0.0905  0.0886  0.2067  0.0972  0.1317  1
 85:   0.0000  1.0000  0.0000  0.0000  0.0000  0.0000  0.0000  0.0000  0.0000  1
 86:   0.9000  0.0000  0.1000  0.0000  0.0000  0.0000  0.0000  0.0000  0.0000  1
 87:   0.1352  0.0000  0.0000  0.0000  0.0697  0.6878  0.0000  0.0000  0.1072  1
 88:   0.0691  0.1072  0.1854  0.0928  0.1052  0.1230  0.0715  0.0652  0.1806  1
 89:   0.5587  0.0000  0.0539  0.0000  0.3849  0.0000  0.0025  0.0000  0.0000  1
 90:   0.0000  0.0000  0.0000  0.0000  1.0000  0.0000  0.0000  0.0000  0.0000  1
 91:   0.0360  0.4683  0.1735  0.1693  0.0680  0.0850  0.0000  0.0000  0.0000  1
 92:   0.0616  0.2381  0.0000  0.0000  0.0000  0.0384  0.0000  0.0000  0.6619  1
 93:   0.0000  0.0206  0.9794  0.0000  0.0000  0.0000  0.0000  0.0000  0.0000  1
 94:   0.0000  0.0000  0.1000  0.0000  0.0000  0.0000  0.0000  0.0000  0.9000  1
 95:   0.0000  0.0000  1.0000  0.0000  0.0000  0.0000  0.0000  0.0000  0.0000  1
 96:   0.0737  0.0907  0.4250  0.0592  0.0819  0.2695  0.0000  0.0000  0.0000  1
 97:   0.0000  0.0085  0.1567  0.2288  0.2451  0.0000  0.0254  0.2317  0.1037  1
 98:   0.0160  0.4940  0.0000  0.4854  0.0000  0.0046  0.0000  0.0000  0.0000  1
 99:   0.0000  0.0244  0.0000  0.4714  0.0000  0.2015  0.3026  0.0000  0.0000  1
100:   0.0000  0.0471  0.4488  0.0000  0.0000  0.4162  0.0000  0.0879  0.0000  1
101:   0.2013  0.0000  0.0000  0.0000  0.3400  0.0000  0.4588  0.0000  0.0000  1
102:   0.1432  0.0000  0.0000  0.0124  0.0578  0.0000  0.1165  0.6603  0.0098  1
103:   0.0000  0.0000  0.0000  0.0000  0.0000  0.1435  0.5823  0.0000  0.2742  1
104:   0.0000  0.0000  0.0000  0.0000  0.0000  0.0000  0.3475  0.6525  0.0000  1
105:   0.1437  0.0782  0.1688  0.1532  0.1456  0.0933  0.0306  0.0491  0.1376  1
106:   0.0000  0.2492  0.0000  0.0000  0.5575  0.1933  0.0000  0.0000  0.0000  1
107:   0.0000  0.4825  0.4406  0.0000  0.0000  0.0665  0.0000  0.0000  0.0104  1
108:   0.1846  0.0541  0.0059  0.1786  0.0998  0.0683  0.0809  0.1496  0.1783  1
109:   0.5515  0.0003  0.0000  0.0000  0.0000  0.0000  0.4482  0.0000  0.0000  1
110:   0.0000  0.0000  0.0000  0.0000  0.0000  0.0000  0.9821  0.0000  0.0179  1
111:   0.0000  0.2213  0.1927  0.0000  0.0000  0.2074  0.1416  0.0000  0.2370  1
112:   0.1292  0.1331  0.1267  0.1652  0.1067  0.0968  0.0260  0.1837  0.0324  1
113:   0.5490  0.0000  0.4243  0.0000  0.0000  0.0267  0.0000  0.0000  0.0000  1
114:   0.0027  0.4515  0.0000  0.4959  0.0000  0.0015  0.0000  0.0000  0.0484  1
115:   0.5098  0.0000  0.0135  0.4768  0.0000  0.0000  0.0000  0.0000  0.0000  1
116:   0.0000  0.0085  0.1585  0.2285  0.2452  0.0000  0.0255  0.2262  0.1077  1
117:   0.1863  0.0172  0.0289  0.0000  0.0105  0.5527  0.0000  0.2044  0.0000  1
118:   0.0000  0.0000  0.0000  0.0000  0.0000  0.0000  0.0748  0.3668  0.5584  1
119:   0.0000  0.3026  0.1154  0.0000  0.4381  0.0000  0.0000  0.1439  0.0000  1
120:   0.0000  0.0063  0.1675  0.2257  0.2448  0.0000  0.0223  0.2123  0.1210  1
121:   0.0000  0.0000  0.0000  0.7029  0.0000  0.0000  0.1839  0.0000  0.1132  1
122:   0.0175  0.0055  0.0000  0.0691  0.2558  0.1280  0.0000  0.5240  0.0000  1
123:   0.0171  0.0055  0.0000  0.0741  0.2572  0.1241  0.0000  0.5218  0.0000  1
124:   0.1567  0.1539  0.0709  0.1553  0.0595  0.1233  0.0365  0.1088  0.1350  1
125:   0.0368  0.4499  0.0000  0.0000  0.0000  0.4845  0.0000  0.0000  0.0287  1
126:   0.0000  0.0085  0.1585  0.2285  0.2452  0.0000  0.0255  0.2262  0.1077  1
127:   0.1033  0.0945  0.0242  0.0595  0.1171  0.1993  0.1875  0.0486  0.1661  1
128:   0.0243  0.0725  0.1252  0.1480  0.1710  0.0399  0.1096  0.1558  0.1536  1
129:   0.3324  0.0511  0.5645  0.0000  0.0000  0.0520  0.0000  0.0000  0.0000  1
130:   0.0000  0.0000  0.0000  0.0000  0.0000  0.0000  0.7449  0.2551  0.0000  1
131:   0.3869  0.0000  0.0000  0.0000  0.0000  0.5631  0.0500  0.0000  0.0000  1
132:   0.0000  0.0000  0.3194  0.3864  0.2941  0.0000  0.0000  0.0000  0.0000  1
133:   0.1221  0.0000  0.0000  0.0000  0.2023  0.6757  0.0000  0.0000  0.0000  1
134:   0.0090  0.0054  0.0957  0.1228  0.3000  0.0000  0.0264  0.2697  0.1710  1
135:   0.3677  0.0000  0.0155  0.3026  0.0000  0.0000  0.2987  0.0000  0.0155  1
136:   0.0000  0.0125  0.0000  0.0000  0.3952  0.2051  0.3872  0.0000  0.0000  1
137:   0.0000  0.0000  0.0000  0.0000  0.0000  0.0000  0.1000  0.0000  0.9000  1
138:   0.0000  0.0005  0.0000  0.0873  0.1842  0.2124  0.0084  0.5073  0.0000  1
139:   0.9000  0.0000  0.0000  0.0000  0.0000  0.0000  0.1000  0.0000  0.0000  1
140:   0.0000  0.0000  0.0000  0.0000  0.0000  0.0000  0.1474  0.4026  0.4500  1
141:   0.0000  0.0509  0.2523  0.2711  0.0000  0.0000  0.1263  0.2581  0.0413  1
142:   0.0916  0.1402  0.0824  0.1349  0.1203  0.1236  0.1405  0.1097  0.0568  1
143:   0.9000  0.0000  0.0000  0.0000  0.0000  0.0000  0.1000  0.0000  0.0000  1
144:   0.0000  0.0301  0.5067  0.4632  0.0000  0.0000  0.0000  0.0000  0.0000  1
145:   0.0000  0.0000  0.0000  0.4040  0.2207  0.0000  0.2324  0.1429  0.0000  1
146:   0.0000  0.0639  0.3980  0.0039  0.0000  0.5342  0.0000  0.0000  0.0000  1
147:   0.0000  0.0245  0.2063  0.0000  0.3638  0.2900  0.0000  0.1154  0.0000  1
148:   0.3333  0.0998  0.1203  0.0000  0.0000  0.1999  0.0000  0.2467  0.0000  1
149:   0.0915  0.2703  0.2907  0.1535  0.0507  0.1433  0.0000  0.0000  0.0000  1
150:   0.0000  0.0000  0.0000  0.0814  0.0957  0.8229  0.0000  0.0000  0.0000  1
151:   0.1433  0.0251  0.0659  0.2002  0.0569  0.1058  0.0903  0.1299  0.1828  1
152:   0.1041  0.0068  0.0000  0.0000  0.2971  0.0942  0.1058  0.3917  0.0002  1
153:   0.1444  0.0000  0.0000  0.3559  0.4998  0.0000  0.0000  0.0000  0.0000  1
154:   0.0288  0.1210  0.0682  0.2198  0.2234  0.0107  0.2291  0.0378  0.0612  1
155:   0.0113  0.1834  0.0000  0.0667  0.1583  0.0546  0.0000  0.5243  0.0014  1
156:   0.0533  0.0951  0.1857  0.0447  0.0262  0.1052  0.1140  0.2064  0.1695  1
157:   0.0000  0.2627  0.0000  0.0000  0.0000  0.5114  0.2260  0.0000  0.0000  1
158:   0.0600  0.4811  0.0000  0.0000  0.4189  0.0400  0.0000  0.0000  0.0000  1
159:   0.5338  0.0000  0.0000  0.0000  0.4107  0.0000  0.0555  0.0000  0.0000  1
160:   0.0000  0.0000  0.0000  0.0000  0.0084  0.5404  0.4512  0.0000  0.0000  1
161:   0.0531  0.4494  0.0000  0.0000  0.0001  0.4974  0.0000  0.0000  0.0000  1
162:   0.4786  0.0000  0.0332  0.0000  0.0000  0.0000  0.0339  0.1613  0.2929  1
163:   0.0304  0.0264  0.1030  0.0000  0.0000  0.0000  0.5196  0.0000  0.3206  1
164:   0.1681  0.0757  0.0000  0.1079  0.0000  0.1150  0.5333  0.0000  0.0000  1
165:   0.6240  0.0056  0.0000  0.1675  0.0000  0.0000  0.2029  0.0000  0.0000  1
166:   0.4318  0.4068  0.0000  0.0000  0.0000  0.1614  0.0000  0.0000  0.0000  1
167:   0.1553  0.0420  0.1371  0.1528  0.1166  0.0331  0.0977  0.1879  0.0776  1
168:   0.5959  0.0000  0.0451  0.0000  0.0000  0.0000  0.0256  0.0000  0.3333  1
169:   0.0000  0.2388  0.0069  0.0000  0.0000  0.4355  0.0204  0.1494  0.1489  1
170:   0.0499  0.2001  0.0841  0.0606  0.0390  0.1432  0.1823  0.1372  0.1036  1
171:   0.0822  0.3571  0.3621  0.1744  0.0000  0.0224  0.0000  0.0000  0.0018  1
172:   0.1437  0.4500  0.0000  0.0000  0.1459  0.2393  0.0000  0.0000  0.0211  1
173:   0.0529  0.0500  0.4500  0.3083  0.0339  0.0475  0.0000  0.0000  0.0573  1
174:   0.0000  0.0049  0.1827  0.0000  0.0000  0.3007  0.2431  0.0000  0.2686  1
175:   0.0606  0.2948  0.0000  0.0000  0.0000  0.1770  0.4586  0.0000  0.0090  1
176:   0.0000  0.2672  0.3668  0.0000  0.0000  0.3660  0.0000  0.0000  0.0000  1
177:   0.0277  0.1696  0.0252  0.0000  0.0000  0.0227  0.1974  0.0000  0.5575  1
178:   0.0000  0.2125  0.1740  0.0000  0.0000  0.0000  0.3531  0.0000  0.2604  1
179:   0.0000  0.5699  0.3873  0.0000  0.0000  0.0429  0.0000  0.0000  0.0000  1
180:   0.1371  0.1085  0.0000  0.0000  0.0000  0.0000  0.7077  0.0000  0.0467  1
181:   0.7088  0.0223  0.0518  0.0000  0.0000  0.0000  0.0031  0.2140  0.0000  1
182:   0.0000  0.0000  0.0000  0.0000  0.0000  1.0000  0.0000  0.0000  0.0000  1
183:   0.0146  0.3369  0.0242  0.0000  0.0000  0.0000  0.0464  0.0000  0.5778  1
184:   0.0000  0.2489  0.0000  0.0000  0.0000  0.0739  0.6291  0.0000  0.0480  1
185:   0.0259  0.3658  0.0000  0.1842  0.0000  0.0000  0.3805  0.0000  0.0436  1
186:   0.0000  0.0000  0.3553  0.0000  0.3538  0.0000  0.0000  0.0000  0.2908  1
187:   0.1645  0.1017  0.3347  0.0000  0.0000  0.3991  0.0000  0.0000  0.0000  1
188:   0.0127  0.2629  0.0897  0.1330  0.0000  0.0147  0.1615  0.0138  0.3118  1
189:   0.0201  0.0000  0.0461  0.0000  0.0000  0.4302  0.0338  0.0000  0.4698  1
190:   0.2190  0.0335  0.2849  0.0000  0.0000  0.0000  0.3683  0.0000  0.0943  1
191:   0.0074  0.4403  0.0949  0.1932  0.0334  0.2308  0.0000  0.0000  0.0000  1
192:   0.0894  0.2249  0.0000  0.2767  0.0000  0.4091  0.0000  0.0000  0.0000  1
193:   0.9000  0.0000  0.0000  0.0000  0.0000  0.0000  0.1000  0.0000  0.0000  1
194:   0.0000  0.0500  0.0000  0.0000  0.3353  0.0000  0.1164  0.4983  0.0000  1
195:   0.0190  0.0667  0.1235  0.1056  0.1172  0.1315  0.1808  0.1817  0.0741  1
196:   0.0000  0.0000  0.1897  0.2764  0.2419  0.0000  0.0000  0.0000  0.2920  1
197:   0.1613  0.0000  0.0000  0.8387  0.0000  0.0000  0.0000  0.0000  0.0000  1
198:   0.0500  0.0000  0.0000  0.0000  0.8552  0.0948  0.0000  0.0000  0.0000  1
199:   0.0000  0.0000  0.0000  0.0000  0.1000  0.9000  0.0000  0.0000  0.0000  1
200:   0.1665  0.1006  0.1653  0.1841  0.1415  0.0342  0.0170  0.0234  0.1674  1
201:   0.0000  0.5000  0.0000  0.0000  0.5000  0.0000  0.0000  0.0000  0.0000  1
202:   0.0128  0.0000  0.0000  0.4163  0.4741  0.0968  0.0000  0.0000  0.0000  1
203:   0.0480  0.9000  0.0000  0.0000  0.0000  0.0000  0.0000  0.0000  0.0520  1
204:   0.0000  0.0000  0.0000  0.0000  0.1000  0.9000  0.0000  0.0000  0.0000  1
205:   0.1846  0.1185  0.1486  0.1185  0.0177  0.1684  0.0247  0.1065  0.1125  1
206:   0.0952  0.1817  0.2653  0.0265  0.1241  0.3071  0.0000  0.0000  0.0000  1
207:   0.0076  0.0166  0.0000  0.3158  0.2982  0.0000  0.2488  0.1131  0.0000  1
208:   0.0000  0.0000  0.0000  0.2332  0.0217  0.7451  0.0000  0.0000  0.0000  1
209:   0.0000  0.0000  0.0000  1.0000  0.0000  0.0000  0.0000  0.0000  0.0000  1
210:   0.0000  0.0000  0.0000  0.0000  0.1000  0.9000  0.0000  0.0000  0.0000  1
211:   0.0335  0.4801  0.0818  0.0027  0.1419  0.2599  0.0000  0.0000  0.0000  1
212:   0.0301  0.0000  0.0210  0.0000  0.0000  0.0000  0.4109  0.0041  0.5339  1
213:   0.0000  0.0000  0.1000  0.0000  0.0000  0.0000  0.0000  0.0000  0.9000  1
214:   0.0000  0.0194  0.2608  0.0081  0.7117  0.0000  0.0000  0.0000  0.0000  1
215:   0.0000  0.0000  0.0445  0.0000  0.2955  0.2861  0.1125  0.2604  0.0008  1
216:   0.0000  0.0000  0.0000  0.1631  0.0731  0.7637  0.0001  0.0000  0.0000  1
217:   0.1000  0.0000  0.0000  0.0000  0.9000  0.0000  0.0000  0.0000  0.0000  1
218:   0.0000  0.0323  0.9677  0.0000  0.0000  0.0000  0.0000  0.0000  0.0000  1
219:   0.0000  0.0000  0.0000  0.0000  0.0000  0.0000  0.0758  0.9242  0.0000  1
220:   0.0000  0.1000  0.0000  0.0000  0.0000  0.0000  0.9000  0.0000  0.0000  1
221:   0.0000  0.6606  0.0000  0.0000  0.0000  0.3394  0.0000  0.0000  0.0000  1
222:   0.0000  0.0000  0.0000  0.2109  0.0123  0.7768  0.0000  0.0000  0.0000  1
223:   0.0000  0.0000  0.0000  0.0000  0.0000  0.0000  0.0412  0.2256  0.7332  1
224:   0.1515  0.1408  0.1120  0.0555  0.1709  0.0775  0.0603  0.0544  0.1771  1
225:   0.0000  0.0000  0.0000  0.0000  0.0000  0.0000  0.2185  0.3760  0.4054  1
226:   0.0156  0.1114  0.0000  0.4273  0.0795  0.3663  0.0000  0.0000  0.0000  1
227:   0.0935  0.3643  0.3735  0.0198  0.0895  0.0594  0.0000  0.0000  0.0000  1
228:   0.9500  0.0000  0.0000  0.0000  0.0000  0.0500  0.0000  0.0000  0.0000  1
229:   0.3138  0.0000  0.0490  0.2433  0.0000  0.0000  0.0000  0.0000  0.3940  1
230:   0.0000  0.0447  0.9553  0.0000  0.0000  0.0000  0.0000  0.0000  0.0000  1
231:   0.0000  0.0362  0.0000  0.0000  0.0000  0.2072  0.7566  0.0000  0.0000  1
232:   0.0000  0.0000  0.0000  1.0000  0.0000  0.0000  0.0000  0.0000  0.0000  1
233:   0.0000  0.0000  0.0468  0.0000  0.0532  0.4501  0.0000  0.0000  0.4499  1
234:   0.0167  0.0812  0.0923  0.1611  0.0883  0.1290  0.0922  0.1628  0.1765  1
235:   0.0000  0.0000  0.0000  0.0000  0.0000  0.0000  0.4857  0.5143  0.0000  1
236:   0.0523  0.0000  0.0000  0.5186  0.0249  0.0285  0.0000  0.0000  0.3758  1
237:   0.1466  0.0000  0.5558  0.0000  0.0000  0.0000  0.0000  0.0000  0.2976  1
238:   0.0000  0.0265  0.0000  0.0000  0.0000  0.0000  0.9735  0.0000  0.0000  1
239:   0.0000  0.0000  0.0000  0.0000  0.0000  0.0000  0.0102  0.9898  0.0000  1
240:   0.0907  0.1078  0.3175  0.3371  0.0000  0.0087  0.0000  0.1383  0.0000  1
241:   0.0000  0.0000  0.0000  0.3289  0.0964  0.5747  0.0000  0.0000  0.0000  1
242:   0.0000  0.0000  0.0000  0.0000  0.0000  0.0000  0.1588  0.3251  0.5161  1
243:   0.0000  0.0000  0.0201  0.6714  0.0000  0.0000  0.0000  0.0000  0.3085  1
244:   0.0000  0.0000  0.0018  0.5899  0.4082  0.0000  0.0000  0.0000  0.0000  1
245:   0.0081  0.0581  0.0000  0.2928  0.0000  0.0000  0.6409  0.0000  0.0000  1
246:   0.0000  0.0000  0.2195  0.0000  0.2862  0.0000  0.0000  0.0000  0.4943  1
247:   0.0095  0.0248  0.0000  0.0305  0.6763  0.0816  0.1397  0.0000  0.0376  1
248:   0.5337  0.0000  0.0000  0.0000  0.4070  0.0000  0.0593  0.0000  0.0000  1
249:   0.0000  0.2333  0.0000  0.0000  0.4372  0.2881  0.0000  0.0000  0.0414  1
250:   0.0645  0.1934  0.2098  0.1570  0.1076  0.0642  0.0936  0.0430  0.0668  1
251:   0.0000  0.0000  1.0000  0.0000  0.0000  0.0000  0.0000  0.0000  0.0000  1
252:   0.0000  0.0000  0.0000  0.0000  1.0000  0.0000  0.0000  0.0000  0.0000  1
253:   0.0175  0.1897  0.0086  0.3791  0.0361  0.2449  0.0000  0.0000  0.1241  1
254:   0.7577  0.0000  0.1000  0.1423  0.0000  0.0000  0.0000  0.0000  0.0000  1
255:   0.0000  0.0750  0.8375  0.0000  0.0000  0.0875  0.0000  0.0000  0.0000  1
256:   0.0000  0.0000  0.0000  0.0806  0.0955  0.8239  0.0000  0.0000  0.0000  1
257:   0.5864  0.0000  0.0000  0.0000  0.0000  0.0000  0.0000  0.0000  0.4136  1
258:   0.1000  0.0000  0.0000  0.0000  0.0000  0.0000  0.0000  0.0000  0.9000  1
259:   0.1339  0.0000  0.0000  0.0000  0.1920  0.6690  0.0000  0.0000  0.0050  1
260:   0.0000  0.0000  0.0000  0.0843  0.0471  0.8685  0.0001  0.0000  0.0000  1
261:   0.1187  0.1120  0.0910  0.1576  0.1517  0.1264  0.0432  0.0503  0.1492  1
262:   0.5598  0.0000  0.0000  0.3231  0.0000  0.0000  0.0423  0.0000  0.0748  1
