  1:   0.1683  0.0837  0.0958  0.1213  0.0852  0.0447  0.1432  0.1585  0.0993  1
  2:   0.0000  0.3707  0.0000  0.0000  0.0000  0.6293  0.0000  0.0000  0.0000  1
  3:   0.0000  0.2778  0.0000  0.0000  0.0000  0.0000  0.3039  0.0000  0.4183  1
  4:   0.0481  0.0832  0.1341  0.2044  0.1225  0.0310  0.0507  0.1608  0.1652  1
  5:   0.0000  0.0000  0.0000  0.0000  0.0000  0.0000  0.6625  0.0000  0.3375  1
  6:   0.0000  0.0000  0.0000  0.0000  0.0000  0.0000  0.4859  0.5141  0.0000  1
  7:   0.3799  0.2839  0.3362  0.0000  0.0000  0.0000  0.0000  0.0000  0.0000  1
  8:   0.1132  0.0000  0.0000  0.0000  0.2298  0.6422  0.0000  0.0000  0.0148  1
  9:   0.0495  0.0605  0.0613  0.1800  0.2067  0.1379  0.1304  0.1546  0.0191  1
 10:   0.2473  0.0000  0.0000  0.0000  0.1744  0.0782  0.0000  0.0000  0.5001  1
 11:   0.0680  0.0227  0.1521  0.0983  0.0717  0.2073  0.1257  0.0586  0.1958  1
 12:   0.1747  0.0000  0.0000  0.0000  0.6060  0.1505  0.0000  0.0000  0.0689  1
 13:   0.6889  0.0000  0.0000  0.0000  0.0000  0.0000  0.0000  0.0000  0.3111  1
 14:   0.0000  0.4726  0.0000  0.0889  0.0000  0.0000  0.4385  0.0000  0.0000  1
 15:   0.0000  0.0000  0.2829  0.0000  0.2061  0.0000  0.0000  0.0000  0.5110  1
 16:   0.0040  0.0000  0.0000  0.0000  0.1680  0.8175  0.0000  0.0000  0.0105  1
 17:   0.0000  0.0000  0.0000  0.0000  0.0000  1.0000  0.0000  0.0000  0.0000  1
 18:   0.0000  0.3797  0.0825  0.0000  0.0000  0.0000  0.1710  0.0000  0.3668  1
 19:   0.0000  1.0000  0.0000  0.0000  0.0000  0.0000  0.0000  0.0000  0.0000  1
 20:   0.0000  0.0000  0.0000  0.3008  0.0000  0.0000  0.6992  0.0000  0.0000  1
 21:   0.3796  0.0000  0.5880  0.0000  0.0000  0.0324  0.0000  0.0000  0.0000  1
 22:   0.0749  0.0966  0.3172  0.1005  0.1420  0.2689  0.0000  0.0000  0.0000  1
 23:   0.0000  0.1852  0.5596  0.0000  0.0000  0.2552  0.0000  0.0000  0.0000  1
 24:   0.1119  0.3075  0.1623  0.0000  0.0000  0.0000  0.1857  0.0000  0.2327  1
 25:   0.3177  0.0000  0.4417  0.0000  0.0000  0.1239  0.0000  0.0000  0.1167  1
 26:   0.0539  0.1752  0.2943  0.0000  0.0000  0.0000  0.3611  0.0000  0.1156  1
 27:   0.0000  0.7072  0.0000  0.0000  0.0000  0.2928  0.0000  0.0000  0.0000  1
 28:   0.0771  0.0700  0.2262  0.1176  0.0186  0.0290  0.1047  0.1686  0.1880  1
 29:   0.1637  0.0713  0.1851  0.1033  0.0405  0.0692  0.0824  0.1472  0.1372  1
 30:   0.0000  0.0000  0.0000  0.0000  0.0000  1.0000  0.0000  0.0000  0.0000  1
 31:   0.1326  0.1296  0.0927  0.1243  0.0556  0.0691  0.0744  0.1159  0.2057  1
 32:   0.1164  0.1137  0.1299  0.1382  0.0813  0.0783  0.0976  0.1410  0.1035  1
 33:   0.0000  0.0000  0.0000  0.0000  0.0000  1.0000  0.0000  0.0000  0.0000  1
 34:   0.0017  0.0000  0.0000  0.0000  0.4027  0.0722  0.2020  0.2980  0.0234  1
 35:   0.0000  0.0000  0.0000  0.0000  0.0000  0.0000  1.0000  0.0000  0.0000  1
 36:   0.5558  0.0000  0.0000  0.0000  0.0000  0.2135  0.2307  0.0000  0.0000  1
 37:   0.0306  0.0000  0.0000  0.0000  0.4673  0.5021  0.0000  0.0000  0.0000  1
 38:   0.0000  0.0000  0.0000  0.0000  0.0000  0.0000  0.0000  0.0000  1.0000  1
 39:   0.5819  0.0000  0.0000  0.0000  0.0000  0.0000  0.4181  0.0000  0.0000  1
 40:   0.0000  1.0000  0.0000  0.0000  0.0000  0.0000  0.0000  0.0000  0.0000  1
 41:   0.1946  0.1285  0.0186  0.1386  0.1129  0.0472  0.1028  0.0651  0.1917  1
 42:   0.0000  0.0000  0.0000  0.0000  0.0000  0.0000  0.5579  0.0000  0.4421  1
 43:   0.0000  1.0000  0.0000  0.0000  0.0000  0.0000  0.0000  0.0000  0.0000  1
 44:   0.0000  0.0000  0.0000  0.1994  0.0000  0.8006  0.0000  0.0000  0.0000  1
 45:   0.7779  0.2221  0.0000  0.0000  0.0000  0.0000  0.0000  0.0000  0.0000  1
 46:   0.0556  0.0838  0.2389  0.1786  0.1135  0.0373  0.1760  0.0688  0.0474  1
 47:   0.0959  0.5000  0.0000  0.0000  0.0272  0.3730  0.0000  0.0000  0.0039  1
 48:   0.0000  0.4230  0.0000  0.0000  0.0000  0.0000  0.0000  0.0000  0.5770  1
 49:   0.0000  0.0000  0.0000  0.0000  0.0000  0.0000  0.0927  0.0317  0.8756  1
 50:   0.0987  0.0000  0.0000  0.0000  0.2867  0.6091  0.0000  0.0000  0.0055  1
 51:   0.0000  0.3298  0.2928  0.0000  0.0000  0.0000  0.2083  0.0000  0.1691  1
 52:   0.0000  0.0000  0.0000  0.0000  0.0000  0.0000  0.0000  0.0000  1.0000  1
 53:   0.1828  0.1025  0.1369  0.0483  0.1227  0.1750  0.0423  0.0112  0.1783  1
 54:   0.0000  0.4509  0.4339  0.0000  0.0000  0.1153  0.0000  0.0000  0.0000  1
 55:   0.0812  0.0000  0.0000  0.0000  0.5381  0.3646  0.0000  0.0000  0.0160  1
 56:   0.0000  1.0000  0.0000  0.0000  0.0000  0.0000  0.0000  0.0000  0.0000  1
 57:   0.0000  1.0000  0.0000  0.0000  0.0000  0.0000  0.0000  0.0000  0.0000  1
 58:   0.1614  0.0648  0.2089  0.1012  0.2248  0.0133  0.0772  0.0143  0.1341  1
 59:   0.0000  0.6987  0.0000  0.0000  0.0746  0.2267  0.0000  0.0000  0.0000  1
 60:   0.1036  0.1243  0.0822  0.1948  0.0572  0.1902  0.0843  0.1155  0.0478  1
 61:   0.0000  0.0000  0.0000  0.6805  0.0000  0.3195  0.0000  0.0000  0.0000  1
 62:   0.0000  0.0000  0.0000  0.0000  0.0000  0.0000  0.0000  1.0000  0.0000  1
 63:   0.0740  0.1987  0.0472  0.0358  0.1396  0.0840  0.2334  0.1747  0.0125  1
 64:   0.3256  0.0000  0.0000  0.0000  0.6355  0.0273  0.0000  0.0000  0.0115  1
 65:   0.0874  0.1702  0.0853  0.0266  0.1460  0.1564  0.1021  0.1490  0.0770  1
 66:   0.0000  0.1932  0.0000  0.0000  0.0000  0.0000  0.0000  0.0000  0.8068  1
 67:   0.0890  0.1197  0.1281  0.1349  0.1141  0.1392  0.0623  0.0539  0.1589  1
 68:   0.3775  0.0000  0.0000  0.0000  0.0000  0.0000  0.0000  0.0000  0.6225  1
 69:   0.0000  0.0000  0.0000  0.0000  0.0000  0.0000  1.0000  0.0000  0.0000  1
 70:   0.0000  0.0000  0.0000  0.0000  0.0000  1.0000  0.0000  0.0000  0.0000  1
 71:   0.1714  0.1244  0.0452  0.1865  0.0229  0.1558  0.1815  0.0140  0.0983  1
 72:   0.0371  0.3203  0.2278  0.1314  0.1581  0.1254  0.0000  0.0000  0.0000  1
 73:   0.0000  0.0000  0.0000  0.0037  0.0000  0.5229  0.4734  0.0000  0.0000  1
 74:   0.1310  0.1781  0.1654  0.1699  0.0584  0.0092  0.1449  0.0568  0.0864  1
 75:   0.1917  0.0342  0.0490  0.1754  0.0140  0.1407  0.0838  0.1685  0.1427  1
 76:   0.0000  0.0000  0.6815  0.0000  0.0000  0.0735  0.2450  0.0000  0.0000  1
 77:   0.0183  0.0000  0.0000  0.0000  0.4062  0.0319  0.0229  0.4771  0.0436  1
 78:   0.0733  0.4768  0.0406  0.0965  0.0342  0.2786  0.0000  0.0000  0.0000  1
 79:   0.5887  0.0000  0.0000  0.4113  0.0000  0.0000  0.0000  0.0000  0.0000  1
 80:   0.0000  1.0000  0.0000  0.0000  0.0000  0.0000  0.0000  0.0000  0.0000  1
 81:   0.2215  0.0506  0.0924  0.2613  0.0711  0.1260  0.0543  0.0021  0.1207  1
 82:   0.0000  0.0000  0.0000  0.3065  0.0000  0.6935  0.0000  0.0000  0.0000  1
 83:   0.0000  0.0000  0.0000  0.0000  0.0000  0.0000  0.0000  0.0000  1.0000  1
 84:   0.1256  0.0914  0.0314  0.1359  0.0891  0.0933  0.2086  0.0971  0.1275  1
 85:   0.0000  1.0000  0.0000  0.0000  0.0000  0.0000  0.0000  0.0000  0.0000  1
 86:   1.0000  0.0000  0.0000  0.0000  0.0000  0.0000  0.0000  0.0000  0.0000  1
 87:   0.0461  0.0000  0.0000  0.0000  0.0705  0.7643  0.0000  0.0000  0.1191  1
 88:   0.0718  0.1026  0.1937  0.0796  0.0934  0.1317  0.0728  0.0637  0.1908  1
 89:   0.6162  0.0000  0.0000  0.0000  0.3838  0.0000  0.0000  0.0000  0.0000  1
 90:   0.0000  0.0000  0.0000  0.0000  1.0000  0.0000  0.0000  0.0000  0.0000  1
 91:   0.0168  0.4707  0.1741  0.1881  0.0681  0.0823  0.0000  0.0000  0.0000  1
 92:   0.0000  0.2646  0.0000  0.0000  0.0000  0.0000  0.0000  0.0000  0.7354  1
 93:   0.0000  0.0000  1.0000  0.0000  0.0000  0.0000  0.0000  0.0000  0.0000  1
 94:   0.0000  0.0000  0.0000  0.0000  0.0000  0.0000  0.0000  0.0000  1.0000  1
 95:   0.0000  0.0000  1.0000  0.0000  0.0000  0.0000  0.0000  0.0000  0.0000  1
 96:   0.0470  0.0918  0.4530  0.0658  0.0562  0.2862  0.0000  0.0000  0.0000  1
 97:   0.0000  0.0000  0.1513  0.2279  0.2552  0.0000  0.0282  0.2222  0.1153  1
 98:   0.0000  0.4948  0.0000  0.5000  0.0000  0.0052  0.0000  0.0000  0.0000  1
 99:   0.0000  0.0000  0.0000  0.4700  0.0000  0.2239  0.3061  0.0000  0.0000  1
100:   0.0000  0.0000  0.4491  0.0000  0.0000  0.4625  0.0000  0.0884  0.0000  1
101:   0.2236  0.0000  0.0000  0.0000  0.3313  0.0000  0.4451  0.0000  0.0000  1
102:   0.1533  0.0000  0.0000  0.0108  0.0643  0.0000  0.0948  0.6660  0.0109  1
103:   0.0000  0.0000  0.0000  0.0000  0.0000  0.1594  0.5359  0.0000  0.3046  1
104:   0.0000  0.0000  0.0000  0.0000  0.0000  0.0000  0.3861  0.6139  0.0000  1
105:   0.1422  0.0859  0.1808  0.1637  0.1464  0.0801  0.0219  0.0340  0.1450  1
106:   0.0000  0.2264  0.0000  0.0000  0.5588  0.2148  0.0000  0.0000  0.0000  1
107:   0.0000  0.4999  0.4537  0.0000  0.0000  0.0464  0.0000  0.0000  0.0000  1
108:   0.1840  0.0374  0.0052  0.1931  0.1020  0.0734  0.0768  0.1500  0.1781  1
109:   0.5728  0.0000  0.0000  0.0000  0.0000  0.0000  0.4272  0.0000  0.0000  1
110:   0.0000  0.0000  0.0000  0.0000  0.0000  0.0000  1.0000  0.0000  0.0000  1
111:   0.0000  0.2304  0.1608  0.0000  0.0000  0.2304  0.1561  0.0000  0.2223  1
112:   0.1363  0.1409  0.1282  0.1624  0.1073  0.0977  0.0244  0.1823  0.0205  1
113:   0.5836  0.0000  0.4164  0.0000  0.0000  0.0000  0.0000  0.0000  0.0000  1
114:   0.0030  0.4990  0.0000  0.4964  0.0000  0.0016  0.0000  0.0000  0.0000  1
115:   0.5116  0.0000  0.0000  0.4884  0.0000  0.0000  0.0000  0.0000  0.0000  1
116:   0.0000  0.0000  0.1527  0.2275  0.2554  0.0000  0.0283  0.2165  0.1196  1
117:   0.1811  0.0000  0.0000  0.0000  0.0000  0.6091  0.0000  0.2097  0.0000  1
118:   0.0000  0.0000  0.0000  0.0000  0.0000  0.0000  0.0813  0.2994  0.6193  1
119:   0.0000  0.2842  0.1282  0.0000  0.4487  0.0000  0.0000  0.1389  0.0000  1
120:   0.0000  0.0000  0.1616  0.2241  0.2525  0.0000  0.0248  0.2026  0.1344  1
121:   0.0000  0.0000  0.0000  0.6699  0.0000  0.0000  0.2043  0.0000  0.1257  1
122:   0.0000  0.0000  0.0000  0.0720  0.2603  0.1423  0.0000  0.5255  0.0000  1
123:   0.0000  0.0000  0.0000  0.0769  0.2618  0.1379  0.0000  0.5233  0.0000  1
124:   0.1574  0.1618  0.0611  0.1547  0.0460  0.1240  0.0387  0.1092  0.1471  1
125:   0.0000  0.4999  0.0000  0.0000  0.0000  0.5001  0.0000  0.0000  0.0000  1
126:   0.0000  0.0000  0.1527  0.2275  0.2554  0.0000  0.0283  0.2165  0.1196  1
127:   0.0945  0.0839  0.0230  0.0607  0.1133  0.2071  0.2063  0.0403  0.1709  1
128:   0.0123  0.0667  0.1359  0.1468  0.1792  0.0323  0.1128  0.1558  0.1582  1
129:   0.3693  0.0185  0.5650  0.0000  0.0000  0.0471  0.0000  0.0000  0.0000  1
130:   0.0000  0.0000  0.0000  0.0000  0.0000  0.0000  0.8276  0.1724  0.0000  1
131:   0.4299  0.0000  0.0000  0.0000  0.0000  0.5701  0.0000  0.0000  0.0000  1
132:   0.0000  0.0000  0.3206  0.3928  0.2866  0.0000  0.0000  0.0000  0.0000  1
133:   0.0383  0.0000  0.0000  0.0000  0.2109  0.7508  0.0000  0.0000  0.0000  1
134:   0.0000  0.0000  0.0832  0.1275  0.3131  0.0000  0.0293  0.2569  0.1900  1
135:   0.4085  0.0000  0.0000  0.2960  0.0000  0.0000  0.2782  0.0000  0.0172  1
136:   0.0000  0.0000  0.0000  0.0000  0.3853  0.2279  0.3868  0.0000  0.0000  1
137:   0.0000  0.0000  0.0000  0.0000  0.0000  0.0000  0.0000  0.0000  1.0000  1
138:   0.0000  0.0000  0.0000  0.0785  0.1693  0.2360  0.0000  0.5162  0.0000  1
139:   1.0000  0.0000  0.0000  0.0000  0.0000  0.0000  0.0000  0.0000  0.0000  1
140:   0.0000  0.0000  0.0000  0.0000  0.0000  0.0000  0.0526  0.4474  0.5000  1
141:   0.0000  0.0338  0.2536  0.2716  0.0000  0.0000  0.1403  0.2548  0.0459  1
142:   0.0902  0.1513  0.0721  0.1309  0.1312  0.1162  0.1426  0.1196  0.0459  1
143:   1.0000  0.0000  0.0000  0.0000  0.0000  0.0000  0.0000  0.0000  0.0000  1
144:   0.0000  0.0076  0.5218  0.4706  0.0000  0.0000  0.0000  0.0000  0.0000  1
145:   0.0000  0.0000  0.0000  0.4041  0.2145  0.0000  0.2315  0.1499  0.0000  1
146:   0.0000  0.0000  0.4064  0.0000  0.0000  0.5936  0.0000  0.0000  0.0000  1
147:   0.0000  0.0000  0.2063  0.0000  0.3559  0.3223  0.0000  0.1154  0.0000  1
148:   0.3327  0.0674  0.1190  0.0000  0.0000  0.2221  0.0000  0.2588  0.0000  1
149:   0.0433  0.2877  0.3068  0.1706  0.0425  0.1490  0.0000  0.0000  0.0000  1
150:   0.0000  0.0000  0.0000  0.0905  0.0000  0.9095  0.0000  0.0000  0.0000  1
151:   0.1542  0.0070  0.0543  0.2118  0.0615  0.1060  0.0834  0.1260  0.1958  1
152:   0.0914  0.0000  0.0000  0.0000  0.3015  0.1047  0.1072  0.3950  0.0002  1
153:   0.1259  0.0000  0.0000  0.3695  0.5046  0.0000  0.0000  0.0000  0.0000  1
154:   0.0281  0.1164  0.0620  0.2317  0.2241  0.0013  0.2477  0.0334  0.0554  1
155:   0.0000  0.2038  0.0000  0.0741  0.1612  0.0386  0.0000  0.5223  0.0000  1
156:   0.0588  0.0824  0.2002  0.0297  0.0253  0.0925  0.1119  0.2112  0.1880  1
157:   0.0000  0.2663  0.0000  0.0000  0.0000  0.5030  0.2307  0.0000  0.0000  1
158:   0.0000  0.5345  0.0000  0.0000  0.4655  0.0000  0.0000  0.0000  0.0000  1
159:   0.5931  0.0000  0.0000  0.0000  0.4069  0.0000  0.0000  0.0000  0.0000  1
160:   0.0000  0.0000  0.0000  0.0000  0.0000  0.6005  0.3995  0.0000  0.0000  1
161:   0.0035  0.4994  0.0000  0.0000  0.0001  0.4971  0.0000  0.0000  0.0000  1
162:   0.5128  0.0000  0.0000  0.0000  0.0000  0.0000  0.0000  0.1617  0.3255  1
163:   0.0000  0.0000  0.0737  0.0000  0.0000  0.0000  0.5701  0.0000  0.3562  1
164:   0.1550  0.0448  0.0000  0.1198  0.0000  0.1278  0.5526  0.0000  0.0000  1
165:   0.6153  0.0000  0.0000  0.1861  0.0000  0.0000  0.1987  0.0000  0.0000  1
166:   0.4518  0.3978  0.0000  0.0000  0.0000  0.1504  0.0000  0.0000  0.0000  1
167:   0.1681  0.0325  0.1414  0.1558  0.1238  0.0195  0.0963  0.1923  0.0702  1
168:   0.6296  0.0000  0.0000  0.0000  0.0000  0.0000  0.0000  0.0000  0.3704  1
169:   0.0000  0.2653  0.0000  0.0000  0.0000  0.4216  0.0000  0.1476  0.1654  1
170:   0.0396  0.2104  0.0834  0.0516  0.0256  0.1533  0.1952  0.1390  0.1019  1
171:   0.0706  0.3684  0.3711  0.1898  0.0000  0.0000  0.0000  0.0000  0.0000  1
172:   0.1045  0.5000  0.0000  0.0000  0.1617  0.2103  0.0000  0.0000  0.0235  1
173:   0.0588  0.0000  0.5000  0.2871  0.0377  0.0528  0.0000  0.0000  0.0637  1
174:   0.0000  0.0000  0.1527  0.0000  0.0000  0.3341  0.2148  0.0000  0.2984  1
175:   0.0674  0.3059  0.0000  0.0000  0.0000  0.1610  0.4657  0.0000  0.0000  1
176:   0.0000  0.2397  0.3537  0.0000  0.0000  0.4066  0.0000  0.0000  0.0000  1
177:   0.0000  0.1885  0.0000  0.0000  0.0000  0.0000  0.1922  0.0000  0.6194  1
178:   0.0000  0.2361  0.1632  0.0000  0.0000  0.0000  0.3611  0.0000  0.2396  1
179:   0.0000  0.5697  0.4303  0.0000  0.0000  0.0000  0.0000  0.0000  0.0000  1
180:   0.1523  0.1206  0.0000  0.0000  0.0000  0.0000  0.7271  0.0000  0.0000  1
181:   0.7471  0.0000  0.0326  0.0000  0.0000  0.0000  0.0000  0.2204  0.0000  1
182:   0.0000  0.0000  0.0000  0.0000  0.0000  1.0000  0.0000  0.0000  0.0000  1
183:   0.0000  0.3744  0.0000  0.0000  0.0000  0.0000  0.0364  0.0000  0.5892  1
184:   0.0000  0.2766  0.0000  0.0000  0.0000  0.0799  0.6435  0.0000  0.0000  1
185:   0.0000  0.3878  0.0000  0.1895  0.0000  0.0000  0.4228  0.0000  0.0000  1
186:   0.0000  0.0000  0.3197  0.0000  0.3572  0.0000  0.0000  0.0000  0.3231  1
187:   0.1692  0.0859  0.3120  0.0000  0.0000  0.4329  0.0000  0.0000  0.0000  1
188:   0.0000  0.2921  0.0720  0.1399  0.0000  0.0000  0.1710  0.0000  0.3251  1
189:   0.0000  0.0000  0.0000  0.0000  0.0000  0.4780  0.0000  0.0000  0.5220  1
190:   0.2433  0.0000  0.2811  0.0000  0.0000  0.0000  0.3744  0.0000  0.1011  1
191:   0.0012  0.4423  0.0922  0.2147  0.0165  0.2331  0.0000  0.0000  0.0000  1
192:   0.0739  0.2499  0.0000  0.2857  0.0000  0.3905  0.0000  0.0000  0.0000  1
193:   1.0000  0.0000  0.0000  0.0000  0.0000  0.0000  0.0000  0.0000  0.0000  1
194:   0.0000  0.0000  0.0000  0.0000  0.3726  0.0000  0.1294  0.4981  0.0000  1
195:   0.0150  0.0535  0.1116  0.1104  0.1261  0.1398  0.1844  0.1870  0.0720  1
196:   0.0000  0.0000  0.1611  0.2746  0.2398  0.0000  0.0000  0.0000  0.3245  1
197:   0.1542  0.0000  0.0000  0.8458  0.0000  0.0000  0.0000  0.0000  0.0000  1
198:   0.0000  0.0000  0.0000  0.0000  0.8946  0.1054  0.0000  0.0000  0.0000  1
199:   0.0000  0.0000  0.0000  0.0000  0.0000  1.0000  0.0000  0.0000  0.0000  1
200:   0.1677  0.0948  0.1735  0.1797  0.1456  0.0353  0.0130  0.0173  0.1731  1
201:   0.0000  0.5000  0.0000  0.0000  0.5000  0.0000  0.0000  0.0000  0.0000  1
202:   0.0061  0.0000  0.0000  0.4181  0.4682  0.1075  0.0000  0.0000  0.0000  1
203:   0.0000  1.0000  0.0000  0.0000  0.0000  0.0000  0.0000  0.0000  0.0000  1
204:   0.0000  0.0000  0.0000  0.0000  0.0000  1.0000  0.0000  0.0000  0.0000  1
205:   0.2026  0.1172  0.1554  0.1227  0.0051  0.1686  0.0104  0.1045  0.1136  1
206:   0.0640  0.1990  0.2769  0.0294  0.1117  0.3189  0.0000  0.0000  0.0000  1
207:   0.0000  0.0000  0.0000  0.3168  0.3088  0.0000  0.2764  0.0980  0.0000  1
208:   0.0000  0.0000  0.0000  0.1722  0.0000  0.8278  0.0000  0.0000  0.0000  1
209:   0.0000  0.0000  0.0000  1.0000  0.0000  0.0000  0.0000  0.0000  0.0000  1
210:   0.0000  0.0000  0.0000  0.0000  0.0000  1.0000  0.0000  0.0000  0.0000  1
211:   0.0147  0.4920  0.0774  0.0029  0.1402  0.2728  0.0000  0.0000  0.0000  1
212:   0.0000  0.0000  0.0000  0.0000  0.0000  0.0000  0.4068  0.0000  0.5932  1
213:   0.0000  0.0000  0.0000  0.0000  0.0000  0.0000  0.0000  0.0000  1.0000  1
214:   0.0000  0.0000  0.2898  0.0000  0.7102  0.0000  0.0000  0.0000  0.0000  1
215:   0.0000  0.0000  0.0495  0.0000  0.2907  0.2868  0.1130  0.2601  0.0000  1
216:   0.0000  0.0000  0.0000  0.1539  0.0000  0.8461  0.0000  0.0000  0.0000  1
217:   0.0000  0.0000  0.0000  0.0000  1.0000  0.0000  0.0000  0.0000  0.0000  1
218:   0.0000  0.0000  1.0000  0.0000  0.0000  0.0000  0.0000  0.0000  0.0000  1
219:   0.0000  0.0000  0.0000  0.0000  0.0000  0.0000  0.0659  0.9341  0.0000  1
220:   0.0000  0.0000  0.0000  0.0000  0.0000  0.0000  1.0000  0.0000  0.0000  1
221:   0.0000  0.6229  0.0000  0.0000  0.0000  0.3771  0.0000  0.0000  0.0000  1
222:   0.0000  0.0000  0.0000  0.1373  0.0000  0.8627  0.0000  0.0000  0.0000  1
223:   0.0000  0.0000  0.0000  0.0000  0.0000  0.0000  0.0045  0.1853  0.8102  1
224:   0.1535  0.1398  0.1064  0.0583  0.1718  0.0737  0.0630  0.0566  0.1768  1
225:   0.0000  0.0000  0.0000  0.0000  0.0000  0.0000  0.2354  0.3142  0.4504  1
226:   0.0000  0.0763  0.0000  0.4311  0.0882  0.4044  0.0000  0.0000  0.0000  1
227:   0.0863  0.3640  0.4145  0.0220  0.0735  0.0396  0.0000  0.0000  0.0000  1
228:   1.0000  0.0000  0.0000  0.0000  0.0000  0.0000  0.0000  0.0000  0.0000  1
229:   0.2919  0.0000  0.0000  0.2703  0.0000  0.0000  0.0000  0.0000  0.4378  1
230:   0.0000  0.0000  1.0000  0.0000  0.0000  0.0000  0.0000  0.0000  0.0000  1
231:   0.0000  0.0000  0.0000  0.0000  0.0000  0.2149  0.7851  0.0000  0.0000  1
232:   0.0000  0.0000  0.0000  1.0000  0.0000  0.0000  0.0000  0.0000  0.0000  1
233:   0.0000  0.0000  0.0000  0.0000  0.0000  0.5002  0.0000  0.0000  0.4998  1
234:   0.0173  0.0703  0.0973  0.1568  0.0812  0.1384  0.0949  0.1736  0.1703  1
235:   0.0000  0.0000  0.0000  0.0000  0.0000  0.0000  0.4807  0.5193  0.0000  1
236:   0.0035  0.0000  0.0000  0.5207  0.0266  0.0316  0.0000  0.0000  0.4176  1
237:   0.1629  0.0000  0.5064  0.0000  0.0000  0.0000  0.0000  0.0000  0.3307  1
238:   0.0000  0.0000  0.0000  0.0000  0.0000  0.0000  1.0000  0.0000  0.0000  1
239:   0.0000  0.0000  0.0000  0.0000  0.0000  0.0000  0.0000  1.0000  0.0000  1
240:   0.0783  0.1197  0.3130  0.3511  0.0000  0.0000  0.0000  0.1379  0.0000  1
241:   0.0000  0.0000  0.0000  0.3655  0.0000  0.6345  0.0000  0.0000  0.0000  1
242:   0.0000  0.0000  0.0000  0.0000  0.0000  0.0000  0.0784  0.3487  0.5729  1
243:   0.0000  0.0000  0.0000  0.6572  0.0000  0.0000  0.0000  0.0000  0.3428  1
244:   0.0000  0.0000  0.0000  0.5928  0.4072  0.0000  0.0000  0.0000  0.0000  1
245:   0.0000  0.0000  0.0000  0.2878  0.0000  0.0000  0.7122  0.0000  0.0000  1
246:   0.0000  0.0000  0.1657  0.0000  0.2851  0.0000  0.0000  0.0000  0.5492  1
247:   0.0044  0.0138  0.0000  0.0124  0.7372  0.0788  0.1534  0.0000  0.0000  1
248:   0.5930  0.0000  0.0000  0.0000  0.4070  0.0000  0.0000  0.0000  0.0000  1
249:   0.0000  0.2592  0.0000  0.0000  0.4464  0.2944  0.0000  0.0000  0.0000  1
250:   0.0551  0.1983  0.2244  0.1651  0.1018  0.0566  0.0901  0.0385  0.0702  1
251:   0.0000  0.0000  1.0000  0.0000  0.0000  0.0000  0.0000  0.0000  0.0000  1
252:   0.0000  0.0000  0.0000  0.0000  1.0000  0.0000  0.0000  0.0000  0.0000  1
253:   0.0000  0.1695  0.0000  0.3804  0.0402  0.2721  0.0000  0.0000  0.1379  1
254:   0.8419  0.0000  0.0000  0.1581  0.0000  0.0000  0.0000  0.0000  0.0000  1
255:   0.0000  0.0000  0.9028  0.0000  0.0000  0.0972  0.0000  0.0000  0.0000  1
256:   0.0000  0.0000  0.0000  0.0895  0.0000  0.9105  0.0000  0.0000  0.0000  1
257:   0.5404  0.0000  0.0000  0.0000  0.0000  0.0000  0.0000  0.0000  0.4596  1
258:   0.0000  0.0000  0.0000  0.0000  0.0000  0.0000  0.0000  0.0000  1.0000  1
259:   0.0397  0.0000  0.0000  0.0000  0.2114  0.7434  0.0000  0.0000  0.0055  1
260:   0.0000  0.0000  0.0000  0.0376  0.0000  0.9624  0.0000  0.0000  0.0000  1
261:   0.1169  0.1156  0.0889  0.1673  0.1571  0.1372  0.0260  0.0435  0.1476  1
262:   0.5579  0.0000  0.0000  0.3590  0.0000  0.0000  0.0000  0.0000  0.0831  1

  1:   0.1151  0.1048  0.1169  0.1444  0.1016  0.1588  0.1220  0.0819  0.0546  1
  2:   0.0000  0.0000  0.0000  0.0000  0.5005  0.4995  0.0000  0.0000  0.0000  1
  3:   0.0926  0.0000  0.1956  0.0000  0.0000  0.0000  0.2148  0.0781  0.4189  1
  4:   0.2056  0.1629  0.0334  0.1536  0.0227  0.1740  0.0158  0.2163  0.0157  1
  5:   0.0000  0.0502  0.2320  0.0000  0.0000  0.0000  0.4810  0.0000  0.2368  1
  6:   0.0000  0.0000  0.0000  0.0000  0.0000  0.0000  0.0000  1.0000  0.0000  1
  7:   0.1537  0.0000  0.4821  0.0000  0.0000  0.3348  0.0000  0.0000  0.0294  1
  8:   0.5570  0.0000  0.0000  0.0000  0.4430  0.0000  0.0000  0.0000  0.0000  1
  9:   0.0267  0.1628  0.1517  0.1745  0.1418  0.0289  0.0833  0.0516  0.1786  1
 10:   0.4578  0.0000  0.0000  0.0000  0.1053  0.0000  0.4369  0.0000  0.0000  1
 11:   0.0923  0.1387  0.2252  0.0911  0.1839  0.1704  0.0276  0.0074  0.0634  1
 12:   0.2979  0.0000  0.0000  0.0000  0.7021  0.0000  0.0000  0.0000  0.0000  1
 13:   0.0953  0.0000  0.6289  0.0000  0.0000  0.0000  0.2757  0.0000  0.0000  1
 14:   0.0000  0.0000  0.0000  0.1120  0.0000  0.0000  0.1792  0.0000  0.7088  1
 15:   0.0000  0.0000  0.5717  0.0000  0.1021  0.0000  0.0000  0.3262  0.0000  1
 16:   0.9991  0.0000  0.0000  0.0000  0.0009  0.0000  0.0000  0.0000  0.0000  1
 17:   0.0000  0.0000  1.0000  0.0000  0.0000  0.0000  0.0000  0.0000  0.0000  1
 18:   0.1847  0.1040  0.2806  0.0000  0.0000  0.0000  0.0799  0.0000  0.3508  1
 19:   0.0000  0.0000  0.0000  0.0000  0.0000  1.0000  0.0000  0.0000  0.0000  1
 20:   0.3206  0.4090  0.0000  0.2703  0.0000  0.0000  0.0000  0.0000  0.0000  1
 21:   0.0000  0.3968  0.6032  0.0000  0.0000  0.0000  0.0000  0.0000  0.0000  1
 22:   0.2774  0.3593  0.1161  0.0000  0.0807  0.1665  0.0000  0.0000  0.0000  1
 23:   0.0000  0.5262  0.4738  0.0000  0.0000  0.0000  0.0000  0.0000  0.0000  1
 24:   0.0000  0.0000  0.3404  0.0000  0.0000  0.0791  0.2908  0.0000  0.2896  1
 25:   0.0000  0.0000  1.0000  0.0000  0.0000  0.0000  0.0000  0.0000  0.0000  1
 26:   0.0000  0.0081  0.4785  0.0000  0.0000  0.0000  0.0870  0.0000  0.4263  1
 27:   0.0000  1.0000  0.0000  0.0000  0.0000  0.0000  0.0000  0.0000  0.0000  1
 28:   0.1755  0.1753  0.0998  0.1769  0.0514  0.1196  0.1365  0.0050  0.0601  1
 29:   0.0788  0.0743  0.1989  0.0249  0.0569  0.0684  0.1679  0.1852  0.1447  1
 30:   0.0000  0.0000  0.0000  0.0000  0.0000  1.0000  0.0000  0.0000  0.0000  1
 31:   0.0105  0.1263  0.2027  0.0813  0.1041  0.1802  0.1965  0.0835  0.0147  1
 32:   0.1273  0.0188  0.0238  0.2079  0.0980  0.0985  0.1470  0.1230  0.1557  1
 33:   0.0000  0.0000  0.0000  0.0000  0.0000  1.0000  0.0000  0.0000  0.0000  1
 34:   0.1684  0.0000  0.0000  0.0000  0.2379  0.0000  0.2065  0.3873  0.0000  1
 35:   0.0000  1.0000  0.0000  0.0000  0.0000  0.0000  0.0000  0.0000  0.0000  1
 36:   0.5226  0.4774  0.0000  0.0000  0.0000  0.0000  0.0000  0.0000  0.0000  1
 37:   0.7475  0.0000  0.0000  0.0000  0.2525  0.0000  0.0000  0.0000  0.0000  1
 38:   0.0000  0.0000  1.0000  0.0000  0.0000  0.0000  0.0000  0.0000  0.0000  1
 39:   0.0000  0.0000  0.0000  0.0000  0.0000  0.3582  0.6418  0.0000  0.0000  1
 40:   0.0000  0.0000  0.0000  0.0000  0.0000  0.0000  0.0000  0.0000  1.0000  1
 41:   0.0844  0.1433  0.0344  0.1334  0.0588  0.2464  0.2311  0.0262  0.0420  1
 42:   0.0000  0.0000  0.0000  0.0000  0.0000  0.0000  1.0000  0.0000  0.0000  1
 43:   0.6885  0.0000  0.0000  0.0000  0.0000  0.0000  0.0000  0.0000  0.3115  1
 44:   0.0000  0.0000  0.0000  0.2832  0.6806  0.0350  0.0012  0.0000  0.0000  1
 45:   0.3586  0.0000  0.0000  0.0000  0.0000  0.3677  0.2738  0.0000  0.0000  1
 46:   0.0056  0.0951  0.1460  0.1536  0.1140  0.0193  0.1645  0.1419  0.1601  1
 47:   0.4299  0.0000  0.0000  0.0000  0.0701  0.5000  0.0000  0.0000  0.0000  1
 48:   0.0000  0.0000  0.2678  0.0000  0.0000  0.0000  0.2226  0.0000  0.5096  1
 49:   0.0000  0.0000  0.0000  0.0000  0.0000  0.0000  0.1590  0.8217  0.0192  1
 50:   0.6702  0.0000  0.0000  0.0000  0.3298  0.0000  0.0000  0.0000  0.0000  1
 51:   0.0000  0.1126  0.4224  0.0000  0.0000  0.0000  0.0913  0.0000  0.3738  1
 52:   0.0000  0.0000  0.4856  0.0000  0.0000  0.0000  0.5144  0.0000  0.0000  1
 53:   0.1053  0.0662  0.0296  0.0554  0.1652  0.1734  0.1903  0.1930  0.0216  1
 54:   0.0000  0.4143  0.2569  0.0000  0.0000  0.3282  0.0000  0.0000  0.0007  1
 55:   0.8008  0.0000  0.0000  0.0000  0.1992  0.0000  0.0000  0.0000  0.0000  1
 56:   0.0000  0.0000  0.0000  0.0000  0.0000  1.0000  0.0000  0.0000  0.0000  1
 57:   0.0000  0.0000  0.0000  0.0000  0.0000  0.0000  0.0000  0.0000  1.0000  1
 58:   0.0967  0.0715  0.0952  0.1822  0.1959  0.1686  0.1166  0.0266  0.0468  1
 59:   0.0862  0.3744  0.0000  0.0000  0.0000  0.1299  0.0000  0.0000  0.4094  1
 60:   0.0713  0.1428  0.1627  0.1645  0.1253  0.1591  0.0421  0.1205  0.0116  1
 61:   0.0000  0.0000  0.0000  0.2093  0.7822  0.0085  0.0001  0.0000  0.0000  1
 62:   0.0000  0.0000  0.0000  0.0000  0.0000  0.0000  0.0000  1.0000  0.0000  1
 63:   0.0526  0.0697  0.0366  0.1850  0.1526  0.0112  0.1828  0.1525  0.1570  1
 64:   0.9356  0.0000  0.0000  0.0000  0.0644  0.0000  0.0000  0.0000  0.0000  1
 65:   0.1093  0.0387  0.0520  0.1922  0.1530  0.0979  0.1054  0.1170  0.1345  1
 66:   0.0000  0.0000  0.4964  0.0000  0.0000  0.0000  0.0633  0.0000  0.4403  1
 67:   0.1107  0.0946  0.1095  0.0749  0.0788  0.1197  0.1842  0.0770  0.1507  1
 68:   0.6692  0.0000  0.0000  0.0000  0.0000  0.0000  0.3308  0.0000  0.0000  1
 69:   0.0000  0.0000  0.0000  0.0000  0.0000  0.0000  1.0000  0.0000  0.0000  1
 70:   0.0000  0.0000  0.0000  0.0000  1.0000  0.0000  0.0000  0.0000  0.0000  1
 71:   0.0637  0.2064  0.0882  0.0117  0.1564  0.1935  0.0554  0.0209  0.2037  1
 72:   0.2240  0.2374  0.1657  0.0000  0.2738  0.0991  0.0000  0.0000  0.0000  1
 73:   0.0000  0.0000  0.0000  0.8489  0.0073  0.0005  0.1433  0.0000  0.0000  1
 74:   0.0239  0.0973  0.0519  0.0296  0.1794  0.0394  0.1433  0.1944  0.2408  1
 75:   0.0767  0.1786  0.1799  0.0659  0.1145  0.1306  0.0610  0.0850  0.1077  1
 76:   0.0000  0.5884  0.0000  0.0000  0.0000  0.0000  0.4116  0.0000  0.0000  1
 77:   0.1899  0.0000  0.0000  0.0000  0.1870  0.0000  0.2710  0.3520  0.0000  1
 78:   0.1023  0.2025  0.0916  0.0000  0.5178  0.0858  0.0000  0.0000  0.0000  1
 79:   0.6618  0.0000  0.0000  0.1142  0.0000  0.2240  0.0000  0.0000  0.0000  1
 80:   0.0000  1.0000  0.0000  0.0000  0.0000  0.0000  0.0000  0.0000  0.0000  1
 81:   0.1006  0.1129  0.0455  0.2522  0.1437  0.1121  0.0673  0.1395  0.0262  1
 82:   0.0000  0.0000  0.0000  0.6306  0.3011  0.0646  0.0036  0.0000  0.0000  1
 83:   0.0000  0.0000  1.0000  0.0000  0.0000  0.0000  0.0000  0.0000  0.0000  1
 84:   0.0545  0.0168  0.1713  0.1506  0.1032  0.0463  0.1897  0.0978  0.1697  1
 85:   0.0000  1.0000  0.0000  0.0000  0.0000  0.0000  0.0000  0.0000  0.0000  1
 86:   0.0000  0.0000  1.0000  0.0000  0.0000  0.0000  0.0000  0.0000  0.0000  1
 87:   0.9369  0.0000  0.0000  0.0000  0.0631  0.0000  0.0000  0.0000  0.0000  1
 88:   0.0450  0.1491  0.1101  0.2115  0.2119  0.0449  0.0599  0.0790  0.0886  1
 89:   0.0408  0.0000  0.5389  0.0000  0.3952  0.0000  0.0251  0.0000  0.0000  1
 90:   0.0000  0.0000  0.0000  0.0000  1.0000  0.0000  0.0000  0.0000  0.0000  1
 91:   0.2089  0.4462  0.1679  0.0000  0.0679  0.1091  0.0000  0.0000  0.0000  1
 92:   0.6161  0.0000  0.0000  0.0000  0.0000  0.3839  0.0001  0.0000  0.0000  1
 93:   0.0000  0.2061  0.7939  0.0000  0.0000  0.0000  0.0000  0.0000  0.0000  1
 94:   0.0000  0.0000  1.0000  0.0000  0.0000  0.0000  0.0000  0.0000  0.0000  1
 95:   0.0000  0.0000  1.0000  0.0000  0.0000  0.0000  0.0000  0.0000  0.0000  1
 96:   0.3133  0.0816  0.1722  0.0000  0.3135  0.1194  0.0000  0.0000  0.0000  1
 97:   0.0000  0.0854  0.2057  0.2377  0.1540  0.0000  0.0000  0.3173  0.0000  1
 98:   0.1597  0.4861  0.0000  0.3543  0.0000  0.0000  0.0000  0.0000  0.0000  1
 99:   0.0000  0.2441  0.0000  0.4845  0.0000  0.0000  0.2714  0.0000  0.0000  1
100:   0.0000  0.4708  0.4463  0.0000  0.0000  0.0000  0.0000  0.0830  0.0000  1
101:   0.0000  0.0000  0.0000  0.0000  0.4182  0.0000  0.5818  0.0000  0.0000  1
102:   0.0520  0.0000  0.0000  0.0273  0.0000  0.0000  0.3111  0.6095  0.0000  1
103:   0.0000  0.0000  0.0000  0.0000  0.0000  0.0000  1.0000  0.0000  0.0000  1
104:   0.0000  0.0000  0.0000  0.0000  0.0000  0.0000  0.0000  1.0000  0.0000  1
105:   0.1568  0.0089  0.0609  0.0580  0.1384  0.2122  0.1083  0.1849  0.0716  1
106:   0.0000  0.4539  0.0000  0.0000  0.5461  0.0000  0.0000  0.0000  0.0000  1
107:   0.0000  0.3261  0.3221  0.0000  0.0000  0.2480  0.0000  0.0000  0.1038  1
108:   0.1899  0.2042  0.0127  0.0484  0.0796  0.0227  0.1174  0.1454  0.1797  1
109:   0.3603  0.0030  0.0000  0.0000  0.0000  0.0000  0.6366  0.0000  0.0000  1
110:   0.0000  0.0000  0.0000  0.0000  0.0000  0.0000  0.8211  0.0000  0.1789  1
111:   0.0000  0.1393  0.4800  0.0000  0.0000  0.0000  0.0110  0.0000  0.3697  1
112:   0.0656  0.0628  0.1128  0.1907  0.1016  0.0890  0.0409  0.1969  0.1398  1
113:   0.2368  0.0000  0.4958  0.0000  0.0000  0.2674  0.0000  0.0000  0.0000  1
114:   0.0001  0.0237  0.0000  0.4920  0.0000  0.0000  0.0000  0.0000  0.4842  1
115:   0.4936  0.0000  0.1346  0.3718  0.0000  0.0000  0.0000  0.0000  0.0000  1
116:   0.0000  0.0850  0.2109  0.2370  0.1532  0.0000  0.0000  0.3139  0.0000  1
117:   0.2329  0.1723  0.2891  0.0000  0.1047  0.0445  0.0000  0.1564  0.0000  1
118:   0.0000  0.0000  0.0000  0.0000  0.0000  0.0000  0.0167  0.9729  0.0103  1
119:   0.0000  0.4680  0.0000  0.0000  0.3434  0.0000  0.0000  0.1886  0.0000  1
120:   0.0000  0.0630  0.2214  0.2400  0.1757  0.0000  0.0000  0.3000  0.0000  1
121:   0.0000  0.0000  0.0000  1.0000  0.0000  0.0000  0.0000  0.0000  0.0000  1
122:   0.1754  0.0547  0.0000  0.0435  0.2158  0.0000  0.0000  0.5106  0.0000  1
123:   0.1714  0.0555  0.0000  0.0490  0.2158  0.0000  0.0000  0.5083  0.0000  1
124:   0.1505  0.0826  0.1585  0.1606  0.1808  0.1175  0.0174  0.1056  0.0264  1
125:   0.3684  0.0000  0.0000  0.0000  0.0000  0.3444  0.0000  0.0000  0.2872  1
126:   0.0000  0.0850  0.2109  0.2370  0.1532  0.0000  0.0000  0.3139  0.0000  1
127:   0.1823  0.1899  0.0345  0.0486  0.1508  0.1285  0.0185  0.1231  0.1237  1
128:   0.1327  0.1246  0.0292  0.1589  0.0981  0.1091  0.0805  0.1550  0.1120  1
129:   0.0000  0.3440  0.5597  0.0000  0.0000  0.0963  0.0000  0.0000  0.0000  1
130:   0.0000  0.0000  0.0000  0.0000  0.0000  0.0000  0.0000  1.0000  0.0000  1
131:   0.0000  0.0000  0.0000  0.0000  0.0000  0.5004  0.4996  0.0000  0.0000  1
132:   0.0000  0.0000  0.3088  0.3289  0.3624  0.0000  0.0000  0.0000  0.0000  1
133:   0.8755  0.0000  0.0000  0.0000  0.1245  0.0000  0.0000  0.0000  0.0000  1
134:   0.0900  0.0544  0.2083  0.0807  0.1817  0.0000  0.0000  0.3848  0.0000  1
135:   0.0000  0.0000  0.1554  0.3621  0.0000  0.0000  0.4826  0.0000  0.0000  1
136:   0.0000  0.1250  0.0000  0.0000  0.4841  0.0000  0.3909  0.0000  0.0000  1
137:   0.0000  0.0000  0.0000  0.0000  0.0000  0.0000  1.0000  0.0000  0.0000  1
138:   0.0000  0.0046  0.0000  0.1661  0.3183  0.0000  0.0835  0.4275  0.0000  1
139:   0.0000  0.0000  0.0000  0.0000  0.0000  0.0000  1.0000  0.0000  0.0000  1
140:   0.0000  0.0000  0.0000  0.0000  0.0000  0.0000  1.0000  0.0000  0.0000  1
141:   0.0000  0.2054  0.2408  0.2661  0.0000  0.0000  0.0000  0.2877  0.0000  1
142:   0.1041  0.0403  0.1748  0.1711  0.0218  0.1902  0.1219  0.0206  0.1552  1
143:   0.0000  0.0000  0.0000  0.0000  0.0000  0.0000  1.0000  0.0000  0.0000  1
144:   0.0000  0.2327  0.3709  0.3964  0.0000  0.0000  0.0000  0.0000  0.0000  1
145:   0.0000  0.0000  0.0000  0.4037  0.2759  0.0000  0.2405  0.0798  0.0000  1
146:   0.0000  0.6388  0.3227  0.0386  0.0000  0.0000  0.0000  0.0000  0.0000  1
147:   0.0000  0.2447  0.2059  0.0000  0.4345  0.0000  0.0000  0.1149  0.0000  1
148:   0.3387  0.3918  0.1320  0.0000  0.0000  0.0000  0.0000  0.1376  0.0000  1
149:   0.5250  0.1134  0.1452  0.0000  0.1239  0.0925  0.0000  0.0000  0.0000  1
150:   0.0000  0.0000  0.0000  0.0000  0.9571  0.0429  0.0000  0.0000  0.0000  1
151:   0.0453  0.1879  0.1699  0.0956  0.0152  0.1043  0.1519  0.1647  0.0654  1
152:   0.2191  0.0685  0.0000  0.0000  0.2567  0.0000  0.0937  0.3621  0.0000  1
153:   0.3107  0.0000  0.0000  0.2331  0.4562  0.0000  0.0000  0.0000  0.0000  1
154:   0.0351  0.1626  0.1240  0.1122  0.2173  0.0956  0.0620  0.0774  0.1138  1
155:   0.1130  0.0000  0.0000  0.0000  0.1324  0.1980  0.0000  0.5425  0.0141  1
156:   0.0042  0.2094  0.0544  0.1798  0.0341  0.2193  0.1332  0.1629  0.0027  1
157:   0.0000  0.2299  0.0000  0.0000  0.0000  0.5864  0.1837  0.0000  0.0000  1
158:   0.6000  0.0000  0.0000  0.0000  0.0000  0.4000  0.0000  0.0000  0.0000  1
159:   0.0000  0.0000  0.0000  0.0000  0.4448  0.0000  0.5552  0.0000  0.0000  1
160:   0.0000  0.0000  0.0000  0.0000  0.0838  0.0000  0.9162  0.0000  0.0000  1
161:   0.4997  0.0000  0.0000  0.0000  0.0006  0.4997  0.0000  0.0000  0.0000  1
162:   0.1709  0.0000  0.3325  0.0000  0.0000  0.0000  0.3394  0.1572  0.0000  1
163:   0.3043  0.2637  0.3662  0.0000  0.0000  0.0000  0.0657  0.0000  0.0000  1
164:   0.2866  0.3541  0.0000  0.0000  0.0000  0.0000  0.3593  0.0000  0.0000  1
165:   0.7028  0.0561  0.0000  0.0000  0.0000  0.0000  0.2411  0.0000  0.0000  1
166:   0.2517  0.4877  0.0000  0.0000  0.0000  0.2606  0.0000  0.0000  0.0000  1
167:   0.0401  0.1272  0.0978  0.1264  0.0509  0.1556  0.1100  0.1480  0.1439  1
168:   0.2928  0.0000  0.4511  0.0000  0.0000  0.0000  0.2561  0.0000  0.0000  1
169:   0.0000  0.0000  0.0689  0.0000  0.0000  0.5611  0.2042  0.1657  0.0000  1
170:   0.1430  0.1075  0.0900  0.1423  0.1597  0.0521  0.0662  0.1208  0.1184  1
171:   0.1866  0.2548  0.2804  0.0354  0.0000  0.2244  0.0000  0.0000  0.0184  1
172:   0.4965  0.0000  0.0000  0.0000  0.0035  0.5000  0.0000  0.0000  0.0000  1
173:   0.0000  0.5001  0.0000  0.4999  0.0000  0.0000  0.0000  0.0000  0.0000  1
174:   0.0000  0.0490  0.4534  0.0000  0.0000  0.0000  0.4976  0.0000  0.0000  1
175:   0.0000  0.1949  0.0000  0.0000  0.0000  0.3207  0.3947  0.0000  0.0897  1
176:   0.0000  0.5150  0.4850  0.0000  0.0000  0.0000  0.0000  0.0000  0.0000  1
177:   0.2766  0.0000  0.2518  0.0000  0.0000  0.2272  0.2444  0.0000  0.0000  1
178:   0.0000  0.0000  0.2712  0.0000  0.0000  0.0000  0.2816  0.0000  0.4473  1
179:   0.0000  0.5714  0.0000  0.0000  0.0000  0.4286  0.0000  0.0000  0.0000  1
180:   0.0000  0.0000  0.0000  0.0000  0.0000  0.0000  0.5326  0.0000  0.4674  1
181:   0.3645  0.2234  0.2248  0.0000  0.0000  0.0000  0.0307  0.1566  0.0000  1
182:   0.0000  0.0000  0.0000  0.0000  0.0000  1.0000  0.0000  0.0000  0.0000  1
183:   0.1458  0.0000  0.2425  0.0000  0.0000  0.0000  0.1366  0.0000  0.4752  1
184:   0.0000  0.0000  0.0000  0.0000  0.0000  0.0203  0.4996  0.0000  0.4801  1
185:   0.2595  0.1675  0.0000  0.1370  0.0000  0.0000  0.0000  0.0000  0.4360  1
186:   0.0000  0.0000  0.6761  0.0000  0.3239  0.0000  0.0000  0.0000  0.0000  1
187:   0.1218  0.2442  0.5389  0.0000  0.0000  0.0951  0.0000  0.0000  0.0000  1
188:   0.1269  0.0000  0.2486  0.0711  0.0000  0.1469  0.0757  0.1384  0.1924  1
189:   0.2011  0.0000  0.4609  0.0000  0.0000  0.0000  0.3380  0.0000  0.0000  1
190:   0.0000  0.3352  0.3182  0.0000  0.0000  0.0000  0.3131  0.0000  0.0335  1
191:   0.0631  0.4222  0.1196  0.0000  0.1850  0.2101  0.0000  0.0000  0.0000  1
192:   0.2284  0.0000  0.0000  0.1956  0.0000  0.5760  0.0000  0.0000  0.0000  1
193:   0.0000  0.0000  0.0000  0.0000  0.0000  0.0000  1.0000  0.0000  0.0000  1
194:   0.0000  0.4996  0.0000  0.0000  0.0000  0.0000  0.0000  0.5004  0.0000  1
195:   0.0547  0.1849  0.2299  0.0617  0.0366  0.0572  0.1481  0.1339  0.0930  1
196:   0.0000  0.0000  0.4475  0.2925  0.2600  0.0000  0.0000  0.0000  0.0000  1
197:   0.2253  0.0000  0.0000  0.7747  0.0000  0.0000  0.0000  0.0000  0.0000  1
198:   0.5000  0.0000  0.0000  0.0000  0.5000  0.0000  0.0000  0.0000  0.0000  1
199:   0.0000  0.0000  0.0000  0.0000  1.0000  0.0000  0.0000  0.0000  0.0000  1
200:   0.1566  0.1530  0.0910  0.2232  0.1044  0.0244  0.0529  0.0787  0.1159  1
201:   0.0000  0.5000  0.0000  0.0000  0.5000  0.0000  0.0000  0.0000  0.0000  1
202:   0.0731  0.0000  0.0000  0.4002  0.5268  0.0000  0.0000  0.0000  0.0000  1
203:   0.4796  0.0000  0.0000  0.0000  0.0000  0.0000  0.0000  0.0000  0.5204  1
204:   0.0000  0.0000  0.0000  0.0000  1.0000  0.0000  0.0000  0.0000  0.0000  1
205:   0.0228  0.1303  0.0876  0.0815  0.1305  0.1666  0.1538  0.1241  0.1028  1
206:   0.3758  0.0262  0.1611  0.0000  0.2362  0.2007  0.0000  0.0000  0.0000  1
207:   0.0763  0.1658  0.0000  0.3065  0.2027  0.0000  0.0000  0.2487  0.0000  1
208:   0.0000  0.0000  0.0000  0.7827  0.2166  0.0007  0.0000  0.0000  0.0000  1
209:   0.0000  0.0000  0.0000  1.0000  0.0000  0.0000  0.0000  0.0000  0.0000  1
210:   0.0000  0.0000  0.0000  0.0000  1.0000  0.0000  0.0000  0.0000  0.0000  1
211:   0.2032  0.3734  0.1216  0.0000  0.1574  0.1443  0.0000  0.0000  0.0000  1
212:   0.3012  0.0000  0.2098  0.0000  0.0000  0.0000  0.4481  0.0409  0.0000  1
213:   0.0000  0.0000  1.0000  0.0000  0.0000  0.0000  0.0000  0.0000  0.0000  1
214:   0.0000  0.1939  0.0000  0.0810  0.7251  0.0000  0.0000  0.0000  0.0000  1
215:   0.0000  0.0000  0.0000  0.0000  0.3393  0.2805  0.1084  0.2634  0.0084  1
216:   0.0000  0.0000  0.0000  0.2457  0.7315  0.0218  0.0011  0.0000  0.0000  1
217:   1.0000  0.0000  0.0000  0.0000  0.0000  0.0000  0.0000  0.0000  0.0000  1
218:   0.0000  0.3227  0.6773  0.0000  0.0000  0.0000  0.0000  0.0000  0.0000  1
219:   0.0000  0.0000  0.0000  0.0000  0.0000  0.0000  0.1641  0.8359  0.0000  1
220:   0.0000  1.0000  0.0000  0.0000  0.0000  0.0000  0.0000  0.0000  0.0000  1
221:   0.0000  1.0000  0.0000  0.0000  0.0000  0.0000  0.0000  0.0000  0.0000  1
222:   0.0000  0.0000  0.0000  0.8733  0.1228  0.0038  0.0001  0.0000  0.0000  1
223:   0.0000  0.0000  0.0000  0.0000  0.0000  0.0000  0.3716  0.5877  0.0406  1
224:   0.1336  0.1497  0.1620  0.0298  0.1628  0.1116  0.0364  0.0346  0.1797  1
225:   0.0000  0.0000  0.0000  0.0000  0.0000  0.0000  0.0667  0.9325  0.0009  1
