1:           1.682627e-01 0.0993253473 1.585295e-01 0.083729039  8.523425e-02 1.431913e-01 0.044660074  1.213001e-01 9.576771e-02 1           
2:           1.000000e-09 0.0000000010 1.000000e-09 0.370715401  1.000000e-09 1.000000e-09 0.629284592  1.000000e-09 1.000000e-09 1           
3:           1.000000e-09 0.4183156763 1.000000e-09 0.277817839  1.000000e-09 3.038665e-01 0.000000001  1.000000e-09 1.000000e-09 1           
4:           4.807026e-02 0.1651631129 1.608193e-01 0.083237047  1.224870e-01 5.071196e-02 0.031040382  2.043868e-01 1.340841e-01 1           
5:           1.000000e-09 0.3374755708 1.000000e-09 0.000000001  1.000000e-09 6.625244e-01 0.000000001  1.000000e-09 1.000000e-09 1           
6:           1.000000e-09 0.0000000010 5.140564e-01 0.000000001  1.000000e-09 4.859436e-01 0.000000001  1.000000e-09 1.000000e-09 1           
7:           3.798681e-01 0.0000000010 1.000000e-09 0.283943136  1.000000e-09 1.000000e-09 0.000000001  1.000000e-09 3.361888e-01 1           
8:           1.132049e-01 0.0148407095 1.000000e-09 0.000000001  2.297991e-01 1.000000e-09 0.642155282  1.000000e-09 1.000000e-09 1           
9:           4.945730e-02 0.0191203075 1.546360e-01 0.060520184  2.067498e-01 1.304142e-01 0.137898916  1.799509e-01 6.125232e-02 1           
10:          2.472844e-01 0.5000795386 1.000000e-09 0.000000001  1.744433e-01 1.000000e-09 0.078192808  1.000000e-09 1.000000e-09 1           
11:          6.795784e-02 0.1958429176 5.857695e-02 0.022661699  7.166062e-02 1.256634e-01 0.207261733  9.829734e-02 1.520775e-01 1           
12:          1.746808e-01 0.0688831279 1.000000e-09 0.000000001  6.059775e-01 1.000000e-09 0.150458520  1.000000e-09 1.000000e-09 1           
13:          6.889044e-01 0.3110955916 1.000000e-09 0.000000001  1.000000e-09 1.000000e-09 0.000000001  1.000000e-09 1.000000e-09 1           
14:          1.000000e-09 0.0000000010 1.000000e-09 0.472612108  1.000000e-09 4.385267e-01 0.000000001  8.886115e-02 1.000000e-09 1           
15:          1.000000e-09 0.5109984114 1.000000e-09 0.000000001  2.060625e-01 1.000000e-09 0.000000001  1.000000e-09 2.829391e-01 1           
16:          3.980594e-03 0.0105079169 1.000000e-09 0.000000001  1.680456e-01 1.000000e-09 0.817465865  1.000000e-09 1.000000e-09 1           
17:          1.000000e-09 0.0000000010 1.000000e-09 0.000000001  1.000000e-09 1.000000e-09 0.999999992  1.000000e-09 1.000000e-09 1           
18:          1.000000e-09 0.3667893957 1.000000e-09 0.379673967  1.000000e-09 1.709960e-01 0.000000001  1.000000e-09 8.254061e-02 1           
19:          1.000000e-09 0.0000000010 1.000000e-09 0.999999992  1.000000e-09 1.000000e-09 0.000000001  1.000000e-09 1.000000e-09 1           
20:          1.000000e-09 0.0000000010 1.000000e-09 0.000000001  1.000000e-09 6.992312e-01 0.000000001  3.007688e-01 1.000000e-09 1           
21:          3.796042e-01 0.0000000010 1.000000e-09 0.000000001  1.000000e-09 1.000000e-09 0.032387550  1.000000e-09 5.880082e-01 1           
22:          7.489050e-02 0.0000000010 1.000000e-09 0.096571547  1.419803e-01 1.000000e-09 0.268921716  1.004736e-01 3.171624e-01 1           
23:          1.000000e-09 0.0000000010 1.000000e-09 0.185215038  1.000000e-09 1.000000e-09 0.255219157  1.000000e-09 5.595658e-01 1           
24:          1.118777e-01 0.2326662471 1.000000e-09 0.307497651  1.000000e-09 1.857055e-01 0.000000001  1.000000e-09 1.622528e-01 1           
25:          3.176740e-01 0.1166975796 1.000000e-09 0.000000001  1.000000e-09 1.000000e-09 0.123880641  1.000000e-09 4.417478e-01 1           
26:          5.391043e-02 0.1155521178 1.000000e-09 0.175158132  1.000000e-09 3.610585e-01 0.000000001  1.000000e-09 2.943208e-01 1           
27:          1.000000e-09 0.0000000010 1.000000e-09 0.707207664  1.000000e-09 1.000000e-09 0.292792329  1.000000e-09 1.000000e-09 1           
28:          7.713749e-02 0.1879895543 1.686087e-01 0.070046663  1.864870e-02 1.046614e-01 0.029024707  1.176414e-01 2.262413e-01 1           
29:          1.637012e-01 0.1372274477 1.472449e-01 0.071299063  4.045990e-02 8.242642e-02 0.069245645  1.032962e-01 1.850993e-01 1           
30:          1.000000e-09 0.0000000010 1.000000e-09 0.000000001  1.000000e-09 1.000000e-09 0.999999992  1.000000e-09 1.000000e-09 1           
31:          1.326354e-01 0.2057429074 1.158784e-01 0.129584039  5.562437e-02 7.442024e-02 0.069128261  1.242861e-01 9.270022e-02 1           
32:          1.164018e-01 0.1035337215 1.410048e-01 0.113715604  8.127776e-02 9.760277e-02 0.078315064  1.382282e-01 1.299203e-01 1           
33:          1.000000e-09 0.0000000010 1.000000e-09 0.000000001  1.000000e-09 1.000000e-09 0.999999992  1.000000e-09 1.000000e-09 1           
34:          1.687525e-03 0.0234297010 2.979833e-01 0.000000001  4.027103e-01 2.020164e-01 0.072172870  1.000000e-09 1.000000e-09 1           
35:          1.000000e-09 0.0000000010 1.000000e-09 0.000000001  1.000000e-09 1.000000e+00 0.000000001  1.000000e-09 1.000000e-09 1           
36:          5.557912e-01 0.0000000010 1.000000e-09 0.000000001  1.000000e-09 2.307108e-01 0.213497979  1.000000e-09 1.000000e-09 1           
37:          3.062030e-02 0.0000000010 1.000000e-09 0.000000001  4.672781e-01 1.000000e-09 0.502101552  1.000000e-09 1.000000e-09 1           
38:          1.000000e-09 0.9999999920 1.000000e-09 0.000000001  1.000000e-09 1.000000e-09 0.000000001  1.000000e-09 1.000019e-09 1           
39:          5.818563e-01 0.0000000010 1.000000e-09 0.000000001  1.000000e-09 4.181437e-01 0.000000001  1.000000e-09 1.000000e-09 1           
40:          1.000000e-09 0.0000000010 1.000000e-09 0.999999992  1.000000e-09 1.000000e-09 0.000000001  1.000000e-09 1.000000e-09 1           
41:          1.945693e-01 0.1917192749 6.513428e-02 0.128457944  1.128638e-01 1.027992e-01 0.047237463  1.385767e-01 1.864201e-02 1           
42:          1.000000e-09 0.4421457803 1.000000e-09 0.000000001  1.000000e-09 5.578542e-01 0.000000001  1.000000e-09 1.000000e-09 1           
43:          1.000000e-09 0.0000000010 1.000000e-09 0.999999992  1.000000e-09 1.000000e-09 0.000000001  1.000000e-09 1.000000e-09 1           
44:          1.000000e-09 0.0000000010 1.000000e-09 0.000000001  1.000000e-09 1.000000e-09 0.800634355  1.993656e-01 1.000000e-09 1           
45:          7.779492e-01 0.0000000010 1.000000e-09 0.222050801  1.000000e-09 1.000000e-09 0.000000001  1.000000e-09 1.000000e-09 1           
46:          5.561975e-02 0.0473727897 6.883886e-02 0.083805973  1.135055e-01 1.760153e-01 0.037288344  1.786470e-01 2.389064e-01 1           
47:          9.591769e-02 0.0038691762 1.000000e-09 0.499999644  2.721289e-02 1.000000e-09 0.373000594  1.000000e-09 1.000000e-09 1           
48:          1.000000e-09 0.5770309754 1.000000e-09 0.422969018  1.000000e-09 1.000000e-09 0.000000001  1.000000e-09 1.000000e-09 1           
49:          1.000000e-09 0.8756201844 3.171283e-02 0.000000001  1.000000e-09 9.266698e-02 0.000000001  1.000000e-09 1.000000e-09 1           
50:          9.871606e-02 0.0054965797 1.000000e-09 0.000000001  2.867204e-01 1.000000e-09 0.609066975  1.000000e-09 1.000000e-09 1           
51:          1.000000e-09 0.1691231164 1.000000e-09 0.329788030  1.000000e-09 2.082846e-01 0.000000001  1.000000e-09 2.928042e-01 1           
52:          1.000000e-09 0.9999999920 1.000000e-09 0.000000001  1.000000e-09 1.000000e-09 0.000000001  1.000000e-09 1.000000e-09 1           
53:          1.827927e-01 0.1782852792 1.122449e-02 0.102527944  1.226603e-01 4.230925e-02 0.175001422  4.829510e-02 1.369035e-01 1           
54:          1.000000e-09 0.0000000010 1.000000e-09 0.450853753  1.000000e-09 1.000000e-09 0.115255863  1.000000e-09 4.338904e-01 1           
55:          8.123257e-02 0.0160274183 1.000000e-09 0.000000001  5.381366e-01 1.000000e-09 0.364603438  1.000000e-09 1.000000e-09 1           
56:          1.000000e-09 0.0000000010 1.000000e-09 0.999999992  1.000000e-09 1.000000e-09 0.000000001  1.000000e-09 1.000000e-09 1           
57:          1.000000e-09 0.0000000010 1.000000e-09 0.999999992  1.000000e-09 1.000000e-09 0.000000001  1.000000e-09 1.000000e-09 1           
58:          1.613764e-01 0.1341002341 1.429770e-02 0.064843663  2.247772e-01 7.723822e-02 0.013260438  1.011836e-01 2.089225e-01 1           
59:          1.000000e-09 0.0000000010 1.000000e-09 0.698710453  7.461717e-02 1.000000e-09 0.226672371  1.000000e-09 1.000000e-09 1           
60:          1.036336e-01 0.0478317552 1.154550e-01 0.124304872  5.720372e-02 8.433781e-02 0.190224866  1.948433e-01 8.216511e-02 1           
61:          1.000000e-09 0.0000000010 1.000000e-09 0.000000001  1.000000e-09 1.000000e-09 0.319457687  6.805423e-01 1.000000e-09 1           
62:          1.000000e-09 0.0000000010 1.000000e+00 0.000000001  1.000000e-09 1.000000e-09 0.000000001  1.000000e-09 1.000000e-09 1           
63:          7.404672e-02 0.0124742975 1.747007e-01 0.198719231  1.396389e-01 2.333931e-01 0.084017305  3.579636e-02 4.721338e-02 1           
64:          3.256464e-01 0.0115311477 1.000000e-09 0.000000001  6.355284e-01 1.000000e-09 0.027293975  1.000000e-09 1.000000e-09 1           
65:          8.741678e-02 0.0769952056 1.489565e-01 0.170227611  1.459703e-01 1.021296e-01 0.156350834  2.661344e-02 8.533973e-02 1           
66:          1.000000e-09 0.8067545043 1.000000e-09 0.193245489  1.000000e-09 1.000000e-09 0.000000001  1.000000e-09 1.000000e-09 1           
67:          8.899553e-02 0.1588961204 5.391832e-02 0.119694194  1.141179e-01 6.226807e-02 0.139152267  1.348949e-01 1.280627e-01 1           
68:          3.774675e-01 0.6225324487 1.000000e-09 0.000000001  1.000000e-09 1.000000e-09 0.000000001  1.000000e-09 1.000000e-09 1           
69:          1.000000e-09 0.0000000010 1.000000e-09 0.000000001  1.000000e-09 1.000000e+00 0.000000001  1.000000e-09 1.000000e-09 1           
70:          1.000000e-09 0.0000000010 1.000000e-09 0.000000001  1.000000e-09 1.000000e-09 0.999999992  1.000000e-09 1.000000e-09 1           
71:          1.714125e-01 0.0983235691 1.400137e-02 0.124447420  2.285230e-02 1.814737e-01 0.155787995  1.865488e-01 4.515237e-02 1           
72:          3.707915e-02 0.0000000010 1.000000e-09 0.320292171  1.580897e-01 1.000000e-09 0.125415782  1.313582e-01 2.277650e-01 1           
73:          1.000000e-09 0.0000000010 1.000000e-09 0.000000001  1.000000e-09 4.733692e-01 0.522911831  3.718933e-03 1.000000e-09 1           
74:          1.309643e-01 0.0863607125 5.684690e-02 0.178131545  5.838525e-02 1.449132e-01 0.009166288  1.698502e-01 1.653816e-01 1           
75:          1.916650e-01 0.1427429342 1.685090e-01 0.034206042  1.400607e-02 8.378662e-02 0.140663645  1.754292e-01 4.899145e-02 1           
76:          1.000000e-09 0.0000000010 1.000000e-09 0.000000001  1.000000e-09 2.450038e-01 0.073520669  1.000000e-09 6.814756e-01 1           
77:          1.829003e-02 0.0435857705 4.770604e-01 0.000000001  4.062174e-01 2.293934e-02 0.031907063  1.000000e-09 1.000000e-09 1           
78:          7.334999e-02 0.0000000010 1.000000e-09 0.476845132  3.421936e-02 1.000000e-09 0.278561229  9.647227e-02 4.055202e-02 1           
79:          5.886823e-01 0.0000000010 1.000000e-09 0.000000001  1.000000e-09 1.000000e-09 0.000000001  4.113177e-01 1.000000e-09 1           
80:          1.000000e-09 0.0000000010 1.000000e-09 0.999999992  1.000000e-09 1.000000e-09 0.000000001  1.000000e-09 1.000000e-09 1           
81:          2.214643e-01 0.1206792831 2.054326e-03 0.050647261  7.114073e-02 5.434831e-02 0.125962475  2.612589e-01 9.244446e-02 1           
82:          1.000000e-09 0.0000000010 1.000000e-09 0.000000001  1.000000e-09 1.000000e-09 0.693516469  3.064835e-01 1.000000e-09 1           
83:          1.000000e-09 0.9999999920 1.000000e-09 0.000000001  1.000000e-09 1.000000e-09 0.000000001  1.000000e-09 1.000352e-09 1           
84:          1.255855e-01 0.1275050508 9.713363e-02 0.091444976  8.911324e-02 2.086171e-01 0.093342763  1.359012e-01 3.135646e-02 1           
85:          1.000000e-09 0.0000000010 1.000000e-09 0.999999992  1.000000e-09 1.000000e-09 0.000000001  1.000000e-09 1.000000e-09 1           
86:          1.000000e+00 0.0000000010 1.000000e-09 0.000000001  1.000000e-09 1.000000e-09 0.000000001  1.000000e-09 1.000000e-09 1           
87:          4.612171e-02 0.1191264192 1.000000e-09 0.000000001  7.048013e-02 1.000000e-09 0.764271735  1.000000e-09 1.000000e-09 1           
88:          7.182321e-02 0.1908077042 6.366045e-02 0.102556753  9.335220e-02 7.276082e-02 0.131693123  7.960035e-02 1.937454e-01 1           
89:          6.162182e-01 0.0000000010 1.000000e-09 0.000000001  3.837818e-01 1.000000e-09 0.000000001  1.000000e-09 1.000000e-09 1           
90:          1.000000e-09 0.0000000010 1.000000e-09 0.000000001  1.000000e+00 1.000000e-09 0.000000001  1.000000e-09 1.000000e-09 1           
91:          1.679801e-02 0.0000000010 1.000000e-09 0.470730454  6.805110e-02 1.000000e-09 0.082272518  1.880798e-01 1.740681e-01 1           
92:          1.000000e-09 0.7354206896 1.000000e-09 0.264579303  1.000000e-09 1.000000e-09 0.000000001  1.000000e-09 1.000000e-09 1           
93:          1.000000e-09 0.0000000010 1.000000e-09 0.000000001  1.000000e-09 1.000000e-09 0.000000001  1.000000e-09 1.000000e+00 1           
94:          1.000000e-09 0.9999999920 1.000000e-09 0.000000001  1.000000e-09 1.000000e-09 0.000000001  1.000000e-09 1.000000e-09 1           
95:          1.000000e-09 0.0000000010 1.000000e-09 0.000000001  1.000000e-09 1.000000e-09 0.000000001  1.000000e-09 1.000000e+00 1           
96:          4.702476e-02 0.0000000010 1.000000e-09 0.091764032  5.621678e-02 1.000000e-09 0.286167113  6.579484e-02 4.530325e-01 1           
97:          1.000000e-09 0.1152706560 2.221560e-01 0.000000001  2.552315e-01 2.818830e-02 0.000000001  2.278595e-01 1.512940e-01 1           
98:          2.335902e-05 0.0000000010 1.000000e-09 0.494827428  1.000000e-09 1.000000e-09 0.005154873  4.999943e-01 1.000000e-09 1           
99:          1.000000e-09 0.0000000010 1.000000e-09 0.000000001  1.000000e-09 3.060875e-01 0.223928652  4.699838e-01 1.000000e-09 1           
100:         1.000000e-09 0.0000000010 8.839874e-02 0.000000001  1.000000e-09 1.000000e-09 0.462463307  1.000000e-09 4.491379e-01 1           
101:         2.236444e-01 0.0000000010 1.000000e-09 0.000000001  3.312551e-01 4.451005e-01 0.000000001  1.000000e-09 1.000000e-09 1           
102:         1.532868e-01 0.0109116580 6.659573e-01 0.000000001  6.425291e-02 9.483943e-02 0.000000001  1.075181e-02 1.000000e-09 1           
103:         1.000000e-09 0.3046375344 1.000000e-09 0.000000001  1.000000e-09 5.359390e-01 0.159423504  1.000000e-09 1.000000e-09 1           
104:         1.000000e-09 0.0000000010 6.138768e-01 0.000000001  1.000000e-09 3.861232e-01 0.000000001  1.000000e-09 1.000000e-09 1           
105:         1.422055e-01 0.1449672241 3.395223e-02 0.085877052  1.464227e-01 2.194880e-02 0.080119610  1.637404e-01 1.807664e-01 1           
106:         1.000000e-09 0.0000000010 1.000000e-09 0.226409549  5.588056e-01 1.000000e-09 0.214784796  1.000000e-09 1.000000e-09 1           
107:         9.130360e-09 0.0000000010 1.000000e-09 0.499886837  1.000000e-09 1.000000e-09 0.046366316  1.000000e-09 4.537468e-01 1           
108:         1.840017e-01 0.1781365289 1.500455e-01 0.037371993  1.019955e-01 7.683341e-02 0.073379448  1.930710e-01 5.164858e-03 1           
109:         5.727605e-01 0.0000000010 1.000000e-09 0.000000001  1.000000e-09 4.272395e-01 0.000000001  1.000000e-09 1.000000e-09 1           
110:         1.000000e-09 0.0000000010 1.000000e-09 0.000000001  1.000000e-09 1.000000e+00 0.000000001  1.000000e-09 1.000000e-09 1           
111:         1.000000e-09 0.2222865521 1.000000e-09 0.230368056  1.000000e-09 1.561060e-01 0.230435270  1.000000e-09 1.608042e-01 1           
112:         1.362866e-01 0.0204916996 1.822885e-01 0.140923814  1.072735e-01 2.438761e-02 0.097704212  1.624103e-01 1.282338e-01 1           
113:         5.836364e-01 0.0000000010 1.000000e-09 0.000000001  1.000000e-09 1.000000e-09 0.000000001  1.000000e-09 4.163636e-01 1           
114:         2.976008e-03 0.0000000010 1.000000e-09 0.499023299  1.000000e-09 2.931187e-09 0.001641615  4.963591e-01 1.000000e-09 1           
115:         5.115584e-01 0.0000000010 1.000000e-09 0.000000001  1.000000e-09 1.000000e-09 0.000000001  4.884416e-01 1.000000e-09 1           
116:         1.000000e-09 0.1196268844 2.164709e-01 0.000000001  2.554162e-01 2.830126e-02 0.000000001  2.275319e-01 1.526528e-01 1           
117:         1.811249e-01 0.0000000010 2.097304e-01 0.000000001  1.000000e-09 1.000000e-09 0.609144768  1.000000e-09 1.000000e-09 1           
118:         1.000000e-09 0.6192757015 2.994239e-01 0.000000001  1.000000e-09 8.130043e-02 0.000000001  1.000000e-09 1.000000e-09 1           
119:         1.000000e-09 0.0000000010 1.389398e-01 0.284181838  4.486541e-01 1.000000e-09 0.000000001  1.000000e-09 1.282242e-01 1           
120:         1.000000e-09 0.1344179543 2.025815e-01 0.000000001  2.525203e-01 2.477575e-02 0.000000001  2.241431e-01 1.615615e-01 1           
121:         1.000000e-09 0.1257396676 1.000000e-09 0.000000001  1.000000e-09 2.043263e-01 0.000000001  6.699340e-01 1.000000e-09 1           
122:         1.000000e-09 0.0000000010 5.254513e-01 0.000000001  2.602907e-01 1.000000e-09 0.142270108  7.198796e-02 1.000000e-09 1           
123:         1.000000e-09 0.0000000010 5.232997e-01 0.000000001  2.618451e-01 1.000000e-09 0.137912958  7.694221e-02 1.000000e-09 1           
124:         1.574157e-01 0.1470835548 1.092089e-01 0.161776834  4.599385e-02 3.865785e-02 0.123993665  1.547378e-01 6.113180e-02 1           
125:         1.000000e-09 0.0000000010 1.000000e-09 0.499898483  1.000000e-09 1.000000e-09 0.500101510  1.000000e-09 1.000000e-09 1           
126:         1.000000e-09 0.1196242044 2.164798e-01 0.000000001  2.554152e-01 2.829642e-02 0.000000001  2.275299e-01 1.526544e-01 1           
127:         9.449712e-02 0.1708619115 4.028291e-02 0.083867778  1.133304e-01 2.063000e-01 0.207134740  6.072141e-02 2.300370e-02 1           
128:         1.226695e-02 0.1582255154 1.558476e-01 0.066671627  1.791550e-01 1.128397e-01 0.032254114  1.468320e-01 1.359075e-01 1           
129:         3.693423e-01 0.0000000010 1.000000e-09 0.018538177  1.000000e-09 1.000000e-09 0.047128067  1.000000e-09 5.649915e-01 1           
130:         1.000000e-09 0.0000000010 1.723562e-01 0.000000001  1.000000e-09 8.276438e-01 0.000000001  1.000000e-09 1.000000e-09 1           
131:         4.299256e-01 0.0000000010 1.000000e-09 0.000000001  1.000000e-09 1.000000e-09 0.570074437  1.000000e-09 1.000000e-09 1           
132:         1.000000e-09 0.0000000010 1.000000e-09 0.000000001  2.865659e-01 1.000000e-09 0.000000001  3.928459e-01 3.205882e-01 1           
133:         3.834300e-02 0.0000000010 1.000000e-09 0.000000001  2.108984e-01 1.000000e-09 0.750758551  1.000000e-09 1.000000e-09 1           
134:         1.000000e-09 0.1899593145 2.569337e-01 0.000000001  3.130923e-01 2.932199e-02 0.000000001  1.275235e-01 8.316924e-02 1           
135:         4.085304e-01 0.0171875457 1.000000e-09 0.000000001  1.000000e-09 2.782465e-01 0.000000001  2.960356e-01 1.000000e-09 1           
136:         1.000000e-09 0.0000000010 1.000000e-09 0.000000001  3.853360e-01 3.867794e-01 0.227884600  1.000000e-09 1.000000e-09 1           
137:         1.000000e-09 0.9999999920 1.000000e-09 0.000000001  1.000000e-09 1.000000e-09 0.000000001  1.000000e-09 1.000000e-09 1           
138:         1.000000e-09 0.0000000010 5.161909e-01 0.000000001  1.693259e-01 1.000000e-09 0.235975578  7.850765e-02 1.000000e-09 1           
139:         1.000000e+00 0.0000000010 1.000000e-09 0.000000001  1.000000e-09 1.000000e-09 0.000000001  1.000000e-09 1.000000e-09 1           
140:         1.000000e-09 0.5000033738 4.473676e-01 0.000000001  1.000000e-09 5.262901e-02 0.000000001  1.000000e-09 1.000000e-09 1           
141:         1.000000e-09 0.0458788914 2.548116e-01 0.033756222  1.000000e-09 1.403371e-01 0.000000001  2.716164e-01 2.535998e-01 1           
142:         9.016204e-02 0.0459065644 1.196386e-01 0.151312622  1.312074e-01 1.425960e-01 0.116182213  1.308968e-01 7.209780e-02 1           
143:         1.000000e+00 0.0000000010 1.000000e-09 0.000000001  1.000000e-09 1.000000e-09 0.000000001  1.000000e-09 1.000000e-09 1           
144:         1.000000e-09 0.0000000010 1.000000e-09 0.007551144  1.000000e-09 1.000000e-09 0.000000001  4.706274e-01 5.218214e-01 1           
145:         1.000000e-09 0.0000000010 1.499394e-01 0.000000001  2.145249e-01 2.314655e-01 0.000000001  4.040702e-01 1.000000e-09 1           
146:         1.000000e-09 0.0000000010 1.000000e-09 0.000000001  1.000000e-09 1.000000e-09 0.593607031  1.000000e-09 4.063930e-01 1           
147:         1.000000e-09 0.0000000010 1.154427e-01 0.000000001  3.559468e-01 1.000000e-09 0.322265570  1.000000e-09 2.063449e-01 1           
148:         3.327017e-01 0.0000000010 2.587985e-01 0.067363834  1.000000e-09 1.000000e-09 0.222119311  1.000000e-09 1.190167e-01 1           
149:         4.331148e-02 0.0000000010 1.000000e-09 0.287728850  4.254567e-02 1.000000e-09 0.148972662  1.705971e-01 3.068442e-01 1           
150:         1.000000e-09 0.0000000010 1.000000e-09 0.000000001  1.000000e-09 1.000000e-09 0.909516997  9.048300e-02 1.000000e-09 1           
151:         1.541599e-01 0.1957868538 1.260453e-01 0.006977938  6.153582e-02 8.341967e-02 0.105984354  2.117965e-01 5.429363e-02 1           
152:         9.137502e-02 0.0002252628 3.949895e-01 0.000000001  3.015342e-01 1.071911e-01 0.104684942  1.000000e-09 1.000000e-09 1           
153:         1.259082e-01 0.0000000010 1.000000e-09 0.000000001  5.045970e-01 1.000000e-09 0.000000001  3.694948e-01 1.000000e-09 1           
154:         2.809366e-02 0.0553627683 3.339016e-02 0.116359874  2.240939e-01 2.476828e-01 0.001284655  2.317314e-01 6.200067e-02 1           
155:         1.000000e-09 0.0000000010 5.222975e-01 0.203786903  1.612345e-01 1.000000e-09 0.038618477  7.406269e-02 1.000000e-09 1           
156:         5.875952e-02 0.1879944985 2.112069e-01 0.082371162  2.529586e-02 1.119147e-01 0.092495234  2.972576e-02 2.002364e-01 1           
157:         1.000000e-09 0.0000000010 1.000000e-09 0.266296847  1.000000e-09 2.306682e-01 0.503034929  1.000000e-09 1.000000e-09 1           
158:         1.000000e-09 0.0000000010 1.000000e-09 0.534523960  4.654760e-01 1.000000e-09 0.000000001  1.000000e-09 1.000000e-09 1           
159:         5.931285e-01 0.0000000010 1.000000e-09 0.000000001  4.068715e-01 1.000000e-09 0.000000001  1.000000e-09 1.000000e-09 1           
160:         1.000000e-09 0.0000000010 1.000000e-09 0.000000001  1.000000e-09 3.995113e-01 0.600488738  1.000000e-09 1.000000e-09 1           
161:         3.463962e-03 0.0000000010 1.000000e-09 0.499351485  7.434886e-05 1.000000e-09 0.497110198  1.000000e-09 1.000000e-09 1           
162:         5.128102e-01 0.3254548725 1.617349e-01 0.000000001  1.000000e-09 1.000000e-09 0.000000001  1.000000e-09 1.000000e-09 1           
163:         1.000000e-09 0.3562315504 1.000000e-09 0.000000001  1.000000e-09 5.700690e-01 0.000000001  1.000000e-09 7.369945e-02 1           
164:         1.549660e-01 0.0000000010 1.000000e-09 0.044820186  1.000000e-09 5.525953e-01 0.127783195  1.198353e-01 1.000000e-09 1           
165:         6.152698e-01 0.0000000010 1.000000e-09 0.000000001  1.000000e-09 1.986697e-01 0.000000001  1.860605e-01 1.000000e-09 1           
166:         4.518368e-01 0.0000000010 1.000000e-09 0.397805553  1.000000e-09 1.000000e-09 0.150357672  1.000000e-09 1.000000e-09 1           
167:         1.681145e-01 0.0702451969 1.923053e-01 0.032532681  1.238470e-01 9.628597e-02 0.019464900  1.557767e-01 1.414277e-01 1           
168:         6.296141e-01 0.3703859130 1.000000e-09 0.000000001  1.000000e-09 1.000000e-09 0.000000001  1.000000e-09 1.000000e-09 1           
169:         1.000000e-09 0.1654443934 1.476265e-01 0.265340157  1.000000e-09 1.000000e-09 0.421588946  1.000000e-09 1.000000e-09 1           
170:         3.956582e-02 0.1019439904 1.390282e-01 0.210383766  2.556588e-02 1.951809e-01 0.153343308  5.157189e-02 8.341618e-02 1           
171:         7.062878e-02 0.0000000010 1.000000e-09 0.368421614  1.000000e-09 1.000000e-09 0.000000001  1.898059e-01 3.711437e-01 1           
172:         1.045222e-01 0.0234932180 1.000000e-09 0.500000121  1.616850e-01 1.000000e-09 0.210299529  1.000000e-09 1.000000e-09 1           
173:         5.878573e-02 0.0637055116 2.089855e-05 0.000000001  3.768076e-02 7.490553e-06 0.052771364  2.870624e-01 4.999658e-01 1           
174:         1.000000e-09 0.2984427007 1.000000e-09 0.000000001  1.000000e-09 2.147666e-01 0.334140553  1.000000e-09 1.526502e-01 1           
175:         6.737948e-02 0.0000000010 1.000000e-09 0.305947075  1.000000e-09 4.656974e-01 0.160976015  1.000000e-09 1.000000e-09 1           
176:         1.000000e-09 0.0000000010 1.000000e-09 0.239687583  1.000000e-09 1.000000e-09 0.406616451  1.000000e-09 3.536960e-01 1           
177:         1.000000e-09 0.6193919016 1.000000e-09 0.188458040  1.000000e-09 1.921501e-01 0.000000001  1.000000e-09 1.000000e-09 1           
178:         1.000000e-09 0.2395994947 1.000000e-09 0.236147907  1.000000e-09 3.610677e-01 0.000000001  1.000000e-09 1.631849e-01 1           
179:         1.000000e-09 0.0000000010 1.000000e-09 0.569691560  1.000000e-09 1.000000e-09 0.000000001  1.000000e-09 4.303084e-01 1           
180:         1.523331e-01 0.0000000010 1.000000e-09 0.120559744  1.000000e-09 7.271072e-01 0.000000001  1.000000e-09 1.000000e-09 1           
181:         7.470808e-01 0.0000000010 2.203526e-01 0.000000001  1.000000e-09 1.000000e-09 0.000000001  1.000000e-09 3.256657e-02 1           
182:         1.000000e-09 0.0000000010 1.000000e-09 0.000000001  1.000000e-09 1.000000e-09 0.999999992  1.000000e-09 1.000000e-09 1           
183:         1.000000e-09 0.5892309957 1.000000e-09 0.374366111  1.000000e-09 3.640289e-02 0.000000001  1.000000e-09 1.000000e-09 1           
184:         1.000000e-09 0.0000000010 1.000000e-09 0.276605798  1.000000e-09 6.435203e-01 0.079873850  1.000000e-09 1.000000e-09 1           
185:         1.000000e-09 0.0000000010 1.000000e-09 0.387775450  1.000000e-09 4.227727e-01 0.000000001  1.894518e-01 1.000000e-09 1           
186:         1.000000e-09 0.3231307236 1.000000e-09 0.000000001  3.571712e-01 1.000000e-09 0.000000001  1.000000e-09 3.196981e-01 1           
187:         1.692401e-01 0.0000000010 1.000000e-09 0.085857316  1.000000e-09 1.000000e-09 0.432927672  1.000000e-09 3.119749e-01 1           
188:         1.000000e-09 0.3250700422 1.000000e-09 0.292062467  1.000000e-09 1.709998e-01 0.000000001  1.398752e-01 7.199248e-02 1           
189:         1.000000e-09 0.5220262851 1.000000e-09 0.000000001  1.000000e-09 1.000000e-09 0.477973708  1.000000e-09 1.000000e-09 1           
190:         2.433273e-01 0.1010968620 1.000000e-09 0.000000001  1.000000e-09 3.744341e-01 0.000000001  1.000000e-09 2.811418e-01 1           
191:         1.164654e-03 0.0000000010 1.000000e-09 0.442278610  1.653327e-02 1.000000e-09 0.233108717  2.147141e-01 9.220067e-02 1           
192:         7.394555e-02 0.0000000010 1.000000e-09 0.249852404  1.000000e-09 1.000000e-09 0.390536019  2.856660e-01 1.000000e-09 1           
193:         1.000000e+00 0.0000000010 1.000000e-09 0.000000001  1.000000e-09 1.000000e-09 0.000000001  1.000000e-09 1.000000e-09 1           
194:         1.000000e-09 0.0000000010 4.980873e-01 0.000000001  3.725550e-01 1.293577e-01 0.000000001  1.000000e-09 1.000000e-09 1           
195:         1.504423e-02 0.0720226069 1.870009e-01 0.053523814  1.261398e-01 1.844356e-01 0.139755458  1.104307e-01 1.116469e-01 1           
196:         1.000000e-09 0.3244851639 1.000000e-09 0.000000001  2.398385e-01 1.000000e-09 0.000000001  2.746253e-01 1.610510e-01 1           
197:         1.542136e-01 0.0000000010 1.000000e-09 0.000000001  1.000000e-09 1.000000e-09 0.000000001  8.457864e-01 1.000000e-09 1           
198:         3.414670e-08 0.0000000010 1.000000e-09 0.000000001  8.946270e-01 1.000000e-09 0.105372924  1.000000e-09 1.000000e-09 1           
199:         1.000000e-09 0.0000000010 1.000000e-09 0.000000001  1.000000e-09 1.000000e-09 0.999999992  1.000000e-09 1.000000e-09 1           
200:         1.676517e-01 0.1731095998 1.730917e-02 0.094768699  1.455740e-01 1.301984e-02 0.035316322  1.797036e-01 1.735471e-01 1           
201:         1.000000e-09 0.0000000010 1.000000e-09 0.500000514  4.999995e-01 1.000000e-09 0.000000001  1.000000e-09 1.000000e-09 1           
202:         6.139289e-03 0.0000000010 1.000000e-09 0.000000001  4.682325e-01 1.000000e-09 0.107530397  4.180978e-01 1.000000e-09 1           
203:         1.000000e-09 0.0000000010 1.000000e-09 0.999999992  1.000000e-09 1.000000e-09 0.000000001  1.000000e-09 1.000000e-09 1           
204:         1.000000e-09 0.0000000010 1.000000e-09 0.000000001  1.000000e-09 1.000000e-09 0.999999992  1.000000e-09 1.000000e-09 1           
205:         2.025783e-01 0.1135985461 1.045019e-01 0.117183341  5.144535e-03 1.037767e-02 0.168598927  1.226556e-01 1.553611e-01 1           
206:         6.402020e-02 0.0000000010 1.000000e-09 0.199008852  1.116778e-01 1.000000e-09 0.318943219  2.944042e-02 2.769095e-01 1           
207:         1.000000e-09 0.0000000010 9.798416e-02 0.000000001  3.087642e-01 2.764067e-01 0.000000001  3.168449e-01 1.000000e-09 1           
208:         1.000000e-09 0.0000000010 1.000000e-09 0.000000001  1.000000e-09 1.000000e-09 0.827803812  1.721962e-01 1.000000e-09 1           
209:         1.000000e-09 0.0000000010 1.000000e-09 0.000000001  1.000000e-09 1.000000e-09 0.000000001  1.000000e+00 1.000000e-09 1           
210:         1.000000e-09 0.0000000010 1.000000e-09 0.000000001  1.000000e-09 1.000000e-09 0.999999992  1.000000e-09 1.000000e-09 1           
211:         1.469737e-02 0.0000000010 1.000000e-09 0.491998805  1.401699e-01 1.000000e-09 0.272778998  2.948092e-03 7.740683e-02 1           
212:         1.000000e-09 0.5931843563 1.000000e-09 0.000000001  1.000000e-09 4.068156e-01 0.000000001  1.000000e-09 1.000000e-09 1           
213:         1.000000e-09 0.9999999920 1.000000e-09 0.000000001  1.000000e-09 1.000000e-09 0.000000001  1.000000e-09 1.000352e-09 1           
214:         1.000000e-09 0.0000000010 1.000000e-09 0.000000001  7.102044e-01 1.000000e-09 0.000000001  1.000000e-09 2.897956e-01 1           
215:         1.000000e-09 0.0000000010 2.600919e-01 0.000000001  2.906737e-01 1.129840e-01 0.286757087  1.000000e-09 4.949324e-02 1           
216:         1.000000e-09 0.0000000010 1.000000e-09 0.000000001  1.000000e-09 1.000000e-09 0.846110670  1.538893e-01 1.000000e-09 1           
217:         1.000000e-09 0.0000000010 1.000000e-09 0.000000001  1.000000e+00 1.000000e-09 0.000000001  1.000000e-09 1.000000e-09 1           
218:         1.000000e-09 0.0000000010 1.000000e-09 0.000000001  1.000000e-09 1.000000e-09 0.000000001  1.000000e-09 1.000000e+00 1           
219:         1.000000e-09 0.0000000010 9.340568e-01 0.000000001  1.000000e-09 6.594315e-02 0.000000001  1.000000e-09 1.000000e-09 1           
220:         1.000000e-09 0.0000000010 1.000000e-09 0.000000001  1.000000e-09 1.000000e+00 0.000000001  1.000000e-09 1.000000e-09 1           
221:         1.000000e-09 0.0000000010 1.000000e-09 0.622886088  1.000000e-09 1.000000e-09 0.377113905  1.000000e-09 1.000000e-09 1           
222:         1.000000e-09 0.0000000010 1.000000e-09 0.000000001  1.000000e-09 1.000000e-09 0.862705530  1.372945e-01 1.000000e-09 1           
223:         1.000000e-09 0.8101921719 1.853176e-01 0.000000001  1.000000e-09 4.490197e-03 0.000000001  1.000000e-09 1.000000e-09 1           
224:         1.535303e-01 0.1767964144 5.659474e-02 0.139827656  1.718184e-01 6.298803e-02 0.073740340  5.830632e-02 1.063978e-01 1           
225:         1.000000e-09 0.4503854104 3.142164e-01 0.000000001  1.000000e-09 2.353982e-01 0.000000001  1.000000e-09 1.000000e-09 1           
226:         1.000000e-09 0.0000000010 1.000000e-09 0.076316374  8.819453e-02 1.000000e-09 0.404384512  4.311046e-01 1.000000e-09 1           
227:         8.634769e-02 0.0000000010 1.000000e-09 0.363954626  7.349512e-02 1.000000e-09 0.039638624  2.202933e-02 4.145346e-01 1           
228:         1.000000e+00 0.0000000010 1.000000e-09 0.000000001  1.000000e-09 1.000000e-09 0.000000001  1.000000e-09 1.000000e-09 1           
229:         2.919027e-01 0.4377934068 1.000000e-09 0.000000001  1.000000e-09 1.000000e-09 0.000000001  2.703039e-01 1.000000e-09 1           
230:         1.000000e-09 0.0000000010 1.000000e-09 0.000000001  1.000000e-09 1.000000e-09 0.000000001  1.000000e-09 1.000000e+00 1           
231:         1.000000e-09 0.0000000010 1.000000e-09 0.000000001  1.000000e-09 7.851163e-01 0.214883740  1.000000e-09 1.000000e-09 1           
232:         1.000000e-09 0.0000000010 1.000000e-09 0.000000001  1.000000e-09 1.000000e-09 0.000000001  1.000000e+00 1.000000e-09 1           
233:         1.000000e-09 0.4998416511 1.000000e-09 0.000000001  1.000000e-09 1.000000e-09 0.500158342  1.000000e-09 1.000000e-09 1           
234:         1.731876e-02 0.1702649897 1.735704e-01 0.070333758  8.115923e-02 9.485260e-02 0.138379281  1.567877e-01 9.733325e-02 1           
235:         1.000000e-09 0.0000000010 5.193461e-01 0.000000001  1.000000e-09 4.806539e-01 0.000000001  1.000000e-09 1.000000e-09 1           
236:         3.512438e-03 0.4175671387 1.000000e-09 0.000000001  2.662852e-02 1.000000e-09 0.031637105  5.206548e-01 1.000000e-09 1           
237:         1.629193e-01 0.3306639186 1.000000e-09 0.000000001  1.000000e-09 1.000000e-09 0.000000001  2.447650e-06 5.064143e-01 1           
238:         1.000000e-09 0.0000000010 1.000000e-09 0.000000001  1.000000e-09 1.000000e+00 0.000000001  1.000000e-09 1.000000e-09 1           
239:         1.000000e-09 0.0000000010 1.000000e+00 0.000000001  1.000000e-09 1.000000e-09 0.000000001  1.000000e-09 1.000000e-09 1           
240:         7.827933e-02 0.0000000010 1.379350e-01 0.119728667  1.000000e-09 1.000000e-09 0.000000001  3.510825e-01 3.129745e-01 1           
241:         1.000000e-09 0.0000000010 1.000000e-09 0.000000001  1.000000e-09 1.000000e-09 0.634511856  3.654881e-01 1.000000e-09 1           
242:         1.000000e-09 0.5729295443 3.486933e-01 0.000000001  1.000000e-09 7.837716e-02 0.000000001  1.000000e-09 1.000000e-09 1           
243:         1.000000e-09 0.3427636934 1.000000e-09 0.000000001  1.000000e-09 1.000000e-09 0.000000001  6.572363e-01 1.000000e-09 1           
244:         7.701965e-08 0.0000000010 1.000000e-09 0.000000001  4.072395e-01 1.000000e-09 0.000000001  5.927604e-01 1.000000e-09 1           
245:         1.000000e-09 0.0000000010 1.000000e-09 0.000000001  1.000000e-09 7.121589e-01 0.000000001  2.878411e-01 1.000000e-09 1           
246:         1.000000e-09 0.5491919783 1.000000e-09 0.000000001  2.850645e-01 1.000000e-09 0.000000001  1.000000e-09 1.657435e-01 1           
247:         4.429936e-03 0.0000000010 1.000000e-09 0.013787144  7.371668e-01 1.533948e-01 0.078830809  1.239046e-02 1.000000e-09 1           
248:         5.930292e-01 0.0000000010 1.000000e-09 0.000000001  4.069707e-01 1.000000e-09 0.000000001  1.000000e-09 1.000000e-09 1           
249:         1.000000e-09 0.0000000010 1.000000e-09 0.259217592  4.464215e-01 1.000000e-09 0.294360855  1.000000e-09 1.000000e-09 1           
250:         5.506470e-02 0.0702050665 3.851786e-02 0.198290177  1.017738e-01 9.005690e-02 0.056637425  1.650824e-01 2.243717e-01 1           
251:         1.000000e-09 0.0000000010 1.000000e-09 0.000000001  1.000000e-09 1.000000e-09 0.000000001  1.000000e-09 1.000000e+00 1           
252:         1.000000e-09 0.0000000010 1.000000e-09 0.000000001  1.000000e+00 1.000000e-09 0.000000001  1.000000e-09 1.000000e-09 1           
253:         1.000000e-09 0.1378790858 1.000000e-09 0.169501405  4.016342e-02 1.000000e-09 0.272091703  3.803644e-01 1.000000e-09 1           
254:         8.418905e-01 0.0000000010 1.000000e-09 0.000000001  1.000000e-09 1.000000e-09 0.000000001  1.581095e-01 1.000000e-09 1           
255:         1.000000e-09 0.0000000010 1.000000e-09 0.000000001  1.000000e-09 1.000000e-09 0.097212202  1.000000e-09 9.027878e-01 1           
256:         1.000000e-09 0.0000000010 1.000000e-09 0.000000001  1.000000e-09 1.000000e-09 0.910469089  8.953090e-02 1.000000e-09 1           
257:         5.403992e-01 0.4596008300 1.000000e-09 0.000000001  1.000000e-09 1.000000e-09 0.000000001  1.000000e-09 1.000000e-09 1           
258:         1.000000e-09 0.9999999920 1.000000e-09 0.000000001  1.000000e-09 1.000000e-09 0.000000001  1.000000e-09 1.000000e-09 1           
259:         3.965140e-02 0.0055381884 1.000000e-09 0.000000001  2.114222e-01 1.000000e-09 0.743388232  1.000000e-09 1.000000e-09 1           
260:         1.000000e-09 0.0000000010 1.000000e-09 0.000000001  1.000000e-09 1.000000e-09 0.962380555  3.761944e-02 1.000000e-09 1           
261:         1.168844e-01 0.1475764647 4.353889e-02 0.115583146  1.570707e-01 2.600999e-02 0.137202827  1.672520e-01 8.888159e-02 1           
262:         5.578796e-01 0.0830704578 1.000000e-09 0.000000001  1.000000e-09 1.000000e-09 0.000000001  3.590499e-01 1.000000e-09 1           
                                
                                
1:           1.150554e-01 1.047637e-01 1.169010e-01 0.144384072  1.016378e-01 1.587911e-01 1.219933e-01 8.186753e-02 5.460608e-02 1           
2:           1.000000e-09 1.000000e-09 1.000000e-09 0.000000001  5.004769e-01 4.995231e-01 1.000000e-09 1.000000e-09 1.000000e-09 1           
3:           9.261851e-02 1.000000e-09 1.956190e-01 0.000000001  1.000000e-09 1.000000e-09 2.147726e-01 7.810164e-02 4.188883e-01 1           
4:           2.055552e-01 1.629087e-01 3.344036e-02 0.153592254  2.265535e-02 1.739742e-01 1.581461e-02 2.163374e-01 1.572201e-02 1           
5:           1.000000e-09 5.023301e-02 2.319732e-01 0.000000001  1.000000e-09 1.000000e-09 4.810289e-01 1.000000e-09 2.367649e-01 1           
6:           1.000000e-09 1.000118e-09 1.000000e-09 0.000000001  1.000000e-09 1.000000e-09 1.000000e-09 1.000000e+00 1.000000e-09 1           
7:           1.537322e-01 1.000000e-09 4.820831e-01 0.000000001  1.000000e-09 3.347640e-01 1.000000e-09 1.000000e-09 2.942063e-02 1           
8:           5.569993e-01 1.000000e-09 1.000000e-09 0.000000001  4.430007e-01 1.000000e-09 1.000000e-09 1.000000e-09 1.000000e-09 1           
9:           2.666816e-02 1.628335e-01 1.517113e-01 0.174525508  1.417728e-01 2.890769e-02 8.332613e-02 5.162256e-02 1.786323e-01 1           
10:          4.578313e-01 1.000000e-09 1.000000e-09 0.000000001  1.052943e-01 1.000000e-09 4.368744e-01 1.000000e-09 1.000000e-09 1           
11:          9.232044e-02 1.386692e-01 2.251743e-01 0.091087582  1.839374e-01 1.704483e-01 2.760140e-02 7.359964e-03 6.340135e-02 1           
12:          2.979368e-01 1.000000e-09 1.000000e-09 0.000000001  7.020632e-01 1.000000e-09 1.000000e-09 1.000000e-09 1.000000e-09 1           
13:          9.530292e-02 1.000000e-09 6.289473e-01 0.000000001  1.000000e-09 1.000000e-09 2.757498e-01 1.000000e-09 1.000000e-09 1           
14:          1.000000e-09 1.000000e-09 1.000000e-09 0.112026156  1.000000e-09 1.000000e-09 1.791723e-01 1.000000e-09 7.088015e-01 1           
15:          1.000000e-09 1.000000e-09 5.716868e-01 0.000000001  1.020677e-01 1.000000e-09 1.000000e-09 3.262241e-01 2.134712e-05 1           
