1:           0.221130818  2.853641e-01 4.935050e-01 1           
2:           0.000000001  3.365312e-01 6.634687e-01 1           
3:           0.220071313  7.004146e-01 7.951410e-02 1           
4:           0.265648421  5.599288e-01 1.744227e-01 1           
5:           0.297339724  7.026603e-01 1.000000e-09 1           
6:           0.999999998  1.000000e-09 1.000000e-09 1           
7:           0.541833217  4.581668e-01 1.000000e-09 1           
8:           0.000000001  1.000000e-09 1.000000e+00 1           
9:           0.114950726  2.715201e-01 6.135292e-01 1           
10:          0.000000001  3.952978e-01 6.047022e-01 1           
11:          0.483923909  1.946111e-01 3.214650e-01 1           
12:          0.000000001  1.000000e-09 1.000000e+00 1           
13:          0.764811064  1.155818e-01 1.196072e-01 1           
14:          0.000000001  1.000000e+00 1.000000e-09 1           
15:          0.543894996  2.614533e-01 1.946517e-01 1           
16:          0.000000001  1.000000e-09 1.000000e+00 1           
17:          0.999999998  1.000000e-09 1.000000e-09 1           
18:          0.329388097  5.634129e-01 1.071990e-01 1           
19:          0.000000001  4.418170e-01 5.581830e-01 1           
20:          0.000000001  6.913107e-01 3.086893e-01 1           
21:          0.829605089  8.190342e-02 8.849150e-02 1           
22:          0.277103604  1.000000e-09 7.228964e-01 1           
23:          0.728389166  2.716108e-01 1.000000e-09 1           
24:          0.375584658  6.244153e-01 1.000000e-09 1           
25:          0.999999998  1.000000e-09 1.000000e-09 1           
26:          0.460952602  5.390474e-01 1.000000e-09 1           
27:          0.000000001  1.000000e+00 1.000000e-09 1           
28:          0.047387145  5.031350e-01 4.494778e-01 1           
29:          0.285906717  4.051688e-01 3.089244e-01 1           
30:          0.999999998  1.000000e-09 1.000000e-09 1           
31:          0.710351691  1.786774e-01 1.109709e-01 1           
32:          0.213707369  3.804939e-01 4.057987e-01 1           
33:          0.000000001  1.000000e+00 1.000000e-09 1           
34:          0.873041623  1.000000e-09 1.269584e-01 1           
35:          0.000000001  1.000000e+00 1.000000e-09 1           
36:          0.478109950  5.218900e-01 1.000000e-09 1           
37:          0.000000001  1.000000e-09 1.000000e+00 1           
38:          0.999999998  1.000000e-09 1.000000e-09 1           
39:          0.335448585  6.289582e-01 3.559324e-02 1           
40:          0.000000001  1.000000e+00 1.000000e-09 1           
41:          0.404839996  4.797368e-01 1.154233e-01 1           
42:          0.000000001  1.000000e+00 1.000000e-09 1           
43:          0.000000001  1.000000e+00 1.000000e-09 1           
44:          0.000000001  1.000000e-09 1.000000e+00 1           
45:          0.000000001  1.000000e+00 1.000000e-09 1           
46:          0.084003879  5.531274e-01 3.628687e-01 1           
47:          0.000000001  8.125345e-01 1.874655e-01 1           
48:          0.224062235  7.759378e-01 1.000000e-09 1           
49:          0.000000001  1.000000e+00 1.000000e-09 1           
50:          0.000000001  1.000000e-09 1.000000e+00 1           
51:          0.435670000  5.643300e-01 1.000000e-09 1           
52:          0.609127854  3.908721e-01 1.000000e-09 1           
53:          0.227740328  4.223916e-01 3.498680e-01 1           
54:          0.545934565  4.540654e-01 1.000000e-09 1           
55:          0.000000001  1.000000e-09 1.000000e+00 1           
56:          0.000000001  4.345693e-01 5.654307e-01 1           
57:          0.000000001  1.000000e+00 1.000000e-09 1           
58:          0.240427040  2.816155e-01 4.779575e-01 1           
59:          0.070119845  7.949231e-01 1.349571e-01 1           
60:          0.152181517  5.198845e-01 3.279340e-01 1           
61:          0.000000001  1.000000e-09 1.000000e+00 1           
62:          0.763613329  1.000000e-09 2.363867e-01 1           
63:          0.546162152  1.414630e-01 3.123749e-01 1           
64:          0.000000001  1.000000e-09 1.000000e+00 1           
65:          0.210801925  6.074952e-01 1.817029e-01 1           
66:          0.365408278  6.345917e-01 1.000000e-09 1           
67:          0.452895915  2.147935e-01 3.323106e-01 1           
68:          0.056571573  4.163046e-01 5.271238e-01 1           
69:          0.000000001  1.000000e+00 1.000000e-09 1           
70:          0.000000001  1.000000e-09 1.000000e+00 1           
71:          0.322169303  3.433386e-01 3.344921e-01 1           
72:          0.026351610  1.000000e-09 9.736484e-01 1           
73:          0.000000001  4.470918e-01 5.529082e-01 1           
74:          0.238405846  3.666711e-01 3.949231e-01 1           
75:          0.274489799  4.992721e-01 2.262381e-01 1           
76:          0.999999998  1.000000e-09 1.000000e-09 1           
77:          0.877985698  1.000000e-09 1.220143e-01 1           
78:          0.183191022  1.000000e-09 8.168090e-01 1           
79:          0.226507772  4.405552e-02 7.294367e-01 1           
80:          0.000000001  1.000000e+00 1.000000e-09 1           
81:          0.054946199  1.529464e-01 7.921074e-01 1           
82:          0.000000001  1.000000e-09 1.000000e+00 1           
83:          0.999999998  1.000000e-09 1.000000e-09 1           
84:          0.342606739  3.247690e-01 3.326242e-01 1           
85:          0.000000001  1.000000e+00 1.000000e-09 1           
86:          0.999999998  1.000000e-09 1.000000e-09 1           
87:          0.000000001  1.000000e-09 1.000000e+00 1           
88:          0.048336487  5.464676e-01 4.051959e-01 1           
89:          0.657894343  1.000000e-09 3.421057e-01 1           
90:          0.448866115  1.000000e-09 5.511339e-01 1           
91:          0.457983194  1.000000e-09 5.420168e-01 1           
92:          0.000000001  7.902079e-01 2.097921e-01 1           
93:          0.999999998  1.000000e-09 1.000000e-09 1           
94:          0.999999998  1.000000e-09 1.000000e-09 1           
95:          0.999999998  1.000000e-09 1.000000e-09 1           
96:          0.401910390  1.000000e-09 5.980896e-01 1           
97:          0.282663087  2.857086e-01 4.316283e-01 1           
98:          0.086296751  3.660770e-01 5.476262e-01 1           
99:          0.448473775  9.634722e-02 4.551790e-01 1           
100:         0.793525908  2.064741e-01 1.000000e-09 1           
101:         0.058613108  5.146322e-01 4.267547e-01 1           
102:         0.192168132  3.772203e-01 4.306116e-01 1           
103:         0.000000001  7.606785e-01 2.393214e-01 1           
104:         0.999999998  1.000000e-09 1.000000e-09 1           
105:         0.507066829  4.424098e-01 5.052340e-02 1           
106:         0.304866246  3.047109e-01 3.904228e-01 1           
107:         0.491360425  5.086396e-01 1.000000e-09 1           
108:         0.254914722  3.130784e-01 4.320068e-01 1           
109:         0.333728915  6.486521e-01 1.761903e-02 1           
110:         0.000000001  1.000000e+00 1.000000e-09 1           
111:         0.467465174  5.325348e-01 1.000000e-09 1           
112:         0.331835517  2.505737e-01 4.175907e-01 1           
113:         0.711511030  2.884890e-01 1.000000e-09 1           
114:         0.000000001  6.198770e-01 3.801230e-01 1           
115:         0.130610581  2.411713e-01 6.282181e-01 1           
116:         0.285121925  2.844648e-01 4.304133e-01 1           
117:         0.478716272  5.212837e-01 1.000000e-09 1           
118:         0.000000001  1.000000e+00 1.000000e-09 1           
119:         0.425032798  3.077362e-01 2.672310e-01 1           
120:         0.301508312  2.690605e-01 4.294312e-01 1           
121:         0.000000001  4.201042e-01 5.798958e-01 1           
122:         0.249603599  3.153325e-01 4.350639e-01 1           
123:         0.251825779  3.148529e-01 4.333213e-01 1           
124:         0.270876227  4.025612e-01 3.265626e-01 1           
125:         0.000000001  1.000000e+00 1.000000e-09 1           
126:         0.285120385  2.844688e-01 4.304108e-01 1           
127:         0.241610379  4.343928e-01 3.239968e-01 1           
128:         0.322495903  2.868445e-01 3.906596e-01 1           
129:         0.793064322  2.069337e-01 1.950089e-06 1           
130:         0.999999998  1.000000e-09 1.000000e-09 1           
131:         0.158711508  8.412885e-01 1.000000e-09 1           
132:         0.432108685  1.000000e-09 5.678913e-01 1           
133:         0.000000001  1.000000e-09 1.000000e+00 1           
134:         0.264585785  3.070451e-01 4.283691e-01 1           
135:         0.304131797  4.499850e-01 2.458832e-01 1           
136:         0.129211051  5.672481e-01 3.035408e-01 1           
137:         0.000000001  1.000000e+00 1.000000e-09 1           
138:         0.292559575  2.354044e-01 4.720361e-01 1           
139:         0.999999998  1.000000e-09 1.000000e-09 1           
140:         0.000000001  1.000000e+00 1.000000e-09 1           
141:         0.423728783  2.992106e-01 2.770606e-01 1           
142:         0.636686953  1.027521e-01 2.605610e-01 1           
143:         0.999999998  1.000000e-09 1.000000e-09 1           
144:         0.540309630  3.212071e-05 4.596582e-01 1           
145:         0.000000001  3.361391e-01 6.638609e-01 1           
146:         0.728612778  2.713872e-01 1.000000e-09 1           
147:         0.688667785  1.000000e-09 3.113322e-01 1           
148:         0.543328966  2.642810e-01 1.923900e-01 1           
149:         0.262666628  1.000000e-09 7.373334e-01 1           
150:         0.000000001  1.000000e-09 1.000000e+00 1           
151:         0.184890537  3.401895e-01 4.749199e-01 1           
152:         0.292003713  3.905479e-01 3.174484e-01 1           
153:         0.000000001  2.783273e-01 7.216727e-01 1           
154:         0.440639069  4.176185e-01 1.417424e-01 1           
155:         0.219175710  3.755366e-01 4.052877e-01 1           
156:         0.373293005  3.279772e-01 2.987298e-01 1           
157:         0.000000001  1.000000e+00 1.000000e-09 1           
158:         0.000000001  5.137049e-01 4.862951e-01 1           
159:         0.591318211  2.205813e-04 4.084612e-01 1           
160:         0.076750206  2.339548e-01 6.892950e-01 1           
161:         0.000000001  4.112053e-01 5.887947e-01 1           
162:         0.539935969  4.600640e-01 1.000000e-09 1           
163:         0.514225924  3.736408e-01 1.121332e-01 1           
164:         0.090935957  6.578014e-01 2.512627e-01 1           
165:         0.110144898  3.832368e-01 5.066183e-01 1           
166:         0.375513704  5.184962e-01 1.059901e-01 1           
167:         0.016105103  5.773032e-01 4.065917e-01 1           
168:         0.501396337  4.986037e-01 1.000000e-09 1           
169:         0.409086111  5.909139e-01 1.000000e-09 1           
170:         0.323687943  2.756934e-01 4.006186e-01 1           
171:         0.484867520  3.678595e-01 1.472730e-01 1           
172:         0.000000001  8.774709e-01 1.225291e-01 1           
173:         0.999999998  1.000000e-09 1.000000e-09 1           
174:         0.618513932  3.814861e-01 1.000000e-09 1           
175:         0.273748583  7.262514e-01 1.000000e-09 1           
176:         0.641934233  3.580658e-01 1.000000e-09 1           
177:         0.386789598  3.774061e-01 2.358043e-01 1           
178:         0.258373523  7.416265e-01 1.000000e-09 1           
179:         0.475347303  5.246527e-01 1.000000e-09 1           
180:         0.000000001  1.000000e+00 1.000000e-09 1           
181:         0.645049444  3.014998e-01 5.345077e-02 1           
182:         0.999909088  9.091091e-05 1.000000e-09 1           
183:         0.192903531  7.222052e-01 8.489125e-02 1           
184:         0.000000001  1.000000e+00 1.000000e-09 1           
185:         0.000000001  7.610311e-01 2.389689e-01 1           
186:         0.774173410  1.000000e-09 2.258266e-01 1           
187:         0.640375713  3.596243e-01 1.000000e-09 1           
188:         0.312861129  5.041325e-01 1.830064e-01 1           
189:         0.508741237  3.278464e-01 1.634123e-01 1           
190:         0.508948897  4.910511e-01 1.000000e-09 1           
191:         0.819123443  1.000000e-09 1.808766e-01 1           
192:         0.057465502  4.917359e-01 4.507986e-01 1           
193:         0.134282232  6.913982e-01 1.743195e-01 1           
194:         0.498104471  5.018955e-01 1.000000e-09 1           
195:         0.301507744  1.259766e-01 5.725156e-01 1           
196:         0.537649620  1.000000e-09 4.623504e-01 1           
197:         0.000000001  1.000000e-09 1.000000e+00 1           
198:         0.000000001  1.526027e-01 8.473973e-01 1           
199:         0.000000001  1.000000e-09 1.000000e+00 1           
200:         0.328313253  3.440262e-01 3.276605e-01 1           
201:         0.000000001  7.650827e-01 2.349173e-01 1           
202:         0.000000001  3.177045e-01 6.822955e-01 1           
203:         0.000000001  1.000000e+00 1.000000e-09 1           
204:         0.000000001  1.000000e-09 1.000000e+00 1           
205:         0.393408786  2.641904e-01 3.424008e-01 1           
206:         0.760523707  1.000000e-09 2.394763e-01 1           
207:         0.000000001  4.598794e-01 5.401206e-01 1           
208:         0.000000001  1.000000e-09 1.000000e+00 1           
209:         0.000000001  1.000000e-09 1.000000e+00 1           
210:         0.000000001  1.000000e-09 1.000000e+00 1           
211:         0.204124281  1.000000e-09 7.958757e-01 1           
212:         0.265591802  5.760705e-01 1.583377e-01 1           
213:         0.999999998  1.000000e-09 1.000000e-09 1           
214:         0.554308918  1.000000e-09 4.456911e-01 1           
215:         0.395538437  3.888753e-01 2.155863e-01 1           
216:         0.000000001  1.000000e-09 1.000000e+00 1           
217:         0.000000001  5.953662e-01 4.046338e-01 1           
218:         0.999999998  1.000000e-09 1.000000e-09 1           
219:         0.403811821  1.000000e-09 5.961882e-01 1           
220:         0.000000001  1.000000e+00 1.000000e-09 1           
221:         0.000000001  1.000000e+00 1.000000e-09 1           
222:         0.000000001  1.000000e-09 1.000000e+00 1           
223:         0.000000001  1.000000e+00 1.000000e-09 1           
224:         0.814274728  5.576703e-02 1.299582e-01 1           
225:         0.000000001  1.000000e+00 1.000000e-09 1           
226:         0.378247656  1.000000e-09 6.217523e-01 1           
227:         0.172184564  1.000000e-09 8.278154e-01 1           
228:         0.318675745  4.868514e-01 1.944728e-01 1           
229:         0.561640116  1.000000e-09 4.383599e-01 1           
230:         0.999999998  1.000000e-09 1.000000e-09 1           
231:         0.000000001  1.000000e+00 1.000000e-09 1           
232:         0.000000001  1.000000e-09 1.000000e+00 1           
233:         0.424894957  1.000000e-09 5.751050e-01 1           
234:         0.404262844  3.854290e-01 2.103082e-01 1           
235:         0.397609098  6.023909e-01 1.000000e-09 1           
236:         0.000000001  1.000000e-09 1.000000e+00 1           
237:         0.999999998  1.000000e-09 1.000000e-09 1           
238:         0.088647662  3.332744e-01 5.780779e-01 1           
239:         0.258417120  2.885155e-01 4.530674e-01 1           
240:         0.518477453  1.535857e-01 3.279369e-01 1           
241:         0.000000001  1.000000e-09 1.000000e+00 1           
242:         0.000000001  1.000000e+00 1.000000e-09 1           
243:         0.255878562  1.730676e-01 5.710538e-01 1           
244:         0.285578551  1.000000e-09 7.144214e-01 1           
245:         0.000000001  6.278687e-01 3.721313e-01 1           
246:         0.756021882  1.000000e-09 2.439781e-01 1           
247:         0.000000001  7.150204e-01 2.849796e-01 1           
248:         0.240327082  4.271261e-01 3.325468e-01 1           
249:         0.000000001  8.097002e-01 1.902998e-01 1           
250:         0.253948228  3.752897e-01 3.707620e-01 1           
251:         0.999999998  1.000000e-09 1.000000e-09 1           
252:         0.000000001  5.429943e-01 4.570057e-01 1           
253:         0.502340291  2.534905e-02 4.723107e-01 1           
254:         0.999999998  1.000000e-09 1.000000e-09 1           
255:         0.999999998  1.000000e-09 1.000000e-09 1           
256:         0.000000001  1.000000e-09 1.000000e+00 1           
257:         0.601522745  1.000000e-09 3.984773e-01 1           
258:         0.660615841  1.000000e-09 3.393842e-01 1           
259:         0.000000001  1.000000e-09 1.000000e+00 1           
260:         0.000000001  1.000000e-09 1.000000e+00 1           
261:         0.398802722  3.169364e-01 2.842609e-01 1           
262:         0.000000001  4.810900e-01 5.189100e-01 1           
              
              
1:           0.221130818  2.853641e-01 4.935050e-01 1           
2:           0.000000001  3.365312e-01 6.634687e-01 1           
3:           0.220071313  7.004146e-01 7.951410e-02 1           
4:           0.265648421  5.599288e-01 1.744227e-01 1           
5:           0.297339724  7.026603e-01 1.000000e-09 1           
6:           0.999999998  1.000000e-09 1.000000e-09 1           
7:           0.541833217  4.581668e-01 1.000000e-09 1           
8:           0.000000001  1.000000e-09 1.000000e+00 1           
9:           0.114950726  2.715201e-01 6.135292e-01 1           
10:          0.000000001  3.952978e-01 6.047022e-01 1           
11:          0.483923909  1.946111e-01 3.214650e-01 1           
12:          0.000000001  1.000000e-09 1.000000e+00 1           
13:          0.764811064  1.155818e-01 1.196072e-01 1           
14:          0.000000001  1.000000e+00 1.000000e-09 1           
15:          0.543894996  2.614533e-01 1.946517e-01 1           
16:          0.000000001  1.000000e-09 1.000000e+00 1           
17:          0.999999998  1.000000e-09 1.000000e-09 1           
18:          0.329388097  5.634129e-01 1.071990e-01 1           
19:          0.000000001  4.418170e-01 5.581830e-01 1           
20:          0.000000001  6.913107e-01 3.086893e-01 1           
21:          0.829605089  8.190342e-02 8.849150e-02 1           
22:          0.277103604  1.000000e-09 7.228964e-01 1           
23:          0.728389166  2.716108e-01 1.000000e-09 1           
24:          0.375584658  6.244153e-01 1.000000e-09 1           
25:          0.999999998  1.000000e-09 1.000000e-09 1           
26:          0.460952602  5.390474e-01 1.000000e-09 1           
27:          0.000000001  1.000000e+00 1.000000e-09 1           
28:          0.047387145  5.031350e-01 4.494778e-01 1           
29:          0.285906717  4.051688e-01 3.089244e-01 1           
30:          0.999999998  1.000000e-09 1.000000e-09 1           
31:          0.710351691  1.786774e-01 1.109709e-01 1           
32:          0.213707369  3.804939e-01 4.057987e-01 1           
33:          0.000000001  1.000000e+00 1.000000e-09 1           
34:          0.873041623  1.000000e-09 1.269584e-01 1           
35:          0.000000001  1.000000e+00 1.000000e-09 1           
36:          0.478109950  5.218900e-01 1.000000e-09 1           
37:          0.000000001  1.000000e-09 1.000000e+00 1           
38:          0.999999998  1.000000e-09 1.000000e-09 1           
39:          0.335448585  6.289582e-01 3.559324e-02 1           
40:          0.000000001  1.000000e+00 1.000000e-09 1           
41:          0.404839996  4.797368e-01 1.154233e-01 1           
42:          0.000000001  1.000000e+00 1.000000e-09 1           
43:          0.000000001  1.000000e+00 1.000000e-09 1           
44:          0.000000001  1.000000e-09 1.000000e+00 1           
45:          0.000000001  1.000000e+00 1.000000e-09 1           
46:          0.084003879  5.531274e-01 3.628687e-01 1           
47:          0.000000001  8.125345e-01 1.874655e-01 1           
48:          0.224062235  7.759378e-01 1.000000e-09 1           
49:          0.000000001  1.000000e+00 1.000000e-09 1           
50:          0.000000001  1.000000e-09 1.000000e+00 1           
51:          0.435670000  5.643300e-01 1.000000e-09 1           
52:          0.609127854  3.908721e-01 1.000000e-09 1           
53:          0.227740328  4.223916e-01 3.498680e-01 1           
54:          0.545934565  4.540654e-01 1.000000e-09 1           
55:          0.000000001  1.000000e-09 1.000000e+00 1           
56:          0.000000001  4.345693e-01 5.654307e-01 1           
57:          0.000000001  1.000000e+00 1.000000e-09 1           
58:          0.240427040  2.816155e-01 4.779575e-01 1           
59:          0.070119845  7.949231e-01 1.349571e-01 1           
60:          0.152181517  5.198845e-01 3.279340e-01 1           
61:          0.000000001  1.000000e-09 1.000000e+00 1           
62:          0.763613329  1.000000e-09 2.363867e-01 1           
63:          0.546162152  1.414630e-01 3.123749e-01 1           
64:          0.000000001  1.000000e-09 1.000000e+00 1           
65:          0.210801925  6.074952e-01 1.817029e-01 1           
66:          0.365408278  6.345917e-01 1.000000e-09 1           
67:          0.452895915  2.147935e-01 3.323106e-01 1           
68:          0.056571573  4.163046e-01 5.271238e-01 1           
69:          0.000000001  1.000000e+00 1.000000e-09 1           
70:          0.000000001  1.000000e-09 1.000000e+00 1           
71:          0.322169303  3.433386e-01 3.344921e-01 1           
72:          0.026351610  1.000000e-09 9.736484e-01 1           
73:          0.000000001  4.470918e-01 5.529082e-01 1           
74:          0.238405846  3.666711e-01 3.949231e-01 1           
75:          0.274489799  4.992721e-01 2.262381e-01 1           
76:          0.999999998  1.000000e-09 1.000000e-09 1           
77:          0.877985698  1.000000e-09 1.220143e-01 1           
78:          0.183191022  1.000000e-09 8.168090e-01 1           
79:          0.226507772  4.405552e-02 7.294367e-01 1           
80:          0.000000001  1.000000e+00 1.000000e-09 1           
81:          0.054946199  1.529464e-01 7.921074e-01 1           
82:          0.000000001  1.000000e-09 1.000000e+00 1           
83:          0.999999998  1.000000e-09 1.000000e-09 1           
84:          0.342606739  3.247690e-01 3.326242e-01 1           
85:          0.000000001  1.000000e+00 1.000000e-09 1           
86:          0.999999998  1.000000e-09 1.000000e-09 1           
87:          0.000000001  1.000000e-09 1.000000e+00 1           
88:          0.048336487  5.464676e-01 4.051959e-01 1           
89:          0.657894343  1.000000e-09 3.421057e-01 1           
90:          0.448866115  1.000000e-09 5.511339e-01 1           
91:          0.457983194  1.000000e-09 5.420168e-01 1           
92:          0.000000001  7.902079e-01 2.097921e-01 1           
93:          0.999999998  1.000000e-09 1.000000e-09 1           
94:          0.999999998  1.000000e-09 1.000000e-09 1           
95:          0.999999998  1.000000e-09 1.000000e-09 1           
96:          0.401910390  1.000000e-09 5.980896e-01 1           
97:          0.282663087  2.857086e-01 4.316283e-01 1           
98:          0.086296751  3.660770e-01 5.476262e-01 1           
99:          0.448473775  9.634722e-02 4.551790e-01 1           
100:         0.793525908  2.064741e-01 1.000000e-09 1           
101:         0.058613108  5.146322e-01 4.267547e-01 1           
102:         0.192168132  3.772203e-01 4.306116e-01 1           
103:         0.000000001  7.606785e-01 2.393214e-01 1           
104:         0.999999998  1.000000e-09 1.000000e-09 1           
105:         0.507066829  4.424098e-01 5.052340e-02 1           
106:         0.304866246  3.047109e-01 3.904228e-01 1           
107:         0.491360425  5.086396e-01 1.000000e-09 1           
108:         0.254914722  3.130784e-01 4.320068e-01 1           
109:         0.333728915  6.486521e-01 1.761903e-02 1           
110:         0.000000001  1.000000e+00 1.000000e-09 1           
111:         0.467465174  5.325348e-01 1.000000e-09 1           
112:         0.331835517  2.505737e-01 4.175907e-01 1           
113:         0.711511030  2.884890e-01 1.000000e-09 1           
114:         0.000000001  6.198770e-01 3.801230e-01 1           
115:         0.130610581  2.411713e-01 6.282181e-01 1           
116:         0.285121925  2.844648e-01 4.304133e-01 1           
117:         0.478716272  5.212837e-01 1.000000e-09 1           
118:         0.000000001  1.000000e+00 1.000000e-09 1           
119:         0.425032798  3.077362e-01 2.672310e-01 1           
120:         0.301508312  2.690605e-01 4.294312e-01 1           
121:         0.000000001  4.201042e-01 5.798958e-01 1           
122:         0.249603599  3.153325e-01 4.350639e-01 1           
123:         0.251825779  3.148529e-01 4.333213e-01 1           
124:         0.270876227  4.025612e-01 3.265626e-01 1           
125:         0.000000001  1.000000e+00 1.000000e-09 1           
126:         0.285120385  2.844688e-01 4.304108e-01 1           
127:         0.241610379  4.343928e-01 3.239968e-01 1           
128:         0.322495903  2.868445e-01 3.906596e-01 1           
129:         0.793064322  2.069337e-01 1.950089e-06 1           
130:         0.999999998  1.000000e-09 1.000000e-09 1           
131:         0.158711508  8.412885e-01 1.000000e-09 1           
132:         0.432108685  1.000000e-09 5.678913e-01 1           
133:         0.000000001  1.000000e-09 1.000000e+00 1           
134:         0.264585785  3.070451e-01 4.283691e-01 1           
135:         0.304131797  4.499850e-01 2.458832e-01 1           
136:         0.129211051  5.672481e-01 3.035408e-01 1           
137:         0.000000001  1.000000e+00 1.000000e-09 1           
138:         0.292559575  2.354044e-01 4.720361e-01 1           
139:         0.999999998  1.000000e-09 1.000000e-09 1           
140:         0.000000001  1.000000e+00 1.000000e-09 1           
141:         0.423728783  2.992106e-01 2.770606e-01 1           
142:         0.636686953  1.027521e-01 2.605610e-01 1           
143:         0.999999998  1.000000e-09 1.000000e-09 1           
144:         0.540309630  3.212071e-05 4.596582e-01 1           
145:         0.000000001  3.361391e-01 6.638609e-01 1           
146:         0.728612778  2.713872e-01 1.000000e-09 1           
147:         0.688667785  1.000000e-09 3.113322e-01 1           
148:         0.543328966  2.642810e-01 1.923900e-01 1           
149:         0.262666628  1.000000e-09 7.373334e-01 1           
150:         0.000000001  1.000000e-09 1.000000e+00 1           
151:         0.184890537  3.401895e-01 4.749199e-01 1           
152:         0.292003713  3.905479e-01 3.174484e-01 1           
153:         0.000000001  2.783273e-01 7.216727e-01 1           
154:         0.440639069  4.176185e-01 1.417424e-01 1           
155:         0.219175710  3.755366e-01 4.052877e-01 1           
156:         0.373293005  3.279772e-01 2.987298e-01 1           
157:         0.000000001  1.000000e+00 1.000000e-09 1           
158:         0.000000001  5.137049e-01 4.862951e-01 1           
159:         0.591318211  2.205813e-04 4.084612e-01 1           
160:         0.076750206  2.339548e-01 6.892950e-01 1           
161:         0.000000001  4.112053e-01 5.887947e-01 1           
162:         0.539935969  4.600640e-01 1.000000e-09 1           
163:         0.514225924  3.736408e-01 1.121332e-01 1           
164:         0.090935957  6.578014e-01 2.512627e-01 1           
165:         0.110144898  3.832368e-01 5.066183e-01 1           
166:         0.375513704  5.184962e-01 1.059901e-01 1           
167:         0.016105103  5.773032e-01 4.065917e-01 1           
168:         0.501396337  4.986037e-01 1.000000e-09 1           
169:         0.409086111  5.909139e-01 1.000000e-09 1           
170:         0.323687943  2.756934e-01 4.006186e-01 1           
171:         0.484867520  3.678595e-01 1.472730e-01 1           
172:         0.000000001  8.774709e-01 1.225291e-01 1           
173:         0.999999998  1.000000e-09 1.000000e-09 1           
174:         0.618513932  3.814861e-01 1.000000e-09 1           
175:         0.273748583  7.262514e-01 1.000000e-09 1           
176:         0.641934233  3.580658e-01 1.000000e-09 1           
177:         0.386789598  3.774061e-01 2.358043e-01 1           
178:         0.258373523  7.416265e-01 1.000000e-09 1           
179:         0.475347303  5.246527e-01 1.000000e-09 1           
180:         0.000000001  1.000000e+00 1.000000e-09 1           
181:         0.645049444  3.014998e-01 5.345077e-02 1           
182:         0.999909088  9.091091e-05 1.000000e-09 1           
183:         0.192903531  7.222052e-01 8.489125e-02 1           
184:         0.000000001  1.000000e+00 1.000000e-09 1           
185:         0.000000001  7.610311e-01 2.389689e-01 1           
186:         0.774173410  1.000000e-09 2.258266e-01 1           
187:         0.640375713  3.596243e-01 1.000000e-09 1           
188:         0.312861129  5.041325e-01 1.830064e-01 1           
189:         0.508741237  3.278464e-01 1.634123e-01 1           
190:         0.508948897  4.910511e-01 1.000000e-09 1           
191:         0.819123443  1.000000e-09 1.808766e-01 1           
192:         0.057465502  4.917359e-01 4.507986e-01 1           
193:         0.134282232  6.913982e-01 1.743195e-01 1           
194:         0.498104471  5.018955e-01 1.000000e-09 1           
195:         0.301507744  1.259766e-01 5.725156e-01 1           
196:         0.537649620  1.000000e-09 4.623504e-01 1           
197:         0.000000001  1.000000e-09 1.000000e+00 1           
198:         0.000000001  1.526027e-01 8.473973e-01 1           
199:         0.000000001  1.000000e-09 1.000000e+00 1           
200:         0.328313253  3.440262e-01 3.276605e-01 1           
201:         0.000000001  7.650827e-01 2.349173e-01 1           
202:         0.000000001  3.177045e-01 6.822955e-01 1           
203:         0.000000001  1.000000e+00 1.000000e-09 1           
204:         0.000000001  1.000000e-09 1.000000e+00 1           
205:         0.393408786  2.641904e-01 3.424008e-01 1           
206:         0.760523707  1.000000e-09 2.394763e-01 1           
207:         0.000000001  4.598794e-01 5.401206e-01 1           
208:         0.000000001  1.000000e-09 1.000000e+00 1           
209:         0.000000001  1.000000e-09 1.000000e+00 1           
210:         0.000000001  1.000000e-09 1.000000e+00 1           
211:         0.204124281  1.000000e-09 7.958757e-01 1           
212:         0.265591802  5.760705e-01 1.583377e-01 1           
213:         0.999999998  1.000000e-09 1.000000e-09 1           
214:         0.554308918  1.000000e-09 4.456911e-01 1           
215:         0.395538437  3.888753e-01 2.155863e-01 1           
216:         0.000000001  1.000000e-09 1.000000e+00 1           
217:         0.000000001  5.953662e-01 4.046338e-01 1           
218:         0.999999998  1.000000e-09 1.000000e-09 1           
219:         0.403811821  1.000000e-09 5.961882e-01 1           
220:         0.000000001  1.000000e+00 1.000000e-09 1           
221:         0.000000001  1.000000e+00 1.000000e-09 1           
222:         0.000000001  1.000000e-09 1.000000e+00 1           
223:         0.000000001  1.000000e+00 1.000000e-09 1           
224:         0.814274728  5.576703e-02 1.299582e-01 1           
225:         0.000000001  1.000000e+00 1.000000e-09 1           
226:         0.378247656  1.000000e-09 6.217523e-01 1           
227:         0.172184564  1.000000e-09 8.278154e-01 1           
228:         0.318675745  4.868514e-01 1.944728e-01 1           
229:         0.561640116  1.000000e-09 4.383599e-01 1           
230:         0.999999998  1.000000e-09 1.000000e-09 1           
231:         0.000000001  1.000000e+00 1.000000e-09 1           
232:         0.000000001  1.000000e-09 1.000000e+00 1           
233:         0.424894957  1.000000e-09 5.751050e-01 1           
234:         0.404262844  3.854290e-01 2.103082e-01 1           
235:         0.397609098  6.023909e-01 1.000000e-09 1           
236:         0.000000001  1.000000e-09 1.000000e+00 1           
237:         0.999999998  1.000000e-09 1.000000e-09 1           
238:         0.088647662  3.332744e-01 5.780779e-01 1           
239:         0.258417120  2.885155e-01 4.530674e-01 1           
240:         0.518477453  1.535857e-01 3.279369e-01 1           
241:         0.000000001  1.000000e-09 1.000000e+00 1           
242:         0.000000001  1.000000e+00 1.000000e-09 1           
243:         0.255878562  1.730676e-01 5.710538e-01 1           
244:         0.285578551  1.000000e-09 7.144214e-01 1           
245:         0.000000001  6.278687e-01 3.721313e-01 1           
246:         0.756021882  1.000000e-09 2.439781e-01 1           
247:         0.000000001  7.150204e-01 2.849796e-01 1           
248:         0.240327082  4.271261e-01 3.325468e-01 1           
249:         0.000000001  8.097002e-01 1.902998e-01 1           
250:         0.253948228  3.752897e-01 3.707620e-01 1           
251:         0.999999998  1.000000e-09 1.000000e-09 1           
252:         0.000000001  5.429943e-01 4.570057e-01 1           
253:         0.502340291  2.534905e-02 4.723107e-01 1           
254:         0.999999998  1.000000e-09 1.000000e-09 1           
255:         0.999999998  1.000000e-09 1.000000e-09 1           
256:         0.000000001  1.000000e-09 1.000000e+00 1           
257:         0.601522745  1.000000e-09 3.984773e-01 1           
258:         0.660615841  1.000000e-09 3.393842e-01 1           
259:         0.000000001  1.000000e-09 1.000000e+00 1           
260:         0.000000001  1.000000e-09 1.000000e+00 1           
261:         0.398802722  3.169364e-01 2.842609e-01 1           
262:         0.000000001  4.810900e-01 5.189100e-01 1           
              
              
1:           0.221130818  2.853641e-01 4.935050e-01 1           
2:           0.000000001  3.365312e-01 6.634687e-01 1           
3:           0.220071313  7.004146e-01 7.951410e-02 1           
4:           0.265648421  5.599288e-01 1.744227e-01 1           
5:           0.297339724  7.026603e-01 1.000000e-09 1           
6:           0.999999998  1.000000e-09 1.000000e-09 1           
7:           0.541833217  4.581668e-01 1.000000e-09 1           
8:           0.000000001  1.000000e-09 1.000000e+00 1           
9:           0.114950726  2.715201e-01 6.135292e-01 1           
10:          0.000000001  3.952978e-01 6.047022e-01 1           
11:          0.483923909  1.946111e-01 3.214650e-01 1           
12:          0.000000001  1.000000e-09 1.000000e+00 1           
13:          0.764811064  1.155818e-01 1.196072e-01 1           
14:          0.000000001  1.000000e+00 1.000000e-09 1           
15:          0.543894996  2.614533e-01 1.946517e-01 1           
16:          0.000000001  1.000000e-09 1.000000e+00 1           
17:          0.999999998  1.000000e-09 1.000000e-09 1           
18:          0.329388097  5.634129e-01 1.071990e-01 1           
19:          0.000000001  4.418170e-01 5.581830e-01 1           
20:          0.000000001  6.913107e-01 3.086893e-01 1           
21:          0.829605089  8.190342e-02 8.849150e-02 1           
22:          0.277103604  1.000000e-09 7.228964e-01 1           
23:          0.728389166  2.716108e-01 1.000000e-09 1           
24:          0.375584658  6.244153e-01 1.000000e-09 1           
25:          0.999999998  1.000000e-09 1.000000e-09 1           
26:          0.460952602  5.390474e-01 1.000000e-09 1           
27:          0.000000001  1.000000e+00 1.000000e-09 1           
28:          0.047387145  5.031350e-01 4.494778e-01 1           
29:          0.285906717  4.051688e-01 3.089244e-01 1           
30:          0.999999998  1.000000e-09 1.000000e-09 1           
31:          0.710351691  1.786774e-01 1.109709e-01 1           
32:          0.213707369  3.804939e-01 4.057987e-01 1           
33:          0.000000001  1.000000e+00 1.000000e-09 1           
34:          0.873041623  1.000000e-09 1.269584e-01 1           
35:          0.000000001  1.000000e+00 1.000000e-09 1           
36:          0.478109950  5.218900e-01 1.000000e-09 1           
37:          0.000000001  1.000000e-09 1.000000e+00 1           
38:          0.999999998  1.000000e-09 1.000000e-09 1           
39:          0.335448585  6.289582e-01 3.559324e-02 1           
40:          0.000000001  1.000000e+00 1.000000e-09 1           
41:          0.404839996  4.797368e-01 1.154233e-01 1           
42:          0.000000001  1.000000e+00 1.000000e-09 1           
43:          0.000000001  1.000000e+00 1.000000e-09 1           
44:          0.000000001  1.000000e-09 1.000000e+00 1           
45:          0.000000001  1.000000e+00 1.000000e-09 1           
46:          0.084003879  5.531274e-01 3.628687e-01 1           
47:          0.000000001  8.125345e-01 1.874655e-01 1           
48:          0.224062235  7.759378e-01 1.000000e-09 1           
49:          0.000000001  1.000000e+00 1.000000e-09 1           
50:          0.000000001  1.000000e-09 1.000000e+00 1           
51:          0.435670000  5.643300e-01 1.000000e-09 1           
52:          0.609127854  3.908721e-01 1.000000e-09 1           
53:          0.227740328  4.223916e-01 3.498680e-01 1           
54:          0.545934565  4.540654e-01 1.000000e-09 1           
55:          0.000000001  1.000000e-09 1.000000e+00 1           
56:          0.000000001  4.345693e-01 5.654307e-01 1           
57:          0.000000001  1.000000e+00 1.000000e-09 1           
58:          0.240427040  2.816155e-01 4.779575e-01 1           
59:          0.070119845  7.949231e-01 1.349571e-01 1           
60:          0.152181517  5.198845e-01 3.279340e-01 1           
61:          0.000000001  1.000000e-09 1.000000e+00 1           
62:          0.763613329  1.000000e-09 2.363867e-01 1           
63:          0.546162152  1.414630e-01 3.123749e-01 1           
64:          0.000000001  1.000000e-09 1.000000e+00 1           
65:          0.210801925  6.074952e-01 1.817029e-01 1           
66:          0.365408278  6.345917e-01 1.000000e-09 1           
67:          0.452895915  2.147935e-01 3.323106e-01 1           
68:          0.056571573  4.163046e-01 5.271238e-01 1           
69:          0.000000001  1.000000e+00 1.000000e-09 1           
70:          0.000000001  1.000000e-09 1.000000e+00 1           
71:          0.322169303  3.433386e-01 3.344921e-01 1           
72:          0.026351610  1.000000e-09 9.736484e-01 1           
73:          0.000000001  4.470918e-01 5.529082e-01 1           
74:          0.238405846  3.666711e-01 3.949231e-01 1           
75:          0.274489799  4.992721e-01 2.262381e-01 1           
76:          0.999999998  1.000000e-09 1.000000e-09 1           
77:          0.877985698  1.000000e-09 1.220143e-01 1           
78:          0.183191022  1.000000e-09 8.168090e-01 1           
79:          0.226507772  4.405552e-02 7.294367e-01 1           
80:          0.000000001  1.000000e+00 1.000000e-09 1           
81:          0.054946199  1.529464e-01 7.921074e-01 1           
