1:           5.765625e-02 1.829210e-01 0.126897934  0.230747552  2.102728e-01 1.915044e-01 1           
2:           5.805230e-01 1.000000e-09 0.000000001  0.000000001  1.000000e-09 4.194770e-01 1           
3:           1.000000e-09 1.000000e-09 0.000000001  0.409062643  4.417674e-01 1.491700e-01 1           
4:           1.423300e-01 2.032662e-01 0.157623070  0.210537185  1.403839e-01 1.458596e-01 1           
5:           1.000000e-09 1.000000e-09 0.074999712  0.542341621  3.826587e-01 1.000000e-09 1           
6:           1.000000e-09 1.000000e-09 0.000000001  0.999999995  1.000000e-09 1.000000e-09 1           
7:           3.210525e-01 1.000000e-09 0.467045817  0.000000001  1.000000e-09 2.119017e-01 1           
8:           9.999964e-01 1.000000e-09 0.000000001  0.000000001  3.610665e-06 1.000000e-09 1           
9:           4.940100e-02 2.054309e-01 0.057979249  0.271352924  1.601795e-01 2.556564e-01 1           
10:          4.999344e-01 1.000000e-09 0.000000001  0.000000001  5.000656e-01 1.000000e-09 1           
11:          2.183387e-01 3.031456e-01 0.189827723  0.154612844  7.578079e-02 5.829439e-02 1           
12:          9.996804e-01 1.000000e-09 0.000000001  0.000000001  3.195818e-04 1.000000e-09 1           
13:          4.935699e-01 1.000000e-09 0.506430118  0.000000001  1.000000e-09 1.000000e-09 1           
14:          1.000000e-09 1.000000e-09 0.128787231  0.706315200  1.000000e-09 1.648976e-01 1           
15:          1.000000e-09 3.126829e-01 0.303897959  0.000000001  3.834191e-01 1.000000e-09 1           
16:          9.999954e-01 1.000000e-09 0.000000001  0.000000001  4.600290e-06 1.000000e-09 1           
17:          1.000000e+00 1.000000e-09 0.000000001  0.000000001  1.000000e-09 1.000000e-09 1           
18:          1.000000e-09 1.000000e-09 0.212232915  0.385303642  1.705418e-01 2.319217e-01 1           
19:          1.000000e-09 1.000000e-09 0.000000001  0.000000001  1.000000e-09 1.000000e+00 1           
20:          9.009510e-02 1.000000e-09 0.000000001  0.498123324  1.000000e-09 4.117816e-01 1           
21:          2.244262e-01 1.000000e-09 0.545390174  0.230183637  1.000000e-09 1.000000e-09 1           
22:          1.619020e-01 4.073420e-01 0.429550736  0.000000001  1.000000e-09 1.205287e-03 1           
23:          2.267087e-01 1.000000e-09 0.443351285  0.329940057  1.000000e-09 1.000000e-09 1           
24:          1.544790e-01 1.000000e-09 0.347050778  0.285964599  1.000000e-09 2.125056e-01 1           
25:          2.517405e-01 1.000000e-09 0.748259516  0.000000001  1.000000e-09 1.000000e-09 1           
26:          1.000000e-09 1.000000e-09 0.493942656  0.506057340  1.000000e-09 1.000000e-09 1           
27:          1.000000e-09 1.000000e-09 0.000000001  0.999999995  1.000000e-09 1.000000e-09 1           
28:          1.484829e-02 1.974597e-01 0.193060236  0.250057941  1.054992e-01 2.390746e-01 1           
29:          1.087725e-01 1.672935e-01 0.180183417  0.149253984  2.714795e-01 1.230171e-01 1           
30:          1.000000e+00 1.000000e-09 0.000000001  0.000000001  1.000000e-09 1.000000e-09 1           
31:          2.057805e-01 1.491708e-01 0.198194567  0.216098429  3.937543e-02 1.913803e-01 1           
32:          1.936322e-02 2.458303e-01 0.023264434  0.039096533  1.088278e-01 5.636178e-01 1           
33:          1.000000e+00 1.000000e-09 0.000000001  0.000000001  1.000000e-09 1.000000e-09 1           
34:          1.063134e-01 1.000007e-09 0.000000001  0.499999209  3.936874e-01 1.000000e-09 1           
35:          1.000000e-09 1.000000e-09 0.000000001  0.999999995  1.000000e-09 1.000000e-09 1           
36:          8.141743e-01 1.000000e-09 0.000000001  0.185825721  1.000000e-09 1.000000e-09 1           
37:          1.000000e+00 1.000000e-09 0.000000001  0.000000001  1.000000e-09 1.000000e-09 1           
38:          1.000000e-09 1.000000e-09 0.999999995  0.000000001  1.000000e-09 1.000000e-09 1           
39:          6.306092e-01 1.000000e-09 0.000000001  0.000000001  3.693908e-01 1.000000e-09 1           
40:          1.000000e-09 1.000000e-09 0.000000001  0.000000001  1.000000e-09 1.000000e+00 1           
41:          2.106453e-01 2.370532e-01 0.202796061  0.067520492  2.063285e-01 7.565639e-02 1           
42:          1.000000e-09 1.000000e-09 0.001838830  0.342640707  6.555205e-01 1.000000e-09 1           
43:          1.000000e-09 1.000000e-09 0.000000001  0.000000001  1.000000e-09 1.000000e+00 1           
44:          1.000000e+00 1.000000e-09 0.000000001  0.000000001  1.000000e-09 1.000000e-09 1           
45:          7.428483e-01 1.000000e-09 0.000000001  0.000000001  1.000000e-09 2.571517e-01 1           
46:          1.345168e-01 1.652094e-01 0.227967123  0.064304685  2.460193e-01 1.619827e-01 1           
47:          4.999086e-01 1.000000e-09 0.000000001  0.000000001  9.084027e-05 5.000006e-01 1           
48:          1.000000e-09 1.000000e-09 0.131270597  0.113543541  4.835832e-01 2.716027e-01 1           
49:          1.000000e-09 1.000000e-09 0.000000001  0.209950380  7.900496e-01 1.000000e-09 1           
50:          9.997851e-01 1.000000e-09 0.000000001  0.000000001  2.149261e-04 1.000000e-09 1           
51:          1.000000e-09 1.000000e-09 0.404221973  0.426026413  1.000000e-09 1.697516e-01 1           
52:          1.000000e-09 1.000000e-09 0.453960790  0.000000001  5.460392e-01 1.000000e-09 1           
53:          1.571575e-01 8.857086e-02 0.158148759  0.146570432  2.878289e-01 1.617235e-01 1           
54:          2.129777e-01 1.000000e-09 0.296277341  0.313131671  1.000000e-09 1.776133e-01 1           
55:          9.994212e-01 1.000000e-09 0.000000001  0.000000001  5.787891e-04 1.000000e-09 1           
56:          1.000000e-09 1.000000e-09 0.000000001  0.000000001  1.000000e-09 1.000000e+00 1           
57:          1.000000e-09 1.000000e-09 0.000000001  0.999999995  1.000000e-09 1.000000e-09 1           
58:          2.356478e-01 2.090606e-01 0.179835032  0.117461232  8.053379e-02 1.774616e-01 1           
59:          4.221659e-01 1.000000e-09 0.000000001  0.309297265  1.000000e-09 2.685369e-01 1           
60:          3.146282e-02 4.191649e-01 0.233591164  0.180782889  1.049504e-01 3.004782e-02 1           
61:          1.000000e+00 1.000000e-09 0.000000001  0.000000001  1.000000e-09 1.000000e-09 1           
62:          1.000000e-09 1.000000e+00 0.000000001  0.000000001  1.000000e-09 1.000000e-09 1           
63:          2.568259e-01 4.144799e-02 0.105104746  0.126933818  2.331488e-01 2.365387e-01 1           
64:          9.999415e-01 1.000000e-09 0.000000001  0.000000001  5.853980e-05 1.000000e-09 1           
65:          2.079098e-01 6.320593e-02 0.203940990  0.043149085  1.990129e-01 2.827814e-01 1           
66:          1.000000e-09 1.000000e-09 0.000000001  0.000000001  7.966728e-01 2.033272e-01 1           
67:          5.825617e-02 1.372061e-01 0.223458340  0.107436077  1.976771e-01 2.759662e-01 1           
68:          3.232278e-01 1.000000e-09 0.000000001  0.000000001  6.767722e-01 1.000000e-09 1           
69:          1.000000e-09 1.000000e-09 0.000000001  0.999999995  1.000000e-09 1.000000e-09 1           
70:          1.000000e+00 1.000000e-09 0.000000001  0.000000001  1.000000e-09 1.000000e-09 1           
71:          1.713886e-02 2.343541e-01 0.130106279  0.237306537  2.172822e-01 1.638120e-01 1           
72:          7.413315e-01 3.001245e-02 0.221824006  0.000000001  1.000000e-09 6.832075e-03 1           
73:          5.343768e-01 1.000000e-09 0.000000001  0.465623148  1.000000e-09 1.000000e-09 1           
74:          2.648879e-01 2.563416e-01 0.097977526  0.051863542  2.455299e-01 8.339951e-02 1           
75:          1.565337e-01 1.672135e-01 0.263898534  0.006641009  2.380535e-01 1.676598e-01 1           
76:          4.301423e-01 1.000000e-09 0.000000001  0.569857734  1.000000e-09 1.000000e-09 1           
77:          8.386813e-02 1.000008e-09 0.000000001  0.499999405  4.161325e-01 1.000000e-09 1           
78:          8.043804e-02 2.686924e-01 0.650851920  0.000000001  1.000000e-09 1.768429e-05 1           
79:          5.333463e-01 1.000000e-09 0.000000001  0.000000001  2.632717e-01 2.033820e-01 1           
80:          1.000000e-09 1.000000e-09 0.000000001  0.999999995  1.000000e-09 1.000000e-09 1           
81:          6.083307e-02 3.667233e-01 0.122836975  0.243069515  1.966339e-01 9.903203e-03 1           
82:          1.000000e+00 1.000000e-09 0.000000001  0.000000001  1.000000e-09 1.000000e-09 1           
83:          1.000000e-09 1.000000e-09 0.999999995  0.000000001  1.000000e-09 1.000000e-09 1           
84:          2.730569e-01 1.425153e-01 0.112351083  0.028552662  2.673165e-01 1.762076e-01 1           
85:          1.000000e-09 1.000000e-09 0.000000001  0.999999995  1.000000e-09 1.000000e-09 1           
86:          1.000000e-09 1.000000e-09 0.999999995  0.000000001  1.000000e-09 1.000000e-09 1           
87:          9.997063e-01 1.000000e-09 0.000000001  0.000000001  2.936781e-04 1.000000e-09 1           
88:          1.633397e-01 1.954131e-01 0.067403890  0.278798972  7.694009e-02 2.181042e-01 1           
89:          1.000000e-09 4.297280e-01 0.570271961  0.000000001  1.000000e-09 1.000000e-09 1           
90:          1.000000e-09 1.000000e+00 0.000000001  0.000000001  1.000000e-09 1.000000e-09 1           
91:          4.610262e-01 3.881030e-01 0.150870004  0.000000001  1.000000e-09 7.263629e-07 1           
92:          3.344733e-01 1.000000e-09 0.000000001  0.000000001  3.900683e-01 2.754584e-01 1           
93:          1.000000e-09 2.488458e-05 0.797002853  0.202972260  1.000000e-09 1.000000e-09 1           
94:          1.000000e-09 1.000000e-09 0.895927412  0.000000001  1.040726e-01 1.000000e-09 1           
95:          1.000000e-09 1.000000e-09 0.999999995  0.000000001  1.000000e-09 1.000000e-09 1           
96:          3.875651e-02 2.197964e-01 0.740959186  0.000000001  1.000000e-09 4.879104e-04 1           
97:          1.000000e-09 2.250675e-01 0.227653699  0.217532394  1.296179e-01 2.001285e-01 1           
98:          3.683137e-01 1.000000e-09 0.000000001  0.159847221  1.000000e-09 4.718391e-01 1           
99:          2.229032e-01 1.000000e-09 0.237811125  0.231618648  3.350633e-02 2.741607e-01 1           
100:         3.702540e-01 2.548980e-01 0.243876829  0.130971145  1.000000e-09 1.000000e-09 1           
101:         3.475483e-01 2.718072e-01 0.000000001  0.223628282  1.570162e-01 1.000000e-09 1           
102:         1.000000e-09 3.070481e-01 0.000000001  0.156095247  3.405481e-01 1.963085e-01 1           
103:         1.000000e-09 1.000000e-09 0.000000001  0.022317605  9.776824e-01 1.000000e-09 1           
104:         1.000000e-09 1.000000e-09 0.000000001  0.999999995  1.000000e-09 1.000000e-09 1           
105:         7.228808e-03 1.624050e-01 0.075745181  0.210507874  1.854117e-01 3.587013e-01 1           
106:         4.662787e-01 4.521722e-01 0.000000001  0.081549181  1.000000e-09 1.000000e-09 1           
107:         1.000000e-09 1.766422e-01 0.260407360  0.087078071  1.000000e-09 4.758724e-01 1           
108:         1.922416e-01 1.928527e-01 0.056677590  0.164606266  2.938945e-01 9.972741e-02 1           
109:         5.690493e-01 1.000000e-09 0.000000001  0.280670782  1.502799e-01 1.000000e-09 1           
110:         1.530174e-01 1.000000e-09 0.000000001  0.374379181  4.726034e-01 1.000000e-09 1           
111:         1.801701e-01 1.000000e-09 0.352972515  0.466857363  1.000000e-09 1.000000e-09 1           
112:         1.929163e-01 2.185008e-01 0.038353895  0.085491659  2.033059e-01 2.614314e-01 1           
113:         5.868897e-01 1.000000e-09 0.413110287  0.000000001  1.000000e-09 1.000000e-09 1           
114:         9.853020e-02 1.000000e-09 0.000000001  0.434670130  1.000000e-09 4.667997e-01 1           
115:         2.592337e-01 1.000000e-09 0.280132890  0.000000001  1.000000e-09 4.606334e-01 1           
116:         1.000000e-09 2.229444e-01 0.230028108  0.217702556  1.298522e-01 1.994727e-01 1           
117:         7.781225e-01 2.218775e-01 0.000000001  0.000000001  1.000000e-09 1.000000e-09 1           
118:         1.000000e-09 1.000000e-09 0.000000001  0.973802346  2.619765e-02 1.000000e-09 1           
119:         1.421822e-01 5.545030e-01 0.000000001  0.303314774  1.000000e-09 1.000000e-09 1           
120:         1.000000e-09 2.306244e-01 0.235484485  0.207275765  1.532469e-01 1.733685e-01 1           
121:         1.000000e-09 1.000000e-09 0.000000001  0.000000001  5.189354e-01 4.810646e-01 1           
122:         1.000000e-09 3.907543e-01 0.000000001  0.189068019  1.809055e-01 2.392722e-01 1           
123:         1.000000e-09 3.899114e-01 0.000000001  0.187372645  1.795829e-01 2.431331e-01 1           
124:         4.972032e-01 1.185426e-01 0.020518926  0.009419772  1.053386e-01 2.489769e-01 1           
125:         7.515802e-01 1.000000e-09 0.000000001  0.000000001  1.000000e-09 2.484198e-01 1           
126:         1.000000e-09 2.229462e-01 0.230025331  0.217699938  1.298473e-01 1.994812e-01 1           
127:         9.655412e-02 1.960306e-01 0.079669281  0.007074670  1.845649e-01 4.361064e-01 1           
128:         2.111841e-01 2.105255e-01 0.073491504  0.077296219  2.216147e-01 2.058880e-01 1           
129:         3.258244e-01 1.000000e-09 0.525210031  0.148965524  1.000000e-09 1.000000e-09 1           
130:         1.000000e-09 1.000000e-09 0.000000001  0.999999995  1.000000e-09 1.000000e-09 1           
131:         1.000000e+00 1.000000e-09 0.000000001  0.000000001  1.000000e-09 1.000000e-09 1           
132:         1.000000e-09 3.445823e-01 0.285520932  0.000000001  1.000000e-09 3.698968e-01 1           
133:         1.000000e+00 1.000000e-09 0.000000001  0.000000001  1.000000e-09 1.000000e-09 1           
134:         1.000000e-09 2.850494e-01 0.047090423  0.180152569  2.773831e-01 2.103245e-01 1           
135:         3.983412e-01 1.000000e-09 0.289920773  0.000000001  3.117380e-01 1.000000e-09 1           
136:         3.902332e-01 2.314023e-01 0.000000001  0.378364474  1.000000e-09 1.000000e-09 1           
137:         1.000000e-09 1.000000e-09 0.000000001  0.000000001  1.000000e+00 1.000000e-09 1           
138:         1.000000e-09 4.398901e-01 0.000000001  0.093919181  2.693575e-01 1.968332e-01 1           
139:         1.000000e-09 1.000000e-09 0.999999995  0.000000001  1.000000e-09 1.000000e-09 1           
140:         1.000000e-09 1.000000e-09 0.000000001  0.499994116  5.000059e-01 1.000000e-09 1           
141:         1.000000e-09 1.215014e-01 0.277214535  0.287228665  1.061532e-01 2.079022e-01 1           
142:         1.729113e-01 9.384992e-02 0.145727923  0.135724263  2.543006e-01 1.974861e-01 1           
143:         1.000000e-09 1.000000e-09 0.999999995  0.000000001  1.000000e-09 1.000000e-09 1           
144:         1.000000e-09 1.000000e-09 0.409282763  0.252231559  1.000000e-09 3.384857e-01 1           
145:         1.000000e-09 2.397541e-01 0.148996149  0.155901892  2.221069e-01 2.332410e-01 1           
146:         5.463953e-01 1.000000e-09 0.188943820  0.264660889  1.000000e-09 1.000000e-09 1           
147:         4.782178e-01 5.217822e-01 0.000000001  0.000000001  1.000000e-09 1.000000e-09 1           
148:         4.488101e-01 2.686355e-01 0.000000001  0.097779204  1.847752e-01 1.000000e-09 1           
149:         7.337317e-01 1.411875e-01 0.125064119  0.000000001  1.000000e-09 1.665360e-05 1           
150:         1.000000e+00 1.000000e-09 0.000000001  0.000000001  1.000000e-09 1.000000e-09 1           
151:         1.095536e-02 7.017613e-02 0.291899962  0.310365971  2.169670e-01 9.963560e-02 1           
152:         8.438063e-02 4.057228e-01 0.000000001  0.187559916  3.223366e-01 1.000000e-09 1           
153:         4.008185e-01 2.748531e-01 0.000000001  0.000000001  1.000000e-09 3.243284e-01 1           
154:         8.095487e-03 8.913635e-02 0.153829043  0.054531141  3.363113e-01 3.580967e-01 1           
155:         1.000000e-09 3.698222e-01 0.000000001  0.193594007  1.214870e-01 3.150968e-01 1           
156:         5.063133e-02 8.596682e-02 0.026964590  0.290382498  3.408850e-01 2.051698e-01 1           
157:         5.503406e-01 1.000000e-09 0.000000001  0.283027849  1.000000e-09 1.666316e-01 1           
158:         4.332748e-01 1.000000e-09 0.000000001  0.000000001  1.000000e-09 5.667252e-01 1           
159:         2.715284e-01 4.031845e-01 0.323869649  0.000000001  1.417431e-03 1.000000e-09 1           
160:         6.129664e-01 1.000000e-09 0.000000001  0.387033556  1.000000e-09 1.000000e-09 1           
161:         4.931030e-01 1.000000e-09 0.000000001  0.000000001  1.000000e-09 5.068970e-01 1           
162:         1.107245e-01 1.276109e-01 0.285286577  0.167660770  3.087172e-01 1.000000e-09 1           
163:         1.000000e-09 1.000000e-09 0.135321381  0.396728792  4.679498e-01 1.000000e-09 1           
164:         3.878280e-01 1.000000e-09 0.000000001  0.394523972  2.176480e-01 1.000000e-09 1           
165:         5.368369e-01 1.000000e-09 0.000000001  0.158646464  2.691638e-01 3.535293e-02 1           
166:         8.172353e-01 1.000000e-09 0.000000001  0.182764702  1.000000e-09 1.000000e-09 1           
167:         1.075756e-01 1.550284e-01 0.230630769  0.170178559  1.102472e-01 2.263394e-01 1           
168:         4.110489e-01 1.000000e-09 0.490832046  0.059436502  1.000000e-09 3.868252e-02 1           
169:         3.653958e-01 1.653648e-01 0.000000001  0.045816846  2.525938e-01 1.708287e-01 1           
170:         2.526161e-01 2.445638e-01 0.205997644  0.051308040  1.400297e-01 1.054846e-01 1           
171:         1.000000e-09 1.000000e-09 0.446630381  0.265193413  1.000000e-09 2.881762e-01 1           
172:         4.990599e-01 1.000000e-09 0.000000001  0.000000001  9.403404e-04 4.999998e-01 1           
173:         1.000000e-09 4.081188e-01 0.523759526  0.068121718  1.000000e-09 1.000000e-09 1           
174:         2.518823e-01 1.000000e-09 0.315407097  0.269525895  1.631847e-01 1.000000e-09 1           
175:         3.786810e-01 1.000000e-09 0.000000001  0.434704680  1.000000e-09 1.866143e-01 1           
176:         4.597660e-01 1.000000e-09 0.314554101  0.225679881  1.000000e-09 1.000000e-09 1           
177:         1.000000e-09 1.000000e-09 0.000000001  0.100665668  6.993060e-01 2.000283e-01 1           
178:         1.000000e-09 1.000000e-09 0.276795881  0.519268741  6.993298e-02 1.340024e-01 1           
179:         3.093410e-01 7.945021e-02 0.000000001  0.387544351  1.000000e-09 2.236645e-01 1           
180:         1.383607e-01 1.000000e-09 0.000000001  0.600307373  2.613320e-01 1.000000e-09 1           
181:         7.011438e-01 2.988562e-01 0.000000001  0.000000001  1.000000e-09 1.000000e-09 1           
182:         1.000000e+00 1.000000e-09 0.000000001  0.000000001  1.000000e-09 1.000000e-09 1           
183:         1.000000e-09 1.000000e-09 0.000000001  0.320540994  5.279950e-01 1.514640e-01 1           
184:         2.358309e-01 1.000000e-09 0.000000001  0.590064858  1.000000e-09 1.741043e-01 1           
185:         8.032887e-03 1.000000e-09 0.000000001  0.556135219  1.000000e-09 4.358319e-01 1           
186:         1.000000e-09 3.572754e-01 0.642724613  0.000000001  1.000000e-09 1.000000e-09 1           
187:         6.955947e-01 1.000000e-09 0.304405295  0.000000001  1.000000e-09 1.000000e-09 1           
188:         1.000000e-09 1.000000e-09 0.205804991  0.273033219  1.983022e-01 3.228596e-01 1           
189:         3.787402e-01 1.000000e-09 0.130199576  0.000000001  4.910602e-01 1.000000e-09 1           
190:         1.249121e-01 1.000000e-09 0.375504082  0.499583830  2.375059e-08 1.000000e-09 1           
191:         2.511327e-01 3.613939e-01 0.384525691  0.000000001  1.000000e-09 2.947681e-03 1           
192:         6.496076e-01 1.000000e-09 0.000000001  0.000000001  1.000000e-09 3.503924e-01 1           
193:         1.000000e+00 1.000000e-09 0.000000001  0.000000001  1.000000e-09 1.000000e-09 1           
194:         1.000000e-09 4.794056e-01 0.000000001  0.520594357  1.000000e-09 1.000000e-09 1           
195:         1.788834e-01 2.232374e-01 0.088193714  0.033928117  2.309159e-01 2.448415e-01 1           
196:         1.000000e-09 2.514986e-01 0.528623573  0.000000001  3.440790e-02 1.854699e-01 1           
197:         1.000000e-09 1.000000e-09 0.000000001  0.000000001  4.414998e-01 5.585002e-01 1           
198:         1.000000e+00 1.000000e-09 0.000000001  0.000000001  1.000000e-09 1.000000e-09 1           
199:         1.000000e+00 1.000000e-09 0.000000001  0.000000001  1.000000e-09 1.000000e-09 1           
200:         1.790779e-02 2.309840e-01 0.227512580  0.097329942  2.615377e-01 1.647280e-01 1           
201:         1.000000e-09 4.746707e-01 0.000000001  0.525329344  1.000000e-09 1.000000e-09 1           
202:         3.925678e-01 3.034761e-01 0.000000001  0.000000001  5.803244e-03 2.981529e-01 1           
203:         1.000000e-09 1.000000e-09 0.000000001  0.000000001  1.000000e-09 1.000000e+00 1           
204:         1.000000e+00 1.000000e-09 0.000000001  0.000000001  1.000000e-09 1.000000e-09 1           
205:         2.294235e-01 1.010262e-01 0.146699090  0.185441438  2.000689e-01 1.373409e-01 1           
206:         2.153913e-01 5.121690e-01 0.270467901  0.000000001  1.000000e-09 1.971863e-03 1           
207:         1.000000e-09 2.124943e-01 0.133422473  0.346827823  1.733100e-02 2.899244e-01 1           
208:         1.000000e+00 1.000000e-09 0.000000001  0.000000001  1.000000e-09 1.000000e-09 1           
209:         1.000000e-09 1.000000e-09 0.000000001  0.000000001  1.000000e-09 1.000000e+00 1           
210:         1.000000e+00 1.000000e-09 0.000000001  0.000000001  1.000000e-09 1.000000e-09 1           
211:         3.451523e-01 1.150500e-01 0.539797672  0.000000001  1.000000e-09 1.000002e-09 1           
212:         1.000000e-09 1.000000e-09 0.000000001  0.000000001  1.000000e+00 1.000000e-09 1           
213:         1.000000e-09 1.000000e-09 0.999999995  0.000000001  1.000000e-09 1.000000e-09 1           
214:         1.000000e-09 7.784289e-01 0.221571049  0.000000001  1.000000e-09 1.000000e-09 1           
215:         2.419637e-01 4.324994e-01 0.000000001  0.325536954  1.000000e-09 1.000000e-09 1           
216:         1.000000e+00 1.000000e-09 0.000000001  0.000000001  1.000000e-09 1.000000e-09 1           
217:         8.514114e-01 1.000000e-09 0.000000001  0.107808349  1.000000e-09 4.078028e-02 1           
218:         1.000000e-09 5.104487e-01 0.489551278  0.000000001  1.000000e-09 1.000000e-09 1           
219:         1.000000e-09 5.227624e-01 0.000000001  0.003844974  1.613698e-01 3.120229e-01 1           
220:         1.000000e-09 1.000000e-09 0.000000001  0.999999995  1.000000e-09 1.000000e-09 1           
221:         1.000000e-09 1.000000e-09 0.000000001  0.999999995  1.000000e-09 1.000000e-09 1           
222:         1.000000e+00 1.000000e-09 0.000000001  0.000000001  1.000000e-09 1.000000e-09 1           
223:         1.000000e-09 1.000000e-09 0.000000001  0.296677087  7.033229e-01 1.000000e-09 1           
224:         3.530728e-01 3.904521e-01 0.050667599  0.046914549  1.311613e-01 2.773158e-02 1           
225:         1.000000e-09 1.000000e-09 0.000000001  0.080108545  9.198915e-01 1.000000e-09 1           
226:         5.643103e-01 1.000000e-09 0.000000001  0.128637482  1.000000e-09 3.070522e-01 1           
227:         1.470248e-01 3.264718e-01 0.524829965  0.000000001  1.000000e-09 1.673390e-03 1           
228:         9.768305e-01 1.000000e-09 0.000000001  0.000000001  1.000000e-09 2.316946e-02 1           
229:         1.355344e-01 1.000000e-09 0.367249608  0.000000001  4.177954e-01 7.942066e-02 1           
230:         1.000000e-09 1.000000e-09 0.509846779  0.490153217  1.000000e-09 1.000000e-09 1           
231:         7.069245e-01 1.000000e-09 0.000000001  0.293075538  1.000000e-09 1.000000e-09 1           
232:         1.000000e-09 1.000000e-09 0.446966519  0.000000001  9.132406e-02 4.617094e-01 1           
233:         1.000000e-09 1.000000e-09 0.000000001  0.000000001  1.000000e+00 1.000000e-09 1           
234:         1.633146e-01 1.397313e-01 0.100972642  0.193020992  2.451413e-01 1.578191e-01 1           
235:         1.000000e-09 3.599222e-01 0.000000001  0.640077798  1.000000e-09 1.000000e-09 1           
236:         4.056814e-01 1.000000e-09 0.594317137  0.000000001  1.431796e-06 1.000000e-09 1           
237:         1.000000e-09 1.000000e-09 0.999999995  0.000000001  1.000000e-09 1.000000e-09 1           
238:         1.911555e-09 1.000000e-09 0.000000001  0.999999994  1.000000e-09 1.000000e-09 1           
239:         1.000000e-09 4.050574e-01 0.000000001  0.000000001  4.018034e-01 1.931392e-01 1           
240:         6.808387e-02 1.344763e-01 0.349493155  0.000000001  1.000000e-09 4.479467e-01 1           
241:         1.000000e+00 1.000000e-09 0.000000001  0.000000001  1.000000e-09 1.000000e-09 1           
242:         1.000000e-09 1.000000e-09 0.000000001  0.766435176  2.335648e-01 1.000000e-09 1           
243:         1.000000e-09 1.000000e-09 0.307839850  0.000000001  4.035663e-01 2.885939e-01 1           
244:         1.000000e-09 2.958826e-01 0.421811322  0.000000001  1.000000e-09 2.823061e-01 1           
245:         1.214329e-04 1.000000e-09 0.000000001  0.632959968  3.750594e-02 3.294127e-01 1           
246:         1.000000e-09 3.111186e-01 0.688881396  0.000000001  1.000000e-09 1.000000e-09 1           
247:         3.944055e-01 1.000000e-09 0.000000001  0.252158157  1.000000e-09 3.534363e-01 1           
248:         1.000000e-09 4.460835e-01 0.553916483  0.000000001  1.000000e-09 1.000000e-09 1           
249:         2.906602e-01 2.516747e-01 0.000000001  0.457665069  1.000000e-09 1.000000e-09 1           
250:         9.400557e-02 2.900425e-01 0.029794813  0.337340457  2.396284e-01 9.188253e-03 1           
251:         1.000000e-09 1.000000e-09 0.999999995  0.000000001  1.000000e-09 1.000000e-09 1           
252:         1.000000e-09 1.000000e+00 0.000000001  0.000000001  1.000000e-09 1.000000e-09 1           
253:         2.303589e-01 1.000000e-09 0.000000001  0.302594068  1.743363e-01 2.927107e-01 1           
254:         2.659277e-01 1.000000e-09 0.734072303  0.000000001  1.000000e-09 1.000000e-09 1           
255:         6.168182e-01 1.558726e-01 0.000000001  0.227309265  1.000000e-09 1.000000e-09 1           
256:         1.000000e+00 1.000000e-09 0.000000001  0.000000001  1.000000e-09 1.000000e-09 1           
257:         4.195688e-01 1.000000e-09 0.000000001  0.000000001  5.804312e-01 1.000000e-09 1           
258:         1.000000e-09 1.000000e-09 0.000000001  0.000000001  1.000000e+00 1.000000e-09 1           
259:         9.996239e-01 1.000000e-09 0.000000001  0.000000001  3.760465e-04 1.000000e-09 1           
260:         1.000000e+00 1.000000e-09 0.000000001  0.000000001  1.000000e-09 1.000000e-09 1           
261:         1.234196e-01 2.156319e-01 0.120021672  0.142911739  3.164970e-01 8.151820e-02 1           
262:         1.000000e-09 1.000000e-09 0.000000001  0.000000001  1.000000e+00 1.000000e-09 1           
                       
                       
1:           5.765625e-02 1.829210e-01 0.126897934  0.230747552  2.102728e-01 1.915044e-01 1           
2:           5.805230e-01 1.000000e-09 0.000000001  0.000000001  1.000000e-09 4.194770e-01 1           
3:           1.000000e-09 1.000000e-09 0.000000001  0.409062643  4.417674e-01 1.491700e-01 1           
4:           1.423300e-01 2.032662e-01 0.157623070  0.210537185  1.403839e-01 1.458596e-01 1           
5:           1.000000e-09 1.000000e-09 0.074999712  0.542341621  3.826587e-01 1.000000e-09 1           
6:           1.000000e-09 1.000000e-09 0.000000001  0.999999995  1.000000e-09 1.000000e-09 1           
7:           3.210525e-01 1.000000e-09 0.467045817  0.000000001  1.000000e-09 2.119017e-01 1           
8:           9.999964e-01 1.000000e-09 0.000000001  0.000000001  3.610665e-06 1.000000e-09 1           
9:           4.940100e-02 2.054309e-01 0.057979249  0.271352924  1.601795e-01 2.556564e-01 1           
10:          4.999344e-01 1.000000e-09 0.000000001  0.000000001  5.000656e-01 1.000000e-09 1           
11:          2.183387e-01 3.031456e-01 0.189827723  0.154612844  7.578079e-02 5.829439e-02 1           
12:          9.996804e-01 1.000000e-09 0.000000001  0.000000001  3.195818e-04 1.000000e-09 1           
13:          4.935699e-01 1.000000e-09 0.506430118  0.000000001  1.000000e-09 1.000000e-09 1           
14:          1.000000e-09 1.000000e-09 0.128787231  0.706315200  1.000000e-09 1.648976e-01 1           
15:          1.000000e-09 3.126829e-01 0.303897959  0.000000001  3.834191e-01 1.000000e-09 1           
16:          9.999954e-01 1.000000e-09 0.000000001  0.000000001  4.600290e-06 1.000000e-09 1           
17:          1.000000e+00 1.000000e-09 0.000000001  0.000000001  1.000000e-09 1.000000e-09 1           
18:          1.000000e-09 1.000000e-09 0.212232915  0.385303642  1.705418e-01 2.319217e-01 1           
19:          1.000000e-09 1.000000e-09 0.000000001  0.000000001  1.000000e-09 1.000000e+00 1           
20:          9.009510e-02 1.000000e-09 0.000000001  0.498123324  1.000000e-09 4.117816e-01 1           
21:          2.244262e-01 1.000000e-09 0.545390174  0.230183637  1.000000e-09 1.000000e-09 1           
22:          1.619020e-01 4.073420e-01 0.429550736  0.000000001  1.000000e-09 1.205287e-03 1           
23:          2.267087e-01 1.000000e-09 0.443351285  0.329940057  1.000000e-09 1.000000e-09 1           
24:          1.544790e-01 1.000000e-09 0.347050778  0.285964599  1.000000e-09 2.125056e-01 1           
25:          2.517405e-01 1.000000e-09 0.748259516  0.000000001  1.000000e-09 1.000000e-09 1           
26:          1.000000e-09 1.000000e-09 0.493942656  0.506057340  1.000000e-09 1.000000e-09 1           
27:          1.000000e-09 1.000000e-09 0.000000001  0.999999995  1.000000e-09 1.000000e-09 1           
28:          1.484829e-02 1.974597e-01 0.193060236  0.250057941  1.054992e-01 2.390746e-01 1           
29:          1.087725e-01 1.672935e-01 0.180183417  0.149253984  2.714795e-01 1.230171e-01 1           
30:          1.000000e+00 1.000000e-09 0.000000001  0.000000001  1.000000e-09 1.000000e-09 1           
31:          2.057805e-01 1.491708e-01 0.198194567  0.216098429  3.937543e-02 1.913803e-01 1           
32:          1.936322e-02 2.458303e-01 0.023264434  0.039096533  1.088278e-01 5.636178e-01 1           
33:          1.000000e+00 1.000000e-09 0.000000001  0.000000001  1.000000e-09 1.000000e-09 1           
34:          1.063134e-01 1.000007e-09 0.000000001  0.499999209  3.936874e-01 1.000000e-09 1           
35:          1.000000e-09 1.000000e-09 0.000000001  0.999999995  1.000000e-09 1.000000e-09 1           
36:          8.141743e-01 1.000000e-09 0.000000001  0.185825721  1.000000e-09 1.000000e-09 1           
37:          1.000000e+00 1.000000e-09 0.000000001  0.000000001  1.000000e-09 1.000000e-09 1           
38:          1.000000e-09 1.000000e-09 0.999999995  0.000000001  1.000000e-09 1.000000e-09 1           
39:          6.306092e-01 1.000000e-09 0.000000001  0.000000001  3.693908e-01 1.000000e-09 1           
40:          1.000000e-09 1.000000e-09 0.000000001  0.000000001  1.000000e-09 1.000000e+00 1           
41:          2.106453e-01 2.370532e-01 0.202796061  0.067520492  2.063285e-01 7.565639e-02 1           
42:          1.000000e-09 1.000000e-09 0.001838830  0.342640707  6.555205e-01 1.000000e-09 1           
43:          1.000000e-09 1.000000e-09 0.000000001  0.000000001  1.000000e-09 1.000000e+00 1           
44:          1.000000e+00 1.000000e-09 0.000000001  0.000000001  1.000000e-09 1.000000e-09 1           
45:          7.428483e-01 1.000000e-09 0.000000001  0.000000001  1.000000e-09 2.571517e-01 1           
46:          1.345168e-01 1.652094e-01 0.227967123  0.064304685  2.460193e-01 1.619827e-01 1           
47:          4.999086e-01 1.000000e-09 0.000000001  0.000000001  9.084027e-05 5.000006e-01 1           
48:          1.000000e-09 1.000000e-09 0.131270597  0.113543541  4.835832e-01 2.716027e-01 1           
49:          1.000000e-09 1.000000e-09 0.000000001  0.209950380  7.900496e-01 1.000000e-09 1           
50:          9.997851e-01 1.000000e-09 0.000000001  0.000000001  2.149261e-04 1.000000e-09 1           
51:          1.000000e-09 1.000000e-09 0.404221973  0.426026413  1.000000e-09 1.697516e-01 1           
52:          1.000000e-09 1.000000e-09 0.453960790  0.000000001  5.460392e-01 1.000000e-09 1           
53:          1.571575e-01 8.857086e-02 0.158148759  0.146570432  2.878289e-01 1.617235e-01 1           
54:          2.129777e-01 1.000000e-09 0.296277341  0.313131671  1.000000e-09 1.776133e-01 1           
55:          9.994212e-01 1.000000e-09 0.000000001  0.000000001  5.787891e-04 1.000000e-09 1           
56:          1.000000e-09 1.000000e-09 0.000000001  0.000000001  1.000000e-09 1.000000e+00 1           
57:          1.000000e-09 1.000000e-09 0.000000001  0.999999995  1.000000e-09 1.000000e-09 1           
58:          2.356478e-01 2.090606e-01 0.179835032  0.117461232  8.053379e-02 1.774616e-01 1           
59:          4.221659e-01 1.000000e-09 0.000000001  0.309297265  1.000000e-09 2.685369e-01 1           
60:          3.146282e-02 4.191649e-01 0.233591164  0.180782889  1.049504e-01 3.004782e-02 1           
61:          1.000000e+00 1.000000e-09 0.000000001  0.000000001  1.000000e-09 1.000000e-09 1           
62:          1.000000e-09 1.000000e+00 0.000000001  0.000000001  1.000000e-09 1.000000e-09 1           
63:          2.568259e-01 4.144799e-02 0.105104746  0.126933818  2.331488e-01 2.365387e-01 1           
64:          9.999415e-01 1.000000e-09 0.000000001  0.000000001  5.853980e-05 1.000000e-09 1           
65:          2.079098e-01 6.320593e-02 0.203940990  0.043149085  1.990129e-01 2.827814e-01 1           
66:          1.000000e-09 1.000000e-09 0.000000001  0.000000001  7.966728e-01 2.033272e-01 1           
67:          5.825617e-02 1.372061e-01 0.223458340  0.107436077  1.976771e-01 2.759662e-01 1           
68:          3.232278e-01 1.000000e-09 0.000000001  0.000000001  6.767722e-01 1.000000e-09 1           
69:          1.000000e-09 1.000000e-09 0.000000001  0.999999995  1.000000e-09 1.000000e-09 1           
70:          1.000000e+00 1.000000e-09 0.000000001  0.000000001  1.000000e-09 1.000000e-09 1           
71:          1.713886e-02 2.343541e-01 0.130106279  0.237306537  2.172822e-01 1.638120e-01 1           
72:          7.413315e-01 3.001245e-02 0.221824006  0.000000001  1.000000e-09 6.832075e-03 1           
73:          5.343768e-01 1.000000e-09 0.000000001  0.465623148  1.000000e-09 1.000000e-09 1           
74:          2.648879e-01 2.563416e-01 0.097977526  0.051863542  2.455299e-01 8.339951e-02 1           
75:          1.565337e-01 1.672135e-01 0.263898534  0.006641009  2.380535e-01 1.676598e-01 1           
76:          4.301423e-01 1.000000e-09 0.000000001  0.569857734  1.000000e-09 1.000000e-09 1           
77:          8.386813e-02 1.000008e-09 0.000000001  0.499999405  4.161325e-01 1.000000e-09 1           
78:          8.043804e-02 2.686924e-01 0.650851920  0.000000001  1.000000e-09 1.768429e-05 1           
79:          5.333463e-01 1.000000e-09 0.000000001  0.000000001  2.632717e-01 2.033820e-01 1           
80:          1.000000e-09 1.000000e-09 0.000000001  0.999999995  1.000000e-09 1.000000e-09 1           
81:          6.083307e-02 3.667233e-01 0.122836975  0.243069515  1.966339e-01 9.903203e-03 1           
82:          1.000000e+00 1.000000e-09 0.000000001  0.000000001  1.000000e-09 1.000000e-09 1           
83:          1.000000e-09 1.000000e-09 0.999999995  0.000000001  1.000000e-09 1.000000e-09 1           
84:          2.730569e-01 1.425153e-01 0.112351083  0.028552662  2.673165e-01 1.762076e-01 1           
85:          1.000000e-09 1.000000e-09 0.000000001  0.999999995  1.000000e-09 1.000000e-09 1           
86:          1.000000e-09 1.000000e-09 0.999999995  0.000000001  1.000000e-09 1.000000e-09 1           
87:          9.997063e-01 1.000000e-09 0.000000001  0.000000001  2.936781e-04 1.000000e-09 1           
88:          1.633397e-01 1.954131e-01 0.067403890  0.278798972  7.694009e-02 2.181042e-01 1           
89:          1.000000e-09 4.297280e-01 0.570271961  0.000000001  1.000000e-09 1.000000e-09 1           
90:          1.000000e-09 1.000000e+00 0.000000001  0.000000001  1.000000e-09 1.000000e-09 1           
91:          4.610262e-01 3.881030e-01 0.150870004  0.000000001  1.000000e-09 7.263629e-07 1           
92:          3.344733e-01 1.000000e-09 0.000000001  0.000000001  3.900683e-01 2.754584e-01 1           
93:          1.000000e-09 2.488458e-05 0.797002853  0.202972260  1.000000e-09 1.000000e-09 1           
94:          1.000000e-09 1.000000e-09 0.895927412  0.000000001  1.040726e-01 1.000000e-09 1           
95:          1.000000e-09 1.000000e-09 0.999999995  0.000000001  1.000000e-09 1.000000e-09 1           
96:          3.875651e-02 2.197964e-01 0.740959186  0.000000001  1.000000e-09 4.879104e-04 1           
97:          1.000000e-09 2.250675e-01 0.227653699  0.217532394  1.296179e-01 2.001285e-01 1           
98:          3.683137e-01 1.000000e-09 0.000000001  0.159847221  1.000000e-09 4.718391e-01 1           
99:          2.229032e-01 1.000000e-09 0.237811125  0.231618648  3.350633e-02 2.741607e-01 1           
100:         3.702540e-01 2.548980e-01 0.243876829  0.130971145  1.000000e-09 1.000000e-09 1           
101:         3.475483e-01 2.718072e-01 0.000000001  0.223628282  1.570162e-01 1.000000e-09 1           
102:         1.000000e-09 3.070481e-01 0.000000001  0.156095247  3.405481e-01 1.963085e-01 1           
103:         1.000000e-09 1.000000e-09 0.000000001  0.022317605  9.776824e-01 1.000000e-09 1           
104:         1.000000e-09 1.000000e-09 0.000000001  0.999999995  1.000000e-09 1.000000e-09 1           
105:         7.228808e-03 1.624050e-01 0.075745181  0.210507874  1.854117e-01 3.587013e-01 1           
106:         4.662787e-01 4.521722e-01 0.000000001  0.081549181  1.000000e-09 1.000000e-09 1           
107:         1.000000e-09 1.766422e-01 0.260407360  0.087078071  1.000000e-09 4.758724e-01 1           
108:         1.922416e-01 1.928527e-01 0.056677590  0.164606266  2.938945e-01 9.972741e-02 1           
109:         5.690493e-01 1.000000e-09 0.000000001  0.280670782  1.502799e-01 1.000000e-09 1           
110:         1.530174e-01 1.000000e-09 0.000000001  0.374379181  4.726034e-01 1.000000e-09 1           
111:         1.801701e-01 1.000000e-09 0.352972515  0.466857363  1.000000e-09 1.000000e-09 1           
112:         1.929163e-01 2.185008e-01 0.038353895  0.085491659  2.033059e-01 2.614314e-01 1           
113:         5.868897e-01 1.000000e-09 0.413110287  0.000000001  1.000000e-09 1.000000e-09 1           
114:         9.853020e-02 1.000000e-09 0.000000001  0.434670130  1.000000e-09 4.667997e-01 1           
115:         2.592337e-01 1.000000e-09 0.280132890  0.000000001  1.000000e-09 4.606334e-01 1           
116:         1.000000e-09 2.229444e-01 0.230028108  0.217702556  1.298522e-01 1.994727e-01 1           
117:         7.781225e-01 2.218775e-01 0.000000001  0.000000001  1.000000e-09 1.000000e-09 1           
118:         1.000000e-09 1.000000e-09 0.000000001  0.973802346  2.619765e-02 1.000000e-09 1           
