  1:   0.5061  0.1439  0.3500  1
  2:   0.0000  0.0003  0.9997  1
  3:   0.0099  0.0660  0.9241  1
  4:   0.0000  0.0394  0.9606  1
  5:   0.1627  0.0196  0.8176  1
  6:   0.0043  0.0000  0.9957  1
  7:   0.0760  0.1630  0.7610  1
  8:   0.5124  0.4876  0.0000  1
  9:   0.0009  0.0680  0.9311  1
 10:   0.5186  0.4814  0.0000  1
 11:   1.0000  0.0000  0.0000  1
 12:   0.0000  0.0625  0.9375  1
 13:   0.0000  0.2931  0.7069  1
 14:   0.0733  0.0000  0.9267  1
 15:   0.0988  0.0242  0.8770  1
 16:   0.4785  0.0000  0.5215  1
 17:   0.0001  0.0000  0.9999  1
 18:   0.0000  0.0838  0.9162  1
 19:   0.1756  0.0347  0.7897  1
 20:   0.2801  0.0007  0.7192  1
 21:   0.2395  0.0166  0.7439  1
 22:   0.0000  0.4907  0.5093  1
 23:   0.9448  0.0154  0.0398  1
 24:   0.3467  0.0000  0.6533  1
 25:   0.0777  0.0000  0.9223  1
 26:   0.4257  0.5743  0.0000  1
 27:   0.6951  0.0000  0.3049  1
 28:   0.4728  0.2093  0.3178  1
 29:   0.4942  0.0133  0.4925  1
 30:   0.3667  0.0559  0.5773  1
 31:   0.3775  0.0000  0.6225  1
 32:   0.0000  0.2083  0.7917  1
 33:   0.1891  0.2426  0.5683  1
 34:   0.0447  0.1937  0.7616  1
 35:   0.0000  0.0086  0.9914  1
 36:   0.0000  0.0000  1.0000  1
 37:   0.0000  0.0000  1.0000  1
 38:   0.0741  0.2100  0.7159  1
 39:   0.5802  0.0000  0.4198  1
 40:   0.0000  0.0000  1.0000  1
 41:   0.0000  0.0000  1.0000  1
 42:   0.0000  0.3349  0.6651  1
 43:   1.0000  0.0000  0.0000  1
 44:   1.0000  0.0000  0.0000  1
 45:   0.8674  0.1326  0.0000  1
 46:   0.0834  0.9166  0.0000  1
 47:   0.9258  0.0000  0.0742  1
 48:   1.0000  0.0000  0.0000  1
 49:   0.7831  0.2169  0.0000  1
 50:   0.9052  0.0001  0.0947  1
 51:   0.6064  0.3936  0.0000  1
 52:   0.4200  0.5800  0.0000  1
 53:   1.0000  0.0000  0.0000  1
 54:   1.0000  0.0000  0.0000  1
 55:   1.0000  0.0000  0.0000  1
 56:   0.8032  0.1968  0.0000  1
 57:   0.4714  0.3362  0.1924  1
 58:   0.0000  1.0000  0.0000  1
 59:   0.3601  0.6399  0.0000  1
 60:   0.0000  1.0000  0.0000  1
 61:   0.0000  1.0000  0.0000  1
 62:   0.2974  0.7026  0.0000  1
 63:   0.2745  0.7255  0.0000  1
 64:   0.3003  0.6997  0.0000  1
 65:   0.0000  0.3650  0.6350  1
 66:   0.3546  0.0000  0.6454  1
 67:   0.2340  0.5702  0.1958  1
 68:   0.4665  0.5335  0.0000  1
 69:   0.0000  0.0395  0.9605  1
 70:   0.0000  0.1420  0.8580  1
 71:   0.6166  0.3834  0.0000  1
 72:   0.6364  0.3636  0.0000  1
 73:   0.3446  0.6554  0.0000  1
 74:   0.8125  0.1875  0.0000  1
 75:   0.3507  0.6493  0.0000  1
 76:   0.4756  0.5244  0.0000  1
 77:   0.7000  0.3000  0.0000  1
 78:   0.7427  0.2573  0.0000  1
 79:   0.0000  1.0000  0.0000  1
 80:   0.0961  0.3623  0.5415  1
 81:   0.4225  0.5775  0.0000  1
 82:   0.0000  1.0000  0.0000  1
 83:   0.0000  1.0000  0.0000  1
 84:   0.1723  0.8277  0.0000  1
 85:   0.5668  0.4332  0.0000  1
 86:   0.0000  1.0000  0.0000  1
 87:   0.3080  0.6652  0.0268  1
 88:   0.1577  0.1009  0.7414  1
 89:   0.0000  1.0000  0.0000  1
 90:   0.0000  0.3251  0.6749  1
 91:   0.7565  0.2435  0.0000  1
 92:   0.6021  0.3979  0.0000  1
 93:   0.4815  0.5185  0.0000  1
 94:   0.3986  0.6014  0.0000  1
 95:   0.7620  0.2380  0.0000  1
 96:   0.5041  0.4959  0.0000  1
 97:   0.7000  0.3000  0.0000  1
 98:   0.0000  1.0000  0.0000  1
 99:   0.3002  0.6998  0.0000  1
100:   0.2269  0.7731  0.0000  1
101:   0.7257  0.2743  0.0000  1
102:   0.0000  0.0755  0.9245  1
103:   0.1253  0.4254  0.4493  1
104:   0.0000  0.0000  1.0000  1
105:   0.0000  0.0000  1.0000  1
106:   0.2175  0.0000  0.7825  1
107:   0.0102  0.0542  0.9356  1
108:   0.0000  0.0000  1.0000  1
109:   0.0000  0.0000  1.0000  1
110:   0.0827  0.0447  0.8725  1
111:   0.0174  0.0000  0.9826  1
112:   0.0000  0.0998  0.9002  1
113:   0.0000  0.0000  1.0000  1
114:   0.1974  0.0000  0.8026  1
115:   0.0000  0.0000  1.0000  1
116:   0.0000  0.0000  1.0000  1
117:   0.0000  0.0642  0.9358  1
118:   0.4438  0.0649  0.4913  1
119:   0.0960  0.0264  0.8776  1
120:   0.1081  0.0000  0.8919  1
121:   0.2828  0.0580  0.6593  1
122:   0.0001  0.1825  0.8174  1
123:   0.0000  0.4211  0.5789  1
124:   0.0000  0.2362  0.7638  1
125:   0.0406  0.0902  0.8692  1
126:   0.0041  0.1288  0.8672  1
127:   0.0000  0.0000  1.0000  1
128:   0.0685  0.0321  0.8995  1
129:   0.0000  0.0000  1.0000  1
130:   0.0000  0.1432  0.8568  1
131:   0.4313  0.5687  0.0000  1
132:   0.0000  1.0000  0.0000  1
133:   0.0000  1.0000  0.0000  1
134:   0.0000  1.0000  0.0000  1
135:   0.1775  0.8225  0.0000  1
136:   0.7000  0.3000  0.0000  1
137:   0.7682  0.2318  0.0000  1
138:   0.7428  0.2572  0.0000  1
139:   1.0000  0.0000  0.0000  1
140:   0.2738  0.7262  0.0000  1
141:   0.5105  0.4895  0.0000  1
142:   0.5524  0.1924  0.2553  1
143:   0.4560  0.4578  0.0861  1
144:   0.0000  1.0000  0.0000  1
145:   0.3768  0.6232  0.0000  1
146:   0.4241  0.5759  0.0000  1
147:   0.8196  0.1804  0.0000  1
148:   0.0000  0.9199  0.0801  1
149:   0.2996  0.7004  0.0000  1
150:   0.0299  0.6060  0.3642  1
151:   0.1607  0.5032  0.3360  1
152:   0.0584  0.9416  0.0000  1
153:   0.7505  0.2495  0.0000  1
154:   0.0000  1.0000  0.0000  1
155:   0.7704  0.2296  0.0000  1
156:   0.6985  0.1701  0.1314  1
157:   0.6890  0.2865  0.0245  1
158:   0.4226  0.5774  0.0000  1
159:   0.0000  0.6643  0.3357  1
160:   0.0000  1.0000  0.0000  1
161:   0.0000  1.0000  0.0000  1
162:   0.8286  0.1714  0.0000  1
163:   0.3931  0.6036  0.0033  1
164:   0.1515  0.8485  0.0000  1
165:   0.2116  0.5900  0.1985  1
166:   0.2314  0.7686  0.0000  1
167:   0.4040  0.5960  0.0000  1
168:   0.4395  0.5605  0.0000  1
169:   0.0135  0.9865  0.0000  1
170:   0.1712  0.8288  0.0000  1
171:   0.0000  1.0000  0.0000  1
172:   0.0000  1.0000  0.0000  1
173:   0.6916  0.3084  0.0000  1
174:   0.3404  0.6596  0.0000  1
175:   0.9997  0.0003  0.0000  1
176:   0.9309  0.0691  0.0000  1
177:   1.0000  0.0000  0.0000  1
178:   1.0000  0.0000  0.0000  1
179:   1.0000  0.0000  0.0000  1
180:   1.0000  0.0000  0.0000  1
181:   0.0000  0.2452  0.7548  1
